ID,prediction,LoGoFunc_Neutral,LoGoFunc_GOF,LoGoFunc_LOF
25546,Neutral,0.37565203154296045,0.26021034067283993,0.3641376277841996
25547,Neutral,0.3749845838107262,0.2610097924811549,0.3640056237081189
25548,Neutral,0.3578609061833135,0.28663209978624365,0.35550699403044284
25549,Neutral,0.3576136480789197,0.286494983598903,0.3558913683221773
25550,LOF,0.3526052758932122,0.2912468519626329,0.35614787214415483
25551,LOF,0.35450011516151597,0.28948994524320293,0.3560099395952812
25552,LOF,0.3527865084575495,0.28937287649565596,0.3578406150467946
25553,Neutral,0.364082154459485,0.28187433940520634,0.3540435061353086
25554,Neutral,0.3562961999669331,0.28751930459321356,0.3561844954398534
25555,LOF,0.35376428941530313,0.2882680744619766,0.3579676361227203
25556,Neutral,0.3582355569399431,0.28634629032823034,0.35541815273182664
25557,LOF,0.35458777681752385,0.28667023449186196,0.35874198869061424
25558,Neutral,0.38238800353103075,0.23923400413820495,0.3783779923307642
25559,LOF,0.3396399740035411,0.31834097447132714,0.3420190515251317
25560,LOF,0.3415310186465648,0.3051158049489096,0.3533531764045256
25561,LOF,0.33282058519150953,0.3229529917502482,0.3442264230582422
25562,LOF,0.3396361553110804,0.30986774235594905,0.3504961023329706
25563,LOF,0.3373306868375,0.3109500539930271,0.35171925916947283
25564,LOF,0.34328125327547,0.30823441551959246,0.34848433120493755
25565,LOF,0.34537493206429837,0.29228927167965507,0.3623357962560466
25566,LOF,0.3315203378865998,0.3298654646553146,0.33861419745808563
25567,LOF,0.3599034782913922,0.24587202965437505,0.3942244920542327
25568,LOF,0.38265081925395633,0.21844246950471774,0.3989067112413259
25569,LOF,0.34472517220850585,0.28087927260078593,0.3743955551907082
25570,LOF,0.3302409298529381,0.27478124573389456,0.3949778244131673
25571,LOF,0.34429316347686895,0.2438016070973133,0.41190522942581786
25572,LOF,0.34827464025809346,0.28426098890634605,0.36746437083556044
25573,LOF,0.34670320956317296,0.27988877746088925,0.3734080129759378
25574,LOF,0.3380709841687869,0.2936738433430724,0.3682551724881407
25575,LOF,0.3105580074627647,0.31788936261911294,0.37155262991812227
25576,LOF,0.33187256171131563,0.2970190100656739,0.37110842822301043
25577,LOF,0.3376869312226022,0.29659248312724446,0.3657205856501534
25578,Neutral,0.3611838767152553,0.2788718102158037,0.359944313068941
25579,LOF,0.35929976149520665,0.28128531787173944,0.3594149206330539
25580,LOF,0.31591105294285976,0.3246898669115026,0.35939908014563765
25581,LOF,0.3429512218017836,0.27391519220084254,0.38313358599737385
25582,LOF,0.3535106087676262,0.27493504345397185,0.37155434777840196
25583,LOF,0.32955331871965865,0.2871373076604148,0.3833093736199265
25584,Neutral,0.3781343819202796,0.26113636851631755,0.3607292495634028
25585,LOF,0.3405040839197887,0.305012225448301,0.3544836906319103
25586,LOF,0.3263336887257749,0.3127963827931246,0.3608699284811005
25587,LOF,0.3194501219556771,0.3253396864539466,0.35521019159037615
25588,LOF,0.32327619153473836,0.3221355871782909,0.3545882212869707
25589,LOF,0.35489001393692665,0.2812318636698808,0.3638781223931925
25590,LOF,0.34676496056090067,0.2948239459716855,0.3584110934674139
25591,LOF,0.3613040425593184,0.27207854756360406,0.36661740987707747
25592,LOF,0.3290504040258887,0.31125809237319524,0.359691503600916
25593,LOF,0.35229503950224006,0.28243932878119254,0.36526563171656734
25594,LOF,0.3366873121775386,0.32021249074449804,0.34310019707796335
25595,LOF,0.3387037401459447,0.319206383595945,0.3420898762581104
25596,LOF,0.34067860737434014,0.31275261293981643,0.34656877968584343
25597,LOF,0.332989024828332,0.31765808996904876,0.34935288520261926
25598,LOF,0.3431632391519342,0.30574822935521057,0.3510885314928552
25599,LOF,0.32524587013385303,0.31795409897968957,0.35680003088645745
25600,LOF,0.34053314823799535,0.30529742710605273,0.35416942465595197
25601,LOF,0.33392461762899267,0.310018639033847,0.3560567433371603
25602,LOF,0.3354387529323951,0.315286937345834,0.3492743097217709
25603,LOF,0.33048190215064543,0.32073437983627917,0.3487837180130753
25604,LOF,0.3324434228704217,0.3186979354889339,0.34885864164064445
25605,LOF,0.3283399729033455,0.32071785863719365,0.3509421684594609
25606,LOF,0.3413891277084486,0.3171026044692389,0.34150826782231253
25607,LOF,0.3190008889925623,0.3265017621169407,0.354497348890497
25608,LOF,0.3254360828575806,0.3293199562193643,0.34524396092305526
25609,LOF,0.33403685164340413,0.32687312787816813,0.3390900204784277
25610,LOF,0.34441780906851255,0.293466501677503,0.36211568925398446
25611,LOF,0.3445025770235588,0.2901558026892952,0.36534162028714595
25612,LOF,0.340993429491229,0.3010093914299826,0.3579971790787883
25613,LOF,0.33630836195177083,0.29858837739522687,0.3651032606530023
25614,LOF,0.3268524926421689,0.3262829707972858,0.34686453656054533
25615,LOF,0.33470418690931897,0.3158307716784584,0.3494650414122225
25616,LOF,0.3343305776255424,0.3176307979548828,0.3480386244195748
25617,LOF,0.33203180466592175,0.3198809642006974,0.3480872311333809
25618,LOF,0.3266894580833105,0.32553022532783404,0.3477803165888555
25619,LOF,0.31968453854883216,0.3296162702109077,0.35069919124026006
25620,LOF,0.3352154222485317,0.3176623203129705,0.3471222574384979
25621,LOF,0.3387748557857468,0.30629697345981893,0.3549281707544343
25622,LOF,0.34061665830344756,0.3109270345359963,0.3484563071605562
25623,LOF,0.3345047125068235,0.31852624323203266,0.34696904426114383
25624,LOF,0.32521824675776695,0.3260965001627304,0.34868525307950254
25625,LOF,0.33720257521721675,0.3121830248852278,0.35061439989755544
25626,LOF,0.3383528508047758,0.305320651083466,0.3563264981117582
25627,Neutral,0.3884493115727776,0.24902461428782593,0.36252607413939647
25628,LOF,0.359563245573265,0.27744966418625944,0.36298709024047554
25629,LOF,0.3536160582734806,0.2894500458221753,0.35693389590434405
25630,LOF,0.3612769011371418,0.2729789100215641,0.36574418884129406
25631,Neutral,0.3638238380611544,0.2754182943088967,0.3607578676299488
25632,LOF,0.351887446133217,0.2879055221547647,0.36020703171201834
25633,Neutral,0.3533185831256057,0.2954245013380857,0.3512569155363086
25634,LOF,0.3465419442803046,0.2965947015102862,0.3568633542094092
25635,LOF,0.34127778166564804,0.3042555705884061,0.35446664774594583
25636,LOF,0.32825901661068274,0.3269589664331238,0.3447820169561935
25637,LOF,0.32270767433197073,0.3334174999322972,0.343874825735732
25638,LOF,0.33118885602551273,0.32671940145641276,0.3420917425180745
25639,LOF,0.31551008454868384,0.31391878265817813,0.37057113279313797
25640,Neutral,0.33807689967507587,0.32926593089995715,0.33265716942496704
25641,LOF,0.3301619578718009,0.3279066318701578,0.3419314102580412
25642,LOF,0.33125549275061583,0.3214954945905231,0.3472490126588611
25643,LOF,0.3370289325893042,0.3192266673141468,0.3437444000965489
25644,LOF,0.3283247799290994,0.30451455290410645,0.36716066716679413
25645,LOF,0.3411131742458167,0.2967910997397483,0.36209572601443496
25646,LOF,0.33664969291811586,0.3066934070562709,0.35665690002561323
25647,LOF,0.32362195724390663,0.3132554925773211,0.3631225501787723
25648,LOF,0.29938147501134754,0.3237695493778647,0.37684897561078784
25649,LOF,0.3232255137094895,0.29645601634482555,0.380318469945685
25650,LOF,0.3436351606290093,0.2926590760265217,0.363705763344469
25651,LOF,0.323479245770067,0.30018408393763946,0.37633667029229356
25652,LOF,0.34898696919958583,0.2783835679918277,0.37262946280858644
25653,LOF,0.3350343632670955,0.29983960481461214,0.3651260319182923
25654,LOF,0.32348517221625667,0.3152675010995783,0.36124732668416504
25655,LOF,0.3242635154067341,0.3113885010779775,0.3643479835152885
25656,LOF,0.3437128527248305,0.30623394540986715,0.35005320186530237
25657,LOF,0.33638513847433216,0.3092263676153935,0.35438849391027427
25658,Neutral,0.3472901028287302,0.30646947690731785,0.3462404202639519
25659,LOF,0.343935175995166,0.3033369781054493,0.35272784589938466
25660,LOF,0.3252541571385144,0.3242507941191536,0.350495048742332
25661,LOF,0.335195876339724,0.312638226135713,0.35216589752456295
25662,LOF,0.33738040923613033,0.3108870556063373,0.35173253515753244
25663,LOF,0.3352494097448538,0.3152898493615375,0.3494607408936088
25664,LOF,0.35705464734907666,0.28582324016301885,0.35712211248790454
25665,LOF,0.3454673476224907,0.3036307931826587,0.3509018591948506
25666,LOF,0.3430069354780325,0.3085875322804517,0.3484055322415157
25667,LOF,0.335493440422165,0.3133319085216626,0.35117465105617235
25668,LOF,0.33733478192174965,0.3115807994445567,0.3510844186336936
25669,LOF,0.33310975080670785,0.316115516381592,0.35077473281170013
25670,LOF,0.34224585042162436,0.30769967436217005,0.35005447521620564
25671,LOF,0.3387647006368824,0.3142147515901483,0.3470205477729693
25672,LOF,0.34363628057798623,0.3046009201206567,0.3517627993013571
25673,LOF,0.3519266491213211,0.28665215605241906,0.3614211948262599
25674,LOF,0.3495050169993554,0.28894432556968047,0.36155065743096404
25675,LOF,0.3423565513577951,0.29461357690926904,0.363029871732936
25676,LOF,0.32454196697393345,0.3274921742394687,0.34796585878659786
25677,LOF,0.32709919222454403,0.3205861574918934,0.3523146502835626
25678,LOF,0.33438320970237456,0.3168716748964476,0.3487451154011779
25679,LOF,0.3394926102669932,0.3102602775807646,0.35024711215224225
25680,LOF,0.3276105646604612,0.3239113590049879,0.3484780763345508
25681,LOF,0.3308463775049265,0.32102180408505415,0.3481318184100194
25682,LOF,0.3401612550670351,0.3123049682447559,0.34753377668820906
25683,LOF,0.3441873995360091,0.30897356586913327,0.3468390345948576
25684,LOF,0.333043290841881,0.3179287511161343,0.34902795804198467
25685,LOF,0.3519566973773623,0.28306439766394403,0.36497890495869373
25686,LOF,0.36554214410877306,0.24646770958000133,0.3879901463112257
25687,LOF,0.3524713697397921,0.2709929443086657,0.3765356859515422
25688,Neutral,0.36274100733074166,0.2767970737544313,0.360461918914827
25689,LOF,0.367983970112968,0.2621333136399132,0.3698827162471188
25690,Neutral,0.37867865300439163,0.2633199305420685,0.35800141645353994
25691,Neutral,0.389563349660885,0.23727427834291906,0.3731623719961959
25692,Neutral,0.3608384083600034,0.2844529153163579,0.35470867632363867
25693,LOF,0.32019486467376784,0.3383726825235441,0.3414324528026881
25694,LOF,0.34375911860662467,0.30199099002775615,0.35424989136561913
25695,LOF,0.3433782275283908,0.2997859017587382,0.35683587071287104
25696,LOF,0.3421225281057457,0.30564855060459495,0.35222892128965944
25697,LOF,0.3397950094573417,0.31511805558394884,0.3450869349587094
25698,Neutral,0.3377471787199446,0.3279051888243716,0.3343476324556837
25699,LOF,0.3431491289047278,0.3112833242501579,0.3455675468451142
25700,LOF,0.34120549284540364,0.29727614010159253,0.3615183670530038
25701,LOF,0.3317853111817843,0.3199476570744048,0.34826703174381096
25702,Neutral,0.3678271887342541,0.29108408369698996,0.3410887275687559
25703,LOF,0.3520683773231767,0.26970310613646997,0.3782285165403533
25704,LOF,0.3292589166542073,0.3077909251901604,0.36295015815563236
25705,LOF,0.3276844754019127,0.32721011284406887,0.3451054117540185
25706,GOF,0.3169208166887942,0.3530211445103052,0.3300580388009006
25707,LOF,0.30839746822266506,0.3437875604219403,0.3478149713553946
25708,LOF,0.3138931663984294,0.33704049757030186,0.3490663360312688
25709,LOF,0.33073092900737333,0.3217217814702831,0.3475472895223436
25710,LOF,0.3152490980751808,0.33719240575639037,0.34755849616842877
25711,LOF,0.3245400560769262,0.32898110674419295,0.3464788371788808
25712,LOF,0.3182956005657215,0.3351698392236127,0.3465345602106658
25713,LOF,0.3229613710530704,0.33042441081865714,0.3466142181282724
25714,LOF,0.32998927143525875,0.3245366019951796,0.3454741265695617
25715,LOF,0.3184438573851067,0.3326498112811839,0.34890633133370935
25716,LOF,0.31505319311119095,0.3368604026922061,0.3480864041966029
25717,LOF,0.32036323299301,0.3317892721923527,0.34784749481463734
25718,LOF,0.31735803817845154,0.33409971894563795,0.34854224287591057
25719,LOF,0.3179352600426732,0.33420613806501126,0.3478586018923155
25720,LOF,0.323663033714888,0.3283973164807451,0.34793964980436687
25721,LOF,0.31474084556859094,0.33682588593818,0.348433268493229
25722,LOF,0.3163732521042221,0.3349323657698919,0.34869438212588605
25723,LOF,0.3255439951514625,0.32628534360008504,0.3481706612484524
25724,LOF,0.31730911593831546,0.33233082188421975,0.3503600621774648
25725,LOF,0.314174686228548,0.33544740417352437,0.3503779095979276
25726,LOF,0.31785198567559403,0.3335514286878614,0.34859658563654455
25727,LOF,0.31946643056252216,0.33070559270850935,0.3498279767289684
25728,LOF,0.31725324039389796,0.33359916556169567,0.3491475940444064
25729,LOF,0.31409351579622197,0.3365340391470459,0.3493724450567322
25730,LOF,0.3153659638999213,0.33533982998653905,0.34929420611353956
25731,LOF,0.3207610424945607,0.3119783405645008,0.3672606169409384
25732,LOF,0.320825285388421,0.32928805324671123,0.3498866613648678
25733,LOF,0.3201737618029029,0.3308127437258187,0.3490134944712784
25734,LOF,0.31448050306104114,0.3332361133338851,0.3522833836050737
25735,LOF,0.3197284671108923,0.33090101560716784,0.3493705172819398
25736,LOF,0.319657903718462,0.3317805795124654,0.3485615167690726
25737,LOF,0.32373036292611235,0.33003871414232283,0.3462309229315649
25738,LOF,0.3227523284998403,0.33183415052537624,0.34541352097478345
25739,LOF,0.327598679327962,0.3253488378358901,0.34705248283614787
25740,LOF,0.3253788188830308,0.330086818906856,0.3445343622101133
25741,LOF,0.3205198301859036,0.3331480628329411,0.3463321069811553
25742,LOF,0.3324018431022051,0.3224529705570207,0.3451451863407743
25743,LOF,0.32875856460995295,0.31866566744815494,0.35257576794189216
25744,LOF,0.3404309332401677,0.31487908960934496,0.3446899771504873
25745,LOF,0.3352343563049406,0.28668039029294123,0.3780852534021182
25746,LOF,0.3321423396017441,0.2912989728447103,0.3765586875535456
25747,LOF,0.3450277302331468,0.29343588752254707,0.36153638224430606
25748,LOF,0.3390545641021484,0.3106478482798282,0.35029758761802343
25749,LOF,0.33334573591344024,0.26757735504989166,0.39907690903666804
25750,LOF,0.33932810415007597,0.28298677223676016,0.3776851236131638
25751,LOF,0.337815816925443,0.31596572613473156,0.34621845693982534
25752,LOF,0.3262000813067927,0.3238153254582475,0.34998459323495995
25753,LOF,0.3184370724766243,0.3369001248535249,0.3446628026698509
25754,GOF,0.30420114857121655,0.35098485175990396,0.3448139996688795
25755,LOF,0.31625179689823824,0.3407475828382226,0.3430006202635392
25756,LOF,0.32959550364420215,0.33079692009336414,0.33960757626243376
25757,GOF,0.3007630672601643,0.35553844332575224,0.3436984894140834
25758,GOF,0.31067424912055647,0.346511774099839,0.3428139767796045
25759,GOF,0.2907028940565097,0.37439682519667666,0.33490028074681366
25760,LOF,0.3157627430308329,0.33989728038615014,0.3443399765830169
25761,GOF,0.3243624670036276,0.33815180482592305,0.33748572817044936
25762,LOF,0.33031935852120364,0.3299863920532144,0.33969424942558196
25763,LOF,0.3103636655742637,0.34229941996819147,0.3473369144575448
25764,LOF,0.3286709688522987,0.32165575253551615,0.34967327861218506
25765,GOF,0.30765420218441014,0.36406149019011563,0.3282843076254742
25766,GOF,0.3148366523885471,0.3531325265592619,0.33203082105219095
25767,Neutral,0.3494853241352509,0.32892883860495475,0.3215858372597944
25768,LOF,0.3403745122545986,0.3126432025049297,0.3469822852404717
25769,LOF,0.3323475414449542,0.3188136026198801,0.34883885593516567
25770,LOF,0.33867893768719287,0.3130079899143003,0.34831307239850684
25771,LOF,0.3273270560429238,0.32732584236632145,0.3453471015907548
25772,LOF,0.3240943456578306,0.32762438272901423,0.34828127161315525
25773,LOF,0.3346645461691021,0.3197693039926706,0.3455661498382273
25774,LOF,0.33664258718372736,0.317088148891724,0.3462692639245486
25775,LOF,0.35872749489204286,0.26501910459018263,0.3762534005177746
25776,LOF,0.33484929103375033,0.3180127845455985,0.34713792442065117
25777,Neutral,0.3443920220599249,0.3121702196678379,0.34343775827223716
25778,LOF,0.3333382680899939,0.31982184015322895,0.3468398917567772
25779,Neutral,0.33521845637308756,0.33152987745691703,0.33325166616999546
25780,LOF,0.3377672764702069,0.3199429149285071,0.34228980860128594
25781,LOF,0.3313474971752331,0.3283548978865272,0.34029760493823963
25782,GOF,0.33055912645362157,0.3361423714525769,0.3332985020938016
25783,GOF,0.30420896532056857,0.3582916932367568,0.3374993414426745
25784,Neutral,0.3462009198070767,0.3105329830574213,0.34326609713550205
25785,Neutral,0.3362011950104955,0.33134378794532504,0.33245501704417946
25786,LOF,0.31172455932557014,0.33043594705407936,0.35783949362035056
25787,Neutral,0.3411594371066507,0.3253961700644492,0.33344439282890004
25788,LOF,0.3335239476987409,0.32263762121660355,0.3438384310846555
25789,GOF,0.33142174283617754,0.3378199545460133,0.33075830261780914
25790,Neutral,0.33499487854112014,0.33359326575962733,0.3314118556992525
25791,LOF,0.3257207261313127,0.33512892420577534,0.3391503496629119
25792,LOF,0.3371184671789787,0.3235046728513933,0.339376859969628
25793,LOF,0.33518190866531405,0.32478192663709704,0.34003616469758885
25794,LOF,0.31295990187741435,0.3413835705882974,0.3456565275342883
25795,LOF,0.3076004790369186,0.34341300781134226,0.3489865131517391
25796,LOF,0.33490425539898006,0.3280127438035823,0.3370830007974375
25797,LOF,0.3256436240200561,0.3306267996202376,0.3437295763597063
25798,LOF,0.30158656788854193,0.3426622429128199,0.3557511891986382
25799,LOF,0.29904662385699243,0.34611101355372886,0.3548423625892787
25800,LOF,0.324666588391144,0.3348463832728534,0.34048702833600264
25801,LOF,0.33081578448441673,0.3323670019832651,0.33681721353231825
25802,LOF,0.3142856100600136,0.3335073011570733,0.35220708878291324
25803,LOF,0.3251437829346185,0.3343839294559995,0.3404722876093821
25804,LOF,0.30596256120496546,0.3438297743829765,0.350207664412058
25805,LOF,0.32440759523470364,0.3371849878316765,0.3384074169336198
25806,LOF,0.32612386117133324,0.33407540660838814,0.3398007322202787
25807,LOF,0.29970898887603004,0.3499381593755493,0.35035285174842073
25808,LOF,0.3207045793339659,0.33649548744038893,0.34279993322564517
25809,LOF,0.2983665893567118,0.3488834575454457,0.35274995309784246
25810,GOF,0.2970456839745666,0.3518651884726399,0.3510891275527934
25811,LOF,0.3508444613075718,0.2970859854776215,0.35206955321480676
25812,LOF,0.32154892413697633,0.2962085240835511,0.38224255177947253
25813,LOF,0.34693079057954823,0.29644058110419136,0.3566286283162604
25814,LOF,0.3331218750525203,0.3065709678562675,0.3603071570912123
25815,LOF,0.3387765172971815,0.30317681164046334,0.35804667106235516
25816,LOF,0.31280100032101116,0.31722046309162316,0.3699785365873657
25817,LOF,0.3388571344355823,0.3066429757864798,0.35449988977793784
25818,GOF,0.299961220919155,0.351549858588109,0.34848892049273605
25819,LOF,0.3381204440787725,0.3208083605905059,0.3410711953307215
25820,LOF,0.31300280312511836,0.32211905982748895,0.3648781370473927
25821,LOF,0.31085233409944685,0.32356081792975394,0.36558684797079916
25822,LOF,0.31528966040567546,0.3212285480709214,0.36348179152340315
25823,LOF,0.2984081414001276,0.31369529465163887,0.38789656394823363
25824,LOF,0.30742478553721286,0.3245628964817616,0.36801231798102557
25825,LOF,0.3042191493814142,0.3286252211105744,0.3671556295080114
25826,LOF,0.30462812215724766,0.3266329465661805,0.36873893127657187
25827,LOF,0.3171370543702236,0.32814587944219376,0.3547170661875826
25828,LOF,0.2904581646095734,0.34281452027322706,0.36672731511719947
25829,GOF,0.30877264018840317,0.3471298243044764,0.3440975355071204
25830,LOF,0.3267458573912996,0.328836402849563,0.3444177397591374
25831,LOF,0.33078848832685215,0.33309226542803616,0.3361192462451117
25832,LOF,0.30677578670099825,0.3435541727506087,0.34967004054839307
25833,LOF,0.32823564283533735,0.3326671206172575,0.3390972365474051
25834,LOF,0.30672021631326035,0.34237435574048775,0.35090542794625196
25835,LOF,0.32999349315337934,0.33092611038705116,0.33908039645956944
25836,LOF,0.32495999139780546,0.33524256001935565,0.33979744858283895
25837,LOF,0.3055515730402443,0.34256288730063605,0.3518855396591197
25838,LOF,0.3259567958898694,0.3335054518753648,0.34053775223476573
25839,LOF,0.33031792916947594,0.3341035920278577,0.3355784788026663
25840,LOF,0.3325726691471232,0.32807089017479585,0.33935644067808096
25841,LOF,0.32938391337614437,0.3299746539571792,0.3406414326666765
25842,LOF,0.3310974907869722,0.3299985531869028,0.33890395602612505
25843,LOF,0.32932834355085583,0.3341239702099652,0.336547686239179
25844,LOF,0.3051214588086947,0.34733079423164964,0.34754774695965573
25845,LOF,0.30278676484408573,0.34665016050733466,0.3505630746485796
25846,GOF,0.32357454378730327,0.3389360487398257,0.337489407472871
25847,LOF,0.32990061295497586,0.3321430977011475,0.33795628934387667
25848,GOF,0.31966634402612,0.3426558488765146,0.33767780709736533
25849,GOF,0.2991262085695028,0.3532447799369772,0.34762901149352
25850,GOF,0.31802817870514405,0.3449879600420224,0.33698386125283347
25851,GOF,0.3019672520163462,0.3506406620025632,0.3473920859810905
25852,GOF,0.32341394039618704,0.34065557237496524,0.33593048722884766
25853,LOF,0.33333410714877654,0.3317245566847748,0.3349413361664487
25854,GOF,0.30995547522532013,0.3478166597902928,0.34222786498438706
25855,LOF,0.29986883212920706,0.34796354708726934,0.35216762078352354
25856,LOF,0.3087065436556206,0.3415836803397146,0.3497097760046647
25857,LOF,0.3057428921367419,0.3421790145005784,0.3520780933626798
25858,LOF,0.3047617144846702,0.3435359413054625,0.3517023442098673
25859,LOF,0.3004353565916185,0.3485475594688441,0.3510170839395373
25860,LOF,0.3331532909518391,0.32942999841242115,0.3374167106357398
25861,LOF,0.33787950179069925,0.32360501400335695,0.33851548420594374
25862,LOF,0.31044943677885445,0.34104886711808574,0.3485016961030598
25863,LOF,0.32636199156377305,0.3321509789741415,0.34148702946208537
25864,LOF,0.350531735214264,0.2921037622057399,0.35736450257999597
25865,LOF,0.3337861831490495,0.31282286843561324,0.35339094841533725
25866,GOF,0.30543402109038253,0.35544768822587636,0.3391182906837412
25867,GOF,0.303064261108238,0.359759272431915,0.337176466459847
25868,LOF,0.3168033008145956,0.3302695763729071,0.35292712281249733
25869,Neutral,0.34467836946364233,0.3178353706889101,0.33748625984744746
25870,LOF,0.33770739675661937,0.3238102796983672,0.33848232354501345
25871,LOF,0.3367127844869349,0.32582925772187926,0.33745795779118587
25872,LOF,0.3116781372489422,0.3436008000075826,0.3447210627434752
25873,LOF,0.33133256610658657,0.33104818329085645,0.33761925060255704
25874,LOF,0.3304967404565506,0.32396122711644654,0.34554203242700293
25875,LOF,0.3268937597023395,0.3319876533743378,0.34111858692332275
25876,LOF,0.32383854245349314,0.3297760986505737,0.3463853588959332
25877,LOF,0.3349345439751448,0.3236855076148481,0.341379948410007
25878,LOF,0.32937103115094096,0.33238021824367414,0.3382487506053849
25879,LOF,0.3330576923928814,0.31839808737658176,0.3485442202305369
25880,LOF,0.34056277882467517,0.3057918827613571,0.35364533841396767
25881,LOF,0.34184764077502067,0.3111069565332154,0.3470454026917639
25882,LOF,0.34616910307619075,0.29952498407033806,0.35430591285347124
25883,LOF,0.3466005435011812,0.30038200265235426,0.35301745384646455
25884,LOF,0.3397300193186953,0.3095909239020608,0.3506790567792439
25885,LOF,0.3448532759160045,0.3045304577547134,0.350616266329282
25886,LOF,0.3491200584050468,0.30163980928997564,0.3492401323049775
25887,LOF,0.3402982103208613,0.31538391529594884,0.3443178743831899
25888,LOF,0.3374705208073582,0.3044539537119795,0.3580755254806624
25889,LOF,0.34148026329157605,0.30416240438917763,0.35435733231924627
25890,LOF,0.32438436315259506,0.3271927207024599,0.34842291614494497
25891,LOF,0.33034796786492665,0.3191961272987218,0.3504559048363516
25892,LOF,0.3387464486396236,0.3060850778612817,0.3551684734990948
25893,LOF,0.3429855580136904,0.3049033287755031,0.3521111132108065
25894,LOF,0.3434194929956592,0.29470546957829796,0.3618750374260428
25895,LOF,0.35865093234174156,0.27811987789058573,0.36322918976767277
25896,LOF,0.34198439447172013,0.306076794427436,0.3519388111008439
25897,LOF,0.35041280886150533,0.29695803984419744,0.35262915129429717
25898,Neutral,0.35695502372864857,0.29007123219211894,0.35297374407923243
25899,LOF,0.33972664253031876,0.30914412864909874,0.3511292288205826
25900,LOF,0.3630327065086872,0.2732098528923973,0.36375744059891557
25901,LOF,0.3436837448494748,0.30330812856650086,0.3530081265840244
25902,LOF,0.35005454520027235,0.29760950238322165,0.35233595241650595
25903,LOF,0.34380787996026385,0.30729916946674424,0.34889295057299186
25904,Neutral,0.34700532249308697,0.30720021983199514,0.3457944576749179
25905,LOF,0.3246775539892235,0.33049869688718525,0.3448237491235912
25906,LOF,0.3275855365237072,0.32161641073141034,0.3507980527448825
25907,LOF,0.31141015617211115,0.33958202603346294,0.34900781779442597
25908,LOF,0.3087340645893129,0.3422015978910271,0.34906433751966004
25909,LOF,0.3232573659389791,0.3265945673360074,0.35014806672501353
25910,LOF,0.3305842561724609,0.3252015121362314,0.3442142316913077
25911,LOF,0.3396358872461492,0.31371189080555084,0.3466522219483001
25912,LOF,0.33384466600910195,0.3209673693555691,0.3451879646353289
25913,Neutral,0.3472597800778405,0.3071974940233391,0.34554272589882046
25914,LOF,0.33571674207163665,0.27308167305191455,0.39120158487644874
25915,LOF,0.3318095648141527,0.30831102134283783,0.3598794138430095
25916,LOF,0.3348604482987138,0.30627481866020106,0.3588647330410852
25917,LOF,0.3474576092711939,0.2854833871418225,0.3670590035869837
25918,LOF,0.33937902572114204,0.3001016551226535,0.36051931915620444
25919,LOF,0.31771509376131096,0.31085130388071003,0.371433602357979
25920,LOF,0.3317132389187974,0.3270532666864589,0.34123349439474376
25921,LOF,0.33397624439622653,0.31147533443209047,0.354548421171683
25922,LOF,0.3395107103803129,0.30682332662133177,0.35366596299835534
25923,Neutral,0.35372938871210313,0.29794283695745405,0.34832777433044276
25924,LOF,0.3341514395712239,0.31124005993298165,0.35460850049579445
25925,LOF,0.362709667478144,0.26713546689551504,0.370154865626341
25926,LOF,0.3461074322100486,0.3026343798930009,0.35125818789695057
25927,LOF,0.3534664225525488,0.27039787131498905,0.3761357061324621
25928,LOF,0.3488323921375181,0.29453201945468527,0.3566355884077965
25929,Neutral,0.35419252508618243,0.2974135888591841,0.3483938860546335
25930,LOF,0.3487933102470698,0.3000003494712602,0.35120634028167
25931,LOF,0.34822344289089435,0.2884765292106658,0.3633000278984399
25932,LOF,0.34143217879646465,0.2907031908804336,0.36786463032310174
25933,LOF,0.3495296384748284,0.2867946954565193,0.3636756660686523
25934,LOF,0.33900603356805237,0.307020594013689,0.35397337241825866
25935,LOF,0.36347919360523334,0.26577571800828703,0.3707450883864795
25936,LOF,0.3369672763288959,0.3060222133627709,0.3570105103083332
25937,LOF,0.3438985231438794,0.28620069055190606,0.3699007863042145
25938,LOF,0.36244933386836115,0.2650190720626418,0.37253159406899694
25939,LOF,0.34421795262974,0.3043854596320894,0.3513965877381707
25940,LOF,0.31764706605888465,0.33876465514990844,0.34358827879120685
25941,LOF,0.3388682049039344,0.31870555181185833,0.34242624328420734
25942,LOF,0.3355128940832072,0.3118168916244737,0.35267021429231915
25943,LOF,0.34123924987442295,0.31506862653332557,0.34369212359225143
25944,LOF,0.343280180325568,0.31195760193584193,0.34476221773859006
25945,LOF,0.3296942949019461,0.3185361981462303,0.3517695069518236
25946,LOF,0.3532774535141013,0.2699564229683819,0.37676612351751687
25947,Neutral,0.35428160617094506,0.30137152703996495,0.34434686678909
25948,Neutral,0.374127845221099,0.2567092190966811,0.3691629356822199
25949,Neutral,0.36480024570551695,0.2742647309319843,0.3609350233624988
25950,Neutral,0.3419127144124647,0.3197620125893226,0.33832527299821274
25951,LOF,0.3285250541620869,0.3262135952531301,0.3452613505847831
25952,LOF,0.3098977879126863,0.329378942836843,0.3607232692504707
25953,LOF,0.33632482867044167,0.31812602752151686,0.3455491438080415
25954,LOF,0.3391052515658902,0.31679142115205544,0.34410332728205434
25955,LOF,0.3206915954580409,0.3257692821880784,0.3535391223538808
25956,LOF,0.32215709061212855,0.3074739115355645,0.370368997852307
25957,LOF,0.3432414921671731,0.29577609299651003,0.3609824148363168
25958,LOF,0.35258274805501844,0.28957545494630615,0.35784179699867547
25959,Neutral,0.3584619000633666,0.28321973592262767,0.35831836401400574
25960,LOF,0.37120129554331827,0.2462703578128402,0.38252834664384155
25961,LOF,0.35592072113897877,0.2862916541889785,0.35778762467204267
25962,LOF,0.33839786327695787,0.30181357907586437,0.3597885576471778
25963,LOF,0.3036720849799471,0.3358925651185989,0.360435349901454
25964,LOF,0.32631894153346125,0.3269179418214204,0.34676311664511833
25965,LOF,0.34333742223012764,0.30495368849045973,0.3517088892794125
25966,Neutral,0.34170957735747,0.31693087750587706,0.34135954513665295
25967,LOF,0.319368683501529,0.3347282885106897,0.34590302798778133
25968,LOF,0.31928966762459765,0.3287563479158379,0.35195398445956444
25969,LOF,0.33373474053482854,0.32026666589481867,0.3459985935703527
25970,LOF,0.34332364532729454,0.30680667668414746,0.34986967798855806
25971,LOF,0.33802663381581144,0.3117156603085232,0.3502577058756654
25972,LOF,0.33780337832745255,0.3130178367603584,0.349178784912189
25973,LOF,0.33899381460991157,0.31312664359162706,0.34787954179846126
25974,LOF,0.3474451911382062,0.29718674182388727,0.35536806703790647
25975,LOF,0.33069532627756343,0.3191873627945905,0.3501173109278462
25976,LOF,0.3306471305591864,0.32228546731512875,0.3470674021256848
25977,LOF,0.36915643222421973,0.26017072037827443,0.3706728473975059
25978,Neutral,0.35714406268708143,0.29222722461839074,0.3506287126945278
25979,LOF,0.368662515226574,0.246857097668441,0.384480387104985
25980,LOF,0.3499479320783816,0.26950492081970023,0.3805471471019182
25981,LOF,0.3593249055662813,0.25141100501670005,0.3892640894170186
25982,LOF,0.37106996516443885,0.2274934251351211,0.40143660970044004
25983,LOF,0.3601251846634783,0.24588862564353883,0.39398618969298277
25984,LOF,0.33430796566763893,0.3148225018617759,0.3508695324705851
25985,LOF,0.32022762689864875,0.3284919580584697,0.35128041504288154
25986,LOF,0.3192422947557376,0.33313107609697723,0.3476266291472852
25987,LOF,0.3331087357956921,0.31847439302876535,0.3484168711755426
25988,LOF,0.33427826675016736,0.31829293074433657,0.3474288025054961
25989,LOF,0.3283006446870872,0.32256620701924804,0.34913314829366476
25990,LOF,0.32104225720631985,0.32944823763713704,0.34950950515654317
25991,Neutral,0.3459692798746088,0.3092090670177918,0.3448216531075993
25992,Neutral,0.35181425822799245,0.3001231247776861,0.3480626169943214
25993,LOF,0.3353071904417204,0.31169536119482566,0.352997448363454
25994,LOF,0.33440596374247605,0.31195728498445213,0.35363675127307176
25995,LOF,0.33286209226146757,0.3176638021776865,0.3494741055608458
25996,LOF,0.34306847168447496,0.31054003198541125,0.34639149633011385
25997,LOF,0.33963513782275606,0.3178728241324745,0.3424920380447695
25998,Neutral,0.3692675644690682,0.26821596158012656,0.3625164739508052
25999,LOF,0.3599914768400809,0.27834178111409186,0.3616667420458272
26000,LOF,0.3586577149541545,0.27354357422707465,0.3677987108187709
26001,LOF,0.3437038499349134,0.2996221176181413,0.3566740324469453
26002,LOF,0.3458093937283053,0.2964449308971961,0.35774567537449853
26003,LOF,0.3134144336143797,0.3423096782726902,0.34427588811293014
26004,LOF,0.31689406209253723,0.3413674002119413,0.34173853769552154
26005,LOF,0.3129663450031406,0.34291084922756204,0.3441228057692974
26006,Neutral,0.3695813123334228,0.27103073910499953,0.3593879485615777
26007,LOF,0.33381463917358223,0.3160830573215159,0.35010230350490185
26008,LOF,0.3137431924604356,0.3404724076955544,0.3457843998440099
26009,GOF,0.3179535858483356,0.3416223577353084,0.340424056416356
26010,GOF,0.3127817991097043,0.3452199669156641,0.3419982339746316
26011,GOF,0.308917628815767,0.3532100418489275,0.3378723293353055
26012,GOF,0.30452719305594234,0.3515873677567911,0.34388543918726655
26013,LOF,0.32729071268839993,0.3248031802244704,0.3479061070871296
26014,LOF,0.34254059461347186,0.307250994982528,0.3502084104040001
26015,LOF,0.344130884481836,0.30927959790230636,0.3465895176158577
26016,LOF,0.3417633697394648,0.3156692448066353,0.3425673854538999
26017,LOF,0.3212826487385834,0.32605202689212825,0.3526653243692884
26018,LOF,0.3412754719761623,0.3120147510111654,0.34670977701267236
26019,LOF,0.3411819731285175,0.31193025863538576,0.34688776823609685
26020,LOF,0.3385693787826421,0.3194446282354419,0.34198599298191606
26021,LOF,0.3319240259663753,0.32560491048642204,0.34247106354720264
26022,LOF,0.3296737754102608,0.3218285312715863,0.34849769331815295
26023,LOF,0.3401431479698743,0.31219733906314767,0.34765951296697795
26024,LOF,0.3425346752431776,0.30565424504000976,0.35181107971681275
26025,Neutral,0.3798746494175012,0.24586050994860004,0.3742648406338988
26026,LOF,0.37701404608372524,0.2452886828388961,0.37769727107737866
26027,LOF,0.34074733597561124,0.3116349996112556,0.3476176644131332
26028,LOF,0.3357232655880226,0.30914137543070686,0.3551353589812705
26029,LOF,0.3329467105881574,0.30288900014512565,0.3641642892667169
26030,LOF,0.3446728950120202,0.29695911409752984,0.3583679908904499
26031,LOF,0.32861486736650286,0.3091713830484863,0.3622137495850108
26032,LOF,0.34450937290106837,0.30767918402547834,0.34781144307345324
26033,LOF,0.3456406121293124,0.30625230613493093,0.3481070817357566
26034,LOF,0.3313417789910576,0.30496744942526954,0.36369077158367275
26035,LOF,0.32727057172466784,0.30866824335974324,0.364061184915589
26036,LOF,0.3166795159858357,0.311521543518828,0.37179894049533635
26037,LOF,0.3176998450415032,0.3146545136622301,0.3676456412962668
26038,LOF,0.34425500888075594,0.30793611973303,0.3478088713862142
26039,LOF,0.3280190523519034,0.3071894455026025,0.3647915021454941
26040,Neutral,0.3452922267675063,0.3108014818066552,0.3439062914258384
26041,LOF,0.2953559606250797,0.31868472372790935,0.38595931564701097
26042,LOF,0.3111883639923039,0.3135833456232691,0.37522829038442695
26043,LOF,0.34297965270854475,0.30900221378975856,0.3480181335016967
26044,LOF,0.3398613912094991,0.30048051047309526,0.3596580983174057
26045,LOF,0.31188873195032235,0.3114973169794737,0.3766139510702039
26046,LOF,0.3436562958480637,0.30800526544140794,0.34833843871052833
26047,LOF,0.3449585645704548,0.3069711689217962,0.34807026650774886
26048,LOF,0.3373012486922807,0.3160623021482251,0.3466364491594942
26049,Neutral,0.36748686083631565,0.2687102446991899,0.3638028944644945
26050,Neutral,0.36693309532198665,0.26896033776386485,0.3641065669141486
26051,LOF,0.3562663797344419,0.26163435758729087,0.3820992626782672
26052,LOF,0.3489912290953402,0.2631221902516353,0.38788658065302445
26053,LOF,0.38332924561515364,0.2151479316556457,0.4015228227292007
26054,LOF,0.33924166933274863,0.3136501569080448,0.3471081737592065
26055,LOF,0.33882782910837944,0.31107461463694214,0.35009755625467837
26056,LOF,0.33623842939741877,0.31410283553667045,0.34965873506591083
26057,LOF,0.33002978394707827,0.31889222761656366,0.3510779884363581
26058,LOF,0.33223044361871196,0.31598038189670435,0.35178917448458363
26059,LOF,0.34330207257635104,0.3112649768760711,0.34543295054757794
26060,LOF,0.3243971067253286,0.33181608320695843,0.343786810067713
26061,LOF,0.31300918195262284,0.33270838193293084,0.35428243611444643
26062,LOF,0.32407880037374087,0.32514308961282656,0.3507781100134325
26063,LOF,0.32849653935258033,0.3208676491868558,0.3506358114605639
26064,LOF,0.3226749335850832,0.32727176376917816,0.3500533026457387
26065,LOF,0.33104685881132795,0.31851048259964265,0.3504426585890294
26066,LOF,0.3281758984924258,0.3205220143011859,0.35130208720638834
26067,LOF,0.3318962222824753,0.3176749812289265,0.35042879648859815
26068,LOF,0.33480342009404446,0.3108129601376695,0.3543836197682861
26069,LOF,0.34137060101758326,0.3145253242791485,0.3441040747032682
26070,LOF,0.3401669349850295,0.31531010536561394,0.34452295964935664
26071,LOF,0.3233966935867642,0.32458004173344907,0.35202326467978673
26072,LOF,0.32189410502000165,0.32950539765044057,0.3486004973295577
26073,LOF,0.32195596465273146,0.325360747228002,0.3526832881192665
26074,Neutral,0.3540256661376185,0.30238652417748557,0.343587809684896
26075,LOF,0.33836567611904345,0.3134478283563857,0.34818649552457087
26076,LOF,0.3332754236010597,0.31588432187072385,0.35084025452821643
26077,LOF,0.32808477199629205,0.3213934372363618,0.35052179076734624
26078,LOF,0.33470977988778866,0.3141466479952936,0.35114357211691766
26079,LOF,0.34119336073106366,0.30490348830167036,0.35390315096726593
26080,LOF,0.34119336073106366,0.30490348830167036,0.35390315096726593
26081,LOF,0.33649946330557573,0.31290927448769046,0.35059126220673387
26082,LOF,0.3298072148564162,0.31722956590960905,0.35296321923397467
26083,LOF,0.34223498035448274,0.3102211963197095,0.3475438233258078
26084,LOF,0.3302898372464447,0.31925341864428985,0.3504567441092655
26085,LOF,0.3298389310483002,0.319223000506606,0.35093806844509384
26086,LOF,0.3264318449025646,0.322827296981634,0.35074085811580136
26087,LOF,0.33452437643723915,0.3159159930563434,0.3495596305064176
26088,LOF,0.33285531146591746,0.3177695508075029,0.34937513772657963
26089,LOF,0.3251020539715574,0.31941766365130736,0.35548028237713525
26090,LOF,0.336929369859881,0.315551896682843,0.347518733457276
26091,LOF,0.33778325577540486,0.3109128749351599,0.3513038692894353
26092,LOF,0.33417937089077226,0.31444757822650543,0.35137305088272236
26093,LOF,0.3348046692187106,0.31434964243189395,0.3508456883493955
26094,LOF,0.3361623435806165,0.31238324815256246,0.35145440826682095
26095,LOF,0.3414250247071907,0.30988096626755535,0.3486940090252539
26096,LOF,0.3369920523504308,0.3132900070068324,0.3497179406427368
26097,LOF,0.32203161674282954,0.32794561555525686,0.35002276770191354
26098,LOF,0.34187947515917144,0.307404660020925,0.35071586481990347
26099,LOF,0.32960238082480864,0.31966152808481235,0.350736091090379
26100,LOF,0.32949715656082096,0.3201071267366449,0.3503957167025341
26101,LOF,0.336154540710383,0.3149301076180506,0.34891535167156645
26102,LOF,0.3252082636353651,0.3227478657081021,0.35204387065653275
26103,Neutral,0.34673791955295874,0.3079157063039191,0.34534637414312214
26104,LOF,0.3360233749540967,0.30882494553084966,0.3551516795150537
26105,LOF,0.34973223655049424,0.299603098995243,0.35066466445426275
26106,LOF,0.3360651850168581,0.31784403498374986,0.346090779999392
26107,LOF,0.33846198289717233,0.3124703038257578,0.3490677132770699
26108,LOF,0.34536834721985216,0.30058482590646113,0.35404682687368677
26109,LOF,0.33945571734808244,0.3088535651778509,0.3516907174740667
26110,LOF,0.33849081659187436,0.31512242117147604,0.3463867622366496
26111,Neutral,0.34596608072677737,0.31238018056189226,0.34165373871133026
26112,LOF,0.33621743043213254,0.311324057087477,0.3524585124803904
26113,LOF,0.33913012965366024,0.3114726276786828,0.349397242667657
26114,LOF,0.351821325115131,0.29347053831829734,0.35470813656657163
26115,LOF,0.35290362456366586,0.28120584307170343,0.3658905323646307
26116,LOF,0.35072650632120034,0.2929444130934813,0.3563290805853183
26117,Neutral,0.3453195096015559,0.3100291279979093,0.3446513624005348
26118,LOF,0.3315621635050905,0.319775821272897,0.34866201522201246
26119,LOF,0.31443960833432205,0.3254605931566021,0.3600997985090758
26120,LOF,0.32377829864996144,0.32784927368747063,0.34837242766256793
26121,LOF,0.3351968133698945,0.318205618339113,0.3465975682909926
26122,LOF,0.3403521206473471,0.31209956865794936,0.3475483106947035
26123,LOF,0.33131238531698226,0.31984704466139274,0.34884057002162494
26124,LOF,0.3007408601868369,0.33327786552354427,0.36598127428961885
26125,LOF,0.3304832869896145,0.30479968605577273,0.36471702695461283
26126,LOF,0.3170821640227451,0.33364906558718355,0.3492687703900714
26127,LOF,0.33183233510142207,0.3215719076037306,0.34659575729484726
26128,LOF,0.302929331780494,0.3322934788646417,0.3647771893548642
