feature0,prediction,LoGoFunc_Neutral,LoGoFunc_GOF,LoGoFunc_LOF
25546,Neutral,0.5817018620042315,0.10901482174053119,0.3092833162552374
25547,Neutral,0.4850416897542078,0.17833763539376518,0.3366206748520271
25548,LOF,0.3579107700615484,0.1814018752383401,0.4606873547001115
25549,LOF,0.353852401684947,0.17718207290085147,0.4689655254142015
25550,LOF,0.353731323284677,0.07432561855103448,0.5719430581642886
25551,LOF,0.27322075202677687,0.08943575619987998,0.6373434917733432
25552,LOF,0.2647589515486398,0.09183737745674764,0.6434036709946126
25553,Neutral,0.7907525050661536,0.0569017354803598,0.15234575945348655
25554,LOF,0.25893306963757995,0.07706660693690563,0.6640003234255144
25555,LOF,0.24198195955145324,0.08565017253810916,0.6723678679104376
25556,LOF,0.372828022562788,0.05950889343254926,0.5676630840046627
25557,LOF,0.2549150606720378,0.11029995321837786,0.6347849861095844
25558,LOF,0.24542327672810305,0.14526714316963424,0.6093095801022628
25559,LOF,0.2826419527764777,0.025628479263470692,0.6917295679600516
25560,LOF,0.05151726966920704,0.23181843045929984,0.716664299871493
25561,LOF,0.04923655218420426,0.22933005984546884,0.7214333879703269
25562,LOF,0.03233303887130516,0.24469627765627444,0.7229706834724203
25563,LOF,0.016951590963704525,0.1386314901920687,0.8444169188442269
25564,LOF,0.07361279803524297,0.07552921145681933,0.8508579905079376
25565,LOF,0.33095620491176886,0.11395852381434794,0.5550852712738832
25566,GOF,0.06914683361853612,0.6440479101845603,0.28680525619690356
25567,LOF,0.028420939957269995,0.177382379947876,0.794196680094854
25568,LOF,0.06369759994670161,0.06828789136308419,0.8680145086902141
25569,LOF,0.06497451506438529,0.07956160596126055,0.8554638789743542
25570,LOF,0.052859095132342084,0.1294953093719951,0.8176455954956628
25571,LOF,0.052859095132342084,0.1294953093719951,0.8176455954956628
25572,LOF,0.06448372680016774,0.09058922962359332,0.8449270435762388
25573,LOF,0.22390937287464466,0.1395656754860986,0.6365249516392567
25574,GOF,0.1425087074320247,0.7138686225251197,0.14362267004285567
25575,LOF,0.052859095132342084,0.1294953093719951,0.8176455954956628
25576,LOF,0.024177391302278386,0.17596896479526639,0.7998536439024552
25577,LOF,0.026026714240016093,0.1118697263254952,0.8621035594344887
25578,LOF,0.11162587724859914,0.35368769789510807,0.5346864248562928
25579,LOF,0.09714728448065388,0.31987123189275385,0.5829814836265923
25580,LOF,0.052859095132342084,0.1294953093719951,0.8176455954956628
25581,LOF,0.06381133076926417,0.07536149093240299,0.8608271782983328
25582,LOF,0.06381133076926417,0.07536149093240299,0.8608271782983328
25583,LOF,0.052859095132342084,0.1294953093719951,0.8176455954956628
25584,Neutral,0.7523013900789726,0.032747388037999786,0.2149512218830275
25585,LOF,0.03567308297330371,0.12333654291311716,0.840990374113579
25586,LOF,0.052859095132342084,0.1294953093719951,0.8176455954956628
25587,LOF,0.052859095132342084,0.1294953093719951,0.8176455954956628
25588,LOF,0.052859095132342084,0.1294953093719951,0.8176455954956628
25589,Neutral,0.6222654440147135,0.2194741771106406,0.1582603788746458
25590,LOF,0.06310338254349046,0.13135777250469918,0.8055388449518104
25591,LOF,0.10225225490655483,0.07339425833092923,0.824353486762516
25592,GOF,0.2917870482815767,0.40435293115750676,0.3038600205609165
25593,GOF,0.09061227995095437,0.6441068566410297,0.26528086340801577
25594,LOF,0.058349706308883635,0.08421324195538042,0.857437051735736
25595,LOF,0.05990916766475333,0.076473090423341,0.8636177419119057
25596,LOF,0.1461571799731434,0.02737686941021509,0.8264659506166416
25597,LOF,0.1375601854669921,0.021376441173304346,0.8410633733597035
25598,LOF,0.051121874134233726,0.06088695969504386,0.8879911661707224
25599,LOF,0.019663616320630406,0.42924167347757236,0.5510947102017972
25600,GOF,0.13404139145423108,0.4958704738172519,0.3700881347285169
25601,GOF,0.024752057345802565,0.501981865132373,0.47326607752182437
25602,LOF,0.07592926828634955,0.06302929146291862,0.8610414402507319
25603,LOF,0.08913296561088431,0.07851181727196935,0.8323552171171464
25604,LOF,0.08581495741201846,0.20402944615473326,0.7101555964332482
25605,LOF,0.20905881655881547,0.19793415325149533,0.5930070301896891
25606,Neutral,0.672323129066956,0.07413917493114311,0.25353769600190085
25607,LOF,0.06108477383869334,0.2033006945342614,0.7356145316270453
25608,LOF,0.04844760617413826,0.14249293623197373,0.809059457593888
25609,GOF,0.08701939458897825,0.7386983084204499,0.17428229699057177
25610,LOF,0.04617417248600129,0.12685462335907072,0.826971204154928
25611,LOF,0.04617417248600129,0.12685462335907072,0.826971204154928
25612,LOF,0.09277368958485598,0.03130345484775805,0.875922855567386
25613,LOF,0.11663636592813012,0.030961764294118097,0.8524018697777518
25614,LOF,0.04617417248600129,0.12685462335907072,0.826971204154928
25615,LOF,0.08355578303126494,0.10652462351914038,0.8099195934495947
25616,LOF,0.04617417248600129,0.12685462335907072,0.826971204154928
25617,LOF,0.04617417248600129,0.12685462335907072,0.826971204154928
25618,LOF,0.12045166764829954,0.3578774974669035,0.5216708348847969
25619,LOF,0.04617417248600129,0.12685462335907072,0.826971204154928
25620,LOF,0.04617417248600129,0.12685462335907072,0.826971204154928
25621,LOF,0.08902369503975463,0.07988228236323777,0.8310940225970077
25622,LOF,0.09175275278469229,0.06328810617680312,0.8449591410385046
25623,LOF,0.10569715646628244,0.06311689896271784,0.8311859445709997
25624,LOF,0.04617417248600129,0.12685462335907072,0.826971204154928
25625,LOF,0.09229790413541086,0.036681782210333115,0.871020313654256
25626,LOF,0.06127620868779297,0.037403715251173045,0.901320076061034
25627,Neutral,0.8493414121499605,0.04018829412638684,0.11047029372365245
25628,LOF,0.11324417005188653,0.24679225372411032,0.6399635762240031
25629,LOF,0.04303569007950211,0.15562213957418705,0.801342170346311
25630,LOF,0.3766189461623906,0.10186805565078288,0.5215129981868264
25631,LOF,0.32563379256545416,0.15880888832858034,0.5155573191059655
25632,LOF,0.016267558148598163,0.252462854000237,0.7312695878511648
25633,LOF,0.03746754187148695,0.23240124104300583,0.7301312170855072
25634,LOF,0.04792649767142549,0.09710741808559917,0.8549660842429753
25635,LOF,0.03746754187148695,0.23240124104300583,0.7301312170855072
25636,GOF,0.02194135169375271,0.6527338404843978,0.3253248078218496
25637,GOF,0.020933236364203463,0.7509734006572799,0.22809336297851662
25638,GOF,0.011044301570052626,0.7292356174735792,0.25972008095636817
25639,GOF,0.02193970712747298,0.7168299037385018,0.26123038913402524
25640,Neutral,0.7583199069113785,0.15042797943279967,0.09125211365582193
25641,GOF,0.049227599025794,0.7665413863619036,0.18423101461230246
25642,LOF,0.06079216519965087,0.42134330354717087,0.5178645312531783
25643,LOF,0.2615195722768773,0.26826646374244034,0.47021396398068244
25644,GOF,0.015134708454592836,0.4987141754596275,0.4861511160857796
25645,GOF,0.013591452401311507,0.5511121577697266,0.43529638982896196
25646,GOF,0.01821740858896426,0.5986567645384173,0.3831258268726185
25647,LOF,0.013018230222827538,0.39816485162261833,0.5888169181545543
25648,LOF,0.017231732179351308,0.34990918403427834,0.6328590837863703
25649,LOF,0.011422989467788369,0.2184212301475539,0.7701557803846577
25650,LOF,0.03508082655171963,0.43072248266943813,0.5341966907788422
25651,LOF,0.015843441974551713,0.30871304792932336,0.6754435100961249
25652,LOF,0.009709419341389034,0.45895970903160604,0.5313308716270049
25653,LOF,0.03848704967840228,0.4693444890626472,0.49216846125895053
25654,LOF,0.009008145050536652,0.46741410346930684,0.5235777514801565
25655,GOF,0.038947250667109086,0.7168648250316659,0.24418792430122502
25656,LOF,0.17410692970603503,0.38820517553161193,0.437687894762353
25657,LOF,0.040237931301317774,0.22324713365709975,0.7365149350415825
25658,LOF,0.06741388694017479,0.34744835920955885,0.5851377538502662
25659,Neutral,0.5058818243306795,0.2431288154242799,0.25098936024504054
25660,LOF,0.040623078355205254,0.13640826517531138,0.8229686564694834
25661,LOF,0.040623078355205254,0.13640826517531138,0.8229686564694834
25662,LOF,0.040623078355205254,0.13640826517531138,0.8229686564694834
25663,LOF,0.040623078355205254,0.13640826517531138,0.8229686564694834
25664,LOF,0.08050813127639396,0.1068700777484552,0.812621790975151
25665,LOF,0.05652551925982886,0.04408060221974406,0.8993938785204271
25666,LOF,0.07182922492768742,0.12959763284247713,0.7985731422298354
25667,LOF,0.040623078355205254,0.13640826517531138,0.8229686564694834
25668,LOF,0.040623078355205254,0.13640826517531138,0.8229686564694834
25669,LOF,0.040623078355205254,0.13640826517531138,0.8229686564694834
25670,LOF,0.09487938727355845,0.10035599178565305,0.8047646209407886
25671,LOF,0.040623078355205254,0.13640826517531138,0.8229686564694834
25672,LOF,0.05379842796903512,0.03899608054452374,0.9072054914864411
25673,LOF,0.0832183687903961,0.04743980797434137,0.8693418232352627
25674,LOF,0.07712744721089586,0.05256711991618438,0.8703054328729197
25675,LOF,0.07535901607298222,0.05960053485034786,0.86504044907667
25676,LOF,0.040623078355205254,0.13640826517531138,0.8229686564694834
25677,LOF,0.040623078355205254,0.13640826517531138,0.8229686564694834
25678,LOF,0.11897410896783359,0.03904667341465588,0.8419792176175105
25679,LOF,0.1265480468768791,0.061878792926141915,0.8115731601969789
25680,LOF,0.040623078355205254,0.13640826517531138,0.8229686564694834
25681,LOF,0.040623078355205254,0.13640826517531138,0.8229686564694834
25682,LOF,0.040623078355205254,0.13640826517531138,0.8229686564694834
25683,LOF,0.09941909311777766,0.046071368173921254,0.8545095387083012
25684,LOF,0.040623078355205254,0.13640826517531138,0.8229686564694834
25685,LOF,0.03160050454036304,0.37080791035209565,0.5975915851075413
25686,GOF,0.020913705334062897,0.5092342242548685,0.4698520704110685
25687,GOF,0.02821868878253215,0.7804057543515642,0.19137555686590366
25688,LOF,0.2531181047981814,0.25637165940241363,0.49051023579940495
25689,LOF,0.11102205661467945,0.22484273733572252,0.664135206049598
25690,LOF,0.1940410011814329,0.18599364829184892,0.6199653505267182
25691,Neutral,0.6482196848056627,0.08324087472816202,0.26853944046617534
25692,LOF,0.1618052495642224,0.023315681544328032,0.8148790688914495
25693,GOF,0.05410594354272197,0.7109899460401512,0.23490411041712678
25694,LOF,0.13901239327959225,0.04340019285324938,0.8175874138671583
25695,LOF,0.10827507872151307,0.056096627126764186,0.8356282941517227
25696,LOF,0.095707339838329,0.06776075564374681,0.8365319045179243
25697,LOF,0.09307174796348548,0.16233418737698949,0.7445940646595252
25698,LOF,0.08354078794292791,0.16932521283355223,0.7471339992235199
25699,GOF,0.09778303193108566,0.6242182253977406,0.2779987426711737
25700,LOF,0.038386507622838545,0.2735109212292908,0.6881025711478705
25701,GOF,0.07317113913323728,0.8051596483369483,0.1216692125298143
25702,GOF,0.3428575263964211,0.3429689692690754,0.31417350433450353
25703,LOF,0.03310185480210589,0.10995808834621462,0.8569400568516795
25704,LOF,0.050675769115122976,0.1676474131388956,0.7816768177459814
25705,LOF,0.02963908834114246,0.3493143166712139,0.6210465949876436
25706,GOF,0.08457252015253981,0.6039205946025356,0.3115068852449247
25707,GOF,0.06480554254105278,0.5069247249711611,0.42826973248778605
25708,LOF,0.02762476447524583,0.36866942992712676,0.6037058055976274
25709,LOF,0.02963908834114246,0.3493143166712139,0.6210465949876436
25710,LOF,0.019611450056563864,0.1805792086579539,0.7998093412854821
25711,LOF,0.02963908834114246,0.3493143166712139,0.6210465949876436
25712,LOF,0.02255349255577379,0.19878899903391886,0.7786575084103073
25713,LOF,0.02963908834114246,0.3493143166712139,0.6210465949876436
25714,LOF,0.02963908834114246,0.3493143166712139,0.6210465949876436
25715,LOF,0.02963908834114246,0.3493143166712139,0.6210465949876436
25716,LOF,0.017344548483639362,0.15857335054222957,0.824082100974131
25717,LOF,0.01876593869693354,0.2033947369967138,0.7778393243063526
25718,LOF,0.02963908834114246,0.3493143166712139,0.6210465949876436
25719,LOF,0.02963908834114246,0.3493143166712139,0.6210465949876436
25720,LOF,0.02963908834114246,0.3493143166712139,0.6210465949876436
25721,LOF,0.02963908834114246,0.3493143166712139,0.6210465949876436
25722,LOF,0.02963908834114246,0.3493143166712139,0.6210465949876436
25723,LOF,0.02963908834114246,0.3493143166712139,0.6210465949876436
25724,LOF,0.0981047195166271,0.35663523468118935,0.5452600458021836
25725,LOF,0.02963908834114246,0.3493143166712139,0.6210465949876436
25726,LOF,0.02963908834114246,0.3493143166712139,0.6210465949876436
25727,LOF,0.02963908834114246,0.3493143166712139,0.6210465949876436
25728,LOF,0.02963908834114246,0.3493143166712139,0.6210465949876436
25729,LOF,0.02963908834114246,0.3493143166712139,0.6210465949876436
25730,LOF,0.02963908834114246,0.3493143166712139,0.6210465949876436
25731,LOF,0.017431471466003143,0.3192689936376549,0.663299534896342
25732,LOF,0.02963908834114246,0.3493143166712139,0.6210465949876436
25733,LOF,0.02963908834114246,0.3493143166712139,0.6210465949876436
25734,LOF,0.023251657374083145,0.1560772583569934,0.8206710842689235
25735,LOF,0.02963908834114246,0.3493143166712139,0.6210465949876436
25736,LOF,0.02963908834114246,0.3493143166712139,0.6210465949876436
25737,LOF,0.02963908834114246,0.3493143166712139,0.6210465949876436
25738,LOF,0.02963908834114246,0.3493143166712139,0.6210465949876436
25739,LOF,0.02963908834114246,0.3493143166712139,0.6210465949876436
25740,LOF,0.02963908834114246,0.3493143166712139,0.6210465949876436
25741,LOF,0.02963908834114246,0.3493143166712139,0.6210465949876436
25742,LOF,0.02963908834114246,0.3493143166712139,0.6210465949876436
25743,LOF,0.02962142075337075,0.08809616067534544,0.8822824185712838
25744,Neutral,0.6432914633323454,0.13730399517530764,0.2194045414923469
25745,LOF,0.034455718532373975,0.19934339819693409,0.766200883270692
25746,LOF,0.026075935179791135,0.18556321326308994,0.788360851557119
25747,LOF,0.04041044354480697,0.22353592695522972,0.7360536294999632
25748,LOF,0.07439556072283983,0.32257771821841247,0.6030267210587477
25749,LOF,0.02136672497010509,0.32228051671463387,0.6563527583152611
25750,LOF,0.021981845991133692,0.24612991148234334,0.731888242526523
25751,LOF,0.04041044354480697,0.22353592695522972,0.7360536294999632
25752,GOF,0.06263667023801744,0.7623464682175551,0.1750168615444275
25753,LOF,0.023687108742508605,0.22503451071864686,0.7512783805388445
25754,GOF,0.031051560546302707,0.7820299869556813,0.18691845249801603
25755,LOF,0.03147169649648848,0.1764783840254354,0.7920499194780761
25756,LOF,0.04771523587470594,0.3111354699808893,0.6411492941444047
25757,GOF,0.026476511128174073,0.7801387465270974,0.19338474234472866
25758,GOF,0.0362931263898487,0.7285273493204112,0.23517952428974018
25759,GOF,0.022482832643082103,0.5746421928793407,0.40287497447757714
25760,LOF,0.02860975033244979,0.18181563421677338,0.7895746154507768
25761,GOF,0.2541051470885519,0.617184356912878,0.12871049599857004
25762,LOF,0.05655230043226397,0.16024882226541684,0.7831988773023193
25763,LOF,0.024575729425142592,0.1977441028562088,0.7776801677186487
25764,GOF,0.08318784128413802,0.7807520199522073,0.1360601387636545
25765,GOF,0.025385369191641503,0.7274522259396315,0.2471624048687271
25766,GOF,0.06851085092025094,0.7853893867250992,0.1460997623546499
25767,GOF,0.08115361062713003,0.6302885572563863,0.2885578321164837
25768,LOF,0.05047230155521488,0.19212582807075707,0.757401870374028
25769,LOF,0.03199137052039676,0.47549366342557065,0.4925149660540325
25770,Neutral,0.7412951736257306,0.10666379734710431,0.15204102902716513
25771,LOF,0.06527348173911986,0.2843312685290687,0.6503952497318115
25772,LOF,0.03199137052039676,0.47549366342557065,0.4925149660540325
25773,LOF,0.06713303537557537,0.25794932400762427,0.6749176406168003
25774,LOF,0.030061810294422342,0.21541989985989876,0.7545182898456789
25775,LOF,0.09315293139135965,0.1761250839348758,0.7307219846737646
25776,LOF,0.03199137052039676,0.47549366342557065,0.4925149660540325
25777,LOF,0.21244455613705102,0.25780449148469786,0.5297509523782511
25778,LOF,0.03199137052039676,0.47549366342557065,0.4925149660540325
25779,Neutral,0.4626925804896097,0.3255023561447478,0.21180506336564237
25780,Neutral,0.5810083307078109,0.2887490513065603,0.1302426179856288
25781,GOF,0.4056843281060556,0.4393366244489478,0.1549790474449967
25782,GOF,0.3338702032277365,0.4657515179607943,0.2003782788114693
25783,LOF,0.052936889839176056,0.4664637147154902,0.4805993954453338
25784,Neutral,0.7073825708847066,0.19662422717511394,0.09599320194017957
25785,Neutral,0.7500131594035014,0.12815509334608824,0.12183174725041038
25786,GOF,0.12378733523412182,0.5911081244318523,0.2851045403340258
25787,Neutral,0.857193571672499,0.08411993080212761,0.05868649752537344
25788,LOF,0.04203935245828325,0.15061898668400142,0.8073416608577153
25789,GOF,0.18369897495548276,0.5913142794848012,0.22498674555971593
25790,GOF,0.303253096573596,0.47179751130183506,0.22494939212456883
25791,GOF,0.285378984468749,0.43617622240989706,0.278444793121354
25792,Neutral,0.4356535788020367,0.34455338348168163,0.21979303771628153
25793,Neutral,0.5446429336116803,0.31448345847021786,0.14087360791810186
25794,GOF,0.2621382268204693,0.5462263879483844,0.1916353852311462
25795,GOF,0.06623251246765748,0.7192763864619012,0.2144911010704413
25796,Neutral,0.517185848454022,0.23853586468166565,0.24427828686431227
25797,LOF,0.1343369778746547,0.40041396678721775,0.4652490553381276
25798,GOF,0.023229001368172218,0.5214776092022299,0.455293389429598
25799,LOF,0.028453271519803525,0.36320084528597957,0.6083458831942169
25800,GOF,0.10404384641076432,0.5691996031567919,0.32675655043244384
25801,GOF,0.2851072012962968,0.5333305070399037,0.18156229166379947
25802,GOF,0.1539343662468463,0.6090453519292897,0.23702028182386403
25803,GOF,0.17345434731346834,0.5607706617749383,0.26577499091159335
25804,GOF,0.08437121670559576,0.49629265882678103,0.41933612446762325
25805,GOF,0.2105816485203179,0.6059060107611733,0.18351234071850872
25806,GOF,0.2897260283492898,0.47411134027401086,0.23616263137669924
25807,GOF,0.038244961796421,0.5922396621454481,0.3695153760581308
25808,GOF,0.17906583194264428,0.6129055840611888,0.20802858399616697
25809,LOF,0.03460802090903168,0.4648658265420263,0.5005261525489421
25810,GOF,0.043750738845906176,0.5551428704628919,0.40110639069120185
25811,Neutral,0.5804491060815962,0.26278967622058336,0.15676121769782056
25812,GOF,0.09252264563441918,0.5124997392589856,0.39497761510659535
25813,Neutral,0.6994092195482604,0.1695892822085548,0.13100149824318486
25814,GOF,0.22549972599359575,0.582314724749319,0.19218554925708528
25815,GOF,0.3533601175772905,0.45914257575717615,0.18749730666553346
25816,GOF,0.05373601201605752,0.682645738282299,0.2636182497016433
25817,GOF,0.19781422015043582,0.6389223264465379,0.1632634534030262
25818,GOF,0.07153543833516207,0.49653278044746785,0.4319317812173702
25819,Neutral,0.45125021370728796,0.31100866091178964,0.23774112538092232
25820,GOF,0.21207778066555072,0.4737715699315731,0.3141506494028762
25821,GOF,0.060849266955639615,0.5990660439240038,0.3400846891203566
25822,GOF,0.35718071709145915,0.3743099641896252,0.2685093187189157
25823,GOF,0.0603866356114201,0.6068732610757455,0.33274010331283443
25824,LOF,0.10144001570427169,0.3616159178812341,0.5369440664144942
25825,LOF,0.059351002514452626,0.3468310111380522,0.5938179863474952
25826,LOF,0.018817643388978147,0.46990928103810986,0.511273075572912
25827,GOF,0.05195752950266287,0.6622813374592718,0.2857611330380655
25828,GOF,0.039163759099145726,0.5520291279488251,0.4088071129520292
25829,LOF,0.018983983980194907,0.4021293653980372,0.5788866506217679
25830,LOF,0.10258904972483332,0.3919772193980859,0.5054337308770809
25831,GOF,0.13688241184620709,0.7359515023042127,0.1271660858495803
25832,GOF,0.03908182003542773,0.7131410020008428,0.2477771779637296
25833,GOF,0.11634448482328617,0.7031880340428733,0.18046748113384053
25834,GOF,0.037595819267537904,0.75014973331354,0.2122544474189221
25835,GOF,0.16461487516021184,0.6161779030752643,0.21920722176452384
25836,GOF,0.06291618383115674,0.707867809075558,0.2292160070932852
25837,GOF,0.03264134264071697,0.5304794293149462,0.43687922804433693
25838,GOF,0.14273965789533175,0.6600902090502698,0.1971701330543985
25839,GOF,0.29082156910669243,0.5158512905878397,0.193327140305468
25840,GOF,0.14164018435363532,0.6338742901752262,0.22448552547113845
25841,GOF,0.20019628443908133,0.589283407704346,0.2105203078565728
25842,GOF,0.2963679371470421,0.4521528099187102,0.25147925293424767
25843,GOF,0.2675768101677389,0.5127509681338885,0.21967222169837264
25844,GOF,0.08901369519280307,0.5301411647427573,0.3808451400644396
25845,GOF,0.023716362341960385,0.5604192982792507,0.4158643393787888
25846,GOF,0.09658583247066516,0.6981893327340278,0.20522483479530684
25847,GOF,0.21525827933435504,0.6088765372496877,0.17586518341595728
25848,GOF,0.09510022307719215,0.6927170139883265,0.21218276293448135
25849,GOF,0.02343842147731629,0.6375099171638542,0.33905166135882964
25850,GOF,0.03364440912187665,0.6858923867122104,0.2804632041659129
25851,GOF,0.022796160306484615,0.5802448017193199,0.39695903797419546
25852,GOF,0.22199459760578888,0.5552725787682781,0.222732823625933
25853,Neutral,0.40888181721728906,0.3716663184178064,0.21945186436490458
25854,GOF,0.016699092341294658,0.5398369631540605,0.44346394450464477
25855,LOF,0.0678994318920332,0.31266703495574616,0.6194335331522207
25856,Neutral,0.3573963492638406,0.30054945561675894,0.34205419511940044
25857,LOF,0.07669578785012696,0.45434047862827,0.46896373352160314
25858,GOF,0.034097297825991815,0.6368194167605337,0.3290832854134745
25859,GOF,0.020903897358315025,0.558241989990902,0.420854112650783
25860,GOF,0.4270172344558491,0.4416781345906268,0.13130463095352415
25861,GOF,0.3231307521009217,0.5506779325552479,0.1261913153438305
25862,GOF,0.17593945111712023,0.6343194776375519,0.18974107124532774
25863,GOF,0.19262234954933433,0.5882340614896565,0.21914358896100913
25864,Neutral,0.39272692115701147,0.3857103134247133,0.2215627654182753
25865,GOF,0.12274114553574375,0.7342297659699806,0.1430290884942756
25866,GOF,0.10615525723031326,0.5990836712907401,0.29476107147894665
25867,GOF,0.13285604980642074,0.7212656818018488,0.14587826839173046
25868,GOF,0.255168440804975,0.5283348269588009,0.216496732236224
25869,Neutral,0.8106476179038189,0.13335606384686455,0.05599631824931654
25870,GOF,0.24069222737142057,0.4079818150071038,0.35132595762147567
25871,GOF,0.10808599689041452,0.6132083026976858,0.27870570041189974
25872,GOF,0.19324770371230982,0.570714883816377,0.23603741247131327
25873,GOF,0.1769172566517532,0.5731120215412304,0.24997072180701632
25874,LOF,0.04203935245828325,0.15061898668400142,0.8073416608577153
25875,GOF,0.04239632715848768,0.4824181493588216,0.4751855234826908
25876,LOF,0.02934797153800425,0.29173523947739993,0.6789167889845957
25877,GOF,0.2921688717033134,0.4185307544679523,0.2893003738287342
25878,GOF,0.06669764456796691,0.6972212795315089,0.23608107590052418
25879,GOF,0.032804482511941194,0.7270295878968909,0.24016592959116803
25880,LOF,0.03623837251772134,0.1620168772464771,0.8017447502358016
25881,LOF,0.3322033132363199,0.27522590778507977,0.3925707789786003
25882,LOF,0.0907849550630353,0.0721669471916438,0.8370480977453209
25883,LOF,0.05412698757499591,0.1223529415169934,0.8235200709080107
25884,LOF,0.06604588707319933,0.16107598216815727,0.7728781307586434
25885,LOF,0.08029897339786723,0.07308669348406696,0.8466143331180659
25886,LOF,0.07811286894668135,0.3440937525985521,0.5777933784547665
25887,LOF,0.2335702411856699,0.31026386908405357,0.45616588973027655
25888,LOF,0.1925105938946131,0.17036034761641178,0.6371290584889752
25889,LOF,0.08809087679319522,0.10191966044451335,0.8099894627622914
25890,LOF,0.055012902813551666,0.3064656617692411,0.6385214354172072
25891,LOF,0.03932508483876137,0.16701317298508592,0.7936617421761528
25892,LOF,0.09268353358102134,0.144228531626721,0.7630879347922577
25893,LOF,0.1726540410908074,0.17220174684114076,0.6551442120680518
25894,LOF,0.09465559644172497,0.124757974014078,0.780586429544197
25895,LOF,0.1094385781967571,0.11141375763498386,0.7791476641682591
25896,LOF,0.07012101843639676,0.046647274718971087,0.883231706844632
25897,LOF,0.1764790137172292,0.10955449992189169,0.7139664863608792
25898,Neutral,0.5006176923130615,0.13228501293273515,0.3670972947542033
25899,LOF,0.09357768323678368,0.3335368865602113,0.572885430203005
25900,Neutral,0.9193680019852902,0.017908768300915756,0.06272322971379414
25901,LOF,0.06591987612631629,0.12198932339431182,0.8120908004793718
25902,LOF,0.08143750535590569,0.05860364357597517,0.8599588510681191
25903,Neutral,0.42058400120471046,0.1891065191421706,0.3903094796531189
25904,LOF,0.20930954858498976,0.23991557470094027,0.55077487671407
25905,GOF,0.016422052559036553,0.6250118498758348,0.3585660975651286
25906,LOF,0.022163136625411767,0.10298021778824075,0.8748566455863476
25907,LOF,0.015535332181777804,0.47576518580851684,0.5086994820097054
25908,LOF,0.019347935349834092,0.29810652333688,0.682545541313286
25909,LOF,0.04400867298238935,0.11009339678187957,0.845897930235731
25910,LOF,0.027650466711332523,0.32388085316107507,0.6484686801275924
25911,LOF,0.07084925792290214,0.045079550168487706,0.8840711919086102
25912,LOF,0.03317826056813035,0.12360529187754131,0.8432164475543282
25913,LOF,0.12291577966541913,0.10995343556111159,0.7671307847734692
25914,LOF,0.05231739464618882,0.15180823685477413,0.7958743684990371
25915,GOF,0.3395466991200858,0.5297792625840095,0.13067403829590465
25916,GOF,0.03217365319292604,0.6986412367491609,0.2691851100579132
25917,LOF,0.04606149400878847,0.09569544693772633,0.8582430590534853
25918,LOF,0.05231739464618882,0.15180823685477413,0.7958743684990371
25919,LOF,0.05231739464618882,0.15180823685477413,0.7958743684990371
25920,GOF,0.0645138054872223,0.730844870380448,0.20464132413232955
25921,LOF,0.026543177337934692,0.3718202986034881,0.6016365240585773
25922,LOF,0.024980725462907853,0.39930210245175757,0.5757171720853345
25923,LOF,0.0795821064941985,0.34339004871529627,0.5770278447905052
25924,LOF,0.03874125890876022,0.22686578521609096,0.7343929558751487
25925,LOF,0.03571309085038379,0.17455987114968244,0.7897270379999338
25926,LOF,0.035080736897772774,0.14032248217083043,0.8245967809313968
25927,GOF,0.03594185456456408,0.5701809584833373,0.3938771869520986
25928,LOF,0.027051089120961873,0.2161841940637115,0.7567647168153266
25929,LOF,0.1926211959098041,0.32940322351886564,0.4779755805713303
25930,LOF,0.05412698757499591,0.1223529415169934,0.8235200709080107
25931,LOF,0.03148598250798654,0.13174783336486534,0.8367661841271481
25932,LOF,0.05412698757499591,0.1223529415169934,0.8235200709080107
25933,LOF,0.05412698757499591,0.1223529415169934,0.8235200709080107
25934,LOF,0.05412698757499591,0.1223529415169934,0.8235200709080107
25935,LOF,0.03581063153341926,0.1639510669069751,0.8002383015596055
25936,LOF,0.05412698757499591,0.1223529415169934,0.8235200709080107
25937,LOF,0.038881521879044624,0.13826298271964813,0.8228554954013073
25938,LOF,0.054965948615469926,0.2042030808877835,0.7408309704967465
25939,LOF,0.05412698757499591,0.1223529415169934,0.8235200709080107
25940,GOF,0.016116262267948007,0.68018608936045,0.3036976483716019
25941,LOF,0.22491065290670356,0.24243909362111096,0.5326502534721855
25942,LOF,0.03517811666085871,0.05337341901919575,0.9114484643199455
25943,LOF,0.4610061096262598,0.053115459926894315,0.485878430446846
25944,Neutral,0.4793785868207362,0.053134422640891035,0.4674869905383728
25945,LOF,0.1910687249935901,0.1722020166702101,0.6367292583361998
25946,LOF,0.022098748093454162,0.05020012923326222,0.9277011226732836
25947,LOF,0.047666164924409095,0.3732342517109183,0.5790995833646726
25948,LOF,0.36056695874361894,0.023548872918822825,0.6158841683375582
25949,LOF,0.08980456053167822,0.07124693680858823,0.8389485026597335
25950,LOF,0.273128989021861,0.22619992518923446,0.5006710857889046
25951,GOF,0.10797618238550585,0.5889150814082978,0.30310873620619627
25952,LOF,0.04097792705108608,0.47373691767719384,0.4852851552717202
25953,GOF,0.10161036071851204,0.6831395545185251,0.21525008476296276
25954,GOF,0.32855493956562504,0.529110643122293,0.14233441731208202
25955,LOF,0.06025640754245946,0.22591035691041855,0.713833235547122
25956,LOF,0.05673514858642429,0.34097430174241056,0.6022905496711651
25957,LOF,0.04857557942675815,0.15929222876466384,0.792132191808578
25958,LOF,0.0916743264951798,0.05980998633466609,0.8485156871701541
25959,LOF,0.11951810962683536,0.25231015070010815,0.6281717396730565
25960,LOF,0.035057098283201735,0.12302622148217875,0.8419166802346195
25961,LOF,0.0916743264951798,0.05980998633466609,0.8485156871701541
25962,LOF,0.04015690308056106,0.1837282137022464,0.7761148832171925
25963,GOF,0.03234547544288867,0.5169047750387943,0.45074974951831703
25964,LOF,0.05412698757499591,0.1223529415169934,0.8235200709080107
25965,Neutral,0.6572911144187866,0.06399516574329764,0.27871371983791565
25966,LOF,0.07476288486569514,0.4574560182602948,0.46778109687401004
25967,LOF,0.022478660050548178,0.45179253886507503,0.5257288010843768
25968,GOF,0.08600149425779477,0.6512679512298921,0.26273055451231314
25969,LOF,0.03074815905481426,0.08966725806185276,0.879584582883333
25970,LOF,0.028647154996831608,0.09540810534814176,0.8759447396550267
25971,LOF,0.078919429038663,0.0689749117412523,0.8521056592200847
25972,LOF,0.078919429038663,0.0689749117412523,0.8521056592200847
25973,LOF,0.12058627781789483,0.07319185705526098,0.8062218651268442
25974,Neutral,0.6578364710911774,0.1576434917804767,0.18452003712834603
25975,LOF,0.07155841559753268,0.12407887870133671,0.8043627057011307
25976,LOF,0.02787914203501071,0.15195213759375706,0.8201687203712322
25977,LOF,0.03382194241928356,0.391591482572062,0.5745865750086544
25978,LOF,0.23342766608017237,0.08172046468538094,0.6848518692344467
25979,LOF,0.26211362649262676,0.07150118783572315,0.6663851856716502
25980,LOF,0.2195227544352323,0.19327875915760825,0.5871984864071594
25981,LOF,0.2195227544352323,0.19327875915760825,0.5871984864071594
25982,Neutral,0.4744456670371459,0.052591808095130976,0.4729625248677231
25983,Neutral,0.6597433044450677,0.07017928270747201,0.2700774128474604
25984,LOF,0.03839848785571812,0.2758844129519711,0.6857170991923107
25985,GOF,0.017535849432125463,0.7477951240854684,0.23466902648240612
25986,GOF,0.02404787050024205,0.7362101496242573,0.2397419798755006
25987,LOF,0.07558703244330368,0.21780533390883003,0.7066076336478663
25988,LOF,0.03839848785571812,0.2758844129519711,0.6857170991923107
25989,LOF,0.03839848785571812,0.2758844129519711,0.6857170991923107
25990,LOF,0.03839848785571812,0.2758844129519711,0.6857170991923107
25991,GOF,0.15026759433393255,0.5084476043816679,0.3412848012843995
25992,LOF,0.3484430101698257,0.27362628285921414,0.3779307069709602
25993,LOF,0.050675769115122976,0.1676474131388956,0.7816768177459814
25994,LOF,0.050675769115122976,0.1676474131388956,0.7816768177459814
25995,LOF,0.050675769115122976,0.1676474131388956,0.7816768177459814
25996,LOF,0.1386204263702113,0.42840225790617775,0.4329773157236109
25997,GOF,0.08702900756506765,0.5932253254788031,0.31974566695612916
25998,LOF,0.4434934052207709,0.03516711863145261,0.5213394761477765
25999,GOF,0.27984320041945976,0.4958223184386205,0.22433448114191984
26000,LOF,0.07029323209599146,0.14924564481162783,0.7804611230923808
26001,GOF,0.09005410482533784,0.5173367541126337,0.39260914106202854
26002,LOF,0.04983053690185188,0.2767350858389742,0.6734343772591739
26003,GOF,0.01557347276143528,0.6711171792822049,0.3133093479563598
26004,GOF,0.028737903831121434,0.6066216964536286,0.3646403997152498
26005,GOF,0.013137254213160294,0.6411894381206692,0.3456733076661704
26006,Neutral,0.5233707195831697,0.28711179337522486,0.18951748704160531
26007,GOF,0.03621662327730456,0.6239779175883591,0.33980545913433635
26008,GOF,0.024403615528158704,0.6111867262045085,0.36440965826733274
26009,GOF,0.03801689009368216,0.7428964523715407,0.21908665753477713
26010,GOF,0.017528346875575397,0.7333254048837985,0.24914624824062617
26011,GOF,0.013019755934537922,0.6462353893017688,0.3407448547636933
26012,GOF,0.01778395438009399,0.7200686835661542,0.26214736205375194
26013,GOF,0.014664701379450043,0.7458142730139601,0.23952102560658992
26014,LOF,0.04735303773683092,0.28081130995729126,0.6718356523058778
26015,LOF,0.18312132688315247,0.04901386109590513,0.7678648120209424
26016,LOF,0.36774420357600995,0.1302589259766088,0.5019968704473813
26017,LOF,0.3394194457911388,0.1803685572309801,0.4802119969778811
26018,LOF,0.09482048456363448,0.05643086209900666,0.8487486533373588
26019,LOF,0.09482048456363448,0.05643086209900666,0.8487486533373588
26020,LOF,0.08992806381244056,0.401736909434924,0.5083350267526353
26021,GOF,0.08574188247144346,0.5549189439269228,0.3593391736016337
26022,LOF,0.024844149326019648,0.14519221272507013,0.8299636379489101
26023,LOF,0.19382618765648857,0.15426844862216996,0.6519053637213414
26024,LOF,0.04404027062827154,0.2577126962724593,0.6982470330992692
26025,LOF,0.31813864734967223,0.1761834740110349,0.5056778786392929
26026,Neutral,0.6183247087586041,0.02551588484009195,0.35615940640130384
26027,LOF,0.09482048456363448,0.05643086209900666,0.8487486533373588
26028,LOF,0.288147449350908,0.09334668584896755,0.6185058648001245
26029,GOF,0.05701092213983761,0.6091315706646082,0.3338575071955541
26030,LOF,0.02683577840779312,0.08917162743691844,0.8839925941552885
26031,LOF,0.0183498351339693,0.3519133946414815,0.6297367702245491
26032,LOF,0.05416229730529247,0.14875100300175492,0.7970866996929528
26033,LOF,0.18428675815525136,0.356435996242274,0.4592772456024748
26034,LOF,0.022562270889720255,0.29684575433057336,0.6805919747797063
26035,LOF,0.018236228707099556,0.3769147123212583,0.6048490589716422
26036,LOF,0.020449097076224335,0.31770876932329445,0.6618421336004812
26037,LOF,0.01340206549129332,0.22753361541444617,0.7590643190942605
26038,LOF,0.05416229730529247,0.14875100300175492,0.7970866996929528
26039,LOF,0.031971135599148735,0.3478924810902423,0.6201363833106089
26040,GOF,0.2620516987737755,0.5273272169147284,0.21062108431149604
26041,LOF,0.014796989519792147,0.21165211285122182,0.7735508976289861
26042,LOF,0.012855771438509583,0.23759481332208748,0.7495494152394029
26043,LOF,0.05416229730529247,0.14875100300175492,0.7970866996929528
26044,LOF,0.02685782241237152,0.14502032441385082,0.8281218531737776
26045,LOF,0.037978621523168374,0.25485925123567277,0.7071621272411588
26046,LOF,0.05416229730529247,0.14875100300175492,0.7970866996929528
26047,LOF,0.05416229730529247,0.14875100300175492,0.7970866996929528
26048,LOF,0.06020714494712551,0.125065221127961,0.8147276339249134
26049,Neutral,0.9128614380484099,0.038047323959392886,0.04909123799219726
26050,Neutral,0.8921004282274189,0.04583875043674831,0.06206082133583287
26051,GOF,0.021290316509848955,0.7014831883575621,0.2772264951325888
26052,GOF,0.02522512590318597,0.7441621897312709,0.23061268436554302
26053,LOF,0.05365805173670586,0.13685107795546644,0.8094908703078276
26054,LOF,0.07124090735239318,0.04880714714032295,0.879951945507284
26055,LOF,0.08150945581934094,0.037446881627030665,0.8810436625536284
26056,LOF,0.06042882543183527,0.04295886530594293,0.8966123092622219
26057,LOF,0.07730328403836365,0.11936930152023967,0.8033274144413967
26058,LOF,0.07730328403836365,0.11936930152023967,0.8033274144413967
26059,Neutral,0.6978076688238641,0.07145993801668853,0.23073239315944732
26060,GOF,0.27790731611233715,0.5058080941077142,0.21628458977994863
26061,LOF,0.04887290507297322,0.04654798529638349,0.9045791096306434
26062,LOF,0.03719842376680502,0.036851934998725855,0.9259496412344691
26063,LOF,0.07730328403836365,0.11936930152023967,0.8033274144413967
26064,LOF,0.04569188874114239,0.02758333810220421,0.9267247731566534
26065,LOF,0.07730328403836365,0.11936930152023967,0.8033274144413967
26066,LOF,0.07730328403836365,0.11936930152023967,0.8033274144413967
26067,LOF,0.07730328403836365,0.11936930152023967,0.8033274144413967
26068,LOF,0.0937372969696427,0.031018382869236198,0.8752443201611211
26069,LOF,0.2928174034869679,0.03908925662000748,0.6680933398930246
26070,Neutral,0.6503018695872755,0.024883593494660478,0.32481453691806406
26071,LOF,0.07730328403836365,0.11936930152023967,0.8033274144413967
26072,LOF,0.03261188078813435,0.06817011501944292,0.8992180041924228
26073,LOF,0.07730328403836365,0.11936930152023967,0.8033274144413967
26074,Neutral,0.9386192488727902,0.020519480598749903,0.04086127052845982
26075,LOF,0.07772757662051388,0.06322002538019234,0.8590523979992938
26076,LOF,0.07730328403836365,0.11936930152023967,0.8033274144413967
26077,LOF,0.03498853113359154,0.09143631715235846,0.87357515171405
26078,LOF,0.03132876910168225,0.06860634013667705,0.9000648907616408
26079,LOF,0.06302534135754158,0.041400815098918235,0.8955738435435402
26080,LOF,0.06302534135754158,0.041400815098918235,0.8955738435435402
26081,LOF,0.07730328403836365,0.11936930152023967,0.8033274144413967
26082,LOF,0.03541608421921243,0.04453302523210177,0.9200508905486858
26083,LOF,0.07730328403836365,0.11936930152023967,0.8033274144413967
26084,LOF,0.07730328403836365,0.11936930152023967,0.8033274144413967
26085,LOF,0.07730328403836365,0.11936930152023967,0.8033274144413967
26086,LOF,0.07730328403836365,0.11936930152023967,0.8033274144413967
26087,LOF,0.07730328403836365,0.11936930152023967,0.8033274144413967
26088,LOF,0.04015102566274296,0.07680421648910295,0.8830447578481542
26089,LOF,0.07311348165651914,0.028511384533344918,0.898375133810136
26090,LOF,0.0665232505231357,0.026587502727648715,0.9068892467492156
26091,LOF,0.07730328403836365,0.11936930152023967,0.8033274144413967
26092,LOF,0.07730328403836365,0.11936930152023967,0.8033274144413967
26093,LOF,0.07730328403836365,0.11936930152023967,0.8033274144413967
26094,LOF,0.07730328403836365,0.11936930152023967,0.8033274144413967
26095,LOF,0.12442552627276948,0.040554155726171236,0.8350203180010592
26096,LOF,0.04602721832079713,0.032683653143921715,0.9212891285352811
26097,LOF,0.0331541967403246,0.06311565223271887,0.9037301510269564
26098,LOF,0.0680429005865264,0.02355972716043016,0.9083973722530434
26099,LOF,0.07730328403836365,0.11936930152023967,0.8033274144413967
26100,LOF,0.07730328403836365,0.11936930152023967,0.8033274144413967
26101,LOF,0.07730328403836365,0.11936930152023967,0.8033274144413967
26102,LOF,0.07730328403836365,0.11936930152023967,0.8033274144413967
26103,Neutral,0.7224502969172644,0.10035037559334531,0.17719932748939035
26104,LOF,0.06055722291330009,0.0395299237451239,0.899912853341576
26105,GOF,0.09079603226662937,0.4973676187745866,0.411836348958784
26106,LOF,0.08593906694898044,0.2526928041443204,0.6613681289066992
26107,LOF,0.11996851192071384,0.2605624291698341,0.6194690589094521
26108,GOF,0.04499062649570147,0.5269672243132366,0.4280421491910619
26109,LOF,0.09037122335337919,0.06968715418219333,0.8399416224644275
26110,LOF,0.30384898034543384,0.02726323219498261,0.6688877874595835
26111,GOF,0.1935767734425165,0.44639913034183437,0.3600240962156491
26112,LOF,0.09493780915084023,0.05671775532086592,0.8483444355282939
26113,LOF,0.09493780915084023,0.05671775532086592,0.8483444355282939
26114,LOF,0.03806690870143149,0.027725716008572873,0.9342073752899955
26115,LOF,0.12458828177590835,0.059038515796343116,0.8163732024277485
26116,LOF,0.07361279803524297,0.07552921145681933,0.8508579905079376
26117,LOF,0.14251842164551107,0.1962718898325212,0.6612096885219676
26118,LOF,0.07785726393785096,0.08145301983856014,0.8406897162235888
26119,LOF,0.037098901597794484,0.23024016987023616,0.7326609285319694
26120,LOF,0.07785726393785096,0.08145301983856014,0.8406897162235888
26121,LOF,0.07167132218410716,0.19706411119025732,0.7312645666256355
26122,LOF,0.0839590629956126,0.3382847694012503,0.5777561676031371
26123,LOF,0.06917123656607357,0.234109747858027,0.6967190155758994
26124,LOF,0.03875189784415315,0.23877912102517332,0.7224689811306735
