feature0,prediction,LoGoFunc_Neutral,LoGoFunc_GOF,LoGoFunc_LOF
25546,Neutral,0.6267753774603517,0.056432633847089894,0.3167919886925583
25547,Neutral,0.4898850580536573,0.09745534254263136,0.4126595994037114
25548,Neutral,0.49183945804621115,0.07648995261241526,0.43167058934137353
25549,LOF,0.4236300405547015,0.07785234016869251,0.498517619276606
25550,LOF,0.3642846902932637,0.10738724026220077,0.5283280694445355
25551,LOF,0.30746882161663996,0.11734041826161463,0.5751907601217454
25552,LOF,0.26981285789544834,0.11210733383042461,0.6180798082741271
25553,Neutral,0.8086369021710066,0.04434909158722732,0.14701400624176614
25554,LOF,0.30753411548104803,0.10341346917862841,0.5890524153403235
25555,LOF,0.26401669821082246,0.09762939031329108,0.6383539114758865
25556,LOF,0.44872564081850336,0.0939544604838928,0.45731989869760376
25557,LOF,0.25338524314126276,0.10024467292131259,0.6463700839374247
25558,LOF,0.3164880114763201,0.0975526976944762,0.5859592908292037
25559,LOF,0.2720072251857342,0.13579026270739272,0.5922025121068731
25560,LOF,0.1748703967138798,0.11402858351187745,0.7111010197742428
25561,LOF,0.15807039205721787,0.1312776412492774,0.7106519666935047
25562,LOF,0.07639609149423505,0.07665507479459858,0.8469488337111662
25563,LOF,0.025296815330738465,0.1507604533533219,0.8239427313159398
25564,LOF,0.22265754905879523,0.12481590813406587,0.652526542807139
25565,LOF,0.19389954414217908,0.1513131004027763,0.6547873554550445
25566,GOF,0.09625630677300706,0.6961695602799844,0.20757413294700836
25567,LOF,0.04147595041404048,0.1568361979980848,0.8016878515878747
25568,LOF,0.06650569228690201,0.07406094442937267,0.8594333632837252
25569,LOF,0.06155780707257188,0.0818145855623989,0.8566276073650292
25570,LOF,0.03123373205286224,0.1085003567923546,0.8602659111547831
25571,LOF,0.0299333850319626,0.10783106674670793,0.8622355482213294
25572,LOF,0.0638427188908717,0.1228666097418854,0.8132906713672429
25573,LOF,0.06024795249308204,0.0974060002314978,0.8423460472754202
25574,LOF,0.0604620596856774,0.21639569558959784,0.7231422447247247
25575,LOF,0.025754910974586657,0.11959493062818786,0.8546501583972256
25576,LOF,0.033041583374777146,0.155662561054394,0.8112958555708288
25577,LOF,0.03235348283315044,0.1228487127876328,0.8447978043792168
25578,LOF,0.32467371840130144,0.08748313722266121,0.5878431443760375
25579,LOF,0.13982479399667783,0.09602303970925281,0.7641521662940693
25580,LOF,0.02231225724738349,0.08449660036484494,0.8931911423877716
25581,LOF,0.05779546827532076,0.07102574805110363,0.8711787836735756
25582,LOF,0.05784189846242376,0.06915393571329771,0.8730041658242785
25583,LOF,0.024948597012907307,0.08218398168076887,0.8928674213063238
25584,Neutral,0.6979917356904458,0.09826739842886821,0.20374086588068607
25585,LOF,0.0293981338111971,0.1436605730532596,0.8269412931355433
25586,LOF,0.01921079147608834,0.07553523596627645,0.9052539725576352
25587,LOF,0.018806534352895626,0.06514582903099614,0.9160476366161083
25588,LOF,0.0226417687430796,0.07102300335135805,0.9063352279055623
25589,Neutral,0.5176878934636366,0.197551660627452,0.2847604459089114
25590,LOF,0.05051734661142979,0.11900325752997175,0.8304793958585984
25591,LOF,0.10476242676086114,0.059644089075552194,0.8355934841635867
25592,LOF,0.060590988879966313,0.13163844498304691,0.8077705661369867
25593,LOF,0.1479860819044892,0.26829385096355896,0.5837200671319519
25594,LOF,0.05783447975947625,0.11175025226207394,0.8304152679784498
25595,LOF,0.053267402576328615,0.08694724028384847,0.859785357139823
25596,LOF,0.11172137293466848,0.048200697067414006,0.8400779299979175
25597,LOF,0.09183054734953866,0.058616229624451475,0.8495532230260099
25598,LOF,0.058410063033083756,0.08893656197242383,0.8526533749944925
25599,LOF,0.021391844469804522,0.4696912043019368,0.5089169512282588
25600,GOF,0.17200994448030127,0.5084546764442563,0.3195353790754424
25601,LOF,0.039938175160428975,0.4154928709559993,0.5445689538835717
25602,LOF,0.036659616336047716,0.06117848343400164,0.9021619002299506
25603,LOF,0.03441510341870894,0.03377393517607945,0.9318109614052116
25604,LOF,0.03133861580437827,0.07572285905312655,0.8929385251424952
25605,LOF,0.03744032359781693,0.18109964839495749,0.7814600280072256
25606,LOF,0.3975825402636861,0.10661885690982806,0.4957986028264859
25607,LOF,0.027689344511473795,0.16786765388995675,0.8044430015985695
25608,LOF,0.035686026001034606,0.06956118422354718,0.8947527897754182
25609,GOF,0.1414224781360086,0.5390209063218181,0.31955661554217324
25610,LOF,0.017365327221616766,0.03267639002177949,0.9499582827566038
25611,LOF,0.01413844078036423,0.03621563454030358,0.9496459246793322
25612,LOF,0.04422558756940617,0.04863292702628829,0.9071414854043055
25613,LOF,0.04338145706735239,0.0472791992648488,0.9093393436677989
25614,LOF,0.022933444240271307,0.029707167509255304,0.9473593882504734
25615,LOF,0.039160729558809323,0.04585266123916055,0.9149866092020301
25616,LOF,0.05414451135103934,0.0335876273225161,0.9122678613264444
25617,LOF,0.04430560943815225,0.04436217892439532,0.9113322116374525
25618,LOF,0.048994744555220016,0.038671145422173696,0.9123341100226063
25619,LOF,0.013413414291695047,0.03762463331294913,0.9489619523953559
25620,LOF,0.06340180714809401,0.05010879594994166,0.8864893969019644
25621,LOF,0.052690164918235256,0.04029431302342251,0.9070155220583421
25622,LOF,0.05802171303396871,0.03719145528807845,0.9047868316779529
25623,LOF,0.0726300922321037,0.030160599692634422,0.8972093080752618
25624,LOF,0.019383268398226846,0.03875680259432432,0.941859929007449
25625,LOF,0.05644000303552018,0.04187971601230129,0.9016802809521786
25626,LOF,0.04658441508976662,0.04628495673944904,0.9071306281707844
25627,Neutral,0.899235638423146,0.01987202542251751,0.08089233615433661
25628,LOF,0.13364003924139156,0.06454918839776438,0.8018107723608441
25629,LOF,0.06263071567392763,0.04925994730406292,0.8881093370220096
25630,LOF,0.29532852297360956,0.0759733176049256,0.6286981594214649
25631,Neutral,0.5636942091419973,0.06936266496281372,0.36694312589518896
25632,LOF,0.024508731891782584,0.06702132364191433,0.908469944466303
25633,LOF,0.16247480452804716,0.037584332838276883,0.7999408626336759
25634,LOF,0.03370572031357858,0.07789355017473883,0.8884007295116826
25635,LOF,0.03407065280448777,0.04155191256028787,0.9243774346352244
25636,LOF,0.03779838369227559,0.4326484411102276,0.5295531751974968
25637,GOF,0.07082522541536487,0.4664173734457837,0.4627574011388514
25638,LOF,0.028165453048454366,0.32823104850482593,0.6436034984467197
25639,LOF,0.028749718176354157,0.3534833391097889,0.617766942713857
25640,Neutral,0.8036850398216384,0.1519158874110198,0.0443990727673417
25641,LOF,0.06366680903856409,0.46583311840283015,0.4705000725586058
25642,LOF,0.04379186888271011,0.16125061086209982,0.7949575202551901
25643,LOF,0.19714989836996807,0.14025711204321337,0.6625929895868186
25644,LOF,0.021485502240676996,0.45383366877316955,0.5246808289861533
25645,LOF,0.024411187036628864,0.3822131169615707,0.5933756960018005
25646,LOF,0.056192961920821086,0.31664295902078576,0.6271640790583932
25647,LOF,0.024347871402320205,0.25156157994451644,0.7240905486531634
25648,LOF,0.03406737504941571,0.24574126882125183,0.7201913561293325
25649,LOF,0.017287454659273813,0.22973005621114684,0.7529824891295794
25650,LOF,0.05598133633132609,0.39891614970060524,0.5451025139680686
25651,LOF,0.01870246535540332,0.2668851604776853,0.7144123741669114
25652,LOF,0.035185552242345174,0.24844137877593717,0.7163730689817176
25653,LOF,0.09214377902221811,0.389774338504522,0.5180818824732599
25654,LOF,0.02677437042501777,0.2073691928520524,0.7658564367229299
25655,GOF,0.23423969957449767,0.3939375220266807,0.37182277839882155
25656,LOF,0.33975614181137187,0.05269333849969353,0.6075505196889346
25657,LOF,0.06451160104943476,0.059103663604622145,0.8763847353459432
25658,LOF,0.3505941897145788,0.0548060787990885,0.5945997314863327
25659,Neutral,0.53611631805118,0.07642608667244327,0.38745759527637663
25660,LOF,0.022159086713381047,0.08330401234674524,0.8945369009398736
25661,LOF,0.09601287793440656,0.06044491254273107,0.8435422095228623
25662,LOF,0.03795921069366854,0.03370575759794997,0.9283350317083815
25663,LOF,0.050319978841161433,0.04753915054272826,0.9021408706161103
25664,LOF,0.14214668233598027,0.06558770158593281,0.792265616078087
25665,LOF,0.05406275130334398,0.032381309649753526,0.9135559390469025
25666,LOF,0.0915388606390233,0.07225169990564848,0.8362094394553281
25667,LOF,0.07486083488170292,0.03790398525053032,0.8872351798677668
25668,LOF,0.04098524067411586,0.0477705350088005,0.9112442243170836
25669,LOF,0.03490596752213811,0.05024338121238971,0.9148506512654722
25670,LOF,0.15113167559761426,0.05897420923594442,0.7898941151664414
25671,LOF,0.11853514887638242,0.03627447203958567,0.8451903790840318
25672,LOF,0.05132296643148005,0.04201768901431691,0.906659344554203
25673,LOF,0.07164520291147917,0.049796667228454654,0.8785581298600663
25674,LOF,0.06268679334974539,0.05859908880576771,0.8787141178444869
25675,LOF,0.11407206229188767,0.05582524615078175,0.8301026915573305
25676,LOF,0.019595125953758345,0.05444239800534779,0.9259624760408939
25677,LOF,0.02669725201303592,0.0724032218464726,0.9008995261404914
25678,LOF,0.20592675079614087,0.054768661525947435,0.7393045876779117
25679,LOF,0.10810052941266479,0.07857704547983858,0.8133224251074965
25680,LOF,0.03528562795176751,0.11690455824713002,0.8478098138011024
25681,LOF,0.05686291978416206,0.10690859458244227,0.8362284856333958
25682,LOF,0.15375504264300782,0.077219778843951,0.7690251785130412
25683,LOF,0.11426801524275844,0.09026713041379933,0.7954648543434423
25684,LOF,0.04710016944561837,0.07617030233363245,0.8767295282207492
25685,LOF,0.1328014155787522,0.05260458488795685,0.8145939995332909
25686,LOF,0.08490597618942225,0.08953848260279124,0.8255555412077865
25687,LOF,0.11494601741127354,0.09126988203975263,0.7937841005489739
25688,LOF,0.314534089545312,0.0315668238649104,0.6538990865897776
25689,LOF,0.24824431054436816,0.03501193319093462,0.7167437562646972
25690,LOF,0.32286123046145115,0.026750604227349904,0.6503881653111989
25691,Neutral,0.6822781529029688,0.02411510175578391,0.29360674534124737
25692,LOF,0.3519628856428657,0.009000322839989095,0.6390367915171452
25693,LOF,0.05260666806591831,0.44098785857072414,0.5064054733633575
25694,LOF,0.10970432602679941,0.016807742651204993,0.8734879313219955
25695,LOF,0.10761705259877485,0.014958222773390711,0.8774247246278344
25696,LOF,0.13745831910779235,0.007903389741761238,0.8546382911504464
25697,LOF,0.09079040228030667,0.03391176268007586,0.8752978350396174
25698,LOF,0.3673009898707656,0.19663886192691557,0.43606014820231886
25699,LOF,0.4431233114629394,0.04152832281645226,0.5153483657206084
25700,LOF,0.07213324166733183,0.008744421982697585,0.9191223363499705
25701,LOF,0.15157644738503337,0.052831888672536464,0.7955916639424302
25702,GOF,0.1963801975394673,0.5578600127211297,0.245759789739403
25703,LOF,0.018315109119007588,0.1727365102013774,0.808948380679615
25704,LOF,0.04612332409886335,0.11357665333704953,0.8403000225640871
25705,LOF,0.05365188646935365,0.15788698589223332,0.7884611276384129
25706,LOF,0.10461535076183569,0.40764610372923477,0.48773854550892953
25707,LOF,0.0939242532204056,0.3114783215794178,0.5945974252001767
25708,LOF,0.032091019256925604,0.2677814351540598,0.7001275455890146
25709,LOF,0.07122754811517645,0.04398334317000694,0.8847891087148166
25710,LOF,0.011804948487534326,0.16068326746844563,0.8275117840440201
25711,LOF,0.02131470398583809,0.0994740865489294,0.8792112094652326
25712,LOF,0.014009792531019031,0.18620076752830966,0.7997894399406713
25713,LOF,0.0202174046676052,0.08985119904437842,0.8899313962880163
25714,LOF,0.0776364941844001,0.08719044199553071,0.8351730638200692
25715,LOF,0.012113029905983405,0.150634928770444,0.8372520413235726
25716,LOF,0.013430269499215356,0.12218713404727687,0.8643825964535078
25717,LOF,0.011719437126065562,0.08547814789243302,0.9028024149815014
25718,LOF,0.013105261907625601,0.10395497550714976,0.8829397625852246
25719,LOF,0.020078278222942676,0.08534218634776283,0.8945795354292945
25720,LOF,0.025656858473659352,0.07272108872339039,0.9016220528029503
25721,LOF,0.016098091220594753,0.12019298871602717,0.8637089200633781
25722,LOF,0.01531402924103818,0.12932119972849881,0.8553647710304629
25723,LOF,0.025526152666061553,0.043915775808886635,0.9305580715250518
25724,LOF,0.03585655144309644,0.09086892163099355,0.8732745269259101
25725,LOF,0.012558649963547467,0.07095844949049819,0.9164829005459544
25726,LOF,0.016718765701655574,0.11315584592523503,0.8701253883731093
25727,LOF,0.01417097572287007,0.07947513046061024,0.9063538938165197
25728,LOF,0.010427966534957743,0.12760698426531866,0.8619650491997235
25729,LOF,0.010777120148620742,0.12174141463024019,0.867481465221139
25730,LOF,0.014806318797150263,0.09050991634650324,0.8946837648563464
25731,LOF,0.01976554189050761,0.11259353269102813,0.8676409254184643
25732,LOF,0.01527255587733039,0.08605871089838438,0.8986687332242852
25733,LOF,0.01751662840002053,0.07493499036072462,0.9075483812392547
25734,LOF,0.012203175893835256,0.11894869857539693,0.8688481255307678
25735,LOF,0.014301394248083828,0.0905583760868897,0.8951402296650264
25736,LOF,0.015688585452021054,0.10959455641270803,0.8747168581352709
25737,LOF,0.012821528466262399,0.08356667429168924,0.9036117972420483
25738,LOF,0.012753640062861601,0.11444761294306235,0.872798746994076
25739,LOF,0.021938607808427664,0.0839083131871711,0.8941530790044013
25740,LOF,0.02743307095608103,0.11430391857159138,0.8582630104723276
25741,LOF,0.015094869401180511,0.12094749387121351,0.863957636727606
25742,LOF,0.11831502625267518,0.08951996273806201,0.7921650110092628
25743,LOF,0.03307092230900917,0.031121534182222375,0.9358075435087684
25744,Neutral,0.6102992823496988,0.16924324851446793,0.22045746913583328
25745,LOF,0.07740223355411836,0.07643398690964572,0.846163779536236
25746,LOF,0.04173930136163308,0.08926466403125301,0.8689960346071139
25747,LOF,0.02329076897462879,0.046579600688172046,0.9301296303371991
25748,LOF,0.09276905527431367,0.06371437483711691,0.8435165698885694
25749,LOF,0.025273722409928954,0.0844895224796261,0.8902367551104449
25750,LOF,0.08215313192514385,0.09038632740173044,0.8274605406731258
25751,LOF,0.09562509803567693,0.06913019645567516,0.835244705508648
25752,GOF,0.11832650483598853,0.6403529900751911,0.24132050508882044
25753,LOF,0.01920899990532013,0.2869375481158757,0.6938534519788042
25754,GOF,0.011682556054291018,0.7827766197607817,0.20554082418492717
25755,LOF,0.021739710761546613,0.4144463051333648,0.5638139841050887
25756,LOF,0.04246946619089563,0.38392407760669744,0.5736064562024069
25757,GOF,0.01420298524775167,0.8464347062629184,0.1393623084893301
25758,GOF,0.028605678890528525,0.8017094109719489,0.16968491013752252
25759,GOF,0.011707343746019947,0.5547329116479155,0.4335597446060646
25760,LOF,0.012265008063924667,0.26615563021312866,0.7215793617229467
25761,GOF,0.27067473633088807,0.6154861948711422,0.11383906879796972
25762,LOF,0.03883788279309431,0.27623824983245393,0.6849238673744518
25763,LOF,0.014367912224826166,0.199629463972348,0.7860026238028259
25764,GOF,0.08135780698447098,0.625072738871147,0.29356945414438207
25765,GOF,0.040801649868465635,0.7421472911988575,0.21705105893267687
25766,GOF,0.07020231821188117,0.7134346408973918,0.21636304089072708
25767,GOF,0.14542223307575314,0.5542153202852671,0.3003624466389798
25768,LOF,0.11283268394740471,0.06845084877421757,0.8187164672783778
25769,LOF,0.06177511686147083,0.06552449346780434,0.8727003896707248
25770,LOF,0.32285241368913353,0.08841622959218323,0.5887313567186833
25771,LOF,0.039373759239936724,0.05269716257860761,0.9079290781814556
25772,LOF,0.01916761759937839,0.04220155199004483,0.9386308304105768
25773,LOF,0.045712252067386085,0.09269248028074872,0.8615952676518652
25774,LOF,0.029278882491650757,0.07549570827101629,0.8952254092373331
25775,LOF,0.04711512486432957,0.04722305895469598,0.9056618161809745
25776,LOF,0.0784175914078105,0.025882830481916568,0.895699578110273
25777,LOF,0.3751532169644298,0.0563905778438494,0.5684562051917208
25778,LOF,0.07854976604440662,0.04708917964236359,0.8743610543132299
25779,GOF,0.39506758190159635,0.552845610669234,0.052086807429169595
25780,GOF,0.32721046147037813,0.5981766846942995,0.07461285383532242
25781,GOF,0.15532138464921963,0.736083321030759,0.10859529432002141
25782,GOF,0.20793599903658783,0.7154946560404802,0.07656934492293198
25783,GOF,0.02488239816442254,0.6021348509871354,0.3729827508484422
25784,Neutral,0.5208484244230508,0.4387087307239078,0.04044284485304125
25785,GOF,0.4740441290521529,0.4822659012533404,0.0436899696945067
25786,GOF,0.025481503285510524,0.7134394291957914,0.261079067518698
25787,Neutral,0.6360581103672052,0.33505015232415414,0.02889173730864062
25788,LOF,0.05254040243782875,0.10525815542860151,0.8422014421335697
25789,GOF,0.2346174052649154,0.6157277751014387,0.14965481963364582
25790,GOF,0.24181825224407777,0.6451063288949308,0.11307541886099137
25791,GOF,0.18003341083149024,0.6299574087396468,0.19000918042886292
25792,GOF,0.37797720997676515,0.48539523985334354,0.1366275501698914
25793,GOF,0.23580768200019844,0.5283488975492852,0.23584342045051646
25794,GOF,0.28872467740237706,0.503712799769723,0.20756252282789986
25795,GOF,0.08306025960674349,0.6421085336943174,0.2748312066989392
25796,Neutral,0.5766734957005301,0.33710784092058355,0.08621866337888634
25797,GOF,0.07893751421699517,0.5335932693838784,0.3874692163991264
25798,LOF,0.008450929740595919,0.47082041171976785,0.5207286585396363
25799,LOF,0.007153994228550926,0.35517971547935023,0.6376662902920989
25800,GOF,0.029922759069224383,0.5472889396929727,0.422788301237803
25801,GOF,0.22565761532537656,0.6231244145751602,0.1512179700994633
25802,GOF,0.07018482531241614,0.6397834357345633,0.2900317389530206
25803,GOF,0.03245653701527562,0.5268507564361282,0.44069270654859627
25804,LOF,0.03186295936849535,0.4514575716835472,0.5166794689479574
25805,GOF,0.10507941000865807,0.5457656351029914,0.3491549548883505
25806,GOF,0.08623943112599886,0.5662790949304547,0.34748147394354645
25807,GOF,0.018320145095781896,0.57503909691124,0.40664075799297805
25808,GOF,0.08119701983691104,0.6025522656601366,0.31625071450295233
25809,GOF,0.01873177622687369,0.5253457485756496,0.4559224751974766
25810,GOF,0.017198351454257972,0.5671547231213014,0.41564692542444065
25811,GOF,0.43952251173255213,0.4696512610501057,0.0908262272173422
25812,GOF,0.028997007385548716,0.5999611842492577,0.3710418083651936
25813,Neutral,0.5163910854607602,0.3716476837896946,0.11196123074954525
25814,GOF,0.11141704902740866,0.6103512501890885,0.2782317007835028
25815,GOF,0.17401280161578297,0.6131366241039647,0.21285057428025217
25816,GOF,0.020396820472772005,0.6744064622924558,0.3051967172347721
25817,GOF,0.23220664430704216,0.6384522892094331,0.12934106648352464
25818,GOF,0.05175464752084941,0.6031552927819477,0.3450900596972029
25819,GOF,0.3572145274584196,0.472484545468015,0.1703009270735654
25820,GOF,0.17862130946562169,0.5770037168898788,0.24437497364449953
25821,GOF,0.058119295775598004,0.6333959312533322,0.30848477297106985
25822,GOF,0.20571696756798652,0.5494318101917938,0.24485122224021966
25823,GOF,0.03308508886697346,0.48874104140028013,0.4781738697327465
25824,GOF,0.08023143579005423,0.5404428095120989,0.37932575469784696
25825,GOF,0.03293310043462127,0.5413277703429382,0.4257391292224404
25826,GOF,0.0143851478490959,0.522863281870195,0.46275157028070907
25827,GOF,0.023587123021749784,0.5782752121025927,0.3981376648756575
25828,LOF,0.012955108571440322,0.4860635009369354,0.5009813904916243
25829,GOF,0.00568336573350929,0.5344995802844061,0.4598170539820845
25830,LOF,0.030661637783103036,0.2767043895974896,0.6926339726194074
25831,GOF,0.2483927589328268,0.6050815490929733,0.14652569197419987
25832,GOF,0.03349401270748264,0.6349860606421934,0.3315199266503239
25833,GOF,0.12421868513060248,0.6768133874426914,0.19896792742670621
25834,GOF,0.03478772231583838,0.6371915803756458,0.3280206973085158
25835,GOF,0.08102612748785332,0.7072981300143423,0.21167574249780435
25836,GOF,0.037135115221757393,0.6206459382407357,0.342218946537507
25837,GOF,0.02917203650685871,0.5338074579561269,0.4370205055370144
25838,GOF,0.09657370937197307,0.7302111109285984,0.1732151796994285
25839,GOF,0.3148626628706947,0.5072903598689298,0.17784697726037543
25840,GOF,0.2494713137561472,0.5745353204445349,0.17599336579931785
25841,GOF,0.268287438881391,0.580591705584005,0.15112085553460392
25842,GOF,0.19771100416179516,0.6386984572323147,0.16359053860588998
25843,GOF,0.26106114878272846,0.627834793369951,0.11110405784732054
25844,GOF,0.06415921339382898,0.6659118474915892,0.26992893911458177
25845,LOF,0.016544792076312227,0.43536749621009063,0.5480877117135972
25846,GOF,0.14073169510794553,0.6931255460616184,0.166142758830436
25847,GOF,0.119525598864669,0.7379815884022123,0.14249281273311878
25848,GOF,0.03985767607768389,0.6535579524065717,0.30658437151574436
25849,GOF,0.01122390017376977,0.5420481262484574,0.44672797357777283
25850,GOF,0.02135146427488855,0.6207000805563488,0.35794845516876256
25851,GOF,0.017353100899606767,0.5130795585350973,0.46956734056529587
25852,GOF,0.16142125136576546,0.5373222525695718,0.3012564960646628
25853,GOF,0.36847669170853303,0.5572935820346155,0.07422972625685142
25854,GOF,0.022748690330373533,0.5997454103579899,0.3775058993116364
25855,GOF,0.034275947310913574,0.5246008251167938,0.4411232275722926
25856,GOF,0.23058801453395084,0.5294682683032503,0.2399437171627989
25857,LOF,0.033362208409704976,0.46599148180843464,0.5006463097818604
25858,GOF,0.020559988254428188,0.5007198671651713,0.47872014458040046
25859,LOF,0.010079301013221544,0.4757406917430422,0.5141800072437362
25860,GOF,0.3706166836578646,0.5353585249741796,0.09402479136795576
25861,GOF,0.4316231000579752,0.49487370444326556,0.07350319549875925
25862,GOF,0.0963018267436105,0.7503162146727034,0.15338195858368617
25863,GOF,0.08733881909992974,0.7406697006142261,0.17199148028584418
25864,GOF,0.21788097367314618,0.7006356716338767,0.08148335469297716
25865,GOF,0.09247411365256282,0.7774439356981785,0.13008195064925865
25866,GOF,0.061511020649508044,0.748680652107523,0.18980832724296895
25867,GOF,0.08897056429655086,0.7849386044577217,0.12609083124572745
25868,GOF,0.2422555296935626,0.6421476573973226,0.11559681290911482
25869,Neutral,0.702219564994488,0.25549976865036955,0.04228066635514259
25870,LOF,0.28188435427024605,0.32902501153071856,0.3890906341990354
25871,GOF,0.22366711482698368,0.585252018118521,0.1910808670544953
25872,GOF,0.07995207438978132,0.6045156246494708,0.3155323009607478
25873,GOF,0.11474347594565132,0.6391094934501907,0.24614703060415802
25874,LOF,0.017060979327598896,0.11704377102375955,0.8658952496486416
25875,LOF,0.09537222544674516,0.03754854853243856,0.8670792260208163
25876,LOF,0.03404732388338219,0.026901394774323874,0.939051281342294
25877,LOF,0.44761110149454536,0.040087163360576765,0.5123017351448779
25878,LOF,0.20458926003463002,0.08041135474152258,0.7149993852238473
25879,LOF,0.10119059536318124,0.08389726790132011,0.8149121367354987
25880,LOF,0.02271003300157334,0.013797299627372953,0.9634926673710537
25881,LOF,0.15981390815282429,0.12282972078650636,0.7173563710606694
25882,LOF,0.062082108896387676,0.017318534953771204,0.920599356149841
25883,LOF,0.07898780203388556,0.02084914000866701,0.9001630579574474
25884,LOF,0.03080042432616579,0.030408189813456377,0.9387913858603778
25885,LOF,0.06267281464385385,0.013093178840151216,0.9242340065159949
25886,LOF,0.24506816115525493,0.039952319277375636,0.7149795195673695
25887,LOF,0.1478558221359671,0.07627146374785633,0.7758727141161766
25888,LOF,0.07393056582094727,0.058382526132234006,0.8676869080468188
25889,LOF,0.041903413245585615,0.02022292475649394,0.9378736619979204
25890,LOF,0.04563562591215281,0.15369134602084025,0.8006730280670069
25891,LOF,0.03735885900055396,0.0546476214031815,0.9079935195962645
25892,LOF,0.09051325621169305,0.02291164650582279,0.8865750972824843
25893,LOF,0.25196628760053413,0.022083566223144176,0.7259501461763216
25894,LOF,0.18157683656192036,0.011288740143238371,0.8071344232948413
25895,LOF,0.20655377680436257,0.02276814864722977,0.7706780745484078
25896,LOF,0.053088662702228714,0.025701854418853445,0.9212094828789178
25897,LOF,0.28510257405259487,0.011975174076444108,0.702922251870961
25898,Neutral,0.7079954383670115,0.009754397908008073,0.28225016372498035
25899,LOF,0.18989712107197676,0.025291423852697906,0.7848114550753253
25900,LOF,0.45195063399599095,0.016048722572147484,0.5320006434318616
25901,LOF,0.04558939175083677,0.013951005515529885,0.9404596027336334
25902,LOF,0.1544705879207667,0.014489425873651849,0.8310399862055814
25903,Neutral,0.5722713813041387,0.031668819948393254,0.396059798747468
25904,LOF,0.26280710573734,0.0552091521428115,0.6819837421198485
25905,LOF,0.023359810248677452,0.33818591654494184,0.6384542732063808
25906,LOF,0.028130036231750668,0.07581942611999286,0.8960505376482564
25907,LOF,0.015606219486522353,0.3443978265480683,0.6399959539654094
25908,LOF,0.010106262044563294,0.25645007592772573,0.733443662027711
25909,LOF,0.013541906939044134,0.12762047170771745,0.8588376213532385
25910,LOF,0.047900958890997845,0.13986661069623993,0.8122324304127623
25911,LOF,0.1810522761447128,0.020407787370373638,0.7985399364849136
25912,LOF,0.050410011508055456,0.04562500246049036,0.9039649860314543
25913,LOF,0.30851956404157016,0.01960364812062501,0.6718767878378048
25914,LOF,0.02085984105747503,0.06239382635080999,0.916746332591715
25915,Neutral,0.5699320468000929,0.18471007839762335,0.24535787480228374
25916,LOF,0.08658449959315838,0.22428890105915514,0.6891265993476865
25917,LOF,0.06216233966183522,0.048344756506483705,0.889492903831681
25918,LOF,0.024534922866641284,0.04297744017957076,0.932487636953788
25919,LOF,0.022190423233207277,0.048001099108024366,0.9298084776587684
25920,GOF,0.105320212050431,0.5361930344553518,0.35848675349421705
25921,LOF,0.022480582513638523,0.030662071068155966,0.9468573464182055
25922,LOF,0.031458003839678596,0.02167208907808478,0.9468699070822366
25923,LOF,0.4174824056532839,0.024678477772801837,0.5578391165739143
25924,LOF,0.03532068032860296,0.03475235343823731,0.9299269662331597
25925,LOF,0.06578764784971733,0.03209201352300527,0.9021203386272775
25926,LOF,0.04728257386319089,0.02814755984347297,0.9245698662933362
25927,LOF,0.05686387821588369,0.11194800324548544,0.8311881185386308
25928,LOF,0.017138456488015003,0.0413597532722855,0.9415017902396995
25929,Neutral,0.5275589124806536,0.02640173953151676,0.44603934798782974
25930,LOF,0.04869092014739944,0.02279461922330374,0.9285144606292969
25931,LOF,0.023756552057934904,0.0235628842240707,0.9526805637179945
25932,LOF,0.026204390081479356,0.018495567743660533,0.95530004217486
25933,LOF,0.03604261732364563,0.014123604530271658,0.9498337781460828
25934,LOF,0.023467180361243824,0.015884958135096643,0.9606478615036594
25935,LOF,0.05446086937755168,0.039181550099884624,0.9063575805225637
25936,LOF,0.04538177132827449,0.0169700534757672,0.9376481751959583
25937,LOF,0.025903838152533745,0.03044685716028345,0.9436493046871829
25938,LOF,0.05731473321118561,0.041902699894645325,0.900782566894169
25939,LOF,0.04186621901403341,0.013735675423261668,0.9443981055627049
25940,LOF,0.028074110978934336,0.3978217640541877,0.5741041249668779
25941,LOF,0.16855593300390723,0.11886384228941187,0.7125802247066808
25942,LOF,0.01431414482311321,0.0365868437875297,0.949099011389357
25943,LOF,0.3302691691507495,0.061408400441766355,0.6083224304074842
25944,LOF,0.48333117631751144,0.024106035317215932,0.49256278836527273
25945,LOF,0.0637398106966651,0.021765726468628382,0.9144944628347065
25946,LOF,0.02893806471116591,0.11025723985796292,0.8608046954308711
25947,LOF,0.10871116360141041,0.23602344201026232,0.6552653943883272
25948,LOF,0.4201163368846254,0.007828115847875013,0.5720555472674996
25949,LOF,0.10603005894012216,0.02725685009944685,0.8667130909604309
25950,GOF,0.29706305534535804,0.37108626382211024,0.33185068083253183
25951,LOF,0.23756542512389991,0.2361569899111932,0.526277584964907
25952,LOF,0.04291744698860495,0.4357630863620321,0.5213194666493629
25953,LOF,0.15883098005698656,0.09244646173724973,0.7487225582057637
25954,Neutral,0.4480218700658949,0.159083972056728,0.392894157877377
25955,LOF,0.05024080402447003,0.08411084369788029,0.8656483522776497
25956,LOF,0.16869834405138315,0.11078001136143877,0.720521644587178
25957,LOF,0.03863743031294686,0.02895089593310776,0.9324116737539453
25958,LOF,0.06292151536384472,0.02861930977938032,0.9084591748567751
25959,LOF,0.07683442333806785,0.3632933125945297,0.5598722640674024
25960,LOF,0.016172040671424803,0.0515031436206213,0.932324815707954
25961,LOF,0.052283997623588645,0.03201316146303972,0.9157028409133717
25962,LOF,0.06526453636830236,0.027373026406627303,0.9073624372250704
25963,LOF,0.053158727247895006,0.19546359797428242,0.7513776747778226
25964,LOF,0.03613649141164594,0.15565188767391316,0.8082116209144409
25965,Neutral,0.46666643624825627,0.07816032563929687,0.4551732381124468
25966,Neutral,0.5109202589996042,0.1753402091290886,0.31373953187130726
25967,LOF,0.01626446956389745,0.10381711832093601,0.8799184121151666
25968,LOF,0.029043515544468698,0.43018192021104595,0.5407745642444853
25969,LOF,0.025995793438523217,0.0645597680644584,0.9094444384970183
25970,LOF,0.05921469408382929,0.06140820571525883,0.8793771002009119
25971,LOF,0.07481775953065485,0.01888199210980285,0.9063002483595424
25972,LOF,0.07019491045840988,0.025624985352248563,0.9041801041893416
25973,LOF,0.07586161121475585,0.009526954164271533,0.9146114346209727
25974,LOF,0.2158975351884266,0.01734567293053682,0.7667567918810366
25975,LOF,0.04467098923098028,0.02832793062688287,0.9270010801421368
25976,LOF,0.041868981940332964,0.016702855910913722,0.9414281621487532
25977,LOF,0.16112679891142187,0.0869080005067127,0.7519652005818654
25978,LOF,0.1454919460816427,0.06168539444036649,0.7928226594779908
25979,LOF,0.13392875152526953,0.06324783211713526,0.8028234163575952
25980,LOF,0.19887172551950857,0.08169121485173535,0.719437059628756
25981,LOF,0.2344254638015964,0.07934778780877386,0.6862267483896297
25982,LOF,0.3970940383146139,0.05038965548847758,0.5525163061969085
25983,LOF,0.40375857273499693,0.06226082959278526,0.5339805976722178
25984,LOF,0.05113727795756794,0.04843278449328698,0.900429937549145
25985,LOF,0.0382828219086104,0.2552317329103974,0.7064854451809922
25986,LOF,0.042122433547591216,0.27668503875116374,0.681192527701245
25987,LOF,0.07634509712332536,0.0681823677694666,0.855472535107208
25988,LOF,0.14361925278228865,0.052704615554429776,0.8036761316632816
25989,LOF,0.03018121061959174,0.09644804237312479,0.8733707470072835
25990,LOF,0.038553691169902475,0.1222421508567278,0.8392041579733697
25991,LOF,0.13740232078217307,0.3268229478948415,0.5357747313229855
25992,LOF,0.322032993669404,0.19019720585889785,0.48776980047169827
25993,LOF,0.022313729547409754,0.08167546310674047,0.8960108073458497
25994,LOF,0.016905510270369014,0.11620461872668503,0.8668898710029459
25995,LOF,0.024797935112039766,0.24084552256075242,0.7343565423272078
25996,GOF,0.29951454694709184,0.4722218959392277,0.22826355711368046
25997,LOF,0.08012089081271206,0.4511180721484238,0.4687610370388641
25998,Neutral,0.5409075783173882,0.02464109888194024,0.43445132280067145
25999,LOF,0.10820217460098216,0.08322506430390743,0.8085727610951104
26000,LOF,0.15069392037495352,0.049242695845479946,0.8000633837795665
26001,LOF,0.1730561244245023,0.04692811763660573,0.7800157579388921
26002,LOF,0.12386595647807006,0.045588798476363095,0.8305452450455668
26003,GOF,0.010544933103439387,0.605138714805451,0.3843163520911097
26004,GOF,0.021151537605648432,0.6706725772176978,0.30817588517665373
26005,LOF,0.007307885503809903,0.46521750365351294,0.5274746108426771
26006,Neutral,0.539553583514174,0.25342765646200843,0.20701876002381753
26007,GOF,0.01939726660859791,0.5339078356019964,0.4466948977894056
26008,GOF,0.015144838730206984,0.6301227648096408,0.35473239646015226
26009,GOF,0.020257389229524334,0.6984234632426436,0.281319147527832
26010,GOF,0.024394270323574625,0.6402217859238303,0.33538394375259495
26011,LOF,0.006075133441818948,0.45226949692593976,0.5416553696322413
26012,GOF,0.012729353572270598,0.562080453564261,0.4251901928634685
26013,GOF,0.019548021617440143,0.6314102375964533,0.34904174078610645
26014,LOF,0.0395728113687111,0.11116191089522583,0.849265277736063
26015,LOF,0.20108758047387582,0.008721820556283923,0.7901905989698402
26016,LOF,0.23008165561930594,0.056545583676023456,0.7133727607046706
26017,LOF,0.24223276210310424,0.09477804351021923,0.6629891943866766
26018,LOF,0.09024759339819786,0.026167276018054565,0.8835851305837477
26019,LOF,0.08506941560381666,0.02049133773963066,0.8944392466565528
26020,LOF,0.0812326278720531,0.1145830515711678,0.8041843205567792
26021,LOF,0.04753396212106872,0.11092397294735938,0.8415420649315718
26022,LOF,0.011192889087460689,0.034197406822291686,0.9546097040902477
26023,LOF,0.1058035448376937,0.018502616584818086,0.8756938385774882
26024,LOF,0.032898467204109015,0.12234041302689129,0.8447611197689997
26025,LOF,0.15693927864123008,0.0838601898605213,0.7592005314982486
26026,LOF,0.33826522805253945,0.025586304272459733,0.6361484676750009
26027,LOF,0.08300159183771898,0.013825127414291089,0.9031732807479899
26028,LOF,0.17846873724302062,0.06880257364795699,0.7527286891090225
26029,LOF,0.07287142661237275,0.20823491256633403,0.7188936608212932
26030,LOF,0.02593510894257436,0.07071300734123105,0.9033518837161947
26031,LOF,0.02939134037904777,0.14976620883457817,0.8208424507863741
26032,LOF,0.06266002708744829,0.07781279718413998,0.8595271757284118
26033,LOF,0.11343407319142959,0.09559264305487251,0.7909732837536979
26034,LOF,0.046537639774029756,0.18360970499323,0.7698526552327403
26035,LOF,0.028501431423103896,0.16222864001423973,0.8092699285626563
26036,LOF,0.040877332387142806,0.19201387253424376,0.7671087950786133
26037,LOF,0.023471577632259783,0.1359588104087719,0.8405696119589684
26038,LOF,0.05827407748375625,0.08014193602183649,0.8615839864944073
26039,LOF,0.05638752646450013,0.16852156861811693,0.775090904917383
26040,LOF,0.18116930437083925,0.14143397355057252,0.6773967220785881
26041,LOF,0.02440904671909395,0.1276309495910848,0.8479600036898213
26042,LOF,0.023091092708344793,0.12207839260050483,0.8548305146911505
26043,LOF,0.05778243839250612,0.09269509918679363,0.8495224624207003
26044,LOF,0.021950915240460635,0.08914819354319632,0.888900891216343
26045,LOF,0.06975193898324057,0.10942327248851823,0.8208247885282413
26046,LOF,0.05976622582766488,0.09086923156170622,0.8493645426106288
26047,LOF,0.08225937322140195,0.09559670023602486,0.8221439265425732
26048,LOF,0.05164640698999755,0.046737843790534236,0.9016157492194682
26049,Neutral,0.9619113705210548,0.00846188504963062,0.029626744429314518
26050,Neutral,0.9433969204372804,0.010823144808689362,0.04577993475403015
26051,LOF,0.05417223432034397,0.2877249923089096,0.6581027733707464
26052,LOF,0.07184929359355752,0.3373617942817532,0.5907889121246893
26053,LOF,0.0564538924754363,0.11938897891174366,0.82415712861282
26054,LOF,0.05401016956178679,0.018520877076181722,0.9274689533620315
26055,LOF,0.07756114047722161,0.015305017232448244,0.9071338422903301
26056,LOF,0.06447892029180313,0.01667219589200811,0.9188488838161887
26057,LOF,0.02851561437490093,0.012734482968069874,0.9587499026570292
26058,LOF,0.029461689657517685,0.010356236185999401,0.9601820741564829
26059,LOF,0.28412739434900086,0.022632467277698895,0.6932401383733003
26060,LOF,0.041056528431690754,0.19683072770639823,0.7621127438619111
26061,LOF,0.01856919678584059,0.011203223094771163,0.9702275801193883
26062,LOF,0.010614010580972779,0.018504423097855063,0.9708815663211721
26063,LOF,0.022484404958522605,0.01206892049122511,0.9654466745502523
26064,LOF,0.023910633613605962,0.022755745324646373,0.9533336210617476
26065,LOF,0.023942090648642694,0.010675363254767239,0.9653825460965901
26066,LOF,0.02112616117835806,0.011868109549405625,0.9670057292722363
26067,LOF,0.027328942915540225,0.00944665125506623,0.9632244058293935
26068,LOF,0.04651946075519045,0.029261455141243297,0.9242190841035662
26069,LOF,0.26292940650592084,0.018891736734586613,0.7181788567594926
26070,LOF,0.3762891645873206,0.015835605654825117,0.6078752297578542
26071,LOF,0.023613027024572315,0.012833914722216823,0.9635530582532108
26072,LOF,0.021628330193905795,0.01603445231211381,0.9623372174939804
26073,LOF,0.024440954729687533,0.010376661087933956,0.9651823841823784
26074,Neutral,0.913347888906482,0.005705445900743887,0.08094666519277412
26075,LOF,0.048619950751139285,0.01571024630499523,0.9356698029438654
26076,LOF,0.04792385491620587,0.009614100965679427,0.9424620441181147
26077,LOF,0.011004500324889184,0.017312785644117094,0.9716827140309938
26078,LOF,0.01420490605614247,0.01237465524298568,0.9734204387008719
26079,LOF,0.06241374111751717,0.017224570760898512,0.9203616881215844
26080,LOF,0.061596561684036925,0.017238138921616235,0.9211652993943468
26081,LOF,0.03703473685181968,0.006413244502965174,0.9565520186452151
26082,LOF,0.015117483923562517,0.016846818951223416,0.9680356971252141
26083,LOF,0.13101050814517717,0.013204440882009044,0.8557850509728138
26084,LOF,0.028732328806018136,0.012648356908614489,0.9586193142853674
26085,LOF,0.02490470293257402,0.011978265788047716,0.9631170312793783
26086,LOF,0.02337544405423258,0.01204750031697079,0.9645770556287967
26087,LOF,0.028226649681229798,0.008506050401609847,0.9632672999171603
26088,LOF,0.017145357349412603,0.026180511510686923,0.9566741311399005
26089,LOF,0.044572068036735,0.02365623096705757,0.9317717009962074
26090,LOF,0.043867335966000454,0.018865351938259122,0.9372673120957405
26091,LOF,0.03963057105212541,0.006239049799920555,0.9541303791479541
26092,LOF,0.026055534133471767,0.00872281691831497,0.9652216489482133
26093,LOF,0.03799911511965579,0.006250568152645519,0.9557503167276986
26094,LOF,0.04157255380099675,0.006238305396479062,0.952189140802524
26095,LOF,0.04169028663010766,0.01283917677777797,0.9454705365921144
26096,LOF,0.019559620752059886,0.01340502543521657,0.9670353538127235
26097,LOF,0.012719758505237995,0.03667607839542297,0.950604163099339
26098,LOF,0.0770577417507852,0.010558977457620035,0.9123832807915948
26099,LOF,0.02468543953149255,0.012259575961817143,0.9630549845066904
26100,LOF,0.027311832628949307,0.012034043480306176,0.9606541238907446
26101,LOF,0.058642197503850954,0.015515587278063906,0.9258422152180852
26102,LOF,0.024727815134802735,0.013480103297808963,0.9617920815673882
26103,Neutral,0.8888828582126195,0.01861229199451494,0.09250484979286554
26104,LOF,0.08340094697779309,0.024585891763964692,0.8920131612582421
26105,LOF,0.21349599925635096,0.3244636434359371,0.462040357307712
26106,LOF,0.21159532363879935,0.1151466655640375,0.6732580107971632
26107,LOF,0.24037273508386714,0.084080009567305,0.675547255348828
26108,LOF,0.26806521101354747,0.11640686128723556,0.6155279276992169
26109,LOF,0.08943513902228256,0.051247884411650776,0.8593169765660665
26110,LOF,0.28566431702708367,0.00790415435905395,0.7064315286138623
26111,Neutral,0.5194073027086706,0.023378765164713513,0.4572139321266157
26112,LOF,0.03541074497994012,0.008057215096882122,0.9565320399231778
26113,LOF,0.05864098626567172,0.017322468612011102,0.9240365451223173
26114,LOF,0.02508609487472233,0.02647620602286324,0.9484376991024144
26115,LOF,0.07952423311600557,0.049286813021074564,0.87118895386292
26116,LOF,0.06296787986047181,0.05526659525801304,0.8817655248815153
26117,LOF,0.4349634934499125,0.04638044491245965,0.5186560616376279
26118,LOF,0.03483906487811422,0.026836491909028003,0.9383244432128578
26119,LOF,0.021831062903454865,0.03651876763409123,0.941650169462454
26120,LOF,0.028410227493552317,0.02235423692728679,0.9492355355791608
26121,LOF,0.03919243608224189,0.08241066181373388,0.8783969021040242
