feature0,prediction,LoGoFunc_Neutral,LoGoFunc_GOF,LoGoFunc_LOF
25546,Neutral,0.6238707907742204,0.07382902435070834,0.3023001848750713
25547,Neutral,0.4797715733310242,0.11556766873533102,0.4046607579336447
25548,Neutral,0.47749284755146415,0.1002262481249983,0.42228090432353754
25549,LOF,0.4156527569335226,0.10093863891770206,0.48340860414877523
25550,LOF,0.3426350153686027,0.13519380081736526,0.522171183814032
25551,LOF,0.3115020700526173,0.1413304185150322,0.5471675114323505
25552,LOF,0.2623650084060439,0.1305312696828121,0.607103721911144
25553,Neutral,0.8074950346443908,0.0532278335464358,0.1392771318091733
25554,LOF,0.3056190913632038,0.12149702404273295,0.5728838845940633
25555,LOF,0.25792230082920375,0.11618479364293718,0.625892905527859
25556,Neutral,0.4649979364283943,0.10299454661075876,0.43200751696084694
25557,LOF,0.24111742823502808,0.12134444940478112,0.6375381223601909
25558,LOF,0.30467523893816956,0.11791364200227622,0.5774111190595542
25559,LOF,0.18746319164919165,0.12732190993452336,0.685214898416285
25560,LOF,0.15879118946101237,0.09249797952612916,0.7487108310128585
25561,LOF,0.1584748341535149,0.10239898704368103,0.7391261788028041
25562,LOF,0.07199477081431088,0.07271432913027691,0.8552909000554122
25563,LOF,0.021383293753425178,0.12949912374769587,0.849117582498879
25564,LOF,0.22235889578958845,0.12563092011308544,0.6520101840973261
25565,LOF,0.20770711201806996,0.12250287887715712,0.6697900091047729
25566,GOF,0.09549177479658531,0.716958571928755,0.1875496532746598
25567,LOF,0.038073336134237815,0.10760751903011403,0.8543191448356482
25568,LOF,0.06351210854835139,0.06527730282926993,0.8712105886223788
25569,LOF,0.06064239083544422,0.06374717801224858,0.8756104311523071
25570,LOF,0.027943262612941114,0.09462930873448919,0.8774274286525696
25571,LOF,0.027797236514091637,0.09591513604912272,0.8762876274367857
25572,LOF,0.06076324379466972,0.10642572791848759,0.8328110282868427
25573,LOF,0.058962562227125,0.07858424411548358,0.8624531936573914
25574,LOF,0.06071403311724281,0.1607629852909009,0.7785229815918563
25575,LOF,0.022880221118193784,0.1029252951467316,0.8741944837350746
25576,LOF,0.03186958060117996,0.1377830189095348,0.8303474004892853
25577,LOF,0.030538740228982463,0.1045263578238484,0.8649349019471692
25578,LOF,0.3042207539439021,0.07336616986283474,0.6224130761932631
25579,LOF,0.13792283005457098,0.08021184210255664,0.7818653278428724
25580,LOF,0.018989006952587595,0.07125922647317338,0.909751766574239
25581,LOF,0.057653774943327254,0.06011858971022473,0.882227635346448
25582,LOF,0.05759414553067578,0.058529845467039106,0.8838760090022851
25583,LOF,0.02040454901576534,0.07501412132777237,0.9045813296564624
25584,Neutral,0.6691121252215627,0.09786158309864569,0.2330262916797916
25585,LOF,0.030264630403430182,0.1144979299498084,0.8552374396467614
25586,LOF,0.01805237277587988,0.06118314799054309,0.9207644792335771
25587,LOF,0.017278592252975674,0.05638406993458739,0.926337337812437
25588,LOF,0.020846292647414465,0.06610058238231391,0.9130531249702717
25589,Neutral,0.5139199246869327,0.1722318593571851,0.31384821595588214
25590,LOF,0.0481965753071903,0.10159647121900778,0.850206953473802
25591,LOF,0.10251916724322405,0.05022473902326478,0.8472560937335113
25592,LOF,0.05498749445795742,0.1165507610021688,0.8284617445398738
25593,LOF,0.13745586026203688,0.22607073130028285,0.6364734084376803
25594,LOF,0.05093625484405585,0.09848166236964989,0.8505820827862943
25595,LOF,0.04857974827263955,0.0748040858212058,0.8766161659061545
25596,LOF,0.10722592108024814,0.04383242705402754,0.8489416518657243
25597,LOF,0.082817504994164,0.0454855961819933,0.8716968988238428
25598,LOF,0.051730628048025584,0.07468768493217873,0.8735816870197957
25599,GOF,0.021867732618787824,0.516787673050432,0.4613445943307802
25600,GOF,0.18872991251163138,0.4917836189386838,0.31948646854968477
25601,LOF,0.03887446018601252,0.4176910562272755,0.543434483586712
25602,LOF,0.030820460026389496,0.07317091514150584,0.8960086248321047
25603,LOF,0.02828354561353806,0.035297961687499727,0.9364184926989622
25604,LOF,0.03412180780468672,0.06916755097480613,0.8967106412205073
25605,LOF,0.033658787855574704,0.20635888319543186,0.7599823289489934
25606,LOF,0.40172640866278386,0.12481371204590042,0.47345987929131583
25607,LOF,0.023006601649297055,0.20975287248379937,0.7672405258669036
25608,LOF,0.033952114757543284,0.065829582142658,0.9002183030997987
25609,GOF,0.15584116285221436,0.5090492950900294,0.33510954205775634
25610,LOF,0.014200956990287084,0.02796445284543909,0.9578345901642739
25611,LOF,0.013754195708176636,0.0315872282943046,0.9546585759975187
25612,LOF,0.0421958854059274,0.04312133675426949,0.9146827778398031
25613,LOF,0.04071869179241446,0.043660852134108516,0.915620456073477
25614,LOF,0.01907770849591256,0.02631209997877866,0.9546101915253088
25615,LOF,0.041243884753864056,0.036666976006853765,0.9220891392392822
25616,LOF,0.04237232756101416,0.029521925761733275,0.9281057466772525
25617,LOF,0.03688859145622084,0.0382494519294647,0.9248619566143145
25618,LOF,0.04975932595824784,0.037059971077956395,0.9131807029637958
25619,LOF,0.0144671231233069,0.030956252651205614,0.9545766242254875
25620,LOF,0.05676429639153822,0.04336605179513118,0.8998696518133306
25621,LOF,0.047273334158302635,0.03535617671545901,0.9173704891262384
25622,LOF,0.05695050343128402,0.032412862120807774,0.9106366344479083
25623,LOF,0.06717837908968066,0.029410582295272963,0.9034110386150465
25624,LOF,0.017448346573149982,0.03378725632835895,0.948764397098491
25625,LOF,0.058154973297238476,0.038176315858571556,0.9036687108441901
25626,LOF,0.04098005320559715,0.04137291579151288,0.91764703100289
25627,Neutral,0.8948964906249006,0.020556611881819797,0.08454689749327958
25628,LOF,0.125103980761033,0.058109543202654525,0.8167864760363126
25629,LOF,0.056368461479725254,0.038236382459472834,0.9053951560608019
25630,LOF,0.27089081552954436,0.07105249666313669,0.658056687807319
25631,Neutral,0.5523216570165648,0.05818262820954973,0.38949571477388545
25632,LOF,0.02552457416409822,0.06413071275834192,0.9103447130775598
25633,LOF,0.19521773041873636,0.033743275633721787,0.7710389939475418
25634,LOF,0.03364786137134356,0.072717247855524,0.8936348907731323
25635,LOF,0.03523648886396545,0.0417820482948775,0.9229814628411571
25636,LOF,0.037894854749981756,0.44872767766564897,0.5133774675843692
25637,GOF,0.06592838312144275,0.49972555513167016,0.43434606174688695
25638,LOF,0.029933150375624232,0.308509954074991,0.6615568955493848
25639,LOF,0.031489207948420854,0.353027460318343,0.6154833317332361
25640,Neutral,0.8192451257789113,0.1397726584387561,0.04098221578233259
25641,LOF,0.06663113859585282,0.417051226455858,0.5163176349482892
25642,LOF,0.04449938817094302,0.14484709604462498,0.810653515784432
25643,LOF,0.22890598222767705,0.16303586363537703,0.6080581541369459
25644,LOF,0.021454211740852606,0.45227733024895705,0.5262684580101903
25645,LOF,0.020495521899670306,0.42070165235794443,0.5588028257423854
25646,LOF,0.051198465966829254,0.31890151727795646,0.6299000167552142
25647,LOF,0.022428053227986383,0.25748597299845905,0.7200859737735545
25648,LOF,0.03305737189095783,0.2392146114777671,0.7277280166312751
25649,LOF,0.01563503041991301,0.24226176454581572,0.7421032050342713
25650,LOF,0.04828605369884666,0.42578767271301077,0.5259262735881426
25651,LOF,0.015645421572134156,0.2726470812021827,0.7117074972256832
25652,LOF,0.030524337413535572,0.2635216715489766,0.7059539910374878
25653,LOF,0.07836672179666611,0.4033760731776903,0.5182572050256435
25654,LOF,0.021883926042952095,0.1993293858645628,0.7787866880924851
25655,GOF,0.2200945981344184,0.41696344064875734,0.36294196121682426
25656,LOF,0.2671572427164046,0.05438054781893386,0.6784622094646615
25657,LOF,0.07728787653463445,0.05968068295804168,0.8630314405073239
25658,LOF,0.39095935717818664,0.05896138130731312,0.5500792615145003
25659,Neutral,0.5255202984540286,0.08653958081983047,0.38794012072614087
25660,LOF,0.02765723222951838,0.08772970368253791,0.8846130640879437
25661,LOF,0.09191425282587572,0.06504232587894739,0.843043421295177
25662,LOF,0.03159947886356277,0.03495850802411644,0.9334420131123207
25663,LOF,0.036639554479118264,0.049981007598561354,0.9133794379223203
25664,LOF,0.15073720810735403,0.0568584459478668,0.7924043459447793
25665,LOF,0.05310105245982753,0.033160951867263755,0.9137379956729087
25666,LOF,0.0875845562648013,0.0715317006725142,0.8408837430626845
25667,LOF,0.06401102424304883,0.039810858716529535,0.8961781170404217
25668,LOF,0.03361592334374606,0.050814028266840616,0.9155700483894132
25669,LOF,0.03118840777544207,0.05753794681536959,0.9112736454091884
25670,LOF,0.14577397330215533,0.05255668988164032,0.8016693368162042
25671,LOF,0.09725935470293945,0.03488735066850045,0.8678532946285601
25672,LOF,0.05209617438627954,0.044859813723461296,0.9030440118902591
25673,LOF,0.08264639652303131,0.041825806237757515,0.8755277972392113
25674,LOF,0.070080860600415,0.05215607079191364,0.8777630686076713
25675,LOF,0.11805935020481861,0.05315245471656122,0.8287881950786202
25676,LOF,0.017319340184832967,0.05535236733942634,0.9273282924757407
25677,LOF,0.02551422282702557,0.07424679536627954,0.9002389818066949
25678,LOF,0.19067459851069724,0.06344736283973702,0.7458780386495658
25679,LOF,0.12531924165031766,0.09067271827544207,0.7840080400742403
25680,LOF,0.030024150443918887,0.11625878280376797,0.8537170667523131
25681,LOF,0.045614252049952904,0.10882549841236337,0.8455602495376837
25682,LOF,0.13922318632736377,0.07741071768370773,0.7833660959889285
25683,LOF,0.1229261867764671,0.09738786079706943,0.7796859524264634
25684,LOF,0.04423042329222708,0.07256683834733739,0.8832027383604356
25685,LOF,0.13135999064333717,0.04138893591731654,0.8272510734393463
25686,LOF,0.07291321944425093,0.08781222141136637,0.8392745591443828
25687,LOF,0.11542142632252726,0.08605532233413438,0.7985232513433383
25688,LOF,0.28657395597874824,0.037960819070265356,0.6754652249509864
25689,LOF,0.24419160470547785,0.039387489020476125,0.7164209062740461
25690,LOF,0.3641580577992737,0.026410908975738452,0.6094310332249879
25691,Neutral,0.7073021140512629,0.02265178347311752,0.2700461024756196
25692,LOF,0.29177004051490885,0.01070480124639444,0.6975251582386968
25693,GOF,0.04285558809657493,0.49162718761693897,0.4655172242864862
25694,LOF,0.12390560891430137,0.018297688754576928,0.8577967023311216
25695,LOF,0.11572014651718365,0.016722254567955133,0.8675575989148613
25696,LOF,0.1087668032399836,0.008996946560988359,0.882236250199028
25697,LOF,0.1250441286798445,0.029803578833328206,0.8451522924868273
25698,LOF,0.352499674696451,0.22263797853958023,0.4248623467639688
25699,LOF,0.41798290891945244,0.03980852222128188,0.5422085688592657
25700,LOF,0.05845597961485415,0.007681151528959603,0.9338628688561862
25701,LOF,0.14199829791235985,0.047713210989195405,0.8102884910984447
25702,GOF,0.15877268610374168,0.5634494509437266,0.27777786295253176
25703,LOF,0.01631453250168241,0.19091384423728985,0.7927716232610277
25704,LOF,0.047920829626047316,0.14155463432703508,0.8105245360469177
25705,LOF,0.05659029634499297,0.19302452293698186,0.7503851807180252
25706,LOF,0.09118644373188702,0.35874023350179546,0.5500733227663175
25707,LOF,0.0824559970607987,0.30389815998384845,0.6136458429553528
25708,LOF,0.03267301938779048,0.2591941331668988,0.7081328474453108
25709,LOF,0.05874916233055269,0.04218280709683444,0.8990680305726129
25710,LOF,0.012482958365469633,0.14078252366437996,0.8467345179701504
25711,LOF,0.017926939808576892,0.10046877349123463,0.8816042867001884
25712,LOF,0.014124274337200116,0.17905500856799902,0.8068207170948007
25713,LOF,0.017965618332865408,0.088240460517981,0.8937939211491537
25714,LOF,0.06554488394273311,0.08766690642972784,0.846788209627539
25715,LOF,0.010557648344551702,0.1474917350929027,0.8419506165625456
25716,LOF,0.01386767303451523,0.12322820290950845,0.8629041240559764
25717,LOF,0.013702330920532529,0.07861632086174553,0.9076813482177221
25718,LOF,0.012907063890874733,0.09807861547342986,0.8890143206356954
25719,LOF,0.01988853974125087,0.07792093062970963,0.9021905296290396
25720,LOF,0.021015833178138193,0.07197525478639383,0.9070089120354681
25721,LOF,0.01598483956250392,0.10473088898830915,0.8792842714491869
25722,LOF,0.013629664431802349,0.12133505720015389,0.8650352783680436
25723,LOF,0.02280846557417695,0.0467196332315673,0.9304719011942558
25724,LOF,0.02236831538904301,0.07956045815158325,0.8980712264593737
25725,LOF,0.012009213232253213,0.0697182303441368,0.9182725564236099
25726,LOF,0.014425923928583141,0.09870140093188329,0.8868726751395335
25727,LOF,0.013639038450172792,0.07386387511007679,0.9124970864397505
25728,LOF,0.009836082122518108,0.11176075692632917,0.8784031609511527
25729,LOF,0.010142239915834027,0.11108289397123788,0.8787748661129281
25730,LOF,0.013585123714662372,0.08480774962344624,0.9016071266618914
25731,LOF,0.019808605217087816,0.11646868759889469,0.8637227071840174
25732,LOF,0.014838838800621023,0.08564938219409618,0.8995117790052829
25733,LOF,0.016156703105465027,0.07278069014937094,0.911062606745164
25734,LOF,0.01230553342174045,0.12830540719156097,0.8593890593866985
25735,LOF,0.0136274956601339,0.08175983827905078,0.9046126660608154
25736,LOF,0.014528860816382837,0.11148963237524338,0.8739815068083737
25737,LOF,0.02050051985640685,0.09593258032421177,0.8835668998193813
25738,LOF,0.01322270164806806,0.11481580813413178,0.8719614902178002
25739,LOF,0.0196361250616686,0.09135884348455796,0.8890050314537734
25740,LOF,0.026759667186655983,0.11110065956218985,0.8621396732511541
25741,LOF,0.015305160382827218,0.11824665922255749,0.8664481803946154
25742,LOF,0.11034117846787192,0.08532455025595108,0.8043342712761771
25743,LOF,0.03294921845451066,0.031488566047935075,0.9355622154975543
25744,Neutral,0.6135271727308098,0.19778593218291324,0.1886868950862769
25745,LOF,0.0808558894650652,0.0712580442626398,0.847886066272295
25746,LOF,0.036939326202936926,0.08430545868837201,0.878755215108691
25747,LOF,0.02267300482100253,0.04176629522664181,0.9355606999523556
25748,LOF,0.09874773520233998,0.0675482483202232,0.8337040164774369
25749,LOF,0.025363122449045733,0.07125028445099303,0.9033865930999613
25750,LOF,0.08104074425390445,0.08046914512869957,0.838490110617396
25751,LOF,0.09760146978231006,0.06408195174531532,0.8383165784723747
25752,GOF,0.11436826694263288,0.6615913734724725,0.22404035958489465
25753,LOF,0.019840885505782935,0.28944392769336147,0.6907151868008556
25754,GOF,0.00990839732440422,0.7925263778994847,0.19756522477611108
25755,LOF,0.02201172866300127,0.3949498300044084,0.5830384413325903
25756,LOF,0.040671778596489835,0.38520690044958633,0.5741213209539239
25757,GOF,0.013871347694077826,0.8507991621145125,0.1353294901914097
25758,GOF,0.02825985028054078,0.834769855247196,0.13697029447226333
25759,GOF,0.010992586269373399,0.5539016835251215,0.4351057302055052
25760,LOF,0.01083325210820769,0.2393794916876591,0.7497872562041332
25761,GOF,0.29249310500967063,0.6231955625045368,0.08431133248579269
25762,LOF,0.03387212861249208,0.28380269457968227,0.6823251768078256
25763,LOF,0.013086094414815305,0.20235209342886726,0.7845618121563175
25764,GOF,0.06507971142274474,0.6452645754824906,0.2896557130947647
25765,GOF,0.03864736681059929,0.7762479659284947,0.18510466726090616
25766,GOF,0.059555189201883706,0.7911317632206852,0.149313047577431
25767,GOF,0.15729863909110547,0.5106849992391702,0.3320163616697242
25768,LOF,0.08828905778316891,0.06721243537050259,0.8444985068463284
25769,LOF,0.0678772644110647,0.06648232851602447,0.8656404070729108
25770,LOF,0.2900961136073958,0.09060564837053106,0.6192982380220732
25771,LOF,0.03879005216554119,0.044647276984009124,0.9165626708504496
25772,LOF,0.016477425608326646,0.031402588078120984,0.9521199863135524
25773,LOF,0.04610010621766574,0.07841666293189462,0.8754832308504398
25774,LOF,0.02971537322374244,0.07194385479506551,0.8983407719811919
25775,LOF,0.048085570820342455,0.041259898368212485,0.9106545308114451
25776,LOF,0.06868359847086226,0.02405970389146934,0.9072566976376684
25777,LOF,0.34416514033579615,0.04998246875383037,0.6058523909103735
25778,LOF,0.06340094171657173,0.04703630136570664,0.8895627569177216
25779,GOF,0.36827567164980207,0.5928528811103148,0.038871447239883165
25780,GOF,0.2994693245985951,0.6333929637715767,0.0671377116298283
25781,GOF,0.14681810122416936,0.7573180118935551,0.09586388688227565
25782,GOF,0.20624380059046157,0.7256709444459144,0.06808525496362408
25783,GOF,0.02907519927200144,0.6575007463476993,0.31342405438029924
25784,Neutral,0.48291248294268097,0.4809961652617029,0.03609135179561617
25785,GOF,0.4449108556193067,0.5191099513169248,0.03597919306376844
25786,GOF,0.030375273190042896,0.7585373852083029,0.21108734160165402
25787,Neutral,0.620655104594057,0.35662817396216145,0.02271672144378156
25788,LOF,0.04462323417042581,0.11248856750603739,0.8428881983235368
25789,GOF,0.20796223019974797,0.6702510070726043,0.12178676272764781
25790,GOF,0.2156687730939602,0.6926444987724767,0.09168672813356314
25791,GOF,0.1602764460252306,0.6832036353970963,0.15651991857767306
25792,GOF,0.3427940083468888,0.5407867958039814,0.11641919584912996
25793,GOF,0.25381603407064685,0.5511667253290764,0.19501724060027673
25794,GOF,0.2913775220949725,0.5581013683527962,0.1505211095522313
25795,GOF,0.08226727029114116,0.7051396984396574,0.21259303126920145
25796,Neutral,0.5261587051046799,0.3964723613591707,0.07736893353614932
25797,GOF,0.09229441396258313,0.5656297954208405,0.34207579061657634
25798,GOF,0.008692549697270048,0.5312646083158183,0.46004284198691164
25799,LOF,0.007049003033535628,0.4260597226591599,0.5668912743073045
25800,GOF,0.032988633733776654,0.6213325662789687,0.3456787999872547
25801,GOF,0.19316976618629408,0.6862546155821176,0.12057561823158819
25802,GOF,0.07814370089169591,0.693475682088522,0.22838061701978227
25803,GOF,0.03397293521340373,0.6036115396553718,0.3624155251312244
25804,GOF,0.029004022902094556,0.4956752520444935,0.47532072505341205
25805,GOF,0.0972070579520988,0.5930537123005375,0.3097392297473637
25806,GOF,0.10319512499325195,0.5886199425849356,0.30818493242181244
25807,GOF,0.01884769124279944,0.6281196808829397,0.3530326278742608
25808,GOF,0.08724972486623314,0.6481675114649621,0.26458276366880484
25809,GOF,0.01652491999632351,0.607592902931534,0.3758821770721424
25810,GOF,0.014812960394448165,0.6464284470020949,0.3387585926034569
25811,GOF,0.41698782492010095,0.50897216739476,0.07404000768513892
25812,GOF,0.030622035165138766,0.6521881966047319,0.3171897682301293
25813,Neutral,0.48303497812199514,0.42606154148468867,0.09090348039331624
25814,GOF,0.11818598767135477,0.6541450588946365,0.22766895343400873
25815,GOF,0.19495202527267236,0.6383205277263304,0.16672744700099712
25816,GOF,0.023037696140018212,0.7046054187500794,0.27235688510990236
25817,GOF,0.23912105463069197,0.6410212167587768,0.11985772861053132
25818,GOF,0.0514943031471303,0.6822802822723588,0.26622541458051086
25819,GOF,0.35285236035083917,0.5155199252669915,0.1316277143821694
25820,GOF,0.18864717792626504,0.6107532331727268,0.20059958890100826
25821,GOF,0.05880228542500156,0.6750246658020477,0.2661730487729506
25822,GOF,0.21871945929223283,0.5833209563372258,0.19795958437054137
25823,GOF,0.03443219760085306,0.5476267207446226,0.41794108165452437
25824,GOF,0.08868474023807982,0.6323035549532753,0.2790117048086449
25825,GOF,0.036733280929642696,0.6317083515512191,0.33155836751913825
25826,GOF,0.01684705304455368,0.5992112477583267,0.38394169919711973
25827,GOF,0.025292389296189814,0.6078266769437108,0.3668809337600993
25828,GOF,0.014065777724472733,0.5278554057978908,0.45807881647763643
25829,GOF,0.00594113703422279,0.5966290354985568,0.39742982746722044
25830,LOF,0.0311914830116643,0.29839223455448005,0.6704162824338558
25831,GOF,0.2066198176336046,0.6911266960578415,0.10225348630855394
25832,GOF,0.0322847418571909,0.7529313885846933,0.21478386955811582
25833,GOF,0.11269761149236834,0.7506250247375466,0.13667736377008521
25834,GOF,0.03125573864384301,0.7638954067627671,0.2048488545933899
25835,GOF,0.07065664424203236,0.7915818060534984,0.13776154970446924
25836,GOF,0.03250224988242346,0.7321040525892292,0.23539369752834727
25837,GOF,0.027561540010780837,0.6301794602963435,0.34225899969287554
25838,GOF,0.09535736242849002,0.7825968283831346,0.12204580918837539
25839,GOF,0.2864925886956436,0.5926914358933721,0.12081597541098422
25840,GOF,0.25274171613763086,0.6159078661915914,0.13135041767077774
25841,GOF,0.24012368894501446,0.6423473229235317,0.11752898813145388
25842,GOF,0.15744825912319763,0.7278671629204556,0.11468457795634687
25843,GOF,0.22087948598215748,0.6949954170623257,0.08412509695551681
25844,GOF,0.06364457437358012,0.74171141546458,0.19464401016183983
25845,GOF,0.01583898561300907,0.52293236310011,0.46122865128688095
25846,GOF,0.1160162998013906,0.7539112781031347,0.13007242209547476
25847,GOF,0.10564261540729308,0.7923255205929752,0.10203186399973178
25848,GOF,0.036666154339953676,0.7201402598960736,0.24319358576397263
25849,GOF,0.011056408699371016,0.6153631783202843,0.37358041298034456
25850,GOF,0.02129571642983251,0.6765382005193801,0.30216608305078746
25851,GOF,0.017169857507914773,0.5440475299942371,0.43878261249784806
25852,GOF,0.17301365373004543,0.5765487420141414,0.25043760425581324
25853,GOF,0.34912960904922946,0.5850875867216945,0.06578280422907594
25854,GOF,0.021391432437425008,0.6407620412914052,0.33784652627116973
25855,GOF,0.03733211375580809,0.5804852607044819,0.38218262553971
25856,GOF,0.2486600449716819,0.560670966566619,0.19066898846169922
25857,GOF,0.03712619592766175,0.5376226402099341,0.42525116386240397
25858,GOF,0.02246438726959589,0.571968567716417,0.40556704501398705
25859,GOF,0.010681108280846466,0.5297811965510846,0.4595376951680691
25860,GOF,0.3492500676322916,0.5741376903113901,0.07661224205631835
25861,GOF,0.4281629893568435,0.5131824320753332,0.05865457856782337
25862,GOF,0.0918394053110048,0.7888821076645416,0.1192784870244535
25863,GOF,0.0814501921260131,0.7976475338916267,0.12090227398236031
25864,GOF,0.20105847495277065,0.7326465834737527,0.06629494157347673
25865,GOF,0.08488864822236108,0.8081939997051328,0.1069173520725061
25866,GOF,0.05534208164922316,0.8021454603738858,0.14251245797689113
25867,GOF,0.08711982289324698,0.8206202389656672,0.09225993814108592
25868,GOF,0.24872637462713665,0.6584424946783068,0.09283113069455641
25869,Neutral,0.6807897977108796,0.27760765553265865,0.041602546756461765
25870,GOF,0.2645473557870399,0.4328843636548039,0.3025682805581562
25871,GOF,0.2172686793913183,0.6566224128149962,0.1261089077936855
25872,GOF,0.08094712339468771,0.6597633139683915,0.2592895626369207
25873,GOF,0.11164186062372722,0.7149472522044283,0.17341088717184444
25874,LOF,0.013605176540684334,0.12159651174325418,0.8647983117160614
25875,LOF,0.08004399563892126,0.04587986589957468,0.874076138461504
25876,LOF,0.036753339025645204,0.031663499397975144,0.9315831615763797
25877,Neutral,0.5124252011692698,0.04624904765393259,0.44132575117679756
25878,LOF,0.2010279431190789,0.09965528707680144,0.6993167698041197
25879,LOF,0.07903283062920621,0.09972973814260468,0.8212374312281892
25880,LOF,0.0410310576907322,0.014910484345669618,0.9440584579635982
25881,LOF,0.1659270632815448,0.11214187942214766,0.7219310572963076
25882,LOF,0.06466374667980763,0.016444141366734763,0.9188921119534577
25883,LOF,0.06602527934737401,0.019365188311357178,0.9146095323412688
25884,LOF,0.030873630794031614,0.029141632264867337,0.939984736941101
25885,LOF,0.05558175444933729,0.012563068495044552,0.9318551770556182
25886,LOF,0.2594758737078813,0.038199499327048705,0.7023246269650701
25887,LOF,0.15385532553965922,0.06341377162911693,0.7827309028312237
25888,LOF,0.06704168416261629,0.05589832830321251,0.8770599875341712
25889,LOF,0.04035518161885325,0.02001677707211099,0.9396280413090358
25890,LOF,0.047359518689556755,0.1475290856706412,0.805111395639802
25891,LOF,0.03868186235465238,0.05278797926783923,0.9085301583775084
25892,LOF,0.08757530937665495,0.02180036320962312,0.8906243274137219
25893,LOF,0.253746850864774,0.021165318655981525,0.7250878304792445
25894,LOF,0.18442049225927942,0.01076363863421379,0.8048158691065067
25895,LOF,0.20173087140569995,0.02345473212391001,0.7748143964703901
25896,LOF,0.050783734091926554,0.019731725977455504,0.9294845399306179
25897,LOF,0.26256745024411754,0.012055191493135567,0.7253773582627469
25898,Neutral,0.7157794809885678,0.010180829061840566,0.27403968994959155
25899,LOF,0.21996297651805735,0.02115634714349404,0.7588806763384486
25900,LOF,0.4506258915560109,0.012390646286298223,0.536983462157691
25901,LOF,0.05757009089886162,0.010696225757694282,0.9317336833434442
25902,LOF,0.15751146850692502,0.012405658818630587,0.8300828726744444
25903,Neutral,0.5738742264047509,0.027191130544159888,0.39893464305108917
25904,LOF,0.3430204479124631,0.038657567127307696,0.6183219849602292
25905,LOF,0.027499518521768834,0.31723446976300634,0.6552660117152248
25906,LOF,0.03390918996668507,0.07783103399956157,0.8882597760337533
25907,LOF,0.014339962154773877,0.3366424047603007,0.6490176330849254
25908,LOF,0.010725968537943602,0.2516743436231861,0.7375996878388703
25909,LOF,0.01319031130688727,0.1292382917720713,0.8575713969210415
25910,LOF,0.05028371244730346,0.13850232904785534,0.8112139585048412
25911,LOF,0.1706556258013771,0.02912687178592757,0.8002175024126953
25912,LOF,0.04518121931097317,0.05486389948655797,0.8999548812024688
25913,LOF,0.3395722339694683,0.02529029250727118,0.6351374735232606
25914,LOF,0.019549319373335195,0.05774220490512457,0.9227084757215402
25915,Neutral,0.5812863110253618,0.1538925100770292,0.264821178897609
25916,LOF,0.07210485362866322,0.18944034652032335,0.7384547998510134
25917,LOF,0.05889234173145524,0.044576847616904766,0.89653081065164
25918,LOF,0.021797604635329638,0.033294315284157515,0.9449080800805127
25919,LOF,0.019143954311269102,0.0354703263170109,0.94538571937172
25920,GOF,0.10364514672429767,0.5107326563441074,0.38562219693159494
25921,LOF,0.023313520300174504,0.038154475456718566,0.9385320042431069
25922,LOF,0.031261177331409824,0.02727835730821454,0.9414604653603758
25923,LOF,0.4774093936413293,0.03913860631267548,0.48345200004599526
25924,LOF,0.03507017729534516,0.04659650502875773,0.9183333176758971
25925,LOF,0.06775860630896186,0.04162802759811856,0.8906133660929196
25926,LOF,0.050325968052062735,0.035012669943624175,0.9146613620043131
25927,LOF,0.05515296788812896,0.15412938898888046,0.7907176431229905
25928,LOF,0.01628174706399976,0.04857132765440344,0.9351469252815968
25929,Neutral,0.5950930484707455,0.04132152243387139,0.36358542909538316
25930,LOF,0.0693876271175473,0.03406240265167042,0.8965499702307823
25931,LOF,0.022758831613993433,0.03289484127334762,0.944346327112659
25932,LOF,0.027836360925300764,0.028309445419257576,0.9438541936554417
25933,LOF,0.0367078425334739,0.019844316025351617,0.9434478414411746
25934,LOF,0.02451643385631562,0.02015200476871615,0.9553315613749683
25935,LOF,0.0602695780779209,0.05280702464250676,0.8869233972795723
25936,LOF,0.042974276977298755,0.024675898451293806,0.9323498245714074
25937,LOF,0.024716110531855243,0.03701980512802709,0.9382640843401175
25938,LOF,0.06238806875401824,0.054340502273973725,0.8832714289720079
25939,LOF,0.039849106795134266,0.021207873156357804,0.9389430200485079
25940,LOF,0.033220221209775525,0.3538061011305631,0.6129736776596614
25941,LOF,0.18844802323141135,0.10254819876672319,0.7090037780018654
25942,LOF,0.013362768273531939,0.038236503128673535,0.9484007285977945
25943,LOF,0.3034898903210184,0.0479190792558582,0.6485910304231234
25944,Neutral,0.4926637167952421,0.020104285145452955,0.48723199805930495
25945,LOF,0.07914369526513958,0.022245192751912654,0.8986111119829477
25946,LOF,0.031498169156589616,0.12234977749319904,0.8461520533502113
25947,LOF,0.11616841234334678,0.17424099285017774,0.7095905948064755
25948,LOF,0.34821889578373605,0.008819034570493364,0.6429620696457705
25949,LOF,0.12867663643349825,0.03241378144805261,0.8389095821184492
25950,GOF,0.3038182313214657,0.36647720220002394,0.32970456647851043
25951,LOF,0.20810794762074677,0.280383976960033,0.5115080754192203
25952,LOF,0.03999175140466573,0.42486417780378855,0.5351440707915457
25953,LOF,0.14997748410608963,0.11106570697507831,0.7389568089188321
25954,Neutral,0.42510748987020114,0.17428547578671122,0.4006070343430877
25955,LOF,0.05097573192990132,0.07680018960170086,0.8722240784683979
25956,LOF,0.163145613336777,0.11092841779524049,0.7259259688679826
25957,LOF,0.0375911589340673,0.030242498428040245,0.9321663426378924
25958,LOF,0.057681008544857415,0.028416610476960334,0.9139023809781822
25959,LOF,0.06727847544389998,0.3494762833051118,0.5832452412509883
25960,LOF,0.016419518318355288,0.0483840890473496,0.935196392634295
25961,LOF,0.043966366939397684,0.02818767682981458,0.9278459562307877
25962,LOF,0.05352498077110541,0.022599357858741426,0.9238756613701532
25963,LOF,0.04746044543219363,0.19924919992803572,0.7532903546397708
25964,LOF,0.03391032503215102,0.14525073178425346,0.8208389431835954
25965,LOF,0.43043529406439723,0.06226942611164354,0.5072952798239593
25966,Neutral,0.5217555024711403,0.16316991607507075,0.3150745814537889
25967,LOF,0.017066445453339935,0.11295523969652302,0.869978314850137
25968,LOF,0.035213157347315734,0.3972855140515749,0.5675013286011094
25969,LOF,0.03991138169071697,0.062304465222509466,0.8977841530867736
25970,LOF,0.05879951204932309,0.06498608076603571,0.8762144071846413
25971,LOF,0.07243036240947968,0.02096917822087509,0.9066004593696453
25972,LOF,0.06935346489324012,0.02913559922858495,0.901510935878175
25973,LOF,0.07825520203945344,0.00836689926160038,0.9133778986989463
25974,LOF,0.19077891196163402,0.014815210455744843,0.7944058775826212
25975,LOF,0.04812846329854411,0.024216852682535924,0.9276546840189199
25976,LOF,0.04303524265828968,0.01555197382220554,0.9414127835195049
25977,LOF,0.15868754847262978,0.08514422043095433,0.756168231096416
25978,LOF,0.144903796059986,0.07779475129008594,0.7773014526499282
25979,LOF,0.13421344759734832,0.07327826843180667,0.792508283970845
25980,LOF,0.23201334259681117,0.09558967205929941,0.6723969853438894
25981,LOF,0.26790525245016744,0.09277468394983522,0.6393200635999974
25982,LOF,0.4313393954776938,0.059323893742628746,0.5093367107796776
25983,LOF,0.40552059489872144,0.06705786672574961,0.527421538375529
25984,LOF,0.04919352174354302,0.04473216148807432,0.9060743167683827
25985,LOF,0.03748568149381163,0.29520589978935696,0.6673084187168313
25986,LOF,0.04748853998433403,0.3515459421549903,0.6009655178606758
25987,LOF,0.09734555812929038,0.06530697493474298,0.8373474669359667
25988,LOF,0.15808434844044625,0.057571978041418836,0.7843436735181348
25989,LOF,0.03475551309274156,0.11404672483898624,0.8511977620682722
25990,LOF,0.04146274052354677,0.15894782566840035,0.7995894338080529
25991,LOF,0.1354553616210125,0.23962916141780247,0.6249154769611851
25992,LOF,0.28113599015332974,0.14712563100197418,0.5717383788446961
25993,LOF,0.02331621054370175,0.0768957207062172,0.8997880687500811
25994,LOF,0.016915298041678628,0.08701705731053179,0.8960676446477897
25995,LOF,0.02341167763189773,0.18818931929658286,0.7883990030715193
25996,GOF,0.31025300672150896,0.3848673209839482,0.30487967229454277
25997,LOF,0.07943228744258193,0.36220586458463505,0.5583618479727831
25998,Neutral,0.5072010951932829,0.027100804284762893,0.4656981005219541
25999,LOF,0.11059193579006492,0.09066080082801493,0.7987472633819201
26000,LOF,0.13446018206344368,0.05338750076081957,0.8121523171757368
26001,LOF,0.1848940483178576,0.06497951285885824,0.7501264388232841
26002,LOF,0.1224492247223394,0.04969653194333872,0.8278542433343219
26003,GOF,0.01020947273776215,0.5731179319146215,0.41667259534761647
26004,GOF,0.018063234554855215,0.6653187685102576,0.3166179969348873
26005,LOF,0.006383179668031679,0.44298934033676457,0.5506274799952039
26006,Neutral,0.5273922180477144,0.24250803003713853,0.2300997519151471
26007,GOF,0.02132256301124569,0.5376875111002126,0.44098992588854175
26008,GOF,0.01718673717270309,0.5923680412980016,0.3904452215292952
26009,GOF,0.020526307327378954,0.677939214878469,0.3015344777941522
26010,GOF,0.01963985030939654,0.6131348548400977,0.3672252948505058
26011,LOF,0.006417982851391211,0.4308913141460059,0.5626907030026029
26012,GOF,0.012605437068060608,0.5376382057262498,0.44975635720568957
26013,GOF,0.0176002458335912,0.5846625040791176,0.3977372500872912
26014,LOF,0.042688136613106935,0.0992321760255547,0.8580796873613383
26015,LOF,0.15459053941737388,0.016230874968665113,0.8291785856139611
26016,LOF,0.2141613879713803,0.05709819580906819,0.7287404162195514
26017,LOF,0.24078360472406804,0.09064440379905869,0.6685719914768734
26018,LOF,0.08182625148973531,0.0401502292455929,0.8780235192646718
26019,LOF,0.07768978885220942,0.032906861583510555,0.8894033495642801
26020,LOF,0.07474490473276686,0.10682093009751516,0.8184341651697179
26021,LOF,0.05259898786638083,0.10893760421394406,0.838463407919675
26022,LOF,0.011440431929022712,0.04598249837966229,0.9425770696913149
26023,LOF,0.06645125125346134,0.025167986670889857,0.9083807620756488
26024,LOF,0.0350310047051889,0.11086579873432878,0.8541031965604824
26025,LOF,0.1562220212685309,0.10264401308190947,0.7411339656495596
26026,LOF,0.3381272652236633,0.03210864723152624,0.6297640875448105
26027,LOF,0.06143386887355753,0.019635786728243447,0.918930344398199
26028,LOF,0.16827695580540525,0.06174992165075048,0.7699731225438442
26029,LOF,0.07076006470486544,0.17975127250654147,0.749488662788593
26030,LOF,0.02241746057397482,0.04937390285619547,0.9282086365698297
26031,LOF,0.02628923261768029,0.12983774802271075,0.843873019359609
26032,LOF,0.06366638517584829,0.07942345683918604,0.8569101579849657
26033,LOF,0.08127299227041034,0.07968101082263013,0.8390459969069595
26034,LOF,0.039289341173508435,0.16101596799592965,0.799694690830562
26035,LOF,0.025374998286539715,0.15094035292649297,0.8236846487869672
26036,LOF,0.03770696406366917,0.17010460550686887,0.7921884304294619
26037,LOF,0.020945975781540997,0.11773104122196913,0.8613229829964898
26038,LOF,0.05963605135036345,0.07992257549156669,0.8604413731580698
26039,LOF,0.04847035991214734,0.14571686301903855,0.8058127770688142
26040,LOF,0.20760609213616368,0.1276884654873945,0.6647054423764419
26041,LOF,0.021566462429314055,0.10913104297252717,0.8693024945981589
26042,LOF,0.020265935454230766,0.10412073797448143,0.8756133265712878
26043,LOF,0.060729723699575716,0.09263904526960723,0.846631231030817
26044,LOF,0.02023766187748078,0.06515934158285512,0.914602996539664
26045,LOF,0.07379090927433223,0.09524200731766003,0.8309670834080078
26046,LOF,0.05574190845137182,0.07585684633818414,0.8684012452104439
26047,LOF,0.07143836555085911,0.07950916488407704,0.8490524695650639
26048,LOF,0.04497760316751387,0.036903402053414955,0.9181189947790712
26049,Neutral,0.9667613369545546,0.006421231150544572,0.026817431894900854
26050,Neutral,0.9498134280176169,0.008413793283933928,0.041772778698449115
26051,LOF,0.05164612163809502,0.29053309129471305,0.657820787067192
26052,LOF,0.06098697781841569,0.32561895065502144,0.6133940715265629
26053,LOF,0.05077386074589906,0.13032851400907342,0.8188976252450275
26054,LOF,0.05282961553123792,0.01715212142272672,0.9300182630460353
26055,LOF,0.07473954684719238,0.014652787122933018,0.9106076660298746
26056,LOF,0.06230118784511521,0.0163021361278051,0.9213966760270796
26057,LOF,0.031328699368732865,0.011807231846477797,0.9568640687847894
26058,LOF,0.0324358625481056,0.009612426071003393,0.957951711380891
26059,LOF,0.29588547305003426,0.01977125598235332,0.6843432709676123
26060,LOF,0.039113514041323245,0.15836896439398115,0.8025175215646957
26061,LOF,0.017841256019076532,0.010634851125899306,0.9715238928550242
26062,LOF,0.010367689771900024,0.01626984871967165,0.9733624615084283
26063,LOF,0.0203297055960478,0.011095152514665852,0.9685751418892864
26064,LOF,0.0215996104669495,0.02297700754582278,0.9554233819872276
26065,LOF,0.026915803503112817,0.011804985595857591,0.9612792109010296
26066,LOF,0.020840740463332612,0.010840042916225886,0.9683192166204414
26067,LOF,0.027737967200090117,0.008980055526025212,0.9632819772738846
26068,LOF,0.04646215574781165,0.02607653573864761,0.9274613085135407
26069,LOF,0.2960621168777258,0.01682815076002323,0.6871097323622509
26070,LOF,0.4565513031269946,0.013271404923404194,0.5301772919496013
26071,LOF,0.020514883544074915,0.011855315217524712,0.9676298012384004
26072,LOF,0.02048759583639469,0.018441151566590586,0.9610712525970149
26073,LOF,0.020927024550817304,0.011191840696021521,0.9678811347531611
26074,Neutral,0.9165653159520684,0.00578643492263624,0.07764824912529536
26075,LOF,0.04531546643276183,0.012791221349938008,0.9418933122173001
26076,LOF,0.03919323408427839,0.009556480550688827,0.9512502853650328
26077,LOF,0.009810284091566758,0.014239356995886809,0.9759503589125464
26078,LOF,0.012858498775222018,0.010779771956232323,0.9763617292685457
26079,LOF,0.06429328732172954,0.0150474794773796,0.9206592332008908
26080,LOF,0.06400414992142948,0.015056841199062027,0.9209390088795085
26081,LOF,0.034900809819493714,0.006866462495720132,0.9582327276847862
26082,LOF,0.014174371360717846,0.014812706793399327,0.971012921845883
26083,LOF,0.18542276127484486,0.01429531429809857,0.8002819244270566
26084,LOF,0.04271809990253445,0.01118304990679794,0.9460988501906675
26085,LOF,0.03875493128837481,0.010720026366655918,0.9505250423449693
26086,LOF,0.021095740435039995,0.010455563042410927,0.9684486965225491
26087,LOF,0.02410797010985725,0.008215946049374733,0.9676760838407681
26088,LOF,0.015882972489579636,0.020401885524649128,0.9637151419857712
26089,LOF,0.044638864672147824,0.019251292048120896,0.9361098432797312
26090,LOF,0.04425574508260706,0.015753900371244287,0.9399903545461487
26091,LOF,0.03302273398919123,0.0064515638903118715,0.9605257021204969
26092,LOF,0.022556282410439644,0.008057308464244045,0.9693864091253164
26093,LOF,0.03499823173147559,0.0062071088671302194,0.9587946594013941
26094,LOF,0.03663077622333547,0.006073411492047285,0.9572958122846172
26095,LOF,0.03859095612525571,0.01324926966969167,0.9481597742050527
26096,LOF,0.017398019565419753,0.011371601975407234,0.971230378459173
26097,LOF,0.012239242057250929,0.03332517680903853,0.9544355811337104
26098,LOF,0.0885034999663116,0.009871197936615582,0.9016253020970727
26099,LOF,0.02221857955846639,0.01218173630820306,0.9655996841333306
26100,LOF,0.024644504784223236,0.011917409272044628,0.9634380859437321
26101,LOF,0.04629677023432439,0.014197209792624847,0.9395060199730507
26102,LOF,0.02093388558684521,0.012350880430955169,0.9667152339821996
26103,Neutral,0.8850281486238534,0.018187592157173398,0.09678425921897317
26104,LOF,0.08637270500034477,0.022172158683750894,0.8914551363159042
26105,LOF,0.2067717278117451,0.2553534212469452,0.5378748509413096
26106,LOF,0.18123836711162025,0.11509270795541648,0.7036689249329633
26107,LOF,0.22885420088750524,0.07496303224050127,0.6961827668719934
26108,LOF,0.2612903632992084,0.08143191126902632,0.6572777254317653
26109,LOF,0.08664041562212309,0.05120697406503741,0.8621526103128394
26110,LOF,0.20393550808897903,0.008025893997490508,0.7880385979135305
26111,Neutral,0.5163081052264799,0.031004257224865918,0.4526876375486542
26112,LOF,0.03092046170518485,0.008029289483785685,0.9610502488110295
26113,LOF,0.06164938329408869,0.019220604442795112,0.9191300122631162
26114,LOF,0.023607458405797026,0.0323653254270374,0.9440272161671656
26115,LOF,0.08332418636053512,0.058490398052937397,0.8581854155865275
26116,LOF,0.06395972551422159,0.06072641972858116,0.8753138547571971
26117,LOF,0.4526195780394945,0.04042628944873345,0.5069541325117721
26118,LOF,0.03337577360622045,0.024272992098119305,0.9423512342956603
26119,LOF,0.022632356916744135,0.03241065253931552,0.9449569905439403
26120,LOF,0.02710470994396226,0.018558905810939285,0.9543363842450986
26121,LOF,0.0453614470859295,0.09186508368288536,0.8627734692311853
