feature0,prediction,LoGoFunc_Neutral,LoGoFunc_GOF,LoGoFunc_LOF
25546,Neutral,0.630025652586123,0.05075210395668953,0.3192222434571874
25547,Neutral,0.5024577393597212,0.08995696158554396,0.40758529905473484
25548,Neutral,0.49838662424565666,0.07150746562848785,0.43010591012585553
25549,LOF,0.4529374118168829,0.07115848743261866,0.47590410075049855
25550,LOF,0.3571572336692737,0.1044835945973365,0.5383591717333898
25551,LOF,0.3228805391798336,0.10899911038267804,0.5681203504374883
25552,LOF,0.2774397713138481,0.11041632045294578,0.6121439082332061
25553,Neutral,0.8037439318662278,0.03852927815832483,0.15772678997544737
25554,LOF,0.31960196787506756,0.0961229744705388,0.5842750576543936
25555,LOF,0.27135604498770066,0.0910353211065487,0.6376086339057506
25556,LOF,0.4555674453366745,0.08100625104427964,0.46342630361904574
25557,LOF,0.25394732569660605,0.09906885711119655,0.6469838171921974
25558,LOF,0.3215325831120825,0.09420583302926847,0.584261583858649
25559,LOF,0.2859884584625787,0.18023086299096294,0.5337806785464584
25560,LOF,0.17065223487203965,0.1264903709964548,0.7028573941315056
25561,LOF,0.16107948464379146,0.15575873644159133,0.6831617789146172
25562,LOF,0.07461549097557908,0.084046260148721,0.8413382488756999
25563,LOF,0.028294532636772996,0.16135297943827628,0.8103524879249507
25564,LOF,0.1882802986785829,0.1407099129656414,0.6710097883557758
25565,LOF,0.20104054734399485,0.13741444325870375,0.6615450093973014
25566,GOF,0.07526160549533956,0.6800763632008772,0.24466203130378325
25567,LOF,0.03699699322537744,0.19203651571920802,0.7709664910554146
25568,LOF,0.06349896050260305,0.09585575721196983,0.840645282285427
25569,LOF,0.05987161335966384,0.09730965505180149,0.8428187315885346
25570,LOF,0.02687227310799262,0.12453482583046926,0.8485929010615382
25571,LOF,0.026668669139762676,0.13473577824691038,0.8385955526133269
25572,LOF,0.06386880437965523,0.1534912021315488,0.782639993488796
25573,LOF,0.05747260040221529,0.11729477717383839,0.8252326224239463
25574,LOF,0.05603966682030639,0.2472045836878578,0.6967557494918358
25575,LOF,0.02350017585734885,0.1413600036249494,0.8351398205177019
25576,LOF,0.03029918069455587,0.1913803564515584,0.7783204628538857
25577,LOF,0.033149541866794266,0.13939589509874822,0.8274545630344575
25578,LOF,0.2947468513807744,0.11408785827829672,0.5911652903409289
25579,LOF,0.13068267819291612,0.11964612516915449,0.7496711966379294
25580,LOF,0.020200810584868608,0.0962869816193803,0.883512207795751
25581,LOF,0.050785756120071725,0.0914523170945351,0.8577619267853932
25582,LOF,0.050790823082146004,0.08894121110707622,0.8602679658107779
25583,LOF,0.02107840684959721,0.11101374431000789,0.867907848840395
25584,Neutral,0.6807634478069683,0.13952683270306065,0.179709719489971
25585,LOF,0.02103076707073544,0.18223500347865298,0.7967342294506116
25586,LOF,0.016760082205942845,0.09490886734992024,0.888331050444137
25587,LOF,0.016544159422023766,0.08357425949858514,0.8998815810793911
25588,LOF,0.020042702835745378,0.0905865967508074,0.8893707004134472
25589,Neutral,0.46443209534474744,0.2605431714766911,0.27502473317856135
25590,LOF,0.04611832073819512,0.1474565195799715,0.8064251596818334
25591,LOF,0.09036417754938182,0.07988306849440856,0.8297527539562096
25592,LOF,0.05210473614480143,0.17295151578828777,0.7749437480669108
25593,LOF,0.11513533240144198,0.30636628825968903,0.578498379338869
25594,LOF,0.049490962767529845,0.08140131454720054,0.8691077226852696
25595,LOF,0.05206631585981569,0.058697486942670414,0.8892361971975138
25596,LOF,0.10070450961414987,0.026848167526719285,0.8724473228591308
25597,LOF,0.08689869603586224,0.031618987273692355,0.8814823166904454
25598,LOF,0.04789253099002687,0.06259133628991301,0.88951613272006
25599,LOF,0.02010547294952623,0.42755218962964064,0.552342337420833
25600,GOF,0.17520956514566982,0.4566495496774503,0.36814088517687993
25601,LOF,0.0367193919635347,0.35504207502471347,0.6082385330117519
25602,LOF,0.03369920239975663,0.06151174715415289,0.9047890504460904
25603,LOF,0.035463464392124354,0.03658351528276538,0.9279530203251103
25604,LOF,0.03684120573531654,0.07721893813930335,0.8859398561253802
25605,LOF,0.03577284830502259,0.18526344291560518,0.7789637087793723
25606,LOF,0.407990425605691,0.12259585711827271,0.46941371727603626
25607,LOF,0.0297384358496647,0.1659259105396547,0.8043356536106805
25608,LOF,0.044754060138578175,0.09043099110067589,0.864814948760746
25609,GOF,0.1304055287949169,0.5352667293557126,0.3343277418493705
25610,LOF,0.014500811378601515,0.045093070099081194,0.9404061185223173
25611,LOF,0.012859442186667677,0.04342896434149382,0.9437115934718385
25612,LOF,0.04393770125761878,0.0681801368049784,0.8878821619374027
25613,LOF,0.04260841517483456,0.06498502726731244,0.8924065575578529
25614,LOF,0.02090566751538519,0.041369346153054445,0.9377249863315603
25615,LOF,0.04222476385266345,0.0634534469977946,0.894321789149542
25616,LOF,0.04449766074536061,0.040030781667385835,0.9154715575872536
25617,LOF,0.040746772626461265,0.05176550389160708,0.9074877234819316
25618,LOF,0.04253653255047671,0.05494660481938465,0.9025168626301385
25619,LOF,0.012490395680204481,0.05302695430533183,0.9344826500144636
25620,LOF,0.05546824791560435,0.05727406360028834,0.8872576884841074
25621,LOF,0.05919131158960574,0.05534813390921845,0.8854605545011759
25622,LOF,0.06389516182148189,0.05402873435606821,0.8820761038224498
25623,LOF,0.06787282650459373,0.04289718619521043,0.8892299873001959
25624,LOF,0.01706796686758483,0.054521136975164315,0.9284108961572508
25625,LOF,0.060980659563296326,0.05352200039288475,0.885497340043819
25626,LOF,0.043064870867499605,0.06244144288916531,0.8944936862433351
25627,Neutral,0.8881482603616309,0.022141357082757267,0.08971038255561187
25628,LOF,0.15861835845104644,0.060969404869779927,0.7804122366791737
25629,LOF,0.0645844900168217,0.050558551387485925,0.8848569585956925
25630,LOF,0.2982679691729031,0.07302926402792101,0.6287027667991759
25631,Neutral,0.5597732513234204,0.07207943730153758,0.36814731137504203
25632,LOF,0.025109217364734506,0.06504369702020434,0.9098470856150611
25633,LOF,0.1414616855086451,0.041480086454071904,0.8170582280372829
25634,LOF,0.033778434881829855,0.08609192904729851,0.8801296360708717
25635,LOF,0.03302996362370534,0.04636170032091123,0.9206083360553835
25636,LOF,0.033507702734540915,0.41061788189540566,0.5558744153700534
25637,LOF,0.07465353583567562,0.46162186715179115,0.46372459701253327
25638,LOF,0.028952113361489826,0.35675564881323035,0.6142922378252798
25639,LOF,0.02878725117092501,0.3604972500451599,0.6107154987839152
25640,Neutral,0.7923751795239118,0.16028388357842144,0.0473409368976668
25641,GOF,0.0644071741483758,0.5033363520030522,0.43225647384857196
25642,LOF,0.053591028148706685,0.21735977978941892,0.7290491920618745
25643,LOF,0.20173422291046267,0.1548334001005529,0.6434323769889845
25644,GOF,0.027385623771975454,0.4993414873289899,0.4732728888990346
25645,LOF,0.027623485512853683,0.43975160933155905,0.5326249051555874
25646,LOF,0.06289847600999512,0.3555558369799151,0.5815456870100898
25647,LOF,0.02935848199763674,0.30272070218261166,0.6679208158197516
25648,LOF,0.03335649184324854,0.2986443419318539,0.6679991662248975
25649,LOF,0.017778109394878124,0.24875740348372866,0.7334644871213932
25650,LOF,0.054634435311472426,0.43724470604653976,0.5081208586419879
25651,LOF,0.01962289011677677,0.3071893357333618,0.6731877741498613
25652,LOF,0.031048684951110628,0.29598446789186605,0.6729668471570234
25653,LOF,0.08805749199896694,0.4338742147446997,0.4780682932563333
25654,LOF,0.021222547732501287,0.25403280664170963,0.7247446456257891
25655,GOF,0.2185562165292875,0.42746534563350636,0.35397843783720623
25656,LOF,0.3466018312172929,0.08333952034876568,0.5700586484339414
25657,LOF,0.060827537986864064,0.07540248346159738,0.8637699785515385
25658,LOF,0.37787223458418817,0.09169633531201032,0.5304314301038016
25659,Neutral,0.47446390264127153,0.13114632358565137,0.39438977377307705
25660,LOF,0.022289087508926563,0.10154553224064351,0.87616538025043
25661,LOF,0.09966281835616556,0.06619884216762555,0.8341383394762089
25662,LOF,0.034746865656361946,0.03509273652580777,0.9301603978178303
25663,LOF,0.04247336081052611,0.04964647901126219,0.9078801601782117
25664,LOF,0.14460437286526828,0.06729498168405994,0.7881006454506717
25665,LOF,0.059800824830174126,0.034088928320253765,0.9061102468495722
25666,LOF,0.09685327168735068,0.07229592116815961,0.8308508071444898
25667,LOF,0.07511844607678139,0.04531074726476728,0.8795708066584513
25668,LOF,0.03965928458275413,0.05453494582973495,0.905805769587511
25669,LOF,0.033679223599322364,0.050306849680857434,0.9160139267198202
25670,LOF,0.15001280733552325,0.05786061383898063,0.7921265788254961
25671,LOF,0.12541496697461316,0.03708489725018475,0.837500135775202
25672,LOF,0.053763519312022875,0.049741784000732335,0.8964946966872448
25673,LOF,0.08167599235530336,0.0529143229207597,0.8654096847239369
25674,LOF,0.06984900272373117,0.0625087223279943,0.8676422749482746
25675,LOF,0.11443431201432985,0.06064637516947047,0.8249193128161996
25676,LOF,0.020018779691039428,0.05926635059539336,0.9207148697135672
25677,LOF,0.027692813229574228,0.07616260848899889,0.8961445782814269
25678,LOF,0.21420490301402936,0.06717210760987753,0.7186229893760931
25679,LOF,0.11984409217491152,0.08424912225678811,0.7959067855683004
25680,LOF,0.033817653535643644,0.13367012338200418,0.8325122230823522
25681,LOF,0.04952450124840394,0.12537010552752123,0.825105393224075
25682,LOF,0.14709180032814917,0.08303840055121674,0.7698697991206341
25683,LOF,0.11859429446597108,0.09303512799963373,0.7883705775343951
25684,LOF,0.04238203566494915,0.07510231275404468,0.8825156515810062
25685,LOF,0.1362082904351166,0.060993065121360525,0.8027986444435228
25686,LOF,0.07817084327106714,0.09016910566332056,0.8316600510656122
25687,LOF,0.1184314397919373,0.10288961497837998,0.7786789452296827
25688,LOF,0.34109289618797684,0.04880342053986917,0.610103683272154
25689,LOF,0.2622395962586575,0.05526207149823348,0.682498332243109
25690,LOF,0.3430293471155293,0.0435647886128451,0.6134058642716257
25691,Neutral,0.7023094452485232,0.03410782437607115,0.2635827303754055
25692,LOF,0.3582303068671035,0.013286571382601134,0.6284831217502954
25693,LOF,0.0518775729998992,0.4021512725879016,0.5459711544121992
25694,LOF,0.11891483569909254,0.01805017737135987,0.8630349869295476
25695,LOF,0.11859998443008951,0.01534704563558676,0.8660529699343238
25696,LOF,0.11935356252653781,0.011043616417843155,0.8696028210556191
25697,LOF,0.0852931200108378,0.04452661383256897,0.8701802661565933
25698,LOF,0.3557585414722138,0.16032428679761696,0.4839171717301691
25699,Neutral,0.4928304224109457,0.04032752415675558,0.4668420534322988
25700,LOF,0.07660213801637993,0.008944513093057174,0.914453348890563
25701,LOF,0.18255728721344786,0.051190696147771476,0.7662520166387806
25702,GOF,0.17609404044798302,0.5896204473936595,0.23428551215835747
25703,LOF,0.015887705614092293,0.14736655868990278,0.836745735696005
25704,LOF,0.03896678159902373,0.10216323083108365,0.8588699875698926
25705,LOF,0.04554418412733111,0.16046758237757816,0.7939882334950907
25706,LOF,0.10432047954261771,0.42254514973327884,0.4731343707241034
25707,LOF,0.08799432975604322,0.36278125013387047,0.5492244201100863
25708,LOF,0.03420453195914005,0.3367478446307066,0.6290476234101533
25709,LOF,0.06519805642246403,0.048145473880360085,0.8866564696971758
25710,LOF,0.011262467028503123,0.16107175379896826,0.8276657791725286
25711,LOF,0.01981678960258591,0.09790431734331353,0.8822788930541007
25712,LOF,0.013987505609761969,0.19892422425293055,0.7870882701373075
25713,LOF,0.018757875260351043,0.09000807276517085,0.891234051974478
25714,LOF,0.0709271295997106,0.09352398183379726,0.8355488885664921
25715,LOF,0.011742105285476631,0.1511240689786058,0.8371338257359177
25716,LOF,0.010245181686418478,0.12226000551371878,0.8674948127998626
25717,LOF,0.014356776387320875,0.07815759673101351,0.9074856268816657
25718,LOF,0.011450008460707739,0.09936220813254189,0.8891877834067503
25719,LOF,0.018358717901695496,0.09087424699484178,0.8907670351034627
25720,LOF,0.022664497750152654,0.07332310202235127,0.9040124002274962
25721,LOF,0.01405414172468223,0.13218881976924807,0.8537570385060698
25722,LOF,0.014155637624991163,0.1400487506375259,0.8457956117374829
25723,LOF,0.02188871779218977,0.052573974412185,0.9255373077956253
25724,LOF,0.03175132033103862,0.0892514513122377,0.8789972283567237
25725,LOF,0.01189763284940579,0.08084207402803971,0.9072602931225545
25726,LOF,0.016208214805083956,0.11016938207745179,0.8736224031174643
25727,LOF,0.012274092114712407,0.08454287345481812,0.9031830344304694
25728,LOF,0.010402675642522969,0.1219620251260985,0.8676352992313786
25729,LOF,0.010666910504612506,0.12529651533147937,0.8640365741639081
25730,LOF,0.013992375586831583,0.10587394204969237,0.8801336823634761
25731,LOF,0.018410584081826956,0.10807149171310049,0.8735179242050727
25732,LOF,0.014373234633753328,0.0895897701308966,0.8960369952353501
25733,LOF,0.015336989306153728,0.08200184292495673,0.9026611677688896
25734,LOF,0.01029384750363682,0.13112068276085156,0.8585854697355115
25735,LOF,0.012256295527333622,0.0918593369812837,0.8958843674913827
25736,LOF,0.013138313952636349,0.10987597932246625,0.8769857067248975
25737,LOF,0.012649020704231476,0.08436388036719357,0.9029870989285749
25738,LOF,0.011957492312653981,0.12746457042114556,0.8605779372662005
25739,LOF,0.020058751363591497,0.09304068696341286,0.8869005616729957
25740,LOF,0.027246076469328858,0.13217406452027705,0.8405798590103941
25741,LOF,0.015104533102720927,0.13846772761492868,0.8464277392823504
25742,LOF,0.11855482687368459,0.09306719086181414,0.7883779822645013
25743,LOF,0.03673665488854045,0.04294248326676278,0.9203208618446969
25744,Neutral,0.5530243377772132,0.26212913024489404,0.1848465319778929
25745,LOF,0.06332232363340519,0.07644624335442751,0.8602314330121673
25746,LOF,0.04370666388606977,0.09307084673723595,0.8632224893766943
25747,LOF,0.02051764508154537,0.06736134158223624,0.9121210133362184
25748,LOF,0.09091218857456643,0.09390712863704556,0.8151806827883881
25749,LOF,0.026369321785842365,0.08905515977752781,0.8845755184366298
25750,LOF,0.07262516059517322,0.09044325559661194,0.8369315838082149
25751,LOF,0.08296060142541736,0.11864444638643243,0.7983949521881503
25752,GOF,0.11237082105457247,0.6328925645188128,0.25473661442661466
25753,LOF,0.022453039920312383,0.2734491002100095,0.7040978598696781
25754,GOF,0.01323401636050971,0.7990673869239342,0.18769859671555603
25755,LOF,0.02416885391830859,0.3701583947487848,0.6056727513329065
25756,LOF,0.0477893992793165,0.364913111717008,0.5872974890036755
25757,GOF,0.019712764014209096,0.816035551506043,0.16425168447974786
25758,GOF,0.02737662793894083,0.7838247777541989,0.1887985943068603
25759,GOF,0.011301102941477806,0.5924730442308174,0.39622585282770484
25760,LOF,0.013749539241234007,0.2516059179265228,0.7346445428322431
25761,GOF,0.281522556404555,0.631291014266851,0.0871864293285942
25762,LOF,0.048055517091851026,0.26724448929494593,0.6846999936132031
25763,LOF,0.015078957968980585,0.19311327142049528,0.7918077706105242
25764,GOF,0.0766444824743878,0.6137999908920638,0.3095555266335484
25765,GOF,0.03667156417273863,0.7305993847641817,0.23272905106307948
25766,GOF,0.06551097936449048,0.7413295355772452,0.19315948505826422
25767,GOF,0.12887862530469574,0.5605177252749145,0.3106036494203898
25768,LOF,0.10451785315078627,0.05828336473755121,0.8371987821116625
25769,LOF,0.06013955235459643,0.06351000474251788,0.8763504429028858
25770,LOF,0.30887002708736067,0.09896674095100731,0.592163231961632
25771,LOF,0.049848538968412716,0.046810022977368894,0.9033414380542184
25772,LOF,0.01906043635263044,0.04336304081669053,0.937576522830679
25773,LOF,0.04693828162535719,0.09683426146465833,0.8562274569099845
25774,LOF,0.02991139000477597,0.08124670054882335,0.8888419094464006
25775,LOF,0.04990870317661954,0.04483516216793733,0.9052561346554431
25776,LOF,0.07883273940422791,0.025118096423592837,0.8960491641721793
25777,LOF,0.352058068121017,0.058621178214274344,0.5893207536647087
25778,LOF,0.07124475360657832,0.0486582323163423,0.8800970140770793
25779,GOF,0.3574305042599868,0.59765398121732,0.044915514522693205
25780,GOF,0.34705768948204085,0.5878032670025569,0.06513904351540223
25781,GOF,0.12181808519107959,0.7765586761111417,0.10162323869777867
25782,GOF,0.18136158251987894,0.7346082805997848,0.08403013688033627
25783,GOF,0.02162535564290689,0.6500135987907941,0.32836104556629897
25784,Neutral,0.49877076732953135,0.46118281141485096,0.0400464212556177
25785,Neutral,0.4834044039084235,0.47654054726081835,0.0400550488307582
25786,GOF,0.02838530900436709,0.7619964273020162,0.20961826369361666
25787,Neutral,0.6417334448353363,0.33370960021523965,0.02455695494942403
25788,LOF,0.056857427968066705,0.10389663565044033,0.8392459363814929
25789,GOF,0.21941915216903335,0.6638022246252411,0.11677862320572562
25790,GOF,0.22058675747581194,0.6845492212269362,0.09486402129725185
25791,GOF,0.157048310557314,0.6913942540606536,0.1515574353820325
25792,GOF,0.37523060103338657,0.5185037910923517,0.10626560787426169
25793,GOF,0.2613865109908968,0.5306695787519043,0.20794391025719894
25794,GOF,0.3265437203396783,0.515062074197891,0.15839420546243058
25795,GOF,0.07942643455036622,0.7120526201821104,0.20852094526752354
25796,Neutral,0.5523736794816025,0.36966491363675646,0.0779614068816409
25797,GOF,0.09308744821681832,0.527162811811215,0.37974973997196676
25798,GOF,0.009934107615968517,0.521944773740095,0.46812111864393646
25799,LOF,0.007580204451786226,0.4172639653619028,0.575155830186311
25800,GOF,0.03591163858451656,0.6302148559879531,0.33387350542753025
25801,GOF,0.23969779904867924,0.6510744025602049,0.10922779839111595
25802,GOF,0.06269466006016541,0.7046807028470025,0.23262463709283204
25803,GOF,0.036273757547200726,0.5943426000614632,0.3693836423913362
25804,GOF,0.034051307242905726,0.5103772158541936,0.45557147690290056
25805,GOF,0.09454319000339664,0.6083691378981153,0.297087672098488
25806,GOF,0.11008688640104955,0.6114411917534898,0.27847192184546077
25807,GOF,0.02206432176629018,0.6360857965237638,0.341849881709946
25808,GOF,0.0846740083233682,0.6553037143444348,0.26002227733219707
25809,GOF,0.02078827496764977,0.6321100014574744,0.34710172357487584
25810,GOF,0.019167094895199594,0.656731419379143,0.3241014857256575
25811,Neutral,0.4871444074516796,0.44420475453997565,0.06865083800834487
25812,GOF,0.034046491063645545,0.6515611588650484,0.31439235007130617
25813,Neutral,0.5369138806740831,0.3668282599215002,0.09625785940441674
25814,GOF,0.13188846209463392,0.6683758215048837,0.1997357164004823
25815,GOF,0.2025051168559024,0.6236672930180777,0.17382759012601995
25816,GOF,0.019899417883577592,0.6767334591035035,0.303367123012919
25817,GOF,0.24399167193084675,0.6260928451008277,0.1299154829683256
25818,GOF,0.05995601083066067,0.644556420911098,0.29548756825824135
25819,GOF,0.3742682833475559,0.48793025424589087,0.13780146240655328
25820,GOF,0.1645354429985431,0.6231244692858979,0.2123400877155589
25821,GOF,0.06004266300408037,0.6915935690578168,0.2483637679381029
25822,GOF,0.21995272566860954,0.558371501474277,0.22167577285711337
25823,GOF,0.02763623767049581,0.5190398760541759,0.45332388627532827
25824,GOF,0.08112213071673494,0.5679931284023073,0.3508847408809577
25825,GOF,0.02809396090210336,0.5633151476375945,0.4085908914603022
25826,GOF,0.010956848959483411,0.5358269780402444,0.4532161730002723
25827,GOF,0.021537868319274116,0.5981111113024065,0.3803510203783193
25828,GOF,0.012685062884548945,0.5254727910788095,0.46184214603664153
25829,GOF,0.006234753047962237,0.5776074041962468,0.416157842755791
25830,LOF,0.034631404196743015,0.2836111280910744,0.6817574677121826
25831,GOF,0.2145097757729953,0.6525597643193178,0.13293045990768682
25832,GOF,0.03340571924828204,0.6736189441896723,0.2929753365620456
25833,GOF,0.12432154269517666,0.685318265770412,0.1903601915344114
25834,GOF,0.043088505553014696,0.6799747052579594,0.2769367891890259
25835,GOF,0.09222215319042786,0.7366401004979624,0.17113774631160997
25836,GOF,0.04444329585179651,0.670967257175278,0.28458944697292554
25837,GOF,0.028314770238317185,0.5431784492047441,0.4285067805569387
25838,GOF,0.08837512320676943,0.7353666837493268,0.1762581930439037
25839,GOF,0.33024587570160713,0.5237906931708374,0.14596343112755555
25840,GOF,0.2537829570419706,0.5763878259200657,0.1698292170379637
25841,GOF,0.2778074611788384,0.5687376321238192,0.15345490669734235
25842,GOF,0.19531752152444762,0.6680705574782297,0.13661192099732256
25843,GOF,0.26027138319493237,0.6413189349357341,0.0984096818693335
25844,GOF,0.07101894023754833,0.7065864459469192,0.2223946138155323
25845,LOF,0.015854931299880044,0.4804972285539844,0.5036478401461356
25846,GOF,0.12361105456366188,0.7092947267252472,0.16709421871109081
25847,GOF,0.12667861814898954,0.7611730357307064,0.11214834612030426
25848,GOF,0.03578288116156863,0.6970205693969105,0.2671965494415208
25849,GOF,0.011364988371786781,0.581335762805653,0.40729924882256013
25850,GOF,0.024601962777556784,0.6715469521731442,0.30385108504929914
25851,GOF,0.017470930672806036,0.5596258122156748,0.42290325711151927
25852,GOF,0.17246734739374586,0.5545861697984518,0.2729464828078023
25853,GOF,0.369992649548822,0.563180754848495,0.06682659560268313
25854,GOF,0.02135052434173599,0.6536088453654261,0.325040630292838
25855,GOF,0.03507600715965209,0.5814658838258752,0.3834581090144727
25856,GOF,0.2638354809293659,0.5341658804589471,0.20199863861168701
25857,GOF,0.03640288827732146,0.5200544876400666,0.4435426240826119
25858,GOF,0.01708328252582802,0.5556701600762597,0.42724655739791234
25859,GOF,0.009261488722757633,0.5466639633116106,0.4440745479656317
25860,GOF,0.3968632702953054,0.5241394217864331,0.0789973079182615
25861,GOF,0.4312550930388827,0.4896223337989973,0.07912257316212001
25862,GOF,0.0888480136234782,0.7735112434800201,0.13764074289650172
25863,GOF,0.08929678960473006,0.7735968495804404,0.13710636081482952
25864,GOF,0.19344800106506332,0.7188457703902884,0.08770622854464813
25865,GOF,0.08393629093789563,0.7995060756713622,0.11655763339074215
25866,GOF,0.06049735191750506,0.8032558462388607,0.13624680184363416
25867,GOF,0.07859206294784997,0.8165387529589417,0.10486918409320822
25868,GOF,0.29506524868471445,0.6042709905855795,0.10066376072970597
25869,Neutral,0.7048333338167325,0.25524495575699346,0.03992171042627397
25870,LOF,0.332467298294942,0.331041967919689,0.33649073378536903
25871,GOF,0.20594660662112152,0.6287737686483038,0.16527962473057453
25872,GOF,0.08049832585375778,0.6404907840895964,0.2790108900566459
25873,GOF,0.1388125529787911,0.6541582338822081,0.20702921313900086
25874,LOF,0.017757106386136975,0.10795743541772347,0.8742854581961396
25875,LOF,0.10430764233394618,0.03333368332748397,0.8623586743385698
25876,LOF,0.03607350033991507,0.03403738468872313,0.9298891149713618
25877,Neutral,0.5297093623863919,0.036974783943798606,0.43331585366980946
25878,LOF,0.24285883125347188,0.06611219150213088,0.6910289772443973
25879,LOF,0.09744743905498557,0.07614149778589865,0.8264110631591157
25880,LOF,0.023506471785879224,0.016586600878915954,0.9599069273352049
25881,LOF,0.1735726630744682,0.10843341511225427,0.7179939218132775
25882,LOF,0.06632884578225869,0.014477475651720252,0.9191936785660211
25883,LOF,0.07961990453639459,0.018374256280472387,0.902005839183133
25884,LOF,0.03518582513463285,0.028940005374051284,0.935874169491316
25885,LOF,0.06796296005965716,0.011451428577256393,0.9205856113630864
25886,LOF,0.2594093947601853,0.03482737862736576,0.705763226612449
25887,LOF,0.14683356612574272,0.06304574084970846,0.7901206930245489
25888,LOF,0.06747894671311036,0.05612280479058566,0.8763982484963039
25889,LOF,0.04816984857477613,0.019529160430144382,0.9323009909950793
25890,LOF,0.05296459988899323,0.12538096608517177,0.821654434025835
25891,LOF,0.04089811098524317,0.04594391261348223,0.9131579764012746
25892,LOF,0.09366513403139097,0.02238559774078253,0.8839492682278265
25893,LOF,0.25275720559588444,0.01799999361367059,0.7292428007904449
25894,LOF,0.17682314854931241,0.012356929626110003,0.8108199218245775
25895,LOF,0.20428862567692008,0.020214590637396723,0.7754967836856831
25896,LOF,0.047510162810125864,0.030270358455447073,0.922219478734427
25897,LOF,0.23226110480380335,0.013889396169086292,0.7538494990271104
25898,Neutral,0.674199299332498,0.010619351685696178,0.3151813489818058
25899,LOF,0.20649027890214372,0.03269818533876185,0.7608115357590944
25900,LOF,0.4448537886848281,0.017521100402168283,0.5376251109130036
25901,LOF,0.050564127805910034,0.015836019657889035,0.9335998525362008
25902,LOF,0.1500121779109052,0.015287923028575864,0.8346998990605189
25903,Neutral,0.4906650561401849,0.03163465484683955,0.47770028901297557
25904,LOF,0.28478306461670677,0.06412765709187632,0.651089278291417
25905,LOF,0.022422207978633136,0.3160647639644906,0.6615130280568762
25906,LOF,0.023391218416715574,0.06819487747182278,0.9084139041114617
25907,LOF,0.01320345488006645,0.30775181290232034,0.6790447322176132
25908,LOF,0.010097293396866845,0.23456208992538066,0.7553406166777525
25909,LOF,0.01351523981836179,0.12452901789416207,0.8619557422874762
25910,LOF,0.05090679081533361,0.1446957181249115,0.8043974910597549
25911,LOF,0.16194281858678944,0.029293974132484146,0.8087632072807265
25912,LOF,0.040724598465864834,0.04431251451232759,0.9149628870218075
25913,LOF,0.29979120176463386,0.02215325859832469,0.6780555396370415
25914,LOF,0.020423826981637715,0.11554650233201154,0.8640296706863508
25915,Neutral,0.4600631510879343,0.32746188010797644,0.2124749688040893
25916,LOF,0.06832017316960746,0.3568850590830388,0.5747947677473537
25917,LOF,0.06794806252770787,0.07809756286705964,0.8539543746052325
25918,LOF,0.028054212169848537,0.06488181165084161,0.9070639761793099
25919,LOF,0.023533904600742714,0.07272726052153874,0.9037388348777187
25920,GOF,0.10018725971336068,0.5286163848083733,0.37119635547826607
25921,LOF,0.0272777324108619,0.03655423459534923,0.9361680329937889
25922,LOF,0.03778270661731483,0.024384904356261797,0.9378323890264234
25923,LOF,0.4154770759580957,0.023777521070280822,0.5607454029716236
25924,LOF,0.0342082823717601,0.04823633428531468,0.9175553833429252
25925,LOF,0.06836059401841306,0.03338559092879466,0.8982538150527922
25926,LOF,0.0513788592586719,0.02563769730592565,0.9229834434354025
25927,LOF,0.0654843064770518,0.10349844258967929,0.831017250933269
25928,LOF,0.020538983196968043,0.04546690715741059,0.9339941096456215
25929,Neutral,0.5337400770257097,0.02612175179688603,0.44013817117740434
25930,LOF,0.05972697804522419,0.02252836963003906,0.9177446523247367
25931,LOF,0.030512046287858804,0.02732370623001226,0.942164247482129
25932,LOF,0.02906913026889108,0.023983643006595518,0.9469472267245134
25933,LOF,0.04039458722118988,0.01612204775702584,0.9434833650217843
25934,LOF,0.02574673815168429,0.019236701945956593,0.9550165599023591
25935,LOF,0.06081421128429565,0.03910135131034869,0.9000844374053557
25936,LOF,0.04924758866132956,0.023320329550714537,0.927432081787956
25937,LOF,0.03118282665435354,0.029824840026754805,0.9389923333188916
25938,LOF,0.0653903797487007,0.0414708558867707,0.8931387643645285
25939,LOF,0.040328546819416146,0.014007350792363238,0.9456641023882205
25940,LOF,0.029857506125879018,0.4307812320083069,0.5393612618658141
25941,LOF,0.17616592511832896,0.08696486422553193,0.7368692106561391
25942,LOF,0.017324618263561697,0.03147332345469483,0.9512020582817435
25943,LOF,0.3196056573058277,0.05197636110273942,0.6284179815914328
25944,LOF,0.4828535532630195,0.023195496549566368,0.493950950187414
25945,LOF,0.07211151861528795,0.022751676651623642,0.9051368047330883
25946,LOF,0.024683807569905774,0.10952225346725067,0.8657939389628435
25947,LOF,0.11378510792466494,0.19113686119938209,0.6950780308759531
25948,LOF,0.43778391400190203,0.010265756416882845,0.551950329581215
25949,LOF,0.0978074926110619,0.04716336818362166,0.8550291392053164
25950,GOF,0.2775649117317026,0.3982702459376051,0.32416484233069226
25951,LOF,0.23936481469714777,0.21051454504523648,0.5501206402576158
25952,LOF,0.046161471203238345,0.4094285961874772,0.5444099326092845
25953,LOF,0.1307904269103172,0.10572444383409146,0.7634851292555913
25954,Neutral,0.4308847966120194,0.1661224803533931,0.40299272303458744
25955,LOF,0.06356527992537206,0.07720698186629193,0.8592277382083361
25956,LOF,0.16657785999110525,0.11803406867398022,0.7153880713349146
25957,LOF,0.037010608156232964,0.032662008226210536,0.9303273836175565
25958,LOF,0.05981923943020742,0.02838954434889789,0.9117912162208947
25959,LOF,0.07892520543866224,0.3583498273374843,0.5627249672238535
25960,LOF,0.018040702432229785,0.053446796598497645,0.9285125009692726
25961,LOF,0.050520996496534465,0.030032607692466646,0.919446395810999
25962,LOF,0.06034608828336405,0.02955190091169982,0.910102010804936
25963,LOF,0.05062512406219321,0.16733095851130528,0.7820439174265014
25964,LOF,0.038119239537436,0.13187311943795726,0.8300076410246068
25965,LOF,0.44779694780470597,0.08824405650483338,0.46395899569046073
25966,LOF,0.44677850827099086,0.09499519916987033,0.4582262925591389
25967,LOF,0.01162155781326682,0.0582172132348687,0.9301612289518645
25968,LOF,0.028996194089642727,0.4725503041962587,0.49845350171409863
25969,LOF,0.025795411063216228,0.061975930123506794,0.9122286588132769
25970,LOF,0.06831545662601943,0.0512406858166316,0.8804438575573489
25971,LOF,0.07667038253182935,0.015649259607623797,0.9076803578605468
25972,LOF,0.0789347977948678,0.0192492854805146,0.9018159167246176
25973,LOF,0.08201371768801492,0.01059570792498317,0.9073905743870019
25974,LOF,0.20760151092733958,0.016688375407745353,0.775710113664915
25975,LOF,0.05127361948544264,0.036839407033926456,0.9118869734806309
25976,LOF,0.04240641712149656,0.01599661302326906,0.9415969698552344
25977,LOF,0.16614756568613367,0.09134229806797553,0.7425101362458908
25978,LOF,0.15031772343412364,0.06234969066963801,0.7873325858962383
25979,LOF,0.13892896216786738,0.06546935288636867,0.7956016849457639
25980,LOF,0.20922415290167098,0.08451506204936089,0.706260785048968
25981,LOF,0.24417670815549686,0.08147455809530565,0.6743487337491976
25982,LOF,0.3934960811786764,0.05067811362253319,0.5558258051987903
25983,LOF,0.3918946853309634,0.055439777901688934,0.5526655367673478
25984,LOF,0.05183143557182456,0.04037871149415255,0.9077898529340229
25985,LOF,0.02807631020380271,0.2154702290377866,0.7564534607584107
25986,LOF,0.04045855006516606,0.25014844488691096,0.709393005047923
25987,LOF,0.08671970613733579,0.05909254220990278,0.8541877516527615
25988,LOF,0.14575449589118222,0.04394742542995203,0.8102980786788657
25989,LOF,0.030253704228935956,0.0901194160431153,0.8796268797279487
25990,LOF,0.03811452480001995,0.11841304001084813,0.8434724351891321
25991,LOF,0.16479192306146287,0.28388674502306943,0.5513213319154676
25992,LOF,0.3646245191690568,0.14290509876190394,0.49247038206903926
25993,LOF,0.02450567830632626,0.07990590148044527,0.8955884202132286
25994,LOF,0.01811187182771161,0.11772488187803652,0.8641632462942518
25995,LOF,0.02704831782189254,0.20911099413700585,0.7638406880411015
25996,GOF,0.2945283286956256,0.43665543999288614,0.26881623131148813
25997,LOF,0.0892819118575993,0.4465308535544239,0.46418723458797684
25998,Neutral,0.5317919543748676,0.024202313240651984,0.44400573238448043
25999,LOF,0.1149616714882027,0.1242640251339185,0.7607743033778788
26000,LOF,0.18281090666056743,0.04150516775140934,0.7756839255880231
26001,LOF,0.1920785503194815,0.033925938152766004,0.7739955115277525
26002,LOF,0.16588187426076043,0.04782605835924021,0.7862920673799992
26003,GOF,0.01211554385474098,0.5405781781319536,0.44730627801330536
26004,GOF,0.022447308296090453,0.6022014311584866,0.37535126054542284
26005,LOF,0.009267372752525654,0.41543278381959514,0.5752998434278793
26006,Neutral,0.5450195211922814,0.19437105124761536,0.2606094275601033
26007,GOF,0.026711100249949698,0.5040685066762727,0.4692203930737776
26008,GOF,0.020160984965490975,0.5399253666750254,0.4399136483594836
26009,GOF,0.024639852199803493,0.5946697490786104,0.38069039872158605
26010,GOF,0.025170121641005166,0.5758910713741534,0.3989388069848414
26011,LOF,0.007630492482085602,0.40608352490866856,0.5862859826092459
26012,GOF,0.01648871143613821,0.5250429019597505,0.4584683866041114
26013,GOF,0.023823533185997916,0.5588562960686299,0.4173201707453723
26014,LOF,0.040532932519512344,0.12024910744499155,0.8392179600354961
26015,LOF,0.23967527405800376,0.009832672713921924,0.7504920532280743
26016,LOF,0.2422691992560222,0.0481789202286729,0.7095518805153049
26017,LOF,0.2374735401934216,0.08414406870432406,0.6783823911022543
26018,LOF,0.10193426530987795,0.028034886178844958,0.8700308485112772
26019,LOF,0.09746844062371131,0.02044599947863177,0.8820855598976569
26020,LOF,0.07024756163545094,0.10743377943698278,0.8223186589275664
26021,LOF,0.043522942562169584,0.12512192232455913,0.8313551351132713
26022,LOF,0.011322930715509888,0.0357699740559889,0.9529070952285011
26023,LOF,0.1203841375961475,0.018264548682315303,0.8613513137215372
26024,LOF,0.029024261532907932,0.12483720338435524,0.8461385350827367
26025,LOF,0.1608441982024685,0.09991292018947967,0.7392428816080518
26026,LOF,0.33523700251211697,0.028062377123737662,0.6367006203641453
26027,LOF,0.09146447482619738,0.013526019399741995,0.8950095057740606
26028,LOF,0.15248636157535264,0.06979070354892579,0.7777229348757216
26029,LOF,0.07656215850378806,0.19646961269801844,0.7269682287981936
26030,LOF,0.02704080832739109,0.07467309390384433,0.8982860977687646
26031,LOF,0.031350300552006605,0.14545877891057052,0.8231909205374228
26032,LOF,0.0698696482954262,0.08417220529040881,0.845958146414165
26033,LOF,0.12461589471557338,0.10341015218689459,0.7719739530975319
26034,LOF,0.046745640056960545,0.15494048143414518,0.7983138785088943
26035,LOF,0.027341002704033834,0.14503328536679314,0.827625711929173
26036,LOF,0.04092915895067052,0.17439269884411676,0.7846781422052127
26037,LOF,0.023675086004327807,0.11412961416111567,0.8621952998345565
26038,LOF,0.06419385323683194,0.08782820582496721,0.8479779409382009
26039,LOF,0.055151139719687325,0.15138787578901278,0.7934609844912999
26040,LOF,0.20373815041741775,0.13860971961261784,0.6576521299699644
26041,LOF,0.024395991870928627,0.11316654288494146,0.8624374652441299
26042,LOF,0.02386975147720616,0.10825775807184479,0.867872490450949
26043,LOF,0.06411375517180985,0.10656336898743896,0.8293228758407513
26044,LOF,0.0218585593060368,0.0909752936075595,0.8871661470864037
26045,LOF,0.08134988752877761,0.09992448800502579,0.8187256244661966
26046,LOF,0.0652244528378102,0.10390859002210698,0.8308669571400829
26047,LOF,0.08557742809966142,0.10876981742086243,0.805652754479476
26048,LOF,0.054329891872838626,0.051392987401965184,0.894277120725196
26049,Neutral,0.9604218126017304,0.008611173918715142,0.03096701347955451
26050,Neutral,0.9430705751882186,0.011319518006360838,0.045609906805420534
26051,LOF,0.04362952835049812,0.2965749793700335,0.6597954922794683
26052,LOF,0.06082757231280934,0.32656241385907364,0.6126100138281171
26053,LOF,0.04784388749243094,0.13094945869990376,0.8212066538076652
26054,LOF,0.05785950240538302,0.017297156911650704,0.9248433406829663
26055,LOF,0.08440935674617038,0.013794335988225903,0.9017963072656037
26056,LOF,0.06495483658290194,0.015381785702112025,0.9196633777149861
26057,LOF,0.033000869866429666,0.011045630232335532,0.9559534999012348
26058,LOF,0.034389358622404796,0.00869223191103296,0.9569184094665621
26059,LOF,0.31362983751199464,0.0213213840300409,0.6650487784579644
26060,LOF,0.02872350113941642,0.16492052954989952,0.806355969310684
26061,LOF,0.01729795857670042,0.01101850899595067,0.9716835324273491
26062,LOF,0.011462931866725253,0.01792026928572756,0.9706167988475471
26063,LOF,0.024075487340125122,0.01089311168180472,0.9650314009780702
26064,LOF,0.02562780776025701,0.017627545184640565,0.9567446470551025
26065,LOF,0.027074939200608373,0.010115784220301939,0.9628092765790898
26066,LOF,0.022460186795132234,0.009844402613389196,0.9676954105914786
26067,LOF,0.02977291065654645,0.00826497783440998,0.9619621115090436
26068,LOF,0.050531338770439395,0.032674503284119534,0.9167941579454411
26069,LOF,0.2550400127630774,0.018015867040756677,0.7269441201961658
26070,LOF,0.42171988584007786,0.013685877295521629,0.5645942368644005
26071,LOF,0.02389553259032868,0.012243611924910606,0.9638608554847609
26072,LOF,0.02279879225433874,0.015367333604014011,0.9618338741416472
26073,LOF,0.027202515161823718,0.009735170040244639,0.9630623147979317
26074,Neutral,0.9026903496156281,0.005195174857069542,0.09211447552730244
26075,LOF,0.04487296435779389,0.014436039878961335,0.9406909957632447
26076,LOF,0.048153145214787356,0.00825684504383625,0.9435900097413764
26077,LOF,0.00899919427213568,0.01791085623255618,0.9730899494953081
26078,LOF,0.01306243964594408,0.009764418705931751,0.9771731416481241
26079,LOF,0.062231533261344354,0.018095291826240492,0.9196731749124151
26080,LOF,0.06150511364216518,0.01806313394840398,0.9204317524094308
26081,LOF,0.03716046265962684,0.005771294210555464,0.9570682431298176
26082,LOF,0.018110955653053054,0.013413960594010782,0.9684750837529362
26083,LOF,0.13557034608821675,0.011418892608113481,0.8530107613036698
26084,LOF,0.029513418658263443,0.010847987865538412,0.9596385934761982
26085,LOF,0.02533335266578413,0.010469921761559513,0.9641967255726562
26086,LOF,0.025453355112471283,0.011071964750878115,0.9634746801366507
26087,LOF,0.029058524675592504,0.007610641163307996,0.9633308341610995
26088,LOF,0.015340656814090078,0.025456718498860213,0.9592026246870496
26089,LOF,0.04685518153067501,0.02289421823934374,0.9302506002299813
26090,LOF,0.04642069048786304,0.017182874651854127,0.9363964348602828
26091,LOF,0.03835468234689753,0.005755435295897481,0.9558898823572048
26092,LOF,0.028343735977558925,0.007595952709633906,0.9640603113128072
26093,LOF,0.04155137847217959,0.005508068921333139,0.9529405526064872
26094,LOF,0.046682837915158044,0.00569547085645371,0.9476216912283882
26095,LOF,0.04475176408516404,0.012761879128298213,0.9424863567865378
26096,LOF,0.02090912941927953,0.009626905071358766,0.9694639655093618
26097,LOF,0.011717402714926536,0.03136449876147945,0.956918098523594
26098,LOF,0.07651757601913312,0.010356427460985768,0.9131259965198811
26099,LOF,0.02683247125761915,0.011258252148104534,0.9619092765942764
26100,LOF,0.02910058913148968,0.010911017120741036,0.9599883937477692
26101,LOF,0.057281373021728754,0.010844497663763272,0.931874129314508
26102,LOF,0.026773983934429833,0.013389981367249887,0.9598360346983204
26103,Neutral,0.8923676246998408,0.016107380195176515,0.09152499510498269
26104,LOF,0.08598764403234582,0.024451280216780804,0.8895610757508733
26105,LOF,0.19934236785843723,0.28985410203352796,0.5108035301080349
26106,LOF,0.1998935282937072,0.12655022364323837,0.6735562480630545
26107,LOF,0.25270363580669686,0.08658588875498008,0.6607104754383231
26108,LOF,0.219944280020655,0.14194261655663143,0.6381131034227134
26109,LOF,0.11078599217317946,0.0791918892334326,0.810022118593388
26110,LOF,0.27495052920277385,0.006018700159209517,0.7190307706380167
26111,Neutral,0.5089359151142671,0.015646609288428096,0.47541747559730485
26112,LOF,0.03395315416775156,0.007162091102441088,0.9588847547298073
26113,LOF,0.056889239887236355,0.012440630442835405,0.9306701296699281
26114,LOF,0.02810808814407474,0.025276813905332332,0.9466150979505931
26115,LOF,0.09937113063434286,0.05678096930800274,0.8438479000576544
26116,LOF,0.06912410009102948,0.04793841437813918,0.8829374855308313
26117,LOF,0.4283905184431119,0.04452467552131418,0.5270848060355738
26118,LOF,0.03790137419029368,0.024292620971069243,0.9378060048386372
26119,LOF,0.02278824601935011,0.03721747345065937,0.9399942805299906
26120,LOF,0.029974553435807367,0.022854511251999984,0.9471709353121925
26121,LOF,0.0457965825940649,0.08503991069134526,0.8691635067145899
