feature0,prediction,LoGoFunc_Neutral,LoGoFunc_GOF,LoGoFunc_LOF
25546,Neutral,0.6218820259056965,0.054534771752468916,0.32358320234183463
25547,Neutral,0.49295138029795493,0.09197246497360954,0.4150761547284356
25548,Neutral,0.4815607168789469,0.07656737413995666,0.44187190898109646
25549,LOF,0.42964234914437766,0.07667849084993981,0.4936791600056824
25550,LOF,0.3409060445822173,0.1100489808885839,0.5490449745291988
25551,LOF,0.3115484808852471,0.12017309810199385,0.568278421012759
25552,LOF,0.2736426055618843,0.1270931106336569,0.5992642838044588
25553,Neutral,0.7876414216005043,0.04496753401928099,0.1673910443802145
25554,LOF,0.31585350683708185,0.11985601030285628,0.5642904828600618
25555,LOF,0.27103361870482695,0.10837914729447912,0.6205872340006939
25556,LOF,0.4515938227186117,0.09679709837826583,0.4516090789031224
25557,LOF,0.2649293243075361,0.1166779212157659,0.6183927544766981
25558,LOF,0.31904101074234,0.11233374499311588,0.5686252442645441
25559,LOF,0.2845241860018721,0.1517285275480724,0.5637472864500555
25560,LOF,0.1859490869236511,0.09679567651091736,0.7172552365654314
25561,LOF,0.15462417796332595,0.11523725055205819,0.7301385714846159
25562,LOF,0.07863417990692337,0.07638920546763622,0.8449766146254404
25563,LOF,0.03153642054771716,0.11796057367431276,0.8505030057779701
25564,LOF,0.1987725850572448,0.09560503907433338,0.7056223758684219
25565,LOF,0.21568885926171738,0.16254185910341323,0.6217692816348694
25566,GOF,0.08446116907937307,0.6487226613195259,0.26681616960110105
25567,LOF,0.04090222451456878,0.19433942790305891,0.7647583475823724
25568,LOF,0.05807285631501373,0.11404573255141509,0.8278814111335713
25569,LOF,0.05575759855895815,0.11020762524610686,0.834034776194935
25570,LOF,0.025283448371070102,0.13687117593877385,0.837845375690156
25571,LOF,0.02551305546175021,0.1441542444188808,0.830332700119369
25572,LOF,0.06187197072756132,0.15877687143901498,0.7793511578334238
25573,LOF,0.053085704970653125,0.12478646185327898,0.8221278331760679
25574,LOF,0.05630773291626027,0.24512112170196823,0.6985711453817716
25575,LOF,0.02133060879510171,0.1509894634436605,0.8276799277612378
25576,LOF,0.025997210350696628,0.21512895576617241,0.758873833883131
25577,LOF,0.02973452592723467,0.15694865468486663,0.8133168193878988
25578,LOF,0.28573085960130984,0.1345940745328205,0.5796750658658696
25579,LOF,0.18056144602295945,0.13002776891130624,0.6894107850657343
25580,LOF,0.019373788056605952,0.10667421760947442,0.8739519943339197
25581,LOF,0.04868025526052234,0.10086868926827366,0.850451055471204
25582,LOF,0.04847537975924374,0.09865057457744056,0.8528740456633157
25583,LOF,0.021663421813560832,0.12191303738567867,0.8564235408007606
25584,Neutral,0.6729556032280973,0.1576250248884959,0.1694193718834068
25585,LOF,0.020274739003258158,0.18641526272022824,0.7933099982765136
25586,LOF,0.016363312056623964,0.09969679385232742,0.8839398940910487
25587,LOF,0.01663981760471182,0.09220012440702303,0.8911600579882651
25588,LOF,0.02011920691634426,0.10374277980219913,0.8761380132814565
25589,Neutral,0.48860114512552605,0.26504014844374907,0.2463587064307248
25590,LOF,0.04830753961670946,0.15906900739213345,0.7926234529911572
25591,LOF,0.08692388428838074,0.08727207586168409,0.8258040398499352
25592,LOF,0.049907305512904405,0.20049666846018835,0.7495960260269073
25593,LOF,0.11178653652058987,0.32439443103317733,0.5638190324462327
25594,LOF,0.04703943542300775,0.09663592880090081,0.8563246357760914
25595,LOF,0.046720568545070645,0.06545811343326205,0.8878213180216674
25596,LOF,0.09787840924335829,0.03336232943067384,0.8687592613259678
25597,LOF,0.07769527050157486,0.04562341040010116,0.8766813190983239
25598,LOF,0.049227227924466536,0.06784961682395362,0.8829231552515798
25599,LOF,0.020511661966796095,0.44071578841388676,0.5387725496193172
25600,GOF,0.1694427129270561,0.4629652991201974,0.3675919879527464
25601,LOF,0.03765973770784877,0.35573538035807356,0.6066048819340777
25602,LOF,0.03834216427081152,0.06809705019978408,0.8935607855294044
25603,LOF,0.03505663603099507,0.03989395731414418,0.9250494066548608
25604,LOF,0.03561175298486692,0.08718876375376437,0.8771994832613688
25605,LOF,0.03394538737726549,0.18771263005447927,0.7783419825682552
25606,LOF,0.42680424096629777,0.13780549098144232,0.43539026805225994
25607,LOF,0.029325075778764066,0.18642501637972633,0.7842499078415097
25608,LOF,0.041800017442200445,0.09050833136472479,0.8676916511930747
25609,GOF,0.14592570505452254,0.5287347418875038,0.3253395530579736
25610,LOF,0.01453223951422025,0.04701867000089758,0.9384490904848821
25611,LOF,0.012144260913917534,0.05029785247149806,0.9375578866145844
25612,LOF,0.042039789881751756,0.08066817199424739,0.8772920381240008
25613,LOF,0.04050725531135165,0.07556207250586137,0.8839306721827869
25614,LOF,0.020587362017069642,0.043430068592275904,0.9359825693906545
25615,LOF,0.04166033607658363,0.07063670879990233,0.887702955123514
25616,LOF,0.04572939717955455,0.04653280525614979,0.9077377975642957
25617,LOF,0.03766716724398501,0.0557704253903529,0.9065624073656621
25618,LOF,0.04003872778526601,0.0632160254177848,0.8967452467969491
25619,LOF,0.01161021636959566,0.05951699788474484,0.9288727857456595
25620,LOF,0.05364300980630087,0.0653785602779866,0.8809784299157125
25621,LOF,0.05826723771515523,0.0549387154087623,0.8867940468760824
25622,LOF,0.0659384463681487,0.06077257697403947,0.8732889766578118
25623,LOF,0.06401209003608896,0.058858513512015216,0.8771293964518958
25624,LOF,0.016398306397330174,0.057615801576833395,0.9259858920258364
25625,LOF,0.05854230207725212,0.05993483586787237,0.8815228620548755
25626,LOF,0.042197140403635446,0.07189743257478817,0.8859054270215765
25627,Neutral,0.88123890478106,0.022351498474511355,0.09640959674442864
25628,LOF,0.1525016127488089,0.06453637776252658,0.7829620094886645
25629,LOF,0.06617839466277547,0.05014232633891365,0.8836792789983109
25630,LOF,0.27773357446453956,0.07217719439433702,0.6500892311411235
25631,Neutral,0.5316108589463407,0.07406554293359716,0.39432359812006207
25632,LOF,0.026801188441234164,0.07390241480703202,0.8992963967517338
25633,LOF,0.20702507720982521,0.046140404606959805,0.7468345181832149
25634,LOF,0.03488471017065791,0.10202256157510524,0.8630927282542369
25635,LOF,0.0367869924685156,0.04956165416573121,0.9136513533657531
25636,LOF,0.03158478718346378,0.442526630291903,0.5258885825246331
25637,GOF,0.06178631620765855,0.4883457742600269,0.44986790953231454
25638,LOF,0.028863966563601646,0.3605118240862169,0.6106242093501815
25639,LOF,0.02890285915654977,0.39406792420872666,0.5770292166347236
25640,Neutral,0.8288067085586375,0.12243950152918329,0.04875378991217915
25641,GOF,0.08233189258357705,0.46511468021758806,0.45255342719883485
25642,LOF,0.05894611748822658,0.16484827897932566,0.7762056035324477
25643,LOF,0.20066253931675657,0.11912517371255822,0.6802122869706853
25644,GOF,0.025021861109803957,0.5030487024654714,0.47192943642472474
25645,LOF,0.02778343964280336,0.42770269745574535,0.5445138629014513
25646,LOF,0.0612009124237448,0.34220680749363086,0.5965922800826243
25647,LOF,0.0294132230891626,0.26937171691105133,0.7012150599997861
25648,LOF,0.033525416077634734,0.2689219024543477,0.6975526814680175
25649,LOF,0.017993888445115132,0.24467527615863655,0.7373308353962483
25650,LOF,0.05366424280934491,0.43510632680565337,0.5112294303850017
25651,LOF,0.019420100102402662,0.297437650774368,0.6831422491232293
25652,LOF,0.03159489424629521,0.2830112067659912,0.6853938989877136
25653,LOF,0.08852722311717605,0.4360165745499383,0.47545620233288566
25654,LOF,0.021382535278804193,0.2498866070525207,0.7287308576686752
25655,GOF,0.26327216517463786,0.4031386437161177,0.33358919110924434
25656,LOF,0.3561566207715924,0.08443254620771631,0.5594108330206913
25657,LOF,0.06603721877044086,0.08365560700658507,0.8503071742229742
25658,LOF,0.35826184603325667,0.09364343192695881,0.5480947220397845
25659,Neutral,0.5519861120524528,0.11497385591322647,0.3330400320343208
25660,LOF,0.022881758180831824,0.10169357452183897,0.8754246672973292
25661,LOF,0.09544293160049072,0.06316965424816653,0.8413874141513428
25662,LOF,0.0346261159012724,0.035050580905517374,0.9303233031932101
25663,LOF,0.042775422436207744,0.04834224850933385,0.9088823290544583
25664,LOF,0.13427322262294053,0.06283970562469042,0.8028870717523691
25665,LOF,0.057450988079139655,0.03225563806422175,0.9102933738566387
25666,LOF,0.09225380320172821,0.06601471758006945,0.8417314792182023
25667,LOF,0.07530232709094271,0.04151015712596566,0.8831875157830915
25668,LOF,0.03694520817705998,0.052175482910785435,0.9108793089121545
25669,LOF,0.0311548915467211,0.04702931100424025,0.9218157974490387
25670,LOF,0.1513242790057142,0.062115428828979094,0.7865602921653068
25671,LOF,0.12159715129096953,0.03496581437563745,0.843437034333393
25672,LOF,0.05124314504982688,0.047070838917225744,0.9016860160329474
25673,LOF,0.07596554560198379,0.05196356661807726,0.8720708877799389
25674,LOF,0.0648570541178628,0.06277701510013539,0.8723659307820019
25675,LOF,0.10786198704310707,0.060102336532813355,0.8320356764240795
25676,LOF,0.01970106127000581,0.05465372919515441,0.9256452095348399
25677,LOF,0.02507842394213487,0.07279474068208305,0.902126835375782
25678,LOF,0.2042421794911011,0.07756305960796264,0.7181947609009363
25679,LOF,0.11881937563639519,0.08299037513659252,0.7981902492270123
25680,LOF,0.03349014287503207,0.12135908328870153,0.8451507738362665
25681,LOF,0.05022366906130369,0.1140271895326234,0.8357491414060728
25682,LOF,0.13538630554414827,0.07432685500780306,0.7902868394480487
25683,LOF,0.11958756560348274,0.08844227528314395,0.7919701591133733
25684,LOF,0.04167647314516896,0.06957382499980981,0.8887497018550213
25685,LOF,0.12364993243942045,0.07645768860422845,0.7998923789563511
25686,LOF,0.08502902028447641,0.10475108141791008,0.8102198982976135
25687,LOF,0.11964347719589852,0.11419599098333386,0.7661605318207676
25688,LOF,0.36360162450745115,0.051373497108636305,0.5850248783839125
25689,LOF,0.2774266773118187,0.055659456712111234,0.66691386597607
25690,LOF,0.3703983750145279,0.0414311272494171,0.588170497736055
25691,Neutral,0.7121453200591932,0.034069509498568636,0.2537851704422382
25692,LOF,0.37743966032087284,0.012594489913441734,0.6099658497656855
25693,LOF,0.04335817223425815,0.4449709104594566,0.5116709173062852
25694,LOF,0.11531388513375522,0.018013774494177074,0.8666723403720676
25695,LOF,0.11275687209165985,0.016876689584998612,0.8703664383233414
25696,LOF,0.13527176948035632,0.010475673473332689,0.8542525570463111
25697,LOF,0.08416141559923938,0.05604309302417846,0.8597954913765823
25698,LOF,0.33601708528117663,0.15967807679629353,0.5043048379225298
25699,Neutral,0.5261053146340449,0.04507451222281196,0.428820173143143
25700,LOF,0.08282415989344734,0.010570914985618931,0.9066049251209337
25701,LOF,0.1923772516374315,0.04672016867841536,0.7609025796841531
25702,GOF,0.1826340343359325,0.5840833298840665,0.23328263578000094
25703,LOF,0.017006278153057424,0.16020828382401833,0.8227854380229243
25704,LOF,0.03886897146382565,0.10766798535917552,0.853463043176999
25705,LOF,0.051613283806517495,0.15505261675709217,0.7933340994363903
25706,LOF,0.10998770286797016,0.3960292281972824,0.4939830689347474
25707,LOF,0.09657057277178743,0.36726693079394324,0.5361624964342694
25708,LOF,0.03959463983604934,0.3364762117026925,0.6239291484612581
25709,LOF,0.06951857150892357,0.04725110687780755,0.8832303216132689
25710,LOF,0.012217514442584362,0.1663426826313545,0.8214398029260611
25711,LOF,0.021816719742839056,0.08489172331730577,0.8932915569398553
25712,LOF,0.014820344115498459,0.19744766013173246,0.787731995752769
25713,LOF,0.01942695905082965,0.08523899881669882,0.8953340421324716
25714,LOF,0.07690286531153602,0.08413115894482348,0.8389659757436406
25715,LOF,0.011734903018647712,0.14833720873261286,0.8399278882487394
25716,LOF,0.01144896148975451,0.116161107437512,0.8723899310727334
25717,LOF,0.016694439802467258,0.07264998954934958,0.9106555706481831
25718,LOF,0.012060595228081884,0.09765732562003702,0.8902820791518811
25719,LOF,0.01990453709650916,0.08111727893640819,0.8989781839670827
25720,LOF,0.023630996428107898,0.07605659536312462,0.9003124082087676
25721,LOF,0.014142232846978646,0.12309080013750073,0.8627669670155207
25722,LOF,0.014654162033511367,0.13531258673174912,0.8500332512347396
25723,LOF,0.02338482375879975,0.0535191942502785,0.9230959819909217
25724,LOF,0.03193425510506406,0.08997678868095746,0.8780889562139784
25725,LOF,0.011695707557781066,0.08439610733367242,0.9039081851085465
25726,LOF,0.01656866193856063,0.11481995592882539,0.868611382132614
25727,LOF,0.012550750489362137,0.08559358272056757,0.9018556667900703
25728,LOF,0.010385611833733061,0.11785397594714088,0.8717604122191261
25729,LOF,0.010552065747261495,0.11724113884891339,0.8722067954038251
25730,LOF,0.014049581683916755,0.09624786420943957,0.8897025541066437
25731,LOF,0.020895611416330284,0.09886091993197847,0.8802434686516912
25732,LOF,0.014264863801894387,0.08212840967354337,0.9036067265245622
25733,LOF,0.016430192770799205,0.07753263977126447,0.9060371674579364
25734,LOF,0.010918705532982378,0.11803161276900721,0.8710496816980104
25735,LOF,0.012256025999776567,0.08399750831879423,0.9037464656814292
25736,LOF,0.013530278782287743,0.10992146994867984,0.8765482512690324
25737,LOF,0.012449137266114064,0.07593058524993714,0.9116202774839488
25738,LOF,0.012053403033200261,0.11598877196770185,0.8719578249990979
25739,LOF,0.021026120475728157,0.08268518917632713,0.8962886903479448
25740,LOF,0.026922241919927956,0.12570352504988516,0.8473742330301869
25741,LOF,0.014959108030125958,0.1287305326476461,0.856310359322228
25742,LOF,0.12896689734293865,0.08403166420114089,0.7870014384559205
25743,LOF,0.037969806615784335,0.055761317712504706,0.9062688756717109
25744,Neutral,0.5404004848717655,0.26050434150590474,0.19909517362232976
25745,LOF,0.0602743112897421,0.08789708298378725,0.8518286057264706
25746,LOF,0.03911992495145553,0.1111267707270326,0.8497533043215119
25747,LOF,0.018647425044998542,0.07324998066871628,0.9081025942862851
25748,LOF,0.11299131528169017,0.1114267904071765,0.7755818943111334
25749,LOF,0.02580996393104449,0.099747507762641,0.8744425283063145
25750,LOF,0.06630073725873628,0.09786315079719766,0.8358361119440659
25751,LOF,0.08302549310560167,0.1359164891960111,0.7810580176983873
25752,GOF,0.13134767445269663,0.6353833257173775,0.23326899982992583
25753,LOF,0.025237235444423144,0.2785128016935235,0.6962499628620533
25754,GOF,0.01395838884227697,0.7931050866539631,0.19293652450375978
25755,LOF,0.026789385197101685,0.39922438871277593,0.5739862260901224
25756,LOF,0.052107335778599446,0.3684582451993712,0.5794344190220293
25757,GOF,0.01775076332878458,0.83940167200088,0.14284756467033538
25758,GOF,0.028474251085963714,0.7890970047499185,0.18242874416411778
25759,GOF,0.011347684880029655,0.6166318772444596,0.37202043787551087
25760,LOF,0.014529121929682013,0.27952754178678596,0.705943336283532
25761,GOF,0.2609602507634492,0.6389969552427633,0.10004279399378749
25762,LOF,0.04841881557923134,0.274814329070952,0.6767668553498166
25763,LOF,0.015688338270431427,0.21745541021428902,0.7668562515152796
25764,GOF,0.08090727034197266,0.6484890476587855,0.27060368199924184
25765,GOF,0.03643762387751001,0.7398125755407224,0.22374980058176755
25766,GOF,0.07400448661865061,0.7342743847848758,0.19172112859647364
25767,GOF,0.14705107013887403,0.5410488561910953,0.3119000736700306
25768,LOF,0.11252995196590328,0.05073058043803744,0.8367394675960593
25769,LOF,0.0577075799973146,0.06926729467536023,0.8730251253273251
25770,LOF,0.33739019443943125,0.10918601349166979,0.5534237920688989
25771,LOF,0.05016496532488062,0.0531274655306046,0.8967075691445148
25772,LOF,0.018963854891227986,0.047613124265750685,0.9334230208430213
25773,LOF,0.051652492951436695,0.09121842046228339,0.85712908658628
25774,LOF,0.028155901766730995,0.09109876129109545,0.8807453369421736
25775,LOF,0.04919969024177088,0.055779150785484975,0.8950211589727443
25776,LOF,0.0835705363793468,0.03012847069505042,0.8863009929256028
25777,LOF,0.37144882195135503,0.06790838214580379,0.5606427959028413
25778,LOF,0.0769535725859381,0.04966609654875083,0.873380330865311
25779,GOF,0.3635559832388306,0.5907924881847112,0.045651528576458336
25780,GOF,0.3388483578741714,0.5819345601167287,0.07921708200909992
25781,GOF,0.1335831146196509,0.7529421301657107,0.11347475521463836
25782,GOF,0.20451995583235005,0.7055268790979684,0.08995316506968155
25783,GOF,0.021991560153590245,0.6608156984923899,0.31719274135402
25784,Neutral,0.48737426233116093,0.47048045094030017,0.042145286728538865
25785,GOF,0.4660049981777951,0.49928971213502465,0.03470528968718041
25786,GOF,0.02963283182426738,0.7632233275788637,0.20714384059686874
25787,Neutral,0.64769382969207,0.32909639874136787,0.023209771566562204
25788,LOF,0.05852785744250616,0.11370671257642814,0.8277654299810656
25789,GOF,0.2298037036520799,0.6452866717557548,0.12490962459216524
25790,GOF,0.21899997162922205,0.6919511487616169,0.08904887960916104
25791,GOF,0.1437327245137901,0.7145116643855329,0.141755611100677
25792,GOF,0.349274331068506,0.5447008224117119,0.10602484651978202
25793,GOF,0.2523907503201892,0.5545201056183052,0.19308914406150554
25794,GOF,0.30707228291548216,0.5480315187840495,0.1448961983004682
25795,GOF,0.07878177104363716,0.6753415130691913,0.24587671588717155
25796,Neutral,0.548907034450778,0.3716099380295339,0.07948302751968796
25797,GOF,0.08386091300910772,0.5371014965454374,0.379037590445455
25798,GOF,0.008756681931254251,0.5099333515108762,0.48130996655786956
25799,LOF,0.007416227053802017,0.4270511840553496,0.5655325888908483
25800,GOF,0.03422666746365622,0.6010736088243286,0.3646997237120152
25801,GOF,0.22210873977033954,0.6541513257404484,0.12373993448921204
25802,GOF,0.060396043592530216,0.6916205480925213,0.24798340831494856
25803,GOF,0.03955108099557701,0.5727811767111166,0.3876677422933063
25804,GOF,0.0322930392170623,0.5215503620586065,0.4461565987243312
25805,GOF,0.08631989135643015,0.6157942872701487,0.2978858213734211
25806,GOF,0.10957676819391513,0.6052096330146461,0.2852135987914386
25807,GOF,0.01931010559133401,0.613977410251821,0.366712484156845
25808,GOF,0.0865085688906964,0.6290477587692417,0.284443672340062
25809,GOF,0.02052119680805582,0.6023885682454625,0.37709023494648164
25810,GOF,0.019909829029093027,0.6193215008871175,0.36076867008378943
25811,Neutral,0.4874524299966715,0.448387693905396,0.06415987609793254
25812,GOF,0.034690896738972084,0.6400281410888591,0.32528096217216884
25813,Neutral,0.523516919450283,0.3760016618838405,0.10048141866587654
25814,GOF,0.12764279291249667,0.6551656902852038,0.21719151680229964
25815,GOF,0.19321873414238144,0.6215078656602787,0.18527340019733995
25816,GOF,0.019698442910291485,0.6850725867126923,0.29522897037701623
25817,GOF,0.2300712049078424,0.646020664397602,0.12390813069455565
25818,GOF,0.05598722828667245,0.606734825475142,0.33727794623818547
25819,GOF,0.3668752761512751,0.4860822353806978,0.1470424884680272
25820,GOF,0.16876733455506196,0.6118837604593961,0.21934890498554194
25821,GOF,0.05758602188657208,0.6723474240002016,0.2700665541132263
25822,GOF,0.2203835198640502,0.5351785502236555,0.24443792991229432
25823,GOF,0.02989899133761428,0.5104974218320789,0.4596035868303069
25824,GOF,0.07656412607979225,0.565415413650793,0.35802046026941486
25825,GOF,0.02960294698603538,0.553270051777477,0.4171270012364875
25826,GOF,0.011337267121608288,0.5358184419359571,0.4528442909424346
25827,GOF,0.02336107516630764,0.5951482418447481,0.3814906829889442
25828,GOF,0.013746728563299507,0.5168317919200237,0.46942147951667673
25829,GOF,0.006594609254896283,0.5796136915911413,0.41379169915396247
25830,LOF,0.036378456876583545,0.32563082226133205,0.6379907208620844
25831,GOF,0.21013355932218392,0.6549232240918533,0.13494321658596284
25832,GOF,0.030769361911197647,0.6826873226267625,0.28654331546204
25833,GOF,0.12311740274965219,0.7034235970837788,0.17345900016656907
25834,GOF,0.0375482212749104,0.692532568534484,0.26991921019060555
25835,GOF,0.08552941270108602,0.7226882983580353,0.19178228894087873
25836,GOF,0.04828733457847875,0.6682032108789414,0.28350945454257986
25837,GOF,0.027465295864438986,0.5470559586611892,0.4254787454743718
25838,GOF,0.08741623430684667,0.7152120730408011,0.1973716926523523
25839,GOF,0.31294756783884703,0.5302917038296002,0.15676072833155277
25840,GOF,0.2300782909881207,0.5985295116981282,0.17139219731375113
25841,GOF,0.2557773877858412,0.5865138515483628,0.15770876066579617
25842,GOF,0.22240208172073578,0.6404120637582223,0.13718585452104182
25843,GOF,0.27375082033853504,0.627253336690315,0.09899584297115
25844,GOF,0.07601880965775476,0.6860035194145188,0.23797767092772656
25845,GOF,0.01682450695121622,0.4965395105747768,0.4866359824740069
25846,GOF,0.12902106300257415,0.7049320528234806,0.1660468841739452
25847,GOF,0.13045771619636973,0.758857166766017,0.11068511703761322
25848,GOF,0.03737328608429611,0.6861880101521078,0.2764387037635961
25849,GOF,0.011511804346160436,0.5795555961192562,0.4089325995345834
25850,GOF,0.0216628312103413,0.6665553114243763,0.3117818573652823
25851,GOF,0.016748159744074145,0.5618971620214888,0.42135467823443723
25852,GOF,0.17702594533285754,0.5552658524403776,0.26770820222676484
25853,GOF,0.37597858008195345,0.5615512485328626,0.06247017138518397
25854,GOF,0.020922969524355153,0.65108717004588,0.32798986042976486
25855,GOF,0.03605477690968345,0.5862315644004877,0.37771365868982876
25856,GOF,0.23366163806466614,0.5520821385094076,0.21425622342592623
25857,GOF,0.0331060342455108,0.512677319562822,0.45421664619166713
25858,GOF,0.017907254586878234,0.5710468663813544,0.41104587903176737
25859,GOF,0.009900160630283612,0.5475054752798189,0.4425943640898976
25860,GOF,0.36504097367436117,0.554686583182717,0.08027244314292176
25861,GOF,0.4215540366545541,0.5008574776619213,0.07758848568352464
25862,GOF,0.10161227173842134,0.7592146849625894,0.13917304329898939
25863,GOF,0.10065967909918835,0.765303283330239,0.1340370375705728
25864,GOF,0.21593702460162573,0.7015594232067872,0.08250355219158705
25865,GOF,0.09305423240895332,0.795918619852604,0.11102714773844274
25866,GOF,0.06592917485711706,0.805241682259718,0.12882914288316485
25867,GOF,0.08807411101770482,0.8151906333950965,0.09673525558719877
25868,GOF,0.2746658108088592,0.6356759189273359,0.0896582702638049
25869,Neutral,0.6933125176026812,0.268289043420454,0.038398438976864895
25870,GOF,0.2830511960549187,0.3802338182095637,0.3367149857355176
25871,GOF,0.1898115447311015,0.6563132158263993,0.15387523944249903
25872,GOF,0.08481101692295019,0.6454662737664537,0.2697227093105961
25873,GOF,0.14363078669870205,0.661429369847982,0.19493984345331605
25874,LOF,0.019074504271000516,0.12985472252381364,0.8510707732051859
25875,LOF,0.10112634524723052,0.03484969008513314,0.8640239646676363
25876,LOF,0.03880643008843169,0.04394231254752213,0.9172512573640462
25877,Neutral,0.5302972395242692,0.040247905454091217,0.42945485502163955
25878,LOF,0.22264181453389864,0.07224561765478255,0.7051125678113189
25879,LOF,0.10414796397415804,0.07856992004140356,0.8172821159844383
25880,LOF,0.024263133295674633,0.02054079344146252,0.9551960732628628
25881,LOF,0.1862734655701958,0.11072300668500948,0.7030035277447947
25882,LOF,0.06952395374762609,0.015347118055065195,0.9151289281973088
25883,LOF,0.08377247065393865,0.016739706554874223,0.8994878227911871
25884,LOF,0.040184495021007224,0.029466139153478753,0.9303493658255141
25885,LOF,0.0706567393953072,0.010750314163544926,0.9185929464411479
25886,LOF,0.35688338218024507,0.02769920807945366,0.6154174097403013
25887,LOF,0.15711206789736992,0.06357193205203367,0.7793160000505964
25888,LOF,0.07118773200822116,0.056490849611082895,0.8723214183806961
25889,LOF,0.053275215105700456,0.017940592931457725,0.9287841919628419
25890,LOF,0.05148540561995324,0.13999502918388432,0.8085195651961625
25891,LOF,0.05061888654304875,0.05200410984206002,0.8973770036148913
25892,LOF,0.09469752571329819,0.023162147240442327,0.8821403270462594
25893,LOF,0.263647945041916,0.01745141590028714,0.7189006390577968
25894,LOF,0.19513282272020196,0.010598979808334606,0.7942681974714635
25895,LOF,0.22222504878681623,0.01999496151206726,0.7577799897011165
25896,LOF,0.04714279506955677,0.021397616670547875,0.9314595882598954
25897,LOF,0.24591217528202852,0.01389223204890354,0.7401955926690679
25898,Neutral,0.7002059730988243,0.009803177555453296,0.28999084934572233
25899,LOF,0.23611182051037527,0.022187571903783034,0.7417006075858417
25900,LOF,0.4574085377990524,0.015277965749741551,0.5273134964512061
25901,LOF,0.05472225428454426,0.011484374248952446,0.9337933714665033
25902,LOF,0.17432503777943625,0.01245959838689008,0.8132153638336737
25903,Neutral,0.5169769943995173,0.03432641172574286,0.4486965938747399
25904,LOF,0.27592371142654787,0.04350159484631096,0.6805746937271412
25905,LOF,0.02393787503271603,0.31070792776553297,0.665354197201751
25906,LOF,0.02061808175806382,0.07201614598602775,0.9073657722559085
25907,LOF,0.013749249004331686,0.3224866292698149,0.6637641217258534
25908,LOF,0.01023113913615204,0.22312546583720677,0.7666433950266411
25909,LOF,0.012668126451305793,0.13781129257491845,0.8495205809737758
25910,LOF,0.048493073332768005,0.12179724893118532,0.8297096777360468
25911,LOF,0.16582940449800557,0.03332281652934871,0.8008477789726457
25912,LOF,0.04362413933320693,0.05299866144393429,0.9033771992228589
25913,LOF,0.29198401575246935,0.02580982032164953,0.6822061639258812
25914,LOF,0.0201214356720491,0.138109955831904,0.8417686084960468
25915,Neutral,0.4373051143330002,0.3679661191995025,0.19472876646749743
25916,LOF,0.06214230913125025,0.4032660336194242,0.5345916572493254
25917,LOF,0.06341537376923144,0.0913468557325641,0.8452377704982045
25918,LOF,0.027694303715109912,0.08465954065846935,0.8876461556264207
25919,LOF,0.02241519523832795,0.08790030451095829,0.8896845002507138
25920,GOF,0.10974632821882524,0.5222236477644383,0.36803002401673646
25921,LOF,0.027719105587516304,0.027645423844943638,0.94463547056754
25922,LOF,0.03891553437038118,0.01848965683220798,0.9425948087974109
25923,LOF,0.4209925713769792,0.023324436929611014,0.5556829916934097
25924,LOF,0.038449369434464996,0.03948095534398328,0.9220696752215517
25925,LOF,0.06837920402089011,0.030447367161544666,0.9011734288175652
25926,LOF,0.04728446813833187,0.021959792231903263,0.9307557396297648
25927,LOF,0.07108635514793107,0.08536383274228071,0.8435498121097882
25928,LOF,0.020972818519904363,0.038066927710644016,0.9409602537694516
25929,Neutral,0.5481112221048967,0.025420941426932325,0.4264678364681708
25930,LOF,0.055416716234300785,0.020845158055043715,0.9237381257106556
25931,LOF,0.028100597122530723,0.023192367779837946,0.9487070350976313
25932,LOF,0.02697039789552281,0.02082565878209334,0.9522039433223839
25933,LOF,0.039119097326980386,0.014259668518172529,0.9466212341548472
25934,LOF,0.024150835038880734,0.01844513653722183,0.9574040284238974
25935,LOF,0.05766402510414214,0.035210799500786434,0.9071251753950714
25936,LOF,0.04605431522610036,0.022591998591093176,0.9313536861828066
25937,LOF,0.027960287106169907,0.03169625230898479,0.9403434605848453
25938,LOF,0.061269543086719676,0.03782846068121924,0.900901996232061
25939,LOF,0.03791099834019396,0.013469586995384312,0.9486194146644218
25940,LOF,0.03373833982853701,0.40205559017865944,0.5642060699928035
25941,LOF,0.19592764223403586,0.0940972374617579,0.7099751203042062
25942,LOF,0.01631778434149075,0.02634545209876765,0.9573367635597416
25943,LOF,0.3164724045650884,0.05105873576970522,0.6324688596652064
25944,LOF,0.4849617331272597,0.023695016711039074,0.49134325016170116
25945,LOF,0.07082783788069559,0.02093342972831355,0.9082387323909908
25946,LOF,0.026137828392055057,0.14571920909425476,0.8281429625136902
25947,LOF,0.11198793907626868,0.2191405166270086,0.6688715442967227
25948,LOF,0.4221707553614229,0.01192629364768739,0.5659029509908897
25949,LOF,0.09566851467439828,0.052960921933915946,0.8513705633916857
25950,GOF,0.23751992706100317,0.4647792943129331,0.29770077862606387
25951,LOF,0.25037687962588717,0.22251773348013548,0.5271053868939773
25952,LOF,0.04553862063653676,0.4671963742479336,0.48726500511552956
25953,LOF,0.13564227407552887,0.12281404072507827,0.7415436851993928
25954,Neutral,0.4129720131490398,0.20815565744098688,0.3788723294099733
25955,LOF,0.06233563425879979,0.08823826945062686,0.8494260962905733
25956,LOF,0.1660868255839104,0.09809711804874365,0.7358160563673458
25957,LOF,0.040059867427669565,0.035325412104128866,0.9246147204682016
25958,LOF,0.06557060598793789,0.027293285579299987,0.9071361084327622
25959,LOF,0.0830464899720097,0.37444189281712387,0.5425116172108664
25960,LOF,0.019512465261250177,0.049126784889868144,0.9313607498488816
25961,LOF,0.055565112943592364,0.029018440509016596,0.9154164465473911
25962,LOF,0.04927139325730499,0.032134799336957696,0.9185938074057374
25963,LOF,0.04599845343888626,0.1759322251150973,0.7780693214460165
25964,LOF,0.04056363317909057,0.13929580757304347,0.820140559247866
25965,Neutral,0.4546870605599481,0.09081934886781473,0.45449359057223715
25966,Neutral,0.4677434121251862,0.104430200469706,0.42782638740510776
25967,LOF,0.013604240222018199,0.06481233893817083,0.9215834208398109
25968,GOF,0.028661916529973675,0.4978450868907631,0.47349299657926314
25969,LOF,0.02674030467109842,0.05646676507975753,0.9167929302491441
25970,LOF,0.059508812140342454,0.05475628651709105,0.8857349013425665
25971,LOF,0.0770370545403076,0.014526694557511755,0.9084362509021806
25972,LOF,0.07539137648429524,0.0186679145175156,0.9059407089981891
25973,LOF,0.09368451279373374,0.008086464093534277,0.898229023112732
25974,LOF,0.202450629166283,0.017102574743060834,0.7804467960906563
25975,LOF,0.05471336008821354,0.026780970346625178,0.9185056695651613
25976,LOF,0.04788189569966249,0.011932104052039073,0.9401860002482985
25977,LOF,0.15018607621171937,0.09038122224870256,0.7594327015395781
25978,LOF,0.15202178879959294,0.050365528775796906,0.79761268242461
25979,LOF,0.14065093555487188,0.05469965867758544,0.8046494057675426
25980,LOF,0.22484701945514132,0.07585286385896921,0.6993001166858895
25981,LOF,0.25481991196351766,0.07343365993565469,0.6717464281008277
25982,LOF,0.4036807844363125,0.04351682928279133,0.5528023862808961
25983,LOF,0.4115625324631537,0.04839941446619347,0.5400380530706529
25984,LOF,0.05197089607752943,0.04880105764404747,0.8992280462784231
25985,LOF,0.02632298494276558,0.22545406472383525,0.7482229503333991
25986,LOF,0.03935805276678954,0.24506198548391772,0.7155799617492927
25987,LOF,0.08424872358543883,0.06240624870095568,0.8533450277136055
25988,LOF,0.13444756425746324,0.05370486327523444,0.8118475724673023
25989,LOF,0.03014265865277723,0.09973542505093679,0.870121916296286
25990,LOF,0.035978527689027234,0.13643352896007827,0.8275879433508945
25991,LOF,0.18987468381511705,0.3107153095523366,0.4994100066325462
25992,LOF,0.38079880343822964,0.15936040144102306,0.45984079512074727
25993,LOF,0.023014797382279118,0.06572665591790938,0.9112585466998115
25994,LOF,0.017958061834028368,0.09616694604507776,0.8858749921208939
25995,LOF,0.026836566867064617,0.16132277133237682,0.8118406618005586
25996,GOF,0.27947041104046133,0.45286873871027816,0.26766085024926045
25997,GOF,0.10186530420706656,0.47470697610721146,0.42342771968572196
25998,Neutral,0.5147638195942278,0.028236445102945037,0.4569997353028272
25999,LOF,0.09842920266790772,0.1118427290816933,0.789728068250399
26000,LOF,0.17268446901813314,0.027381248284170913,0.799934282697696
26001,LOF,0.19005318658274267,0.0337204327689789,0.7762263806482784
26002,LOF,0.12516846523060307,0.03466470651651192,0.840166828252885
26003,GOF,0.01075381347632431,0.5536605426408935,0.4355856438827823
26004,GOF,0.025598218031043438,0.6096501125613781,0.36475166940757836
26005,LOF,0.008794387037666232,0.42692674639100525,0.5642788665713285
26006,Neutral,0.5198063902413729,0.2173637545851806,0.2628298551734464
26007,GOF,0.027000171818423454,0.5031859669382495,0.46981386124332725
26008,GOF,0.02056948633103247,0.5542334057359041,0.4251971079330634
26009,GOF,0.026043232443828036,0.5919931692996749,0.381963598256497
26010,GOF,0.02960500634025989,0.5886013738376616,0.3817936198220785
26011,LOF,0.00809574412238183,0.42190389090237157,0.5700003649752466
26012,GOF,0.018945978902038276,0.5433431855888489,0.43771083550911283
26013,GOF,0.02359398922897187,0.5909436095285333,0.38546240124249487
26014,LOF,0.038027872577843284,0.14382442387506847,0.8181477035470881
26015,LOF,0.22413141405576162,0.007722212056149675,0.7681463738880887
26016,LOF,0.22618394961719848,0.04417250913206263,0.7296435412507388
26017,LOF,0.24901332349042868,0.06855685117401579,0.6824298253355556
26018,LOF,0.1012770419868759,0.030038810448244364,0.8686841475648798
26019,LOF,0.09680757705055645,0.023807507258547793,0.8793849156908958
26020,LOF,0.0668249256805207,0.09652008032220458,0.8366549939972748
26021,LOF,0.04436905973771277,0.1060603802860394,0.8495705599762478
26022,LOF,0.011703113738685928,0.03891695330475412,0.94937993295656
26023,LOF,0.12829266351405355,0.019821343711911996,0.8518859927740345
26024,LOF,0.029074759184459804,0.10757659830409713,0.863348642511443
26025,LOF,0.17059058625649673,0.07859895550790336,0.7508104582356
26026,LOF,0.3267984874537733,0.020760601270848646,0.652440911275378
26027,LOF,0.09384566356765588,0.014371063795742042,0.8917832726366021
26028,LOF,0.1571891205889933,0.07032455820985099,0.7724863212011557
26029,LOF,0.08015731943956321,0.2077633107287883,0.7120793698316485
26030,LOF,0.02754179542605632,0.06363435265827355,0.9088238519156701
26031,LOF,0.03127435702590805,0.15027880358799048,0.8184468393861015
26032,LOF,0.06950120635353753,0.07053759960703106,0.8599611940394314
26033,LOF,0.12479111607627846,0.0872611807930217,0.7879477031307
26034,LOF,0.047087351792949025,0.16509833345943545,0.7878143147476155
26035,LOF,0.02862902320317521,0.16016198931248152,0.8112089874843433
26036,LOF,0.04189849687304815,0.186401428789358,0.7717000743375939
26037,LOF,0.024546327534592103,0.1278380076943685,0.8476156647710393
26038,LOF,0.06340795800074991,0.073651417768957,0.862940624230293
26039,LOF,0.057590629075101034,0.1678741336959514,0.7745352372289476
26040,LOF,0.2008404349762794,0.15361940692129789,0.6455401581024227
26041,LOF,0.025330336993665103,0.11909337590415064,0.8555762871021843
26042,LOF,0.0251140800781165,0.11111962886901322,0.8637662910528703
26043,LOF,0.0626311703550535,0.08786294595150604,0.8495058836934405
26044,LOF,0.022905560551312248,0.08040574105538523,0.8966886983933026
26045,LOF,0.07319652917134245,0.10658522327110577,0.8202182475575518
26046,LOF,0.06469236147331657,0.08577818977805932,0.849529448748624
26047,LOF,0.09009738213179462,0.09280101153236117,0.8171016063358442
26048,LOF,0.048634817790092405,0.05435217911589299,0.8970130030940147
26049,Neutral,0.9608027188879269,0.008545526582367373,0.030651754529705578
26050,Neutral,0.9439687170325871,0.011179578207093371,0.0448517047603195
26051,LOF,0.04732704479377649,0.30839158105495396,0.6442813741512695
26052,LOF,0.06584472545121178,0.3111978434961652,0.6229574310526229
26053,LOF,0.05941150245728382,0.11873361583955576,0.8218548817031603
26054,LOF,0.05525977551840357,0.019107919692579634,0.9256323047890168
26055,LOF,0.07453142730875902,0.015169866856539291,0.9102987058347017
26056,LOF,0.060364280514488944,0.016467097817461716,0.9231686216680494
26057,LOF,0.032598188482374474,0.0105999347580933,0.9568018767595323
26058,LOF,0.034335101663252494,0.008346617157684054,0.9573182811790635
26059,LOF,0.31413001169735927,0.02676873339592087,0.6591012549067199
26060,LOF,0.0334628223698005,0.1591660865870366,0.807371091043163
26061,LOF,0.01730802043643212,0.010675236429301753,0.9720167431342661
26062,LOF,0.011384052700186264,0.01849532540423992,0.9701206218955739
26063,LOF,0.02346116424858076,0.011332028279424288,0.9652068074719949
26064,LOF,0.024966467240012218,0.019802683099449485,0.9552308496605383
26065,LOF,0.025651762443132598,0.011138939058222351,0.9632092984986451
26066,LOF,0.022289317319892567,0.010800738397799933,0.9669099442823076
26067,LOF,0.030188106723831102,0.008504264433704018,0.961307628842465
26068,LOF,0.04728167309334909,0.0356171527259166,0.9171011741807344
26069,LOF,0.2524533629886252,0.022098834444731607,0.7254478025666432
26070,LOF,0.390796960049988,0.017199795213899766,0.5920032447361123
26071,LOF,0.025165696328902285,0.011992784694723462,0.9628415189763743
26072,LOF,0.023635788126200773,0.018090102876957014,0.9582741089968423
26073,LOF,0.026167233578601283,0.010376440507995483,0.9634563259134031
26074,Neutral,0.9033324307140299,0.005468139515149517,0.0911994297708207
26075,LOF,0.04421695217450627,0.015820916310998644,0.9399621315144951
26076,LOF,0.04622413402107905,0.008504026071656715,0.9452718399072643
26077,LOF,0.009336376923689172,0.019611319947623832,0.971052303128687
26078,LOF,0.01466089628856491,0.010101231792216274,0.9752378719192188
26079,LOF,0.05971068867131316,0.017694719411981766,0.9225945919167051
26080,LOF,0.05858593287403767,0.017745005546720108,0.9236690615792422
26081,LOF,0.04109949419913632,0.005839397942201556,0.953061107858662
26082,LOF,0.01785979268197942,0.014721481739727899,0.9674187255782928
26083,LOF,0.13318080963105877,0.011753982226634199,0.8550652081423069
26084,LOF,0.027918387088922962,0.011177090309132148,0.9609045226019449
26085,LOF,0.02373005717485523,0.010656381912284981,0.9656135609128598
26086,LOF,0.024730385873091933,0.011397885952317069,0.963871728174591
26087,LOF,0.029088715318545823,0.007954270368423983,0.9629570143130302
26088,LOF,0.017734197636338614,0.02750248217711695,0.9547633201865444
26089,LOF,0.046980305553206134,0.02526515325486852,0.9277545411919254
26090,LOF,0.04544152101130121,0.01941589311403224,0.9351425858746665
26091,LOF,0.04127966770500327,0.005670314384698373,0.9530500179102983
26092,LOF,0.027518224886618356,0.007530245071009427,0.9649515300423722
26093,LOF,0.04117626653848472,0.005420707358499647,0.9534030261030156
26094,LOF,0.04504447819168595,0.006002524189579388,0.9489529976187346
26095,LOF,0.048152670512396425,0.013376361534498109,0.9384709679531054
26096,LOF,0.022011112584596065,0.010652947809608324,0.9673359396057957
26097,LOF,0.012855814669602072,0.0330404782924705,0.9541037070379276
26098,LOF,0.07154949122586493,0.01040417878953661,0.9180463299845983
26099,LOF,0.025590856670378376,0.012064636508017297,0.9623445068216044
26100,LOF,0.027868373776812304,0.011678832784838127,0.9604527934383494
26101,LOF,0.055420332105936394,0.011492441526142413,0.9330872263679213
26102,LOF,0.026260858500884252,0.01340565083373954,0.9603334906653763
26103,Neutral,0.8904444622897681,0.017143156413349014,0.09241238129688285
26104,LOF,0.07966355178869955,0.02764016176801873,0.8926962864432818
26105,LOF,0.22122373576047843,0.25595287142933126,0.5228233928101903
26106,LOF,0.22568567485044172,0.11946020323283084,0.6548541219167274
26107,LOF,0.2389161808166627,0.0806620012615193,0.680421817921818
26108,LOF,0.21978890680989527,0.1432775541716375,0.6369335390184673
26109,LOF,0.12027904236437367,0.08952440377742978,0.7901965538581964
26110,LOF,0.27359121575600676,0.006527594612870573,0.7198811896311227
26111,Neutral,0.5042827414631819,0.016624286155652913,0.4790929723811652
26112,LOF,0.033286237742305075,0.008007730952904827,0.95870603130479
26113,LOF,0.05488070461808351,0.015376491568830803,0.9297428038130856
26114,LOF,0.028784275827651962,0.025870794204535443,0.9453449299678126
26115,LOF,0.09195968010764377,0.07403296034531903,0.8340073595470372
26116,LOF,0.06252656896234618,0.05282953100734749,0.8846439000303064
26117,LOF,0.4290176847221372,0.05067381645350876,0.5203084988243541
26118,LOF,0.035157908888304945,0.02623749110473764,0.9386046000069573
26119,LOF,0.020742969345696128,0.03991056085079723,0.9393464698035066
26120,LOF,0.028346523316933055,0.027254338040036567,0.9443991386430305
26121,LOF,0.045927329252814696,0.09044278109862282,0.8636298896485625
26122,LOF,0.03708106786324646,0.04462709817799521,0.9182918339587582
