feature0,prediction,LoGoFunc_Neutral,LoGoFunc_GOF,LoGoFunc_LOF
25546,Neutral,0.6019653869355291,0.10768340364818547,0.2903512094162855
25547,Neutral,0.47008189533041966,0.18478099032281675,0.34513711434676364
25548,LOF,0.3544519220188164,0.1907133899227997,0.4548346880583839
25549,LOF,0.3600799892072802,0.1782305039926162,0.4616895068001037
25550,LOF,0.35015627199525756,0.07294097685674916,0.5769027511479933
25551,LOF,0.27101331705474496,0.08777530055213242,0.6412113823931227
25552,LOF,0.26940129003938207,0.09221643224222471,0.6383822777183933
25553,Neutral,0.795462230549106,0.05441393906056614,0.15012383039032792
25554,LOF,0.2593861788436741,0.07845321818046984,0.6621606029758561
25555,LOF,0.24355324087495622,0.08789395458983396,0.6685528045352098
25556,LOF,0.3772849211736173,0.06466005289097099,0.5580550259354117
25557,LOF,0.26090515134479303,0.11364761424253515,0.6254472344126717
25558,LOF,0.2429251516072699,0.14375266100260878,0.6133221873901212
25559,LOF,0.3117006046297864,0.02512088568275589,0.6631785096874578
25560,LOF,0.05650206953760539,0.21185219150517498,0.7316457389572195
25561,LOF,0.051711132006114074,0.24056743143174977,0.7077214365621362
25562,LOF,0.03189578196598473,0.2439180659457159,0.7241861520882994
25563,LOF,0.0188831133340834,0.1385464711019288,0.8425704155639878
25564,LOF,0.07293163079034924,0.07562421010785161,0.851444159101799
25565,LOF,0.3372395740855004,0.12697847065232098,0.5357819552621786
25566,GOF,0.07204859676078461,0.6898844259264765,0.23806697731273876
25567,LOF,0.02894030740570558,0.17719574503847083,0.7938639475558236
25568,LOF,0.06344730605708507,0.06912500235704892,0.8674276915858661
25569,LOF,0.06244843472457458,0.08003742114594092,0.8575141441294846
25570,LOF,0.05195549635050721,0.12891695650862608,0.8191275471408667
25571,LOF,0.05195549635050721,0.12891695650862608,0.8191275471408667
25572,LOF,0.06386736686423282,0.09208083406446906,0.844051799071298
25573,LOF,0.22533506069708797,0.14892623196369528,0.6257387073392168
25574,GOF,0.1431551560235808,0.7036653552912006,0.15317948868521877
25575,LOF,0.05195549635050721,0.12891695650862608,0.8191275471408667
25576,LOF,0.0241693085388848,0.19892193935487587,0.7769087521062393
25577,LOF,0.02585347308755557,0.11825814387472404,0.8558883830377203
25578,LOF,0.10883831535891457,0.3540212989428623,0.5371403856982231
25579,LOF,0.09481131011350312,0.31753745464881866,0.5876512352376781
25580,LOF,0.05195549635050721,0.12891695650862608,0.8191275471408667
25581,LOF,0.06442128204232149,0.07448117341676835,0.86109754454091
25582,LOF,0.06442128204232149,0.07448117341676835,0.86109754454091
25583,LOF,0.05195549635050721,0.12891695650862608,0.8191275471408667
25584,Neutral,0.7567750628308556,0.0339449077018236,0.20928002946732072
25585,LOF,0.03475793874726418,0.11778115734073265,0.8474609039120031
25586,LOF,0.05195549635050721,0.12891695650862608,0.8191275471408667
25587,LOF,0.05195549635050721,0.12891695650862608,0.8191275471408667
25588,LOF,0.05195549635050721,0.12891695650862608,0.8191275471408667
25589,Neutral,0.6030424448330837,0.2448262229160791,0.15213133225083725
25590,LOF,0.06315425979887707,0.1422782166280371,0.7945675235730857
25591,LOF,0.10356233380012254,0.07743660633060659,0.8190010598692709
25592,GOF,0.28794973110031086,0.4100049011316397,0.3020453677680494
25593,GOF,0.08589949218695257,0.6669836872528698,0.2471168205601776
25594,LOF,0.056502174797601175,0.08870572587897732,0.8547920993234215
25595,LOF,0.06264736026001619,0.0769391270284873,0.8604135127114965
25596,LOF,0.14943905428689694,0.03082003208708967,0.8197409136260135
25597,LOF,0.13930668599903084,0.0233447082430257,0.8373486057579436
25598,LOF,0.05033435814573148,0.0610965867719568,0.8885690550823117
25599,LOF,0.02002157522218049,0.4323369327254033,0.5476414920524162
25600,GOF,0.10798411181814788,0.5085214793561025,0.38349440882574964
25601,GOF,0.02524523584129788,0.4909557920058505,0.48379897215285156
25602,LOF,0.07604201775554328,0.06642309288088735,0.8575348893635694
25603,LOF,0.08809338567886126,0.08094031132833716,0.8309663029928016
25604,LOF,0.08248623808712788,0.2217333298962894,0.6957804320165827
25605,LOF,0.19322088557807962,0.2130864562569228,0.5936926581649975
25606,Neutral,0.6654055312075358,0.06502803094584406,0.2695664378466202
25607,LOF,0.06386569721540121,0.18963049919526484,0.7465038035893339
25608,LOF,0.04486107509522727,0.14587411764771396,0.8092648072570588
25609,GOF,0.0764519927167575,0.7286019056753265,0.19494610160791606
25610,LOF,0.04589673052921788,0.12561300183572252,0.8284902676350596
25611,LOF,0.04589673052921788,0.12561300183572252,0.8284902676350596
25612,LOF,0.09546074392720287,0.031029436401600052,0.873509819671197
25613,LOF,0.12680017527662413,0.0326653574359984,0.8405344672873775
25614,LOF,0.04589673052921788,0.12561300183572252,0.8284902676350596
25615,LOF,0.0847605511565752,0.10298501153538295,0.8122544373080418
25616,LOF,0.04589673052921788,0.12561300183572252,0.8284902676350596
25617,LOF,0.04589673052921788,0.12561300183572252,0.8284902676350596
25618,LOF,0.12067334097396346,0.3526930415818139,0.5266336174442227
25619,LOF,0.04589673052921788,0.12561300183572252,0.8284902676350596
25620,LOF,0.04589673052921788,0.12561300183572252,0.8284902676350596
25621,LOF,0.09084579560879974,0.08070725081981328,0.8284469535713871
25622,LOF,0.09265676938420579,0.062171652309843,0.8451715783059512
25623,LOF,0.10869962968287926,0.0660203735855392,0.8252799967315815
25624,LOF,0.04589673052921788,0.12561300183572252,0.8284902676350596
25625,LOF,0.09348605528904204,0.03674516862936717,0.8697687760815908
25626,LOF,0.06211240364408175,0.04044285985097719,0.897444736504941
25627,Neutral,0.8400200875945811,0.04938110482091841,0.11059880758450041
25628,LOF,0.11962133939973052,0.2385655673415363,0.6418130932587333
25629,LOF,0.041860111150097745,0.16749546247206232,0.7906444263778398
25630,LOF,0.4172448443002029,0.08067547553060551,0.5020796801691917
25631,LOF,0.3109951939349617,0.16694073207974047,0.5220640739852977
25632,LOF,0.016520442667179502,0.24474187489936808,0.7387376824334524
25633,LOF,0.036842559432990876,0.23493052794469127,0.7282269126223178
25634,LOF,0.047665841192908044,0.09560287289696115,0.8567312859101308
25635,LOF,0.036842559432990876,0.23493052794469127,0.7282269126223178
25636,GOF,0.021234461763893146,0.6513612251426113,0.3274043130934955
25637,GOF,0.019658026627517054,0.7569483715220595,0.2233936018504234
25638,GOF,0.010553640947023072,0.7076704907578557,0.2817758682951212
25639,GOF,0.021042129831687517,0.724302716928431,0.2546551532398815
25640,Neutral,0.7610334291618529,0.1532564332202684,0.08571013761787853
25641,GOF,0.051005751425973626,0.7537949672978445,0.19519928127618197
25642,LOF,0.07102153016986307,0.4207200205507348,0.5082584492794021
25643,LOF,0.2644450366427405,0.25851711758963647,0.47703784576762304
25644,LOF,0.015576649486752817,0.48706435841007634,0.49735899210317097
25645,GOF,0.013623646777859901,0.5238486487321743,0.4625277044899659
25646,GOF,0.017685709113389642,0.5408691515734274,0.441445139313183
25647,LOF,0.013632111909573226,0.3993391312047257,0.5870287568857011
25648,LOF,0.018670395507437144,0.34214703802413216,0.6391825664684306
25649,LOF,0.011581468901665209,0.23158068523801156,0.7568378458603232
25650,LOF,0.03183638741414997,0.42221845877529024,0.5459451538105597
25651,LOF,0.017048766843905803,0.29767922747767916,0.685272005678415
25652,LOF,0.010046434698318596,0.4768574741321112,0.5130960911695702
25653,GOF,0.04060652779165507,0.4971338252922526,0.46225964691609234
25654,LOF,0.009146742767452257,0.48015952493677466,0.5106937322957731
25655,GOF,0.037922439822408505,0.6767028772384522,0.28537468293913937
25656,LOF,0.17530306660657416,0.3859731078489419,0.4387238255444839
25657,LOF,0.040445365207692645,0.22114761922998472,0.7384070155623226
25658,LOF,0.06520686592387559,0.3905727646018131,0.5442203694743113
25659,Neutral,0.47099742257155874,0.26895200569803673,0.26005057173040447
25660,LOF,0.03953311473126311,0.13772547478372077,0.8227414104850161
25661,LOF,0.03953311473126311,0.13772547478372077,0.8227414104850161
25662,LOF,0.03953311473126311,0.13772547478372077,0.8227414104850161
25663,LOF,0.03953311473126311,0.13772547478372077,0.8227414104850161
25664,LOF,0.08352359330926784,0.11609067868117919,0.800385728009553
25665,LOF,0.057998779646458234,0.04402106351030594,0.8979801568432358
25666,LOF,0.07325408233276336,0.1365503201123302,0.7901955975549064
25667,LOF,0.03953311473126311,0.13772547478372077,0.8227414104850161
25668,LOF,0.03953311473126311,0.13772547478372077,0.8227414104850161
25669,LOF,0.03953311473126311,0.13772547478372077,0.8227414104850161
25670,LOF,0.09892485981067317,0.0994347417288356,0.8016403984604912
25671,LOF,0.03953311473126311,0.13772547478372077,0.8227414104850161
25672,LOF,0.05325070022897155,0.039515349840184275,0.907233949930844
25673,LOF,0.08357373069960256,0.04665666919977563,0.8697696001006218
25674,LOF,0.07579740807228731,0.050554406389115736,0.8736481855385969
25675,LOF,0.07331975426876766,0.06076621453478595,0.8659140311964464
25676,LOF,0.03953311473126311,0.13772547478372077,0.8227414104850161
25677,LOF,0.03953311473126311,0.13772547478372077,0.8227414104850161
25678,LOF,0.12050060147744045,0.038729104262437135,0.8407702942601224
25679,LOF,0.14245568046527002,0.058801968260191385,0.7987423512745386
25680,LOF,0.03953311473126311,0.13772547478372077,0.8227414104850161
25681,LOF,0.03953311473126311,0.13772547478372077,0.8227414104850161
25682,LOF,0.03953311473126311,0.13772547478372077,0.8227414104850161
25683,LOF,0.10866656848575217,0.046366965186919594,0.8449664663273282
25684,LOF,0.03953311473126311,0.13772547478372077,0.8227414104850161
25685,LOF,0.03252577208905098,0.3660846220567922,0.6013896058541567
25686,GOF,0.022540337806820007,0.5234998809734988,0.4539597812196812
25687,GOF,0.025032586749203015,0.71654476409552,0.25842264915527713
25688,LOF,0.2548042042653071,0.24277820668190406,0.5024175890527889
25689,LOF,0.12022361866729085,0.2371452658373016,0.6426311154954075
25690,LOF,0.2110148423462961,0.21714982391928694,0.571835333734417
25691,Neutral,0.7193901942326009,0.0900773838175068,0.19053242194989248
25692,LOF,0.16563264884668882,0.024859283709865128,0.809508067443446
25693,GOF,0.05278755753406497,0.6938889760492644,0.25332346641667064
25694,LOF,0.1680798316899662,0.04365192550359995,0.7882682428064338
25695,LOF,0.12599221909986938,0.05860926250823297,0.8153985183918977
25696,LOF,0.09866413488023819,0.06754810963416125,0.8337877554856006
25697,LOF,0.10302315949418629,0.1549703660435869,0.7420064744622269
25698,LOF,0.08009240929560742,0.19243877243901736,0.7274688182653752
25699,GOF,0.09225075655788188,0.6109670764144538,0.2967821670276643
25700,LOF,0.037670550131518196,0.273186760162407,0.6891426897060747
25701,GOF,0.07514822719436845,0.8175579018768029,0.10729387092882875
25702,GOF,0.31878521468947346,0.3417652597293097,0.33944952558121677
25703,LOF,0.032230877273211396,0.12371304761284159,0.844056075113947
25704,LOF,0.04961844926950473,0.16649469008819187,0.7838868606423034
25705,LOF,0.0290633618332336,0.34777103215462407,0.6231656060121423
25706,GOF,0.09164096086289766,0.6200796604029585,0.28827937873414394
25707,GOF,0.07715268708939912,0.5477083823513615,0.37513893055923925
25708,LOF,0.029813355406177994,0.3712223283048598,0.5989643162889622
25709,LOF,0.0290633618332336,0.34777103215462407,0.6231656060121423
25710,LOF,0.018802523197448694,0.17325075745672622,0.8079467193458252
25711,LOF,0.0290633618332336,0.34777103215462407,0.6231656060121423
25712,LOF,0.0217580145867909,0.2003318692850627,0.7779101161281463
25713,LOF,0.0290633618332336,0.34777103215462407,0.6231656060121423
25714,LOF,0.0290633618332336,0.34777103215462407,0.6231656060121423
25715,LOF,0.0290633618332336,0.34777103215462407,0.6231656060121423
25716,LOF,0.017021093743365502,0.15502904481868277,0.8279498614379517
25717,LOF,0.01786329871359775,0.19844440567478694,0.7836922956116152
25718,LOF,0.0290633618332336,0.34777103215462407,0.6231656060121423
25719,LOF,0.0290633618332336,0.34777103215462407,0.6231656060121423
25720,LOF,0.0290633618332336,0.34777103215462407,0.6231656060121423
25721,LOF,0.0290633618332336,0.34777103215462407,0.6231656060121423
25722,LOF,0.0290633618332336,0.34777103215462407,0.6231656060121423
25723,LOF,0.0290633618332336,0.34777103215462407,0.6231656060121423
25724,LOF,0.09959215405121787,0.35130585644805085,0.5491019895007313
25725,LOF,0.0290633618332336,0.34777103215462407,0.6231656060121423
25726,LOF,0.0290633618332336,0.34777103215462407,0.6231656060121423
25727,LOF,0.0290633618332336,0.34777103215462407,0.6231656060121423
25728,LOF,0.0290633618332336,0.34777103215462407,0.6231656060121423
25729,LOF,0.0290633618332336,0.34777103215462407,0.6231656060121423
25730,LOF,0.0290633618332336,0.34777103215462407,0.6231656060121423
25731,LOF,0.017797420170587268,0.30863809886480703,0.6735644809646057
25732,LOF,0.0290633618332336,0.34777103215462407,0.6231656060121423
25733,LOF,0.0290633618332336,0.34777103215462407,0.6231656060121423
25734,LOF,0.02191553230208193,0.155902492794784,0.822181974903134
25735,LOF,0.0290633618332336,0.34777103215462407,0.6231656060121423
25736,LOF,0.0290633618332336,0.34777103215462407,0.6231656060121423
25737,LOF,0.0290633618332336,0.34777103215462407,0.6231656060121423
25738,LOF,0.0290633618332336,0.34777103215462407,0.6231656060121423
25739,LOF,0.0290633618332336,0.34777103215462407,0.6231656060121423
25740,LOF,0.0290633618332336,0.34777103215462407,0.6231656060121423
25741,LOF,0.0290633618332336,0.34777103215462407,0.6231656060121423
25742,LOF,0.0290633618332336,0.34777103215462407,0.6231656060121423
25743,LOF,0.0282318013259606,0.08567474148542932,0.88609345718861
25744,Neutral,0.6097959737518779,0.13334889420081383,0.2568551320473082
25745,LOF,0.03643535842753545,0.20883471053956087,0.7547299310329036
25746,LOF,0.028725824243108593,0.19839020477002503,0.7728839709868663
25747,LOF,0.03903144536782386,0.22353098358019768,0.7374375710519786
25748,LOF,0.07139245234124382,0.3169576535160961,0.61164989414266
25749,LOF,0.022564693372482056,0.3547439897473554,0.6226913168801627
25750,LOF,0.02452643983913912,0.26521492137440544,0.7102586387864555
25751,LOF,0.03903144536782386,0.22353098358019768,0.7374375710519786
25752,GOF,0.060098117225834365,0.7849561141101499,0.15494576866401583
25753,LOF,0.023913705401276932,0.2187218882772275,0.7573644063214955
25754,GOF,0.03045464026391631,0.7787120111339731,0.19083334860211054
25755,LOF,0.031507150495117174,0.1837299093302203,0.7847629401746625
25756,LOF,0.05017918618378002,0.3138748171165656,0.6359459966996543
25757,GOF,0.024758345706461512,0.7836390445188406,0.19160260977469806
25758,GOF,0.03089897500965707,0.6991002465195865,0.27000077847075654
25759,GOF,0.0225845471484706,0.5889099961067672,0.3885054567447621
25760,LOF,0.028660334770595992,0.18299183392985693,0.7883478312995472
25761,GOF,0.2191383221703536,0.6425813875385368,0.13828029029110964
25762,LOF,0.057815634647785386,0.16908188851372197,0.7731024768384928
25763,LOF,0.02476577418548428,0.1803136402546539,0.7949205855598618
25764,GOF,0.048180387631597314,0.8087464330179545,0.14307317935044825
25765,GOF,0.02694346252065602,0.7318560394961087,0.24120049798323545
25766,GOF,0.06970273628215382,0.771434601697813,0.15886266202003313
25767,GOF,0.06562410487066052,0.6219877681066786,0.31238812702266094
25768,LOF,0.0498656901396872,0.18864596699086086,0.7614883428694519
25769,LOF,0.03130001710089086,0.4811697412780234,0.48753024162108577
25770,Neutral,0.7319150828460286,0.11278396927866953,0.15530094787530194
25771,LOF,0.06472910102850088,0.2807425307187529,0.6545283682527462
25772,LOF,0.03130001710089086,0.4811697412780234,0.48753024162108577
25773,LOF,0.0635318994450829,0.27194818669955517,0.664519913855362
25774,LOF,0.029692664082332832,0.22989382489353877,0.7404135110241284
25775,LOF,0.08554385190364103,0.17712367495234965,0.7373324731440093
25776,LOF,0.03130001710089086,0.4811697412780234,0.48753024162108577
25777,LOF,0.20430473276636313,0.26516520739371835,0.5305300598399185
25778,LOF,0.03130001710089086,0.4811697412780234,0.48753024162108577
25779,Neutral,0.42819068345051886,0.3735098791932347,0.1982994373562465
25780,Neutral,0.5551726909237743,0.2871267063764955,0.15770060269973005
25781,GOF,0.3506721577768536,0.4991737645229727,0.15015407770017367
25782,GOF,0.3096937619114106,0.50513343464434,0.18517280344424936
25783,GOF,0.07055020623323874,0.4746342928647824,0.454815500901979
25784,Neutral,0.6772401642111954,0.22679404099052652,0.09596579479827808
25785,Neutral,0.7427661675444689,0.13984796608712188,0.11738586636840925
25786,GOF,0.11373649220773825,0.6061742797732611,0.28008922801900066
25787,Neutral,0.8449052189486327,0.0963210740679723,0.058773706983394965
25788,LOF,0.04112361778536449,0.15153516466435088,0.8073412175502845
25789,GOF,0.18899539241444843,0.5729417003057862,0.23806290727976528
25790,GOF,0.2987253553091781,0.4958317547956614,0.20544288989516046
25791,GOF,0.23605081402455186,0.5128350982598594,0.2511140877155888
25792,GOF,0.3816194113216204,0.4206889048582122,0.19769168382016736
25793,Neutral,0.5386049833872237,0.32786509862094065,0.1335299179918357
25794,GOF,0.243767145073655,0.5439903827017786,0.2122424722245664
25795,GOF,0.06619729664905526,0.7167148130455453,0.2170878903053994
25796,Neutral,0.4459096868309177,0.29330431641303806,0.2607859967560443
25797,LOF,0.14924983321538451,0.4113514190368634,0.43939874774775217
25798,GOF,0.025056968639300004,0.520461576761766,0.454481454598934
25799,LOF,0.03366221821790253,0.3713118328897815,0.595025948892316
25800,GOF,0.12663229233324083,0.5799163832613705,0.29345132440538885
25801,GOF,0.27286292562312076,0.5471366820212399,0.18000039235563942
25802,GOF,0.15734947692282958,0.6006853274535182,0.24196519562365226
25803,GOF,0.14226214554091346,0.5558175320753991,0.30192032238368743
25804,GOF,0.090176520364328,0.5168631498799491,0.39296032975572304
25805,GOF,0.16869882891659846,0.6619699681201642,0.16933120296323742
25806,GOF,0.2680645673933201,0.46975322431367705,0.262182208293003
25807,GOF,0.035071892283316634,0.5564186854331672,0.40850942228351617
25808,GOF,0.19623323354792077,0.5889376129600521,0.21482915349202716
25809,LOF,0.037987329006671997,0.462034628264868,0.4999780427284599
25810,GOF,0.045687910803565095,0.5606367233328498,0.39367536586358515
25811,Neutral,0.5518673359327216,0.29554536005265225,0.15258730401462614
25812,GOF,0.10856448504375955,0.514060998525386,0.37737451643085446
25813,Neutral,0.6812286528840276,0.19232429470017853,0.12644705241579385
25814,GOF,0.20372028390103072,0.6005040548233795,0.1957756612755898
25815,GOF,0.3265181170934759,0.4543106539230468,0.2191712289834773
25816,GOF,0.04725462433133243,0.6345280700333283,0.3182173056353393
25817,GOF,0.1713162388415522,0.6550088653204801,0.17367489583796777
25818,GOF,0.07410325507871145,0.5097975597242593,0.4160991851970293
25819,Neutral,0.3911318936920737,0.3516059088563248,0.2572621974516014
25820,GOF,0.19056922334564827,0.49990503468137953,0.3095257419729722
25821,GOF,0.06576187598389946,0.6173920444674771,0.31684607954862354
25822,GOF,0.32255841030808746,0.3827332337517741,0.29470835594013833
25823,GOF,0.06894928984039261,0.6183040150053026,0.3127466951543047
25824,LOF,0.10170486035169195,0.31732675877017313,0.580968380878135
25825,LOF,0.06094495258921399,0.34278447506842663,0.5962705723423595
25826,LOF,0.018648204840436992,0.4431379273734174,0.5382138677861457
25827,GOF,0.03626665575228427,0.6822464033016833,0.2814869409460326
25828,GOF,0.02983773880665851,0.48654233858508117,0.48361992260826026
25829,LOF,0.021051678475767607,0.41653971140943635,0.562408610114796
25830,LOF,0.10068815969643881,0.39186952424348154,0.5074423160600797
25831,GOF,0.13063357050527952,0.7229943858698862,0.14637204362483422
25832,GOF,0.04039776822437915,0.7190668099072288,0.24053542186839202
25833,GOF,0.11703257989624978,0.6865740470438276,0.1963933730599226
25834,GOF,0.03716637854464312,0.7252373833544163,0.2375962381009406
25835,GOF,0.1718677798175591,0.5697517355097974,0.25838048467264346
25836,GOF,0.05341503904933854,0.6729899342765665,0.273595026674095
25837,GOF,0.03345634334636502,0.5271487437567668,0.4393949128968682
25838,GOF,0.1428198896451583,0.6658777762664799,0.1913023340883617
25839,GOF,0.29247617556014666,0.5082716843165411,0.1992521401233123
25840,GOF,0.14717028186578596,0.6053253767377627,0.24750434139645122
25841,GOF,0.18446995270452246,0.5588846019327735,0.2566454453627041
25842,GOF,0.24399060520506524,0.5209237614184399,0.235085633376495
25843,GOF,0.21629675787713018,0.5585545003164236,0.2251487418064461
25844,GOF,0.10418709383157221,0.5544982989353114,0.3413146072331164
25845,GOF,0.023438659562178724,0.5603969787249201,0.4161643617129012
25846,GOF,0.09373341646631574,0.7094094086939859,0.19685717483969828
25847,GOF,0.15067961886720543,0.7112948401258391,0.13802554100695544
25848,GOF,0.09979443139538834,0.6663040778962198,0.2339014907083918
25849,GOF,0.025087129889117533,0.6307737524384565,0.3441391176724261
25850,GOF,0.03276536266133475,0.6550596314561767,0.31217500588248853
25851,GOF,0.022154878337303886,0.5801873939706855,0.3976577276920106
25852,GOF,0.22884672454295582,0.5555556566182516,0.21559761883879253
25853,GOF,0.38174338177833833,0.3956245956445032,0.2226320225771584
25854,GOF,0.017518039295095683,0.5484368642280707,0.43404509647683365
25855,LOF,0.0934163684979562,0.3324109617440341,0.5741726697580096
25856,Neutral,0.4113581268542881,0.3125190797070566,0.2761227934386554
25857,GOF,0.09644200718146759,0.5208387449515658,0.3827192478669667
25858,GOF,0.03256999857491818,0.6287849359501266,0.33864506547495526
25859,GOF,0.022199838631978486,0.5637269386824637,0.41407322268555774
25860,GOF,0.4006863835553602,0.44813615369466814,0.15117746274997168
25861,GOF,0.3060713553739516,0.5825606521366322,0.11136799248941621
25862,GOF,0.1435171418931237,0.6446614816909907,0.21182137641588547
25863,GOF,0.16071824746576016,0.5802542223171839,0.25902753021705605
25864,GOF,0.3540763209305508,0.4411435146384172,0.20478016443103197
25865,GOF,0.12351695475901975,0.7217197915461538,0.15476325369482652
25866,GOF,0.13909140069932177,0.6366346506737636,0.22427394862691455
25867,GOF,0.1434918896157728,0.7291449397579872,0.12736317062623986
25868,GOF,0.24943300397075638,0.49280163339652017,0.2577653626327234
25869,Neutral,0.7829293785570435,0.16062223340898238,0.05644838803397403
25870,GOF,0.2351492191915935,0.40773385375434695,0.3571169270540596
25871,GOF,0.07277413329770256,0.6761175115369955,0.25110835516530183
25872,GOF,0.16490083474542877,0.5458159964685735,0.2892831687859978
25873,GOF,0.15667846077167885,0.5530904529680796,0.2902310862602416
25874,LOF,0.04112361778536449,0.15153516466435088,0.8073412175502845
25875,GOF,0.04214919614058459,0.5053140417384814,0.45253676212093413
25876,LOF,0.028380979121436382,0.2910426453185021,0.6805763755600616
25877,GOF,0.3190412263954107,0.42478117724407377,0.2561775963605154
25878,GOF,0.07508675633958915,0.7121156924271126,0.21279755123329835
25879,GOF,0.03547464773559899,0.7208937760151064,0.2436315762492946
25880,LOF,0.03601773318736481,0.16169491784884552,0.8022873489637897
25881,Neutral,0.3781947122020624,0.2502427114779549,0.37156257631998274
25882,LOF,0.08279156516073573,0.07343906944697601,0.8437693653922882
25883,LOF,0.053195822440918784,0.1227933748710828,0.8240108026879984
25884,LOF,0.06525196734093046,0.16181036623574724,0.7729376664233223
25885,LOF,0.07637933029031185,0.07094461079237495,0.8526760589173132
25886,LOF,0.0792250371104336,0.33771443602113305,0.5830605268684332
25887,LOF,0.26298668708422124,0.26389140967557645,0.4731219032402022
25888,LOF,0.20623965824617704,0.161340470587088,0.632419871166735
25889,LOF,0.08775251796126038,0.10250614612289781,0.8097413359158419
25890,LOF,0.05968904301045627,0.3080604684925304,0.6322504884970134
25891,LOF,0.04236839649508488,0.1573318194467796,0.8002997840581355
25892,LOF,0.094709580909441,0.13926847990720664,0.7660219391833524
25893,LOF,0.1637072263006887,0.18570252689106762,0.6505902468082437
25894,LOF,0.0936408283690669,0.13070203655130558,0.7756571350796275
25895,LOF,0.12116613092681963,0.10774132070521415,0.7710925483679661
25896,LOF,0.07090154497479265,0.046728669524665964,0.8823697855005415
25897,LOF,0.17847149520276936,0.11960833022130664,0.7019201745759239
25898,Neutral,0.48480715924140116,0.14905826923057106,0.3661345715280279
25899,LOF,0.0920799258185703,0.3287734233535404,0.5791466508278894
25900,Neutral,0.9214127398269542,0.017386713806262392,0.061200546366783244
25901,LOF,0.06518212401368806,0.12047383280876778,0.8143440431775442
25902,LOF,0.08761193715968636,0.06364421369320625,0.8487438491471073
25903,LOF,0.37164245363615284,0.20964787632987464,0.4187096700339725
25904,LOF,0.21534801049286062,0.22909544363963452,0.5555565458675048
25905,GOF,0.018495354560573433,0.6639388568054022,0.31756578863402435
25906,LOF,0.02137418978176856,0.1093144701762573,0.8693113400419742
25907,LOF,0.014141421548032065,0.4167784938311584,0.5690800846208096
25908,LOF,0.021053023980306486,0.28765507482518365,0.6912919011945098
25909,LOF,0.04370701576347338,0.1098705997013042,0.8464223845352224
25910,LOF,0.026037044313050487,0.32620605830468685,0.6477568973822626
25911,LOF,0.06924223905045378,0.0462209568389674,0.8845368041105788
25912,LOF,0.033330896531276494,0.12629871217215974,0.8403703912965638
25913,LOF,0.12266216715351386,0.1172848398504683,0.7600529929960178
25914,LOF,0.05153959076140329,0.14948218026327864,0.7989782289753182
25915,GOF,0.3154239329285413,0.5406003126133436,0.14397575445811497
25916,GOF,0.033594041341543375,0.6985598568456389,0.26784610181281776
25917,LOF,0.045814639615923344,0.09941730575356676,0.8547680546305099
25918,LOF,0.05153959076140329,0.14948218026327864,0.7989782289753182
25919,LOF,0.05153959076140329,0.14948218026327864,0.7989782289753182
25920,GOF,0.051375195565083895,0.7634396247363565,0.18518517969855947
25921,LOF,0.026921424552016692,0.3816641177127207,0.5914144577352626
25922,LOF,0.025262001218290725,0.40762310315105227,0.5671148956306571
25923,LOF,0.08025890984158592,0.3370442538396821,0.5826968363187319
25924,LOF,0.03800159241581418,0.2249575089175053,0.7370408986666805
25925,LOF,0.03732129341784481,0.17437236180633028,0.788306344775825
25926,LOF,0.03586649282014312,0.13543891857134757,0.8286945886085093
25927,GOF,0.033943776381666346,0.5999176237868064,0.36613859983152736
25928,LOF,0.0253068416843361,0.23046170138743258,0.7442314569282314
25929,LOF,0.19449773169606527,0.3249200555873626,0.4805822127165722
25930,LOF,0.053195822440918784,0.1227933748710828,0.8240108026879984
25931,LOF,0.03041395050820679,0.13771147334838577,0.8318745761434073
25932,LOF,0.053195822440918784,0.1227933748710828,0.8240108026879984
25933,LOF,0.053195822440918784,0.1227933748710828,0.8240108026879984
25934,LOF,0.053195822440918784,0.1227933748710828,0.8240108026879984
25935,LOF,0.0373677617990691,0.15781095255405483,0.804821285646876
25936,LOF,0.053195822440918784,0.1227933748710828,0.8240108026879984
25937,LOF,0.03910546574627075,0.14186561826836017,0.8190289159853691
25938,LOF,0.05609604478380618,0.20145760738294005,0.7424463478332538
25939,LOF,0.053195822440918784,0.1227933748710828,0.8240108026879984
25940,GOF,0.016158232152099647,0.6609191448340743,0.3229226230138259
25941,LOF,0.21957749365465853,0.2558501586810255,0.524572347664316
25942,LOF,0.0337840117719275,0.055512614959073746,0.9107033732689986
25943,LOF,0.46961642892504074,0.05872544858862082,0.47165812248633854
25944,Neutral,0.47958791777467097,0.05312380132159057,0.4672882809037385
25945,LOF,0.19054867222266297,0.16926822463775246,0.6401831031395846
25946,LOF,0.023204010468796582,0.05151714298836068,0.9252788465428428
25947,LOF,0.05247738168480903,0.4023398401960411,0.54518277811915
25948,LOF,0.3830257776907242,0.023210221719355124,0.5937640005899206
25949,LOF,0.08829634580131154,0.0763103441776397,0.8353933100210487
25950,LOF,0.31992116155484257,0.19539365004857742,0.4846851883965799
25951,GOF,0.10610526691418032,0.6308615779381457,0.26303315514767395
25952,GOF,0.0385343175242171,0.5175642599682295,0.4439014225075533
25953,GOF,0.1219144113029293,0.6569567871780306,0.22112880151903988
25954,GOF,0.33863455711494844,0.5577096095304924,0.10365583335455923
25955,LOF,0.059185592534352766,0.21213468377840955,0.7286797236872378
25956,LOF,0.06073083582434828,0.3144659786069441,0.6248031855687076
25957,LOF,0.04912464069461314,0.15709778602484886,0.793777573280538
25958,LOF,0.08832088891949133,0.060629730631069384,0.8510493804494393
25959,LOF,0.11602399376472083,0.29447398495071725,0.5895020212845619
25960,LOF,0.032596772287552596,0.13420595171799196,0.8331972759944555
25961,LOF,0.08832088891949133,0.060629730631069384,0.8510493804494393
25962,LOF,0.04082971536282105,0.17292342262846985,0.7862468620087091
25963,GOF,0.0313659096954296,0.5328989849541008,0.4357351053504696
25964,LOF,0.053195822440918784,0.1227933748710828,0.8240108026879984
25965,Neutral,0.6876458523226477,0.07451136091999253,0.23784278675735965
25966,LOF,0.07280338328140391,0.44798304241949716,0.4792135742990989
25967,LOF,0.021140878058778522,0.438082770505453,0.5407763514357685
25968,GOF,0.08999303153298743,0.6514769804959465,0.25852998797106597
25969,LOF,0.0317849346485903,0.09596664197376621,0.8722484233776434
25970,LOF,0.028526498121922126,0.09475813291576703,0.8767153689623108
25971,LOF,0.07891508377951294,0.06972858445536836,0.8513563317651187
25972,LOF,0.07891508377951294,0.06972858445536836,0.8513563317651187
25973,LOF,0.12379470144385536,0.07687422160897413,0.7993310769471705
25974,Neutral,0.617235458675158,0.1696797936647365,0.2130847476601054
25975,LOF,0.07101939590199893,0.13002513209786895,0.7989554720001321
25976,LOF,0.028186138819944348,0.15078454794988086,0.8210293132301747
25977,LOF,0.033459840480895224,0.3894898534003416,0.5770503061187631
25978,LOF,0.24350001308851824,0.08676122787838962,0.6697387590330922
25979,LOF,0.2636654533371446,0.07464127515321733,0.6616932715096381
25980,LOF,0.22034548718711233,0.1945568242962515,0.5850976885166361
25981,LOF,0.22034548718711233,0.1945568242962515,0.5850976885166361
25982,LOF,0.4688970382700133,0.05531167001771313,0.4757912917122735
25983,Neutral,0.6504355566644584,0.079301223364267,0.27026321997127467
25984,LOF,0.03771757162381557,0.2754474550331589,0.6868349733430255
25985,GOF,0.01779789118299441,0.7407271731895483,0.24147493562745734
25986,GOF,0.023728780972133406,0.7164557470371472,0.2598154719907195
25987,LOF,0.07408803630937724,0.2241998329729168,0.701712130717706
25988,LOF,0.03771757162381557,0.2754474550331589,0.6868349733430255
25989,LOF,0.03771757162381557,0.2754474550331589,0.6868349733430255
25990,LOF,0.03771757162381557,0.2754474550331589,0.6868349733430255
25991,GOF,0.20630523681164267,0.4851082069532233,0.30858655623513404
25992,Neutral,0.3723227597303758,0.28589745376575887,0.3417797865038653
25993,LOF,0.04961844926950473,0.16649469008819187,0.7838868606423034
25994,LOF,0.04961844926950473,0.16649469008819187,0.7838868606423034
25995,LOF,0.04961844926950473,0.16649469008819187,0.7838868606423034
25996,GOF,0.13898457244492557,0.46513852240424186,0.3958769051508325
25997,GOF,0.0761972560073155,0.6761843125744958,0.2476184314181886
25998,LOF,0.44190870258162407,0.03896747993296823,0.5191238174854077
25999,GOF,0.26601770681800874,0.5080629442742456,0.22591934890774568
26000,LOF,0.06793374505996104,0.1413113698729603,0.7907548850670786
26001,GOF,0.09215230587761494,0.5155823532497553,0.3922653408726298
26002,LOF,0.0502401174016429,0.27566878452265126,0.6740910980757059
26003,GOF,0.015191076972392248,0.6941550544314853,0.2906538685961226
26004,GOF,0.027635019191323777,0.6215840774814302,0.350780903327246
26005,GOF,0.012826310740755251,0.6459458262403198,0.34122786301892494
26006,Neutral,0.5278952734237066,0.23986692771348414,0.2322377988628092
26007,GOF,0.03177337229978894,0.6295892013852976,0.33863742631491356
26008,GOF,0.02409124831162608,0.5880470750091799,0.387861676679194
26009,GOF,0.03611067188604646,0.7667832151422572,0.19710611297169633
26010,GOF,0.01638038628157335,0.7395202059006879,0.24409940781773873
26011,GOF,0.012989815031740171,0.6468100349097088,0.34020015005855087
26012,GOF,0.0170213389039047,0.7531308878548234,0.2298477732412718
26013,GOF,0.0146505658583244,0.7288129436527512,0.25653649048892435
26014,LOF,0.05061495551385761,0.27229834098849237,0.67708670349765
26015,LOF,0.1893514072337933,0.04383900999668015,0.7668095827695266
26016,LOF,0.3814399407122725,0.13199252041813517,0.4865675388695922
26017,LOF,0.3340469883420031,0.16339611148032795,0.502556900177669
26018,LOF,0.09176680616615794,0.05714996475618583,0.8510832290776562
26019,LOF,0.09176680616615794,0.05714996475618583,0.8510832290776562
26020,LOF,0.08394223520900361,0.398509968894015,0.5175477958969814
26021,GOF,0.07965476872260363,0.5533099268538978,0.36703530442349863
26022,LOF,0.025021401907256765,0.14767283761830974,0.8273057604744335
26023,LOF,0.18969178847444487,0.1562141999441024,0.6540940115814526
26024,LOF,0.039947178353384204,0.21567456485428588,0.7443782567923299
26025,LOF,0.3023725395529603,0.21089161270429022,0.48673584774274936
26026,Neutral,0.582670039387451,0.02735135394869352,0.38997860666385536
26027,LOF,0.09176680616615794,0.05714996475618583,0.8510832290776562
26028,LOF,0.29072703693587876,0.08856284139081506,0.6207101216733062
26029,GOF,0.047128977930840234,0.592883900670736,0.3599871213984237
26030,LOF,0.025985570017441322,0.08725214981309506,0.8867622801694637
26031,LOF,0.017622584732394777,0.38607390736412023,0.5963035079034851
26032,LOF,0.05352407126922756,0.145171087494699,0.8013048412360734
26033,LOF,0.18809494969803672,0.3487789260661631,0.4631261242358001
26034,LOF,0.023988210639381845,0.29371305045270313,0.682298738907915
26035,LOF,0.019042718261785697,0.38000968348630515,0.6009475982519092
26036,LOF,0.018898018219380794,0.3009400291722297,0.6801619526083895
26037,LOF,0.013805387057952485,0.22849797778687297,0.7576966351551746
26038,LOF,0.05352407126922756,0.145171087494699,0.8013048412360734
26039,LOF,0.032973562166561235,0.35859265852925415,0.6084337793041847
26040,GOF,0.2613701990262943,0.5326802447343842,0.2059495562393214
26041,LOF,0.015294420796623402,0.2237594643223019,0.7609461148810747
26042,LOF,0.01312071614776415,0.24677643209082356,0.7401028517614122
26043,LOF,0.05352407126922756,0.145171087494699,0.8013048412360734
26044,LOF,0.02694092116291563,0.1593756599909755,0.8136834188461088
26045,LOF,0.04407152820488367,0.2799314725045336,0.6759969992905827
26046,LOF,0.05352407126922756,0.145171087494699,0.8013048412360734
26047,LOF,0.05352407126922756,0.145171087494699,0.8013048412360734
26048,LOF,0.061310761495387014,0.12904281961526884,0.8096464188893441
26049,Neutral,0.910522366341977,0.038694984981384524,0.05078264867663849
26050,Neutral,0.885884141272853,0.04826688298266614,0.06584897574448077
26051,GOF,0.020053235432669198,0.7128633944142753,0.26708337015305544
26052,GOF,0.025674353512242076,0.7116366007779777,0.26268904570978013
26053,LOF,0.05169551071012557,0.1457445543361407,0.8025599349537338
26054,LOF,0.06891660966061416,0.04961865228371714,0.8814647380556687
26055,LOF,0.0813382895167369,0.03635451328847209,0.882307197194791
26056,LOF,0.059203632587119075,0.042948590283547715,0.8978477771293333
26057,LOF,0.0768463438643722,0.1217653412572926,0.8013883148783351
26058,LOF,0.0768463438643722,0.1217653412572926,0.8013883148783351
26059,Neutral,0.6773258692858507,0.07344564862894841,0.2492284820852009
26060,GOF,0.28985971794056,0.4438414332026664,0.26629884885677363
26061,LOF,0.04873268605382264,0.050041469257661286,0.9012258446885161
26062,LOF,0.03511093052095944,0.041136606460233725,0.9237524630188068
26063,LOF,0.0768463438643722,0.1217653412572926,0.8013883148783351
26064,LOF,0.04327211466991468,0.028954304451217567,0.9277735808788677
26065,LOF,0.0768463438643722,0.1217653412572926,0.8013883148783351
26066,LOF,0.0768463438643722,0.1217653412572926,0.8013883148783351
26067,LOF,0.0768463438643722,0.1217653412572926,0.8013883148783351
26068,LOF,0.09042313869364281,0.03253444754753394,0.8770424137588233
26069,LOF,0.28762223104179807,0.0396087981512311,0.6727689708069707
26070,Neutral,0.6251936512912297,0.026388672557245363,0.34841767615152497
26071,LOF,0.0768463438643722,0.1217653412572926,0.8013883148783351
26072,LOF,0.03011177176985625,0.07776346904140456,0.8921247591887392
26073,LOF,0.0768463438643722,0.1217653412572926,0.8013883148783351
26074,Neutral,0.9382043161880798,0.02061659228491937,0.04117909152700086
26075,LOF,0.0739404514629207,0.06577173330114931,0.8602878152359299
26076,LOF,0.0768463438643722,0.1217653412572926,0.8013883148783351
26077,LOF,0.03326979950562915,0.10489850951844727,0.8618316909759236
26078,LOF,0.030941460696386206,0.07329567112284605,0.8957628681807678
26079,LOF,0.0614364047172578,0.042891653102938604,0.8956719421798036
26080,LOF,0.0614364047172578,0.042891653102938604,0.8956719421798036
26081,LOF,0.0768463438643722,0.1217653412572926,0.8013883148783351
26082,LOF,0.0333384807470775,0.04863640965864671,0.9180251095942757
26083,LOF,0.0768463438643722,0.1217653412572926,0.8013883148783351
26084,LOF,0.0768463438643722,0.1217653412572926,0.8013883148783351
26085,LOF,0.0768463438643722,0.1217653412572926,0.8013883148783351
26086,LOF,0.0768463438643722,0.1217653412572926,0.8013883148783351
26087,LOF,0.0768463438643722,0.1217653412572926,0.8013883148783351
26088,LOF,0.039841784473886505,0.08279170883523529,0.8773665066908782
26089,LOF,0.06983093086455856,0.031060897324468997,0.8991081718109725
26090,LOF,0.06310964904873818,0.028187790225692923,0.9087025607255689
26091,LOF,0.0768463438643722,0.1217653412572926,0.8013883148783351
26092,LOF,0.0768463438643722,0.1217653412572926,0.8013883148783351
26093,LOF,0.0768463438643722,0.1217653412572926,0.8013883148783351
26094,LOF,0.0768463438643722,0.1217653412572926,0.8013883148783351
26095,LOF,0.12349844198940316,0.04469168848550596,0.8318098695250908
26096,LOF,0.04506996707714195,0.03556339876124231,0.9193666341616157
26097,LOF,0.03386045241909048,0.06723310099970674,0.8989064465812028
26098,LOF,0.06708444354906387,0.024920696301917112,0.907994860149019
26099,LOF,0.0768463438643722,0.1217653412572926,0.8013883148783351
26100,LOF,0.0768463438643722,0.1217653412572926,0.8013883148783351
26101,LOF,0.0768463438643722,0.1217653412572926,0.8013883148783351
26102,LOF,0.0768463438643722,0.1217653412572926,0.8013883148783351
26103,Neutral,0.7224033466442729,0.09997874551177952,0.17761790784394763
26104,LOF,0.059148752118138734,0.03910092970116769,0.9017503181806935
26105,GOF,0.10072673624981285,0.5290954424419343,0.37017782130825283
26106,LOF,0.08045233436777652,0.27812028995137517,0.6414273756808483
26107,LOF,0.1299050376737912,0.24975276558100148,0.6203421967452073
26108,GOF,0.04599631636669047,0.5065496932225053,0.44745399041080414
26109,LOF,0.08687686598660421,0.073426177385136,0.8396969566282597
26110,LOF,0.31205270910557653,0.02609543690014221,0.6618518539942811
26111,GOF,0.20484208080918287,0.41194390346414944,0.3832140157266678
26112,LOF,0.09233778989709082,0.057498918322591394,0.8501632917803177
26113,LOF,0.09233778989709082,0.057498918322591394,0.8501632917803177
26114,LOF,0.03750235306126623,0.03348915566966202,0.9290084912690717
26115,LOF,0.11917021811149368,0.058667046142418015,0.8221627357460883
26116,LOF,0.07293163079034924,0.07562421010785161,0.851444159101799
26117,LOF,0.13513689957785693,0.19665653037246897,0.6682065700496742
26118,LOF,0.07771505579863078,0.0830589565402151,0.8392259876611541
26119,LOF,0.03697040075306714,0.21648123050491866,0.7465483687420141
26120,LOF,0.07771505579863078,0.0830589565402151,0.8392259876611541
26121,LOF,0.07832744058805602,0.20607733402312606,0.7155952253888179
26122,LOF,0.08574681207442629,0.32594659663242437,0.5883065912931493
26123,LOF,0.07350182281714336,0.2367383695478198,0.6897598076350369
26124,LOF,0.041577650967349576,0.22562732010673545,0.7327950289259151
26125,LOF,0.13513739031302402,0.25841670298403524,0.6064459067029407
