feature0,prediction,LoGoFunc_Neutral,LoGoFunc_GOF,LoGoFunc_LOF
25546,Neutral,0.6157821445051483,0.054287194316952475,0.32993066117789915
25547,Neutral,0.4874785402995118,0.09505145278727528,0.41747000691321295
25548,Neutral,0.47657768499196324,0.07935665533371808,0.4440656596743187
25549,LOF,0.4181957856751971,0.07978577621170571,0.5020184381130972
25550,LOF,0.3620543760452771,0.10375379303046442,0.5341918309242585
25551,LOF,0.32197942549149616,0.11779014021505228,0.5602304342934515
25552,LOF,0.26655628673184667,0.12494465394044532,0.6084990593277081
25553,Neutral,0.7911470521261434,0.04497921631454456,0.163873731559312
25554,LOF,0.31901370110404104,0.10888151228090033,0.5721047866150587
25555,LOF,0.2672094540584856,0.10322656314269177,0.6295639827988226
25556,LOF,0.4532748375709923,0.0886648113819471,0.4580603510470606
25557,LOF,0.2575943457946782,0.10946512707864411,0.6329405271266776
25558,LOF,0.318447691904659,0.10384106186475048,0.5777112462305906
25559,LOF,0.24890357108907607,0.14857182042305123,0.6025246084878727
25560,LOF,0.17393711080451588,0.10431569361664825,0.7217471955788358
25561,LOF,0.1667938204232118,0.12879468088267707,0.7044114986941111
25562,LOF,0.0803861583846169,0.07665113940991883,0.8429627022054642
25563,LOF,0.029826561095241757,0.11266074218015476,0.8575126967246034
25564,LOF,0.2010830555629027,0.10838190780878189,0.6905350366283154
25565,LOF,0.21245925287884365,0.1340714336904439,0.6534693134307125
25566,GOF,0.08487379615296463,0.6661708557906127,0.2489553480564227
25567,LOF,0.042162240739867934,0.18714941871153823,0.7706883405485938
25568,LOF,0.062041598253121555,0.10003392381852132,0.8379244779283571
25569,LOF,0.05815842585551446,0.10066048185662302,0.8411810922878625
25570,LOF,0.027767843832125747,0.1284750208898329,0.8437571352780414
25571,LOF,0.027773535981539376,0.13586277257439955,0.8363636914440611
25572,LOF,0.06328998963594304,0.146204106307937,0.79050590405612
25573,LOF,0.06195464288809842,0.1186794419887039,0.8193659151231978
25574,LOF,0.05933834414753246,0.25369532796829036,0.6869663278841771
25575,LOF,0.022219732198147206,0.14918992660627173,0.8285903411955812
25576,LOF,0.029698751191659867,0.18810498055982647,0.7821962682485137
25577,LOF,0.03430120085581372,0.13612178351722815,0.8295770156269581
25578,LOF,0.30129562885170497,0.13272541924367956,0.5659789519046154
25579,LOF,0.14314853151101345,0.13550639942016815,0.7213450690688183
25580,LOF,0.020105526250526494,0.10800372048220519,0.8718907532672684
25581,LOF,0.051740467293642706,0.09316948148704006,0.8550900512193172
25582,LOF,0.05155581906935333,0.09164201918998767,0.856802161740659
25583,LOF,0.02222500036553917,0.11434597651077344,0.8634290231236874
25584,Neutral,0.6711866786135181,0.14213130114730485,0.186682020239177
25585,LOF,0.02244871550632577,0.19624972090758908,0.781301563586085
25586,LOF,0.01707899794265422,0.0956715703295391,0.8872494317278068
25587,LOF,0.017278335412251572,0.09054652752035378,0.8921751370673947
25588,LOF,0.020266875100518344,0.09861782467814864,0.881115300221333
25589,Neutral,0.4766386104626056,0.2628354200346324,0.26052596950276197
25590,LOF,0.04641499321745206,0.14960006308372534,0.8039849436988227
25591,LOF,0.08783291245700865,0.08122592924142673,0.8309411583015647
25592,LOF,0.05485579193974462,0.19876937053170962,0.7463748375285458
25593,LOF,0.12032944725681315,0.33364694030937037,0.5460236124338165
25594,LOF,0.04545031393062143,0.08419713133040878,0.8703525547389698
25595,LOF,0.04628791843998138,0.061490202958133865,0.8922218786018847
25596,LOF,0.09671603394805763,0.031410847055044995,0.8718731189968973
25597,LOF,0.07725609633561185,0.039736952672292596,0.8830069509920957
25598,LOF,0.04683444170090177,0.06551250917997611,0.8876530491191221
25599,LOF,0.022107543153015365,0.4534459404804527,0.5244465163665318
25600,GOF,0.19285346833483646,0.47028876938412617,0.33685776228103725
25601,LOF,0.04181577786431101,0.35928558175204595,0.5988986403836432
25602,LOF,0.033348198011988295,0.06236525193037713,0.9042865500576347
25603,LOF,0.03646757437225035,0.042273358688968886,0.9212590669387808
25604,LOF,0.03966207846855065,0.08336336142355279,0.8769745601078965
25605,LOF,0.032380985676692196,0.19238450227782578,0.7752345120454821
25606,LOF,0.38190192291784786,0.14636682969142661,0.4717312473907255
25607,LOF,0.028394152216596157,0.17392480732357818,0.7976810404598257
25608,LOF,0.04107771011078261,0.08314364511177882,0.8757786447774385
25609,GOF,0.13008324161471752,0.5646834969163023,0.30523326146898017
25610,LOF,0.014416593730854358,0.0437602271897074,0.9418231790794382
25611,LOF,0.012691129528451583,0.044286165316602746,0.9430227051549457
25612,LOF,0.04058175213143306,0.06830686587843593,0.8911113819901311
25613,LOF,0.03966560685001432,0.06596661522944448,0.8943677779205411
25614,LOF,0.02096571295983695,0.03909441882797771,0.9399398682121852
25615,LOF,0.038306319768366674,0.06582028242703808,0.8958733978045952
25616,LOF,0.04285529665645756,0.04091487301547657,0.9162298303280658
25617,LOF,0.0368906269993555,0.05039825843259948,0.9127111145680451
25618,LOF,0.04173510391981147,0.05735490212452186,0.9009099939556667
25619,LOF,0.01178248239909508,0.055076517750449576,0.9331409998504553
25620,LOF,0.055665766519865705,0.05946605748795217,0.8848681759921821
25621,LOF,0.05662426482882676,0.05273334372655662,0.8906423914446165
25622,LOF,0.060596763973177634,0.05464576050828772,0.8847574755185347
25623,LOF,0.06742538079797834,0.04787019314048194,0.8847044260615397
25624,LOF,0.01644295811797746,0.05161426849847184,0.9319427733835507
25625,LOF,0.05881423082668335,0.05513076154657106,0.8860550076267455
25626,LOF,0.04198885670523482,0.06436442647506217,0.893646716819703
25627,Neutral,0.8808388604771336,0.025406147345372578,0.09375499217749393
25628,LOF,0.14573072805670795,0.07173545756675785,0.7825338143765342
25629,LOF,0.07056667757461074,0.05109274420654248,0.8783405782188468
25630,LOF,0.27654070266691894,0.08241881081448497,0.6410404865185961
25631,Neutral,0.537710309594751,0.0724247059750593,0.38986498443018974
25632,LOF,0.02598231653551356,0.07491159205836714,0.8991060914061193
25633,LOF,0.1569710369217617,0.04853160613108624,0.7944973569471521
25634,LOF,0.034142181997991246,0.1005230679367476,0.8653347500652612
25635,LOF,0.03521666362497841,0.04989754837980005,0.9148857879952216
25636,LOF,0.034882236913461664,0.43317595876737996,0.5319418043191584
25637,GOF,0.06684839002983482,0.5026554212316543,0.4304961887385109
25638,LOF,0.03140997156910801,0.3632660891242134,0.6053239393066786
25639,LOF,0.029363257163045116,0.38478381939272677,0.5858529234442281
25640,Neutral,0.8318028254040823,0.11920443008806698,0.04899274450785075
25641,GOF,0.07774563029389149,0.48919959625006104,0.4330547734560475
25642,LOF,0.0596383308531087,0.17301371303946875,0.7673479561074226
25643,LOF,0.21964128118515902,0.1238724861241856,0.6564862326906553
25644,LOF,0.026062062286699002,0.47882670819107415,0.49511122952222675
25645,LOF,0.026375025510133165,0.43968007824143795,0.5339448962484289
25646,LOF,0.054740366360258905,0.3208686163154078,0.6243910173243333
25647,LOF,0.026648928800064805,0.27119432825313605,0.7021567429467993
25648,LOF,0.032229789902384974,0.27231724091248216,0.6954529691851328
25649,LOF,0.0170560786587386,0.24375416463283917,0.7391897567084222
25650,LOF,0.053800070947307176,0.4190455650970183,0.5271543639556745
25651,LOF,0.01963656515306325,0.2809130132323576,0.6994504216145792
25652,LOF,0.03194349831449717,0.2846071504738662,0.6834493512116366
25653,LOF,0.09140117717549105,0.4433983281986513,0.4652004946258577
25654,LOF,0.019845904899336762,0.24491854829409876,0.7352355468065646
25655,GOF,0.24264271397454357,0.4083088843881005,0.3490484016373559
25656,LOF,0.37686538440380624,0.08547118572868462,0.5376634298675091
25657,LOF,0.06300775105770084,0.07748927677813902,0.85950297216416
25658,LOF,0.3897995381685718,0.07883695049177415,0.531363511339654
25659,Neutral,0.5277687403832407,0.1116954756716732,0.3605357839450861
25660,LOF,0.02198404647949732,0.08989772469156841,0.8881182288289342
25661,LOF,0.09717308559362377,0.05592342824805278,0.8469034861583234
25662,LOF,0.03401740931901822,0.032678092305493775,0.933304498375488
25663,LOF,0.04316328938886471,0.04406067785044583,0.9127760327606894
25664,LOF,0.14128639181721306,0.06245413856207189,0.796259469620715
25665,LOF,0.05860164170956646,0.03102971201635838,0.9103686462740751
25666,LOF,0.0961235908167011,0.061534698697498884,0.8423417104858001
25667,LOF,0.07293464856404502,0.040242105812685544,0.8868232456232694
25668,LOF,0.03711759728282485,0.04805740404344478,0.9148249986737303
25669,LOF,0.031867115106601014,0.04402920291212437,0.9241036819812746
25670,LOF,0.14766257652939288,0.05432119941635266,0.7980162240542544
25671,LOF,0.11694829978863222,0.033529962816259404,0.8495217373951085
25672,LOF,0.05116642526624043,0.04234913684827062,0.9064844378854889
25673,LOF,0.08234331738610148,0.052633892806918395,0.8650227898069802
25674,LOF,0.07047063109969964,0.060473721907645585,0.8690556469926547
25675,LOF,0.11731200756698698,0.05657338105786258,0.8261146113751505
25676,LOF,0.019294087377810677,0.052155733784761814,0.9285501788374275
25677,LOF,0.025339976332249742,0.06528594104072998,0.9093740826270202
25678,LOF,0.21051946482108083,0.06568084298315532,0.7237996921957639
25679,LOF,0.1164731517489373,0.08299035235747591,0.8005364958935868
25680,LOF,0.03175639207267127,0.11417764433397938,0.8540659635933493
25681,LOF,0.04792651023607435,0.10668997347936562,0.84538351628456
25682,LOF,0.14883491362478762,0.06936747081130427,0.7817976155639081
25683,LOF,0.11892808842476657,0.08474298781792802,0.7963289237573055
25684,LOF,0.041899951912997974,0.06179922286463317,0.8963008252223688
25685,LOF,0.13064768366492094,0.06281624305601909,0.8065360732790601
25686,LOF,0.07786384653171596,0.09924572097089367,0.8228904324973905
25687,LOF,0.12413235096607438,0.10932851050557428,0.7665391385283513
25688,LOF,0.3498208542226855,0.044407706581493386,0.6057714391958211
25689,LOF,0.275015440946003,0.04915124255323802,0.6758333165007591
25690,LOF,0.37212823508292175,0.03311057998599215,0.5947611849310861
25691,Neutral,0.7183898813402035,0.034509726474790586,0.2471003921850059
25692,LOF,0.3670008395291905,0.011541602969026487,0.621457557501783
25693,LOF,0.045850425919410985,0.42784025127604997,0.5263093228045391
25694,LOF,0.12276976540616642,0.016106434255152142,0.8611238003386814
25695,LOF,0.1170049868450575,0.014803258265569635,0.8681917548893728
25696,LOF,0.1403618720732141,0.010619158135630817,0.8490189697911551
25697,LOF,0.08470737248877655,0.06056761283118582,0.8547250146800377
25698,LOF,0.3593534350105988,0.15958377661906406,0.48106278837033717
25699,Neutral,0.5261506968560667,0.04112976029438616,0.4327195428495471
25700,LOF,0.0782223016981479,0.010091994543901656,0.9116857037579505
25701,LOF,0.20726373687777852,0.047078063522453736,0.7456581995997678
25702,GOF,0.16329059351492956,0.5897948855460453,0.24691452093902522
25703,LOF,0.016692237408954074,0.16506878635607086,0.8182389762349751
25704,LOF,0.03637716725137566,0.110740823841995,0.8528820089066294
25705,LOF,0.05045207828512897,0.14134548434312494,0.8082024373717461
25706,LOF,0.09802249947860725,0.4315864045847609,0.4703910959366318
25707,LOF,0.0815602925818014,0.3791828124412125,0.5392568949769861
25708,LOF,0.03465248381809478,0.3367084448548319,0.6286390713270733
25709,LOF,0.06851564149942785,0.05104604519622143,0.8804383133043506
25710,LOF,0.011285894468203363,0.17707499332361826,0.8116391122081784
25711,LOF,0.021661422889969667,0.09399604237874962,0.8843425347312807
25712,LOF,0.013704034314569943,0.20857056223590728,0.7777254034495228
25713,LOF,0.01974026104423154,0.09137778958231557,0.888881949373453
25714,LOF,0.08225023121763647,0.0863611845651791,0.8313885842171844
25715,LOF,0.012307081577153156,0.14546031024955905,0.8422326081732879
25716,LOF,0.011551694135673708,0.11636550522629849,0.8720828006380278
25717,LOF,0.014589774582994796,0.07790685932556052,0.9075033660914447
25718,LOF,0.0119115954947545,0.09584381247258633,0.8922445920326592
25719,LOF,0.01941194837295809,0.08947724920625198,0.8911108024207899
25720,LOF,0.025416915912669095,0.07641483738121001,0.8981682467061208
25721,LOF,0.014272445427091015,0.11912996394419285,0.8665975906287162
25722,LOF,0.014900698582567977,0.12837840966535694,0.8567208917520751
25723,LOF,0.023277357667867284,0.05512113952009702,0.9216015028120358
25724,LOF,0.032871433673669875,0.0947956641754797,0.8723329021508505
25725,LOF,0.012002501954634726,0.08607605113062532,0.90192144691474
25726,LOF,0.015970790203049787,0.12183920827680787,0.8621900015201424
25727,LOF,0.012526107951667934,0.09533961566990899,0.892134276378423
25728,LOF,0.010535183491867873,0.11990717891547041,0.8695576375926616
25729,LOF,0.010797827126782799,0.11930039143630693,0.8699017814369103
25730,LOF,0.013937835500686072,0.1011225621483687,0.8849396023509453
25731,LOF,0.018739610906376616,0.11232266599801051,0.8689377230956129
25732,LOF,0.01432038958872763,0.08170160854175233,0.90397800186952
25733,LOF,0.016317901751761465,0.08020799371817086,0.9034741045300677
25734,LOF,0.010469618292353152,0.13303850609839232,0.8564918756092545
25735,LOF,0.012404688701667499,0.08547161476999106,0.9021236965283415
25736,LOF,0.013582412807315276,0.10325486642377094,0.8831627207689138
25737,LOF,0.012972073039847822,0.08146801911711664,0.9055599078430355
25738,LOF,0.012232020501094046,0.1164674515751456,0.8713005279237604
25739,LOF,0.02121675780637949,0.09174480698585757,0.8870384352077629
25740,LOF,0.026854150497469902,0.12753624474944447,0.8456096047530857
25741,LOF,0.01565173209849037,0.13028124837315563,0.854067019528354
25742,LOF,0.13051717672753863,0.08619396211288981,0.7832888611595716
25743,LOF,0.037228836831135155,0.06092548928343874,0.9018456738854261
25744,Neutral,0.5375667990021568,0.2691431402166999,0.19329006078114327
25745,LOF,0.05879672839213891,0.0843500915875899,0.8568531800202711
25746,LOF,0.045018746274766513,0.1081018411289709,0.8468794125962625
25747,LOF,0.01902035484890746,0.08185823075131142,0.8991214143997811
25748,LOF,0.09561843166543453,0.13256455651356594,0.7718170118209995
25749,LOF,0.027206071440826426,0.10444009929145422,0.8683538292677194
25750,LOF,0.0749404019858142,0.09798348008812163,0.8270761179260641
25751,LOF,0.08267522937922102,0.1690314646966915,0.7482933059240875
25752,GOF,0.1222135807237081,0.6445771221384458,0.2332092971378463
25753,LOF,0.021735275832449098,0.29045366529512245,0.6878110588724285
25754,GOF,0.014150772592523685,0.8000321569009591,0.1858170705065172
25755,LOF,0.024635271840376744,0.39996629029791686,0.5753984378617063
25756,LOF,0.04816259986750231,0.3729994300570845,0.5788379700754132
25757,GOF,0.0181911405824466,0.823863027387615,0.15794583202993845
25758,GOF,0.029884820630646004,0.7989428637151547,0.17117231565419935
25759,GOF,0.011062429878696283,0.6222392925244754,0.36669827759682844
25760,LOF,0.0130667009549436,0.2851487528976623,0.7017845461473942
25761,GOF,0.2757087685270268,0.629279114900397,0.0950121165725761
25762,LOF,0.04915168906562917,0.26273867125205946,0.6881096396823114
25763,LOF,0.014329508553389,0.21600689173812526,0.7696635997084856
25764,GOF,0.08267567295814138,0.6486913623815335,0.26863296466032527
25765,GOF,0.037703281881565326,0.7485230095322598,0.21377370858617478
25766,GOF,0.06665466592822294,0.7469760508410928,0.18636928323068425
25767,GOF,0.13568170159404971,0.5224979218415138,0.34182037656443653
25768,LOF,0.09920908420039862,0.05673293625523022,0.8440579795443711
25769,LOF,0.05850498487827344,0.06320814843660931,0.8782868666851171
25770,LOF,0.3192506429304862,0.10446390041559672,0.5762854566539171
25771,LOF,0.0471396008800272,0.05488547505878698,0.8979749240611857
25772,LOF,0.018553871336876124,0.04764349897070808,0.9338026296924159
25773,LOF,0.0478260713223409,0.10361508556341556,0.8485588431142435
25774,LOF,0.028425778561615194,0.08405366872017857,0.8875205527182062
25775,LOF,0.048653188117354966,0.05482146238609914,0.8965253494965458
25776,LOF,0.08395155348748601,0.02860168339522501,0.8874467631172889
25777,LOF,0.34638818874416766,0.07131853894803732,0.582293272307795
25778,LOF,0.07296301167721045,0.04799222173386987,0.8790447665889197
25779,GOF,0.37812196474286136,0.5804819826980894,0.04139605255904928
25780,GOF,0.37117259880792824,0.562510067573065,0.06631733361900678
25781,GOF,0.1288248370692255,0.7711163209821121,0.10005884194866238
25782,GOF,0.1916203883538756,0.7269119387448384,0.08146767290128609
25783,GOF,0.022535268433370243,0.6529276616228004,0.3245370699438293
25784,Neutral,0.49052844172263405,0.46570745481962206,0.04376410345774396
25785,Neutral,0.48832196268264666,0.4760561470343582,0.03562189028299502
25786,GOF,0.026500105018797345,0.7780725464481849,0.19542734853301777
25787,Neutral,0.6462547590557256,0.3316495423288174,0.022095698615456988
25788,LOF,0.060427981848687196,0.09953212300975293,0.8400398951415599
25789,GOF,0.21989692586552723,0.6570383750329782,0.12306469910149447
25790,GOF,0.21030212389895064,0.7042557306427016,0.08544214545834768
25791,GOF,0.15955395977950673,0.7084253914626403,0.13202064875785285
25792,GOF,0.3627870517408112,0.534912740511749,0.10230020774743978
25793,GOF,0.2604571546985083,0.540798338373852,0.19874450692763962
25794,GOF,0.3265604560952562,0.5291398840601379,0.144299659844606
25795,GOF,0.08214518319920953,0.6861038725125106,0.23175094428827991
25796,Neutral,0.5795152974601461,0.3517644308530636,0.06872027168679024
25797,GOF,0.09790639921450393,0.5678377306252188,0.3342558701602773
25798,GOF,0.00943805849781406,0.5287422120174331,0.46181972948475286
25799,LOF,0.007471482792535504,0.43828118854569403,0.5542473286617705
25800,GOF,0.03726108216898516,0.626752209481371,0.3359867083496438
25801,GOF,0.21994075814572236,0.6776353770236963,0.10242386483058143
25802,GOF,0.06580545769818517,0.7041963215249639,0.22999822077685098
25803,GOF,0.0406585729165984,0.5909759434084587,0.3683654836749429
25804,GOF,0.03605818961719565,0.5161314202521446,0.44781039013065965
25805,GOF,0.09511390481512513,0.6257527070919565,0.2791333880929184
25806,GOF,0.12103945002122113,0.6249870695771028,0.253973480401676
25807,GOF,0.021119209073695404,0.6313729171322504,0.34750787379405423
25808,GOF,0.08659730070917862,0.6433336871548908,0.2700690121359306
25809,GOF,0.01965337022300913,0.6298801618624826,0.35046646791450825
25810,GOF,0.018127005541921395,0.6452896553609115,0.336583339097167
25811,Neutral,0.46679398708134834,0.46430536210005297,0.06890065081859872
25812,GOF,0.035890205286195014,0.6606560300911934,0.3034537646226115
25813,Neutral,0.5184622816908954,0.3901082662202764,0.09142945208882822
25814,GOF,0.11729525054680597,0.6819147300477582,0.2007900194054359
25815,GOF,0.21312048037998688,0.6125259361264965,0.17435358349351665
25816,GOF,0.01995490581418833,0.7096635873874104,0.2703815067984011
25817,GOF,0.22860093714189833,0.65294901972545,0.1184500431326516
25818,GOF,0.054266382650658695,0.642562753606881,0.30317086374246033
25819,GOF,0.3626540556366019,0.5003377162576966,0.1370082281057015
25820,GOF,0.16360665377783618,0.6251326058821789,0.21126074033998476
25821,GOF,0.055139784274558706,0.6876148303951343,0.257245385330307
25822,GOF,0.22233436534556597,0.5429961369972456,0.2346694976571884
25823,GOF,0.03170615008127648,0.5246580236311077,0.4436358262876158
25824,GOF,0.08416202840184393,0.5662214736036066,0.34961649799454925
25825,GOF,0.031919279847510335,0.5613221899959073,0.40675853015658237
25826,GOF,0.010762179471344897,0.5339766176918551,0.4552612028368
25827,GOF,0.021621505518631793,0.5801084671009414,0.3982700273804268
25828,GOF,0.014005163010568639,0.5116471807546786,0.4743476562347528
25829,GOF,0.00660863347716556,0.5801457147546273,0.4132456517682071
25830,LOF,0.03767631517781656,0.3233192138282982,0.6390044709938852
25831,GOF,0.2106041878038035,0.6491189999434174,0.14027681225277916
25832,GOF,0.03017986784086729,0.6830379949130265,0.28678213724610613
25833,GOF,0.1290191580776731,0.6942023288311383,0.1767785130911886
25834,GOF,0.0377216174593273,0.6942421102331304,0.2680362723075422
25835,GOF,0.08896367884598085,0.7296109152114257,0.1814254059425934
25836,GOF,0.04513114682623821,0.6754530207220283,0.27941583245173357
25837,GOF,0.025281275407783868,0.5491166146812685,0.4256021099109475
25838,GOF,0.08846846028197883,0.7434079005979218,0.16812363912009934
25839,GOF,0.27511445572436677,0.5705281536697849,0.15435739060584833
25840,GOF,0.2283647643945026,0.607656603722492,0.1639786318830054
25841,GOF,0.2597180119092687,0.584982043656286,0.15529994443444534
25842,GOF,0.18096365944026174,0.6845607439054535,0.1344755966542846
25843,GOF,0.23133013646843917,0.6664815699399956,0.10218829359156509
25844,GOF,0.06509543133826395,0.6976240578418594,0.23728051081987667
25845,LOF,0.01455199938057291,0.4859593587917716,0.49948864182765534
25846,GOF,0.12702058957781745,0.6842640636814789,0.18871534674070353
25847,GOF,0.12252222409130513,0.7625757455339331,0.11490203037476159
25848,GOF,0.03788763226280546,0.6910297555322594,0.27108261220493507
25849,GOF,0.010854423023347513,0.5884177094416896,0.40072786753496287
25850,GOF,0.02203797427580958,0.6658518804945736,0.3121101452296169
25851,GOF,0.016073398652582713,0.5693660406623614,0.4145605606850559
25852,GOF,0.17160471220881754,0.5380204202434676,0.29037486754771485
25853,GOF,0.3857719564249774,0.5547239904334683,0.059504053141554256
25854,GOF,0.02019870764540238,0.6530977971144496,0.3267034952401479
25855,GOF,0.03472518752615761,0.6036894234096031,0.36158538906423926
25856,GOF,0.2497202489170117,0.5471303479019402,0.20314940318104818
25857,GOF,0.03635959434500227,0.5400756908981412,0.4235647147568566
25858,GOF,0.016319382930500764,0.5652217922781175,0.41845882479138174
25859,GOF,0.009689306361008647,0.55201369130053,0.4382970023384614
25860,GOF,0.4051980086246441,0.521086308176873,0.07371568319848285
25861,GOF,0.43332412717396385,0.4897842151321306,0.07689165769390559
25862,GOF,0.09594830769455605,0.7797134860863401,0.12433820621910377
25863,GOF,0.09631603789223628,0.7742538859224564,0.1294300761853074
25864,GOF,0.19612832675848876,0.7253258593066946,0.07854581393481673
25865,GOF,0.08400431303880727,0.8075288462478643,0.10846684071332863
25866,GOF,0.06594466414965128,0.8139466822919929,0.12010865355835589
25867,GOF,0.09065991520483464,0.8181819085254838,0.09115817626968145
25868,GOF,0.289079286910581,0.6266613132473496,0.08425939984206944
25869,Neutral,0.6980163306492929,0.2660909132825784,0.035892756068128605
25870,GOF,0.3396525338914314,0.35600094006811417,0.3043465260404544
25871,GOF,0.22522483005154892,0.6267289470840056,0.14804622286444546
25872,GOF,0.09359168082822736,0.6315458478134446,0.27486247135832814
25873,GOF,0.16462933339629446,0.6309189523924381,0.20445171421126745
25874,LOF,0.018377790772581948,0.11316326621582636,0.8684589430115917
25875,LOF,0.09846786444089356,0.036575880938896584,0.8649562546202099
25876,LOF,0.036830131087439454,0.04559970654114765,0.9175701623714128
25877,Neutral,0.5129130029264739,0.043784692264395665,0.44330230480913047
25878,LOF,0.233085433457584,0.065971671924255,0.700942894618161
25879,LOF,0.08588687631377366,0.0782661804883476,0.8358469431978787
25880,LOF,0.023113667280535686,0.01988272618434774,0.9570036065351165
25881,LOF,0.19219259384950585,0.10634366383644572,0.7014637423140484
25882,LOF,0.06635677552025672,0.013575966115645008,0.9200672583640983
25883,LOF,0.08265957005462199,0.01656756136139975,0.9007728685839782
25884,LOF,0.03641045173316262,0.02669088566160113,0.9368986626052361
25885,LOF,0.06546913482077868,0.009851341006686595,0.9246795241725347
25886,LOF,0.27954349286510294,0.028280296952160628,0.6921762101827366
25887,LOF,0.15647714237264154,0.05884556472941455,0.7846772928979439
25888,LOF,0.06990329182126949,0.05742967499453391,0.8726670331841966
25889,LOF,0.050113772006840994,0.01768683605859711,0.9321993919345619
25890,LOF,0.052258220750620685,0.11809594059284763,0.8296458386565316
25891,LOF,0.04345992907661181,0.048829970426657404,0.9077101004967308
25892,LOF,0.09741859183875677,0.024438464207285987,0.8781429439539573
25893,LOF,0.2643314421488031,0.01872519886164371,0.7169433589895532
25894,LOF,0.1817558377619692,0.0116463978530979,0.8065977643849329
25895,LOF,0.2047118914345835,0.02054014298374772,0.7747479655816688
25896,LOF,0.04578868411032132,0.019488607886640225,0.9347227080030384
25897,LOF,0.2420149686993902,0.015027691227384283,0.7429573400732256
25898,Neutral,0.7138038788858666,0.01088983129681957,0.2753062898173137
25899,LOF,0.22673879049023923,0.024095641206905195,0.7491655683028556
25900,LOF,0.45519939304323864,0.014449688373037643,0.5303509185837237
25901,LOF,0.05438994175553851,0.012445181979990918,0.9331648762644704
25902,LOF,0.17017194844897196,0.012666750169351742,0.8171613013816763
25903,Neutral,0.529414474072936,0.03739019384676508,0.43319533208029887
25904,LOF,0.29086098152684703,0.04380692077357455,0.6653320976995784
25905,LOF,0.02370740867455093,0.2872763920252455,0.6890161993002035
25906,LOF,0.02351110438590351,0.06459382281805401,0.9118950727960424
25907,LOF,0.014878028665021189,0.286234412564633,0.6988875587703457
25908,LOF,0.010875789655042335,0.20286108325567676,0.7862631270892809
25909,LOF,0.01327316932753649,0.12676992619998098,0.8599569044724825
25910,LOF,0.05071408892978153,0.13228339117786522,0.8170025198923532
25911,LOF,0.17314960061443765,0.03364255885500878,0.7932078405305536
25912,LOF,0.044788839055443654,0.05129359701472303,0.9039175639298332
25913,LOF,0.327748615486524,0.02390643669563817,0.6483449478178379
25914,LOF,0.019407126651113778,0.1254169914303332,0.855175881918553
25915,Neutral,0.44611309596965826,0.3421613629541232,0.21172554107621858
25916,LOF,0.06248876976985654,0.3851676867186042,0.5523435435115392
25917,LOF,0.06313624909908577,0.08238203699252315,0.8544817139083911
25918,LOF,0.027231139306394574,0.07771856752280407,0.8950502931708013
25919,LOF,0.022269112348144295,0.07838435600352701,0.8993465316483287
25920,GOF,0.09195221671231582,0.47508865585675264,0.4329591274309316
25921,LOF,0.027771672970939378,0.032498559479339245,0.9397297675497215
25922,LOF,0.037392993053454,0.02150645358128976,0.9411005533652563
25923,LOF,0.41171885055726926,0.023218589207834088,0.5650625602348966
25924,LOF,0.03293674366384925,0.04465348275848356,0.9224097735776672
25925,LOF,0.06491261706353645,0.02886552847198068,0.9062218544644829
25926,LOF,0.0487192710754955,0.02380265230338316,0.9274780766211215
25927,LOF,0.06984520233804804,0.08849541667128494,0.8416593809906671
25928,LOF,0.020921988002609696,0.0431019324531289,0.9359760795442614
25929,Neutral,0.529132817912926,0.025402825336995543,0.4454643567500784
25930,LOF,0.05517319731636651,0.02036406583716237,0.9244627368464711
25931,LOF,0.029902286433915744,0.025032270917838165,0.9450654426482461
25932,LOF,0.026717779940691137,0.02304928303009541,0.9502329370292135
25933,LOF,0.037668328421130444,0.015949129795313644,0.946382541783556
25934,LOF,0.024286350729300885,0.01931154787212623,0.956402101398573
25935,LOF,0.05724652036103742,0.035318477310656446,0.9074350023283062
25936,LOF,0.04459729284804708,0.024442368559369224,0.9309603385925838
25937,LOF,0.028873339947069507,0.03081631102338278,0.9403103490295477
25938,LOF,0.060687147501888195,0.034845614826342734,0.9044672376717692
25939,LOF,0.037297168209205554,0.013709754479586271,0.9489930773112081
25940,LOF,0.030848081192007694,0.39676444308325903,0.5723874757247333
25941,LOF,0.18852953793504912,0.09545113530428004,0.7160193267606708
25942,LOF,0.017907039853462398,0.026043207122821918,0.9560497530237158
25943,LOF,0.30585415429139695,0.05110366825514189,0.6430421774534612
25944,LOF,0.47696636067180637,0.024397971343746827,0.49863566798444664
25945,LOF,0.06946026771015792,0.0209474955385393,0.9095922367513029
25946,LOF,0.024832842073006733,0.12329129172423971,0.8518758662027535
25947,LOF,0.11919920632186917,0.2074625676001679,0.6733382260779629
25948,LOF,0.4287850922173844,0.010857919170332044,0.5603569886122836
25949,LOF,0.10981154864971192,0.05078010164241321,0.8394083497078749
25950,GOF,0.2278596083954492,0.46040838351919006,0.31173200808536067
25951,LOF,0.247834310387977,0.2530664973155725,0.4990991922964504
25952,LOF,0.04026092857842746,0.4777069870937749,0.4820320843277976
25953,LOF,0.11623262573711596,0.13681573603987388,0.7469516382230101
25954,Neutral,0.3912957632950634,0.23443689466355805,0.3742673420413785
25955,LOF,0.050852840741505756,0.10185557503345863,0.8472915842250357
25956,LOF,0.16535675559147878,0.09184532886423413,0.7427979155442871
25957,LOF,0.03638300382098574,0.03099509260540638,0.932621903573608
25958,LOF,0.06385405271287699,0.024099740406717852,0.9120462068804052
25959,LOF,0.07280587002538073,0.3823971987457025,0.5447969312289167
25960,LOF,0.018738059350217107,0.047344449043487224,0.9339174916062957
25961,LOF,0.05443017877557647,0.02617751315913675,0.9193923080652868
25962,LOF,0.06274703882732631,0.0296201769384409,0.9076327842342328
25963,LOF,0.047215062466922024,0.17616892374483042,0.7766160137882475
25964,LOF,0.042914408519038556,0.13840158025041982,0.8186840112305417
25965,Neutral,0.4568518376864851,0.09037167234613651,0.4527764899673784
25966,LOF,0.4342817638632636,0.11520521742620113,0.4505130187105351
25967,LOF,0.012475864966264488,0.06603220143735634,0.9214919335963792
25968,LOF,0.02869583976902844,0.4759174853747024,0.4953866748562692
25969,LOF,0.023466557779874286,0.060498989974895466,0.9160344522452303
25970,LOF,0.06946735275662887,0.050077482034414394,0.8804551652089567
25971,LOF,0.07979644422210222,0.013556171349548727,0.9066473844283491
25972,LOF,0.0815926912008688,0.01699587891868086,0.9014114298804504
25973,LOF,0.09243165093334606,0.008637028596977145,0.8989313204696767
25974,LOF,0.1967691220703664,0.01856263140869396,0.7846682465209397
25975,LOF,0.0544162978992473,0.029972378158563424,0.9156113239421891
25976,LOF,0.04486991249382828,0.014292732393113499,0.9408373551130581
25977,LOF,0.16949169725866298,0.09208626775318202,0.738422034988155
25978,LOF,0.15076164460629812,0.05017422425005592,0.799064131143646
25979,LOF,0.14303375071482521,0.0538437906083728,0.8031224586768019
25980,LOF,0.22208158153568847,0.06957637195107445,0.7083420465132371
25981,LOF,0.2539638627217934,0.06704825760684203,0.6789878796713646
25982,LOF,0.3913898854607858,0.0456228366483534,0.5629872778908609
25983,LOF,0.3913211565149263,0.05127900321326568,0.557399840271808
25984,LOF,0.052703321303700625,0.05206650153233216,0.8952301771639671
25985,LOF,0.027441455786426566,0.23571045409706204,0.7368480901165114
25986,LOF,0.042775988157600746,0.26838338987980265,0.6888406219625967
25987,LOF,0.08475833739013587,0.07514356194253412,0.8400981006673299
25988,LOF,0.13795076718106566,0.058341673462954616,0.8037075593559796
25989,LOF,0.030890047426902833,0.09941896407828334,0.8696909884948139
25990,LOF,0.03861294834193132,0.131075009773878,0.8303120418841907
25991,LOF,0.1921562284721387,0.25827087907921015,0.5495728924486512
25992,LOF,0.3706841225296469,0.13920674200667407,0.49010913546367907
25993,LOF,0.023986529064843144,0.06756345005979873,0.9084500208753582
25994,LOF,0.017960630582434182,0.10743587149150244,0.8746034979260634
25995,LOF,0.026308890291899638,0.1833862841051589,0.7903048256029415
25996,GOF,0.3379945394616883,0.4039008387584565,0.2581046217798552
25997,GOF,0.09758593579996155,0.4513930848693025,0.4510209793307358
25998,Neutral,0.5092418957462665,0.02732739598985528,0.46343070826387817
25999,LOF,0.12987881257463801,0.12436533514381212,0.7457558522815497
26000,LOF,0.16167186041993953,0.026860836549067433,0.811467303030993
26001,LOF,0.20195278532465455,0.02978945372812301,0.7682577609472224
26002,LOF,0.13367744898055353,0.03448567055403472,0.8318368804654117
26003,GOF,0.01154058287364061,0.5382150435080427,0.45024437361831665
26004,GOF,0.023099330216651465,0.6013865288394846,0.375514140943864
26005,LOF,0.008537376538251814,0.4181208351120066,0.5733417883497416
26006,Neutral,0.5177147215404827,0.21466319070799506,0.2676220877515223
26007,GOF,0.024453216365827524,0.5066641425862781,0.4688826410478944
26008,GOF,0.018399309143215598,0.5561771460595761,0.4254235447972083
26009,GOF,0.022485709691856603,0.5987716147224275,0.3787426755857159
26010,GOF,0.028245132160666476,0.5970881635303319,0.3746667043090016
26011,LOF,0.007665995363072449,0.41303239102530953,0.5793016136116179
26012,GOF,0.01585730525089942,0.5357675751249762,0.4483751196241244
26013,GOF,0.022131887590509713,0.5679680871061227,0.40990002530336755
26014,LOF,0.04295205081078595,0.14447057047454476,0.8125773787146693
26015,LOF,0.22152398980169558,0.008315153263665135,0.7701608569346393
26016,LOF,0.2518393897489393,0.04380901038063768,0.704351599870423
26017,LOF,0.23973548911858825,0.07146686015566628,0.6887976507257455
26018,LOF,0.09979013998983209,0.03559276553164091,0.864617094478527
26019,LOF,0.09553805458470102,0.026643886513326016,0.8778180589019731
26020,LOF,0.07210029669113176,0.0988518950444468,0.8290478082644214
26021,LOF,0.04495662286531466,0.13491848737781098,0.8201248897568744
26022,LOF,0.011946247199220798,0.04251279103455445,0.9455409617662248
26023,LOF,0.12299716720836892,0.02194960593106945,0.8550532268605616
26024,LOF,0.029021258994692472,0.11674238572024478,0.8542363552850627
26025,LOF,0.169656693181478,0.1008542377154453,0.7294890691030768
26026,LOF,0.3323716063730847,0.026787397423678475,0.6408409962032368
26027,LOF,0.09295584534246552,0.015306233019869818,0.8917379216376646
26028,LOF,0.1568363480570793,0.06757610366263403,0.7755875482802866
26029,LOF,0.08462117235596316,0.2035855711715127,0.7117932564725242
26030,LOF,0.029566724422546885,0.062147941576475664,0.9082853340009773
26031,LOF,0.03369862358740159,0.14962442413007998,0.8166769522825184
26032,LOF,0.0662595703664865,0.06401253213583814,0.8697278974976754
26033,LOF,0.12519179010528908,0.07949340365404714,0.7953148062406638
26034,LOF,0.05229619355576138,0.16251357534513536,0.7851902310991031
26035,LOF,0.0308690747879461,0.15491035967575117,0.8142205655363028
26036,LOF,0.04513758115988629,0.18799397903749193,0.7668684398026219
26037,LOF,0.02619447898849329,0.1212803550188419,0.8525251659926647
26038,LOF,0.061440312224322904,0.06605125025025269,0.8725084375254245
26039,LOF,0.06101130195446036,0.1620239550915623,0.7769647429539773
26040,LOF,0.19734131744622163,0.1524128113854646,0.6502458711683137
26041,LOF,0.02641754185727902,0.11741744812070642,0.8561650100220146
26042,LOF,0.026091331462904665,0.11053648800974644,0.8633721805273489
26043,LOF,0.06093921673415358,0.08072302618378568,0.8583377570820607
26044,LOF,0.02402171166191365,0.07394892614847545,0.9020293621896109
26045,LOF,0.07544211013606589,0.10162186362005197,0.8229360262438822
26046,LOF,0.06289617506699077,0.07976632320361873,0.8573375017293905
26047,LOF,0.08606242896776659,0.08731882053179438,0.8266187505004391
26048,LOF,0.045865526150610084,0.04957973172166261,0.9045547421277272
26049,Neutral,0.9593747427174288,0.008945252839939213,0.031680004442631866
26050,Neutral,0.9452840259278742,0.011081105868970523,0.0436348682031552
26051,LOF,0.04529705321236666,0.32235807894560675,0.6323448678420266
26052,LOF,0.06725656157401404,0.34901086658567765,0.5837325718403082
26053,LOF,0.05546151251106804,0.1282269718630323,0.8163115156258997
26054,LOF,0.05759958690760253,0.0184025161949243,0.9239978968974731
26055,LOF,0.07450039795987877,0.01635014136794475,0.9091494606721765
26056,LOF,0.06116596430010548,0.01740157714540041,0.9214324585544942
26057,LOF,0.03309049040357995,0.011305056341184805,0.9556044532552352
26058,LOF,0.03449228131523565,0.008675304813778689,0.9568324138709857
26059,LOF,0.32082603320152675,0.021283293365362048,0.6578906734331113
26060,LOF,0.030735467743932654,0.1821789280013747,0.7870856042546928
26061,LOF,0.018522349289315936,0.010651250495463881,0.9708264002152203
26062,LOF,0.011181267182786003,0.01904726123328926,0.9697714715839247
26063,LOF,0.024575406968412292,0.012180883517457637,0.9632437095141301
26064,LOF,0.0242005312525549,0.018380942355673353,0.9574185263917717
26065,LOF,0.028065931717237712,0.010538153299517806,0.9613959149832446
26066,LOF,0.02356463888236398,0.010793024193991743,0.9656423369236442
26067,LOF,0.031173279813583196,0.008223866865013666,0.960602853321403
26068,LOF,0.048771449650417575,0.0303893147488764,0.920839235600706
26069,LOF,0.272028708756328,0.0202170187748078,0.7077542724688642
26070,LOF,0.4068088836387545,0.015710811822287857,0.5774803045389577
26071,LOF,0.026040519017402695,0.012557975119003034,0.9614015058635944
26072,LOF,0.023491268004368706,0.01769488381434012,0.9588138481812911
26073,LOF,0.02715908648658503,0.010795051296603733,0.9620458622168112
26074,Neutral,0.909254890794352,0.005657526304202909,0.08508758290144523
26075,LOF,0.04490816243201079,0.015039098243931041,0.9400527393240582
26076,LOF,0.04982472525936658,0.008297012885628178,0.9418782618550053
26077,LOF,0.00986447486670373,0.018801436391142533,0.9713340887421537
26078,LOF,0.013295087500026255,0.01001272129209651,0.9766921912078772
26079,LOF,0.06267740104193208,0.01675267870935042,0.9205699202487174
26080,LOF,0.0612870301235291,0.016774097645966494,0.9219388722305045
26081,LOF,0.03953928624066361,0.005874400420998268,0.9545863133383382
26082,LOF,0.017625538616659234,0.0148767848593562,0.9674976765239847
26083,LOF,0.14074368032031143,0.0118930251678635,0.8473632945118251
26084,LOF,0.03185060704914989,0.011143063200203886,0.9570063297506463
26085,LOF,0.026078848928493555,0.010382798257371132,0.9635383528141352
26086,LOF,0.027069034815541113,0.011248832802360048,0.961682132382099
26087,LOF,0.030339469784118632,0.008136135161160253,0.9615243950547211
26088,LOF,0.01573651842190568,0.025941472708899783,0.9583220088691946
26089,LOF,0.047346430898239374,0.02404959817600285,0.9286039709257577
26090,LOF,0.045660546018283774,0.018743968336310077,0.9355954856454061
26091,LOF,0.04072714801106087,0.006055490442954228,0.9532173615459848
26092,LOF,0.029656025148205353,0.007506789970608101,0.9628371848811865
26093,LOF,0.04507456363437361,0.00569265427243912,0.9492327820931873
26094,LOF,0.046839453821891294,0.006351686285016978,0.9468088598930918
26095,LOF,0.043615590037722855,0.013700873750206427,0.9426835362120707
26096,LOF,0.020749718962636353,0.01021750217951059,0.9690327788578531
26097,LOF,0.011649119937832327,0.03631645554948755,0.95203442451268
26098,LOF,0.07147157636428325,0.009960114300008215,0.9185683093357085
26099,LOF,0.026865495604609217,0.011941185484326862,0.961193318911064
26100,LOF,0.028826815635666882,0.011664353243561939,0.9595088311207711
26101,LOF,0.059858097999546805,0.011319616685695632,0.9288222853147575
26102,LOF,0.027614749083864167,0.014400114941036088,0.9579851359750997
26103,Neutral,0.8923700331250223,0.01749469760267937,0.0901352692722985
26104,LOF,0.08351566858331742,0.024414647506207643,0.8920696839104749
26105,LOF,0.19389747041862623,0.2957264835739532,0.5103760460074205
26106,LOF,0.22325945472426603,0.12122205590244627,0.6555184893732876
26107,LOF,0.2597805451314017,0.08463586667360104,0.6555835881949973
26108,LOF,0.2573886379893922,0.12640980183288528,0.6162015601777225
26109,LOF,0.10829678469872539,0.08634926024227207,0.8053539550590025
26110,LOF,0.27396039756335,0.006648165689399085,0.719391436747251
26111,LOF,0.48893273026161527,0.01690017093587009,0.4941670988025146
26112,LOF,0.03480961050857308,0.009017421083157671,0.9561729684082693
26113,LOF,0.05239645575284657,0.01621906884446068,0.9313844754026929
26114,LOF,0.029504081824937665,0.022737925912715635,0.9477579922623467
26115,LOF,0.09958327249771962,0.0596050055188362,0.8408117219834442
26116,LOF,0.06261466294001948,0.04938100396197591,0.8880043330980046
26117,LOF,0.45044346402795854,0.05665124299556447,0.49290529297647684
26118,LOF,0.036206888745127126,0.029535857531939772,0.9342572537229331
26119,LOF,0.02063676968542734,0.042721393633718456,0.9366418366808542
26120,LOF,0.029774082738899543,0.028662891264448296,0.9415630259966522
26121,LOF,0.049663551870475636,0.08655324511912967,0.8637832030103947
26122,LOF,0.039612586317154065,0.04933872110127411,0.9110486925815717
