feature0,prediction,LoGoFunc_Neutral,LoGoFunc_GOF,LoGoFunc_LOF
25546,Neutral,0.6009157161007622,0.047113779557279474,0.3519705043419584
25547,Neutral,0.4803997469971434,0.07476916118643306,0.4448310918164234
25548,Neutral,0.5097423558716958,0.06689760168956096,0.42336004243874314
25549,LOF,0.45445012740905866,0.06377024159899931,0.4817796309919421
25550,LOF,0.3738206337639661,0.07009404827992521,0.5560853179561086
25551,LOF,0.3266311450374947,0.07302497860153608,0.6003438763609693
25552,LOF,0.28391020374583115,0.0838337396045501,0.6322560566496188
25553,Neutral,0.790861069224189,0.04384632611524177,0.1652926046605691
25554,LOF,0.30661527493520907,0.07836326199966823,0.6150214630651228
25555,LOF,0.26815790095254904,0.07611380435037154,0.6557282946970795
25556,LOF,0.43128161037389906,0.07739188910003435,0.49132650052606663
25557,LOF,0.2537974465302508,0.07780756954758297,0.6683949839221662
25558,LOF,0.3020862810168469,0.07514982772849671,0.6227638912546564
25559,LOF,0.24555188402681102,0.03148907034018605,0.722959045633003
25560,LOF,0.0945962660873589,0.19028756484638223,0.7151161690662589
25561,LOF,0.08311074061733921,0.2743157994788085,0.6425734599038523
25562,LOF,0.033662170470081715,0.11426903568407555,0.8520687938458428
25563,LOF,0.006575399650366074,0.22049520280338297,0.772929397546251
25564,LOF,0.06812782363359943,0.10612380311822953,0.825748373248171
25565,LOF,0.20100769208728247,0.13078706273498517,0.6682052451777323
25566,GOF,0.06982042200320973,0.8032683363014155,0.1269112416953748
25567,LOF,0.05200544632326443,0.18705513708701135,0.7609394165897242
25568,LOF,0.06511341783192136,0.10379740745158017,0.8310891747164985
25569,LOF,0.06438922994079106,0.096375722026837,0.8392350480323719
25570,LOF,0.025850447967018148,0.14103531623680743,0.8331142357961743
25571,LOF,0.025643045945681692,0.14957533484017985,0.8247816192141384
25572,LOF,0.05566466080161376,0.21029626140010688,0.7340390777982794
25573,LOF,0.06575240199511877,0.1409881907845252,0.793259407220356
25574,LOF,0.08304576225665118,0.27572287207257457,0.6412313656707742
25575,LOF,0.02436768197712778,0.16456624632193045,0.8110660717009417
25576,LOF,0.026151152303544086,0.24901901629312856,0.7248298314033275
25577,LOF,0.02811078398678686,0.18294595901408206,0.7889432569991311
25578,LOF,0.3051122312852122,0.10582576934676158,0.5890619993680263
25579,LOF,0.2102605636185789,0.10469494640795901,0.6850444899734621
25580,LOF,0.023706388032506555,0.10234603468990268,0.8739475772775909
25581,LOF,0.048004781827073344,0.11190002036580504,0.8400951978071216
25582,LOF,0.04759512755993591,0.10949890090909604,0.8429059715309681
25583,LOF,0.03307489515284726,0.11071116965347366,0.8562139351936792
25584,Neutral,0.6972867464352593,0.13356313536450845,0.16915011820023204
25585,LOF,0.02459753497198214,0.19489425223876697,0.7805082127892509
25586,LOF,0.02172724998979481,0.12746390063224697,0.8508088493779582
25587,LOF,0.020753600649721708,0.12282134379075249,0.8564250555595257
25588,LOF,0.02593554412122975,0.09714016664384842,0.8769242892349219
25589,Neutral,0.5390278903543784,0.2536562967231585,0.2073158129224632
25590,LOF,0.05585549888343939,0.14934478819760275,0.7947997129189579
25591,LOF,0.1081793166427955,0.0894421567295802,0.8023785266276243
25592,LOF,0.07233364529592765,0.18930954697340072,0.7383568077306717
25593,LOF,0.12619061161395909,0.37122080171595023,0.5025885866700907
25594,LOF,0.04518070927619868,0.03881450453346891,0.9160047861903324
25595,LOF,0.046806466745774176,0.020697503918388406,0.9324960293358375
25596,LOF,0.12353945741828878,0.014391441299085157,0.8620691012826261
25597,LOF,0.08560762002758013,0.013852583822857237,0.9005397961495626
25598,LOF,0.04778505306639575,0.023211721287365945,0.9290032256462384
25599,LOF,0.031652864157839855,0.3935720909787109,0.5747750448634492
25600,LOF,0.179831293278832,0.3559347206840447,0.46423398603712335
25601,LOF,0.05131863665359786,0.2828433605828736,0.6658380027635284
25602,LOF,0.029126102863674237,0.08008978815909276,0.890784108977233
25603,LOF,0.047106265054677375,0.08448015522889427,0.8684135797164284
25604,LOF,0.0545261765418751,0.1347905975242918,0.810683225933833
25605,LOF,0.052959665511210764,0.19477554143035702,0.7522647930584322
25606,Neutral,0.38612950751359426,0.2675070059076994,0.34636348657870647
25607,LOF,0.028164554332064575,0.25911002182882586,0.7127254238391096
25608,LOF,0.049872303473964624,0.0917406519802383,0.8583870445457971
25609,GOF,0.2029729098359239,0.48315531869435113,0.31387177146972506
25610,LOF,0.020626616077053166,0.079291245584862,0.9000821383380848
25611,LOF,0.01471213200169912,0.08516615030421315,0.9001217176940877
25612,LOF,0.055326683250702106,0.10241020883279445,0.8422631079165035
25613,LOF,0.0515937200074743,0.09572645017269173,0.852679829819834
25614,LOF,0.024287972866101546,0.07391146716077271,0.9018005599731258
25615,LOF,0.051882201970024855,0.062306260982521455,0.8858115370474536
25616,LOF,0.06923257523271026,0.07841282882763995,0.8523545959396499
25617,LOF,0.05246193735124518,0.08424801052359988,0.863290052125155
25618,LOF,0.05083785644177398,0.15067963984440075,0.7984825037138253
25619,LOF,0.01387789060899363,0.10012210428680408,0.8860000051042023
25620,LOF,0.050605493019776945,0.08637937301037311,0.8630151339698499
25621,LOF,0.0747177194515667,0.0826661752588599,0.8426161052895733
25622,LOF,0.07998442530591865,0.08801616449236972,0.8319994102017115
25623,LOF,0.06639245179110576,0.08753002483591114,0.846077523372983
25624,LOF,0.023377374313823713,0.07925232226123248,0.8973703034249437
25625,LOF,0.0658468658626878,0.08964365431204815,0.844509479825264
25626,LOF,0.05188354409098822,0.08660418428493112,0.8615122716240807
25627,Neutral,0.8889034634180878,0.024618956620022062,0.08647757996189007
25628,LOF,0.19477992299690225,0.06842705047020815,0.7367930265328896
25629,LOF,0.06459796426367866,0.07354328955506075,0.8618587461812606
25630,LOF,0.2936371831100742,0.07776551995822491,0.628597296931701
25631,Neutral,0.49344078480991327,0.04819270451941767,0.45836651067066914
25632,LOF,0.0328838000698606,0.13306003460881433,0.834056165321325
25633,LOF,0.20349133452005677,0.0722198647647764,0.7242888007151668
25634,LOF,0.0451891707512703,0.1103141445871679,0.8444966846615618
25635,LOF,0.03433585424672907,0.06304115338066389,0.902622992372607
25636,GOF,0.03577501124929013,0.537914443364045,0.42631054538666485
25637,GOF,0.03765524829364306,0.5855350931611024,0.3768096585452545
25638,GOF,0.02195768769817075,0.5268233595105752,0.45121895279125407
25639,LOF,0.029724587277443485,0.4763298528915231,0.49394555983103333
25640,Neutral,0.7950264994931174,0.15743981183057051,0.047533688676312115
25641,LOF,0.140788881983821,0.2650894313690404,0.5941216866471386
25642,LOF,0.1229054721631059,0.13624720379133112,0.740847324045563
25643,LOF,0.37238978744734574,0.08771146647437983,0.5398987460782744
25644,GOF,0.009908108924583287,0.6246398685407195,0.36545202253469716
25645,GOF,0.013652400598509778,0.5804068994944441,0.405940699907046
25646,LOF,0.0221069866569976,0.4058351546401007,0.5720578587029016
25647,LOF,0.010285628674841037,0.3196780153666675,0.6700363559584914
25648,LOF,0.015277511244374686,0.3681706312301442,0.6165518575254811
25649,LOF,0.009284100149814964,0.2933060494057213,0.6974098504444638
25650,GOF,0.03477335787887524,0.5710786106810569,0.3941480314400677
25651,LOF,0.011747970205677456,0.38492304704329666,0.6033289827510259
25652,LOF,0.012013698660094415,0.41558188289121084,0.5724044184486947
25653,GOF,0.04763279990618315,0.5540453770047522,0.3983218230890648
25654,LOF,0.011471046537731846,0.3256596995756264,0.6628692538866419
25655,GOF,0.1511033485536353,0.5935303492763366,0.2553663021700281
25656,LOF,0.20721793446893802,0.06593080483041616,0.7268512607006458
25657,LOF,0.035964929457379446,0.0691671239395006,0.89486794660312
25658,LOF,0.2416951726516815,0.08381854787813708,0.6744862794701814
25659,LOF,0.37525128449394024,0.0932828939292546,0.5314658215768052
25660,LOF,0.02443809267406539,0.10067237503354765,0.8748895322923871
25661,LOF,0.07161645733763715,0.06381866236787624,0.8645648802944865
25662,LOF,0.028784036532712835,0.04277433283083052,0.9284416306364567
25663,LOF,0.031800653977569995,0.040097174014256796,0.9281021720081732
25664,LOF,0.09219673670195087,0.06915601519917129,0.8386472480988778
25665,LOF,0.05866650546244289,0.03728406863555927,0.9040494259019979
25666,LOF,0.07390997277579837,0.05617884451925344,0.8699111827049482
25667,LOF,0.06345263029616484,0.048201373718685776,0.8883459959851493
25668,LOF,0.030000080620352042,0.060472581311918266,0.9095273380677297
25669,LOF,0.021178779424156666,0.054750386018786956,0.9240708345570564
25670,LOF,0.11791248368359736,0.05185343789679781,0.8302340784196048
25671,LOF,0.08683078381217836,0.04010178957009559,0.873067426617726
25672,LOF,0.047956549772472476,0.05663721443689177,0.8954062357906358
25673,LOF,0.07548936533465257,0.05308457312699166,0.8714260615383557
25674,LOF,0.07118934717481652,0.0713688021925502,0.8574418506326332
25675,LOF,0.06942525894637577,0.07957322099817125,0.8510015200554529
25676,LOF,0.015866603755055036,0.06686919165263847,0.9172642045923065
25677,LOF,0.016163137917771308,0.0885309696959487,0.89530589238628
25678,LOF,0.1672195070752247,0.10543955900666954,0.7273409339181057
25679,LOF,0.10374037259121409,0.11797517749375411,0.7782844499150319
25680,LOF,0.023220138353020323,0.1323570356838213,0.8444228259631584
25681,LOF,0.03730033769858338,0.11905669184378508,0.8436429704576316
25682,LOF,0.10735322501202979,0.07276163288511152,0.8198851421028586
25683,LOF,0.09083020981465328,0.0992698961031847,0.8098998940821619
25684,LOF,0.027343051025910687,0.06418865224411695,0.9084682967299723
25685,LOF,0.14070732378267536,0.12337255630546691,0.7359201199118578
25686,LOF,0.08309889411317002,0.17010011813019513,0.7468009877566347
25687,LOF,0.13258152489241928,0.15200187830674494,0.7154165968008358
25688,Neutral,0.48894888815171805,0.026059531825494447,0.4849915800227876
25689,LOF,0.30743346331781235,0.04042939460826909,0.6521371420739185
25690,LOF,0.3925448593594457,0.0259103058239402,0.581544834816614
25691,Neutral,0.7419271168352517,0.022924290860347054,0.23514859230440127
25692,LOF,0.37929166176858753,0.008750412537257403,0.6119579256941551
25693,GOF,0.03652839004075476,0.5070074423671344,0.4564641675921109
25694,LOF,0.1123548108235987,0.0176981816430702,0.8699470075333311
25695,LOF,0.10678620705004054,0.007234560965225293,0.8859792319847343
25696,LOF,0.10426738946837905,0.010551082567359767,0.8851815279642611
25697,LOF,0.05318187415168329,0.06580105949112824,0.8810170663571885
25698,LOF,0.23660338949964108,0.2558748618770574,0.5075217486233016
25699,LOF,0.3788297396233472,0.03622828026125575,0.584941980115397
25700,LOF,0.06049890609102362,0.009806783057678911,0.9296943108512974
25701,LOF,0.1836257341430745,0.027739598049132633,0.7886346678077928
25702,GOF,0.1823968683737659,0.6470986305950068,0.17050450103122727
25703,LOF,0.016783147748314832,0.1616118650136875,0.8216049872379977
25704,LOF,0.03577745545895744,0.11834053254075877,0.8458820120002837
25705,LOF,0.03859830426290334,0.07763283102808598,0.8837688647090106
25706,GOF,0.10648701024529215,0.4810814196417234,0.4124315701129843
25707,LOF,0.10590089591518766,0.4031260523791883,0.490973051705624
25708,LOF,0.03597826551274993,0.4168777372587426,0.5471439972285075
25709,LOF,0.07766575971407644,0.03599563886433564,0.886338601421588
25710,LOF,0.01680589733201721,0.16499296539957012,0.8182011372684127
25711,LOF,0.021366489064600334,0.08231694649375422,0.8963165644416455
25712,LOF,0.01761707565308197,0.20121701172509773,0.7811659126218202
25713,LOF,0.01927136403904726,0.06654186525718167,0.9141867707037711
25714,LOF,0.08442575007220536,0.054204214777528195,0.8613700351502664
25715,LOF,0.01197879439966482,0.1011733131135595,0.8868478924867756
25716,LOF,0.012244919049218891,0.12168205733305829,0.8660730236177228
25717,LOF,0.019042403167970925,0.07145660963716853,0.9095009871948606
25718,LOF,0.01169600386514863,0.04814223390249188,0.9401617622323596
25719,LOF,0.023599667724544828,0.07101827487371269,0.9053820574017424
25720,LOF,0.030515905361672695,0.04318967088214626,0.9262944237561811
25721,LOF,0.011752683511846388,0.07054476673826036,0.9177025497498933
25722,LOF,0.013671192866588388,0.058511928714256256,0.9278168784191553
25723,LOF,0.02588719851262634,0.03943083908362851,0.9346819624037452
25724,LOF,0.033970849136590035,0.07786261687334309,0.8881665339900668
25725,LOF,0.01135404579548135,0.06465154933365286,0.9239944048708658
25726,LOF,0.017164151589999777,0.09079252368051313,0.8920433247294871
25727,LOF,0.013828428296060846,0.05527406928552122,0.9308975024184178
25728,LOF,0.01115092249167627,0.07160774054945276,0.917241336958871
25729,LOF,0.011360215680072887,0.07178804437973646,0.9168517399401906
25730,LOF,0.015159380718692628,0.07344871832734721,0.9113919009539603
25731,LOF,0.018731913546557726,0.11457596166210762,0.8666921247913347
25732,LOF,0.014253061120626919,0.047211344778349616,0.9385355941010234
25733,LOF,0.01574690889702371,0.05532238032269057,0.9289307107802858
25734,LOF,0.013235476771092618,0.12571569857289308,0.8610488246560143
25735,LOF,0.011773108591713976,0.054599615839623944,0.9336272755686621
25736,LOF,0.013065352927501236,0.05926330876201759,0.9276713383104812
25737,LOF,0.013735264320863036,0.10006393379383792,0.8862008018852991
25738,LOF,0.013297533012211638,0.09558788434305038,0.8911145826447379
25739,LOF,0.02166847452660409,0.07724459199774994,0.9010869334756461
25740,LOF,0.03238356473031987,0.10289910377713818,0.8647173314925419
25741,LOF,0.016055065107383543,0.1070329344188422,0.8769120004737743
25742,LOF,0.12577267622130903,0.07004190930941284,0.804185414469278
25743,LOF,0.04324424492936173,0.06479420528430449,0.8919615497863337
25744,Neutral,0.6009974793650191,0.2548577973167535,0.1441447233182274
25745,LOF,0.05946338160426473,0.09389131383118493,0.8466453045645502
25746,LOF,0.040618901247196075,0.14403225885592838,0.8153488398968756
25747,LOF,0.01792140685718789,0.1247170234070052,0.8573615697358068
25748,LOF,0.0969175675658365,0.18730204296469277,0.7157803894694708
25749,LOF,0.02402170642142632,0.1204519231623218,0.8555263704162519
25750,LOF,0.059670217208992814,0.15067650737121663,0.7896532754197905
25751,LOF,0.12162286173864591,0.1577274264190448,0.7206497118423093
25752,GOF,0.12519345756457717,0.6737533650276913,0.20105317740773146
25753,LOF,0.03937016569381426,0.34419735729177436,0.6164324770144114
25754,GOF,0.021713178913177537,0.78194151517227,0.19634530591455251
25755,LOF,0.030990186417594795,0.345911127526885,0.6230986860555202
25756,LOF,0.06420324115911984,0.40323118610672537,0.5325655727341547
25757,GOF,0.01647577699553098,0.8738913659199624,0.10963285708450667
25758,GOF,0.02446254016859763,0.7963428868923063,0.17919457293909613
25759,GOF,0.013340743383855972,0.6698965233985882,0.3167627332175559
25760,LOF,0.01738685561345285,0.41111679605135404,0.5714963483351931
25761,GOF,0.2930157795338171,0.6111456846718487,0.09583853579433427
25762,LOF,0.05096791673758764,0.35560748690659416,0.5934245963558181
25763,LOF,0.014540769449279024,0.2593038192906162,0.7261554112601049
25764,GOF,0.05801765506827295,0.706090741690634,0.2358916032410931
25765,GOF,0.03707932919841145,0.7877636463645459,0.1751570244370426
25766,GOF,0.08381841128554973,0.7588677807978481,0.15731380791660216
25767,LOF,0.18087306620835442,0.4040231549252651,0.4151037788663805
25768,LOF,0.12086984577251891,0.03546904987336426,0.8436611043541168
25769,LOF,0.052393705116674474,0.06810123164687229,0.8795050632364533
25770,LOF,0.40252187123289,0.1113896367997063,0.48608849196740384
25771,LOF,0.058865111282294755,0.05590207260983426,0.8852328161078709
25772,LOF,0.01847382700842591,0.05714672801959393,0.9243794449719801
25773,LOF,0.06840160535357093,0.06225194534518249,0.8693464493012465
25774,LOF,0.029778648578299594,0.12302989110200317,0.8471914603196973
25775,LOF,0.07069169019827747,0.05427305506559531,0.8750352547361272
25776,LOF,0.07015488386184768,0.035249430434903424,0.894595685703249
25777,Neutral,0.5584088389212133,0.07002789773987704,0.3715632633389097
25778,LOF,0.06419437239851507,0.04988038325836246,0.8859252443431225
25779,GOF,0.41841176561374005,0.5314097896982284,0.05017844468803165
25780,GOF,0.34634177027510954,0.5667349707067337,0.08692325901815667
25781,GOF,0.11423820355392353,0.7638919475656837,0.12186984888039276
25782,GOF,0.1743461031401801,0.7283577875462788,0.0972961093135413
25783,GOF,0.02300313786275065,0.6750463710449064,0.30195049109234295
25784,Neutral,0.5399336253583193,0.4094217531413099,0.050644621500370746
25785,Neutral,0.49170758782251794,0.43451798324575686,0.07377442893172517
25786,GOF,0.028698426890217135,0.688680765991775,0.28262080711800786
25787,Neutral,0.6976336932317504,0.2603036771768768,0.042062629591372774
25788,LOF,0.059978988807527715,0.0726099483289798,0.8674110628634926
25789,GOF,0.21724164498733076,0.6323005876475631,0.15045776736510622
25790,GOF,0.2541826256005182,0.6134312029803913,0.13238617141909043
25791,GOF,0.12308382414961844,0.6442019545177905,0.23271422133259104
25792,GOF,0.33625630144031,0.4866016763135897,0.17714202224610026
25793,GOF,0.23830430007212547,0.4441520808643658,0.3175436190635087
25794,GOF,0.31848112926591526,0.4333822462615781,0.24813662447250662
25795,GOF,0.05849945066761658,0.6683551261657342,0.2731454231666492
25796,Neutral,0.518537317685148,0.3825780920639506,0.09888459025090128
25797,GOF,0.08220080068115823,0.5389990339417995,0.3788001653770423
25798,GOF,0.01030492519816414,0.5061294179877213,0.48356565681411456
25799,LOF,0.008281096442734816,0.4529027950228393,0.538816108534426
25800,GOF,0.039070082148548346,0.6383219157604271,0.32260800209102464
25801,GOF,0.25126924313271476,0.6102697834063457,0.13846097346093955
25802,GOF,0.06683151413829383,0.6193966980109815,0.3137717878507247
25803,GOF,0.043254749643061696,0.5341877350248633,0.422557515332075
25804,LOF,0.038357756704826114,0.46531551973436447,0.4963267235608095
25805,GOF,0.09036574646099123,0.5248948650496904,0.38473938848931843
25806,GOF,0.11108479219300404,0.5638901524598589,0.3250250553471371
25807,GOF,0.0194084481908382,0.5604659331251226,0.4201256186840393
25808,GOF,0.09860319345194583,0.5419531253928205,0.35944368115523373
25809,GOF,0.018039308105904577,0.5503766526637861,0.43158403923030936
25810,GOF,0.019434910025545173,0.5424882937348341,0.4380767962396207
25811,Neutral,0.47156031090132555,0.4506258254189955,0.07781386367967899
25812,GOF,0.03457513205053614,0.5990673185498437,0.36635754939962006
25813,Neutral,0.5713237175714011,0.2836574415404949,0.14501884088810407
25814,GOF,0.12634625544508535,0.6000860462663505,0.27356769828856403
25815,GOF,0.2622091360146876,0.5373567712481485,0.20043409273716387
25816,GOF,0.018418763309221178,0.6485215802055991,0.3330596564851798
25817,GOF,0.17261908336170725,0.677902329238574,0.1494785873997188
25818,GOF,0.0329042284146567,0.5602378256978898,0.40685794588745344
25819,GOF,0.3318571820493541,0.4642338524274291,0.20390896552321683
25820,GOF,0.1701009809721572,0.5719438403331858,0.25795517869465706
25821,GOF,0.055145265397779204,0.6283746455543808,0.31648008904784
25822,GOF,0.21775533563513955,0.524638627558129,0.2576060368067315
25823,GOF,0.036095566091194645,0.4839724662077385,0.4799319677010668
25824,GOF,0.07334338219377558,0.5079828855810047,0.41867373222521964
25825,GOF,0.03044874458069313,0.5142166756689188,0.45533457975038805
25826,LOF,0.010899296517377383,0.4785255577412053,0.5105751457414173
25827,GOF,0.018976117502677355,0.5248433721376204,0.45618051035970225
25828,LOF,0.013407173592739643,0.4431388163165259,0.5434540100907345
25829,GOF,0.007653085545765459,0.512260090553386,0.48008682390084856
25830,LOF,0.03906086156611004,0.25682264102602487,0.7041164974078651
25831,GOF,0.1411942670357173,0.7115223313813178,0.14728340158296482
25832,GOF,0.03494506773536405,0.6530198999829544,0.3120350322816815
25833,GOF,0.1165073508488681,0.6533986041891838,0.23009404496194824
25834,GOF,0.04242557186406889,0.6499454339770855,0.3076289941588456
25835,GOF,0.10317531287448196,0.6235514729584855,0.2732732141670325
25836,GOF,0.05041744724171437,0.6498301264373435,0.29975242632094207
25837,GOF,0.0258261074485097,0.5023436438543517,0.4718302486971386
25838,GOF,0.09391003095002079,0.690968800561344,0.21512116848863527
25839,GOF,0.29533053576867524,0.4978087339232722,0.20686073030805255
25840,GOF,0.21514963331841883,0.5686429821540557,0.21620738452752541
25841,GOF,0.2514614943140044,0.540961729251161,0.20757677643483444
25842,GOF,0.18703669211348317,0.5728534945058364,0.2401098133806805
25843,GOF,0.24240459434408226,0.5874502504188035,0.1701451552371143
25844,GOF,0.06671621206561769,0.644369444196087,0.2889143437382952
25845,LOF,0.015385409641143478,0.48085350325468507,0.5037610871041716
25846,GOF,0.09741166564549487,0.7155833341453087,0.1870050002091963
25847,GOF,0.1123361097829883,0.6899631487918841,0.1977007414251276
25848,GOF,0.04012482701909178,0.6317032182893235,0.3281719546915848
25849,GOF,0.011275682391649456,0.5164851485928679,0.4722391690154826
25850,GOF,0.02400944775724221,0.6158424665725,0.3601480856702577
25851,GOF,0.019780868266341862,0.5080555986569524,0.4721635330767058
25852,GOF,0.12128441509632777,0.5589423092617039,0.3197732756419683
25853,GOF,0.31182497102900325,0.5959921471738959,0.09218288179710085
25854,GOF,0.02008251802777356,0.6624699594777888,0.31744752249443764
25855,GOF,0.04354101270987782,0.6078402730331597,0.3486187142569625
25856,GOF,0.23341356551248632,0.5671961609115647,0.19939027357594893
25857,GOF,0.03565585400794726,0.5468233356839817,0.4175208103080711
25858,GOF,0.02025069831769231,0.6042727300213642,0.3754765716609435
25859,GOF,0.010781232531036746,0.5890137716419277,0.4002049958270356
25860,GOF,0.30883748511804254,0.5773837144436004,0.11377880043835703
25861,GOF,0.3041617488572068,0.6058799295805766,0.08995832156221666
25862,GOF,0.06757318964742011,0.7665502300580799,0.16587658029449984
25863,GOF,0.07084910012695671,0.7782044721974722,0.1509464276755711
25864,GOF,0.14465705761985767,0.7542924901928362,0.10105045218730609
25865,GOF,0.06618133861326632,0.7901059499073146,0.14371271147941908
25866,GOF,0.05530525541407712,0.8149758934560523,0.1297188511298706
25867,GOF,0.07438748742184592,0.8085080938843541,0.11710441869379998
25868,GOF,0.21395799184128542,0.6573765023894409,0.12866550576927369
25869,Neutral,0.6610532500697411,0.28661157973622553,0.0523351701940333
25870,LOF,0.27439956970553053,0.24629755280349905,0.47930287749097034
25871,GOF,0.21803131388437022,0.6141760190496292,0.16779266706600068
25872,GOF,0.08662366745457868,0.5838701945863601,0.32950613795906114
25873,GOF,0.15723003423532528,0.5707815688282578,0.2719883969364169
25874,LOF,0.02413653976605472,0.07958320488071965,0.8962802553532255
25875,LOF,0.0692475559143969,0.08980198627074643,0.8409504578148567
25876,LOF,0.026291370254890457,0.07883981781149971,0.8948688119336099
25877,Neutral,0.49476435436461563,0.09090073667868974,0.4143349089566945
25878,LOF,0.22763314771593424,0.14259235062573974,0.629774501658326
25879,LOF,0.12721335819204943,0.1641660058734982,0.7086206359344523
25880,LOF,0.02082849183590664,0.03155383194603026,0.9476176762180631
25881,LOF,0.19182117194946488,0.25139937354991343,0.5567794545006217
25882,LOF,0.07801882841364192,0.02272812931760282,0.8992530422687551
25883,LOF,0.08476512083079078,0.0454715996390946,0.8697632795301146
25884,LOF,0.04502723360749658,0.05712040011439405,0.8978523662781094
25885,LOF,0.058035741704881454,0.029402522064192388,0.9125617362309261
25886,LOF,0.37407878203727307,0.11148143730904078,0.5144397806536861
25887,LOF,0.19719285407732415,0.20859698115933134,0.5942101647633445
25888,LOF,0.07916473689637865,0.11889350531863262,0.8019417577849888
25889,LOF,0.037933007559335145,0.05568232894506269,0.9063846634956021
25890,LOF,0.059199372743853625,0.11801619312174447,0.8227844341344019
25891,LOF,0.06754376956434703,0.04631401292569275,0.8861422175099601
25892,LOF,0.09606551980808459,0.026131023105628957,0.8778034570862865
25893,LOF,0.30830150079552876,0.016049479484660848,0.6756490197198104
25894,LOF,0.16413174712843562,0.008880575256699904,0.8269876776148645
25895,LOF,0.20792266377878604,0.02136181314279891,0.7707155230784152
25896,LOF,0.04451463722496917,0.022302629910802854,0.9331827328642279
25897,LOF,0.24068288498415144,0.018045409800537558,0.7412717052153109
25898,Neutral,0.7748935791388649,0.012260215780958754,0.21284620508017646
25899,LOF,0.2581806202923801,0.04602564371391143,0.6957937359937084
25900,Neutral,0.600954332012144,0.013906370659610557,0.3851392973282454
25901,LOF,0.04818123261878718,0.012058344792229253,0.9397604225889836
25902,LOF,0.17419964850256228,0.01218605127260063,0.813614300224837
25903,Neutral,0.6159872805694351,0.03338705446049701,0.350625664970068
25904,LOF,0.2562379954956446,0.04467583721252666,0.6990861672918287
25905,LOF,0.029402182154004926,0.39705840635206124,0.5735394114939337
25906,LOF,0.023968566195257942,0.07851743628172254,0.8975139975230194
25907,LOF,0.010970835140089738,0.39188995522433634,0.597139209635574
25908,LOF,0.011841345532100943,0.27509974999052866,0.7130589044773704
25909,LOF,0.015230786921972347,0.13251932844713854,0.852249884630889
25910,LOF,0.02823734309076717,0.3389048461659724,0.6328578107432604
25911,LOF,0.07621172602324146,0.05257195425865236,0.8712163197181061
25912,LOF,0.03864333147056027,0.09882145466364052,0.8625352138657993
25913,LOF,0.2510307713664054,0.05126561272795938,0.6977036159056352
25914,LOF,0.02579498674961676,0.12314498498393556,0.8510600282664478
25915,Neutral,0.4091336003858046,0.20142960191364154,0.3894367977005538
25916,LOF,0.05088334013449214,0.28015106841410253,0.6689655914514053
25917,LOF,0.05303993133168232,0.055691471843474026,0.8912685968248436
25918,LOF,0.03495723423547487,0.07070869133883254,0.8943340744256926
25919,LOF,0.029874168046515076,0.0738741107505474,0.8962517212029376
25920,GOF,0.11026011721728053,0.5318130923751052,0.35792679040761427
25921,LOF,0.03269491544402488,0.029890562160590797,0.9374145223953844
25922,LOF,0.045750696598248104,0.017929489847530306,0.9363198135542217
25923,LOF,0.3995954714892186,0.019241155036132083,0.5811633734746493
25924,LOF,0.03874094549919986,0.02715066210337491,0.9341083923974253
25925,LOF,0.06746953303001005,0.03276030043605337,0.8997701665339365
25926,LOF,0.052288121025364204,0.019933351455166205,0.9277785275194697
25927,LOF,0.07556575444571749,0.052399937866832225,0.8720343076874502
25928,LOF,0.023839270890985725,0.021929645728346474,0.9542310833806678
25929,Neutral,0.5436229558516092,0.022278724632161115,0.4340983195162297
25930,LOF,0.06895601407088471,0.014460418816592354,0.916583567112523
25931,LOF,0.031507301852405946,0.018553560916843508,0.9499391372307505
25932,LOF,0.028226419772787965,0.013763686154827662,0.9580098940723842
25933,LOF,0.039692950526365324,0.009538454927916634,0.9507685945457179
25934,LOF,0.026347667530750574,0.012655366669634412,0.9609969657996151
25935,LOF,0.07051571003945842,0.028072391064553878,0.9014118988959877
25936,LOF,0.044236016565255706,0.015676814117093686,0.9400871693176507
25937,LOF,0.03532178366871998,0.022584503382359934,0.9420937129489202
25938,LOF,0.06692119716162631,0.037409042437621484,0.8956697604007521
25939,LOF,0.042714869001740645,0.009593762483421314,0.947691368514838
25940,LOF,0.022804117942384725,0.4608654155550548,0.5163304665025605
25941,LOF,0.14820094591210276,0.10705913210816456,0.7447399219797327
25942,LOF,0.014487221752814831,0.042377162653088045,0.9431356155940971
25943,LOF,0.33449671927881963,0.11814742105501128,0.5473558596661691
25944,Neutral,0.5023735669626236,0.05722536716577706,0.4404010658715994
25945,LOF,0.06944506090981278,0.0396052589673774,0.8909496801228098
25946,LOF,0.03569642214697046,0.12917678645448355,0.8351267913985461
25947,LOF,0.12680533467097496,0.15064749313193732,0.7225471721970878
25948,LOF,0.38963088942468704,0.014187181230429667,0.5961819293448833
25949,LOF,0.10867094078117123,0.056661983075956844,0.834667076142872
25950,GOF,0.20171156796741388,0.42841254601185624,0.36987588602072996
25951,LOF,0.2419310225816984,0.15193895806431632,0.6061300193539852
25952,LOF,0.053940327998871905,0.38493175139096164,0.5611279206101665
25953,LOF,0.13585577880984523,0.11039190943815312,0.7537523117520016
25954,LOF,0.3530186671406283,0.2372485490078249,0.4097327838515468
25955,LOF,0.06832813068842933,0.08976999071820108,0.8419018785933696
25956,LOF,0.21693627882881814,0.05440388686797427,0.7286598343032076
25957,LOF,0.060527665790096066,0.02083944149805496,0.9186328927118489
25958,LOF,0.059336390275132246,0.0259500859287803,0.9147135237960874
25959,LOF,0.08997415234210555,0.3493581937120282,0.5606676539458663
25960,LOF,0.021528222804603824,0.05710343159873997,0.9213683455966561
25961,LOF,0.04978365614450549,0.03573669658439156,0.914479647271103
25962,LOF,0.06835055785921573,0.043098181851622695,0.8885512602891615
25963,LOF,0.0648513786608999,0.20407622239983336,0.7310723989392668
25964,LOF,0.033337805403312055,0.1545393467774555,0.8121228478192325
25965,Neutral,0.46684483090194256,0.07599014273307676,0.45716502636498074
25966,LOF,0.34556647220994585,0.2477060723840108,0.4067274554060434
25967,LOF,0.015799286246585248,0.07754046233654348,0.9066602514168713
25968,LOF,0.048140159272717094,0.4024873924771229,0.54937244825016
25969,LOF,0.026446906904455225,0.05757452949994955,0.9159785635955952
25970,LOF,0.06614812845607296,0.06319946216275454,0.8706524093811725
25971,LOF,0.08184364449550002,0.027731226095193608,0.8904251294093064
25972,LOF,0.07974932697615944,0.030842398237497244,0.8894082747863434
25973,LOF,0.10467237538182773,0.009242373708033436,0.8860852509101389
25974,LOF,0.32213497347059994,0.019209337256905223,0.6586556892724947
25975,LOF,0.05893972408681839,0.03808818475581658,0.902972091157365
25976,LOF,0.041540827289939186,0.022876946534365703,0.9355822261756952
25977,LOF,0.12631763607172886,0.13628164842199847,0.7374007155062727
25978,LOF,0.13397798754773713,0.11000689645597804,0.7560151159962848
25979,LOF,0.12842401763926803,0.09245376197401126,0.7791222203867206
25980,LOF,0.14974801604131682,0.1742520639282544,0.6759999200304287
25981,LOF,0.18247846943191434,0.1669671734554922,0.6505543571125935
25982,LOF,0.39206472308689244,0.09177864925175291,0.5161566276613547
25983,LOF,0.3796865982299555,0.08644511589482054,0.533868285875224
25984,LOF,0.046065021596370354,0.11329623842924612,0.8406387399743835
25985,LOF,0.020742460011466814,0.35754660844693903,0.6217109315415941
25986,LOF,0.025859248077396025,0.34478542413647834,0.6293553277861257
25987,LOF,0.09006686348991512,0.1127490258459861,0.7971841106640988
25988,LOF,0.11020597622619292,0.09099549713713996,0.7987985266366672
25989,LOF,0.025461426326712645,0.17167421258184834,0.802864361091439
25990,LOF,0.03469138655702894,0.15521603799632724,0.8100925754466438
25991,LOF,0.16594641025182255,0.3991472944863368,0.43490629526184066
25992,LOF,0.3227155845303499,0.29056179503941004,0.38672262043024014
25993,LOF,0.028405688246653706,0.08272392974623465,0.8888703820071117
25994,LOF,0.018454644436184216,0.11380560888289269,0.8677397466809231
25995,LOF,0.03153192214158099,0.13332911192428779,0.8351389659341312
25996,GOF,0.2192871921208097,0.541394489578416,0.2393183183007743
25997,GOF,0.08540440301733557,0.5126666578874309,0.4019289390952334
25998,Neutral,0.6492271181393043,0.033778068207202146,0.3169948136534935
25999,LOF,0.16267199599623502,0.07058095679126546,0.7667470472124994
26000,LOF,0.09712432087139229,0.026725416382129382,0.8761502627464782
26001,LOF,0.19971291500244,0.034406345232545404,0.7658807397650146
26002,LOF,0.11901068654984148,0.03309786398224738,0.8478914494679112
26003,GOF,0.008960548019802311,0.6830446396005605,0.3079948123796372
26004,GOF,0.022499852081856512,0.6846924807769267,0.2928076671412169
26005,GOF,0.010479347892870115,0.5412439576280628,0.4482766944790671
26006,Neutral,0.5090806013574634,0.290213084361988,0.20070631428054853
26007,GOF,0.018025323599173394,0.6473928431086076,0.334581833292219
26008,GOF,0.016656072963662692,0.5855408983611134,0.3978030286752238
26009,GOF,0.028818906346639278,0.6757273000419245,0.2954537936114363
26010,GOF,0.019847760144095856,0.7281461574842056,0.2520060823716986
26011,GOF,0.00956039873184575,0.5373661656020569,0.4530734356660973
26012,GOF,0.01677303473464964,0.579460093809802,0.40376687145554835
26013,GOF,0.013660420937156737,0.7083253156811417,0.27801426338170165
26014,LOF,0.046596042114840745,0.16509202193194153,0.7883119359532176
26015,LOF,0.1788611021491377,0.010954615024790932,0.8101842828260712
26016,LOF,0.2595116901544483,0.053228331510503435,0.6872599783350483
26017,LOF,0.17473172473096096,0.09508958655685637,0.7301786887121826
26018,LOF,0.09392774881195648,0.03771001522272514,0.8683622359653184
26019,LOF,0.09100786686694953,0.024528113199243792,0.8844640199338066
26020,LOF,0.0625564375506417,0.11395593422912775,0.8234876282202305
26021,LOF,0.055645401237520084,0.14914197338634555,0.7952126253761344
26022,LOF,0.011051001087770683,0.07089899479266408,0.9180500041195653
26023,LOF,0.11890274380015607,0.02839926410273811,0.8526979920971057
26024,LOF,0.031014057368671803,0.1481041530147073,0.820881789616621
26025,LOF,0.1561092711502787,0.0667505255429603,0.7771402033067611
26026,LOF,0.35153948176891925,0.01329059802445597,0.6351699202066247
26027,LOF,0.08922493317317387,0.017652258055676377,0.8931228087711498
26028,LOF,0.17565513079955639,0.10600448483666541,0.7183403843637782
26029,LOF,0.11602412612676823,0.15562717902887585,0.7283486948443559
26030,LOF,0.0308408841590933,0.05671554938459215,0.9124435664563145
26031,LOF,0.04267884643988325,0.1286277213762203,0.8286934321838964
26032,LOF,0.08390466138803977,0.048712812553571024,0.8673825260583893
26033,LOF,0.13051158617133135,0.052579225638494896,0.8169091881901738
26034,LOF,0.06985453840398892,0.12402850618168691,0.8061169554143243
26035,LOF,0.04365562279777862,0.10462049150472154,0.8517238856974999
26036,LOF,0.0644058888167477,0.12364252382073557,0.8119515873625167
26037,LOF,0.036414884826152114,0.09888263171057488,0.864702483463273
26038,LOF,0.08140694345787743,0.04724723658413151,0.871345819957991
26039,LOF,0.09186169208202642,0.11414330529503305,0.7939950026229405
26040,LOF,0.24451774788310407,0.09656275644449562,0.6589194956724003
26041,LOF,0.03637286907237923,0.08948706849725294,0.8741400624303678
26042,LOF,0.03586452292356302,0.09282514243060094,0.8713103346458361
26043,LOF,0.07912138021025003,0.05728029362910045,0.8635983261606495
26044,LOF,0.032215598090513255,0.06220807674956132,0.9055763251599254
26045,LOF,0.11361528735372275,0.07981657756609722,0.8065681350801801
26046,LOF,0.08428074213086005,0.0616377519091425,0.8540815059599974
26047,LOF,0.11219170996122385,0.07837066805205205,0.8094376219867241
26048,LOF,0.05400785148346848,0.06115011355076618,0.8848420349657653
26049,Neutral,0.9433999618756539,0.010131463230287041,0.046468574894059034
26050,Neutral,0.9247063678900561,0.010934699697205176,0.06435893241273852
26051,LOF,0.06042962992866021,0.3529173101430745,0.5866530599282654
26052,LOF,0.06610485350442168,0.46322719098316567,0.4706679555124127
26053,LOF,0.059022606364281964,0.3352905629046416,0.6056868307310764
26054,LOF,0.05508482139232697,0.06464843395414017,0.8802667446535328
26055,LOF,0.07130195056342682,0.054210920718889194,0.8744871287176841
26056,LOF,0.0625062194354052,0.06280042194656546,0.8746933586180293
26057,LOF,0.02961746152169119,0.02514630067156531,0.9452362378067436
26058,LOF,0.029717493220823746,0.021868334112548866,0.9484141726666273
26059,LOF,0.34493376278754667,0.07108456932914302,0.5839816678833102
26060,LOF,0.026533032045383338,0.35229616107216644,0.6211708068824502
26061,LOF,0.01630576438557474,0.042228269714040284,0.9414659659003849
26062,LOF,0.01241175513125401,0.04757005082147666,0.9400181940472694
26063,LOF,0.023677802355090503,0.026701712952724183,0.9496204846921853
26064,LOF,0.021497885149238588,0.03159328125467777,0.9469088335960836
26065,LOF,0.025973929197535547,0.026579996760398884,0.9474460740420656
26066,LOF,0.020760935867974627,0.02995880229747348,0.9492802618345519
26067,LOF,0.023174402840963903,0.021192064722272818,0.9556335324367632
26068,LOF,0.05142996865652981,0.06311191805516587,0.8854581132883044
26069,LOF,0.406858457106191,0.04505643155368229,0.5480851113401267
26070,Neutral,0.6163898926099625,0.021963582977225508,0.361646524412812
26071,LOF,0.02344642401859147,0.030498375650344713,0.9460552003310639
26072,LOF,0.02253470541359403,0.0564211196613197,0.9210441749250864
26073,LOF,0.02504572922398438,0.024965066994016693,0.9499892037819989
26074,Neutral,0.8869494065250861,0.010251754695522272,0.1027988387793916
26075,LOF,0.04470797473904431,0.03904271031926222,0.9162493149416935
26076,LOF,0.04306441562258539,0.018970175132987353,0.9379654092444273
26077,LOF,0.009746134822367847,0.05330281615534255,0.9369510490222897
26078,LOF,0.012968889381971153,0.034060493274775575,0.9529706173432534
26079,LOF,0.05380959034380479,0.03756592526930992,0.9086244843868853
26080,LOF,0.05380959034380479,0.03756592526930992,0.9086244843868853
26081,LOF,0.03336208717877237,0.016185654759636285,0.9504522580615913
26082,LOF,0.02033439283236171,0.04062537332457592,0.9390402338430623
26083,LOF,0.14090721518897073,0.027571296519391452,0.8315214882916379
26084,LOF,0.026400733405399782,0.031673173413897755,0.9419260931807024
26085,LOF,0.022653651929318824,0.02882186150742561,0.9485244865632555
26086,LOF,0.022975525512557174,0.03051018405580998,0.9465142904316328
26087,LOF,0.02531135133681897,0.023142835453186295,0.9515458132099948
26088,LOF,0.022771781636206596,0.052705547332457955,0.9245226710313355
26089,LOF,0.04983128732002799,0.04944401241244804,0.9007247002675239
26090,LOF,0.04720819326848863,0.03885464445283733,0.913937162278674
26091,LOF,0.04008645401058629,0.015558540548583704,0.94435500544083
26092,LOF,0.02778423434263276,0.02127308606157588,0.9509426795957913
26093,LOF,0.04054657810848993,0.014435226656953518,0.9450181952345565
26094,LOF,0.044796631730247886,0.012797113522701234,0.9424062547470509
26095,LOF,0.0374753149221576,0.03468020036344903,0.9278444847143934
26096,LOF,0.017336358553393914,0.027484794307856705,0.9551788471387492
26097,LOF,0.011349602291935709,0.10551138358808744,0.8831390141199768
26098,LOF,0.06044740305892331,0.0385025789520697,0.901050017989007
26099,LOF,0.023922605420290066,0.03603206091977395,0.9400453336599359
26100,LOF,0.025017273438664125,0.03393383168192029,0.9410488948794156
26101,LOF,0.059820688440846384,0.0308503082921316,0.9093290032670219
26102,LOF,0.02715695966244675,0.028368029449235412,0.9444750108883179
26103,Neutral,0.880427156989811,0.0465988878142,0.07297395519598894
26104,LOF,0.05286026854744111,0.07353630288328719,0.8736034285692718
26105,LOF,0.2245328304728236,0.26545451389329383,0.5100126556338825
26106,LOF,0.157704019544457,0.14278370771172177,0.6995122727438212
26107,LOF,0.264297140603472,0.13996601116351165,0.5957368482330164
26108,LOF,0.21266936227943864,0.16743157932196395,0.6198990583985974
26109,LOF,0.06142086310257403,0.15485684658411392,0.7837222903133121
26110,LOF,0.28859834254783184,0.018910861245605304,0.6924907962065628
26111,LOF,0.4679144037564773,0.03100020947063877,0.501085386772884
26112,LOF,0.03934098402818967,0.018727607990035245,0.941931407981775
26113,LOF,0.06017590172538713,0.04381985701565192,0.8960042412589609
26114,LOF,0.02124984620539471,0.024883658922197485,0.9538664948724078
26115,LOF,0.09914657803556315,0.03771449376421577,0.8631389282002212
26116,LOF,0.05364671750415115,0.0628932664463761,0.8834600160494727
26117,LOF,0.3106022677970468,0.08524061843880686,0.6041571137641463
26118,LOF,0.03680779777966105,0.044354833702963364,0.9188373685173755
26119,LOF,0.021994290514935774,0.06382986260213233,0.9141758468829319
26120,LOF,0.029517930881574683,0.03609553552616322,0.9343865335922621
26121,LOF,0.05384785465915188,0.0957798011322471,0.850372344208601
26122,LOF,0.06275871782506272,0.049629482018713485,0.8876118001562238
