feature0,prediction,LoGoFunc_Neutral,LoGoFunc_GOF,LoGoFunc_LOF
25546,Neutral,0.6640908031681232,0.05567258604816739,0.28023661078370954
25547,Neutral,0.5135282215637488,0.09520793965251473,0.3912638387837365
25548,Neutral,0.49594479935893837,0.0793297268318427,0.4247254738092189
25549,LOF,0.4257978252455613,0.08093572768528451,0.4932664470691542
25550,LOF,0.3647430807372671,0.11678004126385491,0.518476877998878
25551,LOF,0.31070935136215966,0.1278592288106455,0.5614314198271948
25552,LOF,0.2642650112356162,0.12624786955466752,0.6094871192097163
25553,Neutral,0.8156474703512063,0.04376800760541265,0.14058452204338096
25554,LOF,0.2975632653783059,0.11883144680771723,0.5836052878139768
25555,LOF,0.25139006279650083,0.11256243345650203,0.6360475037469971
25556,Neutral,0.46213425572076655,0.0966787619659813,0.44118698231325215
25557,LOF,0.24022059298892695,0.11650314246712011,0.6432762645439528
25558,LOF,0.3002793816313802,0.11574159634823333,0.5839790220203864
25559,LOF,0.20245758184275864,0.12414123543897013,0.6734011827182713
25560,LOF,0.15634145955199852,0.09546680169410086,0.7481917387539005
25561,LOF,0.1367966852196355,0.11197435020051945,0.751228964579845
25562,LOF,0.07687878360615795,0.0766941537909731,0.8464270626028689
25563,LOF,0.022305641005516866,0.11773387248658414,0.8599604865078991
25564,LOF,0.2143043615750744,0.11050417669907268,0.6751914617258529
25565,LOF,0.21687085801186054,0.13904674521888394,0.6440823967692555
25566,GOF,0.09344891110610425,0.7086371351065828,0.19791395378731316
25567,LOF,0.038042061975422946,0.12890544580987173,0.8330524922147055
25568,LOF,0.06287986094531337,0.0690136818678743,0.8681064571868125
25569,LOF,0.060858305780522814,0.0722607170496372,0.86688097716984
25570,LOF,0.02714184627997892,0.09776286510901154,0.8750952886110096
25571,LOF,0.026898318366546697,0.10323931904963723,0.869862362583816
25572,LOF,0.06791160786867109,0.11641507065579858,0.8156733214755303
25573,LOF,0.06251529958179022,0.08509719000293699,0.8523875104152728
25574,LOF,0.06177336760049415,0.18207520154768705,0.7561514308518188
25575,LOF,0.022546962813270694,0.11993242312065108,0.8575206140660783
25576,LOF,0.038144631634589914,0.15530764339770656,0.8065477249677035
25577,LOF,0.031894826749943664,0.11350572266963645,0.85459945058042
25578,LOF,0.30699941600639735,0.08099564774583452,0.6120049362477681
25579,LOF,0.1348528263968998,0.0869979379976529,0.7781492356054472
25580,LOF,0.019287662671885895,0.07845442893006642,0.9022579083980476
25581,LOF,0.05851616394623759,0.0679726643755118,0.8735111716782505
25582,LOF,0.0581200138254497,0.06631117105513133,0.875568815119419
25583,LOF,0.01949165734344673,0.08386147966941111,0.8966468629871422
25584,Neutral,0.6675015581315267,0.10599350069529401,0.22650494117317937
25585,LOF,0.03253042793427458,0.12243517513313792,0.8450343969325875
25586,LOF,0.01751466871323244,0.07135318292864014,0.9111321483581274
25587,LOF,0.016790739706336325,0.06213526461850246,0.9210739956751612
25588,LOF,0.019917145576814458,0.07356673647667256,0.9065161179465131
25589,Neutral,0.4998147435841313,0.19858073944760485,0.3016045169682638
25590,LOF,0.04741182779939136,0.11166879241126125,0.8409193797893474
25591,LOF,0.10367754042555137,0.05954105761297352,0.8367814019614751
25592,LOF,0.05414686402755271,0.12935139862758674,0.8165017373448605
25593,LOF,0.13640107531648174,0.2593097152807062,0.604289209402812
25594,LOF,0.04911267140972782,0.10808435431752104,0.8428029742727511
25595,LOF,0.04887108573412061,0.07962682781115718,0.8715020864547222
25596,LOF,0.10132215922697996,0.04640256356495349,0.8522752772080665
25597,LOF,0.0779306590477944,0.05488479926086554,0.8671845416913402
25598,LOF,0.04756094368201534,0.08195889767626696,0.8704801586417177
25599,GOF,0.023253796207575336,0.5346258155966058,0.4421203881958188
25600,GOF,0.18839723008311363,0.5036046524293519,0.3079981174875344
25601,LOF,0.04312755620180253,0.40293499312152237,0.553937450676675
25602,LOF,0.029487330421995365,0.04982706318349222,0.9206856063945124
25603,LOF,0.0360632251074123,0.025332255212772846,0.9386045196798147
25604,LOF,0.038653746780532794,0.050798528916826895,0.9105477243026404
25605,LOF,0.04249199974587912,0.1642192585951385,0.7932887416589824
25606,LOF,0.44069341504743254,0.09210034679198037,0.467206238160587
25607,LOF,0.023536431294696646,0.16739934085858368,0.8090642278467197
25608,LOF,0.03626715040749674,0.08180955355931654,0.8819232960331868
25609,GOF,0.15046981384658206,0.5515414215220719,0.2979887646313461
25610,LOF,0.015998326640603657,0.02556057879468099,0.9584410945647154
25611,LOF,0.015576846509962414,0.02966102912508396,0.9547621243649537
25612,LOF,0.0509445464513537,0.03408834936314438,0.9149671041855019
25613,LOF,0.047143250426840325,0.03368535022223122,0.9191713993509284
25614,LOF,0.022569893592789627,0.024676248143901642,0.9527538582633087
25615,LOF,0.047086813590346034,0.032642027464681554,0.9202711589449725
25616,LOF,0.04678147837482036,0.024717945319012072,0.9285005763061676
25617,LOF,0.04147121773300017,0.03244358316410209,0.9260851991028978
25618,LOF,0.05373224859383998,0.030762052618805675,0.9155056987873544
25619,LOF,0.014875361174315248,0.029004443755164127,0.9561201950705206
25620,LOF,0.06274475424023583,0.0346856033398863,0.9025696424198778
25621,LOF,0.05105110184788579,0.030177352124517196,0.9187715460275969
25622,LOF,0.06238023477335671,0.029009392370550884,0.9086103728560925
25623,LOF,0.06904332303105463,0.02536862707250531,0.90558804989644
25624,LOF,0.019313055847669965,0.03133048337362829,0.9493564607787017
25625,LOF,0.06380795829396743,0.03515208073056153,0.901039960975471
25626,LOF,0.04669362259989142,0.030796312138963604,0.922510065261145
25627,Neutral,0.8879148842697937,0.022690226341367747,0.08939488938883854
25628,LOF,0.14218617927040622,0.06103922366931468,0.7967745970602791
25629,LOF,0.06168595704292226,0.04336072399297375,0.8949533189641039
25630,LOF,0.2522682221411013,0.07410508521193732,0.6736266926469615
25631,Neutral,0.5245700915833202,0.06494077028521511,0.41048913813146465
25632,LOF,0.028604268452784333,0.05627411357727816,0.9151216179699376
25633,LOF,0.19693654070680497,0.03576195302157836,0.7673015062716165
25634,LOF,0.03424888350505333,0.07790220822253534,0.8878489082724114
25635,LOF,0.03910308464442501,0.04196757582206209,0.9189293395335127
25636,LOF,0.042988586914962476,0.47101062955793643,0.4860007835271012
25637,GOF,0.06459445127732692,0.4707959278042139,0.4646096209184592
25638,LOF,0.04179689774293845,0.28585961773794016,0.6723434845191213
25639,LOF,0.03297706764331115,0.34268561870808956,0.6243373136485993
25640,Neutral,0.8138860903452194,0.13823075740640992,0.04788315224837073
25641,LOF,0.0518778768217096,0.45061832322889134,0.49750379994939914
25642,LOF,0.0385717968226475,0.15695370680624612,0.8044744963711064
25643,LOF,0.19246455926090672,0.16794597867944613,0.6395894620596472
25644,LOF,0.022362984152106007,0.4692874563944185,0.5083495594534755
25645,LOF,0.021465720018347744,0.4106824368804211,0.5678518431012312
25646,LOF,0.05398049314399819,0.34149748161216736,0.6045220252438345
25647,LOF,0.023447898558646724,0.2653631313534665,0.7111889700878867
25648,LOF,0.03125815395020434,0.24366888700602501,0.7250729590437707
25649,LOF,0.0166562349727218,0.2405815798703834,0.7427621851568948
25650,LOF,0.05166581726420101,0.42139968738851424,0.5269344953472848
25651,LOF,0.016639967630635435,0.28251961282306337,0.7008404195463013
25652,LOF,0.031118554360455016,0.26353530652177265,0.7053461391177722
25653,LOF,0.08206561158466277,0.40295078132490386,0.5149836070904332
25654,LOF,0.023706009126347617,0.20911151356257382,0.7671824773110787
25655,LOF,0.22470114167729124,0.3716162741208772,0.4036825842018315
25656,LOF,0.2972370341686884,0.04286617729006802,0.6598967885412436
25657,LOF,0.0765960513530724,0.05311687265540928,0.8702870759915182
25658,LOF,0.39605999143326365,0.053124811871409494,0.5508151966953269
25659,Neutral,0.5380132761769232,0.07459466032181707,0.38739206350125976
25660,LOF,0.025094229679951605,0.07629740207671029,0.8986083682433381
25661,LOF,0.09619057315593105,0.05726319253993185,0.8465462343041371
25662,LOF,0.03260038282014801,0.03150239703595073,0.9358972201439013
25663,LOF,0.04097087368946058,0.04115518898344372,0.9178739373270958
25664,LOF,0.13403121989327937,0.05426784000621786,0.8117009401005028
25665,LOF,0.05094787376547347,0.028761176350058867,0.9202909498844677
25666,LOF,0.08773703298956156,0.07087811535403803,0.8413848516564004
25667,LOF,0.06402727122772078,0.03798627650458266,0.8979864522676965
25668,LOF,0.03805087463367202,0.044469030462444915,0.9174800949038832
25669,LOF,0.034429025903342354,0.05399271612838859,0.9115782579682691
25670,LOF,0.12986477622629417,0.043839082407635045,0.8262961413660709
25671,LOF,0.10121201109204482,0.0292268637172491,0.869561125190706
25672,LOF,0.05084124595459695,0.038130640440544414,0.9110281136048586
25673,LOF,0.07783766535585372,0.03803411263663595,0.8841282220075103
25674,LOF,0.06852154999120787,0.04816903574312564,0.8833094142656666
25675,LOF,0.10779231366829778,0.048119660936791174,0.8440880253949111
25676,LOF,0.018617004944029597,0.047384604194656677,0.9339983908613136
25677,LOF,0.026413237154056322,0.0658149762069419,0.9077717866390018
25678,LOF,0.1772132925920893,0.0605053078817987,0.7622813995261121
25679,LOF,0.12983008016544725,0.07374136865110233,0.7964285511834504
25680,LOF,0.03299373473597038,0.10882682511743286,0.8581794401465969
25681,LOF,0.05171390453999292,0.09774197133762141,0.8505441241223856
25682,LOF,0.14870056506074314,0.06211609158399837,0.7891833433552585
25683,LOF,0.11864317629886534,0.08462354126838462,0.7967332824327501
25684,LOF,0.04430807774223563,0.06264628920241029,0.8930456330553541
25685,LOF,0.1309079703651943,0.04693197901609351,0.8221600506187121
25686,LOF,0.0715481778890562,0.08826560340807203,0.8401862187028717
25687,LOF,0.10731739715883587,0.07745116316171853,0.8152314396794457
25688,LOF,0.2948379266520205,0.034867302081218396,0.670294771266761
25689,LOF,0.22647311063398,0.041144583324259486,0.7323823060417606
25690,LOF,0.32134791398931245,0.033465833967264304,0.6451862520434233
25691,Neutral,0.696839087489155,0.027302959581097172,0.27585795292974774
25692,LOF,0.2809886864077911,0.011650309773957262,0.7073610038182516
25693,LOF,0.04278951356079359,0.47335940178230373,0.48385108465690274
25694,LOF,0.12177440790050563,0.02156577440533509,0.8566598176941592
25695,LOF,0.11518836120479296,0.019758213519300596,0.8650534252759065
25696,LOF,0.11316931571495509,0.010809260511052082,0.8760214237739928
25697,LOF,0.11860933040218351,0.024250408531858877,0.8571402610659576
25698,LOF,0.35927366738124983,0.23017074684689454,0.4105555857718557
25699,LOF,0.4036871422387763,0.05077451121011784,0.5455383465511059
25700,LOF,0.04796049334640432,0.01191493569647018,0.9401245709571255
25701,LOF,0.14254606360129798,0.06080532562449692,0.7966486107742051
25702,GOF,0.16778739954776706,0.5482779015273502,0.28393469892488277
25703,LOF,0.016626938886006606,0.15646015435143057,0.8269129067625628
25704,LOF,0.050168581051843866,0.11697915508220806,0.8328522638659481
25705,LOF,0.06237226569383658,0.18831420263999055,0.7493135316661728
25706,LOF,0.08927040836267014,0.3482306670415993,0.5624989245957307
25707,LOF,0.08294896238891822,0.28704708529885736,0.6300039523122244
25708,LOF,0.027766119073552885,0.27018409720309206,0.702049783723355
25709,LOF,0.055649754333262656,0.04360184581984413,0.9007483998468933
25710,LOF,0.011795609672985045,0.13919682404313596,0.849007566283879
25711,LOF,0.0194580427036589,0.08996160350397861,0.8905803537923624
25712,LOF,0.013469195307724979,0.17713977913969026,0.8093910255525848
25713,LOF,0.01936784460378346,0.07906403346561183,0.9015681219306046
25714,LOF,0.07040184066763573,0.07896788996069287,0.8506302693716714
25715,LOF,0.0103795867018328,0.13722200663175246,0.8523984066664148
25716,LOF,0.014335493590113135,0.11178902274508688,0.8738754836648
25717,LOF,0.013294773991589362,0.0846681610097504,0.9020370649986603
25718,LOF,0.011834687421716726,0.10498976303298618,0.883175549545297
25719,LOF,0.01700775581426086,0.08370437594026854,0.8992878682454706
25720,LOF,0.021391585532649787,0.07157728378360115,0.9070311306837491
25721,LOF,0.016046105588458082,0.10409841807484262,0.8798554763366994
25722,LOF,0.013106150897206263,0.11695109384337297,0.8699427552594208
25723,LOF,0.022242436391528717,0.045262276885201555,0.9324952867232696
25724,LOF,0.022747980734426146,0.08030445023453531,0.8969475690310384
25725,LOF,0.011613642064780307,0.06963777977216348,0.9187485781630561
25726,LOF,0.014026829469123491,0.09315382461522416,0.8928193459156523
25727,LOF,0.012850072562499792,0.07649893493955236,0.9106509924979479
25728,LOF,0.009778851740162261,0.10237453587171767,0.88784661238812
25729,LOF,0.010136756296761707,0.10166917392547374,0.8881940697777646
25730,LOF,0.013337596728553223,0.07841805117933645,0.9082443520921103
25731,LOF,0.02138579308049083,0.11471934193633986,0.8638948649831693
25732,LOF,0.014721535166584691,0.08671394543699483,0.8985645193964205
25733,LOF,0.015368307359995738,0.07523338225146828,0.9093983103885359
25734,LOF,0.013724073689881823,0.13440048853339948,0.8518754377767186
25735,LOF,0.013600652139343227,0.07988169226633329,0.9065176555943234
25736,LOF,0.014228695201846935,0.11479112503549842,0.8709801797626546
25737,LOF,0.02108225409853021,0.07981816948242554,0.8990995764190443
25738,LOF,0.013075004520591904,0.11565911253137301,0.8712658829480351
25739,LOF,0.02012111766191766,0.08375570624654566,0.8961231760915367
25740,LOF,0.02633280743578766,0.09773541814322421,0.875931774420988
25741,LOF,0.015097028424836005,0.09961892968420688,0.885284041890957
25742,LOF,0.11834547171880823,0.0790142580272456,0.8026402702539462
25743,LOF,0.03584146947324437,0.028411642308801513,0.935746888217954
25744,Neutral,0.5840873152730018,0.19438298061777345,0.2215297041092246
25745,LOF,0.08322684708213782,0.07151613618618309,0.8452570167316792
25746,LOF,0.04182630550709238,0.07823116994562582,0.8799425245472818
25747,LOF,0.02394269773876021,0.037924480963005124,0.9381328212982346
25748,LOF,0.11083714810373685,0.052983873287430164,0.836178978608833
25749,LOF,0.026815436696411055,0.08401578687010736,0.8891687764334816
25750,LOF,0.08887276479894052,0.07799988632360842,0.833127348877451
25751,LOF,0.09778858949709299,0.05510369278864694,0.8471077177142602
25752,GOF,0.1087949735519628,0.6575409200775305,0.23366410637050672
25753,LOF,0.019971698452791096,0.2611358481937296,0.7188924533534793
25754,GOF,0.010520803386128383,0.7659730761780587,0.22350612043581294
25755,LOF,0.023333059291379826,0.3831316188974576,0.5935353218111625
25756,LOF,0.039737845104910546,0.38412545781428475,0.5761366970808047
25757,GOF,0.013893382417460307,0.8420176877664789,0.14408892981606072
25758,GOF,0.027876628675273442,0.8294881987703484,0.14263517255437827
25759,GOF,0.012153398115182975,0.5434363023466608,0.4444102995381562
25760,LOF,0.01224792984673478,0.23019911068347873,0.7575529594697864
25761,GOF,0.27237693467673396,0.6298336074819781,0.09778945784128794
25762,LOF,0.03460795106143292,0.2717035015135374,0.6936885474250296
25763,LOF,0.012905917086737728,0.18995307438993947,0.7971410085233229
25764,GOF,0.07643986286589043,0.6140152461561411,0.30954489097796845
25765,GOF,0.03923830230480791,0.751003680290107,0.20975801740508512
25766,GOF,0.06270141340510148,0.7692548342040182,0.16804375239088043
25767,GOF,0.16431934106119905,0.45832686782743803,0.37735379111136286
25768,LOF,0.0863854405585253,0.06621151089817996,0.8474030485432946
25769,LOF,0.0661369477207258,0.06391762322860868,0.8699454290506654
25770,LOF,0.2941541007778383,0.08610325457838107,0.6197426446437806
25771,LOF,0.04187785704992751,0.04619051890365968,0.9119316240464127
25772,LOF,0.016236774830036167,0.034404272440539285,0.9493589527294246
25773,LOF,0.04505829795240436,0.08486204291816388,0.8700796591294319
25774,LOF,0.02814172523416001,0.07246440777801698,0.8993938669878231
25775,LOF,0.045509288343882445,0.04749767733383835,0.9069930343222791
25776,LOF,0.07280800467481699,0.027112354568994634,0.9000796407561884
25777,LOF,0.3340556461423362,0.05164679963247829,0.6142975542251855
25778,LOF,0.06356954677206636,0.049994553514371945,0.8864358997135617
25779,GOF,0.3647543427166655,0.5899385999586181,0.04530705732471649
25780,GOF,0.2866588859255076,0.6427240650936432,0.07061704898084921
25781,GOF,0.14993049249098359,0.7416357435339818,0.10843376397503458
25782,GOF,0.20725113306743387,0.7231346642342596,0.0696142026983065
25783,GOF,0.02768804713139663,0.636341847726979,0.33597010514162445
25784,GOF,0.4754675662886828,0.4823596593419722,0.042172774369344905
25785,GOF,0.4243209983624649,0.5328494562089287,0.04282954542860656
25786,GOF,0.022874049841312066,0.7633016725661206,0.2138242775925674
25787,Neutral,0.6316615261019664,0.34425016334738173,0.02408831055065184
25788,LOF,0.047949821807862204,0.1122092336198116,0.8398409445723263
25789,GOF,0.17684037203190342,0.6745054606363703,0.1486541673317263
25790,GOF,0.22779130338464548,0.6696785124805645,0.10253018413479008
25791,GOF,0.15107559901738368,0.6592755812750699,0.18964881970754652
25792,GOF,0.3277524175973939,0.5333815781029417,0.1388660042996644
25793,GOF,0.2540125388820874,0.5508507852686487,0.19513667584926386
25794,GOF,0.2808349417569149,0.5259253928831854,0.19323966535989962
25795,GOF,0.07352537693085141,0.7041836851585631,0.22229093791058555
25796,Neutral,0.5115562856551513,0.40480001667150656,0.08364369767334222
25797,GOF,0.08421753317661097,0.5598745488915895,0.3559079179317995
25798,GOF,0.009183328273178316,0.519128334253569,0.4716883374732528
25799,LOF,0.006800064489658616,0.39470686927142007,0.5984930662389213
25800,GOF,0.03345734832732304,0.5918642534978404,0.37467839817483645
25801,GOF,0.18290236186977935,0.6781646597029328,0.13893297842728783
25802,GOF,0.06944539666006681,0.6803203591003415,0.2502342442395916
25803,GOF,0.034293233470135555,0.5744466209926425,0.3912601455372219
25804,LOF,0.03183783456335187,0.48043515444802476,0.4877270109886235
25805,GOF,0.10020537207918419,0.5935840583033144,0.3062105696175014
25806,GOF,0.08446654111528208,0.5912662932842615,0.3242671656004564
25807,GOF,0.01843834277889542,0.6226257463971177,0.3589359108239869
25808,GOF,0.07113304088714115,0.6321415966119118,0.29672536250094705
25809,GOF,0.016864695400237707,0.5728498805421534,0.410285424057609
25810,GOF,0.015703098382234413,0.6158143582215861,0.3684825433961795
25811,GOF,0.4274454537394425,0.4923257288436575,0.08022881741689998
25812,GOF,0.030386258558127627,0.6223051934570145,0.34730854798485794
25813,Neutral,0.4946326945204271,0.4000907298178098,0.10527657566176304
25814,GOF,0.10904825155602586,0.6303962567888312,0.260555491655143
25815,GOF,0.17375480428345721,0.6272936182988554,0.19895157741768738
25816,GOF,0.023787979883071405,0.6991593820123143,0.2770526381046142
25817,GOF,0.23244808594100538,0.6266181260784525,0.1409337879805422
25818,GOF,0.0524140478638315,0.6614282445509152,0.28615770758525333
25819,GOF,0.33830355994325817,0.5109585620148699,0.15073787804187203
25820,GOF,0.18646212606140905,0.5878165783160334,0.2257212956225574
25821,GOF,0.06288617879967659,0.6472606424587177,0.2898531787416056
25822,GOF,0.19496228673835336,0.5674289959011524,0.23760871736049427
25823,GOF,0.03502620149508986,0.5221822106226954,0.4427915878822148
25824,GOF,0.08479058163852014,0.6102949904534478,0.304914427908032
25825,GOF,0.0382869129226423,0.5991659742021108,0.3625471128752469
25826,GOF,0.016775790951006984,0.5731460331562312,0.4100781758927618
25827,GOF,0.02380943507624175,0.5893511150255893,0.38683944989816876
25828,GOF,0.014085652098683545,0.506791525450113,0.4791228224512034
25829,GOF,0.006120929414840811,0.5620664262364956,0.4318126443486635
25830,LOF,0.03148522078801601,0.29475600035281263,0.6737587788591715
25831,GOF,0.21789459684731077,0.6492760511081962,0.13282935204449303
25832,GOF,0.026828615272920735,0.7181658234114393,0.2550055613156401
25833,GOF,0.10197649197875791,0.7350574665471783,0.1629660414740638
25834,GOF,0.02872736824675145,0.7191765089184355,0.252096122834813
25835,GOF,0.05826475901549304,0.7682753012499731,0.17345993973453394
25836,GOF,0.02724893542092806,0.6835578482999634,0.2891932162791086
25837,GOF,0.023125600518771817,0.6040113248257948,0.3728630746554334
25838,GOF,0.08413746074662373,0.7737605177758026,0.1421020214775737
25839,GOF,0.2939799932939359,0.5687800021662479,0.13724000453981622
25840,GOF,0.25431224420513104,0.6017471881844005,0.14394056761046836
25841,GOF,0.23658745359141717,0.6235251365982967,0.13988740981028616
25842,GOF,0.134020821410853,0.7348263440501062,0.13115283453904095
25843,GOF,0.20211466899601319,0.7035119952692723,0.09437333573471444
25844,GOF,0.05718611776849445,0.7246303786234309,0.21818350360807456
25845,LOF,0.014379207282813809,0.49251704486104286,0.4931037478561433
25846,GOF,0.12088897867956026,0.7352617076913595,0.1438493136290804
25847,GOF,0.0979205310112766,0.7847061630143929,0.11737330597433046
25848,GOF,0.03343646590331306,0.7105375990440087,0.2560259350526783
25849,GOF,0.009657373733702674,0.5962870349618276,0.3940555913044698
25850,GOF,0.018636546624258683,0.6562158558649573,0.325147597510784
25851,GOF,0.015034234395537303,0.5420633341491571,0.4429024314553056
25852,GOF,0.16865438529908058,0.5471653844697574,0.28418023023116196
25853,GOF,0.34748517350198066,0.5750124445629134,0.07750238193510596
25854,GOF,0.020874091460901644,0.6305159945317226,0.3486099140073758
25855,GOF,0.03472304146091864,0.5581650016603539,0.4071119568787276
25856,GOF,0.22521768094957226,0.546169635119688,0.22861268393073975
25857,GOF,0.035941269797480226,0.49946524595776326,0.4645934842447565
25858,GOF,0.01980092517980473,0.5204642624763571,0.45973481234383823
25859,GOF,0.010529730914344467,0.5002438183439419,0.48922645074171356
25860,GOF,0.3421912153342312,0.5674408763578553,0.09036790830791362
25861,GOF,0.41680202548054057,0.5071633434083033,0.07603463111115608
25862,GOF,0.07575741796366924,0.7704717634514253,0.15377081858490552
25863,GOF,0.07527290642675971,0.7770966717056486,0.14763042186759176
25864,GOF,0.20297215563534754,0.720688864484412,0.07633897988024055
25865,GOF,0.0860139039634933,0.7998377122530939,0.11414838378341279
25866,GOF,0.05349178453963507,0.77833817912986,0.16817003633050487
25867,GOF,0.079627057555229,0.814147116108832,0.10622582633593917
25868,GOF,0.23172301757475117,0.6699920143342405,0.0982849680910083
25869,Neutral,0.7066742511914249,0.24771473406106687,0.04561101474750837
25870,GOF,0.27594211880948494,0.4267623579690433,0.2972955232214717
25871,GOF,0.21853587649693146,0.6454658932883126,0.13599823021475596
25872,GOF,0.07613468172393704,0.6497408085823677,0.2741245096936953
25873,GOF,0.10143382169508601,0.706803040445068,0.1917631378598459
25874,LOF,0.014429020945840544,0.12097018053374711,0.8646007985204123
25875,LOF,0.0857966612830735,0.04317376340772352,0.8710295753092031
25876,LOF,0.035473795225994115,0.030204187893935613,0.9343220168800703
25877,Neutral,0.5072525799521157,0.04191903296037343,0.45082838708751083
25878,LOF,0.2049840340986374,0.09668380387362298,0.6983321620277395
25879,LOF,0.08760334617064355,0.09221882465653262,0.8201778291728239
25880,LOF,0.042310275956995234,0.015524579021211158,0.9421651450217935
25881,LOF,0.15242500074150242,0.11974270473036286,0.7278322945281346
25882,LOF,0.061060183781570285,0.015418197593852226,0.9235216186245775
25883,LOF,0.0649606287168482,0.018106427083952967,0.9169329441991989
25884,LOF,0.029825516056290535,0.02776007445231375,0.9424144094913958
25885,LOF,0.056170835441769734,0.010141593376570654,0.9336875711816596
25886,LOF,0.24742305988590155,0.0365200772714618,0.7160568628426367
25887,LOF,0.15078560715565031,0.06014624313500319,0.7890681497093465
25888,LOF,0.06581858269180432,0.055644726797777204,0.8785366905104185
25889,LOF,0.03949630241526251,0.01887191615040904,0.9416317814343285
25890,LOF,0.054357499685002406,0.15057118302278283,0.7950713172922149
25891,LOF,0.039914035821262864,0.05485878258298454,0.9052271815957527
25892,LOF,0.08275924054458916,0.0234179063572904,0.8938228530981204
25893,LOF,0.23539440862622377,0.01956844456137427,0.745037146812402
25894,LOF,0.16560692211544875,0.011342641010820243,0.823050436873731
25895,LOF,0.19303044499937935,0.021146612794023252,0.7858229422065975
25896,LOF,0.049507179226237596,0.02067939375047734,0.9298134270232852
25897,LOF,0.2528771122346025,0.013446828694850333,0.7336760590705471
25898,Neutral,0.7182190791292625,0.010277052358815607,0.2715038685119218
25899,LOF,0.20180641158879953,0.023448759688204722,0.7747448287229959
25900,LOF,0.4410866249620615,0.011577839159897973,0.5473355358780405
25901,LOF,0.04725533342845476,0.011372872936040442,0.9413717936355047
25902,LOF,0.1530570528146257,0.013448140785219448,0.8334948064001549
25903,Neutral,0.5483277078931252,0.030014101831165214,0.42165819027570944
25904,LOF,0.3001689320741973,0.041739400332827754,0.6580916675929749
25905,LOF,0.024171496924898436,0.344834220246441,0.6309942828286605
25906,LOF,0.02921227246320007,0.07960356318561808,0.8911841643511819
25907,LOF,0.012915444797197606,0.3480569633426093,0.639027591860193
25908,LOF,0.009610369608157658,0.27452169268108123,0.7158679377107612
25909,LOF,0.013041974598437908,0.1346745827626555,0.8522834426389065
25910,LOF,0.0457775648303294,0.1501094516198088,0.8041129835498617
25911,LOF,0.18126476731808885,0.02899722916000766,0.7897380035219035
25912,LOF,0.043864570911117076,0.05899014943900491,0.897145279649878
25913,LOF,0.3628716929500903,0.025682292833593336,0.6114460142163164
25914,LOF,0.021340793477583934,0.04986065198533901,0.928798554537077
25915,Neutral,0.6037284787357917,0.13895599046493834,0.25731553079926983
25916,LOF,0.08703891898524192,0.18689822790092664,0.7260628531138315
25917,LOF,0.06756106525452814,0.035198990409475744,0.8972399443359961
25918,LOF,0.022605531537904962,0.028779358430783858,0.9486151100313112
25919,LOF,0.020291291907083717,0.030276380579473277,0.9494323275134431
25920,GOF,0.10868481514151397,0.5057195242719503,0.38559566058653555
25921,LOF,0.026617926158446922,0.04022317037491568,0.9331589034666374
25922,LOF,0.03544094666049304,0.028189142947421583,0.9363699103920854
25923,Neutral,0.49652856459773176,0.035426730740333534,0.46804470466193465
25924,LOF,0.037840431964727285,0.04696432125181929,0.9151952467834534
25925,LOF,0.07460584022380393,0.04028696868781898,0.8851071910883771
25926,LOF,0.05330901832185594,0.03544262664424745,0.9112483550338966
25927,LOF,0.05751631151420063,0.13036461429906404,0.8121190741867353
25928,LOF,0.01832452915656301,0.053876902623572455,0.9277985682198645
25929,Neutral,0.6095386795449058,0.03821246303658657,0.35224885741850775
25930,LOF,0.07332511629485439,0.03171881710952429,0.8949560665956214
25931,LOF,0.025217154540899248,0.033826487820685626,0.940956357638415
25932,LOF,0.02905345476810601,0.027431706890657864,0.9435148383412362
25933,LOF,0.04075086694169951,0.01822065593027562,0.9410284771280248
25934,LOF,0.025082354626403246,0.020114977090108076,0.9548026682834888
25935,LOF,0.06629151418944935,0.05111969949456002,0.8825887863159906
25936,LOF,0.044339103675085506,0.023735218970581628,0.9319256773543328
25937,LOF,0.02626884194139263,0.04002424048363523,0.933706917574972
25938,LOF,0.06907876236228734,0.056462153510304085,0.8744590841274087
25939,LOF,0.04415101853413185,0.020901729826654895,0.9349472516392132
25940,LOF,0.03656379499958218,0.3231423906073776,0.6402938143930403
25941,LOF,0.1750868406155447,0.09374466942885538,0.7311684899555998
25942,LOF,0.012934102410244782,0.033463143079473005,0.9536027545102821
25943,LOF,0.2906166537913912,0.06031161285985975,0.649071733348749
25944,LOF,0.47563569411604506,0.023169978708271925,0.5011943271756829
25945,LOF,0.07191619675016075,0.0189694310293841,0.9091143722204551
25946,LOF,0.03288136717009321,0.10709382645406833,0.8600248063758386
25947,LOF,0.11357597484434293,0.1711978193136727,0.7152262058419844
25948,LOF,0.376126157980498,0.008184614235473403,0.6156892277840286
25949,LOF,0.12217074925764276,0.03340071331312334,0.8444285374292338
25950,Neutral,0.3568688323060925,0.3274675552249161,0.3156636124689915
25951,LOF,0.19855010827362135,0.2564600292740837,0.544989862452295
25952,LOF,0.050352561926003896,0.46176615057732856,0.48788128749666737
25953,LOF,0.1507554662061797,0.10805637861003389,0.7411881551837864
25954,Neutral,0.44365874201463573,0.18899271588525474,0.36734854210010953
25955,LOF,0.07337987138290598,0.07243542196550243,0.8541847066515915
25956,LOF,0.1543095706968097,0.11920215101121016,0.7264882782919801
25957,LOF,0.03465733729437379,0.02650740827224537,0.9388352544333808
25958,LOF,0.053429552849952926,0.026476151581019326,0.9200942955690279
25959,LOF,0.06797086351933716,0.304351130954378,0.6276780055262848
25960,LOF,0.015073351062839092,0.05175406503816506,0.9331725838989958
25961,LOF,0.04024726930615185,0.026321141520267786,0.9334315891735804
25962,LOF,0.05940690761786838,0.030418511870172443,0.9101745805119592
25963,LOF,0.04803249452218755,0.19248551908215356,0.7594819863956589
25964,LOF,0.03203226860363161,0.1647906525794273,0.803177078816941
25965,LOF,0.40229253603518733,0.0696800920707687,0.528027371894044
25966,Neutral,0.5174996885590132,0.21112669310404084,0.27137361833694607
25967,LOF,0.016075134801454814,0.11011115657018905,0.8738137086283561
25968,LOF,0.03214572616898611,0.3984688647853864,0.5693854090456274
25969,LOF,0.035726611149256356,0.06395018060465484,0.9003232082460887
25970,LOF,0.05824590458559182,0.055797464265463496,0.8859566311489446
25971,LOF,0.06842614556921915,0.019031416690536346,0.9125424377402445
25972,LOF,0.06671303758371248,0.029028233365106314,0.9042587290511813
25973,LOF,0.07464042840295146,0.01015478019289148,0.9152047914041571
25974,LOF,0.1962386657797542,0.014752691056305448,0.7890086431639404
25975,LOF,0.04514389872996416,0.030804518603085418,0.9240515826669504
25976,LOF,0.043455504844206946,0.015271349090964547,0.9412731460648285
25977,LOF,0.14599623479677232,0.08052267543064942,0.7734810897725782
25978,LOF,0.14622586234580287,0.10134610467258472,0.7524280329816124
25979,LOF,0.12854161977676878,0.1073151236451599,0.7641432565780714
25980,LOF,0.2161637578554838,0.1288608179524386,0.6549754241920777
25981,LOF,0.24574597489091313,0.12683520451102862,0.6274188205980583
25982,LOF,0.3994866404338576,0.08551277317029558,0.5150005863958468
25983,LOF,0.3775181694429903,0.09572920906002781,0.5267526214969819
25984,LOF,0.047711781080615516,0.048148417490790796,0.9041398014285936
25985,LOF,0.0340136558577942,0.2952865723820644,0.6706997717601414
25986,LOF,0.04381019590089568,0.3314659331182056,0.6247238709808987
25987,LOF,0.08430450670192147,0.06741788310008749,0.848277610197991
25988,LOF,0.15639582680825448,0.057919567796135635,0.7856846053956099
25989,LOF,0.03552235398324499,0.1132228655548113,0.8512547804619436
25990,LOF,0.041050452873605314,0.1636137435117474,0.7953358036146473
25991,LOF,0.12726467026525978,0.2563800868405195,0.6163552428942207
25992,LOF,0.282657900476186,0.1525147389199427,0.5648273606038713
25993,LOF,0.02258837399826512,0.07827599538758384,0.8991356306141511
25994,LOF,0.01803059660561892,0.09172635425562967,0.8902430491387514
25995,LOF,0.02377084453472443,0.19224343691511014,0.7839857185501655
25996,GOF,0.32971100676719933,0.40137623644170795,0.26891275679109267
25997,LOF,0.08193797559160937,0.3720200360119105,0.5460419883964802
25998,Neutral,0.5072992626817652,0.026729165971498776,0.465971571346736
25999,LOF,0.09085550218268405,0.1027889168082204,0.8063555810090955
26000,LOF,0.1322923711383163,0.0438236558302964,0.8238839730313874
26001,LOF,0.20394342198359186,0.048515155638310783,0.7475414223780974
26002,LOF,0.11464948927406943,0.04336973626629652,0.841980774459634
26003,GOF,0.010465960970670747,0.5959848871187324,0.39354915191059686
26004,GOF,0.022089685256394324,0.6941614973614402,0.28374881738216556
26005,LOF,0.0065181496799579085,0.4493409341126593,0.5441409162073828
26006,Neutral,0.4969833706641715,0.2618574930068851,0.2411591363289436
26007,GOF,0.02076767651488352,0.5220298958764944,0.45720242760862223
26008,GOF,0.018146599667489754,0.6058232109268225,0.3760301894056879
26009,GOF,0.019288148885211583,0.679188086898174,0.3015237642166143
26010,GOF,0.0223197383502214,0.6340340074981181,0.34364625415166045
26011,LOF,0.006800276618499674,0.4363729427584911,0.5568267806230092
26012,GOF,0.012658054153535013,0.5279254223721579,0.45941652347430717
26013,GOF,0.018549744478493856,0.614785091892525,0.3666651636289811
26014,LOF,0.04398894854037343,0.11002369966841188,0.8459873517912146
26015,LOF,0.13909380778052718,0.016562429042569472,0.8443437631769033
26016,LOF,0.18490017102248354,0.06338723292637753,0.751712596051139
26017,LOF,0.2127408192520932,0.0989253737692589,0.6883338069786479
26018,LOF,0.07907532395507887,0.04137903700529249,0.8795456390396287
26019,LOF,0.07557792963342916,0.032830660018670965,0.8915914103478998
26020,LOF,0.061239890984590074,0.10853889908916159,0.8302212099262484
26021,LOF,0.046291795607906604,0.11883937908388079,0.8348688253082127
26022,LOF,0.011400890023810787,0.04273365681634529,0.9458654531598438
26023,LOF,0.06611719800642336,0.025677957505799733,0.9082048444877769
26024,LOF,0.031183015989845863,0.11971697648041964,0.8491000075297345
26025,LOF,0.15199701051345413,0.09604211303525706,0.7519608764512887
26026,LOF,0.30278060934902606,0.02982704420638941,0.6673923464445846
26027,LOF,0.05869253035408555,0.020275927277245056,0.9210315423686694
26028,LOF,0.16297954522673855,0.06774204833749757,0.7692784064357638
26029,LOF,0.06822830214185213,0.15714082414247152,0.7746308737156764
26030,LOF,0.02176532330443248,0.035985091340549044,0.9422495853550183
26031,LOF,0.025166037722984317,0.11802077523926692,0.8568131870377487
26032,LOF,0.06516888803415286,0.056015982587265555,0.8788151293785815
26033,LOF,0.08660101434288069,0.055490945570019864,0.8579080400870994
26034,LOF,0.04255534808746904,0.13195929292549652,0.8254853589870345
26035,LOF,0.025235142285069703,0.12446688552741128,0.8502979721875191
26036,LOF,0.03620085032336604,0.1429291718390783,0.8208699778375557
26037,LOF,0.021429931429417057,0.10201421068305087,0.8765558578875321
26038,LOF,0.06130461029495655,0.056625633509518256,0.8820697561955253
26039,LOF,0.04657263342593193,0.12754839502747367,0.8258789715465945
26040,LOF,0.19633362750783673,0.10199967635112953,0.7016666961410337
26041,LOF,0.022294749769449625,0.09185680884028181,0.8858484413902685
26042,LOF,0.019936942775245076,0.08923129932633367,0.8908317578984214
26043,LOF,0.06233637928890716,0.06521473677027426,0.8724488839408185
26044,LOF,0.01860318440282018,0.04716651708388842,0.9342302985132914
26045,LOF,0.0709245649213841,0.08289474876362908,0.8461806863149868
26046,LOF,0.05805666463030363,0.055580773281868855,0.8863625620878275
26047,LOF,0.08018088740950664,0.058681040379825335,0.8611380722106681
26048,LOF,0.04324057010522997,0.03398396100750017,0.9227754688872699
26049,Neutral,0.9676567767496271,0.00570808014437164,0.026635143106001305
26050,Neutral,0.9518454516272521,0.007462273089533879,0.04069227528321399
26051,LOF,0.043496741742079646,0.2508369472479775,0.7056663110099429
26052,LOF,0.064576392710242,0.3038985761271741,0.631525031162584
26053,LOF,0.058846621193907316,0.146008046962888,0.7951453318432047
26054,LOF,0.05002161267648969,0.01774134611089328,0.932237041212617
26055,LOF,0.07016156925885829,0.015316413865288975,0.9145220168758527
26056,LOF,0.059097562389859054,0.01723504859919609,0.9236673890109448
26057,LOF,0.03218320688706881,0.011578477264558178,0.956238315848373
26058,LOF,0.03304644285685005,0.009922699945849581,0.9570308571973003
26059,LOF,0.28290169563763856,0.02171622014131517,0.6953820842210462
26060,LOF,0.03919693482162014,0.1814814268705616,0.7793216383078183
26061,LOF,0.014959686929269071,0.012758548317170456,0.9722817647535604
26062,LOF,0.009698011213799733,0.01866719411063177,0.9716347946755686
26063,LOF,0.02018944114591653,0.010241679187117077,0.9695688796669664
26064,LOF,0.018225296355804704,0.02405508168359558,0.9577196219605997
26065,LOF,0.024829244190509907,0.011100801868958605,0.9640699539405315
26066,LOF,0.020739212028019635,0.010124282847723,0.9691365051242574
26067,LOF,0.027438565688950513,0.008432397543797213,0.9641290367672523
26068,LOF,0.04346102443090854,0.027419936000470272,0.9291190395686212
26069,LOF,0.266427378950239,0.01799592300042117,0.7155766980493399
26070,LOF,0.3802067563643235,0.014455606093762735,0.6053376375419137
26071,LOF,0.019962247016892923,0.011416846300322083,0.968620906682785
26072,LOF,0.01651757585071601,0.019266890030523547,0.9642155341187605
26073,LOF,0.019628646407522845,0.010939203305561758,0.9694321502869154
26074,Neutral,0.9165023463192686,0.005650496703969854,0.07784715697676159
26075,LOF,0.04494658333097531,0.012641222119351214,0.9424121945496736
26076,LOF,0.035968366965789964,0.008913010698661614,0.9551186223355485
26077,LOF,0.0094747939313648,0.013881074832444024,0.9766441312361913
26078,LOF,0.014123215867574698,0.011692509444312512,0.9741842746881129
26079,LOF,0.0617181160291718,0.015135262824602595,0.9231466211462256
26080,LOF,0.0607572094602472,0.01516202675263441,0.9240807637871183
26081,LOF,0.03737162708826849,0.006873679543764429,0.955754693367967
26082,LOF,0.011793606494052856,0.013144630607024619,0.9750617628989225
26083,LOF,0.17398701673463435,0.013737923229611206,0.8122750600357544
26084,LOF,0.043443098412861696,0.011616567321968998,0.9449403342651692
26085,LOF,0.03968685816344718,0.011037678326283707,0.949275463510269
26086,LOF,0.02017653876888981,0.011064000378000026,0.9687594608531103
26087,LOF,0.024391416575414104,0.008740676760059806,0.9668679066645262
26088,LOF,0.01621790216976752,0.024405556782615582,0.9593765410476168
26089,LOF,0.042324741336727326,0.022314063660270028,0.9353611950030026
26090,LOF,0.04206335791746919,0.017875596973880404,0.9400610451086505
26091,LOF,0.032433166409943336,0.006329326287262203,0.9612375073027944
26092,LOF,0.02151794242367925,0.007858060521735877,0.9706239970545849
26093,LOF,0.0327035741785447,0.006418255909982687,0.9608781699114726
26094,LOF,0.034022232300891755,0.0060272534923874275,0.959950514206721
26095,LOF,0.037094663133176144,0.013688137947979673,0.9492171989188443
26096,LOF,0.0163566773519717,0.011372281081763162,0.9722710415662652
26097,LOF,0.012087279849815974,0.0394366275651064,0.9484760925850776
26098,LOF,0.07720334006467094,0.011468639637595616,0.9113280202977335
26099,LOF,0.02051670465111418,0.01203524142795364,0.9674480539209321
26100,LOF,0.022960398456030814,0.011701663581225614,0.9653379379627436
26101,LOF,0.0446797885287263,0.016667182078090915,0.9386530293931828
26102,LOF,0.020024349541011042,0.012195751718355468,0.9677798987406335
26103,Neutral,0.8748953627951964,0.017901697207499286,0.10720293999730426
26104,LOF,0.07840668059179404,0.023484286115716384,0.8981090332924895
26105,LOF,0.18126632460960052,0.2954392895637613,0.5232943858266382
26106,LOF,0.1736761872099855,0.1314470156384408,0.6948767971515737
26107,LOF,0.218832267406862,0.08668245071108344,0.6944852818820545
26108,LOF,0.23371265859486376,0.09563506885500209,0.6706522725501342
26109,LOF,0.09814898592973487,0.05755570378514746,0.8442953102851176
26110,LOF,0.20165442757945085,0.00615225366243458,0.7921933187581146
26111,Neutral,0.5087334125421646,0.023289481596423953,0.46797710586141145
26112,LOF,0.03435780007006686,0.0062203878639990814,0.959421812065934
26113,LOF,0.06189770206770718,0.01409615827932155,0.9240061396529713
26114,LOF,0.02649840779777487,0.02693717753136994,0.9465644146708551
26115,LOF,0.09090017134447566,0.053733756204504934,0.8553660724510195
26116,LOF,0.06324820351887843,0.058421872471498514,0.8783299240096231
26117,LOF,0.4596653614352551,0.03729847956787122,0.5030361589968737
26118,LOF,0.03245223496327485,0.02305816545552282,0.9444895995812023
26119,LOF,0.023915985183253254,0.04173019675715903,0.9343538180595877
26120,LOF,0.024758864224807206,0.018972854861456914,0.9562682809137358
26121,LOF,0.0374473415424305,0.07876722274881882,0.8837854357087507
