feature0,prediction,LoGoFunc_Neutral,LoGoFunc_GOF,LoGoFunc_LOF
25546,Neutral,0.6656988478047924,0.05327408621930952,0.28102706597589805
25547,Neutral,0.5009600583185841,0.10001327700356895,0.3990266646778469
25548,Neutral,0.496252148942293,0.08136829480448557,0.42237955625322143
25549,LOF,0.4243997147132205,0.08260433834108617,0.49299594694569326
25550,LOF,0.3671792484331834,0.12330570070801873,0.5095150508587979
25551,LOF,0.3185865810461231,0.1311847581064836,0.5502286608473934
25552,LOF,0.252576141878181,0.12570248968981845,0.6217213684320005
25553,Neutral,0.8148041130032256,0.04205768273484661,0.14313820426192775
25554,LOF,0.303733519425533,0.11536567602238168,0.5809008045520853
25555,LOF,0.24577867406908996,0.11055917810971777,0.6436621478211922
25556,Neutral,0.45932065148921475,0.09617426764716155,0.44450508086362367
25557,LOF,0.23060394413254212,0.11392429646613053,0.6554717594013274
25558,LOF,0.29953286764064235,0.11333032040602127,0.5871368119533364
25559,LOF,0.2005905306106293,0.11883737621212691,0.6805720931772438
25560,LOF,0.17325942176450534,0.08585619242900837,0.7408843858064864
25561,LOF,0.1641968923143127,0.09707047555453835,0.738732632131149
25562,LOF,0.0719077883781017,0.07335085813556204,0.8547413534863363
25563,LOF,0.0211405800044957,0.10484392655941814,0.8740154934360862
25564,LOF,0.2069947340989557,0.10182298604628508,0.6911822798547593
25565,LOF,0.23721347414128868,0.1328642161513757,0.6299223097073356
25566,GOF,0.0935715601779908,0.7028319937119005,0.20359644611010871
25567,LOF,0.03814740099645676,0.12423507408204702,0.8376175249214962
25568,LOF,0.06130355609802514,0.06933545880187492,0.8693609851001001
25569,LOF,0.05867907134691032,0.07014045440844718,0.8711804742446425
25570,LOF,0.0272286938836614,0.09742091842352812,0.8753503876928105
25571,LOF,0.02724108936491379,0.10323652654173174,0.8695223840933546
25572,LOF,0.06034484389825779,0.11717445408327763,0.8224807020184646
25573,LOF,0.05779965604370602,0.08464691254940658,0.8575534314068873
25574,LOF,0.057046831448687184,0.18549809088725092,0.757455077664062
25575,LOF,0.022543189613543714,0.11630177125008848,0.8611550391363678
25576,LOF,0.03535804240406305,0.14806444914646535,0.8165775084494715
25577,LOF,0.03168296092834031,0.10536609614296893,0.8629509429286907
25578,LOF,0.30425932640674586,0.07735896150934105,0.6183817120839132
25579,LOF,0.14060091138220182,0.08364283337219099,0.7757562552456072
25580,LOF,0.019896684915387094,0.07707254944748468,0.9030307656371284
25581,LOF,0.05605758734021601,0.06455585805682659,0.8793865546029574
25582,LOF,0.05603696017661478,0.06380251846633736,0.8801605213570479
25583,LOF,0.020928268744462887,0.07949120308990823,0.8995805281656288
25584,Neutral,0.6616657548086676,0.10155237859302153,0.23678186659831083
25585,LOF,0.03413617354204362,0.11892922972165115,0.8469345967363052
25586,LOF,0.01792631297247319,0.0656532425331503,0.9164204444943765
25587,LOF,0.017479484788070283,0.061239218785584186,0.9212812964263455
25588,LOF,0.020550223013316295,0.07057728284122393,0.9088724941454598
25589,Neutral,0.5013209319378544,0.17579623676320355,0.32288283129894196
25590,LOF,0.052131681026494056,0.10307155230870385,0.8447967666648021
25591,LOF,0.09371772096543997,0.05520350095663368,0.8510787780779263
25592,LOF,0.054180577803068,0.1260383172270637,0.8197811049698683
25593,LOF,0.14501362766864084,0.2458128858548096,0.6091734864765496
25594,LOF,0.04973235092066571,0.11989200820086907,0.8303756408784652
25595,LOF,0.04939573684786279,0.0811632195820823,0.8694410435700549
25596,LOF,0.10505808608623267,0.04423240259864797,0.8507095113151194
25597,LOF,0.08151022749266146,0.05411691893208833,0.8643728535752502
25598,LOF,0.04901011154356854,0.0841645860603957,0.8668253023960357
25599,GOF,0.021160424607634787,0.5380041650217122,0.44083541037065294
25600,GOF,0.17139031162105117,0.4998975296806368,0.32871215869831194
25601,LOF,0.03929448976689442,0.40317287804816526,0.5575326321849403
25602,LOF,0.0323075942262993,0.05152990564786172,0.9161625001258389
25603,LOF,0.03729258524644265,0.02875354141344372,0.9339538733401137
25604,LOF,0.036165190442732184,0.06000819904902706,0.9038266105082408
25605,LOF,0.04067327766456983,0.16937741112106736,0.7899493112143628
25606,LOF,0.4424789457438154,0.10522333092060053,0.45229772333558405
25607,LOF,0.024722075284005707,0.17681092771705714,0.7984669969989371
25608,LOF,0.03535004713593428,0.07541417067227746,0.8892357821917882
25609,GOF,0.13453254804333387,0.5311794064287387,0.33428804552792746
25610,LOF,0.01593350976798023,0.025242087945315055,0.9588244022867047
25611,LOF,0.015103367694197005,0.029440574772076667,0.9554560575337262
25612,LOF,0.05087037400409662,0.03951029069967659,0.9096193352962268
25613,LOF,0.048749879833421744,0.03725233456492015,0.9139977856016582
25614,LOF,0.02130913678207412,0.02348760253840789,0.955203260679518
25615,LOF,0.04621780319251254,0.03414758877086541,0.919634608036622
25616,LOF,0.049658426603299805,0.024197007135789435,0.9261445662609108
25617,LOF,0.044479983589765903,0.030793040740315514,0.9247269756699186
25618,LOF,0.050722943114271314,0.030113143427117357,0.9191639134586114
25619,LOF,0.015510522374460618,0.028358055698476825,0.9561314219270627
25620,LOF,0.06329933762196022,0.034548308623573984,0.9021523537544659
25621,LOF,0.05250648075211793,0.03073595918193749,0.9167575600659447
25622,LOF,0.06155402147118827,0.02794350224181341,0.9105024762869983
25623,LOF,0.06998501558308379,0.025281131892166516,0.9047338525247497
25624,LOF,0.01902197879406381,0.03141670479753206,0.9495613164084041
25625,LOF,0.06592260007638638,0.03532238175317779,0.8987550181704358
25626,LOF,0.04842109635289906,0.03506571379452474,0.9165131898525761
25627,Neutral,0.8950235405857249,0.02036980428895492,0.08460665512532016
25628,LOF,0.1330861065907162,0.052861277994363846,0.8140526154149198
25629,LOF,0.0625757692971735,0.038254437339306224,0.8991697933635202
25630,LOF,0.2679078869172938,0.06748128492871171,0.6646108281539945
25631,Neutral,0.5524003312361269,0.05570548220883014,0.39189418655504293
25632,LOF,0.02712276101508336,0.06412667977355374,0.9087505592113629
25633,LOF,0.1962413056630086,0.03693910915937634,0.7668195851776151
25634,LOF,0.034894913608423214,0.07983365832173273,0.885271428069844
25635,LOF,0.036268267592942716,0.047285582760199896,0.9164461496468573
25636,LOF,0.03876207574214699,0.4454422717969689,0.5157956524608841
25637,LOF,0.06713922355484468,0.45621309272512006,0.4766476837200354
25638,LOF,0.040295298125250165,0.2905919336869336,0.6691127681878163
25639,LOF,0.035372485407219934,0.33482584885207745,0.6298016657407025
25640,Neutral,0.8273720876622169,0.1273269049914887,0.045301007346294414
25641,LOF,0.04828530784585193,0.4362490426312579,0.5154656495228902
25642,LOF,0.04249222177904124,0.14334039987136052,0.8141673783495982
25643,LOF,0.19509838076806646,0.1604436395871642,0.6444579796447694
25644,LOF,0.020961990131009172,0.4728148487029606,0.5062231611660302
25645,LOF,0.020063393294864593,0.43050756729082645,0.549429039414309
25646,LOF,0.04812145075477649,0.3501513175772203,0.6017272316680032
25647,LOF,0.02142506935282677,0.2660883225616281,0.712486608085545
25648,LOF,0.02986880529882259,0.24202779528321264,0.7281033994179648
25649,LOF,0.016109917306851275,0.2481450170540266,0.7357450656391222
25650,LOF,0.050566020707239125,0.4186406603201264,0.5307933189726345
25651,LOF,0.016566930602958083,0.27034845578489186,0.71308461361215
25652,LOF,0.028035931176104884,0.27445567684452193,0.6975083919793731
25653,LOF,0.07706258438400734,0.41276464159773124,0.5101727740182614
25654,LOF,0.022999128685561167,0.20321204148838679,0.773788829826052
25655,LOF,0.2029400934378021,0.3889641272316583,0.40809577933053964
25656,LOF,0.29768408936756335,0.04366240198581713,0.6586535086466194
25657,LOF,0.08317047759985839,0.054057042290641726,0.8627724801094998
25658,LOF,0.4010442201351839,0.04835879464655587,0.5505969852182602
25659,Neutral,0.5488572659694579,0.07521806930944809,0.37592466472109404
25660,LOF,0.025150107057487128,0.07604758729280171,0.8988023056497112
25661,LOF,0.09655283395326822,0.05294954165483068,0.850497624391901
25662,LOF,0.031671885629776714,0.029536106919398678,0.9387920074508247
25663,LOF,0.03910108369261141,0.04223933937293701,0.9186595769344515
25664,LOF,0.1370919904242199,0.05224192651948058,0.8106660830562994
25665,LOF,0.05226949950971611,0.029231641927061566,0.9184988585632223
25666,LOF,0.0865045173863549,0.06884684670445115,0.8446486359091939
25667,LOF,0.0668289481464211,0.03649438638912679,0.8966766654644521
25668,LOF,0.03666245508380627,0.042426073031701914,0.9209114718844917
25669,LOF,0.03256492807220637,0.05139741697073838,0.9160376549570554
25670,LOF,0.14056292427266143,0.0473497817488894,0.8120872939784493
25671,LOF,0.0977436484296952,0.029997305939050117,0.8722590456312547
25672,LOF,0.04984312507813941,0.03947836753308989,0.9106785073887708
25673,LOF,0.07951538430730877,0.03832488016331634,0.882159735529375
25674,LOF,0.06884649997730065,0.04716555716496871,0.8839879428577305
25675,LOF,0.11974734823993678,0.045980002851811023,0.8342726489082521
25676,LOF,0.017711502353715648,0.04766233989932215,0.9346261577469621
25677,LOF,0.024659931578937044,0.06043615986854214,0.9149039085525208
25678,LOF,0.1732187990051328,0.05331387961499361,0.7734673213798736
25679,LOF,0.12033332662030269,0.06999484380754614,0.8096718295721512
25680,LOF,0.029229557535484608,0.10481764729615732,0.8659527951683581
25681,LOF,0.047336796520181974,0.09630186290064481,0.8563613405791732
25682,LOF,0.14591302681025556,0.058929632856299076,0.7951573403334452
25683,LOF,0.11887957424564383,0.07734159520999849,0.8037788305443577
25684,LOF,0.041449892155314534,0.05891268810844556,0.89963741973624
25685,LOF,0.12663580181964393,0.04415059025362978,0.8292136079267263
25686,LOF,0.07115954452232205,0.08781420676874277,0.8410262487089352
25687,LOF,0.10932039233492889,0.08270144972804393,0.8079781579370272
25688,LOF,0.2978990274370366,0.0377509973468407,0.6643499752161226
25689,LOF,0.2212580777542155,0.044862136666604734,0.7338797855791798
25690,LOF,0.3670095720671781,0.031432567385843685,0.6015578605469782
25691,Neutral,0.7039371626436026,0.021257898497019777,0.27480493885937757
25692,LOF,0.29341984602933263,0.010329514290570082,0.6962506396800974
25693,LOF,0.041969778777317265,0.47474751911104074,0.48328270211164204
25694,LOF,0.12749132375296662,0.02157202166867318,0.8509366545783603
25695,LOF,0.12388688772696368,0.020387943708541783,0.8557251685644945
25696,LOF,0.13060605278061493,0.011047826678732343,0.8583461205406527
25697,LOF,0.12210766559688449,0.027792864087135355,0.8500994703159801
25698,LOF,0.33215297248431797,0.21940743511406519,0.44843959240161685
25699,LOF,0.4195530578529769,0.03806236396457682,0.5423845781824462
25700,LOF,0.05297776013581492,0.007898528118482321,0.9391237117457026
25701,LOF,0.16322334216046036,0.05052820046666286,0.7862484573728767
25702,GOF,0.17301286859576284,0.5508668186469864,0.27612031275725074
25703,LOF,0.01742069957371939,0.1587156359940886,0.8238636644321919
25704,LOF,0.049768173492695196,0.1198807597999793,0.8303510667073254
25705,LOF,0.05624166247941991,0.18574683246410062,0.7580115050564794
25706,LOF,0.10181087818686221,0.3436835893168214,0.5545055324963163
25707,LOF,0.08860368420294834,0.2775853626050943,0.6338109531919573
25708,LOF,0.029136503811202228,0.26209134619197455,0.7087721499968233
25709,LOF,0.05725792597414031,0.041156394632098615,0.9015856793937611
25710,LOF,0.011577911398264168,0.12711068691209754,0.8613114016896383
25711,LOF,0.018020740272675476,0.08694636403645145,0.8950328956908732
25712,LOF,0.013532086772427608,0.16777506279594964,0.8186928504316228
25713,LOF,0.018084862115348557,0.07602643407335205,0.9058887038112994
25714,LOF,0.06842312977361231,0.07722693403924981,0.8543499361871378
25715,LOF,0.010128584171897674,0.14149576819875412,0.8483756476293483
25716,LOF,0.013055278680557145,0.1058878135140347,0.881056907805408
25717,LOF,0.012882000631520488,0.07999515838810062,0.9071228409803789
25718,LOF,0.011094821734732837,0.1047689120380806,0.8841362662271864
25719,LOF,0.01715029586934043,0.08302657141501195,0.8998231327156475
25720,LOF,0.02095716658651118,0.06778249200286901,0.9112603414106198
25721,LOF,0.01460361967508124,0.10112398306793428,0.8842723972569844
25722,LOF,0.012526069331651766,0.12158721362926303,0.8658867170390853
25723,LOF,0.020743539199490502,0.04412029156083666,0.9351361692396729
25724,LOF,0.02250648726034137,0.08201880366663794,0.8954747090730206
25725,LOF,0.011339126319838067,0.07020754225636502,0.9184533314237969
25726,LOF,0.014073426394089764,0.08967961951291231,0.8962469540929979
25727,LOF,0.012307150442948427,0.07880254136017126,0.9088903081968803
25728,LOF,0.009320693720084993,0.10738499551162159,0.8832943107682933
25729,LOF,0.009578475402982633,0.10777919854033616,0.8826423260566812
25730,LOF,0.012913781865318873,0.07949537306034644,0.9075908450743346
25731,LOF,0.021556242834861034,0.10733230630376318,0.8711114508613758
25732,LOF,0.013938625778582086,0.08982797459251447,0.8962333996289034
25733,LOF,0.015150516359172484,0.07362719692338324,0.9112222867174443
25734,LOF,0.012547948209432966,0.12638090643728378,0.8610711453532832
25735,LOF,0.01236986695208266,0.08303406275038254,0.9045960702975347
25736,LOF,0.012512619425188077,0.11537159950988986,0.8721157810649222
25737,LOF,0.021086963232104423,0.07924592817896511,0.8996671085889304
25738,LOF,0.01217601018937539,0.11906671259628131,0.8687572772143434
25739,LOF,0.01872814796339536,0.0846828033706758,0.8965890486659289
25740,LOF,0.025087048413291214,0.10092847454030082,0.873984477046408
25741,LOF,0.01372123640822363,0.11007997472074804,0.8761987888710284
25742,LOF,0.1102585628035339,0.0784994889250438,0.8112419482714223
25743,LOF,0.03608214518791545,0.027027635127829897,0.9368902196842546
25744,Neutral,0.5949588945936625,0.18990890794513643,0.21513219746120096
25745,LOF,0.08418019290860378,0.058975796496568623,0.8568440105948276
25746,LOF,0.04347855739161198,0.07114099398607918,0.8853804486223089
25747,LOF,0.024130858717191877,0.035643370769806525,0.9402257705130016
25748,LOF,0.11610195224078809,0.050762042671624055,0.8331360050875879
25749,LOF,0.02846072329845945,0.06648333219627285,0.9050559445052677
25750,LOF,0.09041902247909188,0.0748834173378315,0.8346975601830766
25751,LOF,0.09894553425288759,0.05153209168684415,0.8495223740602683
25752,GOF,0.10457219721350483,0.655599443110742,0.23982835967575322
25753,LOF,0.01839733539995413,0.2837229449374927,0.6978797196625531
25754,GOF,0.009266992415516965,0.7616675017236044,0.22906550586087862
25755,LOF,0.022709310063632998,0.3873515211800015,0.5899391687563655
25756,LOF,0.03972121804375039,0.3822247909134806,0.578053991042769
25757,GOF,0.014116008040005039,0.8363779042529141,0.14950608770708074
25758,GOF,0.02786833659652084,0.8275283673358031,0.14460329606767605
25759,GOF,0.011621086857681933,0.5477104577922617,0.44066845535005633
25760,LOF,0.011314257734127168,0.24776703564809058,0.7409187066177824
25761,GOF,0.24607059742167556,0.6343565717653019,0.11957283081302267
25762,LOF,0.03464474091789844,0.265791225659984,0.6995640334221176
25763,LOF,0.011849033317359169,0.2072994471948708,0.7808515194877701
25764,GOF,0.0609307927926465,0.6412888812095511,0.2977803259978024
25765,GOF,0.04016354040805981,0.7461532294714355,0.21368323012050475
25766,GOF,0.050530516938568186,0.7703110942290264,0.1791583888324054
25767,GOF,0.17283726811228212,0.42590567702981075,0.4012570548579072
25768,LOF,0.0964453834238767,0.06632909189508242,0.8372255246810408
25769,LOF,0.06873341438234776,0.06937202157861116,0.861894564039041
25770,LOF,0.2722649415721786,0.08633741171156452,0.6413976467162568
25771,LOF,0.04148476068469261,0.048086259089521924,0.9104289802257853
25772,LOF,0.015572907573503887,0.032292646586264094,0.9521344458402321
25773,LOF,0.04376429405395034,0.0765583024315885,0.8796774035144611
25774,LOF,0.02716003700969719,0.07701004199886735,0.8958299209914354
25775,LOF,0.04797971935206795,0.04508479891840408,0.906935481729528
25776,LOF,0.0701185676190332,0.026407983021316635,0.9034734493596501
25777,LOF,0.31920770895423445,0.0506424159759504,0.6301498750698152
25778,LOF,0.06519579645269576,0.04979203185957696,0.8850121716877273
25779,GOF,0.35765900030257547,0.6026766278510999,0.03966437184632459
25780,GOF,0.2858201582587888,0.6511743062100954,0.06300553553111579
25781,GOF,0.12371284990050063,0.7747837098137286,0.1015034402857709
25782,GOF,0.1773131819854965,0.7572001451813584,0.06548667283314516
25783,GOF,0.02819046313381023,0.650068586950902,0.3217409499152879
25784,GOF,0.4680222677132636,0.491934392949655,0.04004333933708133
25785,GOF,0.4305803938030095,0.5290609799704085,0.040358626226581956
25786,GOF,0.024774715835393955,0.7585239079092218,0.21670137625538416
25787,Neutral,0.6209292211217672,0.3558940230046071,0.023176755873625648
25788,LOF,0.051035092666058046,0.11786219241506961,0.8311027149188724
25789,GOF,0.1793290854775012,0.6886103112926673,0.1320606032298316
25790,GOF,0.2080711060498474,0.6964519910596799,0.09547690289047275
25791,GOF,0.13935655279001388,0.6941814108156845,0.16646203639430152
25792,GOF,0.3129985306898726,0.5629701877818225,0.12403128152830481
25793,GOF,0.25935168222298005,0.54106605764482,0.19958226013220004
25794,GOF,0.2853719307037513,0.5485442195140987,0.16608384978215002
25795,GOF,0.06901938271971879,0.7269919904315497,0.20398862684873142
25796,Neutral,0.5321768879024649,0.3918511344633361,0.07597197763419906
25797,GOF,0.09193622949460317,0.5894954719802076,0.3185682985251892
25798,GOF,0.009509934766633012,0.5266603609328669,0.4638297043005001
25799,LOF,0.007065672486136435,0.4067667222604374,0.5861676052534261
25800,GOF,0.03181302475074003,0.6009235183210296,0.3672634569282303
25801,GOF,0.18875924392421092,0.687336455512856,0.12390430056293308
25802,GOF,0.07124063425231884,0.7069664319950827,0.2217929337525985
25803,GOF,0.03218499265629047,0.6003354126304826,0.367479594713227
25804,GOF,0.03115856732067621,0.5073590877881446,0.4614823448911791
25805,GOF,0.09159235597193109,0.6180421031505914,0.29036554087747757
25806,GOF,0.0927117100852605,0.6110340049867569,0.2962542849279826
25807,GOF,0.01946929610284861,0.6491423979181061,0.3313883059790453
25808,GOF,0.07680539767257476,0.6456914841438598,0.27750311818356554
25809,GOF,0.01601250876173916,0.5860217211164331,0.3979657701218277
25810,GOF,0.014553455841589428,0.6269493812550851,0.3584971629033253
25811,GOF,0.4284654958219913,0.492708585510885,0.07882591866712362
25812,GOF,0.02606103944578735,0.6424820112601459,0.3314569492940668
25813,Neutral,0.4843293253591601,0.42171824557585896,0.0939524290649809
25814,GOF,0.10068875907101636,0.6720675145050827,0.22724372642390095
25815,GOF,0.16968861000948599,0.6424160078484507,0.1878953821420634
25816,GOF,0.020810961974687462,0.7144948085326889,0.26469422949262367
25817,GOF,0.21715047487719882,0.6569210712558684,0.12592845386693283
25818,GOF,0.053402680241072295,0.6690067817448482,0.2775905380140796
25819,GOF,0.3427370758034581,0.5180325967901748,0.13923032740636712
25820,GOF,0.16149118533785795,0.629753719457452,0.2087550952046901
25821,GOF,0.05050145155134685,0.6799784996248426,0.26952004882381064
25822,GOF,0.20303628288032258,0.5819895298653509,0.2149741872543266
25823,GOF,0.031197135348820834,0.5445074587263564,0.4242954059248228
25824,GOF,0.08488202223453342,0.6344359130427292,0.2806820647227374
25825,GOF,0.0341811934866357,0.6315351402559958,0.3342836662573686
25826,GOF,0.01538968803578956,0.5904692086076784,0.3941411033565321
25827,GOF,0.023905644424941842,0.625568558659661,0.3505257969153971
25828,GOF,0.014098342742028376,0.5472729089198315,0.43862874833814003
25829,GOF,0.005651388633526062,0.5867142527096879,0.4076343586567861
25830,LOF,0.03256554892413168,0.31643392486189126,0.651000526213977
25831,GOF,0.20788361141196435,0.6868946794747218,0.10522170911331385
25832,GOF,0.02982660096998866,0.7169222830305111,0.2532511159995003
25833,GOF,0.11420483975789672,0.7379766978012233,0.1478184624408799
25834,GOF,0.03144847559238772,0.742084925282352,0.22646659912526027
25835,GOF,0.0631296766478081,0.7888264266703966,0.14804389668179518
25836,GOF,0.03219251075260695,0.7078646245459879,0.2599428647014053
25837,GOF,0.02790030609450738,0.6249805877463647,0.34711910615912794
25838,GOF,0.09718408683382537,0.7787379045496181,0.1240780086165565
25839,GOF,0.28246917597315035,0.6057133884224414,0.11181743560440828
25840,GOF,0.25292710125988827,0.6253485142048543,0.12172438453525744
25841,GOF,0.23202215704543308,0.642774912668436,0.12520293028613097
25842,GOF,0.1360589066386155,0.7520785347739618,0.11186255858742256
25843,GOF,0.19754450999083364,0.7165067411388348,0.08594874887033153
25844,GOF,0.060338173523041265,0.7472843429740887,0.19237748350287
25845,GOF,0.0156595167601314,0.5089630972218113,0.4753773860180571
25846,GOF,0.12228359618358581,0.7411019555537846,0.1366144482626296
25847,GOF,0.08819166644327799,0.8197629896392108,0.09204534391751115
25848,GOF,0.035032149145654105,0.7156082411183037,0.24935960973604218
25849,GOF,0.010427236886751732,0.6137128667585603,0.3758598963546879
25850,GOF,0.020735092974085968,0.6591672524564162,0.320097654569498
25851,GOF,0.01590940386525882,0.5378547112769483,0.4462358848577928
25852,GOF,0.16718641026302503,0.5712294633743535,0.26158412636262135
25853,GOF,0.33121355776018563,0.5998344372701151,0.06895200496969935
25854,GOF,0.02086002996291308,0.6272330758897544,0.3519068941473325
25855,GOF,0.03049869441148559,0.5690257854477779,0.40047552014073656
25856,GOF,0.23103713573544699,0.5624419664733381,0.20652089779121496
25857,GOF,0.03890544674975836,0.529245183526868,0.4318493697233738
25858,GOF,0.01877056082656379,0.5460935877302984,0.43513585144313793
25859,GOF,0.00985516284758621,0.5149091451567114,0.47523569199570237
25860,GOF,0.3384580986847206,0.5832962596736934,0.07824564164158605
25861,GOF,0.4028143414428184,0.5312862821044013,0.06589937645278023
25862,GOF,0.08081624005417289,0.7888032290804922,0.13038053086533488
25863,GOF,0.08061360413718417,0.7990183101432947,0.12036808571952118
25864,GOF,0.17482153361087271,0.7601871184277244,0.06499134796140288
25865,GOF,0.07629872087947767,0.8260911834739976,0.09761009564652483
25866,GOF,0.05156260610824722,0.7969438843667003,0.1514935095250526
25867,GOF,0.08146465173478164,0.8208878564341237,0.09764749183109474
25868,GOF,0.2538031701934879,0.6556171102731871,0.09057971953332498
25869,Neutral,0.7121046506628163,0.24518228222512617,0.04271306711205761
25870,GOF,0.2822815399682803,0.4290823763797217,0.28863608365199805
25871,GOF,0.2076009451546586,0.6731196711822164,0.1192793836631251
25872,GOF,0.07261083354021346,0.6579780477474744,0.26941111871231216
25873,GOF,0.10306418530487328,0.7232227852557809,0.17371302943934583
25874,LOF,0.013842084803562308,0.1253394291222808,0.8608184860741569
25875,LOF,0.0911054076635283,0.04113719861280203,0.8677573937236697
25876,LOF,0.03497485160973762,0.03030585727993871,0.9347192911103238
25877,Neutral,0.4931016443482433,0.04039965102485401,0.4664987046269028
25878,LOF,0.22322600469679574,0.09031371589700371,0.6864602794062006
25879,LOF,0.0897257716413861,0.08653143015810445,0.8237427982005094
25880,LOF,0.04225024118167429,0.014889788062978422,0.9428599707553473
25881,LOF,0.1690782184714685,0.11272286320310815,0.7181989183254234
25882,LOF,0.05885612317949544,0.016109158567876557,0.9250347182526281
25883,LOF,0.061798464518617396,0.017409665658821738,0.9207918698225608
25884,LOF,0.030673107796051292,0.025987360651444788,0.9433395315525039
25885,LOF,0.05970610474694889,0.011298784531194624,0.9289951107218565
25886,LOF,0.2630261131935031,0.03480527295418973,0.7021686138523071
25887,LOF,0.14423231071482664,0.06768019460339687,0.7880874946817765
25888,LOF,0.06650881679034962,0.05857699012861411,0.8749141930810362
25889,LOF,0.03777704354170171,0.01974521192803895,0.9424777445302593
25890,LOF,0.049225684711300545,0.15051423903094618,0.8002600762577533
25891,LOF,0.04003921125033563,0.05261736453771231,0.9073434242119521
25892,LOF,0.07959433392304131,0.02382287121530205,0.8965827948616566
25893,LOF,0.25157556802352476,0.018885391807524195,0.7295390401689511
25894,LOF,0.17820137348165507,0.010559907803196086,0.8112387187151487
25895,LOF,0.19390325975566935,0.02073809734346354,0.7853586429008671
25896,LOF,0.05403084981842512,0.022446955087937332,0.9235221950936376
25897,LOF,0.2644592822539561,0.012417266858757535,0.7231234508872865
25898,Neutral,0.7147857892991419,0.009454761580744464,0.27575944912011374
25899,LOF,0.2107233842282201,0.023906445590490297,0.7653701701812896
25900,LOF,0.4672696562175507,0.011638659834582881,0.5210916839478664
25901,LOF,0.045891036629990514,0.011329623185412184,0.9427793401845973
25902,LOF,0.152358597296066,0.013943159509463926,0.8336982431944701
25903,Neutral,0.5588371467813515,0.0279041879245244,0.413258665294124
25904,LOF,0.3147013941404932,0.04372103950883378,0.641577566350673
25905,LOF,0.026670921291194725,0.32682518395650734,0.646503894752298
25906,LOF,0.031125771154655552,0.07548407048125481,0.8933901583640896
25907,LOF,0.012964048090149087,0.337878212829513,0.6491577390803378
25908,LOF,0.009353239727623936,0.24858855237243227,0.7420582078999438
25909,LOF,0.012427480083619649,0.1268874273681448,0.8606850925482356
25910,LOF,0.05531611304907888,0.13621566423847703,0.8084682227124441
25911,LOF,0.1910755717006627,0.03186778219859143,0.7770566461007459
25912,LOF,0.046014206048373786,0.05641315699168532,0.8975726369599408
25913,LOF,0.33818270254738947,0.02523580804222171,0.6365814894103888
25914,LOF,0.021445811944277214,0.0499776259886509,0.9285765620670718
25915,Neutral,0.5996442371900754,0.14128962088933694,0.2590661419205876
25916,LOF,0.08097034044846325,0.19428620107368544,0.7247434584778513
25917,LOF,0.0622081777252015,0.04004375241461632,0.8977480698601822
25918,LOF,0.021380058440331553,0.02961019036803898,0.9490097511916294
25919,LOF,0.018449386466921187,0.03085443757587103,0.9506961759572077
25920,GOF,0.11381005879191047,0.5033985964713752,0.38279134473671433
25921,LOF,0.02314307956747066,0.03439073525353239,0.9424661851789969
25922,LOF,0.031036229452853382,0.025575406712220545,0.9433883638349261
25923,Neutral,0.4826256399536443,0.035104926244866365,0.4822694338014894
25924,LOF,0.03373761342063633,0.04342164369196851,0.9228407428873951
25925,LOF,0.06967090714936247,0.0392888990472205,0.8910401938034169
25926,LOF,0.04973462492226665,0.03521908819173285,0.9150462868860005
25927,LOF,0.05636930641512923,0.1291043386877374,0.8145263548971334
25928,LOF,0.017013849348574417,0.05486412075612658,0.9281220298952991
25929,Neutral,0.6008710906507374,0.03749629015996918,0.3616326191892933
25930,LOF,0.07179989898774142,0.03204416748256153,0.896155933529697
25931,LOF,0.024938039775349252,0.03136293242717985,0.9436990277974708
25932,LOF,0.027976834357130848,0.027597233794094334,0.9444259318487748
25933,LOF,0.03822963627893863,0.017813435413134005,0.9439569283079273
25934,LOF,0.023799811275032494,0.02006269603755161,0.9561374926874159
25935,LOF,0.06132551035251389,0.05271174964363655,0.8859627400038497
25936,LOF,0.042957807577414055,0.023352756848440726,0.9336894355741452
25937,LOF,0.025761363594109698,0.03583696331444917,0.9384016730914411
25938,LOF,0.0636491688345241,0.05420966044033162,0.8821411707251443
25939,LOF,0.04024765558927387,0.02108665421794905,0.9386656901927771
25940,LOF,0.03147658213429143,0.33467123034329976,0.6338521875224088
25941,LOF,0.18330311774991107,0.08946017136816739,0.7272367108819214
25942,LOF,0.012497062632172847,0.03239616296188895,0.9551067744059382
25943,LOF,0.3120765597476731,0.05465282381632162,0.6332706164360052
25944,Neutral,0.4967612842170627,0.019405536973326188,0.48383317880961124
25945,LOF,0.07162887124363099,0.019038078893516736,0.9093330498628523
25946,LOF,0.03473127108552935,0.10467666538415635,0.8605920635303143
25947,LOF,0.11030777984132548,0.1722140309595849,0.7174781891990897
25948,LOF,0.37026992666910774,0.006945235494569721,0.6227848378363225
25949,LOF,0.11695413432156178,0.03498077340304624,0.8480650922753921
25950,Neutral,0.34043823050540456,0.3400972999927039,0.31946446950189156
25951,LOF,0.1966056431448653,0.26228161190312826,0.5411127449520065
25952,LOF,0.04949221973847343,0.4631639815730908,0.4873437986884358
25953,LOF,0.17012801932311422,0.10942929890431506,0.7204426817725708
25954,Neutral,0.41119591641654746,0.20229429230443802,0.3865097912790146
25955,LOF,0.07627556827868756,0.08096506353849976,0.8427593681828126
25956,LOF,0.15849719004257404,0.12440411355708089,0.7170986964003451
25957,LOF,0.036655131482870265,0.028408556007304967,0.9349363125098247
25958,LOF,0.05315451799694184,0.024418258368460802,0.9224272236345974
25959,LOF,0.06480622311209065,0.32536991919784714,0.6098238576900623
25960,LOF,0.01529672793730724,0.0485352992160744,0.9361679728466183
25961,LOF,0.03975090779824454,0.023660304606556055,0.9365887875951993
25962,LOF,0.0525809991081183,0.024584374207296436,0.9228346266845854
25963,LOF,0.0500832413714171,0.20158184451791575,0.7483349141106672
25964,LOF,0.031125496225111543,0.15159499639033786,0.8172795073845506
25965,LOF,0.42938260268072065,0.06758240633980321,0.5030349909794761
25966,Neutral,0.509759273515628,0.18060989587642562,0.30963083060794633
25967,LOF,0.01486292208531288,0.10353577073030906,0.881601307184378
25968,LOF,0.034794417098658194,0.3778781046407746,0.5873274782605672
25969,LOF,0.03288016773051621,0.06044715481102698,0.9066726774584569
25970,LOF,0.060263308345354184,0.0590996696856962,0.8806370219689496
25971,LOF,0.06287913640154899,0.02018347114763605,0.916937392450815
25972,LOF,0.06333177387834067,0.031433397013681086,0.9052348291079783
25973,LOF,0.06773880528173724,0.010547470271331833,0.9217137244469308
25974,LOF,0.1987814789255197,0.015662157966313886,0.7855563631081663
25975,LOF,0.044155831760974255,0.031035310435701405,0.9248088578033243
25976,LOF,0.043190886791420344,0.016953069797058195,0.9398560434115214
25977,LOF,0.13978324817002766,0.08143202919681511,0.7787847226331572
25978,LOF,0.15193029676330685,0.0945213113856606,0.7535483918510326
25979,LOF,0.13601050561726824,0.1022379305297602,0.7617515638529715
25980,LOF,0.2202174974224445,0.12808788662567455,0.6516946159518809
25981,LOF,0.2524636001393346,0.12622623665212407,0.6213101632085413
25982,LOF,0.41283153277200524,0.08251753138612582,0.5046509358418689
25983,LOF,0.384633948697458,0.09154722716301071,0.5238188241395313
25984,LOF,0.04540836876819061,0.0496114518999278,0.9049801793318817
25985,LOF,0.03483866387496347,0.2943546785255915,0.670806657599445
25986,LOF,0.04613204932522958,0.31849905299522513,0.6353688976795453
25987,LOF,0.09179886515358349,0.07073042246979216,0.8374707123766244
25988,LOF,0.1571546053796932,0.05781785637351141,0.7850275382467953
25989,LOF,0.03374278651507542,0.11837121208722913,0.8478860013976955
25990,LOF,0.03805896684788572,0.15480234450430683,0.8071386886478075
25991,LOF,0.11929996010476049,0.23191045235993435,0.6487895875353052
25992,LOF,0.2907342748062884,0.13744933417711033,0.5718163910166013
25993,LOF,0.022492700744071413,0.06725827695593183,0.9102490222999967
25994,LOF,0.017916665432111192,0.08612281928391952,0.8959605152839694
25995,LOF,0.0230760801222921,0.1894769426883398,0.7874469771893681
25996,GOF,0.32208430642169733,0.3910996203582945,0.2868160732200083
25997,LOF,0.09371775272939888,0.3585772851801468,0.5477049620904544
25998,Neutral,0.537407999955699,0.027796308885293015,0.4347956911590081
25999,LOF,0.1012585076967465,0.09833882386672257,0.8004026684365309
26000,LOF,0.1398541782283793,0.04684755862860135,0.8132982631430193
26001,LOF,0.2079410886874967,0.05092957882179712,0.7411293324907062
26002,LOF,0.1217509001337012,0.045201847296788215,0.8330472525695106
26003,GOF,0.010404631917684233,0.5846801723590865,0.40491519572322926
26004,GOF,0.020406466139032086,0.6854159085813823,0.2941776252795856
26005,LOF,0.006327610526215036,0.4597635105569997,0.5339088789167853
26006,Neutral,0.5204083012655382,0.2493204266015086,0.23027127213295326
26007,GOF,0.02151581369335661,0.5130086541074843,0.4654755321991591
26008,GOF,0.019361428841980294,0.6080882666709992,0.3725503044870206
26009,GOF,0.02121411916854513,0.6865538301805953,0.2922320506508596
26010,GOF,0.022013931713119377,0.6369052992953051,0.34108076899157563
26011,LOF,0.00690869524682446,0.4230119844585782,0.5700793202945974
26012,GOF,0.012530795411502304,0.548373906047275,0.4390952985412227
26013,GOF,0.019578074136667494,0.614068148517087,0.3663537773462454
26014,LOF,0.038697751720013024,0.11840299122036343,0.8428992570596234
26015,LOF,0.17784955061016877,0.014406786603757212,0.807743662786074
26016,LOF,0.20023110342345368,0.05979484883877882,0.7399740477377675
26017,LOF,0.2158842088535064,0.09098908985441168,0.693126701292082
26018,LOF,0.07721203328946875,0.041949529901890895,0.8808384368086405
26019,LOF,0.07377285478851967,0.03336767580811843,0.8928594694033619
26020,LOF,0.0718196814473963,0.09697930258213566,0.831201015970468
26021,LOF,0.047091417591803436,0.10461829565393327,0.8482902867542632
26022,LOF,0.011189178464453756,0.04312933360129733,0.945681487934249
26023,LOF,0.06557049342360975,0.02654311437380184,0.9078863922025885
26024,LOF,0.03178549535049399,0.10953919064212242,0.8586753140073836
26025,LOF,0.15333839666739338,0.09620407457394389,0.7504575287586627
26026,LOF,0.32326879111079376,0.03150725763595487,0.6452239512532513
26027,LOF,0.058869133977562625,0.020872546334443423,0.9202583196879939
26028,LOF,0.1651963954287211,0.06102289610823684,0.773780708463042
26029,LOF,0.07326078293118535,0.14087477516281594,0.7858644419059987
26030,LOF,0.021732084237468276,0.03142838198482744,0.9468395337777041
26031,LOF,0.026394876537267273,0.09639400374121194,0.8772111197215209
26032,LOF,0.06564662361648464,0.046817848072150246,0.8875355283113652
26033,LOF,0.08751564154906323,0.045654462218597064,0.8668298962323396
26034,LOF,0.04240975785167873,0.11581806692800467,0.8417721752203166
26035,LOF,0.026040636373391553,0.11307601756878964,0.8608833460578187
26036,LOF,0.03989787933737777,0.12787409847933917,0.8322280221832831
26037,LOF,0.02180196047862921,0.09028290915850194,0.887915130362869
26038,LOF,0.06243265051005034,0.04794784844983796,0.8896195010401118
26039,LOF,0.049864713975071834,0.10944271138261612,0.8406925746423122
26040,LOF,0.20275474529899695,0.08862116952664664,0.7086240851743565
26041,LOF,0.022544402154670396,0.08395548858063805,0.8935001092646915
26042,LOF,0.020819472043061546,0.07906206753118304,0.9001184604257555
26043,LOF,0.06314764071698169,0.056212474387075585,0.8806398848959427
26044,LOF,0.01949273346661253,0.042327595839529525,0.9381796706938579
26045,LOF,0.0698013976351882,0.07753848742246205,0.8526601149423498
26046,LOF,0.0577477738464233,0.04594823604853011,0.8963039901050465
26047,LOF,0.07639464415510665,0.047262776627733205,0.8763425792171601
26048,LOF,0.04709334845975638,0.026756100899682028,0.9261505506405616
26049,Neutral,0.9657106704057902,0.004720181802526993,0.02956914779168291
26050,Neutral,0.9506775270992229,0.005893911802408532,0.043428561098368616
26051,LOF,0.045604569127449215,0.2948367479167851,0.6595586829557657
26052,LOF,0.061333681626213214,0.32267089696342427,0.6159954214103625
26053,LOF,0.05640110865108248,0.14130185124335276,0.8022970401055647
26054,LOF,0.051248794715266166,0.017733656475168967,0.9310175488095649
26055,LOF,0.07039490086299935,0.015466265067108352,0.9141388340698923
26056,LOF,0.05923015267910786,0.017858456599099563,0.9229113907217926
26057,LOF,0.03063460498879867,0.012540048349129388,0.956825346662072
26058,LOF,0.03188058429659916,0.009878588954437044,0.9582408267489638
26059,LOF,0.28614502945427833,0.021392883940127748,0.6924620866055938
26060,LOF,0.038430311695406026,0.1816387542291382,0.7799309340754557
26061,LOF,0.016206313739170534,0.012737502302320012,0.9710561839585093
26062,LOF,0.009471950080084873,0.01912086707763082,0.9714071828422844
26063,LOF,0.01926870599892923,0.01064260120447884,0.9700886927965919
26064,LOF,0.021096348663453588,0.024915414196603886,0.9539882371399426
26065,LOF,0.02543100949409574,0.011890764539425135,0.9626782259664792
26066,LOF,0.020223462430072364,0.010601333087784923,0.9691752044821428
26067,LOF,0.027005324212149434,0.008484411579673515,0.9645102642081771
26068,LOF,0.047714528782517744,0.028358277469295864,0.9239271937481863
26069,LOF,0.24897139293354356,0.018940110767716525,0.7320884962987398
26070,LOF,0.4043828675004512,0.01589120597451765,0.5797259265250311
26071,LOF,0.01998787572329624,0.011233487698789596,0.9687786365779142
26072,LOF,0.019275063125584222,0.018164292095593795,0.9625606447788221
26073,LOF,0.01927859487605081,0.011464486483212577,0.9692569186407367
26074,Neutral,0.9130962561915825,0.005525086916930014,0.08137865689148754
26075,LOF,0.04748613368421085,0.013332313405781877,0.9391815529100072
26076,LOF,0.03587839562464474,0.008738397392757682,0.9553832069825975
26077,LOF,0.009445620983980177,0.013504527259688136,0.9770498517563317
26078,LOF,0.01430636772576876,0.011847341478278577,0.9738462907959526
26079,LOF,0.0640938035373336,0.015900463852068652,0.9200057326105977
26080,LOF,0.06349676323196893,0.015920949013016793,0.9205822877550143
26081,LOF,0.0340141672663234,0.007037253450312293,0.9589485792833642
26082,LOF,0.012982787465409448,0.014369205800004859,0.9726480067345856
26083,LOF,0.18007586858692104,0.014395520714189496,0.8055286106988894
26084,LOF,0.04446131522490753,0.011749742205717624,0.943788942569375
26085,LOF,0.03938246899151482,0.011273993196602404,0.9493435378118827
26086,LOF,0.02022314769361476,0.010904958425455838,0.9688718938809294
26087,LOF,0.022258677636337532,0.008827744399978485,0.9689135779636839
26088,LOF,0.01805555932448157,0.023671757217199677,0.9582726834583188
26089,LOF,0.04262247992042176,0.021262038034753034,0.9361154820448252
26090,LOF,0.04235844976758327,0.017114515674931927,0.9405270345574849
26091,LOF,0.030668900025798494,0.006344607786040098,0.9629864921881615
26092,LOF,0.02275562754543932,0.007992544236995767,0.969251828217565
26093,LOF,0.03276190273614814,0.006133862998155313,0.9611042342656966
26094,LOF,0.033119622547428236,0.005864917918757388,0.9610154595338144
26095,LOF,0.03743541643252032,0.013227970300145947,0.9493366132673338
26096,LOF,0.016535695532766716,0.011554672909280849,0.9719096315579525
26097,LOF,0.011419192303106784,0.0391048937307946,0.9494759139660987
26098,LOF,0.08016636797010793,0.011165776574254525,0.9086678554556376
26099,LOF,0.019755544383202,0.013079402353676592,0.9671650532631215
26100,LOF,0.022049261786389853,0.012698839292088118,0.965251898921522
26101,LOF,0.04455317402926206,0.01695488716585291,0.938491938804885
26102,LOF,0.01933725726755052,0.012711519576667949,0.9679512231557815
26103,Neutral,0.8824676014219788,0.01868760510292226,0.09884479347509893
26104,LOF,0.0812696869159806,0.023973316644090865,0.8947569964399285
26105,LOF,0.20483950135884843,0.26756888434981463,0.5275916142913369
26106,LOF,0.16501841415737825,0.11373730558326717,0.7212442802593546
26107,LOF,0.23104505282337662,0.08526824423771862,0.6836867029389049
26108,LOF,0.218949258479186,0.09135588606910286,0.6896948554517113
26109,LOF,0.07793414909386376,0.062153089368184374,0.8599127615379519
26110,LOF,0.22646613108610925,0.006522022545139335,0.7670118463687514
26111,Neutral,0.5147842718419613,0.025726873218664296,0.45948885493937447
26112,LOF,0.03136690860530805,0.006853744684054336,0.9617793467106377
26113,LOF,0.05970256668964442,0.015578094785417692,0.9247193385249379
26114,LOF,0.026637516485675923,0.027683564763407546,0.9456789187509165
26115,LOF,0.09276010156402531,0.04803930566522961,0.859200592770745
26116,LOF,0.06330973503813346,0.060364810391410124,0.8763254545704565
26117,LOF,0.45914804130185866,0.0428061775368436,0.4980457811612976
26118,LOF,0.032849921029359075,0.024121294524362725,0.9430287844462782
26119,LOF,0.023154498625323955,0.034731586982152035,0.9421139143925241
26120,LOF,0.025355951618844484,0.019264443241221653,0.9553796051399338
26121,LOF,0.039455265301631764,0.09260806624789206,0.8679366684504761
