feature0,prediction,LoGoFunc_Neutral,LoGoFunc_GOF,LoGoFunc_LOF
25546,Neutral,0.6743328894313104,0.05268793352688672,0.2729791770418029
25547,Neutral,0.5210213215834709,0.09173005267174683,0.38724862574478225
25548,Neutral,0.5048851731520054,0.08006227092323942,0.41505255592475515
25549,LOF,0.4435597654289677,0.07963681235308429,0.47680342221794814
25550,LOF,0.3655214960733153,0.12139804482671651,0.5130804590999681
25551,LOF,0.31288579675165357,0.1313471162631165,0.55576708698523
25552,LOF,0.26302737651173735,0.12296131608993084,0.6140113073983317
25553,Neutral,0.8172365158997826,0.043254384132415766,0.1395090999678016
25554,LOF,0.29490823999213045,0.11397608051086687,0.5911156794970026
25555,LOF,0.24718440964970978,0.11063039929558215,0.6421851910547081
25556,LOF,0.44706159370086845,0.09653400008823826,0.45640440621089323
25557,LOF,0.2395151626993943,0.11388134393581488,0.6466034933647908
25558,LOF,0.3036253569630905,0.11371973095280731,0.5826549120841021
25559,LOF,0.19481092158937735,0.12864923277863288,0.6765398456319898
25560,LOF,0.1584349020667041,0.09822601504475234,0.7433390828885436
25561,LOF,0.1455829562303919,0.11799160013130622,0.7364254436383019
25562,LOF,0.06781514816006438,0.08482716550002332,0.8473576863399124
25563,LOF,0.0222030140171175,0.12348831392345154,0.8543086720594308
25564,LOF,0.21046886123900274,0.11291754481075132,0.6766135939502459
25565,LOF,0.2271962103505721,0.13340926215919632,0.6393945274902315
25566,GOF,0.10052930590492364,0.6895515956677177,0.20991909842735867
25567,LOF,0.037812542834848854,0.1368353727326777,0.8253520844324735
25568,LOF,0.06310813992469545,0.06565564153982549,0.8712362185354791
25569,LOF,0.05939147664214282,0.06797873003162133,0.8726297933262359
25570,LOF,0.026971987382804357,0.09134648045896582,0.8816815321582298
25571,LOF,0.025499393978090798,0.09771888927982918,0.87678171674208
25572,LOF,0.06185090106765804,0.11500390146878163,0.8231451974635604
25573,LOF,0.054717445956011995,0.08027446561851594,0.865008088425472
25574,LOF,0.05716113808164102,0.18017548242088297,0.762663379497476
25575,LOF,0.022318879504056102,0.11343434224382823,0.8642467782521157
25576,LOF,0.03519579426934156,0.14427161922709714,0.8205325865035614
25577,LOF,0.030767915392035078,0.10496233880739692,0.864269745800568
25578,LOF,0.3005140173431675,0.07314580744056957,0.6263401752162628
25579,LOF,0.13209000595662798,0.07995530112589015,0.7879546929174819
25580,LOF,0.018975420768203147,0.07696247316646,0.9040621060653369
25581,LOF,0.055846182931862984,0.0639672527605985,0.8801865643075385
25582,LOF,0.05573124807137153,0.06312505461203148,0.881143697316597
25583,LOF,0.02038688117770204,0.07674658459883188,0.902866534223466
25584,Neutral,0.6599731553015414,0.10241127659790641,0.23761556810055207
25585,LOF,0.033682766204919376,0.1175795675797439,0.8487376662153366
25586,LOF,0.017585040653017633,0.07006216582750478,0.9123527935194776
25587,LOF,0.016743695797551392,0.06127377009291409,0.9219825341095346
25588,LOF,0.019228185298573116,0.06963713933177705,0.9111346753696499
25589,Neutral,0.4972296709253905,0.19133860349902096,0.3114317255755886
25590,LOF,0.049007390064508306,0.10346958183293199,0.8475230281025596
25591,LOF,0.09482993624655989,0.05330511976738715,0.8518649439860528
25592,LOF,0.05271368045888276,0.12534243776443244,0.8219438817766848
25593,LOF,0.12898110417913997,0.2644096822697767,0.6066092135510833
25594,LOF,0.04348225397223666,0.11952896222839653,0.8369887837993669
25595,LOF,0.04432420520170849,0.08307574441081313,0.8726000503874783
25596,LOF,0.10691452365905797,0.049342068916770614,0.8437434074241714
25597,LOF,0.07807779976593816,0.058251085663605096,0.8636711145704569
25598,LOF,0.042636709368171974,0.09030077667586078,0.8670625139559672
25599,GOF,0.019564740177128705,0.526122301754168,0.45431295806870337
25600,GOF,0.1928307733821406,0.4877567284825537,0.3194124981353057
25601,LOF,0.04350100963382544,0.3785396334865891,0.5779593568795854
25602,LOF,0.03375887746396879,0.05082377059243749,0.9154173519435936
25603,LOF,0.03269021498208892,0.02682774993398628,0.9404820350839248
25604,LOF,0.033928517572362316,0.05952324827777165,0.906548234149866
25605,LOF,0.04001831079740666,0.1811085627989719,0.7788731264036214
25606,LOF,0.42280360547999807,0.10290377853772512,0.47429261598227695
25607,LOF,0.02292786203435455,0.17537727964063304,0.8016948583250125
25608,LOF,0.03447520986875995,0.07967719794157174,0.8858475921896682
25609,GOF,0.14799934682045093,0.5615543933733325,0.29044625980621663
25610,LOF,0.016132955933409552,0.027386013576815346,0.9564810304897752
25611,LOF,0.015167721495567558,0.03148831537129985,0.9533439631331326
25612,LOF,0.049770147203476875,0.03986889916122833,0.9103609536352948
25613,LOF,0.047631045255873625,0.04048675206457974,0.9118822026795468
25614,LOF,0.022283253575108252,0.026644724490725184,0.9510720219341665
25615,LOF,0.044308576882348356,0.03834988490894379,0.9173415382087079
25616,LOF,0.04862540219850799,0.02584056004279538,0.9255340377586967
25617,LOF,0.04276264800199789,0.0363433266987343,0.9208940252992678
25618,LOF,0.05330171119913879,0.031657076390822915,0.9150412124100382
25619,LOF,0.015380507743396329,0.029569146089946374,0.9550503461666574
25620,LOF,0.064212979321711,0.03673594725626995,0.8990510734220191
25621,LOF,0.0529820340556426,0.03355798563399636,0.913459980310361
25622,LOF,0.05977249134141795,0.03188756295265892,0.908339945705923
25623,LOF,0.07173935111711534,0.025988880351474286,0.9022717685314104
25624,LOF,0.0197249504506046,0.03339386871218882,0.9468811808372066
25625,LOF,0.06580055079817666,0.03838728635143162,0.8958121628503918
25626,LOF,0.04435425527746999,0.03771140515512781,0.9179343395674022
25627,Neutral,0.8922375329337507,0.024567787639529815,0.08319467942671946
25628,LOF,0.13339386874196923,0.06674679216180655,0.7998593390962242
25629,LOF,0.05947195188531487,0.04490260127574926,0.895625446838936
25630,LOF,0.2589795501209142,0.08079614137581959,0.6602243085032662
25631,Neutral,0.5456804079842361,0.0639526973922526,0.3903668946235113
25632,LOF,0.029357151669650222,0.06142033811962032,0.9092225102107295
25633,LOF,0.19989413107535967,0.037708479379997085,0.7623973895446432
25634,LOF,0.032805631067797346,0.0788834869679376,0.888310881964265
25635,LOF,0.03855307015916192,0.045952994614529424,0.9154939352263087
25636,GOF,0.03579143713196468,0.5041468352995124,0.46006172756852287
25637,GOF,0.06261405162810055,0.4880064140278979,0.44937953434400163
25638,LOF,0.03807717625790589,0.2950009516561076,0.6669218720859864
25639,LOF,0.03534583246322091,0.35822973660102847,0.6064244309357506
25640,Neutral,0.8058288670508442,0.15019201801860857,0.04397911493054726
25641,LOF,0.054351692550164116,0.42258754097832,0.5230607664715158
25642,LOF,0.03855298053924319,0.1479439401067419,0.8135030793540149
25643,LOF,0.20683862124310368,0.18616857802853734,0.606992800728359
25644,LOF,0.021384871689912703,0.481970669780823,0.4966444585292643
25645,LOF,0.01994713461473487,0.4060638059088633,0.5739890594764017
25646,LOF,0.050647841110478875,0.32807494851173397,0.6212772103777872
25647,LOF,0.021392850977224678,0.25507167531404557,0.7235354737087297
25648,LOF,0.0295656036302239,0.24008031613165928,0.7303540802381169
25649,LOF,0.015365967244930858,0.23709934622756704,0.7475346865275022
25650,LOF,0.04962344510062927,0.40514581300482044,0.5452307418945503
25651,LOF,0.01669511925410297,0.26896885752872046,0.7143360232171765
25652,LOF,0.028587235286206773,0.2674281027806837,0.7039846619331096
25653,LOF,0.07860610723524664,0.40722083596842873,0.5141730567963246
25654,LOF,0.022366298084947576,0.20514812791296444,0.7724855740020878
25655,LOF,0.21476024699205246,0.38091038860219556,0.40432936440575196
25656,LOF,0.2877525250402275,0.04534074317906346,0.666906731780709
25657,LOF,0.07477442431583312,0.050059574635121035,0.8751660010490458
25658,LOF,0.3920009249351463,0.049774682596394636,0.5582243924684591
25659,Neutral,0.5669862640461978,0.06811339007753585,0.36490034587626646
25660,LOF,0.025866746096388425,0.0727655452840419,0.9013677086195696
25661,LOF,0.09251490203527951,0.055503682746913446,0.851981415217807
25662,LOF,0.031350353541536674,0.03033667552892951,0.9383129709295337
25663,LOF,0.03882071011366341,0.04294448638623853,0.918234803500098
25664,LOF,0.13157041487665933,0.053105359047199464,0.8153242260761413
25665,LOF,0.05444723244137319,0.02915932387202138,0.9163934436866055
25666,LOF,0.08646394337272932,0.067951317691913,0.8455847389353576
25667,LOF,0.06245002520622167,0.039763501453807276,0.8977864733399711
25668,LOF,0.03705299112531834,0.04345838496664867,0.9194886239080331
25669,LOF,0.033267729145960906,0.051982563890996335,0.9147497069630427
25670,LOF,0.13722720303308358,0.04153032662554965,0.8212424703413668
25671,LOF,0.10019706184509908,0.028877651307349955,0.870925286847551
25672,LOF,0.054010268339363225,0.04072991866875078,0.9052598129918861
25673,LOF,0.08493550070299521,0.037108328074322676,0.8779561712226821
25674,LOF,0.07189580804276371,0.04647653474842583,0.8816276572088105
25675,LOF,0.1150682270419319,0.046403590907521525,0.8385281820505466
25676,LOF,0.01723984979277122,0.049408989402739655,0.9333511608044891
25677,LOF,0.025740708781177575,0.0633510273286258,0.9109082638901966
25678,LOF,0.19415698042938934,0.054191388547366576,0.7516516310232442
25679,LOF,0.12339157870658614,0.07363154699963476,0.8029768742937791
25680,LOF,0.03016700471172907,0.10599858734321263,0.8638344079450583
25681,LOF,0.04827341567238037,0.10125997914042165,0.850466605187198
25682,LOF,0.14172499055638224,0.05883554645269755,0.7994394629909201
25683,LOF,0.12312605856303334,0.07368447608632134,0.8031894653506454
25684,LOF,0.04145477252521643,0.06134477865758299,0.8972004488172005
25685,LOF,0.1231806607999761,0.047949291030731145,0.8288700481692929
25686,LOF,0.08000570167308768,0.09262348484427009,0.8273708134826423
25687,LOF,0.11688598609907618,0.08539042355716397,0.7977235903437597
25688,LOF,0.3026204888238771,0.03397765038281896,0.663401860793304
25689,LOF,0.22556603714452236,0.04370639065798582,0.7307275721974918
25690,LOF,0.3405665381552003,0.030727222632188692,0.6287062392126109
25691,Neutral,0.7010814279275733,0.026422514514439506,0.2724960575579871
25692,LOF,0.31844687086553203,0.009687433216841521,0.6718656959176265
25693,LOF,0.04305705575148309,0.4438507800730091,0.5130921641755078
25694,LOF,0.12619549621850498,0.020782933626365505,0.8530215701551295
25695,LOF,0.12882383946848922,0.018468660641992485,0.8527074998895183
25696,LOF,0.12496883977062734,0.010516201333087165,0.8645149588962856
25697,LOF,0.11345410890344348,0.026884118292409883,0.8596617728041466
25698,LOF,0.33731209129128986,0.27512341921155986,0.38756448949715017
25699,LOF,0.40833076419268605,0.042711276977792735,0.5489579588295213
25700,LOF,0.050032885628522816,0.0103483344088384,0.9396187799626388
25701,LOF,0.14599466424271104,0.06002237838650323,0.7939829573707856
25702,GOF,0.17073568607744058,0.5461832361964597,0.2830810777260997
25703,LOF,0.017193066180080284,0.1514976808871419,0.8313092529327777
25704,LOF,0.04885966417540739,0.11486529906414188,0.8362750367604507
25705,LOF,0.05428829395800967,0.19873265622229097,0.7469790498196993
25706,LOF,0.08776735198947005,0.3681621607055623,0.5440704873049677
25707,LOF,0.09076330428747792,0.29028811707248725,0.6189485786400348
25708,LOF,0.02958699078027284,0.27493444739179207,0.6954785618279351
25709,LOF,0.0523990859464032,0.043844031778946885,0.9037568822746498
25710,LOF,0.01117748057176873,0.13633269616656307,0.8524898232616682
25711,LOF,0.017929155452212922,0.09643995333908725,0.8856308912086999
25712,LOF,0.01281911623256494,0.17265063883846649,0.8145302449289685
25713,LOF,0.017560316800188946,0.08066638256113166,0.9017733006386794
25714,LOF,0.06632168485401493,0.08056140364772446,0.8531169114982606
25715,LOF,0.00978795705007141,0.14083655559982813,0.8493754873501006
25716,LOF,0.014476941627216112,0.11361463000532454,0.8719084283674594
25717,LOF,0.012817602579558938,0.08806319374496982,0.8991192036754712
25718,LOF,0.011422168771805286,0.10753507969014672,0.881042751538048
25719,LOF,0.017708617248310785,0.08473911116526298,0.8975522715864261
25720,LOF,0.020842509187616612,0.07197902842525893,0.9071784623871245
25721,LOF,0.014618649333623447,0.10989781431879116,0.8754835363475855
25722,LOF,0.012362123495244385,0.1282895049201952,0.8593483715845605
25723,LOF,0.020872054600345167,0.049213608082728795,0.929914337316926
25724,LOF,0.021814403934317907,0.08167562432721043,0.8965099717384717
25725,LOF,0.010674159392558363,0.07175667708450276,0.9175691635229388
25726,LOF,0.013708803200439571,0.10011071589580421,0.8861804809037561
25727,LOF,0.01238680665693153,0.08681334056715198,0.9007998527759165
25728,LOF,0.009001463219993044,0.10967265136165279,0.8813258854183542
25729,LOF,0.009179984933411958,0.10855270153815914,0.8822673135284289
25730,LOF,0.012654481532480411,0.08097670437767232,0.9063688140898473
25731,LOF,0.02184260907057,0.12294898551132079,0.8552084054181092
25732,LOF,0.0136598260608357,0.09431931279296543,0.8920208611461988
25733,LOF,0.014186226205964728,0.07913607786719398,0.9066776959268412
25734,LOF,0.01386285854981862,0.1421505496574989,0.8439865917926825
25735,LOF,0.012120436114925394,0.08510669189751426,0.9027728719875604
25736,LOF,0.01255181370818905,0.11628496612957016,0.8711632201622408
25737,LOF,0.018680326920941296,0.08478264221139763,0.8965370308676611
25738,LOF,0.012460944811870829,0.1191975841213369,0.8683414710667923
25739,LOF,0.018715165537116493,0.08264969488267487,0.8986351395802087
25740,LOF,0.02505031162336125,0.10150152743924547,0.8734481609373932
25741,LOF,0.014199906441990814,0.10901597739917485,0.8767841161588343
25742,LOF,0.1081817538584506,0.0812336810191043,0.8105845651224451
25743,LOF,0.03535918101908858,0.032944419427422635,0.9316963995534887
25744,Neutral,0.5748023386804633,0.20693503752238976,0.2182626237971469
25745,LOF,0.09317078648409843,0.06530361365316774,0.8415255998627339
25746,LOF,0.04330387689321891,0.07705018089596473,0.8796459422108163
25747,LOF,0.02363819377043251,0.039678903498680106,0.9366829027308875
25748,LOF,0.10887946650495872,0.05449731837746594,0.8366232151175753
25749,LOF,0.027366616437907828,0.07697572076918363,0.8956576627929085
25750,LOF,0.08692192647206669,0.08028995451361909,0.8327881190143143
25751,LOF,0.09522814689619978,0.058034176528842414,0.8467376765749579
25752,GOF,0.1000826939656398,0.6577125193682638,0.24220478666609643
25753,LOF,0.019969128300073104,0.2653898825792759,0.7146409891206509
25754,GOF,0.010014921915587588,0.7794329606012117,0.2105521174832007
25755,LOF,0.024363516892837365,0.3527994972376941,0.6228369858694686
25756,LOF,0.04324973703572649,0.351681995160128,0.6050682678041456
25757,GOF,0.014783116330081416,0.8250739273603066,0.16014295630961187
25758,GOF,0.02748359743197943,0.815360290872684,0.15715611169533647
25759,GOF,0.011899954590570366,0.5325151351122044,0.4555849102972253
25760,LOF,0.01332341299909402,0.22772204231719329,0.7589545446837126
25761,GOF,0.278412113963329,0.6127451517088742,0.1088427343277968
25762,LOF,0.03671335696381834,0.2495432941104062,0.7137433489257755
25763,LOF,0.01326465803424315,0.18037939722767668,0.8063559447380801
25764,GOF,0.06966427128291267,0.6258388542771883,0.30449687443989915
25765,GOF,0.043901484970297354,0.7256525533246572,0.23044596170504542
25766,GOF,0.05652063535421092,0.7589224504527659,0.18455691419302334
25767,GOF,0.16233135766628187,0.45583835986715293,0.3818302824665653
25768,LOF,0.09005181616832134,0.06676917849586925,0.8431790053358094
25769,LOF,0.061304011976421886,0.05820655166832277,0.8804894363552555
25770,LOF,0.28473811112092706,0.08479949943906633,0.6304623894400067
25771,LOF,0.04027158127156151,0.04343409908759381,0.9162943196408446
25772,LOF,0.015488201006037506,0.031481797635381135,0.9530300013585814
25773,LOF,0.04617006636537209,0.08264215636617094,0.871187777268457
25774,LOF,0.02716208489760275,0.07885910486987781,0.8939788102325195
25775,LOF,0.044406664013600126,0.04766393190743757,0.9079294040789623
25776,LOF,0.06484485781536532,0.024254334874793976,0.9109008073098408
25777,LOF,0.33112501636812136,0.04967370775580617,0.6192012758760725
25778,LOF,0.057975707724823584,0.04841686383907697,0.8936074284360995
25779,GOF,0.3626980909324456,0.5928392131313436,0.04446269593621082
25780,GOF,0.29734580950627315,0.636193911502416,0.0664602789913109
25781,GOF,0.1402144229734199,0.7584493745460852,0.10133620248049482
25782,GOF,0.21844397118434017,0.7207657480465892,0.06079028076907074
25783,GOF,0.031557094937287006,0.6751478980893723,0.2932950069733408
25784,Neutral,0.48726801468266145,0.47294067335600565,0.03979131196133294
25785,GOF,0.41809490209123695,0.5434784983468878,0.03842659956187515
25786,GOF,0.02509956396664332,0.7729545257797751,0.20194591025358155
25787,Neutral,0.6242589780061374,0.3508268173753598,0.02491420461850282
25788,LOF,0.04697011687680452,0.11145937111891402,0.8415705120042816
25789,GOF,0.19665341349962345,0.6735879267177619,0.12975865978261467
25790,GOF,0.23240521796783953,0.6676694780471917,0.09992530398496889
25791,GOF,0.1582815202860873,0.6666991478667483,0.17501933184716437
25792,GOF,0.32256010355370685,0.5420761807062553,0.13536371574003783
25793,GOF,0.2626583767029543,0.5401550192646742,0.1971866040323715
25794,GOF,0.29442077392509924,0.5408158843618219,0.16476334171307883
25795,GOF,0.07204862407523681,0.7121137631679918,0.21583761275677135
25796,Neutral,0.5092313756361394,0.40599770803119395,0.08477091633266665
25797,GOF,0.08390044258856229,0.5588913615512332,0.3572081958602046
25798,GOF,0.0090533516126243,0.506483964420911,0.48446268396646464
25799,LOF,0.006960994810353963,0.40906000212351595,0.5839790030661302
25800,GOF,0.030047710295727954,0.6001524733708439,0.3697998163334282
25801,GOF,0.18970125159123805,0.6934201134026856,0.11687863500607623
25802,GOF,0.07588882769320719,0.6997990223065519,0.22431215000024093
25803,GOF,0.034658601169235095,0.6022418553249989,0.36309954350576606
25804,GOF,0.03300417253068403,0.5084468931258793,0.4585489343434367
25805,GOF,0.09746548625580147,0.6070714942925743,0.29546301945162423
25806,GOF,0.09138538524389965,0.6119588887906623,0.29665572596543804
25807,GOF,0.020276892674309214,0.6446584420959715,0.3350646652297194
25808,GOF,0.08015762631607999,0.6391755668528447,0.2806668068310754
25809,GOF,0.016088328106297903,0.5933567329424627,0.39055493895123944
25810,GOF,0.015278087322364837,0.6291739043123725,0.35554800836526257
25811,GOF,0.41824752869077786,0.501185008708069,0.0805674626011531
25812,GOF,0.027798407209026144,0.6410992855126793,0.33110230727829465
25813,Neutral,0.5021746224835133,0.40553579088301034,0.09228958663347633
25814,GOF,0.1080097367614921,0.6637867219311107,0.22820354130739734
25815,GOF,0.18787211014214816,0.6391554771517726,0.1729724127060792
25816,GOF,0.02446878979813764,0.7041126727372312,0.27141853746463124
25817,GOF,0.22850315116069708,0.640166613601231,0.1313302352380719
25818,GOF,0.05381391559052511,0.6568216902245576,0.2893643941849172
25819,GOF,0.36241864161215637,0.5132614637494843,0.12431989463835924
25820,GOF,0.18570605651385289,0.6038162124069651,0.21047773107918202
25821,GOF,0.05491938266702421,0.6827831296534704,0.2622974876795053
25822,GOF,0.21262359732784325,0.5891964902484998,0.198179912423657
25823,GOF,0.03194341334526011,0.5449011207170469,0.423155465937693
25824,GOF,0.09122898616585239,0.6170907429656822,0.2916802708684654
25825,GOF,0.034883496253139884,0.6205096749606963,0.34460682878616367
25826,GOF,0.015643822486404575,0.5894825311318298,0.3948736463817656
25827,GOF,0.025415470311015338,0.6019477194305888,0.37263681025839596
25828,GOF,0.01430659459593096,0.5300427066943358,0.45565069870973324
25829,GOF,0.0058317286808961715,0.5769395575233724,0.4172287137957314
25830,LOF,0.03349586674936935,0.2978836278610983,0.6686205053895323
25831,GOF,0.19754790563117683,0.6865929039720626,0.11585919039676054
25832,GOF,0.02950132640748695,0.7106479310029283,0.25985074258958485
25833,GOF,0.11240579695698438,0.7333454331442216,0.15424876989879405
25834,GOF,0.030128591453624974,0.7315045609015498,0.23836684764482513
25835,GOF,0.06445315705424907,0.7653855639503261,0.17016127899542483
25836,GOF,0.030709040103072807,0.6968257055941394,0.27246525430278784
25837,GOF,0.02492219074757239,0.6201786840030431,0.35489912524938444
25838,GOF,0.09513600049893506,0.7720650666198111,0.13279893288125383
25839,GOF,0.26682091312582285,0.59332832954774,0.13985075732643723
25840,GOF,0.2081234656148978,0.6539477178753578,0.1379288165097443
25841,GOF,0.19730531618881778,0.6616890295893271,0.14100565422185513
25842,GOF,0.14069725376086775,0.7368667955961451,0.12243595064298717
25843,GOF,0.21177480525529155,0.6969129956968377,0.09131219904787063
25844,GOF,0.05771267985659039,0.7378965983347355,0.20439072180867426
25845,GOF,0.015778193920049928,0.5311069669681562,0.45311483911179395
25846,GOF,0.11676909229101697,0.7381077866329838,0.14512312107599923
25847,GOF,0.09564410700893297,0.8038677722627147,0.10048812072835238
25848,GOF,0.03365502798109811,0.7328280539273703,0.23351691809153158
25849,GOF,0.010068744388570762,0.6193964412604981,0.3705348143509311
25850,GOF,0.018474543268594268,0.6559219678008247,0.32560348893058105
25851,GOF,0.014736770861559301,0.5534570577970777,0.43180617134136307
25852,GOF,0.14378544510572072,0.5760156846951987,0.2801988701990806
25853,GOF,0.3378578416304554,0.591496074543121,0.07064608382642347
25854,GOF,0.022540692540189058,0.6234730320150056,0.35398627544480527
25855,GOF,0.03151478677840846,0.5572649654253689,0.4112202477962226
25856,GOF,0.23570371306557877,0.5392918371686825,0.22500444976573875
25857,GOF,0.03712026907702936,0.5004248098784253,0.46245492104454533
25858,GOF,0.020822093333351697,0.5231940823168025,0.45598382434984586
25859,GOF,0.010519894311350704,0.5004378523124564,0.4890422533761929
25860,GOF,0.3430177237419724,0.5718632630769562,0.08511901318107133
25861,GOF,0.37698294663629695,0.5489321422455788,0.07408491111812424
25862,GOF,0.07419791365164034,0.791695202102797,0.13410688424556283
25863,GOF,0.07957003305992896,0.7956405703134586,0.12478939662661243
25864,GOF,0.17825538255799264,0.7478798791168518,0.0738647383251556
25865,GOF,0.07770390094701618,0.8094488869046282,0.11284721214835554
25866,GOF,0.052115465151786305,0.7960439312682821,0.15184060357993154
25867,GOF,0.08511929348446391,0.8148847660614559,0.09999594045408036
25868,GOF,0.2362460703594404,0.6657132493837457,0.09804068025681399
25869,Neutral,0.702233534926524,0.25583298305168717,0.041933482021788926
25870,GOF,0.2896842020113265,0.4049090635896441,0.3054067343990294
25871,GOF,0.20422206904364937,0.6632921304621895,0.1324858004941611
25872,GOF,0.07586103688594063,0.659203041721799,0.2649359213922604
25873,GOF,0.10666829834763512,0.6940397360553494,0.19929196559701534
25874,LOF,0.014586188031904588,0.11645903756458169,0.8689547744035138
25875,LOF,0.08582535764833304,0.04730207144503564,0.8668725709066314
25876,LOF,0.03472127351393433,0.03220137918689971,0.9330773472991659
25877,Neutral,0.4789054582664457,0.04535748142387579,0.47573706030967855
25878,LOF,0.20809371264657298,0.09248772893782917,0.6994185584155979
25879,LOF,0.08257468232737547,0.09162132582721512,0.8258039918454093
25880,LOF,0.0398961344367942,0.015485052742487748,0.944618812820718
25881,LOF,0.15937329764535868,0.12211412809890226,0.7185125742557391
25882,LOF,0.057349261740235066,0.01791844079978821,0.9247322974599769
25883,LOF,0.06269720058420987,0.019384798454146472,0.9179180009616437
25884,LOF,0.03067082465112267,0.0304806963566416,0.9388484789922357
25885,LOF,0.05214472664050656,0.011321056607814517,0.9365342167516789
25886,LOF,0.25400432074165313,0.0385113999980416,0.7074842792603053
25887,LOF,0.13851055993252478,0.06497260097684951,0.7965168390906258
25888,LOF,0.06292472765193577,0.05741720711071557,0.8796580652373487
25889,LOF,0.03885528814042478,0.019727236575166715,0.9414174752844084
25890,LOF,0.050686533807432564,0.15118703775267558,0.7981264284398919
25891,LOF,0.037825171404090266,0.05044217434568296,0.9117326542502268
25892,LOF,0.08527019113264216,0.024976313344006136,0.8897534955233517
25893,LOF,0.2558236304029138,0.020142066102585777,0.7240343034945004
25894,LOF,0.17924152832777362,0.01156808016609162,0.8091903915061348
25895,LOF,0.2009699143445551,0.020768601810999574,0.7782614838444454
25896,LOF,0.04835888171982936,0.02372095832413623,0.9279201599560344
25897,LOF,0.2715961571980797,0.013201318543729551,0.7152025242581908
25898,Neutral,0.7211039622845339,0.010382147639978585,0.26851389007548754
25899,LOF,0.2003607393028126,0.02483644045153421,0.7748028202456533
25900,LOF,0.46826757780140804,0.012696940888093042,0.5190354813104988
25901,LOF,0.048048918711809635,0.012916991712337872,0.9390340895758524
25902,LOF,0.13943253008612827,0.015874421152879632,0.8446930487609922
25903,Neutral,0.5591471435280745,0.03230437566604272,0.40854848080588274
25904,LOF,0.30373009019699226,0.04718301438481126,0.6490868954181964
25905,LOF,0.023125823092375052,0.3475137224324854,0.6293604544751396
25906,LOF,0.030653415451030848,0.08929870739291093,0.8800478771560584
25907,LOF,0.0133283038856255,0.3491737644150764,0.6374979316992981
25908,LOF,0.0094777883225306,0.2600518396037223,0.7304703720737471
25909,LOF,0.012310996298453353,0.14663535142484363,0.8410536522767029
25910,LOF,0.05264383454865889,0.14449684151036374,0.8028593239409774
25911,LOF,0.19370989710209924,0.02834248839400111,0.7779476145038995
25912,LOF,0.04586054702839629,0.06004542076615502,0.8940940322054486
25913,LOF,0.3523408270316395,0.022950325870090372,0.62470884709827
25914,LOF,0.0220193900689473,0.04937659174869631,0.9286040181823564
25915,Neutral,0.5817819752439801,0.15110898186537938,0.2671090428906406
25916,LOF,0.08614333108607446,0.22213409907880394,0.6917225698351217
25917,LOF,0.07133279273057068,0.03748415983956143,0.8911830474298679
25918,LOF,0.024156810028883063,0.02880222089190158,0.9470409690792154
25919,LOF,0.021403508728077007,0.030738950585396507,0.9478575406865265
25920,GOF,0.10849744732631708,0.5145098297264776,0.37699272294720526
25921,LOF,0.025074201826144362,0.03623727763104876,0.9386885205428069
25922,LOF,0.03295379279210893,0.027969297463810022,0.939076909744081
25923,LOF,0.4786095760464358,0.035905563459534696,0.48548486049402967
25924,LOF,0.03553340236704506,0.0450531886633527,0.9194134089696021
25925,LOF,0.07229420440059368,0.040606869333611635,0.8870989262657946
25926,LOF,0.05163629143547523,0.03546451361401523,0.9128991949505095
25927,LOF,0.062324092119426244,0.1551035513319724,0.7825723565486014
25928,LOF,0.01858919286717595,0.057533024126962276,0.9238777830058618
25929,Neutral,0.590162622607654,0.03843008704908018,0.3714072903432658
25930,LOF,0.07537737353894548,0.03113123862431597,0.8934913878367385
25931,LOF,0.024807639936823556,0.03909854218774034,0.936093817875436
25932,LOF,0.02852883858926868,0.02921025685643896,0.9422609045542922
25933,LOF,0.038052328233999747,0.018805007925713074,0.9431426638402871
25934,LOF,0.024145669505713754,0.020785677055734083,0.9550686534385521
25935,LOF,0.0638978949196723,0.05054484655859079,0.885557258521737
25936,LOF,0.040438452423350695,0.02482401631132506,0.9347375312653242
25937,LOF,0.027534268383137633,0.03723425753361895,0.9352314740832435
25938,LOF,0.06707998716747063,0.05614343776779011,0.8767765750647392
25939,LOF,0.041499472031950486,0.02107670893775762,0.937423819030292
25940,LOF,0.035454346440636,0.3242992222501438,0.6402464313092203
25941,LOF,0.18251685077922378,0.09593465424902718,0.7215484949717491
25942,LOF,0.01237561060783364,0.0323643563424044,0.9552600330497619
25943,LOF,0.2939710256169873,0.06284219200419591,0.6431867823788169
25944,Neutral,0.4983319596259244,0.02398710724525244,0.4776809331288232
25945,LOF,0.0716748463086607,0.019451873772133522,0.9088732799192057
25946,LOF,0.03184571269903459,0.11100877791919204,0.8571455093817734
25947,LOF,0.12408126980131548,0.17348403868009912,0.7024346915185854
25948,LOF,0.37129807154840694,0.008289358232215773,0.6204125702193773
25949,LOF,0.12835892942627164,0.03779221806366112,0.8338488525100671
25950,LOF,0.3078670433639958,0.34101852976461383,0.3511144268713905
25951,LOF,0.18756107240859074,0.27437633294135005,0.5380625946500592
25952,LOF,0.04669519806552423,0.4286539582571522,0.5246508436773236
25953,LOF,0.14753754939687683,0.10837283303822483,0.7440896175648984
25954,Neutral,0.4293737435259478,0.19183501669732286,0.3787912397767293
25955,LOF,0.06120107699247883,0.07735761219195737,0.8614413108155639
25956,LOF,0.16268816547571485,0.11485570503718072,0.7224561294871045
25957,LOF,0.036182669221597616,0.030114059366366165,0.9337032714120362
25958,LOF,0.05487598517559048,0.023291158451315682,0.9218328563730939
25959,LOF,0.07101702306084005,0.31467465874933465,0.6143083181898252
25960,LOF,0.016089387353399383,0.04377438612606069,0.94013622652054
25961,LOF,0.04104042422308228,0.023626616057569196,0.9353329597193485
25962,LOF,0.05400367494219211,0.0313262458051658,0.914670079252642
25963,LOF,0.044242134269289836,0.19988363385139188,0.7558742318793183
25964,LOF,0.031784560474811555,0.14699501720273295,0.8212204223224555
25965,LOF,0.4373859462810575,0.06958753309802529,0.49302652062091706
25966,Neutral,0.5345930174466854,0.15541339755407355,0.30999358499924096
25967,LOF,0.016432318713698324,0.10371921119623645,0.8798484700900652
25968,LOF,0.034952435961276236,0.3704935688726419,0.5945539951660819
25969,LOF,0.034047131131340315,0.061273489587382206,0.9046793792812774
25970,LOF,0.0558068761378991,0.05546595344943915,0.8887271704126617
25971,LOF,0.06680486752994708,0.02052255875484285,0.9126725737152099
25972,LOF,0.06354111750426349,0.030984307322702045,0.9054745751730344
25973,LOF,0.0689147666955982,0.010560406065368245,0.9205248272390336
25974,LOF,0.1819170979859364,0.015291810306539151,0.8027910917075245
25975,LOF,0.04316023512188004,0.02761275605508264,0.9292270088230373
25976,LOF,0.040816771382087336,0.01639943551002164,0.942783793107891
25977,LOF,0.14904224752007814,0.08612857576537196,0.76482917671455
25978,LOF,0.1438248856521649,0.10389352709120803,0.7522815872566271
25979,LOF,0.12986572510537897,0.10762518369561952,0.7625090911990015
25980,LOF,0.22840764349750184,0.12461992966203286,0.6469724268404652
25981,LOF,0.25868316540340985,0.12279941316655658,0.6185174214300335
25982,LOF,0.40667490351667385,0.09009895466837826,0.5032261418149478
25983,LOF,0.3791981494303983,0.09767143019420767,0.5231304203753939
25984,LOF,0.04586843690012495,0.04757929971424065,0.9065522633856344
25985,LOF,0.034908945463175314,0.28702871397178004,0.6780623405650446
25986,LOF,0.0438837362556177,0.31977203603840604,0.6363442277059763
25987,LOF,0.08676038790894225,0.07094096807421808,0.8422986440168397
25988,LOF,0.15731234617272152,0.06078379494616538,0.781903858881113
25989,LOF,0.03352931180075292,0.11032009993802164,0.8561505882612255
25990,LOF,0.03770346324015331,0.16205982172408592,0.8002367150357609
25991,LOF,0.12272116346617779,0.22893620930188247,0.6483426272319398
25992,LOF,0.28486477066347665,0.14792242705904454,0.5672128022774787
25993,LOF,0.024080224840863116,0.07409747584093863,0.9018222993181982
25994,LOF,0.0185628332213778,0.08284489481081246,0.8985922719678097
25995,LOF,0.025630078701303943,0.16242980364289475,0.8119401176558013
25996,GOF,0.3408151119135311,0.37655697967164037,0.2826279084148285
25997,LOF,0.09679871656308166,0.3460280867149692,0.5571731967219491
25998,Neutral,0.5110549608639223,0.02689290108158608,0.46205213805449163
25999,LOF,0.10310903953228527,0.0973582534581125,0.7995327070096022
26000,LOF,0.13512791773850874,0.04522033102341379,0.8196517512380775
26001,LOF,0.20605595967812107,0.050402603257869535,0.7435414370640094
26002,LOF,0.10485575141412182,0.043350298965228774,0.8517939496206494
26003,GOF,0.009457649026505501,0.6131296459255895,0.3774127050479051
26004,GOF,0.019786448330898918,0.6855003247864901,0.29471322688261087
26005,LOF,0.006171426801228217,0.4384479648837238,0.5553806083150479
26006,Neutral,0.5162460640249548,0.2472173023823012,0.23653663359274404
26007,GOF,0.01941340965389574,0.530674960619845,0.44991162972625937
26008,GOF,0.016707509908540998,0.6353989756770313,0.34789351441442773
26009,GOF,0.018876764145438263,0.690091721210588,0.29103151464397364
26010,GOF,0.021391190138673584,0.6493421271948797,0.3292666826664467
26011,LOF,0.0061702646778825435,0.43143454901462125,0.5623951863074962
26012,GOF,0.011651090969697402,0.5715016532551149,0.4168472557751876
26013,GOF,0.018207131145070436,0.6154915961712726,0.3663012726836569
26014,LOF,0.040997476934993206,0.12060448935034104,0.8383980337146657
26015,LOF,0.16626479543736308,0.015442001452478066,0.818293203110159
26016,LOF,0.20130296427786237,0.059598371739933,0.7390986639822046
26017,LOF,0.22209580034581358,0.09774702076656518,0.6801571788876213
26018,LOF,0.07266732458993942,0.04025502793069085,0.8870776474793698
26019,LOF,0.0698853647727286,0.0313007546593913,0.8988138805678801
26020,LOF,0.06625519891611213,0.10447161583429924,0.8292731852495887
26021,LOF,0.04629250475649581,0.11496727804957547,0.8387402171939288
26022,LOF,0.011407583525957452,0.04125683902684176,0.9473355774472008
26023,LOF,0.06468565781509474,0.025307602595995234,0.91000673958891
26024,LOF,0.0312640426966347,0.11694349140620958,0.8517924658971556
26025,LOF,0.14813402341889856,0.095000486735871,0.7568654898452305
26026,LOF,0.3079498943761669,0.0293378413264957,0.6627122642973374
26027,LOF,0.05548595285927853,0.019367754364241714,0.9251462927764796
26028,LOF,0.165663151404722,0.05935941614105272,0.7749774324542252
26029,LOF,0.07469536902924583,0.14218213087789025,0.783122500092864
26030,LOF,0.0229775866853907,0.03243014758426404,0.9445922657303453
26031,LOF,0.027270270595929142,0.10120719620614944,0.8715225331979215
26032,LOF,0.06643146108028038,0.04692550550215728,0.8866430334175623
26033,LOF,0.08857714224937263,0.04648139269338153,0.8649414650572459
26034,LOF,0.04590087713560485,0.12096788379824373,0.8331312390661514
26035,LOF,0.026907808022101715,0.11675770797107608,0.8563344840068221
26036,LOF,0.04112524999016549,0.13552135213856237,0.823353397871272
26037,LOF,0.022122528497416655,0.09270433961112184,0.8851731318914614
26038,LOF,0.062307781825810295,0.04878164572399026,0.8889105724501994
26039,LOF,0.05069143294823713,0.11474976496869121,0.8345588020830715
26040,LOF,0.21779231906917368,0.08848015077024711,0.6937275301605792
26041,LOF,0.0228378860947385,0.08479676552568179,0.8923653483795797
26042,LOF,0.020964340123022954,0.08117127468530311,0.897864385191674
26043,LOF,0.06281584935987997,0.0566035858391103,0.8805805648010097
26044,LOF,0.019954919767968527,0.042096534985594625,0.9379485452464368
26045,LOF,0.066908828505372,0.07689580244667744,0.8561953690479505
26046,LOF,0.058537976057403115,0.0475229870708933,0.8939390368717035
26047,LOF,0.07797467845900546,0.04912332860230951,0.872901992938685
26048,LOF,0.04258293217984222,0.030319926112948314,0.9270971417072095
26049,Neutral,0.9685640034488875,0.0052197498199183226,0.026216246731194045
26050,Neutral,0.9522992267775776,0.006422361772304216,0.04127841145011829
26051,LOF,0.046399327349287645,0.25601606317461656,0.6975846094760957
26052,LOF,0.06744685678038874,0.2799624742388665,0.6525906689807447
26053,LOF,0.06540494439374436,0.14085324168774263,0.793741813918513
26054,LOF,0.047553046768236885,0.018414659595330573,0.9340322936364327
26055,LOF,0.06614558502508132,0.01631794853101081,0.9175364664439077
26056,LOF,0.05662845377556602,0.01872233775668758,0.9246492084677463
26057,LOF,0.02948547535122359,0.012277307670282997,0.9582372169784934
26058,LOF,0.030584656161051434,0.009860008943427123,0.9595553348955214
26059,LOF,0.26835113143863903,0.021808332967922842,0.7098405355934381
26060,LOF,0.041959588816593445,0.18465767442325437,0.7733827367601522
26061,LOF,0.0157311570878798,0.012167083916652293,0.972101758995468
26062,LOF,0.00966054536340144,0.019312634018867528,0.971026820617731
26063,LOF,0.01940181337939421,0.010601074454924411,0.9699971121656814
26064,LOF,0.02015604675433649,0.024621537201555146,0.9552224160441083
26065,LOF,0.024002679999618238,0.011408227152517922,0.9645890928478639
26066,LOF,0.018985147185067476,0.010605043312500223,0.9704098095024323
26067,LOF,0.026249909419236928,0.008717083519556123,0.965033007061207
26068,LOF,0.043304372455980226,0.029956391269314018,0.9267392362747057
26069,LOF,0.25629797234571605,0.019370889709538222,0.7243311379447457
26070,LOF,0.40785147908352765,0.01564946684832261,0.5764990540681497
26071,LOF,0.0192906975836795,0.011799866588048078,0.9689094358282723
26072,LOF,0.019680311583056824,0.02100011497706711,0.959319573439876
26073,LOF,0.018647317328199787,0.013795544192310535,0.9675571384794898
26074,Neutral,0.9244065512228286,0.006119146191402963,0.06947430258576852
26075,LOF,0.04440616827054554,0.014883247029859352,0.9407105846995951
26076,LOF,0.036445123938605245,0.00859794544635903,0.9549569306150357
26077,LOF,0.009049835125498439,0.014512556208705984,0.9764376086657957
26078,LOF,0.015733593924788934,0.012194827816738219,0.9720715782584729
26079,LOF,0.057630911552669195,0.01728439431124497,0.925084694136086
26080,LOF,0.05710385117585695,0.01729406135093285,0.9256020874732102
26081,LOF,0.03194774157594637,0.006736547470285854,0.9613157109537678
26082,LOF,0.012616893002437143,0.015103903454544017,0.9722792035430189
26083,LOF,0.1803332939475786,0.014461041240070877,0.8052056648123506
26084,LOF,0.04148260695403311,0.012258975889669182,0.9462584171562977
26085,LOF,0.03651784285855952,0.01170402849328718,0.9517781286481533
26086,LOF,0.01988237528358446,0.011412607600362801,0.9687050171160527
26087,LOF,0.021845533823188816,0.008779834773218021,0.9693746314035933
26088,LOF,0.016235110803164067,0.0260757657533614,0.9576891234434745
26089,LOF,0.040337366688934395,0.023474408540347054,0.9361882247707186
26090,LOF,0.04015014387840909,0.019189548853056074,0.9406603072685348
26091,LOF,0.029870081001531604,0.006428402556668715,0.9637015164417998
26092,LOF,0.021318150659887798,0.008492290164497204,0.970189559175615
26093,LOF,0.03140649672336993,0.006191631854246595,0.9624018714223834
26094,LOF,0.03353959211206183,0.006036674513360542,0.9604237333745776
26095,LOF,0.04042643208917204,0.013912255523414484,0.9456613123874134
26096,LOF,0.015834147661274865,0.01151953670092746,0.9726463156377977
26097,LOF,0.011105848469789487,0.039378822514334715,0.9495153290158757
26098,LOF,0.07883492262898185,0.011698925499977052,0.9094661518710411
26099,LOF,0.01966899946546704,0.012430011133561772,0.9679009894009712
26100,LOF,0.021522370653353322,0.012111004353974013,0.9663666249926727
26101,LOF,0.0434795905327076,0.01815056730462286,0.9383698421626696
26102,LOF,0.019081302819619426,0.014079615288296269,0.9668390818920842
26103,Neutral,0.8792643384004988,0.018526689821112843,0.10220897177838843
26104,LOF,0.0761517026089814,0.02466922665012707,0.8991790707408915
26105,LOF,0.19470246024308843,0.28330531656368607,0.5219922231932255
26106,LOF,0.16953991425580583,0.14102307571079906,0.6894370100333951
26107,LOF,0.2218343955259517,0.09067720144363717,0.687488403030411
26108,LOF,0.23215805594837,0.09467933338349487,0.6731626106681351
26109,LOF,0.08662861731485032,0.06255969496603289,0.8508116877191169
26110,LOF,0.2297518542854243,0.006717015574708131,0.7635311301398675
26111,Neutral,0.5378205175979635,0.021309180358699022,0.44087030204333755
26112,LOF,0.032360751744635825,0.006698703983432337,0.9609405442719319
26113,LOF,0.059684676291290296,0.015017768209586412,0.9252975554991232
26114,LOF,0.025488054677380977,0.02643681395997131,0.9480751313626478
26115,LOF,0.09001788158110446,0.04664132486496481,0.8633407935539307
26116,LOF,0.06323680177090768,0.05581446772384816,0.8809487305052441
26117,LOF,0.46080130122719093,0.04303526874110686,0.49616343003170216
26118,LOF,0.034673580671462555,0.025636079309578397,0.939690340018959
26119,LOF,0.02361919924872877,0.03960264114283685,0.9367781596084344
26120,LOF,0.02395255531230097,0.019385210873153282,0.9566622338145457
26121,LOF,0.03898680019686856,0.08329728826225952,0.8777159115408719
