feature0,prediction,LoGoFunc_Neutral,LoGoFunc_GOF,LoGoFunc_LOF
25546,Neutral,0.6714964169707104,0.058676861525662725,0.26982672150362685
25547,Neutral,0.5217860990078954,0.10675423132162797,0.37145966967047667
25548,Neutral,0.5123873407313262,0.08652637303959862,0.4010862862290752
25549,LOF,0.45643526096585424,0.0855796723202668,0.4579850667138789
25550,LOF,0.36759531858399624,0.122369426442219,0.5100352549737848
25551,LOF,0.31879316400997054,0.13203336979723673,0.5491734661927927
25552,LOF,0.252440920588181,0.1351288282543982,0.6124302511574209
25553,Neutral,0.8200396178297686,0.045061051369028056,0.13489933080120312
25554,LOF,0.29840208615024333,0.12329949329189885,0.5782984205578579
25555,LOF,0.25002404227875547,0.11743453646945186,0.6325414212517927
25556,Neutral,0.45769317338611176,0.10089626055906321,0.44141056605482504
25557,LOF,0.24376080608847978,0.12287521119936486,0.6333639827121554
25558,LOF,0.3085609210867633,0.12172699276171647,0.5697120861515201
25559,LOF,0.1939716875331879,0.13915205942395775,0.6668762530428545
25560,LOF,0.1540901151894033,0.0963735363521209,0.7495363484584758
25561,LOF,0.14625179996892038,0.09683634504649904,0.7569118549845806
25562,LOF,0.07328119224151537,0.0640868447682693,0.8626319629902153
25563,LOF,0.019202255727617436,0.13118620970178294,0.8496115345705996
25564,LOF,0.22945937433828667,0.10919634224970803,0.6613442834120054
25565,LOF,0.2318488637895529,0.12531170355590554,0.6428394326545416
25566,GOF,0.09787888724156857,0.7005812938044041,0.20153981895402748
25567,LOF,0.03917765382777236,0.12509724391408927,0.8357251022581382
25568,LOF,0.06037470783314749,0.06867261780556133,0.8709526743612911
25569,LOF,0.05656255497531328,0.07084592035707936,0.8725915246676074
25570,LOF,0.027365792838383057,0.09973637997438072,0.8728978271872363
25571,LOF,0.02661574912056579,0.10645587732859267,0.8669283735508416
25572,LOF,0.05934083285795635,0.1101125575690597,0.8305466095729841
25573,LOF,0.05550694768712977,0.08270451007825427,0.8617885422346159
25574,LOF,0.055236619544571285,0.18458279360972055,0.7601805868457082
25575,LOF,0.023392370177849748,0.11479531945729736,0.8618123103648528
25576,LOF,0.03256996676438443,0.14515446620018047,0.8222755670354351
25577,LOF,0.029618063312627157,0.10605547317166124,0.8643264635157116
25578,LOF,0.3053003450650329,0.07866834796016664,0.6160313069748005
25579,LOF,0.1237795655731425,0.08843387416565607,0.7877865602612015
25580,LOF,0.019796952200291887,0.07968091850068648,0.9005221292990216
25581,LOF,0.05212757428054736,0.06493172262520353,0.8829407030942491
25582,LOF,0.051955421487464695,0.06354708245167984,0.8844974960608555
25583,LOF,0.020144816979479147,0.07897674538118504,0.9008784376393358
25584,Neutral,0.6703952538277238,0.10660924574717522,0.22299550042510097
25585,LOF,0.02821172540437524,0.11161683400909489,0.8601714405865298
25586,LOF,0.01895831876683148,0.06535722794669242,0.9156844532864762
25587,LOF,0.01844760720646272,0.05901180350978129,0.922540589283756
25588,LOF,0.021331736852930033,0.07232839511813775,0.9063398680289323
25589,Neutral,0.5169343731152121,0.19319246824853067,0.2898731586362573
25590,LOF,0.04764063973003357,0.10331155247701432,0.8490478077929521
25591,LOF,0.09388788436122922,0.055729564625591387,0.8503825510131795
25592,LOF,0.0564451102030971,0.1228507115592349,0.820704178237668
25593,LOF,0.13923789309021342,0.23136711936113805,0.6293949875486485
25594,LOF,0.051128170607653796,0.111626885252202,0.8372449441401442
25595,LOF,0.05371787541327535,0.07834431727165517,0.8679378073150694
25596,LOF,0.11191288120559863,0.04492240767067895,0.8431647111237224
25597,LOF,0.08357430505037462,0.05305357212930656,0.8633721228203188
25598,LOF,0.05088806317688721,0.07950536268127449,0.8696065741418384
25599,GOF,0.020326027659232696,0.5058267741021277,0.4738471982386396
25600,GOF,0.14832085711939075,0.5117181900744042,0.33996095280620503
25601,LOF,0.035373186782170475,0.4075478697353422,0.5570789434824873
25602,LOF,0.03113015065573386,0.055632613523690436,0.9132372358205757
25603,LOF,0.03537664789335779,0.031329236828749094,0.9332941152778931
25604,LOF,0.036158160523874126,0.05947020164063467,0.9043716378354911
25605,LOF,0.039743062990562496,0.184807185975196,0.7754497510342415
25606,LOF,0.4192590086406169,0.1019022626453006,0.47883872871408256
25607,LOF,0.02312219589600354,0.18199277717929369,0.7948850269247029
25608,LOF,0.034787066250624846,0.07508928987923168,0.8901236438701435
25609,GOF,0.14841139721318777,0.5670333800817015,0.2845552227051108
25610,LOF,0.014545807837227517,0.027485000750067337,0.9579691914127051
25611,LOF,0.014103713967561451,0.03243891756002201,0.9534573684724166
25612,LOF,0.04723455169698259,0.03971668529469327,0.9130487630083242
25613,LOF,0.04525392287326665,0.03959761281562836,0.915148464311105
25614,LOF,0.020850661471642055,0.025252122086736405,0.9538972164416215
25615,LOF,0.04535265753450474,0.03738046797550488,0.9172668744899903
25616,LOF,0.04259645754220348,0.029520573699249656,0.9278829687585469
25617,LOF,0.040621272288509924,0.03815130712518259,0.9212274205863075
25618,LOF,0.05211451231570667,0.03611766291319155,0.9117678247711019
25619,LOF,0.014843828446994722,0.031457213879184445,0.9536989576738207
25620,LOF,0.058657332227881595,0.04356088740047728,0.8977817803716411
25621,LOF,0.05012915462157544,0.03397044451638906,0.9159004008620354
25622,LOF,0.05693907589780034,0.031781914788303216,0.9112790093138964
25623,LOF,0.0666742556675787,0.02654089152466948,0.9067848528077519
25624,LOF,0.017259169192853786,0.03350982081647424,0.9492310099906719
25625,LOF,0.06578071897072683,0.03676889878669801,0.8974503822425751
25626,LOF,0.04625666213703297,0.03623138556529398,0.917511952297673
25627,Neutral,0.8911839249922925,0.020721792316147486,0.08809428269155992
25628,LOF,0.12705162106658194,0.05894930451952567,0.8139990744138924
25629,LOF,0.05888673827225127,0.039031150347062386,0.9020821113806863
25630,LOF,0.26678589308003814,0.07153212388999577,0.661681983029966
25631,Neutral,0.5579413401855515,0.05277569409486697,0.3892829657195815
25632,LOF,0.02845576405056266,0.06021936880586604,0.9113248671435712
25633,LOF,0.19606021526165046,0.03506693011991727,0.7688728546184322
25634,LOF,0.03553575282687877,0.07706257741281002,0.8874016697603112
25635,LOF,0.03845027511406308,0.043510915074372616,0.9180388098115643
25636,LOF,0.035380268855207654,0.46033817566687246,0.5042815554779199
25637,GOF,0.05894395798057019,0.49924425876592093,0.4418117832535089
25638,LOF,0.03200386992965813,0.30897539018222264,0.6590207398881192
25639,LOF,0.03172413231120186,0.35610813879522146,0.6121677288935766
25640,Neutral,0.8103558361030617,0.14303668601124706,0.046607477885691286
25641,LOF,0.05241324054984999,0.4268018735371744,0.5207848859129757
25642,LOF,0.0395125703601731,0.1494650731798051,0.8110223564600219
25643,LOF,0.20113353254775942,0.1559356011306563,0.6429308663215844
25644,LOF,0.020308092162396905,0.4521475720586665,0.5275443357789366
25645,LOF,0.019553810409481433,0.404622590379065,0.5758235992114535
25646,LOF,0.05115992109376237,0.3142969428868412,0.6345431360193965
25647,LOF,0.022119173737962475,0.2513000157163167,0.7265808105457209
25648,LOF,0.02994693515267357,0.23267857708707446,0.7373744877602518
25649,LOF,0.015048168086474455,0.228630061591545,0.7563217703219804
25650,LOF,0.05100479676539077,0.4061291174653146,0.5428660857692946
25651,LOF,0.015791931376663324,0.2615140701271239,0.7226939984962129
25652,LOF,0.025995811339541704,0.25047377410270283,0.7235304145577554
25653,LOF,0.07559507489206056,0.3899350768647549,0.5344698482431844
25654,LOF,0.023413209668074784,0.1851995433400664,0.7913872469918588
25655,LOF,0.2225623565667162,0.3725491647556246,0.40488847867765926
25656,LOF,0.2909329995030429,0.04708896223165704,0.6619780382653001
25657,LOF,0.07259630173486724,0.054637965643066694,0.8727657326220661
25658,LOF,0.4029963065470416,0.04991191680714665,0.5470917766458117
25659,Neutral,0.49230735425757255,0.07533313131026437,0.43235951443216303
25660,LOF,0.028586768414925665,0.07699551527169131,0.8944177163133831
25661,LOF,0.08839853540743552,0.0568211251484756,0.8547803394440888
25662,LOF,0.033789871971662146,0.03170589929817533,0.9345042287301625
25663,LOF,0.04004003210094505,0.042862295770405186,0.9170976721286498
25664,LOF,0.13426618090599632,0.05412508055674276,0.8116087385372608
25665,LOF,0.054154817512845545,0.028961284820378085,0.9168838976667762
25666,LOF,0.09032306889040871,0.07106396693359816,0.8386129641759932
25667,LOF,0.06456598279258513,0.034305369569235356,0.9011286476381795
25668,LOF,0.03721475484860141,0.045330257686605716,0.9174549874647928
25669,LOF,0.0346299592961519,0.050093350210507835,0.9152766904933403
25670,LOF,0.1383123810751458,0.0446552120227685,0.8170324069020857
25671,LOF,0.0946611373624862,0.030588690958272737,0.8747501716792411
25672,LOF,0.0521624314774513,0.03899154845682966,0.9088460200657189
25673,LOF,0.08586602783925215,0.03990841296496246,0.8742255591957854
25674,LOF,0.07469270670840786,0.049484901201870136,0.8758223920897219
25675,LOF,0.12492155808589009,0.045776297351777205,0.8293021445623328
25676,LOF,0.018054582444457224,0.04790611630725783,0.9340393012482849
25677,LOF,0.026083020795352047,0.06592550900217398,0.9079914702024741
25678,LOF,0.19019287650206626,0.0550492017782766,0.7547579217196572
25679,LOF,0.12170561509692461,0.07715142625666041,0.8011429586464149
25680,LOF,0.03130243316344828,0.10064483712891238,0.8680527297076392
25681,LOF,0.05179525470123729,0.09665610079209544,0.8515486445066671
25682,LOF,0.13587677823326597,0.0664277980370814,0.7976954237296526
25683,LOF,0.123314658786879,0.08862675733269407,0.788058583880427
25684,LOF,0.04250748053797397,0.06318159938565816,0.8943109200763678
25685,LOF,0.1334594098765454,0.04598512066108303,0.8205554694623717
25686,LOF,0.08220562278886598,0.09162512828511245,0.8261692489260215
25687,LOF,0.11938422973500001,0.09341515945865897,0.7872006108063411
25688,LOF,0.30623820181943034,0.0361137578522928,0.6576480403282768
25689,LOF,0.22864234918127713,0.04316826057243324,0.7281893902462896
25690,LOF,0.3549521910833575,0.02802420130453163,0.6170236076121108
25691,Neutral,0.7007383731255716,0.02297919450399199,0.2762824323704363
25692,LOF,0.3243541296616424,0.010885649079145864,0.6647602212592117
25693,GOF,0.046868048836642175,0.4827432696949156,0.4703886814684423
25694,LOF,0.12072322081183684,0.019559853762856752,0.8597169254253064
25695,LOF,0.11424924164279252,0.018356958685160386,0.8673937996720471
25696,LOF,0.10966269431280773,0.010741603477028606,0.8795957022101637
25697,LOF,0.11430217499128527,0.03200747026524777,0.8536903547434669
25698,LOF,0.31584804719697257,0.2361466985341129,0.4480052542689146
25699,LOF,0.43269903037224955,0.03673143730407249,0.530569532323678
25700,LOF,0.05241416143911574,0.00813425730702814,0.9394515812538561
25701,LOF,0.17859517959195637,0.04200077702882343,0.7794040433792201
25702,GOF,0.1713168933640492,0.5589750781148557,0.269708028521095
25703,LOF,0.01677661296580491,0.1811999932378192,0.802023393796376
25704,LOF,0.049461880028818746,0.12183941032781989,0.8286987096433613
25705,LOF,0.05738465132409805,0.18856831134057128,0.7540470373353306
25706,LOF,0.10640978764664293,0.37368416593399145,0.5199060464193657
25707,LOF,0.09909451096994089,0.30421705055008247,0.5966884384799767
25708,LOF,0.030122084505979432,0.28127967030296885,0.6885982451910517
25709,LOF,0.05657671836549496,0.04445269986248928,0.8989705817720158
25710,LOF,0.011760336890554229,0.14525678515502524,0.8429828779544205
25711,LOF,0.018847301255392107,0.1023677059062083,0.8787849928383996
25712,LOF,0.013051006031855708,0.2030993951774782,0.7838495987906661
25713,LOF,0.017958250346334418,0.08962628531899576,0.8924154643346698
25714,LOF,0.06567604004278565,0.08836204769728143,0.8459619122599329
25715,LOF,0.010188320184550771,0.1486865288125839,0.8411251510028652
25716,LOF,0.014610281665984404,0.1277641664645677,0.8576255518694479
25717,LOF,0.013054427774717561,0.08434240765288843,0.902603164572394
25718,LOF,0.012023061558839206,0.10964352712971642,0.8783334113114444
25719,LOF,0.017915096455251082,0.08599720783350691,0.8960876957112419
25720,LOF,0.0205563068879994,0.07787977348270102,0.9015639196292997
25721,LOF,0.014957246264717125,0.11800908470531936,0.8670336690299635
25722,LOF,0.012451223030831222,0.13845691801287424,0.8490918589562946
25723,LOF,0.021388266159272015,0.04906260158941927,0.9295491322513088
25724,LOF,0.02154915078747244,0.0935845155031553,0.8848663337093723
25725,LOF,0.011506927295870004,0.07312859761217037,0.9153644750919596
25726,LOF,0.013880817038123872,0.1122492228617497,0.8738699601001264
25727,LOF,0.012930150327327911,0.08655016481508472,0.9005196848575874
25728,LOF,0.009715294142167145,0.12069924191857788,0.869585463939255
25729,LOF,0.009859465739198,0.12003547503628564,0.8701050592245164
25730,LOF,0.013029318104148974,0.09044032483846129,0.8965303570573897
25731,LOF,0.02159341030570914,0.10999710280082649,0.8684094868934644
25732,LOF,0.014569203587270707,0.08900501114887394,0.8964257852638554
25733,LOF,0.015782502412727967,0.08122285034400996,0.9029946472432621
25734,LOF,0.013269974246492334,0.12635939523088388,0.8603706305226237
25735,LOF,0.013662189182976148,0.0938264665346141,0.8925113442824097
25736,LOF,0.013696573095241553,0.11694256266999349,0.869360864234765
25737,LOF,0.019944581361661818,0.08785460361991873,0.8922008150184194
25738,LOF,0.013372292633600787,0.1139397675515789,0.8726879398148203
25739,LOF,0.018951103301684723,0.09448370692938848,0.8865651897689268
25740,LOF,0.02601814275528906,0.10659699700773433,0.8673848602369767
25741,LOF,0.014614265531325936,0.11657509168013629,0.8688106427885378
25742,LOF,0.10855378548008746,0.08970936554151164,0.8017368489784009
25743,LOF,0.031366600625514426,0.027524717593448707,0.9411086817810369
25744,Neutral,0.6039588451277245,0.19431299825388917,0.20172815661838633
25745,LOF,0.07951384244047922,0.0670513585358935,0.8534347990236273
25746,LOF,0.039523721378894185,0.0749082654765987,0.8855680131445072
25747,LOF,0.021808498418577005,0.04321052868471654,0.9349809728967065
25748,LOF,0.09538012142315094,0.05975799395846024,0.8448618846183887
25749,LOF,0.02585801958736261,0.07841155997389508,0.8957304204387424
25750,LOF,0.07686779587079046,0.0840978197402203,0.8390343843889893
25751,LOF,0.08604044567820165,0.060661286028929756,0.8532982682928686
25752,GOF,0.10093710039720516,0.6709669920239907,0.22809590757880419
25753,LOF,0.01903621947472987,0.30253582321400196,0.6784279573112683
25754,GOF,0.00981322615530553,0.7784222457379957,0.21176452810669888
25755,LOF,0.021684561084894728,0.4072397103603183,0.5710757285547869
25756,LOF,0.03905446016658368,0.4012385115882024,0.5597070282452139
25757,GOF,0.01329560470176569,0.8344454432202033,0.152258952078031
25758,GOF,0.030155587137057103,0.8301310153603693,0.1397133975025736
25759,GOF,0.010984509744576943,0.5478812136093356,0.44113427664608745
25760,LOF,0.011876166771784694,0.26369517789425084,0.7244286553339645
25761,GOF,0.24419988966276093,0.6668365063259004,0.08896360401133875
25762,LOF,0.03338996788233651,0.29105491495277297,0.6755551171648905
25763,LOF,0.01262402789509389,0.21154798690540963,0.7758279851994964
25764,GOF,0.07658960609388057,0.6254176029988826,0.2979927909072368
25765,GOF,0.04037111599382672,0.7682024544493313,0.1914264295568419
25766,GOF,0.05557436346253443,0.7945381943563747,0.14988744218109082
25767,GOF,0.15869950508559416,0.45358130508464817,0.3877191898297577
25768,LOF,0.08968275553049504,0.058572793825752145,0.8517444506437528
25769,LOF,0.06459791470359381,0.06941694319004797,0.8659851421063584
25770,LOF,0.27985421346634237,0.0837435936687024,0.6364021928649553
25771,LOF,0.04016018082876857,0.05014018121478966,0.9096996379564417
25772,LOF,0.016311435794721427,0.03413941777718412,0.9495491464280944
25773,LOF,0.046589934105894,0.08591454516865278,0.8674955207254532
25774,LOF,0.027098755787197636,0.07569231228680741,0.897208931925995
25775,LOF,0.04700591463109935,0.04629832798250625,0.9066957573863943
25776,LOF,0.06666138107929104,0.027281616811681772,0.9060570021090271
25777,LOF,0.34385590066031607,0.048696813682785826,0.6074472856568981
25778,LOF,0.06036731640837923,0.052373018531378344,0.8872596650602425
25779,GOF,0.3514125560315893,0.6090053482513796,0.039582095717031085
25780,GOF,0.3033379949843112,0.6252234861013851,0.07143851891430375
25781,GOF,0.1371485932391569,0.761663106121168,0.10118830063967504
25782,GOF,0.19864931970609712,0.7358683577094748,0.065482322584428
25783,GOF,0.02879069057861744,0.6576409255386736,0.31356838388270886
25784,Neutral,0.4891541435342412,0.47555176244267766,0.03529409402308117
25785,GOF,0.44009692119964644,0.5243953271061199,0.035507751694233695
25786,GOF,0.02803314302384766,0.76926937742506,0.20269747955109238
25787,Neutral,0.6374635924808874,0.33986368640095904,0.0226727211181537
25788,LOF,0.05034624833374912,0.10687550048177974,0.8427782511844712
25789,GOF,0.19386793919384457,0.681671880408076,0.12446018039807942
25790,GOF,0.2013248791164103,0.6943735819398674,0.10430153894372218
25791,GOF,0.16756976440957808,0.6749861767398603,0.1574440588505617
25792,GOF,0.3468111017495566,0.5382410046959438,0.11494789355449964
25793,GOF,0.2638716041182232,0.5553614890880504,0.18076690679372642
25794,GOF,0.28722116228690897,0.551697301983953,0.16108153572913814
25795,GOF,0.0809035629786228,0.6937084989535003,0.225387938067877
25796,Neutral,0.5284713921245583,0.4083440362982168,0.06318457157722505
25797,GOF,0.08683077301110506,0.5745052383465012,0.3386639886423937
25798,GOF,0.008762885575013207,0.5196415739302195,0.4715955404947673
25799,LOF,0.007012247274937115,0.4193082644930566,0.5736794882320063
25800,GOF,0.033152399987549284,0.6129333685229557,0.3539142314894951
25801,GOF,0.1992383664794275,0.6805726311366324,0.1201890023839401
25802,GOF,0.07754953754383309,0.6993422369453248,0.22310822551084208
25803,GOF,0.03723587918422709,0.5859930925120663,0.3767710283037066
25804,GOF,0.031917975047387095,0.4971918182278471,0.47089020672476595
25805,GOF,0.09523706414475583,0.6105626023930291,0.2942003334622151
25806,GOF,0.09569670234767327,0.5964695600234313,0.30783373762889543
25807,GOF,0.020702050550080793,0.6330604333857918,0.3462375160641274
25808,GOF,0.09088113219526239,0.6316448307046023,0.2774740371001354
25809,GOF,0.016345218262180584,0.5863645670217601,0.3972902147160594
25810,GOF,0.0159147688959911,0.6263110439258399,0.35777418717816895
25811,GOF,0.44240199725152207,0.47765820754793736,0.07993979520054058
25812,GOF,0.028802516456955057,0.6322548236691335,0.3389426598739114
25813,Neutral,0.49084842019893826,0.42176601606333847,0.08738556373772323
25814,GOF,0.11767785364687076,0.6425313810518005,0.23979076530132878
25815,GOF,0.19222947464732293,0.6252807119375325,0.1824898134151446
25816,GOF,0.022788943609406646,0.7035419726026482,0.27366908378794524
25817,GOF,0.23992256137850196,0.6344741217074407,0.12560331691405735
25818,GOF,0.05153788822651653,0.6880440716885574,0.26041804008492614
25819,GOF,0.34896069461855017,0.5254962693599358,0.12554303602151415
25820,GOF,0.18610478002273065,0.6158840335773194,0.19801118639994997
25821,GOF,0.05855249165336166,0.6914969961458064,0.24995051220083186
25822,GOF,0.22364902746575738,0.5812823970465395,0.19506857548770315
25823,GOF,0.03160127425030823,0.5431150853645079,0.42528364038518396
25824,GOF,0.09623275723001103,0.6184044094778818,0.2853628332921072
25825,GOF,0.03502836981123023,0.618061552640201,0.34691007754856873
25826,GOF,0.01618729348521949,0.5951403431084779,0.38867236340630273
25827,GOF,0.02376292582494429,0.6131669660740937,0.363070108100962
25828,GOF,0.014287824760071876,0.5371902025538339,0.4485219726860942
25829,GOF,0.005553124683386525,0.583491794887728,0.4109550804288855
25830,LOF,0.040465867222235725,0.27896727997571014,0.6805668528020541
25831,GOF,0.22813920058835438,0.6601190107490564,0.11174178866258902
25832,GOF,0.033488708963198055,0.7209404502923195,0.24557084074448243
25833,GOF,0.11513745919546094,0.7361310679043945,0.1487314729001446
25834,GOF,0.03010732445134846,0.7435598423277995,0.22633283322085207
25835,GOF,0.06268870133349935,0.7794548126155989,0.15785648605090177
25836,GOF,0.033296973340024294,0.7049559082126773,0.26174711844729837
25837,GOF,0.02878831824329155,0.6246942616823155,0.3465174200743931
25838,GOF,0.11195537656162452,0.7645222665906916,0.1235223568476839
25839,GOF,0.2969175248209766,0.5806928184135804,0.12238965676544296
25840,GOF,0.25035731122392485,0.6202525207018655,0.12939016807420967
25841,GOF,0.22463323999707144,0.6460191716746098,0.1293475883283188
25842,GOF,0.14150796641650876,0.7361984212293454,0.1222936123541458
25843,GOF,0.20720631506813003,0.7038144519301769,0.08897923300169308
25844,GOF,0.0616065590432972,0.7363537058905327,0.20203973506617015
25845,GOF,0.016365492915980124,0.5180738487654235,0.46556065831859644
25846,GOF,0.12680061717532123,0.7255518227426587,0.1476475600820201
25847,GOF,0.09777927339840893,0.7963947848327587,0.10582594176883237
25848,GOF,0.03495374012564357,0.7268616485936265,0.2381846112807301
25849,GOF,0.010379122431508288,0.6207418132045962,0.36887906436389556
25850,GOF,0.019687418946199194,0.6457066066645278,0.33460597438927286
25851,GOF,0.01613535799753745,0.5431670607814959,0.44069758122096664
25852,GOF,0.15212101678057105,0.5544109013616706,0.2934680818577584
25853,GOF,0.34522990865244235,0.583632357857383,0.0711377334901746
25854,GOF,0.022601060258630946,0.6371532292055284,0.34024571053584063
25855,GOF,0.03302957384181141,0.5765468676292315,0.3904235585289571
25856,GOF,0.2385769520526149,0.554661000863021,0.20676204708436424
25857,GOF,0.037637727464027396,0.5250864780796629,0.4372757944563096
25858,GOF,0.01962388898065466,0.5448614492274263,0.43551466179191894
25859,GOF,0.009981735044015321,0.523082282589312,0.46693598236667266
25860,GOF,0.3548605759403664,0.5682155291708393,0.0769238948887943
25861,GOF,0.4071780371694552,0.5282085051262281,0.06461345770431663
25862,GOF,0.08866175095917422,0.7898751398878423,0.12146310915298357
25863,GOF,0.08483403530565245,0.7895216871967476,0.12564427749760007
25864,GOF,0.2000946622182641,0.73324340256959,0.06666193521214588
25865,GOF,0.08720934014993491,0.8117248987727823,0.10106576107728289
25866,GOF,0.0578213263526792,0.8040982471516246,0.13808042649569624
25867,GOF,0.08401443944480745,0.8273784203216635,0.08860714023352906
25868,GOF,0.2389440177675367,0.6667371945236482,0.0943187877088151
25869,Neutral,0.7060416358504695,0.25180813600177054,0.042150228147759934
25870,GOF,0.29271478344401636,0.4010597888536835,0.30622542770230027
25871,GOF,0.19545506457898548,0.6680048479961972,0.13654008742481727
25872,GOF,0.08020126204756506,0.6730500239618954,0.24674871399053952
25873,GOF,0.1112336227923226,0.7043636192159228,0.1844027579917545
25874,LOF,0.015129377676152252,0.11154895303734448,0.8733216692865032
25875,LOF,0.08805553123872634,0.04463681211301441,0.8673076566482594
25876,LOF,0.032545589223972785,0.031570919741158034,0.9358834910348691
25877,Neutral,0.5005679143975137,0.04403840664289823,0.45539367895958816
25878,LOF,0.20760583033732916,0.08981428990165213,0.7025798797610187
25879,LOF,0.08486942302144154,0.09183265226866431,0.8232979247098943
25880,LOF,0.0403588920820559,0.013856666845043619,0.9457844410729005
25881,LOF,0.1681864956803657,0.10530641459649524,0.726507089723139
25882,LOF,0.06213548541118854,0.01615788468440221,0.9217066299044092
25883,LOF,0.060727075453134875,0.01938256964751741,0.9198903548993477
25884,LOF,0.030738314252583814,0.027766855407270412,0.9414948303401457
25885,LOF,0.05908563350651918,0.01112666162962815,0.9297877048638528
25886,LOF,0.24929837307959812,0.03962882519377958,0.7110728017266222
25887,LOF,0.15065203739761215,0.05820162986991108,0.7911463327324767
25888,LOF,0.06598536699329643,0.05361937054221925,0.8803952624644842
25889,LOF,0.03985249014294482,0.018826624551163202,0.941320885305892
25890,LOF,0.046728319793619896,0.15751643176607566,0.7957552484403044
25891,LOF,0.037215292009849694,0.058049638081369946,0.9047350699087804
25892,LOF,0.07973199676839932,0.021179595151132314,0.8990884080804683
25893,LOF,0.2500822412792044,0.018490882593381833,0.7314268761274139
25894,LOF,0.1638285425831709,0.01003997553981064,0.8261314818770185
25895,LOF,0.20242738793514245,0.022416566691666553,0.775156045373191
25896,LOF,0.04874340982609529,0.021180234603415594,0.9300763555704892
25897,LOF,0.26994817220295675,0.012564553840905587,0.7174872739561377
25898,Neutral,0.7119258266260078,0.010100705082492957,0.2779734682914993
25899,LOF,0.2051761892151379,0.020480898055782317,0.7743429127290798
25900,LOF,0.4258942470149926,0.01392779025035637,0.560177962734651
25901,LOF,0.052728772102885804,0.011262999038826913,0.9360082288582874
25902,LOF,0.14720266907785431,0.013657051932899884,0.8391402789892457
25903,Neutral,0.5699189570913462,0.026480688414530724,0.40360035449412307
25904,LOF,0.30802521877725364,0.03816448081222158,0.6538103004105248
25905,LOF,0.025343824782052455,0.312933866392243,0.6617223088257046
25906,LOF,0.03302403836813762,0.07758154654266282,0.8893944150891995
25907,LOF,0.015017444130118737,0.3417270261209527,0.6432555297489285
25908,LOF,0.01009352603247385,0.25152191482971187,0.7383845591378143
25909,LOF,0.012695024181913818,0.14234880905173872,0.8449561667663475
25910,LOF,0.05269639591149937,0.14248389939213668,0.8048197046963639
25911,LOF,0.17707202895585578,0.03606853297849173,0.7868594380656525
25912,LOF,0.046572063220268405,0.06137867875481359,0.8920492580249181
25913,LOF,0.3421093191933941,0.028319657930673734,0.6295710228759321
25914,LOF,0.020795379148821094,0.05301118845632377,0.9261934323948551
25915,Neutral,0.5762598529354329,0.12633421790156665,0.2974059291630005
25916,LOF,0.08047010950897807,0.18021070349655866,0.7393191869944633
25917,LOF,0.060607324047971194,0.03763814658238006,0.9017545293696487
25918,LOF,0.02127735741734427,0.0316040549727346,0.9471185876099211
25919,LOF,0.019037828031959386,0.03254392668193258,0.9484182452861081
25920,GOF,0.10975330997955493,0.4837975369642185,0.40644915305622664
25921,LOF,0.023862230590549916,0.035134699127887116,0.9410030702815629
25922,LOF,0.031369522369095,0.027646226357242648,0.9409842512736623
25923,LOF,0.46491940208585014,0.03833003428964317,0.49675056362450654
25924,LOF,0.03331882382313623,0.043576185829624,0.9231049903472397
25925,LOF,0.0642420346679517,0.04062204978114802,0.8951359155509002
25926,LOF,0.045686029772299463,0.03585696524306251,0.9184570049846381
25927,LOF,0.050484607860610375,0.1199580956431172,0.8295572964962725
25928,LOF,0.016016106250277787,0.049466420770121367,0.934517472979601
25929,Neutral,0.5791781874674452,0.04175137104573512,0.3790704414868196
25930,LOF,0.06488915767401221,0.033494210466502264,0.9016166318594855
25931,LOF,0.022268186362355204,0.03185977703743804,0.9458720366002067
25932,LOF,0.02661303938370319,0.027396186014522445,0.9459907746017744
25933,LOF,0.03648562429686839,0.019165457169255162,0.9443489185338764
25934,LOF,0.022254751831791687,0.020485445396770545,0.9572598027714377
25935,LOF,0.05575628543458406,0.05125968429684978,0.8929840302685662
25936,LOF,0.04158302403971798,0.025068816555306093,0.9333481594049761
25937,LOF,0.024246484237701624,0.041003149812084534,0.9347503659502138
25938,LOF,0.059509435968901486,0.05691931544782141,0.8835712485832772
25939,LOF,0.03846794936031585,0.021725205492765003,0.939806845146919
25940,LOF,0.028802321536303792,0.3369076377838705,0.6342900406798258
25941,LOF,0.1712144101696697,0.10095712647399895,0.7278284633563313
25942,LOF,0.012708879725957497,0.03604761570393408,0.9512435045701083
25943,LOF,0.30757182494913277,0.04713452614102475,0.6452936489098425
25944,Neutral,0.5109739329725024,0.021737242798633594,0.4672888242288639
25945,LOF,0.07504536000739705,0.020923903156623073,0.9040307368359799
25946,LOF,0.032932115765207194,0.12167959871946729,0.8453882855153255
25947,LOF,0.11768032449872079,0.15594665533082405,0.7263730201704551
25948,LOF,0.3745718083773758,0.0089990772678403,0.6164291143547839
25949,LOF,0.12517957347289613,0.03641301107993003,0.8384074154471738
25950,GOF,0.33606064652512596,0.34412238364385916,0.3198169698310148
25951,LOF,0.17656762319346603,0.2715567174405272,0.5518756593660068
25952,LOF,0.04304032248068533,0.4092655520017149,0.5476941255175998
25953,LOF,0.1397075743091027,0.12540815279914033,0.7348842728917571
25954,LOF,0.39256150367379056,0.18340417708033468,0.4240343192458748
25955,LOF,0.048441894529969,0.0799324196374401,0.8716256858325909
25956,LOF,0.17411513894575828,0.10281387584514805,0.7230709852090937
25957,LOF,0.038164706653957575,0.03090567398914012,0.9309296193569024
25958,LOF,0.051354156755982525,0.025884271951088843,0.9227615712929286
25959,LOF,0.07201151227553358,0.3475044353461901,0.5804840523782764
25960,LOF,0.015445455003661124,0.046798722130701416,0.9377558228656375
25961,LOF,0.039339426873174065,0.0248506483009505,0.9358099248258754
25962,LOF,0.05197870239773351,0.021756475826945655,0.9262648217753209
25963,LOF,0.048579340751284915,0.19414278974402727,0.7572778695046879
25964,LOF,0.0328952909790475,0.14816848495112825,0.8189362240698242
25965,LOF,0.41773897120008463,0.059960960049717446,0.5223000687501979
25966,Neutral,0.5200881647201934,0.1605288650099851,0.31938297026982154
25967,LOF,0.016695134694495763,0.10234277162469638,0.8809620936808079
25968,LOF,0.03609145768990503,0.3891437327322063,0.5747648095778888
25969,LOF,0.034733686180437415,0.059603448921951865,0.9056628648976107
25970,LOF,0.0660058854796333,0.06428170031251661,0.8697124142078502
25971,LOF,0.06790810170075043,0.02001260076242796,0.9120792975368217
25972,LOF,0.06873402100871998,0.028305932820507935,0.9029600461707722
25973,LOF,0.0696719402900979,0.00928207338311921,0.9210459863267829
25974,LOF,0.20744015009862915,0.013270913616219506,0.7792889362851513
25975,LOF,0.04661948532968262,0.02370549759589302,0.9296750170744243
25976,LOF,0.04179958244530201,0.015679883398695183,0.9425205341560029
25977,LOF,0.15406030686821998,0.07453088017352383,0.7714088129582563
25978,LOF,0.15462644402581088,0.0723860023540515,0.7729875536201377
25979,LOF,0.14333880632274293,0.07749061297428338,0.7791705807029737
25980,LOF,0.23500642532491375,0.09439059086593407,0.6706029838091522
25981,LOF,0.26778717348508885,0.09249545939317326,0.6397173671217379
25982,LOF,0.43164412172332084,0.07287080409397106,0.4954850741827082
25983,LOF,0.4110226792302658,0.08246889378858435,0.50650842698115
25984,LOF,0.04545293899639608,0.042709180490618184,0.9118378805129859
25985,LOF,0.03789041477761606,0.28139554778632797,0.680714037436056
25986,LOF,0.0428650899628206,0.35079776947334745,0.6063371405638319
25987,LOF,0.08864514638775248,0.06705608459096477,0.8442987690212828
25988,LOF,0.15428849365692326,0.05215510480860925,0.7935564015344674
25989,LOF,0.03641628205488565,0.10697881564126427,0.8566049023038501
25990,LOF,0.03938156946373167,0.15039360742031233,0.810224823115956
25991,LOF,0.12321673569264413,0.22769470019487636,0.6490885641124795
25992,LOF,0.3002578919744633,0.13651019807201292,0.5632319099535238
25993,LOF,0.02196182941415669,0.06713365972172916,0.9109045108641141
25994,LOF,0.018244152500801095,0.0811730234969774,0.9005828240022216
25995,LOF,0.02243934178029251,0.17548116338126485,0.8020794948384427
25996,GOF,0.302387328695151,0.38355892830590504,0.31405374299894406
25997,LOF,0.08018764228577448,0.34151771532870845,0.5782946423855171
25998,Neutral,0.5283692638908184,0.02958030232966961,0.4420504337795121
25999,LOF,0.10353983437889447,0.08299027848076496,0.8134698871403405
26000,LOF,0.14315208495498197,0.05129948786770021,0.8055484271773178
26001,LOF,0.20384434926451322,0.05244970710919381,0.7437059436262929
26002,LOF,0.12971600013435464,0.0446474627878104,0.825636537077835
26003,GOF,0.010168296028340781,0.5745673317310087,0.41526437224065055
26004,GOF,0.02072197044941966,0.676057055245307,0.3032209743052732
26005,LOF,0.006371547382883854,0.4468862139206665,0.5467422386964497
26006,Neutral,0.5123815743378984,0.2517694178420405,0.23584900782006096
26007,GOF,0.019929748361151342,0.5179390771100351,0.4621311745288135
26008,GOF,0.018227803022754414,0.6249721677656092,0.3568000292116363
26009,GOF,0.018765274893476458,0.6703113905099044,0.3109233345966192
26010,GOF,0.021936361771234175,0.6401388176050054,0.33792482062376034
26011,LOF,0.006781767577725666,0.42071090963572183,0.5725073227865526
26012,GOF,0.012295452750065257,0.5286222547927758,0.4590822924571588
26013,GOF,0.019069870983550258,0.614174427523519,0.36675570149293074
26014,LOF,0.04354582172286952,0.12232124571249163,0.8341329325646388
26015,LOF,0.16611435393138255,0.014917799979403975,0.8189678460892136
26016,LOF,0.1908774182677088,0.055034015705336954,0.7540885660269543
26017,LOF,0.20988048416926544,0.08819332015645358,0.7019261956742809
26018,LOF,0.07582601786535209,0.03893618377860856,0.8852377983560394
26019,LOF,0.07234844638941418,0.030336578232627864,0.897314975377958
26020,LOF,0.06302237685113916,0.10036551787196865,0.8366121052768921
26021,LOF,0.044926242116416604,0.10417594997157457,0.8508978079120089
26022,LOF,0.009998069060146038,0.0414039276869212,0.9485980032529329
26023,LOF,0.06373680475033901,0.02409697372190174,0.9121662215277593
26024,LOF,0.03261528223421721,0.11416770383428616,0.8532170139314966
26025,LOF,0.15769132025272278,0.09107424284232553,0.7512344369049517
26026,LOF,0.33358036263055335,0.028034670120607962,0.6383849672488386
26027,LOF,0.058542011269445825,0.018258863735635903,0.9231991249949183
26028,LOF,0.17289105536222832,0.06557208735603275,0.761536857281739
26029,LOF,0.06105821191219407,0.16774852706366178,0.7711932610241441
26030,LOF,0.02074194161896118,0.05026047198694775,0.9289975863940911
26031,LOF,0.022621794929440844,0.12435331840667058,0.8530248866638886
26032,LOF,0.06032660115156928,0.07761357474363637,0.8620598241047943
26033,LOF,0.08233185037197187,0.0782398913817119,0.8394282582463163
26034,LOF,0.03807736396346873,0.14820562178796556,0.8137170142485658
26035,LOF,0.02248740173820765,0.14862761559362528,0.828884982668167
26036,LOF,0.03247786658751704,0.16216886923428062,0.8053532641782024
26037,LOF,0.01833754152600382,0.12066336835140384,0.8609990901225925
26038,LOF,0.056646349398762064,0.07988161086601325,0.8634720397352247
26039,LOF,0.0450614319237054,0.14662761527636387,0.8083109527999307
26040,LOF,0.19733330093419282,0.14583053817522376,0.6568361608905834
26041,LOF,0.019207296463213615,0.11191716843797744,0.8688755350988089
26042,LOF,0.017540095103316403,0.10378351663227396,0.8786763882644096
26043,LOF,0.05700708890020418,0.0904186760837252,0.8525742350160707
26044,LOF,0.017753750689024298,0.06376010396611467,0.9184861453448611
26045,LOF,0.06614737404967365,0.09721142417343179,0.8366412017768946
26046,LOF,0.05301197754916229,0.07938521650908358,0.8676028059417542
26047,LOF,0.0679182799104387,0.08350124375076642,0.848580476338795
26048,LOF,0.04257690459460721,0.039070607275173024,0.9183524881302197
26049,Neutral,0.9669369405096496,0.00683525834419436,0.026227801146156037
26050,Neutral,0.9522357696621528,0.008764093910433228,0.03900013642741401
26051,LOF,0.04881011869055202,0.26075960874253346,0.6904302725669145
26052,LOF,0.06359951670923203,0.31471887268962645,0.6216816106011416
26053,LOF,0.05576813762736554,0.14395063670744035,0.8002812256651941
26054,LOF,0.049907356187398354,0.01662148631684816,0.9334711574957535
26055,LOF,0.06439661971595617,0.015073000734252802,0.9205303795497911
26056,LOF,0.05550247918029785,0.016905388188144597,0.9275921326315576
26057,LOF,0.031232266716160938,0.011871100349360007,0.9568966329344791
26058,LOF,0.03255224797031855,0.009651944072327112,0.9577958079573543
26059,LOF,0.2605891078505266,0.022663326406826716,0.7167475657426468
26060,LOF,0.048869659013543607,0.17125747371684003,0.7798728672696164
26061,LOF,0.016678012417373694,0.011791729955389066,0.9715302576272373
26062,LOF,0.010102152365273752,0.01778416334756794,0.9721136842871583
26063,LOF,0.020073634376081922,0.011190738674223804,0.9687356269496943
26064,LOF,0.020197051528072562,0.024449984117547927,0.9553529643543796
26065,LOF,0.026679064918180763,0.012393053419193781,0.9609278816626254
26066,LOF,0.0206613373437944,0.011517588967751305,0.9678210736884543
26067,LOF,0.0278736776477366,0.009224879850841064,0.9629014425014224
26068,LOF,0.04359242688821992,0.028552854382893747,0.9278547187288864
26069,LOF,0.24333591046495354,0.019130611200198704,0.7375334783348477
26070,LOF,0.3915695528110435,0.015350396103007697,0.5930800510859489
26071,LOF,0.019971460783516325,0.012307108783758873,0.9677214304327247
26072,LOF,0.018365861024053846,0.018536322715150044,0.963097816260796
26073,LOF,0.019295057349739034,0.011588688954767385,0.9691162536954936
26074,Neutral,0.9065397104045958,0.0059642128099526084,0.08749607678545157
26075,LOF,0.04382084351902526,0.0140852917347901,0.9420938647461847
26076,LOF,0.03615363266703891,0.009426444950561021,0.9544199223824
26077,LOF,0.009351381340119277,0.014959866167930765,0.97568875249195
26078,LOF,0.01386777231037377,0.010049231541284278,0.976082996148342
26079,LOF,0.058804935458228076,0.016048587416692732,0.9251464771250791
26080,LOF,0.05758098858399822,0.01605703555315911,0.9263619758628426
26081,LOF,0.033202574546174285,0.007106463995995986,0.9596909614578298
26082,LOF,0.012704771477622853,0.01543731824009123,0.971857910282286
26083,LOF,0.1650275485005065,0.015288655472457897,0.8196837960270357
26084,LOF,0.038451035289392255,0.011416941957501798,0.9501320227531059
26085,LOF,0.03500217047506311,0.010896463577126808,0.9541013659478099
26086,LOF,0.019385205398277976,0.011082222194765356,0.9695325724069566
26087,LOF,0.022981778264346803,0.00828240990222383,0.9687358118334293
26088,LOF,0.015287264135175227,0.021891429875045238,0.9628213059897797
26089,LOF,0.04135783232581208,0.0217714970156709,0.936870670658517
26090,LOF,0.04086663315390034,0.017707807275489384,0.9414255595706102
26091,LOF,0.03062319875922284,0.006605961575812452,0.9627708396649647
26092,LOF,0.022137918504158426,0.008581732321357153,0.9692803491744845
26093,LOF,0.03256318061141501,0.006400980959983433,0.9610358384286016
26094,LOF,0.03405037093354388,0.00620862418872628,0.9597410048777298
26095,LOF,0.03844195808181791,0.014594951783977773,0.9469630901342044
26096,LOF,0.01556254667472715,0.011927122273494338,0.9725103310517784
26097,LOF,0.012671551383627714,0.03441671392452142,0.9529117346918509
26098,LOF,0.07550946827563935,0.010918752940303644,0.913571778784057
26099,LOF,0.019763992606871686,0.013219443975460887,0.9670165634176674
26100,LOF,0.021468724175310035,0.012583093398383245,0.9659481824263068
26101,LOF,0.04254899200017115,0.014967801937039558,0.9424832060627893
26102,LOF,0.019546055959044822,0.012513995712795501,0.9679399483281598
26103,Neutral,0.8799902880361141,0.01924646816554742,0.10076324379833847
26104,LOF,0.0775945789833691,0.022967653791508662,0.8994377672251224
26105,LOF,0.19825785358130055,0.261198064849094,0.5405440815696054
26106,LOF,0.17592692685766742,0.11313486331329253,0.7109382098290401
26107,LOF,0.23498917245164652,0.07723019866622925,0.6877806288821242
26108,LOF,0.2192296034215804,0.08886985177086523,0.6919005448075544
26109,LOF,0.0784522627805428,0.050033230729583926,0.8715145064898733
26110,LOF,0.21984614240209116,0.008451418895013363,0.7717024387028955
26111,Neutral,0.4968340537118828,0.03223209401025856,0.4709338522778586
26112,LOF,0.02899000660551922,0.007759636604494761,0.9632503567899859
26113,LOF,0.05823785551777595,0.018521709751455194,0.9232404347307689
26114,LOF,0.023546840678963638,0.03756397301238398,0.9388891863086524
26115,LOF,0.08213117915492396,0.06395710639954526,0.8539117144455308
26116,LOF,0.05987048425048591,0.06644984077189535,0.8736796749776188
26117,LOF,0.4634066982099489,0.038970758258207,0.49762254353184426
26118,LOF,0.03318636115130873,0.02459896112715087,0.9422146777215404
26119,LOF,0.024556816959208142,0.030173328422799888,0.945269854617992
26120,LOF,0.02542758223596263,0.01841057437305539,0.956161843390982
26121,LOF,0.03983427924366588,0.07774525864060959,0.8824204621157246
