feature0,prediction,LoGoFunc_Neutral,LoGoFunc_GOF,LoGoFunc_LOF
25546,Neutral,0.6781186770710963,0.054965591655742135,0.2669157312731617
25547,Neutral,0.514909913560171,0.09671473111719178,0.38837535532263723
25548,Neutral,0.5144325836907577,0.07733850961007964,0.40822890669916273
25549,LOF,0.43827570494841955,0.08336621907628822,0.4783580759752923
25550,LOF,0.3797285985101032,0.11561708020406376,0.5046543212858331
25551,LOF,0.320824676238476,0.1275362770816452,0.5516390466798787
25552,LOF,0.2596915730407781,0.12166385671579176,0.61864457024343
25553,Neutral,0.8260147221552249,0.04367278396748841,0.13031249387728674
25554,LOF,0.30701178692005443,0.11185624185498669,0.5811319712249589
25555,LOF,0.25812442351501247,0.1074731764014546,0.634402400083533
25556,Neutral,0.4646393387152043,0.09270023887240267,0.442660422412393
25557,LOF,0.2529638700023751,0.11001532057879777,0.6370208094188271
25558,LOF,0.32460065093678414,0.11027457749145704,0.5651247715717588
25559,LOF,0.20039799667124575,0.11050206206202282,0.6890999412667315
25560,LOF,0.15125706577943707,0.10650607672539171,0.7422368574951712
25561,LOF,0.1417600447411269,0.1256782198743888,0.7325617353844844
25562,LOF,0.06737437828344704,0.07847330878806758,0.8541523129284854
25563,LOF,0.020878562623604477,0.12701468941661367,0.8521067479597817
25564,LOF,0.23913198383013254,0.11433475896324954,0.646533257206618
25565,LOF,0.23608355096102338,0.11569968465518514,0.6482167643837915
25566,GOF,0.09131523497561957,0.689620800372156,0.2190639646522244
25567,LOF,0.03646758832528417,0.12205195194281264,0.8414804597319033
25568,LOF,0.06323857690958976,0.06812755218830807,0.8686338709021022
25569,LOF,0.05995022686857797,0.07059595724870298,0.869453815882719
25570,LOF,0.02665536957540626,0.0970201324739376,0.8763244979506563
25571,LOF,0.0266200897484107,0.1027379310980013,0.8706419791535881
25572,LOF,0.06409144650683304,0.11901870815788607,0.8168898453352809
25573,LOF,0.057847181439333345,0.0842632262034352,0.8578895923572314
25574,LOF,0.05986870278232321,0.1729109018877489,0.7672203953299279
25575,LOF,0.022168225500902614,0.12432690807103772,0.8535048664280597
25576,LOF,0.03516869421014087,0.1543639326192237,0.8104673731706354
25577,LOF,0.031997412996146536,0.10879147584039964,0.8592111111634538
25578,LOF,0.29950942132284114,0.08143831588640199,0.6190522627907569
25579,LOF,0.13269231069562468,0.08738024206790385,0.7799274472364713
25580,LOF,0.019458411557593713,0.07267836686348726,0.9078632215789191
25581,LOF,0.05794172559041092,0.06763523042679516,0.8744230439827938
25582,LOF,0.05795764787787254,0.06611280859041735,0.8759295435317102
25583,LOF,0.02068738940753588,0.07485954055260706,0.904453070039857
25584,Neutral,0.6613102133373016,0.1033467385005923,0.2353430481621061
25585,LOF,0.03748726450707728,0.11854284893013455,0.8439698865627882
25586,LOF,0.018161712048789462,0.06589497097696147,0.915943316974249
25587,LOF,0.017568649631675298,0.059961375228722906,0.9224699751396017
25588,LOF,0.020183776036410615,0.07049093733737197,0.9093252866262174
25589,Neutral,0.49788387979506743,0.19898401986793968,0.30313210033699284
25590,LOF,0.04754020440225143,0.10300309373918899,0.8494567018585595
25591,LOF,0.09597708044539864,0.05812563113640298,0.8458972884181982
25592,LOF,0.05265443701624864,0.1353850545419635,0.8119605084417878
25593,LOF,0.12995595277601002,0.24790619171046027,0.6221378555135296
25594,LOF,0.04919835387829541,0.11223281518542165,0.8385688309362829
25595,LOF,0.0462928387242808,0.08124429315504286,0.8724628681206763
25596,LOF,0.09299683365634931,0.046755846124964695,0.8602473202186859
25597,LOF,0.07615617504657254,0.062398857519907876,0.8614449674335195
25598,LOF,0.04781096010539702,0.08302892513013775,0.8691601147644652
25599,GOF,0.021395847499016792,0.5430855090313698,0.43551864346961344
25600,GOF,0.17617157909668096,0.4944255739972119,0.32940284690610716
25601,LOF,0.04073815478772688,0.399120501741445,0.5601413434708281
25602,LOF,0.03824673512940727,0.04539457673770142,0.9163586881328913
25603,LOF,0.03594969892438528,0.027810368184592853,0.9362399328910218
25604,LOF,0.040188811218214666,0.05171373837220142,0.9080974504095839
25605,LOF,0.04574175478617922,0.1677561533653848,0.786502091848436
25606,LOF,0.4377040049470046,0.08848016894570608,0.4738158261072894
25607,LOF,0.02532488630014426,0.15827651624810962,0.8163985974517461
25608,LOF,0.037355054621846503,0.07674137380472307,0.8859035715734304
25609,GOF,0.12650661360006132,0.5476820970199611,0.32581128937997755
25610,LOF,0.014993216431478044,0.026505843449086002,0.9585009401194359
25611,LOF,0.01405328044193777,0.03014905640472013,0.9557976631533421
25612,LOF,0.04609933233716088,0.039756907063183695,0.9141437605996554
25613,LOF,0.044427412963592865,0.03975648926412828,0.9158160977722789
25614,LOF,0.021161827331775504,0.0265963091386728,0.9522418635295516
25615,LOF,0.0413972037834604,0.03287397624922281,0.9257288199673168
25616,LOF,0.0473091964296388,0.02557251529678526,0.9271182882735759
25617,LOF,0.041875840451571306,0.0348771737856371,0.9232469857627915
25618,LOF,0.05128287436672619,0.03186268750283671,0.9168544381304371
25619,LOF,0.01416141024659607,0.029378657597341484,0.9564599321560625
25620,LOF,0.06031830458036843,0.036579085190257765,0.9031026102293739
25621,LOF,0.049857760593493984,0.029186375654668823,0.9209558637518372
25622,LOF,0.059788458637504135,0.029954792133463665,0.9102567492290323
25623,LOF,0.06941828402278033,0.027249272323545973,0.9033324436536737
25624,LOF,0.01865011951933597,0.035480615866946244,0.9458692646137177
25625,LOF,0.06646117880772183,0.03640396687726039,0.8971348543150178
25626,LOF,0.044696221649487965,0.036849702216385366,0.9184540761341268
25627,Neutral,0.890693476219036,0.023380238004265894,0.08592628577669797
25628,LOF,0.13474395691579522,0.06739409119750416,0.7978619518867007
25629,LOF,0.0650859454383799,0.046981375341989144,0.887932679219631
25630,LOF,0.26777688083360707,0.07847515950418499,0.653747959662208
25631,Neutral,0.5079260870981287,0.07447572498296565,0.41759818791890563
25632,LOF,0.027704609432580796,0.06572373385660554,0.9065716567108136
25633,LOF,0.21053348073113554,0.03662814027058965,0.7528383789982748
25634,LOF,0.034917132186580324,0.0833577317341283,0.8817251360792915
25635,LOF,0.03915488580829476,0.043739268980059566,0.9171058452116456
25636,GOF,0.03850838131852098,0.49799210544241873,0.4634995132390603
25637,GOF,0.06899875998661507,0.46757611346513006,0.4634251265482548
25638,LOF,0.05145227613209538,0.27971980437839616,0.6688279194895084
25639,LOF,0.03254956342244652,0.34155820655469327,0.6258922300228602
25640,Neutral,0.8121150445574595,0.14575556808271217,0.04212938735982813
25641,GOF,0.04638467982465365,0.48330615863431187,0.4703091615410344
25642,LOF,0.04272611561953327,0.14960844530030193,0.8076654390801649
25643,LOF,0.1768833262102982,0.17311298078712153,0.6500036930025802
25644,LOF,0.02321359954769384,0.47240322350505515,0.5043831769472511
25645,LOF,0.02009377488579814,0.4284788060532938,0.5514274190609081
25646,LOF,0.055432395090426204,0.3370198698819668,0.6075477350276071
25647,LOF,0.02482032723600817,0.2513621230764815,0.7238175496875104
25648,LOF,0.029148451386863835,0.2392336586228562,0.73161788999028
25649,LOF,0.015843978636249437,0.2334296965755397,0.7507263247882108
25650,LOF,0.051648125192072014,0.40751317678155397,0.540838698026374
25651,LOF,0.01596300622253849,0.2615910940002678,0.7224458997771938
25652,LOF,0.03186494595304835,0.25162301399675385,0.7165120400501978
25653,LOF,0.08232753277728985,0.38554379596812305,0.5321286712545871
25654,LOF,0.02562916356895537,0.18909353082925276,0.785277305601792
25655,LOF,0.2493860360519285,0.34231911676939775,0.4082948471786738
25656,LOF,0.3031181198522089,0.041677100221617226,0.6552047799261739
25657,LOF,0.07732474646344946,0.04854427558518301,0.8741309779513675
25658,LOF,0.36609864254106544,0.04656071130837973,0.5873406461505549
25659,Neutral,0.5469510362375731,0.061497749403149074,0.39155121435927775
25660,LOF,0.024178592773714966,0.0764166583126732,0.8994047489136118
25661,LOF,0.09651621626201207,0.05735012992257018,0.8461336538154177
25662,LOF,0.030779096900729653,0.031404602588082794,0.9378163005111875
25663,LOF,0.03806133100842673,0.04183984621273513,0.9200988227788381
25664,LOF,0.13821971037363465,0.05265575727800637,0.809124532348359
25665,LOF,0.05540576038058192,0.02942794464679767,0.9151662949726205
25666,LOF,0.09044798906181697,0.07264259220026859,0.8369094187379144
25667,LOF,0.06556869328896751,0.042646192979079026,0.8917851137319533
25668,LOF,0.03656848864413648,0.04221290373639987,0.9212186076194637
25669,LOF,0.03369775009400044,0.05061943771465863,0.915682812191341
25670,LOF,0.14017861405409573,0.041249221018628206,0.818572164927276
25671,LOF,0.09653414265832357,0.02956999117781188,0.8738958661638645
25672,LOF,0.05441191471335765,0.04095142870709025,0.9046366565795522
25673,LOF,0.0821070020336773,0.038765358839365056,0.8791276391269576
25674,LOF,0.07075473489511203,0.04751435050410791,0.8817309146007799
25675,LOF,0.12014519600452929,0.045126907642997566,0.8347278963524732
25676,LOF,0.018119979984977087,0.04488065615090524,0.9369993638641176
25677,LOF,0.02442695025745539,0.06193121590036341,0.9136418338421811
25678,LOF,0.1801369747303591,0.056070897269359474,0.7637921280002814
25679,LOF,0.12983472894750447,0.0741452619409714,0.796020009111524
25680,LOF,0.03015597273055318,0.10754389227415719,0.8623001349952897
25681,LOF,0.04892865341472076,0.10113583126266955,0.8499355153226098
25682,LOF,0.1443259409837371,0.05936390221734185,0.796310156798921
25683,LOF,0.13188688868815723,0.07564463099752554,0.7924684803143173
25684,LOF,0.04130825875756072,0.06324469921531546,0.8954470420271238
25685,LOF,0.12974058236198327,0.045500346660569214,0.8247590709774476
25686,LOF,0.07158930255893893,0.0871359339869745,0.8412747634540866
25687,LOF,0.11226751279037729,0.0795534526978661,0.8081790345117565
25688,LOF,0.2897879553729276,0.03581269433963914,0.6743993502874333
25689,LOF,0.230381169262479,0.043958369126834776,0.7256604616106862
25690,LOF,0.3516939822351956,0.031782425140640794,0.6165235926241636
25691,Neutral,0.6927125830672646,0.03396314758578639,0.273324269346949
25692,LOF,0.3088277448243703,0.010537406110889871,0.6806348490647398
25693,LOF,0.05014585071817815,0.46187564588940255,0.4879785033924193
25694,LOF,0.12269736666628543,0.02267063925821764,0.854631994075497
25695,LOF,0.12070514905449904,0.01749533737827347,0.8617995135672276
25696,LOF,0.12947737996028455,0.010108691313716082,0.8604139287259994
25697,LOF,0.11843235684432586,0.027416135394371762,0.8541515077613024
25698,LOF,0.3267365475443627,0.24888454802186133,0.4243789044337759
25699,LOF,0.3956990005621748,0.0424150709702072,0.561885928467618
25700,LOF,0.047512860003479845,0.010563974240098141,0.941923165756422
25701,LOF,0.1469354281181957,0.057524651926546815,0.7955399199552575
25702,GOF,0.18770946400478777,0.5219066128887637,0.2903839231064486
25703,LOF,0.017331300145027522,0.14995880866147165,0.8327098911935008
25704,LOF,0.04821938787940468,0.10269535748561971,0.8490852546349755
25705,LOF,0.05974067309985366,0.183815274615755,0.7564440522843913
25706,LOF,0.08407383609808712,0.3451500756500915,0.5707760882518214
25707,LOF,0.08193750997740161,0.2758158892762391,0.6422466007463593
25708,LOF,0.02832776762035158,0.274062304717867,0.6976099276617814
25709,LOF,0.05802927105569244,0.040189074742262555,0.901781654202045
25710,LOF,0.012292680221336241,0.12137151330895424,0.8663358064697095
25711,LOF,0.017991885591257743,0.0909001216093375,0.8911079927994048
25712,LOF,0.013277649835630314,0.16625595785657438,0.8204663923077953
25713,LOF,0.01879198894632517,0.07694427770980455,0.9042637333438703
25714,LOF,0.07096243987993395,0.07532793700013057,0.8537096231199354
25715,LOF,0.010822171559728078,0.12290244419098803,0.8662753842492839
25716,LOF,0.015368800109255417,0.10865303691038533,0.8759781629803592
25717,LOF,0.013132910894280168,0.07295739581385219,0.9139096932918678
25718,LOF,0.012350927344397425,0.09939337813067789,0.8882556945249247
25719,LOF,0.018494403743574965,0.07716177856194883,0.9043438176944762
25720,LOF,0.021430059443297258,0.06883491937961056,0.9097350211770923
25721,LOF,0.01657211710297562,0.09103063636782201,0.8923972465292023
25722,LOF,0.012980827063296613,0.117684738602107,0.8693344343345965
25723,LOF,0.02242616256692732,0.0447546813732147,0.9328191560598581
25724,LOF,0.023598438472967605,0.07575241099299657,0.9006491505340358
25725,LOF,0.011656490308807022,0.06531653567559584,0.9230269740155971
25726,LOF,0.014170385756660494,0.0899782847176483,0.8958513295256911
25727,LOF,0.013016497365796754,0.0762168987213184,0.9107666039128849
25728,LOF,0.00981519822228148,0.09750010526402743,0.8926846965136912
25729,LOF,0.010154118182982648,0.10063520862656908,0.8892106731904483
25730,LOF,0.013877941810866448,0.0750692128962006,0.9110528452929331
25731,LOF,0.02043729481582377,0.10054112651989014,0.8790215786642862
25732,LOF,0.014812465205739018,0.07947617539924356,0.9057113593950175
25733,LOF,0.016099975624831942,0.07082507781655095,0.913074946558617
25734,LOF,0.013047591122645653,0.12993800925741392,0.8570143996199404
25735,LOF,0.013963659630359644,0.07518145174312103,0.9108548886265194
25736,LOF,0.014469491422038279,0.0953178122892636,0.890212696288698
25737,LOF,0.02118892961403312,0.07996275172712636,0.8988483186588404
25738,LOF,0.012989517863764162,0.10707182033062934,0.8799386618056065
25739,LOF,0.019202461071237,0.08104720033705556,0.8997503385917074
25740,LOF,0.02698218054605081,0.08904706118798077,0.8839707582659684
25741,LOF,0.015352672639032805,0.09741711420162613,0.887230213159341
25742,LOF,0.11158659872640986,0.07435432142682129,0.814059079846769
25743,LOF,0.03904151277694642,0.03163674309821622,0.9293217441248373
25744,Neutral,0.5907941336803586,0.2017927641157061,0.20741310220393525
25745,LOF,0.08233468582298112,0.0655635778253963,0.8521017363516226
25746,LOF,0.042081954331385896,0.0769184348938568,0.8809996107747573
25747,LOF,0.02522149721533873,0.04165361458551296,0.9331248881991484
25748,LOF,0.11341614055492895,0.059228958394111776,0.8273549010509593
25749,LOF,0.026707455130536434,0.06933828894475753,0.9039542559247059
25750,LOF,0.08663926455744886,0.07682706509828907,0.8365336703442621
25751,LOF,0.09676988096989533,0.05624314479578553,0.8469869742343192
25752,GOF,0.10676308818961014,0.6650568116334131,0.22818010017697676
25753,LOF,0.01897745559588995,0.26208092208148875,0.7189416223226213
25754,GOF,0.009065080722193104,0.7467051943166811,0.24422972496112577
25755,LOF,0.02092538409911251,0.37621660069021057,0.602858015210677
25756,LOF,0.04034520613947247,0.3594518326052185,0.6002029612553091
25757,GOF,0.014251882052503722,0.8199292517550575,0.1658188661924388
25758,GOF,0.02738317040067183,0.8061953759070251,0.1664214536923032
25759,GOF,0.012121750042280673,0.5171927657916428,0.4706854841660766
25760,LOF,0.012558648196353316,0.2319927184156952,0.7554486333879515
25761,GOF,0.2685855323249235,0.6098282685145582,0.12158619916051835
25762,LOF,0.03515243816610951,0.2586680133309653,0.7061795485029253
25763,LOF,0.012714435306371246,0.20617048359936194,0.7811150810942669
25764,GOF,0.06879188570443498,0.6193938489840202,0.3118142653115449
25765,GOF,0.04110224886741736,0.7389508259205307,0.2199469252120519
25766,GOF,0.061992788272264183,0.763490481697229,0.1745167300305068
25767,GOF,0.20621251297500265,0.44777900846863644,0.3460084785563609
25768,LOF,0.09223880890762705,0.0630686739149337,0.8446925171774392
25769,LOF,0.06500012910882952,0.06242459246497194,0.8725752784261985
25770,LOF,0.26280040195062504,0.09196243010512961,0.6452371679442455
25771,LOF,0.043427025786531855,0.04022060913806392,0.9163523650754042
25772,LOF,0.01688572909212022,0.0315236583336463,0.9515906125742335
25773,LOF,0.04401387058193494,0.0761211777770734,0.8798649516409917
25774,LOF,0.027163397663813264,0.07215346546156634,0.9006831368746204
25775,LOF,0.04438962197715908,0.0440494790401918,0.9115608989826491
25776,LOF,0.07256829463052085,0.02440297707974146,0.9030287282897376
25777,LOF,0.32799084175657844,0.051681349385496525,0.620327808857925
25778,LOF,0.061420051095529234,0.04702334104932538,0.8915566078551455
25779,GOF,0.37452426482324896,0.5805072846147467,0.04496845056200447
25780,GOF,0.31331727583681884,0.6160808363139468,0.07060188784923419
25781,GOF,0.14103800279829684,0.7510860946293557,0.10787590257234744
25782,GOF,0.2131153260421573,0.7148039820129345,0.07208069194490828
25783,GOF,0.03087639277768747,0.6391008326983114,0.33002277452400114
25784,Neutral,0.5101513077637654,0.45320281792191447,0.03664587431432023
25785,GOF,0.3790088324676907,0.5764380019224608,0.04455316560984862
25786,GOF,0.022325363258320453,0.7618002732679076,0.21587436347377192
25787,Neutral,0.6571724152443337,0.31643989291369795,0.026387691841968357
25788,LOF,0.04610713861097193,0.10419291510494015,0.849699946284088
25789,GOF,0.19391690122798155,0.6624155609013421,0.14366753787067632
25790,GOF,0.2082844150418619,0.6865918468443043,0.1051237381138338
25791,GOF,0.1455151401087493,0.6723581607488841,0.18212669914236668
25792,GOF,0.32265343514152167,0.5372447103811444,0.14010185447733395
25793,GOF,0.24604753234738172,0.5685948838980621,0.18535758375455616
25794,GOF,0.30490644577510273,0.5286005227070001,0.1664930315178972
25795,GOF,0.08128891504599642,0.6924539429619249,0.22625714199207878
25796,Neutral,0.5331520764891237,0.37629018274760223,0.0905577407632742
25797,GOF,0.0937488987582758,0.5638293409585396,0.3424217602831845
25798,GOF,0.00979370620870714,0.5147386291366063,0.47546766465468665
25799,LOF,0.006787726577133743,0.3939679935415755,0.5992442798812908
25800,GOF,0.03117988575956431,0.5891413517851775,0.3796787624552583
25801,GOF,0.16836186041380566,0.6958738504467061,0.1357642891394881
25802,GOF,0.07333744539116534,0.7057936971584547,0.22086885745037982
25803,GOF,0.03455747524693746,0.579372743603649,0.38606978114941365
25804,GOF,0.035467909895932535,0.49222772783796487,0.4723043622661027
25805,GOF,0.09631945338534437,0.6299909273748219,0.27368961923983387
25806,GOF,0.08915224545886054,0.6127397878088652,0.2981079667322743
25807,GOF,0.018757342273604833,0.6469935664780463,0.33424909124834895
25808,GOF,0.07718380963496282,0.6457045090208102,0.27711168134422703
25809,GOF,0.017441855091420842,0.5893171900342503,0.39324095487432886
25810,GOF,0.016450024896508778,0.6206204234724455,0.3629295516310456
25811,GOF,0.44354694983168935,0.4769321600868732,0.0795208900814375
25812,GOF,0.03047879797474715,0.6145563933569888,0.35496480866826413
25813,Neutral,0.5073226461724167,0.38673150110843646,0.10594585271914679
25814,GOF,0.11260154725170425,0.6435380190778083,0.24386043367048751
25815,GOF,0.1905246806635719,0.6085231540815361,0.200952165254892
25816,GOF,0.0224975097056086,0.7175970266492562,0.2599054636451351
25817,GOF,0.26424379191495184,0.608082545663382,0.12767366242166603
25818,GOF,0.05197836351258423,0.679107640175684,0.26891399631173174
25819,GOF,0.347094245281677,0.4950778199360136,0.15782793478230936
25820,GOF,0.18293001962697447,0.5904549989775763,0.2266149813954493
25821,GOF,0.061006022723621794,0.652644939503764,0.2863490377726142
25822,GOF,0.20159471506959253,0.5734224822946609,0.22498280263574666
25823,GOF,0.03365017051917555,0.5177972907556626,0.4485525387251617
25824,GOF,0.08836448999944228,0.600165100884269,0.31147040911628876
25825,GOF,0.036573421361986394,0.5899028561438104,0.37352372249420324
25826,GOF,0.015392551404339141,0.5763177408409624,0.40828970775469847
25827,GOF,0.024185616614711802,0.6009046986190923,0.3749096847661959
25828,GOF,0.013133762257864815,0.5428919334338915,0.44397430430824364
25829,GOF,0.00546799784230433,0.5725259284043133,0.4220060737533824
25830,LOF,0.035232631908956695,0.2776260708003405,0.6871412972907028
25831,GOF,0.2514519249371864,0.6201739171071592,0.12837415795565452
25832,GOF,0.027904001104646765,0.6909974861175034,0.28109851277784986
25833,GOF,0.10979039049768817,0.7135406779668173,0.1766689315354946
25834,GOF,0.02819772176211081,0.710665172577076,0.2611371056608133
25835,GOF,0.06081128746798647,0.7453624004967084,0.19382631203530515
25836,GOF,0.029821056686871947,0.6532896525898096,0.31688929072331845
25837,GOF,0.024028257841908273,0.6153944844707145,0.36057725768737714
25838,GOF,0.07924839641996632,0.7657687859629122,0.15498281761712146
25839,GOF,0.2817994296440563,0.545888708309137,0.1723118620468067
25840,GOF,0.25526296980122437,0.6030774895096734,0.14165954068910216
25841,GOF,0.24166869828621934,0.6209098119146796,0.137421489799101
25842,GOF,0.13784216363501828,0.7412200480522971,0.12093778831268458
25843,GOF,0.19396874128608343,0.7182937263260284,0.08773753238788817
25844,GOF,0.05939868566581181,0.7486884881836522,0.19191282615053606
25845,GOF,0.015444969118946364,0.5254597778097189,0.45909525307133475
25846,GOF,0.1215283681288499,0.7556582864481963,0.1228133454229537
25847,GOF,0.08803581773049643,0.8060419391660614,0.1059222431034423
25848,GOF,0.035079701493556555,0.7175386369159967,0.2473816615904466
25849,GOF,0.010154644655617759,0.6203477710454514,0.36949758429893087
25850,GOF,0.018992903804920008,0.664159972927759,0.316847123267321
25851,GOF,0.015314429345532805,0.5558928967934788,0.42879267386098846
25852,GOF,0.1554101809009968,0.5730915397738251,0.2714982793251782
25853,GOF,0.33183810833761906,0.5841789262059862,0.0839829654563947
25854,GOF,0.022537347249557117,0.61705886743035,0.36040378532009304
25855,GOF,0.032588789149990104,0.5742370290880987,0.39317418176191116
25856,GOF,0.22461424288425025,0.5585439278033403,0.21684182931240942
25857,GOF,0.038446038665503314,0.5214190360404337,0.4401349252940629
25858,GOF,0.020858988337834186,0.5156820659932749,0.46345894566889095
25859,LOF,0.010748221570735694,0.4946071072248971,0.49464467120436706
25860,GOF,0.35877887654731283,0.5588253960012295,0.08239572745145758
25861,GOF,0.42044136051909403,0.5024011271633276,0.07715751231757828
25862,GOF,0.0815858817046108,0.7783876331173188,0.14002648517807048
25863,GOF,0.07839144871047102,0.7818359901132469,0.1397725611762821
25864,GOF,0.20215336707226148,0.7327275497405871,0.06511908318715158
25865,GOF,0.08591082532949687,0.7980533310153185,0.11603584365518463
25866,GOF,0.060732165591474825,0.7938150196168693,0.14545281479165592
25867,GOF,0.08468426771786976,0.8128190036612156,0.1024967286209146
25868,GOF,0.24452064513736163,0.6507182717455644,0.1047610831170739
25869,Neutral,0.7205959615148584,0.233100414346406,0.04630362413873557
25870,GOF,0.29139366047670684,0.3996098249278772,0.30899651459541594
25871,GOF,0.2214217999503396,0.6438469803281572,0.13473121972150318
25872,GOF,0.07275612263347324,0.6396502048222514,0.28759367254427526
25873,GOF,0.1036581162877056,0.6908905897362579,0.20545129397603648
25874,LOF,0.013836313878597422,0.11888207563852414,0.8672816104828784
25875,LOF,0.09341727994539033,0.041082020466113214,0.8655006995884965
25876,LOF,0.03164426415995445,0.03216816603090819,0.9361875698091374
25877,Neutral,0.5087666245421038,0.037431289409683356,0.4538020860482129
25878,LOF,0.2237685019762524,0.08565667593064592,0.6905748220931016
25879,LOF,0.08635842885359821,0.08888993660376272,0.824751634542639
25880,LOF,0.042838837759552766,0.01595648547238172,0.9412046767680655
25881,LOF,0.1468112856280497,0.12474536768202826,0.728443346689922
25882,LOF,0.0581702556488583,0.01778928155052023,0.9240404628006215
25883,LOF,0.06521863702107891,0.020280099865060835,0.9145012631138603
25884,LOF,0.029984302230005998,0.03091592449829459,0.9390997732716994
25885,LOF,0.05720885452835197,0.013604958560245278,0.9291861869114026
25886,LOF,0.2618457716709307,0.0394016679495437,0.6987525603795256
25887,LOF,0.13539651085626392,0.06870777245671632,0.7958957166870196
25888,LOF,0.060683534397378176,0.06312526484742163,0.8761912007552002
25889,LOF,0.03961258112200557,0.022957169495298645,0.9374302493826957
25890,LOF,0.04900225139334228,0.14090139800409773,0.8100963506025601
25891,LOF,0.03845222723562821,0.05449590682288618,0.9070518659414856
25892,LOF,0.08244260646511788,0.023363504908573446,0.8941938886263087
25893,LOF,0.23329164409219316,0.019736959274430907,0.7469713966333759
25894,LOF,0.18017997586309525,0.013345935325858788,0.806474088811046
25895,LOF,0.19075255034548777,0.023042744564327505,0.7862047050901847
25896,LOF,0.04891782431185528,0.022492618382233983,0.9285895573059106
25897,LOF,0.24662036779595045,0.014710144641623185,0.7386694875624263
25898,Neutral,0.6951038929567274,0.00999909055389206,0.2948970164893806
25899,LOF,0.1986021234298734,0.021128342077003693,0.7802695344931229
25900,LOF,0.453707624819765,0.012364838204094957,0.5339275369761399
25901,LOF,0.04403574020568297,0.01101603929026164,0.9449482205040555
25902,LOF,0.15318071928755225,0.014443499029957885,0.8323757816824898
25903,Neutral,0.5899215934156568,0.02810540999970282,0.3819729965846405
25904,LOF,0.3045621765672112,0.04259804194075092,0.6528397814920379
25905,LOF,0.025173246516308288,0.3195758637438097,0.655250889739882
25906,LOF,0.02764309281613562,0.08516872118338481,0.8871881860004797
25907,LOF,0.014267684776969096,0.3065630530297476,0.6791692621932833
25908,LOF,0.01064402943544345,0.24393043660913052,0.745425533955426
25909,LOF,0.01283341013517758,0.1213955083234247,0.8657710815413977
25910,LOF,0.04732450045128535,0.13936932013627645,0.8133061794124382
25911,LOF,0.18919505970318815,0.02668289765440642,0.7841220426424054
25912,LOF,0.04623317095386286,0.04815693446207258,0.9056098945840646
25913,LOF,0.3452126119649248,0.0190296724651505,0.6357577155699248
25914,LOF,0.020952050199665635,0.0511231953874555,0.9279247544128789
25915,Neutral,0.5977579645225779,0.13513382718695577,0.26710820829046633
25916,LOF,0.10082866145451388,0.19811254909824655,0.7010587894472394
25917,LOF,0.0635957383985446,0.03859642920394337,0.8978078323975119
25918,LOF,0.022147300198234878,0.02956829854991199,0.9482844012518532
25919,LOF,0.01950842325476183,0.033448212974991995,0.9470433637702462
25920,GOF,0.11226134120876995,0.48589179966478796,0.40184685912644214
25921,LOF,0.0262801019590363,0.03514728528482124,0.9385726127561425
25922,LOF,0.03286985185653515,0.025863943278892666,0.9412662048645722
25923,Neutral,0.4981580515233038,0.03849157572471374,0.4633503727519823
25924,LOF,0.03639068285322995,0.04206407038857695,0.921545246758193
25925,LOF,0.07222061135144571,0.04097533154184944,0.8868040571067048
25926,LOF,0.052144106626432665,0.03758314338994827,0.9102727499836191
25927,LOF,0.06145352347802876,0.15018527639967827,0.7883612001222929
25928,LOF,0.01923082289557724,0.055543763693919536,0.9252254134105031
25929,Neutral,0.6117692609119759,0.04029840437543595,0.347932334712588
25930,LOF,0.07324584092420457,0.032555803903976756,0.8941983551718188
25931,LOF,0.02597498386159985,0.03545304114730665,0.9385719749910935
25932,LOF,0.028896677645890108,0.0291359407727573,0.9419673815813526
25933,LOF,0.03896360165039524,0.01809143444937703,0.9429449639002278
25934,LOF,0.024761825310014238,0.02027818324943889,0.9549599914405469
25935,LOF,0.06339644837906486,0.05406631158320957,0.8825372400377256
25936,LOF,0.04429415170391219,0.024596352532870614,0.9311094957632173
25937,LOF,0.027556891444079357,0.03658504375611904,0.9358580647998015
25938,LOF,0.0663248375239407,0.055978831089925817,0.8776963313861336
25939,LOF,0.043760864160640615,0.019745820690676683,0.9364933151486827
25940,LOF,0.03724668736109497,0.3540046970611526,0.6087486155777525
25941,LOF,0.19134661474650244,0.09067323094527623,0.7179801543082214
25942,LOF,0.012757159809740468,0.03146840529798761,0.9557744348922719
25943,LOF,0.31857218571583973,0.05910143624355609,0.6223263780406042
25944,Neutral,0.5000169161866551,0.021341906984767275,0.47864117682857765
25945,LOF,0.07289486742770183,0.018506027483619583,0.9085991050886786
25946,LOF,0.03358729450343504,0.1050071195734321,0.8614055859231328
25947,LOF,0.10130756851426945,0.16853672523636506,0.7301557062493653
25948,LOF,0.3881445257498157,0.008423432165185811,0.6034320420849983
25949,LOF,0.13005406812385575,0.03802677579848484,0.8319191560776594
25950,Neutral,0.3551532998718411,0.321705793178488,0.3231409069496709
25951,LOF,0.20797463663974955,0.27363936714078224,0.5183859962194681
25952,GOF,0.05182281086976349,0.49027386404044004,0.4579033250897965
25953,LOF,0.15437387589231832,0.11496741000068143,0.7306587141070002
25954,Neutral,0.4171875925894806,0.20545859062564145,0.377353816784878
25955,LOF,0.0649805401846427,0.08171240351526388,0.8533070563000935
25956,LOF,0.14279211568882472,0.12168337017360614,0.7355245141375693
25957,LOF,0.034299446687184224,0.029992770312777275,0.9357077830000384
25958,LOF,0.05484936966675629,0.029945669177855707,0.9152049611553881
25959,LOF,0.07190075790557117,0.34586134766103677,0.5822378944333921
25960,LOF,0.014988164902434825,0.0580992894197202,0.926912545677845
25961,LOF,0.040748541788123926,0.02963708473403798,0.9296143734778382
25962,LOF,0.054085209541758855,0.03351612793376076,0.9123986625244804
25963,LOF,0.04005116050851227,0.20715670429730856,0.7527921351941791
25964,LOF,0.031017138445918135,0.15696282132416542,0.8120200402299165
25965,LOF,0.4489474428891566,0.0628033538803711,0.4882492032304721
25966,Neutral,0.5102903074231475,0.16703658014103667,0.32267311243581587
25967,LOF,0.017095389424670957,0.10641938421676198,0.876485226358567
25968,LOF,0.03299803124209361,0.3782119603813564,0.58879000837655
25969,LOF,0.034822324631335035,0.06788210300303137,0.8972955723656336
25970,LOF,0.0529465932345346,0.06290284058282168,0.8841505661826439
25971,LOF,0.06096762364961147,0.023199034678903177,0.9158333416714854
25972,LOF,0.061975825523191856,0.032440672810306374,0.9055835016665017
25973,LOF,0.0700187115680476,0.009758550662809498,0.9202227377691429
25974,LOF,0.19383951674157246,0.013995671634685323,0.7921648116237423
25975,LOF,0.040960012991164564,0.026663453463443773,0.9323765335453916
25976,LOF,0.040385811231795424,0.01477309543249144,0.9448410933357132
25977,LOF,0.1495342656076463,0.08922338695591195,0.7612423474364418
25978,LOF,0.15604186068643958,0.09971752704072248,0.744240612272838
25979,LOF,0.13905807042333793,0.10282982515487808,0.7581121044217841
25980,LOF,0.22062003127662289,0.12834614708395356,0.6510338216394236
25981,LOF,0.25343889645982237,0.1263478740760913,0.6202132294640863
25982,LOF,0.3999345253903103,0.08368471520568008,0.5163807594040096
25983,LOF,0.3828682292726029,0.09790643581981659,0.5192253349075805
25984,LOF,0.04700480397152906,0.05038775126959845,0.9026074447588724
25985,LOF,0.04030737432244977,0.26369796360623426,0.695994662071316
25986,LOF,0.0459140850953392,0.31224523942938975,0.641840675475271
25987,LOF,0.08546251588400303,0.06762966612672248,0.8469078179892744
25988,LOF,0.1479680153869788,0.061710904409049507,0.7903210802039716
25989,LOF,0.03455780565020011,0.11134507869214703,0.8540971156576529
25990,LOF,0.03782898042432797,0.1724273914071764,0.7897436281684956
25991,LOF,0.13196201854611858,0.22843110016077836,0.639606881293103
25992,LOF,0.309172501123051,0.14604854415686683,0.5447789547200821
25993,LOF,0.023387093466907562,0.07268916344111688,0.9039237430919757
25994,LOF,0.018947580266719027,0.07414061269377774,0.9069118070395032
25995,LOF,0.026045754709286686,0.15872874335606732,0.815225501934646
25996,GOF,0.3111659461587298,0.3663259144862709,0.3225081393549992
25997,LOF,0.09630294813414758,0.3632788349066765,0.5404182169591759
25998,Neutral,0.49510063438110313,0.026005630714521517,0.4788937349043753
25999,LOF,0.09100625869491863,0.09404509074510203,0.8149486505599793
26000,LOF,0.14203284784079778,0.045519257282763084,0.8124478948764391
26001,LOF,0.1964289184018873,0.045671936923948574,0.7578991446741642
26002,LOF,0.104891942256348,0.041244564153779854,0.8538634935898721
26003,GOF,0.010968978421985734,0.5889636704080138,0.4000673511700006
26004,GOF,0.022304013269403487,0.6852265636316739,0.2924694230989226
26005,LOF,0.006446048534533365,0.44018350184861943,0.5533704496168472
26006,Neutral,0.54589479228412,0.2314954622536723,0.2226097454622078
26007,GOF,0.02116065520549428,0.5114386159986553,0.4674007287958504
26008,GOF,0.018795281407336516,0.6152801430616073,0.3659245755310563
26009,GOF,0.021062166441153125,0.6899673675577807,0.2889704660010662
26010,GOF,0.023635114481214834,0.6404297462328125,0.3359351392859728
26011,LOF,0.006420222572143329,0.4195513306953975,0.5740284467324591
26012,GOF,0.012601056250522689,0.5405263811322171,0.4468725626172602
26013,GOF,0.02002366207417034,0.62079247087157,0.35918386705425964
26014,LOF,0.03968185968464533,0.10896307260831616,0.8513550677070385
26015,LOF,0.17287178619098367,0.018126285102210166,0.8090019287068062
26016,LOF,0.18872123552449796,0.06214022924545748,0.7491385352300446
26017,LOF,0.19948433672547336,0.09782810916462499,0.7026875541099016
26018,LOF,0.07316966565351851,0.04483218297682987,0.8819981513696517
26019,LOF,0.06926164566943752,0.03401993799344869,0.8967184163371138
26020,LOF,0.061058229387588,0.1084075333690636,0.8305342372433485
26021,LOF,0.046499839492856264,0.11155127532953907,0.8419488851776046
26022,LOF,0.010994373986006096,0.04166498660258061,0.9473406394114132
26023,LOF,0.06384711737205287,0.02681659840833345,0.9093362842196137
26024,LOF,0.028237485418880156,0.10526475573377306,0.8664977588473468
26025,LOF,0.15036796623070559,0.08465595630884197,0.7649760774604525
26026,LOF,0.31568322741914634,0.02905877136886228,0.6552580012119914
26027,LOF,0.056775276970236536,0.02064135081661879,0.9225833722131447
26028,LOF,0.16547697047350649,0.05752983520643688,0.7769931943200566
26029,LOF,0.06489235260495223,0.14774929149290955,0.7873583559021382
26030,LOF,0.023975318572169908,0.0317302048924644,0.9442944765353657
26031,LOF,0.02591959674240621,0.10347788810175326,0.8706025151558405
26032,LOF,0.06166414006317897,0.04968002418060875,0.8886558357562122
26033,LOF,0.0823501930541505,0.04967841724581827,0.8679713897000313
26034,LOF,0.04545076683762213,0.12422586911161534,0.8303233640507626
26035,LOF,0.02726621886851177,0.1171273518214153,0.855606429310073
26036,LOF,0.03873210297053745,0.13374153994321622,0.8275263570862462
26037,LOF,0.021953595211918583,0.09660111914155166,0.8814452856465298
26038,LOF,0.058333342369392395,0.05234248107539311,0.8893241765552145
26039,LOF,0.04862569161219659,0.11915758363714908,0.8322167247506542
26040,LOF,0.19213074143426034,0.09492109213766299,0.7129481664280767
26041,LOF,0.022385670376396796,0.09322968458434878,0.8843846450392544
26042,LOF,0.020734001711698653,0.08556402629975535,0.893701971988546
26043,LOF,0.0590799341892987,0.059856222152605755,0.8810638436580955
26044,LOF,0.020218562501073917,0.042311951802991875,0.9374694856959342
26045,LOF,0.07476839283661348,0.0824294145326659,0.8428021926307205
26046,LOF,0.054998816543688794,0.050692007031344084,0.8943091764249671
26047,LOF,0.07388625998299009,0.05229360041430664,0.8738201396027032
26048,LOF,0.04782125821163766,0.029454623862345576,0.9227241179260167
26049,Neutral,0.9695735466347619,0.005057830601380292,0.0253686227638578
26050,Neutral,0.9545949962456262,0.006255298468000574,0.03914970528637332
26051,LOF,0.04750337977662128,0.2578964191425817,0.694600201080797
26052,LOF,0.06650107243870144,0.30396509931099613,0.6295338282503024
26053,LOF,0.06339232009826896,0.14478488130516456,0.7918227985965663
26054,LOF,0.05112971904202966,0.019117166023684268,0.9297531149342861
26055,LOF,0.06923609531639976,0.01783145982386365,0.9129324448597367
26056,LOF,0.05817467532174878,0.01968228240680724,0.9221430422714441
26057,LOF,0.030530619384311716,0.012466706714767921,0.9570026739009203
26058,LOF,0.03163870346496728,0.01017178329429902,0.9581895132407338
26059,LOF,0.29121152686914686,0.022099368849731175,0.6866891042811221
26060,LOF,0.03960363361017427,0.1810394985960546,0.7793568677937711
26061,LOF,0.016580924339461383,0.012065302966806454,0.9713537726937322
26062,LOF,0.010276486417359676,0.018247283560939166,0.9714762300217011
26063,LOF,0.0197684105004935,0.010790016292964917,0.9694415732065417
26064,LOF,0.019476053912387634,0.02608207092449697,0.9544418751631154
26065,LOF,0.02512732318787346,0.01141381208765291,0.9634588647244736
26066,LOF,0.020143004305373267,0.011423928521737068,0.9684330671728897
26067,LOF,0.028271451508193005,0.009193774169507635,0.9625347743222993
26068,LOF,0.045050086780553,0.02865472238053017,0.9262951908389169
26069,LOF,0.2344076925403148,0.019777245721903394,0.7458150617377819
26070,LOF,0.37470408585725407,0.01648188059468917,0.6088140335480567
26071,LOF,0.019850847054033564,0.01169669789465025,0.9684524550513162
26072,LOF,0.016425479901354154,0.022320937817440364,0.9612535822812055
26073,LOF,0.019251521957646803,0.014552108483243996,0.9661963695591093
26074,Neutral,0.9145116722323352,0.005864579638822918,0.07962374812884186
26075,LOF,0.04456231560986058,0.014592201026259091,0.9408454833638804
26076,LOF,0.03797924230092585,0.009000404900348145,0.953020352798726
26077,LOF,0.009188874961705994,0.012838758129940536,0.9779723669083534
26078,LOF,0.01420268137229862,0.011027913202079494,0.9747694054256217
26079,LOF,0.061596163895195594,0.016803393994861613,0.9216004421099427
26080,LOF,0.06076952286541623,0.016805194599408563,0.9224252825351752
26081,LOF,0.03558506089054595,0.006697912863482416,0.9577170262459717
26082,LOF,0.013817321973494457,0.014104856569797248,0.9720778214567082
26083,LOF,0.17485869661211986,0.01542640235997779,0.8097149010279024
26084,LOF,0.04597619689029751,0.012709063337537472,0.9413147397721651
26085,LOF,0.04064908605917201,0.012083326137589273,0.9472675878032386
26086,LOF,0.02047534126901934,0.011687482938100867,0.9678371757928798
26087,LOF,0.023924696959147968,0.008601240472570383,0.9674740625682817
26088,LOF,0.01690670609150753,0.023682415957222678,0.9594108779512697
26089,LOF,0.040285781186359865,0.023151638865888925,0.9365625799477512
26090,LOF,0.04003717349074531,0.018864142233607644,0.941098684275647
26091,LOF,0.031798107960999536,0.006900731343370568,0.96130116069563
26092,LOF,0.0216040489694131,0.00807386791168631,0.9703220831189006
26093,LOF,0.03353442072906082,0.006126342053874623,0.9603392372170646
26094,LOF,0.032772707639358835,0.006087026022455847,0.9611402663381853
26095,LOF,0.036701235664014044,0.01467162843324146,0.9486271359027446
26096,LOF,0.016865251202170695,0.011257069473729184,0.9718776793241001
26097,LOF,0.011616862579118037,0.04035421795714966,0.9480289194637324
26098,LOF,0.08059372608791901,0.01246019974043303,0.9069460741716479
26099,LOF,0.020104101717899118,0.012025080350233783,0.967870817931867
26100,LOF,0.022355211854249286,0.011769992654806233,0.9658747954909445
26101,LOF,0.04370426749319015,0.017543243947692855,0.9387524885591171
26102,LOF,0.019821115377382473,0.015171912218639234,0.9650069724039784
26103,Neutral,0.8773845966004646,0.020133704172268563,0.10248169922726677
26104,LOF,0.0825959261873273,0.02644050823144152,0.8909635655812311
26105,LOF,0.21207470159105296,0.2686718927203018,0.5192534056886452
26106,LOF,0.16640158374088243,0.1299672207531769,0.7036311955059407
26107,LOF,0.246383491339267,0.07815458238625199,0.6754619262744811
26108,LOF,0.23811310749079764,0.08613564653254444,0.6757512459766579
26109,LOF,0.09502490148773421,0.0641126762169002,0.8408624222953656
26110,LOF,0.2222130287577381,0.006344174013508397,0.7714427972287534
26111,Neutral,0.50025880161323,0.02041936436504178,0.47932183402172823
26112,LOF,0.033604196841834515,0.006474599162123769,0.9599212039960416
26113,LOF,0.06362093893464846,0.015405157224759236,0.9209739038405923
26114,LOF,0.023899517501069435,0.02725175065547119,0.9488487318434594
26115,LOF,0.09390336306070211,0.05045539908029726,0.8556412378590006
26116,LOF,0.05994307904770743,0.060090301424620914,0.8799666195276716
26117,LOF,0.4476651950307558,0.04321748375849015,0.509117321210754
26118,LOF,0.03268143623164737,0.023023604036193145,0.9442949597321596
26119,LOF,0.022792540703349087,0.03241535554548083,0.9447921037511702
26120,LOF,0.02472168747067568,0.017928477376419047,0.9573498351529054
26121,LOF,0.037406237182862595,0.08778272676696432,0.8748110360501731
26122,LOF,0.04316042769277798,0.03224004167130821,0.9245995306359138
