feature0,prediction,LoGoFunc_Neutral,LoGoFunc_GOF,LoGoFunc_LOF
25546,Neutral,0.6335748225526899,0.052372221865775934,0.31405295558153407
25547,Neutral,0.47780373589630293,0.09362168945500092,0.4285745746486961
25548,Neutral,0.47958855610956225,0.08054705829067288,0.43986438559976493
25549,LOF,0.40644762547771196,0.08023548577990063,0.5133168887423873
25550,LOF,0.3505233033841138,0.10407471838683992,0.5454019782290462
25551,LOF,0.296108004486084,0.11430010616758444,0.5895918893463317
25552,LOF,0.27125237736307645,0.11779228998283248,0.6109553326540912
25553,Neutral,0.7963797338884676,0.04452399650976329,0.15909626960176915
25554,LOF,0.3041981424041558,0.10768063860952964,0.5881212189863146
25555,LOF,0.26323798811342386,0.1004092990420676,0.6363527128445086
25556,LOF,0.4453687250110017,0.09017404914393065,0.4644572258450677
25557,LOF,0.2519044707433338,0.10439529082521394,0.6437002384314522
25558,LOF,0.2986949921262192,0.10151714876726704,0.5997878591065138
25559,LOF,0.26184131092370566,0.15917807162999434,0.5789806174463
25560,LOF,0.17010867769942545,0.1335557261998342,0.6963355961007404
25561,LOF,0.16378487732135125,0.14680306530247753,0.6894120573761712
25562,LOF,0.0803249838973375,0.0901602296508559,0.8295147864518067
25563,LOF,0.028001526537233562,0.1740465123572563,0.7979519611055101
25564,LOF,0.21149405748152383,0.15579247150716824,0.6327134710113079
25565,LOF,0.20022841596275495,0.13667691785985864,0.6630946661773863
25566,GOF,0.08850757139139949,0.6909361996812002,0.22055622892740026
25567,LOF,0.04380793908116726,0.17897659857881199,0.7772154623400207
25568,LOF,0.06156307749004861,0.09390549609445098,0.8445314264155004
25569,LOF,0.05874963729619735,0.09476745900004387,0.8464829037037588
25570,LOF,0.028001590765786618,0.12259568063029562,0.8494027286039177
25571,LOF,0.026703608759658028,0.12893462158376526,0.8443617696565766
25572,LOF,0.06206266697713487,0.14959260419580936,0.7883447288270558
25573,LOF,0.06133651401075369,0.11603844149669303,0.8226250444925532
25574,LOF,0.06151067088876799,0.22857013596204573,0.7099191931491863
25575,LOF,0.02306484640418389,0.142309203963896,0.83462594963192
25576,LOF,0.028814476954088866,0.19073571785246984,0.7804498051934413
25577,LOF,0.033750637650398506,0.14277137606485488,0.8234779862847467
25578,LOF,0.31655403936980325,0.10977295591085189,0.5736730047193448
25579,LOF,0.15584375684092958,0.11458742014245163,0.7295688230166189
25580,LOF,0.02011851948099507,0.09659456423710729,0.8832869162818976
25581,LOF,0.04961802446500227,0.08825626114734496,0.8621257143876527
25582,LOF,0.04951866581243682,0.08625826994053563,0.8642230642470277
25583,LOF,0.022044293154361672,0.1030507878987058,0.8749049189469325
25584,Neutral,0.6903420877657246,0.129965886975257,0.17969202525901834
25585,LOF,0.02180463652070981,0.17316084231713696,0.8050345211621532
25586,LOF,0.01705209873387541,0.09267144179116846,0.8902764594749561
25587,LOF,0.016863701216358943,0.08083148001212113,0.90230481877152
25588,LOF,0.0198591552070313,0.09029226341249984,0.8898485813804687
25589,Neutral,0.5139868474720519,0.21772601649914453,0.26828713602880366
25590,LOF,0.0504339025128332,0.14365751675672028,0.8059085807304466
25591,LOF,0.09322533449974121,0.07803631088919855,0.8287383546110603
25592,LOF,0.05358030437543098,0.1808191796395302,0.7656005159850388
25593,LOF,0.11944407633981276,0.28697224347256184,0.5935836801876254
25594,LOF,0.05015064155575179,0.06887557984682989,0.8809737785974183
25595,LOF,0.04701333121569931,0.0481877426850089,0.9047989260992918
25596,LOF,0.10258430121368821,0.024456256208478005,0.8729594425778336
25597,LOF,0.08148315837706202,0.03125718235000563,0.8872596592729323
25598,LOF,0.046700242242954444,0.05238580916086495,0.9009139485961807
25599,LOF,0.018914689499318987,0.4688250725775765,0.5122602379231045
25600,GOF,0.15452097694350522,0.5010740768523185,0.3444049462041763
25601,LOF,0.03278776854519534,0.3693460155427759,0.5978662159120287
25602,LOF,0.03350315732545992,0.0643172260759357,0.9021796165986045
25603,LOF,0.034943548591432574,0.040163687451180305,0.9248927639573872
25604,LOF,0.038193248047645664,0.07767117424330673,0.8841355777090476
25605,LOF,0.03696576781593985,0.2006219401336155,0.7624122920504446
25606,LOF,0.3855456840744062,0.12243398940582689,0.49202032651976685
25607,LOF,0.02771334151759119,0.18061846919956825,0.7916681892828406
25608,LOF,0.03965526956486566,0.07968040807615918,0.8806643223589752
25609,GOF,0.14454383714377464,0.5055738093622194,0.3498823534940059
25610,LOF,0.015367570726307914,0.03494803496368035,0.9496843943100117
25611,LOF,0.01338869305929485,0.03509069692443946,0.9515206100162658
25612,LOF,0.04596242811600293,0.05390154415830001,0.9001360277256971
25613,LOF,0.04418013474239513,0.0501140024333328,0.905705862824272
25614,LOF,0.022199212775711647,0.03059183633779842,0.9472089508864899
25615,LOF,0.04530428482485341,0.04666157402123607,0.9080341411539106
25616,LOF,0.04562947149814022,0.0326956620744148,0.921674866427445
25617,LOF,0.04015293367350116,0.03886424029663386,0.9209828260298649
25618,LOF,0.04462537577855903,0.04505867383645572,0.9103159503849854
25619,LOF,0.012638624393268962,0.04255667477916281,0.9448047008275683
25620,LOF,0.05783960744554512,0.048929738475400573,0.8932306540790542
25621,LOF,0.05862632309395606,0.045322217886195615,0.8960514590198483
25622,LOF,0.06652250720009609,0.04509264826493756,0.8883848445349665
25623,LOF,0.07102346032340824,0.036965166951427916,0.892011372725164
25624,LOF,0.017902693454249375,0.04129724309230788,0.9408000634534427
25625,LOF,0.06189661729025754,0.04311600547822048,0.894987377231522
25626,LOF,0.04777645945928951,0.0498954105614298,0.9023281299792807
25627,Neutral,0.8898217512811589,0.021133443676219457,0.08904480504262163
25628,LOF,0.16024324264048007,0.06446514230689605,0.7752916150526239
25629,LOF,0.05902446395821205,0.055546614716813277,0.8854289213249746
25630,LOF,0.2693678578763368,0.07843900298096113,0.652193139142702
25631,Neutral,0.5516563511187705,0.07263992516799989,0.3757037237132297
25632,LOF,0.024562156875926125,0.07499800782876452,0.9004398352953095
25633,LOF,0.15549924863785075,0.04098548078804981,0.8035152705740993
25634,LOF,0.0325156092077013,0.09810839595617586,0.8693759948361229
25635,LOF,0.034946932419252806,0.04907052322313467,0.9159825443576125
25636,LOF,0.03285298716903555,0.4085180161247457,0.5586289967062188
25637,GOF,0.0715344119062691,0.48927914180466014,0.43918644628907083
25638,LOF,0.02769634756196704,0.35500941232973543,0.6172942401082976
25639,LOF,0.02745186597080455,0.3715315995660886,0.6010165344631068
25640,Neutral,0.7593179761968175,0.19397239867946098,0.046709625123721454
25641,GOF,0.06612924514938695,0.5229064002160708,0.4109643546345422
25642,LOF,0.056720966581207205,0.2037496293940607,0.7395294040247321
25643,LOF,0.20593048055280724,0.1344183149929263,0.6596512044542665
25644,LOF,0.02834665708888762,0.46208700587447743,0.509566337036635
25645,LOF,0.029505053856279287,0.42667091712899996,0.5438240290147207
25646,LOF,0.0648085977932461,0.32915853660685995,0.6060328655998939
25647,LOF,0.029120606609118086,0.2667209174372607,0.7041584759536212
25648,LOF,0.03552903370376187,0.2718864546955334,0.6925845116007048
25649,LOF,0.019147293075099523,0.24485429096334255,0.7359984159615579
25650,LOF,0.055579816213069934,0.4322669880085861,0.512153195778344
25651,LOF,0.02086361827501159,0.2918022987392437,0.6873340829857447
25652,LOF,0.0329796783237917,0.28396420430482144,0.6830561173713869
25653,LOF,0.09169190597275573,0.4381834585494736,0.4701246354777706
25654,LOF,0.023182819694679925,0.25617168217864633,0.7206454981266739
25655,GOF,0.2531812009579195,0.42687163546781876,0.31994716357426173
25656,LOF,0.3616117761576544,0.07647332399958727,0.5619148998427583
25657,LOF,0.06377963625139166,0.06970343668381555,0.8665169270647927
25658,LOF,0.36493966490069835,0.07894040330645748,0.5561199317928441
25659,Neutral,0.49138986304093374,0.11718267840662186,0.3914274585524444
25660,LOF,0.021944594106023396,0.09607703258172622,0.8819783733122504
25661,LOF,0.09829149261825751,0.060634340046139656,0.8410741673356028
25662,LOF,0.0357292645160521,0.03626528477443623,0.9280054507095116
25663,LOF,0.04638792571922916,0.04575054667065753,0.9078615276101134
25664,LOF,0.1382354884890305,0.0693988401505994,0.7923656713603702
25665,LOF,0.0580391126865216,0.03210229244958655,0.9098585948638918
25666,LOF,0.09706458278594489,0.0660704375481281,0.836864979665927
25667,LOF,0.07380529212903647,0.04045275807649877,0.8857419497944647
25668,LOF,0.039308610714455246,0.049497653390409256,0.9111937358951356
25669,LOF,0.033377986728963395,0.047869151216582764,0.9187528620544538
25670,LOF,0.13595145062560782,0.060532478364559654,0.8035160710098325
25671,LOF,0.12106270892405539,0.03507741287312221,0.8438598782028224
25672,LOF,0.05172574842977981,0.04316252604883172,0.9051117255213884
25673,LOF,0.07975890752235718,0.0518794691001418,0.868361623377501
25674,LOF,0.06676258284550668,0.060438919091599264,0.872798498062894
25675,LOF,0.11737299434839629,0.06284718859248478,0.819779817059119
25676,LOF,0.019951435160816298,0.0547094314791258,0.9253391333600579
25677,LOF,0.026370485506320315,0.07163153402947044,0.9019979804642092
25678,LOF,0.19057528501079904,0.06826392967987792,0.7411607853093231
25679,LOF,0.11391446184887274,0.08555860783559599,0.8005269303155313
25680,LOF,0.03367026196437976,0.12304586143070707,0.8432838766049132
25681,LOF,0.052043821352313516,0.1128774672071442,0.8350787114405422
25682,LOF,0.1525795519975643,0.0741615997279548,0.7732588482744809
25683,LOF,0.10777587269596191,0.09324369375579704,0.7989804335482411
25684,LOF,0.044665587048658216,0.06681295978230395,0.8885214531690379
25685,LOF,0.13163300401750178,0.05431444453721662,0.8140525514452815
25686,LOF,0.07501803613417748,0.09101576136453007,0.8339662025012924
25687,LOF,0.1232352757332745,0.10288011346989047,0.773884610796835
25688,LOF,0.3809049956674673,0.031857373026532895,0.5872376313059999
25689,LOF,0.27070393077500804,0.03763848132341979,0.6916575879015722
25690,LOF,0.3708784833986337,0.02844028146113703,0.6006812351402293
25691,Neutral,0.729559575520417,0.022707596831766194,0.2477328276478169
25692,LOF,0.35002233775457303,0.00922026311453206,0.6407573991308949
25693,LOF,0.04433527968306204,0.4251422212231851,0.5305224990937528
25694,LOF,0.12803550713043574,0.012624958112658565,0.8593395347569056
25695,LOF,0.12286314428388116,0.011809120318910305,0.8653277353972085
25696,LOF,0.12651406268535906,0.009319208042254805,0.8641667292723861
25697,LOF,0.08564018675557122,0.0420926738735689,0.8722671393708599
25698,LOF,0.31510123249713656,0.17056298197882533,0.514335785524038
25699,Neutral,0.5093738599919387,0.04032082733629042,0.45030531267177076
25700,LOF,0.07416809452403145,0.008911799401006738,0.9169201060749619
25701,LOF,0.18910966756833134,0.04320942315925953,0.7676809092724092
25702,GOF,0.18803153004701428,0.56819200936569,0.24377646058729574
25703,LOF,0.01495811609863565,0.14893801437036852,0.8361038695309958
25704,LOF,0.03964061995212306,0.10369338514277562,0.8566659949051013
25705,LOF,0.05612913332226788,0.1477787461171705,0.7960921205605617
25706,LOF,0.0987914012756513,0.39914019616863766,0.5020684025557112
25707,LOF,0.0885618462341104,0.3508604084308932,0.5605777453349964
25708,LOF,0.0353598199832377,0.3252719522363653,0.6393682277803969
25709,LOF,0.06811645114736599,0.04042493402920126,0.8914586148234327
25710,LOF,0.011685909547536276,0.17022665636166898,0.8180874340907947
25711,LOF,0.022614901676137392,0.08876975186181318,0.8886153464620494
25712,LOF,0.014193601829023865,0.19673402070090779,0.7890723774700684
25713,LOF,0.020930160392509473,0.0771269422780918,0.9019428973293987
25714,LOF,0.08238898137779686,0.0839554844559475,0.8336555341662557
25715,LOF,0.012131694629110444,0.13975441093686883,0.8481138944340206
25716,LOF,0.010202636625759801,0.1282831254894545,0.8615142378847858
25717,LOF,0.014896725285580956,0.08206631521589978,0.9030369594985191
25718,LOF,0.01192591200858736,0.10122546785418157,0.886848620137231
25719,LOF,0.02024534237035407,0.08055175491819225,0.8992029027114538
25720,LOF,0.02667380601137661,0.06455206318223221,0.9087741308063912
25721,LOF,0.014127765102054749,0.11556993530176536,0.8703022995961799
25722,LOF,0.01516537565272768,0.12222264463014648,0.8626119797171258
25723,LOF,0.02520166902507812,0.04471380017638927,0.9300845307985326
25724,LOF,0.03243121849296307,0.07650083872305621,0.8910679427839806
25725,LOF,0.012355778774065658,0.07223622593489233,0.915407995291042
25726,LOF,0.01690963969735543,0.10410140180200078,0.8789889585006438
25727,LOF,0.012646898620461172,0.07700405959348137,0.9103490417860575
25728,LOF,0.010783875032475965,0.1103041414908969,0.8789119834766272
25729,LOF,0.011280589417445842,0.11217314866001309,0.876546261922541
25730,LOF,0.014686646797908265,0.09277814528468464,0.8925352079174071
25731,LOF,0.020236961787961576,0.11582633672779134,0.8639367014842472
25732,LOF,0.014767119180904722,0.08406706934180315,0.901165811477292
25733,LOF,0.0166423751211694,0.07598176361866656,0.907375861260164
25734,LOF,0.01012220131161691,0.13004204626967678,0.8598357524187062
25735,LOF,0.012557915121810589,0.0952855846963847,0.8921565001818047
25736,LOF,0.013745485415990633,0.10351335084212736,0.8827411637418819
25737,LOF,0.013435131819185077,0.08002418700407538,0.9065406811767397
25738,LOF,0.012773805344896149,0.11751071466692668,0.8697154799881772
25739,LOF,0.023600923834560816,0.08494664888341547,0.8914524272820238
25740,LOF,0.02856700742924503,0.1296484192632458,0.8417845733075091
25741,LOF,0.015748734961997284,0.1279969662069664,0.8562542988310362
25742,LOF,0.13231800571845315,0.08924335597368158,0.7784386383078652
25743,LOF,0.04037856850881063,0.03438104942249768,0.9252403820686916
25744,Neutral,0.564331275326216,0.23084294556379487,0.2048257791099892
25745,LOF,0.06700679957825917,0.06129633016404662,0.8716968702576942
25746,LOF,0.04525743987919669,0.07339891496296512,0.8813436451578381
25747,LOF,0.020683938734087394,0.050291387028799886,0.9290246742371127
25748,LOF,0.0965915936848319,0.07481872753093298,0.8285896787842351
25749,LOF,0.026843925303802706,0.07295394393779371,0.9002021307584035
25750,LOF,0.08087955343114202,0.07782773953730808,0.8412927070315499
25751,LOF,0.09806908247394897,0.08832214453588341,0.8136087729901677
25752,GOF,0.11393093697356149,0.6475144075513406,0.238554655475098
25753,LOF,0.021103498840014823,0.26718453124831526,0.7117119699116699
25754,GOF,0.012625416435145073,0.8011751495717809,0.186199433993074
25755,LOF,0.02331042579746979,0.37655931438472334,0.6001302598178068
25756,LOF,0.0455354877739194,0.38801817117089527,0.5664463410551853
25757,GOF,0.01707446251552229,0.8425519191085075,0.1403736183759702
25758,GOF,0.02683266406624445,0.839629535165562,0.1335378007681934
25759,GOF,0.011011146163784898,0.6147926396941888,0.3741962141420262
25760,LOF,0.01306561312707264,0.2638311894099694,0.723103197462958
25761,GOF,0.2646123150722835,0.6384663727709045,0.09692131215681199
25762,LOF,0.04431109191182681,0.2734469199256536,0.6822419881625197
25763,LOF,0.013992415389702577,0.19699126867087485,0.7890163159394226
25764,GOF,0.06870446260241568,0.644632314759832,0.28666322263775224
25765,GOF,0.0332212882929884,0.7392716258793881,0.22750708582762336
25766,GOF,0.06466361013118084,0.7496506592838318,0.18568573058498747
25767,GOF,0.15357060599161032,0.5705588413355162,0.2758705526728736
25768,LOF,0.10819486076047799,0.0640907226627134,0.8277144165768087
25769,LOF,0.05979136761426472,0.05902629906168087,0.8811823333240544
25770,LOF,0.3091152092310781,0.10004791313804848,0.5908368776308733
25771,LOF,0.051710441560189405,0.0508823107103953,0.8974072477294153
25772,LOF,0.019530803406601585,0.04362634784642656,0.9368428487469719
25773,LOF,0.05196615930474959,0.09791740650997639,0.850116434185274
25774,LOF,0.028937100842849523,0.07997635641564814,0.8910865427415023
25775,LOF,0.05421773065192745,0.046533233197022544,0.8992490361510499
25776,LOF,0.0777013348814136,0.023557162245063098,0.8987415028735234
25777,LOF,0.39051567458854664,0.06334192916383177,0.5461423962476216
25778,LOF,0.07080697955236202,0.04608530565859231,0.8831077147890456
25779,GOF,0.3580621740721667,0.5989346213505828,0.043003204577250397
25780,GOF,0.3185600878902829,0.6091483304880034,0.0722915816217137
25781,GOF,0.11536021869517467,0.7835430337481268,0.10109674755669862
25782,GOF,0.16666443162179775,0.7448339322609283,0.08850163611727398
25783,GOF,0.02073126687001382,0.6556375310952707,0.3236312020347155
25784,GOF,0.47740015201054864,0.4808918480199763,0.041707999969475114
25785,GOF,0.47955483418904393,0.4830865363001666,0.03735862951078935
25786,GOF,0.024373486406584224,0.7549151270581274,0.22071138653528832
25787,Neutral,0.633062652519947,0.34304501089130235,0.02389233658875067
25788,LOF,0.05751035213232835,0.10773919051972572,0.8347504573479458
25789,GOF,0.1957567146725484,0.6776995812177543,0.12654370410969726
25790,GOF,0.19864257037629132,0.7075185695307314,0.09383886009297719
25791,GOF,0.15337313672168082,0.6943901861937021,0.15223667708461708
25792,GOF,0.3555653974250396,0.5326162068682778,0.11181839570668263
25793,GOF,0.22729088755903185,0.5462082749966012,0.22650083744436697
25794,GOF,0.2973732361309246,0.5366440140043383,0.16598274986473727
25795,GOF,0.08156690019219442,0.6748919225581023,0.2435411772497034
25796,Neutral,0.5409872795567366,0.3875137385102965,0.07149898193296676
25797,GOF,0.0834721591489259,0.5464485852016848,0.3700792556493893
25798,GOF,0.009846027795662708,0.5245728377447003,0.46558113445963695
25799,LOF,0.007728756269917018,0.3999503146459451,0.5923209290841379
25800,GOF,0.035762223311010824,0.6032000689958292,0.3610377076931599
25801,GOF,0.20643659615018528,0.6804137826164566,0.11314962123335817
25802,GOF,0.06191611095013025,0.7030871881830622,0.23499670086680766
25803,GOF,0.035435852031959876,0.584401356122513,0.38016279184552715
25804,GOF,0.03325760433531458,0.49847998900808527,0.46826240665660007
25805,GOF,0.0947388184247221,0.5947800184690445,0.31048116310623336
25806,GOF,0.10407114997020425,0.6215527890728486,0.27437606095694705
25807,GOF,0.018746782714120773,0.6298185911679967,0.3514346261178826
25808,GOF,0.08103735321266943,0.6475819700534321,0.27138067673389854
25809,GOF,0.020704854377775934,0.638866420318733,0.340428725303491
25810,GOF,0.019299199624910893,0.6532012352428919,0.32749956513219725
25811,Neutral,0.4700954976717598,0.46439883315571945,0.06550566917252079
25812,GOF,0.0346511223906214,0.6363806225071782,0.32896825510220046
25813,Neutral,0.523783739569356,0.39040484750516025,0.08581141292548379
25814,GOF,0.1134802555814288,0.6768240868478435,0.2096956575707278
25815,GOF,0.1864580823823204,0.6348432007308489,0.17869871688683067
25816,GOF,0.021411763344302833,0.7018608211664087,0.2767274154892884
25817,GOF,0.2312445278021664,0.6477881992494949,0.12096727294833873
25818,GOF,0.050782317430426535,0.6362659046775806,0.3129517778919928
25819,GOF,0.3516185512930363,0.5047927164369339,0.1435887322700298
25820,GOF,0.14524229729235044,0.6260098321581077,0.2287478705495419
25821,GOF,0.05589767329979385,0.6802288691957072,0.26387345750449875
25822,GOF,0.19409601526266776,0.576408928674143,0.2294950560631892
25823,GOF,0.02857279374976673,0.5161404223876571,0.45528678386257615
25824,GOF,0.07231029419457057,0.5789995373151442,0.34869016849028517
25825,GOF,0.028561519780393233,0.5624080779585385,0.4090304022610682
25826,GOF,0.010046688205134722,0.5416595084284757,0.4482938033663896
25827,GOF,0.01926831809074403,0.5951112627386024,0.38562041917065354
25828,GOF,0.012010590865410266,0.5056656931514505,0.4823237159831393
25829,GOF,0.006432612043638399,0.5776490871359145,0.4159183008204471
25830,LOF,0.036338063664124065,0.321127093922366,0.6425348424135099
25831,GOF,0.17586511163851937,0.7043507280581451,0.11978416030333547
25832,GOF,0.03041309511403929,0.6844736982461024,0.2851132066398583
25833,GOF,0.11848683103337997,0.7010361574153122,0.1804770115513079
25834,GOF,0.03858618385056686,0.7017094494081317,0.25970436674130126
25835,GOF,0.08605657100049552,0.7375734690567648,0.17636995994273963
25836,GOF,0.0419845584692496,0.6863076916347338,0.27170774989601654
25837,GOF,0.02602805677249281,0.5451592653391515,0.4288126778883557
25838,GOF,0.08988870176160765,0.7472626424891488,0.1628486557492435
25839,GOF,0.27117777413610017,0.5877676235547118,0.14105460230918812
25840,GOF,0.19615257824887822,0.644205520518474,0.15964190123264768
25841,GOF,0.2175657706408728,0.6416024234216765,0.14083180593745068
25842,GOF,0.1763076207734768,0.6894339772003675,0.13425840202615566
25843,GOF,0.23022929526322095,0.6725207237753649,0.09724998096141417
25844,GOF,0.06829921548681742,0.7064203699634211,0.22528041454976144
25845,LOF,0.015217875316809333,0.4671592538415999,0.5176228708415908
25846,GOF,0.11026689310480335,0.742786774435824,0.14694633245937266
25847,GOF,0.1076132782159706,0.7754428376857445,0.11694388409828489
25848,GOF,0.03760134879685932,0.6842640977919725,0.2781345534111681
25849,GOF,0.010885851857769075,0.55728446997614,0.4318296781660911
25850,GOF,0.021994381513931,0.6796698242188937,0.2983357942671753
25851,GOF,0.015563473755875532,0.5542329530770131,0.4302035731671112
25852,GOF,0.17140219489304648,0.5775338683736647,0.25106393673328875
25853,GOF,0.3261649513456984,0.6117717945834253,0.062063254070876143
25854,GOF,0.020364329406416228,0.6480879864808047,0.3315476841127792
25855,GOF,0.03384975020230914,0.5773844642470687,0.38876578555062224
25856,GOF,0.23934402245161118,0.5406408363224228,0.220015141225966
25857,GOF,0.03356180405445,0.4859620482619469,0.4804761476836031
25858,GOF,0.017208125788590784,0.5549423972147867,0.4278494769966225
25859,GOF,0.009591359532870642,0.5334669802994841,0.45694166016764526
25860,GOF,0.3456415643362891,0.5706014712454596,0.08375696441825135
25861,GOF,0.4062420460355855,0.5205160396707672,0.07324191429364724
25862,GOF,0.08579585234912301,0.7775047846730067,0.13669936297787022
25863,GOF,0.08393888437592333,0.7879525011295668,0.1281086144945099
25864,GOF,0.1752221692620769,0.7456344853937348,0.07914334534418845
25865,GOF,0.08400662698473918,0.8039548081613306,0.11203856485393024
25866,GOF,0.06046599067704065,0.8078154996700248,0.13171850965293472
25867,GOF,0.08235417667995092,0.8211241450224838,0.09652167829756529
25868,GOF,0.2619119017836949,0.6440482837006919,0.09403981451561334
25869,Neutral,0.6865697285028265,0.2770123150496815,0.036417956447491996
25870,GOF,0.30843009308784486,0.3746712830838909,0.3168986238282641
25871,GOF,0.2033141879339772,0.6369265756201182,0.15975923644590453
25872,GOF,0.07483545593738637,0.6464781677712561,0.27868637629135756
25873,GOF,0.12814818541076886,0.6711492623626887,0.20070255222654254
25874,LOF,0.01816278618748583,0.12067240179676637,0.8611648120157478
25875,LOF,0.09749265241174039,0.03594437374384668,0.8665629738444128
25876,LOF,0.035707192808718057,0.03461425612346535,0.9296785510678166
25877,Neutral,0.5067242487419287,0.04479236014498614,0.44848339111308516
25878,LOF,0.2386758377921143,0.07691561695669326,0.6844085452511924
25879,LOF,0.08407970876651308,0.0881464853248797,0.8277738059086072
25880,LOF,0.024532360468715275,0.01763696459517923,0.9578306749361055
25881,LOF,0.2062783404888851,0.10982124885566408,0.6839004106554507
25882,LOF,0.0690589240683026,0.014835551209565562,0.9161055247221319
25883,LOF,0.08289418583781236,0.018258044168370693,0.898847769993817
25884,LOF,0.03982009051067904,0.030735368836641005,0.92944454065268
25885,LOF,0.07259643150139196,0.011664401492768458,0.9157391670058396
25886,LOF,0.2939564147026318,0.0325594936614209,0.6734840916359472
25887,LOF,0.16759483524972493,0.06363758381256591,0.7687675809377091
25888,LOF,0.06973522592953058,0.05629091613749838,0.873973857932971
25889,LOF,0.052135589331816334,0.020614078025758712,0.927250332642425
25890,LOF,0.058207585279789,0.11647567532794686,0.8253167393922641
25891,LOF,0.04811316422047001,0.045666968020077844,0.9062198677594521
25892,LOF,0.09107489446258157,0.02131569843211304,0.8876094071053054
25893,LOF,0.24774885771213448,0.016742148234864796,0.7355089940530006
25894,LOF,0.1793542716463578,0.010449076823058574,0.8101966515305836
25895,LOF,0.1995461931518248,0.0201507562866575,0.7803030505615177
25896,LOF,0.05128146949754209,0.02683254456598858,0.9218859859364694
25897,LOF,0.22760884665489955,0.011908345170436803,0.7604828081746636
25898,Neutral,0.671775799959172,0.009249834403365928,0.3189743656374621
25899,LOF,0.22205157028954917,0.025669248882446555,0.7522791808280043
25900,LOF,0.44967472325208807,0.01734830019348314,0.5329769765544289
25901,LOF,0.05109693106101309,0.013556152228925547,0.9353469167100613
25902,LOF,0.1665884833832429,0.014650974317024272,0.8187605422997328
25903,Neutral,0.48757489559843364,0.028425487667078034,0.48399961673448844
25904,LOF,0.27452714859028365,0.05418006705014261,0.6712927843595737
25905,LOF,0.023239061983030065,0.30096736598843793,0.6757935720285321
25906,LOF,0.024143120668983123,0.06276553149544244,0.9130913478355744
25907,LOF,0.013028758652296926,0.3326296684299406,0.6543415729177626
25908,LOF,0.011027914907300448,0.2347408972014087,0.7542311878912908
25909,LOF,0.014552003709738415,0.1187057409236553,0.8667422553666063
25910,LOF,0.051347834488958646,0.1571719623717624,0.7914802031392789
25911,LOF,0.15842886849474652,0.025986259389094598,0.8155848721161589
25912,LOF,0.03910851090470682,0.045938827000713126,0.9149526620945801
25913,LOF,0.3152738161051159,0.02138170153745613,0.6633444823574279
25914,LOF,0.020721924106552537,0.1012970444655001,0.8779810314279474
25915,Neutral,0.4933333068002777,0.2614352111495883,0.2452314820501341
25916,LOF,0.06214313231546962,0.3500708068516585,0.5877860608328719
25917,LOF,0.06568319171666831,0.06839785005436799,0.8659189582289636
25918,LOF,0.02462514053617863,0.06050610691038541,0.9148687525534359
25919,LOF,0.021531541353546995,0.06767132468664448,0.9107971339598084
25920,GOF,0.09666584203574669,0.5508840240940979,0.35245013387015545
25921,LOF,0.02561412378168032,0.026479591521447684,0.9479062846968721
25922,LOF,0.035001601569070236,0.018313309893461017,0.9466850885374687
25923,LOF,0.4131934405197113,0.02079839895160991,0.5660081605286789
25924,LOF,0.03573348131906537,0.035859288001167416,0.9284072306797673
25925,LOF,0.06857958810777955,0.027824019830270184,0.9035963920619502
25926,LOF,0.05276116858601226,0.022150837861866415,0.9250879935521213
25927,LOF,0.07355118844058615,0.08399740469411004,0.8424514068653037
25928,LOF,0.020648916010125792,0.03585160062324676,0.9434994833666275
25929,Neutral,0.5303811598182491,0.022451003302645524,0.44716783687910544
25930,LOF,0.06103841603391559,0.01878118483435407,0.9201803991317303
25931,LOF,0.0281754595829628,0.018405199008509805,0.9534193414085275
25932,LOF,0.02985603444830016,0.018105351664350875,0.9520386138873489
25933,LOF,0.04213495095757761,0.012733594924562944,0.9451314541178594
25934,LOF,0.0274147819832007,0.015067910169249256,0.95751730784755
25935,LOF,0.061241623123061764,0.0322371004293658,0.9065212764475724
25936,LOF,0.0491262020080575,0.016903013511797838,0.9339707844801447
25937,LOF,0.029206900027026066,0.02481645074162373,0.9459766492313502
25938,LOF,0.06370971314211686,0.03563707429187734,0.9006532125660057
25939,LOF,0.04269090029173848,0.011032438853807596,0.9462766608544539
25940,LOF,0.03490131297860879,0.39484707077975095,0.5702516162416403
25941,LOF,0.1844684437421538,0.09013060856354012,0.7254009476943061
25942,LOF,0.01654479682247107,0.037575703314573404,0.9458794998629556
25943,LOF,0.2849041093723783,0.049466872710362285,0.6656290179172595
25944,LOF,0.4736810295826635,0.024591840617175672,0.5017271298001609
25945,LOF,0.06649592838715883,0.02406035830975215,0.909443713303089
25946,LOF,0.032344504853340776,0.11636197526628804,0.8512935198803712
25947,LOF,0.10434864699525762,0.2123886735233834,0.6832626794813589
25948,LOF,0.3957836683764052,0.013074822651884376,0.5911415089717105
25949,LOF,0.11008626922147491,0.04544243272441616,0.8444712980541089
25950,GOF,0.25386884789165676,0.4142409420735254,0.3318902100348179
25951,LOF,0.24517581702718144,0.22511626325099998,0.5297079197218186
25952,LOF,0.042132328752251605,0.42995448841233125,0.5279131828354171
25953,LOF,0.1454512496428707,0.1026318092962853,0.751916941060844
25954,Neutral,0.43140391775880077,0.17752600193969392,0.39107008030150536
25955,LOF,0.06452533647277811,0.07476405268503544,0.8607106108421865
25956,LOF,0.1719689311991667,0.12947416733551356,0.6985569014653198
25957,LOF,0.03828228300066732,0.03475602211372374,0.9269616948856089
25958,LOF,0.06393967779774397,0.028875397537768743,0.9071849246644873
25959,LOF,0.06957365597749568,0.3748994331517589,0.5555269108707455
25960,LOF,0.018475341053246826,0.05611081105676257,0.9254138478899907
25961,LOF,0.053455566175341994,0.030353055334471222,0.9161913784901868
25962,LOF,0.05902076818266783,0.030159798776465404,0.9108194330408668
25963,LOF,0.04515670683337839,0.14737256229741233,0.8074707308692093
25964,LOF,0.03909095355034137,0.13508176369028335,0.8258272827593752
25965,Neutral,0.45848359742746914,0.09381656074600916,0.4476998418265217
25966,Neutral,0.45859761439284125,0.08467228334426269,0.456730102262896
25967,LOF,0.012046004205734753,0.057757682296011456,0.9301963134982539
25968,LOF,0.02720647594055725,0.4703445566772093,0.5024489673822334
25969,LOF,0.02547831101019456,0.06195274465195086,0.9125689443378546
25970,LOF,0.06757398527360384,0.05148532959111866,0.8809406851352775
25971,LOF,0.07701720381021812,0.01458846267101954,0.9083943335187624
25972,LOF,0.08113208291452531,0.019075689887404268,0.8997922271980705
25973,LOF,0.08401562404769204,0.010576333877470133,0.9054080420748379
25974,LOF,0.20838711042713243,0.016583823707282896,0.7750290658655847
25975,LOF,0.05183312543096822,0.03586190480862466,0.9123049697604072
25976,LOF,0.04383571918563118,0.01763329652506884,0.9385309842892999
25977,LOF,0.16136761749120523,0.08391800910468343,0.7547143734041112
25978,LOF,0.15415355984942983,0.07031427460555857,0.7755321655450116
25979,LOF,0.1383428241088695,0.07121660144260226,0.7904405744485283
25980,LOF,0.22748415382640022,0.0962065151288311,0.6763093310447686
25981,LOF,0.25552293692972805,0.09264929429291968,0.6518277687773524
25982,LOF,0.39759627624405464,0.05863912392731238,0.5437645998286329
25983,LOF,0.3937456133358187,0.06294452393693041,0.5433098627272509
25984,LOF,0.052979179501525114,0.04716131311287423,0.8998595073856007
25985,LOF,0.027949513032506357,0.221617809098927,0.7504326778685667
25986,LOF,0.036736257909662694,0.2683915978015893,0.6948721442887481
25987,LOF,0.08935913771511718,0.06128771065678026,0.8493531516281024
25988,LOF,0.14934987124879567,0.044617508590371294,0.806032620160833
25989,LOF,0.03327868462901917,0.08967675674674747,0.8770445586242333
25990,LOF,0.03974931208503048,0.1163462361041281,0.8439044518108414
25991,LOF,0.15027845480605417,0.2764370898649468,0.5732844553289991
25992,LOF,0.36042101690695805,0.1481459251249523,0.49143305796808967
25993,LOF,0.024588365034881658,0.08210562947972959,0.8933060054853887
25994,LOF,0.018175311415029663,0.11590918100328336,0.8659155075816869
25995,LOF,0.02693976131079256,0.21455171849394544,0.758508520195262
25996,GOF,0.2876042232679927,0.44421710129884195,0.2681786754331653
25997,LOF,0.08884646548966496,0.44737244480679733,0.4637810897035377
25998,Neutral,0.5327941039038419,0.01701842868299101,0.4501874674131671
25999,LOF,0.10613173007471093,0.12120711687848809,0.7726611530468009
26000,LOF,0.18416234649331992,0.03631444850362137,0.7795232050030587
26001,LOF,0.1941664073170147,0.03116885491164637,0.7746647377713389
26002,LOF,0.17569406780157715,0.04202153570592537,0.7822843964924974
26003,GOF,0.010837836407342708,0.5767801940145151,0.4123819695781421
26004,GOF,0.02098754525282521,0.6240123179742245,0.3550001367729502
26005,LOF,0.008627062842595193,0.4300470066253428,0.5613259305320621
26006,Neutral,0.5289463743238306,0.199392559696278,0.2716610659798913
26007,GOF,0.02349695536980014,0.526940353575742,0.44956269105445784
26008,GOF,0.018439085997689973,0.5743400347661597,0.40722087923615047
26009,GOF,0.02235289040036462,0.6138772298242556,0.3637698797753797
26010,GOF,0.02680711703857252,0.6048296614681449,0.36836322149328266
26011,LOF,0.007699508108943682,0.45799843307122484,0.5343020588198315
26012,GOF,0.014786297269309077,0.5598669441740701,0.42534675855662085
26013,GOF,0.01940378911007008,0.5934967804259551,0.3870994304639748
26014,LOF,0.047115649210841284,0.117134428920467,0.8357499218686917
26015,LOF,0.20488261308402023,0.009407178255864502,0.7857102086601152
26016,LOF,0.22734995033322306,0.046669967057708116,0.7259800826090688
26017,LOF,0.2363944156562423,0.07365360651538638,0.6899519778283714
26018,LOF,0.09992575189139354,0.02729931320104747,0.872774934907559
26019,LOF,0.09576818255513984,0.020488582851937467,0.8837432345929227
26020,LOF,0.07146423296746444,0.10179981070030344,0.8267359563322321
26021,LOF,0.046129745136968235,0.11265757393054518,0.8412126809324866
26022,LOF,0.011478092268129219,0.03593835318771137,0.9525835545441594
26023,LOF,0.1149627089005976,0.01854728110767239,0.8664900099917301
26024,LOF,0.02760854468189909,0.1122863721177719,0.8601050832003291
26025,LOF,0.17126626192702715,0.10139104144045724,0.7273426966325155
26026,LOF,0.33570180787756554,0.02955111091942625,0.6347470812030082
26027,LOF,0.0886278946406038,0.013226861873556843,0.8981452434858394
26028,LOF,0.14166086069325648,0.06466404347623364,0.7936750958305099
26029,LOF,0.09323176448317819,0.20185378522088993,0.7049144502959318
26030,LOF,0.028917397148331872,0.06917299767485226,0.9019096051768158
26031,LOF,0.035022187869540956,0.1476185605819311,0.8173592515485281
26032,LOF,0.07593862089526722,0.07879063110119493,0.8452707480035377
26033,LOF,0.12636295496550431,0.10312267610652019,0.7705143689279754
26034,LOF,0.05761900923902169,0.16205791105592066,0.7803230797050577
26035,LOF,0.03130761022585193,0.15048969293365858,0.8182026968404895
26036,LOF,0.04814713210594084,0.1760666233033849,0.7757862445906742
26037,LOF,0.026488793777744015,0.1219417994095802,0.8515694068126757
26038,LOF,0.06967887202871634,0.08273040899974733,0.8475907189715364
26039,LOF,0.06377771819416327,0.14889024257520067,0.787332039230636
26040,LOF,0.21164972225702972,0.14167421695344434,0.6466760607895259
26041,LOF,0.027034474545024174,0.12062696600015112,0.8523385594548246
26042,LOF,0.026993791370873727,0.10869416686777628,0.86431204176135
26043,LOF,0.06937054620579262,0.09917112789040769,0.8314583259037996
26044,LOF,0.02326033251096585,0.08285576226685457,0.8938839052221796
26045,LOF,0.08471853032036014,0.10768952931070097,0.8075919403689389
26046,LOF,0.07112150105528972,0.095479705565553,0.8333987933791572
26047,LOF,0.09715791428024614,0.10298524574765816,0.7998568399720956
26048,LOF,0.058018600617965786,0.05191271169610776,0.8900686876859264
26049,Neutral,0.960701457108416,0.008546241215223448,0.030752301676360335
26050,Neutral,0.9442702586022386,0.011282654544142755,0.044447086853618506
26051,LOF,0.04266555842497026,0.33824285667826276,0.6190915848967671
26052,LOF,0.06321330369395703,0.37853669830388986,0.558249998002153
26053,LOF,0.05507449082866483,0.1393585800494706,0.8055669291218646
26054,LOF,0.056365877944904594,0.01675940428668704,0.9268747177684084
26055,LOF,0.08201042983976754,0.013160811520796747,0.9048287586394358
26056,LOF,0.06489785170961859,0.014477803091637641,0.9206243451987438
26057,LOF,0.03212594179750559,0.01120216780764066,0.9566718903948538
26058,LOF,0.033650314878221566,0.00864158662694105,0.9577080984948373
26059,LOF,0.30780521777564657,0.021016360333842608,0.6711784218905109
26060,LOF,0.03164949557869911,0.17400515542781997,0.794345348993481
26061,LOF,0.018395957877594515,0.010198196836695282,0.9714058452857101
26062,LOF,0.011313386373867406,0.01571864377674719,0.9729679698493854
26063,LOF,0.02326064333173764,0.011312301365138014,0.9654270553031244
26064,LOF,0.025187797335157077,0.018056359193512447,0.9567558434713305
26065,LOF,0.025951014330213015,0.010254779932972613,0.9637942057368143
26066,LOF,0.022746809238869327,0.010380461470062271,0.9668727292910685
26067,LOF,0.029871672672137924,0.008196647021749912,0.9619316803061121
26068,LOF,0.05332435514227657,0.02853692183245011,0.9181387230252733
26069,LOF,0.2707652144220473,0.016207375032708835,0.7130274105452439
26070,LOF,0.3954180372455492,0.013258848858912797,0.5913231138955379
26071,LOF,0.024458332064173024,0.012268990983111641,0.9632726769527152
26072,LOF,0.02375084600918294,0.01559802429620063,0.9606511296946164
26073,LOF,0.025707956390874656,0.010420827103628077,0.9638712165054972
26074,Neutral,0.908623997814025,0.0050628267368932976,0.08631317544908161
26075,LOF,0.04605188635587115,0.013616495717711263,0.9403316179264176
26076,LOF,0.047834250903141515,0.00821573042310479,0.9439500186737537
26077,LOF,0.009712730568205345,0.01651699128061501,0.9737702781511796
26078,LOF,0.014452644227911614,0.010757460236304016,0.9747898955357844
26079,LOF,0.06221620683660908,0.015550620357713577,0.9222331728056773
26080,LOF,0.06117220112754104,0.015567932382672164,0.9232598664897868
26081,LOF,0.03866685065452702,0.005633117001001455,0.9557000323444714
26082,LOF,0.01739559246129367,0.014266058049628027,0.9683383494890784
26083,LOF,0.13729133928781134,0.011640740691464719,0.851067920020724
26084,LOF,0.02971168827653748,0.011121494013437738,0.9591668177100249
26085,LOF,0.02562690177319234,0.010638069012606492,0.9637350292142011
26086,LOF,0.025230835261499118,0.010758453963993591,0.9640107107745074
26087,LOF,0.028691998464811946,0.007765312584108547,0.9635426889510795
26088,LOF,0.015842230348775646,0.02510550891252266,0.9590522607387016
26089,LOF,0.048540518377834616,0.020641995327514918,0.9308174862946506
26090,LOF,0.046870348228262554,0.016195145252767062,0.9369345065189704
26091,LOF,0.04180737122317377,0.005779445781822575,0.9524131829950037
26092,LOF,0.028929633466721904,0.007717585321080574,0.9633527812121976
26093,LOF,0.0432812418737064,0.005566469610737403,0.9511522885155562
26094,LOF,0.04547627297980609,0.0058994952407394,0.9486242317794547
26095,LOF,0.043894383694649375,0.012142258569107648,0.943963357736243
26096,LOF,0.01994557469462637,0.009804904171172637,0.9702495211342009
26097,LOF,0.012126420444665534,0.03328701941714529,0.9545865601381891
26098,LOF,0.07293355170513008,0.009662090420241418,0.9174043578746284
26099,LOF,0.026821714045776667,0.011438394318367443,0.9617398916358559
26100,LOF,0.02889081295547536,0.010940661070437188,0.9601685259740874
26101,LOF,0.05999836205201923,0.011016733942645551,0.9289849040053353
26102,LOF,0.02650301644840631,0.013246241158496427,0.9602507423930972
26103,Neutral,0.8897764535439313,0.01624169243967434,0.09398185401639432
26104,LOF,0.0802652785101481,0.023907978961858034,0.8958267425279939
26105,LOF,0.19657586742227104,0.26303567977053244,0.5403884528071965
26106,LOF,0.21238369713556404,0.11514834843125092,0.672467954433185
26107,LOF,0.264888774624133,0.07516871018576168,0.6599425151901054
26108,LOF,0.23795504037985,0.12707870325708975,0.6349662563630603
26109,LOF,0.12142700784110744,0.07338938568838944,0.8051836064705031
26110,LOF,0.23075078093083462,0.0072038153824637245,0.7620454036867017
26111,Neutral,0.49972232845138853,0.019377322184737623,0.4809003493638739
26112,LOF,0.030805719663899996,0.007388626931608317,0.9618056534044916
26113,LOF,0.04966237032614367,0.01506397149794864,0.9352736581759076
26114,LOF,0.028648048147183892,0.020707829851490712,0.9506441220013254
26115,LOF,0.10953319012081181,0.03812377258370536,0.8523430372954828
26116,LOF,0.06582740558404768,0.04271717538796816,0.8914554190279842
26117,LOF,0.4434883238261189,0.03970030984578541,0.5168113663280958
26118,LOF,0.03775312130227372,0.02375398463650564,0.9384928940612207
26119,LOF,0.021894316024261683,0.034683489098586824,0.9434221948771514
26120,LOF,0.029870266675794815,0.022390931957019963,0.9477388013671854
26121,LOF,0.051486395044336955,0.0779322223884954,0.8705813825671675
26122,LOF,0.0403369060067588,0.03885579345295322,0.920807300540288
