feature0,prediction,LoGoFunc_Neutral,LoGoFunc_GOF,LoGoFunc_LOF
25546,Neutral,0.6814271505324381,0.06161050290501472,0.2569623465625471
25547,Neutral,0.5063847806919959,0.10736852619346508,0.3862466931145391
25548,Neutral,0.5105142306544888,0.08820184547410578,0.40128392387140543
25549,LOF,0.4350940437932226,0.09510424055810472,0.46980171564867274
25550,LOF,0.3480530673096168,0.13649194052232716,0.515454992168056
25551,LOF,0.30727308616108173,0.14371971798310798,0.5490071958558104
25552,LOF,0.2444723966484639,0.1391754457489874,0.6163521576025487
25553,Neutral,0.8201801309701564,0.04528804408525986,0.1345318249445838
25554,LOF,0.2803872345511626,0.1311977623470716,0.5884150031017658
25555,LOF,0.23978857763383304,0.12574475582703665,0.6344666665391303
25556,LOF,0.448318495461715,0.10091189979468738,0.4507696047435976
25557,LOF,0.22646739426836096,0.1269213908991214,0.6466112148325177
25558,LOF,0.2836785484551628,0.12711381443156777,0.5892076371132694
25559,LOF,0.18982307911362664,0.11712650611585272,0.6930504147705207
25560,LOF,0.14731432147096907,0.09903376727533217,0.7536519112536988
25561,LOF,0.14217569658389892,0.11729065647675206,0.740533646939349
25562,LOF,0.07036223613310327,0.0698180971983794,0.8598196666685173
25563,LOF,0.02074845929962502,0.11029323510871926,0.8689583055916557
25564,LOF,0.20649113943566494,0.10302430368716152,0.6904845568771736
25565,LOF,0.22927237520320018,0.12330773313512605,0.6474198916616738
25566,GOF,0.09353316931101008,0.693767302473356,0.21269952821563376
25567,LOF,0.036291137778809865,0.12619899085893005,0.83750987136226
25568,LOF,0.05927460980714695,0.07055857694495989,0.8701668132478931
25569,LOF,0.05724625915252037,0.06944084267825554,0.8733128981692241
25570,LOF,0.028416258617106113,0.09899881902585879,0.872584922357035
25571,LOF,0.027392260921759903,0.10115292026205897,0.871454818816181
25572,LOF,0.06072722444848025,0.120741702885828,0.8185310726656917
25573,LOF,0.05437172376362889,0.08522958778940865,0.8603986884469625
25574,LOF,0.05573903233527614,0.17407495720969227,0.7701860104550317
25575,LOF,0.02319576074100679,0.11686295115994348,0.8599412880990498
25576,LOF,0.031210197515664524,0.1579190413035469,0.8108707611807887
25577,LOF,0.02701451976763395,0.11024608363253287,0.8627393965998331
25578,LOF,0.2922519515193453,0.08006170215772586,0.6276863463229289
25579,LOF,0.12768404889488216,0.08567695974840409,0.7866389913567137
25580,LOF,0.02004726936733453,0.07452914872345107,0.9054235819092145
25581,LOF,0.054860883037663094,0.0664567608524121,0.8786823561099247
25582,LOF,0.054811012505508974,0.06465969894909228,0.8805292885453988
25583,LOF,0.02052010007648882,0.07967552480641049,0.8998043751171008
25584,Neutral,0.6680448817242982,0.10935185866760243,0.2226032596080994
25585,LOF,0.03768146803953951,0.12429317565029685,0.8380253563101636
25586,LOF,0.018942687563438705,0.0698209047327661,0.9112364077037951
25587,LOF,0.01829019067070543,0.06067323166076814,0.9210365776685264
25588,LOF,0.019797377024763946,0.06980137455684418,0.910401248418392
25589,Neutral,0.5003346515945634,0.20068297164756757,0.2989823767578691
25590,LOF,0.04733071826244962,0.10788166512078538,0.8447876166167649
25591,LOF,0.0906811145670676,0.05774823911094085,0.8515706463219915
25592,LOF,0.05512749884612831,0.1307832354796132,0.8140892656742584
25593,LOF,0.13309089086902787,0.24671079451867486,0.6201983146122974
25594,LOF,0.04515810756494863,0.10824343104168586,0.8465984613933655
25595,LOF,0.04348625933044075,0.07982903402504868,0.8766847066445106
25596,LOF,0.09664235038625778,0.04306816741308779,0.8602894822006545
25597,LOF,0.07969451907601094,0.056438422574943484,0.8638670583490455
25598,LOF,0.046168454230621235,0.0804947407231489,0.8733368050462299
25599,GOF,0.02122081662337132,0.5418933221166436,0.436885861259985
25600,GOF,0.16118617278531902,0.514282210408123,0.32453161680655784
25601,LOF,0.04331816652428519,0.40083584474486766,0.5558459887308471
25602,LOF,0.03726136937814307,0.052395720222255054,0.9103429103996019
25603,LOF,0.03592142144662798,0.02751023187950397,0.9365683466738681
25604,LOF,0.035340892996972885,0.052342110652961266,0.9123169963500659
25605,LOF,0.04394865450779759,0.17048117087259673,0.7855701746196058
25606,LOF,0.44223474452264716,0.09445056800491614,0.4633146874724366
25607,LOF,0.02594072809562231,0.17251940987292189,0.8015398620314558
25608,LOF,0.0375371256083834,0.07047125753682706,0.8919916168547896
25609,GOF,0.15070286268829894,0.5524987317538383,0.2967984055578626
25610,LOF,0.01567830216758611,0.028120553037261593,0.9562011447951524
25611,LOF,0.015010050532979364,0.031084392121202273,0.9539055573458184
25612,LOF,0.049295814600278626,0.03917389439142728,0.9115302910082941
25613,LOF,0.045556060626866415,0.03940773378831105,0.9150362055848226
25614,LOF,0.022281761252183823,0.02604012312794653,0.9516781156198696
25615,LOF,0.04373363566610768,0.03195767992354006,0.9243086844103523
25616,LOF,0.045390161014495896,0.026148370286948414,0.9284614686985557
25617,LOF,0.041845875851756045,0.03537121450065941,0.9227829096475846
25618,LOF,0.05148970250641484,0.033158583009030455,0.9153517144845547
25619,LOF,0.01539947196520129,0.028774248119153675,0.9558262799156451
25620,LOF,0.06070722882956373,0.03499410132031295,0.9042986698501233
25621,LOF,0.04754353047936814,0.031529533570178785,0.9209269359504529
25622,LOF,0.06269351087395854,0.02955745449527474,0.9077490346307666
25623,LOF,0.07408006658048151,0.025856165392546395,0.9000637680269721
25624,LOF,0.019096585969279774,0.03571882472358668,0.9451845893071334
25625,LOF,0.06176567331290718,0.038200213257926975,0.9000341134291658
25626,LOF,0.04357913812820751,0.03592114456011875,0.9204997173116738
25627,Neutral,0.8888571339153297,0.02219074602329722,0.08895212006137297
25628,LOF,0.13176028447564025,0.06528331424994256,0.8029564012744173
25629,LOF,0.06452168429728604,0.046000883948185904,0.8894774317545281
25630,LOF,0.2639213859271278,0.079633423244878,0.6564451908279942
25631,Neutral,0.5205812849012269,0.0713249995392369,0.4080937155595363
25632,LOF,0.026900512617607297,0.05812956835150717,0.9149699190308854
25633,LOF,0.20964162061030553,0.03360083852356353,0.756757540866131
25634,LOF,0.03315586707499751,0.07553384045292073,0.8913102924720818
25635,LOF,0.041311833249400846,0.04174662393995545,0.9169415428106438
25636,LOF,0.036540307774188686,0.4717642610360466,0.4916954311897648
25637,LOF,0.07223549941695293,0.4521052323913376,0.47565926819170956
25638,LOF,0.047167458389439455,0.27354537414793983,0.6792871674626207
25639,LOF,0.035819980863712124,0.319518219403271,0.6446617997330167
25640,Neutral,0.8161631449183758,0.14123721766923822,0.04259963741238595
25641,GOF,0.0501467416636773,0.47627560883056336,0.47357764950575937
25642,LOF,0.04434060290764849,0.15488349988230143,0.80077589721005
25643,LOF,0.19720680121309062,0.15977758340624013,0.6430156153806692
25644,GOF,0.023395162230850457,0.49224097801246336,0.48436385975668633
25645,LOF,0.019039096113634982,0.4584353564486913,0.5225255474376738
25646,LOF,0.046533229763563465,0.3591833584657595,0.5942834117706771
25647,LOF,0.022445176539396722,0.26776172406790516,0.7097930993926981
25648,LOF,0.027354305199831893,0.25797017109648995,0.7146755237036782
25649,LOF,0.015435258050668577,0.2528098262018001,0.7317549157475314
25650,LOF,0.05147203939893938,0.42641728874460877,0.5221106718564518
25651,LOF,0.01545907368763353,0.2758684589798252,0.7086724673325413
25652,LOF,0.029783605961288855,0.2731236658151651,0.697092728223546
25653,LOF,0.07794842136654224,0.4048307165513724,0.5172208620820854
25654,LOF,0.022543546576095416,0.20997870799827575,0.7674777454256289
25655,GOF,0.24178745845801616,0.3830257136566283,0.3751868278853555
25656,LOF,0.29250885576038116,0.049311546457383316,0.6581795977822356
25657,LOF,0.0805467643723843,0.05443468118757398,0.8650185544400416
25658,LOF,0.3776978746906766,0.05164169914801437,0.570660426161309
25659,Neutral,0.5268063376129353,0.07321443415562615,0.3999792282314385
25660,LOF,0.025087506588960178,0.0761463130855346,0.8987661803255053
25661,LOF,0.09476246160765389,0.05492088257156324,0.8503166558207829
25662,LOF,0.031885342067715615,0.03105753091805572,0.9370571270142286
25663,LOF,0.039325622373367106,0.043584004493290134,0.9170903731333427
25664,LOF,0.13519364778241247,0.054710410807833613,0.8100959414097538
25665,LOF,0.05283252246545416,0.02792860235268092,0.9192388751818649
25666,LOF,0.08945763817654946,0.07371081581690407,0.8368315460065464
25667,LOF,0.06401337355416241,0.04144056856249174,0.8945460578833458
25668,LOF,0.03845214018975295,0.04075128332764064,0.9207965764826063
25669,LOF,0.0337919497615984,0.05072650783306508,0.9154815424053365
25670,LOF,0.1427064477932896,0.04211014010372363,0.8151834121029867
25671,LOF,0.09018329924786285,0.030835235889939975,0.8789814648621972
25672,LOF,0.05261549983214938,0.03820025556332857,0.909184244604522
25673,LOF,0.07985236478528157,0.037831481791365834,0.8823161534233526
25674,LOF,0.06950036411288596,0.04666473843650078,0.8838348974506133
25675,LOF,0.12744855617424908,0.04290426704789003,0.8296471767778609
25676,LOF,0.018179903137989964,0.04768903520276443,0.9341310616592456
25677,LOF,0.026718221178900128,0.06025853385220338,0.9130232449688965
25678,LOF,0.15863058661688115,0.05435950559999225,0.7870099077831266
25679,LOF,0.12541875387619056,0.07147801606166776,0.8031032300621417
25680,LOF,0.02924088907995951,0.10060004873885865,0.8701590621811818
25681,LOF,0.04731175463802024,0.09500515387442737,0.8576830914875525
25682,LOF,0.13997104385178874,0.06001689494047846,0.8000120612077328
25683,LOF,0.12134034163419613,0.07042871992616942,0.8082309384396344
25684,LOF,0.04299532969060395,0.06252259070287453,0.8944820796065216
25685,LOF,0.12908804408281796,0.051275470178976636,0.8196364857382055
25686,LOF,0.06977754624473473,0.08893831489869132,0.8412841388565738
25687,LOF,0.12191865209233269,0.07743423064934189,0.8006471172583254
25688,LOF,0.2971921945510182,0.03623935032221147,0.6665684551267703
25689,LOF,0.22929035539034343,0.04312850213363224,0.7275811424760245
25690,LOF,0.34656687675091763,0.03796617437803503,0.6154669488710474
25691,Neutral,0.6766363288518744,0.035028911134662506,0.28833476001346303
25692,LOF,0.293411552069008,0.010772360578950884,0.695816087352041
25693,LOF,0.04372051606586892,0.4482461156838214,0.5080333682503098
25694,LOF,0.1299012912092753,0.022281104976837905,0.8478176038138868
25695,LOF,0.1271842824342652,0.017408914333416632,0.8554068032323182
25696,LOF,0.11786518045147379,0.01064301132907307,0.8714918082194532
25697,LOF,0.12101690032687706,0.025295961413315544,0.8536871382598075
25698,LOF,0.3202768518934506,0.2507912716847521,0.42893187642179714
25699,LOF,0.4242426793007244,0.04626729410698102,0.5294900265922946
25700,LOF,0.051457654580601364,0.010799618744262513,0.9377427266751361
25701,LOF,0.15736170104543337,0.05892369651601049,0.7837146024385562
25702,GOF,0.1854402152703707,0.516126806336,0.29843297839362926
25703,LOF,0.016083064009019935,0.1512868104652973,0.8326301255256827
25704,LOF,0.052373825981584625,0.1178016900577474,0.829824483960668
25705,LOF,0.05730610977109492,0.1924497717936159,0.7502441184352893
25706,LOF,0.09683279870689948,0.3449996670404142,0.5581675342526864
25707,LOF,0.09162729925116819,0.2691783699243321,0.6391943308244996
25708,LOF,0.02857325312560354,0.2588890144598081,0.7125377324145884
25709,LOF,0.05425954701339458,0.040605298087991244,0.9051351548986143
25710,LOF,0.011052305094095457,0.11819006534943464,0.87075762955647
25711,LOF,0.01799433242398639,0.08931678178881848,0.8926888857871952
25712,LOF,0.012736842082946192,0.16952931688109213,0.8177338410359616
25713,LOF,0.01755180282301065,0.07765804229681872,0.9047901548801707
25714,LOF,0.06443884030051034,0.0752345084360562,0.8603266512634334
25715,LOF,0.010070640162763126,0.1278500095698047,0.8620793502674322
25716,LOF,0.013743551208731403,0.1117532275049164,0.8745032212863523
25717,LOF,0.012680740159718108,0.07747230340639653,0.9098469564338855
25718,LOF,0.010761200750136205,0.11317088704540339,0.8760679122044603
25719,LOF,0.018513181140313133,0.0813659038001161,0.9001209150595708
25720,LOF,0.020553994635877506,0.0699956118366434,0.9094503935274791
25721,LOF,0.014785836397417765,0.10720420216412042,0.8780099614384618
25722,LOF,0.012633243922963883,0.12181187138402667,0.8655548846930095
25723,LOF,0.021592551138712772,0.043891633369186014,0.9345158154921013
25724,LOF,0.021504736285795203,0.08096040554185596,0.8975348581723488
25725,LOF,0.011156313515825628,0.07039399153112257,0.918449694953052
25726,LOF,0.013838521966099578,0.10116481476889513,0.8849966632650053
25727,LOF,0.012573224257292523,0.07862842511066527,0.9087983506320422
25728,LOF,0.009333956329984542,0.10430762968126307,0.8863584139887525
25729,LOF,0.009672934509293886,0.1047053308349678,0.8856217346557382
25730,LOF,0.013096259810970137,0.08098677513731294,0.9059169650517169
25731,LOF,0.021472786203849594,0.10272234672111134,0.8758048670750391
25732,LOF,0.014617693895946506,0.08118386153873995,0.9041984445653136
25733,LOF,0.015867630248809033,0.07017262934535584,0.9139597404058352
25734,LOF,0.012244677423757303,0.126576013854615,0.8611793087216276
25735,LOF,0.012801953041061194,0.07607799433650361,0.9111200526224351
25736,LOF,0.013288717957571467,0.101464587175576,0.8852466948668526
25737,LOF,0.019599299073505785,0.07712346516860841,0.9032772357578858
25738,LOF,0.012891010154955918,0.11010270733777318,0.877006282507271
25739,LOF,0.018758570981490637,0.08028841637983046,0.900953012638679
25740,LOF,0.025904967351881282,0.09372401423758961,0.880371018410529
25741,LOF,0.014071312861219947,0.09808314134500848,0.8878455457937715
25742,LOF,0.10507601379028363,0.07742967721199844,0.8174943089977178
25743,LOF,0.03255343570896937,0.031180865127270287,0.9362656991637605
25744,Neutral,0.5356776447199151,0.25094234257170756,0.21338001270837728
25745,LOF,0.08789124248935858,0.06398628205882777,0.8481224754518135
25746,LOF,0.03968222669020481,0.07692093120039158,0.8833968421094037
25747,LOF,0.023991498334198943,0.03615664998233998,0.939851851683461
25748,LOF,0.10332960068157857,0.054728339846535225,0.8419420594718862
25749,LOF,0.025130162270958822,0.07579479612419157,0.8990750416048496
25750,LOF,0.0848795827626529,0.07960910652704181,0.8355113107103053
25751,LOF,0.09374636625193641,0.05238396859490509,0.8538696651531585
25752,GOF,0.10606126644100598,0.6804039013770665,0.2135348321819274
25753,LOF,0.018376161481557716,0.2529026886723286,0.7287211498461136
25754,GOF,0.00962394690539178,0.762713731640796,0.22766232145381224
25755,LOF,0.021141777015899425,0.36934116955949386,0.6095170534246067
25756,LOF,0.04102186176539867,0.3538626705755985,0.6051154676590028
25757,GOF,0.013196492525003073,0.829387042553089,0.15741646492190794
25758,GOF,0.030993070648735542,0.8127117123923957,0.15629521695886892
25759,GOF,0.011008317186905705,0.5284301070858827,0.4605615757272117
25760,LOF,0.012970981702397357,0.22602722226083563,0.7610017960367671
25761,GOF,0.2803244567202655,0.6071372258973547,0.11253831738237983
25762,LOF,0.036230165064202374,0.2505099508509307,0.713259884084867
25763,LOF,0.012087812297596725,0.18749385052515485,0.8004183371772484
25764,GOF,0.06918481973036525,0.6034156400209607,0.32739954024867407
25765,GOF,0.04409444990718894,0.7290082526673828,0.22689729742542833
25766,GOF,0.06333657579507172,0.7641809050612882,0.17248251914364007
25767,GOF,0.17476863416634683,0.4327141501856374,0.39251721564801584
25768,LOF,0.08716272389584015,0.06957128549096603,0.8432659906131938
25769,LOF,0.06531650913117769,0.06258610296322875,0.8720973879055935
25770,LOF,0.2623877073591924,0.08064803825339091,0.6569642543874167
25771,LOF,0.040788085556723475,0.0421582787264198,0.9170536357168567
25772,LOF,0.016086938825744898,0.03222636459554091,0.9516866965787141
25773,LOF,0.045045710815304583,0.07207174503482339,0.8828825441498721
25774,LOF,0.02637924109325503,0.07150433675232908,0.902116422154416
25775,LOF,0.04309852133284006,0.045388219046453085,0.911513259620707
25776,LOF,0.06678565757390953,0.02472705854561735,0.9084872838804732
25777,LOF,0.31788773655923047,0.04876793881513998,0.6333443246256295
25778,LOF,0.0591517968410422,0.04869588680226361,0.8921523163566942
25779,GOF,0.3714142016715056,0.5831890642291307,0.045396734099363546
25780,GOF,0.31046095459774586,0.6188243506604151,0.07071469474183903
25781,GOF,0.13174043783967554,0.7447155485738263,0.12354401358649814
25782,GOF,0.19552886335750388,0.724750640556512,0.07972049608598412
25783,GOF,0.028129965194294216,0.6291388129242784,0.34273122188142735
25784,Neutral,0.49276560920549334,0.46508855941684235,0.04214583137766434
25785,GOF,0.3757764591395144,0.579939990539866,0.04428355032061955
25786,GOF,0.023683782924235952,0.7795280635521709,0.19678815352359322
25787,Neutral,0.6551145986366854,0.3192600508328057,0.025625350530508895
25788,LOF,0.04335974530413911,0.09462944301152386,0.8620108116843371
25789,GOF,0.18511069601182806,0.6598220571101332,0.1550672468780388
25790,GOF,0.18522705095738864,0.7022412321337357,0.11253171690887581
25791,GOF,0.11653697719357353,0.6963292603591288,0.18713376244729782
25792,GOF,0.2871301148453735,0.5671347970021291,0.14573508815249744
25793,GOF,0.24571311706444188,0.5635034617408063,0.19078342119475186
25794,GOF,0.31805439043385725,0.5041575770428439,0.17778803252329872
25795,GOF,0.07733663037434294,0.6863576322042189,0.2363057374214382
25796,Neutral,0.5452339061069483,0.3679491631691517,0.0868169307239
25797,GOF,0.09234271542937768,0.5244787129412992,0.38317857162932323
25798,LOF,0.009438871068772952,0.4906486462927982,0.4999124826384289
25799,LOF,0.006768675513517082,0.38528431208612673,0.6079470124003562
25800,GOF,0.03228263068006406,0.5814912296832616,0.38622613963667435
25801,GOF,0.1745589737624171,0.7019228709035531,0.12351815533402963
25802,GOF,0.07262050747608682,0.7132944683996111,0.21408502412430208
25803,GOF,0.03376592620743983,0.568946049555699,0.3972880242368612
25804,LOF,0.030599547329511395,0.47801718154523704,0.4913832711252515
25805,GOF,0.08587207000296404,0.6076586338596678,0.30646929613736823
25806,GOF,0.0977443225226344,0.5937510949343185,0.30850458254304697
25807,GOF,0.018251243863585058,0.6325154118556127,0.3492333442808023
25808,GOF,0.07576714577001058,0.6479822275606648,0.27625062666932454
25809,GOF,0.01784626532184579,0.585898569550101,0.39625516512805325
25810,GOF,0.015657618563991525,0.6183216688372224,0.36602071259878605
25811,GOF,0.44868708580616856,0.4612616434954962,0.09005127069833524
25812,GOF,0.027001460433491394,0.6058231475535456,0.36717539201296295
25813,Neutral,0.5188731445511394,0.3782418267697483,0.10288502867911223
25814,GOF,0.10840402191127768,0.63272266879937,0.2588733092893523
25815,GOF,0.20296319155728465,0.5855142664708798,0.21152254197183562
25816,GOF,0.02348202440626774,0.7094817475490537,0.2670362280446785
25817,GOF,0.2539904153113821,0.613216508239136,0.13279307644948196
25818,GOF,0.050360847613170626,0.6741168435442203,0.2755223088426091
25819,GOF,0.3630369896321436,0.4920010780807472,0.14496193228710913
25820,GOF,0.18269572651585017,0.6004013039314113,0.21690296955273844
25821,GOF,0.05631585585485571,0.661148260944004,0.28253588320114015
25822,GOF,0.2175358044705134,0.5720458989044688,0.21041829662501785
25823,GOF,0.030350494107393936,0.5192128260389497,0.4504366798536564
25824,GOF,0.09078396428784763,0.5948604868219274,0.314355548890225
25825,GOF,0.033944133907085686,0.6019094013554382,0.3641464647374761
25826,GOF,0.015216232910873274,0.5837246548564023,0.40105911223272445
25827,GOF,0.022568312458834703,0.6077237357495276,0.36970795179163773
25828,GOF,0.013248978663908577,0.5373093514373409,0.44944166989875045
25829,GOF,0.00538088342108271,0.5655654445643887,0.42905367201452854
25830,LOF,0.03259596532932769,0.2744984776195853,0.692905557051087
25831,GOF,0.24244826884946485,0.6309279589800255,0.1266237721705097
25832,GOF,0.027793777727291715,0.6958344693890829,0.2763717528836254
25833,GOF,0.10611525784959995,0.7174194106881302,0.17646533146226995
25834,GOF,0.02910900200957772,0.713079783241073,0.2578112147493492
25835,GOF,0.06151363337538952,0.7537095679724314,0.18477679865217922
25836,GOF,0.028864005515023695,0.673126782144978,0.2980092123399982
25837,GOF,0.024974049653948786,0.6144462748315234,0.36057967551452785
25838,GOF,0.08520225060041978,0.7685853896920668,0.14621235970751353
25839,GOF,0.2930494965407983,0.551852739153886,0.15509776430531572
25840,GOF,0.26831591662068127,0.5876961586611533,0.14398792471816543
25841,GOF,0.24498200675640372,0.6219473757312357,0.1330706175123606
25842,GOF,0.13497638295415976,0.7406551094605935,0.12436850758524669
25843,GOF,0.20775322267906637,0.7056695805231537,0.08657719679778
25844,GOF,0.058418653779055765,0.7445704749255317,0.19701087129541248
25845,GOF,0.014991655479296566,0.5241992559539809,0.4608090885667226
25846,GOF,0.12017301042009307,0.7441860785280373,0.13564091105186954
25847,GOF,0.08810844814886253,0.8139174883178252,0.09797406353331213
25848,GOF,0.03221782390680349,0.7109202270775242,0.2568619490156723
25849,GOF,0.009283713793352445,0.6098272837720793,0.38088900243456825
25850,GOF,0.01818304120015268,0.6644016840153254,0.317415274784522
25851,GOF,0.014273129292850897,0.5447213162028162,0.4410055545043328
25852,GOF,0.1530998630182964,0.5590898417882937,0.2878102951934099
25853,GOF,0.353777362347234,0.564990332851859,0.08123230480090711
25854,GOF,0.020909593067483852,0.590619244978511,0.3884711619540051
25855,GOF,0.03500569174111087,0.5577197944624185,0.4072745137964705
25856,GOF,0.24995035814905742,0.5300783050041826,0.21997133684675996
25857,GOF,0.04079370469680708,0.5017522792035436,0.4574540160996494
25858,GOF,0.019800771818600835,0.501574467410029,0.4786247607713701
25859,LOF,0.009580052556378778,0.47907831232651654,0.5113416351171047
25860,GOF,0.3663214842299992,0.5518321097217461,0.08184640604825466
25861,GOF,0.4315107435096992,0.4977410237645897,0.07074823272571121
25862,GOF,0.07559733771528189,0.7718533502061737,0.15254931207854427
25863,GOF,0.08001567391029221,0.7775124549480306,0.14247187114167717
25864,GOF,0.17712362460712786,0.747381771284442,0.07549460410843012
25865,GOF,0.07462130723572634,0.7949935476066341,0.1303851451576396
25866,GOF,0.05175134744647209,0.7846694703466252,0.16357918220690273
25867,GOF,0.0784266945801612,0.8125588162489734,0.10901448917086524
25868,GOF,0.2659218541207863,0.6275469850521007,0.10653116082711298
25869,Neutral,0.7173944777674963,0.23865462096559686,0.04395090126690678
25870,GOF,0.2785360295066164,0.3886577586290245,0.3328062118643591
25871,GOF,0.2173882095660702,0.6434609612955697,0.13915082913836008
25872,GOF,0.06899194621275682,0.6601461029414368,0.2708619508458062
25873,GOF,0.09730272023225948,0.709531631527606,0.19316564824013444
25874,LOF,0.013963489807762098,0.10972519114678904,0.8763113190454489
25875,LOF,0.08536935904248695,0.04310684722676775,0.8715237937307453
25876,LOF,0.03168349426805005,0.026068153081754298,0.9422483526501956
25877,Neutral,0.49742369871394426,0.0340850703674984,0.4684912309185575
25878,LOF,0.2293133128828711,0.08650820008760891,0.68417848702952
25879,LOF,0.08996148036518892,0.08038350935487144,0.8296550102799397
25880,LOF,0.04177898806233263,0.013028640581095414,0.945192371356572
25881,LOF,0.14977635372365697,0.11369838896210889,0.7365252573142341
25882,LOF,0.06534911190590474,0.01706262870591212,0.917588259388183
25883,LOF,0.06503912326236687,0.019056339386981716,0.9159045373506512
25884,LOF,0.031791307133074403,0.03042470534144036,0.9377839875254853
25885,LOF,0.05828884407332067,0.011607601827526891,0.9301035540991524
25886,LOF,0.24374514680224527,0.03631282380956929,0.7199420293881854
25887,LOF,0.14094756776579856,0.06436588845761047,0.7946865437765909
25888,LOF,0.0610378611186492,0.05580070778702612,0.8831614310943247
25889,LOF,0.03926513081399808,0.019955772413105644,0.9407790967728964
25890,LOF,0.04784414540008067,0.15183929352059053,0.8003165610793288
25891,LOF,0.036708519463022476,0.05783500781376308,0.9054564727232144
25892,LOF,0.08023825441485748,0.02415802392571755,0.8956037216594249
25893,LOF,0.23795952789544592,0.02051212668002367,0.7415283454245305
25894,LOF,0.17242025727662566,0.014155928746467235,0.8134238139769072
25895,LOF,0.18065396179713059,0.022871006219368793,0.7964750319835007
25896,LOF,0.04753133284347915,0.02362358100255903,0.9288450861539618
25897,LOF,0.2501208502480166,0.014769453360806,0.7351096963911775
25898,Neutral,0.6897957964134808,0.011555144940975794,0.2986490586455435
25899,LOF,0.208433596192621,0.025943659484286254,0.7656227443230927
25900,LOF,0.45725472094448166,0.01286366852695885,0.5298816105285594
25901,LOF,0.05041510483178721,0.012533535633988548,0.9370513595342244
25902,LOF,0.1491343220517967,0.015000890473259395,0.8358647874749439
25903,Neutral,0.5848166386495639,0.028930245864438372,0.38625311548599783
25904,LOF,0.319175552137875,0.04755202306153427,0.6332724248005906
25905,LOF,0.02321434089526919,0.3582784856447056,0.6185071734600252
25906,LOF,0.028025586138515794,0.0866145327278108,0.8853598811336734
25907,LOF,0.0127436815961076,0.34249943205241656,0.6447568863514758
25908,LOF,0.008888189308764963,0.2715179216482178,0.7195938890430172
25909,LOF,0.01269059675587425,0.12590706988054814,0.8614023333635776
25910,LOF,0.048901337729043315,0.1441033313706305,0.8069953309003263
25911,LOF,0.20087460976562835,0.02507733066296062,0.774048059571411
25912,LOF,0.04793777440611909,0.04311569533687244,0.9089465302570084
25913,LOF,0.3376131109274525,0.021434331124410295,0.6409525579481372
25914,LOF,0.02090988294661257,0.050763139802275536,0.9283269772511119
25915,Neutral,0.5807074209653647,0.12842985999501824,0.2908627190396173
25916,LOF,0.0862937408688655,0.19719786657609212,0.7165083925550425
25917,LOF,0.06043483862887674,0.03653840989638891,0.9030267514747343
25918,LOF,0.02144431338238128,0.029876873826781534,0.9486788127908371
25919,LOF,0.019185965446745678,0.0323971795280206,0.9484168550252338
25920,GOF,0.10423667917238442,0.5294177949499208,0.3663455258776948
25921,LOF,0.024722926872494954,0.03256017137646887,0.9427169017510361
25922,LOF,0.034847107862928085,0.024599176036232493,0.9405537161008395
25923,Neutral,0.4890382418910557,0.03521084417470613,0.4757509139342382
25924,LOF,0.036070487796350144,0.04037180066781223,0.9235577115358377
25925,LOF,0.07347455926049506,0.039659681852958296,0.8868657588865467
25926,LOF,0.05246999402844555,0.033892792940442,0.9136372130311124
25927,LOF,0.05646085004894483,0.15956585246527147,0.7839732974857837
25928,LOF,0.01784591894625736,0.05295230494044153,0.9292017761133011
25929,Neutral,0.5980021954685076,0.03695848518681551,0.36503931934467676
25930,LOF,0.0728498983288024,0.03065137180910232,0.8964987298620953
25931,LOF,0.02404931388121954,0.03361223836948652,0.9423384477492939
25932,LOF,0.029515647286526035,0.02669378934115251,0.9437905633723215
25933,LOF,0.04190372357671296,0.015929517306666467,0.9421667591166205
25934,LOF,0.025761320454841488,0.01824027990067518,0.9559983996444834
25935,LOF,0.064187619882432,0.049400616833342,0.886411763284226
25936,LOF,0.04557144950525823,0.02252671696410033,0.9319018335306414
25937,LOF,0.027947903256166945,0.034123813515204764,0.9379282832286284
25938,LOF,0.06451271881378366,0.0518188116319775,0.8836684695542388
25939,LOF,0.04260670549137967,0.017959011990279217,0.9394342825183412
25940,LOF,0.038858473248166825,0.3349480755416976,0.6261934512101355
25941,LOF,0.19053044017428697,0.08315755731570566,0.7263120025100073
25942,LOF,0.012636930981185835,0.033134108566833846,0.9542289604519802
25943,LOF,0.31667380619134095,0.05398694228884599,0.6293392515198132
25944,LOF,0.48474051945286983,0.020123731475719192,0.49513574907141084
25945,LOF,0.07921887772753715,0.018528661732290713,0.9022524605401723
25946,LOF,0.029915841917421915,0.10960386512608371,0.8604802929564944
25947,LOF,0.09916539879070282,0.1669794290312337,0.7338551721780635
25948,LOF,0.3771867237317079,0.008131745791898867,0.6146815304763932
25949,LOF,0.12097954915610507,0.03647082148763865,0.8425496293562563
25950,Neutral,0.3405949922654408,0.3238660088120124,0.3355389989225468
25951,LOF,0.18310450232087552,0.2885490639035183,0.5283464337756062
25952,LOF,0.04509426771644494,0.46691043115431086,0.48799530112924416
25953,LOF,0.14642822968179472,0.10185624316745853,0.7517155271507469
25954,Neutral,0.42552798393065155,0.1978743076090735,0.37659770846027496
25955,LOF,0.062104717265538165,0.07593141420861559,0.8619638685258463
25956,LOF,0.1570887992469263,0.11115265509642627,0.7317585456566474
25957,LOF,0.0363508908074017,0.031197422774272298,0.9324516864183261
25958,LOF,0.05310405586146523,0.029565996337066237,0.9173299478014686
25959,LOF,0.07495498101144091,0.3213818071789615,0.6036632118095976
25960,LOF,0.013725770712347924,0.05675618164770111,0.929518047639951
25961,LOF,0.03923471337591932,0.02873352665743062,0.9320317599666501
25962,LOF,0.0548156434847692,0.032289467127865706,0.9128948893873652
25963,LOF,0.039565969872015105,0.20952202056415764,0.7509120095638272
25964,LOF,0.03139262205345025,0.1573318251805419,0.8112755527660078
25965,Neutral,0.47860239376987257,0.06039381383038061,0.46100379239974665
25966,Neutral,0.5160318259120265,0.1654126615671487,0.3185555125208248
25967,LOF,0.017026385958562998,0.0991269740887739,0.8838466399526631
25968,LOF,0.03397535325935538,0.375370722819234,0.5906539239214106
25969,LOF,0.03700485815849363,0.06639170774869532,0.896603434092811
25970,LOF,0.05627222738374519,0.062233395264551204,0.8814943773517036
25971,LOF,0.06371466870949279,0.02428081834612375,0.9120045129443836
25972,LOF,0.06459377621350214,0.035195768734728794,0.900210455051769
25973,LOF,0.07407440518896179,0.009299523445483404,0.9166260713655549
25974,LOF,0.1827670699014184,0.014642179733417714,0.8025907503651639
25975,LOF,0.045794417033140015,0.026916640352066076,0.9272889426147939
25976,LOF,0.04231794034054669,0.01598189682860618,0.9417001628308471
25977,LOF,0.1532098004922552,0.08821609611341726,0.7585741033943275
25978,LOF,0.1348494198353715,0.10354839620455895,0.7616021839600695
25979,LOF,0.12751449659488642,0.10443666293604564,0.768048840469068
25980,LOF,0.22227772633702064,0.12872636130918452,0.6489959123537948
25981,LOF,0.25167749316055976,0.1268102913625358,0.6215122154769044
25982,LOF,0.42136048146729166,0.08010071866743032,0.4985387998652781
25983,LOF,0.39804724758118315,0.08597999828478894,0.515972754134028
25984,LOF,0.047736506542492875,0.048478014770644895,0.9037854786868622
25985,LOF,0.037522134641524096,0.2817262042416745,0.6807516611168013
25986,LOF,0.045549461621989966,0.32954617613505366,0.6249043622429564
25987,LOF,0.08783461806883953,0.06730462977870426,0.8448607521524562
25988,LOF,0.15935570423704326,0.06402904711342954,0.7766152486495271
25989,LOF,0.034973869475595755,0.11349512954340042,0.8515310009810038
25990,LOF,0.0368143423020687,0.16591043191635257,0.7972752257815786
25991,LOF,0.1394282289348769,0.2425752096538759,0.6179965614112471
25992,LOF,0.31878875612675633,0.14792298269998277,0.5332882611732609
25993,LOF,0.02400625338500108,0.07615198192470632,0.8998417646902925
25994,LOF,0.01880169399099774,0.07393087165352812,0.9072674343554742
25995,LOF,0.026287215320539608,0.15941630876170917,0.8142964759177512
25996,GOF,0.32284960548792146,0.3660358982641556,0.31111449624792303
25997,LOF,0.09500786334544362,0.36338766812283446,0.541604468531722
25998,Neutral,0.49441257837655006,0.029071547337910897,0.4765158742855391
25999,LOF,0.09768088758135827,0.10315175606858,0.7991673563500618
26000,LOF,0.12925550406340858,0.04742982339034922,0.8233146725462422
26001,LOF,0.20792680994311313,0.04873864608556847,0.7433345439713185
26002,LOF,0.11510709690211712,0.044400803342446726,0.8404920997554362
26003,GOF,0.011037886204526382,0.5796260839351769,0.40933602986029677
26004,GOF,0.02029840880825595,0.6944805717356799,0.2852210194560642
26005,LOF,0.00668769490635255,0.43645148797244343,0.556860817121204
26006,Neutral,0.520314717891522,0.23540663718358884,0.24427864492488918
26007,GOF,0.021058716411163348,0.5038178702917355,0.47512341329710117
26008,GOF,0.01817793548301375,0.6160701811303563,0.36575188338663
26009,GOF,0.01992922098253073,0.6844871548988759,0.2955836241185933
26010,GOF,0.0215276578059628,0.6521145870260467,0.3263577551679904
26011,LOF,0.00636335523661996,0.4004900729705789,0.5931465717928012
26012,GOF,0.011720490555652777,0.5357159943361728,0.45256351510817444
26013,GOF,0.017732844558772956,0.5966750546140979,0.3855921008271292
26014,LOF,0.04005196944981611,0.11102052640887647,0.8489275041413074
26015,LOF,0.16033038394093996,0.018480413342381742,0.8211892027166784
26016,LOF,0.19190177357947683,0.06945935780085702,0.7386388686196662
26017,LOF,0.21461183895057834,0.10556183878964132,0.6798263222597802
26018,LOF,0.07754685378136665,0.045672503031085616,0.8767806431875478
26019,LOF,0.07388127591040093,0.03475841730190898,0.8913603067876902
26020,LOF,0.06402599650628818,0.11920862081398137,0.8167653826797304
26021,LOF,0.045045616801742995,0.12121327367016019,0.8337411095280968
26022,LOF,0.011270089928114709,0.04579270478127535,0.94293720529061
26023,LOF,0.06564942027157562,0.02590333477035266,0.9084472449580716
26024,LOF,0.029177955842974036,0.123626868104642,0.847195176052384
26025,LOF,0.14548598567898172,0.10362104354575355,0.7508929707752647
26026,LOF,0.31832329684525434,0.030514221383401156,0.6511624817713446
26027,LOF,0.0566623277102535,0.01998945425992315,0.9233482180298234
26028,LOF,0.16428267655958817,0.06561285323851715,0.7701044702018948
26029,LOF,0.06370117816045398,0.13481978800558925,0.8014790338339567
26030,LOF,0.02083871099152846,0.03183709312586324,0.9473241958826083
26031,LOF,0.0245380079768439,0.09599346455473948,0.8794685274684166
26032,LOF,0.06799499280726719,0.04969239522034197,0.8823126119723909
26033,LOF,0.08332600238580104,0.04698948712399846,0.8696845104902005
26034,LOF,0.041973233440166444,0.11895244416408804,0.8390743223957454
26035,LOF,0.024258068923808142,0.1120055722748708,0.863736358801321
26036,LOF,0.0365816052060857,0.12590185262363862,0.8375165421702756
26037,LOF,0.020093715718455932,0.09320218638449587,0.8867040978970481
26038,LOF,0.06408777910735995,0.05005275681762892,0.8858594640750111
26039,LOF,0.04987039094609989,0.110587269084803,0.8395423399690971
26040,LOF,0.19861449705742,0.08787372490248824,0.7135117780400917
26041,LOF,0.021226563245002446,0.08420416655127555,0.894569270203722
26042,LOF,0.019569558864970214,0.08097406015209013,0.8994563809829398
26043,LOF,0.06511669691195882,0.05831550021674406,0.8765678028712971
26044,LOF,0.018258625929024674,0.04438678452170457,0.9373545895492708
26045,LOF,0.07195001254225239,0.07737359181328386,0.8506763956444637
26046,LOF,0.05971369360981609,0.048541638638111693,0.8917446677520723
26047,LOF,0.07730197385391999,0.050995682093370694,0.8717023440527094
26048,LOF,0.04159543298491695,0.030051297941205528,0.9283532690738775
26049,Neutral,0.9676474465087722,0.005465714951924751,0.026886838539302963
26050,Neutral,0.9523287403802423,0.006697421578680418,0.04097383804107735
26051,LOF,0.05090511421514587,0.2616565544147893,0.6874383313700648
26052,LOF,0.0673665925688104,0.29369421434745596,0.6389391930837337
26053,LOF,0.0707536124017573,0.13926312423819107,0.7899832633600516
26054,LOF,0.04773439037195812,0.017061755261075152,0.9352038543669668
26055,LOF,0.06591322156250955,0.016006124095327107,0.9180806543421635
26056,LOF,0.0555738126097371,0.01734132537400593,0.927084862016257
26057,LOF,0.033110134560032194,0.012148326523839776,0.954741538916128
26058,LOF,0.034375083878481205,0.0101695496629399,0.9554553664585789
26059,LOF,0.2620887404099149,0.021464522393897612,0.7164467371961876
26060,LOF,0.0496474224572303,0.16893695366929568,0.7814156238734741
26061,LOF,0.01543080344616071,0.011690542338400693,0.9728786542154387
26062,LOF,0.009783514881459664,0.016196429732699257,0.9740200553858411
26063,LOF,0.020255117584225376,0.010540924412441146,0.9692039580033335
26064,LOF,0.01979467594130613,0.02488679160035298,0.9553185324583408
26065,LOF,0.025111570980319207,0.0110854721229072,0.9638029568967736
26066,LOF,0.020183853282316547,0.010953206822950375,0.9688629398947332
26067,LOF,0.028111652130724973,0.008456919044506895,0.9634314288247682
26068,LOF,0.043247478399350295,0.027829249918165228,0.9289232716824846
26069,LOF,0.2703152902829167,0.017949848587190998,0.7117348611298923
26070,LOF,0.40447465078845457,0.014787918778475304,0.5807374304330701
26071,LOF,0.020651278493634895,0.011998271003573539,0.9673504505027914
26072,LOF,0.016948169814809122,0.022159841602243113,0.9608919885829479
26073,LOF,0.019328517567812634,0.0139758890909696,0.9666955933412178
26074,Neutral,0.915392076793295,0.005547095142061669,0.07906082806464348
26075,LOF,0.04490685443993675,0.013610336627914943,0.9414828089321483
26076,LOF,0.03734561141170295,0.008733631746045396,0.9539207568422515
26077,LOF,0.009267056820564817,0.013250118099611536,0.9774828250798238
26078,LOF,0.014379304972003883,0.011379234573804662,0.9742414604541916
26079,LOF,0.06197914548397774,0.015245908938383125,0.9227749455776392
26080,LOF,0.061285264214737095,0.015311700586305791,0.9234030351989571
26081,LOF,0.03429444048295063,0.006779820038185929,0.9589257394788634
26082,LOF,0.013160697060250028,0.014356785554047916,0.9724825173857019
26083,LOF,0.17529821807397872,0.01455153948185455,0.8101502424441668
26084,LOF,0.04399478861692676,0.0120807750897023,0.9439244362933711
26085,LOF,0.03946940968209231,0.011500226637331886,0.9490303636805758
26086,LOF,0.02079474233535989,0.011279283896086114,0.967925973768554
26087,LOF,0.023136743351331545,0.008417557114060604,0.9684456995346079
26088,LOF,0.014989265519313292,0.02318617163517846,0.9618245628455082
26089,LOF,0.039515927947248265,0.020187318436438634,0.9402967536163132
26090,LOF,0.03906835428107788,0.016705084776626924,0.9442265609422953
26091,LOF,0.031401374523828615,0.006462803731296135,0.9621358217448753
26092,LOF,0.02192338749267678,0.007974275462538323,0.9701023370447849
26093,LOF,0.03328790328751044,0.006117728278955686,0.960594368433534
26094,LOF,0.03326465751447112,0.006456616720127609,0.9602787257654012
26095,LOF,0.03797327431005154,0.013964675466692571,0.9480620502232558
26096,LOF,0.015740685466837174,0.011675662519658205,0.9725836520135047
26097,LOF,0.01131415917912372,0.03939506012615553,0.9492907806947208
26098,LOF,0.07787082037837882,0.011736085175114127,0.910393094446507
26099,LOF,0.020983761205220098,0.012547210654081853,0.966469028140698
26100,LOF,0.023586131165419,0.012277700953004731,0.9641361678815762
26101,LOF,0.04508556217958063,0.016635373632877926,0.9382790641875414
26102,LOF,0.01997521753801221,0.014156703657496977,0.9658680788044908
26103,Neutral,0.8780316180889979,0.018658779273837096,0.10330960263716511
26104,LOF,0.07824660821986364,0.023445722705368512,0.8983076690747678
26105,LOF,0.20188531232600213,0.28179572939838715,0.5163189582756108
26106,LOF,0.1626682610142072,0.13340237313917386,0.703929365846619
26107,LOF,0.2435018086897117,0.07772217972095469,0.6787760115893335
26108,LOF,0.20984085933650384,0.09489621557744055,0.6952629250860556
26109,LOF,0.08337637458780171,0.05819603414363799,0.8584275912685603
26110,LOF,0.22043755837004475,0.006464118799340204,0.7730983228306151
26111,Neutral,0.5121344543835787,0.024146649638833225,0.4637188959775881
26112,LOF,0.03309148838400827,0.006464675813178525,0.9604438358028131
26113,LOF,0.06651011220886441,0.01410711267957006,0.9193827751115654
26114,LOF,0.025069124391413775,0.032197390160729394,0.9427334854478568
26115,LOF,0.08675378570119631,0.05556535186544077,0.8576808624333628
26116,LOF,0.06303088612615154,0.059421024904383495,0.877548088969465
26117,LOF,0.44417337858600836,0.042539631226543376,0.5132869901874483
26118,LOF,0.03467698441334942,0.02298751912716685,0.9423354964594837
26119,LOF,0.02371228365522987,0.037052298160391364,0.9392354181843788
26120,LOF,0.026336569052028216,0.018447312218823297,0.9552161187291485
26121,LOF,0.0410158208858622,0.0927191426757563,0.8662650364383816
26122,LOF,0.04406440171579412,0.037317183200127745,0.9186184150840782
