feature0,prediction,LoGoFunc_Neutral,LoGoFunc_GOF,LoGoFunc_LOF
25546,Neutral,0.6675359686779486,0.04984869433746728,0.2826153369845841
25547,Neutral,0.5170672685353304,0.08915019396130117,0.39378253750336845
25548,Neutral,0.5161689784625562,0.0781823201984986,0.4056487013389452
25549,LOF,0.4627081673999561,0.07414362530907824,0.4631482072909656
25550,LOF,0.38434308185122307,0.10820979170615629,0.5074471264426207
25551,LOF,0.3267448919023913,0.11723554636905309,0.5560195617285556
25552,LOF,0.26500744298762763,0.1158238329658733,0.619168724046499
25553,Neutral,0.8104604170765489,0.04083698896402526,0.14870259395942598
25554,LOF,0.3104994620146554,0.10912202678516132,0.5803785112001832
25555,LOF,0.2543005227744287,0.10617559545902908,0.6395238817665423
25556,Neutral,0.47580826108951535,0.09374528439246045,0.43044645451802416
25557,LOF,0.24263483858304397,0.10809434095484691,0.6492708204621092
25558,LOF,0.31301618911280327,0.10517435995667057,0.5818094509305262
25559,LOF,0.18700827235351633,0.15464290350940715,0.6583488241370766
25560,LOF,0.1625138145491376,0.09442437335186207,0.7430618120990002
25561,LOF,0.1591887064050169,0.1077207533150336,0.7330905402799495
25562,LOF,0.07055467444077085,0.0801393517286385,0.8493059738305906
25563,LOF,0.021909927731710035,0.13338003070762267,0.8447100415606672
25564,LOF,0.23601597989430817,0.12747623671638264,0.6365077833893092
25565,LOF,0.21572915169501594,0.13465141357595523,0.6496194347290287
25566,GOF,0.0964636926661927,0.7104455884085533,0.19309071892525398
25567,LOF,0.03720513795477585,0.12962168989361098,0.8331731721516131
25568,LOF,0.060740451071244206,0.06289057012316196,0.8763689788055938
25569,LOF,0.0594121997298595,0.06664043808386971,0.8739473621862708
25570,LOF,0.02666913821269788,0.09139310572148163,0.8819377560658204
25571,LOF,0.025919882093040972,0.09857745193306604,0.875502665973893
25572,LOF,0.06044498825720063,0.10777658683310104,0.8317784249096982
25573,LOF,0.05603699663345691,0.07620217705346177,0.8677608263130814
25574,LOF,0.058050672370804635,0.20133661590232324,0.7406127117268722
25575,LOF,0.02240660160420573,0.10714823734815217,0.870445161047642
25576,LOF,0.03290560667600952,0.14145180039533634,0.8256425929286542
25577,LOF,0.028606219232585328,0.10373312214890446,0.8676606586185103
25578,LOF,0.3115269671258174,0.07305712091633193,0.6154159119578506
25579,LOF,0.12894242577546006,0.08083682616769479,0.7902207480568452
25580,LOF,0.019285397082533635,0.07245187011038569,0.9082627328070807
25581,LOF,0.05523011950789267,0.06103670045391475,0.8837331800381927
25582,LOF,0.055161333797943586,0.059437763608779434,0.8854009025932771
25583,LOF,0.02062751749807476,0.07823297968905485,0.9011395028128704
25584,Neutral,0.6670342996936859,0.10641564166982767,0.22655005863648642
25585,LOF,0.030567752017874365,0.10636685020658652,0.8630653977755391
25586,LOF,0.01809997192610724,0.06122684415861784,0.920673183915275
25587,LOF,0.017432557606529148,0.05519684991852594,0.927370592474945
25588,LOF,0.020924294090794913,0.06689591136251954,0.9121797945466855
25589,Neutral,0.5057832994934772,0.2065920499143781,0.2876246505921446
25590,LOF,0.04335757678805357,0.0963896538632118,0.8602527693487346
25591,LOF,0.09426184089976196,0.052882688940317724,0.8528554701599205
25592,LOF,0.05199253688936395,0.11580385552396423,0.8322036075866718
25593,LOF,0.1293919427200901,0.2701073631085329,0.600500694171377
25594,LOF,0.049240702381843506,0.11579306924727992,0.8349662283708765
25595,LOF,0.04962734881665669,0.08530603519681279,0.8650666159865305
25596,LOF,0.11139124854489264,0.04813528535632939,0.8404734660987779
25597,LOF,0.07739465778562883,0.05067441334170508,0.8719309288726661
25598,LOF,0.05001050036521297,0.08481497887153171,0.8651745207632554
25599,GOF,0.019742311472796488,0.5042663116620135,0.47599137686519005
25600,GOF,0.17015544992168272,0.5013073101504295,0.3285372399278878
25601,LOF,0.03772059316889063,0.39730241592990895,0.5649769909012005
25602,LOF,0.03387616470562692,0.059538637207886484,0.9065851980864866
25603,LOF,0.039569516792938464,0.03341196830545377,0.9270185149016077
25604,LOF,0.038435796344637486,0.061219861675478666,0.9003443419798838
25605,LOF,0.04196024433788115,0.18592125037667062,0.7721185052854481
25606,LOF,0.4386684738397268,0.10287636772097539,0.45845515843929774
25607,LOF,0.02398769226360935,0.18180281116064537,0.7942094965757454
25608,LOF,0.03082958826931341,0.0725611523955929,0.8966092593350936
25609,GOF,0.16666420357033376,0.518802829815407,0.3145329666142592
25610,LOF,0.015292484101308016,0.027763678345480075,0.9569438375532119
25611,LOF,0.014615478814717395,0.03315332160452205,0.9522311995807605
25612,LOF,0.049784756885910685,0.0424472854942403,0.9077679576198491
25613,LOF,0.046950259948932246,0.04293597607840092,0.9101137639726667
25614,LOF,0.020993581013419624,0.02448002467617228,0.9545263943104081
25615,LOF,0.043768393317039765,0.03990215424873974,0.9163294524342206
25616,LOF,0.04671539824084118,0.028544250101990184,0.9247403516571686
25617,LOF,0.0416730405910194,0.03813701999248912,0.9201899394164915
25618,LOF,0.05151850208613173,0.036315315275385125,0.9121661826384831
25619,LOF,0.015075667263076327,0.03209872349773441,0.9528256092391894
25620,LOF,0.06146933929047888,0.041804959262740755,0.8967257014467803
25621,LOF,0.05151282558808249,0.0356454518690382,0.9128417225428793
25622,LOF,0.06103536396548064,0.03172765707586275,0.9072369789586566
25623,LOF,0.07168660730528757,0.02602013151107846,0.9022932611836338
25624,LOF,0.01774728638183611,0.03171480595193132,0.9505379076662326
25625,LOF,0.0679081107879071,0.037167235223025084,0.8949246539890678
25626,LOF,0.04254220672481735,0.04102210109473012,0.9164356921804525
25627,Neutral,0.8934900169004665,0.019844710642943648,0.08666527245658986
25628,LOF,0.1227762907486192,0.0627191635573201,0.8145045456940607
25629,LOF,0.06411017272936441,0.042636726314320576,0.8932531009563149
25630,LOF,0.2589916232539687,0.07972214233067045,0.6612862344153608
25631,Neutral,0.5386832971873641,0.06503849586562817,0.3962782069470078
25632,LOF,0.028208794314032018,0.054034871874864894,0.9177563338111031
25633,LOF,0.19027975942963327,0.028535344023551495,0.7811848965468152
25634,LOF,0.035748359322618585,0.06440306127688043,0.8998485794005009
25635,LOF,0.039347571990711046,0.03625668700369217,0.9243957410055967
25636,LOF,0.03511295918903008,0.4564649853195467,0.5084220554914232
25637,GOF,0.06826919140831676,0.4921865407774925,0.43954426781419076
25638,LOF,0.02934913850384086,0.3024216640182588,0.6682291974779003
25639,LOF,0.030943205239697003,0.3502233254868795,0.6188334692734235
25640,Neutral,0.8078560689951921,0.15008708770831233,0.04205684329649558
25641,LOF,0.05285069011580148,0.44835433351239135,0.49879497637180703
25642,LOF,0.040813741387494176,0.16222387029987953,0.7969623883126262
25643,LOF,0.25129027309656815,0.15616688053719874,0.5925428463662331
25644,LOF,0.025406130189786623,0.43685481321350644,0.537739056596707
25645,LOF,0.024272602702045017,0.3895109282481387,0.5862164690498163
25646,LOF,0.06443177722607026,0.3127854828730924,0.6227827399008374
25647,LOF,0.025702609148314886,0.2525378185846465,0.7217595722670386
25648,LOF,0.0323106617793449,0.22423185655141636,0.7434574816692386
25649,LOF,0.01747491273626713,0.20854988762006646,0.7739751996436665
25650,LOF,0.05562620850823508,0.3854624508474728,0.558911340644292
25651,LOF,0.01724402470246821,0.2521620916945291,0.7305938836030027
25652,LOF,0.03119816894617181,0.24884627008705146,0.7199555609667767
25653,LOF,0.07905190904493987,0.39809935511969463,0.5228487358353655
25654,LOF,0.025934426087938216,0.1856013257984568,0.788464248113605
25655,LOF,0.23866785369132132,0.35941281050564877,0.4019193358030299
25656,LOF,0.27125934772122023,0.05358396696096409,0.6751566853178158
25657,LOF,0.07678339232499985,0.05457331957061586,0.8686432881043843
25658,LOF,0.37966620973092746,0.0555343199509873,0.5647994703180852
25659,Neutral,0.5159962993571156,0.08054579382126822,0.40345790682161625
25660,LOF,0.026769086680846873,0.07916266497599939,0.8940682483431537
25661,LOF,0.0920048032399806,0.05545635368488678,0.8525388430751326
25662,LOF,0.031814818661061076,0.030213624999125888,0.9379715563398131
25663,LOF,0.039770781256648916,0.04314788049924278,0.9170813382441083
25664,LOF,0.1340500689734527,0.05465432031272036,0.8112956107138268
25665,LOF,0.05194043866327157,0.02912184164323872,0.9189377196934897
25666,LOF,0.0822094832674075,0.07011668559051908,0.8476738311420734
25667,LOF,0.06360208677372328,0.034259319286769466,0.9021385939395072
25668,LOF,0.035076070108643075,0.04665937994882799,0.918264549942529
25669,LOF,0.03210586659736145,0.05216577310343449,0.915728360299204
25670,LOF,0.1325181768512584,0.046185641816236744,0.8212961813325048
25671,LOF,0.09627096936533039,0.029765773480079107,0.8739632571545906
25672,LOF,0.05068408276557752,0.03964930684742525,0.9096666103869973
25673,LOF,0.08240932593801838,0.039732109955358516,0.8778585641066231
25674,LOF,0.07066139935703902,0.051247385648254026,0.878091214994707
25675,LOF,0.11184103566303123,0.048177004990130876,0.8399819593468378
25676,LOF,0.017626277591924748,0.0482092366308089,0.9341644857772663
25677,LOF,0.025847771407250017,0.06520517626021281,0.9089470523325373
25678,LOF,0.1770106044753117,0.05758368129339198,0.7654057142312963
25679,LOF,0.12120929532063059,0.078458474880015,0.8003322297993545
25680,LOF,0.030842141411361792,0.10501116499696406,0.8641466935916742
25681,LOF,0.04695163000724231,0.10079865487684476,0.8522497151159129
25682,LOF,0.13103715409743155,0.06908692781573932,0.799875918086829
25683,LOF,0.11812334337785531,0.0912275146969441,0.7906491419252005
25684,LOF,0.04056566736751882,0.06557913375957046,0.8938551988729108
25685,LOF,0.13639059593772726,0.051070853243507144,0.8125385508187656
25686,LOF,0.06931962633587554,0.09544695153064581,0.8352334221334786
25687,LOF,0.11196381649579285,0.09221229693979979,0.7958238865644074
25688,LOF,0.3001249627692726,0.03963031286362563,0.6602447243671017
25689,LOF,0.2153139691306694,0.04584881521474211,0.7388372156545885
25690,LOF,0.3924043459344476,0.029962092328460005,0.5776335617370923
25691,Neutral,0.7131231108727981,0.025605841093392492,0.26127104803380946
25692,LOF,0.30146117573387626,0.01238748136390389,0.6861513429022199
25693,LOF,0.04549166680330371,0.4612890495500958,0.4932192836466006
25694,LOF,0.12001326256612839,0.017945655866078835,0.8620410815677928
25695,LOF,0.12000789173649666,0.01652172995252502,0.8634703783109784
25696,LOF,0.10620357334164669,0.009506866929599981,0.8842895597287532
25697,LOF,0.1183450039371154,0.03220694429644235,0.8494480517664423
25698,LOF,0.32820038569692705,0.22038811118469567,0.4514115031183773
25699,LOF,0.4111292588620931,0.03788107933543319,0.5509896618024737
25700,LOF,0.05527134333761524,0.007396264960559692,0.937332391701825
25701,LOF,0.15544842844746415,0.049895382177770155,0.7946561893747657
25702,GOF,0.17324982613851594,0.5543315985350438,0.2724185753264403
25703,LOF,0.01579630845222525,0.15121868842609393,0.8329850031216809
25704,LOF,0.050405256085972926,0.11422541493266393,0.8353693289813632
25705,LOF,0.05458745271186666,0.18542981082036944,0.759982736467764
25706,LOF,0.09807664564998485,0.34731199885531855,0.5546113554946965
25707,LOF,0.09420230104302797,0.2666555759850254,0.6391421229719466
25708,LOF,0.02835250134423042,0.24227276084717828,0.7293747378085913
25709,LOF,0.055813356107080825,0.04178143251204133,0.9024052113808777
25710,LOF,0.01190003792798071,0.13961975956867015,0.8484802025033492
25711,LOF,0.01772965735127119,0.09809543982062525,0.8841749028281035
25712,LOF,0.013717389957370157,0.1851872758643385,0.8010953341782914
25713,LOF,0.01825058580261607,0.0826226679854962,0.8991267462118877
25714,LOF,0.06644228222385488,0.08105394952243132,0.8525037682537138
25715,LOF,0.010124564140953623,0.13999686091521812,0.8498785749438282
25716,LOF,0.014211889458985678,0.11272575362125731,0.873062356919757
25717,LOF,0.012939545261415296,0.07294932831878254,0.9141111264198022
25718,LOF,0.012487389363074216,0.09518520396932813,0.8923274066675977
25719,LOF,0.019044480864385864,0.07680512329074193,0.9041503958448722
25720,LOF,0.02160204223621439,0.06876679802902297,0.9096311597347627
25721,LOF,0.015622336155083136,0.10632751013300736,0.8780501537119094
25722,LOF,0.013137331050637075,0.12458896495346988,0.862273703995893
25723,LOF,0.021321290756567086,0.045604661574851185,0.9330740476685817
25724,LOF,0.02288422461666737,0.08243012980810831,0.8946856455752243
25725,LOF,0.01154900131248022,0.06734487433591982,0.9211061243516
25726,LOF,0.014160337569605346,0.0994727303560825,0.8863669320743123
25727,LOF,0.01297113820552543,0.07527394769492153,0.9117549140995531
25728,LOF,0.00956023757888613,0.10909627831710261,0.8813434841040112
25729,LOF,0.010067419599154139,0.1068910575799445,0.8830415228209013
25730,LOF,0.013205354167067392,0.08279339966459417,0.9040012461683383
25731,LOF,0.019400441777603934,0.11040266714932238,0.8701968910730736
25732,LOF,0.013919022954289876,0.08474536810257623,0.9013356089431338
25733,LOF,0.015720414556541506,0.07224306336168693,0.9120365220817716
25734,LOF,0.013793292516631379,0.11452865494092654,0.871678052542442
25735,LOF,0.013133862987580599,0.08562676681575312,0.9012393701966663
25736,LOF,0.013669356946995549,0.11274714863283918,0.8735834944201651
25737,LOF,0.019978508719062302,0.08162672457431194,0.8983947667066258
25738,LOF,0.013081546202389344,0.10748415822607299,0.8794342955715377
25739,LOF,0.018839584659139947,0.08394307966319983,0.8972173356776603
25740,LOF,0.026461730653380942,0.10251939179286008,0.8710188775537591
25741,LOF,0.014729347071342824,0.10505769412779051,0.8802129588008666
25742,LOF,0.11063803754912252,0.08021073917935019,0.8091512232715273
25743,LOF,0.03408589668293917,0.02887575956990519,0.9370383437471557
25744,Neutral,0.5685987234256829,0.21714739180747145,0.21425388476684568
25745,LOF,0.07976203249600212,0.06679722076698108,0.8534407467370168
25746,LOF,0.040302407828632036,0.07808141452552005,0.8816161776458479
25747,LOF,0.023440254105161904,0.04837616359955225,0.9281835822952857
25748,LOF,0.10342116855369843,0.06824607749033926,0.8283327539559623
25749,LOF,0.02717024152881849,0.0744882921889334,0.8983414662822481
25750,LOF,0.08407299367726205,0.08238390898146287,0.8335430973412751
25751,LOF,0.0851266811115986,0.06870146556671307,0.8461718533216883
25752,GOF,0.10595853223550208,0.6816731175171613,0.21236835024733663
25753,LOF,0.01977041042195027,0.2857130428227054,0.6945165467553444
25754,GOF,0.010661052676476608,0.7832087205960039,0.20613022672751943
25755,LOF,0.023988299502263805,0.4052587147557205,0.5707529857420156
25756,LOF,0.040012273795414874,0.3779287336724242,0.5820589925321609
25757,GOF,0.014916694423060104,0.8502429936259267,0.1348403119510131
25758,GOF,0.0286951733533804,0.8317355187842339,0.13956930786238575
25759,GOF,0.011746046703683817,0.5469116757156874,0.4413422775806289
25760,LOF,0.011616484477282129,0.24936637024621755,0.7390171452765003
25761,GOF,0.2581672492016747,0.6438898840800479,0.09794286671827729
25762,LOF,0.03452983619732301,0.26881532417655546,0.6966548396261216
25763,LOF,0.012754146974059782,0.20906191598346266,0.7781839370424776
25764,GOF,0.07129766637318435,0.6517417019796308,0.2769606316471848
25765,GOF,0.04535049816355102,0.7726179404329634,0.18203156140348567
25766,GOF,0.06297020578887197,0.7763927892736094,0.16063700493751865
25767,GOF,0.1583841733667373,0.4460650122815298,0.39555081435173306
25768,LOF,0.08817403788925401,0.06262689280572603,0.8491990693050199
25769,LOF,0.06535229670077271,0.06918902115052177,0.8654586821487056
25770,LOF,0.27229290943433065,0.09008965961809166,0.6376174309475777
25771,LOF,0.04131563909291021,0.04900151569839604,0.9096828452086938
25772,LOF,0.016280994501184518,0.03467833670515737,0.9490406687936582
25773,LOF,0.04661994774376811,0.08610938397413757,0.8672706682820943
25774,LOF,0.026531181254348637,0.07430678259699683,0.8991620361486545
25775,LOF,0.04654341395255531,0.04662659421520274,0.9068299918322419
25776,LOF,0.06634841483054064,0.027763301168420663,0.9058882840010387
25777,LOF,0.32025819030538444,0.0516666832403532,0.6280751264542624
25778,LOF,0.06369287991923764,0.05383569753745976,0.8824714225433026
25779,GOF,0.3668755300917191,0.594330954739786,0.03879351516849484
25780,GOF,0.30866532031963684,0.6247509497953779,0.06658372988498526
25781,GOF,0.13048950916589647,0.7745363748911874,0.09497411594291615
25782,GOF,0.19926303147711297,0.7396055128523371,0.06113145567054994
25783,GOF,0.030203082546650002,0.6591143330653289,0.3106825843880211
25784,Neutral,0.49098388093074635,0.4732562112721817,0.0357599077970719
25785,GOF,0.4456489705224389,0.5200260859154711,0.034324943562090114
25786,GOF,0.024154250159411392,0.7650578617533687,0.21078788808722
25787,Neutral,0.638454566774295,0.33818867154380744,0.02335676168189764
25788,LOF,0.04751253144470104,0.11027302412128062,0.8422144444340184
25789,GOF,0.18278819657447218,0.6924102206530999,0.12480158277242795
25790,GOF,0.19924871544943643,0.6952086482218208,0.1055426363287428
25791,GOF,0.145872195661854,0.6859594095318754,0.16816839480627058
25792,GOF,0.3288383712590244,0.5487137305291457,0.12244789821182987
25793,GOF,0.24737760502732545,0.5333452856265786,0.2192771093460959
25794,GOF,0.3000453198791774,0.5436885588581564,0.15626612126266629
25795,GOF,0.06898621458777757,0.7282228080324568,0.20279097737976562
25796,Neutral,0.5323373560370737,0.39607008846561925,0.07159255549730703
25797,GOF,0.09231605929201141,0.5826144832091985,0.3250694574987902
25798,GOF,0.008759771608080625,0.530669144817072,0.46057108357484733
25799,LOF,0.0066619120507762355,0.4102062733548815,0.5831318145943423
25800,GOF,0.03352148233041682,0.6262256850822037,0.34025283258737965
25801,GOF,0.18102228988606683,0.7060587561740267,0.11291895393990632
25802,GOF,0.06918606012035287,0.7296107268498144,0.2012032130298326
25803,GOF,0.0327099464148635,0.60467151779444,0.3626185357906966
25804,GOF,0.031426918627628024,0.5131186012141276,0.4554544801582444
25805,GOF,0.09796828984338092,0.6185499364282883,0.28348177372833083
25806,GOF,0.09494871032762922,0.6151468090888821,0.2899044805834888
25807,GOF,0.018917688496089453,0.6650787976264836,0.3160035138774271
25808,GOF,0.08056634895884118,0.675538322798783,0.24389532824237578
25809,GOF,0.016729221675380716,0.5998238237295848,0.38344695459503464
25810,GOF,0.015537524617398725,0.6471774377601344,0.337285037622467
25811,GOF,0.4436388687930332,0.482561253906647,0.07379987730031994
25812,GOF,0.028320524449974762,0.6582588232017487,0.31342065234827665
25813,Neutral,0.49138420406922323,0.42541998907930456,0.08319580685147221
25814,GOF,0.10954899798903335,0.6735487867387578,0.2169022152722089
25815,GOF,0.1843014055340638,0.6462455925123212,0.16945300195361496
25816,GOF,0.02211232412833738,0.7072079927794372,0.27067968309222534
25817,GOF,0.22140541957394438,0.6509921457294461,0.12760243469660948
25818,GOF,0.05288725679711058,0.684907120195514,0.2622056230073754
25819,GOF,0.3540636553561003,0.5190507536808996,0.12688559096300014
25820,GOF,0.1937333268024893,0.615963824119291,0.1903028490782198
25821,GOF,0.06463413577252566,0.6869429721466901,0.2484228920807842
25822,GOF,0.23640318036678928,0.5732784406849705,0.19031837894824036
25823,GOF,0.03207442860639983,0.5434221841311667,0.4245033872624335
25824,GOF,0.0937813883553179,0.6210768533795585,0.28514175826512356
25825,GOF,0.036354406689826355,0.6229577083222452,0.34068788498792846
25826,GOF,0.015321067341440528,0.5845642932744425,0.400114639384117
25827,GOF,0.025539853650785052,0.6217790050630528,0.35268114128616207
25828,GOF,0.014270755341876697,0.5459981503591292,0.439731094298994
25829,GOF,0.005329497562811643,0.5879362794497126,0.40673422298747586
25830,LOF,0.03468601840509424,0.28424373801644903,0.6810702435784568
25831,GOF,0.20865885234044257,0.6856704079317467,0.10567073972781063
25832,GOF,0.02936384751159827,0.7327372174866891,0.23789893500171264
25833,GOF,0.10343860378577088,0.7557143682983064,0.1408470279159226
25834,GOF,0.030253154281276586,0.7573663653652223,0.21238048035350113
25835,GOF,0.06520432613674951,0.784348638250549,0.1504470356127015
25836,GOF,0.030754943141940532,0.7168749411007462,0.25237011575731316
25837,GOF,0.027015053064051688,0.6244039306269481,0.3485810163090002
25838,GOF,0.0950967746860122,0.7806494115681167,0.12425381374587115
25839,GOF,0.2671452117048268,0.599536224884745,0.13331856341042825
25840,GOF,0.25513676178924344,0.6272910849750142,0.1175721532357424
25841,GOF,0.23336336494928955,0.6537117745010244,0.11292486054968612
25842,GOF,0.14414163471547087,0.7504338975367972,0.10542446774773191
25843,GOF,0.21293213824292423,0.7082998180145743,0.07876804374250136
25844,GOF,0.062275100430186005,0.7507508631471291,0.1869740364226849
25845,GOF,0.016904742311342213,0.5028649201353854,0.4802303375532723
25846,GOF,0.11768279588369049,0.7580558713162506,0.12426133280005902
25847,GOF,0.10501723599869367,0.798424446147045,0.09655831785426154
25848,GOF,0.035242282563630975,0.7256727588901198,0.23908495854624925
25849,GOF,0.010672470443202235,0.6158406279059767,0.373486901650821
25850,GOF,0.01930197025049314,0.6718778108273897,0.30882021892211725
25851,GOF,0.014542570563360304,0.537212230336721,0.44824519909991856
25852,GOF,0.1540504699545024,0.5730073256331039,0.27294220441239364
25853,GOF,0.3384813017650428,0.5936380570391151,0.06788064119584204
25854,GOF,0.020158252816249445,0.648819846441318,0.33102190074243265
25855,GOF,0.036631806389962634,0.5713049345268016,0.3920632590832358
25856,GOF,0.24030779610180272,0.5654931511722873,0.19419905272591007
25857,GOF,0.04110614234206282,0.5224557963945012,0.43643806126343604
25858,GOF,0.018924928513354394,0.5678375283742367,0.4132375431124089
25859,GOF,0.009395400818974949,0.5405657321264273,0.4500388670545978
25860,GOF,0.34572051442215995,0.5795968326580941,0.07468265291974584
25861,GOF,0.3940493061244069,0.5391349808602189,0.06681571301537412
25862,GOF,0.07830941538332299,0.8016467020540431,0.12004388256263397
25863,GOF,0.07583748419843907,0.8015528299286623,0.12260968587289875
25864,GOF,0.17669837577392383,0.7614795111539691,0.06182211307210705
25865,GOF,0.07606430678737808,0.8284181472871148,0.09551754592550707
25866,GOF,0.05157584158398399,0.8050930173527886,0.1433311410632273
25867,GOF,0.0796069364656963,0.8274910835805167,0.09290197995378711
25868,GOF,0.23757219462039159,0.6662560746165455,0.09617173076306292
25869,Neutral,0.7079810404180461,0.251872997876662,0.04014596170529183
25870,GOF,0.26949997951196686,0.436524399069603,0.29397562141843003
25871,GOF,0.18755732205103137,0.6901194710214756,0.12232320692749303
25872,GOF,0.07524096769778986,0.6754273836811788,0.24933164862103135
25873,GOF,0.10484957902824175,0.7156544325765344,0.17949598839522382
25874,LOF,0.014349020060517009,0.11784459952835716,0.8678063804111259
25875,LOF,0.08746817242886344,0.04963362650107884,0.8628982010700578
25876,LOF,0.035097429652177096,0.0326354612314352,0.9322671091163877
25877,Neutral,0.511456430709662,0.04600322243060402,0.442540346859734
25878,LOF,0.23426453852091916,0.10657747840781367,0.6591579830712672
25879,LOF,0.08361654891339852,0.09769579602866806,0.8186876550579335
25880,LOF,0.03842442507655214,0.014701537141052781,0.9468740377823951
25881,LOF,0.15786152682767804,0.12398738292063173,0.7181510902516902
25882,LOF,0.06180751857695893,0.015724755593502573,0.9224677258295385
25883,LOF,0.06560257505976894,0.019831143197154975,0.9145662817430761
25884,LOF,0.030392699640648606,0.028853997181678824,0.9407533031776725
25885,LOF,0.0542662232610679,0.010838507231933771,0.9348952695069984
25886,LOF,0.2604384611933655,0.03829299114842061,0.7012685476582138
25887,LOF,0.15486159393132318,0.06292308435668047,0.7822153217119963
25888,LOF,0.06587006776729576,0.060402836298136225,0.8737270959345681
25889,LOF,0.03666652266615011,0.020231195945854204,0.9431022813879957
25890,LOF,0.04488656330784193,0.14692654197311014,0.808186894719048
25891,LOF,0.03904129051934878,0.0441199963188957,0.9168387131617555
25892,LOF,0.08097476638382642,0.022104011902104787,0.8969212217140689
25893,LOF,0.24552770642823657,0.02010338561531943,0.734368907956444
25894,LOF,0.16197162053544312,0.011095262747279436,0.8269331167172775
25895,LOF,0.1816891499154477,0.022050212926752244,0.7962606371578002
25896,LOF,0.049103207674510735,0.01919988982793096,0.9316969024975583
25897,LOF,0.2670212983914608,0.012141305251130104,0.7208373963574092
25898,Neutral,0.7125626192851819,0.010004209829314117,0.27743317088550395
25899,LOF,0.2161163930871312,0.019817371685869667,0.7640662352269991
25900,LOF,0.47463355241632493,0.011930193735474668,0.5134362538482005
25901,LOF,0.048152697988630276,0.011217550601046716,0.9406297514103231
25902,LOF,0.14138982005972273,0.013337176037985399,0.8452730039022918
25903,Neutral,0.5839325587521196,0.028240844270501327,0.3878265969773791
25904,LOF,0.35254748708243544,0.038213098352811496,0.6092394145647531
25905,LOF,0.02563535585931023,0.30820847919469513,0.6661561649459947
25906,LOF,0.030060626301885114,0.07645069513913508,0.8934886785589797
25907,LOF,0.014899077834609599,0.33401372941132157,0.6510871927540688
25908,LOF,0.009953677564365665,0.25623156282020515,0.7338147596154292
25909,LOF,0.01307751043452549,0.13323671551772007,0.8536857740477544
25910,LOF,0.050281449205978,0.1420282000474591,0.8076903507465629
25911,LOF,0.16548639782131774,0.03699394891435363,0.7975196532643285
25912,LOF,0.04858432455471491,0.05886143494173062,0.8925542405035546
25913,LOF,0.35076906656934087,0.028154463005930913,0.6210764704247282
25914,LOF,0.019895420817014887,0.056432561925634214,0.9236720172573508
25915,Neutral,0.5768505463914951,0.16360617796043384,0.2595432756480709
25916,LOF,0.07691244373337269,0.20136822302017393,0.7217193332464534
25917,LOF,0.05605497915712802,0.04442809097860769,0.8995169298642642
25918,LOF,0.021517454145399142,0.033364858424054754,0.945117687430546
25919,LOF,0.018815781322590576,0.0348242013579317,0.9463600173194777
25920,GOF,0.09907459404458013,0.5192174698735419,0.381707936081878
25921,LOF,0.024568449410686692,0.040982632356364436,0.9344489182329488
25922,LOF,0.03316701428907094,0.03159028523950171,0.9352427004714273
25923,LOF,0.46151422413870613,0.045153825582952875,0.493331950278341
25924,LOF,0.032528308855882836,0.053290496197010845,0.9141811949471063
25925,LOF,0.06909969417378072,0.047110092428859884,0.8837902133973594
25926,LOF,0.047628666991050284,0.042047507961360996,0.9103238250475888
25927,LOF,0.05612756114329775,0.14131781698904977,0.8025546218676525
25928,LOF,0.01669691426896978,0.05273077071589049,0.9305723150151398
25929,Neutral,0.5713456063449818,0.04944067053696556,0.37921372311805257
25930,LOF,0.06633132000013325,0.03949114777443436,0.8941775322254325
25931,LOF,0.022937420329697276,0.03560457877474257,0.9414580008955602
25932,LOF,0.02819065576338937,0.03466486378565591,0.9371444804509548
25933,LOF,0.03652027979740997,0.023174705604184744,0.9403050145984052
25934,LOF,0.02263547305015035,0.024539732118955406,0.9528247948308942
25935,LOF,0.05701698287141868,0.06357209596733131,0.8794109211612501
25936,LOF,0.041735927201985164,0.0289757260287133,0.9292883467693015
25937,LOF,0.025872805792470494,0.03973043791618284,0.9343967562913466
25938,LOF,0.05954916501261981,0.060193528872293435,0.8802573061150867
25939,LOF,0.039171269637240325,0.02590827807963394,0.9349204522831257
25940,LOF,0.029859924932987517,0.3374872331406951,0.6326528419263173
25941,LOF,0.1781600074122716,0.11496161302889302,0.7068783795588354
25942,LOF,0.013190543415084391,0.035829802973879776,0.9509796536110359
25943,LOF,0.30762891473985765,0.054892785224674626,0.6374783000354678
25944,Neutral,0.492958561139623,0.0229712229114426,0.4840702159489343
25945,LOF,0.07548001975536475,0.021660255532499617,0.9028597247121356
25946,LOF,0.03282548195915989,0.12365021706818734,0.8435243009726529
25947,LOF,0.10932508575867005,0.16933730674904884,0.7213376074922813
25948,LOF,0.3552165982880639,0.009155041355825705,0.6356283603561104
25949,LOF,0.12587118618292745,0.036430402405793545,0.8376984114112791
25950,GOF,0.3103647001357598,0.35844204090944554,0.3311932589547946
25951,LOF,0.19940740653496417,0.26371343973630357,0.5368791537287322
25952,LOF,0.04787292795009851,0.4100640551695119,0.5420630168803896
25953,LOF,0.15936398233573382,0.10942920903654044,0.7312068086277257
25954,Neutral,0.42865042111921614,0.17022637594728066,0.40112320293350306
25955,LOF,0.052356119359864464,0.07767235026251879,0.8699715303776168
25956,LOF,0.1620350020172645,0.09779497778778105,0.7401700201949544
25957,LOF,0.03679832349995776,0.02972290763025721,0.933478768869785
25958,LOF,0.054329509755457785,0.030005129330842564,0.9156653609136995
25959,LOF,0.07189400949735408,0.3461970798370668,0.581908910665579
25960,LOF,0.015258719075704162,0.05520060227156366,0.9295406786527323
25961,LOF,0.04031935221341891,0.028907936079688515,0.9307727117068927
25962,LOF,0.05136906836350168,0.02411849363000291,0.9245124380064954
25963,LOF,0.04596926838937971,0.20657370189460503,0.7474570297160152
25964,LOF,0.0333101264111597,0.15416246849290877,0.8125274050959316
25965,LOF,0.4350048165181912,0.06661902349541923,0.49837615998638973
25966,Neutral,0.516591741013887,0.15904275132549964,0.3243655076606134
25967,LOF,0.017135457220833213,0.09598700377505895,0.8868775390041078
25968,LOF,0.032102859205176845,0.39599056996603643,0.5719065708287867
25969,LOF,0.039480725763558225,0.06201088225966496,0.8985083919767768
25970,LOF,0.05863556327033029,0.062060944164452715,0.879303492565217
25971,LOF,0.06511025697529321,0.020896394496592006,0.9139933485281148
25972,LOF,0.062047190840126866,0.031948725750933805,0.9060040834089395
25973,LOF,0.08359055641471552,0.008465297054400729,0.9079441465308837
25974,LOF,0.19358082847619593,0.014056873038611287,0.7923622984851927
25975,LOF,0.04723594019043221,0.025039060153719005,0.9277249996558488
25976,LOF,0.04552518921264681,0.01457985917439083,0.9398949516129623
25977,LOF,0.1611217845051085,0.0850450860027999,0.7538331294920916
25978,LOF,0.15160473471998254,0.08323379195863986,0.7651614733213776
25979,LOF,0.13696604221004857,0.08605027272061304,0.7769836850693383
25980,LOF,0.23750595210064943,0.10072199119348178,0.6617720567058688
25981,LOF,0.27084438000989264,0.09828747832771535,0.630868141662392
25982,LOF,0.40886045983525743,0.0802895687599587,0.5108499714047838
25983,LOF,0.38252633780699674,0.08989038563643928,0.527583276556564
25984,LOF,0.0444945029166555,0.04644339291452066,0.9090621041688238
25985,LOF,0.03789031254905938,0.28692446665177956,0.675185220799161
25986,LOF,0.043471499374367985,0.3285510115372451,0.6279774890883869
25987,LOF,0.09197574354794343,0.07257760808049665,0.8354466483715599
25988,LOF,0.14201558736659267,0.061354603327160646,0.7966298093062466
25989,LOF,0.03531237827859174,0.12502735616404476,0.8396602655573635
25990,LOF,0.03837984766938573,0.16423837650232706,0.7973817758282872
25991,LOF,0.11536503775019932,0.24999765983586375,0.6346373024139369
25992,LOF,0.2777224644288616,0.1493836208470691,0.5728939147240693
25993,LOF,0.021234350235571138,0.06688251425684087,0.911883135507588
25994,LOF,0.01655076986046222,0.08109835552582668,0.9023508746137112
25995,LOF,0.022064001682317723,0.17170782208556204,0.8062281762321203
25996,GOF,0.302343644123166,0.4066642636306575,0.2909920922461765
25997,LOF,0.08109875645591748,0.3517586152645713,0.5671426282795111
25998,Neutral,0.512019016385232,0.02746660812953037,0.46051437548523766
25999,LOF,0.1091757534984321,0.08027987639165743,0.8105443701099105
26000,LOF,0.1554986946512759,0.047730144682331374,0.7967711606663928
26001,LOF,0.2047876889932085,0.05157507486610646,0.743637236140685
26002,LOF,0.12543834378841456,0.04010957644054975,0.8344520797710357
26003,GOF,0.010489400295576864,0.5756663907977523,0.41384420890667084
26004,GOF,0.020895215662222775,0.688040594134026,0.2910641902037512
26005,LOF,0.006651846066912605,0.454181699903131,0.5391664540299563
26006,Neutral,0.504865270891253,0.2638423103408278,0.2312924187679192
26007,GOF,0.01957325105932138,0.5210933109588409,0.4593334379818376
26008,GOF,0.019340380523942945,0.5945423751062221,0.3861172443698349
26009,GOF,0.019773015037035546,0.669534995913347,0.3106919890496176
26010,GOF,0.02161223346760067,0.6303658412422694,0.3480219252901299
26011,LOF,0.006716451371481336,0.4251501868186061,0.5681333618099126
26012,GOF,0.012417650055889365,0.5454780035829887,0.442104346361122
26013,GOF,0.019369357566236475,0.5998520725072093,0.38077856992655423
26014,LOF,0.04040589247799162,0.11052756183211498,0.8490665456898934
26015,LOF,0.1563140792203597,0.015049277507977115,0.8286366432716631
26016,LOF,0.2003773306649857,0.06855816547047226,0.731064503864542
26017,LOF,0.23212601904071342,0.10108440642387438,0.6667895745354122
26018,LOF,0.08146227238542311,0.037227991338584274,0.8813097362759927
26019,LOF,0.07618401634180856,0.030231287907287647,0.8935846957509037
26020,LOF,0.07013048056542398,0.13368269571624727,0.7961868237183287
26021,LOF,0.04634556264049585,0.1296537819255781,0.8240006554339261
26022,LOF,0.010424878694786602,0.03909910443949181,0.9504760168657216
26023,LOF,0.0672560850697213,0.024708427851987978,0.9080354870782906
26024,LOF,0.035066424397176076,0.1327815463104089,0.8321520292924149
26025,LOF,0.14870464463944622,0.10118702220809603,0.7501083331524577
26026,LOF,0.3169951270630028,0.029410591043432972,0.6535942818935642
26027,LOF,0.06106554657762099,0.019263169450129087,0.91967128397225
26028,LOF,0.16852036983378466,0.06621277061239113,0.7652668595538242
26029,LOF,0.07120455029630743,0.1713963808965008,0.7573990688071917
26030,LOF,0.02242908148235287,0.045899329662044824,0.9316715888556022
26031,LOF,0.026203570135617756,0.12672887061495758,0.8470675592494247
26032,LOF,0.06569417508107345,0.07905503586038187,0.8552507890585448
26033,LOF,0.08560962903131766,0.0806879178705911,0.8337024530980913
26034,LOF,0.04472665075744213,0.15558750192606896,0.799685847316489
26035,LOF,0.02626238099502102,0.14735443967448522,0.8263831793304938
26036,LOF,0.037792820821682116,0.16346528334076846,0.7987418958375494
26037,LOF,0.02138252407591995,0.12477354390632009,0.8538439320177599
26038,LOF,0.061525073855584714,0.0807315201671813,0.857743405977234
26039,LOF,0.04923192049028595,0.14816943728938475,0.8025986422203293
26040,LOF,0.20825731781020754,0.12963266066015094,0.6621100215296415
26041,LOF,0.021753634714149775,0.1139647883292796,0.8642815769565706
26042,LOF,0.01992482815878811,0.10701292690277991,0.8730622449384319
26043,LOF,0.06190886855760809,0.09541261508115632,0.8426785163612357
26044,LOF,0.019385250945730615,0.06401465255104698,0.9166000965032224
26045,LOF,0.07515023576263967,0.09819357075880346,0.8266561934785569
26046,LOF,0.05700781277789414,0.07942972287675669,0.8635624643453491
26047,LOF,0.07633020221273948,0.08717047977550582,0.8364993180117548
26048,LOF,0.04745466899393246,0.04078802347473988,0.9117573075313277
26049,Neutral,0.9669613908051583,0.006604367111915891,0.02643424208292593
26050,Neutral,0.9524834317050347,0.008442434134272963,0.03907413416069231
26051,LOF,0.04864488733702389,0.28434230739272276,0.6670128052702534
26052,LOF,0.06430588569278202,0.3129036314345822,0.6227904828726358
26053,LOF,0.05992935940548017,0.1375157191551931,0.8025549214393267
26054,LOF,0.05020526290059514,0.018405306119499774,0.9313894309799052
26055,LOF,0.06352403305255831,0.01655382852767634,0.9199221384197653
26056,LOF,0.05503231825103317,0.01874722383257957,0.9262204579163873
26057,LOF,0.029927463995186226,0.012709258794389465,0.9573632772104244
26058,LOF,0.030569724022117113,0.010433195372626537,0.9589970806052563
26059,LOF,0.2621541345056589,0.021941949782610534,0.7159039157117306
26060,LOF,0.04318362200174815,0.17973805764863224,0.7770783203496197
26061,LOF,0.018087527574565995,0.010965093185726414,0.9709473792397076
26062,LOF,0.010480250659400463,0.016309863352589583,0.9732098859880101
26063,LOF,0.019217154192237216,0.012351575023670682,0.968431270784092
26064,LOF,0.021365831296881268,0.023610734915576234,0.9550234337875425
26065,LOF,0.024225498968504188,0.013407151639220028,0.9623673493922756
26066,LOF,0.01976124150342592,0.01217200824197977,0.9680667502545942
26067,LOF,0.026344932466858657,0.009274044587352289,0.964381022945789
26068,LOF,0.04304151236185314,0.027308047475348117,0.9296504401627987
26069,LOF,0.2474454909642098,0.020622809877628046,0.7319316991581623
26070,LOF,0.39642579264208916,0.01760945746410835,0.5859647498938024
26071,LOF,0.019544776998883608,0.012844242787494907,0.9676109802136215
26072,LOF,0.018436438008512985,0.01878467652679822,0.9627788854646887
26073,LOF,0.019977332813173224,0.012277017685591772,0.967745649501235
26074,Neutral,0.9034128579507841,0.005914949695192587,0.0906721923540233
26075,LOF,0.043665195123510275,0.014358740839256487,0.9419760640372332
26076,LOF,0.03531975127612889,0.009911910517341773,0.9547683382065294
26077,LOF,0.00959984459189995,0.014490412179364462,0.9759097432287356
26078,LOF,0.014276104885210368,0.010039044138624513,0.9756848509761652
26079,LOF,0.058631113278360875,0.016926713854002934,0.9244421728676362
26080,LOF,0.05775797822608002,0.016941243753535982,0.925300778020384
26081,LOF,0.033455771343485693,0.00753105211680415,0.9590131765397101
26082,LOF,0.01321710942955039,0.015902798952725696,0.9708800916177239
26083,LOF,0.1786920360572381,0.015261999155711515,0.8060459647870504
26084,LOF,0.04080423727320978,0.011889194568330132,0.94730656815846
26085,LOF,0.0359640464719015,0.011321028942435826,0.9527149245856628
26086,LOF,0.0203937942983155,0.011748941862642503,0.967857263839042
26087,LOF,0.022851598996070255,0.008240808457387842,0.9689075925465419
26088,LOF,0.015408111329318509,0.02259447046210362,0.961997418208578
26089,LOF,0.041017582820601424,0.022145729103888238,0.9368366880755103
26090,LOF,0.04062895026590784,0.01795452816808275,0.9414165215660095
26091,LOF,0.030165683253721754,0.006605029116432935,0.9632292876298453
26092,LOF,0.02169331914298076,0.008946309448244623,0.9693603714087745
26093,LOF,0.0313378420031707,0.006600850345654423,0.9620613076511748
26094,LOF,0.03232709154961365,0.006305909142497413,0.9613669993078889
26095,LOF,0.03843174295786188,0.013650496212670112,0.947917760829468
26096,LOF,0.015532494644305433,0.012149264428126933,0.9723182409275677
26097,LOF,0.01227266287350468,0.03403376654155101,0.9536935705849444
26098,LOF,0.07951060085498485,0.011736836629028259,0.908752562515987
26099,LOF,0.019778349380650016,0.012973989200210655,0.9672476614191393
26100,LOF,0.021599294588178528,0.012456782703645412,0.9659439227081761
26101,LOF,0.04394547379353458,0.016335435255470626,0.9397190909509947
26102,LOF,0.019707242616373695,0.013679115028461756,0.9666136423551646
26103,Neutral,0.8754216915630012,0.019683008158578364,0.1048953002784204
26104,LOF,0.0799072721246412,0.023718978059798546,0.8963737498155602
26105,LOF,0.19808915889180206,0.28822397338188277,0.5136868677263151
26106,LOF,0.16953045305529785,0.1472900626684156,0.6831794842762865
26107,LOF,0.21727517088538909,0.0944670239028639,0.6882578052117471
26108,LOF,0.23962947630830117,0.10160051821333688,0.658770005478362
26109,LOF,0.08542821250138109,0.05725183028628804,0.8573199572123308
26110,LOF,0.20077461751303802,0.008300555686081195,0.7909248268008808
26111,Neutral,0.5126628511020952,0.029402531858404118,0.4579346170395006
26112,LOF,0.03326177630612282,0.00828437819794302,0.9584538454959343
26113,LOF,0.06144781519554049,0.020342065984505074,0.9182101188199544
26114,LOF,0.023976520088009802,0.026886674578495005,0.9491368053334952
26115,LOF,0.08764059988170564,0.056254228054440886,0.8561051720638535
26116,LOF,0.059480560190647014,0.05573047111736549,0.8847889686919875
26117,LOF,0.4484135280097601,0.04482334465500072,0.5067631273352392
26118,LOF,0.03277568048602423,0.02648626710170137,0.9407380524122744
26119,LOF,0.025249188093027702,0.0314056269425083,0.943345184964464
26120,LOF,0.02495755837916821,0.019108174878515783,0.9559342667423161
26121,LOF,0.0428289863023658,0.08058049657469853,0.8765905171229357
