feature0,prediction,LoGoFunc_Neutral,LoGoFunc_GOF,LoGoFunc_LOF
25546,Neutral,0.618881699121775,0.06506404357215499,0.31605425730606995
25547,Neutral,0.4963619593010438,0.10706501560661132,0.3965730250923449
25548,Neutral,0.48059462545521564,0.09308319747794923,0.42632217706683495
25549,LOF,0.4206231872784676,0.09418039815458643,0.48519641456694607
25550,LOF,0.34141156764581965,0.1297866405107925,0.5288017918433879
25551,LOF,0.30283466466783193,0.1406990332908397,0.5564663020413283
25552,LOF,0.2786435858699913,0.13982970159466052,0.5815267125353482
25553,Neutral,0.7897175255760849,0.053746194249000276,0.15653628017491478
25554,LOF,0.31478901225460676,0.13260846535448367,0.5526025223909096
25555,LOF,0.2697958539724555,0.12653291204139094,0.6036712339861536
25556,LOF,0.4357667224764819,0.11146092998092856,0.45277234754258955
25557,LOF,0.2616046979471562,0.13082718572807253,0.6075681163247711
25558,LOF,0.31356306470842155,0.1265586024352641,0.5598783328563144
25559,LOF,0.29503002141098555,0.11538472155364353,0.5895852570353709
25560,LOF,0.13063484123159855,0.12410915723544277,0.7452560015329586
25561,LOF,0.13816301718085083,0.17908164221132306,0.6827553406078262
25562,LOF,0.04851164468331233,0.08408971328552767,0.8673986420311599
25563,LOF,0.014873075466873862,0.15433621815890403,0.8307907063742221
25564,LOF,0.1288897370335089,0.10139898504219123,0.7697112779242998
25565,LOF,0.18412765168489134,0.13811726123763093,0.6777550870774777
25566,GOF,0.06180030279093979,0.6371371816621358,0.3010625155469245
25567,LOF,0.03653899686886533,0.18268357896014917,0.7807774241709855
25568,LOF,0.05643112182280669,0.09247293671394703,0.8510959414632463
25569,LOF,0.06255925128404792,0.08456046795676846,0.8528802807591837
25570,LOF,0.030377049500618584,0.12727376559790482,0.8423491849014766
25571,LOF,0.027844304118729686,0.12936742441172436,0.8427882714695459
25572,LOF,0.06818838623264481,0.15367541060063997,0.7781362031667152
25573,LOF,0.06282488019964277,0.11996249683599082,0.8172126229643665
25574,LOF,0.05740286087825375,0.2581039176141402,0.684493221507606
25575,LOF,0.024930133971334784,0.13237110603015576,0.8426987599985095
25576,LOF,0.027436824529648945,0.18905598718178343,0.7835071882885677
25577,LOF,0.03263550552975916,0.14645244364199625,0.8209120508282446
25578,LOF,0.29053887141510853,0.1204582777160091,0.5890028508688825
25579,LOF,0.17947352573424138,0.11363030463006951,0.7068961696356891
25580,LOF,0.022167078340327166,0.09387820548435613,0.8839547161753167
25581,LOF,0.048786233621845435,0.0893360294933514,0.8618777368848032
25582,LOF,0.04837938969289796,0.08737945293692123,0.8642411573701808
25583,LOF,0.025454790074546294,0.11146862331221591,0.8630765866132377
25584,Neutral,0.711936328692283,0.14810026348333985,0.13996340782437708
25585,LOF,0.022250991530289414,0.17771635279131373,0.8000326556783968
25586,LOF,0.018899707213988606,0.1043078489728641,0.8767924438131472
25587,LOF,0.018943151006284506,0.08799838341736724,0.8930584655763483
25588,LOF,0.022511566195497195,0.0986635274676006,0.8788249063369022
25589,Neutral,0.49945381432033314,0.2905316911970028,0.2100144944826641
25590,LOF,0.04829788498778346,0.15545253962645433,0.7962495753857622
25591,LOF,0.08327536942776809,0.07660450966071627,0.8401201209115156
25592,LOF,0.0602602498005084,0.17046258858894597,0.7692771616105456
25593,LOF,0.1067979678156374,0.3009455137130866,0.5922565184712761
25594,LOF,0.05272454142297149,0.06211194109367106,0.8851635174833575
25595,LOF,0.05513342784034916,0.03849080678595505,0.9063757653736958
25596,LOF,0.11960215874105654,0.019369542994531752,0.8610282982644117
25597,LOF,0.0892897322598358,0.01990142533777806,0.8908088424023862
25598,LOF,0.05049283220096948,0.046812005485944115,0.9026951623130864
25599,LOF,0.02684116648700008,0.385654128052158,0.5875047054608419
25600,LOF,0.19580487502821692,0.38276301003018504,0.42143211494159816
25601,LOF,0.04547600904723145,0.30308495469975866,0.6514390362530098
25602,LOF,0.029338199291185973,0.07321498079911463,0.8974468199096993
25603,LOF,0.04137513924449298,0.045686732076100744,0.9129381286794064
25604,LOF,0.03843724447806836,0.09097014747176155,0.8705926080501701
25605,LOF,0.033540643919827605,0.18280713695729428,0.7836522191228781
25606,LOF,0.38385521060476524,0.13197907064201939,0.48416571875321524
25607,LOF,0.028717214012810542,0.18051892532107014,0.7907638606661194
25608,LOF,0.03989151925211483,0.09963242284668594,0.8604760579011992
25609,GOF,0.1442423527999959,0.48623177721931354,0.3695258699806905
25610,LOF,0.014775887388538517,0.05044450094555973,0.9347796116659017
25611,LOF,0.01237129038609271,0.0605053642435812,0.927123345370326
25612,LOF,0.04613474673335789,0.062807699218921,0.8910575540477211
25613,LOF,0.046137414048332985,0.0629942636220792,0.8908683223295879
25614,LOF,0.022336966124436544,0.04813597085110304,0.9295270630244604
25615,LOF,0.04894676155368546,0.06072349779026758,0.8903297406560471
25616,LOF,0.049277748430139885,0.05309636262053165,0.8976258889493285
25617,LOF,0.03880585741439639,0.06295089735574577,0.8982432452298579
25618,LOF,0.04750480373023078,0.07934745559780892,0.8731477406719603
25619,LOF,0.012018285117057761,0.05999129040281887,0.9279904244801234
25620,LOF,0.05308060937477849,0.06714029132540017,0.8797790992998213
25621,LOF,0.06691920981581931,0.05143951684952882,0.8816412733346519
25622,LOF,0.06740114268447099,0.06122460414690939,0.8713742531686196
25623,LOF,0.0695245290352517,0.043319528118131126,0.8871559428466171
25624,LOF,0.018444886968771744,0.05313317657902312,0.9284219364522052
25625,LOF,0.06409422409372306,0.05687453308769335,0.8790312428185836
25626,LOF,0.0501826342034879,0.05989663985548897,0.8899207259410231
25627,Neutral,0.8874479585045717,0.020362174000652707,0.09218986749477551
25628,LOF,0.14653116208171055,0.056689631557143225,0.7967792063611462
25629,LOF,0.0686732967503086,0.0421773664961445,0.8891493367535469
25630,LOF,0.2835027687712902,0.06141648681273957,0.6550807444159703
25631,Neutral,0.5356657906955431,0.057577912030995125,0.40675629727346185
25632,LOF,0.025371927858256683,0.07275669881849214,0.9018713733232511
25633,LOF,0.21243370470136183,0.04375218090603752,0.7438141143926007
25634,LOF,0.03956734076361704,0.08299082284084146,0.8774418363955415
25635,LOF,0.03885729351127416,0.04430820907593552,0.9168344974127903
25636,LOF,0.03806336468299073,0.4657394423651134,0.49619719295189585
25637,LOF,0.053116956894571084,0.45801012187574064,0.4888729212296882
25638,LOF,0.030766656980762596,0.38717368598877655,0.5820596570304608
25639,LOF,0.03163560495029032,0.40570520084511796,0.5626591942045918
25640,Neutral,0.8431076163080504,0.10159356568561809,0.05529881800633136
25641,LOF,0.08383527767743826,0.38089240458671964,0.5352723177358422
25642,LOF,0.07250038275496244,0.15598699446500952,0.771512622780028
25643,LOF,0.2464069082359042,0.1249144734808978,0.628678618283198
25644,GOF,0.00967745802858645,0.5724035970318696,0.4179189449395439
25645,GOF,0.01201536771043684,0.5679003178489892,0.42008431444057404
25646,LOF,0.03494239223821289,0.41097242556542596,0.5540851821963612
25647,LOF,0.014104113744958947,0.31482214355929905,0.6710737426957419
25648,LOF,0.014651396729139007,0.3791128562209641,0.6062357470498968
25649,LOF,0.008411054736412397,0.2867433006735729,0.7048456445900148
25650,GOF,0.021722952302648563,0.5591663486734235,0.41911069902392784
25651,LOF,0.008617109915428333,0.38149759872431094,0.6098852913602608
25652,LOF,0.014363656154925679,0.36075220603797264,0.6248841378071016
25653,GOF,0.03739542443071612,0.5596229944048903,0.40298158116439364
25654,LOF,0.010536988489036517,0.26308934457520916,0.7263736669357544
25655,GOF,0.11403513989808955,0.5702738785452508,0.31569098155665964
25656,LOF,0.3488305619456587,0.12483645410081697,0.5263329839535243
25657,LOF,0.04988273888789613,0.12758908555128684,0.822528175560817
25658,LOF,0.3228277912144605,0.14298466873235333,0.5341875400531861
25659,Neutral,0.427063621067806,0.15346454276687446,0.41947183616531947
25660,LOF,0.023265552330463526,0.10812958043059236,0.8686048672389441
25661,LOF,0.09340863330066854,0.06357060664009087,0.8430207600592405
25662,LOF,0.03500299551679901,0.03382862667115184,0.9311683778120491
25663,LOF,0.041842108646417034,0.04641173077019125,0.9117461605833918
25664,LOF,0.13635919566611035,0.0708378847610658,0.7928029195728238
25665,LOF,0.06211753954075178,0.029852966270908873,0.9080294941883392
25666,LOF,0.095724261318902,0.07286880898232954,0.8314069296987684
25667,LOF,0.07214925647823016,0.04819649978185713,0.8796542437399127
25668,LOF,0.03699318931341995,0.05553232916177182,0.9074744815248083
25669,LOF,0.031731824670425436,0.054715897661776314,0.9135522776677982
25670,LOF,0.13596516245358006,0.07052740645673668,0.7935074310896832
25671,LOF,0.11987216571402216,0.03952843101739316,0.8405994032685846
25672,LOF,0.04865036376391583,0.04536574367176217,0.9059838925643219
25673,LOF,0.08264083881755087,0.047757981611360835,0.8696011795710883
25674,LOF,0.07098323313761006,0.060736737050280896,0.868280029812109
25675,LOF,0.10927964573060209,0.06919300067574097,0.8215273535936569
25676,LOF,0.018919770959185334,0.056424478433504614,0.9246557506073101
25677,LOF,0.024797587683716885,0.07295586326349704,0.902246549052786
25678,LOF,0.1873556573180981,0.07906214191309373,0.7335822007688082
25679,LOF,0.1250173364770584,0.08367090607086458,0.7913117574520769
25680,LOF,0.03203528072105245,0.11552168299772181,0.8524430362812259
25681,LOF,0.04824807585736856,0.10759169969183538,0.844160224450796
25682,LOF,0.13733158510399643,0.08227975311509052,0.7803886617809132
25683,LOF,0.11874418209639027,0.09506608559696121,0.7861897323066485
25684,LOF,0.043055260859895285,0.07179173409903777,0.8851530050410671
25685,LOF,0.131867894939543,0.09108356503749374,0.7770485400229633
25686,LOF,0.08083666050214562,0.13286759510592014,0.7862957443919342
25687,LOF,0.11912318385246214,0.14296416513930915,0.7379126510082288
25688,LOF,0.423741968125017,0.04959627176752877,0.5266617601074542
25689,LOF,0.296611103780933,0.05138178384129187,0.6520071123777752
25690,LOF,0.31454508468218745,0.03585664444219582,0.6495982708756167
25691,Neutral,0.7021734027456461,0.034566429496892086,0.2632601677574618
25692,LOF,0.38135640886604394,0.015564287840571202,0.6030793032933848
25693,LOF,0.041249578460764796,0.3989947735204008,0.5597556480188344
25694,LOF,0.1166571015026116,0.020368177601745655,0.8629747208956428
25695,LOF,0.11590896258303122,0.016033104625673637,0.8680579327912952
25696,LOF,0.12989749802494038,0.012502366591272313,0.8576001353837872
25697,LOF,0.0777957319132689,0.06679475166805542,0.8554095164186758
25698,LOF,0.3107439650275646,0.20212328664379958,0.48713274832863585
25699,Neutral,0.5270224305722282,0.028517987826690776,0.4444595816010809
25700,LOF,0.08846787974239415,0.007597879361901105,0.9039342408957048
25701,LOF,0.2099946657711955,0.03518446946863977,0.7548208647601647
25702,GOF,0.1855467703952741,0.6414510690331218,0.17300216057160425
25703,LOF,0.018228377702741716,0.15629433476043328,0.825477287536825
25704,LOF,0.03867194638752194,0.13833439301253658,0.8229936605999416
25705,LOF,0.044438168938022105,0.11855152251978437,0.8370103085421935
25706,LOF,0.16115164311119415,0.35659418477300237,0.4822541721158036
25707,LOF,0.10819172966802103,0.2985077149230852,0.5933005554088938
25708,LOF,0.04408381147339557,0.2958517515747731,0.6600644369518314
25709,LOF,0.07043499908319775,0.03641754592152236,0.8931474549952799
25710,LOF,0.012999078019908374,0.1097025549774456,0.8772983670026461
25711,LOF,0.021675832438679026,0.06694788918138216,0.9113762783799388
25712,LOF,0.015294667946774095,0.13921810391450523,0.8454872281387207
25713,LOF,0.020991268407258127,0.0703755966612786,0.9086331349314634
25714,LOF,0.08427651712906169,0.05123244555794696,0.8644910373129914
25715,LOF,0.013009819895615005,0.0997395806528969,0.8872505994514881
25716,LOF,0.012531427684299557,0.08932049348002857,0.8981480788356719
25717,LOF,0.01558774480668771,0.06787120537546919,0.916541049817843
25718,LOF,0.012411268836820439,0.06134084142642584,0.9262478897367538
25719,LOF,0.022990685881515347,0.055969480777010985,0.9210398333414735
25720,LOF,0.02788268957649418,0.051348440049042016,0.9207688703744639
25721,LOF,0.01535186833197969,0.08637807513372596,0.8982700565342943
25722,LOF,0.01613745348129652,0.07799921041143475,0.9058633361072688
25723,LOF,0.025817973450147805,0.03443900196680841,0.9397430245830438
25724,LOF,0.032541573560226966,0.0586016476948933,0.9088567787448798
25725,LOF,0.01292872892002763,0.054881361507359346,0.932189909572613
25726,LOF,0.017177481352257683,0.07436708768077628,0.908455430966966
25727,LOF,0.013577246255500969,0.05751441321440914,0.9289083405300899
25728,LOF,0.011089090029663703,0.07489446111316787,0.9140164488571685
25729,LOF,0.011459399134175189,0.07324974716218989,0.9152908537036348
25730,LOF,0.01483840124209227,0.07592713353970831,0.9092344652181994
25731,LOF,0.021226357500646276,0.07792948514737988,0.900844157351974
25732,LOF,0.014952185301723197,0.05775588587938705,0.9272919288188898
25733,LOF,0.019048914016859916,0.047403772978664584,0.9335473130044755
25734,LOF,0.012409235129156369,0.10038597312341624,0.8872047917474274
25735,LOF,0.013037196948005843,0.05863478289692919,0.928328020155065
25736,LOF,0.014161111062558707,0.07506941840308598,0.9107694705343554
25737,LOF,0.012859481718746927,0.06734129010192028,0.9197992281793329
25738,LOF,0.013139207364578782,0.07604364830933624,0.9108171443260851
25739,LOF,0.022500869206395078,0.05448297570959463,0.9230161550840102
25740,LOF,0.03272169181377689,0.08319017313499265,0.8840881350512304
25741,LOF,0.01647304339761231,0.07658289754568867,0.9069440590566991
25742,LOF,0.12108853807915511,0.05230535886606671,0.8266061030547781
25743,LOF,0.038166998843389734,0.06685877977413682,0.8949742213824735
25744,Neutral,0.5872859608735922,0.27445311869155137,0.13826092043485638
25745,LOF,0.06399128488040981,0.09382684565639005,0.8421818694632002
25746,LOF,0.041652361186942585,0.11641429717711094,0.8419333416359466
25747,LOF,0.02133592745263433,0.09068586883857646,0.8879782037087891
25748,LOF,0.12125011640151763,0.15103352480572904,0.7277163587927532
25749,LOF,0.02496858410014729,0.10491188280389119,0.8701195330959615
25750,LOF,0.06980692416748698,0.11848574584887295,0.81170732998364
25751,LOF,0.08679875154568488,0.14135202111990464,0.7718492273344105
25752,GOF,0.10555213497370967,0.6656006383923027,0.22884722663398768
25753,LOF,0.025313056337159988,0.3132170608032071,0.661469882859633
25754,GOF,0.015148754405243837,0.795405503846578,0.18944574174817805
25755,LOF,0.02633053113156838,0.39327051534059665,0.5803989535278349
25756,LOF,0.05053433771735018,0.3566806253051659,0.5927850369774839
25757,GOF,0.022069151752366376,0.8656813051178277,0.11224954312980596
25758,GOF,0.03428198500500826,0.8003132049386407,0.1654048100563511
25759,GOF,0.01082692853443202,0.6458324154036507,0.3433406560619173
25760,LOF,0.01339457856620591,0.2927957562761812,0.6938096651576128
25761,GOF,0.2871877035900683,0.6327009859206401,0.08011131048929174
25762,LOF,0.04427996659429671,0.2790996134557223,0.6766204199499809
25763,LOF,0.014613638479429193,0.21254289944701132,0.7728434620735594
25764,GOF,0.07984167474171434,0.6464427247030303,0.2737156005552553
25765,GOF,0.03679832236828889,0.7632043453522539,0.19999733227945735
25766,GOF,0.07605908160679252,0.7797077134076943,0.14423320498551315
25767,GOF,0.13622810093528112,0.551804900308976,0.3119669987557429
25768,LOF,0.10947261399299502,0.054067984770191625,0.8364594012368134
25769,LOF,0.049562535704362656,0.06623995072347731,0.88419751357216
25770,LOF,0.28216756163995255,0.1056850444404754,0.6121473939195721
25771,LOF,0.05034067463886517,0.0512398198846742,0.8984195054764607
25772,LOF,0.018568428849169476,0.046250504741176916,0.9351810664096536
25773,LOF,0.049780345614860104,0.08569833520997011,0.8645213191751698
25774,LOF,0.026361214479654504,0.10290982923006364,0.8707289562902819
25775,LOF,0.05760445826630219,0.0519831273599918,0.890412414373706
25776,LOF,0.06663396765999427,0.028545693006206543,0.9048203393337991
25777,LOF,0.34389120129782363,0.0927131114878247,0.5633956872143516
25778,LOF,0.06674144975572999,0.046301787643624796,0.8869567626006452
25779,GOF,0.39499407490697797,0.5479549049828055,0.05705102011021654
25780,GOF,0.3510639853957906,0.5561859537519073,0.09275006085230214
25781,GOF,0.1226292483181146,0.7569338471731722,0.12043690450871318
25782,GOF,0.1897035823815605,0.7096992942245712,0.10059712339386825
25783,GOF,0.022577283258134715,0.5805164391256846,0.3969062776161807
25784,Neutral,0.5235561412537233,0.4278608752834599,0.0485829834628169
25785,Neutral,0.5027075290895714,0.445172053368324,0.05212041754210451
25786,GOF,0.028029716172729504,0.7370326806848063,0.2349376031424642
25787,Neutral,0.6850853192347776,0.28090974958913395,0.034004931176088535
25788,LOF,0.054989370337841334,0.0798541240249822,0.8651565056371765
25789,GOF,0.21144225712003442,0.62090080202606,0.16765694085390553
25790,GOF,0.2581619766281364,0.6350727909302762,0.1067652324415874
25791,GOF,0.13877010194122935,0.6856241691959445,0.17560572886282605
25792,GOF,0.3448786694466865,0.5198597898794715,0.13526154067384208
25793,GOF,0.24944067418900234,0.5044973558205424,0.24606196999045526
25794,GOF,0.3189251752578149,0.4827471448593432,0.19832767988284192
25795,GOF,0.0653560293057712,0.6677002240285845,0.26694374666564424
25796,Neutral,0.5455671281560179,0.3599174137986656,0.09451545804531639
25797,GOF,0.08768461896772918,0.5656011982488675,0.3467141827834033
25798,GOF,0.009300319166461351,0.5142879681638278,0.4764117126697109
25799,LOF,0.007088586302640843,0.41328134972311237,0.5796300639742468
25800,GOF,0.03430969542043613,0.601458037703397,0.3642322668761668
25801,GOF,0.22152561718091102,0.6527561556489777,0.12571822717011116
25802,GOF,0.0610289789846983,0.6883507043683611,0.2506203166469406
25803,GOF,0.0355288486319354,0.5680748615834722,0.39639628978459235
25804,GOF,0.03512479365386966,0.5244897679422202,0.44038543840391003
25805,GOF,0.11023356387138744,0.5844141563368462,0.3053522797917663
25806,GOF,0.11528300085713597,0.5866829562494895,0.2980340428933745
25807,GOF,0.021594728274728907,0.6140084679130619,0.3643968038122092
25808,GOF,0.09712047576820146,0.6095219186879408,0.29335760554385765
25809,GOF,0.020141596488360808,0.6240873323995348,0.3557710711121045
25810,GOF,0.019259500544296617,0.6141517390349434,0.36658876042075994
25811,Neutral,0.5102922644648404,0.4127451441512667,0.07696259138389286
25812,GOF,0.03613164937219228,0.6380993179334338,0.3257690326943739
25813,Neutral,0.553544279960968,0.3308254738498666,0.1156302461891654
25814,GOF,0.12209735052744013,0.6631097931111867,0.2147928563613733
25815,GOF,0.22198397995944363,0.5792650120709217,0.19875100796963466
25816,GOF,0.022587941581848233,0.6667938221221624,0.3106182362959894
25817,GOF,0.25217678184353415,0.6020982910713676,0.14572492708509813
25818,GOF,0.051363283218275615,0.5517152787984495,0.39692143798327484
25819,GOF,0.40170855969317176,0.4204767258901927,0.17781471441663566
25820,GOF,0.18838184922403864,0.5517706488428058,0.25984750193315553
25821,GOF,0.05803488201732586,0.6138105783328723,0.3281545396498018
25822,GOF,0.22907607858956386,0.5043992799237577,0.2665246414866785
25823,GOF,0.031092454571656252,0.485456392966612,0.48345115246173165
25824,GOF,0.0803071089831646,0.5178182463862857,0.4018746446305497
25825,GOF,0.030745098893592105,0.5172206664862284,0.45203423462017944
25826,GOF,0.012649736690395421,0.5079895530999461,0.4793607102096584
25827,GOF,0.025191950156278915,0.5780811518393298,0.39672689800439115
25828,LOF,0.01764704502732506,0.48715725091538453,0.49519570405729035
25829,GOF,0.0068137931531993155,0.5330019850245354,0.4601842218222652
25830,LOF,0.04315657158001438,0.2849070975564689,0.6719363308635168
25831,GOF,0.19450604963799858,0.648248939567421,0.15724501079458042
25832,GOF,0.033704666636998074,0.6508195445631567,0.3154757887998452
25833,GOF,0.1280144853600221,0.6622199588188843,0.20976555582109363
25834,GOF,0.039231002473744954,0.6586523286523321,0.30211666887392286
25835,GOF,0.09043698632044737,0.6665821502130521,0.2429808634665005
25836,GOF,0.04635619733124974,0.6259885212869444,0.32765528138180583
25837,GOF,0.024914681812879626,0.5260411880289902,0.4490441301581302
25838,GOF,0.08055994723636992,0.7170413013412853,0.20239875142234476
25839,GOF,0.2725936862731669,0.5553126223975264,0.17209369132930655
25840,GOF,0.23621476942486086,0.5693504562078259,0.19443477436731332
25841,GOF,0.22142102217442125,0.5736619030390513,0.2049170747865275
25842,GOF,0.1913930366747088,0.6268657841400944,0.1817411791851968
25843,GOF,0.2301607080343665,0.6298086109502569,0.14003068101537663
25844,GOF,0.05856453482012916,0.625290778226329,0.31614468695354175
25845,LOF,0.013360554856463362,0.4419104142060253,0.5447290309375115
25846,GOF,0.10838134552489379,0.6953565814668857,0.19626207300822046
25847,GOF,0.13326845106130938,0.7036735199673809,0.1630580289713097
25848,GOF,0.03486279240729535,0.6278975695213289,0.3372396380713757
25849,GOF,0.01039120880261526,0.5278304582734913,0.4617783329238934
25850,GOF,0.025115401143202445,0.6426715104922031,0.33221308836459446
25851,GOF,0.017890489959197484,0.5408110950322028,0.4412984150085997
25852,GOF,0.18882936586476526,0.5434756265305338,0.26769500760470094
25853,GOF,0.35062079650490324,0.5602135443948882,0.08916565910020843
25854,GOF,0.020548146043588452,0.5814309104294615,0.3980209435269502
25855,GOF,0.0370261568930372,0.5447425191774644,0.41823132392949836
25856,GOF,0.2578652229070102,0.4794000303872756,0.26273474670571423
25857,LOF,0.03454303718925911,0.44590215213889567,0.5195548106718453
25858,GOF,0.01746290759169695,0.542133143113266,0.44040394929503696
25859,GOF,0.01024267128420278,0.5261710118390059,0.4635863168767912
25860,GOF,0.38874199274196064,0.5122397741608724,0.09901823309716687
25861,GOF,0.424945543904017,0.491609283148887,0.08344517294709607
25862,GOF,0.09305028730645692,0.7507649542509036,0.15618475844263954
25863,GOF,0.09540494070575391,0.7485576045740597,0.15603745472018635
25864,GOF,0.2217968516171765,0.6866546947907368,0.09154845359208663
25865,GOF,0.09216828651351999,0.7612514097252099,0.14658030376127013
25866,GOF,0.059917294010184724,0.7845470142009512,0.15553569178886423
25867,GOF,0.0848690040101247,0.7939684494936571,0.12116254649621831
25868,GOF,0.29684028341168933,0.5895602628107354,0.11359945377757531
25869,Neutral,0.7205703186540291,0.23399597155795893,0.045433709788011846
25870,LOF,0.34544075466906304,0.26297335939692096,0.39158588593401605
25871,GOF,0.22821959163854633,0.5858250962888165,0.18595531207263716
25872,GOF,0.09131175007147473,0.6059783388874094,0.3027099110411159
25873,GOF,0.14881077494077188,0.6119606553692382,0.23922856968998987
25874,LOF,0.02035017294536835,0.10144829563632773,0.8782015314183038
25875,LOF,0.10013352611125877,0.050651183371041644,0.8492152905176996
25876,LOF,0.032905841780491635,0.040972217456878735,0.9261219407626297
25877,Neutral,0.5283688358295965,0.050981743702482596,0.4206494204679209
25878,LOF,0.2439614070636319,0.09312639238526588,0.6629122005511021
25879,LOF,0.10405984450859372,0.10045555770129427,0.7954845977901119
25880,LOF,0.024733349226565487,0.021544848102336374,0.9537218026710982
25881,LOF,0.182177575681616,0.142416845442658,0.675405578875726
25882,LOF,0.07248690461615344,0.01981548612083949,0.9076976092630069
25883,LOF,0.08019163021751041,0.025682910792406845,0.8941254589900829
25884,LOF,0.04242972182361428,0.03852095189721876,0.9190493262791669
25885,LOF,0.06802088200207997,0.01384316035662209,0.9181359576412981
25886,LOF,0.3188382458940709,0.04883325715189664,0.6323284969540325
25887,LOF,0.1723510545905516,0.08406674296330295,0.7435822024461455
25888,LOF,0.0700799645706277,0.07337464582777356,0.8565453896015989
25889,LOF,0.051130823374786305,0.02658991107641339,0.9222792655488004
25890,LOF,0.046043927447984585,0.1467869791742023,0.8071690933778132
25891,LOF,0.037390963490372686,0.06516519489606641,0.8974438416135609
25892,LOF,0.10004242389009448,0.014496429460526206,0.8854611466493794
25893,LOF,0.2981398226480833,0.010400153641755651,0.691460023710161
25894,LOF,0.18795907578103763,0.006424262907961865,0.8056166613110005
25895,LOF,0.1963751194751236,0.01572402674186491,0.7879008537830114
25896,LOF,0.05323414140396289,0.014649634582940075,0.932116224013097
25897,LOF,0.24431332849956794,0.008267460673969088,0.747419210826463
25898,Neutral,0.7133678931968039,0.0063402348045117525,0.2802918719986843
25899,LOF,0.28965559099339033,0.017641431958674868,0.6927029770479347
25900,LOF,0.44913005045924426,0.01204085197950702,0.5388290975612487
25901,LOF,0.06990043106752238,0.007978368410026058,0.9221212005224516
25902,LOF,0.18418395310452532,0.007956370214601799,0.8078596766808729
25903,Neutral,0.5224506057421004,0.021565757469049658,0.45598363678884996
25904,LOF,0.3103820708351472,0.028056239926810125,0.6615616892380427
25905,LOF,0.027069059014053817,0.281825017841559,0.6911059231443872
25906,LOF,0.025396885501731848,0.05906615397022752,0.9155369605280406
25907,LOF,0.016298920131019398,0.3016652113748449,0.6820358684941357
25908,LOF,0.0113285207931304,0.20877034298639086,0.7799011362204787
25909,LOF,0.01422373823499151,0.11446038134519083,0.8713158804198177
25910,LOF,0.04966794789419688,0.11524179575875285,0.8350902563470503
25911,LOF,0.12042306491523129,0.0418916814558818,0.8376852536288869
25912,LOF,0.037874847588907336,0.060304558651903685,0.901820593759189
25913,LOF,0.2769641761560781,0.025341992902196242,0.6976938309417257
25914,LOF,0.02307655351773593,0.11238952163133151,0.8645339248509325
25915,Neutral,0.4251216366541462,0.29971819325065513,0.2751601700951986
25916,LOF,0.05796365220355003,0.3164294177548911,0.6256069300415589
25917,LOF,0.06209102364971395,0.061319252387951315,0.8765897239623347
25918,LOF,0.032610013075599874,0.06609798616341969,0.9012920007609804
25919,LOF,0.026115579787282305,0.06775208862179873,0.906132331590919
25920,GOF,0.07886244803857878,0.5318682840880218,0.3892692678733994
25921,LOF,0.02986485751315636,0.018131597316989035,0.9520035451698546
25922,LOF,0.04235104690020862,0.011804737581355071,0.9458442155184362
25923,LOF,0.40157919003277814,0.012505292312077497,0.5859155176551443
25924,LOF,0.040722118385777245,0.02687594101689477,0.932401940597328
25925,LOF,0.07035432320618171,0.017320996191857944,0.9123246806019604
25926,LOF,0.04927779025315332,0.013091430953871056,0.9376307787929755
25927,LOF,0.07089512772927384,0.0567445692030004,0.8723603030677257
25928,LOF,0.022690160928319374,0.025612281854057974,0.9516975572176226
25929,Neutral,0.5370476092701546,0.01335906684741888,0.44959332388242657
25930,LOF,0.06388918897316195,0.010610433903788406,0.9255003771230497
25931,LOF,0.02989678660219882,0.016610325672184775,0.9534928877256164
25932,LOF,0.031972941689605794,0.0124810457214241,0.95554601258897
25933,LOF,0.045071078572705724,0.008440860311463547,0.9464880611158307
25934,LOF,0.02845707153569516,0.009618675596389058,0.9619242528679157
25935,LOF,0.06114454254277044,0.021328795653647765,0.9175266618035818
25936,LOF,0.05268238556254415,0.012093363753163324,0.9352242506842925
25937,LOF,0.030070503171726274,0.021299894878811995,0.9486296019494617
25938,LOF,0.06180491629406043,0.02413021398296154,0.9140648697229781
25939,LOF,0.04477878814483783,0.008554404615085451,0.9466668072400767
25940,LOF,0.02865036949264452,0.3394407809239461,0.6319088495834094
25941,LOF,0.17914426370817926,0.08978913280507059,0.7310666034867501
25942,LOF,0.0159982962883311,0.035264695551788426,0.9487370081598805
25943,LOF,0.3033470304318457,0.06358152171639385,0.6330714478517605
25944,LOF,0.46008420979254067,0.03436709021355808,0.5055486999939013
25945,LOF,0.07439515259305232,0.024686407054299638,0.900918440352648
25946,LOF,0.02828373729622919,0.11717098471733117,0.8545452779864396
25947,LOF,0.12141477911083717,0.18630868115706395,0.6922765397320989
25948,LOF,0.4659957953212285,0.020370279040004987,0.5136339256387665
25949,LOF,0.0902795930333647,0.08215778798574326,0.8275626189808921
25950,GOF,0.2796624412225038,0.421340734994212,0.2989968237832843
25951,LOF,0.2526527092421668,0.24856564824056715,0.4987816425172661
25952,LOF,0.04680807191885433,0.42739112539721785,0.5258008026839278
25953,LOF,0.13991488048492565,0.1102615052581472,0.7498236142569272
25954,Neutral,0.4474009060366149,0.18758212935558433,0.3650169646078008
25955,LOF,0.06744159768674533,0.08255059516577233,0.8500078071474823
25956,LOF,0.20565724123627796,0.08088970534610855,0.7134530534176136
25957,LOF,0.03822948118618448,0.03506042166190394,0.9267100971519117
25958,LOF,0.062412495696886776,0.02705480411542192,0.9105327001876913
25959,LOF,0.0701910380396887,0.31283410514101584,0.6169748568192954
25960,LOF,0.02197743734399751,0.05516740510565052,0.922855157550352
25961,LOF,0.05016861455571341,0.03335696122323262,0.916474424221054
25962,LOF,0.048263625427498,0.041252694262918166,0.9104836803095838
25963,LOF,0.04417633488231821,0.19380954980614212,0.7620141153115396
25964,LOF,0.036340047288678234,0.15523626050752423,0.8084236922037976
25965,LOF,0.4151494736391305,0.08437513904055702,0.5004753873203125
25966,LOF,0.4047877028050613,0.18171192793869717,0.4135003692562414
25967,LOF,0.011914976038132694,0.09002300358386572,0.8980620203780016
25968,GOF,0.03722250460816276,0.48843593461158163,0.47434156078025563
25969,LOF,0.024070886289871727,0.05594147005689262,0.9199876436532357
25970,LOF,0.0603983748353062,0.06641235284422804,0.8731892723204658
25971,LOF,0.0814369230546527,0.018101862615478612,0.9004612143298688
25972,LOF,0.08704999684680263,0.025453938452447953,0.8874960647007495
25973,LOF,0.09614771226231081,0.005077767274276059,0.8987745204634131
25974,LOF,0.24795674802715234,0.012467949123878047,0.7395753028489697
25975,LOF,0.058883614194411515,0.015711632647023466,0.9254047531585651
25976,LOF,0.054204672586369664,0.010151135784025685,0.9356441916296047
25977,LOF,0.14987479735930587,0.09187503181824012,0.758250170822454
25978,LOF,0.12155986108068136,0.05181797851184713,0.8266221604074715
25979,LOF,0.11606591322831841,0.052868892917221764,0.8310651938544599
25980,LOF,0.1623101730662158,0.07015134078744051,0.7675384861463436
25981,LOF,0.1958098768978739,0.06860303158476581,0.7355870915173603
25982,LOF,0.37693847212320314,0.0428316083052248,0.5802299195715721
25983,LOF,0.35461060820682594,0.04343150158999125,0.6019578902031828
25984,LOF,0.0536490779649528,0.06854811125307267,0.8778028107819746
25985,LOF,0.023367074158488942,0.29324582780543285,0.6833870980360782
25986,LOF,0.03450352209670677,0.3036279528276912,0.661868525075602
25987,LOF,0.0797088528160184,0.09571266425341213,0.8245784829305696
25988,LOF,0.12085365927836964,0.08976488235883559,0.7893814583627948
25989,LOF,0.030626209375728415,0.15543300302218024,0.8139407876020913
25990,LOF,0.03915763717539841,0.1736312109298714,0.7872111518947301
25991,GOF,0.19962923797756424,0.41415778021464417,0.38621298180779146
25992,LOF,0.35106095112893343,0.252012994000862,0.3969260548702045
25993,LOF,0.02366424176886398,0.08596198492961579,0.8903737733015202
25994,LOF,0.016863880039983712,0.12269164491663449,0.8604444750433818
25995,LOF,0.026853455421229945,0.23479665267732844,0.7383498919014416
25996,GOF,0.25156721391440273,0.5788548412688314,0.16957794481676589
25997,GOF,0.10733468031999072,0.5851253871432651,0.30753993253674416
25998,Neutral,0.5328166603801721,0.013732254468508108,0.4534510851513198
25999,LOF,0.13393547802754377,0.14411914757285266,0.7219453743996036
26000,LOF,0.17059125175207382,0.03089434996035091,0.7985143982875753
26001,LOF,0.1706778757732095,0.03614362009444926,0.7931785041323414
26002,LOF,0.1393730896324482,0.036389231639121784,0.82423767872843
26003,GOF,0.010220013111987603,0.6392986851130438,0.35048130177496867
26004,GOF,0.026204923765544817,0.7032906247821441,0.27050445145231117
26005,GOF,0.008101993155240815,0.5111991485829437,0.48069885826181546
26006,Neutral,0.5009348349978806,0.2791243841681156,0.21994078083400387
26007,GOF,0.020893125669045488,0.5718769675330657,0.4072299067978889
26008,GOF,0.020341999827860547,0.6324793442308722,0.3471786559412673
26009,GOF,0.02274865685548617,0.645265900395975,0.331985442748539
26010,GOF,0.024817785264365743,0.6563507966857819,0.31883141804985227
26011,GOF,0.007344229536374725,0.5280140106235428,0.4646417598400825
26012,GOF,0.016180367368504592,0.5977187740318644,0.386100858599631
26013,GOF,0.018873253549445534,0.632075710213184,0.3490510362373704
26014,LOF,0.039575907442101266,0.15112783938832844,0.8092962531695702
26015,LOF,0.28525693712205386,0.01275674661027825,0.7019863162676678
26016,LOF,0.25198301425442793,0.05321975119891409,0.694797234546658
26017,LOF,0.21067049326853796,0.08987168148473061,0.6994578252467314
26018,LOF,0.10650195488949483,0.05366251064437337,0.8398355344661318
26019,LOF,0.1009069408835078,0.04052820245896705,0.858564856657525
26020,LOF,0.06669045036561536,0.11107192791479438,0.8222376217195903
26021,LOF,0.05473747599554156,0.13063445904545304,0.8146280649590054
26022,LOF,0.012243744414977923,0.053761617919240466,0.9339946376657817
26023,LOF,0.12634328330403644,0.027752077114607643,0.845904639581356
26024,LOF,0.03234264951703077,0.13231917149896769,0.8353381789840015
26025,LOF,0.1495048111761209,0.09892191934609834,0.7515732694777808
26026,LOF,0.3180267863644829,0.023477227638261135,0.658495985997256
26027,LOF,0.09841577009256698,0.022654295689818124,0.8789299342176148
26028,LOF,0.1452498443755037,0.09604446385221012,0.7587056917722862
26029,LOF,0.07365457178188678,0.13049287167138657,0.7958525565467266
26030,LOF,0.023832219312586236,0.052422908538216226,0.9237448721491976
26031,LOF,0.029329629698635874,0.10345290519120393,0.8672174651101602
26032,LOF,0.06815200765649804,0.05255900587031411,0.8792889864731879
26033,LOF,0.11588959079650889,0.057100917301557065,0.8270094919019341
26034,LOF,0.04828035910018757,0.10767165101538127,0.8440479898844312
26035,LOF,0.029432335582759962,0.09369871364969706,0.8768689507675429
26036,LOF,0.04267324054400877,0.11509327365848775,0.8422334857975035
26037,LOF,0.02436468094418806,0.09072653225668674,0.8849087867991253
26038,LOF,0.0650162076701507,0.04919850466032441,0.8857852876695249
26039,LOF,0.05739202564294551,0.11353936325627886,0.8290686111007757
26040,LOF,0.20021591544996756,0.08612807086363398,0.7136560136863984
26041,LOF,0.025639451018440042,0.08093135658699459,0.8934291923945654
26042,LOF,0.024636957816635306,0.08298174264330027,0.8923812995400645
26043,LOF,0.06319875000866078,0.05984844216350617,0.876952807827833
26044,LOF,0.02070839819048875,0.06030076239856331,0.9189908394109481
26045,LOF,0.07641710545291758,0.07839351433434362,0.8451893802127388
26046,LOF,0.06514758887164529,0.06251940618644447,0.8723330049419102
26047,LOF,0.09353307450836251,0.06824933673774827,0.8382175887538893
26048,LOF,0.045816829782480986,0.0504052426295877,0.9037779275879313
26049,Neutral,0.9555623303426791,0.007012327680337219,0.037425341976983835
26050,Neutral,0.9370700352728493,0.008674350298111717,0.05425561442903913
26051,LOF,0.04720756872642695,0.29749647331132023,0.6552959579622528
26052,LOF,0.08016964340267724,0.2928004228087655,0.6270299337885573
26053,LOF,0.06019419178903028,0.1468387084835512,0.7929670997274186
26054,LOF,0.05968787194938201,0.0286492221553381,0.9116629058952798
26055,LOF,0.08161921497517272,0.020725734435570534,0.8976550505892569
26056,LOF,0.06576029383088744,0.023832391279898512,0.9104073148892141
26057,LOF,0.03451674979730502,0.013401330332936385,0.9520819198697585
26058,LOF,0.034893265686213336,0.011638591064933071,0.9534681432488537
26059,LOF,0.2955186813869192,0.03467533617150831,0.6698059824415725
26060,LOF,0.03365071298271148,0.19813922986013438,0.7682100571571542
26061,LOF,0.017583824623155515,0.014128960056914604,0.9682872153199299
26062,LOF,0.012056205454832132,0.021751246355628,0.9661925481895399
26063,LOF,0.024326958687570992,0.01496339062445391,0.9607096506879752
26064,LOF,0.02727805220293428,0.02228551613671215,0.9504364316603535
26065,LOF,0.02778855370120076,0.014607056739927914,0.9576043895588713
26066,LOF,0.02305808670063537,0.013018549210388057,0.9639233640889765
26067,LOF,0.03040593368604641,0.009670013877771118,0.9599240524361824
26068,LOF,0.050095139214192994,0.04117498762849202,0.908729873157315
26069,LOF,0.26301258718852527,0.025470487544644975,0.7115169252668299
26070,LOF,0.445355179525869,0.02050226256864602,0.534142557905485
26071,LOF,0.026123526937885253,0.015595602555604377,0.9582808705065103
26072,LOF,0.0231282961947534,0.020295426417545375,0.9565762773877012
26073,LOF,0.026935655250979088,0.013815862657353939,0.959248482091667
26074,Neutral,0.9095328560643776,0.007477532736531428,0.08298961119909097
26075,LOF,0.048703371168478164,0.018375708038079825,0.9329209207934419
26076,LOF,0.044243196622071886,0.010850331817855273,0.9449064715600729
26077,LOF,0.009584243166666265,0.0200153699764573,0.9704003868568765
26078,LOF,0.01516555674014759,0.013985701789597363,0.970848741470255
26079,LOF,0.0628087736845059,0.022599377796649,0.914591848518845
26080,LOF,0.06139514646378602,0.02258276074320567,0.9160220927930082
26081,LOF,0.04064114989010547,0.008161520984145193,0.9511973291257493
26082,LOF,0.01749693018767823,0.020203540984199814,0.9622995288281221
26083,LOF,0.13564658660010256,0.015774475006074068,0.8485789383938234
26084,LOF,0.029393007994484566,0.015295898217385437,0.95531109378813
26085,LOF,0.024184709762659694,0.014608962075933521,0.9612063281614068
26086,LOF,0.026684999416854826,0.01250423764921112,0.9608107629339341
26087,LOF,0.027566231600183583,0.009300819919649183,0.9631329484801673
26088,LOF,0.017687849246496842,0.02712577083276683,0.9551863799207364
26089,LOF,0.04683116301118648,0.030111740620434382,0.9230570963683792
26090,LOF,0.04505287161782989,0.02329049309536164,0.9316566352868083
26091,LOF,0.0425800455348774,0.007870487213524131,0.9495494672515985
26092,LOF,0.028608151825277064,0.010546955077931094,0.9608448930967919
26093,LOF,0.04200711305285093,0.008064767171423624,0.9499281197757254
26094,LOF,0.046417617315320805,0.00888740704866892,0.9446949756360102
26095,LOF,0.05422544848207703,0.017125675605217983,0.9286488759127051
26096,LOF,0.02055568837771406,0.014590663621117553,0.9648536480011684
26097,LOF,0.010874637508228377,0.04964275794323779,0.9394826045485339
26098,LOF,0.07155315655942283,0.014372887330174165,0.914073956110403
26099,LOF,0.025407126897237918,0.016821231917872617,0.9577716411848896
26100,LOF,0.027391485808275558,0.016152381012451436,0.9564561331792729
26101,LOF,0.06293551387814969,0.016567287599708904,0.9204971985221414
26102,LOF,0.028484362168818094,0.016772405710756885,0.9547432321204251
26103,Neutral,0.8855544109426893,0.02519209174337957,0.0892534973139312
26104,LOF,0.07720517017575468,0.03747089035995738,0.885323939464288
26105,LOF,0.24185717415906274,0.2652407002176915,0.49290212562324576
26106,LOF,0.1778586948738888,0.14182021622328295,0.6803210889028283
26107,LOF,0.260647370245115,0.09213979325049626,0.6472128365043887
26108,LOF,0.25296127873095986,0.1260180303296365,0.6210206909394036
26109,LOF,0.08300836899016725,0.1157730263441013,0.8012186046657315
26110,LOF,0.2712242451066212,0.0077707125692983115,0.7210050423240805
26111,LOF,0.4525126887507637,0.021243819393725494,0.5262434918555109
26112,LOF,0.0332494332109888,0.008629417927907179,0.958121148861104
26113,LOF,0.0553385015298559,0.01623459503052549,0.9284269034396186
26114,LOF,0.023362060735863346,0.021480062402905703,0.9551578768612309
26115,LOF,0.08827306055709437,0.05382449472542714,0.8579024447174785
26116,LOF,0.05993242615622778,0.0584257328706706,0.8816418409731016
26117,LOF,0.4201649527853626,0.04909567080539759,0.5307393764092398
26118,LOF,0.040089798505325146,0.02624212970733733,0.9336680717873375
26119,LOF,0.02394261112894124,0.036943245787316385,0.9391141430837423
26120,LOF,0.032335984512253176,0.023289121891297258,0.9443748935964495
26121,LOF,0.05569216156420557,0.07975454251418518,0.8645532959216091
