feature0,prediction,LoGoFunc_Neutral,LoGoFunc_GOF,LoGoFunc_LOF
25546,Neutral,0.634417783822229,0.050085437849827774,0.31549677832794315
25547,Neutral,0.48578346273629675,0.09044334359699417,0.42377319366670907
25548,Neutral,0.48978309585081176,0.07906809389329238,0.43114881025589585
25549,LOF,0.4274052172851743,0.07686589298819398,0.4957288897266317
25550,LOF,0.389094364518775,0.10439201710077463,0.5065136183804504
25551,LOF,0.35278035820267956,0.11378510354012444,0.533434538257196
25552,LOF,0.2959910270285993,0.12027655210023741,0.5837324208711633
25553,Neutral,0.7969185088146046,0.043098782245621525,0.15998270893977393
25554,LOF,0.33770550504107033,0.10958658566672148,0.5527079092922081
25555,LOF,0.2903352296195784,0.10172683958009882,0.6079379308003228
25556,Neutral,0.4571513514225985,0.09466593256969676,0.44818271600770476
25557,LOF,0.27221784225318735,0.10989499353876363,0.617887164208049
25558,LOF,0.3262922862110372,0.1057660785719584,0.5679416352170044
25559,LOF,0.2469019589253309,0.18619586388992582,0.5669021771847432
25560,LOF,0.18045575734833075,0.12122785916439682,0.6983163834872724
25561,LOF,0.1674203448766122,0.14609602350474524,0.6864836316186426
25562,LOF,0.0747360505811293,0.09169800584565624,0.8335659435732145
25563,LOF,0.02917787315083848,0.1548780805799684,0.8159440462691931
25564,LOF,0.20600538157212447,0.14116211140654245,0.6528325070213331
25565,LOF,0.21765784433927568,0.1429670395606853,0.6393751161000389
25566,GOF,0.08195216389295097,0.6784965953599464,0.23955124074710257
25567,LOF,0.044922436924222583,0.1781416184594831,0.7769359446162943
25568,LOF,0.06237975722578424,0.096197289920098,0.8414229528541177
25569,LOF,0.059015417544002205,0.09550456302633188,0.845480019429666
25570,LOF,0.02752011107426132,0.11554855932345805,0.8569313296022806
25571,LOF,0.02621011114287369,0.12815128853396404,0.8456386003231622
25572,LOF,0.06053948173225618,0.14079172105022475,0.798668797217519
25573,LOF,0.06212893845195548,0.11352550987285316,0.8243455516751913
25574,LOF,0.0629728062369457,0.24729358220019068,0.6897336115628636
25575,LOF,0.022487650478642568,0.13817226561153706,0.8393400839098204
25576,LOF,0.02632453677147348,0.17906380453264684,0.7946116586958798
25577,LOF,0.030797877890965407,0.13035153176476263,0.8388505903442719
25578,LOF,0.31370484581041697,0.11294159490184064,0.5733535592877425
25579,LOF,0.14332995968202178,0.11966535699129169,0.7370046833266866
25580,LOF,0.02003289404030594,0.09909535823225428,0.8808717477274398
25581,LOF,0.052707663660119065,0.09064603150005905,0.856646304839822
25582,LOF,0.05261976694490738,0.08824440831449523,0.8591358247405975
25583,LOF,0.022523022712677428,0.10696103113415907,0.8705159461531634
25584,Neutral,0.6852003643255165,0.143436953961918,0.17136268171256552
25585,LOF,0.020673436065909073,0.18375332920055054,0.7955732347335404
25586,LOF,0.01731993704573757,0.08757002599922195,0.8951100369550405
25587,LOF,0.017027958198648115,0.08083675356154968,0.9021352882398022
25588,LOF,0.021037635581773784,0.09058870597931704,0.8883736584389091
25589,Neutral,0.4909243993569562,0.25389670962837557,0.25517889101466823
25590,LOF,0.04794395958792374,0.14575868398587982,0.8062973564261964
25591,LOF,0.09248422138752213,0.07860706939390402,0.8289087092185738
25592,LOF,0.05975644432115657,0.16605840717420736,0.7741851485046359
25593,LOF,0.12141773629327542,0.3217080753845682,0.5568741883221564
25594,LOF,0.044982906384686216,0.07858848725654621,0.8764286063587675
25595,LOF,0.042894906073709625,0.05354133429448195,0.9035637596318085
25596,LOF,0.09549417120877203,0.027651005434048345,0.8768548233571797
25597,LOF,0.08521663613492658,0.032599276379997856,0.8821840874850756
25598,LOF,0.043138368773534164,0.057480538560559326,0.8993810926659065
25599,LOF,0.01852678151219113,0.46890106589860847,0.5125721525892004
25600,GOF,0.15934872734285532,0.5022795815639872,0.33837169109315746
25601,LOF,0.038371661665545745,0.35062875971454727,0.6109995786199071
25602,LOF,0.030843125871623103,0.06332637866609604,0.9058304954622809
25603,LOF,0.036378933454015154,0.038661630499055,0.9249594360469299
25604,LOF,0.037834745004976265,0.08292185004515423,0.8792434049498694
25605,LOF,0.03884442026681798,0.18543023315532844,0.7757253465778535
25606,LOF,0.41363276890487194,0.12485011439800685,0.4615171166971213
25607,LOF,0.030779814976577176,0.1748201441539204,0.7944000408695023
25608,LOF,0.040334742196242855,0.08540946982247472,0.8742557879812825
25609,GOF,0.14386853917366124,0.49156147818344836,0.36456998264289053
25610,LOF,0.01545653222196353,0.037308728726178256,0.9472347390518583
25611,LOF,0.012893253351290422,0.03939893742701524,0.9477078092216944
25612,LOF,0.04291149899004605,0.06048534564670457,0.8966031553632493
25613,LOF,0.04156815304142682,0.05765093656790725,0.9007809103906659
25614,LOF,0.021502142808019903,0.032659910641270495,0.9458379465507096
25615,LOF,0.04197102173595205,0.055281305858117906,0.90274767240593
25616,LOF,0.04695557335908764,0.03574720184238361,0.9172972247985288
25617,LOF,0.04109617584200373,0.04670630660466024,0.9121975175533359
25618,LOF,0.043121159773713065,0.046338244526130355,0.9105405957001566
25619,LOF,0.012448667765287852,0.04502900601856987,0.9425223262161423
25620,LOF,0.05639769244661817,0.05312147771020337,0.8904808298431786
25621,LOF,0.055916725348007484,0.04734727003707638,0.8967360046149162
25622,LOF,0.06237489938791254,0.047545246535753455,0.8900798540763339
25623,LOF,0.07193931421353666,0.04325651313086024,0.8848041726556032
25624,LOF,0.01766985088866362,0.04418257485634846,0.9381475742549878
25625,LOF,0.061264308871079726,0.047575001144698405,0.8911606899842219
25626,LOF,0.0441051646737492,0.05626042388924363,0.8996344114370072
25627,Neutral,0.8860248236706262,0.023840289205449738,0.09013488712392406
25628,LOF,0.1487391021676389,0.06846096021228995,0.7827999376200713
25629,LOF,0.06209982877760579,0.059003657897790794,0.8788965133246035
25630,LOF,0.2650023521053901,0.07948801859553635,0.6555096292990735
25631,Neutral,0.525316231810338,0.07625912253212735,0.3984246456575346
25632,LOF,0.023645040243196747,0.06811601095298567,0.9082389488038175
25633,LOF,0.14585959619710626,0.04462728482699231,0.8095131189759015
25634,LOF,0.03418464773600491,0.09433369103626689,0.8714816612277283
25635,LOF,0.03567762947261593,0.045577679638903495,0.9187446908884805
25636,LOF,0.03266241151338716,0.460144859723578,0.5071927287630348
25637,GOF,0.06838402832432738,0.5277756444618333,0.4038403272138393
25638,LOF,0.030863161475471353,0.40867369382765306,0.5604631446968755
25639,LOF,0.029150262473513638,0.39673743877385,0.5741122987526364
25640,Neutral,0.8012658833293581,0.1507681844651768,0.047965932205465134
25641,GOF,0.06404622304473868,0.5174624167187474,0.41849136023651395
25642,LOF,0.05356093391414687,0.19945870078667863,0.7469803652991746
25643,LOF,0.20719731634879876,0.14809215330434397,0.6447105303468573
25644,LOF,0.026083866800827984,0.4734873362677938,0.5004287969313782
25645,LOF,0.028056200547763373,0.43058811753346027,0.5413556819187764
25646,LOF,0.07146495847421738,0.31697758284687366,0.6115574586789091
25647,LOF,0.0312676326796884,0.2796920186314127,0.689040348688899
25648,LOF,0.03644861808927182,0.2809322637508658,0.6826191181598624
25649,LOF,0.02062144204349664,0.25951636537758493,0.7198621925789184
25650,LOF,0.062174256094567705,0.4225674326582295,0.5152583112472028
25651,LOF,0.021420483321935344,0.29639849773593474,0.6821810189421299
25652,LOF,0.03545156937694589,0.2701915497478699,0.6943568808751842
25653,LOF,0.08171736685774032,0.4334130106227921,0.4848696225194677
25654,LOF,0.023726182457351506,0.27673009615431254,0.699543721388336
25655,GOF,0.21862508896100857,0.4095642732134422,0.3718106378255493
25656,LOF,0.3480374425029848,0.07158640839360156,0.5803761491034136
25657,LOF,0.06530149175019233,0.06635185857367157,0.8683466496761361
25658,LOF,0.35272399325270887,0.06935890737360158,0.5779170993736896
25659,Neutral,0.5167469411831774,0.09895428730753011,0.38429877150929254
25660,LOF,0.022578391921008432,0.09193401887657074,0.8854875892024208
25661,LOF,0.09438036190081818,0.058112596965496865,0.847507041133685
25662,LOF,0.03638612257015236,0.03264385557818794,0.9309700218516597
25663,LOF,0.04521773836897755,0.0452092029448483,0.9095730586861742
25664,LOF,0.12825819992898452,0.06711858166233599,0.8046232184086796
25665,LOF,0.05616747008676321,0.032877819031436814,0.9109547108818001
25666,LOF,0.09126147479897678,0.06523833412666821,0.8435001910743549
25667,LOF,0.07668083751700297,0.04255522897551426,0.8807639335074828
25668,LOF,0.038501081168170866,0.05013005799682412,0.911368860835005
25669,LOF,0.03297118560067144,0.046375743842842855,0.9206530705564858
25670,LOF,0.1375162045386765,0.057211857206966796,0.8052719382543567
25671,LOF,0.11968236393112003,0.03428033519182056,0.8460373008770595
25672,LOF,0.05168733559993659,0.044654806350553446,0.9036578580495099
25673,LOF,0.07679355744303348,0.04834357892772159,0.874862863629245
25674,LOF,0.06503236067596714,0.05874476905722309,0.8762228702668098
25675,LOF,0.11299346445253508,0.05615882005741977,0.8308477154900451
25676,LOF,0.019844495514231352,0.05138203797075067,0.928773466515018
25677,LOF,0.02551157834288705,0.06799800479583881,0.9064904168612742
25678,LOF,0.19291501867694683,0.07226635102021955,0.7348186303028337
25679,LOF,0.11145977171372017,0.08917458815463684,0.7993656401316429
25680,LOF,0.03402767636752297,0.12117405896335733,0.8447982646691197
25681,LOF,0.04897590169202016,0.11085835684229084,0.840165741465689
25682,LOF,0.13768526891804542,0.0728680965273773,0.7894466345545773
25683,LOF,0.11060999472904581,0.09222260653815184,0.7971673987328024
25684,LOF,0.04253732570298203,0.06523777853410082,0.8922248957629172
25685,LOF,0.12821855094273416,0.06994906572086848,0.8018323833363974
25686,LOF,0.08743889010764344,0.09407604430748032,0.8184850655848762
25687,LOF,0.11844093446016153,0.10099430873591975,0.7805647568039188
25688,LOF,0.3455442432396734,0.036154071496806314,0.6183016852635203
25689,LOF,0.264451952573709,0.042388560789265006,0.693159486637026
25690,LOF,0.34610931681861584,0.03606221983563945,0.6178284633457448
25691,Neutral,0.7151843103690477,0.029748298891293212,0.255067390739659
25692,LOF,0.35024536683947105,0.010186682549588896,0.6395679506109401
25693,LOF,0.04274244883473224,0.38527961384748877,0.571977937317779
25694,LOF,0.1198788641261475,0.01593938254987801,0.8641817533239745
25695,LOF,0.11797548481165375,0.013291797201123098,0.8687327179872232
25696,LOF,0.12580266753745661,0.009831146390834404,0.864366186071709
25697,LOF,0.08679127616477432,0.04083735880801,0.8723713650272157
25698,LOF,0.3548381879110157,0.15185147716003508,0.4933103349289494
25699,Neutral,0.511015568134617,0.04993046342462805,0.43905396844075484
25700,LOF,0.07792647204414631,0.009756656126407609,0.9123168718294462
25701,LOF,0.198729600666206,0.061010242364187985,0.7402601569696061
25702,GOF,0.15424485453354025,0.5709965238531878,0.27475862161327197
25703,LOF,0.015726275017512482,0.14486709214816182,0.8394066328343257
25704,LOF,0.03659630538205693,0.10536578621606801,0.8580379084018751
25705,LOF,0.05016529730106721,0.167939242971531,0.7818954597274017
25706,LOF,0.10106945980500481,0.41500068446058136,0.48392985573441394
25707,LOF,0.08792033556052559,0.3824664388985398,0.5296132255409346
25708,LOF,0.032837910181779194,0.3412314628993364,0.6259306269188845
25709,LOF,0.06462037990294411,0.04857754819059081,0.8868020719064651
25710,LOF,0.011212297637991427,0.17753373274683354,0.811253969615175
25711,LOF,0.01970208649549648,0.10144311863988141,0.878854794864622
25712,LOF,0.015199460250622042,0.20793061746064537,0.7768699222887326
25713,LOF,0.019102956995630513,0.09456192987683984,0.8863351131275298
25714,LOF,0.07434239640059505,0.09980930866501678,0.8258482949343882
25715,LOF,0.011300171248886843,0.16333202966667143,0.8253677990844418
25716,LOF,0.011188432534102849,0.12949484888151724,0.8593167185843799
25717,LOF,0.015509157500751788,0.0813180135477516,0.9031728289514965
25718,LOF,0.011197341257981325,0.1025825080262026,0.8862201507158162
25719,LOF,0.018085814207104405,0.09404753042300905,0.8878666553698865
25720,LOF,0.02391292533387227,0.07902402921329078,0.897063045452837
25721,LOF,0.013409567021139,0.12905932078359367,0.8575311121952672
25722,LOF,0.013713111325795993,0.14101511296610372,0.8452717757081003
25723,LOF,0.02316724872242362,0.05451851223805905,0.9223142390395174
25724,LOF,0.03150566093612989,0.09554217578643272,0.8729521632774374
25725,LOF,0.011652312039633626,0.0862056053689665,0.9021420825913998
25726,LOF,0.015398923795521505,0.1178728740458366,0.8667282021586419
25727,LOF,0.011869683476255386,0.08888747993318809,0.8992428365905565
25728,LOF,0.009923099651339999,0.12431436595002078,0.8657625343986391
25729,LOF,0.010222920109889174,0.12869336320382022,0.8610837166862906
25730,LOF,0.013276957692825483,0.10527055120681425,0.8814524911003602
25731,LOF,0.019624350569723305,0.11054949324045756,0.8698261561898191
25732,LOF,0.013196010393323332,0.08918272895556985,0.8976212606511067
25733,LOF,0.015125115470178339,0.0851551379658271,0.8997197465639946
25734,LOF,0.01064698825199606,0.12868962940700832,0.8606633823409956
25735,LOF,0.012031392443117161,0.09265995069777036,0.8953086568591125
25736,LOF,0.012973207412904966,0.11781746513772973,0.8692093274493652
25737,LOF,0.012576502748895966,0.09001116825914836,0.8974123289919557
25738,LOF,0.011828290099422106,0.1334693974137994,0.8547023124867785
25739,LOF,0.02022241967267585,0.09649883565097087,0.8832787446763534
25740,LOF,0.026197121294141368,0.13790334922459938,0.8358995294812592
25741,LOF,0.014854911151033275,0.14510217239212447,0.8400429164568423
25742,LOF,0.11606724351439118,0.09919186106586111,0.7847408954197477
25743,LOF,0.040515721966613495,0.03974259058468547,0.919741687448701
25744,Neutral,0.5421429150456628,0.24700233740215366,0.21085474755218347
25745,LOF,0.06809807005046938,0.0681385995702762,0.8637633303792545
25746,LOF,0.047331572921898254,0.08577929224156283,0.8668891348365388
25747,LOF,0.019766999106624515,0.06163097616184634,0.9186020247315292
25748,LOF,0.090604646072015,0.08666063485125458,0.8227347190767303
25749,LOF,0.027179245327233828,0.09220730376654594,0.8806134509062202
25750,LOF,0.07990991578853396,0.09076037385423977,0.8293297103572262
25751,LOF,0.08253264291852966,0.10908771279432347,0.8083796442871468
25752,GOF,0.10509047811187833,0.6484714513589059,0.24643807052921574
25753,LOF,0.01992629001421662,0.2801851368996014,0.699888573086182
25754,GOF,0.012585327969067622,0.805630050173154,0.18178462185777838
25755,LOF,0.023323265604862847,0.3769552788452756,0.5997214555498616
25756,LOF,0.04356036219279846,0.34977543381701126,0.6066642039901903
25757,GOF,0.01796231779647086,0.8416948656119213,0.14034281659160794
25758,GOF,0.026703836818042267,0.8258012804063729,0.14749488277558495
25759,GOF,0.010962954024178533,0.6077005912851897,0.38133645469063165
25760,LOF,0.013140521537449913,0.26225061825160295,0.7246088602109471
25761,GOF,0.28106986817878205,0.6280441930029581,0.09088593881825992
25762,LOF,0.04249224429884728,0.25175655993122914,0.7057511957699236
25763,LOF,0.012946745267388374,0.19597670146067986,0.7910765532719318
25764,GOF,0.07855152571303017,0.6311540703609269,0.2902944039260429
25765,GOF,0.03466100403776631,0.7460792129574729,0.21925978300476068
25766,GOF,0.06977699988438779,0.7578355948523958,0.1723874052632164
25767,GOF,0.16094507810811537,0.5677735739259228,0.27128134796596176
25768,LOF,0.11802281665911495,0.06554422616261443,0.8164329571782707
25769,LOF,0.05857839859668598,0.06920770773929306,0.8722138936640209
25770,LOF,0.3366611644803401,0.11350611224229643,0.5498327232773634
25771,LOF,0.047106258050969976,0.04988209655311129,0.9030116453959188
25772,LOF,0.01968692872724039,0.04659783951916845,0.9337152317535911
25773,LOF,0.04642067213532822,0.10082933894645857,0.8527499889182131
25774,LOF,0.02899563354477726,0.08293591784750909,0.8880684486077137
25775,LOF,0.052729709403390584,0.0473050737924106,0.8999652168041989
25776,LOF,0.0805367175175567,0.026497686962162627,0.8929655955202805
25777,LOF,0.360520679675498,0.05784288007669158,0.5816364402478105
25778,LOF,0.07496848314446142,0.050949276994585256,0.8740822398609533
25779,GOF,0.3699482296423375,0.5853790453493878,0.04467272500827471
25780,GOF,0.3480509965604362,0.5857450670936134,0.0662039363459503
25781,GOF,0.1306974218754756,0.7722067143267611,0.09709586379776326
25782,GOF,0.18702589309411966,0.7223235749369316,0.09065053196894873
25783,GOF,0.02158281804286631,0.6544113473765241,0.3240058345806096
25784,Neutral,0.48559617376163566,0.4704012339390138,0.04400259229935061
25785,GOF,0.47893749427716953,0.4835448810914495,0.03751762463138097
25786,GOF,0.03001043313116778,0.7328246644068812,0.23716490246195104
25787,Neutral,0.6313692098279426,0.34550683864773957,0.02312395152431774
25788,LOF,0.058165156016724014,0.1051863918509602,0.8366484521323158
25789,GOF,0.21308582677857488,0.6608570448810119,0.12605712834041313
25790,GOF,0.2156287199939448,0.6846733939246856,0.09969788608136955
25791,GOF,0.15395629707933495,0.6942987641083015,0.15174493881236356
25792,GOF,0.36017932950164205,0.5285992053987497,0.11122146509960813
25793,GOF,0.24133145275242887,0.5389419029884108,0.21972664425916025
25794,GOF,0.31864145224553203,0.5144971285273382,0.16686141922712971
25795,GOF,0.07919171537708776,0.6739219015644745,0.24688638305843785
25796,Neutral,0.5603984833420707,0.3648953089583194,0.07470620769960992
25797,GOF,0.09468223921922607,0.5332257407470388,0.37209202003373515
25798,GOF,0.009600500747608256,0.5035699923652732,0.48682950688711857
25799,LOF,0.007649112938576876,0.4342702813886635,0.5580806056727596
25800,GOF,0.036882589646605575,0.6037595457620882,0.3593578645913061
25801,GOF,0.22241474993491026,0.668591791897607,0.10899345816748288
25802,GOF,0.06485167832014832,0.6897783067685244,0.24537001491132723
25803,GOF,0.03800694736474802,0.5811211306315786,0.38087192200367354
25804,GOF,0.03539080831197039,0.5132048908275197,0.45140430086051
25805,GOF,0.10109681427135378,0.5816467673465013,0.31725641838214486
25806,GOF,0.12225467961598983,0.5993305354991314,0.27841478488487875
25807,GOF,0.019516913130416057,0.6194808785933644,0.36100220827621954
25808,GOF,0.08659698488636561,0.6228301052696268,0.2905729098440076
25809,GOF,0.022055757818285462,0.6233861180364757,0.3545581241452388
25810,GOF,0.02031775401975153,0.6337766840080002,0.34590556197224814
25811,Neutral,0.4718321825188455,0.45853797458362694,0.06962984289752759
25812,GOF,0.03194789406167597,0.641697338291734,0.32635476764659
25813,Neutral,0.51608478432786,0.38852533659193467,0.09538987908020538
25814,GOF,0.11454691659167411,0.6737574305467311,0.21169565286159472
25815,GOF,0.19640137311066375,0.6207157020350096,0.18288292485432675
25816,GOF,0.02081919285850077,0.6889883013509359,0.2901925057905633
25817,GOF,0.23580742597015245,0.6362890816937837,0.12790349233606385
25818,GOF,0.05361719541467737,0.6320756599685871,0.3143071446167357
25819,GOF,0.35780609240339734,0.49601274684555946,0.14618116075104318
25820,GOF,0.1647058688282799,0.6104157506791411,0.224878380492579
25821,GOF,0.05589946818904109,0.669282814834689,0.2748177169762699
25822,GOF,0.20127163721220534,0.5642554001758086,0.2344729626119861
25823,GOF,0.028969004616223298,0.5046036591413666,0.4664273362424102
25824,GOF,0.07741899055518503,0.5620619857348411,0.36051902370997385
25825,GOF,0.028954191791281978,0.5524336942047376,0.4186121140039803
25826,GOF,0.011117271092068321,0.5382252505451861,0.45065747836274556
25827,GOF,0.023208091528615398,0.588332309989724,0.3884595984816606
25828,GOF,0.013617666980483379,0.5083070034972178,0.4780753295222988
25829,GOF,0.0065173499204916495,0.5774313453950546,0.4160513046844537
25830,LOF,0.03342061827890226,0.29310965266133127,0.6734697290597664
25831,GOF,0.20409899423226735,0.667331100544079,0.12856990522365372
25832,GOF,0.03067610705079978,0.6957371131990132,0.27358677975018686
25833,GOF,0.12522926673136797,0.7109704023031982,0.1638003309654338
25834,GOF,0.040944845546019126,0.7102693028454974,0.24878585160848346
25835,GOF,0.09110206145997805,0.7369015816060696,0.17199635693395246
25836,GOF,0.04334048846903657,0.6986993114385641,0.25796020009239934
25837,GOF,0.02716103173495957,0.5480135158070085,0.42482545245803194
25838,GOF,0.09401557294445845,0.7309643728502284,0.17502005420531302
25839,GOF,0.3076772461028552,0.5441017415731165,0.14822101232402826
25840,GOF,0.2595302428514906,0.5925820682912852,0.14788768885722417
25841,GOF,0.26571665484965556,0.5887160076681185,0.145567337482226
25842,GOF,0.19612635044108964,0.671054813246034,0.1328188363128762
25843,GOF,0.25099951645816787,0.6525242472976185,0.09647623624421368
25844,GOF,0.06920013396074465,0.6921460667178911,0.23865379932136424
25845,GOF,0.01632859021794658,0.502800155972107,0.48087125380994633
25846,GOF,0.12662906879573543,0.7216638210176335,0.15170711018663105
25847,GOF,0.11493472120387373,0.7778511293534438,0.10721414944268248
25848,GOF,0.03583646023252302,0.6751170565854517,0.2890464831820253
25849,GOF,0.011721262835526372,0.5738488699273622,0.41442986723711145
25850,GOF,0.022605528290505158,0.6770384072760023,0.30035606443349255
25851,GOF,0.01787382669948802,0.5552427492506382,0.4268834240498738
25852,GOF,0.1709073885893625,0.5630263583112661,0.2660662530993714
25853,GOF,0.3688246147440164,0.5716445228710412,0.05953086238494244
25854,GOF,0.021469797453305482,0.6353786502199166,0.3431515523267779
25855,GOF,0.030361849403817462,0.5713961437207893,0.39824200687539324
25856,GOF,0.23455315411879607,0.5448372531957759,0.220609592685428
25857,GOF,0.03033960829429786,0.5012722851950259,0.46838810651067625
25858,GOF,0.01836900113768807,0.5375413800333168,0.44408961882899506
25859,GOF,0.01004449583022725,0.5203701625285624,0.4695853416412104
25860,GOF,0.37498019227565565,0.5419104474839498,0.08310936024039456
25861,GOF,0.41479563727423924,0.5048422941421782,0.08036206858358264
25862,GOF,0.09444751326335248,0.7689396428233778,0.13661284391326975
25863,GOF,0.0867642373445963,0.7782993218309503,0.13493644082445333
25864,GOF,0.18383823303514615,0.7268998661819678,0.08926190078288611
25865,GOF,0.07956886604144793,0.7977499723625902,0.12268116159596194
25866,GOF,0.059714196748154875,0.7945790415823891,0.145706761669456
25867,GOF,0.08076072240156229,0.8179830710942796,0.10125620650415808
25868,GOF,0.28482769187109763,0.6229123719399556,0.09225993618894668
25869,Neutral,0.6934984748264196,0.26985203268797375,0.036649492485606686
25870,GOF,0.3347900652415944,0.34450942773230625,0.3207005070260994
25871,GOF,0.20715258872958003,0.6330689193468251,0.1597784919235948
25872,GOF,0.08295128220732807,0.6556359232251755,0.2614127945674965
25873,GOF,0.13940977504790233,0.6531281534765427,0.20746207147555495
25874,LOF,0.018784731562261268,0.117597411439756,0.8636178569979828
25875,LOF,0.09529244107287434,0.03522164324810242,0.8694859156790233
25876,LOF,0.03483933819788128,0.03602869179142504,0.9291319700106937
25877,Neutral,0.5174431592155964,0.043686292249544095,0.4388705485348595
25878,LOF,0.24031654709735153,0.07410714941997497,0.6855763034826735
25879,LOF,0.08494349746003604,0.09098618272293398,0.82407031981703
25880,LOF,0.02303427029972603,0.01818992742925873,0.9587758022710152
25881,LOF,0.18130763973361483,0.09983683333562414,0.718855526930761
25882,LOF,0.07008210207664556,0.014261773062742482,0.915656124860612
25883,LOF,0.0859600571685441,0.016166388402249997,0.8978735544292058
25884,LOF,0.03642320621813601,0.028271383776167853,0.9353054100056962
25885,LOF,0.07206428203394964,0.010129443042674297,0.917806274923376
25886,LOF,0.2789285018540523,0.030657116258162156,0.6904143818877855
25887,LOF,0.15193960970824708,0.06065255448977038,0.7874078358019825
25888,LOF,0.06289879949465774,0.056426692885015374,0.8806745076203268
25889,LOF,0.04969695154841752,0.018103131627165536,0.9321999168244169
25890,LOF,0.057330346813488926,0.11855053168596058,0.8241191215005506
25891,LOF,0.04283361394235753,0.04629620853464365,0.9108701775229987
25892,LOF,0.09249775454912182,0.020678769307903386,0.8868234761429747
25893,LOF,0.23549381154938925,0.017456720665038738,0.747049467785572
25894,LOF,0.1870842353599647,0.01129441314932517,0.8016213514907101
25895,LOF,0.20755601157567982,0.02107632197748059,0.7713676664468396
25896,LOF,0.04863176564023782,0.026825940821274624,0.9245422935384876
25897,LOF,0.24589634095875781,0.012844520623602569,0.7412591384176397
25898,Neutral,0.7040770586343564,0.010325470312844759,0.2855974710527988
25899,LOF,0.23045381762214556,0.028355781308761093,0.7411904010690933
25900,LOF,0.4680306215200183,0.016712977822704894,0.5152564006572768
25901,LOF,0.05466627923288488,0.014765561984512118,0.930568158782603
25902,LOF,0.1525116274028103,0.01551320303866946,0.8319751695585202
25903,Neutral,0.503710254699848,0.03150853314665154,0.46478121215350054
25904,LOF,0.29398406209459166,0.061378796460602986,0.6446371414448052
25905,LOF,0.02355029161384086,0.32656532196536026,0.6498843864207988
25906,LOF,0.02515924293282439,0.06463878092424194,0.9102019761429336
25907,LOF,0.013998804850332213,0.3238793008430136,0.6621218943066542
25908,LOF,0.01122938049490858,0.22993267301596657,0.7588379464891248
25909,LOF,0.013558242254539747,0.12728655948321388,0.8591551982622464
25910,LOF,0.048658998384414676,0.131537665360592,0.8198033362549932
25911,LOF,0.16290774163242275,0.02944218649235417,0.8076500718752232
25912,LOF,0.03734076852637209,0.046868765569793844,0.9157904659038342
25913,LOF,0.3012949814905509,0.023636522739465135,0.675068495769984
25914,LOF,0.01905367280330029,0.10282277055610153,0.8781235566405982
25915,Neutral,0.45890334059913934,0.3111624690471707,0.22993419035368992
25916,LOF,0.062423415761358424,0.36272645711394236,0.5748501271246992
25917,LOF,0.0648233232859926,0.0696889705726005,0.8654877061414069
25918,LOF,0.026573635135674137,0.060096755998777604,0.9133296088655483
25919,LOF,0.02236196108458646,0.06351461417746364,0.9141234247379498
25920,GOF,0.0875102123249194,0.5376787068974092,0.3748110807776715
25921,LOF,0.02536513803380426,0.025646611750947255,0.9489882502152486
25922,LOF,0.034517936617729755,0.017345075460650086,0.94813698792162
25923,LOF,0.4218043363277329,0.01969150406116103,0.5585041596111061
25924,LOF,0.0362879540819579,0.03503353976374569,0.9286785061542965
25925,LOF,0.06914209586216523,0.02678363848119755,0.9040742656566373
25926,LOF,0.05265042405374908,0.021831325583072332,0.9255182503631786
25927,LOF,0.07024709900917796,0.0958061482971488,0.8339467526936731
25928,LOF,0.021035251894706432,0.035981533055751226,0.9429832150495424
25929,Neutral,0.5359146434603709,0.021814223914132593,0.4422711326254965
25930,LOF,0.058833325790397684,0.01801389299029167,0.9231527812193107
25931,LOF,0.028164056554191356,0.021593627285117132,0.9502423161606914
25932,LOF,0.02928661225324529,0.018300162210328742,0.9524132255364259
25933,LOF,0.04074466752412423,0.012340160055581846,0.946915172420294
25934,LOF,0.02677450455397887,0.014977936814332434,0.9582475586316888
25935,LOF,0.062044486475711445,0.03316255462345335,0.9047929589008353
25936,LOF,0.048905344968787526,0.01830168209152189,0.9327929729396905
25937,LOF,0.030303142228339772,0.02528076832782118,0.944416089443839
25938,LOF,0.06661134772652394,0.032061681224287764,0.9013269710491882
25939,LOF,0.04020973110835323,0.011160062339586543,0.9486302065520602
25940,LOF,0.036468801614726126,0.3907137567760437,0.5728174416092301
25941,LOF,0.1955620404017838,0.1016585700651831,0.7027793895330331
25942,LOF,0.016321847031726195,0.0335960382669864,0.9500821147012873
25943,LOF,0.30385459551167016,0.05696060261848376,0.639184801869846
25944,LOF,0.4740842764821641,0.025738269604703087,0.5001774539131327
25945,LOF,0.07012082326260899,0.025748430738007564,0.9041307459993834
25946,LOF,0.032512357309457646,0.12102979726277807,0.8464578454277643
25947,LOF,0.11104510723612243,0.22338559776872088,0.6655692949951566
25948,LOF,0.4246073084386641,0.010890546987819374,0.5645021445735164
25949,LOF,0.09911936463893195,0.040888222973134714,0.8599924123879333
25950,GOF,0.2280685304951138,0.43700992762387386,0.33492154188101225
25951,LOF,0.24974990141446826,0.2420879049316485,0.5081621936538833
25952,LOF,0.039088323518948365,0.4456529542736757,0.515258722207376
25953,LOF,0.13379609253357244,0.11855461128232382,0.7476492961841037
25954,Neutral,0.4104706002103948,0.1817251674335001,0.40780423235610513
25955,LOF,0.05849545127720537,0.08354877204309039,0.8579557766797042
25956,LOF,0.16981697101051924,0.11255393838785499,0.7176290906016257
25957,LOF,0.03718578387975153,0.03197030804593844,0.93084390807431
25958,LOF,0.06553926378354848,0.02509650321524842,0.9093642330012032
25959,LOF,0.07768267188055157,0.36227852523635773,0.5600388028830906
25960,LOF,0.019532922899348708,0.04749755614089956,0.9329695209597518
25961,LOF,0.05339578521210319,0.02689817824983752,0.9197060365380594
25962,LOF,0.05683755606655763,0.02823969560294341,0.914922748330499
25963,LOF,0.04590229908556236,0.16682486657843326,0.7872728343360044
25964,LOF,0.03878881498702322,0.14648060470443677,0.81473058030854
25965,LOF,0.4257307745731922,0.08766303799151125,0.48660618743529654
25966,Neutral,0.4547244792000597,0.095395008785693,0.4498805120142472
25967,LOF,0.012035182506307201,0.05916395049793506,0.9288008669957578
25968,GOF,0.028319119310597104,0.48750872681973195,0.4841721538696709
25969,LOF,0.021953955266166513,0.06283481830713557,0.9152112264266979
25970,LOF,0.060167523769418425,0.057858940578162085,0.8819735356524194
25971,LOF,0.08070860848635932,0.01536621863203561,0.9039251728816051
25972,LOF,0.0788733208787193,0.02008940547191815,0.9010372736493626
25973,LOF,0.08490215478715016,0.010205442510267082,0.9048924027025826
25974,LOF,0.2147729517941363,0.016446449721307963,0.7687805984845557
25975,LOF,0.05012159107058142,0.033369783418677024,0.9165086255107415
25976,LOF,0.04790975083428248,0.015378198507108963,0.9367120506586085
25977,LOF,0.15751287423236168,0.09225007733079756,0.7502370484368407
25978,LOF,0.14169683127825006,0.07120629409157106,0.7870968746301789
25979,LOF,0.12650772853484163,0.07666127970496325,0.7968309917601951
25980,LOF,0.21270144747629285,0.09185877941517673,0.6954397731085304
25981,LOF,0.24251598167495,0.08881920010910194,0.668664818215948
25982,LOF,0.3837634756651985,0.06414158226803351,0.552094942066768
25983,LOF,0.3696998877546536,0.07146609828296561,0.5588340139623807
25984,LOF,0.051980618731152235,0.04450224527259341,0.9035171359962544
25985,LOF,0.03019654405018564,0.22310267999713024,0.7467007759526842
25986,LOF,0.03796889277730895,0.2562232588602468,0.7058078483624441
25987,LOF,0.0779004424912302,0.06989164480849637,0.8522079127002734
25988,LOF,0.14536137069223035,0.047922851915427646,0.8067157773923419
25989,LOF,0.03261035153342402,0.09428916832371463,0.8731004801428612
25990,LOF,0.03935688236073742,0.11606106943235184,0.8445820482069109
25991,LOF,0.14826565574075343,0.2924898219512383,0.5592445223080084
25992,LOF,0.35890593358314155,0.15813301241823563,0.48296105399862294
25993,LOF,0.024557694579515878,0.0800578814288975,0.8953844239915866
25994,LOF,0.017874570925074777,0.11208607766473791,0.8700393514101874
25995,LOF,0.026706812376848358,0.1989295180516203,0.7743636695715314
25996,GOF,0.2941166414018461,0.44008380103490985,0.26579955756324397
25997,LOF,0.08375125694220348,0.45506461520696295,0.46118412785083357
25998,Neutral,0.5552077072191688,0.020769916876300875,0.4240223759045303
25999,LOF,0.11616224837778168,0.11626505852134762,0.7675726931008706
26000,LOF,0.18315150411693715,0.04559759608785681,0.7712508997952061
26001,LOF,0.20043604312063945,0.03949035529327422,0.7600736015860864
26002,LOF,0.1609708270778962,0.05068913426956148,0.7883400386525422
26003,GOF,0.011580240782790813,0.5516531763607542,0.4367665828564551
26004,GOF,0.021878469957335986,0.6064869909607026,0.3716345390819615
26005,LOF,0.008983781975333118,0.41107762279867494,0.5799385952259919
26006,Neutral,0.5376838633397331,0.20938143319205907,0.25293470346820784
26007,GOF,0.027261601138638337,0.5069014722251984,0.4658369266361632
26008,GOF,0.020334073933507446,0.5513541877739682,0.4283117382925242
26009,GOF,0.022473138843070676,0.6194309436644269,0.35809591749250236
26010,GOF,0.027915898731165165,0.5963608210996546,0.3757232801691802
26011,LOF,0.007978233274681688,0.40570071809339,0.5863210486319284
26012,GOF,0.016389876216190397,0.5458769852892738,0.43773313849453577
26013,GOF,0.02143155679418628,0.5851995565069321,0.39336888669888165
26014,LOF,0.04205862712721145,0.12577139708340548,0.8321699757893831
26015,LOF,0.21847137794942584,0.00942695217295054,0.7721016698776237
26016,LOF,0.214149536214013,0.04611042431832559,0.7397400394676613
26017,LOF,0.22621188229892275,0.07922249238907797,0.6945656253119994
26018,LOF,0.10225373781168298,0.030568051789906386,0.8671782103984106
26019,LOF,0.09632822432617859,0.02325603923269195,0.8804157364411295
26020,LOF,0.06762006960575048,0.09759858834313916,0.8347813420511103
26021,LOF,0.045001250713446066,0.11696210088767561,0.8380366483988784
26022,LOF,0.01061293499909224,0.038067300249248176,0.9513197647516596
26023,LOF,0.11452123660076453,0.020415523877884124,0.8650632395213513
26024,LOF,0.030251178173359566,0.11034329891730808,0.8594055229093324
26025,LOF,0.1635199039972197,0.10522468984993268,0.7312554061528477
26026,LOF,0.3297314314835128,0.03082957401722556,0.6394389944992616
26027,LOF,0.09091614235212593,0.014893465522325419,0.8941903921255486
26028,LOF,0.15085944204204735,0.0688683282212808,0.7802722297366719
26029,LOF,0.08919852051119292,0.19266523764888382,0.7181362418399233
26030,LOF,0.02898433051106545,0.06667852968070442,0.9043371398082302
26031,LOF,0.033511420833906284,0.13955115438329038,0.8269374247828034
26032,LOF,0.0725344631801393,0.07462033447449307,0.8528452023453676
26033,LOF,0.12725717065145548,0.09152594619803006,0.7812168831505145
26034,LOF,0.048854399590587225,0.14683908985670113,0.8043065105527116
26035,LOF,0.030511726066622297,0.138411662025287,0.8310766119080907
26036,LOF,0.04902869816037355,0.1715747511972247,0.7793965506424018
26037,LOF,0.025421020300336217,0.1145152967385322,0.8600636829611317
26038,LOF,0.06624848835477982,0.07818947617235336,0.8555620354728668
26039,LOF,0.061394201443511376,0.14289664219874643,0.7957091563577422
26040,LOF,0.21060519373707415,0.14078199697478005,0.6486128092881459
26041,LOF,0.02549695795820788,0.11206492503845575,0.8624381170033364
26042,LOF,0.025057454819733118,0.10396562796349045,0.8709769172167765
26043,LOF,0.06544791645742931,0.0932082655243822,0.8413438180181885
26044,LOF,0.022978795776004673,0.08175623308120446,0.8952649711427908
26045,LOF,0.07731369772466937,0.09937345766690421,0.8233128446084265
26046,LOF,0.06716553290492952,0.09176386219379451,0.841070604901276
26047,LOF,0.09411707553856827,0.0954318793145237,0.810451045146908
26048,LOF,0.05488326004529587,0.05199854693220401,0.8931181930225001
26049,Neutral,0.9602616809076545,0.008431561452886066,0.03130675763945927
26050,Neutral,0.9456238185293269,0.011216274967385724,0.04315990650328736
26051,LOF,0.05111757389219141,0.2800625999089425,0.668819826198866
26052,LOF,0.07191181578586199,0.30832386977244214,0.6197643144416959
26053,LOF,0.058070908688673234,0.12991408061833348,0.8120150106929933
26054,LOF,0.056229323363699374,0.01898260364429614,0.9247880729920046
26055,LOF,0.07550347867963429,0.01520109467599894,0.9092954266443667
26056,LOF,0.06328573393909773,0.016388806355047515,0.9203254597058548
26057,LOF,0.032529984220524444,0.012026333435335873,0.9554436823441396
26058,LOF,0.03395778766604075,0.009430353698744521,0.9566118586352147
26059,LOF,0.312380236346286,0.023927318681195797,0.6636924449725183
26060,LOF,0.029538282614606143,0.1918033121416105,0.7786584052437834
26061,LOF,0.01792149936010778,0.011774501093146829,0.9703039995467453
26062,LOF,0.011071868289810374,0.01952292857629014,0.9694052031338994
26063,LOF,0.0248004276821511,0.012005840682341472,0.9631937316355074
26064,LOF,0.022902974466502222,0.018408615083681953,0.9586884104498159
26065,LOF,0.02696297147461389,0.01124968013560924,0.9617873483897769
26066,LOF,0.02356844610353441,0.011073337392034055,0.9653582165044314
26067,LOF,0.03020550332717077,0.008820120470113225,0.960974376202716
26068,LOF,0.04890542841667708,0.030340556036030454,0.9207540155472924
26069,LOF,0.27949683632283867,0.0184725273717123,0.702030636305449
26070,LOF,0.3980418566259498,0.01552571304255909,0.5864324303314912
26071,LOF,0.02447182705891394,0.012522457477279448,0.9630057154638065
26072,LOF,0.024954678095900126,0.01575710854700681,0.9592882133570931
26073,LOF,0.027695499074760325,0.011136320723414375,0.9611681802018254
26074,Neutral,0.9146169659502875,0.005460567606653618,0.0799224664430589
26075,LOF,0.04459010730221114,0.015683361190916668,0.9397265315068722
26076,LOF,0.044311928234695444,0.009093812508379224,0.9465942592569252
26077,LOF,0.008880078667715126,0.01820215976428745,0.9729177615679974
26078,LOF,0.013288331164297397,0.011385095513656285,0.9753265733220463
26079,LOF,0.06174960768451784,0.017751483047062755,0.9204989092684195
26080,LOF,0.06026782612090311,0.01778328958361724,0.9219488842954796
26081,LOF,0.0415210584501972,0.006357907131013974,0.9521210344187888
26082,LOF,0.017509556603978037,0.014562313626584026,0.9679281297694379
26083,LOF,0.1400639380117458,0.012549989820646715,0.8473860721676075
26084,LOF,0.031122925862427604,0.011243485283568975,0.9576335888540034
26085,LOF,0.026337172190417233,0.010924230408851631,0.9627385974007311
26086,LOF,0.026380021472187126,0.011753484130525729,0.9618664943972871
26087,LOF,0.030013505687358097,0.007816630370170103,0.9621698639424718
26088,LOF,0.015577599726941118,0.02634484707386206,0.9580775531991967
26089,LOF,0.046528759217920636,0.023432251517841285,0.9300389892642381
26090,LOF,0.04531726334341293,0.018955722538440422,0.9357270141181466
26091,LOF,0.04318685868378887,0.006351361104040539,0.9504617802121706
26092,LOF,0.027850258534222024,0.007978589593032114,0.9641711518727459
26093,LOF,0.041978404013150866,0.006161311779073229,0.9518602842077759
26094,LOF,0.04892031705598644,0.0068560730400751505,0.9442236099039385
26095,LOF,0.04545205829839273,0.013409989849900222,0.941137951851707
26096,LOF,0.020109685262427388,0.01048603696327777,0.9694042777742947
26097,LOF,0.011602186901864788,0.03591129942675244,0.9524865136713828
26098,LOF,0.07254622073944327,0.011013977715932073,0.9164398015446246
26099,LOF,0.02609157179072316,0.012916936991193954,0.9609914912180828
26100,LOF,0.02806362807222686,0.012483061956258607,0.9594533099715146
26101,LOF,0.05927447126278128,0.011629516060080662,0.9290960126771379
26102,LOF,0.02751249254226245,0.014413994512040436,0.9580735129456971
26103,Neutral,0.8874637247797253,0.01818958458818651,0.09434669063208814
26104,LOF,0.08030561850521087,0.02717417006124663,0.8925202114335425
26105,LOF,0.18666440317322444,0.26914807899728527,0.5441875178294903
26106,LOF,0.19124799853373595,0.12981185957732355,0.6789401418889404
26107,LOF,0.25359754610940194,0.08139512051796319,0.6650073333726348
26108,LOF,0.23920592464529516,0.13801986031531824,0.6227742150393866
26109,LOF,0.1207117142650229,0.07627055467681942,0.8030177310581578
26110,LOF,0.2369269354354266,0.00625626957616903,0.7568167949884044
26111,Neutral,0.5105220310477425,0.014421648287326562,0.4750563206649309
26112,LOF,0.036265788358797915,0.006472837168426254,0.9572613744727757
26113,LOF,0.056082408328124056,0.013288499024980626,0.9306290926468952
26114,LOF,0.029076934962032668,0.02545288690164607,0.9454701781363214
26115,LOF,0.09739990410778315,0.04615072863188766,0.8564493672603292
26116,LOF,0.06856668729674172,0.048238363240060915,0.8831949494631973
26117,LOF,0.4576263466825766,0.046430858812862665,0.49594279450456075
26118,LOF,0.036521238102141265,0.025151240406422058,0.9383275214914367
26119,LOF,0.022845256855941982,0.03814565959804311,0.9390090835460149
26120,LOF,0.030777707034843553,0.026002204147845,0.9432200888173116
26121,LOF,0.04987953233935966,0.08270021404962923,0.8674202536110112
