feature0,prediction,LoGoFunc_Neutral,LoGoFunc_GOF,LoGoFunc_LOF
25546,Neutral,0.5783180939099454,0.10173753001001189,0.3199443760800428
25547,Neutral,0.4334841462523731,0.17475517924144077,0.39176067450618607
25548,LOF,0.32922631489518805,0.2046914742289476,0.4660822108758643
25549,LOF,0.3085236494810942,0.26606773326179567,0.42540861725711016
25550,LOF,0.280334799150367,0.14943908825836363,0.5702261125912693
25551,LOF,0.22436314203479624,0.21509482185613354,0.5605420361090702
25552,LOF,0.2412856137895525,0.14678446916095328,0.6119299170494942
25553,Neutral,0.7644549025100645,0.1102467358309947,0.12529836165894084
25554,LOF,0.24972479444374435,0.12759409097144533,0.6226811145848103
25555,LOF,0.2613987311285638,0.10220822747025017,0.636393041401186
25556,LOF,0.35460209633719153,0.09868842060742514,0.5467094830553834
25557,LOF,0.27162990358543976,0.10120179341925213,0.627168302995308
25558,LOF,0.2394168906117258,0.10416363062725054,0.6564194787610236
25559,LOF,0.33407032893590566,0.03287534068549651,0.6330543303785978
25560,LOF,0.07705275160564012,0.41170118240385317,0.5112460659905067
25561,LOF,0.08251575028923062,0.3501721481323559,0.5673121015784135
25562,LOF,0.039918819292259385,0.23039153021463188,0.7296896504931087
25563,LOF,0.028651398895212413,0.30033696601317467,0.6710116350916129
25564,LOF,0.0528901157836454,0.17518860741517583,0.7719212768011787
25565,LOF,0.20141223315786444,0.38779046397434785,0.41079730286778765
25566,GOF,0.12830119910750776,0.6988060813659778,0.17289271952651442
25567,LOF,0.028064556823651353,0.08538431802704557,0.886551125149303
25568,LOF,0.06572734523920536,0.10084610585848937,0.8334265489023053
25569,LOF,0.05033571758950257,0.09580833549171831,0.8538559469187792
25570,LOF,0.0528901157836454,0.17518860741517583,0.7719212768011787
25571,LOF,0.0528901157836454,0.17518860741517583,0.7719212768011787
25572,LOF,0.06902383708343952,0.11327713611930383,0.8176990267972567
25573,LOF,0.17653102487417496,0.3153270584962318,0.5081419166295932
25574,GOF,0.07984333926552646,0.8149730123028084,0.10518364843166535
25575,LOF,0.0528901157836454,0.17518860741517583,0.7719212768011787
25576,LOF,0.020501187112396,0.20567421405283157,0.7738245988347725
25577,LOF,0.025748413227007806,0.15353283713604068,0.8207187496369516
25578,LOF,0.09844933373153415,0.3467504089418392,0.5548002573266265
25579,LOF,0.08340189304244666,0.3305431172656096,0.5860549896919438
25580,LOF,0.0528901157836454,0.17518860741517583,0.7719212768011787
25581,LOF,0.060237102599955634,0.2047165677514314,0.735046329648613
25582,LOF,0.060237102599955634,0.2047165677514314,0.735046329648613
25583,LOF,0.0528901157836454,0.17518860741517583,0.7719212768011787
25584,Neutral,0.7689016134644465,0.08981775105523289,0.14128063548032058
25585,LOF,0.03582745461841094,0.1118262378795601,0.852346307502029
25586,LOF,0.0528901157836454,0.17518860741517583,0.7719212768011787
25587,LOF,0.0528901157836454,0.17518860741517583,0.7719212768011787
25588,LOF,0.0528901157836454,0.17518860741517583,0.7719212768011787
25589,GOF,0.4014875598012935,0.4313931170866812,0.16711932311202526
25590,LOF,0.055174022531229064,0.21998768250162284,0.724838294967148
25591,LOF,0.06351849254979952,0.09764147637629396,0.8388400310739065
25592,GOF,0.21662563954270062,0.48641718402974476,0.29695717642755465
25593,GOF,0.08558396368068558,0.6551851488538954,0.259230887465419
25594,LOF,0.06293410163976774,0.10424397060243545,0.8328219277577967
25595,LOF,0.08700525002346048,0.08266272502302822,0.8303320249535112
25596,LOF,0.16124740250535613,0.024651276590236443,0.8141013209044073
25597,LOF,0.11398889687276334,0.08470232674992648,0.8013087763773101
25598,LOF,0.04823424314305969,0.13007737423782173,0.8216883826191185
25599,GOF,0.014009874298250572,0.7063386881815406,0.2796514375202088
25600,GOF,0.09376909573456636,0.7558329218128638,0.15039798245256988
25601,GOF,0.026694999527140547,0.5427379273972643,0.4305670730755952
25602,LOF,0.0729996846741649,0.08346670416203236,0.8435336111638029
25603,LOF,0.0528901157836454,0.17518860741517583,0.7719212768011787
25604,LOF,0.07891084353158807,0.27421536649637185,0.6468737899720401
25605,LOF,0.2129656972961492,0.3074443894905178,0.47958991321333294
25606,Neutral,0.6494840503677227,0.09660037264602286,0.25391557698625444
25607,LOF,0.050198843998731674,0.19608145662815643,0.7537196993731118
25608,LOF,0.048223739349650276,0.14473667897017237,0.8070395816801773
25609,GOF,0.1023764183535742,0.7299092779382232,0.1677143037082026
25610,LOF,0.0528901157836454,0.17518860741517583,0.7719212768011787
25611,LOF,0.0528901157836454,0.17518860741517583,0.7719212768011787
25612,LOF,0.06831669365876594,0.06984082786086825,0.8618424784803658
25613,LOF,0.08638337576198692,0.0750629136001191,0.8385537106378941
25614,LOF,0.0528901157836454,0.17518860741517583,0.7719212768011787
25615,LOF,0.0700504949368682,0.13441298768804336,0.7955365173750885
25616,LOF,0.0528901157836454,0.17518860741517583,0.7719212768011787
25617,LOF,0.0528901157836454,0.17518860741517583,0.7719212768011787
25618,GOF,0.11235921146426442,0.45658358212491823,0.43105720641081724
25619,LOF,0.0528901157836454,0.17518860741517583,0.7719212768011787
25620,LOF,0.0528901157836454,0.17518860741517583,0.7719212768011787
25621,LOF,0.08442823688615393,0.10094591777635675,0.8146258453374893
25622,LOF,0.08269391709974051,0.10275467820714475,0.8145514046931148
25623,LOF,0.09876876423667762,0.05325888697576752,0.8479723487875548
25624,LOF,0.0528901157836454,0.17518860741517583,0.7719212768011787
25625,LOF,0.09496686645828503,0.05412415964102072,0.8509089739006942
25626,LOF,0.058359869897977444,0.08460126128808512,0.8570388688139373
25627,Neutral,0.7079559193235708,0.20177504070814228,0.09026903996828693
25628,LOF,0.08144927531613458,0.40577851648469926,0.5127722081991662
25629,LOF,0.04023634121498548,0.2457566293261226,0.7140070294588919
25630,Neutral,0.36086108714927895,0.3355604032905248,0.3035785095601962
25631,GOF,0.2180738087579168,0.4499326420518416,0.3319935491902416
25632,LOF,0.023028465040442484,0.11413003125016827,0.8628415037093893
25633,LOF,0.0528901157836454,0.17518860741517583,0.7719212768011787
25634,LOF,0.06580933637318075,0.10609466889485324,0.8280959947319662
25635,LOF,0.0528901157836454,0.17518860741517583,0.7719212768011787
25636,GOF,0.03364181259728225,0.6372035081605707,0.3291546792421469
25637,GOF,0.04085269278004247,0.6033881844662115,0.3557591227537461
25638,GOF,0.016252562714219744,0.6057112909307201,0.3780361463550602
25639,GOF,0.044714595285433756,0.6318847089691834,0.32340069574538305
25640,Neutral,0.778556985375851,0.12251805731005795,0.09892495731409098
25641,GOF,0.07492133999104647,0.7556820914449577,0.16939656856399588
25642,LOF,0.053411531101867075,0.4537509410169407,0.4928375278811922
25643,LOF,0.29941199880048547,0.16268208550444818,0.5379059156950663
25644,GOF,0.01662517744509663,0.5367321945244228,0.4466426280304805
25645,GOF,0.01211862484996369,0.6236499234249276,0.3642314517251085
25646,GOF,0.02271963804528539,0.6509289348292101,0.3263514271255044
25647,LOF,0.01326346807106137,0.4821919739034911,0.5045445580254475
25648,LOF,0.014242790642869502,0.4290023815046008,0.5567548278525296
25649,LOF,0.01486936546322233,0.28995804441898804,0.6951725901177896
25650,GOF,0.02750547863830096,0.5524002515172327,0.4200942698444664
25651,LOF,0.01817904183118586,0.4236470394442022,0.558173918724612
25652,LOF,0.016387856749050887,0.36109476514213235,0.6225173781088167
25653,LOF,0.06289574328872809,0.38904121886924375,0.5480630378420281
25654,LOF,0.013843920902621976,0.35630633724145916,0.6298497418559188
25655,GOF,0.03952982362105529,0.6190921374367299,0.34137803894221486
25656,LOF,0.1617055699322086,0.2608691213077937,0.5774253087599976
25657,LOF,0.0597039672318894,0.0842065295865527,0.8560895031815579
25658,LOF,0.0743102881579254,0.4504599929644173,0.47522971887765725
25659,GOF,0.23713847533305063,0.5987537404067044,0.16410778426024486
25660,LOF,0.0528901157836454,0.17518860741517583,0.7719212768011787
25661,LOF,0.0528901157836454,0.17518860741517583,0.7719212768011787
25662,LOF,0.0528901157836454,0.17518860741517583,0.7719212768011787
25663,LOF,0.0528901157836454,0.17518860741517583,0.7719212768011787
25664,LOF,0.07800532562246427,0.2039786285076161,0.7180160458699195
25665,LOF,0.06458945363115177,0.17567153238089578,0.7597390139879525
25666,LOF,0.08568053760218498,0.1455909441411328,0.7687285182566823
25667,LOF,0.0528901157836454,0.17518860741517583,0.7719212768011787
25668,LOF,0.0528901157836454,0.17518860741517583,0.7719212768011787
25669,LOF,0.0528901157836454,0.17518860741517583,0.7719212768011787
25670,LOF,0.09288843283287569,0.10101350176955182,0.8060980653975726
25671,LOF,0.0528901157836454,0.17518860741517583,0.7719212768011787
25672,LOF,0.04260132735057288,0.10248686987423189,0.8549118027751952
25673,LOF,0.06896586905875662,0.1361990994021236,0.7948350315391199
25674,LOF,0.05506452462387247,0.15639480559793512,0.7885406697781924
25675,LOF,0.07242960651566356,0.11525494199893843,0.8123154514853981
25676,LOF,0.0528901157836454,0.17518860741517583,0.7719212768011787
25677,LOF,0.0528901157836454,0.17518860741517583,0.7719212768011787
25678,LOF,0.07579596194057453,0.07997102216975324,0.8442330158896721
25679,LOF,0.1120139011674647,0.08604267298220114,0.8019434258503342
25680,LOF,0.0528901157836454,0.17518860741517583,0.7719212768011787
25681,LOF,0.0528901157836454,0.17518860741517583,0.7719212768011787
25682,LOF,0.0528901157836454,0.17518860741517583,0.7719212768011787
25683,LOF,0.08465910958807236,0.06632165323337427,0.8490192371785533
25684,LOF,0.0528901157836454,0.17518860741517583,0.7719212768011787
25685,LOF,0.04240885990546144,0.22015144529708122,0.7374396947974573
25686,LOF,0.024442971269297044,0.3475878406856822,0.6279691880450207
25687,GOF,0.027566363685017175,0.6696478639258974,0.3027857723890854
25688,GOF,0.23443886722635768,0.39495857758306946,0.3706025551905728
25689,LOF,0.08906988827031563,0.39867662893410083,0.5122534827955835
25690,LOF,0.12921713238256052,0.3603020572709236,0.5104808103465158
25691,Neutral,0.6397967674635068,0.19941281020475887,0.16079042233173438
25692,LOF,0.14310885531581796,0.05948777058999108,0.7974033740941909
25693,GOF,0.08547781129648456,0.6124583331112481,0.30206385559226734
25694,LOF,0.20283369821297412,0.033680673661975795,0.76348562812505
25695,LOF,0.1554565020261173,0.05265556993268647,0.7918879280411961
25696,LOF,0.14415496049341478,0.04700080989029286,0.8088442296162923
25697,LOF,0.06648582317484832,0.2840798579507345,0.6494343188744173
25698,LOF,0.08050212606043648,0.24933373387154295,0.6701641400680205
25699,GOF,0.06299025561765141,0.5035332917676498,0.4334764526146988
25700,LOF,0.0528901157836454,0.17518860741517583,0.7719212768011787
25701,GOF,0.06773250293803912,0.6825588501997457,0.24970864686221533
25702,GOF,0.21625218080401035,0.565439205088877,0.2183086141071127
25703,LOF,0.02811053909308778,0.11296887413693643,0.8589205867699757
25704,LOF,0.0528901157836454,0.17518860741517583,0.7719212768011787
25705,LOF,0.0528901157836454,0.17518860741517583,0.7719212768011787
25706,GOF,0.10468832834537255,0.7114302485645004,0.18388142309012687
25707,GOF,0.10901891558156931,0.6823270384032513,0.20865404601517928
25708,GOF,0.035830663295931604,0.5307384815204614,0.4334308551836069
25709,LOF,0.0528901157836454,0.17518860741517583,0.7719212768011787
25710,LOF,0.02430690257405002,0.21822070721946518,0.7574723902064848
25711,LOF,0.0528901157836454,0.17518860741517583,0.7719212768011787
25712,LOF,0.03016127917081326,0.23429723489437262,0.735541485934814
25713,LOF,0.0528901157836454,0.17518860741517583,0.7719212768011787
25714,LOF,0.0528901157836454,0.17518860741517583,0.7719212768011787
25715,LOF,0.0528901157836454,0.17518860741517583,0.7719212768011787
25716,LOF,0.021659015363919513,0.11332481910747384,0.8650161655286067
25717,LOF,0.018181333430290412,0.31971711443976414,0.6621015521299454
25718,LOF,0.0528901157836454,0.17518860741517583,0.7719212768011787
25719,LOF,0.0528901157836454,0.17518860741517583,0.7719212768011787
25720,LOF,0.0528901157836454,0.17518860741517583,0.7719212768011787
25721,LOF,0.0528901157836454,0.17518860741517583,0.7719212768011787
25722,LOF,0.0528901157836454,0.17518860741517583,0.7719212768011787
25723,LOF,0.0528901157836454,0.17518860741517583,0.7719212768011787
25724,LOF,0.1617055699322086,0.2608691213077937,0.5774253087599976
25725,LOF,0.0528901157836454,0.17518860741517583,0.7719212768011787
25726,LOF,0.0528901157836454,0.17518860741517583,0.7719212768011787
25727,LOF,0.0528901157836454,0.17518860741517583,0.7719212768011787
25728,LOF,0.0528901157836454,0.17518860741517583,0.7719212768011787
25729,LOF,0.0528901157836454,0.17518860741517583,0.7719212768011787
25730,LOF,0.0528901157836454,0.17518860741517583,0.7719212768011787
25731,LOF,0.023391437535358894,0.30286870148883455,0.6737398609758066
25732,LOF,0.0528901157836454,0.17518860741517583,0.7719212768011787
25733,LOF,0.0528901157836454,0.17518860741517583,0.7719212768011787
25734,LOF,0.03205286182830952,0.1716142960401214,0.7963328421315691
25735,LOF,0.0528901157836454,0.17518860741517583,0.7719212768011787
25736,LOF,0.0528901157836454,0.17518860741517583,0.7719212768011787
25737,LOF,0.0528901157836454,0.17518860741517583,0.7719212768011787
25738,LOF,0.0528901157836454,0.17518860741517583,0.7719212768011787
25739,LOF,0.0528901157836454,0.17518860741517583,0.7719212768011787
25740,LOF,0.0528901157836454,0.17518860741517583,0.7719212768011787
25741,LOF,0.0528901157836454,0.17518860741517583,0.7719212768011787
25742,LOF,0.0528901157836454,0.17518860741517583,0.7719212768011787
25743,LOF,0.023540692586620206,0.14469614210303977,0.8317631653103401
25744,GOF,0.2036182828737685,0.617248183052326,0.1791335340739056
25745,GOF,0.019026857232303004,0.6248711984844642,0.35610194428323283
25746,GOF,0.016341886939532355,0.5571440449397436,0.4265140681207242
25747,LOF,0.0528901157836454,0.17518860741517583,0.7719212768011787
25748,LOF,0.08340189304244666,0.3305431172656096,0.5860549896919438
25749,GOF,0.02078405021376921,0.6178803924642672,0.36133555732196354
25750,GOF,0.016505029736467697,0.6057503963069625,0.37774457395656985
25751,LOF,0.0528901157836454,0.17518860741517583,0.7719212768011787
25752,GOF,0.0606245016534297,0.4939130085050613,0.4454624898415088
25753,LOF,0.0203168689021745,0.1879983725522565,0.791684758545569
25754,GOF,0.022961142961549014,0.6625914961238055,0.3144473609146455
25755,LOF,0.029014332450375737,0.16555699004814758,0.8054286775014767
25756,LOF,0.040457106436228525,0.2867319436261229,0.6728109499376485
25757,GOF,0.017782138534990596,0.7022544276777315,0.279963433787278
25758,GOF,0.023818498513815976,0.7619651830975809,0.21421631838860308
25759,LOF,0.020685704598229465,0.46884465140789633,0.5104696439938742
25760,LOF,0.02885451061680157,0.16929604425842415,0.8018494451247743
25761,GOF,0.316283399747798,0.5310854144322397,0.1526311858199623
25762,LOF,0.054081654402859676,0.15734560967441263,0.7885727359227277
25763,LOF,0.016850210189505697,0.20870773882664204,0.7744420509838523
25764,GOF,0.04380699719595635,0.8345425546980573,0.1216504481059863
25765,GOF,0.01983172439562957,0.5763366275761945,0.4038316480281759
25766,GOF,0.06328130892787633,0.6503898373624739,0.28632885370964983
25767,GOF,0.11679873664543468,0.6058899822792726,0.2773112810752926
25768,LOF,0.0528901157836454,0.17518860741517583,0.7719212768011787
25769,LOF,0.0528901157836454,0.17518860741517583,0.7719212768011787
25770,Neutral,0.6134759487110852,0.07585554305141784,0.31066850823749703
25771,LOF,0.07276394677878929,0.08492059032804594,0.8423154628931647
25772,LOF,0.0528901157836454,0.17518860741517583,0.7719212768011787
25773,LOF,0.07843270942739722,0.13518198006580126,0.7863853105068015
25774,LOF,0.04308875402263808,0.10838539679333971,0.8485258491840223
25775,LOF,0.06571885163926156,0.26836456688652066,0.6659165814742178
25776,LOF,0.0528901157836454,0.17518860741517583,0.7719212768011787
25777,LOF,0.24450654516907072,0.08637584066550981,0.6691176141654195
25778,LOF,0.0528901157836454,0.17518860741517583,0.7719212768011787
25779,Neutral,0.4425980552923493,0.22988089607089274,0.3275210486367579
25780,Neutral,0.6656369399784045,0.1384863455014821,0.19587671452011354
25781,GOF,0.3462115322925479,0.4454055217898015,0.20838294591765075
25782,GOF,0.21161913685069028,0.4754591533715155,0.3129217097777942
25783,GOF,0.07842493947199825,0.6979309474914879,0.22364411303651377
25784,Neutral,0.5388082391655811,0.35442495851405176,0.10676680232036714
25785,Neutral,0.5190066558912734,0.31899775998389046,0.16199558412483614
25786,GOF,0.06884659744804061,0.6209145593048584,0.31023884324710105
25787,Neutral,0.7359741303790283,0.17401879190900651,0.09000707771196523
25788,LOF,0.0528901157836454,0.17518860741517583,0.7719212768011787
25789,GOF,0.20153178468000646,0.5503450007502516,0.24812321456974185
25790,LOF,0.2286179886033931,0.3208826457335195,0.4504993656630875
25791,GOF,0.12321799178225573,0.5806136089689,0.2961683992488442
25792,GOF,0.1942692511781466,0.5464570623557726,0.2592736864660808
25793,Neutral,0.5541839751173343,0.21969330786832075,0.22612271701434486
25794,GOF,0.3665001988875302,0.46830055715160795,0.16519924396086194
25795,GOF,0.05465374701369209,0.8175598304935419,0.1277864224927661
25796,Neutral,0.499494290424592,0.16562770015527822,0.33487800942012996
25797,GOF,0.18104447811533297,0.5479386575958404,0.2710168642888267
25798,GOF,0.028750770011832988,0.749576648329626,0.22167258165854098
25799,GOF,0.03184456366670377,0.5449365553087434,0.4232188810245528
25800,GOF,0.06945421856090817,0.7497522934253759,0.180793488013716
25801,GOF,0.23394170033190534,0.5022913847493425,0.26376691491875215
25802,GOF,0.29465897443021677,0.4623993030644222,0.24294172250536117
25803,GOF,0.25342743081790337,0.4588299239321907,0.287742645249906
25804,GOF,0.1097504612254597,0.6545156078010327,0.2357339309735076
25805,GOF,0.13685884414064753,0.7485630288700699,0.11457812698928253
25806,GOF,0.2569219353098135,0.538260610551122,0.20481745413906446
25807,GOF,0.046589192227437695,0.6583033929880013,0.295107414784561
25808,GOF,0.12344180290537764,0.7414382768004807,0.13511992029414158
25809,GOF,0.05589241647693665,0.6340264123845845,0.3100811711384789
25810,GOF,0.05805737527618596,0.6601032969073672,0.28183932781644677
25811,Neutral,0.42900374199814134,0.4194907540650832,0.15150550393677553
25812,GOF,0.1728103935580598,0.635459950755049,0.1917296556868912
25813,Neutral,0.5264014094093751,0.2673585484838844,0.20624004210674032
25814,GOF,0.1447402718211774,0.6569859369468793,0.19827379123194325
25815,GOF,0.27485591026684264,0.48876524978977537,0.23637883994338207
25816,GOF,0.08180542681683697,0.7047900693182545,0.21340450386490858
25817,GOF,0.20457513914090533,0.5944445405269,0.2009803203321946
25818,GOF,0.1060260053591297,0.6795907151261665,0.21438327951470382
25819,Neutral,0.39425098131274616,0.28001674647904823,0.3257322722082058
25820,GOF,0.2420770470644674,0.5205357497300294,0.23738720320550324
25821,GOF,0.08526245164315015,0.7158899272691531,0.1988476210876968
25822,Neutral,0.4275902762242137,0.3325090890550061,0.2399006347207803
25823,GOF,0.0868920775477374,0.7819873872110777,0.1311205352411849
25824,LOF,0.12390300610846106,0.40289957653305364,0.47319741735848525
25825,GOF,0.05970582396682346,0.5209259787110595,0.4193681973221169
25826,GOF,0.021903946075620073,0.6662543650269132,0.3118416888974668
25827,GOF,0.03115715307616305,0.7334687798618782,0.23537406706195887
25828,GOF,0.02744870513666575,0.6656314156124086,0.3069198792509256
25829,GOF,0.02045962636358875,0.593558563330177,0.38598181030623424
25830,GOF,0.11235921146426442,0.45658358212491823,0.43105720641081724
25831,GOF,0.1660666232502901,0.6966518880477269,0.13728148870198287
25832,GOF,0.08586225997785887,0.5651746779150463,0.3489630621070949
25833,GOF,0.22809925170492612,0.4856689970693332,0.28623175122574074
25834,GOF,0.09217081972072438,0.5880544796116057,0.3197747006676699
25835,GOF,0.2533342177198028,0.4573971757074722,0.2892686065727251
25836,GOF,0.08876659359531767,0.613927651048594,0.2973057553560884
25837,GOF,0.05355419726971005,0.674950225372495,0.27149557735779495
25838,GOF,0.3111962921368671,0.5153616252221923,0.17344208264094046
25839,GOF,0.30280648515225944,0.5048352156038255,0.1923582992439151
25840,GOF,0.1793531018417451,0.5974933835804225,0.22315351457783245
25841,GOF,0.2544509818953761,0.5458433356964035,0.19970568240822031
25842,GOF,0.16090343513277328,0.5916794938076783,0.2474170710595485
25843,GOF,0.32773161063869216,0.34077547695146043,0.33149291240984735
25844,GOF,0.18487895958521572,0.5198948406443799,0.2952261997704046
25845,GOF,0.029701103944338347,0.567297952352605,0.40300094370305667
25846,GOF,0.13112841068505596,0.6903922836455398,0.17847930566940418
25847,GOF,0.09592928334279273,0.7125981061231778,0.19147261053402959
25848,GOF,0.09642326124110184,0.7429233018681108,0.16065343689078737
25849,GOF,0.027638100585538273,0.738622855710207,0.23373904370425477
25850,GOF,0.0454755358043248,0.6370919580182703,0.3174325061774048
25851,GOF,0.029600256570946337,0.7208354813998747,0.2495642620291788
25852,GOF,0.2174253712038488,0.53811926330553,0.24445536549062136
25853,GOF,0.3931122859343587,0.4761343482635326,0.1307533658021088
25854,GOF,0.018843335233821455,0.645016998744659,0.3361396660215196
25855,LOF,0.09401090555476692,0.42694199654301207,0.47904709790222105
25856,Neutral,0.5150978434692205,0.15386017197491209,0.3310419845558675
25857,GOF,0.1006075634031438,0.674053236177393,0.2253392004194632
25858,GOF,0.03882474015191691,0.8113949536475834,0.14978030620049973
25859,GOF,0.023836275802326633,0.7406994464423509,0.2354642777553225
25860,Neutral,0.5393907540220751,0.25261553991136687,0.20799370606655793
25861,GOF,0.374709339464779,0.4390511837076676,0.1862394768275532
25862,GOF,0.23078929821559394,0.5548078085094551,0.21440289327495107
25863,GOF,0.28084798763882135,0.43613428183258907,0.2830177305285894
25864,GOF,0.22368624896799524,0.43820428973063685,0.33810946130136793
25865,GOF,0.11753694452715445,0.7323551407336074,0.15010791473923824
25866,GOF,0.1919649784646574,0.5967845191557342,0.2112505023796084
25867,GOF,0.27101247371959336,0.5274519068408512,0.2015356194395554
25868,GOF,0.345985959142896,0.47800927727534165,0.17600476358176223
25869,Neutral,0.767078016717182,0.17172606639640992,0.06119591688640811
25870,GOF,0.21662563954270062,0.48641718402974476,0.29695717642755465
25871,GOF,0.08519431383373079,0.594730342778978,0.32007534338729127
25872,GOF,0.21660651379240514,0.4993860113666476,0.28400747484094735
25873,GOF,0.2191117083671787,0.5431091698670538,0.23777912176576751
25874,LOF,0.0528901157836454,0.17518860741517583,0.7719212768011787
25875,GOF,0.07144254130146106,0.6687546212335829,0.2598028374649562
25876,LOF,0.026370997635586896,0.3615079178098347,0.6121210845545785
25877,GOF,0.4280738896183027,0.44724258322018867,0.12468352716150857
25878,GOF,0.1433820752598912,0.671657978393821,0.18495994634628776
25879,GOF,0.060659546103294555,0.7756868329101868,0.1636536209865185
25880,LOF,0.0528901157836454,0.17518860741517583,0.7719212768011787
25881,GOF,0.3416396764859243,0.464352890139151,0.19400743337492463
25882,LOF,0.071601824509221,0.18361248450849596,0.7447856909822831
25883,LOF,0.0528901157836454,0.17518860741517583,0.7719212768011787
25884,LOF,0.06608591255688363,0.17681324427402786,0.7571008431690884
25885,LOF,0.060994064056872875,0.13899554498034392,0.8000103909627833
25886,LOF,0.08340189304244666,0.3305431172656096,0.5860549896919438
25887,GOF,0.16104666506959492,0.5632072646070331,0.27574607032337206
25888,LOF,0.21648818158698127,0.3087756219864448,0.4747361964265739
25889,LOF,0.09159987278050913,0.08437270738212706,0.8240274198373637
25890,LOF,0.08261062910900957,0.1530730495065701,0.7643163213844203
25891,LOF,0.046542143866293566,0.13521662226646936,0.8182412338672371
25892,LOF,0.0564789152094031,0.21426913110629653,0.7292519536843003
25893,LOF,0.09376488381621563,0.3775679660462837,0.5286671501375007
25894,LOF,0.055884790451068575,0.229643735797096,0.7144714737518355
25895,LOF,0.07013120187047783,0.211557974318142,0.7183108238113801
25896,LOF,0.0614665451624181,0.2494957602889816,0.6890376945486003
25897,LOF,0.13298616362851687,0.30261497246777913,0.564398863903704
25898,Neutral,0.39579871841678055,0.23415994575514285,0.37004133582807663
25899,LOF,0.09844933373153415,0.3467504089418392,0.5548002573266265
25900,Neutral,0.9198162605041484,0.013952744754414274,0.06623099474143734
25901,LOF,0.0528901157836454,0.17518860741517583,0.7719212768011787
25902,LOF,0.08194358783646048,0.15870435555765386,0.7593520566058858
25903,GOF,0.18500767208464233,0.4842433514161943,0.33074897649916324
25904,LOF,0.1789289431467413,0.3180813716281724,0.5029896852250862
25905,GOF,0.03558848168650056,0.6828751410929387,0.28153637722056074
25906,LOF,0.02312948195924148,0.11152492405605012,0.8653455939847083
25907,LOF,0.016502279320864774,0.48622061765442637,0.49727710302470896
25908,GOF,0.018541776506151082,0.49499129245364343,0.4864669310402055
25909,LOF,0.0528901157836454,0.17518860741517583,0.7719212768011787
25910,LOF,0.029013577715564152,0.324191221947651,0.646795200336785
25911,LOF,0.06206409669375258,0.1873772457962157,0.7505586575100318
25912,LOF,0.022724646738682963,0.303838217094873,0.6734371361664441
25913,LOF,0.0824187585190522,0.3019686559322926,0.6156125855486552
25914,LOF,0.0528901157836454,0.17518860741517583,0.7719212768011787
25915,GOF,0.3982328515693242,0.46219452555888274,0.13957262287179314
25916,GOF,0.04433964752075871,0.5566018178777978,0.3990585346014433
25917,LOF,0.04318941618139008,0.09675019023023632,0.8600603935883735
25918,LOF,0.0528901157836454,0.17518860741517583,0.7719212768011787
25919,LOF,0.0528901157836454,0.17518860741517583,0.7719212768011787
25920,GOF,0.07770159998383812,0.6882902972026652,0.23400810281349654
25921,LOF,0.036751530495286844,0.28154704720524176,0.6817014222994714
25922,LOF,0.03292825928641362,0.31278611748270685,0.6542856232308796
25923,LOF,0.08718828197380657,0.3286683922843056,0.5841433257418878
25924,LOF,0.04010929553596004,0.1253941139317513,0.8344965905322888
25925,LOF,0.04492863806655924,0.17504452984729266,0.7800268320861481
25926,LOF,0.04260132735057288,0.10248686987423189,0.8549118027751952
25927,GOF,0.037255637487941265,0.5986178247717096,0.36412653774034925
25928,LOF,0.023478381949733767,0.1362603252315538,0.8402612928187124
25929,LOF,0.28004484191655465,0.2907136901005352,0.4292414679829102
25930,LOF,0.0528901157836454,0.17518860741517583,0.7719212768011787
25931,LOF,0.02546224002281853,0.1244876910404797,0.8500500689367018
25932,LOF,0.0528901157836454,0.17518860741517583,0.7719212768011787
25933,LOF,0.0528901157836454,0.17518860741517583,0.7719212768011787
25934,LOF,0.0528901157836454,0.17518860741517583,0.7719212768011787
25935,LOF,0.04357851347066924,0.09724146688642732,0.8591800196429035
25936,LOF,0.0528901157836454,0.17518860741517583,0.7719212768011787
25937,LOF,0.03336324413841987,0.14007762906537477,0.8265591267962054
25938,LOF,0.05931554176802831,0.10614142333092044,0.8345430349010513
25939,LOF,0.0528901157836454,0.17518860741517583,0.7719212768011787
25940,LOF,0.02189696425602754,0.30638485473587884,0.6717181810080937
25941,GOF,0.09590912530334292,0.5989924475635421,0.3050984271331149
25942,LOF,0.029154842785475615,0.11877063639419422,0.8520745208203301
25943,GOF,0.21680248573078212,0.4843777724866874,0.29881974178253046
25944,Neutral,0.37694340533045195,0.3549599119761082,0.26809668269343995
25945,GOF,0.11235921146426442,0.45658358212491823,0.43105720641081724
25946,LOF,0.023935375075598724,0.11043913398627606,0.8656254909381254
25947,GOF,0.055012732849178896,0.5254577899877357,0.4195294771630854
25948,LOF,0.39357001585614093,0.03619970480714671,0.5702302793367123
25949,LOF,0.07249110500842154,0.14319634721010305,0.7843125477814753
25950,GOF,0.2223775336356291,0.4341114020841672,0.3435110642802038
25951,LOF,0.19342695156576117,0.26877103374498845,0.5378020146892504
25952,LOF,0.035595384378799846,0.40669127869359123,0.5577133369276088
25953,GOF,0.08259804851854957,0.5684796134700051,0.3489223380114454
25954,GOF,0.29180767806726154,0.4657686833749535,0.24242363855778495
25955,LOF,0.028078403413762817,0.35289691190653194,0.6190246846797053
25956,GOF,0.03154602773636038,0.531918790408743,0.43653518185489654
25957,LOF,0.07482060174389156,0.07742706881522625,0.8477523294408823
25958,LOF,0.0528901157836454,0.17518860741517583,0.7719212768011787
25959,GOF,0.05213213224463237,0.6947216435070783,0.2531462242482894
25960,LOF,0.03178431347417279,0.18078250451375247,0.7874331820120748
25961,LOF,0.0528901157836454,0.17518860741517583,0.7719212768011787
25962,LOF,0.08378380864034835,0.09576398860995343,0.8204522027496982
25963,LOF,0.029088767276043398,0.4491381469950364,0.5217730857289202
25964,LOF,0.0528901157836454,0.17518860741517583,0.7719212768011787
25965,Neutral,0.6771569632613956,0.11083893960891256,0.2120040971296918
25966,LOF,0.09844933373153415,0.3467504089418392,0.5548002573266265
25967,LOF,0.03204959023242867,0.2106985771628145,0.7572518326047568
25968,GOF,0.1069061802179206,0.4890891418989887,0.40400467788309075
25969,LOF,0.03800143130911506,0.09416565531198852,0.8678329133788963
25970,LOF,0.029076807592031323,0.1389462226337923,0.8319769697741765
25971,LOF,0.0528901157836454,0.17518860741517583,0.7719212768011787
25972,LOF,0.0528901157836454,0.17518860741517583,0.7719212768011787
25973,LOF,0.0911449740406029,0.092645037180339,0.8162099887790583
25974,Neutral,0.4749631906618866,0.3853163831569105,0.13972042618120298
25975,LOF,0.0528901157836454,0.17518860741517583,0.7719212768011787
25976,LOF,0.024435081592343387,0.16427953330889647,0.81128538509876
25977,LOF,0.02990462031990992,0.29635817600813996,0.6737372036719502
25978,LOF,0.2034589676541335,0.2752253429809751,0.5213156893648914
25979,LOF,0.20037351538702652,0.22108860684936726,0.5785378777636062
25980,LOF,0.1589336869403678,0.35095564422346154,0.4901106688361706
25981,LOF,0.1589336869403678,0.35095564422346154,0.4901106688361706
25982,LOF,0.4011649644857707,0.10643001789503838,0.49240501761919087
25983,Neutral,0.6055077277307184,0.12169055096611993,0.27280172130316177
25984,LOF,0.0528901157836454,0.17518860741517583,0.7719212768011787
25985,GOF,0.022315466234773405,0.7764443074461094,0.2012402263191171
25986,GOF,0.03828715028338442,0.744085991449614,0.2176268582670015
25987,LOF,0.06424584578645798,0.10035570014934393,0.8353984540641981
25988,LOF,0.0528901157836454,0.17518860741517583,0.7719212768011787
25989,LOF,0.0528901157836454,0.17518860741517583,0.7719212768011787
25990,LOF,0.0528901157836454,0.17518860741517583,0.7719212768011787
25991,GOF,0.09098963710672962,0.7855621417960561,0.12344822109721434
25992,GOF,0.16593541030160236,0.5986281219622014,0.23543646773619625
25993,LOF,0.0528901157836454,0.17518860741517583,0.7719212768011787
25994,LOF,0.0528901157836454,0.17518860741517583,0.7719212768011787
25995,LOF,0.0528901157836454,0.17518860741517583,0.7719212768011787
25996,GOF,0.07130785778539597,0.513600147567307,0.41509199464729707
25997,GOF,0.052903282240006566,0.7537021261593874,0.19339459160060604
25998,LOF,0.25961320811845345,0.36491028382004537,0.3754765080615011
25999,GOF,0.2949831746089048,0.4366892298704848,0.26832759552061053
26000,LOF,0.05800741816169382,0.10345502849479704,0.8385375533435092
26001,LOF,0.1670634241538124,0.32785190793855334,0.5050846679076343
26002,LOF,0.07019197230399374,0.25476615387939405,0.6750418738166122
26003,LOF,0.028532820429832094,0.4706799316538009,0.5007872479163671
26004,GOF,0.0752178192822199,0.5551454394541169,0.3696367412636631
26005,GOF,0.023696995131422174,0.5529062232082474,0.42339678166033046
26006,Neutral,0.6320513132301935,0.2336744097645009,0.13427427700530561
26007,GOF,0.06913517308136728,0.4869404443511616,0.4439243825674711
26008,GOF,0.03203593009034318,0.5364104683052328,0.4315536016044241
26009,GOF,0.04788363206806774,0.7276154431148326,0.22450092481709952
26010,GOF,0.026706097384466786,0.7108838989079581,0.2624100037075751
26011,GOF,0.01941526718412236,0.5262419630379731,0.4543427697779046
26012,GOF,0.026988457457417892,0.7224907892807153,0.25052075326186685
26013,GOF,0.02011137715403291,0.6848507259798635,0.2950378968661036
26014,LOF,0.07114453687527542,0.24506017763513058,0.683795285489594
26015,LOF,0.20519101672141501,0.05501318649438638,0.7397957967841986
26016,Neutral,0.366994502825741,0.32229408874827425,0.3107114084259847
26017,GOF,0.22757275125980708,0.5302339019326904,0.2421933468075026
26018,LOF,0.0528901157836454,0.17518860741517583,0.7719212768011787
26019,LOF,0.0528901157836454,0.17518860741517583,0.7719212768011787
26020,LOF,0.08657446824557372,0.40465314857886414,0.5087723831755621
26021,GOF,0.074733991185147,0.5583250419654947,0.36694096684935823
26022,LOF,0.02156396572448885,0.19614511145706479,0.7822909228184464
26023,LOF,0.1617055699322086,0.2608691213077937,0.5774253087599976
26024,GOF,0.03316628921104905,0.5370389878996711,0.42979472288928
26025,LOF,0.1732225537269598,0.314571503108925,0.5122059431641153
26026,Neutral,0.4903809381823823,0.12071591797261122,0.38890314384500646
26027,LOF,0.0528901157836454,0.17518860741517583,0.7719212768011787
26028,LOF,0.28511967826272094,0.11359896582375874,0.6012813559135203
26029,GOF,0.043422641695340915,0.7882739955775221,0.16830336272713692
26030,LOF,0.02071774979442839,0.11944947587596856,0.859832774329603
26031,GOF,0.01728486091905776,0.6748798165311853,0.3078353225497569
26032,LOF,0.0528901157836454,0.17518860741517583,0.7719212768011787
26033,LOF,0.1617055699322086,0.2608691213077937,0.5774253087599976
26034,GOF,0.031215988086939154,0.48889166483995905,0.4798923470731018
26035,GOF,0.018046301133891076,0.6843649471323635,0.29758875173374544
26036,LOF,0.016252488162187884,0.4370406003098248,0.5467069115279874
26037,LOF,0.01262618927722693,0.44874994649141825,0.5386238642313548
26038,LOF,0.0528901157836454,0.17518860741517583,0.7719212768011787
26039,GOF,0.02764971075903764,0.6071396250109389,0.3652106642300235
26040,GOF,0.20051972744896868,0.5738492814782438,0.22563099107278756
26041,LOF,0.015030027362178384,0.34899337803505565,0.6359765946027659
26042,LOF,0.012550391321231437,0.46970422827592334,0.5177453804028452
26043,LOF,0.0528901157836454,0.17518860741517583,0.7719212768011787
26044,LOF,0.022515228848411516,0.18795465121064897,0.7895301199409395
26045,LOF,0.06393320200536828,0.38788094703891746,0.5481858509557143
26046,LOF,0.0528901157836454,0.17518860741517583,0.7719212768011787
26047,LOF,0.0528901157836454,0.17518860741517583,0.7719212768011787
26048,LOF,0.05982991703728529,0.13167502444689821,0.8084950585158164
26049,Neutral,0.9035253112745419,0.053151450510932216,0.043323238214526036
26050,Neutral,0.8737795518890722,0.06437717160182317,0.06184327650910468
26051,GOF,0.0499336891949498,0.6382291652434192,0.31183714556163095
26052,GOF,0.05868939277930787,0.6307767407790873,0.3105338664416047
26053,LOF,0.03137989230898333,0.1752439219655024,0.7933761857255143
26054,LOF,0.05755258313488893,0.1367996764018984,0.8056477404632125
26055,LOF,0.06994107930122956,0.07561220760352202,0.8544467130952484
26056,LOF,0.042666707597243926,0.11468555575726944,0.8426477366454865
26057,LOF,0.0528901157836454,0.17518860741517583,0.7719212768011787
26058,LOF,0.0528901157836454,0.17518860741517583,0.7719212768011787
26059,Neutral,0.5434163616410586,0.16730143919242613,0.28928219916651526
26060,GOF,0.12449402352152554,0.7341762221534365,0.14132975432503805
26061,LOF,0.03638784513992273,0.16957260299023116,0.7940395518698461
26062,LOF,0.030183723368298575,0.12557376045203908,0.8442425161796623
26063,LOF,0.0528901157836454,0.17518860741517583,0.7719212768011787
26064,LOF,0.03727883467324857,0.08478191652305465,0.8779392488036967
26065,LOF,0.0528901157836454,0.17518860741517583,0.7719212768011787
26066,LOF,0.0528901157836454,0.17518860741517583,0.7719212768011787
26067,LOF,0.0528901157836454,0.17518860741517583,0.7719212768011787
26068,LOF,0.04770665168794473,0.13229632537443908,0.8199970229376161
26069,LOF,0.21680854150324586,0.20482638927183094,0.5783650692249231
26070,Neutral,0.6009558173136128,0.05675343511715146,0.34229074756923566
26071,LOF,0.0528901157836454,0.17518860741517583,0.7719212768011787
26072,LOF,0.027122395526284853,0.22219615760513445,0.7506814468685807
26073,LOF,0.0528901157836454,0.17518860741517583,0.7719212768011787
26074,Neutral,0.9222034595559138,0.028555105083184016,0.04924143536090217
26075,LOF,0.04287743023395618,0.23866054873837764,0.7184620210276663
26076,LOF,0.0528901157836454,0.17518860741517583,0.7719212768011787
26077,LOF,0.029692713415264672,0.3029362154208616,0.6673710711638737
26078,LOF,0.021701768230355876,0.24417179776590792,0.7341264340037362
26079,LOF,0.04345904529711486,0.20243906501435624,0.7541018896885289
26080,LOF,0.04345904529711486,0.20243906501435624,0.7541018896885289
26081,LOF,0.0528901157836454,0.17518860741517583,0.7719212768011787
26082,LOF,0.03267533343028397,0.1032340047088706,0.8640906618608455
26083,LOF,0.0528901157836454,0.17518860741517583,0.7719212768011787
26084,LOF,0.0528901157836454,0.17518860741517583,0.7719212768011787
26085,LOF,0.0528901157836454,0.17518860741517583,0.7719212768011787
26086,LOF,0.0528901157836454,0.17518860741517583,0.7719212768011787
26087,LOF,0.0528901157836454,0.17518860741517583,0.7719212768011787
26088,LOF,0.035234829123816355,0.25879790733495395,0.7059672635412296
26089,LOF,0.060214389678095274,0.13094469128819092,0.8088409190337138
26090,LOF,0.04345574556314152,0.10769215574963044,0.8488520986872281
26091,LOF,0.0528901157836454,0.17518860741517583,0.7719212768011787
26092,LOF,0.0528901157836454,0.17518860741517583,0.7719212768011787
26093,LOF,0.0528901157836454,0.17518860741517583,0.7719212768011787
26094,LOF,0.0528901157836454,0.17518860741517583,0.7719212768011787
26095,LOF,0.09394539522834662,0.18290021981004562,0.7231543849616078
26096,LOF,0.03382081887981607,0.1116232090822602,0.8545559720379237
26097,LOF,0.02931006847655074,0.23051109635370087,0.7401788351697485
26098,LOF,0.0535316605744652,0.11939764150331546,0.8270706979222193
26099,LOF,0.0528901157836454,0.17518860741517583,0.7719212768011787
26100,LOF,0.0528901157836454,0.17518860741517583,0.7719212768011787
26101,LOF,0.0528901157836454,0.17518860741517583,0.7719212768011787
26102,LOF,0.0528901157836454,0.17518860741517583,0.7719212768011787
26103,Neutral,0.6515614098769118,0.17432462106888766,0.1741139690542005
26104,LOF,0.045665660017029285,0.07331063519706976,0.881023704785901
26105,GOF,0.12539775073326806,0.48615343120300436,0.38844881806372755
26106,LOF,0.1339334948740186,0.1985174448326124,0.667549060293369
26107,LOF,0.13981797617551897,0.3641014084490459,0.4960806153754351
26108,LOF,0.08371950814045104,0.2566485515383864,0.6596319403211626
26109,LOF,0.06763996352148642,0.08862206513175658,0.8437379713467571
26110,LOF,0.27500145692455835,0.07439946535690599,0.6505990777185356
26111,LOF,0.276846881772659,0.281398991952689,0.441754126274652
26112,LOF,0.0528901157836454,0.17518860741517583,0.7719212768011787
26113,LOF,0.0528901157836454,0.17518860741517583,0.7719212768011787
26114,LOF,0.035129681560859535,0.11311815809794747,0.8517521603411929
26115,LOF,0.0824193223297166,0.19474939527130314,0.7228312823989802
26116,LOF,0.0528901157836454,0.17518860741517583,0.7719212768011787
26117,LOF,0.09844933373153415,0.3467504089418392,0.5548002573266265
26118,LOF,0.0528901157836454,0.17518860741517583,0.7719212768011787
26119,LOF,0.04826082573261855,0.13814407309584142,0.81359510117154
26120,LOF,0.0528901157836454,0.17518860741517583,0.7719212768011787
26121,LOF,0.09559900024204793,0.21285974879370018,0.6915412509642519
26122,LOF,0.09501859329398192,0.15182558727955417,0.7531558194264638
26123,LOF,0.06778293301372461,0.236921082133616,0.6952959848526593
26124,LOF,0.04486527005439332,0.1934341633552642,0.7617005665903425
26125,LOF,0.13380801379999396,0.31672929840602165,0.5494626877939843
26126,LOF,0.07944307503483272,0.22458061287222875,0.6959763120929385
