feature0,prediction,LoGoFunc_Neutral,LoGoFunc_GOF,LoGoFunc_LOF
25546,Neutral,0.5751750340321126,0.06582690973019942,0.358998056237688
25547,LOF,0.43578045541942784,0.12760334818731894,0.4366161963932533
25548,Neutral,0.4749610455073198,0.11048374884944283,0.4145552056432374
25549,LOF,0.4196657425994983,0.11538632086038624,0.4649479365401155
25550,LOF,0.3772531991237129,0.10856684335840844,0.5141799575178786
25551,LOF,0.30151316119946037,0.11329433884108747,0.5851924999594521
25552,LOF,0.2625185589513784,0.14984895537129334,0.5876324856773284
25553,Neutral,0.7812542479869365,0.05453553243818266,0.1642102195748809
25554,LOF,0.29707031825682534,0.1281845294998076,0.5747451522433671
25555,LOF,0.25228649533408865,0.12469832927631155,0.6230151753895998
25556,LOF,0.43157047980781926,0.11739236016120227,0.45103716003097843
25557,LOF,0.2339399785577615,0.12925757142821187,0.6368024500140266
25558,LOF,0.2998133480983805,0.12301578527753283,0.5771708666240866
25559,LOF,0.26791961500445943,0.02791630974313697,0.7041640752524035
25560,LOF,0.10623196469424033,0.1357556381524973,0.7580123971532623
25561,LOF,0.08348923210070544,0.2517569827592202,0.6647537851400744
25562,LOF,0.04265898351583714,0.08980251468963255,0.8675385017945303
25563,LOF,0.007143413526367145,0.21157719380374945,0.7812793926698834
25564,LOF,0.08233937409341878,0.07397291495273171,0.8436877109538496
25565,LOF,0.19464103292269752,0.15406576673251832,0.6512932003447841
25566,GOF,0.08609860359373309,0.7275255584462457,0.18637583796002133
25567,LOF,0.046870987032340175,0.13020349699862827,0.8229255159690316
25568,LOF,0.06968474728246044,0.0946145872682939,0.8357006654492456
25569,LOF,0.07119280117211013,0.08082722985982009,0.8479799689680698
25570,LOF,0.03123634962350755,0.10352256678258448,0.8652410835939078
25571,LOF,0.03130990938434089,0.11208514545922009,0.856604945156439
25572,LOF,0.061262939660760414,0.15037696879206147,0.7883600915471781
25573,LOF,0.0738045129160907,0.12078792942571333,0.805407557658196
25574,LOF,0.10435553159572966,0.2337421594704836,0.6619023089337867
25575,LOF,0.029660315362823538,0.12836845571231512,0.8419712289248614
25576,LOF,0.030081200662620804,0.192137988239181,0.7777808110981981
25577,LOF,0.03208270503920513,0.12932923000192226,0.8385880649588725
25578,LOF,0.33893060064413516,0.0756920078816312,0.5853773914742335
25579,LOF,0.23468641208424706,0.07927485769019786,0.6860387302255552
25580,LOF,0.029021033172984996,0.07597927885610557,0.8949996879709096
25581,LOF,0.048022114169356256,0.09591504400840929,0.8560628418222344
25582,LOF,0.048022114169356256,0.09591504400840929,0.8560628418222344
25583,LOF,0.03898861360690746,0.08748557026852384,0.8735258161245687
25584,Neutral,0.7678684998627147,0.08116311417953904,0.15096838595774628
25585,LOF,0.02809515631588468,0.13583163248881996,0.8360732111952954
25586,LOF,0.02641810520377858,0.09506946825877914,0.8785124265374423
25587,LOF,0.025761970821804574,0.0961987124875374,0.878039316690658
25588,LOF,0.032317369343072784,0.07319220026263634,0.894490430394291
25589,Neutral,0.6257794709288594,0.17610845616558496,0.19811207290555555
25590,LOF,0.06788075198561597,0.11049446909864818,0.8216247789157358
25591,LOF,0.12238650567401925,0.06916294837912941,0.8084505459468514
25592,LOF,0.09746631076615939,0.1704333512447178,0.7321003379891228
25593,LOF,0.15644867128897658,0.28072403860297507,0.5628272901080483
25594,LOF,0.04152013807938912,0.05830464717293987,0.9001752147476709
25595,LOF,0.047252552432814045,0.02519597707811954,0.9275514704890664
25596,LOF,0.12731452147233965,0.013323288918831474,0.8593621896088288
25597,LOF,0.09786061524789529,0.01106779583009611,0.8910715889220087
25598,LOF,0.04829643771008305,0.0249909460080208,0.9267126162818962
25599,LOF,0.02740030148867943,0.4837407222931907,0.48885897621812985
25600,LOF,0.1444437532983853,0.37426922357174724,0.48128702312986743
25601,LOF,0.04411346046044915,0.32439837400639016,0.6314881655331607
25602,LOF,0.027184122470640913,0.06424387117172074,0.9085720063576385
25603,LOF,0.06477316100604376,0.05623598733026017,0.8789908516636961
25604,LOF,0.05240681755336932,0.13010882431279142,0.8174843581338392
25605,LOF,0.05660125436221145,0.1936083745749499,0.7497903710628386
25606,Neutral,0.46035874630287943,0.2169102214811934,0.3227310322159271
25607,LOF,0.04097311016424992,0.1615718838958395,0.7974550059399106
25608,LOF,0.047606400408536406,0.11313142412796241,0.8392621754635011
25609,GOF,0.13318911488922255,0.5912948034707238,0.27551608164005364
25610,LOF,0.021603713195467607,0.07878758051364618,0.8996087062908862
25611,LOF,0.014956022733943626,0.07447558987608957,0.9105683873899668
25612,LOF,0.06870936576635865,0.0799433098288,0.8513473244048414
25613,LOF,0.06302610602276457,0.08447965191000588,0.8524942420672296
25614,LOF,0.025198143386410375,0.07078609367024351,0.9040157629433462
25615,LOF,0.06888860351716014,0.06705582163104393,0.864055574851796
25616,LOF,0.07011247042824335,0.07072475282577105,0.8591627767459856
25617,LOF,0.052167611696270016,0.08157743104851496,0.8662549572552151
25618,LOF,0.06501994168717817,0.19948617118732034,0.7354938871255016
25619,LOF,0.013754714056292907,0.12061529209930671,0.8656299938444003
25620,LOF,0.04959655913668072,0.0780508504390684,0.8723525904242508
25621,LOF,0.08909254077001626,0.08904266962276433,0.8218647896072193
25622,LOF,0.0980897106879592,0.07643977428888801,0.8254705150231527
25623,LOF,0.08497750793820111,0.06192275088147726,0.8530997411803216
25624,LOF,0.022164722520682578,0.07040832477305174,0.9074269527062657
25625,LOF,0.07900283360498338,0.07395397118927859,0.847043195205738
25626,LOF,0.05953738623159853,0.07233951701739483,0.8681230967510066
25627,Neutral,0.8737104952463876,0.026029417352353024,0.10026008740125923
25628,LOF,0.1736499896097357,0.07244608314008463,0.7539039272501796
25629,LOF,0.059571302566920434,0.07221645716757942,0.8682122402655001
25630,LOF,0.2679287268311302,0.08152007861405332,0.6505511945548165
25631,Neutral,0.497969858719822,0.06689115104719068,0.4351389902329873
25632,LOF,0.023397197183183865,0.10512669038912766,0.8714761124276884
25633,LOF,0.1837734775621158,0.04755036419894836,0.7686761582389359
25634,LOF,0.04284021425849448,0.0763433219873548,0.8808164637541507
25635,LOF,0.03157422083897335,0.04534476665056812,0.9230810125104585
25636,GOF,0.02942662789145973,0.562894861542247,0.40767851056629334
25637,GOF,0.029220588451927598,0.5169483830596281,0.45383102848844437
25638,GOF,0.01682212066056504,0.4963310298654881,0.48684684947394674
25639,LOF,0.023513341844843667,0.40141512672687457,0.5750715314282817
25640,Neutral,0.8296380578498531,0.12910480815850903,0.04125713399163785
25641,LOF,0.1210153299695897,0.28521555205578863,0.5937691179746217
25642,LOF,0.13376105181668746,0.15999533796557194,0.7062436102177406
25643,LOF,0.40956147354736,0.09075803289788253,0.4996804935547576
25644,GOF,0.00843265625229556,0.6603766629715074,0.3311906807761969
25645,GOF,0.01001122718155366,0.613924401971722,0.3760643708467243
25646,LOF,0.01609941341088783,0.43362791714194304,0.5502726694471692
25647,LOF,0.008965249505794531,0.3529981056410387,0.6380366448531668
25648,LOF,0.012490745231817283,0.372782979470123,0.6147262752980597
25649,LOF,0.008715382304093688,0.2748056767557562,0.7164789409401501
25650,GOF,0.02550390838892403,0.5747317305277857,0.3997643610832902
25651,LOF,0.009517096005057318,0.3910952951344089,0.5993876088605338
25652,GOF,0.007584247220496061,0.5341111938892291,0.4583045588902749
25653,GOF,0.027473879450275327,0.6328312146492665,0.33969490590045825
25654,LOF,0.009371767902381494,0.4764081403498025,0.514220091747816
25655,GOF,0.07044693557769303,0.6945789153600535,0.23497414906225347
25656,LOF,0.18847685717820548,0.15009238453525914,0.6614307582865353
25657,LOF,0.025397125701486112,0.17084244623664172,0.8037604280618722
25658,LOF,0.16699127176115922,0.19697756821916157,0.6360311600196792
25659,LOF,0.2798106611486371,0.30699513096583203,0.4131942078855308
25660,LOF,0.023702356958177875,0.19308661631390428,0.7832110267279179
25661,LOF,0.05712873383387383,0.13622752353061043,0.8066437426355157
25662,LOF,0.025087559719329668,0.09057083092993581,0.8843416093507346
25663,LOF,0.02937801043047921,0.0846467148978568,0.885975274671664
25664,LOF,0.07718168209079065,0.15252332695877802,0.7702949909504313
25665,LOF,0.043181224847881845,0.06959454566380767,0.8872242294883105
25666,LOF,0.059374517348117196,0.12419133553201718,0.8164341471198655
25667,LOF,0.05062392422992641,0.10162665320627287,0.8477494225638008
25668,LOF,0.025243852495268337,0.12724757496344138,0.8475085725412903
25669,LOF,0.01822922490452929,0.10772639599803153,0.8740443790974392
25670,LOF,0.10616941328440979,0.09457352972073373,0.7992570569948564
25671,LOF,0.07747631876121225,0.08386029989158716,0.8386633813472006
25672,LOF,0.03745559936665219,0.10766187485990486,0.854882525773443
25673,LOF,0.0655122365338141,0.11163979718070793,0.822847966285478
25674,LOF,0.060906170165047444,0.13113569550252496,0.8079581343324276
25675,LOF,0.052154922045930065,0.14667800899770495,0.8011670689563649
25676,LOF,0.015521776249221669,0.1305579132430775,0.8539203105077009
25677,LOF,0.015559408291476146,0.1478321328671309,0.8366084588413929
25678,LOF,0.1556733191465731,0.16715277829278877,0.677173902560638
25679,LOF,0.0993199317414281,0.156575208668402,0.7441048595901699
25680,LOF,0.01970579725629119,0.19805223414045184,0.782241968603257
25681,LOF,0.03144278090316217,0.18471661736320522,0.7838406017336327
25682,LOF,0.08907681445074155,0.13677011540574951,0.7741530701435089
25683,LOF,0.07848868522671841,0.1691240809345903,0.7523872338386912
25684,LOF,0.022019771130577844,0.12796354342603614,0.850016685443386
25685,LOF,0.0974456214075815,0.19292149319873544,0.7096328853936831
25686,LOF,0.05573641274281116,0.24301321094133158,0.7012503763158573
25687,LOF,0.09484718976953872,0.25939803163472613,0.6457547785957352
25688,LOF,0.39626545826421455,0.020047406189062915,0.5836871355467226
25689,LOF,0.23126219962449943,0.019989669267534038,0.7487481311079666
25690,LOF,0.3127414549504799,0.022489460981587824,0.6647690840679323
25691,Neutral,0.7131170998111406,0.021227279969850278,0.26565562021900907
25692,LOF,0.3319572906806976,0.011339381090700743,0.6567033282286017
25693,LOF,0.06059722462692867,0.35636650770447365,0.5830362676685977
25694,LOF,0.11253236283300348,0.014695700493579824,0.8727719366734167
25695,LOF,0.11295577265390898,0.008472439398918834,0.8785717879471722
25696,LOF,0.10652180851733102,0.024221986886003497,0.8692562045966654
25697,LOF,0.046825516898365636,0.05732737807921977,0.8958471050224147
25698,LOF,0.27916045193627276,0.14233148646146293,0.5785080616022643
25699,LOF,0.3941211955217206,0.06820063369738391,0.5376781707808955
25700,LOF,0.05781142397426774,0.013926086741708713,0.9282624892840237
25701,LOF,0.1771299234513341,0.06765563135697722,0.7552144451916886
25702,GOF,0.22977495211035967,0.6889073108477478,0.08131773704189248
25703,LOF,0.01985410974244856,0.28377834730449913,0.6963675429530524
25704,LOF,0.03428166569355894,0.22816382655512762,0.7375545077513135
25705,LOF,0.027724685020358936,0.13315648062408297,0.8391188343555581
25706,GOF,0.11381586753561405,0.45167720202818756,0.43450693043619826
25707,LOF,0.10606377357166315,0.38273591755446423,0.5112003088738727
25708,LOF,0.051240687034146394,0.45255514320448703,0.49620416976136666
25709,LOF,0.060592952030524325,0.0893957047787342,0.8500113431907416
25710,LOF,0.018325016311117312,0.1921032187287827,0.7895717649601
25711,LOF,0.01730225401399641,0.12193939438430927,0.8607583516016944
25712,LOF,0.017748430628786952,0.23117510544576217,0.7510764639254509
25713,LOF,0.015952632188908952,0.12666963703960182,0.8573777307714893
25714,LOF,0.05985607151858099,0.12712825295044414,0.813015675530975
25715,LOF,0.009910362770173799,0.1847856494092363,0.80530398782059
25716,LOF,0.012957907525185627,0.17847359681217198,0.8085684956626423
25717,LOF,0.016609071391094715,0.11561187656145955,0.8677790520474457
25718,LOF,0.009588030046872998,0.10174485629051809,0.8886671136626089
25719,LOF,0.022500919809563286,0.13547091228820426,0.8420281679022323
25720,LOF,0.028789958366595942,0.07413726097227909,0.8970727806611251
25721,LOF,0.009661608637699366,0.16977355342959197,0.8205648379327086
25722,LOF,0.011451582460215921,0.1466268290482525,0.8419215884915315
25723,LOF,0.021619683063695674,0.09745304868453566,0.8809272682517687
25724,LOF,0.027615215515918487,0.23889770571024926,0.7334870787738323
25725,LOF,0.009570739052801092,0.15487691460111838,0.8355523463460807
25726,LOF,0.014224645081808176,0.21220545158607934,0.7735699033321125
25727,LOF,0.012190109120808505,0.14623426236224651,0.841575628516945
25728,LOF,0.009263664192651148,0.18373408671831742,0.8070022490890315
25729,LOF,0.00962328485241434,0.1815281918261268,0.8088485233214588
25730,LOF,0.013086541923059246,0.1678027749194626,0.8191106831574783
25731,LOF,0.018428961487442767,0.1624557382351495,0.8191153002774076
25732,LOF,0.013280769945590389,0.08327643672471587,0.9034427933296937
25733,LOF,0.014771482343424236,0.10177973977400658,0.8834487778825693
25734,LOF,0.014783805858745244,0.2023119031682675,0.7829042909729873
25735,LOF,0.009863913866389988,0.11402077000496619,0.8761153161286438
25736,LOF,0.011018658045689795,0.12144774597988088,0.8675335959744293
25737,LOF,0.011950045153067254,0.13500600065752624,0.8530439541894065
25738,LOF,0.010786819982003856,0.15221240691608418,0.837000773101912
25739,LOF,0.01752427866389788,0.11699491119763654,0.8654808101384656
25740,LOF,0.027775029330224046,0.17713447361094736,0.7950904970588286
25741,LOF,0.01294140970437695,0.17700988267937143,0.8100487076162516
25742,LOF,0.09381561297410693,0.10173950744362298,0.8044448795822702
25743,LOF,0.04775788121468396,0.04949054915373412,0.902751569631582
25744,Neutral,0.6584626577905859,0.1614031110189162,0.180134231190498
25745,LOF,0.061338086450835314,0.08447881194218426,0.8541831016069804
25746,LOF,0.040541668202300596,0.11739212467900749,0.8420662071186918
25747,LOF,0.015496536831803069,0.12162021242083991,0.8628832507473571
25748,LOF,0.08030465980807783,0.19093140052064642,0.7287639396712757
25749,LOF,0.03178719054771142,0.10195693078183855,0.8662558786704501
25750,LOF,0.06937844769959663,0.09854323557415864,0.8320783167262447
25751,LOF,0.0929815566817108,0.12493718758493493,0.7820812557333543
25752,GOF,0.1335289409154561,0.6723717704636916,0.19409928862085235
25753,LOF,0.03577403055142979,0.41288729339393004,0.5513386760546403
25754,GOF,0.026993825296463617,0.7794105871878919,0.19359558751564446
25755,LOF,0.04080602836345627,0.3622432836354619,0.5969506880010818
25756,GOF,0.06886322257473826,0.4790497530085391,0.45208702441672266
25757,GOF,0.025313466505770984,0.8579200670441163,0.11676646645011278
25758,GOF,0.03195485618035262,0.8364816352799967,0.13156350853965063
25759,GOF,0.018641403016293908,0.722437105162316,0.25892149182139
25760,LOF,0.025996807426766404,0.44528724693695054,0.528715945636283
25761,GOF,0.27077826385866355,0.656546126513829,0.07267560962750741
25762,LOF,0.05062216637027739,0.4745342546812579,0.47484357894846474
25763,LOF,0.021909356300193996,0.3729049151377843,0.6051857285620218
25764,GOF,0.0709129162975336,0.7813881192741191,0.14769896442834718
25765,GOF,0.037978813232196595,0.8143281625285115,0.14769302423929204
25766,GOF,0.10222612509310225,0.7799300863589287,0.11784378854796922
25767,GOF,0.12253770448766722,0.540310689352963,0.33715160615936973
25768,LOF,0.08764204708479655,0.05048987360154737,0.8618680793136562
25769,LOF,0.049525880517537785,0.06369711459327661,0.8867770048891856
25770,LOF,0.3583661075579249,0.06019859917190892,0.5814352932701662
25771,LOF,0.06204820567144975,0.03283501405511838,0.9051167802734319
25772,LOF,0.018451106904519635,0.05579384872206779,0.9257550443734125
25773,LOF,0.05703872452841678,0.04034593112816333,0.90261534434342
25774,LOF,0.02726021724013786,0.11112006860331747,0.8616197141565447
25775,LOF,0.07503066060005277,0.028762918648622106,0.8962064207513251
25776,LOF,0.06972410687813907,0.030407544629304062,0.8998683484925569
25777,Neutral,0.5012371769407868,0.05732154803498703,0.44144127502422625
25778,LOF,0.06119961982358046,0.05018451458510839,0.8886158655913111
25779,GOF,0.45000950850635263,0.46528158465107544,0.08470890684257207
25780,GOF,0.3410220445239207,0.5091592205174266,0.14981873495865267
25781,GOF,0.12346554881522344,0.6616962989257399,0.2148381522590368
25782,GOF,0.19076828405290827,0.6305496171058222,0.1786820988412694
25783,GOF,0.02522305539364061,0.6968386030573274,0.2779383415490321
25784,Neutral,0.5880090080479992,0.315420831768391,0.09657016018360982
25785,Neutral,0.5477276616915093,0.3269593232042673,0.1253130151042234
25786,GOF,0.025715211682231412,0.6701983547766511,0.3040864335411175
25787,Neutral,0.7458881526998024,0.18314948096338904,0.07096236633680855
25788,LOF,0.04985692856549797,0.06146188977191486,0.8886811816625871
25789,GOF,0.2246982172103696,0.5285145152673272,0.24678726752230323
25790,GOF,0.2708051098144402,0.5108864101305896,0.2183084800549703
25791,GOF,0.16449969301282677,0.47289706156962874,0.3626032454175447
25792,Neutral,0.38783182269785527,0.33992610351036834,0.2722420737917763
25793,LOF,0.24189685636189287,0.355499237936259,0.4026039057018481
25794,GOF,0.29847700526622434,0.41997155727417734,0.28155143745959826
25795,GOF,0.073447427649202,0.5659587587888469,0.3605938135619511
25796,Neutral,0.483242795892996,0.34516724654223035,0.17158995756477374
25797,LOF,0.07460622383451461,0.4320928509594584,0.493300925206027
25798,LOF,0.011997586137728307,0.4700903364580148,0.5179120774042569
25799,LOF,0.01117017345473572,0.47049270611918975,0.5183371204260745
25800,GOF,0.035691627093027346,0.5668800698488127,0.39742830305816
25801,GOF,0.24862821507136756,0.5612917731900453,0.19008001173858713
25802,GOF,0.06770490801562021,0.5244436483755676,0.40785144360881226
25803,LOF,0.05483132263126998,0.4639200867447861,0.48124859062394393
25804,GOF,0.043167576694309095,0.4800925853378379,0.476739837967853
25805,GOF,0.0940422289265052,0.5077213227748153,0.3982364482986795
25806,GOF,0.1249424068975469,0.4913033710668703,0.3837542220355829
25807,LOF,0.021901964693136516,0.4800338385376912,0.49806419676917213
25808,GOF,0.09732535696998833,0.4540989396152708,0.44857570341474096
25809,LOF,0.0210858128762942,0.45450436055553295,0.5244098265681728
25810,LOF,0.02345337506812988,0.4520684517214795,0.5244781732103906
25811,Neutral,0.4742553477810569,0.39672712399264864,0.12901752822629464
25812,GOF,0.04053477270835128,0.4820447219492923,0.4774205053423564
25813,Neutral,0.5514226589966155,0.23610265980890036,0.21247468119448412
25814,GOF,0.14843781047664964,0.5027250033585506,0.34883718616479964
25815,GOF,0.2663849655589858,0.4646089715599377,0.2690060628810766
25816,GOF,0.01981262690673973,0.5355455045237032,0.44464186856955706
25817,GOF,0.1939204424000575,0.6158553979130438,0.1902241596868988
25818,LOF,0.042368282681738756,0.4724411284736792,0.48519058884458216
25819,GOF,0.3558852969687213,0.378932855731988,0.26518184729929073
25820,GOF,0.19550504362499577,0.507092850000657,0.2974021063743473
25821,GOF,0.0696665608066048,0.5678016091483273,0.3625318300450679
25822,GOF,0.2510188728411549,0.45963417694919523,0.2893469502096498
25823,GOF,0.04163606046594592,0.49291893393710867,0.46544500559694524
25824,LOF,0.09405835046911665,0.42960123013556345,0.47634041939532
25825,LOF,0.040209989589229625,0.4308266560915989,0.5289633543191714
25826,LOF,0.013448146158165216,0.4423535737121921,0.5441982801296427
25827,LOF,0.021092365246190504,0.477175056650705,0.5017325781031046
25828,LOF,0.01429132893235313,0.42737811502984485,0.558330556037802
25829,LOF,0.009726620925083227,0.4517717409885811,0.5385016380863357
25830,LOF,0.03488373476984729,0.09583729483456305,0.8692789703955898
25831,GOF,0.18248536131254098,0.6094902357858751,0.20802440290158383
25832,GOF,0.04162559629558857,0.5677300081543772,0.3906443955500342
25833,GOF,0.12813629868272342,0.557969401194581,0.3138943001226955
25834,GOF,0.05309405788186936,0.5585310954883262,0.3883748466298043
25835,GOF,0.11155857462189284,0.5007340425484078,0.3877073828296993
25836,GOF,0.06254023185556296,0.5378222851071356,0.39963748303730134
25837,LOF,0.028537576343123247,0.46554212223135943,0.5059203014255174
25838,GOF,0.10179438034396032,0.5689619344245537,0.32924368523148595
25839,GOF,0.3377605411661084,0.39071649742410075,0.27152296140979076
25840,GOF,0.24262377057122092,0.4801909360251339,0.2771852934036452
25841,GOF,0.2789419942570366,0.43533901732043034,0.28571898842253296
25842,GOF,0.19918662273764384,0.47579476628612694,0.3250186109762292
25843,GOF,0.2278419022002092,0.5295305932772203,0.2426275045225705
25844,GOF,0.06615742309970986,0.47674513789593015,0.45709743900435995
25845,GOF,0.018785388383654674,0.5020142671507681,0.47920034446557724
25846,GOF,0.10909905772873339,0.5765515835504257,0.31434935872084097
25847,GOF,0.12265155066099657,0.5590778909215304,0.318270558417473
25848,GOF,0.05431585492515561,0.527410395007656,0.4182737500671884
25849,GOF,0.015783002573088182,0.5063152670635127,0.4779017303633991
25850,LOF,0.029057348840114468,0.478446394832748,0.4924962563271374
25851,LOF,0.023003618482537555,0.46283619126218745,0.514160190255275
25852,GOF,0.1455479449915335,0.44389907887410446,0.410552976134362
25853,GOF,0.32117954751113437,0.5032241898746537,0.17559626261421193
25854,GOF,0.021760096333743175,0.6010033628331004,0.37723654083315633
25855,GOF,0.03979896915541701,0.49001550099019864,0.47018552985438444
25856,GOF,0.1892709875857503,0.5072985206942745,0.30343049171997516
25857,GOF,0.03727237632582733,0.5035764213517446,0.459151202322428
25858,GOF,0.021454885778633272,0.5964905114813992,0.3820546027399675
25859,GOF,0.011406658219468088,0.591509522078299,0.39708381970223283
25860,GOF,0.28190492239297754,0.5129974073481064,0.20509767025891606
25861,GOF,0.32064127131052933,0.5398253581314595,0.1395333705580113
25862,GOF,0.07298871631361414,0.6595546573787617,0.2674566263076242
25863,GOF,0.07810783106043684,0.6657617687186785,0.2561304002208845
25864,GOF,0.1497092324127738,0.6542162870345563,0.19607448055266993
25865,GOF,0.07244783994104305,0.6616224145865129,0.2659297454724439
25866,GOF,0.06015157007865449,0.7121777530184403,0.22767067690290516
25867,GOF,0.07193068351055144,0.7260897571108251,0.20197955937862339
25868,GOF,0.18567968122748033,0.5558822687651221,0.25843805000739756
25869,Neutral,0.6587986081749748,0.244703423717183,0.09649796810784218
25870,LOF,0.2309781948955916,0.0683674608976287,0.7006543442067797
25871,GOF,0.18824835233068518,0.5459083615394229,0.265843286129892
25872,GOF,0.07178953521661734,0.4949525165583652,0.43325794822501745
25873,GOF,0.13687410616208207,0.4869293897513922,0.37619650408652566
25874,LOF,0.021037183758133682,0.06372127870190418,0.9152415375399621
25875,LOF,0.04570749460431739,0.19123456887843002,0.7630579365172526
25876,LOF,0.022958757606915285,0.07998080425172557,0.8970604381413592
25877,LOF,0.3620605136209026,0.16808930927157043,0.46985017710752697
25878,LOF,0.1290641358044317,0.24074501826646597,0.6301908459291024
25879,LOF,0.07603451911842596,0.24171424115309456,0.6822512397284796
25880,LOF,0.022478900125581375,0.0344646944143308,0.9430564054600878
25881,LOF,0.1999944262109886,0.137235485762642,0.6627700880263695
25882,LOF,0.06026599487200534,0.025726706645613422,0.9140072984823813
25883,LOF,0.10100774140530258,0.03857528585239018,0.8604169727423071
25884,LOF,0.03737158998424873,0.047922489566702704,0.9147059204490485
25885,LOF,0.059732134996553415,0.028731401848191212,0.9115364631552553
25886,LOF,0.3597195054111335,0.07400737693158628,0.5662731176572803
25887,LOF,0.19923615746823564,0.1269944441507304,0.6737693983810339
25888,LOF,0.08316770283640278,0.06839785698324202,0.8484344401803553
25889,LOF,0.03662879646083847,0.04694356813998248,0.916427635399179
25890,LOF,0.07277480161285654,0.08217816099190693,0.8450470373952365
25891,LOF,0.07536323016989331,0.04223376531013778,0.8824030045199689
25892,LOF,0.10028463023143783,0.032652272443189044,0.8670630973253732
25893,LOF,0.2990629822136883,0.02258956212242646,0.6783474556638852
25894,LOF,0.20364054456691438,0.009878212186863241,0.7864812432462223
25895,LOF,0.2496787018320544,0.013447299161391892,0.7368739990065538
25896,LOF,0.05102584198234693,0.019924177077338318,0.9290499809403147
25897,LOF,0.22832792342028746,0.02078256750252822,0.7508895090771843
25898,Neutral,0.7852405907715577,0.01620000194857299,0.19855940727986926
25899,LOF,0.2067536736854075,0.03653207382840652,0.7567142524861861
25900,Neutral,0.6614123614726243,0.013152138545493906,0.3254354999818819
25901,LOF,0.046378860122328495,0.009824101900759405,0.9437970379769121
25902,LOF,0.21623951783696402,0.012611203639533114,0.7711492785235029
25903,Neutral,0.6135455112036552,0.03516802115600173,0.351286467640343
25904,LOF,0.23682740342208836,0.02247392605706716,0.7406986705208445
25905,GOF,0.03440934146642982,0.5233844806379567,0.44220617789561345
25906,LOF,0.028220053130221093,0.09691899560504345,0.8748609512647355
25907,LOF,0.013947992935709315,0.4318695473925,0.5541824596717907
25908,LOF,0.017015495676190616,0.30641832421746396,0.6765661801063455
25909,LOF,0.017568647784036547,0.18350385907632752,0.7989274931396358
25910,LOF,0.021858652082448547,0.4855831164328441,0.4925582314847075
25911,LOF,0.05227107513437791,0.04722936807300754,0.9004995567926145
25912,LOF,0.028154307156111023,0.09669319857102124,0.8751524942728678
25913,LOF,0.223341920738414,0.023917474207566274,0.7527406050540196
25914,LOF,0.024356225208734778,0.06685215324275302,0.9087916215485122
25915,Neutral,0.4397666534524253,0.31584290352108096,0.24439044302649382
25916,LOF,0.03896656310631713,0.4285566120478792,0.5324768248458037
25917,LOF,0.04842367060873694,0.049498734474910565,0.9020775949163524
25918,LOF,0.02899888514813481,0.04153929666590965,0.9294618181859555
25919,LOF,0.027762986250578096,0.04212014894731467,0.9301168648021073
25920,GOF,0.13873860358508885,0.5172014740744656,0.3440599223404456
25921,LOF,0.0355130122398553,0.018321553644881743,0.946165434115263
25922,LOF,0.047186767918952675,0.012695730116067908,0.9401175019649795
25923,LOF,0.406469610003077,0.01850301892298357,0.5750273710739394
25924,LOF,0.04831499547263529,0.021754138561046913,0.9299308659663178
25925,LOF,0.07440754699535099,0.023989244898584203,0.9016032081060648
25926,LOF,0.05744998730883606,0.014192051213970344,0.9283579614771936
25927,LOF,0.0813305174963261,0.05106681644239535,0.8676026660612786
25928,LOF,0.025955201943880724,0.01183266850899957,0.9622121295471197
25929,Neutral,0.5568554018011691,0.022367628550064165,0.4207769696487667
25930,LOF,0.06186379893492781,0.01595612297219687,0.9221800780928753
25931,LOF,0.031191980313687986,0.011059002534935206,0.9577490171513768
25932,LOF,0.030132096768824102,0.012198292205511536,0.9576696110256643
25933,LOF,0.03937290057740335,0.007465844582822004,0.9531612548397748
25934,LOF,0.027800408146850704,0.011304902273221564,0.9608946895799276
25935,LOF,0.07382275800302218,0.021522316794655137,0.9046549252023227
25936,LOF,0.04805100924949094,0.012149463538659113,0.9397995272118499
25937,LOF,0.03669981766490244,0.014233429524035444,0.9490667528110621
25938,LOF,0.06650762498134652,0.028521128879761104,0.9049712461388922
25939,LOF,0.04193396470194829,0.009239713455014304,0.9488263218430374
25940,GOF,0.03210442822354485,0.6508798185601384,0.31701575321631675
25941,LOF,0.19737838716571207,0.036007667425121716,0.7666139454091663
25942,LOF,0.018258019630326847,0.01672964787333591,0.9650123324963373
25943,LOF,0.348522584595074,0.03074692829777663,0.6207304871071494
25944,Neutral,0.5030061648621666,0.020607577312162464,0.47638625782567084
25945,LOF,0.0709015247315986,0.02500074844085357,0.9040977268275477
25946,LOF,0.04035825890483292,0.17487053596668675,0.7847712051284803
25947,LOF,0.1386533788537611,0.17860151544268948,0.6827451057035494
25948,LOF,0.3754935285997775,0.024428317994996417,0.6000781534052261
25949,LOF,0.1276725668354581,0.05291620080003729,0.8194112323645046
25950,GOF,0.2111769117368142,0.44265177218098845,0.3461713160821973
25951,LOF,0.23400721826677195,0.119777906866048,0.6462148748671801
25952,LOF,0.03494010301048361,0.4611144404237655,0.5039454565657508
25953,LOF,0.13829573342733326,0.15321712466567552,0.7084871419069911
25954,Neutral,0.4371054520319744,0.24314954185623336,0.31974500611179224
25955,LOF,0.06269994514739323,0.14332466792592602,0.7939753869266808
25956,LOF,0.25053151659832806,0.06489717879453746,0.6845713046071344
25957,LOF,0.04781069862681372,0.02429715521799671,0.9278921461551896
25958,LOF,0.06925930584830052,0.03485779812952566,0.8958828960221737
25959,GOF,0.09850871559473762,0.47430573275048876,0.4271855516547735
25960,LOF,0.02238165300746566,0.08011277403009778,0.8975055729624365
25961,LOF,0.05935065754191122,0.044908893466160366,0.8957404489919284
25962,LOF,0.0529825965982203,0.07070128301734906,0.8763161203844306
25963,LOF,0.057092091972586134,0.16011562116738778,0.782792286860026
25964,LOF,0.034707603972866,0.17499484591945177,0.7902975501076822
25965,Neutral,0.5006128879175334,0.07145601166740036,0.42793110041506627
25966,GOF,0.33153991725742105,0.36909007684543166,0.2993700058971472
25967,LOF,0.013753829412123664,0.15870610187250225,0.827540068715374
25968,LOF,0.058941584772250255,0.3357687798472563,0.6052896353804934
25969,LOF,0.02444609163240917,0.0527408480457988,0.9228130603217919
25970,LOF,0.0609847438743361,0.04605074855080815,0.8929645075748558
25971,LOF,0.10493483282105848,0.019028030746179564,0.8760371364327619
25972,LOF,0.10156730971826457,0.024553091051570858,0.8738795992301646
25973,LOF,0.10220141327837552,0.014931610187126994,0.8828669765344975
25974,LOF,0.349698558149941,0.030033322036100783,0.6202681198139581
25975,LOF,0.04766413940537251,0.04024223522408227,0.9120936253705452
25976,LOF,0.03505894355466599,0.022343617366799698,0.9425974390785344
25977,LOF,0.11489553116157954,0.11607019846602422,0.7690342703723962
25978,LOF,0.17267294261610008,0.11731505621232438,0.7100120011715755
25979,LOF,0.16713908251942727,0.08425612885396142,0.7486047886266113
25980,LOF,0.19489817282646468,0.20394341927070203,0.6011584079028334
25981,LOF,0.23130790310494337,0.19057812764428964,0.578113969250767
25982,LOF,0.44754780514473336,0.09616094565293974,0.4562912492023269
25983,LOF,0.4141477347842685,0.08700057201077786,0.49885169320495365
25984,LOF,0.044905263911909174,0.12625395053162447,0.8288407855564665
25985,LOF,0.02226526140021027,0.30733403491578676,0.670400703684003
25986,LOF,0.027361279383055114,0.36998648016595587,0.602652240450989
25987,LOF,0.08931972706766717,0.085799987251362,0.8248802856809708
25988,LOF,0.09334533164594687,0.08944449639928986,0.8172101719547632
25989,LOF,0.023273389383147238,0.1691798283469185,0.8075467822699341
25990,LOF,0.034386577090879535,0.12516699281828864,0.8404464300908318
25991,LOF,0.22804140399533465,0.3294131927656351,0.4425454032390303
25992,LOF,0.3893905914507483,0.22111276520272155,0.3894966433465302
25993,LOF,0.03136831866117252,0.11284423623251412,0.8557874451063132
25994,LOF,0.020084174778606904,0.16088930766667808,0.8190265175547149
25995,LOF,0.03370118883164481,0.13540620714049922,0.830892604027856
25996,GOF,0.24705627228030003,0.5220746246138198,0.23086910310588016
25997,GOF,0.11110488530068734,0.5047820384541243,0.38411307624518837
25998,Neutral,0.4955972757955693,0.024140989225215074,0.48026173497921576
25999,LOF,0.07417240644501912,0.3956957749199344,0.5301318186350465
26000,LOF,0.06420669284868863,0.040615069118716256,0.8951782380325952
26001,LOF,0.16452539386992415,0.04431408118989573,0.7911605249401801
26002,LOF,0.09659807229997847,0.04212708612559197,0.8612748415744296
26003,GOF,0.010637049981210686,0.6987695332422126,0.29059341677657674
26004,GOF,0.022132670832931845,0.7477902326485876,0.2300770965184806
26005,GOF,0.010675549227628072,0.5993802568958883,0.38994419387648366
26006,Neutral,0.493523706524344,0.3619560143917529,0.14452027908390294
26007,GOF,0.01935722422896172,0.7032702834341694,0.2773724923368688
26008,GOF,0.014326211063688634,0.7347439373392938,0.2509298515970176
26009,GOF,0.02909149750050945,0.7718001830558973,0.19910831944359333
26010,GOF,0.01968711681781514,0.7698483182357481,0.2104645649464369
26011,GOF,0.010092721607933402,0.5416752947915833,0.44823198360048333
26012,GOF,0.016807532355336986,0.7217971786569224,0.2613952889877406
26013,GOF,0.01346035331653813,0.7616454175340538,0.22489422914940807
26014,LOF,0.03778834472552272,0.2371652710136507,0.7250463842608266
26015,LOF,0.21357095711202662,0.0073089520575974195,0.7791200908303759
26016,LOF,0.3342552791611814,0.02743004591502388,0.6383146749237948
26017,LOF,0.21802505094266816,0.039944309298387534,0.7420306397589442
26018,LOF,0.08943313569527034,0.022548981959293127,0.8880178823454365
26019,LOF,0.08719741774490158,0.016464432976164664,0.8963381492789337
26020,LOF,0.08888680403176315,0.04043763310954176,0.8706755628586951
26021,LOF,0.08047621208827917,0.058307331893301804,0.861216456018419
26022,LOF,0.015386754188159579,0.028511160215958804,0.9561020855958816
26023,LOF,0.1416123788536073,0.022028526347841266,0.8363590947985514
26024,LOF,0.03986101291392568,0.0592182224508169,0.9009207646352574
26025,LOF,0.18340383504780622,0.043740674605053396,0.7728554903471404
26026,LOF,0.377406794804485,0.009829717999863838,0.6127634871956512
26027,LOF,0.09012346774389567,0.010571640369488232,0.8993048918866161
26028,LOF,0.23535886290834138,0.05967600737223005,0.7049651297194286
26029,LOF,0.13240620073274992,0.13453666238828377,0.7330571368789662
26030,LOF,0.03839244677212307,0.029589625241902034,0.9320179279859749
26031,LOF,0.04210070243044779,0.09544608034079206,0.8624532172287601
26032,LOF,0.08557934448947482,0.02909580432628669,0.8853248511842384
26033,LOF,0.1552555544067612,0.041374114497428324,0.8033703310958105
26034,LOF,0.07322523471158612,0.0746682943657616,0.8521064709226523
26035,LOF,0.04972189399308516,0.0880375134981104,0.8622405925088045
26036,LOF,0.06902202595383093,0.08327101660484981,0.8477069574413192
26037,LOF,0.040934237966537626,0.07829317384595219,0.8807725881875101
26038,LOF,0.08370359759394558,0.028625556550391063,0.8876708458556634
26039,LOF,0.09762802732903346,0.08628652249129481,0.8160854501796717
26040,LOF,0.2737735310929814,0.061989490521887576,0.664236978385131
26041,LOF,0.04105498716564448,0.07199762222135687,0.8869473906129987
26042,LOF,0.040761817402443994,0.06502632342544949,0.8942118591721065
26043,LOF,0.08209776113919513,0.03841931276743002,0.8794829260933748
26044,LOF,0.04334288843941932,0.03598344092847152,0.9206736706321093
26045,LOF,0.11944989173529184,0.06159097930841868,0.8189591289562895
26046,LOF,0.09116761208033555,0.04058471896088516,0.8682476689587793
26047,LOF,0.12086866455207361,0.04778200534831456,0.8313493300996118
26048,LOF,0.06793427160216718,0.033347657667235575,0.8987180707305974
26049,Neutral,0.9455854507647437,0.006272647032046643,0.04814190220320982
26050,Neutral,0.9258752587730961,0.006882024114474874,0.06724271711242927
26051,GOF,0.037474526221565115,0.5071960607959412,0.4553294129824937
26052,GOF,0.039529073580327465,0.7046190923620504,0.2558518340576222
26053,LOF,0.06778752536958141,0.29297029376211847,0.6392421808683001
26054,LOF,0.05921314867319468,0.05360504335700357,0.8871818079698017
26055,LOF,0.06330073540318411,0.04715140762210423,0.8895478569747116
26056,LOF,0.05417740743080662,0.05413972558543027,0.8916828669837631
26057,LOF,0.02651399704552927,0.03565057026316199,0.9378354326913088
26058,LOF,0.026401151938586404,0.03134389186707723,0.9422549561943363
26059,LOF,0.32824561434202965,0.06346047067333596,0.6082939149846344
26060,LOF,0.03520330008307814,0.34792705651008304,0.6168696434068388
26061,LOF,0.0206027286371485,0.05895219347127895,0.9204450778915725
26062,LOF,0.01653801048288693,0.056322716717389844,0.9271392727997233
26063,LOF,0.022106740834512317,0.0395689008072348,0.938324358358253
26064,LOF,0.026823246857866575,0.03800493007729919,0.9351718230648343
26065,LOF,0.026843295751501683,0.0333125539452002,0.939844150303298
26066,LOF,0.020528268213261626,0.0430581748199947,0.9364135569667437
26067,LOF,0.0221745451557791,0.03012992969238471,0.9476955251518362
26068,LOF,0.04994456574814277,0.06548114163046508,0.8845742926213922
26069,LOF,0.37597254839860555,0.0609122862403413,0.5631151653610532
26070,Neutral,0.595976472586257,0.027346009374510656,0.3766775180392323
26071,LOF,0.022343517758179846,0.043982946588675895,0.9336735356531443
26072,LOF,0.026325213607723066,0.060042555354723484,0.9136322310375535
26073,LOF,0.024460948857959675,0.031319045961618976,0.9442200051804213
26074,Neutral,0.8797177300645713,0.011967097613026263,0.10831517232240243
26075,LOF,0.04716936355838883,0.05300606956670491,0.8998245668749063
26076,LOF,0.04114520968590536,0.027401169790971076,0.9314536205231235
26077,LOF,0.011644632797945365,0.06940226800535325,0.9189530991967014
26078,LOF,0.015272592415158033,0.04606016640091161,0.9386672411839303
26079,LOF,0.04885016251380558,0.05328117457167819,0.8978686629145162
26080,LOF,0.04885016251380558,0.05328117457167819,0.8978686629145162
26081,LOF,0.02855480735361364,0.0252760716662591,0.9461691209801272
26082,LOF,0.02396221367650561,0.054689923894831786,0.9213478624286626
26083,LOF,0.11790319504673603,0.03491754524265237,0.8471792597106116
26084,LOF,0.026235430301016216,0.04770641997865394,0.9260581497203298
26085,LOF,0.021762169559672924,0.04297852901382982,0.9352593014264973
26086,LOF,0.02218830416773451,0.04451464722002389,0.9332970486122416
26087,LOF,0.02411518458678835,0.03579038451951476,0.9400944308936969
26088,LOF,0.024813826323849732,0.06366484810348105,0.9115213255726692
26089,LOF,0.0475392271588246,0.049571171450504097,0.9028896013906712
26090,LOF,0.044206623289434345,0.044750073596562114,0.9110433031140035
26091,LOF,0.03614354472141001,0.021381163142404326,0.9424752921361855
26092,LOF,0.02661683962898526,0.03175910817384923,0.9416240521971656
26093,LOF,0.037883315278912796,0.020176477665393357,0.9419402070556938
26094,LOF,0.04407260857938673,0.017116379408019106,0.9388110120125942
26095,LOF,0.04388244740511451,0.0634149572401342,0.8927025953547513
26096,LOF,0.01991962592223599,0.04146030335382959,0.9386200707239345
26097,LOF,0.012973342931522665,0.10719727799912955,0.8798293790693479
26098,LOF,0.06036685192141105,0.03638651133385983,0.903246636744729
26099,LOF,0.022541126003937272,0.05583536108993827,0.9216235129061244
26100,LOF,0.022961446943727558,0.055003163015741305,0.9220353900405311
26101,LOF,0.056041662805794666,0.04488823800565392,0.8990700991885514
26102,LOF,0.023258985360142873,0.043890774648622566,0.9328502399912345
26103,Neutral,0.8670568273172214,0.05249262950346832,0.0804505431793104
26104,LOF,0.04773605708118329,0.09008839122571789,0.8621755516930988
26105,LOF,0.34169336979324555,0.147140493734935,0.5111661364718194
26106,LOF,0.12986379942031434,0.09212511957962656,0.7780110810000591
26107,LOF,0.2323483862826981,0.07865258169534439,0.6889990320219574
26108,LOF,0.1716825567139388,0.09068078862361782,0.7376366546624434
26109,LOF,0.07805488097814177,0.1106440959057976,0.8113010231160607
26110,LOF,0.2818805576221946,0.046955828885343,0.6711636134924623
26111,LOF,0.44786170758352684,0.032068602497360994,0.5200696899191122
26112,LOF,0.04741806683266729,0.024048118814790815,0.928533814352542
26113,LOF,0.06376666803006574,0.051495831110488825,0.8847375008594455
26114,LOF,0.024597589617592213,0.039196389359440476,0.9362060210229673
26115,LOF,0.11122121421373538,0.06127357654336307,0.8275052092429015
26116,LOF,0.05222086205732569,0.062603467581278,0.8851756703613963
26117,LOF,0.2406297784233468,0.12743592276047086,0.6319342988161825
26118,LOF,0.035791727733045633,0.06192686830848732,0.9022814039584669
26119,LOF,0.022258627356430555,0.1624970426680369,0.8152443299755325
26120,LOF,0.027045895750636543,0.0712800608346942,0.9016740434146693
26121,LOF,0.04835108334390755,0.16908737171518579,0.7825615449409067
26122,LOF,0.061087691242047694,0.12884301237770346,0.8100692963802488
