feature0,prediction,LoGoFunc_Neutral,LoGoFunc_GOF,LoGoFunc_LOF
25546,Neutral,0.6035517824084079,0.04325270980477577,0.3531955077868163
25547,Neutral,0.47140046063731456,0.07956699670833449,0.449032542654351
25548,Neutral,0.4781869298570881,0.059903662322898565,0.4619094078200134
25549,LOF,0.416985218056391,0.05879314880177537,0.5242216331418337
25550,LOF,0.33920752226705,0.08635452038963568,0.5744379573433143
25551,LOF,0.3246136610140312,0.09223889957622611,0.5831474394097427
25552,LOF,0.2653932675907847,0.09272330680844565,0.6418834256007697
25553,Neutral,0.7897961683845309,0.036434193619956756,0.1737696379955124
25554,LOF,0.30685510122496706,0.08235615084060363,0.6107887479344293
25555,LOF,0.260025350291505,0.08026912764941971,0.6597055220590753
25556,LOF,0.42982319028660787,0.07416461947422252,0.4960121902391695
25557,LOF,0.24747106963002038,0.08351003731385323,0.6690188930561264
25558,LOF,0.3073726449795796,0.07936216850185554,0.6132651865185649
25559,LOF,0.25403140708993127,0.1403828628743871,0.6055857300356817
25560,LOF,0.1636345411301642,0.10633517585398064,0.7300302830158552
25561,LOF,0.16492535478149697,0.11588649076378907,0.719188154454714
25562,LOF,0.06642623486273737,0.07748999822386314,0.8560837669133995
25563,LOF,0.02283373938397139,0.14225854050072667,0.834907720115302
25564,LOF,0.19959268425288282,0.11414117736676718,0.68626613838035
25565,LOF,0.21885900914501816,0.14365348603537553,0.6374875048196064
25566,GOF,0.10264887728895189,0.6861820904383165,0.21116903227273182
25567,LOF,0.03982479205295542,0.16588863887520885,0.7942865690718357
25568,LOF,0.06559293611100094,0.0808182883914583,0.8535887754975408
25569,LOF,0.0642015813459967,0.08328331057013229,0.8525151080838711
25570,LOF,0.030962195636443944,0.10603209529813504,0.863005709065421
25571,LOF,0.028903087299023852,0.11425204487108914,0.856844867829887
25572,LOF,0.06474095411185482,0.12809709595407104,0.8071619499340741
25573,LOF,0.0699616195779103,0.10360846758775047,0.8264299128343392
25574,LOF,0.057916592700821876,0.2332010239547452,0.7088823833444329
25575,LOF,0.024649920331955157,0.12584927302010915,0.8495008066479356
25576,LOF,0.03204889466822663,0.15435109208256076,0.8136000132492126
25577,LOF,0.032063973983758584,0.12615753483907405,0.8417784911771674
25578,LOF,0.33591520878054376,0.09379215111706683,0.5702926401023894
25579,LOF,0.15112374425330874,0.09970596246223354,0.7491702932844577
25580,LOF,0.021848009177239384,0.0854126512200731,0.8927393396026875
25581,LOF,0.05836031483096399,0.0789078932848836,0.8627317918841524
25582,LOF,0.058355761527810475,0.07576750689648096,0.8658767315757087
25583,LOF,0.023928445969921833,0.08510167222570754,0.8909698818043706
25584,Neutral,0.6970618089189035,0.12577522476937497,0.17716296631172154
25585,LOF,0.027681773584588922,0.16685694007276727,0.8054612863426437
25586,LOF,0.01922297493330292,0.07685016367538776,0.9039268613913093
25587,LOF,0.018427561491818765,0.06781951845397055,0.9137529200542106
25588,LOF,0.022359920390587745,0.073718240206946,0.9039218394024662
25589,Neutral,0.5085304026087892,0.23777614695487412,0.2536934504363366
25590,LOF,0.050015910731911445,0.13403436309326286,0.8159497261748256
25591,LOF,0.1011491543335096,0.06678444819968214,0.8320663974668082
25592,LOF,0.06604291870746645,0.15640726167856064,0.777549819613973
25593,LOF,0.15990390874730775,0.2667349562883356,0.5733611349643567
25594,LOF,0.05241684416634657,0.07683543712793957,0.8707477187057138
25595,LOF,0.04798807030979461,0.05778850319669474,0.8942234264935106
25596,LOF,0.10638695202772327,0.032920937658676146,0.8606921103136006
25597,LOF,0.08493843029084615,0.04144658698109103,0.8736149827280628
25598,LOF,0.05509210447499128,0.05785114092553532,0.8870567545994734
25599,LOF,0.017904368071238217,0.4825409624024329,0.49955466952632893
25600,GOF,0.14813036736314272,0.5384493462184557,0.3134202864184016
25601,LOF,0.0356167681415845,0.4350711845651076,0.5293120472933079
25602,LOF,0.03445705319098869,0.057475469379031884,0.9080674774299794
25603,LOF,0.034663061554825986,0.032872516766059456,0.9324644216791146
25604,LOF,0.033456413086042504,0.06912762676715822,0.8974159601467993
25605,LOF,0.03596251608714375,0.18041166829025174,0.7836258156226045
25606,LOF,0.39343422150535357,0.1157495690902368,0.4908162094044097
25607,LOF,0.02641406123816343,0.16543974338514475,0.8081461953766917
25608,LOF,0.03569748067707056,0.07281848456861306,0.8914840347543165
25609,GOF,0.14447806374728037,0.5243304340348738,0.33119150221784593
25610,LOF,0.01675046600956663,0.03349275798231112,0.9497567760081222
25611,LOF,0.014328849213534386,0.037510245876532705,0.948160904909933
25612,LOF,0.04807545416202087,0.05515648767714855,0.8967680581608305
25613,LOF,0.044601859106471776,0.05355985411812648,0.9018382867754018
25614,LOF,0.022470406748836408,0.02996799791979159,0.9475615953313721
25615,LOF,0.04092328021881443,0.049568856556019406,0.9095078632251661
25616,LOF,0.05161883214756267,0.03549742316123536,0.9128837446912019
25617,LOF,0.04404381248612228,0.048024196065414325,0.9079319914484633
25618,LOF,0.0494253128586447,0.04165896983994592,0.9089157173014093
25619,LOF,0.01407718166725503,0.04047701044512836,0.9454458078876166
25620,LOF,0.058723556853567706,0.051786623642160544,0.8894898195042718
25621,LOF,0.05341817614307116,0.04792614862746163,0.8986556752294672
25622,LOF,0.0664272217303392,0.04224577911030028,0.8913269991593605
25623,LOF,0.07071945780723285,0.034955661003956986,0.8943248811888102
25624,LOF,0.019883834176646235,0.038826037081183935,0.9412901287421698
25625,LOF,0.061030175968138436,0.047606383448496555,0.8913634405833649
25626,LOF,0.04691702673900447,0.05093474243556039,0.9021482308254352
25627,Neutral,0.9009581239441743,0.01877633302758466,0.08026554302824095
25628,LOF,0.14798361601826146,0.05973733979749531,0.7922790441842432
25629,LOF,0.06540840632044413,0.05251802252676188,0.882073571152794
25630,LOF,0.30671069477961393,0.07171358596504414,0.6215757192553419
25631,Neutral,0.5713673921116798,0.06608206206220249,0.36255054582611773
25632,LOF,0.028283028047293345,0.06371962165124374,0.9079973503014629
25633,LOF,0.16002305860082627,0.035111712005349495,0.8048652293938242
25634,LOF,0.034184446340526614,0.08002555725820348,0.8857899964012699
25635,LOF,0.03835340980978674,0.03971826316650965,0.9219283270237035
25636,LOF,0.034408422491114435,0.46776558596498613,0.49782599154389945
25637,GOF,0.08325116760439054,0.48432845557939347,0.4324203768162161
25638,LOF,0.03130087394267597,0.36681504911298596,0.601884076944338
25639,LOF,0.03270251768269319,0.3918366478884839,0.5754608344288229
25640,Neutral,0.7603722773242778,0.19727725641686084,0.042350466258861276
25641,GOF,0.0720756182274909,0.5170055010043292,0.4109188807681799
25642,LOF,0.05163146844382241,0.18255350578722876,0.7658150257689489
25643,LOF,0.19627374070646794,0.16368907998713425,0.6400371793063978
25644,LOF,0.025706403732095907,0.469390945484656,0.5049026507832481
25645,LOF,0.02910609190254298,0.39827894348181275,0.5726149646156443
25646,LOF,0.06115944592108846,0.33482648616122945,0.6040140679176821
25647,LOF,0.03186942623281938,0.27257025218057446,0.6955603215866061
25648,LOF,0.04188215317354523,0.26749067836825335,0.6906271684582013
25649,LOF,0.020152521128693455,0.23822241368783534,0.7416250651834712
25650,LOF,0.05563659115908797,0.41208739071987527,0.5322760181210368
25651,LOF,0.020257989322615574,0.2992671907040604,0.6804748199733239
25652,LOF,0.04406080963554487,0.271342963091006,0.6845962272734492
25653,LOF,0.09513806073581013,0.40861989971643514,0.49624203954775464
25654,LOF,0.031068284324488146,0.2596539189881769,0.7092777966873348
25655,GOF,0.23007248210662062,0.3900242069689424,0.379903310924437
25656,LOF,0.32950284881687025,0.0681152268212764,0.6023819243618533
25657,LOF,0.06769477787050163,0.06384080032380797,0.8684644218056904
25658,LOF,0.36579054583164744,0.05768474884692574,0.5765247053214269
25659,Neutral,0.5024638177847988,0.07753921358385854,0.4199969686313426
25660,LOF,0.022415611394523298,0.0848183964043195,0.8927659922011573
25661,LOF,0.09588575625355374,0.057587821875085626,0.8465264218713606
25662,LOF,0.034010255108651855,0.034319021544810376,0.9316707233465378
25663,LOF,0.04347637174787444,0.04528093409674371,0.9112426941553818
25664,LOF,0.1430257262220224,0.060623746212170024,0.7963505275658076
25665,LOF,0.05259245746701583,0.03334835863037507,0.9140591839026091
25666,LOF,0.09223124735596509,0.06915525450196769,0.8386134981420672
25667,LOF,0.07226673515868416,0.040028397759694724,0.887704867081621
25668,LOF,0.035546737817537956,0.04649941607735484,0.9179538461051072
25669,LOF,0.031053291008713676,0.050611594978819875,0.9183351140124665
25670,LOF,0.15082423450187823,0.06045097765659955,0.7887247878415222
25671,LOF,0.11506238405704906,0.03621839599022704,0.8487192199527239
25672,LOF,0.04999916382015928,0.047472282126988556,0.9025285540528523
25673,LOF,0.07812338705007256,0.05205821175021599,0.8698184011997114
25674,LOF,0.06917148892645551,0.06090817932418142,0.8699203317493631
25675,LOF,0.1192865970969126,0.05332300371849726,0.82739039918459
25676,LOF,0.019528968625450102,0.05525987440217229,0.9252111569723777
25677,LOF,0.02648223408272284,0.07094253472818755,0.9025752311890896
25678,LOF,0.21755276116885075,0.058635976783879405,0.7238112620472699
25679,LOF,0.12434883879027789,0.08144187650791339,0.7942092847018087
25680,LOF,0.03195478536785705,0.11438793667503426,0.8536572779571088
25681,LOF,0.050914587659291875,0.10704534186577966,0.8420400704749286
25682,LOF,0.14362645974057447,0.07764548804314561,0.7787280522162798
25683,LOF,0.12101611478816512,0.09462825600661984,0.784355629205215
25684,LOF,0.042122538436640225,0.07630690495450113,0.8815705566088586
25685,LOF,0.13454296817659317,0.05170111437758848,0.8137559174458183
25686,LOF,0.09393574369452852,0.07799760766216317,0.8280666486433083
25687,LOF,0.12314128081124266,0.08684529645327549,0.7900134227354819
25688,LOF,0.3014816556116112,0.03542372681959998,0.6630946175687888
25689,LOF,0.24153587708527782,0.04061990779464152,0.7178442151200807
25690,LOF,0.3309019435879555,0.027307752166634516,0.64179030424541
25691,Neutral,0.7149444746479595,0.019701333766081068,0.26535419158595935
25692,LOF,0.3835816950314569,0.009243048659265394,0.6071752563092777
25693,LOF,0.04658678652381111,0.4091163681476755,0.5442968453285134
25694,LOF,0.11721408004056896,0.018327520665788778,0.8644583992936422
25695,LOF,0.11700057252263073,0.018704029135262014,0.8642953983421072
25696,LOF,0.14686152032077027,0.012562303737599128,0.8405761759416306
25697,LOF,0.08850387580468429,0.04540278378368314,0.8660933404116327
25698,LOF,0.34329532732287255,0.18816748039042874,0.46853719228669877
25699,LOF,0.4398977656427341,0.03547243057592768,0.5246298037813383
25700,LOF,0.08009008077880764,0.00891425137347528,0.9109956678477171
25701,LOF,0.16155825871981533,0.051557333953540445,0.7868844073266442
25702,GOF,0.17628680496252822,0.5815402095449945,0.24217298549247723
25703,LOF,0.019089054166673575,0.150499281291446,0.8304116645418805
25704,LOF,0.04356516569698314,0.10350987179418365,0.8529249625088332
25705,LOF,0.047967342369694486,0.15827808410129618,0.7937545735290094
25706,LOF,0.10253440158720907,0.44373227880826166,0.45373331960452934
25707,LOF,0.08801893257851981,0.3924271678639889,0.5195538995574913
25708,LOF,0.028115832926740175,0.32557691531354366,0.6463072517597162
25709,LOF,0.06957508256947517,0.04811699702410072,0.8823079204064241
25710,LOF,0.011057656296878987,0.16083013924903586,0.8281122044540851
25711,LOF,0.019544867188936346,0.1067664810242974,0.8736886517867662
25712,LOF,0.013644047720166629,0.19861048256426558,0.7877454697155678
25713,LOF,0.019498355878700545,0.08678800648796783,0.8937136376333316
25714,LOF,0.08077807652807095,0.08871236604410469,0.8305095574278244
25715,LOF,0.01182713222310957,0.15489185590811602,0.8332810118687745
25716,LOF,0.01371350584352063,0.12306802427873932,0.86321846987774
25717,LOF,0.011439448458845473,0.09463529186396746,0.8939252596771871
25718,LOF,0.013193293521846842,0.11329948023990072,0.8735072262382524
25719,LOF,0.01895324831011538,0.09368060534077001,0.8873661463491146
25720,LOF,0.02403738896630884,0.07495942836497001,0.9010031826687211
25721,LOF,0.016463559509476356,0.12672909319397194,0.8568073472965517
25722,LOF,0.014938324062801885,0.14153424801818867,0.8435274279190094
25723,LOF,0.024073900953708333,0.04832071177266506,0.9276053872736265
25724,LOF,0.03222708455655774,0.10463937962488705,0.8631335358185551
25725,LOF,0.012577031527465705,0.0760314248668634,0.911391543605671
25726,LOF,0.0160306126525586,0.11887017033481254,0.8650992170126289
25727,LOF,0.013927573174538323,0.08617475987307627,0.8998976669523853
25728,LOF,0.010312511880974115,0.13664040315555354,0.8530470849634723
25729,LOF,0.010959742616817323,0.13313299541583307,0.8559072619673497
25730,LOF,0.01428511066631258,0.09755252281976497,0.8881623665139224
25731,LOF,0.01833655350108462,0.11705545820892703,0.8646079882899883
25732,LOF,0.015034777791611519,0.08924770736488818,0.8957175148435003
25733,LOF,0.01668031704471837,0.08529709836852158,0.8980225845867601
25734,LOF,0.011796699283100925,0.1353139289488618,0.8528893717680373
25735,LOF,0.01484654165098061,0.09809706399549846,0.8870563943535209
25736,LOF,0.015688763829616925,0.11156627113495396,0.8727449650354291
25737,LOF,0.012759355230168003,0.08874751919805458,0.8984931255717774
25738,LOF,0.012511478361408016,0.11748223592053351,0.8700062857180586
25739,LOF,0.020902500767387686,0.08817292381064731,0.8909245754219651
25740,LOF,0.026901706203196495,0.12379830290368256,0.8492999908931209
25741,LOF,0.01496951298369051,0.1248642997632165,0.860166187253093
25742,LOF,0.11407507176563994,0.09254100523623213,0.7933839229981279
25743,LOF,0.03285719791917906,0.041099970531193186,0.9260428315496279
25744,Neutral,0.5528393655573571,0.21014490085071777,0.23701573359192502
25745,LOF,0.08451757289523093,0.07037026435953095,0.8451121627452381
25746,LOF,0.04255573674006153,0.08294083376905981,0.8745034294908787
25747,LOF,0.020530205413128028,0.05594522444898819,0.9235245701378837
25748,LOF,0.09415727134119752,0.0883296960237102,0.8175130326350923
25749,LOF,0.025517628215270597,0.08342045061758852,0.8910619211671409
25750,LOF,0.08699480014944581,0.08833725355440003,0.8246679462961541
25751,LOF,0.08459305390760266,0.09304894337073644,0.8223580027216609
25752,GOF,0.11987687581657425,0.6233977146245379,0.25672540955888784
25753,LOF,0.018784551172756153,0.27767671680769995,0.7035387320195439
25754,GOF,0.011564833259290211,0.7755525409978091,0.2128826257429006
25755,LOF,0.023774756978672235,0.38950713022443517,0.5867181127968926
25756,LOF,0.045152133182369235,0.33522435575962467,0.6196235110580062
25757,GOF,0.01385166329537523,0.7989892509347665,0.1871590857698582
25758,GOF,0.03152529669172414,0.779007180092871,0.18946752321540486
25759,GOF,0.01139181838723363,0.5440692431438018,0.44453893846896464
25760,LOF,0.012463202990842463,0.252185355650995,0.7353514413581625
25761,GOF,0.2696123091629551,0.6192213294303076,0.11116636140673727
25762,LOF,0.03684550769547983,0.24730069280085115,0.715853799503669
25763,LOF,0.013482674540329271,0.18508570271656488,0.801431622743106
25764,GOF,0.07895136773685252,0.5768045033716481,0.34424412889149925
25765,GOF,0.036359011612957674,0.707854131136774,0.2557868572502684
25766,GOF,0.07328667862191476,0.7035713859819739,0.2231419353961114
25767,GOF,0.15842812250930746,0.5583220057709379,0.28324987171975463
25768,LOF,0.10549692014376659,0.07332279634390139,0.8211802835123321
25769,LOF,0.0646982597157348,0.05821319671955008,0.8770885435647151
25770,LOF,0.31569749485015425,0.1029187160440334,0.5813837891058123
25771,LOF,0.04358666680721415,0.04699512943881057,0.9094182037539754
25772,LOF,0.020035098967944833,0.03957657975153165,0.9403883212805236
25773,LOF,0.04596468457572466,0.10649313749697355,0.8475421779273018
25774,LOF,0.028673137425354423,0.08099444607800119,0.8903324164966445
25775,LOF,0.05012879794605215,0.04639246983035543,0.9034787322235924
25776,LOF,0.08427799442517267,0.02452865959612994,0.8911933459786975
25777,LOF,0.34804667659488175,0.05996151254670396,0.5919918108584142
25778,LOF,0.07781932485502412,0.04624035606599686,0.8759403190789791
25779,GOF,0.3428059105125284,0.6196392326747268,0.037554856812744834
25780,GOF,0.3137004179979145,0.6272993761630117,0.059000205839073824
25781,GOF,0.11556143315265847,0.7902738230726062,0.09416474377473534
25782,GOF,0.20141919978844,0.7386910342041523,0.059889766007407766
25783,GOF,0.02233450250071479,0.6578704665746032,0.31979503092468203
25784,Neutral,0.48679706426053915,0.47720340263438726,0.035999533105073644
25785,GOF,0.4358333662079305,0.530412543655283,0.033754090136786506
25786,GOF,0.024583075583566618,0.7770275961868501,0.19838932822958327
25787,Neutral,0.624376788331245,0.3551948358568952,0.020428375811859918
25788,LOF,0.052759641752810865,0.13173946164233802,0.8155008966048511
25789,GOF,0.2002547653968929,0.7010038271109753,0.09874140749213174
25790,GOF,0.22354934892367107,0.6960984016511276,0.08035224942520142
25791,GOF,0.15980067401801396,0.7035204224739912,0.1366789035079948
25792,GOF,0.3658735134932501,0.5326415481805786,0.10148493832617124
25793,GOF,0.27431361175843666,0.553846074605139,0.17184031363642435
25794,GOF,0.3158456868264473,0.5310780634396307,0.15307624973392203
25795,GOF,0.08706102466256099,0.6868078436623388,0.22613113167510016
25796,Neutral,0.5415265172692575,0.3852342534518451,0.07323922927889741
25797,GOF,0.08003728743241922,0.5813546057794464,0.3386081067881344
25798,GOF,0.00904790275350482,0.5257719467004057,0.4651801505460895
25799,LOF,0.006961079222985385,0.39161420009835035,0.6014247206786643
25800,GOF,0.032441302465514875,0.616365878629569,0.35119281890491616
25801,GOF,0.20006690837009566,0.6900101251549212,0.10992296647498313
25802,GOF,0.066349271019153,0.7128331194216856,0.22081760955916138
25803,GOF,0.033512245740216086,0.6038401678540094,0.3626475864057744
25804,GOF,0.027916927715907983,0.5183423549323192,0.4537407173517729
25805,GOF,0.07467494653896477,0.5990815081049984,0.32624354535603695
25806,GOF,0.09404927559820993,0.6303264604291431,0.27562426397264705
25807,GOF,0.01884677950564264,0.6449612668225277,0.3361919536718295
25808,GOF,0.07042449959790212,0.6611907144065327,0.26838478599556526
25809,GOF,0.019820267247784507,0.6188592136696905,0.3613205190825249
25810,GOF,0.017796486395027407,0.6489151049789348,0.33328840862603776
25811,GOF,0.43939478183764535,0.4971724112161192,0.06343280694623543
25812,GOF,0.02895738430943099,0.6760932030551683,0.29494941263540075
25813,Neutral,0.4913296820775477,0.4299299742937865,0.07874034362866582
25814,GOF,0.10776114112277241,0.705532545769899,0.18670631310732874
25815,GOF,0.16809738635824853,0.6772275886089227,0.1546750250328288
25816,GOF,0.021902056513614435,0.7392938523834421,0.23880409110294337
25817,GOF,0.20362675029510927,0.7003027733902926,0.09607047631459832
25818,GOF,0.0488301012675372,0.6788333622211828,0.2723365365112799
25819,GOF,0.35652505600236495,0.5185654206472693,0.12490952335036577
25820,GOF,0.17524224298593732,0.6427032014448992,0.1820545555691635
25821,GOF,0.06260563807866963,0.6876984344372602,0.24969592748407016
25822,GOF,0.2186907402940536,0.591818767658567,0.1894904920473794
25823,GOF,0.03268491934369726,0.5365895114716741,0.4307255691846287
25824,GOF,0.09970686297818203,0.6096362281279728,0.29065690889384516
25825,GOF,0.03620736305100229,0.5962722014555945,0.36752043549340324
25826,GOF,0.014627175249603977,0.5771491075751548,0.4082237171752412
25827,GOF,0.022353141020301667,0.6244797054777528,0.35316715350194555
25828,GOF,0.014190991402097465,0.5451347310504316,0.44067427754747085
25829,GOF,0.005959780670488147,0.5946175377179989,0.39942268161151306
25830,LOF,0.030892000964794976,0.3356415506045586,0.6334664484306464
25831,GOF,0.20624722591593514,0.682698284116168,0.11105448996789688
25832,GOF,0.03384707806482236,0.7132320775045734,0.2529208444306043
25833,GOF,0.1239021470233825,0.7298849902917489,0.14621286268486858
25834,GOF,0.037292233597537895,0.7195677598004153,0.2431400066020468
25835,GOF,0.0868776287868057,0.7587826963070853,0.15433967490610898
25836,GOF,0.04240420597192729,0.7178202770438544,0.2397755169842183
25837,GOF,0.030309702723897262,0.6042480312492928,0.36544226602681
25838,GOF,0.1115177351055588,0.7657773942841458,0.12270487061029525
25839,GOF,0.288232813980081,0.5957020330900336,0.11606515292988544
25840,GOF,0.21812736683779477,0.6564630477766495,0.12540958538555563
25841,GOF,0.24815169574170248,0.6419083002353021,0.10994000402299542
25842,GOF,0.1774834665977204,0.6999942080740609,0.12252232532821872
25843,GOF,0.24566963512546772,0.6680129867621409,0.08631737811239125
25844,GOF,0.06971176910864631,0.7250308825581743,0.20525734833317927
25845,GOF,0.01666728117463157,0.49757367627512433,0.48575904255024405
25846,GOF,0.1196123742770778,0.7389958803064158,0.14139174541650637
25847,GOF,0.1080268397944417,0.7946797994430306,0.09729336076252763
25848,GOF,0.04197630787735815,0.7095612621733728,0.24846242994926906
25849,GOF,0.0116465446020723,0.5874753092233929,0.40087814617453493
25850,GOF,0.023080980152738913,0.6707668964073024,0.30615212343995873
25851,GOF,0.018552988913992065,0.5452104677890293,0.4362365432969786
25852,GOF,0.1640640339521147,0.6075331764465276,0.22840278960135765
25853,GOF,0.34774864996100585,0.595526318874824,0.0567250311641702
25854,GOF,0.02147657950774477,0.6529040206132226,0.3256193998790326
25855,GOF,0.034485728584621435,0.6006436194421714,0.36487065197320706
25856,GOF,0.23008472681534012,0.5897860590551689,0.180129214129491
25857,GOF,0.03624677621461448,0.5194529159781108,0.44430030780727475
25858,GOF,0.019616563791737134,0.5575613397382526,0.42282209647001023
25859,GOF,0.009895349393273006,0.5325509261283367,0.4575537244783904
25860,GOF,0.3428666116817887,0.5904470864260424,0.06668630189216881
25861,GOF,0.4268014849656124,0.5086575409792932,0.0645409740550944
25862,GOF,0.09525801683582855,0.786505671890024,0.11823631127414744
25863,GOF,0.09190798367649645,0.7961608547039868,0.11193116161951663
25864,GOF,0.1979786621293395,0.7340383807551867,0.06798295711547384
25865,GOF,0.08880870914345654,0.8023494384278786,0.1088418524286647
25866,GOF,0.06614741159748123,0.8041090890489051,0.12974349935361368
25867,GOF,0.09141621273328876,0.8235079054457328,0.08507588182097843
25868,GOF,0.2630336251631957,0.6576681756135266,0.07929819922327776
25869,Neutral,0.695374720758894,0.2727640343296181,0.03186124491148796
25870,GOF,0.2735677799327207,0.4258304378050863,0.3006017822621931
25871,GOF,0.2155573783321473,0.6612148323522178,0.1232277893156349
25872,GOF,0.0838675939300553,0.6839333778214896,0.232199028248455
25873,GOF,0.1398628925968782,0.7061345193373932,0.15400258806572864
25874,LOF,0.016852531454617348,0.14204052945434334,0.8411069390910394
25875,LOF,0.10711407006978806,0.03224397688330705,0.8606419530469049
25876,LOF,0.03471412308508267,0.034559949225570444,0.9307259276893468
25877,Neutral,0.48999399702584695,0.0370697143634671,0.472936288610686
25878,LOF,0.2384204624540607,0.06343215643512723,0.698147381110812
25879,LOF,0.1081343268940392,0.0728997531539313,0.8189659199520295
25880,LOF,0.02317698142524679,0.016524827874616295,0.9602981907001368
25881,LOF,0.16164171886490006,0.10723378883062368,0.7311244923044762
25882,LOF,0.06536559848494485,0.016280770445557965,0.9183536310694973
25883,LOF,0.0787971741679857,0.018520333312435966,0.9026824925195783
25884,LOF,0.03511785060649341,0.029002092485538995,0.9358800569079677
25885,LOF,0.060166397412884653,0.01172325758724145,0.9281103449998739
25886,LOF,0.2531153868424957,0.03272087431075074,0.7141637388467534
25887,LOF,0.1549062835740932,0.06203479976879251,0.7830589166571142
25888,LOF,0.07253778790814674,0.055340293694358875,0.8721219183974943
25889,LOF,0.04316141917841603,0.020027716723625383,0.9368108640979586
25890,LOF,0.05287104850295631,0.1548410456923008,0.7922879058047428
25891,LOF,0.03966274676534182,0.05728818044305499,0.9030490727916032
25892,LOF,0.09299729254736397,0.023623409525163792,0.8833792979274723
25893,LOF,0.23927590263033124,0.022246398036995907,0.7384776993326728
25894,LOF,0.16342208939883668,0.01337259366725388,0.8232053169339094
25895,LOF,0.20167159015303004,0.02236427314976831,0.7759641366972015
25896,LOF,0.04858228673040097,0.02869154305497236,0.9227261702146268
25897,LOF,0.24543540745184259,0.014820426738154778,0.7397441658100027
25898,Neutral,0.7115102656604214,0.011423244981377076,0.2770664893582016
25899,LOF,0.20726564882324625,0.025761720994561216,0.7669726301821926
25900,LOF,0.4272957911862423,0.017841989103881087,0.5548622197098767
25901,LOF,0.043923820926919564,0.013331208278324227,0.9427449707947562
25902,LOF,0.13930720835951846,0.014124951148894761,0.8465678404915868
25903,Neutral,0.5385625904426854,0.02959727233969133,0.4318401372176234
25904,LOF,0.2712968564273183,0.059354359324016316,0.6693487842486654
25905,LOF,0.027706429899624452,0.3326810369557005,0.639612533144675
25906,LOF,0.03489737377656361,0.07612607424444823,0.8889765519789881
25907,LOF,0.01675314632214408,0.34676914215864885,0.636477711519207
25908,LOF,0.01138999960034193,0.25012831554350884,0.7384816848561493
25909,LOF,0.013431150755981426,0.1487258138023437,0.8378430354416749
25910,LOF,0.050280542637553,0.1349036919205464,0.8148157654419006
25911,LOF,0.18845598765987615,0.018872727773064948,0.7926712845670589
25912,LOF,0.0453121831856742,0.03889158737897499,0.9157962294353508
25913,LOF,0.30577589628617086,0.017806865362028357,0.6764172383518008
25914,LOF,0.019820216814051654,0.09016755746279095,0.8900122257231573
25915,Neutral,0.5268197036619431,0.2839915427161794,0.1891887536218775
25916,LOF,0.08016183479748505,0.3180946290612114,0.6017435361413035
25917,LOF,0.06253727836616305,0.06798589678581067,0.8694768248480264
25918,LOF,0.02586131163267725,0.05715763497289573,0.9169810533944271
25919,LOF,0.022145530685605454,0.06488359266329614,0.9129708766510984
25920,GOF,0.10277028416997214,0.503402508562481,0.39382720726754683
25921,LOF,0.022399502741252807,0.02983945844348039,0.9477610388152669
25922,LOF,0.030671168297133036,0.021181231888049667,0.9481475998148172
25923,LOF,0.41125106757998603,0.021843946871041606,0.5669049855489724
25924,LOF,0.03304768206648611,0.0406452385874713,0.9263070793460426
25925,LOF,0.06389498040271856,0.028975329066857618,0.9071296905304238
25926,LOF,0.04706684109843497,0.024084217521890553,0.9288489413796743
25927,LOF,0.06196187238137494,0.07629463891234799,0.861743488706277
25928,LOF,0.017638751074145843,0.03940153844392196,0.9429597104819322
25929,Neutral,0.5338712158567994,0.023807839388088052,0.4423209447551125
25930,LOF,0.05026303042005799,0.020144158393322086,0.92959281118662
25931,LOF,0.022845816668005003,0.023833028284410078,0.953321155047585
25932,LOF,0.02639885459466115,0.019431229067540867,0.954169916337798
25933,LOF,0.03645491678927934,0.013062544043194659,0.950482539167526
25934,LOF,0.02441554484755137,0.01638832195139906,0.9591961332010496
25935,LOF,0.05777364581791516,0.034017744330910114,0.9082086098511747
25936,LOF,0.04413155886252728,0.017444423176349574,0.9384240179611231
25937,LOF,0.02449230430450156,0.028897177358906085,0.9466105183365923
25938,LOF,0.06036424773343798,0.037853119272421736,0.9017826329941403
25939,LOF,0.04005884029033389,0.01379578854418544,0.9461453711654807
25940,LOF,0.02799743621199096,0.3753160036315783,0.5966865601564307
25941,LOF,0.19230672368762786,0.09500500754138012,0.712688268770992
25942,LOF,0.01577433042380224,0.03463758687611928,0.9495880827000784
25943,LOF,0.31534239437085604,0.06544192273430863,0.6192156828948353
25944,Neutral,0.4873074060539113,0.025854278192998233,0.4868383157530905
25945,LOF,0.06656227374216982,0.022947573962833746,0.9104901522949965
25946,LOF,0.02418291436193574,0.15136876138541477,0.8244483242526495
25947,LOF,0.12069752826556217,0.2391477746036123,0.6401546971308255
25948,LOF,0.42341443949550905,0.007360881273391276,0.5692246792310998
25949,LOF,0.10259293249060421,0.029606219519547918,0.8678008479898478
25950,GOF,0.26735580732180764,0.4023163158034428,0.3303278768747497
25951,LOF,0.23985557014765416,0.22572622519275246,0.5344182046595933
25952,LOF,0.04725190108149078,0.43798809755534684,0.5147600013631624
25953,LOF,0.16563665683545156,0.10637450478545257,0.7279888383790959
25954,Neutral,0.46122500272129446,0.17254346905051213,0.3662315282281933
25955,LOF,0.053071528864632136,0.08958883443700089,0.857339636698367
25956,LOF,0.18327294375353476,0.11107193871329842,0.7056551175331669
25957,LOF,0.03659427324241669,0.03128738415827356,0.9321183425993097
25958,LOF,0.06226720895367965,0.028559737838838476,0.9091730532074818
25959,LOF,0.07203550743637224,0.3866397490812551,0.5413247434823727
25960,LOF,0.01690193911971518,0.05231272036227827,0.9307853405180064
25961,LOF,0.051260777992742805,0.031186237326415893,0.9175529846808413
25962,LOF,0.06553684440567893,0.024039385489758137,0.9104237701045629
25963,LOF,0.054171275364461355,0.1724481419320209,0.7733805827035177
25964,LOF,0.04191982650685109,0.1484025275861997,0.8096776459069492
25965,Neutral,0.4765521210547651,0.07766004387881384,0.44578783506642117
25966,Neutral,0.48281480904080964,0.10514998478022834,0.41203520617896194
25967,LOF,0.0119540421970519,0.06494158928467415,0.9231043685182739
25968,LOF,0.032616060670743706,0.439384280381516,0.5279996589477404
25969,LOF,0.03163692380773371,0.0538313655478546,0.9145317106444116
25970,LOF,0.06327405996648823,0.054398181291749975,0.8823277587417618
25971,LOF,0.0750019054295966,0.016440555421150183,0.9085575391492533
25972,LOF,0.07644089556613014,0.023263670252245867,0.900295434181624
25973,LOF,0.07282540511813163,0.010756882851534356,0.916417712030334
25974,LOF,0.2003878398248818,0.01979829217039801,0.7798138680047202
25975,LOF,0.04859331564381904,0.0348846995751504,0.9165219847810305
25976,LOF,0.042515387695037155,0.01859069361597986,0.9388939186889829
25977,LOF,0.1434921810974621,0.10657865150535309,0.7499291673971848
25978,LOF,0.14246345881725253,0.07073456137209816,0.7868019798106494
25979,LOF,0.13091754344581583,0.07098623418799614,0.7980962223661879
25980,LOF,0.2229261513192546,0.08855856958016063,0.6885152791005847
25981,LOF,0.25332936095564074,0.08579921927194241,0.6608714197724168
25982,LOF,0.4166097544668681,0.058236595543828006,0.5251536499893039
25983,LOF,0.3777605445955923,0.06346195053372719,0.5587775048706806
25984,LOF,0.0483461648130683,0.04039180282482229,0.9112620323621093
25985,LOF,0.03318301712420342,0.21967522928865335,0.7471417535871433
25986,LOF,0.03870556708079199,0.25950462968225124,0.7017898032369567
25987,LOF,0.07516909742186531,0.059614222194146735,0.865216680383988
25988,LOF,0.13829973810569582,0.047074403760052654,0.8146258581342515
25989,LOF,0.02831189584380842,0.09032682811429618,0.8813612760418953
25990,LOF,0.040062617947343976,0.11159573268194604,0.84834164937071
25991,LOF,0.1377286589793522,0.2957779603471198,0.5664933806735281
25992,LOF,0.3229824229311271,0.15352551299946898,0.523492064069404
25993,LOF,0.024586199822379855,0.078407861196625,0.8970059389809951
25994,LOF,0.018125778475274062,0.11655543111944087,0.865318790405285
25995,LOF,0.02738274454802788,0.2366322459857192,0.735985009466253
25996,GOF,0.3062870853854771,0.44200053700244946,0.2517123776120734
25997,LOF,0.07611822593363303,0.45461362898411595,0.46926814508225106
25998,Neutral,0.555554401438346,0.019503714453282757,0.42494188410837125
25999,LOF,0.11687619896016001,0.10499044091836689,0.778133360121473
26000,LOF,0.17028004080648607,0.04762292376697024,0.7820970354265436
26001,LOF,0.20156056510903966,0.04990081014246716,0.7485386247484932
26002,LOF,0.13193020794965316,0.046604484538481934,0.8214653075118649
26003,GOF,0.010013696618438091,0.5867072226407823,0.40327908074077956
26004,GOF,0.0177216729008981,0.6559301961807305,0.32634813091837134
26005,LOF,0.007512879676878816,0.4467056668538386,0.5457814534692826
26006,Neutral,0.537616208434396,0.24156062097801057,0.2208231705875934
26007,GOF,0.022014449420026203,0.5643754094665863,0.41361014111338756
26008,GOF,0.016764923008118316,0.6282815019236984,0.35495357506818326
26009,GOF,0.019232040860963917,0.6647750929888314,0.3159928661502046
26010,GOF,0.021303286651356702,0.6479626431625368,0.3307340701861064
26011,LOF,0.0065274516908666366,0.45235434296123284,0.5411182053479006
26012,GOF,0.012735104452319504,0.5472043739551048,0.4400605215925757
26013,GOF,0.019356974442963068,0.6118933014045645,0.3687497241524724
26014,LOF,0.042280934042122034,0.10736575096948636,0.8503533149883917
26015,LOF,0.2255458217216765,0.007968875601386077,0.7664853026769374
26016,LOF,0.19605291252296211,0.045319798467619035,0.7586272890094188
26017,LOF,0.2246839402017754,0.07225074813089033,0.7030653116673343
26018,LOF,0.0906955911469825,0.024580600814483787,0.8847238080385337
26019,LOF,0.08708522400935974,0.01892368259029987,0.8939910934003403
26020,LOF,0.06848469726604467,0.08457996175702659,0.8469353409769287
26021,LOF,0.04693352413857843,0.0880748608046038,0.8649916150568178
26022,LOF,0.0106989476319183,0.030700159770115375,0.9586008925979663
26023,LOF,0.10406674277960556,0.01687969084644165,0.8790535663739528
26024,LOF,0.03388333227365352,0.09784098177213583,0.8682756859542106
26025,LOF,0.1730546864702881,0.07792595805051314,0.7490193554791987
26026,LOF,0.3352344351490762,0.021991710792326896,0.642773854058597
26027,LOF,0.08055891357011678,0.012693396706634386,0.9067476897232489
26028,LOF,0.1742520186801486,0.06209133347190225,0.7636566478479492
26029,LOF,0.07388017116714474,0.19908078927792397,0.7270390395549313
26030,LOF,0.023514953799725628,0.06133613245204932,0.9151489137482249
26031,LOF,0.027786901998828155,0.14458419952125473,0.8276288984799172
26032,LOF,0.06074421821211465,0.0740246807742332,0.8652311010136522
26033,LOF,0.10928064959165233,0.09120534670029463,0.799514003708053
26034,LOF,0.042648188741265566,0.1715711497151326,0.7857806615436018
26035,LOF,0.026762979774422133,0.1594328719837971,0.8138041482417807
26036,LOF,0.03844796810499209,0.1802704567957274,0.7812815750992804
26037,LOF,0.02213077731878522,0.12765487305305942,0.8502143496281555
26038,LOF,0.05631965029762894,0.07815947314296237,0.8655208765594088
26039,LOF,0.051522863300873176,0.16303555178448897,0.7854415849146378
26040,LOF,0.18327210880375602,0.15058365145357402,0.66614423974267
26041,LOF,0.022020863675895275,0.11930418371428538,0.8586749526098194
26042,LOF,0.021050563422908314,0.11279944408550344,0.8661499924915882
26043,LOF,0.05668860288172554,0.09066230129521333,0.8526490958230611
26044,LOF,0.020344075473247233,0.07984292885911266,0.8998129956676401
26045,LOF,0.06919841230709631,0.10205318133883648,0.8287484063540672
26046,LOF,0.05794137409519274,0.08970883548460286,0.8523497904202044
26047,LOF,0.0802799453526431,0.09380134058329193,0.825918714064065
26048,LOF,0.04593682009084849,0.048235897513945185,0.9058272823952064
26049,Neutral,0.9611589628321532,0.008387580000380715,0.03045345716746617
26050,Neutral,0.9452443991136744,0.011225494195060793,0.043530106691264676
26051,LOF,0.046700283859743,0.2449872373834372,0.7083124787568197
26052,LOF,0.06935202127878456,0.2852065682623121,0.6454414104589034
26053,LOF,0.054183290461443996,0.14639113465661913,0.7994255748819369
26054,LOF,0.05661203794708056,0.016457565156301347,0.926930396896618
26055,LOF,0.07869678081196724,0.0144726119391167,0.9068306072489161
26056,LOF,0.06338688689315013,0.015882068137561243,0.9207310449692887
26057,LOF,0.028952478368932028,0.01142936717234144,0.9596181544587266
26058,LOF,0.030149149160511,0.009053058957705865,0.9607977918817832
26059,LOF,0.299688173092432,0.022955765270707914,0.6773560616368601
26060,LOF,0.03725429046122016,0.15988662465653392,0.8028590848822459
26061,LOF,0.017521231244624208,0.010347143425911249,0.9721316253294646
26062,LOF,0.010418618883837173,0.01680343383231164,0.9727779472838511
26063,LOF,0.022663625528722676,0.01137096000074749,0.9659654144705297
26064,LOF,0.02132834887663018,0.01914739979087434,0.9595242513324955
26065,LOF,0.025094131916745793,0.010407295311751106,0.9644985727715032
26066,LOF,0.02115108609715918,0.011181697044827714,0.967667216858013
26067,LOF,0.028076433013863304,0.008304785036446353,0.9636187819496903
26068,LOF,0.046974354677251605,0.028919026943844326,0.9241066183789041
26069,LOF,0.24268566745184958,0.01817125130380421,0.7391430812443462
26070,LOF,0.394572408705778,0.014600510403845213,0.5908270808903768
26071,LOF,0.023891990315822446,0.011408485387958077,0.9646995242962195
26072,LOF,0.020434064631291535,0.015247573204029918,0.9643183621646785
26073,LOF,0.024697891318879887,0.010513343035928407,0.9647887656451917
26074,Neutral,0.9200971781801289,0.005267820190534512,0.07463500162933664
26075,LOF,0.04560990410323488,0.014808797323552256,0.9395812985732128
26076,LOF,0.0447567433053909,0.008415159640140198,0.9468280970544688
26077,LOF,0.01000798539128242,0.016399868291816284,0.9735921463169014
26078,LOF,0.012793535974674936,0.010990125746200058,0.9762163382791251
26079,LOF,0.05907088770993854,0.01687634075928178,0.9240527715307797
26080,LOF,0.05813127458573524,0.016942200768993103,0.9249265246452717
26081,LOF,0.035194964550411836,0.006045448613713759,0.9587595868358744
26082,LOF,0.013818485088955097,0.014530487499557659,0.9716510274114872
26083,LOF,0.1288833664113104,0.01261757809819797,0.8584990554904917
26084,LOF,0.029795997498778835,0.011563359409424184,0.9586406430917969
26085,LOF,0.025487801217969758,0.010978052199629258,0.9635341465824011
26086,LOF,0.024203531274968635,0.011520092951340941,0.9642763757736904
26087,LOF,0.02880162874150488,0.008276657558015795,0.9629217137004794
26088,LOF,0.01636495092480811,0.02201729601977163,0.9616177530554202
26089,LOF,0.046552086312392896,0.02059805050336807,0.932849863184239
26090,LOF,0.04491768427686281,0.01674878132892737,0.9383335343942099
26091,LOF,0.04069204431479075,0.0061311013124292464,0.95317685437278
26092,LOF,0.02754679717817576,0.007724702956528662,0.9647284998652956
26093,LOF,0.040289446151737233,0.005718700413690089,0.9539918534345728
26094,LOF,0.04313399278086263,0.006061903599289813,0.9508041036198476
26095,LOF,0.04096321085450086,0.012729422115062885,0.9463073670304362
26096,LOF,0.01910606451878201,0.011126880867418153,0.9697670546137998
26097,LOF,0.012348264078753972,0.030635278389782295,0.9570164575314637
26098,LOF,0.07285237259828051,0.009732197179905037,0.9174154302218144
26099,LOF,0.025919389815450233,0.011451510322668683,0.962629099861881
26100,LOF,0.028337403319236294,0.011241359707720052,0.9604212369730436
26101,LOF,0.056627645295766645,0.013699873333464254,0.9296724813707692
26102,LOF,0.025709085035012933,0.013219184129536316,0.9610717308354507
26103,Neutral,0.8910661471077482,0.017535200275821252,0.09139865261643046
26104,LOF,0.07806265889798404,0.023155910846857287,0.8987814302551587
26105,LOF,0.1933431642752388,0.3023028352691328,0.5043540004556284
26106,LOF,0.20490360075212738,0.13424697058654383,0.6608494286613288
26107,LOF,0.24019074689587558,0.090835246184587,0.6689740069195375
26108,LOF,0.24501690179758318,0.12508454938562302,0.6298985488167937
26109,LOF,0.10522518342821384,0.07139019398585085,0.8233846225859354
26110,LOF,0.2873245186775405,0.007049189318280582,0.7056262920041789
26111,Neutral,0.4947495309495749,0.02035998727918896,0.48489048177123606
26112,LOF,0.03243734988238682,0.006390555341231909,0.9611720947763813
26113,LOF,0.05445114867523929,0.013596899246945756,0.931951952077815
26114,LOF,0.02688156370664846,0.020941304764998208,0.9521771315283534
26115,LOF,0.09291614819762686,0.041111345928187874,0.8659725058741853
26116,LOF,0.061011753235425174,0.03904969376960076,0.899938552994974
26117,LOF,0.44337518296658424,0.05184851387881456,0.5047763031546012
26118,LOF,0.036057353792956805,0.02615019318489448,0.9377924530221489
26119,LOF,0.02366023386979964,0.04395148169675457,0.9323882844334459
26120,LOF,0.029487868382652705,0.024436249363219222,0.9460758822541281
26121,LOF,0.03901449453829631,0.08557838079549845,0.8754071246662052
