feature0,prediction,LoGoFunc_Neutral,LoGoFunc_GOF,LoGoFunc_LOF
25546,Neutral,0.6095025825889576,0.05487809226042306,0.3356193251506193
25547,Neutral,0.5133780553241811,0.08901216198114437,0.3976097826946745
25548,Neutral,0.4821530985666155,0.0693691179896783,0.4484777834437062
25549,LOF,0.41845013813334947,0.07098741273727506,0.5105624491293754
25550,LOF,0.33388816486062195,0.10658348615501785,0.5595283489843602
25551,LOF,0.30725114393937963,0.11510806055755475,0.5776407955030656
25552,LOF,0.2810818512374716,0.11498226578908924,0.6039358829734391
25553,Neutral,0.7820504927230267,0.043371125604805855,0.17457838167216752
25554,LOF,0.32154687368225154,0.10044963543326199,0.5780034908844864
25555,LOF,0.2726049207291948,0.09478742312337225,0.632607656147433
25556,LOF,0.4391970692350971,0.09003608153093465,0.4707668492339683
25557,LOF,0.26638233114383864,0.09947783587472597,0.6341398329814354
25558,LOF,0.3173424167050181,0.10072749648080076,0.5819300868141811
25559,LOF,0.2622608037258395,0.16875293761757926,0.5689862586565813
25560,LOF,0.1685854425881953,0.11206227608441435,0.7193522813273903
25561,LOF,0.15420749377932091,0.13956456531667172,0.7062279409040074
25562,LOF,0.07754137349925337,0.08414120921126321,0.8383174172894834
25563,LOF,0.03067367588590412,0.14811594555716773,0.8212103785569282
25564,LOF,0.20465222496263227,0.13855523366631986,0.6567925413710478
25565,LOF,0.21646006768565026,0.1431265570627294,0.6404133752516203
25566,GOF,0.08045033884189846,0.685439800301047,0.2341098608570546
25567,LOF,0.04068061248264526,0.18542094673502404,0.7738984407823307
25568,LOF,0.0613077165206399,0.10222918386656413,0.836463099612796
25569,LOF,0.05974487553227557,0.10062351470098611,0.8396316097667383
25570,LOF,0.026596929171746154,0.13400073168295187,0.839402339145302
25571,LOF,0.026808937310234246,0.13818726075828983,0.8350038019314758
25572,LOF,0.06623737101164022,0.1486365207682092,0.7851261082201505
25573,LOF,0.06092684310324454,0.11784596960106032,0.8212271872956951
25574,LOF,0.05414733959997406,0.2559407735473708,0.6899118868526551
25575,LOF,0.022216421021140742,0.144355480477015,0.8334280985018443
25576,LOF,0.029748548818785123,0.19706895388208812,0.7731824972991269
25577,LOF,0.033183593898060894,0.14106933220449228,0.8257470738974467
25578,LOF,0.28355248383664566,0.12536345918241504,0.5910840569809392
25579,LOF,0.1346155653708571,0.12790262874482738,0.7374818058843156
25580,LOF,0.019233368312712773,0.1055939235386802,0.875172708148607
25581,LOF,0.05273936967510593,0.0938696980452989,0.8533909322795951
25582,LOF,0.052444048431160885,0.09208494150091093,0.8554710100679283
25583,LOF,0.021002821023476285,0.11487558941228491,0.8641215895642389
25584,Neutral,0.6646767859087632,0.1530618290203491,0.18226138507088768
25585,LOF,0.020032702329886517,0.19322983544917138,0.786737462220942
25586,LOF,0.016232294045099863,0.10268484751038738,0.8810828584445128
25587,LOF,0.016143990680593624,0.09180748517457206,0.8920485241448343
25588,LOF,0.0197175424807815,0.10365705221650058,0.876625405302718
25589,Neutral,0.47586216995800873,0.27305491850491387,0.25108291153707724
25590,LOF,0.0460245884972925,0.158214924494993,0.7957604870077145
25591,LOF,0.08980234110315119,0.0827652272264054,0.8274324316704436
25592,LOF,0.04883282667821421,0.1894011201316077,0.7617660531901781
25593,LOF,0.10532975048819851,0.35012347720066933,0.5445467723111321
25594,LOF,0.04990919568823416,0.08172163840065674,0.8683691659111091
25595,LOF,0.048193919986937464,0.06096947635028715,0.8908366036627753
25596,LOF,0.09987788803417415,0.030070022627978085,0.8700520893378477
25597,LOF,0.08019543626239037,0.036934688888635346,0.8828698748489744
25598,LOF,0.0464074247604655,0.06150809316019163,0.8920844820793428
25599,LOF,0.0198175286928792,0.4372082718132548,0.542974199493866
25600,GOF,0.17061404652014903,0.44970501328547124,0.3796809401943797
25601,LOF,0.03682273413073021,0.3421157315347838,0.6210615343344859
25602,LOF,0.03558403401098854,0.06376852778014068,0.9006474382088708
25603,LOF,0.038328939300659136,0.03824467308544916,0.9234263876138917
25604,LOF,0.03807113187728533,0.08177906706323007,0.8801498010594845
25605,LOF,0.03356934608046587,0.20166162951197467,0.7647690244075595
25606,LOF,0.4001676342502886,0.1331441743081785,0.46668819144153295
25607,LOF,0.030353636195583372,0.17918374787553892,0.7904626159288777
25608,LOF,0.040136947059216825,0.07903294142109639,0.8808301115196867
25609,GOF,0.1535631404206328,0.5383884849749749,0.30804837460439216
25610,LOF,0.014724711425678171,0.044052054049335695,0.9412232345249861
25611,LOF,0.012559011815670228,0.04509594532628457,0.9423450428580452
25612,LOF,0.04512794443550209,0.06700488002614581,0.8878671755383521
25613,LOF,0.04494895767776847,0.06395777864828758,0.8910932636739439
25614,LOF,0.022003990400805334,0.03881713834253977,0.9391788712566548
25615,LOF,0.04079233127180557,0.06894308217277055,0.8902645865554237
25616,LOF,0.04584073555280838,0.039895602862738584,0.914263661584453
25617,LOF,0.039570213898489366,0.05382686848673566,0.9066029176147751
25618,LOF,0.04111639318026578,0.05373043997728902,0.9051531668424452
25619,LOF,0.012084934135605767,0.05149028975844827,0.9364247761059459
25620,LOF,0.057678591890942696,0.06066894360905014,0.8816524645000072
25621,LOF,0.057285036908951904,0.057538572241589085,0.885176390849459
25622,LOF,0.06230602763818443,0.05533710907195664,0.882356863289859
25623,LOF,0.06595599418900193,0.04314617621529658,0.8908978295957014
25624,LOF,0.017777303610989666,0.05090017734085801,0.9313225190481523
25625,LOF,0.060334178718380725,0.05923274913355097,0.8804330721480683
25626,LOF,0.04256568923692684,0.06160816056692379,0.8958261501961494
25627,Neutral,0.883400901916173,0.021753535936436672,0.09484556214739032
25628,LOF,0.14604826071176993,0.06310654560148714,0.7908451936867429
25629,LOF,0.0702956668193667,0.054506292407046984,0.8751980407735863
25630,LOF,0.268004621245712,0.0737840687911811,0.658211309963107
25631,Neutral,0.5475068832564847,0.07494153392123534,0.3775515828222801
25632,LOF,0.024898208119492997,0.07664718879003433,0.8984546030904728
25633,LOF,0.16340778494197933,0.04643981996081375,0.7901523950972069
25634,LOF,0.03415620112160693,0.09959003372256958,0.8662537651558234
25635,LOF,0.03294172087967786,0.05105767779718092,0.9160006013231412
25636,LOF,0.03103142352907889,0.46375833702249686,0.5052102394484242
25637,GOF,0.06216624498904703,0.5286688151708907,0.40916493984006225
25638,LOF,0.0293269440728685,0.3842567578443941,0.5864162980827373
25639,LOF,0.028320850410691243,0.3897267852907196,0.5819523642985892
25640,Neutral,0.798614823699185,0.14560264440321408,0.05578253189760094
25641,GOF,0.06808190103345327,0.5262279435532311,0.40569015541331555
25642,LOF,0.05366873605206885,0.1913065790229,0.7550246849250312
25643,LOF,0.16975278741288838,0.15350708008792685,0.6767401324991847
25644,LOF,0.02608881796178645,0.4695049936205583,0.5044061884176553
25645,LOF,0.027682170230826125,0.43972213862517534,0.5325956911439985
25646,LOF,0.0652406730185688,0.32727170112926374,0.6074876258521675
25647,LOF,0.03073578720728504,0.2861305119076512,0.6831337008850639
25648,LOF,0.03671977906433131,0.2693243104783431,0.6939559104573255
25649,LOF,0.019837268985064816,0.24205353834606017,0.738109192668875
25650,LOF,0.059508690600720254,0.42677120050546696,0.5137201088938128
25651,LOF,0.022020875176823017,0.2889844492367951,0.6889946755863818
25652,LOF,0.03487711303599834,0.28162048928101774,0.6835023976829839
25653,LOF,0.09083398629186347,0.42194337232238216,0.48722264138575433
25654,LOF,0.022140038401865725,0.26348670251658407,0.7143732590815502
25655,GOF,0.24861938976639653,0.3984108619149661,0.35296974831863737
25656,LOF,0.36628439612936153,0.06959520186649862,0.5641204020041398
25657,LOF,0.06575554150902016,0.0715143960118188,0.862730062479161
25658,LOF,0.38802330735649504,0.08278151366693119,0.5291951789765739
25659,Neutral,0.5220444792766298,0.10660205500859857,0.3713534657147717
25660,LOF,0.022840521345392807,0.08509901021621401,0.8920604684383933
25661,LOF,0.09780590103726788,0.053745843717063264,0.8484482552456688
25662,LOF,0.03427620320351054,0.03051666792701052,0.9352071288694789
25663,LOF,0.04315795215951852,0.04167597866403454,0.9151660691764468
25664,LOF,0.12817885748020647,0.061872305523971084,0.8099488369958224
25665,LOF,0.05786393314959873,0.029666052229880693,0.9124700146205206
25666,LOF,0.09969933462560464,0.0595412783175244,0.8407593870568709
25667,LOF,0.07319506585826271,0.03900144349763506,0.8878034906441021
25668,LOF,0.037597821978127624,0.04716973906718997,0.9152324389546823
25669,LOF,0.03292693762358301,0.04261427710753885,0.9244587852688781
25670,LOF,0.15255936537651923,0.05445905753750462,0.7929815770859762
25671,LOF,0.11586113908936965,0.03182889134353059,0.8523099695670997
25672,LOF,0.053446072978071274,0.03982276710810134,0.9067311599138275
25673,LOF,0.08038716221580113,0.04618941444813732,0.8734234233360616
25674,LOF,0.07026978960414886,0.055545812804859575,0.8741843975909916
25675,LOF,0.10725625636634313,0.05753924624644242,0.8352044973872144
25676,LOF,0.019673415028652334,0.04933381130200936,0.9309927736693383
25677,LOF,0.026675895094622343,0.06430037872846552,0.9090237261769121
25678,LOF,0.19559671307814833,0.06097720903125227,0.7434260778905993
25679,LOF,0.11597320739152372,0.06854024672731947,0.8154865458811569
25680,LOF,0.03379912538970346,0.11305093634662651,0.8531499382636701
25681,LOF,0.04919127064669237,0.10195355474085256,0.8488551746124551
25682,LOF,0.13939402324811234,0.06622141881648903,0.7943845579353986
25683,LOF,0.11270809501515427,0.07524760553449292,0.8120442994503528
25684,LOF,0.042707943909165436,0.060782111056470134,0.8965099450343644
25685,LOF,0.1337449876468346,0.07172477107794901,0.7945302412752164
25686,LOF,0.08241805104545166,0.0936739484830237,0.8239080004715247
25687,LOF,0.13458712424912808,0.1030098360248699,0.7624030397260021
25688,LOF,0.33147046091761245,0.04399601840709744,0.6245335206752901
25689,LOF,0.2657772469970343,0.04825759834629056,0.6859651546566751
25690,LOF,0.33799311025945494,0.03558505081468657,0.6264218389258586
25691,Neutral,0.7070940769765665,0.03135288080973918,0.26155304221369435
25692,LOF,0.3714506396194571,0.011889138077956152,0.6166602223025867
25693,LOF,0.045739365503810796,0.42621659802372586,0.5280440364724633
25694,LOF,0.12063220170011417,0.01585664838924441,0.8635111499106415
25695,LOF,0.11551348908049529,0.014842381950577068,0.8696441289689275
25696,LOF,0.12009146019869266,0.010827161510771108,0.8690813782905363
25697,LOF,0.08585538583026507,0.04688006722007202,0.8672645469496629
25698,LOF,0.3586897678874602,0.14787851146788572,0.4934317206446542
25699,Neutral,0.4809253683036192,0.041034762837929624,0.4780398688584511
25700,LOF,0.07901881492453923,0.009293604944732052,0.9116875801307288
25701,LOF,0.16815219889783323,0.05286249258899673,0.77898530851317
25702,GOF,0.1629706548172128,0.5705290731063004,0.2665002720764868
25703,LOF,0.0171260669606408,0.1503839664050844,0.8324899666342748
25704,LOF,0.0408223696521051,0.10847627249609612,0.8507013578517988
25705,LOF,0.0501263305887454,0.14928346994116268,0.8005901994700919
25706,LOF,0.09659176728118865,0.40639419934928306,0.49701403336952826
25707,LOF,0.0846065996464101,0.3848006020194592,0.5305927983341306
25708,LOF,0.03307983333920779,0.3456589275974784,0.6212612390633139
25709,LOF,0.0688905097548454,0.04464116546212494,0.8864683247830297
25710,LOF,0.011736625866911526,0.1907715896536011,0.7974917844794874
25711,LOF,0.02107523525638734,0.0956926422955309,0.8832321224480817
25712,LOF,0.013688392390669527,0.2148611973585414,0.771450410250789
25713,LOF,0.019573009845874432,0.08929958224294976,0.891127407911176
25714,LOF,0.07852272603775529,0.09026034681545364,0.8312169271467911
25715,LOF,0.011741204814831065,0.1499402281841851,0.838318567000984
25716,LOF,0.01148754459499071,0.11373609788234743,0.8747763575226618
25717,LOF,0.015363798678175352,0.08218451608054322,0.9024516852412814
25718,LOF,0.011782583145420425,0.10016984329371707,0.8880475735608625
25719,LOF,0.019225812342306168,0.08948022993168163,0.8912939577260122
25720,LOF,0.02488997987954264,0.0763482954434002,0.8987617246770572
25721,LOF,0.01359442381724624,0.12168234821430048,0.8647232279684531
25722,LOF,0.014400789636039777,0.13054135918208412,0.8550578511818762
25723,LOF,0.023932967653956246,0.05112775510865528,0.9249392772373884
25724,LOF,0.03221888631714965,0.08729919646387241,0.880481917218978
25725,LOF,0.011621457951035745,0.08151969536019002,0.9068588466887741
25726,LOF,0.015917059891086487,0.11338980364257448,0.870693136466339
25727,LOF,0.012196104669123088,0.08673575899304631,0.9010681363378307
25728,LOF,0.010453946027793164,0.11846312431167144,0.8710829296605355
25729,LOF,0.01077636912751481,0.12024597083653583,0.8689776600359493
25730,LOF,0.014104351597131411,0.09742155018883203,0.8884740982140366
25731,LOF,0.018376340103276916,0.12047608058056981,0.8611475793161533
25732,LOF,0.014307381012334003,0.08655336631454712,0.8991392526731189
25733,LOF,0.015999292785993508,0.07751922625763179,0.9064814809563747
25734,LOF,0.009900948036544985,0.14216545449464052,0.8479335974688145
25735,LOF,0.01220763248611146,0.09633093516365952,0.8914614323502291
25736,LOF,0.013597992397521042,0.1050206567311037,0.8813813508713754
25737,LOF,0.012681377944480824,0.08826017618696157,0.8990584458685575
25738,LOF,0.01218330357326209,0.12420710935708147,0.8636095870696564
25739,LOF,0.021395060906537273,0.08914343969694934,0.8894614993965134
25740,LOF,0.025703805734780455,0.12766963919013435,0.8466265550750852
25741,LOF,0.015690612440426525,0.13406560378106577,0.8502437837785077
25742,LOF,0.1273836739746075,0.0918748958031697,0.7807414302222229
25743,LOF,0.03719462822442731,0.03970031386830949,0.9231050579072632
25744,Neutral,0.5534049022756456,0.2603779765279675,0.18621712119638673
25745,LOF,0.06301294988201686,0.06462342496586297,0.8723636251521201
25746,LOF,0.045691635981283195,0.08292471008451871,0.8713836539341981
25747,LOF,0.020764816853823136,0.06094947377540391,0.918285709370773
25748,LOF,0.1022385762541369,0.08815505388320655,0.8096063698626565
25749,LOF,0.027876519916604055,0.0841579448723052,0.8879655352110908
25750,LOF,0.07969303943248066,0.08907583904084104,0.8312311215266783
25751,LOF,0.08613149766226524,0.10733790856150084,0.8065305937762338
25752,GOF,0.12181570620749475,0.6005584258407914,0.27762586795171385
25753,LOF,0.0224969252169882,0.2793725190462257,0.6981305557367863
25754,GOF,0.012999539420439968,0.7800478485438666,0.20695261203569337
25755,LOF,0.02903856660297171,0.38757152717835525,0.583389906218673
25756,LOF,0.049560888750914446,0.35030285842206466,0.6001362528270208
25757,GOF,0.016543667787759665,0.8289168045253835,0.15453952768685694
25758,GOF,0.02827678112015118,0.7924552587397605,0.17926796014008836
25759,GOF,0.010683676177871542,0.580474085123832,0.4088422386982965
25760,LOF,0.013754796509746625,0.269608282339703,0.7166369211505503
25761,GOF,0.27090259472749456,0.621874940828427,0.10722246444407837
25762,LOF,0.046912905462311257,0.2559154738012905,0.6971716207363983
25763,LOF,0.01511123187755242,0.20176220338983583,0.7831265647326118
25764,GOF,0.08327207257790767,0.5902947006592513,0.3264332267628411
25765,GOF,0.03874453401718973,0.7202035988696397,0.24105186711317061
25766,GOF,0.07255569841136403,0.7283968902943528,0.19904741129428324
25767,GOF,0.15374978041733348,0.5490364972062927,0.29721372237637383
25768,LOF,0.11267883630301703,0.06432219363703232,0.8229989700599507
25769,LOF,0.05879283016215975,0.06512155709254737,0.876085612745293
25770,LOF,0.3259920253981096,0.10038337558852958,0.5736245990133608
25771,LOF,0.049984234485693835,0.05279243544640993,0.8972233300678962
25772,LOF,0.01885362394622839,0.04493165973867755,0.9362147163150941
25773,LOF,0.045628623290747856,0.10576659321869089,0.8486047834905611
25774,LOF,0.028331672994138007,0.0768948965715397,0.8947734304343223
25775,LOF,0.04879623219338714,0.048296709536604344,0.9029070582700085
25776,LOF,0.08255706718516494,0.025443340044739148,0.8919995927700959
25777,LOF,0.3642753817933763,0.05879547670004578,0.5769291415065778
25778,LOF,0.0729164664010954,0.05008080673389816,0.8770027268650064
25779,GOF,0.35495863903164854,0.5959277739859533,0.04911358698239827
25780,GOF,0.3381632042848037,0.5892187910312481,0.0726180046839483
25781,GOF,0.1264542839458454,0.7675037101709911,0.10604200588316345
25782,GOF,0.19455318606220234,0.7163470412936563,0.0890997726441414
25783,GOF,0.019496954472621265,0.6273273265574103,0.3531757189699685
25784,Neutral,0.49513364414378086,0.4613560354178,0.043510320438419264
25785,Neutral,0.495301361510695,0.46130400280917583,0.04339463568012916
25786,GOF,0.024991198579928674,0.7457107452121946,0.22929805620787666
25787,Neutral,0.661159906634463,0.3127349620113684,0.02610513135416856
25788,LOF,0.057326216788461094,0.1082884662292904,0.8343853169822485
25789,GOF,0.2067626029530526,0.6545870381190936,0.138650358927854
25790,GOF,0.21277619166956815,0.684360146981835,0.10286366134859698
25791,GOF,0.1662202764561762,0.6791388849381667,0.15464083860565714
25792,GOF,0.3781193530420986,0.5052591295672353,0.11662151739066615
25793,GOF,0.2491456899535777,0.5404721615831615,0.21038214846326092
25794,GOF,0.301807833410112,0.5278366940624105,0.17035547252747757
25795,GOF,0.08167549514730284,0.7020199468641747,0.21630455798852236
25796,Neutral,0.5483084230792662,0.3702160225525633,0.08147555436817058
25797,GOF,0.08722300234934328,0.5404038291032631,0.3723731685473935
25798,GOF,0.009193682621872897,0.5144049835282001,0.476401333849927
25799,LOF,0.007347879516962835,0.4138119839214327,0.5788401365616045
25800,GOF,0.03286766536102043,0.6002368553021664,0.3668954793368132
25801,GOF,0.2176977698365197,0.6593315517902912,0.12297067837318913
25802,GOF,0.06023314856846044,0.6859396863184714,0.25382716511306824
25803,GOF,0.04036800618759933,0.5678091253096983,0.3918228685027025
25804,GOF,0.03217442078051616,0.49451886885569885,0.473306710363785
25805,GOF,0.09243510901337426,0.5975892085126174,0.3099756824740083
25806,GOF,0.10894314477727435,0.601157370860202,0.2898994843625236
25807,GOF,0.019954792806385655,0.606172621614932,0.3738725855786822
25808,GOF,0.07961783428841147,0.6092953902204358,0.3110867754911528
25809,GOF,0.020063204587189198,0.6037699371279143,0.37616685828489643
25810,GOF,0.019237450845079922,0.619749873663477,0.361012675491443
25811,GOF,0.44421085263362875,0.4789144182200258,0.07687472914634554
25812,GOF,0.036303428379889015,0.6334387059471112,0.33025786567299975
25813,Neutral,0.5068380187805666,0.39532399894137904,0.0978379822780543
25814,GOF,0.11537687705282385,0.6669708653984369,0.2176522575487393
25815,GOF,0.1864766517179793,0.6351721226419774,0.1783512256400431
25816,GOF,0.02013248315305486,0.6886389288628924,0.2912285879840528
25817,GOF,0.22295023195947147,0.6577766305420631,0.11927313749846544
25818,GOF,0.05115720982633262,0.6466635481855951,0.3021792419880723
25819,GOF,0.37491111177017117,0.48643017749372075,0.1386587107361082
25820,GOF,0.1674029199509744,0.6153051353215679,0.21729194472745758
25821,GOF,0.0568710836918181,0.6904628859013954,0.25266603040678653
25822,GOF,0.22750746069228267,0.5575615888371036,0.21493095047061375
25823,GOF,0.029609945951797344,0.5026285300468121,0.4677615240013905
25824,GOF,0.07783302148069939,0.5527874944594215,0.3693794840598792
25825,GOF,0.02990438038000524,0.5492311121205169,0.4208645074994778
25826,GOF,0.01113054142787714,0.5241420690250996,0.4647273895470232
25827,GOF,0.021266766317879274,0.5719544201302724,0.4067788135518482
25828,GOF,0.012082461524903347,0.4976868890599337,0.490230649415163
25829,GOF,0.006547821882670833,0.577877862944394,0.4155743151729353
25830,LOF,0.034088665727486436,0.30548690008088253,0.6604244341916311
25831,GOF,0.19657471654215722,0.6661430354369551,0.13728224802088776
25832,GOF,0.032093773118396195,0.6899471841283814,0.2779590427532225
25833,GOF,0.12136245688126655,0.6992762451218802,0.17936129799685335
25834,GOF,0.04015817636661537,0.6934379176815991,0.26640390595178554
25835,GOF,0.0855826926116031,0.7340070041226375,0.18041030326575935
25836,GOF,0.04835068189092469,0.6817292683912599,0.2699200497178153
25837,GOF,0.02467688254339303,0.5390297503183503,0.43629336713825667
25838,GOF,0.0807604974774425,0.7323792182048398,0.18686028431771765
25839,GOF,0.30147078966266727,0.5514444502699605,0.14708476006737226
25840,GOF,0.22470275882009985,0.5996337790382225,0.17566346214167766
25841,GOF,0.2532888285153037,0.589210422688003,0.15750074879669315
25842,GOF,0.19307634676628582,0.6492598698085147,0.15766378342519946
25843,GOF,0.26180765677742956,0.6378561171800996,0.10033622604247071
25844,GOF,0.06628871324899734,0.6821869377481012,0.2515243490029014
25845,LOF,0.014980974692589423,0.48055033526079155,0.504468690046619
25846,GOF,0.12965171970868392,0.7006533437700875,0.16969493652122872
25847,GOF,0.12721459240762875,0.7616162788089403,0.11116912878343091
25848,GOF,0.03385307083276131,0.7011718654252062,0.2649750637420325
25849,GOF,0.010652541471234258,0.5900978702310951,0.39924958829767077
25850,GOF,0.021126384997877033,0.6776808382908138,0.3011927767113093
25851,GOF,0.015146259732835721,0.567133482696422,0.4177202575707422
25852,GOF,0.16973145502478665,0.5454619150598854,0.28480662991532807
25853,GOF,0.3755068692857306,0.5581609656391365,0.06633216507513279
25854,GOF,0.021392015056998746,0.6471453563591155,0.33146262858388575
25855,GOF,0.032491295441987374,0.577461105446439,0.39004759911157366
25856,GOF,0.23188826329619328,0.5549107679771907,0.21320096872661598
25857,GOF,0.031857229544853385,0.5048928436740352,0.4632499267811115
25858,GOF,0.016791942542387906,0.557741602276889,0.4254664551807232
25859,GOF,0.00968264081511201,0.5493630298110538,0.44095432937383416
25860,GOF,0.3611811599063412,0.5544366555991148,0.08438218449454399
25861,GOF,0.4245921482292483,0.5002389766490132,0.0751688751217386
25862,GOF,0.0889275145169352,0.767158213958384,0.1439142715246806
25863,GOF,0.08890603074134001,0.7727711006788268,0.1383228685798332
25864,GOF,0.1885855053336323,0.7132480525533538,0.09816644211301391
25865,GOF,0.07949687346980285,0.788078974958513,0.1324241515716841
25866,GOF,0.05826764796172312,0.7900972624206668,0.15163508961761024
25867,GOF,0.08197749697637663,0.810779914684095,0.10724258833952838
25868,GOF,0.2738682780151176,0.6287692996121192,0.0973624223727631
25869,Neutral,0.7053255692002056,0.2562622882468857,0.03841214255290874
25870,GOF,0.3175804151323528,0.3530359073221344,0.32938367754551273
25871,GOF,0.22338293102471926,0.6092859413498262,0.16733112762545466
25872,GOF,0.08236737120379255,0.6387579853593838,0.27887464343682355
25873,GOF,0.15384211929609137,0.6339759026954898,0.21218197800841895
25874,LOF,0.017914748180964588,0.1124616767744945,0.8696235750445409
25875,LOF,0.10743636650404428,0.03404702212224828,0.8585166113737074
25876,LOF,0.037199946817997244,0.03687292367578971,0.9259271295062131
25877,Neutral,0.5148265169501341,0.03817722757874845,0.4469962554711174
25878,LOF,0.228794454588363,0.06849874594608737,0.7027067994655495
25879,LOF,0.08764576119678767,0.08242400971140626,0.8299302290918061
25880,LOF,0.024414719304072418,0.01752538200835194,0.9580598986875756
25881,LOF,0.19260558789090085,0.11102455065898606,0.696369861450113
25882,LOF,0.06540913327286181,0.015166979847451073,0.9194238868796872
25883,LOF,0.08268180848367646,0.01644421331561821,0.9008739782007054
25884,LOF,0.03740084314931911,0.025579413014893596,0.9370197438357872
25885,LOF,0.07050697108980371,0.010013811236319189,0.9194792176738771
25886,LOF,0.26764353380207745,0.02980419103673147,0.7025522751611911
25887,LOF,0.15893314672216816,0.06157549019409127,0.7794913630837405
25888,LOF,0.0667294747999345,0.057526238162455626,0.8757442870376098
25889,LOF,0.05106149699699923,0.017545115519969283,0.9313933874830315
25890,LOF,0.05862309031833414,0.11709778281110046,0.8242791268705654
25891,LOF,0.039728373436651455,0.054706932805761326,0.9055646937575872
25892,LOF,0.09123511359131029,0.02382920198061733,0.8849356844280724
25893,LOF,0.25029000326560585,0.02011460028199661,0.7295953964523976
25894,LOF,0.18978537866755155,0.012955988877316377,0.7972586324551322
25895,LOF,0.21002542562949558,0.021747675960048913,0.7682268984104554
25896,LOF,0.04768922978955965,0.028726089123945427,0.9235846810864948
25897,LOF,0.2582178537574995,0.014396101113364725,0.7273860451291356
25898,Neutral,0.7143616425927801,0.011633590047525769,0.2740047673596942
25899,LOF,0.2207379731779734,0.033697640974166596,0.74556438584786
25900,LOF,0.4539084175558235,0.016772202616259516,0.529319379827917
25901,LOF,0.05142207942806589,0.015587750339585376,0.9329901702323488
25902,LOF,0.1501526640809309,0.015770411831629468,0.8340769240874396
25903,Neutral,0.5226878492550071,0.0341311814678665,0.44318096927712636
25904,LOF,0.27986216525852065,0.07215948170658266,0.6479783530348966
25905,LOF,0.0227226116967445,0.32834759501025756,0.6489297932929979
25906,LOF,0.024122310440615684,0.06702965857542567,0.9088480309839585
25907,LOF,0.015393441661593635,0.32726200319459847,0.6573445551438079
25908,LOF,0.011253400877493061,0.24494164662671378,0.7438049524957931
25909,LOF,0.014074605569753876,0.1300917543177238,0.8558336401125224
25910,LOF,0.049627374675196775,0.13529003647251386,0.8150825888522893
25911,LOF,0.1656265042643285,0.03227410719171708,0.8020993885439544
25912,LOF,0.042178077536454056,0.050813532143242274,0.9070083903203037
25913,LOF,0.31222369170605524,0.022271082914533884,0.6655052253794108
25914,LOF,0.020135573080186892,0.10731372470391955,0.8725507022158935
25915,Neutral,0.4588515583771181,0.31336666127476764,0.22778178034811417
25916,LOF,0.056254134370195226,0.3562456645696449,0.5875002010601599
25917,LOF,0.057795112304828714,0.07153084150509573,0.8706740461900755
25918,LOF,0.026743779798955678,0.06478493345662649,0.9084712867444179
25919,LOF,0.021851682239852496,0.06885806279644889,0.9092902549636986
25920,GOF,0.09390320525605114,0.4826341221526362,0.4234626725913126
25921,LOF,0.027158673280694153,0.030141627949422187,0.9426996987698838
25922,LOF,0.037650285095147784,0.022334357048711916,0.9400153578561403
25923,LOF,0.4142158688256079,0.02275678531147599,0.563027345862916
25924,LOF,0.036462950508837105,0.04062383499643278,0.9229132144947302
25925,LOF,0.06905208409487047,0.029429657276732416,0.9015182586283972
25926,LOF,0.049174110448898495,0.025544697068904137,0.9252811924821973
25927,LOF,0.07414636855804722,0.09741924214215172,0.8284343892998011
25928,LOF,0.02155662070505534,0.0452365240383617,0.9332068552565829
25929,Neutral,0.529813094597719,0.02417373528344913,0.44601317011883185
25930,LOF,0.058512719882124926,0.021334614706923976,0.9201526654109512
25931,LOF,0.03143609557730316,0.02483989962119992,0.9437240048014969
25932,LOF,0.028550435719583978,0.021180645958233102,0.950268918322183
25933,LOF,0.04045157880382609,0.01452286709764799,0.945025554098526
25934,LOF,0.0250602366258894,0.01693156074890285,0.9580082026252077
25935,LOF,0.05955325652359186,0.03567660582511563,0.9047701376512924
25936,LOF,0.04918589386009632,0.02210027220800438,0.9287138339318993
25937,LOF,0.028969098572678174,0.029018740113584154,0.9420121613137378
25938,LOF,0.06338907850857996,0.036836577486306886,0.8997743440051131
25939,LOF,0.03922179597071653,0.012719533303667322,0.9480586707256162
25940,LOF,0.02938185268749569,0.41631926124141266,0.5542988860710916
25941,LOF,0.18635648376726935,0.09294934169633119,0.7206941745363995
25942,LOF,0.017448411534070785,0.035001323295081495,0.9475502651708477
25943,LOF,0.3120197497021873,0.05209014200332459,0.635890108294488
25944,LOF,0.4725668653534628,0.02423353956206518,0.503199595084472
25945,LOF,0.07285138861288741,0.024148677040727904,0.9029999343463846
25946,LOF,0.02567210948395532,0.10324032663409134,0.8710875638819533
25947,LOF,0.09856615898166457,0.21477987397241755,0.686653967045918
25948,LOF,0.4303235235217583,0.010194817489236048,0.5594816589890057
25949,LOF,0.10383590139879709,0.04267253814526077,0.8534915604559422
25950,GOF,0.24599117228510545,0.4290982280634307,0.3249105996514639
25951,LOF,0.254123246025797,0.2537037212418689,0.4921730327323341
25952,LOF,0.04264252023529954,0.44321072451723437,0.5141467552474661
25953,LOF,0.12604226201109722,0.10832691075748667,0.7656308272314162
25954,Neutral,0.42863479314074493,0.18976659392660675,0.38159861293264835
25955,LOF,0.058608577889986926,0.08478018327196231,0.8566112388380508
25956,LOF,0.1770047588560656,0.1169190688044465,0.7060761723394878
25957,LOF,0.03887680890362621,0.03248852053928273,0.928634670557091
25958,LOF,0.06343151455677477,0.02820012066853708,0.9083683647746882
25959,LOF,0.07791718538452615,0.3956061043998952,0.5264767102155786
25960,LOF,0.01913865510655526,0.053609438117184556,0.9272519067762601
25961,LOF,0.05284265651610944,0.029424782108925258,0.9177325613749654
25962,LOF,0.060286006482717786,0.032502976490506194,0.907211017026776
25963,LOF,0.046211225957362885,0.15894810331066916,0.7948406707319681
25964,LOF,0.03766537269395574,0.13090603605256568,0.8314285912534786
25965,LOF,0.45222667031041014,0.0929087805888386,0.4548645491007513
25966,LOF,0.44782428715611333,0.09333070642148597,0.4588450064224007
25967,LOF,0.01248187558303832,0.05588125956745302,0.9316368648495087
25968,LOF,0.030594475844430022,0.4621928976345113,0.5072126265210586
25969,LOF,0.025285277476221966,0.05600792703959932,0.9187067954841787
25970,LOF,0.057984301707491914,0.05582691383798343,0.8861887844545248
25971,LOF,0.07622233502212372,0.015000744023045557,0.9087769209548306
25972,LOF,0.07820401479770775,0.01866100636350097,0.9031349788387913
25973,LOF,0.08206568348275745,0.011362095553220508,0.9065722209640221
25974,LOF,0.2078285737088428,0.017548361770451246,0.774623064520706
25975,LOF,0.048105427509889775,0.0407643165950603,0.9111302558950498
25976,LOF,0.04358270623961689,0.01871313142415641,0.9377041623362267
25977,LOF,0.16177868157510805,0.0930534215658726,0.7451678968590193
25978,LOF,0.1452251592957069,0.0696007992355116,0.7851740414687814
25979,LOF,0.1352959206228713,0.07511702094192335,0.7895870584352054
25980,LOF,0.20836968008841247,0.0932544796743654,0.6983758402372221
25981,LOF,0.2414934658372668,0.09021563131127351,0.6682909028514596
25982,LOF,0.41823570893391243,0.05394291787960751,0.52782137318648
25983,LOF,0.40037258176483437,0.056725182147169706,0.542902236087996
25984,LOF,0.04960430706977952,0.04394358867419105,0.9064521042560294
25985,LOF,0.030255421975331383,0.2070683106707167,0.762676267353952
25986,LOF,0.04072364509700997,0.25246610464876557,0.7068102502542244
25987,LOF,0.0840224216635088,0.0659903020044276,0.8499872763320636
25988,LOF,0.1317510685495712,0.04791162347731023,0.8203373079731184
25989,LOF,0.031262508051666485,0.0908820941872326,0.877855397761101
25990,LOF,0.03780787151506091,0.11780662607691325,0.8443855024080258
25991,LOF,0.17317415391112737,0.29105044247563344,0.5357754036132392
25992,LOF,0.3632795062064314,0.1385053412451488,0.4982151525484197
25993,LOF,0.02438882938925746,0.08255041761963683,0.8930607529911058
25994,LOF,0.017817919284528846,0.11944032894364622,0.862741751771825
25995,LOF,0.02637981294724853,0.21267861406759453,0.7609415729851569
25996,GOF,0.3075342641152265,0.4350763389182158,0.25738939696655777
25997,GOF,0.09147263561533259,0.4642691369178906,0.44425822746677684
25998,Neutral,0.5291616877243009,0.025572622036521428,0.4452656902391777
25999,LOF,0.10069445808224912,0.1351847486536469,0.7641207932641041
26000,LOF,0.19120226771018506,0.044906462924831685,0.7638912693649832
26001,LOF,0.1980286324439262,0.037128227713681225,0.7648431398423926
26002,LOF,0.16529232193117172,0.048547778771891675,0.7861598992969366
26003,GOF,0.011910739542904785,0.538953613751716,0.4491356467053792
26004,GOF,0.023241432846668346,0.6045035675377264,0.37225499961560526
26005,LOF,0.009547612861938663,0.4171035208047922,0.5733488663332692
26006,Neutral,0.5316524049826512,0.19545640029730155,0.2728911947200473
26007,GOF,0.02634855253284532,0.5154530463799426,0.4581984010872121
26008,GOF,0.02065600806068989,0.560217557807532,0.41912643413177814
26009,GOF,0.025832784904021387,0.605042477896294,0.3691247371996846
26010,GOF,0.030251133056581222,0.5830181384933174,0.38673072845010137
26011,LOF,0.008248673624841413,0.42211331980212047,0.5696380065730381
26012,GOF,0.018517325225404075,0.5332102308234474,0.44827244395114857
26013,GOF,0.021147446200013426,0.5827587290616942,0.39609382473829235
26014,LOF,0.03787611907399571,0.12572245476188493,0.8364014261641194
26015,LOF,0.22791008611016816,0.009142139726752051,0.7629477741630798
26016,LOF,0.23973951900571636,0.04249934167891953,0.7177611393153642
26017,LOF,0.2643947819418166,0.06515889615902372,0.6704463218991596
26018,LOF,0.1040459889115035,0.028209254268484574,0.867744756820012
26019,LOF,0.0977491268567704,0.021671978057109104,0.8805788950861204
26020,LOF,0.0719761158606745,0.10121897114330095,0.8268049129960245
26021,LOF,0.04725837846303622,0.11186645806103408,0.8408751634759297
26022,LOF,0.011558930181410205,0.04229947310766848,0.9461415967109212
26023,LOF,0.12391024188709263,0.018232924442728508,0.8578568336701788
26024,LOF,0.029273114459150054,0.11115745875503423,0.8595694267858157
26025,LOF,0.16495422071162655,0.09835879714013035,0.7366869821482431
26026,LOF,0.33780353523491435,0.023457716409504482,0.6387387483555811
26027,LOF,0.09314483433503926,0.01349265176412413,0.8933625139008368
26028,LOF,0.14204551367777876,0.0698892248051077,0.7880652615171135
26029,LOF,0.07855641412331181,0.19954678192342862,0.7218968039532596
26030,LOF,0.026916592155050368,0.07720526063592581,0.8958781472090238
26031,LOF,0.03252986695332293,0.15220855188657964,0.8152615811600974
26032,LOF,0.06691862131159591,0.08882787973141183,0.8442534989569922
26033,LOF,0.12007004924512017,0.10844347227929135,0.7714864784755885
26034,LOF,0.05213062121792439,0.15763759742788688,0.7902317813541887
26035,LOF,0.028731020914253783,0.1549245684257753,0.816344410659971
26036,LOF,0.044306925287454876,0.18027364105169025,0.7754194336608549
26037,LOF,0.02458087154831324,0.1301466714553841,0.8452724569963027
26038,LOF,0.06225162184913376,0.09582773905724504,0.8419206390936212
26039,LOF,0.06113502390468686,0.16371084674162437,0.7751541293536889
26040,LOF,0.20388944433738362,0.16191471334445387,0.6341958423181625
26041,LOF,0.02412596884243825,0.12481716200925833,0.8510568691483034
26042,LOF,0.024133973848997264,0.12147533650623746,0.8543906896447653
26043,LOF,0.061998933908530916,0.11251826701200972,0.8254827990794594
26044,LOF,0.022363092775649795,0.08850021170107998,0.8891366955232703
26045,LOF,0.07755598821134965,0.11240249097246019,0.8100415208161902
26046,LOF,0.06346052039446526,0.11026766320855469,0.82627181639698
26047,LOF,0.08527790658354213,0.1146417167958422,0.8000803766206156
26048,LOF,0.05522048370355746,0.0576573932936187,0.8871221230028239
26049,Neutral,0.9606534237657652,0.009397373011416684,0.029949203222818188
26050,Neutral,0.9467123241977105,0.012367752166826495,0.04091992363546293
26051,LOF,0.04751186435691094,0.29882911145759655,0.6536590241854925
26052,LOF,0.07780727552539397,0.31079299727061893,0.611399727203987
26053,LOF,0.057732668504981884,0.13908576339193363,0.8031815681030845
26054,LOF,0.06040684649918601,0.018357373932449093,0.921235779568365
26055,LOF,0.08074926440964861,0.014077605522639605,0.9051731300677118
26056,LOF,0.0659864589783133,0.014891661295261161,0.9191218797264256
26057,LOF,0.03162274779477416,0.011608558404490703,0.9567686938007351
26058,LOF,0.03247057454417283,0.009127679938754065,0.9584017455170731
26059,LOF,0.313684229239134,0.02180016200563201,0.664515608755234
26060,LOF,0.032676960816459745,0.17190636018341812,0.795416679000122
26061,LOF,0.01893849816632075,0.010369609981497935,0.9706918918521814
26062,LOF,0.01182828437736054,0.01706088204823915,0.9711108335744003
26063,LOF,0.02345247236502427,0.012110257858599191,0.9644372697763766
26064,LOF,0.024449568404899227,0.017993346042590903,0.95755708555251
26065,LOF,0.026340129065725134,0.010233859507727348,0.9634260114265475
26066,LOF,0.021821609427915317,0.010403649378969424,0.9677747411931152
26067,LOF,0.03009826378890798,0.007940479804979543,0.9619612564061124
26068,LOF,0.04987540926805991,0.028145380362662818,0.9219792103692772
26069,LOF,0.25813745418809025,0.018163224490580054,0.7236993213213296
26070,LOF,0.41575906912036853,0.01472355653521503,0.5695173743444165
26071,LOF,0.02447961514717936,0.0132392861809093,0.9622810986719114
26072,LOF,0.025180077521227643,0.014289098682507325,0.9605308237962651
26073,LOF,0.026909661275155324,0.010463778490458988,0.9626265602343856
26074,Neutral,0.9060153518722324,0.005353989726701861,0.08863065840106565
26075,LOF,0.04735174617246117,0.014847228510071536,0.9378010253174673
26076,LOF,0.04632635720015674,0.008246519843350456,0.9454271229564928
26077,LOF,0.009341340566202198,0.017705270265428695,0.972953389168369
26078,LOF,0.014494307445530678,0.009612292748656354,0.975893399805813
26079,LOF,0.06170314972618155,0.016938897039688917,0.9213579532341295
26080,LOF,0.06056553839586045,0.016956892551801477,0.922477569052338
26081,LOF,0.03850367703032212,0.005940559666116264,0.9555557633035616
26082,LOF,0.01836379674554195,0.014422236124962256,0.9672139671294957
26083,LOF,0.13695797907978818,0.012522809002790585,0.8505192119174213
26084,LOF,0.029283819492483917,0.011306093203745699,0.9594100873037703
26085,LOF,0.024986772821993034,0.01074894924420189,0.9642642779338051
26086,LOF,0.025423938356585525,0.010936714071902928,0.9636393475715116
26087,LOF,0.030202857175612427,0.00807811498487412,0.9617190278395134
26088,LOF,0.016251936232084922,0.02469471654872846,0.9590533472191867
26089,LOF,0.0489158171448944,0.022776047940375636,0.9283081349147299
26090,LOF,0.04698806761671201,0.017441487782480895,0.9355704446008071
26091,LOF,0.04205346278319625,0.005962902273064708,0.951983634943739
26092,LOF,0.028142900149106666,0.007904385759898627,0.9639527140909948
26093,LOF,0.04295658258364238,0.0057391790864148315,0.9513042383299427
26094,LOF,0.04692174920435709,0.006455554778817855,0.946622696016825
26095,LOF,0.04995152668959937,0.012900221443848227,0.9371482518665525
26096,LOF,0.021340850276271008,0.010261890246524366,0.9683972594772046
26097,LOF,0.01246758742139853,0.03220911960818557,0.9553232929704158
26098,LOF,0.0742210486012895,0.009891169019170089,0.9158877823795405
26099,LOF,0.025225187017690633,0.01215979771570024,0.9626150152666091
26100,LOF,0.027112058097150022,0.011873319509950724,0.9610146223928993
26101,LOF,0.05887202705163037,0.011441120594944726,0.9296868523534249
26102,LOF,0.027030960695948566,0.014209550374565474,0.9587594889294859
26103,Neutral,0.8915247543383119,0.017554178496691695,0.09092106716499641
26104,LOF,0.08591357123987918,0.024064134853965663,0.8900222939061552
26105,LOF,0.20800632609579692,0.2835274798200375,0.5084661940841656
26106,LOF,0.21766054844841956,0.12029862011307994,0.6620408314385005
26107,LOF,0.2616765431901957,0.08351120255940193,0.6548122542504023
26108,LOF,0.2373807507854099,0.1268164514844047,0.6358027977301854
26109,LOF,0.11204601549589026,0.07039705218155637,0.8175569323225533
26110,LOF,0.237362516515846,0.006036971027374172,0.7566005124567798
26111,Neutral,0.5091558075903343,0.015486792600189552,0.4753573998094762
26112,LOF,0.034867303615328415,0.006992618515643673,0.9581400778690279
26113,LOF,0.05463836173831551,0.012996583591764348,0.93236505466992
26114,LOF,0.02878143807022757,0.021704994987146453,0.949513566942626
26115,LOF,0.09901845402461278,0.05719721418942593,0.8437843317859612
26116,LOF,0.06561583318811183,0.049515537389421875,0.8848686294224662
26117,LOF,0.43147511918858794,0.04758657843373791,0.5209383023776741
26118,LOF,0.03591911384603519,0.025871613560544664,0.9382092725934201
26119,LOF,0.022892418850539647,0.03482403781766654,0.9422835433317939
26120,LOF,0.029226374266065842,0.024899929923435947,0.9458736958104983
26121,LOF,0.04841434404004154,0.08829138245927234,0.8632942735006861
26122,LOF,0.04043649626128703,0.03666073493271647,0.9229027688059965
