feature0,prediction,LoGoFunc_Neutral,LoGoFunc_GOF,LoGoFunc_LOF
25546,Neutral,0.6307980183459283,0.0572260121986618,0.31197596945540995
25547,Neutral,0.48355814220575033,0.09478767802984846,0.4216541797644013
25548,Neutral,0.49277505136305266,0.08025831305752927,0.42696663557941805
25549,LOF,0.43684601204923096,0.07842363763362303,0.48473035031714584
25550,LOF,0.34796846147065813,0.11075826494314005,0.5412732735862018
25551,LOF,0.3068903130292296,0.12143688493775213,0.5716728020330183
25552,LOF,0.26238556150599096,0.1113370307237395,0.6262774077702696
25553,Neutral,0.8086822698308075,0.0465750943869034,0.14474263578228905
25554,LOF,0.3079639680777982,0.10291765873097701,0.5891183731912247
25555,LOF,0.25497321512831206,0.09926618377022482,0.645760601101463
25556,Neutral,0.45711024688027735,0.09029845154093412,0.4525913015787884
25557,LOF,0.24682619243784093,0.10298683078501765,0.6501869767771414
25558,LOF,0.3154646116935997,0.10120168700823845,0.5833337012981619
25559,LOF,0.17490486888968318,0.133889628049477,0.6912055030608399
25560,LOF,0.15387576686492654,0.0969606265870469,0.7491636065480265
25561,LOF,0.16553372886695508,0.10627728751286918,0.7281889836201758
25562,LOF,0.07511407880176595,0.07004356448207856,0.8548423567161554
25563,LOF,0.020926896965787523,0.12688938286413964,0.8521837201700729
25564,LOF,0.21596722401273818,0.12023325760853903,0.6637995183787228
25565,LOF,0.2065836322065071,0.13909073728752946,0.6543256305059634
25566,GOF,0.09677819373687953,0.7214047095427388,0.18181709672038152
25567,LOF,0.03665287093491262,0.13221050472980492,0.8311366243352826
25568,LOF,0.06388658340944597,0.06603327028003267,0.8700801463105213
25569,LOF,0.059774841488873354,0.06290310194569299,0.8773220565654337
25570,LOF,0.025546222588493955,0.09423372271098636,0.8802200547005198
25571,LOF,0.024179471023080636,0.09951004441418275,0.8763104845627365
25572,LOF,0.05898459304440382,0.11082442787377245,0.8301909790818237
25573,LOF,0.057835061388500385,0.08239422670978966,0.85977071190171
25574,LOF,0.05705871913501362,0.18736570928910742,0.755575571575879
25575,LOF,0.020055257356190306,0.10877088084482689,0.8711738617989829
25576,LOF,0.030736301328003656,0.13673247758732862,0.8325312210846677
25577,LOF,0.029297553359676834,0.107485057502107,0.8632173891382162
25578,LOF,0.29043022710398764,0.07413200556676501,0.6354377673292473
25579,LOF,0.13033866114684883,0.08014242389699291,0.7895189149561583
25580,LOF,0.017403728534555636,0.07380420126347256,0.9087920702019717
25581,LOF,0.05411245943839253,0.060286087071020344,0.8856014534905872
25582,LOF,0.05395357704600632,0.058095005672716304,0.8879514172812772
25583,LOF,0.019412601322341135,0.07762212603090449,0.9029652726467543
25584,Neutral,0.6763524318520675,0.11012152362589155,0.21352604452204105
25585,LOF,0.029627562070991743,0.11125533573389053,0.8591171021951177
25586,LOF,0.016813239545807945,0.05990297447638153,0.9232837859778105
25587,LOF,0.016353913915205683,0.05800516984760085,0.9256409162371935
25588,LOF,0.019229703221493595,0.06634643157762699,0.9144238652008795
25589,Neutral,0.5177672754173347,0.20306358441338548,0.27916914016927985
25590,LOF,0.04979301134863829,0.10401726241588487,0.8461897262354768
25591,LOF,0.09972013808550863,0.052166694136816225,0.8481131677776752
25592,LOF,0.05423404429593064,0.11956434356363292,0.8262016121404363
25593,LOF,0.14013213644079509,0.24173058231228467,0.6181372812469202
25594,LOF,0.04988940764970883,0.12225039460996513,0.827860197740326
25595,LOF,0.046767922644037126,0.081779649908848,0.8714524274471149
25596,LOF,0.10348623631534393,0.04764784178942165,0.8488659218952345
25597,LOF,0.08358797660094887,0.050606803023958306,0.8658052203750929
25598,LOF,0.05083228722059766,0.08848416247020896,0.8606835503091934
25599,GOF,0.021373076823563895,0.5259541140869781,0.45267280908945795
25600,GOF,0.16787359480569192,0.5333426663526567,0.29878373884165127
25601,LOF,0.04049056922265358,0.42362338967995433,0.5358860410973921
25602,LOF,0.029269422250068806,0.07272006894726316,0.8980105088026681
25603,LOF,0.027848517566208323,0.0367506225533363,0.9354008598804554
25604,LOF,0.0337909184601782,0.07473418711154928,0.8914748944282727
25605,LOF,0.03356212559440884,0.20607537891830283,0.7603624954872882
25606,LOF,0.40205203117526134,0.13027315036714487,0.4676748184575938
25607,LOF,0.022605659871755772,0.2021254816867964,0.7752688584414479
25608,LOF,0.03551016254354562,0.06845275866295877,0.8960370787934956
25609,GOF,0.16232087839715745,0.5246616821106341,0.3130174394922083
25610,LOF,0.014373295324280735,0.029171282082594348,0.956455422593125
25611,LOF,0.01368277765031422,0.03589565824655305,0.9504215641031328
25612,LOF,0.047306660846710875,0.041336193320793795,0.9113571458324954
25613,LOF,0.0433864780151145,0.0433162281418852,0.9132972938430002
25614,LOF,0.019933223805036218,0.027090325091729008,0.9529764511032348
25615,LOF,0.044233186801771365,0.0395075649441207,0.916259248254108
25616,LOF,0.043219349622768785,0.02898651753054418,0.9277941328466871
25617,LOF,0.03816628670202593,0.03805296939288468,0.9237807439050894
25618,LOF,0.051331277827082016,0.03863631501300482,0.9100324071599131
25619,LOF,0.014481632666000893,0.034153793675338294,0.9513645736586609
25620,LOF,0.05998923420201739,0.04770666397232246,0.8923041018256602
25621,LOF,0.04672469398357595,0.03622214695565026,0.9170531590607738
25622,LOF,0.05639051842892223,0.034686829318324425,0.9089226522527533
25623,LOF,0.06908821689449572,0.027211092672177563,0.9037006904333267
25624,LOF,0.016765442024950488,0.03467723440912033,0.9485573235659293
25625,LOF,0.06252437097756144,0.04334239777826643,0.8941332312441722
25626,LOF,0.04558073854132156,0.04098260326769379,0.9134366581909846
25627,Neutral,0.8893773832401699,0.020270479406495658,0.0903521373533346
25628,LOF,0.12519734166737267,0.06067703928202653,0.8141256190506008
25629,LOF,0.06531360415954217,0.04148222686992626,0.8932041689705316
25630,LOF,0.2700045136904968,0.07719757174537745,0.6527979145641257
25631,Neutral,0.584576868856456,0.06373075440966501,0.351692376733879
25632,LOF,0.028026467648037044,0.05878773071868307,0.91318580163328
25633,LOF,0.19525959063824397,0.03183325414468873,0.7729071552170672
25634,LOF,0.03337772454342462,0.07640383678792119,0.8902184386686541
25635,LOF,0.03716378942083998,0.03994096289742585,0.922895247681734
25636,LOF,0.031600225181085906,0.48084077413889637,0.4875590006800177
25637,GOF,0.0700577269956304,0.5178574003180606,0.41208487268630895
25638,LOF,0.02943011604701669,0.3380297462393815,0.6325401377136018
25639,LOF,0.02905349425649052,0.3663231039254805,0.604623401818029
25640,Neutral,0.808150119254263,0.14867604933110365,0.04317383141463331
25641,LOF,0.05550971337268367,0.41896025530889314,0.5255300313184231
25642,LOF,0.040913703107412866,0.1455156622628233,0.8135706346297638
25643,LOF,0.21018401392046912,0.13914671219246438,0.6506692738870665
25644,LOF,0.023195119520874358,0.4664858623158389,0.5103190181632866
25645,LOF,0.021934138341430005,0.40515173854111314,0.5729141231174568
25646,LOF,0.051740217475309706,0.3170516539179385,0.6312081286067519
25647,LOF,0.02426963280513137,0.250502757283882,0.7252276099109866
25648,LOF,0.03314325537534897,0.2420355487734423,0.7248211958512087
25649,LOF,0.01512905363325814,0.24054911729225786,0.7443218290744841
25650,LOF,0.05829261559018466,0.4114063418025473,0.5303010426072682
25651,LOF,0.01759192181379693,0.26318972087392933,0.7192183573122737
25652,LOF,0.0314186747265291,0.25798533625936565,0.7105959890141053
25653,LOF,0.08822255270485663,0.40546335559447133,0.506314091700672
25654,LOF,0.023753002823144277,0.1865060135105858,0.7897409836662699
25655,GOF,0.22879606388079052,0.4028839716862511,0.36831996443295834
25656,LOF,0.29521376671926486,0.0529398878266941,0.6518463454540411
25657,LOF,0.06915091848594147,0.05770278602460301,0.8731462954894554
25658,LOF,0.3779464329218899,0.05541255425545431,0.5666410128226559
25659,Neutral,0.5117185297728676,0.0807685569146833,0.40751291331244904
25660,LOF,0.025203977820956607,0.08277009926871638,0.892025922910327
25661,LOF,0.09378304862010652,0.058891007728406705,0.8473259436514868
25662,LOF,0.03226206195003481,0.033504120040960546,0.9342338180090046
25663,LOF,0.03855556994176545,0.045634457756322244,0.9158099723019124
25664,LOF,0.1384066318410625,0.051991421650474566,0.8096019465084628
25665,LOF,0.05175556057380837,0.032592704741984314,0.9156517346842074
25666,LOF,0.08229350984044248,0.07278857402371865,0.8449179161358389
25667,LOF,0.0642117453621933,0.03879370321347909,0.8969945514243276
25668,LOF,0.03573817735434779,0.05051036895057966,0.9137514536950725
25669,LOF,0.033443851042100535,0.055840003331935936,0.9107161456259636
25670,LOF,0.13765510079710525,0.044582074729283244,0.8177628244736115
25671,LOF,0.09960790608722878,0.032052501321863706,0.8683395925909075
25672,LOF,0.05278021664933634,0.042353696261724624,0.9048660870889391
25673,LOF,0.08157377960648104,0.03809070064902566,0.8803355197444934
25674,LOF,0.07131626273265418,0.04711591950132984,0.8815678177660159
25675,LOF,0.12079524801682785,0.04659861158929992,0.8326061403938723
25676,LOF,0.017241110522410043,0.050766366261591866,0.931992523215998
25677,LOF,0.025194759420848614,0.06960072199687514,0.9052045185822764
25678,LOF,0.18366620651522314,0.05862723002795228,0.7577065634568246
25679,LOF,0.12539838780150267,0.07823280284356919,0.7963688093549282
25680,LOF,0.03106881675107566,0.1120707937650546,0.8568603894838697
25681,LOF,0.04742033257835344,0.10821044680226365,0.8443692206193829
25682,LOF,0.1349490617806774,0.0677173476932391,0.7973335905260834
25683,LOF,0.11934086563046173,0.08987412990964061,0.7907850044598977
25684,LOF,0.04256895688443704,0.07052148962915265,0.8869095534864103
25685,LOF,0.1334022285871022,0.04463340016272984,0.8219643712501679
25686,LOF,0.06420068295205839,0.0876622639216547,0.848137053126287
25687,LOF,0.11837100158120206,0.08447013543914399,0.797158862979654
25688,LOF,0.29875746569497486,0.03593592934311141,0.6653066049619139
25689,LOF,0.22260262142223503,0.042606812309888276,0.7347905662678768
25690,LOF,0.3437962993223632,0.03219929664803622,0.6240044040296006
25691,Neutral,0.6880936171584875,0.025613844504264613,0.2862925383372479
25692,LOF,0.282944162745507,0.012079786596999178,0.7049760506574937
25693,LOF,0.0499084812507459,0.45541543348926866,0.49467608525998535
25694,LOF,0.11961579106790109,0.01655186532483128,0.8638323436072676
25695,LOF,0.11742799424066014,0.016637869343821776,0.8659341364155182
25696,LOF,0.10025123724478699,0.009634196772798122,0.890114565982415
25697,LOF,0.12624430629851116,0.03213207526946732,0.8416236184320215
25698,LOF,0.3562401792005029,0.2315595045492448,0.41220031625025233
25699,LOF,0.4367501954009628,0.04406140631339489,0.5191883982856423
25700,LOF,0.05471748947688191,0.007579563366713244,0.9377029471564049
25701,LOF,0.15747310982956322,0.04423610816620865,0.7982907820042282
25702,GOF,0.17732176475896214,0.573818105772959,0.24886012946807876
25703,LOF,0.015979221959505064,0.17915824434136124,0.8048625336991336
25704,LOF,0.04572835346032781,0.13128686414687069,0.8229847823928015
25705,LOF,0.05934871825185122,0.18906507345447776,0.751586208293671
25706,LOF,0.1014741865188359,0.37520128877459175,0.5233245247065724
25707,LOF,0.09545340881021351,0.28577576646560465,0.6187708247241819
25708,LOF,0.03404737791493287,0.25178373389356457,0.7141688881915025
25709,LOF,0.05981696755967675,0.04049348570961014,0.8996895467307131
25710,LOF,0.011803184358441769,0.1254191911156059,0.8627776245259524
25711,LOF,0.01911974796258457,0.09730636782588335,0.883573884211532
25712,LOF,0.013195164294879469,0.17273202992311948,0.814072805782001
25713,LOF,0.01822873374630808,0.08123732562022697,0.900533940633465
25714,LOF,0.07014847989270541,0.07953584234111388,0.8503156777661807
25715,LOF,0.010492320511410089,0.14320762344222035,0.8463000560463696
25716,LOF,0.013732567111274066,0.10511473545577157,0.8811526974329543
25717,LOF,0.012886061445493022,0.07062613930132092,0.916487799253186
25718,LOF,0.012431103129528992,0.09319206712269378,0.8943768297477773
25719,LOF,0.018769082927261618,0.07299155247047999,0.9082393646022585
25720,LOF,0.02190363964976632,0.065100502335617,0.9129958580146167
25721,LOF,0.015850833082867513,0.10221897655221647,0.8819301903649159
25722,LOF,0.012956383964178761,0.12213156209984398,0.8649120539359773
25723,LOF,0.022887329666580906,0.04286528826020307,0.934247382073216
25724,LOF,0.023031229416378505,0.08075937721341754,0.896209393370204
25725,LOF,0.012238770763130236,0.06503833005450778,0.922722899182362
25726,LOF,0.014804147456215529,0.09238745999027391,0.8928083925535105
25727,LOF,0.013188875986683059,0.07544558933187745,0.9113655346814394
25728,LOF,0.009629805278095168,0.1110266887282212,0.8793435059936837
25729,LOF,0.009864115239902986,0.11065600972835124,0.8794798750317457
25730,LOF,0.013102063396435002,0.08130429426174383,0.9055936423418213
25731,LOF,0.020482799425928244,0.09942017054134583,0.880097030032726
25732,LOF,0.014523151751972593,0.08046011529424159,0.9050167329537858
25733,LOF,0.015743949297628138,0.07137685092444174,0.9128791997779301
25734,LOF,0.012838130492085697,0.11575352995579487,0.8714083395521195
25735,LOF,0.013400581427137981,0.08273320063034306,0.903866217942519
25736,LOF,0.013446164937668618,0.10754778973912207,0.8790060453232094
25737,LOF,0.021108475887443766,0.08374664184938707,0.8951448822631691
25738,LOF,0.01329806702215881,0.10706933111221088,0.8796326018656304
25739,LOF,0.020230734355769484,0.08687323985410755,0.892896025790123
25740,LOF,0.028545609175974058,0.10318636832327192,0.868268022500754
25741,LOF,0.015107266464300563,0.10834932517654791,0.8765434083591515
25742,LOF,0.11508781958057958,0.0826186720639349,0.8022935083554854
25743,LOF,0.03560508513593022,0.028122059667614007,0.9362728551964558
25744,Neutral,0.6067479352084396,0.19397755236207762,0.19927451242948283
25745,LOF,0.08202136888882568,0.0738553401529411,0.8441232909582331
25746,LOF,0.041292295593619126,0.08496157460786113,0.8737461297985198
25747,LOF,0.02322435709361642,0.046236167465820856,0.9305394754405627
25748,LOF,0.1071089704963462,0.06616214407521592,0.8267288854284379
25749,LOF,0.024606721064099127,0.08205877466432489,0.893334504271576
25750,LOF,0.08369428760145159,0.08571647124192434,0.8305892411566241
25751,LOF,0.08983256107567467,0.061160543627387445,0.849006895296938
25752,GOF,0.12221850225034173,0.6531213032545624,0.22466019449509586
25753,LOF,0.018859245994901765,0.2818403766917839,0.6993003773133143
25754,GOF,0.010698404332101778,0.7781127684468435,0.21118882722105473
25755,LOF,0.02210172404231022,0.36922778932005024,0.6086704866376396
25756,LOF,0.038529291573578546,0.3746020624873078,0.5868686459391137
25757,GOF,0.014593919569948835,0.8464943231377527,0.13891175729229832
25758,GOF,0.029183784217957504,0.829928486546835,0.14088772923520754
25759,GOF,0.01164591380814918,0.5430611912889786,0.44529289490287216
25760,LOF,0.01197666958229229,0.2391692129462824,0.7488541174714253
25761,GOF,0.2746344821809324,0.6290077765847084,0.09635774123435924
25762,LOF,0.03227343564796583,0.25917164739661636,0.7085549169554178
25763,LOF,0.012565945078245329,0.2032295959649288,0.784204458956826
25764,GOF,0.0745827766057467,0.6371964880177536,0.2882207353764995
25765,GOF,0.0392052743774065,0.7705563636547446,0.19023836196784902
25766,GOF,0.06164229407980785,0.768910649505035,0.16944705641515723
25767,GOF,0.1747259812555324,0.4388106199504666,0.3864633987940009
25768,LOF,0.0968751640251089,0.0640354297897092,0.8390894061851819
25769,LOF,0.07060942942970692,0.06289278164253949,0.8664977889277536
25770,LOF,0.30119256943343586,0.08878573135309244,0.6100216992134717
25771,LOF,0.038498576121035945,0.045596085850392404,0.9159053380285718
25772,LOF,0.017307900741044387,0.03242193063354354,0.950270168625412
25773,LOF,0.05079411902053185,0.07662344166043568,0.8725824393190325
25774,LOF,0.027631187659941724,0.07747729111143184,0.8948915212286265
25775,LOF,0.04661787812536687,0.042094348627841796,0.9112877732467913
25776,LOF,0.07811483681402362,0.02553342365145661,0.8963517395345199
25777,LOF,0.3259531104502895,0.05056139375179486,0.6234854957979156
25778,LOF,0.07391315194757882,0.04701903033524932,0.8790678177171719
25779,GOF,0.3805260676131607,0.5758691845560536,0.043604747830785606
25780,GOF,0.2991915710304625,0.6241587610078275,0.07664966796170986
25781,GOF,0.1468973827956876,0.7509975965347294,0.10210502066958307
25782,GOF,0.20533629497794714,0.7311118034771167,0.06355190154493617
25783,GOF,0.02813923064331045,0.6443993484683941,0.32746142088829555
25784,Neutral,0.48394432745147603,0.47895114902970143,0.03710452351882261
25785,GOF,0.4529987225838373,0.5104711172800585,0.03653016013610422
25786,GOF,0.03150970776082286,0.7878062821357082,0.18068401010346882
25787,Neutral,0.6282716064997312,0.3475988912067923,0.02412950229347645
25788,LOF,0.04528773046902248,0.10769276582746995,0.8470195037035075
25789,GOF,0.20765960466257286,0.6649150231485973,0.1274253721888298
25790,GOF,0.20992958015865024,0.681576311692571,0.1084941081487787
25791,GOF,0.15892212886917667,0.6881975970887036,0.15288027404211965
25792,GOF,0.33497280774258026,0.548819812948832,0.11620737930858772
25793,GOF,0.2378252381034372,0.5580666660882965,0.2041080958082663
25794,GOF,0.28229857306810174,0.5672438171456795,0.1504576097862187
25795,GOF,0.07744734561035163,0.695884549265982,0.2266681051236664
25796,Neutral,0.5303080758889334,0.3918223818968828,0.07786954221418385
25797,GOF,0.09530576779632854,0.5691320485848212,0.33556218361885015
25798,GOF,0.009435020207928179,0.5358960297525651,0.45466895003950675
25799,LOF,0.007135211100856791,0.4237770834857544,0.5690877054133888
25800,GOF,0.036550312250965,0.6139778294171649,0.3494718583318701
25801,GOF,0.19454953248391296,0.6890207608027678,0.11642970671331929
25802,GOF,0.07749579773553315,0.7138975653568155,0.20860663690765127
25803,GOF,0.038802896466309356,0.59976660425982,0.3614304992738708
25804,GOF,0.03424225271082368,0.5135531839621971,0.4522045633269792
25805,GOF,0.11446120647831609,0.6053487946436364,0.28018999887804746
25806,GOF,0.11279996371017084,0.6020311258829478,0.2851689104068815
25807,GOF,0.023589333294789606,0.6476493781906139,0.3287612885145964
25808,GOF,0.08798320604329114,0.6645405016134117,0.2474762923432972
25809,GOF,0.017920402537174068,0.6138209614162699,0.36825863604655606
25810,GOF,0.01701894613614341,0.6479021547448132,0.3350788991190433
25811,GOF,0.4210015870058992,0.4980057277065244,0.08099268528757643
25812,GOF,0.03102632511741366,0.6508005045612781,0.31817317032130815
25813,Neutral,0.4928499913271426,0.4168136643580314,0.09033634431482598
25814,GOF,0.11833388404319216,0.6591268059271379,0.22253931002966995
25815,GOF,0.188261348419359,0.6252539233446457,0.18648472823599532
25816,GOF,0.024514953095121604,0.7073809670815785,0.2681040798232999
25817,GOF,0.23825168867186558,0.6368545111148481,0.12489380021328636
25818,GOF,0.05354102537061708,0.6743802511538536,0.27207872347552936
25819,GOF,0.3625738347160424,0.5045351518620788,0.13289101342187887
25820,GOF,0.20137632157909532,0.597601870514745,0.20102180790615978
25821,GOF,0.06507766577850489,0.6809556262972745,0.2539667079242206
25822,GOF,0.22175601568176528,0.5615657893370665,0.21667819498116833
25823,GOF,0.03533744622626778,0.5399011778867396,0.4247613758869926
25824,GOF,0.09581548538340023,0.6258616667619757,0.27832284785462397
25825,GOF,0.03971348382508276,0.6133488914254361,0.34693762474948114
25826,GOF,0.016505488763095752,0.6005865797994527,0.38290793143745144
25827,GOF,0.02277124587831229,0.6073439735846902,0.3698847805369976
25828,GOF,0.013131870785815672,0.5325712786798011,0.4542968505343832
25829,GOF,0.005562363213296035,0.5682669361955338,0.4261707005911701
25830,LOF,0.03391945480698122,0.29432668747437946,0.6717538577186394
25831,GOF,0.22702535784674943,0.6579721164698159,0.11500252568343473
25832,GOF,0.03828458479906581,0.7324690409851558,0.2292463742157784
25833,GOF,0.12350380199051803,0.7373893675752733,0.13910683043420866
25834,GOF,0.034213101324721475,0.7566602781632842,0.2091266205119944
25835,GOF,0.06947994390155937,0.7819820983467609,0.14853795775167974
25836,GOF,0.03762474588994853,0.7200986980169485,0.2422765560931029
25837,GOF,0.02895359191318161,0.623276136582932,0.34777027150388645
25838,GOF,0.0991693919988759,0.7722052560669204,0.12862535193420377
25839,GOF,0.3106273662794771,0.5747792234694029,0.11459341025111998
25840,GOF,0.2561537717276308,0.6134441029518678,0.13040212532050136
25841,GOF,0.24437172080324002,0.6330530221512359,0.12257525704552417
25842,GOF,0.15818927992395374,0.7331618455383205,0.10864887453772566
25843,GOF,0.22044965318346899,0.6998497431231464,0.07970060369338457
25844,GOF,0.06399465751745823,0.7360478988922152,0.19995744359032647
25845,GOF,0.016465789931894476,0.5214231874324488,0.4621110226356567
25846,GOF,0.12686428562476593,0.7294742536831581,0.14366146069207608
25847,GOF,0.10601724820384008,0.7963214768421115,0.09766127495404839
25848,GOF,0.041335154639724925,0.7253473049485432,0.23331754041173183
25849,GOF,0.010777082973828735,0.6220792960935079,0.3671436209326635
25850,GOF,0.02100202592281932,0.6777040094361861,0.3012939646409944
25851,GOF,0.0165550905085658,0.5596020553706454,0.42384285412078865
25852,GOF,0.16988145416084988,0.5675790362873473,0.2625395095518029
25853,GOF,0.3399928642958394,0.5904693312462822,0.06953780445787842
25854,GOF,0.022600571396921107,0.6499111860373267,0.3274882425657522
25855,GOF,0.03720536624315131,0.5894501510332335,0.3733444827236152
25856,GOF,0.2339650230809337,0.5615235577795534,0.20451141913951298
25857,GOF,0.03824845922211215,0.5280928617698867,0.4336586790080012
25858,GOF,0.022441838152242495,0.5707711703033519,0.40678699154440556
25859,GOF,0.010719088688584951,0.5348004153780856,0.45448049593332934
25860,GOF,0.3581537734393716,0.5661235134643698,0.0757227130962585
25861,GOF,0.41994782333156944,0.5164520972090924,0.0636000794593382
25862,GOF,0.0934782258513887,0.7790166829556162,0.12750509119299508
25863,GOF,0.08782941963147736,0.7826024208726576,0.12956815949586514
25864,GOF,0.20304328062507834,0.7318180310956905,0.0651386882792311
25865,GOF,0.08672626160928645,0.8106897994667094,0.10258393892400414
25866,GOF,0.05303712620115452,0.8049109885830527,0.14205188521579282
25867,GOF,0.08538774009806498,0.8174250235111568,0.09718723639077816
25868,GOF,0.23987110684015014,0.6663251168964854,0.09380377626336443
25869,Neutral,0.6831847184986158,0.27642996512471385,0.04038531637667018
25870,GOF,0.28284972669673697,0.41996616140955406,0.2971841118937089
25871,GOF,0.20790256355747472,0.6783361168672584,0.11376131957526692
25872,GOF,0.08563507070796834,0.6658448100117931,0.2485201192802386
25873,GOF,0.1134485133440841,0.7001622054527139,0.186389281203202
25874,LOF,0.013625974867882399,0.10769059512304048,0.8786834300090772
25875,LOF,0.09142537590687416,0.0554134388969464,0.8531611851961796
25876,LOF,0.03416952932919694,0.0344633245251556,0.9313671461456475
25877,Neutral,0.526781952314893,0.05147553267352524,0.42174251501158183
25878,LOF,0.21559619948266587,0.12227877987495273,0.6621250206423814
25879,LOF,0.08969850507213166,0.10621389370773414,0.8040876012201342
25880,LOF,0.041072682237856206,0.015109792700628163,0.9438175250615157
25881,LOF,0.17906906028378425,0.10640560930079036,0.7145253304154254
25882,LOF,0.06564891556353918,0.016787434590881747,0.917563649845579
25883,LOF,0.06847697346386158,0.017993550670793397,0.913529475865345
25884,LOF,0.0329050792433829,0.026415380259705343,0.9406795404969118
25885,LOF,0.061884646963318864,0.010284416766367653,0.9278309362703135
25886,LOF,0.26239097444472337,0.035058067683808716,0.7025509578714679
25887,LOF,0.1513512335992446,0.06192434751885432,0.7867244188819011
25888,LOF,0.07005883294270698,0.05298195854240259,0.8769592085148905
25889,LOF,0.04205292954944473,0.01869990866958665,0.9392471617809687
25890,LOF,0.04657041230877542,0.1566625821930349,0.7967670054981897
25891,LOF,0.04513540240068174,0.05179440177440125,0.9030701958249171
25892,LOF,0.08266129763568587,0.02371387899229943,0.8936248233720148
25893,LOF,0.2472037682536939,0.022114624399521682,0.7306816073467843
25894,LOF,0.17561491850994182,0.012172642739809999,0.8122124387502483
25895,LOF,0.20234321642294867,0.023278613953370553,0.7743781696236808
25896,LOF,0.04823947251855508,0.018888393804442353,0.9328721336770026
25897,LOF,0.27244903530283876,0.013256837964024512,0.7142941267331366
25898,Neutral,0.7123123121142364,0.010947178225574693,0.2767405096601888
25899,LOF,0.21654966952069854,0.021637180806917195,0.7618131496723843
25900,LOF,0.47047648165570544,0.012365702395798917,0.5171578159484956
25901,LOF,0.05771338447836611,0.01169905508547312,0.9305875604361609
25902,LOF,0.15015205978158286,0.014435461516539039,0.8354124787018782
25903,Neutral,0.5735136742483746,0.03095682897636169,0.39552949677526367
25904,LOF,0.319421865149381,0.04254486901502157,0.6380332658355975
25905,LOF,0.029429417675653935,0.30713456839945535,0.6634360139248907
25906,LOF,0.03413278248609983,0.0722444958416541,0.8936227216722461
25907,LOF,0.015265004211835147,0.32763272062897036,0.6571022751591945
25908,LOF,0.010822973973438644,0.25770839795286477,0.7314686280736966
25909,LOF,0.013798892302470405,0.13618651630201123,0.8500145913955184
25910,LOF,0.04922262861890564,0.13907848478591356,0.8116988865951807
25911,LOF,0.18658510408420498,0.029510164575677744,0.7839047313401174
25912,LOF,0.04756941805610631,0.04820084202291001,0.9042297399209837
25913,LOF,0.3322296322073414,0.02586785035751304,0.6419025174351455
25914,LOF,0.0200466574347986,0.0572991960902616,0.9226541464749397
25915,Neutral,0.5704910842333752,0.16392085354077154,0.26558806222585335
25916,LOF,0.07591837818854578,0.20849768053381312,0.7155839412776411
25917,LOF,0.05849557538769253,0.04536373285788557,0.8961406917544219
25918,LOF,0.02000596434476477,0.0355317131870662,0.944462322468169
25919,LOF,0.01753605175188002,0.03672609824769893,0.9457378500004211
25920,GOF,0.11703870367924099,0.5532712373338496,0.3296900589869093
25921,LOF,0.02299750239845869,0.03708773604921195,0.9399147615523292
25922,LOF,0.03183319909934846,0.02673801211626673,0.9414287887843849
25923,LOF,0.4693595552376485,0.03792922515448407,0.49271121960786746
25924,LOF,0.03657198219665727,0.0466787759789897,0.9167492418243531
25925,LOF,0.06827939047234868,0.04219574428712115,0.8895248652405302
25926,LOF,0.04889096936592548,0.037082021646658345,0.9140270089874161
25927,LOF,0.0582660473168441,0.13274364977711955,0.8089903029060365
25928,LOF,0.016390420300471557,0.05302914589116794,0.9305804338083604
25929,Neutral,0.5928591061347237,0.03980914241622442,0.3673317514490518
25930,LOF,0.06777631458232658,0.033233810844086595,0.8989898745735868
25931,LOF,0.023393554290230184,0.032293304417663815,0.9443131412921059
25932,LOF,0.02739491397930627,0.027695300559056776,0.944909785461637
25933,LOF,0.03696050720077232,0.018682111431823505,0.9443573813674042
25934,LOF,0.02247545910771855,0.020091987934872647,0.9574325529574088
25935,LOF,0.06050520385576818,0.05318776103174001,0.8863070351124918
25936,LOF,0.04247598694217846,0.023595014613813765,0.9339289984440078
25937,LOF,0.02628126248751113,0.033850101678902164,0.9398686358335866
25938,LOF,0.061035829197609755,0.05670036175325782,0.8822638090491325
25939,LOF,0.03904162743395941,0.020691027456274644,0.9402673451097658
25940,LOF,0.031009698563750774,0.35382665946716035,0.6151636419690888
25941,LOF,0.18822389038521234,0.10902540905072024,0.7027507005640674
25942,LOF,0.01309364376517624,0.034823761321538034,0.9520825949132857
25943,LOF,0.29010390168601885,0.052295227310237564,0.6576008710037435
25944,LOF,0.4794581924712925,0.0239160255409649,0.49662578198774254
25945,LOF,0.07544451694884162,0.02145090468251647,0.9031045783686419
25946,LOF,0.03407930709335568,0.11146960813042632,0.854451084776218
25947,LOF,0.11661668814816802,0.18239412573690292,0.7009891861149291
25948,LOF,0.3630328216769025,0.008636404305791991,0.6283307740173054
25949,LOF,0.12489792770997309,0.03557216278482518,0.8395299095052017
25950,GOF,0.32834513382261277,0.35616440309800335,0.31549046307938394
25951,LOF,0.20841093514444065,0.2835676188797666,0.5080214459757928
25952,LOF,0.04813550035920168,0.4388399105532735,0.5130245890875249
25953,LOF,0.16201748387841827,0.10734968441204548,0.7306328317095362
25954,Neutral,0.44317736123468926,0.16496230383041363,0.39186033493489714
25955,LOF,0.05091008313521117,0.0814496993202721,0.8676402175445167
25956,LOF,0.16371391917753822,0.10569404978359181,0.73059203103887
25957,LOF,0.0375564990669237,0.029412487673225657,0.9330310132598506
25958,LOF,0.0552311452411143,0.028755953527617617,0.9160129012312682
25959,LOF,0.05990839793845442,0.36212458133878467,0.577967020722761
25960,LOF,0.016440120592226833,0.05282192416802821,0.9307379552397449
25961,LOF,0.0424159075115191,0.028235552456415406,0.9293485400320655
25962,LOF,0.05610757023297261,0.023615425015718877,0.9202770047513085
25963,LOF,0.05024226363335664,0.19557191720611555,0.7541858191605277
25964,LOF,0.032930972231045186,0.14657872905678065,0.8204902987121742
25965,LOF,0.44054687053029545,0.06097591571850014,0.4984772137512044
25966,Neutral,0.5145075909615503,0.15289085554400705,0.33260155349444265
25967,LOF,0.01850679253887721,0.09695953688998069,0.884533670571142
25968,LOF,0.039353155466533035,0.39092418540115376,0.5697226591323132
25969,LOF,0.03760066333365508,0.058457936364513546,0.9039414003018315
25970,LOF,0.05965243722922972,0.06530131987461658,0.8750462428961536
25971,LOF,0.06740690569303973,0.021636927459576048,0.9109561668473841
25972,LOF,0.06926518498942066,0.030895565816284144,0.8998392491942951
25973,LOF,0.0777003990146671,0.009617222670917911,0.912682378314415
25974,LOF,0.1841280582773332,0.015875961286290357,0.7999959804363763
25975,LOF,0.05109426851507215,0.025403948056322838,0.923501783428605
25976,LOF,0.04441023028022824,0.01688893748083139,0.9387008322389403
25977,LOF,0.1573376187388379,0.0875517054084608,0.7551106758527013
25978,LOF,0.15884776355018204,0.0724315092790311,0.7687207271707869
25979,LOF,0.15045490787004737,0.07126576615923894,0.7782793259707137
25980,LOF,0.24479257236576069,0.08546758803353907,0.6697398396007003
25981,LOF,0.278759012684836,0.08329271205500459,0.6379482752601594
25982,LOF,0.44267893103843353,0.05899962434776708,0.49832144461379946
25983,LOF,0.4085927112980298,0.06698908742807093,0.5244182012738994
25984,LOF,0.050461508959720576,0.04356705031467159,0.9059714407256079
25985,LOF,0.03701246236637847,0.2694377458883736,0.693549791745248
25986,LOF,0.04637111651492426,0.32996140545339686,0.6236674780316789
25987,LOF,0.08507220942063676,0.0619742132174304,0.8529535773619329
25988,LOF,0.1521401042990458,0.055435249558507205,0.792424646142447
25989,LOF,0.036231286583244114,0.11574790031742464,0.8480208130993313
25990,LOF,0.04018441845364919,0.1509786611289538,0.808836920417397
25991,LOF,0.13065930746007667,0.22990942347093749,0.6394312690689858
25992,LOF,0.30487418402889904,0.14117493021621152,0.5539508857548895
25993,LOF,0.022467945793378657,0.07509097438067368,0.9024410798259476
25994,LOF,0.017740221997063543,0.09152053116158947,0.890739246841347
25995,LOF,0.022598868145288845,0.17829455160469582,0.7991065802500152
25996,GOF,0.3281635498814705,0.3866117937328728,0.28522465638565664
25997,LOF,0.08904920804864823,0.35560278484403285,0.5553480071073189
25998,Neutral,0.5168914536580833,0.027114389324031336,0.4559941570178853
25999,LOF,0.10756228344605823,0.08232248965758233,0.8101152268963594
26000,LOF,0.13485999193838083,0.04472493148651376,0.8204150765751054
26001,LOF,0.21499909895547437,0.0507137603903691,0.7342871406541566
26002,LOF,0.11640371379882507,0.04270986422457681,0.8408864219765982
26003,GOF,0.011151977374116365,0.5930479672775724,0.3958000553483113
26004,GOF,0.024218315223494536,0.6688279963956761,0.3069536883808294
26005,LOF,0.0068238872430748535,0.43829787874076,0.5548782340161651
26006,Neutral,0.5145521601427516,0.24757516230092677,0.23787267755632174
26007,GOF,0.02263622110485048,0.5035582881391989,0.4738054907559507
26008,GOF,0.020489900931050596,0.6042125916448391,0.3752975074241103
26009,GOF,0.02246684933260128,0.6616593420355676,0.31587380863183107
26010,GOF,0.021886597036773724,0.6431411883141032,0.3349722146491231
26011,LOF,0.006811899264729603,0.4272525376252857,0.5659355631099847
26012,GOF,0.01385911955320224,0.5454094333939876,0.44073144705281014
26013,GOF,0.019142831265038095,0.6064198329605693,0.37443733577439253
26014,LOF,0.04275882085466149,0.10367646234146873,0.8535647168038698
26015,LOF,0.16775286402648418,0.01702904586281278,0.815218090110703
26016,LOF,0.2160159549230127,0.05889869306776309,0.7250853520092242
26017,LOF,0.22786317464788675,0.08910063879216047,0.6830361865599529
26018,LOF,0.0821007433763527,0.038531986733341135,0.8793672698903061
26019,LOF,0.07702412282913275,0.031087802270479855,0.8918880749003875
26020,LOF,0.0790001282919121,0.10182161157302112,0.8191782601350668
26021,LOF,0.049257503134141886,0.10515515529131274,0.8455873415745453
26022,LOF,0.010851764192678234,0.04087218096650308,0.9482760548408186
26023,LOF,0.06862347817665326,0.02492089648478433,0.9064556253385625
26024,LOF,0.031314695277064736,0.11362225627164656,0.8550630484512887
26025,LOF,0.14519567869168215,0.0979016913356746,0.7569026299726433
26026,LOF,0.31453494333556936,0.029493357794584365,0.6559716988698463
26027,LOF,0.061762295728105474,0.020011615719125336,0.9182260885527691
26028,LOF,0.1861927823383628,0.0639164776386955,0.7498907400229418
26029,LOF,0.07062944593489587,0.17932959982529162,0.7500409542398125
26030,LOF,0.021732423968656035,0.044492952536460705,0.9337746234948833
26031,LOF,0.026282643906418837,0.13343319773803525,0.8402841583555459
26032,LOF,0.06480128022468024,0.08099213808125066,0.8542065816940692
26033,LOF,0.08224196303063265,0.0809953126045147,0.8367627243648527
26034,LOF,0.04242325418811114,0.16066577841487287,0.796910967397016
26035,LOF,0.026588327927047888,0.15251018763687776,0.8209014844360742
26036,LOF,0.04122657337885123,0.17354751007515332,0.7852259165459955
26037,LOF,0.021950128401972444,0.12730345310051333,0.8507464184975142
26038,LOF,0.0598726183170878,0.08273934079455719,0.8573880408883549
26039,LOF,0.052596093133898465,0.15522206420969584,0.7921818426564056
26040,LOF,0.19010895372679731,0.13768773817889124,0.6722033080943115
26041,LOF,0.022653630102778297,0.1144468219824636,0.8628995479147582
26042,LOF,0.02122213980003543,0.10751250269358756,0.871265357506377
26043,LOF,0.05965866678527608,0.0957973520572147,0.8445439811575093
26044,LOF,0.01986631673600534,0.062159962578686945,0.9179737206853077
26045,LOF,0.06687293046860335,0.09846110768123616,0.8346659618501605
26046,LOF,0.056347546661354976,0.08085297054783488,0.8627994827908101
26047,LOF,0.07530962240290417,0.08387372505711403,0.8408166525399818
26048,LOF,0.04285128119871829,0.03763941494102608,0.9195093038602556
26049,Neutral,0.965990638625778,0.005994396233688835,0.02801496514053304
26050,Neutral,0.9500597211276854,0.007999161269623639,0.041941117602691015
26051,LOF,0.04882018927133619,0.27449194050396447,0.6766878702246992
26052,LOF,0.06297357537183632,0.3278120432728358,0.6092143813553279
26053,LOF,0.06344177786521032,0.12203714653213546,0.8145210756026541
26054,LOF,0.05061602574528003,0.016066850037579603,0.9333171242171403
26055,LOF,0.06753715466815494,0.013960903472961039,0.9185019418588841
26056,LOF,0.05847375702574224,0.015761623926376804,0.9257646190478809
26057,LOF,0.03094804131923938,0.011704848728536379,0.9573471099522243
26058,LOF,0.03205684363643518,0.009745168277297715,0.9581979880862672
26059,LOF,0.28166115178145046,0.023075443102570856,0.6952634051159787
26060,LOF,0.03894844692447086,0.16606639426852748,0.7949851588070017
26061,LOF,0.01717824098344203,0.010211801416611106,0.9726099575999468
26062,LOF,0.010521911567812835,0.015249596263346264,0.974228492168841
26063,LOF,0.020374557707289603,0.010796975924795374,0.968828466367915
26064,LOF,0.021179663254321267,0.021078514644543724,0.957741822101135
26065,LOF,0.028847803195643992,0.011716379383306493,0.9594358174210496
26066,LOF,0.02041458595264229,0.011307437089391092,0.9682779769579667
26067,LOF,0.028429558205039857,0.00874179994027414,0.962828641854686
26068,LOF,0.045347648919124385,0.026906965604337422,0.9277453854765382
26069,LOF,0.27227963513937725,0.01757544257666709,0.7101449222839556
26070,LOF,0.42297661482743887,0.01446859004172864,0.5625547951308324
26071,LOF,0.02052036625643338,0.01168090764855626,0.9677987260950103
26072,LOF,0.0196243381605481,0.017143440461039456,0.9632322213784124
26073,LOF,0.020250020934626772,0.010861990383972953,0.9688879886814002
26074,Neutral,0.9058597282741767,0.005683867254212835,0.08845640447161043
26075,LOF,0.046407424812025706,0.012310305034754897,0.9412822701532195
26076,LOF,0.0393839197016344,0.00910166845179856,0.9515144118465672
26077,LOF,0.009466185060337277,0.013399986940604382,0.9771338279990583
26078,LOF,0.014519629058798474,0.009715060312281117,0.9757653106289205
26079,LOF,0.06341718842882377,0.014557550607236756,0.9220252609639396
26080,LOF,0.06227642979208652,0.01458086967871899,0.9231427005291946
26081,LOF,0.03728300842566992,0.006624477180217677,0.9560925143941125
26082,LOF,0.013254248334919403,0.01369329736235058,0.97305245430273
26083,LOF,0.17485035258958923,0.013982992108732783,0.8111666553016779
26084,LOF,0.04211856777487381,0.010826646369028957,0.9470547858560973
26085,LOF,0.03751725807756769,0.010341398289468999,0.9521413436329633
26086,LOF,0.02143365200082575,0.010388129659131416,0.9681782183400429
26087,LOF,0.02347490650088614,0.00793305037612157,0.9685920431229923
26088,LOF,0.01578991725411674,0.019373171429595187,0.9648369113162881
26089,LOF,0.042212125884701655,0.01924357031290443,0.9385443038023938
26090,LOF,0.042216460191384024,0.01582361473229055,0.9419599250763254
26091,LOF,0.03298047475222277,0.0064673566364138405,0.9605521686113634
26092,LOF,0.023116889041591072,0.007665719458818678,0.9692173914995902
26093,LOF,0.03483912234956846,0.006166549899520391,0.9589943277509111
26094,LOF,0.03751286450654029,0.006288556681853107,0.9561985788116066
26095,LOF,0.038665064891853784,0.012380175198019589,0.9489547599101267
26096,LOF,0.017043511115117316,0.01086672963330071,0.9720897592515819
26097,LOF,0.01183214161031176,0.03132048265013282,0.9568473757395555
26098,LOF,0.08012083989924983,0.009991082898838136,0.9098880772019121
26099,LOF,0.021354266598425205,0.012022994074550748,0.9666227393270241
26100,LOF,0.02372238478973356,0.011545633735441239,0.9647319814748252
26101,LOF,0.04649911714690884,0.015060759200057172,0.938440123653034
26102,LOF,0.021150516400942763,0.01236794234375368,0.9664815412553035
26103,Neutral,0.8811005847921447,0.018747093150431653,0.10015232205742358
26104,LOF,0.07897614405690401,0.023958789515232067,0.8970650664278639
26105,LOF,0.20618313293046078,0.24077836688219728,0.553038500187342
26106,LOF,0.1838784527587736,0.12011440020519802,0.6960071470360285
26107,LOF,0.22743475559506743,0.07963247325487283,0.6929327711500597
26108,LOF,0.2472261504373566,0.09113194785490407,0.6616419017077394
26109,LOF,0.08207505810461785,0.053637353446760586,0.8642875884486216
26110,LOF,0.21482866740243486,0.007691584931018221,0.7774797476665469
26111,Neutral,0.5189335893248445,0.031581883240292805,0.4494845274348628
26112,LOF,0.03084286095284511,0.007603999745440309,0.9615531393017146
26113,LOF,0.06094807009295331,0.016306114037760236,0.9227458158692864
26114,LOF,0.02447134192711812,0.027903327320502536,0.9476253307523794
26115,LOF,0.08378264065675517,0.05565113936673654,0.8605662199765083
26116,LOF,0.06419952426134728,0.06053865310670819,0.8752618226319444
26117,LOF,0.4470972148997734,0.04470024111252809,0.5082025439876985
26118,LOF,0.03489091792989292,0.026374006572843417,0.9387350754972636
26119,LOF,0.022990462643795496,0.03558725617528375,0.9414222811809209
26120,LOF,0.02648589188951552,0.02046503741350916,0.9530490706969753
26121,LOF,0.04325299817109482,0.08972005480695364,0.8670269470219516
