feature0,prediction,LoGoFunc_Neutral,LoGoFunc_GOF,LoGoFunc_LOF
25546,Neutral,0.6961380858376627,0.05812001164950358,0.24574190251283362
25547,Neutral,0.5279206637222503,0.10373547397808201,0.36834386229966776
25548,Neutral,0.5139160956764365,0.0923009681284645,0.3937829361950991
25549,LOF,0.42014114372619055,0.09461528190880666,0.4852435743650027
25550,LOF,0.37568204195314564,0.12948711171513977,0.49483084633171454
25551,LOF,0.31579693568264255,0.14020658575659012,0.5439964785607674
25552,LOF,0.25508330299982535,0.1325813720911554,0.6123353249090193
25553,Neutral,0.8226014322039518,0.04671529626918934,0.13068327152685896
25554,LOF,0.298118818654437,0.12317150654689775,0.5787096747986652
25555,LOF,0.2508125646823413,0.11779823186559396,0.6313892034520646
25556,Neutral,0.45016557951316505,0.10856976383373525,0.4412646566530998
25557,LOF,0.23503710748746265,0.12340150935692147,0.641561383155616
25558,LOF,0.30809119058061846,0.12117833863908367,0.5707304707802979
25559,LOF,0.20325996772245314,0.12634033383155913,0.6703996984459878
25560,LOF,0.14810264195791917,0.0941950897733183,0.7577022682687625
25561,LOF,0.14740412558012253,0.11666270893061026,0.7359331654892672
25562,LOF,0.07223581274686258,0.07067168615895959,0.8570925010941778
25563,LOF,0.02147462370393868,0.1095133557112443,0.869012020584817
25564,LOF,0.21879437477014244,0.10678738494232673,0.6744182402875308
25565,LOF,0.22147605898914582,0.13993819482939512,0.6385857461814591
25566,GOF,0.09330302569182315,0.714482834291601,0.1922141400165759
25567,LOF,0.03559454505439506,0.1259632228767385,0.8384422320688664
25568,LOF,0.06060177792913291,0.06665107686733292,0.8727471452035341
25569,LOF,0.06256930690850404,0.06609173901413541,0.8713389540773605
25570,LOF,0.02693703933393087,0.09068588180301677,0.8823770788630524
25571,LOF,0.026726322557230668,0.0914768255553419,0.8817968518874274
25572,LOF,0.06776316084804176,0.10748790177910506,0.8247489373728532
25573,LOF,0.0566332657147323,0.07910424774177142,0.8642624865434964
25574,LOF,0.054880707876582335,0.17279195226500488,0.7723273398584128
25575,LOF,0.022975548283604406,0.11535648133557931,0.8616679703808162
25576,LOF,0.03558608925562968,0.14811363578889927,0.816300274955471
25577,LOF,0.02908230820152904,0.10085904718308741,0.8700586446153836
25578,LOF,0.29279568274707507,0.07431606128583836,0.6328882559670866
25579,LOF,0.12697619611414263,0.0821583272460722,0.7908654766397852
25580,LOF,0.01877545024061835,0.0677568874501665,0.9134676623092152
25581,LOF,0.057432528632375655,0.06318189991223927,0.8793855714553851
25582,LOF,0.05700949066711207,0.06156263339536106,0.8814278759375269
25583,LOF,0.01991146921865946,0.07198401079355671,0.9081045199877839
25584,Neutral,0.6673559175731008,0.09500318400068157,0.23764089842621763
25585,LOF,0.032502548988533636,0.10630351387128176,0.8611939371401846
25586,LOF,0.017920367479581655,0.06367728233806266,0.9184023501823557
25587,LOF,0.016852463927673277,0.054148714155231085,0.9289988219170957
25588,LOF,0.01984541443162639,0.06610644176779666,0.9140481438005771
25589,Neutral,0.49487597286864093,0.19200678577846655,0.3131172413528924
25590,LOF,0.05002252275892164,0.09122183111616368,0.8587556461249147
25591,LOF,0.09837370383020484,0.05449351136116864,0.8471327848086265
25592,LOF,0.05356288177960468,0.12604202478875381,0.8203950934316415
25593,LOF,0.1262457109674307,0.25486014613015784,0.6188941429024115
25594,LOF,0.04656769371787623,0.1047335675615698,0.848698738720554
25595,LOF,0.04553133591925597,0.07734729736743093,0.8771213667133131
25596,LOF,0.09956255112895558,0.042530989124818015,0.8579064597462264
25597,LOF,0.08247405950342235,0.055590648559522005,0.8619352919370556
25598,LOF,0.04594237707213085,0.07958104654686046,0.8744765763810086
25599,GOF,0.021045441102738288,0.5393782319469239,0.43957632695033777
25600,GOF,0.16477143176837294,0.5218360607437222,0.3133925074879049
25601,LOF,0.04287115721911379,0.3938060657732829,0.5633227770076034
25602,LOF,0.03809677962395685,0.05409296890409735,0.9078102514719458
25603,LOF,0.03649819526782088,0.02861840900962257,0.9348833957225565
25604,LOF,0.036137588863951124,0.05785957388757772,0.9060028372484712
25605,LOF,0.04477429743991166,0.17006203392743124,0.7851636686326572
25606,LOF,0.43699735748235774,0.08938273219699278,0.4736199103206494
25607,LOF,0.025390944710954825,0.16597322438398343,0.8086358309050617
25608,LOF,0.03731752015856221,0.06985191731072725,0.8928305625307106
25609,GOF,0.1394246332864364,0.5315362743776146,0.329039092335949
25610,LOF,0.01575397411037598,0.02621078884845346,0.9580352370411707
25611,LOF,0.015543446861421223,0.030575383230354823,0.9538811699082239
25612,LOF,0.05029382647306351,0.03830554003645791,0.9114006334904785
25613,LOF,0.04665459421588251,0.03814846702883752,0.91519693875528
25614,LOF,0.022535103528045348,0.026523100792627374,0.9509417956793272
25615,LOF,0.044671797788059124,0.03378483371181049,0.9215433685001303
25616,LOF,0.0451228736163684,0.026313128288488197,0.9285639980951435
25617,LOF,0.0440208318206592,0.037016508772608425,0.9189626594067324
25618,LOF,0.05397523426549552,0.031787349871254034,0.9142374158632504
25619,LOF,0.014677580939968857,0.029714890517699447,0.9556075285423318
25620,LOF,0.06219839527310233,0.03649481297806326,0.9013067917488343
25621,LOF,0.04988073746804139,0.03134800313565691,0.9187712593963017
25622,LOF,0.05798752072587823,0.030629115241637295,0.9113833640324845
25623,LOF,0.07445185202633714,0.026762735610296948,0.898785412363366
25624,LOF,0.018936148678209173,0.03596538986766519,0.9450984614541256
25625,LOF,0.062323580121823575,0.039945798249015556,0.8977306216291608
25626,LOF,0.04725670358452186,0.036587468603334054,0.916155827812144
25627,Neutral,0.890107711686996,0.020676769311681536,0.0892155190013226
25628,LOF,0.13899913146026638,0.06001692300080473,0.8009839455389288
25629,LOF,0.0633867983590249,0.04330719560933832,0.8933060060316367
25630,LOF,0.2668446358351483,0.07270661184113286,0.6604487523237189
25631,Neutral,0.5293318368755279,0.060199897256646734,0.4104682658678254
25632,LOF,0.0295818052409093,0.06124526099687664,0.9091729337622141
25633,LOF,0.210922399671052,0.03366353432190916,0.7554140660070389
25634,LOF,0.03509051627984127,0.07892620927135709,0.8859832744488016
25635,LOF,0.042508215500731764,0.03962950786894785,0.9178622766303204
25636,LOF,0.04008053082185432,0.46582842661104,0.49409104256710557
25637,LOF,0.06945120665069401,0.4469289716304727,0.4836198217188334
25638,LOF,0.037331695421325334,0.27117304033526035,0.6914952642434143
25639,LOF,0.03412143203728896,0.3183357973992761,0.647542770563435
25640,Neutral,0.8185547558191981,0.13622753051938444,0.04521771366141737
25641,LOF,0.050160215448566275,0.4445967506789267,0.505243033872507
25642,LOF,0.03942788581404817,0.15240594737581795,0.808166166810134
25643,LOF,0.20679977234558414,0.15541684864363836,0.6377833790107774
25644,LOF,0.020685198373147265,0.4732283528322658,0.506086448794587
25645,LOF,0.019860645413461043,0.44780571353619586,0.5323336410503431
25646,LOF,0.051643491448271565,0.3411663727687857,0.6071901357829428
25647,LOF,0.021538694807587154,0.25194781522733045,0.7265134899650824
25648,LOF,0.026946925754176138,0.2534948100105373,0.7195582642352866
25649,LOF,0.014969705804264157,0.2597861785653395,0.7252441156303964
25650,LOF,0.04984033977194814,0.40802319357204436,0.5421364666560076
25651,LOF,0.016870818639602332,0.2692315156197242,0.7138976657406735
25652,LOF,0.028116751381988977,0.2703819583417943,0.7015012902762168
25653,LOF,0.07439192842882948,0.38534573317813986,0.5402623383930306
25654,LOF,0.023958263726070725,0.19930053384741758,0.7767412024265118
25655,LOF,0.21632742709488337,0.35723639043845157,0.42643618246666504
25656,LOF,0.30397032085886433,0.0432232398974619,0.6528064392436738
25657,LOF,0.0797893976900624,0.05283971168634533,0.8673708906235923
25658,LOF,0.37924785803891825,0.055387338683971415,0.5653648032771104
25659,Neutral,0.517815560980678,0.08700820840713468,0.39517623061218726
25660,LOF,0.024084754753454906,0.0781082159495087,0.8978070292970365
25661,LOF,0.09740845904500219,0.05807060509299772,0.8445209358620002
25662,LOF,0.03176122634379533,0.030511680377504565,0.9377270932787001
25663,LOF,0.03984368815474922,0.04589516372243505,0.9142611481228157
25664,LOF,0.13011225961005707,0.05696440462124607,0.8129233357686969
25665,LOF,0.05510457845364922,0.030246254822796824,0.914649166723554
25666,LOF,0.09042386373841843,0.07547704055385528,0.8340990957077262
25667,LOF,0.06648205628513996,0.044462942789027154,0.889055000925833
25668,LOF,0.03716911453854161,0.0425962351756681,0.9202346502857902
25669,LOF,0.03427327993649043,0.051750295912199776,0.9139764241513098
25670,LOF,0.13778351266312086,0.04244656894192369,0.8197699183949554
25671,LOF,0.09193801125623083,0.029314489792373218,0.8787474989513958
25672,LOF,0.05622076408664392,0.04219676174815217,0.9015824741652039
25673,LOF,0.07942843100282618,0.037673533300464954,0.8828980356967089
25674,LOF,0.06948657841807812,0.04638487994200935,0.8841285416399125
25675,LOF,0.11503195618812471,0.04689123761868961,0.8380768061931856
25676,LOF,0.019604984891822486,0.046148390972359975,0.9342466241358176
25677,LOF,0.025478420053572693,0.06510169932828215,0.909419880618145
25678,LOF,0.1773219110947599,0.055720558121645045,0.7669575307835952
25679,LOF,0.129685686230452,0.07008899581532807,0.8002253179542199
25680,LOF,0.02991938729395211,0.1053413858292547,0.8647392268767933
25681,LOF,0.048201393911581486,0.09498273195244113,0.8568158741359775
25682,LOF,0.14148999791615535,0.055439263377710435,0.8030707387061343
25683,LOF,0.12554166141761586,0.07242133176730642,0.8020370068150777
25684,LOF,0.04242906045588588,0.06142617167523043,0.8961447678688836
25685,LOF,0.12548131337099563,0.0471956706430539,0.8273230159859505
25686,LOF,0.07494283859007203,0.08614378684499155,0.8389133745649363
25687,LOF,0.10942398029189768,0.07808791937467964,0.8124881003334227
25688,LOF,0.29580960999328093,0.04122606721787259,0.6629643227888465
25689,LOF,0.22769986917699225,0.048740460882244784,0.7235596699407629
25690,LOF,0.3377343935786996,0.03790367525969177,0.6243619311616087
25691,Neutral,0.6833036374624759,0.03611736566912832,0.2805789968683957
25692,LOF,0.2824798932756597,0.01075208405212254,0.7067680226722178
25693,LOF,0.05103776619660363,0.44494306815117807,0.5040191656522184
25694,LOF,0.1245045809673427,0.021051258377410502,0.8544441606552468
25695,LOF,0.1234557901885535,0.01790638562216729,0.8586378241892793
25696,LOF,0.11945071113162904,0.010562612798276473,0.8699866760700944
25697,LOF,0.11017271603348432,0.026931702271369866,0.8628955816951458
25698,LOF,0.34049411169390015,0.24651962644493447,0.4129862618611654
25699,LOF,0.42426242661321534,0.0440104054784846,0.5317271679083001
25700,LOF,0.049748511898889,0.010740609805998936,0.9395108782951119
25701,LOF,0.1687577499745267,0.05839281257048922,0.7728494374549841
25702,GOF,0.18633619945418123,0.5334096085894415,0.2802541919563772
25703,LOF,0.016090529312842234,0.1414220553525598,0.842487415334598
25704,LOF,0.04890750876740351,0.10706144733181287,0.8440310439007837
25705,LOF,0.061015952195398154,0.1695442764382568,0.769439771366345
25706,LOF,0.09994459906558253,0.3260773866503613,0.5739780142840561
25707,LOF,0.09760459750727485,0.2598616031801927,0.6425337993125325
25708,LOF,0.031485764406122246,0.25655576398263436,0.7119584716112435
25709,LOF,0.0558482826863105,0.03804315390141613,0.9061085634122735
25710,LOF,0.01159444000790507,0.12908987352114515,0.8593156864709498
25711,LOF,0.019878473280257162,0.083577484035211,0.8965440426845318
25712,LOF,0.013067896119005907,0.17087579038155867,0.8160563134994354
25713,LOF,0.018073233811382594,0.0728302824558999,0.9090964837327175
25714,LOF,0.07256575533121226,0.06958943544276602,0.8578448092260217
25715,LOF,0.01060390058780892,0.12854710989447146,0.8608489895177195
25716,LOF,0.013968565729465376,0.10173460473274382,0.8842968295377908
25717,LOF,0.01326946547994995,0.07568193437487188,0.9110486001451781
25718,LOF,0.011546043453435855,0.09917528134725205,0.889278675199312
25719,LOF,0.018096041755960857,0.07688464577012821,0.905019312473911
25720,LOF,0.02151087958787656,0.0644364263225164,0.914052694089607
25721,LOF,0.015263802461821147,0.09461135394139633,0.8901248435967826
25722,LOF,0.012936282223412152,0.10907965329519242,0.8779840644813954
25723,LOF,0.0217603273992968,0.041666427035497576,0.9365732455652055
25724,LOF,0.02279387140358957,0.07854423860987801,0.8986618899865323
25725,LOF,0.011364666653736201,0.06613433201633093,0.9225010013299328
25726,LOF,0.013788492089130463,0.09184649968333584,0.8943650082275336
25727,LOF,0.01310026373482062,0.08167880715617055,0.9052209291090088
25728,LOF,0.00962730717220723,0.09886892964234108,0.8915037631854517
25729,LOF,0.009917644223526617,0.1010533320836074,0.8890290236928661
25730,LOF,0.01336553340786845,0.07195389597152334,0.9146805706206083
25731,LOF,0.02264321622477108,0.10283486141054995,0.8745219223646788
25732,LOF,0.014040336717157091,0.08055339714508652,0.9054062661377564
25733,LOF,0.01584169667879839,0.0698256361675632,0.9143326671536385
25734,LOF,0.013115890039212283,0.12334224422522254,0.8635418657355651
25735,LOF,0.01347697944851415,0.07259775140980114,0.9139252691416847
25736,LOF,0.013680132532610042,0.09531933429758516,0.8910005331698049
25737,LOF,0.0201188324651835,0.07679644634231444,0.903084721192502
25738,LOF,0.013320943605613249,0.11268851712903658,0.8739905392653502
25739,LOF,0.020605843797936976,0.077949689229575,0.901444466972488
25740,LOF,0.026715874778233336,0.0907671905634778,0.882516934658289
25741,LOF,0.014551310820923459,0.1002347955144006,0.885213893664676
25742,LOF,0.11898952012011216,0.07384975310634213,0.8071607267735457
25743,LOF,0.03566335714946209,0.027136938842193745,0.9371997040083442
25744,Neutral,0.5765467553645278,0.19689881656396738,0.22655442807150492
25745,LOF,0.0928646807176569,0.05981376104346143,0.8473215582388817
25746,LOF,0.04526159094949203,0.0674971600961098,0.8872412489543983
25747,LOF,0.02425671697763206,0.03416694192200865,0.9415763411003593
25748,LOF,0.11634224277341762,0.052190925758028646,0.8314668314685537
25749,LOF,0.028095868515154283,0.06454379498449155,0.9073603365003542
25750,LOF,0.08955141697079295,0.06718290127918228,0.8432656817500248
25751,LOF,0.1021580727479742,0.04779948653199969,0.8500424407200261
25752,GOF,0.1121480386622306,0.6581119270142757,0.22974003432349369
25753,LOF,0.019300692742788027,0.25554188653814436,0.7251574207190676
25754,GOF,0.009535479832128928,0.7596967359037612,0.2307677842641099
25755,LOF,0.022940126568400877,0.3835274647897663,0.5935324086418328
25756,LOF,0.042027396319234946,0.35039143701776676,0.6075811666629983
25757,GOF,0.013018298483199547,0.8168350439303766,0.17014665758642375
25758,GOF,0.028143778312125504,0.817893457685849,0.15396276400202555
25759,GOF,0.011556396091635668,0.52893791003338,0.45950569387498436
25760,LOF,0.012623851126841753,0.21999350195636289,0.7673826469167954
25761,GOF,0.2768518740669922,0.6048926319918144,0.11825549394119333
25762,LOF,0.03861167989918121,0.24925387133851537,0.7121344487623034
25763,LOF,0.01277520401660027,0.19128756865149005,0.7959372273319097
25764,GOF,0.07642188630412779,0.602710963425766,0.3208671502701062
25765,GOF,0.04274965241833179,0.7586822700974587,0.19856807748420952
25766,GOF,0.053868331130143304,0.7765654959252839,0.16956617294457285
25767,GOF,0.17215245860167844,0.43552971482488967,0.39231782657343195
25768,LOF,0.09751057688867742,0.06101761445895686,0.8414718086523657
25769,LOF,0.06289294684554134,0.05968950899133344,0.8774175441631252
25770,LOF,0.275692241193139,0.08015384877633926,0.6441539100305218
25771,LOF,0.039499996698043625,0.04461801035650208,0.9158819929454542
25772,LOF,0.015492394338336121,0.032937521009929686,0.9515700846517342
25773,LOF,0.046400922741297375,0.07186058222322957,0.881738495035473
25774,LOF,0.028017009720769856,0.073307163747876,0.898675826531354
25775,LOF,0.043761853675304996,0.04530512466604662,0.9109330216586483
25776,LOF,0.0699436044190217,0.025711918233481092,0.9043444773474971
25777,LOF,0.3214912506792792,0.05183297457145195,0.6266757747492688
25778,LOF,0.0621347843226469,0.04839626105642569,0.8894689546209275
25779,GOF,0.37740853581755157,0.5793517655585547,0.04323969862389368
25780,GOF,0.30955710089570704,0.6157302566456775,0.07471264245861549
25781,GOF,0.13132347541135556,0.7620670062699064,0.10660951831873809
25782,GOF,0.19605839778380416,0.7304101981415821,0.07353140407461356
25783,GOF,0.02555591011305791,0.647141818848342,0.3273022710386001
25784,GOF,0.47899986049371424,0.481141706972114,0.0398584325341719
25785,GOF,0.3898366664972662,0.5711468325536275,0.03901650094910623
25786,GOF,0.026108253823449168,0.7769870335601566,0.19690471261639422
25787,Neutral,0.6532715947285421,0.3208894505203622,0.025838954751095673
25788,LOF,0.05068894345087648,0.0956000392551139,0.8537110172940096
25789,GOF,0.19805133010892628,0.648455672910818,0.15349299698025587
25790,GOF,0.1916779802888275,0.7118690305664547,0.0964529891447178
25791,GOF,0.12066806408684942,0.6819520043970706,0.19737993151607985
25792,GOF,0.2861714248860636,0.5596804663038755,0.15414810881006077
25793,GOF,0.2510983824817387,0.5694808248882524,0.17942079263000896
25794,GOF,0.3157572593415717,0.5215193721862377,0.16272336847219052
25795,GOF,0.07287691511253387,0.6842292308808723,0.24289385400659388
25796,Neutral,0.5360712198975622,0.3892457721730409,0.0746830079293968
25797,GOF,0.08493174548912277,0.5490925224357421,0.36597573207513506
25798,GOF,0.008902816800604228,0.5037972719449572,0.4872999112544387
25799,LOF,0.006625838746246346,0.40289920958632014,0.5904749516674335
25800,GOF,0.028567672420781724,0.5662525105061157,0.4051798170731025
25801,GOF,0.17230961936483077,0.7006838558105809,0.12700652482458832
25802,GOF,0.0749236649287014,0.712109631191648,0.2129667038796505
25803,GOF,0.03601456455938576,0.5620814969910718,0.40190393844954236
25804,GOF,0.0333704447265406,0.48432182508463134,0.482307730188828
25805,GOF,0.10092535842278821,0.6060666079911046,0.2930080335861072
25806,GOF,0.09380976547057643,0.5906317614327654,0.31555847309665813
25807,GOF,0.02031623736552647,0.6331968474486865,0.346486915185787
25808,GOF,0.07891143189175383,0.6413517127968781,0.279736855311368
25809,GOF,0.016899867237251395,0.6008769724921977,0.3822231602705508
25810,GOF,0.0156913988938596,0.6312679233368043,0.3530406777693361
25811,GOF,0.4447670745339986,0.4728821822403933,0.08235074322560809
25812,GOF,0.028417519506698363,0.6193890820455458,0.3521933984477558
25813,Neutral,0.5383232622535569,0.3705001678210757,0.09117656992536756
25814,GOF,0.10483941793196896,0.656829714596948,0.23833086747108292
25815,GOF,0.19213313674756605,0.6060230768758508,0.20184378637658326
25816,GOF,0.02545325730106064,0.7196392066401035,0.25490753605883587
25817,GOF,0.24876776601303527,0.6154381148943012,0.13579411909266356
25818,GOF,0.049637318843457054,0.66667624941942,0.28368643173712293
25819,GOF,0.3521183456448121,0.4936597171185455,0.15422193723664251
25820,GOF,0.1786411591850548,0.5936418916095487,0.22771694920539637
25821,GOF,0.053716994005698536,0.6663386786813864,0.279944327312915
25822,GOF,0.2012454397095898,0.5786905630913672,0.22006399719904296
25823,GOF,0.030767470380811755,0.5251088462640222,0.444123683355166
25824,GOF,0.08464698928239346,0.5932662193051512,0.32208679141245533
25825,GOF,0.035002240208106966,0.5948387226281345,0.37015903716375836
25826,GOF,0.014616051433228371,0.5853734633700416,0.40001048519673005
25827,GOF,0.025285425400092192,0.6124517697068422,0.3622628048930655
25828,GOF,0.014389006907388396,0.5421385757635806,0.4434724173290311
25829,GOF,0.005682736081076117,0.5729416601115609,0.42137560380736305
25830,LOF,0.03572328620545505,0.2745799610745084,0.6896967527200365
25831,GOF,0.2488974226840456,0.6196332380002418,0.13146933931571253
25832,GOF,0.02824652183305641,0.6945546751936177,0.2771988029733259
25833,GOF,0.10530498839079817,0.7227374487580676,0.1719575628511343
25834,GOF,0.027660305791984172,0.7100356426600805,0.2623040515479355
25835,GOF,0.06017496694615407,0.7522197462901754,0.18760528676367047
25836,GOF,0.02863100374942962,0.6584087029012992,0.3129602933492713
25837,GOF,0.024696250527666608,0.6113809736034747,0.3639227758688588
25838,GOF,0.0888920668087247,0.7691173795406685,0.1419905536506068
25839,GOF,0.2824405629475507,0.5659197346683925,0.1516397023840568
25840,GOF,0.2705471161586414,0.5773658110037927,0.15208707283756576
25841,GOF,0.26371330789343994,0.5959287257866024,0.14035796631995767
25842,GOF,0.14366127400001205,0.7397102102128201,0.11662851578716774
25843,GOF,0.20449575738326414,0.7112732363534041,0.08423100626333165
25844,GOF,0.05847163311432476,0.7354842953329986,0.20604407155267662
25845,GOF,0.015346210164946954,0.5281503742835401,0.45650341555151297
25846,GOF,0.12113779286606217,0.7344304193070202,0.14443178782691768
25847,GOF,0.09530780733889463,0.803688938364969,0.10100325429613646
25848,GOF,0.031082316243137138,0.7198380393430691,0.24907964441379377
25849,GOF,0.009593313313560703,0.6163551060819239,0.37405158060451543
25850,GOF,0.018495862644598352,0.6379072107508944,0.3435969266045072
25851,GOF,0.014756688684054367,0.5450822322467821,0.4401610790691636
25852,GOF,0.15553558701009831,0.5588214075912651,0.2856430053986367
25853,GOF,0.34469703574415556,0.5705566604739141,0.08474630378193031
25854,GOF,0.020534406723656647,0.6127986869461693,0.3666669063301741
25855,GOF,0.03129083025734114,0.5716164514911859,0.397092718251473
25856,GOF,0.2268361817926722,0.5574000360704674,0.2157637821368603
25857,GOF,0.03718542911351335,0.5144425796642271,0.4483719912222594
25858,GOF,0.019683414639623482,0.5171521177464172,0.4631644676139593
25859,GOF,0.009858731153652746,0.49824490533604515,0.4918963635103022
25860,GOF,0.3581215866333829,0.5578047610415718,0.08407365232504531
25861,GOF,0.4399715369699099,0.4902444441069941,0.06978401892309608
25862,GOF,0.07746538360547703,0.7805170651193014,0.1420175512752215
25863,GOF,0.07716971359039432,0.7785412511354846,0.1442890352741211
25864,GOF,0.1910556350714775,0.736302048688412,0.07264231624011044
25865,GOF,0.07798734484836345,0.8054870565352995,0.11652559861633695
25866,GOF,0.05116067457133346,0.7875990758597926,0.1612402495688738
25867,GOF,0.07945559841446909,0.8112707865265765,0.10927361505895457
25868,GOF,0.24667831752142272,0.639654478722419,0.11366720375615828
25869,Neutral,0.7263851154774155,0.22691302328388835,0.04670186123869629
25870,GOF,0.2987645253892041,0.3875774108660208,0.3136580637447751
25871,GOF,0.21420722387391702,0.6408438789300636,0.1449488971960193
25872,GOF,0.07352793064421204,0.6474582229170003,0.2790138464387877
25873,GOF,0.10463834323417673,0.6852444487754279,0.21011720799039532
25874,LOF,0.015216622478419881,0.10760365811080246,0.8771797194107777
25875,LOF,0.0990971627848632,0.04134604119022491,0.859556796024912
25876,LOF,0.03615554122417953,0.03156042545197543,0.932284033323845
25877,Neutral,0.5106504228621402,0.03940420367258911,0.4499453734652707
25878,LOF,0.22664432702737952,0.0893431905496383,0.6840124824229822
25879,LOF,0.09220693074725433,0.08809547978507316,0.8196975894676726
25880,LOF,0.04091312733105365,0.014550763011496664,0.9445361096574497
25881,LOF,0.1562248676422486,0.11089646519992566,0.7328786671578258
25882,LOF,0.06177472485848258,0.017342389719438356,0.920882885422079
25883,LOF,0.06481427257085623,0.019341251955622925,0.9158444754735208
25884,LOF,0.02998108878546615,0.02933286651887506,0.9406860446956589
25885,LOF,0.058017782813305586,0.012371785092532442,0.9296104320941619
25886,LOF,0.2530085324108441,0.03646252426899656,0.7105289433201594
25887,LOF,0.14405665124535905,0.06955498751743813,0.7863883612372029
25888,LOF,0.05755420405520298,0.061925305057051044,0.880520490887746
25889,LOF,0.039382511310399854,0.02106061962290844,0.9395568690666918
25890,LOF,0.051733865160367064,0.15348789143458957,0.7947782434050433
25891,LOF,0.04347376252756294,0.05424258190155228,0.9022836555708846
25892,LOF,0.08298308548475956,0.023192213522170744,0.8938247009930697
25893,LOF,0.24933767133637233,0.018144888586307036,0.7325174400773207
25894,LOF,0.1730220947733827,0.013649423569953701,0.8133284816566636
25895,LOF,0.18945724903150882,0.022290481600407756,0.7882522693680835
25896,LOF,0.050690417695102734,0.022772487661527757,0.9265370946433695
25897,LOF,0.2531837079921151,0.014430308660854683,0.7323859833470303
25898,Neutral,0.7040399428604341,0.010705748069574212,0.2852543090699916
25899,LOF,0.2143760141088079,0.02393090356755966,0.7616930823236325
25900,LOF,0.46283939242117045,0.011483316271202193,0.5256772913076273
25901,LOF,0.05065660953271566,0.011009447234905425,0.9383339432323788
25902,LOF,0.16417101790086858,0.013768886365181367,0.8220600957339501
25903,Neutral,0.592232505273231,0.02967076135655538,0.37809673337021354
25904,LOF,0.3155182079340504,0.044717741367081565,0.639764050698868
25905,LOF,0.02409888725631633,0.31959907800199905,0.6563020347416846
25906,LOF,0.030632064383001232,0.08671375177351556,0.8826541838434832
25907,LOF,0.01357372160819895,0.310939138128324,0.675487140263477
25908,LOF,0.009688748557391817,0.24318624317440204,0.7471250082682062
25909,LOF,0.012232303237254707,0.12824016356871587,0.8595275331940294
25910,LOF,0.04816358986744404,0.1436575510087998,0.8081788591237561
25911,LOF,0.1774764614086317,0.025317785292744227,0.797205753298624
25912,LOF,0.045600114747632016,0.04650946911626431,0.9078904161361037
25913,LOF,0.33952409998419486,0.022176997426871355,0.6382989025889338
25914,LOF,0.020376899369317355,0.047820933056838356,0.9318021675738443
25915,Neutral,0.5772026519968108,0.1381465225361935,0.2846508254669957
25916,LOF,0.08771753984941714,0.19880886969419273,0.7134735904563901
25917,LOF,0.06858945441518995,0.038614678974494644,0.8927958666103154
25918,LOF,0.023352420838219767,0.028156643402714846,0.9484909357590655
25919,LOF,0.020706176323473297,0.030546332067355863,0.9487474916091708
25920,GOF,0.10992104900858923,0.4959452034380408,0.39413374755337005
25921,LOF,0.02579218643286441,0.03372085087710691,0.9404869626900287
25922,LOF,0.03355128062232299,0.024648724942849354,0.9417999944348276
25923,Neutral,0.512305929469178,0.03285374855638737,0.45484032197443464
25924,LOF,0.03734769654537479,0.03795237896493271,0.9246999244896925
25925,LOF,0.07185365774420167,0.034583275920009905,0.8935630663357884
25926,LOF,0.05215614848131312,0.031808268344621665,0.9160355831740653
25927,LOF,0.05804686624784876,0.1405050617700204,0.8014480719821309
25928,LOF,0.01862537439665461,0.050158699091221885,0.9312159265121235
25929,Neutral,0.6247165245363318,0.03457544491355611,0.340708030550112
25930,LOF,0.07621559471375577,0.028001243462238912,0.8957831618240053
25931,LOF,0.02499352954512028,0.032895233160053106,0.9421112372948266
25932,LOF,0.029211698552438978,0.026581456409470537,0.9442068450380904
25933,LOF,0.0398066563743586,0.01594906488156726,0.9442442787440741
25934,LOF,0.025484652866411047,0.018461939226621673,0.9560534079069672
25935,LOF,0.06372046071585188,0.04554679981092803,0.8907327394732201
25936,LOF,0.04606895354592401,0.022261097050529567,0.9316699494035463
25937,LOF,0.028021704447023447,0.037342795410884956,0.9346355001420915
25938,LOF,0.06601337078313523,0.049048407980757415,0.8849382212361074
25939,LOF,0.04486342975000206,0.01768083180706837,0.9374557384429296
25940,LOF,0.036681983470012815,0.3232132619627154,0.6401047545672719
25941,LOF,0.17853120512628867,0.09437394012521762,0.7270948547484938
25942,LOF,0.012892788447241847,0.035697177710559656,0.9514100338421985
25943,LOF,0.31844896048504095,0.05937836202476134,0.6221726774901977
25944,Neutral,0.49108198815247683,0.02166229258495055,0.4872557192625725
25945,LOF,0.07368951725923181,0.018289986607148145,0.9080204961336201
25946,LOF,0.031106970997323295,0.11689402373546287,0.8519990052672138
25947,LOF,0.11031887672517356,0.16453079001570262,0.7251503332591238
25948,LOF,0.37440734201840903,0.007706484459890622,0.6178861735217004
25949,LOF,0.12172414005258018,0.03655976439976814,0.8417160955476516
25950,GOF,0.3310665655833456,0.34203593248589664,0.32689750193075784
25951,LOF,0.18949395077416448,0.2881384287140455,0.5223676205117901
25952,GOF,0.045528457462562594,0.49928928737043754,0.4551822551669999
25953,LOF,0.14876468971579757,0.11065072858034448,0.740584581703858
25954,Neutral,0.4229765922179771,0.19097883523483336,0.38604457254718966
25955,LOF,0.060272684492093526,0.07942711125748243,0.8603002042504241
25956,LOF,0.15263762690928387,0.12161357631211996,0.7257487967785963
25957,LOF,0.03513484489912353,0.03157840918496837,0.9332867459159081
25958,LOF,0.0557009864443235,0.025490721736646148,0.9188082918190302
25959,LOF,0.07840628700266114,0.3312671044596586,0.5903266085376803
25960,LOF,0.015594128398458319,0.052803625900210545,0.9316022457013312
25961,LOF,0.041894930118953864,0.02606769884074149,0.9320373710403047
25962,LOF,0.06240280443304481,0.03270800161534955,0.9048891939516056
25963,LOF,0.04413973680926216,0.2089949524743631,0.7468653107163746
25964,LOF,0.03203512889393788,0.163875470016475,0.804089401089587
25965,LOF,0.44758916802021226,0.05855471686283424,0.4938561151169535
25966,Neutral,0.4987621550803645,0.16975162765066332,0.33148621726897226
25967,LOF,0.01720039103037595,0.09961799839849408,0.88318161057113
25968,LOF,0.033873786778750865,0.37590400461245427,0.5902222086087948
25969,LOF,0.03490727138417956,0.0659360343823219,0.8991566942334986
25970,LOF,0.05330724839650805,0.06636651759240653,0.8803262340110855
25971,LOF,0.06591906403369296,0.02242712376907758,0.9116538121972295
25972,LOF,0.0639963884796357,0.03220372800244025,0.9037998835179241
25973,LOF,0.07025694578052091,0.010078537290677645,0.9196645169288014
25974,LOF,0.1844963199837251,0.013841113844844377,0.8016625661714306
25975,LOF,0.044341645394021814,0.026510814196243994,0.9291475404097341
25976,LOF,0.04267419329332504,0.01584663008778614,0.9414791766188887
25977,LOF,0.14479018102415506,0.08613985747030953,0.7690699615055354
25978,LOF,0.13880296147881857,0.09615637123073976,0.7650406672904417
25979,LOF,0.12516896517452641,0.0986987320652548,0.7761323027602187
25980,LOF,0.21025035003850387,0.12633974130824668,0.6634099086532493
25981,LOF,0.24607871014984595,0.12474615110786204,0.629175138742292
25982,LOF,0.3961189168933008,0.08139085017297387,0.5224902329337252
25983,LOF,0.3678289462494226,0.08812416964912412,0.5440468841014533
25984,LOF,0.04649924920890974,0.046388188279129404,0.9071125625119609
25985,LOF,0.039586244519067386,0.28115609535348834,0.6792576601274442
25986,LOF,0.047344602292182424,0.3243994577983261,0.6282559399094915
25987,LOF,0.08436484626483529,0.06771582307980833,0.8479193306553564
25988,LOF,0.15639626753499358,0.05849118881485461,0.7851125436501519
25989,LOF,0.03850434541783498,0.11190714440709858,0.8495885101750664
25990,LOF,0.040321478851080624,0.1598591709609114,0.799819350188008
25991,LOF,0.13719668072055194,0.22777408152363582,0.6350292377558123
25992,LOF,0.31197298562518805,0.13902242898219144,0.5490045853926205
25993,LOF,0.02351856982763343,0.07212923922898087,0.9043521909433857
25994,LOF,0.018341960164156575,0.07749294989944361,0.9041650899363999
25995,LOF,0.024429437393449743,0.15990041995055565,0.8156701426559947
25996,GOF,0.3170540473143526,0.39391666937220754,0.28902928331343997
25997,LOF,0.08203638829007653,0.3733394582520197,0.5446241534579038
25998,Neutral,0.5017207557815918,0.028537511442373587,0.4697417327760346
25999,LOF,0.09787845229595915,0.08858510368722583,0.813536444016815
26000,LOF,0.13806428930367812,0.04516845220584088,0.8167672584904809
26001,LOF,0.2098938557331517,0.04828866410792227,0.741817480158926
26002,LOF,0.11937346362003215,0.04275952013476081,0.8378670162452071
26003,GOF,0.010018447093951043,0.59891651239934,0.391065040506709
26004,GOF,0.020805642053422883,0.693047126342588,0.2861472316039892
26005,LOF,0.0063262906508839405,0.44884442043435463,0.5448292889147613
26006,Neutral,0.5317991004667938,0.23514754033328994,0.23305335919991632
26007,GOF,0.021900134671823234,0.5164284799287678,0.461671385399409
26008,GOF,0.018426046425364984,0.6264832351757096,0.35509071839892553
26009,GOF,0.018489051922880265,0.6983492921152612,0.28316165596185844
26010,GOF,0.022126250761580018,0.6232680785486171,0.3546056706898028
26011,LOF,0.006095719418659239,0.4089096797936042,0.5849946007877366
26012,GOF,0.012129042557272183,0.5473946477944079,0.4404763096483199
26013,GOF,0.018227239073069584,0.6114191982614886,0.3703535626654418
26014,LOF,0.04020440621592695,0.09977658701903395,0.8600190067650391
26015,LOF,0.16408769367745157,0.014610117356495263,0.8213021889660531
26016,LOF,0.19009766178050064,0.06020503477566088,0.7496973034438386
26017,LOF,0.2164733702861704,0.09559216515259641,0.6879344645612332
26018,LOF,0.07700055907595421,0.03784498523972405,0.8851544556843217
26019,LOF,0.07308072455812191,0.03117740707898484,0.8957418683628933
26020,LOF,0.06461149715010993,0.10207742560351436,0.8333110772463757
26021,LOF,0.04426276782955572,0.11101711863756326,0.844720113532881
26022,LOF,0.010447094562494668,0.04016155807933461,0.9493913473581708
26023,LOF,0.06498862809585297,0.02453937941319368,0.9104719924909533
26024,LOF,0.02988609482941491,0.11291864715861448,0.8571952580119707
26025,LOF,0.15533721940961065,0.09356699825751247,0.7510957823328769
26026,LOF,0.31756325807142943,0.029449520958665047,0.6529872209699056
26027,LOF,0.058053884940932596,0.019205533126733006,0.9227405819323343
26028,LOF,0.1539949202783365,0.06899887501643201,0.7770062047052316
26029,LOF,0.07167087346505106,0.14988953905183974,0.7784395874831092
26030,LOF,0.021684361453979863,0.033614841186011594,0.9447007973600084
26031,LOF,0.026296969071113067,0.1063998219076443,0.8673032090212426
26032,LOF,0.06929768514282322,0.0520674725733906,0.8786348422837862
26033,LOF,0.08864782965084339,0.05305645494972801,0.8582957153994285
26034,LOF,0.04479104085201138,0.13471835013370487,0.8204906090142837
26035,LOF,0.026290124084929433,0.12155650680079057,0.85215336911428
26036,LOF,0.03968001382045947,0.14313725344335823,0.8171827327361822
26037,LOF,0.02185629158849278,0.09840122976972827,0.8797424786417789
26038,LOF,0.06496612424990224,0.05413979825021987,0.8808940774998778
26039,LOF,0.05149383122967197,0.12173975203937913,0.8267664167309489
26040,LOF,0.21258225076598516,0.0930648043258506,0.6943529449081642
26041,LOF,0.02241075348677599,0.08853709437688118,0.8890521521363428
26042,LOF,0.021286681485788835,0.08674525689373273,0.8919680616204784
26043,LOF,0.06615283541505784,0.06312239122333511,0.8707247733616071
26044,LOF,0.01924854879767419,0.04497359890402129,0.9357778522983045
26045,LOF,0.0729306512040212,0.07907080105260433,0.8479985477433745
26046,LOF,0.06183919225984287,0.053098975222941235,0.8850618325172158
26047,LOF,0.08261506227837154,0.05407561871833135,0.8633093190032971
26048,LOF,0.04811701938037741,0.03183269686967915,0.9200502837499436
26049,Neutral,0.9679118105824938,0.00521693725019713,0.026871252167309147
26050,Neutral,0.9532020232216686,0.00644256287757497,0.040355413900756525
26051,LOF,0.04811605397613721,0.2503378167927666,0.7015461292310962
26052,LOF,0.06618745439371969,0.29917284254131,0.6346397030649702
26053,LOF,0.059659485690432834,0.14433191118362743,0.7960086031259398
26054,LOF,0.04763451296747226,0.01720195919029258,0.9351635278422351
26055,LOF,0.06890348251944023,0.015290942012783847,0.9158055754677759
26056,LOF,0.05703005371611514,0.018136719664403396,0.9248332266194815
26057,LOF,0.031615514903960265,0.012213780698938609,0.9561707043971012
26058,LOF,0.03219255730263658,0.0099493892999452,0.9578580533974184
26059,LOF,0.26999051945046576,0.019768871879180947,0.7102406086703532
26060,LOF,0.04413384918956499,0.16399650435478524,0.7918696464556498
26061,LOF,0.016829973569273578,0.013360416883609463,0.9698096095471168
26062,LOF,0.009769454288245424,0.019329155877126424,0.9709013898346281
26063,LOF,0.019464043428743263,0.01028785486507776,0.9702481017061789
26064,LOF,0.019626918067744244,0.02385436483104297,0.9565187171012128
26065,LOF,0.025309483701094822,0.01070110479476952,0.9639894115041356
26066,LOF,0.02006857462366389,0.011075956796128971,0.9688554685802071
26067,LOF,0.02647848694643677,0.008740994591539474,0.9647805184620238
26068,LOF,0.04210113379100101,0.026885876144391568,0.9310129900646076
26069,LOF,0.23771016417546156,0.018088360635365033,0.7442014751891735
26070,LOF,0.3775703019660191,0.015962482246422813,0.6064672157875581
26071,LOF,0.019131779794647457,0.011336466132000306,0.9695317540733521
26072,LOF,0.016762355039314517,0.022316537174110744,0.9609211077865748
26073,LOF,0.018706250100188202,0.014592666111668776,0.9667010837881431
26074,Neutral,0.9149993922029049,0.005399120926038106,0.07960148687105711
26075,LOF,0.043502414186671445,0.013553242792995633,0.942944343020333
26076,LOF,0.03600194718136173,0.008657966391596874,0.9553400864270414
26077,LOF,0.009234624850163523,0.013775254396581208,0.9769901207532553
26078,LOF,0.014275769056021289,0.011868483895232972,0.9738557470487457
26079,LOF,0.05851223905666252,0.016057467015458002,0.9254302939278795
26080,LOF,0.05773901582429489,0.016065905447152574,0.9261950787285527
26081,LOF,0.03524284819682098,0.006625203753714985,0.9581319480494639
26082,LOF,0.01268647844901556,0.013983700080246537,0.973329821470738
26083,LOF,0.17425821636271258,0.01422337960784762,0.8115184040294398
26084,LOF,0.0426357127362545,0.012579911429009114,0.9447843758347364
26085,LOF,0.03807631255598252,0.011893089526788901,0.9500305979172285
26086,LOF,0.020707428769700557,0.01124800518269304,0.9680445660476062
26087,LOF,0.022759619574729693,0.008821185148943433,0.9684191952763269
26088,LOF,0.016108612560650954,0.023181285634054485,0.9607101018052947
26089,LOF,0.041319684812563,0.020780161332233163,0.9379001538552039
26090,LOF,0.040992030282124614,0.0169792620782171,0.9420287076396583
26091,LOF,0.03108705182173094,0.006662205291736745,0.9622507428865323
26092,LOF,0.021325286059334304,0.008158937860487268,0.9705157760801784
26093,LOF,0.03254167227963408,0.006005368670959308,0.9614529590494065
26094,LOF,0.03232985054996771,0.00663078744520549,0.9610393620048268
26095,LOF,0.0356412098164004,0.014552722423427011,0.9498060677601725
26096,LOF,0.01611220085716704,0.01187444715939798,0.972013351983435
26097,LOF,0.011158513420101348,0.037519595998235976,0.9513218905816626
26098,LOF,0.07557282712447845,0.012106655510172136,0.9123205173653494
26099,LOF,0.020619451928747003,0.01208111819791999,0.9672994298733331
26100,LOF,0.022750402415001206,0.011526323977317765,0.965723273607681
26101,LOF,0.04520580195063428,0.017910893206891446,0.9368833048424742
26102,LOF,0.019279523372748807,0.014391929658590224,0.966328546968661
26103,Neutral,0.8801817160558408,0.01840629464956819,0.10141198929459103
26104,LOF,0.07523000322031463,0.023118586190319458,0.9016514105893659
26105,LOF,0.190584490670669,0.26743722931001573,0.5419782800193153
26106,LOF,0.16137397577671714,0.12519684186518965,0.7134291823580932
26107,LOF,0.24655270740633473,0.07600456614362348,0.6774427264500418
26108,LOF,0.23005811215697208,0.09049803213928326,0.6794438557037447
26109,LOF,0.08085770799653166,0.06572289227057472,0.8534193997328937
26110,LOF,0.2187204848806477,0.007189031868862289,0.7740904832504899
26111,Neutral,0.5300135723087985,0.022620139825560704,0.4473662878656408
26112,LOF,0.034702755369657314,0.007351623543729676,0.9579456210866131
26113,LOF,0.06311213572137322,0.015079361980070448,0.9218085022985564
26114,LOF,0.026289154807785747,0.028074445253215504,0.9456363999389988
26115,LOF,0.0886859168686251,0.05197523271701067,0.8593388504143642
26116,LOF,0.06143720158264327,0.056878192901876456,0.8816846055154803
26117,LOF,0.43859903175073445,0.04005666090331863,0.521344307345947
26118,LOF,0.032982693792529695,0.02215852330827238,0.944858782899198
26119,LOF,0.02377446657036106,0.03340913555695071,0.9428163978726881
26120,LOF,0.024994880477060083,0.017741121296242536,0.9572639982266974
26121,LOF,0.04433412696670078,0.08142156728426415,0.874244305749035
