feature0,prediction,LoGoFunc_Neutral,LoGoFunc_GOF,LoGoFunc_LOF
25546,Neutral,0.5910936858477502,0.051180957164851944,0.357725356987398
25547,Neutral,0.4820695456684318,0.0731825435182552,0.44474791081331294
25548,Neutral,0.509176925052395,0.07323085407162734,0.4175922208759777
25549,LOF,0.4470618741996053,0.07263539556430998,0.4803027302360846
25550,LOF,0.3752408731903923,0.0856694544648947,0.5390896723447131
25551,LOF,0.3289609339726471,0.09162143579927312,0.5794176302280798
25552,LOF,0.2803127764456522,0.10707740964994317,0.6126098139044045
25553,Neutral,0.7899033660539826,0.04741413192320068,0.1626825020228167
25554,LOF,0.3124919203747961,0.0970697580105352,0.5904383216146686
25555,LOF,0.2697812899965317,0.09662171009719543,0.6335969999062728
25556,LOF,0.4440615908339438,0.08864575689364096,0.4672926522724153
25557,LOF,0.25797670537695494,0.09382098119242088,0.6482023134306242
25558,LOF,0.3257343733929947,0.0887379803417566,0.5855276462652487
25559,LOF,0.2796777774880858,0.026577827391973216,0.6937443951199409
25560,LOF,0.09724557488230968,0.16336274549695465,0.7393916796207357
25561,LOF,0.08019422411532974,0.25613932478241686,0.6636664511022534
25562,LOF,0.03657538677914849,0.0915652791186043,0.8718593341022471
25563,LOF,0.007169145029944769,0.18711792698529575,0.8057129279847596
25564,LOF,0.07010519449601708,0.12191352934780844,0.8079812761561744
25565,LOF,0.18895247606078988,0.12553986046386612,0.6855076634753441
25566,GOF,0.07675291872084733,0.7998877845822342,0.12335929669691839
25567,LOF,0.044384043356243116,0.17274171312483955,0.7828742435189173
25568,LOF,0.0638309765268104,0.12229329608680983,0.8138757273863798
25569,LOF,0.06359589339077064,0.11880567723979668,0.8175984293694327
25570,LOF,0.02717692424933069,0.15586777782565941,0.81695529792501
25571,LOF,0.027026239446461396,0.16595418839332984,0.8070195721602088
25572,LOF,0.060121818676603295,0.23906362600587217,0.7008145553175246
25573,LOF,0.07073613581410908,0.153503545034528,0.7757603191513629
25574,LOF,0.09541594781509376,0.2451728505383935,0.6594112016465128
25575,LOF,0.025484096967169384,0.179584654419434,0.7949312486133967
25576,LOF,0.024938857919997226,0.3046438782584798,0.670417263821523
25577,LOF,0.029032740547354295,0.2196555932748968,0.7513116661777489
25578,LOF,0.302455273599392,0.11588189386981539,0.5816628325307927
25579,LOF,0.2032319863892927,0.11479712506393137,0.6819708885467759
25580,LOF,0.0246210697265091,0.10076110740367852,0.8746178228698124
25581,LOF,0.04459342727622322,0.14090185450428147,0.8145047182194952
25582,LOF,0.0439824689550139,0.13602336679950766,0.8199941642454784
25583,LOF,0.035608812234097606,0.11602689905023604,0.8483642887156664
25584,Neutral,0.7083818054729225,0.1275676822106678,0.16405051231640963
25585,LOF,0.02487368376417622,0.21487198877843,0.7602543274573939
25586,LOF,0.022846045020103123,0.13219351632772458,0.8449604386521723
25587,LOF,0.02202832360839127,0.13275660520222834,0.8452150711893803
25588,LOF,0.028570555677819954,0.10189574620992452,0.8695336981122556
25589,Neutral,0.5706034138709617,0.22527986232937913,0.2041167237996591
25590,LOF,0.059156579929726366,0.1720667556004208,0.7687766644698528
25591,LOF,0.10490053190934023,0.11363375438868949,0.7814657137019704
25592,LOF,0.08273108378936661,0.2210576887131794,0.696211227497454
25593,LOF,0.14590083716284208,0.3566469585826081,0.49745220425454995
25594,LOF,0.04338278724888705,0.041935337945268096,0.9146818748058448
25595,LOF,0.04462231404257514,0.02594450400501074,0.9294331819524142
25596,LOF,0.10556189292294753,0.015004093208620629,0.8794340138684318
25597,LOF,0.08529916301581447,0.014576201451808086,0.9001246355323774
25598,LOF,0.043188997063696895,0.026849102484472125,0.929961900451831
25599,LOF,0.031583688859282005,0.37083332533413005,0.597582985806588
25600,LOF,0.17567995830974162,0.3471402664876785,0.4771797752025799
25601,LOF,0.052873845200482134,0.28477253018437726,0.6623536246151407
25602,LOF,0.02721292137220328,0.08243562776843548,0.8903514508593613
25603,LOF,0.052133221474846524,0.08750786572299533,0.860358912802158
25604,LOF,0.049228582778877296,0.15378564322304167,0.7969857739980811
25605,LOF,0.04793132391003243,0.20733437568217547,0.744734300407792
25606,Neutral,0.39078672148311616,0.3171532486278069,0.2920600298890769
25607,LOF,0.030299736860533805,0.27067992394186635,0.6990203391975999
25608,LOF,0.043011230702150634,0.0814430673978173,0.875545701900032
25609,GOF,0.18671402477997368,0.5290680607586128,0.2842179144614134
25610,LOF,0.02348257538615321,0.07788636770267923,0.8986310569111676
25611,LOF,0.016195720412795454,0.08269017815661409,0.9011141014305905
25612,LOF,0.061442840532614465,0.09186329085764512,0.8466938686097404
25613,LOF,0.05385728830103324,0.10249699377735288,0.8436457179216138
25614,LOF,0.025749456997396104,0.07400522357406764,0.9002453194285363
25615,LOF,0.05988921772853601,0.06772042057418891,0.8723903616972751
25616,LOF,0.0662641764548461,0.0847937538008964,0.8489420697442576
25617,LOF,0.05182066732313038,0.08669649030856291,0.8614828423683067
25618,LOF,0.06467933275095865,0.15048920532928137,0.7848314619197599
25619,LOF,0.015702092599549876,0.114556926971681,0.8697409804287691
25620,LOF,0.050497716911687904,0.08685515611401667,0.8626471269742954
25621,LOF,0.08002298224860253,0.08090724881768369,0.8390697689337139
25622,LOF,0.09240094288412977,0.08652778062164772,0.8210712764942224
25623,LOF,0.07736758967331608,0.07476618220650742,0.8478662281201765
25624,LOF,0.02441388876258671,0.07369943284600997,0.9018866783914032
25625,LOF,0.07764421952622536,0.08479171070087928,0.8375640697728953
25626,LOF,0.05860048146242769,0.08486513148494715,0.8565343870526252
25627,Neutral,0.8776918821550178,0.02215761212912066,0.10015050571586151
25628,LOF,0.2123013314351253,0.0470367918329105,0.7406618767319643
25629,LOF,0.07323612533939138,0.06581354575814109,0.8609503289024676
25630,LOF,0.2974077523491379,0.059906290828273284,0.6426859568225888
25631,Neutral,0.49718735361926025,0.04061843755546354,0.4621942088252762
25632,LOF,0.03338708532176725,0.1400813064833302,0.8265316081949027
25633,LOF,0.19755984373565996,0.08807587286278133,0.7143642834015588
25634,LOF,0.042430850737185055,0.142743345920123,0.814825803342692
25635,LOF,0.03362332008523234,0.06583225660120015,0.9005444233135677
25636,GOF,0.03366943588125251,0.529333476911014,0.4369970872077335
25637,GOF,0.032152104669518254,0.5415236595852656,0.42632423574521616
25638,LOF,0.018540463212153503,0.4289957543880035,0.552463782399843
25639,LOF,0.02585409647769237,0.4207702490986018,0.5533756544237058
25640,Neutral,0.779862665845722,0.16798011028291707,0.05215722387136105
25641,LOF,0.11005978582022209,0.3474556838991603,0.5424845302806176
25642,LOF,0.09370877291729536,0.19634312242087837,0.7099481046618262
25643,LOF,0.300270470450582,0.11122620968839698,0.588503319861021
25644,GOF,0.010393712490867624,0.6862705130531374,0.3033357744559951
25645,GOF,0.01184229632377353,0.636938111006623,0.35121959266960345
25646,LOF,0.01661594594238406,0.4045194237247398,0.5788646303328762
25647,LOF,0.009043656425877872,0.3274621619109025,0.6634941816632197
25648,LOF,0.012920492579152232,0.3986483449234198,0.588431162497428
25649,LOF,0.00825809635338494,0.28786632416582625,0.7038755794807887
25650,GOF,0.036806959137544504,0.5998360370536925,0.36335700380876307
25651,LOF,0.010651946457019236,0.41264532084630007,0.5767027326966807
25652,LOF,0.011071193296380457,0.4323666615317429,0.5565621451718765
25653,GOF,0.04630569694110379,0.6029038904003391,0.35079041265855715
25654,LOF,0.012797085656400184,0.33765477858873655,0.6495481357548633
25655,GOF,0.11715809905282117,0.6563112060042239,0.22653069494295494
25656,LOF,0.2039461988859262,0.06640322585391328,0.7296505752601604
25657,LOF,0.0291492677465451,0.07367739173485027,0.8971733405186046
25658,LOF,0.23987746407255167,0.10230189903545309,0.6578206368919952
25659,LOF,0.3976845456918653,0.13258992052657426,0.4697255337815605
25660,LOF,0.023259686450303158,0.1134020117645977,0.8633383017850991
25661,LOF,0.07486034671472538,0.0735230111166828,0.8516166421685919
25662,LOF,0.02798983107492988,0.04524695326048088,0.9267632156645893
25663,LOF,0.03125025873900043,0.04139701138480813,0.9273527298761913
25664,LOF,0.09253469387930582,0.06961971410923987,0.8378455920114543
25665,LOF,0.05582918299319775,0.037142227605457254,0.907028589401345
25666,LOF,0.07286012776857399,0.05286909616440448,0.8742707760670216
25667,LOF,0.06070741632091546,0.04820734470245537,0.8910852389766292
25668,LOF,0.029615202878124938,0.06033368632609031,0.9100511107957847
25669,LOF,0.020312493414057033,0.05430997104893696,0.925377535537006
25670,LOF,0.12653605981752342,0.05202572522583739,0.8214382149566392
25671,LOF,0.08647650334825441,0.04445128581654648,0.8690722108351991
25672,LOF,0.048388932656133296,0.05695208624058741,0.8946589811032793
25673,LOF,0.08384217196241345,0.044557806215572475,0.871600021822014
25674,LOF,0.07753993511787342,0.06084782996013289,0.8616122349219937
25675,LOF,0.07397224533654266,0.06682372427427122,0.859204030389186
25676,LOF,0.01613645119161366,0.06918780490714282,0.9146757439012434
25677,LOF,0.015948477986482013,0.08534258380745341,0.8987089382060646
25678,LOF,0.19430469964627556,0.08076877160528592,0.7249265287484387
25679,LOF,0.10667611808104013,0.10386307646938947,0.7894608054495704
25680,LOF,0.020395277431800182,0.11992625475298169,0.8596784678152181
25681,LOF,0.03372446252977736,0.11003110967195368,0.856244427798269
25682,LOF,0.11445336356168641,0.07616424544587082,0.8093823909924427
25683,LOF,0.09249815579249471,0.09701832528939848,0.8104835189181068
25684,LOF,0.0264018869459351,0.0734035381553594,0.9001945748987055
25685,LOF,0.11119117368566488,0.10641154566713516,0.7823972806471999
25686,LOF,0.06510794266677375,0.21140770855611743,0.7234843487771089
25687,LOF,0.10998438511038787,0.18620350824837484,0.7038121066412373
25688,LOF,0.45310888403792504,0.02006948384352891,0.526821632118546
25689,LOF,0.27103247517654316,0.028180211704042234,0.7007873131194147
25690,LOF,0.36487580929478447,0.01860087307055073,0.6165233176346647
25691,Neutral,0.7468148968390055,0.01785344100331304,0.23533166215768148
25692,LOF,0.3532432626698838,0.009224493892555122,0.6375322434375611
25693,GOF,0.03843991144234214,0.5494813415600298,0.41207874699762814
25694,LOF,0.1052973010867243,0.018865585104288936,0.8758371138089868
25695,LOF,0.10352408425494651,0.00960122935867813,0.8868746863863753
25696,LOF,0.1101012448380247,0.017262790370929454,0.8726359647910459
25697,LOF,0.04666158275529974,0.06538657767249573,0.8879518395722046
25698,LOF,0.23928017747674704,0.20346596698739433,0.5572538555358586
25699,LOF,0.3593521258950233,0.04478711064609326,0.5958607634588834
25700,LOF,0.056293589385076385,0.012178016024646653,0.931528394590277
25701,LOF,0.170459534172388,0.03983709123076105,0.7897033745968509
25702,GOF,0.19631034956265464,0.65294236651186,0.1507472839254853
25703,LOF,0.01958236479723323,0.20591571186392774,0.774501923338839
25704,LOF,0.036833191920376825,0.17179578820303842,0.7913710198765848
25705,LOF,0.032072989966131296,0.09007846001029321,0.8778485500235755
25706,GOF,0.09260730862607695,0.5438707998418677,0.36352189153205544
25707,LOF,0.08854300979408963,0.4247947026012582,0.48666228760465213
25708,LOF,0.036801413866734536,0.4462823590911675,0.516916227042098
25709,LOF,0.07834333210321487,0.04999238192870327,0.8716642859680819
25710,LOF,0.01783436598721189,0.1734492713634797,0.8087163626493085
25711,LOF,0.019363077391321037,0.09458483326993679,0.8860520893387421
25712,LOF,0.01717473274347651,0.2042618095434999,0.7785634577130235
25713,LOF,0.018672176146455288,0.07800298122121364,0.903324842632331
25714,LOF,0.07660880563842767,0.06913923378102388,0.8542519605805485
25715,LOF,0.0119871553438883,0.11943420998865813,0.8685786346674534
25716,LOF,0.01289169147809422,0.13567515464225563,0.8514331538796501
25717,LOF,0.019195898207462137,0.08578267901731773,0.8950214227752201
25718,LOF,0.011440557325555625,0.056724998490538386,0.9318344441839059
25719,LOF,0.024267233714427787,0.09532795153047281,0.8804048147550995
25720,LOF,0.029687983162463148,0.05185328741010739,0.9184587294274295
25721,LOF,0.011695075127018135,0.09119377426261614,0.8971111506103657
25722,LOF,0.013585275166164146,0.07801850486955592,0.90839621996428
25723,LOF,0.024354292917530766,0.058276343336670554,0.9173693637457987
25724,LOF,0.03280563421006256,0.10457261071305017,0.8626217550768872
25725,LOF,0.011617209616586674,0.09016749589864055,0.8982152944847727
25726,LOF,0.017264131713109424,0.13611786445266683,0.8466180038342237
25727,LOF,0.014486273321437605,0.0798553161333479,0.9056584105452146
25728,LOF,0.01100486458864875,0.10186276700547203,0.8871323684058792
25729,LOF,0.011307787328585932,0.09983625374101529,0.8888559589303988
25730,LOF,0.01457381845491567,0.10231251488192536,0.883113666663159
25731,LOF,0.02001603347423096,0.13779662071541393,0.8421873458103551
25732,LOF,0.014304836590101244,0.05320053232428296,0.9324946310856158
25733,LOF,0.015406932589340868,0.06940639816976397,0.9151866692408951
25734,LOF,0.013341535432896321,0.1563163481214093,0.8303421164456943
25735,LOF,0.01124000328696228,0.06806229658590504,0.9206977001271328
25736,LOF,0.012596218646128246,0.06706607651407401,0.9203377048397978
25737,LOF,0.013508030543702755,0.09759919695832424,0.888892772497973
25738,LOF,0.012373443661405907,0.09198057772851075,0.8956459786100833
25739,LOF,0.01989432271028717,0.08261208037604606,0.8974935969136667
25740,LOF,0.030344427856412694,0.10565132893081182,0.8640042432127754
25741,LOF,0.014253294240465496,0.10920823840652435,0.8765384673530101
25742,LOF,0.10771655815767013,0.07958021304764068,0.8127032287946891
25743,LOF,0.04922723693777527,0.06155430205164248,0.8892184610105823
25744,Neutral,0.6134460015845091,0.23939452840701056,0.14715947000848034
25745,LOF,0.0628182273364986,0.07958991750345641,0.8575918551600451
25746,LOF,0.042124632384738514,0.1153260759012239,0.8425492917140376
25747,LOF,0.018337424517055195,0.13807395986330245,0.8435886156196424
25748,LOF,0.09205202308069668,0.1947367308461275,0.7132112460731759
25749,LOF,0.029613847785119427,0.0979153307151683,0.8724708214997122
25750,LOF,0.07215534202360653,0.10383454121039383,0.8240101167659997
25751,LOF,0.12051849380781383,0.17522413776274587,0.7042573684294403
25752,GOF,0.12141631582566553,0.6456595303318879,0.23292415384244658
25753,LOF,0.03899856995026801,0.36737318562803445,0.5936282444216975
25754,GOF,0.023019251819061837,0.7584783912293118,0.21850235695162637
25755,LOF,0.036207375531267655,0.3369474741514419,0.6268451503172905
25756,LOF,0.06834191987088348,0.4315046075601025,0.500153472569014
25757,GOF,0.018496865220761497,0.8380182428590983,0.14348489192014013
25758,GOF,0.03041994111330605,0.7549162100569381,0.21466384882975598
25759,GOF,0.01498229652105259,0.668736858286902,0.31628084519204547
25760,LOF,0.019512563622570516,0.44685456365732723,0.5336328727201022
25761,GOF,0.2967880955093396,0.6033527453889179,0.09985915910174241
25762,LOF,0.05179740065875352,0.3964213188237507,0.5517812805174958
25763,LOF,0.01717687000226759,0.3103117479023989,0.6725113820953335
25764,GOF,0.06450094699600233,0.6893669234113557,0.24613212959264183
25765,GOF,0.037477746962501585,0.7856254949059981,0.1768967581315003
25766,GOF,0.09831261226689494,0.7140427699130607,0.18764461782004455
25767,GOF,0.12805356815908664,0.45856010700929123,0.4133863248316221
25768,LOF,0.09884100158661367,0.04365138377503552,0.8575076146383508
25769,LOF,0.0563859033276417,0.082017391440881,0.8615967052314774
25770,LOF,0.42914124677471394,0.10593113660305575,0.4649276166222302
25771,LOF,0.06389309247171279,0.057675718291196554,0.8784311892370907
25772,LOF,0.019276371293718602,0.05907871958083273,0.9216449091254486
25773,LOF,0.07362330946864541,0.06842419281903807,0.8579524977123166
25774,LOF,0.02707322551693048,0.12950042925581728,0.8434263452272523
25775,LOF,0.07952263109792736,0.05675123190559704,0.8637261369964756
25776,LOF,0.07592548283280263,0.03845355911431745,0.8856209580528799
25777,Neutral,0.5476763967276023,0.08715543669872891,0.3651681665736688
25778,LOF,0.07013635708134772,0.05450408430604196,0.8753595586126104
25779,GOF,0.40894324618491734,0.5460088144171097,0.04504793939797287
25780,GOF,0.3455044735664887,0.5761319310200186,0.07836359541349275
25781,GOF,0.12662060499036298,0.7685185701638159,0.10486082484582111
25782,GOF,0.17068725697060155,0.7450903416543451,0.08422240137505334
25783,GOF,0.022410716473465903,0.6899966045670546,0.28759267895947954
25784,Neutral,0.5274310250762753,0.42461041072491784,0.0479585641988068
25785,Neutral,0.51604231005316,0.4242969379484418,0.059660751998398036
25786,GOF,0.02725996238567361,0.7339210436416553,0.23881899397267106
25787,Neutral,0.69803669485009,0.26204460271453195,0.03991870243537796
25788,LOF,0.06213504153405112,0.08534346016581537,0.8525214983001335
25789,GOF,0.222496663442593,0.6625436434824916,0.11495969307491545
25790,GOF,0.28791230197201856,0.5958667457866986,0.11622095224128276
25791,GOF,0.15134865373258533,0.6393866883131352,0.2092646579542795
25792,GOF,0.3603932457239899,0.48145834951717414,0.1581484047588359
25793,GOF,0.2335280540514193,0.5033241701524963,0.2631477757960843
25794,GOF,0.31974764199975486,0.4766350478790785,0.20361731012116666
25795,GOF,0.07346052315954765,0.645870662626321,0.2806688142141314
25796,Neutral,0.512065928668024,0.39456664446816736,0.09336742686380853
25797,GOF,0.08928121673235931,0.5133035929046106,0.3974151903630302
25798,GOF,0.011121459813575338,0.5717602740938481,0.41711826609257663
25799,GOF,0.009143214033763239,0.5116626035914078,0.47919418237482897
25800,GOF,0.04450277804301518,0.6553095608840892,0.3001876610728956
25801,GOF,0.2491216389999757,0.6405120311323451,0.11036632986767912
25802,GOF,0.06982225767946655,0.6807500617567731,0.24942768056376038
25803,GOF,0.04937841231459307,0.5937829515820668,0.35683863610334
25804,GOF,0.041650050861201715,0.5163295288315092,0.4420204203072891
25805,GOF,0.11452009598550779,0.541531921112282,0.34394798290221024
25806,GOF,0.14742670477733114,0.57581755914976,0.276755736072909
25807,GOF,0.020262113130057532,0.5960474717561711,0.38369041511377133
25808,GOF,0.11407888096465027,0.5703129252552631,0.3156081937800866
25809,GOF,0.021662845247205596,0.57294617765244,0.4053909771003543
25810,GOF,0.022321229862430444,0.5687922586866487,0.40888651145092086
25811,Neutral,0.4919086308801732,0.4399397708717784,0.06815159824804833
25812,GOF,0.04207719129908011,0.6238783527234122,0.3340444559775077
25813,Neutral,0.5891282351755155,0.27549425864047467,0.1353775061840098
25814,GOF,0.1473319294263132,0.5899104568083948,0.26275761376529194
25815,GOF,0.2935288021953369,0.5200205027043513,0.18645069510031184
25816,GOF,0.022145649963224392,0.6537070982101818,0.3241472518265939
25817,GOF,0.2131897571779526,0.6529195640065887,0.1338906788154586
25818,GOF,0.0420954193313746,0.6183814817654488,0.3395230989031765
25819,GOF,0.3686770466752786,0.4582650550899427,0.17305789823477863
25820,GOF,0.1967818567748088,0.5723842284102096,0.2308339148149815
25821,GOF,0.06422411531571426,0.6646675560609485,0.2711083286233371
25822,GOF,0.24775931843687643,0.5186777400133592,0.2335629415497644
25823,GOF,0.03975910917715099,0.5180586307191847,0.4421822601036643
25824,GOF,0.08904670481772128,0.5337505980610944,0.3772026971211843
25825,GOF,0.036447359229293645,0.5444168384319518,0.41913580233875475
25826,GOF,0.012321520095999803,0.5273712565994657,0.4603072233045344
25827,GOF,0.021651382328964505,0.5464363441431488,0.43191227352788675
25828,LOF,0.015631852159646454,0.46967141655635486,0.5146967312839986
25829,GOF,0.008815926090990982,0.5765766457434588,0.41460742816555024
25830,LOF,0.040423225503579734,0.27127606988025826,0.688300704616162
25831,GOF,0.13835090976427333,0.7152464064469689,0.14640268378875781
25832,GOF,0.04072107673822609,0.7125840820914545,0.24669484117031937
25833,GOF,0.12117941956103864,0.6871072499732117,0.19171333046574976
25834,GOF,0.045610031390784636,0.7058774153515587,0.24851255325765667
25835,GOF,0.09902404950742673,0.6400012181766401,0.26097473231593304
25836,GOF,0.05556174140183877,0.6885977802603098,0.2558404783378513
25837,GOF,0.027367330820230764,0.5434592397581709,0.42917342942159825
25838,GOF,0.09476380137924344,0.7121473720675671,0.19308882655318946
25839,GOF,0.2894252135370291,0.5213663318642949,0.18920845459867597
25840,GOF,0.22872050243586828,0.5727171782069035,0.19856231935722826
25841,GOF,0.27476041634916526,0.5431712976174753,0.18206828603335942
25842,GOF,0.17510935815460746,0.6227178309980016,0.20217281084739103
25843,GOF,0.22987625407255888,0.6167535957652448,0.15337015016219638
25844,GOF,0.06706853525049276,0.6669847225209256,0.26594674222858156
25845,GOF,0.015586428075081217,0.541231498656669,0.4431820732682499
25846,GOF,0.09377696750866349,0.7002590328990669,0.20596399959226971
25847,GOF,0.12295583200401769,0.7049970745527034,0.17204709344327881
25848,GOF,0.046220210012027425,0.6664410342997229,0.2873387556882496
25849,GOF,0.013770109937606792,0.5668215152487782,0.41940837481361504
25850,GOF,0.02814327361630089,0.6574429799394769,0.31441374644422226
25851,GOF,0.02583395478622672,0.5451672594462847,0.42899878576748846
25852,GOF,0.14208341789471307,0.5384244490703539,0.31949213303493296
25853,GOF,0.32835755340613637,0.579130706477803,0.09251174011606074
25854,GOF,0.021507130587222496,0.7067381503219593,0.2717547190908183
25855,GOF,0.045259402555317095,0.650660361434115,0.304080236010568
25856,GOF,0.2314439833742227,0.5847394358789443,0.18381658074683285
25857,GOF,0.03845064650424266,0.5858863616510227,0.3756629918447348
25858,GOF,0.02066792042810917,0.6474465155891767,0.3318855639827141
25859,GOF,0.011200721828601656,0.6358298568660031,0.35296942130539516
25860,GOF,0.2939430107865898,0.6042482134591483,0.10180877575426198
25861,GOF,0.33453052039838016,0.5843030341958908,0.08116644540572909
25862,GOF,0.06834855933281793,0.7721249733572491,0.15952646730993306
25863,GOF,0.0765865713925285,0.7770673081090548,0.1463461204984168
25864,GOF,0.14107479489149832,0.7511232441731991,0.1078019609353025
25865,GOF,0.07753746211154626,0.7706867143809484,0.15177582350750526
25866,GOF,0.06549604301183454,0.8154880299567167,0.11901592703144881
25867,GOF,0.07691054142418707,0.8151230095809252,0.10796644899488779
25868,GOF,0.20471333476166406,0.6707739962452567,0.12451266899307917
25869,Neutral,0.6734236551568147,0.27209716054276073,0.05447918430042461
25870,LOF,0.27145209362927364,0.2996983175266554,0.42884958884407104
25871,GOF,0.2185664486261165,0.6335341761855503,0.14789937518833324
25872,GOF,0.09243312195903963,0.6144038960428551,0.2931629819981054
25873,GOF,0.15741796935234054,0.5910848952204152,0.25149713542724433
25874,LOF,0.024045931927857294,0.09297630163431396,0.8829777664378288
25875,LOF,0.06318440403969829,0.14601838021761204,0.7907972157426896
25876,LOF,0.02313579203352759,0.07556790579818208,0.9012963021682904
25877,Neutral,0.45418815886635117,0.14125696425915146,0.4045548768744974
25878,LOF,0.17640540147218262,0.23373600667207817,0.5898585918557392
25879,LOF,0.09946616637758009,0.2631807796851178,0.637353053937302
25880,LOF,0.022091460687068857,0.036994940214618806,0.9409135990983124
25881,LOF,0.17158475447692687,0.26018756233026696,0.5682276831928061
25882,LOF,0.07050382609480461,0.02873656820942945,0.900759605695766
25883,LOF,0.08078893036171693,0.05474150437924045,0.8644695652590426
25884,LOF,0.040552350353858686,0.05844149529357577,0.9010061543525656
25885,LOF,0.05428402310191705,0.03380644086339877,0.9119095360346843
25886,LOF,0.35471469157157065,0.13116667991363476,0.5141186285147946
25887,LOF,0.1735860324736237,0.2228306363746658,0.6035833311517105
25888,LOF,0.07626562065398457,0.12502132968202323,0.7987130496639923
25889,LOF,0.035998968227956146,0.0626918177038751,0.9013092140681687
25890,LOF,0.07384303092140464,0.115682737926986,0.8104742311516094
25891,LOF,0.06621039581200909,0.062007545572514,0.8717820586154769
25892,LOF,0.1036633687692898,0.028373805738185025,0.8679628254925251
25893,LOF,0.3145049868403254,0.019227505327400887,0.6662675078322737
25894,LOF,0.1932473873467643,0.009583486915510529,0.797169125737725
25895,LOF,0.24351543107630322,0.01667596610606567,0.7398086028176312
25896,LOF,0.05057877317630454,0.019809213198679114,0.9296120136250163
25897,LOF,0.25739108072202876,0.024762204702907315,0.7178467145750639
25898,Neutral,0.7975924717270062,0.016803659280683003,0.18560386899231082
25899,LOF,0.25970945161890485,0.05480825477268463,0.6854822936084105
25900,Neutral,0.6360796728655935,0.011408391085793126,0.35251193604861325
25901,LOF,0.051532447708673226,0.014003457777917776,0.9344640945134091
25902,LOF,0.19672495209251256,0.014633511773916003,0.7886415361335715
25903,Neutral,0.6517589672411901,0.041753258401247315,0.3064877743575626
25904,LOF,0.27061697057786704,0.04493249469110167,0.6844505347310313
25905,LOF,0.04118619684132031,0.3186751758031483,0.6401386273555315
25906,LOF,0.02683659229450598,0.05920247326882161,0.9139609344366725
25907,LOF,0.014720112321220398,0.3482378415461433,0.6370420461326364
25908,LOF,0.015631987272867392,0.21422384735512384,0.7701441653720087
25909,LOF,0.018414343359665634,0.10199969103115888,0.8795859656091755
25910,LOF,0.027913179044270042,0.352554605789767,0.6195322151659629
25911,LOF,0.07859997358958798,0.06880935511629961,0.8525906712941124
25912,LOF,0.04090181550588493,0.10787976593985488,0.8512184185542603
25913,LOF,0.26339286619773983,0.04242529109027375,0.6941818427119865
25914,LOF,0.018047197507831195,0.1100839153212243,0.8718688871709445
25915,GOF,0.3310569795503758,0.35463862611890146,0.31430439433072266
25916,LOF,0.022839961584742687,0.4686625432005553,0.508497495214702
25917,LOF,0.04087677564026615,0.05365033709309058,0.9054728872666432
25918,LOF,0.022851527110850745,0.06439439902174163,0.9127540738674076
25919,LOF,0.02097912289315909,0.07232744910513808,0.9066934280017027
25920,GOF,0.13136794505690885,0.475767589117765,0.39286446582532614
25921,LOF,0.034867346173882256,0.022417140970595512,0.9427155128555222
25922,LOF,0.04931261847127615,0.01649696565168042,0.9341904158770433
25923,LOF,0.3816981954713111,0.021053071531966682,0.5972487329967221
25924,LOF,0.04530586569128293,0.022766757631173837,0.9319273766775432
25925,LOF,0.06381022888034038,0.0287204301549178,0.9074693409647419
25926,LOF,0.04735590322357344,0.020279166565413627,0.9323649302110129
25927,LOF,0.08431799834560383,0.0429688604911428,0.8727131411632533
25928,LOF,0.026638644165639592,0.019414258962258506,0.953947096872102
25929,Neutral,0.5281821179573908,0.02483256686338992,0.4469853151792194
25930,LOF,0.062145097167650785,0.01608591729880637,0.9217689855335428
25931,LOF,0.03303725779768332,0.016978286250520197,0.9499844559517966
25932,LOF,0.02850933674528066,0.015677114627636306,0.955813548627083
25933,LOF,0.037909421468984246,0.010263930445942053,0.9518266480850738
25934,LOF,0.02689460863896236,0.014157553633061367,0.9589478377279763
25935,LOF,0.06418185267455233,0.025680359090097787,0.9101377882353499
25936,LOF,0.04368422374885504,0.017074158117112003,0.939241618134033
25937,LOF,0.033873337038688826,0.02005121732477294,0.9460754456365382
25938,LOF,0.06237847315968193,0.031117994916172127,0.9065035319241459
25939,LOF,0.04065624592504372,0.01045170061981158,0.9488920534551446
25940,GOF,0.025281387115820817,0.5096610328220311,0.465057580062148
25941,LOF,0.14320009859099414,0.09548370349064669,0.7613161979183591
25942,LOF,0.013625527661090759,0.04235264080631418,0.9440218315325951
25943,LOF,0.3440930010938228,0.08647914069920584,0.5694278582069714
25944,Neutral,0.4817455148656254,0.051066049180927824,0.4671884359534469
25945,LOF,0.07743453865858688,0.0369248196686005,0.8856406416728126
25946,LOF,0.03943886881061791,0.14200392665562153,0.8185572045337606
25947,LOF,0.1339938803709943,0.21288845266520592,0.6531176669637998
25948,LOF,0.43049278505826394,0.017668483077854152,0.5518387318638819
25949,LOF,0.11884937360984757,0.060255367366877144,0.8208952590232752
25950,GOF,0.19619535701140522,0.5174443737726797,0.28636026921591495
25951,LOF,0.21740824357644875,0.1349151070524286,0.6476766493711226
25952,LOF,0.04766301879703878,0.40044119761462915,0.551895783588332
25953,LOF,0.11951859573693996,0.11009128263420791,0.7703901216288521
25954,LOF,0.32813344278533096,0.2571194809718729,0.41474707624279605
25955,LOF,0.06300194946222824,0.09284202110094295,0.8441560294368289
25956,LOF,0.2103893975831105,0.07019599642749061,0.7194146059893988
25957,LOF,0.04520251384987323,0.01994898713451395,0.9348484990156128
25958,LOF,0.06181065435623062,0.02917810936826153,0.9090112362755078
25959,LOF,0.08086347204792277,0.37004184108414057,0.5490946868679367
25960,LOF,0.024728253004260462,0.06039511324833356,0.9148766337474059
25961,LOF,0.049736969440030136,0.03980496430892401,0.9104580662510458
25962,LOF,0.05743408368871624,0.05223628499561285,0.8903296313156709
25963,LOF,0.05730116761077289,0.20242023856501806,0.740278593824209
25964,LOF,0.031696742942067965,0.15548328401870762,0.8128199730392245
25965,LOF,0.44787648866092716,0.08062322235320703,0.47150028898586566
25966,LOF,0.3497359845337923,0.29407572207647636,0.3561882933897314
25967,LOF,0.017269770146919026,0.09410837698068523,0.8886218528723957
25968,LOF,0.06121577267380461,0.41790324433329534,0.5208809829929
25969,LOF,0.02961928442998814,0.05964967155774887,0.910731044012263
25970,LOF,0.06336535202597171,0.04557726054507224,0.891057387428956
25971,LOF,0.07520005184304221,0.0242319965060299,0.900567951650928
25972,LOF,0.0716330233972723,0.025527029823188954,0.9028399467795388
25973,LOF,0.08458444816911674,0.010898934505009363,0.9045166173258737
25974,LOF,0.3077408184333343,0.026058660902282135,0.6662005206643835
25975,LOF,0.0496933224869408,0.03018744801037229,0.920119229502687
25976,LOF,0.034609374317210666,0.02057950807193857,0.9448111176108508
25977,LOF,0.13283703772420422,0.12933220807225507,0.7378307542035407
25978,LOF,0.1436807354304278,0.10749970927991438,0.7488195552896578
25979,LOF,0.1425596709486057,0.09845329909320646,0.7589870299581879
25980,LOF,0.17698225305321127,0.16790151809807832,0.6551162288487105
25981,LOF,0.21676301418500432,0.1588372922121948,0.6243996936028008
25982,LOF,0.42444219128718375,0.09591744892892254,0.47964035978389385
25983,LOF,0.40814445091827095,0.08400371328945973,0.5078518357922693
25984,LOF,0.04897542644259771,0.11213621416242371,0.8388883593949786
25985,LOF,0.02114916875728431,0.3432877899966101,0.6355630412461056
25986,LOF,0.027453234172120197,0.3251997935242168,0.647346972303663
25987,LOF,0.08665306484454688,0.09008466946017249,0.8232622656952806
25988,LOF,0.10467921322531526,0.08809921899580384,0.8072215677788809
25989,LOF,0.025523131875674572,0.13086266408307862,0.8436142040412469
25990,LOF,0.035478192732306145,0.11892990474394782,0.845591902523746
25991,LOF,0.21373941407253583,0.27999482026861783,0.5062657656588464
25992,LOF,0.3582843388504799,0.195141515058245,0.4465741460912751
25993,LOF,0.0296798561472893,0.06823344040489933,0.9020867034478114
25994,LOF,0.01927237598110084,0.09245963827283984,0.8882679857460593
25995,LOF,0.032362932634934866,0.08969302221473814,0.877944045150327
25996,GOF,0.27155969418684983,0.45309010582585396,0.27535019998729615
25997,LOF,0.09892249659083881,0.4486772129491439,0.45240029046001723
25998,Neutral,0.5882606109697625,0.030352765109178996,0.3813866239210585
25999,LOF,0.11591221166994932,0.09584128575437056,0.7882465025756802
26000,LOF,0.07798797869955532,0.02537400774665415,0.8966380135537905
26001,LOF,0.18544504742337486,0.0390495471600879,0.7755054054165372
26002,LOF,0.09218625195437029,0.030993992477670693,0.876819755567959
26003,GOF,0.010166784589123653,0.6479405541171086,0.34189266129376783
26004,GOF,0.022934838864650007,0.6754959735122618,0.3015691876230882
26005,GOF,0.011635539438827062,0.506988014318738,0.481376446242435
26006,Neutral,0.5308295429880078,0.2706559978072098,0.1985144592047824
26007,GOF,0.02184151097916642,0.6282622371944923,0.34989625182634126
26008,GOF,0.018371211190935533,0.5533127491843717,0.4283160396246928
26009,GOF,0.032998413516782905,0.6529304100333283,0.31407117644988886
26010,GOF,0.02018500746462526,0.7185487779396965,0.26126621459567806
26011,GOF,0.00979347609144382,0.5044165882843278,0.4857899356242284
26012,GOF,0.017184944717382012,0.5556422781649164,0.4271727771177016
26013,GOF,0.014217626416016664,0.6802505965006129,0.30553177708337037
26014,LOF,0.05523890388161366,0.14997438529654056,0.7947867108218457
26015,LOF,0.18985858033972447,0.010903407351732789,0.7992380123085427
26016,LOF,0.2619114823274803,0.04833948158298545,0.6897490360895342
26017,LOF,0.17379436502839515,0.07925834556874775,0.746947289402857
26018,LOF,0.09468295264483984,0.03555010633046122,0.8697669410246989
26019,LOF,0.09164780719985255,0.02289621590352606,0.8854559768966214
26020,LOF,0.06311782222336405,0.08878853401756816,0.8480936437590677
26021,LOF,0.05308009017421794,0.10454062556463067,0.8423792842611514
26022,LOF,0.010532204503545911,0.056707988142641164,0.9327598073538129
26023,LOF,0.12909017545092774,0.02674767649908947,0.8441621480499828
26024,LOF,0.028959997732269142,0.09917148979706493,0.8718685124706659
26025,LOF,0.16573732973979605,0.06230955049329051,0.7719531197669134
26026,LOF,0.3412785547272187,0.013069710711075417,0.6456517345617058
26027,LOF,0.09168251982305095,0.01622084861168082,0.8920966315652683
26028,LOF,0.2082224190249019,0.08759409443297181,0.7041834865421263
26029,LOF,0.11544802302111257,0.13956460810330962,0.7449873688755778
26030,LOF,0.03312757210736683,0.034595174069489636,0.9322772538231435
26031,LOF,0.03837229111517458,0.10759140103807284,0.8540363078467526
26032,LOF,0.08550182193357968,0.024833568891996373,0.8896646091744239
26033,LOF,0.1257478014982015,0.02682692746668791,0.8474252710351106
26034,LOF,0.06764183175554812,0.10364260318011637,0.8287155650643355
26035,LOF,0.04457174449337946,0.08751457820211818,0.8679136773045024
26036,LOF,0.05986641206066668,0.11055694274187547,0.8295766451974579
26037,LOF,0.03491093437983134,0.08896217950635803,0.8761268861138106
26038,LOF,0.08349873789233275,0.02443074888625067,0.8920705132214166
26039,LOF,0.08932978149305515,0.09815241894747258,0.8125177995594722
26040,LOF,0.24039728333922017,0.06550056588941736,0.6941021507713625
26041,LOF,0.03392453430357525,0.08877942063741023,0.8772960450590145
26042,LOF,0.03442503578257836,0.08863755549129577,0.8769374087261259
26043,LOF,0.08185416510027367,0.0357065983283162,0.8824392365714101
26044,LOF,0.03496496257223851,0.04287844091321751,0.9221565965145441
26045,LOF,0.107112352522413,0.06845068926187232,0.8244369582157146
26046,LOF,0.08949140952809907,0.039715685125461704,0.8707929053464392
26047,LOF,0.11822986113066253,0.04876176673805624,0.8330083721312812
26048,LOF,0.054785432776619354,0.04145844955943159,0.903756117663949
26049,Neutral,0.9437353993479384,0.0055461136408073404,0.05071848701125425
26050,Neutral,0.9217440629466811,0.005825615350855496,0.07243032170246343
26051,GOF,0.03367185855123532,0.5544001518063882,0.41192798964237637
26052,GOF,0.03585304482524505,0.6583606102072388,0.30578634496751617
26053,LOF,0.053436626873144315,0.37081350748642145,0.5757498656404342
26054,LOF,0.05312507351679109,0.07980388200320643,0.8670710444800025
26055,LOF,0.07118772492763607,0.07062747805148623,0.8581847970208778
26056,LOF,0.06167817632912604,0.0832829778071929,0.8550388458636812
26057,LOF,0.029372950255195273,0.028872869482820775,0.9417541802619839
26058,LOF,0.02917843321425626,0.024575242877108317,0.9462463239086355
26059,LOF,0.35041536690948966,0.08414418762424013,0.5654404454662701
26060,LOF,0.03063076301010043,0.3130753292142301,0.6562939077756695
26061,LOF,0.017477420069510818,0.05648639419218136,0.9260361857383079
26062,LOF,0.013747241741684327,0.05691054199088624,0.9293422162674294
26063,LOF,0.024523086684760376,0.031097296515362072,0.9443796167998776
26064,LOF,0.02442291235037387,0.04392613439118852,0.9316509532584376
26065,LOF,0.027282863586581656,0.030490688948610217,0.9422264474648081
26066,LOF,0.021570425340886615,0.03594832780145461,0.9424812468576588
26067,LOF,0.02353896175144859,0.02513821382652313,0.9513228244220282
26068,LOF,0.05197462087055204,0.07574535033675905,0.8722800287926891
26069,LOF,0.4138141511429083,0.07420571037117028,0.5119801384859214
26070,Neutral,0.6530855521021361,0.036073673792865676,0.3108407741049983
26071,LOF,0.024083178051740223,0.03410979424789774,0.941807027700362
26072,LOF,0.024897450997895827,0.06436179082447345,0.9107407581776307
26073,LOF,0.0260191211788898,0.028176873208819286,0.9458040056122908
26074,Neutral,0.8824672642021364,0.014169791042149823,0.10336294475571386
26075,LOF,0.03974042226506233,0.0584192390669666,0.901840338667971
26076,LOF,0.04112699591792135,0.022608243795381185,0.9362647602866974
26077,LOF,0.01005626077766317,0.06746102479757114,0.9224827144247657
26078,LOF,0.013544005187184708,0.044411948128285646,0.9420440466845296
26079,LOF,0.04936201908909554,0.05388515553012007,0.8967528253807843
26080,LOF,0.04936201908909554,0.05388515553012007,0.8967528253807843
26081,LOF,0.03341787577135231,0.02037390864815915,0.9462082155804885
26082,LOF,0.020860721110114853,0.0533579249302704,0.9257813539596148
26083,LOF,0.13678609435402259,0.03287243623709632,0.8303414694088811
26084,LOF,0.02714561505363972,0.03896248232258188,0.9338919026237784
26085,LOF,0.023103869731291086,0.03447242808605542,0.9424237021826536
26086,LOF,0.022962037544496505,0.038844362495843554,0.9381935999596599
26087,LOF,0.024996475096111116,0.028867426489184268,0.9461360984147046
26088,LOF,0.026020016439699575,0.06376630334106645,0.9102136802192341
26089,LOF,0.046268946565377236,0.07505688651735926,0.8786741669172635
26090,LOF,0.04422218597973041,0.06055437929021504,0.8952234347300545
26091,LOF,0.040530453851902806,0.019608752308188135,0.9398607938399092
26092,LOF,0.029557183801403823,0.023846925064615585,0.9465958911339806
26093,LOF,0.04028706149370757,0.0167665096658784,0.942946428840414
26094,LOF,0.04456373517252798,0.015875947200004445,0.9395603176274676
26095,LOF,0.04127758091204333,0.045934646837862206,0.9127877722500943
26096,LOF,0.017061904134585876,0.04328165323231891,0.9396564426330953
26097,LOF,0.011248457324363758,0.12715604816222467,0.8615954945134116
26098,LOF,0.05613065233097468,0.04830733539621823,0.895562012272807
26099,LOF,0.024996899376022647,0.04365603910571091,0.9313470615182665
26100,LOF,0.025848449443136273,0.041230562838054555,0.9329209877188092
26101,LOF,0.05739331696782313,0.04183605762738801,0.9007706254047888
26102,LOF,0.026558388546645845,0.03002680320347255,0.9434148082498817
26103,Neutral,0.8701260608701579,0.055603652480144226,0.07427028664969804
26104,LOF,0.04963597524674742,0.07957289463548023,0.8707911301177723
26105,LOF,0.25496894614133553,0.21335558070259708,0.5316754731560673
26106,LOF,0.1523979868634053,0.1572545984526622,0.6903474146839325
26107,LOF,0.2747954674274642,0.14059444525027964,0.5846100873222562
26108,LOF,0.20261387479890539,0.15016363751343614,0.6472224876876584
26109,LOF,0.059767371371466184,0.1605045915985553,0.7797280370299784
26110,LOF,0.2944507160840646,0.018482383243230125,0.6870669006727053
26111,LOF,0.44827887452830417,0.025820763312233482,0.5259003621594623
26112,LOF,0.04258110267544335,0.02138646763456944,0.9360324296899873
26113,LOF,0.05690819597421169,0.04360782877998202,0.8994839752458063
26114,LOF,0.020691508742322787,0.02331683449379799,0.9559916567638791
26115,LOF,0.09940718722418543,0.043373841351944026,0.8572189714238706
26116,LOF,0.05403797516034102,0.054740912742591394,0.8912211120970676
26117,LOF,0.33710421885399316,0.09885710730616323,0.5640386738398435
26118,LOF,0.039293592271287064,0.04674841542150659,0.9139579923072064
26119,LOF,0.02484709232475151,0.07564292131764108,0.8995099863576074
26120,LOF,0.03239923213596282,0.04338906588120519,0.924211701982832
26121,LOF,0.04968883205060258,0.11591061075863691,0.8344005571907606
26122,LOF,0.06003201195987062,0.06020345960005465,0.8797645284400747
