feature0,prediction,LoGoFunc_Neutral,LoGoFunc_GOF,LoGoFunc_LOF
25546,Neutral,0.5955265175425436,0.057807686488467694,0.3466657959689886
25547,LOF,0.44361286614748363,0.09723093817524554,0.4591561956772708
25548,LOF,0.4584466731726258,0.08159921871782767,0.45995410810954657
25549,LOF,0.39830969445733916,0.07849638557689691,0.5231939199657639
25550,LOF,0.3244395923014225,0.11761818184820694,0.5579422258503706
25551,LOF,0.28477306268817926,0.1237316384308009,0.5914952988810198
25552,LOF,0.24896387177387438,0.12162199603276876,0.6294141321933568
25553,Neutral,0.7914975401586258,0.043515780182683025,0.16498667965869132
25554,LOF,0.2823658157677142,0.11110215497995198,0.6065320292523338
25555,LOF,0.2397203136478274,0.1052088152159294,0.6550708711362432
25556,LOF,0.42105423607943043,0.09196464827285043,0.4869811156477192
25557,LOF,0.23262267475646015,0.11233487614262161,0.6550424491009182
25558,LOF,0.2893738666695886,0.10922912971345296,0.6013970036169585
25559,LOF,0.2622309170766086,0.13862071406904813,0.5991483688543432
25560,LOF,0.17955938511750136,0.10793371887313802,0.7125068960093606
25561,LOF,0.17582085798669145,0.11792977136703173,0.7062493706462769
25562,LOF,0.08660814396576637,0.07717556707263627,0.8362162889615973
25563,LOF,0.024847200777183685,0.14594551471293088,0.8292072845098855
25564,LOF,0.21472167987194166,0.11206681444532136,0.6732115056827369
25565,LOF,0.2094428558571275,0.14023175003905075,0.6503253941038218
25566,GOF,0.09895028850795289,0.7138563035840964,0.18719340790795072
25567,LOF,0.04484225679110124,0.1322831230838148,0.822874620125084
25568,LOF,0.062388763493599134,0.07368682274561864,0.8639244137607821
25569,LOF,0.06238865278312611,0.0774411751896018,0.8601701720272721
25570,LOF,0.03087736344289456,0.10058763250394147,0.868535004053164
25571,LOF,0.028726061382020444,0.10476109637612695,0.8665128422418525
25572,LOF,0.06401560531520258,0.11512689197062503,0.8208575027141725
25573,LOF,0.060934575749506545,0.09347915469302366,0.8455862695574698
25574,LOF,0.05910756355775857,0.20621008325363363,0.7346823531886078
25575,LOF,0.02538736653158603,0.11789299579530771,0.8567196376731062
25576,LOF,0.0300114343005226,0.14469197878071524,0.8252965869187621
25577,LOF,0.0306708917317876,0.11443224762287005,0.8548968606453423
25578,LOF,0.30505153588471956,0.0848084324940028,0.6101400316212776
25579,LOF,0.14465564626839242,0.09055006910009457,0.7647942846315131
25580,LOF,0.022289722446051798,0.08361797784864142,0.8940922997053069
25581,LOF,0.05736612947545097,0.06872524309003188,0.8739086274345171
25582,LOF,0.05734747029158017,0.06801084787532471,0.8746416818330952
25583,LOF,0.025612794697183503,0.07690512406325958,0.8974820812395569
25584,Neutral,0.6705655702075733,0.10731105133918327,0.22212337845324331
25585,LOF,0.028837991001520746,0.14236379839606123,0.8287982106024181
25586,LOF,0.020057509601898955,0.07480877737832739,0.9051337130197736
25587,LOF,0.019284651254512872,0.06553271786821453,0.9151826308772725
25588,LOF,0.023019736161373587,0.06897453247163897,0.9080057313669875
25589,Neutral,0.5194119434254851,0.19162559287559142,0.2889624636989234
25590,LOF,0.05219892266626003,0.12272643872083301,0.825074638612907
25591,LOF,0.10180001242218255,0.058250842929123116,0.8399491446486944
25592,LOF,0.059978475028288264,0.13421363227202204,0.8058078926996897
25593,LOF,0.15348865630816935,0.24763152457797322,0.5988798191138575
25594,LOF,0.05572056826478898,0.12077921109842021,0.8235002206367907
25595,LOF,0.05488531269736344,0.08664302531715627,0.8584716619854803
25596,LOF,0.1066487944827365,0.04466699277554807,0.8486842127417155
25597,LOF,0.09244444950123527,0.056551544259820626,0.851004006238944
25598,LOF,0.055797698477380205,0.08220222036301651,0.8620000811596032
25599,GOF,0.021660578480837547,0.48981235788404665,0.4885270636351158
25600,GOF,0.17510637026943573,0.4918764899909445,0.3330171397396197
25601,LOF,0.04107275808138059,0.4247636543794199,0.5341635875391996
25602,LOF,0.03182171613573348,0.06241902156821743,0.9057592622960491
25603,LOF,0.03281484025718544,0.035534682410238376,0.9316504773325762
25604,LOF,0.03352650563948943,0.07087393741581775,0.8955995569446928
25605,LOF,0.0333685952761322,0.21198564299418896,0.7546457617296789
25606,LOF,0.40434486677549536,0.124444814628323,0.4712103185961818
25607,LOF,0.024534166842615224,0.18565793224300217,0.7898079009143826
25608,LOF,0.03142621514535066,0.08106826267508618,0.8875055221795631
25609,GOF,0.14349634566296143,0.5358384953428875,0.32066515899415116
25610,LOF,0.01712660202045693,0.029105243933146653,0.9537681540463964
25611,LOF,0.014204961499724188,0.03428998142690834,0.9515050570733675
25612,LOF,0.05145568641874579,0.04630199954065075,0.9022423140406035
25613,LOF,0.04762335130517963,0.04611886971463404,0.9062577789801864
25614,LOF,0.023202571290826358,0.02608237337599595,0.9507150553331777
25615,LOF,0.04519809032224193,0.04805936964388852,0.9067425400338694
25616,LOF,0.0579477808886242,0.029861540588098767,0.9121906785232771
25617,LOF,0.04761537242598971,0.04357693173095541,0.9088076958430549
25618,LOF,0.05146455831830524,0.03462529045006284,0.913910151231632
25619,LOF,0.014266924967845575,0.03438572645105165,0.9513473485811027
25620,LOF,0.06776641265051009,0.047144618028370514,0.8850889693211195
25621,LOF,0.05117757948426765,0.03946292746190471,0.9093594930538277
25622,LOF,0.0629292838547122,0.03622484512829287,0.9008458710169949
25623,LOF,0.07233242590799471,0.02880344115467441,0.8988641329373309
25624,LOF,0.019095531950517053,0.0351527593068919,0.945751708742591
25625,LOF,0.05961683095917906,0.04380176025843158,0.8965814087823895
25626,LOF,0.04941027025643325,0.04298442552123225,0.9076053042223344
25627,Neutral,0.8925488003127559,0.021131374926119585,0.08631982476112456
25628,LOF,0.13110607711909572,0.06146419019381534,0.8074297326870888
25629,LOF,0.0684716798818295,0.049842493909253056,0.8816858262089174
25630,LOF,0.28589503809530287,0.07794244470980483,0.6361625171948923
25631,Neutral,0.5409930728140087,0.06392288781299513,0.3950840393729962
25632,LOF,0.02764528369623278,0.07333290231587561,0.8990218139878916
25633,LOF,0.16265810278262893,0.03885715980446142,0.7984847374129097
25634,LOF,0.032850856483307704,0.0912019627197466,0.8759471807969457
25635,LOF,0.0355099259004406,0.043595971185769175,0.9208941029137901
25636,LOF,0.0297290215341389,0.41530835181818665,0.5549626266476744
25637,LOF,0.07811576083707777,0.42306330634846623,0.49882093281445583
25638,LOF,0.02638901886092022,0.33244864386278006,0.6411623372762997
25639,LOF,0.0329352476049014,0.34736598505227567,0.6196987673428229
25640,Neutral,0.8099861976847469,0.14802378720635403,0.041990015108899055
25641,LOF,0.05648024762057934,0.45316995942839916,0.4903497929510215
25642,LOF,0.04687174424154902,0.16105088678653107,0.7920773689719198
25643,LOF,0.18119317858981046,0.14703237656078702,0.6717744448494025
25644,LOF,0.02265701278551513,0.4592322875998078,0.518110699614677
25645,LOF,0.02620896913702842,0.383759978710984,0.5900310521519876
25646,LOF,0.0597429285760037,0.32706528885399994,0.6131917825699964
25647,LOF,0.02506855882145773,0.26035742565799175,0.7145740155205504
25648,LOF,0.03626450683503291,0.24159786263704155,0.7221376305279256
25649,LOF,0.018015965517722,0.23849563220058256,0.7434884022816955
25650,LOF,0.050552226525430496,0.40969576778709804,0.5397520056874714
25651,LOF,0.0193205525341118,0.2684792264561574,0.7122002210097309
25652,LOF,0.03498129346511623,0.24973474741206597,0.7152839591228178
25653,LOF,0.08606084537750236,0.4005854537208271,0.5133537009016707
25654,LOF,0.027649962825823632,0.2032419409230232,0.7691080962511533
25655,GOF,0.24048623179600476,0.38632036396649816,0.3731934042374971
25656,LOF,0.3079874364347643,0.056620770170327434,0.6353917933949083
25657,LOF,0.06502075940929294,0.05319989448004101,0.881779346110666
25658,LOF,0.320463998153106,0.0641580578501426,0.6153779439967513
25659,Neutral,0.5058312349284209,0.08363696130458505,0.4105318037669941
25660,LOF,0.02108006092253107,0.0810427939019713,0.8978771451754977
25661,LOF,0.09692620395956392,0.059224348978368195,0.8438494470620679
25662,LOF,0.033303292114804255,0.03367268845953245,0.9330240194256633
25663,LOF,0.046127093711203986,0.045643979812020424,0.9082289264767757
25664,LOF,0.14637962159506626,0.05892335421480177,0.794697024190132
25665,LOF,0.05339101459267121,0.032960937639489055,0.9136480477678397
25666,LOF,0.09158065042511375,0.07269577473424163,0.8357235748406446
25667,LOF,0.0715371417478635,0.03665265247992933,0.8918102057722072
25668,LOF,0.039448134008646385,0.047242295478034255,0.9133095705133194
25669,LOF,0.03422172071959114,0.04843042551911544,0.9173478537612935
25670,LOF,0.1436844693298776,0.056381495979370685,0.7999340346907517
25671,LOF,0.11041449374699988,0.035232241256962296,0.8543532649960379
25672,LOF,0.053076664225292655,0.04591855684450963,0.9010047789301978
25673,LOF,0.07985984244491096,0.04450734169130607,0.8756328158637829
25674,LOF,0.0688152417504064,0.052519196829508036,0.8786655614200856
25675,LOF,0.110567651034195,0.056907137270294776,0.8325252116955103
25676,LOF,0.018873130077360904,0.05264297077307272,0.9284838991495663
25677,LOF,0.02598212037018714,0.0703710604285939,0.9036468192012189
25678,LOF,0.2023536729908329,0.0645061308500714,0.7331401961590956
25679,LOF,0.12045206143622617,0.08077726999674373,0.79877066856703
25680,LOF,0.032168645159627536,0.11943999751716923,0.8483913573232031
25681,LOF,0.053472657237519275,0.1096176316266903,0.8369097111357905
25682,LOF,0.15335555477282442,0.07169166772331514,0.7749527775038605
25683,LOF,0.11284304202119218,0.0939989873859864,0.7931579705928213
25684,LOF,0.04462752661689095,0.07363319212001812,0.881739281263091
25685,LOF,0.13454915824131983,0.04684915532351806,0.8186016864351621
25686,LOF,0.0791813334092335,0.08064292744030761,0.840175739150459
25687,LOF,0.12027621234510122,0.08452009308384317,0.7952036945710556
25688,LOF,0.2942874076385524,0.032932187331560364,0.6727804050298873
25689,LOF,0.22370868550924453,0.034652570619892895,0.7416387438708626
25690,LOF,0.32401783741479645,0.027113124969018496,0.6488690376161851
25691,Neutral,0.6724259499667911,0.020909384709700825,0.3066646653235081
25692,LOF,0.32233268081879424,0.010253432788762878,0.6674138863924428
25693,LOF,0.04481453309757839,0.4353121208280739,0.5198733460743478
25694,LOF,0.11662397760624474,0.016390593393412946,0.8669854290003424
25695,LOF,0.11356389853604866,0.014694852109296736,0.8717412493546546
25696,LOF,0.11815315436246077,0.009426854471149737,0.8724199911663894
25697,LOF,0.08991997096654178,0.033576436476381435,0.8765035925570769
25698,LOF,0.3341998122588487,0.21938403361147818,0.4464161541296732
25699,LOF,0.4541826642831002,0.04147739831422743,0.5043399374026722
25700,LOF,0.06777839118369336,0.00909538214396537,0.9231262266723412
25701,LOF,0.15037529655339257,0.055766172100221986,0.7938585313463854
25702,GOF,0.17501678159902073,0.5764551373496182,0.2485280810513611
25703,LOF,0.01574025650210398,0.15996599234422454,0.8242937511536715
25704,LOF,0.04472779931348598,0.10658181159204212,0.8486903890944719
25705,LOF,0.05289840185154181,0.1431069839700687,0.8039946141783895
25706,LOF,0.0982049009362125,0.4041887855918693,0.4976063134719183
25707,LOF,0.09717919628962753,0.32078432197352874,0.5820364817368436
25708,LOF,0.0284895744560402,0.2654473896727656,0.7060630358711942
25709,LOF,0.06746624287218767,0.03934241997004556,0.8931913371577669
25710,LOF,0.010775833706491577,0.1409123167370078,0.8483118495565005
25711,LOF,0.019665996745619196,0.09061100821901924,0.8897229950353615
25712,LOF,0.012560840938123192,0.18017434658894851,0.8072648124729284
25713,LOF,0.01991498766690852,0.07541288157590643,0.9046721307571851
25714,LOF,0.07869735049622795,0.07476119879402426,0.8465414507097478
25715,LOF,0.012084565288432374,0.13596124635091839,0.8519541883606493
25716,LOF,0.012403266611237168,0.11714801916779732,0.8704487142209655
25717,LOF,0.011059885673323895,0.07676884218410207,0.912171272142574
25718,LOF,0.01257816550679443,0.09479514035714257,0.8926266941360631
25719,LOF,0.019973998465280647,0.07365114081488848,0.9063748607198309
25720,LOF,0.025230357769312692,0.06389762140259543,0.9108720208280918
25721,LOF,0.015947265260530155,0.10511388353767447,0.8789388512017953
25722,LOF,0.015032346745094249,0.11034754710944807,0.8746201061454577
25723,LOF,0.02418200605206856,0.03923487445058725,0.9365831194973442
25724,LOF,0.03366282704637844,0.08334212192709949,0.8829950510265221
25725,LOF,0.012523526283568688,0.06552531831908666,0.9219511553973446
25726,LOF,0.01703303960215186,0.09342036488507181,0.8895465955127764
25727,LOF,0.013796435566087884,0.07028021427503191,0.9159233501588803
25728,LOF,0.010499502824723665,0.11344231241118781,0.8760581847640886
25729,LOF,0.011004175901780024,0.10668412926885755,0.8823116948293623
25730,LOF,0.015439445199684728,0.08005374390167157,0.9045068108986437
25731,LOF,0.018572739180860814,0.10904276873590883,0.8723844920832303
25732,LOF,0.015888371287497843,0.07545503063147677,0.9086565980810254
25733,LOF,0.0172273927491534,0.07001844447240724,0.9127541627784392
25734,LOF,0.011629832454849621,0.11376454070414714,0.8746056268410033
25735,LOF,0.014321255835926527,0.07940321096619678,0.9062755331978766
25736,LOF,0.01552750502999428,0.09620442871819904,0.8882680662518068
25737,LOF,0.0129699625946312,0.07025427275864517,0.9167757646467237
25738,LOF,0.012916673333864991,0.09959889328762113,0.8874844333785139
25739,LOF,0.02147321464870776,0.07519166406219695,0.9033351212890952
25740,LOF,0.02758032382103934,0.10543994113515472,0.866979735043806
25741,LOF,0.01542831517271339,0.10935857783112993,0.8752131069961566
25742,LOF,0.12392183181578527,0.08342352538528716,0.7926546427989275
25743,LOF,0.030816464456175977,0.03630392358324641,0.9328796119605777
25744,Neutral,0.5929210500074453,0.17811083175024287,0.2289681182423119
25745,LOF,0.06958907802055282,0.06406449650051027,0.8663464254789368
25746,LOF,0.036555998613516515,0.08226076118599585,0.8811832402004877
25747,LOF,0.022142749667661825,0.04884961304672148,0.9290076372856166
25748,LOF,0.0872157067426275,0.07203863754452099,0.8407456557128515
25749,LOF,0.022059592183582995,0.07369183805054334,0.9042485697658735
25750,LOF,0.07494012206384713,0.08138250919455763,0.8436773687415952
25751,LOF,0.09312305053417705,0.08322054637479746,0.8236564030910254
25752,GOF,0.13069900837613868,0.6483122462232104,0.22098874540065092
25753,LOF,0.018823522350873027,0.2649957286895836,0.7161807489595433
25754,GOF,0.011869438886265448,0.7747819674079834,0.2133485937057512
25755,LOF,0.022202990090642527,0.3993921845771225,0.5784048253322349
25756,LOF,0.0431217268449217,0.36284180013679196,0.5940364730182864
25757,GOF,0.01484063270968316,0.8433334549353275,0.14182591235498931
25758,GOF,0.03334058576273152,0.8140698017127836,0.15258961252448477
25759,GOF,0.011415594792403323,0.5592105065079234,0.4293738986996732
25760,LOF,0.013893556222391757,0.24138176168259617,0.7447246820950122
25761,GOF,0.28645126617024275,0.6233514756557061,0.09019725817405116
25762,LOF,0.03835717849010516,0.26246004763234637,0.6991827738775485
25763,LOF,0.01492607689251258,0.1906733246083888,0.7944005984990986
25764,GOF,0.08152786442500444,0.6124283726325924,0.30604376294240315
25765,GOF,0.0367153598784195,0.7367168838595769,0.22656775626200365
25766,GOF,0.060180809073656506,0.7460954401964942,0.19372375072984932
25767,GOF,0.13999459291440453,0.5507358923342962,0.3092695147512994
25768,LOF,0.10382215754291595,0.07014066697164101,0.8260371754854431
25769,LOF,0.059888987054011245,0.06326790782224968,0.8768431051237392
25770,LOF,0.3024224719374461,0.09956974365840437,0.5980077844041496
25771,LOF,0.04111763659281967,0.048105790383876065,0.9107765730233043
25772,LOF,0.019355225593410658,0.03879124229189332,0.941853532114696
25773,LOF,0.04831925558287005,0.09345367993886089,0.8582270644782691
25774,LOF,0.02947733717468171,0.07715766000777444,0.8933650028175438
25775,LOF,0.05095227230972915,0.0490161046810974,0.9000316230091735
25776,LOF,0.07634245337717149,0.02563475205724471,0.8980227945655838
25777,LOF,0.38074359339815417,0.05426232524009141,0.5649940813617544
25778,LOF,0.07282953484730106,0.048208609173109804,0.8789618559795891
25779,GOF,0.35742714319827085,0.5948397099054559,0.04773314689627336
25780,GOF,0.31177263524252596,0.6194921396922043,0.06873522506526988
25781,GOF,0.11932694492367772,0.7793027507701394,0.10137030430618273
25782,GOF,0.19248327043839927,0.7390254891320858,0.06849124042951478
25783,GOF,0.023158860527188147,0.6070029567461089,0.36983818272670294
25784,Neutral,0.5128369785319727,0.44942308422600474,0.037739937242022445
25785,GOF,0.4719412154958006,0.4897991089266757,0.03825967557752373
25786,GOF,0.026490836278033638,0.7264108911508133,0.24709827257115302
25787,Neutral,0.6336886004859831,0.3397335269342782,0.026577872579738676
25788,LOF,0.05265320646654554,0.09686314512756962,0.8504836484058849
25789,GOF,0.20961342643923198,0.6590434927210908,0.13134308083967725
25790,GOF,0.20943407069198766,0.6778120601033514,0.11275386920466098
25791,GOF,0.17920613112501335,0.6536123178505499,0.16718155102443683
25792,GOF,0.38103549406724996,0.5055979838545374,0.1133665220782126
25793,GOF,0.25156236946123683,0.5447087605807779,0.20372886995798536
25794,GOF,0.28106055032403593,0.5301236906098689,0.18881575906609516
25795,GOF,0.07650709220144997,0.684882456479147,0.23861045131940303
25796,Neutral,0.5749354271445861,0.34920159606123163,0.07586297679418219
25797,GOF,0.09428329495241602,0.5290144087148743,0.3767022963327097
25798,LOF,0.009308407484911118,0.47864022421003055,0.5120513683050584
25799,LOF,0.007632360542829585,0.355701202933743,0.6366664365234274
25800,GOF,0.03373675522923304,0.5502934727103733,0.41596977206039365
25801,GOF,0.1946728147305037,0.6455281639611108,0.15979902130838544
25802,GOF,0.06804458625049016,0.6560551484691529,0.27590026528035694
25803,GOF,0.037589613279436114,0.543119022946582,0.41929136377398185
25804,LOF,0.02951634170721826,0.441596063694074,0.5288875945987077
25805,GOF,0.08740060859133947,0.5651410414886013,0.3474583499200593
25806,GOF,0.09377656258228194,0.5494663970134929,0.3567570404042251
25807,GOF,0.018724589336624187,0.5861256190777241,0.39514979158565183
25808,GOF,0.08036104594039101,0.6152330367783737,0.30440591728123534
25809,GOF,0.017883070994895976,0.5479734084369507,0.43414352056815336
25810,GOF,0.01719058823621864,0.5806025255547197,0.4022068862090616
25811,GOF,0.432704972501888,0.48364123206130116,0.08365379543681084
25812,GOF,0.030513599758106334,0.6339896580974982,0.3354967421443955
25813,Neutral,0.4945719280952754,0.40315404938807753,0.10227402251664706
25814,GOF,0.11255398189098095,0.6573760809993533,0.23006993710966575
25815,GOF,0.18220320968052608,0.6219102334781491,0.19588655684132464
25816,GOF,0.020552567944634125,0.6941522927347,0.28529513932066586
25817,GOF,0.21415243897384587,0.6664563537760884,0.1193912072500658
25818,GOF,0.05194460984452804,0.63230522661062,0.31575016354485197
25819,GOF,0.3408360308778586,0.5044236155163603,0.15474035360578114
25820,GOF,0.1669749534682616,0.6004648402117135,0.2325602063200248
25821,GOF,0.05211713518236826,0.657561809976804,0.2903210548408277
25822,GOF,0.19946587282127842,0.5697691507646677,0.2307649764140539
25823,GOF,0.031126390477712592,0.5027234625631125,0.466150146959175
25824,GOF,0.0842141527806098,0.5928040666662887,0.32298178055310145
25825,GOF,0.03462717066361388,0.5859817636891195,0.3793910656472666
25826,GOF,0.01458240185698079,0.5674352781627059,0.41798231998031327
25827,GOF,0.022094395532174623,0.5927795548378796,0.3851260496299458
25828,GOF,0.013537300857793116,0.5071216319050532,0.47934106723715364
25829,GOF,0.006244238186194315,0.562838030630308,0.4309177311834977
25830,LOF,0.03185693807583223,0.2820908062258012,0.6860522556983666
25831,GOF,0.21035053849414562,0.6669697352764178,0.12267972622943647
25832,GOF,0.03724620749134822,0.6763035586619283,0.28645023384672347
25833,GOF,0.11910575270767526,0.7201053261407524,0.16078892115157242
25834,GOF,0.036149733246315,0.6912427810523724,0.2726074857013126
25835,GOF,0.07155727457520246,0.7658132147672293,0.16262951065756817
25836,GOF,0.035878911144232604,0.6902470892926822,0.2738739995630853
25837,GOF,0.026072383032397197,0.5786671953196001,0.3952604216480027
25838,GOF,0.08092644291669567,0.7759888423738077,0.14308471470949666
25839,GOF,0.293825166753528,0.553187282291237,0.152987550955235
25840,GOF,0.2289904946157942,0.622474002917026,0.14853550246717975
25841,GOF,0.23356174680910827,0.6299037135819947,0.13653453960889705
25842,GOF,0.16760331863826097,0.7113457293956214,0.12105095196611763
25843,GOF,0.2373326809179992,0.6683534709111518,0.094313848170849
25844,GOF,0.0655479326802406,0.7049629025970435,0.22948916472271597
25845,LOF,0.016790297016446475,0.46492713056405316,0.5182825724195004
25846,GOF,0.1313272572515234,0.7277387526794973,0.14093399006897944
25847,GOF,0.11659272282822913,0.7803558417432703,0.10305143542850048
25848,GOF,0.03792851857935963,0.6689779953973568,0.2930934860232836
25849,GOF,0.011865747503516511,0.5627342382344956,0.42540001426198787
25850,GOF,0.02157971069172933,0.6333470313060798,0.3450732580021909
25851,GOF,0.017223673902986257,0.5073325560972977,0.4754437699997161
25852,GOF,0.15886280599832572,0.5425306141469405,0.2986065798547337
25853,GOF,0.3394760857763812,0.5831912698961662,0.0773326443274526
25854,GOF,0.022570836098303234,0.6189500273925609,0.3584791365091359
25855,GOF,0.035052819133526626,0.5304582321718226,0.4344889486946507
25856,GOF,0.22108431714480756,0.5438387986668396,0.23507688418835285
25857,GOF,0.03673248475091269,0.4884164273031775,0.47485108794590974
25858,GOF,0.019286210152858876,0.5128775720288415,0.46783621781829965
25859,LOF,0.00963521685237593,0.47477446803993395,0.51559031510769
25860,GOF,0.35005147469529063,0.5578893872745277,0.09205913803018155
25861,GOF,0.42039928376486685,0.5065239634165383,0.0730767528185948
25862,GOF,0.08883068660333733,0.7647230662831775,0.14644624711348503
25863,GOF,0.08165312963231049,0.7743877887474091,0.14395908162028045
25864,GOF,0.18454857200366498,0.7384051305934608,0.07704629740287434
25865,GOF,0.07976053862158783,0.8003448002548468,0.11989466112356552
25866,GOF,0.05360246753167577,0.7822385683347532,0.16415896413357087
25867,GOF,0.08012279243422503,0.8122166419461703,0.10766056561960467
25868,GOF,0.25314313947494826,0.6436687121648098,0.10318814836024198
25869,Neutral,0.6995106315761833,0.2598651797300025,0.040624188693814234
25870,LOF,0.2893890132014084,0.35234376982636845,0.35826721697222313
25871,GOF,0.23967158659430532,0.6066808645238037,0.15364754888189108
25872,GOF,0.07457678281781184,0.6522545555853451,0.27316866159684317
25873,GOF,0.115596082895664,0.6842918187787889,0.2001120983255471
25874,LOF,0.017095298003776623,0.10484317932222292,0.8780615226740004
25875,LOF,0.0955842273965116,0.04013718251826732,0.8642785900852211
25876,LOF,0.03709250294964237,0.028165715044828902,0.9347417820055287
25877,Neutral,0.5048790234091224,0.04442817018708321,0.4506928064037945
25878,LOF,0.21995848521818115,0.08498227720461274,0.6950592375772061
25879,LOF,0.08987233414317891,0.08724564518341185,0.8228820206734093
25880,LOF,0.02468761171981807,0.015095295710494356,0.9602170925696875
25881,LOF,0.18237725033274454,0.1168736539178578,0.7007490957493977
25882,LOF,0.06191179881047779,0.01634173206230397,0.9217464691272182
25883,LOF,0.08023457866262126,0.022185743399500947,0.8975796779378777
25884,LOF,0.031189570563986285,0.03193544191690081,0.936874987519113
25885,LOF,0.05892726202241954,0.012013151757693226,0.9290595862198873
25886,LOF,0.26745016519851117,0.03955928842589532,0.6929905463755935
25887,LOF,0.16470518537454393,0.06245845751561417,0.7728363571098418
25888,LOF,0.07342362387554109,0.05871255402983893,0.8678638220946201
25889,LOF,0.03907916325933768,0.02193110385895637,0.9389897328817058
25890,LOF,0.05152165356474587,0.14011588393800614,0.808362462497248
25891,LOF,0.037848136826008905,0.050014326464826606,0.9121375367091644
25892,LOF,0.08903343456708825,0.02277413096125045,0.8881924344716614
25893,LOF,0.25366435476947896,0.021745208245619922,0.7245904369849011
25894,LOF,0.16708807670099807,0.01150707230407423,0.8214048509949277
25895,LOF,0.2159023999543647,0.021852667571147608,0.7622449324744877
25896,LOF,0.05144509073496578,0.023362848417164885,0.9251920608478693
25897,LOF,0.26273284897596577,0.011869722867496105,0.7253974281565381
25898,Neutral,0.7107164453530393,0.01017625111993924,0.2791073035270214
25899,LOF,0.20354940615007766,0.020698863596798435,0.7757517302531239
25900,LOF,0.4618861669179671,0.01590784046252994,0.522205992619503
25901,LOF,0.04675272612304043,0.012156907354049996,0.9410903665229094
25902,LOF,0.16174576412649241,0.01285786768791054,0.825396368185597
25903,Neutral,0.5692864000358341,0.028571672629791097,0.40214192733437476
25904,LOF,0.2985773833821192,0.04762536113781401,0.6537972554800668
25905,LOF,0.024513494323501236,0.3124310792076311,0.6630554264688676
25906,LOF,0.0281123948154654,0.07794014810663294,0.8939474570779017
25907,LOF,0.014195860587704657,0.34002258347559255,0.6457815559367027
25908,LOF,0.009373240688594686,0.2695725982263401,0.7210541610850653
25909,LOF,0.013370747571499675,0.1290188297568916,0.8576104226716087
25910,LOF,0.0481398485518738,0.1425108410236819,0.8093493104244444
25911,LOF,0.17248083039233345,0.020944258565747192,0.8065749110419195
25912,LOF,0.05170166868274472,0.042462578979144024,0.9058357523381113
25913,LOF,0.32291790080001664,0.019655141336226305,0.657426957863757
25914,LOF,0.01964654120199748,0.05978031870806637,0.9205731400899362
25915,Neutral,0.5930773042106174,0.16283852369713558,0.24408417209224695
25916,LOF,0.09107123072117627,0.22405726458009573,0.684871504698728
25917,LOF,0.06415353041259264,0.04714278273940295,0.8887036868480045
25918,LOF,0.023443689317694295,0.039495503641401364,0.9370608070409043
25919,LOF,0.021383404181670562,0.04550723185217497,0.9331093639661545
25920,GOF,0.11607666445423472,0.51361644398305,0.37030689156271535
25921,LOF,0.024484992129950766,0.025546004905898128,0.9499690029641512
25922,LOF,0.03565934514444974,0.018166856839119727,0.9461737980164306
25923,LOF,0.4339660812827042,0.02456123873392428,0.5414726799833716
25924,LOF,0.03638605920439748,0.032842358261662596,0.9307715825339399
25925,LOF,0.0664726881058737,0.02938561284211695,0.9041416990520094
25926,LOF,0.048417766465698016,0.025938395076132416,0.9256438384581696
25927,LOF,0.05701388110005751,0.1057999414271005,0.837186177472842
25928,LOF,0.018584875845608275,0.03782074969095368,0.9435943744634381
25929,Neutral,0.5558764541390862,0.026775926347883,0.41734761951303084
25930,LOF,0.05250604439779381,0.022343639597723446,0.9251503160044827
25931,LOF,0.02428402899329212,0.02152762439290314,0.9541883466138048
25932,LOF,0.028430969120836994,0.016980194994278646,0.9545888358848844
25933,LOF,0.04010856448880925,0.012090138898822347,0.9478012966123684
25934,LOF,0.02646379337765374,0.014933623464066327,0.95860258315828
25935,LOF,0.06058479699879962,0.03722996511873845,0.9021852378824619
25936,LOF,0.05160254934526693,0.017340337438516876,0.9310571132162163
25937,LOF,0.029218934645848772,0.028394108230943856,0.9423869571232073
25938,LOF,0.06213237146630174,0.04078719543978486,0.8970804330939133
25939,LOF,0.04571263104260256,0.013676450719578155,0.9406109182378193
25940,LOF,0.025211400872513574,0.3917860793256245,0.5830025198018619
25941,LOF,0.1730845280125686,0.11058257483386366,0.7163328971535678
25942,LOF,0.014535573076664155,0.03450787084620115,0.9509565560771347
25943,LOF,0.29572246574079003,0.06352463163174718,0.6407529026274628
25944,Neutral,0.488128338737697,0.024653660383279367,0.4872180008790236
25945,LOF,0.06377941700713763,0.02190109767151553,0.9143194853213469
25946,LOF,0.029375213275327446,0.12066380684228398,0.8499609798823886
25947,LOF,0.12206622328700728,0.21248034224464613,0.6654534344683466
25948,LOF,0.4153319171306555,0.009710847993356538,0.574957234875988
25949,LOF,0.1284773145554091,0.03150345676858513,0.8400192286760058
25950,GOF,0.2949346422549069,0.3607566982568669,0.34430865948822614
25951,LOF,0.21433374462815552,0.22687860317974484,0.5587876521920997
25952,LOF,0.042649756218806144,0.4220996923165798,0.5352505514646141
25953,LOF,0.14474895554473122,0.09913552616127135,0.7561155182939974
25954,Neutral,0.45968171903687227,0.16686443552573302,0.37345384543739474
25955,LOF,0.04937521717004085,0.08014020545312645,0.8704845773768326
25956,LOF,0.18041028874102472,0.09991427588638288,0.7196754353725925
25957,LOF,0.03999235961411504,0.028769842067467542,0.9312377983184175
25958,LOF,0.06284345868210799,0.029325905496594615,0.9078306358212974
25959,LOF,0.06711567569283643,0.3680529431302905,0.564831381176873
25960,LOF,0.015737832174618913,0.05356830879128299,0.9306938590340982
25961,LOF,0.05227745915673379,0.030989873161158775,0.9167326676821075
25962,LOF,0.06185478588400084,0.026535357466222088,0.9116098566497771
25963,LOF,0.04662096198976337,0.20175881361889408,0.7516202243913426
25964,LOF,0.03557022870195071,0.15252390349839973,0.8119058677996496
25965,Neutral,0.47397207922289625,0.07317736054419212,0.45285056023291165
25966,Neutral,0.5154254686161142,0.16449178605475884,0.32008274532912695
25967,LOF,0.017311957825445815,0.10238657462726534,0.8803014675472888
25968,LOF,0.026621407074510498,0.4268918268402485,0.546486766085241
25969,LOF,0.027323028366330535,0.06871787804187668,0.9039590935917927
25970,LOF,0.06817122761584946,0.06070128180792185,0.8711274905762286
25971,LOF,0.07383580351566894,0.018901807243092466,0.9072623892412387
25972,LOF,0.07032288648225107,0.022303556904171046,0.907373556613578
25973,LOF,0.07055520855502996,0.009529499627032837,0.9199152918179372
25974,LOF,0.21176503121059176,0.01654570055481541,0.7716892682345929
25975,LOF,0.043995390117952254,0.02859744454414636,0.9274071653379014
25976,LOF,0.03759527247729014,0.017576350421630683,0.9448283771010791
25977,LOF,0.15926400941695423,0.08767976523511123,0.7530562253479345
25978,LOF,0.14897104916500245,0.0636843428706258,0.7873446079643719
25979,LOF,0.13905476543395368,0.06506191560917178,0.7958833189568746
25980,LOF,0.22279852040329395,0.07744851391890005,0.699752965677806
25981,LOF,0.2547068683083851,0.07611078464239852,0.6691823470492163
25982,LOF,0.3993662450091724,0.04994293071591632,0.5506908242749113
25983,LOF,0.4001777811797173,0.055231365091056854,0.5445908537292259
25984,LOF,0.0542106945529669,0.048785931777239,0.8970033736697942
25985,LOF,0.034709658937896445,0.24650057288253743,0.7187897681795662
25986,LOF,0.044947769913613565,0.27919311534929137,0.6758591147370951
25987,LOF,0.08172547410536114,0.06674347495563841,0.8515310509390006
25988,LOF,0.15803475935605799,0.04863127709217996,0.793333963551762
25989,LOF,0.03021922388143312,0.09728723215494053,0.8724935439636263
25990,LOF,0.040430936296748515,0.12152737340923028,0.8380416902940211
25991,LOF,0.11902506783642763,0.34351198724132515,0.5374629449222472
25992,LOF,0.27613653510816955,0.20870023205171623,0.5151632328401143
25993,LOF,0.02367022265785659,0.07835205736193125,0.8979777199802123
25994,LOF,0.01693339704179508,0.11124027560738499,0.87182632735082
25995,LOF,0.025409768723331266,0.22789924117371188,0.7466909901029568
25996,GOF,0.2954013883889446,0.47192647426860534,0.2326721373424502
25997,LOF,0.07511621218652799,0.45393532960924504,0.4709484582042269
25998,Neutral,0.5346980679904726,0.024095174464620096,0.44120675754490735
25999,LOF,0.10681634577640628,0.086450111116354,0.8067335431072397
26000,LOF,0.15246776646463645,0.042904699568016326,0.8046275339673472
26001,LOF,0.19336604518588782,0.043711252119006644,0.7629227026951056
26002,LOF,0.15505520366454237,0.03753298416788344,0.8074118121675742
26003,GOF,0.010662713059462306,0.588942059398488,0.4003952275420498
26004,GOF,0.019850531294368052,0.6745284447045163,0.3056210240011156
26005,LOF,0.007269885597323819,0.46253117481069833,0.5301989395919778
26006,Neutral,0.5139279482955058,0.2604888229957383,0.22558322870875586
26007,GOF,0.02047841609963877,0.5277990890246944,0.4517224948756668
26008,GOF,0.016419884839715994,0.6144845346649542,0.3690955804953298
26009,GOF,0.020237072676496774,0.6848650218200655,0.2948979055034377
26010,GOF,0.023347942039796506,0.6344427385218158,0.34220931943838784
26011,LOF,0.006266363266665173,0.449732391012338,0.544001245720997
26012,GOF,0.01207532644814936,0.5484531844261026,0.439471489125748
26013,GOF,0.018740643241998742,0.6292557481900434,0.3520036085679579
26014,LOF,0.04535673224498592,0.10842248814419173,0.8462207796108223
26015,LOF,0.17987142181551413,0.011292292062531038,0.8088362861219549
26016,LOF,0.21903399505107546,0.05341255213365989,0.7275534528152645
26017,LOF,0.2713895349085489,0.08529057024516004,0.6433198948462912
26018,LOF,0.0968362823538358,0.029242487000768504,0.8739212306453957
26019,LOF,0.09184578291198849,0.023932158066374224,0.8842220590216374
26020,LOF,0.07413428887015774,0.09802059584848932,0.827845115281353
26021,LOF,0.05365881496759752,0.10313533261119111,0.8432058524212114
26022,LOF,0.011769907434347195,0.037358670793337684,0.9508714217723151
26023,LOF,0.1060612886124232,0.020924940191439007,0.8730137711961378
26024,LOF,0.03521667754374528,0.10916406129179379,0.855619261164461
26025,LOF,0.16817965274366453,0.08553032345451575,0.7462900238018197
26026,LOF,0.35352468326448017,0.028389450752284284,0.6180858659832357
26027,LOF,0.08443570019331609,0.016340591803995434,0.8992237080026884
26028,LOF,0.1698143967374209,0.06826607789299818,0.7619195253695809
26029,LOF,0.06919030291497584,0.21929588445948583,0.7115138126255384
26030,LOF,0.023370108314068532,0.06376329236756685,0.9128665993183647
26031,LOF,0.026279152196635597,0.15848840469354486,0.8152324431098197
26032,LOF,0.06871052303913139,0.07499870331845088,0.8562907736424177
26033,LOF,0.11629352001965852,0.0938688323692541,0.7898376476110874
26034,LOF,0.0442868304371859,0.18551116029075795,0.7702020092720562
26035,LOF,0.025909214469792486,0.17348468240430678,0.8006061031259007
26036,LOF,0.03862545106410625,0.19067952176032413,0.7706950271755697
26037,LOF,0.02151604934837146,0.1477182495197411,0.8307657011318874
26038,LOF,0.0634670320132231,0.07815461737402785,0.858378350612749
26039,LOF,0.05331288485121329,0.1762741794150717,0.770412935733715
26040,LOF,0.18526602144989388,0.16217693672097966,0.6525570418291265
26041,LOF,0.022191111087734482,0.1310867593848849,0.8467221295273806
26042,LOF,0.020899717002502607,0.1254930480111656,0.8536072349863317
26043,LOF,0.06388848675809142,0.08974602591790241,0.8463654873240063
26044,LOF,0.020156644509520406,0.078562000596508,0.9012813548939717
26045,LOF,0.07047927560032671,0.12137702505721272,0.8081436993424604
26046,LOF,0.06546278636995331,0.08740592452749148,0.8471312891025553
26047,LOF,0.09206749067427675,0.09256215048641148,0.8153703588393117
26048,LOF,0.05225487024349721,0.04819106254424643,0.8995540672122563
26049,Neutral,0.9647783259546934,0.008657735843022187,0.026563938202284455
26050,Neutral,0.949256163824117,0.01100440220324182,0.039739433972641104
26051,LOF,0.046435678604873146,0.27813861745595786,0.675425703939169
26052,LOF,0.0683341357689704,0.294834633318899,0.6368312309121307
26053,LOF,0.06340157872025862,0.12793571479923013,0.8086627064805112
26054,LOF,0.053986390197483275,0.01787228743919832,0.9281413223633184
26055,LOF,0.07107141017452022,0.015210217103171483,0.9137183727223083
26056,LOF,0.061804838849707625,0.016606521642349083,0.9215886395079432
26057,LOF,0.027413847071269003,0.012815649943194703,0.9597705029855362
26058,LOF,0.027818411541668774,0.010336570536515979,0.9618450179218153
26059,LOF,0.28241514213836755,0.022120057777356636,0.6954648000842757
26060,LOF,0.03796305328082636,0.17727842785504838,0.7847585188641253
26061,LOF,0.016434119629318393,0.011297578839391387,0.9722683015312903
26062,LOF,0.009872737636410566,0.018449703146686626,0.9716775592169028
26063,LOF,0.021959472445354428,0.011784521381558577,0.966256006173087
26064,LOF,0.02099143266707302,0.02221737409191348,0.9567911932410136
26065,LOF,0.024038639435187484,0.011341194876973446,0.964620165687839
26066,LOF,0.02054098076665118,0.01156942370058005,0.9678895955327688
26067,LOF,0.027520972326005158,0.009453257161787547,0.9630257705122074
26068,LOF,0.04465420064860829,0.02852851575794441,0.9268172835934473
26069,LOF,0.2537342499726216,0.018204330690046244,0.728061419337332
26070,LOF,0.3714903522465376,0.015055772798771223,0.6134538749546913
26071,LOF,0.022707374193006533,0.012834786564247703,0.9644578392427458
26072,LOF,0.019752824315295667,0.01695008821095365,0.9632970874737506
26073,LOF,0.023490223125963806,0.010959215497851994,0.9655505613761841
26074,Neutral,0.9008324257607077,0.005627240858935342,0.09354033338035704
26075,LOF,0.04425998957542284,0.014456504461097752,0.9412835059634794
26076,LOF,0.04791545526609594,0.00954295126950114,0.9425415934644028
26077,LOF,0.009479724379253391,0.017032582051220376,0.9734876935695261
26078,LOF,0.012501920477421574,0.011451391843094353,0.976046687679484
26079,LOF,0.06028831784117134,0.01665036837279652,0.9230613137860322
26080,LOF,0.05936741014660614,0.016665520323240614,0.9239670695301532
26081,LOF,0.03708826448855219,0.006764279426274888,0.956147456085173
26082,LOF,0.012972958468947453,0.0167912170196993,0.9702358245113532
26083,LOF,0.13332376957836486,0.012939337197249108,0.8537368932243861
26084,LOF,0.02777290255442883,0.01224151149875993,0.9599855859468113
26085,LOF,0.023546573264756336,0.011662735355887311,0.9647906913793564
26086,LOF,0.023004585149244458,0.01171011681948841,0.9652852980312671
26087,LOF,0.027748383295526594,0.008326476495010013,0.9639251402094633
26088,LOF,0.014572845564056238,0.022246272555133156,0.9631808818808105
26089,LOF,0.0423854372427236,0.020815870667206977,0.9367986920900693
26090,LOF,0.04190295404392397,0.016947045695263886,0.9411500002608122
26091,LOF,0.03722110367977936,0.006448561034633345,0.9563303352855873
26092,LOF,0.0255917797727427,0.008166961786969695,0.9662412584402877
26093,LOF,0.03938220850239293,0.00615850569832801,0.9544592857992791
26094,LOF,0.03908534550176833,0.006197568669389342,0.9547170858288423
26095,LOF,0.03895281274568221,0.013378434400401078,0.9476687528539168
26096,LOF,0.016632412979923985,0.012615730342523666,0.9707518566775524
26097,LOF,0.010725993066104458,0.03545393715152639,0.9538200697823692
26098,LOF,0.0718966699427219,0.010726853029239094,0.9173764770280389
26099,LOF,0.02415083980868706,0.012369598409569296,0.9634795617817438
26100,LOF,0.02626119728568302,0.012080118602080435,0.9616586841122367
26101,LOF,0.05868327565892907,0.015127197503960627,0.9261895268371102
26102,LOF,0.023631680015619896,0.013509823066012058,0.9628584969183681
26103,Neutral,0.8820649534286131,0.01770772210089402,0.1002273244704929
26104,LOF,0.07831899154339275,0.024349899342906375,0.8973311091137008
26105,LOF,0.21511783929000422,0.2722116598140049,0.5126705008959909
26106,LOF,0.21158926280985077,0.10722238575101169,0.6811883514391376
26107,LOF,0.23534315405304793,0.07706171071791676,0.6875951352290353
26108,LOF,0.2728089522454031,0.09622887420344238,0.6309621735511545
26109,LOF,0.0986393784520595,0.0535540213382612,0.8478066002096792
26110,LOF,0.25560035747212345,0.007895025966149829,0.7365046165617267
26111,Neutral,0.4947408500749953,0.021641537905596368,0.4836176120194084
26112,LOF,0.03425451020005933,0.007928639601246786,0.9578168501986939
26113,LOF,0.05783050627368977,0.016389451583413022,0.9257800421428971
26114,LOF,0.02509147626726154,0.027187720458966273,0.9477208032737722
26115,LOF,0.09318542568839912,0.05422804496702819,0.8525865293445727
26116,LOF,0.06740761920976211,0.05430844323164685,0.8782839375585909
26117,LOF,0.424699383620468,0.03994786838256183,0.5353527479969702
26118,LOF,0.03771877441470492,0.024632182838698558,0.9376490427465966
26119,LOF,0.022581685704406357,0.02955381922782937,0.9478644950677644
26120,LOF,0.02944011436458454,0.02066317244438938,0.9498967131910262
26121,LOF,0.039511152961594014,0.07937153571468043,0.8811173113237256
