feature0,prediction,LoGoFunc_Neutral,LoGoFunc_GOF,LoGoFunc_LOF
25546,Neutral,0.6316112896414602,0.05888585682112196,0.30950285353741785
25547,Neutral,0.493343811092319,0.09856090014892824,0.4080952887587528
25548,Neutral,0.48510982957721654,0.08531499285934124,0.42957517756344216
25549,LOF,0.4255004545607064,0.08862209337006981,0.48587745206922384
25550,LOF,0.35826673889247046,0.12409462669098928,0.5176386344165402
25551,LOF,0.3142725591033356,0.13742227570870072,0.5483051651879637
25552,LOF,0.2666903341928802,0.14060259704251368,0.5927070687646061
25553,Neutral,0.7986919295173566,0.04853367968898118,0.15277439079366234
25554,LOF,0.3119532681225674,0.12864448859902589,0.5594022432784066
25555,LOF,0.2670949453046053,0.11792394469447418,0.6149811100009205
25556,LOF,0.4469489231257448,0.10286630252489673,0.45018477434935844
25557,LOF,0.2663417303510825,0.1243639525765589,0.6092943170723586
25558,LOF,0.3187599961846335,0.11973792705126933,0.5615020767640972
25559,LOF,0.2565656489727306,0.15784709647632233,0.5855872545509471
25560,LOF,0.1396735159990279,0.13047250679229164,0.7298539772086804
25561,LOF,0.12435926144473552,0.1664428090229992,0.7091979295322652
25562,LOF,0.050933199066331834,0.0891118785555921,0.8599549223780761
25563,LOF,0.015468705200682546,0.1368510074495508,0.8476802873497667
25564,LOF,0.14337386062931556,0.11767084229249279,0.7389552970781917
25565,LOF,0.21226258119241134,0.13678633587379646,0.6509510829337922
25566,GOF,0.07455096327650468,0.6568154966493551,0.2686335400741401
25567,LOF,0.0410420808489284,0.17674373041868344,0.7822141887323881
25568,LOF,0.05975948371118303,0.10314633376064998,0.837094182528167
25569,LOF,0.06047659512199225,0.09352026955382983,0.8460031353241779
25570,LOF,0.02854610271224636,0.13403731097289184,0.8374165863148618
25571,LOF,0.027294990871727674,0.14131635191558814,0.8313886572126841
25572,LOF,0.06292663242815183,0.15387607826757296,0.7831972893042751
25573,LOF,0.05698339785033214,0.1221127676512126,0.8209038344984553
25574,LOF,0.05725623975851557,0.24817643332395728,0.6945673269175272
25575,LOF,0.024062969484856252,0.1549099649352185,0.8210270655799252
25576,LOF,0.028032469595583545,0.19907497874653263,0.7728925516578837
25577,LOF,0.030624866836264156,0.1508623877664062,0.8185127453973295
25578,LOF,0.29099845251642764,0.12719008581367455,0.5818114616698978
25579,LOF,0.18574655446310256,0.12439358133478079,0.6898598642021168
25580,LOF,0.020819779681328664,0.10906790761736278,0.8701123127013085
25581,LOF,0.050704067771588784,0.0951382365827244,0.8541576956456869
25582,LOF,0.05040042569842812,0.09362625027348308,0.8559733240280888
25583,LOF,0.023119705639336033,0.11760825984662046,0.8592720345140437
25584,Neutral,0.6928437256115902,0.15137969442825508,0.15577657996015468
25585,LOF,0.022720033815395637,0.18731704644188163,0.7899629197427227
25586,LOF,0.017366289874483746,0.10103680149009285,0.8815969086354234
25587,LOF,0.01754327624195979,0.09249693050297586,0.8899597932550642
25588,LOF,0.020260889395169533,0.10286567859448048,0.87687343201035
25589,Neutral,0.4906612666106319,0.27974178525880716,0.22959694813056078
25590,LOF,0.04414442728449581,0.16374028464812243,0.7921152880673817
25591,LOF,0.08688280716446212,0.0848215468688681,0.8282956459666698
25592,LOF,0.05556023044320548,0.21257501678327947,0.731864752773515
25593,LOF,0.1062123847512759,0.3438850499580478,0.5499025652906763
25594,LOF,0.047723518351044776,0.10537404846807082,0.8469024331808844
25595,LOF,0.049387880106314265,0.06525238634422031,0.8853597335494654
25596,LOF,0.1013893997282017,0.03308339367113229,0.865527206600666
25597,LOF,0.0784401530794613,0.04469617709141343,0.8768636698291252
25598,LOF,0.04746326840257402,0.07006858767834169,0.8824681439190843
25599,LOF,0.02325233367911492,0.406067505800403,0.5706801605204822
25600,GOF,0.15930622578995718,0.42235378314645056,0.41833999106359215
25601,LOF,0.044116246336378534,0.33227568697437176,0.6236080666892497
25602,LOF,0.03694167338190645,0.06319984525684072,0.8998584813612528
25603,LOF,0.03738036421194224,0.04705523113651593,0.9155644046515418
25604,LOF,0.040464803156004786,0.09049273754785489,0.8690424592961403
25605,LOF,0.03424559231246838,0.19264108076164285,0.7731133269258887
25606,LOF,0.37954553751205206,0.13785141168956172,0.48260305079838617
25607,LOF,0.02791697726142711,0.182048746766365,0.7900342759722079
25608,LOF,0.04392531999155411,0.09874881455084546,0.8573258654576005
25609,GOF,0.14740114201334764,0.5360841572007141,0.31651470078593813
25610,LOF,0.01625014882594281,0.04967705380993416,0.9340727973641231
25611,LOF,0.012852885162796151,0.05487024021378403,0.9322768746234198
25612,LOF,0.04514163188732795,0.0696679958239385,0.8851903722887337
25613,LOF,0.04162307779750938,0.0699005600903404,0.8884763621121501
25614,LOF,0.021750266643059832,0.048051517494305196,0.9301982158626351
25615,LOF,0.04373001689552317,0.06884724572072119,0.8874227373837557
25616,LOF,0.04496158980232762,0.05392313068969408,0.9011152795079782
25617,LOF,0.037342402520501444,0.06337063118509283,0.8992869662944057
25618,LOF,0.04337373940201624,0.07261759508706873,0.8840086655109151
25619,LOF,0.012359752783091158,0.061887013334625304,0.9257532338822835
25620,LOF,0.05041073952225766,0.07574257419613764,0.8738466862816048
25621,LOF,0.05945493551314331,0.06333550672226912,0.8772095577645875
25622,LOF,0.06517503734356057,0.07113740604942978,0.8636875566070096
25623,LOF,0.06515362717071806,0.0544785024311996,0.8803678703980823
25624,LOF,0.017903287915068088,0.06249214736122772,0.9196045647237042
25625,LOF,0.0561399200885469,0.06900473914404817,0.8748553407674049
25626,LOF,0.04390837899971638,0.06892105681019178,0.8871705641900918
25627,Neutral,0.8802304415823522,0.024510872628460148,0.09525868578918757
25628,LOF,0.1398677727745018,0.0634557753525709,0.7966764518729273
25629,LOF,0.0611049916191639,0.05390321400887785,0.8849917943719582
25630,LOF,0.27784889500379656,0.06753043183653154,0.654620673159672
25631,Neutral,0.5350431588722355,0.07032354369108278,0.39463329743668174
25632,LOF,0.027939387127808538,0.06893206800403366,0.9031285448681577
25633,LOF,0.1847614033286219,0.04358400284868243,0.7716545938226957
25634,LOF,0.03668569642319648,0.08697204039465253,0.8763422631821509
25635,LOF,0.03317356097167439,0.04056378763612867,0.926262651392197
25636,LOF,0.03822792617850703,0.4745390988853537,0.4872329749361392
25637,GOF,0.05758622888276512,0.5385325276467361,0.4038812434704987
25638,LOF,0.030170939395228386,0.41020664770247417,0.5596224129022975
25639,LOF,0.030615595495607512,0.4516243445810359,0.5177600599233565
25640,Neutral,0.8434285293688109,0.1072443106707206,0.049327159960468436
25641,GOF,0.0910958343627278,0.4898120585611451,0.4190921070761271
25642,LOF,0.06747407417166923,0.1699051730605219,0.7626207527678089
25643,LOF,0.2339419738709742,0.1314814534879893,0.6345765726410365
25644,GOF,0.01393821335370289,0.5283631257698523,0.4576986608764448
25645,LOF,0.015151890376702936,0.4784775923617572,0.5063705172615399
25646,LOF,0.036789408448477626,0.3567448489404156,0.6064657426111068
25647,LOF,0.016126947627700568,0.2758857502437838,0.7079873021285157
25648,LOF,0.018852342213223988,0.3074373710216763,0.6737102867650997
25649,LOF,0.010689903305328248,0.24471585336821747,0.7445942433264543
25650,LOF,0.03393954967415856,0.44687531932313085,0.5191851310027105
25651,LOF,0.011864003520951835,0.2916338377324715,0.6965021587465766
25652,LOF,0.018195666223738933,0.2990893194277298,0.6827150143485312
25653,LOF,0.05303267706818304,0.4660560288153601,0.48091129411645683
25654,LOF,0.013314833652754142,0.21731619562303003,0.7693689707242158
25655,GOF,0.16481192658175395,0.49857919484614927,0.33660887857209676
25656,LOF,0.35252003978540053,0.08107934899177638,0.566400611222823
25657,LOF,0.057849166832334625,0.08377902936337205,0.8583718038042935
25658,LOF,0.3565918132383546,0.09264181884712723,0.5507663679145182
25659,Neutral,0.5241136226601663,0.10771050852720279,0.3681758688126309
25660,LOF,0.02339188734573888,0.10613614733765248,0.8704719653166086
25661,LOF,0.09291875609516326,0.06656284484082586,0.8405183990640109
25662,LOF,0.0371375324478948,0.037509815124622044,0.9253526524274831
25663,LOF,0.044340893214419794,0.048459882365920096,0.90719922441966
25664,LOF,0.14639296158492351,0.07138251865149761,0.782224519763579
25665,LOF,0.06294492087983371,0.02767157726169893,0.9093835018584674
25666,LOF,0.09899835658913163,0.06728652003228787,0.8337151233785806
25667,LOF,0.07805979810256145,0.04285112526519217,0.8790890766322462
25668,LOF,0.03770385637614154,0.05183250966367018,0.9104636339601881
25669,LOF,0.030585503044679215,0.048688929085762486,0.9207255678695582
25670,LOF,0.13943503271594132,0.06835496335568514,0.7922100039283735
25671,LOF,0.12358460767436302,0.03918086503491027,0.8372345272907267
25672,LOF,0.05390673507867891,0.03988118501597687,0.9062120799053441
25673,LOF,0.08325897424159293,0.0566928308378005,0.8600481949206065
25674,LOF,0.07234465198553627,0.06869922346880215,0.8589561245456617
25675,LOF,0.10419727866970409,0.07057876171357791,0.8252239596167179
25676,LOF,0.019134029411082047,0.05972740726094466,0.9211385633279734
25677,LOF,0.02478664035370149,0.07153622253382026,0.9036771371124782
25678,LOF,0.20622893645539023,0.08329314874617488,0.7104779147984348
25679,LOF,0.12589331394511144,0.0901113522501926,0.783995333804696
25680,LOF,0.031127741600687188,0.12439544692525356,0.8444768114740593
25681,LOF,0.047255201254191886,0.11520319996461886,0.8375415987811892
25682,LOF,0.13818832184731547,0.07997306827151825,0.7818386098811663
25683,LOF,0.11613062813497786,0.09297614336280781,0.7908932285022143
25684,LOF,0.04151980987336242,0.07193283887321376,0.8865473512534239
25685,LOF,0.14054983115355876,0.06839224306560848,0.7910579257808329
25686,LOF,0.08061046944811773,0.10706632142425,0.8123232091276322
25687,LOF,0.12780604698546,0.11097112663563737,0.7612228263789026
25688,LOF,0.3880502921921067,0.050515516716144786,0.5614341910917485
25689,LOF,0.2997697998300378,0.05435070304795561,0.6458794971220065
25690,LOF,0.3597725048800775,0.04152804671970927,0.5986994484002132
25691,Neutral,0.7150121144091318,0.03749089814010249,0.24749698745076565
25692,LOF,0.34980925473823227,0.01227829370199387,0.6379124515597738
25693,LOF,0.05028125778440809,0.41913759644241533,0.5305811457731765
25694,LOF,0.1258649469522019,0.01597616379129377,0.8581588892565043
25695,LOF,0.11723703112699094,0.014645355008713036,0.8681176138642961
25696,LOF,0.1415430237227906,0.010018931279212688,0.8484380449979967
25697,LOF,0.10469778554011101,0.04589582294365894,0.84940639151623
25698,LOF,0.3506044526967913,0.15327341402502254,0.496122133278186
25699,Neutral,0.5601030192529316,0.042617050360202836,0.39727993038686543
25700,LOF,0.07502183371492066,0.012200521337925433,0.912777644947154
25701,LOF,0.21487075393354482,0.05471632252882928,0.730412923537626
25702,GOF,0.16789702856176406,0.6047560836891342,0.2273468877491016
25703,LOF,0.016931292705389525,0.12283298232347725,0.8602357249711332
25704,LOF,0.04313590048302452,0.08883434217528627,0.8680297573416892
25705,LOF,0.05495937640600443,0.13992423886767807,0.8051163847263174
25706,LOF,0.12207611512289666,0.3957267648493162,0.4821971200277872
25707,LOF,0.10492168243996554,0.32156865004488866,0.5735096675151459
25708,LOF,0.04184768093218529,0.28008850881221947,0.6780638102555953
25709,LOF,0.06721252162335677,0.04236733435673071,0.8904201440199125
25710,LOF,0.013211443202475784,0.1522001108741616,0.8345884459233626
25711,LOF,0.02243586073204276,0.07992922266248863,0.8976349166054687
25712,LOF,0.015553110241920886,0.18490837123206025,0.7995385185260189
25713,LOF,0.020444886088664984,0.07416159098588071,0.9053935229254544
25714,LOF,0.07540339611210412,0.06868703414906865,0.8559095697388273
25715,LOF,0.012107767413522316,0.12820899133948138,0.8596832412469962
25716,LOF,0.01181384511034651,0.11260120355676195,0.8755849513328916
25717,LOF,0.015370841443826883,0.07685640850420156,0.9077727500519714
25718,LOF,0.011645155486008162,0.09053526902510856,0.8978195754888834
25719,LOF,0.021162269152594414,0.0739049457290272,0.9049327851183784
25720,LOF,0.025091909871919053,0.0674996430282651,0.9074084470998158
25721,LOF,0.01426283665704768,0.11201989124555953,0.8737172720973928
25722,LOF,0.014917579180205646,0.11788930097565789,0.8671931198441365
25723,LOF,0.024755034840836136,0.04352246964746657,0.9317224955116974
25724,LOF,0.03805840177479202,0.08606729737858085,0.8758743008466272
25725,LOF,0.01232637273133517,0.07576610952158837,0.9119075177470765
25726,LOF,0.016918202243797066,0.10608053120864994,0.8770012665475531
25727,LOF,0.012820044596893228,0.08029937256738708,0.9068805828357198
25728,LOF,0.010404607035779586,0.11082847101846736,0.878766921945753
25729,LOF,0.010838562262879416,0.10599355907386251,0.883167878663258
25730,LOF,0.01482499163262519,0.08490276336758612,0.9002722449997888
25731,LOF,0.020902079403504786,0.10414314218053364,0.8749547784159617
25732,LOF,0.014176056580515059,0.07708725482452118,0.9087366885949637
25733,LOF,0.016972608778552615,0.06623020022549223,0.9167971909959552
25734,LOF,0.01181154111614269,0.12467297706515187,0.8635154818187054
25735,LOF,0.012198162410219059,0.08375127597354202,0.904050561616239
25736,LOF,0.013644895484069929,0.10090206271206412,0.8854530418038659
25737,LOF,0.012936650659661927,0.07420154507189419,0.912861804268444
25738,LOF,0.012544818043939648,0.0975585020941045,0.8898966798619559
25739,LOF,0.021944102325793736,0.07369285785226448,0.9043630398219418
25740,LOF,0.029455589994955275,0.11192580069361394,0.8586186093114307
25741,LOF,0.015685648383575296,0.10650362949692842,0.8778107221194964
25742,LOF,0.12549101570482038,0.0700916217411638,0.8044173625540159
25743,LOF,0.03514394850484157,0.07098481563969473,0.8938712358554637
25744,Neutral,0.5605143762559605,0.25979842315293156,0.17968720059110802
25745,LOF,0.06334729310347459,0.08664339108796161,0.8500093158085638
25746,LOF,0.04032499664081352,0.12012971520694928,0.8395452881522373
25747,LOF,0.018610132086225983,0.08584362364710825,0.8955462442666657
25748,LOF,0.12675043359583915,0.13774820366933066,0.7355013627348301
25749,LOF,0.02380012508383266,0.0986454301578933,0.877554444758274
25750,LOF,0.07146611147454345,0.10811937484103541,0.8204145136844212
25751,LOF,0.07600645958304546,0.1593630687689325,0.764630471648022
25752,GOF,0.10404584640921394,0.6473660964568876,0.24858805713389848
25753,LOF,0.022967831337995473,0.27424719514840457,0.7027849735135999
25754,GOF,0.014750952827611692,0.8068986439495669,0.1783504032228216
25755,LOF,0.02617226668695612,0.377564504901884,0.5962632284111599
25756,LOF,0.0526319753893004,0.3506973686066527,0.596670656004047
25757,GOF,0.01949148313994362,0.845057899602295,0.13545061725776134
25758,GOF,0.03087362703618914,0.7713331025723901,0.1977932703914207
25759,GOF,0.012381793586469944,0.5996748000825143,0.3879434063310157
25760,LOF,0.015804394350809197,0.261892851461099,0.722302754188092
25761,GOF,0.2767043359513433,0.6167830675632083,0.10651259648544838
25762,LOF,0.04694770452157451,0.2563746348314416,0.6966776606469839
25763,LOF,0.015321340024965917,0.20235427829838606,0.7823243816766479
25764,GOF,0.09361954655628422,0.6314389232335738,0.27494153021014195
25765,GOF,0.038144066017376216,0.732080220606608,0.22977571337601566
25766,GOF,0.06799829490931701,0.7615907865934689,0.17041091849721404
25767,GOF,0.14581356210825566,0.5332975566699183,0.3208888812218261
25768,LOF,0.11255648790299701,0.056610546277625504,0.8308329658193775
25769,LOF,0.051094730287115336,0.0745511319054402,0.8743541378074444
25770,LOF,0.30760079425948117,0.11838122546857009,0.5740179802719487
25771,LOF,0.04437456053881071,0.06709293602989526,0.888532503431294
25772,LOF,0.018904516970195698,0.05457002936137303,0.9265254536684313
25773,LOF,0.05077351208205526,0.10518726035723469,0.8440392275607101
25774,LOF,0.027854206465057565,0.103624022866381,0.8685217706685614
25775,LOF,0.04816403554425279,0.06490568507277343,0.8869302793829738
25776,LOF,0.07211769480210611,0.0318929132349207,0.8959893919629731
25777,LOF,0.3648175706396052,0.08676629144133538,0.5484161379190594
25778,LOF,0.06762975545020661,0.05927219859385215,0.8730980459559413
25779,GOF,0.39216732959701023,0.5566750949859285,0.05115757541706123
25780,GOF,0.3793016555887767,0.5467006563702291,0.0739976880409942
25781,GOF,0.149415275369087,0.7487093225607349,0.1018754020701781
25782,GOF,0.22479448392991996,0.6913172545516216,0.08388826151845837
25783,GOF,0.02469468759346702,0.6239208966135695,0.35138441579296337
25784,Neutral,0.5225576736702535,0.4313406175026417,0.04610170882710486
25785,Neutral,0.5386146696688918,0.42353180265379975,0.03785352767730849
25786,GOF,0.03299056410357598,0.7334380600957103,0.2335713758007137
25787,Neutral,0.6905971008602904,0.28474095004708994,0.02466194909261975
25788,LOF,0.05427555587108749,0.09902005837777163,0.8467043857511409
25789,GOF,0.2366446039582901,0.6200864762087201,0.14326891983298976
25790,GOF,0.23108276644807238,0.6658885472766519,0.10302868627527562
25791,GOF,0.16025283021762132,0.6851554084516046,0.15459176133077399
25792,GOF,0.39107836391793155,0.49110682168326736,0.11781481439880104
25793,GOF,0.27506780312984597,0.5000416800146649,0.2248905168554892
25794,GOF,0.3279254968008139,0.503967269204564,0.168107233994622
25795,GOF,0.07627571894354629,0.6571681117404572,0.26655616931599646
25796,Neutral,0.5610170466765839,0.3594711105540421,0.07951184276937392
25797,GOF,0.08649666744435786,0.5407975508594235,0.37270578169621854
25798,GOF,0.008216080214160282,0.5223852173358385,0.4693987024500011
25799,LOF,0.007103312105479355,0.42158580257407696,0.5713108853204437
25800,GOF,0.0337956513524699,0.6064866256936439,0.35971772295388615
25801,GOF,0.2550020370445146,0.6348943921023599,0.11010357085312558
25802,GOF,0.06439637300364433,0.7126087813399729,0.22299484565638275
25803,GOF,0.03729265415085977,0.588709779108475,0.37399756674066537
25804,GOF,0.037514754341996755,0.5196425720569867,0.4428426736010165
25805,GOF,0.10277151885220866,0.5849519065776476,0.3122765745701438
25806,GOF,0.12288206401023542,0.5867415320434934,0.290376403946271
25807,GOF,0.022431756252291647,0.6045961950862189,0.37297204866148953
25808,GOF,0.09561541042051264,0.6039257019364078,0.3004588876430796
25809,GOF,0.021336139285706417,0.6110122608392897,0.3676515998750039
25810,GOF,0.020186299304611226,0.6169842076385241,0.36282949305686474
25811,GOF,0.4533632895854783,0.4691977150563076,0.07743899535821416
25812,GOF,0.03704399992282056,0.6436541006109834,0.31930189946619597
25813,Neutral,0.5904660997160043,0.3156280495549439,0.0939058507290519
25814,GOF,0.14489633401295998,0.6294038602458871,0.22569980574115286
25815,GOF,0.22104078042291259,0.5918791945736261,0.18708002500346113
25816,GOF,0.022808286642793944,0.6717205061624282,0.3054712071947778
25817,GOF,0.25414166426868406,0.6032193917758719,0.14263894395544402
25818,GOF,0.051160354125177755,0.5770480297892332,0.37179161608558914
25819,GOF,0.39612188780078034,0.4344754554394331,0.16940265675978664
25820,GOF,0.17635165634237104,0.5817032748450683,0.24194506881256064
25821,GOF,0.06018099456686743,0.6385387659523741,0.30128023948075844
25822,GOF,0.21859721959224132,0.49345111522875273,0.287951665179006
25823,LOF,0.031297087288830454,0.4805977932808827,0.4881051194302869
25824,GOF,0.08266256620543799,0.525070728947587,0.39226670484697507
25825,GOF,0.029610311838615448,0.5245873110060569,0.44580237715532756
25826,LOF,0.010641067652322797,0.49240104842924115,0.49695788391843615
25827,GOF,0.01991807288848264,0.565141520806476,0.4149404063050413
25828,LOF,0.0130557252918382,0.4877286112030465,0.4992156635051153
25829,GOF,0.006530855612383524,0.5333358646301432,0.4601332797574733
25830,LOF,0.03692623060632912,0.25426821520608495,0.708805554187586
25831,GOF,0.18629758777134958,0.6572837942520076,0.156418617976643
25832,GOF,0.029963278093222172,0.6677231891079305,0.3023135327988473
25833,GOF,0.131648846235435,0.6718921990783377,0.19645895468622726
25834,GOF,0.03701428724797193,0.66731495639566,0.2956707563563681
25835,GOF,0.09504337014824474,0.6738160017214158,0.2311406281303396
25836,GOF,0.04257842680136179,0.6338583048151174,0.3235632683835209
25837,GOF,0.02515473098267409,0.5123959025286062,0.46244936648871976
25838,GOF,0.08697476005096434,0.6941692429999787,0.2188559969490569
25839,GOF,0.28798098979798453,0.5512373300993348,0.1607816801026806
25840,GOF,0.21893435136794875,0.6000173730424953,0.1810482755895559
25841,GOF,0.23897631324955068,0.5767144271768422,0.18430925957360705
25842,GOF,0.19338162247105914,0.6433603772526147,0.16325800027632606
25843,GOF,0.2473537395459158,0.6402090818466437,0.11243717860744044
25844,GOF,0.06806632416111397,0.6630820119898547,0.2688516638490313
25845,GOF,0.014770441442902437,0.4968252723033003,0.4884042862537972
25846,GOF,0.11686387598368682,0.6949901550258749,0.18814596899043842
25847,GOF,0.1351487368513957,0.7303389921526788,0.13451227099592547
25848,GOF,0.03367924317783897,0.6767899801840056,0.2895307766381554
25849,GOF,0.010050089738605836,0.5607320926159808,0.42921781764541345
25850,GOF,0.02174452867401281,0.6211069395019717,0.35714853182401546
25851,GOF,0.01665529125289614,0.5206223748238925,0.4627223339232114
25852,GOF,0.17171575806806585,0.5600675016807088,0.2682167402512255
25853,GOF,0.3789848361566427,0.5458511510678231,0.0751640127755341
25854,GOF,0.02103930515371272,0.5950650892914049,0.38389560555488245
25855,GOF,0.0343028849192919,0.5866163028681971,0.379080812212511
25856,GOF,0.2627532374013434,0.5136161799322931,0.2236305826663635
25857,GOF,0.03515251190496391,0.5053421388424749,0.4595053492525611
25858,GOF,0.018558623348060542,0.5465391412845008,0.4349022353674389
25859,GOF,0.010360932782926192,0.5319224258137055,0.4577166414033683
25860,GOF,0.4041852416319938,0.5109861562573328,0.08482860211067343
25861,GOF,0.41451149953326644,0.49208875272772107,0.09339974773901258
25862,GOF,0.10513765013882218,0.7370241423870694,0.15783820747410846
25863,GOF,0.10368610582855163,0.7321867686796526,0.16412712549179578
25864,GOF,0.20582582216779396,0.6988601962049583,0.09531398162724775
25865,GOF,0.09226330989336837,0.7831367686779902,0.12459992142864137
25866,GOF,0.0735303310592519,0.7740327947110883,0.15243687422965987
25867,GOF,0.09768017320070493,0.7848198443396681,0.11749998245962692
25868,GOF,0.30488094247772674,0.5898079313142285,0.10531112620804478
25869,Neutral,0.7056896474726092,0.2505259113811295,0.04378444114626125
25870,LOF,0.312973235650323,0.30601569764710546,0.3810110667025717
25871,GOF,0.20778269245667952,0.6082841087796167,0.18393319876370373
25872,GOF,0.08848466008156577,0.6169407623715157,0.29457457754691846
25873,GOF,0.15370096082204818,0.6089283822617009,0.2373706569162509
25874,LOF,0.018154054870801118,0.11289402330213351,0.8689519218270654
25875,LOF,0.09575143712791538,0.03705158536462931,0.8671969775074553
25876,LOF,0.04183313779551743,0.04166906423242088,0.9164977979720618
25877,Neutral,0.5303990660055584,0.04423628436592139,0.4253646496285202
25878,LOF,0.2340692945835551,0.07713882909629793,0.6887918763201469
25879,LOF,0.09468435003613286,0.07164603867874784,0.8336696112851193
25880,LOF,0.023010561828812507,0.021099051273878507,0.9558903868973089
25881,LOF,0.17867846160839645,0.1113128381928524,0.7100087001987512
25882,LOF,0.07154854595635404,0.014167287730859129,0.9142841663127869
25883,LOF,0.08675848139331513,0.014592790246626502,0.8986487283600583
25884,LOF,0.039932871992850755,0.02782781506876257,0.9322393129383866
25885,LOF,0.06832287291945098,0.009591529297170494,0.9220855977833786
25886,LOF,0.33971870650792924,0.027008234649696185,0.6332730588423746
25887,LOF,0.1671228484466825,0.056454002236643576,0.776423149316674
25888,LOF,0.06993101337658272,0.05155451177205058,0.8785144748513666
25889,LOF,0.05238815787616173,0.018369302908609768,0.9292425392152285
25890,LOF,0.05301252774500907,0.14203650205646912,0.8049509701985217
25891,LOF,0.04365941200914747,0.04912106885306276,0.9072195191377898
25892,LOF,0.09953763876804037,0.020546852313091522,0.879915508918868
25893,LOF,0.26593921562065415,0.016342269419815918,0.71771851495953
25894,LOF,0.18784630306435057,0.00968849528007195,0.8024652016555776
25895,LOF,0.20734407943869873,0.01903536222862958,0.7736205583326717
25896,LOF,0.048867426680305866,0.020192264751194643,0.9309403085684995
25897,LOF,0.2578473811564233,0.013246897292815642,0.728905721550761
25898,Neutral,0.7206170578280575,0.010059314112955067,0.2693236280589874
25899,LOF,0.26445951339126655,0.02529816380236033,0.7102423228063731
25900,LOF,0.44299662669721773,0.016682695642514195,0.540320677660268
25901,LOF,0.05252334140789958,0.011018959891797188,0.9364576987003033
25902,LOF,0.18052238102901183,0.010626928538956202,0.8088506904320321
25903,Neutral,0.5203552435479449,0.02790447702807111,0.45174027942398404
25904,LOF,0.2848773724589933,0.05027217030784006,0.6648504572331666
25905,LOF,0.0252434130400206,0.32344185408595355,0.651314732874026
25906,LOF,0.028462726989408393,0.0665729929937498,0.9049642800168419
25907,LOF,0.015349580151638328,0.33151863070278875,0.6531317891455729
25908,LOF,0.01091754616792781,0.2352361751144703,0.7538462787176019
25909,LOF,0.013601006366857724,0.13238116884899093,0.8540178247841514
25910,LOF,0.04593943659125315,0.12398184806165677,0.8300787153470901
25911,LOF,0.1557937059854741,0.02986206090191031,0.8143442331126156
25912,LOF,0.040151770748233964,0.04649681643351917,0.9133514128182469
25913,LOF,0.30635378632039045,0.022932326731310737,0.6707138869482988
25914,LOF,0.021264995289957046,0.12712223979394152,0.8516127649161014
25915,Neutral,0.3841928768883391,0.37611887678364303,0.23968824632801788
25916,LOF,0.057757486061996516,0.38565513750496555,0.556587376433038
25917,LOF,0.05525211592185044,0.0783250412756463,0.8664228428025034
25918,LOF,0.03118460142756686,0.07822230106454289,0.8905930975078903
25919,LOF,0.02520334940939621,0.08195606753634443,0.8928405830542593
25920,GOF,0.10381183123124679,0.5202936619690101,0.3758945067997431
25921,LOF,0.026564173553517693,0.022866052675644247,0.9505697737708381
25922,LOF,0.03926170774607125,0.016455105783776288,0.9442831864701524
25923,LOF,0.4366724403688235,0.020898665639194874,0.5424288939919816
25924,LOF,0.03707655386288083,0.03407894966324419,0.9288444964738751
25925,LOF,0.06977835544688421,0.025343851818739948,0.9048777927343759
25926,LOF,0.05026657713891967,0.018952188361388143,0.9307812344996923
25927,LOF,0.07244156934331407,0.06789927834355125,0.8596591523131347
25928,LOF,0.021504773190749858,0.030620755887349804,0.9478744709219004
25929,Neutral,0.5570393646946149,0.02336561093414231,0.41959502437124285
25930,LOF,0.05687924073602848,0.018916713315563508,0.9242040459484081
25931,LOF,0.03057444927522091,0.02016930157502679,0.9492562491497524
25932,LOF,0.027930682936175753,0.020693806418325782,0.9513755106454984
25933,LOF,0.04061812907775115,0.013604313675408534,0.9457775572468402
25934,LOF,0.02488554745411175,0.016310241670147236,0.9588042108757411
25935,LOF,0.06378245050265909,0.027117895599996476,0.9090996538973445
25936,LOF,0.0500994193005407,0.020437471214489262,0.92946310948497
25937,LOF,0.02868146654075618,0.026377827600259522,0.9449407058589842
25938,LOF,0.0638766881193415,0.030986386333823793,0.9051369255468348
25939,LOF,0.03994365414707898,0.012769936003247944,0.947286409849673
25940,LOF,0.033246828027777155,0.3591892513628559,0.6075639206093669
25941,LOF,0.19337524613353446,0.09919211318968485,0.7074326406767807
25942,LOF,0.018570369227061064,0.03224719951651468,0.9491824312564243
25943,LOF,0.32610553966584516,0.05768246948670008,0.6162119908474548
25944,Neutral,0.48926959722322033,0.027060213341459253,0.4836701894353204
25945,LOF,0.06939868171375527,0.022086508686567547,0.9085148095996772
25946,LOF,0.027942618373390998,0.11909870603294788,0.8529586755936611
25947,LOF,0.12533460601790924,0.19424963699209372,0.6804157569899971
25948,LOF,0.4383918640896322,0.011888581405554127,0.5497195545048137
25949,LOF,0.11016436354055743,0.047933932752520926,0.8419017037069217
25950,GOF,0.26606026734553334,0.4376563786861945,0.29628335396827227
25951,LOF,0.25086327494942856,0.22165310190623408,0.5274836231443374
25952,LOF,0.04566510505120333,0.43530923902194507,0.5190256559268516
25953,LOF,0.12676080270438078,0.11605539631308599,0.7571838009825334
25954,Neutral,0.4249086164386126,0.22019214497443435,0.3548992385869531
25955,LOF,0.056054770365333566,0.08937641464924774,0.8545688149854187
25956,LOF,0.19911953986258507,0.08496676133421248,0.7159136988032024
25957,LOF,0.041608332446275764,0.03205237087876043,0.9263392966749638
25958,LOF,0.06338444677799018,0.025238023879351038,0.9113775293426589
25959,LOF,0.06573699300407014,0.34901874534395927,0.5852442616519705
25960,LOF,0.020580175222466,0.05028988819116798,0.9291299365863661
25961,LOF,0.051977771965924506,0.02645021722807592,0.9215720108059995
25962,LOF,0.054687341526922194,0.034363805783490534,0.9109488526895873
25963,LOF,0.048302597463327775,0.20610345957910933,0.745593942957563
25964,LOF,0.0369881562055274,0.15516291428997372,0.8078489295044988
25965,LOF,0.42771824089250265,0.08643565941627351,0.48584609969122383
25966,Neutral,0.4594418057110846,0.11564187190022861,0.4249163223886867
25967,LOF,0.013461044767333067,0.0623067762993916,0.9242321789332753
25968,LOF,0.03708615094592273,0.47971628181975395,0.48319756723432333
25969,LOF,0.028735946386306593,0.06328128351314688,0.9079827701005465
25970,LOF,0.06801198953897523,0.05156876268089137,0.8804192477801334
25971,LOF,0.08157083738924728,0.01510547685070196,0.9033236857600508
25972,LOF,0.08160986564289367,0.019666136258439243,0.8987239980986671
25973,LOF,0.08975166865745256,0.008038416982164821,0.9022099143603826
25974,LOF,0.1966940336435516,0.01768312216705278,0.7856228441893957
25975,LOF,0.05773174159052161,0.02489405387486493,0.9173742045346135
25976,LOF,0.04841010832703183,0.014100424300799906,0.9374894673721682
25977,LOF,0.17300085584037475,0.0921024355794057,0.7348967085802196
25978,LOF,0.13497353474856882,0.04739531391970369,0.8176311513317274
25979,LOF,0.13111128215672915,0.05131637222477908,0.8175723456184918
25980,LOF,0.18684445209178324,0.06373386809173054,0.7494216798164861
25981,LOF,0.22035171402499193,0.061947784261247835,0.7177005017137602
25982,LOF,0.3812043855473314,0.041953276533504266,0.5768423379191644
25983,LOF,0.391474710544829,0.042133280121228925,0.5663920093339421
25984,LOF,0.05542843091835786,0.05315633245506279,0.8914152366265794
25985,LOF,0.02720750542460656,0.22138848009785345,0.7514040144775399
25986,LOF,0.03642962518105771,0.2547972758692277,0.7087730989497146
25987,LOF,0.07390463072264505,0.0663861435247315,0.8597092257526234
25988,LOF,0.14106173788226511,0.057166759893389534,0.8017715022243453
25989,LOF,0.030575694258305246,0.1119779205461251,0.8574463851955697
25990,LOF,0.0376161609923963,0.1400860844075935,0.8222977546000102
25991,LOF,0.19887523887848507,0.2972350042681648,0.5038897568533501
25992,LOF,0.3669954602166926,0.1671792132804721,0.4658253265028354
25993,LOF,0.027404286512015253,0.06863220914255191,0.9039635043454328
25994,LOF,0.020406961720065737,0.10131964855574561,0.8782733897241887
25995,LOF,0.03032860830580932,0.1808142324393501,0.7888571592548406
25996,GOF,0.30251298355559236,0.4461961772863885,0.2512908391580192
25997,GOF,0.10533326157486969,0.47577968289583333,0.418887055529297
25998,Neutral,0.5312399733022063,0.02351651251462804,0.44524351418316555
25999,LOF,0.12181696827003675,0.10877529659084269,0.7694077351391205
26000,LOF,0.15465498392725371,0.0257351744127478,0.8196098416599985
26001,LOF,0.1988394140084721,0.032516011684333684,0.7686445743071941
26002,LOF,0.12884081797755575,0.02931062560339098,0.8418485564190533
26003,GOF,0.011611330586102723,0.5576336618696116,0.4307550075442856
26004,GOF,0.027115211710315307,0.6184638476872756,0.35442094060240903
26005,LOF,0.010132561878457319,0.4273466036043525,0.5625208345171901
26006,Neutral,0.5393036744626045,0.21039300587949172,0.25030331965790364
26007,GOF,0.022161798452445994,0.4964587865069379,0.4813794150406161
26008,GOF,0.02157244645778571,0.5355102997370821,0.4429172538051322
26009,GOF,0.025182494775933192,0.5748453649114562,0.3999721403126106
26010,GOF,0.02995867294464322,0.5673500505167663,0.4026912765385904
26011,LOF,0.007963871681565305,0.42903351668115913,0.5630026116372755
26012,GOF,0.017241105289638764,0.4973790532848538,0.48537984142550744
26013,GOF,0.021567177927699625,0.5766403625170533,0.40179245955524706
26014,LOF,0.03889825196251114,0.14911940185279726,0.8119823461846916
26015,LOF,0.2502213381913324,0.008606338644940157,0.7411723231637275
26016,LOF,0.2352650294691805,0.04139020065670359,0.7233447698741159
26017,LOF,0.26678937441690603,0.07217713422018766,0.6610334913629062
26018,LOF,0.11215599153910057,0.033429515621521126,0.8544144928393783
26019,LOF,0.10657790145965171,0.0256037507019483,0.8678183478384
26020,LOF,0.06125143344237494,0.09203153420892508,0.8467170323486999
26021,LOF,0.04459595985927889,0.10848308295503775,0.8469209571856834
26022,LOF,0.011532946100512597,0.036189443532080846,0.9522776103674067
26023,LOF,0.13079932325360355,0.02088693663727943,0.848313740109117
26024,LOF,0.02811096954710894,0.11052685759763597,0.861362172855255
26025,LOF,0.1674891298032681,0.09723520540621904,0.7352756647905129
26026,LOF,0.3280770728718892,0.020978103876964315,0.6509448232511464
26027,LOF,0.10338184671383338,0.015230344413344721,0.881387808872822
26028,LOF,0.16549562221683664,0.06921056368025721,0.7652938141029062
26029,LOF,0.07190178360822075,0.19920658442824712,0.7288916319635321
26030,LOF,0.024123010464904844,0.06499057389137945,0.9108864156437156
26031,LOF,0.02747349420037477,0.1518293827054668,0.8206971230941583
26032,LOF,0.06437551256200622,0.06971877322960747,0.8659057142083862
26033,LOF,0.11437137646045685,0.0898149470980557,0.7958136764414875
26034,LOF,0.042457997238333246,0.16855877036782693,0.7889832323938399
26035,LOF,0.027472788230676348,0.14702166007316675,0.825505551696157
26036,LOF,0.03804735928559805,0.17643366558096021,0.7855189751334417
26037,LOF,0.022107216457416336,0.12489147341956118,0.8530013101230225
26038,LOF,0.05958882432856814,0.07238002626882213,0.8680311494026097
26039,LOF,0.05733062161730245,0.16146189106710712,0.7812074873155903
26040,LOF,0.18410875237176572,0.1483981886091924,0.6674930590190419
26041,LOF,0.023591445993218243,0.11778906340241774,0.858619490604364
26042,LOF,0.023273199556269573,0.11331479116698823,0.8634120092767421
26043,LOF,0.05900605973808933,0.08988203931134026,0.8511119009505703
26044,LOF,0.019851972690889275,0.08576752817022266,0.8943804991388881
26045,LOF,0.07749605212121302,0.11050448352050628,0.8119994643582807
26046,LOF,0.06102192159005639,0.08808525828772365,0.85089282012222
26047,LOF,0.08335994830025746,0.09373899001210896,0.8229010616876336
26048,LOF,0.04761641342094209,0.05672830527764888,0.895655281301409
26049,Neutral,0.956348758330569,0.009922995808498057,0.03372824586093306
26050,Neutral,0.9385160474686729,0.012336614017785227,0.04914733851354186
26051,LOF,0.04120389937338264,0.2633942207596924,0.6954018798669249
26052,LOF,0.0658915077514454,0.2707442718611417,0.6633642203874128
26053,LOF,0.057930136541049636,0.13442703730223057,0.8076428261567198
26054,LOF,0.06331064046493821,0.02091763556778469,0.915771723967277
26055,LOF,0.08004762903312103,0.01611509158011963,0.9038372793867593
26056,LOF,0.06371376547491062,0.017920190190343986,0.9183660443347454
26057,LOF,0.03343457102800437,0.010791142576186326,0.9557742863958092
26058,LOF,0.03491288645141129,0.00841975944456085,0.9566673541040279
26059,LOF,0.3245794054174668,0.025853238355982532,0.6495673562265506
26060,LOF,0.0330410075808803,0.17360725263953208,0.7933517397795876
26061,LOF,0.02098507106858235,0.010180390115780353,0.9688345388156373
26062,LOF,0.012504581880716995,0.016992268131901238,0.9705031499873817
26063,LOF,0.023997858499546675,0.01173236127079016,0.964269780229663
26064,LOF,0.025806046294175565,0.01807069323118728,0.9561232604746371
26065,LOF,0.026199140279096853,0.010725352051167024,0.963075507669736
26066,LOF,0.0226168767651282,0.011470289011557713,0.965912834223314
26067,LOF,0.029365980596836278,0.00813239775829,0.9625016216448737
26068,LOF,0.04944306609764967,0.033809840556951104,0.9167470933453992
26069,LOF,0.28951513967858467,0.02112953460218036,0.6893553257192351
26070,LOF,0.4178992854537344,0.015611738700081772,0.5664889758461837
26071,LOF,0.02495117546218724,0.011966610806768847,0.9630822137310439
26072,LOF,0.02270394549386047,0.019600080687071895,0.9576959738190676
26073,LOF,0.027233042492656023,0.010464744396276125,0.9623022131110678
26074,Neutral,0.9114469621444768,0.006028374927350437,0.08252466292817279
26075,LOF,0.047602880289125016,0.015596459913254245,0.9368006597976207
26076,LOF,0.048658745020555255,0.009057387501940002,0.9422838674775047
26077,LOF,0.009932691404297093,0.018644579705207193,0.9714227288904956
26078,LOF,0.014077211011593605,0.01181517211529895,0.9741076168731073
26079,LOF,0.06493815566843963,0.018355110042293364,0.9167067342892671
26080,LOF,0.0634779609166368,0.018435732075252297,0.918086307008111
26081,LOF,0.04069367587469892,0.0059089504254927075,0.9533973736998084
26082,LOF,0.016965019737034254,0.016696772977364428,0.9663382072856013
26083,LOF,0.14311519758964047,0.011597766767871298,0.8452870356424883
26084,LOF,0.028617217375521895,0.012631764313835876,0.9587510183106421
26085,LOF,0.023442250839136737,0.01202379875575735,0.9645339504051058
26086,LOF,0.025936607277469315,0.011210990801127222,0.9628524019214034
26087,LOF,0.03001603774043871,0.007364280015756289,0.962619682243805
26088,LOF,0.017264382423768092,0.023422649811648443,0.9593129677645834
26089,LOF,0.047949210182266805,0.024875180106278715,0.9271756097114545
26090,LOF,0.04556050999091615,0.018529734325429294,0.9359097556836544
26091,LOF,0.04195116540257346,0.005739701199125461,0.9523091333983011
26092,LOF,0.02801019874243797,0.008010369322321988,0.9639794319352399
26093,LOF,0.04311914137966392,0.005629554707698913,0.9512513039126372
26094,LOF,0.04657714498228884,0.006508209850710542,0.9469146451670006
26095,LOF,0.045603395124379366,0.01402427238125785,0.9403723324943627
26096,LOF,0.02058320156816182,0.011044537640174757,0.9683722607916635
26097,LOF,0.011832066503111876,0.04103955594897874,0.9471283775479095
26098,LOF,0.07460494424976577,0.011586293007838677,0.9138087627423956
26099,LOF,0.02502415845967241,0.01194045584587254,0.9630353856944549
26100,LOF,0.027346337576341063,0.01131895520025447,0.9613347072234044
26101,LOF,0.05800646575576951,0.011619091534780256,0.9303744427094502
26102,LOF,0.02727374163044369,0.012547479393697537,0.9601787789758588
26103,Neutral,0.892860333590466,0.018307764417789408,0.08883190199174452
26104,LOF,0.0852197300439562,0.030440571596237975,0.8843396983598059
26105,LOF,0.2187996473923038,0.266830277866453,0.5143700747412432
26106,LOF,0.21737099345944116,0.11577719511409197,0.6668518114264668
26107,LOF,0.2387478683841206,0.07901174200614708,0.6822403896097323
26108,LOF,0.24561144919106834,0.12510688480379464,0.629281666005137
26109,LOF,0.08750387531142378,0.09286986004123597,0.8196262646473402
26110,LOF,0.2747183809891812,0.0056217048880651595,0.7196599141227537
26111,Neutral,0.49495673986638966,0.015656224048300735,0.4893870360853097
26112,LOF,0.03546393428033081,0.007244298182165519,0.9572917675375037
26113,LOF,0.058548241388501766,0.013537554070743743,0.9279142045407545
26114,LOF,0.028366399917712476,0.026483269266875883,0.9451503308154117
26115,LOF,0.10525405308595538,0.06212443848768218,0.8326215084263623
26116,LOF,0.06474157570403692,0.05721444704439268,0.8780439772515702
26117,LOF,0.4398414945089688,0.05760555708080019,0.5025529484102309
26118,LOF,0.03760490661056309,0.030747083109774413,0.9316480102796625
26119,LOF,0.021557168249119883,0.0439479613865971,0.9344948703642829
26120,LOF,0.02967353253064092,0.02895950332692712,0.9413669641424319
26121,LOF,0.04926685046680227,0.09319371290895317,0.8575394366242446
26122,LOF,0.04457878402838663,0.048227703799166424,0.9071935121724469
