feature0,prediction,LoGoFunc_Neutral,LoGoFunc_GOF,LoGoFunc_LOF
25546,Neutral,0.6317872918775289,0.050212692375368545,0.3180000157471026
25547,Neutral,0.5058695306242643,0.08609512368698534,0.40803534568875033
25548,Neutral,0.5171253804469645,0.0740578232974045,0.4088167962556309
25549,LOF,0.44899698588777726,0.07505771681220835,0.47594529730001445
25550,LOF,0.3837230061460744,0.08900170165074435,0.5272752922031813
25551,LOF,0.33263860484587193,0.09474346353952072,0.5726179316146073
25552,LOF,0.30078550833796724,0.10143212850647353,0.5977823631555592
25553,Neutral,0.7828946888000216,0.04946084940479044,0.16764446179518783
25554,LOF,0.32943986371489725,0.09434066845732762,0.5762194678277752
25555,LOF,0.2875858849363555,0.09745830143172336,0.6149558136319211
25556,Neutral,0.4595835812066614,0.09286201981796048,0.4475543989753782
25557,LOF,0.27959027344560633,0.09650130862442446,0.6239084179299691
25558,LOF,0.34045259568567426,0.08944239275550218,0.5701050115588235
25559,LOF,0.23515360059507004,0.05741320611179552,0.7074331932931345
25560,LOF,0.09175646147450937,0.16921481918051717,0.7390287193449735
25561,LOF,0.09310433448937436,0.24458916222457847,0.6623065032860471
25562,LOF,0.03498062712883649,0.09993055443357077,0.8650888184375927
25563,LOF,0.006606543886047566,0.17821178899780873,0.8151816671161437
25564,LOF,0.07675782861647032,0.11736724927174902,0.8058749221117807
25565,LOF,0.18999516479311226,0.14592368954364424,0.6640811456632435
25566,GOF,0.0734285705153616,0.7215400713444469,0.2050313581401914
25567,LOF,0.04289904738501259,0.15774262073290643,0.7993583318820809
25568,LOF,0.0604412841626037,0.09246048376310839,0.8470982320742879
25569,LOF,0.06568892166998799,0.08613605808478095,0.8481750202452312
25570,LOF,0.02725763050844868,0.13520816590553317,0.8375342035860182
25571,LOF,0.026546487526746765,0.14158196468601691,0.8318715477872364
25572,LOF,0.057399754283898555,0.19187074716474278,0.7507294985513586
25573,LOF,0.062359762293006334,0.1243784405113277,0.813261797195666
25574,LOF,0.07461497334381648,0.24799817549247397,0.6773868511637096
25575,LOF,0.026430640435865266,0.1531068493374116,0.8204625102267231
25576,LOF,0.026668131890133638,0.21869107767365456,0.7546407904362117
25577,LOF,0.031079886203315893,0.17552232012817554,0.7933977936685087
25578,LOF,0.29298571514486205,0.08921648603294317,0.6177977988221948
25579,LOF,0.2082542616830396,0.09070918957423539,0.7010365487427251
25580,LOF,0.02445988957949781,0.09554631692157878,0.8799937934989235
25581,LOF,0.047655351832144775,0.09863636575221486,0.8537082824156405
25582,LOF,0.047288403415080595,0.09613630576150277,0.8565752908234168
25583,LOF,0.03107929445595352,0.10845397132913573,0.8604667342149108
25584,Neutral,0.6999132093617491,0.1420541644762904,0.15803262616196034
25585,LOF,0.02411829575311068,0.19320447009981861,0.7826772341470707
25586,LOF,0.02199487280257703,0.11914711864330846,0.8588580085541145
25587,LOF,0.021295439149586638,0.11282566856068897,0.8658788922897244
25588,LOF,0.02609384713098595,0.0909695561081609,0.8829365967608532
25589,Neutral,0.5506882087005023,0.2374684694865236,0.21184332181297416
25590,LOF,0.05698158779410754,0.1449368454689129,0.7980815667369796
25591,LOF,0.10580175591319974,0.08919436327812862,0.8050038808086717
25592,LOF,0.07522018018245237,0.1644440524760216,0.7603357673415261
25593,LOF,0.1115628569470011,0.32506201992608,0.563375123126919
25594,LOF,0.058581324895783736,0.029994358627200658,0.9114243164770156
25595,LOF,0.06402157635991675,0.020193076665534427,0.9157853469745488
25596,LOF,0.12137741481905692,0.014985140618304185,0.8636374445626389
25597,LOF,0.09250069430346994,0.0151452831491651,0.892354022547365
25598,LOF,0.05668292264264795,0.020184871770243792,0.9231322055871083
25599,LOF,0.02837917714613807,0.3647293853564801,0.606891437497382
25600,LOF,0.17918515054735581,0.36166930143505893,0.4591455480175852
25601,LOF,0.045905923629566525,0.27333223284367963,0.6807618435267538
25602,LOF,0.03501070034091365,0.07036072991670222,0.894628569742384
25603,LOF,0.04738624801512672,0.07148087402820773,0.8811328779566656
25604,LOF,0.0531737984213596,0.1158559928610993,0.8309702087175411
25605,LOF,0.05071205968350558,0.1778006632033989,0.7714872771130955
25606,Neutral,0.4323945379219097,0.24529143439423787,0.3223140276838524
25607,LOF,0.031239571627273338,0.26159978695496583,0.7071606414177608
25608,LOF,0.04576335733666103,0.0895753632219094,0.8646612794414297
25609,GOF,0.18452966005638632,0.5297511256953583,0.2857192142482553
25610,LOF,0.019406028521938103,0.060379022714818,0.9202149487632438
25611,LOF,0.013667646724045048,0.06497773637039757,0.9213546169055574
25612,LOF,0.051681400876461635,0.07022687325084764,0.8780917258726907
25613,LOF,0.04691114848306008,0.06589761569432713,0.8871912358226127
25614,LOF,0.022705922087654155,0.058630511217415505,0.9186635666949303
25615,LOF,0.0461948078846919,0.05945438810524299,0.8943508040100651
25616,LOF,0.06251288963637448,0.06381401563126443,0.873673094732361
25617,LOF,0.04912439518994958,0.06968414129715061,0.8811914635128998
25618,LOF,0.048451194212783724,0.10023498343825944,0.8513138223489569
25619,LOF,0.013964050448030271,0.08424618001203484,0.9017897695399348
25620,LOF,0.04914365263709469,0.07037571447046796,0.8804806328924375
25621,LOF,0.07164816676641994,0.06048136800256708,0.8678704652310131
25622,LOF,0.07464091602783852,0.07248516099487551,0.8528739229772859
25623,LOF,0.05863329823869164,0.07123794324614156,0.8701287585151668
25624,LOF,0.022042849184829395,0.06566095393860553,0.912296196876565
25625,LOF,0.06270630965973364,0.07117432134717955,0.8661193689930867
25626,LOF,0.05274558268942464,0.06487936240720113,0.8823750549033742
25627,Neutral,0.8718680979352992,0.021785752545276135,0.1063461495194248
25628,LOF,0.18719595832459832,0.06129489600240755,0.7515091456729941
25629,LOF,0.06377353622293905,0.0653261578732622,0.8709003059037987
25630,LOF,0.32339755813333854,0.07203727904821473,0.6045651628184467
25631,Neutral,0.5159571786287396,0.049281659170458104,0.43476116220080235
25632,LOF,0.02930998469421022,0.1676104660809399,0.8030795492248498
25633,LOF,0.2325744981302614,0.08673858776732217,0.6806869141024164
25634,LOF,0.040945402701361294,0.15255500817605303,0.8064995891225858
25635,LOF,0.03734870178217494,0.07415089966873023,0.8885003985490948
25636,GOF,0.0359708988877296,0.5123413988446835,0.45168770226758687
25637,GOF,0.04803296138968396,0.480517238306998,0.47144980030331796
25638,LOF,0.02556152044925226,0.43314174055294546,0.5412967389978022
25639,LOF,0.03787867050369096,0.4130516468045237,0.5490696826917854
25640,Neutral,0.8323389767588597,0.10984349609411136,0.057817527147029084
25641,LOF,0.12617723040290793,0.3323336024266552,0.5414891671704369
25642,LOF,0.11235221747909446,0.16454322348169778,0.7231045590392078
25643,LOF,0.3364749532038341,0.08774951444567386,0.5757755323504921
25644,GOF,0.009740466195389173,0.5920769135496998,0.39818262025491097
25645,GOF,0.013295802810934091,0.5634454523093757,0.42325874487969023
25646,LOF,0.020375693285985454,0.38731908358097544,0.5923052231330391
25647,LOF,0.01038328346804222,0.27073219091472256,0.7188845256172351
25648,LOF,0.014765048915542084,0.3386107253494789,0.6466242257349789
25649,LOF,0.008912936924850519,0.24821319912238762,0.7428738639527619
25650,GOF,0.036274895309769205,0.5520517484835914,0.4116733562066394
25651,LOF,0.012174707478867336,0.34604515830492466,0.6417801342162079
25652,LOF,0.01143610559982712,0.38694270212286436,0.6016211922773085
25653,GOF,0.04685350433039175,0.5465960749711009,0.40655042069850733
25654,LOF,0.011755550468179716,0.26024954485109925,0.727994904680721
25655,GOF,0.13525565731895764,0.5847011543292137,0.2800431883518286
25656,LOF,0.269411553806162,0.07785571065589976,0.6527327355379383
25657,LOF,0.038592080319613475,0.07784126299238625,0.8835666566880003
25658,LOF,0.29537885154865373,0.12662262419746084,0.5779985242538853
25659,LOF,0.4325845648270008,0.12402093560184976,0.4433944995711493
25660,LOF,0.02137276328026997,0.09808510964465261,0.8805421270750775
25661,LOF,0.07525927805530769,0.06094028441781545,0.863800437526877
25662,LOF,0.03086360554220553,0.03756866631809874,0.9315677281396957
25663,LOF,0.032797091897783716,0.034859473363209985,0.9323434347390062
25664,LOF,0.10021131081558284,0.06097909911348943,0.8388095900709277
25665,LOF,0.06519248272057661,0.03152989472342248,0.9032776225560009
25666,LOF,0.07355950134592643,0.05366273964371475,0.8727777590103587
25667,LOF,0.06410288586705015,0.043296855165059406,0.8926002589678904
25668,LOF,0.03191779571461399,0.0535458551954643,0.9145363490899217
25669,LOF,0.02227906791031921,0.04969723692169763,0.9280236951679831
25670,LOF,0.1176264504964485,0.04606205041435858,0.8363114990891929
25671,LOF,0.09518438114036834,0.03593399658405875,0.868881622275573
25672,LOF,0.05366612014889326,0.04886184769652215,0.8974720321545845
25673,LOF,0.07799476112555254,0.043922413689285955,0.8780828251851616
25674,LOF,0.076286070871814,0.058174616662601306,0.8655393124655848
25675,LOF,0.07385785139559074,0.0670502373964409,0.8590919112079684
25676,LOF,0.016622948434386928,0.05915766448484641,0.9242193870807667
25677,LOF,0.017144939573691648,0.08494122662637241,0.897913833799936
25678,LOF,0.17515913030569188,0.09507401044563422,0.7297668592486738
25679,LOF,0.10342614142911177,0.09882664546024426,0.797747213110644
25680,LOF,0.02876563762688293,0.12805654074737294,0.8431778216257442
25681,LOF,0.04673678178840826,0.1115868503175627,0.841676367894029
25682,LOF,0.11628080218297426,0.0712573005009836,0.8124618973160421
25683,LOF,0.09026750745711282,0.08607997846612515,0.8236525140767621
25684,LOF,0.027181613579395074,0.06082959487983688,0.911988791540768
25685,LOF,0.1241297356823268,0.08680358971060356,0.7890666746070696
25686,LOF,0.0747710727138952,0.13345137379674055,0.7917775534893643
25687,LOF,0.1260193338875849,0.11861448532510968,0.7553661807873054
25688,LOF,0.44077979204080253,0.029722507858334052,0.5294977001008634
25689,LOF,0.2671099177674591,0.04088956178985877,0.6920005204426822
25690,LOF,0.370621981363785,0.024807675414454188,0.6045703432217608
25691,Neutral,0.7318455204327309,0.023883532184927732,0.24427094738234129
25692,LOF,0.33420126947613044,0.009893326524223056,0.6559054039996466
25693,LOF,0.040612985638963504,0.47719012436932584,0.4821968899917106
25694,LOF,0.1080588406494854,0.01588563677857384,0.8760555225719407
25695,LOF,0.10912971922338095,0.007511432279392708,0.8833588484972263
25696,LOF,0.09539650897520781,0.010118976644692607,0.8944845143800996
25697,LOF,0.05707902706261556,0.07470771946603774,0.8682132534713467
25698,LOF,0.25406124078005876,0.23234558494134683,0.5135931742785944
25699,LOF,0.42146776408450964,0.027104579883703215,0.551427656031787
25700,LOF,0.06085775799414858,0.008866164280971917,0.9302760777248794
25701,LOF,0.20858743153487752,0.028184297037365334,0.7632282714277572
25702,GOF,0.20562998707279426,0.6346177362190737,0.15975227670813202
25703,LOF,0.018347616497956742,0.16038968804646014,0.8212626954555831
25704,LOF,0.0373877173871745,0.13975586341852347,0.822856419194302
25705,LOF,0.045296382693920376,0.08360779574776792,0.8710958215583118
25706,LOF,0.101496142599664,0.42249979610213023,0.4760040612982057
25707,LOF,0.09171673831653171,0.37443186465704625,0.533851397026422
25708,LOF,0.03776477544726897,0.36080165104971323,0.6014335735030177
25709,LOF,0.07737160526113046,0.034824842201962844,0.8878035525369066
25710,LOF,0.015802673365075903,0.1333298944131735,0.8508674322217507
25711,LOF,0.02070370075191358,0.08085164137908327,0.8984446578690032
25712,LOF,0.01873422335058933,0.17843474239612453,0.8028310342532861
25713,LOF,0.01971019177162579,0.0707007780085434,0.909589030219831
25714,LOF,0.0869449655497818,0.051802856693891605,0.8612521777563265
25715,LOF,0.011928334807376203,0.11299361189671887,0.875078053295905
25716,LOF,0.011102009141023592,0.09142763016193196,0.8974703606970444
25717,LOF,0.018548540084096034,0.06125425844139104,0.920197201474513
25718,LOF,0.012347074257662415,0.04686590331713161,0.940787022425206
25719,LOF,0.022704482237588725,0.06213324266046608,0.9151622751019453
25720,LOF,0.029663338545347404,0.04652452287222037,0.9238121385824323
25721,LOF,0.012163917961197064,0.061436760814974956,0.9263993212238278
25722,LOF,0.014080009701090867,0.0516314572498794,0.9342885330490297
25723,LOF,0.02614887544519982,0.03725386419862355,0.9365972603561766
25724,LOF,0.034125772379438306,0.0717232760090882,0.8941509516114734
25725,LOF,0.0117167503595358,0.06398625506998684,0.9242969945704774
25726,LOF,0.017628162589222816,0.07653047399818141,0.9058413634125958
25727,LOF,0.014171431361708588,0.052169145273142814,0.9336594233651485
25728,LOF,0.011304723659057256,0.06565202223819523,0.9230432541027475
25729,LOF,0.011152440538311223,0.0695679397069321,0.9192796197547566
25730,LOF,0.01560906647859999,0.06627162013893063,0.9181193133824693
25731,LOF,0.018699736921683245,0.085391658027106,0.8959086050512107
25732,LOF,0.014496901502254998,0.04327349525630475,0.9422296032414402
25733,LOF,0.01480756894272291,0.054639470684529304,0.9305529603727478
25734,LOF,0.013430453182215344,0.12064919548152242,0.8659203513362623
25735,LOF,0.011580867821865345,0.055735482769053386,0.9326836494090813
25736,LOF,0.012853057159647081,0.0590672199462125,0.9280797228941404
25737,LOF,0.012920942412100926,0.10303598584269634,0.8840430717452027
25738,LOF,0.012784217101136329,0.10136234644027839,0.8858534364585852
25739,LOF,0.021598195453554448,0.06948686251186618,0.9089149420345793
25740,LOF,0.03299204767101682,0.10315320867466836,0.8638547436543148
25741,LOF,0.016739924561202893,0.1005984311715314,0.8826616442672658
25742,LOF,0.1359276405578707,0.07079121664043599,0.7932811428016934
25743,LOF,0.0436824229856665,0.06607674677094005,0.8902408302433934
25744,Neutral,0.6455208374727901,0.23969136735558266,0.11478779517162721
25745,LOF,0.05661277416767704,0.1039666834492423,0.8394205423830805
25746,LOF,0.040315570666034646,0.1297917502394234,0.829892679094542
25747,LOF,0.017037000326126938,0.13797474252636807,0.8449882571475049
25748,LOF,0.10097692120186796,0.21612169894949892,0.6829013798486331
25749,LOF,0.02415083505442603,0.12344225868888434,0.8524069062566896
25750,LOF,0.06448752786378312,0.14608129213463317,0.7894311800015837
25751,LOF,0.10053172537456881,0.18022783945007328,0.719240435175358
25752,GOF,0.11841646053143362,0.6456906461727098,0.23589289329585655
25753,LOF,0.032842046071145194,0.35200131424724873,0.615156639681606
25754,GOF,0.01840267787838209,0.7739416951604164,0.20765562696120143
25755,LOF,0.029769896686450362,0.3636964773667234,0.6065336259468261
25756,LOF,0.05455408047855153,0.42412398400721407,0.5213219355142344
25757,GOF,0.01527030145886567,0.8745391359221087,0.11019056261902546
25758,GOF,0.025620755099805395,0.7949307189853029,0.17944852591489177
25759,GOF,0.011592559690933344,0.664626747576976,0.32378069273209065
25760,LOF,0.01698655286432579,0.3970320988533944,0.5859813482822798
25761,GOF,0.24562004270127694,0.6607415723413096,0.09363838495741339
25762,LOF,0.04449676121904171,0.32980895772772817,0.6256942810532301
25763,LOF,0.01510187106454501,0.266860924728398,0.718037204207057
25764,GOF,0.06543517402140492,0.7028064977708797,0.23175832820771533
25765,GOF,0.03355635694936094,0.7313782955980316,0.2350653474526075
25766,GOF,0.08852491045942215,0.7430404007987934,0.16843468874178436
25767,LOF,0.18420853660915923,0.40338522155104034,0.4124062418398004
25768,LOF,0.12780370712442857,0.04201211134958438,0.830184181525987
25769,LOF,0.05247302351683626,0.061220875660812676,0.886306100822351
25770,LOF,0.3867542557126993,0.12160694614383874,0.49163879814346195
25771,LOF,0.06709889481206006,0.054435776149199415,0.8784653290387404
25772,LOF,0.019167248772536845,0.051264153575647446,0.9295685976518157
25773,LOF,0.06863408734526447,0.05704885709484843,0.874317055559887
25774,LOF,0.029133761391915144,0.12315099976452257,0.8477152388435623
25775,LOF,0.07738452439681254,0.05661406813594577,0.8660014074672416
25776,LOF,0.07044403226268489,0.03358194657386707,0.8959740211634479
25777,Neutral,0.5301222573434811,0.09670698564353157,0.37317075701298735
25778,LOF,0.0660114108432739,0.04923392458565047,0.8847546645710757
25779,GOF,0.4440344793340753,0.5016024158880036,0.05436310477792107
25780,GOF,0.35337723540482296,0.5374120092249075,0.10921075537026946
25781,GOF,0.10630397608937096,0.7538373694510155,0.13985865445961349
25782,GOF,0.1973131539450391,0.6867739329582156,0.11591291309674527
25783,GOF,0.022631872700724115,0.643794520555809,0.33357360674346687
25784,Neutral,0.5437020896318518,0.393981859742531,0.06231605062561724
25785,Neutral,0.5174214126185359,0.40183815207075535,0.08074043531070872
25786,GOF,0.030161074377150005,0.6605487075448522,0.3092902180779978
25787,Neutral,0.6977120854016388,0.254221822053497,0.04806609254486425
25788,LOF,0.06358264906919335,0.06320790520710183,0.8732094457237048
25789,GOF,0.21346411008712135,0.6175821694300905,0.16895372048278814
25790,GOF,0.2503055404275437,0.6188517112402758,0.13084274833218054
25791,GOF,0.1445754035890258,0.6110112673372207,0.24441332907375352
25792,GOF,0.3778422765337716,0.44592805765175375,0.1762296658144746
25793,GOF,0.26509462583207183,0.4283576041589421,0.3065477700089862
25794,GOF,0.3379811184230107,0.4220080391987859,0.24001084237820344
25795,GOF,0.060286587287820374,0.630881074677145,0.3088323380350345
25796,Neutral,0.4976734857277955,0.3993616027917205,0.10296491148048396
25797,GOF,0.07883794896642654,0.46582796648308955,0.4553340845504839
25798,LOF,0.010521012887786549,0.484224646598578,0.5052543405136355
25799,LOF,0.008481984353312521,0.4113249346721183,0.5801930809745692
25800,GOF,0.03838931241176622,0.5709051818182291,0.39070550577000457
25801,GOF,0.27323607832691843,0.5761056720410391,0.15065824963204252
25802,GOF,0.07932482918712243,0.5726314015357032,0.3480437692771744
25803,GOF,0.04928319186439567,0.4818252307634562,0.46889157737214826
25804,LOF,0.04007948981950996,0.3960643194969535,0.5638561906835365
25805,GOF,0.11035447984098334,0.4937857636572883,0.3958597565017282
25806,GOF,0.13186546972805896,0.5141459101960816,0.3539886200758595
25807,GOF,0.021959334635837303,0.5372378902769691,0.44080277508719357
25808,GOF,0.10327158368541935,0.4751464710945002,0.42158194522008047
25809,GOF,0.021220540456410864,0.53753210609575,0.4412473534478393
25810,GOF,0.022816118158911207,0.5319156263855555,0.44526825545553333
25811,Neutral,0.5164369289494513,0.4033441594845676,0.08021891156598122
25812,GOF,0.03545981736614693,0.5574835989705978,0.40705658366325526
25813,Neutral,0.5867973031302217,0.28040940949492626,0.1327932873748519
25814,GOF,0.13714371239435239,0.5799490762180316,0.282907211387616
25815,GOF,0.2512652008415521,0.5049859803061286,0.24374881885231922
25816,GOF,0.018883654269324496,0.6182913947759335,0.362824950954742
25817,GOF,0.19585074806125677,0.6635644156881719,0.1405848362505713
25818,GOF,0.03559919640277778,0.5160327858836058,0.44836801771361634
25819,GOF,0.3653078814283001,0.4451505968494544,0.18954152172224537
25820,GOF,0.19982953275129123,0.5478017214445541,0.25236874580415464
25821,GOF,0.06401053469343451,0.6226851373921183,0.3133043279144472
25822,GOF,0.2570038606245552,0.4608698938999837,0.28212624547546106
25823,LOF,0.03749060342246463,0.4206829540090891,0.5418264425684463
25824,GOF,0.07154102388632096,0.4651679633911406,0.4632910127225385
25825,LOF,0.03003464591853467,0.4756703122475075,0.4942950418339578
25826,LOF,0.010265946458500723,0.4507557016683754,0.5389783518731238
25827,GOF,0.017732405927984106,0.5271330562108222,0.4551345378611938
25828,LOF,0.012272858497688869,0.43978410751307434,0.5479430339892367
25829,GOF,0.00753224971850981,0.5223492407399494,0.47011850954154083
25830,LOF,0.04136248223447659,0.24308533880081976,0.7155521789647037
25831,GOF,0.15245972553414114,0.6924131460437524,0.15512712842210655
25832,GOF,0.03469815365167888,0.6231025032590574,0.3421993430892638
25833,GOF,0.11304874610958492,0.6192045928633544,0.26774666102706063
25834,GOF,0.04104419718309552,0.6130122072733963,0.3459435955435081
25835,GOF,0.10190585592552184,0.5461704666889601,0.3519236773855181
25836,GOF,0.050632308757461254,0.5759979448895415,0.3733697463529973
25837,GOF,0.024700081545659544,0.4912135322084362,0.48408638624590433
25838,GOF,0.09048228066076146,0.6637573082535457,0.24576041108569277
25839,GOF,0.31358941785332894,0.4637398229038221,0.22267075924284893
25840,GOF,0.22230660877622993,0.5150073384017106,0.2626860528220595
25841,GOF,0.2702435138618472,0.49115476713625006,0.23860171900190266
25842,GOF,0.19187621771371854,0.5737799216257252,0.23434386066055632
25843,GOF,0.23892662662826208,0.5942405876391673,0.16683278573257065
25844,GOF,0.06320045418498031,0.5923569828982914,0.3444425629167283
25845,LOF,0.014577728901088974,0.4370386247078359,0.5483836463910752
25846,GOF,0.09666153228219923,0.6556980014887492,0.24764046622905153
25847,GOF,0.12690231593033346,0.6830421579772812,0.19005552609238535
25848,GOF,0.039106797065419974,0.6240812956452764,0.33681190728930366
25849,GOF,0.011933335292936177,0.5293832880597509,0.45868337664731296
25850,GOF,0.025737672917494504,0.5439952344337269,0.43026709264877855
25851,LOF,0.021752625404188593,0.47325391294125485,0.5049934616545565
25852,GOF,0.14173613914124109,0.5389057348621406,0.31935812599661834
25853,GOF,0.31994718441293074,0.5722307463781807,0.10782206920888857
25854,GOF,0.01940320734969401,0.6572196227290567,0.32337716992124943
25855,GOF,0.0449584033782933,0.5662812225707008,0.3887603740510059
25856,GOF,0.23287395583040166,0.5358981938350744,0.231227850334524
25857,GOF,0.03675205518206754,0.4917193374687662,0.4715286073491662
25858,GOF,0.01869992211625028,0.5783220850171273,0.40297799286662234
25859,GOF,0.01003309754475096,0.5643905553929279,0.42557634706232106
25860,GOF,0.3170575563885414,0.5438475592120708,0.13909488439938775
25861,GOF,0.3705147034381943,0.5283772128559148,0.10110808370589089
25862,GOF,0.07756094051129966,0.7481299677351327,0.17430909175356768
25863,GOF,0.08734631770107835,0.765352894362782,0.14730078793613952
25864,GOF,0.1754286629745851,0.7274532093361913,0.09711812768922364
25865,GOF,0.0757355336367917,0.7588563814973983,0.1654080848658099
25866,GOF,0.0634961633981708,0.7831810876141411,0.15332274898768802
25867,GOF,0.07925835924351082,0.7727668133253432,0.14797482743114598
25868,GOF,0.23573194998972044,0.5962727738406712,0.1679952761696082
25869,Neutral,0.6710020460631945,0.2703366275546806,0.058661326382125074
25870,LOF,0.2501499443528342,0.21392920625231499,0.5359208493948507
25871,GOF,0.24995942836560828,0.5843423117265859,0.16569825990780587
25872,GOF,0.10060837628368685,0.5813206038718992,0.3180710198444138
25873,GOF,0.17777387223817312,0.5560841592494528,0.2661419685123741
25874,LOF,0.023363942808444543,0.06785424726910473,0.9087818099224507
25875,LOF,0.08622972024820791,0.06455411254278098,0.8492161672090112
25876,LOF,0.027332749541361646,0.07068212909851872,0.9019851213601197
25877,Neutral,0.552154866838258,0.058457071715233726,0.38938806144650834
25878,LOF,0.2814542197576854,0.11062116854842426,0.6079246116938903
25879,LOF,0.1353497356102588,0.1510652018134144,0.7135850625763268
25880,LOF,0.02319340749049121,0.027691646142858645,0.9491149463666501
25881,LOF,0.18083851290372818,0.254521231458737,0.5646402556375347
25882,LOF,0.07161648384943688,0.021213276702914487,0.9071702394476486
25883,LOF,0.08297403023946222,0.05071099103204483,0.866314978728493
25884,LOF,0.04090613815448598,0.0554967673196012,0.9035970945259129
25885,LOF,0.0558469394467215,0.030005943192969935,0.9141471173603086
25886,LOF,0.3443308422261578,0.1260049887618877,0.5296641690119546
25887,LOF,0.1949295479394127,0.15064026182821671,0.6544301902323707
25888,LOF,0.07336690502805164,0.13057394956276014,0.7960591454091882
25889,LOF,0.04450627759946915,0.046965710262159704,0.9085280121383711
25890,LOF,0.05864546142417981,0.17226895214825363,0.7690855864275665
25891,LOF,0.06022170692744804,0.0718567960674486,0.8679214970051033
25892,LOF,0.09980857484515271,0.028935766796368913,0.8712556583584784
25893,LOF,0.3009099330579056,0.017809707489015943,0.6812803594530784
25894,LOF,0.17343964383592492,0.009344979057761939,0.8172153771063131
25895,LOF,0.21428551081795352,0.022305422694803373,0.7634090664872432
25896,LOF,0.0447961632836709,0.022989173237045,0.9322146634792842
25897,LOF,0.22540691824924242,0.01839768035594475,0.7561954013948129
25898,Neutral,0.7404983375450693,0.011815354299130209,0.24768630815580053
25899,LOF,0.27864252349898083,0.04944226835219365,0.6719152081488255
25900,Neutral,0.60710301257029,0.01584360253884111,0.37705338489086887
25901,LOF,0.05478122755715044,0.012716268951377065,0.9325025034914726
25902,LOF,0.18386083777940557,0.01125046668752884,0.8048886955330655
25903,Neutral,0.5897425685573081,0.0268658311105658,0.38339160033212616
25904,LOF,0.28196048928178963,0.04533716372736616,0.6727023469908443
25905,LOF,0.030874633081541352,0.30080500284444,0.6683203640740186
25906,LOF,0.024291965289301498,0.07872067967060296,0.8969873550400956
25907,LOF,0.015188506377400508,0.30784477382099074,0.6769667198016088
25908,LOF,0.01493807949000552,0.21419219669644948,0.770869723813545
25909,LOF,0.015559584581302154,0.1582073716059453,0.8262330438127525
25910,LOF,0.04193942214473453,0.22448611875336427,0.7335744591019011
25911,LOF,0.07103483616339683,0.051665966719522456,0.8772991971170807
25912,LOF,0.03355827505404301,0.10718115761554792,0.859260567330409
25913,LOF,0.24671595224822326,0.04055441879977578,0.712729628952001
25914,LOF,0.025684141788146077,0.14264420668054412,0.8316716515313097
25915,Neutral,0.414985371119688,0.27750134152114175,0.3075132873591703
25916,LOF,0.05849694572933816,0.31954202896568157,0.6219610253049802
25917,LOF,0.06872635446807938,0.05607441841507966,0.875199227116841
25918,LOF,0.0354686132701349,0.08213702816952957,0.8823943585603354
25919,LOF,0.030762051968825976,0.08324400597490435,0.8859939420562697
25920,GOF,0.10617123732792956,0.5536965649261948,0.34013219774587555
25921,LOF,0.03630261621857686,0.03237705881665571,0.9313203249647675
25922,LOF,0.050840136084890575,0.020255066275468126,0.9289047976396413
25923,LOF,0.4127978089805505,0.021789876676357463,0.5654123143430919
25924,LOF,0.04245400327742581,0.02550499773751488,0.9320409989850593
25925,LOF,0.08354333816847458,0.036864859899428476,0.879591801932097
25926,LOF,0.05632357494041532,0.023546051739741464,0.9201303733198433
25927,LOF,0.07237763612460298,0.05355923491685325,0.8740631289585437
25928,LOF,0.024885860755150053,0.023972166112373117,0.9511419731324768
25929,Neutral,0.5490132555006741,0.025029983966898123,0.42595676053242776
25930,LOF,0.07073625251501249,0.016990921844960163,0.9122728256400273
25931,LOF,0.031146784456369463,0.01906718180920701,0.9497860337344236
25932,LOF,0.029890993537760757,0.016422187350429995,0.9536868191118093
25933,LOF,0.03965984990188474,0.010128616921410675,0.9502115331767046
25934,LOF,0.02593541907522968,0.01287243740543246,0.9611921435193378
25935,LOF,0.08041716474378417,0.032430433393208266,0.8871524018630077
25936,LOF,0.046799679036169994,0.016943014639309136,0.9362573063245209
25937,LOF,0.033987014111584384,0.024260149245836752,0.9417528366425788
25938,LOF,0.0791534400862892,0.040043400800583315,0.8808031591131276
25939,LOF,0.044656711907564976,0.01069650494654875,0.9446467831458862
25940,LOF,0.025185047237866524,0.37997440886162975,0.5948405439005038
25941,LOF,0.1494516125937601,0.1147688965492762,0.7357794908569637
25942,LOF,0.01477472535574676,0.04388597113052606,0.9413393035137272
25943,LOF,0.333302635379458,0.09572223449152671,0.5709751301290152
25944,Neutral,0.4908273573917876,0.05471471712972231,0.4544579254784902
25945,LOF,0.07015229757938103,0.03815237471499198,0.891695327705627
25946,LOF,0.029990861547991552,0.17369600087137949,0.796313137580629
25947,LOF,0.14398487804142052,0.161591547725602,0.6944235742329774
25948,LOF,0.3615330903263935,0.017931551384413307,0.6205353582891932
25949,LOF,0.08901325679504386,0.06104687769842414,0.849939865506532
25950,GOF,0.2013715264169179,0.44327048438979577,0.35535798919328626
25951,LOF,0.2864507102280233,0.1776348718020692,0.5359144179699076
25952,LOF,0.05777468401258856,0.3897150547514389,0.5525102612359725
25953,LOF,0.1418548942733453,0.10346478783199063,0.7546803178946642
25954,LOF,0.3196579603148678,0.24247421474962003,0.43786782493551213
25955,LOF,0.06004333117630369,0.07790934987567719,0.8620473189480191
25956,LOF,0.19678601863054024,0.06939402753483517,0.7338199538346245
25957,LOF,0.047802008721320795,0.026589586993979196,0.9256084042847
25958,LOF,0.05647871100561567,0.03331474114995335,0.9102065478444311
25959,LOF,0.06865789683370688,0.4415268497648792,0.48981525340141396
25960,LOF,0.02396876902874662,0.05594452246747976,0.9200867085037736
25961,LOF,0.0472584325533999,0.04420816553255783,0.9085334019140423
25962,LOF,0.07663842292460263,0.02917956225919974,0.8941820148161976
25963,LOF,0.0659983933613644,0.16724440327476614,0.7667572033638695
25964,LOF,0.03975022391647107,0.16649218549379166,0.7937575905897374
25965,Neutral,0.47309028254115215,0.06723464606325187,0.45967507139559594
25966,LOF,0.33585051551421935,0.3226490852567497,0.34150039922903097
25967,LOF,0.016515628900832743,0.11945150108215485,0.8640328700170125
25968,LOF,0.0486274959700974,0.3987722423652041,0.5526002616646986
25969,LOF,0.029697258060056995,0.0495306845544985,0.9207720573854445
25970,LOF,0.06655930864918183,0.06798043487800208,0.8654602564728161
25971,LOF,0.08667880512277105,0.033909518365827236,0.8794116765114016
25972,LOF,0.08677173227301295,0.0374794863745097,0.8757487813524772
25973,LOF,0.10754633138177265,0.00869541723535223,0.8837582513828752
25974,LOF,0.32819649251797056,0.017352747114452793,0.6544507603675768
25975,LOF,0.05866187306040166,0.02809193372754,0.9132461932120582
25976,LOF,0.04411920164623742,0.022635923891765053,0.9332448744619976
25977,LOF,0.13850201567494286,0.12507576033670123,0.7364222239883559
25978,LOF,0.12026869139458604,0.1290165396367104,0.7507147689687036
25979,LOF,0.12163927243255611,0.11462026178068474,0.7637404657867591
25980,LOF,0.15270110167218875,0.1977269698915599,0.6495719284362513
25981,LOF,0.1874656462679026,0.1926174779394798,0.6199168757926176
25982,LOF,0.3740186033630746,0.12325377139923727,0.5027276252376882
25983,LOF,0.3588297155587397,0.12274055172111013,0.5184297327201501
25984,LOF,0.05068631829910126,0.1175977131913505,0.8317159685095483
25985,LOF,0.02028848603085877,0.3273093097719922,0.6524022041971492
25986,LOF,0.02593929569050716,0.3240285682362505,0.6500321360732423
25987,LOF,0.0888340544849951,0.11811850265277815,0.7930474428622268
25988,LOF,0.11200675334578088,0.0933636424456654,0.7946296042085537
25989,LOF,0.02517547380106354,0.16298400837689803,0.8118405178220385
25990,LOF,0.03173942755583242,0.15698234024839694,0.8112782321957706
25991,GOF,0.14530396287835393,0.4374601834744355,0.4172358536472105
25992,LOF,0.29767008463384476,0.300793367318321,0.40153654804783434
25993,LOF,0.026609137510664942,0.11813934380289616,0.8552515186864389
25994,LOF,0.01689749946332553,0.1495370591980759,0.8335654413385987
25995,LOF,0.030898021393198936,0.1726840850230597,0.7964178935837414
25996,GOF,0.1980502145260675,0.5379072493612972,0.26404253611263523
25997,GOF,0.07181703580508166,0.547176171048198,0.3810067931467203
25998,Neutral,0.641336048073234,0.024676149052754115,0.33398780287401186
25999,LOF,0.1376643279875727,0.13914185366857007,0.7231938183438573
26000,LOF,0.10221483287624647,0.033910127203620896,0.8638750399201326
26001,LOF,0.1885690764149221,0.03845494429259162,0.7729759792924864
26002,LOF,0.14118114701517,0.037029383269952365,0.8217894697148777
26003,GOF,0.01067769713977657,0.7047121695253128,0.28461013333491064
26004,GOF,0.025449026396911836,0.7357237696430463,0.23882720396004203
26005,GOF,0.011710425681045925,0.5965907537243178,0.3916988205946362
26006,Neutral,0.5040625880519312,0.310583402617244,0.18535400933082488
26007,GOF,0.01831654904286316,0.6634811966329947,0.3182022543241421
26008,GOF,0.019913366252080893,0.6444997426067798,0.3355868911411393
26009,GOF,0.031418021670229314,0.7068553470698448,0.26172663125992596
26010,GOF,0.02362142435889658,0.7791763857935173,0.19720218984758597
26011,GOF,0.010855847730932868,0.5757108096478873,0.41343334262117976
26012,GOF,0.018246254700637888,0.6739317471088262,0.307821998190536
26013,GOF,0.015996169892018925,0.7262928526087552,0.2577109774992259
26014,LOF,0.0402707931584608,0.19873616184539347,0.7609930449961458
26015,LOF,0.14720494231624415,0.00838793185729407,0.8444071258264618
26016,LOF,0.26515004484661464,0.038586821755877826,0.6962631333975076
26017,LOF,0.18156288579604354,0.07975167773342833,0.7386854364705282
26018,LOF,0.0804671571247675,0.027945858426975386,0.8915869844482571
26019,LOF,0.08097190888729973,0.021329976759911377,0.8976981143527889
26020,LOF,0.06013426522098263,0.10663286806785285,0.8332328667111645
26021,LOF,0.05081032180651291,0.1375119236263543,0.8116777545671326
26022,LOF,0.009531666895779854,0.06492844941661723,0.925539883687603
26023,LOF,0.10695582993223982,0.01870252399964428,0.8743416460681159
26024,LOF,0.02912236962425393,0.09527645834024291,0.8756011720355031
26025,LOF,0.14312009635770553,0.07366712232035055,0.7832127813219439
26026,LOF,0.28919796564167144,0.013593620793223554,0.697208413565105
26027,LOF,0.07714758563007974,0.014344785661256684,0.9085076287086635
26028,LOF,0.17715831519479852,0.09502365112973239,0.727818033675469
26029,LOF,0.12069880699672446,0.1473264262678704,0.7319747667354051
26030,LOF,0.0324102374038563,0.06598963802251186,0.9016001245736318
26031,LOF,0.04405559638699884,0.12896351076507925,0.8269808928479219
26032,LOF,0.08773023469973665,0.061913949957141994,0.8503558153431213
26033,LOF,0.1470276717340382,0.06298270864318024,0.7899896196227815
26034,LOF,0.06616047618495706,0.12278896488995232,0.8110505589250907
26035,LOF,0.04423823731720398,0.1065288672380589,0.8492328954447371
26036,LOF,0.06699929984986426,0.12919630860954545,0.8038043915405902
26037,LOF,0.03463238823199692,0.1015359507845112,0.8638316609834918
26038,LOF,0.08186190134788163,0.054760352260959475,0.8633777463911589
26039,LOF,0.09438157093379336,0.11086138765770244,0.7947570414085041
26040,LOF,0.24178302887009093,0.08767643255988102,0.670540538570028
26041,LOF,0.035832571914195095,0.09442861396581612,0.8697388141199888
26042,LOF,0.034521827284545635,0.09611710375693343,0.8693610689585209
26043,LOF,0.0790299089529389,0.0707448848219669,0.8502252062250942
26044,LOF,0.032961739373912544,0.07043090174140074,0.8966073588846868
26045,LOF,0.10911345209367725,0.08538176428500228,0.8055047836213205
26046,LOF,0.08321253764504484,0.07277878728083378,0.8440086750741214
26047,LOF,0.1140799467384746,0.08419447507661199,0.8017255781849134
26048,LOF,0.058883686440837,0.051692638195838754,0.8894236753633241
26049,Neutral,0.9491008635685814,0.009570084407617143,0.041329052023801514
26050,Neutral,0.9340480216510447,0.010761265946097323,0.055190712402858166
26051,LOF,0.05552378482955927,0.418648120650694,0.5258280945197468
26052,LOF,0.06270118543233612,0.4572268195942731,0.4800719949733908
26053,LOF,0.06123952409615741,0.25794069610835607,0.6808197797954865
26054,LOF,0.06921942472311468,0.04977832119579955,0.8810022540810858
26055,LOF,0.09574248048062692,0.04228516466544695,0.8619723548539261
26056,LOF,0.08082170689205938,0.04668859311864834,0.8724896999892923
26057,LOF,0.030568625445456975,0.021957409253985462,0.9474739653005575
26058,LOF,0.030966663472675845,0.019764625757310972,0.9492687107700131
26059,LOF,0.3533135418066533,0.05479555080226384,0.5918909073910827
26060,LOF,0.026370414033847014,0.3567236014127387,0.6169059845534143
26061,LOF,0.019528687897824686,0.03128519399762534,0.94918611810455
26062,LOF,0.013378633707718393,0.0401579834365473,0.9464633828557344
26063,LOF,0.022337391336568983,0.020840161339943666,0.9568224473234874
26064,LOF,0.0235286486528038,0.027792967219769798,0.9486783841274264
26065,LOF,0.02594795404657461,0.02322745279075964,0.9508245931626657
26066,LOF,0.02001070768280333,0.024335283174092268,0.9556540091431045
26067,LOF,0.02391456254412553,0.01902442123908276,0.9570610162167917
26068,LOF,0.05614906938242097,0.05606091405315602,0.8877900165644229
26069,LOF,0.43492538806075887,0.04207926111483872,0.5229953508244024
26070,Neutral,0.6682704658353149,0.023762497048457967,0.307967037116227
26071,LOF,0.02267377909723451,0.026725800550943556,0.9506004203518219
26072,LOF,0.027596256952145855,0.04611047730278892,0.9262932657450651
26073,LOF,0.02498076199376701,0.019725856233328242,0.9552933817729047
26074,Neutral,0.8987078290026124,0.00898646092129775,0.09230571007608998
26075,LOF,0.04430961456517351,0.0329826541565781,0.9227077312782485
26076,LOF,0.04458647742540952,0.017598556504935896,0.9378149660696545
26077,LOF,0.010431855554383267,0.04292325871909088,0.9466448857265257
26078,LOF,0.013988700914463659,0.026196706715881195,0.959814592369655
26079,LOF,0.05549907183392272,0.03491790160351376,0.9095830265625635
26080,LOF,0.05549907183392272,0.03491790160351376,0.9095830265625635
26081,LOF,0.03432171193409024,0.014060364722228108,0.9516179233436818
26082,LOF,0.023752348311125857,0.03641443748009878,0.9398332142087754
26083,LOF,0.1459709007175404,0.024610350589865965,0.8294187486925937
26084,LOF,0.02686958769158634,0.0296553739679651,0.9434750383404487
26085,LOF,0.023267315391729677,0.02705032822158168,0.9496823563866885
26086,LOF,0.02266017795055015,0.025239733197251975,0.9521000888521979
26087,LOF,0.024833270587021266,0.018358464870188187,0.9568082645427907
26088,LOF,0.026723578112987246,0.04271648400909568,0.930559937877917
26089,LOF,0.05083321937065366,0.04126568696692438,0.907901093662422
26090,LOF,0.04882377410440782,0.03258897997876595,0.9185872459168263
26091,LOF,0.03781844816098441,0.012429712588411974,0.9497518392506036
26092,LOF,0.027511880739716128,0.018665944998087266,0.9538221742621966
26093,LOF,0.041227705122551965,0.012898202692290731,0.9458740921851573
26094,LOF,0.04426992493126869,0.011649851245602805,0.9440802238231284
26095,LOF,0.046942301635573225,0.028775194373702996,0.9242825039907238
26096,LOF,0.019114547071959434,0.02571155689477843,0.9551738960332622
26097,LOF,0.011962038474970906,0.08833116939973687,0.8997067921252923
26098,LOF,0.07085849322766825,0.030591824608841186,0.8985496821634905
26099,LOF,0.024717251747014567,0.03201918874160698,0.9432635595113783
26100,LOF,0.02608489305153152,0.029988229258936044,0.9439268776895325
26101,LOF,0.06031393340951433,0.028075388786671273,0.9116106778038144
26102,LOF,0.02658686635134056,0.02457445393417764,0.9488386797144819
26103,Neutral,0.8848429631642227,0.03933034789496999,0.07582668894080728
26104,LOF,0.06910877553464169,0.055338103296347405,0.8755531211690109
26105,LOF,0.23966552566811408,0.28215896984968325,0.47817550448220275
26106,LOF,0.17785284997125916,0.15035449357183409,0.6717926564569067
26107,LOF,0.2479647150179559,0.14281414162042944,0.6092211433616146
26108,LOF,0.22445906030087365,0.20095815753303797,0.5745827821660884
26109,LOF,0.05522722058805039,0.18420100354338065,0.7605717758685689
26110,LOF,0.26636711968791116,0.012801834440279011,0.7208310458718098
26111,Neutral,0.4974333365912083,0.02202447409924827,0.48054218930954345
26112,LOF,0.0376631912001081,0.014186256327117333,0.9481505524727745
26113,LOF,0.0542382794981777,0.02347054012705314,0.9222911803747692
26114,LOF,0.02041302477729383,0.026391827681825412,0.9531951475408809
26115,LOF,0.09373992034928409,0.03451259953469975,0.8717474801160161
26116,LOF,0.05071041947859677,0.04597963337541688,0.9033099471459863
26117,LOF,0.3184707894183963,0.0772224140195105,0.6043067965620932
26118,LOF,0.03988718051614945,0.042287026867242415,0.9178257926166082
26119,LOF,0.022609643537271483,0.055953862641087634,0.921436493821641
26120,LOF,0.028255405609484623,0.03227547393507516,0.9394691204554402
26121,LOF,0.054836869326612296,0.11055667807581665,0.834606452597571
26122,LOF,0.0633336461027969,0.04708680407451186,0.8895795498226913
