feature0,prediction,LoGoFunc_Neutral,LoGoFunc_GOF,LoGoFunc_LOF
25546,Neutral,0.6628183778656477,0.05696057073047193,0.2802210514038804
25547,Neutral,0.5086906321940666,0.09905141984921262,0.3922579479567207
25548,Neutral,0.5151547098479954,0.08096353292345915,0.40388175722854547
25549,LOF,0.4353130955595521,0.0837376991622888,0.48094920527815893
25550,LOF,0.3775556740766994,0.12456224905060874,0.497882076872692
25551,LOF,0.31560213531482395,0.13670591134604945,0.5476919533391267
25552,LOF,0.25440518602086115,0.13234124920568194,0.6132535647734569
25553,Neutral,0.8171647531801404,0.04439161590007977,0.1384436309197798
25554,LOF,0.29665116991328794,0.11911820963870103,0.5842306204480111
25555,LOF,0.24736222643475642,0.11269251507800845,0.6399452584872352
25556,Neutral,0.45791290330331597,0.09992694404214125,0.4421601526545428
25557,LOF,0.2377611584597223,0.11912781756405089,0.6431110239762268
25558,LOF,0.29812618245864875,0.12031150948595702,0.5815623080553942
25559,LOF,0.1943019015710908,0.12733327584868284,0.6783648225802265
25560,LOF,0.1418557324170265,0.10209325772831429,0.7560510098546591
25561,LOF,0.14662253744957404,0.1199375883052708,0.7334398742451552
25562,LOF,0.07073699315982268,0.07748374665859424,0.8517792601815831
25563,LOF,0.02141050220791459,0.12282049128055535,0.8557690065115301
25564,LOF,0.22168961895060732,0.11142581845067571,0.666884562598717
25565,LOF,0.23072153670684994,0.12439186175787946,0.6448866015352706
25566,GOF,0.09608473771810881,0.7072062542290978,0.19670900805279337
25567,LOF,0.037342202377177745,0.1251808112266241,0.8374769863961982
25568,LOF,0.06002185476146688,0.0665398638100908,0.8734382814284423
25569,LOF,0.061323996937349745,0.06753062220128027,0.8711453808613701
25570,LOF,0.028832539702599802,0.09217945893594127,0.8789880013614589
25571,LOF,0.027373676363496198,0.09617832000293255,0.8764480036335712
25572,LOF,0.06761653548270549,0.11747335578867564,0.8149101087286188
25573,LOF,0.055676065848811816,0.07940715293798191,0.8649167812132063
25574,LOF,0.05529021429637615,0.16773370310105282,0.776976082602571
25575,LOF,0.022808564918576663,0.11506915245761797,0.8621222826238054
25576,LOF,0.03647769411516614,0.15223246986133313,0.8112898360235008
25577,LOF,0.031164821637954195,0.1088161059016204,0.8600190724604254
25578,LOF,0.2894468347052746,0.07240106492058963,0.6381521003741358
25579,LOF,0.1313194324466327,0.07819940481837631,0.790481162734991
25580,LOF,0.01922586891493883,0.07245116574873575,0.9083229653363255
25581,LOF,0.05593625062398294,0.06124039781722176,0.8828233515587953
25582,LOF,0.05615631097415926,0.060516852374208986,0.8833268366516318
25583,LOF,0.021044780201385723,0.07462015775156813,0.9043350620470462
25584,Neutral,0.6669191331835701,0.08994330084778915,0.24313756596864075
25585,LOF,0.033328177820257286,0.12116300153216908,0.8455088206475736
25586,LOF,0.019011368618236445,0.06449238718719733,0.9164962441945663
25587,LOF,0.01790288026815163,0.05733909103075908,0.9247580287010893
25588,LOF,0.02061878583213935,0.06701859501990522,0.9123626191479554
25589,Neutral,0.5081469258885152,0.19156872244457593,0.30028435166690887
25590,LOF,0.05014530575478825,0.09996610696224156,0.8498885872829701
25591,LOF,0.10297588364571426,0.052625249206320904,0.8443988671479647
25592,LOF,0.05531457052986671,0.12520261366617108,0.8194828158039622
25593,LOF,0.1341514681242595,0.239106612161344,0.6267419197143965
25594,LOF,0.05107109443839343,0.10705888824795046,0.8418700173136562
25595,LOF,0.04804533418258903,0.07441463568816445,0.8775400301292465
25596,LOF,0.09876132100740304,0.04534979925300834,0.8558888797395885
25597,LOF,0.0818436274912902,0.06244726873617848,0.8557091037725313
25598,LOF,0.04980438312471052,0.07955025697746371,0.8706453598978258
25599,GOF,0.020044504442929063,0.5478704910116551,0.4320850045454159
25600,GOF,0.1627253268778756,0.5255466803251722,0.31172799279695224
25601,LOF,0.04239503765919228,0.40995988502663244,0.5476450773141752
25602,LOF,0.03530944178132768,0.053338424581968476,0.9113521336367039
25603,LOF,0.03563058323121644,0.03153433892796015,0.9328350778408234
25604,LOF,0.038728532245016774,0.06451780461387918,0.896753663141104
25605,LOF,0.04235449298815589,0.1779740144094082,0.779671492602436
25606,LOF,0.42651703043686384,0.11237731585647186,0.4611056537066643
25607,LOF,0.02348379696421296,0.1858841754014172,0.7906320276343699
25608,LOF,0.034955343511466654,0.0748747147910055,0.8901699416975277
25609,GOF,0.1665005477615466,0.5444669459456462,0.28903250629280736
25610,LOF,0.016465042043938942,0.025636397443268545,0.9578985605127927
25611,LOF,0.015478734855872317,0.029133340404435968,0.9553879247396917
25612,LOF,0.047918421542594014,0.03943488491903559,0.9126466935383704
25613,LOF,0.04491107778877537,0.039809837981285984,0.9152790842299386
25614,LOF,0.022897630396142517,0.02570531061233053,0.9513970589915269
25615,LOF,0.048526443027176354,0.03254335635781176,0.918930200615012
25616,LOF,0.04694915316284337,0.024630580457741285,0.9284202663794154
25617,LOF,0.04314213426441711,0.03281687328952579,0.9240409924460571
25618,LOF,0.054635297350919335,0.031123086277213722,0.9142416163718671
25619,LOF,0.01525634432726999,0.028427570629652125,0.9563160850430779
25620,LOF,0.06048691702051648,0.03484088493644835,0.9046721980430351
25621,LOF,0.05191803637860421,0.028972208205586325,0.9191097554158095
25622,LOF,0.0641819367509708,0.0282109585648735,0.9076071046841557
25623,LOF,0.07413134373627776,0.02772307064369522,0.8981455856200271
25624,LOF,0.019510458086978606,0.03596407845167678,0.9445254634613446
25625,LOF,0.06871484766737598,0.03579717082802885,0.8954879815045953
25626,LOF,0.04454631004283885,0.03648850241412534,0.9189651875430358
25627,Neutral,0.8874869622051503,0.021441808678743353,0.09107122911610627
25628,LOF,0.12916922253608423,0.05861964551731015,0.8122111319466055
25629,LOF,0.06026196290097088,0.04449188324894223,0.8952461538500869
25630,LOF,0.2614741017149311,0.07449234861357695,0.6640335496714921
25631,Neutral,0.5150209977497503,0.061602995377540666,0.4233760068727091
25632,LOF,0.029652302857523266,0.05489812323157884,0.9154495739108979
25633,LOF,0.198265385138687,0.03432592280535478,0.7674086920559582
25634,LOF,0.034598474540390195,0.07923071108964111,0.8861708143699686
25635,LOF,0.03880548599206202,0.04284301098438268,0.9183515030235553
25636,GOF,0.03752270401047306,0.4821441857799296,0.4803331102095974
25637,LOF,0.07760487399895535,0.448527955130617,0.4738671708704277
25638,LOF,0.040007887552901626,0.27449045887998025,0.6855016535671181
25639,LOF,0.037904540589072264,0.3139802073455735,0.6481152520653543
25640,Neutral,0.824515027765567,0.1351843928448081,0.04030057938962489
25641,LOF,0.046923725692270414,0.45647901471636887,0.49659725959136075
25642,LOF,0.03819883487128503,0.1595883239794807,0.8022128411492342
25643,LOF,0.18667321163571643,0.16370618625572692,0.6496206021085567
25644,LOF,0.018671954496225586,0.4676256489440936,0.5137023965596809
25645,LOF,0.019639032358594342,0.44296526955151505,0.5373956980898906
25646,LOF,0.04867847320462219,0.3512149848858662,0.6001065419095115
25647,LOF,0.02095733151725771,0.25874583421771113,0.7202968342650312
25648,LOF,0.02923031106306212,0.23555968391861867,0.7352100050183192
25649,LOF,0.013995155076261432,0.24696819119393826,0.7390366537298002
25650,LOF,0.04993439285693273,0.4135545389928136,0.5365110681502537
25651,LOF,0.015407715290871229,0.2720143256465168,0.712577959062612
25652,LOF,0.027624976546574535,0.26018115282819776,0.7121938706252277
25653,LOF,0.07370054843974119,0.379404596906984,0.5468948546532748
25654,LOF,0.022283337864767737,0.2098926338688561,0.7678240282663761
25655,LOF,0.20814102524774875,0.3692717902441266,0.4225871845081247
25656,LOF,0.29595106556516104,0.04287723700846718,0.6611716974263718
25657,LOF,0.079439742494335,0.052904306747519746,0.8676559507581454
25658,LOF,0.40469037824520293,0.04434653009908133,0.5509630916557158
25659,Neutral,0.5622717632013938,0.06772594679494151,0.3700022900036647
25660,LOF,0.025441081607061707,0.07642551155549636,0.8981334068374418
25661,LOF,0.09539234163703143,0.056884203853449535,0.8477234545095189
25662,LOF,0.030861974697025233,0.03220302094120134,0.9369350043617735
25663,LOF,0.04011262894664042,0.04281357989589049,0.917073791157469
25664,LOF,0.13672715603080288,0.056408398030699844,0.8068644459384973
25665,LOF,0.05493155037347913,0.029024018480490323,0.9160444311460306
25666,LOF,0.08879281546803171,0.0757625679617947,0.8354446165701735
25667,LOF,0.06265723577875125,0.04424134061654074,0.893101423604708
25668,LOF,0.03891718998760816,0.043068774472516676,0.9180140355398753
25669,LOF,0.0329508792985961,0.05185272694801809,0.9151963937533858
25670,LOF,0.1369025835556813,0.04247768684462211,0.8206197295996966
25671,LOF,0.09241993673842093,0.030168903493953285,0.8774111597676258
25672,LOF,0.05573709778760453,0.03967121631420149,0.9045916858981939
25673,LOF,0.07757730783391958,0.039386751191625644,0.8830359409744548
25674,LOF,0.06730481901790095,0.048364550188288336,0.8843306307938108
25675,LOF,0.10612978264278675,0.04592839528003766,0.8479418220771755
25676,LOF,0.018343255460656023,0.04824009130553142,0.9334166532338126
25677,LOF,0.026000857728304475,0.06353277721327986,0.9104663650584156
25678,LOF,0.17958577111542387,0.059230437689497324,0.7611837911950788
25679,LOF,0.1322270856138432,0.07185356272725678,0.7959193516589
25680,LOF,0.030030640872067506,0.10724779541434697,0.8627215637135855
25681,LOF,0.047220280331534935,0.09808587039228088,0.8546938492761841
25682,LOF,0.13860270085819906,0.06024640856809237,0.8011508905737086
25683,LOF,0.12799127411597488,0.07806343312474151,0.7939452927592837
25684,LOF,0.04001587065004172,0.06349169116681169,0.8964924381831466
25685,LOF,0.13092806208767596,0.04745557794665042,0.8216163599656736
25686,LOF,0.07420499652132123,0.08907130754239105,0.8367236959362878
25687,LOF,0.1086270060414845,0.07956867408738369,0.8118043198711318
25688,LOF,0.2929449435636855,0.0376104532403496,0.6694446031959649
25689,LOF,0.23115052769906666,0.04811559870089979,0.7207338736000336
25690,LOF,0.3433926817833293,0.033987096901766246,0.6226202213149044
25691,Neutral,0.6687449000050286,0.032049443384691505,0.29920565661027987
25692,LOF,0.2963368745087946,0.010226261232755609,0.6934368642584499
25693,LOF,0.04633854473916708,0.42983385527822093,0.523827599982612
25694,LOF,0.1260280215739441,0.021021621879792805,0.852950356546263
25695,LOF,0.12569815825948075,0.01694182229988204,0.8573600194406372
25696,LOF,0.12751899542097883,0.010211558591297363,0.8622694459877237
25697,LOF,0.12533735632713502,0.02572156759768681,0.8489410760751781
25698,LOF,0.3532464708197434,0.2453216245580848,0.4014319046221719
25699,LOF,0.3998306032759797,0.046747448080033394,0.553421948643987
25700,LOF,0.0469507496561249,0.010547632297380245,0.9425016180464949
25701,LOF,0.16801657278651058,0.061211063571421434,0.7707723636420679
25702,GOF,0.18685488591470062,0.5528208996276258,0.26032421445767356
25703,LOF,0.015413446028155104,0.15184609272409152,0.8327404612477534
25704,LOF,0.04724052227415555,0.10912588063307006,0.8436335970927744
25705,LOF,0.0576300032910692,0.17984433923685395,0.7625256574720769
25706,LOF,0.09344467861861726,0.3765948264206925,0.5299604949606903
25707,LOF,0.08535209299067788,0.2786668951552048,0.6359810118541173
25708,LOF,0.029184638470448884,0.2744286809699912,0.69638668055956
25709,LOF,0.05354179918039204,0.04105707354614293,0.905401127273465
25710,LOF,0.012021002079650824,0.12091612140029796,0.8670628765200511
25711,LOF,0.01874309985343907,0.08597488983526384,0.8952820103112971
25712,LOF,0.013807686590317876,0.1759559089466078,0.8102364044630743
25713,LOF,0.018384883507010095,0.07431926843372985,0.90729584805926
25714,LOF,0.06481039816573912,0.07552977512361209,0.8596598267106488
25715,LOF,0.010394285602987321,0.13098940473436582,0.8586163096626469
25716,LOF,0.01347465140656405,0.1121604290539555,0.8743649195394804
25717,LOF,0.013778782147807887,0.07437835067694404,0.911842867175248
25718,LOF,0.011667378083271035,0.10109385203683728,0.8872387698798918
25719,LOF,0.018581591409474203,0.07718160206974722,0.9042368065207785
25720,LOF,0.021995582127895992,0.06588156886371734,0.9121228490083867
25721,LOF,0.015488261609276383,0.10204620433143785,0.8824655340592858
25722,LOF,0.013558809621767295,0.11542844709167265,0.8710127432865601
25723,LOF,0.0221177205008991,0.0447953157109234,0.9330869637881775
25724,LOF,0.023640907955363517,0.07921455641820471,0.8971445356264318
25725,LOF,0.011666575723331844,0.06968727825681365,0.9186461460198544
25726,LOF,0.014400203137487947,0.09718676967295768,0.8884130271895543
25727,LOF,0.012961987436613129,0.07984743513853729,0.9071905774248495
25728,LOF,0.009798201576634937,0.10348486667175641,0.8867169317516086
25729,LOF,0.010040942757321251,0.10408733184512646,0.8858717253975523
25730,LOF,0.01349622424545229,0.07637761873025238,0.9101261570242953
25731,LOF,0.022041460347215828,0.10364502642880627,0.8743135132239779
25732,LOF,0.014485238747749402,0.0825367315119035,0.9029780297403471
25733,LOF,0.016128101178145702,0.07095788608162255,0.9129140127402318
25734,LOF,0.013099164780355929,0.11205625477048167,0.8748445804491625
25735,LOF,0.013361238543578065,0.07874939309556606,0.9078893683608558
25736,LOF,0.013739211728041573,0.10124680142585797,0.8850139868461006
25737,LOF,0.020090592621273985,0.07851222676666027,0.9013971806120658
25738,LOF,0.013061035591929313,0.10796438314794321,0.8789745812601275
25739,LOF,0.01884461391604368,0.08133853972371503,0.8998168463602413
25740,LOF,0.026062854645678948,0.09578924819738675,0.8781478971569343
25741,LOF,0.014501366709184253,0.0991796288247358,0.8863190044660799
25742,LOF,0.11272302983494531,0.07451837123774584,0.812758598927309
25743,LOF,0.03838488737474247,0.03064692216676271,0.9309681904584949
25744,Neutral,0.5613439984688885,0.22051023406433892,0.21814576746677258
25745,LOF,0.08589929191201925,0.06166513066972198,0.8524355774182588
25746,LOF,0.041407562205989346,0.07150121184392354,0.8870912259500872
25747,LOF,0.023071419582563542,0.03483110664285469,0.9420974737745819
25748,LOF,0.11103373914530251,0.051979233645778555,0.8369870272089188
25749,LOF,0.0267480343441684,0.0730957170051888,0.9001562486506427
25750,LOF,0.08166012286152752,0.07290803980508445,0.845431837333388
25751,LOF,0.10011565018491107,0.04919172763036327,0.8506926221847257
25752,GOF,0.10407282431669328,0.6847654957797333,0.2111616799035734
25753,LOF,0.019776651209577722,0.26903346039830395,0.7111898883921183
25754,GOF,0.010223225981679957,0.7839394208721939,0.20583735314612608
25755,LOF,0.022034876649221435,0.4017275057325109,0.5762376176182676
25756,LOF,0.04020883630673837,0.37143016480388535,0.5883609988893763
25757,GOF,0.014045357422256839,0.8551566137575525,0.13079802882019068
25758,GOF,0.027900745446529356,0.8264130613322258,0.1456861932212448
25759,GOF,0.012158667314653737,0.5384396188646675,0.44940171382067867
25760,LOF,0.012990707451980712,0.22667074552633268,0.7603385470216866
25761,GOF,0.2918235275388603,0.6096379631541938,0.0985385093069458
25762,LOF,0.03613131331842181,0.2661492788852056,0.6977194077963726
25763,LOF,0.013672597124009955,0.18868211557173745,0.7976452873042527
25764,GOF,0.07545742796012396,0.6314654422166932,0.2930771298231828
25765,GOF,0.042862320017743476,0.7608122309788967,0.19632544900335985
25766,GOF,0.05687915834161583,0.7878146522410614,0.1553061894173229
25767,GOF,0.18935942799141625,0.445873291967981,0.36476728004060277
25768,LOF,0.09363247476002005,0.06417416070256877,0.8421933645374112
25769,LOF,0.06784902555856977,0.05652119071629221,0.875629783725138
25770,LOF,0.2721686612529368,0.08313018413304171,0.6447011546140214
25771,LOF,0.04225161079857333,0.04180708578983662,0.9159413034115902
25772,LOF,0.016178989060840313,0.03068927800549091,0.9531317329336687
25773,LOF,0.04326649378337333,0.0799365202880331,0.8767969859285936
25774,LOF,0.02775846968522876,0.07239425877188925,0.899847271542882
25775,LOF,0.04198096711035315,0.045577545358739154,0.9124414875309078
25776,LOF,0.07052837975526187,0.024496602810653578,0.9049750174340846
25777,LOF,0.3326590057703285,0.049075296114956535,0.6182656981147149
25778,LOF,0.05961008005868043,0.04648406574260212,0.8939058541987175
25779,GOF,0.35621159005825664,0.595746985967052,0.04804142397469129
25780,GOF,0.2925575280547919,0.6230014449599351,0.084441026985273
25781,GOF,0.12788801690308924,0.7561218987899204,0.11599008430699032
25782,GOF,0.18511609534055243,0.7347047626297135,0.08017914202973393
25783,GOF,0.029748697243903447,0.6271616062559368,0.3430896965001598
25784,GOF,0.47271190419941267,0.4819553639609684,0.04533273183961894
25785,GOF,0.3695501162386255,0.5830057351809687,0.04744414858040576
25786,GOF,0.024243566104043483,0.7487590966131112,0.22699733728284532
25787,Neutral,0.6355098574170925,0.3403400532286425,0.024150089354265
25788,LOF,0.04838806152740881,0.11070798190457264,0.8409039565680186
25789,GOF,0.1747982425086971,0.6734681334792028,0.15173362401210014
25790,GOF,0.1893906726177558,0.7061984364770832,0.10441089090516087
25791,GOF,0.11708275169282076,0.6962367521360218,0.18668049617115742
25792,GOF,0.2785584102911884,0.5785018651771744,0.14293972453163725
25793,GOF,0.25159396159661956,0.5617483939331761,0.18665764447020433
25794,GOF,0.29641432937758927,0.5270198078271109,0.17656586279529987
25795,GOF,0.07499764201704594,0.7069529873971614,0.21804937058579274
25796,Neutral,0.5236636485491281,0.394835352470755,0.08150099898011691
25797,GOF,0.09580438025290644,0.5468745777686312,0.3573210419784624
25798,GOF,0.00953861448644641,0.5029976225684833,0.4874637629450702
25799,LOF,0.006738748332331823,0.4023190488901828,0.5909422027774854
25800,GOF,0.031828176763926824,0.5865366621181457,0.3816351611179275
25801,GOF,0.17100953974673447,0.6922911561762976,0.1366993040769681
25802,GOF,0.06837890594260802,0.7085976742976824,0.22302341975970963
25803,GOF,0.034591113902522244,0.5711323921706337,0.39427649392684394
25804,LOF,0.03193663922276174,0.48389080265367523,0.4841725581235631
25805,GOF,0.08870207899131295,0.593496944390924,0.3178009766177629
25806,GOF,0.09130709630314558,0.58759426501423,0.3210986386826246
25807,GOF,0.020574336681209535,0.623888472569481,0.35553719074930956
25808,GOF,0.07714718209610326,0.6362965523307523,0.28655626557314434
25809,GOF,0.016467761850472343,0.5649477795289838,0.418584458620544
25810,GOF,0.014974227686638038,0.6004342443549444,0.3845915279584176
25811,GOF,0.43463118713511156,0.48288130880380575,0.08248750406108259
25812,GOF,0.03012930437793834,0.6116045732468545,0.35826612237520716
25813,Neutral,0.5009919827891451,0.39258589609445477,0.10642212111640008
25814,GOF,0.1003032519138156,0.6304728683711747,0.26922387971500966
25815,GOF,0.1815591506286822,0.6120068857933614,0.20643396357795646
25816,GOF,0.02448828103625082,0.7225349361066248,0.2529767828571243
25817,GOF,0.23310046988641323,0.6183788592147418,0.14852067089884505
25818,GOF,0.05016768291396763,0.6713717346959444,0.27846058239008803
25819,GOF,0.3408860955081001,0.5129986541786136,0.1461152503132863
25820,GOF,0.16183331240777757,0.6128331102322261,0.22533357735999632
25821,GOF,0.05570003116532723,0.6612450718579422,0.28305489697673053
25822,GOF,0.1960811503463538,0.5766071999053402,0.227311649748306
25823,GOF,0.03212426158540826,0.5288982142540045,0.4389775241605871
25824,GOF,0.08967504257668843,0.599549487052486,0.3107754703708255
25825,GOF,0.03583691371949109,0.5922880410882437,0.3718750451922652
25826,GOF,0.015573016209534146,0.5811300627613247,0.4032969210291412
25827,GOF,0.025160888956845203,0.590070165594536,0.38476894544861884
25828,GOF,0.01378241358102352,0.5164333102608759,0.46978427615810053
25829,GOF,0.00567695873259553,0.5632209359009424,0.43110210536646204
25830,LOF,0.03520475745642799,0.2707622576147173,0.6940329849288547
25831,GOF,0.23715664464551042,0.6397168075212889,0.12312654783320076
25832,GOF,0.027206558089600874,0.7141156097296849,0.25867783218071416
25833,GOF,0.1036736266376797,0.738316282868432,0.15801009049388826
25834,GOF,0.02782492252024713,0.7295820839198822,0.24259299355987057
25835,GOF,0.05833312659067144,0.7662772823990381,0.1753895910102903
25836,GOF,0.029028142355301854,0.6796981782635896,0.29127367938110865
25837,GOF,0.02463033362532712,0.5961848673350426,0.3791847990396302
25838,GOF,0.07982080814682062,0.7629472480923462,0.15723194376083324
25839,GOF,0.2813932655193563,0.5764575380957726,0.1421491963848711
25840,GOF,0.2456442382070616,0.6212439935902239,0.1331117682027146
25841,GOF,0.2366700877374885,0.632715511502114,0.13061440076039751
25842,GOF,0.12186255316141338,0.7571451988652159,0.12099224797337066
25843,GOF,0.1790973413170407,0.7314119115010675,0.08949074718189166
25844,GOF,0.05707619500311788,0.7473909963101274,0.19553280868675454
25845,GOF,0.014960429419888894,0.5410444174632248,0.4439951531168862
25846,GOF,0.11081065866545049,0.7617864361558673,0.12740290517868222
25847,GOF,0.07957335317566966,0.8230389113088875,0.0973877355154429
25848,GOF,0.03306517731967332,0.7154255432228086,0.2515092794575181
25849,GOF,0.009589344146917157,0.6014964914693032,0.3889141643837795
25850,GOF,0.019987284413375748,0.6661960645458772,0.3138166510407471
25851,GOF,0.015452005919723663,0.5498828997102267,0.4346650943700496
25852,GOF,0.15083771646312427,0.5724274105071855,0.2767348730296902
25853,GOF,0.31922225359905043,0.5982536359499148,0.0825241104510348
25854,GOF,0.02055916462291572,0.6229024417651308,0.3565383936119534
25855,GOF,0.03489795210248301,0.5691428626444147,0.3959591852531022
25856,GOF,0.22944744040038043,0.5625207968887801,0.2080317627108395
25857,GOF,0.04105395828451759,0.5105977078822393,0.448348333833243
25858,GOF,0.02196238257150241,0.5270623181092863,0.45097529931921126
25859,GOF,0.011237193620602035,0.505219330836484,0.4835434755429141
25860,GOF,0.36716358869448285,0.5526095882077169,0.08022682309780027
25861,GOF,0.4301205401554409,0.5014164719920792,0.06846298785247994
25862,GOF,0.07625888211252695,0.7767709887291127,0.14697012915836039
25863,GOF,0.07467448649575008,0.780802505814847,0.14452300768940288
25864,GOF,0.17364986326933485,0.7542155156496612,0.0721346210810041
25865,GOF,0.07687066578059344,0.8059263556197794,0.11720297859962696
25866,GOF,0.05259129454141073,0.7895813127546499,0.15782739270393936
25867,GOF,0.07497216115673065,0.8222777239411925,0.10275011490207688
25868,GOF,0.25450637516290586,0.6457369718060719,0.09975665303102212
25869,Neutral,0.7085876338900001,0.24641557771052786,0.04499678839947198
25870,GOF,0.28163420883359636,0.4080217516627196,0.3103440395036841
25871,GOF,0.20326250586067277,0.663475985538873,0.13326150860045427
25872,GOF,0.06423677022501052,0.6856077795285092,0.25015545024648034
25873,GOF,0.09676838503669652,0.7169869561272589,0.1862446588360446
25874,LOF,0.013915870594574064,0.11605485162903163,0.8700292777763944
25875,LOF,0.092528103644554,0.0419141212456,0.8655577751098461
25876,LOF,0.03613575920904901,0.02720930046201042,0.9366549403289406
25877,LOF,0.46575275234028574,0.03977006620609177,0.49447718145362246
25878,LOF,0.22768177759464459,0.08347681226800725,0.6888414101373481
25879,LOF,0.08647139542006425,0.079610760758146,0.8339178438217898
25880,LOF,0.04058075550631455,0.01343593816112097,0.9459833063325646
25881,LOF,0.1633139160509133,0.13277278856681207,0.7039132953822747
25882,LOF,0.06286667028104966,0.01639676352230636,0.920736566196644
25883,LOF,0.06417161173945105,0.020045422656234827,0.9157829656043143
25884,LOF,0.03011576091516062,0.031253798077626245,0.938630441007213
25885,LOF,0.0594280162376267,0.011627705989518842,0.9289442777728544
25886,LOF,0.2636841440122851,0.03922441807795616,0.6970914379097588
25887,LOF,0.1453097128808882,0.06945289565017652,0.7852373914689353
25888,LOF,0.05843948240702151,0.06077761254275609,0.8807829050502225
25889,LOF,0.039943258022465185,0.02173345285399419,0.9383232891235407
25890,LOF,0.04811262810005357,0.14272505249241013,0.8091623194075364
25891,LOF,0.03768259037456195,0.05301381069284579,0.9093035989325922
25892,LOF,0.07870126976636778,0.02506727461003424,0.896231455623598
25893,LOF,0.23048674083607557,0.021184064774274553,0.7483291943896498
25894,LOF,0.17428475197725893,0.013004530716550299,0.8127107173061908
25895,LOF,0.18408721248253104,0.024403226467938483,0.7915095610495305
25896,LOF,0.05064613847754233,0.02645172789713704,0.9229021336253206
25897,LOF,0.25466942907884144,0.015081344776641005,0.7302492261445175
25898,Neutral,0.6922840458662366,0.011121559877695647,0.2965943942560677
25899,LOF,0.2151327467225008,0.022793360420792462,0.7620738928567067
25900,LOF,0.4554528202436329,0.014347264249948184,0.530199915506419
25901,LOF,0.05633791298032566,0.01202418661435508,0.9316379004053191
25902,LOF,0.17069263989175976,0.015100604859332008,0.8142067552489082
25903,Neutral,0.591473485625642,0.03199738580035185,0.3765291285740062
25904,LOF,0.3277531108689592,0.04788168325924737,0.6243652058717933
25905,LOF,0.02763401685582465,0.34087597525817365,0.6314900078860016
25906,LOF,0.029888228768014346,0.09625179007438506,0.8738599811576007
25907,LOF,0.013608565471423363,0.32319093288348927,0.6632005016450874
25908,LOF,0.009321571727011407,0.2570644886676684,0.7336139396053202
25909,LOF,0.01234374857553142,0.13928240155908325,0.8483738498653852
25910,LOF,0.051344909521548236,0.13942633776237157,0.8092287527160802
25911,LOF,0.17927375272760862,0.02578484732994806,0.7949413999424433
25912,LOF,0.04313491632063705,0.0463431454771793,0.9105219382021836
25913,LOF,0.34543212674331175,0.020741505192671452,0.6338263680640168
25914,LOF,0.021763496770271014,0.048943998593523615,0.9292925046362053
25915,Neutral,0.5789902308597447,0.1326247425703543,0.28838502656990106
25916,LOF,0.07777997369520419,0.19303836175990619,0.7291816645448896
25917,LOF,0.0675609484892128,0.03823530845129613,0.894203743059491
25918,LOF,0.023510874545337002,0.028942171508417564,0.9475469539462456
25919,LOF,0.02094318361743954,0.03143900715786271,0.9476178092246978
25920,GOF,0.10916932956040301,0.5009498189461739,0.38988085149342316
25921,LOF,0.02621893052383275,0.03440770263630848,0.9393733668398587
25922,LOF,0.03671115908160294,0.027464634601398523,0.9358242063169985
25923,LOF,0.4750646439093453,0.03517455004696703,0.4897608060436876
25924,LOF,0.03915556808455703,0.043977396293289985,0.9168670356221529
25925,LOF,0.07573938258528178,0.04324806439372141,0.8810125530209968
25926,LOF,0.05386692670582554,0.03630551570532421,0.9098275575888501
25927,LOF,0.060730400244630514,0.13919131184838326,0.8000782879069862
25928,LOF,0.019710577182763055,0.04957857809443367,0.9307108447228032
25929,Neutral,0.6029998886110016,0.03738242459199418,0.3596176867970042
25930,LOF,0.07338582093018206,0.03187804933593129,0.8947361297338866
25931,LOF,0.02530801796597501,0.03248459156460158,0.9422073904694235
25932,LOF,0.02922349008493767,0.02823641644739308,0.9425400934676693
25933,LOF,0.04025844152299726,0.01726187049503335,0.9424796879819695
25934,LOF,0.0253231092114699,0.020545306825585363,0.9541315839629448
25935,LOF,0.06157902081922173,0.05413735560496025,0.884283623575818
25936,LOF,0.04401944358450343,0.025286116565685992,0.9306944398498106
25937,LOF,0.028706997021828256,0.03671354481906009,0.9345794581591116
25938,LOF,0.06593667760902325,0.05521673404180756,0.8788465883491692
25939,LOF,0.042706260024962785,0.020475398883229416,0.9368183410918077
25940,LOF,0.036824699719386976,0.3534927064570698,0.6096825938235433
25941,LOF,0.19675066032571162,0.09409669247796688,0.7091526471963215
25942,LOF,0.012660084780743963,0.03594488297998479,0.9513950322392712
25943,LOF,0.31011833791558735,0.06228851508905787,0.6275931469953547
25944,Neutral,0.49938906611397743,0.022600685178410546,0.478010248707612
25945,LOF,0.07194503939957662,0.0193399783593035,0.9087149822411198
25946,LOF,0.03269345944272386,0.10228378213099182,0.8650227584262843
25947,LOF,0.11372562580527693,0.16689746558394664,0.7193769086107765
25948,LOF,0.35814350637897086,0.008107839559248408,0.6337486540617807
25949,LOF,0.1233461427694296,0.037147331318702737,0.8395065259118677
25950,Neutral,0.34244642167929773,0.3356797664537418,0.32187381186696046
25951,LOF,0.1932208747867471,0.26777713084622035,0.5390019943670326
25952,GOF,0.04914355647795536,0.5021598484587207,0.4486965950633239
25953,LOF,0.16124188119194208,0.11359519519717552,0.7251629236108824
25954,Neutral,0.4280607948701726,0.18402393418580879,0.3879152709440185
25955,LOF,0.06811453987268136,0.08440231473695943,0.8474831453903593
25956,LOF,0.17027621588719138,0.10808570444893346,0.7216380796638752
25957,LOF,0.0340575057796751,0.028396992022056092,0.9375455021982688
25958,LOF,0.05397012687915828,0.0258899311649707,0.9201399419558711
25959,LOF,0.07315628023199545,0.33052219328371807,0.5963215264842864
25960,LOF,0.014681904072977321,0.05412348716143645,0.9311946087655862
25961,LOF,0.04071999499036416,0.025655299230109854,0.9336247057795259
25962,LOF,0.05406307841972322,0.033365834648660504,0.9125710869316163
25963,LOF,0.0431928350850574,0.21184159922417406,0.7449655656907685
25964,LOF,0.031193535672082332,0.15347392185597641,0.8153325424719412
25965,LOF,0.44506978669439645,0.06016684868904754,0.494763364616556
25966,Neutral,0.5143193357922049,0.1736144086801413,0.3120662555276539
25967,LOF,0.017044097422524863,0.11503901722207557,0.8679168853553997
25968,LOF,0.03189371098419504,0.3693998562470668,0.5987064327687383
25969,LOF,0.03550949496622193,0.06944531154358029,0.8950451934901978
25970,LOF,0.05559232158264092,0.06362037702845909,0.8807873013889
25971,LOF,0.0623249502887795,0.023429757281899947,0.9142452924293206
25972,LOF,0.06331223978256954,0.03524575808309516,0.9014420021343353
25973,LOF,0.07337158659413956,0.011206683467853857,0.9154217299380066
25974,LOF,0.17713894882376696,0.014810541159055819,0.8080505100171772
25975,LOF,0.04420328988505365,0.026773523583194115,0.9290231865317522
25976,LOF,0.043600895489881324,0.01598075362928713,0.9404183508808316
25977,LOF,0.16235481854502404,0.08484552244809855,0.7527996590068775
25978,LOF,0.14214978987702356,0.10096161100903883,0.7568885991139376
25979,LOF,0.12973421968869375,0.1036676692886113,0.7665981110226948
25980,LOF,0.2197799834310228,0.1231162136489878,0.6571038029199893
25981,LOF,0.2504541785144589,0.12165902355482341,0.6278867979307177
25982,LOF,0.40056543439752956,0.08812059248778872,0.5113139731146817
25983,LOF,0.38441821455856795,0.0996632764769389,0.5159185089644931
25984,LOF,0.046293156423849506,0.049480393190281045,0.9042264503858695
25985,LOF,0.0399088310588802,0.26979819749853223,0.6902929714425876
25986,LOF,0.04590482604324673,0.32916873470740543,0.6249264392493478
25987,LOF,0.08603351661032614,0.0661969004917944,0.8477695828978794
25988,LOF,0.1648418269220267,0.059793477869019916,0.7753646952089533
25989,LOF,0.03732957680363341,0.11351581273528329,0.8491546104610833
25990,LOF,0.04001340336767293,0.17072954713429236,0.7892570494980348
25991,LOF,0.143987256232117,0.24979201096171158,0.6062207328061714
25992,LOF,0.30879694035418,0.1418744828229629,0.5493285768228571
25993,LOF,0.0228108014092493,0.08033632343161039,0.8968528751591404
25994,LOF,0.019109016694046542,0.08243622009345969,0.8984547632124938
25995,LOF,0.024855621053890706,0.17349697561278998,0.8016474033333193
25996,GOF,0.33305715401624314,0.38632437999940816,0.28061846598434875
25997,LOF,0.09054187648665837,0.3814105937160563,0.5280475297972854
25998,Neutral,0.5189241183026015,0.026826390064076697,0.4542494916333218
25999,LOF,0.09394538323998215,0.10077110344406955,0.8052835133159484
26000,LOF,0.13022676948468265,0.04593681714075661,0.8238364133745607
26001,LOF,0.20689872402279166,0.04988924129166339,0.7432120346855449
26002,LOF,0.11907187561794964,0.04308226117903381,0.8378458632030166
26003,GOF,0.010648300592332634,0.6082707094214219,0.3810809899862455
26004,GOF,0.022607949936392667,0.7158868442344448,0.2615052058291626
26005,LOF,0.0070686064320156314,0.46480320154204907,0.5281281920259352
26006,Neutral,0.5369016055797763,0.2647045532377115,0.19839384118251213
26007,GOF,0.024582477921199324,0.546074201959257,0.42934332011954357
26008,GOF,0.017985149674308445,0.6367569066408794,0.34525794368481216
26009,GOF,0.02003628612347123,0.6999101321219178,0.280053581754611
26010,GOF,0.02473358887807438,0.6582806330202486,0.316985778101677
26011,LOF,0.007032177553545875,0.43405201044154784,0.5589158120049063
26012,GOF,0.012640441467508043,0.5720495125331835,0.4153100459993084
26013,GOF,0.02013442761446701,0.6278919121145827,0.3519736602709504
26014,LOF,0.040456651052325744,0.11867193320310018,0.840871415744574
26015,LOF,0.14914054285688114,0.018391369394231777,0.832468087748887
26016,LOF,0.18898807266903475,0.06472695003306222,0.746284977297903
26017,LOF,0.1855219436520165,0.10235658703429648,0.7121214693136871
26018,LOF,0.07634751779793734,0.046994714653854255,0.8766577675482083
26019,LOF,0.07219822478229092,0.039305233133953045,0.8884965420837561
26020,LOF,0.06650507049253536,0.10507858045994391,0.8284163490475208
26021,LOF,0.04134582077465222,0.11328916994199706,0.8453650092833507
26022,LOF,0.011117637428709642,0.04526225119678895,0.9436201113745014
26023,LOF,0.06261132169145017,0.02994478675372975,0.90744389155482
26024,LOF,0.029517200605824176,0.11224613803122416,0.8582366613629517
26025,LOF,0.1416037303929663,0.09297381903543772,0.7654224505715959
26026,LOF,0.3098531554905077,0.028871580818545763,0.6612752636909466
26027,LOF,0.055836340953271266,0.022957932124408758,0.92120572692232
26028,LOF,0.16420136464440394,0.06271719533799028,0.7730814400176059
26029,LOF,0.07719804859340766,0.1370744484348402,0.7857275029717521
26030,LOF,0.023896769184539823,0.032870250367001606,0.9432329804484585
26031,LOF,0.027996655218953864,0.10771929417224378,0.8642840506088023
26032,LOF,0.06982738970971655,0.04895138652532194,0.8812212237649615
26033,LOF,0.0936848005457913,0.045677315512349256,0.8606378839418595
26034,LOF,0.04537953989480276,0.12308108770486062,0.8315393724003367
26035,LOF,0.02753936688545256,0.11763472579093733,0.8548259073236101
26036,LOF,0.038894211168826354,0.1348597500498523,0.8262460387813213
26037,LOF,0.022489441419184998,0.09473757762880027,0.8827729809520147
26038,LOF,0.06575148413093759,0.050094503800178845,0.8841540120688836
26039,LOF,0.05126300661720143,0.11723304617431633,0.8315039472084822
26040,LOF,0.2274395257917206,0.08358243240069743,0.6889780418075819
26041,LOF,0.022249227792130552,0.0855479284923564,0.8922028437155132
26042,LOF,0.02002009050774495,0.08227248339304087,0.8977074260992142
26043,LOF,0.06777421499199066,0.056970013968524205,0.875255771039485
26044,LOF,0.02052504678837765,0.04017037903313467,0.9393045741784878
26045,LOF,0.07766341245291056,0.07456065939655361,0.8477759281505358
26046,LOF,0.061520136774158116,0.04692803191421265,0.8915518313116292
26047,LOF,0.08439281057838216,0.04858058048444104,0.8670266089371768
26048,LOF,0.046407607265129484,0.028721065882544,0.9248713268523265
26049,Neutral,0.968931264323342,0.005150013284014031,0.025918722392643957
26050,Neutral,0.9554945281834111,0.006517729295584518,0.037987742521004265
26051,LOF,0.05155335525245899,0.26060173909906054,0.6878449056484806
26052,LOF,0.05937232000294874,0.3032317885447281,0.6373958914523231
26053,LOF,0.060344550970073345,0.14962715362916673,0.7900282954007599
26054,LOF,0.0511093615229221,0.0183768897437174,0.9305137487333606
26055,LOF,0.07133944034703091,0.017614648340996818,0.9110459113119722
26056,LOF,0.06096650499453923,0.019776904685690728,0.91925659031977
26057,LOF,0.03167820722338629,0.012304137851450911,0.9560176549251628
26058,LOF,0.03232503928826784,0.010137834740356927,0.9575371259713752
26059,LOF,0.27599678814458656,0.023391161924048977,0.7006120499313645
26060,LOF,0.04392285650692521,0.17145647748300505,0.7846206660100696
26061,LOF,0.015046529641172193,0.013044086869763445,0.9719093834890643
26062,LOF,0.009685461144095185,0.018741221841306423,0.9715733170145984
26063,LOF,0.01993874290404048,0.010158982890648314,0.9699022742053113
26064,LOF,0.01900045384285222,0.02470165073675516,0.9562978954203926
26065,LOF,0.023914197128566725,0.010695244233364072,0.9653905586380693
26066,LOF,0.019619266826052008,0.010585905145455642,0.9697948280284923
26067,LOF,0.02694241236215177,0.008056843063862408,0.9650007445739858
26068,LOF,0.043632861267550185,0.03087622785353931,0.9254909108789106
26069,LOF,0.2573121526648725,0.0201555755254712,0.7225322718096563
26070,LOF,0.4010209663612876,0.01597351200958637,0.583005521629126
26071,LOF,0.019794312898984104,0.011258075672083588,0.9689476114289323
26072,LOF,0.017144704403388018,0.021363751908659207,0.9614915436879528
26073,LOF,0.019818320583569853,0.014611977212479248,0.9655697022039509
26074,Neutral,0.920745496090274,0.00564708650506761,0.0736074174046583
26075,LOF,0.04655120312867812,0.014597391890571087,0.9388514049807507
26076,LOF,0.03741891248903281,0.008222908314049948,0.9543581791969172
26077,LOF,0.009115438566573058,0.01306431962241959,0.9778202418110075
26078,LOF,0.014347742576664647,0.011919899395572342,0.973732358027763
26079,LOF,0.0617898684734918,0.01700585719362792,0.9212042743328802
26080,LOF,0.06081773496734526,0.017020509903859206,0.9221617551287956
26081,LOF,0.03540971480317443,0.006393310477586634,0.9581969747192389
26082,LOF,0.012433028369640126,0.01393501171937896,0.973631959910981
26083,LOF,0.1815346867156394,0.015160667422600933,0.8033046458617598
26084,LOF,0.04179859122819535,0.012455275581421564,0.945746133190383
26085,LOF,0.03634498836781363,0.01204329518300818,0.9516117164491782
26086,LOF,0.02087210292073211,0.010807200341919133,0.9683206967373488
26087,LOF,0.023027545954533907,0.00836750333659731,0.9686049507088689
26088,LOF,0.014997421886876626,0.023117759879496925,0.9618848182336264
26089,LOF,0.042267051949045314,0.02248923000970325,0.9352437180412515
26090,LOF,0.04153726520268687,0.018567756521909992,0.9398949782754031
26091,LOF,0.03274490888465859,0.006471654571818863,0.9607834365435225
26092,LOF,0.021717370210668437,0.007760966336684722,0.9705216634526468
26093,LOF,0.03232044977953874,0.006214496055640405,0.9614650541648209
26094,LOF,0.032934547661248884,0.006117709058749222,0.960947743280002
26095,LOF,0.03561770118198485,0.015557612028630586,0.9488246867893845
26096,LOF,0.01622845685786062,0.011859108738778847,0.9719124344033606
26097,LOF,0.011919474557126757,0.03713476653838475,0.9509457589044885
26098,LOF,0.07852710104494558,0.012772874981393132,0.9087000239736613
26099,LOF,0.01999138631922015,0.01264854092226976,0.96736007275851
26100,LOF,0.022097670279915604,0.012048272514269836,0.9658540572058146
26101,LOF,0.04537336034464496,0.018009594446677678,0.9366170452086774
26102,LOF,0.01966972033572991,0.014314412226048966,0.9660158674382211
26103,Neutral,0.8799568337746126,0.019216572523741787,0.10082659370164561
26104,LOF,0.07650817813955087,0.024256473784083698,0.8992353480763654
26105,LOF,0.21501606660009578,0.2572655580577548,0.5277183753421494
26106,LOF,0.16860290758560195,0.12127226079056966,0.7101248316238283
26107,LOF,0.2370376512039212,0.08489828711355954,0.6780640616825193
26108,LOF,0.2291418539951063,0.09410541692921862,0.676752729075675
26109,LOF,0.07851572185461825,0.06936754264157435,0.8521167355038074
26110,LOF,0.21763301186541512,0.006874665230554101,0.7754923229040308
26111,Neutral,0.520534519000662,0.026285670741408054,0.4531798102579299
26112,LOF,0.03414261068560322,0.006923996898655892,0.9589333924157408
26113,LOF,0.06439246993565476,0.015212767943168093,0.9203947621211771
26114,LOF,0.0245804214746743,0.028967344966329422,0.9464522335589962
26115,LOF,0.08216970417295094,0.05470989547683698,0.863120400350212
26116,LOF,0.0598916426107337,0.05965312792846128,0.880455229460805
26117,LOF,0.4562716707097113,0.04279108705864843,0.5009372422316403
26118,LOF,0.03405307616929567,0.022685231184068576,0.9432616926466357
26119,LOF,0.022289603018326266,0.03754256456456361,0.9401678324171102
26120,LOF,0.023798993465287466,0.018441614884875265,0.9577593916498373
26121,LOF,0.03724260623644759,0.09300451874551105,0.8697528750180414
26122,LOF,0.04186152884157614,0.037194012798154034,0.9209444583602698
