feature0,prediction,LoGoFunc_Neutral,LoGoFunc_GOF,LoGoFunc_LOF
25546,Neutral,0.5904084985519653,0.0640694194091268,0.3455220820389079
25547,Neutral,0.45292717001030086,0.10832867973406062,0.43874415025563845
25548,Neutral,0.4774009659522071,0.09370004266858,0.42889899137921295
25549,LOF,0.40974094974109576,0.09948228026091252,0.4907767699979916
25550,LOF,0.39129367415626815,0.10905344026937383,0.499652885574358
25551,LOF,0.3149332247780799,0.11119215438448114,0.573874620837439
25552,LOF,0.2783884572918675,0.13844411932320513,0.5831674233849273
25553,Neutral,0.7855510606854196,0.05401583373838068,0.16043310557619966
25554,LOF,0.3109100958680255,0.11687460263931686,0.5722153014926576
25555,LOF,0.2593064835227768,0.11454202015380682,0.6261514963234163
25556,LOF,0.44057988438222034,0.09761583572331223,0.4618042798944676
25557,LOF,0.24746423302364168,0.11086957549121625,0.6416661914851421
25558,LOF,0.30887738759944644,0.10918751059437025,0.5819351018061835
25559,LOF,0.26256882223130545,0.02933380327444442,0.70809737449425
25560,LOF,0.10677227116819321,0.13272355664538332,0.7605041721864234
25561,LOF,0.08156900526358876,0.23921210257177497,0.6792188921646363
25562,LOF,0.0462541458695499,0.10236660427931515,0.851379249851135
25563,LOF,0.007244001074550171,0.21742126255735936,0.7753347363680905
25564,LOF,0.08166066368537699,0.08073988501319361,0.8375994513014294
25565,LOF,0.19167543001978257,0.15282574563213772,0.6554988243480798
25566,GOF,0.07300851985470237,0.738145476611894,0.18884600353340372
25567,LOF,0.0487719151722968,0.11331583128122606,0.8379122535464771
25568,LOF,0.0721362251733887,0.0930706311845286,0.8347931436420827
25569,LOF,0.07485636390089377,0.07785277929768178,0.8472908568014245
25570,LOF,0.029749797627210067,0.09721007427563085,0.873040128097159
25571,LOF,0.029248762689040374,0.10164747847351531,0.8691037588374444
25572,LOF,0.061469323655318216,0.13484316884139866,0.8036875075032831
25573,LOF,0.0782391780150403,0.10958718173725014,0.8121736402477097
25574,LOF,0.09877640551806906,0.21027074307149082,0.69095285141044
25575,LOF,0.02996203232995466,0.1226159762035054,0.84742199146654
25576,LOF,0.031016650374415027,0.18382479030257445,0.7851585593230105
25577,LOF,0.03643022813602263,0.12745196139100365,0.8361178104729736
25578,LOF,0.32345792505326715,0.07270442895108854,0.6038376459956443
25579,LOF,0.22885077794383166,0.07720525843359083,0.6939439636225775
25580,LOF,0.029314193691747318,0.07340442468251279,0.8972813816257399
25581,LOF,0.04653811085814693,0.09766520718426433,0.8557966819575887
25582,LOF,0.04653811085814693,0.09766520718426433,0.8557966819575887
25583,LOF,0.03790999599805529,0.08263078356204072,0.879459220439904
25584,Neutral,0.7607132542246094,0.07736945353172368,0.1619172922436669
25585,LOF,0.02729443775738632,0.13179295772959543,0.8409126045130182
25586,LOF,0.026584377286850744,0.09007324868380871,0.8833423740293406
25587,LOF,0.025472225611071656,0.09361258103770395,0.8809151933512245
25588,LOF,0.03188439556908192,0.07254348878655988,0.8955721156443582
25589,Neutral,0.647817334698633,0.1617919344358758,0.19039073086549121
25590,LOF,0.06934212303797999,0.10329860238472072,0.8273592745772993
25591,LOF,0.11744665981860579,0.07007342517662495,0.8124799150047693
25592,LOF,0.1080403997284713,0.16162066441946554,0.7303389358520632
25593,LOF,0.1718937228195408,0.2687613089877881,0.5593449681926711
25594,LOF,0.04200917862535958,0.058740375220431226,0.8992504461542092
25595,LOF,0.049479971481255644,0.023823487930331344,0.9266965405884131
25596,LOF,0.1267386242065325,0.012233783060039827,0.8610275927334277
25597,LOF,0.09874654900105055,0.011682766125661328,0.889570684873288
25598,LOF,0.0504296592980224,0.025326314573362072,0.9242440261286156
25599,LOF,0.028045819712789945,0.4820476699087935,0.48990651037841654
25600,LOF,0.1610295244055115,0.3774596625328537,0.46151081306163494
25601,LOF,0.045548541090184406,0.3071511939983842,0.6473002649114313
25602,LOF,0.027383740107585052,0.07124044771288354,0.9013758121795314
25603,LOF,0.06308796663895877,0.0475601800176848,0.8893518533433564
25604,LOF,0.05521789256153989,0.13949819263386073,0.8052839148045994
25605,LOF,0.054161058751702726,0.2073709097725894,0.7384680314757079
25606,Neutral,0.4572937840347926,0.20754189608660611,0.3351643198786013
25607,LOF,0.03861159376877294,0.17520536944157167,0.7861830367896555
25608,LOF,0.05958377775491064,0.10887811149732873,0.8315381107477606
25609,GOF,0.14694885869936636,0.5875478419550746,0.26550329934555905
25610,LOF,0.021745945511207,0.08004016301084774,0.8982138914779453
25611,LOF,0.015505848250779558,0.0785770346402831,0.9059171171089374
25612,LOF,0.06994262046753244,0.07775573101205005,0.8523016485204176
25613,LOF,0.06338336485488248,0.07582438912450835,0.8607922460206091
25614,LOF,0.026129599800647402,0.07418552924362688,0.8996848709557257
25615,LOF,0.06721873167905706,0.07804747931280345,0.8547337890081393
25616,LOF,0.0706720238965033,0.07324819288344675,0.8560797832200501
25617,LOF,0.0560287986834498,0.08522657289697089,0.8587446284195792
25618,LOF,0.06545832592044405,0.19099194211391185,0.7435497319656441
25619,LOF,0.01459217980128721,0.12319541123076146,0.8622124089679513
25620,LOF,0.05187536014583593,0.08371569477692925,0.8644089450772349
25621,LOF,0.09052291166412481,0.09607649998082873,0.8134005883550464
25622,LOF,0.10076172918647361,0.0829935363034472,0.8162447345100792
25623,LOF,0.09557610025644654,0.06875740212155604,0.8356664976219974
25624,LOF,0.023798369948172478,0.07784818290603793,0.8983534471457896
25625,LOF,0.08030610308714058,0.0866621898086634,0.8330317071041962
25626,LOF,0.06524323037938864,0.07560390988847061,0.8591528597321407
25627,Neutral,0.8734944689645192,0.03135722478408569,0.09514830625139523
25628,LOF,0.18423421486440242,0.07999393580230935,0.7357718493332882
25629,LOF,0.06428620495101386,0.07592037770619135,0.8597934173427948
25630,LOF,0.28024529821552036,0.09027356661133672,0.6294811351731429
25631,Neutral,0.4890383473756842,0.07270661692266811,0.4382550357016478
25632,LOF,0.02326991308904257,0.09575845006334903,0.8809716368476083
25633,LOF,0.17600933676188216,0.045203494579999406,0.7787871686581185
25634,LOF,0.04248830651414831,0.07629648647306742,0.8812152070127842
25635,LOF,0.0317235729524242,0.04810709306302638,0.9201693339845494
25636,GOF,0.028473045487576384,0.5756779347478383,0.3958490197645853
25637,GOF,0.027945748094162125,0.5193620500550724,0.45269220185076553
25638,GOF,0.01774524754504082,0.5245510782103199,0.45770367424463926
25639,LOF,0.021938955541420918,0.40213048579255917,0.5759305586660198
25640,Neutral,0.811731056892061,0.15080746576515072,0.03746147734278813
25641,LOF,0.14812266522177464,0.2450043631508653,0.6068729716273601
25642,LOF,0.12767868661443268,0.16330272079979907,0.7090185925857682
25643,LOF,0.4383755765767365,0.10193637798440751,0.45968804543885594
25644,GOF,0.008447581536854574,0.6489370292288817,0.3426153892342636
25645,GOF,0.00993863392058947,0.6243480143280508,0.3657133517513597
25646,LOF,0.016509343366452094,0.4448699540807576,0.5386207025527904
25647,LOF,0.008834613268623816,0.36412167653478367,0.6270437101965926
25648,LOF,0.011514139073342455,0.38321220513789617,0.6052736557887614
25649,LOF,0.00868312399205412,0.27766337158358917,0.7136535044243567
25650,GOF,0.024538692430270237,0.572074083557861,0.4033872240118687
25651,LOF,0.008836860789200384,0.3965459859432613,0.5946171532675383
25652,GOF,0.007366713243554441,0.5548842969002266,0.4377489898562189
25653,GOF,0.026645580516091918,0.6414986123243104,0.3318558071595977
25654,LOF,0.009276750222310674,0.4782439936214312,0.5124792561562581
25655,GOF,0.06224251410441137,0.7103737465071609,0.22738373938842774
25656,LOF,0.2015221053002052,0.15607904999494857,0.6423988447048463
25657,LOF,0.02482499828036849,0.16928542091958398,0.8058895808000476
25658,LOF,0.17177126461599507,0.211100192752783,0.617128542631222
25659,LOF,0.28823697464352444,0.28222113989750885,0.42954188545896677
25660,LOF,0.021131319791192496,0.20601178338037296,0.7728568968284345
25661,LOF,0.05378682644143571,0.14573925616520655,0.8004739173933577
25662,LOF,0.025108848759761705,0.09647926357608846,0.8784118876641498
25663,LOF,0.02909402120164737,0.08709692068879639,0.8838090581095562
25664,LOF,0.08387260126582684,0.15385238563076775,0.7622750131034053
25665,LOF,0.042927475537572424,0.07496250125105346,0.8821100232113741
25666,LOF,0.057708158001743524,0.1215700829374058,0.8207217590608507
25667,LOF,0.04814692625637079,0.11045265361128044,0.8414004201323488
25668,LOF,0.025798698660458176,0.1285548732163746,0.8456464281231673
25669,LOF,0.01852447620289676,0.11960641407363164,0.8618691097234715
25670,LOF,0.10042436942653,0.10288171683467227,0.7966939137387977
25671,LOF,0.07177403152198818,0.08813107189360445,0.8400948965844074
25672,LOF,0.03721872669610291,0.10897035444461232,0.8538109188592847
25673,LOF,0.06126046659668854,0.11756303288609543,0.821176500517216
25674,LOF,0.05742789254478741,0.14072744639838564,0.8018446610568271
25675,LOF,0.05464012046305139,0.15664847505092183,0.7887114044860267
25676,LOF,0.014456089322132102,0.13034544363367856,0.8551984670441892
25677,LOF,0.014871570446620495,0.1609272814503634,0.824201148103016
25678,LOF,0.1583910684272923,0.17519914473418077,0.6664097868385269
25679,LOF,0.09554465200288455,0.1786273548224372,0.7258279931746783
25680,LOF,0.019166939656570237,0.203582361293296,0.7772506990501338
25681,LOF,0.029662142278933233,0.18710856596800723,0.7832292917530596
25682,LOF,0.08599730059140676,0.14136643156095777,0.7726362678476355
25683,LOF,0.07787343958312523,0.18799339368345022,0.7341331667334245
25684,LOF,0.02183620594061157,0.13589083223309356,0.8422729618262949
25685,LOF,0.0964007274382554,0.18244920377042512,0.7211500687913195
25686,LOF,0.055370138782846606,0.26341441035645774,0.6812154508606957
25687,LOF,0.10582182297251984,0.2800293672035791,0.6141488098239011
25688,LOF,0.3951532905865752,0.02111309448450393,0.5837336149289208
25689,LOF,0.23475001511054633,0.022282531703789885,0.7429674531856637
25690,LOF,0.32094931044912434,0.02303195261762831,0.6560187369332474
25691,Neutral,0.716154592495036,0.021354572895623057,0.2624908346093408
25692,LOF,0.3048728142478519,0.011354816537200966,0.6837723692149472
25693,LOF,0.055028427189050315,0.3810699105059397,0.56390166230501
25694,LOF,0.11507904042206829,0.013571942604483226,0.8713490169734485
25695,LOF,0.11961617423856863,0.007982875089787695,0.8724009506716436
25696,LOF,0.11169148705766543,0.022272277678221698,0.866036235264113
25697,LOF,0.04834304983157289,0.06572767956060796,0.8859292706078191
25698,LOF,0.2863560702070726,0.1424375832205016,0.5712063465724257
25699,LOF,0.3948596064436057,0.06416444384666403,0.5409759497097303
25700,LOF,0.0615796345740778,0.013831903685231666,0.9245884617406905
25701,LOF,0.17077235348836783,0.061307582412163754,0.7679200640994683
25702,GOF,0.2197822063430185,0.6930837150686925,0.087134078588289
25703,LOF,0.02067214011392392,0.31238598762112185,0.6669418722649542
25704,LOF,0.032901487215501415,0.24859051713620514,0.7185079956482935
25705,LOF,0.02620170608361066,0.14249031207205576,0.8313079818443335
25706,GOF,0.1095397063147822,0.45322610442848354,0.4372341892567342
25707,LOF,0.10737587360033182,0.38956389503547945,0.5030602313641888
25708,LOF,0.049632673146880094,0.4685693268238754,0.48179800002924433
25709,LOF,0.05877811040952792,0.09777135887401678,0.8434505307164554
25710,LOF,0.018491731831201882,0.19836239431347885,0.7831458738553193
25711,LOF,0.016187494226972247,0.14292043344141253,0.8408920723316151
25712,LOF,0.018370190414178707,0.24420672226308468,0.7374230873227366
25713,LOF,0.01547949830318595,0.1360989673095076,0.8484215343873065
25714,LOF,0.05784766209438317,0.13460929999919877,0.807543037906418
25715,LOF,0.009488821279168719,0.19763535164365406,0.7928758270771773
25716,LOF,0.01256702644224852,0.19569887941225922,0.7917340941454923
25717,LOF,0.01737474102019998,0.12491300910747799,0.8577122498723221
25718,LOF,0.009420281656373633,0.11346540247501702,0.8771143158686093
25719,LOF,0.02102652724558438,0.1496572650115581,0.8293162077428574
25720,LOF,0.026573494725262384,0.08407219568415,0.8893543095905876
25721,LOF,0.009625810779669071,0.19464993478144774,0.7957242544388833
25722,LOF,0.0108270620431702,0.16626438082188066,0.8229085571349491
25723,LOF,0.020527923629479295,0.11319030050198783,0.8662817758685327
25724,LOF,0.029550001748570223,0.2341703911501469,0.7362796071012828
25725,LOF,0.009401507753209228,0.16199190338700786,0.8286065888597829
25726,LOF,0.01415448006114453,0.24253668289141173,0.7433088370474438
25727,LOF,0.011646936774931272,0.15284501132280276,0.835508051902266
25728,LOF,0.009066359542689448,0.19563390591946916,0.7952997345378414
25729,LOF,0.009332662802603699,0.19304163685875927,0.797625700338637
25730,LOF,0.012471961681735711,0.190274671165736,0.7972533671525284
25731,LOF,0.019803445453668286,0.17237808501958185,0.8078184695267497
25732,LOF,0.01298924788758766,0.09466498947080142,0.8923457626416109
25733,LOF,0.013845667615704238,0.1087879189359826,0.8773664134483132
25734,LOF,0.014184974961552214,0.20365763729587913,0.7821573877425687
25735,LOF,0.009387743870621308,0.12495578068382847,0.8656564754455502
25736,LOF,0.010425863371800343,0.14060485289317107,0.8489692837350286
25737,LOF,0.011004204260104797,0.15096537093486406,0.8380304248050311
25738,LOF,0.010425223588314762,0.17782080135055728,0.811753975061128
25739,LOF,0.016470054422274196,0.13648393770732908,0.8470460078703967
25740,LOF,0.027511855687272085,0.18546572314870285,0.7870224211640251
25741,LOF,0.012180678217839068,0.1840289739906389,0.803790347791522
25742,LOF,0.09500456822249805,0.10960479614341806,0.7953906356340839
25743,LOF,0.049487996152983924,0.05039102627453551,0.9001209775724807
25744,Neutral,0.6708612373529408,0.14699164980726953,0.18214711283978957
25745,LOF,0.06524574877857449,0.08340275757825734,0.8513514936431682
25746,LOF,0.04307776100311901,0.10956170133150188,0.8473605376653791
25747,LOF,0.016225501481601613,0.1135222027346295,0.8702522957837688
25748,LOF,0.08324208049930848,0.1622974507818704,0.754460468718821
25749,LOF,0.030400819781871456,0.10841380100578477,0.8611853792123438
25750,LOF,0.06836781349461024,0.08653075801711896,0.8451014284882707
25751,LOF,0.09332482501096065,0.12341231014412848,0.7832628648449108
25752,GOF,0.12286341096776322,0.6800589949565143,0.19707759407572237
25753,LOF,0.0358773375799597,0.4161165973820009,0.5480060650380394
25754,GOF,0.027760485425981887,0.787666237444377,0.18457327712964097
25755,LOF,0.04381555851033787,0.3726407142828321,0.5835437272068301
25756,GOF,0.06911053582298152,0.5069921180504231,0.4238973461265953
25757,GOF,0.024006681713819367,0.8500176277221949,0.12597569056398578
25758,GOF,0.031754791061912715,0.8283539233117214,0.13989128562636588
25759,GOF,0.018841056398101855,0.7371782703581599,0.24398067324373832
25760,LOF,0.025626795106818298,0.46640253184103975,0.5079706730521419
25761,GOF,0.2811771119369837,0.6492093188663638,0.06961356919665244
25762,GOF,0.0547740222088128,0.4938022329009522,0.45142374489023496
25763,LOF,0.02097820821332572,0.36326175807774275,0.6157600337089316
25764,GOF,0.07036182688537751,0.7671539657105716,0.16248420740405073
25765,GOF,0.03742236471202301,0.8167009268205823,0.14587670846739473
25766,GOF,0.09860436174203054,0.7703157950410617,0.13107984321690758
25767,GOF,0.1022959324827704,0.5951966737390039,0.3025073937782257
25768,LOF,0.09025542981926434,0.04958761300192665,0.8601569571788091
25769,LOF,0.05090541002283139,0.06712546004074914,0.8819691299364195
25770,LOF,0.38527833206518286,0.068329309918132,0.5463923580166852
25771,LOF,0.05500934619724973,0.03866793980651853,0.9063227139962317
25772,LOF,0.01937435962720477,0.05825965592055985,0.9223659844522354
25773,LOF,0.05429881704592727,0.04385912651766468,0.9018420564364081
25774,LOF,0.02680355001065897,0.10201250823321133,0.8711839417561297
25775,LOF,0.06731020725398089,0.03251787128065865,0.9001719214653604
25776,LOF,0.07080024507282981,0.032610695810536154,0.896589059116634
25777,Neutral,0.5058620169409282,0.05909829871662063,0.43503968434245105
25778,LOF,0.05921955639027656,0.05047118232019062,0.8903092612895329
25779,GOF,0.41390325852477106,0.5039666482678832,0.08213009320734588
25780,GOF,0.3263332407060625,0.5190200278049207,0.1546467314890167
25781,GOF,0.1128441740268719,0.6690764413712363,0.21807938460189177
25782,GOF,0.1723314659014256,0.6447494425544641,0.18291909154411035
25783,GOF,0.023644438180957267,0.7216955198661893,0.2546600419528536
25784,Neutral,0.5629114047683272,0.3396233411010252,0.09746525413064758
25785,Neutral,0.5206900793963204,0.35998111841312486,0.11932880219055463
25786,GOF,0.022712322407222284,0.7037054289167746,0.2735822486760031
25787,Neutral,0.7373586002131829,0.18936708081000114,0.07327431897681604
25788,LOF,0.0523173618489666,0.06314454857146769,0.8845380895795656
25789,GOF,0.20705110091452789,0.5606705118872349,0.2322783871982372
25790,GOF,0.2660604412437872,0.5233160892241293,0.21062346953208355
25791,GOF,0.135849671130039,0.49822142463413593,0.3659289042358251
25792,Neutral,0.3660683549816143,0.35268964573340955,0.28124199928497623
25793,LOF,0.2300337537871118,0.3588699460954843,0.411096300117404
25794,GOF,0.26061996747961136,0.4622702140107421,0.2771098185096465
25795,GOF,0.07155858480187693,0.5893946245928744,0.3390467906052487
25796,Neutral,0.4650688554315546,0.36697968714640483,0.1679514574220406
25797,LOF,0.08130711109100668,0.4386974908259841,0.47999539808300923
25798,LOF,0.011128711060228183,0.48449785690474617,0.5043734320350257
25799,LOF,0.010479404056358894,0.48711657536212116,0.50240402058152
25800,GOF,0.03624713880615866,0.5761478889294759,0.38760497226436547
25801,GOF,0.22538430430148845,0.5839588341999984,0.1906568614985132
25802,GOF,0.0563276795079117,0.5382294839397616,0.40544283655232666
25803,GOF,0.047218394512136073,0.4793978337692545,0.4733837717186094
25804,GOF,0.03724093242351315,0.4835091992659883,0.47924986831049854
25805,GOF,0.08911926667670449,0.5215573888286801,0.3893233444946154
25806,GOF,0.10751457144365896,0.5056262473945463,0.3868591811617947
25807,LOF,0.018972882008148128,0.4872925937292502,0.49373452426260167
25808,LOF,0.08709273627147637,0.4437941398032132,0.4691131239253105
25809,LOF,0.01849260757861389,0.4416763931654621,0.5398309992559239
25810,LOF,0.02049789892595783,0.44891357400257986,0.5305885270714622
25811,Neutral,0.45503857469828096,0.4116902715848991,0.13327115371681994
25812,GOF,0.03574125244409395,0.49648531510080696,0.4677734324550991
25813,Neutral,0.5468338840145972,0.25045900653299463,0.20270710945240822
25814,GOF,0.12348244562201172,0.5259271782674085,0.35059037611057975
25815,GOF,0.2476562398553911,0.4889225913300541,0.2634211688145547
25816,GOF,0.020189108785827876,0.5555416968180198,0.42426919439615224
25817,GOF,0.180357452034066,0.6459469238510139,0.17369562411492012
25818,LOF,0.036618687017446576,0.46912945571840964,0.4942518572641438
25819,GOF,0.3423122224611178,0.4092556911552738,0.24843208638360822
25820,GOF,0.1758408477640408,0.5190169828811559,0.3051421693548032
25821,GOF,0.05802289399730741,0.5674322535677299,0.37454485243496266
25822,GOF,0.2079114903154985,0.4906286795404944,0.30145983014400707
25823,GOF,0.03748262134371068,0.5278894451406031,0.4346279335156862
25824,LOF,0.0821902977684999,0.45484772430608417,0.4629619779254159
25825,LOF,0.035705986078810203,0.45335689166976756,0.5109371222514223
25826,LOF,0.012432242174626514,0.46494815641016307,0.5226196014152105
25827,GOF,0.020782262633248713,0.5132363538111865,0.4659813835555648
25828,LOF,0.01410561836972244,0.45620374289922766,0.5296906387310499
25829,LOF,0.009085373846558711,0.4767274226088941,0.5141872035445472
25830,LOF,0.036045134630762955,0.104673509384889,0.8592813559843481
25831,GOF,0.17322549069109802,0.6457952431695966,0.1809792661393054
25832,GOF,0.041947336093598304,0.5597530535975946,0.3982996103088071
25833,GOF,0.12793388522839635,0.5492865409139517,0.3227795738576519
25834,GOF,0.04969757935450202,0.5545757193552455,0.3957267012902524
25835,GOF,0.10014661953586018,0.5208098035367306,0.3790435769274093
25836,GOF,0.05696414895902737,0.5542645064912329,0.3887713445497396
25837,GOF,0.0269552636804141,0.49167577923914285,0.481368957080443
25838,GOF,0.0895187165023827,0.5974070660910926,0.31307421740652464
25839,GOF,0.3321136210395768,0.40798880553728833,0.25989757342313485
25840,GOF,0.22584029468268543,0.5241097134034072,0.25004999191390753
25841,GOF,0.2707146536859959,0.4682276247742501,0.26105772153975404
25842,GOF,0.2055395924643862,0.48999771841853673,0.30446268911707713
25843,GOF,0.23047132412446697,0.5505536700097987,0.21897500586573432
25844,GOF,0.06021172582067977,0.5160637836642081,0.423724490515112
25845,GOF,0.01737754458375559,0.5246008394743459,0.45802161594189866
25846,GOF,0.10784373492839879,0.613388777993923,0.27876748707767823
25847,GOF,0.13492481106389712,0.5720123878769561,0.29306280105914684
25848,GOF,0.044680506816099926,0.5072356750335756,0.4480838181503245
25849,LOF,0.013369992210044918,0.48747005845627067,0.4991599493336844
25850,GOF,0.025732574218859224,0.49847870489535034,0.4757887208857904
25851,LOF,0.020354290955443673,0.4829234436915834,0.49672226535297304
25852,GOF,0.15098338372355877,0.4577004725178434,0.39131614375859786
25853,GOF,0.3153245236798767,0.49754370858703645,0.18713176773308668
25854,GOF,0.020664327848373156,0.608019368329154,0.37131630382247277
25855,GOF,0.040434895952715155,0.4906793675414371,0.4688857365058478
25856,GOF,0.19289995664953644,0.5129020462924688,0.2941979970579948
25857,GOF,0.035307961289188235,0.4961529353536821,0.46853910335712967
25858,GOF,0.020448066861880422,0.6073627453888324,0.3721891877492872
25859,GOF,0.01089560952393966,0.6085699679275622,0.3805344225484983
25860,GOF,0.27704896663867484,0.5268111350911124,0.1961398982702126
25861,GOF,0.3136959484057587,0.5495950668584096,0.13670898473583165
25862,GOF,0.06007768021288141,0.6713556973015101,0.26856662248560836
25863,GOF,0.07142548810496539,0.6793581655936244,0.24921634630141015
25864,GOF,0.14930525387573576,0.6617375575248133,0.18895718859945096
25865,GOF,0.07210070457255079,0.6762185782045194,0.25168071722292973
25866,GOF,0.05307935530209056,0.7200808250594078,0.22683981963850164
25867,GOF,0.06979092506718813,0.7409178952927448,0.18929117964006703
25868,GOF,0.17290690730573435,0.5814104784491898,0.24568261424507584
25869,Neutral,0.6526978328791152,0.2616848757369411,0.08561729138394375
25870,LOF,0.2230107253501038,0.07152528977077954,0.7054639848791167
25871,GOF,0.1947166539679847,0.5538193780620819,0.2514639679699334
25872,GOF,0.07253225810833513,0.5208613353707137,0.40660640652095137
25873,GOF,0.13029683714275817,0.5416187423481877,0.32808442050905395
25874,LOF,0.020693604900735674,0.07048803829407485,0.9088183568051895
25875,LOF,0.04765305559127929,0.17508807418334668,0.777258870225374
25876,LOF,0.022329041666923143,0.08031118844509041,0.8973597698879865
25877,LOF,0.38963544774685516,0.16411281991520446,0.4462517323379404
25878,LOF,0.13599690257633573,0.23634214606135856,0.6276609513623056
25879,LOF,0.08170193826626605,0.239166914345302,0.6791311473884319
25880,LOF,0.022972135626312437,0.03248342277347143,0.9445444416002162
25881,LOF,0.22477994730162335,0.14968308213563164,0.6255369705627452
25882,LOF,0.06363311738142477,0.026246977986821178,0.9101199046317541
25883,LOF,0.10508365738663095,0.03796070550169313,0.856955637111676
25884,LOF,0.037332266375330866,0.04705494029180091,0.9156127933328683
25885,LOF,0.05897461802012245,0.029962133901020992,0.9110632480788566
25886,LOF,0.3584595376144911,0.07845416530845677,0.563086297077052
25887,LOF,0.21061761819178765,0.13026607519812805,0.6591163066100844
25888,LOF,0.08828562616848094,0.0746529469239619,0.8370614269075572
25889,LOF,0.037672613211965626,0.0447939053259132,0.9175334814621212
25890,LOF,0.08137233038798306,0.08225027649579254,0.8363773931162245
25891,LOF,0.07616643550803033,0.04324270020506219,0.8805908642869075
25892,LOF,0.10188646898209297,0.03120430805090761,0.8669092229669995
25893,LOF,0.3157152913758369,0.020338787904665825,0.6639459207194972
25894,LOF,0.20016248724301242,0.011020545403339336,0.7888169673536484
25895,LOF,0.24930075736029314,0.01480358602540491,0.735895656614302
25896,LOF,0.050085372418693985,0.020504140336695568,0.9294104872446105
25897,LOF,0.23023216716692013,0.02322586153735598,0.7465419712957239
25898,Neutral,0.7816278640952585,0.017430383087325987,0.20094175281741544
25899,LOF,0.19866110929509564,0.03783985760797938,0.7634990330969249
25900,Neutral,0.6391704031303229,0.014202069673749974,0.34662752719592715
25901,LOF,0.04740742908976374,0.010655071420708586,0.9419374994895277
25902,LOF,0.2017257705240255,0.013685358252676525,0.784588871223298
25903,Neutral,0.612653315915868,0.04437269717055241,0.34297398691357955
25904,LOF,0.22557956096209492,0.02314656490562045,0.7512738741322846
25905,GOF,0.03222826859532134,0.53642019232506,0.4313515390796186
25906,LOF,0.029587381019164978,0.08884154739734713,0.8815710715834879
25907,LOF,0.014015796190619342,0.4501222208819126,0.5358619829274681
25908,LOF,0.01746821584289962,0.27460856567027936,0.707923218486821
25909,LOF,0.017620450816015615,0.17223773539737727,0.8101418137866072
25910,LOF,0.02140846461597167,0.412895339758553,0.5656961956254752
25911,LOF,0.05515920184270489,0.052414131321894396,0.8924266668354007
25912,LOF,0.028603316812253723,0.07909871981754811,0.8922979633701982
25913,LOF,0.2183923578340385,0.024264999006048102,0.7573426431599134
25914,LOF,0.02567071894063719,0.06384819088985894,0.910481090169504
25915,Neutral,0.4442925496349109,0.3436379432904094,0.21206950707467961
25916,LOF,0.0401735006829707,0.4358513792053012,0.5239751201117281
25917,LOF,0.0519226532365596,0.04929977078422626,0.8987775759792141
25918,LOF,0.03230498174233873,0.04081342235438637,0.926881595903275
25919,LOF,0.029669525825256993,0.0413609612679109,0.9289695129068322
25920,GOF,0.12032148082568801,0.5325054271429321,0.3471730920313799
25921,LOF,0.03705680558503858,0.020622468527728782,0.9423207258872327
25922,LOF,0.049383647841535164,0.013858392491974274,0.9367579596664906
25923,LOF,0.41066149043563355,0.018008889546577304,0.5713296200177892
25924,LOF,0.04879712807054902,0.021491439225162234,0.9297114327042887
25925,LOF,0.07347929274711329,0.02284366746669842,0.9036770397861882
25926,LOF,0.055754601463241446,0.014126772974190691,0.930118625562568
25927,LOF,0.0771666006000259,0.0511233008733287,0.8717100985266454
25928,LOF,0.025942259278962786,0.012790570848725086,0.9612671698723121
25929,Neutral,0.5677615702550286,0.02072827826082473,0.41151015148414666
25930,LOF,0.06421939378040785,0.016307404392018235,0.919473201827574
25931,LOF,0.031848449229652576,0.011154144465384016,0.9569974063049633
25932,LOF,0.02987459154520693,0.012349541145795787,0.9577758673089973
25933,LOF,0.04117874385395891,0.008245450282686133,0.950575805863355
25934,LOF,0.02819233060990798,0.0123595791100488,0.9594480902800432
25935,LOF,0.07720159242386959,0.020897320337596455,0.901901087238534
25936,LOF,0.048379243966693436,0.013019537207812334,0.9386012188254942
25937,LOF,0.03651262406751051,0.016195975485802927,0.9472914004466865
25938,LOF,0.06714061892793548,0.029699299649230022,0.9031600814228344
25939,LOF,0.04203319852148796,0.01011603089151719,0.9478507705869947
25940,GOF,0.033475674087060564,0.6317736811851534,0.3347506447277861
25941,LOF,0.21117530229810277,0.03464375260779309,0.7541809450941042
25942,LOF,0.018703365076224804,0.01631118755872042,0.9649854473650548
25943,LOF,0.35844398487438417,0.027249641274820702,0.6143063738507952
25944,Neutral,0.5194212920112021,0.018595501523304844,0.46198320646549307
25945,LOF,0.06940006500669252,0.0259453075825643,0.9046546274107432
25946,LOF,0.0392797776370111,0.17761897717263245,0.7831012451903565
25947,LOF,0.15333015672606815,0.1765935267775968,0.670076316496335
25948,LOF,0.36290664456974625,0.022876491714875567,0.6142168637153782
25949,LOF,0.13368687917468244,0.046409430911083835,0.8199036899142338
25950,LOF,0.21296960053113895,0.3893092085418382,0.39772119092702296
25951,LOF,0.23136695086879835,0.12107217916199275,0.6475608699692089
25952,LOF,0.03564527827186661,0.43279522521557945,0.531559496512554
25953,LOF,0.14054953764504444,0.15033670281959075,0.7091137595353647
25954,Neutral,0.44411804657330567,0.2188767915989234,0.33700516182777085
25955,LOF,0.05826004178236952,0.1379462068376045,0.8037937513800261
25956,LOF,0.24305359083579423,0.07069210705125456,0.6862543021129512
25957,LOF,0.04615475637619967,0.024806707102446392,0.929038536521354
25958,LOF,0.07465788123194711,0.03294440892922305,0.8923977098388299
25959,GOF,0.11714351818345786,0.4524487963976943,0.43040768541884783
25960,LOF,0.023999171563859396,0.06857900118021756,0.907421827255923
25961,LOF,0.06375769875969474,0.044155615466329894,0.8920866857739754
25962,LOF,0.05129980264575532,0.06442165475034754,0.8842785426038972
25963,LOF,0.05508023770218309,0.18077553492151813,0.7641442273762987
25964,LOF,0.03502436158380335,0.18458309049662222,0.7803925479195745
25965,Neutral,0.4931417943678254,0.06742000096054522,0.4394382046716295
25966,GOF,0.3079834288529437,0.3818861552213088,0.31013041592574747
25967,LOF,0.013280397981431885,0.17955026893404955,0.8071693330845185
25968,LOF,0.06001392645271945,0.31780725131039694,0.6221788222368836
25969,LOF,0.023776603081079015,0.057570713388208246,0.9186526835307126
25970,LOF,0.05791847709544862,0.04506731500230907,0.8970142079022422
25971,LOF,0.1092855734646127,0.021727256962648305,0.868987169572739
25972,LOF,0.09847668702402157,0.025301963078698638,0.8762213498972798
25973,LOF,0.08900291716026668,0.016262373483597995,0.8947347093561353
25974,LOF,0.3363313432869749,0.03248879068614181,0.6311798660268834
25975,LOF,0.048080109383149966,0.0456759352952142,0.9062439553216359
25976,LOF,0.03500145108385954,0.024467785204534694,0.9405307637116058
25977,LOF,0.12154537959169938,0.12923996609078925,0.7492146543175113
25978,LOF,0.17436846448849785,0.11420561614132159,0.7114259193701806
25979,LOF,0.1633247330214275,0.0813517463291819,0.7553235206493907
25980,LOF,0.19280473453583905,0.20609295777904393,0.601102307685117
25981,LOF,0.2326275443465706,0.18879919104179935,0.57857326461163
25982,LOF,0.45034735504854423,0.09139665487057,0.4582559900808857
25983,LOF,0.4316640733510907,0.08268591586168107,0.48565001078722825
25984,LOF,0.04185582047500619,0.11968526473650089,0.8384589147884929
25985,LOF,0.020238176265441003,0.3126967602227574,0.6670650635118016
25986,LOF,0.02685346307726188,0.38896465301362276,0.5841818839091153
25987,LOF,0.08471243792327911,0.08247699589276444,0.8328105661839565
25988,LOF,0.08801108387845022,0.09032096466820468,0.821667951453345
25989,LOF,0.02088504764778823,0.14404909494532672,0.8350658574068851
25990,LOF,0.0313337761993167,0.1402160131005625,0.8284502107001207
25991,LOF,0.23147445151376767,0.34070853081220065,0.4278170176740317
25992,Neutral,0.38119186984249376,0.24045953546456159,0.3783485946929447
25993,LOF,0.032918576775812024,0.10843299271756544,0.8586484305066225
25994,LOF,0.02111445700065804,0.14210944968888303,0.8367760933104589
25995,LOF,0.03635158701647588,0.12581034511296763,0.8378380678705566
25996,GOF,0.21468521549283462,0.5304582290627247,0.2548565554444408
25997,GOF,0.09506923401090431,0.5005866925127208,0.4043440734763749
25998,LOF,0.4690839578449551,0.026106685003657735,0.5048093571513872
25999,LOF,0.08299557677640317,0.39351287639988153,0.5234915468237153
26000,LOF,0.05592695336687726,0.03829353377970826,0.9057795128534145
26001,LOF,0.15695077849634323,0.041248260585054264,0.8018009609186024
26002,LOF,0.08723608787837589,0.04447007604047081,0.8682938360811532
26003,GOF,0.010515083439903667,0.7276408768704054,0.26184403968969105
26004,GOF,0.02202446549494233,0.745716768620256,0.23225876588480165
26005,GOF,0.010804966832304768,0.6286737532347856,0.36052127993290967
26006,Neutral,0.5071211861249191,0.3526669299702736,0.14021188390480732
26007,GOF,0.018389222045421517,0.7196669381850217,0.26194383976955676
26008,GOF,0.014478487046432335,0.7459905016539438,0.239531011299624
26009,GOF,0.030799586444241935,0.7836198392661728,0.18558057428958527
26010,GOF,0.020896495916634613,0.7834637638181442,0.19563974026522116
26011,GOF,0.010305440177733702,0.5758077896747958,0.41388677014747055
26012,GOF,0.017023967899010083,0.7143318519546153,0.2686441801463746
26013,GOF,0.012974176325818996,0.7679290857905792,0.21909673788360173
26014,LOF,0.03872375090997851,0.25710156582051624,0.7041746832695052
26015,LOF,0.17334342913302386,0.00820193685293387,0.8184546340140423
26016,LOF,0.3175665078040275,0.02829681527205964,0.6541366769239129
26017,LOF,0.23086879679830266,0.04323585214501872,0.7258953510566787
26018,LOF,0.09657305203004332,0.025311884998903696,0.878115062971053
26019,LOF,0.0952599020837046,0.01824417796088809,0.8864959199554072
26020,LOF,0.08704533353514621,0.04014515156780753,0.8728095148970463
26021,LOF,0.07941673035008978,0.058975459150026624,0.8616078104998836
26022,LOF,0.015280941177108097,0.03118787905752354,0.9535311797653683
26023,LOF,0.1598924509198566,0.021684102734266058,0.8184234463458774
26024,LOF,0.036639138025387055,0.060671712052854376,0.9026891499217586
26025,LOF,0.17889605330739416,0.051721670202980775,0.769382276489625
26026,LOF,0.38709099167821254,0.010019150574052022,0.6028898577477355
26027,LOF,0.09646064271239654,0.011832488980425796,0.8917068683071777
26028,LOF,0.2317398899914842,0.07046016637737308,0.6977999436311427
26029,LOF,0.1390649261378025,0.12144251027714686,0.7394925635850506
26030,LOF,0.04146602379626349,0.028870260971700756,0.9296637152320358
26031,LOF,0.045191128763559796,0.10453458858115887,0.8502742826552813
26032,LOF,0.0917563856051641,0.027527156372802,0.8807164580220338
26033,LOF,0.16359458256623913,0.036601048851292665,0.7998043685824682
26034,LOF,0.07956774684184448,0.07694226210554435,0.8434899910526112
26035,LOF,0.05600355091051472,0.08889713011310407,0.8550993189763811
26036,LOF,0.07647860876681484,0.08364726541406577,0.8398741258191194
26037,LOF,0.0429801786679748,0.06805086981147965,0.8889689515205456
26038,LOF,0.09004393348135677,0.026781312342586953,0.8831747541760563
26039,LOF,0.10567377693989628,0.08429938923308866,0.8100268338270151
26040,LOF,0.2928011969246746,0.05279397887835255,0.6544048241969729
26041,LOF,0.04533680123561383,0.07145121724155575,0.8832119815228304
26042,LOF,0.04388564377765314,0.06366935979289512,0.8924449964294517
26043,LOF,0.08851789422525586,0.03614043947756553,0.8753416662971787
26044,LOF,0.04880141766653611,0.03146532680313897,0.9197332555303249
26045,LOF,0.1317169836515927,0.062116960175433715,0.8061660561729737
26046,LOF,0.09693777793103196,0.03761697008483011,0.8654452519841378
26047,LOF,0.12899186100338192,0.04367344175349005,0.827334697243128
26048,LOF,0.06401774831153781,0.031084455734183836,0.9048977959542784
26049,Neutral,0.9460405351622756,0.006017020007317661,0.04794244483040659
26050,Neutral,0.9196284785416603,0.0067279695282587764,0.07364355193008082
26051,GOF,0.041003275825628106,0.5157108957427422,0.4432858284316297
26052,GOF,0.037439177457554325,0.692046493523758,0.2705143290186876
26053,LOF,0.06179812560993799,0.30578143125675433,0.6324204431333076
26054,LOF,0.06217215822032321,0.0555674990705011,0.8822603427091756
26055,LOF,0.06327921509289192,0.053764656760391535,0.8829561281467165
26056,LOF,0.05673168489873744,0.060809089980734796,0.8824592251205277
26057,LOF,0.027094692437860595,0.03386474674645432,0.9390405608156851
26058,LOF,0.02705499931259616,0.033444879293391606,0.9395001213940123
26059,LOF,0.33999661846016516,0.0732273223110922,0.5867760592287427
26060,LOF,0.03452473193390453,0.3592666580234646,0.6062086100426308
26061,LOF,0.020021904440868193,0.05321785883774693,0.9267602367213849
26062,LOF,0.016723781132526486,0.05295151069063337,0.9303247081768402
26063,LOF,0.022093289164662886,0.03768040044570189,0.9402263103896351
26064,LOF,0.025347864782295105,0.04389098612456568,0.9307611490931392
26065,LOF,0.026554967311783306,0.03414688558560457,0.9392981471026121
26066,LOF,0.019968993722851082,0.04285056015734197,0.9371804461198069
26067,LOF,0.022070585519656405,0.03253091365000696,0.9453985008303367
26068,LOF,0.054440631848877034,0.06792811150190943,0.8776312566492136
26069,LOF,0.3949659356396834,0.06549817275985263,0.5395358916004639
26070,Neutral,0.5889139939525246,0.029818320866777562,0.3812676851806978
26071,LOF,0.021894036383556848,0.04624467966224031,0.9318612839542029
26072,LOF,0.026707114354632463,0.06238063454644521,0.9109122510989223
26073,LOF,0.0241958203412752,0.03162836348760605,0.9441758161711188
26074,Neutral,0.8801384543035913,0.01268154295781517,0.10718000273859364
26075,LOF,0.04772850280785582,0.05244951138313908,0.8998219858090051
26076,LOF,0.03910447602348659,0.029266297992000707,0.9316292259845127
26077,LOF,0.012538937779065175,0.06801224237005875,0.9194488198508761
26078,LOF,0.015585916074943395,0.04561126361188592,0.9388028203131707
26079,LOF,0.05114384192621083,0.05566350185539111,0.893192656218398
26080,LOF,0.05114384192621083,0.05566350185539111,0.893192656218398
26081,LOF,0.029679574881366466,0.027678025260907135,0.9426423998577265
26082,LOF,0.022325351850669837,0.059292515724146524,0.9183821324251837
26083,LOF,0.12184923272385692,0.03461250841627695,0.8435382588598661
26084,LOF,0.02550214425569622,0.048463263159572875,0.9260345925847309
26085,LOF,0.021481713298895304,0.04723255342751827,0.9312857332735865
26086,LOF,0.02167845955741996,0.04408916454258997,0.9342323758999901
26087,LOF,0.023858814595708714,0.03757861126180298,0.9385625741424883
26088,LOF,0.0241582540004919,0.059709382800196664,0.9161323631993114
26089,LOF,0.04787688532136348,0.0524503946108021,0.8996727200678345
26090,LOF,0.04452410754446266,0.047824077784283214,0.907651814671254
26091,LOF,0.0369433199511672,0.021773702926934098,0.9412829771218987
26092,LOF,0.027054840943342637,0.031160090017621943,0.9417850690390355
26093,LOF,0.037667324758101244,0.02149793787769814,0.9408347373642006
26094,LOF,0.04397307155653811,0.017729120073754965,0.938297808369707
26095,LOF,0.0459305837658728,0.07575258319501701,0.8783168330391102
26096,LOF,0.019541503152398977,0.04593611429031339,0.9345223825572876
26097,LOF,0.012629731613721483,0.11180276291655947,0.8755675054697192
26098,LOF,0.06190510378970142,0.03728958669053331,0.9008053095197652
26099,LOF,0.02185434859786406,0.057472995125072576,0.9206726562770633
26100,LOF,0.02249167084230447,0.05789099192796973,0.9196173372297258
26101,LOF,0.05519658234246413,0.04330870135611718,0.9014947163014186
26102,LOF,0.023442279174932502,0.043590930309148936,0.9329667905159187
26103,Neutral,0.8699862365438339,0.051635187239750226,0.07837857621641586
26104,LOF,0.04822698506377544,0.09208551776395896,0.8596874971722657
26105,LOF,0.3442049302967146,0.14599403128407726,0.5098010384192081
26106,LOF,0.1274915664473626,0.095168318289872,0.7773401152627655
26107,LOF,0.2462144146304955,0.08023921303108275,0.6735463723384217
26108,LOF,0.16724485265436193,0.08766548401412388,0.745089663331514
26109,LOF,0.073973617950029,0.10242167351898933,0.8236047085309817
26110,LOF,0.2540638781287747,0.046895215189086216,0.6990409066821391
26111,LOF,0.4597158461575793,0.03308180696612989,0.5072023468762907
26112,LOF,0.04737087272380107,0.02365523383887911,0.9289738934373198
26113,LOF,0.056293889128632,0.04649525142756033,0.8972108594438076
26114,LOF,0.023514544377002226,0.03203375247941243,0.9444517031435853
26115,LOF,0.10829442690846483,0.0528041830715084,0.8389013900200268
26116,LOF,0.05261921839574255,0.05592477148351832,0.8914560101207392
26117,LOF,0.22551409661667843,0.14365396553551402,0.6308319378478076
26118,LOF,0.03583874267597693,0.07360692010424766,0.8905543372197755
26119,LOF,0.021660137063296152,0.17099326415970767,0.8073465987769962
26120,LOF,0.026341586667741515,0.06629760079886766,0.9073608125333908
26121,LOF,0.050410966680281444,0.16594957672547664,0.783639456594242
26122,LOF,0.062069083672379385,0.14198805881530616,0.7959428575123144
