feature0,prediction,LoGoFunc_Neutral,LoGoFunc_GOF,LoGoFunc_LOF
25546,Neutral,0.612522704042766,0.05949329264164889,0.32798400331558497
25547,Neutral,0.4956319447911639,0.08545259646241325,0.41891545874642283
25548,Neutral,0.4993499462877199,0.07600026638503203,0.4246497873272482
25549,LOF,0.43566530925446617,0.07481218739629966,0.48952250334923425
25550,LOF,0.3949149153431193,0.08877639701710044,0.5163086876397802
25551,LOF,0.32587791404753874,0.10626141123866681,0.5678606747137944
25552,LOF,0.297552399482739,0.1115632612280524,0.5908843392892086
25553,Neutral,0.7833235632659729,0.052107210581362286,0.16456922615266495
25554,LOF,0.3332754825420212,0.10089691292625501,0.5658276045317238
25555,LOF,0.2939104313155649,0.09510568610654913,0.610983882577886
25556,Neutral,0.4648264650190791,0.08824251790998283,0.446931017070938
25557,LOF,0.28501983015547516,0.09768869147023397,0.6172914783742909
25558,LOF,0.3381916854352877,0.09724208055531369,0.5645662340093985
25559,LOF,0.22431190340876297,0.07358801333828219,0.7021000832529548
25560,LOF,0.0801555132150227,0.14281116042022285,0.7770333263647545
25561,LOF,0.09937421152222825,0.20554775131539105,0.6950780371623807
25562,LOF,0.035609053121585355,0.10629575303482432,0.8580951938435903
25563,LOF,0.009685910656077728,0.15460513270225668,0.8357089566416657
25564,LOF,0.08442482942188172,0.11673754187991851,0.7988376286981997
25565,LOF,0.16780244887325196,0.13097134851396097,0.7012262026127871
25566,GOF,0.06225364655295013,0.6273700324106186,0.31037632103643115
25567,LOF,0.04446225135004344,0.15009815591504178,0.8054395927349148
25568,LOF,0.06633377038602584,0.09498386008013646,0.8386823695338377
25569,LOF,0.06501407264408485,0.08995752662312048,0.8450284007327947
25570,LOF,0.032015953642022185,0.13045748061667412,0.8375265657413036
25571,LOF,0.0281861458451006,0.1315988944635872,0.8402149596913121
25572,LOF,0.069896702548359,0.16923524292153394,0.7608680545301071
25573,LOF,0.06363630383338367,0.12150311386890598,0.8148605822977104
25574,LOF,0.0650557204105433,0.21988074344775774,0.7150635361416989
25575,LOF,0.026792724495365114,0.13745573646364312,0.8357515390409918
25576,LOF,0.0312169096145223,0.20123644033246293,0.7675466500530147
25577,LOF,0.03681445357120366,0.15358202520536268,0.8096035212234336
25578,LOF,0.3233090337094503,0.09921097468729022,0.5774799916032594
25579,LOF,0.2182098130714218,0.09488422628976705,0.686905960638811
25580,LOF,0.02441040500062438,0.09611653120733644,0.8794730637920392
25581,LOF,0.053103208778135125,0.09637653999863113,0.8505202512232337
25582,LOF,0.0527046047620861,0.09414469870465968,0.8531506965332543
25583,LOF,0.030290294428599863,0.09388306326372986,0.8758266423076704
25584,Neutral,0.7225498200875157,0.12646833238254548,0.15098184752993885
25585,LOF,0.023029217103467822,0.19524288334158862,0.7817278995549436
25586,LOF,0.020877915451962152,0.0986730875776411,0.8804489969703968
25587,LOF,0.020348493080685325,0.09424895132407875,0.885402555595236
25588,LOF,0.024579985531409713,0.08652706524800793,0.8888929492205824
25589,Neutral,0.5340527537660453,0.22925540833668465,0.23669183789727014
25590,LOF,0.05107413257081704,0.14451368488942085,0.804412182539762
25591,LOF,0.09370320008143897,0.07909002735537629,0.8272067725631848
25592,LOF,0.0705545849054275,0.1708435637943028,0.7586018513002698
25593,LOF,0.12028688629580137,0.31671278702732186,0.5630003266768767
25594,LOF,0.05932089176254458,0.047059998319567926,0.8936191099178875
25595,LOF,0.05952171715163111,0.029248078759966736,0.911230204088402
25596,LOF,0.1320552600756524,0.01761589888414708,0.8503288410402006
25597,LOF,0.0961669953107756,0.017749303376870668,0.8860837013123537
25598,LOF,0.05398160727703084,0.03128261457929208,0.9147357781436771
25599,LOF,0.02559878800084633,0.3532511897419945,0.6211500222571593
25600,LOF,0.17835989541604452,0.40425170291135937,0.4173884016725962
25601,LOF,0.04276150209749196,0.2987383513084818,0.6585001465940262
25602,LOF,0.027612001134885433,0.07700375547443912,0.8953842433906753
25603,LOF,0.04452285180995907,0.07159116386297164,0.8838859843270692
25604,LOF,0.04703109028738919,0.12626690961256812,0.8267020001000428
25605,LOF,0.03202777285121454,0.2426689011862839,0.7253033259625016
25606,Neutral,0.4081612143319179,0.2069449836490867,0.3848938020189955
25607,LOF,0.02709382896044807,0.26811619175809265,0.7047899792814594
25608,LOF,0.03398728902064247,0.1665728738970464,0.7994398370823113
25609,GOF,0.18274282495109107,0.5201963941447895,0.29706078090411947
25610,LOF,0.018061662263840008,0.054814826013395525,0.9271235117227644
25611,LOF,0.015270095874075615,0.06152308982187613,0.9232068143040483
25612,LOF,0.04797692193595616,0.06954552745485712,0.8824775506091866
25613,LOF,0.04627962538974461,0.0733725913482648,0.8803477832619905
25614,LOF,0.027182931890109934,0.049856430753046466,0.9229606373568436
25615,LOF,0.04347599841919436,0.06514876040448152,0.8913752411763242
25616,LOF,0.0594387684971648,0.059850247151188085,0.8807109843516471
25617,LOF,0.04650281507200562,0.06340824284351629,0.8900889420844781
25618,LOF,0.05952138032901546,0.0903601131498164,0.850118506521168
25619,LOF,0.015060511357322877,0.06393236094413257,0.9210071276985445
25620,LOF,0.06279515757365549,0.07345239972953799,0.8637524426968066
25621,LOF,0.06503392656863156,0.06192519777354126,0.8730408756578272
25622,LOF,0.06687185537171461,0.06437895724843827,0.8687491873798472
25623,LOF,0.06451747431620974,0.04489637990203999,0.8905861457817503
25624,LOF,0.02246658001252571,0.05951708710293047,0.9180163328845438
25625,LOF,0.06972305819709042,0.056758585284303435,0.8735183565186061
25626,LOF,0.04962811204797472,0.06829591137542818,0.882075976576597
25627,Neutral,0.8856915551018167,0.024874057984254076,0.0894343869139294
25628,LOF,0.1721684222284185,0.06665592290936236,0.7611756548622192
25629,LOF,0.06930738621767253,0.06756316039307979,0.8631294533892477
25630,LOF,0.29185884785571364,0.07982471096159945,0.6283164411826869
25631,Neutral,0.544147962672863,0.06968332658532614,0.38616871074181075
25632,LOF,0.03476770094501769,0.07802325202541244,0.8872090470295699
25633,LOF,0.21363317407058824,0.05724615000387611,0.7291206759255355
25634,LOF,0.04522835783217279,0.11233762534081582,0.8424340168270115
25635,LOF,0.03837342920587165,0.05395020272980044,0.9076763680643279
25636,GOF,0.031879460422768686,0.5551737193705691,0.4129468202066622
25637,GOF,0.06152032541327258,0.535236538747147,0.40324313583958027
25638,GOF,0.036237330188515826,0.5053797809348552,0.45838288887662887
25639,LOF,0.037262241580812254,0.4802299841323109,0.4825077742868769
25640,Neutral,0.8539891700381589,0.09285249457373022,0.05315833538811088
25641,LOF,0.09438666956489646,0.4413850702087951,0.46422826022630836
25642,LOF,0.08283041981285098,0.19055536626583708,0.7266142139213119
25643,LOF,0.29101335420274016,0.11330400747603771,0.5956826383212221
25644,GOF,0.011350814810049854,0.63111844206,0.35753074312995015
25645,GOF,0.011554267331675042,0.6191161224235235,0.36932961024480143
25646,LOF,0.03075140903896296,0.4395257613159249,0.5297228296451122
25647,LOF,0.012417473956992393,0.3554707559710718,0.6321117700719356
25648,LOF,0.015156867801147257,0.42085149062761673,0.5639916415712359
25649,LOF,0.008605045846659415,0.31979300710829334,0.6716019470450472
25650,GOF,0.023556771379224423,0.6075462250876699,0.3688970035331058
25651,LOF,0.008806156505848277,0.41819433845422155,0.5729995050399302
25652,LOF,0.014762198327987627,0.4362429367641366,0.5489948649078759
25653,GOF,0.041200079911903734,0.5980066613639805,0.36079325872411566
25654,LOF,0.011168449146974164,0.31545651463099655,0.6733750362220292
25655,GOF,0.12858628030686942,0.631024628536506,0.24038909115662455
25656,LOF,0.3393192982783661,0.15980043435224547,0.5008802673693884
25657,LOF,0.053337173206522995,0.11926273188883388,0.8274000949046431
25658,LOF,0.3059468763391593,0.1706803317328506,0.5233727919279901
25659,Neutral,0.4587250891446301,0.18463962605909534,0.3566352847962746
25660,LOF,0.02078843966834148,0.11816226566873478,0.8610492946629237
25661,LOF,0.08366171286668438,0.07132867149147176,0.8450096156418438
25662,LOF,0.02929451136635621,0.0399508858206141,0.9307546028130298
25663,LOF,0.03482732689435693,0.04205070514239276,0.9231219679632503
25664,LOF,0.12183396301579258,0.07102494467376354,0.807141092310444
25665,LOF,0.06225877190784812,0.031829300530724275,0.9059119275614276
25666,LOF,0.09274250016707529,0.05693036067463735,0.8503271391582873
25667,LOF,0.06925232017928852,0.039799044847205714,0.8909486349735057
25668,LOF,0.033711237419724094,0.049677227312183735,0.9166115352680922
25669,LOF,0.02695798915272862,0.050430391682838464,0.9226116191644329
25670,LOF,0.1252362290079409,0.040742863864736426,0.8340209071273227
25671,LOF,0.1001031292427884,0.04360749205019776,0.8562893787070138
25672,LOF,0.051397558093249404,0.04781679345696741,0.9007856484497833
25673,LOF,0.08830965657767377,0.05057346908040223,0.8611168743419241
25674,LOF,0.0742727046128146,0.06685798178706276,0.8588693136001225
25675,LOF,0.09997973658655727,0.06671435498586772,0.833305908427575
25676,LOF,0.01611561496621682,0.06052873966130491,0.9233556453724783
25677,LOF,0.02075548646671054,0.07535728299928732,0.9038872305340022
25678,LOF,0.17843048501202238,0.08916237223495264,0.732407142753025
25679,LOF,0.10939082748233485,0.0848692313156381,0.805739941202027
25680,LOF,0.027610891542300526,0.13285523307152547,0.8395338753861741
25681,LOF,0.04483459155228005,0.127384394235858,0.827781014211862
25682,LOF,0.12298224080063218,0.08418814914533354,0.7928296100540343
25683,LOF,0.10594454913022494,0.08557956633399069,0.8084758845357842
25684,LOF,0.03141832468001907,0.07390495787462839,0.8946767174453525
25685,LOF,0.11310371679002588,0.08323332339539041,0.8036629598145836
25686,LOF,0.0654842789739904,0.11620946796121015,0.8183062530647994
25687,LOF,0.11209743652985157,0.11930067611447996,0.7686018873556685
25688,LOF,0.43087329700662275,0.03668881868810066,0.5324378843052766
25689,LOF,0.30373362171881085,0.04956460721177375,0.6467017710694154
25690,LOF,0.35614509650230236,0.031991317338073706,0.6118635861596239
25691,Neutral,0.7240500380047254,0.028735238750614667,0.24721472324465976
25692,LOF,0.3614831319451844,0.015847767023221486,0.6226691010315941
25693,GOF,0.043228439801675386,0.4859041594449981,0.4708674007533265
25694,LOF,0.11737511696855725,0.015889548482282103,0.8667353345491606
25695,LOF,0.10809519488183507,0.010269131843279905,0.8816356732748851
25696,LOF,0.12449010828214067,0.01302422252581245,0.8624856691920468
25697,LOF,0.06487494788946668,0.09979513704114353,0.8353299150693899
25698,LOF,0.27557080423205027,0.2418217435100168,0.4826074522579329
25699,LOF,0.41160600443004836,0.032611306527882813,0.5557826890420688
25700,LOF,0.07895972042338545,0.011392502921664183,0.9096477766549503
25701,LOF,0.16443644203248073,0.03520768523467524,0.800355872732844
25702,GOF,0.19172169356498892,0.640534717222882,0.1677435892121291
25703,LOF,0.01916221818573663,0.16985615795098166,0.8109816238632818
25704,LOF,0.03947070773538747,0.1691629509635093,0.7913663413011033
25705,LOF,0.0390394185988161,0.10276151298548061,0.8581990684157033
25706,LOF,0.1177343162236235,0.3754932068619101,0.5067724769144665
25707,LOF,0.08089420456095664,0.3037427194311967,0.6153630760078467
25708,LOF,0.04023230035637736,0.2821515093146293,0.6776161903289933
25709,LOF,0.08066056319098427,0.03078547889575647,0.8885539579132593
25710,LOF,0.015089773631060219,0.11157134030037609,0.8733388860685637
25711,LOF,0.02040290507085976,0.07566501658594457,0.9039320783431957
25712,LOF,0.017466340461632937,0.1595331940606722,0.8230004654776949
25713,LOF,0.019253993064615726,0.07735937723657406,0.9033866296988102
25714,LOF,0.07509298194019087,0.05644156442302289,0.8684654536367863
25715,LOF,0.013185455660455519,0.10458796402977494,0.8822265803097696
25716,LOF,0.014040148500070635,0.09006826292894882,0.8958915885709806
25717,LOF,0.01758648993613684,0.07617792622722531,0.9062355838366378
25718,LOF,0.011841260811898246,0.0720558848303574,0.9161028543577444
25719,LOF,0.02256231001411273,0.07126865181665859,0.9061690381692286
25720,LOF,0.02730401762633855,0.05451293801519238,0.918183044358469
25721,LOF,0.01462528240877821,0.08860872606157585,0.8967659915296459
25722,LOF,0.014617689382095064,0.06790164989269339,0.9174806607252116
25723,LOF,0.02590774800063349,0.03846088404509153,0.935631367954275
25724,LOF,0.033982988241097176,0.06698491699972121,0.8990320947591816
25725,LOF,0.012484419303584524,0.05876173566433641,0.9287538450320791
25726,LOF,0.017133835043621207,0.08516420009119378,0.897701964865185
25727,LOF,0.013983798777641233,0.06461044283891411,0.9214057583834447
25728,LOF,0.010950735128501135,0.06861011365920466,0.9204391512122942
25729,LOF,0.011240143461462742,0.06932972939526905,0.9194301271432682
25730,LOF,0.01482573107267911,0.06915473792191837,0.9160195310054026
25731,LOF,0.024353031218186518,0.07350410545601996,0.9021428633257934
25732,LOF,0.01363800898412313,0.04257111041503786,0.943790880600839
25733,LOF,0.01836181170482528,0.04345616138800583,0.938182026907169
25734,LOF,0.013109406292477942,0.10078498758523709,0.886105606122285
25735,LOF,0.012091521617873833,0.05310805165884957,0.9348004267232766
25736,LOF,0.012527800274220069,0.052677915222546154,0.9347942845032338
25737,LOF,0.012482372421066463,0.0722774334185546,0.9152401941603789
25738,LOF,0.012851824991865827,0.06800925386824341,0.9191389211398908
25739,LOF,0.02067521992462124,0.05525442904827139,0.9240703510271073
25740,LOF,0.030740762537836752,0.07876413488858738,0.8904951025735759
25741,LOF,0.016106595528558414,0.07753423870844921,0.9063591657629924
25742,LOF,0.1226814395868235,0.06148259961937774,0.8158359607937987
25743,LOF,0.04077430023824665,0.04484479035105242,0.9143809094107009
25744,Neutral,0.624192426417945,0.2130893354130493,0.16271823816900577
25745,LOF,0.0644167401379382,0.06995008241340969,0.8656331774486521
25746,LOF,0.04381516422233743,0.0895848639956317,0.8665999717820309
25747,LOF,0.02705229897228845,0.08212280872608659,0.890824892301625
25748,LOF,0.13277958527011866,0.14326007856247336,0.723960336167408
25749,LOF,0.02930184908923378,0.09055335849857948,0.8801447924121867
25750,LOF,0.07559241685221643,0.1118495056567155,0.8125580774910681
25751,LOF,0.10577206766686384,0.13908249278438597,0.7551454395487502
25752,GOF,0.11351765907652385,0.6401216831750259,0.24636065774845026
25753,LOF,0.027773187761720056,0.35601405740698194,0.616212754831298
25754,GOF,0.017167130582874907,0.8161176817606471,0.1667151876564778
25755,LOF,0.030433820572524903,0.4183720157966426,0.5511941636308325
25756,LOF,0.059480044739070544,0.40630198442730175,0.5342179708336278
25757,GOF,0.024647542700365992,0.8763774130613488,0.09897504423828535
25758,GOF,0.027736417029218696,0.8433839767110294,0.12887960625975206
25759,GOF,0.012940146912972909,0.6346877930449383,0.3523720600420889
25760,LOF,0.017481173037759087,0.3681381434515908,0.6143806835106502
25761,GOF,0.26899279537276033,0.6617895577241669,0.06921764690307265
25762,LOF,0.05002543639921897,0.359833834701466,0.590140728899315
25763,LOF,0.017505375551811683,0.2553577945760415,0.7271368298721468
25764,GOF,0.06906226542370959,0.7112705763632592,0.2196671582130313
25765,GOF,0.03559066261870754,0.7902976360725047,0.17411170130878764
25766,GOF,0.06912849473821554,0.7891511199147272,0.14172038534705728
25767,GOF,0.14744773659317365,0.5230184161830164,0.32953384722380996
25768,LOF,0.11813862849089642,0.0459666047345306,0.8358947667745731
25769,LOF,0.053198873638900995,0.0603086162672997,0.8864925100937994
25770,LOF,0.3208203734750772,0.10248469177205449,0.5766949347528684
25771,LOF,0.05328194115199646,0.049448359268791715,0.8972696995792118
25772,LOF,0.020436826747739965,0.04983666376388313,0.9297265094883769
25773,LOF,0.05572519326227202,0.07769118127711076,0.8665836254606173
25774,LOF,0.0313244049814451,0.11508204589347938,0.8535935491250756
25775,LOF,0.0559499932809504,0.06642300229727788,0.8776270044217717
25776,LOF,0.07340057482375753,0.03295424550168109,0.8936451796745614
25777,LOF,0.35258066188150217,0.09268913739869335,0.5547302007198045
25778,LOF,0.06728393702118328,0.054914852359964794,0.8778012106188519
25779,GOF,0.40602238661305107,0.5417438432217514,0.05223377016519746
25780,GOF,0.33666096792836253,0.575763558249737,0.08757547382190048
25781,GOF,0.11432429249207517,0.7735873432962869,0.11208836421163795
25782,GOF,0.2028373854252576,0.7240018672328156,0.07316074734192687
25783,GOF,0.024826599317617062,0.6227510356945423,0.35242236498784074
25784,Neutral,0.5352252863815008,0.427534579723681,0.0372401338948183
25785,Neutral,0.5175517570396834,0.4370475490443999,0.04540069391591673
25786,GOF,0.032924559030328614,0.7317304205673951,0.2353450204022763
25787,Neutral,0.6927934249918085,0.27965874295163484,0.027547832056556573
25788,LOF,0.05386662795482926,0.07987101149306444,0.8662623605521063
25789,GOF,0.1873705355213009,0.6522450975932926,0.16038436688540647
25790,GOF,0.2820636699286567,0.6200661513413189,0.0978701787300243
25791,GOF,0.1497188182882767,0.6850394132543862,0.16524176845733712
25792,GOF,0.37099470264699225,0.50388471001138,0.1251205873416277
25793,GOF,0.25931039135365924,0.46966331549628154,0.27102629315005927
25794,GOF,0.30324370697985226,0.47993134739651394,0.21682494562363389
25795,GOF,0.06125120195225316,0.6832049358192859,0.25554386222846104
25796,Neutral,0.5469740855109149,0.37332270587227045,0.07970320861681461
25797,GOF,0.08102217497032632,0.5643443392415772,0.35463348578809645
25798,GOF,0.010818856017109848,0.5030021399443593,0.4861790040385308
25799,LOF,0.007874606985456634,0.42332671559649615,0.5687986774180472
25800,GOF,0.03811574836504996,0.6381748111555758,0.32370944047937417
25801,GOF,0.23257922001791487,0.6667275449938842,0.10069323498820094
25802,GOF,0.07987718048502844,0.6710960563443816,0.24902676317059
25803,GOF,0.0478473563998793,0.5744819155578793,0.3776707280422415
25804,GOF,0.04671965234650106,0.5029679374451899,0.45031241020830903
25805,GOF,0.15301279379514487,0.5683263106146712,0.27866089559018387
25806,GOF,0.151458243731367,0.5764162639738375,0.2721254922947954
25807,GOF,0.024747224044198726,0.6357715740653339,0.3394812018904674
25808,GOF,0.13845684359485724,0.5734882298628009,0.2880549265423419
25809,GOF,0.023795128322469605,0.6044515190537629,0.3717533526237676
25810,GOF,0.024229951858379735,0.6228821719918006,0.3528878761498196
25811,Neutral,0.5154510714427234,0.4218965963866797,0.06265233217059676
25812,GOF,0.04657559182459364,0.6110387176261516,0.34238569054925466
25813,Neutral,0.5905750124313873,0.30752884140879005,0.10189614615982256
25814,GOF,0.1565974939847261,0.6137676716590067,0.22963483435626708
25815,GOF,0.2534547308117865,0.5631929356193784,0.18335233356883524
25816,GOF,0.022696594374353826,0.6458430311372623,0.3314603744883839
25817,GOF,0.2524691449061648,0.6202682233070189,0.12726263178681635
25818,GOF,0.051911879158694677,0.5367227879154562,0.4113653329258491
25819,GOF,0.3915347800034265,0.4604837754629053,0.14798144453366813
25820,GOF,0.2275148075575053,0.5716858087803963,0.20079938366209835
25821,GOF,0.074440639174024,0.663061182711926,0.2624981781140499
25822,GOF,0.2803462061219312,0.4983342755142164,0.2213195183638523
25823,LOF,0.04310078209250112,0.47294172747556923,0.4839574904319297
25824,GOF,0.0977857406206509,0.4959880296205716,0.40622622975877765
25825,GOF,0.037672984583644875,0.5110383406492046,0.4512886747671505
25826,LOF,0.014011537807069638,0.47166366554235795,0.5143247966505724
25827,GOF,0.02329722524933146,0.5573235449712367,0.4193792297794319
25828,LOF,0.0158932369917904,0.4758159827171108,0.5082907802910989
25829,GOF,0.0072088208455993,0.512291120155957,0.48050005899844367
25830,LOF,0.04529594766388005,0.286165646149287,0.668538406186833
25831,GOF,0.16069618988105164,0.7110949217582616,0.12820888836068675
25832,GOF,0.03763049277288099,0.6629873183182932,0.29938218890882584
25833,GOF,0.14148337005131928,0.6554378100677227,0.20307881988095797
25834,GOF,0.04432592154561,0.6641848224235247,0.29148925603086523
25835,GOF,0.10031899462584236,0.6676540480275654,0.2320269573465921
25836,GOF,0.047827194163380576,0.6301037849704658,0.3220690208661537
25837,GOF,0.02720331097626471,0.5214995350433729,0.4512971539803625
25838,GOF,0.08821342212584006,0.7220269591585312,0.1897596187156286
25839,GOF,0.34299009895203614,0.5142485749323119,0.14276132611565198
25840,GOF,0.24231233092955728,0.5583394949218342,0.19934817414860845
25841,GOF,0.24110094058553452,0.5620787650643813,0.19682029435008425
25842,GOF,0.21573396144324442,0.6159452983619108,0.16832074019484475
25843,GOF,0.23792193129854228,0.629148461265701,0.13292960743575669
25844,GOF,0.06534326746772944,0.6340065195657049,0.30065021296656563
25845,LOF,0.015373040892064671,0.4504343455002251,0.5341926136077102
25846,GOF,0.10184797434584691,0.703337374204541,0.1948146514496121
25847,GOF,0.15292695801329909,0.6944420176370749,0.15263102434962603
25848,GOF,0.037198809859469946,0.6171302503039281,0.345670939836602
25849,GOF,0.010859543745821184,0.5185833942647124,0.4705570619894663
25850,GOF,0.02400741688732247,0.5787853835822273,0.39720719953045014
25851,LOF,0.01961887402934742,0.48050438871934725,0.49987673725130516
25852,GOF,0.1472154704887268,0.5636313608013118,0.2891531687099614
25853,GOF,0.34657184476451536,0.5692335201006536,0.08419463513483097
25854,GOF,0.02043437935081215,0.601797835111366,0.377767785537822
25855,GOF,0.041193230268416356,0.5773040165733172,0.38150275315826654
25856,GOF,0.22597726078612465,0.536217026935334,0.23780571227854136
25857,GOF,0.03719261613745109,0.49192866243673683,0.47087872142581194
25858,GOF,0.022387924755745622,0.5477110562784026,0.4299010189658518
25859,GOF,0.012243253412108473,0.5274343055733886,0.460322441014503
25860,GOF,0.38535745176774305,0.5295820483402868,0.08506049989197016
25861,GOF,0.3830452488292428,0.5320002870452983,0.08495446412545887
25862,GOF,0.0850145942547095,0.774192976522832,0.14079242922245847
25863,GOF,0.08766731205513346,0.7743585144881364,0.13797417345673005
25864,GOF,0.2017009180715544,0.7217752278708435,0.07652385405760216
25865,GOF,0.07998260951174656,0.794362347283117,0.12565504320513635
25866,GOF,0.06553482046718268,0.7965150106260258,0.13795016890679146
25867,GOF,0.08523742045276668,0.7973672829658254,0.117395296581408
25868,GOF,0.2688129338867212,0.6201303363921717,0.11105672972110718
25869,Neutral,0.7032838705952792,0.2523265671093535,0.044389562295367335
25870,LOF,0.3297148121707713,0.2604150180972032,0.40987016973202556
25871,GOF,0.2270408046718704,0.6043609509413238,0.16859824438680593
25872,GOF,0.08638304867907058,0.5632288836470885,0.35038806767384106
25873,GOF,0.17411370091315984,0.5515496836500666,0.2743366154367735
25874,LOF,0.02174751335470115,0.09466697599907556,0.8835855106462233
25875,LOF,0.08252649848817621,0.06152402554016483,0.8559494759716588
25876,LOF,0.02990205037990002,0.050604614614290104,0.91949333500581
25877,Neutral,0.5127496412765862,0.07217872614169009,0.41507163258172375
25878,LOF,0.22930551777955144,0.11506973941091382,0.6556247428095348
25879,LOF,0.09271287521415435,0.11452644847063123,0.7927606763152143
25880,LOF,0.02247811224097132,0.023060730792796674,0.9544611569662319
25881,LOF,0.18291235765804853,0.17276443978902764,0.6443232025529239
25882,LOF,0.09271287920677963,0.024120841016934128,0.8831662797762863
25883,LOF,0.09242755627713671,0.04024060021030907,0.8673318435125542
25884,LOF,0.04505199903675998,0.04791212049614162,0.9070358804670984
25885,LOF,0.07575403425862365,0.015675093413644984,0.9085708723277313
25886,LOF,0.34850236809434576,0.08011808829967651,0.5713795436059778
25887,LOF,0.18618176493353017,0.1264716000605135,0.6873466350059564
25888,LOF,0.06974834780010344,0.10177169472422289,0.8284799574756737
25889,LOF,0.05583276111240046,0.03511652834890587,0.9090507105386937
25890,LOF,0.05351392540873555,0.15658115491264826,0.7899049196786163
25891,LOF,0.04068058354240967,0.07036347956453665,0.8889559368930537
25892,LOF,0.10884772492831428,0.01940348826972401,0.8717487868019616
25893,LOF,0.29551335727566175,0.01378416888041032,0.6907024738439279
25894,LOF,0.17814160533840076,0.0076580422255395205,0.8142003524360598
25895,LOF,0.20252374219338912,0.018063604886237428,0.7794126529203735
25896,LOF,0.05213850564259147,0.023352948067132014,0.9245085462902766
25897,LOF,0.2500889056701762,0.012837374996207443,0.7370737193336164
25898,Neutral,0.725916396523781,0.008643147855497243,0.2654404556207217
25899,LOF,0.27993842559695253,0.02558391692296572,0.6944776574800817
25900,LOF,0.475486915774063,0.015379298533231016,0.509133785692706
25901,LOF,0.06391378240585513,0.010812768366133594,0.9252734492280114
25902,LOF,0.18862025554549935,0.010233772561010025,0.8011459718934907
25903,Neutral,0.5306662848768814,0.023984536643161008,0.4453491784799576
25904,LOF,0.28188220739732855,0.04152218953366298,0.6765956030690086
25905,LOF,0.02352833658547909,0.3370645950871859,0.6394070683273351
25906,LOF,0.022456321602253797,0.07335599737458316,0.904187681023163
25907,LOF,0.013101811677205618,0.3606610574085699,0.6262371309142244
25908,LOF,0.011844000228123066,0.23509303090591113,0.7530629688659659
25909,LOF,0.01306657393455039,0.18388556562914174,0.8030478604363078
25910,LOF,0.05045381392419765,0.11172185299185634,0.837824333083946
25911,LOF,0.10392883366654017,0.03158761370876278,0.8644835526246971
25912,LOF,0.035611699049613775,0.05443013825824453,0.9099581626921417
25913,LOF,0.27324154040420495,0.022777410708256136,0.703981048887539
25914,LOF,0.024948101683289862,0.1089701681284088,0.8660817301883014
25915,Neutral,0.40477831295541683,0.24384149817873516,0.351380188865848
25916,LOF,0.06900781794525354,0.25309110542638547,0.6779010766283611
25917,LOF,0.07178672745674024,0.06023793911568827,0.8679753334275714
25918,LOF,0.032956582885388136,0.0738058327262509,0.893237584388361
25919,LOF,0.027709828124926686,0.07697744012105222,0.8953127317540212
25920,GOF,0.09210343191957826,0.5128485452304299,0.3950480228499919
25921,LOF,0.03787270409590586,0.025318107436887855,0.9368091884672062
25922,LOF,0.049495579724564996,0.014542826226430182,0.9359615940490049
25923,LOF,0.4132518454282514,0.016261499613568053,0.5704866549581806
25924,LOF,0.047892623536271745,0.023539693159874767,0.9285676833038535
25925,LOF,0.07695825201418759,0.023590507668030777,0.8994512403177816
25926,LOF,0.052943588929745586,0.016213006020588956,0.9308434050496655
25927,LOF,0.08129631410955519,0.050974728845568626,0.8677289570448762
25928,LOF,0.028258109249712456,0.020367884960593743,0.9513740057896938
25929,Neutral,0.5455334966777553,0.018013153728691427,0.43645334959355325
25930,LOF,0.060257794998633055,0.01240355571714274,0.9273386492842243
25931,LOF,0.0372647354199198,0.017000824534712904,0.9457344400453672
25932,LOF,0.030586070235632108,0.013933433666293559,0.9554804960980743
25933,LOF,0.039709167346509505,0.009494731644124845,0.9507961010093656
25934,LOF,0.0267417973361866,0.010753790017472292,0.9625044126463411
25935,LOF,0.0698794411546573,0.028741461810799254,0.9013790970345436
25936,LOF,0.050113928426697846,0.013751127679895038,0.936134943893407
25937,LOF,0.03556790994962885,0.01948991570709405,0.944942174343277
25938,LOF,0.07173300390531465,0.030587288818789894,0.8976797072758954
25939,LOF,0.041339126674653226,0.009215824908976251,0.9494450484163705
25940,LOF,0.025008281703282623,0.37344194205577314,0.6015497762409443
25941,LOF,0.14863380808454216,0.0896933362523361,0.7616728556631218
25942,LOF,0.013387722211632681,0.035010938573503854,0.9516013392148633
25943,LOF,0.3051373314063444,0.065735811023809,0.6291268575698465
25944,Neutral,0.49265044764399574,0.03611716944754181,0.4712323829084625
25945,LOF,0.06042712839017882,0.02271168687214596,0.9168611847376752
25946,LOF,0.03101642094601559,0.1554136727420479,0.8135699063119366
25947,LOF,0.11836597124595086,0.23636337675667954,0.6452706519973695
25948,LOF,0.4188565110647878,0.018681916736875373,0.5624615721983369
25949,LOF,0.08310748145145463,0.07314383888877761,0.8437486796597679
25950,GOF,0.2954285948713712,0.46752696171513225,0.23704444341349656
25951,LOF,0.2507611795148113,0.22564578325934806,0.5235930372258406
25952,GOF,0.06687034131430789,0.48199916023276573,0.4511304984529264
25953,LOF,0.15148307298926664,0.10461795905715186,0.7438989679535815
25954,Neutral,0.4227471598376778,0.23568082280857622,0.3415720173537459
25955,LOF,0.05966625648650708,0.08779549316430026,0.8525382503491927
25956,LOF,0.20616309026464,0.06558559380519165,0.7282513159301683
25957,LOF,0.04671162939145057,0.025130845199367237,0.9281575254091822
25958,LOF,0.05363924645447899,0.03171462463940955,0.9146461289061114
25959,LOF,0.061733621530511255,0.29624281638628536,0.6420235620832034
25960,LOF,0.018407091967215083,0.058736396564336435,0.9228565114684484
25961,LOF,0.0430262652433722,0.041967982722579546,0.9150057520340482
25962,LOF,0.058540263537148765,0.03301487971863336,0.9084448567442178
25963,LOF,0.05563102079909016,0.18904418475777213,0.7553247944431377
25964,LOF,0.0352662625012415,0.132344424427643,0.8323893130711155
25965,LOF,0.4218583728101985,0.07322797007135258,0.5049136571184489
25966,LOF,0.3887918298250324,0.2040113293920826,0.40719684078288504
25967,LOF,0.013625382902307448,0.07251500453526757,0.9138596125624249
25968,LOF,0.038742553587479064,0.42119447673579496,0.540062969676726
25969,LOF,0.025304859274139325,0.05820788821447645,0.9164872525113843
25970,LOF,0.05144606140994692,0.07560991366407804,0.872944024925975
25971,LOF,0.06658752543508711,0.026192950394881835,0.9072195241700312
25972,LOF,0.0775829330429875,0.03222562689459823,0.8901914400624142
25973,LOF,0.08972715419637395,0.010009888494599054,0.9002629573090271
25974,LOF,0.22022372926334974,0.019006304216400073,0.7607699665202502
25975,LOF,0.04587324284595219,0.030984109378112926,0.9231426477759349
25976,LOF,0.03978868481053585,0.019518229536927303,0.9406930856525367
25977,LOF,0.13319432935500805,0.10242714996928716,0.7643785206757049
25978,LOF,0.10309342211429166,0.08626156784529654,0.8106450100404119
25979,LOF,0.10857939186442567,0.08280838283147693,0.8086122253040975
25980,LOF,0.12936232525237076,0.11080034496122938,0.7598373297863998
25981,LOF,0.16486432067959475,0.1078559013399125,0.7272797779804927
25982,LOF,0.34386292669019153,0.0740491896362974,0.582087883673511
25983,LOF,0.32212910991037125,0.06921946597413045,0.6086514241154982
25984,LOF,0.04787740117371467,0.10195816464601541,0.85016443418027
25985,LOF,0.021378946740553007,0.3243887345840645,0.6542323186753825
25986,LOF,0.03115714688646401,0.31160167342968725,0.6572411796838487
25987,LOF,0.07375595523132146,0.1196791601436995,0.806564884624979
25988,LOF,0.11873773571189941,0.10511562787616423,0.7761466364119364
25989,LOF,0.024104183980258802,0.18913459558155096,0.7867612204381903
25990,LOF,0.03585182549994969,0.16881689602273725,0.7953312784773131
25991,GOF,0.12156613269321982,0.4841776916628423,0.39425617564393783
25992,LOF,0.30144673029385755,0.3011234698018169,0.39742979990432553
25993,LOF,0.023492884669381334,0.10801204023091128,0.8684950750997075
25994,LOF,0.015406734702483252,0.1441201784873781,0.8404730868101385
25995,LOF,0.026948246970141757,0.22403806467116597,0.7490136883586923
25996,GOF,0.172916754449648,0.6495722117484024,0.17751103380194946
25997,GOF,0.07329627575902688,0.6064009801878157,0.32030274405315734
25998,Neutral,0.5561325685600805,0.015780824241207442,0.42808660719871194
25999,LOF,0.11975051012636193,0.15714530652638395,0.7231041833472541
26000,LOF,0.13228287345162773,0.040801258877005545,0.8269158676713668
26001,LOF,0.15717040462751228,0.04059639334524741,0.8022332020272404
26002,LOF,0.14820873032886428,0.038050104420938195,0.8137411652501975
26003,GOF,0.010419635015989115,0.6735441468706794,0.3160362181133314
26004,GOF,0.025806629150156895,0.7342861871265034,0.23990718372333977
26005,GOF,0.009967386098429966,0.5627500565668478,0.42728255733472215
26006,Neutral,0.5270888311610503,0.2928456274832969,0.18006554135565273
26007,GOF,0.020075875060181166,0.6161430396382391,0.36378108530157977
26008,GOF,0.023993106373502122,0.6491512466971834,0.3268556469293144
26009,GOF,0.026594326588745356,0.6924309064706079,0.28097476694064666
26010,GOF,0.02602107665804817,0.7396378562774527,0.23434106706449917
26011,GOF,0.00868585604403285,0.569162973506984,0.4221511704489831
26012,GOF,0.016798995889369457,0.6559207090719241,0.32728029503870637
26013,GOF,0.018068590227075784,0.6911922849829386,0.29073912478998565
26014,LOF,0.05471387311243578,0.1804738912428316,0.7648122356447326
26015,LOF,0.160848480105776,0.009828168755560588,0.8293233511386635
26016,LOF,0.24056005722826104,0.04419932740859404,0.7152406153631449
26017,LOF,0.19106404014869038,0.08382224679884448,0.7251137130524651
26018,LOF,0.07617995138424136,0.03455078828623591,0.8892692603295227
26019,LOF,0.07416234513946919,0.02491434622589168,0.9009233086346391
26020,LOF,0.055186049710194474,0.11128808316465198,0.8335258671251535
26021,LOF,0.042207029952213794,0.13010344935105334,0.827689520696733
26022,LOF,0.010692331390514112,0.04840997556822225,0.9408976930412637
26023,LOF,0.1001870745602715,0.02311909444145409,0.8766938309982745
26024,LOF,0.026508315567281365,0.11233798187547712,0.8611537025572416
26025,LOF,0.14507676119075075,0.10119810189803603,0.7537251369112132
26026,LOF,0.29223154935205403,0.021056761982918445,0.6867116886650275
26027,LOF,0.07460262402444742,0.01860675281822968,0.906790623157323
26028,LOF,0.14913609822924437,0.08623892986070643,0.7646249719100491
26029,LOF,0.08865651696291534,0.17005662134634375,0.7412868616907409
26030,LOF,0.03264611653537247,0.05311442717860719,0.9142394562860203
26031,LOF,0.04029395448134658,0.13030166620823744,0.8294043793104161
26032,LOF,0.08188264900490795,0.04446298493613836,0.8736543660589537
26033,LOF,0.13758708558952065,0.04971283433354564,0.8127000800769336
26034,LOF,0.054608240440162,0.1317245362743832,0.8136672232854549
26035,LOF,0.03936523423085653,0.11698591985268546,0.843648845916458
26036,LOF,0.05527310367597021,0.1435103643706025,0.8012165319534273
26037,LOF,0.03242138194507809,0.09921111655206902,0.8683675015028528
26038,LOF,0.07860229986783814,0.04363884639597445,0.8777588537361873
26039,LOF,0.07419909572487025,0.12399942423163217,0.8018014800434976
26040,LOF,0.25417997273233495,0.0837908702066217,0.6620291570610434
26041,LOF,0.0319883093450145,0.09944060140051038,0.8685710892544751
26042,LOF,0.03254791732031407,0.10023147539394589,0.86722060728574
26043,LOF,0.07648680663017948,0.057483065506715766,0.8660301278631047
26044,LOF,0.026311128446184936,0.0724299016527827,0.9012589699010325
26045,LOF,0.09128759554032242,0.09576043271728814,0.8129519717423894
26046,LOF,0.08037496506543347,0.06081779300966259,0.8588072419249039
26047,LOF,0.11658222733954983,0.07237607520916778,0.8110416974512824
26048,LOF,0.05364713443242068,0.05756987158819563,0.8887829939793837
26049,Neutral,0.9528080396273401,0.00775469724923693,0.03943726312342298
26050,Neutral,0.932818803122242,0.008803747030890381,0.05837744984686764
26051,LOF,0.046373626104493255,0.4484950630337795,0.5051313108617274
26052,GOF,0.07141151498997517,0.47571149690811604,0.45287698810190874
26053,LOF,0.06392040483115585,0.14614772813860588,0.7899318670302382
26054,LOF,0.060907437092639106,0.04353340032221072,0.8955591625851502
26055,LOF,0.0776353859297662,0.02814769147759046,0.8942169225926434
26056,LOF,0.06822126944022221,0.03523621554388407,0.8965425150158937
26057,LOF,0.02942586703988493,0.01767295703286264,0.9529011759272524
26058,LOF,0.029689053716233066,0.015344519061283146,0.9549664272224837
26059,LOF,0.27787023935827837,0.05656831540809675,0.6655614452336249
26060,LOF,0.03095263396788202,0.26480448915917487,0.7042428768729432
26061,LOF,0.01881039889142476,0.021103590166597904,0.9600860109419774
26062,LOF,0.01164317683693585,0.03128032897118942,0.9570764941918747
26063,LOF,0.020954864719635882,0.015771827725704093,0.96327330755466
26064,LOF,0.023456721666790924,0.023896407432816034,0.952646870900393
26065,LOF,0.02415098239099752,0.02044400664493397,0.9554050109640685
26066,LOF,0.01959367706055536,0.01779185998489839,0.9626144629545462
26067,LOF,0.024892797503701488,0.014346787389789081,0.9607604151065094
26068,LOF,0.047357082868116476,0.06146388847139199,0.8911790286604916
26069,LOF,0.26649908153476165,0.03749673976351275,0.6960041787017256
26070,LOF,0.4041845130989589,0.02527848181504043,0.5705370050860007
26071,LOF,0.02107786599940399,0.021257971276117667,0.9576641627244784
26072,LOF,0.02488485425586774,0.032293544778706204,0.942821600965426
26073,LOF,0.02278328973165338,0.017173576073987475,0.9600431341943593
26074,Neutral,0.9136277195394807,0.008634692551649217,0.07773758790887002
26075,LOF,0.04326862869739402,0.027146281297047548,0.9295850900055586
26076,LOF,0.04332213833309319,0.015891295189901466,0.9407865664770054
26077,LOF,0.009262693373678653,0.03479231027957511,0.9559449963467462
26078,LOF,0.013659456881128108,0.021938362835471598,0.9644021802834003
26079,LOF,0.05597504684296062,0.033580453490814635,0.9104444996662246
26080,LOF,0.05372154265620384,0.03367731270822828,0.9126011446355679
26081,LOF,0.03453761976075326,0.011631023960966462,0.9538313562782803
26082,LOF,0.019238587820007782,0.028778074345880977,0.9519833378341112
26083,LOF,0.13008411562783173,0.019711970350326128,0.8502039140218421
26084,LOF,0.025187680349731612,0.025750257910248986,0.9490620617400195
26085,LOF,0.021207795488319917,0.02440210015451604,0.9543901043571641
26086,LOF,0.023429102373836608,0.020050004577696835,0.9565208930484667
26087,LOF,0.024037708280915615,0.01440319503022679,0.9615590966888576
26088,LOF,0.017978071879493716,0.04109357419762214,0.9409283539228841
26089,LOF,0.048772516071742565,0.04409492478537882,0.9071325591428786
26090,LOF,0.04755441501940972,0.035008268157268436,0.9174373168233217
26091,LOF,0.03912694774174387,0.011494656488877736,0.9493783957693785
26092,LOF,0.024772874547728044,0.014364861059135769,0.9608622643931362
26093,LOF,0.03662419256899591,0.0097788113359752,0.9535969960950288
26094,LOF,0.04232499200264762,0.011488193217093184,0.9461868147802592
26095,LOF,0.05449855017041925,0.022186716099641256,0.9233147337299396
26096,LOF,0.02215607548159401,0.01803498583810442,0.9598089386803016
26097,LOF,0.010181905126631457,0.06788290203667346,0.921935192836695
26098,LOF,0.08128612217938858,0.025398667611696,0.8933152102089154
26099,LOF,0.023427255543122773,0.025232772487588533,0.9513399719692887
26100,LOF,0.025191531818545224,0.023468652213542596,0.9513398159679121
26101,LOF,0.05558856567416191,0.02313905100694601,0.921272383318892
26102,LOF,0.024831850600875015,0.018573217291757874,0.956594932107367
26103,Neutral,0.887610876840558,0.032773497946501216,0.07961562521294098
26104,LOF,0.07189694891658631,0.05977427523640415,0.8683287758470095
26105,LOF,0.22710013259705683,0.24758768800506067,0.5253121793978826
26106,LOF,0.19323275922586597,0.13229631071094305,0.674470930063191
26107,LOF,0.24843028969660144,0.1114048409782466,0.640164869325152
26108,LOF,0.24124551513772452,0.15668609255376345,0.602068392308512
26109,LOF,0.08023136541292278,0.12259695596871334,0.797171678618364
26110,LOF,0.23457017132300245,0.007307425993161253,0.7581224026838363
26111,LOF,0.4788516955271962,0.016957575346362233,0.5041907291264415
26112,LOF,0.034920103371963475,0.007865915952915173,0.9572139806751214
26113,LOF,0.055656487704999674,0.01242687895519078,0.9319166333398095
26114,LOF,0.01469534560061395,0.016661436403925617,0.9686432179954605
26115,LOF,0.07607127842380802,0.03299073842747498,0.8909379831487171
26116,LOF,0.04528835330439621,0.025096172220714644,0.9296154744748891
26117,LOF,0.3678041932225232,0.058816322317153655,0.5733794844603232
26118,LOF,0.040546480259332864,0.034450342388678015,0.9250031773519891
26119,LOF,0.023370344332945887,0.04767968386563558,0.9289499718014186
26120,LOF,0.030248021556211646,0.025315208571974168,0.9444367698718142
26121,LOF,0.05719587718861575,0.08949767637947942,0.8533064464319049
26122,LOF,0.05069988806343458,0.03998339251432031,0.9093167194222451
