feature0,prediction,LoGoFunc_Neutral,LoGoFunc_GOF,LoGoFunc_LOF
25546,Neutral,0.5458788468498768,0.20966373065674943,0.24445742249337382
25547,Neutral,0.4388344066463376,0.27809805839178414,0.28306753496187825
25548,LOF,0.33503149873671184,0.26153716375742025,0.40343133750586796
25549,LOF,0.30617259305254074,0.2694718909375425,0.42435551600991683
25550,LOF,0.2793422795450405,0.27205843894902737,0.44859928150593215
25551,LOF,0.20782725890350168,0.2838785297260229,0.5082942113704755
25552,LOF,0.19480910430014564,0.27179802121692676,0.5333928744829277
25553,Neutral,0.7091975335395402,0.11918612262197932,0.1716163438384806
25554,LOF,0.24390707024461886,0.22388322336522704,0.5322097063901541
25555,LOF,0.17202797667184502,0.24363189546495598,0.5843401278631989
25556,LOF,0.30887306128828623,0.20914031498720498,0.48198662372450896
25557,LOF,0.19415432733147106,0.24213402415753105,0.563711648510998
25558,LOF,0.24521708601525688,0.30862606705967527,0.4461568469250679
25559,LOF,0.2926390653776917,0.05371012270323359,0.6536508119190748
25560,LOF,0.038628008997177506,0.3077201322969224,0.6536518587059
25561,LOF,0.026242561658862483,0.3779240144539162,0.5958334238872213
25562,LOF,0.03524273558619926,0.11201294161258653,0.8527443228012143
25563,LOF,0.009521770052224736,0.20948963519217637,0.7809885947555989
25564,LOF,0.06313465468602546,0.05970790153815069,0.8771574437758238
25565,LOF,0.16467962705952394,0.15168536603671776,0.6836350069037584
25566,GOF,0.04384361595946909,0.6679897622911137,0.28816662174941715
25567,LOF,0.04764198084189661,0.02576551095781831,0.9265925082002852
25568,LOF,0.05397801997946909,0.04179210291656582,0.9042298771039652
25569,LOF,0.063457794967636,0.02719180321622596,0.909350401816138
25570,LOF,0.06298957173133249,0.03406478559555344,0.9029456426731141
25571,LOF,0.06015622870663379,0.030713453235543857,0.9091303180578224
25572,LOF,0.0679286699605303,0.02069269869308632,0.9113786313463834
25573,LOF,0.07246430553152042,0.05950476588060885,0.8680309285878707
25574,LOF,0.12885822330224697,0.09629632346207223,0.7748454532356809
25575,LOF,0.06515368395054381,0.03525457309296125,0.8995917429564949
25576,LOF,0.0360375370525564,0.03230674468383725,0.9316557182636063
25577,LOF,0.04263745445839575,0.02418926661603435,0.9331732789255699
25578,LOF,0.26846851064460076,0.07248503471038101,0.6590464546450182
25579,LOF,0.2593517233281889,0.07021073004383478,0.6704375466279764
25580,LOF,0.06332539387303994,0.029672842472300207,0.9070017636546599
25581,LOF,0.033094322819426085,0.06622456049598019,0.9006811166845938
25582,LOF,0.033094322819426085,0.06622456049598019,0.9006811166845938
25583,LOF,0.06118474641719204,0.03454192382242663,0.9042733297603812
25584,Neutral,0.7618518308026367,0.012586876649739998,0.2255612925476232
25585,LOF,0.04052224327241826,0.033587046657698016,0.9258907100698838
25586,LOF,0.06375643769229963,0.027046157729394747,0.9091974045783057
25587,LOF,0.060939552131582884,0.030583533001474126,0.908476914866943
25588,LOF,0.05971874272764598,0.0253831825428371,0.9148980747295169
25589,Neutral,0.7389971216262814,0.033563547543622,0.2274393308300965
25590,LOF,0.06733615060131308,0.04501141274304253,0.8876524366556443
25591,LOF,0.10658136986688048,0.017898296832944298,0.8755203333001753
25592,LOF,0.20871196886709165,0.07551350153453333,0.715774529598375
25593,LOF,0.19464146043241645,0.17160298537965998,0.6337555541879235
25594,LOF,0.028058694519158416,0.06814684060325453,0.9037944648775871
25595,LOF,0.035074342864829744,0.060491235891980154,0.9044344212431901
25596,LOF,0.12365710436324646,0.02214361443069296,0.8541992812060605
25597,LOF,0.12310465101530753,0.014697959864670044,0.8621973891200224
25598,LOF,0.041645763547495454,0.06587326616152875,0.8924809702909757
25599,GOF,0.021555912362707073,0.6473397072941743,0.3311043803431186
25600,GOF,0.12816472068057558,0.565619863887533,0.3062154154318914
25601,LOF,0.04584599027262355,0.26965485808960027,0.6844991516377761
25602,LOF,0.09769986729929776,0.018370581816229508,0.8839295508844727
25603,LOF,0.07484372103802134,0.03206754241068082,0.8930887365512978
25604,LOF,0.11902712531602763,0.0574748948801298,0.8234979798038425
25605,LOF,0.2081056890643429,0.05729472546965911,0.7345995854659979
25606,Neutral,0.6087070915164228,0.06628814787473301,0.3250047606088442
25607,LOF,0.057389835184145914,0.07846602080537621,0.8641441440104779
25608,LOF,0.04406385471200006,0.10724278646716738,0.8486933588208325
25609,GOF,0.11876483035374852,0.6881825607005254,0.193052608945726
25610,LOF,0.028210119185856284,0.07109963790725646,0.9006902429068873
25611,LOF,0.029039358118411438,0.06975642505089669,0.901204216830692
25612,LOF,0.04554245432959141,0.07254692505018012,0.8819106206202284
25613,LOF,0.042959121544674114,0.07369910261090776,0.8833417758444181
25614,LOF,0.0379249704701441,0.11932940055852502,0.8427456289713308
25615,LOF,0.04533682288496075,0.13221573757115382,0.8224474395438854
25616,LOF,0.027026540687538802,0.10739865662323725,0.865574802689224
25617,LOF,0.026127075733276082,0.11943221338623831,0.8544407108804856
25618,LOF,0.16396466652176694,0.3871128169300598,0.4489225165481731
25619,LOF,0.03378942072437319,0.23272968992798337,0.7334808893476433
25620,LOF,0.026683148300202228,0.113795777878633,0.8595210738211648
25621,LOF,0.07465358076345421,0.12741023419458172,0.7979361850419641
25622,LOF,0.06014774622211292,0.14049019828183396,0.7993620554960531
25623,LOF,0.07606374457534114,0.05976319785669104,0.8641730575679678
25624,LOF,0.03355340148796773,0.16971688902673357,0.7967297094852988
25625,LOF,0.05241861315598056,0.10067051594513475,0.8469108708988846
25626,LOF,0.03383894003836203,0.07690144654857657,0.8892596134130614
25627,Neutral,0.8283683847997172,0.04756723389018428,0.1240643813100984
25628,LOF,0.12347060247486867,0.09786314209160049,0.7786662554335307
25629,LOF,0.027453692498198713,0.11897237252494279,0.8535739349768586
25630,LOF,0.29322590031785184,0.06053765189861787,0.6462364477835303
25631,LOF,0.33333549094822673,0.08371690037191265,0.5829476086798606
25632,LOF,0.024346359926992425,0.07637259601312046,0.8992810440598872
25633,LOF,0.14817605509560913,0.10156777361622156,0.7502561712881693
25634,LOF,0.040983732037017474,0.04651949598180331,0.9124967719811792
25635,LOF,0.039856797325245066,0.06067595185692686,0.899467250817828
25636,GOF,0.023424546405649158,0.5917390815932212,0.3848363720011295
25637,GOF,0.01944032178993538,0.5655612381262355,0.4149984400838291
25638,GOF,0.009897260634602513,0.6509522598615699,0.33915047950382765
25639,LOF,0.023357268179134437,0.391979045494058,0.5846636863268077
25640,Neutral,0.8005392672652115,0.15983749276530676,0.03962323996948165
25641,LOF,0.05233864160868841,0.3972316451345871,0.5504297132567245
25642,LOF,0.04873686338950322,0.32401517161545207,0.6272479649950448
25643,GOF,0.3067082180589717,0.4352635434251173,0.25802823851591095
25644,LOF,0.01456535878987482,0.28182917221819354,0.7036054689919317
25645,LOF,0.013498312079065563,0.2500645491534635,0.7364371387674711
25646,LOF,0.02628210197839488,0.1723517778892539,0.8013661201323512
25647,LOF,0.014965234860024714,0.11497302607564576,0.8700617390643295
25648,LOF,0.02195307979583605,0.1791484628029655,0.7988984574011984
25649,LOF,0.012040064218667062,0.08925902459212462,0.8987009111892083
25650,LOF,0.06501123992842853,0.2024149170958728,0.7325738429756987
25651,LOF,0.015827499723905535,0.10300249254296422,0.8811700077331303
25652,LOF,0.012500071207087685,0.22412432721431158,0.7633756015786007
25653,LOF,0.039935944697078014,0.2697288428603736,0.6903352124425484
25654,LOF,0.010384466566024271,0.24259500547819032,0.7470205279557854
25655,LOF,0.11359274465548402,0.30485540846513964,0.5815518468793763
25656,LOF,0.11609451976934186,0.30080594648866643,0.5830995337419917
25657,LOF,0.0374476525946455,0.3899919724861911,0.5725603749191635
25658,LOF,0.10165908321341204,0.4461855755358323,0.4521553412507557
25659,GOF,0.18924713463905812,0.5593735863892635,0.25137927897167844
25660,LOF,0.04161007348545114,0.23355391094744318,0.7248360155671058
25661,LOF,0.03151187094453549,0.24952377689774918,0.7189643521577153
25662,LOF,0.02660903909295877,0.08884233071971709,0.8845486301873242
25663,LOF,0.02948876540864636,0.0654535539415858,0.9050576806497678
25664,LOF,0.06357900275968079,0.18736902008755058,0.7490519771527686
25665,LOF,0.03237607522749386,0.06364166942750292,0.9039822553450033
25666,LOF,0.05975469808421776,0.12168317389643359,0.8185621280193487
25667,LOF,0.02746398492181442,0.1299248888966386,0.8426111261815469
25668,LOF,0.030417427982249213,0.14437625867355905,0.8252063133441918
25669,LOF,0.025602723170614225,0.15686215835322254,0.8175351184761633
25670,LOF,0.09586365265194532,0.09210109660377178,0.8120352507442828
25671,LOF,0.032318497107465594,0.05890454702553304,0.9087769558670014
25672,LOF,0.022579797988541185,0.10482091830604912,0.8725992837054096
25673,LOF,0.060750197521289316,0.1025662001659921,0.8366836023127185
25674,LOF,0.05327526010776398,0.10548250137924035,0.8412422385129955
25675,LOF,0.05178073235526085,0.100722117437311,0.8474971502074281
25676,LOF,0.026967704677874894,0.09293279326654476,0.8800995020555803
25677,LOF,0.03572316569001175,0.16678236613323286,0.7974944681767554
25678,LOF,0.08362952133750931,0.11586032062623614,0.8005101580362545
25679,LOF,0.10662293605734459,0.086077268436235,0.8072997955064205
25680,LOF,0.045488983283016274,0.19710923684569878,0.7574017798712849
25681,LOF,0.04526869780866101,0.21420831664081783,0.7405229855505212
25682,LOF,0.029768405045183945,0.11786789271881438,0.8523637022360017
25683,LOF,0.09682914161962683,0.03970536019606976,0.8634654981843034
25684,LOF,0.028189395966412043,0.12459761020882387,0.8472129938247641
25685,LOF,0.043856565620019106,0.36835415379921926,0.5877892805807617
25686,LOF,0.030644164686489395,0.3878624236394789,0.5814934116740316
25687,GOF,0.05160764076374632,0.5483200654249978,0.40007229381125586
25688,LOF,0.3549826480949152,0.04485273107970853,0.6001646208253762
25689,LOF,0.16923836879602647,0.03765054090377356,0.7931110903001999
25690,LOF,0.22934407422454064,0.05467517029411429,0.715980755481345
25691,Neutral,0.6641486101918306,0.06256087999439683,0.27329050981377256
25692,LOF,0.18335115328395243,0.014703201235343345,0.8019456454807042
25693,GOF,0.060679331677396885,0.665923025351331,0.2733976429712723
25694,LOF,0.11831390991433044,0.026845498838072072,0.8548405912475975
25695,LOF,0.09620857371734819,0.01961377636795614,0.8841776499146956
25696,LOF,0.11790694589547333,0.03616614797124416,0.8459269061332825
25697,LOF,0.07238593160612339,0.15964120251532327,0.7679728658785534
25698,LOF,0.20878913140491806,0.24927680220964124,0.5419340663854407
25699,GOF,0.23700632095348378,0.45173821398712194,0.3112554650593942
25700,LOF,0.04299377533512477,0.06982580716490694,0.8871804174999685
25701,LOF,0.17185865675291878,0.2241414254307144,0.6039999178163667
25702,GOF,0.22935200922188828,0.6649469444339554,0.10570104634415635
25703,LOF,0.024219753139611045,0.3108296991495226,0.6649505477108665
25704,LOF,0.03407397627634482,0.3862710080074711,0.579655015716184
25705,LOF,0.031819223350947966,0.40646898178330343,0.5617117948657486
25706,GOF,0.10061204627922707,0.6561334195722346,0.24325453414853826
25707,GOF,0.08271060255807562,0.5836466341556933,0.33364276328623094
25708,GOF,0.0350843229742581,0.5993775190334117,0.3655381579923302
25709,LOF,0.023775137958960708,0.38035730833120385,0.5958675537098354
25710,LOF,0.014064780908395096,0.22308681600488275,0.7628484030867222
25711,LOF,0.024998851553796605,0.40166537205822134,0.5733357763879822
25712,LOF,0.015312971304600272,0.3097474522636351,0.6749395764317646
25713,LOF,0.02552704528364238,0.39967008205794974,0.5748028726584079
25714,LOF,0.03164150564369804,0.3975754022095848,0.5707830921467172
25715,LOF,0.026389094707638127,0.4207425637497282,0.5528683415426338
25716,LOF,0.014829647027768405,0.13204922610142444,0.8531211268708072
25717,LOF,0.013611557323297555,0.15746606092039628,0.8289223817563062
25718,LOF,0.020372229936780478,0.24913558626426177,0.7304921837989576
25719,LOF,0.023684403926121374,0.415760313265722,0.5605552828081567
25720,LOF,0.026707103272223278,0.3162563059104666,0.6570365908173101
25721,LOF,0.02375447000797731,0.3835737278604303,0.5926718021315924
25722,LOF,0.023985590863124562,0.3800206679357712,0.5959937412011043
25723,LOF,0.02426117738773088,0.4175372567541674,0.5582015658581017
25724,GOF,0.05603411357296518,0.48100298557832366,0.4629629008487113
25725,LOF,0.023646247426275684,0.38875280933596745,0.5876009432377568
25726,LOF,0.023806130010097414,0.4232286202484768,0.5529652497414257
25727,LOF,0.023609103385606227,0.42673791109057563,0.5496529855238181
25728,LOF,0.023422148228108303,0.4286901451141654,0.5478877066577262
25729,LOF,0.023688672651361084,0.4236273916066701,0.5526839357419687
25730,LOF,0.02364748651148324,0.4210475456478735,0.5553049678406433
25731,LOF,0.014463795026943754,0.20381144670280654,0.7817247582702497
25732,LOF,0.021605917048465272,0.2083959817719597,0.769998101179575
25733,LOF,0.019717655598399216,0.23766604207441647,0.7426163023271842
25734,LOF,0.01643872899255508,0.2647975594881855,0.7187637115192593
25735,LOF,0.020324420230048736,0.26346680111765064,0.7162087786523007
25736,LOF,0.01956671288811342,0.25981120196452706,0.7206220851473596
25737,LOF,0.02380159530338583,0.39430908285025495,0.5818893218463592
25738,LOF,0.02369094556086628,0.4119317089675179,0.5643773454716158
25739,LOF,0.024245175519951045,0.3976844728854444,0.5780703515946045
25740,LOF,0.0323336411150412,0.35112108608832665,0.6165452727966321
25741,LOF,0.0311350370943619,0.36966010496136587,0.5992048579442721
25742,LOF,0.03352131133043101,0.3348816099440378,0.6315970787255311
25743,LOF,0.030244678341581843,0.041444392837031496,0.9283109288213867
25744,Neutral,0.5746482275428065,0.1811497487632937,0.24420202369389984
25745,LOF,0.045099295524481484,0.0966682443826108,0.8582324600929077
25746,LOF,0.023598146900076018,0.14699204902401036,0.8294098040759136
25747,LOF,0.02601156962849647,0.09317883624641501,0.8808095941250885
25748,LOF,0.1610471701420208,0.11269741745290322,0.7262554124050759
25749,LOF,0.021936658086198397,0.13270827242738784,0.8453550694864137
25750,LOF,0.0310686847244021,0.1221183129467569,0.8468130023288409
25751,LOF,0.03482030513499526,0.34595355332640054,0.6192261415386041
25752,GOF,0.05256471725759938,0.714534922979812,0.23290035976258858
25753,LOF,0.013562949892679118,0.4194612993613715,0.5669757507459494
25754,GOF,0.01696973245523243,0.7539086914359707,0.22912157610879683
25755,LOF,0.02197938483769205,0.325829088788625,0.652191526373683
25756,GOF,0.030899364448856846,0.5049489142039286,0.4641517213472146
25757,GOF,0.014930503286395027,0.826712741049213,0.15835675566439197
25758,GOF,0.023205805580488122,0.8517478794539479,0.12504631496556384
25759,GOF,0.01671565235006751,0.6923388379500137,0.29094550969991867
25760,LOF,0.020420148158251553,0.3846837486090573,0.5948961032326912
25761,GOF,0.20059416494221133,0.7233671116814212,0.0760387233763675
25762,LOF,0.03472600772642257,0.4665747109439307,0.49869928132964686
25763,LOF,0.02164182698735762,0.3036722939443511,0.6746858790682912
25764,GOF,0.0603182143391852,0.805278305340477,0.13440348032033783
25765,GOF,0.021625479225437956,0.8271636359403891,0.15121088483417294
25766,GOF,0.05465414016561213,0.8215255248750479,0.1238203349593399
25767,GOF,0.05773939714849213,0.8663117526293086,0.07594885022219933
25768,LOF,0.041080808248453865,0.22538247842098857,0.7335367133305576
25769,LOF,0.023268724667562163,0.26943162827998696,0.7072996470524509
25770,LOF,0.2954583718825593,0.09408065502076468,0.610460973096676
25771,LOF,0.05824592807196161,0.040131709119215424,0.901622362808823
25772,LOF,0.027553564611566474,0.15638229273925527,0.8160641426491783
25773,LOF,0.060643559324218915,0.05063475727557572,0.8887216834002053
25774,LOF,0.018518662531410886,0.17885117727531807,0.802630160193271
25775,LOF,0.07197656942779285,0.04774845538428401,0.8802749751879232
25776,LOF,0.03337676710439433,0.09631469361409987,0.8703085392815059
25777,LOF,0.3129228196895595,0.06759392109725418,0.6194832592131863
25778,LOF,0.02622121112106614,0.20328089135784919,0.7704978975210847
25779,GOF,0.3945234728185371,0.5417666846218742,0.06370984255958878
25780,GOF,0.4431643431312969,0.4632242582131951,0.09361139865550813
25781,GOF,0.15269084779717154,0.7125138569096334,0.13479529529319517
25782,GOF,0.20953502021164244,0.6831694913785168,0.10729548840984084
25783,GOF,0.02655604524361246,0.7633043805177312,0.2101395742386563
25784,Neutral,0.6147071647589,0.3374048369719785,0.04788799826912158
25785,Neutral,0.6647098195232856,0.22590306060032944,0.10938711987638494
25786,GOF,0.02011821389005688,0.7898889561744761,0.18999282993546704
25787,Neutral,0.8462775177476264,0.11055145581480329,0.04317102643757024
25788,LOF,0.028049955282090554,0.05159794572735736,0.9203520989905521
25789,GOF,0.21003440810291513,0.6127396718656887,0.17722592003139623
25790,GOF,0.14119262780541902,0.6731808975317721,0.18562647466280877
25791,GOF,0.12484639740124977,0.512385550013426,0.3627680525853243
25792,Neutral,0.38158702917727005,0.3554798249460619,0.262933145876668
25793,GOF,0.17974708966358924,0.48660961605959696,0.3336432942768139
25794,GOF,0.24097460130408868,0.4928086123537671,0.2662167863421442
25795,GOF,0.05614105742530409,0.6980793448705362,0.24577959770415972
25796,Neutral,0.5089283623594901,0.28662848897926524,0.2044431486612445
25797,GOF,0.08566367228512475,0.5842867412966823,0.3300495864181929
25798,GOF,0.012670763433574449,0.5556776259933115,0.431651610573114
25799,GOF,0.012270151071466505,0.505962812152294,0.4817670367762395
25800,GOF,0.043426520321791055,0.7540160666944957,0.20255741298371333
25801,GOF,0.2168039692796422,0.6305329836209306,0.15266304709942713
25802,GOF,0.07562670167128456,0.6199318621405427,0.30444143618817265
25803,GOF,0.055899905524757584,0.6330904067371783,0.31100968773806403
25804,GOF,0.03987786405318661,0.5822234316264865,0.3778987043203268
25805,GOF,0.10690444500323291,0.6821881226194422,0.210907432377325
25806,GOF,0.12973082232556957,0.6052369371910901,0.2650322404833404
25807,GOF,0.01883947117679366,0.6051258556283762,0.37603467319483
25808,GOF,0.08487000855119611,0.6187487562930499,0.296381235155754
25809,GOF,0.017690799211741378,0.5229275421907268,0.45938165859753194
25810,GOF,0.020273053304701586,0.5554633767365839,0.4242635699587146
25811,Neutral,0.5390192667651447,0.3790828293880987,0.08189790384675673
25812,LOF,0.051527292462024456,0.4364485800437993,0.5120241274941763
25813,Neutral,0.7035132106131499,0.11631985151923668,0.1801669378676134
25814,GOF,0.212092610277969,0.5177257245364842,0.27018166518554687
25815,GOF,0.3193407636930691,0.4985948440062699,0.182064392300661
25816,GOF,0.022582690250346617,0.5836337538848698,0.39378355586478353
25817,GOF,0.14034604372113857,0.6607130053578182,0.1989409509210432
25818,GOF,0.04867718463163058,0.5452560393017689,0.4060667760666006
25819,GOF,0.3225472795993031,0.4814334247171777,0.19601929568351917
25820,GOF,0.1935229968469498,0.542187461431791,0.2642895417212591
25821,GOF,0.0580393035090984,0.6423599556715441,0.29960074081935745
25822,GOF,0.20157718316806225,0.556534468349589,0.24188834848234864
25823,GOF,0.04518399945132251,0.6373750303929843,0.3174409701556932
25824,GOF,0.11090544494733769,0.4927925334482187,0.3963020216044436
25825,GOF,0.04084012063462377,0.511251280888915,0.44790859847646125
25826,GOF,0.012832481896152523,0.6173856177729975,0.36978190033084996
25827,GOF,0.021135829696222498,0.7008259560421208,0.2780382142616568
25828,GOF,0.013628690165056443,0.6681428602273519,0.3182284496075916
25829,GOF,0.009770689850120237,0.5390919237836698,0.45113738636621
25830,LOF,0.0726947362550005,0.0891867609288188,0.8381185028161807
25831,GOF,0.1095756729960117,0.7779906320780592,0.1124336949259291
25832,GOF,0.038474252065927715,0.7245724930680468,0.23695325486602553
25833,GOF,0.1426602530762766,0.6837714929008532,0.17356825402287016
25834,GOF,0.055326137502252674,0.7188988135814675,0.22577504891627995
25835,GOF,0.1161898149869352,0.7294230920998372,0.1543870929132276
25836,GOF,0.053889501436529194,0.695371834829334,0.25073866373413667
25837,GOF,0.026862086159364033,0.5959112121637415,0.3772267016768945
25838,GOF,0.12306410837921426,0.6937879969866458,0.18314789463413989
25839,GOF,0.3370897387811302,0.49930464199941665,0.1636056192194531
25840,GOF,0.17269910750577097,0.6509583832346102,0.17634250925961903
25841,GOF,0.21281331323528163,0.6125879104357742,0.17459877632894413
25842,GOF,0.3239708162928232,0.46905694676741105,0.20697223693976569
25843,GOF,0.2703726147405332,0.5802729425224402,0.14935444273702667
25844,GOF,0.11635177483028313,0.5124772539654072,0.3711709712043096
25845,GOF,0.02328608713731115,0.591389396830177,0.38532451603251183
25846,GOF,0.08207661826443201,0.7426265240888661,0.17529685764670186
25847,GOF,0.1585170690142465,0.6907827871106696,0.1507001438750839
25848,GOF,0.04873317466155528,0.5935584582243119,0.35770836711413284
25849,GOF,0.012008270081510978,0.5858221816604554,0.4021695482580337
25850,GOF,0.0248749599965814,0.7172263001948576,0.2578987398085611
25851,GOF,0.018160662815905327,0.6218334277243238,0.36000590945977096
25852,GOF,0.10473671377013159,0.5983981194475013,0.296865166782367
25853,GOF,0.31238528773520724,0.5238122450433947,0.16380246722139793
25854,GOF,0.012273498603055462,0.6568377431965793,0.3308887582003652
25855,GOF,0.045092224136764274,0.5253725247004136,0.42953525116282204
25856,GOF,0.26805492286850924,0.4985881573036175,0.23335691982787324
25857,GOF,0.04096227575914044,0.5816751225155405,0.37736260172531916
25858,GOF,0.020641680845382118,0.736054724509155,0.24330359464546297
25859,GOF,0.011404552271122336,0.6982537459910522,0.29034170173782553
25860,GOF,0.3567665075646502,0.4942642519785758,0.14896924045677395
25861,GOF,0.1868847931073388,0.7141003204421158,0.09901488645054532
25862,GOF,0.0928591574102189,0.7480682069606569,0.15907263562912413
25863,GOF,0.10526308483193701,0.7382802155409163,0.15645669962714662
25864,GOF,0.18134058294532504,0.7227387341903944,0.09592068286428058
25865,GOF,0.08080521407858203,0.8295122856193053,0.08968250030211268
25866,GOF,0.07685727540906574,0.7926247953418697,0.1305179292490644
25867,GOF,0.10498884831140362,0.8013391865771303,0.09367196511146605
25868,GOF,0.1863900694471878,0.6505773827879483,0.16303254776486395
25869,Neutral,0.714064422473639,0.22291862455135136,0.06301695297500978
25870,LOF,0.1222407157946887,0.06230963638854255,0.8154496478167688
25871,GOF,0.09932662149488625,0.5801063151371963,0.32056706336791746
25872,GOF,0.11861227303663467,0.5049882569284112,0.37639947003495405
25873,GOF,0.16014846297979987,0.6113017092441874,0.2285498277760128
25874,LOF,0.03065983548108275,0.05012117869409888,0.9192189858248184
25875,LOF,0.06491512641819917,0.21592004056391892,0.7191648330178819
25876,LOF,0.023955412397696635,0.10595474556041834,0.8700898420418851
25877,LOF,0.3796512612753595,0.22048849938245682,0.3998602393421837
25878,LOF,0.1578186370836558,0.41665108275088786,0.4255302801654563
25879,LOF,0.09065985717960393,0.38884192631310266,0.5204982165072933
25880,LOF,0.027742632390635614,0.09406253240405457,0.8781948352053098
25881,LOF,0.38861947581427725,0.12386362970531122,0.48751689448041163
25882,LOF,0.08767813480291535,0.028837481698715937,0.8834843834983688
25883,LOF,0.07310827344784117,0.04873639113901676,0.8781553354131422
25884,LOF,0.07705077605748434,0.04794557723786163,0.875003646704654
25885,LOF,0.08504315992849894,0.03475119839230052,0.8802056416792005
25886,LOF,0.22826713350967393,0.1427652052249552,0.628967661265371
25887,LOF,0.38413756274114613,0.09473503369047755,0.5211274035683763
25888,LOF,0.1572083535453691,0.08826245130797539,0.7545291951466556
25889,LOF,0.081646018025649,0.05250654289106083,0.8658474390832902
25890,LOF,0.057405726605138555,0.09766768386760999,0.8449265895272515
25891,LOF,0.056338421633891425,0.025070086328858186,0.9185914920372503
25892,LOF,0.09654145766979175,0.06487741028087116,0.8385811320493372
25893,LOF,0.31395144889170196,0.05379424116898042,0.6322543099393175
25894,LOF,0.14501478800653558,0.0193537276582918,0.8356314843351725
25895,LOF,0.1645723887814134,0.017053828001327858,0.8183737832172587
25896,LOF,0.047165467150529806,0.01749226818976252,0.9353422646597076
25897,LOF,0.16594632573548884,0.046971142424678286,0.7870825318398329
25898,Neutral,0.6230605833934885,0.03748649077808291,0.3394529258284288
25899,LOF,0.21696421854321712,0.16939210283792414,0.6136436786188587
25900,Neutral,0.766326822336216,0.037242955258996215,0.19643022240478777
25901,LOF,0.07659523026473226,0.034963427784159035,0.8884413419511087
25902,LOF,0.11199527353245618,0.03568986400806199,0.8523148624594818
25903,Neutral,0.5482352730118198,0.07465108038149161,0.37711364660668856
25904,LOF,0.2794655651399877,0.08177110377005094,0.6387633310899614
25905,LOF,0.015603576068624982,0.4007084519890578,0.5836879719423171
25906,LOF,0.027011384746473074,0.06310887710055693,0.9098797381529701
25907,LOF,0.010928770582786889,0.32016060637761057,0.6689106230396026
25908,LOF,0.015678956831999907,0.1977265019606327,0.7865945412073674
25909,LOF,0.026901623127215585,0.14704904159821328,0.8260493352745713
25910,GOF,0.012998624592112524,0.5142257571443205,0.4727756182635669
25911,LOF,0.07918680983028141,0.029710599361777505,0.891102590807941
25912,LOF,0.032134444374242684,0.08247710630186253,0.8853884493238947
25913,LOF,0.2094701565736671,0.021015562913818318,0.7695142805125146
25914,LOF,0.05387598531695548,0.1755341476630964,0.7705898670199481
25915,Neutral,0.5163866870776929,0.33679971771840045,0.14681359520390666
25916,GOF,0.04582706692266312,0.7087611091787787,0.24541182389855826
25917,LOF,0.0314230561421945,0.11766317172379255,0.850913772134013
25918,LOF,0.05015048786477771,0.08064187988927113,0.8692076322459512
25919,LOF,0.05159428124805155,0.052452017410481964,0.8959537013414665
25920,GOF,0.200643269408831,0.6794605308125672,0.11989619977860175
25921,LOF,0.055726709504784956,0.06437889258861218,0.8798943979066028
25922,LOF,0.05232466716704516,0.05134404900116133,0.8963312838317935
25923,LOF,0.22899172827216718,0.14493968039997757,0.6260685913278553
25924,LOF,0.060016801628982416,0.02132746809082073,0.9186557302801969
25925,LOF,0.05639513645345776,0.05051386866884714,0.893090994877695
25926,LOF,0.037565112094638684,0.038416419812237285,0.9240184680931242
25927,LOF,0.08592068803079682,0.11680504160541746,0.7972742703637857
25928,LOF,0.04273870127485032,0.026841662095669756,0.9304196366294799
25929,LOF,0.34370159635389835,0.13352078459925615,0.5227776190468455
25930,LOF,0.07284973729645106,0.04615450802724404,0.8809957546763049
25931,LOF,0.04481495120957798,0.025955326103374136,0.9292297226870478
25932,LOF,0.08020871547090527,0.03400150643499476,0.8857897780940999
25933,LOF,0.08295191156128774,0.029807140889515894,0.8872409475491962
25934,LOF,0.07537721285137333,0.043873994499177824,0.8807487926494489
25935,LOF,0.041315775580656695,0.04564099163249484,0.9130432327868484
25936,LOF,0.08498461787501317,0.02898581339721263,0.8860295687277743
25937,LOF,0.05958974984125598,0.029233190140092805,0.9111770600186512
25938,LOF,0.05614399974474583,0.09275436092161073,0.8511016393336435
25939,LOF,0.06381584922139054,0.048810063848880966,0.8873740869297286
25940,GOF,0.024396783332574366,0.5625984134741588,0.4130048031932667
25941,LOF,0.18798604763345508,0.05313942967267607,0.7588745226938689
25942,LOF,0.03111317251047311,0.009608431948148742,0.9592783955413782
25943,LOF,0.39421584393168935,0.03431454118754026,0.5714696148807704
25944,Neutral,0.4990535326592087,0.031833248097330305,0.469113219243461
25945,LOF,0.18439778756102135,0.14710754606434845,0.6684946663746303
25946,LOF,0.01704212859704244,0.21522188477766738,0.7677359866252902
25947,LOF,0.06774796176852518,0.1878618549728297,0.7443901832586451
25948,LOF,0.38200196271466474,0.00811095766599265,0.6098870796193426
25949,LOF,0.1543555688292559,0.016252688065276317,0.8293917431054677
25950,GOF,0.30594482027688563,0.4122885458607652,0.2817666338623491
25951,LOF,0.213974114381812,0.2907827696881429,0.4952431159300452
25952,GOF,0.040815328508379004,0.5728750811004957,0.3863095903911252
25953,LOF,0.14687818851925905,0.34693329355451347,0.5061885179262275
25954,Neutral,0.49894624122415915,0.33433422728979684,0.1667195314860439
25955,LOF,0.056311904297298924,0.21474275956472108,0.7289453361379801
25956,LOF,0.13098938228773285,0.2020951951372561,0.666915422575011
25957,LOF,0.031144752305380594,0.03689745921118568,0.9319577884834338
25958,LOF,0.08093696707628746,0.03684933622401288,0.8822136966996996
25959,LOF,0.14189549978746624,0.3774463587109219,0.48065814150161196
25960,LOF,0.030702043848692788,0.0857604293900893,0.8835375267612179
25961,LOF,0.07093090497055095,0.0893919958589029,0.8396770991705461
25962,LOF,0.05128715148574608,0.09184222016631147,0.8568706283479425
25963,LOF,0.03761993163522514,0.16823925630219655,0.7941408120625782
25964,LOF,0.07494050667947955,0.1335371058070528,0.7915223875134676
25965,Neutral,0.4969814921884215,0.10293475136856726,0.4000837564430111
25966,LOF,0.2047441558868379,0.33995389148426336,0.4553019526288987
25967,LOF,0.023241904110077673,0.15405646994113717,0.8227016259487852
25968,LOF,0.04935349585120665,0.42882901018934116,0.5218174939594522
25969,LOF,0.02353830406270791,0.07999770292936341,0.8964639930079288
25970,LOF,0.04112166319701201,0.054275431553500446,0.9046029052494876
25971,LOF,0.08782103521928888,0.05235318224271863,0.8598257825379924
25972,LOF,0.11493966609757277,0.05558046398509644,0.8294798699173308
25973,LOF,0.14581522088938104,0.01298684463052801,0.841197934480091
25974,LOF,0.37728066142047006,0.049071181385298306,0.5736481571942317
25975,LOF,0.07082698370285403,0.04085611845203923,0.8883168978451068
25976,LOF,0.037950316572928945,0.060389466802440714,0.9016602166246304
25977,LOF,0.034875549951740706,0.29003827391941844,0.6750861761288408
25978,LOF,0.2424454546300809,0.11188288690357613,0.645671658466343
25979,LOF,0.20107006142638612,0.15794178219242472,0.6409881563811892
25980,LOF,0.27511937454690943,0.17524307627449845,0.5496375491785922
25981,LOF,0.27511937454690943,0.17524307627449845,0.5496375491785922
25982,Neutral,0.46333258397300364,0.07485338038771416,0.4618140356392821
25983,Neutral,0.5112709054620583,0.09266710299607268,0.39606199154186894
25984,LOF,0.03282948294223673,0.2679144492506238,0.6992560678071396
25985,LOF,0.025491457777054728,0.4819667230452302,0.492541819177715
25986,GOF,0.03936251499870364,0.5146389233503782,0.4459985616509181
25987,LOF,0.08280219717081684,0.12408509458022766,0.7931127082489556
25988,LOF,0.029296154266269085,0.27676144281296267,0.6939424029207681
25989,LOF,0.0244010137049899,0.27808001782510505,0.6975189684699051
25990,LOF,0.03107730687034614,0.19032493253902913,0.7785977605906248
25991,LOF,0.23930415362269716,0.28882515806554754,0.4718706883117552
25992,LOF,0.30786714732683923,0.21616784038364095,0.4759650122895197
25993,LOF,0.03793573629641778,0.08851071673601414,0.873553546967568
25994,LOF,0.03782235090563598,0.09082963654694201,0.8713480125474221
25995,LOF,0.03862489141615956,0.11810329541411843,0.8432718131697221
25996,LOF,0.14962841877588767,0.3843849339792848,0.4659866472448275
25997,GOF,0.08829299341400373,0.4648655115511089,0.44684149503488724
25998,Neutral,0.4959716582571271,0.013972512548920974,0.49005582919395196
25999,LOF,0.12502964888553378,0.40409846672346716,0.4708718843909989
26000,LOF,0.07838121546975074,0.01966035980849919,0.90195842472175
26001,LOF,0.12120695101924762,0.07573855022252982,0.8030544987582227
26002,LOF,0.08385879911273415,0.04408268320085154,0.8720585176864143
26003,GOF,0.012058762324477976,0.6758060569310463,0.3121351807444757
26004,GOF,0.040805705439848905,0.7445957384205072,0.2145985561396438
26005,GOF,0.01170228038728985,0.5298539375569297,0.45844378205578046
26006,Neutral,0.5144025579921062,0.3422523469712189,0.1433450950366748
26007,GOF,0.019717542498312066,0.6578602789651563,0.32242217853653155
26008,GOF,0.01908510409719293,0.6313413222247525,0.3495735736780545
26009,GOF,0.042894871650511715,0.6546715012452444,0.30243362710424393
26010,GOF,0.01287130981752035,0.8511616319817993,0.13596705820068047
26011,GOF,0.009316169867787666,0.5877544588909203,0.40292937124129213
26012,GOF,0.01706488791587019,0.5400324610284707,0.44290265105565924
26013,GOF,0.01223311558001985,0.6698550809786177,0.31791180344136244
26014,LOF,0.05040471449922283,0.15357035187631424,0.7960249336244629
26015,LOF,0.21466960374323948,0.010897956900062442,0.774432439356698
26016,LOF,0.3510242297777671,0.056336105618908866,0.5926396646033241
26017,LOF,0.29416706517439967,0.06172806003484463,0.6441048747907557
26018,LOF,0.07480625887535479,0.05944503365663709,0.865748707468008
26019,LOF,0.07979051840436073,0.028119845434532113,0.892089636161107
26020,LOF,0.0983763173651476,0.0885163326603834,0.813107349974469
26021,LOF,0.1003393541644287,0.1144639599751228,0.7851966858604486
26022,LOF,0.02309212453673395,0.030710791327696527,0.9461970841355695
26023,LOF,0.15360038330362108,0.04239662868011911,0.8040029880162599
26024,LOF,0.04122648492122842,0.12287184942521778,0.8359016656535538
26025,LOF,0.2686402415554297,0.10034004863351716,0.6310197098110532
26026,LOF,0.4755136904033919,0.015483420129748078,0.5090028894668599
26027,LOF,0.08653769585349505,0.023384290539186326,0.8900780136073186
26028,LOF,0.2081725082025961,0.08324580991566145,0.7085816818817424
26029,LOF,0.054506344734712726,0.4408696007101197,0.5046240545551675
26030,LOF,0.021304408203012572,0.14346958535713641,0.835226006439851
26031,LOF,0.014415118442917015,0.3529431846231582,0.6326416969339247
26032,LOF,0.04374659125684133,0.19390351531628508,0.7623498934268735
26033,LOF,0.10925242574228596,0.44095793424032403,0.44978964001739
26034,LOF,0.02419418031992459,0.2743353181837179,0.7014705014963574
26035,LOF,0.0227247635257962,0.3377528850076833,0.6395223514665205
26036,LOF,0.02718287152311592,0.28248977120132907,0.690327357275555
26037,LOF,0.017361685511578552,0.24766031273456068,0.7349780017538609
26038,LOF,0.04361620957502504,0.1772107937167441,0.7791729967082309
26039,LOF,0.04358982054305089,0.29746547703232057,0.6589447024246287
26040,GOF,0.20658105999701612,0.5556386815467305,0.23778025845625345
26041,LOF,0.02047199054881845,0.24510783413551643,0.7344201753156652
26042,LOF,0.018907622280257965,0.23156066094980637,0.7495317167699356
26043,LOF,0.04148740694166447,0.23138921633563592,0.7271233767226996
26044,LOF,0.024963620505881162,0.2137670679922589,0.76126931150186
26045,LOF,0.059649320423078155,0.25746722559250795,0.6828834539844137
26046,LOF,0.04790800112119243,0.2683726127345842,0.6837193861442233
26047,LOF,0.058541970232065775,0.24722436890507307,0.6942336608628611
26048,LOF,0.07074115054757095,0.1374040129133198,0.7918548365391093
26049,Neutral,0.9104531170580378,0.050255987310131665,0.039290895631830636
26050,Neutral,0.889055374001755,0.05953185243000173,0.051412773568243086
26051,GOF,0.027674974725392813,0.5555261887402302,0.416798836534377
26052,GOF,0.025194568253176838,0.5334735527714553,0.4413318789753678
26053,LOF,0.05106035304056229,0.265192716695373,0.6837469302640646
26054,LOF,0.06487980026683283,0.03302830888574594,0.9020918908474214
26055,LOF,0.05760214413419871,0.01909040392603006,0.9233074519397712
26056,LOF,0.04353646849577967,0.029924308500793566,0.9265392230034268
26057,LOF,0.06544409845522471,0.08267379831663275,0.8518821032281425
26058,LOF,0.06545970992970067,0.07032863591743245,0.8642116541528668
26059,LOF,0.44956931800091887,0.06026811486915042,0.4901625671299308
26060,LOF,0.052339405528630235,0.33600260684083444,0.6116579876305352
26061,LOF,0.039309310745507205,0.08115236916738182,0.8795383200871109
26062,LOF,0.025553081303060256,0.03983932212677448,0.9346075965701652
26063,LOF,0.06957414208380631,0.057677840399597134,0.8727480175165966
26064,LOF,0.04675530002754391,0.025519694073995985,0.9277250058984602
26065,LOF,0.071446863636342,0.04300686900759125,0.8855462673560668
26066,LOF,0.07583204176177501,0.05806255205533246,0.8661054061828924
26067,LOF,0.07687881986786019,0.0505846025757812,0.8725365775563586
26068,LOF,0.0582339904575673,0.0544488907532509,0.8873171187891818
26069,LOF,0.3465032445172845,0.03429919835652731,0.6191975571261882
26070,Neutral,0.5732994907289628,0.015030999790952427,0.41166950948008474
26071,LOF,0.06437573495698386,0.06463385320153993,0.8709904118414762
26072,LOF,0.048373606783195834,0.0710402741384453,0.8805861190783589
26073,LOF,0.0738727701923492,0.03079088921497294,0.8953363405926777
26074,Neutral,0.9626935697077008,0.0068405309071216756,0.030465899385177683
26075,LOF,0.030930265226649965,0.03625913095374105,0.932810603819609
26076,LOF,0.07472871288120689,0.04413958411377218,0.881131703005021
26077,LOF,0.02786623212188831,0.08166384413817868,0.8904699237399331
26078,LOF,0.02513028444503431,0.058105522484820635,0.9167641930701451
26079,LOF,0.056250357485945694,0.03171976692703153,0.9120298755870228
26080,LOF,0.056250357485945694,0.03171976692703153,0.9120298755870228
26081,LOF,0.07413010058171675,0.05896860365378995,0.8669012957644933
26082,LOF,0.037861067400573864,0.03795050122783488,0.9241884313715912
26083,LOF,0.07209292597831878,0.04834863407240022,0.8795584399492811
26084,LOF,0.06326807561417049,0.06852706468495601,0.8682048597008735
26085,LOF,0.06326807561417049,0.06852706468495601,0.8682048597008735
26086,LOF,0.06609832239050883,0.08046040428328101,0.8534412733262101
26087,LOF,0.06647964844522805,0.059091006873111106,0.8744293446816608
26088,LOF,0.040838289537645435,0.15648161869098318,0.8026800917713713
26089,LOF,0.04743499018960079,0.029939036429872987,0.9226259733805262
26090,LOF,0.04217230422889186,0.02640985164790647,0.9314178441232016
26091,LOF,0.07970273219176519,0.030208244767546473,0.8900890230406884
26092,LOF,0.07212726342038375,0.07260634396293972,0.8552663926166765
26093,LOF,0.07861019769275718,0.02926951757685721,0.8921202847303856
26094,LOF,0.07935217844928595,0.027266595707552722,0.8933812258431613
26095,LOF,0.06101232294105492,0.026356500095788066,0.912631176963157
26096,LOF,0.04060943494750837,0.020986548859263057,0.9384040161932286
26097,LOF,0.021897119843549414,0.09996152240848424,0.8781413577479662
26098,LOF,0.0579606492813394,0.025743666498332967,0.9162956842203277
26099,LOF,0.0787418934691626,0.06338384242538321,0.8578742641054542
26100,LOF,0.0787418934691626,0.06338384242538321,0.8578742641054542
26101,LOF,0.06307049472395794,0.1336867754970538,0.8032427297789881
26102,LOF,0.0672266529032303,0.060582746084258274,0.8721906010125114
26103,Neutral,0.7774143393322032,0.08203541081299291,0.1405502498548039
26104,LOF,0.04164942651077084,0.05113496418973412,0.907215609299495
26105,LOF,0.18090709714953174,0.09890455636403164,0.7201883464864367
26106,LOF,0.1574363695816671,0.04774284061360556,0.7948207898047275
26107,LOF,0.2834560427950583,0.038921632238170537,0.6776223249667712
26108,LOF,0.1576331044324941,0.053745121441820115,0.7886217741256858
26109,LOF,0.07599651609899681,0.08477293601790092,0.8392305478831023
26110,LOF,0.2896491573075899,0.02798068121244977,0.6823701614799602
26111,LOF,0.35571929784354445,0.12391636628088115,0.5203643358755744
26112,LOF,0.08958250079446951,0.026887684182469264,0.8835298150230612
26113,LOF,0.09160449034310718,0.07750005533906179,0.8308954543178311
26114,LOF,0.036176573212886726,0.02449873232819313,0.9393246944589201
26115,LOF,0.18365396148864066,0.04981287496939606,0.7665331635419632
26116,LOF,0.09519898122986155,0.05459210174835909,0.8502089170217794
26117,LOF,0.29554303203412013,0.17004281922466769,0.5344141487412122
26118,LOF,0.06591183737550045,0.02975418717434158,0.904333975450158
26119,LOF,0.03983319416376167,0.1412470819356499,0.8189197239005885
26120,LOF,0.05933793805483214,0.042889132119925524,0.8977729298252424
26121,LOF,0.06427276544114408,0.12663970922390172,0.8090875253349542
26122,LOF,0.08217284528834445,0.1615972386570669,0.7562299160545886
26123,LOF,0.06572263639210864,0.1926226686560999,0.7416546949517915
