feature0,prediction,LoGoFunc_Neutral,LoGoFunc_GOF,LoGoFunc_LOF
25546,Neutral,0.6431414984136368,0.062471740678169525,0.2943867609081936
25547,Neutral,0.5199203794842167,0.09490625848976562,0.3851733620260177
25548,Neutral,0.5099453782824753,0.08384698478574275,0.40620763693178197
25549,LOF,0.45370650265253915,0.08276711082870844,0.46352638651875255
25550,LOF,0.3598927525517241,0.10165917406674412,0.5384480733815318
25551,LOF,0.31584893867850744,0.11098757850754234,0.5731634828139502
25552,LOF,0.2757138423664685,0.1104376647503714,0.6138484928831601
25553,Neutral,0.7881231807087843,0.05103295733019929,0.16084386196101635
25554,LOF,0.30878648270753073,0.1021305827402013,0.589082934552268
25555,LOF,0.26935931574107563,0.09751549579230563,0.6331251884666187
25556,LOF,0.4479708808825307,0.09281898599310583,0.45921013312436354
25557,LOF,0.26462010540837255,0.10209322343243463,0.6332866711591928
25558,LOF,0.3207436187065348,0.10017932883640328,0.5790770524570619
25559,LOF,0.22896826080812147,0.06401665328245625,0.7070150859094222
25560,LOF,0.09301442535786122,0.16278061824197926,0.7442049564001595
25561,LOF,0.1050695764213096,0.21786416487625554,0.6770662587024348
25562,LOF,0.03840947481627185,0.10086913278823735,0.8607213923954907
25563,LOF,0.009313149156503301,0.1688728344800056,0.8218140163634912
25564,LOF,0.0940782531616573,0.12040745473985488,0.7855142920984879
25565,LOF,0.19029872964982608,0.13767220760552593,0.6720290627446479
25566,GOF,0.06779430771833347,0.6266580560530064,0.30554763622866005
25567,LOF,0.037789513179450354,0.16636968898973525,0.7958407978308143
25568,LOF,0.05797309845252728,0.0957437423984577,0.846283159149015
25569,LOF,0.06015487465818055,0.0883458544662164,0.8514992708756031
25570,LOF,0.027308886902992834,0.12449818498172857,0.8481929281152786
25571,LOF,0.024232857309206168,0.13147161792386317,0.8442955247669307
25572,LOF,0.06058377035637891,0.17460298578788436,0.7648132438557368
25573,LOF,0.06194304148143665,0.11995598680925725,0.8181009717093062
25574,LOF,0.06430410483400312,0.2293601990523729,0.706335696113624
25575,LOF,0.02328305026312287,0.14012315839851874,0.8365937913383584
25576,LOF,0.027527804467125036,0.20815199016846486,0.7643202053644101
25577,LOF,0.03212690174528571,0.1541784249858645,0.8136946732688498
25578,LOF,0.29866100897577486,0.10891624399773152,0.5924227470264937
25579,LOF,0.1880811883542392,0.10614706403134007,0.7057717476144207
25580,LOF,0.021278525559616672,0.09671484230513672,0.8820066321352467
25581,LOF,0.04800992706047495,0.09310710998406956,0.8588829629554554
25582,LOF,0.04798176496390447,0.09202818403351405,0.8599900510025814
25583,LOF,0.024995737297329325,0.10506089796698782,0.8699433647356829
25584,Neutral,0.711165898743113,0.12877647068006265,0.1600576305768244
25585,LOF,0.01986197149942752,0.18559202271677777,0.7945460057837946
25586,LOF,0.017444899559717352,0.09783625771725606,0.8847188427230266
25587,LOF,0.017769308102501196,0.08979227398365237,0.8924384179138464
25588,LOF,0.02184144351705221,0.08674722492915607,0.8914113315537917
25589,Neutral,0.520009663734751,0.220657172641686,0.259333163623563
25590,LOF,0.04722924057600928,0.13090125595046154,0.8218695034735293
25591,LOF,0.08091709691323808,0.07700393251308665,0.8420789705736753
25592,LOF,0.06398091715904718,0.1612712514361603,0.7747478314047925
25593,LOF,0.11358484723443249,0.29458833886122565,0.5918268139043418
25594,LOF,0.05586770248029494,0.05582782965832402,0.888304467861381
25595,LOF,0.05883424414391459,0.03257205163657542,0.90859370421951
25596,LOF,0.12211869103284174,0.02112437167424605,0.8567569372929121
25597,LOF,0.08588417831910353,0.025530856759923455,0.888584964920973
25598,LOF,0.058548823229116566,0.0329155435442452,0.9085356332266381
25599,LOF,0.022957793785961352,0.317938908783814,0.6591032974302248
25600,LOF,0.1755685035830388,0.3766287999503716,0.44780269646658954
25601,LOF,0.040044724297313164,0.2971719955285807,0.6627832801741061
25602,LOF,0.02649308638588818,0.08493971221833223,0.8885672013957797
25603,LOF,0.03668675868555576,0.06939735257339616,0.893915888741048
25604,LOF,0.039220482859779866,0.106473270816163,0.8543062463240572
25605,LOF,0.030929089552046957,0.20251041379414697,0.766560496653806
25606,Neutral,0.4293289789756038,0.15004195378041296,0.4206290672439832
25607,LOF,0.025419389213968076,0.2313268086754766,0.7432538021105553
25608,LOF,0.03544314977356553,0.133752173242108,0.8308046769843265
25609,GOF,0.14078082884828352,0.4697414190399412,0.3894777521117752
25610,LOF,0.01660627018292444,0.06394931971084662,0.9194444101062288
25611,LOF,0.014602769418702132,0.06860132200421398,0.9167959085770839
25612,LOF,0.051674485829636796,0.06993934706175241,0.8783861671086107
25613,LOF,0.04952238103603636,0.07072163173846448,0.8797559872254992
25614,LOF,0.0258750418743505,0.05434685522777168,0.9197781028978778
25615,LOF,0.04263037765626408,0.06608861869853724,0.8912810036451987
25616,LOF,0.0589094571536904,0.0630241108512964,0.8780664319950132
25617,LOF,0.047897805037654534,0.06873308492233124,0.8833691100400142
25618,LOF,0.05676341408180013,0.09541037807993161,0.8478262078382682
25619,LOF,0.013539474188513225,0.07161854063550752,0.9148419851759791
25620,LOF,0.06082656399289956,0.07528921739344405,0.8638842186136564
25621,LOF,0.0604222715475648,0.06994019978363242,0.8696375286688028
25622,LOF,0.0639504848017744,0.07422634992751546,0.8618231652707101
25623,LOF,0.06377117131953619,0.049234510817959924,0.8869943178625039
25624,LOF,0.022057769722245716,0.06290634341117926,0.9150358868665749
25625,LOF,0.06518948753768716,0.0632550865738606,0.8715554258884524
25626,LOF,0.054054753108171705,0.06435279965009898,0.8815924472417292
25627,Neutral,0.8871447517897502,0.02442226169149921,0.08843298651875069
25628,LOF,0.15544939357990215,0.0657033189549843,0.7788472874651136
25629,LOF,0.062363538904914584,0.07048620891808506,0.8671502521770003
25630,LOF,0.2594663742441755,0.08648902447547327,0.6540446012803511
25631,Neutral,0.5312853586520659,0.07177628475349075,0.3969383565944433
25632,LOF,0.03259617306112612,0.0868695892736809,0.880534237665193
25633,LOF,0.21435176846181223,0.056059822316626186,0.7295884092215615
25634,LOF,0.04407543091957003,0.11016350412704447,0.8457610649533855
25635,LOF,0.03930856727851456,0.048695459730107284,0.9119959729913781
25636,GOF,0.031436278862328394,0.5566028078117949,0.4119609133258767
25637,GOF,0.05665726298206583,0.5621569047572441,0.38118583226069
25638,LOF,0.0317204019201068,0.479005261953942,0.4892743361259513
25639,LOF,0.030282723746460075,0.4636522398562277,0.5060650363973123
25640,Neutral,0.8431842999305867,0.09951614842668313,0.05729955164273003
25641,GOF,0.08824966343043014,0.45626791336389705,0.4554824232056728
25642,LOF,0.06737598142577564,0.18215571477942097,0.7504683037948033
25643,LOF,0.2640831475033023,0.13930825059379076,0.5966086019029069
25644,GOF,0.009797311381942807,0.6092651306893155,0.3809375579287417
25645,GOF,0.011284119842986651,0.608312146551545,0.38040373360546836
25646,LOF,0.0280447397704089,0.4394133371651609,0.5325419230644303
25647,LOF,0.011297285579180086,0.3531090408051653,0.6355936736156547
25648,LOF,0.014360691718061981,0.41573643045074,0.5699028778311981
25649,LOF,0.008449315559238814,0.3137821196908659,0.6777685647498953
25650,GOF,0.02091485756664197,0.589152910311939,0.38993223212141914
25651,LOF,0.008664416694074296,0.4239825804686555,0.5673530028372702
25652,LOF,0.01294176905594806,0.43168238342645976,0.5553758475175922
25653,GOF,0.03590243029870364,0.594101342088879,0.3699962276124174
25654,LOF,0.009600887269433816,0.3218656786424688,0.6685334340880974
25655,GOF,0.12253751541475365,0.6379856605509384,0.23947682403430795
25656,LOF,0.33770079763864286,0.13418860028373597,0.5281106020776211
25657,LOF,0.0543232387491794,0.11850495191125948,0.8271718093395612
25658,LOF,0.32174027621351375,0.17047737299047905,0.5077823507960072
25659,Neutral,0.42948450387835146,0.1864828997721657,0.3840325963494827
25660,LOF,0.021792726497614694,0.12069109996069226,0.8575161735416932
25661,LOF,0.08931874526696267,0.07135497326466543,0.839326281468372
25662,LOF,0.03196739684746785,0.03944895537316565,0.9285836477793664
25663,LOF,0.0380116330166871,0.04306190241759547,0.9189264645657175
25664,LOF,0.12553695992218472,0.06872616310972006,0.8057368769680953
25665,LOF,0.06691789952618735,0.03312637194941487,0.8999557285243979
25666,LOF,0.09761104506821391,0.06925764184295716,0.8331313130888289
25667,LOF,0.07282234939875486,0.04514406741399578,0.8820335831872494
25668,LOF,0.03550102398919386,0.057304128622221756,0.9071948473885844
25669,LOF,0.02964858051158599,0.053520913083718896,0.9168305064046951
25670,LOF,0.12952544338361052,0.04988728747484197,0.8205872691415476
25671,LOF,0.10219188374268728,0.0426972746638579,0.8551108415934547
25672,LOF,0.05421609140718262,0.05015100094979668,0.8956329076430207
25673,LOF,0.08403214662725599,0.0468987995991077,0.8690690537736363
25674,LOF,0.07236955633313515,0.06022187518071185,0.867408568486153
25675,LOF,0.10515553938644442,0.0742202390160419,0.8206242215975137
25676,LOF,0.01824104086145612,0.06242500196583844,0.9193339571727054
25677,LOF,0.021805731617072954,0.07882073959369743,0.8993735287892296
25678,LOF,0.18998537994454018,0.09452714861929873,0.7154874714361612
25679,LOF,0.12571492315219027,0.08840193049006279,0.7858831463577468
25680,LOF,0.03143110687968332,0.12890041619228662,0.8396684769280301
25681,LOF,0.047731439864482285,0.12954049660364075,0.822728063531877
25682,LOF,0.12334999615304007,0.08476283332051356,0.7918871705264464
25683,LOF,0.11596684524158289,0.08990587743242329,0.7941272773259939
25684,LOF,0.035061334081856826,0.07037623270172727,0.8945624332164158
25685,LOF,0.11299375258220604,0.07598836011090596,0.8110178873068881
25686,LOF,0.08092622020025124,0.11430593145513561,0.8047678483446131
25687,LOF,0.12590251667584404,0.11978799543310834,0.7543094878910476
25688,LOF,0.41553873824714005,0.04376185058314895,0.540699411169711
25689,LOF,0.2901636316887899,0.054412500215773686,0.6554238680954365
25690,LOF,0.3289834312797284,0.036937508264523945,0.6340790604557477
25691,Neutral,0.7207602136873441,0.0327165678571926,0.24652321845546318
25692,LOF,0.35273841228359953,0.013797178781508018,0.6334644089348923
25693,LOF,0.04090948383219755,0.4073348737457874,0.5517556424220149
25694,LOF,0.11373778317141345,0.021422688144861847,0.8648395286837247
25695,LOF,0.10721629959913802,0.012668070367554962,0.8801156300333071
25696,LOF,0.12296193382046847,0.014096000480642063,0.8629420656988895
25697,LOF,0.06013814221005806,0.09793700251689821,0.8419248552730437
25698,LOF,0.28520805343596084,0.2312253763465792,0.4835665702174599
25699,LOF,0.45366532467005144,0.04235602761389903,0.5039786477160495
25700,LOF,0.0725720012974508,0.011603891024829952,0.9158241076777193
25701,LOF,0.15086452254188584,0.03884101271421903,0.8102944647438951
25702,GOF,0.1605431764807993,0.6547938628401901,0.18466296067901058
25703,LOF,0.016470615426429774,0.15370698463381532,0.8298223999397548
25704,LOF,0.03492323463096429,0.15639021904044006,0.8086865463285957
25705,LOF,0.037345456557166104,0.10109718747456493,0.8615573559682691
25706,LOF,0.13068499396210456,0.36355753072750463,0.5057574753103908
25707,LOF,0.09002516270623853,0.3127274663218248,0.5972473709719367
25708,LOF,0.03934894987316048,0.2870176521551488,0.6736333979716909
25709,LOF,0.0671530768269915,0.032358552059662815,0.9004883711133457
25710,LOF,0.013625179743150653,0.12147927289360977,0.8648955473632396
25711,LOF,0.019145114187837493,0.07610054064760904,0.9047543451645534
25712,LOF,0.016850501695952626,0.16352960134222116,0.8196198969618262
25713,LOF,0.017511464352960884,0.07897775886575131,0.9035107767812878
25714,LOF,0.06949736534679139,0.06088127035337135,0.8696213642998373
25715,LOF,0.011295410256541127,0.1192494898523873,0.8694550998910715
25716,LOF,0.013910842502783058,0.09143409661782555,0.8946550608793913
25717,LOF,0.017612028799716628,0.07795034196013156,0.9044376292401518
25718,LOF,0.011070561396572386,0.07631510858554136,0.9126143300178862
25719,LOF,0.019964828660196658,0.07153631340012956,0.9084988579396738
25720,LOF,0.024494889470120587,0.05440928859500475,0.9210958219348746
25721,LOF,0.012691878872906348,0.09750060615250043,0.8898075149745932
25722,LOF,0.013071672282648807,0.07329363829975981,0.9136346894175914
25723,LOF,0.02489679010840879,0.03919158141344263,0.9359116284781487
25724,LOF,0.03099745592519316,0.07229116660557187,0.896711377469235
25725,LOF,0.011312552206977562,0.06431236880846448,0.9243750789845581
25726,LOF,0.014825646005243111,0.08523341262204066,0.8999409413727163
25727,LOF,0.012387368151138795,0.06866528244543883,0.9189473494034225
25728,LOF,0.009854190366094142,0.07629242911945533,0.9138533805144505
25729,LOF,0.009994386084786614,0.07815296522826326,0.91185264868695
25730,LOF,0.013205223439545805,0.0770350695199249,0.9097597070405293
25731,LOF,0.024867898844973566,0.070843277246341,0.9042888239086855
25732,LOF,0.012264813662616272,0.04491290454512372,0.94282228179226
25733,LOF,0.01714374028706596,0.047579602771246676,0.9352766569416874
25734,LOF,0.013196022167040853,0.1134370953925863,0.8733668824403729
25735,LOF,0.01155307402296642,0.05773515336075231,0.9307117726162812
25736,LOF,0.012186092708462548,0.05967341058651952,0.928140496705018
25737,LOF,0.0114560863473694,0.0775060836184682,0.9110378300341624
25738,LOF,0.011010747666519367,0.0775486744064653,0.9114405779270154
25739,LOF,0.019965324107308172,0.059775631961010045,0.9202590439316817
25740,LOF,0.027541988824622287,0.08863188633721629,0.8838261248381614
25741,LOF,0.015021720201334285,0.08641166487317287,0.898566614925493
25742,LOF,0.1175312397123169,0.06331167669398448,0.8191570835936985
25743,LOF,0.038335658994055354,0.046142267710491035,0.9155220732954535
25744,Neutral,0.6335321463300787,0.20246242860362612,0.16400542506629523
25745,LOF,0.07162801696264084,0.054932586619610604,0.8734393964177486
25746,LOF,0.04335667406422077,0.07338029618375323,0.883263029752026
25747,LOF,0.02575730407514512,0.06926479862005036,0.9049778973048046
25748,LOF,0.13110377275139126,0.10891572436461386,0.759980502883995
25749,LOF,0.02961683341795579,0.07160072346400126,0.898782443118043
25750,LOF,0.07081887504335296,0.08281578065884697,0.8463653442978001
25751,LOF,0.10632774432836589,0.10385794828555518,0.7898143073860789
25752,GOF,0.09379893260149001,0.6701193708495838,0.23608169654892613
25753,LOF,0.02480552696233183,0.31197641474546955,0.6632180582921986
25754,GOF,0.014402491868927838,0.8280128468987291,0.15758466123234294
25755,LOF,0.02817239907411382,0.38941959555656236,0.5824080053693238
25756,LOF,0.04753535672918024,0.37955861770960203,0.5729060255612177
25757,GOF,0.01921039637529986,0.8790817836826323,0.10170781994206786
25758,GOF,0.02635426412886344,0.8283965992803319,0.14524913659080466
25759,GOF,0.01132433269234904,0.6375718254187391,0.3511038418889117
25760,LOF,0.015944761373369955,0.33533235977538745,0.6487228788512426
25761,GOF,0.2652317932739772,0.6570840680539114,0.07768413867211152
25762,LOF,0.04498665550554118,0.3188208956266852,0.6361924488677737
25763,LOF,0.015902223737581638,0.23062002026031456,0.7534777560021038
25764,GOF,0.06729735543749123,0.704932014729732,0.22777062983277677
25765,GOF,0.032372094888929365,0.7771704567603852,0.19045744835068557
25766,GOF,0.06108848431077951,0.8135073886224408,0.12540412706677972
25767,GOF,0.1496817604006017,0.5363597858156687,0.31395845378372966
25768,LOF,0.11017814814628696,0.05509115308466545,0.8347306987690476
25769,LOF,0.04631961288377128,0.0626353348155725,0.8910450523006562
25770,LOF,0.3343888906560245,0.10644039353632799,0.5591707158076474
25771,LOF,0.05053532505876504,0.06526690731331519,0.8841977676279198
25772,LOF,0.01764164738123992,0.0539081732430952,0.9284501793756649
25773,LOF,0.05269312774761901,0.08467408407610638,0.8626327881762746
25774,LOF,0.030034175773919976,0.1175232033668929,0.852442620859187
25775,LOF,0.05718710453973911,0.06606533190154623,0.8767475635587147
25776,LOF,0.06321111134740534,0.03709726283630313,0.8996916258162915
25777,LOF,0.35885398189734746,0.10031297889055511,0.5408330392120974
25778,LOF,0.059503989741569556,0.06070314245205583,0.8797928678063747
25779,GOF,0.39311385016465217,0.552602331311363,0.05428381852398472
25780,GOF,0.3525580842412416,0.5729865285620898,0.07445538719666872
25781,GOF,0.11156985504396634,0.7703475720139065,0.11808257294212722
25782,GOF,0.18704885651529937,0.7234667012793258,0.08948444220537488
25783,GOF,0.02417073375058688,0.6084197777503396,0.36740948849907346
25784,Neutral,0.5130258074167917,0.4485382232760482,0.03843596930715996
25785,Neutral,0.47847978122025386,0.47475362904996243,0.046766589729783675
25786,GOF,0.03584072978806868,0.7288993976495413,0.2352598725623901
25787,Neutral,0.6677068312845965,0.30603989461547104,0.026253274099932437
25788,LOF,0.05650068212431501,0.07716125194370298,0.8663380659319821
25789,GOF,0.19602013762028456,0.6334398074728882,0.17054005490682733
25790,GOF,0.27797997237770056,0.6241046797114271,0.09791534791087224
25791,GOF,0.1488501125939762,0.677059682477324,0.17409020492869973
25792,GOF,0.36675570523821355,0.5054460287134065,0.12779826604837993
25793,GOF,0.23554364713474038,0.5304974418722531,0.23395891099300647
25794,GOF,0.2931240184688336,0.5131692368873864,0.19370674464378007
25795,GOF,0.06923390505034924,0.6327950059664993,0.29797108898315144
25796,Neutral,0.5157347239380293,0.4026542602243707,0.08161101583759998
25797,GOF,0.08260164235985663,0.5431622677187623,0.37423608992138097
25798,GOF,0.009523570463491093,0.5058020028573866,0.48467442667912225
25799,LOF,0.007464620120588551,0.428225016897405,0.5643103629820064
25800,GOF,0.03672989755762606,0.5923906471752187,0.3708794552671552
25801,GOF,0.24226355292336024,0.6468038793016639,0.11093256777497579
25802,GOF,0.06609770893234562,0.6681448230386028,0.2657574680290517
25803,GOF,0.0403189956314648,0.5588368445977837,0.40084415977075155
25804,GOF,0.03959672762264979,0.5117150990786988,0.4486881732986514
25805,GOF,0.1387257407051954,0.5655048318672994,0.29576942742750506
25806,GOF,0.14591102629013739,0.5725999728469156,0.28148900086294704
25807,GOF,0.02421289708187626,0.6124194386685625,0.3633676642495613
25808,GOF,0.11290257937605629,0.5613328573345463,0.3257645632893975
25809,GOF,0.02215575876382963,0.6126928772589582,0.36515136397721215
25810,GOF,0.021020256450064247,0.623269704580244,0.3557100389696918
25811,Neutral,0.4918997577843749,0.4388851562177252,0.06921508599789983
25812,GOF,0.04176416092998913,0.6141007982262972,0.34413504084371377
25813,Neutral,0.5700106838354357,0.32810111647396095,0.10188819969060324
25814,GOF,0.1430550344717761,0.6307981945972597,0.22614677093096425
25815,GOF,0.25574614180898814,0.5675409146040813,0.1767129435869307
25816,GOF,0.022192226377801952,0.6590032374148638,0.3188045362073342
25817,GOF,0.2501484123792409,0.6174422787753854,0.13240930884537375
25818,GOF,0.04825933108988139,0.5395377349666715,0.41220293394344715
25819,GOF,0.3922638643983405,0.44869387840522795,0.15904225719643142
25820,GOF,0.23106255967345365,0.5441155806558046,0.2248218596707418
25821,GOF,0.07148911398011441,0.6284028485704287,0.30010803744945685
25822,GOF,0.28219266375510693,0.4866357641489739,0.2311715720959191
25823,GOF,0.03542955013890989,0.4863122956016517,0.4782581542594384
25824,GOF,0.08914294929490438,0.5063575117696059,0.40449953893548973
25825,GOF,0.03336669191127652,0.5194571612649219,0.44717614682380147
25826,LOF,0.012050949215339493,0.4893866729957518,0.4985623777889087
25827,GOF,0.022676084302793532,0.5566530981911624,0.42067081750604407
25828,LOF,0.015249898399969293,0.4764732896367269,0.5082768119633038
25829,GOF,0.0068369058255334896,0.5283451792309088,0.4648179149435577
25830,LOF,0.04710172616568719,0.23094785577690163,0.7219504180574112
25831,GOF,0.19111495430828335,0.6690166040370714,0.13986844165464538
25832,GOF,0.03588019867231567,0.6791638793816738,0.28495592194601055
25833,GOF,0.13112666082889113,0.6808186820368725,0.18805465713423636
25834,GOF,0.042271375920705956,0.6814453041735049,0.2762833199057892
25835,GOF,0.1031534826342847,0.6643710363691319,0.23247548099658347
25836,GOF,0.052020853518129274,0.6440866300758483,0.30389251640602244
25837,GOF,0.02513222337885424,0.5308427898755732,0.44402498674557256
25838,GOF,0.08646802619235434,0.7211133198833624,0.19241865392428323
25839,GOF,0.3164745215601827,0.5420842389433893,0.14144123949642803
25840,GOF,0.25521037251289774,0.5685286582202663,0.17626096926683596
25841,GOF,0.2562269812804899,0.5659009116731023,0.17787210704640782
25842,GOF,0.17574713675620643,0.6488907762520636,0.17536208699173
25843,GOF,0.20915835096920207,0.6614482079284579,0.1293934411023399
25844,GOF,0.055004730611073444,0.66245552454844,0.2825397448404865
25845,LOF,0.013637014305651332,0.4838911961847765,0.5024717895095723
25846,GOF,0.0984527848376244,0.7147931994959856,0.18675401566638983
25847,GOF,0.12376065871240485,0.7261056080126697,0.1501337332749256
25848,GOF,0.032936466865534156,0.6568405486789046,0.3102229844555613
25849,GOF,0.009958820445683941,0.557721532599445,0.4323196469548711
25850,GOF,0.022519947361837416,0.6041735139492657,0.3733065386888969
25851,GOF,0.017448708184374596,0.5153232840470435,0.46722800776858175
25852,GOF,0.18006124081000896,0.5381499045612975,0.2817888546286936
25853,GOF,0.3481222297351125,0.5771738966648129,0.07470387360007463
25854,GOF,0.01888323251480295,0.5941065563923847,0.3870102110928123
25855,GOF,0.038415888430477586,0.5532149024866472,0.4083692090828754
25856,GOF,0.2385032953047758,0.5263262022836667,0.2351705024115575
25857,LOF,0.03723404475046133,0.4761479571265616,0.4866179981229771
25858,GOF,0.020210345354071308,0.5718456969118887,0.4079439577340399
25859,GOF,0.011374005300361678,0.5538726279403993,0.4347533667592389
25860,GOF,0.3747783315252205,0.5397996176437326,0.08542205083104683
25861,GOF,0.37068926968960475,0.5484868977124175,0.08082383259797771
25862,GOF,0.07480894763485571,0.7812599001407156,0.14393115222442876
25863,GOF,0.0853089527997728,0.7766318502665464,0.13805919693368102
25864,GOF,0.20051608515384575,0.7184837745798333,0.08100014026632096
25865,GOF,0.08077768697423561,0.7768095749158337,0.14241273810993066
25866,GOF,0.06559872344647431,0.8003446964919635,0.13405658006156224
25867,GOF,0.08567318318548775,0.8086757298261802,0.10565108698833202
25868,GOF,0.28429288228827443,0.61471542745221,0.1009916902595155
25869,Neutral,0.6821581932581848,0.27336798620341046,0.04447382053840463
25870,LOF,0.34084825259716683,0.22439917625489428,0.4347525711479389
25871,GOF,0.23483728285874247,0.5953079525398964,0.16985476460136123
25872,GOF,0.09467288556521199,0.5935863997928121,0.3117407146419759
25873,GOF,0.17444091972044037,0.5761520532390846,0.24940702704047513
25874,LOF,0.02348527421658072,0.09140278133095867,0.8851119444524606
25875,LOF,0.08446212395800652,0.057371220883222974,0.8581666551587704
25876,LOF,0.028559822751384585,0.03938949789586221,0.9320506793527531
25877,Neutral,0.539531586952407,0.06505973356389073,0.39540867948370223
25878,LOF,0.23824079830409278,0.10639132762142697,0.6553678740744803
25879,LOF,0.08978878662897335,0.11438539841066413,0.7958258149603625
25880,LOF,0.023192771811388308,0.02235364498101831,0.9544535832075934
25881,LOF,0.18296846886264037,0.18801770144599506,0.6290138296913645
25882,LOF,0.08008774645025683,0.021894192237607142,0.8980180613121361
25883,LOF,0.07922449699375134,0.028552240652675594,0.8922232623535731
25884,LOF,0.04484280002880365,0.04184380173813191,0.9133133982330643
25885,LOF,0.06879682543930433,0.01624717514574588,0.9149559994149498
25886,LOF,0.36711060211361,0.05306065554508649,0.5798287423413035
25887,LOF,0.1772725097092136,0.10698910194539853,0.7157383883453878
25888,LOF,0.0710389363913748,0.09491367035106117,0.834047393257564
25889,LOF,0.0530696664127521,0.02847173210532321,0.9184586014819247
25890,LOF,0.05499842371920115,0.13931781365896634,0.8056837626218326
25891,LOF,0.041118779043457315,0.0687502044925539,0.8901310164639887
25892,LOF,0.11008608591766827,0.02146751921314675,0.8684463948691851
25893,LOF,0.2958427286109183,0.014062396320694035,0.6900948750683876
25894,LOF,0.16984083143435924,0.008787332934662613,0.8213718356309782
25895,LOF,0.18897478206830925,0.018952544470428507,0.7920726734612623
25896,LOF,0.04787407695382353,0.021205374629506037,0.9309205484166704
25897,LOF,0.2240908776515186,0.014139297341848524,0.7617698250066328
25898,Neutral,0.7238544543572227,0.00959361121492735,0.2665519344278499
25899,LOF,0.2527798549540803,0.024847021175922534,0.7223731238699972
25900,LOF,0.4371681000114916,0.015209960257440697,0.5476219397310678
25901,LOF,0.05378346307204133,0.01073449340068272,0.935482043527276
25902,LOF,0.18452123522612066,0.009761935243120308,0.8057168295307591
25903,Neutral,0.5077466888440841,0.028150587466560816,0.4641027236893551
25904,LOF,0.26397545649702425,0.04544933765374188,0.6905752058492338
25905,LOF,0.02529198253848764,0.32040586802293947,0.6543021494385729
25906,LOF,0.021559142700931178,0.06181119908701112,0.9166296582120577
25907,LOF,0.01429940472140527,0.3281769361760931,0.6575236591025015
25908,LOF,0.011956391095650696,0.21025746534273568,0.7777861435616136
25909,LOF,0.013686838773923684,0.1491813236435373,0.837131837582539
25910,LOF,0.04678275540938479,0.10898062871731062,0.8442366158733047
25911,LOF,0.12987913204615575,0.032653561173594255,0.83746730678025
25912,LOF,0.04238630663082801,0.0544933681490151,0.9031203252201568
25913,LOF,0.26769256058152185,0.025553848937144054,0.706753590481334
25914,LOF,0.02549131208964629,0.11708054131037911,0.8574281465999746
25915,Neutral,0.44518544134231725,0.24413395259401366,0.31068060606366904
25916,LOF,0.07309532671407867,0.2725010515844806,0.6544036217014407
25917,LOF,0.06602044062298079,0.06476007039368042,0.8692194889833387
25918,LOF,0.03744339712616684,0.06744905406145409,0.8951075488123791
25919,LOF,0.029438906331581773,0.07587887799904948,0.8946822156693687
25920,GOF,0.07561381738459627,0.5067131549396734,0.41767302767573045
25921,LOF,0.030893806531195646,0.020589070139857918,0.9485171233289463
25922,LOF,0.039308774535988585,0.012437315855528153,0.9482539096084833
25923,LOF,0.39307327569985023,0.01557465450056784,0.591352069799582
25924,LOF,0.04171234206089074,0.027237275934640436,0.9310503820044688
25925,LOF,0.07118464850453236,0.024021810683387032,0.9047935408120806
25926,LOF,0.04927377329198204,0.016855829309902728,0.9338703973981153
25927,LOF,0.07216246757063723,0.055606422924489335,0.8722311095048735
25928,LOF,0.024516135379415518,0.025367721137239098,0.9501161434833454
25929,Neutral,0.5196300661149099,0.016999646359282663,0.46337028752580744
25930,LOF,0.055554318825922655,0.01223254108711743,0.93221314008696
25931,LOF,0.03243170261097876,0.01843361146745088,0.9491346859215705
25932,LOF,0.028417520526772957,0.013000517039591769,0.9585819624336354
25933,LOF,0.037450404597147116,0.00892156350875977,0.9536280318940931
25934,LOF,0.024503013960356555,0.01012308421058177,0.9653739018290616
25935,LOF,0.06741086417958667,0.02843056858841616,0.9041585672319972
25936,LOF,0.046736735320891384,0.012861751347172056,0.9404015133319367
25937,LOF,0.029604715416416717,0.022355934103987375,0.9480393504795959
25938,LOF,0.0665157384120559,0.031853259941414525,0.9016310016465295
25939,LOF,0.03799192974729736,0.008349105737002115,0.9536589645157005
25940,LOF,0.023463503820337787,0.36231446583568616,0.614222030343976
25941,LOF,0.16759161473283235,0.07984751325318071,0.7525608720139869
25942,LOF,0.019039982053803542,0.040175595670495265,0.9407844222757012
25943,LOF,0.3283987749403666,0.05639827961642346,0.61520294544321
25944,LOF,0.47620812636058035,0.03047645409472975,0.4933154195446898
25945,LOF,0.08659756496058041,0.021506613497195876,0.8918958215422237
25946,LOF,0.03005455255400377,0.13456145049633383,0.8353839969496624
25947,LOF,0.1357769360042714,0.18700691290319713,0.6772161510925315
25948,LOF,0.4470075342068774,0.018696345631818993,0.5342961201613036
25949,LOF,0.10895908193250743,0.06550638991117268,0.8255345281563198
25950,GOF,0.2953714366202512,0.4061159601223695,0.29851260325737927
25951,LOF,0.26510893197750507,0.20697178140967173,0.5279192866128232
25952,LOF,0.06259318153301355,0.4495977181909264,0.4878091002760599
25953,LOF,0.13682735547945168,0.10637884039627482,0.7567938041242734
25954,Neutral,0.4032929235132057,0.20821020599651846,0.38849687049027587
25955,LOF,0.06137989359520434,0.08894555948403426,0.8496745469207614
25956,LOF,0.198321633337773,0.06780455310819107,0.7338738135540358
25957,LOF,0.04956097649648282,0.025543782215177693,0.9248952412883394
25958,LOF,0.05686487052802843,0.02787217541556824,0.9152629540564035
25959,LOF,0.06977906280533089,0.29421170599491164,0.6360092311997575
25960,LOF,0.023523400916101094,0.05705486420454196,0.9194217348793569
25961,LOF,0.04960668459776781,0.03330227768752322,0.917091037714709
25962,LOF,0.059551403545979,0.03140391563449473,0.9090446808195262
25963,LOF,0.055498417281746024,0.14709112117685946,0.7974104615413945
25964,LOF,0.035139346862863324,0.13186004948717242,0.8330006036499642
25965,LOF,0.4084348993863748,0.08371564156908122,0.507849459044544
25966,Neutral,0.4531453314239603,0.15530175338754712,0.3915529151884926
25967,LOF,0.013048254304450217,0.0737218478119621,0.9132298978835877
25968,LOF,0.03451198603005779,0.4391041867859397,0.5263838271840026
25969,LOF,0.020845257682601804,0.05604270578930861,0.9231120365280896
25970,LOF,0.05237481175962474,0.06647107145382597,0.8811541167865493
25971,LOF,0.0666629719233948,0.019399019371811772,0.9139380087047934
25972,LOF,0.07461201454102172,0.02694409057372376,0.8984438948852546
25973,LOF,0.08246869857757971,0.00879225843024689,0.9087390429921735
25974,LOF,0.20235276004760527,0.020474473437650832,0.777172766514744
25975,LOF,0.04343978912805726,0.031685590774389906,0.9248746200975528
25976,LOF,0.04135154788699021,0.018602450914326673,0.9400460011986831
25977,LOF,0.1353568337968393,0.09554215642177179,0.769101009781389
25978,LOF,0.10775658996442548,0.08969040942325282,0.8025530006123217
25979,LOF,0.10756113849882964,0.09043421457734598,0.8020046469238244
25980,LOF,0.12578127629106617,0.1316046392303321,0.7426140844786018
25981,LOF,0.154968984213643,0.12645148156051952,0.7185795342258374
25982,LOF,0.32663697971979455,0.0768345212804753,0.5965284989997302
25983,LOF,0.3249574088450065,0.07676762979199968,0.5982749613629937
25984,LOF,0.05485880976950349,0.07338409849419993,0.8717570917362966
25985,LOF,0.02593654411612406,0.2605538884587273,0.7135095674251487
25986,LOF,0.03488090352665936,0.2627783715087258,0.7023407249646149
25987,LOF,0.07247471694203811,0.08375727940440947,0.8437680036535524
25988,LOF,0.1221597163701958,0.07194515123623207,0.8058951323935722
25989,LOF,0.028982848204534367,0.11373319041089139,0.8572839613845743
25990,LOF,0.03776353423022375,0.1393851552686329,0.8228513105011435
25991,GOF,0.19302878255921543,0.4379180985458306,0.36905311889495385
25992,LOF,0.3603346542411531,0.2751804857579809,0.364484860000866
25993,LOF,0.0229244717151058,0.0990267144906136,0.8780488137942807
25994,LOF,0.01649513144856356,0.15866220616487098,0.8248426623865655
25995,LOF,0.023911349024424086,0.22407055517952915,0.7520180957960468
25996,GOF,0.2122652563196633,0.6184225528467795,0.16931219083355714
25997,GOF,0.09318479683108036,0.5936807903470306,0.313134412821889
25998,Neutral,0.5556571056842787,0.014860036788522948,0.4294828575271983
25999,LOF,0.11510643029363023,0.17129772072191649,0.7135958489844533
26000,LOF,0.15420508516538037,0.02964797942758447,0.8161469354070352
26001,LOF,0.17055250759075258,0.034254641426444035,0.7951928509828033
26002,LOF,0.1549728854737124,0.029852427168623817,0.8151746873576637
26003,GOF,0.009572596828940079,0.6581948186614393,0.3322325845096206
26004,GOF,0.02492539931669084,0.6991728715409723,0.27590172914233685
26005,GOF,0.008268134357512037,0.5305914945929449,0.46114037104954314
26006,Neutral,0.5135109436341794,0.2693772050564652,0.21711185130935545
26007,GOF,0.01734096524607373,0.5713791910191743,0.4112798437347519
26008,GOF,0.020030729852822986,0.6052732933108947,0.3746959768362823
26009,GOF,0.02358919373431448,0.6445805269708891,0.3318302792947964
26010,GOF,0.02606786120520552,0.6944045624623841,0.2795275763324103
26011,GOF,0.008295021602680235,0.5018122467883437,0.489892731608976
26012,GOF,0.018197791125925115,0.595496733982289,0.38630547489178596
26013,GOF,0.017272669283021527,0.6634457038374774,0.3192816268795012
26014,LOF,0.04316871460607862,0.17489431616919054,0.7819369692247308
26015,LOF,0.17223512062723564,0.009628124072029513,0.8181367553007348
26016,LOF,0.21036838372392977,0.04176485193715503,0.7478667643389152
26017,LOF,0.16914684995172535,0.06683159227038826,0.7640215577778864
26018,LOF,0.06547182518478194,0.039495776835064285,0.8950323979801539
26019,LOF,0.06267411782637701,0.027858143618151362,0.9094677385554715
26020,LOF,0.04671342241006357,0.10220574967052938,0.8510808279194071
26021,LOF,0.038390085138256196,0.11095240451556788,0.8506575103461759
26022,LOF,0.009429204470533928,0.04800105080130747,0.9425697447281585
26023,LOF,0.0840128902478404,0.026924741121026805,0.8890623686311329
26024,LOF,0.022223181223783674,0.09849345951835609,0.8792833592578603
26025,LOF,0.14000501394664858,0.09467898253351363,0.7653160035198378
26026,LOF,0.28186910010208766,0.01809973012537342,0.700031169772539
26027,LOF,0.06297107815532405,0.021082766614159414,0.9159461552305165
26028,LOF,0.15852594215228297,0.09172228029595898,0.749751777551758
26029,LOF,0.08447415245378441,0.15204754321871247,0.7634783043275031
26030,LOF,0.029813287280634142,0.05368790588329222,0.9164988068360737
26031,LOF,0.0333107286133781,0.1220620754241846,0.8446271959624373
26032,LOF,0.07546451921534533,0.05159492145987036,0.8729405593247842
26033,LOF,0.12182861757515685,0.05965097032362381,0.8185204121012194
26034,LOF,0.052693037291412816,0.13427931500926482,0.8130276476993222
26035,LOF,0.03538069139194279,0.11094701963495456,0.8536722889731027
26036,LOF,0.053523978834365535,0.13726683035145115,0.8092091908141833
26037,LOF,0.028851199918713728,0.09660906769757885,0.8745397323837074
26038,LOF,0.07260503306503081,0.050773094469099715,0.8766218724658694
26039,LOF,0.0673393076248197,0.12342969519338325,0.809230997181797
26040,LOF,0.21781040664963633,0.09644252241186936,0.6857470709384942
26041,LOF,0.028871515384887813,0.09316793838493355,0.8779605462301786
26042,LOF,0.028183230109169392,0.08946191596553318,0.8823548539252973
26043,LOF,0.07076535518463066,0.06428186555632001,0.8649527792590493
26044,LOF,0.025180145743061554,0.06585303969517642,0.908966814561762
26045,LOF,0.08223516532062032,0.09070740678558854,0.8270574278937911
26046,LOF,0.07424560442131839,0.06780222798340425,0.8579521675952774
26047,LOF,0.10555232178028856,0.07796717259373831,0.8164805056259731
26048,LOF,0.04992289077953232,0.056516351592598664,0.893560757627869
26049,Neutral,0.9549000309623044,0.008453023899468247,0.036646945138227444
26050,Neutral,0.9325917861231329,0.009293750469800742,0.058114463407066386
26051,LOF,0.051651877369489174,0.38913317291181954,0.5592149497186912
26052,LOF,0.06754839743432521,0.38926390810158,0.5431876944640949
26053,LOF,0.060198182370146805,0.1554147927803835,0.7843870248494698
26054,LOF,0.05788257446108252,0.03671394655420643,0.9054034789847111
26055,LOF,0.07267187325441628,0.024100792761879417,0.9032273339837044
26056,LOF,0.06221390676483479,0.029871086538929927,0.9079150066962353
26057,LOF,0.03122197578573701,0.015396103215771732,0.9533819209984912
26058,LOF,0.03139140888300143,0.013596948731379826,0.9550116423856188
26059,LOF,0.30595301392137975,0.0475183042578533,0.646528681820767
26060,LOF,0.032144599668987,0.21350954810117154,0.7543458522298415
26061,LOF,0.02112759135340466,0.01963149979706688,0.9592409088495284
26062,LOF,0.012830728234844008,0.027663410128948494,0.9595058616362075
26063,LOF,0.022397238670324924,0.015070210968758364,0.9625325503609167
26064,LOF,0.027972998302128863,0.023918198669867063,0.9481088030280042
26065,LOF,0.025677334983557728,0.01879309385246447,0.9555295711639777
26066,LOF,0.021146657731550222,0.015199970814150516,0.9636533714542992
26067,LOF,0.025920295286154558,0.011707070833984784,0.9623726338798607
26068,LOF,0.05308229756852347,0.053847926095964005,0.8930697763355125
26069,LOF,0.3129170064309921,0.03853266026356987,0.6485503333054381
26070,LOF,0.43161363061422353,0.02377475568288963,0.5446116137028868
26071,LOF,0.022507554286643926,0.01889018960328128,0.9586022561100748
26072,LOF,0.024742838090942163,0.02794478883727577,0.9473123730717822
26073,LOF,0.023900038295820065,0.014315777898410107,0.9617841838057698
26074,Neutral,0.9159050731697616,0.007647887634577703,0.07644703919566083
26075,LOF,0.04694677769539048,0.022351908380315855,0.9307013139242937
26076,LOF,0.04305617013688594,0.012253600584141967,0.9446902292789722
26077,LOF,0.010483964387593327,0.030339377374359783,0.959176658238047
26078,LOF,0.015222100526071225,0.020195999364427147,0.9645819001095016
26079,LOF,0.0594783131456805,0.027638859619039523,0.9128828272352799
26080,LOF,0.05802899909377047,0.02768781937146484,0.9142831815347646
26081,LOF,0.03624421678153481,0.009970182710904838,0.9537856005075603
26082,LOF,0.021084814360776454,0.028949293194016762,0.9499658924452067
26083,LOF,0.13173086627124284,0.018043311513128043,0.8502258222156291
26084,LOF,0.026235553909361324,0.023241708845811667,0.950522737244827
26085,LOF,0.022125900776145895,0.02166909293401032,0.9562050062898437
26086,LOF,0.02484315095525779,0.015115725709585035,0.9600411233351572
26087,LOF,0.02532182961922915,0.010778213798918728,0.9638999565818522
26088,LOF,0.019484316510987088,0.03488801485545242,0.9456276686335605
26089,LOF,0.0486237709036718,0.03918048275553853,0.9121957463407896
26090,LOF,0.047767516077875306,0.03022931817709522,0.9220031657450295
26091,LOF,0.04101793145617171,0.009303963748656417,0.9496781047951718
26092,LOF,0.027624857821031513,0.012783213912404072,0.9595919282665645
26093,LOF,0.03844905249133683,0.009322317387403486,0.9522286301212597
26094,LOF,0.04485395965096421,0.009810154164457574,0.9453358861845783
26095,LOF,0.06014200280246573,0.026006468370132367,0.9138515288274018
26096,LOF,0.022286208941845874,0.01792493290103812,0.9597888581571161
26097,LOF,0.01082802357404029,0.06465736533327895,0.9245146110926808
26098,LOF,0.08123511968667387,0.019710022469794537,0.8990548578435316
26099,LOF,0.02539217394587843,0.02077378093884673,0.9538340451152748
26100,LOF,0.02698811818035746,0.01939793133186388,0.9536139504877787
26101,LOF,0.05730737673394376,0.020688870638139994,0.9220037526279162
26102,LOF,0.025891024388196147,0.01686865900707744,0.9572403166047265
26103,Neutral,0.894021951180871,0.029137979058397767,0.07684006976073106
26104,LOF,0.07138609947873358,0.04984940333353627,0.8787644971877302
26105,LOF,0.2220798181632867,0.22245902765917336,0.5554611541775399
26106,LOF,0.18034619872065652,0.14127269932210143,0.6783811019572421
26107,LOF,0.24861830260239268,0.10959184355565235,0.641789853841955
26108,LOF,0.24947479321100632,0.14676781770614575,0.6037573890828479
26109,LOF,0.06774007967966837,0.14798849236153644,0.7842714279587951
26110,LOF,0.2439652691739896,0.007268814403837378,0.7487659164221729
26111,LOF,0.4734087759537619,0.016436669211153002,0.5101545548350851
26112,LOF,0.03812020953793425,0.006848963075754276,0.9550308273863114
26113,LOF,0.0592720339258231,0.012037560031729958,0.9286904060424469
26114,LOF,0.021204042381697753,0.018594942892665053,0.9602010147256371
26115,LOF,0.07592112953554733,0.03858418790756239,0.8854946825568902
26116,LOF,0.053415582854723684,0.028846378310324248,0.9177380388349522
26117,LOF,0.3805483801637459,0.05373630281497656,0.5657153170212775
26118,LOF,0.03900981667425281,0.03365672982709356,0.9273334534986537
26119,LOF,0.023933789536793808,0.046189912640943576,0.9298762978222626
26120,LOF,0.029095905350111945,0.023890978971912467,0.9470131156779756
26121,LOF,0.055880748223426896,0.07948523674716261,0.8646340150294104
26122,LOF,0.05805874919599506,0.038713785638578836,0.9032274651654261
