feature0,prediction,LoGoFunc_Neutral,LoGoFunc_GOF,LoGoFunc_LOF
25546,Neutral,0.6212463937143686,0.06227579943763612,0.31647780684799526
25547,Neutral,0.508261920604472,0.09807834083191166,0.3936597385636164
25548,Neutral,0.5048758296776453,0.08355129728462553,0.41157287303772916
25549,LOF,0.434469629092278,0.08220099474850458,0.4833293761592175
25550,LOF,0.39454123617270737,0.09491081020580983,0.5105479536214829
25551,LOF,0.31061952041640084,0.11256636410011665,0.5768141154834825
25552,LOF,0.282200574526934,0.11457973920831879,0.6032196862647472
25553,Neutral,0.7917804118551154,0.047699297360599274,0.16052029078428534
25554,LOF,0.32086803850448065,0.10319838625656372,0.5759335752389557
25555,LOF,0.2755492889519638,0.09688663112946674,0.6275640799185694
25556,Neutral,0.46954383604010125,0.09112715914390025,0.4393290048159987
25557,LOF,0.2664494032681624,0.10346951938241201,0.6300810773494256
25558,LOF,0.32615210460884675,0.10030330106515346,0.5735445943259998
25559,LOF,0.24597722816395115,0.08399492466823338,0.6700278471678155
25560,LOF,0.1076956797549686,0.13105825231760687,0.7612460679274246
25561,LOF,0.1146000341317426,0.18154497224143076,0.7038549936268267
25562,LOF,0.044445325634119626,0.09398817285288757,0.8615665015129929
25563,LOF,0.013606864989151977,0.15892083753687547,0.8274722974739726
25564,LOF,0.10300893835475045,0.10366001328233153,0.793331048362918
25565,LOF,0.18226814052899654,0.1486727628801644,0.6690590965908391
25566,GOF,0.06669449452132309,0.6434392653376333,0.28986624014104356
25567,LOF,0.037178315321683454,0.15993006420873904,0.8028916204695775
25568,LOF,0.05806265876856403,0.08950355217587033,0.8524337890555657
25569,LOF,0.06461016730717113,0.08346540411153953,0.8519244285812894
25570,LOF,0.028724060268077316,0.1055508294077255,0.8657251103241971
25571,LOF,0.025694151124566696,0.11231445416625502,0.8619913947091783
25572,LOF,0.06684908342469183,0.1438852421022635,0.7892656744730446
25573,LOF,0.06278294130032976,0.10858317576126555,0.8286338829384048
25574,LOF,0.0654755687660329,0.21568242620667105,0.7188420050272961
25575,LOF,0.024120825124630162,0.12730836562881642,0.8485708092465535
25576,LOF,0.03096520669954858,0.18228070023521042,0.7867540930652409
25577,LOF,0.03604833189862905,0.13995790712693007,0.8239937609744409
25578,LOF,0.29283629680078765,0.09994026444928593,0.6072234387499265
25579,LOF,0.1914731751971143,0.09488320350917456,0.7136436212937112
25580,LOF,0.022357923034386055,0.08215896602834613,0.895483110937268
25581,LOF,0.04962646133896007,0.08783430077113677,0.8625392378899033
25582,LOF,0.049292277917840306,0.08601400566196114,0.8646937164201985
25583,LOF,0.02543061697700624,0.0942773232864961,0.8802920597364976
25584,Neutral,0.7089450676952277,0.12899671008777588,0.16205822221699648
25585,LOF,0.021691991333394136,0.17507375022792024,0.8032342584386856
25586,LOF,0.017809202048697917,0.08793233191471247,0.8942584660365896
25587,LOF,0.01822973913891851,0.07317209296992756,0.9085981678911539
25588,LOF,0.022087934038786446,0.07664818400481688,0.9012638819563967
25589,Neutral,0.49499064364071155,0.25142947552457745,0.25357988083471106
25590,LOF,0.04641680024845725,0.1249663830621363,0.8286168166894065
25591,LOF,0.08216516206364448,0.07604987651092537,0.8417849614254302
25592,LOF,0.06118459964125805,0.15191799592318728,0.7868974044355547
25593,LOF,0.11900002877442065,0.2756602186335026,0.6053397525920768
25594,LOF,0.05940962333418041,0.07988703327360305,0.8607033433922165
25595,LOF,0.05768009525597617,0.046761993476288975,0.8955579112677349
25596,LOF,0.1271997907130489,0.025802923866426578,0.8469972854205244
25597,LOF,0.08625006268594013,0.029848256573753246,0.8839016807403065
25598,LOF,0.05559334948507582,0.053011153497343144,0.891395497017581
25599,LOF,0.022224061874325674,0.3874965909699129,0.5902793471557614
25600,LOF,0.17076035010067797,0.4001189144226742,0.4291207354766478
25601,LOF,0.03887921487931934,0.3216933670349108,0.6394274180857699
25602,LOF,0.02629227267624522,0.07690799344427346,0.8967997338794814
25603,LOF,0.03707187677494539,0.05601850123742041,0.9069096219876341
25604,LOF,0.04045277851929127,0.11131165937720101,0.8482355621035078
25605,LOF,0.030162257806851476,0.1887525036980552,0.7810852384950933
25606,LOF,0.4097654042029353,0.13986266866087016,0.45037192713619467
25607,LOF,0.027952078475457734,0.20842847100091666,0.7636194505236256
25608,LOF,0.03815287525946516,0.11818159837682062,0.8436655263637142
25609,GOF,0.15123705278493446,0.48420757218295274,0.3645553750321128
25610,LOF,0.015892017205254433,0.057044091320627,0.9270638914741185
25611,LOF,0.013005786862497842,0.06333437348097969,0.9236598396565224
25612,LOF,0.04672377587066233,0.06021297383365324,0.8930632502956845
25613,LOF,0.04487803970057527,0.06349971175880861,0.891622248540616
25614,LOF,0.022683846229379637,0.04779324390032184,0.9295229098702986
25615,LOF,0.03963678299443326,0.05960979613802849,0.9007534208675383
25616,LOF,0.054040598681780995,0.055884906207381915,0.8900744951108371
25617,LOF,0.03963575661976541,0.06180635101735929,0.8985578923628752
25618,LOF,0.04884803265973503,0.08158549376594186,0.8695664735743232
25619,LOF,0.01291790479331264,0.06070744943680396,0.9263746457698834
25620,LOF,0.04977396063129919,0.06670408285791493,0.8835219565107859
25621,LOF,0.057715845439251054,0.05607346422448233,0.8862106903362666
25622,LOF,0.06004673523732979,0.06372186445600526,0.876231400306665
25623,LOF,0.05783552415755623,0.04213920758151094,0.9000252682609329
25624,LOF,0.02031532314788079,0.05567260036227685,0.9240120764898424
25625,LOF,0.0596624273929452,0.06025604738625085,0.8800815252208041
25626,LOF,0.051302663554553804,0.05891902876260998,0.8897783076828362
25627,Neutral,0.8938673006154458,0.022509778096464792,0.08362292128808936
25628,LOF,0.1553265361385272,0.056036826606823666,0.7886366372546492
25629,LOF,0.06719444319514203,0.05715710014424708,0.8756484566606108
25630,LOF,0.2612258324960393,0.06460003300538247,0.6741741344985782
25631,Neutral,0.5539036448684125,0.060144578460866883,0.38595177667072056
25632,LOF,0.031987656762984235,0.0664828050413038,0.901529538195712
25633,LOF,0.21328004846686402,0.04421300033170091,0.7425069512014351
25634,LOF,0.04426996729559562,0.08526526780416235,0.870464764900242
25635,LOF,0.0413282193934386,0.04037165592567002,0.9183001246808914
25636,GOF,0.029451416042154635,0.5595137236215318,0.41103486033631365
25637,GOF,0.04781860887591841,0.5816057922307685,0.37057559889331315
25638,GOF,0.03236216983530287,0.5054231867490432,0.4622146434156538
25639,GOF,0.02950222730258193,0.5014819526763804,0.4690158200210377
25640,Neutral,0.860382319957976,0.08243803710007849,0.05717964294194548
25641,LOF,0.08350174626135438,0.40435626135544367,0.5121419923832019
25642,LOF,0.0773916419106074,0.15897383535705215,0.7636345227323404
25643,LOF,0.23579231419191893,0.14948668810778495,0.6147209977002961
25644,GOF,0.009032417254002134,0.6274266320370866,0.36354095070891135
25645,GOF,0.010785737998741997,0.6129373512378218,0.37627691076343633
25646,LOF,0.034140420976961586,0.43283839349935854,0.5330211855236799
25647,LOF,0.01151331354271352,0.3444497885866935,0.6440368978705929
25648,LOF,0.013226790832080872,0.4150238081710176,0.5717494009969015
25649,LOF,0.007663889025764097,0.3304897211054501,0.6618463898687859
25650,GOF,0.021014987375142763,0.5891685472503306,0.38981646537452663
25651,LOF,0.008141451168976325,0.42354319211686975,0.5683153567141539
25652,LOF,0.014383625422634914,0.4209925366887336,0.5646238378886315
25653,GOF,0.03819617684935814,0.5779117453281519,0.3838920778224899
25654,LOF,0.009645839984192885,0.3092813880721245,0.6810727719436825
25655,GOF,0.10720925546209682,0.648103084368186,0.24468766016971716
25656,LOF,0.324953136182451,0.1369157081061378,0.5381311557114112
25657,LOF,0.050522572650837046,0.1255747187378879,0.823902708611275
25658,LOF,0.35967740229177675,0.1579496979569711,0.48237289975125225
25659,Neutral,0.4497108723164894,0.17559244710875474,0.3746966805747558
25660,LOF,0.024110057280617846,0.10867172888007827,0.867218213839304
25661,LOF,0.08849123454128582,0.06464271459197651,0.8468660508667377
25662,LOF,0.03347009528496568,0.032205770098366476,0.934324134616668
25663,LOF,0.03946148707212928,0.04055411844944133,0.9199843944784293
25664,LOF,0.133289458705047,0.062167501585841826,0.8045430397091111
25665,LOF,0.06535505475053321,0.030939392096368593,0.9037055531530982
25666,LOF,0.09571422103637629,0.07145338760840333,0.8328323913552204
25667,LOF,0.07175299078291233,0.05011527463664056,0.8781317345804471
25668,LOF,0.03807629943396393,0.05657456241972451,0.9053491381463116
25669,LOF,0.031159688022667845,0.055709380156555924,0.9131309318207762
25670,LOF,0.1317857755726781,0.05055384057420923,0.8176603838531127
25671,LOF,0.10186676848230208,0.038331232687056974,0.859801998830641
25672,LOF,0.053412403512919704,0.04529496826776831,0.9012926282193119
25673,LOF,0.09008986931550812,0.044731501137526615,0.8651786295469652
25674,LOF,0.07389936495715622,0.05579123911594281,0.870309395926901
25675,LOF,0.11400923601583703,0.07196200040894656,0.8140287635752164
25676,LOF,0.018884030449788394,0.053436119908576135,0.9276798496416355
25677,LOF,0.02353051945025809,0.07253934810064654,0.9039301324490955
25678,LOF,0.18601201991054506,0.09417850693056228,0.7198094731588927
25679,LOF,0.13202121581110968,0.08727417098505698,0.7807046132038333
25680,LOF,0.029161134118452097,0.11964844536948557,0.8511904205120623
25681,LOF,0.04498040230028459,0.10912055498820628,0.8458990427115091
25682,LOF,0.12408279344794385,0.0831620431416795,0.7927551634103767
25683,LOF,0.11888629441148317,0.0926658227693103,0.7884478828192065
25684,LOF,0.03709939453607781,0.06603051659032651,0.8968700888735957
25685,LOF,0.12047243872259902,0.07074602929481459,0.8087815319825863
25686,LOF,0.0849675184856694,0.10937221556866139,0.8056602659456693
25687,LOF,0.12079637283800887,0.10977185429950351,0.7694317728624878
25688,LOF,0.4173229316576948,0.04597750362192259,0.5366995647203826
25689,LOF,0.29988048102670317,0.04283472818230813,0.6572847907909887
25690,LOF,0.3235206921255086,0.03356466510211454,0.6429146427723769
25691,Neutral,0.6999879186786618,0.02981855533907455,0.2701935259822637
25692,LOF,0.33913974765577165,0.012601458132171051,0.6482587942120575
25693,LOF,0.03813152977570948,0.3997819711944346,0.562086499029856
25694,LOF,0.11857882037408368,0.01862549122298592,0.8627956884029305
25695,LOF,0.11541523708789495,0.013321948006015154,0.8712628149060899
25696,LOF,0.13023460568299,0.012306920678033077,0.857458473638977
25697,LOF,0.07160410634047684,0.1318030804351189,0.7965928132244041
25698,LOF,0.3244184285723147,0.22718515853865148,0.44839641288903387
25699,LOF,0.4681431905272501,0.04464428608059654,0.4872125233921535
25700,LOF,0.07560867186434157,0.013695924971845932,0.9106954031638125
25701,LOF,0.1851781475213882,0.049346488554626526,0.7654753639239854
25702,GOF,0.15572455743288954,0.6524775521616932,0.1917978904054172
25703,LOF,0.015081978818746691,0.14244312393131725,0.8424748972499361
25704,LOF,0.033941093949781516,0.14891469475744512,0.8171442112927733
25705,LOF,0.03702200971155898,0.09319276356213672,0.8697852267263043
25706,LOF,0.1568150266657779,0.3187248052471224,0.5244601680870996
25707,LOF,0.09727663790716248,0.25302331850585047,0.6497000435869871
25708,LOF,0.045981645288136835,0.2445792561892258,0.7094390985226374
25709,LOF,0.060021074797864865,0.027882940704398968,0.9120959844977361
25710,LOF,0.01375184931959443,0.09712839117458906,0.8891197595058166
25711,LOF,0.020189202778058118,0.06864988922654108,0.9111609079954007
25712,LOF,0.016855190835679833,0.1409843936836644,0.8421604154806558
25713,LOF,0.018624168129256113,0.07153355530019863,0.9098422765705452
25714,LOF,0.07230035109700046,0.05023111535212744,0.8774685335508721
25715,LOF,0.011996099214759583,0.10093390574667566,0.8870699950385648
25716,LOF,0.013244949432245133,0.07692187304261708,0.9098331775251378
25717,LOF,0.01658682121618548,0.06301243988381557,0.9204007388999991
25718,LOF,0.011347006312717454,0.06392711198735736,0.9247258816999252
25719,LOF,0.021294122993126666,0.057683660225690936,0.9210222167811823
25720,LOF,0.026594960236149157,0.049529059706864595,0.9238759800569863
25721,LOF,0.013394237030574704,0.088572329189841,0.8980334337795842
25722,LOF,0.014306294389337905,0.07451381624739835,0.9111798893632639
25723,LOF,0.025041371920817956,0.03363765939641202,0.9413209686827699
25724,LOF,0.035295407435122494,0.05543556832464643,0.909269024240231
25725,LOF,0.011831414528486133,0.05177985488406289,0.9363887305874509
25726,LOF,0.015220597975372573,0.07504435034072063,0.9097350516839069
25727,LOF,0.012512925909882138,0.05793086148886636,0.9295562126012517
25728,LOF,0.010234764748008933,0.06566214218473584,0.9241030930672551
25729,LOF,0.010490133432257813,0.06709020587221938,0.9224196606955228
25730,LOF,0.01398186202232025,0.06875239575530061,0.9172657422223792
25731,LOF,0.023628220747973976,0.06452718324033432,0.9118445960116918
25732,LOF,0.013649094387146211,0.04213660560120483,0.9442143000116489
25733,LOF,0.01732020674841244,0.04242740355688963,0.9402523896946979
25734,LOF,0.013330345422195907,0.08012667435392054,0.9065429802238836
25735,LOF,0.011594944754234542,0.05368901787505278,0.9347160373707126
25736,LOF,0.01266456024686355,0.06874490385275875,0.9185905359003776
25737,LOF,0.012269723226464154,0.06273574868597201,0.9249945280875639
25738,LOF,0.011978409184231825,0.06733444506966442,0.9206871457461038
25739,LOF,0.021244716466875233,0.051757505845560825,0.9269977776875639
25740,LOF,0.028461271008220785,0.07794552615634312,0.8935932028354362
25741,LOF,0.01530052539640708,0.07737978004400978,0.9073196945595832
25742,LOF,0.10804364884092167,0.0518807311889797,0.8400756199700987
25743,LOF,0.042993070572358696,0.045290942670424134,0.9117159867572172
25744,Neutral,0.6143872346447081,0.21380585012279288,0.17180691523249889
25745,LOF,0.07308174558208166,0.06701198280220412,0.8599062716157141
25746,LOF,0.04691466640186625,0.08967265507196456,0.8634126785261692
25747,LOF,0.02482122725667678,0.0795089103667002,0.895669862376623
25748,LOF,0.13345838735490853,0.12516811358745844,0.7413734990576331
25749,LOF,0.028708705506946985,0.08398747255631896,0.8873038219367341
25750,LOF,0.07699256609912138,0.09682011091012452,0.8261873229907541
25751,LOF,0.09535315672776988,0.1251431018228547,0.7795037414493753
25752,GOF,0.10263037225373345,0.6755324739599111,0.2218371537863555
25753,LOF,0.026999638562804337,0.29615192032039,0.6768484411168056
25754,GOF,0.014681336107458367,0.8206403034486521,0.16467836044388967
25755,LOF,0.02622846115504907,0.3645395934285594,0.6092319454163915
25756,LOF,0.054491785589574314,0.36058074871979234,0.5849274656906334
25757,GOF,0.020255161280194233,0.8785313535186929,0.10121348520111285
25758,GOF,0.02900140168864612,0.8340979819293787,0.13690061638197526
25759,GOF,0.011039653069266056,0.6581311192349126,0.3308292276958213
25760,LOF,0.017279578600656906,0.2977981103506556,0.6849223110486874
25761,GOF,0.2774658158230005,0.6470519985950451,0.07548218558195437
25762,LOF,0.04426093199572912,0.3034384939957153,0.6523005740085556
25763,LOF,0.01672578522682815,0.22535732470967018,0.7579168900635017
25764,GOF,0.07195782723407972,0.6939078183141018,0.2341343544518184
25765,GOF,0.03376266060565905,0.7709029839632878,0.19533435543105315
25766,GOF,0.06120519373565123,0.8218867188366875,0.11690808742766122
25767,GOF,0.1424243228348196,0.5452367060728661,0.31233897109231423
25768,LOF,0.10337366087661012,0.05598381371352479,0.8406425254098651
25769,LOF,0.04417943055829486,0.07647341933449425,0.8793471501072109
25770,LOF,0.291367926959364,0.10475299877430005,0.603879074266336
25771,LOF,0.04897161307985932,0.0598500600613225,0.8911783268588181
25772,LOF,0.01719259406716583,0.05626512987042436,0.9265422760624098
25773,LOF,0.05155198931883688,0.08926442755849004,0.859183583122673
25774,LOF,0.02824491516038699,0.11193209356725779,0.8598229912723552
25775,LOF,0.06081374917072948,0.05866449781214844,0.880521753017122
25776,LOF,0.06444536864718242,0.031092964521083125,0.9044616668317346
25777,LOF,0.31543446738271247,0.08891625848774881,0.5956492741295387
25778,LOF,0.05949944244824085,0.05575188774698405,0.8847486698047752
25779,GOF,0.40135868332888097,0.5471445758923129,0.05149674077880617
25780,GOF,0.3620883253547086,0.5611744327554914,0.07673724188980005
25781,GOF,0.11802664454809136,0.7651851785634683,0.11678817688844019
25782,GOF,0.1821472005395444,0.730394715207285,0.08745808425317064
25783,GOF,0.024017791476849383,0.6394397004650728,0.3365425080580778
25784,Neutral,0.5179918753947508,0.44223335176520934,0.039774772840039725
25785,Neutral,0.49650530500009016,0.46222513406868765,0.04126956093122213
25786,GOF,0.035813957898028874,0.7502099040243884,0.2139761380775828
25787,Neutral,0.6658900475677145,0.3076197992258808,0.02649015320640464
25788,LOF,0.06063838323270449,0.08387303815359273,0.8554885786137028
25789,GOF,0.20810012800445235,0.6353048552749669,0.15659501672058077
25790,GOF,0.26057369605080066,0.6499747805295343,0.08945152341966507
25791,GOF,0.1464037688734813,0.6976375652921305,0.15595866583438828
25792,GOF,0.3541717305251772,0.531999802273898,0.11382846720092482
25793,GOF,0.2881172659251594,0.5084117334933227,0.20347100058151796
25794,GOF,0.32242281263786876,0.5020716144014689,0.1755055729606623
25795,GOF,0.07355347432596729,0.6642036614930413,0.2622428641809915
25796,Neutral,0.5325898717989348,0.3983662818703113,0.06904384633075399
25797,GOF,0.09753818274570135,0.5575192686772957,0.3449425485770028
25798,GOF,0.010088376426706748,0.5246754882434672,0.46523613532982605
25799,LOF,0.00721951246921418,0.43947269389514815,0.5533077936356376
25800,GOF,0.037994723184965405,0.6255341950968036,0.33647108171823087
25801,GOF,0.2588012898176605,0.6505158770650923,0.09068283311724726
25802,GOF,0.06518921339522218,0.7032098992166097,0.23160088738816806
25803,GOF,0.040096522151092,0.5922256890649549,0.36767778878395324
25804,GOF,0.03720827588082391,0.5489447557102957,0.4138469684088805
25805,GOF,0.12058818513267029,0.6216240587349626,0.25778775613236704
25806,GOF,0.14350648593105667,0.5984004353797432,0.25809307868920006
25807,GOF,0.02095317859338489,0.6362388751063224,0.34280794630029265
25808,GOF,0.10526263352071173,0.6194199224963169,0.27531744398297137
25809,GOF,0.020978243565213803,0.6405013502304124,0.3385204062043738
25810,GOF,0.02046712856714434,0.6366889017150128,0.34284396971784303
25811,Neutral,0.5043819178499039,0.43645261532824153,0.05916546682185456
25812,GOF,0.04136512226289447,0.6168497668831429,0.3417851108539627
25813,Neutral,0.5850523089479869,0.31994626394354875,0.09500142710846443
25814,GOF,0.13639993887094373,0.6596645013385929,0.20393555979046332
25815,GOF,0.2554638734165354,0.5662176069879058,0.17831851959555878
25816,GOF,0.023126107664529785,0.6607828324463442,0.31609105988912606
25817,GOF,0.2575629518775677,0.6132055311447633,0.12923151697766905
25818,GOF,0.0523295395059467,0.5717070443624506,0.3759634161316027
25819,GOF,0.3778374086264812,0.4695338557019945,0.1526287356715243
25820,GOF,0.1894518795102234,0.5990376744747703,0.2115104460150062
25821,GOF,0.06112014209069128,0.6562635727616674,0.28261628514764126
25822,GOF,0.24149191635024012,0.5260437634183847,0.2324643202313753
25823,GOF,0.033638586349562676,0.530309943535225,0.4360514701152124
25824,GOF,0.09372712133171636,0.5431305294917117,0.3631423491765719
25825,GOF,0.03248455312481425,0.5536816588147973,0.4138337880603884
25826,GOF,0.01252672150306354,0.5369299088793219,0.45054336961761454
25827,GOF,0.02565767606245735,0.596013604759207,0.37832871917833577
25828,GOF,0.016503416875787203,0.5227851842962832,0.4607113988279297
25829,GOF,0.006823140708090162,0.5520037449256716,0.44117311436623824
25830,LOF,0.04393680679825612,0.2916961598818638,0.6643670333198801
25831,GOF,0.19194241194120665,0.6748333575634036,0.13322423049538987
25832,GOF,0.03714436172928266,0.6699605663967259,0.29289507187399155
25833,GOF,0.13165334362784326,0.6713930761114765,0.19695358026068013
25834,GOF,0.04215947601724579,0.6706557161049411,0.2871848078778131
25835,GOF,0.10535660148857237,0.688433422496843,0.20620997601458463
25836,GOF,0.04976727488635985,0.6461985071847185,0.3040342179289217
25837,GOF,0.023297990485505703,0.5603402379554346,0.4163617715590596
25838,GOF,0.08416304924833903,0.7261164448262994,0.18972050592536152
25839,GOF,0.3009038625353663,0.5629654770805403,0.13613066038409347
25840,GOF,0.2460631667623852,0.5942706418346981,0.15966619140291655
25841,GOF,0.25284455465369277,0.5862590390805843,0.160896406265723
25842,GOF,0.18971756226416744,0.6496334200418801,0.16064901769395246
25843,GOF,0.22687335969185915,0.6417890103217503,0.13133762998639062
25844,GOF,0.06599779640279875,0.6535924798621661,0.2804097237350351
25845,LOF,0.01429943335136233,0.4837764521670907,0.5019241144815471
25846,GOF,0.10867689813662254,0.7056300373300075,0.18569306453336978
25847,GOF,0.12732222085867287,0.7251251745772013,0.14755260456412583
25848,GOF,0.035732559433733505,0.6563887802429665,0.3078786603233
25849,GOF,0.010565095822191421,0.5600002952705618,0.4294346089072468
25850,GOF,0.024821427236849974,0.622372603787782,0.352805968975368
25851,GOF,0.019696837323544113,0.5372689728119221,0.44303418986453386
25852,GOF,0.17459801234029007,0.5640362580933438,0.26136572956636617
25853,GOF,0.3482806666638943,0.577114289355246,0.07460504398085983
25854,GOF,0.02066669964299544,0.6172280196948743,0.3621052806621304
25855,GOF,0.043809272321975706,0.577050329591408,0.37914039808661615
25856,GOF,0.28063187780383936,0.5047837553039389,0.21458436689222177
25857,GOF,0.039532961839956623,0.4959113500161156,0.46455568814392784
25858,GOF,0.021160927426293236,0.569039414755191,0.4097996578185157
25859,GOF,0.011433599837508818,0.5527966197318663,0.435769780430625
25860,GOF,0.4107911433823465,0.5046205273933488,0.08458832922430472
25861,GOF,0.40228245132045715,0.5185086535992607,0.07920889508028223
25862,GOF,0.0878148536137773,0.7722028280434622,0.1399823183427604
25863,GOF,0.09455170230515789,0.7729419796708589,0.13250631802398316
25864,GOF,0.19081335301237293,0.7340074323259123,0.07517921466171476
25865,GOF,0.08338533046729184,0.7890393251791138,0.1275753443535944
25866,GOF,0.06872445427312128,0.7942901079435875,0.13698543778329117
25867,GOF,0.09708950773485417,0.7910107383186278,0.11189975394651804
25868,GOF,0.3111792365205997,0.5868351605640539,0.10198560291534632
25869,Neutral,0.6996885719469745,0.25668236696518176,0.043629061087843625
25870,LOF,0.37032486154696764,0.2329851143646953,0.39669002408833715
25871,GOF,0.2385717402109555,0.5981424510021316,0.1632858087869129
25872,GOF,0.08680138371997721,0.6249676604799074,0.2882309558001155
25873,GOF,0.17232213374082064,0.6059411318899666,0.22173673436921287
25874,LOF,0.024850568893204195,0.10686725068664718,0.8682821804201487
25875,LOF,0.08810239422488976,0.054808713746373354,0.857088892028737
25876,LOF,0.028560609143799445,0.04946343445202297,0.9219759564041776
25877,Neutral,0.5057230006567746,0.06449835869347133,0.42977864064975396
25878,LOF,0.21840790843261526,0.1088944489580096,0.6726976426093751
25879,LOF,0.07995214996323813,0.11453255214316525,0.8055152978935967
25880,LOF,0.02436295837758742,0.026497130732666022,0.9491399108897466
25881,LOF,0.18324953652408058,0.16204178277714448,0.654708680698775
25882,LOF,0.08133744886573535,0.02281626348371289,0.8958462876505517
25883,LOF,0.081045323981119,0.03149483510216115,0.8874598409167198
25884,LOF,0.04443240260036688,0.04576466817535167,0.9098029292242814
25885,LOF,0.07424851898506778,0.017557365826688712,0.9081941151882434
25886,LOF,0.34516914243555985,0.053872997860989924,0.6009578597034503
25887,LOF,0.17280633886466032,0.10621182972936802,0.7209818314059716
25888,LOF,0.06801922252247383,0.08428048210604128,0.8477002953714848
25889,LOF,0.05432194158209604,0.03124709505392795,0.9144309633639759
25890,LOF,0.04667385901242269,0.1382029774657645,0.8151231635218129
25891,LOF,0.04138177460698812,0.06642705465629606,0.8921911707367159
25892,LOF,0.10677235537512686,0.024515416364085454,0.8687122282607876
25893,LOF,0.2835991786744613,0.019288596964850625,0.6971122243606881
25894,LOF,0.179269434094285,0.010269081374130417,0.8104614845315846
25895,LOF,0.20236898641368078,0.023555553141402993,0.7740754604449163
25896,LOF,0.04821761346700687,0.02860983562643627,0.9231725509065568
25897,LOF,0.2395937134611191,0.016748787510967745,0.7436574990279131
25898,Neutral,0.7356562674830633,0.01152430200616859,0.2528194305107681
25899,LOF,0.2508134020008378,0.02971244356088065,0.7194741544382816
25900,LOF,0.4487993684200193,0.019603628283083836,0.531597003296897
25901,LOF,0.05314521590497111,0.016349069415055525,0.9305057146799733
25902,LOF,0.17411975763168078,0.013014060360130121,0.812866182008189
25903,Neutral,0.491608205112268,0.035808054224657035,0.4725837406630749
25904,LOF,0.27197549145191846,0.06537047220908543,0.6626540363389961
25905,LOF,0.024467394548063168,0.3093105223973742,0.6662220830545627
25906,LOF,0.024233570392136923,0.06453466648670889,0.9112317631211542
25907,LOF,0.014154484617766033,0.3193761295539882,0.6664693858282457
25908,LOF,0.01191280253373361,0.21597277086456054,0.7721144266017058
25909,LOF,0.015093802277974246,0.12423546681696492,0.8606707309050607
25910,LOF,0.04262294429515838,0.10996480499579105,0.8474122507090506
25911,LOF,0.14323813123218918,0.02472104370350922,0.8320408250643017
25912,LOF,0.04286891339691215,0.04909618423437916,0.9080349023687088
25913,LOF,0.28319206478497166,0.019020774754273183,0.6977871604607552
25914,LOF,0.025974453113402657,0.11011425490704096,0.8639112919795563
25915,Neutral,0.4334854926798747,0.24177189121603557,0.3247426161040898
25916,LOF,0.06847358139503908,0.26074245312995575,0.6707839654750052
25917,LOF,0.06896984739711887,0.06025516628263624,0.870774986320245
25918,LOF,0.034470518459044655,0.061175781372714365,0.9043537001682409
25919,LOF,0.028706551820161075,0.0708175706411712,0.9004758775386678
25920,LOF,0.07813941442909392,0.44952737299750595,0.47233321257340005
25921,LOF,0.0326890736031479,0.01853522553637131,0.9487757008604809
25922,LOF,0.044174110345302206,0.013237529861890049,0.9425883597928078
25923,LOF,0.37837833515711866,0.018791384648823798,0.6028302801940576
25924,LOF,0.04350242766028107,0.023975301593646758,0.9325222707460722
25925,LOF,0.06810734904031672,0.023884512035894343,0.908008138923789
25926,LOF,0.04682131130355665,0.017622561630545815,0.9355561270658975
25927,LOF,0.06742141677996354,0.0625601028887421,0.8700184803312943
25928,LOF,0.023127539087051913,0.029995024894670878,0.9468774360182772
25929,Neutral,0.5058357129264316,0.020398495590998825,0.4737657914825695
25930,LOF,0.05697069340203999,0.015464449123801856,0.9275648574741582
25931,LOF,0.03232212632827537,0.02072094756338036,0.9469569261083443
25932,LOF,0.02944150621121937,0.01750268623247681,0.9530558075563038
25933,LOF,0.04002716609800493,0.010330356852037155,0.9496424770499579
25934,LOF,0.02532567483991273,0.012032760793612395,0.962641564366475
25935,LOF,0.06377276386008048,0.02958304820893108,0.9066441879309886
25936,LOF,0.04777090305328644,0.01533236781797248,0.936896729128741
25937,LOF,0.029406796908300625,0.024448006904242117,0.9461451961874573
25938,LOF,0.06363103960626254,0.0315175129914166,0.9048514474023209
25939,LOF,0.04072887768171946,0.010692050739603288,0.9485790715786772
25940,LOF,0.028308055523660978,0.3477229788377612,0.6239689656385778
25941,LOF,0.18078765271262465,0.07092659111411871,0.7482857561732567
25942,LOF,0.018005469336194548,0.03366705484437059,0.9483274758194348
25943,LOF,0.30737936480165307,0.05935223075636248,0.6332684044419844
25944,Neutral,0.4861074672596511,0.031101738116507644,0.4827907946238412
25945,LOF,0.07885819598781213,0.024339856497143656,0.8968019475150442
25946,LOF,0.025124894224208997,0.12490495975784006,0.8499701460179508
25947,LOF,0.12272343764675796,0.2036657101293811,0.673610852223861
25948,LOF,0.42124299646393915,0.01851767868922938,0.5602393248468315
25949,LOF,0.10104269793549579,0.08004408891315624,0.8189132131513479
25950,GOF,0.26986899347678445,0.4226650921481458,0.3074659143750697
25951,LOF,0.223888207479494,0.22851207374029783,0.5475997187802082
25952,LOF,0.045798094237506644,0.4523691149616144,0.501832790800879
25953,LOF,0.13227140995089398,0.10983013827142694,0.757898451777679
25954,Neutral,0.423238238476446,0.177171986348865,0.399589775174689
25955,LOF,0.05979913224479954,0.08072802544591846,0.859472842309282
25956,LOF,0.1915343639707831,0.08258810181386499,0.7258775342153518
25957,LOF,0.03909050250110849,0.029221621068997474,0.9316878764298941
25958,LOF,0.055580311117297866,0.0311015712709568,0.9133181176117454
25959,LOF,0.06550598069419272,0.3031957560018852,0.631298263303922
25960,LOF,0.021242278088095676,0.06274095043324925,0.916016771478655
25961,LOF,0.0476270490538578,0.03850829192766156,0.9138646590184807
25962,LOF,0.06484520693036243,0.036245556528143714,0.8989092365414938
25963,LOF,0.053644186212555386,0.16771254461084237,0.7786432691766022
25964,LOF,0.03456591556203008,0.14823354871664976,0.8172005357213202
25965,LOF,0.4584780381171637,0.07408235400571338,0.4674396078771228
25966,Neutral,0.44079490824379,0.17255539745877863,0.38664969429743146
25967,LOF,0.013401972443668544,0.06611348028428564,0.9204845472720459
25968,LOF,0.034714558285531966,0.47172188650739716,0.493563555207071
25969,LOF,0.02116389184403529,0.06157764009884632,0.9172584680571184
25970,LOF,0.06010506281412208,0.06544366790044273,0.8744512692854353
25971,LOF,0.08031005238613537,0.01905348016826758,0.900636467445597
25972,LOF,0.08510285858645962,0.028549210521282946,0.8863479308922575
25973,LOF,0.09236026768266141,0.008860365432470327,0.8987793668848683
25974,LOF,0.23025388392110865,0.020445233094846152,0.7493008829840452
25975,LOF,0.0509084012633912,0.034227903033333285,0.9148636957032754
25976,LOF,0.04991168532136364,0.019005322231743723,0.9310829924468925
25977,LOF,0.14288230414078557,0.09512079434607752,0.7619969015131369
25978,LOF,0.10812369789993276,0.07073456240973938,0.8211417396903278
25979,LOF,0.11130630393888959,0.068126759020909,0.8205669370402013
25980,LOF,0.1313101843533752,0.09547098541049748,0.7732188302361274
25981,LOF,0.16033594257327546,0.09316896035874052,0.746495097067984
25982,LOF,0.34333069947488204,0.06266321112948044,0.5940060893956375
25983,LOF,0.3226372586318155,0.06119410699488593,0.6161686343732985
25984,LOF,0.05099827998421466,0.08127627803450047,0.8677254419812849
25985,LOF,0.022919205672483883,0.26936286222055444,0.7077179321069615
25986,LOF,0.03139939375351324,0.29708557906155053,0.6715150271849363
25987,LOF,0.07775683771526253,0.09688346418592929,0.8253596980988082
25988,LOF,0.12039974554754503,0.07393986078226517,0.8056603936701898
25989,LOF,0.029762419925818635,0.1466399727300609,0.8235976073441205
25990,LOF,0.03520071224849418,0.17832041652013234,0.7864788712313735
25991,GOF,0.17239886907779356,0.4261957870156158,0.40140534390659066
25992,Neutral,0.37146352304594227,0.2593141459726089,0.3692223309814487
25993,LOF,0.026353015181132772,0.08516738355722264,0.8884796012616445
25994,LOF,0.01774537374050256,0.13687247383592654,0.845382152423571
25995,LOF,0.02792983302696561,0.21920059762544586,0.7528695693475884
25996,GOF,0.23231515434755223,0.5984440646788197,0.1692407809736281
25997,GOF,0.09011899917012066,0.6007549325065443,0.30912606832333506
25998,Neutral,0.5845205635310031,0.013891320667068583,0.40158811580192827
25999,LOF,0.1260029569607778,0.1419043676055749,0.7320926754336472
26000,LOF,0.14488246763664,0.034208297531738034,0.8209092348316219
26001,LOF,0.1927071752492798,0.039145075820254595,0.7681477489304656
26002,LOF,0.16173647946442876,0.03368389990011106,0.8045796206354602
26003,GOF,0.008268749988005981,0.6718816566942876,0.31984959331770646
26004,GOF,0.020591559039933646,0.754461248145276,0.22494719281479025
26005,GOF,0.008016516757253327,0.5581132341017482,0.4338702491409985
26006,Neutral,0.5114448486592164,0.2943529790949645,0.1942021722458192
26007,GOF,0.0160789908559038,0.5961398967173219,0.3877811124267743
26008,GOF,0.01584827289722272,0.646788862822387,0.3373628642803902
26009,GOF,0.02062467987378496,0.6656077674487578,0.31376755267745715
26010,GOF,0.022631877497039907,0.7108152498062625,0.2665528726966976
26011,GOF,0.006930719833197691,0.5625503266204014,0.4305189535464011
26012,GOF,0.013692933111689107,0.6245763370637117,0.36173072982459914
26013,GOF,0.01498726141972543,0.6883270513582338,0.29668568722204086
26014,LOF,0.055217483240609926,0.17642923313081277,0.7683532836285772
26015,LOF,0.19503073824969536,0.015494525905051897,0.7894747358452527
26016,LOF,0.21895854015697547,0.06147112749325322,0.7195703323497713
26017,LOF,0.1854251593065406,0.10638347599601895,0.7081913646974404
26018,LOF,0.0863753564586921,0.07041239236870141,0.8432122511726066
26019,LOF,0.082152705745513,0.0533803676618309,0.8644669265926561
26020,LOF,0.0506898629915531,0.12970755474535955,0.8196025822630872
26021,LOF,0.04599398713776196,0.15276434847380038,0.8012416643884377
26022,LOF,0.011358169185598751,0.0735220270221704,0.9151198037922309
26023,LOF,0.10869217443779103,0.05035930899956195,0.8409485165626469
26024,LOF,0.02700544040858803,0.12716003876437762,0.8458345208270343
26025,LOF,0.1463461930467385,0.13451604893648866,0.7191377580167728
26026,LOF,0.30182288973303045,0.033189781889943204,0.6649873283770263
26027,LOF,0.08203280828029623,0.03942007204717728,0.8785471196725265
26028,LOF,0.15336567649675917,0.08557841378475534,0.7610559097184855
26029,LOF,0.0763155972870764,0.14237222340692018,0.7813121793060033
26030,LOF,0.027668176955639102,0.05455599304881131,0.9177758299955496
26031,LOF,0.03199462239651094,0.11012864628841146,0.8578767313150777
26032,LOF,0.0714963601051921,0.05683780069115349,0.8716658392036545
26033,LOF,0.12141501844090442,0.06572756807995049,0.8128574134791451
26034,LOF,0.04845438363984229,0.12029356295884916,0.8312520534013086
26035,LOF,0.033467717941125956,0.10522116832453206,0.8613111137343419
26036,LOF,0.046191416910930025,0.12531203784854694,0.8284965452405231
26037,LOF,0.027317538427070895,0.09037734568509288,0.8823051158878363
26038,LOF,0.06876065219154473,0.05570526405146685,0.8755340837569884
26039,LOF,0.06813509039292112,0.1113753410881216,0.8204895685189573
26040,LOF,0.21585759491622378,0.09712839923734244,0.6870140058464338
26041,LOF,0.027793982007540588,0.07868952475777452,0.8935164932346848
26042,LOF,0.027012244070188998,0.08104171466508252,0.8919460412647284
26043,LOF,0.06727776404930663,0.06776026771966728,0.8649619682310262
26044,LOF,0.022982925345057116,0.06562215366590139,0.9113949209890415
26045,LOF,0.08765228392493742,0.07881586470877402,0.8335318513662885
26046,LOF,0.07056904159647075,0.07132896794270283,0.8581019904608265
26047,LOF,0.09795717462781744,0.08565941269884678,0.8163834126733358
26048,LOF,0.051829730309959444,0.0626451617300471,0.8855251079599935
26049,Neutral,0.9491918644012284,0.007660347065986007,0.04314778853278572
26050,Neutral,0.9294314688716923,0.00899051112097489,0.06157802000733298
26051,LOF,0.055724452467604504,0.3122895122884695,0.6319860352439259
26052,LOF,0.0814471830890682,0.27963343159278387,0.6389193853181478
26053,LOF,0.05782178045277415,0.15523790960048756,0.7869403099467382
26054,LOF,0.05870868870835625,0.03846275188485973,0.9028285594067841
26055,LOF,0.07364368875484104,0.026763910570280883,0.8995924006748781
26056,LOF,0.06206840517686257,0.03297873541247307,0.9049528594106643
26057,LOF,0.03130863166495909,0.016322947450388595,0.9523684208846523
26058,LOF,0.03180756067258452,0.01439776962207999,0.9537946697053354
26059,LOF,0.27365703232430816,0.050487818666305084,0.6758551490093867
26060,LOF,0.03127697223523019,0.2117798203508899,0.7569432074138799
26061,LOF,0.020937019182831987,0.01657036671608898,0.962492614101079
26062,LOF,0.011851666472779503,0.025362618741687274,0.9627857147855333
26063,LOF,0.02214943025927237,0.017925570374911916,0.9599249993658157
26064,LOF,0.02587454384709701,0.02145563968249771,0.9526698164704053
26065,LOF,0.025325671356214476,0.017069012105665752,0.9576053165381198
26066,LOF,0.021019066822685662,0.016473701526850598,0.9625072316504638
26067,LOF,0.02621863723758195,0.011440769124324048,0.9623405936380941
26068,LOF,0.04761578509514922,0.0638764721400638,0.888507742764787
26069,LOF,0.27593813004291834,0.03831345381265079,0.6857484161444308
26070,LOF,0.3884299017853442,0.027801721368144034,0.5837683768465118
26071,LOF,0.02271138970369949,0.01767761959477984,0.9596109907015207
26072,LOF,0.024582345365561774,0.024021832690519333,0.9513958219439188
26073,LOF,0.024677063954873846,0.01567407954999501,0.9596488564951312
26074,Neutral,0.9134360208993378,0.008542831792205203,0.0780211473084568
26075,LOF,0.043418277613997504,0.025378982107938656,0.9312027402780638
26076,LOF,0.04314631021017997,0.012153833712217094,0.944699856077603
26077,LOF,0.009868639545658907,0.027154871228434022,0.962976489225907
26078,LOF,0.015045648752230521,0.017477005820487578,0.9674773454272819
26079,LOF,0.05496044049796329,0.03352674192947811,0.9115128175725585
26080,LOF,0.05342540145744636,0.033618985879351616,0.912955612663202
26081,LOF,0.03535420136443298,0.010583552886322324,0.9540622457492447
26082,LOF,0.018335730697461278,0.02531752600364699,0.9563467432988917
26083,LOF,0.13375958629718973,0.02226993089546033,0.8439704828073499
26084,LOF,0.02795869857154473,0.020598364184226895,0.9514429372442283
26085,LOF,0.0233622329371543,0.019377336485176918,0.9572604305776689
26086,LOF,0.025476792107778475,0.01602378181692396,0.9584994260752975
26087,LOF,0.02546548704991695,0.010851208376363374,0.9636833045737198
26088,LOF,0.018233893667510694,0.030738747247967404,0.951027359084522
26089,LOF,0.045631095560499824,0.04166156586133678,0.9127073385781634
26090,LOF,0.04483559263924141,0.031272384584840954,0.9238920227759176
26091,LOF,0.040546014728426415,0.009266728585888942,0.9501872566856845
26092,LOF,0.027163719146074048,0.01287542253694489,0.9599608583169811
26093,LOF,0.037515042045085836,0.009173733001642355,0.9533112249532719
26094,LOF,0.04236624014869942,0.010853917985957695,0.9467798418653428
26095,LOF,0.052194604805177694,0.02131404921338937,0.9264913459814329
26096,LOF,0.02156673212885504,0.018304247483031517,0.9601290203881134
26097,LOF,0.009899903174169436,0.05497475883035,0.9351253379954805
26098,LOF,0.07578959491677956,0.022969231765079878,0.9012411733181405
26099,LOF,0.02397217737088962,0.02332089659325425,0.952706926035856
26100,LOF,0.02551630667379338,0.022274505015490362,0.9522091883107163
26101,LOF,0.05674765720269056,0.019948614386527102,0.9233037284107823
26102,LOF,0.026478157063020858,0.021136595202213695,0.9523852477347654
26103,Neutral,0.8815328632783423,0.03498648065175797,0.0834806560698996
26104,LOF,0.06845588304876811,0.05699647882322821,0.8745476381280036
26105,LOF,0.23805138569485718,0.23803730609802512,0.5239113082071177
26106,LOF,0.17266458317663083,0.13424806878034193,0.6930873480430273
26107,LOF,0.24646323052005328,0.07958989502422725,0.6739468744557194
26108,LOF,0.25664463673683496,0.1220096666660297,0.6213456965971353
26109,LOF,0.08236166829823936,0.1524240785249322,0.7652142531768285
26110,LOF,0.25085809561048145,0.008068708060632587,0.741073196328886
26111,LOF,0.47387037090915946,0.019865234470035555,0.5062643946208051
26112,LOF,0.03728329631162815,0.0076890735155353005,0.9550276301728367
26113,LOF,0.05728790297159208,0.015243910730078343,0.9274681862983295
26114,LOF,0.021868114241589735,0.015817150592421034,0.9623147351659892
26115,LOF,0.08138164847384605,0.03501737249734491,0.883600979028809
26116,LOF,0.054762696359935026,0.02496182024959946,0.9202754833904655
26117,LOF,0.38577582388216475,0.061354272328525354,0.55286990378931
26118,LOF,0.04241913776228731,0.02919383303000913,0.9283870292077036
26119,LOF,0.025388733059188064,0.04000493511926136,0.9346063318215506
26120,LOF,0.029207529883327785,0.025845200318048933,0.9449472697986233
26121,LOF,0.06039770565447043,0.08401584960405335,0.8555864447414763
26122,LOF,0.05406306069203508,0.038590628088083834,0.907346311219881
