feature0,prediction,LoGoFunc_Neutral,LoGoFunc_GOF,LoGoFunc_LOF
25546,Neutral,0.6183307363435651,0.0509021925364728,0.3307670711199622
25547,Neutral,0.48179807845532935,0.09543039800865666,0.422771523536014
25548,Neutral,0.500771343942947,0.07688609657309593,0.422342559483957
25549,LOF,0.434513362413356,0.07748865976961157,0.48799797781703236
25550,LOF,0.357020601784658,0.10592278422983832,0.5370566139855036
25551,LOF,0.3235325499549646,0.11973139327683265,0.5567360567682027
25552,LOF,0.28031483285760417,0.1224191812375271,0.5972659859048687
25553,Neutral,0.7893889717156739,0.04437080981321657,0.16624021847110965
25554,LOF,0.32765958000424056,0.11120918649432718,0.5611312335014322
25555,LOF,0.2752548105111172,0.09972700103988774,0.625018188448995
25556,LOF,0.4487456267628738,0.09238699528792466,0.45886737794920157
25557,LOF,0.27096970708436574,0.10985098594899066,0.6191793069666435
25558,LOF,0.33349305035643223,0.10591258640085341,0.5605943632427144
25559,LOF,0.2989133698281455,0.13446374754360793,0.5666228826282466
25560,LOF,0.1382098330849899,0.11198283247967328,0.7498073344353368
25561,LOF,0.11969964100018561,0.1401629044066859,0.7401374545931285
25562,LOF,0.050038094394167794,0.08229515026512547,0.8676667553407067
25563,LOF,0.015556758821431711,0.12488860627676714,0.8595546349018012
25564,LOF,0.13080469972788272,0.11009925878838774,0.7590960414837296
25565,LOF,0.19547703351864426,0.14835326103533628,0.6561697054460194
25566,GOF,0.07711193627702431,0.6659825527259825,0.256905510996993
25567,LOF,0.04685610330835165,0.19158941255577888,0.7615544841358696
25568,LOF,0.06236854208335407,0.10609668578861889,0.831534772128027
25569,LOF,0.06041897007097246,0.10400656309260212,0.8355744668364253
25570,LOF,0.028574998665548964,0.13470230216652215,0.8367226991679289
25571,LOF,0.02757295906848548,0.1458666140955848,0.8265604268359298
25572,LOF,0.07039995075542516,0.16195836466321883,0.7676416845813561
25573,LOF,0.05714996241874093,0.1248154284004801,0.8180346091807789
25574,LOF,0.060697126956761806,0.2459256388051252,0.693377234238113
25575,LOF,0.023228327753023605,0.15432076476684622,0.8224509074801301
25576,LOF,0.028629596622934537,0.20665622065967185,0.7647141827173937
25577,LOF,0.03356305406185118,0.15717566468558297,0.8092612812525659
25578,LOF,0.2898203836414046,0.13208545206050454,0.5780941642980908
25579,LOF,0.1863977816473903,0.12950864147595748,0.6840935768766523
25580,LOF,0.019353720128257194,0.1139253954815174,0.8667208843902253
25581,LOF,0.0511974262740126,0.09396975619263134,0.854832817533356
25582,LOF,0.05111799919335893,0.09171723460055245,0.8571647662060887
25583,LOF,0.023863652569724902,0.11616586844946536,0.8599704789808096
25584,Neutral,0.6889873470602392,0.14720552783374913,0.16380712510601153
25585,LOF,0.02166546041280871,0.19789354368588838,0.7804409959013029
25586,LOF,0.016661338225467923,0.1057699536620079,0.8775687081125242
25587,LOF,0.016863306457540167,0.09669442616845231,0.8864422673740074
25588,LOF,0.019970016900135883,0.10317589154341485,0.8768540915564493
25589,Neutral,0.5169792900001204,0.26570152000753816,0.21731918999234148
25590,LOF,0.04916788315213321,0.1581826040229524,0.7926495128249144
25591,LOF,0.08813912901921685,0.08415112694876666,0.8277097440320165
25592,LOF,0.05232720575142894,0.21272811658493113,0.7349446776636399
25593,LOF,0.11467080937915998,0.3469210554278911,0.538408135192949
25594,LOF,0.0461113139612646,0.11962847991654263,0.8342602061221928
25595,LOF,0.047777589671607654,0.07608711330200559,0.8761352970263868
25596,LOF,0.10888490303738096,0.03749348857612566,0.8536216083864933
25597,LOF,0.08491976196692222,0.04576513108496978,0.869315106948108
25598,LOF,0.04706391573531092,0.08044920288894064,0.8724868813757484
25599,LOF,0.01992826508339654,0.4158053102381025,0.5642664246785009
25600,GOF,0.16004649736352414,0.44277810886308416,0.3971753937733917
25601,LOF,0.045349514904403525,0.32355821890264935,0.6310922661929472
25602,LOF,0.035552636084601685,0.06082154371900399,0.9036258201963943
25603,LOF,0.039406082343888746,0.045396284421895305,0.915197633234216
25604,LOF,0.04076110090213345,0.08156560503641912,0.8776732940614476
25605,LOF,0.04026469148222109,0.17089537562424795,0.7888399328935309
25606,LOF,0.42091542370699436,0.12410005885227778,0.45498451744072793
25607,LOF,0.03343818146304164,0.15870491854498753,0.8078568999919709
25608,LOF,0.04091895310402179,0.09785298294734987,0.8612280639486283
25609,GOF,0.15562126905452445,0.539569460794,0.3048092701514755
25610,LOF,0.015782369243688116,0.051788490373979416,0.9324291403823325
25611,LOF,0.013478876514481002,0.05540270762871749,0.9311184158568014
25612,LOF,0.04619154775662667,0.07696823222677032,0.8768402200166029
25613,LOF,0.04469790828310101,0.0749351243941468,0.8803669673227521
25614,LOF,0.021505219398502723,0.04638765189391071,0.9321071287075866
25615,LOF,0.0441979353953076,0.07640136211876632,0.8794007024859262
25616,LOF,0.048614322116301845,0.05168100315931487,0.8997046747243832
25617,LOF,0.0380425363190599,0.061611767428213435,0.9003456962527268
25618,LOF,0.04302801571534085,0.0734703865307869,0.8835015977538723
25619,LOF,0.012426057693567506,0.06256722535275575,0.9250067169536768
25620,LOF,0.05296909222224519,0.07088071160883525,0.8761501961689196
25621,LOF,0.06221715058923983,0.05890201969685401,0.8788808297139062
25622,LOF,0.06740581303269849,0.06185013608853088,0.8707440508787707
25623,LOF,0.0692690425328985,0.0589626534691829,0.8717683039979186
25624,LOF,0.017412260228418214,0.06163692715906144,0.9209508126125203
25625,LOF,0.06349301647654026,0.061868041864270196,0.8746389416591895
25626,LOF,0.04489531474535579,0.06965514107442992,0.8854495441802143
25627,Neutral,0.8809054219200189,0.023531585529263606,0.09556299255071753
25628,LOF,0.13723184896220328,0.0606346286132748,0.802133522424522
25629,LOF,0.067243658949511,0.05128425973798914,0.8814720813124999
25630,LOF,0.29134030846202197,0.06924174249343557,0.6394179490445425
25631,Neutral,0.5209851761482687,0.06821478572262042,0.4108000381291109
25632,LOF,0.0276215903773902,0.07267843862725752,0.8996999709953521
25633,LOF,0.18955347053572538,0.04727916289378457,0.7631673665704901
25634,LOF,0.03569188639552611,0.09182288036717282,0.872485233237301
25635,LOF,0.03453725818916142,0.043327533736915155,0.9221352080739235
25636,LOF,0.034737879506318285,0.45715724265344704,0.5081048778402346
25637,GOF,0.05752495431077239,0.5383000626879865,0.40417498300124116
25638,LOF,0.028923560915074763,0.37698003023098275,0.5940964088539424
25639,LOF,0.028873159793813316,0.45106864543836206,0.5200581947678246
25640,Neutral,0.8444044601570062,0.10304028520221263,0.052555254640781215
25641,GOF,0.08275674894266122,0.4605180023411249,0.4567252487162139
25642,LOF,0.06210056944575533,0.17152552174901806,0.7663739088052265
25643,LOF,0.1986953280525062,0.12548135718912812,0.6758233147583657
25644,GOF,0.014654481964031366,0.511759572999511,0.47358594503645757
25645,LOF,0.015425877820808077,0.4799148453604867,0.5046592768187053
25646,LOF,0.0410105667961102,0.3485405327978881,0.6104489004060016
25647,LOF,0.01794835407775294,0.2604641910093787,0.7215874549128685
25648,LOF,0.019482626664836657,0.2686727351500683,0.7118446381850951
25649,LOF,0.011349583430553202,0.22515452964503527,0.7634958869244115
25650,LOF,0.03313794044318465,0.447171722426688,0.5196903371301274
25651,LOF,0.012061298698537552,0.2862754300765094,0.7016632712249531
25652,LOF,0.01872910675908218,0.28507488274293147,0.6961960104979864
25653,GOF,0.057157496112704584,0.47424830505130805,0.46859419883598735
25654,LOF,0.013157727574163015,0.22339511570479523,0.7634471567210417
25655,GOF,0.16480801051997168,0.4709265632699059,0.36426542621012237
25656,LOF,0.3517428066546195,0.08020635345464923,0.5680508398907312
25657,LOF,0.05833245935869624,0.08484291254468417,0.8568246280966196
25658,LOF,0.34872747544059157,0.08366985758568106,0.5676026669737274
25659,Neutral,0.48496398104074917,0.09960040077590772,0.41543561818334307
25660,LOF,0.022585208977161875,0.09757407819170659,0.8798407128311314
25661,LOF,0.09297645431423741,0.06230631831818206,0.8447172273675806
25662,LOF,0.03433387359558547,0.036693633219048394,0.9289724931853661
25663,LOF,0.04141978786185064,0.04394516559451366,0.9146350465436357
25664,LOF,0.1474392779276286,0.06022669110970571,0.7923340309626657
25665,LOF,0.06105727357468661,0.03149710832713056,0.9074456180981828
25666,LOF,0.0979104427231822,0.06922095794872925,0.8328685993280885
25667,LOF,0.07366475346512204,0.040143424196423125,0.8861918223384547
25668,LOF,0.0374051916669172,0.05031752249398422,0.9122772858390986
25669,LOF,0.031417498690936456,0.04640881071416037,0.9221736905949033
25670,LOF,0.16136659811202173,0.05451207097302764,0.7841213309149506
25671,LOF,0.10976407158486413,0.03710609343064157,0.8531298349844944
25672,LOF,0.05301150238526176,0.04504571240873395,0.9019427852060042
25673,LOF,0.07865275978673607,0.056097873053744626,0.8652493671595194
25674,LOF,0.06630233633499914,0.06573501308349498,0.8679626505815059
25675,LOF,0.10970595956265401,0.06377589748951805,0.826518142947828
25676,LOF,0.018144729077269824,0.058269100456992115,0.9235861704657381
25677,LOF,0.02518362785464622,0.0679745349207909,0.9068418372245629
25678,LOF,0.19015012440189488,0.07472724092998505,0.7351226346681201
25679,LOF,0.1198158873564624,0.07746930548855217,0.8027148071549854
25680,LOF,0.03226552119270727,0.11323393127242537,0.8545005475348674
25681,LOF,0.04771511494494905,0.10802778225040291,0.8442571028046479
25682,LOF,0.13502155185369522,0.07682987093161804,0.7881485772146867
25683,LOF,0.12651100937883486,0.0847221969998877,0.7887667936212774
25684,LOF,0.040251522822023,0.06756313745677169,0.8921853397212053
25685,LOF,0.12559847720425857,0.08088518259598958,0.7935163401997519
25686,LOF,0.07663660744575157,0.11357636963000892,0.8097870229242397
25687,LOF,0.11711341637628675,0.11480101684066357,0.7680855667830497
25688,LOF,0.3733386467740479,0.05366708388664668,0.5729942693393054
25689,LOF,0.27819229434997556,0.055809610848540796,0.6659980948014836
25690,LOF,0.3448926622105763,0.044215654953850374,0.6108916828355733
25691,Neutral,0.7048740086535606,0.03816130217142614,0.2569646891750133
25692,LOF,0.38638558016010305,0.012163744193298244,0.6014506756465988
25693,LOF,0.044590128844676724,0.4182761525221538,0.5371337186331695
25694,LOF,0.12358513428399102,0.01640508439963977,0.8600097813163691
25695,LOF,0.1230783430452071,0.01567818515348253,0.8612434718013104
25696,LOF,0.14416129810566586,0.010327455233969473,0.8455112466603647
25697,LOF,0.09351535673356884,0.049992227483837574,0.8564924157825935
25698,LOF,0.35468644187569126,0.14498768347626206,0.5003258746480467
25699,Neutral,0.5450159368950221,0.04512237509599824,0.40986168800897965
25700,LOF,0.08243725848472834,0.010095963076295433,0.9074667784389763
25701,LOF,0.20199833825335636,0.05020456191986001,0.7477970998267836
25702,GOF,0.1714569950749204,0.5986982493085077,0.22984475561657183
25703,LOF,0.01638566029570848,0.13932736675684396,0.8442869729474476
25704,LOF,0.037112936564749184,0.09912378354785421,0.8637632798873967
25705,LOF,0.04734474189044478,0.15563818699777354,0.7970170711117817
25706,GOF,0.10708737564117173,0.46411614718187644,0.42879647717695185
25707,LOF,0.08373992494294166,0.391829547641138,0.5244305274159204
25708,LOF,0.032530164973762626,0.33598667483419625,0.6314831601920412
25709,LOF,0.062014861664147894,0.04824359789343919,0.8897415404424129
25710,LOF,0.011645873242929464,0.1547093913993984,0.8336447353576721
25711,LOF,0.020859117003496342,0.08825333407782729,0.8908875489186764
25712,LOF,0.014586086423973186,0.1873230257387659,0.798090887837261
25713,LOF,0.018850625229897493,0.08196390775112189,0.8991854670189805
25714,LOF,0.0674442607023967,0.08370018355123918,0.8488555557463641
25715,LOF,0.011523271415354874,0.13793052594199892,0.8505462026426462
25716,LOF,0.010616188790316877,0.1106339197226163,0.8787498914870668
25717,LOF,0.01461051145801936,0.0728544036460599,0.9125350848959208
25718,LOF,0.01120883504827633,0.08935451801339848,0.8994366469383251
25719,LOF,0.02053598314902625,0.08417161451923547,0.8952924023317383
25720,LOF,0.02433265806112842,0.07146980110892956,0.9041975408299421
25721,LOF,0.013524105626161237,0.1188849313458219,0.867590963028017
25722,LOF,0.014024707188192802,0.12448327452253291,0.8614920182892744
25723,LOF,0.0229680182235036,0.050669984410149575,0.9263619973663467
25724,LOF,0.03481845612158512,0.09356954440574755,0.8716119994726674
25725,LOF,0.011526002466908507,0.08394697384414865,0.9045270236889429
25726,LOF,0.015725426677286842,0.11519410895008106,0.8690804643726322
25727,LOF,0.012047001337007356,0.0877986749983193,0.9001543236646734
25728,LOF,0.00988841759635662,0.11695816966633131,0.8731534127373121
25729,LOF,0.010260703016282001,0.11374582281409017,0.8759934741696278
25730,LOF,0.01351186579188027,0.09517051609188566,0.8913176181162341
25731,LOF,0.018915458030969615,0.09365623802680889,0.8874283039422216
25732,LOF,0.013334389760393294,0.07807366591886246,0.9085919443207442
25733,LOF,0.016824181532831183,0.07762158343941473,0.9055542350277541
25734,LOF,0.010402476353911871,0.12658366002285645,0.8630138636232316
25735,LOF,0.01184758862237503,0.08581294736133921,0.9023394640162857
25736,LOF,0.012838861993526825,0.10558153454879288,0.8815796034576804
25737,LOF,0.012212243358933896,0.07979568366159633,0.9079920729794698
25738,LOF,0.011852691669820946,0.11302619707237385,0.8751211112578052
25739,LOF,0.020290684310682344,0.08654521144121548,0.8931641042481022
25740,LOF,0.02813792329245315,0.1265091534305861,0.8453529232769609
25741,LOF,0.015347016264075253,0.11866666777566007,0.8659863159602647
25742,LOF,0.12041654048550211,0.08516087085507756,0.7944225886594204
25743,LOF,0.032898514570966396,0.05981104438990424,0.9072904410391295
25744,Neutral,0.5600600715148502,0.25791895361200473,0.18202097487314503
25745,LOF,0.06076379809335869,0.08890550273856396,0.8503306991680774
25746,LOF,0.042442897704213584,0.11462844266636263,0.8429286596294238
25747,LOF,0.01961285888538176,0.0791501407629066,0.9012370003517117
25748,LOF,0.12142395479332069,0.1251022403175185,0.7534738048891609
25749,LOF,0.02508066746428218,0.11026625708285401,0.8646530754528637
25750,LOF,0.0712431515591888,0.100159065466175,0.8285977829746362
25751,LOF,0.08005622292374817,0.14061581168509443,0.7793279653911573
25752,GOF,0.10517199581474006,0.6549083764675725,0.23991962771768746
25753,LOF,0.023610552137094454,0.2681561660239335,0.708233281838972
25754,GOF,0.014691956391846459,0.7827961278215193,0.20251191578663422
25755,LOF,0.026196583072751557,0.3886386336788631,0.5851647832483853
25756,LOF,0.055843212488300535,0.3543276608820352,0.5898291266296642
25757,GOF,0.017670334862426206,0.8273990381712526,0.15493062696632118
25758,GOF,0.03271083093961109,0.7911049173790307,0.1761842516813582
25759,GOF,0.010755753724831684,0.5951713116639346,0.39407293461123377
25760,LOF,0.013768121751758707,0.2705610755489708,0.7156708026992706
25761,GOF,0.25331909937998826,0.6375070510439032,0.1091738495761086
25762,LOF,0.049739315820077276,0.2666553357993817,0.6836053483805409
25763,LOF,0.014035219582125976,0.2125886132518061,0.773376167166068
25764,GOF,0.08399600241282111,0.6463335599205778,0.2696704376666011
25765,GOF,0.03493375270718826,0.7205890043872806,0.24447724290553122
25766,GOF,0.06453572690988443,0.7662118693533828,0.16925240373673262
25767,GOF,0.1491264016657028,0.5620061839663909,0.2888674143679063
25768,LOF,0.10620248718157863,0.05426283181938751,0.8395346809990339
25769,LOF,0.05152613385877275,0.06950239893702516,0.8789714672042022
25770,LOF,0.3104489693334269,0.10688461855943562,0.5826664121071374
25771,LOF,0.051526386219911506,0.05702904218275179,0.8914445715973367
25772,LOF,0.01874219617912646,0.049899824107988974,0.9313579797128846
25773,LOF,0.0503543584799664,0.09867030406442782,0.8509753374556058
25774,LOF,0.02912444346476714,0.08978364807824431,0.8810919084569886
25775,LOF,0.0487329769439773,0.05852482410667191,0.8927421989493509
25776,LOF,0.0684795742369034,0.031560076310405596,0.899960349452691
25777,LOF,0.3464503356570625,0.07302999351750165,0.5805196708254359
25778,LOF,0.06844848901678734,0.05195462437337276,0.8795968866098399
25779,GOF,0.36313728184995525,0.5858188639997965,0.05104385415024827
25780,GOF,0.3373685143174443,0.5851733001329732,0.07745818554958242
25781,GOF,0.13035083987874554,0.7492469762071142,0.12040218391414022
25782,GOF,0.21367702720248943,0.6954811851006231,0.09084178769688743
25783,GOF,0.02241667891965243,0.6241195552771168,0.35346376580323075
25784,Neutral,0.49113788951161186,0.46070851145464564,0.04815359903374243
25785,Neutral,0.4934830341797749,0.4663777629810115,0.04013920283921353
25786,GOF,0.03025822578231078,0.7473533999204951,0.22238837429719424
25787,Neutral,0.6560793703815821,0.3156611204232499,0.028259509195167874
25788,LOF,0.0543219197231165,0.11215383110705708,0.8335242491698264
25789,GOF,0.23482754178107748,0.6161345834023013,0.14903787481662123
25790,GOF,0.22212267179922043,0.6747642583911629,0.10311306980961675
25791,GOF,0.14998398123548357,0.6930935875384533,0.1569224312260633
25792,GOF,0.35456054461658715,0.5229773873178439,0.12246206806556895
25793,GOF,0.2471533686680507,0.5168332891637881,0.23601334216816114
25794,GOF,0.3221179679382533,0.5103036692959138,0.1675783627658329
25795,GOF,0.07899121419027257,0.683481739555334,0.2375270462543934
25796,Neutral,0.5629795284023895,0.35304728091029164,0.0839731906873187
25797,GOF,0.0872986177689371,0.5284400338908907,0.38426134834017234
25798,GOF,0.009379117420064828,0.5272488738573247,0.46337200872261053
25799,LOF,0.007896198294583212,0.413456304084282,0.5786474976211347
25800,GOF,0.03599395055608007,0.6092760026961749,0.35473004674774505
25801,GOF,0.2155945925713213,0.6613895765248061,0.12301583090387277
25802,GOF,0.057818542755212504,0.7183784840937034,0.22380297315108416
25803,GOF,0.03715478240014343,0.5909249815940674,0.37192023600578933
25804,GOF,0.033116952976123847,0.5353718927085115,0.4315111543153646
25805,GOF,0.09606034121828647,0.5875736149090774,0.3163660438726361
25806,GOF,0.11490253041153667,0.5985324478378081,0.2865650217506552
25807,GOF,0.021581010440129802,0.6133121432140923,0.3651068463457779
25808,GOF,0.0893504386056562,0.6176593708607573,0.29299019053358655
25809,GOF,0.019723842855091118,0.6186997351120704,0.36157642203283846
25810,GOF,0.01915370010945757,0.6320137821162422,0.34883251777430024
25811,Neutral,0.46931744020042737,0.45398541845277424,0.07669714134679824
25812,GOF,0.03513441779240654,0.6435038796929418,0.32136170251465174
25813,Neutral,0.5393298331720016,0.35735023106645597,0.10331993576154248
25814,GOF,0.1193902066758657,0.6477441381674458,0.2328656551566885
25815,GOF,0.19226855660536965,0.6112647442807376,0.19646669911389275
25816,GOF,0.02031845302227126,0.6642314162115043,0.31545013076622463
25817,GOF,0.2406388492206564,0.6209548614328269,0.13840628934651675
25818,GOF,0.0567249554399862,0.5959843065050686,0.34729073805494515
25819,GOF,0.3761029513597339,0.4586913039324392,0.16520574470782692
25820,GOF,0.17168326942061232,0.591553836554634,0.23676289402475367
25821,GOF,0.05522114233845615,0.6642018397557211,0.28057701790582285
25822,GOF,0.21433307448514885,0.526863027860061,0.2588038976547901
25823,GOF,0.03213472866375974,0.5155616008430426,0.4523036704931977
25824,GOF,0.08126295048289642,0.5635712169455428,0.35516583257156087
25825,GOF,0.03190692423273076,0.5642144373563933,0.40387863841087596
25826,GOF,0.011582627063001375,0.5288438547795075,0.45957351815749115
25827,GOF,0.02263237611099252,0.5766631502004943,0.4007044736885133
25828,GOF,0.014288094146799919,0.506394073691057,0.4793178321621431
25829,GOF,0.006683328076079469,0.5578846320306394,0.435432039893281
25830,LOF,0.03792563947164861,0.2822386196733376,0.6798357408550137
25831,GOF,0.1964884767533165,0.6603109429204578,0.14320058032622576
25832,GOF,0.03224631079922861,0.6863607920812718,0.2813928971194996
25833,GOF,0.13235661148418187,0.6869578528654854,0.18068553565033268
25834,GOF,0.03865523387015059,0.6913413924710233,0.2700033736588261
25835,GOF,0.08694135561795212,0.7178242313048943,0.1952344130771536
25836,GOF,0.04614427588009927,0.6612105360793287,0.29264518804057205
25837,GOF,0.02628814183788692,0.5553905905981518,0.41832126756396143
25838,GOF,0.09039693895864574,0.7344639044774595,0.1751391565638948
25839,GOF,0.312024911792346,0.5449293661539942,0.14304572205365976
25840,GOF,0.22787749245313155,0.5982784558912342,0.17384405165563435
25841,GOF,0.24132759863859704,0.5891114591767295,0.1695609421846735
25842,GOF,0.1964333282843065,0.6601049323827513,0.14346173933294215
25843,GOF,0.26234802439872,0.6316811426892812,0.10597083291199874
25844,GOF,0.07202273108088292,0.686467626158672,0.24150964276044512
25845,GOF,0.015580398216290746,0.49909785778450716,0.485321743999202
25846,GOF,0.12273949164073726,0.719376007264906,0.1578845010943566
25847,GOF,0.12758835578075087,0.7495277277511475,0.12288391646810155
25848,GOF,0.03853133408219582,0.675851912119512,0.2856167537982922
25849,GOF,0.012073191437845718,0.5665354382451323,0.42139137031702184
25850,GOF,0.023060650212967253,0.6538399726192524,0.32309937716778037
25851,GOF,0.017595771075604668,0.5554205518121723,0.42698367711222285
25852,GOF,0.16264784645050487,0.5537637205795745,0.2835884329699207
25853,GOF,0.3619484030416624,0.5685164497739296,0.06953514718440806
25854,GOF,0.022153108968515245,0.6227671251844725,0.3550797658470123
25855,GOF,0.03310209966487308,0.6033533868331812,0.3635445135019457
25856,GOF,0.2282042940763902,0.5545200988618648,0.2172756070617451
25857,GOF,0.03172082644798942,0.5191556907484428,0.44912348280356773
25858,GOF,0.01719765720234087,0.5605059747452122,0.4222963680524468
25859,GOF,0.010417442492736921,0.5427680133289073,0.44681454417835587
25860,GOF,0.3545528158784711,0.5614461625742259,0.08400102154730305
25861,GOF,0.4191614519546604,0.5079689088102436,0.07286963923509598
25862,GOF,0.09804334986836855,0.7516874998967366,0.1502691502348949
25863,GOF,0.09593732430034305,0.750058742788916,0.15400393291074102
25864,GOF,0.20580124060797786,0.7056684729108299,0.08853028648119227
25865,GOF,0.0825508027849874,0.7993595463915103,0.11808965082350226
25866,GOF,0.06435144447620461,0.8024976635902726,0.13315089193352264
25867,GOF,0.09157035600821156,0.8011261525388065,0.10730349145298208
25868,GOF,0.25047763409226237,0.6461256095961274,0.10339675631161031
25869,Neutral,0.6883825712296218,0.2694606313825235,0.04215679738785477
25870,LOF,0.28854809782035856,0.3233805265185736,0.38807137566106775
25871,GOF,0.19326924063523393,0.634485091434252,0.17224566793051405
25872,GOF,0.0841789472537194,0.6379917052978331,0.2778293474484474
25873,GOF,0.1385167470723502,0.6326122806433925,0.22887097228425732
25874,LOF,0.01793806208910525,0.12633432492840255,0.8557276129824921
25875,LOF,0.09204391676055083,0.04000888905391919,0.8679471941855301
25876,LOF,0.04063632659748268,0.04396951963342982,0.9153941537690874
25877,Neutral,0.5407942745366822,0.03875031442755247,0.4204554110357654
25878,LOF,0.2415724695965077,0.07184280260273322,0.6865847278007591
25879,LOF,0.09505839194789427,0.0759858141367316,0.8289557939153742
25880,LOF,0.02202970149405497,0.02080911166805049,0.9571611868378946
25881,LOF,0.19388372428310513,0.11303210239690492,0.69308417331999
25882,LOF,0.06868215415845863,0.014777597851895289,0.916540247989646
25883,LOF,0.08257273677536592,0.017319521323544782,0.9001077419010892
25884,LOF,0.03869798962049493,0.02844881960472535,0.9328531907747797
25885,LOF,0.06929500246818977,0.011088327102001198,0.919616670429809
25886,LOF,0.33950813535072255,0.028933133028350506,0.631558731620927
25887,LOF,0.1602707109392237,0.06405620013617248,0.7756730889246037
25888,LOF,0.0703716667433625,0.058957305682120056,0.8706710275745174
25889,LOF,0.04869094675848966,0.018007312165682913,0.9333017410758274
25890,LOF,0.05141792670584139,0.14880702342484892,0.7997750498693096
25891,LOF,0.04282607602664301,0.04974218884785189,0.9074317351255051
25892,LOF,0.09818030652565986,0.020458500726546338,0.8813611927477938
25893,LOF,0.26401604900887826,0.016218123916198122,0.7197658270749236
25894,LOF,0.17839145731944409,0.008557942893807116,0.8130505997867488
25895,LOF,0.22124593928311584,0.017482142574324577,0.7612719181425595
25896,LOF,0.05083194003426701,0.018924494264677214,0.9302435657010557
25897,LOF,0.25368448314829434,0.011245426897032337,0.7350700899546733
25898,Neutral,0.7088921352032136,0.008276737555598645,0.28283112724118786
25899,LOF,0.26728522190896226,0.02449315817062586,0.7082216199204119
25900,LOF,0.47051749768573925,0.014691184961366491,0.5147913173528943
25901,LOF,0.0574363679101286,0.0110497775870079,0.9315138545028635
25902,LOF,0.17327997962582897,0.009816947378206957,0.816903072995964
25903,Neutral,0.5242350558283582,0.027030585661064255,0.4487343585105776
25904,LOF,0.28312763411074954,0.04890107796518877,0.6679712879240617
25905,LOF,0.0226401945429368,0.3101637894498407,0.6671960160072226
25906,LOF,0.02004291755764066,0.06624525117544736,0.913711831266912
25907,LOF,0.0151201677376863,0.3276562756152833,0.6572235566470305
25908,LOF,0.011150914120646806,0.22371694591065547,0.7651321399686977
25909,LOF,0.013770276017447491,0.12443487999027772,0.8617948439922747
25910,LOF,0.04482277964930047,0.12056271072658879,0.8346145096241107
25911,LOF,0.162096813255259,0.027790685899150385,0.8101125008455906
25912,LOF,0.04128679359728403,0.04638911352360889,0.9123240928791071
25913,LOF,0.3089949114947625,0.023537441808482374,0.6674676466967552
25914,LOF,0.021704381337567327,0.1297487585739485,0.8485468600884842
25915,Neutral,0.404591309000467,0.3629677831494599,0.23244090785007313
25916,LOF,0.05666425683283424,0.4013233256647921,0.5420124175023737
25917,LOF,0.055234995923930164,0.08164786153591916,0.8631171425401506
25918,LOF,0.029034788581907348,0.08234109730719316,0.8886241141108994
25919,LOF,0.023631672656073105,0.0911401084636153,0.8852282188803116
25920,GOF,0.08939194410111219,0.5616634407256047,0.3489446151732832
25921,LOF,0.02593279062661336,0.024613729301521222,0.9494534800718655
25922,LOF,0.03579720181421265,0.0175423359328071,0.9466604622529803
25923,LOF,0.4417798225027892,0.02247275872492265,0.5357474187722882
25924,LOF,0.03373418570476732,0.037401720136406344,0.9288640941588264
25925,LOF,0.06783972518559042,0.02860940443551875,0.9035508703788908
25926,LOF,0.050940505853968726,0.022825324168651188,0.9262341699773802
25927,LOF,0.06611125215066696,0.07607408592143215,0.8578146619279008
25928,LOF,0.019010729117510953,0.03521211573551105,0.9457771551469779
25929,Neutral,0.5735245337619723,0.024907367640952565,0.4015680985970751
25930,LOF,0.05620815937515465,0.019293379349867502,0.9244984612749778
25931,LOF,0.02669949490254334,0.02165926681388366,0.951641238283573
25932,LOF,0.027863128607158137,0.021000121402518394,0.9511367499903235
25933,LOF,0.0384691456355658,0.013252461675143455,0.9482783926892907
25934,LOF,0.024643332462795587,0.016295657446314858,0.9590610100908895
25935,LOF,0.06062646785894056,0.033086293429247605,0.9062872387118118
25936,LOF,0.04909525715249419,0.02049425005966959,0.9304104927878363
25937,LOF,0.02804392638346639,0.02682839893313908,0.9451276746833944
25938,LOF,0.06561185004226804,0.03289194866943395,0.901496201288298
25939,LOF,0.03929784650528238,0.012725996459734077,0.9479761570349835
25940,LOF,0.03124374603383683,0.4099442838376931,0.5588119701284701
25941,LOF,0.18313937999181254,0.0990564205123773,0.7178041994958101
25942,LOF,0.018377214806505195,0.027631213499616895,0.9539915716938779
25943,LOF,0.31600703437687094,0.0572873540786588,0.6267056115444701
25944,Neutral,0.5131478321306225,0.025983323288465074,0.4608688445809125
25945,LOF,0.07201412582254159,0.02021699960890151,0.9077688745685569
25946,LOF,0.026416018730012075,0.10919331425468809,0.8643906670152998
25947,LOF,0.1297012186224318,0.21220745554011405,0.6580913258374541
25948,LOF,0.45899129443502223,0.011791409661150222,0.5292172959038276
25949,LOF,0.09334901329606347,0.049846401358098785,0.8568045853458378
25950,GOF,0.305051805936013,0.4283742713026982,0.2665739227612889
25951,LOF,0.241709962206307,0.22232366853938365,0.5359663692543093
25952,LOF,0.046171590361843574,0.43716211157557383,0.5166662980625826
25953,LOF,0.14858621035971217,0.11319479709714268,0.7382189925431452
25954,Neutral,0.44495777542420134,0.21382728874859075,0.3412149358272079
25955,LOF,0.06196978597149756,0.0829533329967697,0.8550768810317327
25956,LOF,0.19439914825311566,0.09808720874579342,0.707513643001091
25957,LOF,0.0412433944612753,0.03504503291314073,0.9237115726255839
25958,LOF,0.061921723428994484,0.025211729868970457,0.912866546702035
25959,LOF,0.06707671562889415,0.3343910609836156,0.5985322233874902
25960,LOF,0.01985549162423607,0.05256471885542111,0.9275797895203428
25961,LOF,0.05121276182788992,0.027467857531225645,0.9213193806408845
25962,LOF,0.051300595244794724,0.03698634497162408,0.9117130597835812
25963,LOF,0.047566827794229966,0.21491722793200183,0.7375159442737681
25964,LOF,0.039026338100235085,0.13363044025118875,0.8273432216485763
25965,LOF,0.4353047642648887,0.09793362662348154,0.4667616091116299
25966,Neutral,0.44735015784554366,0.10808602555582351,0.44456381659863287
25967,LOF,0.013253772836821533,0.0605307034036266,0.9262155237595519
25968,GOF,0.031947712688194255,0.49929102157391714,0.46876126573788857
25969,LOF,0.02512166874316324,0.063240079554643,0.9116382517021937
25970,LOF,0.06280841192155687,0.05599795002960967,0.8811936380488335
25971,LOF,0.08073318938425746,0.015074200430197556,0.9041926101855451
25972,LOF,0.08274867149581212,0.020608939856533094,0.8966423886476549
25973,LOF,0.09298746385682852,0.008746905652220412,0.898265630490951
25974,LOF,0.20331517427198947,0.01617068124299075,0.7805141444850198
25975,LOF,0.05770838214739213,0.02673521109034428,0.9155564067622637
25976,LOF,0.049689388799058355,0.012918210962783387,0.9373924002381583
25977,LOF,0.15699962711156043,0.09274229861659543,0.7502580742718442
25978,LOF,0.15311477966058837,0.044048212553005464,0.8028370077864062
25979,LOF,0.1389706588958176,0.047191809792691844,0.8138375313114905
25980,LOF,0.19558514058479376,0.06412429588727754,0.7402905635279287
25981,LOF,0.2304989193173471,0.062300262373066025,0.7072008183095869
25982,LOF,0.3810178143618991,0.043850211443697565,0.5751319741944033
25983,LOF,0.37265769250270364,0.047332775975798484,0.5800095315214979
25984,LOF,0.05344985409410524,0.05228756303203472,0.8942625828738601
25985,LOF,0.027562057095006653,0.21928020024249506,0.7531577426624984
25986,LOF,0.04182356560688536,0.25277102689940084,0.7054054074937137
25987,LOF,0.07498647464203687,0.06407476621481682,0.8609387591431462
25988,LOF,0.12958210076129636,0.05639288792904688,0.8140250113096568
25989,LOF,0.02914178587515585,0.10322985676394508,0.8676283573608992
25990,LOF,0.03613438982297056,0.13488335932333098,0.8289822508536985
25991,LOF,0.20095622351633455,0.2990782312731721,0.4999655452104933
25992,LOF,0.3805852376424793,0.14957456191266913,0.4698402004448516
25993,LOF,0.02587008421416004,0.07038457438866078,0.9037453413971792
25994,LOF,0.02018640595244331,0.10283757950571375,0.876976014541843
25995,LOF,0.02933352614922072,0.17477142664456016,0.7958950472062192
25996,GOF,0.3331387192234031,0.4263432771664637,0.24051800361013326
25997,GOF,0.11490955938004459,0.48059628956040285,0.40449415105955244
25998,Neutral,0.5370860709555223,0.02482160913932385,0.43809231990515374
25999,LOF,0.11533875995035464,0.12435805529489552,0.7603031847547498
26000,LOF,0.17469607087111844,0.027101220980729875,0.7982027081481516
26001,LOF,0.18552627789233056,0.031629254984830234,0.7828444671228392
26002,LOF,0.12537964373481422,0.03248826000974953,0.8421320962554362
26003,GOF,0.011423671728528399,0.555122315293461,0.43345401297801067
26004,GOF,0.027687642691103454,0.5984072005226742,0.3739051567862224
26005,LOF,0.009232166803227145,0.42497312720437697,0.565794705992396
26006,Neutral,0.4844276439352875,0.2193920221105951,0.2961803339541174
26007,LOF,0.021865686879578072,0.475726055741241,0.5024082573791809
26008,GOF,0.021085312804197173,0.5399509297654189,0.4389637574303839
26009,GOF,0.0249871351575715,0.5768964095563204,0.3981164552861081
26010,GOF,0.03487250276345736,0.5748116921000973,0.39031580513644526
26011,LOF,0.008161520087513767,0.41468804321205277,0.5771504367004335
26012,GOF,0.017117087857295286,0.5029556927222645,0.47992721942044025
26013,GOF,0.021909033899539788,0.5534172117288331,0.4246737543716271
26014,LOF,0.03852058538876161,0.14452369840241752,0.8169557162088209
26015,LOF,0.28873443704811985,0.00705570471591698,0.7042098582359632
26016,LOF,0.24978560422987514,0.04149613874228836,0.7087182570278364
26017,LOF,0.2606695329895281,0.07097452401353356,0.6683559429969383
26018,LOF,0.11482980976970573,0.032813612891139717,0.8523565773391546
26019,LOF,0.10754329148305611,0.02466628098002586,0.8677904275369179
26020,LOF,0.06713264318129578,0.09238861620309442,0.8404787406156098
26021,LOF,0.049760560528123395,0.11041791353843929,0.8398215259334374
26022,LOF,0.012429535865404134,0.03398054128045096,0.953589922854145
26023,LOF,0.1403080966708779,0.019468603118267407,0.8402233002108547
26024,LOF,0.030192413193610924,0.1097549147006679,0.8600526721057211
26025,LOF,0.18269058306345107,0.08994306833051728,0.7273663486060317
26026,LOF,0.3501719679875597,0.019804316891831323,0.6300237151206091
26027,LOF,0.1021317430929775,0.013292644866300721,0.8845756120407219
26028,LOF,0.15879129424162042,0.07662713165042308,0.7645815741079565
26029,LOF,0.06720161660969558,0.1985790151065315,0.7342193682837729
26030,LOF,0.023315511851863036,0.059583658755790955,0.917100829392346
26031,LOF,0.027192486005992122,0.14647358541429273,0.8263339285797152
26032,LOF,0.06175363303384468,0.06536120086876263,0.8728851660973926
26033,LOF,0.11291520189445318,0.08043276566052002,0.8066520324450268
26034,LOF,0.042919792767823046,0.15271580620140193,0.804364401030775
26035,LOF,0.026630279668075445,0.14380067822550058,0.8295690421064239
26036,LOF,0.03810545960696219,0.17329490234732675,0.7885996380457111
26037,LOF,0.022491304757473154,0.12054553704691354,0.8569631581956133
26038,LOF,0.0571803852784592,0.06631356527097716,0.8765060494505637
26039,LOF,0.05506170037564966,0.14942978493410128,0.7955085146902491
26040,LOF,0.18094532217781498,0.12562342898731232,0.6934312488348727
26041,LOF,0.02283837022199327,0.11617695981471479,0.8609846699632919
26042,LOF,0.02271466699202903,0.11132548870695666,0.8659598443010142
26043,LOF,0.05670007755155626,0.08235911729488413,0.8609408051535596
26044,LOF,0.0194044515115324,0.07189681624353657,0.908698732244931
26045,LOF,0.06884972640069617,0.10105378315876781,0.830096490440536
26046,LOF,0.057260141242918915,0.08037830089408568,0.8623615578629954
26047,LOF,0.07901255411027877,0.08600213820864702,0.8349853076810742
26048,LOF,0.04602367190551999,0.046587087491707174,0.9073892406027728
26049,Neutral,0.9580369498748437,0.008992037453240252,0.03297101267191619
26050,Neutral,0.9418678919904475,0.011597323533549976,0.046534784476002615
26051,LOF,0.04545778832210084,0.2664484178922216,0.6880937937856776
26052,LOF,0.06952011124815764,0.29091558066335205,0.6395643080884903
26053,LOF,0.05721264463312496,0.12246880158910838,0.8203185537777667
26054,LOF,0.06191279878631897,0.018303577863781565,0.9197836233498995
26055,LOF,0.07819033693327553,0.015765569109353048,0.9060440939573714
26056,LOF,0.063296223588719,0.016893715940170015,0.919810060471111
26057,LOF,0.03409342667294471,0.011501984134118936,0.9544045891929364
26058,LOF,0.03601628997863056,0.009033477734829987,0.9549502322865394
26059,LOF,0.31588502525007894,0.02567642435982211,0.658438550390099
26060,LOF,0.031981069781108026,0.1661184778294525,0.8019004523894395
26061,LOF,0.01825491515038637,0.011415203233892963,0.9703298816157206
26062,LOF,0.011448869219995729,0.01890888535616118,0.9696422454238431
26063,LOF,0.0233674788420351,0.011943758637280416,0.9646887625206844
26064,LOF,0.025453002168391026,0.017953541923183016,0.9565934559084259
26065,LOF,0.025325137874608928,0.011405677648237402,0.9632691844771537
26066,LOF,0.022274016063580863,0.011395553438766916,0.9663304304976523
26067,LOF,0.028706956142956062,0.008576041489556508,0.9627170023674874
26068,LOF,0.052374434831552054,0.030355282128134913,0.9172702830403131
26069,LOF,0.26548762714045687,0.0207009053053624,0.7138114675541807
26070,LOF,0.3940741715677401,0.016544438462059552,0.5893813899702003
26071,LOF,0.025184849753592357,0.012433694658865405,0.9623814555875423
26072,LOF,0.022533360589527263,0.0174019612498692,0.9600646781606035
26073,LOF,0.026686929680067306,0.01100442956833167,0.962308640751601
26074,Neutral,0.9139231474077555,0.005674714961341942,0.08040213763090259
26075,LOF,0.04675200459990824,0.015626291565782727,0.9376217038343091
26076,LOF,0.047246097959431965,0.009321953338215562,0.9434319487023526
26077,LOF,0.009251493664645788,0.018803712418388095,0.9719447939169661
26078,LOF,0.014223366748054807,0.010409089860714725,0.9753675433912304
26079,LOF,0.0646522121715713,0.018672986673534838,0.9166748011548937
26080,LOF,0.06362123455215188,0.01868769033516709,0.9176910751126811
26081,LOF,0.0411848230508452,0.006253310264612464,0.9525618666845422
26082,LOF,0.017016425571041355,0.014411945720966967,0.9685716287079917
26083,LOF,0.1353319507078632,0.01223030596418069,0.8524377433279561
26084,LOF,0.028771417833906326,0.012705222645445704,0.958523359520648
26085,LOF,0.02409874677179435,0.01224111891275032,0.9636601343154553
26086,LOF,0.025479938509666795,0.01165991591435952,0.9628601455759737
26087,LOF,0.028975076997844386,0.008044935952496574,0.9629799870496591
26088,LOF,0.01643486028141534,0.024909412026400655,0.958655727692184
26089,LOF,0.04805330774934073,0.023258362371713352,0.9286883298789459
26090,LOF,0.046539914903350764,0.018629175799156985,0.9348309092974924
26091,LOF,0.04146488840469549,0.006226742654910741,0.9523083689403938
26092,LOF,0.028612673566420978,0.007926145659188706,0.9634611807743904
26093,LOF,0.043375942763200115,0.005922186839109043,0.9507018703976908
26094,LOF,0.04323744997792087,0.006903164037269794,0.9498593859848092
26095,LOF,0.04558105619152706,0.012959188131017246,0.9414597556774557
26096,LOF,0.020992393183895897,0.010651767941934924,0.9683558388741691
26097,LOF,0.01238712961494684,0.03520010214594878,0.9524127682391044
26098,LOF,0.07608494428512143,0.010592919320706407,0.9133221363941721
26099,LOF,0.025569755982307176,0.012561612663880782,0.9618686313538121
26100,LOF,0.02765093921351919,0.011963641375876572,0.9603854194106042
26101,LOF,0.0568130770222559,0.011878088054466777,0.9313088349232772
26102,LOF,0.027356650814565727,0.013490164210961253,0.9591531849744729
26103,Neutral,0.8890771597829883,0.01763255984749083,0.09329028036952078
26104,LOF,0.0895627491512351,0.025880921639299583,0.8845563292094654
26105,LOF,0.22000650128886848,0.28528133203167383,0.49471216667945755
26106,LOF,0.1966240765140115,0.1212833345209175,0.682092588965071
26107,LOF,0.24845242773977907,0.0798675087428189,0.6716800635174021
26108,LOF,0.22500325412164476,0.15465275648401697,0.6203439893943383
26109,LOF,0.0933659061765765,0.09197721515354126,0.8146568786698821
26110,LOF,0.293662413948933,0.006250714301199833,0.7000868717498672
26111,LOF,0.48126429744077304,0.01629299192978831,0.5024427106294387
26112,LOF,0.03484721119233857,0.008235504136253638,0.9569172846714078
26113,LOF,0.05710855538159108,0.014600509554272409,0.9282909350641365
26114,LOF,0.03146265833262573,0.02479939300432496,0.9437379486630493
26115,LOF,0.1014943399050261,0.058345200660603815,0.8401604594343701
26116,LOF,0.06859822354465163,0.05760272267906952,0.8737990537762789
26117,LOF,0.4299820021559716,0.05434237240221485,0.5156756254418136
26118,LOF,0.04203008046814605,0.03089680885914552,0.9270731106727085
26119,LOF,0.024957565485011324,0.04804955089818725,0.9269928836168014
26120,LOF,0.0325950207645356,0.027709909481110413,0.939695069754354
26121,LOF,0.051705060453057713,0.08757349450519804,0.8607214450417443
26122,LOF,0.043537038531770954,0.0561425097308198,0.9003204517374093
