feature0,prediction,LoGoFunc_Neutral,LoGoFunc_GOF,LoGoFunc_LOF
25546,Neutral,0.6166606474620526,0.06436004127169849,0.31897931126624895
25547,Neutral,0.4547198043520308,0.1096241731460404,0.4356560225019288
25548,Neutral,0.4759479403021927,0.09200557393577913,0.43204648576202814
25549,LOF,0.4021887838822445,0.09342229053159302,0.5043889255861624
25550,LOF,0.337959429131328,0.12673575713622207,0.5353048137324499
25551,LOF,0.3011915818027757,0.1353885638974288,0.5634198542997955
25552,LOF,0.2512795255514967,0.1363076540930441,0.6124128203554591
25553,Neutral,0.8040924963519114,0.04978218844338028,0.1461253152047084
25554,LOF,0.30041300311571556,0.12445768993417633,0.5751293069501081
25555,LOF,0.25163154674311583,0.11886371074977271,0.6295047425071114
25556,LOF,0.44597199872893967,0.10792685805167221,0.44610114321938804
25557,LOF,0.24178331234113484,0.12544464643574563,0.6327720412231195
25558,LOF,0.2999683247459984,0.12420513597031996,0.5758265392836817
25559,LOF,0.20213143234072883,0.13911339544832907,0.6587551722109422
25560,LOF,0.16413520633283143,0.0953477110258436,0.7405170826413249
25561,LOF,0.16296117382189182,0.10704872868375784,0.7299900974943503
25562,LOF,0.06879693934288568,0.0737867114216886,0.8574163492354258
25563,LOF,0.023410983391637604,0.1299078756881496,0.8466811409202127
25564,LOF,0.23010555213210895,0.1133746521374079,0.6565197957304831
25565,LOF,0.22248477909178033,0.14141065618444218,0.6361045647237776
25566,GOF,0.08898688103428383,0.7240867029428399,0.1869264160228762
25567,LOF,0.041564156372444455,0.11661310869540154,0.8418227349321539
25568,LOF,0.06395364968376993,0.06289120361745387,0.8731551466987761
25569,LOF,0.05908334078725665,0.06266462351636239,0.8782520356963811
25570,LOF,0.026195613830543578,0.08537648864488658,0.8884278975245697
25571,LOF,0.025859769342339783,0.08908042557449006,0.8850598050831702
25572,LOF,0.06520213049172739,0.09863412290383113,0.8361637466044416
25573,LOF,0.05929940972930993,0.0749835269181731,0.8657170633525171
25574,LOF,0.05851771513808542,0.18663875630485846,0.754843528557056
25575,LOF,0.021344412753928024,0.09894166012061933,0.8797139271254527
25576,LOF,0.034248706545210034,0.13701214156899333,0.8287391518857966
25577,LOF,0.02955224103159453,0.09795939726361155,0.8724883617047939
25578,LOF,0.3081477602482081,0.06973576484350352,0.6221164749082885
25579,LOF,0.13680782453547277,0.075523002040963,0.7876691734235642
25580,LOF,0.01880613102313006,0.06844362864135665,0.9127502403355133
25581,LOF,0.05483677262055844,0.059695533457137524,0.8854676939223041
25582,LOF,0.05481603081296101,0.058115493692424525,0.8870684754946144
25583,LOF,0.01976364350347899,0.07109351701831565,0.9091428394782053
25584,Neutral,0.6728930990369282,0.10095868012220804,0.22614822084086383
25585,LOF,0.033095137639044515,0.09992794014959193,0.8669769222113636
25586,LOF,0.017162810989501197,0.05765266497440394,0.9251845240360947
25587,LOF,0.01680016577393977,0.051542794420723716,0.9316570398053364
25588,LOF,0.020102875812018573,0.06042449736714881,0.9194726268208326
25589,Neutral,0.5304506343888811,0.19029326855787748,0.2792560970532414
25590,LOF,0.05002991157126338,0.09708855426687081,0.8528815341618659
25591,LOF,0.09953174213257165,0.04960140396450406,0.8508668539029243
25592,LOF,0.05739108359056152,0.10905305268412921,0.8335558637253093
25593,LOF,0.1447317154168145,0.2393061172258714,0.6159621673573142
25594,LOF,0.05160070576649098,0.09948563139678264,0.8489136628367263
25595,LOF,0.047168166049471945,0.07464836244406178,0.8781834715064664
25596,LOF,0.09925234618059492,0.04667192329491069,0.8540757305244945
25597,LOF,0.07958169620229011,0.053058637440706345,0.8673596663570035
25598,LOF,0.049988917588727214,0.0784872402199928,0.87152384219128
25599,GOF,0.02020403729851303,0.5153019602027973,0.4644940024986897
25600,GOF,0.1737578708044664,0.4891338933769483,0.33710823581858546
25601,LOF,0.035872371907305065,0.40032053774494214,0.5638070903477529
25602,LOF,0.033015108564518,0.06699281841457085,0.8999920730209111
25603,LOF,0.029185839669249695,0.03771624306998608,0.9330979172607643
25604,LOF,0.031207039896726203,0.08117572096256156,0.8876172391407123
25605,LOF,0.035779665462104836,0.22286379186105482,0.7413565426768404
25606,LOF,0.38415048398620627,0.13395175483169305,0.4818977611821008
25607,LOF,0.022408284347533967,0.21263370463274958,0.7649580110197165
25608,LOF,0.034357546091907214,0.06974520569149006,0.8958972482166027
25609,GOF,0.16233146165412615,0.5288030066073821,0.30886553173849185
25610,LOF,0.014326936779070706,0.026293600332935575,0.9593794628879937
25611,LOF,0.013610969138490978,0.030868223584027965,0.955520807277481
25612,LOF,0.045955736823449056,0.04171341171796839,0.9123308514585825
25613,LOF,0.0442956602509943,0.04251322153775557,0.9131911182112501
25614,LOF,0.019149720156216153,0.023728455406870276,0.9571218244369135
25615,LOF,0.04324601727710924,0.038290010513112344,0.9184639722097783
25616,LOF,0.04490363133238592,0.026690338059180117,0.928406030608434
25617,LOF,0.039588915490987225,0.03602429225199745,0.9243867922570154
25618,LOF,0.049848823121363336,0.0329987458799355,0.9171524309987013
25619,LOF,0.014277367165863216,0.029789788396213445,0.9559328444379234
25620,LOF,0.061296300328388426,0.04019784808865461,0.898505851582957
25621,LOF,0.049580867825481656,0.034705984332133524,0.9157131478423848
25622,LOF,0.05933035882850192,0.030860459625835338,0.9098091815456628
25623,LOF,0.06668381200445943,0.026580081507657505,0.906736106487883
25624,LOF,0.016889980035194836,0.03207978376040074,0.9510302362044044
25625,LOF,0.062217544722498574,0.038109235616991435,0.8996732196605101
25626,LOF,0.044871809996295364,0.0388799327076569,0.9162482572960478
25627,Neutral,0.8857723480661986,0.02088200353883242,0.0933456483949689
25628,LOF,0.12817868973800142,0.06114233365909154,0.810678976602907
25629,LOF,0.06278538575148154,0.03744031364491005,0.8997743006036083
25630,LOF,0.26228012397491013,0.08253577163845092,0.655184104386639
25631,Neutral,0.5422033215431952,0.06513984840983202,0.3926568300469729
25632,LOF,0.028692322494154928,0.05730863166750151,0.9139990458383435
25633,LOF,0.2045589049445819,0.03271142336679783,0.7627296716886204
25634,LOF,0.033283938710215746,0.07694409083093191,0.8897719704588523
25635,LOF,0.03370988704570167,0.0391757595094954,0.927114353444803
25636,GOF,0.03296179860719864,0.48492520660578337,0.4821129947870181
25637,GOF,0.06392357350273556,0.5258854019337389,0.4101910245635255
25638,LOF,0.03177440629048655,0.32548144454516553,0.6427441491643479
25639,LOF,0.02938044219615862,0.37130378355207116,0.5993157742517702
25640,Neutral,0.8256504300595294,0.13038063834979882,0.043968931590671716
25641,LOF,0.058045256836077974,0.4222094661968419,0.5197452769670802
25642,LOF,0.04053394793337971,0.14714963811754178,0.8123164139490785
25643,LOF,0.2303173359289628,0.1529951299020394,0.6166875341689978
25644,LOF,0.02212280458822491,0.47835020002084233,0.4995269953909326
25645,LOF,0.022622048849026175,0.4262853954726273,0.5510925556783465
25646,LOF,0.060277646891590674,0.3391429354739257,0.6005794176344836
25647,LOF,0.02445865031504,0.2721543780719352,0.7033869716130248
25648,LOF,0.03418686524206033,0.258011133914746,0.7078020008431936
25649,LOF,0.016588513695340108,0.25886252385778985,0.72454896244687
25650,LOF,0.050526289810086736,0.43494405603241465,0.5145296541574986
25651,LOF,0.016983431769975806,0.2856693266431273,0.6973472415868969
25652,LOF,0.03413926928455277,0.2750415495905142,0.690819181124933
25653,LOF,0.0805598258097871,0.42720724970664753,0.4922329244835653
25654,LOF,0.02500391396670469,0.20004956850148173,0.7749465175318135
25655,GOF,0.2289965966246991,0.4013302774848087,0.3696731258904921
25656,LOF,0.26384304325994523,0.05145194809205838,0.6847050086479963
25657,LOF,0.07696903685847438,0.05565602766137774,0.867374935480148
25658,LOF,0.377059957311395,0.05908428915350823,0.5638557535350968
25659,Neutral,0.5408376517019468,0.0782498794940983,0.3809124688039549
25660,LOF,0.027204698628535782,0.08250691763212933,0.8902883837393348
25661,LOF,0.09767135862216753,0.05828517653582561,0.844043464842007
25662,LOF,0.030881147885138713,0.030378551095765767,0.9387403010190954
25663,LOF,0.038668218385687673,0.04312074388680396,0.9182110377275082
25664,LOF,0.14298111757429036,0.05632949321969319,0.8006893892060164
25665,LOF,0.056653948476242576,0.030051745970986064,0.9132943055527715
25666,LOF,0.08729249373081574,0.07783512004359919,0.8348723862255851
25667,LOF,0.06853151821966585,0.033364591379364636,0.8981038904009695
25668,LOF,0.03540044611701397,0.04473223631811308,0.9198673175648729
25669,LOF,0.032544738783485426,0.05077636874482614,0.9166788924716884
25670,LOF,0.13728695430924376,0.04785176897818558,0.8148612767125707
25671,LOF,0.10232048929772115,0.03199989090327705,0.8656796197990019
25672,LOF,0.053124398214735385,0.0396346504028339,0.9072409513824307
25673,LOF,0.07872248069638958,0.03778355922889525,0.8834939600747151
25674,LOF,0.06799341859731747,0.04729987947734797,0.8847067019253346
25675,LOF,0.12665912473284707,0.04887566929828166,0.8244652059688713
25676,LOF,0.017840748430173154,0.051179751272006725,0.9309795002978202
25677,LOF,0.02496824871811181,0.06757321048298731,0.907458540798901
25678,LOF,0.1967352972419035,0.06090312564340176,0.7423615771146949
25679,LOF,0.12019118517218264,0.08211386380029669,0.7976949510275207
25680,LOF,0.02869765907047976,0.11486622081952563,0.8564361201099946
25681,LOF,0.044917608480887224,0.107991449862223,0.8470909416568898
25682,LOF,0.13940800451078783,0.06984052255546087,0.7907514729337511
25683,LOF,0.1189433158072562,0.09309917654872019,0.7879575076440236
25684,LOF,0.04193246855548404,0.06451220092302686,0.8935553305214892
25685,LOF,0.13180445621781187,0.04978762504588829,0.8184079187362999
25686,LOF,0.07554951619615176,0.0846460356631242,0.839804448140724
25687,LOF,0.13760036343979642,0.08103251899572333,0.7813671175644803
25688,LOF,0.30109956783741815,0.03685729033483394,0.6620431418277478
25689,LOF,0.2227382894771828,0.04414282765600472,0.7331188828668125
25690,LOF,0.3649801243289678,0.029081487846129454,0.6059383878249027
25691,Neutral,0.7138419139289798,0.02448517492447946,0.2616729111465408
25692,LOF,0.3031849716686062,0.01110087738223451,0.6857141509491592
25693,LOF,0.0470895565111968,0.45517513598743353,0.4977353075013697
25694,LOF,0.12153748390614418,0.018864699259032152,0.8595978168348236
25695,LOF,0.12378614986475697,0.018083002641559418,0.8581308474936835
25696,LOF,0.12402617105314943,0.010037593500105666,0.8659362354467449
25697,LOF,0.12865948166476637,0.03583828225592461,0.835502236079309
25698,LOF,0.34867597176804416,0.229826788209857,0.4214972400220989
25699,LOF,0.4320388086330207,0.043893647537631794,0.5240675438293475
25700,LOF,0.057254933217932555,0.008618069666248535,0.9341269971158189
25701,LOF,0.13823266501104334,0.05412563772422754,0.807641697264729
25702,GOF,0.1740708228239111,0.550291962550934,0.2756372146251549
25703,LOF,0.016399468150296956,0.1666824211115043,0.8169181107381986
25704,LOF,0.04629995019019951,0.1259066464633865,0.827793403346414
25705,LOF,0.054399185325811644,0.21226544283600232,0.733335371838186
25706,LOF,0.09263032104807613,0.36003005428397433,0.5473396246679495
25707,LOF,0.07949980942301457,0.28490275610767085,0.6355974344693146
25708,LOF,0.0300185391958308,0.24841294740671804,0.7215685133974511
25709,LOF,0.05947169729701701,0.044846693907793236,0.8956816087951898
25710,LOF,0.011621577430874252,0.14521874833373496,0.8431596742353907
25711,LOF,0.018831844583455958,0.10172758881262971,0.8794405666039143
25712,LOF,0.013099650760424958,0.19746356063913853,0.7894367886004365
25713,LOF,0.018781560080709737,0.09160726931674876,0.8896111706025415
25714,LOF,0.0675031141772727,0.08843727224637121,0.8440596135763561
25715,LOF,0.0108040745438019,0.1511869314441405,0.8380089940120576
25716,LOF,0.014453864080678015,0.11424949281121831,0.8712966431081036
25717,LOF,0.013683348326244524,0.07815443324622877,0.9081622184275266
25718,LOF,0.012768665249989652,0.10881526329527612,0.8784160714547342
25719,LOF,0.019906217540208746,0.07695001881479273,0.9031437636449985
25720,LOF,0.022926837172119033,0.07329430053145276,0.9037788622964282
25721,LOF,0.015657037469837404,0.11428367325398966,0.8700592892761728
25722,LOF,0.013598491110864605,0.1377800164560455,0.8486214924330898
25723,LOF,0.024061117504358468,0.04780981713265935,0.9281290653629822
25724,LOF,0.0218050422218467,0.08857296727628454,0.8896219905018686
25725,LOF,0.012486590054799138,0.0711754337775346,0.9163379761676662
25726,LOF,0.015119195258216513,0.10339372883255489,0.8814870759092286
25727,LOF,0.01372701969810102,0.08128689674234689,0.9049860835595521
25728,LOF,0.009842514612812051,0.1199569491576581,0.8702005362295298
25729,LOF,0.010130028544669673,0.1176159721031826,0.8722539993521479
25730,LOF,0.01346843352681669,0.08925782606640471,0.8972737404067785
25731,LOF,0.019644964308935,0.10952091042208882,0.8708341252689762
25732,LOF,0.014422337466719354,0.09057454952105332,0.8950031130122272
25733,LOF,0.016194400605600227,0.07463413353811575,0.909171465856284
25734,LOF,0.013023728462766906,0.12373955747647962,0.8632367140607535
25735,LOF,0.013903526270317747,0.08865717313976072,0.8974393005899216
25736,LOF,0.014546521605415443,0.1183068451410069,0.8671466332535778
25737,LOF,0.02259546281224638,0.09119987035824516,0.8862046668295085
25738,LOF,0.013493769019673254,0.11922597888598216,0.8672802520943446
25739,LOF,0.020301115098960286,0.0944181922894215,0.8852806926116182
25740,LOF,0.027053404745638002,0.11456077825322877,0.8583858170011333
25741,LOF,0.01581848456152159,0.11811173810036583,0.8660697773381125
25742,LOF,0.11468255909592236,0.08660148145161024,0.7987159594524674
25743,LOF,0.03297168409499629,0.03220536571198833,0.9348229501930154
25744,Neutral,0.6122381906734001,0.19368822211883593,0.194073587207764
25745,LOF,0.08860221467593965,0.06862520969366978,0.8427725756303905
25746,LOF,0.04030897213890272,0.08385086137760728,0.87584016648349
25747,LOF,0.02258365574478594,0.042880957197730496,0.9345353870574835
25748,LOF,0.10581767059868112,0.062317732591357616,0.8318645968099614
25749,LOF,0.027461256204602075,0.08375786534223455,0.8887808784531634
25750,LOF,0.08266448782060556,0.08595253451056295,0.8313829776688315
25751,LOF,0.09244167523875733,0.06987982283505222,0.8376785019261904
25752,GOF,0.10302379134174416,0.6666131553018944,0.23036305335636145
25753,LOF,0.02010343372834138,0.2726535324352926,0.7072430338363661
25754,GOF,0.010691303913153254,0.7733925821078512,0.21591611397899557
25755,LOF,0.024538597577902457,0.3693233438978842,0.6061380585242133
25756,LOF,0.042320397365106906,0.35064807703058937,0.6070315256043038
25757,GOF,0.014673972348743318,0.8387233259683953,0.14660270168286144
25758,GOF,0.030549085987513505,0.8298073512828469,0.1396435627296397
25759,GOF,0.011371205236053948,0.5327266321661241,0.4559021625978219
25760,LOF,0.012082656560489423,0.22614765441120857,0.761769689028302
25761,GOF,0.2571189708360783,0.6550987032513874,0.08778232591253428
25762,LOF,0.03572899378632538,0.2527132866467586,0.711557719566916
25763,LOF,0.013379235125381795,0.18618758218030396,0.8004331826943142
25764,GOF,0.08649695616407271,0.6191799881227374,0.2943230557131898
25765,GOF,0.04044430942761469,0.7707528884352522,0.18880280213713302
25766,GOF,0.06863654626154812,0.7594072851533692,0.17195616858508267
25767,GOF,0.17030275390886734,0.47706878202191555,0.352628464069217
25768,LOF,0.09754470829377289,0.06899106178683528,0.833464229919392
25769,LOF,0.06948104061277473,0.06221101019883721,0.868307949188388
25770,LOF,0.3059362182952892,0.08507798574893682,0.6089857959557741
25771,LOF,0.041095813749183946,0.04686037429239706,0.912043811958419
25772,LOF,0.016420015436357203,0.034403656314609926,0.9491763282490329
25773,LOF,0.04794653534867031,0.07839327666003072,0.873660187991299
25774,LOF,0.02864004769623553,0.07201058794946891,0.8993493643542956
25775,LOF,0.04907758995148052,0.04221066505816463,0.908711744990355
25776,LOF,0.07716478348932372,0.0266463083000716,0.8961889082106046
25777,LOF,0.3365718925628874,0.0526291756768078,0.6107989317603048
25778,LOF,0.06803832267177971,0.04983234986382545,0.8821293274643949
25779,GOF,0.36094003975317834,0.5989234917248577,0.04013646852196395
25780,GOF,0.29141708632564084,0.6374756641074136,0.07110724956694559
25781,GOF,0.13254066619281585,0.7659926823344072,0.10146665147277684
25782,GOF,0.19440318475266505,0.7422951654066654,0.06330164984066944
25783,GOF,0.028045990583413092,0.6750451179085465,0.29690889150804045
25784,Neutral,0.49371906929124953,0.47127601779689277,0.03500491291185753
25785,GOF,0.4353359016576715,0.5282595143278405,0.036404584014488005
25786,GOF,0.029087999003150254,0.7851343573888404,0.1857776436080094
25787,Neutral,0.6466297742081076,0.3291321789613908,0.02423804683050157
25788,LOF,0.047985419761865225,0.10118951442141344,0.8508250658167213
25789,GOF,0.19918303967683892,0.6732662421065181,0.12755071821664307
25790,GOF,0.21613128673026843,0.6835173879683376,0.100351325301394
25791,GOF,0.15928879940605647,0.682001657740362,0.15870954285358155
25792,GOF,0.352387324915426,0.5315977113052519,0.11601496377932202
25793,GOF,0.2533192382139928,0.5562950675601026,0.1903856942259046
25794,GOF,0.29934738962368074,0.5447643897624219,0.1558882206138974
25795,GOF,0.07615256325919492,0.7068545842211671,0.21699285251963812
25796,Neutral,0.5327745507646358,0.384950432485693,0.08227501674967119
25797,GOF,0.0864150367298948,0.5748749735814896,0.33870998968861554
25798,GOF,0.008865852684612357,0.5371436524023586,0.453990494913029
25799,LOF,0.007279718432013296,0.4246671686814624,0.5680531128865244
25800,GOF,0.03157964762548052,0.6219986319503608,0.3464217204241587
25801,GOF,0.20357030690321948,0.6762572224295383,0.12017247066724225
25802,GOF,0.07180249078938437,0.7125780745144575,0.21561943469615819
25803,GOF,0.035466096704559684,0.5952792703178338,0.3692546329776064
25804,GOF,0.03492166673288084,0.5058483279550164,0.45923000531210284
25805,GOF,0.10493258238111393,0.6054555577571414,0.28961185986174476
25806,GOF,0.10089864405905333,0.6057689883045824,0.2933323676363644
25807,GOF,0.021501354580977395,0.642871118308928,0.33562752711009475
25808,GOF,0.0894312982696587,0.6499273127311269,0.26064138899921446
25809,GOF,0.018902404460949908,0.6056504720192374,0.3754471235198128
25810,GOF,0.017792141372618735,0.648988147093492,0.33321971153388935
25811,GOF,0.4390613695155934,0.4811107021016631,0.07982792838274352
25812,GOF,0.03093972503545746,0.6734517887122059,0.2956084862523366
25813,Neutral,0.5084082010906085,0.40640589447124803,0.08518590443814351
25814,GOF,0.10863345826437129,0.6759555066758423,0.2154110350597866
25815,GOF,0.17319598576469789,0.6663052772623324,0.1604987369729699
25816,GOF,0.021923728892268908,0.7337300666941309,0.24434620441360017
25817,GOF,0.2293046879506492,0.6658210318335852,0.10487428021576554
25818,GOF,0.05696599557663569,0.690342609437033,0.25269139498633125
25819,GOF,0.36595782801044197,0.5062872069162564,0.12775496507330172
25820,GOF,0.2000368354427903,0.6164578607515651,0.18350530380564467
25821,GOF,0.06502576160630148,0.6984841501735923,0.23649008822010614
25822,GOF,0.20916961475609744,0.5858893094729059,0.20494107577099666
25823,GOF,0.033925363000151816,0.5451900728900253,0.4208845641098229
25824,GOF,0.09073562075175026,0.6282359143196371,0.28102846492861266
25825,GOF,0.03654890129188765,0.6321136804859218,0.33133741822219065
25826,GOF,0.016125981750152937,0.6041760375400393,0.37969798070980765
25827,GOF,0.0254923007013426,0.6140575056700518,0.36045019362860564
25828,GOF,0.014702998553871322,0.5373718890388574,0.4479251124072713
25829,GOF,0.00547730273490153,0.5869082512422099,0.4076144460228886
25830,LOF,0.035169561113988064,0.26981379352883333,0.6950166453571787
25831,GOF,0.22756526772094307,0.662052044421724,0.11038268785733282
25832,GOF,0.03205923869547944,0.7321218950661448,0.23581886623837564
25833,GOF,0.12155802917357564,0.7376030870070718,0.14083888381935256
25834,GOF,0.031815562710751095,0.7455753872962457,0.22260904999300318
25835,GOF,0.07339358600695045,0.7824994960968136,0.14410691789623592
25836,GOF,0.03181506333247596,0.7325334626566037,0.23565147401092032
25837,GOF,0.026365331757572122,0.6180533084683124,0.35558135977411537
25838,GOF,0.09706171951941306,0.7771019291691834,0.1258363513114035
25839,GOF,0.2815040177958788,0.5884018570084297,0.13009412519569152
25840,GOF,0.25490678715712645,0.6042069546561738,0.1408862581866997
25841,GOF,0.23970465186979625,0.635801138686468,0.12449420944373579
25842,GOF,0.16150542804503157,0.732255258055056,0.10623931389991255
25843,GOF,0.21093286517266788,0.7068419404609185,0.08222519436641366
25844,GOF,0.06631081925749178,0.7487371147233705,0.1849520660191378
25845,GOF,0.01746483546851723,0.5507210972215262,0.43181406730995653
25846,GOF,0.13426402046215727,0.7361094202908539,0.1296265592469889
25847,GOF,0.10352699460840807,0.8015464318939957,0.09492657349759641
25848,GOF,0.04031414457323268,0.7273324482861203,0.23235340714064703
25849,GOF,0.01091318757880317,0.6240216530909838,0.36506515933021305
25850,GOF,0.02080638477998194,0.6675812212302801,0.3116123939897381
25851,GOF,0.01722012585100823,0.5443447832595365,0.4384350908894553
25852,GOF,0.16177241061470807,0.5567060526607072,0.28152153672458474
25853,GOF,0.3494933171474498,0.5807542171441163,0.0697524657084338
25854,GOF,0.023253033276553953,0.6408308390006272,0.33591612772281887
25855,GOF,0.035754007487034944,0.5818080105616577,0.3824379819513074
25856,GOF,0.23357579123204072,0.5570452606701991,0.20937894809776011
25857,GOF,0.034945490274924294,0.5282091143284658,0.43684539539660977
25858,GOF,0.02153276078983646,0.5609336413574727,0.4175335978526909
25859,GOF,0.010585857079683814,0.5347853901594674,0.4546287527608488
25860,GOF,0.34900212255735036,0.5718257198121303,0.07917215763051945
25861,GOF,0.40164249180525163,0.5259596466066805,0.07239786158806784
25862,GOF,0.08795027848292397,0.7942886048978991,0.11776111661917679
25863,GOF,0.08117314598774061,0.7995161949675331,0.11931065904472625
25864,GOF,0.1991589734944331,0.735347772075183,0.06549325443038387
25865,GOF,0.08745497953951349,0.8083536019332683,0.10419141852721818
25866,GOF,0.05833057085083025,0.7996693198694423,0.14200010927972723
25867,GOF,0.08959154414375765,0.8176141819152013,0.092794273941041
25868,GOF,0.22919171347031675,0.6717615204573251,0.09904676607235824
25869,Neutral,0.7185616722567412,0.23704042729775282,0.044397900445506074
25870,GOF,0.27743811711174754,0.3981280207785378,0.3244338621097147
25871,GOF,0.20432611866969078,0.6809022513580539,0.11477162997225526
25872,GOF,0.08486458705037797,0.6739404992446915,0.24119491370493057
25873,GOF,0.11177858897025703,0.7253122478665585,0.16290916316318443
25874,LOF,0.014448450313099383,0.10744752229141336,0.8781040273954873
25875,LOF,0.09056892337554132,0.05014711077891544,0.8592839658455433
25876,LOF,0.03342102631916479,0.03280895637583296,0.9337700173050023
25877,Neutral,0.5089629895236634,0.04598722695529113,0.4450497835210455
25878,LOF,0.20037819753764932,0.09938185237512735,0.7002399500872234
25879,LOF,0.08864114718615279,0.1038557467926251,0.807503106021222
25880,LOF,0.0393925351561061,0.01579948830381579,0.9448079765400781
25881,LOF,0.18267112256225906,0.11586828457589084,0.70146059286185
25882,LOF,0.061051371526323533,0.015445865698134345,0.9235027627755421
25883,LOF,0.0643279087119122,0.017695710439721925,0.9179763808483659
25884,LOF,0.03182734590665148,0.026084928857309526,0.942087725236039
25885,LOF,0.05917746473692098,0.010099303883770694,0.9307232313793082
25886,LOF,0.2544714586340091,0.03387589917524042,0.7116526421907504
25887,LOF,0.15090243098694553,0.05752180974690398,0.7915757592661504
25888,LOF,0.06613168100548834,0.05400115593219258,0.879867163062319
25889,LOF,0.03944888449120059,0.018134627649746042,0.9424164878590533
25890,LOF,0.04460797965928384,0.16465824375011187,0.7907337765906043
25891,LOF,0.04047054662973162,0.05171716112469647,0.9078122922455719
25892,LOF,0.08623908196109854,0.021217612012051495,0.89254330602685
25893,LOF,0.24027616644195607,0.019202800151007372,0.7405210334070366
25894,LOF,0.185157482827311,0.010427040805079339,0.8044154763676096
25895,LOF,0.20229417832937058,0.02113427336662418,0.7765715483040053
25896,LOF,0.05025001990891762,0.01969684389617305,0.9300531361949093
25897,LOF,0.26602991698758005,0.011749201857994765,0.7222208811544253
25898,Neutral,0.6956219401475788,0.009853837922708004,0.29452422192971306
25899,LOF,0.21484483178295882,0.019158585997810104,0.765996582219231
25900,LOF,0.44849829738846414,0.0116241032934915,0.5398775993180444
25901,LOF,0.05410462437613427,0.011447613157002781,0.934447762466863
25902,LOF,0.14618066811715272,0.013891954898739177,0.839927376984108
25903,Neutral,0.584545096394376,0.026920678069887835,0.3885342255357362
25904,LOF,0.33068135229933626,0.03946531851184951,0.6298533291888142
25905,LOF,0.027775491774312502,0.29999994970267285,0.6722245585230147
25906,LOF,0.031235972905148058,0.07667283938024572,0.8920911877146062
25907,LOF,0.01584741521841592,0.32664830668997846,0.6575042780916056
25908,LOF,0.010941880703102263,0.23269740736081643,0.7563607119360813
25909,LOF,0.012503292197146477,0.11715320499152869,0.8703435028113248
25910,LOF,0.045991917642587726,0.12749405013148712,0.8265140322259251
25911,LOF,0.1735196648505321,0.030698874281883202,0.7957814608675847
25912,LOF,0.04841159710830823,0.05125972273187232,0.9003286801598194
25913,LOF,0.33673287316117945,0.025620256683333835,0.6376468701554868
25914,LOF,0.018773536786627038,0.06052678406009468,0.9206996791532782
25915,Neutral,0.5703795571113431,0.16115432661808535,0.2684661162705715
25916,LOF,0.07819747175531734,0.20379866164795843,0.7180038665967242
25917,LOF,0.05949854583000243,0.04756469099911424,0.8929367631708834
25918,LOF,0.021124311970491756,0.036547747693468205,0.9423279403360401
25919,LOF,0.017686236777180498,0.03888775717426819,0.9434260060485512
25920,GOF,0.10613755637701901,0.519347044228271,0.37451539939470996
25921,LOF,0.024389295095450764,0.03756013052479702,0.9380505743797521
25922,LOF,0.032175585579710494,0.02878400989006374,0.9390404045302256
25923,Neutral,0.48154878517254646,0.037095462783987385,0.48135575204346603
25924,LOF,0.0350260408380433,0.04579421196771116,0.9191797471942456
25925,LOF,0.07064334875901071,0.041366918268772035,0.8879897329722173
25926,LOF,0.04949407611702682,0.03637406514448752,0.9141318587384857
25927,LOF,0.05842574756557477,0.14568111724529317,0.7958931351891321
25928,LOF,0.017550401467310753,0.05270172654753814,0.9297478719851511
25929,Neutral,0.5945461803795806,0.040229167577045366,0.3652246520433739
25930,LOF,0.07212576526040537,0.03324031514725035,0.8946339195923443
25931,LOF,0.023152315652002587,0.03414377661768146,0.9427039077303159
25932,LOF,0.02764616490335198,0.028765469366272448,0.9435883657303755
25933,LOF,0.036175431118902764,0.02012635784200786,0.9436982110390894
25934,LOF,0.02300694543761666,0.02121032667308202,0.9557827278893013
25935,LOF,0.06142420814544306,0.05457952759083857,0.8839962642637182
25936,LOF,0.03991505221863803,0.025782284493242456,0.9343026632881196
25937,LOF,0.027954496955840957,0.03660290595418392,0.9354425970899752
25938,LOF,0.06237931109566942,0.055105066895613945,0.8825156220087166
25939,LOF,0.038129321895865376,0.02195429933993283,0.9399163787642018
25940,LOF,0.031051309400437856,0.33916560932056794,0.6297830812789941
25941,LOF,0.1841699137167182,0.11072377978479364,0.7051063064984882
25942,LOF,0.013488763698076663,0.03464493336466873,0.9518663029372547
25943,LOF,0.3226683765564327,0.055468192882303057,0.6218634305612643
25944,Neutral,0.49021187536139976,0.022216950660863263,0.4875711739777371
25945,LOF,0.07361481686214097,0.02148792048887956,0.9048972626489795
25946,LOF,0.030594725898210676,0.12085285406470832,0.848552420037081
25947,LOF,0.09727417874438286,0.16747910195990248,0.7352467192957146
25948,LOF,0.37022396813340713,0.009404702670482632,0.6203713291961102
25949,LOF,0.12484609448510267,0.035427874623363574,0.8397260308915339
25950,GOF,0.31029424197068445,0.35411805899918586,0.33558769903012975
25951,LOF,0.1986396714221112,0.2566091739736228,0.544751154604266
25952,LOF,0.040735527113586106,0.4177112440445719,0.541553228841842
25953,LOF,0.14226881092640195,0.10186993932241775,0.7558612497511803
25954,Neutral,0.4349807639122132,0.17538202757632418,0.3896372085114627
25955,LOF,0.051322850015291195,0.07878529553389584,0.869891854450813
25956,LOF,0.16849465686106366,0.09847532897099466,0.7330300141679418
25957,LOF,0.03855260660057477,0.03009345220409794,0.9313539411953273
25958,LOF,0.052944668714180756,0.02986735304765365,0.9171879782381657
25959,LOF,0.06241766428776884,0.3688755741243524,0.5687067615878787
25960,LOF,0.01479121874766355,0.05376997585803729,0.9314388053942991
25961,LOF,0.04154219830938091,0.030168363253928552,0.9282894384366907
25962,LOF,0.05370861910199005,0.02278537451705373,0.9235060063809563
25963,LOF,0.04788566919440825,0.18646364853472985,0.765650682270862
25964,LOF,0.03588985469501184,0.13406209813625347,0.8300480471687347
25965,LOF,0.44301691672774046,0.056853256759060083,0.5001298265131995
25966,Neutral,0.5359375826579789,0.16270602220287272,0.30135639513914847
25967,LOF,0.01748947135839234,0.09696077383719735,0.8855497548044103
25968,LOF,0.03690233644374386,0.3818612159095924,0.5812364476466637
25969,LOF,0.036899971140815904,0.06359707988258673,0.8995029489765973
25970,LOF,0.06725416955645465,0.06201857581205665,0.8707272546314887
25971,LOF,0.06766002129673174,0.020786908984444203,0.9115530697188241
25972,LOF,0.06429780286106808,0.03169129456242484,0.9040109025765071
25973,LOF,0.07259980131573864,0.008663285257443299,0.918736913426818
25974,LOF,0.19539024254116188,0.013700119367732792,0.7909096380911053
25975,LOF,0.04703630750259868,0.026764964155704746,0.9261987283416965
25976,LOF,0.04759805609713856,0.014509150377901306,0.93789279352496
25977,LOF,0.15318607389975525,0.08780539253542174,0.7590085335648231
25978,LOF,0.1576853921783877,0.0725370575732644,0.7697775502483478
25979,LOF,0.1494084644226402,0.07175833501355619,0.7788332005638036
25980,LOF,0.23730571339151427,0.09093106233084172,0.671763224277644
25981,LOF,0.26963496640555773,0.08836436945757511,0.6420006641368672
25982,LOF,0.41654152134232186,0.06310594440179529,0.5203525342558829
25983,LOF,0.40426248602447085,0.06730866430950452,0.5284288496660247
25984,LOF,0.04889557939422447,0.04342865709483213,0.9076757635109434
25985,LOF,0.03970571590106291,0.2754065976579263,0.6848876864410108
25986,LOF,0.04600508720679644,0.329640163897966,0.6243547488952375
25987,LOF,0.08480709046623817,0.06455905790951041,0.8506338516242513
25988,LOF,0.15238199695473964,0.05716649089282786,0.7904515121524325
25989,LOF,0.03474887128458583,0.11006382622289158,0.8551873024925227
25990,LOF,0.0389565716680762,0.16332670459339724,0.7977167237385266
25991,LOF,0.14163332680050789,0.23826520477674887,0.6201014684227433
25992,LOF,0.3283250853373621,0.1379843942261761,0.5336905204364619
25993,LOF,0.020769373915808274,0.07047739754754487,0.908753228536647
25994,LOF,0.015996887467303347,0.0815936353455213,0.9024094771871752
25995,LOF,0.02209484007771264,0.17750064494587517,0.8004045149764122
25996,GOF,0.31402714575312357,0.3995246845881941,0.2864481696586823
25997,LOF,0.08321721723880841,0.36848370376047673,0.5482990790007148
25998,Neutral,0.533885411480248,0.028807510287610492,0.43730707823214154
25999,LOF,0.10776149785139251,0.08146489014322611,0.8107736120053813
26000,LOF,0.1447725664733764,0.05114008912342497,0.8040873444031986
26001,LOF,0.18792889343758282,0.05370650948737339,0.7583645970750438
26002,LOF,0.11827711846416115,0.04589099219199704,0.8358318893438417
26003,GOF,0.010045466375230853,0.5686733003321227,0.4212812332926465
26004,GOF,0.019337513967952715,0.6609426253379252,0.31971986069412206
26005,LOF,0.006605130397544883,0.4455035591142722,0.5478913104881828
26006,Neutral,0.5081038932673719,0.2545484106422934,0.23734769609033465
26007,GOF,0.018666995217629937,0.5088821648974136,0.4724508398849565
26008,GOF,0.017103155072552414,0.5737396545171002,0.4091571904103475
26009,GOF,0.019828636837705766,0.6514167033366388,0.3287546598256555
26010,GOF,0.0194995184224299,0.6216863302535068,0.3588141513240634
26011,LOF,0.0062097981915325996,0.42463674539484425,0.5691534564136231
26012,GOF,0.011522397403433715,0.5475399189356505,0.44093768366091585
26013,GOF,0.018047062111675435,0.6036194646914699,0.37833347319685473
26014,LOF,0.04318682308941629,0.10826644886259269,0.848546728047991
26015,LOF,0.16984950423920522,0.01462051018248651,0.8155299855783081
26016,LOF,0.1978392964821068,0.05934556395940043,0.7428151395584928
26017,LOF,0.2138355579649198,0.08940697565370695,0.6967574663813733
26018,LOF,0.08229424126159353,0.03638951280775226,0.8813162459306543
26019,LOF,0.07678148376474787,0.029134328375188524,0.8940841878600636
26020,LOF,0.06752447996357376,0.11602600715462803,0.8164495128817981
26021,LOF,0.04716711933012564,0.11194445224830754,0.8408884284215667
26022,LOF,0.010875073109265134,0.04098943377605627,0.9481354931146787
26023,LOF,0.06790322776502035,0.022513554828008982,0.9095832174069707
26024,LOF,0.029915383841882224,0.11531373530650442,0.8547708808516135
26025,LOF,0.15574780168013375,0.09207978954060321,0.7521724087792631
26026,LOF,0.3203505027699204,0.029662347576210953,0.6499871496538686
26027,LOF,0.0626776639708961,0.017720877759969233,0.9196014582691346
26028,LOF,0.16426225001708428,0.06713592876639507,0.7686018212165207
26029,LOF,0.06861939044520259,0.17624481000694733,0.75513579954785
26030,LOF,0.021592284242669086,0.050952522223985934,0.9274551935333449
26031,LOF,0.026376738626859148,0.12885247232972866,0.8447707890434123
26032,LOF,0.06659908763888567,0.08340348063081825,0.8499974317302962
26033,LOF,0.08370430704082928,0.08203132966304119,0.8342643632961296
26034,LOF,0.045183509119163565,0.15559888907843641,0.7992176018024
26035,LOF,0.027993907347274517,0.1485905244661652,0.8234155681865604
26036,LOF,0.04168032791366476,0.16852288155031184,0.7897967905360235
26037,LOF,0.02279555607707916,0.12081438619410739,0.8563900577288135
26038,LOF,0.06290028380241357,0.0860116923330527,0.8510880238645337
26039,LOF,0.053565394991145744,0.14595846976912705,0.8004761352397272
26040,LOF,0.2338232351077717,0.1359022501158796,0.6302745147763487
26041,LOF,0.023203074284897814,0.11536333904829948,0.8614335866668027
26042,LOF,0.021130029815723216,0.10582388691060518,0.8730460832736717
26043,LOF,0.06387003131226272,0.09922941876034745,0.8369005499273898
26044,LOF,0.020528395095178648,0.06703056777031713,0.9124410371345042
26045,LOF,0.07489287714905864,0.10451530452857422,0.8205918183223673
26046,LOF,0.05882046417808223,0.08373801594371187,0.8574415198782059
26047,LOF,0.07601643024361569,0.08803259291669015,0.8359509768396941
26048,LOF,0.04786731371930076,0.043663732132768356,0.9084689541479308
26049,Neutral,0.9678197269067628,0.007590972236882393,0.02458930085635488
26050,Neutral,0.9550796884950998,0.009608351132903623,0.03531196037199651
26051,LOF,0.047104638205566735,0.25003737825012523,0.7028579835443081
26052,LOF,0.06449804270941752,0.3026087718723823,0.6328931854182003
26053,LOF,0.05575016377074351,0.13096953019988428,0.8132803060293722
26054,LOF,0.051297907443999514,0.016509147430658417,0.932192945125342
26055,LOF,0.07746030526142914,0.01376739400732204,0.9087723007312487
26056,LOF,0.06389205193986619,0.015041112653246974,0.9210668354068868
26057,LOF,0.030635137222656157,0.010584275293107062,0.9587805874842369
26058,LOF,0.03154626012992439,0.008669274853301158,0.9597844650167745
26059,LOF,0.28607561553393807,0.020710571104683394,0.6932138133613786
26060,LOF,0.04416407397338275,0.16042224059528004,0.7954136854313372
26061,LOF,0.01725314761228808,0.010849464105314356,0.9718973882823976
26062,LOF,0.010298286179147239,0.015130509931652438,0.9745712038892003
26063,LOF,0.02081242883648156,0.01000877018220943,0.969178800981309
26064,LOF,0.022950257399254912,0.020138242335739923,0.9569115002650052
26065,LOF,0.026780663535098326,0.010091629137465754,0.9631277073274359
26066,LOF,0.02129445346904678,0.009501235853301818,0.9692043106776513
26067,LOF,0.027257207537591276,0.007826594331271598,0.964916198131137
26068,LOF,0.045563418167145514,0.026540541544548366,0.9278960402883062
26069,LOF,0.27256090913074443,0.017423319869546875,0.7100157709997087
26070,LOF,0.4093410518862882,0.01419085378401798,0.5764680943296938
26071,LOF,0.02112333485212048,0.010949722054658035,0.9679269430932214
26072,LOF,0.01962640847261816,0.015626203763236764,0.9647473877641449
26073,LOF,0.02019555769493888,0.009986272668947672,0.9698181696361134
26074,Neutral,0.9148899035304362,0.005280749159960029,0.07982934730960374
26075,LOF,0.0440166653015658,0.013474313596317428,0.9425090211021167
26076,LOF,0.037307938297278624,0.008251994193222933,0.9544400675094985
26077,LOF,0.00937108076029491,0.01291453926982187,0.9777143799698833
26078,LOF,0.012649765213453028,0.009779257680032611,0.9775709771065144
26079,LOF,0.06075497535782187,0.015799330108996687,0.9234456945331815
26080,LOF,0.06024802856740741,0.015821248400849548,0.9239307230317431
26081,LOF,0.03411426545464699,0.005997161707074133,0.9598885728382789
26082,LOF,0.01368895245739982,0.013225056392004062,0.9730859911505961
26083,LOF,0.18428412636892325,0.012920846891722973,0.8027950267393537
26084,LOF,0.044428273857957466,0.009456430739177171,0.9461152954028654
26085,LOF,0.04008193101263312,0.00903429916310138,0.9508837698242656
26086,LOF,0.020627659975236776,0.009268149294999644,0.9701041907297636
26087,LOF,0.023874731497461908,0.007326875239296049,0.9687983932632419
26088,LOF,0.015623215696059733,0.01819762277518025,0.9661791615287602
26089,LOF,0.042418447652037096,0.019035322746543078,0.9385462296014198
26090,LOF,0.04208866863351911,0.015247241371201177,0.9426640899952797
26091,LOF,0.03229272106393681,0.005717652163297638,0.9619896267727656
26092,LOF,0.022501656970339373,0.0073319667265526285,0.970166376303108
26093,LOF,0.03375768551614608,0.005670138044288375,0.9605721764395655
26094,LOF,0.03617497704126909,0.0055111663079201656,0.9583138566508107
26095,LOF,0.03959846443940716,0.011404728907439689,0.9489968066531531
26096,LOF,0.017079353755307874,0.010399443907276594,0.9725212023374155
26097,LOF,0.011995773683978864,0.029520159977458754,0.9584840663385624
26098,LOF,0.0799959225389255,0.009543849914903264,0.9104602275461713
26099,LOF,0.021349916014053522,0.011149107243124448,0.9675009767428221
26100,LOF,0.02335565806264742,0.010839760158404037,0.9658045817789485
26101,LOF,0.0459628418940368,0.013229005274778922,0.9408081528311844
26102,LOF,0.021061050462394766,0.010860355732518687,0.9680785938050865
26103,Neutral,0.8811050241858078,0.01706215309224595,0.10183282272194627
26104,LOF,0.08222033469225504,0.021539425778462722,0.8962402395292823
26105,LOF,0.20168618939256755,0.25466192649225844,0.543651884115174
26106,LOF,0.1684882790706693,0.11454498073028475,0.716966740199046
26107,LOF,0.21068522467995157,0.0777058691473416,0.7116089061727068
26108,LOF,0.24763199297339558,0.09384189463599296,0.6585261123906114
26109,LOF,0.10181409012761587,0.060867876804149845,0.8373180330682343
26110,LOF,0.23823478107496526,0.007457270931458511,0.7543079479935763
26111,Neutral,0.5058059844337255,0.031808195997631475,0.462385819568643
26112,LOF,0.03308186199824742,0.007467758625861137,0.9594503793758915
26113,LOF,0.059811284580986654,0.017677306619059457,0.922511408799954
26114,LOF,0.02499705083989852,0.03189690247999726,0.9431060466801042
26115,LOF,0.0801898195432843,0.05620623057813023,0.8636039498785855
26116,LOF,0.06386238978752605,0.0623113143772065,0.8738262958352674
26117,LOF,0.4457749319604697,0.04392532624721801,0.5102997417923123
26118,LOF,0.03249282804348612,0.025295491434153376,0.9422116805223606
26119,LOF,0.02031179343147359,0.03377410344450447,0.9459141031240219
26120,LOF,0.02594058234691595,0.01989050264605631,0.9541689150070277
26121,LOF,0.04446882891866951,0.08637154118504951,0.8691596298962809
