feature0,prediction,LoGoFunc_Neutral,LoGoFunc_GOF,LoGoFunc_LOF
25546,Neutral,0.5774424187578646,0.05027881154758356,0.372278769694552
25547,Neutral,0.4800592760218621,0.08338534661828358,0.4365553773598544
25548,Neutral,0.47605742775500526,0.07631744804621646,0.44762512419877826
25549,LOF,0.41587095366513915,0.0782479829483163,0.5058810633865446
25550,LOF,0.36392141461384664,0.08988176506972367,0.5461968203164297
25551,LOF,0.30757088932659515,0.09204991530008927,0.6003791953733156
25552,LOF,0.2830238457988952,0.09847012486314607,0.6185060293379587
25553,Neutral,0.7824458191641731,0.04764100160113585,0.16991317923469088
25554,LOF,0.3095089742355827,0.09054075510489601,0.5999502706595213
25555,LOF,0.2656582861884172,0.09414861782685359,0.6401930959847292
25556,LOF,0.4313575752267142,0.08325741752998429,0.48538500724330147
25557,LOF,0.24783962908152743,0.08645876498285544,0.665701605935617
25558,LOF,0.3012762924806392,0.08385253115365351,0.6148711763657072
25559,LOF,0.23739625010334817,0.034366302935693635,0.728237446960958
25560,LOF,0.09810324076553636,0.15761129473705032,0.7442854644974132
25561,LOF,0.08260672623163907,0.24503639382849973,0.6723568799398613
25562,LOF,0.03635267389223584,0.10247992161056517,0.8611674044971991
25563,LOF,0.006790297279252217,0.21888154737060592,0.7743281553501419
25564,LOF,0.07245649965408307,0.12197681594689362,0.8055666843990233
25565,LOF,0.2096609495456852,0.14143718077450612,0.6489018696798087
25566,GOF,0.08685718727744553,0.8044899101891525,0.1086529025334019
25567,LOF,0.04883920278150715,0.19189046366234705,0.7592703335561458
25568,LOF,0.06408783116915542,0.12194760518310359,0.8139645636477411
25569,LOF,0.06620930037882727,0.11219068798880705,0.8216000116323657
25570,LOF,0.027917173854485288,0.1569900628852208,0.8150927632602939
25571,LOF,0.027282441660342348,0.1651880691123293,0.8075294892273283
25572,LOF,0.05692951606438268,0.23741141698514115,0.7056590669504762
25573,LOF,0.07369516704032822,0.14874193662217491,0.7775628963374969
25574,LOF,0.0872977860145422,0.27136068809486413,0.6413415258905937
25575,LOF,0.026819270887331898,0.17713894214779813,0.7960417869648699
25576,LOF,0.02525103974416169,0.28154471464181563,0.6932042456140227
25577,LOF,0.02850708332615041,0.21343460387586613,0.7580583127979835
25578,LOF,0.2931670401394433,0.10430920513152153,0.6025237547290352
25579,LOF,0.2047328699630303,0.10678849165869453,0.6884786383782752
25580,LOF,0.024871047689413468,0.104937672957783,0.8701912793528035
25581,LOF,0.04805698208498536,0.13041642694635094,0.8215265909686637
25582,LOF,0.047494090264393225,0.12490970009199732,0.8275962096436094
25583,LOF,0.03476608055757528,0.11889300653815944,0.8463409129042654
25584,Neutral,0.6981527085140748,0.12917004232570795,0.1726772491602173
25585,LOF,0.024100682929146893,0.2145545944827391,0.7613447225881139
25586,LOF,0.023948838411107176,0.1331271364760912,0.8429240251128016
25587,LOF,0.023152111423505706,0.13593616931261054,0.8409117192638838
25588,LOF,0.028650058422655958,0.10599338455392011,0.865356557023424
25589,Neutral,0.5469888884229123,0.2516178809068242,0.20139323067026357
25590,LOF,0.05855360875663779,0.16901131748267376,0.7724350737606885
25591,LOF,0.10621454901702407,0.1050705945311888,0.7887148564517871
25592,LOF,0.08502893604611413,0.22136460050061071,0.6936064634532751
25593,LOF,0.11795634247344716,0.39364084384069997,0.4884028136858529
25594,LOF,0.04281091451617633,0.04737656080185705,0.9098125246819667
25595,LOF,0.04310059842527451,0.02550115314634114,0.9313982484283843
25596,LOF,0.10675250068469372,0.01650608175382698,0.8767414175614793
25597,LOF,0.08440476356865761,0.017073693913810892,0.8985215425175315
25598,LOF,0.044192283385933395,0.02884175791259728,0.9269659587014694
25599,LOF,0.03351963664696791,0.3688347097057655,0.5976456536472665
25600,LOF,0.18615102225963392,0.3423311082055575,0.4715178695348086
25601,LOF,0.04926885189164095,0.27603788233115395,0.6746932657772052
25602,LOF,0.029427989455311866,0.0759688696812687,0.8946031408634194
25603,LOF,0.053329897532455844,0.08425637822236283,0.8624137242451813
25604,LOF,0.04949870508466348,0.1522728758741475,0.7982284190411891
25605,LOF,0.04786103134785109,0.2251306630958736,0.7270083055562753
25606,Neutral,0.35737486698951115,0.2958820899318703,0.3467430430786185
25607,LOF,0.030207249868657516,0.29686365108300417,0.6729290990483383
25608,LOF,0.04973371072077288,0.0814100073220918,0.8688562819571353
25609,GOF,0.24351801034494913,0.5154118845175018,0.2410701051375491
25610,LOF,0.022834467576986327,0.08821145180025906,0.8889540806227545
25611,LOF,0.01611833351726208,0.09025420102869855,0.8936274654540395
25612,LOF,0.06804256408173542,0.09136892508204061,0.840588510836224
25613,LOF,0.05668122939958524,0.10185191493170993,0.8414668556687048
25614,LOF,0.02665334409664741,0.08364988936243238,0.8896967665409201
25615,LOF,0.061597408275775124,0.06612807082775139,0.8722745208964735
25616,LOF,0.06234189536281422,0.09304595321293889,0.844612151424247
25617,LOF,0.047964206411592936,0.09736245232099425,0.8546733412674128
25618,LOF,0.06113556663605685,0.16979408137297317,0.76907035199097
25619,LOF,0.015982583987490702,0.12542142553376598,0.8585959904787432
25620,LOF,0.04811959758237044,0.09704362825778506,0.8548367741598445
25621,LOF,0.08714460816450946,0.08014761571397315,0.8327077761215174
25622,LOF,0.09343233696936508,0.09064415051302432,0.8159235125176106
25623,LOF,0.07632059537374984,0.08546646141604824,0.838212943210202
25624,LOF,0.024917214295198522,0.08003892885372783,0.8950438568510737
25625,LOF,0.07769019037334458,0.08462819201052577,0.8376816176161296
25626,LOF,0.06431778878379338,0.08633296911307405,0.8493492421031326
25627,Neutral,0.8796142442614624,0.022605043339121108,0.09778071239941644
25628,LOF,0.20598073488825647,0.05426972596763583,0.7397495391441078
25629,LOF,0.07764867223008026,0.06305711565627342,0.8592942121136463
25630,LOF,0.32247471957748813,0.06584799363804202,0.6116772867844699
25631,Neutral,0.5167142965960564,0.04176655218715514,0.4415191512167885
25632,LOF,0.03282635927676682,0.1467300308046004,0.8204436099186327
25633,LOF,0.19924018627636442,0.093049868889798,0.7077099448338375
25634,LOF,0.04380688421999444,0.15158423063747903,0.8046088851425265
25635,LOF,0.033686007678077404,0.07066366798062279,0.8956503243412997
25636,GOF,0.03321839668294046,0.5613558590687268,0.4054257442483328
25637,GOF,0.037102594487333454,0.5496560634335889,0.4132413420790777
25638,LOF,0.01876891539510128,0.45063056113755795,0.5306005234673408
25639,LOF,0.02646933960208678,0.4443525096745967,0.5291781507233164
25640,Neutral,0.7959989129871835,0.1536316691182031,0.050369417894613376
25641,LOF,0.11471901463487474,0.3278556041203148,0.5574253812448106
25642,LOF,0.0950003281745409,0.17172039282141047,0.7332792790040487
25643,LOF,0.3083511085804659,0.10202803095708259,0.5896208604624515
25644,GOF,0.010225309655913574,0.6358165110899935,0.35395817925409295
25645,GOF,0.012518512524886817,0.590601353308148,0.39688013416696527
25646,LOF,0.018041656088880177,0.3861371820703677,0.5958211618407521
25647,LOF,0.009380261902990092,0.3136548607551878,0.676964877341822
25648,LOF,0.01358203715109247,0.3651385469386683,0.6212794159102392
25649,LOF,0.008434360227010792,0.28087962680272127,0.710686012970268
25650,GOF,0.034265650763102465,0.5851473738245202,0.38058697541237724
25651,LOF,0.010769370377250176,0.4055433042680385,0.5836873253547114
25652,LOF,0.011319194277173003,0.4222451148625433,0.5664356908602837
25653,GOF,0.04736162777311549,0.5926231200327777,0.36001525219410674
25654,LOF,0.011988822009997062,0.31404684653285647,0.6739643314571465
25655,GOF,0.12822029030758178,0.6261473864436607,0.24563232324875756
25656,LOF,0.20979494884951244,0.06761677538669134,0.7225882757637963
25657,LOF,0.033148743463350304,0.0719546898387673,0.8948965666978824
25658,LOF,0.2408556395453718,0.1064000792832001,0.652744281171428
25659,LOF,0.3982432774678558,0.1271539681325374,0.47460275439960686
25660,LOF,0.021819981409066477,0.12175660764349493,0.8564234109474387
25661,LOF,0.06643260122722959,0.07644125104170954,0.8571261477310609
25662,LOF,0.028080305777768863,0.04761640194665831,0.9243032922755727
25663,LOF,0.03060251606935571,0.042836804012934854,0.9265606799177093
25664,LOF,0.09388839826536825,0.06949352476666139,0.8366180769679704
25665,LOF,0.05646067935141416,0.0358734145007744,0.9076659061478114
25666,LOF,0.07068092310378721,0.05337315008146352,0.8759459268147491
25667,LOF,0.05936323800283372,0.05029605792358943,0.8903407040735769
25668,LOF,0.029802232144131826,0.06075020317934059,0.9094475646765277
25669,LOF,0.020616146178556508,0.055858424023147515,0.9235254297982959
25670,LOF,0.11867441132107129,0.05032460744188931,0.8310009812370395
25671,LOF,0.08378629805048601,0.045724892233153173,0.8704888097163607
25672,LOF,0.04856884210250281,0.05735630501555799,0.8940748528819392
25673,LOF,0.0878313590179026,0.04483675073310945,0.8673318902489879
25674,LOF,0.08211947247233778,0.061803629000525856,0.8560768985271363
25675,LOF,0.07191092223972295,0.06897191629120734,0.8591171614690697
25676,LOF,0.015820875189622507,0.06875643435709353,0.915422690453284
25677,LOF,0.01528126207346617,0.08856596555345221,0.8961527723730816
25678,LOF,0.18253702565273652,0.07978026113260195,0.7376827132146615
25679,LOF,0.11143285488866098,0.09373444887303384,0.7948326962383051
25680,LOF,0.020180967000715783,0.12909125634137703,0.8507277766579071
25681,LOF,0.03321485032683839,0.11675083487136133,0.8500343148018003
25682,LOF,0.10545590327221523,0.07832676219454546,0.8162173345332393
25683,LOF,0.09435843681972123,0.08989073509851075,0.815750828081768
25684,LOF,0.02597970609610893,0.07537644095125363,0.8986438529526374
25685,LOF,0.1080188401449765,0.10884455746699505,0.7831366023880284
25686,LOF,0.06387681596165626,0.2123467683065819,0.7237764157317619
25687,LOF,0.10933410758023158,0.19033738451682095,0.7003285079029475
25688,LOF,0.44575334391640414,0.019088690474148007,0.535157965609448
25689,LOF,0.29346743061934394,0.03083756959304699,0.6756949997876092
25690,LOF,0.36662126097899117,0.019902299497904282,0.6134764395231045
25691,Neutral,0.7412946268036081,0.017551511112245333,0.24115386208414646
25692,LOF,0.3509760110882466,0.009816582350012787,0.6392074065617406
25693,GOF,0.0420372475979376,0.5362804477863605,0.4216823046157019
25694,LOF,0.10693057556408558,0.019209465620638324,0.8738599588152761
25695,LOF,0.10557390875581782,0.008903552771819043,0.8855225384723631
25696,LOF,0.1018235654354911,0.018404326003168728,0.8797721085613402
25697,LOF,0.04767898496912724,0.07952720008676163,0.8727938149441111
25698,LOF,0.2637876059714156,0.19630170638150152,0.5399106876470828
25699,LOF,0.36026241357219335,0.042404735690644235,0.5973328507371625
25700,LOF,0.05679190664279868,0.01080706698967054,0.9324010263675307
25701,LOF,0.16491508254196163,0.04115921409938761,0.7939257033586508
25702,GOF,0.19766556232769963,0.6563957170668034,0.1459387206054969
25703,LOF,0.018523489144926675,0.19098804804700392,0.7904884628080694
25704,LOF,0.04031940181249596,0.15082455782452794,0.8088560403629761
25705,LOF,0.03364281696743788,0.08379859354584035,0.8825585894867218
25706,GOF,0.08950695885027343,0.5336951238788914,0.3767979172708351
25707,LOF,0.09327082276962817,0.4012796791238764,0.5054494981064954
25708,LOF,0.03562756834539278,0.4232066490370304,0.5411657826175768
25709,LOF,0.08248622264708119,0.048118984804485974,0.8693947925484328
25710,LOF,0.0171075574416105,0.14785609676295447,0.8350363457954351
25711,LOF,0.020715481271754918,0.08999304410209528,0.8892914746261498
25712,LOF,0.01823794094341403,0.17970646365408235,0.8020555954025037
25713,LOF,0.01979047027493554,0.07083261574354711,0.9093769139815173
25714,LOF,0.07833429357442713,0.0646165006467803,0.8570492057787925
25715,LOF,0.012682578220539418,0.11357124558420872,0.8737461761952517
25716,LOF,0.012926731097610054,0.12264157882550718,0.8644316900768827
25717,LOF,0.01876241293138696,0.07784043238291528,0.9033971546856977
25718,LOF,0.01210467226414378,0.05328773934208113,0.9346075883937751
25719,LOF,0.024335003168118038,0.09091582090729082,0.8847491759245912
25720,LOF,0.03166883602595632,0.05185771409768215,0.9164734498763616
25721,LOF,0.012556896577942117,0.08638630531764536,0.9010567981044124
25722,LOF,0.014623805949941402,0.07234441204118347,0.913031782008875
25723,LOF,0.026610739038320404,0.05319480968939749,0.9201944512722822
25724,LOF,0.037230662628521795,0.0945980973604672,0.868171240011011
25725,LOF,0.012005161026619722,0.08340954049929883,0.9045852984740814
25726,LOF,0.01867644996963942,0.11892332876136286,0.8624002212689977
25727,LOF,0.015092278387947617,0.0732615088734814,0.911646212738571
25728,LOF,0.011609589842170184,0.09545636336765581,0.892934046790174
25729,LOF,0.011793182033568564,0.0932078038283853,0.8949990141380461
25730,LOF,0.01594733776992534,0.09385369503446996,0.8901989671956048
25731,LOF,0.01867605578225276,0.12929241682741333,0.8520315273903339
25732,LOF,0.015600837867586717,0.049073295991095285,0.935325866141318
25733,LOF,0.01580069222711031,0.06647546397787657,0.917723843795013
25734,LOF,0.01382596650769733,0.13870208572039253,0.84747194777191
25735,LOF,0.011811295449372814,0.06203328880228507,0.926155415748342
25736,LOF,0.013473426166714663,0.06324726824581943,0.9232793055874658
25737,LOF,0.01433827264506519,0.09284320906497304,0.8928185182899618
25738,LOF,0.013089040180693186,0.0879800820976484,0.8989308777216585
25739,LOF,0.02113657521259792,0.07962342122688272,0.8992400035605194
25740,LOF,0.03181752144127746,0.09516824802515453,0.873014230533568
25741,LOF,0.01499958084284716,0.10057930210848061,0.8844211170486721
25742,LOF,0.11360591791550571,0.0735847283342668,0.8128093537502274
25743,LOF,0.045266855582887684,0.06418529507325885,0.8905478493438536
25744,Neutral,0.5988445281554365,0.23471216199177594,0.16644330985278746
25745,LOF,0.06763075244910398,0.07960971953022888,0.8527595280206671
25746,LOF,0.04457937874125613,0.12621434135297643,0.8292062799057673
25747,LOF,0.019845923736002587,0.13119616745835694,0.8489579088056405
25748,LOF,0.10525717121208633,0.18542110052941652,0.709321728258497
25749,LOF,0.029553990086816233,0.10400171745173015,0.8664442924614537
25750,LOF,0.06704853185204639,0.11032142024143202,0.8226300479065215
25751,LOF,0.12818013341585568,0.1808942364003097,0.6909256301838347
25752,GOF,0.11437229527146814,0.6655471323980454,0.22008057233048647
25753,LOF,0.03485741724160386,0.36678799219257224,0.5983545905658239
25754,GOF,0.021496960652424728,0.7633968129742478,0.2151062263733276
25755,LOF,0.031895155641868816,0.34288583004468565,0.6252190143134455
25756,LOF,0.06628760931538989,0.42282786838558595,0.5108845222990243
25757,GOF,0.018302640652188847,0.8454688290259501,0.13622853032186097
25758,GOF,0.030046285401225042,0.760475741430515,0.20947797316825986
25759,GOF,0.013809041562461528,0.6696419641770576,0.316548994260481
25760,LOF,0.017264299781907487,0.4734968824902437,0.5092388177278488
25761,GOF,0.30710536922839915,0.6022390455651959,0.09065558520640488
25762,LOF,0.05263513908328197,0.39171128128250665,0.5556535796342114
25763,LOF,0.01657741591207301,0.3241260717879696,0.6592965122999574
25764,GOF,0.059578268526639035,0.6925156335819278,0.247906097891433
25765,GOF,0.037538043323482574,0.7829912133124223,0.17947074336409513
25766,GOF,0.0963557054604571,0.7380373785986599,0.16560691594088295
25767,GOF,0.14918801280259816,0.43692906317919206,0.4138829240182098
25768,LOF,0.09810576592211573,0.04153014777066667,0.8603640863072176
25769,LOF,0.052602515253871406,0.07722818830977167,0.8701692964363568
25770,LOF,0.4403031617105092,0.11330353764236009,0.44639330064713056
25771,LOF,0.06916488459356879,0.055466694273067066,0.8753684211333641
25772,LOF,0.019716883092581138,0.056122705089580865,0.9241604118178379
25773,LOF,0.07148110101015928,0.06269778974638589,0.8658211092434548
25774,LOF,0.030231818926832868,0.12869191692228843,0.8410762641508785
25775,LOF,0.08226780928509095,0.05061533363173304,0.867116857083176
25776,LOF,0.07159922128131713,0.03657382049539909,0.8918269582232837
25777,Neutral,0.560935048337573,0.07498720373698584,0.3640777479254412
25778,LOF,0.0649404809034389,0.05308351813054499,0.8819760009660161
25779,GOF,0.41775076910872494,0.5371303452362192,0.045118885655056
25780,GOF,0.36212942597807135,0.5485635885529305,0.08930698546899814
25781,GOF,0.1210612410360044,0.7640757568869294,0.11486300207706628
25782,GOF,0.18778829686097648,0.7125000352743536,0.09971166786466994
25783,GOF,0.02459266596722556,0.7147181486819912,0.26068918535078306
25784,Neutral,0.5422451657426502,0.41053323452091633,0.04722159973643343
25785,Neutral,0.5223224195314091,0.4109110797421123,0.06676650072647865
25786,GOF,0.03399711623822222,0.7101256461278167,0.2558772376339611
25787,Neutral,0.7111650675059072,0.25265528943884713,0.03617964305524563
25788,LOF,0.061692623467002015,0.0883450086174669,0.849962367915531
25789,GOF,0.2299867861295237,0.6607500892996778,0.10926312457079851
25790,GOF,0.269700479565056,0.6050175005265128,0.12528201990843127
25791,GOF,0.13520292715821627,0.6447691437072229,0.2200279291345609
25792,GOF,0.3363701912650463,0.48657901013622085,0.17705079859873302
25793,GOF,0.23856001054638615,0.4844755636657769,0.27696442578783703
25794,GOF,0.33797660149598036,0.4662695352288665,0.1957538632751531
25795,GOF,0.0645124522399497,0.66356412271374,0.2719234250463104
25796,Neutral,0.5010399972675705,0.40672757215802197,0.09223243057440744
25797,GOF,0.08823646561500657,0.5332197137795005,0.37854382060549285
25798,GOF,0.011817715397133027,0.5674997450606076,0.42068253954225926
25799,GOF,0.009867775235191435,0.5170178161224365,0.47311440864237203
25800,GOF,0.042510833543667484,0.6619852254130859,0.2955039410432465
25801,GOF,0.2516384708859979,0.6375932483471735,0.11076828076682857
25802,GOF,0.08946075299502848,0.6494941419490312,0.26104510505594025
25803,GOF,0.05568023878013985,0.5735426190581183,0.3707771421617419
25804,GOF,0.04489136221952228,0.5182484255795985,0.43686021220087917
25805,GOF,0.10246708127897365,0.5465557097684705,0.35097720895255596
25806,GOF,0.16500759846026422,0.5610726584471186,0.2739197430926172
25807,GOF,0.02087339475075958,0.6042634336030598,0.37486317164618055
25808,GOF,0.1308257915150457,0.5453342217262246,0.3238399867587297
25809,GOF,0.023362860572722157,0.5900661714145113,0.3865709680127665
25810,GOF,0.022872414006897154,0.5773041557826302,0.3998234302104726
25811,Neutral,0.5138844582722526,0.41333512148227064,0.07278042024547662
25812,GOF,0.04276686710252835,0.6067258406158544,0.35050729228161726
25813,Neutral,0.595058713867116,0.2739011940840996,0.13104009204878447
25814,GOF,0.1388327129172021,0.5988797586532305,0.2622875284295675
25815,GOF,0.27971058662674936,0.5289650560386853,0.19132435733456535
25816,GOF,0.021786915078003746,0.657046498780644,0.3211665861413522
25817,GOF,0.19192584360045936,0.6664512520924248,0.141622904307116
25818,GOF,0.04054739465694244,0.6052105232862525,0.35424208205680496
25819,GOF,0.3618819697502101,0.46780885871551936,0.17030917153427047
25820,GOF,0.1940738485063814,0.5915042945848774,0.21442185690874127
25821,GOF,0.07440529421416982,0.6640731633819763,0.261521542403854
25822,GOF,0.2554328719924889,0.5210491958872305,0.22351793212028043
25823,GOF,0.04574715036347506,0.5080893537781365,0.44616349585838844
25824,GOF,0.09532368401100585,0.5280039357687996,0.3766723802201946
25825,GOF,0.037365004780736746,0.538246096933454,0.42438889828580917
25826,GOF,0.01291579888426917,0.5277306795147703,0.45935352160096055
25827,GOF,0.020743283283317527,0.5373284727537936,0.44192824396288893
25828,LOF,0.015912128659946186,0.4589189598214602,0.5251689115185936
25829,GOF,0.009396006896818496,0.5662641683455729,0.4243398247576087
25830,LOF,0.04198301746625091,0.28484177199899435,0.6731752105347547
25831,GOF,0.13854141411938867,0.7153744470913954,0.14608413878921594
25832,GOF,0.03587738438597898,0.7221309094258225,0.24199170618819862
25833,GOF,0.11443094703187182,0.7045362950625694,0.1810327579055587
25834,GOF,0.043418101298728556,0.7070513012156177,0.2495305974856538
25835,GOF,0.0987378572372246,0.658753938406365,0.24250820435641054
25836,GOF,0.051332852401166834,0.6948704992167425,0.2537966483820907
25837,GOF,0.02905497833789916,0.5496129001605635,0.42133212150153726
25838,GOF,0.09699855721560594,0.7144687984786211,0.1885326443057729
25839,GOF,0.2815713517452905,0.5153045438106613,0.20312410444404821
25840,GOF,0.2242812320306927,0.5821671391910388,0.19355162877826837
25841,GOF,0.26574363787158395,0.5452999097732435,0.1889564523551725
25842,GOF,0.16008310145266189,0.6330013735274942,0.2069155250198439
25843,GOF,0.22588861257854975,0.630402025525372,0.14370936189607833
25844,GOF,0.0704391653703975,0.6897028683129168,0.23985796631668563
25845,GOF,0.016510122639735048,0.5428795389986283,0.4406103383616366
25846,GOF,0.09874822666599947,0.7233030598977519,0.1779487134362487
25847,GOF,0.10571514101706067,0.7124356379715062,0.18184922101143317
25848,GOF,0.048573081417063006,0.6771542665030388,0.27427265207989826
25849,GOF,0.014510509384874963,0.5803137627151733,0.4051757278999517
25850,GOF,0.028669110308300876,0.6449366288100609,0.3263942608816383
25851,GOF,0.026033640767697024,0.5549485179684203,0.41901784126388275
25852,GOF,0.1391038344999049,0.5662465893153485,0.2946495761847464
25853,GOF,0.32760882485562054,0.5854453220800608,0.08694585306431862
25854,GOF,0.02225942999076109,0.7237190170979795,0.25402155291125933
25855,GOF,0.0491280318610754,0.6475108091151707,0.30336115902375393
25856,GOF,0.2381595903105938,0.5907525143143169,0.17108789537508934
25857,GOF,0.043430336143645006,0.5906565123182369,0.3659131515381181
25858,GOF,0.02152694298164809,0.6488776398060848,0.3295954172122672
25859,GOF,0.011956991076074385,0.6409021471195863,0.3471408618043394
25860,GOF,0.3124586843356085,0.5779547325744336,0.10958658308995779
25861,GOF,0.3215565102859691,0.5887920305339676,0.08965145918006324
25862,GOF,0.06936327628514898,0.7821805909839031,0.14845613273094788
25863,GOF,0.08023915508608705,0.7869237464133138,0.1328370985005991
25864,GOF,0.14008545661790098,0.7653994813213121,0.09451506206078698
25865,GOF,0.07452795347177363,0.7826503987687871,0.14282164775943934
25866,GOF,0.06114003450277302,0.831362323686824,0.10749764181040315
25867,GOF,0.07398126019913935,0.819470488090966,0.1065482517098946
25868,GOF,0.23005423219161672,0.6467964700078186,0.12314929780056462
25869,Neutral,0.6705285733334732,0.2775536972686318,0.051917729397894886
25870,LOF,0.28214956183021117,0.27658611495378527,0.4412643232160035
25871,GOF,0.20507311582112986,0.6229920390245006,0.17193484515436938
25872,GOF,0.0915057245325238,0.62338348118979,0.2851107942776861
25873,GOF,0.1593268434359214,0.62210646977064,0.21856668679343855
25874,LOF,0.024643400720518408,0.0955795238250808,0.8797770754544008
25875,LOF,0.05673848980560471,0.13947503649439025,0.803786473700005
25876,LOF,0.022658030077683064,0.07449295241991985,0.9028490175023971
25877,Neutral,0.43476325202330235,0.1364821447442863,0.4287546032324114
25878,LOF,0.15715828154839576,0.22048905430315163,0.6223526641484526
25879,LOF,0.08221890557074682,0.2550367806046549,0.6627443138245983
25880,LOF,0.021575837711584247,0.03853668393872768,0.9398874783496881
25881,LOF,0.17206795307641365,0.2734203404306371,0.5545117064929493
25882,LOF,0.06868607464392196,0.030943008597247506,0.9003709167588305
25883,LOF,0.08382865616603125,0.05828262834324362,0.8578887154907252
25884,LOF,0.042650017725973086,0.06676686751049406,0.8905831147635328
25885,LOF,0.055780908643612674,0.03361385609251285,0.9106052352638746
25886,LOF,0.34374503138654156,0.14577901075879088,0.5104759578546675
25887,LOF,0.18186606141880324,0.22866009232552656,0.5894738462556702
25888,LOF,0.07130445195619582,0.13016810333769463,0.7985274447061097
25889,LOF,0.03836204732742556,0.07280417106840029,0.8888337816041743
25890,LOF,0.07060950832766563,0.11807493618799265,0.8113155554843416
25891,LOF,0.06456549573700641,0.049164487876614045,0.8862700163863796
25892,LOF,0.10489519781931986,0.027363802246378674,0.8677409999343014
25893,LOF,0.34636960245606335,0.018035136440666896,0.6355952611032698
25894,LOF,0.18610859081767292,0.008829197366975638,0.8050622118153514
25895,LOF,0.23849413358435498,0.015742060422303777,0.7457638059933412
25896,LOF,0.05183051353130632,0.020981659093672955,0.9271878273750207
25897,LOF,0.2543121099036092,0.02272846299652485,0.7229594270998659
25898,Neutral,0.8019321479157812,0.01478184167785489,0.18328601040636391
25899,LOF,0.27551706478994586,0.0473113675535826,0.6771715676564716
25900,Neutral,0.6251613994236913,0.013506071985851582,0.36133252859045695
25901,LOF,0.054172851848148476,0.01265911303754289,0.9331680351143087
25902,LOF,0.18699220802729008,0.014124839846565594,0.7988829521261444
25903,Neutral,0.6439185377672243,0.039193909062860716,0.3168875531699149
25904,LOF,0.2840193530551469,0.04493839620575738,0.6710422507390957
25905,LOF,0.039735832242551034,0.3330574653106535,0.6272067024467954
25906,LOF,0.0257702545015911,0.060633001740528894,0.9135967437578799
25907,LOF,0.0133311228923228,0.35762983993994085,0.6290390371677363
25908,LOF,0.014094893123743691,0.2406220053857984,0.745283101490458
25909,LOF,0.018187709761749042,0.10024681054271387,0.8815654796955371
25910,LOF,0.030911902871486728,0.3494540176522974,0.6196340794762158
25911,LOF,0.08042285202912926,0.07232005954118903,0.8472570884296817
25912,LOF,0.04509413510958878,0.09835118377105377,0.8565546811193575
25913,LOF,0.26999144615660936,0.045917678749338754,0.684090875094052
25914,LOF,0.018416729769309404,0.10508945561953277,0.8764938146111577
25915,Neutral,0.3482616318674416,0.3289360617272266,0.3228023064053318
25916,LOF,0.024256114915936242,0.481424891649149,0.4943189934349148
25917,LOF,0.04189074674220949,0.056763287763203926,0.9013459654945865
25918,LOF,0.02288505279988058,0.05976061346806233,0.917354333732057
25919,LOF,0.02084350200968087,0.06424301818394287,0.9149134798063763
25920,GOF,0.1270177394301477,0.5051125153207334,0.36786974524911886
25921,LOF,0.03321075782092961,0.021618368404270272,0.9451708737748001
25922,LOF,0.0451893581970366,0.016365440196721058,0.9384452016062425
25923,LOF,0.3835172614318468,0.019968138437797347,0.5965146001303558
25924,LOF,0.03991912248210372,0.022238372949449855,0.9378425045684464
25925,LOF,0.06700949047778994,0.028697995239112633,0.9042925142830973
25926,LOF,0.04982370741703231,0.01975739032665524,0.9304189022563125
25927,LOF,0.07880884104174023,0.04121230479441848,0.8799788541638414
25928,LOF,0.025871564171473186,0.017917712593294957,0.9562107232352318
25929,Neutral,0.5362875880663069,0.023348435741315187,0.4403639761923779
25930,LOF,0.0648506634619962,0.016177689884691867,0.918971646653312
25931,LOF,0.0334106002608298,0.01611672270832138,0.9504726770308489
25932,LOF,0.028634889969397583,0.016088745579997725,0.9552763644506048
25933,LOF,0.03878554861320589,0.010519824369381876,0.9506946270174123
25934,LOF,0.027716070316940507,0.01427339896058526,0.9580105307224743
25935,LOF,0.06362408515414705,0.02605757583742163,0.9103183390084313
25936,LOF,0.044991693652226,0.016712348038399466,0.9382959583093745
25937,LOF,0.033823063076089836,0.018160132657005862,0.9480168042669043
25938,LOF,0.06458599297838406,0.03490915212466758,0.9005048548969483
25939,LOF,0.04161927355466803,0.011081691573433892,0.947299034871898
25940,GOF,0.02635435069796304,0.5097994545365637,0.4638461947654733
25941,LOF,0.1484512245069215,0.10497959025025484,0.7465691852428237
25942,LOF,0.014671901038828587,0.0419131267890293,0.9434149721721421
25943,LOF,0.3146763250946836,0.09461671835908125,0.5907069565462352
25944,LOF,0.460861479426182,0.05559912059463437,0.4835393999791836
25945,LOF,0.07625513151974123,0.03724077971224186,0.8865040887680169
25946,LOF,0.036566407326956124,0.14844440278924814,0.8149891898837958
25947,LOF,0.13594455758444932,0.22540949197456195,0.6386459504409886
25948,LOF,0.4136241870792956,0.02194577447884776,0.5644300384418566
25949,LOF,0.12269831525862315,0.06339521550004919,0.8139064692413277
25950,GOF,0.17916979752667084,0.5241706167222135,0.29665958575111556
25951,LOF,0.20900308000578868,0.14199969999812062,0.6489972199960907
25952,LOF,0.04557761966039074,0.40836903773721833,0.5460533426023909
25953,LOF,0.12319871081101166,0.1062873672242367,0.7705139219647517
25954,LOF,0.3146256607329257,0.22430251750053215,0.46107182176654204
25955,LOF,0.0609997057336921,0.09685199854867597,0.842148295717632
25956,LOF,0.21104061461567775,0.05894933223448218,0.73001005314984
25957,LOF,0.05164794670262223,0.02112929909708493,0.9272227542002929
25958,LOF,0.06153530763151987,0.027540875358231905,0.9109238170102483
25959,LOF,0.09127803733518505,0.3536415082769501,0.5550804543878648
25960,LOF,0.023171032098232687,0.059713285749691404,0.917115682152076
25961,LOF,0.052169972316877006,0.039169220698482776,0.9086608069846401
25962,LOF,0.07112010699078021,0.04896077395453311,0.8799191190546866
25963,LOF,0.06173108536874395,0.19165951503181416,0.7466093995994418
25964,LOF,0.03216382260743833,0.15890548951361114,0.8089306878789506
25965,Neutral,0.47469317377298714,0.07881711169634598,0.446489714530667
25966,LOF,0.3423580289348285,0.28213404975193085,0.3755079213132407
25967,LOF,0.017740819488562546,0.0985048969207816,0.8837542835906559
25968,LOF,0.05065583850000236,0.4112826754210904,0.5380614860789072
25969,LOF,0.02917062274900431,0.056210766229316395,0.9146186110216792
25970,LOF,0.061804889019598866,0.04985622588762217,0.888338885092779
25971,LOF,0.08226643418582032,0.025336731207479823,0.8923968346066998
25972,LOF,0.07432952858224688,0.027391193097722526,0.8982792783200305
25973,LOF,0.08842083444412462,0.009678690632716926,0.9019004749231585
25974,LOF,0.3157110406423339,0.025922745103767072,0.658366214253899
25975,LOF,0.050964976563112385,0.02684923399963967,0.922185789437248
25976,LOF,0.03260277439272747,0.02065609514999296,0.9467411304572796
25977,LOF,0.12739243076029585,0.1290002763824992,0.7436072928572051
25978,LOF,0.15199841891563773,0.1034847073757802,0.744516873708582
25979,LOF,0.14190082515951308,0.09164359722918353,0.7664555776113033
25980,LOF,0.17218239930759893,0.17170641427248043,0.6561111864199206
25981,LOF,0.2083054484711641,0.16299151056715047,0.6287030409616854
25982,LOF,0.40521670191167614,0.09357186012110648,0.5012114379672175
25983,LOF,0.39754707038179876,0.0870761594503764,0.5153767701678249
25984,LOF,0.050067937999202596,0.1159150690337283,0.8340169929670692
25985,LOF,0.02375452190406162,0.3337693935340405,0.6424760845618979
25986,LOF,0.027721837377636765,0.33114882160154346,0.6411293410208199
25987,LOF,0.08577730324204516,0.09825667790429024,0.8159660188536645
25988,LOF,0.10901290027299748,0.08537728468416335,0.8056098150428391
25989,LOF,0.025919228578977386,0.1366211423039355,0.837459629117087
25990,LOF,0.03598885510399098,0.12491569662509058,0.8390954482709185
25991,LOF,0.2142521398323861,0.2761986718412468,0.5095491883263671
25992,LOF,0.35402022052228616,0.20106539302302565,0.4449143864546882
25993,LOF,0.03081215421268089,0.06630441328770242,0.9028834324996167
25994,LOF,0.01911296966498829,0.09027041651268715,0.8906166138223245
25995,LOF,0.033809434677148885,0.08766374970821268,0.8785268156146384
25996,GOF,0.27598410630863224,0.4387710640690391,0.28524482962232856
25997,GOF,0.11494255262426831,0.4503360799026085,0.4347213674731233
25998,Neutral,0.6203347078741436,0.03126754361576841,0.348397748510088
25999,LOF,0.12137580291396058,0.10121022517691482,0.7774139719091245
26000,LOF,0.08186303932696631,0.0262224360764672,0.8919145245965665
26001,LOF,0.19053283055847617,0.04380729692925506,0.7656598725122689
26002,LOF,0.10196798315657978,0.03345782347282318,0.864574193370597
26003,GOF,0.011382484546786696,0.6015100526664262,0.38710746278678704
26004,GOF,0.026173913547812202,0.6217856899413368,0.35204039651085106
26005,LOF,0.01369348642035372,0.4825994449917288,0.5037070685879175
26006,Neutral,0.5259681079436731,0.2557995066542258,0.21823238540210116
26007,GOF,0.022890648029663813,0.5901427996610333,0.3869665523093028
26008,GOF,0.020955086335055523,0.5252623794025274,0.453782534262417
26009,GOF,0.035434766570274695,0.6289814295456257,0.3355838038840996
26010,GOF,0.0233499769087735,0.6878423833765339,0.2888076397146924
26011,LOF,0.010672631660699646,0.4774113789225491,0.5119159894167512
26012,GOF,0.019464936421749686,0.5244717248992906,0.4560633386789597
26013,GOF,0.01576000352749492,0.6557470514466323,0.32849294502587284
26014,LOF,0.05156460957762972,0.1516244695164202,0.7968109209059501
26015,LOF,0.16662004890292484,0.011197137837018017,0.822182813260057
26016,LOF,0.27919249567500026,0.051032228139563277,0.6697752761854364
26017,LOF,0.17341491762150146,0.08308312712447032,0.7435019552540282
26018,LOF,0.09508320242547164,0.03760866101639748,0.8673081365581309
26019,LOF,0.09332116920329853,0.02278280016151785,0.8838960306351836
26020,LOF,0.06780233977909526,0.09615514519043977,0.8360425150304649
26021,LOF,0.05972322323866732,0.11902668213625894,0.8212500946250737
26022,LOF,0.010798305252432824,0.055924959219048095,0.9332767355285192
26023,LOF,0.12063265338963419,0.024678531403098416,0.8546888152072674
26024,LOF,0.03154782848104709,0.10267938430725157,0.8657727872117014
26025,LOF,0.15126029301684965,0.056906309040871204,0.791833397942279
26026,LOF,0.3165310110433044,0.011960760599995648,0.6715082283567
26027,LOF,0.09365856137742005,0.015849239223188896,0.8904921993993911
26028,LOF,0.19124200462563232,0.09325483744541473,0.7155031579289529
26029,LOF,0.11107713674048621,0.13165440739310014,0.7572684558664136
26030,LOF,0.0319657700846494,0.03539676657457335,0.9326374633407771
26031,LOF,0.03700368721944343,0.10247631948442433,0.8605199932961322
26032,LOF,0.08911459624083153,0.02337069221399716,0.8875147115451714
26033,LOF,0.12736887010649103,0.024534963922908694,0.8480961659706003
26034,LOF,0.06213484858006941,0.09585562219657487,0.8420095292233557
26035,LOF,0.03898305597070788,0.083445981263588,0.877570962765704
26036,LOF,0.057538401160082235,0.1033777977645544,0.8390838010753635
26037,LOF,0.03149380167596339,0.08656535547881611,0.8819408428452205
26038,LOF,0.08800874058988338,0.02309825382922576,0.8888930055808908
26039,LOF,0.08095930236236137,0.0993381381953046,0.8197025594423341
26040,LOF,0.23776256078251817,0.06561293235724999,0.6966245068602318
26041,LOF,0.03146519928301555,0.08302131164658359,0.8855134890704008
26042,LOF,0.03156788005434386,0.08322389700863642,0.8852082229370197
26043,LOF,0.08466939478623078,0.03368216792732282,0.8816484372864464
26044,LOF,0.033785494351197314,0.042188258719377814,0.9240262469294249
26045,LOF,0.0964446447082343,0.06728916768998436,0.8362661876017814
26046,LOF,0.09239284484020958,0.036676987790566426,0.870930167369224
26047,LOF,0.11513418957138316,0.04631742070908722,0.8385483897195295
26048,LOF,0.052120779684724845,0.038546218417035955,0.9093330018982391
26049,Neutral,0.9433483726596138,0.005322930630719799,0.05132869670966621
26050,Neutral,0.9182445825321346,0.005562678035738462,0.07619273943212701
26051,GOF,0.03164025027068967,0.5631760877075529,0.40518366202175743
26052,GOF,0.03199825836479128,0.6521089200556855,0.31589282157952314
26053,LOF,0.051337064550194815,0.34748048883678617,0.6011824466130189
26054,LOF,0.05276282511495879,0.06620736806137817,0.881029806823663
26055,LOF,0.06880242972236268,0.0662959518249859,0.8649016184526515
26056,LOF,0.060420289743460025,0.082828169370255,0.8567515408862849
26057,LOF,0.030907690971615425,0.0254584982012081,0.9436338108271763
26058,LOF,0.030532061983740973,0.021807041366599333,0.9476608966496597
26059,LOF,0.33861855220318543,0.07946009534892773,0.5819213524478868
26060,LOF,0.030958696556016532,0.31318195053524633,0.6558593529087371
26061,LOF,0.017336334039383266,0.05439480992517104,0.9282688560354457
26062,LOF,0.01268200124524115,0.053917676062251,0.9334003226925077
26063,LOF,0.024909760626778275,0.02767655607062772,0.9474136833025939
26064,LOF,0.021889252499240373,0.03932220950400125,0.9387885379967584
26065,LOF,0.02679435419967106,0.028575473805117425,0.9446301719952115
26066,LOF,0.021193238934745427,0.032652698496597674,0.9461540625686569
26067,LOF,0.023997963601884255,0.023024648787017807,0.9529773876110978
26068,LOF,0.0479166327259402,0.0721920203083005,0.8798913469657592
26069,LOF,0.3921469930051562,0.06445978535820598,0.5433932216366377
26070,Neutral,0.632096074459314,0.030786059475328635,0.3371178660653572
26071,LOF,0.023593734512565412,0.03244100892117876,0.9439652565662557
26072,LOF,0.023416717315499373,0.06507055549311164,0.9115127271913891
26073,LOF,0.02523612656970258,0.027538111357370287,0.9472257620729272
26074,Neutral,0.8729622864119453,0.012418784216393272,0.11461892937166158
26075,LOF,0.04136448396416178,0.050453208624023554,0.9081823074118146
26076,LOF,0.043302920486695325,0.02041975158124291,0.9362773279320618
26077,LOF,0.009941907602177318,0.06660856719152203,0.9234495252063007
26078,LOF,0.013255208268571976,0.04372109457725101,0.943023697154177
26079,LOF,0.04865306348932981,0.04927076914031474,0.9020761673703555
26080,LOF,0.04865306348932981,0.04927076914031474,0.9020761673703555
26081,LOF,0.03378695117159033,0.018599827331446977,0.9476132214969627
26082,LOF,0.01986822279928415,0.05547230707251115,0.9246594701282047
26083,LOF,0.13781266751898846,0.030706586961339436,0.831480745519672
26084,LOF,0.025909611367821783,0.03769872453953714,0.9363916640926411
26085,LOF,0.021964311964891663,0.033062820703058785,0.9449728673320495
26086,LOF,0.022102857278253393,0.03741898340422983,0.9404781593175168
26087,LOF,0.025091088155015588,0.026631233863510354,0.9482776779814741
26088,LOF,0.02483995179438246,0.059080183892314446,0.9160798643133031
26089,LOF,0.045338373882805524,0.06829209994251945,0.8863695261746749
26090,LOF,0.043071034987027676,0.05288278350336856,0.9040461815096038
26091,LOF,0.04004591545207406,0.01795197253354505,0.9420021120143809
26092,LOF,0.0301300313500654,0.022385713264475925,0.9474842553854588
26093,LOF,0.04180110940475877,0.015007752591813127,0.9431911380034281
26094,LOF,0.044505205949802375,0.014988086683228976,0.9405067073669687
26095,LOF,0.03870754331894518,0.04735262899018226,0.9139398276908725
26096,LOF,0.016926780636134686,0.042922704770460715,0.9401505145934045
26097,LOF,0.011193420241292284,0.11590710799625975,0.872899471762448
26098,LOF,0.05441394908074968,0.045472609206180716,0.9001134417130695
26099,LOF,0.024723042516338327,0.04244474290964148,0.9328322145740202
26100,LOF,0.026380374216659976,0.038642049459627896,0.9349775763237121
26101,LOF,0.057446434301358866,0.040901937140271495,0.9016516285583696
26102,LOF,0.027532366691148884,0.027797877690757974,0.9446697556180931
26103,Neutral,0.8723336554333971,0.052270301719071786,0.07539604284753106
26104,LOF,0.04953174828086481,0.07715429305148813,0.873313958667647
26105,LOF,0.2576963773556008,0.2366666718516676,0.5056369507927316
26106,LOF,0.15678262794706163,0.14412069388090742,0.6990966781720309
26107,LOF,0.2606795022947162,0.1353557021391872,0.6039647955660966
26108,LOF,0.18078280096193686,0.15161821552448065,0.6675989835135825
26109,LOF,0.05657617370044489,0.16481798211613852,0.7786058441834166
26110,LOF,0.2718048063645027,0.017964240853940966,0.7102309527815563
26111,LOF,0.46474555436778847,0.02565506970486857,0.5095993759273431
26112,LOF,0.04362821458866947,0.02025767700331194,0.9361141084080185
26113,LOF,0.058048614168621136,0.039581634297939546,0.9023697515334392
26114,LOF,0.020743417095496847,0.02414763494535308,0.9551089479591501
26115,LOF,0.09448643615193823,0.045889728093155883,0.859623835754906
26116,LOF,0.0541519571527154,0.05696730554610473,0.8888807373011798
26117,LOF,0.2976198796986404,0.10240213934812302,0.5999779809532366
26118,LOF,0.042556674794192687,0.049972137493477176,0.9074711877123302
26119,LOF,0.022579870327044824,0.0686244838486037,0.9087956458243515
26120,LOF,0.0345829451081109,0.04385375955875795,0.9215632953331311
26121,LOF,0.051983579359382706,0.10737207755651089,0.8406443430841064
26122,LOF,0.06008456439158076,0.061265852921842064,0.8786495826865772
