feature0,prediction,LoGoFunc_Neutral,LoGoFunc_GOF,LoGoFunc_LOF
25546,Neutral,0.6170388692454889,0.05474419896317973,0.3282169317913312
25547,Neutral,0.4951162029583691,0.08331779069629182,0.421566006345339
25548,Neutral,0.5070167650152911,0.07574574630491658,0.4172374886797922
25549,LOF,0.44662506398154855,0.07407216146140388,0.47930277455704773
25550,LOF,0.3929551282900815,0.07421611870907427,0.5328287530008442
25551,LOF,0.3340240967667394,0.07782861887679572,0.5881472843564649
25552,LOF,0.2977752660039912,0.09215396913283687,0.6100707648631719
25553,Neutral,0.7851450229759455,0.046903608786923505,0.1679513682371311
25554,LOF,0.32356006359081935,0.08372806907327439,0.5927118673359063
25555,LOF,0.2705997065034666,0.08360581050937864,0.6457944829871547
25556,LOF,0.4576070139867858,0.07740781121426489,0.46498517479894924
25557,LOF,0.25604035874948944,0.08161632976802473,0.6623433114824858
25558,LOF,0.32076185054122597,0.07801301402099978,0.6012251354377743
25559,LOF,0.26843397839252287,0.025011701903790887,0.7065543197036862
25560,LOF,0.09297501567974922,0.2017754920440671,0.7052494922761837
25561,LOF,0.07584782100084611,0.2900704498696624,0.6340817291294915
25562,LOF,0.033076205583874196,0.1255207788190597,0.8414030155970661
25563,LOF,0.006919488255888944,0.22365180580587973,0.7694287059382313
25564,LOF,0.06506861017776465,0.12674896619277476,0.8081824236294606
25565,LOF,0.19601596280240058,0.1543224069883466,0.6496616302092527
25566,GOF,0.0699124077715428,0.8117648575802232,0.11832273464823391
25567,LOF,0.05090439507631011,0.1825152421804851,0.7665803627432047
25568,LOF,0.06788976611026701,0.11798871340263986,0.8141215204870932
25569,LOF,0.06439924306844348,0.11287186288020071,0.8227288940513559
25570,LOF,0.027563367630180226,0.14608575372656235,0.8263508786432574
25571,LOF,0.027035965591245513,0.15871683567387201,0.8142471987348825
25572,LOF,0.05771639426337668,0.23254272820643448,0.7097408775301889
25573,LOF,0.07110821219500649,0.15430418148415923,0.7745876063208342
25574,LOF,0.09196634259879463,0.25232990600607563,0.6557037513951298
25575,LOF,0.0254698817156097,0.1775402300197333,0.796989888264657
25576,LOF,0.02504831450057366,0.281972616509186,0.6929790689902404
25577,LOF,0.028298735105162686,0.19816221077305726,0.7735390541217801
25578,LOF,0.30529095044713955,0.10748734811311814,0.5872217014397423
25579,LOF,0.2168642285691856,0.10695933947406203,0.6761764319567525
25580,LOF,0.02471888515727916,0.10966797007158968,0.8656131447711312
25581,LOF,0.04759516716714298,0.13260130301270812,0.8198035298201489
25582,LOF,0.04690532962257218,0.12853253647732765,0.8245621339001001
25583,LOF,0.03384559457929773,0.1163272507981572,0.849827154622545
25584,Neutral,0.7027270247402683,0.13590463244032433,0.1613683428194075
25585,LOF,0.025757512137337596,0.21209897456978438,0.7621435132928781
25586,LOF,0.023120175716463017,0.1303653814598195,0.8465144428237175
25587,LOF,0.02238529373485587,0.1265485195407789,0.8510661867243653
25588,LOF,0.027652764760050113,0.10002486849554716,0.8723223667444028
25589,Neutral,0.5870605374100197,0.21115704787513115,0.20178241471484912
25590,LOF,0.06238822773322114,0.15944584395601286,0.778165928310766
25591,LOF,0.09846941683084715,0.10316450491755738,0.7983660782515956
25592,LOF,0.08085338553622227,0.200368632355531,0.7187779821082466
25593,LOF,0.11970514340616246,0.3335893131172798,0.5467055434765578
25594,LOF,0.04522905806835219,0.03845760859348441,0.9163133333381633
25595,LOF,0.047467912278555666,0.021360556164407588,0.9311715315570367
25596,LOF,0.12127390665848861,0.013896229830521252,0.8648298635109902
25597,LOF,0.09062606569203632,0.013682539948803103,0.8956913943591606
25598,LOF,0.048295422133773434,0.022496635094526714,0.9292079427716998
25599,LOF,0.037561111405343635,0.3445686907238458,0.6178701978708104
25600,LOF,0.2003316200406119,0.3127965067148738,0.4868718732445144
25601,LOF,0.05532059514590456,0.2502811286016247,0.6943982762524706
25602,LOF,0.028870495494610942,0.0767572756992641,0.8943722288061251
25603,LOF,0.04883021369614871,0.08254217505482042,0.8686276112490308
25604,LOF,0.05178501468136812,0.1490445910011134,0.7991703943175185
25605,LOF,0.04808350259183547,0.21077761384541904,0.7411388835627455
25606,Neutral,0.3705622658680721,0.3019934586559999,0.327444275475928
25607,LOF,0.02892441492470286,0.2832976690087215,0.6877779160665757
25608,LOF,0.05216222303637897,0.07289503135742083,0.8749427456062002
25609,GOF,0.19019485788941207,0.5138943367348104,0.2959108053757774
25610,LOF,0.023190400596288314,0.08184150042675307,0.8949680989769586
25611,LOF,0.016222832734877256,0.09089245106113121,0.8928847162039916
25612,LOF,0.06869087861746179,0.10275265333571923,0.8285564680468189
25613,LOF,0.06063822170690556,0.10054193978766628,0.8388198385054282
25614,LOF,0.02562942393824427,0.07788323549460541,0.8964873405671504
25615,LOF,0.06256479060323213,0.0659355392101667,0.8714996701866012
25616,LOF,0.06861756300807455,0.08600110029609091,0.8453813366958346
25617,LOF,0.05161851675093115,0.09043447737079423,0.8579470058782747
25618,LOF,0.06428382006137914,0.16153811620204228,0.7741780637365786
25619,LOF,0.01527840677245778,0.10543312250798266,0.8792884707195596
25620,LOF,0.05033520444470865,0.09375402751336341,0.855910768041928
25621,LOF,0.09163759702799643,0.07649845050664886,0.8318639524653546
25622,LOF,0.09767466731260174,0.0985338285002627,0.8037915041871356
25623,LOF,0.07861205293607221,0.09182644498697207,0.8295615020769557
25624,LOF,0.024074363928361958,0.08516370190557611,0.8907619341660619
25625,LOF,0.07913118512145001,0.10082873410070875,0.8200400807778412
25626,LOF,0.06575355417174106,0.09117302814913524,0.8430734176791237
25627,Neutral,0.8871282665899389,0.02084960056904294,0.09202213284101808
25628,LOF,0.2124105546979606,0.04931189173627541,0.738277553565764
25629,LOF,0.07175404950100502,0.06207915233163716,0.8661667981673579
25630,LOF,0.3359933553639051,0.06770592828896867,0.5963007163471261
25631,Neutral,0.5339152792826286,0.038791370463770125,0.4272933502536013
25632,LOF,0.03207320977736385,0.16586434471486972,0.8020624455077665
25633,LOF,0.20732272213459235,0.08175399177462332,0.7109232860907843
25634,LOF,0.04378643237246531,0.14640998519981735,0.8098035824277173
25635,LOF,0.03516366381796825,0.06933965186096236,0.8954966843210693
25636,GOF,0.03212841425038235,0.5709171136169771,0.3969544721326406
25637,GOF,0.03372203216864477,0.6003704503481619,0.3659075174831933
25638,GOF,0.019365153617210664,0.5226521164146813,0.45798272996810807
25639,LOF,0.027286430510206783,0.46560560337461393,0.5071079661151793
25640,Neutral,0.7955508707548025,0.1485883329574705,0.05586079628772714
25641,LOF,0.1278257391192593,0.2913815369575506,0.5807927239231901
25642,LOF,0.10626779831696487,0.15779897025038586,0.7359332314326493
25643,LOF,0.3472924184203943,0.07536447845670714,0.5773431031228985
25644,GOF,0.009036159435730133,0.6325682778762407,0.3583955626880292
25645,GOF,0.01195227562976667,0.5997849214817079,0.3882628028885254
25646,LOF,0.016543943583832807,0.39183438705791124,0.5916216693582559
25647,LOF,0.008963270724186507,0.3156935977316027,0.6753431315442108
25648,LOF,0.013345747045244197,0.36944120965750915,0.6172130432972466
25649,LOF,0.008435008750421358,0.27342407592830054,0.7181409153212781
25650,GOF,0.036204277550587374,0.5563798251119081,0.40741589733750466
25651,LOF,0.011053052895952011,0.38999308257911736,0.5989538645249306
25652,LOF,0.01020687646992937,0.4138428363239856,0.575950287206085
25653,GOF,0.038567764937781704,0.589162123990509,0.3722701110717093
25654,LOF,0.010713415260510577,0.2894986985422222,0.6997878861972673
25655,GOF,0.12258977931840365,0.6491228051908051,0.22828741549079115
25656,LOF,0.19801237466404684,0.07379824585036976,0.7281893794855834
25657,LOF,0.03020424623426705,0.08131479862172247,0.8884809551440105
25658,LOF,0.23352387992570725,0.1119759801436026,0.6545001399306902
25659,LOF,0.3602973840675377,0.14256960218637857,0.49713301374608376
25660,LOF,0.02320096695928559,0.1012427256052874,0.8755563074354271
25661,LOF,0.07338040186229051,0.06421514856370049,0.8624044495740091
25662,LOF,0.026929551225294484,0.04325427348632322,0.9298161752883823
25663,LOF,0.0307979706875373,0.040641321983458975,0.9285607073290038
25664,LOF,0.09434111906454073,0.06489866809400029,0.8407602128414591
25665,LOF,0.053535049913290826,0.033948902217699306,0.9125160478690099
25666,LOF,0.07080136897562893,0.052271551469527645,0.8769270795548434
25667,LOF,0.06162031527604894,0.048304734270653744,0.8900749504532972
25668,LOF,0.028667875788592416,0.06136017364808769,0.9099719505633199
25669,LOF,0.01993325314672137,0.0547457384627843,0.9253210083904944
25670,LOF,0.12901254972952317,0.050199239395492874,0.8207882108749839
25671,LOF,0.09226225887899946,0.0400718580099274,0.8676658831110731
25672,LOF,0.0461081605334312,0.058634208147766674,0.8952576313188021
25673,LOF,0.07993222361161408,0.045509891095838445,0.8745578852925474
25674,LOF,0.07544388185919532,0.06377960644629761,0.8607765116945071
25675,LOF,0.07249271935752091,0.0696795568785724,0.8578277237639067
25676,LOF,0.015875297970969027,0.06629818351826211,0.9178265185107689
25677,LOF,0.015451957462743918,0.08550220252997887,0.8990458400072773
25678,LOF,0.19249528195093757,0.0902858558756438,0.7172188621734186
25679,LOF,0.11317656571558683,0.10236211917570202,0.7844613151087112
25680,LOF,0.02161404950360067,0.13122587298770375,0.8471600775086955
25681,LOF,0.034773882691632875,0.11918229083387871,0.8460438264744884
25682,LOF,0.11124689598310901,0.07754637429898008,0.8112067297179109
25683,LOF,0.09367089135476916,0.08455607807270057,0.8217730305725304
25684,LOF,0.025472191759609665,0.06303155974366241,0.9114962484967278
25685,LOF,0.11027311269302083,0.11260597974379723,0.777120907563182
25686,LOF,0.07072754578969077,0.21334028733960658,0.7159321668707027
25687,LOF,0.10445469914275857,0.1835953085732911,0.7119499922839504
25688,LOF,0.44654427431173277,0.02045091546104873,0.5330048102272186
25689,LOF,0.27460572280207746,0.031828316383054334,0.6935659608148682
25690,LOF,0.3694246926558048,0.018938374674480275,0.611636932669715
25691,Neutral,0.7242923314491645,0.016661140440263837,0.2590465281105717
25692,LOF,0.36478002377138524,0.010451179998558335,0.6247687962300565
25693,GOF,0.03816002565274769,0.5128285990270733,0.4490113753201789
25694,LOF,0.10976021058609976,0.02559378257576261,0.8646460068381376
25695,LOF,0.10414132566459237,0.010155503543535671,0.885703170791872
25696,LOF,0.10606478328671332,0.015741281864646833,0.8781939348486398
25697,LOF,0.0450092301901388,0.09131017756157814,0.8636805922482831
25698,LOF,0.2475001208318073,0.20844208275742013,0.5440577964107725
25699,LOF,0.3818982317583087,0.0490484269079299,0.5690533413337614
25700,LOF,0.06262748985070847,0.01177757516226148,0.92559493498703
25701,LOF,0.18768162975091696,0.03735003824604504,0.774968332003038
25702,GOF,0.19815567475489965,0.5869262824573019,0.21491804278779844
25703,LOF,0.01794001021368089,0.16707928616572845,0.8149807036205907
25704,LOF,0.03342145216647125,0.13682139891367728,0.8297571489198515
25705,LOF,0.034063225264771235,0.09392804224651954,0.8720087324887092
25706,GOF,0.09772943869703002,0.4665107410385061,0.4357598202644638
25707,LOF,0.09647065377664929,0.38982987331665386,0.5136994729066968
25708,LOF,0.03333564131453131,0.38050900066930693,0.5861553580161617
25709,LOF,0.07249958164590549,0.04152086349824244,0.8859795548558521
25710,LOF,0.016279174690061345,0.17410706671364973,0.8096137585962889
25711,LOF,0.019277206969662064,0.0977233208066615,0.8829994722236765
25712,LOF,0.016357100112900348,0.2258310564825214,0.7578118434045784
25713,LOF,0.018136875017261748,0.07719186591647782,0.9046712590662604
25714,LOF,0.07345495577855927,0.06583934732808264,0.8607056968933581
25715,LOF,0.011768744747370457,0.11859585971896329,0.8696353955336662
25716,LOF,0.0127757772148831,0.11920022742473659,0.8680239953603803
25717,LOF,0.01865446641888709,0.07984069848742743,0.9015048350936855
25718,LOF,0.01141620092105782,0.055023259016867186,0.933560540062075
25719,LOF,0.02295030109747219,0.08141661481565635,0.8956330840868715
25720,LOF,0.028701963766863924,0.051396724333749706,0.9199013118993864
25721,LOF,0.011357235400837962,0.07842991324882179,0.9102128513503402
25722,LOF,0.012940491981636097,0.06548265971574045,0.9215768483026235
25723,LOF,0.023190641813357164,0.045953072275824396,0.9308562859108185
25724,LOF,0.03363530040063465,0.08762329174387579,0.8787414078554895
25725,LOF,0.01120516803713194,0.07604947575055719,0.9127453562123108
25726,LOF,0.01633674499363412,0.10360993256456882,0.880053322441797
25727,LOF,0.013527390376594516,0.06254624261276623,0.9239263670106392
25728,LOF,0.010898416763203307,0.08222852809795929,0.9068730551388374
25729,LOF,0.011051430608271287,0.08211212938764226,0.9068364400040864
25730,LOF,0.01426636416242295,0.08418452170898617,0.901549114128591
25731,LOF,0.018122354841933447,0.13293974085022958,0.848937904307837
25732,LOF,0.013841639473597706,0.051455644534859235,0.9347027159915431
25733,LOF,0.015405686884218749,0.06386474162726775,0.9207295714885135
25734,LOF,0.012596374080372274,0.13527488872147478,0.8521287371981531
25735,LOF,0.011140117197142606,0.06443152447188129,0.924428358330976
25736,LOF,0.012258366204352384,0.06799686568504174,0.9197447681106058
25737,LOF,0.013330323618841384,0.11297274656096724,0.8736969298201913
25738,LOF,0.012745036234636041,0.10885311091961943,0.8784018528457446
25739,LOF,0.019584755692819828,0.09197072093945405,0.8884445233677262
25740,LOF,0.030248855585646234,0.11583846833061123,0.8539126760837426
25741,LOF,0.01571580257727539,0.12194600169841475,0.8623381957243098
25742,LOF,0.11667687584894328,0.08598078989126673,0.79734233425979
25743,LOF,0.04292620729489443,0.04963828620199883,0.9074355065031068
25744,Neutral,0.6144269550059862,0.22036156537605905,0.16521147961795468
25745,LOF,0.06302866935032238,0.08147451086613462,0.855496819783543
25746,LOF,0.04411676891536492,0.11651624195502154,0.8393669891296136
25747,LOF,0.01831729323636317,0.11646912136910002,0.8652135853945367
25748,LOF,0.10358231455343983,0.177063151525605,0.7193545339209552
25749,LOF,0.02692816035984188,0.09972094922014589,0.8733508904200123
25750,LOF,0.06821563178511615,0.10989366535663544,0.8218907028582483
25751,LOF,0.1248533430269222,0.16106246866604002,0.7140841883070378
25752,GOF,0.12524592304515167,0.6485475229679253,0.22620655398692313
25753,LOF,0.0333838426508326,0.3746618355128615,0.5919543218363059
25754,GOF,0.019554603531701655,0.774531542503204,0.20591385396509437
25755,LOF,0.030345707122637938,0.3662005944124698,0.6034536984648922
25756,LOF,0.06412159318951115,0.4057730564294097,0.5301053503810792
25757,GOF,0.017177924350215614,0.8606875754521984,0.12213450019758597
25758,GOF,0.02414403440742112,0.7773942278449881,0.19846173774759057
25759,GOF,0.013336645534153544,0.6447253997928757,0.3419379546729707
25760,LOF,0.016628302194672945,0.43736598384099795,0.5460057139643292
25761,GOF,0.26503148514335323,0.6528134416391354,0.08215507321751149
25762,LOF,0.049763499620419635,0.3472442625693698,0.6029922378102105
25763,LOF,0.014844130325956145,0.28538900022719077,0.6997668694468531
25764,GOF,0.05427851938863645,0.7062495494879919,0.2394719311233716
25765,GOF,0.0315700232688608,0.7831201923234642,0.185309784407675
25766,GOF,0.08743242598152921,0.7297644705752501,0.18280310344322065
25767,LOF,0.18178143269860522,0.37583926779989674,0.44237929950149796
25768,LOF,0.1122739385962994,0.028690383779147604,0.859035677624553
25769,LOF,0.051098150429714356,0.08142436713685877,0.8674774824334269
25770,LOF,0.3624331601178595,0.1343794334579385,0.503187406424202
25771,LOF,0.06627478840645104,0.05594086476546878,0.8777843468280802
25772,LOF,0.018072430363072347,0.06323777788011233,0.9186897917568153
25773,LOF,0.0712299348717512,0.06686394576810223,0.8619061193601467
25774,LOF,0.02723521632320522,0.13723514191938152,0.8355296417574133
25775,LOF,0.0754083408409782,0.05371512563437352,0.8708765335246483
25776,LOF,0.07150946874389348,0.040299132551713995,0.8881913987043925
25777,Neutral,0.5265418555678469,0.09280818576444111,0.3806499586677119
25778,LOF,0.06342060027220633,0.05814387841546473,0.878435521312329
25779,GOF,0.4074272272843399,0.5488060244633937,0.043766748252266494
25780,GOF,0.3359103896583281,0.5831396610196979,0.08094994932197404
25781,GOF,0.12976574768340796,0.7647002378411246,0.10553401447546744
25782,GOF,0.18093789939665744,0.7241346733053424,0.09492742729800009
25783,GOF,0.024303807273482855,0.7169451566185683,0.2587510361079488
25784,Neutral,0.5297056810208514,0.4195716241826728,0.05072269479647591
25785,Neutral,0.511052600258437,0.42543376422209844,0.06351363551946443
25786,GOF,0.028358380672418124,0.7256820791297176,0.2459595401978644
25787,Neutral,0.6807046187959588,0.2823558659364474,0.0369395152675938
25788,LOF,0.06225084588326487,0.08542777786145246,0.8523213762552826
25789,GOF,0.22800219526534155,0.6446950461912259,0.12730275854343262
25790,GOF,0.255405366323197,0.6260946483377036,0.11849998533909938
25791,GOF,0.13611496658438146,0.6665493557355422,0.19733567768007645
25792,GOF,0.31883338435996994,0.5279335986577831,0.15323301698224698
25793,GOF,0.24969917238270156,0.4879223218119772,0.26237850580532124
25794,GOF,0.32850721542358324,0.45075894045716475,0.22073384411925207
25795,GOF,0.06970230954302653,0.6611418336435435,0.26915585681343
25796,Neutral,0.5029988077464577,0.41194827306061926,0.08505291919292296
25797,GOF,0.08540405953511447,0.524811341317778,0.3897845991471075
25798,GOF,0.011294770739390312,0.5338245915014322,0.4548806377591774
25799,LOF,0.009318837909543867,0.4852843866321889,0.5053967754582672
25800,GOF,0.04576340686435436,0.6507410908097717,0.303495502325874
25801,GOF,0.24833063297875566,0.64334573029823,0.10832363672301443
25802,GOF,0.07919642441811321,0.6419565132780548,0.27884706230383194
25803,GOF,0.05305592545475195,0.5654552516131085,0.38148882293213954
25804,GOF,0.0461950622987678,0.4986364588312559,0.4551684788699764
25805,GOF,0.10619344618511156,0.5568982785843792,0.33690827523050926
25806,GOF,0.1412389932418015,0.5701038573276968,0.2886571494305017
25807,GOF,0.021354824337696376,0.617600985644178,0.36104419001812565
25808,GOF,0.11412311253579287,0.5690452866019682,0.31683160086223905
25809,GOF,0.02254858303045104,0.5824767980970976,0.39497461887245133
25810,GOF,0.023325597826377525,0.5739169674781249,0.4027574346954975
25811,Neutral,0.5006533615426015,0.43024617151960887,0.06910046693778972
25812,GOF,0.038859178055773234,0.633132420027523,0.32800840191670366
25813,Neutral,0.5536948665682688,0.3206151052629012,0.12569002816883004
25814,GOF,0.12748843430369886,0.6277213048380546,0.2447902608582466
25815,GOF,0.24855757855282656,0.5733641132080569,0.1780783082391165
25816,GOF,0.020007819402899366,0.7030887068248128,0.27690347377228774
25817,GOF,0.17488922031485718,0.7016651001398256,0.12344567954531716
25818,GOF,0.037174905679954615,0.60848724287952,0.3543378514405253
25819,GOF,0.35617902682327335,0.48756482893917785,0.15625614423754877
25820,GOF,0.19339933187162991,0.5923494582561823,0.21425120987218768
25821,GOF,0.06622418260287281,0.6557995816016128,0.2779762357955144
25822,GOF,0.23199056272995705,0.5392019630269193,0.22880747424312373
25823,GOF,0.04122070424944906,0.5080763736794424,0.45070292207110846
25824,GOF,0.08393845052992281,0.5175661274759756,0.3984954219941015
25825,GOF,0.033783332983195004,0.5141102613677219,0.4521064056490831
25826,GOF,0.011319093581613978,0.5098862947831297,0.4787946116352563
25827,GOF,0.022150256376505098,0.5338048533072974,0.4440448903161975
25828,LOF,0.015408218523176373,0.4676348487022074,0.5169569327746162
25829,GOF,0.008545720330452682,0.5458837673446136,0.44557051232493367
25830,LOF,0.040901486755289526,0.2940696810355259,0.6650288322091846
25831,GOF,0.12334053502773051,0.7290853557372681,0.14757410923500133
25832,GOF,0.033941789227909705,0.6883881416644289,0.2776700691076615
25833,GOF,0.10840022739372693,0.6841551733356314,0.20744459927064177
25834,GOF,0.04134292441502099,0.6814164180355253,0.2772406575494536
25835,GOF,0.09793161144160026,0.6589292640232921,0.24313912453510766
25836,GOF,0.049923510744255,0.6823375987108699,0.26773889054487515
25837,GOF,0.025383995372747988,0.5451382228691004,0.42947778175815154
25838,GOF,0.09602046710790368,0.7135095276561116,0.19047000523598456
25839,GOF,0.2766513556213022,0.5202220187631281,0.20312662561556963
25840,GOF,0.2028681485996148,0.5841916966888812,0.21294015471150407
25841,GOF,0.2418737248505902,0.5579195688168817,0.20020670633252824
25842,GOF,0.1582254701351216,0.634155060185645,0.2076194696792333
25843,GOF,0.2231676711205264,0.6121661823704104,0.16466614650906308
25844,GOF,0.062203521898335175,0.679093157298414,0.2587033208032507
25845,GOF,0.015611963729943494,0.5417111998553028,0.44267683641475375
25846,GOF,0.09275915702834145,0.7165413278014872,0.19069951517017136
25847,GOF,0.11288315638290401,0.7080345024339145,0.17908234118318153
25848,GOF,0.04117756083452141,0.6625235114658661,0.29629892769961247
25849,GOF,0.012777862786820015,0.5617300605127432,0.42549207670043676
25850,GOF,0.025120850139804057,0.6528542532950844,0.3220248965651116
25851,GOF,0.020539189146913026,0.5505301442920556,0.4289306665610314
25852,GOF,0.12346028579414964,0.5808749204993778,0.2956647937064726
25853,GOF,0.331696586989944,0.5889146225178902,0.07938879049216585
25854,GOF,0.02146304030235681,0.7138873572496738,0.26464960244796937
25855,GOF,0.044362151984710795,0.6334620360459658,0.3221758119693233
25856,GOF,0.2361969950506003,0.5852596252481423,0.17854337970125733
25857,GOF,0.03886462952081035,0.5843257714889245,0.37680959899026517
25858,GOF,0.02062529093706643,0.6612957310681322,0.3180789779948012
25859,GOF,0.011348909529178709,0.6380957464942362,0.3505553439765851
25860,GOF,0.3082977784313852,0.5858985264711083,0.10580369509750655
25861,GOF,0.3209855354912076,0.5951987095766992,0.0838157549320933
25862,GOF,0.0652459393367155,0.7977141376631286,0.13703992300015594
25863,GOF,0.070840417090707,0.7969581335333629,0.13220144937593012
25864,GOF,0.13251661300013073,0.7693630374653962,0.09812034953447307
25865,GOF,0.0720929889069416,0.7881539220226983,0.13975308907036016
25866,GOF,0.059751976398408416,0.8261860392156308,0.11406198438596087
25867,GOF,0.07167743759212993,0.8157479576473818,0.11257460476048821
25868,GOF,0.21046561693172094,0.6631868803804656,0.12634750268781342
25869,Neutral,0.6549398582181905,0.29522093958316564,0.04983920219864399
25870,LOF,0.25166959964678554,0.28104317583939126,0.46728722451382315
25871,GOF,0.21043356039821698,0.6304535406028526,0.15911289899893025
25872,GOF,0.08556187724906143,0.6121207468101781,0.3023173759407603
25873,GOF,0.1532040337182324,0.5973645696070661,0.2494313966747015
25874,LOF,0.023848493504481552,0.09091100021520593,0.8852405062803125
25875,LOF,0.058405508439741,0.12529545040522916,0.8162990411550299
25876,LOF,0.023335940888245043,0.0846690046092407,0.8919950545025143
25877,Neutral,0.4505365749239328,0.13993313456251236,0.40953029051355483
25878,LOF,0.1807973009503351,0.21224674795580312,0.6069559510938618
25879,LOF,0.08176424591003038,0.2447730438937452,0.6734627101962244
25880,LOF,0.020885803112782205,0.033907595422510685,0.9452066014647071
25881,LOF,0.17650877108630575,0.23404385547079712,0.5894473734428971
25882,LOF,0.07175657096235254,0.027403696694162066,0.9008397323434855
25883,LOF,0.08296536507508676,0.056993878219532466,0.8600407567053808
25884,LOF,0.04254104846719334,0.05837595421240307,0.8990829973204035
25885,LOF,0.05747148199856865,0.031706702555844686,0.9108218154455867
25886,LOF,0.35886641653181206,0.13701716537023928,0.5041164180979487
25887,LOF,0.1748084002447993,0.2082689182787927,0.616922681476408
25888,LOF,0.07646151587182422,0.1316830872868784,0.7918553968412972
25889,LOF,0.03668498358948769,0.06666744169998845,0.8966475747105238
25890,LOF,0.06406033157118364,0.12498091468727761,0.8109587537415387
25891,LOF,0.06658916567771928,0.05531078902582493,0.8781000452964559
25892,LOF,0.09432920241247678,0.030201553531187936,0.8754692440563352
25893,LOF,0.319823276392232,0.019216100639521207,0.6609606229682468
25894,LOF,0.17736873645660328,0.009228315028355468,0.8134029485150412
25895,LOF,0.2334426613637061,0.02080629311957828,0.7457510455167157
25896,LOF,0.04747770354734128,0.02628919729891146,0.9262330991537472
25897,LOF,0.25757797727176074,0.02229575909278018,0.7201262636354591
25898,Neutral,0.7895510778487314,0.015196119606253151,0.1952528025450155
25899,LOF,0.2515057067060093,0.05037565897220001,0.6981186343217907
25900,Neutral,0.5914347114654814,0.01826431419376225,0.39030097434075633
25901,LOF,0.04686565568941056,0.013559767734787018,0.9395745765758025
25902,LOF,0.17620098457960523,0.01452483878348581,0.8092741766369089
25903,Neutral,0.6356259616806457,0.04159705691600075,0.32277698140335354
25904,LOF,0.26893990652878863,0.04821127846874133,0.68284881500247
25905,LOF,0.04102304280026024,0.31281816154158165,0.6461587956581581
25906,LOF,0.027082101217374904,0.059344808443507806,0.9135730903391174
25907,LOF,0.013053720844168866,0.3617218850604731,0.6252243940953581
25908,LOF,0.0135418651795731,0.23980105909474234,0.7466570757256845
25909,LOF,0.01668617810415201,0.12419484896340416,0.8591189729324439
25910,LOF,0.03256430573800156,0.2990667596351929,0.6683689346268056
25911,LOF,0.07973977557985032,0.06532403524118914,0.8549361891789604
25912,LOF,0.04360871599256673,0.10007158254753831,0.856319701459895
25913,LOF,0.24152632635568583,0.04090042986118114,0.7175732437831331
25914,LOF,0.019539410098929132,0.1086944884118938,0.8717661014891771
25915,GOF,0.3372582777000241,0.3542251426871798,0.30851657961279616
25916,GOF,0.025417291981401146,0.490749321790658,0.4838333862279408
25917,LOF,0.046097876542631866,0.05766198803448196,0.896240135422886
25918,LOF,0.024548658852197296,0.062460219765233416,0.9129911213825693
25919,LOF,0.02153053720175088,0.06482638257485082,0.9136430802233984
25920,GOF,0.11157666045747215,0.5533411174027524,0.33508222213977557
25921,LOF,0.037242419262660136,0.025130947590934212,0.9376266331464057
25922,LOF,0.04843434296660017,0.018721548243414234,0.9328441087899857
25923,LOF,0.41014710468715637,0.021157163010475995,0.5686957323023677
25924,LOF,0.04168386532912599,0.02354613915706757,0.9347699955138064
25925,LOF,0.07358515391331323,0.03520901464353759,0.8912058314431491
25926,LOF,0.052740022169738575,0.02050340300458482,0.9267565748256765
25927,LOF,0.08083408763735507,0.04587043881861072,0.8732954735440343
25928,LOF,0.025187678367995917,0.018320756361477696,0.9564915652705263
25929,Neutral,0.5478744530986528,0.02497982654483867,0.4271457203565086
25930,LOF,0.06762392440415647,0.016417035025231484,0.9159590405706121
25931,LOF,0.03388609528327973,0.01586054404032024,0.9502533606764001
25932,LOF,0.0297054335763662,0.015164988120961684,0.9551295783026721
25933,LOF,0.038899111641025476,0.010061082151758596,0.9510398062072158
25934,LOF,0.02759254657354637,0.0129980747908015,0.959409378635652
25935,LOF,0.07324364271276448,0.02812934632855204,0.8986270109586836
25936,LOF,0.04586649971559758,0.016105060187776642,0.9380284400966259
25937,LOF,0.03691065030525186,0.01905487089034096,0.9440344788044072
25938,LOF,0.07065101937843396,0.0348634319451023,0.8944855486764637
25939,LOF,0.041899993673268965,0.010119828511011779,0.9479801778157192
25940,LOF,0.023238661376763472,0.46466210354129095,0.5120992350819455
25941,LOF,0.13881768199275807,0.11661248014796935,0.7445698378592726
25942,LOF,0.013490145959898022,0.04420318068305225,0.9423066733570498
25943,LOF,0.32839211077004027,0.09868003069938248,0.5729278585305773
25944,Neutral,0.49224430034500755,0.05761263764769144,0.450143062007301
25945,LOF,0.07752983800585841,0.04291723219016919,0.8795529298039725
25946,LOF,0.03684403036173035,0.137920790941261,0.8252351786970086
25947,LOF,0.1535067135200765,0.20077467140819133,0.6457186150717322
25948,LOF,0.43444110442072253,0.017438034819855393,0.5481208607594221
25949,LOF,0.11897616587874994,0.0640383511720948,0.8169854829491552
25950,GOF,0.18220383906681872,0.4375780842370711,0.3802180766961102
25951,LOF,0.22801012729176645,0.16482795066769976,0.6071619220405338
25952,LOF,0.05176488069698606,0.4004641209522119,0.547770998350802
25953,LOF,0.13932165448454573,0.11659226094655448,0.7440860845688998
25954,LOF,0.33674164509253657,0.26387185265594004,0.3993865022515234
25955,LOF,0.0608857010002202,0.1075509665276099,0.83156333247217
25956,LOF,0.22699577320588618,0.05594061197098621,0.7170636148231276
25957,LOF,0.052293387522935025,0.01951717263397049,0.9281894398430944
25958,LOF,0.062329124160948775,0.02839266738362482,0.9092782084554265
25959,LOF,0.08321486263085631,0.3385541217931968,0.5782310155759468
25960,LOF,0.023418794627915573,0.05648431309861572,0.9200968922734687
25961,LOF,0.05008014273943646,0.037219898141792565,0.912699959118771
25962,LOF,0.06559254004576759,0.04502071451160555,0.8893867454426269
25963,LOF,0.07095328633486167,0.1719305468911668,0.7571161667739716
25964,LOF,0.03475499307469703,0.16827498387871553,0.7969700230465875
25965,Neutral,0.48437761738903434,0.07263240430476749,0.4429899783061983
25966,LOF,0.3509410746164321,0.27423457097806203,0.3748243544055059
25967,LOF,0.016925573387456407,0.08291088449029141,0.9001635421222521
25968,LOF,0.06065414342607555,0.45011973758637097,0.48922611898755336
25969,LOF,0.028935625379645183,0.059976280501804854,0.91108809411855
25970,LOF,0.0678277286329289,0.05849505016404638,0.8736772212030247
25971,LOF,0.08042995242416168,0.029426548923986114,0.8901434986518523
25972,LOF,0.07842864969799578,0.030757355609551732,0.8908139946924525
25973,LOF,0.07905199741774248,0.010653847854848611,0.9102941547274088
25974,LOF,0.272375512920135,0.025260759834380087,0.7023637272454849
25975,LOF,0.048231057894196995,0.0439157257018519,0.9078532164039511
25976,LOF,0.03367342390201437,0.02403883115441295,0.9422877449435728
25977,LOF,0.13249020287950547,0.156658880727201,0.7108509163932937
25978,LOF,0.14907179484758598,0.1033019462619237,0.7476262588904904
25979,LOF,0.1413480223177099,0.09263513104329361,0.7660168466389965
25980,LOF,0.17375513299952083,0.18194321697909943,0.6443016500213797
25981,LOF,0.20835964086294284,0.17237780486084903,0.6192625542762081
25982,LOF,0.39948466012790873,0.0985357152516606,0.5019796246204307
25983,LOF,0.39127438986191077,0.08626315982617885,0.5224624503119104
25984,LOF,0.04291401661794979,0.09589937540458528,0.8611866079774649
25985,LOF,0.022845530365555314,0.3245245457133643,0.6526299239210804
25986,LOF,0.026057750332317553,0.30317617674714187,0.6707660729205406
25987,LOF,0.08502593725576656,0.08175633895226939,0.833217723791964
25988,LOF,0.10463804373477326,0.07500114162664182,0.8203608146385849
25989,LOF,0.023060236651176312,0.1519000796373904,0.8250396837114332
25990,LOF,0.031612899319567025,0.13321658315507154,0.8351705175253614
25991,LOF,0.19670982362907535,0.28327645936822077,0.5200137170027038
25992,LOF,0.35260066893257114,0.18266580316389489,0.46473352790353406
25993,LOF,0.03019747738128053,0.05598913480307319,0.9138133878156462
25994,LOF,0.02057625126716354,0.07723087670325965,0.9021928720295768
25995,LOF,0.03404246744120386,0.09345827599445455,0.8724992565643417
25996,GOF,0.2649743936478685,0.40708411210609263,0.3279414942460389
25997,LOF,0.1043356260710041,0.39791560230453377,0.497748771624462
25998,Neutral,0.6422233552023955,0.043323437118245316,0.31445320767935914
25999,LOF,0.10711815538946146,0.10729543167841253,0.785586412932126
26000,LOF,0.08449086929696696,0.03096328663961696,0.884545844063416
26001,LOF,0.17951709004563973,0.04772549936666541,0.7727574105876949
26002,LOF,0.08978601147193532,0.04473351778396617,0.8654804707440985
26003,GOF,0.010115743517632444,0.5837702991603648,0.40611395732200267
26004,GOF,0.02354940134391302,0.5774232761597614,0.39902732249632566
26005,LOF,0.012089491605860833,0.4675999200357612,0.5203105883583781
26006,Neutral,0.5378649885322216,0.23184300434963795,0.23029200711814038
26007,GOF,0.019530602095999244,0.5451306345814896,0.43533876332251126
26008,LOF,0.019800694541769196,0.48268072985389415,0.49751857560433654
26009,GOF,0.03277113247419984,0.5822466224166154,0.3849822451091847
26010,GOF,0.022417938536511074,0.6544339117711128,0.32314814969237615
26011,LOF,0.010179703721406646,0.47344413406333336,0.51637616221526
26012,GOF,0.0179659099652916,0.5074590990305763,0.47457499100413214
26013,GOF,0.015341354004107507,0.6532231117316729,0.33143553426421973
26014,LOF,0.04365945169663886,0.16531983649304036,0.7910207118103209
26015,LOF,0.21726715046709097,0.01017332864048628,0.7725595208924226
26016,LOF,0.2694636022412776,0.04702338115454821,0.6835130166041742
26017,LOF,0.1704890482400241,0.07587649616908944,0.7536344555908865
26018,LOF,0.09813770218680057,0.0359516858269516,0.865910611986248
26019,LOF,0.09543188859761138,0.02176851519073655,0.882799596211652
26020,LOF,0.06760101463740617,0.08426995027113124,0.8481290350914625
26021,LOF,0.05901740752035895,0.09795127552094997,0.8430313169586912
26022,LOF,0.011182308378087214,0.0518607897249557,0.9369569018969571
26023,LOF,0.12148556939700275,0.02360111215794524,0.854913318445052
26024,LOF,0.031753791522358764,0.10299865044265923,0.865247558034982
26025,LOF,0.15788715050378085,0.04876431665549937,0.7933485328407197
26026,LOF,0.3248958462669656,0.011087656451377725,0.6640164972816567
26027,LOF,0.0939346831026938,0.014417496279619704,0.8916478206176865
26028,LOF,0.1859119065124611,0.10460973220387663,0.7094783612836623
26029,LOF,0.10383598829706937,0.15312931703319801,0.7430346946697327
26030,LOF,0.03126609393022117,0.03899599293188324,0.9297379131378956
26031,LOF,0.03579703451536338,0.11750154401324181,0.8467014214713948
26032,LOF,0.08383939931082693,0.028437854744132043,0.8877227459450411
26033,LOF,0.12430571424667224,0.03126300428815137,0.8444312814651764
26034,LOF,0.06094724773364982,0.11429136173403058,0.8247613905323196
26035,LOF,0.03679640934220126,0.09555109239720307,0.8676524982605957
26036,LOF,0.0508390713757476,0.11372297327035248,0.8354379553539
26037,LOF,0.02857042873248032,0.09580128078637526,0.8756282904811444
26038,LOF,0.08189006347070399,0.028005201962040985,0.890104734567255
26039,LOF,0.0787054933775113,0.1073278033621518,0.8139667032603368
26040,LOF,0.22584841918682486,0.06748429760435926,0.7066672832088159
26041,LOF,0.02873698977338299,0.0836040776112663,0.8876589326153507
26042,LOF,0.028906140842012516,0.08686791061159596,0.8842259485463916
26043,LOF,0.07910637875205201,0.033989742066848,0.8869038791811
26044,LOF,0.03257709127869834,0.0392026605856951,0.9282202481356066
26045,LOF,0.09466515864249109,0.07308531817882677,0.8322495231786821
26046,LOF,0.08450672653238682,0.035510180633867926,0.8799830928337452
26047,LOF,0.10842595350570437,0.04294347287694,0.8486305736173555
26048,LOF,0.05103995439739621,0.03552409340759851,0.9134359521950052
26049,Neutral,0.9462147171325161,0.006662153679174621,0.04712312918830913
26050,Neutral,0.9234805044601795,0.007236788288374052,0.06928270725144657
26051,GOF,0.03526419296642946,0.5470026003841969,0.41773320664937363
26052,GOF,0.03945213588871733,0.6353020319350977,0.3252458321761848
26053,LOF,0.04863894418055154,0.4054137303539848,0.5459473254654637
26054,LOF,0.05383920354457975,0.07948537137024164,0.8666754250851786
26055,LOF,0.08151532247814457,0.05882416626897812,0.8596605112528773
26056,LOF,0.06597913564839458,0.07235107354737795,0.8616697908042275
26057,LOF,0.029051001067057203,0.029043736665872663,0.94190526226707
26058,LOF,0.02878204526871667,0.025128361679689376,0.9460895930515939
26059,LOF,0.34825399781946065,0.08587461302816377,0.5658713891523757
26060,LOF,0.02785776602139727,0.33275703792110056,0.6393851960575021
26061,LOF,0.016946165132269427,0.05210744492251393,0.9309463899452166
26062,LOF,0.01292143619970004,0.05045647998381589,0.936622083816484
26063,LOF,0.02337424008336237,0.028162148662671874,0.9484636112539658
26064,LOF,0.02237470479967233,0.03696644947171653,0.9406588457286112
26065,LOF,0.026937062752830945,0.0315273365712563,0.9415356006759128
26066,LOF,0.021117937109926547,0.0346645037430182,0.9442175591470553
26067,LOF,0.02324662496847216,0.02336937241652048,0.9533840026150073
26068,LOF,0.05202950540131192,0.07335628455085272,0.8746142100478355
26069,LOF,0.41673591192731746,0.056551007688048695,0.5267130803846338
26070,Neutral,0.631007870970757,0.028157122272371646,0.3408350067568715
26071,LOF,0.02309703035299046,0.035233096523255576,0.9416698731237539
26072,LOF,0.023596894363559752,0.0671348417398219,0.9092682638966184
26073,LOF,0.025268201594541462,0.029685122682634346,0.9450466757228242
26074,Neutral,0.8783869790359407,0.011234167533477262,0.110378853430582
26075,LOF,0.03978535473801978,0.05080151975236767,0.9094131255096125
26076,LOF,0.04189014135501256,0.0208392306328345,0.937270628012153
26077,LOF,0.009760166343974903,0.05745273510612751,0.9327870985498976
26078,LOF,0.012856200478865919,0.03938068194995604,0.947763117571178
26079,LOF,0.05332504925085429,0.04595951091608354,0.9007154398330622
26080,LOF,0.05332504925085429,0.04595951091608354,0.9007154398330622
26081,LOF,0.032727654128636784,0.018461712516987635,0.9488106333543755
26082,LOF,0.01902402663077253,0.04448200821579212,0.9364939651534354
26083,LOF,0.13773182408463724,0.03187309271958457,0.8303950831957781
26084,LOF,0.026406094599672063,0.03571003060852637,0.9378838747918016
26085,LOF,0.0222709933336757,0.03263252632505194,0.9450964803412724
26086,LOF,0.0225014011603845,0.03522714403385533,0.9422714548057602
26087,LOF,0.024747438931930665,0.026585510051706875,0.9486670510163626
26088,LOF,0.023419148886026,0.06599381013822707,0.9105870409757469
26089,LOF,0.04660780239989426,0.061397950376290714,0.891994247223815
26090,LOF,0.04401917912963749,0.04944248092854645,0.9065383399418161
26091,LOF,0.037878652849138404,0.018604770118176902,0.9435165770326847
26092,LOF,0.028237831662388125,0.02499237374034854,0.9467697945972634
26093,LOF,0.03837662732640055,0.01675168354392645,0.944871689129673
26094,LOF,0.04396509705634112,0.015779691180972368,0.9402552117626864
26095,LOF,0.04084601088623422,0.04069698978922214,0.9184569993245437
26096,LOF,0.01667809878069362,0.041358285127873796,0.9419636160914325
26097,LOF,0.010764622936423654,0.13126479707675673,0.8579705799868197
26098,LOF,0.05789455977693215,0.048677478433156035,0.8934279617899118
26099,LOF,0.024136130432260584,0.04025526540773903,0.9356086041600004
26100,LOF,0.024959228151033838,0.0369976190914009,0.9380431527575652
26101,LOF,0.05576618581019526,0.036642333291670194,0.9075914808981346
26102,LOF,0.026521101269474396,0.031649880780501245,0.9418290179500243
26103,Neutral,0.8734643150506706,0.05401890958503875,0.07251677536429063
26104,LOF,0.051463975978407565,0.09127380784145343,0.857262216180139
26105,LOF,0.21614850752030818,0.24561313722058,0.5382383552591118
26106,LOF,0.13381599880044526,0.14003991848191455,0.7261440827176401
26107,LOF,0.24251983769190094,0.14562152891176133,0.6118586333963377
26108,LOF,0.1990435360866309,0.1730794646424995,0.6278769992708697
26109,LOF,0.05398704887792025,0.1821096574550789,0.7639032936670008
26110,LOF,0.32643006115932,0.017184723535087446,0.6563852153055927
26111,LOF,0.4476412717680428,0.031095780058488787,0.5212629481734685
26112,LOF,0.04084068400247711,0.019864802875770495,0.9392945131217524
26113,LOF,0.06290477853535398,0.047489672501272714,0.8896055489633733
26114,LOF,0.0184082321438698,0.03361160351516345,0.9479801643409668
26115,LOF,0.09163116697519298,0.05458760739317065,0.8537812256316363
26116,LOF,0.05082241420162186,0.07395274170947169,0.8752248440889063
26117,LOF,0.30651588421722115,0.09073726533474938,0.6027468504480294
26118,LOF,0.0368722686692404,0.050690618402896015,0.9124371129278634
26119,LOF,0.021147234815921193,0.06708332571259386,0.9117694394714849
26120,LOF,0.029110514656498974,0.04281552620187313,0.928073959141628
26121,LOF,0.0481743594753628,0.11120522044053438,0.8406204200841028
26122,LOF,0.05671194370756122,0.05502279508754874,0.88826526120489
26123,LOF,0.03280966928596869,0.12858018881053623,0.8386101419034951
