feature0,prediction,LoGoFunc_Neutral,LoGoFunc_GOF,LoGoFunc_LOF
25546,Neutral,0.6177616095933176,0.06139455544377885,0.32084383496290353
25547,Neutral,0.472502776138771,0.10297728855240859,0.4245199353088204
25548,Neutral,0.4844989891379698,0.08683964563784008,0.4286613652241902
25549,LOF,0.42564334426652517,0.08399555338059075,0.490361102352884
25550,LOF,0.34032753160787127,0.11496141085658917,0.5447110575355396
25551,LOF,0.29436687785342364,0.12456567677340279,0.5810674453731735
25552,LOF,0.2649523494602093,0.12104699027868218,0.6140006602611086
25553,Neutral,0.8004521206178787,0.04268060790339994,0.1568672714787214
25554,LOF,0.2896283646274154,0.11233875387242255,0.598032881500162
25555,LOF,0.24742636894476513,0.10715176045604753,0.6454218705991873
25556,LOF,0.4352089916762612,0.09779209610676272,0.46699891221697604
25557,LOF,0.23739139124025535,0.11120192723697049,0.6514066815227743
25558,LOF,0.29076534895120026,0.10747514458070742,0.6017595064680924
25559,LOF,0.262776890229385,0.14381416976760752,0.5934089400030075
25560,LOF,0.18011936653533597,0.10224438452559668,0.7176362489390674
25561,LOF,0.1572059913586563,0.12077040725726743,0.7220236013840763
25562,LOF,0.06799966650946546,0.0842648393868611,0.8477354941036734
25563,LOF,0.023707209948948475,0.14577410176754518,0.8305186882835064
25564,LOF,0.20977459542770968,0.11961041808742601,0.6706149864848642
25565,LOF,0.21476767534359545,0.15354506557817812,0.6316872590782264
25566,GOF,0.08825909829310426,0.7062169979052855,0.20552390380161029
25567,LOF,0.04018481329316125,0.15603794205049892,0.8037772446563398
25568,LOF,0.06606109916109397,0.07346246895869564,0.8604764318802105
25569,LOF,0.0646604809711096,0.07607301665266868,0.8592665023762217
25570,LOF,0.03047961228457247,0.1012834749664308,0.8682369127489967
25571,LOF,0.029005792003110285,0.10473143271755819,0.8662627752793316
25572,LOF,0.06318025025865688,0.12550322663195468,0.8113165231093884
25573,LOF,0.06662184639781074,0.09167358057922073,0.8417045730229686
25574,LOF,0.06754744262698095,0.20602420498849427,0.7264283523845247
25575,LOF,0.02528230744945887,0.11559288837327489,0.8591248041772662
25576,LOF,0.03296665227434544,0.15579053574892493,0.8112428119767296
25577,LOF,0.03481114698260921,0.12385625291651554,0.8413326001008752
25578,LOF,0.30963050986857826,0.08085400958622792,0.6095154805451938
25579,LOF,0.1460718895417178,0.08577069922191394,0.7681574112363683
25580,LOF,0.02216485844050938,0.08113552195873064,0.8966996196007601
25581,LOF,0.05914775395774756,0.06872513169206637,0.872127114350186
25582,LOF,0.05897906590547228,0.0669280752060484,0.8740928588884793
25583,LOF,0.024662041095652315,0.07944950687169064,0.8958884520326571
25584,Neutral,0.6997197750229698,0.10775880117345715,0.1925214238035732
25585,LOF,0.03019674621756737,0.14530152178673314,0.8245017319956995
25586,LOF,0.02069142055203789,0.07199584398842068,0.9073127354595414
25587,LOF,0.019247840822684683,0.062375077483793805,0.9183770816935215
25588,LOF,0.021981988901073217,0.06805962830144455,0.9099583827974823
25589,Neutral,0.5127292500577333,0.20851950735487937,0.27875124258738737
25590,LOF,0.052535138478361644,0.12318785454464465,0.8242770069769938
25591,LOF,0.0997199601968585,0.05805712001308692,0.8422229197900546
25592,LOF,0.06117493176366186,0.13553127793014014,0.8032937903061981
25593,LOF,0.14167282335694623,0.26802572787451795,0.5903014487685357
25594,LOF,0.052793696496018304,0.10206742821406986,0.8451388752899118
25595,LOF,0.051019460432473795,0.0702742046366584,0.8787063349308678
25596,LOF,0.10160722176863372,0.040471218456719166,0.857921559774647
25597,LOF,0.07914047562954174,0.051504117105886885,0.8693554072645714
25598,LOF,0.05586086154053523,0.07185273887608189,0.8722863995833828
25599,GOF,0.019908148556404683,0.4938548905043382,0.486236960939257
25600,GOF,0.17330952954072937,0.504680714895399,0.3220097555638715
25601,LOF,0.04235597512453001,0.4112984804340407,0.5463455444414292
25602,LOF,0.0337483558905487,0.06700113173829328,0.899250512371158
25603,LOF,0.03294730754451138,0.03423488213500493,0.9328178103204837
25604,LOF,0.037379022620874766,0.07861785183402141,0.8840031255451039
25605,LOF,0.03542732319351847,0.20564388186979804,0.7589287949366834
25606,LOF,0.42194332433694887,0.1304343743938716,0.4476223012691794
25607,LOF,0.025292436721457878,0.18781600636154455,0.7868915569169975
25608,LOF,0.035916770455017406,0.07502293676882878,0.8890602927761537
25609,GOF,0.1548193987443362,0.5057071421637621,0.3394734590919016
25610,LOF,0.01686465070553686,0.031734761436628615,0.9514005878578345
25611,LOF,0.01442119987508711,0.03611573161833395,0.9494630685065789
25612,LOF,0.0481671487450133,0.04900103350131403,0.9028318177536726
25613,LOF,0.044849462696624445,0.048022160161059806,0.9071283771423159
25614,LOF,0.024240479392643944,0.0288849487638157,0.9468745718435404
25615,LOF,0.040641929654827595,0.04689656635832517,0.9124615039868472
25616,LOF,0.053201556598597,0.03268308620710914,0.9141153571942939
25617,LOF,0.04561309022126705,0.043158236340866435,0.9112286734378665
25618,LOF,0.04965873486935318,0.04002447234444175,0.910316792786205
25619,LOF,0.014047548701778656,0.03732405030863807,0.9486284009895832
25620,LOF,0.06453304135619299,0.04898443846884859,0.8864825201749584
25621,LOF,0.05311606164083666,0.03967667970930771,0.9072072586498556
25622,LOF,0.06360838384981045,0.03807520999237849,0.8983164061578112
25623,LOF,0.06972330330373422,0.030347073558768242,0.8999296231374975
25624,LOF,0.019594711057674002,0.038236542904809885,0.9421687460375162
25625,LOF,0.05891353456731899,0.04462188244093266,0.8964645829917482
25626,LOF,0.04644677141229807,0.046434128716050405,0.9071190998716515
25627,Neutral,0.8990130334030415,0.01923434891329078,0.0817526176836678
25628,LOF,0.16205611620228022,0.05694868870938561,0.7809951950883341
25629,LOF,0.06939264821550503,0.04838627069046786,0.8822210810940271
25630,LOF,0.2836552352768144,0.07250469120314172,0.6438400735200439
25631,Neutral,0.5616419789636654,0.059916498188894704,0.3784415228474398
25632,LOF,0.027191736749131192,0.060475034542433734,0.9123332287084351
25633,LOF,0.19724362724202216,0.034818814107526457,0.7679375586504513
25634,LOF,0.03514041184444768,0.0751183662621634,0.8897412218933889
25635,LOF,0.040654485316783784,0.04158069098259529,0.917764823700621
25636,LOF,0.03505161826768025,0.47384632213837663,0.49110205959394326
25637,GOF,0.07584015893899429,0.5214056047013805,0.40275423635962515
25638,LOF,0.026596365499351297,0.38048247700818916,0.5929211574924594
25639,LOF,0.03164998140643641,0.39486838670914065,0.5734816318844229
25640,Neutral,0.7686543261672265,0.18751305479300415,0.04383261903976928
25641,GOF,0.06475539931450594,0.4737759487831324,0.4614686519023616
25642,LOF,0.04361150896825242,0.16173187558938307,0.7946566154423645
25643,LOF,0.20705718620042918,0.1577075921755255,0.6352352216240454
25644,LOF,0.022518544987427263,0.42661310580088235,0.5508683492116904
25645,LOF,0.026401528946387743,0.38784486598799844,0.5857536050656139
25646,LOF,0.05431427987822121,0.32768209422240885,0.6180036258993699
25647,LOF,0.02523540174488037,0.25463922187030424,0.7201253763848153
25648,LOF,0.0377208626475302,0.23558337091528325,0.7266957664371865
25649,LOF,0.017696707568497193,0.22201030675326922,0.7602929856782336
25650,LOF,0.053592514407342105,0.38059707708649393,0.5658104085061639
25651,LOF,0.017965332699412986,0.2614328086163591,0.7206018586842279
25652,LOF,0.03819109999185892,0.2528851918102307,0.7089237081979103
25653,LOF,0.0972473242107219,0.38247047385825245,0.5202822019310256
25654,LOF,0.029605440279754775,0.22040384939490695,0.7499907103253382
25655,LOF,0.22540695109284228,0.3520674692241465,0.4225255796830112
25656,LOF,0.33719603229506184,0.05464657364483028,0.6081573940601079
25657,LOF,0.06918889474156951,0.054457434378634706,0.8763536708797959
25658,LOF,0.3443280346062552,0.051593472456299416,0.6040784929374454
25659,Neutral,0.49885729432434656,0.07422430481037855,0.42691840086527494
25660,LOF,0.02301926618328932,0.08534150383720099,0.8916392299795096
25661,LOF,0.1077210628521286,0.05878306552609974,0.8334958716217716
25662,LOF,0.03701533203529137,0.033924373381521745,0.929060294583187
25663,LOF,0.050166267125307806,0.04868848858833611,0.9011452442863561
25664,LOF,0.14250989232760833,0.06152852431154961,0.7959615833608421
25665,LOF,0.05450982703421994,0.030257158590149144,0.915233014375631
25666,LOF,0.0928283589029262,0.07254352630010477,0.834628114796969
25667,LOF,0.08104644810411775,0.039802464857134574,0.8791510870387477
25668,LOF,0.04254173041519261,0.049571303085633525,0.9078869664991739
25669,LOF,0.034873413355927946,0.05187415802491354,0.9132524286191585
25670,LOF,0.14886213165200363,0.05749558741316853,0.7936422809348278
25671,LOF,0.12084269109715032,0.03585187993436533,0.8433054289684845
25672,LOF,0.054660075288960705,0.03895067737302778,0.9063892473380115
25673,LOF,0.0777373717657397,0.04663036079060668,0.8756322674436536
25674,LOF,0.06737802801184603,0.05497416454192727,0.8776478074462266
25675,LOF,0.11418404843573857,0.0571155609153978,0.8287003906488636
25676,LOF,0.019878190658843334,0.05123400493589052,0.9288878044052662
25677,LOF,0.028012063373404564,0.06929249199835276,0.9026954446282427
25678,LOF,0.20833437122567386,0.062026635666303655,0.7296389931080225
25679,LOF,0.1213616310859098,0.08020142495623109,0.798436943957859
25680,LOF,0.038438248024209476,0.11714463427664207,0.8444171176991484
25681,LOF,0.05849668575206877,0.10843288802552585,0.8330704262224053
25682,LOF,0.1663389560473522,0.08215728643389082,0.7515037575187571
25683,LOF,0.1217282336602723,0.08938457789973839,0.7888871884399893
25684,LOF,0.04833157479011181,0.07614896828447483,0.8755194569254133
25685,LOF,0.13153682437358685,0.05220346127506232,0.8162597143513509
25686,LOF,0.07996647588163035,0.07477984900236943,0.8452536751160002
25687,LOF,0.12020498732616895,0.0822415582414697,0.7975534544323614
25688,LOF,0.3259497634568137,0.035365974068219,0.6386842624749672
25689,LOF,0.257991460045421,0.039203862384727846,0.7028046775698511
25690,LOF,0.3319497154358867,0.02679047344154786,0.6412598111225655
25691,Neutral,0.7023537958262075,0.022837319493393488,0.2748088846803992
25692,LOF,0.3644879161333982,0.010197025436034353,0.6253150584305674
25693,LOF,0.04817490825655124,0.39528408757296835,0.5565410041704805
25694,LOF,0.10982134958976976,0.019744182578117535,0.8704344678321126
25695,LOF,0.1070820019019807,0.019289247054446304,0.8736287510435731
25696,LOF,0.12644172018208816,0.010581006469766929,0.8629772733481449
25697,LOF,0.0838512938040861,0.03525596697084341,0.8808927392250706
25698,LOF,0.3162533238563823,0.1787535046143623,0.5049931715292554
25699,LOF,0.44890771428203646,0.04048295822555216,0.5106093274924114
25700,LOF,0.07582739268067921,0.00869167199599701,0.9154809353233238
25701,LOF,0.151321608384739,0.048419660657531186,0.8002587309577298
25702,GOF,0.18221577789331933,0.5827762144863837,0.23500800762029697
25703,LOF,0.015261777532784734,0.13854327862233268,0.8461949438448826
25704,LOF,0.042329026605137196,0.1006350602947128,0.85703591310015
25705,LOF,0.052715328266856126,0.17088077354941208,0.7764038981837318
25706,LOF,0.09490784038350758,0.4397341021125654,0.4653580575039271
25707,LOF,0.08843126251889594,0.38585166580866553,0.5257170716724385
25708,LOF,0.029173418094074064,0.3324296525996456,0.6383969293062804
25709,LOF,0.06846016481433902,0.04894800105355334,0.8825918341321076
25710,LOF,0.01168133836138606,0.15278626865998052,0.8355323929786335
25711,LOF,0.018961976558905146,0.10947382853488109,0.8715641949062137
25712,LOF,0.01363875529093954,0.19679699603438297,0.7895642486746774
25713,LOF,0.018581135464322506,0.095867589274145,0.8855512752615325
25714,LOF,0.08093025626157803,0.0950159518919255,0.8240537918464965
25715,LOF,0.01142915139069348,0.15676834409805765,0.8318025045112488
25716,LOF,0.013547327830681414,0.11478299727536437,0.8716696748939543
25717,LOF,0.012439073417328961,0.08090519893731288,0.9066557276453583
25718,LOF,0.012580171650878788,0.10533870396041169,0.8820811243887096
25719,LOF,0.018473305124858334,0.08683319642493273,0.894693498450209
25720,LOF,0.023410561034444458,0.07429085468807418,0.9022985842774813
25721,LOF,0.015999613245927597,0.12296662782490964,0.8610337589291628
25722,LOF,0.014847123974719729,0.13580534844392733,0.849347527581353
25723,LOF,0.023119032283585906,0.04854685401226104,0.928334113704153
25724,LOF,0.03247220064970942,0.09594231459695733,0.8715854847533333
25725,LOF,0.012215395166315349,0.07371728736490361,0.914067317468781
25726,LOF,0.015863155396809627,0.11006786825356141,0.874068976349629
25727,LOF,0.013076546039563219,0.0836175187618591,0.9033059351985777
25728,LOF,0.00992734848480345,0.1281079457608632,0.8619647057543333
25729,LOF,0.010337410305435162,0.12273403529010045,0.8669285544044645
25730,LOF,0.014261823879453033,0.09153569759114227,0.8942024785294048
25731,LOF,0.020846131099976028,0.11513589879739418,0.8640179701026297
25732,LOF,0.015053696859246155,0.09045204002063172,0.894494263120122
25733,LOF,0.015869367156111088,0.08071505928416613,0.9034155735597227
25734,LOF,0.012732273973306752,0.12636603944212493,0.8609016865845683
25735,LOF,0.013904215184880293,0.09864656972107885,0.8874492150940408
25736,LOF,0.015220784932573898,0.11661655167200825,0.8681626633954178
25737,LOF,0.012176544499983954,0.08618770924144113,0.901635746258575
25738,LOF,0.012452675527432558,0.12024048853169726,0.8673068359408702
25739,LOF,0.020872951818041056,0.0915673447672648,0.8875597034146941
25740,LOF,0.025154829208273357,0.12419672481687254,0.8506484459748541
25741,LOF,0.014811106865766956,0.1282143527425834,0.8569745403916496
25742,LOF,0.12104199856426144,0.09864315873284465,0.780314842702894
25743,LOF,0.03377891298485985,0.04153110170261334,0.9246899853125268
25744,Neutral,0.5653058267873073,0.20566024873826988,0.22903392447442278
25745,LOF,0.06920369521678217,0.07694705246117527,0.8538492523220426
25746,LOF,0.03846963343957053,0.08944047426254013,0.8720898922978892
25747,LOF,0.02132315962490175,0.05294425599217353,0.9257325843829247
25748,LOF,0.09395026885130452,0.0767986548204849,0.8292510763282105
25749,LOF,0.023643524461133675,0.0867498351565547,0.8896066403823116
25750,LOF,0.07567777187704841,0.08530506219918804,0.8390171659237636
25751,LOF,0.09266557672742651,0.08693056122884034,0.8204038620437331
25752,GOF,0.12231115863621043,0.6312301046422022,0.24645873672158744
25753,LOF,0.02085897345504216,0.2685389572298565,0.7106020693151014
25754,GOF,0.01250174253343393,0.7967134385733148,0.1907848188932513
25755,LOF,0.02449356497474953,0.3795047275151401,0.5960017075101104
25756,LOF,0.042020519352388264,0.34936504248238864,0.608614438165223
25757,GOF,0.013827894872930084,0.8371294681096875,0.14904263701738232
25758,GOF,0.03333617782060329,0.805769899432409,0.16089392274698772
25759,GOF,0.011317660413503973,0.5649426662058696,0.42373967338062635
25760,LOF,0.012094653255242336,0.2586791728456644,0.7292261738990933
25761,GOF,0.26977672181538015,0.639414802364518,0.09080847582010185
25762,LOF,0.037023991932918096,0.2579987172791586,0.7049772907879234
25763,LOF,0.013494335300603613,0.19309477086257698,0.7934108938368195
25764,GOF,0.08722637892141938,0.6060407409139185,0.3067328801646621
25765,GOF,0.04392237112211819,0.7247159426784845,0.2313616861993973
25766,GOF,0.0751790645204884,0.7253354258324352,0.1994855096470764
25767,GOF,0.18529997214342817,0.5433312668747275,0.27136876098184426
25768,LOF,0.11442034398256522,0.06679627070273439,0.8187833853147004
25769,LOF,0.062005589143920764,0.06038398107818684,0.8776104297778924
25770,LOF,0.3322143231173538,0.08964286417387161,0.5781428127087745
25771,LOF,0.038790572121797665,0.04329861654818676,0.9179108113300156
25772,LOF,0.019330703392333264,0.03839641095681882,0.9422728856508479
25773,LOF,0.04761497583680867,0.09423714775277352,0.8581478764104178
25774,LOF,0.029038996400790745,0.07053216710597617,0.9004288364932332
25775,LOF,0.04791864258602328,0.04429273283578521,0.9077886245781914
25776,LOF,0.0860690298587738,0.023820286913949922,0.8901106832272763
25777,LOF,0.3533445953023211,0.05232792993216127,0.5943274747655176
25778,LOF,0.07604428150255399,0.04552061870357104,0.8784350997938749
25779,GOF,0.3626316630596444,0.5897623136457738,0.04760602329458174
25780,GOF,0.3036450128350156,0.6322368311835824,0.06411815598140197
25781,GOF,0.1537565175847979,0.7446606138222497,0.10158286859295237
25782,GOF,0.22564723811746792,0.6971344566304893,0.07721830525204271
25783,GOF,0.02264690176461458,0.6428601513666109,0.33449294686877457
25784,Neutral,0.5147619804046321,0.44076048905108095,0.04447753054428693
25785,GOF,0.4509491900170637,0.5074767550473842,0.04157405493555208
25786,GOF,0.024848944038873548,0.7461393029724882,0.22901175298863824
25787,Neutral,0.6147666597091588,0.3609640078584426,0.024269332432398663
25788,LOF,0.06131492767678531,0.11477282309122626,0.8239122492319884
25789,GOF,0.24447289269343092,0.6235796834367577,0.1319474238698113
25790,GOF,0.23905520684953943,0.6653149189039588,0.09562987424650177
25791,GOF,0.1698806599932347,0.6791750142356024,0.1509443257711628
25792,GOF,0.37120270721961574,0.5116052752458286,0.11719201753455565
25793,GOF,0.22299356549224306,0.5527388547017904,0.22426757980596657
25794,GOF,0.2718100836483853,0.5494529819257659,0.1787369344258487
25795,GOF,0.08108515414600768,0.6671610588008059,0.25175378705318646
25796,Neutral,0.5406217849739303,0.37854500217538384,0.08083321285068576
25797,GOF,0.08179180470061544,0.5430732927217796,0.37513490257760485
25798,LOF,0.008978342098607284,0.4904551588920087,0.5005664990093841
25799,LOF,0.0072131699429226325,0.3877857457487195,0.6050010843083578
25800,GOF,0.0333845739847796,0.5667241677751077,0.39989125824011273
25801,GOF,0.2169654416204774,0.6274827001745447,0.1555518582049778
25802,GOF,0.0738155109035001,0.671832488398554,0.2543520006979458
25803,GOF,0.0339821077636846,0.5655412029288602,0.4004766893074553
25804,GOF,0.03177619370886374,0.4953365617857788,0.47288724450535746
25805,GOF,0.10190401298098116,0.5988362464814171,0.2992597405376018
25806,GOF,0.09406773121387113,0.5837034897465444,0.3222287790395844
25807,GOF,0.018410402641803478,0.6189585653974862,0.3626310319607104
25808,GOF,0.08132967470722442,0.6299291878273363,0.2887411374654392
25809,GOF,0.019491051560215505,0.5935773620529078,0.38693158638687675
25810,GOF,0.017018389711526635,0.6217202921062532,0.36126131818222007
25811,GOF,0.4552076983367503,0.46401338624631655,0.08077891541693315
25812,GOF,0.030066576179080193,0.6294968703758523,0.34043655344506746
25813,Neutral,0.4919778983301939,0.4128475453056909,0.09517455636411523
25814,GOF,0.12482000974916321,0.6586140926159627,0.21656589763487402
25815,GOF,0.1794000734145498,0.6220950546211187,0.19850487196433145
25816,GOF,0.020107408442430422,0.6928084321319027,0.28708415942566684
25817,GOF,0.22130990454246882,0.6612268705622643,0.117463224895267
25818,GOF,0.04602077034092588,0.6174706333660469,0.33650859629302715
25819,GOF,0.3359690874973171,0.5243564601746897,0.13967445232799325
25820,GOF,0.17447088634365285,0.6094908868907558,0.21603822676559134
25821,GOF,0.0540854800365872,0.6597773834309874,0.2861371365324254
25822,GOF,0.18917356114182457,0.5798701219902308,0.23095631686794468
25823,GOF,0.03433431605563983,0.5054173036525005,0.46024838029185966
25824,GOF,0.07710400341205441,0.5637334996746711,0.35916249691327445
25825,GOF,0.034611773696060395,0.5566587189377435,0.408729507366196
25826,GOF,0.013877371959918209,0.5407120937284945,0.4454105343115873
25827,GOF,0.024016297414984792,0.5944939760279281,0.3814897265570871
25828,GOF,0.012142046321533944,0.5213390208500367,0.4665189328284294
25829,GOF,0.005475548780739306,0.5614349056823381,0.4330895455369225
25830,LOF,0.03322384915856125,0.31601357144269876,0.6507625793987399
25831,GOF,0.22424925830295428,0.6313403471346983,0.1444103945623473
25832,GOF,0.0314602736837752,0.6553965767148117,0.3131431496014131
25833,GOF,0.10694046906888872,0.6933819376294422,0.19967759330166907
25834,GOF,0.032711421105516406,0.6647444411976484,0.3025441376968353
25835,GOF,0.07122235391749858,0.726597332992714,0.20218031308978726
25836,GOF,0.036439015780708954,0.6600805447348149,0.30348043948447595
25837,GOF,0.028440957789574037,0.5896473453748016,0.3819116968356244
25838,GOF,0.08624118706532027,0.7677363272422479,0.14602248569243173
25839,GOF,0.31744999429993437,0.5422687296034416,0.14028127609662397
25840,GOF,0.24390634602778297,0.6186259814827431,0.13746767248947397
25841,GOF,0.23140517031893132,0.6317906896995099,0.1368041399815588
25842,GOF,0.1759938403352299,0.6856600845031933,0.1383460751615767
25843,GOF,0.24864770747034576,0.6523273979238721,0.09902489460578219
25844,GOF,0.06134741433616018,0.6928292618520477,0.24582332381179212
25845,LOF,0.01619634265419204,0.4794756684068425,0.5043279889389655
25846,GOF,0.1299691477881507,0.7106846053529586,0.15934624685889076
25847,GOF,0.11608342901667798,0.7718785903959474,0.11203798058737449
25848,GOF,0.037839522990576566,0.6745316433602615,0.28762883364916186
25849,GOF,0.011420991202045119,0.5765126578630062,0.41206635093494864
25850,GOF,0.018925231876990054,0.6451538383248284,0.3359209297981815
25851,GOF,0.01645133149904216,0.5451953504963524,0.4383533180046055
25852,GOF,0.168790602651505,0.5715328492304583,0.25967654811803675
25853,GOF,0.3641067108614598,0.5668747799813982,0.06901850915714196
25854,GOF,0.021103793505482273,0.6068527435259798,0.37204346296853796
25855,GOF,0.03496478921091637,0.5684409069842977,0.39659430380478594
25856,GOF,0.21368802973621626,0.5700498252447499,0.21626214501903385
25857,GOF,0.03423476654844605,0.5054463646048178,0.460318868846736
25858,GOF,0.018704283080983933,0.5298064128935634,0.4514893040254525
25859,GOF,0.009753435184439265,0.5122690966492967,0.477977468166264
25860,GOF,0.3339767783603693,0.5906246761205612,0.07539854551906944
25861,GOF,0.4052492387067721,0.5109192535186131,0.08383150777461473
25862,GOF,0.0939965990741705,0.7695762478181147,0.13642715310771467
25863,GOF,0.08525104609754686,0.7713931175218944,0.14335583638055877
25864,GOF,0.21554858663701965,0.7110220386431346,0.07342937471984584
25865,GOF,0.08913493405464598,0.7817702386911954,0.12909482725415855
25866,GOF,0.06028816378649461,0.7956276716534818,0.14408416456002363
25867,GOF,0.08116225263083666,0.8131879673912095,0.10564977997795397
25868,GOF,0.2238981368255986,0.6690907630173188,0.10701110015708257
25869,Neutral,0.6822989769419282,0.2816467770995396,0.03605424595853231
25870,GOF,0.28030808920086,0.37862058460768544,0.34107132619145447
25871,GOF,0.25380280963561175,0.6007541670120576,0.14544302335233056
25872,GOF,0.0839340483234617,0.6396240332010704,0.27644191847546784
25873,GOF,0.12888773977629034,0.6873880754505906,0.18372418477311916
25874,LOF,0.017482257865159858,0.12344669453507087,0.8590710475997693
25875,LOF,0.09693612290048953,0.02865925218847851,0.8744046249110319
25876,LOF,0.03291255785542191,0.02716188235735544,0.9399255597872227
25877,Neutral,0.48395592275775096,0.03786588038070737,0.4781781968615417
25878,LOF,0.2330664305846089,0.06597754209396618,0.7009560273214249
25879,LOF,0.09680543926242598,0.060790993360600926,0.842403567376973
25880,LOF,0.02288056919211321,0.013628018159197482,0.9634914126486893
25881,LOF,0.16690772382791763,0.10976045610818497,0.7233318200638975
25882,LOF,0.06909936330822722,0.016974138822659177,0.9139264978691135
25883,LOF,0.08713907955807676,0.020104364760970623,0.8927565556809527
25884,LOF,0.033938907450866,0.02842483014015709,0.937636262408977
25885,LOF,0.06211285221893776,0.01190523990402618,0.925981907877036
25886,LOF,0.27698110553154537,0.03693064722484693,0.6860882472436077
25887,LOF,0.14211183404234398,0.06362290522622224,0.7942652607314337
25888,LOF,0.07304584838703933,0.060491231931914906,0.8664629196810458
25889,LOF,0.04298393069538607,0.020213866276365157,0.9368022030282487
25890,LOF,0.048970545284472734,0.15340388847126188,0.7976255662442654
25891,LOF,0.036588886016675745,0.06147654460517133,0.9019345693781529
25892,LOF,0.08956049834715542,0.019750226494844182,0.8906892751580004
25893,LOF,0.22983212220579366,0.018270575844262574,0.7518973019499438
25894,LOF,0.18216335641519307,0.009713335977196222,0.8081233076076106
25895,LOF,0.20604621879204102,0.018692444236575255,0.7752613369713838
25896,LOF,0.04987337404270659,0.02192103892409984,0.9282055870331934
25897,LOF,0.26525502471967677,0.010953131676559374,0.7237918436037638
25898,Neutral,0.6882575391695671,0.008414699269250262,0.30332776156118263
25899,LOF,0.19751689625220284,0.020064757996327492,0.7824183457514696
25900,LOF,0.41009913716694457,0.014154031986416933,0.5757468308466385
25901,LOF,0.04327887679768063,0.012003960979165179,0.9447171622231542
25902,LOF,0.15585613327203707,0.012319416116444958,0.831824450611518
25903,Neutral,0.5612381536009446,0.024241224888545358,0.41452062151051
25904,LOF,0.2565264563813553,0.04550908878006347,0.6979644548385813
25905,LOF,0.026267643729897403,0.3795021555360024,0.5942302007341002
25906,LOF,0.03582349621137571,0.08798776720545061,0.8761887365831736
25907,LOF,0.015252015890739707,0.3759811411629136,0.6087668429463468
25908,LOF,0.010660044792059306,0.2815814375935718,0.7077585176143689
25909,LOF,0.014353746289746805,0.14527532540901456,0.8403709283012386
25910,LOF,0.04777039461216462,0.14186623976299392,0.8103633656248415
25911,LOF,0.17387194077008797,0.01878735550743379,0.8073407037224782
25912,LOF,0.05067834901276796,0.038061817152174784,0.9112598338350573
25913,LOF,0.29217967672369866,0.01927990268123385,0.6885404205950675
25914,LOF,0.02098519604507305,0.06796426689608766,0.9110505370588393
25915,Neutral,0.5792594758867888,0.17761201827156609,0.24312850584164497
25916,LOF,0.09685973541386332,0.21117334849167485,0.6919669160944618
25917,LOF,0.07026555575024501,0.0518876992834413,0.8778467449663138
25918,LOF,0.027190949074356083,0.04554685099359454,0.9272621999320494
25919,LOF,0.023638677309426474,0.05126905374822931,0.9250922689423443
25920,GOF,0.1062039292373182,0.5283885965683255,0.3654074741943564
25921,LOF,0.02135885540215473,0.03167205595573314,0.946969088642112
25922,LOF,0.030487106829736786,0.02228305203311378,0.9472298411371494
25923,LOF,0.40698615177549896,0.02548185132924681,0.5675319968952541
25924,LOF,0.03664402056092478,0.03823610765609828,0.9251198717829769
25925,LOF,0.0652632694334102,0.029816058021232345,0.9049206725453576
25926,LOF,0.04780263586139773,0.026676916155370056,0.9255204479832323
25927,LOF,0.056874170663382274,0.1090885268166998,0.834037302519918
25928,LOF,0.017574565151503865,0.04286174577684086,0.9395636890716552
25929,Neutral,0.5296876834561577,0.02776687758614126,0.4425454389577011
25930,LOF,0.04981823656558442,0.02367677628239274,0.9265049871520229
25931,LOF,0.0235490992533622,0.024096145264004786,0.952354755482633
25932,LOF,0.026502996553454505,0.02078028268893466,0.9527167207576109
25933,LOF,0.035831188028973504,0.015197163018885266,0.9489716489521413
25934,LOF,0.02433999729746717,0.018170469477022597,0.9574895332255102
25935,LOF,0.05648590613648869,0.03864194342274843,0.9048721504407629
25936,LOF,0.044076613464808234,0.019707133555540438,0.9362162529796513
25937,LOF,0.0268953577584744,0.03194240648356409,0.9411622357579614
25938,LOF,0.0582373321391159,0.040585689210791705,0.9011769786500924
25939,LOF,0.04128142812628132,0.01557624478611706,0.9431423270876016
25940,LOF,0.02887384587061094,0.3882809358352263,0.5828452182941627
25941,LOF,0.1966213135141412,0.10836150503497315,0.6950171814508856
25942,LOF,0.014934144386379905,0.035832164759471284,0.9492336908541489
25943,LOF,0.3037989251406216,0.06032537267530072,0.6358757021840776
25944,Neutral,0.5056049904870542,0.024708935504487748,0.46968607400845797
25945,LOF,0.06081987684135538,0.02305642270299881,0.9161237004556458
25946,LOF,0.031933041269418594,0.12467408313600808,0.8433928755945734
25947,LOF,0.09862674264521484,0.24430134467227474,0.6570719126825103
25948,LOF,0.40535058498816834,0.0092242930020898,0.5854251220097417
25949,LOF,0.10864416443211819,0.03582974855574319,0.8555260870121386
25950,GOF,0.2926121139454602,0.39493487818950623,0.31245300786503355
25951,LOF,0.21952851758379965,0.21593010534408727,0.564541377072113
25952,LOF,0.048491298431444854,0.4041644412099616,0.5473442603585935
25953,LOF,0.13425810600514584,0.09749924861760174,0.7682426453772524
25954,Neutral,0.4555789403398901,0.14945765124555332,0.39496340841455657
25955,LOF,0.05468156382677067,0.08414141477960839,0.8611770213936211
25956,LOF,0.1775288756802987,0.11735622454029142,0.7051148997794098
25957,LOF,0.03625990542543978,0.033150973478535406,0.9305891210960248
25958,LOF,0.060193721789524604,0.027131386878710428,0.9126748913317649
25959,LOF,0.07133176950520297,0.38253338555924743,0.5461348449355495
25960,LOF,0.018984547855584892,0.04905378586674555,0.9319616662776695
25961,LOF,0.04954748008334211,0.02992704560982552,0.9205254743068324
25962,LOF,0.06287166778374458,0.028143377048550286,0.9089849551677053
25963,LOF,0.05559534745015765,0.18312247788828684,0.7612821746615556
25964,LOF,0.041693048481517905,0.1500690984696482,0.8082378530488339
25965,Neutral,0.46532301404817855,0.0925461893516786,0.44213079660014276
25966,Neutral,0.5062980885161691,0.17334864616179393,0.32035326532203706
25967,LOF,0.01342480815840381,0.07971433116801775,0.9068608606735784
25968,LOF,0.029080233234356573,0.42006385548593816,0.5508559112797052
25969,LOF,0.02751130588948462,0.06062027403549014,0.9118684200750252
25970,LOF,0.0585755031721592,0.06236887438039784,0.879055622447443
25971,LOF,0.07598835895537705,0.018280615745760623,0.9057310252988624
25972,LOF,0.07407192963518956,0.02425744153242272,0.9016706288323878
25973,LOF,0.06528008262568905,0.011518390178641688,0.9232015271956693
25974,LOF,0.21493552029157875,0.021462661082148383,0.7636018186262729
25975,LOF,0.042456643132159466,0.03778846242700968,0.9197548944408309
25976,LOF,0.03996791135158584,0.021797036381206707,0.9382350522672075
25977,LOF,0.13318422158050505,0.09864928409498176,0.7681664943245131
25978,LOF,0.15103931237744003,0.05948346634162371,0.7894772212809362
25979,LOF,0.14486227221536943,0.0616777203044173,0.7934600074802133
25980,LOF,0.22801185849731123,0.07706796991680098,0.6949201715858878
25981,LOF,0.26447449750578583,0.07541125626420499,0.6601142462300091
25982,LOF,0.41429735365937453,0.04827450906787881,0.5374281372727466
25983,LOF,0.40525291354689763,0.05771480061574992,0.5370322858373525
25984,LOF,0.051049222743395226,0.04403006491666508,0.9049207123399398
25985,LOF,0.03666599235681402,0.2323974433201438,0.7309365643230422
25986,LOF,0.040149721726579025,0.27182480323044905,0.688025475042972
25987,LOF,0.07895970027598564,0.06849197605620959,0.8525483236678048
25988,LOF,0.15200730134876675,0.05331486242615028,0.7946778362250829
25989,LOF,0.030297771570636203,0.09760177841059536,0.8721004500187685
25990,LOF,0.04271492029543638,0.12512511723139655,0.832159962473167
25991,LOF,0.13044609864522194,0.3443823787614015,0.5251715225933766
25992,LOF,0.3069228295417973,0.17371562878805238,0.5193615416701504
25993,LOF,0.021561871849201292,0.08062061651557953,0.8978175116352192
25994,LOF,0.016701645584981727,0.11346814576141977,0.8698302086535985
25995,LOF,0.024568265618201315,0.23208829920491778,0.743343435176881
25996,GOF,0.30963567842588274,0.4954120321942977,0.19495228937981962
25997,GOF,0.08743377736419927,0.4691262067305693,0.4434400159052314
25998,Neutral,0.5499356192880758,0.026705661369652335,0.42335871934227187
25999,LOF,0.11612377581065504,0.09421125073138448,0.7896649734579605
26000,LOF,0.17476037593582414,0.055166646318251376,0.7700729777459244
26001,LOF,0.1816647530926957,0.0555518840136445,0.7627833628936598
26002,LOF,0.1430696993427089,0.05401413141639839,0.8029161692408927
26003,GOF,0.01018807566881549,0.5859942177202737,0.4038177066109107
26004,GOF,0.018525682115774926,0.6782110683379251,0.3032632495462999
26005,LOF,0.007570890712597262,0.4815011876226726,0.5109279216647302
26006,Neutral,0.5184649746640123,0.271654063779463,0.20988096155652464
26007,GOF,0.020424496285477028,0.5741645168161627,0.40541098689836036
26008,GOF,0.016491291184145142,0.6579877130951303,0.3255209957207247
26009,GOF,0.0203912371024337,0.6797511419494212,0.299857620948145
26010,GOF,0.024334467044324192,0.6825110436525189,0.2931544893031569
26011,LOF,0.006976544423048008,0.49633394996051944,0.49668950561643266
26012,GOF,0.01272200929010288,0.6135785301630254,0.3736994605468716
26013,GOF,0.019565629513382955,0.6288950445006988,0.35153932598591825
26014,LOF,0.04374349794367791,0.09519427661565814,0.8610622254406639
26015,LOF,0.18873518935038236,0.008257921441448346,0.8030068892081692
26016,LOF,0.22025115157631536,0.044169140582551884,0.7355797078411327
26017,LOF,0.26277519036190433,0.07028522129539035,0.6669395883427053
26018,LOF,0.08684348695064188,0.02213499047549151,0.8910215225738667
26019,LOF,0.0815846499362187,0.01723454967994264,0.9011808003838387
26020,LOF,0.07755710277639667,0.09166342637584385,0.8307794708477595
26021,LOF,0.04956524843029787,0.0938539294662546,0.8565808221034474
26022,LOF,0.011128920645590217,0.029082194875047963,0.959788884479362
26023,LOF,0.09531954917596717,0.014949196409836175,0.8897312544141966
26024,LOF,0.0370746347802163,0.1057141105534839,0.8572112546662998
26025,LOF,0.16366069652879045,0.07951879196105485,0.7568205115101546
26026,LOF,0.330494727105575,0.022085834702799467,0.6474194381916256
26027,LOF,0.07672156321624436,0.011843506421013868,0.9114349303627418
26028,LOF,0.16608059476064993,0.06322183427060056,0.7706975709687494
26029,LOF,0.07182149423743026,0.1987705866608728,0.729407919101697
26030,LOF,0.025987096837769338,0.061349402423373896,0.9126635007388568
26031,LOF,0.026196105183813666,0.14317428589246434,0.8306296089237221
26032,LOF,0.06830257064285057,0.06978094977411073,0.8619164795830387
26033,LOF,0.11841040651728635,0.08317527890179381,0.7984143145809199
26034,LOF,0.0444975667501473,0.1744322918728427,0.78107014137701
26035,LOF,0.027022153164995198,0.1609072339091631,0.8120706129258417
26036,LOF,0.039312857645406304,0.18201185925358235,0.7786752831010113
26037,LOF,0.02283585526862635,0.13623757022863145,0.8409265745027422
26038,LOF,0.0635384193239151,0.07310458594874265,0.8633569947273422
26039,LOF,0.051139158454108526,0.16546602880912525,0.7833948127367661
26040,LOF,0.1852008853939015,0.1531415917605531,0.6616575228455455
26041,LOF,0.023644464272715993,0.12785993103316218,0.8484956046941219
26042,LOF,0.02241852953124715,0.11964878552509323,0.8579326849436596
26043,LOF,0.06348647659585585,0.08416993476231176,0.8523435886418325
26044,LOF,0.023146644839760564,0.07879897837495049,0.898054376785289
26045,LOF,0.07368453070406467,0.11248851447938762,0.8138269548165478
26046,LOF,0.0647139134372899,0.08352222074056177,0.8517638658221482
26047,LOF,0.08911150106674008,0.08644374716695151,0.8244447517663084
26048,LOF,0.05130847488950082,0.04654375998313394,0.9021477651273653
26049,Neutral,0.9611482098784596,0.008036395845797862,0.030815394275742394
26050,Neutral,0.9450828448402074,0.010477519490046683,0.04443963566974585
26051,LOF,0.05920559214313269,0.2594441375944388,0.6813502702624286
26052,LOF,0.06939758828102616,0.31157025038318165,0.6190321613357921
26053,LOF,0.050528852383130374,0.1395088178871867,0.809962329729683
26054,LOF,0.05357423355493854,0.016183939382092526,0.9302418270629689
26055,LOF,0.07445233826608405,0.013338645706637571,0.9122090160272784
26056,LOF,0.06160065047454739,0.014688995722132002,0.9237103538033206
26057,LOF,0.027802763286400644,0.011054104180170162,0.9611431325334293
26058,LOF,0.028750474596037783,0.009157476589508303,0.962092048814454
26059,LOF,0.29413961857837445,0.02090375483709159,0.6849566265845339
26060,LOF,0.03801126608215572,0.1772375286781179,0.7847512052397263
26061,LOF,0.017285614600890273,0.009888219791652596,0.972826165607457
26062,LOF,0.010636409238966006,0.016237247935499594,0.9731263428255343
26063,LOF,0.02307062815843793,0.01098951227555175,0.9659398595660104
26064,LOF,0.023678561005281505,0.018646806861009196,0.9576746321337094
26065,LOF,0.024109314008388158,0.010079807694173593,0.9658108782974383
26066,LOF,0.021037847470178596,0.010668238282341504,0.9682939142474799
26067,LOF,0.028780135520905283,0.007844685277670418,0.9633751792014243
26068,LOF,0.046795008707147104,0.027481060261794078,0.9257239310310589
26069,LOF,0.24966677969172277,0.017697035539907046,0.7326361847683702
26070,LOF,0.37742823684249155,0.01557803739826263,0.6069937257592458
26071,LOF,0.024251860082267082,0.011177568447547583,0.9645705714701854
26072,LOF,0.024655290881319857,0.014159089789537093,0.9611856193291431
26073,LOF,0.024286745659076566,0.01031025901268637,0.965402995328237
26074,Neutral,0.9088013238542417,0.005186779916898881,0.0860118962288594
26075,LOF,0.045973284197885406,0.01396088466076205,0.9400658311413524
26076,LOF,0.04544590761832757,0.008095138924853399,0.946458953456819
26077,LOF,0.011073693975631245,0.015517565590001902,0.9734087404343668
26078,LOF,0.015509122341792995,0.010203986928570536,0.9742868907296365
26079,LOF,0.06037380638642875,0.01614510436957354,0.9234810892439976
26080,LOF,0.059425028550707054,0.016156531062615644,0.9244184403866774
26081,LOF,0.036465883927838685,0.006113420257424675,0.9574206958147367
26082,LOF,0.014952864212949129,0.013897649457441862,0.971149486329609
26083,LOF,0.13527433469898756,0.012144086730990463,0.8525815785700219
26084,LOF,0.029275278481128722,0.011013101772220809,0.9597116197466505
26085,LOF,0.025354606780986052,0.010475471979725341,0.9641699212392887
26086,LOF,0.023895107708032257,0.010864908615769654,0.9652399836761981
26087,LOF,0.027947403805041345,0.007315328415045162,0.9647372677799135
26088,LOF,0.01618483984837996,0.020665746127475966,0.9631494140241441
26089,LOF,0.04592300530828943,0.02115140431641854,0.932925590375292
26090,LOF,0.0447437214687055,0.016483140087193687,0.9387731384441008
26091,LOF,0.037672284640578424,0.005906843672818365,0.9564208716866033
26092,LOF,0.026484684627567565,0.007463569067624465,0.9660517463048078
26093,LOF,0.038649608134958685,0.005532169969926705,0.9558182218951146
26094,LOF,0.04134099940140074,0.00613929477415206,0.9525197058244471
26095,LOF,0.04474905943013132,0.01178155063914974,0.9434693899307188
26096,LOF,0.02008986458435481,0.010654517854773593,0.9692556175608716
26097,LOF,0.012642806604601813,0.02986870816220326,0.9574884852331949
26098,LOF,0.07403747140405981,0.009038723086404958,0.9169238055095353
26099,LOF,0.024535665423509958,0.011056160528268492,0.9644081740482215
26100,LOF,0.0267885687957612,0.0107783121201853,0.9624331190840536
26101,LOF,0.05741754764830607,0.013799939655980073,0.9287825126957139
26102,LOF,0.02502448899392808,0.012639216124831888,0.9623362948812401
26103,Neutral,0.8889275720827682,0.017331779756978884,0.09374064816025293
26104,LOF,0.07865987516193244,0.022624480000085365,0.8987156448379822
26105,LOF,0.223224587807125,0.32778625751320845,0.44898915467966666
26106,LOF,0.20359502549679864,0.14035065126990878,0.6560543232332926
26107,LOF,0.23226955009113617,0.0975735201186448,0.670156929790219
26108,LOF,0.24121269773907272,0.12975281284629644,0.6290344894146308
26109,LOF,0.11169082971462006,0.0574273449676395,0.8308818253177405
26110,LOF,0.24812987574266215,0.008858838086812726,0.7430112861705251
26111,LOF,0.48789273438372244,0.023275050828814026,0.4888322147874635
26112,LOF,0.03469962100799243,0.008006297549474644,0.9572940814425329
26113,LOF,0.05670760203698395,0.01610372680928363,0.9271886711537324
26114,LOF,0.024090627358066746,0.02208564890230248,0.9538237237396308
26115,LOF,0.08544042413247126,0.04884139692511711,0.8657181789424117
26116,LOF,0.062311699802451874,0.042565232104261115,0.8951230680932871
26117,LOF,0.43298447880162794,0.04806658567343522,0.5189489355249368
26118,LOF,0.03730150684549118,0.025415389576776373,0.9372831035777326
26119,LOF,0.022921441141722308,0.03288889350019567,0.9441896653580821
26120,LOF,0.030317975754337187,0.021492843251116958,0.9481891809945459
26121,LOF,0.04295942976447991,0.08169307927812718,0.875347490957393
