feature0,prediction,LoGoFunc_Neutral,LoGoFunc_GOF,LoGoFunc_LOF
25546,Neutral,0.6118567229294722,0.05510186754697816,0.3330414095235496
25547,Neutral,0.47844164939747674,0.08656550584908965,0.43499284475343364
25548,Neutral,0.47778073739874993,0.07650171525432908,0.4457175473469209
25549,LOF,0.428443874550288,0.07369242905439599,0.49786369639531614
25550,LOF,0.34459002880874884,0.12119342887140121,0.5342165423198498
25551,LOF,0.30949759477684813,0.12720060032224856,0.5633018049009033
25552,LOF,0.25823169341713914,0.12007563260029973,0.6216926739825611
25553,Neutral,0.8066240668229023,0.041990924572828166,0.15138500860426957
25554,LOF,0.2959044983759625,0.10883283007042473,0.5952626715536128
25555,LOF,0.25164400712911916,0.10483552251777659,0.6435204703531043
25556,LOF,0.4399480151196412,0.09478857647991155,0.4652634084004473
25557,LOF,0.25050723906850403,0.10935971951355151,0.6401330414179445
25558,LOF,0.3180188671954727,0.10631899008509792,0.5756621427194294
25559,LOF,0.18015181640177672,0.11531498189233863,0.7045332017058846
25560,LOF,0.16498844836921195,0.10816690972165216,0.7268446419091359
25561,LOF,0.15565356092172936,0.11225610834582204,0.7320903307324487
25562,LOF,0.0779874771820333,0.07382351201971826,0.8481890107982484
25563,LOF,0.021917100801059335,0.13554392949784103,0.8425389697010996
25564,LOF,0.22230452322071587,0.13403746127093655,0.6436580155083476
25565,LOF,0.20025714825379914,0.1608012152064826,0.6389416365397181
25566,GOF,0.09404468895716075,0.7198813642583202,0.18607394678451888
25567,LOF,0.04215336066927943,0.13668447982095222,0.8211621595097685
25568,LOF,0.06078383927206768,0.07622100108820266,0.8629951596397296
25569,LOF,0.05966734672343423,0.08089214539371727,0.8594405078828484
25570,LOF,0.02717172996536453,0.10349919043031472,0.8693290796043207
25571,LOF,0.025540605199109986,0.10775098429974901,0.866708410501141
25572,LOF,0.061968996947609614,0.12856331051868142,0.809467692533709
25573,LOF,0.05725515581832039,0.09507546193233678,0.8476693822493427
25574,LOF,0.05540733873981484,0.21438098849303147,0.7302116727671537
25575,LOF,0.021941329295027047,0.11826269147117784,0.8597959792337951
25576,LOF,0.028510547209739816,0.15926778030320235,0.8122216724870578
25577,LOF,0.03184595224642555,0.13052173072863246,0.8376323170249419
25578,LOF,0.2981024576361084,0.08855613102134133,0.6133414113425503
25579,LOF,0.13170569008431343,0.09525706052695412,0.7730372493887324
25580,LOF,0.01946427422921584,0.08420963745369468,0.8963260883170896
25581,LOF,0.05731654465258988,0.0733992120656897,0.8692842432817205
25582,LOF,0.05734051410123404,0.07118700035792108,0.8714724855408448
25583,LOF,0.020021770147994923,0.08472717254661905,0.8952510573053861
25584,Neutral,0.671219386368076,0.11126733179112026,0.2175132818408039
25585,LOF,0.025253413600757574,0.13886389913649116,0.8358826872627514
25586,LOF,0.017275580027654978,0.07418027744070277,0.9085441425316423
25587,LOF,0.01679514563641832,0.0700861932752854,0.9131186610882963
25588,LOF,0.018890444977460834,0.07932002272015796,0.9017895323023812
25589,Neutral,0.5071186271107424,0.2255125217080282,0.26736885118122933
25590,LOF,0.04342031739096473,0.1291818786231557,0.8273978039858796
25591,LOF,0.10171448157482249,0.06305732668425934,0.8352281917409182
25592,LOF,0.057204881708598034,0.14462844512287007,0.7981666731685318
25593,LOF,0.13958753371702184,0.2877016352625336,0.5727108310204444
25594,LOF,0.06033889067412141,0.11586271053324307,0.8237983987926355
25595,LOF,0.0565988962315324,0.08333990599762924,0.8600611977708383
25596,LOF,0.1170020095514029,0.05128352246653285,0.8317144679820643
25597,LOF,0.08341754709174405,0.057488634916250794,0.8590938179920052
25598,LOF,0.055602878149610555,0.08676893209046636,0.8576281897599232
25599,LOF,0.024274229338454387,0.46688781439789556,0.5088379562636499
25600,GOF,0.19030766590925893,0.48450762170599393,0.3251847123847472
25601,LOF,0.04405293466662401,0.37964587916296333,0.5763011861704126
25602,LOF,0.03547788690467421,0.06819568017958318,0.8963264329157427
25603,LOF,0.028938093710341072,0.0349538510042174,0.9361080552854416
25604,LOF,0.035000887502619565,0.08411146961746369,0.8808876428799167
25605,LOF,0.03696757993779917,0.1899340718235317,0.7730983482386692
25606,LOF,0.41794431176407726,0.11511553844793349,0.46694014978798937
25607,LOF,0.023415750263341428,0.17802978423265883,0.7985544655039997
25608,LOF,0.035444648191132265,0.07429872323874144,0.8902566285701262
25609,GOF,0.15795894665194316,0.5093607627937957,0.332680290554261
25610,LOF,0.015786986436005353,0.0325410805041471,0.9516719330598475
25611,LOF,0.013187549725470928,0.0398613511578509,0.9469510991166782
25612,LOF,0.04978435487409521,0.048961737014986045,0.9012539081109188
25613,LOF,0.04757572391662814,0.047594915840825404,0.9048293602425466
25614,LOF,0.022159748048027297,0.03068404326719913,0.9471562086847736
25615,LOF,0.04742496576728446,0.049445122307186846,0.9031299119255288
25616,LOF,0.047786960437890484,0.03433597872225714,0.9178770608398523
25617,LOF,0.04113786434873817,0.04942094849519985,0.9094411871560619
25618,LOF,0.05144168195102562,0.04433059225759688,0.9042277257913774
25619,LOF,0.01295993923418286,0.03854346254699866,0.9484965982188185
25620,LOF,0.062287903667707506,0.05443725200944368,0.8832748443228488
25621,LOF,0.057879086946457256,0.04197135024181138,0.9001495628117313
25622,LOF,0.06701693720523057,0.0407128391228067,0.8922702236719627
25623,LOF,0.06850132980500478,0.032908741427271744,0.8985899287677235
25624,LOF,0.01913235429153588,0.03975842660350644,0.9411092191049577
25625,LOF,0.06506924817017647,0.04501179605008347,0.88991895577974
25626,LOF,0.048317059538642425,0.04639798391831103,0.9052849565430465
25627,Neutral,0.9049195992263744,0.01863215307017426,0.07644824770345131
25628,LOF,0.1312834632859528,0.06137332202028372,0.8073432146937636
25629,LOF,0.06347070980231988,0.044842939605565166,0.8916863505921151
25630,LOF,0.29831414474347445,0.07444524675085656,0.627240608505669
25631,Neutral,0.5727318131556782,0.054455942443468616,0.37281224440085314
25632,LOF,0.02535479772307715,0.06387430217465428,0.9107709001022686
25633,LOF,0.18432036386642658,0.03524110929108984,0.7804385268424836
25634,LOF,0.03458035170260338,0.078829795872503,0.8865898524248935
25635,LOF,0.03678271362011762,0.04370164309052151,0.9195156432893609
25636,LOF,0.033876917312436944,0.42210279748427687,0.5440202852032863
25637,LOF,0.07694557774321802,0.4472155800598526,0.47583884219692935
25638,LOF,0.03027564356248441,0.3042519087430997,0.6654724476944159
25639,LOF,0.029518467581771925,0.338034659792107,0.632446872626121
25640,Neutral,0.8055900847370011,0.15227525716011864,0.042134658102880404
25641,LOF,0.06682382833946698,0.45362808636780727,0.4795480852927258
25642,LOF,0.04000169600706306,0.15010185881510124,0.8098964451778357
25643,LOF,0.21993421986023792,0.15799962020328467,0.6220661599364774
25644,LOF,0.020312201732847885,0.42866450189922245,0.5510232963679297
25645,LOF,0.023701710423751396,0.37708624323263074,0.5992120463436179
25646,LOF,0.050164730697356774,0.3103488935243715,0.6394863757782717
25647,LOF,0.02459413579027087,0.2524124107219223,0.7229934534878069
25648,LOF,0.0346116749674995,0.22307245282439978,0.7423158722081007
25649,LOF,0.01642558080523351,0.23044475945038637,0.7531296597443802
25650,LOF,0.051639793194298206,0.38498066033550166,0.5633795464702003
25651,LOF,0.016986189997722934,0.25363702532681914,0.729376784675458
25652,LOF,0.03348042419839172,0.23768212822614743,0.7288374475754608
25653,LOF,0.08393686278145267,0.3849997013840729,0.5310634358344745
25654,LOF,0.02443114734944648,0.19214870059818315,0.7834201520523705
25655,LOF,0.21873645440677916,0.35894917690215583,0.4223143686910651
25656,LOF,0.26162184881792316,0.04715324546857741,0.6912249057134994
25657,LOF,0.063495332775327,0.05354484683761676,0.8829598203870562
25658,LOF,0.3485742980526673,0.05699644517977675,0.594429256767556
25659,Neutral,0.49978307084655255,0.0863374113259227,0.4138795178275247
25660,LOF,0.022640670823881406,0.08795389653707462,0.889405432639044
25661,LOF,0.08461392299309577,0.06298707837507896,0.8523989986318253
25662,LOF,0.030797634172592517,0.0344192453429223,0.9347831204844851
25663,LOF,0.038334863234473694,0.0479207687406066,0.9137443680249197
25664,LOF,0.12827670484684958,0.06665417344578907,0.8050691217073613
25665,LOF,0.05472256347849004,0.02949522932444834,0.9157822071970617
25666,LOF,0.08399323868263142,0.07578284370347767,0.8402239176138909
25667,LOF,0.06248071448523725,0.03797028954570246,0.8995489959690602
25668,LOF,0.03366972937326318,0.04776794664742899,0.9185623239793078
25669,LOF,0.028895398269469734,0.05285369991055727,0.918250901819973
25670,LOF,0.1427963791294758,0.06214252703282534,0.7950610938376989
25671,LOF,0.0967131689310933,0.03369368421434373,0.8695931468545629
25672,LOF,0.05307158482758052,0.04178116150678747,0.9051472536656321
25673,LOF,0.07355716249078184,0.05050521095562215,0.875937626553596
25674,LOF,0.06598602473399307,0.058804937458846025,0.8752090378071609
25675,LOF,0.1189933747600108,0.05626303383916474,0.8247435914008244
25676,LOF,0.017821182830939652,0.0526047479953064,0.9295740691737541
25677,LOF,0.024709252647743055,0.0699559639583493,0.9053347833939076
25678,LOF,0.18699665732248993,0.05541289241614594,0.7575904502613642
25679,LOF,0.1235681367165235,0.07769492383324957,0.798736939450227
25680,LOF,0.0316204739932024,0.11193299769207173,0.8564465283147259
25681,LOF,0.05199318438435051,0.10330280287611615,0.8447040127395333
25682,LOF,0.1268554895133872,0.07405568397381528,0.7990888265127976
25683,LOF,0.11303215337564661,0.08486130436807574,0.8021065422562775
25684,LOF,0.041711474059650394,0.07484830483556347,0.8834402211047861
25685,LOF,0.13649484466609418,0.05356436872733432,0.8099407866065714
25686,LOF,0.07123113462547163,0.0844361137716875,0.8443327516028407
25687,LOF,0.11369338699742869,0.08976110844185994,0.7965455045607114
25688,LOF,0.29034546440325865,0.03581854396881044,0.673835991627931
25689,LOF,0.21577510277012163,0.039817912495971546,0.7444069847339069
25690,LOF,0.3471060033960579,0.028479563177795143,0.6244144334261469
25691,Neutral,0.7070748387121092,0.020091394724759386,0.2728337665631313
25692,LOF,0.32440245413405144,0.009985678801930438,0.6656118670640182
25693,LOF,0.05055269791325701,0.43614925930591675,0.5132980427808262
25694,LOF,0.11971216463357451,0.014612751468472334,0.8656750838979532
25695,LOF,0.1149856550046225,0.01509036586160309,0.8699239791337745
25696,LOF,0.10475060590428877,0.008432771227042257,0.886816622868669
25697,LOF,0.12075059999858613,0.03193849615001913,0.8473109038513946
25698,LOF,0.36403371839275195,0.18287138693637736,0.45309489467087066
25699,LOF,0.4325233163977639,0.0423799233904804,0.5250967602117557
25700,LOF,0.06162159389488563,0.008780126364426417,0.9295982797406879
25701,LOF,0.14739867459988934,0.054377527825006065,0.7982237975751046
25702,GOF,0.16145592030094558,0.5718955813723767,0.2666484983266776
25703,LOF,0.016906647524345852,0.17179352954193935,0.8112998229337147
25704,LOF,0.04768805226973456,0.11336759821994209,0.8389443495103234
25705,LOF,0.06268375076952605,0.20256784622191137,0.7347484030085627
25706,LOF,0.09349807992945652,0.4255477076092634,0.48095421246128006
25707,LOF,0.09339777131904649,0.335548088056358,0.5710541406245955
25708,LOF,0.0296675442262379,0.2998830813690629,0.6704493744046992
25709,LOF,0.06175504742513986,0.04147062194139799,0.8967743306334621
25710,LOF,0.01261660521506161,0.13410902662864374,0.8532743681562948
25711,LOF,0.01761077853007425,0.09848256683158894,0.8839066546383367
25712,LOF,0.013087923650619426,0.1952532805066295,0.791658795842751
25713,LOF,0.01859208222674199,0.08205982364452356,0.8993480941287345
25714,LOF,0.07175576480837471,0.07887092422501966,0.8493733109666056
25715,LOF,0.01059813008237286,0.14082722898857694,0.8485746409290501
25716,LOF,0.014039979631993174,0.12160768873883115,0.8643523316291757
25717,LOF,0.013845702446296595,0.08192158098804977,0.9042327165656536
25718,LOF,0.012070601448986843,0.0993217324455087,0.8886076661055045
25719,LOF,0.017396739583584703,0.0792468560555144,0.903356404360901
25720,LOF,0.021478068662409467,0.07136379755379038,0.9071581337838001
25721,LOF,0.015114044132326277,0.113772670754867,0.8711132851128067
25722,LOF,0.01391891621831198,0.12074270720682533,0.8653383765748628
25723,LOF,0.02198145830071665,0.04390798380281867,0.9341105578964648
25724,LOF,0.022663112279219043,0.08718636385835772,0.8901505238624232
25725,LOF,0.011478098662150073,0.0685346163869532,0.9199872849508968
25726,LOF,0.015068541458748244,0.09567581543906381,0.889255643102188
25727,LOF,0.012496406442168933,0.07833345191500336,0.9091701416428277
25728,LOF,0.009385366859498966,0.11895366641021606,0.8716609667302849
25729,LOF,0.009794259147401162,0.11316403538485323,0.8770417054677455
25730,LOF,0.013306473145480533,0.0889693461632352,0.8977241806912842
25731,LOF,0.01828801661902182,0.119573300584016,0.8621386827969622
25732,LOF,0.014011473771321257,0.08228518898998673,0.903703337238692
25733,LOF,0.014373442328976103,0.0771805823128095,0.9084459753582144
25734,LOF,0.01169241536510115,0.1251553847040815,0.8631521999308173
25735,LOF,0.012801769050022536,0.08939233139932248,0.897805899550655
25736,LOF,0.01357931380415924,0.10800172514802321,0.8784189610478176
25737,LOF,0.02147332332356801,0.08350176332724012,0.8950249133491919
25738,LOF,0.012020122584282214,0.10239404390487394,0.8855858335108439
25739,LOF,0.020137878381089963,0.07549136222980785,0.9043707593891022
25740,LOF,0.02771499258626877,0.10520301330763623,0.8670819941060949
25741,LOF,0.016014256419841645,0.1103399742307971,0.8736457693493612
25742,LOF,0.12177559671260176,0.08012779553894105,0.7980966077484573
25743,LOF,0.02973571863696012,0.0351610126840031,0.9351032686790367
25744,Neutral,0.5743165841776366,0.174859044923248,0.2508243708991153
25745,LOF,0.07584493533874757,0.06382107006786292,0.8603339945933894
25746,LOF,0.03683868684380198,0.08196699967206782,0.8811943134841301
25747,LOF,0.021085455172799215,0.044368108809330814,0.93454643601787
25748,LOF,0.09257441683043496,0.06416969575832376,0.8432558874112414
25749,LOF,0.02542137057588189,0.07436678424169814,0.9002118451824199
25750,LOF,0.07900011162237552,0.07752863620861673,0.8434712521690076
25751,LOF,0.08489085674617723,0.06958386783487962,0.8455252754189431
25752,GOF,0.12395585492601328,0.6328592814435722,0.24318486363041447
25753,LOF,0.021646574608752637,0.2769242953810799,0.7014291300101676
25754,GOF,0.01196598263985017,0.7869340808346319,0.2010999365255178
25755,LOF,0.023357925422425825,0.3866001976174762,0.5900418769600979
25756,LOF,0.045606953340515205,0.36056624959798417,0.5938267970615005
25757,GOF,0.014138733982453256,0.8450936685099943,0.14076759750755236
25758,GOF,0.02547452149828836,0.8215983368903645,0.1529271416113471
25759,GOF,0.011224900348970526,0.5551695979606187,0.4336055016904108
25760,LOF,0.013169692254036887,0.24957547035026448,0.7372548373956986
25761,GOF,0.2747094522575126,0.6417030478569895,0.08358749988549799
25762,LOF,0.03852746789429227,0.25330309450018595,0.7081694376055218
25763,LOF,0.013594301610455438,0.19944662750589737,0.7869590708836472
25764,GOF,0.06694421455183894,0.6080792439811448,0.3249765414670162
25765,GOF,0.04210757897543658,0.7632770089583846,0.19461541206617872
25766,GOF,0.05924816955064575,0.7555131910779006,0.1852386393714536
25767,GOF,0.13331772595461394,0.5769549561549558,0.28972731789043016
25768,LOF,0.08929796659116207,0.06718870555216117,0.8435133278566769
25769,LOF,0.07700378863608677,0.06413583315826726,0.8588603782056459
25770,LOF,0.30980669301973,0.09093031987054041,0.5992629871097296
25771,LOF,0.04238496307891247,0.04553327858230823,0.9120817583387792
25772,LOF,0.01675044633279625,0.033229634484410124,0.9500199191827936
25773,LOF,0.04839188447894767,0.08349035551800632,0.868117760003046
25774,LOF,0.02827408503758908,0.07377023502945197,0.8979556799329589
25775,LOF,0.048521224714620684,0.04847613168626406,0.9030026435991153
25776,LOF,0.06656360037549132,0.02375292279826278,0.909683476826246
25777,LOF,0.3386401889790296,0.05309230566677432,0.608267505354196
25778,LOF,0.06751158957517504,0.045961358623530624,0.8865270518012943
25779,GOF,0.3896705663908902,0.5662996268751511,0.04402980673395869
25780,GOF,0.30032533389755817,0.6247745017893583,0.07490016431308351
25781,GOF,0.15570821706415205,0.7418759374666355,0.10241584546921241
25782,GOF,0.21861592059871943,0.7101314521163393,0.07125262728494126
25783,GOF,0.023136790291765102,0.6259062556870041,0.35095695402123084
25784,Neutral,0.5031181292182554,0.45697970246864333,0.03990216831310128
25785,GOF,0.4753899451294347,0.4835295334217059,0.041080521448859424
25786,GOF,0.030375108941414247,0.7270779856025952,0.24254690545599067
25787,Neutral,0.6516855535338775,0.32144139264314486,0.026873053822977798
25788,LOF,0.048811884908814204,0.10204321982708729,0.8491448952640985
25789,GOF,0.20933703829237588,0.6370313807623376,0.1536315809452866
25790,GOF,0.22947119752383413,0.6508093915144548,0.11971941096171101
25791,GOF,0.18974213617611052,0.6285347914633576,0.18172307236053187
25792,GOF,0.37873289634348867,0.4872830305648553,0.1339840730916561
25793,GOF,0.24428897883042647,0.5277411488749082,0.2279698722946654
25794,GOF,0.3215765226055888,0.4882583819226962,0.1901650954717151
25795,GOF,0.08895018965082306,0.6637020636532783,0.24734774669589857
25796,Neutral,0.5784179128972878,0.34390921222839593,0.07767287487431622
25797,GOF,0.09551518135487844,0.5216517173388513,0.38283310130627024
25798,LOF,0.009385845499295596,0.47849124022601636,0.512122914274688
25799,LOF,0.007796224945595109,0.361741307617294,0.630462467437111
25800,GOF,0.03921562995705981,0.5652559668754629,0.39552840316747734
25801,GOF,0.2256603367908452,0.6373400749695204,0.13699958823963446
25802,GOF,0.08005702076981691,0.6622201613442217,0.25772281788596146
25803,GOF,0.03572203810893674,0.5555721267009666,0.4087058351900966
25804,LOF,0.03167369759201398,0.44797656380874357,0.5203497385992424
25805,GOF,0.1085739440034702,0.5657580960486341,0.3256679599478957
25806,GOF,0.10624525987005122,0.5647336059320693,0.3290211341978794
25807,GOF,0.018926288403936876,0.6087709496302203,0.3723027619658429
25808,GOF,0.09217253757384145,0.6106289951389907,0.2971984672871679
25809,GOF,0.018038445298346466,0.5585598476050021,0.4234017070966514
25810,GOF,0.01691502318647251,0.595704935000886,0.3873800418126415
25811,Neutral,0.4784712152460104,0.4427668026669859,0.07876198208700373
25812,GOF,0.03204615882914923,0.6257513767524332,0.3422024644184176
25813,Neutral,0.5102750168498328,0.3893482301483865,0.10037675300178071
25814,GOF,0.11503256086309058,0.6353605273076519,0.24960691182925757
25815,GOF,0.1771088720847747,0.6340077278539482,0.1888834000612771
25816,GOF,0.023223968578665384,0.6964070569338938,0.2803689744874407
25817,GOF,0.2244462957700771,0.645632555390899,0.12992114883902395
25818,GOF,0.05328580640410904,0.6435708817657214,0.3031433118301697
25819,GOF,0.36232820824977524,0.48430029774126504,0.1533714940089599
25820,GOF,0.17601111143414874,0.5939723605847541,0.2300165279810971
25821,GOF,0.056530906254914796,0.6402731595343086,0.30319593421077656
25822,GOF,0.2016111634619779,0.5528907682441714,0.24549806829385065
25823,GOF,0.03216568484569507,0.5003179144018048,0.46751640075250017
25824,GOF,0.08693982094966064,0.5737268018060812,0.3393333772442582
25825,GOF,0.035899114103771244,0.5687394901117725,0.3953613957844562
25826,GOF,0.015081485239134418,0.5473404289304566,0.43757808583040897
25827,GOF,0.023306920504961994,0.5708029541771995,0.40589012531783847
25828,GOF,0.013889150366979193,0.4987622803088896,0.4873485693241312
25829,GOF,0.0059931822381067605,0.5411419810900753,0.4528648366718181
25830,LOF,0.036766359446715635,0.2769469923483501,0.6862866482049342
25831,GOF,0.20879337706242443,0.6697676604235899,0.12143896251398571
25832,GOF,0.035349612990965146,0.6827973883769047,0.28185299863213015
25833,GOF,0.13373494824263066,0.7000620161485188,0.16620303560885058
25834,GOF,0.03606173322023711,0.6862692365591098,0.27766903022065326
25835,GOF,0.08481709465248115,0.7389932198678243,0.17618968547969469
25836,GOF,0.03878420659006178,0.6648172427797456,0.2963985506301926
25837,GOF,0.02801631333273676,0.5771165039214616,0.3948671827458015
25838,GOF,0.09803897759892634,0.750441124352398,0.15151989804867583
25839,GOF,0.293506788146745,0.560615362118676,0.14587784973457893
25840,GOF,0.23556296372864124,0.6251369914637812,0.1393000448075776
25841,GOF,0.22930739419630236,0.64062872754943,0.1300638782542675
25842,GOF,0.17318383311372954,0.6977766363353823,0.12903953055088824
25843,GOF,0.24086330512995308,0.6650173661214765,0.0941193287485704
25844,GOF,0.06888663579025134,0.6993280362216232,0.2317853279881256
25845,LOF,0.01720220904341564,0.4508906508038484,0.5319071401527361
25846,GOF,0.14237394336163378,0.7077414141654325,0.14988464247293373
25847,GOF,0.12059803046811389,0.768325881601259,0.11107608793062704
25848,GOF,0.039836710153679844,0.6689122243670027,0.2912510654793176
25849,GOF,0.011855504554685497,0.5474275588331483,0.44071693661216615
25850,GOF,0.023044160530948758,0.6213565231710438,0.35559931629800734
25851,GOF,0.018808674294210216,0.49375167209843207,0.4874396536073577
25852,GOF,0.16594970794659136,0.5352518242944633,0.29879846775894536
25853,GOF,0.36242168921496803,0.5647679823412535,0.0728103284437784
25854,GOF,0.023548335028684066,0.5721427174742951,0.40430894749702095
25855,GOF,0.0360597365115584,0.5229868426785141,0.44095342080992744
25856,GOF,0.229470815030827,0.5262808191936423,0.24424836577553066
25857,LOF,0.03761293172168063,0.4615877613994266,0.5007993068788927
25858,GOF,0.020152061985861974,0.5068000018041644,0.47304793620997365
25859,LOF,0.010292645888048636,0.4774720212623787,0.5122353328495727
25860,GOF,0.34334026143236873,0.5584962090761586,0.09816352949147279
25861,GOF,0.45004022807782273,0.47634813784359514,0.07361163407858214
25862,GOF,0.08393532596834188,0.7646508892306625,0.15141378480099554
25863,GOF,0.08062543157743868,0.7600179198147061,0.15935664860785523
25864,GOF,0.19967853134085714,0.7213395143043485,0.07898195435479438
25865,GOF,0.08895502977352646,0.7812963873325287,0.1297485828939448
25866,GOF,0.0617745634859554,0.7609069879385782,0.17731844857546628
25867,GOF,0.08777550538966535,0.7950400409143187,0.11718445369601592
25868,GOF,0.2289553944565814,0.6555743109257333,0.1154702946176852
25869,Neutral,0.7122952236493625,0.24314144102663643,0.044563335324001134
25870,GOF,0.2653231103919048,0.36745421263373146,0.3672226769743637
25871,GOF,0.2189250910557964,0.634032736926989,0.14704217201721442
25872,GOF,0.07297048335433318,0.6185963700199578,0.3084331466257089
25873,GOF,0.11589881180187027,0.6493097407296222,0.2347914474685075
25874,LOF,0.014894633747954083,0.105643436269992,0.8794619299820539
25875,LOF,0.09389627604396997,0.038503161563542554,0.8676005623924875
25876,LOF,0.03537439353669149,0.028492043245807668,0.936133563217501
25877,Neutral,0.5080199264261054,0.04108855733831041,0.45089151623558427
25878,LOF,0.2153436431315399,0.08423112004736859,0.7004252368210915
25879,LOF,0.08524664549949938,0.08279732844533273,0.8319560260551679
25880,LOF,0.04111988961588005,0.01591457521134842,0.9429655351727715
25881,LOF,0.18343492577437995,0.11202136150821088,0.7045437127174092
25882,LOF,0.06094361721791803,0.01830697000666277,0.9207494127754192
25883,LOF,0.06262228835143195,0.019304686440925978,0.918073025207642
25884,LOF,0.031116899078667746,0.02989656456856781,0.9389865363527644
25885,LOF,0.05600261732115979,0.012252825285260843,0.9317445573935794
25886,LOF,0.25079166343312953,0.03849742275340322,0.7107109138134672
25887,LOF,0.16197864297401285,0.06592161308290491,0.7720997439430823
25888,LOF,0.06101637381412388,0.055864872005499396,0.8831187541803767
25889,LOF,0.039351906871000236,0.02152656217967857,0.9391215309493213
25890,LOF,0.043512055167353826,0.16695336032340047,0.7895345845092457
25891,LOF,0.03679085235624692,0.054789410279257746,0.9084197373644953
25892,LOF,0.09369737561918391,0.02053338164413528,0.8857692427366809
25893,LOF,0.2610235709313069,0.01862950984715309,0.72034691922154
25894,LOF,0.1877548212253224,0.01053983267472231,0.8017053460999553
25895,LOF,0.21752814404375315,0.02110273458938165,0.7613691213668652
25896,LOF,0.052007967553669335,0.02373292074383592,0.9242591117024948
25897,LOF,0.2775855573399859,0.011602202057917796,0.7108122406020964
25898,Neutral,0.7163884699650104,0.009569101502652042,0.2740424285323375
25899,LOF,0.23178128313987878,0.021239298867548485,0.7469794179925727
25900,LOF,0.45776446831090456,0.016866635106904632,0.5253688965821908
25901,LOF,0.055253768420974715,0.013172816603063816,0.9315734149759616
25902,LOF,0.16245629776900686,0.014978286976860204,0.822565415254133
25903,Neutral,0.5801530692433094,0.02667986120365606,0.3931670695530346
25904,LOF,0.3361386884535269,0.04801582813299973,0.6158454834134733
25905,LOF,0.024860982168044218,0.3162168979658023,0.6589221198661535
25906,LOF,0.03343259129842382,0.0728609339043168,0.8937064747972593
25907,LOF,0.014512709545484025,0.3308627764879993,0.6546245139665166
25908,LOF,0.011112826240210852,0.2500304749968661,0.738856698762923
25909,LOF,0.013695450296642226,0.11784550529413707,0.8684590444092207
25910,LOF,0.048745535175052104,0.1371410866162832,0.8141133782086648
25911,LOF,0.1897191804831641,0.02086598180538318,0.7894148377114527
25912,LOF,0.05177054008403928,0.044473810632761214,0.9037556492831995
25913,LOF,0.31587992645415564,0.01868525112023683,0.6654348224256075
25914,LOF,0.019668566275295545,0.06740135504064222,0.9129300786840622
25915,Neutral,0.5520709017035926,0.18764691782451262,0.26028218047189466
25916,LOF,0.08584100848013881,0.24753894137892818,0.6666200501409331
25917,LOF,0.06617532511027618,0.048067184459560326,0.8857574904301635
25918,LOF,0.021666269555957445,0.03986536354114085,0.9384683669029016
25919,LOF,0.019008551941131553,0.0442661243539584,0.9367253237049101
25920,GOF,0.11550376505322997,0.5560819348726075,0.32841430007416256
25921,LOF,0.02359626640638182,0.028731758113326396,0.9476719754802918
25922,LOF,0.03194488156233319,0.021970394503942923,0.9460847239337239
25923,LOF,0.44381274833333245,0.02597184268910141,0.5302154089775662
25924,LOF,0.037416341517155505,0.03617774120696305,0.9264059172758815
25925,LOF,0.06914542134546363,0.03189206444270658,0.8989625142118298
25926,LOF,0.04746656038254806,0.026617654170539986,0.9259157854469119
25927,LOF,0.05784648929050644,0.11288342844429816,0.8292700822651955
25928,LOF,0.01817265687007524,0.0401805199305731,0.9416468231993517
25929,Neutral,0.564553816080946,0.028266044120853828,0.4071801397982001
25930,LOF,0.06983500811701336,0.023869035698871374,0.9062959561841153
25931,LOF,0.02661229489898636,0.02303955762918294,0.9503481474718307
25932,LOF,0.02943518833795135,0.02143255048624364,0.9491322611758051
25933,LOF,0.03908846088802403,0.015244917299237649,0.9456666218127383
25934,LOF,0.02614022697062849,0.017610622209613323,0.9562491508197581
25935,LOF,0.05994252794700581,0.036735129604663366,0.9033223424483309
25936,LOF,0.046762849105573046,0.018547366868505367,0.9346897840259215
25937,LOF,0.02464877263179237,0.02902578876286526,0.9463254386053422
25938,LOF,0.059320748504105264,0.0400409244010469,0.9006383270948478
25939,LOF,0.03883783647928459,0.015285110197756782,0.9458770533229587
25940,LOF,0.032741058980107145,0.3929973490608333,0.5742615919590596
25941,LOF,0.1740655761672615,0.12628924897483895,0.6996451748578996
25942,LOF,0.013986727584534897,0.033384043862198766,0.9526292285532665
25943,LOF,0.284980752899454,0.06026443650551167,0.6547548105950344
25944,Neutral,0.4993825080773487,0.026148134323453358,0.47446935759919806
25945,LOF,0.07034463696582745,0.022588921641026317,0.9070664413931463
25946,LOF,0.03285805630505202,0.12170209518426557,0.8454398485106823
25947,LOF,0.09912637954842117,0.2219339265733847,0.6789396938781942
25948,LOF,0.36756037451974966,0.007326285500797879,0.6251133399794525
25949,LOF,0.1272894649385935,0.038611965512360104,0.8340985695490463
25950,GOF,0.2638202972104196,0.41209142634889995,0.32408827644068033
25951,LOF,0.2081153892996783,0.2544622801814405,0.5374223305188811
25952,LOF,0.04480664078918279,0.4687099709664435,0.4864833882443738
25953,LOF,0.13619496797600483,0.1142258047638845,0.7495792272601107
25954,Neutral,0.4342750031136591,0.17966460392221165,0.3860603929641293
25955,LOF,0.048824957912017485,0.0873282597419382,0.8638467823460443
25956,LOF,0.1707661648031293,0.12551641861194765,0.703717416584923
25957,LOF,0.038766947429351634,0.028560926798832088,0.9326721257718164
25958,LOF,0.05626700611740763,0.029108253586598968,0.9146247402959934
25959,LOF,0.07052681306046842,0.3681920098820125,0.561281177057519
25960,LOF,0.01662826137732843,0.05488046308603603,0.9284912755366356
25961,LOF,0.042388623062507055,0.031644868970655764,0.9259665079668371
25962,LOF,0.05262854478288184,0.025668954166324923,0.9217025010507932
25963,LOF,0.04600251322216526,0.19810427867276267,0.755893208105072
25964,LOF,0.03195733192919307,0.15395963807518573,0.8140830299956212
25965,LOF,0.4520393670506923,0.06283767256602915,0.48512296038327846
25966,Neutral,0.5323393496309154,0.1603133143080721,0.30734733606101244
25967,LOF,0.020336265726427306,0.10145930079601269,0.87820443347756
25968,LOF,0.02573618373839457,0.40716880554920015,0.5670950107124053
25969,LOF,0.02701792421842682,0.06375657667955825,0.9092254991020149
25970,LOF,0.057415486608562,0.07151555947786384,0.8710689539135742
25971,LOF,0.06140496356660931,0.020554899645592907,0.9180401367877977
25972,LOF,0.06452965277653663,0.02882380480494639,0.906646542418517
25973,LOF,0.0655328392807516,0.008250133446045842,0.9262170272732024
25974,LOF,0.1985673509581301,0.015698884095463758,0.7857337649464061
25975,LOF,0.04420527310715135,0.020703797714190432,0.9350909291786581
25976,LOF,0.04180492916523635,0.014528789135301744,0.943666281699462
25977,LOF,0.14860296502188003,0.08922123536284067,0.7621757996152794
25978,LOF,0.14235778616772676,0.06414245948110527,0.7934997543511678
25979,LOF,0.13190208652875587,0.06500956772926315,0.8030883457419811
25980,LOF,0.22822613944318812,0.08084621119132515,0.6909276493654867
25981,LOF,0.26132617310139167,0.07833826269470144,0.6603355642039069
25982,LOF,0.41516475391323765,0.053506881829214016,0.5313283642575484
25983,LOF,0.39850682879433563,0.05865276136921174,0.5428404098364527
25984,LOF,0.045187161802418885,0.04591626453643098,0.9088965736611501
25985,LOF,0.03848896838387765,0.2645321430947358,0.6969788885213865
25986,LOF,0.04275968785719643,0.29019320399578896,0.6670471081470146
25987,LOF,0.07643559800308439,0.06658758538610186,0.8569768166108136
25988,LOF,0.14959089156185382,0.05818163923341163,0.7922274692047346
25989,LOF,0.030762431517962794,0.13151661318924274,0.8377209552927944
25990,LOF,0.041111546893778765,0.1513883687383495,0.8075000843678717
25991,LOF,0.12370699615645683,0.34828517833485206,0.5280078255086911
25992,LOF,0.3119542855656124,0.2251048921228423,0.4629408223115452
25993,LOF,0.02177548929627596,0.08568920813058387,0.8925353025731402
25994,LOF,0.01558560870191812,0.11014825236147945,0.8742661389366024
25995,LOF,0.023250006084474827,0.24157406146996702,0.7351759324455582
25996,GOF,0.28025119994205505,0.49351026671033343,0.22623853334761146
25997,GOF,0.0722210309797685,0.46541644061530485,0.4623625284049266
25998,LOF,0.4810666764880452,0.02266796416311048,0.49626535934884436
25999,LOF,0.11018313407697913,0.09677786046139476,0.7930390054616262
26000,LOF,0.1571815725926165,0.04475955769594448,0.798058869711439
26001,LOF,0.19149137500305902,0.047970511010613275,0.7605381139863276
26002,LOF,0.13359572483221804,0.043537890584609856,0.8228663845831721
26003,GOF,0.011123157905678109,0.5834812716892545,0.4053955704050674
26004,GOF,0.020185730194172663,0.66343806553679,0.3163762042690374
26005,LOF,0.007200893160711222,0.4635665241832873,0.5292325826560015
26006,Neutral,0.4871653843157826,0.27139785996887866,0.2414367557153388
26007,GOF,0.01879650022420803,0.529379360929122,0.45182413884667005
26008,GOF,0.0158020147401495,0.5746630323866321,0.40953495287321834
26009,GOF,0.0216444589999437,0.6609457767169766,0.3174097642830796
26010,GOF,0.02216813416272507,0.63547484903836,0.3423570167989149
26011,LOF,0.006866622003718877,0.44440047411492284,0.5487329038813583
26012,GOF,0.012344618512068936,0.5337837489169265,0.45387163257100455
26013,GOF,0.02070714725925453,0.5984119707868297,0.38088088195391573
26014,LOF,0.037615156798730995,0.10667277891955342,0.8557120642817156
26015,LOF,0.18710363478008968,0.014676631632134647,0.7982197335877756
26016,LOF,0.22192449460283895,0.05390745051561082,0.7241680548815502
26017,LOF,0.24320963041391583,0.08726411844683775,0.6695262511392465
26018,LOF,0.086446659839426,0.03509542546589634,0.8784579146946776
26019,LOF,0.08334698659938532,0.027099347750794076,0.8895536656498205
26020,LOF,0.07298184215716302,0.10988601096229282,0.8171321468805443
26021,LOF,0.04675230053195109,0.11615204322083081,0.8370956562472182
26022,LOF,0.011384713171163343,0.04008137700234126,0.9485339098264953
26023,LOF,0.06857261896661308,0.02177752273302033,0.9096498583003666
26024,LOF,0.030493057873512436,0.12320583078592343,0.8463011113405642
26025,LOF,0.15835211967360266,0.08995766830072888,0.7516902120256684
26026,LOF,0.3273011687388577,0.03066203384217523,0.6420367974189671
26027,LOF,0.06310282509133608,0.01682755473126022,0.9200696201774037
26028,LOF,0.1739888224553764,0.06005159275819981,0.7659595847864239
26029,LOF,0.06704449409806838,0.19948519286994176,0.73347031303199
26030,LOF,0.023438703354379243,0.058411847481841896,0.9181494491637788
26031,LOF,0.026056584382518806,0.1466110916016714,0.8273323240158097
26032,LOF,0.0670840911707668,0.09636318997145983,0.8365527188577734
26033,LOF,0.08116343592362604,0.0912520963852652,0.8275844676911087
26034,LOF,0.04437133217225055,0.1750183333902814,0.7806103344374681
26035,LOF,0.026145527894088607,0.16118019426100075,0.8126742778449105
26036,LOF,0.0396518408600489,0.1808936095443035,0.7794545495956476
26037,LOF,0.021478480188976693,0.12957283356499286,0.8489486862460305
26038,LOF,0.06235428224980155,0.09894704297193792,0.8386986747782604
26039,LOF,0.05088378820664831,0.16715372222680838,0.7819624895665432
26040,LOF,0.19587412301596105,0.14303005413300499,0.661095822851034
26041,LOF,0.022777286759816277,0.12295064401167213,0.8542720692285117
26042,LOF,0.020758080264470773,0.11500444362969428,0.864237476105835
26043,LOF,0.06277534633198834,0.1143615394075641,0.8228631142604474
26044,LOF,0.022061311071317865,0.07665379270684843,0.9012848962218337
26045,LOF,0.06640214948432305,0.10913303224238713,0.8244648182732899
26046,LOF,0.05668192691898603,0.09000307362256546,0.8533149994584486
26047,LOF,0.07460789448874335,0.09418049751063444,0.8312116080006223
26048,LOF,0.04517662310798085,0.04395438586136921,0.91086899103065
26049,Neutral,0.9672129333531043,0.00735932152075513,0.0254277451261406
26050,Neutral,0.9555111778463733,0.00946530540876047,0.03502351674486613
26051,LOF,0.04972685613225212,0.265726983434313,0.684546160433435
26052,LOF,0.06821095712217269,0.30015136511269325,0.631637677765134
26053,LOF,0.055345795240135734,0.1319619739824273,0.812692230777437
26054,LOF,0.05236545334503888,0.016379828060417247,0.9312547185945439
26055,LOF,0.0722186680878266,0.013916070754093894,0.9138652611580795
26056,LOF,0.05961124483670023,0.015657971702747672,0.924730783460552
26057,LOF,0.03151051866200798,0.012589550750625837,0.9558999305873661
26058,LOF,0.033063560937347074,0.009893624743014631,0.9570428143196383
26059,LOF,0.27028550029136506,0.02014853782279777,0.7095659618858371
26060,LOF,0.03955853068313168,0.1713302130694683,0.7891112562474001
26061,LOF,0.01861411284849538,0.010975430367008772,0.9704104567844959
26062,LOF,0.010781349316629071,0.01683513373054935,0.9723835169528217
26063,LOF,0.020879634515493503,0.010841020298503586,0.9682793451860028
26064,LOF,0.02187265641007578,0.02024334820730487,0.9578839953826194
26065,LOF,0.02652577075075338,0.010671064218721554,0.962803165030525
26066,LOF,0.021248587760770037,0.011369117329731705,0.9673822949094982
26067,LOF,0.02695764829711932,0.00853874398511215,0.9645036077177684
26068,LOF,0.04620103004005461,0.027136677196020215,0.9266622927639251
26069,LOF,0.2834201298371404,0.018639220648557296,0.6979406495143022
26070,LOF,0.4345537822693507,0.015182414199506652,0.5502638035311427
26071,LOF,0.02118422235746674,0.011638354571538202,0.9671774230709951
26072,LOF,0.020958121006921487,0.014631733017562406,0.9644101459755162
26073,LOF,0.021287324501898724,0.009757175197340043,0.9689555003007613
26074,Neutral,0.9220723880649518,0.00530914124707011,0.072618470687978
26075,LOF,0.04558908623020324,0.013653463552415483,0.9407574502173813
26076,LOF,0.040873499706481915,0.008759555791119698,0.9503669445023983
26077,LOF,0.009479673040347313,0.014682109138981096,0.9758382178206716
26078,LOF,0.01311294107692632,0.011266331341627637,0.975620727581446
26079,LOF,0.06076168325064005,0.01563792383966801,0.923600392909692
26080,LOF,0.05988513589095903,0.015651248603968174,0.9244636155050728
26081,LOF,0.03297396850117792,0.0062352600728349744,0.9607907714259871
26082,LOF,0.013283862186565066,0.015300767083465745,0.9714153707299692
26083,LOF,0.18001215750844055,0.012992146310040479,0.806995696181519
26084,LOF,0.04262008212131501,0.010724165988003027,0.9466557518906819
26085,LOF,0.03864579858089157,0.010334875648897172,0.9510193257702112
26086,LOF,0.019914222662088137,0.010589475658593021,0.9694963016793189
26087,LOF,0.025341215770815242,0.007691191682821866,0.9669675925463628
26088,LOF,0.01521216878310994,0.021961242135072955,0.962826589081817
26089,LOF,0.04188165899892031,0.020221181387898527,0.9378971596131811
26090,LOF,0.041700952416964684,0.01603184484956766,0.9422672027334676
26091,LOF,0.03440796616713951,0.006049010792255964,0.9595430230406046
26092,LOF,0.02306789781696184,0.00780636796287534,0.9691257342201628
26093,LOF,0.03402983933102862,0.005825645390187842,0.9601445152787835
26094,LOF,0.035138939255715596,0.0062024997509707155,0.9586585609933137
26095,LOF,0.03916257996631277,0.012505035435913851,0.9483323845977734
26096,LOF,0.01748602695418962,0.010881910122564276,0.9716320629232461
26097,LOF,0.010968553282483728,0.030368731066269937,0.9586627156512463
26098,LOF,0.07754487348267135,0.010357385914651736,0.912097740602677
26099,LOF,0.02152128898018672,0.011840726905496595,0.9666379841143166
26100,LOF,0.02417287285025595,0.011347726073758693,0.9644794010759854
26101,LOF,0.049041216323141464,0.01420795020790964,0.9367508334689488
26102,LOF,0.021468957270930882,0.012146576740374374,0.9663844659886947
26103,Neutral,0.8839704753818014,0.017404889704665444,0.09862463491353322
26104,LOF,0.0847533285853765,0.022642888642236136,0.8926037827723874
26105,LOF,0.19221868156557387,0.2775175091600933,0.5302638092743328
26106,LOF,0.184630325114966,0.11510289783099689,0.7002667770540372
26107,LOF,0.23083196487903443,0.08940737820515136,0.6797606569158142
26108,LOF,0.2673032586527907,0.10100772479743615,0.6316890165497733
26109,LOF,0.09616695671141211,0.05317385421573794,0.85065918907285
26110,LOF,0.22594498891450926,0.007479422634350599,0.76657558845114
26111,Neutral,0.5066658138130061,0.023481506149947734,0.46985268003704617
26112,LOF,0.03359973569029107,0.008061535965303634,0.9583387283444054
26113,LOF,0.07053246173807433,0.018973298231640557,0.9104942400302851
26114,LOF,0.023524839770614255,0.025370179434947644,0.9511049807944382
26115,LOF,0.08162998537290228,0.0527148423537958,0.8656551722733018
26116,LOF,0.062395847123485594,0.054280279935595185,0.8833238729409193
26117,LOF,0.4334645159878426,0.0450237171498681,0.5215117668622893
26118,LOF,0.03243430899410055,0.02509276001643562,0.9424729309894638
26119,LOF,0.021333635039343008,0.034936345878799055,0.9437300190818578
26120,LOF,0.025704903666468486,0.020467880327309347,0.9538272160062222
26121,LOF,0.04221727832513114,0.08003503561206285,0.877747686062806
26122,LOF,0.04129914008660357,0.03519796433300517,0.9235028955803912
