feature0,prediction,LoGoFunc_Neutral,LoGoFunc_GOF,LoGoFunc_LOF
25546,Neutral,0.6389892155453847,0.06227568163509491,0.2987351028195203
25547,Neutral,0.5282914438893951,0.09547894330930753,0.3762296128012974
25548,Neutral,0.5264745764956251,0.08579441359542209,0.3877310099089528
25549,Neutral,0.46903508953151263,0.08291003616343037,0.44805487430505697
25550,LOF,0.39295417921878384,0.09258175229974218,0.514464068481474
25551,LOF,0.3426900132092456,0.10422514136199766,0.5530848454287568
25552,LOF,0.3221126820788831,0.11168912115734196,0.5661981967637749
25553,Neutral,0.7964204106214644,0.05357525544031898,0.15000433393821672
25554,LOF,0.35336733196274167,0.10414916650651332,0.542483501530745
25555,LOF,0.3046338346446612,0.10079688220186077,0.594569283153478
25556,Neutral,0.4779493760470165,0.10073746833993781,0.4213131556130457
25557,LOF,0.29822361578688145,0.10383811049040255,0.597938273722716
25558,LOF,0.34898723567598317,0.09931262178435274,0.551700142539664
25559,LOF,0.2395903945263327,0.056316802380929905,0.7040928030927375
25560,LOF,0.09759841268540566,0.1578393386618959,0.7445622486526984
25561,LOF,0.10211669268026359,0.20588889544917788,0.6919944118705584
25562,LOF,0.035873141529380544,0.09873723617470398,0.8653896222959154
25563,LOF,0.008390307060911817,0.14940071061381952,0.8422089823252688
25564,LOF,0.08146561007880752,0.11082647404735843,0.8077079158738341
25565,LOF,0.18659410816239688,0.14612812927051638,0.6672777625670867
25566,GOF,0.059932179923692354,0.6836983587763891,0.2563694612999186
25567,LOF,0.04988819764739648,0.15733125694713868,0.7927805454054648
25568,LOF,0.0602801806204353,0.09580360822108094,0.8439162111584837
25569,LOF,0.061563347980236306,0.08892019367697965,0.849516458342784
25570,LOF,0.02650290500816389,0.13460665607055755,0.8388904389212785
25571,LOF,0.025869151123446642,0.13984425446591073,0.8342865944106427
25572,LOF,0.05689892745613083,0.19365358327506907,0.7494474892688001
25573,LOF,0.060906326649788435,0.12367959892564954,0.8154140744245622
25574,LOF,0.07119726854163815,0.2493003999778222,0.6795023314805396
25575,LOF,0.023623752016717472,0.15825916790134625,0.8181170800819363
25576,LOF,0.024924245886621732,0.2189000039599358,0.7561757501534424
25577,LOF,0.029509676870783277,0.1831437988682937,0.787346524260923
25578,LOF,0.3231373584363968,0.09948277767247923,0.577379863891124
25579,LOF,0.23485004623109618,0.09669630219845732,0.6684536515704464
25580,LOF,0.023352256681617,0.10022885688890433,0.8764188864294786
25581,LOF,0.0496032814489559,0.0997268268697533,0.8506698916812908
25582,LOF,0.04920621597751523,0.09685075648554906,0.8539430275369359
25583,LOF,0.028931606772290275,0.11418818401307768,0.8568802092146321
25584,Neutral,0.6994481423556774,0.11955986814812611,0.18099198949619635
25585,LOF,0.022063561883664998,0.195384420892312,0.7825520172240229
25586,LOF,0.019628054295005228,0.12016898729051487,0.8602029584144798
25587,LOF,0.019435876752244754,0.10765328520063726,0.8729108380471181
25588,LOF,0.02356367400529162,0.0989691257556489,0.8774672002390596
25589,Neutral,0.5481801038636387,0.22669230117916367,0.22512759495719772
25590,LOF,0.054712386809807396,0.13555940538368813,0.8097282078065045
25591,LOF,0.07899693529588336,0.0872091741704865,0.8337938905336302
25592,LOF,0.06902489646215194,0.16930568526244905,0.761669418275399
25593,LOF,0.1017325310610355,0.2963790721894659,0.6018883967494987
25594,LOF,0.0562574177553987,0.030039891969510606,0.9137026902750907
25595,LOF,0.05824159577597961,0.020786841345876335,0.9209715628781441
25596,LOF,0.12593298448992093,0.014377906015034128,0.8596891094950451
25597,LOF,0.08600459743774551,0.015645127021152786,0.8983502755411018
25598,LOF,0.051957309829286535,0.020963941975328595,0.9270787481953849
25599,LOF,0.02704785619868702,0.4012918803247867,0.5716602634765263
25600,LOF,0.190197427206257,0.37361379738338574,0.4361887754103573
25601,LOF,0.04454647574566067,0.3147418756908903,0.640711648563449
25602,LOF,0.03446718568880992,0.07070026367055593,0.8948325506406342
25603,LOF,0.05250993204384372,0.0754626123180001,0.8720274556381562
25604,LOF,0.055585729399879956,0.13072641339809077,0.8136878572020293
25605,LOF,0.04297596907111136,0.2082588364493346,0.748765194479554
25606,Neutral,0.4261026409611102,0.2288869120984026,0.3450104469404873
25607,LOF,0.03288688389189276,0.2601891418965927,0.7069239742115145
25608,LOF,0.04273526028785287,0.1134149793916925,0.8438497603204546
25609,GOF,0.15857447974105304,0.573157305454631,0.2682682148043161
25610,LOF,0.019108349393577605,0.052009283597115756,0.9288823670093066
25611,LOF,0.013928116694583126,0.05243950754098081,0.933632375764436
25612,LOF,0.05117114563603166,0.060968684502240966,0.8878601698617273
25613,LOF,0.04776824722203547,0.05796605619433494,0.8942656965836296
25614,LOF,0.023661822059794318,0.0483597953178652,0.9279783826223404
25615,LOF,0.04408083647429006,0.0515522115924223,0.9043669519332878
25616,LOF,0.06411063561376693,0.05445258818903249,0.8814367761972006
25617,LOF,0.049140391609951935,0.05866594079195132,0.8921936675980968
25618,LOF,0.04942631491939744,0.08104581531474377,0.8695278697658588
25619,LOF,0.01458715272283202,0.06583420830127247,0.9195786389758955
25620,LOF,0.05215276448452267,0.05473573498196345,0.8931115005335138
25621,LOF,0.06602728902569094,0.04761372052732223,0.8863589904469868
25622,LOF,0.08154550947455161,0.05576751518043383,0.8626869753450145
25623,LOF,0.0686527881634086,0.05178893503967001,0.8795582767969213
25624,LOF,0.022270443601948357,0.05485876412168383,0.9228707922763678
25625,LOF,0.06674357678242628,0.05284773088750174,0.8804086923300719
25626,LOF,0.05304910231343579,0.05235683342620998,0.8945940642603543
25627,Neutral,0.8876620603813797,0.024484812714943547,0.08785312690367675
25628,LOF,0.15959629428499597,0.06985485124807957,0.7705488544669244
25629,LOF,0.06603751087476044,0.06623759296556182,0.8677248961596777
25630,LOF,0.2821392348965074,0.0782276969924701,0.6396330681110225
25631,Neutral,0.5381738668250723,0.06233224305560029,0.3994938901193275
25632,LOF,0.031647513328842275,0.13932779744631316,0.8290246892248446
25633,LOF,0.23687419962173176,0.07212416405202711,0.691001636326241
25634,LOF,0.04430757066991234,0.1375980532918234,0.8180943760382642
25635,LOF,0.041185420256094826,0.06299263247782683,0.8958219472660783
25636,GOF,0.030516213075109613,0.568639632605974,0.4008441543189163
25637,GOF,0.04917827788566647,0.5547263348922522,0.3960953872220813
25638,LOF,0.024600505149541665,0.48357209428575754,0.49182740056470065
25639,LOF,0.031631707727501096,0.4716045863640312,0.4967637059084677
25640,Neutral,0.8463722499906425,0.08884180437700799,0.06478594563234948
25641,LOF,0.09982220947848203,0.44288482756730363,0.45729296295421445
25642,LOF,0.08997044455332777,0.1751727971507163,0.7348567582959559
25643,LOF,0.3589369012242968,0.09776826358949287,0.5432948351862104
25644,GOF,0.0100397952378922,0.6324367218389415,0.3575234829231663
25645,GOF,0.010874016270187763,0.5916312827940088,0.39749470093580347
25646,LOF,0.023858301234010695,0.42275032128572454,0.5533913774802647
25647,LOF,0.010620536251790907,0.30490365161083405,0.6844758121373752
25648,LOF,0.011441835132096848,0.39049552775463275,0.5980626371132705
25649,LOF,0.0077510390648176455,0.30295919963475826,0.6892897613004241
25650,GOF,0.025171747354637217,0.6202756116156967,0.354552641029666
25651,LOF,0.00983593070669261,0.4156337010755686,0.5745303682177388
25652,LOF,0.013246402701714132,0.44151152949860223,0.5452420677996836
25653,GOF,0.03940524598240446,0.5969070243441444,0.3636877296734512
25654,LOF,0.011289306247869607,0.28124549719534725,0.7074651965567832
25655,GOF,0.11089452597554647,0.6124437550284139,0.27666171899603975
25656,LOF,0.2693730815582102,0.0877991684023648,0.6428277500394249
25657,LOF,0.03395942053398275,0.10177362429144557,0.8642669551745716
25658,LOF,0.31461165486465664,0.13590986905981217,0.5494784760755311
25659,Neutral,0.48789942353505616,0.1458891604535048,0.36621141601143914
25660,LOF,0.022719517326784434,0.09579478429072201,0.8814856983824936
25661,LOF,0.07036325841854263,0.06643807763336816,0.8631986639480892
25662,LOF,0.02877775019647421,0.03526500866099397,0.9359572411425319
25663,LOF,0.03058086536824899,0.03513223144717062,0.9342869031845803
25664,LOF,0.10317047066539528,0.06182491235752386,0.8350046169770808
25665,LOF,0.06450860470655276,0.026911905105388496,0.9085794901880588
25666,LOF,0.07244133478210961,0.04834580889742202,0.8792128563204684
25667,LOF,0.061778788714748054,0.03992654086868009,0.8982946704165718
25668,LOF,0.029928977401018905,0.05094148827712238,0.9191295343218587
25669,LOF,0.022319112556117748,0.04672092848717664,0.9309599589567056
25670,LOF,0.11248159362758359,0.04413891419646906,0.8433794921759474
25671,LOF,0.09161434883238441,0.03620136050994111,0.8721842906576744
25672,LOF,0.05316893241082264,0.04289089467162811,0.9039401729175492
25673,LOF,0.08557225686596431,0.04062506142087096,0.8738026817131647
25674,LOF,0.08255735571012571,0.05324894908498003,0.8641936952048942
25675,LOF,0.07914680410508189,0.06813053656775746,0.8527226593271607
25676,LOF,0.016760101174325373,0.05659776141964757,0.9266421374060271
25677,LOF,0.0165581208183342,0.0767834023575714,0.9066584768240945
25678,LOF,0.1572668699717106,0.09456804812548804,0.7481650819028014
25679,LOF,0.10890698030782228,0.08992984248821455,0.8011631772039632
25680,LOF,0.02550230477502654,0.11625572626708322,0.8582419689578903
25681,LOF,0.03928590382604049,0.10654993030982544,0.8541641658641341
25682,LOF,0.11523720202860752,0.06564874948422841,0.8191140484871641
25683,LOF,0.10392345611374329,0.08089192643728106,0.8151846174489757
25684,LOF,0.027964180753725615,0.05715736886512945,0.9148784503811449
25685,LOF,0.13731641712928622,0.07948024462613024,0.7832033382445834
25686,LOF,0.07298892184709295,0.11962424891885677,0.8073868292340504
25687,LOF,0.14288841923088524,0.11363388669835417,0.7434776940707605
25688,LOF,0.4038006014281196,0.03254366430492654,0.5636557342669539
25689,LOF,0.28545614578770134,0.04261148372695946,0.6719323704853392
25690,LOF,0.3479200390818541,0.02838783241377416,0.6236921285043717
25691,Neutral,0.701135609800045,0.027160165003037837,0.27170422519691706
25692,LOF,0.3678183909420628,0.011648437562807269,0.62053317149513
25693,GOF,0.04387993944084781,0.505575234034623,0.4505448265245292
25694,LOF,0.10897985242591449,0.017701060411567632,0.8733190871625178
25695,LOF,0.09890982075476773,0.008536148254223434,0.8925540309910088
25696,LOF,0.10360274861070352,0.012357581806193986,0.8840396695831024
25697,LOF,0.05717093173066435,0.07287853043219829,0.8699505378371373
25698,LOF,0.27240836194430484,0.24720637396106304,0.480385264094632
25699,LOF,0.46069366213839774,0.027815500059876257,0.511490837801726
25700,LOF,0.06473994241036549,0.00889651625596727,0.9263635413336673
25701,LOF,0.18228404043799037,0.02933363854913658,0.7883823210128731
25702,GOF,0.18510184227501053,0.6353204755138887,0.17957768221110085
25703,LOF,0.016598514100587266,0.16724492685849854,0.8161565590409141
25704,LOF,0.03408477311520084,0.14642633059384608,0.819488896290953
25705,LOF,0.04304120658262995,0.07150629454477345,0.8854524988725966
25706,LOF,0.09803720194851524,0.4278212522352948,0.47414154581619006
25707,LOF,0.07736120187327467,0.37288816234769706,0.5497506357790283
25708,LOF,0.03685217047330003,0.3546439223936645,0.6085039071330354
25709,LOF,0.07965345053200573,0.030053037254587644,0.8902935122134066
25710,LOF,0.01476014274201885,0.12460111431011962,0.8606387429478615
25711,LOF,0.02152653024733857,0.06440082488403998,0.9140726448686214
25712,LOF,0.01579287730492341,0.1690172474736387,0.8151898752214379
25713,LOF,0.018866373736681045,0.0625266859742215,0.9186069402890976
25714,LOF,0.08722448444142043,0.04399071365354471,0.8687848019050349
25715,LOF,0.011543212620289274,0.0938692683338083,0.8945875190459023
25716,LOF,0.009948682720889475,0.09690284286570948,0.8931484744134011
25717,LOF,0.01578370070243134,0.05908772473721129,0.9251285745603574
25718,LOF,0.011185323870059046,0.041017238628846,0.9477974375010949
25719,LOF,0.02265520461458561,0.056163309611418244,0.9211814857739962
25720,LOF,0.028433619378458362,0.03873297916866302,0.9328334014528786
25721,LOF,0.011339576984168206,0.05391099826150957,0.9347494247543222
25722,LOF,0.012875648328171454,0.04526409642587787,0.9418602552459506
25723,LOF,0.026513942564784853,0.03070310675763817,0.9427829506775771
25724,LOF,0.03259953247753905,0.057515581228079725,0.9098848862943812
25725,LOF,0.011431301656767642,0.055891682252752914,0.9326770160904795
25726,LOF,0.016582142078959413,0.0674647846946083,0.9159530732264323
25727,LOF,0.013744444549682539,0.04437982579400825,0.9418757296563092
25728,LOF,0.010415406346930011,0.062362886887785726,0.9272217067652843
25729,LOF,0.010751918129305484,0.06123736818060834,0.9280107136900863
25730,LOF,0.014008472007901469,0.06428316526565676,0.9217083627264417
25731,LOF,0.018685580542913523,0.08642166568814873,0.8948927537689378
25732,LOF,0.01253567672540747,0.04251923787419826,0.9449450854003942
25733,LOF,0.01460902190655095,0.04844067521855396,0.9369503028748952
25734,LOF,0.012108726647772142,0.11965076562122633,0.8682405077310015
25735,LOF,0.011307996180307754,0.04726478292720042,0.9414272208924919
25736,LOF,0.012348468540684622,0.055891765844221154,0.9317597656150941
25737,LOF,0.012008846496092648,0.08264902807396357,0.9053421254299437
25738,LOF,0.012302380447642878,0.08486967600805177,0.9028279435443053
25739,LOF,0.02087845267220552,0.05652435002891934,0.9225971972988752
25740,LOF,0.030973368670588818,0.10330733679716568,0.8657192945322456
25741,LOF,0.015367955493264966,0.0898872577715847,0.8947447867351503
25742,LOF,0.13257261396954867,0.06086273231310993,0.8065646537173413
25743,LOF,0.041201161231178104,0.05908484565004783,0.8997139931187741
25744,Neutral,0.6521051708083786,0.2248977439362932,0.12299708525532829
25745,LOF,0.05960572752414193,0.0841295470090821,0.856264725466776
25746,LOF,0.04400529737389739,0.1190171362497622,0.8369775663763405
25747,LOF,0.017918254787373935,0.11904197184972924,0.8630397733628968
25748,LOF,0.11450716758732035,0.19193022691782774,0.6935626054948519
25749,LOF,0.02847862715067223,0.10141342450993501,0.8701079483393929
25750,LOF,0.07017762539432376,0.12372675833472045,0.8060956162709558
25751,LOF,0.11083133182520113,0.14328671130359474,0.7458819568712042
25752,GOF,0.13067108348874884,0.6294003623103753,0.23992855420087586
25753,LOF,0.031337501936470384,0.39253679949475817,0.5761256985687715
25754,GOF,0.02018371136769045,0.7976252290597842,0.18219105957252532
25755,LOF,0.031142759671901773,0.3691524473005,0.5997047930275982
25756,LOF,0.06417426039930686,0.4225735967739762,0.5132521428267169
25757,GOF,0.019111951717214293,0.8836534600066095,0.09723458827617625
25758,GOF,0.029168610748805432,0.8162178650891325,0.15461352416206206
25759,GOF,0.011628926172690209,0.6804379636654521,0.30793311016185765
25760,LOF,0.019033322862410593,0.37317791701934283,0.6077887601182467
25761,GOF,0.2861977995585919,0.6130671169063698,0.10073508353503827
25762,LOF,0.053719875842895136,0.3373958053412237,0.6088843188158811
25763,LOF,0.017553977552007525,0.2654592264856399,0.7169867959623526
25764,GOF,0.07538221010289786,0.6840534896819896,0.24056430021511252
25765,GOF,0.036990267091859395,0.7694077496251976,0.19360198328294295
25766,GOF,0.0854400350983863,0.74010691801362,0.17445304688799368
25767,LOF,0.12504819657411795,0.3961941290520158,0.47875767437386635
25768,LOF,0.10692907317933158,0.03946696384549884,0.8536039629751695
25769,LOF,0.05596720478443381,0.06746556581378416,0.876567229401782
25770,LOF,0.36721960897045547,0.1173052329800816,0.515475158049463
25771,LOF,0.06286369043418867,0.05700832131207392,0.8801279882537375
25772,LOF,0.019697520314759888,0.05189370404946205,0.9284087756357782
25773,LOF,0.06410270024153787,0.0653948584639172,0.8705024412945449
25774,LOF,0.03128157352121348,0.13082426047619183,0.8378941660025947
25775,LOF,0.06448687589710378,0.061924677130107866,0.8735884469727883
25776,LOF,0.07801547551030479,0.03639547670049265,0.8855890477892027
25777,LOF,0.36022110675149727,0.11021168323348282,0.5295672100150199
25778,LOF,0.0763109154988078,0.05112660364262715,0.872562480858565
25779,GOF,0.42177849464573186,0.5369366894186517,0.041284815935616496
25780,GOF,0.3433060146852827,0.5749931081398615,0.0817008771748558
25781,GOF,0.11240080950344605,0.7649020701393543,0.12269712035719964
25782,GOF,0.19238071430487308,0.7229854286425068,0.08463385705262007
25783,GOF,0.025043477608631202,0.6722005079130755,0.30275601447829326
25784,Neutral,0.5349318035266397,0.4251414843702802,0.03992671210308011
25785,Neutral,0.5128730488475521,0.43124866973042525,0.055878281422022655
25786,GOF,0.03594348646811902,0.6971763897260105,0.2668801238058704
25787,Neutral,0.6818592047953164,0.2849396377508038,0.03320115745387998
25788,LOF,0.05594245343835795,0.06652359260035896,0.8775339539612831
25789,GOF,0.220062555380454,0.6225643625702884,0.15737308204925757
25790,GOF,0.27103134209355206,0.6264997835401414,0.10246887436630654
25791,GOF,0.1639047221428792,0.6170125890396758,0.21908268881744494
25792,GOF,0.38086217321461585,0.45843344840091144,0.1607043783844728
25793,GOF,0.29641793918055553,0.43714961381634965,0.2664324470030947
25794,GOF,0.3228852866918005,0.45546517501737466,0.2216495382908249
25795,GOF,0.06260968801125799,0.6700524894619282,0.2673378225268139
25796,Neutral,0.5407260644743188,0.3844709755773426,0.07480295994833856
25797,GOF,0.08511510314647013,0.5041934001309841,0.41069149672254585
25798,LOF,0.011279483694658135,0.48411226332105856,0.5046082529842834
25799,LOF,0.009130829777448808,0.42262099443650614,0.568248175786045
25800,GOF,0.045328079244973465,0.5926095155534682,0.3620624052015584
25801,GOF,0.2772552603513851,0.6179364950672632,0.10480824458135182
25802,GOF,0.08225287914197216,0.6251021859148423,0.2926449349431855
25803,GOF,0.04898454882963,0.5210005513083076,0.4300148998620624
25804,LOF,0.041300907820522044,0.45082760150377454,0.5078714906757034
25805,GOF,0.13472643149472094,0.5412029486905023,0.3240706198147766
25806,GOF,0.15108231134465538,0.5537664556459397,0.29515123300940493
25807,GOF,0.021043469859901572,0.5839379017544232,0.39501862838567525
25808,GOF,0.12377743041607751,0.5157364199395634,0.360486149644359
25809,GOF,0.021171012453694044,0.5700604190933739,0.4087685684529321
25810,GOF,0.023691313577879895,0.5671938639182037,0.4091148225039164
25811,Neutral,0.5021415716205869,0.4305240659675213,0.06733436241189165
25812,GOF,0.03699081528321069,0.5877066454696407,0.3753025392471487
25813,Neutral,0.5676973177635181,0.31628035834718243,0.11602232388929942
25814,GOF,0.12109007276350256,0.6159031297495454,0.26300679748695205
25815,GOF,0.24467580046171133,0.5537816812608889,0.20154251827739972
25816,GOF,0.01951328715259694,0.6612801738045766,0.3192065390428264
25817,GOF,0.20525017930724618,0.6608403492857282,0.13390947140702558
25818,GOF,0.043442420708120565,0.5307650668597202,0.42579251243215926
25819,GOF,0.401799973932045,0.43990419600482444,0.15829583006313053
25820,GOF,0.22362545089023916,0.5685641056252471,0.20781044348451377
25821,GOF,0.06323949445676184,0.6629993610265889,0.2737611445166493
25822,GOF,0.24138139401967523,0.5075134511783371,0.2511051548019877
25823,LOF,0.03292684277873846,0.44014878869923796,0.5269243685220236
25824,GOF,0.08604538905305212,0.4801598001982903,0.4337948107486575
25825,GOF,0.032299631310281754,0.48869567279611525,0.47900469589360295
25826,LOF,0.01112894548682387,0.468577427700766,0.5202936268124102
25827,GOF,0.019024893311382657,0.5375028726253059,0.4434722340633115
25828,LOF,0.011731996548661805,0.4624634296315017,0.5258045738198365
25829,GOF,0.006464356759515345,0.5278683250426028,0.4656673181978818
25830,LOF,0.03799830007556701,0.25641145431958706,0.705590245604846
25831,GOF,0.13952176836190916,0.71942906425127,0.14104916738682083
25832,GOF,0.03374395299762433,0.6504427404424621,0.3158133065599136
25833,GOF,0.12227995500751475,0.6473550016844735,0.23036504330801166
25834,GOF,0.040209668785291544,0.6458823408898116,0.31390799032489697
25835,GOF,0.09324889291289766,0.6055180394990058,0.30123306758809637
25836,GOF,0.04980679030647284,0.6154620506470004,0.33473115904652667
25837,GOF,0.023625628271624934,0.4887711151423487,0.48760325658602643
25838,GOF,0.0902904537773781,0.6697950513691505,0.23991449485347138
25839,GOF,0.31210093680999695,0.5101874082779779,0.17771165491202504
25840,GOF,0.23945554903887903,0.5644433758896309,0.19610107507149005
25841,GOF,0.2373496157394118,0.570437469501845,0.1922129147587432
25842,GOF,0.187758124752458,0.5982549568749749,0.2139869183725671
25843,GOF,0.23564848459471802,0.6136372829048967,0.1507142325003852
25844,GOF,0.05384284486145424,0.61538918808055,0.33076796705799577
25845,LOF,0.012368838511061549,0.4488186428822242,0.5388125186067143
25846,GOF,0.0849118647492865,0.7103598867755094,0.2047282484752041
25847,GOF,0.13571174263486324,0.6783873263222695,0.18590093104286728
25848,GOF,0.03594673362447718,0.6321583600859648,0.3318949062895579
25849,GOF,0.01076196591963493,0.5227820754154987,0.46645595866486633
25850,GOF,0.02636011398749877,0.5551207064463696,0.41851917956613177
25851,LOF,0.02095023416759883,0.46554454776994275,0.5135052180624585
25852,GOF,0.14354240995521653,0.5562340821935199,0.3002235078512635
25853,GOF,0.33442403399950804,0.5772499658796943,0.08832600012079757
25854,GOF,0.016668690634405896,0.6357055209912135,0.34762578837438063
25855,GOF,0.03702996420566533,0.572401493841959,0.39056854195237567
25856,GOF,0.23767537399572797,0.5407337614069601,0.221590864597312
25857,GOF,0.030161525729465632,0.4950422456019664,0.4747962286685678
25858,GOF,0.017823159876595634,0.549284694579303,0.43289214554410144
25859,GOF,0.009480420569319104,0.5498040901071359,0.4407154893235451
25860,GOF,0.3349207553187851,0.5514146365400002,0.11366460814121455
25861,GOF,0.38208253113123686,0.5329837835257112,0.08493368534305198
25862,GOF,0.08316475192471849,0.7607991225893052,0.15603612548597634
25863,GOF,0.08615725625842552,0.7644944864080392,0.14934825733353535
25864,GOF,0.18827041213880646,0.7156129608798626,0.09611662698133093
25865,GOF,0.07849066992357245,0.7587754270229314,0.16273390305349608
25866,GOF,0.06102765318334418,0.7830052924788958,0.15596705433775995
25867,GOF,0.0811682313118873,0.7825104600351809,0.13632130865293182
25868,GOF,0.242748659707189,0.6164372080834056,0.1408141322094055
25869,Neutral,0.6830060096151875,0.27172749941601304,0.04526649096879942
25870,LOF,0.2909546291782405,0.24633720046511648,0.462708170356643
25871,GOF,0.2551553778011383,0.5834639619177803,0.16138066028108142
25872,GOF,0.09665120457780418,0.5852931404647186,0.3180556549574771
25873,GOF,0.1736842991156635,0.5962186252598956,0.23009707562444098
25874,LOF,0.022430365460185713,0.06529628818928018,0.9122733463505341
25875,LOF,0.08373301576723823,0.0634157399918671,0.8528512442408948
25876,LOF,0.024886611728989948,0.06862166649694842,0.9064917217740617
25877,Neutral,0.49757405390736326,0.07001778432133625,0.4324081617713004
25878,LOF,0.2028211801015695,0.1256122232980113,0.6715665966004192
25879,LOF,0.0967507279882081,0.14147034812652456,0.7617789238852674
25880,LOF,0.02360987553095241,0.027114897573351872,0.9492752268956957
25881,LOF,0.21079734235026204,0.23247436257388923,0.5567282950758486
25882,LOF,0.08763952800584407,0.016486307518591915,0.895874164475564
25883,LOF,0.08654271363702694,0.03702899716820263,0.8764282891947704
25884,LOF,0.04878119208469886,0.042382957966581286,0.9088358499487198
25885,LOF,0.06483351620970741,0.021126339866937842,0.9140401439233549
25886,LOF,0.3875037722617387,0.08377139251518137,0.5287248352230799
25887,LOF,0.19057698538270654,0.12975489609861116,0.6796681185186824
25888,LOF,0.06894587621973895,0.11447430660310479,0.8165798171771562
25889,LOF,0.050128183019105765,0.032269616342880274,0.9176022006380139
25890,LOF,0.0502880944742804,0.16136720747466773,0.7883446980510519
25891,LOF,0.05304704214721269,0.061555990913487305,0.8853969669393
25892,LOF,0.10184184477138526,0.01809401225266787,0.8800641429759469
25893,LOF,0.2807588531187267,0.013443437941116791,0.7057977089401565
25894,LOF,0.1602046996690884,0.007290968286925774,0.8325043320439859
25895,LOF,0.20922346023928787,0.016683627156388398,0.7740929126043238
25896,LOF,0.045941628299922516,0.01949385312396522,0.9345645185761123
25897,LOF,0.2275094754701493,0.013637333659596124,0.7588531908702545
25898,Neutral,0.7508986862863158,0.009262982108580776,0.23983833160510346
25899,LOF,0.26256288755420054,0.03311207492840407,0.7043250375173954
25900,LOF,0.4630825284154263,0.014583401127333261,0.5223340704572405
25901,LOF,0.053252876203736685,0.010360703798952936,0.9363864199973104
25902,LOF,0.18042896867669816,0.009111611006741023,0.8104594203165607
25903,Neutral,0.5784532270116326,0.02350861682889583,0.3980381561594717
25904,LOF,0.25386996013288915,0.03257670626871974,0.7135533335983911
25905,LOF,0.024849574345750306,0.3300314981105916,0.6451189275436581
25906,LOF,0.02466173266257789,0.07137966691322654,0.9039586004241955
25907,LOF,0.013430769276405328,0.332828749952954,0.6537404807706406
25908,LOF,0.011789728397344752,0.23412658566637495,0.7540836859362803
25909,LOF,0.014271344439084635,0.14939025131677627,0.8363384042441391
25910,LOF,0.05679784317790241,0.1272423653990637,0.815959791423034
25911,LOF,0.11840270251822185,0.0456565729913436,0.8359407244904347
25912,LOF,0.0386266951612567,0.08458587136445865,0.8767874334742846
25913,LOF,0.26055837946911736,0.030548106583240513,0.7088935139476421
25914,LOF,0.027260204963159434,0.11025162236538799,0.8624881726714527
25915,Neutral,0.44902380020835014,0.20477225164614726,0.34620394814550276
25916,LOF,0.06372474993554912,0.22639968971988508,0.7098755603445658
25917,LOF,0.06640959662284329,0.048819876034079716,0.884770527343077
25918,LOF,0.03382393135332754,0.06318794634587283,0.9029881223007997
25919,LOF,0.027593792848399672,0.06753820105868327,0.904868006092917
25920,GOF,0.12727014304909415,0.5049299355220436,0.36779992142886225
25921,LOF,0.034443080152251414,0.03365928775374364,0.9318976320940049
25922,LOF,0.049170757076046755,0.021692541097668265,0.9291367018262849
25923,LOF,0.4160176282675259,0.021795443189994587,0.5621869285424795
25924,LOF,0.04023745147527052,0.029661925169498903,0.9301006233552306
25925,LOF,0.07259820918544334,0.03477083845373661,0.8926309523608201
25926,LOF,0.051543315179037597,0.020984947816411713,0.9274717370045507
25927,LOF,0.07568879317128364,0.06020621429587623,0.8641049925328401
25928,LOF,0.02621151535591844,0.026116664914379018,0.9476718197297026
25929,Neutral,0.5537624548228718,0.025349622868836248,0.4208879223082919
25930,LOF,0.06852539242948585,0.01706983008795973,0.9144047774825546
25931,LOF,0.03532310880974391,0.02174864579396136,0.9429282453962947
25932,LOF,0.031202724179466068,0.01836416224184904,0.950433113578685
25933,LOF,0.04071228102625764,0.011843453702520674,0.9474442652712216
25934,LOF,0.026819725753917525,0.0137410853256254,0.959439188920457
25935,LOF,0.06744039948475039,0.03509861350644428,0.8974609870088054
25936,LOF,0.04758521292267056,0.017796740952238068,0.9346180461250914
25937,LOF,0.038002780087952714,0.02739525909302702,0.9346019608190204
25938,LOF,0.06866911245781657,0.037320364825233106,0.8940105227169504
25939,LOF,0.04336582767990379,0.01249611807675346,0.9441380542433429
25940,LOF,0.022470238138555372,0.41194099797846684,0.5655887638829779
25941,LOF,0.14079598697502316,0.08498566907813393,0.7742183439468429
25942,LOF,0.013129047095250746,0.034771835922885796,0.9520991169818634
25943,LOF,0.29387415797033883,0.07011558675350296,0.6360102552761582
25944,Neutral,0.5077850164040191,0.040749140565425064,0.45146584303055587
25945,LOF,0.06098782245889045,0.025773733814036116,0.9132384437270734
25946,LOF,0.034618267664741166,0.14794894009146473,0.8174327922437942
25947,LOF,0.12690629358725414,0.17871146794853227,0.6943822384642135
25948,LOF,0.4087812059669915,0.015194900772936129,0.5760238932600723
25949,LOF,0.09814810396491148,0.06871256402290997,0.8331393320121786
25950,GOF,0.25057269054427744,0.4610008533625824,0.2884264560931401
25951,LOF,0.33401560568150773,0.20722893707740156,0.4587554572410906
25952,GOF,0.05555104469338899,0.5088612156142532,0.4355877396923578
25953,LOF,0.1433014690973394,0.11471039886472216,0.7419881320379386
25954,LOF,0.3613948966282984,0.2567919705464936,0.38181313282520796
25955,LOF,0.06576071435804434,0.08263919344380721,0.8516000921981485
25956,LOF,0.21828094604415915,0.056642985739455594,0.7250760682163853
25957,LOF,0.05007526574981862,0.025314089157777612,0.9246106450924038
25958,LOF,0.058681369426291784,0.03413205857998107,0.9071865719937271
25959,LOF,0.06616500439568855,0.41723911906322814,0.5165958765410832
25960,LOF,0.02076383768125342,0.05750737148331635,0.9217287908354301
25961,LOF,0.04739057403955317,0.04404431861640978,0.908565107344037
25962,LOF,0.06907630375896795,0.03756598441616061,0.8933577118248714
25963,LOF,0.052265956957783036,0.17858562243128948,0.7691484206109275
25964,LOF,0.039276090260688366,0.1606185496601409,0.8001053600791708
25965,LOF,0.4516398209786795,0.08635068352818578,0.46200949549313475
25966,Neutral,0.37865414464530284,0.31558285886783466,0.3057629964868625
25967,LOF,0.01585578085275289,0.10111136651966256,0.8830328526275846
25968,LOF,0.03825808790109832,0.4648585912460489,0.49688332085285275
25969,LOF,0.02521346612301515,0.06055307458319048,0.9142334592937943
25970,LOF,0.06497333250978027,0.04525385412253504,0.8897728133676847
25971,LOF,0.08495162503589315,0.02245429838737551,0.8925940765767313
25972,LOF,0.08542086884725425,0.03307409858696223,0.8815050325657835
25973,LOF,0.08019133133947524,0.01263483901475799,0.9071738296457668
25974,LOF,0.25177812174841385,0.019838586170901416,0.7283832920806848
25975,LOF,0.04940802864775379,0.03458036502939503,0.9160116063228512
25976,LOF,0.03524056191088006,0.027678749333545267,0.9370806887555746
25977,LOF,0.1347975539281917,0.12487768035130531,0.7403247657205029
25978,LOF,0.12369940074729002,0.13030239003392088,0.7459982092187891
25979,LOF,0.12212305457220488,0.11722927972001285,0.7606476657077823
25980,LOF,0.147257497653746,0.17784427551033843,0.6748982268359156
25981,LOF,0.17618270751017348,0.1724908969587056,0.6513263955311209
25982,LOF,0.36076742624203023,0.11532154597066287,0.5239110277873069
25983,LOF,0.35089498902562843,0.10916357701667717,0.5399414339576943
25984,LOF,0.055764647576530935,0.10289391043752973,0.8413414419859393
25985,LOF,0.02006986397037778,0.3315100326669885,0.6484201033626338
25986,LOF,0.026527426150913275,0.313809922702755,0.6596626511463317
25987,LOF,0.09413606409489837,0.12010807390624029,0.7857558619988614
25988,LOF,0.11948039773754304,0.09844455787566618,0.7820750443867909
25989,LOF,0.027144969348482744,0.17131050744102105,0.8015445232104962
25990,LOF,0.03961261739480232,0.14373951965936685,0.8166478629458309
25991,GOF,0.11770662076517588,0.4860977590182217,0.3961956202166024
25992,LOF,0.2921973451148404,0.32364626209963115,0.3841563927855284
25993,LOF,0.021937836992800844,0.12717409006215843,0.8508880729450407
25994,LOF,0.015472825961312837,0.15254035442520603,0.8319868196134812
25995,LOF,0.023628147312337835,0.19685910456772723,0.779512748119935
25996,GOF,0.17578115610545436,0.6305404548472678,0.19367838904727785
25997,GOF,0.057366070995902366,0.6097914117636785,0.33284251724041913
25998,Neutral,0.5859375945077027,0.027361604929925475,0.38670080056237177
25999,LOF,0.1435289945825679,0.13502298637816226,0.7214480190392698
26000,LOF,0.12126908883230826,0.02945819113064855,0.8492727200370432
26001,LOF,0.20693072366975454,0.030177906064899267,0.762891370265346
26002,LOF,0.15945564986967203,0.036671316822074744,0.8038730333082532
26003,GOF,0.009495056919228926,0.6755604976307481,0.3149444454500229
26004,GOF,0.0210448911001152,0.7212710076854667,0.2576841012144181
26005,GOF,0.008964014664458493,0.6036704375914881,0.3873655477440534
26006,Neutral,0.49869549188708595,0.3158157543965545,0.18548875371635956
26007,GOF,0.01630698314107449,0.6524101128711021,0.33128290398782356
26008,GOF,0.020201844357345407,0.6571402943606725,0.32265786128198215
26009,GOF,0.025898573231208928,0.6928239629658286,0.2812774638029625
26010,GOF,0.022099207866198886,0.7588775393967104,0.21902325273709064
26011,GOF,0.008723880290235684,0.5560466501882492,0.4352294695215151
26012,GOF,0.01715896453226785,0.6418702515382986,0.3409707839294336
26013,GOF,0.016965150718584596,0.7061371157431773,0.2768977335382382
26014,LOF,0.039302362323030145,0.22606809622344373,0.7346295414535262
26015,LOF,0.16117411728229541,0.010133569929316426,0.8286923127883882
26016,LOF,0.2565141712491797,0.047528239735066806,0.6959575890157536
26017,LOF,0.18805261770700088,0.0919337403770295,0.7200136419159695
26018,LOF,0.0750100726127545,0.02911156779047401,0.8958783595967714
26019,LOF,0.07512194745165734,0.02237808574273304,0.9024999668056097
26020,LOF,0.05577475098023359,0.12222149465792741,0.8220037543618389
26021,LOF,0.055150755463417224,0.1541796835215135,0.7906695610150692
26022,LOF,0.009701713731832725,0.06775734287757776,0.9225409433905896
26023,LOF,0.103077254556979,0.02014056409804056,0.8767821813449804
26024,LOF,0.029550085154346928,0.12077419430669298,0.8496757205389601
26025,LOF,0.1332111231282107,0.0896085345514336,0.7771803423203557
26026,LOF,0.3177517869520267,0.01502599687656708,0.6672222161714063
26027,LOF,0.07206578562400374,0.01577230060371412,0.9121619137722821
26028,LOF,0.17506636917986704,0.09780233691452841,0.7271312939056045
26029,LOF,0.10996825570269075,0.16548623350477829,0.724545510792531
26030,LOF,0.035293100023295484,0.07094033006775723,0.8937665699089473
26031,LOF,0.04016169843557003,0.14274505638276097,0.817093245181669
26032,LOF,0.08126003426273856,0.06263958877343391,0.8561003769638275
26033,LOF,0.13165206544103725,0.06951474456070697,0.7988331899982558
26034,LOF,0.06341317780849366,0.13324529834786672,0.8033415238436395
26035,LOF,0.039343162140512734,0.12018914662524281,0.8404676912342445
26036,LOF,0.058264670791013363,0.14011310242497194,0.8016222267840147
26037,LOF,0.03199323153260185,0.1073515585493615,0.8606552099180367
26038,LOF,0.07614394810975701,0.055550699950686,0.8683053519395569
26039,LOF,0.08053792724833275,0.11965120977293388,0.7998108629787334
26040,LOF,0.23733032648983227,0.097425789704534,0.6652438838056337
26041,LOF,0.032185135107073735,0.1060455354072706,0.8617693294856557
26042,LOF,0.031505516679159566,0.10554291809289416,0.8629515652279462
26043,LOF,0.07478886338689751,0.07267411997274052,0.852537016640362
26044,LOF,0.032084153651656226,0.07800601653235707,0.8899098298159867
26045,LOF,0.10085489816909317,0.09214704214327905,0.8069980596876278
26046,LOF,0.07821983237521415,0.07590542417440914,0.8458747434503767
26047,LOF,0.11489048068997904,0.08638658004031595,0.7987229392697051
26048,LOF,0.06187039702401872,0.054433470159565435,0.8836961328164158
26049,Neutral,0.9532232026238248,0.009549725657608516,0.03722707171856668
26050,Neutral,0.932723720636213,0.010887291901475063,0.056388987462311975
26051,GOF,0.05325111581237281,0.49278526258942174,0.45396362159820547
26052,GOF,0.06170942914272184,0.492729407931273,0.445561162926005
26053,LOF,0.06153701558919072,0.22616985932387715,0.7122931250869321
26054,LOF,0.06215489681993579,0.04072705608862919,0.897118047091435
26055,LOF,0.08053882528116572,0.03184913502939797,0.8876120396894364
26056,LOF,0.0702069174868794,0.03888515563230094,0.8909079268808198
26057,LOF,0.034682809339117396,0.017407150731107213,0.9479100399297753
26058,LOF,0.03480050625225103,0.01581239935579344,0.9493870943919556
26059,LOF,0.3123876546445827,0.051191029954733756,0.6364213154006836
26060,LOF,0.026300905647270126,0.32695822756255194,0.6467408667901778
26061,LOF,0.019579967462396174,0.022344345457592712,0.9580756870800111
26062,LOF,0.011823522003872966,0.03833166215156337,0.9498448158445637
26063,LOF,0.0224976863682334,0.017811814529741028,0.9596904991020255
26064,LOF,0.02546419232940043,0.019993872990739688,0.9545419346798599
26065,LOF,0.02662791583225723,0.020175245350905747,0.953196838816837
26066,LOF,0.021536677615407656,0.01869971991281724,0.9597636024717751
26067,LOF,0.026034508419681916,0.015662981379289755,0.9583025102010282
26068,LOF,0.05211571585653469,0.05194298484705078,0.8959412992964146
26069,LOF,0.2947486905803465,0.03748292261824238,0.6677683868014112
26070,LOF,0.4238967050890132,0.0247301020472977,0.551373192863689
26071,LOF,0.023229953899924882,0.021792675280147344,0.9549773708199277
26072,LOF,0.025655705059722866,0.03147282863718439,0.9428714663030927
26073,LOF,0.024779970621716316,0.01695851839980352,0.9582615109784802
26074,Neutral,0.918086842342226,0.008064568334159078,0.07384858932361484
26075,LOF,0.04683506843532182,0.0286636211706997,0.9245013103939785
26076,LOF,0.04195797875809211,0.014992342485200578,0.9430496787567072
26077,LOF,0.009215906005889596,0.03533980039839916,0.9554442935957111
26078,LOF,0.015082944658379293,0.020607265767057934,0.9643097895745628
26079,LOF,0.05685781652174551,0.03120744197464327,0.9119347415036112
26080,LOF,0.05684608697925633,0.031236336008509672,0.9119175770122341
26081,LOF,0.038058267939932514,0.012315533801302075,0.9496261982587654
26082,LOF,0.020595209938192263,0.032382761426571774,0.947022028635236
26083,LOF,0.15456727023941136,0.02112207931255551,0.8243106504480331
26084,LOF,0.027163385643404148,0.02765423381617888,0.9451823805404169
26085,LOF,0.023099151723459804,0.025009008229662164,0.951891840046878
26086,LOF,0.02342815249469116,0.020934148377567453,0.9556376991277413
26087,LOF,0.025598699832928694,0.015101251172275594,0.9593000489947957
26088,LOF,0.021549960966037028,0.03575268430279417,0.9426973547311687
26089,LOF,0.049962885751605166,0.03750189806277924,0.9125352161856155
26090,LOF,0.048555598357397874,0.03088871219785168,0.9205556894447504
26091,LOF,0.04235670599557881,0.010252649056277659,0.9473906449481436
26092,LOF,0.029741827474067426,0.015320468720477216,0.9549377038054554
26093,LOF,0.043095305620678113,0.010669308554396932,0.946235385824925
26094,LOF,0.04885912353538453,0.008795213726682636,0.9423456627379327
26095,LOF,0.05786487918359335,0.02627790518195994,0.9158572156344468
26096,LOF,0.018735292996403505,0.020047566218258275,0.9612171407853382
26097,LOF,0.011313544756154348,0.07912142344896865,0.9095650317948769
26098,LOF,0.07698527737473891,0.02717777087543535,0.8958369517498257
26099,LOF,0.02661937284952643,0.026885621665369938,0.9464950054851036
26100,LOF,0.028212411415091253,0.025887099785206227,0.9459004887997025
26101,LOF,0.06249207623988698,0.022679442334816,0.914828481425297
26102,LOF,0.027961176586854042,0.020193814142989507,0.9518450092701564
26103,Neutral,0.8909082931298199,0.03347838272243438,0.07561332414774556
26104,LOF,0.07255229103705307,0.0483387311081619,0.879108977854785
26105,LOF,0.1960662927083472,0.3004380714076873,0.5034956358839655
26106,LOF,0.17461980021099358,0.1673419983003366,0.6580382014886698
26107,LOF,0.21045602115248432,0.12491564382864027,0.6646283350188754
26108,LOF,0.23728196275144947,0.17179896492088406,0.5909190723276664
26109,LOF,0.05936540783722308,0.13036564669319434,0.8102689454695825
26110,LOF,0.23405879003118937,0.009425913656509993,0.7565152963123006
26111,LOF,0.47403391815279167,0.019297520633195973,0.5066685612140124
26112,LOF,0.038761081772873705,0.009778421353350369,0.951460496873776
26113,LOF,0.05427663841488762,0.01625012491363016,0.9294732366714823
26114,LOF,0.01932231769450567,0.035184624509240335,0.9454930577962541
26115,LOF,0.09218599403794411,0.04669791563950989,0.861116090322546
26116,LOF,0.05290482748258944,0.056411399586942204,0.8906837729304683
26117,LOF,0.36833295265352883,0.0695918992857973,0.5620751480606738
26118,LOF,0.03625086213488587,0.045117483260488415,0.9186316546046257
26119,LOF,0.023967429062312442,0.04980658737310627,0.9262259835645812
26120,LOF,0.032445604033452716,0.02940195570268713,0.9381524402638602
26121,LOF,0.0693226999797549,0.10694961956236232,0.8237276804578828
