feature0,prediction,LoGoFunc_Neutral,LoGoFunc_GOF,LoGoFunc_LOF
25546,Neutral,0.6223127303063383,0.05792002457769237,0.3197672451159695
25547,Neutral,0.5082973195589429,0.10321911917758948,0.38848356126346767
25548,Neutral,0.5143532883307627,0.09132936461825719,0.39431734705098015
25549,LOF,0.4487891958868814,0.08630241861046717,0.4649083855026513
25550,LOF,0.39197823992325126,0.10265104681460441,0.5053707132621443
25551,LOF,0.33647049284245184,0.11391538694796756,0.5496141202095807
25552,LOF,0.31130991999028274,0.11937153779529093,0.5693185422144263
25553,Neutral,0.7962660968390155,0.050818511106350134,0.15291539205463428
25554,LOF,0.34141727710673997,0.10768278183741839,0.5508999410558417
25555,LOF,0.29704045512193056,0.10253318763579065,0.6004263572422788
25556,Neutral,0.4773539972886094,0.10188606652397404,0.4207599361874166
25557,LOF,0.28997163451762764,0.10882028466758785,0.6012080808147844
25558,LOF,0.3441705890576624,0.10290872233945778,0.5529206886028799
25559,LOF,0.23424742269270166,0.053781846424846284,0.711970730882452
25560,LOF,0.09868712782829593,0.13888395594031316,0.762428916231391
25561,LOF,0.10546774738041406,0.1919701338819787,0.7025621187376072
25562,LOF,0.03503806163016439,0.10183058340126216,0.8631313549685734
25563,LOF,0.008396602373695364,0.14949649324558806,0.8421069043807166
25564,LOF,0.08410129071038128,0.1082030818932988,0.8076956273963198
25565,LOF,0.18971134457728,0.16289249581282897,0.647396159609891
25566,GOF,0.06125756917289724,0.707436653417078,0.23130577741002473
25567,LOF,0.04966544905179021,0.17819497268216816,0.7721395782660416
25568,LOF,0.06235672344477953,0.10201296493444299,0.8356303116207775
25569,LOF,0.06425173467835632,0.09377362775312233,0.8419746375685214
25570,LOF,0.026190429790619012,0.13724751503630866,0.8365620551730724
25571,LOF,0.026289815601721542,0.14207941176676384,0.8316307726315146
25572,LOF,0.0602189920948226,0.19869585283652538,0.7410851550686519
25573,LOF,0.06676775124775289,0.13112330431921335,0.8021089444330337
25574,LOF,0.07041360954299122,0.25291929015498726,0.6766671003020216
25575,LOF,0.023687907959937634,0.16565604317065732,0.8106560488694049
25576,LOF,0.026089057843113078,0.22130037871313687,0.7526105634437501
25577,LOF,0.0321655846458818,0.18239562288595815,0.7854387924681601
25578,LOF,0.3069132417648774,0.10277507100446441,0.5903116872306582
25579,LOF,0.21625265144668665,0.10451652305977302,0.6792308254935404
25580,LOF,0.02324845805273156,0.09848067393221321,0.8782708680150553
25581,LOF,0.04801020265568767,0.10223800579347336,0.849751791550839
25582,LOF,0.04751229004904373,0.09870795621848913,0.8537797537324672
25583,LOF,0.028660531365669734,0.11501523902947888,0.8563242296048513
25584,Neutral,0.7118257554971228,0.12333471965925308,0.16483952484362413
25585,LOF,0.02345963698020107,0.1999552548911107,0.7765851081286883
25586,LOF,0.020228656584202354,0.11762351722165561,0.8621478261941421
25587,LOF,0.020150562566839985,0.1058131865290561,0.874036250904104
25588,LOF,0.023326332407613882,0.10269716477963164,0.8739765028127545
25589,Neutral,0.5508391699042049,0.22195146836686938,0.2272093617289257
25590,LOF,0.052922523921965656,0.13930456149759038,0.807772914580444
25591,LOF,0.08380024087289521,0.09139564700177068,0.8248041121253342
25592,LOF,0.06720022465103977,0.1658953917031285,0.7669043836458317
25593,LOF,0.11355331170028897,0.30659849753151724,0.5798481907681938
25594,LOF,0.05850925080889842,0.030947230781267904,0.9105435184098336
25595,LOF,0.058318041882405434,0.020204943273819064,0.9214770148437754
25596,LOF,0.12031228402386403,0.01400115232249544,0.8656865636536406
25597,LOF,0.0843960652533586,0.016077204264429018,0.8995267304822124
25598,LOF,0.05530549224449352,0.02045906969785802,0.9242354380576484
25599,LOF,0.025633277191748124,0.3863931060782606,0.5879736167299913
25600,LOF,0.17269125218847298,0.4039800661515813,0.4233286816599458
25601,LOF,0.04447895060791752,0.31163789985381307,0.6438831495382695
25602,LOF,0.03108752405142662,0.07206108369612707,0.8968513922524463
25603,LOF,0.05399050405223803,0.06708011339289469,0.8789293825548672
25604,LOF,0.050268407678049166,0.13165276520883845,0.8180788271131123
25605,LOF,0.04032030421298184,0.21278980174504916,0.746889894041969
25606,Neutral,0.44053619870209537,0.2289881894922735,0.33047561180563095
25607,LOF,0.03441905214856723,0.2506762504523278,0.714904697399105
25608,LOF,0.043855555019756846,0.10895872294306683,0.8471857220371763
25609,GOF,0.15097359400394292,0.5582894918321655,0.2907369141638915
25610,LOF,0.018639927059862307,0.051361073515789855,0.9299989994243478
25611,LOF,0.01367722464461318,0.05684444262934882,0.929478332726038
25612,LOF,0.049122616301755184,0.06449987944689393,0.886377504251351
25613,LOF,0.046878686828270316,0.06352087954182004,0.8896004336299096
25614,LOF,0.024093966454183036,0.0476606466385878,0.9282453869072291
25615,LOF,0.04342844348306983,0.05469889934223786,0.9018726571746922
25616,LOF,0.06255335914581818,0.059646583908177446,0.8778000569460043
25617,LOF,0.046567584158146366,0.06489956857136377,0.8885328472704899
25618,LOF,0.05045651768857489,0.08875053306874933,0.8607929492426758
25619,LOF,0.014661417487544194,0.06867398708848506,0.9166645954239707
25620,LOF,0.05114616797227407,0.06059578034181793,0.888258051685908
25621,LOF,0.06051898110054853,0.05360188506837326,0.8858791338310782
25622,LOF,0.07638448758734147,0.06099776558521803,0.8626177468274405
25623,LOF,0.0646092831287057,0.05487155744210035,0.880519159429194
25624,LOF,0.02175247343023174,0.054606616967050735,0.9236409096027175
25625,LOF,0.06066321764638234,0.05960594366462673,0.8797308386889908
25626,LOF,0.048937203952454614,0.05995572706810993,0.8911070689794356
25627,Neutral,0.8835348878539341,0.021474829025242,0.09499028312082392
25628,LOF,0.16856477372545256,0.0673145441999487,0.7641206820745988
25629,LOF,0.06445361704917647,0.06460452290076224,0.8709418600500612
25630,LOF,0.28431093515303324,0.06682556084191793,0.6488635040050488
25631,Neutral,0.5327167519062367,0.05488625333425954,0.4123969947595038
25632,LOF,0.03494727797644633,0.13285114952534302,0.8322015724982107
25633,LOF,0.2374399546945139,0.08051116432019435,0.6820488809852918
25634,LOF,0.043857198837607324,0.1563612119909829,0.7997815891714097
25635,LOF,0.040534490692804695,0.06174336653246922,0.897722142774726
25636,GOF,0.03164938720312234,0.5605215371229189,0.4078290756739589
25637,GOF,0.052003678720681484,0.5566327775296247,0.39136354374969384
25638,LOF,0.02843405349201325,0.477204997691977,0.4943609488160097
25639,LOF,0.03511217071941552,0.4600942231042643,0.5047936061763202
25640,Neutral,0.8474375558592239,0.09023878102457086,0.062323663116205213
25641,LOF,0.11570667865771564,0.38932057230473455,0.49497274903754984
25642,LOF,0.09709255452494343,0.15963196328327572,0.7432754821917807
25643,LOF,0.3567456732277988,0.09880941181006503,0.5444449149621361
25644,GOF,0.010251612116300468,0.6199556554439198,0.36979273243977967
25645,GOF,0.011455318560992292,0.6004541157571365,0.38809056568187117
25646,LOF,0.025963772128161897,0.4042287623522011,0.5698074655196369
25647,LOF,0.010843633650096374,0.2919450055393066,0.6972113608105971
25648,LOF,0.012779271222849185,0.3776637906658975,0.6095569381112533
25649,LOF,0.008308117012149537,0.2818270113050356,0.7098648716828148
25650,GOF,0.025623817969898478,0.5971462755390029,0.3772299064910986
25651,LOF,0.010329732095503908,0.3887590765870771,0.6009111913174189
25652,LOF,0.013218986249209088,0.42639953448110707,0.5603814792696838
25653,GOF,0.04345312258068531,0.5938672662189306,0.3626796112003841
25654,LOF,0.011441339169159641,0.2830232519421708,0.7055354088886696
25655,GOF,0.11604697507410913,0.5942010902709219,0.2897519346549688
25656,LOF,0.27154020688420294,0.0809334965077981,0.647526296607999
25657,LOF,0.03624455530792516,0.09487882667893009,0.8688766180131449
25658,LOF,0.2814761691019617,0.12757413730401573,0.5909496935940226
25659,Neutral,0.4615704065811714,0.12223786889328007,0.41619172452554865
25660,LOF,0.022373927846909406,0.10117419018165813,0.8764518819714324
25661,LOF,0.07109899894647372,0.06643674803050931,0.862464253023017
25662,LOF,0.02858703444919822,0.03754550994087444,0.9338674556099273
25663,LOF,0.030706796114451984,0.0353658709123606,0.9339273329731874
25664,LOF,0.10157691027495763,0.06438370459745071,0.8340393851275916
25665,LOF,0.0641492819565549,0.02876771256993962,0.9070830054735055
25666,LOF,0.07487466880996596,0.04871795964177045,0.8764073715482636
25667,LOF,0.0663878846718183,0.04052068263412577,0.8930914326940559
25668,LOF,0.02979752444397169,0.05158265230789189,0.9186198232481365
25669,LOF,0.02237272103340085,0.047293066292402104,0.930334212674197
25670,LOF,0.12133102390722318,0.04375031198519257,0.8349186641075842
25671,LOF,0.09539965263263157,0.036315615830992756,0.8682847315363758
25672,LOF,0.05381367474769803,0.04288336898461327,0.9033029562676886
25673,LOF,0.09338670948378261,0.040490349758552584,0.8661229407576648
25674,LOF,0.09165664045537429,0.05407731720941522,0.8542660423352105
25675,LOF,0.08396575063674856,0.06976286649162533,0.8462713828716261
25676,LOF,0.01702507831198642,0.05611716066360929,0.9268577610244043
25677,LOF,0.01778073919291624,0.08021913459731363,0.9020001262097701
25678,LOF,0.16212458326463375,0.10029691894833502,0.7375784977870312
25679,LOF,0.10837522966832122,0.09356707208122153,0.7980576982504572
25680,LOF,0.02796023085412927,0.12101463092386969,0.8510251382220011
25681,LOF,0.04330980497970287,0.11012316111559077,0.8465670339047063
25682,LOF,0.11633803868817194,0.06878113643205123,0.8148808248797768
25683,LOF,0.10387206481923221,0.09195278030611832,0.8041751548746495
25684,LOF,0.02901714356891721,0.0573744797917923,0.9136083766392904
25685,LOF,0.13117579096863324,0.0805526906075942,0.7882715184237725
25686,LOF,0.08009167546898377,0.12258382806112168,0.7973244964698947
25687,LOF,0.12783682836084206,0.11550851323881695,0.756654658400341
25688,LOF,0.4087431579228334,0.033555511953364106,0.5577013301238025
25689,LOF,0.28766109102039555,0.04542916155846557,0.666909747421139
25690,LOF,0.3529100041213837,0.02724469776189746,0.6198452981167188
25691,Neutral,0.6970084088237929,0.026845564544312826,0.27614602663189425
25692,LOF,0.343523867566563,0.012454052079470505,0.6440220803539666
25693,GOF,0.04130471699414106,0.51014200173416,0.4485532812716989
25694,LOF,0.11266593982144531,0.01760942243805145,0.8697246377405032
25695,LOF,0.10012773865096304,0.008942139686617254,0.8909301216624196
25696,LOF,0.12390339306021005,0.011620295639339041,0.8644763113004509
25697,LOF,0.05703604690694909,0.07505956793917448,0.8679043851538764
25698,LOF,0.25817728645160587,0.2365196576578268,0.5053030558905672
25699,LOF,0.46297445740913384,0.026682283916078322,0.5103432586747879
25700,LOF,0.06554340717648931,0.00913567654139753,0.9253209162821131
25701,LOF,0.17070950171802762,0.02738719795518677,0.8019033003267855
25702,GOF,0.18568955637754522,0.6357727062449756,0.17853773737747908
25703,LOF,0.01664176313004499,0.1602043654292099,0.8231538714407451
25704,LOF,0.03448846223571064,0.13313330721444336,0.832378230549846
25705,LOF,0.04196326364805426,0.07181324669307493,0.8862234896588708
25706,LOF,0.11363969866842008,0.4292900615187269,0.457070239812853
25707,LOF,0.08502190545512386,0.37504962618301957,0.5399284683618565
25708,LOF,0.03880321626209794,0.3561267081241761,0.6050700756137259
25709,LOF,0.07396491641626779,0.030309270222625702,0.8957258133611066
25710,LOF,0.015116828128831816,0.12648884037256647,0.8583943314986018
25711,LOF,0.021314062387112864,0.06738624773687983,0.9112996898760074
25712,LOF,0.018912002947821464,0.16843285621670628,0.8126551408354722
25713,LOF,0.01871290034691021,0.05897033955147441,0.9223167601016153
25714,LOF,0.07766839615074708,0.04410540246002607,0.8782262013892268
25715,LOF,0.011235941253106278,0.09558028239519613,0.8931837763516975
25716,LOF,0.012304490729135097,0.08739492582377054,0.9003005834470943
25717,LOF,0.01742748166247809,0.05709522881180042,0.9254772895257215
25718,LOF,0.011316145493781894,0.04093936790270187,0.9477444866035163
25719,LOF,0.02174341249556387,0.05644790579840877,0.9218086817060274
25720,LOF,0.02661125386258865,0.04086213184329711,0.9325266142941141
25721,LOF,0.01159071140863845,0.052171136333169894,0.9362381522581916
25722,LOF,0.01291687324920701,0.044320813696683906,0.9427623130541091
25723,LOF,0.025868449754446594,0.030670239430249054,0.9434613108153043
25724,LOF,0.03255286410338787,0.06049365119637996,0.9069534847002321
25725,LOF,0.011588617458551298,0.05716401992113871,0.9312473626203099
25726,LOF,0.01697970219482882,0.06876355681011583,0.9142567409950553
25727,LOF,0.013651348436467675,0.044513041961100515,0.9418356096024317
25728,LOF,0.010401562572176623,0.06279071544098769,0.9268077219868358
25729,LOF,0.010843816793506595,0.06218016866790943,0.926976014538584
25730,LOF,0.01429262011236524,0.060974392218800244,0.9247329876688345
25731,LOF,0.0237749221077386,0.080958462708216,0.8952666151840455
25732,LOF,0.013088272959553176,0.04028361268520404,0.9466281143552427
25733,LOF,0.014822103147547469,0.046997883430117106,0.9381800134223355
25734,LOF,0.012693207694788917,0.11132884410533954,0.8759779481998715
25735,LOF,0.01108217934752318,0.04895121340974901,0.9399666072427277
25736,LOF,0.012454948433737385,0.052652200795910965,0.9348928507703516
25737,LOF,0.01244695955716031,0.0851750968701115,0.9023779435727282
25738,LOF,0.011958113462604981,0.0859786470299703,0.9020632395074247
25739,LOF,0.020698145584533537,0.059102123887882975,0.9201997305275835
25740,LOF,0.029644064059623294,0.10107738543436715,0.8692785505060097
25741,LOF,0.015152100682160496,0.08480840604334013,0.9000394932744993
25742,LOF,0.1193259862950603,0.0658864601620977,0.814787553542842
25743,LOF,0.04610207038974218,0.060109400517762056,0.8937885290924957
25744,Neutral,0.6204234238998254,0.24037582590373135,0.13920075019644326
25745,LOF,0.06059408802956348,0.08579226894969606,0.8536136430207405
25746,LOF,0.04566792684820361,0.11723403928016028,0.8370980338716362
25747,LOF,0.018071279523222496,0.12130642695920188,0.8606222935175756
25748,LOF,0.1205865719356456,0.21010228178464416,0.6693111462797102
25749,LOF,0.028826767920965172,0.10188522850497386,0.8692880035740609
25750,LOF,0.07134624132310415,0.13781434399887035,0.7908394146780255
25751,LOF,0.10713065394902783,0.14337952942082052,0.7494898166301516
25752,GOF,0.11855193576256194,0.5995290189057944,0.2819190453316437
25753,LOF,0.03019132050293188,0.3494459731576535,0.6203627063394146
25754,GOF,0.018812879367927193,0.7945918623915158,0.18659525824055706
25755,LOF,0.03019664877843486,0.3394400018095674,0.6303633494119978
25756,LOF,0.06591908311949034,0.40796549382160463,0.5261154230589051
25757,GOF,0.019653586553227135,0.8748840387562824,0.10546237469049052
25758,GOF,0.02505024240945391,0.7874639608463743,0.18748579674417185
25759,GOF,0.011266955135882566,0.6678870222179855,0.320846022646132
25760,LOF,0.017999930259358112,0.3449983024193074,0.6370017673213345
25761,GOF,0.2796731134821424,0.6220838818053637,0.09824300471249385
25762,LOF,0.055356609551145734,0.3182403390497525,0.6264030513991018
25763,LOF,0.01824499902989427,0.23946112264233443,0.7422938783277713
25764,GOF,0.07450101901995446,0.6905987637668022,0.2349002172132434
25765,GOF,0.03496166182306558,0.7525359297684698,0.21250240840846463
25766,GOF,0.0780217634296573,0.7558432466312308,0.1661349899391119
25767,GOF,0.1302400237028153,0.4415224518584767,0.4282375244387079
25768,LOF,0.11100512139115744,0.04064977078162948,0.8483451078272131
25769,LOF,0.0534650290322563,0.07467645159332582,0.8718585193744178
25770,LOF,0.3441265412674951,0.12178710496790437,0.5340863537646006
25771,LOF,0.07051787233289206,0.0640191159595551,0.8654630117075528
25772,LOF,0.019609575518045683,0.05810627118090642,0.922284153301048
25773,LOF,0.07231698785139219,0.06847363298221384,0.8592093791663941
25774,LOF,0.02962391951602422,0.1312441660751501,0.8391319144088256
25775,LOF,0.06525147519420398,0.07306937999305146,0.8616791448127447
25776,LOF,0.07331941586892818,0.03880907952865011,0.8878715046024218
25777,LOF,0.3436701263685449,0.10903540836695066,0.5472944652645045
25778,LOF,0.07067636516722921,0.05446439795866773,0.874859236874103
25779,GOF,0.43926154626626396,0.5165000348225347,0.0442384189112013
25780,GOF,0.370444482120723,0.5595672351745591,0.06998828270471792
25781,GOF,0.11043515215259107,0.7889594026518014,0.10060544519560738
25782,GOF,0.18327227995570805,0.7465100894065699,0.07021763063772195
25783,GOF,0.026422179734723272,0.6702593214407611,0.3033184988245157
25784,Neutral,0.5437623946437331,0.4144365791849768,0.04180102617129021
25785,Neutral,0.5347538440147117,0.41238938130295666,0.05285677468233162
25786,GOF,0.038900525570674874,0.7140613576211469,0.24703811680817817
25787,Neutral,0.6997940517466323,0.27053419860117833,0.029671749652189248
25788,LOF,0.06005758873406809,0.06952923762674863,0.8704131736391832
25789,GOF,0.2221314430213617,0.6425682213138902,0.13530033566474814
25790,GOF,0.26063545521371945,0.6413426673120741,0.09802187747420646
25791,GOF,0.15779651677115716,0.6409203184951763,0.20128316473366656
25792,GOF,0.36732655595106545,0.48830394596392046,0.14436949808501404
25793,GOF,0.32996896490278194,0.4170040613887053,0.25302697370851274
25794,GOF,0.35988384102428983,0.4294585753665151,0.21065758360919493
25795,GOF,0.0637560496713009,0.6663012368169995,0.26994271351169963
25796,Neutral,0.5516339311850611,0.37303119421384057,0.0753348746010984
25797,GOF,0.08937920007623919,0.5143306594797448,0.396290140444016
25798,GOF,0.011714375735968648,0.5167157864311875,0.4715698378328438
25799,LOF,0.00936145511075918,0.4291959208154293,0.5614426240738114
25800,GOF,0.04691450943491237,0.5895861640580209,0.3634993265070668
25801,GOF,0.2699102723749697,0.6305691653444714,0.09952056228055883
25802,GOF,0.0862115320653184,0.6493672480161288,0.2644212199185529
25803,GOF,0.04657263513535145,0.5423547720780232,0.4110725927866254
25804,LOF,0.043222599567109235,0.4668247674562259,0.4899526329766648
25805,GOF,0.12899401687792805,0.5528488040507668,0.31815717907130514
25806,GOF,0.17013794815504693,0.5496320518469362,0.28022999999801684
25807,GOF,0.02006424673159363,0.6007026002760619,0.3792331529923445
25808,GOF,0.11610784110885697,0.5550030331902519,0.32888912570089107
25809,GOF,0.021013677378826607,0.5868266657154008,0.39215965690577265
25810,GOF,0.023254574581601684,0.5876880095451181,0.3890574158732802
25811,Neutral,0.469162829373012,0.4610761529824021,0.06976101764458575
25812,GOF,0.039861648018471904,0.5891627683157613,0.3709755836657669
25813,Neutral,0.5762347970404952,0.3040028847110727,0.11976231824843217
25814,GOF,0.13056000805291765,0.6259464058367207,0.24349358611036157
25815,GOF,0.25856485065539303,0.5360394342961101,0.20539571504849694
25816,GOF,0.020673373996924902,0.6742001912409297,0.3051264347621454
25817,GOF,0.21329624711281833,0.6388977712385072,0.14780598164867442
25818,GOF,0.04216934197170295,0.5338945337375441,0.423936124290753
25819,GOF,0.3904599708905055,0.431073841792282,0.17846618731721253
25820,GOF,0.20536751744342413,0.5636703100891595,0.23096217246741635
25821,GOF,0.05681597236908607,0.6448219511238409,0.29836207650707314
25822,GOF,0.2511588661996074,0.4909289023609884,0.25791223143940417
25823,LOF,0.03066542437387465,0.4529391455341901,0.5163954300919352
25824,GOF,0.08808951376639856,0.5010558820363845,0.41085460419721687
25825,GOF,0.03188362488559503,0.5071675093736507,0.46094886574075417
25826,LOF,0.01092441068845113,0.47775093620700965,0.5113246531045392
25827,GOF,0.019849384516226812,0.5433726395461052,0.436777975937668
25828,LOF,0.012117053495691966,0.46615920114273396,0.521723745361574
25829,GOF,0.006424870278215586,0.532985406962415,0.46058972275936944
25830,LOF,0.04221936200892968,0.25816102518626044,0.6996196128048099
25831,GOF,0.1464559859452761,0.7191375165252863,0.13440649752943767
25832,GOF,0.033698749909070444,0.6848179171619735,0.28148333292895605
25833,GOF,0.12099119565961963,0.674140098624455,0.20486870571592547
25834,GOF,0.04009976389267167,0.6760579086702306,0.2838423274370977
25835,GOF,0.09645339962351229,0.6279633278095026,0.275583272566985
25836,GOF,0.04608230962707172,0.644801206375026,0.3091164839979022
25837,GOF,0.02495040073521983,0.5211268885043358,0.45392271076044455
25838,GOF,0.09731971820792204,0.7013040870020505,0.20137619479002744
25839,GOF,0.3021881673330037,0.5286002824518007,0.16921155021519563
25840,GOF,0.21627372904486317,0.549356723653028,0.23436954730210888
25841,GOF,0.24909672656132495,0.5280652884266335,0.22283798501204158
25842,GOF,0.17078173589273357,0.6263285907263995,0.20288967338086686
25843,GOF,0.2346457504958194,0.6203935356925641,0.14496071381161652
25844,GOF,0.057714487631402335,0.6277174192051463,0.31456809316345147
25845,LOF,0.013391663422190139,0.47376539485384084,0.5128429417239692
25846,GOF,0.0882143163198513,0.7046016024837675,0.2071840811963812
25847,GOF,0.13658647430592996,0.6963636303250693,0.1670498953690008
25848,GOF,0.03449998238546067,0.6422650539219134,0.32323496369262605
25849,GOF,0.010799134288655168,0.5452802243671397,0.4439206413442051
25850,GOF,0.02576611882170442,0.573577144669426,0.4006567365088696
25851,LOF,0.02059358282883297,0.47916686635995703,0.50023955081121
25852,GOF,0.13620600636250346,0.5348392601274322,0.3289547335100642
25853,GOF,0.34199830269170906,0.5756451622752479,0.08235653503304292
25854,GOF,0.018410435113029384,0.6629303041472123,0.31865926073975825
25855,GOF,0.04486719344350096,0.600597023925308,0.35453578263119107
25856,GOF,0.2792401823186237,0.5254578435604261,0.19530197412095013
25857,GOF,0.03710305718682086,0.5341893416182121,0.428707601194967
25858,GOF,0.019703931302177916,0.582466858480822,0.3978292102170001
25859,GOF,0.010188694457863991,0.5658435433413517,0.42396776220078436
25860,GOF,0.3802259420176775,0.5233691110221191,0.09640494696020328
25861,GOF,0.3744167098053484,0.5402891915618566,0.08529409863279505
25862,GOF,0.08274569421878172,0.769311826385858,0.14794247939536015
25863,GOF,0.08930355304567547,0.776853925225493,0.13384252172883154
25864,GOF,0.17553801124224383,0.7349427916646079,0.08951919709314836
25865,GOF,0.07592668591477612,0.7705622321243893,0.1535110819608345
25866,GOF,0.06810526917810984,0.7891762887680163,0.1427184420538738
25867,GOF,0.09274886546951096,0.7864064460025357,0.12084468852795328
25868,GOF,0.29708237552161754,0.5751382277526003,0.12777939672578226
25869,Neutral,0.7078313119752432,0.2477728624966462,0.04439582552811054
25870,LOF,0.30655919403961146,0.23691007395846816,0.45653073200192035
25871,GOF,0.2465713140217752,0.6053362549971714,0.14809243098105349
25872,GOF,0.09802847422136875,0.5857273550232399,0.31624417075539124
25873,GOF,0.17217167016743673,0.5824583096184228,0.24537002021414034
25874,LOF,0.022509223425260568,0.07341950287832379,0.9040712736964157
25875,LOF,0.08058299981530716,0.070817892679321,0.8485991075053719
25876,LOF,0.021881892485998918,0.06873957828946245,0.9093785292245385
25877,Neutral,0.4915366742750474,0.07372939727818072,0.4347339284467719
25878,LOF,0.1972934356271943,0.13271352270000492,0.6699930416728008
25879,LOF,0.08507065980748625,0.1533811801200107,0.761548160072503
25880,LOF,0.023277306693562896,0.028452341523718953,0.9482703517827182
25881,LOF,0.2077153922750231,0.20508020399907112,0.5872044037259058
25882,LOF,0.08406394211936208,0.016997762541186397,0.8989382953394516
25883,LOF,0.08486597305598437,0.03728236840553731,0.8778516585384784
25884,LOF,0.044728845389911724,0.043205643462253064,0.9120655111478352
25885,LOF,0.06543716808654731,0.024107726870149275,0.9104551050433035
25886,LOF,0.3904304561987943,0.086075998470403,0.5234935453308027
25887,LOF,0.18680766265448556,0.12825440799293786,0.6849379293525766
25888,LOF,0.07208494863627975,0.11823803177152811,0.8096770195921922
25889,LOF,0.04735754451842558,0.03783636621709484,0.9148060892644796
25890,LOF,0.0521689724152076,0.17187728638661137,0.775953741198181
25891,LOF,0.04980251197801143,0.060365661935498784,0.8898318260864897
25892,LOF,0.11081550942383331,0.016626225443276892,0.8725582651328898
25893,LOF,0.3257235695318258,0.012227287331646132,0.6620491431365281
25894,LOF,0.18019620982126894,0.0065792475857510595,0.81322454259298
25895,LOF,0.21686689331322218,0.014620383318943893,0.768512723367834
25896,LOF,0.045189008876059644,0.01676927282152583,0.9380417183024145
25897,LOF,0.25158050135400256,0.011842104336220537,0.736577394309777
25898,Neutral,0.730115019586054,0.008507848652689262,0.26137713176125665
25899,LOF,0.27566275124215356,0.02657811214665916,0.6977591366111873
25900,LOF,0.4713976757742473,0.01339880936134888,0.5152035148644039
25901,LOF,0.05629764776574291,0.010187559578364038,0.9335147926558931
25902,LOF,0.1803904769716612,0.008053119669119126,0.8115564033592195
25903,Neutral,0.577385305270206,0.021250304406448352,0.4013643903233456
25904,LOF,0.2573850252269723,0.030735345017365835,0.7118796297556619
25905,LOF,0.024433895899042938,0.32146483123266173,0.6541012728682953
25906,LOF,0.023726434621540275,0.0809556057783399,0.8953179596001198
25907,LOF,0.012048928545991553,0.3328661457027711,0.6550849257512373
25908,LOF,0.010912483959290165,0.22104292367668088,0.7680445923640289
25909,LOF,0.013617553522357271,0.1475682999398147,0.838814146537828
25910,LOF,0.058456429625975026,0.12269142018705832,0.8188521501869666
25911,LOF,0.11407247715362248,0.044774833296162796,0.8411526895502148
25912,LOF,0.03387134914893495,0.08165670419147379,0.8844719466595912
25913,LOF,0.2524255603933827,0.025788374396816985,0.7217860652098004
25914,LOF,0.02723433822447862,0.11771378143032987,0.8550518803451915
25915,Neutral,0.4314208694052797,0.1880840431032241,0.3804950874914963
25916,LOF,0.06594177662537733,0.21650457824345734,0.7175536451311653
25917,LOF,0.06632120406523828,0.05311732538231396,0.8805614705524477
25918,LOF,0.033626580188384304,0.06492547435088263,0.9014479454607331
25919,LOF,0.028338669000326302,0.0705251198150605,0.9011362111846131
25920,GOF,0.10839935806704742,0.47993318986886924,0.41166745206408323
25921,LOF,0.035822715639283756,0.031675365389482374,0.9325019189712339
25922,LOF,0.04520127151934364,0.02042327260788159,0.9343754558727747
25923,LOF,0.40347677824072825,0.02222157249137846,0.5743016492678932
25924,LOF,0.04288317690842176,0.027557607509802014,0.9295592155817762
25925,LOF,0.07560677816884022,0.03132844327212368,0.8930647785590362
25926,LOF,0.05482777736240344,0.021671922226127516,0.923500300411469
25927,LOF,0.08188717421509022,0.05077976220265004,0.8673330635822596
25928,LOF,0.02833358080308764,0.025225652644498456,0.9464407665524139
25929,Neutral,0.5532135011590023,0.025615644765403487,0.42117085407559435
25930,LOF,0.07070300293301565,0.01716149117941254,0.9121355058875718
25931,LOF,0.035984551859525364,0.020037270629189325,0.9439781775112853
25932,LOF,0.03212116788309584,0.01857730753209424,0.94930152458481
25933,LOF,0.04110966061451451,0.012341542399628726,0.9465487969858568
25934,LOF,0.027729317435404643,0.014355760557138225,0.9579149220074571
25935,LOF,0.07017142247178662,0.032522316905185145,0.8973062606230282
25936,LOF,0.04883900779769272,0.020115145803916337,0.9310458463983909
25937,LOF,0.037604569729670245,0.026227222642486305,0.9361682076278435
25938,LOF,0.06843149436571487,0.03772857313363895,0.8938399325006462
25939,LOF,0.044206626374209995,0.013676407728224097,0.9421169658975659
25940,LOF,0.024151015736513796,0.39366104887301107,0.5821879353904751
25941,LOF,0.1510053872440523,0.0808325338054759,0.7681620789504718
25942,LOF,0.014394313915977527,0.03607925630525549,0.949526429778767
25943,LOF,0.32047080905245456,0.08339367192633845,0.5961355190212069
25944,Neutral,0.5102649937814023,0.045481243074965066,0.4442537631436325
25945,LOF,0.06544173722348101,0.02555566993308435,0.9090025928434345
25946,LOF,0.03758938069956305,0.13148674923110826,0.8309238700693287
25947,LOF,0.1115575522000143,0.18186687138621174,0.706575576413774
25948,LOF,0.4155353920185521,0.01346365193529699,0.571000956046151
25949,LOF,0.09811853521063439,0.06761532096433054,0.8342661438250351
25950,GOF,0.2491511617354794,0.4824877453226826,0.2683610929418379
25951,LOF,0.326951102700403,0.2400065873477146,0.4330423099518825
25952,GOF,0.059447661314974275,0.5079194122680447,0.43263292641698103
25953,LOF,0.1467918493448802,0.1277520934283886,0.7254560572267311
25954,LOF,0.3457035625729924,0.2939997381183242,0.36029669930868347
25955,LOF,0.053647768820229355,0.09614210815412111,0.8502101230256495
25956,LOF,0.2026907898682999,0.05311836861974052,0.7441908415119596
25957,LOF,0.05458909555850161,0.02379074266196719,0.9216201617795312
25958,LOF,0.05936604137871529,0.03136602216019825,0.9092679364610864
25959,LOF,0.06133024406440755,0.37532873142041084,0.5633410245151816
25960,LOF,0.020006346351670055,0.05626350674466506,0.923730146903665
25961,LOF,0.04930344629340477,0.04054872359728316,0.910147830109312
25962,LOF,0.06092138829013821,0.033947016419368384,0.9051315952904935
25963,LOF,0.05553814525559471,0.18324874221088128,0.7612131125335241
25964,LOF,0.03784312144326848,0.16704670396206553,0.7951101745946659
25965,LOF,0.4476558700223395,0.09305184458689865,0.459292285390762
25966,Neutral,0.36744156172919407,0.30606809384906675,0.3264903444217392
25967,LOF,0.015461949015308419,0.10862237382802162,0.8759156771566698
25968,LOF,0.04203266069789243,0.4607775209702148,0.49718981833189285
25969,LOF,0.024831619101207493,0.07122000128910679,0.9039483796096858
25970,LOF,0.0656424858568037,0.04856136678165811,0.8857961473615381
25971,LOF,0.08281996558855176,0.02324863259457151,0.8939314018168767
25972,LOF,0.07963709760548572,0.03676113688654899,0.8836017655079652
25973,LOF,0.0839764346119601,0.010937303242442563,0.9050862621455973
25974,LOF,0.24465272332168528,0.018947852507434183,0.7363994241708804
25975,LOF,0.054329185847821995,0.03123261629430565,0.9144381978578723
25976,LOF,0.0384594595788609,0.025823654777963667,0.9357168856431755
25977,LOF,0.13374425219094546,0.12870381375448622,0.7375519340545682
25978,LOF,0.12042481770792558,0.1329872080411828,0.7465879742508915
25979,LOF,0.11758875023191596,0.12205022095850718,0.7603610288095769
25980,LOF,0.1518469044738293,0.174714198278784,0.6734388972473867
25981,LOF,0.18461352902972336,0.16963086357910584,0.6457556073911709
25982,LOF,0.37752204842790626,0.12344221840587412,0.4990357331662196
25983,LOF,0.37304889587394874,0.11147407479763645,0.5154770293284149
25984,LOF,0.05624888791663066,0.10240683268702346,0.8413442793963459
25985,LOF,0.021313201793117364,0.3342674952627961,0.6444193029440864
25986,LOF,0.026865085468723432,0.3154526945213764,0.6576822200099001
25987,LOF,0.09161048282800716,0.11599684509781731,0.7923926720741756
25988,LOF,0.11696788476630705,0.10193875542833726,0.7810933598053557
25989,LOF,0.028066455101582434,0.17356106983461742,0.7983724750638
25990,LOF,0.04000085867834291,0.14386285718295092,0.8161362841387062
25991,GOF,0.12532030656620877,0.4700380502527774,0.4046416431810139
25992,LOF,0.2929590956275529,0.3099760164607005,0.39706488791174654
25993,LOF,0.023367401118776266,0.11810995772734188,0.8585226411538818
25994,LOF,0.015649548435967713,0.13913666175399242,0.8452137898100399
25995,LOF,0.024466802355846636,0.1924087050287178,0.7831244926154356
25996,GOF,0.1852784595954289,0.6027147855305601,0.21200675487401102
25997,GOF,0.0627335577819457,0.5786904309839507,0.35857601123410365
25998,Neutral,0.5827330674109231,0.02448919310635915,0.3927777394827177
25999,LOF,0.1512072093282158,0.15102918215097313,0.6977636085208112
26000,LOF,0.12324235421240644,0.029129486698970815,0.8476281590886228
26001,LOF,0.18741738694202192,0.030738211101170098,0.7818444019568079
26002,LOF,0.1475056015748118,0.02939097461589685,0.8231034238092915
26003,GOF,0.010129964451038817,0.6883881536984185,0.3014818818505426
26004,GOF,0.023453425089457317,0.7121497883928475,0.2643967865176952
26005,GOF,0.009749947945986602,0.5793583479931479,0.41089170406086556
26006,Neutral,0.5273897082542073,0.30009930462158,0.17251098712421284
26007,GOF,0.018408471988854366,0.6250585809931631,0.35653294701798244
26008,GOF,0.024837939452476337,0.6421774613202774,0.3329845992272461
26009,GOF,0.028758084355403585,0.6793119806073978,0.2919299350371986
26010,GOF,0.023684411167989687,0.7842698739087718,0.1920457149232386
26011,GOF,0.009143821007910176,0.5424062828140991,0.44844989617799086
26012,GOF,0.02143140433460801,0.6249498938450281,0.35361870182036387
26013,GOF,0.019965995674406524,0.7163729997807426,0.26366100454485075
26014,LOF,0.03692149552321889,0.2113787054552251,0.751699799021556
26015,LOF,0.17103079905823446,0.008791678694894289,0.8201775222468713
26016,LOF,0.2461722114870418,0.0486261609031901,0.7052016276097681
26017,LOF,0.17663302468595218,0.10767791207035664,0.7156890632436912
26018,LOF,0.078445274126587,0.028642345027665002,0.892912380845748
26019,LOF,0.07811354032258155,0.020966978247664123,0.9009194814297543
26020,LOF,0.05363807975071025,0.1421738594371691,0.8041880608121206
26021,LOF,0.05186531084712129,0.1868846951453474,0.7612499940075313
26022,LOF,0.009511610226695262,0.06996117335151952,0.9205272164217851
26023,LOF,0.10480068570028758,0.019808677996595962,0.8753906363031164
26024,LOF,0.02778189960678809,0.15178436516776686,0.820433735225445
26025,LOF,0.12927067672983716,0.09039542413300225,0.7803338991371606
26026,LOF,0.31238079299234733,0.01639178180991731,0.6712274251977354
26027,LOF,0.07599063101516292,0.01499963301767786,0.9090097359671592
26028,LOF,0.17975608115884803,0.09258796898743085,0.7276559498537212
26029,LOF,0.1041534854201184,0.16719094004284965,0.7286555745370319
26030,LOF,0.03114549544199569,0.0717380481896935,0.8971164563683108
26031,LOF,0.03967340489994521,0.15124279317280281,0.8090838019272519
26032,LOF,0.08427905787758777,0.06481611040160416,0.8509048317208081
26033,LOF,0.14502709163205263,0.07358700370211446,0.7813859046658329
26034,LOF,0.061020893587282195,0.14304538580600087,0.7959337206067169
26035,LOF,0.039071629243447197,0.12821195094537371,0.832716419811179
26036,LOF,0.057881749929010316,0.159331795864612,0.7827864542063777
26037,LOF,0.03208729953814876,0.11605185746020559,0.8518608430016456
26038,LOF,0.0790873100503829,0.05739818421714591,0.8635145057324712
26039,LOF,0.08187883792786403,0.12949225932155947,0.7886289027505764
26040,LOF,0.2493726060108533,0.09573048090507547,0.6548969130840714
26041,LOF,0.03216195565341037,0.10830134964250002,0.8595366947040897
26042,LOF,0.031820889035039865,0.11343076196931733,0.8547483489956429
26043,LOF,0.07660747867473693,0.07415354941704215,0.8492389719082208
26044,LOF,0.029128884793029334,0.08060679480863515,0.8902643203983355
26045,LOF,0.10375720087163601,0.09184361518903393,0.8043991839393301
26046,LOF,0.08079901828341264,0.0769997045112399,0.8422012772053474
26047,LOF,0.11340629513459267,0.08776245683457949,0.7988312480308278
26048,LOF,0.060739158170846644,0.053945603069626,0.8853152387595274
26049,Neutral,0.9524420964744839,0.009438835698100717,0.03811906782741534
26050,Neutral,0.9374449150010343,0.010497397324687532,0.052057687674278146
26051,GOF,0.04945659807842765,0.5097440355064534,0.440799366415119
26052,GOF,0.0711730061915604,0.5297059828905332,0.3991210109179066
26053,LOF,0.06355948784000541,0.19495862369327083,0.7414818884667237
26054,LOF,0.0571576982891929,0.044477385880030466,0.8983649158307766
26055,LOF,0.07049388571245283,0.03128741216668031,0.8982187021208669
26056,LOF,0.06324778317948548,0.03816793650518797,0.8985842803153266
26057,LOF,0.03306253029514641,0.01933273771037626,0.9476047319944773
26058,LOF,0.03344145830249072,0.017263647248138357,0.9492948944493709
26059,LOF,0.27178809086669203,0.058593619797521104,0.6696182893357869
26060,LOF,0.027458109500734285,0.32575674010486205,0.6467851503944037
26061,LOF,0.020360549748271735,0.025148212652815524,0.9544912375989129
26062,LOF,0.01326811274141698,0.040371583665740396,0.9463603035928425
26063,LOF,0.022774004128186393,0.019585634858094846,0.9576403610137187
26064,LOF,0.027037740476470624,0.023637024704432866,0.9493252348190965
26065,LOF,0.02616620342113823,0.02413669284677796,0.9496971037320837
26066,LOF,0.021718503139734058,0.02275951034317266,0.9555219865170933
26067,LOF,0.02777880594550333,0.017148411691771573,0.9550727823627251
26068,LOF,0.04973981961530138,0.058888033262612084,0.8913721471220866
26069,LOF,0.2711330821776567,0.03904532203967595,0.6898215957826674
26070,LOF,0.37653365782933296,0.02540506560055707,0.59806127657011
26071,LOF,0.02346572295442371,0.026031160906624273,0.950503116138952
26072,LOF,0.025330158043767006,0.03474665733573565,0.9399231846204974
26073,LOF,0.024190960596440127,0.020452428408308694,0.9553566109952513
26074,Neutral,0.9294665698914643,0.008464103285409827,0.06206932682312603
26075,LOF,0.045608050181259185,0.031137807366461295,0.9232541424522795
26076,LOF,0.043620100395585684,0.017065468549006636,0.9393144310554076
26077,LOF,0.009464434762322782,0.039405187369075494,0.9511303778686017
26078,LOF,0.015333939846922643,0.023220476970188517,0.9614455831828889
26079,LOF,0.05564477779742649,0.03568600052668994,0.9086692216758837
26080,LOF,0.0555930785766135,0.035703995638882054,0.9087029257845045
26081,LOF,0.03854807636192825,0.013530659660039667,0.9479212639780321
26082,LOF,0.019738685381219395,0.03912595647634976,0.9411353581424308
26083,LOF,0.15075803822153216,0.021113160243060158,0.8281288015354077
26084,LOF,0.02571712756821909,0.03488159767855581,0.939401274753225
26085,LOF,0.022520575611203617,0.03193872734291325,0.9455406970458832
26086,LOF,0.02297934782564752,0.02566675770147938,0.9513538944728731
26087,LOF,0.02505097330847377,0.01688361463968408,0.9580654120518421
26088,LOF,0.020110651984724136,0.03906433565869641,0.9408250123565794
26089,LOF,0.04541528167109522,0.04324951986827615,0.9113351984606285
26090,LOF,0.04416483629352624,0.03353107206256722,0.9223040916439065
26091,LOF,0.042578994108657224,0.01154537731550089,0.9458756285758418
26092,LOF,0.02891976819063765,0.018351912522276005,0.9527283192870863
26093,LOF,0.04102122335695454,0.011675421974920434,0.947303354668125
26094,LOF,0.04843446544619705,0.01078555804032158,0.9407799765134814
26095,LOF,0.05957095848361424,0.027406687620375368,0.9130223538960104
26096,LOF,0.01869649804658319,0.025065686235375834,0.956237815718041
26097,LOF,0.01091738121865248,0.08424838152285487,0.9048342372584925
26098,LOF,0.0689592185220385,0.030183596048018145,0.9008571854299433
26099,LOF,0.025998251389987605,0.029983564180098756,0.9440181844299136
26100,LOF,0.02779911249565827,0.02731806483186308,0.9448828226724786
26101,LOF,0.05952231139147925,0.026096315362302176,0.9143813732462185
26102,LOF,0.027361899612222428,0.02116514531755477,0.9514729550702229
26103,Neutral,0.8882778699844518,0.03445966287081002,0.0772624671447382
26104,LOF,0.06908070334774369,0.05560715878654512,0.8753121378657112
26105,LOF,0.19366532083811722,0.3021464920914272,0.5041881870704557
26106,LOF,0.17530452093268029,0.16456517469415974,0.6601303043731599
26107,LOF,0.2158187202857595,0.1355637513385299,0.6486175283757106
26108,LOF,0.2341302757713333,0.16206262352824716,0.6038071007004195
26109,LOF,0.06035180822577981,0.1292962373571397,0.8103519544170806
26110,LOF,0.24652604660327862,0.008640233491923185,0.7448337199047982
26111,LOF,0.45456997360620865,0.017818347597005787,0.5276116787967856
26112,LOF,0.037981200248584465,0.010382601347379294,0.9516361984040363
26113,LOF,0.05496807231689926,0.016761126072532582,0.9282708016105682
26114,LOF,0.018578399322289114,0.032835792087145904,0.948585808590565
26115,LOF,0.09001016117497389,0.05323970936290983,0.8567501294621164
26116,LOF,0.04624023774717929,0.05591905517643523,0.8978407070763855
26117,LOF,0.3712555155565727,0.06203784977350504,0.5667066346699223
26118,LOF,0.03930528045739252,0.04178119437148467,0.9189135251711228
26119,LOF,0.02367382087000266,0.05393027292608621,0.9223959062039111
26120,LOF,0.03247175109746259,0.026494955169272343,0.941033293733265
26121,LOF,0.07302119450655305,0.10607197525731962,0.8209068302361273
26122,LOF,0.06376945004240311,0.04770673082337543,0.8885238191342214
