feature0,prediction,LoGoFunc_Neutral,LoGoFunc_GOF,LoGoFunc_LOF
25546,Neutral,0.6255710498201721,0.04589639440937883,0.3285325557704492
25547,Neutral,0.5244600597363693,0.06895590694322036,0.40658403332041027
25548,Neutral,0.5272757772159992,0.06055040111064427,0.4121738216733565
25549,Neutral,0.4764851853144424,0.06256351316708249,0.4609513015184751
25550,LOF,0.39359720713820434,0.07022456591087597,0.5361782269509197
25551,LOF,0.3560121598167025,0.0741013291823796,0.569886511000918
25552,LOF,0.30741116148263337,0.08267403105340423,0.6099148074639624
25553,Neutral,0.7899548611243782,0.0407740115901318,0.16927112728549001
25554,LOF,0.3323132539190251,0.07442738239781968,0.5932593636831551
25555,LOF,0.29002479918380264,0.07511503738499173,0.6348601634312057
25556,LOF,0.455983963052367,0.06562839355912971,0.4783876433885033
25557,LOF,0.2782564581905082,0.07399433836310845,0.6477492034463833
25558,LOF,0.3353817057720562,0.06989841089458654,0.5947198833333571
25559,LOF,0.22594987401212674,0.0347092861022798,0.7393408398855934
25560,LOF,0.10523169227716918,0.15015761337276312,0.7446106943500677
25561,LOF,0.09710353612502881,0.255219018921749,0.6476774449532222
25562,LOF,0.03821303630838591,0.10820331485378168,0.8535836488378323
25563,LOF,0.007115765152020197,0.193323589066986,0.7995606457809938
25564,LOF,0.07769330563286976,0.11546134116559553,0.8068453532015347
25565,LOF,0.1713102860673115,0.1625406613987007,0.6661490525339878
25566,GOF,0.08117310878819937,0.73023223589439,0.18859465531741063
25567,LOF,0.04303790206846844,0.17466164994554012,0.7823004479859914
25568,LOF,0.05985271767540167,0.10108295120559069,0.8390643311190076
25569,LOF,0.06572562952261995,0.09311266244467448,0.8411617080327055
25570,LOF,0.026010108110238784,0.15792872173153985,0.8160611701582214
25571,LOF,0.025880771982930536,0.15993502714078037,0.8141842008762891
25572,LOF,0.05622076107904487,0.22274027941064686,0.7210389595103084
25573,LOF,0.07548540907329891,0.13417270904269984,0.7903418818840012
25574,LOF,0.08383477359787661,0.2635480960678993,0.6526171303342241
25575,LOF,0.024933947378487146,0.16280900073854335,0.8122570518829695
25576,LOF,0.025347321144322293,0.24400977730483311,0.7306429015508445
25577,LOF,0.029900311406383526,0.20862800529429204,0.7614716832993245
25578,LOF,0.2988528663676249,0.10267646467022806,0.5984706689621471
25579,LOF,0.2059118696939388,0.10360385906934425,0.6904842712367171
25580,LOF,0.023024289019770598,0.10788242544532604,0.8690932855349034
25581,LOF,0.046697067048243876,0.10186963722978123,0.8514332957219748
25582,LOF,0.04635003777428903,0.10050963339156534,0.8531403288341456
25583,LOF,0.03194664976819199,0.1151357771925854,0.8529175730392227
25584,Neutral,0.7047652535020594,0.14182887749696507,0.15340586900097555
25585,LOF,0.0236771440018956,0.20658381800323078,0.7697390379948738
25586,LOF,0.02112621315678788,0.13191924633826602,0.8469545405049461
25587,LOF,0.01969440632565824,0.12870208929365093,0.8516035043806908
25588,LOF,0.02486211847527952,0.10370598004327428,0.8714319014814461
25589,Neutral,0.5452680089088328,0.23575796657068787,0.2189740245204795
25590,LOF,0.05537050962468117,0.15175323234906934,0.7928762580262495
25591,LOF,0.10590219255918809,0.08493460844387901,0.8091631989969329
25592,LOF,0.07467337112832012,0.182881161942898,0.7424454669287819
25593,LOF,0.11616154783076314,0.33073207803817184,0.5531063741310651
25594,LOF,0.04434229025209617,0.04151877007432627,0.9141389396735775
25595,LOF,0.04944029899990818,0.02334410068765833,0.9272156003124334
25596,LOF,0.11305560185464396,0.01855840270944977,0.8683859954359063
25597,LOF,0.08865844994186092,0.014494172203344237,0.8968473778547947
25598,LOF,0.04952594577466843,0.02533092138660013,0.9251431328387315
25599,LOF,0.027557459937628117,0.39078457112925546,0.5816579689331164
25600,LOF,0.16033561465366028,0.38666358287284064,0.453000802473499
25601,LOF,0.04330764308368698,0.29532514897517875,0.6613672079411343
25602,LOF,0.032983902961894504,0.0728911030890483,0.8941249939490572
25603,LOF,0.04871660702905523,0.07345055501913227,0.8778328379518126
25604,LOF,0.05264779408748026,0.12170672524443228,0.8256454806680874
25605,LOF,0.054459915141240316,0.17707721380842645,0.7684628710503332
25606,Neutral,0.4123655218677627,0.2249250251627716,0.36270945296946583
25607,LOF,0.02849543503633198,0.2642826259911014,0.7072219389725667
25608,LOF,0.04917592908845805,0.08211172730771453,0.8687123436038275
25609,GOF,0.20981598782620767,0.49554385306913057,0.2946401591046618
25610,LOF,0.01967450036699686,0.07948404374789987,0.9008414558851032
25611,LOF,0.014014558169554799,0.08543050315579762,0.9005549386746476
25612,LOF,0.058381774294757736,0.08881072808721842,0.8528074976180239
25613,LOF,0.05233406837561656,0.0835407797820695,0.864125151842314
25614,LOF,0.02288951982609419,0.07982036122939196,0.8972901189445138
25615,LOF,0.05031583709826138,0.07711763405171003,0.8725665288500286
25616,LOF,0.06600421467365888,0.08518219929640101,0.8488135860299401
25617,LOF,0.048860652933798855,0.09641269562399099,0.85472665144221
25618,LOF,0.04793341223562376,0.1427394006793331,0.8093271870850431
25619,LOF,0.013757923263140811,0.1112817380139624,0.8749603387228968
25620,LOF,0.0472202935700084,0.0930998622923635,0.8596798441376281
25621,LOF,0.07008865029697417,0.07389664997106832,0.8560146997319574
25622,LOF,0.08283874406947483,0.0861363443440235,0.8310249115865017
25623,LOF,0.0637646677408864,0.09082137686744818,0.8454139553916654
25624,LOF,0.022719205775561867,0.0834287824385442,0.8938520117858939
25625,LOF,0.06626709396871376,0.08628083903470056,0.8474520669965856
25626,LOF,0.05338035032936573,0.085762999842524,0.8608566498281102
25627,Neutral,0.8830682266459942,0.02328634027317953,0.09364543308082643
25628,LOF,0.19927466629343105,0.06741075797578716,0.7333145757307818
25629,LOF,0.05982027973734133,0.060615006108833275,0.8795647141538254
25630,LOF,0.29585864159843744,0.06956572671678347,0.634575631684779
25631,Neutral,0.5340388960224048,0.048293313425606554,0.4176677905519887
25632,LOF,0.032152128391169536,0.13826124821013552,0.829586623398695
25633,LOF,0.200456961392247,0.08291558056102342,0.7166274580467296
25634,LOF,0.04685793953956241,0.1241803777113218,0.8289616827491159
25635,LOF,0.033464831122129966,0.0716558000934942,0.8948793687843759
25636,GOF,0.0325800844516369,0.5610045013936936,0.40641541415466936
25637,GOF,0.040922447889915274,0.5571286251373427,0.4019489269727421
25638,GOF,0.021497063305174584,0.5005195768003439,0.47798335989448154
25639,LOF,0.03215257343022782,0.45269964708936306,0.5151477794804092
25640,Neutral,0.8222120972661419,0.12942708325246843,0.048360819481389795
25641,LOF,0.14324853989467545,0.3176255120626502,0.5391259480426744
25642,LOF,0.10936540997032501,0.15619698764398307,0.734437602385692
25643,LOF,0.30737951035370054,0.08983923971374758,0.6027812499325518
25644,GOF,0.009120692145243347,0.6288520705059145,0.36202723734884207
25645,GOF,0.013196259780954699,0.5931022946633854,0.39370144555565983
25646,LOF,0.02111932608152227,0.411517364404724,0.5673633095137538
25647,LOF,0.009727191066081841,0.32189673635327914,0.668376072580639
25648,LOF,0.014032394239287196,0.3728563056884911,0.6131113000722217
25649,LOF,0.008371884742741672,0.292826971394324,0.6988011438629342
25650,GOF,0.03316148604423927,0.5838313563184773,0.38300715763728355
25651,LOF,0.011905141029304142,0.3782429133288961,0.6098519456417998
25652,LOF,0.011954084514599637,0.42413697676427226,0.563908938721128
25653,GOF,0.04307435081013769,0.5769252903056636,0.38000035888419875
25654,LOF,0.011097385655695277,0.32963200338894505,0.6592706109553597
25655,GOF,0.14039886206377425,0.6164514529363543,0.2431496849998715
25656,LOF,0.22224499222114846,0.05682736081458594,0.7209276469642657
25657,LOF,0.03368739976102179,0.06460919358432482,0.9017034066546534
25658,LOF,0.2757527392018609,0.09031285945689245,0.6339344013412466
25659,LOF,0.39836114424894037,0.09493597254963732,0.5067028832014223
25660,LOF,0.021035939775541104,0.10851004406807409,0.8704540161563847
25661,LOF,0.06806944688323513,0.06968640164527116,0.8622441514714938
25662,LOF,0.027157758410050484,0.0421099191872971,0.9307323224026525
25663,LOF,0.02990292590405426,0.039552977959058114,0.9305440961368876
25664,LOF,0.09397412910557008,0.06762740868880932,0.8383984622056206
25665,LOF,0.05711225449887017,0.033208092486908466,0.9096796530142215
25666,LOF,0.06835980662528754,0.05651600955567374,0.8751241838190388
25667,LOF,0.05736911529963333,0.0483203729129541,0.8943105117874126
25668,LOF,0.02896214992317632,0.06061295321598602,0.9104248968608376
25669,LOF,0.019930102690758882,0.05534619372583672,0.9247237035834045
25670,LOF,0.11107934240160179,0.05461994158691673,0.8343007160114816
25671,LOF,0.08400404221048911,0.04169497204572917,0.8743009857437818
25672,LOF,0.0499120732583726,0.053474746958799155,0.8966131797828282
25673,LOF,0.07695242872500192,0.05026198950586297,0.8727855817691351
25674,LOF,0.07469913655711839,0.06585094328145202,0.8594499201614296
25675,LOF,0.07412332747260073,0.07056540124649975,0.8553112712808996
25676,LOF,0.015511894556318098,0.06554326450144535,0.9189448409422366
25677,LOF,0.015292174251645294,0.09097026269009588,0.8937375630582589
25678,LOF,0.1520282461158869,0.10403654498628946,0.7439352088978237
25679,LOF,0.1045282271785755,0.10109709064501063,0.7943746821764139
25680,LOF,0.026171445781489014,0.13562482142160226,0.8382037327969087
25681,LOF,0.040999913842462994,0.12054021385346807,0.838459872304069
25682,LOF,0.10262304886607383,0.07773010434623732,0.8196468467876888
25683,LOF,0.08721680362074749,0.09225676545793021,0.8205264309213223
25684,LOF,0.02458173781394052,0.06512055000950955,0.91029771217655
25685,LOF,0.12128452495602968,0.09998349867470008,0.7787319763692702
25686,LOF,0.08480490270037272,0.14272122826076963,0.7724738690388576
25687,LOF,0.1367954763601609,0.13188321658781105,0.731321307052028
25688,LOF,0.45837605702721645,0.02943787490322424,0.5121860680695594
25689,LOF,0.28066918382248524,0.04188198327751167,0.6774488329000031
25690,LOF,0.39127855598455175,0.02731736798520302,0.5814040760302452
25691,Neutral,0.7468844236390841,0.024264048611170756,0.2288515277497451
25692,LOF,0.3874405340944649,0.01032206184173047,0.6022374040638047
25693,GOF,0.039037144964258974,0.5063888452272315,0.4545740098085095
25694,LOF,0.1103946278841869,0.014270167601604631,0.8753352045142084
25695,LOF,0.1064739224673599,0.007329580857057601,0.8861964966755826
25696,LOF,0.09701663980217942,0.009575531264705856,0.8934078289331148
25697,LOF,0.05274614084196448,0.05671931385021499,0.8905345453078205
25698,LOF,0.2605481293204128,0.26236274235720936,0.4770891283223779
25699,LOF,0.4244567781876155,0.03081996030281224,0.5447232615095722
25700,LOF,0.06174456817375504,0.01019748622487609,0.9280579456013689
25701,LOF,0.20687415184305263,0.03331437197278827,0.7598114761841591
25702,GOF,0.20179552124848016,0.6286413789402833,0.1695630998112365
25703,LOF,0.017445952270102885,0.16347331715939753,0.8190807305704996
25704,LOF,0.036331040798259,0.11576034083830167,0.8479086183634393
25705,LOF,0.042307949715075704,0.09255611187720006,0.8651359384077242
25706,GOF,0.09719735620093788,0.477891627516444,0.42491101628261807
25707,LOF,0.08936087170002496,0.41490322273019375,0.49573590556978125
25708,LOF,0.03136185759726894,0.4151716421899969,0.5534665002127341
25709,LOF,0.07262483735729683,0.039025570607320176,0.888349592035383
25710,LOF,0.01733273964265988,0.15787076135818862,0.8247964989991515
25711,LOF,0.01972679345439926,0.09190422555816233,0.8883689809874384
25712,LOF,0.019412522781858756,0.20617020368216793,0.7744172735359734
25713,LOF,0.018401679933021112,0.07833312880376518,0.9032651912632137
25714,LOF,0.08515054651032898,0.05794796172842397,0.856901491761247
25715,LOF,0.011530036967543848,0.1267245081135089,0.8617454549189474
25716,LOF,0.011890773927460473,0.1147249913176801,0.8733842347548594
25717,LOF,0.019831963483532687,0.06766997537043204,0.9124980611460353
25718,LOF,0.011827718498443506,0.05269830312211832,0.9354739783794381
25719,LOF,0.02219281719984181,0.07293495912348345,0.9048722236766746
25720,LOF,0.029684990458938066,0.05067792246107814,0.9196370870799837
25721,LOF,0.011890708464366614,0.07294980292995866,0.9151594886056748
25722,LOF,0.01362844497832232,0.0606346539066882,0.9257369011149895
25723,LOF,0.02472880331776901,0.041511162993259416,0.9337600336889715
25724,LOF,0.034778157621785835,0.08186640870893801,0.8833554336692762
25725,LOF,0.011392682656220586,0.07336037450493545,0.915246942838844
25726,LOF,0.01680514194458966,0.09176237106684314,0.8914324869885671
25727,LOF,0.013564373174076194,0.06032897758883672,0.9261066492370871
25728,LOF,0.01103028467778028,0.07753944648651204,0.9114302688357075
25729,LOF,0.010880524733449026,0.08214642228768103,0.9069730529788701
25730,LOF,0.015266755598266749,0.076679585653829,0.9080536587479041
25731,LOF,0.01925318888937662,0.10012872751806455,0.8806180835925589
25732,LOF,0.014712528081723679,0.047831363686321376,0.937456108231955
25733,LOF,0.014721334472949222,0.06475734101838482,0.920521324508666
25734,LOF,0.013132520299193831,0.13322581841171022,0.8536416612890959
25735,LOF,0.011333529642525653,0.06309023306465722,0.9255762372928172
25736,LOF,0.01257337369670558,0.06942248921616694,0.9180041370871276
25737,LOF,0.012509238342022711,0.11836426227414168,0.8691264993838356
25738,LOF,0.012499084823845453,0.12086398941876866,0.8666369257573858
25739,LOF,0.020967123888103813,0.07474968676800592,0.9042831893438903
25740,LOF,0.030983043448313787,0.13317907197060427,0.8358378845810819
25741,LOF,0.01573984565220781,0.12356705130048538,0.8606931030473068
25742,LOF,0.12989247882116675,0.08061238689178889,0.7894951342870444
25743,LOF,0.04927243910567312,0.0655180548223895,0.8852095060719375
25744,Neutral,0.6228112271126175,0.24473394185619543,0.132454831031187
25745,LOF,0.05842497133330606,0.09666544848906833,0.8449095801776255
25746,LOF,0.03906753721286565,0.12755959803413047,0.8333728647530039
25747,LOF,0.01827956845839234,0.12629032238205035,0.8554301091595572
25748,LOF,0.1048325496220217,0.20272290770125825,0.6924445426767201
25749,LOF,0.023501594453854153,0.11230142858435299,0.8641969769617929
25750,LOF,0.05900402638889627,0.13362562048832966,0.8073703531227739
25751,LOF,0.10354825321321573,0.15717579451462127,0.7392759522721629
25752,GOF,0.10542598388685553,0.6640447752342308,0.23052924087891374
25753,LOF,0.03432586524196996,0.34783461081061734,0.6178395239474127
25754,GOF,0.018466481623282422,0.7928824936766206,0.188651024700097
25755,LOF,0.032194454160612875,0.3360604177903829,0.6317451280490041
25756,LOF,0.06768329348780286,0.4199043901539914,0.5124123163582057
25757,GOF,0.016829978385024914,0.8664567185084223,0.11671330310655269
25758,GOF,0.025895851577575478,0.8003656572626209,0.1737384911598036
25759,GOF,0.012967257745625925,0.6855564625070816,0.30147627974729246
25760,LOF,0.016830995448043763,0.4126951456355184,0.5704738589164378
25761,GOF,0.25909299650861295,0.6411783561041242,0.09972864738726286
25762,LOF,0.048914550643536676,0.3673316851856634,0.5837537641707999
25763,LOF,0.014299748302070623,0.2598104220901489,0.7258898296077805
25764,GOF,0.05182512475878374,0.7405030984346581,0.20767177680655816
25765,GOF,0.030864173234307735,0.7792521046829732,0.189883722082719
25766,GOF,0.08707173072593359,0.7272730790648682,0.18565519020919827
25767,GOF,0.16583113872091895,0.4208896937904621,0.4132791674886189
25768,LOF,0.12272776970789102,0.03876587653094689,0.838506353761162
25769,LOF,0.05070036336963394,0.05901592934744789,0.8902837072829182
25770,LOF,0.37196301285520306,0.11265764186086595,0.515379345283931
25771,LOF,0.06930308187740175,0.04907285133602992,0.8816240667865685
25772,LOF,0.019533298679278912,0.047702346125212555,0.9327643551955085
25773,LOF,0.07144143232970906,0.0569855529457974,0.8715730147244937
25774,LOF,0.0295165275187557,0.11406664713543127,0.8564168253458131
25775,LOF,0.08357026676133407,0.04415983928001506,0.8722698939586508
25776,LOF,0.07280306308298742,0.03125350266161223,0.8959434342554004
25777,Neutral,0.5474899180673715,0.07592569883727168,0.37658438309535686
25778,LOF,0.06976895332930538,0.04625478808414211,0.8839762585865524
25779,GOF,0.4293513785550251,0.5259463018909738,0.04470231955400115
25780,GOF,0.33360917739846335,0.5678016296103768,0.09858919299115994
25781,GOF,0.10454862427897542,0.7581820296553237,0.13726934606570088
25782,GOF,0.17135772252971776,0.7231633739573368,0.10547890351294548
25783,GOF,0.02255591536571168,0.6688271608584294,0.3086169237758589
25784,Neutral,0.539267774230309,0.40803721670121273,0.05269500906847822
25785,Neutral,0.5204469174963888,0.4123449839944392,0.06720809850917187
25786,GOF,0.027300709107131036,0.6848719588107124,0.2878273320821565
25787,Neutral,0.7065761816079457,0.2512160991919682,0.04220771920008619
25788,LOF,0.05647864189116206,0.07635802756335117,0.8671633305454869
25789,GOF,0.20773436634176107,0.623950924233436,0.16831470942480292
25790,GOF,0.24930739379731612,0.6192530880337727,0.13143951816891128
25791,GOF,0.12889233880045425,0.6223152015735905,0.24879245962595523
25792,GOF,0.33411117272590896,0.4703996511321175,0.19548917614197353
25793,GOF,0.23154025189090802,0.4534945358273347,0.3149652122817573
25794,GOF,0.32655207108255674,0.41578839843424653,0.2576595304831968
25795,GOF,0.05842474610755501,0.6223425360546075,0.3192327178378374
25796,Neutral,0.5236157743177379,0.38886227018644937,0.08752195549581265
25797,GOF,0.07556078394964845,0.4798330579673661,0.4446061580829854
25798,LOF,0.009599911921764029,0.4827753340801507,0.5076247539980853
25799,LOF,0.007725164384990286,0.41121939104988386,0.5810554445651259
25800,GOF,0.03511521403699085,0.5751084752444184,0.3897763107185907
25801,GOF,0.2579226291926474,0.6078437125577106,0.13423365824964198
25802,GOF,0.0753907059378607,0.5818046766199585,0.3428046174421809
25803,GOF,0.04412497854475359,0.48649898653975615,0.46937603491549024
25804,LOF,0.03765104889809995,0.4089625097641767,0.5533864413377233
25805,GOF,0.10533879612111612,0.5014147581408727,0.3932464457380111
25806,GOF,0.12439647313362953,0.5401355429687662,0.33546798389760435
25807,GOF,0.020595062850528326,0.5550638690263565,0.4243410681231151
25808,GOF,0.0986527565562538,0.475707111910807,0.42564013153293934
25809,GOF,0.019086005208651377,0.544927178180263,0.4359868166110857
25810,GOF,0.019594462325635838,0.5278470025346879,0.45255853513967625
25811,Neutral,0.4895278184915803,0.43294091826180897,0.07753126324661085
25812,GOF,0.03566956530887764,0.5546585391783353,0.409671895512787
25813,Neutral,0.6061843765409046,0.2625565449588913,0.13125907850020402
25814,GOF,0.13146609038130927,0.5615070554667364,0.30702685415195424
25815,GOF,0.2783917337289123,0.49491924300199525,0.2266890232690924
25816,GOF,0.02143024936495728,0.6456657325090048,0.3329040181260378
25817,GOF,0.19543557237077958,0.6460072155235098,0.15855721210571075
25818,GOF,0.03436542378588712,0.5264023619757034,0.4392322142384094
25819,GOF,0.3569029036193215,0.4533540460373601,0.18974305034331837
25820,GOF,0.17786225857051868,0.5578284100816957,0.26430933134778556
25821,GOF,0.056886687543843364,0.6273794686235319,0.3157338438326247
25822,GOF,0.23436045689496485,0.4662833894022374,0.29935615370279756
25823,LOF,0.03339563396792363,0.4356173069818026,0.5309870590502738
25824,GOF,0.07331607389299843,0.47935605137951154,0.44732787472748997
25825,GOF,0.028441175758465425,0.48611911175631034,0.48543971248522416
25826,LOF,0.010381780798511266,0.47020260796961616,0.5194156112318726
25827,GOF,0.018518683232691697,0.5178613661155195,0.4636199506517889
25828,LOF,0.013319440630983347,0.4289021971341727,0.5577783622348439
25829,GOF,0.0074062251951260575,0.5222646520864075,0.47032912271846644
25830,LOF,0.03655022445489207,0.2561384731969886,0.7073113023481193
25831,GOF,0.12774607228791823,0.715506017844868,0.1567479098672137
25832,GOF,0.03170603180866961,0.644309191241041,0.3239847769502895
25833,GOF,0.10145830512557384,0.6460685635633383,0.2524731313110879
25834,GOF,0.03784747726858229,0.6329683069308081,0.3291842158006098
25835,GOF,0.08969878415593217,0.5800395578670454,0.3302616579770224
25836,GOF,0.04167644896399264,0.5990226939159107,0.3593008571200967
25837,LOF,0.020781751457027577,0.4808286933336896,0.49838955520928274
25838,GOF,0.0798800578629663,0.6822206813027235,0.2378992608343101
25839,GOF,0.2887327201388072,0.4984822999804638,0.21278497988072895
25840,GOF,0.21258119234664874,0.5500243565586023,0.23739445109474894
25841,GOF,0.2543043267891714,0.5247844778703956,0.22091119534043288
25842,GOF,0.15591211091040408,0.611460021870184,0.232627867219412
25843,GOF,0.20915357888588143,0.6263062291619395,0.1645401919521792
25844,GOF,0.05810394665699309,0.618141555135015,0.32375449820799185
25845,LOF,0.01235712407913578,0.4533317595960132,0.5343111163248511
25846,GOF,0.08400446253611593,0.6951028602674688,0.22089267719641517
25847,GOF,0.10270437850648627,0.7086655441178864,0.18863007737562737
25848,GOF,0.03638724795110779,0.6197054893904658,0.34390726265842647
25849,GOF,0.011000882614430118,0.5082366605889181,0.4807624567966518
25850,GOF,0.023832039420452658,0.5741655214964303,0.402002439083117
25851,LOF,0.01963708104686154,0.47125601881374085,0.5091069001393975
25852,GOF,0.13165622686573802,0.5309157808068462,0.33742799232741577
25853,GOF,0.30864491151303486,0.581864345097656,0.10949074338930914
25854,GOF,0.017932880757999956,0.6404279467545909,0.34163917248740916
25855,GOF,0.04757983906449439,0.5787864721022221,0.3736336888332835
25856,GOF,0.2538195186128803,0.5189903655207943,0.22719011586632526
25857,GOF,0.03959773138120082,0.48219736257167733,0.47820490604712185
25858,GOF,0.018304758439986777,0.5507891367605344,0.4309061047994788
25859,GOF,0.009920565727944364,0.5502152068458442,0.4398642274262114
25860,GOF,0.32629977847785496,0.5491178881039932,0.12458233341815177
25861,GOF,0.3539764571149964,0.5496561544747608,0.09636738841024284
25862,GOF,0.06184063739091571,0.7659727319897854,0.17218663061929904
25863,GOF,0.06872219704630961,0.776230961589685,0.1550468413640054
25864,GOF,0.13139176340100756,0.7636294388469703,0.10497879775202215
25865,GOF,0.06471857363028999,0.7739364829033263,0.16134494346638387
25866,GOF,0.05528574745614656,0.7921854384937173,0.1525288140501361
25867,GOF,0.07469540493811795,0.7887301777178828,0.13657441734399917
25868,GOF,0.23082632171552692,0.6170862871741889,0.15208739111028413
25869,Neutral,0.6856658442368103,0.26012805605642486,0.05420609970676488
25870,LOF,0.2691655020793103,0.22656247067942614,0.5042720272412635
25871,GOF,0.20990443907718426,0.6315223733265225,0.15857318759629324
25872,GOF,0.08566707457289555,0.6010626312829177,0.31327029414418683
25873,GOF,0.15874745187679382,0.6058345626896974,0.2354179854335089
25874,LOF,0.021622138019483626,0.08421730897970275,0.8941605530008135
25875,LOF,0.08058514892706016,0.0712215032398068,0.8481933478331329
25876,LOF,0.02958719224313809,0.07341027098188782,0.8970025367749741
25877,Neutral,0.5244594007706064,0.06043914776272401,0.41510145146666955
25878,LOF,0.23797063933676238,0.11840010631165883,0.6436292543515788
25879,LOF,0.12054035084898926,0.14072653647086758,0.7387331126801431
25880,LOF,0.022408847872588063,0.028251798547798655,0.9493393535796132
25881,LOF,0.1985624603276248,0.23794372547671042,0.5634938141956647
25882,LOF,0.07481908463555399,0.02475977748913766,0.9004211378753083
25883,LOF,0.08343126943132884,0.0531758909501389,0.8633928396185322
25884,LOF,0.044948662268333626,0.050638018121090825,0.9044133196105756
25885,LOF,0.05472688112198728,0.02715303315162459,0.9181200857263881
25886,LOF,0.3450409109841441,0.11573914475063689,0.5392199442652191
25887,LOF,0.17704344797598914,0.18631586171972844,0.6366406903042824
25888,LOF,0.07750811905397327,0.12025031437926897,0.8022415665667578
25889,LOF,0.037658117921484456,0.05543286948804751,0.906909012590468
25890,LOF,0.06267523537598095,0.1551766519698841,0.782148112654135
25891,LOF,0.0638997727603057,0.05731698452421627,0.878783242715478
25892,LOF,0.09926979458838507,0.024912159939522723,0.8758180454720922
25893,LOF,0.2949793921169966,0.015265682037339494,0.689754925845664
25894,LOF,0.15527722239232486,0.00784412148949463,0.8368786561181805
25895,LOF,0.21047850457064862,0.018580345064117324,0.7709411503652341
25896,LOF,0.04490024742694489,0.018626184784444968,0.9364735677886101
25897,LOF,0.21314750238707125,0.014595602733862229,0.7722568948790665
25898,Neutral,0.7422251127212729,0.010467331469823678,0.24730755580890343
25899,LOF,0.2594967307995715,0.04079412312384063,0.699709146076588
25900,Neutral,0.587470703532324,0.011711293546980348,0.4008180029206957
25901,LOF,0.05056642428936669,0.011881504576378656,0.9375520711342545
25902,LOF,0.15685592408694837,0.010460755859742066,0.8326833200533096
25903,Neutral,0.5980567298102155,0.02713718776607062,0.3748060824237139
25904,LOF,0.24849830489513125,0.03637144136112337,0.7151302537437453
25905,LOF,0.03493630871289713,0.2656689816845958,0.699394709602507
25906,LOF,0.026363778367297884,0.06141777524278445,0.9122184463899177
25907,LOF,0.014446350790882866,0.30227995160645604,0.683273697602661
25908,LOF,0.014629313113334838,0.1992619786359666,0.7861087082506986
25909,LOF,0.016015679264437678,0.12232351940035298,0.8616608013352093
25910,LOF,0.04103495073849812,0.21864248722386895,0.7403225620376328
25911,LOF,0.08121019054799228,0.04437744871835144,0.8744123607336562
25912,LOF,0.03838590250680698,0.09398470539192617,0.8676293921012669
25913,LOF,0.2663928193955067,0.03715967207875909,0.6964475085257342
25914,LOF,0.025274587026403016,0.1220810891493087,0.8526443238242882
25915,Neutral,0.4150657973937526,0.21622083726290325,0.36871336534334415
25916,LOF,0.05659105245858692,0.2561816742082534,0.6872272733331597
25917,LOF,0.056796671212350436,0.048680794135192954,0.8945225346524566
25918,LOF,0.034714381485791194,0.07191866606758293,0.8933669524466258
25919,LOF,0.029934395286470756,0.07433985462679113,0.8957257500867382
25920,GOF,0.11107252111950305,0.5391257878429214,0.34980169103757547
25921,LOF,0.03567291194390068,0.028311923011256172,0.9360151650448432
25922,LOF,0.053547915098996604,0.018311789942517358,0.928140294958486
25923,LOF,0.40786789602766765,0.019057839961334814,0.5730742640109976
25924,LOF,0.040039782030054843,0.021350879931326387,0.9386093380386188
25925,LOF,0.08284244404992361,0.03299636694831446,0.8841611890017619
25926,LOF,0.06200120258035121,0.018540969040236353,0.9194578283794125
25927,LOF,0.07459433770984797,0.044691379079185904,0.8807142832109661
25928,LOF,0.025291863780796307,0.019679366562959044,0.9550287696562446
25929,Neutral,0.5457683973275886,0.022102315296067883,0.43212928737634343
25930,LOF,0.07084767487238731,0.014946986077996181,0.9142053390496165
25931,LOF,0.03290355121395871,0.016616774337740777,0.9504796744483005
25932,LOF,0.030778786174712025,0.014020370946243723,0.9552008428790443
25933,LOF,0.03787310224228434,0.009365069120169264,0.9527618286375464
25934,LOF,0.025965457210111932,0.011503609045070154,0.9625309337448179
25935,LOF,0.08715209084568505,0.028253436916975575,0.8845944722373392
25936,LOF,0.04718674591924151,0.015647090134613354,0.9371661639461452
25937,LOF,0.0378927618628276,0.020299995690842294,0.9418072424463302
25938,LOF,0.08040388863037656,0.03366742902068558,0.885928682348938
25939,LOF,0.04414839482343505,0.009396668687006893,0.9464549364895579
25940,LOF,0.024264131982751066,0.40524843559129053,0.5704874324259585
25941,LOF,0.13890347607640804,0.12326240498356039,0.7378341189400316
25942,LOF,0.012605036383056377,0.05024645713459574,0.9371485064823479
25943,LOF,0.3454442036251294,0.11336857735955921,0.5411872190153114
25944,Neutral,0.48577480669422135,0.06344985167568111,0.4507753416300975
25945,LOF,0.06967397682956292,0.03764319993219099,0.8926828232382461
25946,LOF,0.037045853856984515,0.15198268742169363,0.8109714587213218
25947,LOF,0.1348645471056034,0.14040367944910717,0.7247317734452895
25948,LOF,0.40818507992431663,0.014592906943074904,0.5772220131326085
25949,LOF,0.09313637886171,0.05046444631600725,0.8563991748222828
25950,GOF,0.19435778924732813,0.45658148643555213,0.3490607243171197
25951,LOF,0.2667579790422392,0.21696472813268153,0.5162772928250793
25952,LOF,0.0649096728720974,0.4315559916923175,0.5035343354355851
25953,LOF,0.13754442925563506,0.11447317645539558,0.7479823942889695
25954,LOF,0.31341617882036626,0.2639350255371173,0.42264879564251645
25955,LOF,0.06064459727210087,0.08986630392041096,0.8494890988074881
25956,LOF,0.2011889477496484,0.0664704087348566,0.7323406435154949
25957,LOF,0.04586238993674371,0.023398666935615067,0.9307389431276413
25958,LOF,0.05788847685454622,0.026258496708991424,0.9158530264364623
25959,LOF,0.07487867789533605,0.3788732273598408,0.5462480947448232
25960,LOF,0.023023080984811383,0.05121884585980562,0.9257580731553829
25961,LOF,0.04963157403638118,0.035748094553885335,0.9146203314097334
25962,LOF,0.068147439547783,0.03496880658953421,0.8968837538626828
25963,LOF,0.060440006833671754,0.17667950812132055,0.7628804850450077
25964,LOF,0.03863158725797535,0.1537912878510427,0.807577124890982
25965,Neutral,0.48415066025733167,0.07932765332088079,0.43652168642178757
25966,LOF,0.31061707669861616,0.2942402331073487,0.39514269019403503
25967,LOF,0.01581427866962647,0.09871749980621436,0.8854682215241592
25968,LOF,0.048320676099689555,0.38077963065501885,0.5708996932452916
25969,LOF,0.02745911745616002,0.05299865819157851,0.9195422243522615
25970,LOF,0.07234371994522935,0.06693233621780968,0.8607239438369609
25971,LOF,0.08066943085445959,0.03525229113986215,0.8840782780056783
25972,LOF,0.08450659585698218,0.03901270114409691,0.8764807029989209
25973,LOF,0.09621428607861751,0.009215120649940175,0.8945705932714423
25974,LOF,0.30928981732076344,0.018677210880713318,0.6720329717985232
25975,LOF,0.05946091188240964,0.028822913502068552,0.9117161746155218
25976,LOF,0.0422357501173729,0.023453772619429714,0.9343104772631975
25977,LOF,0.13841733303295836,0.13470832723010123,0.7268743397369404
25978,LOF,0.13553965324193593,0.12419383720924168,0.7402665095488224
25979,LOF,0.1291017637837894,0.11066060231771731,0.7602376338984933
25980,LOF,0.14879097768927274,0.199147935371526,0.6520610869392013
25981,LOF,0.18355826853757026,0.1918745270625627,0.6245672043998671
25982,LOF,0.39215913933020646,0.10987457679849451,0.4979662838712991
25983,LOF,0.36812347304089654,0.1012138682327037,0.5306626587263998
25984,LOF,0.053084267787441075,0.11474156293647617,0.8321741692760828
25985,LOF,0.021645642207425944,0.34577658357548946,0.6325777742170846
25986,LOF,0.02590315204658162,0.3371318165890438,0.6369650313643747
25987,LOF,0.08854397804269253,0.12008012978984478,0.7913758921674627
25988,LOF,0.11651205237826162,0.09263481143498527,0.7908531361867531
25989,LOF,0.025444801133811392,0.16973936064474404,0.8048158382214446
25990,LOF,0.03354254712929053,0.16164803152795776,0.8048094213427518
25991,LOF,0.14795448669435005,0.38081512478631957,0.47123038851933036
25992,LOF,0.3093330441396399,0.2675745901149622,0.42309236574539794
25993,LOF,0.026815245390673228,0.07773834764993284,0.8954464069593938
25994,LOF,0.018023164101888242,0.10486121931284893,0.8771156165852628
25995,LOF,0.031357241961953095,0.12299864385896389,0.845644114179083
25996,GOF,0.18344508590041053,0.5137294336160712,0.30282548048351837
25997,GOF,0.0711086282987092,0.48053503014802,0.44835634155327087
25998,Neutral,0.6602839665443131,0.02832841391368233,0.31138761954200467
25999,LOF,0.1459912881523282,0.11520115195361776,0.7388075598940541
26000,LOF,0.09667521898735054,0.03113134386589174,0.8721934371467577
26001,LOF,0.19119592580443823,0.03399028953451096,0.7748137846610508
26002,LOF,0.12014584683822938,0.035404971269099514,0.8444491818926712
26003,GOF,0.010101430660254002,0.6809458571445173,0.30895271219522863
26004,GOF,0.024127792518750295,0.7208086244893166,0.25506358299193316
26005,GOF,0.011385346692577384,0.5751952684386055,0.4134193848688172
26006,Neutral,0.4999907548292624,0.3119153273385041,0.18809391783223345
26007,GOF,0.0186618277396266,0.6348888913164601,0.34644928094391336
26008,GOF,0.022173511896345807,0.6103622602816766,0.3674642278219776
26009,GOF,0.03283417168237073,0.6769900396856555,0.29017578863197374
26010,GOF,0.02209511897079602,0.7510097547773149,0.22689512625188918
26011,GOF,0.009855523605356771,0.5582664909228315,0.43187798547181167
26012,GOF,0.018076795960696015,0.6169000165141962,0.36502318752510776
26013,GOF,0.015076631874847311,0.7221020165859113,0.2628213515392413
26014,LOF,0.04449333451028791,0.15264971003231298,0.8028569554573991
26015,LOF,0.2110762324374053,0.011398041408808629,0.777525726153786
26016,LOF,0.287893028237883,0.048725993889039254,0.6633809778730777
26017,LOF,0.19041668456084576,0.10011774584755467,0.7094655695915996
26018,LOF,0.08707066579868866,0.03889938459221258,0.8740299496090989
26019,LOF,0.08744933949661207,0.026708966434397165,0.8858416940689907
26020,LOF,0.06343087278412546,0.10072173764307502,0.8358473895727996
26021,LOF,0.057354334177380575,0.13809805227632896,0.8045476135462905
26022,LOF,0.009918954244527363,0.06788225872416356,0.9221987870313091
26023,LOF,0.11316580318525407,0.023088254550286947,0.863745942264459
26024,LOF,0.029598097114945973,0.10868257178662967,0.8617193310984242
26025,LOF,0.14164090315405317,0.08183278729677876,0.7765263095491681
26026,LOF,0.31477165305705856,0.014240548384319996,0.6709877985586215
26027,LOF,0.08473792862326733,0.017578622498383385,0.8976834488783494
26028,LOF,0.18119426882696,0.0887258147616143,0.7300799164114258
26029,LOF,0.12424218096077351,0.14898317999695895,0.7267746390422676
26030,LOF,0.034780837058385,0.06998483447965458,0.8952343284619604
26031,LOF,0.04517947008643102,0.13065855388813982,0.8241619760254292
26032,LOF,0.08036859672251832,0.05155548283755376,0.8680759204399279
26033,LOF,0.13981307992216815,0.054340731953949464,0.8058461881238824
26034,LOF,0.07389122385348783,0.11788965342814546,0.8082191227183668
26035,LOF,0.04857451260589114,0.09638767132871455,0.8550378160653942
26036,LOF,0.07396910376892495,0.11817263781759106,0.8078582584134839
26037,LOF,0.03835877533499779,0.09482382355954078,0.8668174011054616
26038,LOF,0.07615635507532183,0.04648696824490339,0.8773566766797747
26039,LOF,0.09333123743925459,0.1095472782481972,0.7971214843125481
26040,LOF,0.2291970508231832,0.07815301594648999,0.6926499332303269
26041,LOF,0.040549368777225245,0.08611982513195415,0.8733308060908206
26042,LOF,0.038469641387678576,0.09057991673180295,0.8709504418805184
26043,LOF,0.07312419498932092,0.06273701388212538,0.8641387911285536
26044,LOF,0.03440392046323218,0.07053008462259124,0.8950659949141767
26045,LOF,0.11492966155350794,0.08091413804958768,0.8041562003969044
26046,LOF,0.07823378434531138,0.06513437493854883,0.8566318407161397
26047,LOF,0.10927027564536605,0.07573535950449524,0.8149943648501387
26048,LOF,0.05596560277983978,0.05750400209552294,0.8865303951246372
26049,Neutral,0.9462634378900727,0.010320637601256254,0.04341592450867115
26050,Neutral,0.9288904164908887,0.01169781761687281,0.059411765892238615
26051,GOF,0.06451464796589079,0.47026946328064173,0.46521588875346737
26052,GOF,0.0648444860388382,0.5345937007181674,0.40056181324299445
26053,LOF,0.05747306907047837,0.29375130296094754,0.648775627968574
26054,LOF,0.055196294217895424,0.066315238877909,0.8784884669041956
26055,LOF,0.07464228595404929,0.057181415603501394,0.8681762984424494
26056,LOF,0.06621047393969592,0.06538913167204566,0.8684003943882583
26057,LOF,0.03265214878514909,0.024703653767834507,0.9426441974470166
26058,LOF,0.03277709868301306,0.022242254284554185,0.9449806470324329
26059,LOF,0.32684336195627645,0.08016420393642351,0.5929924341073001
26060,LOF,0.030534650679276718,0.3519884241729601,0.6174769251477632
26061,LOF,0.018396053305731956,0.03291946560663762,0.9486844810876305
26062,LOF,0.01297223173248054,0.043474753871104714,0.9435530143964148
26063,LOF,0.023547452692935032,0.022259257765019774,0.9541932895420451
26064,LOF,0.02273764704582477,0.028351350201615416,0.9489110027525598
26065,LOF,0.027433965717257862,0.02632074231576139,0.9462452919669808
26066,LOF,0.020979548696983288,0.027104743708498396,0.9519157075945184
26067,LOF,0.02506273969864391,0.020910309267373237,0.9540269510339829
26068,LOF,0.05499565316504498,0.0583871714026652,0.8866171754322898
26069,LOF,0.41736824692405766,0.04342252840524975,0.5392092246706925
26070,Neutral,0.6238754388436201,0.021526063028041553,0.3545984981283383
26071,LOF,0.02460974744745601,0.02885488304718933,0.9465353695053547
26072,LOF,0.026773161694338007,0.04242922774023243,0.9307976105654295
26073,LOF,0.026169339491646175,0.021894250660909192,0.9519364098474445
26074,Neutral,0.8868284280229093,0.009356358722893815,0.10381521325419701
26075,LOF,0.0446156019896331,0.03506743174897322,0.9203169662613937
26076,LOF,0.04509427985516352,0.019015436197517898,0.9358902839473187
26077,LOF,0.010083461418996893,0.045731664076561804,0.9441848745044413
26078,LOF,0.013781711419112011,0.027873380498623104,0.9583449080822649
26079,LOF,0.055730608837062975,0.03373831554214242,0.9105310756207946
26080,LOF,0.055730608837062975,0.03373831554214242,0.9105310756207946
26081,LOF,0.0348729686896844,0.015094935234208798,0.9500320960761068
26082,LOF,0.02251863901203134,0.036333943215716764,0.941147417772252
26083,LOF,0.14205887981104395,0.02657220121160684,0.8313689189773491
26084,LOF,0.02899623265022139,0.03274576687380131,0.9382580004759773
26085,LOF,0.024940817776672012,0.030304063602641707,0.9447551186206862
26086,LOF,0.0235887419855297,0.02818847833455828,0.9482227796799121
26087,LOF,0.025323966757930957,0.019690688097736383,0.9549853451443328
26088,LOF,0.024372087673813513,0.04393987395876734,0.9316880383674191
26089,LOF,0.04870536500719004,0.047668787295769635,0.9036258476970404
26090,LOF,0.0462755575882945,0.03822668865877467,0.915497753752931
26091,LOF,0.03808377669655271,0.013431514586547021,0.9484847087169002
26092,LOF,0.02998760659719457,0.019858666284473574,0.9501537271183318
26093,LOF,0.04043568173916417,0.014458371959283808,0.945105946301552
26094,LOF,0.044682155902042,0.012715225878243799,0.9426026182197141
26095,LOF,0.04201843277347617,0.042788018287629626,0.9151935489388943
26096,LOF,0.017761919859280797,0.026552005082653107,0.9556860750580661
26097,LOF,0.011286013911303282,0.09561661167750378,0.8930973744111929
26098,LOF,0.061130082777918315,0.038130073426018624,0.9007398437960631
26099,LOF,0.025713169907991745,0.03533123828062461,0.9389555918113835
26100,LOF,0.027149633451131243,0.03287075542158075,0.9399796111272881
26101,LOF,0.059362029707789345,0.02861662843744391,0.9120213418547668
26102,LOF,0.027173961704548007,0.0262469143961962,0.9465791238992557
26103,Neutral,0.878740817578524,0.04575011459720886,0.07550906782426715
26104,LOF,0.052536888003103674,0.07008462148955555,0.8773784905073408
26105,LOF,0.21966177876710824,0.22934858959224683,0.550989631640645
26106,LOF,0.16482779841422304,0.13259035545818426,0.7025818461275927
26107,LOF,0.20421162884901042,0.11995378538030738,0.6758345857706821
26108,LOF,0.20150624656731,0.165462583089202,0.6330311703434879
26109,LOF,0.05596094705681782,0.1739780136969387,0.7700610392462436
26110,LOF,0.29824579363743253,0.01338275048985921,0.6883714558727082
26111,Neutral,0.4983552607676789,0.025656808561138555,0.47598793067118256
26112,LOF,0.03727111928989921,0.01515066278378553,0.9475782179263154
26113,LOF,0.056279110871894,0.027996674176419028,0.9157242149516869
26114,LOF,0.02121837580163368,0.025259213662825408,0.9535224105355408
26115,LOF,0.08986425532540884,0.0442082821739126,0.8659274625006784
26116,LOF,0.0519852067972003,0.06072109086553332,0.8872937023372665
26117,LOF,0.3219322884028561,0.08451633280755066,0.5935513787895934
26118,LOF,0.042041463055956615,0.04736482845044715,0.9105937084935963
26119,LOF,0.02198905962514286,0.06255505571563734,0.9154558846592199
26120,LOF,0.029605632653153597,0.033083250963894216,0.9373111163829522
26121,LOF,0.057201390551808826,0.0974693146395662,0.845329294808625
26122,LOF,0.06248912741943815,0.0518717609971256,0.8856391115834363
