feature0,prediction,LoGoFunc_Neutral,LoGoFunc_GOF,LoGoFunc_LOF
25546,Neutral,0.677310140379721,0.06152152287037896,0.2611683367499
25547,Neutral,0.5048990310263776,0.11095148402386745,0.3841494849497549
25548,Neutral,0.49854325889188233,0.09092848432524388,0.4105282567828739
25549,LOF,0.41851034892358463,0.08744764921659827,0.494042001859817
25550,LOF,0.36347954184798487,0.12652409687793306,0.5099963612740821
25551,LOF,0.30182469399799516,0.13952075832155836,0.5586545476804464
25552,LOF,0.2572081880437592,0.13454434667871618,0.6082474652775246
25553,Neutral,0.8171472363125761,0.043683638684118814,0.13916912500330514
25554,LOF,0.29338914102009417,0.1226333558428055,0.5839775031371003
25555,LOF,0.24686040254111488,0.11703479914617353,0.6361047983127116
25556,LOF,0.448596881921262,0.09766666497187954,0.45373645310685845
25557,LOF,0.23683510444363648,0.11891592155458533,0.6442489740017783
25558,LOF,0.2977523152286359,0.11717644134393314,0.5850712434274311
25559,LOF,0.18361876469023247,0.1371980194268097,0.6791832158829578
25560,LOF,0.1684189526560102,0.10623596080202696,0.7253450865419627
25561,LOF,0.1510778266072619,0.12385706653282627,0.7250651068599119
25562,LOF,0.07095696716705673,0.07980274903606428,0.8492402837968789
25563,LOF,0.021897798622526617,0.1150255008605881,0.8630767005168853
25564,LOF,0.21753378969761475,0.10550337704961346,0.6769628332527717
25565,LOF,0.22362764687143102,0.12745951106790618,0.6489128420606629
25566,GOF,0.0991451655551614,0.7117761595942163,0.18907867485062227
25567,LOF,0.035627417039588334,0.11842551029794615,0.8459470726624656
25568,LOF,0.05957396230593225,0.07130793676452214,0.8691181009295456
25569,LOF,0.060191750995142325,0.07306180835977341,0.8667464406450842
25570,LOF,0.02688170863864954,0.09752010617430236,0.875598185187048
25571,LOF,0.025989005096783833,0.10119189805145673,0.8728190968517594
25572,LOF,0.06382625203520037,0.120058368759356,0.8161153792054437
25573,LOF,0.05749023454778683,0.08665068677619144,0.8558590786760218
25574,LOF,0.05508737515901241,0.18414666568269197,0.7607659591582956
25575,LOF,0.022563091088332776,0.12118573462743935,0.8562511742842279
25576,LOF,0.037060728881850066,0.15747897977296485,0.805460291345185
25577,LOF,0.033709054753401885,0.10898004255588095,0.8573109026907171
25578,LOF,0.30180687887015956,0.08069381758082018,0.6174993035490202
25579,LOF,0.12944070715436926,0.08832063396803648,0.7822386588775943
25580,LOF,0.019407140042909183,0.07394023820278625,0.9066526217543046
25581,LOF,0.055034390511837145,0.06872057145365876,0.876245038034504
25582,LOF,0.05497814888449406,0.06806168585130018,0.8769601652642058
25583,LOF,0.019727231433148563,0.07912038198803673,0.9011523865788147
25584,Neutral,0.6634393800296766,0.09987148064086969,0.23668913932945368
25585,LOF,0.032464556029453334,0.12197599268482603,0.8455594512857205
25586,LOF,0.017787334278159646,0.06984577237882889,0.9123668933430115
25587,LOF,0.01652518378420383,0.06400201959327198,0.9194727966225242
25588,LOF,0.019702192451635136,0.07194087463019662,0.9083569329181683
25589,Neutral,0.49565295458304365,0.20698149846391908,0.2973655469530374
25590,LOF,0.05070255311825087,0.10573548465267885,0.8435619622290702
25591,LOF,0.09318948871844628,0.057995499904419455,0.8488150113771343
25592,LOF,0.05363069054842047,0.13361155794120788,0.8127577515103718
25593,LOF,0.1320982636383232,0.2459192347872112,0.6219825015744657
25594,LOF,0.044837285104961475,0.10693339464803334,0.8482293202470051
25595,LOF,0.045995821458278144,0.07597127895711929,0.8780328995846025
25596,LOF,0.09481853858108515,0.04654687345356649,0.8586345879653483
25597,LOF,0.07904170827360575,0.05660131033407626,0.864356981392318
25598,LOF,0.045263212927005164,0.07751402977431356,0.8772227572986813
25599,GOF,0.02072761801583765,0.5385016016573834,0.4407707803267791
25600,GOF,0.17495010021489502,0.5022992849092268,0.32275061487587814
25601,LOF,0.042694441471271695,0.40340077996018825,0.55390477856854
25602,LOF,0.03152603953655842,0.046365282282964944,0.9221086781804766
25603,LOF,0.03518413538276151,0.027085019335884742,0.9377308452813538
25604,LOF,0.036352096400532705,0.05645800958882889,0.9071898940106383
25605,LOF,0.0425031063219869,0.1694377000763097,0.7880591936017033
25606,LOF,0.42244808795900457,0.08785588153404507,0.48969603050695043
25607,LOF,0.024258737223880604,0.16680551483197073,0.8089357479441487
25608,LOF,0.03387442266108043,0.08288766556919151,0.8832379117697281
25609,GOF,0.15916767335521348,0.565515840027591,0.27531648661719554
25610,LOF,0.01590141378653133,0.026985892010696375,0.9571126942027722
25611,LOF,0.014785658471224868,0.031143048172113677,0.9540712933566614
25612,LOF,0.047211788225915825,0.03866493333795171,0.9141232784361325
25613,LOF,0.04550663320862948,0.03890192980405399,0.9155914369873166
25614,LOF,0.022376030559860694,0.026627459100470017,0.9509965103396693
25615,LOF,0.04597409877354874,0.0343079718420257,0.9197179293844256
25616,LOF,0.04787452047365665,0.025500545914385973,0.9266249336119574
25617,LOF,0.04468101259247911,0.033865177094522435,0.9214538103129984
25618,LOF,0.05089087579632954,0.032893237272831034,0.9162158869308394
25619,LOF,0.014373879248462939,0.02972376328258802,0.955902357468949
25620,LOF,0.061578735163728526,0.03568873611217617,0.9027325287240954
25621,LOF,0.04835248926200438,0.031180555107872474,0.920466955630123
25622,LOF,0.06013637316660948,0.030654507274819484,0.9092091195585711
25623,LOF,0.07043473835153832,0.02998371667029479,0.8995815449781669
25624,LOF,0.019536427814428502,0.035029344848987676,0.9454342273365838
25625,LOF,0.06397635018675732,0.03777897297554473,0.8982446768376979
25626,LOF,0.04537755561456881,0.03649318800676543,0.9181292563786657
25627,Neutral,0.889685618209017,0.021684964586854153,0.08862941720412888
25628,LOF,0.1340926274637161,0.061347346657230094,0.8045600258790537
25629,LOF,0.06450644484037449,0.04494573061238419,0.8905478245472414
25630,LOF,0.2664913014020677,0.07826496484600111,0.655243733751931
25631,Neutral,0.5213993699749326,0.06581784708574025,0.4127827829393271
25632,LOF,0.028309164622015385,0.05657302817913369,0.9151178071988509
25633,LOF,0.20231408485889218,0.034080279142056476,0.7636056359990513
25634,LOF,0.03537345184212809,0.07797543577389857,0.8866511123839734
25635,LOF,0.03857292868894271,0.04208928489281527,0.919337786418242
25636,LOF,0.04087162982329029,0.4617625960237151,0.49736577415299454
25637,LOF,0.07579589370645091,0.44980976783548055,0.47439433845806855
25638,LOF,0.04252947870875896,0.2730102576948247,0.6844602635964163
25639,LOF,0.0330161711442275,0.34120942930309256,0.62577439955268
25640,Neutral,0.8186415797721385,0.13798601306590383,0.043372407161957775
25641,LOF,0.054198508196509364,0.45090500752377494,0.49489648427971566
25642,LOF,0.040299381337877485,0.1483918272794727,0.8113087913826499
25643,LOF,0.21102072812046196,0.1597920539139541,0.6291872179655839
25644,LOF,0.02005823041375209,0.45142397662950734,0.5285177929567405
25645,LOF,0.02031774551143345,0.4247045754804413,0.5549776790081251
25646,LOF,0.05220843427829586,0.3290974696677042,0.6186940960539999
25647,LOF,0.02350478095135435,0.24251441671785667,0.7339808023307889
25648,LOF,0.02860290902393208,0.2319655843583501,0.7394315066177178
25649,LOF,0.015292709668912687,0.23555053947225327,0.749156750858834
25650,LOF,0.05274517824908967,0.4038217376994115,0.5434330840514988
25651,LOF,0.016309438556666868,0.2566997449453891,0.7269908164979441
25652,LOF,0.031150532754581284,0.2611979129461284,0.7076515542992903
25653,LOF,0.0748042867182021,0.37230153226553075,0.5528941810162672
25654,LOF,0.024125059499365695,0.194515091773254,0.7813598487273803
25655,LOF,0.2180090791036782,0.3588374351839525,0.4231534857123693
25656,LOF,0.2766105867835463,0.04760753028203193,0.6757818829344218
25657,LOF,0.07881792023964118,0.057128290864275254,0.8640537888960836
25658,LOF,0.3763634859683024,0.05016931453850122,0.5734671994931964
25659,Neutral,0.5454568173109372,0.06858437865355482,0.38595880403550803
25660,LOF,0.02493183974418366,0.07363957502995053,0.9014285852258659
25661,LOF,0.09223535666272432,0.05717558346364836,0.8505890598736273
25662,LOF,0.0327840018515225,0.03059592603380802,0.9366200721146694
25663,LOF,0.03929346707121443,0.04472839108278021,0.9159781418460053
25664,LOF,0.13424942385523334,0.05553894775451412,0.8102116283902525
25665,LOF,0.050886013060677186,0.029492917608719502,0.9196210693306034
25666,LOF,0.0860112742961268,0.0743685176677792,0.839620208036094
25667,LOF,0.06497039624147048,0.04304191629392915,0.8919876874646004
25668,LOF,0.03693692428104639,0.043015600527586594,0.920047475191367
25669,LOF,0.03464774135806831,0.05144111968634181,0.9139111389555898
25670,LOF,0.13451155622416647,0.04489116872995986,0.8205972750458737
25671,LOF,0.09349373422357052,0.030397171607019276,0.8761090941694102
25672,LOF,0.05275568124766682,0.04030874390905753,0.9069355748432756
25673,LOF,0.07760569574558573,0.03841056839653916,0.8839837358578752
25674,LOF,0.06359814657412638,0.04951303584994073,0.886888817575933
25675,LOF,0.11211145193121423,0.04404137609515395,0.8438471719736319
25676,LOF,0.018486997820173625,0.04700730049568243,0.9345057016841438
25677,LOF,0.02566572440857238,0.06282640557411258,0.9115078700173149
25678,LOF,0.18202927268943203,0.05472871364760634,0.7632420136629616
25679,LOF,0.1286488774848678,0.07361913998594169,0.7977319825291905
25680,LOF,0.03001926152740804,0.10445632127530581,0.8655244171972861
25681,LOF,0.048251234694921485,0.09520480363793485,0.8565439616671436
25682,LOF,0.13884683608260903,0.059563844150386756,0.8015893197670042
25683,LOF,0.12075510954035928,0.0749415243576424,0.8043033661019984
25684,LOF,0.04110791669143958,0.06229999083498885,0.8965920924735716
25685,LOF,0.13202347409462795,0.04731101403567195,0.8206655118697002
25686,LOF,0.07276738723911648,0.08851630430084945,0.838716308460034
25687,LOF,0.10621359686877113,0.08121915075214868,0.8125672523790802
25688,LOF,0.3177252470892377,0.03509734267279192,0.6471774102379704
25689,LOF,0.22318764955043283,0.04603998429818224,0.7307723661513849
25690,LOF,0.35579288824074556,0.03245742632415437,0.6117496854351001
25691,Neutral,0.6956005417696614,0.03316751856383068,0.27123193966650805
25692,LOF,0.28495922163017323,0.010891945852507592,0.7041488325173192
25693,LOF,0.04063138720170364,0.4654265405885539,0.49394207220974246
25694,LOF,0.12330470963770643,0.021969676657718235,0.8547256137045753
25695,LOF,0.11856822057049037,0.01736631165746616,0.8640654677720435
25696,LOF,0.11649237738250014,0.011088024089174454,0.8724195985283254
25697,LOF,0.11386557761841486,0.025737478806089505,0.8603969435754956
25698,LOF,0.33945041510592155,0.2556018007640133,0.40494778413006505
25699,LOF,0.4022568621222792,0.04472426512311874,0.553018872754602
25700,LOF,0.04915821551623655,0.0115058273939614,0.939335957089802
25701,LOF,0.1667655566611885,0.06184818226557729,0.7713862610732343
25702,GOF,0.20734332471889885,0.5107113367524277,0.2819453385286735
25703,LOF,0.018069945316299407,0.1583716603402533,0.8235583943434474
25704,LOF,0.0521682525546172,0.11101224606602007,0.8368195013793628
25705,LOF,0.06216074726225885,0.17925139062646533,0.7585878621112758
25706,LOF,0.09180327074067365,0.35290341397413194,0.5552933152851944
25707,LOF,0.08936269939604967,0.2808759878787788,0.6297613127251716
25708,LOF,0.029084929574061724,0.25928037907520673,0.7116346913507315
25709,LOF,0.05333870423006712,0.040961187874691565,0.9057001078952412
25710,LOF,0.011687666218711644,0.1280956478284437,0.8602166859528446
25711,LOF,0.019449891663154507,0.08261087297949582,0.8979392353573495
25712,LOF,0.013419944178858778,0.1723146986234523,0.814265357197689
25713,LOF,0.018352785050145162,0.07489806498674347,0.9067491499631113
25714,LOF,0.06919361766997553,0.07212455090534224,0.8586818314246822
25715,LOF,0.010626927205352932,0.13066661747116587,0.8587064553234811
25716,LOF,0.015098876135686147,0.10920462865806171,0.8756964952062521
25717,LOF,0.013295677934236961,0.0813573723725315,0.9053469496932316
25718,LOF,0.011762183149030372,0.10223275014935791,0.8860050667016118
25719,LOF,0.01839947216755983,0.07865590397019714,0.902944623862243
25720,LOF,0.02175719183459555,0.0705924229491186,0.9076503852162858
25721,LOF,0.015458888823099924,0.09505007423022122,0.8894910369466787
25722,LOF,0.013271972462186157,0.11399631391580972,0.8727317136220041
25723,LOF,0.02232168238119787,0.04372178625307358,0.9339565313657285
25724,LOF,0.022595363703638845,0.08106968412199887,0.8963349521743623
25725,LOF,0.01166812679565928,0.06624420002857,0.9220876731757707
25726,LOF,0.01450276026395437,0.09595989266100373,0.8895373470750418
25727,LOF,0.013044475112004144,0.07916181352114073,0.9077937113668552
25728,LOF,0.009848122233732078,0.10123585747666944,0.8889160202895985
25729,LOF,0.010020798364489521,0.10493118970842845,0.8850480119270819
25730,LOF,0.013512167370847187,0.0757543136355243,0.9107335189936285
25731,LOF,0.020484195032306612,0.11422882548623202,0.8652869794814613
25732,LOF,0.014175862022129913,0.0849403623803273,0.9008837755975427
25733,LOF,0.015956370359490456,0.07400821139359076,0.9100354182469188
25734,LOF,0.013115357450491208,0.12000775925338057,0.8668768832961282
25735,LOF,0.014000054777080067,0.07518851528791236,0.9108114299350075
25736,LOF,0.013937753088284552,0.10003155366615428,0.8860306932455612
25737,LOF,0.021780081065067878,0.07548593180411832,0.9027339871308138
25738,LOF,0.013370597192050153,0.10681858691194134,0.8798108158960086
25739,LOF,0.020056207863487472,0.0802946122585817,0.8996491798779309
25740,LOF,0.026478967074439825,0.08979357337720378,0.8837274595483564
25741,LOF,0.015351900146116038,0.09750196468367352,0.8871461351702105
25742,LOF,0.11363257147667816,0.07643649375222429,0.8099309347710976
25743,LOF,0.03595569826011988,0.031800435692686486,0.9322438660471936
25744,Neutral,0.5851793335814415,0.2062920404291788,0.20852862598937977
25745,LOF,0.08604898329700401,0.06331952680565527,0.8506314898973406
25746,LOF,0.04386861299230509,0.07202592578954051,0.8841054612181545
25747,LOF,0.023646792485370344,0.035432816280955994,0.9409203912336738
25748,LOF,0.11003402472384394,0.04975534198831477,0.8402106332878413
25749,LOF,0.026669413342581858,0.06615448014916847,0.9071761065082498
25750,LOF,0.09122983329240406,0.07560155641079769,0.8331686102967983
25751,LOF,0.08990282625645016,0.04811025423341022,0.8619869195101396
25752,GOF,0.10571915989932677,0.6703267965633896,0.22395404353728374
25753,LOF,0.022149066976375295,0.2587138700389541,0.7191370629846706
25754,GOF,0.010355742482852355,0.77526155465673,0.21438270286041763
25755,LOF,0.025191435205791667,0.3806558309494016,0.5941527338448067
25756,LOF,0.038778113134686716,0.36555493507525627,0.595666951790057
25757,GOF,0.015373576250001188,0.8176257840031258,0.16700063974687315
25758,GOF,0.028837037358302432,0.8178328855154183,0.15333007712627927
25759,GOF,0.011709249169681918,0.5229392393306944,0.4653515114996236
25760,LOF,0.014177060554465694,0.22340486287953967,0.7624180765659947
25761,GOF,0.28706422975429524,0.5918738043860464,0.12106196585965844
25762,LOF,0.03593125459324077,0.2693809184428963,0.6946878269638629
25763,LOF,0.014247211278212412,0.1953771739924887,0.7903756147292988
25764,GOF,0.07873771272300388,0.5993538357785949,0.3219084514984012
25765,GOF,0.045891030414566054,0.7351976550442888,0.21891131454114515
25766,GOF,0.0644295068890344,0.7600956644344004,0.17547482867656516
25767,GOF,0.16145848744314173,0.43759148906111217,0.40095002349574616
25768,LOF,0.09001021389317104,0.06536603598858334,0.8446237501182456
25769,LOF,0.06483985116705136,0.05945401946613677,0.8757061293668119
25770,LOF,0.2664914976588679,0.08782646173755651,0.6456820406035755
25771,LOF,0.036783551480563816,0.042201674880216124,0.9210147736392201
25772,LOF,0.01626615233547815,0.03296140647931986,0.950772441185202
25773,LOF,0.04182032119157019,0.07784634326355501,0.8803333355448748
25774,LOF,0.028383797785343497,0.0720208484713753,0.8995953537432813
25775,LOF,0.0407268146080331,0.047652085513523616,0.9116210998784432
25776,LOF,0.06908214290528328,0.024340932087704617,0.906576925007012
25777,LOF,0.32358691506348813,0.04783589133509017,0.6285771936014217
25778,LOF,0.061167255836731355,0.048464636884064695,0.890368107279204
25779,GOF,0.3658018521373619,0.5887365754990934,0.045461572363544756
25780,GOF,0.2975058387538379,0.6198840135081825,0.08261014773797956
25781,GOF,0.13839104435538147,0.7540198912240543,0.10758906442056412
25782,GOF,0.19151017581271962,0.7259874184048174,0.08250240578246305
25783,GOF,0.030424585161040556,0.625194134441373,0.34438128039758664
25784,GOF,0.4680661343085843,0.48776877965413085,0.04416508603728496
25785,GOF,0.3669386222526745,0.5840169424094988,0.04904443533782678
25786,GOF,0.023497321719589858,0.7760630254684288,0.20043965281198148
25787,Neutral,0.6435271197021188,0.3302615471778876,0.026211333119993536
25788,LOF,0.043218413393588125,0.10405000149044608,0.8527315851159658
25789,GOF,0.18797188257958927,0.6547222797404011,0.15730583768000964
25790,GOF,0.17608606584492306,0.7144219090648576,0.10949202509021946
25791,GOF,0.12240332347781853,0.6900675272426015,0.18752914927958003
25792,GOF,0.3033651983171017,0.554385902316511,0.14224889936638735
25793,GOF,0.22201628961366437,0.5958975727703724,0.1820861376159633
25794,GOF,0.30757804044958803,0.5249228529709702,0.1674991065794419
25795,GOF,0.07218729482218064,0.696426489730465,0.2313862154473545
25796,Neutral,0.5383916088018771,0.3822847393866952,0.07932365181142784
25797,GOF,0.08857693623139652,0.5588175424342772,0.35260552133432627
25798,GOF,0.008831405870964112,0.5126397183195418,0.47852887580949405
25799,LOF,0.006392285908115419,0.40169986087095716,0.5919078532209274
25800,GOF,0.03126048185507865,0.593949798864528,0.37478971928039334
25801,GOF,0.17990072615467134,0.6799197506049909,0.14017952324033786
25802,GOF,0.07804556588074409,0.7093681887720463,0.2125862453472097
25803,GOF,0.03228946162687998,0.5802074759787648,0.3875030623943553
25804,GOF,0.031068020105183388,0.49402822695318666,0.47490375294163
25805,GOF,0.0964942806178655,0.6051661551474058,0.2983395642347287
25806,GOF,0.08950750932013687,0.5871872137414031,0.32330527693846006
25807,GOF,0.017353285509337218,0.6278318460766017,0.3548148684140612
25808,GOF,0.07337383328485993,0.6435742142466381,0.28305195246850207
25809,GOF,0.01688317055102511,0.5796205598411407,0.4034962696078342
25810,GOF,0.01538616668823903,0.6074822131473024,0.37713162016445845
25811,GOF,0.45387712951587006,0.469465727654347,0.07665714282978296
25812,GOF,0.029852010663439753,0.6352361371284212,0.3349118522081391
25813,Neutral,0.5125266824167363,0.39188039641884403,0.09559292116441977
25814,GOF,0.11943601965189754,0.625911485311851,0.2546524950362515
25815,GOF,0.1997445844036574,0.6042021686364365,0.1960532469599061
25816,GOF,0.023102000217090718,0.7384022484154706,0.23849575136743853
25817,GOF,0.22809556019432636,0.6356098982427958,0.13629454156287787
25818,GOF,0.0490651038055406,0.6663550707084713,0.28457982548598815
25819,GOF,0.36622858733227887,0.49813581227882314,0.13563560038889816
25820,GOF,0.18282078981091443,0.6036956511358065,0.21348355905327907
25821,GOF,0.05720501427081147,0.6684313002484715,0.27436368548071716
25822,GOF,0.2029438339755823,0.5795247352459252,0.2175314307784926
25823,GOF,0.03125511114166598,0.5301983027362298,0.4385465861221041
25824,GOF,0.08535330200372104,0.5940900380225952,0.3205566599736838
25825,GOF,0.03523222591486399,0.5972474020629918,0.3675203720221443
25826,GOF,0.014973499880588832,0.5809399252567186,0.40408657486269267
25827,GOF,0.023051369445205975,0.598382980112565,0.37856565044222906
25828,GOF,0.013058171064062285,0.5397973194383957,0.44714450949754203
25829,GOF,0.005449230166620523,0.5702934207366714,0.4242573490967079
25830,LOF,0.03222607915926889,0.278443838667663,0.6893300821730682
25831,GOF,0.23103546576092993,0.6323714864154099,0.1365930478236602
25832,GOF,0.027431298352045018,0.7124375342884175,0.26013116735953745
25833,GOF,0.10407187184312795,0.7340570909281392,0.16187103722873278
25834,GOF,0.029334393854372864,0.7265495557434261,0.24411605040220125
25835,GOF,0.0610341275034664,0.7641817038710422,0.17478416862549134
25836,GOF,0.029653765700994844,0.6931141842359849,0.2772320500630202
25837,GOF,0.025505747338307537,0.6029381804038754,0.371556072257817
25838,GOF,0.09083800406798576,0.763038369687449,0.14612362624456543
25839,GOF,0.27523949608168935,0.5724643398676874,0.15229616405062335
25840,GOF,0.2572257082148847,0.6021676910947306,0.14060660069038464
25841,GOF,0.24513869896417362,0.6113050666271264,0.14355623440870013
25842,GOF,0.14388845360841765,0.7249667056864633,0.1311448407051191
25843,GOF,0.20239932329247373,0.7110882146035958,0.0865124621039304
25844,GOF,0.06155241963848685,0.7362711054261674,0.20217647493534593
25845,GOF,0.014957864235519343,0.5284147012539729,0.4566274345105077
25846,GOF,0.11787247588986108,0.7513883346643048,0.13073918944583407
25847,GOF,0.08971120643088475,0.8101740943941691,0.10011469917494634
25848,GOF,0.03386197493545179,0.7296580672374604,0.23647995782708786
25849,GOF,0.009857772203881218,0.6295042178100975,0.3606380099860212
25850,GOF,0.02161767464520363,0.6736911907072488,0.30469113464754755
25851,GOF,0.016565069500910353,0.5629186486418641,0.4205162818572254
25852,GOF,0.15219174305617164,0.5712795487280493,0.27652870821577913
25853,GOF,0.32761415630589275,0.5826803511793285,0.0897054925147789
25854,GOF,0.02261916477625024,0.622225833764771,0.3551550014589787
25855,GOF,0.033377616871066024,0.5678617699395556,0.39876061318937833
25856,GOF,0.22949665153095458,0.5551957421948694,0.21530760627417606
25857,GOF,0.03940575124810713,0.5248372539116558,0.43575699484023694
25858,GOF,0.02059117276613925,0.5300901735881985,0.4493186536456621
25859,GOF,0.010410638421234485,0.503631805409988,0.48595755616877756
25860,GOF,0.337923129703468,0.5757612590997768,0.08631561119675508
25861,GOF,0.42782074704598805,0.5008210532264291,0.0713581997275829
25862,GOF,0.07903681824937088,0.7732321307195519,0.14773105103107717
25863,GOF,0.07747368322858596,0.7753039316980131,0.14722238507340088
25864,GOF,0.20465617603621586,0.7256285902521296,0.06971523371165454
25865,GOF,0.08316957066791728,0.8109537116204989,0.10587671771158388
25866,GOF,0.06104779701701994,0.7848878685450694,0.15406433443791073
25867,GOF,0.08961534582837893,0.8043235700518353,0.10606108411978578
25868,GOF,0.2300438683432714,0.6609868402400411,0.10896929141668757
25869,Neutral,0.7209448864559577,0.23204102322230327,0.04701409032173904
25870,GOF,0.2970684159875245,0.37161748874558004,0.3313140952668956
25871,GOF,0.22731774813021613,0.6414235944735887,0.13125865739619527
25872,GOF,0.06809924156641008,0.6803308620585371,0.25156989637505284
25873,GOF,0.10417480179064327,0.6935111038886166,0.2023140943207401
25874,LOF,0.013917588198172643,0.11760544935261846,0.8684769624492089
25875,LOF,0.09260986415377226,0.03760636939774572,0.869783766448482
25876,LOF,0.034242225615724306,0.028317379776220307,0.9374403946080553
25877,Neutral,0.4982172027790497,0.03307040424096453,0.4687123929799857
25878,LOF,0.21475721456374636,0.07760251580793351,0.70764026962832
25879,LOF,0.08595691510699716,0.07458967826606061,0.8394534066269422
25880,LOF,0.042354015919364565,0.014605728610875482,0.94304025546976
25881,LOF,0.1640754447367079,0.12592429819267148,0.7100002570706206
25882,LOF,0.06070529325334314,0.016981621237455422,0.9223130855092013
25883,LOF,0.0603867221078673,0.01926799227253502,0.9203452856195977
25884,LOF,0.030233252048928502,0.02902635633323893,0.9407403916178325
25885,LOF,0.056831344649463045,0.011444413469936387,0.9317242418806007
25886,LOF,0.24904008166760688,0.04103232304600368,0.7099275952863895
25887,LOF,0.1454121606445653,0.07170684639585752,0.7828809929595771
25888,LOF,0.06039797335922048,0.0586966721005787,0.8809053545402008
25889,LOF,0.03761874292872228,0.020734460106800568,0.9416467969644771
25890,LOF,0.04978756465019983,0.1455850236396986,0.8046274117101015
25891,LOF,0.039444839520492325,0.05688519230154275,0.903669968177965
25892,LOF,0.0781477401278245,0.024232731371824117,0.8976195285003513
25893,LOF,0.24069181319721378,0.019280723370079453,0.7400274634327066
25894,LOF,0.16683976902757205,0.01190949608194484,0.8212507348904832
25895,LOF,0.2058506456510141,0.02342958675767748,0.7707197675913084
25896,LOF,0.04639898781806742,0.024798246847796062,0.9288027653341365
25897,LOF,0.2645251343937574,0.014814069547455712,0.7206607960587869
25898,Neutral,0.6968521469665014,0.010765735683117065,0.29238211735038167
25899,LOF,0.2019604066360286,0.025797998266435956,0.7722415950975355
25900,LOF,0.431719365400771,0.012235131748254392,0.5560455028509746
25901,LOF,0.050596806550772595,0.012549619453318003,0.9368535739959093
25902,LOF,0.15511345605016594,0.01425493308067252,0.8306316108691615
25903,Neutral,0.5739725440071143,0.030074127146226558,0.39595332884665924
25904,LOF,0.3035516226921592,0.04799749228987072,0.64845088501797
25905,LOF,0.02502361566848896,0.33623358662764113,0.6387427977038699
25906,LOF,0.029186031725473516,0.08848825408054788,0.8823257141939786
25907,LOF,0.013546403680072264,0.319020820523587,0.6674327757963407
25908,LOF,0.009335762628985455,0.25281869682119557,0.737845540549819
25909,LOF,0.012595489153415329,0.12576208749957823,0.8616424233470064
25910,LOF,0.04938973422955788,0.1442411424908021,0.80636912327964
25911,LOF,0.1946104705102425,0.027324781982325002,0.7780647475074324
25912,LOF,0.04747107610206023,0.04373227765593902,0.9087966462420008
25913,LOF,0.34004324396634533,0.019974216043248408,0.6399825399904063
25914,LOF,0.020466672303668696,0.049120410042054974,0.9304129176542764
25915,Neutral,0.5629127382732537,0.142671297898732,0.29441596382801427
25916,LOF,0.08930852309915982,0.19601179016633807,0.7146796867345021
25917,LOF,0.06425781431847943,0.03665809358066886,0.8990840921008517
25918,LOF,0.022649307143032316,0.027558059053905893,0.9497926338030618
25919,LOF,0.0192990676565467,0.03051820486890865,0.9501827274745446
25920,GOF,0.11080979750475202,0.5198302895078404,0.3693599129874076
25921,LOF,0.026567199573556147,0.031859022240356576,0.9415737781860872
25922,LOF,0.03420977285891304,0.024018681298714692,0.9417715458423723
25923,Neutral,0.4897315658955488,0.030175556245173586,0.4800928778592777
25924,LOF,0.040715017113062926,0.036805456442075814,0.9224795264448613
25925,LOF,0.07090917998740749,0.03590596441118215,0.8931848556014104
25926,LOF,0.053117739316493634,0.03118096452296138,0.915701296160545
25927,LOF,0.058615746063204716,0.14768412779103698,0.7937001261457582
25928,LOF,0.019495171582675164,0.04949264165448395,0.9310121867628409
25929,Neutral,0.6032298320627197,0.03251281541187667,0.36425735252540364
25930,LOF,0.0747392842790014,0.027540669695118907,0.8977200460258796
25931,LOF,0.026472697369328852,0.03119149620174291,0.9423358064289281
25932,LOF,0.03018206273016365,0.025744480074339098,0.9440734571954972
25933,LOF,0.0393116386707001,0.01582597052374077,0.9448623908055591
25934,LOF,0.02530139021492594,0.01749386568740392,0.9572047440976702
25935,LOF,0.06369523897162416,0.04439897917765451,0.8919057818507214
25936,LOF,0.04386235653986345,0.02176035792414277,0.9343772855359938
25937,LOF,0.027993893952247148,0.033799877481100346,0.9382062285666525
25938,LOF,0.0674666130004078,0.048230080012617624,0.8843033069869746
25939,LOF,0.04270276848204539,0.017718978968400335,0.9395782525495543
25940,LOF,0.03561427165336264,0.3449476825984597,0.6194380457481776
25941,LOF,0.20715281616328063,0.08870391811925553,0.7041432657174639
25942,LOF,0.01270055408526001,0.0367156459653188,0.9505837999494211
25943,LOF,0.3058428233949355,0.06314221017212085,0.6310149664329436
25944,LOF,0.48599658107651805,0.022374392899790718,0.49162902602369124
25945,LOF,0.07512127071752951,0.020229356036819954,0.9046493732456504
25946,LOF,0.03294267938633656,0.10402028531009228,0.863037035303571
25947,LOF,0.1162572143797967,0.17846952729578344,0.7052732583244198
25948,LOF,0.35067666462634184,0.008306275299335485,0.6410170600743227
25949,LOF,0.12658597209373748,0.03620618441710581,0.8372078434891567
25950,GOF,0.33443474568304216,0.3436721307308663,0.3218931235860915
25951,LOF,0.18685855208165614,0.280920782995054,0.5322206649232898
25952,LOF,0.04467073017127918,0.4769774931461656,0.47835177668255513
25953,LOF,0.1434426587420683,0.12047772909624946,0.7360796121616822
25954,Neutral,0.40351568610198085,0.20674394745659358,0.3897403664414256
25955,LOF,0.06301655019322604,0.0875296594707203,0.8494537903360536
25956,LOF,0.1595549642314409,0.12230190275607099,0.7181431330124881
25957,LOF,0.03670770096462501,0.03113359714050349,0.9321587018948716
25958,LOF,0.05611115818797342,0.026056653346488483,0.9178321884655382
25959,LOF,0.0743253790653635,0.31970046266576535,0.6059741582688712
25960,LOF,0.015613875023425736,0.05251975705904439,0.9318663679175299
25961,LOF,0.042630676868112755,0.026095566403208342,0.9312737567286788
25962,LOF,0.05656494333791551,0.03714691106400039,0.906288145598084
25963,LOF,0.04582259749394111,0.20673870245135048,0.7474387000547085
25964,LOF,0.031275050668983055,0.14807648272294907,0.8206484666080679
25965,Neutral,0.4705519932192157,0.062244117542088535,0.4672038892386958
25966,Neutral,0.5229329261936164,0.15847525400293755,0.31859181980344603
25967,LOF,0.017639311662970038,0.11071792781014335,0.8716427605268866
25968,LOF,0.038679032006764466,0.36464576143500343,0.596675206558232
25969,LOF,0.03583062704400061,0.06352344506660705,0.9006459278893924
25970,LOF,0.05636220590290086,0.06168545419559059,0.8819523399015086
25971,LOF,0.06252367983078128,0.02115779765169547,0.9163185225175233
25972,LOF,0.06390458293625573,0.0331328916854444,0.9029625253782999
25973,LOF,0.06960595215022235,0.009656877547677432,0.9207371703021001
25974,LOF,0.19056398461022958,0.01576077842255409,0.7936752369672163
25975,LOF,0.04336184319805751,0.025777525614042104,0.9308606311879003
25976,LOF,0.04186574142917352,0.014721356923817458,0.943412901647009
25977,LOF,0.15208611320291177,0.090404259335301,0.7575096274617872
25978,LOF,0.14239192544366547,0.1007470721826244,0.75686100237371
25979,LOF,0.13103877574703435,0.10366264860146612,0.7652985756514996
25980,LOF,0.2191359878791949,0.12434951576097615,0.656514496359829
25981,LOF,0.2482126102968597,0.12339713099256781,0.6283902587105724
25982,LOF,0.4038565995765136,0.08274349129585895,0.5133999091276275
25983,LOF,0.37750265898223023,0.0929151143706411,0.5295822266471286
25984,LOF,0.043090450913196694,0.050444720413042696,0.9064648286737605
25985,LOF,0.038996225175487446,0.27441584993712304,0.6865879248873895
25986,LOF,0.04640136363688886,0.3153617430912269,0.6382368932718842
25987,LOF,0.08083286013641558,0.06926179579386633,0.8499053440697181
25988,LOF,0.1534645817678561,0.06360444224503144,0.7829309759871125
25989,LOF,0.03537269636884406,0.12813787767831664,0.8364894259528393
25990,LOF,0.037618539914821794,0.18364387197130516,0.7787375881138731
25991,LOF,0.12961326314841023,0.24562753781038751,0.6247591990412023
25992,LOF,0.2949382693108565,0.15282373759968365,0.5522379930894599
25993,LOF,0.023505884024142432,0.080438670202854,0.8960554457730037
25994,LOF,0.019542206512022424,0.08040153304449642,0.9000562604434812
25995,LOF,0.024807403791406196,0.17153984296713065,0.8036527532414631
25996,GOF,0.29877391398099834,0.38303179264018755,0.3181942933788141
25997,LOF,0.09587271376973087,0.3601711829432104,0.5439561032870589
25998,Neutral,0.5144130378525134,0.028892701641160312,0.4566942605063262
25999,LOF,0.10113625191487464,0.0980747022546947,0.8007890458304306
26000,LOF,0.1333641127877096,0.04452762330363232,0.822108263908658
26001,LOF,0.20723028148361122,0.04681136292821208,0.7459583555881768
26002,LOF,0.11911629669244257,0.04339612565091943,0.837487577656638
26003,GOF,0.010571005553514732,0.5868790904840188,0.4025499039624664
26004,GOF,0.021826683133786662,0.7037036265231045,0.2744696903431087
26005,LOF,0.0065699620426146795,0.4470127188118248,0.5464173191455606
26006,Neutral,0.5225399878016009,0.24243834707743164,0.23502166512096745
26007,GOF,0.02041608347162162,0.5246206043064185,0.45496331222195985
26008,GOF,0.017220289040135246,0.6102970691213595,0.37248264183850516
26009,GOF,0.01979225963985468,0.6927831083528821,0.28742463200726304
26010,GOF,0.024328080419717697,0.620167813267182,0.3555041063131004
26011,LOF,0.006419321346931158,0.4141275322394709,0.579453146413598
26012,GOF,0.011821336979586266,0.536807044367072,0.4513716186533417
26013,GOF,0.02008921904431592,0.598749133043901,0.3811616479117831
26014,LOF,0.03826261806001398,0.12881406245835278,0.8329233194816333
26015,LOF,0.14467877937613502,0.01701673575935736,0.8383044848645077
26016,LOF,0.18193377987662085,0.0629888714832533,0.7550773486401259
26017,LOF,0.2205054198431435,0.09155667616933069,0.6879379039875257
26018,LOF,0.07144955024131151,0.0438227057641461,0.8847277439945425
26019,LOF,0.06811537627488279,0.03473084833171152,0.8971537753934057
26020,LOF,0.06446185509025243,0.10792501091072847,0.8276131339990191
26021,LOF,0.04494281920966035,0.11148303284547637,0.8435741479448633
26022,LOF,0.011102812634862447,0.04452145932518259,0.944375728039955
26023,LOF,0.061351125072042836,0.027478213635688933,0.9111706612922682
26024,LOF,0.03030669771914786,0.11642960625086983,0.8532636960299824
26025,LOF,0.15325451229499285,0.09431332614643907,0.7524321615585681
26026,LOF,0.3135549956622045,0.03025885309601675,0.6561861512417788
26027,LOF,0.0550994241338632,0.02145869331847081,0.923441882547666
26028,LOF,0.17789816375185608,0.06718180166506839,0.7549200345830757
26029,LOF,0.06505049773376426,0.13993678046509772,0.795012721801138
26030,LOF,0.023919881926359923,0.032539145062166035,0.943540973011474
26031,LOF,0.027641300795718523,0.09663191022643257,0.875726788977849
26032,LOF,0.0633743416563274,0.046696757694803616,0.8899289006488689
26033,LOF,0.08254383285110561,0.045756676634421595,0.8716994905144729
26034,LOF,0.044222916591545466,0.11728740909472349,0.838489674313731
26035,LOF,0.026927042281425433,0.11048280025386166,0.8625901574647129
26036,LOF,0.039518541616375615,0.12862523850948696,0.8318562198741375
26037,LOF,0.021451353437371895,0.09005925414519154,0.8884893924174366
26038,LOF,0.05952003678114586,0.04844780649101696,0.8920321567278372
26039,LOF,0.04932234989256966,0.11217938628588656,0.8384982638215438
26040,LOF,0.20923497454068118,0.08562405817669855,0.7051409672826203
26041,LOF,0.02213819750550828,0.0823557765037932,0.8955060259906985
26042,LOF,0.020525682029736637,0.0769571266088892,0.9025171913613742
26043,LOF,0.06115263830545129,0.054935078631882524,0.8839122830626662
26044,LOF,0.01940611587399866,0.043004626114646914,0.9375892580113544
26045,LOF,0.06839179327787391,0.07325722454809636,0.8583509821740298
26046,LOF,0.05577356800214668,0.045773278131663486,0.8984531538661898
26047,LOF,0.07285528303664651,0.047061240752130695,0.8800834762112228
26048,LOF,0.04542839010158174,0.028542588437123602,0.9260290214612947
26049,Neutral,0.9659313828210847,0.00486711391151745,0.029201503267398
26050,Neutral,0.9512866398595207,0.006111593908709562,0.042601766231769936
26051,LOF,0.046894699421196055,0.2562220279270103,0.6968832726517936
26052,LOF,0.07128942641114036,0.3067151731242014,0.6219954004646583
26053,LOF,0.06474421152904773,0.14856382251222475,0.7866919659587275
26054,LOF,0.04961394587683165,0.016598364504171337,0.9337876896189969
26055,LOF,0.0687538810059118,0.01591181086083166,0.9153343081332566
26056,LOF,0.058044171200723964,0.0176444963358155,0.9243113324634606
26057,LOF,0.03329193623337307,0.011337816864066716,0.9553702469025602
26058,LOF,0.03375169576628063,0.00896155689203917,0.9572867473416801
26059,LOF,0.2817992636510686,0.022048639154427625,0.6961520971945038
26060,LOF,0.04570083041330629,0.16192428487687918,0.7923748847098145
26061,LOF,0.016923471835543578,0.011338632675634633,0.9717378954888218
26062,LOF,0.010198138926504894,0.016980738592990645,0.9728211224805045
26063,LOF,0.020597468919413754,0.009983947132836084,0.9694185839477502
26064,LOF,0.020339084765233235,0.022569200829288125,0.9570917144054786
26065,LOF,0.026120683825021095,0.010419199853565191,0.9634601163214136
26066,LOF,0.020183160306337617,0.010340569804837614,0.9694762698888247
26067,LOF,0.027878776969175564,0.008310275951683528,0.9638109470791411
26068,LOF,0.04499293734607756,0.026578018498510377,0.9284290441554122
26069,LOF,0.2629723458018118,0.01822550686452482,0.7188021473336634
26070,LOF,0.3971973507959248,0.01534907381892085,0.5874535753851543
26071,LOF,0.021662597612025585,0.011324741169603292,0.967012661218371
26072,LOF,0.018263008520759565,0.020985281811520092,0.9607517096677203
26073,LOF,0.0203862756031135,0.013749882088748638,0.9658638423081378
26074,Neutral,0.9129485856736839,0.005529803612302362,0.08152161071401391
26075,LOF,0.045065271050619346,0.012773525054347064,0.9421612038950335
26076,LOF,0.03746226700733277,0.008172776607598716,0.9543649563850685
26077,LOF,0.009891969732888937,0.012725904147323332,0.9773821261197878
26078,LOF,0.015172622536840229,0.011154598217310154,0.9736727792458496
26079,LOF,0.061889502916415075,0.014789429290298022,0.9233210677932868
26080,LOF,0.06123111770398535,0.014794947894109439,0.9239739344019052
26081,LOF,0.03617260627302135,0.006007583702702584,0.9578198100242761
26082,LOF,0.013503311029464882,0.013019290431630052,0.973477398538905
26083,LOF,0.17464602469549792,0.013276486257178675,0.8120774890473234
26084,LOF,0.04477468428981636,0.01177828188954345,0.9434470338206402
26085,LOF,0.03978730176585327,0.011189763194250022,0.9490229350398967
26086,LOF,0.02128520403719282,0.01102967055821538,0.9676851254045917
26087,LOF,0.024101048404180297,0.00851614768094568,0.967382803914874
26088,LOF,0.016757192070639478,0.022987601867795655,0.9602552060615649
26089,LOF,0.040960603171467415,0.020276697672021584,0.938762699156511
26090,LOF,0.04041250601722415,0.01616232712037759,0.9434251668623982
26091,LOF,0.033985405551812765,0.006101442685190757,0.9599131517629964
26092,LOF,0.023755312607865328,0.007591428743625083,0.9686532586485096
26093,LOF,0.0345844354965708,0.0056123112427801285,0.959803253260649
26094,LOF,0.03562514308801513,0.006335754876388809,0.9580391020355961
26095,LOF,0.0384523404471142,0.013305489657937772,0.9482421698949479
26096,LOF,0.0180446618817351,0.010597292835816039,0.9713580452824488
26097,LOF,0.01156738511860059,0.03639523114223189,0.9520373837391676
26098,LOF,0.07837020398575313,0.011378699816855877,0.9102510961973911
26099,LOF,0.020916871104166075,0.011364673766303358,0.9677184551295305
26100,LOF,0.022542963028262662,0.01111203209101431,0.9663450048807231
26101,LOF,0.04579888610443665,0.016269479372889046,0.9379316345226743
26102,LOF,0.020429021099330598,0.013317274493045723,0.9662537044076236
26103,Neutral,0.8826221074716645,0.01749657414899714,0.09988131837933845
26104,LOF,0.07893494322085405,0.023332262142142096,0.8977327946370037
26105,LOF,0.21844599600403936,0.2588106814785259,0.5227433225174347
26106,LOF,0.15301040308873828,0.13542974756096518,0.7115598493502966
26107,LOF,0.24460612987040573,0.08249454935905268,0.6728993207705416
26108,LOF,0.22171756266021272,0.09188206496130433,0.686400372378483
26109,LOF,0.0898995409685208,0.059243634256006275,0.8508568247754729
26110,LOF,0.20956119809765233,0.006276959064554527,0.7841618428377931
26111,Neutral,0.5162395213662156,0.024203134292437437,0.45955734434134693
26112,LOF,0.03337307998591197,0.0068447511391362984,0.9597821688749516
26113,LOF,0.05939529812491711,0.015052865173282349,0.9255518367018005
26114,LOF,0.026072126302946013,0.027086316739726696,0.9468415569573272
26115,LOF,0.09333450620605077,0.05283935603728082,0.8538261377566684
26116,LOF,0.061996390059339344,0.05577761108006454,0.882225998860596
26117,LOF,0.4626489814186152,0.04057120578598685,0.49677981279539807
26118,LOF,0.03416318248835553,0.024089000974787098,0.9417478165368574
26119,LOF,0.022522692687616915,0.02957639323516356,0.9479009140772194
26120,LOF,0.025190094220434577,0.018454466815585303,0.9563554389639802
26121,LOF,0.03773413422915293,0.07927119000453922,0.8829946757663077
