feature0,prediction,LoGoFunc_Neutral,LoGoFunc_GOF,LoGoFunc_LOF
25546,Neutral,0.6270608061380348,0.05656651654204426,0.31637267731992086
25547,Neutral,0.5000878817547129,0.08669861655347832,0.41321350169180876
25548,Neutral,0.516020459076519,0.07681372483425593,0.4071658160892252
25549,LOF,0.44573400756301335,0.07657446404124744,0.4776915283957393
25550,LOF,0.3995961764821776,0.09209186212744709,0.5083119613903753
25551,LOF,0.32666600270793295,0.10181079322866647,0.5715232040634006
25552,LOF,0.29728842562197,0.11193588508861942,0.5907756892894105
25553,Neutral,0.7914856949759227,0.049554313730212206,0.15895999129386515
25554,LOF,0.32367223813749724,0.09892972133912477,0.577398040523378
25555,LOF,0.27816730150578634,0.10352742139795593,0.6183052770962577
25556,Neutral,0.4577235991257955,0.09058055448562952,0.4516958463885749
25557,LOF,0.2670858677501492,0.10328131283660595,0.6296328194132448
25558,LOF,0.32455530331440136,0.09317822521431929,0.5822664714712794
25559,LOF,0.23001894232153994,0.04925526667035517,0.7207257910081049
25560,LOF,0.08973323116972436,0.18834255239801698,0.7219242164322586
25561,LOF,0.0891182614357683,0.2685041959384227,0.6423775426258089
25562,LOF,0.03689549469868791,0.10386020679703353,0.8592442985042785
25563,LOF,0.006473533867014248,0.19143905074551976,0.802087415387466
25564,LOF,0.07531783877989104,0.1129567638405736,0.8117253973795354
25565,LOF,0.1927857846630341,0.14410439094639638,0.6631098243905695
25566,GOF,0.08358525748188235,0.7089000664987534,0.20751467601936424
25567,LOF,0.043741768236005056,0.17009930820265956,0.7861589235613353
25568,LOF,0.06204809846503039,0.10208574739548776,0.8358661541394818
25569,LOF,0.06440348883218784,0.09515596127291881,0.8404405498948934
25570,LOF,0.026336256985506824,0.15238184873402527,0.8212818942804679
25571,LOF,0.025928942330838513,0.15880497328260665,0.8152660843865548
25572,LOF,0.05383304521349911,0.2138332473244978,0.732333707462003
25573,LOF,0.06607613151332453,0.13162689639296773,0.8022969720937076
25574,LOF,0.06961222490385653,0.22616188247435878,0.7042258926217847
25575,LOF,0.024882637768142323,0.1582235945607495,0.8168937676711082
25576,LOF,0.025780848179010687,0.23918091301079117,0.7350382388101981
25577,LOF,0.028530871927585574,0.19857362682729457,0.77289550124512
25578,LOF,0.29132162994481453,0.09986393588476375,0.6088144341704218
25579,LOF,0.2027171399237294,0.10032007939829629,0.6969627806779743
25580,LOF,0.023290514452870316,0.1012632639061981,0.8754462216409316
25581,LOF,0.04684320790584999,0.10946953516018768,0.8436872569339624
25582,LOF,0.04659208065414767,0.10612628228432867,0.8472816370615236
25583,LOF,0.031148405209903685,0.11077542337435868,0.8580761714157377
25584,Neutral,0.7121877224022274,0.13093267958936006,0.15687959800841245
25585,LOF,0.024247604338480458,0.20874360720415291,0.7670087884573666
25586,LOF,0.021461541759471257,0.12984574907594632,0.8486927091645825
25587,LOF,0.020764953893169825,0.12258214614074886,0.8566528999660814
25588,LOF,0.02475800932344809,0.09970776461910516,0.8755342260574467
25589,Neutral,0.5518724830257438,0.21140826936202653,0.2367192476122296
25590,LOF,0.051437321027417916,0.15794183900942427,0.7906208399631578
25591,LOF,0.10776342374110764,0.09062918111345658,0.8016073951454359
25592,LOF,0.07186063447289225,0.1795795238422003,0.7485598416849075
25593,LOF,0.1053333781845871,0.2880924919653288,0.6065741298500841
25594,LOF,0.04887162901336574,0.0344831347636331,0.9166452362230011
25595,LOF,0.05021676727190003,0.020021375431283846,0.9297618572968162
25596,LOF,0.11581964280149644,0.013225084102345616,0.8709552730961581
25597,LOF,0.09131248406296939,0.013848207093030387,0.8948393088440002
25598,LOF,0.054185179712996225,0.02100863672673946,0.9248061835602642
25599,LOF,0.024240569943808788,0.38427333621615045,0.5914860938400407
25600,LOF,0.16654305839265493,0.39179753954941693,0.4416594020579282
25601,LOF,0.047493131831490565,0.3003776296578446,0.6521292385106648
25602,LOF,0.03511363407657535,0.0723866946221229,0.8924996713013018
25603,LOF,0.047697057652376515,0.06782048470001686,0.8844824576476066
25604,LOF,0.056103841732386396,0.12707266971706696,0.8168234885505467
25605,LOF,0.04992622733868493,0.18681754628385835,0.7632562263774566
25606,Neutral,0.4085559062229612,0.25490021383424954,0.3365438799427893
25607,LOF,0.028425887605248147,0.2588965425259312,0.7126775698688206
25608,LOF,0.04830993655433358,0.07827210832063641,0.87341795512503
25609,GOF,0.21011086664431472,0.5016089967324784,0.2882801366232069
25610,LOF,0.019993778133712992,0.06225205848371531,0.9177541633825718
25611,LOF,0.014227311543435315,0.0639787843638715,0.9217939040926931
25612,LOF,0.04962175106348794,0.07189349783971404,0.878484751096798
25613,LOF,0.0455903640906579,0.06939679501182122,0.8850128408975209
25614,LOF,0.023212450808522994,0.0598729591648616,0.9169145900266154
25615,LOF,0.049368557595815564,0.05867133967264198,0.8919601027315424
25616,LOF,0.06277296542959622,0.06181085471657062,0.8754161798538332
25617,LOF,0.04856254527403653,0.06562509385498352,0.8858123608709799
25618,LOF,0.04791027731687634,0.10280431180481929,0.8492854108783044
25619,LOF,0.014325896605829433,0.08313331719940002,0.9025407861947704
25620,LOF,0.047663216437589875,0.06867005220755698,0.8836667313548532
25621,LOF,0.0683374045748679,0.06077925705341901,0.8708833383717132
25622,LOF,0.08308127092266734,0.06853404351448325,0.8483846855628495
25623,LOF,0.06611733329906823,0.07187142349928054,0.8620112432016512
25624,LOF,0.02270759468658843,0.06456469988980827,0.9127277054236033
25625,LOF,0.0659968702264697,0.07000553630366821,0.863997593469862
25626,LOF,0.04781004493039349,0.06926499688408207,0.8829249581855244
25627,Neutral,0.8850797513335836,0.023272094232101335,0.09164815443431498
25628,LOF,0.1870270381032881,0.06289570595621358,0.7500772559404982
25629,LOF,0.06311624871949087,0.06474413947544773,0.8721396118050614
25630,LOF,0.3216704096792447,0.06811274367837775,0.6102168466423775
25631,Neutral,0.5229677147141666,0.04826312339203345,0.4287691618938
25632,LOF,0.028949298689989036,0.1710311095189025,0.8000195917911085
25633,LOF,0.233224140054037,0.08835995315711559,0.6784159067888473
25634,LOF,0.04724336267057585,0.1423728599692159,0.8103837773602083
25635,LOF,0.03807717641952043,0.07365921000486271,0.8882636135756169
25636,GOF,0.040290754902932366,0.5380970224455682,0.4216122226514994
25637,GOF,0.0439494243739696,0.5310579546771672,0.4249926209488631
25638,LOF,0.02108835614093758,0.482813397059908,0.4960982467991545
25639,LOF,0.038500534925667546,0.42552373135770055,0.535975733716632
25640,Neutral,0.8445479282504295,0.09857113352049773,0.05688093822907272
25641,LOF,0.1244155426300385,0.3454262515541591,0.5301582058158023
25642,LOF,0.11066032136920159,0.1715030669105349,0.7178366117202636
25643,LOF,0.3141131095023733,0.09660245588415509,0.5892844346134716
25644,GOF,0.00972082178743074,0.5797151498909887,0.4105640283215805
25645,GOF,0.01498276906719007,0.5520401859317867,0.4329770450010232
25646,LOF,0.022209712512982985,0.3662014283035091,0.6115888591835079
25647,LOF,0.010579309759103933,0.2864960167366883,0.7029246735042077
25648,LOF,0.014719073765840113,0.33850148931170176,0.6467794369224582
25649,LOF,0.008938432917723213,0.25611216834371686,0.7349493987385599
25650,GOF,0.03556044725391843,0.5467195338102703,0.41772001893581123
25651,LOF,0.012468626618866146,0.3329783165989104,0.6545530567822234
25652,LOF,0.013084588263750406,0.3923413948490205,0.5945740168872291
25653,GOF,0.05133166505418795,0.5399293938562352,0.4087389410895769
25654,LOF,0.01217965437233616,0.25134452769367077,0.7364758179339932
25655,GOF,0.12286097190337873,0.5861477608467109,0.29099126724991037
25656,LOF,0.2542882716238522,0.0833906629424894,0.6623210654336583
25657,LOF,0.036798749340922296,0.08944950015505283,0.873751750504025
25658,LOF,0.297619157753265,0.13746128761643855,0.5649195546302965
25659,LOF,0.43299168324320686,0.12608523329703505,0.440923083459758
25660,LOF,0.022069170976173367,0.1097359522758122,0.8681948767480144
25661,LOF,0.07229650779045618,0.06603559205310126,0.8616679001564427
25662,LOF,0.028603561387561885,0.038790198691986195,0.932606239920452
25663,LOF,0.0314378006425225,0.03774561075712139,0.9308165886003561
25664,LOF,0.1028462265165345,0.061816073557978385,0.8353376999254871
25665,LOF,0.06251200002417256,0.03389378808216908,0.9035942118936583
25666,LOF,0.07499449698916168,0.050871396055224866,0.8741341069556134
25667,LOF,0.0634757210637525,0.04484357421936164,0.8916807047168858
25668,LOF,0.03062063225985429,0.0560851287715273,0.9132942389686183
25669,LOF,0.021804036894682965,0.051848684619733076,0.926347278485584
25670,LOF,0.11969910293145555,0.04836565113509383,0.8319352459334506
25671,LOF,0.08817721115802685,0.038062347704937445,0.8737604411370358
25672,LOF,0.05425910560020495,0.05178853190706877,0.8939523624927262
25673,LOF,0.08338488433443599,0.044400100046350796,0.8722150156192133
25674,LOF,0.08319325877439969,0.05817732439464309,0.8586294168309572
25675,LOF,0.08084832261901923,0.06494318118285142,0.8542084961981294
25676,LOF,0.016243883666495554,0.06449328499255164,0.9192628313409528
25677,LOF,0.01663158182308761,0.09120427755961778,0.8921641406172947
25678,LOF,0.1740020662408007,0.09943754494376622,0.7265603888154331
25679,LOF,0.10732385565738074,0.09803414740517905,0.7946419969374401
25680,LOF,0.02731634163521532,0.13288532875989267,0.839798329604892
25681,LOF,0.044028560869892264,0.11682322955654013,0.8391482095735676
25682,LOF,0.1139390737943947,0.07500017633834709,0.8110607498672582
25683,LOF,0.09396387177945544,0.08537381339935879,0.8206623148211857
25684,LOF,0.027523353297755696,0.06478627445678731,0.907690372245457
25685,LOF,0.12736748916189913,0.09080129361989449,0.7818312172182064
25686,LOF,0.08544955117307013,0.13131130824854104,0.7832391405783888
25687,LOF,0.15036109507897888,0.12137622669598026,0.7282626782250409
25688,LOF,0.44969518611686643,0.027965210393347272,0.5223396034897863
25689,LOF,0.27565001011768664,0.03722600035405356,0.6871239895282599
25690,LOF,0.3851779171019845,0.022962890940284236,0.5918591919577313
25691,Neutral,0.7287199414845718,0.023778947476421865,0.2475011110390063
25692,LOF,0.33045929606926827,0.009398615160762808,0.6601420887699689
25693,GOF,0.040193123679219046,0.48648419965553497,0.47332267666524597
25694,LOF,0.10707405431847805,0.015244428324717651,0.8776815173568043
25695,LOF,0.10757138616253464,0.0067059247092572764,0.8857226891282081
25696,LOF,0.11019723726902449,0.009407822555796091,0.8803949401751794
25697,LOF,0.059897635755863085,0.08495005696884782,0.855152307275289
25698,LOF,0.24771423049628088,0.23521810453440165,0.5170676649693176
25699,LOF,0.42988223432479616,0.02728196664744035,0.5428357990277635
25700,LOF,0.06319410834504059,0.008854730075211724,0.9279511615797477
25701,LOF,0.21889289173357537,0.023989804764485374,0.7571173035019393
25702,GOF,0.1807863127859381,0.6648089598778513,0.1544047273362107
25703,LOF,0.015989265049555834,0.19091996327966015,0.793090771670784
25704,LOF,0.03428355326789499,0.1543275198280202,0.8113889269040848
25705,LOF,0.0451039968316509,0.08277192113766581,0.8721240820306833
25706,GOF,0.08629024757419482,0.5179625989233467,0.3957471535024584
25707,LOF,0.08443989227102267,0.43570176374094705,0.47985834398803023
25708,LOF,0.031757284030541275,0.4142138897600011,0.5540288262094576
25709,LOF,0.07664708624639766,0.03327082892109998,0.8900820848325024
25710,LOF,0.015925369462277423,0.1453581222986741,0.8387165082390484
25711,LOF,0.02178951754755669,0.07998207123258938,0.8982284112198539
25712,LOF,0.016156519850642034,0.21651259452335836,0.7673308856259995
25713,LOF,0.020189594996804193,0.06971403900194577,0.91009636600125
25714,LOF,0.08887590466362187,0.05166863522915715,0.8594554601072211
25715,LOF,0.012494366065093918,0.10754351882790801,0.8799621151069982
25716,LOF,0.010853220937307543,0.11169031326188017,0.8774564658008123
25717,LOF,0.017292077959582427,0.06649586842601966,0.916212053614398
25718,LOF,0.01251410990122617,0.04567328600619367,0.9418126040925803
25719,LOF,0.02314241130411987,0.06189735109112259,0.9149602376047575
25720,LOF,0.031348300345357405,0.04410346707299424,0.9245482325816483
25721,LOF,0.012837334412748777,0.0642432357862294,0.9229194298010218
25722,LOF,0.014524174313974778,0.051869961587290604,0.9336058640987346
25723,LOF,0.0266745486772345,0.03664455508374046,0.9366808962390251
25724,LOF,0.033793216130841346,0.07345209625670854,0.8927546876124502
25725,LOF,0.012083741141290672,0.06421271844589409,0.9237035404128152
25726,LOF,0.017749324072367373,0.08272776279885202,0.8995229131287805
25727,LOF,0.01418148852230454,0.04933346366056664,0.9364850478171288
25728,LOF,0.011626198900794856,0.06547966435699808,0.922894136742207
25729,LOF,0.011469533587535472,0.06858869428699381,0.9199417721254706
25730,LOF,0.015718507065667003,0.06829027014637629,0.9159912227879567
25731,LOF,0.01768806913550452,0.09643136362877144,0.8858805672357241
25732,LOF,0.014766235657600442,0.04236271788734499,0.9428710464550546
25733,LOF,0.015261635061960181,0.05398812337166329,0.9307502415663766
25734,LOF,0.011758847644950712,0.1317544644516931,0.8564866879033562
25735,LOF,0.012057619276754422,0.05512483795844519,0.9328175427648004
25736,LOF,0.013294605733349297,0.06764463612164429,0.9190607581450064
25737,LOF,0.013651951911608827,0.09803370235562558,0.8883143457327656
25738,LOF,0.013337729705144222,0.10317943926905793,0.8834828310257979
25739,LOF,0.022822816009027934,0.06688735658870194,0.9102898274022702
25740,LOF,0.03140819810705409,0.11345797101128917,0.8551338308816568
25741,LOF,0.016713003115981808,0.10329811890568875,0.8799888779783294
25742,LOF,0.1362698285929804,0.06958039975732157,0.7941497716496979
25743,LOF,0.04719234076072039,0.06549028344932899,0.8873173757899506
25744,Neutral,0.6479697908051295,0.24857491473059123,0.10345529446427928
25745,LOF,0.0658623953690655,0.1032755824836137,0.8308620221473207
25746,LOF,0.041131631412225575,0.13673573565516622,0.8221326329326081
25747,LOF,0.0181240839161179,0.13026163582473,0.8516142802591522
25748,LOF,0.10014244299797627,0.21415031931755457,0.6857072376844692
25749,LOF,0.022640355871853413,0.12328797665684062,0.854071667471306
25750,LOF,0.05915414569990628,0.14977032443708374,0.7910755298630101
25751,LOF,0.10200871239625924,0.17356598770461656,0.7244252998991242
25752,GOF,0.13272553437797183,0.6477036574053708,0.2195708082166573
25753,LOF,0.03920377251559934,0.3440126934568945,0.6167835340275061
25754,GOF,0.020214966652768583,0.8030927335586456,0.17669229978858575
25755,LOF,0.03277170925035633,0.33226962692487866,0.634958663824765
25756,LOF,0.06228663559826394,0.4349466350866304,0.5027667293151057
25757,GOF,0.017065549666261882,0.8841291567053859,0.09880529362835226
25758,GOF,0.0295697612832002,0.8152692565694655,0.15516098214733448
25759,GOF,0.013346785888899855,0.6930123916292799,0.29364082248182044
25760,LOF,0.018304427907969427,0.41256508413171383,0.5691304879603167
25761,GOF,0.2719526762279383,0.6482297940116026,0.07981752976045915
25762,LOF,0.048258870633208086,0.37788367471546563,0.5738574546513263
25763,LOF,0.01607163667241917,0.26725342908429,0.7166749342432909
25764,GOF,0.062058369581698455,0.7166147261708381,0.2213269042474635
25765,GOF,0.033049971524959774,0.7814910369418545,0.18545899153318576
25766,GOF,0.09745189601871708,0.7459778021630464,0.15657030181823645
25767,LOF,0.1500472403423004,0.4016389269937317,0.4483138326639679
25768,LOF,0.12398349661696355,0.043216334665613095,0.8328001687174234
25769,LOF,0.05384350473319882,0.06215464390183732,0.8840018513649639
25770,LOF,0.4216367527674598,0.11751054658909275,0.46085270064344735
25771,LOF,0.06841075017528381,0.05625687063410635,0.8753323791906099
25772,LOF,0.01954754587374465,0.04771781737083381,0.9327346367554216
25773,LOF,0.07095935508257425,0.058655750056982606,0.8703848948604432
25774,LOF,0.02920350141146146,0.12436634242916132,0.8464301561593773
25775,LOF,0.08478172037187637,0.04404036398687736,0.8711779156412462
25776,LOF,0.07174338168924234,0.031591149106291766,0.8966654692044659
25777,Neutral,0.5503758603261162,0.0788362499859233,0.37078788968796056
25778,LOF,0.0694397998956194,0.04990333092418398,0.8806568691801967
25779,GOF,0.43315030041365465,0.5105280215094512,0.05632167807689416
25780,GOF,0.3430778492002334,0.5509159685391116,0.10600618226065504
25781,GOF,0.10082775696322771,0.7448760043022279,0.1542962387345444
25782,GOF,0.16291439958095869,0.7194483145847311,0.11763728583431018
25783,GOF,0.02224141453894362,0.6426267988517121,0.33513178660934423
25784,Neutral,0.5175949473300837,0.4220141533753617,0.060390899294554594
25785,Neutral,0.5176585669207846,0.402809451141397,0.07953198193781834
25786,GOF,0.02634657636303821,0.6606322749971939,0.31302114863976804
25787,Neutral,0.7008395685462804,0.2521821656153345,0.046978265838385
25788,LOF,0.061142652524709386,0.05958328238786033,0.8792740650874302
25789,GOF,0.19649400885679075,0.6106180696597898,0.19288792148341954
25790,GOF,0.232361698246331,0.627303806043592,0.1403344957100771
25791,GOF,0.12810528322527562,0.6090227512089409,0.26287196556578357
25792,GOF,0.3371631135747588,0.46012669657293653,0.20271018985230468
25793,GOF,0.24427056573495046,0.4663623460264179,0.28936708823863155
25794,GOF,0.3133629665386279,0.4006409600060477,0.28599607345532435
25795,GOF,0.05840772352065128,0.6429238525666573,0.2986684239126915
25796,Neutral,0.5464336109535418,0.350456076932295,0.10311031211416302
25797,GOF,0.07967282058715068,0.4950564289907834,0.4252707504220661
25798,LOF,0.009560806490271419,0.4744446321147868,0.5159945613949417
25799,LOF,0.008437807144812815,0.40927348123539276,0.5822887116197945
25800,GOF,0.0340378684750757,0.5682695666951199,0.3976925648298043
25801,GOF,0.24455343293830112,0.5757316491188272,0.1797149179428716
25802,GOF,0.06890799010342301,0.5623254004591997,0.3687666094373774
25803,LOF,0.040804510783296055,0.4768362667936876,0.4823592224230162
25804,LOF,0.03711151442820186,0.41105595033202746,0.5518325352397707
25805,GOF,0.09022408885818207,0.49496851987226287,0.4148073912695551
25806,GOF,0.11723284653457004,0.510082245502151,0.372684907963279
25807,GOF,0.018316166315426513,0.5352414233292433,0.44644241035533033
25808,GOF,0.08826156073284067,0.4886316913358318,0.4231067479313276
25809,GOF,0.019377116262192077,0.5236313381879204,0.4569915455498875
25810,GOF,0.020261380373475982,0.5281520040485811,0.45158661557794294
25811,Neutral,0.48119711877058463,0.43457425957917195,0.0842286216502435
25812,GOF,0.035669917069611395,0.5619850151892698,0.4023450677411188
25813,Neutral,0.604238916623655,0.25870104782041015,0.1370600355559349
25814,GOF,0.12241557845047046,0.5767290451516776,0.300855376397852
25815,GOF,0.2582260227725362,0.5089793127628678,0.23279466446459607
25816,GOF,0.01971743867984527,0.652409679384412,0.3278728819357429
25817,GOF,0.195069661481584,0.659305543461279,0.14562479505713682
25818,GOF,0.036134870514958485,0.5147097841856543,0.4491553452993873
25819,GOF,0.35644584804981017,0.42638532771415183,0.21716882423603798
25820,GOF,0.17751271266613156,0.5395925296887554,0.2828947576451132
25821,GOF,0.06286997088442331,0.6088250887146175,0.3283049404009592
25822,GOF,0.2558231475325584,0.4416402579960208,0.30253659447142073
25823,LOF,0.03525779939381293,0.42055536380562286,0.5441868368005641
25824,GOF,0.08105596026119073,0.46040544148447016,0.4585385982543391
25825,LOF,0.03076705152082298,0.47306750746143883,0.49616544101773835
25826,LOF,0.010843369797382638,0.4579414399653042,0.5312151902373131
25827,GOF,0.018156293029076058,0.5252410655045002,0.45660264146642376
25828,LOF,0.01344267142151609,0.43785052567102717,0.5487068029074568
25829,GOF,0.007640579524565846,0.5029206885364189,0.48943873193901527
25830,LOF,0.037763340770975526,0.2143370686496254,0.7478995905793991
25831,GOF,0.13399431651314966,0.7186850639684246,0.14732061951842568
25832,GOF,0.03552336746110347,0.612545589174871,0.35193104336402553
25833,GOF,0.11386222333143647,0.6009976092615951,0.28514016740696857
25834,GOF,0.043826801315962206,0.6005549011683082,0.3556182975157296
25835,GOF,0.10282849032864064,0.5500303119475864,0.3471411977237729
25836,GOF,0.049469066160139887,0.567633792073326,0.38289714176653417
25837,LOF,0.027142057818728596,0.46995183378777394,0.5029061083934975
25838,GOF,0.09566238540145393,0.6523169965336321,0.25202061806491394
25839,GOF,0.28111788655180314,0.4913537570194963,0.22752835642870065
25840,GOF,0.21003854376377729,0.5339642540921041,0.25599720214411853
25841,GOF,0.2540671989677753,0.5117459141047732,0.2341868869274515
25842,GOF,0.15913627966130428,0.5827354246620521,0.25812829567664364
25843,GOF,0.20745038267406968,0.6133701160645111,0.17917950126141918
25844,GOF,0.06326560506216229,0.5748393933996614,0.36189500153817633
25845,LOF,0.015092631262558543,0.4413483876743078,0.5435589810631337
25846,GOF,0.0891458503315667,0.679119563375734,0.23173458629269936
25847,GOF,0.11812559744568706,0.6716672145621007,0.21020718799221233
25848,GOF,0.03840354046316611,0.6018464213556841,0.35975003818114976
25849,GOF,0.011203252348251053,0.503970560199891,0.48482618745185796
25850,GOF,0.02683777796961235,0.5296763472272341,0.4434858748031536
25851,LOF,0.0229427226380688,0.44659331920429746,0.5304639581576337
25852,GOF,0.12814457280183775,0.5201937860330236,0.3516616411651386
25853,GOF,0.30564628258150905,0.5790842624136286,0.11526945500486234
25854,GOF,0.018764537604958182,0.6263211222785343,0.35491434011650763
25855,GOF,0.044550520857742575,0.5656094244756538,0.38984005466660365
25856,GOF,0.25142336483055105,0.4961085238483187,0.25246811132113034
25857,GOF,0.036390054059432096,0.49611298583985114,0.46749696010071684
25858,GOF,0.018333809548094385,0.5610176826462598,0.42064850780564567
25859,GOF,0.00999770351953077,0.5552449530095912,0.43475734347087797
25860,GOF,0.30397431685323395,0.5503924261194753,0.14563325702729063
25861,GOF,0.3439273770753666,0.5519931464539491,0.10407947647068429
25862,GOF,0.06609603506607983,0.7520566493460261,0.18184731558789413
25863,GOF,0.07237127716181904,0.7648950558502768,0.1627336669879042
25864,GOF,0.13841595168932627,0.7590110194980797,0.10257302881259409
25865,GOF,0.06485502596355763,0.7637545020104027,0.17139047202603977
25866,GOF,0.05664155502690369,0.7809272458334813,0.16243119913961498
25867,GOF,0.07046260767365854,0.7814166809231672,0.1481207114031744
25868,GOF,0.23918069003273076,0.6144764119392627,0.14634289802800649
25869,Neutral,0.6731420673867591,0.2698454381115862,0.05701249450165485
25870,LOF,0.26403978578976284,0.19559823616666644,0.5403619780435708
25871,GOF,0.22310164270614294,0.5918518317740162,0.18504652551984088
25872,GOF,0.0850231092749535,0.6036171134191234,0.3113597773059231
25873,GOF,0.15626870374339524,0.565391323814701,0.2783399724419038
25874,LOF,0.02282379065677783,0.0652224388035309,0.9119537705396912
25875,LOF,0.08325649838357291,0.059588227447244325,0.8571552741691828
25876,LOF,0.028275815912489864,0.06566855965144375,0.9060556244360665
25877,Neutral,0.5536907947989231,0.0560794806719639,0.39022972452911303
25878,LOF,0.2606444698221886,0.1043912934862413,0.6349642366915701
25879,LOF,0.1388171645500235,0.11549110760157964,0.745691727848397
25880,LOF,0.023080173454752936,0.024805233289890226,0.952114593255357
25881,LOF,0.20568896602097683,0.2074766751844599,0.5868343587945632
25882,LOF,0.0787143037455891,0.01965466898477289,0.901631027269638
25883,LOF,0.08173322171914936,0.0416977648617767,0.876569013419074
25884,LOF,0.04465645620348631,0.04548929591307153,0.9098542478834422
25885,LOF,0.05981313444261096,0.02728048068982336,0.9129063848675656
25886,LOF,0.34093799870284325,0.09640180557579156,0.5626601957213652
25887,LOF,0.18504675318237346,0.14837130096002435,0.6665819458576022
25888,LOF,0.07375828742202163,0.10092426060220351,0.8253174519757749
25889,LOF,0.03767900089773849,0.04815814211204212,0.9141628569902195
25890,LOF,0.06060056806239574,0.14033311741992116,0.7990663145176832
25891,LOF,0.06264533131619571,0.05734454995797194,0.8800101187258325
25892,LOF,0.09310386268083035,0.026004814659098895,0.8808913226600709
25893,LOF,0.31044985763198363,0.015747653929377003,0.6738024884386393
25894,LOF,0.16822795986898934,0.008899545447303741,0.8228724946837069
25895,LOF,0.20063014506796423,0.021279403107067697,0.7780904518249682
25896,LOF,0.04585174007349618,0.023140157270601567,0.9310081026559022
25897,LOF,0.2349581670379184,0.015520190237930071,0.7495216427241516
25898,Neutral,0.7654164998325659,0.01153481719473711,0.22304868297269706
25899,LOF,0.2686742576859872,0.0462259607297299,0.685099781584283
25900,Neutral,0.5901362585927805,0.015688036727085315,0.39417570468013424
25901,LOF,0.05589422776468636,0.014481032863310938,0.9296247393720026
25902,LOF,0.16982998092647064,0.01207984255767747,0.8180901765158518
25903,Neutral,0.6148796543426754,0.03229769603926832,0.35282264961805626
25904,LOF,0.27965404501578234,0.04545391218093117,0.6748920428032865
25905,LOF,0.03831685680461508,0.2641795001508899,0.697503643044495
25906,LOF,0.024420182138187592,0.06779459929869823,0.9077852185631142
25907,LOF,0.015289715739707136,0.29865414761401177,0.6860561366462811
25908,LOF,0.014251565897827131,0.21123250327831253,0.7745159308238603
25909,LOF,0.01642880304067609,0.14506887227997928,0.8385023246793446
25910,LOF,0.04042005165970711,0.2056739731164439,0.7539059752238491
25911,LOF,0.07643565043975316,0.0532458326995948,0.8703185168606521
25912,LOF,0.035514051747519995,0.09802020455519188,0.8664657436972881
25913,LOF,0.24601457603114252,0.04179022118784584,0.7121952027810116
25914,LOF,0.027368052480929706,0.15608015159252098,0.8165517959265494
25915,Neutral,0.4068197542422264,0.2640090111757821,0.3291712345819914
25916,LOF,0.05491601783592933,0.30502950909569715,0.6400544730683735
25917,LOF,0.058013952722411645,0.0667470551670811,0.8752389921105073
25918,LOF,0.039808214261728384,0.09322012032365865,0.866971665414613
25919,LOF,0.03479587878543691,0.09320996749098977,0.8719941537235734
25920,GOF,0.12042819638108203,0.5104715916236782,0.36910021199523985
25921,LOF,0.03522847142197418,0.03589958206290379,0.9288719465151221
25922,LOF,0.05117457524409356,0.024283856129957367,0.924541568625949
25923,LOF,0.39993755144320164,0.02443428093556849,0.5756281676212298
25924,LOF,0.04001097662159726,0.028333448949458613,0.9316555744289442
25925,LOF,0.07762570671594014,0.04191863727753846,0.8804556560065215
25926,LOF,0.060226506240606256,0.024943794762508395,0.9148296989968854
25927,LOF,0.07465727346406825,0.053899863751136,0.8714428627847959
25928,LOF,0.0245099491900561,0.024612268392482782,0.950877782417461
25929,Neutral,0.5468213559042645,0.02861542854948654,0.4245632155462491
25930,LOF,0.06952805294710457,0.01989155206708293,0.9105803949858124
25931,LOF,0.03151493109950543,0.02128126728740271,0.9472038016130919
25932,LOF,0.02976635812539617,0.01955048827186942,0.9506831536027345
25933,LOF,0.038856550540584234,0.012317806081223674,0.948825643378192
25934,LOF,0.02571825555353143,0.014116879883501758,0.9601648645629669
25935,LOF,0.08233647267031453,0.03580679562941606,0.8818567317002695
25936,LOF,0.046276901464406286,0.01910032843825248,0.9346227700973412
25937,LOF,0.034049787524146974,0.027237446884669666,0.9387127655911834
25938,LOF,0.07831394471980892,0.042327056099019066,0.879358999181172
25939,LOF,0.04418861494551873,0.012071681716051571,0.9437397033384296
25940,LOF,0.024244492290570265,0.4072560411701184,0.5684994665393113
25941,LOF,0.14761941189973904,0.09933203171598232,0.7530485563842787
25942,LOF,0.012954050632834937,0.049972317863815285,0.9370736315033498
25943,LOF,0.31715407599951645,0.08953221550208866,0.5933137084983949
25944,Neutral,0.48738859351336483,0.05483338255012519,0.45777802393650996
25945,LOF,0.0678316965458824,0.03551019470589304,0.8966581087482246
25946,LOF,0.03251182758538632,0.16536118672735514,0.8021269856872585
25947,LOF,0.14563257953565104,0.15594008449275581,0.6984273359715931
25948,LOF,0.37791206287340756,0.015106905166979255,0.6069810319596132
25949,LOF,0.095866297388341,0.0567012579993242,0.8474324446123347
25950,GOF,0.20671626881191782,0.4076625424887239,0.38562118869935824
25951,LOF,0.2678822041933211,0.1816374788572858,0.5504803169493931
25952,LOF,0.05996897992445007,0.4089550155328034,0.5310760045427465
25953,LOF,0.13480623124240476,0.10403829712239757,0.7611554716351977
25954,LOF,0.33261436907425446,0.24899254851106362,0.41839308241468187
25955,LOF,0.06645278425659472,0.08255532537063137,0.850991890372774
25956,LOF,0.2020028392085601,0.06866747412401417,0.7293296866674258
25957,LOF,0.04770223591016242,0.024490779427225134,0.9278069846626124
25958,LOF,0.05680428709967485,0.037022564360895384,0.9061731485394299
25959,LOF,0.07284134037377595,0.42495882739515395,0.5021998322310701
25960,LOF,0.020431718510226408,0.0658517668946686,0.9137165145951051
25961,LOF,0.0476250378051472,0.04719046661745649,0.9051844955773962
25962,LOF,0.06824468994906839,0.03795586380783384,0.8937994462430977
25963,LOF,0.060629760710692454,0.17625044190550612,0.7631197973838014
25964,LOF,0.03835880963598827,0.1651134234925569,0.7965277668714548
25965,LOF,0.4595221232232833,0.07408637873009963,0.466391498046617
25966,LOF,0.3164465359868368,0.3288741987429962,0.3546792652701669
25967,LOF,0.015571659814677319,0.11247091652497378,0.8719574236603489
25968,LOF,0.05714726494554518,0.40327532523340764,0.5395774098210472
25969,LOF,0.026976888637267927,0.05533969325140926,0.9176834181113228
25970,LOF,0.07032784323576716,0.06146554586514551,0.8682066108990872
25971,LOF,0.08739806019555771,0.037426310316884905,0.8751756294875573
25972,LOF,0.08868092319156101,0.040227123406957485,0.8710919534014815
25973,LOF,0.1057266947113125,0.010743510118425904,0.8835297951702616
25974,LOF,0.32241101572974135,0.019763262645026324,0.6578257216252322
25975,LOF,0.05866349919612321,0.02969788467105751,0.9116386161328193
25976,LOF,0.03823062178086571,0.02473734212999186,0.9370320360891424
25977,LOF,0.12805067034103967,0.13075174032054082,0.7411975893384196
25978,LOF,0.12787977303874187,0.13041594884951724,0.7417042781117409
25979,LOF,0.12505472675491802,0.11903729962566778,0.7559079736194141
25980,LOF,0.14556922080042897,0.1972872917963688,0.6571434874032022
25981,LOF,0.17768688310568656,0.19144321341088652,0.6308699034834269
25982,LOF,0.384981757903927,0.12199901495405899,0.49301922714201407
25983,LOF,0.3721019098881315,0.12249442443311878,0.5054036656787497
25984,LOF,0.052255192095828816,0.1102006363678317,0.8375441715363395
25985,LOF,0.020199865516361673,0.3415244474083808,0.6382756870752575
25986,LOF,0.02387878962792207,0.32203545007774115,0.6540857602943367
25987,LOF,0.09677446168368713,0.12696401493583917,0.7762615233804737
25988,LOF,0.10900623479094812,0.08944919236041181,0.8015445728486401
25989,LOF,0.025658532134305606,0.15367037675132322,0.8206710911143712
25990,LOF,0.0338214126570942,0.14679415394434034,0.8193844333985655
25991,GOF,0.1488854020399384,0.4347519543828817,0.4163626435771797
25992,LOF,0.32083433397215816,0.3204432203167666,0.3587224457110753
25993,LOF,0.02666242495896334,0.1062001723820735,0.8671374026589632
25994,LOF,0.017934311747489735,0.1361841471029572,0.8458815411495532
25995,LOF,0.030399017972379754,0.16428945660328031,0.8053115254243399
25996,GOF,0.1994517807024018,0.5454811505051013,0.25506706879249696
25997,GOF,0.07178622766515452,0.5272176230616189,0.4009961492732266
25998,Neutral,0.6487518032128934,0.024506991582558167,0.32674120520454847
25999,LOF,0.16216405395125658,0.10093922575079722,0.7368967202979463
26000,LOF,0.10452206055668163,0.03831977935121539,0.857158160092103
26001,LOF,0.1928202924927063,0.03746377143711509,0.7697159360701787
26002,LOF,0.14334306328818,0.039608990181952755,0.8170479465298672
26003,GOF,0.010179501729898456,0.6963944106831123,0.29342608758698924
26004,GOF,0.022866368824834074,0.7118176058779531,0.26531602529721293
26005,GOF,0.01172918943165856,0.5867585679643116,0.40151224260402985
26006,Neutral,0.4975027123859171,0.3053191392848704,0.1971781483292124
26007,GOF,0.018983662617567405,0.630322044251379,0.35069429313105366
26008,GOF,0.021979592864418328,0.6154912340044727,0.362529173131109
26009,GOF,0.031714042815106265,0.6915710014019205,0.27671495578297334
26010,GOF,0.02365712197447728,0.7656054050047257,0.21073747302079693
26011,GOF,0.009822522440434122,0.5638720135668857,0.4263054639926803
26012,GOF,0.017533228823935116,0.6402093366169938,0.3422574345590711
26013,GOF,0.014807632765910178,0.7287037449571356,0.2564886222769542
26014,LOF,0.041607379105440746,0.2033418778554618,0.7550507430390975
26015,LOF,0.15558411754182377,0.009252799143997573,0.8351630833141787
26016,LOF,0.2658891296436936,0.037483892511690084,0.6966269778446162
26017,LOF,0.16999602173259573,0.07966927753420115,0.7503347007332032
26018,LOF,0.08078883834604876,0.02646119734154431,0.892749964312407
26019,LOF,0.08123625964280039,0.020097895246749833,0.8986658451104497
26020,LOF,0.058722017579277204,0.0871330366656686,0.8541449457550543
26021,LOF,0.060299620177645716,0.12411896951452198,0.8155814103078323
26022,LOF,0.010459704648575586,0.0552416467016234,0.9342986486498011
26023,LOF,0.10732148342443984,0.01767899671993742,0.8749995198556226
26024,LOF,0.028745289356891787,0.09196846932510234,0.8792862413180059
26025,LOF,0.15752017353125036,0.07343147422113629,0.7690483522476134
26026,LOF,0.33040362691042896,0.012867224112690454,0.6567291489768806
26027,LOF,0.07890743727831996,0.014130469253656247,0.9069620934680238
26028,LOF,0.18425512559610388,0.09167304138199861,0.7240718330218975
26029,LOF,0.124865017740176,0.14869233077295665,0.7264426514868673
26030,LOF,0.03251666870611963,0.0757119856346842,0.8917713456591962
26031,LOF,0.04784240358799459,0.12992183050070696,0.8222357659112984
26032,LOF,0.08531255282045153,0.06125037284150701,0.8534370743380414
26033,LOF,0.14033366854984095,0.06623362672984831,0.7934327047203108
26034,LOF,0.07297659791693882,0.12573372121724774,0.8012896808658134
26035,LOF,0.045745764609581595,0.10712513764739783,0.8471290977430205
26036,LOF,0.06958241072560283,0.1326382078378626,0.7977793814365346
26037,LOF,0.036910695715914904,0.1017384677618349,0.8613508365222502
26038,LOF,0.07913077516561183,0.05472764455055957,0.8661415802838286
26039,LOF,0.09893665050774411,0.11282022480667082,0.788243124685585
26040,LOF,0.24262059653253393,0.09107128229030825,0.6663081211771579
26041,LOF,0.03741872462337559,0.09576401722747056,0.8668172581491539
26042,LOF,0.03703394902662264,0.09590950641548006,0.8670565445578974
26043,LOF,0.07695721326311278,0.07070885134613893,0.8523339353907483
26044,LOF,0.031135220698732275,0.07998853341278811,0.8888762458884797
26045,LOF,0.11563086287974117,0.08389865054633805,0.8004704865739207
26046,LOF,0.0818369825117065,0.0729033266078196,0.845259690880474
26047,LOF,0.11807654205512885,0.08293030275654108,0.7989931551883301
26048,LOF,0.062365997861066676,0.05644501604440322,0.88118898609453
26049,Neutral,0.9499907097749639,0.010354152900955189,0.03965513732408097
26050,Neutral,0.9332780149799641,0.012053704485904693,0.05466828053413125
26051,LOF,0.05855080925008726,0.4126414410232029,0.5288077497267099
26052,GOF,0.05687164236401852,0.49059604518197353,0.45253231245400793
26053,LOF,0.06089042697733015,0.30256697253511794,0.636542600487552
26054,LOF,0.05550281370759159,0.05898557540912245,0.885511610883286
26055,LOF,0.07486860295683243,0.04941161371838778,0.8757197833247798
26056,LOF,0.0646808361055406,0.05700329482173508,0.8783158690727243
26057,LOF,0.033517486772038196,0.02248628267484888,0.9439962305531129
26058,LOF,0.033759861958051064,0.020449679657647633,0.9457904583843013
26059,LOF,0.35499236742381407,0.06410872484801242,0.5808989077281737
26060,LOF,0.0261486277451615,0.338915588029262,0.6349357842255765
26061,LOF,0.017200710425015572,0.03141005478156425,0.9513892347934201
26062,LOF,0.012815182809854832,0.044108561777817204,0.9430762554123281
26063,LOF,0.02400046373677137,0.02072817398482648,0.955271362278402
26064,LOF,0.024219049742133843,0.029812541966996044,0.9459684082908701
26065,LOF,0.028737797137544617,0.0241205890433209,0.9471416138191344
26066,LOF,0.021424247326745083,0.025052550027404752,0.9535232026458502
26067,LOF,0.025309895684910513,0.019509961418705375,0.9551801428963841
26068,LOF,0.05512906647026136,0.06003459930522509,0.8848363342245136
26069,LOF,0.42029185233976407,0.044040413016886305,0.5356677346433496
26070,Neutral,0.6454938612708379,0.022701126209767913,0.3318050125193942
26071,LOF,0.025194170081495198,0.02848393093030764,0.9463218989881971
26072,LOF,0.024920886756350125,0.04082293519417439,0.9342561780494756
26073,LOF,0.027191050225843973,0.02074614246358371,0.9520628073105724
26074,Neutral,0.8835703375315443,0.00940033375146726,0.10702932871698828
26075,LOF,0.04401528861784921,0.03685012458691452,0.9191345867952363
26076,LOF,0.04753975653152018,0.018027301518598614,0.9344329419498812
26077,LOF,0.009425441767721317,0.04704250271299748,0.9435320555192813
26078,LOF,0.013234025285921375,0.027576895907304746,0.9591890788067738
26079,LOF,0.05695365510125316,0.03567607266010953,0.9073702722386374
26080,LOF,0.05695365510125316,0.03567607266010953,0.9073702722386374
26081,LOF,0.03633892386970547,0.01440437989115245,0.9492566962391422
26082,LOF,0.020924826617412164,0.038529279598126326,0.9405458937844614
26083,LOF,0.14643445296510402,0.02451027233325276,0.8290552747016432
26084,LOF,0.029766655775150037,0.031332167999333076,0.9389011762255168
26085,LOF,0.0250382977580205,0.02870660143769923,0.9462551008042803
26086,LOF,0.02414425300600373,0.026087149404337828,0.9497685975896584
26087,LOF,0.026240760160446797,0.017843474588660823,0.9559157652508923
26088,LOF,0.02192562171760591,0.044054424240965805,0.9340199540414283
26089,LOF,0.04898250522054285,0.05121584095776288,0.8998016538216943
26090,LOF,0.04672531401230226,0.039473603899676205,0.9138010820880216
26091,LOF,0.03954450718450764,0.012758269660847242,0.9476972231546451
26092,LOF,0.03026637806431102,0.018004180779759023,0.95172944115593
26093,LOF,0.042292160773519466,0.013091228058985953,0.9446166111674945
26094,LOF,0.047620850785961476,0.01162185738151911,0.9407572918325193
26095,LOF,0.04159951750337902,0.03025867843756148,0.9281418040590597
26096,LOF,0.0178719426075852,0.02857487274591775,0.953553184646497
26097,LOF,0.010218772602930025,0.0996589332298036,0.8901222941672664
26098,LOF,0.06310936770162068,0.03771193861605053,0.8991786936823287
26099,LOF,0.026506408177780924,0.031224580462066286,0.9422690113601528
26100,LOF,0.027990603721677648,0.029833239661275095,0.9421761566170472
26101,LOF,0.06645989644020735,0.02579538223079217,0.9077447213290005
26102,LOF,0.028384793367607027,0.02495106195378117,0.9466641446786117
26103,Neutral,0.8840718028729069,0.04014793391223102,0.075780263214862
26104,LOF,0.05451524126597527,0.07371362416229822,0.8717711345717266
26105,LOF,0.2530956070256574,0.23472020083924702,0.5121841921350956
26106,LOF,0.16253852023481372,0.1346689972235883,0.702792482541598
26107,LOF,0.24278229337705146,0.11954427959011554,0.6376734270328329
26108,LOF,0.22341131164902334,0.16676018464066766,0.609828503710309
26109,LOF,0.06234000823502852,0.1481620366340517,0.7894979551309198
26110,LOF,0.25236954895830593,0.010317715923029463,0.7373127351186646
26111,LOF,0.48191590171804,0.022975222653788714,0.4951088756281713
26112,LOF,0.04049613152548969,0.012912578425559377,0.946591290048951
26113,LOF,0.058925639680857476,0.0207999102533832,0.9202744500657593
26114,LOF,0.02006874293305707,0.024577068270183612,0.9553541887967593
26115,LOF,0.0954991711357635,0.03437468416985291,0.8701261446943835
26116,LOF,0.052413128603963355,0.04609958081851139,0.9014872905775253
26117,LOF,0.307232177172925,0.08356883621690642,0.6091989866101685
26118,LOF,0.04032591650845474,0.047325737371705985,0.9123483461198393
26119,LOF,0.02248066925854861,0.061739071168487494,0.9157802595729639
26120,LOF,0.029005558070772194,0.033508035202921636,0.9374864067263062
26121,LOF,0.05732678765267273,0.11078125821677093,0.8318919541305563
26122,LOF,0.0665218843876409,0.05190428021359682,0.8815738353987622
