feature0,prediction,LoGoFunc_Neutral,LoGoFunc_GOF,LoGoFunc_LOF
25546,Neutral,0.6421654851510463,0.057336673064094616,0.3004978417848593
25547,Neutral,0.4676386096706743,0.0925061685913052,0.43985522173802055
25548,Neutral,0.4779348877652074,0.08208886208278898,0.43997625015200365
25549,LOF,0.41145777690998914,0.08162827893081939,0.5069139441591914
25550,LOF,0.3472068099238241,0.11128560785421203,0.5415075822219638
25551,LOF,0.2841969096698813,0.12031587928117826,0.5954872110489405
25552,LOF,0.23470328931100026,0.11999240408271883,0.6453043066062809
25553,Neutral,0.8140739900589343,0.0420864233287374,0.1438395866123284
25554,LOF,0.27518955834143377,0.1082590474007682,0.616551394257798
25555,LOF,0.23424473576130306,0.10278492603040608,0.6629703382082909
25556,LOF,0.41831690202827304,0.09449473429463066,0.4871883636770963
25557,LOF,0.22462710052584708,0.10837238186800838,0.6670005176061445
25558,LOF,0.28713607459900786,0.10619036870528475,0.6066735566957073
25559,LOF,0.2570721117732311,0.12777609816546695,0.615151790061302
25560,LOF,0.17979866631532324,0.10701985317081429,0.7131814805138625
25561,LOF,0.16104439440602084,0.1340508576601171,0.704904747933862
25562,LOF,0.08014103349729082,0.08802880580797785,0.8318301606947313
25563,LOF,0.025457230070217458,0.1591652013995706,0.8153775685302118
25564,LOF,0.21017126673672268,0.12252429372741172,0.6673044395358657
25565,LOF,0.22052483185653357,0.150166688698853,0.6293084794446134
25566,GOF,0.10130461781997932,0.7052252701567568,0.19347011202326378
25567,LOF,0.042720041856595524,0.14986469256062926,0.8074152655827752
25568,LOF,0.06332506979677846,0.06722887790703401,0.8694460522961875
25569,LOF,0.058406818272626164,0.07188314355385177,0.8697100381735221
25570,LOF,0.02960725082068749,0.09970248490661367,0.8706902642726989
25571,LOF,0.028976893457565923,0.10159738584529286,0.8694257206971413
25572,LOF,0.0640052936512736,0.11642466755117797,0.8195700387975483
25573,LOF,0.059146683373840055,0.08954765717826421,0.8513056594478957
25574,LOF,0.057056829030875625,0.21827294481952167,0.7246702261496026
25575,LOF,0.02482441435107166,0.11866808806796274,0.8565074975809656
25576,LOF,0.029761671470769777,0.1577361533950721,0.8125021751341581
25577,LOF,0.030055923112288038,0.12106843951346574,0.8488756373742461
25578,LOF,0.3307509399092825,0.07887427472459006,0.5903747853661274
25579,LOF,0.1444752068176471,0.08666471788478111,0.7688600752975718
25580,LOF,0.02210696627943205,0.07863758773611117,0.8992554459844568
25581,LOF,0.056723066053440005,0.06419568216631416,0.8790812517802459
25582,LOF,0.05666298558905199,0.0633601529222503,0.8799768614886978
25583,LOF,0.023229765331452636,0.08047334881630776,0.8962968858522397
25584,Neutral,0.6938576150553913,0.11132218986904027,0.19482019507556836
25585,LOF,0.029220586611574475,0.13580051167444263,0.8349789017139828
25586,LOF,0.019096031333959627,0.07045870372188417,0.9104452649441561
25587,LOF,0.018410555136157605,0.06333681940401384,0.9182526254598286
25588,LOF,0.02214449033116613,0.06955257961142139,0.9083029300574126
25589,Neutral,0.5096994081973546,0.23136964559623382,0.25893094620641155
25590,LOF,0.05026249898116466,0.11571057529022225,0.8340269257286131
25591,LOF,0.10378358508204856,0.05606035986820638,0.8401560550497451
25592,LOF,0.06156039734747348,0.13100626061305912,0.8074333420394674
25593,LOF,0.16072900104081023,0.2779276461670699,0.5613433527921199
25594,LOF,0.05811396186465845,0.11382993762132254,0.828056100514019
25595,LOF,0.053735445184108915,0.07663719554017594,0.8696273592757151
25596,LOF,0.10953379208559885,0.04297851217252041,0.8474876957418808
25597,LOF,0.08489229264871952,0.05171888221009906,0.8633888251411814
25598,LOF,0.05685098932585499,0.07985015376630779,0.8632988569078373
25599,LOF,0.022607115144808263,0.4698092653935796,0.507583619461612
25600,GOF,0.16213455670152502,0.4925173316090837,0.34534811168939133
25601,LOF,0.04276497536488452,0.40845490201680745,0.548780122618308
25602,LOF,0.03138136711014057,0.06522276510299445,0.903395867786865
25603,LOF,0.03055809378340682,0.035275140165599995,0.9341667660509932
25604,LOF,0.0311284618437613,0.07534152707511457,0.8935300110811242
25605,LOF,0.03470918505619263,0.1855410782594477,0.7797497366843597
25606,LOF,0.4066453082435932,0.11143161493874008,0.4819230768176666
25607,LOF,0.025004448777394116,0.1698960496743058,0.8050995015483001
25608,LOF,0.029818063951863226,0.07353290868541394,0.8966490273627228
25609,GOF,0.15659367868872243,0.5033128706302575,0.34009345068102
25610,LOF,0.01686792798051511,0.029317310964079194,0.9538147610554057
25611,LOF,0.013624576330618351,0.0357682449564844,0.9506071787128971
25612,LOF,0.04616672772874348,0.04570986365505639,0.9081234086162002
25613,LOF,0.04251111863844189,0.04608618873569831,0.9114026926258598
25614,LOF,0.02124997238273493,0.027259855577543762,0.9514901720397212
25615,LOF,0.04505897444602086,0.0485575920550393,0.9063834334989399
25616,LOF,0.05344434647458331,0.032320172652443496,0.9142354808729732
25617,LOF,0.04323731020929605,0.04521722286916592,0.9115454669215382
25618,LOF,0.04672494842727338,0.03825274326742422,0.9150223083053024
25619,LOF,0.013310879377238285,0.03366757182457253,0.9530215487981892
25620,LOF,0.06526455276393903,0.04939471350926788,0.885340733726793
25621,LOF,0.0520958005308307,0.04100680786329112,0.9068973916058782
25622,LOF,0.0605943443257946,0.036852047043831604,0.9025536086303738
25623,LOF,0.07059601179714874,0.033130049504752214,0.896273938698099
25624,LOF,0.019075579599828904,0.035455952970437715,0.9454684674297335
25625,LOF,0.05960258011670398,0.0454717503241243,0.8949256695591717
25626,LOF,0.04672435576137474,0.04186764038031724,0.9114080038583081
25627,Neutral,0.9064370784329685,0.016776005530159066,0.0767869160368724
25628,LOF,0.13557466160205744,0.05715258260357136,0.8072727557943712
25629,LOF,0.06689042053047724,0.04139182681988471,0.891717752649638
25630,LOF,0.3052874920222571,0.06694435644331898,0.627768151534424
25631,Neutral,0.5607901007851546,0.06134865676216883,0.3778612424526766
25632,LOF,0.024570978481685955,0.06076292807003308,0.914666093448281
25633,LOF,0.15653217989588847,0.0358942439514732,0.8075735761526383
25634,LOF,0.032381565971862716,0.07971838388224976,0.8879000501458875
25635,LOF,0.03609592294128002,0.039918439531669216,0.9239856375270508
25636,LOF,0.03152827422172512,0.4014480093916496,0.5670237163866253
25637,LOF,0.07726747497263552,0.43363304003707853,0.489099484990286
25638,LOF,0.02934391430680437,0.318525593014419,0.6521304926787765
25639,LOF,0.03024009041249715,0.3502825803563917,0.6194773292311111
25640,Neutral,0.803318879769577,0.15441145139617257,0.042269668834250304
25641,GOF,0.06650725096341478,0.46709732977177487,0.4663954192648103
25642,LOF,0.046622988929043256,0.15293915319645418,0.8004378578745026
25643,LOF,0.18789858925911893,0.13169752879338203,0.680403881947499
25644,LOF,0.022171165171257945,0.45913487278309906,0.5186939620456431
25645,LOF,0.02430720134815738,0.37036020168441586,0.6053325969674268
25646,LOF,0.05807078874449673,0.30296316500612386,0.6389660462493795
25647,LOF,0.02748459697064697,0.2563379808108144,0.7161774222185388
25648,LOF,0.03624166490591381,0.2366882859342604,0.7270700491598259
25649,LOF,0.01763906123187539,0.23822863805514638,0.7441323007129782
25650,LOF,0.05233212368699141,0.4087431731165113,0.5389247031964973
25651,LOF,0.017861602452181748,0.2664734826769289,0.7156649148708893
25652,LOF,0.03341645696203158,0.26064972009648074,0.7059338229414877
25653,LOF,0.08320089064207697,0.40605117654484485,0.5107479328130782
25654,LOF,0.027862914255339957,0.2242889544705676,0.7478481312740926
25655,LOF,0.20914118876975002,0.3635888273753952,0.4272699838548548
25656,LOF,0.32631922644437106,0.05133294663134682,0.6223478269242821
25657,LOF,0.06178363413230265,0.053836322720917575,0.8843800431467798
25658,LOF,0.32812381226157217,0.059120492579116814,0.612755695159311
25659,Neutral,0.519892624047888,0.0846516090244198,0.3954557669276922
25660,LOF,0.021511264426881994,0.07761422937777356,0.9008745061953446
25661,LOF,0.09683988341299445,0.054836529415799584,0.848323587171206
25662,LOF,0.03428642284228353,0.03192553632142895,0.9337880408362875
25663,LOF,0.047184743886381886,0.04388870615398897,0.9089265499596292
25664,LOF,0.12800990894174136,0.05746707905278327,0.8145230120054755
25665,LOF,0.050057603181341365,0.028691372528295483,0.9212510242903631
25666,LOF,0.08667899709451803,0.06621921408372544,0.8471017888217566
25667,LOF,0.07700051026154163,0.03695361976682257,0.8860458699716358
25668,LOF,0.038960579492985314,0.047415653460203586,0.9136237670468111
25669,LOF,0.03400851179128441,0.048677260749648475,0.9173142274590671
25670,LOF,0.14951596753289498,0.0583578213995381,0.792126211067567
25671,LOF,0.11250958068002809,0.03253276277271075,0.8549576565472612
25672,LOF,0.04947999958906562,0.040957411624507306,0.9095625887864272
25673,LOF,0.07777072259568148,0.04339959877504539,0.8788296786292732
25674,LOF,0.06837555723444166,0.050753994602055694,0.8808704481635027
25675,LOF,0.11098745848800749,0.05009930183896525,0.8389132396730273
25676,LOF,0.019289535591561106,0.053007300205701026,0.927703164202738
25677,LOF,0.026417279616551728,0.06941733655161561,0.9041653838318326
25678,LOF,0.21140771732193966,0.058405276777189256,0.7301870059008712
25679,LOF,0.12454333468058408,0.07947257423589757,0.7959840910835184
25680,LOF,0.03179470589789907,0.11560494165397837,0.8526003524481226
25681,LOF,0.051191210655665405,0.10411234548079044,0.8446964438635441
25682,LOF,0.15265175714031068,0.06962194229483468,0.7777263005648546
25683,LOF,0.1096253481726869,0.08316132016762999,0.807213331659683
25684,LOF,0.047038589118621466,0.0696283735834888,0.8833330372978897
25685,LOF,0.1266635795076003,0.052232241617451824,0.8211041788749479
25686,LOF,0.08470753312662915,0.08699705363037107,0.8282954132429997
25687,LOF,0.11165528216339576,0.09435417964988647,0.7939905381867177
25688,LOF,0.2937979138363864,0.037232939361732574,0.6689691468018809
25689,LOF,0.22205957208007715,0.03806252056988657,0.7398779073500363
25690,LOF,0.32280028803963645,0.0290921311195879,0.6481075808407757
25691,Neutral,0.6863420146388155,0.022655295904894398,0.2910026894562901
25692,LOF,0.3430375682734037,0.010260412017313628,0.6467020197092825
25693,LOF,0.04924312407917631,0.4359549143463418,0.5148019615744819
25694,LOF,0.1179822437951005,0.013882610359451292,0.8681351458454482
25695,LOF,0.11396270581857325,0.012762508439106266,0.8732747857423204
25696,LOF,0.11515246847089801,0.0077087593492697545,0.8771387721798323
25697,LOF,0.0844174029597785,0.03133233079446411,0.8842502662457574
25698,LOF,0.3498819459061569,0.18421636258160953,0.46590169151223365
25699,LOF,0.43428709870572224,0.034529026045150256,0.5311838752491275
25700,LOF,0.07127227999085455,0.007335647877203833,0.9213920721319415
25701,LOF,0.1439729055688737,0.055153757629253654,0.8008733368018727
25702,GOF,0.16210075552999273,0.5826240832219761,0.2552751612480312
25703,LOF,0.015650392037953303,0.1666361420333535,0.8177134659286932
25704,LOF,0.04490815946057834,0.10764588762388586,0.8474459529155358
25705,LOF,0.05320957922500248,0.14600368323355017,0.8007867375414474
25706,LOF,0.09800056793700267,0.41177642648734814,0.49022300557564913
25707,LOF,0.08701755082450091,0.31856037484298055,0.5944220743325185
25708,LOF,0.031053783858055253,0.2823378147523922,0.6866084013895526
25709,LOF,0.06827089249776024,0.03992143646958029,0.8918076710326595
25710,LOF,0.011830713940911864,0.1457375603756896,0.8424317256833986
25711,LOF,0.02086105844936091,0.10052851011578388,0.8786104314348552
25712,LOF,0.013139269237620384,0.18673134100352803,0.8001293897588516
25713,LOF,0.020856872089993397,0.08157776634069669,0.8975653615693099
25714,LOF,0.08467388368505642,0.07957028961265519,0.8357558267022884
25715,LOF,0.012052189143719902,0.14287547231029807,0.8450723385459821
25716,LOF,0.013494293247075052,0.10975516704886283,0.8767505397040621
25717,LOF,0.011897439554938178,0.08206301783115513,0.9060395426139067
25718,LOF,0.012559771033531496,0.10436083260093446,0.883079396365534
25719,LOF,0.019568707581777995,0.07631358230267749,0.9041177101155445
25720,LOF,0.0256556997557469,0.06880688293334142,0.9055374173109116
25721,LOF,0.01646355811633714,0.11840327348006284,0.8651331684036
25722,LOF,0.015285707770896016,0.12119388023262916,0.8635204119964748
25723,LOF,0.024638288967798086,0.04024211673646952,0.9351195942957323
25724,LOF,0.03482610633282235,0.08705235855030391,0.8781215351168737
25725,LOF,0.012458662272768319,0.06669121223872013,0.9208501254885116
25726,LOF,0.017270163853283404,0.09451448479998718,0.8882153513467294
25727,LOF,0.013626266336355544,0.0733367535122997,0.9130369801513448
25728,LOF,0.010352612971316445,0.11951943352675808,0.8701279535019255
25729,LOF,0.010786618622450752,0.11288498117161627,0.876328400205933
25730,LOF,0.015273432416369814,0.08437997961837504,0.9003465879652551
25731,LOF,0.019874256601661297,0.10998813668444155,0.8701376067138972
25732,LOF,0.015685656633933683,0.08249017149101773,0.9018241718750487
25733,LOF,0.016714672841622154,0.07316336073727908,0.9101219664210987
25734,LOF,0.012187125531598621,0.11755327437234914,0.8702596000960523
25735,LOF,0.014139571915309663,0.09309385593673804,0.8927665721479523
25736,LOF,0.015528326576042178,0.10421677150607703,0.8802549019178807
25737,LOF,0.012952193399576472,0.08093767552355889,0.9061101310768647
25738,LOF,0.013483046102050807,0.10257014331834968,0.8839468105795996
25739,LOF,0.023015466857044226,0.07726772818761579,0.8997168049553399
25740,LOF,0.027743553339286933,0.10839441097037987,0.863862035690333
25741,LOF,0.015143386657730936,0.11317473507804235,0.8716818782642266
25742,LOF,0.13999058568581968,0.08625415179816422,0.7737552625160162
25743,LOF,0.0310921977685724,0.03169518260854919,0.9372126196228784
25744,Neutral,0.574218882031741,0.19663098570246926,0.2291501322657898
25745,LOF,0.0770102458837444,0.06573796250541812,0.8572517916108374
25746,LOF,0.037229264327357285,0.08341089517396463,0.8793598404986782
25747,LOF,0.021536181685892962,0.04504083770361941,0.9334229806104877
25748,LOF,0.08714876077784753,0.06302231172899027,0.8498289274931623
25749,LOF,0.023457030465349374,0.07732440642955994,0.8992185631050907
25750,LOF,0.08555448096120845,0.08411784279957381,0.8303276762392177
25751,LOF,0.0951405155989381,0.0693309981791318,0.8355284862219301
25752,GOF,0.12631049895268076,0.6351897266390113,0.23849977440830805
25753,LOF,0.01935646246264531,0.26970086425162776,0.7109426732857269
25754,GOF,0.011368917818302572,0.7840101170326025,0.20462096514909495
25755,LOF,0.022790621216218377,0.3936261598988471,0.5835832188849346
25756,LOF,0.043693525757641884,0.36914232357885285,0.5871641506635052
25757,GOF,0.01411212677644697,0.8439119516574786,0.1419759215660744
25758,GOF,0.03104021292321153,0.8188734180504523,0.15008636902633626
25759,GOF,0.011371065161402853,0.5558901238515741,0.43273881098702305
25760,LOF,0.012670314657038233,0.24606786512530343,0.7412618202176583
25761,GOF,0.2765408824846056,0.6372167491635398,0.08624236835185471
25762,LOF,0.03611860415542804,0.25742318196396224,0.7064582138806098
25763,LOF,0.014637712219930687,0.18973334782054235,0.7956289399595269
25764,GOF,0.07634204450657885,0.6209293469047026,0.30272860858871864
25765,GOF,0.03940160346390839,0.7439199434339033,0.21667845310218822
25766,GOF,0.06475291845934232,0.7409157063952122,0.19433137514544543
25767,GOF,0.14459921100473636,0.547141296479409,0.30825949251585455
25768,LOF,0.11078615978876612,0.07302701521863338,0.8161868249926006
25769,LOF,0.06033770391615384,0.053201274718816416,0.8864610213650297
25770,LOF,0.328732284901745,0.09051947699982066,0.5807482380984343
25771,LOF,0.038789580775936514,0.04678679391282927,0.9144236253112343
25772,LOF,0.01957957023728393,0.03313399354293307,0.9472864362197829
25773,LOF,0.04802239365723545,0.09294979161182108,0.8590278147309434
25774,LOF,0.02830078529695858,0.07108130617921542,0.9006179085238261
25775,LOF,0.048336175074829506,0.04640928415803722,0.9052545407671333
25776,LOF,0.08333221529949697,0.022864205401700834,0.8938035792988022
25777,LOF,0.3815139396918867,0.05264866236243187,0.5658373979456814
25778,LOF,0.07608280251364509,0.04466373105196216,0.8792534664343927
25779,GOF,0.3620852091317693,0.5939013684085898,0.04401342245964109
25780,GOF,0.29843662300228374,0.6345650950144941,0.06699828198322218
25781,GOF,0.1366640643586596,0.7587149377516099,0.10462099788973041
25782,GOF,0.20825121810801875,0.7283009557425206,0.06344782614946073
25783,GOF,0.021857049416989995,0.6075205503709278,0.3706224002120823
25784,Neutral,0.5231867706519582,0.4396616924405246,0.03715153690751724
25785,GOF,0.47899100464030664,0.48826601683134313,0.03274297852835014
25786,GOF,0.027251312050514176,0.7469888446031692,0.22575984334631663
25787,Neutral,0.6366910854128957,0.33843817531140946,0.02487073927569494
25788,LOF,0.05610323695929466,0.10542471298176806,0.8384720500589373
25789,GOF,0.222217385690478,0.6495632340327134,0.12821938027680863
25790,GOF,0.24448693655165005,0.661297133152685,0.09421593029566501
25791,GOF,0.18428391347048975,0.6635731835784404,0.15214290295106983
25792,GOF,0.38925723242455723,0.5034348031045771,0.10730796447086566
25793,GOF,0.25651464272815505,0.534578017183455,0.20890734008838993
25794,GOF,0.3076510672414845,0.5208406946550214,0.1715082381034942
25795,GOF,0.0840349796400988,0.6769031643424471,0.23906185601745417
25796,Neutral,0.5775620829726594,0.35505984250568745,0.06737807452165312
25797,GOF,0.07929846008272297,0.5464983007854107,0.37420323913186637
25798,LOF,0.009191600434165422,0.4847832982734787,0.5060251012923559
25799,LOF,0.007582387738545466,0.35936145313953116,0.6330561591219235
25800,GOF,0.030743371102821833,0.5638237515904171,0.405432877306761
25801,GOF,0.19973226309323577,0.65505140335324,0.14521633355352434
25802,GOF,0.0695250819615235,0.6786205715275665,0.2518543465109099
25803,GOF,0.033920852952087764,0.5674252656558215,0.39865388139209074
25804,LOF,0.03106177511363657,0.4739688730483971,0.49496935183796636
25805,GOF,0.09369231274830175,0.5925551571138076,0.3137525301378907
25806,GOF,0.0931787890451647,0.5909134539448408,0.31590775700999446
25807,GOF,0.019766779492088046,0.613485997892091,0.3667472226158209
25808,GOF,0.0829492974402501,0.6367503822107039,0.280300320349046
25809,GOF,0.01753969054869103,0.5773071700212673,0.4051531394300417
25810,GOF,0.01545599939043788,0.6116288323055172,0.3729151683040449
25811,Neutral,0.4653285525993848,0.4603463456704265,0.07432510173018864
25812,GOF,0.03187690492317605,0.621090165636382,0.34703292944044195
25813,Neutral,0.5122436284044948,0.3882231720563372,0.09953319953916807
25814,GOF,0.11867368966006571,0.635456487732952,0.24586982260698229
25815,GOF,0.19207496185652478,0.6234348951154617,0.18449014302801361
25816,GOF,0.02198973587645191,0.6813054467953369,0.29670481732821125
25817,GOF,0.2221751483738519,0.642429731945813,0.13539511968033502
25818,GOF,0.05278942441157422,0.6226940731856643,0.32451650240276153
25819,GOF,0.3564068840467366,0.520608534988579,0.1229845809646845
25820,GOF,0.1864413751125497,0.6101932947573824,0.2033653301300678
25821,GOF,0.06112340407766155,0.6652652725419982,0.27361132338034017
25822,GOF,0.21696470630863632,0.5774520802669664,0.20558321342439728
25823,GOF,0.03277350882530049,0.49781970293294303,0.4694067882417565
25824,GOF,0.09145234763062705,0.5744984548240476,0.33404919754532536
25825,GOF,0.0361574617037369,0.5716973807654224,0.39214515753084067
25826,GOF,0.014379576256141988,0.5577297514819586,0.4278906722618994
25827,GOF,0.02474619670103978,0.6059929929573478,0.3692608103416125
25828,GOF,0.01303674741387028,0.5189718276137808,0.467991424972349
25829,GOF,0.005918940837265896,0.5651554754123724,0.42892558375036166
25830,LOF,0.03187023305821953,0.29204669501338437,0.676083071928396
25831,GOF,0.2319457462208732,0.6400419255140064,0.12801232826512043
25832,GOF,0.0399299177460424,0.6896089598431864,0.27046112241077125
25833,GOF,0.1313906983350454,0.7138543335945412,0.15475496807041333
25834,GOF,0.03945540910795376,0.6961488797363456,0.2643957111557005
25835,GOF,0.08423067863705713,0.751014858306473,0.16475446305646999
25836,GOF,0.04274224101667836,0.6726602378343471,0.2845975211489744
25837,GOF,0.02685292218571121,0.5705941755678836,0.4025529022464052
25838,GOF,0.0978941681029977,0.7592667810080254,0.14283905088897697
25839,GOF,0.2876788672064129,0.5677163315607952,0.14460480123279176
25840,GOF,0.23256417254240666,0.6277997404161246,0.13963608704146863
25841,GOF,0.23483831461245708,0.6322424737161098,0.13291921167143306
25842,GOF,0.18343656012713266,0.6975010907395778,0.11906234913328945
25843,GOF,0.2463593906917241,0.6646776291025932,0.08896298020568259
25844,GOF,0.0695653769265873,0.704527654515512,0.22590696855790077
25845,LOF,0.018946748035383976,0.45616973942410033,0.5248835125405157
25846,GOF,0.1274895853998687,0.7141638296366154,0.15834658496351595
25847,GOF,0.13525303720338014,0.7625256726452911,0.10222129015132872
25848,GOF,0.042669521604598463,0.6927246328464624,0.2646058455489392
25849,GOF,0.012741422868234329,0.5652382166674261,0.42202036046433944
25850,GOF,0.02447313868147332,0.6245336706924369,0.35099319062608986
25851,GOF,0.020324267560051224,0.5020263720006192,0.47764936043932954
25852,GOF,0.1723012411997315,0.5378740384354652,0.2898247203648032
25853,GOF,0.3636737815414055,0.5708556701713992,0.06547054828719545
25854,GOF,0.024163097867298033,0.6080116845847617,0.3678252175479401
25855,GOF,0.03612509314730688,0.5375023252716243,0.4263725815810688
25856,GOF,0.23403792537843932,0.5299591767141051,0.2360028979074557
25857,LOF,0.038415483379661546,0.4712554231779205,0.490329093442418
25858,GOF,0.019363319311120692,0.5221094390513615,0.45852724163751785
25859,LOF,0.009695699420806165,0.49070985836505365,0.4995944422141401
25860,GOF,0.34378705183951275,0.5740691259298459,0.08214382223064134
25861,GOF,0.4403229798676169,0.4913078775058051,0.06836914262657794
25862,GOF,0.09861689419372531,0.7499865689114082,0.15139653689486643
25863,GOF,0.08999954540124402,0.7685841038646727,0.1414163507340831
25864,GOF,0.19440139613277044,0.7261094620912805,0.07948914177594912
25865,GOF,0.09527582083606359,0.7796869359629769,0.12503724320095946
25866,GOF,0.06559781762574543,0.7713023739044562,0.16309980846979832
25867,GOF,0.08849970690321983,0.8013306092215184,0.11016968387526174
25868,GOF,0.2821427020407226,0.6184270877223776,0.09943021023689966
25869,Neutral,0.7083674128264906,0.25484141683936384,0.03679117033414562
25870,GOF,0.2669776778403773,0.3764329895880443,0.3565893325715784
25871,GOF,0.24564643897401064,0.6218372970611274,0.13251626396486188
25872,GOF,0.08730033550269105,0.6479326504206634,0.2647670140766455
25873,GOF,0.1254718318474075,0.6864683261189023,0.18805984203369008
25874,LOF,0.018134334503182376,0.1184751468415334,0.8633905186552842
25875,LOF,0.09202566466026027,0.04209534695975818,0.8658789883799815
25876,LOF,0.03979644921726794,0.027847111925577744,0.9323564388571544
25877,Neutral,0.49370437453046867,0.045004653226900934,0.46129097224263027
25878,LOF,0.2022851256920031,0.0849310808054703,0.7127837935025266
25879,LOF,0.0821709982097543,0.08274588998993161,0.835083111800314
25880,LOF,0.025273283309633326,0.015379387208132698,0.959347329482234
25881,LOF,0.17862433397800836,0.13711061911511888,0.6842650469068727
25882,LOF,0.060824765278923804,0.015220418934282626,0.9239548157867936
25883,LOF,0.08343131882426154,0.019556427802489666,0.8970122533732489
25884,LOF,0.03130373534060047,0.029626430578038054,0.9390698340813615
25885,LOF,0.05839133850844438,0.01125716177826122,0.9303514997132943
25886,LOF,0.25880365030630925,0.03557529051614641,0.7056210591775444
25887,LOF,0.15984773775472177,0.07673432528614299,0.7634179369591352
25888,LOF,0.07554845323943311,0.0693441388182219,0.8551074079423451
25889,LOF,0.043001536159956534,0.021471541532261114,0.9355269223077823
25890,LOF,0.0474635480843147,0.1590599099859061,0.7934765419297791
25891,LOF,0.038714395579531144,0.04787567768061973,0.9134099267398492
25892,LOF,0.09757004904456293,0.02074509453726886,0.8816848564181683
25893,LOF,0.25891652437764373,0.020229546553125654,0.7208539290692307
25894,LOF,0.18252222011580352,0.010510414091401611,0.8069673657927948
25895,LOF,0.21950404794697148,0.019597673777252102,0.7608982782757765
25896,LOF,0.052855889245833246,0.02184518950920021,0.9252989212449666
25897,LOF,0.26461524859259317,0.011575039233583858,0.723809712173823
25898,Neutral,0.7166911698468309,0.009337906816293625,0.27397092333687556
25899,LOF,0.19952275929807006,0.01996783446092083,0.7805094062410092
25900,LOF,0.449443532330859,0.014943666292272473,0.5356128013768686
25901,LOF,0.0490198224835645,0.0113073194126454,0.93967285810379
25902,LOF,0.1713175380901953,0.011664908077499512,0.8170175538323052
25903,Neutral,0.567468666998461,0.02823700631878753,0.4042943266827515
25904,LOF,0.29320660526318437,0.046807431890713305,0.6599859628461022
25905,LOF,0.024290883892352393,0.3247292336775206,0.6509798824301269
25906,LOF,0.03260084840155149,0.06882526756998843,0.8985738840284602
25907,LOF,0.014765499168100944,0.3380964541922837,0.6471380466396154
25908,LOF,0.009620432062923494,0.254928776279607,0.7354507916574695
25909,LOF,0.013617838304315377,0.1144017818445581,0.8719803798511265
25910,LOF,0.05046070002584426,0.13519737986222014,0.8143419201119356
25911,LOF,0.17550145029402062,0.01929898588215685,0.8051995638238225
25912,LOF,0.051675125053523056,0.03972845005448096,0.908596424891996
25913,LOF,0.30064993542652724,0.01869544310578455,0.6806546214676881
25914,LOF,0.020538185579832065,0.06957290762399063,0.9098889067961773
25915,Neutral,0.5737676791984291,0.18536010543290102,0.24087221536866996
25916,LOF,0.08489047238892855,0.2590554975822995,0.656054030028772
25917,LOF,0.05948821979000925,0.05115757310919224,0.8893542071007986
25918,LOF,0.02453825558250421,0.04368323048656436,0.9317785139309314
25919,LOF,0.02159854635238884,0.04883079927660592,0.9295706543710052
25920,GOF,0.1169194858917876,0.533491775688194,0.3495887384200184
25921,LOF,0.024662552128240346,0.025291408201966716,0.9500460396697931
25922,LOF,0.03407377321102732,0.01845099037295359,0.9474752364160192
25923,LOF,0.43763935290770656,0.02255164110328511,0.5398090059890083
25924,LOF,0.03581054222637871,0.0336961474462051,0.9304933103274161
25925,LOF,0.06854086590054495,0.028543405022560194,0.9029157290768948
25926,LOF,0.049558526822893606,0.02400398319813967,0.9264374899789666
25927,LOF,0.055065859007428164,0.09380628978254613,0.8511278512100257
25928,LOF,0.017980106364033202,0.03792246582544744,0.9440974278105194
25929,Neutral,0.53540972231833,0.024948959563553797,0.43964131811811624
25930,LOF,0.05276385781859883,0.021085026409410672,0.9261511157719905
25931,LOF,0.025200932818208552,0.022676659018738908,0.9521224081630525
25932,LOF,0.02689687759392139,0.01769920840476089,0.9554039140013176
25933,LOF,0.03862004235443031,0.012529228603243845,0.9488507290423258
25934,LOF,0.02575188914313162,0.015158368307841124,0.9590897425490272
25935,LOF,0.05723013973377475,0.036081950206162304,0.906687910060063
25936,LOF,0.04623357091869076,0.016719132375087126,0.9370472967062222
25937,LOF,0.024914123198586532,0.028030489518212656,0.9470553872832009
25938,LOF,0.0615576171612071,0.03841289371092706,0.900029489127866
25939,LOF,0.043968835030127267,0.013720834352227653,0.9423103306176451
25940,LOF,0.030495166218357073,0.40872470932336313,0.5607801244582797
25941,LOF,0.1590038845644125,0.11963993880942263,0.721356176626165
25942,LOF,0.014595979373857579,0.034519049473660496,0.9508849711524819
25943,LOF,0.3009860374667125,0.058136884695766465,0.640877077837521
25944,LOF,0.4798090141299576,0.024873982624488162,0.4953170032455542
25945,LOF,0.07016378769986589,0.021099367251285018,0.9087368450488492
25946,LOF,0.03113742990569593,0.10305328689439447,0.8658092831999096
25947,LOF,0.1017338853890058,0.2388161924557072,0.659449922155287
25948,LOF,0.4169028874497626,0.008075379734395706,0.5750217328158418
25949,LOF,0.1283352768303287,0.02824800283446434,0.8434167203352069
25950,GOF,0.29024170770676055,0.36953868082713087,0.34021961146610846
25951,LOF,0.21817560480274678,0.23186100803807264,0.5499633871591805
25952,LOF,0.04280021016338013,0.4533679235960061,0.5038318662406137
25953,LOF,0.14572389985448242,0.09887448152704312,0.7554016186184744
25954,Neutral,0.4368438521743514,0.17165499308824708,0.3915011547374015
25955,LOF,0.05269186789763256,0.08215333980891085,0.8651547922934566
25956,LOF,0.16899146414463173,0.10133886712215928,0.729669668733209
25957,LOF,0.040278986522238734,0.027033973223680043,0.9326870402540811
25958,LOF,0.06313143102816049,0.029799317105548933,0.9070692518662906
25959,LOF,0.07484235313426146,0.334494704626999,0.5906629422387396
25960,LOF,0.016521037694316308,0.05477339934934116,0.9287055629563425
25961,LOF,0.052603003492425165,0.03246116819194689,0.9149358283156279
25962,LOF,0.059388195360371585,0.028093080872216476,0.9125187237674119
25963,LOF,0.05024090417289521,0.1942765470557243,0.7554825487713804
25964,LOF,0.0365651820231513,0.15192850141780892,0.8115063165590397
25965,Neutral,0.47424937392232275,0.07868750037602822,0.447063125701649
25966,Neutral,0.5351760014104485,0.16712971550136538,0.297694283088186
25967,LOF,0.01799168335668744,0.10417837801900685,0.8778299386243058
25968,LOF,0.029395618948609915,0.43986770811843406,0.530736672932956
25969,LOF,0.02670679172345617,0.06636687218062093,0.9069263360959229
25970,LOF,0.0642189107477768,0.06156094100727962,0.8742201482449437
25971,LOF,0.07063797327023555,0.017964731666509928,0.9113972950632546
25972,LOF,0.07123953022373847,0.02507200424905785,0.9036884655272037
25973,LOF,0.07611325772674209,0.008895203321024515,0.9149915389522334
25974,LOF,0.2000583344483589,0.016191881402980987,0.78374978414866
25975,LOF,0.04465864351573738,0.026549398583379905,0.9287919579008828
25976,LOF,0.0395110372922663,0.015806901880221408,0.9446820608275123
25977,LOF,0.15114096286442905,0.10173185290550098,0.74712718423007
25978,LOF,0.1364137385735368,0.06669190218008691,0.7968943592463763
25979,LOF,0.12600575712705217,0.06737756194862904,0.8066166809243187
25980,LOF,0.20240026494493987,0.08053561758697593,0.7170641174680841
25981,LOF,0.2310593947402065,0.07928711180950349,0.68965349345029
25982,LOF,0.38061946527954554,0.05374198374386637,0.565638550976588
25983,LOF,0.3667410130781646,0.059362066070843406,0.573896920850992
25984,LOF,0.05372137823936007,0.046939483013354356,0.8993391387472857
25985,LOF,0.03350481560098502,0.25925305729674275,0.7072421271022722
25986,LOF,0.04161682548779764,0.2977874303988232,0.6605957441133792
25987,LOF,0.07708551645768338,0.06119894213080198,0.8617155414115147
25988,LOF,0.14807678635541152,0.05621951778104088,0.7957036958635477
25989,LOF,0.028606596120226584,0.10742794199293643,0.863965461886837
25990,LOF,0.03784561710829321,0.1259201626349683,0.8362342202567385
25991,LOF,0.11756767208427578,0.32663421509063284,0.5557981128250914
25992,LOF,0.2606049425707876,0.1923264748053789,0.5470685826238335
25993,LOF,0.02279037802970292,0.08457757719054468,0.8926320447797523
25994,LOF,0.016278626487590278,0.11953331225959563,0.8641880612528142
25995,LOF,0.02332790568398379,0.2341873776153072,0.7424847167007089
25996,GOF,0.31601990028224075,0.486937763859114,0.19704233585864528
25997,GOF,0.07241079882499873,0.47650877395213104,0.4510804272228703
25998,Neutral,0.5436252817925621,0.021257437789828883,0.43511728041760894
25999,LOF,0.11162107942363976,0.10636342467356805,0.7820154959027921
26000,LOF,0.1396912172006337,0.053307998673103534,0.8070007841262627
26001,LOF,0.18327723600617887,0.05321798536052684,0.7635047786332942
26002,LOF,0.1485648988902889,0.04459632266077147,0.8068387784489396
26003,GOF,0.010280148796429984,0.5850795967165597,0.40464025448701035
26004,GOF,0.017042464431195923,0.6521708033021372,0.33078673226666694
26005,LOF,0.006839959578445749,0.4620831502363582,0.531076890185196
26006,Neutral,0.501643839667107,0.26246321788080124,0.23589294245209175
26007,GOF,0.01975336632353979,0.5271498003355666,0.4530968333408937
26008,GOF,0.015014599367267966,0.6160807581763811,0.3689046424563508
26009,GOF,0.019337872250706496,0.6865841029955116,0.29407802475378186
26010,GOF,0.019660379542874553,0.6618668268367444,0.318472793620381
26011,LOF,0.006172157547044682,0.45916713848154467,0.5346607039714106
26012,GOF,0.012016295579489597,0.5605060707176758,0.42747763370283465
26013,GOF,0.017407297205922524,0.6110479394256446,0.37154476336843295
26014,LOF,0.046420704102382034,0.10145049668927977,0.8521287992083381
26015,LOF,0.17912879125290274,0.009593281130570194,0.8112779276165271
26016,LOF,0.21359600946813828,0.05907189455004041,0.7273320959818214
26017,LOF,0.23534133279156583,0.09434502978779986,0.6703136374206342
26018,LOF,0.09155774094223298,0.027297138805209915,0.8811451202525572
26019,LOF,0.08717932949674176,0.02140735950632597,0.8914133109969322
26020,LOF,0.06903974986395267,0.10841739414153333,0.822542855994514
26021,LOF,0.04834577051017258,0.123338167935037,0.8283160615547904
26022,LOF,0.011807648394938615,0.03445457968860104,0.9537377719164604
26023,LOF,0.10407696774733309,0.01907587133194721,0.8768471609207197
26024,LOF,0.033495754130867625,0.12480035563769816,0.8417038902314341
26025,LOF,0.16353413881927248,0.09779770338533514,0.7386681577953925
26026,LOF,0.33310414956289147,0.02681396625750323,0.6400818841796053
26027,LOF,0.08169101548661836,0.014322941019834978,0.9039860434935466
26028,LOF,0.16171911678239345,0.06822837687195847,0.7700525063456481
26029,LOF,0.0728756421198756,0.20328258811473698,0.7238417697653875
26030,LOF,0.02433769483329648,0.06239296765696483,0.9132693375097388
26031,LOF,0.028150176704182097,0.16374994838589557,0.8080998749099224
26032,LOF,0.06867914123711193,0.0731068390097694,0.8582140197531186
26033,LOF,0.11784749289280809,0.09461615278943263,0.7875363543177593
26034,LOF,0.04641501013733432,0.18951851286925828,0.7640664769934075
26035,LOF,0.028582524279900278,0.17075517152112318,0.8006623041989767
26036,LOF,0.04050350495714637,0.2023867522587861,0.7571097427840675
26037,LOF,0.023346788120061763,0.13990916413708127,0.836744047742857
26038,LOF,0.06347729064069642,0.07595357158229672,0.8605691377770068
26039,LOF,0.05437779636605285,0.16894014230787338,0.7766820613260738
26040,LOF,0.19980400890847416,0.1355589844725406,0.6646370066189853
26041,LOF,0.023044267529188048,0.12300554997243184,0.8539501824983802
26042,LOF,0.021899161655047763,0.1167788500743873,0.8613219882705649
26043,LOF,0.06347474185418106,0.08533012514155609,0.8511951330042629
26044,LOF,0.02092506425787519,0.0759959688270384,0.9030789669150864
26045,LOF,0.07495795323768192,0.10988592121112584,0.8151561255511922
26046,LOF,0.06478671764157364,0.08425903357672294,0.8509542487817034
26047,LOF,0.0863105889419326,0.09403400959279226,0.8196554014652752
26048,LOF,0.04826416810622022,0.04325276266035863,0.908483069233421
26049,Neutral,0.9625641498621413,0.007871177953072945,0.02956467218478571
26050,Neutral,0.9463252698206758,0.010418051108977148,0.04325667907034714
26051,LOF,0.0491803022100733,0.2792685630393044,0.6715511347506222
26052,LOF,0.06931051903791101,0.32711316533641904,0.6035763156256699
26053,LOF,0.06132826645965451,0.11243293823910652,0.826238795301239
26054,LOF,0.05540613892162561,0.016852129180296774,0.9277417318980776
26055,LOF,0.07144613376801638,0.014442823086616464,0.9141110431453672
26056,LOF,0.06214289588712583,0.016630681489070213,0.9212264226238039
26057,LOF,0.02790566873610827,0.011852597366638292,0.9602417338972533
26058,LOF,0.02891528325205597,0.009697579086798974,0.961387137661145
26059,LOF,0.29970569154683463,0.022827624725488313,0.6774666837276769
26060,LOF,0.0356748700327716,0.192538679925683,0.7717864500415454
26061,LOF,0.01784882245637208,0.010794541148929082,0.9713566363946989
26062,LOF,0.010602700493051344,0.01682842624108107,0.9725688732658677
26063,LOF,0.022591186121502956,0.011643492849523356,0.9657653210289738
26064,LOF,0.023625505112979468,0.020379363292361483,0.955995131594659
26065,LOF,0.024493835768214862,0.011168448272471636,0.9643377159593136
26066,LOF,0.02072178954145282,0.011063795858403976,0.9682144146001432
26067,LOF,0.028512801446580516,0.009010715885048036,0.9624764826683715
26068,LOF,0.044156626912816355,0.027645076133576807,0.9281982969536068
26069,LOF,0.2518839145295846,0.01916765906924822,0.7289484264011671
26070,LOF,0.370809017404178,0.016403109056108253,0.6127878735397138
26071,LOF,0.02480187608677871,0.012924663603746238,0.962273460309475
26072,LOF,0.02347246605266488,0.015451625851595392,0.9610759080957397
26073,LOF,0.023430742301627942,0.01076024659692282,0.9658090111014492
26074,Neutral,0.8933536407928958,0.00539575398780524,0.10125060521929892
26075,LOF,0.04350541865584509,0.013471380539941215,0.9430232008042138
26076,LOF,0.04610834964523215,0.009635298762370485,0.9442563515923974
26077,LOF,0.010298691560068617,0.016154295870198773,0.9735470125697325
26078,LOF,0.013010698037261452,0.010896533767227741,0.9760927681955109
26079,LOF,0.05813491564391157,0.016093311421570153,0.9257717729345182
26080,LOF,0.056975542414836405,0.01613575697121188,0.9268887006139517
26081,LOF,0.03691348995680568,0.006565183287239396,0.9565213267559549
26082,LOF,0.012977002504183455,0.016708411361119193,0.9703145861346973
26083,LOF,0.13046954060641344,0.012904454931848141,0.8566260044617384
26084,LOF,0.02716943807083133,0.012225554023708148,0.9606050079054606
26085,LOF,0.02311228936312323,0.011691621063465297,0.9651960895734114
26086,LOF,0.022953393620630293,0.011480097136649629,0.9655665092427201
26087,LOF,0.02726516764840981,0.0077983801687142515,0.9649364521828758
26088,LOF,0.014245774555227443,0.023076657072229816,0.9626775683725428
26089,LOF,0.04351258131837576,0.021068257387170185,0.935419161294454
26090,LOF,0.042851285429775426,0.017591645440638126,0.9395570691295865
26091,LOF,0.03837094612938656,0.006165693492972236,0.9554633603776412
26092,LOF,0.026678743533094303,0.008191494917161276,0.9651297615497444
26093,LOF,0.04018118179428619,0.006061383023786559,0.9537574351819271
26094,LOF,0.03981871256125169,0.006866769252546689,0.9533145181862016
26095,LOF,0.0388334908423617,0.014196603212738622,0.9469699059448997
26096,LOF,0.01694352992896976,0.012489788599212412,0.9705666814718179
26097,LOF,0.012150930515108958,0.03398477772987572,0.9538642917550153
26098,LOF,0.07204931280025689,0.010120997095802574,0.9178296901039407
26099,LOF,0.024033635818894294,0.01283038512789793,0.9631359790532077
26100,LOF,0.02705164920959786,0.012167958978202777,0.9607803918121993
26101,LOF,0.05535412463717,0.015597267940210173,0.9290486074226199
26102,LOF,0.024026317272711376,0.013085336059062778,0.9628883466682259
26103,Neutral,0.8877075891325652,0.018238025148938897,0.09405438571849604
26104,LOF,0.07956959695153484,0.024005564716969772,0.8964248383314954
26105,LOF,0.20725274568089724,0.3204820398672209,0.47226521445188185
26106,LOF,0.20532095355557806,0.13313938133835485,0.6615396651060671
26107,LOF,0.22965295650640055,0.09101634967144961,0.6793306938221498
26108,LOF,0.27155361535911715,0.11476694650052757,0.6136794381403553
26109,LOF,0.09649222530682675,0.05739423119973996,0.8461135434934333
26110,LOF,0.2608541289760753,0.008691896554895722,0.730453974469029
26111,Neutral,0.5096848330976536,0.023338318874722912,0.46697684802762346
26112,LOF,0.035189095893829854,0.009216790151718592,0.9555941139544516
26113,LOF,0.055324196005934995,0.019019280491499067,0.925656523502566
26114,LOF,0.027282624754503625,0.028339767548291088,0.9443776076972054
26115,LOF,0.09177642378363506,0.05380067295780311,0.8544229032585618
26116,LOF,0.06741250769960495,0.058202758030812575,0.8743847342695824
26117,LOF,0.44134539817130775,0.03953686184710949,0.5191177399815827
26118,LOF,0.03737539980649931,0.0241846272533641,0.9384399729401366
26119,LOF,0.021592817272276677,0.034731295880970424,0.9436758868467529
26120,LOF,0.0288431104203749,0.021992734034735825,0.9491641555448893
26121,LOF,0.0370961240779086,0.08025825901033762,0.8826456169117538
