feature0,prediction,LoGoFunc_Neutral,LoGoFunc_GOF,LoGoFunc_LOF
25546,Neutral,0.6132106898596358,0.06179400237885148,0.32499530776151275
25547,Neutral,0.47398867783296833,0.0952320347862992,0.43077928738073257
25548,Neutral,0.490287834445697,0.08003128545581382,0.4296808800984892
25549,LOF,0.42751421414221163,0.07933056920551969,0.49315521665226875
25550,LOF,0.356943802039987,0.11674592776182573,0.5263102701981872
25551,LOF,0.31648468534147906,0.12437071253019824,0.5591446021283227
25552,LOF,0.27237146284404323,0.12178649521021807,0.6058420419457387
25553,Neutral,0.8008037175512489,0.04953051450217274,0.1496657679465784
25554,LOF,0.31159220272478183,0.11015003022275724,0.5782577670524608
25555,LOF,0.26399088542978,0.10612266402123369,0.6298864505489863
25556,Neutral,0.462920053712086,0.09107309338084206,0.4460068529070719
25557,LOF,0.2534066229967607,0.11245399569030523,0.634139381312934
25558,LOF,0.31821787738825014,0.10872378472009168,0.5730583378916582
25559,LOF,0.274622028826799,0.1570521955348648,0.5683257756383362
25560,LOF,0.16343763944684012,0.11008754554018219,0.7264748150129776
25561,LOF,0.15339424298651855,0.12915157536348074,0.7174541816500009
25562,LOF,0.07161693130935651,0.07599811341565256,0.8523849552749909
25563,LOF,0.024927042874861027,0.14924200695571893,0.82583095016942
25564,LOF,0.2227438392798266,0.11445392580723762,0.6628022349129358
25565,LOF,0.20878743593212165,0.14911488378162552,0.6420976802862528
25566,GOF,0.09633858002484717,0.6890035997721359,0.21465782020301685
25567,LOF,0.039720627685715514,0.13828595347021844,0.8219934188440661
25568,LOF,0.06416879865744962,0.07449491094327858,0.8613362903992718
25569,LOF,0.05891713939352005,0.07612549500386151,0.8649573656026184
25570,LOF,0.028966914715056472,0.10889083457050955,0.862142250714434
25571,LOF,0.027735837268459743,0.11007462421332252,0.8621895385182178
25572,LOF,0.05782108435785732,0.13019429781018438,0.8119846178319583
25573,LOF,0.059136756072731916,0.09787027885542694,0.8429929650718412
25574,LOF,0.06058435261236517,0.19652261736786852,0.7428930300197664
25575,LOF,0.02343509519326906,0.12182381138288226,0.8547410934238486
25576,LOF,0.02868695254462804,0.1614531642436843,0.8098598832116876
25577,LOF,0.03204746641008542,0.1343343180083635,0.8336182155815511
25578,LOF,0.3010407751205298,0.08421437905532457,0.6147448458241457
25579,LOF,0.13136204602087553,0.09170811364721534,0.776929840331909
25580,LOF,0.02142069358684723,0.08359212934940644,0.8949871770637463
25581,LOF,0.056914708761938645,0.06846093273598336,0.874624358502078
25582,LOF,0.05699682237426308,0.06719637103142827,0.8758068065943085
25583,LOF,0.023067959095741566,0.07918113001758381,0.8977509108866746
25584,Neutral,0.6951516829805269,0.10425512294289424,0.2005931940765789
25585,LOF,0.026852951694020435,0.1372982434741697,0.8358488048318099
25586,LOF,0.01824127974785524,0.07343149960946015,0.9083272206426847
25587,LOF,0.01789856258473657,0.06487954689706538,0.9172218905181981
25588,LOF,0.02265558311215351,0.06785404149727312,0.9094903753905733
25589,Neutral,0.532049600512953,0.18961270962945395,0.27833768985759294
25590,LOF,0.04675934274224468,0.12083830121373229,0.832402356044023
25591,LOF,0.0981761235943406,0.060205314367216524,0.8416185620384429
25592,LOF,0.05282899676402854,0.1418237652845814,0.8053472379513901
25593,LOF,0.14251165316080844,0.24579962559013263,0.6116887212490589
25594,LOF,0.051231347921295765,0.11963346779242935,0.8291351842862748
25595,LOF,0.04897905700812849,0.08605931055198912,0.8649616324398823
25596,LOF,0.10930694053250467,0.044670555834438644,0.8460225036330568
25597,LOF,0.08935480339976175,0.053411891637969,0.8572333049622693
25598,LOF,0.053030882684031486,0.08542335466109169,0.8615457626548769
25599,GOF,0.023807950612225324,0.4922787710115584,0.48391327837621617
25600,GOF,0.1761675610610497,0.4951536161266771,0.32867882281227306
25601,LOF,0.04493660365476544,0.41709749958839654,0.537965896756838
25602,LOF,0.03294914508018739,0.06104148952741862,0.906009365392394
25603,LOF,0.03364048961513074,0.03349386180562468,0.9328656485792445
25604,LOF,0.03176480761779469,0.07661662677734943,0.8916185656048559
25605,LOF,0.03447018247133474,0.20346394591328884,0.7620658716153764
25606,LOF,0.4169801600185037,0.1190161879535931,0.46400365202790306
25607,LOF,0.02426576356679765,0.18836774563408099,0.7873664907991215
25608,LOF,0.031796145726692336,0.06581503310579685,0.9023888211675108
25609,GOF,0.15258010566804867,0.5152528842297839,0.3321670101021675
25610,LOF,0.016601157051688176,0.030316160236756286,0.9530826827115555
25611,LOF,0.014090239711150457,0.034487983309157096,0.9514217769796925
25612,LOF,0.04817810184656648,0.05008874184019883,0.9017331563132347
25613,LOF,0.04538426216868186,0.04922890366700091,0.9053868341643171
25614,LOF,0.022088890686278024,0.028225791581840947,0.9496853177318811
25615,LOF,0.04209604651347657,0.04972656636641303,0.9081773871201104
25616,LOF,0.049868314570215594,0.031347070989303456,0.9187846144404809
25617,LOF,0.04224468537249967,0.04222262226461009,0.9155326923628903
25618,LOF,0.04380628581438945,0.03982456840446255,0.916369145781148
25619,LOF,0.01317824017056719,0.036738392945141585,0.9500833668842912
25620,LOF,0.06320620773741191,0.049275339206072515,0.8875184530565156
25621,LOF,0.053834700753941804,0.04000518384987672,0.9061601153961815
25622,LOF,0.059777502456873445,0.03741965647563399,0.9028028410674925
25623,LOF,0.07196396729596363,0.03087350919151388,0.8971625235125225
25624,LOF,0.0185905745520494,0.038062567179680436,0.9433468582682701
25625,LOF,0.060960003514315665,0.04621386533769719,0.892826131147987
25626,LOF,0.04823670605278216,0.04610873970211006,0.9056545542451078
25627,Neutral,0.8949865404535989,0.01873964111455773,0.0862738184318432
25628,LOF,0.1338445604898167,0.05719308195105405,0.8089623575591293
25629,LOF,0.06403701783994577,0.04223255792465112,0.8937304242354032
25630,LOF,0.29321221395449243,0.07278682478627896,0.6340009612592286
25631,Neutral,0.5614335981332473,0.05828746121444765,0.3802789406523051
25632,LOF,0.026340909229178908,0.06641406557348627,0.907245025197335
25633,LOF,0.15772555532942226,0.03984883166073479,0.8024256130098429
25634,LOF,0.03318758631044604,0.08517176343543853,0.8816406502541154
25635,LOF,0.03522888576172853,0.04435042227539057,0.9204206919628809
25636,LOF,0.03488107806668462,0.420561566281484,0.5445573556518314
25637,LOF,0.07702315926164646,0.4257392445248874,0.497237596213466
25638,LOF,0.02993234051424431,0.3188358507741275,0.6512318087116281
25639,LOF,0.031303282893645715,0.352030945981418,0.6166657711249363
25640,Neutral,0.8013744692177058,0.15853534003843606,0.04009019074385802
25641,GOF,0.06280982922345255,0.4812619882777711,0.45592818249877626
25642,LOF,0.04297148851281798,0.17394317673848594,0.7830853347486961
25643,LOF,0.17975045486789867,0.14913082660567106,0.6711187185264302
25644,LOF,0.02175976811424823,0.42484729037669106,0.5533929415090607
25645,LOF,0.02529383925823818,0.368321597633854,0.6063845631079078
25646,LOF,0.05570654170378769,0.30275901132006466,0.6415344469761476
25647,LOF,0.025673884539982636,0.24987414299674043,0.7244519724632769
25648,LOF,0.03528361793838328,0.2297532624033161,0.7349631196583006
25649,LOF,0.018120654872785986,0.22362600543109842,0.7582533396961156
25650,LOF,0.05194250195401291,0.3878935884857877,0.5601639095601993
25651,LOF,0.017923067989397485,0.26168250905974494,0.7203944229508576
25652,LOF,0.03674541177359888,0.24846027490055556,0.7147943133258455
25653,LOF,0.09533190211918159,0.37996963074589774,0.5246984671349207
25654,LOF,0.027388614109660328,0.2211905229479383,0.7514208629424013
25655,LOF,0.21043489159545928,0.36500455966613593,0.4245605487384049
25656,LOF,0.3342115914544803,0.05392120898619892,0.6118671995593208
25657,LOF,0.060895893009291185,0.059817907462773566,0.8792861995279353
25658,LOF,0.3285855536569644,0.060770315358869634,0.610644130984166
25659,Neutral,0.5093272392058452,0.08334370272318362,0.40732905807097125
25660,LOF,0.021146236046618166,0.07860588544057895,0.9002478785128029
25661,LOF,0.09448825544311773,0.058569646660804754,0.8469420978960776
25662,LOF,0.03353300521835673,0.03319566413563356,0.9332713306460098
25663,LOF,0.046950263676928,0.0430732692113693,0.9099764671117028
25664,LOF,0.14158942445806996,0.0639364121662004,0.7944741633757296
25665,LOF,0.05417383757000167,0.028653878220558857,0.9171722842094395
25666,LOF,0.08857888395765987,0.07114572056271216,0.840275395479628
25667,LOF,0.07226363026906805,0.036219844374137035,0.8915165253567948
25668,LOF,0.038693569586403576,0.045820198515656996,0.9154862318979395
25669,LOF,0.03408902477782346,0.048085983517518145,0.9178249917046585
25670,LOF,0.15072698722254524,0.05734589597230375,0.7919271168051512
25671,LOF,0.11281159832822367,0.03213919429422108,0.8550492073775553
25672,LOF,0.05178386529123005,0.04183347958512375,0.9063826551236462
25673,LOF,0.0788971875162762,0.0472545055011287,0.8738483069825951
25674,LOF,0.06867964600018199,0.05819102938774512,0.8731293246120729
25675,LOF,0.11089144198566721,0.05401536522471007,0.8350931927896227
25676,LOF,0.020010132366158243,0.0498839631442179,0.9301059044896239
25677,LOF,0.026737857275930907,0.07077039815929742,0.9024917445647717
25678,LOF,0.20186173714264277,0.06464095200738183,0.7334973108499754
25679,LOF,0.12586813825425622,0.08461493955345649,0.7895169221922873
25680,LOF,0.031595843508226744,0.1229165467935792,0.845487609698194
25681,LOF,0.05013239689354596,0.11430718803751858,0.8355604150689354
25682,LOF,0.14564873157475036,0.07628208197284524,0.7780691864524044
25683,LOF,0.12013475143332902,0.09552083675508244,0.7843444118115884
25684,LOF,0.04500287901318672,0.07587832635995924,0.879118794626854
25685,LOF,0.14095274772793115,0.052407848100337905,0.8066394041717309
25686,LOF,0.07859664772723625,0.08818992883048998,0.8332134234422737
25687,LOF,0.12080652069129089,0.08899796429872531,0.7901955150099838
25688,LOF,0.317097400725963,0.03178538384885986,0.6511172154251771
25689,LOF,0.232476087909205,0.03415390823330344,0.7333700038574916
25690,LOF,0.3168517634527764,0.027732055119617433,0.6554161814276062
25691,Neutral,0.68243687955647,0.02242148241674909,0.29514163802678084
25692,LOF,0.3578572288319962,0.008846600706693856,0.6332961704613098
25693,LOF,0.045968070785850565,0.43573827078112737,0.5182936584330221
25694,LOF,0.1135400033096651,0.01518508631949755,0.8712749103708374
25695,LOF,0.11500748848896916,0.014522629247207203,0.8704698822638237
25696,LOF,0.11788827435154237,0.008550598418381804,0.8735611272300758
25697,LOF,0.08628394394938702,0.03083548207313291,0.8828805739774801
25698,LOF,0.3280985986287258,0.1832874170008101,0.488613984370464
25699,LOF,0.4316805068729919,0.03239294203894596,0.5359265510880622
25700,LOF,0.06806631600775545,0.00840171840977484,0.9235319655824697
25701,LOF,0.1325951410650923,0.04520097356870069,0.8222038853662069
25702,GOF,0.18358928911513908,0.5487640118770245,0.26764669900783633
25703,LOF,0.015586541523637094,0.1732291891061366,0.8111842693702263
25704,LOF,0.04484601075762576,0.10923053108417952,0.8459234581581948
25705,LOF,0.04817113323418105,0.16358233857260676,0.7882465281932123
25706,LOF,0.09142225210640377,0.42778421135213596,0.4807935365414601
25707,LOF,0.08955477597209824,0.3459714643917707,0.564473759636131
25708,LOF,0.034147461560536704,0.2983110452971415,0.6675414931423218
25709,LOF,0.06888608485785444,0.04500487298127844,0.8861090421608672
25710,LOF,0.011569194538355247,0.15921970138392577,0.8292111040777189
25711,LOF,0.01969045833690613,0.10746228689965732,0.8728472547634365
25712,LOF,0.013021797231133872,0.19506196912406745,0.7919162336447987
25713,LOF,0.01931822208047214,0.09319201090690081,0.887489767012627
25714,LOF,0.07265417877339125,0.09866724883382226,0.8286785723927864
25715,LOF,0.011539955931318192,0.16295669520065684,0.8255033488680249
25716,LOF,0.01316516496360424,0.13961168349506894,0.8472231515413268
25717,LOF,0.011589499632861131,0.0884792776618924,0.8999312227052465
25718,LOF,0.01273475443952321,0.11314799532149128,0.8741172502389855
25719,LOF,0.018897891203169814,0.08737529721556543,0.8937268115812648
25720,LOF,0.02352636123271129,0.07775638981735945,0.8987172489499293
25721,LOF,0.015737667488857174,0.13154011007462993,0.852722222436513
25722,LOF,0.01467737119352994,0.1475661105567659,0.8377565182497042
25723,LOF,0.02377672767687469,0.046174302351490504,0.9300489699716349
25724,LOF,0.03359158276213742,0.09769584172966787,0.8687125755081948
25725,LOF,0.012104552429941056,0.07528381252066482,0.9126116350493941
25726,LOF,0.016803249531969246,0.11540031584055116,0.8677964346274796
25727,LOF,0.013956572236886143,0.08451902291363478,0.901524404849479
25728,LOF,0.010121636265563148,0.14145305624515483,0.8484253074892819
25729,LOF,0.010416325804123109,0.13483605336233884,0.8547476208335381
25730,LOF,0.01477159201646786,0.09846611607697196,0.8867622919065602
25731,LOF,0.02023849480804029,0.12281051586100217,0.8569509893309576
25732,LOF,0.01573365461777636,0.09340632721832853,0.890860018163895
25733,LOF,0.016948057044466107,0.0816273291310381,0.9014246138244958
25734,LOF,0.011228426128005285,0.1388189270110915,0.8499526468609032
25735,LOF,0.014474339644520166,0.0965139850806045,0.8890116752748752
25736,LOF,0.015677909074862096,0.118215196433853,0.8661068944912849
25737,LOF,0.012716385885463867,0.08569911792757733,0.9015844961869587
25738,LOF,0.01289728856227998,0.12099077887260896,0.866111932565111
25739,LOF,0.020608685584628385,0.08864742038642605,0.8907438940289455
25740,LOF,0.027164492209607902,0.12335352475666626,0.8494819830337259
25741,LOF,0.01517701793913934,0.1238441192752984,0.8609788627855622
25742,LOF,0.11791074597889277,0.09396400416269517,0.788125249858412
25743,LOF,0.03303795011994131,0.035265812846121285,0.9316962370339374
25744,Neutral,0.5772529664700867,0.17099383313432465,0.2517532003955887
25745,LOF,0.07112414221026872,0.06780053391779776,0.8610753238719336
25746,LOF,0.04230956106560763,0.07998323999309398,0.8777071989412984
25747,LOF,0.02302417262490725,0.0501946848403685,0.9267811425347243
25748,LOF,0.09410253213381953,0.06592774524974411,0.8399697226164363
25749,LOF,0.026753375835466164,0.08075696238108868,0.8924896617834451
25750,LOF,0.09021422470966503,0.08143380706425016,0.8283519682260847
25751,LOF,0.09065965805405413,0.07824958019659176,0.8310907617493541
25752,GOF,0.10278103209395398,0.6429660755760525,0.25425289232999376
25753,LOF,0.018362661042601147,0.2744485955381072,0.7071887434192917
25754,GOF,0.011623650115206843,0.7767713293904112,0.21160502049438212
25755,LOF,0.020520930277317884,0.40224652365382546,0.5772325460688567
25756,LOF,0.04190902335040135,0.384670123641429,0.5734208530081696
25757,GOF,0.01478519813079754,0.8394385117597335,0.14577629010946896
25758,GOF,0.027284384725380927,0.8017606226253127,0.17095499264930636
25759,GOF,0.010398871092870849,0.550730531957901,0.43887059694922825
25760,LOF,0.011578945152651713,0.2448001138784206,0.7436209409689277
25761,GOF,0.28028695492165756,0.6293412928580795,0.09037175222026292
25762,LOF,0.035355446846046246,0.2668803322984394,0.6977642208555143
25763,LOF,0.012768835584306134,0.19578502683919008,0.7914461375765037
25764,GOF,0.07439738814002077,0.6152571434716155,0.3103454683883637
25765,GOF,0.03626793011754926,0.7493035689315212,0.2144285009509295
25766,GOF,0.07480075209862114,0.7425017323840293,0.18269751551734956
25767,GOF,0.15152402206402424,0.571166759050014,0.2773092188859617
25768,LOF,0.11184065801422234,0.0755147977578423,0.8126445442279354
25769,LOF,0.05575164190380278,0.05948466144718823,0.884763696649009
25770,LOF,0.306493056905915,0.08903450523195447,0.6044724378621305
25771,LOF,0.03872367216906099,0.046030737417538825,0.9152455904134003
25772,LOF,0.018358864999176508,0.03462380513095909,0.9470173298698644
25773,LOF,0.049668534970222625,0.08916873159365792,0.8611627334361196
25774,LOF,0.027732932182403518,0.06967546479936387,0.9025916030182326
25775,LOF,0.05001937305481373,0.04336384682900204,0.9066167801161843
25776,LOF,0.0714021109320539,0.022595147822058695,0.9060027412458874
25777,LOF,0.36122004079878417,0.04805440350557904,0.5907255556956368
25778,LOF,0.0734972794781126,0.04243966371435033,0.8840630568075369
25779,GOF,0.3886539699101613,0.5661939174794337,0.04515211261040504
25780,GOF,0.3000301976447847,0.6306227990140668,0.06934700334114847
25781,GOF,0.13988545106367894,0.7582220540976771,0.10189249483864388
25782,GOF,0.20314433166664425,0.7293967997158544,0.0674588686175014
25783,GOF,0.023691048352301115,0.6034618213448776,0.3728471303028212
25784,Neutral,0.508100985255121,0.4512473525537964,0.040651662191082585
25785,Neutral,0.48915788300037233,0.47494458823289226,0.03589752876673541
25786,GOF,0.03009665316834526,0.7455006848381788,0.22440266199347594
25787,Neutral,0.6381847217411025,0.3376571321567136,0.024158146102183847
25788,LOF,0.05812152133791864,0.1150472308036224,0.826831247858459
25789,GOF,0.21961038825965964,0.6345430752799011,0.1458465364604393
25790,GOF,0.22658023575625375,0.6629271723298846,0.11049259191386158
25791,GOF,0.17106683498040282,0.6676098158998817,0.1613233491197154
25792,GOF,0.3558627792005508,0.526745713794105,0.11739150700534422
25793,GOF,0.2651446042125203,0.5198378361046211,0.21501755968285868
25794,GOF,0.2900014926394638,0.5166427111585379,0.1933557962019984
25795,GOF,0.09268249932813517,0.6678695790458792,0.23944792162598563
25796,Neutral,0.5703715054189208,0.35026091150184807,0.07936758307923127
25797,GOF,0.0920796273651188,0.5233535173028978,0.38456685533198337
25798,LOF,0.009370142199384673,0.4882130788546473,0.5024167789459679
25799,LOF,0.007576830005306882,0.36069837655090187,0.6317247934437912
25800,GOF,0.03344787360901995,0.571988537168749,0.3945635892222311
25801,GOF,0.21822471960762282,0.6449871824571989,0.1367880979351783
25802,GOF,0.08418151672008077,0.6535307496197449,0.2622877336601744
25803,GOF,0.03587644578688226,0.5606606434570575,0.4034629107560604
25804,LOF,0.03217193795382267,0.46111609949651616,0.5067119625496612
25805,GOF,0.10082416255732161,0.5595965387902647,0.33957929865241376
25806,GOF,0.09834071065707391,0.5888454977841087,0.3128137915588174
25807,GOF,0.02086092240945832,0.5954524801355817,0.38368659745496
25808,GOF,0.08913584024979973,0.617323024600414,0.29354113514978625
25809,GOF,0.020660282474167787,0.5624647812460838,0.4168749362797485
25810,GOF,0.01952174143476842,0.6039304414642029,0.3765478171010285
25811,GOF,0.4530820213975641,0.4624969023382913,0.0844210762641444
25812,GOF,0.03387695413142238,0.6319852016975807,0.3341378441709969
25813,Neutral,0.5012788262540425,0.40124007259143235,0.09748110115452513
25814,GOF,0.11546789086232215,0.6415139942770318,0.2430181148606461
25815,GOF,0.18309923168341097,0.6293622990926309,0.18753846922395825
25816,GOF,0.02030929471472155,0.6751760857227234,0.3045146195625552
25817,GOF,0.21878341898370987,0.6454068884056838,0.13580969261060621
25818,GOF,0.05859167274268723,0.6251658294506005,0.3162424978067123
25819,GOF,0.3535696901620282,0.49572599713669935,0.15070431270127246
25820,GOF,0.18649029683439833,0.5875577596672453,0.22595194349835632
25821,GOF,0.06342438554008265,0.6508029606725982,0.2857726537873191
25822,GOF,0.21935844959920417,0.5521608951403671,0.22848065526042874
25823,GOF,0.038705512373307785,0.4846396601474124,0.47665482747927973
25824,GOF,0.09684001751148333,0.5695917037603954,0.3335682787281212
25825,GOF,0.04170826428871107,0.5640635785551681,0.39422815715612086
25826,GOF,0.016607399230963004,0.5440915261467354,0.43930107462230156
25827,GOF,0.025494097275385146,0.5825594183975414,0.39194648432707335
25828,LOF,0.014745689415466582,0.4883883154328423,0.49686599515169116
25829,GOF,0.006227553662159328,0.5654437975332672,0.4283286488045735
25830,LOF,0.0337323898733225,0.28529423775673896,0.6809733723699386
25831,GOF,0.22958070598190197,0.637146768175481,0.13327252584261703
25832,GOF,0.036545941885483886,0.6662943810917751,0.29715967702274115
25833,GOF,0.13225535360836138,0.6971312663892529,0.17061338000238582
25834,GOF,0.03936760734635207,0.6819495248402185,0.2786828678134294
25835,GOF,0.0844196126664141,0.7416429036238762,0.17393748370970963
25836,GOF,0.04053917734170277,0.6547723338103474,0.3046884888479498
25837,GOF,0.028632232731239,0.5512761875150853,0.42009157975367567
25838,GOF,0.09429630462807363,0.7596334246974127,0.1460702706745136
25839,GOF,0.3081403119946119,0.5459049724138714,0.14595471559151674
25840,GOF,0.24852198083448035,0.5862912274358277,0.165186791729692
25841,GOF,0.2475728748102302,0.6143526615417548,0.138074463648015
25842,GOF,0.17680905034110547,0.6922238629196863,0.1309670867392083
25843,GOF,0.23516719848273726,0.669646532470896,0.0951862690463668
25844,GOF,0.07268931855634138,0.7006534196160115,0.22665726182764714
25845,LOF,0.016958680534035268,0.4495687726567791,0.5334725468091857
25846,GOF,0.13981469738269345,0.7149142421250521,0.1452710604922545
25847,GOF,0.10812514072271374,0.7833940774791192,0.10848078179816714
25848,GOF,0.04116800266025853,0.6831674618464697,0.2756645354932718
25849,GOF,0.012494504740301013,0.5623840732849869,0.42512142197471214
25850,GOF,0.02379530031784613,0.6396863575787548,0.3365183421033991
25851,GOF,0.020703802695967454,0.5252263605345785,0.454069836769454
25852,GOF,0.17152405774282842,0.5485770742864362,0.2798988679707353
25853,GOF,0.355973800758151,0.569787340509851,0.07423885873199798
25854,GOF,0.02361843955687412,0.6160868692849935,0.3602946911581324
25855,GOF,0.03993917118928959,0.5513038212123734,0.40875700759833716
25856,GOF,0.23007328551177017,0.5509865452544581,0.21894016923377177
25857,GOF,0.037753123035228014,0.49118727872822227,0.4710595982365497
25858,GOF,0.020571447006972107,0.5019240189185432,0.4775045340744846
25859,LOF,0.010171631570145586,0.46971922349835243,0.520109144931502
25860,GOF,0.365138653802534,0.5491448241344019,0.08571652206306404
25861,GOF,0.4424355181445726,0.47994390267891934,0.07762057917650803
25862,GOF,0.08821607052579407,0.7697319067769278,0.1420520226972782
25863,GOF,0.08525221455811723,0.7543308365130809,0.16041694892880198
25864,GOF,0.19053019417546696,0.729493871747534,0.07997593407699899
25865,GOF,0.08755276288347082,0.7869996050342173,0.1254476320823119
25866,GOF,0.06037278043861651,0.7723088694165685,0.1673183501448151
25867,GOF,0.08379432406033087,0.8094580885350359,0.10674758740463326
25868,GOF,0.2660969710207436,0.6296222830939978,0.10428074588525862
25869,Neutral,0.6917201404975771,0.26965876108646275,0.03862109841596031
25870,GOF,0.307810263436851,0.35139051382265035,0.3407992227404986
25871,GOF,0.2472493919660455,0.5949739347288011,0.15777667330515338
25872,GOF,0.08178979194049824,0.6397628181749972,0.27844738988450457
25873,GOF,0.1393138858649416,0.6622750402291606,0.19841107390589782
25874,LOF,0.01737330374478996,0.1276097886761951,0.855016907579015
25875,LOF,0.08554416526755118,0.042229475040352016,0.8722263596920968
25876,LOF,0.03588144176360326,0.02755154435960428,0.9365670138767925
25877,LOF,0.47512870580494165,0.04713528674417505,0.47773600745088324
25878,LOF,0.20106620625984759,0.08574165591014678,0.7131921378300057
25879,LOF,0.09359633506524005,0.09284999625739396,0.8135536686773659
25880,LOF,0.02447803048647855,0.014478088271251079,0.9610438812422705
25881,LOF,0.16236965516347474,0.128678939346667,0.7089514054898584
25882,LOF,0.06667687938506878,0.01664390820899265,0.9166792124059386
25883,LOF,0.07668800619498574,0.02054978532922245,0.9027622084757917
25884,LOF,0.03265814935234739,0.029982938027212153,0.9373589126204406
25885,LOF,0.06114799980046836,0.013057172439856823,0.9257948277596747
25886,LOF,0.25969075261715163,0.038640164898396175,0.7016690824844521
25887,LOF,0.1561041037307076,0.06821719741876967,0.7756786988505227
25888,LOF,0.06906135059964685,0.061526710899892256,0.8694119385004608
25889,LOF,0.04127904869466797,0.021171446331721196,0.9375495049736109
25890,LOF,0.047566014318640035,0.14449116248078503,0.8079428232005749
25891,LOF,0.03991479523333188,0.05064547980664393,0.9094397249600241
25892,LOF,0.09404376617316862,0.02276064046668757,0.8831955933601439
25893,LOF,0.25044998438105975,0.023734775954941143,0.7258152396639992
25894,LOF,0.17810939608758816,0.01276022965455628,0.8091303742578555
25895,LOF,0.21214934488924414,0.021801126409859758,0.7660495287008962
25896,LOF,0.051320172540048614,0.02379358489762477,0.9248862425623268
25897,LOF,0.2668218642999992,0.013735902999705247,0.7194422327002956
25898,Neutral,0.7075664452086411,0.011015019012194325,0.2814185357791646
25899,LOF,0.21403128204426056,0.022900585737637223,0.7630681322181023
25900,LOF,0.4655128323289759,0.01566567379710908,0.518821493873915
25901,LOF,0.05017930345164081,0.013942909388501814,0.9358777871598574
25902,LOF,0.16667216669650012,0.014694385650259644,0.8186334476532402
25903,Neutral,0.590061714828296,0.032220494562036905,0.3777177906096672
25904,LOF,0.28186015289739785,0.054163479645142974,0.6639763674574592
25905,LOF,0.022861019342930194,0.34459501467899106,0.6325439659780787
25906,LOF,0.026526651143552016,0.08366085096204032,0.8898124978944078
25907,LOF,0.014040898508391537,0.3391756900110054,0.646783411480603
25908,LOF,0.009972259649859563,0.26314763665130375,0.7268801036988367
25909,LOF,0.013121674978646622,0.14545702523231802,0.8414212997890353
25910,LOF,0.04795213781672406,0.14331949911758834,0.8087283630656876
25911,LOF,0.1707137510193615,0.01771880041625668,0.8115674485643818
25912,LOF,0.04841002174370052,0.03900879412728014,0.9125811841290195
25913,LOF,0.29060119176291405,0.020498752007376792,0.6889000562297091
25914,LOF,0.02053039228696154,0.060913287095581074,0.9185563206174574
25915,Neutral,0.5416451270782482,0.18636298568265386,0.27199188723909795
25916,LOF,0.08369527492096535,0.23100614704642664,0.685298578032608
25917,LOF,0.06147933431752122,0.04908178124875148,0.8894388844337274
25918,LOF,0.024702487829883935,0.041225112770760575,0.9340723993993555
25919,LOF,0.021054673249712132,0.046754785930056386,0.9321905408202315
25920,GOF,0.10536984285873624,0.535130334165891,0.3594998229753729
25921,LOF,0.024298465942316938,0.03032133266515518,0.9453802013925279
25922,LOF,0.03464527224250615,0.02229145918107679,0.9430632685764171
25923,LOF,0.433884746875161,0.024352537806976004,0.5417627153178629
25924,LOF,0.03592108980081891,0.03745382090243617,0.926625089296745
25925,LOF,0.06773580029011218,0.03085947895224421,0.9014047207576436
25926,LOF,0.050492386402702365,0.025988041206577828,0.9235195723907198
25927,LOF,0.059038007216625145,0.10538854343356632,0.8355734493498086
25928,LOF,0.019010548967776736,0.038863614529355675,0.9421258365028675
25929,Neutral,0.5552095964994596,0.02693769647203328,0.4178527070285071
25930,LOF,0.05350401939533365,0.02331594904501357,0.9231800315596528
25931,LOF,0.025464167014982463,0.023289580331647033,0.9512462526533706
25932,LOF,0.0274407233310087,0.019621507228893276,0.952937769440098
25933,LOF,0.03791720857092013,0.013707602687361382,0.9483751887417186
25934,LOF,0.02578802479626365,0.016600738780337534,0.9576112364233988
25935,LOF,0.06304492455057648,0.03795812277362293,0.8989969526758005
25936,LOF,0.04660420617373848,0.017671442697777776,0.9357243511284838
25937,LOF,0.026196034011513804,0.028856994402898024,0.9449469715855882
25938,LOF,0.06622726223456488,0.037349753547256774,0.8964229842181783
25939,LOF,0.04488120094151779,0.014291386818353806,0.9408274122401284
25940,LOF,0.026389241556729517,0.3865988004271535,0.587011958016117
25941,LOF,0.16310376265716406,0.10611034020804855,0.7307858971347875
25942,LOF,0.014982807807033116,0.036023822127120596,0.9489933700658463
25943,LOF,0.30911210175880344,0.06058780099126995,0.6303000972499266
25944,Neutral,0.4926549020610358,0.02562714187111512,0.481717956067849
25945,LOF,0.05995931933007069,0.022443947603230527,0.9175967330666989
25946,LOF,0.02744907459159222,0.09753383259412976,0.8750170928142781
25947,LOF,0.10999440670216017,0.22017883963079393,0.6698267536670459
25948,LOF,0.41577743893090324,0.007983454828461998,0.5762391062406348
25949,LOF,0.11458846457540381,0.02849124410665618,0.85692029131794
25950,GOF,0.295124534806566,0.38851476582375344,0.3163606993696806
25951,LOF,0.22501940263678677,0.23944159595821593,0.5355390014049973
25952,LOF,0.04956658377995018,0.43712041636237214,0.5133129998576776
25953,LOF,0.1568804280220302,0.09919034722038257,0.7439292247575873
25954,Neutral,0.4570692078449027,0.16840649869962668,0.37452429345547067
25955,LOF,0.05383823167638793,0.08184045205777837,0.8643213162658338
25956,LOF,0.16180979233840836,0.10696353897135108,0.7312266686902407
25957,LOF,0.03523030270621326,0.02988892085441525,0.9348807764393715
25958,LOF,0.06279662427486556,0.02759362541969685,0.9096097503054377
25959,LOF,0.06917767577365662,0.3785602713842528,0.5522620528420905
25960,LOF,0.01725286902439865,0.05772195380190404,0.9250251771736974
25961,LOF,0.05291059589039247,0.029975204099853422,0.9171142000097541
25962,LOF,0.059344121527300626,0.02755642258083183,0.9130994558918676
25963,LOF,0.051048912027299706,0.18569183291212926,0.763259255060571
25964,LOF,0.03579950372223434,0.16755639283355725,0.7966441034442083
25965,LOF,0.4598217002903762,0.07519798289586417,0.4649803168137595
25966,Neutral,0.5166381477879608,0.16632117008555872,0.31704068212648046
25967,LOF,0.01729834997217883,0.10710726467491478,0.8755943853529065
25968,LOF,0.025274843891032,0.450241366645224,0.5244837894637441
25969,LOF,0.023408070134032646,0.0678075955168818,0.9087843343490856
25970,LOF,0.05845117941421936,0.06244609472302181,0.8791027258627588
25971,LOF,0.07433689082958887,0.017816017688570773,0.9078470914818404
25972,LOF,0.07200918432243823,0.023389353727590618,0.9046014619499712
25973,LOF,0.06241163990418175,0.009858371009777211,0.9277299890860411
25974,LOF,0.19459465829111688,0.016172958494848608,0.7892323832140345
25975,LOF,0.04165441146586303,0.028108291096367668,0.9302372974377693
25976,LOF,0.03955178878169901,0.016993340122482336,0.9434548710958186
25977,LOF,0.16070255166057046,0.092673122471701,0.7466243258677284
25978,LOF,0.13273368944295041,0.05559600453541652,0.811670306021633
25979,LOF,0.12629819126470762,0.05763805465880346,0.8160637540764889
25980,LOF,0.19476145556630348,0.0782608428844111,0.7269777015492854
25981,LOF,0.22825889249748998,0.07639494220727755,0.6953461652952324
25982,LOF,0.38448084340481337,0.04426546719583454,0.5712536893993522
25983,LOF,0.3819548281915326,0.04980807664029357,0.5682370951681738
25984,LOF,0.05065669719242426,0.04667002752277414,0.9026732752848016
25985,LOF,0.0382757741451488,0.2451281973234349,0.7165960285314162
25986,LOF,0.04435521890987198,0.26670070611830454,0.6889440749718234
25987,LOF,0.07787362721820025,0.06449529889277053,0.8576310738890293
25988,LOF,0.14797226799198143,0.0532084110829795,0.7988193209250392
25989,LOF,0.03102523634330232,0.10125760361538118,0.8677171600413164
25990,LOF,0.04169176642833671,0.1157046938530911,0.8426035397185722
25991,LOF,0.12245096439797465,0.32725704003860756,0.5502919955634178
25992,LOF,0.3001609034436129,0.19710922680796364,0.5027298697484234
25993,LOF,0.0227912920940199,0.07849889050204051,0.8987098174039395
25994,LOF,0.017189041410273314,0.1072212058518408,0.875589752737886
25995,LOF,0.025218686929888195,0.2396207075668406,0.7351606055032712
25996,GOF,0.27882646029065283,0.4837402166962203,0.23743332301312692
25997,GOF,0.07582926336913566,0.4677456613232634,0.4564250753076009
25998,Neutral,0.5319605804832716,0.02277848647437728,0.4452609330423511
25999,LOF,0.10622201631530816,0.09401502914773016,0.7997629545369617
26000,LOF,0.15351416824871533,0.05035064287416517,0.7961351888771194
26001,LOF,0.18337243845393772,0.04820185198153142,0.7684257095645308
26002,LOF,0.14350112440948637,0.0469844355843483,0.8095144400061653
26003,GOF,0.010640552828015603,0.5728042361261839,0.41655521104580046
26004,GOF,0.018256855324026704,0.6555045896796414,0.32623855499633186
26005,LOF,0.007539582067254788,0.44972130033621466,0.5427391175965305
26006,Neutral,0.5293227593062415,0.2499730846706711,0.22070415602308732
26007,GOF,0.022679225209445462,0.533900032380247,0.4434207424103076
26008,GOF,0.017037683578559466,0.6511856251471263,0.3317766912743143
26009,GOF,0.0219913223733604,0.6891286658873783,0.2888800117392613
26010,GOF,0.022658042653912715,0.6400404865360684,0.3373014708100189
26011,LOF,0.006254010029142474,0.4327026873682112,0.5610433026026462
26012,GOF,0.01430207477979794,0.5646446868276832,0.42105323839251885
26013,GOF,0.018114959717216637,0.639913611945111,0.3419714283376724
26014,LOF,0.045734562479526196,0.11396761423289574,0.840297823287578
26015,LOF,0.2107936058628609,0.00944571629009973,0.7797606778470394
26016,LOF,0.22179911075600833,0.0525438785892137,0.725657010654778
26017,LOF,0.2589903457635814,0.09085769985917201,0.6501519543772466
26018,LOF,0.09144197348824976,0.029529961885981622,0.8790280646257687
26019,LOF,0.08685699670526209,0.023802124877518923,0.889340878417219
26020,LOF,0.07669156635943683,0.11565798900990433,0.8076504446306588
26021,LOF,0.04970264053140418,0.12089836933089576,0.8293989901377
26022,LOF,0.011334803815718176,0.038201043015712366,0.9504641531685695
26023,LOF,0.10316089386207024,0.020560825873695034,0.8762782802642347
26024,LOF,0.03398786910744874,0.12007145039710544,0.8459406804954459
26025,LOF,0.1633214332969027,0.0870598250697982,0.7496187416332991
26026,LOF,0.34024058109496097,0.027651939571940596,0.6321074793330985
26027,LOF,0.08006472958120649,0.015499507545917196,0.9044357628728764
26028,LOF,0.17607701421332594,0.05969018999604986,0.7642327957906242
26029,LOF,0.07444816317203848,0.19836781389112923,0.7271840229368323
26030,LOF,0.024932163218467078,0.061766437682974566,0.9133013990985582
26031,LOF,0.02776027477258395,0.14789695702467606,0.82434276820274
26032,LOF,0.06470238434953285,0.07072277261047737,0.8645748430399898
26033,LOF,0.12256291657520983,0.08735508463192627,0.7900819987928639
26034,LOF,0.04407413221029535,0.1758103566664263,0.7801155111232783
26035,LOF,0.027901434068948933,0.16366184292432923,0.8084367230067219
26036,LOF,0.03918730868167873,0.18909144596772212,0.7717212453505992
26037,LOF,0.0225163601079886,0.13290461233797604,0.8445790275540354
26038,LOF,0.060707920919058675,0.07325976230765635,0.8660323167732848
26039,LOF,0.05431024582218477,0.165580724790584,0.7801090293872311
26040,LOF,0.19635112090080342,0.14291574799762108,0.6607331311015755
26041,LOF,0.023455114622999627,0.12399550367905879,0.8525493816979417
26042,LOF,0.02174291319897668,0.11341540160723695,0.8648416851937863
26043,LOF,0.06097041751598366,0.08448962761454427,0.8545399548694721
26044,LOF,0.02181235209117201,0.08099244184922731,0.8971952060596006
26045,LOF,0.07352091294409527,0.11128650453310827,0.8151925825227965
26046,LOF,0.06214593909744174,0.08379540976895032,0.854058651133608
26047,LOF,0.0845307444950993,0.08772062898081255,0.8277486265240882
26048,LOF,0.05525867470754374,0.04596689326129137,0.8987744320311648
26049,Neutral,0.9628806600112322,0.007464635988003904,0.029654704000763945
26050,Neutral,0.9457168452064898,0.01006680358400198,0.044216351209508176
26051,LOF,0.05203370093200413,0.27068842605859456,0.6772778730094012
26052,LOF,0.07013666687470829,0.30545161287373135,0.6244117202515603
26053,LOF,0.05594807510734097,0.12118222926461009,0.8228696956280489
26054,LOF,0.05179252671434741,0.017095443829908408,0.9311120294557441
26055,LOF,0.07025700007771876,0.014704560857359425,0.9150384390649219
26056,LOF,0.059118461816166486,0.016183157934032882,0.9246983802498008
26057,LOF,0.02733761744036258,0.01243802536299444,0.960224357196643
26058,LOF,0.0281350581358498,0.010333526092248312,0.9615314157719018
26059,LOF,0.29880193894746765,0.021602725068006003,0.6795953359845264
26060,LOF,0.0350949067124136,0.18251731297998527,0.7823877803076013
26061,LOF,0.016948599203726208,0.011987934571896999,0.9710634662243768
26062,LOF,0.010080697755201474,0.018761868578539283,0.9711574336662592
26063,LOF,0.021718682669966773,0.012030418840372129,0.9662508984896611
26064,LOF,0.023748033887739363,0.020548336799842522,0.955703629312418
26065,LOF,0.023726908613801216,0.010627003153957829,0.965646088232241
26066,LOF,0.02022191823917819,0.011607900119380805,0.968170181641441
26067,LOF,0.027165972914893477,0.009165257831523223,0.9636687692535834
26068,LOF,0.04241829855027918,0.027330282682351114,0.9302514187673696
26069,LOF,0.23925602734184434,0.018057842322169147,0.7426861303359865
26070,LOF,0.3800023806223839,0.014586755909852913,0.6054108634677633
26071,LOF,0.023160654706010746,0.012547787326402918,0.9642915579675864
26072,LOF,0.01976079086636526,0.016162317031709342,0.9640768921019254
26073,LOF,0.022981215696172574,0.01152203892021426,0.9654967453836132
26074,Neutral,0.8995236562150227,0.0059787701160748784,0.09449757366890243
26075,LOF,0.04223679452045568,0.014312211151774541,0.9434509943277697
26076,LOF,0.04490965814700591,0.009470386353678181,0.9456199554993159
26077,LOF,0.009963823079772715,0.017548702900875183,0.9724874740193522
26078,LOF,0.012919654324666413,0.01160976333072497,0.9754705823446087
26079,LOF,0.05556234976956402,0.01661679655102534,0.9278208536794106
26080,LOF,0.05458643319429958,0.016632309830480144,0.9287812569752203
26081,LOF,0.03556366141709064,0.006918373209101476,0.957517965373808
26082,LOF,0.014667458236872658,0.016803735183091608,0.9685288065800357
26083,LOF,0.13657746179547392,0.013705602907693602,0.8497169352968323
26084,LOF,0.02758881793726087,0.012586559367154963,0.9598246226955841
26085,LOF,0.023500157507330165,0.011858650920458002,0.9646411915722118
26086,LOF,0.023007078446118604,0.011812303145199926,0.9651806184086816
26087,LOF,0.027725074270257187,0.008591061776564018,0.9636838639531788
26088,LOF,0.01567913402783208,0.02319764818440719,0.9611232177877607
26089,LOF,0.04064602152085973,0.02076986135293959,0.9385841171262007
26090,LOF,0.04027654765074787,0.01752362244251183,0.9421998299067402
26091,LOF,0.03682974087709402,0.006459279514369266,0.9567109796085367
26092,LOF,0.02554442925662372,0.00869465504336519,0.9657609157000111
26093,LOF,0.03775086378474195,0.006446689146082579,0.9558024470691755
26094,LOF,0.04075417687979327,0.006565347385144813,0.952680475735062
26095,LOF,0.04147248081126296,0.014096466673116207,0.9444310525156209
26096,LOF,0.018042391518264866,0.013313190885519688,0.9686444175962156
26097,LOF,0.010751930140726026,0.03568833844863066,0.9535597314106433
26098,LOF,0.06969648956960002,0.010685964184732263,0.9196175462456676
26099,LOF,0.02444271197955648,0.012361057814659905,0.9631962302057836
26100,LOF,0.026776119857064348,0.012005161396771357,0.9612187187461642
26101,LOF,0.05609462914910431,0.015341683666709063,0.9285636871841867
26102,LOF,0.023905998386658637,0.014047945341745567,0.9620460562715959
26103,Neutral,0.8882826754117614,0.018571733749891805,0.0931455908383467
26104,LOF,0.07900224265290196,0.022888525137650693,0.8981092322094474
26105,LOF,0.21331157851225196,0.30217298179730095,0.4845154396904471
26106,LOF,0.20006125879132147,0.11265794260468343,0.687280798603995
26107,LOF,0.22572368583666294,0.08055352272112166,0.6937227914422155
26108,LOF,0.2610082012912962,0.11713674209190617,0.6218550566167976
26109,LOF,0.09119910780090622,0.060261528553709566,0.8485393636453842
26110,LOF,0.2638062812334222,0.008421235153182174,0.7277724836133956
26111,Neutral,0.5127430215561595,0.024634923708402905,0.46262205473543755
26112,LOF,0.034164606182999935,0.007343368280596491,0.9584920255364037
26113,LOF,0.05663413617715544,0.015900445070103592,0.9274654187527409
26114,LOF,0.02608706098578232,0.026825903545713015,0.9470870354685047
26115,LOF,0.08285684161024263,0.05104209686687295,0.8661010615228845
26116,LOF,0.06580026477800766,0.058199373231394166,0.8760003619905983
26117,LOF,0.4312065602084046,0.043066672793317176,0.5257267669982782
26118,LOF,0.03612673908525795,0.026154662998370763,0.9377185979163712
26119,LOF,0.022074111580029827,0.03999549711780689,0.9379303913021633
26120,LOF,0.028207727587287117,0.02229268958456481,0.949499582828148
26121,LOF,0.03920116222493247,0.08486341632543686,0.8759354214496305
26122,LOF,0.041049082659408855,0.041496952195654864,0.9174539651449363
