feature0,prediction,LoGoFunc_Neutral,LoGoFunc_GOF,LoGoFunc_LOF
25546,Neutral,0.6189540183306833,0.05928943818468168,0.32175654348463506
25547,Neutral,0.47890482547970226,0.10652641179893144,0.4145687627213663
25548,Neutral,0.4688829650097305,0.0882142415454954,0.4429027934447742
25549,LOF,0.4090963413496114,0.08657925668491925,0.5043244019654693
25550,LOF,0.3266551547811248,0.10966864898758358,0.5636761962312916
25551,LOF,0.2841271716974559,0.12124354636930773,0.5946292819332363
25552,LOF,0.24081595824979118,0.1233000800301844,0.6358839617200245
25553,Neutral,0.8111102082123083,0.04366849280207644,0.14522129898561542
25554,LOF,0.2789023472375937,0.11027437999488424,0.6108232727675221
25555,LOF,0.23103127300019557,0.10489793244165392,0.6640707945581504
25556,LOF,0.4180410342325495,0.10002250109132611,0.48193646467612433
25557,LOF,0.22015069125883097,0.11236578517867325,0.6674835235624959
25558,LOF,0.28323776584633553,0.10806196776531986,0.6087002663883446
25559,LOF,0.185778315650159,0.12226101107733238,0.6919606732725085
25560,LOF,0.17423376347938677,0.10462825702781355,0.7211379794927998
25561,LOF,0.1631876685408575,0.12427028778943301,0.7125420436697095
25562,LOF,0.07928658297404496,0.07370983183176952,0.8470035851941855
25563,LOF,0.0257339747658758,0.14713846068646946,0.8271275645476547
25564,LOF,0.227170817452056,0.129237432283656,0.6435917502642879
25565,LOF,0.19379548288039777,0.13404475660848625,0.672159760511116
25566,GOF,0.09512151595185638,0.7114403921137366,0.19343809193440709
25567,LOF,0.04000846548247361,0.13989941347498563,0.8200921210425408
25568,LOF,0.05876301014897061,0.07598695585558275,0.8652500339954468
25569,LOF,0.06266902087419761,0.07874920148555753,0.8585817776402449
25570,LOF,0.024029711614823604,0.10105830883781057,0.8749119795473659
25571,LOF,0.0226488231612874,0.10554260096827968,0.8718085758704329
25572,LOF,0.05978157923825022,0.12479472851286909,0.8154236922488807
25573,LOF,0.061217162606601934,0.09187808668275328,0.8469047507106449
25574,LOF,0.057131050292979796,0.20578633026532162,0.7370826194416986
25575,LOF,0.02027463856433181,0.11317485104246386,0.8665505103932043
25576,LOF,0.028652812144648366,0.1542387861241213,0.8171084017312302
25577,LOF,0.029494745865251127,0.13029054104938428,0.8402147130853646
25578,LOF,0.29340153919914325,0.08379471492061374,0.622803745880243
25579,LOF,0.1299335965014995,0.08903345495831423,0.7810329485401862
25580,LOF,0.01797252362386456,0.08268678828223411,0.8993406880939013
25581,LOF,0.0562269908968607,0.072802476697812,0.8709705324053274
25582,LOF,0.056099768245753814,0.07187178826385615,0.8720284434903901
25583,LOF,0.020370253522253773,0.08114144652481146,0.8984882999529347
25584,Neutral,0.6708792259858243,0.11928357282689742,0.20983720118727825
25585,LOF,0.027236681970825717,0.1306768276655051,0.8420864903636691
25586,LOF,0.0172798952147262,0.07166718933230012,0.9110529154529737
25587,LOF,0.01646342355073692,0.06626003037226023,0.9172765460770028
25588,LOF,0.019931663309112377,0.07489497054711966,0.9051733661437679
25589,Neutral,0.5010419213143414,0.2119088809154138,0.2870491977702447
25590,LOF,0.04637285045095496,0.12423766222437989,0.8293894873246651
25591,LOF,0.09282075300503824,0.06178388646654128,0.8453953605284206
25592,LOF,0.057414706761766084,0.13851920295126513,0.8040660902869688
25593,LOF,0.13525926938632735,0.26697791980157726,0.5977628108120954
25594,LOF,0.05380751975133075,0.12405734138419297,0.8221351388644764
25595,LOF,0.0513368197078368,0.09276594378540075,0.8558972365067625
25596,LOF,0.11650715630720485,0.049841994749338134,0.8336508489434571
25597,LOF,0.09309813278174942,0.06250454769857983,0.8443973195196707
25598,LOF,0.054594458821061786,0.08980274540800749,0.8556027957709307
25599,LOF,0.02344064360507599,0.4834478562371797,0.49311150015774435
25600,GOF,0.17910173047273392,0.45522813533623474,0.3656701341910314
25601,LOF,0.0387861627838749,0.4103536675044587,0.5508601697116664
25602,LOF,0.031578445159456424,0.0695341752530975,0.8988873795874461
25603,LOF,0.030329562546638236,0.0376096198659179,0.9320608175874439
25604,LOF,0.0316672077830426,0.07787501919008691,0.8904577730268706
25605,LOF,0.03500983170625548,0.20436566146454826,0.7606245068291962
25606,LOF,0.39412200354035487,0.1284052758512912,0.4774727206083539
25607,LOF,0.02548279118330511,0.176450304610833,0.7980669042058619
25608,LOF,0.03355372582395681,0.07506404066269347,0.8913822335133497
25609,GOF,0.13405558229107276,0.5184580898106284,0.34748632789829886
25610,LOF,0.015219460868187129,0.028668345043798983,0.9561121940880138
25611,LOF,0.012650918457014479,0.033411704472043204,0.9539373770709424
25612,LOF,0.0503540142366912,0.041637850692393986,0.9080081350709148
25613,LOF,0.048774652387147024,0.04269820597994746,0.9085271416329055
25614,LOF,0.020848570450581923,0.0278556376871863,0.9512957918622319
25615,LOF,0.04579617809434544,0.04470772473728606,0.9094960971683685
25616,LOF,0.043372618731890626,0.02997704798223727,0.9266503332858721
25617,LOF,0.03924392030124692,0.041626210797380984,0.919129868901372
25618,LOF,0.04949792511365629,0.037457062022198194,0.9130450128641455
25619,LOF,0.012675048035899706,0.03474124272879009,0.9525837092353102
25620,LOF,0.060222560244881373,0.046074543423980874,0.8937028963311378
25621,LOF,0.05368190461161846,0.035066236523809045,0.9112518588645725
25622,LOF,0.0642999330474479,0.03505825581357646,0.9006418111389757
25623,LOF,0.0740946628733287,0.02839700375216765,0.8975083333745036
25624,LOF,0.017773629744529156,0.03469610205959863,0.9475302681958723
25625,LOF,0.06120497729542306,0.03787076918687952,0.9009242535176974
25626,LOF,0.047365996277118134,0.03995154296948767,0.9126824607533942
25627,Neutral,0.8913231192453533,0.020349936982094925,0.08832694377255174
25628,LOF,0.1283366041319918,0.06081977738862973,0.8108436184793786
25629,LOF,0.06589242728638732,0.047428514829982955,0.8866790578836297
25630,LOF,0.29858871988693836,0.0755471957577865,0.6258640843552752
25631,Neutral,0.5698471663077322,0.06235017550866341,0.36780265818360425
25632,LOF,0.025819481265770463,0.06582714178848904,0.9083533769457405
25633,LOF,0.1995526581693171,0.03891371383430625,0.7615336279963766
25634,LOF,0.03223735967477594,0.08227278148262827,0.8854898588425958
25635,LOF,0.03686706530642696,0.04560175167179961,0.9175311830217735
25636,LOF,0.035549513703027086,0.4310403131728207,0.5334101731241523
25637,LOF,0.07819044328953506,0.41883977057354743,0.5029697861369176
25638,LOF,0.031181268501542254,0.31550255980545155,0.6533161716930062
25639,LOF,0.031115556303995838,0.33981941769780283,0.6290650259982014
25640,Neutral,0.8153986415072103,0.14311390995808498,0.0414874485347047
25641,GOF,0.06547370394734113,0.47106041180507763,0.46346588424758134
25642,LOF,0.04283632011638039,0.15371295488656397,0.8034507249970557
25643,LOF,0.2424159648879148,0.1458173399684084,0.6117666951436768
25644,LOF,0.02429732529283466,0.43591517275448977,0.5397875019526756
25645,LOF,0.026912988101775875,0.3728943257929516,0.6001926861052725
25646,LOF,0.05738570136389366,0.29297468893177253,0.6496396097043339
25647,LOF,0.0272268574553741,0.24949893476547982,0.7232742077791461
25648,LOF,0.03832210058328942,0.2290750647057918,0.7326028347109187
25649,LOF,0.018017446023929164,0.22701457139886036,0.7549679825772104
25650,LOF,0.05467594712615804,0.3837573165932881,0.5615667362805539
25651,LOF,0.018575037872001994,0.24882900100996405,0.732595961118034
25652,LOF,0.03761366961288894,0.23738768354680712,0.724998646840304
25653,LOF,0.08936163460025207,0.39622375097960927,0.5144146144201387
25654,LOF,0.026521505361156734,0.2159122955742741,0.7575661990645692
25655,LOF,0.24905065158108194,0.35432797405349276,0.3966213743654254
25656,LOF,0.26537565173141175,0.044975856309351546,0.6896484919592367
25657,LOF,0.06639871959108723,0.05275554187210362,0.880845738536809
25658,LOF,0.3551216091394601,0.05687222278142087,0.588006168079119
25659,Neutral,0.5296632774779706,0.08304323892389229,0.3872934835981372
25660,LOF,0.021459815270817858,0.08162039132613481,0.8969197934030474
25661,LOF,0.09725737416278177,0.05756800322943688,0.8451746226077813
25662,LOF,0.030210951803743762,0.03315747529974673,0.9366315728965094
25663,LOF,0.038078895076889774,0.046156836197931456,0.9157642687251788
25664,LOF,0.13759349595301973,0.06206450106378661,0.8003420029831936
25665,LOF,0.0527828510253744,0.0311516061620347,0.9160655428125909
25666,LOF,0.09664671959059956,0.06980887291623539,0.833544407493165
25667,LOF,0.06458666562742942,0.03730164551811518,0.8981116888544555
25668,LOF,0.035873223334695725,0.04782546397472345,0.9163013126905809
25669,LOF,0.032967790542032555,0.04803060901675005,0.9190016004412174
25670,LOF,0.14350023238963355,0.057065566644168675,0.7994342009661979
25671,LOF,0.09860769885831447,0.03600358311631398,0.8653887180253717
25672,LOF,0.051077681706829435,0.04218985676314458,0.9067324615300261
25673,LOF,0.07751037455708648,0.04516008046617077,0.8773295449767428
25674,LOF,0.06765784496135437,0.053714219836926175,0.8786279352017194
25675,LOF,0.1161073742309237,0.05237116324403516,0.8315214625250411
25676,LOF,0.016765130928160663,0.05434613376351011,0.9288887353083292
25677,LOF,0.02337781689925947,0.06811466079294351,0.908507522307797
25678,LOF,0.19469564062515407,0.06100692637800896,0.7442974329968369
25679,LOF,0.12806093682146164,0.08121229080859337,0.7907267723699449
25680,LOF,0.028362877589802257,0.1126953850052607,0.8589417374049371
25681,LOF,0.04745524685238934,0.1020316412138613,0.8505131119337492
25682,LOF,0.13494724870706273,0.06994647351024344,0.7951062777826938
25683,LOF,0.11679041661260885,0.08666135438136975,0.7965482290060214
25684,LOF,0.041158078229776913,0.06990831166916567,0.8889336101010574
25685,LOF,0.12250833200877109,0.053574036741589864,0.823917631249639
25686,LOF,0.07612346939175113,0.08769292277690863,0.8361836078313402
25687,LOF,0.1258859605923779,0.09489599267664492,0.7792180467309773
25688,LOF,0.2896348080837052,0.03340703303452507,0.6769581588817698
25689,LOF,0.2355905576857456,0.035299769718831385,0.729109672595423
25690,LOF,0.3155918408590874,0.02699974486411796,0.6574084142767946
25691,Neutral,0.6749251047466952,0.021910514379433914,0.30316438087387093
25692,LOF,0.2890200351230972,0.010166916875932502,0.7008130480009702
25693,LOF,0.048844908666846626,0.426330910414533,0.5248241809186204
25694,LOF,0.11730464334105338,0.01576477236404517,0.8669305842949014
25695,LOF,0.11254381221712279,0.01565669120167351,0.8717994965812036
25696,LOF,0.09739002490315327,0.009183115717297784,0.8934268593795489
25697,LOF,0.11993390567503381,0.034928153765411245,0.8451379405595549
25698,LOF,0.3612312077096524,0.17948512682314025,0.45928366546720745
25699,LOF,0.4488974036981433,0.03707977948700295,0.5140228168148537
25700,LOF,0.06022354193259576,0.008763525048141754,0.9310129330192625
25701,LOF,0.13803255281982313,0.05596761907644495,0.8059998281037319
25702,GOF,0.17771900649930147,0.5514956574949151,0.2707853360057834
25703,LOF,0.017574480196537408,0.14015211941782837,0.8422734003856343
25704,LOF,0.04639512019490021,0.10408363797897575,0.8495212418261241
25705,LOF,0.05986609545752517,0.19181370644495574,0.748320198097519
25706,LOF,0.10175358516662746,0.39616034274687795,0.5020860720864946
25707,LOF,0.08075649412069676,0.3152037308676376,0.6040397750116657
25708,LOF,0.029514594508652757,0.28346263287433243,0.6870227726170148
25709,LOF,0.0635775505367854,0.04163404219780569,0.8947884072654089
25710,LOF,0.011685473948523751,0.15065942991813222,0.8376550961333441
25711,LOF,0.018319464708534787,0.0919825005225591,0.8896980347689061
25712,LOF,0.013849478256275284,0.18713622113823133,0.7990143006054935
25713,LOF,0.01914022823577093,0.08514415975243148,0.8957156120117977
25714,LOF,0.0757072137007069,0.07835894393497493,0.8459338423643182
25715,LOF,0.011441651392379917,0.13820993388203187,0.8503484147255883
25716,LOF,0.015495838716192112,0.1243209788729419,0.8601831824108659
25717,LOF,0.013215122016351138,0.07792518088793453,0.9088596970957143
25718,LOF,0.012881525773267963,0.09246338638689292,0.8946550878398392
25719,LOF,0.018002785176406286,0.0776519922894694,0.9043452225341243
25720,LOF,0.022586464045079073,0.07100519802340544,0.9064083379315155
25721,LOF,0.016005880200240505,0.10754468256418541,0.8764494372355741
25722,LOF,0.014063280601691576,0.12521294780316175,0.8607237715951466
25723,LOF,0.02232748827488396,0.04193964243179995,0.935732869293316
25724,LOF,0.023564292622438268,0.07924179680334517,0.8971939105742165
25725,LOF,0.01150052707964721,0.06690374700585168,0.921595725914501
25726,LOF,0.015265485814558617,0.09829384956250356,0.8864406646229378
25727,LOF,0.013028846463800276,0.07590160760727122,0.9110695459289285
25728,LOF,0.009792168162907441,0.11376349628452485,0.8764443355525676
25729,LOF,0.01030965776446608,0.10899552008216754,0.8806948221533664
25730,LOF,0.013355279691946139,0.08315033875368102,0.9034943815543728
25731,LOF,0.018748669678913157,0.12001130457276389,0.8612400257483229
25732,LOF,0.014521951550524687,0.08220749349401443,0.9032705549554609
25733,LOF,0.015942125536700335,0.0721595756561557,0.9118982988071439
25734,LOF,0.012519510733228783,0.11927039311778259,0.8682100961489887
25735,LOF,0.013561353944117078,0.08418415932595748,0.9022544867299255
25736,LOF,0.014565538689950341,0.10249248295434062,0.882941978355709
25737,LOF,0.02219251828481865,0.0887082625355803,0.889099219179601
25738,LOF,0.011998274082688288,0.11223423770555091,0.8757674882117609
25739,LOF,0.02066556051396145,0.07797930659118059,0.901355132894858
25740,LOF,0.02598931005694607,0.11586932731280154,0.8581413626302523
25741,LOF,0.014731854790577145,0.12046955804754594,0.8647985871618769
25742,LOF,0.122881330950488,0.0842669394387971,0.7928517296107149
25743,LOF,0.03170962853399752,0.032807857317600664,0.9354825141484019
25744,Neutral,0.5633120662379179,0.18742807302214962,0.24925986073993248
25745,LOF,0.0754262447031391,0.07391379916213993,0.8506599561347209
25746,LOF,0.03770105912953591,0.09437965228886727,0.8679192885815968
25747,LOF,0.022227107554735264,0.043710514995785196,0.9340623774494795
25748,LOF,0.0990620311828091,0.06441567121885527,0.8365222975983356
25749,LOF,0.026546112067015976,0.0816775929733336,0.8917762949596504
25750,LOF,0.08263968119202206,0.08439517394428796,0.83296514486369
25751,LOF,0.09117169609649602,0.06680435224063787,0.842023951662866
25752,GOF,0.11992884758333322,0.6616898323308099,0.21838132008585687
25753,LOF,0.01836070267999155,0.27274778604586886,0.7088915112741396
25754,GOF,0.011180346717211305,0.7784647853942133,0.2103548678885753
25755,LOF,0.023175074732378575,0.38957241160751616,0.5872525136601053
25756,LOF,0.04041381984846457,0.3618477899434459,0.5977383902080896
25757,GOF,0.013552558183507644,0.8448155191697684,0.1416319226467239
25758,GOF,0.027507326888452855,0.828060975136192,0.144431697975355
25759,GOF,0.010970735471450778,0.5594034494615803,0.42962581506696895
25760,LOF,0.012100212019532335,0.2493900200273418,0.7385097679531257
25761,GOF,0.28093976118557185,0.6303773875956317,0.08868285121879659
25762,LOF,0.03535107161825227,0.25765312017050185,0.7069958082112459
25763,LOF,0.014432138620418672,0.19060610216224447,0.7949617592173368
25764,GOF,0.08104815593533761,0.6188435340270063,0.3001083100376561
25765,GOF,0.03993360180470909,0.7498702605430443,0.21019613765224657
25766,GOF,0.06724501751071511,0.723007647663395,0.20974733482588986
25767,GOF,0.15559048804019954,0.5670922736481903,0.27731723831161015
25768,LOF,0.09795096487217575,0.06490686867135698,0.8371421664564672
25769,LOF,0.07534930459911172,0.06375410342599631,0.860896591974892
25770,LOF,0.31512350394856187,0.08610486936062821,0.5987716266908099
25771,LOF,0.03997904943775027,0.04516544235906651,0.9148555082031832
25772,LOF,0.016684320669974776,0.034875237762164876,0.9484404415678602
25773,LOF,0.046913708729027045,0.09400720659652897,0.8590790846744439
25774,LOF,0.02860652597360811,0.0728277000084671,0.8985657740179248
25775,LOF,0.049194159681822704,0.042010601618038386,0.908795238700139
25776,LOF,0.0722509196278589,0.023342747330457117,0.904406333041684
25777,LOF,0.3551762706234058,0.05197383022231184,0.5928498991542824
25778,LOF,0.06711674131724228,0.0453790230136281,0.8875042356691296
25779,GOF,0.3935273669663993,0.5620666074350097,0.04440602559859095
25780,GOF,0.31832155234434195,0.6079336238455803,0.07374482381007774
25781,GOF,0.13525882660695773,0.7619582175870162,0.10278295580602602
25782,GOF,0.2044891126564585,0.725018294526708,0.07049259281683355
25783,GOF,0.02371140765932892,0.6299629028868389,0.34632568945383224
25784,Neutral,0.5177478626094951,0.4444311022059625,0.03782103518454243
25785,GOF,0.47607206709418953,0.48572856196737446,0.03819937093843609
25786,GOF,0.02868550469992669,0.7441561062781545,0.2271583890219187
25787,Neutral,0.6574352326732122,0.3142927640492856,0.028272003277502213
25788,LOF,0.052278689343548145,0.10520266235274864,0.8425186483037033
25789,GOF,0.21931923628754557,0.6502023559192364,0.13047840779321804
25790,GOF,0.24396716554777748,0.6514770169272684,0.104555817524954
25791,GOF,0.16911539007407142,0.669838805232075,0.16104580469385357
25792,GOF,0.38027453503317127,0.5069204033181184,0.11280506164871033
25793,GOF,0.26017517811456026,0.5247988126725589,0.21502600921288084
25794,GOF,0.3272848455466367,0.49524965794618037,0.17746549650718288
25795,GOF,0.08133544235726453,0.6797811445132362,0.2388834131294993
25796,Neutral,0.5925311923180945,0.3297287347951183,0.07774007288678726
25797,GOF,0.08729444959013666,0.5524891771019118,0.3602163733079515
25798,LOF,0.009397185504668736,0.4884304730649254,0.5021723414304059
25799,LOF,0.007311310371638268,0.3566099130553499,0.6360787765730118
25800,GOF,0.03197296963809177,0.5627366143141461,0.40529041604776206
25801,GOF,0.2136102920262231,0.6334825330581036,0.15290717491567318
25802,GOF,0.07464354909867466,0.6707434460807034,0.25461300482062205
25803,GOF,0.03515721865286958,0.5678683051704362,0.39697447617669424
25804,LOF,0.03148484105640404,0.47735202234566454,0.49116313659793126
25805,GOF,0.09732026839130983,0.5722898565600405,0.3303898750486497
25806,GOF,0.09342328616664732,0.5764896308275445,0.33008708300580836
25807,GOF,0.019543352482694024,0.5984366853485839,0.3820199621687221
25808,GOF,0.07988187640249311,0.6283244438030943,0.2917936797944127
25809,GOF,0.02033234133480836,0.570417369759809,0.4092502889053828
25810,GOF,0.017854770325345548,0.6165178409296037,0.3656273887450508
25811,Neutral,0.476076404911889,0.43739539325812804,0.08652820182998296
25812,GOF,0.03272046359649927,0.6329557552595796,0.33432378114392114
25813,Neutral,0.5360297758686304,0.3735036559885292,0.09046656814284033
25814,GOF,0.11648953534720109,0.6334227578671977,0.25008770678560127
25815,GOF,0.1931351730173317,0.6227107261024729,0.18415410088019538
25816,GOF,0.02168993572856444,0.6709654727758756,0.3073445914955599
25817,GOF,0.22479027372500804,0.6476074930095947,0.12760223326539713
25818,GOF,0.047923800083964525,0.6352012436807045,0.31687495623533085
25819,GOF,0.39730271411000984,0.4664908693008014,0.13620641658918867
25820,GOF,0.1982763756609376,0.584715087186519,0.21700853715254337
25821,GOF,0.06501616314830808,0.6618447402636699,0.27313909658802193
25822,GOF,0.24786500256892713,0.5486749546365344,0.20346004279453847
25823,GOF,0.03604781944607643,0.519994073905821,0.4439581066481027
25824,GOF,0.09271426490496096,0.5828454779773865,0.3244402571176527
25825,GOF,0.03646924854413619,0.5792740534586539,0.3842566979972099
25826,GOF,0.01504838425473532,0.5686459879058399,0.4163056278394248
25827,GOF,0.02194007138581728,0.5951269528312869,0.38293297578289576
25828,GOF,0.014288686851885108,0.5172058447869666,0.46850546836114826
25829,GOF,0.006075471659936773,0.5677319030640042,0.426192625276059
25830,LOF,0.03516421514883288,0.3063463598180106,0.6584894250331563
25831,GOF,0.2093377711442718,0.665584131906814,0.12507809694891417
25832,GOF,0.03591927745624209,0.6884884609268331,0.27559226161692474
25833,GOF,0.1333708724703348,0.710231437048627,0.15639769048103816
25834,GOF,0.038252448221704226,0.6961571728275853,0.2655903789507105
25835,GOF,0.0861523497038653,0.7468404780791574,0.1670071722169773
25836,GOF,0.03708131593832395,0.6747924730602548,0.2881262110014212
25837,GOF,0.02869332946018836,0.5842673858856182,0.38703928465419357
25838,GOF,0.10490777422059056,0.7540733658563178,0.1410188599230916
25839,GOF,0.2940951940396767,0.5678281606511765,0.13807664530914682
25840,GOF,0.2592303090912548,0.6055444317005696,0.13522525920817569
25841,GOF,0.23477227764386782,0.6364396733585644,0.1287880489975677
25842,GOF,0.18551030071742572,0.679095408871569,0.13539429041100529
25843,GOF,0.26196141949947194,0.6452209964650417,0.09281758403548629
25844,GOF,0.07187249407498329,0.7004612454258518,0.22766626049916505
25845,LOF,0.0167031720881976,0.4532623740519625,0.5300344538598398
25846,GOF,0.12073899967634845,0.725334751515128,0.15392624880852362
25847,GOF,0.1213034758417447,0.7560184315729866,0.12267809258526872
25848,GOF,0.03972164087214406,0.672041050908366,0.2882373082194899
25849,GOF,0.012240483750222993,0.5679562150338525,0.4198033012159244
25850,GOF,0.024348177195475815,0.6419514811687536,0.33370034163577084
25851,GOF,0.02083973615238383,0.526376719505315,0.4527835443423012
25852,GOF,0.1625683286513758,0.5442325949755762,0.29319907637304804
25853,GOF,0.3544531044114401,0.5717265704347972,0.07382032515376263
25854,GOF,0.025167875690050485,0.6150716729847974,0.3597604513251521
25855,GOF,0.03908387628363673,0.5531398446670749,0.4077762790492884
25856,GOF,0.25869844071414755,0.5389627904923143,0.20233876879353802
25857,GOF,0.04097549738564206,0.5027791190971962,0.4562453835171618
25858,GOF,0.02164111404908524,0.5331311719149092,0.4452277140360055
25859,GOF,0.010998142569635069,0.506953537425868,0.48204832000449693
25860,GOF,0.3876139225013354,0.5289067802608188,0.08347929723784572
25861,GOF,0.43810085021784195,0.48344441608943345,0.0784547336927246
25862,GOF,0.09472136135473115,0.7656180410383957,0.13966059760687316
25863,GOF,0.08417630950740919,0.7730302530218588,0.14279343747073203
25864,GOF,0.2077496058859914,0.7152222002490868,0.07702819386492173
25865,GOF,0.0916899411491639,0.787061507345565,0.12124855150527118
25866,GOF,0.06755994573970146,0.7641427908268924,0.168297263433406
25867,GOF,0.09664236228459307,0.8063154240420156,0.09704221367339137
25868,GOF,0.2691945408518983,0.6315164478182158,0.09928901132988588
25869,Neutral,0.7204669715097682,0.23999340294030674,0.03953962554992505
25870,GOF,0.3134705819905021,0.36202205546929955,0.32450736254019835
25871,GOF,0.23515123584992587,0.6036068971597979,0.16124186699027618
25872,GOF,0.07551392004900309,0.6386016223730596,0.2858844575779373
25873,GOF,0.11570408859484421,0.674593976694197,0.2097019347109588
25874,LOF,0.014564228413907653,0.11412630018950343,0.871309471396589
25875,LOF,0.08737725693009155,0.042185587614622995,0.8704371554552855
25876,LOF,0.0374414592544132,0.02784589474401941,0.9347126460015673
25877,Neutral,0.5014522042540769,0.046885379393956185,0.45166241635196697
25878,LOF,0.1939530353919966,0.08986806578732189,0.7161788988206816
25879,LOF,0.08498853577432487,0.08381402439855075,0.8311974398271245
25880,LOF,0.043332402871691406,0.015590524862037831,0.9410770722662708
25881,LOF,0.16556614324464292,0.11542245486167008,0.719011401893687
25882,LOF,0.06089459386464081,0.016987200916334218,0.9221182052190249
25883,LOF,0.06615881148044556,0.017836063195127327,0.9160051253244271
25884,LOF,0.03129087325956757,0.029052821271591672,0.9396563054688408
25885,LOF,0.06042190360988496,0.012113412948819817,0.9274646834412953
25886,LOF,0.2548563746465038,0.03502741741531351,0.7101162079381826
25887,LOF,0.14700227953221554,0.06494573570970903,0.7880519847580755
25888,LOF,0.06716668178186268,0.05488192477707706,0.8779513934410603
25889,LOF,0.039262967509877386,0.019683062367601242,0.9410539701225213
25890,LOF,0.04750136363230377,0.14073638479324369,0.8117622515744525
25891,LOF,0.034979341095703984,0.05975781905136335,0.9052628398529327
25892,LOF,0.09499780926969924,0.02106913646281916,0.8839330542674816
25893,LOF,0.26257637383094296,0.020312340687842004,0.717111285481215
25894,LOF,0.1788578180244563,0.011847138049547803,0.8092950439259959
25895,LOF,0.21966800350639185,0.021665783059042015,0.7586662134345662
25896,LOF,0.05157903770055987,0.02259193529321714,0.9258290270062229
25897,LOF,0.2568733988692767,0.012782382818245118,0.7303442183124782
25898,Neutral,0.7089232071136419,0.010271975790683296,0.28080481709567484
25899,LOF,0.22376812474840574,0.020587737676041128,0.7556441375755532
25900,LOF,0.48185194313316515,0.013837223987265572,0.5043108328795692
25901,LOF,0.05742373525326282,0.012272481703618839,0.9303037830431183
25902,LOF,0.16601126398224106,0.014058554603994765,0.8199301814137641
25903,Neutral,0.5768219001032566,0.030035586684331757,0.3931425132124116
25904,LOF,0.3122037890050236,0.04492079850234357,0.6428754124926329
25905,LOF,0.022206310810082765,0.3513103547715792,0.626483334418338
25906,LOF,0.02875066475202438,0.08083390022225977,0.8904154350257159
25907,LOF,0.014470723714249057,0.36682610521303616,0.6187031710727147
25908,LOF,0.009927311497882767,0.2768786270622891,0.7131940614398281
25909,LOF,0.011850201401680423,0.12666127145442413,0.8614885271438955
25910,LOF,0.0470229794742095,0.13734187284925226,0.8156351476765382
25911,LOF,0.19407525273182755,0.019656220499759566,0.786268526768413
25912,LOF,0.05358368318748542,0.03786519094386485,0.9085511258686497
25913,LOF,0.3445107992955008,0.01780086721737033,0.6376883334871288
25914,LOF,0.02013036283404894,0.06541717625853319,0.9144524609074178
25915,Neutral,0.5650634481677741,0.1984283403062565,0.23650821152596926
25916,LOF,0.09091500290583483,0.2363199057765126,0.6727650913176525
25917,LOF,0.06613045282744955,0.04854758659863342,0.885321960573917
25918,LOF,0.021030965748043164,0.042017325832999435,0.9369517084189574
25919,LOF,0.01838738207510844,0.044063372604462865,0.9375492453204288
25920,GOF,0.10088433027474844,0.5209118020388991,0.37820386768635256
25921,LOF,0.023062121699922528,0.02459857137882079,0.9523393069212566
25922,LOF,0.030269013708774436,0.019298925001902948,0.9504320612893227
25923,LOF,0.44817847640806824,0.02230859601970712,0.5295129275722246
25924,LOF,0.03514288360829481,0.03237795287457903,0.9324791635171261
25925,LOF,0.06724721397409365,0.027011174274653108,0.9057416117512532
25926,LOF,0.048847393992812654,0.022634013607698768,0.9285185923994885
25927,LOF,0.05399819374086405,0.09373471394998485,0.8522670923091511
25928,LOF,0.018533551462409273,0.039182553468666885,0.942283895068924
25929,Neutral,0.5593258868285659,0.024234951168125823,0.41643916200330827
25930,LOF,0.07177981004680772,0.02046152059888791,0.9077586693543044
25931,LOF,0.0245871932732271,0.021578772836331726,0.9538340338904413
25932,LOF,0.029202152339146983,0.018207528897732507,0.9525903187631205
25933,LOF,0.03913121830223206,0.01281242054933343,0.9480563611484345
25934,LOF,0.02505446736988777,0.01486680499922825,0.960078727630884
25935,LOF,0.05973989645954502,0.0337148471772636,0.9065452563631913
25936,LOF,0.047160854590477315,0.016941642523848503,0.9358975028856741
25937,LOF,0.02716378580493544,0.0313784500423915,0.941457764152673
25938,LOF,0.06160673186082778,0.03499044318530048,0.9034028249538718
25939,LOF,0.04095525571577296,0.014222970469156895,0.9448217738150703
25940,LOF,0.026532461697851634,0.40605662278528015,0.5674109155168683
25941,LOF,0.17173729443132207,0.11616477888493726,0.7120979266837406
25942,LOF,0.013876168175116638,0.0380851848664882,0.9480386469583951
25943,LOF,0.29645935468690887,0.059121625824794535,0.6444190194882966
25944,Neutral,0.4906961423289712,0.023781368522625655,0.4855224891484032
25945,LOF,0.07389170894328283,0.022753671259039213,0.9033546197976781
25946,LOF,0.028216202133423095,0.10851101157491883,0.863272786291658
25947,LOF,0.09634646029998775,0.2172781036423895,0.6863754360576227
25948,LOF,0.3648156244070531,0.00853970784322304,0.6266446677497238
25949,LOF,0.12820429879751327,0.04241187739862385,0.8293838238038629
25950,GOF,0.30834528602785083,0.3766792272435753,0.31497548672857384
25951,LOF,0.21467140022250744,0.24340246706840246,0.5419261327090901
25952,LOF,0.04834236651946362,0.45557763772254084,0.49607999575799555
25953,LOF,0.15593804132939634,0.10401360064466292,0.7400483580259407
25954,Neutral,0.44391154521557835,0.1644026513775529,0.39168580340686876
25955,LOF,0.05733975288503722,0.08283392621393983,0.859826320901023
25956,LOF,0.15952253024471164,0.11686335288255265,0.7236141168727357
25957,LOF,0.03619105921155412,0.028301600697099093,0.9355073400913468
25958,LOF,0.06071883282855509,0.02940868165173407,0.9098724855197108
25959,LOF,0.07222505204923597,0.34634401360865774,0.5814309343421062
25960,LOF,0.016718039902347975,0.057534180218683756,0.9257477798789683
25961,LOF,0.04552376594595688,0.031390196029837864,0.9230860380242052
25962,LOF,0.05181946005711373,0.027021846361323883,0.9211586935815624
25963,LOF,0.0425149773110417,0.21056470204262703,0.7469203206463314
25964,LOF,0.03300896449734117,0.1736028504121113,0.7933881850905475
25965,LOF,0.45913893616594514,0.07422593540711789,0.4666351284269369
25966,Neutral,0.5312324511684262,0.17227045929425025,0.2964970895373235
25967,LOF,0.019331860793557525,0.09370502617026806,0.8869631130361745
25968,LOF,0.02619485206058473,0.40679368910037406,0.5670114588390411
25969,LOF,0.026043567755606373,0.06482973409306782,0.9091266981513257
25970,LOF,0.06352889463616353,0.06311032425926813,0.8733607811045684
25971,LOF,0.06575066759359072,0.01822249811606639,0.916026834290343
25972,LOF,0.06890713571709688,0.024043052395351323,0.9070498118875518
25973,LOF,0.06737073990714243,0.009172269108549793,0.9234569909843079
25974,LOF,0.20753663165705885,0.016907551253405036,0.7755558170895361
25975,LOF,0.0408726385410921,0.02618708414879644,0.9329402773101114
25976,LOF,0.04304441012296422,0.016906667035059147,0.9400489228419766
25977,LOF,0.15635151988855311,0.10249089034255464,0.7411575897688923
25978,LOF,0.14512223265808263,0.06426011942973828,0.7906176479121791
25979,LOF,0.1340910718942004,0.06238067531966381,0.8035282527861357
25980,LOF,0.2187462352930944,0.07759219048919849,0.7036615742177073
25981,LOF,0.246743829012092,0.07580036123167357,0.6774558097562344
25982,LOF,0.4152191319815577,0.054172618746958445,0.5306082492714839
25983,LOF,0.38665346719245824,0.060743547161777635,0.5526029856457642
25984,LOF,0.04454705742837621,0.048151246026777964,0.9073016965448458
25985,LOF,0.036404683589889145,0.26516414792645876,0.6984311684836522
25986,LOF,0.042785802196282974,0.29287205704914177,0.6643421407545752
25987,LOF,0.07451566537089523,0.06478125340475441,0.8607030812243504
25988,LOF,0.15223901827263767,0.059110167330065196,0.7886508143972971
25989,LOF,0.030836329958709184,0.12684418262741368,0.8423194874138772
25990,LOF,0.04586969240417544,0.1507369493253463,0.8033933582704782
25991,LOF,0.11689317424273872,0.33943092527869145,0.5436759004785698
25992,LOF,0.25739645588616555,0.20503622169246224,0.5375673224213723
25993,LOF,0.022966263969014574,0.08314387766405672,0.8938898583669287
25994,LOF,0.016453345259533462,0.11344167703466806,0.8701049777057984
25995,LOF,0.02427382842167847,0.23308775573797785,0.7426384158403437
25996,GOF,0.27708702094901366,0.4940456461003687,0.22886733295061765
25997,LOF,0.07398016233142626,0.4565193065365665,0.46950053113200735
25998,Neutral,0.5347150979992941,0.024311004463158016,0.4409738975375479
25999,LOF,0.10826996031662198,0.08937105722392447,0.8023589824594536
26000,LOF,0.16329962132159806,0.04022319287864633,0.7964771857997557
26001,LOF,0.20817294840298275,0.04898094226624519,0.742846109330772
26002,LOF,0.14933855212367397,0.0421944504729382,0.8084669974033879
26003,GOF,0.010731250489970421,0.6036885587398881,0.38558019077014144
26004,GOF,0.01868542108513593,0.6767022977000513,0.3046122812148128
26005,LOF,0.0075323825066526484,0.46414086159167883,0.5283267559016684
26006,Neutral,0.5134683081643727,0.2582067291940037,0.22832496264162352
26007,GOF,0.020747611104975396,0.5378474535276552,0.44140493536736947
26008,GOF,0.015645988475953845,0.619351635803346,0.36500237572070016
26009,GOF,0.018754611207168828,0.6747809255879577,0.3064644632048736
26010,GOF,0.021488540047181627,0.6642839989835695,0.3142274609692488
26011,LOF,0.006582189119607963,0.4652122382338118,0.5282055726465802
26012,GOF,0.012768660255868135,0.583604704991827,0.4036266347523049
26013,GOF,0.017941870076274215,0.6214320936437082,0.3606260362800176
26014,LOF,0.04239807404361043,0.1008689682577946,0.8567329576985949
26015,LOF,0.16947158775112495,0.01384030645581497,0.8166881057930602
26016,LOF,0.21330759324174992,0.0501770379655308,0.7365153687927193
26017,LOF,0.2280877197439135,0.08495989261162261,0.6869523876444639
26018,LOF,0.08838977893350806,0.03026607192324501,0.8813441491432469
26019,LOF,0.08351189105385186,0.02430128974899415,0.8921868191971541
26020,LOF,0.07463799142477409,0.11709925728895715,0.8082627512862688
26021,LOF,0.048852865568756836,0.10946616311824438,0.8416809713129987
26022,LOF,0.011337950846316535,0.03638101660149411,0.9522810325521894
26023,LOF,0.07317424342275684,0.019369356816489332,0.9074563997607538
26024,LOF,0.035708736030823245,0.10873104786517523,0.8555602161040016
26025,LOF,0.1508789656904984,0.08636239286542284,0.7627586414440787
26026,LOF,0.34201353904991666,0.025704879404041977,0.6322815815460414
26027,LOF,0.06486685671203404,0.014988413949544224,0.9201447293384218
26028,LOF,0.175327230804007,0.06496534032398413,0.7597074288720088
26029,LOF,0.06914602310626983,0.19591619724190987,0.7349377796518203
26030,LOF,0.021723887839212228,0.06226480806953639,0.9160113040912514
26031,LOF,0.024979969883093076,0.14534587526555082,0.8296741548513561
26032,LOF,0.06845857354131878,0.09658244569436394,0.8349589807643172
26033,LOF,0.0852194435545314,0.09232142216242169,0.8224591342830468
26034,LOF,0.04228775196529536,0.16934623297572643,0.7883660150589781
26035,LOF,0.02612531084503786,0.16265184319604176,0.8112228459589205
26036,LOF,0.03836939332485934,0.18738813451935235,0.7742424721557883
26037,LOF,0.021953886964888886,0.1294177271788663,0.8486283858562449
26038,LOF,0.06424601191061187,0.09836655864224755,0.8373874294471405
26039,LOF,0.047367283717346984,0.16438010222368957,0.7882526140589635
26040,LOF,0.21976801553143227,0.15612956420486507,0.6241024202637026
26041,LOF,0.022382895542677254,0.12135485013966596,0.8562622543176567
26042,LOF,0.02010975391584992,0.11542715329906089,0.8644630927850891
26043,LOF,0.06503577422406993,0.11926518783548194,0.8156990379404482
26044,LOF,0.01968728591354804,0.07747881544986421,0.9028338986365878
26045,LOF,0.06966291498451121,0.10823750041330382,0.8220995846021849
26046,LOF,0.058103014259082084,0.09418725975805484,0.8477097259828631
26047,LOF,0.07652338019690465,0.09974364440167795,0.8237329754014174
26048,LOF,0.04633129902227392,0.047067889774032506,0.9066008112036935
26049,Neutral,0.9670920821549762,0.008069510639673946,0.024838407205349865
26050,Neutral,0.9533734221711566,0.010645405511686771,0.03598117231715651
26051,LOF,0.0506983316103406,0.30296526352684117,0.6463364048628182
26052,LOF,0.0656882417883826,0.3223205194404128,0.6119912387712046
26053,LOF,0.05506606324152304,0.1271781462994175,0.8177557904590594
26054,LOF,0.05166179270820812,0.016921883952232698,0.9314163233395593
26055,LOF,0.06856874393225565,0.014540676940537919,0.9168905791272065
26056,LOF,0.05912626787805172,0.016453391204589753,0.9244203409173586
26057,LOF,0.030831273344602384,0.012301644300114656,0.9568670823552831
26058,LOF,0.03224331230788983,0.009789156929831403,0.9579675307622788
26059,LOF,0.28868981963929286,0.019416344544254782,0.6918938358164523
26060,LOF,0.037631518857757576,0.184569923227875,0.7777985579143674
26061,LOF,0.01752444176610337,0.010593352205223741,0.9718822060286729
26062,LOF,0.0104379857825107,0.016098651179300674,0.9734633630381887
26063,LOF,0.021879260037687833,0.011720627149227614,0.9664001128130846
26064,LOF,0.023280836029306695,0.021296785845310955,0.9554223781253823
26065,LOF,0.02708621034865044,0.010600590424016258,0.9623131992273332
26066,LOF,0.021190815878021265,0.011646878590204312,0.9671623055317745
26067,LOF,0.027275812678598278,0.00878816886252355,0.9639360184588782
26068,LOF,0.04492845858362366,0.028168186175853777,0.9269033552405225
26069,LOF,0.24811949650441972,0.019196901362891552,0.7326836021326887
26070,LOF,0.37081245232389365,0.015826167351191495,0.6133613803249148
26071,LOF,0.02120630349555228,0.011748753021231182,0.9670449434832166
26072,LOF,0.022048053675634085,0.01606481291437737,0.9618871334099885
26073,LOF,0.02111550758879304,0.010509313537692529,0.9683751788735145
26074,Neutral,0.9108647361427042,0.005956356202334708,0.08317890765496105
26075,LOF,0.04430615472657103,0.015606513918091347,0.9400873313553376
26076,LOF,0.04235420719777777,0.009624696167322677,0.9480210966348995
26077,LOF,0.010467460932530263,0.016241169348986402,0.9732913697184833
26078,LOF,0.01272433259680433,0.01165889119872975,0.9756167762044659
26079,LOF,0.06053741099508829,0.016188169663015128,0.9232744193418966
26080,LOF,0.05959123633516904,0.016202109722267204,0.9242066539425637
26081,LOF,0.0349091486156528,0.006423767734568146,0.9586670836497792
26082,LOF,0.014172404173829579,0.014289636668301438,0.971537959157869
26083,LOF,0.1850431986301903,0.01367095859656009,0.8012858427732497
26084,LOF,0.04547941798197368,0.01142729460457191,0.9430932874134544
26085,LOF,0.04152586741213568,0.010887341997167644,0.9475867905906966
26086,LOF,0.020589993278612405,0.011441413368586726,0.9679685933528009
26087,LOF,0.025809781905801545,0.008418000621249361,0.9657722174729492
26088,LOF,0.016178385001985218,0.023220146812474286,0.9606014681855404
26089,LOF,0.0424642675028462,0.022490809796759575,0.9350449227003943
26090,LOF,0.042182133937873165,0.018235928556739806,0.939581937505387
26091,LOF,0.03417191669729164,0.006492546338203269,0.959335536964505
26092,LOF,0.02397224469961111,0.008070148090723508,0.9679576072096654
26093,LOF,0.03474024822453322,0.006104649485544657,0.9591551022899222
26094,LOF,0.03508629575322824,0.006508287631587859,0.958405416615184
26095,LOF,0.03770998022895666,0.012981398822047272,0.949308620948996
26096,LOF,0.017336917993228777,0.012016623517812165,0.970646458488959
26097,LOF,0.011622329029153678,0.03400553328526252,0.9543721376855838
26098,LOF,0.06891579976520498,0.010001156371618112,0.9210830438631767
26099,LOF,0.02164981103111179,0.012246639959490418,0.9661035490093979
26100,LOF,0.024255341944498715,0.012000182926035744,0.9637444751294655
26101,LOF,0.049752182126381155,0.01477896390862357,0.9354688539649952
26102,LOF,0.021842293038269532,0.01323403117214292,0.9649236757895875
26103,Neutral,0.8826525229193501,0.018731744853706458,0.09861573222694354
26104,LOF,0.07861698302604529,0.02179382698176963,0.8995891899921852
26105,LOF,0.20949527084794303,0.2995773853086768,0.4909273438433803
26106,LOF,0.18350789663283681,0.13011198943436783,0.6863801139327954
26107,LOF,0.24082349295351352,0.08970602011826648,0.66947048692822
26108,LOF,0.30237606947287754,0.11159356786578334,0.5860303626613391
26109,LOF,0.1101567276813127,0.05250088214927284,0.8373423901694144
26110,LOF,0.20873894836670942,0.008157506033570131,0.7831035455997204
26111,Neutral,0.5051458071547362,0.02814485395827048,0.46670933888699334
26112,LOF,0.03244534763800642,0.009109333142670808,0.9584453192193227
26113,LOF,0.06770027136015937,0.01953057877898211,0.9127691498608584
26114,LOF,0.024162530223855592,0.03011870839080499,0.9457187613853394
26115,LOF,0.08270957625569351,0.057592969105952005,0.8596974546383545
26116,LOF,0.06320694080123061,0.06250287063311516,0.8742901885656542
26117,LOF,0.42810022055605235,0.048277501670351566,0.523622277773596
26118,LOF,0.03290584262242865,0.027636790602824885,0.9394573667747464
26119,LOF,0.022356516678448304,0.03683732886569283,0.9408061544558589
26120,LOF,0.027660268638211867,0.022808324024171468,0.9495314073376167
26121,LOF,0.041529020858396784,0.08511579028274532,0.8733551888588578
