feature0,prediction,LoGoFunc_Neutral,LoGoFunc_GOF,LoGoFunc_LOF
25546,Neutral,0.6157762040707903,0.06328550729052417,0.3209382886386857
25547,Neutral,0.4610491467172997,0.09415500695643612,0.44479584632626434
25548,Neutral,0.4967313737408639,0.07877035947463942,0.42449826678449654
25549,LOF,0.4261140568493264,0.07920122830412983,0.4946847148465437
25550,LOF,0.3274496830112,0.11431163545694509,0.5582386815318551
25551,LOF,0.29445626248859025,0.12185611997207849,0.5836876175393313
25552,LOF,0.2352708519175467,0.11896114299466744,0.6457680050877859
25553,Neutral,0.7945253115770196,0.04464542992509087,0.16082925849788968
25554,LOF,0.28669854333455164,0.10463821696423449,0.6086632397012139
25555,LOF,0.23666526935554782,0.10085004648328157,0.6624846841611707
25556,LOF,0.45086939235264223,0.08695011321448833,0.46218049443286946
25557,LOF,0.22711606792151515,0.10508772388789128,0.6677962081905935
25558,LOF,0.3009653899577437,0.1022432306210714,0.596791379421185
25559,LOF,0.18405329686547942,0.1041379930537103,0.7118087100808104
25560,LOF,0.16617927690671463,0.10029528962786455,0.7335254334654208
25561,LOF,0.15295736594978493,0.10766085154790474,0.7393817825023103
25562,LOF,0.08045670643950008,0.07706350848780445,0.8424797850726954
25563,LOF,0.023568524217754645,0.13841747032772078,0.8380140054545246
25564,LOF,0.24754470599603076,0.11842882884472322,0.6340264651592461
25565,LOF,0.2064667570763826,0.14371200904678946,0.649821233876828
25566,GOF,0.08263318415853478,0.7173873951561867,0.19997942068527857
25567,LOF,0.03796859117576309,0.13321819357138626,0.8288132152528507
25568,LOF,0.06508612479196739,0.0730010422060805,0.8619128330019521
25569,LOF,0.06039823208963204,0.07344497241931174,0.8661567954910561
25570,LOF,0.026087856214275847,0.094993999525521,0.8789181442602032
25571,LOF,0.02519278000464488,0.09893347331515968,0.8758737466801955
25572,LOF,0.05965048222363381,0.11970198055646426,0.8206475372199019
25573,LOF,0.05611837321615585,0.08999469635143949,0.8538869304324046
25574,LOF,0.057321202920794095,0.20772733877649877,0.7349514583027071
25575,LOF,0.02148828595738654,0.11024823384779307,0.8682634801948204
25576,LOF,0.029036702437418096,0.15337464086625938,0.8175886566963225
25577,LOF,0.028580859314514036,0.12204256733402435,0.8493765733514616
25578,LOF,0.30522200883279005,0.08129207940262627,0.6134859117645837
25579,LOF,0.12353780648685805,0.08895290795728142,0.7875092855558605
25580,LOF,0.018083960348546528,0.08112022292120229,0.9007958167302512
25581,LOF,0.05788250352158064,0.06696955585570208,0.8751479406227172
25582,LOF,0.05749646391819871,0.0652364773978634,0.877267058683938
25583,LOF,0.01907419187253452,0.08064265223647189,0.9002831558909936
25584,Neutral,0.6858679538841931,0.1026404673331002,0.21149157878270664
25585,LOF,0.02584852618072413,0.1331807996707441,0.8409706741485318
25586,LOF,0.017096323729268424,0.07159424028580666,0.911309435984925
25587,LOF,0.016411276652591296,0.06451887548941908,0.9190698478579896
25588,LOF,0.01853295607027747,0.07407450304973706,0.9073925408799856
25589,Neutral,0.5181992053063483,0.19849178138667015,0.28330901330698155
25590,LOF,0.04599848454766992,0.11972699814103585,0.8342745173112942
25591,LOF,0.09847319690975725,0.05589620774305928,0.8456305953471833
25592,LOF,0.05670043118262584,0.1376902985351417,0.8056092702822325
25593,LOF,0.1353592135248118,0.26659474031068375,0.5980460461645044
25594,LOF,0.054149515983816295,0.11203188715240887,0.8338185968637749
25595,LOF,0.055320465574084314,0.08478645490297412,0.8598930795229416
25596,LOF,0.11236999602783374,0.04656292093339936,0.8410670830387669
25597,LOF,0.08455443738613475,0.05699369672365682,0.8584518658902084
25598,LOF,0.05727771625340255,0.08399647093454209,0.8587258128120553
25599,GOF,0.02174930844829471,0.5003628924932378,0.4778877990584674
25600,GOF,0.16546351621126854,0.5221285195950095,0.312407964193722
25601,LOF,0.037112978718596173,0.4298068426116052,0.5330801786697986
25602,LOF,0.03312239136525136,0.06562942042756659,0.9012481882071821
25603,LOF,0.03148671099132479,0.03798953895735063,0.9305237500513245
25604,LOF,0.031111830009466625,0.08189734419409776,0.8869908257964356
25605,LOF,0.03458558112000531,0.21320552556190267,0.7522088933180919
25606,LOF,0.39204257353499544,0.12742683694915957,0.480530589515845
25607,LOF,0.024070898014040876,0.20673932828774647,0.7691897736982125
25608,LOF,0.031575568875134276,0.07002540106973118,0.8983990300551346
25609,GOF,0.15004475532979114,0.5128805472655958,0.3370746974046131
25610,LOF,0.015451946375282594,0.031216667610092085,0.9533313860146252
25611,LOF,0.013030322429712419,0.03576060395905424,0.9512090736112333
25612,LOF,0.053660704702351306,0.054618788703862345,0.8917205065937864
25613,LOF,0.0511703413082535,0.05317997401032959,0.8956496846814168
25614,LOF,0.02086913503051424,0.029097486009867505,0.9500333789596183
25615,LOF,0.04484040536251777,0.05308654753912673,0.9020730470983556
25616,LOF,0.04595192187385539,0.03249015306144289,0.9215579250647017
25617,LOF,0.039069185650878045,0.045513635164507425,0.9154171791846144
25618,LOF,0.05127567509391723,0.04086768609743355,0.9078566388086492
25619,LOF,0.01356768458137215,0.0378194370985102,0.9486128783201175
25620,LOF,0.05974983417290819,0.04867994820480474,0.891570217622287
25621,LOF,0.05339593927231473,0.03895252389735807,0.9076515368303273
25622,LOF,0.06667018390741576,0.038545326124148356,0.894784489968436
25623,LOF,0.0731388241286778,0.03012991915152469,0.8967312567197975
25624,LOF,0.019289173674165556,0.03877182448744715,0.9419390018383873
25625,LOF,0.06262922498762091,0.04314914772730066,0.8942216272850785
25626,LOF,0.047738942980066625,0.04884509145575063,0.9034159655641827
25627,Neutral,0.8927266286642274,0.01868572332174143,0.08858764801403124
25628,LOF,0.12838587211398989,0.056603219939440425,0.8150109079465696
25629,LOF,0.06650384839314603,0.04649187904487948,0.8870042725619744
25630,LOF,0.2813274871584469,0.07010897779230152,0.6485635350492515
25631,Neutral,0.5548865540606496,0.058511351704281754,0.3866020942350687
25632,LOF,0.02512706924325941,0.06170595229148393,0.9131669784652567
25633,LOF,0.1752327374693053,0.030371313255011013,0.7943959492756837
25634,LOF,0.03401750257710566,0.07580091300793684,0.8901815844149575
25635,LOF,0.0360364178375135,0.037908616342554116,0.9260549658199325
25636,LOF,0.0332239971622211,0.418654746615308,0.5481212562224709
25637,LOF,0.06420081018490355,0.45116319461619886,0.48463599519889755
25638,LOF,0.02804929726935342,0.2993960225590004,0.6725546801716462
25639,LOF,0.029615066379097676,0.32068638872026417,0.6496985449006382
25640,Neutral,0.824024590900702,0.13563922012096064,0.040336188978337455
25641,GOF,0.061062697766778924,0.48202619456452206,0.45691110766869913
25642,LOF,0.041962736573395304,0.1716851987519371,0.7863520646746676
25643,LOF,0.2188895849931203,0.1771429709372071,0.6039674440696726
25644,LOF,0.021791945128429045,0.43830824670899865,0.5398998081625722
25645,LOF,0.026205958432443607,0.38512918547228625,0.5886648560952702
25646,LOF,0.06168919396643091,0.2905315982979793,0.6477792077355897
25647,LOF,0.025896558504629248,0.24687805110845198,0.7272253903869189
25648,LOF,0.0382636193790477,0.22573021086189787,0.7360061697590544
25649,LOF,0.017648891681281982,0.22590297703270884,0.7564481312860092
25650,LOF,0.05913805908630246,0.39350389667950697,0.5473580442341905
25651,LOF,0.018329855486114894,0.25064706528978975,0.7310230792240953
25652,LOF,0.03738757821994624,0.23706872528698889,0.7255436964930648
25653,LOF,0.08291356639359614,0.3985208193203905,0.5185656142860133
25654,LOF,0.02622120978074211,0.21760968989164925,0.7561691003276086
25655,GOF,0.24051564942024878,0.3845941836249248,0.37489016695482635
25656,LOF,0.2572457549318138,0.05553711385051176,0.6872171312176744
25657,LOF,0.06169606681683503,0.05995225618190725,0.8783516770012577
25658,LOF,0.34141599788082455,0.06687198728854776,0.5917120148306276
25659,Neutral,0.5104061714629278,0.09831263988611201,0.3912811886509603
25660,LOF,0.022181908404711622,0.08650017821245237,0.8913179133828361
25661,LOF,0.08777658737664067,0.06050313018562806,0.8517202824377312
25662,LOF,0.03303217592614151,0.033995893140269524,0.932971930933589
25663,LOF,0.04231223345981696,0.04418139621434543,0.9135063703258375
25664,LOF,0.13200612895503444,0.06334677452558093,0.8046470965193846
25665,LOF,0.056284132309875,0.032627611926137494,0.9110882557639874
25666,LOF,0.08235696647411239,0.07881326315419915,0.8388297703716885
25667,LOF,0.0640576924846938,0.03664438729433527,0.899297920220971
25668,LOF,0.035530194757541746,0.045874329164510154,0.9185954760779481
25669,LOF,0.03119813479851825,0.04847869585749383,0.9203231693439881
25670,LOF,0.14666711803333385,0.06244668316983558,0.7908861987968305
25671,LOF,0.09764063858349284,0.03441971687135003,0.867939644545157
25672,LOF,0.05407869011737199,0.04423314439553435,0.9016881654870937
25673,LOF,0.07547092927420262,0.04699047403999597,0.8775385966858014
25674,LOF,0.0643337241768546,0.056377702528227255,0.8792885732949182
25675,LOF,0.10930304304677324,0.055115066503285924,0.8355818904499408
25676,LOF,0.017644077344789184,0.04892636153149023,0.9334295611237207
25677,LOF,0.024699298265716988,0.06668148511219077,0.9086192166220923
25678,LOF,0.18443781839064083,0.056591604351576404,0.7589705772577827
25679,LOF,0.12842331749208855,0.07248284422951082,0.7990938382784005
25680,LOF,0.02919419184724909,0.10983746510077623,0.8609683430519747
25681,LOF,0.04496565638883689,0.10023777637271691,0.8547965672384462
25682,LOF,0.13392930582498394,0.07165170255121445,0.7944189916238016
25683,LOF,0.11430063942507114,0.08518806048844595,0.800511300086483
25684,LOF,0.04198940046130172,0.07167497034851408,0.8863356291901843
25685,LOF,0.11872532468640973,0.050581831777672184,0.8306928435359181
25686,LOF,0.06813679606506841,0.08154132075244286,0.8503218831824886
25687,LOF,0.11108263011559721,0.08758965465568151,0.8013277152287211
25688,LOF,0.29352140701023705,0.03693107928910719,0.6695475137006558
25689,LOF,0.2353792935394132,0.038524978173244705,0.7260957282873421
25690,LOF,0.34732545033472506,0.030301302987300688,0.6223732466779743
25691,Neutral,0.6998634970889511,0.02399667869305607,0.2761398242179927
25692,LOF,0.2870616597651844,0.011220328467220835,0.7017180117675947
25693,LOF,0.05032476149780594,0.46641618003228696,0.483259058469907
25694,LOF,0.11996465794219469,0.01820993498523942,0.8618254070725658
25695,LOF,0.12471679296164694,0.017921798651751572,0.8573614083866016
25696,LOF,0.10726570931081976,0.010188658420268846,0.8825456322689115
25697,LOF,0.12004962393638675,0.0358187115232439,0.8441316645403694
25698,LOF,0.3694214242160021,0.18948192637741254,0.4410966494065852
25699,LOF,0.4317443495768447,0.039049897264116215,0.529205753159039
25700,LOF,0.059462341207207975,0.008156355949439257,0.9323813028433529
25701,LOF,0.1426168941609206,0.04907486904728242,0.808308236791797
25702,GOF,0.17564387492316874,0.5882899398591847,0.2360661852176466
25703,LOF,0.01859721587174096,0.14826614461662346,0.8331366395116356
25704,LOF,0.05030230955252783,0.10707567615093626,0.8426220142965359
25705,LOF,0.057576668690767566,0.19059182687841172,0.7518315044308207
25706,LOF,0.09108348915328664,0.4458295669453014,0.463086943901412
25707,LOF,0.0824082414885252,0.34273901476404656,0.5748527437474282
25708,LOF,0.029646075571047068,0.30715249468810546,0.6632014297408475
25709,LOF,0.06260421034403799,0.040242382373831063,0.8971534072821309
25710,LOF,0.012102051515983819,0.13787876416604505,0.8500191843179712
25711,LOF,0.01753160610862954,0.09937867119843757,0.8830897226929328
25712,LOF,0.013573666546447814,0.1884255663280767,0.7980007671254754
25713,LOF,0.018804989485999443,0.08015946612322,0.9010355443907805
25714,LOF,0.0705134531907227,0.07939017779724718,0.85009636901203
25715,LOF,0.010662056997253002,0.1341202686666013,0.8552176743361456
25716,LOF,0.0143811373233845,0.12482314089822484,0.8607957217783907
25717,LOF,0.013219422102460581,0.0817155861528738,0.9050649917446657
25718,LOF,0.011882356475191024,0.096010649941765,0.8921069935830439
25719,LOF,0.017106143347211687,0.08152220877093028,0.9013716478818582
25720,LOF,0.021692241395041233,0.06840732664009996,0.9099004319648589
25721,LOF,0.01474121970575005,0.11481390018772866,0.8704448801065212
25722,LOF,0.014016414736737572,0.12029674564331937,0.8656868396199432
25723,LOF,0.02225634943107801,0.04294500353305103,0.9347986470358709
25724,LOF,0.020869397156975156,0.08273881686994962,0.8963917859730752
25725,LOF,0.011377728189439374,0.06579683051838013,0.9228254412921806
25726,LOF,0.0150832415498127,0.09300051679167808,0.8919162416585092
25727,LOF,0.012562832249047126,0.0754017259220614,0.9120354418288914
25728,LOF,0.009521748208909985,0.11468315962543531,0.8757950921656548
25729,LOF,0.009942722374315885,0.11053359730836841,0.8795236803173156
25730,LOF,0.01387578785530709,0.08677112349431942,0.8993530886503734
25731,LOF,0.019595972454050068,0.11923675590022567,0.8611672716457243
25732,LOF,0.014657981143556079,0.07815525373184273,0.9071867651246013
25733,LOF,0.014577793133016654,0.06927416355661421,0.9161480433103691
25734,LOF,0.012323682876749993,0.12428014663089479,0.8633961704923553
25735,LOF,0.013671383851337473,0.08449398781469573,0.9018346283339669
25736,LOF,0.01421946742812554,0.11190765061726354,0.873872881954611
25737,LOF,0.021460734608047382,0.08287713553105072,0.895662129860902
25738,LOF,0.012329343813692443,0.10401324963785033,0.8836574065484573
25739,LOF,0.0200350423149794,0.07740938489453142,0.9025555727904891
25740,LOF,0.026948958091540912,0.10348134674766228,0.8695696951607967
25741,LOF,0.014891101029236076,0.10465336083126343,0.8804555381395005
25742,LOF,0.10864241154135733,0.07683371261629901,0.8145238758423438
25743,LOF,0.030507664822258453,0.03394698122260038,0.9355453539551413
25744,Neutral,0.6124175919628309,0.1866325123932179,0.2009498956439513
25745,LOF,0.07956225729592219,0.06799918425597246,0.8524385584481055
25746,LOF,0.037653245205022064,0.08129256268646205,0.881054192108516
25747,LOF,0.022455177958831122,0.04259641493676304,0.9349484071044059
25748,LOF,0.09655856524397922,0.05801047596440945,0.8454309587916112
25749,LOF,0.02576893566130134,0.07662861075423039,0.8976024535844683
25750,LOF,0.08799331153252452,0.0749743682146073,0.8370323202528681
25751,LOF,0.08855506358770669,0.06675257009213548,0.8446923663201578
25752,GOF,0.10974375763490989,0.6525584417158942,0.2376978006491959
25753,LOF,0.021129864658384474,0.28677738561177385,0.6920927497298417
25754,GOF,0.01131239495907069,0.7987431583005403,0.18994444674038902
25755,LOF,0.022791574701405717,0.39392766738691326,0.583280757911681
25756,LOF,0.04083528512021111,0.3921133691616052,0.5670513457181836
25757,GOF,0.013809091389674281,0.853422206794423,0.13276870181590264
25758,GOF,0.027394291431416223,0.8233857686152044,0.14921993995337932
25759,GOF,0.011365807315000519,0.5829975653928597,0.40563662729213973
25760,LOF,0.012303146047377188,0.26187452055471905,0.7258223333979037
25761,GOF,0.2663978342157714,0.6446688958906327,0.08893326989359586
25762,LOF,0.034260202543237236,0.28554982578862725,0.6801899716681356
25763,LOF,0.01300818450247455,0.22688618551881892,0.7601056299787065
25764,GOF,0.08535319096036448,0.6346616555790465,0.27998515346058894
25765,GOF,0.03857959021435956,0.7545980071235305,0.20682240266211002
25766,GOF,0.06711707814499428,0.7479392559285202,0.18494366592648567
25767,GOF,0.14307619450506415,0.5345164547818119,0.32240735071312393
25768,LOF,0.10268117161382934,0.06505963671077614,0.8322591916753944
25769,LOF,0.07424533374477273,0.06589079570235763,0.8598638705528697
25770,LOF,0.2632275507643509,0.09473947962016233,0.6420329696154867
25771,LOF,0.040268786550351265,0.046176285752672734,0.9135549276969759
25772,LOF,0.016591664676965722,0.03399239303838786,0.9494159422846465
25773,LOF,0.05224402698523702,0.08880668310405612,0.858949289910707
25774,LOF,0.02790376996640397,0.0812673829623088,0.8908288470712873
25775,LOF,0.04897797590319846,0.04724197866992815,0.9037800454268734
25776,LOF,0.06783527613563582,0.023922010290734118,0.90824271357363
25777,LOF,0.3325827867066658,0.05427565650490412,0.6131415567884301
25778,LOF,0.06654581086594294,0.0464848593046942,0.8869693298293628
25779,GOF,0.3921846757820057,0.5634521113449339,0.044363212873060366
25780,GOF,0.31144046785075585,0.6067559733685591,0.081803558780685
25781,GOF,0.14209243346680697,0.7608233446574596,0.09708422187573333
25782,GOF,0.217572339970279,0.7159137586470069,0.06651390138271406
25783,GOF,0.025745960185029892,0.6304202355262176,0.3438338042887524
25784,Neutral,0.5164593091976409,0.44700802971828474,0.036532661084074304
25785,Neutral,0.4874365367848049,0.47206896436060497,0.04049449885459005
25786,GOF,0.029040040264964557,0.7447676755681253,0.2261922841669102
25787,Neutral,0.6729468172591728,0.2999959615377719,0.027057221203055204
25788,LOF,0.05088804001671107,0.1015206563291334,0.8475913036541555
25789,GOF,0.21458096474536423,0.6499262885830102,0.13549274667162567
25790,GOF,0.22722857099152177,0.6475150830388553,0.12525634596962287
25791,GOF,0.16759184665502586,0.6462713560402139,0.18613679730476035
25792,GOF,0.3673970212997354,0.4952047898043568,0.13739818889590796
25793,GOF,0.25791720813501123,0.5107155745624774,0.23136721730251134
25794,GOF,0.31179396574003754,0.5231925305222612,0.1650135037377014
25795,GOF,0.075528063098016,0.6796461502680325,0.24482578663395144
25796,Neutral,0.5670188431071542,0.346612316375636,0.08636884051720978
25797,GOF,0.09025026192506296,0.5387403209936555,0.3710094170812815
25798,LOF,0.008515292613430023,0.48021654468903047,0.5112681626975395
25799,LOF,0.0076165529396235365,0.35994799651342296,0.6324354505469535
25800,GOF,0.03684930488339878,0.574020864226788,0.3891298308898132
25801,GOF,0.20681847690239277,0.6585024774819541,0.1346790456156531
25802,GOF,0.0715116245618386,0.6728936306242586,0.25559474481390293
25803,GOF,0.03310403688366665,0.5730464834864718,0.39384947962986167
25804,LOF,0.030371031239698983,0.465321549933942,0.5043074188263591
25805,GOF,0.10248927851147979,0.5748343249113602,0.32267639657716
25806,GOF,0.09945303712667149,0.5765739053776056,0.3239730574957231
25807,GOF,0.018531715992738885,0.600426397905887,0.38104188610137407
25808,GOF,0.07741297835216994,0.6371979098063377,0.28538911184149235
25809,GOF,0.01692787694172059,0.549137560785606,0.4339345622726734
25810,GOF,0.0156929145666716,0.5968203158873556,0.38748676954597283
25811,Neutral,0.46558423077593764,0.4490921479323161,0.08532362129174638
25812,GOF,0.028583253157307607,0.6241721904154807,0.3472445564272119
25813,Neutral,0.5416819236023012,0.3599277721518813,0.09839030424581753
25814,GOF,0.11149012176482923,0.6247383625922543,0.2637715156429163
25815,GOF,0.19265453585889442,0.6208232127245884,0.18652225141651718
25816,GOF,0.020951884612420327,0.6785179228294088,0.30053019255817087
25817,GOF,0.22153331751318217,0.6520362628791156,0.12643041960770227
25818,GOF,0.05169530683524664,0.6383876199255255,0.3099170732392279
25819,GOF,0.3615126658991372,0.4989764788859337,0.13951085521492904
25820,GOF,0.18106748701450798,0.5949299528796756,0.22400256010581646
25821,GOF,0.056404708939010416,0.6520935241306246,0.291501766930365
25822,GOF,0.23410499381955785,0.5528364624630457,0.21305854371739644
25823,GOF,0.031188854903508048,0.5075919138518274,0.4612192312446644
25824,GOF,0.08319521823463989,0.5653977184565425,0.3514070633088177
25825,GOF,0.03308839524461508,0.5639495648430951,0.40296203991228985
25826,GOF,0.013897644744752895,0.5368925341865958,0.44920982106865137
25827,GOF,0.02252604375067602,0.5720420147323712,0.40543194151695283
25828,GOF,0.012991260401053304,0.4945929911705404,0.49241574842840635
25829,GOF,0.005669077062053583,0.5453099197137472,0.4490210032241992
25830,LOF,0.03822550503780099,0.28347593465537324,0.6782985603068258
25831,GOF,0.19798801176874975,0.6773092752534572,0.12470271297779298
25832,GOF,0.033429056885624545,0.7070770877456067,0.2594938553687688
25833,GOF,0.12600500495457528,0.7252677319904512,0.1487272630549735
25834,GOF,0.03391356432226138,0.7183593874781827,0.24772704819955602
25835,GOF,0.07643916182477026,0.7675882042067711,0.15597263396845865
25836,GOF,0.03419128618030702,0.6949736137194135,0.2708351001002795
25837,GOF,0.025109986571255537,0.568567605842666,0.4063224075860784
25838,GOF,0.08964525917766546,0.7754698991121556,0.13488484171017898
25839,GOF,0.26906909002689366,0.5933760788189213,0.13755483115418513
25840,GOF,0.21870022895269184,0.6274221352046854,0.15387763584262273
25841,GOF,0.22376930398711878,0.6432563290725182,0.13297436694036296
25842,GOF,0.16008235115624783,0.7118761824748528,0.12804146636889932
25843,GOF,0.21949656783157087,0.6953187450844329,0.08518468708399612
25844,GOF,0.0690740309709621,0.7163122387982382,0.2146137302307996
25845,LOF,0.01594220261002872,0.4733397654628133,0.510718031927158
25846,GOF,0.1187863960907943,0.7344952240114501,0.14671837989775566
25847,GOF,0.10601294040881876,0.7843372244872033,0.1096498351039778
25848,GOF,0.03391743922550015,0.675227428224066,0.2908551325504339
25849,GOF,0.010556387475739412,0.558233577258882,0.4312100352653786
25850,GOF,0.020905532962608366,0.643611324992221,0.3354831420451707
25851,GOF,0.01697853659765219,0.5027810762111018,0.480240387191246
25852,GOF,0.15056322910750347,0.524441716363306,0.3249950545291904
25853,GOF,0.331631665479578,0.5897278205389294,0.07864051398149262
25854,GOF,0.02176376885103819,0.5909865523270899,0.387249678821872
25855,GOF,0.0350498492120174,0.5435442513959677,0.4214058993920147
25856,GOF,0.24640319237725652,0.5138673009316834,0.23972950669106016
25857,LOF,0.037994426636869826,0.4724531173296939,0.4895524560334362
25858,GOF,0.017955017213894534,0.5324225084812514,0.4496224743048541
25859,GOF,0.009665971101963454,0.49759658725014977,0.4927374416478868
25860,GOF,0.3653553724526509,0.5479888101520338,0.08665581739531523
25861,GOF,0.44134734418719385,0.48382284093473826,0.07482981487806796
25862,GOF,0.08129206419243537,0.7824226231775394,0.13628531263002513
25863,GOF,0.07606016298173025,0.7868368733264194,0.1371029636918504
25864,GOF,0.20652752735864055,0.7239778950461639,0.06949457759519546
25865,GOF,0.08505371698317457,0.8061432733282169,0.10880300968860848
25866,GOF,0.058560444839630396,0.7750132403145262,0.16642631484584325
25867,GOF,0.08129037527995678,0.8174510402892616,0.10125858443078171
25868,GOF,0.2529179218521888,0.6469167623296862,0.10016531581812506
25869,Neutral,0.7409210435263821,0.21540955257440253,0.04366940389921524
25870,GOF,0.2904560501727691,0.3747406928892864,0.33480325693794444
25871,GOF,0.21595818022310145,0.6375832715158625,0.14645854826103621
25872,GOF,0.07389277808922712,0.6232588708576804,0.30284835105309243
25873,GOF,0.1055047211687995,0.6603582255359995,0.23413705329520093
25874,LOF,0.014114724216315646,0.11237101899126943,0.8735142567924149
25875,LOF,0.08760767445643904,0.040749620136242934,0.8716427054073181
25876,LOF,0.037775365091690966,0.028023224309168634,0.9342014105991403
25877,Neutral,0.5082646959876671,0.04819467134098598,0.4435406326713469
25878,LOF,0.21733150598311488,0.09322435786558038,0.6894441361513048
25879,LOF,0.08472746044215686,0.09310048452479698,0.8221720550330461
25880,LOF,0.04112963811805816,0.01598558453293807,0.9428847773490039
25881,LOF,0.17168626681167456,0.11774412086564287,0.7105696123226825
25882,LOF,0.05510545795909377,0.017806539955914965,0.9270880020849912
25883,LOF,0.06242966055057552,0.021064262875136387,0.9165060765742881
25884,LOF,0.030207892112592016,0.030246057625301737,0.9395460502621062
25885,LOF,0.05696313122652991,0.012414179602390154,0.9306226891710798
25886,LOF,0.23425573876651182,0.04101371416338881,0.7247305470700993
25887,LOF,0.1495775418734029,0.06832075140202011,0.782101706724577
25888,LOF,0.07147098579408098,0.0590659696070823,0.8694630445988367
25889,LOF,0.036787217221315234,0.02163434607849278,0.9415784367001919
25890,LOF,0.0434006875871831,0.14399694551313771,0.8126023668996791
25891,LOF,0.037364931302207485,0.05063219612562112,0.9120028725721715
25892,LOF,0.08887308304510626,0.02236747872945139,0.8887594382254423
25893,LOF,0.2403213995441177,0.020607704776964778,0.7390708956789175
25894,LOF,0.17383986364054493,0.010893037538675633,0.8152670988207794
25895,LOF,0.1932793191617209,0.021587861159458606,0.7851328196788206
25896,LOF,0.05077721660599946,0.020982757830727575,0.928240025563273
25897,LOF,0.25093798469223133,0.011306648157010473,0.7377553671507583
25898,Neutral,0.7140027740818073,0.009452219101347182,0.27654500681684546
25899,LOF,0.23179618268433924,0.02053752324958304,0.7476662940660778
25900,LOF,0.4448600538834348,0.013016594009488331,0.5421233521070769
25901,LOF,0.058114841963551565,0.012341693925899398,0.9295434641105489
25902,LOF,0.15014583894715466,0.01481687404302014,0.8350372870098253
25903,Neutral,0.5607373546994325,0.02774001544231,0.4115226298582574
25904,LOF,0.3232925921081884,0.04164951135795635,0.6350578965338551
25905,LOF,0.03237003955874228,0.31998594544177894,0.6476440149994787
25906,LOF,0.035569022980623845,0.08203938652850878,0.8823915904908674
25907,LOF,0.013659634851522079,0.3365751952521829,0.649765169896295
25908,LOF,0.009914311402481507,0.2652233589287028,0.7248623296688157
25909,LOF,0.0133766443659539,0.1369205843961517,0.8497027712378944
25910,LOF,0.05049467062373165,0.12641433349516248,0.8230909958811058
25911,LOF,0.19555433049196577,0.01867617735991619,0.785769492148118
25912,LOF,0.047526126510673915,0.03965913585617173,0.9128147376331543
25913,LOF,0.3248060973091854,0.01775092554580778,0.6574429771450068
25914,LOF,0.01968311572014887,0.06096592783155516,0.919350956448296
25915,Neutral,0.574179272448189,0.17472815213120083,0.25109257542061014
25916,LOF,0.08401026120909445,0.22657760329923893,0.6894121354916666
25917,LOF,0.06547806466517145,0.0497241063224054,0.8847978290124231
25918,LOF,0.02220526667407406,0.03847247875326792,0.9393222545726579
25919,LOF,0.019023154466602084,0.04122764880923471,0.9397491967241632
25920,GOF,0.09879837324839923,0.5478634465543702,0.3533381801972306
25921,LOF,0.025349235824305837,0.02860858234122305,0.9460421818344711
25922,LOF,0.03516188330539107,0.01969725743837441,0.9451408592562344
25923,LOF,0.44350049463139385,0.023932924629830776,0.5325665807387754
25924,LOF,0.03660965910529271,0.03693010553583914,0.9264602353588681
25925,LOF,0.07389885489663578,0.03146759453777299,0.8946335505655912
25926,LOF,0.05244197231423759,0.026360215016208405,0.921197812669554
25927,LOF,0.05553845465061799,0.10871481165837586,0.8357467336910062
25928,LOF,0.018123974400479772,0.0389537623713197,0.9429222632282006
25929,Neutral,0.5431918265159419,0.026634998160516014,0.43017317532354205
25930,LOF,0.07370198613787136,0.022782725879360772,0.9035152879827678
25931,LOF,0.026054548347050694,0.024397535936972612,0.9495479157159767
25932,LOF,0.028897267174978748,0.021537034624975457,0.9495656982000459
25933,LOF,0.03749957610542694,0.015192538440391026,0.9473078854541821
25934,LOF,0.02490793577187616,0.01657657435334598,0.9585154898747779
25935,LOF,0.061165218459963804,0.038507999425654436,0.9003267821143818
25936,LOF,0.04732831280357526,0.01787331548509048,0.9347983717113342
25937,LOF,0.0275441954450497,0.026717779729974418,0.9457380248249759
25938,LOF,0.06434485268902769,0.039996744748092186,0.8956584025628801
25939,LOF,0.03817607609120383,0.01524812895642583,0.9465757949523703
25940,LOF,0.026545604377933588,0.38660795175247487,0.5868464438695915
25941,LOF,0.18618569323612796,0.11751867315580529,0.6962956336080668
25942,LOF,0.013896489154276175,0.03492275491513438,0.9511807559305895
25943,LOF,0.30912886277683954,0.058077286469531794,0.6327938507536287
25944,LOF,0.48621290083692137,0.02449226609684174,0.48929483306623683
25945,LOF,0.07393895647702245,0.023883334283071784,0.9021777092399057
25946,LOF,0.029981505076784033,0.12006926785742708,0.8499492270657889
25947,LOF,0.11143361436001234,0.2056933465258575,0.6828730391141301
25948,LOF,0.36228274613535505,0.008417963667869404,0.6292992901967756
25949,LOF,0.12757411837501845,0.03956454672817397,0.8328613348968075
25950,GOF,0.2756345497105697,0.3937934490114969,0.33057200127793335
25951,LOF,0.2235149237502976,0.2731575351847093,0.5033275410649931
25952,LOF,0.03902928153472206,0.4616949142441635,0.4992758042211145
25953,LOF,0.14648184098702569,0.10738972377565129,0.746128435237323
25954,Neutral,0.4485810465512575,0.18229777747934786,0.3691211759693946
25955,LOF,0.04181817950147059,0.08264091323405726,0.8755409072644721
25956,LOF,0.181101371604663,0.10818071436814736,0.7107179140271898
25957,LOF,0.03875057879522457,0.026053078386306078,0.9351963428184693
25958,LOF,0.057158395536685086,0.03363020207055994,0.909211402392755
25959,LOF,0.06329993715144935,0.4046505614418994,0.5320495014066513
25960,LOF,0.015150770514137055,0.06057192388448258,0.9242773056013804
25961,LOF,0.04210496172504764,0.03329400802646876,0.9246010302484835
25962,LOF,0.05215393946424456,0.022430321518607934,0.9254157390171476
25963,LOF,0.04321517986187705,0.19503024005114544,0.7617545800869775
25964,LOF,0.03221793042967431,0.16111067179632316,0.8066713977740025
25965,Neutral,0.47137221542544727,0.06412957474070344,0.46449820983384943
25966,Neutral,0.5408609078707527,0.17619222284430158,0.2829468692849457
25967,LOF,0.017423023301954554,0.10713073081297703,0.8754462458850685
25968,LOF,0.027973884755576536,0.42892937321740005,0.5430967420270234
25969,LOF,0.031176493543248203,0.06244299915056358,0.9063805073061882
25970,LOF,0.06064006985890405,0.07096676301423382,0.8683931671268621
25971,LOF,0.06388966276102906,0.018668911323500383,0.9174414259154705
25972,LOF,0.06655438059810637,0.027361732077146074,0.9060838873247476
25973,LOF,0.07220465512808044,0.009205489450662102,0.9185898554212575
25974,LOF,0.19868603879798216,0.01696935652350075,0.7843446046785171
25975,LOF,0.04352122961767434,0.02488557470451817,0.9315931956778075
25976,LOF,0.04230434706255919,0.016366455434555185,0.9413291975028857
25977,LOF,0.14515030197423479,0.08000396470826668,0.7748457333174985
25978,LOF,0.145051327734018,0.05868854984382137,0.7962601224221605
25979,LOF,0.13783576996342603,0.05782546494058505,0.8043387650959889
25980,LOF,0.23532054785133225,0.07276449067753706,0.6919149614711306
25981,LOF,0.26447447716809364,0.07068893090457401,0.6648365919273325
25982,LOF,0.41640958802521777,0.04491829717166738,0.5386721148031148
25983,LOF,0.38858174571038956,0.048592556764407165,0.5628256975252033
25984,LOF,0.04952442923256121,0.04151969952964819,0.9089558712377908
25985,LOF,0.03793463992566131,0.2533708590294133,0.7086945010449255
25986,LOF,0.04037238846945911,0.2946733260391029,0.664954285491438
25987,LOF,0.08300753707547877,0.06350357102933732,0.853488891895184
25988,LOF,0.15652522500431365,0.053103898336281125,0.7903708766594052
25989,LOF,0.03550141330252691,0.10496469405374023,0.8595338926437328
25990,LOF,0.046821501935659295,0.1325463004121495,0.8206321976521912
25991,LOF,0.12262046911663542,0.29362161884502086,0.5837579120383438
25992,LOF,0.2864029475720756,0.18771299180671255,0.5258840606212118
25993,LOF,0.0207536029420256,0.09099236794142473,0.8882540291165497
25994,LOF,0.015393554738589563,0.10958230819984094,0.8750241370615696
25995,LOF,0.020951100725166337,0.23231976253592299,0.7467291367389106
25996,GOF,0.30224374296367956,0.45436409774420755,0.24339215929211294
25997,LOF,0.08415875471768798,0.4104165398149322,0.5054247054673798
25998,Neutral,0.5289130981297585,0.022069760358877432,0.44901714151136407
25999,LOF,0.10410919180432443,0.07891749438119319,0.8169733138144823
26000,LOF,0.16650204934438542,0.04908304982741756,0.7844149008281971
26001,LOF,0.19608161500347893,0.049633932006130144,0.7542844529903909
26002,LOF,0.1482375001756218,0.049073916359377405,0.8026885834650008
26003,GOF,0.00972636859299099,0.5743392291074437,0.41593440229956524
26004,GOF,0.020723573245609736,0.6662141252773758,0.3130623014770145
26005,LOF,0.00662208855719843,0.4577418555268379,0.5356360559159636
26006,Neutral,0.5185311249408161,0.2357776580460346,0.24569121701314933
26007,GOF,0.020359719931268654,0.5221359375640384,0.457504342504693
26008,GOF,0.01692932123322596,0.5966373623823487,0.3864333163844254
26009,GOF,0.02008787394332553,0.680062405376785,0.2998497206798895
26010,GOF,0.020902046194267276,0.6056415438338971,0.3734564099718356
26011,LOF,0.0067273916402645255,0.4485196909574084,0.544752917402327
26012,GOF,0.012152116987796873,0.547621067470177,0.44022681554202603
26013,GOF,0.017843122306247707,0.6077221591256525,0.3744347185680998
26014,LOF,0.04049041993104987,0.10384579402123041,0.8556637860477199
26015,LOF,0.18233170584518693,0.013496675169360381,0.8041716189854526
26016,LOF,0.21225473852334373,0.05133144048626051,0.7364138209903958
26017,LOF,0.2260721061743773,0.07977697444452682,0.6941509193810959
26018,LOF,0.09645466656558856,0.03247499632307657,0.8710703371113349
26019,LOF,0.0927776495958282,0.025574404579756984,0.8816479458244147
26020,LOF,0.07243151929672678,0.10137358159100696,0.8261948991122662
26021,LOF,0.05193226144029696,0.10083959617779409,0.847228142381909
26022,LOF,0.01117393761941549,0.037017161313571564,0.951808901067013
26023,LOF,0.07247845363576529,0.019815711560916615,0.9077058348033182
26024,LOF,0.03219840846441493,0.11286046271859347,0.8549411288169917
26025,LOF,0.17206197904149814,0.0777602965313875,0.7501777244271144
26026,LOF,0.36721976686316,0.026188603568741222,0.6065916295680988
26027,LOF,0.0718072414514657,0.015731959191816972,0.9124607993567172
26028,LOF,0.17480081686445764,0.07186260758733741,0.7533365755482049
26029,LOF,0.07160809390080473,0.22003693015598264,0.7083549759432127
26030,LOF,0.02195560347245552,0.06258715256058395,0.9154572439669606
26031,LOF,0.025944147499343085,0.16565791591791756,0.8083979365827394
26032,LOF,0.06820842027346859,0.09445855628839285,0.8373330234381386
26033,LOF,0.08222517626068974,0.09271489231569255,0.8250599314236178
26034,LOF,0.04222400952374761,0.18628387131287513,0.7714921191633772
26035,LOF,0.025261679638146312,0.17575591563947737,0.7989824047223762
26036,LOF,0.03821398735220454,0.19692364135464516,0.7648623712931504
26037,LOF,0.020589023511313195,0.1568921245855117,0.8225188519031751
26038,LOF,0.06338064422297066,0.09729877258807534,0.8393205831889539
26039,LOF,0.05114830292362556,0.19225521914416036,0.7565964779322141
26040,LOF,0.2197602327313147,0.15392054277317366,0.6263192244955116
26041,LOF,0.02092313782283373,0.13986312498883788,0.8392137371883284
26042,LOF,0.019637181872190476,0.13296680199685137,0.8473960161309582
26043,LOF,0.06379078108304237,0.11369672538029355,0.822512493536664
26044,LOF,0.019149445208369746,0.07727204112878924,0.903578513662841
26045,LOF,0.06231438260772917,0.1301524199228806,0.8075331974693901
26046,LOF,0.05736418365153163,0.09368114071194106,0.8489546756365274
26047,LOF,0.07679100919821358,0.09631221037620226,0.8268967804255841
26048,LOF,0.04929010000172377,0.043763635643292796,0.9069462643549835
26049,Neutral,0.9665556912031746,0.007861204190783148,0.02558310460604206
26050,Neutral,0.952402047115282,0.01034325757955637,0.0372546953051616
26051,LOF,0.048278051211729074,0.3085345801668294,0.6431873686214417
26052,LOF,0.058779231855993354,0.35481565927281594,0.5864051088711907
26053,LOF,0.061272465709852564,0.12603205550917673,0.8126954787809706
26054,LOF,0.05307842864004319,0.017339014336974004,0.9295825570229829
26055,LOF,0.07214533275660248,0.014911633470253004,0.9129430337731445
26056,LOF,0.059919217543103455,0.0160108835471132,0.9240698989097833
26057,LOF,0.029641255403834953,0.012094487442065106,0.9582642571540999
26058,LOF,0.030778274547314157,0.009807048128965377,0.9594146773237204
26059,LOF,0.27159166110066657,0.021639098522806148,0.7067692403765273
26060,LOF,0.04313634803902793,0.17040230468530307,0.7864613472756691
26061,LOF,0.0175628544668551,0.011382530638995539,0.9710546148941493
26062,LOF,0.01036861193701141,0.017475526893346874,0.9721558611696418
26063,LOF,0.021012774924432945,0.01130001142456378,0.9676872136510033
26064,LOF,0.02183140989263401,0.02222613316492418,0.9559424569424417
26065,LOF,0.02541303129885633,0.010590079539895996,0.9639968891612476
26066,LOF,0.02136394984611546,0.011047913380374634,0.9675881367735099
26067,LOF,0.026558199206786363,0.008876202101180964,0.9645655986920326
26068,LOF,0.04529495282339853,0.02843171897559516,0.9262733282010064
26069,LOF,0.2596691870848842,0.018639664587675468,0.7216911483274404
26070,LOF,0.415443211752829,0.015948268206955368,0.5686085200402157
26071,LOF,0.020780119154925208,0.011968175754790198,0.9672517050902847
26072,LOF,0.020288994172907908,0.016198340878064703,0.9635126649490273
26073,LOF,0.0204364936776498,0.010291825743860878,0.9692716805784893
26074,Neutral,0.9086785507153626,0.005592049615970346,0.08572939966866695
26075,LOF,0.04608410921316456,0.014345880688130662,0.9395700100987049
26076,LOF,0.04090155957447025,0.009847797688829133,0.9492506427367007
26077,LOF,0.009817992214641183,0.014154565491706357,0.9760274422936525
26078,LOF,0.012693748944973974,0.011507304659302641,0.9757989463957233
26079,LOF,0.06275762574290773,0.016858391483699272,0.9203839827733931
26080,LOF,0.0618363557343126,0.01687308952339868,0.9212905547422887
26081,LOF,0.03314524541531663,0.0063779338003041855,0.9604768207843792
26082,LOF,0.013009102468677482,0.01660485380429541,0.9703860437270272
26083,LOF,0.18452052090795928,0.013694395638180753,0.8017850834538599
26084,LOF,0.04494392913747107,0.011138276399779948,0.943917794462749
26085,LOF,0.040414991356605486,0.010723672489732512,0.948861336153662
26086,LOF,0.02019789019023571,0.010948659397108224,0.9688534504126561
26087,LOF,0.02451489417304539,0.008231695220504985,0.9672534106064495
26088,LOF,0.015613011116188687,0.02240892432123325,0.9619780645625782
26089,LOF,0.0428663692174353,0.021669936615565905,0.9354636941669988
26090,LOF,0.04245897503487457,0.017762366198766744,0.9397786587663587
26091,LOF,0.03377076211182718,0.006413757108341683,0.9598154807798313
26092,LOF,0.022342999528682437,0.00776429304684608,0.9698927074244714
26093,LOF,0.0324033666636661,0.005982409591266277,0.9616142237450676
26094,LOF,0.03732028560237544,0.006443091661376642,0.9562366227362479
26095,LOF,0.03873738114452865,0.013358713524767666,0.9479039053307037
26096,LOF,0.017200138537130743,0.010882320413436586,0.9719175410494327
26097,LOF,0.011310108892953462,0.03201944915307052,0.9566704419539761
26098,LOF,0.08057123541630427,0.010708946137754208,0.9087198184459414
26099,LOF,0.02101278688062099,0.011821217428561454,0.9671659956908175
26100,LOF,0.0234987674090115,0.011560195143939531,0.9649410374470488
26101,LOF,0.047829346913483936,0.015581028494280247,0.9365896245922357
26102,LOF,0.020312029967414387,0.013014255852554914,0.9666737141800308
26103,Neutral,0.8826061715584372,0.018063522323123752,0.09933030611843924
26104,LOF,0.08541191234317745,0.023871875291246736,0.8907162123655759
26105,LOF,0.19866995017948652,0.27380893720081423,0.5275211126196993
26106,LOF,0.19141026704904265,0.11005007084115652,0.6985396621098008
26107,LOF,0.23657229195079746,0.07651408694612542,0.6869136211030771
26108,LOF,0.2597395360877156,0.09464286530425133,0.6456175986080329
26109,LOF,0.10284812755942586,0.05746645266678319,0.839685419773791
26110,LOF,0.2197010249233293,0.007802119292380424,0.7724968557842902
26111,Neutral,0.5103322768270145,0.02474359704502646,0.4649241261279589
26112,LOF,0.03137101741210563,0.009537590160159062,0.9590913924277353
26113,LOF,0.06757729536692601,0.02084142570762261,0.9115812789254514
26114,LOF,0.022592166758562605,0.029677500825704778,0.9477303324157327
26115,LOF,0.08000527845078573,0.055601237238694354,0.86439348431052
26116,LOF,0.063855946050598,0.06725026309000726,0.8688937908593948
26117,LOF,0.43840392032298753,0.03943281783365011,0.5221632618433624
26118,LOF,0.03131630447041018,0.02535067048356858,0.9433330250460212
26119,LOF,0.023077251473320824,0.033106642422179755,0.9438161061044993
26120,LOF,0.02433235997887651,0.021241661868961308,0.9544259781521621
26121,LOF,0.043902774899657805,0.07657361876837335,0.8795236063319689
