feature0,prediction,LoGoFunc_Neutral,LoGoFunc_GOF,LoGoFunc_LOF
25546,Neutral,0.6375237976680641,0.05629912483390652,0.3061770774980293
25547,Neutral,0.5204983913496781,0.09411520887433078,0.385386399775991
25548,Neutral,0.5403576590882252,0.08378729117261144,0.3758550497391634
25549,Neutral,0.47044178112903084,0.08640644520557632,0.4431517736653928
25550,LOF,0.4176949187582605,0.10263962941012846,0.4796654518316111
25551,LOF,0.3419235724958143,0.11380872565728067,0.5442677018469051
25552,LOF,0.3225043989012989,0.11860618851021545,0.5588894125884857
25553,Neutral,0.7875263971340584,0.05188249826168957,0.16059110460425194
25554,LOF,0.34723826734158614,0.10899556640203915,0.5437661662563746
25555,LOF,0.30885956528268316,0.11181808957172269,0.5793223451455941
25556,Neutral,0.47115306468535867,0.0990851369123136,0.4297617984023278
25557,LOF,0.2950421570800114,0.10654075686470635,0.5984170860552823
25558,LOF,0.35360793498817694,0.09996079803801221,0.5464312669738108
25559,LOF,0.2309461170983593,0.056801615941861644,0.7122522669597791
25560,LOF,0.10716656883953712,0.13538883904960206,0.7574445921108607
25561,LOF,0.12409654333985022,0.18663693989181226,0.6892665167683375
25562,LOF,0.037284046798205316,0.09087514598022622,0.8718408072215684
25563,LOF,0.00904860678482147,0.1525251076570455,0.8384262855581329
25564,LOF,0.07948849414910493,0.1045202502664468,0.8159912555844482
25565,LOF,0.19390358710820751,0.14248745085633976,0.6636089620354527
25566,GOF,0.06386152558950348,0.7129044605391509,0.22323401387134545
25567,LOF,0.04978469105868843,0.15721776133141063,0.792997547609901
25568,LOF,0.06000811116426133,0.10487265978432204,0.8351192290514167
25569,LOF,0.06043762345224841,0.09684495203581552,0.8427174245119361
25570,LOF,0.026963567304081993,0.1462574140790028,0.8267790186169153
25571,LOF,0.025774797173022317,0.15108153126689217,0.8231436715600855
25572,LOF,0.05265193425845784,0.19845296836400478,0.7488950973775373
25573,LOF,0.05770951481463647,0.12512318475238646,0.8171673004329771
25574,LOF,0.06295884405570545,0.2384780373592529,0.6985631185850416
25575,LOF,0.024770409892421606,0.16833741971009195,0.8068921703974865
25576,LOF,0.0239626516448974,0.2327677513057931,0.7432695970493094
25577,LOF,0.026926360347489617,0.18832128865414025,0.7847523509983702
25578,LOF,0.31861363630319284,0.1049052066142433,0.5764811570825639
25579,LOF,0.2351033539351151,0.10361516041268425,0.6612814856522007
25580,LOF,0.02376643188557283,0.09536558651257152,0.8808679816018558
25581,LOF,0.04982544875748485,0.10504767272271097,0.8451268785198042
25582,LOF,0.049149514059395744,0.10312213662788991,0.8477283493127142
25583,LOF,0.029571905170850878,0.11570400530696104,0.854724089522188
25584,Neutral,0.7192374675656823,0.11738729783801458,0.16337523459630326
25585,LOF,0.02417945785605291,0.20021539131989888,0.7756051508240482
25586,LOF,0.020942001224885546,0.12891382183759328,0.8501441769375211
25587,LOF,0.020893315773137293,0.1105477795636465,0.8685589046632163
25588,LOF,0.024619137623322164,0.10093905049364246,0.8744418118830353
25589,Neutral,0.5513835303612723,0.22573593733004602,0.2228805323086817
25590,LOF,0.05036335669005332,0.14422902719623928,0.8054076161137074
25591,LOF,0.08189864403505222,0.09516310368402597,0.8229382522809219
25592,LOF,0.07060099787045868,0.17571351635365517,0.7536854857758862
25593,LOF,0.1148198972952216,0.28823085155477085,0.5969492511500075
25594,LOF,0.05656209536044052,0.032975765087509386,0.9104621395520502
25595,LOF,0.06018923208157866,0.02129800293205538,0.918512764986366
25596,LOF,0.12456055457101269,0.01514691731344847,0.8602925281155389
25597,LOF,0.08691082022393341,0.01697911142926799,0.8961100683467986
25598,LOF,0.04989641488089525,0.024106578727377294,0.9259970063917273
25599,LOF,0.026015702524945613,0.37545783599814936,0.598526461476905
25600,LOF,0.17900629488465494,0.3555183598690525,0.4654753452462927
25601,LOF,0.04887028907379876,0.28163436206430736,0.6694953488618939
25602,LOF,0.03221604906115796,0.07586320878492613,0.8919207421539159
25603,LOF,0.04673048127045036,0.0812736745822455,0.871995844147304
25604,LOF,0.04960622768042284,0.136455547425567,0.8139382248940102
25605,LOF,0.039012976620371155,0.2399534321922789,0.7210335911873499
25606,Neutral,0.40945779102107405,0.25462078307525265,0.3359214259036734
25607,LOF,0.029788256620035137,0.27790368556815415,0.6923080578118107
25608,LOF,0.044090172469832725,0.12034162602205364,0.8355682015081136
25609,GOF,0.13694094550790908,0.600219993273816,0.26283906121827494
25610,LOF,0.017585256775033878,0.06347871869140372,0.9189360245335624
25611,LOF,0.01309112035295779,0.06343147669535723,0.9234774029516849
25612,LOF,0.046530494361297796,0.07179615825163159,0.8816733473870707
25613,LOF,0.04605100627978744,0.06476858214897636,0.8891804115712363
25614,LOF,0.02222828198834968,0.05899483513327337,0.918776882878377
25615,LOF,0.0422462347002225,0.06283814861132328,0.8949156166884543
25616,LOF,0.057347888782956886,0.06885305715929597,0.873799054057747
25617,LOF,0.04277808772262855,0.07346294067857019,0.8837589715988011
25618,LOF,0.046775830843230594,0.0993254155471949,0.8538987536095746
25619,LOF,0.013882821454960555,0.08128154082397682,0.9048356377210626
25620,LOF,0.04931624612957591,0.0693256134992271,0.881358140371197
25621,LOF,0.061934995033023736,0.060712475529539574,0.8773525294374367
25622,LOF,0.07672864659489365,0.070612654137528,0.8526586992675784
25623,LOF,0.06229991483448398,0.06730874458343457,0.8703913405820815
25624,LOF,0.020989035234160566,0.06717540949246978,0.9118355552733696
25625,LOF,0.0586196635953866,0.07071963415811368,0.8706607022464997
25626,LOF,0.04831435673699272,0.06141313836382475,0.8902725048991826
25627,Neutral,0.888103762992324,0.02488141240179705,0.08701482460587891
25628,LOF,0.1558539653538719,0.07412482017175165,0.7700212144743764
25629,LOF,0.061363944489302776,0.0727233268071852,0.865912728703512
25630,LOF,0.26544362535837135,0.08066025951485284,0.6538961151267758
25631,Neutral,0.541536054221377,0.05943666610643476,0.39902727967218815
25632,LOF,0.029945553531362367,0.16849343755640994,0.8015610089122277
25633,LOF,0.23177604542761654,0.09020174713346354,0.6780222074389198
25634,LOF,0.0415701919351082,0.1571102250391151,0.8013195830257767
25635,LOF,0.0367328915312119,0.0699271939178598,0.8933399145509282
25636,GOF,0.030439358186176463,0.538221367773544,0.43133927404027944
25637,GOF,0.041478971068587736,0.5187590039209319,0.43976202501048045
25638,LOF,0.024392894407081426,0.47054928229807225,0.5050578232948463
25639,LOF,0.030102667226515244,0.43074136284369063,0.5391559699297941
25640,Neutral,0.8476836934810755,0.09493203597119565,0.0573842705477288
25641,LOF,0.10035024504120464,0.35620391468048174,0.5434458402783136
25642,LOF,0.08909435871903744,0.15149718643932045,0.7594084548416422
25643,LOF,0.3095131260495237,0.09562571313960053,0.5948611608108758
25644,GOF,0.009921392912483167,0.6032701883300469,0.38680841875746996
25645,GOF,0.010888955587354827,0.5660390657880903,0.423071978624555
25646,LOF,0.022709841180728555,0.37726319609835246,0.6000269627209189
25647,LOF,0.010869283423009855,0.2809334663625382,0.7081972502144519
25648,LOF,0.011915992647354098,0.3748307889494913,0.6132532184031545
25649,LOF,0.007906614883451525,0.27199057979981467,0.7201028053167338
25650,GOF,0.025092698169725,0.5907361302044629,0.38417117162581216
25651,LOF,0.010566347291220572,0.39640448902528225,0.5930291636834972
25652,LOF,0.013969561611391068,0.4076127283996575,0.5784177099889514
25653,GOF,0.04095357472476814,0.5689531741196706,0.39009325115556126
25654,LOF,0.011431997762696504,0.26877173416468747,0.719796268072616
25655,GOF,0.11454001343335526,0.5858103161703746,0.2996496703962701
25656,LOF,0.27125525514049775,0.08097264145298878,0.6477721034065134
25657,LOF,0.034519175130702635,0.08677817046163507,0.8787026544076624
25658,LOF,0.3031166670177476,0.12383531474416266,0.5730480182380898
25659,Neutral,0.4614885271000081,0.14018911290672725,0.39832235999326454
25660,LOF,0.021252957757586313,0.10275671290598938,0.8759903293364242
25661,LOF,0.06776810618972846,0.0667015842097506,0.8655303096005209
25662,LOF,0.027224517693034078,0.03790072454703525,0.9348747577599306
25663,LOF,0.029320086806756664,0.03620561173418052,0.9344743014590629
25664,LOF,0.09737522550294216,0.05863615271316593,0.8439886217838919
25665,LOF,0.06299748274286888,0.03278902659165827,0.904213490665473
25666,LOF,0.0695419167674757,0.05180580819674475,0.8786522750357796
25667,LOF,0.05948883633491524,0.04284215353871837,0.8976690101263664
25668,LOF,0.02800053342171205,0.054701232293111045,0.9172982342851769
25669,LOF,0.021014771747391674,0.05031860265422132,0.928666625598387
25670,LOF,0.11360282783252261,0.04690613425740648,0.8394910379100708
25671,LOF,0.09366934249057866,0.03879505361591533,0.867535603893506
25672,LOF,0.05347562049499652,0.04999809365919346,0.8965262858458101
25673,LOF,0.08720827560238312,0.04099565389291564,0.8717960705047013
25674,LOF,0.08406384876683477,0.054484594718124446,0.8614515565150408
25675,LOF,0.07980822829460972,0.07023733684895614,0.8499544348564342
25676,LOF,0.016391212238838063,0.06009859781197108,0.9235101899491909
25677,LOF,0.016470439361769864,0.08563196497195745,0.8978975956662726
25678,LOF,0.15495770305137302,0.10144661858751546,0.7435956783611115
25679,LOF,0.10262262655585225,0.11100669840164604,0.7863706750425017
25680,LOF,0.025833391621829845,0.13253903879947113,0.841627569578699
25681,LOF,0.04139763401238705,0.11671071146323549,0.8418916545243774
25682,LOF,0.11478553018983233,0.07042307802480983,0.8147913917853579
25683,LOF,0.09365267472407647,0.09270894932823136,0.8136383759476921
25684,LOF,0.02717849744444909,0.05820134327814588,0.914620159277405
25685,LOF,0.12510865062716875,0.08139320712685093,0.7934981422459804
25686,LOF,0.08013330716144254,0.11235251478441394,0.8075141780541435
25687,LOF,0.12428782685710088,0.1113835697511877,0.7643286033917115
25688,LOF,0.4205251400831846,0.0303000074459882,0.5491748524708272
25689,LOF,0.26994019624317483,0.03961215808642747,0.6904476456703977
25690,LOF,0.35397047665946507,0.028423899188066804,0.6176056241524681
25691,Neutral,0.7086085279661326,0.02489002450430314,0.26650144752956423
25692,LOF,0.3597610110455458,0.012240751482322171,0.627998237472132
25693,GOF,0.03557126242937263,0.49125399128497516,0.4731747462856522
25694,LOF,0.11541331926566921,0.01775057699328574,0.866836103741045
25695,LOF,0.10186748764999846,0.008444109264781174,0.8896884030852202
25696,LOF,0.12098212061815766,0.012103124873336837,0.8669147545085054
25697,LOF,0.057372400763913846,0.0696089897122842,0.873018609523802
25698,LOF,0.2632500405759867,0.2367200628621289,0.5000298965618843
25699,LOF,0.4707649512256908,0.029903952567997924,0.4993310962063112
25700,LOF,0.059163339889328724,0.008892472506836932,0.9319441876038342
25701,LOF,0.18679051797957247,0.030557578760416686,0.7826519032600108
25702,GOF,0.19673538408189434,0.6294300938837962,0.1738345220343094
25703,LOF,0.016240432457870546,0.17727083057618478,0.8064887369659446
25704,LOF,0.03401444335301063,0.14218154501437336,0.8238040116326161
25705,LOF,0.044209721309097325,0.0759226857473989,0.8798675929435038
25706,LOF,0.11071492017614831,0.4420566523199241,0.44722842750392766
25707,LOF,0.08507264241914932,0.40121407537680087,0.5137132822040499
25708,LOF,0.039091444526177306,0.35614969595958623,0.6047588595142365
25709,LOF,0.07968199658611727,0.03286805806302885,0.8874499453508539
25710,LOF,0.01524049025107297,0.13062377129906186,0.8541357384498651
25711,LOF,0.02171211912418738,0.07044453080842368,0.9078433500673889
25712,LOF,0.017607589181717526,0.16704108857679784,0.8153513222414847
25713,LOF,0.019323352456541723,0.06571710935072461,0.9149595381927336
25714,LOF,0.08494109442518903,0.048993049103906325,0.8660658564709046
25715,LOF,0.011494009887610221,0.10512950079705609,0.8833764893153336
25716,LOF,0.01081789790683131,0.10204937235736673,0.887132729735802
25717,LOF,0.017413304390531136,0.0598240585369662,0.9227626370725027
25718,LOF,0.011637466492867935,0.04386710837952802,0.9444954251276041
25719,LOF,0.021637971045590256,0.06269402991641848,0.9156679990379913
25720,LOF,0.02732308409079858,0.04193840281943861,0.9307385130897629
25721,LOF,0.011615877120206616,0.058177646622299815,0.9302064762574935
25722,LOF,0.01331066678713149,0.048516306967999315,0.9381730262448692
25723,LOF,0.026548965095768273,0.032867371702477964,0.9405836632017538
25724,LOF,0.033277960666012976,0.06614742370554112,0.9005746156284459
25725,LOF,0.011485211031959174,0.06255103157556033,0.9259637573924806
25726,LOF,0.017482187901705155,0.07419145880309477,0.9083263532952002
25727,LOF,0.013940229094236326,0.047661597656750467,0.9383981732490131
25728,LOF,0.010535504792211239,0.0688506830371365,0.9206138121706522
25729,LOF,0.010852353621738801,0.06861438720383699,0.9205332591744242
25730,LOF,0.014558404465902683,0.06934867494679603,0.9160929205873012
25731,LOF,0.02026708867531148,0.08587316984141313,0.8938597414832753
25732,LOF,0.013358659743042655,0.04703384882003619,0.9396074914369212
25733,LOF,0.014391800814822312,0.05350262102245878,0.9321055781627188
25734,LOF,0.013169481869636686,0.10888036336677478,0.8779501547635886
25735,LOF,0.01128182219786511,0.055964837431637875,0.9327533403704971
25736,LOF,0.012597961374315635,0.06272631172030028,0.9246757269053841
25737,LOF,0.012207805325886232,0.09187928015310085,0.895912914521013
25738,LOF,0.01228481738537786,0.09510467059037818,0.892610512024244
25739,LOF,0.021685979338879006,0.06313882335074766,0.9151751973103733
25740,LOF,0.03297875340257797,0.10787575480184222,0.8591454917955799
25741,LOF,0.015353479785223077,0.09187950173890587,0.892767018475871
25742,LOF,0.12582912171014995,0.06605427411078234,0.8081166041790677
25743,LOF,0.04265387769060862,0.06211587941858205,0.8952302428908094
25744,Neutral,0.6271406361301055,0.25709690410487074,0.11576245976502383
25745,LOF,0.06500763335861749,0.08790716116891437,0.847085205472468
25746,LOF,0.04795492593539826,0.12126156809501679,0.830783505969585
25747,LOF,0.01852875106206334,0.13302478236535326,0.8484464665725834
25748,LOF,0.12013303296467087,0.20261144597938352,0.6772555210559457
25749,LOF,0.029565886908179927,0.11625970343231058,0.8541744096595095
25750,LOF,0.07463541617011568,0.13505567178216424,0.79030891204772
25751,LOF,0.11404137240113578,0.16882921249418611,0.7171294151046782
25752,GOF,0.12525486443442113,0.6351270764751491,0.23961805909042982
25753,LOF,0.03147869978705402,0.3612180995318798,0.6073032006810661
25754,GOF,0.017416499252474498,0.7779907314090424,0.20459276933848308
25755,LOF,0.032216257551649086,0.3538115370199909,0.61397220542836
25756,LOF,0.06218721764741387,0.4158553242681012,0.521957458084485
25757,GOF,0.017449459359991305,0.8718524566752536,0.11069808396475518
25758,GOF,0.026970178782487232,0.8282736424959961,0.14475617872151675
25759,GOF,0.010713509088923859,0.6640567426183718,0.3252297482927043
25760,LOF,0.017849960096453035,0.3687850042801734,0.6133650356233736
25761,GOF,0.282545140189857,0.6152088574767867,0.10224600233335629
25762,LOF,0.05469795070026413,0.32410047246921253,0.6212015768305233
25763,LOF,0.017042996530027818,0.24271332051283678,0.7402436829571355
25764,GOF,0.062455350121348986,0.7001725925526915,0.23737205732595945
25765,GOF,0.034745545602969614,0.7688186639486492,0.1964357904483812
25766,GOF,0.08065626251503596,0.7520871334589485,0.16725660402601555
25767,LOF,0.18098689184933847,0.3684912597029883,0.45052184844767323
25768,LOF,0.12178338200922514,0.037045143779515954,0.8411714742112589
25769,LOF,0.05157583086564344,0.06175473366902343,0.8866694354653332
25770,LOF,0.34918417266535906,0.11150727122497292,0.539308556109668
25771,LOF,0.06566820901174965,0.04963218951444151,0.8846996014738088
25772,LOF,0.019800750306606177,0.04558935837817608,0.9346098913152177
25773,LOF,0.06846848434709503,0.0572928069311253,0.8742387087217797
25774,LOF,0.030628696225552598,0.11872815903799887,0.8506431447364484
25775,LOF,0.07065593482055196,0.05304567145304016,0.8762983937264078
25776,LOF,0.0740135720274113,0.03292326674886653,0.8930631612237221
25777,LOF,0.3453572755794351,0.09358085839129986,0.561061866029265
25778,LOF,0.06824460040461702,0.04644009305066259,0.8853153065447203
25779,GOF,0.42692655120347434,0.5266582811305117,0.046415167666013946
25780,GOF,0.37126049247110254,0.5332064536940306,0.0955330538348668
25781,GOF,0.1095604891183004,0.7624180943384082,0.12802141654329138
25782,GOF,0.1901658572356214,0.7064893362835112,0.10334480648086745
25783,GOF,0.025836057593537586,0.6384638169427057,0.33570012546375677
25784,Neutral,0.5411700260561377,0.41318795505894834,0.045642018884914023
25785,Neutral,0.5650271923544061,0.3699879062232686,0.06498490142232523
25786,GOF,0.03346489545890234,0.6885494700224984,0.27798563451859926
25787,Neutral,0.7250143342378367,0.23544679630271703,0.0395388694594463
25788,LOF,0.05991192990213017,0.06434951683719992,0.87573855326067
25789,GOF,0.20131139681065313,0.6382080803591421,0.16048052283020472
25790,GOF,0.26949536191034773,0.6127953027512466,0.11770933533840562
25791,GOF,0.1358037644127647,0.6293241750338564,0.23487206055337886
25792,GOF,0.3544141952051583,0.46210958870396784,0.18347621609087383
25793,GOF,0.3123423776149497,0.41981359055110345,0.2678440318339468
25794,GOF,0.3455814662380519,0.4229561980505867,0.2314623357113613
25795,GOF,0.0586454498692707,0.64536360209248,0.2959909480382492
25796,Neutral,0.5647904474530655,0.3406904629994721,0.09451908954746248
25797,GOF,0.09378301102964778,0.5126618813673001,0.3935551076030521
25798,LOF,0.01062496181470504,0.48080733945396775,0.5085676987313271
25799,LOF,0.00892573515903,0.4093702192572598,0.5817040455837101
25800,GOF,0.04486409851521858,0.5923295357990858,0.3628063656856956
25801,GOF,0.2881541109014584,0.5848017852786846,0.127044103819857
25802,GOF,0.07959096129279522,0.5986666185078289,0.321742420199376
25803,GOF,0.047758835544344076,0.5201911065451682,0.43205005791048773
25804,LOF,0.041147823553124276,0.44626970703038793,0.5125824694164878
25805,GOF,0.11500768349351825,0.520749031264967,0.36424328524151484
25806,GOF,0.15612483457149268,0.5205312697908804,0.323343895637627
25807,GOF,0.0202662752186029,0.5607065775576644,0.4190271472237328
25808,GOF,0.10835247348039871,0.5001415079852111,0.39150601853439015
25809,GOF,0.020713623022337462,0.5463116758907609,0.4329747010869016
25810,GOF,0.021891372015698112,0.5479014824940642,0.43020714549023753
25811,Neutral,0.49895060994414997,0.4208543220337015,0.08019506802214844
25812,GOF,0.035638087114062064,0.5627835512506607,0.4015783616352772
25813,Neutral,0.6038497169076509,0.26601739497470517,0.13013288811764404
25814,GOF,0.1219546418789198,0.6002185653469085,0.2778267927741716
25815,GOF,0.2624648138808626,0.5292407934416569,0.2082943926774804
25816,GOF,0.021205447845939647,0.6477601202455915,0.33103443190846876
25817,GOF,0.20808325279955525,0.6544428429565599,0.1374739042438848
25818,GOF,0.04048953327748604,0.510142142164731,0.4493683245577829
25819,GOF,0.395661888288966,0.42149042432170725,0.18284768738932666
25820,GOF,0.18710281207470833,0.571549978097168,0.24134720982812372
25821,GOF,0.0548687048083404,0.6479007171825512,0.2972305780091084
25822,GOF,0.2667001279574362,0.45779573270504936,0.2755041393375144
25823,LOF,0.028889166195103635,0.4349080318827391,0.5362028019221573
25824,GOF,0.08267832043857894,0.46366238353729516,0.45365929602412597
25825,LOF,0.029636846202008228,0.47450696710125584,0.49585618669673587
25826,LOF,0.010633999499517748,0.4530896505017074,0.5362763499987748
25827,GOF,0.01733160999571673,0.5379703611629668,0.44469802884131654
25828,LOF,0.011457629680178265,0.4552499354525056,0.5332924348673163
25829,GOF,0.0065626682933606255,0.512270949716085,0.48116638199055434
25830,LOF,0.04231363336713943,0.22558688595327614,0.7320994806795843
25831,GOF,0.13187455768634362,0.7072538496330285,0.16087159268062798
25832,GOF,0.03587129319449292,0.6368927529363987,0.3272359538691083
25833,GOF,0.11882566824231001,0.6429480657664539,0.2382262659912362
25834,GOF,0.04017786991852829,0.6267643960027072,0.3330577340787645
25835,GOF,0.09256776408450515,0.5824217441350136,0.32501049178048136
25836,GOF,0.05366857357213677,0.6037655981122457,0.34256582831561744
25837,LOF,0.02238959904930377,0.4850213601480875,0.49258904080260874
25838,GOF,0.08874285355134967,0.677928160127454,0.23332898632119622
25839,GOF,0.3090248480429548,0.48482014204833596,0.2061550099087091
25840,GOF,0.22837776524998057,0.5355369093475878,0.23608532540243163
25841,GOF,0.25259224599432106,0.5284050014114982,0.2190027525941808
25842,GOF,0.17060188295859569,0.5862119112227162,0.2431862058186882
25843,GOF,0.24327303735987496,0.5876622728399193,0.1690646898002057
25844,GOF,0.05725447958546266,0.610535024016225,0.3322104963983124
25845,LOF,0.01333665762666952,0.4510454752462214,0.535617867127109
25846,GOF,0.08457547428709497,0.704728069368474,0.21069645634443104
25847,GOF,0.12698542074929745,0.666728088487126,0.20628649076357672
25848,GOF,0.0357880869356346,0.6262439504282991,0.33796796263606627
25849,GOF,0.01037764500198889,0.5176344211746288,0.47198793382338233
25850,GOF,0.025850731520517548,0.5359502835847487,0.4381989848947337
25851,LOF,0.02011884391754983,0.4403588064430288,0.5395223496394214
25852,GOF,0.14856235067973492,0.5372152506094087,0.31422239871085633
25853,GOF,0.34561737258456077,0.5566772891238216,0.09770533829161758
25854,GOF,0.017173038694823464,0.6338277861619616,0.3489991751432151
25855,GOF,0.0381660540496166,0.5738200952485347,0.38801385070184863
25856,GOF,0.2457974823343792,0.5276949956666495,0.22650752199897137
25857,GOF,0.03339909490403737,0.5083482059341845,0.45825269916177813
25858,GOF,0.017196030366033437,0.561997221026948,0.4208067486070185
25859,GOF,0.008984520900391984,0.54849638444097,0.44251909465863803
25860,GOF,0.360639304586185,0.516302501276056,0.12305819413775893
25861,GOF,0.377513049621401,0.5152582505421678,0.10722869983643127
25862,GOF,0.08585257310681561,0.7569351701663787,0.15721225672680567
25863,GOF,0.08765428466470125,0.7678514619955009,0.14449425333979793
25864,GOF,0.1894655711835372,0.7101793668570618,0.10035506195940107
25865,GOF,0.07093994703119348,0.768542490684231,0.16051756228457553
25866,GOF,0.06041329654172738,0.781256514308776,0.1583301891494966
25867,GOF,0.07814433177834158,0.7832865811482277,0.13856908707343066
25868,GOF,0.26847936239181464,0.5893776471494263,0.14214299045875908
25869,Neutral,0.7054480461307443,0.24338163561395348,0.05117031825530218
25870,LOF,0.2895728852304851,0.21112297425053891,0.49930414051897604
25871,GOF,0.24526308890277232,0.5850855077589686,0.16965140333825912
25872,GOF,0.09710845473107603,0.5963318740266565,0.30655967124226746
25873,GOF,0.18414076305037697,0.5640418340523093,0.25181740289731375
25874,LOF,0.02290465388346647,0.0650981339931081,0.9119972121234254
25875,LOF,0.07909742560190487,0.06677667908973643,0.8541258953083587
25876,LOF,0.024466645467867598,0.07816795218551321,0.8973654023466193
25877,Neutral,0.4894365560473567,0.06996054657250254,0.44060289738014063
25878,LOF,0.21743162221512782,0.13848525367881376,0.6440831241060584
25879,LOF,0.0895647771790241,0.1504784476348083,0.7599567751861676
25880,LOF,0.021415223907175457,0.026736147190865138,0.9518486289019594
25881,LOF,0.18258336242035447,0.23890429261041668,0.5785123449692289
25882,LOF,0.0859827858834325,0.019057850840409483,0.894959363276158
25883,LOF,0.08514487832537311,0.04112904917309253,0.8737260725015344
25884,LOF,0.044235758723979925,0.04697053155675883,0.9087937097192613
25885,LOF,0.06253545541238949,0.025778901122394702,0.9116856434652157
25886,LOF,0.39329504787015857,0.09381025317324374,0.5128946989565978
25887,LOF,0.18661990162148126,0.13479084081869364,0.6785892575598251
25888,LOF,0.06846976531354153,0.12226998506801048,0.8092602496184481
25889,LOF,0.047771895423745,0.042491384223159824,0.9097367203530952
25890,LOF,0.05714228889839367,0.16747667321537255,0.7753810378862338
25891,LOF,0.05312834187880789,0.06108491037780952,0.8857867477433825
25892,LOF,0.10408790879904183,0.019686107693063934,0.8762259835078943
25893,LOF,0.2942031080971548,0.013597919756559088,0.6921989721462861
25894,LOF,0.15775460716380696,0.007677930276417712,0.8345674625597753
25895,LOF,0.21495836015065303,0.016875279548530533,0.7681663603008164
25896,LOF,0.04513279876296922,0.018247231132160983,0.9366199701048697
25897,LOF,0.22984129340494142,0.01351554406040203,0.7566431625346565
25898,Neutral,0.7448556695976098,0.009425887549425565,0.24571844285296462
25899,LOF,0.2761671491899551,0.03072672280494104,0.6931061280051037
25900,LOF,0.47033042778451517,0.014056769799429747,0.5156128024160551
25901,LOF,0.054908979873218404,0.01052387253642626,0.9345671475903552
25902,LOF,0.19401378539650538,0.008224783687478672,0.7977614309160159
25903,Neutral,0.5637974798331445,0.022605958735799597,0.4135965614310558
25904,LOF,0.25812629503017803,0.03208847794643563,0.7097852270233863
25905,LOF,0.02758210844317922,0.32838581716776677,0.6440320743890541
25906,LOF,0.027126441558867464,0.07259872164249243,0.9002748367986401
25907,LOF,0.014588634862622204,0.3257571022089841,0.6596542629283938
25908,LOF,0.012757965284690764,0.2219961030859476,0.7652459316293616
25909,LOF,0.015017751465292259,0.14771551181767992,0.8372667367170278
25910,LOF,0.053270452490263576,0.13311194947419547,0.8136175980355409
25911,LOF,0.12318786141772435,0.05348580116066273,0.823326337421613
25912,LOF,0.035982652716118294,0.09159237106350436,0.8724249762203774
25913,LOF,0.28094195703733665,0.03225667225777033,0.686801370704893
25914,LOF,0.02624838877918086,0.12856255568017447,0.8451890555406447
25915,Neutral,0.44748052143435396,0.2105880661252989,0.3419314124403472
25916,LOF,0.06898772247599236,0.23780502364677997,0.6932072538772276
25917,LOF,0.06498157523373714,0.05477394869681249,0.8802444760694504
25918,LOF,0.032336863537154543,0.07468848659026626,0.8929746498725792
25919,LOF,0.027684643560485733,0.08157891738882225,0.890736439050692
25920,GOF,0.10533727338180864,0.5074189753140161,0.38724375130417527
25921,LOF,0.033810513102380674,0.03411066816604001,0.9320788187315793
25922,LOF,0.04821522063180152,0.021834753828520487,0.9299500255396781
25923,LOF,0.42869421900870347,0.019594937047008345,0.5517108439442883
25924,LOF,0.03952453824302253,0.03161903182839314,0.9288564299285844
25925,LOF,0.07420016517748573,0.034225186399475575,0.8915746484230387
25926,LOF,0.05495898557631714,0.022236656042595154,0.9228043583810878
25927,LOF,0.07624760554642541,0.05774859254658725,0.8660038019069874
25928,LOF,0.025763526541776462,0.025512161303932242,0.9487243121542913
25929,Neutral,0.5516974723421622,0.022591861652338643,0.42571066600549917
25930,LOF,0.06880554807284528,0.016256464001218416,0.9149379879259363
25931,LOF,0.03600512437843255,0.020458676500959585,0.9435361991206079
25932,LOF,0.03167190088237848,0.017204484021481177,0.9511236150961404
25933,LOF,0.04128813257427735,0.012057358628186838,0.9466545087975359
25934,LOF,0.027867602945003237,0.013692850928064828,0.9584395461269318
25935,LOF,0.070983968986259,0.03235607458323547,0.8966599564305054
25936,LOF,0.04911327213643202,0.017698762345555865,0.9331879655180122
25937,LOF,0.03832036742558581,0.025598583362656534,0.9360810492117576
25938,LOF,0.06764991756557777,0.03585140552584993,0.8964986769085723
25939,LOF,0.04468611910380526,0.012445624058463793,0.942868256837731
25940,LOF,0.024180985154925304,0.40902404259929676,0.566794972245778
25941,LOF,0.14182663845729057,0.09415318511589027,0.7640201764268193
25942,LOF,0.013243880216087814,0.0435900614210558,0.9431660583628564
25943,LOF,0.2894081837646967,0.09241211846067851,0.6181796977746249
25944,Neutral,0.5216447732055396,0.05285753572252824,0.4254976910719322
25945,LOF,0.06221471415401077,0.03100617366366424,0.9067791121823251
25946,LOF,0.038113024476438356,0.15457280782802352,0.8073141676955381
25947,LOF,0.11889319185410652,0.17239960088171988,0.7087072072641736
25948,LOF,0.42082830730616216,0.015460999598993844,0.563710693094844
25949,LOF,0.09390755732993986,0.07529242284809488,0.8308000198219653
25950,GOF,0.2445464415717291,0.43970807173815285,0.3157454866901181
25951,LOF,0.31231160978808686,0.20592880355564094,0.48175958665627217
25952,GOF,0.054001800308312364,0.48977792971837114,0.4562202699733164
25953,LOF,0.14452482726600646,0.1132259157457903,0.7422492569882032
25954,LOF,0.35051098876851083,0.2504412947020578,0.3990477165294314
25955,LOF,0.05632635940297912,0.0829894714000946,0.8606841691969264
25956,LOF,0.21087453730565145,0.05921642286300958,0.729909039831339
25957,LOF,0.051735084032045485,0.025014803830965642,0.9232501121369888
25958,LOF,0.059887553293822116,0.03276598291922801,0.9073464637869498
25959,LOF,0.06634169786784232,0.4041756567436861,0.5294826453884716
25960,LOF,0.02276362951003787,0.05044693849952993,0.9267894319904322
25961,LOF,0.0497769932489725,0.041149254628164926,0.9090737521228626
25962,LOF,0.06767773633076998,0.03413753201938359,0.8981847316498465
25963,LOF,0.056315267035313,0.17640890591957428,0.7672758270451128
25964,LOF,0.03736043740360716,0.15948710612895955,0.8031524564674332
25965,Neutral,0.49345225678216187,0.08348188610010177,0.42306585711773625
25966,Neutral,0.361314098519152,0.32755928120870675,0.31112662027214116
25967,LOF,0.015120247702236864,0.10242771524639296,0.8824520370513703
25968,LOF,0.035747114476355334,0.438198837799618,0.5260540477240268
25969,LOF,0.026863993418363274,0.06801568251175659,0.9051203240698802
25970,LOF,0.06442912830565949,0.056228445775520414,0.8793424259188202
25971,LOF,0.08352786139972827,0.02711847282322074,0.8893536657770509
25972,LOF,0.08394620545775992,0.04037413599817826,0.8756796585440618
25973,LOF,0.08430401492520702,0.01107011686992569,0.9046258682048673
25974,LOF,0.25036707435631445,0.022551606160348688,0.7270813194833369
25975,LOF,0.05239276760136641,0.03304648341786723,0.9145607489807664
25976,LOF,0.040574412894866685,0.029047257808286212,0.9303783292968472
25977,LOF,0.1491465169609108,0.11538329191930212,0.7354701911197871
25978,LOF,0.11824765273421424,0.12296319830613263,0.7587891489596532
25979,LOF,0.11648186487794074,0.1123625242206507,0.7711556109014086
25980,LOF,0.14815298172401845,0.16975462072759032,0.6820923975483912
25981,LOF,0.18008919542646842,0.16360332608853798,0.6563074784849936
25982,LOF,0.3828577738806928,0.11483945708212782,0.5023027690371793
25983,LOF,0.36249494259866016,0.10587615470624194,0.531628902695098
25984,LOF,0.055675045183612146,0.09863336337208925,0.8456915914442986
25985,LOF,0.01957613670973519,0.33581354204103253,0.6446103212492323
25986,LOF,0.024128586110149217,0.32486461954775475,0.6510067943420961
25987,LOF,0.09180183286198955,0.11780091046474074,0.7903972566732697
25988,LOF,0.12070769785336845,0.09159469682068179,0.7876976053259497
25989,LOF,0.02638424623141712,0.15762874173688995,0.8159870120316929
25990,LOF,0.037259901244964484,0.13475143102129128,0.8279886677337442
25991,GOF,0.13769368043162142,0.44150773536402527,0.42079858420435334
25992,LOF,0.311614529998146,0.2857029494872125,0.40268252051464154
25993,LOF,0.02489922520579871,0.12232235061612823,0.8527784241780731
25994,LOF,0.016732946259076512,0.1474684964945424,0.8357985572463811
25995,LOF,0.02659264301960013,0.18914657371375387,0.784260783266646
25996,GOF,0.1734682100878648,0.5879985063071164,0.23853328360501871
25997,GOF,0.06268143717874385,0.5554584457910953,0.38186011703016104
25998,Neutral,0.5756108593528745,0.021835952851153473,0.40255318779597216
25999,LOF,0.15270642229268758,0.1407522327233998,0.7065413449839125
26000,LOF,0.11323704503411891,0.030970910913602944,0.8557920440522782
26001,LOF,0.19366568759225394,0.03193643445269897,0.774397877955047
26002,LOF,0.14645036721707733,0.03171723902504874,0.821832393757874
26003,GOF,0.009468575049770741,0.686450712753264,0.3040807121969652
26004,GOF,0.022397157596762415,0.7316635981081813,0.24593924429505626
26005,GOF,0.009883556644459517,0.6009630703651413,0.3891533729903991
26006,Neutral,0.5291395327101507,0.30483928587066395,0.16602118141918526
26007,GOF,0.01700313365807648,0.6493605996749221,0.3336362666670013
26008,GOF,0.023858040881183838,0.6594241875353954,0.31671777158342074
26009,GOF,0.030896311636898887,0.7245461245182049,0.24455756384489633
26010,GOF,0.02152794871929607,0.7936405590505214,0.18483149223018258
26011,GOF,0.009460762185456596,0.5739302627164744,0.41660897509806893
26012,GOF,0.019876363101855962,0.6541096081909555,0.3260140287071884
26013,GOF,0.017413101514617182,0.7385990012916996,0.2439878971936831
26014,LOF,0.03888546503404558,0.2012978946900824,0.759816640275872
26015,LOF,0.17616539691577737,0.009246087581603755,0.8145885155026188
26016,LOF,0.27002173438462335,0.048652930746598204,0.6813253348687783
26017,LOF,0.1855752248343039,0.1128571338804474,0.7015676412852487
26018,LOF,0.07608526438556155,0.030687218980933923,0.8932275166335044
26019,LOF,0.07566893524152529,0.02315646394842736,0.9011746008100473
26020,LOF,0.055781790418224945,0.12674935541174698,0.8174688541700281
26021,LOF,0.05096450597091432,0.1649709051478451,0.7840645888812405
26022,LOF,0.009500353788107182,0.06817223003481489,0.9223274161770779
26023,LOF,0.10582766037012367,0.021754526094221172,0.8724178135356552
26024,LOF,0.027907779330589903,0.14038012756917764,0.8317120931002324
26025,LOF,0.14506954016622353,0.09298264918181705,0.7619478106519595
26026,LOF,0.3222221338863013,0.017476711466141968,0.6603011546475568
26027,LOF,0.07223616476857765,0.016417921286733608,0.9113459139446888
26028,LOF,0.18319063519477688,0.09803547116089797,0.7187738936443251
26029,LOF,0.10161315189237706,0.1557778034719593,0.7426090446356637
26030,LOF,0.031932199174109506,0.06226577378818591,0.9058020270377046
26031,LOF,0.03836547944674666,0.1372341821909058,0.8244003383623475
26032,LOF,0.08689895238669557,0.05529777368763793,0.8578032739256666
26033,LOF,0.1511232954215568,0.059806706704761216,0.789069997873682
26034,LOF,0.06021616034411337,0.1291918561417315,0.8105919835141552
26035,LOF,0.03824927438579831,0.11682517911804473,0.844925546496157
26036,LOF,0.0553417120399624,0.1349745036579856,0.809683784302052
26037,LOF,0.0319926393405661,0.10602552391679222,0.8619818367426417
26038,LOF,0.0806632795541381,0.04968831273348777,0.8696484077123741
26039,LOF,0.0833587994366348,0.11721060814682377,0.7994305924165414
26040,LOF,0.24287147947811183,0.08605791652835734,0.6710706039935308
26041,LOF,0.031511335416800894,0.09947619259248422,0.8690124719907149
26042,LOF,0.031237557038413754,0.10077021012304349,0.8679922328385428
26043,LOF,0.07944626450427622,0.06476325273496968,0.8557904827607542
26044,LOF,0.03153403450731217,0.06544759198777547,0.9030183735049124
26045,LOF,0.09932328418420082,0.0883332482158399,0.8123434675999593
26046,LOF,0.08348168198563524,0.06714549221781274,0.8493728257965519
26047,LOF,0.12177361170533203,0.07866491524821027,0.7995614730464577
26048,LOF,0.0635054260378431,0.050183691777005164,0.8863108821851519
26049,Neutral,0.9529498644611989,0.00914568255263031,0.0379044529861709
26050,Neutral,0.934350233921279,0.010636705703131992,0.05501306037558897
26051,LOF,0.04904150890617332,0.47260614348846397,0.47835234760536255
26052,GOF,0.06112201270773127,0.47711060168778857,0.4617673856044801
26053,LOF,0.0628686909969341,0.20943001966820537,0.7277012893348606
26054,LOF,0.059269729823487965,0.04593403039430204,0.8947962397822099
26055,LOF,0.07259850984020538,0.03547412305033522,0.8919273671094594
26056,LOF,0.06492439927215367,0.042973109567638744,0.8921024911602076
26057,LOF,0.03384227905725467,0.019071062325038565,0.9470866586177068
26058,LOF,0.034125183328704754,0.01760933299397465,0.9482654836773207
26059,LOF,0.2839110374973335,0.05622219580873623,0.6598667666939303
26060,LOF,0.023525236285682986,0.33532186874212727,0.6411528949721897
26061,LOF,0.019527750397153015,0.027150377020075393,0.9533218725827716
26062,LOF,0.012085795402898171,0.04234240181118757,0.9455718027859144
26063,LOF,0.022840438128931842,0.02041627776972814,0.95674328410134
26064,LOF,0.02593119107521612,0.025639575942598965,0.948429232982185
26065,LOF,0.026317965891554163,0.023526487512899586,0.9501555465955464
26066,LOF,0.021358935755124694,0.022100306562489815,0.9565407576823856
26067,LOF,0.027318565177441346,0.01720233302807988,0.9554791017944788
26068,LOF,0.0464343813223908,0.0560697955265099,0.8974958231510994
26069,LOF,0.27837542414892186,0.04124546427163892,0.6803791115794392
26070,LOF,0.3847035774883266,0.028971673574175977,0.5863247489374974
26071,LOF,0.023494644174781185,0.025091743577480792,0.951413612247738
26072,LOF,0.026287649715679626,0.037303889317026565,0.9364084609672938
26073,LOF,0.024752644161094125,0.020265163015957186,0.9549821928229486
26074,Neutral,0.9334151015170151,0.007943493028713675,0.058641405454271205
26075,LOF,0.04384876155652812,0.030808281962163803,0.9253429564813082
26076,LOF,0.04441671783169805,0.01744640363686045,0.9381368785314416
26077,LOF,0.009833661913571259,0.04517954546417346,0.9449867926222553
26078,LOF,0.015682997428535243,0.025003403243710975,0.9593135993277537
26079,LOF,0.052024068685567686,0.03502495418160636,0.912950977132826
26080,LOF,0.05202124848626882,0.035021913423883215,0.9129568380898478
26081,LOF,0.037376755152701696,0.01361896106718956,0.9490042837801088
26082,LOF,0.018498383215628748,0.03842109285676115,0.9430805239276101
26083,LOF,0.14628663733517103,0.024539280360867707,0.8291740823039613
26084,LOF,0.02665266175713723,0.03514040921475816,0.9382069290281047
26085,LOF,0.023164526892919438,0.030828391707938108,0.9460070813991426
26086,LOF,0.023017410796111592,0.024049640689175193,0.9529329485147133
26087,LOF,0.025179513540965183,0.017040463337854077,0.9577800231211807
26088,LOF,0.02093051182124789,0.040431531772676936,0.9386379564060753
26089,LOF,0.04861723372756339,0.03997019426239191,0.9114125720100448
26090,LOF,0.04759983355932661,0.032342431932603465,0.9200577345080699
26091,LOF,0.040431918591822755,0.01203076766045828,0.9475373137477189
26092,LOF,0.029137447816531735,0.017549937689438244,0.9533126144940302
26093,LOF,0.04111156808014893,0.012024079852291533,0.9468643520675595
26094,LOF,0.047651079559141725,0.010756780682130712,0.9415921397587276
26095,LOF,0.05749790529726992,0.0286080914643582,0.913894003238372
26096,LOF,0.01868090179526731,0.025757643205777017,0.9555614549989557
26097,LOF,0.010977964445715353,0.08221797637698026,0.9068040591773043
26098,LOF,0.06755349198632478,0.03029806456344899,0.9021484434502262
26099,LOF,0.025964274499455264,0.029412785128321305,0.9446229403722234
26100,LOF,0.027769985749816897,0.02810588090515852,0.9441241333450247
26101,LOF,0.058753294565578755,0.025245855037730813,0.9160008503966904
26102,LOF,0.028031928987443402,0.021758574979049684,0.950209496033507
26103,Neutral,0.8864922209415276,0.0371925732639139,0.0763152057945585
26104,LOF,0.06958971816316946,0.055605972291284236,0.8748043095455463
26105,LOF,0.2089966311712633,0.2690758672925166,0.5219275015362201
26106,LOF,0.1854633350428815,0.1411086979744968,0.6734279669826216
26107,LOF,0.23142810927349505,0.12368611253737341,0.6448857781891315
26108,LOF,0.2665244570014453,0.15629059175570717,0.5771849512428475
26109,LOF,0.05708100758125307,0.13491303755379985,0.8080059548649472
26110,LOF,0.2526375054213851,0.009023919442348457,0.7383385751362664
26111,LOF,0.4640933184078027,0.020360541738480217,0.5155461398537171
26112,LOF,0.036549085900250355,0.010323875290215006,0.9531270388095345
26113,LOF,0.053812574412566906,0.016845053696585344,0.9293423718908478
26114,LOF,0.02113771476662786,0.03129873346205936,0.9475635517713129
26115,LOF,0.09629510153290083,0.04520460995816953,0.8585002885089297
26116,LOF,0.05131736803436337,0.05867141894012729,0.8900112130255093
26117,LOF,0.362158676338849,0.0719297885212634,0.5659115351398876
26118,LOF,0.03860669364993445,0.04347429312080735,0.9179190132292582
26119,LOF,0.02164539190183711,0.05466441645448216,0.9236901916436807
26120,LOF,0.03140909578086143,0.03005869998610611,0.9385322042330324
26121,LOF,0.06635984486792056,0.10158630689090735,0.8320538482411721
