feature0,prediction,LoGoFunc_Neutral,LoGoFunc_GOF,LoGoFunc_LOF
25546,Neutral,0.6795664746131665,0.054074726272194396,0.26635879911463894
25547,Neutral,0.5172017989296431,0.09310393294369525,0.38969426812666147
25548,Neutral,0.49576922390092354,0.07958531891757473,0.4246454571815019
25549,LOF,0.41779273861023236,0.08230569248480393,0.4999015689049637
25550,LOF,0.36861583918692004,0.1308119261327597,0.5005722346803203
25551,LOF,0.2891260607833012,0.14274615863079312,0.5681277805859056
25552,LOF,0.24307755652162416,0.13333877761188953,0.6235836658664863
25553,Neutral,0.8192741537044009,0.04353839527536256,0.1371874510202365
25554,LOF,0.2853272886638694,0.12173959102254889,0.5929331203135818
25555,LOF,0.23936261342623302,0.11930351137588258,0.6413338751978843
25556,LOF,0.4454214392013284,0.10368834012319753,0.45089022067547413
25557,LOF,0.22741548257674654,0.12509189534451107,0.6474926220787425
25558,LOF,0.2894321803455309,0.12169543876159018,0.588872380892879
25559,LOF,0.18723091062260047,0.11945392998914703,0.6933151593882525
25560,LOF,0.16292723104091314,0.09793482176483932,0.7391379471942476
25561,LOF,0.15538135610955925,0.1162443093599902,0.7283743345304506
25562,LOF,0.07524224253682575,0.08073637571671297,0.8440213817464612
25563,LOF,0.021181284869712023,0.11956992024385692,0.859248794886431
25564,LOF,0.2109571845077147,0.10604205607238709,0.6830007594198982
25565,LOF,0.24174504320665766,0.1371453303741341,0.6211096264192082
25566,GOF,0.0937731784541672,0.6793446023142388,0.22688221923159407
25567,LOF,0.03747907108572354,0.12883557119558295,0.8336853577186935
25568,LOF,0.06257945092976654,0.06670038706580927,0.8707201620044243
25569,LOF,0.059653028403868956,0.06723808587152988,0.8731088857246012
25570,LOF,0.02652500243191295,0.09298428040333592,0.8804907171647511
25571,LOF,0.026653086945433405,0.1016429041225867,0.8717040089319797
25572,LOF,0.06080049537242362,0.12219084667817277,0.8170086579494036
25573,LOF,0.057106961946719374,0.08238709401694189,0.8605059440363387
25574,LOF,0.05359241278123836,0.18650980424467806,0.7598977829740836
25575,LOF,0.023211003006502032,0.11433447204722906,0.8624545249462688
25576,LOF,0.034335489540040495,0.15477702040610425,0.8108874900538553
25577,LOF,0.029093420179595087,0.10786731639781091,0.863039263422594
25578,LOF,0.29468266733019105,0.07687940442918495,0.6284379282406239
25579,LOF,0.13721638143205372,0.08291533336446577,0.7798682852034805
25580,LOF,0.01864270212887402,0.07759071534602467,0.9037665825251013
25581,LOF,0.054179394486501956,0.0652218109212375,0.8805987945922605
25582,LOF,0.05414650011345281,0.06365363870002613,0.8821998611865212
25583,LOF,0.019706758818556585,0.08191189418652099,0.8983813469949224
25584,Neutral,0.6560612852216375,0.10424945442967083,0.2396892603486917
25585,LOF,0.03372073052004183,0.12265188698956567,0.8436273824903926
25586,LOF,0.01712204676978111,0.06512040995878379,0.9177575432714351
25587,LOF,0.01654153921495049,0.06022703699420701,0.9232314237908424
25588,LOF,0.019694232806924915,0.06867071169377191,0.9116350554993031
25589,Neutral,0.4996185057613832,0.19983411643595542,0.3005473778026615
25590,LOF,0.047203619979599376,0.10869169038197798,0.8441046896384226
25591,LOF,0.10212070953775164,0.05528583524895375,0.8425934552132945
25592,LOF,0.054430147375451855,0.12405744973255203,0.8215124028919961
25593,LOF,0.13149457394997674,0.25244131672530773,0.6160641093247156
25594,LOF,0.04576886602999171,0.11485405274290418,0.8393770812271041
25595,LOF,0.04154147696124252,0.08512005584762847,0.8733384671911291
25596,LOF,0.10976942799498814,0.04827788060702301,0.8419526913979888
25597,LOF,0.08231727160047995,0.06086278346200663,0.8568199449375133
25598,LOF,0.04391692464178806,0.09259875337038623,0.8634843219878257
25599,GOF,0.02028394116697128,0.521795732176045,0.45792032665698373
25600,GOF,0.15895069081191393,0.5037383572479206,0.3373109519401654
25601,LOF,0.0390113901331182,0.3898863682199079,0.571102241646974
25602,LOF,0.032595520087428685,0.06282980603053875,0.9045746738820326
25603,LOF,0.03412555291027719,0.02793524182607741,0.9379392052636455
25604,LOF,0.038260491555543875,0.058489663869714346,0.9032498445747418
25605,LOF,0.040500928163096424,0.17886976763981877,0.7806293041970849
25606,LOF,0.4484789163752573,0.10214065509554032,0.44938042852920246
25607,LOF,0.02392272374731284,0.1676360542578976,0.8084412219947895
25608,LOF,0.03301122268494942,0.0775659631279429,0.8894228141871077
25609,GOF,0.1613741115388668,0.5429036699373959,0.29572221852373715
25610,LOF,0.016704008468544675,0.025235313264184992,0.9580606782672703
25611,LOF,0.016076659347929446,0.03025830819040794,0.9536650324616626
25612,LOF,0.048622723311314966,0.041017741364065684,0.9103595353246193
25613,LOF,0.046250660839165646,0.04081077136897252,0.9129385677918618
25614,LOF,0.023313897965111477,0.02511007935977097,0.9515760226751175
25615,LOF,0.04674312765928888,0.0371867573248733,0.9160701150158377
25616,LOF,0.04652083812224475,0.026052783788333502,0.9274263780894217
25617,LOF,0.04257243156876316,0.033039096841815566,0.9243884715894212
25618,LOF,0.05507609221787607,0.03206767018837498,0.9128562375937489
25619,LOF,0.015178245732200467,0.028436994059756842,0.9563847602080426
25620,LOF,0.06181244584776099,0.03740925288661512,0.9007783012656239
25621,LOF,0.05174209430945747,0.033874328087453255,0.9143835776030893
25622,LOF,0.06266206941555152,0.03151258929856246,0.9058253412858859
25623,LOF,0.07748191674840772,0.02802883326973741,0.8944892499818549
25624,LOF,0.019844708689038187,0.03219978627056141,0.9479555050404004
25625,LOF,0.06584941910126423,0.03962340155349479,0.894527179345241
25626,LOF,0.04862425226366715,0.03849885960892552,0.9128768881274072
25627,Neutral,0.8914056579671338,0.022240427507618177,0.08635391452524818
25628,LOF,0.12911686026695757,0.06219056713875768,0.8086925725942847
25629,LOF,0.060514851514135826,0.04585726038620638,0.8936278880996579
25630,LOF,0.24488296149485597,0.07502561654074939,0.6800914219643946
25631,Neutral,0.5291154271043508,0.06568913792459792,0.40519543497105126
25632,LOF,0.02612190935344594,0.060650360757147824,0.9132277298894061
25633,LOF,0.19443037913181035,0.03580348878500809,0.7697661320831816
25634,LOF,0.03374824913182676,0.08360976387735461,0.8826419869908186
25635,LOF,0.04135886629429553,0.041964702364395284,0.9166764313413092
25636,GOF,0.035634068343904694,0.4824549861905094,0.481910945465586
25637,GOF,0.0701519247569818,0.4808651332215094,0.4489829420215088
25638,LOF,0.0384066660691295,0.2905174850615326,0.6710758488693379
25639,LOF,0.032103634795273034,0.34236798666233387,0.6255283785423931
25640,Neutral,0.8048998612005801,0.15244886011057923,0.04265127868884069
25641,LOF,0.057454868243542415,0.43146236403777144,0.511082767718686
25642,LOF,0.03978084562408069,0.14440649687461407,0.8158126575013052
25643,LOF,0.18911975347956617,0.15914689202704532,0.6517333544933884
25644,LOF,0.018773514537034307,0.47387795303519714,0.5073485324277686
25645,LOF,0.018102642037319445,0.4091022034944117,0.5727951544682688
25646,LOF,0.04773944086874283,0.34893801735898955,0.6033225417722675
25647,LOF,0.020434704969409676,0.2672097709179333,0.712355524112657
25648,LOF,0.02724108474584984,0.24342557888804994,0.7293333363661002
25649,LOF,0.013482838547226254,0.25198779817555667,0.7345293632772172
25650,LOF,0.047325356482150575,0.4202120220696522,0.5324626214481972
25651,LOF,0.014187696469216289,0.2892153957883826,0.696596907742401
25652,LOF,0.02559708498812516,0.2731510916111771,0.7012518234006977
25653,LOF,0.07097987491017593,0.4037486714307491,0.5252714536590749
25654,LOF,0.021945311891424502,0.19979530517378224,0.7782593829347931
25655,LOF,0.20551564360781654,0.3813316257592787,0.41315273063290475
25656,LOF,0.2940151253102444,0.04305170334474592,0.6629331713450097
25657,LOF,0.07489136249340055,0.05456868208183894,0.8705399554247606
25658,LOF,0.3884534193797542,0.04561893299262586,0.5659276476276199
25659,Neutral,0.5469289735015427,0.07042296864106891,0.3826480578573885
25660,LOF,0.025596697979020797,0.07900011624725657,0.8954031857737226
25661,LOF,0.09252731632225003,0.06024953005317078,0.8472231536245791
25662,LOF,0.033216382837216604,0.03429926718756374,0.9324843499752196
25663,LOF,0.0404575583055986,0.04913978011449336,0.910402661579908
25664,LOF,0.13136887856640234,0.05433186505296196,0.8142992563806357
25665,LOF,0.055073920969928365,0.03252401378063077,0.9124020652494408
25666,LOF,0.08615831168829866,0.07698554652168206,0.8368561417900193
25667,LOF,0.06537520746160823,0.04028699509577949,0.8943377974426122
25668,LOF,0.037491083534511555,0.04779722738481427,0.9147116890806741
25669,LOF,0.03431135995537756,0.056952051341084664,0.9087365887035378
25670,LOF,0.13364865221225097,0.04175580088225074,0.8245955469054984
25671,LOF,0.09339638073253995,0.03232706937758313,0.8742765498898768
25672,LOF,0.05421234516077334,0.04359385032567863,0.9021938045135479
25673,LOF,0.08126269802477173,0.04336801227309567,0.8753692897021327
25674,LOF,0.07059765209053327,0.05185770500349416,0.8775446429059727
25675,LOF,0.10781506590568617,0.051491971559653966,0.8406929625346599
25676,LOF,0.017907517496700498,0.05209633499825138,0.929996147505048
25677,LOF,0.026745900345768132,0.0685803201057441,0.9046737795484878
25678,LOF,0.18825883623589934,0.05657346137005241,0.7551677023940483
25679,LOF,0.12951798241576137,0.07264927858662888,0.7978327389976099
25680,LOF,0.030939585564242703,0.10739626832653298,0.8616641461092243
25681,LOF,0.04865370791380674,0.10066807975617201,0.8506782123300212
25682,LOF,0.14176691689154622,0.0656522508804002,0.7925808322280535
25683,LOF,0.12349289822198803,0.07787647488704906,0.798630626890963
25684,LOF,0.041521675765143734,0.06284340611601347,0.8956349181188428
25685,LOF,0.13739001021362152,0.04947085087062976,0.8131391389157486
25686,LOF,0.07920074431257043,0.09549975862413472,0.8252994970632949
25687,LOF,0.11926885279615908,0.08560196874061997,0.795129178463221
25688,LOF,0.3180786385929481,0.03655827977562025,0.6453630816314316
25689,LOF,0.2167849911275939,0.046504166942121686,0.7367108419302845
25690,LOF,0.35734714665333134,0.03305996627605871,0.6095928870706099
25691,Neutral,0.6951788476736567,0.026512017393042042,0.2783091349333013
25692,LOF,0.31422484007953705,0.011371255758692791,0.6744039041617701
25693,LOF,0.0473770353716622,0.46744631653482566,0.4851766480935121
25694,LOF,0.11800134385444004,0.021593171852476143,0.8604054842930839
25695,LOF,0.12090141669479018,0.019703073666957154,0.8593955096382527
25696,LOF,0.11588850598187901,0.010700637536960395,0.8734108564811606
25697,LOF,0.12351250525757854,0.026209251225567286,0.8502782435168542
25698,LOF,0.3529455665313441,0.2197810232069205,0.4272734102617354
25699,LOF,0.4368077594371007,0.04399824864056858,0.5191939919223307
25700,LOF,0.04799797386786614,0.010617568327357177,0.9413844578047768
25701,LOF,0.15914180494199992,0.05861346576940632,0.7822447292885938
25702,GOF,0.1834673001517276,0.5640299872647802,0.2525027125834922
25703,LOF,0.015945267061371938,0.16339991695260714,0.8206548159860209
25704,LOF,0.05176928306396863,0.11434847738093559,0.8338822395550958
25705,LOF,0.05851230222163829,0.18355038409159238,0.7579373136867692
25706,LOF,0.08717235276732217,0.36366321859858547,0.5491644286340923
25707,LOF,0.08831323444972047,0.301849045498505,0.6098377200517744
25708,LOF,0.028313577491932314,0.28561115560726474,0.686075266900803
25709,LOF,0.0519269322521511,0.04257087893247382,0.905502188815375
25710,LOF,0.011458784516602694,0.14409921745786378,0.8444419980255337
25711,LOF,0.018148944122281088,0.09592645679021741,0.8859245990875015
25712,LOF,0.01354463263693449,0.18123287837388438,0.8052224889891813
25713,LOF,0.017442216771471286,0.08099846333124823,0.9015593198972806
25714,LOF,0.06565661000781953,0.08257066658622007,0.8517727234059604
25715,LOF,0.009866104809095376,0.14623992874112765,0.843893966449777
25716,LOF,0.014058018045962361,0.10605323397749979,0.8798887479765379
25717,LOF,0.012983337229915747,0.08324534701398945,0.9037713157560948
25718,LOF,0.011181450879737041,0.10677349529948112,0.8820450538207819
25719,LOF,0.017856161662042798,0.08001053231908341,0.9021333060188739
25720,LOF,0.02048754130841456,0.07036501350856042,0.9091474451830251
25721,LOF,0.015155679929617227,0.10792385649839896,0.8769204635719838
25722,LOF,0.012454890922277528,0.12220369029917458,0.8653414187785479
25723,LOF,0.021430671389530538,0.04727855756447524,0.9312907710459942
25724,LOF,0.023493665976810515,0.08627929181323872,0.8902270422099509
25725,LOF,0.010840321084945133,0.07118358516213023,0.9179760937529247
25726,LOF,0.013868707692353346,0.10012245647644932,0.8860088358311973
25727,LOF,0.01250984581820656,0.08422323261162816,0.9032669215701653
25728,LOF,0.009098766408215924,0.11497221803518808,0.875929015556596
25729,LOF,0.0094109011091826,0.11500649819740816,0.8755826006934092
25730,LOF,0.012958979602434343,0.0827005774822211,0.9043404429153445
25731,LOF,0.023271104934179724,0.10911061377995925,0.867618281285861
25732,LOF,0.014693842562104603,0.08520972456283221,0.9000964328750632
25733,LOF,0.01554603181771346,0.0805069698727283,0.9039469983095583
25734,LOF,0.013232981940650682,0.1277071164820873,0.859059901577262
25735,LOF,0.01334594924638263,0.08051976700681385,0.9061342837468036
25736,LOF,0.014041374025013868,0.10951720524915785,0.8764414207258283
25737,LOF,0.02043333133515045,0.08492813647404451,0.894638532190805
25738,LOF,0.012842838107772368,0.12186730341063684,0.8652898584815908
25739,LOF,0.018806152713561723,0.08816690129309106,0.8930269459933473
25740,LOF,0.024845328133325344,0.10093108180227228,0.8742235900644023
25741,LOF,0.0146984929798698,0.11095230715224146,0.8743491998678887
25742,LOF,0.11023428690105849,0.0861896547412465,0.8035760583576951
25743,LOF,0.036531128054208675,0.029207042872456727,0.9342618290733344
25744,Neutral,0.5984919587091803,0.19607134676693896,0.2054366945238807
25745,LOF,0.08726878681260541,0.06619731266772245,0.8465339005196721
25746,LOF,0.04280563704206027,0.07401049061493375,0.8831838723430059
25747,LOF,0.022576929225130153,0.041770125316359354,0.9356529454585105
25748,LOF,0.10359243733328014,0.058439492613861686,0.8379680700528581
25749,LOF,0.027498405577428286,0.07586659181581663,0.8966350026067551
25750,LOF,0.08930091794526068,0.08003563055822108,0.8306634514965183
25751,LOF,0.09144888344312273,0.05720924099449168,0.8513418755623855
25752,GOF,0.10246657924101919,0.6643338984736583,0.2331995222853225
25753,LOF,0.019961499637539355,0.2689515387254,0.7110869616370608
25754,GOF,0.01106328992069114,0.7737615904949469,0.21517511958436195
25755,LOF,0.02577999374599613,0.3593352973922531,0.6148847088617507
25756,LOF,0.042894307227516366,0.3544004316323559,0.6027052611401278
25757,GOF,0.014363095063444718,0.8343158675238769,0.15132103741267827
25758,GOF,0.02850389501349675,0.825268495849719,0.14622760913678426
25759,GOF,0.011578545296385419,0.5304258100162288,0.4579956446873858
25760,LOF,0.013072699992275835,0.22190963265914926,0.765017667348575
25761,GOF,0.2739092607528298,0.6237174807785336,0.10237325846863668
25762,LOF,0.036539045294569424,0.25659397928580224,0.7068669754196284
25763,LOF,0.014512363209109825,0.19184132459674508,0.7936463121941452
25764,GOF,0.08772702992169043,0.6150729159481846,0.29720005413012507
25765,GOF,0.040587122560129786,0.7566110089242205,0.2028018685156497
25766,GOF,0.05953418085983687,0.7803113182357811,0.16015450090438194
25767,GOF,0.16595100011959862,0.4451184819581836,0.3889305179222177
25768,LOF,0.08977839530567615,0.0700268702627921,0.8401947344315318
25769,LOF,0.06359270185299883,0.06269935236937438,0.8737079457776269
25770,LOF,0.2858066236646415,0.07948899117741275,0.6347043851579458
25771,LOF,0.041184982203575526,0.043917192421112985,0.9148978253753115
25772,LOF,0.01616202241040105,0.0315115811589372,0.9523263964306616
25773,LOF,0.04403839864478658,0.07745275118387197,0.8785088501713415
25774,LOF,0.02795658012773369,0.07155461595906287,0.9004888039132034
25775,LOF,0.04744859216424534,0.04591130533036058,0.9066401025053941
25776,LOF,0.0661168564041592,0.025157716401334185,0.9087254271945066
25777,LOF,0.34508063702844904,0.04640459927224342,0.6085147636993076
25778,LOF,0.05997772464133886,0.049566811672339436,0.8904554636863218
25779,GOF,0.3771761252546044,0.578618931184659,0.04420494356073652
25780,GOF,0.2978357218103895,0.6219397738019038,0.08022450438770667
25781,GOF,0.14861452742479248,0.7425790870607781,0.10880638551442934
25782,GOF,0.19552266560127055,0.7315053463101704,0.0729719880885591
25783,GOF,0.028253756859711533,0.6390161903097902,0.33273005283049845
25784,Neutral,0.4890122650102589,0.47202774670257275,0.038959988287168325
25785,GOF,0.4388067941086143,0.5232562615981772,0.037936944293208645
25786,GOF,0.027222604284706183,0.7519205627551739,0.22085683296012
25787,Neutral,0.6368356359718089,0.33899926229827076,0.02416510172992031
25788,LOF,0.044272427594413334,0.10737075126560479,0.8483568211399819
25789,GOF,0.1931051674547718,0.6647579985630855,0.14213683398214266
25790,GOF,0.21086979012448367,0.6863145920343273,0.10281561784118887
25791,GOF,0.16061959959284158,0.6582503808109351,0.18113001959622338
25792,GOF,0.33922934042642744,0.5259932333541777,0.13477742621939492
25793,GOF,0.2378496250302838,0.5444611199657665,0.21768925500394973
25794,GOF,0.29959290106716274,0.528553553398327,0.17185354553451027
25795,GOF,0.0731517600662397,0.6694579445411628,0.25739029539259756
25796,Neutral,0.5226840743827671,0.3890302941707346,0.08828563144649841
25797,GOF,0.08091665317468998,0.5520874545324638,0.36699589229284624
25798,LOF,0.00917268244566874,0.4953348640916539,0.4954924534626774
25799,LOF,0.0069586920653743395,0.3993429932388917,0.5936983146957339
25800,GOF,0.029114091130132535,0.5787571315691225,0.3921287773007451
25801,GOF,0.20128063115632303,0.6681891151492542,0.13053025369442292
25802,GOF,0.07556071296040334,0.6776269618864784,0.24681232515311827
25803,GOF,0.03572864800246433,0.5525888804815532,0.4116824715159826
25804,LOF,0.03401221009385166,0.47680613340566547,0.48918165650048284
25805,GOF,0.09807832036674316,0.5958020718864355,0.3061196077468212
25806,GOF,0.09333758252765349,0.5859034398656783,0.3207589776066683
25807,GOF,0.02118303003804645,0.6137956000432915,0.3650213699186621
25808,GOF,0.09132730103673882,0.6032587673526009,0.3054139316106602
25809,GOF,0.017757929583216366,0.5606377524293635,0.42160431798742004
25810,GOF,0.016567387133176067,0.5954508339639322,0.38798177890289176
25811,GOF,0.43851989450918005,0.46830595623186805,0.09317414925895197
25812,GOF,0.02833172644711701,0.604220161329659,0.36744811222322404
25813,Neutral,0.5064268242425495,0.3922480211188737,0.10132515463857684
25814,GOF,0.12407480223240032,0.6303178986146651,0.24560729915293458
25815,GOF,0.19772151845895009,0.5977499444249936,0.20452853711605634
25816,GOF,0.022662181490891786,0.6854066186553084,0.29193119985379984
25817,GOF,0.24649497496206932,0.6044813205461214,0.1490237044918094
25818,GOF,0.05413102077128191,0.6534491744149831,0.292419804813735
25819,GOF,0.3569778010500296,0.4981968040926883,0.14482539485728219
25820,GOF,0.1922361671155099,0.5903803049598724,0.21738352792461785
25821,GOF,0.059761036998399526,0.664136176847209,0.2761027861543913
25822,GOF,0.22319222904367408,0.5449871598174106,0.23182061113891528
25823,GOF,0.03331926495025801,0.5235244123926738,0.4431563226570682
25824,GOF,0.09096009404062345,0.6008504925083816,0.30818941345099493
25825,GOF,0.038134347665743584,0.6001211353524787,0.36174451698177784
25826,GOF,0.016368525234458094,0.5737809733875432,0.40985050137799867
25827,GOF,0.024049130006697682,0.5912755222202251,0.3846753477730773
25828,GOF,0.013155523110245718,0.5157983667791645,0.4710461101105898
25829,GOF,0.006190974374344614,0.5688077069945914,0.42500131863106405
25830,LOF,0.0318146478164747,0.2769841031464365,0.6912012490370888
25831,GOF,0.23288698747189993,0.6480029684242925,0.11911004410380768
25832,GOF,0.02934729144922546,0.682149739452712,0.28850296909806256
25833,GOF,0.11145023189766573,0.7184121895068858,0.17013757859544856
25834,GOF,0.029461057538386015,0.7070018916958308,0.26353705076578315
25835,GOF,0.06555348720354591,0.7491266531009682,0.18531985969548595
25836,GOF,0.031857877168215525,0.6655155984203535,0.30262652441143095
25837,GOF,0.023992903514195342,0.5938371829021477,0.38216991358365693
25838,GOF,0.09239533415048157,0.7535114623069705,0.15409320354254782
25839,GOF,0.2821596277612552,0.5679493061625135,0.14989106607623134
25840,GOF,0.22171707864623716,0.615406782483259,0.16287613887050384
25841,GOF,0.22290226551174627,0.6322904759884799,0.14480725849977383
25842,GOF,0.14056412115276257,0.7281449958410543,0.1312908830061832
25843,GOF,0.19881737626752113,0.7055267048609231,0.09565591887155567
25844,GOF,0.059412023937091496,0.731462235219853,0.20912574084305566
25845,GOF,0.01599590766557071,0.5054359151016146,0.47856817723281475
25846,GOF,0.1293677890914694,0.7364141860857283,0.13421802482280235
25847,GOF,0.09300858365724148,0.7903390468893312,0.1166523694534273
25848,GOF,0.03472292374823026,0.7060738650221843,0.2592032112295854
25849,GOF,0.01029019691338144,0.6008631925795174,0.3888466105071012
25850,GOF,0.020073295720929005,0.6369225475016617,0.34300415677740936
25851,GOF,0.0156509600649838,0.5275353487257878,0.4568136912092284
25852,GOF,0.1613579726821021,0.5297124110650757,0.30892961625282217
25853,GOF,0.35243543590509246,0.5678000719824108,0.07976449211249682
25854,GOF,0.02290616182909351,0.6263321585094365,0.35076167966147
25855,GOF,0.03369668600141998,0.5570826097962382,0.40922070420234175
25856,GOF,0.21369172463099215,0.5564263443286944,0.22988193104031343
25857,GOF,0.03686469246775106,0.512693191080517,0.45044211645173193
25858,GOF,0.020805324677196577,0.5369446511056952,0.44225002421710824
25859,GOF,0.011046895281669872,0.5070827825557398,0.48187032216259035
25860,GOF,0.3451554809218556,0.5673959838428317,0.08744853523531261
25861,GOF,0.4309952343759663,0.49466217330620715,0.07434259231782643
25862,GOF,0.07902614947128356,0.7763715727483709,0.1446022777803456
25863,GOF,0.08281550492803937,0.7647225981644854,0.15246189690747528
25864,GOF,0.1912104037071941,0.7246240717831745,0.08416552450963152
25865,GOF,0.08481827783628901,0.783107551697143,0.13207417046656794
25866,GOF,0.05548956132906584,0.7720449385921838,0.1724655000787503
25867,GOF,0.08551326813577241,0.8034522706352043,0.11103446122902334
25868,GOF,0.23544601328871773,0.6472315614522214,0.11732242525906078
25869,Neutral,0.7045946339669865,0.24644320445941195,0.04896216157360158
25870,GOF,0.2723768610953395,0.4016030563883681,0.32602008251629244
25871,GOF,0.21911721247858598,0.6411738055415855,0.13970898197982856
25872,GOF,0.06931318446008203,0.6452420079863779,0.2854448075535401
25873,GOF,0.10465035458696526,0.6793107257199672,0.21603891969306757
25874,LOF,0.013678777516321086,0.11196033705589474,0.8743608854277842
25875,LOF,0.09164629981715483,0.043642798342455894,0.8647109018403893
25876,LOF,0.03340624275228393,0.029002346953177383,0.9375914102945386
25877,Neutral,0.5059683553095191,0.04125611068705557,0.4527755340034253
25878,LOF,0.2114579300432787,0.09423178313572761,0.6943102868209936
25879,LOF,0.08325255277580183,0.08885048477885507,0.827896962445343
25880,LOF,0.042563803271928144,0.01441163500765837,0.9430245617204136
25881,LOF,0.17323177724845018,0.12333609915625007,0.7034321235952997
25882,LOF,0.05784837187752125,0.017626110489882513,0.9245255176325962
25883,LOF,0.06553622540820664,0.018852343576804653,0.9156114310149888
25884,LOF,0.03192861831831144,0.029808722966133502,0.938262658715555
25885,LOF,0.06011310548937981,0.01207165476652785,0.9278152397440923
25886,LOF,0.2729337480964308,0.03756417282267108,0.6895020790808982
25887,LOF,0.1400220229907906,0.06950189513675249,0.7904760818724569
25888,LOF,0.062037727852205425,0.061077078157101616,0.8768851939906931
25889,LOF,0.03945047299963646,0.021437057973513255,0.9391124690268502
25890,LOF,0.04611821452246401,0.1569223280673631,0.7969594574101729
25891,LOF,0.04038196629117889,0.04721085960324041,0.9124071741055807
25892,LOF,0.0820761239775176,0.024899893717764375,0.893023982304718
25893,LOF,0.24283184916988432,0.020420019658968926,0.7367481311711467
25894,LOF,0.17546482038790212,0.012201626324896601,0.8123335532872012
25895,LOF,0.18721685427610393,0.022424114276126724,0.7903590314477693
25896,LOF,0.04823682149559606,0.019213493179558026,0.932549685324846
25897,LOF,0.25541490845304876,0.012748330159201427,0.7318367613877498
25898,Neutral,0.7066816378310155,0.010606721862372565,0.282711640306612
25899,LOF,0.21260932388555054,0.023275069980266332,0.7641156061341832
25900,LOF,0.47428588059407084,0.011810338815312675,0.5139037805906165
25901,LOF,0.04769536450340307,0.011137421749640237,0.9411672137469567
25902,LOF,0.16470501166304677,0.013343825649518238,0.8219511626874351
25903,Neutral,0.5841580526833092,0.030168631627725324,0.38567331568896557
25904,LOF,0.30469623784834643,0.041313381415209134,0.6539903807364444
25905,LOF,0.02634476291780497,0.32448528999955967,0.6491699470826354
25906,LOF,0.03337305302909168,0.077808540604799,0.8888184063661093
25907,LOF,0.013725361554432132,0.3220420841224581,0.6642325543231097
25908,LOF,0.009508421219468745,0.2666748347838576,0.7238167439966737
25909,LOF,0.012002274565199623,0.12996865630006044,0.85802906913474
25910,LOF,0.05090619697865793,0.14426778603477983,0.8048260169865621
25911,LOF,0.19521772213322866,0.027861185111741,0.7769210927550303
25912,LOF,0.04870092591068243,0.05212665869557605,0.8991724153937414
25913,LOF,0.3514866880113887,0.024643093154626663,0.6238702188339846
25914,LOF,0.02302944923060766,0.04391375785774594,0.9330567929116464
25915,Neutral,0.5811174185596667,0.136877314912652,0.28200526652768115
25916,LOF,0.08258411295660885,0.17475066521928964,0.7426652218241017
25917,LOF,0.06683435022873904,0.03602135064376618,0.8971442991274947
25918,LOF,0.024211357684274116,0.028271414388127216,0.9475172279275987
25919,LOF,0.020855809512950223,0.029800716493570256,0.9493434739934796
25920,GOF,0.11288243961588226,0.5132644948377847,0.373853065546333
25921,LOF,0.025691577709383098,0.03490555508210295,0.939402867208514
25922,LOF,0.034184567398155584,0.02620986892046645,0.939605563681378
25923,Neutral,0.49084880495546096,0.036075680493744156,0.47307551455079483
25924,LOF,0.03629940230531926,0.047415571629173744,0.9162850260655071
25925,LOF,0.0723109980093205,0.03876898319625867,0.8889200187944208
25926,LOF,0.05285267256606126,0.035094981725853694,0.912052345708085
25927,LOF,0.06139019740073724,0.1278045038709107,0.810805298728352
25928,LOF,0.017984030678888062,0.054128314760440166,0.9278876545606718
25929,Neutral,0.6082661895642294,0.03889486453558378,0.3528389459001867
25930,LOF,0.07262154405318223,0.03157850230412981,0.8957999536426879
25931,LOF,0.024363660954492286,0.03162652854367769,0.9440098105018301
25932,LOF,0.026693071656069736,0.028657596435960664,0.9446493319079696
25933,LOF,0.038190041148625564,0.017354494812711983,0.9444554640386624
25934,LOF,0.022827626307664647,0.0213760101571424,0.9557963635351929
25935,LOF,0.06291346104079056,0.05071505960197738,0.8863714793572322
25936,LOF,0.04260599160334843,0.02385233988722518,0.9335416685094264
25937,LOF,0.02661008221860974,0.035665462900346286,0.9377244548810438
25938,LOF,0.06631339701190163,0.0526266578634771,0.8810599451246213
25939,LOF,0.04076176114376541,0.019859303271556394,0.9393789355846782
25940,LOF,0.03456010322396339,0.35176203912987236,0.6136778576461642
25941,LOF,0.1788984419667089,0.10594345004314025,0.7151581079901509
25942,LOF,0.012593271118900582,0.03245053847050608,0.9549561904105933
25943,LOF,0.3081280647196404,0.061891477133056615,0.629980458147303
25944,Neutral,0.4896193551158339,0.024132955487096923,0.48624768939706925
25945,LOF,0.07543692814392136,0.019021903545064753,0.9055411683110139
25946,LOF,0.035906942165229806,0.1002871737845451,0.8638058840502251
25947,LOF,0.11382906955328968,0.16883685540705382,0.7173340750396564
25948,LOF,0.37493075528948305,0.00782002453487207,0.6172492201756449
25949,LOF,0.11600696186439652,0.039855645286217954,0.8441373928493856
25950,GOF,0.31608474182360985,0.35531148598344603,0.328603772192944
25951,LOF,0.19249864266394476,0.26563652513240804,0.5418648322036471
25952,LOF,0.04303108353911683,0.46998017902189626,0.4869887374389869
25953,LOF,0.16403283898604623,0.11945609860064252,0.7165110624133112
25954,Neutral,0.4156729835633316,0.18343277630519106,0.4008942401314773
25955,LOF,0.06437302316639447,0.07312631114995721,0.8625006656836484
25956,LOF,0.1514957962154477,0.129698210502818,0.7188059932817342
25957,LOF,0.036519115283231665,0.03350916570991157,0.9299717190068567
25958,LOF,0.053955692007174906,0.02535224385344567,0.9206920641393795
25959,LOF,0.06954702980451485,0.3212478875153792,0.609205082680106
25960,LOF,0.015103816225206425,0.04873706522551475,0.9361591185492788
25961,LOF,0.04111173198887373,0.02460289743785263,0.9342853705732737
25962,LOF,0.05568754658698245,0.026946739136587645,0.91736571427643
25963,LOF,0.047474608545033645,0.1902341037276316,0.7622912877273347
25964,LOF,0.03347345743876739,0.1513079560157319,0.8152185865455007
25965,LOF,0.41578377850592974,0.06756794114500385,0.5166482803490664
25966,Neutral,0.526855214965672,0.1656894607532585,0.30745532428106953
25967,LOF,0.016013794261065174,0.10337854819169999,0.8806076575472349
25968,LOF,0.032711698039435494,0.3496281215322461,0.6176601804283184
25969,LOF,0.03565925300515456,0.05679021625227519,0.9075505307425702
25970,LOF,0.06026468511211874,0.05386293569651373,0.8858723791913675
25971,LOF,0.06523104711602414,0.017305201305512254,0.9174637515784636
25972,LOF,0.06633594755356319,0.026360009325811076,0.9073040431206257
25973,LOF,0.06705279565235876,0.009744154565854877,0.9232030497817862
25974,LOF,0.18405141854983173,0.013341501818446651,0.8026070796317216
25975,LOF,0.0484347580753712,0.026716416276131246,0.9248488256484976
25976,LOF,0.041934909036179815,0.014231004542414308,0.943834086421406
25977,LOF,0.14440564765965652,0.09289583107046835,0.762698521269875
25978,LOF,0.15202733424293452,0.09504774881245975,0.7529249169446057
25979,LOF,0.13618755691019552,0.09614537588795108,0.7676670672018535
25980,LOF,0.22016980100788536,0.11929081015660306,0.6605393888355116
25981,LOF,0.2533541469201004,0.1167975550987507,0.6298482979811489
25982,LOF,0.39637490554577304,0.0777554004774295,0.5258696939767975
25983,LOF,0.38117792879373147,0.09085604315236423,0.5279660280539042
25984,LOF,0.04333771565030302,0.05086975458159057,0.9057925297681063
25985,LOF,0.037070076577422395,0.27966924477331095,0.6832606786492668
25986,LOF,0.039972779816638715,0.3357950873303672,0.6242321328529941
25987,LOF,0.08802113894199867,0.07391068932153329,0.8380681717364681
25988,LOF,0.14771109846839073,0.060993883489564665,0.7912950180420445
25989,LOF,0.03513285539211964,0.11868334004800685,0.8461838045598736
25990,LOF,0.03647759967765539,0.15731733400273687,0.8062050663196078
25991,LOF,0.13958585191756087,0.235481895952328,0.6249322521301112
25992,LOF,0.3176584673793408,0.1435635063714287,0.5387780262492305
25993,LOF,0.022933576810505826,0.06832318243771512,0.908743240751779
25994,LOF,0.018969004510947064,0.09034881575569148,0.8906821797333615
25995,LOF,0.023724918369914128,0.191753736036748,0.7845213455933379
25996,GOF,0.3572537548435285,0.3875902921159673,0.2551559530405042
25997,LOF,0.10699261640261216,0.3446337160885346,0.5483736675088532
25998,Neutral,0.5321379435629826,0.025180301816243,0.4426817546207744
25999,LOF,0.09770568638080143,0.1032854348415316,0.799008878777667
26000,LOF,0.13987748436825626,0.0519808907172207,0.8081416249145231
26001,LOF,0.19850536444257558,0.055717505091516364,0.7457771304659081
26002,LOF,0.1165148170971288,0.050226528768788255,0.8332586541340828
26003,GOF,0.010577735603324272,0.5989640767568964,0.3904581876397793
26004,GOF,0.01950989746619238,0.6877117348729729,0.29277836766083476
26005,LOF,0.006711566424070377,0.4531710037694377,0.540117429806492
26006,Neutral,0.5075673921728061,0.24754277876852523,0.24488982905866868
26007,GOF,0.0184558639001819,0.5223137838380292,0.459230352261789
26008,GOF,0.017147860129326786,0.606350043599964,0.3765020962707092
26009,GOF,0.02071743302808264,0.6920692356348165,0.2872133313371009
26010,GOF,0.021631032868514713,0.6393555315554451,0.3390134355760402
26011,LOF,0.006395774242151765,0.40985605970055966,0.5837481660572886
26012,GOF,0.011734018905407165,0.5450405566559084,0.44322542443868435
26013,GOF,0.018738636742449362,0.6127156083306556,0.3685457549268949
26014,LOF,0.040972977826027907,0.10498289351028486,0.8540441286636873
26015,LOF,0.16409009892566556,0.014528317623148141,0.8213815834511863
26016,LOF,0.19345977253848526,0.06362983427997457,0.7429103931815402
26017,LOF,0.2189124869542165,0.10438249583508481,0.6767050172106986
26018,LOF,0.07671477433301942,0.041631612108143916,0.8816536135588368
26019,LOF,0.07249122129401761,0.03264352243907407,0.8948652562669084
26020,LOF,0.06595542772700312,0.1103098424064163,0.8237347298665805
26021,LOF,0.04212606327831962,0.1197903182468376,0.8380836184748427
26022,LOF,0.010678916312180655,0.04171800462900756,0.9476030790588118
26023,LOF,0.06787207315135058,0.026047008754705822,0.9060809180939436
26024,LOF,0.027820427852504877,0.12204896252230994,0.8501306096251852
26025,LOF,0.14111190585760067,0.0987172179554648,0.7601708761869346
26026,LOF,0.30702309726311466,0.027695041403126036,0.6652818613337594
26027,LOF,0.057004139505723174,0.019674889785975484,0.9233209707083013
26028,LOF,0.16466763630170944,0.061656997585643955,0.7736753661126465
26029,LOF,0.06829272367171488,0.16164314774566307,0.770064128582622
26030,LOF,0.022054065267818126,0.036351576369254145,0.9415943583629277
26031,LOF,0.025002762629576174,0.1113948368248005,0.8636024005456232
26032,LOF,0.06426847016407707,0.04832532667992784,0.8874062031559952
26033,LOF,0.08039917247796131,0.04883575324329223,0.8707650742787464
26034,LOF,0.042286638165866315,0.13709224860189,0.8206211132322437
26035,LOF,0.02530591848939982,0.12960271120761735,0.8450913703029829
26036,LOF,0.03666885957481681,0.14697155345238866,0.8163595869727945
26037,LOF,0.020642730800035206,0.1063534609815724,0.8730038082183925
26038,LOF,0.06050908641461914,0.051678525887922856,0.887812387697458
26039,LOF,0.054206972229418664,0.12761874555485167,0.8181742822157295
26040,LOF,0.1986451872891103,0.0961320977798331,0.7052227149310566
26041,LOF,0.021366958108593917,0.09861401923009035,0.8800190226613157
26042,LOF,0.019895074259986305,0.09086414800497723,0.8892407777350364
26043,LOF,0.06097115301311025,0.059480473988741,0.8795483729981488
26044,LOF,0.02070908749731301,0.044908262125273,0.9343826503774141
26045,LOF,0.07237206373140599,0.08307223632142953,0.8445556999471645
26046,LOF,0.056721581227421186,0.050279634230131216,0.8929987845424476
26047,LOF,0.07660156481202679,0.051491164924272644,0.8719072702637006
26048,LOF,0.04523355940702013,0.028510028241294214,0.9262564123516858
26049,Neutral,0.968421538164256,0.005141366008202128,0.02643709582754184
26050,Neutral,0.9526290374309992,0.006356243805684224,0.04101471876331664
26051,LOF,0.05483612243461034,0.2672146457514983,0.6779492318138913
26052,LOF,0.08300277031708378,0.3027877375701675,0.6142094921127487
26053,LOF,0.06237362158614587,0.13354285782669467,0.8040835205871594
26054,LOF,0.04956247132525763,0.016305494361390407,0.9341320343133519
26055,LOF,0.06634272781909042,0.014466776641591779,0.9191904955393178
26056,LOF,0.05595632198060961,0.016372111502572995,0.9276715665168173
26057,LOF,0.03048561600340553,0.012369845376155788,0.9571445386204387
26058,LOF,0.03178630595996262,0.010171782623348292,0.958041911416689
26059,LOF,0.2804393787176153,0.02019611478810598,0.6993645064942787
26060,LOF,0.0414332580759153,0.18559222487807633,0.7729745170460084
26061,LOF,0.015673958055204815,0.013338587748359759,0.9709874541964354
26062,LOF,0.009387191449435098,0.017705868858500753,0.9729069396920642
26063,LOF,0.01985526538941711,0.010233572971861657,0.9699111616387212
26064,LOF,0.020003242585575176,0.0251370226271324,0.9548597347872925
26065,LOF,0.024827853157105163,0.011368045142402777,0.9638041017004921
26066,LOF,0.0195823832381028,0.010499469229306942,0.9699181475325902
26067,LOF,0.02648901977217308,0.008522808644907504,0.9649881715829195
26068,LOF,0.045641365078962576,0.02688186300264793,0.9274767719183894
26069,LOF,0.2583784215586434,0.017593139387333506,0.7240284390540231
26070,LOF,0.41199606523131754,0.014280732908105359,0.5737232018605771
26071,LOF,0.019003813565891228,0.011307388197628913,0.9696887982364798
26072,LOF,0.016725966925484722,0.01839172336194416,0.9648823097125712
26073,LOF,0.01883760186043279,0.010999576326702542,0.9701628218128646
26074,Neutral,0.910811405998343,0.005617526735618314,0.08357106726603866
26075,LOF,0.045181528271778425,0.01268453606294087,0.9421339356652806
26076,LOF,0.03614896861797149,0.009012397073816073,0.9548386343082124
26077,LOF,0.00916494146071088,0.013493458168351243,0.9773416003709379
26078,LOF,0.014111813846490124,0.011925551596196373,0.9739626345573135
26079,LOF,0.06091801756489797,0.014635917085551946,0.9244460653495501
26080,LOF,0.05990892409145523,0.014721662562997758,0.925369413345547
26081,LOF,0.03341154733344463,0.006744438825271119,0.9598440138412844
26082,LOF,0.01243515084128067,0.014328401822782274,0.9732364473359372
26083,LOF,0.17589781368797372,0.01344901526767896,0.8106531710443472
26084,LOF,0.043069968290687495,0.01252889020550158,0.9444011415038108
26085,LOF,0.038336845588975516,0.012085985150908213,0.9495771692601163
26086,LOF,0.02048417076830229,0.01130333405550875,0.9682124951761889
26087,LOF,0.022016615478354665,0.008232286619964864,0.9697510979016806
26088,LOF,0.01671113183293623,0.024456738137613804,0.9588321300294499
26089,LOF,0.042703149094265765,0.020677952922850542,0.9366188979828838
26090,LOF,0.0414325630142021,0.01680697314354738,0.9417604638422505
26091,LOF,0.029886752959799583,0.006314730040287712,0.9637985169999127
26092,LOF,0.021641178618470494,0.007923542813271081,0.9704352785682583
26093,LOF,0.03177507058871871,0.006110391438317508,0.9621145379729638
26094,LOF,0.0322894758202994,0.005847390997278464,0.9618631331824222
26095,LOF,0.03799698212972275,0.01404894146566777,0.9479540764046095
26096,LOF,0.01571759611694365,0.01238312955290405,0.9718992743301523
26097,LOF,0.011707112025942892,0.03543729361163233,0.9528555943624248
26098,LOF,0.07505153489833441,0.01113551272576268,0.913812952375903
26099,LOF,0.01989582546386007,0.01197942116383978,0.9681247533723002
26100,LOF,0.02218336204101731,0.0114901168014401,0.9663265211575425
26101,LOF,0.04571862455690353,0.017183406107364744,0.9370979693357316
26102,LOF,0.01947885123184182,0.011909297914279937,0.9686118508538781
26103,Neutral,0.8814933326656567,0.017419242645731473,0.10108742468861188
26104,LOF,0.07307546710357109,0.02220236635803406,0.9047221665383948
26105,LOF,0.19639744316350077,0.28109332951179106,0.5225092273247082
26106,LOF,0.17867612121007878,0.1263983643368398,0.6949255144530814
26107,LOF,0.23622072356454651,0.08836936349164845,0.675409912943805
26108,LOF,0.2288850982270975,0.10303639301261226,0.6680785087602902
26109,LOF,0.08839933025683902,0.06231245671687408,0.8492882130262869
26110,LOF,0.21771925309388365,0.007212504672188922,0.7750682422339276
26111,Neutral,0.5155014161155744,0.027526692674554314,0.4569718912098713
26112,LOF,0.03505323566954539,0.007525911459227314,0.9574208528712274
26113,LOF,0.06416396424587903,0.016371445630623163,0.9194645901234979
26114,LOF,0.024547059477068534,0.02918687425221665,0.9462660662707149
26115,LOF,0.08457657508844686,0.054933557395409734,0.8604898675161435
26116,LOF,0.060883647323521896,0.05524875595086423,0.8838675967256139
26117,LOF,0.44806979541926856,0.039354821337819874,0.5125753832429116
26118,LOF,0.03132619999219945,0.02266700995633881,0.9460067900514617
26119,LOF,0.022770222178592602,0.030033522462598883,0.9471962553588085
26120,LOF,0.02352775625140433,0.018398074232371938,0.9580741695162237
26121,LOF,0.04156052740730167,0.08338023837822546,0.8750592342144728
