feature0,prediction,LoGoFunc_Neutral,LoGoFunc_GOF,LoGoFunc_LOF
25546,Neutral,0.6384316735902966,0.05254067909508109,0.30902764731462234
25547,Neutral,0.5144342865696421,0.0923855264210152,0.3931801870093427
25548,Neutral,0.5051364756438113,0.07800213096090583,0.416861393395283
25549,LOF,0.4473446331598506,0.07657837094898613,0.4760769958911631
25550,LOF,0.3806521329567596,0.099838104207543,0.5195097628356975
25551,LOF,0.3252889876525193,0.1126667660931646,0.5620442462543161
25552,LOF,0.29786625800592537,0.11431753535083028,0.5878162066432444
25553,Neutral,0.7876525468566419,0.04630584449886672,0.16604160864449133
25554,LOF,0.332211622636327,0.10685873934575815,0.5609296380179148
25555,LOF,0.2912893563951079,0.098636737166615,0.6100739064382772
25556,Neutral,0.4636229870311458,0.09939118671958753,0.4369858262492667
25557,LOF,0.28262938665486836,0.10561139525472091,0.6117592180904108
25558,LOF,0.33474773745073394,0.10083905523212298,0.5644132073171431
25559,LOF,0.28045149426367216,0.059848908557076044,0.6596995971792518
25560,LOF,0.1093849799549141,0.13953352325154783,0.751081496793538
25561,LOF,0.1166268748332038,0.19172743953906762,0.6916456856277285
25562,LOF,0.03960305271903031,0.10181912138774957,0.8585778258932201
25563,LOF,0.012444946402306499,0.1636139981729033,0.8239410554247902
25564,LOF,0.0990331985445469,0.11147676734507252,0.7894900341103807
25565,LOF,0.18946943983223663,0.12973581440053653,0.6807947457672268
25566,GOF,0.06172196530566774,0.6594248190460522,0.27885321564828014
25567,LOF,0.03855431903849814,0.1617071489074349,0.799738532054067
25568,LOF,0.0602634871714175,0.08387563033529875,0.8558608824932836
25569,LOF,0.06564243701488136,0.08006970799100875,0.8542878549941099
25570,LOF,0.028578344801844725,0.10912077751815463,0.8623008776800006
25571,LOF,0.02596940306849024,0.11457290401112019,0.8594576929203896
25572,LOF,0.06100555421178029,0.15968370464587503,0.7793107411423447
25573,LOF,0.06410940296859047,0.11443274667750883,0.8214578503539006
25574,LOF,0.0645056556510824,0.2278604624280697,0.7076338819208479
25575,LOF,0.023697130421045327,0.13517885276421587,0.8411240168147387
25576,LOF,0.02645277004237138,0.20203014887874865,0.77151708107888
25577,LOF,0.03125078884403163,0.14752081000992684,0.8212284011460416
25578,LOF,0.30188867625129645,0.10516336413659678,0.5929479596121067
25579,LOF,0.19471463701427785,0.09940567071003566,0.7058796922756866
25580,LOF,0.022961399628256347,0.08274958576122286,0.8942890146105207
25581,LOF,0.052119101533922865,0.08543502458156012,0.862445873884517
25582,LOF,0.05195758987861929,0.08407535833512536,0.8639670517862553
25583,LOF,0.02595346854027969,0.09938447489641307,0.8746620565633073
25584,Neutral,0.7060785943719416,0.13832671744726743,0.15559468818079097
25585,LOF,0.02175038327338813,0.17483589562951116,0.8034137210971007
25586,LOF,0.01816756837468637,0.09313999106078454,0.8886924405645291
25587,LOF,0.018400488898001097,0.07908884068235666,0.9025106704196423
25588,LOF,0.021993745091102985,0.08143593627090574,0.8965703186379913
25589,Neutral,0.5176389515100841,0.2556233831357963,0.22673766535411954
25590,LOF,0.043596710824707056,0.13966322982079418,0.8167400593544987
25591,LOF,0.08830052839845934,0.07426136922447087,0.8374381023770698
25592,LOF,0.061384467913134365,0.16701222477155817,0.7716033073153076
25593,LOF,0.11300401146562665,0.30235848374753677,0.5846375047868366
25594,LOF,0.06114923540240352,0.0650915329312405,0.8737592316663559
25595,LOF,0.06420149538493705,0.04162432144822103,0.8941741831668418
25596,LOF,0.12830068339444453,0.025496988881805058,0.8462023277237504
25597,LOF,0.09460026536926117,0.030161061085361016,0.8752386735453779
25598,LOF,0.05811713220092576,0.04746176403092271,0.8944211037681514
25599,LOF,0.02182006982993695,0.3822857187035943,0.5958942114664687
25600,LOF,0.1689839679550146,0.41220325106728417,0.41881278097770114
25601,LOF,0.038838337276607224,0.3282109960040747,0.6329506667193181
25602,LOF,0.025179831663960154,0.0800060884559433,0.8948140798800966
25603,LOF,0.034985500342275384,0.06533530455970156,0.899679195098023
25604,LOF,0.04001908487946236,0.11219306336566176,0.8477878517548758
25605,LOF,0.029749008947351104,0.20905488744488637,0.7611961036077626
25606,LOF,0.38996683635119317,0.15879547946440556,0.45123768418440124
25607,LOF,0.026449959108927387,0.20937992234376102,0.7641701185473115
25608,LOF,0.03676183605064458,0.12320662190334572,0.8400315420460098
25609,GOF,0.1376269609952473,0.4748830969771739,0.38748994202757864
25610,LOF,0.016070624676105552,0.05697331373830407,0.9269560615855903
25611,LOF,0.014037727691015498,0.07151551662483945,0.914446755684145
25612,LOF,0.0466164800293578,0.07552728151657555,0.8778562384540666
25613,LOF,0.04320924675557599,0.07799357486192375,0.8787971783825003
25614,LOF,0.023757555101928347,0.05295124635899844,0.9232911985390733
25615,LOF,0.04180469153060273,0.06179633940762343,0.8963989690617739
25616,LOF,0.05380538358580993,0.05997086290861477,0.8862237535055754
25617,LOF,0.0412925412096096,0.0676640793761896,0.8910433794142008
25618,LOF,0.05232531136245058,0.09451006356970336,0.8531646250678461
25619,LOF,0.013833434234588342,0.06560278077642893,0.9205637849889827
25620,LOF,0.05344937938209758,0.07276782440683602,0.8737827962110664
25621,LOF,0.06278113382832601,0.0590351261876945,0.8781837399839795
25622,LOF,0.06255269048185011,0.06556106145707279,0.8718862480610771
25623,LOF,0.06030653391618873,0.04716176242585863,0.8925317036579526
25624,LOF,0.020502247468065442,0.05710879239891455,0.92238896013302
25625,LOF,0.05894260431005773,0.06174917327997332,0.8793082224099689
25626,LOF,0.04651560379465994,0.06934192115583822,0.8841424750495018
25627,Neutral,0.8860967631314227,0.027944766434226682,0.0859584704343507
25628,LOF,0.1529259865115851,0.06142822881728789,0.785645784671127
25629,LOF,0.06645150845113758,0.06600347034189805,0.8675450212069644
25630,LOF,0.2679169240647409,0.06994235047068922,0.6621407254645699
25631,Neutral,0.5424984680372779,0.06360903059045445,0.39389250137226756
25632,LOF,0.0350410473777884,0.07620739938096804,0.8887515532412436
25633,LOF,0.22487573523353221,0.043832065965058814,0.7312921988014089
25634,LOF,0.04652623737944867,0.0864916024133222,0.8669821602072291
25635,LOF,0.04018813095383565,0.038086654692410946,0.9217252143537533
25636,GOF,0.03172348457071563,0.5645456853016414,0.40373083012764294
25637,GOF,0.048922548388983765,0.5706450630248968,0.38043238858611955
25638,GOF,0.03255680850391068,0.49484385290805794,0.47259933858803144
25639,GOF,0.029361626258212373,0.5090933025263832,0.46154507121540445
25640,Neutral,0.8552186598740718,0.08841120361008535,0.05637013651584277
25641,LOF,0.09456594055083045,0.4078054609167056,0.49762859853246383
25642,LOF,0.07271178166142608,0.16626186613741872,0.7610263522011552
25643,LOF,0.23199492064157543,0.1431362627306309,0.6248688166277936
25644,GOF,0.010209264066434551,0.6289460993900465,0.3608446365435188
25645,GOF,0.011843447685517601,0.601839248549763,0.3863173037647195
25646,LOF,0.038663216450072146,0.4142247722993958,0.5471120112505321
25647,LOF,0.012788055834390804,0.32327404623675055,0.6639378979288587
25648,LOF,0.01413838177496088,0.41205745742288624,0.5738041608021528
25649,LOF,0.008501683933377108,0.3169041855369704,0.6745941305296524
25650,GOF,0.02230606802309093,0.6007835266305324,0.3769104053463767
25651,LOF,0.008783213388549272,0.41854282919883024,0.5726739574126205
25652,LOF,0.01536055467347484,0.41445557670730954,0.5701838686192156
25653,GOF,0.03863451119450197,0.5997440680130823,0.3616214207924156
25654,LOF,0.010503828642516986,0.2954786672733093,0.6940175040841737
25655,GOF,0.12354862831901404,0.6058500043960298,0.27060136728495615
25656,LOF,0.3516321286141595,0.11641056242199174,0.5319573089638489
25657,LOF,0.05405795364546814,0.1112723008715484,0.8346697454829834
25658,LOF,0.33306887048968176,0.13740758035555672,0.5295235491547615
25659,Neutral,0.4558218961849694,0.16236229269174465,0.3818158111232861
25660,LOF,0.02382657799312247,0.1089683375968174,0.8672050844100602
25661,LOF,0.0880712674050953,0.06606385857635728,0.8458648740185474
25662,LOF,0.03340759104060473,0.03234972886399084,0.9342426800954045
25663,LOF,0.03739804972338023,0.04043080427718285,0.9221711459994368
25664,LOF,0.12746493217661456,0.06834898706979409,0.8041860807535913
25665,LOF,0.05980803116130397,0.030533136028606498,0.9096588328100895
25666,LOF,0.09430768253363561,0.07589204073125565,0.8298002767351088
25667,LOF,0.07240531567109776,0.04936481302844624,0.878229871300456
25668,LOF,0.037279820465913736,0.05524133914997952,0.9074788403841068
25669,LOF,0.03023182009368702,0.05556494803847049,0.9142032318678425
25670,LOF,0.12252755105513086,0.067066092039325,0.8104063569055442
25671,LOF,0.1033100753410142,0.04133434841065574,0.8553555762483301
25672,LOF,0.049913531563500174,0.047572993666225874,0.902513474770274
25673,LOF,0.08970417782818199,0.04441969189750237,0.8658761302743156
25674,LOF,0.07366182042076215,0.05668284145361584,0.8696553381256219
25675,LOF,0.11515299629497204,0.07338473005713428,0.8114622736478938
25676,LOF,0.018733700418283594,0.055846830329890476,0.9254194692518259
25677,LOF,0.022578108251766347,0.07078948876269779,0.9066324029855359
25678,LOF,0.18648401640269333,0.08602558940506486,0.7274903941922418
25679,LOF,0.12251534761191704,0.09331011189387789,0.7841745404942051
25680,LOF,0.032501864565912884,0.12005820137436805,0.847439934059719
25681,LOF,0.05085420256915179,0.11276100221717689,0.8363847952136714
25682,LOF,0.12391414498193139,0.08729209122598604,0.7887937637920825
25683,LOF,0.1133766540130014,0.10162683429270833,0.7849965116942903
25684,LOF,0.03645372992604412,0.07458154615759122,0.8889647239163646
25685,LOF,0.11425015143415149,0.06932286282795232,0.8164269857378963
25686,LOF,0.0737291010719347,0.11990809875067053,0.8063628001773947
25687,LOF,0.10139317810316505,0.1222835123515666,0.7763233095452684
25688,LOF,0.4142073365113774,0.050725106239721804,0.5350675572489008
25689,LOF,0.30274141639380003,0.05058316473296633,0.6466754188732337
25690,LOF,0.3307399547377807,0.038706350843994604,0.6305536944182247
25691,Neutral,0.7060878287884462,0.03499057974799235,0.2589215914635613
25692,LOF,0.3790799802772132,0.010597134529859735,0.6103228851929271
25693,LOF,0.05338388945926431,0.43182513990958693,0.5147909706311488
25694,LOF,0.1260695956058173,0.018103829839308642,0.8558265745548741
25695,LOF,0.11877926518135024,0.01242769567968581,0.868793039138964
25696,LOF,0.1395183839667513,0.011256601643682022,0.8492250143895667
25697,LOF,0.06592557705825175,0.14476360893008933,0.7893108140116589
25698,LOF,0.32470970573215474,0.21226580464389028,0.4630244896239551
25699,LOF,0.45636977217627295,0.04022122434945525,0.5034090034742718
25700,LOF,0.08316244228205069,0.013897695019288198,0.9029398626986612
25701,LOF,0.1860233368593482,0.044131023643033236,0.7698456394976185
25702,GOF,0.1473527058706769,0.6581468266987738,0.19450046743054925
25703,LOF,0.015494445823244711,0.1679085467360258,0.8165970074407295
25704,LOF,0.03494403178782929,0.14999253783222155,0.8150634303799492
25705,LOF,0.036754068402195056,0.09234774284709635,0.8708981887507086
25706,LOF,0.13143143927447343,0.3794189198501143,0.48914964087541224
25707,LOF,0.08887067196129844,0.28007731465262325,0.6310520133860783
25708,LOF,0.04231162265298719,0.2463779028574377,0.7113104744895751
25709,LOF,0.06032682881500822,0.02972612090404839,0.9099470502809435
25710,LOF,0.01225186532089448,0.11069216468898217,0.8770559699901234
25711,LOF,0.01830209440364669,0.0706806693010927,0.9110172362952607
25712,LOF,0.015434247218583521,0.14637519165761276,0.8381905611238037
25713,LOF,0.017565066175529918,0.06866217151888056,0.9137727623055896
25714,LOF,0.07062748635109829,0.05052018902009498,0.8788523246288068
25715,LOF,0.01159525608718186,0.10025814801889578,0.8881465958939224
25716,LOF,0.011824002076445076,0.08778878582375998,0.900387212099795
25717,LOF,0.015353417717006945,0.06983415209864764,0.9148124301843455
25718,LOF,0.010720118042903907,0.06615443653713354,0.9231254454199626
25719,LOF,0.020938137194464652,0.06288875184094635,0.916173110964589
25720,LOF,0.023802859177156802,0.04894601017897911,0.927251130643864
25721,LOF,0.013029272804266846,0.08274247858852955,0.9042282486072035
25722,LOF,0.013902355007021557,0.07405998616561513,0.9120376588273632
25723,LOF,0.023087259462750184,0.03220391689128585,0.9447088236459641
25724,LOF,0.031164526520856765,0.0602362072763782,0.908599266202765
25725,LOF,0.011210070061527001,0.05608403402126972,0.9327058959172032
25726,LOF,0.015192483765787721,0.07459925064204151,0.9102082655921708
25727,LOF,0.012055835382532413,0.05469686969878965,0.9332472949186779
25728,LOF,0.00989897337289438,0.07581926502612958,0.9142817616009761
25729,LOF,0.010111493149398333,0.07515316938782457,0.9147353374627771
25730,LOF,0.013306393744860675,0.07558704620920251,0.9111065600459367
25731,LOF,0.02168896929212946,0.07366260226947281,0.9046484284383977
25732,LOF,0.013248842772491252,0.04739248299105417,0.9393586742364545
25733,LOF,0.016923983946454495,0.04992271824839711,0.9331532978051483
25734,LOF,0.012261910204629786,0.09363126587589209,0.894106823919478
25735,LOF,0.011338003017299108,0.05758147226939275,0.9310805247133082
25736,LOF,0.012336525060736795,0.0709299879182328,0.9167334870210304
25737,LOF,0.01160175867216342,0.06845585752217236,0.9199423838056642
25738,LOF,0.011053643584134626,0.06682237510302143,0.9221239813128439
25739,LOF,0.018767951584783775,0.05527680337255627,0.9259552450426599
25740,LOF,0.026830153367389354,0.0779921750803629,0.8951776715522477
25741,LOF,0.014867918559966515,0.07525793466506349,0.9098741467749699
25742,LOF,0.10619229121154024,0.05443591332494635,0.8393717954635135
25743,LOF,0.03833397973367236,0.04682402114316151,0.9148419991231661
25744,Neutral,0.6289156191744705,0.21153860622475743,0.15954577460077213
25745,LOF,0.06829362315231795,0.0722106896727348,0.8594956871749473
25746,LOF,0.046824049640715446,0.09644250664593572,0.8567334437133488
25747,LOF,0.024401706279447457,0.07220033823590773,0.9033979554846449
25748,LOF,0.12938816379823112,0.12566856880011942,0.7449432674016494
25749,LOF,0.026563880072159027,0.08401608272758158,0.8894200372002593
25750,LOF,0.07011327361044252,0.0967251774262398,0.8331615489633176
25751,LOF,0.0987493288983165,0.13338067196176942,0.7678699991399142
25752,GOF,0.0990546248839896,0.6503926358373094,0.2505527392787009
25753,LOF,0.02466160655613158,0.2952882816588458,0.6800501117850226
25754,GOF,0.015566489515464943,0.8060601440055113,0.17837336647902372
25755,LOF,0.024687108312567714,0.3733937768734739,0.6019191148139585
25756,LOF,0.05242734864577502,0.362281987796395,0.58529066355783
25757,GOF,0.019931334405771314,0.8693532991631437,0.11071536643108477
25758,GOF,0.026804861270027857,0.8003836902427208,0.17281144848725113
25759,GOF,0.01132697058403159,0.6367402833350027,0.3519327460809658
25760,LOF,0.014386517772438958,0.30409090946689044,0.6815225727606705
25761,GOF,0.27272297734282996,0.6476944056872562,0.07958261696991364
25762,LOF,0.04366260904898253,0.3016499753377074,0.65468741561331
25763,LOF,0.014801828419714568,0.22367049109142692,0.7615276804888585
25764,GOF,0.06598683760779768,0.6780267103781497,0.2559864520140526
25765,GOF,0.03398714103842161,0.7739962140162939,0.19201664494528456
25766,GOF,0.06542762954348767,0.7926391064019926,0.14193326405451967
25767,GOF,0.15836877180205675,0.5210632202582859,0.32056800793965734
25768,LOF,0.11060199838845003,0.055395595462595704,0.8340024061489543
25769,LOF,0.04559387335810622,0.07563011548307988,0.878776011158814
25770,LOF,0.3137384588548808,0.10858613975028009,0.5776754013948391
25771,LOF,0.04788253965167208,0.058182986110778184,0.8939344742375498
25772,LOF,0.017271926137739976,0.05193185946682851,0.9307962143954315
25773,LOF,0.050206544644094714,0.08052115775631577,0.8692722975995895
25774,LOF,0.02928695545426643,0.11378033941853939,0.8569327051271942
25775,LOF,0.056867023956405575,0.06245154718928774,0.8806814288543067
25776,LOF,0.06520184858408874,0.029628659813017526,0.9051694916028938
25777,LOF,0.3227758336597392,0.09177431742857536,0.5854498489116854
25778,LOF,0.06184022305492475,0.049632452661958815,0.8885273242831165
25779,GOF,0.38601670017604695,0.5687324885059281,0.04525081131802483
25780,GOF,0.3555285702731082,0.5801742611779237,0.06429716854896811
25781,GOF,0.11738707861286346,0.7821423501805739,0.10047057120656262
25782,GOF,0.19636696270261547,0.7336759385485143,0.06995709874887023
25783,GOF,0.02461849575366397,0.6544670170706391,0.32091448717569687
25784,Neutral,0.5249042364396718,0.43686810364159934,0.03822765991872886
25785,Neutral,0.4945799321697438,0.46281483382671024,0.04260523400354599
25786,GOF,0.03556736717317589,0.7603353896773987,0.20409724314942546
25787,Neutral,0.6762776244635877,0.29705714667860217,0.02666522885781012
25788,LOF,0.06259840144671021,0.08108309983324974,0.8563184987200402
25789,GOF,0.22433038544458847,0.6410902514165159,0.1345793631388957
25790,GOF,0.2586496314694809,0.6551806379234651,0.08616973060705392
25791,GOF,0.14716866144232,0.7092453569521796,0.14358598160550043
25792,GOF,0.37178110641872436,0.521021215106881,0.10719767847439457
25793,GOF,0.2785532968953099,0.5126849278115646,0.20876177529312545
25794,GOF,0.35103861910318274,0.48484513296854337,0.16411624792827387
25795,GOF,0.07388327160765401,0.6592277888442951,0.26688893954805093
25796,Neutral,0.5389746084209839,0.398570155819228,0.062455235759788105
25797,GOF,0.10059467961751109,0.580425850081986,0.3189794703005028
25798,GOF,0.010512295241603468,0.5459183454181634,0.4435693593402331
25799,LOF,0.00797922615165257,0.4513668575947772,0.5406539162535702
25800,GOF,0.041683263390546295,0.62145395375648,0.3368627828529736
25801,GOF,0.24480855571986906,0.6571710176353012,0.09802042664482975
25802,GOF,0.06867803405957777,0.7103241243254997,0.22099784161492245
25803,GOF,0.04248204527921933,0.610601843962061,0.3469161107587197
25804,GOF,0.038304183983841535,0.5397435681679352,0.4219522478482232
25805,GOF,0.13021523784044978,0.6099030075911146,0.2598817545684357
25806,GOF,0.1627161309137819,0.6042277370385021,0.2330561320477161
25807,GOF,0.024535537063299823,0.6586092382858556,0.3168552246508447
25808,GOF,0.11972982409655406,0.6182122483346572,0.26205792756878893
25809,GOF,0.02302489895870479,0.6742757995541926,0.3026993014871027
25810,GOF,0.0222521567578754,0.6682057850571683,0.3095420581849562
25811,Neutral,0.5002323978806115,0.4409520797667374,0.058815522352651126
25812,GOF,0.04355765419278461,0.6493805895203871,0.30706175628682825
25813,Neutral,0.5994640969185563,0.311094484919496,0.08944141816194764
25814,GOF,0.12626217478734356,0.6609565582698976,0.21278126694275867
25815,GOF,0.23111004138699176,0.589930744405752,0.17895921420725622
25816,GOF,0.022555313663897035,0.6819431450394168,0.29550154129668615
25817,GOF,0.2623343864640403,0.6270142194393539,0.11065139409660579
25818,GOF,0.05392645419263991,0.6060632761657131,0.340010269641647
25819,GOF,0.390873907255046,0.4708145606889014,0.13831153205605262
25820,GOF,0.19845483582145346,0.6171957516988356,0.18434941247971098
25821,GOF,0.06194255819731735,0.694801129865381,0.24325631193730166
25822,GOF,0.24124560814569515,0.5547560580464226,0.2039983338078822
25823,GOF,0.03359748872822709,0.5414743933652604,0.4249281179065125
25824,GOF,0.09250212901076031,0.559440246277598,0.3480576247116417
25825,GOF,0.032526712601721706,0.5728661885999606,0.3946070987983176
25826,GOF,0.013016027675103778,0.5396375786691897,0.44734639365570644
25827,GOF,0.02188316535535,0.5692351153683497,0.40888171927630024
25828,GOF,0.016054380713380414,0.5058030215662734,0.4781425977203462
25829,GOF,0.0073746038514858865,0.55620249487248,0.4364229012760341
25830,LOF,0.045758545710524304,0.2902685276613622,0.6639729266281136
25831,GOF,0.19124363170025707,0.6839339901303427,0.12482237816940014
25832,GOF,0.038435667492591766,0.706635913688918,0.25492841881849027
25833,GOF,0.1308351703961547,0.7057628156354033,0.16340201396844198
25834,GOF,0.04447314243433679,0.6998946610075599,0.2556321965581033
25835,GOF,0.10538382017191021,0.6962148364479847,0.19840134338010518
25836,GOF,0.049541615668385754,0.6684781680181722,0.28198021631344206
25837,GOF,0.02777260411249968,0.5446004100124472,0.42762698587505316
25838,GOF,0.0891465960033641,0.7476745663803255,0.16317883761631036
25839,GOF,0.32361474401783685,0.5463461503496523,0.13003910563251098
25840,GOF,0.23479139822367082,0.5890652749844552,0.17614332679187417
25841,GOF,0.22320123671555323,0.6045571062868949,0.1722416569975519
25842,GOF,0.1921566887142087,0.6547812157102415,0.15306209557554978
25843,GOF,0.23248934867032536,0.6509025812231024,0.11660807010657233
25844,GOF,0.07269008161408999,0.6721748489712318,0.25513506941467823
25845,GOF,0.016146318674775798,0.5042299616949499,0.4796237196302744
25846,GOF,0.11433922062218113,0.7133899179764942,0.1722708614013247
25847,GOF,0.12948000611899077,0.7447907185789422,0.12572927530206715
25848,GOF,0.037621648772419546,0.6988157091230517,0.26356264210452873
25849,GOF,0.01046102312295323,0.5733764427010576,0.4161625341759892
25850,GOF,0.02525952375555622,0.6677313325223384,0.30700914372210536
25851,GOF,0.020001210222913922,0.568125098299851,0.4118736914772351
25852,GOF,0.17855205404197091,0.5730896638791027,0.24835828207892655
25853,GOF,0.3402258305372368,0.5928454813080257,0.06692868815473739
25854,GOF,0.02314114174852077,0.6120500439302577,0.3648088143212214
25855,GOF,0.039909274752783594,0.605719904524934,0.3543708207222825
25856,GOF,0.24904635700427247,0.5537724987662662,0.19718114422946129
25857,GOF,0.03791435957912115,0.5170977893156635,0.4449878511052152
25858,GOF,0.020070079871140456,0.5927747989435328,0.38715512118532674
25859,GOF,0.011652086430047816,0.5763925507053201,0.4119553628646321
25860,GOF,0.37240855562180464,0.5521214863538297,0.07546995802436562
25861,GOF,0.40815418663354824,0.5063874975816747,0.08545831578477706
25862,GOF,0.09853350326386254,0.7712799659801337,0.1301865307560038
25863,GOF,0.09863010760441074,0.7756794375513284,0.1256904548442609
25864,GOF,0.21461467793443345,0.7106385021961472,0.07474681986941926
25865,GOF,0.08777798675384185,0.7885053354751416,0.12371667777101653
25866,GOF,0.0716406650756423,0.8095752108040877,0.1187841241202701
25867,GOF,0.08858656012233054,0.809798414877618,0.1016150250000514
25868,GOF,0.31397934502389996,0.5910042369556864,0.09501641802041369
25869,Neutral,0.7221708445553608,0.2365022938135323,0.041326861631106784
25870,LOF,0.36506430079100677,0.2462491131599488,0.38868658604904444
25871,GOF,0.2487946806460451,0.6010725162317098,0.15013280312224522
25872,GOF,0.0862791800892125,0.6426133346007051,0.2711074853100823
25873,GOF,0.16174985723056884,0.6259902983082519,0.21225984446117924
25874,LOF,0.024488978667111097,0.10184264543825984,0.873668375894629
25875,LOF,0.08847259149694418,0.05765197277178412,0.8538754357312717
25876,LOF,0.02953560246210624,0.05255611353516452,0.9179082840027292
25877,Neutral,0.5252031964711643,0.07576044755179862,0.39903635597703696
25878,LOF,0.23881119857807864,0.11666184717702754,0.6445269542448938
25879,LOF,0.0865937477578321,0.11517500406239661,0.7982312481797713
25880,LOF,0.02411023843344277,0.027725159062239515,0.9481646025043178
25881,LOF,0.1892680238964225,0.1684237058171465,0.642308270286431
25882,LOF,0.08296492340878245,0.019469953548873247,0.8975651230423443
25883,LOF,0.07838173829092045,0.026555106239920835,0.8950631554691587
25884,LOF,0.045199709646149056,0.037952853197405295,0.9168474371564457
25885,LOF,0.07724152698701486,0.014586150777759169,0.9081723222352259
25886,LOF,0.33178899910002063,0.0488633968627123,0.6193476040372671
25887,LOF,0.18950659013423862,0.10826343361499693,0.7022299762507643
25888,LOF,0.07054484627866488,0.09059070459083128,0.8388644491305038
25889,LOF,0.05708529733904178,0.026902334064872593,0.9160123685960857
25890,LOF,0.04939097497865925,0.14477042115655966,0.8058386038647811
25891,LOF,0.03863770272562996,0.06397872242942795,0.897383574844942
25892,LOF,0.10985793855164723,0.025446304044842643,0.86469575740351
25893,LOF,0.30071477939943675,0.01959370610467549,0.6796915144958877
25894,LOF,0.17668591194402858,0.010232532904492062,0.8130815551514794
25895,LOF,0.19736791778303273,0.024919879735808934,0.7777122024811582
25896,LOF,0.05015360698656617,0.028132283192924806,0.9217141098205089
25897,LOF,0.2275403639102608,0.016578041100659198,0.75588159498908
25898,Neutral,0.7408121536555706,0.01216403572712957,0.24702381061729992
25899,LOF,0.2796872740308536,0.02970697147945471,0.6906057544896917
25900,LOF,0.46075382046567787,0.017723885551523013,0.5215222939827991
25901,LOF,0.05212743302940116,0.014353402975759742,0.9335191639948391
25902,LOF,0.16867548726326187,0.011985723011999112,0.819338789724739
25903,Neutral,0.5037228142096593,0.03489838756404642,0.46137879822629435
25904,LOF,0.28394854196443553,0.06264216562350053,0.6534092924120639
25905,LOF,0.02741544010520877,0.275592573666229,0.6969919862285622
25906,LOF,0.022276720339004404,0.0608018525175339,0.9169214271434616
25907,LOF,0.013897150544176022,0.29269461528597535,0.6934082341698486
25908,LOF,0.012288795153534697,0.19617677231136807,0.7915344325350971
25909,LOF,0.013530539095744578,0.12323212033639695,0.8632373405678584
25910,LOF,0.04343040430702533,0.09609281101194075,0.8604767846810338
25911,LOF,0.13282834806257535,0.02968783383240214,0.8374838181050225
25912,LOF,0.03772308241919763,0.0533249656262435,0.9089519519545588
25913,LOF,0.285606731783329,0.022848864648640322,0.6915444035680307
25914,LOF,0.024371121561098826,0.10619362514518914,0.869435253293712
25915,Neutral,0.4395915924831083,0.2479211362444878,0.3124872712724039
25916,LOF,0.06392505366554894,0.29452839970753525,0.6415465466269158
25917,LOF,0.06847873719162915,0.06102521445497029,0.8704960483534007
25918,LOF,0.033573302543383136,0.056246650202007815,0.9101800472546091
25919,LOF,0.027061652319379664,0.06383834364067335,0.9091000040399471
25920,GOF,0.08923044209657603,0.49306390809341405,0.41770564981000985
25921,LOF,0.030281241668666525,0.020806917148383956,0.9489118411829496
25922,LOF,0.04075967940744102,0.013579879649217464,0.9456604409433415
25923,LOF,0.3702212602200708,0.017955066927835543,0.6118236728520936
25924,LOF,0.03944189911339081,0.027541337868937605,0.9330167630176716
25925,LOF,0.06557684647766139,0.025364289250579534,0.909058864271759
25926,LOF,0.04823955219552043,0.01786110431354162,0.9338993434909381
25927,LOF,0.06885502631555984,0.06052710313670317,0.870617870547737
25928,LOF,0.023262676955786266,0.027932626133113217,0.9488046969111005
25929,Neutral,0.5010794640776091,0.0194964391138038,0.47942409680858716
25930,LOF,0.05314425968610752,0.014553597146663459,0.932302143167229
25931,LOF,0.032163231014359965,0.019685708703575142,0.9481510602820649
25932,LOF,0.028414050123434644,0.016026363434368664,0.9555595864421966
25933,LOF,0.03718570780404572,0.009885215219849324,0.9529290769761048
25934,LOF,0.024145911734017925,0.011568836384746034,0.964285251881236
25935,LOF,0.06583841059881296,0.030479747663758064,0.9036818417374289
25936,LOF,0.04707397684657275,0.014369785563375531,0.9385562375900517
25937,LOF,0.029819909895142833,0.02372521293579665,0.9464548771690606
25938,LOF,0.06242576700238499,0.03155501332505418,0.9060192196725608
25939,LOF,0.03740914632959113,0.010246277778258345,0.9523445758921504
25940,LOF,0.02641141112109154,0.3391475456206823,0.6344410432582261
25941,LOF,0.17462980073563567,0.08075980263280487,0.7446103966315595
25942,LOF,0.017830602810279164,0.03388801314515457,0.9482813840445662
25943,LOF,0.30830831323564356,0.06583163007562688,0.6258600566887296
25944,LOF,0.4793818113980677,0.032387577339791425,0.48823061126214096
25945,LOF,0.08295440466274556,0.02332559252206731,0.893720002815187
25946,LOF,0.025498140301265907,0.14770058598205268,0.8268012737166814
25947,LOF,0.12882046328652505,0.18886458743208254,0.6823149492813924
25948,LOF,0.4483094798693968,0.01847082337448872,0.5332196967561145
25949,LOF,0.09178320111048742,0.0881801660391622,0.8200366328503503
25950,GOF,0.3101589631482573,0.390958705985059,0.29888233086668364
25951,LOF,0.2051591909240802,0.24029472364249901,0.5545460854334208
25952,GOF,0.048583522347008676,0.48185998062479257,0.4695564970281988
25953,LOF,0.14358762513676457,0.1118478361605956,0.7445645387026398
25954,Neutral,0.41540612253354,0.19008016488190793,0.3945137125845522
25955,LOF,0.05914777954542636,0.08089839571352872,0.859953824741045
25956,LOF,0.19574703445618133,0.07254538960535498,0.7317075759384638
25957,LOF,0.039533932572630215,0.025913259470238613,0.9345528079571311
25958,LOF,0.05656065389672813,0.029015700874068715,0.9144236452292033
25959,LOF,0.06992956988327328,0.3285074496937135,0.6015629804230131
25960,LOF,0.02092343056948911,0.06358367461531338,0.9154928948151975
25961,LOF,0.047744308588831545,0.03546043203801853,0.9167952593731499
25962,LOF,0.06452065104438978,0.03400491893355498,0.9014744300220552
25963,LOF,0.046904606704760994,0.17884124274077318,0.7742541505544659
25964,LOF,0.031533734575157304,0.13303671215886223,0.8354295532659805
25965,LOF,0.42187180102345273,0.08209318392710088,0.49603501504944625
25966,Neutral,0.4352751391980506,0.17803747379776425,0.3866873870041852
25967,LOF,0.012795575354401515,0.08044847923884502,0.9067559454067535
25968,LOF,0.03377729997639985,0.4775514150543438,0.4886712849692562
25969,LOF,0.02121225676802412,0.06438547118590275,0.9144022720460732
25970,LOF,0.06075083929320706,0.06101418446628757,0.8782349762405055
25971,LOF,0.07377052127100514,0.016037964051817514,0.9101915146771774
25972,LOF,0.08152854962700498,0.024105462025148464,0.8943659883478465
25973,LOF,0.09515280026786242,0.008726334492134826,0.8961208652400028
25974,LOF,0.23662935053231288,0.02211073899916901,0.7412599104685181
25975,LOF,0.051345104714547826,0.03187387290130887,0.9167810223841433
25976,LOF,0.048655280918437564,0.018896456130768395,0.932448262950794
25977,LOF,0.14354099682709132,0.09749486260747206,0.7589641405654367
25978,LOF,0.10793916545045336,0.06847746239709593,0.8235833721524508
25979,LOF,0.10794483523215155,0.06396523247879725,0.8280899322890511
25980,LOF,0.13595582539469986,0.09400754731284297,0.7700366272924571
25981,LOF,0.16411923683948407,0.09116171285637154,0.7447190503041444
25982,LOF,0.3314840757170182,0.05125697937623161,0.6172589449067502
25983,LOF,0.3255201143624164,0.05163960619162636,0.6228402794459572
25984,LOF,0.04976496240629673,0.07551061988718685,0.8747244177065164
25985,LOF,0.02413949553323042,0.2682088455196493,0.7076516589471203
25986,LOF,0.032802534524019156,0.300265138577119,0.6669323268988618
25987,LOF,0.08028510018177623,0.08051283850974976,0.8392020613084741
25988,LOF,0.1196200517333285,0.07099306533903126,0.8093868829276402
25989,LOF,0.028730050624618714,0.13969548131367313,0.8315744680617081
25990,LOF,0.03596533219333154,0.16576823385878536,0.7982664339478831
25991,GOF,0.17892673488696606,0.41699450975154995,0.40407875536148385
25992,LOF,0.36513244290925284,0.23645791749853748,0.39840963959220976
25993,LOF,0.02634600267078372,0.07495692467282898,0.8986970726563873
25994,LOF,0.01810014708936558,0.11539074424054463,0.8665091086700899
25995,LOF,0.02692731796923056,0.20377055791307017,0.7693021241176994
25996,GOF,0.2510002512591957,0.5749193384420364,0.17408041029876792
25997,GOF,0.10107342469788116,0.5932559836342595,0.30567059166785937
25998,Neutral,0.5763119239708825,0.014805644476889998,0.40888243155222753
25999,LOF,0.11852027724929709,0.14603962925498373,0.735440093495719
26000,LOF,0.15214049541794886,0.03354309920909079,0.8143164053729604
26001,LOF,0.18970085341477436,0.03726845082412145,0.7730306957611042
26002,LOF,0.1399734312064345,0.03789772678016007,0.8221288420134055
26003,GOF,0.008093034851332994,0.6592899470207235,0.33261701812794336
26004,GOF,0.022429154124773025,0.7364648368881783,0.24110600898704856
26005,GOF,0.007912696072614826,0.5336293558998482,0.45845794802753703
26006,Neutral,0.466315281586898,0.3131533202318209,0.2205313981812811
26007,GOF,0.016960875641902438,0.5710451653168842,0.4119939590412134
26008,GOF,0.016063709469792416,0.6292745526982008,0.3546617378320069
26009,GOF,0.020636792395090368,0.662161405130766,0.3172018024741435
26010,GOF,0.022167485622714273,0.6902140346464177,0.28761847973086807
26011,GOF,0.006881877370145548,0.529686947359623,0.4634311752702315
26012,GOF,0.014568045304249407,0.6266378495668077,0.3587941051289429
26013,GOF,0.014736492317415598,0.6651627979882614,0.3201007096943229
26014,LOF,0.05106412948694539,0.16997283535578947,0.7789630351572652
26015,LOF,0.22215203410056872,0.01581895985954413,0.7620290060398872
26016,LOF,0.23745304555830088,0.07604494893569226,0.6865020055060068
26017,LOF,0.1738742697510751,0.12734970274503207,0.6987760275038929
26018,LOF,0.08455251613220263,0.07182234857708833,0.843625135290709
26019,LOF,0.08200334621809569,0.04874271737139658,0.8692539364105077
26020,LOF,0.053465540555683734,0.1628394686701867,0.7836949907741296
26021,LOF,0.04688525136787854,0.19385170282963984,0.7592630458024815
26022,LOF,0.011626324819264443,0.07190130448314698,0.9164723706975886
26023,LOF,0.11010762157795959,0.045639412376916086,0.8442529660451245
26024,LOF,0.02677695408624304,0.15529224185016952,0.8179308040635874
26025,LOF,0.14228621445017395,0.1431091050890828,0.7146046804607433
26026,LOF,0.30700087272189686,0.037211810334747075,0.6557873169433561
26027,LOF,0.08220976044711305,0.03546387189962643,0.8823263676532606
26028,LOF,0.161597182554055,0.093636749986909,0.744766067459036
26029,LOF,0.0764357523990069,0.13836287558959534,0.7852013720113977
26030,LOF,0.026484947451582988,0.04922813889426479,0.9242869136541522
26031,LOF,0.030125516631182306,0.11083612341775438,0.8590383599510633
26032,LOF,0.07178271453553633,0.05302438479209007,0.8751929006723735
26033,LOF,0.11706580036680232,0.06127176210501028,0.8216624375281875
26034,LOF,0.050129453518886646,0.11818757995093426,0.831682966530179
26035,LOF,0.03232700910938782,0.10447246487114244,0.8632005260194697
26036,LOF,0.04766517729090623,0.12370684602534553,0.8286279766837482
26037,LOF,0.02741663847482138,0.09254360754770209,0.8800397539774765
26038,LOF,0.06854648238399329,0.05092907353157424,0.8805244440844325
26039,LOF,0.06619421248151118,0.11210319019994676,0.8217025973185421
26040,LOF,0.21273959326133426,0.09854758888626622,0.6887128178523996
26041,LOF,0.027769513472644083,0.07786000500422663,0.8943704815231294
26042,LOF,0.026891345267013398,0.08288894972090947,0.8902197050120771
26043,LOF,0.06715152859114544,0.06335530223545408,0.8694931691734005
26044,LOF,0.023168171181981747,0.058699049342954876,0.9181327794750634
26045,LOF,0.0802139496090748,0.07874570486264314,0.8410403455282821
26046,LOF,0.06999143503157848,0.06599302078410396,0.8640155441843176
26047,LOF,0.10741843596820182,0.0769038969051013,0.8156776671266969
26048,LOF,0.05048799692975848,0.05583326129677276,0.8936787417734688
26049,Neutral,0.9526222868132873,0.007385962453270885,0.03999175073344191
26050,Neutral,0.9319794147903767,0.008189291419945942,0.05983129378967736
26051,LOF,0.04804199425019391,0.34968672889890834,0.6022712768508978
26052,LOF,0.06377156621479717,0.30971643616291583,0.626511997622287
26053,LOF,0.05747221555443082,0.1592900095206528,0.7832377749249163
26054,LOF,0.05743834929606158,0.03722780327475762,0.9053338474291808
26055,LOF,0.07444885340001563,0.024040349112517918,0.9015107974874664
26056,LOF,0.06277777713581846,0.029939371877899586,0.9072828509862819
26057,LOF,0.032678426076745974,0.014662414175290836,0.9526591597479632
26058,LOF,0.032896127574658464,0.012976536808350828,0.9541273356169908
26059,LOF,0.2642265850364902,0.04040366271381411,0.6953697522496957
26060,LOF,0.03047366355758737,0.23793543517551236,0.7315909012669002
26061,LOF,0.019081487867576737,0.01727534489810035,0.963643167234323
26062,LOF,0.011538098533137704,0.026177252314829026,0.9622846491520333
26063,LOF,0.022668390772171792,0.01671027306124976,0.9606213361665784
26064,LOF,0.024547900986832304,0.024062013351327752,0.95139008566184
26065,LOF,0.026108600838087845,0.017405101030797832,0.9564862981311143
26066,LOF,0.021640335502617385,0.015636959301308546,0.9627227051960741
26067,LOF,0.0267977571408581,0.011145035283940868,0.9620572075752011
26068,LOF,0.048326321363426177,0.05662543189878761,0.8950482467377862
26069,LOF,0.27019187804880174,0.03760709303292706,0.6922010289182713
26070,LOF,0.38892033760610634,0.02508546701428603,0.5859941953796076
26071,LOF,0.02326969592244313,0.01647801486206015,0.9602522892154968
26072,LOF,0.021837101123996824,0.02461597603515513,0.9535469228408481
26073,LOF,0.025135061960058488,0.015523262563639638,0.9593416754763019
26074,Neutral,0.9041927928171212,0.0072747601075613694,0.08853244707531753
26075,LOF,0.04483659771990149,0.02242961805581085,0.9327337842242878
26076,LOF,0.04845370226612749,0.01219301330114215,0.9393532844327303
26077,LOF,0.00960120932798444,0.026617695004357168,0.9637810956676583
26078,LOF,0.014515212565558969,0.017255871503783965,0.968228915930657
26079,LOF,0.05925775807096607,0.028881198914861184,0.9118610430141728
26080,LOF,0.05756159425004788,0.0289254922335738,0.9135129135163783
26081,LOF,0.035620186291929194,0.009851011426395656,0.9545288022816752
26082,LOF,0.017811757660235197,0.02598916968189799,0.9561990726578669
26083,LOF,0.1360871814815013,0.019720589514713182,0.8441922290037855
26084,LOF,0.028919931330074887,0.018611835842627256,0.952468232827298
26085,LOF,0.02358913072272194,0.017733796714444243,0.9586770725628339
26086,LOF,0.026548011242773065,0.015564768185324263,0.9578872205719027
26087,LOF,0.025565555280814153,0.010454266641798014,0.9639801780773878
26088,LOF,0.01722742199270736,0.031568489096725716,0.9512040889105668
26089,LOF,0.047466996165200455,0.036892138250223305,0.9156408655845761
26090,LOF,0.04674992842194043,0.028898522264006157,0.9243515493140534
26091,LOF,0.03975316814052699,0.008964394348021033,0.951282437511452
26092,LOF,0.02753608415983434,0.012203655787279905,0.9602602600528858
26093,LOF,0.03826021521948303,0.008751061219235138,0.9529887235612818
26094,LOF,0.040730052856550986,0.009652432874848219,0.9496175142686007
26095,LOF,0.051326711679514116,0.02354552546263774,0.925127762857848
26096,LOF,0.020027136971851996,0.020200229977830258,0.9597726330503177
26097,LOF,0.009674412176053524,0.06256168182362942,0.9277639060003171
26098,LOF,0.07181387154260761,0.021750459326501808,0.9064356691308906
26099,LOF,0.024393078675880968,0.019929889173129125,0.9556770321509899
26100,LOF,0.02642971922929667,0.018662686155154685,0.9549075946155486
26101,LOF,0.05758590447620927,0.01937798427968999,0.9230361112441007
26102,LOF,0.02657105656038312,0.01969652136050255,0.9537324220791142
26103,Neutral,0.8897862230691848,0.03086717513405811,0.07934660179675726
26104,LOF,0.0701733185481165,0.05298208880790833,0.8768445926439752
26105,LOF,0.2298102222011097,0.23273975762292057,0.5374500201759697
26106,LOF,0.19467259669655854,0.13269863903587006,0.6726287642675715
26107,LOF,0.2450203835174447,0.09347897937705936,0.6615006371054959
26108,LOF,0.2576505050760734,0.11457999641779329,0.6277694985061333
26109,LOF,0.07465073403467738,0.142273784718031,0.7830754812472915
26110,LOF,0.2917534759430052,0.008059792519853889,0.7001867315371408
26111,Neutral,0.4899610475962648,0.02089058097876883,0.4891483714249665
26112,LOF,0.03664724463974522,0.008499540205183856,0.9548532151550709
26113,LOF,0.05498896290137585,0.017101531528384176,0.92790950557024
26114,LOF,0.021572992221719288,0.016807853883627707,0.961619153894653
26115,LOF,0.0802452555197592,0.03676776486480183,0.882986979615439
26116,LOF,0.056804408037443056,0.027019357915508455,0.9161762340470484
26117,LOF,0.3906596557214446,0.05199767027156997,0.5573426740069853
26118,LOF,0.04381857697999662,0.02677248432757223,0.9294089386924311
26119,LOF,0.023626985102353833,0.0355085663710231,0.9408644485266231
26120,LOF,0.03189349665820319,0.022967839257804983,0.9451386640839917
26121,LOF,0.06011840421162275,0.07382507966757605,0.8660565161208013
26122,LOF,0.05377352273392849,0.03825215364440645,0.9079743236216651
