feature0,prediction,LoGoFunc_Neutral,LoGoFunc_GOF,LoGoFunc_LOF
25546,Neutral,0.6291197115039064,0.06508256115900962,0.305797727337084
25547,Neutral,0.4863169424047408,0.09913668941818148,0.4145463681770778
25548,Neutral,0.49442854619402193,0.08316480963572352,0.4224066441702546
25549,LOF,0.413265362402645,0.08564098014562835,0.5010936574517265
25550,LOF,0.35267435033017214,0.11919655890818051,0.5281290907616474
25551,LOF,0.30953807761347085,0.12841912575318826,0.5620427966333409
25552,LOF,0.2539069881358542,0.12581390885676452,0.6202791030073813
25553,Neutral,0.8158203622091322,0.044947464865942734,0.13923217292492496
25554,LOF,0.2934572857334593,0.11633084250938698,0.5902118717571536
25555,LOF,0.24310431481939265,0.11219921751772845,0.6446964676628789
25556,Neutral,0.464867981170873,0.09451002223633667,0.4406219965927903
25557,LOF,0.2363842186770626,0.11879138259068311,0.6448243987322543
25558,LOF,0.30476674105805557,0.11326368774580525,0.5819695711961392
25559,LOF,0.20608293152434887,0.12032520926159283,0.6735918592140583
25560,LOF,0.1669157430703981,0.0962096836034004,0.7368745733262015
25561,LOF,0.1611545655884046,0.10628766261855864,0.7325577717930367
25562,LOF,0.07499673502864988,0.0751332446355494,0.8498700203358007
25563,LOF,0.021823792203970727,0.13738168011073335,0.8407945276852961
25564,LOF,0.2060794820462386,0.12515814032059708,0.6687623776331643
25565,LOF,0.21049422736719145,0.13198651668047037,0.6575192559523382
25566,GOF,0.08880908852743825,0.7118271485749101,0.19936376289765168
25567,LOF,0.03493039374846944,0.1321766304580205,0.8328929757935101
25568,LOF,0.05979405174540978,0.06945432921959326,0.870751619034997
25569,LOF,0.06174500269902629,0.0701771315480236,0.8680778657529501
25570,LOF,0.026740383350214395,0.09472902121061898,0.8785305954391668
25571,LOF,0.02586877993713175,0.10039981560279156,0.8737314044600766
25572,LOF,0.06499799325771238,0.10626122524873666,0.828740781493551
25573,LOF,0.056041767833112904,0.0780621959721778,0.8658960361947093
25574,LOF,0.05400995189338853,0.19859215521594295,0.7473978928906685
25575,LOF,0.021561931778219304,0.11126863897969771,0.8671694292420831
25576,LOF,0.03178140497311279,0.14044097967569874,0.8277776153511885
25577,LOF,0.028663295372864824,0.10005763618326916,0.871279068443866
25578,LOF,0.2937628237853765,0.08052439331740897,0.6257127828972145
25579,LOF,0.1382045683911656,0.08428443514381115,0.7775109964650233
25580,LOF,0.019245782524839466,0.07360929788871397,0.9071449195864465
25581,LOF,0.05692338253891031,0.0635127068082664,0.8795639106528234
25582,LOF,0.05680170918170897,0.0610296188648412,0.8821686719534498
25583,LOF,0.020721892495908213,0.08169933794125807,0.8975787695628337
25584,Neutral,0.6579262315915443,0.10266957403421387,0.23940419437424182
25585,LOF,0.029399062067429996,0.11157737969317803,0.8590235582393919
25586,LOF,0.01839988735153,0.06488391104172295,0.916716201606747
25587,LOF,0.01761325596822187,0.0588544871359401,0.9235322568958381
25588,LOF,0.020561753940428508,0.06879151496745851,0.910646731092113
25589,Neutral,0.49981607029600156,0.19287223780105892,0.3073116919029395
25590,LOF,0.04887233288380051,0.09933909815450172,0.8517885689616979
25591,LOF,0.09653808996569234,0.05319463881493903,0.8502672712193687
25592,LOF,0.057338609829534426,0.12549185031993654,0.8171695398505291
25593,LOF,0.14159050737388068,0.24025776455493764,0.6181517280711817
25594,LOF,0.04918063269318155,0.11173184239037673,0.8390875249164418
25595,LOF,0.047782669174757174,0.08503030808811474,0.8671870227371282
25596,LOF,0.1113897314271785,0.04746619428640333,0.8411440742864181
25597,LOF,0.0810021307782048,0.051299339287552856,0.8676985299342423
25598,LOF,0.052292497391505564,0.08865507141740829,0.8590524311910862
25599,GOF,0.019541366779708993,0.5221262375955061,0.4583323956247849
25600,GOF,0.16228358589338873,0.5085423602628202,0.329174053843791
25601,LOF,0.04034940207402247,0.39485071936213495,0.5647998785638426
25602,LOF,0.03507522268885978,0.05656455748761247,0.9083602198235278
25603,LOF,0.03464028262213498,0.029003338199987364,0.9363563791778777
25604,LOF,0.0356797141819063,0.06292713662153462,0.9013931491965591
25605,LOF,0.04304176939166669,0.17806238054260753,0.7788958500657258
25606,LOF,0.4512830793810092,0.08528965885188952,0.4634272617671013
25607,LOF,0.024930552099421136,0.17435384963796854,0.8007155982626103
25608,LOF,0.038821805512939955,0.0813435127517855,0.8798346817352746
25609,GOF,0.15902930447211233,0.525540380835554,0.31543031469233374
25610,LOF,0.014269557556720092,0.027481097367154938,0.958249345076125
25611,LOF,0.013143815669871519,0.03244361541916774,0.9544125689109608
25612,LOF,0.04608753491088278,0.04138493181190571,0.9125275332772116
25613,LOF,0.04236721128714974,0.041639714300858006,0.9159930744119923
25614,LOF,0.019498409849598896,0.02543387106127563,0.9550677190891254
25615,LOF,0.04289861896653822,0.03769170145537833,0.9194096795780835
25616,LOF,0.047696144450921976,0.02879342905251548,0.9235104264965626
25617,LOF,0.04184953732964497,0.03740836621347627,0.9207420964568788
25618,LOF,0.04997050432293113,0.03781901498838899,0.9122104806886798
25619,LOF,0.013991013521965247,0.0329015745865587,0.9531074118914761
25620,LOF,0.06305592366975112,0.0432071654103981,0.8937369109198507
25621,LOF,0.05262231658324832,0.03265781900829032,0.9147198644084613
25622,LOF,0.0607398696392209,0.031154816643502423,0.9081053137172767
25623,LOF,0.06736780516116968,0.02548255355465619,0.9071496412841741
25624,LOF,0.01688338884912362,0.03267372925607083,0.9504428818948055
25625,LOF,0.07252338342995807,0.03716139272946094,0.890315223840581
25626,LOF,0.04581260565091343,0.03891528912332073,0.9152721052257659
25627,Neutral,0.896798243379577,0.01795689159581884,0.08524486502460414
25628,LOF,0.11939151239479834,0.057170257925184126,0.8234382296800176
25629,LOF,0.061407812160433575,0.038710406771255916,0.8998817810683105
25630,LOF,0.2768149349693346,0.0687409768958819,0.6544440881347834
25631,Neutral,0.5655220892308321,0.05981641070645452,0.3746615000627134
25632,LOF,0.025221691317458272,0.06176265858784554,0.9130156500946961
25633,LOF,0.18816073295793737,0.02994996741355951,0.7818892996285031
25634,LOF,0.03364474513084258,0.06859487015255333,0.8977603847166041
25635,LOF,0.0343563056860078,0.03706960803606512,0.928574086277927
25636,LOF,0.03672316672882461,0.46069984411233406,0.5025769891588414
25637,GOF,0.06218941545837789,0.5103202716461879,0.4274903128954342
25638,LOF,0.03327269421635685,0.3183613780624305,0.6483659277212127
25639,LOF,0.03016009853898876,0.3697844699087446,0.6000554315522666
25640,Neutral,0.8152349117556054,0.1448173122444561,0.039947775999938546
25641,LOF,0.05709036826354529,0.42442402149473124,0.5184856102417235
25642,LOF,0.044853970096024744,0.14747070105045254,0.8076753288535227
25643,LOF,0.231559283212626,0.14984043425005458,0.6186002825373194
25644,LOF,0.02201248692237395,0.4374139529570632,0.5405735601205628
25645,LOF,0.021831381184397453,0.4044763026464087,0.5736923161691938
25646,LOF,0.060845329097441295,0.31235859879593203,0.6267960721066267
25647,LOF,0.024060670544007255,0.25631190344313465,0.7196274260128581
25648,LOF,0.03151942626536812,0.22622570000218542,0.7422548737324466
25649,LOF,0.016705949929697185,0.2271420179999338,0.756152032070369
25650,LOF,0.05665415529535191,0.3986343535826058,0.5447114911220422
25651,LOF,0.017917704386325818,0.2587825319956219,0.7232997636180523
25652,LOF,0.030561146175586893,0.25579569388879386,0.7136431599356192
25653,LOF,0.08349059372402418,0.39334965391449295,0.5231597523614828
25654,LOF,0.025978350857562595,0.1828244368745756,0.7911972122678618
25655,LOF,0.22851960326108225,0.3719741987548581,0.39950619798405956
25656,LOF,0.2792808041406431,0.04411431372978297,0.676604882129574
25657,LOF,0.07760513732330983,0.055305287503949745,0.8670895751727403
25658,LOF,0.4019673984862617,0.050932826762678886,0.5470997747510594
25659,Neutral,0.5303088840403273,0.07143729161964771,0.39825382434002504
25660,LOF,0.02638660678723057,0.08439971384845114,0.8892136793643184
25661,LOF,0.09653304231326727,0.05851798888372385,0.8449489688030088
25662,LOF,0.033059239567796724,0.031220848291300698,0.9357199121409027
25663,LOF,0.039223109059059305,0.044200997766646814,0.916575893174294
25664,LOF,0.14833761808788107,0.055222617696023144,0.7964397642160959
25665,LOF,0.053201125132295204,0.028362666702935847,0.9184362081647689
25666,LOF,0.09385116201058928,0.07142336336876562,0.8347254746206452
25667,LOF,0.06962040580513075,0.03544664800755121,0.894932946187318
25668,LOF,0.03678350993662377,0.045771136914377494,0.9174453531489987
25669,LOF,0.03221202274407055,0.049309860417844624,0.9184781168380848
25670,LOF,0.1372304527293024,0.047557907152964304,0.8152116401177333
25671,LOF,0.09835806883144488,0.03200124101911007,0.8696406901494451
25672,LOF,0.049838826233250345,0.04161930919451945,0.9085418645722303
25673,LOF,0.08357244115660674,0.0383522947838466,0.8780752640595467
25674,LOF,0.07002630527989187,0.048681978485315046,0.8812917162347932
25675,LOF,0.1181592665146319,0.046989111445904064,0.8348516220394641
25676,LOF,0.01812831264687765,0.052310373506426935,0.9295613138466953
25677,LOF,0.02528670157788208,0.06680268562836947,0.9079106127937484
25678,LOF,0.19052285467136396,0.05751934042841962,0.7519578049002164
25679,LOF,0.12408092185799059,0.07911341918077786,0.7968056589612315
25680,LOF,0.03295413537653913,0.1134427957468396,0.8536030688766213
25681,LOF,0.051056351873464134,0.10338908123446713,0.8455545668920688
25682,LOF,0.14087545171705218,0.0701724660090428,0.788952082273905
25683,LOF,0.1268049657428604,0.08752736891942645,0.7856676653377132
25684,LOF,0.03949508579087621,0.06705853033892849,0.8934463838701954
25685,LOF,0.13669970386680466,0.04746462353254489,0.8158356726006505
25686,LOF,0.07181237508162584,0.09245561597677951,0.8357320089415946
25687,LOF,0.12432539435030965,0.08992850531272206,0.7857461003369683
25688,LOF,0.2962684347165803,0.034386417339938385,0.6693451479434812
25689,LOF,0.22017047856256763,0.037869776062669655,0.7419597453747627
25690,LOF,0.37165227043396853,0.028396261612193257,0.5999514679538382
25691,Neutral,0.6993909412909847,0.022583897956290278,0.27802516075272504
25692,LOF,0.2988249681898045,0.011219721081521784,0.6899553107286738
25693,LOF,0.044345020859476926,0.46230463152265483,0.4933503476178682
25694,LOF,0.11734160600828247,0.018849323539608182,0.8638090704521094
25695,LOF,0.1144053368495486,0.01724604408436705,0.8683486190660844
25696,LOF,0.11818194973045666,0.010735289934439606,0.8710827603351037
25697,LOF,0.12311759981022494,0.035538342110440296,0.8413440580793348
25698,LOF,0.3235707234372294,0.22741740617505515,0.4490118703877154
25699,LOF,0.41190482588529076,0.03762583334575268,0.5504693407689566
25700,LOF,0.05659887881084416,0.007772368495401255,0.9356287526937546
25701,LOF,0.16404361516635887,0.046026005474051813,0.7899303793595894
25702,GOF,0.19213185963200996,0.5385789860297054,0.2692891543382845
25703,LOF,0.01707029301592494,0.17033092108836576,0.8125987858957093
25704,LOF,0.05141267894398315,0.12706814714711387,0.821519173908903
25705,LOF,0.05745235022621133,0.19433997489868907,0.7482076748750995
25706,LOF,0.0991251811063371,0.37859080921765,0.522284009676013
25707,LOF,0.09925163872022659,0.2925367183262746,0.6082116429534987
25708,LOF,0.03051941641620444,0.2585560708130352,0.7109245127707604
25709,LOF,0.057895589312912485,0.04132947188396989,0.9007749388031177
25710,LOF,0.0113978628434154,0.14177499820564748,0.8468271389509372
25711,LOF,0.01696076798952884,0.09571731630568374,0.8873219157047874
25712,LOF,0.013017649377729361,0.1963963481558797,0.790586002466391
25713,LOF,0.016992888215567166,0.08130059141614109,0.9017065203682918
25714,LOF,0.0637826353462789,0.0820858482803298,0.8541315163733914
25715,LOF,0.00976331255866684,0.1481271526667599,0.8421095347745732
25716,LOF,0.01416546194295938,0.11650951085167555,0.8693250272053651
25717,LOF,0.01308213463374385,0.07876375973292454,0.9081541056333317
25718,LOF,0.011161354984005627,0.10227090483752367,0.8865677401784707
25719,LOF,0.017011122388273306,0.08351578177757128,0.8994730958341555
25720,LOF,0.019672597532398497,0.07272487157132851,0.907602530896273
25721,LOF,0.014538834708454112,0.10846726417151918,0.8769939011200267
25722,LOF,0.01238947960304985,0.1304018771906252,0.8572086432063248
25723,LOF,0.020510560372536842,0.0435367728611399,0.9359526667663233
25724,LOF,0.02172538793115775,0.08778067067253491,0.8904939413963074
25725,LOF,0.010831200430167432,0.06857622178016666,0.9205925777896659
25726,LOF,0.01346687363143098,0.09791681777106187,0.8886163085975071
25727,LOF,0.011885403113341674,0.07772009491760642,0.9103945019690518
25728,LOF,0.009272394109873527,0.11060345220178863,0.8801241536883377
25729,LOF,0.009505132741751897,0.1098824665647173,0.8806124006935309
25730,LOF,0.012590208586436091,0.07906343134776977,0.9083463600657942
25731,LOF,0.01950890697865329,0.1097971718183097,0.8706939212030371
25732,LOF,0.013993170417340715,0.08178777098816077,0.9042190585944985
25733,LOF,0.015460639588395275,0.07110192078474968,0.9134374396268551
25734,LOF,0.013025701439921931,0.12372297142997951,0.8632513271300986
25735,LOF,0.012971299510991704,0.08439199094951765,0.9026367095394907
25736,LOF,0.013134790898203396,0.11298981712388861,0.8738753919779081
25737,LOF,0.019602989894693338,0.08221790493141186,0.8981791051738948
25738,LOF,0.011993246175314071,0.11024075199951792,0.877766001825168
25739,LOF,0.0187412817289955,0.08389658067064223,0.8973621376003622
25740,LOF,0.02667960373478459,0.104894240365838,0.8684261558993775
25741,LOF,0.01486063394965657,0.11453320451120994,0.8706061615391335
25742,LOF,0.11153169250126489,0.08296045609377142,0.8055078514049636
25743,LOF,0.03428436888983945,0.028555270592985186,0.9371603605171753
25744,Neutral,0.594470800184601,0.20975956627361014,0.1957696335417888
25745,LOF,0.09102440931770757,0.0792067408681761,0.8297688498141162
25746,LOF,0.04403812423108452,0.09194853226653275,0.8640133435023828
25747,LOF,0.023316229032389734,0.045437782368171906,0.9312459885994384
25748,LOF,0.10623438230587536,0.06333280671693982,0.8304328109771849
25749,LOF,0.027724280624769795,0.09565785917664518,0.8766178601985851
25750,LOF,0.08625425428720046,0.09636444915490001,0.8173812965578995
25751,LOF,0.09126478840770386,0.06372541640485974,0.8450097951874365
25752,GOF,0.09901641357176638,0.6785608419418587,0.2224227444863748
25753,LOF,0.020415936064526928,0.2890149647625345,0.6905690991729385
25754,GOF,0.010828056154422486,0.7875938044361106,0.20157813940946703
25755,LOF,0.024166202644887495,0.38710190345649753,0.5887318938986149
25756,LOF,0.04204685818186198,0.3831882173064671,0.5747649245116708
25757,GOF,0.013243959358920664,0.8384487970274245,0.1483072436136548
25758,GOF,0.02560952862251681,0.8387572516371663,0.13563321974031683
25759,GOF,0.010982829637885322,0.5610880931725435,0.4279290771895711
25760,LOF,0.012281595953517252,0.25572499522669656,0.7319934088197863
25761,GOF,0.24347054596599702,0.6513067581300415,0.1052226959039615
25762,LOF,0.03377868894535142,0.2785967668281175,0.6876245442265311
25763,LOF,0.01259642746390098,0.21856158660555702,0.768841985930542
25764,GOF,0.0664702734668129,0.6549812699178382,0.2785484566153488
25765,GOF,0.03701640840695048,0.7754981798251743,0.18748541176787528
25766,GOF,0.05988549142594463,0.7678784116222408,0.17223609695181444
25767,GOF,0.15168112272640205,0.4246086869657367,0.4237101903078612
25768,LOF,0.0889369940306969,0.05748156094266725,0.8535814450266358
25769,LOF,0.06660397630627014,0.06447898048723376,0.868917043206496
25770,LOF,0.2966231139849703,0.09080326901051108,0.6125736170045186
25771,LOF,0.042269979217520355,0.04740099296928665,0.9103290278131929
25772,LOF,0.016024292211145066,0.03555451930299251,0.9484211884858623
25773,LOF,0.04686593960458861,0.08005503741632183,0.8730790229790896
25774,LOF,0.027166454524393875,0.07603294732475956,0.8968005981508465
25775,LOF,0.04704978067685359,0.04528909022107466,0.9076611291020716
25776,LOF,0.06682457399340007,0.026871343368486466,0.9063040826381134
25777,LOF,0.32728022575200993,0.05042533480804932,0.6222944394399407
25778,LOF,0.06628821827750216,0.05077955984591606,0.8829322218765818
25779,GOF,0.37249580666638393,0.5902225100425923,0.0372816832910237
25780,GOF,0.29059044026392666,0.6364329673770718,0.0729765923590014
25781,GOF,0.13481461018293373,0.7724657639369337,0.09271962588013263
25782,GOF,0.19010943933898655,0.7516612992225068,0.05822926143850668
25783,GOF,0.029261359425274396,0.6646994039446705,0.3060392366300551
25784,GOF,0.4807216529173521,0.4839264383560437,0.03535190872660427
25785,GOF,0.4482157360928766,0.5155304710473632,0.03625379285976021
25786,GOF,0.02925431014725484,0.7681028904793263,0.20264279937341878
25787,Neutral,0.6443038473809131,0.3309928924518068,0.024703260167280198
25788,LOF,0.048377753985399986,0.11108568488050558,0.8405365611340945
25789,GOF,0.20725530697969158,0.6784067044735215,0.1143379885467869
25790,GOF,0.22623428700880666,0.6796057115732552,0.0941600014179382
25791,GOF,0.16278620238972596,0.6799739049377411,0.15723989267253308
25792,GOF,0.35279065048707625,0.5335805410103909,0.11362880850253289
25793,GOF,0.25301850097468076,0.5638121626105407,0.18316933641477848
25794,GOF,0.28803693992169965,0.5464453061893656,0.16551775388893472
25795,GOF,0.0965404405269215,0.6765159794938139,0.22694357997926456
25796,Neutral,0.5608733704230242,0.3732443287328247,0.06588230084415109
25797,GOF,0.09887236075272364,0.5727478775127463,0.32837976173453004
25798,GOF,0.01025190020273084,0.5259632079979905,0.46378489179927873
25799,LOF,0.007420705757571811,0.4085686854948481,0.5840106087475802
25800,GOF,0.035950466391036884,0.6105642523998148,0.3534852812091483
25801,GOF,0.19971697982365413,0.6892418569608921,0.11104116321545363
25802,GOF,0.0839638890042305,0.7053846602140837,0.21065145078168565
25803,GOF,0.03934138988000425,0.5969830447374601,0.3636755653825356
25804,GOF,0.03541428065585299,0.5051340211485623,0.45945169819558473
25805,GOF,0.10952794907318145,0.6203292418504459,0.2701428090763728
25806,GOF,0.10001515756311093,0.6015932121061277,0.2983916303307614
25807,GOF,0.02081750192178251,0.6457187663009839,0.3334637317772335
25808,GOF,0.08419603106292474,0.6587188462255795,0.25708512271149564
25809,GOF,0.01973527018079327,0.6194852359074068,0.36077949391179986
25810,GOF,0.01773493056166147,0.6580662366284292,0.32419883280990924
25811,GOF,0.4501058271143345,0.47838046213785984,0.0715137107478057
25812,GOF,0.030593626621467584,0.6588549124070124,0.31055146097152
25813,Neutral,0.5071418613409783,0.4020744662275445,0.09078367243147721
25814,GOF,0.12885613738328586,0.6591863470334259,0.2119575155832882
25815,GOF,0.19171947744054837,0.653532571909689,0.15474795064976246
25816,GOF,0.023495413681366196,0.7357389349761696,0.24076565134246414
25817,GOF,0.23149337453806143,0.6390336779382738,0.1294729475236648
25818,GOF,0.05470637734299214,0.6818412194443182,0.2634524032126897
25819,GOF,0.34714116600205164,0.5260020027434433,0.126856831254505
25820,GOF,0.19549932318618463,0.6104271347122777,0.1940735421015378
25821,GOF,0.06503458273541615,0.6865723029149927,0.24839311434959116
25822,GOF,0.20799355415624945,0.5874835716008878,0.2045228742428627
25823,GOF,0.03458757852037466,0.5446923755097212,0.42072004596990414
25824,GOF,0.09308957919739601,0.6218838014260469,0.2850266193765571
25825,GOF,0.039233111370107245,0.6250472126147706,0.3357196760151222
25826,GOF,0.018228450688664705,0.6042163950714123,0.377555154239923
25827,GOF,0.024215719346916815,0.624740875197483,0.35104340545560025
25828,GOF,0.013785661242744409,0.5375217938357092,0.4486925449215464
25829,GOF,0.005672155659740729,0.5901621025238677,0.4041657418163916
25830,LOF,0.035772246189000205,0.289056272737578,0.6751714810734217
25831,GOF,0.2488142972708144,0.6508748670273041,0.1003108357018815
25832,GOF,0.03357932961311633,0.7341142593034636,0.23230641108342012
25833,GOF,0.12838676980922656,0.7254302472728464,0.146182982917927
25834,GOF,0.03508652654360159,0.7510722547367081,0.2138412187196902
25835,GOF,0.06863725483405998,0.7812995534357065,0.15006319173023358
25836,GOF,0.03445972681395763,0.7087834979157943,0.256756775270248
25837,GOF,0.030933915656768625,0.6343403597399272,0.3347257246033042
25838,GOF,0.09860686922863794,0.7742224147676114,0.12717071600375063
25839,GOF,0.2788650710745989,0.6042226601513164,0.11691226877408457
25840,GOF,0.2523764896860156,0.6167466627005673,0.13087684761341709
25841,GOF,0.2384977234151327,0.6425101958253175,0.1189920807595498
25842,GOF,0.14975832031998368,0.7331553737256231,0.11708630595439319
25843,GOF,0.21683175230117296,0.7014173732563093,0.08175087444251773
25844,GOF,0.0666813908674884,0.7456792100919598,0.1876393990405518
25845,GOF,0.016017071193087734,0.5248797470891418,0.4591031817177704
25846,GOF,0.14432148453960297,0.7292366685752063,0.12644184688519075
25847,GOF,0.09833345707379759,0.8001585881774246,0.10150795474877791
25848,GOF,0.03650709618661696,0.7171662977287143,0.2463266060846686
25849,GOF,0.011745531753833036,0.6260125105717557,0.36224195767441136
25850,GOF,0.02064293305087525,0.6695198136811629,0.30983725326796185
25851,GOF,0.017028927355313295,0.5625119396795883,0.4204591329650983
25852,GOF,0.15384353987509888,0.5733094074030562,0.2728470527218448
25853,GOF,0.3336993665878325,0.5972428940734108,0.06905773933875667
25854,GOF,0.023488172890734016,0.6323342645772668,0.34417756253199916
25855,GOF,0.0373801159198217,0.5984766788122734,0.3641432052679048
25856,GOF,0.25031807486992824,0.5652376433772179,0.1844442817528537
25857,GOF,0.041393510764064646,0.5342364179549123,0.42437007128102294
25858,GOF,0.023074999393653952,0.5586122554144466,0.4183127451918994
25859,GOF,0.011505908687629886,0.5324681423156711,0.45602594899669907
25860,GOF,0.3621492209162167,0.5634116308300535,0.07443914825372973
25861,GOF,0.3974787455910951,0.535682825554616,0.06683842885428892
25862,GOF,0.07886533447284941,0.7923967995997201,0.12873786592743053
25863,GOF,0.0764682329675398,0.7903008920123068,0.1332308750201533
25864,GOF,0.19452964527314415,0.7367211798589156,0.0687491748679402
25865,GOF,0.08588066615441843,0.806580927121061,0.10753840672452063
25866,GOF,0.05468885049799906,0.7926032251267614,0.15270792437523956
25867,GOF,0.08552884501671991,0.81909164794395,0.09537950703933017
25868,GOF,0.23668502749020126,0.6698776472584796,0.09343732525131913
25869,Neutral,0.703124568780104,0.25510627385698786,0.041769157362908135
25870,GOF,0.26244116761826897,0.441494211481201,0.2960646209005302
25871,GOF,0.19882228033029437,0.6780664621021784,0.1231112575675271
25872,GOF,0.07380229898816026,0.6626823278207674,0.2635153731910724
25873,GOF,0.10549897356392934,0.6923871373901611,0.20211388904590957
25874,LOF,0.0138841743340319,0.11369477952603907,0.8724210461399291
25875,LOF,0.08857193638633525,0.04727958373802859,0.8641484798756361
25876,LOF,0.03510542679586862,0.034324890972592406,0.9305696822315389
25877,Neutral,0.501841761874861,0.0426483459866453,0.45550989213849374
25878,LOF,0.2439569634773959,0.1011306503934165,0.6549123861291876
25879,LOF,0.08888124057508952,0.09188388129042989,0.8192348781344806
25880,LOF,0.03888518087527563,0.016654568618989597,0.9444602505057348
25881,LOF,0.16905542948649255,0.1107345764779275,0.72020999403558
25882,LOF,0.06129481721413988,0.017774632986217533,0.9209305497996425
25883,LOF,0.06061243760622439,0.01940356388848786,0.9199839985052878
25884,LOF,0.031926075743277264,0.028393637942153636,0.9396802863145691
25885,LOF,0.05894965157231979,0.01165987366399144,0.9293904747636886
25886,LOF,0.25738980820767837,0.03785707571063325,0.7047531160816884
25887,LOF,0.1523998413935927,0.06747812536043621,0.780122033245971
25888,LOF,0.06523776224628794,0.05760522034906603,0.877157017404646
25889,LOF,0.04104653253666835,0.02055659378600163,0.93839687367733
25890,LOF,0.05005372132226155,0.15101506609574897,0.7989312125819895
25891,LOF,0.04656894824533773,0.05142130410871905,0.9020097476459433
25892,LOF,0.08125841944338373,0.022181622572005337,0.8965599579846109
25893,LOF,0.2400994852878445,0.020256711639681176,0.7396438030724743
25894,LOF,0.16923689204886577,0.01133738393281848,0.8194257240183158
25895,LOF,0.2037565356796734,0.02171153372827042,0.7745319305920562
25896,LOF,0.04994060151207115,0.019707398156954357,0.9303520003309745
25897,LOF,0.2586866340450407,0.01282559118113912,0.7284877747738201
25898,Neutral,0.7220215208662362,0.010543668027820618,0.2674348111059432
25899,LOF,0.22598760981056512,0.02066787558808181,0.7533445146013531
25900,LOF,0.45231593590947144,0.012499993536195065,0.5351840705543335
25901,LOF,0.053143189117225244,0.011807680056306412,0.9350491308264683
25902,LOF,0.15558260358329354,0.013992180381419438,0.8304252160352871
25903,Neutral,0.5698495726484677,0.02859131669031876,0.40155911066121364
25904,LOF,0.33509336952800445,0.04047624195499012,0.6244303885170055
25905,LOF,0.025708769234013815,0.3378951573361164,0.6363960734298697
25906,LOF,0.033490471304976184,0.07898116352583802,0.8875283651691858
25907,LOF,0.013552073116169804,0.33911849870555005,0.6473294281782802
25908,LOF,0.009613729337646404,0.26496303644716457,0.725423234215189
25909,LOF,0.013252481391876585,0.13410827226505545,0.852639246343068
25910,LOF,0.04965696276653144,0.1487593801090627,0.8015836571244058
25911,LOF,0.17311686746548066,0.033958316295247946,0.7929248162392714
25912,LOF,0.04678351066840811,0.057034929708569486,0.8961815596230225
25913,LOF,0.3371239393571812,0.025733953398681026,0.6371421072441377
25914,LOF,0.019860091929472214,0.05921016328931604,0.9209297447812116
25915,Neutral,0.5696117329938963,0.14176634180506897,0.28862192520103475
25916,LOF,0.07773738710623154,0.18691283349745347,0.735349779396315
25917,LOF,0.05689959667798089,0.04112201088308765,0.9019783924389315
25918,LOF,0.021261816108979554,0.032848760791835914,0.9458894230991846
25919,LOF,0.01894650069669744,0.03512616686558823,0.9459273324377143
25920,GOF,0.11218949168439928,0.513756385693209,0.37405412262239174
25921,LOF,0.023925872013030564,0.039883723845442275,0.9361904041415271
25922,LOF,0.03171750319097827,0.029106996165618147,0.9391755006434036
25923,LOF,0.4569441350726392,0.04517806848971743,0.4978777964376434
25924,LOF,0.03606175476829824,0.05085128659556516,0.9130869586361365
25925,LOF,0.06160774325260494,0.04737454134188892,0.8910177154055061
25926,LOF,0.04465127319463281,0.041840849440763044,0.9135078773646043
25927,LOF,0.05643360293463343,0.12379007808966899,0.8197763189756976
25928,LOF,0.01663550971276239,0.05035833505832845,0.9330061552289092
25929,Neutral,0.5822442543199957,0.047388490538063266,0.37036725514194113
25930,LOF,0.06397002634846818,0.03692421534276012,0.8991057583087717
25931,LOF,0.021868581210680138,0.033777537215524595,0.9443538815737953
25932,LOF,0.026784301864325063,0.029652633299528452,0.9435630648361465
25933,LOF,0.034370046781997926,0.020730228004935167,0.9448997252130668
25934,LOF,0.022436265901916736,0.022039636790538622,0.9555240973075445
25935,LOF,0.05373825561890683,0.0595288349004671,0.8867329094806261
25936,LOF,0.039402160324852255,0.024978879555905293,0.9356189601192425
25937,LOF,0.02455134076285855,0.03836124005258862,0.9370874191845529
25938,LOF,0.05488870899286635,0.06368966245169642,0.8814216285554373
25939,LOF,0.035759849614779425,0.0237718271287832,0.9404683232564374
25940,LOF,0.032445733937247034,0.3454255061974283,0.6221287598653247
25941,LOF,0.18966443700932806,0.10917146653013401,0.7011640964605379
25942,LOF,0.013249270156320148,0.035011876151117796,0.9517388536925622
25943,LOF,0.2823856152308453,0.05614757977965153,0.661466804989503
25944,Neutral,0.4956326050778444,0.02208337819895546,0.4822840167232
25945,LOF,0.07484297265379826,0.022437858482498903,0.9027191688637028
25946,LOF,0.03361634008325629,0.1313060696168724,0.8350775902998713
25947,LOF,0.11245487420136832,0.1700192422064522,0.7175258835921796
25948,LOF,0.3781826907053132,0.007447560886658873,0.614369748408028
25949,LOF,0.13868860391286575,0.03240170052911837,0.8289096955580159
25950,GOF,0.32976202728301607,0.35880702122194885,0.31143095149503514
25951,LOF,0.20579998576806108,0.2629334798010642,0.5312665344308747
25952,LOF,0.042870710291229984,0.4442629829531766,0.5128663067555934
25953,LOF,0.14910928602163326,0.11384526406369899,0.7370454499146677
25954,Neutral,0.43631617631959446,0.17938625168965022,0.3842975719907553
25955,LOF,0.050115805817746266,0.07858494300515369,0.8712992511771002
25956,LOF,0.1524184534851204,0.10904566034832276,0.7385358861665569
25957,LOF,0.04407414231486517,0.029953007403613136,0.9259728502815217
25958,LOF,0.05462652444023289,0.025334660086831027,0.920038815472936
25959,LOF,0.07103208571614159,0.3279127143658435,0.6010551999180149
25960,LOF,0.015869433837287065,0.048090778341905824,0.9360397878208071
25961,LOF,0.04103319647036574,0.025268062969946138,0.9336987405596882
25962,LOF,0.050834926262771654,0.023894260316647726,0.9252708134205806
25963,LOF,0.04234276905320351,0.20908246168175312,0.7485747692650433
25964,LOF,0.030930234962616775,0.14699061550289091,0.8220791495344923
25965,LOF,0.41028073608536775,0.06674969227495765,0.5229695716396746
25966,Neutral,0.5206619628786198,0.17903177801675518,0.3003062591046251
25967,LOF,0.01768671434297037,0.1113634777764027,0.8709498078806269
25968,LOF,0.0373267162432836,0.39019021059203973,0.5724830731646767
25969,LOF,0.03603712854038438,0.06381046117085257,0.9001524102887631
25970,LOF,0.060942411062356594,0.06535206980082761,0.8737055191368158
25971,LOF,0.06269402242278391,0.02066562816633013,0.9166403494108859
25972,LOF,0.061810166261726626,0.03089619192352562,0.9072936418147478
25973,LOF,0.07788412055990425,0.009711320202582736,0.912404559237513
25974,LOF,0.1793120106924917,0.016301858767172297,0.8043861305403359
25975,LOF,0.04607378711857489,0.02306807623943672,0.9308581366419884
25976,LOF,0.043673450946088786,0.015348673680642728,0.9409778753732685
25977,LOF,0.14760372481715747,0.08791159692299641,0.7644846782598461
25978,LOF,0.14520152310903142,0.07500747483772303,0.7797910020532455
25979,LOF,0.13101950827194164,0.07950963618215638,0.7894708555459019
25980,LOF,0.23255167624077938,0.0972449591283706,0.6702033646308501
25981,LOF,0.26453485784581715,0.09559532601243222,0.6398698161417505
25982,LOF,0.427117852498715,0.05887999005956724,0.5140021574417178
25983,LOF,0.4027213829694195,0.0654334355754362,0.5318451814551444
25984,LOF,0.04577658526402388,0.043119308735106505,0.9111041060008696
25985,LOF,0.04055001088107867,0.275236762945044,0.6842132261738773
25986,LOF,0.045202754311590584,0.3245083666485251,0.6302888790398843
25987,LOF,0.0845741745810243,0.0692117624425466,0.8462140629764291
25988,LOF,0.14844462698135202,0.05511923712472454,0.7964361358939235
25989,LOF,0.03474489580318272,0.10845031572349728,0.8568047884733199
25990,LOF,0.04043592497297299,0.15925461429335513,0.8003094607336718
25991,LOF,0.12944069394247731,0.21689695508544843,0.6536623509720743
25992,LOF,0.2886433663372936,0.12840676235784423,0.5829498713048623
25993,LOF,0.02159587405815699,0.06691842498120164,0.9114857009606413
25994,LOF,0.017220906946138835,0.08495540096019621,0.8978236920936649
25995,LOF,0.0221679149775491,0.1876272277358422,0.7902048572866087
25996,GOF,0.33990076382502515,0.3717321459099099,0.28836709026506496
25997,LOF,0.0869432643160173,0.34281671371955796,0.5702400219644248
25998,Neutral,0.5264859126480871,0.025372299304277965,0.4481417880476349
25999,LOF,0.09632734367500528,0.09681564559554781,0.8068570107294469
26000,LOF,0.14937760192744476,0.04700732722692193,0.8036150708456333
26001,LOF,0.2105462872510534,0.050487316847250586,0.738966395901696
26002,LOF,0.1201944570816858,0.047665241171872895,0.8321403017464413
26003,GOF,0.010757563849532,0.5996585585124555,0.38958387763801244
26004,GOF,0.023199908504688567,0.7004464143468879,0.27635367714842346
26005,LOF,0.006653221334432787,0.45834314319396513,0.535003635471602
26006,Neutral,0.5035595382161827,0.2639750173913515,0.2324654443924659
26007,GOF,0.021551033669912276,0.5476109919074701,0.43083797442261756
26008,GOF,0.018795724322678693,0.6097183466573407,0.3714859290199806
26009,GOF,0.02007999901795832,0.6795363618694502,0.3003836391125914
26010,GOF,0.0231487613453203,0.6412807727119967,0.3355704659426831
26011,LOF,0.006715014964493601,0.4394716726166656,0.5538133124188408
26012,GOF,0.013313567281318966,0.563208499488997,0.423477933229684
26013,GOF,0.018139911653916197,0.6082389529668879,0.37362113537919583
26014,LOF,0.040639825492124554,0.11000588683370661,0.8493542876741689
26015,LOF,0.17349301519449914,0.015602684137774155,0.8109043006677267
26016,LOF,0.20441823219462757,0.059193708437515806,0.7363880593678567
26017,LOF,0.20769418610266255,0.08944121331076468,0.7028646005865729
26018,LOF,0.07708333438203006,0.03727352444897347,0.8856431411689965
26019,LOF,0.0747642913762678,0.02913916573627841,0.8960965428874539
26020,LOF,0.06176743087381859,0.10671554507014733,0.831517024056034
26021,LOF,0.04555095063173918,0.11078083893847887,0.8436682104297819
26022,LOF,0.010229237877737564,0.03772754778189439,0.9520432143403681
26023,LOF,0.06626228084667501,0.023710905895853226,0.9100268132574718
26024,LOF,0.028785294324959538,0.11684503274801872,0.8543696729270217
26025,LOF,0.15103686119379486,0.08962754711660578,0.7593355916895993
26026,LOF,0.33338553151583017,0.027496715662441204,0.6391177528217286
26027,LOF,0.05942016315155451,0.018394892149563916,0.9221849446988816
26028,LOF,0.17247560396720685,0.06191823798477034,0.7656061580480229
26029,LOF,0.06605508011268625,0.19150562298281826,0.7424392969044956
26030,LOF,0.020578017994277574,0.04955437421700303,0.9298676077887195
26031,LOF,0.023554061738038094,0.14192597807128982,0.8345199601906722
26032,LOF,0.06498298446826707,0.08106600692056741,0.8539510086111656
26033,LOF,0.08893838161544776,0.08260887085410733,0.8284527475304448
26034,LOF,0.039947303559405484,0.17090780245796042,0.7891448939826341
26035,LOF,0.023461217537666945,0.16002902368960387,0.8165097587727291
26036,LOF,0.034581394747913316,0.18146586744719184,0.7839527378048948
26037,LOF,0.019422635275001494,0.12290334606748098,0.8576740186575175
26038,LOF,0.06044539080970898,0.08264148044425351,0.8569131287460375
26039,LOF,0.046157902145540275,0.1548716240834245,0.7989704737710353
26040,LOF,0.2158255061655371,0.13026284668654622,0.6539116471479166
26041,LOF,0.02086279852676992,0.11892321191894334,0.8602139895542869
26042,LOF,0.019602852726251237,0.1105465134366432,0.8698506338371056
26043,LOF,0.062249907524756246,0.09572825705303571,0.8420218354222081
26044,LOF,0.01753567952753798,0.0655142181097695,0.9169501023626926
26045,LOF,0.06861678712708556,0.10421209814517579,0.8271711147277387
26046,LOF,0.057886659844241635,0.08089672596749611,0.8612166141882623
26047,LOF,0.07797702674577274,0.08602902606970829,0.8359939471845189
26048,LOF,0.04416148215340354,0.03984325808475256,0.9159952597618438
26049,Neutral,0.9675763841759422,0.006566471168733546,0.025857144655324283
26050,Neutral,0.9528736212601996,0.008516574667291475,0.03860980407250893
26051,LOF,0.04585577102589215,0.27123599110696045,0.6829082378671474
26052,LOF,0.06496267894236014,0.2970214545984703,0.6380158664591695
26053,LOF,0.055064979694181705,0.1318476690902015,0.8130873512156168
26054,LOF,0.05220689208391468,0.01659402527950097,0.9311990826365842
26055,LOF,0.07487394647038445,0.0146892744441228,0.9104367790854927
26056,LOF,0.06218327329406228,0.016094558620796947,0.9217221680851408
26057,LOF,0.029715986661581355,0.011285631413788246,0.9589983819246303
26058,LOF,0.030224898404931966,0.00919876560342954,0.9605763359916385
26059,LOF,0.2946563424581842,0.021290850076487417,0.6840528074653284
26060,LOF,0.044123758864547065,0.17267986889844344,0.7831963722370094
26061,LOF,0.016555326909024115,0.010892679576005728,0.97255199351497
26062,LOF,0.01022661306106485,0.016809201491746553,0.9729641854471885
26063,LOF,0.020471811744245304,0.010346650473692515,0.9691815377820623
26064,LOF,0.02095525790408898,0.021379783339873053,0.957664958756038
26065,LOF,0.02621098568060943,0.011374071023619304,0.9624149432957713
26066,LOF,0.020461313193349415,0.010431925318751692,0.969106761487899
26067,LOF,0.027279173441460046,0.008311541405718288,0.9644092851528215
26068,LOF,0.04444676653754078,0.028612059480607795,0.9269411739818514
26069,LOF,0.2673996453438562,0.01930238595734005,0.7132979686988038
26070,LOF,0.4102643409415476,0.016155184300599267,0.573580474757853
26071,LOF,0.02030200372063958,0.01129196312514727,0.9684060331542131
26072,LOF,0.019317659976940346,0.01767443983295608,0.9630079001901035
26073,LOF,0.019727646107731804,0.010456272272298926,0.9698160816199694
26074,Neutral,0.9147036965368642,0.005470980584239869,0.07982532287889578
26075,LOF,0.04611803625875643,0.01297864766877614,0.9409033160724674
26076,LOF,0.03702392718359673,0.00890265484563743,0.9540734179707657
26077,LOF,0.00914351950943815,0.013943341722203066,0.9769131387683587
26078,LOF,0.013832421244087451,0.010071855974566727,0.9760957227813457
26079,LOF,0.06221136505854086,0.015002062762625628,0.9227865721788335
26080,LOF,0.06142260276378755,0.01503523428787326,0.9235421629483392
26081,LOF,0.03345581195553878,0.0065925184103433005,0.959951669634118
26082,LOF,0.013661769499623215,0.014125807102784438,0.9722124233975924
26083,LOF,0.1705955650470504,0.014101383085431473,0.8153030518675182
26084,LOF,0.040627264493160446,0.010681941385175987,0.9486907941216637
26085,LOF,0.0364789319908015,0.010031556913019995,0.9534895110961785
26086,LOF,0.02028390886847896,0.010049309496173872,0.9696667816353473
26087,LOF,0.023398934338242614,0.007800292323470041,0.9688007733382873
26088,LOF,0.01623835338498769,0.02093521169633435,0.9628264349186779
26089,LOF,0.043469977159647795,0.020769874993928798,0.9357601478464235
26090,LOF,0.04316121691295348,0.016111520634601983,0.9407272624524445
26091,LOF,0.03175350829419675,0.006054103613456094,0.9621923880923471
26092,LOF,0.022029902377445867,0.007784347466989471,0.9701857501555646
26093,LOF,0.03251463049434719,0.006153996853230243,0.9613313726524224
26094,LOF,0.03309836945132068,0.0059948498541858445,0.9609067806944934
26095,LOF,0.038556614228986395,0.013508194058188408,0.9479351917128251
26096,LOF,0.017008299709344425,0.010840055389538077,0.9721516449011175
26097,LOF,0.012034660265146605,0.031324398085944005,0.9566409416489094
26098,LOF,0.07922344773103832,0.010342830019150075,0.9104337222498116
26099,LOF,0.0203323317751519,0.012150645285510258,0.967517022939338
26100,LOF,0.021958266453856283,0.011765136867003258,0.9662765966791405
26101,LOF,0.04263278216009067,0.014832948385067976,0.9425342694548414
26102,LOF,0.020384205219799376,0.011671329608129843,0.9679444651720708
26103,Neutral,0.8790246819406278,0.019223856771917004,0.10175146128745519
26104,LOF,0.07579711742882611,0.02412583500541399,0.9000770475657598
26105,LOF,0.19143473241426556,0.2959406726433908,0.5126245949423436
26106,LOF,0.17119259738855316,0.13640728977272015,0.6924001128387268
26107,LOF,0.22319852909255006,0.08402443486409304,0.6927770360433569
26108,LOF,0.22647977899794475,0.09907096301542676,0.6744492579866286
26109,LOF,0.0870475263874081,0.049456340626210675,0.8634961329863813
26110,LOF,0.23539330184304766,0.007804339513430126,0.7568023586435221
26111,Neutral,0.5026052177556424,0.028601135401603216,0.46879364684275443
26112,LOF,0.031872866019605706,0.008106520500281938,0.9600206134801124
26113,LOF,0.061891193901612324,0.018735798201286097,0.9193730078971015
26114,LOF,0.024054431635531955,0.02879525696243625,0.9471503114020319
26115,LOF,0.0789455360214062,0.05545938084469078,0.8655950831339031
26116,LOF,0.06510467420168335,0.05842802569988252,0.8764673000984342
26117,LOF,0.4326223164259856,0.04366174614036598,0.5237159374336484
26118,LOF,0.0320692082922938,0.027524587074252548,0.9404062046334537
26119,LOF,0.022978557041730917,0.03911398488839491,0.9379074580698741
26120,LOF,0.024457702725560203,0.021133499177188757,0.954408798097251
26121,LOF,0.040299235682777886,0.08957411638034249,0.8701266479368797
26122,LOF,0.040790183451425086,0.04163399451720897,0.9175758220313658
