feature0,prediction,LoGoFunc_Neutral,LoGoFunc_GOF,LoGoFunc_LOF
25546,Neutral,0.6420443499100856,0.05450560236917775,0.3034500477207365
25547,Neutral,0.5103932857296603,0.0944450164945322,0.3951616977758076
25548,Neutral,0.5066401676276063,0.08721547933605611,0.40614435303633756
25549,LOF,0.44694920746432026,0.08417480063560485,0.46887599190007484
25550,LOF,0.3836703897562229,0.09529074853539353,0.5210388617083835
25551,LOF,0.3237886474960071,0.10522829998415915,0.5709830525198337
25552,LOF,0.3003512338741666,0.11205835896479852,0.5875904071610348
25553,Neutral,0.795959869392015,0.04872959928042717,0.1553105313275579
25554,LOF,0.3384101778801526,0.10313586124320744,0.5584539608766401
25555,LOF,0.29463144589616325,0.09823668748162159,0.6071318666222152
25556,Neutral,0.47403619227312427,0.09173895876077076,0.434224848966105
25557,LOF,0.28902237857014407,0.10069629449651274,0.6102813269333432
25558,LOF,0.3481249551799678,0.09680281810847151,0.5550722267115606
25559,LOF,0.24707432142537497,0.05012933046134358,0.7027963481132814
25560,LOF,0.081493215399054,0.1481407455338023,0.7703660390671436
25561,LOF,0.10100870321170054,0.22417140656398513,0.6748198902243142
25562,LOF,0.036357483999951874,0.1209468296880737,0.8426956863119743
25563,LOF,0.009373126112132915,0.1712057408890028,0.8194211329988642
25564,LOF,0.09066425228032271,0.12159061685289031,0.7877451308667871
25565,LOF,0.1507255616704445,0.15024305361486365,0.6990313847146918
25566,GOF,0.0697384794983595,0.6212937714810195,0.3089677490206211
25567,LOF,0.04076158853056499,0.15972810074663085,0.7995103107228042
25568,LOF,0.06315011827673894,0.08845815757227626,0.8483917241509847
25569,LOF,0.06258420530530742,0.08582868153493482,0.8515871131597578
25570,LOF,0.029447320337271616,0.12830462544916088,0.8422480542135675
25571,LOF,0.026155279899800838,0.12748722812639862,0.8463574919738006
25572,LOF,0.06257128477027678,0.17896062983169347,0.7584680853980297
25573,LOF,0.061549468811792796,0.12060355217293453,0.8178469790152726
25574,LOF,0.06398485616786309,0.2315747696822256,0.7044403741499112
25575,LOF,0.025887683324061276,0.13649351842048116,0.8376187982554576
25576,LOF,0.02792823690855206,0.20586751559589644,0.7662042474955515
25577,LOF,0.0331920104460183,0.15719270277187092,0.8096152867821109
25578,LOF,0.3209465991510176,0.09590749528804045,0.5831459055609419
25579,LOF,0.20604770806922326,0.09254008038619219,0.7014122115445846
25580,LOF,0.02270492147905337,0.0927730277114458,0.8845220508095009
25581,LOF,0.05043170382399789,0.09058187941801271,0.8589864167579895
25582,LOF,0.05003645395062215,0.08852662079487919,0.8614369252544987
25583,LOF,0.026899136978359384,0.0952569511906876,0.8778439118309531
25584,Neutral,0.7314010698949089,0.11320600653293093,0.15539292357216006
25585,LOF,0.022106669411048538,0.20310229673898952,0.7747910338499618
25586,LOF,0.019009481536120375,0.10095406969750233,0.8800364487663773
25587,LOF,0.018913841974758025,0.09081159923206308,0.890274558793179
25588,LOF,0.022962049866896136,0.08587541137838405,0.8911625387547198
25589,Neutral,0.5272845664355346,0.25273739546531715,0.2199780380991482
25590,LOF,0.0488588034532706,0.14737737342554622,0.8037638231211831
25591,LOF,0.07967639733399019,0.07974237453780224,0.8405812281282076
25592,LOF,0.06328454849387073,0.16297311998034894,0.7737423315257804
25593,LOF,0.11357757406696836,0.31208570569029986,0.5743367202427317
25594,LOF,0.05702989213614699,0.0433508078811165,0.8996192999827365
25595,LOF,0.06414505039064644,0.026898870894016234,0.9089560787153372
25596,LOF,0.12872756246447473,0.018863645619286138,0.8524087919162391
25597,LOF,0.08921145231916852,0.016874209356983194,0.8939143383238483
25598,LOF,0.05817204252864916,0.028676964312401555,0.9131509931589494
25599,LOF,0.02565012494379202,0.3556606749836425,0.6186892000725654
25600,LOF,0.17290438053945353,0.40776585675692945,0.419329762703617
25601,LOF,0.044192419015560515,0.2788767523892761,0.6769308285951633
25602,LOF,0.031090335331063052,0.07491549023376165,0.8939941744351753
25603,LOF,0.04390068084054642,0.06612895060822371,0.8899703685512298
25604,LOF,0.040518736774514987,0.13048376350999677,0.8289974997154882
25605,LOF,0.03066314754369195,0.22815491680950717,0.7411819356468009
25606,LOF,0.38682923377652884,0.21049748696778037,0.40267327925569074
25607,LOF,0.02624496269912425,0.2517716241398596,0.7219834131610161
25608,LOF,0.040693830975590595,0.15274900302931557,0.8065571659950939
25609,GOF,0.1637510620623136,0.5089980389591987,0.3272508989784877
25610,LOF,0.017830993092776002,0.05040838258257628,0.9317606243246477
25611,LOF,0.015087035369864964,0.05635613950855604,0.9285568251215789
25612,LOF,0.0486907699515856,0.06023068513882919,0.8910785449095853
25613,LOF,0.046656897224539244,0.06042481441676144,0.8929182883586992
25614,LOF,0.026760882630845678,0.04397177261948407,0.9292673447496702
25615,LOF,0.04398019938800493,0.05045909415315151,0.9055607064588435
25616,LOF,0.06053933329820848,0.054288536196367844,0.8851721305054238
25617,LOF,0.046882515225758675,0.0543643722657003,0.898753112508541
25618,LOF,0.057244094574572385,0.07724776241407669,0.8655081430113509
25619,LOF,0.014080358063082556,0.05812685362168518,0.9277927883152323
25620,LOF,0.0627040901111952,0.06408950963975409,0.8732064002490508
25621,LOF,0.06598348932417109,0.0475822850699837,0.8864342256058453
25622,LOF,0.07195283463085682,0.05902612775529606,0.8690210376138471
25623,LOF,0.06737564389820613,0.04293479937128034,0.8896895567305135
25624,LOF,0.022165372172682194,0.05473333016185922,0.9231012976654585
25625,LOF,0.06658734410988909,0.0517417325753569,0.8816709233147539
25626,LOF,0.05045339961105361,0.05407019687065975,0.8954764035182866
25627,Neutral,0.883185621020172,0.02166220866058276,0.09515217031924536
25628,LOF,0.17358077515616108,0.06609723491037492,0.7603219899334639
25629,LOF,0.0684839599056798,0.06967886533893689,0.8618371747553834
25630,LOF,0.2909086846540264,0.07680896860008835,0.6322823467458853
25631,Neutral,0.5381688265318185,0.06431427758116798,0.3975168958870135
25632,LOF,0.030625319646304574,0.08699320202767694,0.8823814783260185
25633,LOF,0.2053386367637351,0.0640547145606683,0.7306066486755965
25634,LOF,0.04358175657235555,0.1370231610982182,0.8193950823294263
25635,LOF,0.03688642279400713,0.05272023196220536,0.9103933452437876
25636,GOF,0.03169063011701185,0.5679896433504494,0.4003197265325387
25637,GOF,0.06176794516376838,0.5418180218659394,0.3964140329702923
25638,GOF,0.04172601449528111,0.48939952160136224,0.46887446390335674
25639,LOF,0.03855626724128411,0.46757854669867177,0.49386518606004415
25640,Neutral,0.8622135190037478,0.08081242425717373,0.05697405673907836
25641,LOF,0.09672647498547281,0.4492545346240094,0.45401899039051774
25642,LOF,0.08619734338273202,0.17056398571321285,0.743238670904055
25643,LOF,0.2852695269619079,0.11703233715273588,0.5976981358853561
25644,GOF,0.010481916073777029,0.638217440020654,0.351300643905569
25645,GOF,0.010901843806978867,0.6438797257112141,0.34521843048180706
25646,LOF,0.030787548991807502,0.4590398699360147,0.5101725810721778
25647,LOF,0.01165781195408794,0.36980822815931524,0.6185339598865969
25648,LOF,0.015189890130752903,0.4514012651054593,0.5334088447637878
25649,LOF,0.008525700177411753,0.3190245549944313,0.6724497448281569
25650,GOF,0.023231869832408637,0.6344604320640358,0.3423076981035555
25651,LOF,0.008722955613716173,0.437274671260181,0.5540023731261029
25652,LOF,0.01268058034773099,0.4436660585048645,0.5436533611474045
25653,GOF,0.039400827916705676,0.615752589639285,0.34484658244400945
25654,LOF,0.009913036078588719,0.3586547257232425,0.6314322381981687
25655,GOF,0.13144547839335732,0.6436488245663008,0.22490569704034205
25656,LOF,0.3356615565139941,0.12934138443793947,0.5349970590480664
25657,LOF,0.053974632074143956,0.10995234867036623,0.8360730192554897
25658,LOF,0.33047652804496364,0.1725780664044314,0.496945405550605
25659,Neutral,0.46472119140559565,0.17837879255129382,0.35690001604311045
25660,LOF,0.020089730346847075,0.12336954518635701,0.8565407244667959
25661,LOF,0.0771588742301898,0.07304901501053966,0.8497921107592705
25662,LOF,0.02929750307291794,0.04016583878378459,0.9305366581432973
25663,LOF,0.03300635594037955,0.044142629781177424,0.9228510142784431
25664,LOF,0.11255740775925373,0.07052862741063386,0.8169139648301125
25665,LOF,0.059977993344282755,0.032012670557231976,0.9080093360984852
25666,LOF,0.08624799907111785,0.06268191078740676,0.8510700901414753
25667,LOF,0.0672798802517888,0.04142090591856113,0.89129921382965
25668,LOF,0.031531712305511043,0.052614549124557215,0.9158537385699317
25669,LOF,0.025885672417040026,0.05160786416389625,0.9225064634190637
25670,LOF,0.11977813079116412,0.04248843523479118,0.8377334339740447
25671,LOF,0.09914708061170516,0.043807807715692745,0.8570451116726021
25672,LOF,0.0495279974014978,0.04843527141558599,0.9020367311829162
25673,LOF,0.08571495896161409,0.05201778580471839,0.8622672552336675
25674,LOF,0.074847993756219,0.06824149790573328,0.8569105083380478
25675,LOF,0.0954290256504394,0.07285208392755015,0.8317188904220105
25676,LOF,0.015905096897304405,0.06252665853231401,0.9215682445703814
25677,LOF,0.019948002784124237,0.08395563498559797,0.8960963622302779
25678,LOF,0.18525982261025245,0.0984791283943684,0.7162610489953791
25679,LOF,0.11495330278121398,0.0951041802421703,0.7899425169766157
25680,LOF,0.025580934439051572,0.13976134803511234,0.8346577175258362
25681,LOF,0.04165960689170331,0.13386146294506035,0.8244789301632364
25682,LOF,0.11738529506434742,0.0912107307984357,0.7914039741372169
25683,LOF,0.10406422867796533,0.0964092911685592,0.7995264801534755
25684,LOF,0.03228106671709651,0.07677125877826481,0.8909476745046387
25685,LOF,0.11007858420837664,0.08250950096061135,0.8074119148310119
25686,LOF,0.06687041868481441,0.11927831524285884,0.8138512660723268
25687,LOF,0.11807624167820648,0.13045424558301758,0.7514695127387759
25688,LOF,0.40046682947558937,0.03731221489051524,0.5622209556338954
25689,LOF,0.2792874473477665,0.04867195692795952,0.6720405957242739
25690,LOF,0.33450097061102013,0.032848204491204805,0.632650824897775
25691,Neutral,0.7098465468081906,0.03106515651810376,0.2590882966737057
25692,LOF,0.38237233568859486,0.012599831815415189,0.60502783249599
25693,LOF,0.04007121823402314,0.47614533805572185,0.48378344371025495
25694,LOF,0.12116373701227424,0.01643107951985136,0.8624051834678743
25695,LOF,0.11512142082259354,0.010508799055580931,0.8743697801218255
25696,LOF,0.15529692609061532,0.011847563649370707,0.832855510260014
25697,LOF,0.06067204311717876,0.10634837406316976,0.8329795828196516
25698,LOF,0.26541906417347805,0.2328533532789872,0.5017275825475347
25699,LOF,0.47038620998519026,0.04389255112960349,0.4857212388852063
25700,LOF,0.07746994455291464,0.01157029958793181,0.9109597558591536
25701,LOF,0.16430418915597966,0.04011387795936046,0.7955819328846598
25702,GOF,0.18458314584355842,0.6296963090143403,0.18572054514210143
25703,LOF,0.019288536011571607,0.15694513032400997,0.8237663336644184
25704,LOF,0.039043041022678526,0.16546280498377408,0.7954941539935474
25705,LOF,0.03529983487314414,0.10995079034094563,0.8547493747859103
25706,LOF,0.12251841727102178,0.3600499491332861,0.5174316335956921
25707,LOF,0.08491931356619212,0.301267315760674,0.6138133706731339
25708,LOF,0.040291530776489816,0.27247827582419903,0.6872301933993111
25709,LOF,0.0719826048567078,0.0298218419463183,0.8981955531969739
25710,LOF,0.014407630393842956,0.1220380958095109,0.8635542737966461
25711,LOF,0.018751975951957798,0.08324238948001007,0.8980056345680321
25712,LOF,0.01674417004308271,0.17284731571590106,0.8104085142410162
25713,LOF,0.017614073623227033,0.07872539320599332,0.9036605331707795
25714,LOF,0.07283419393921824,0.059167287037196266,0.8679985190235855
25715,LOF,0.011527533138162224,0.11803610535563609,0.8704363615062017
25716,LOF,0.013760610405430621,0.10166472932059545,0.884574660273974
25717,LOF,0.01769613685443382,0.08262367008688105,0.8996801930586851
25718,LOF,0.011190128734597397,0.07400364337083729,0.9148062278945653
25719,LOF,0.02039220024989645,0.07510613971118842,0.9045016600389151
25720,LOF,0.02569299690314259,0.055970798250319545,0.9183362048465378
25721,LOF,0.013274507226179321,0.08960942525406793,0.8971160675197528
25722,LOF,0.013868503429251156,0.0663060489583048,0.919825447612444
25723,LOF,0.024847570241229945,0.03759354120927125,0.9375588885494988
25724,LOF,0.031720602119123295,0.06831893318106004,0.8999604646998167
25725,LOF,0.011325180477017862,0.06304522453524541,0.9256295949877367
25726,LOF,0.015000421395905787,0.08430821169003111,0.9006913669140632
25727,LOF,0.012957522529281942,0.06575678035932203,0.9212856971113962
25728,LOF,0.009953321757020406,0.07533883494860638,0.9147078432943732
25729,LOF,0.010328859045930427,0.07376186329021861,0.915909277663851
25730,LOF,0.013165629144505498,0.07826375115859988,0.9085706196968947
25731,LOF,0.02304672269681934,0.07575308998408634,0.9012001873190942
25732,LOF,0.0120761133739569,0.04473070703683911,0.943193179589204
25733,LOF,0.016628852583653566,0.04496450099558297,0.9384066464207634
25734,LOF,0.013272979480136128,0.10741021449653763,0.8793168060233263
25735,LOF,0.010970509310537722,0.0538786339666815,0.9351508567227809
25736,LOF,0.01156610356125526,0.05528855656872985,0.9331453398700148
25737,LOF,0.011697666492293476,0.07680527232813474,0.9114970611795717
25738,LOF,0.011288380400771092,0.07638302499914737,0.9123285946000815
25739,LOF,0.019608408814879248,0.05846161351154241,0.9219299776735784
25740,LOF,0.028063919968757407,0.08557636267963373,0.8863597173516089
25741,LOF,0.01432420692275994,0.08687489108633115,0.8988009019909089
25742,LOF,0.11823002938054342,0.0649480008467284,0.8168219697727281
25743,LOF,0.0422578668887011,0.053089999027424006,0.9046521340838748
25744,Neutral,0.6181410702991296,0.22107570051461267,0.16078322918625773
25745,LOF,0.07144406841223923,0.07394491952652651,0.8546110120612344
25746,LOF,0.04658817051050572,0.0959392658060965,0.8574725636833979
25747,LOF,0.026045733162206836,0.08983804559992678,0.8841162212378664
25748,LOF,0.14030518479331774,0.13498428882865934,0.7247105263780229
25749,LOF,0.031245495606137944,0.0964035974355119,0.8723509069583502
25750,LOF,0.07835409075310855,0.10125764707730227,0.8203882621695892
25751,LOF,0.10243466492019053,0.13455139702463345,0.7630139380551761
25752,GOF,0.09990240089815293,0.6214491319614622,0.2786484671403849
25753,LOF,0.02883927206220378,0.3703751986841349,0.6007855292536614
25754,GOF,0.016580888449086135,0.833159814076847,0.15025929747406688
25755,LOF,0.03199723444288577,0.39175139416647603,0.5762513713906382
25756,LOF,0.05798585831147684,0.40213276757456323,0.5398813741139599
25757,GOF,0.02384337973028579,0.8785600781444782,0.09759654212523594
25758,GOF,0.02661068633856582,0.837026780180524,0.13636253348091024
25759,GOF,0.011787811206442357,0.6521647256577602,0.33604746313579753
25760,LOF,0.017568970800773288,0.3559820702100249,0.6264489589892017
25761,GOF,0.2636181069243507,0.6572133609660826,0.07916853210956656
25762,LOF,0.05106488183150929,0.35088680575928516,0.5980483124092055
25763,LOF,0.01703910057096296,0.2689273652595569,0.7140335341694801
25764,GOF,0.07627749367442599,0.7020732863687262,0.22164921995684778
25765,GOF,0.03629787491630024,0.7712288373537709,0.1924732877299289
25766,GOF,0.070241131754898,0.8100136389686439,0.11974522927645811
25767,GOF,0.14961662076642981,0.46606801633115674,0.3843153629024133
25768,LOF,0.11112799244423788,0.04371157973819934,0.8451604278175627
25769,LOF,0.053128009913397646,0.06442421998226962,0.8824477701043326
25770,LOF,0.3476436695903182,0.11705113855905515,0.5353051918506266
25771,LOF,0.05170828748747305,0.05830580720297679,0.8899859053095501
25772,LOF,0.018789167388573582,0.058121148455910765,0.9230896841555156
25773,LOF,0.05850556135011598,0.08215056308363625,0.8593438755662478
25774,LOF,0.029853970853385994,0.1198292359436673,0.8503167932029468
25775,LOF,0.056553574636637696,0.06638701070192254,0.8770594146614398
25776,LOF,0.07370974953918519,0.03561740398584885,0.890672846474966
25777,LOF,0.37250330376123364,0.0881875982235256,0.5393090980152409
25778,LOF,0.069049438932038,0.058470746904797984,0.872479814163164
25779,GOF,0.36886330443379606,0.5823592588744101,0.04877743669179381
25780,GOF,0.34492681278808224,0.5761760895702457,0.07889709764167213
25781,GOF,0.11262685388718129,0.7759028673844793,0.11147027872833931
25782,GOF,0.18723368672209936,0.7396616401931363,0.07310467308476445
25783,GOF,0.02545021078950339,0.6269097631547145,0.3476400260557821
25784,Neutral,0.5275410207437626,0.43552494156567034,0.036934037690567044
25785,GOF,0.47404651851188623,0.4805257294564493,0.04542775203166442
25786,GOF,0.0356747597851433,0.7600146506830391,0.20431058953181755
25787,Neutral,0.6667595556230625,0.30597075355971637,0.027269690817221
25788,LOF,0.051109263764580574,0.08249755339475494,0.8663931828406644
25789,GOF,0.1964624078310668,0.6566054076831359,0.1469321844857973
25790,GOF,0.26491175610611645,0.6486559804824978,0.08643226341138574
25791,GOF,0.14693115809234564,0.6836042044101612,0.1694646374974931
25792,GOF,0.34299013778603765,0.5289865518345983,0.12802331037936396
25793,GOF,0.25674223640363664,0.501312505324963,0.2419452582714004
25794,GOF,0.2901942173803377,0.4664446406278974,0.24336114199176495
25795,GOF,0.06480513551409221,0.6673308407336248,0.26786402375228296
25796,Neutral,0.5031315111054401,0.4191907999077645,0.07767768898679549
25797,GOF,0.07357898310809946,0.5689484714874199,0.35747254540448065
25798,GOF,0.010107085354750698,0.5214822616985172,0.468410652946732
25799,LOF,0.007948675211173224,0.4562836107335958,0.535767714055231
25800,GOF,0.0364391305500951,0.6319617711049356,0.3315990983449693
25801,GOF,0.22852480045314433,0.675499202120166,0.09597599742668968
25802,GOF,0.0758985437388667,0.6934217314113387,0.23067972484979468
25803,GOF,0.04302066748189662,0.5651622947998264,0.39181703771827703
25804,GOF,0.04217894295495634,0.5121959839371772,0.4456250731078664
25805,GOF,0.1273947647311426,0.6012774696349061,0.2713277656339512
25806,GOF,0.14637578695398798,0.5982949948583474,0.2553292181876645
25807,GOF,0.023215865142843517,0.630819136800697,0.3459649980564595
25808,GOF,0.12570592619617654,0.5791657954120144,0.29512827839180916
25809,GOF,0.022705183825862056,0.6358807654465679,0.34141405072757003
25810,GOF,0.022224781859341868,0.6385439922231677,0.33923122591749033
25811,Neutral,0.5091774711774192,0.42972598323676914,0.061096545585811776
25812,GOF,0.04371380506787321,0.5983110330889911,0.3579751618431357
25813,Neutral,0.5895039201884021,0.30702145894507893,0.10347462086651889
25814,GOF,0.1506812957469628,0.6123132157889463,0.237005488464091
25815,GOF,0.26109500580816875,0.5463101776630328,0.19259481652879856
25816,GOF,0.02527685196789315,0.6741386310498069,0.30058451698229993
25817,GOF,0.22956793061798395,0.6456877316451911,0.12474433773682499
25818,GOF,0.05020568268740012,0.5777301935529054,0.37206412375969444
25819,GOF,0.37912819671129927,0.48527238473563933,0.13559941855306146
25820,GOF,0.2243753851998275,0.5898379630877176,0.18578665171245495
25821,GOF,0.07251727939494583,0.672778390066493,0.2547043305385612
25822,GOF,0.27164204605738873,0.5231556826920981,0.20520227125051316
25823,LOF,0.03645675483992857,0.47607183300752803,0.4874714121525433
25824,GOF,0.08972622112906217,0.5183510746799342,0.39192270419100356
25825,GOF,0.033621273871592146,0.5317548218684875,0.43462390425992037
25826,GOF,0.013070270808784527,0.5110191522874674,0.475910576903748
25827,GOF,0.021072975118970074,0.5876076546670541,0.3913193702139758
25828,GOF,0.015068872196911,0.5003494429715695,0.4845816848315195
25829,GOF,0.006877359910163092,0.5438671302040874,0.4492555098857496
25830,LOF,0.04391931717934405,0.2677825701941425,0.6882981126265134
25831,GOF,0.14922661488998568,0.7379401068497343,0.11283327826028008
25832,GOF,0.03593885478295802,0.6993337206438994,0.2647274245731425
25833,GOF,0.12425086389766307,0.6913859767895085,0.18436315931282848
25834,GOF,0.04075128860130641,0.6901052947152679,0.2691434166834256
25835,GOF,0.09761689539420418,0.6815534968535377,0.22082960775225813
25836,GOF,0.04693602620730801,0.6578907342256357,0.2951732395670563
25837,GOF,0.02225264398854455,0.5461376816399589,0.4316096743714966
25838,GOF,0.07840866595040011,0.7396302486550355,0.18196108539456443
25839,GOF,0.2864457375060238,0.5747467555624695,0.13880750693150676
25840,GOF,0.20467825386166147,0.620291103154962,0.1750306429833764
25841,GOF,0.190120733736776,0.6353784013574997,0.17450086490572428
25842,GOF,0.17699135957579684,0.6523961234634301,0.170612516960773
25843,GOF,0.21441484944280195,0.6674856081877791,0.11809954236941901
25844,GOF,0.055533061268780735,0.646945096246262,0.29752184248495733
25845,LOF,0.014124865258253074,0.4843601482117279,0.5015149865300189
25846,GOF,0.09259571985020967,0.7431229544957741,0.16428132565401618
25847,GOF,0.12974912863315483,0.739571484097177,0.13067938726966816
25848,GOF,0.035331063441267636,0.671415258465266,0.2932536780934664
25849,GOF,0.010707610186541852,0.5464700083996883,0.4428223814137698
25850,GOF,0.02113157624537955,0.6100703691848388,0.3687980545697816
25851,GOF,0.016969820881108447,0.5167961831056255,0.466233996013266
25852,GOF,0.13706566280319973,0.575833482711621,0.28710085448517925
25853,GOF,0.3266150114116385,0.5933191588369648,0.08006582975139659
25854,GOF,0.019665526409328962,0.6303892005907431,0.34994527299992806
25855,GOF,0.03861084236307876,0.5771363925199723,0.3842527651169489
25856,GOF,0.20423469051861987,0.576649694992814,0.21911561448856623
25857,GOF,0.037053464932824895,0.5080643779296691,0.45488215713750596
25858,GOF,0.019585269176267885,0.5578328376558679,0.4225818931678642
25859,GOF,0.011492546617759355,0.5351370953225321,0.45337035805970854
25860,GOF,0.39913515059693766,0.5207598402795539,0.08010500912350843
25861,GOF,0.3562348334369436,0.5640486426213498,0.07971652394170653
25862,GOF,0.07747203195515538,0.7983559242678445,0.1241720437770001
25863,GOF,0.0780552037733692,0.7986511402918643,0.12329365593476638
25864,GOF,0.18233636295784028,0.7496903782529255,0.0679732587892341
25865,GOF,0.06421421280912468,0.8204065030691605,0.11537928412171489
25866,GOF,0.05541229430366953,0.8213554003839674,0.12323230531236315
25867,GOF,0.07449152040842313,0.8225010260491735,0.10300745354240332
25868,GOF,0.25230427901124247,0.6450554312907884,0.10264028969796916
25869,Neutral,0.6895548517978759,0.2639216428634713,0.04652350533865284
25870,LOF,0.3368925130534111,0.24457152427411566,0.41853596267247334
25871,GOF,0.2373475629607508,0.6129518494921343,0.14970058754711493
25872,GOF,0.09030909177855784,0.6085428252498217,0.3011480829716204
25873,GOF,0.1675960022533394,0.6148921678958327,0.21751182985082787
25874,LOF,0.02199798239767467,0.09575730189287396,0.8822447157094514
25875,LOF,0.08322128062209552,0.07060020193098458,0.8461785174469199
25876,LOF,0.02905991222916091,0.05173621472694793,0.9192038730438911
25877,Neutral,0.510777489797011,0.06404975828566441,0.4251727519173247
25878,LOF,0.2384561259521904,0.10078528313626536,0.6607585909115443
25879,LOF,0.08722745430059968,0.1357373059837666,0.7770352397156338
25880,LOF,0.023163577112647687,0.02385595741835057,0.9529804654690018
25881,LOF,0.175295770040736,0.2000368699198826,0.6246673600393814
25882,LOF,0.07914834419572592,0.023739634662581874,0.8971120211416923
25883,LOF,0.08432240593489579,0.03564251990545813,0.880035074159646
25884,LOF,0.04069027555453287,0.047540433775939236,0.9117692906695278
25885,LOF,0.06471254152105194,0.015682595670607327,0.9196048628083408
25886,LOF,0.3533161661735471,0.07098360860675905,0.5757002252196938
25887,LOF,0.1779567613947043,0.1284865963792615,0.6935566422260342
25888,LOF,0.06942198780764829,0.10877918510750267,0.821798827084849
25889,LOF,0.049899142136719116,0.0381390148833408,0.9119618429799401
25890,LOF,0.054876532364004804,0.16361416760919914,0.781509300026796
25891,LOF,0.03988934956154647,0.07994511787340597,0.8801655325650476
25892,LOF,0.10975993230286335,0.021718502911360932,0.8685215647857757
25893,LOF,0.3034564239156053,0.016366108107864947,0.6801774679765298
25894,LOF,0.18644834597822987,0.008508003863471005,0.805043650158299
25895,LOF,0.2088443185317702,0.020890343667278398,0.7702653378009513
25896,LOF,0.05301464025079592,0.02243329854502842,0.9245520612041757
25897,LOF,0.2656845003317283,0.015434692787602889,0.7188808068806689
25898,Neutral,0.7398418005720473,0.01088184545461576,0.24927635397333703
25899,LOF,0.29272178067575866,0.026552611120423255,0.680725608203818
25900,LOF,0.48401307022167367,0.017001468551271284,0.49898546122705506
25901,LOF,0.06406407247657381,0.012862937990477469,0.9230729895329488
25902,LOF,0.2117329636346621,0.009632607162525831,0.778634429202812
25903,Neutral,0.5250003867001305,0.028208874804769166,0.4467907384951005
25904,LOF,0.30699211458468073,0.04445761413413511,0.6485502712811841
25905,LOF,0.024392005239453996,0.3005881131896177,0.6750198815709282
25906,LOF,0.02086811526557879,0.06942040979048689,0.9097114749439343
25907,LOF,0.01416984444527838,0.35277334980640285,0.6330568057483187
25908,LOF,0.01127610202481159,0.2382212924621754,0.750502605513013
25909,LOF,0.012492313715396955,0.17464190112289382,0.8128657851617093
25910,LOF,0.04805135348685972,0.12328707593714901,0.8286615705759912
25911,LOF,0.10843127072656379,0.03599062264075283,0.8555781066326834
25912,LOF,0.03314295141537304,0.07191001566117361,0.8949470329234533
25913,LOF,0.2572591881354228,0.025614405716076222,0.717126406148501
25914,LOF,0.025011234364125355,0.10736700365492091,0.8676217619809536
25915,Neutral,0.44216878858726477,0.24448834620780419,0.3133428652049311
25916,LOF,0.06216740741548774,0.2821529903760364,0.655679602208476
25917,LOF,0.06891723565976927,0.06471983633302214,0.8663629280072086
25918,LOF,0.033922407298015815,0.07654170411057563,0.8895358885914085
25919,LOF,0.02791259798177926,0.08224343959735482,0.8898439624208659
25920,GOF,0.07826382732361423,0.5129685521558515,0.40876762052053434
25921,LOF,0.03365682442557387,0.026134294231445324,0.9402088813429809
25922,LOF,0.04343843343107896,0.015970725435213752,0.9405908411337074
25923,LOF,0.42049450079753026,0.014792742311729275,0.5647127568907405
25924,LOF,0.04584130685388179,0.02218788002271481,0.9319708131234035
25925,LOF,0.07525870567660649,0.024258436368764975,0.9004828579546285
25926,LOF,0.053631025816842134,0.015793673256453086,0.9305753009267048
25927,LOF,0.08431507298798908,0.041878581282497225,0.8738063457295138
25928,LOF,0.02806798309533302,0.01970531528088409,0.952226701623783
25929,Neutral,0.5569508547760795,0.016744757123549777,0.4263043881003707
25930,LOF,0.06281952415052268,0.012087204401954744,0.9250932714475226
25931,LOF,0.0367369290461269,0.01790292137696819,0.945360149576905
25932,LOF,0.031280959529576345,0.014175431880640597,0.9545436085897832
25933,LOF,0.04033925943399591,0.009445618533389748,0.9502151220326143
25934,LOF,0.027118702444437353,0.010982246376517108,0.9618990511790455
25935,LOF,0.07661656901241079,0.025701455024974087,0.8976819759626152
25936,LOF,0.04841850047165225,0.013147323276519407,0.9384341762518285
25937,LOF,0.03475786606991535,0.019274274706073347,0.9459678592240113
25938,LOF,0.07693442083726065,0.028316465654595176,0.8947491135081442
25939,LOF,0.04122264425986884,0.00917938064991241,0.9495979750902187
25940,LOF,0.02357773481538177,0.38844450187662444,0.5879777633079938
25941,LOF,0.1435702578291426,0.08422779447057377,0.7722019477002836
25942,LOF,0.012713109342006363,0.043970791305690385,0.9433160993523033
25943,LOF,0.31583330875233445,0.07170774942090549,0.6124589418267601
25944,Neutral,0.4906630485008159,0.0379799808998059,0.4713569705993781
25945,LOF,0.056914340232762345,0.023988034821803002,0.9190976249454346
25946,LOF,0.03253878108410977,0.15090891832586487,0.8165523005900253
25947,LOF,0.11754997317841759,0.2161205353597009,0.6663294914618816
25948,LOF,0.4559161052621295,0.014896497679517146,0.5291873970583534
25949,LOF,0.07838639584567841,0.07447072940648031,0.8471428747478413
25950,GOF,0.2809905532217819,0.45169319772460287,0.26731624905361523
25951,LOF,0.26514461173234605,0.20766290421513478,0.5271924840525192
25952,GOF,0.06472383079274203,0.46938463414873116,0.4658915350585268
25953,LOF,0.1489642466661195,0.11116208905539202,0.7398736642784886
25954,Neutral,0.4370316371682242,0.21461499182746802,0.34835337100430774
25955,LOF,0.0626569421879339,0.0809673676488611,0.8563756901632049
25956,LOF,0.22528560308558343,0.0652594026631358,0.7094549942512808
25957,LOF,0.04849588792690348,0.02615315356299365,0.925350958510103
25958,LOF,0.05422230828174592,0.028081700847131078,0.917695990871123
25959,LOF,0.06343124249036233,0.30559245728878565,0.630976300220852
25960,LOF,0.01926440831573186,0.059811562396786117,0.9209240292874821
25961,LOF,0.04499400720721911,0.037014890197997474,0.9179911025947834
25962,LOF,0.05610480536713644,0.04042874830481326,0.9034664463280502
25963,LOF,0.0574552341878197,0.19234669694863393,0.7501980688635463
25964,LOF,0.033484105949704336,0.1333073187211642,0.8332085753291314
25965,LOF,0.41513679831175515,0.06840194434235793,0.5164612573458869
25966,Neutral,0.4122075077386244,0.20031774958933307,0.3874747426720426
25967,LOF,0.013354669312177853,0.07206042238432794,0.9145849083034941
25968,LOF,0.03302281697886611,0.43354192364885263,0.5334352593722812
25969,LOF,0.02438364209605435,0.0629456046211001,0.9126707532828455
25970,LOF,0.0552958710869295,0.06446951343526401,0.8802346154778065
25971,LOF,0.06757264107231094,0.024630884991389483,0.9077964739362997
25972,LOF,0.07668116147758179,0.032546916433868436,0.8907719220885498
25973,LOF,0.10274924462602955,0.009773177446411648,0.8874775779275589
25974,LOF,0.2252913291271823,0.02023427747343589,0.7544743933993817
25975,LOF,0.04813312143041878,0.030131223492660078,0.9217356550769212
25976,LOF,0.043840154347675186,0.02320730801826636,0.9329525376340585
25977,LOF,0.15345116985722573,0.08959219364988809,0.7569566364928861
25978,LOF,0.11060771015207155,0.09028083780048489,0.7991114520474436
25979,LOF,0.11567394761511858,0.0848787958222987,0.7994472565625826
25980,LOF,0.1476234339624053,0.1040484177329594,0.7483281483046353
25981,LOF,0.17936908147828978,0.10076621740696444,0.7198647011147458
25982,LOF,0.34200542410253065,0.0762620175386241,0.5817325583588452
25983,LOF,0.33403067347553356,0.06987250199680682,0.5960968245276596
25984,LOF,0.049008630604564625,0.10284430161123635,0.848147067784199
25985,LOF,0.02150969190730911,0.33458354845623384,0.643906759636457
25986,LOF,0.028734059098134583,0.3274462751543859,0.6438196657474795
25987,LOF,0.07567620669678553,0.12027360560505825,0.8040501876981563
25988,LOF,0.11234894724736794,0.11036761000281096,0.777283442749821
25989,LOF,0.02449728679527068,0.19114384466493417,0.7843588685397952
25990,LOF,0.03612206794293374,0.1536567136083315,0.8102212184487347
25991,GOF,0.13593113072355592,0.5105353672407535,0.35353350203569045
25992,LOF,0.3168628171669545,0.3078700769675035,0.375267105865542
25993,LOF,0.022778087705723205,0.11590168096333713,0.8613202313309396
25994,LOF,0.014137559382229752,0.15905710323661976,0.8268053373811504
25995,LOF,0.025081903141136834,0.24453665553522844,0.7303814413236346
25996,GOF,0.18673661965141747,0.6542656280062488,0.15899775234233374
25997,GOF,0.06927530831705281,0.6379630346135218,0.29276165706942536
25998,Neutral,0.5808492515733965,0.019316765958276808,0.3998339824683267
25999,LOF,0.13280430105289265,0.17391872983422782,0.6932769691128796
26000,LOF,0.13770922566081736,0.04214313559712719,0.8201476387420553
26001,LOF,0.1687240042711781,0.04259197670122234,0.7886840190275995
26002,LOF,0.16340409524472976,0.04188007782033023,0.7947158269349399
26003,GOF,0.010036071283854605,0.670431967658888,0.3195319610572574
26004,GOF,0.025672637363996633,0.722575876891437,0.25175148574456635
26005,GOF,0.00959996734078646,0.5516454742096082,0.43875455844960537
26006,Neutral,0.4988777692863283,0.2868235326778281,0.2142986980358434
26007,GOF,0.018554063365630133,0.606934627787821,0.3745113088465488
26008,GOF,0.02048368889102892,0.6463341494404914,0.33318216166847964
26009,GOF,0.025878960730767096,0.6898563337758788,0.28426470549335403
26010,GOF,0.025271241314775345,0.7167297016312797,0.257999057053945
26011,GOF,0.0090052708891502,0.5450326951443305,0.44596203396651923
26012,GOF,0.01673583161600563,0.6585033298361601,0.3247608385478342
26013,GOF,0.017515465909066802,0.6812545057104774,0.3012300283804558
26014,LOF,0.04909148987170323,0.15682872383535246,0.7940797862929444
26015,LOF,0.19667427597152673,0.011425798413411323,0.791899925615062
26016,LOF,0.23154535701901777,0.048281535951416966,0.7201731070295653
26017,LOF,0.17324290066592155,0.09424150414584061,0.7325155951882378
26018,LOF,0.06968774035892696,0.04084869871080416,0.8894635609302688
26019,LOF,0.06688882986069027,0.029547092391076824,0.9035640777482328
26020,LOF,0.05426635676717146,0.11998126928087907,0.8257523739519496
26021,LOF,0.04229575154356106,0.1443042299546629,0.813400018501776
26022,LOF,0.010243133882142031,0.06173733531973179,0.9280195307981263
26023,LOF,0.0950486343892401,0.02570656342285697,0.8792448021879029
26024,LOF,0.027746611666598687,0.11668337110015382,0.8555700172332474
26025,LOF,0.13896492614177922,0.10409825645319017,0.7569368174050307
26026,LOF,0.2862766697498239,0.020123303486925617,0.6936000267632504
26027,LOF,0.06663948858363529,0.021156841194432598,0.9122036702219322
26028,LOF,0.15309317469247397,0.09304161535359608,0.75386520995393
26029,LOF,0.09751343681225988,0.1478481097439366,0.7546384534438035
26030,LOF,0.033307838372677895,0.055217419908734404,0.9114747417185878
26031,LOF,0.04181813381762587,0.12134666301780346,0.8368352031645706
26032,LOF,0.08222904635378593,0.04366355954582817,0.874107394100386
26033,LOF,0.1317103965059521,0.05208566965876883,0.816203933835279
26034,LOF,0.05746994620092016,0.12107307378667378,0.8214569800124061
26035,LOF,0.04013919506276207,0.10450210674320662,0.8553586981940313
26036,LOF,0.057662618413882816,0.12801894570577738,0.8143184358803398
26037,LOF,0.03275422627416844,0.08842305341127202,0.8788227203145594
26038,LOF,0.07792270147859429,0.0427805800525911,0.8792967184688145
26039,LOF,0.07952996925086188,0.1130821608081973,0.8073878699409408
26040,LOF,0.23863718106234783,0.07366821348657444,0.6876946054510777
26041,LOF,0.03265986311937063,0.08492302732256941,0.8824171095580601
26042,LOF,0.032106688749694835,0.08714117876654197,0.880752132483763
26043,LOF,0.07483691315224118,0.06009774972217783,0.8650653371255811
26044,LOF,0.027660644020255462,0.07018229357128299,0.9021570624084616
26045,LOF,0.08679758707874143,0.0833101192749683,0.8298922936462902
26046,LOF,0.07819390945675085,0.06320700306766458,0.8585990874755846
26047,LOF,0.10940088622514549,0.07491166348108111,0.8156874502937734
26048,LOF,0.04626961186071769,0.05698702060647029,0.896743367532812
26049,Neutral,0.9558729036746247,0.007477510211195981,0.0366495861141792
26050,Neutral,0.9359662875440165,0.008704543340066519,0.05532916911591691
26051,LOF,0.04853665506266724,0.41522823438817713,0.5362351105491555
26052,LOF,0.07128714432181338,0.457204633695633,0.47150822198255377
26053,LOF,0.06165075696848817,0.17016180897419508,0.7681874340573167
26054,LOF,0.06404862325466083,0.038674078955128484,0.8972772977902106
26055,LOF,0.08133814338998042,0.026794244745250176,0.8918676118647695
26056,LOF,0.06974078170360588,0.03319803340677684,0.8970611848896173
26057,LOF,0.028831063059203837,0.018494404175535353,0.9526745327652608
26058,LOF,0.029507402982591618,0.016755479817447752,0.9537371171999607
26059,LOF,0.2944345088622429,0.04368726187237861,0.6618782292653785
26060,LOF,0.02681344156362933,0.3032438036512283,0.6699427547851423
26061,LOF,0.017936968055105276,0.020131428189963604,0.961931603754931
26062,LOF,0.011100835179359251,0.03274820912936162,0.9561509556912791
26063,LOF,0.020996686605465813,0.01796977889822679,0.9610335344963074
26064,LOF,0.023843020248121374,0.020225612244579264,0.9559313675072993
26065,LOF,0.024426386771159866,0.021103946907876394,0.9544696663209636
26066,LOF,0.019726905584804184,0.018878664670864017,0.9613944297443319
26067,LOF,0.024186483817913256,0.015488133002165656,0.9603253831799212
26068,LOF,0.049571648200944736,0.051703336774669144,0.8987250150243861
26069,LOF,0.2740765116998936,0.028719143441976725,0.6972043448581298
26070,LOF,0.413159054240106,0.0197735988747914,0.5670673468851025
26071,LOF,0.021792744442722792,0.02295482313785237,0.9552524324194249
26072,LOF,0.023516375665824454,0.02798736559560204,0.9484962587385736
26073,LOF,0.022546795568591294,0.017055844719106858,0.9603973597123018
26074,Neutral,0.9123843386549858,0.007380160701655844,0.0802355006433583
26075,LOF,0.04218587694768341,0.024236486949282987,0.9335776361030337
26076,LOF,0.04236247170530842,0.01654729078567056,0.941090237509021
26077,LOF,0.009225898499658637,0.03587251078988645,0.954901590710455
26078,LOF,0.014248272041930595,0.02095051658318371,0.9648012113748856
26079,LOF,0.055682211760653855,0.028456136555272585,0.9158616516840736
26080,LOF,0.05425765683925213,0.028382455847459742,0.917359887313288
26081,LOF,0.034024589870213694,0.012735278937948503,0.9532401311918379
26082,LOF,0.017390023538302445,0.02851030009525451,0.9540996763664431
26083,LOF,0.12111738821741783,0.02009565269214524,0.8587869590904369
26084,LOF,0.0258333952447776,0.026565807899245574,0.9476007968559769
26085,LOF,0.021077763599229665,0.025152604183067587,0.9537696322177028
26086,LOF,0.023306158040776473,0.020257872835024605,0.9564359691241989
26087,LOF,0.02367085701161316,0.014334993036686929,0.9619941499516999
26088,LOF,0.01773594363483332,0.03389985789694808,0.9483641984682185
26089,LOF,0.05034512124629329,0.03192704143667158,0.9177278373170351
26090,LOF,0.04826987816365446,0.025549511877765135,0.9261806099585804
26091,LOF,0.03810484582475444,0.010981791789454149,0.9509133623857915
26092,LOF,0.025788679411173857,0.015324243261189046,0.958887077327637
26093,LOF,0.036190467731083614,0.0100559058194411,0.9537536264494754
26094,LOF,0.04305113522372981,0.011289839631977903,0.9456590251442922
26095,LOF,0.057836791669407424,0.02663516456337415,0.9155280437672184
26096,LOF,0.02286207465393973,0.02045994279676388,0.9566779825492964
26097,LOF,0.010107146716112623,0.06789815291250256,0.9219947003713848
26098,LOF,0.07790776297941508,0.02462465050590417,0.8974675865146808
26099,LOF,0.024252985658277704,0.02604134131768269,0.9497056730240396
26100,LOF,0.025887940638033857,0.02439239003732232,0.9497196693246438
26101,LOF,0.056529117554952026,0.02285115581889761,0.9206197266261502
26102,LOF,0.02508284870077578,0.020466609794087827,0.9544505415051363
26103,Neutral,0.8894979543654474,0.03239215567162364,0.07810988996292902
26104,LOF,0.07447240646537637,0.04899784566821894,0.8765297478664046
26105,LOF,0.22875812065556025,0.2713958734523526,0.49984600589208705
26106,LOF,0.1928678427968802,0.1322023949465595,0.6749297622565603
26107,LOF,0.22915000987231124,0.11809796447873555,0.6527520256489532
26108,LOF,0.23052148910784787,0.17013907740202874,0.5993394334901234
26109,LOF,0.07296019470193682,0.14027186257879837,0.7867679427192649
26110,LOF,0.2622514372146883,0.007368817342918313,0.7303797454423933
26111,LOF,0.45804446887803857,0.016711946001994715,0.5252435851199667
26112,LOF,0.03559208185134343,0.00772778232133128,0.9566801358273254
26113,LOF,0.054251095522802016,0.013449735796904587,0.9322991686802935
26114,LOF,0.015926555872073308,0.019501142337530898,0.9645723017903957
26115,LOF,0.07732719380765622,0.03058639302802089,0.8920864131643229
26116,LOF,0.045899330333552014,0.025259497100524286,0.9288411725659237
26117,LOF,0.3808325366240642,0.059161503405276136,0.5600059599706597
26118,LOF,0.03577430916912132,0.035932377448299566,0.928293313382579
26119,LOF,0.02330590722994444,0.05744757793428623,0.9192465148357694
26120,LOF,0.026877222784684664,0.02601703702732133,0.947105740187994
26121,LOF,0.05517889202818685,0.09203018163800279,0.8527909263338104
26122,LOF,0.0504053858414789,0.04766025452623223,0.901934359632289
