feature0,prediction,LoGoFunc_Neutral,LoGoFunc_GOF,LoGoFunc_LOF
25546,Neutral,0.616320104499018,0.05329768134492862,0.3303822141560533
25547,Neutral,0.48554933668554384,0.08842685129326897,0.4260238120211873
25548,Neutral,0.47100253488474764,0.07439071087063558,0.45460675424461683
25549,LOF,0.41309346781537915,0.07477467651986572,0.5121318556647552
25550,LOF,0.32705626464570103,0.10909547780679892,0.5638482575475001
25551,LOF,0.29065496236071275,0.11883598268197003,0.5905090549573173
25552,LOF,0.2600814216681813,0.12257089785403052,0.6173476804777881
25553,Neutral,0.7850030969683837,0.042890665632431636,0.17210623739918465
25554,LOF,0.2962150340196207,0.10868314640931154,0.5951018195710678
25555,LOF,0.2505280556226743,0.10228179565892909,0.6471901487183965
25556,LOF,0.42577104598838594,0.08845731240708803,0.485771641604526
25557,LOF,0.23900283541560613,0.10890807544141448,0.6520890891429795
25558,LOF,0.2911899610664387,0.10448105336339535,0.6043289855701659
25559,LOF,0.2955321317558019,0.13388666524316775,0.5705812030010303
25560,LOF,0.17494277601482,0.1047479192014651,0.7203093047837149
25561,LOF,0.16903934641626434,0.1310002986849865,0.6999603548987492
25562,LOF,0.07858537242737272,0.07679606566123727,0.84461856191139
25563,LOF,0.031771546944804996,0.12408609161966654,0.8441423614355283
25564,LOF,0.2063246723905643,0.09945766070148546,0.6942176669079503
25565,LOF,0.21480646230156977,0.1506562907603278,0.6345372469381024
25566,GOF,0.08213212167764498,0.7148958791453779,0.20297199917697703
25567,LOF,0.04205040127540398,0.19880144566454191,0.759148153060054
25568,LOF,0.06540015959800179,0.10686825768791461,0.8277315827140835
25569,LOF,0.0598532065371131,0.1046471617448755,0.8354996317180114
25570,LOF,0.02832281227981168,0.12955975106482395,0.8421174366553644
25571,LOF,0.027273811503022348,0.13465490500090374,0.838071283496074
25572,LOF,0.06923728030618048,0.15065962102256128,0.7801030986712583
25573,LOF,0.06115739073319522,0.11942741466293219,0.8194151946038727
25574,LOF,0.0567665055462561,0.2573869659987603,0.6858465284549836
25575,LOF,0.02361283588721751,0.14097020772677965,0.8354169563860028
25576,LOF,0.028868932827416215,0.187434395097617,0.7836966720749667
25577,LOF,0.03191805305111831,0.14715079299894565,0.8209311539499361
25578,LOF,0.28670083919550393,0.13021142680091247,0.5830877340035836
25579,LOF,0.17929880032956896,0.12565823054482989,0.6950429691256013
25580,LOF,0.01990322390285408,0.10736615483042274,0.8727306212667231
25581,LOF,0.053559750947685926,0.09606922206029438,0.8503710269920197
25582,LOF,0.05313728855603529,0.09440358090944455,0.85245913053452
25583,LOF,0.022964734250752992,0.11608633025376171,0.8609489354954852
25584,Neutral,0.6644820665562029,0.15940490147780767,0.17611303196598949
25585,LOF,0.02285137078112048,0.1877513608968613,0.7893972683220183
25586,LOF,0.017531603129546366,0.09938226926970066,0.8830861276007529
25587,LOF,0.01759283623443359,0.09261260086564521,0.8897945628999211
25588,LOF,0.02054631539598821,0.1001473528603526,0.8793063317436591
25589,Neutral,0.4731538359951457,0.2693769205531184,0.2574692434517358
25590,LOF,0.05198832783357017,0.15152851498886838,0.7964831571775615
25591,LOF,0.09347393347374888,0.08411034768375815,0.822415718842493
25592,LOF,0.057121688380361794,0.19189833431152106,0.7509799773081172
25593,LOF,0.11609368302068832,0.3396438757208389,0.5442624412584729
25594,LOF,0.04411594016372705,0.10015784431860354,0.8557262155176695
25595,LOF,0.04226855909805546,0.06610374958890394,0.8916276913130405
25596,LOF,0.10040602640561036,0.030775923855922916,0.8688180497384667
25597,LOF,0.07926787528203014,0.04563727352798791,0.8750948511899819
25598,LOF,0.04211659386319296,0.0728377934762747,0.8850456126605323
25599,LOF,0.02366454340172186,0.4170744350279364,0.5592610215703417
25600,GOF,0.1983074514418904,0.4170856398053113,0.38460690875279824
25601,LOF,0.040523181852519116,0.35484845748190746,0.6046283606655734
25602,LOF,0.035170491226206545,0.06029096684475308,0.9045385419290404
25603,LOF,0.03827683021499717,0.042095804807406524,0.9196273649775962
25604,LOF,0.03579681392759533,0.08805978322731756,0.8761434028450871
25605,LOF,0.03495631814910476,0.20772448748919578,0.7573191943616994
25606,LOF,0.4063466706962913,0.13683681942559245,0.4568165098781163
25607,LOF,0.029040020129660303,0.1930743943393892,0.7778855855309504
25608,LOF,0.03825580567430752,0.0865902968587663,0.8751538974669262
25609,GOF,0.14977074624951198,0.5202983324179588,0.3299309213325293
25610,LOF,0.014121664870003837,0.04538555955078566,0.9404927755792104
25611,LOF,0.01216704082692594,0.047800748531949835,0.9400322106411242
25612,LOF,0.04140311605850102,0.07384730645562665,0.8847495774858722
25613,LOF,0.040082557047154965,0.06817158103139695,0.8917458619214481
25614,LOF,0.019920748123111554,0.04054515607876317,0.9395340957981253
25615,LOF,0.04637603337091981,0.05778390725511197,0.8958400593739683
25616,LOF,0.04571693052358049,0.04362232780561771,0.9106607416708018
25617,LOF,0.03799348479047334,0.052995973484631684,0.9090105417248949
25618,LOF,0.040762688953211695,0.06134424522230434,0.897893065824484
25619,LOF,0.01163346066494116,0.0562314755436424,0.9321350637914165
25620,LOF,0.05540141947528587,0.05995558623809599,0.8846429942866181
25621,LOF,0.05495636027536705,0.05080165257498696,0.8942419871496459
25622,LOF,0.06044034900770671,0.05204317571012745,0.8875164752821658
25623,LOF,0.06620369491910343,0.0470826122593139,0.8867136928215826
25624,LOF,0.01619049324636833,0.054021929265210794,0.9297875774884208
25625,LOF,0.05966311635737213,0.05174320869337387,0.8885936749492539
25626,LOF,0.046174840695690715,0.06852907041103429,0.885296088893275
25627,Neutral,0.8825790461626563,0.02423582385657017,0.09318512998077372
25628,LOF,0.14364504519907204,0.06667472189860595,0.789680232902322
25629,LOF,0.06924011764618755,0.05746480231456672,0.8732950800392458
25630,LOF,0.28481097794979987,0.08338804255798171,0.6318009794922185
25631,Neutral,0.5254667789183398,0.08343424435208019,0.3910989767295801
25632,LOF,0.024625542260409045,0.06948049976561387,0.9058939579739771
25633,LOF,0.19147989633757354,0.0516765911874727,0.7568435124749537
25634,LOF,0.034895477970671,0.10378600306606021,0.8613185189632687
25635,LOF,0.03346738363672788,0.05349876474452832,0.9130338516187438
25636,LOF,0.03866175524310459,0.4482243405065968,0.5131139042502986
25637,GOF,0.07422648077203024,0.5138083522858745,0.4119651669420952
25638,LOF,0.03211886445633345,0.37597090025954394,0.5919102352841227
25639,LOF,0.02964580008470544,0.3997079220783432,0.5706462778369514
25640,Neutral,0.8420139276302934,0.1102058774973114,0.04778019487239539
25641,GOF,0.0933235593179937,0.4858919493985221,0.4207844912834842
25642,LOF,0.0781917334906426,0.174109344171306,0.7476989223380515
25643,LOF,0.24453949191546795,0.12958161298473508,0.625878895099797
25644,LOF,0.024248584903216498,0.48422888361240385,0.49152253148437963
25645,LOF,0.028954990667366343,0.4205027476183542,0.5505422617142793
25646,LOF,0.05732675326877526,0.30620508356911463,0.6364681631621101
25647,LOF,0.02971155322219728,0.24894809604587714,0.7213403507319256
25648,LOF,0.0332177125782037,0.25897446168384464,0.7078078257379516
25649,LOF,0.019662375978710976,0.21490504680677128,0.7654325772145177
25650,LOF,0.05459713248646861,0.39804033213316126,0.54736253538037
25651,LOF,0.021676175811870115,0.2687635922204217,0.7095602319677081
25652,LOF,0.031901291819157775,0.2583758081370779,0.7097229000437643
25653,LOF,0.09013091655047721,0.42057530520643677,0.4892937782430859
25654,LOF,0.021925102382057464,0.22702702958895937,0.7510478680289832
25655,GOF,0.23660359669952719,0.42641992197830664,0.33697648132216623
25656,LOF,0.3773572597279034,0.10458337504804474,0.5180593652240518
25657,LOF,0.0646109619807244,0.09166966601632674,0.8437193720029489
25658,LOF,0.37383090336012487,0.10926006221040911,0.5169090344294659
25659,Neutral,0.5183527272535592,0.13335081969058968,0.34829645305585105
25660,LOF,0.022871154749079574,0.09679121709153934,0.880337628159381
25661,LOF,0.09636264198629588,0.061712786751227364,0.8419245712624767
25662,LOF,0.03306886580862693,0.03229854087361931,0.9346325933177537
25663,LOF,0.0398824950582324,0.04483199774728816,0.9152855071944794
25664,LOF,0.13735355766686652,0.0654654130532394,0.7971810292798941
25665,LOF,0.06325362220855037,0.02980722734922409,0.9069391504422256
25666,LOF,0.09380261493966258,0.06601063246546829,0.8401867525948691
25667,LOF,0.07583348802046698,0.040191768145703265,0.8839747438338298
25668,LOF,0.03604105775571546,0.04961810118457578,0.9143408410597087
25669,LOF,0.029930921373087324,0.044748390232030345,0.9253206883948824
25670,LOF,0.1543122474789955,0.055770475557013505,0.789917276963991
25671,LOF,0.11642613867749689,0.033822452337280276,0.8497514089852228
25672,LOF,0.05143206572170292,0.044336840313173975,0.9042310939651231
25673,LOF,0.07966623218097035,0.050470438645483576,0.8698633291735461
25674,LOF,0.06921387000886367,0.06104351070005167,0.8697426192910847
25675,LOF,0.10845713772866578,0.06419787959475116,0.8273449826765831
25676,LOF,0.018776158432062137,0.05165268912079402,0.9295711524471438
25677,LOF,0.024283640747453962,0.06883383974382085,0.9068825195087252
25678,LOF,0.22564804112569192,0.06906725672315175,0.7052847021511564
25679,LOF,0.12399233071972522,0.07205006698536107,0.8039576022949136
25680,LOF,0.032506598828034465,0.121364958231942,0.8461284429400235
25681,LOF,0.04797677098482378,0.11077486724766718,0.8412483617675091
25682,LOF,0.1487388567562208,0.07066862343832626,0.7805925198054529
25683,LOF,0.1193299887669331,0.08503750191122182,0.795632509321845
25684,LOF,0.040823778475632566,0.06702226946070479,0.8921539520636625
25685,LOF,0.13084809682729032,0.07818277347079663,0.790969129701913
25686,LOF,0.08992790173115706,0.10428722248151413,0.8057848757873288
25687,LOF,0.13217761104860457,0.11119563520045056,0.7566267537509449
25688,LOF,0.34857365771030646,0.047827867448570476,0.603598474841123
25689,LOF,0.2689474616742854,0.05450637820192401,0.6765461601237905
25690,LOF,0.32719871325941696,0.0426746730847054,0.6301266136558777
25691,Neutral,0.7087485758068272,0.035175334516306,0.2560760896768668
25692,LOF,0.3452177187398309,0.011905641901805108,0.6428766393583639
25693,LOF,0.04239410216120638,0.45786404456321683,0.49974185327557685
25694,LOF,0.12326775962431896,0.017465138375457528,0.8592671020002234
25695,LOF,0.11545556251268556,0.015678103642977097,0.8688663338443373
25696,LOF,0.1483791159576179,0.01153442162680131,0.8400864624155808
25697,LOF,0.08721179058411706,0.051019614804617384,0.8617685946112655
25698,LOF,0.34048470770899697,0.16944771453199223,0.4900675777590107
25699,Neutral,0.5100880644924549,0.04065756962877492,0.4492543658787701
25700,LOF,0.07738709773556098,0.009961727320595316,0.9126511749438436
25701,LOF,0.20333468226073434,0.045672399093081545,0.750992918646184
25702,GOF,0.17296650118891788,0.5987176315448093,0.22831586726627282
25703,LOF,0.01734812961606698,0.15018934768927786,0.8324625226946551
25704,LOF,0.03848250218072761,0.1044178250996192,0.8570996727196533
25705,LOF,0.04993905739560061,0.1582454054692261,0.7918155371351733
25706,LOF,0.09954409414782532,0.4007290133913444,0.49972689246083024
25707,LOF,0.08429636357307788,0.36116391545898896,0.5545397209679331
25708,LOF,0.03601167617432251,0.3315643872431438,0.6324239365825338
25709,LOF,0.07254721041407051,0.05041274403974103,0.8770400455461885
25710,LOF,0.011340031965478168,0.17605865441371832,0.8126013136208036
25711,LOF,0.02117991818967005,0.09104306953800978,0.8877770122723201
25712,LOF,0.013955932463995133,0.21287357984003538,0.7731704876959695
25713,LOF,0.018190792506992834,0.08489964285316866,0.8969095646398385
25714,LOF,0.08186876929105222,0.0885105979935648,0.829620632715383
25715,LOF,0.011432490658009997,0.1543090506549519,0.8342584586870381
25716,LOF,0.0118317094577739,0.11210670924711048,0.8760615812951156
25717,LOF,0.015712471698292176,0.08068273336671197,0.9036047949349958
25718,LOF,0.011480586519551939,0.10303575994748176,0.8854836535329663
25719,LOF,0.020484195510862266,0.08830163458144527,0.8912141699076924
25720,LOF,0.023981478256360142,0.0796281900649397,0.8963903316787001
25721,LOF,0.01350574027962382,0.1233752508098856,0.8631190089104906
25722,LOF,0.014427995497706373,0.1310485993460321,0.8545234051562615
25723,LOF,0.024088404853972154,0.05528519573247758,0.9206263994135503
25724,LOF,0.03255085262754356,0.09907638212581756,0.8683727652466389
25725,LOF,0.01147367859058521,0.09087505335760394,0.897651268051811
25726,LOF,0.015167043351707515,0.12760443503378388,0.8572285216145087
25727,LOF,0.012191691114962332,0.09357565093525913,0.8942326579497785
25728,LOF,0.010147193878156442,0.11920751524928527,0.8706452908725583
25729,LOF,0.010319493507446698,0.12083079322693527,0.868849713265618
25730,LOF,0.013601830802673503,0.0966670888810243,0.8897310803163021
25731,LOF,0.019047875512333685,0.11416151403015386,0.8667906104575124
25732,LOF,0.013331645036216205,0.08630212949073192,0.9003662254730518
25733,LOF,0.016493461385254492,0.08149171677291613,0.9020148218418294
25734,LOF,0.010263497568991866,0.13819431346895203,0.8515421889620561
25735,LOF,0.011939890893294799,0.09267374351750916,0.895386365589196
25736,LOF,0.013079550341657083,0.11055718762942507,0.8763632620289179
25737,LOF,0.012763513085783593,0.08353582576004984,0.9037006611541667
25738,LOF,0.012082793143157746,0.11989433961944161,0.8680228672374006
25739,LOF,0.020737691705378807,0.08487160835864542,0.8943906999359758
25740,LOF,0.028029548504560138,0.13115057941386113,0.8408198720815787
25741,LOF,0.015178160370259718,0.13547107305736322,0.8493507665723772
25742,LOF,0.1281568321081136,0.09076844668743629,0.7810747212044501
25743,LOF,0.035167325155118244,0.06081424330568076,0.904018431539201
25744,Neutral,0.5202180650761006,0.27753350558987194,0.2022484293340275
25745,LOF,0.05598306053131076,0.08779572337599421,0.8562212160926951
25746,LOF,0.039137506532589926,0.10961471379263421,0.8512477796747758
25747,LOF,0.018007019572716203,0.07735251022966542,0.9046404701976183
25748,LOF,0.10100368517722454,0.11992843238233417,0.7790678824404412
25749,LOF,0.024023065023161802,0.09895621324751042,0.8770207217293278
25750,LOF,0.06637060639592901,0.10673121649517292,0.8268981771088981
25751,LOF,0.07796648456726649,0.14703491214087475,0.7749986032918588
25752,GOF,0.12136821957831151,0.611988367136093,0.26664341328559554
25753,LOF,0.022861108058894186,0.26810692507459444,0.7090319668665113
25754,GOF,0.013650896748138365,0.7886292680323456,0.1977198352195161
25755,LOF,0.02635531094429613,0.38265095922166686,0.5909937298340369
25756,LOF,0.05351684604063481,0.3572523983531693,0.589230755606196
25757,GOF,0.01907702318317777,0.8341372853897341,0.14678569142708825
25758,GOF,0.028093080776649897,0.7938037021774752,0.17810321704587492
25759,GOF,0.01144881622272518,0.6026458099587712,0.38590537381850365
25760,LOF,0.01345486018093365,0.2839800677472221,0.7025650720718443
25761,GOF,0.27936382080214067,0.6174666741392768,0.10316950505858254
25762,LOF,0.046558097275068926,0.2713357418910733,0.6821061608338578
25763,LOF,0.014710944406524505,0.21782639278056104,0.7674626628129144
25764,GOF,0.07634821396125291,0.6339930950177354,0.28965869102101177
25765,GOF,0.035239731605214764,0.7278401561802238,0.23692011221456144
25766,GOF,0.07743775725249871,0.741095415387191,0.18146682736031017
25767,GOF,0.1393372602391709,0.5271133739914906,0.33354936576933847
25768,LOF,0.10165876190827836,0.05471743798707851,0.843623800104643
25769,LOF,0.0659918278967966,0.06329190471370992,0.8707162673894935
25770,LOF,0.3573065382329746,0.11031978457358027,0.5323736771934452
25771,LOF,0.04912537261489408,0.050552206783881996,0.9003224206012238
25772,LOF,0.01855848071358231,0.04800192167501352,0.9334395976114042
25773,LOF,0.05193857810886779,0.08893003349181165,0.8591313883993206
25774,LOF,0.028626913997939468,0.08892223903840106,0.8824508469636595
25775,LOF,0.04960164366510152,0.05608050322203183,0.8943178531128667
25776,LOF,0.07953838218776682,0.02852893629228879,0.8919326815199444
25777,LOF,0.3691537178774776,0.06425411836368367,0.5665921637588388
25778,LOF,0.07831652987673661,0.04894552721986204,0.8727379429034015
25779,GOF,0.3702689009566288,0.5858653686488715,0.04386573039449965
25780,GOF,0.3401232832408399,0.5771817659234068,0.08269495083575333
25781,GOF,0.1166741998833966,0.7696873966452523,0.11363840347135101
25782,GOF,0.18666954433223693,0.7247017005592873,0.08862875510847583
25783,GOF,0.021117783543316043,0.6248158411909271,0.35406637526575674
25784,Neutral,0.5089272479057935,0.44929189225286786,0.041780859841338745
25785,Neutral,0.4873146018879804,0.4753644570199579,0.037320941092061785
25786,GOF,0.0291783830172673,0.7692546865390375,0.2015669304436952
25787,Neutral,0.6632778805887067,0.31331359894385596,0.023408520467437376
25788,LOF,0.057727501433355845,0.10133503623605364,0.8409374623305904
25789,GOF,0.22512885925605436,0.651891512162117,0.1229796285818287
25790,GOF,0.21404416727902115,0.6862349448420034,0.0997208878789753
25791,GOF,0.17518462218411454,0.6876653106560587,0.13715006715982683
25792,GOF,0.3848642043264514,0.5110068962516301,0.10412889942191852
25793,GOF,0.2577911982949034,0.5526180812480501,0.18959072045704642
25794,GOF,0.347774806465667,0.5087381050122375,0.1434870885220954
25795,GOF,0.09003484192342716,0.6438822308034768,0.266082927273096
25796,Neutral,0.5762578160683223,0.3474168544158744,0.07632532951580329
25797,GOF,0.09825455778832613,0.5337197352366226,0.3680257069750512
25798,GOF,0.009438440374922431,0.5186919562270002,0.4718696033980774
25799,LOF,0.00749721730494782,0.4023992424839457,0.5901035402111064
25800,GOF,0.03715817420952533,0.6104811946705138,0.352360631119961
25801,GOF,0.22742880256420098,0.6571656759528317,0.1154055214829673
25802,GOF,0.06392014741493146,0.6963570586706986,0.23972279391436999
25803,GOF,0.03974411906113782,0.5736630942817615,0.3865927866571005
25804,GOF,0.03519432156208514,0.5080012065314663,0.4568044719064486
25805,GOF,0.10210288714123415,0.6084716019852214,0.28942551087354446
25806,GOF,0.1084608183378692,0.6045012692698457,0.28703791239228515
25807,GOF,0.02291181845220366,0.6093614419500941,0.36772673959770225
25808,GOF,0.09791497655145909,0.6206703423049702,0.2814146811435707
25809,GOF,0.020941205172706964,0.6157717512818927,0.3632870435454003
25810,GOF,0.02013121892140083,0.6365380783249694,0.3433307027536297
25811,Neutral,0.4984422358730295,0.43598365592353944,0.06557410820343097
25812,GOF,0.03851224778387918,0.6365009108848508,0.3249868413312699
25813,Neutral,0.5363824681215738,0.36251792102046276,0.10109961085796364
25814,GOF,0.13804291623774526,0.6458716421018522,0.21608544166040247
25815,GOF,0.21625266588653558,0.6036644110089738,0.18008292310449053
25816,GOF,0.022510204391411315,0.6910973041156272,0.2863924914929614
25817,GOF,0.25049399826144286,0.6139612431585788,0.13554475857997839
25818,GOF,0.06684700922342615,0.5916707685698059,0.3414822222067679
25819,GOF,0.3897910970642042,0.46831933289318795,0.14188957004260774
25820,GOF,0.17827382280433438,0.6025604913794936,0.2191656858161719
25821,GOF,0.06373372051095247,0.676197159941615,0.2600691195474325
25822,GOF,0.23891361217810164,0.5203612964397547,0.2407250913821436
25823,GOF,0.031361535190202676,0.509940096802882,0.4586983680069152
25824,GOF,0.09428464119925477,0.5569075724378941,0.3488077863628512
25825,GOF,0.03367276881537971,0.5568991613562122,0.40942806982840807
25826,GOF,0.011686615335137273,0.5276393505705276,0.4606740340943352
25827,GOF,0.024973570283680406,0.5968042653763945,0.37822216433992506
25828,GOF,0.014946937261885259,0.5198451064479245,0.4652079562901903
25829,GOF,0.007097556579758184,0.5792263683205899,0.41367607509965193
25830,LOF,0.03937264524999372,0.29600150176942014,0.6646258529805862
25831,GOF,0.21099779012269443,0.6461325456521879,0.14286966422511763
25832,GOF,0.03194036369478835,0.6557653466510843,0.31229428965412737
25833,GOF,0.13195505059042892,0.6802585794584405,0.18778636995113057
25834,GOF,0.04063302537070324,0.6718034950037907,0.2875634796255061
25835,GOF,0.09734013563555631,0.7220840763353709,0.18057578802907276
25836,GOF,0.04538220662239187,0.6636470951631186,0.2909706982144895
25837,GOF,0.027336097293357946,0.5517518636462191,0.42091203906042307
25838,GOF,0.09055735063524499,0.7369390711313408,0.17250357823341417
25839,GOF,0.309178820574001,0.5470889239666539,0.14373225545934512
25840,GOF,0.2369659791500167,0.6041826185336701,0.15885140231631334
25841,GOF,0.2512358647577674,0.5921611910001745,0.15660294424205806
25842,GOF,0.21031479243126372,0.6447666144712949,0.1449185930974414
25843,GOF,0.26660907954276936,0.6323196017664534,0.10107131869077726
25844,GOF,0.08196010693523752,0.689624120845759,0.22841577221900358
25845,LOF,0.017090440178933377,0.46733484793852914,0.5155747118825375
25846,GOF,0.12421461507658173,0.6923156006368663,0.18346978428655195
25847,GOF,0.12538262124460442,0.7634195552229882,0.11119782353240724
25848,GOF,0.04142149059826641,0.6976350982301148,0.2609434111716188
25849,GOF,0.012127093428389888,0.5748555581673006,0.4130173484043096
25850,GOF,0.022649201617761808,0.6479921526243213,0.3293586457579169
25851,GOF,0.018029895473366964,0.5480858106497942,0.43388429387683874
25852,GOF,0.17121395245154292,0.5566221695518222,0.2721638779966348
25853,GOF,0.39682799829556337,0.5442125673927231,0.058959434311713604
25854,GOF,0.02493101016301448,0.6483394964160105,0.32672949342097496
25855,GOF,0.04127729273112778,0.5805995330014521,0.37812317426742015
25856,GOF,0.27085091766100244,0.5272556525473625,0.20189342979163508
25857,GOF,0.04123172159490872,0.5179557118543008,0.4408125665507906
25858,GOF,0.018712600896140876,0.5572142070353019,0.4240731920685572
25859,GOF,0.011197456218926493,0.5402369949873242,0.44856554879374927
25860,GOF,0.39058726881426464,0.5370017655229954,0.07241096566274001
25861,GOF,0.43988572127200376,0.4904362071725017,0.0696780715554947
25862,GOF,0.10708701227910536,0.7622989714311025,0.13061401628979222
25863,GOF,0.10396096285554086,0.7738984877826163,0.12214054936184277
25864,GOF,0.2027188415569373,0.7194372171658043,0.07784394127725834
25865,GOF,0.09186423784679554,0.7954703179897885,0.11266544416341598
25866,GOF,0.07197994224098624,0.8043421139986672,0.12367794376034644
25867,GOF,0.09568245802096001,0.8040537572486952,0.1002637847303447
25868,GOF,0.2890366893530389,0.6253849418749636,0.08557836877199754
25869,Neutral,0.6911030644854406,0.2712830250732029,0.037613910441356625
25870,GOF,0.31949370037944474,0.34562003266070895,0.3348862669598463
25871,GOF,0.21485382287152874,0.6230849487690272,0.16206122835944406
25872,GOF,0.08883071564827864,0.6451809558067475,0.2659883285449738
25873,GOF,0.15668838940525676,0.6376334943634385,0.20567811623130466
25874,LOF,0.018492473721969768,0.10619815115302539,0.8753093751250048
25875,LOF,0.09900772302568452,0.03725717296272686,0.8637351040115887
25876,LOF,0.03730660794058982,0.04102450690394431,0.921668885155466
25877,Neutral,0.4956086138267147,0.039029399691262234,0.46536198648202315
25878,LOF,0.21290173424874195,0.06863485772230962,0.7184634080289484
25879,LOF,0.08710811370403798,0.07420666345868127,0.8386852228372808
25880,LOF,0.023215198389459332,0.019354264301398128,0.9574305373091425
25881,LOF,0.19482274749536466,0.10944506296548649,0.6957321895391487
25882,LOF,0.06805629134375238,0.015145439227155562,0.916798269429092
25883,LOF,0.0909854478997739,0.016625753642748962,0.892388798457477
25884,LOF,0.0391878193655745,0.027582086899973483,0.9332300937344521
25885,LOF,0.06577893511832686,0.010215407839910526,0.9240056570417625
25886,LOF,0.34757771319290387,0.0284467611509644,0.6239755256561317
25887,LOF,0.1594509252131879,0.06522417518409138,0.7753248996027207
25888,LOF,0.06938623577728845,0.05546086397107688,0.8751529002516347
25889,LOF,0.04753385253445834,0.017969775083492134,0.9344963723820496
25890,LOF,0.05325113733872341,0.11513548994857042,0.8316133727127062
25891,LOF,0.047681123534120844,0.045344819152548524,0.9069740573133306
25892,LOF,0.09850555857589144,0.022120181429544486,0.879374259994564
25893,LOF,0.2633190769461437,0.0170589371909521,0.7196219858629043
25894,LOF,0.18141619762922223,0.009977511635959405,0.8086062907348185
25895,LOF,0.20907681441073178,0.01954942506357665,0.7713737605256915
25896,LOF,0.048376465906183115,0.02088074426440697,0.9307427898294098
25897,LOF,0.23879046395007048,0.012586552017546639,0.7486229840323829
25898,Neutral,0.6917073493505611,0.009676775984404334,0.2986158746650346
25899,LOF,0.2143208721891549,0.023762153887560474,0.7619169739232845
25900,LOF,0.435148910784007,0.020009824737715974,0.5448412644782771
25901,LOF,0.05594436791406927,0.013248365254057709,0.930807266831873
25902,LOF,0.1666457926976279,0.012994856052758094,0.820359351249614
25903,Neutral,0.5298531764637063,0.03502012130569695,0.43512670223059663
25904,LOF,0.27559263333494477,0.047207922329526426,0.6771994443355287
25905,LOF,0.022829906315515538,0.32912891248244586,0.6480411812020387
25906,LOF,0.02083466788608568,0.06825056758098108,0.9109147645329333
25907,LOF,0.014022740757497975,0.3293128468960302,0.6566644123464719
25908,LOF,0.010241831843025982,0.24254122195158165,0.7472169462053925
25909,LOF,0.012251945345225975,0.14132527683743695,0.8464227778173371
25910,LOF,0.05138949253389596,0.13274169479611506,0.815868812669989
25911,LOF,0.16707550037787494,0.03208988694229317,0.8008346126798319
25912,LOF,0.0413728827569319,0.044544711706080445,0.9140824055369877
25913,LOF,0.2979248877338619,0.02353321759493423,0.6785418946712038
25914,LOF,0.019090708091615567,0.1327132584037723,0.8481960335046123
25915,Neutral,0.4261181849909477,0.36679968078842085,0.2070821342206315
25916,LOF,0.062004533894898545,0.4384225017428313,0.49957296436227006
25917,LOF,0.05460516101456667,0.0871504098102903,0.858244429175143
25918,LOF,0.02575387817268686,0.08073098329009173,0.8935151385372214
25919,LOF,0.02109910666493473,0.08648035146984474,0.8924205418652206
25920,GOF,0.11214035103874662,0.5398404367118721,0.3480192122493812
25921,LOF,0.026121122012330474,0.031210000700539666,0.9426688772871299
25922,LOF,0.03624621910862685,0.021428995817828953,0.9423247850735442
25923,LOF,0.4080957158074397,0.026112837692043287,0.5657914465005169
25924,LOF,0.03483997595407533,0.04239134808445994,0.9227686759614647
25925,LOF,0.06892605453308469,0.0333239380227739,0.8977500074441415
25926,LOF,0.04966116788509033,0.026948984159292446,0.9233898479556172
25927,LOF,0.07047688105674597,0.0857200870793909,0.8438030318638631
25928,LOF,0.02078244997274907,0.045612820629550195,0.9336047293977007
25929,Neutral,0.5472622031902867,0.027975383855023104,0.4247624129546902
25930,LOF,0.05568196035722528,0.022234164309146005,0.9220838753336288
25931,LOF,0.028064505931594746,0.02530862107211365,0.9466268729962916
25932,LOF,0.028186585033040234,0.02220897221614868,0.9496044427508111
25933,LOF,0.03776893414883467,0.016243918196709218,0.9459871476544562
25934,LOF,0.02403782912924036,0.019596703284382695,0.9563654675863771
25935,LOF,0.05826796156029103,0.03900017769616868,0.9027318607435402
25936,LOF,0.04767394908902062,0.02332327493721902,0.9290027759737605
25937,LOF,0.02915892629415253,0.033329571482783364,0.937511502223064
25938,LOF,0.06317508119461258,0.04118038977307573,0.8956445290323116
25939,LOF,0.03845394421359335,0.014575944590122809,0.9469701111962839
25940,LOF,0.029367815287149757,0.4055387174841743,0.5650934672286759
25941,LOF,0.20150503604153666,0.08898870530781582,0.7095062586506474
25942,LOF,0.017444536843648474,0.029415618667211634,0.9531398444891398
25943,LOF,0.32368331344707285,0.052688807173822044,0.623627879379105
25944,Neutral,0.49237732434008136,0.02531092643617122,0.4823117492237473
25945,LOF,0.07249180476388684,0.02186792806722044,0.9056402671688927
25946,LOF,0.026811290857268806,0.1468860469083142,0.8263026622344171
25947,LOF,0.10895515726674979,0.22581729905254527,0.6652275436807049
25948,LOF,0.4074428857475195,0.010768755316510472,0.5817883589359701
25949,LOF,0.09443785334129902,0.04713358126918681,0.8584285653895143
25950,GOF,0.25141521163620745,0.4336986087576006,0.3148861796061919
25951,LOF,0.2712283016955336,0.23529695622616514,0.49347474207830133
25952,LOF,0.04319246872731777,0.4472782648153936,0.5095292664572886
25953,LOF,0.1504196084628418,0.12038204283843196,0.7291983486987262
25954,Neutral,0.4260785847267988,0.19838977400962243,0.3755316412635787
25955,LOF,0.0625057654028751,0.08555995166257958,0.8519342829345453
25956,LOF,0.18204965549223562,0.10171515481667201,0.7162351896910923
25957,LOF,0.03690278201291899,0.03583416685263973,0.9272630511344413
25958,LOF,0.061773706441192906,0.025979372984175898,0.9122469205746313
25959,LOF,0.08236005348369677,0.32288873415784475,0.5947512123584585
25960,LOF,0.02006560651787919,0.0513205016948485,0.9286138917872724
25961,LOF,0.05009649324374922,0.027059505942622717,0.922844000813628
25962,LOF,0.0526743653164539,0.030235209730550744,0.9170904249529953
25963,LOF,0.044739934674715036,0.18972947936129392,0.765530585963991
25964,LOF,0.03807669936368461,0.13748565792199835,0.8244376427143171
25965,Neutral,0.47722602048618523,0.10012907244194505,0.42264490707186986
25966,Neutral,0.4548491213413879,0.10894993114956077,0.4362009475090514
25967,LOF,0.013123608860614066,0.06834340119117109,0.918532989948215
25968,GOF,0.02953553133664443,0.49131785954072776,0.4791466091226278
25969,LOF,0.025413181253886814,0.05932185136779917,0.915264967378314
25970,LOF,0.06325139897829414,0.058682201736413156,0.8780663992852927
25971,LOF,0.0754690003105543,0.01581824267340446,0.9087127570160412
25972,LOF,0.07460288965296741,0.019746019313868362,0.9056510910331643
25973,LOF,0.09451225567235799,0.0075244073705548154,0.8979633369570873
25974,LOF,0.20907097216346426,0.015074714085900616,0.7758543137506351
25975,LOF,0.055658737946807355,0.02567776299807849,0.9186634990551142
25976,LOF,0.048734682254765925,0.012675480235525125,0.938589837509709
25977,LOF,0.16062483744878425,0.09459537890360195,0.7447797836476139
25978,LOF,0.16365189789973025,0.0525616744767492,0.7837864276235205
25979,LOF,0.1457911474394492,0.05660823103143373,0.7976006215291169
25980,LOF,0.2133093977679057,0.07175353189748937,0.7149370703346049
25981,LOF,0.24711104823032304,0.06986056888516856,0.6830283828845083
25982,LOF,0.39299636606867966,0.045184200817173684,0.5618194331141466
25983,LOF,0.38589130399434246,0.04994056474760566,0.5641681312580519
25984,LOF,0.05577833720481834,0.04725377971637724,0.8969678830788044
25985,LOF,0.028721126670506074,0.22807455197362878,0.7432043213558652
25986,LOF,0.041496490102830616,0.2773722441380506,0.6811312657591189
25987,LOF,0.08998285583580164,0.060840545615680135,0.8491765985485181
25988,LOF,0.14536330833062472,0.053198626155412446,0.8014380655139629
25989,LOF,0.030658729586710703,0.09636220832139471,0.8729790620918945
25990,LOF,0.03816040344243995,0.12063711054778405,0.841202486009776
25991,LOF,0.1904455767543304,0.2576799593822207,0.5518744638634488
25992,LOF,0.38069417219027973,0.13053608311967677,0.4887697446900434
25993,LOF,0.02207008337777178,0.0721909584199092,0.905738958202319
25994,LOF,0.01639125990377729,0.10869931053260737,0.8749094295636154
25995,LOF,0.024439017538444466,0.1818989568518117,0.7936620256097437
25996,GOF,0.3093363013077293,0.41063001661462356,0.28003368207764706
25997,LOF,0.10046654701646611,0.4400540965368654,0.45947935644666854
25998,Neutral,0.5408006301251049,0.02818624116889142,0.4310131287060037
25999,LOF,0.10574818266326867,0.11616211176149646,0.7780897055752348
26000,LOF,0.15524939492248602,0.031593043976834385,0.8131575611006795
26001,LOF,0.20352679632202522,0.03194699861463011,0.7645262050633447
26002,LOF,0.1187340188873862,0.03409225795405976,0.8471737231585541
26003,GOF,0.010497173534725953,0.5665245032610935,0.42297832320418044
26004,GOF,0.020290916427647326,0.6354752926978616,0.3442337908744911
26005,LOF,0.00797870084322471,0.4383668826849143,0.5536544164718609
26006,Neutral,0.5314125657182861,0.21504765923901875,0.25353977504269515
26007,GOF,0.022174726155321595,0.5188492570363026,0.4589760168083757
26008,GOF,0.02164165233925117,0.5820007088085846,0.3963576388521643
26009,GOF,0.023358177213646296,0.6072858711782784,0.36935595160807533
26010,GOF,0.02814561599726003,0.611552122748764,0.3603022612539759
26011,LOF,0.007506136716333351,0.4246756420566861,0.5678182212269806
26012,GOF,0.0174577525951476,0.5379710538289244,0.44457119357592806
26013,GOF,0.022737158255601932,0.5932122782894138,0.38405056345498423
26014,LOF,0.03804470939385105,0.14808539878722646,0.8138698918189226
26015,LOF,0.21739170046633957,0.008564709302746543,0.774043590230914
26016,LOF,0.24442915962873518,0.04237765485975353,0.7131931855115112
26017,LOF,0.2661825146547715,0.06350389407370208,0.6703135912715263
26018,LOF,0.10050182203466855,0.03124594412430542,0.868252233841026
26019,LOF,0.09488702075629968,0.0237794795986627,0.8813334996450376
26020,LOF,0.07040676548433801,0.0962781639210607,0.8333150705946013
26021,LOF,0.050841404491166524,0.10312462990575143,0.8460339656030821
26022,LOF,0.011965781524786332,0.039335483020213446,0.9486987354550002
26023,LOF,0.12599928904713034,0.019955246650588798,0.8540454643022808
26024,LOF,0.031223757849340887,0.09969480946314206,0.8690814326875171
26025,LOF,0.17401578195829528,0.0760987973372079,0.7498854207044969
26026,LOF,0.3471410742002653,0.01960313502894257,0.6332557907707922
26027,LOF,0.09068604518880467,0.014302413449305022,0.8950115413618902
26028,LOF,0.16033323252722473,0.07204417844060063,0.7676225890321747
26029,LOF,0.07651169432483514,0.20161491025690206,0.7218733954182628
26030,LOF,0.02801675784814137,0.06329653027261783,0.9086867118792408
26031,LOF,0.032384136410874884,0.15863116798280144,0.8089846956063237
26032,LOF,0.07265254514142186,0.06758396117921182,0.8597634936793663
26033,LOF,0.13376265341205035,0.08433591625039152,0.7819014303375581
26034,LOF,0.048918669201520076,0.1693328982945632,0.7817484325039168
26035,LOF,0.029404723109398106,0.16110289543152048,0.8094923814590813
26036,LOF,0.04246402613811339,0.19638152420264712,0.7611544496592395
26037,LOF,0.02419779021231169,0.13285976430045304,0.8429424454872352
26038,LOF,0.06718100019195315,0.06950166169614751,0.8633173381118994
26039,LOF,0.0563116938880573,0.16509354832471237,0.7785947577872302
26040,LOF,0.21820559846727677,0.1431527434824568,0.6386416580502664
26041,LOF,0.024616938139023145,0.12079818120751983,0.8545848806534571
26042,LOF,0.024768045509239358,0.11445260609993937,0.8607793483908214
26043,LOF,0.067071472110111,0.08424706324359671,0.8486814646462922
26044,LOF,0.022672679116827358,0.07518055625887017,0.9021467646243024
26045,LOF,0.0732075038409008,0.10722315484232713,0.8195693413167722
26046,LOF,0.06870380545783732,0.08367875654241698,0.8476174379997458
26047,LOF,0.09619108767675646,0.0951242976194986,0.808684614703745
26048,LOF,0.052952854675312834,0.05660445578039976,0.8904426895442875
26049,Neutral,0.9577268989425658,0.008735113896511345,0.03353798716092284
26050,Neutral,0.9425332277376338,0.011306977439296248,0.04615979482306988
26051,LOF,0.04536008981318381,0.3503342984307444,0.6043056117560717
26052,LOF,0.07293962907214105,0.3541431294945014,0.5729172414333575
26053,LOF,0.060495032613383674,0.11061007545408381,0.8288948919325325
26054,LOF,0.056261269105653135,0.018139917812329997,0.9255988130820169
26055,LOF,0.07983657879712124,0.014142212212244043,0.9060212089906348
26056,LOF,0.06550466324137791,0.015593771532687322,0.9189015652259348
26057,LOF,0.03155254508426336,0.01075999719200474,0.9576874577237319
26058,LOF,0.03300829195295339,0.008262912448421304,0.9587287955986253
26059,LOF,0.3333579185654158,0.0261231398885569,0.6405189415460273
26060,LOF,0.03209338123272506,0.15766072258617791,0.810245896181097
26061,LOF,0.017928476243676366,0.009911103131064396,0.9721604206252593
26062,LOF,0.011547794613834242,0.018908718001358606,0.9695434873848071
26063,LOF,0.02313500627962142,0.01221359213466156,0.964651401585717
26064,LOF,0.024960546987254847,0.018603993975971754,0.9564354590367735
26065,LOF,0.026345152875964527,0.01179077682091365,0.9618640703031218
26066,LOF,0.022331581530008842,0.01132626392796443,0.9663421545420268
26067,LOF,0.028551078834716196,0.008324334940471897,0.9631245862248119
26068,LOF,0.04795506401341907,0.03276543694258516,0.9192794990439959
26069,LOF,0.27643157451107986,0.020345483752467107,0.703222941736453
26070,LOF,0.4113078998891602,0.015732494870887265,0.5729596052399525
26071,LOF,0.025551524775869347,0.013088491649898204,0.9613599835742324
26072,LOF,0.02253828400404183,0.016954539224929482,0.9605071767710286
26073,LOF,0.026723356888983398,0.010927271144530926,0.9623493719664857
26074,Neutral,0.9146707301736968,0.005254105103807492,0.08007516472249572
26075,LOF,0.04640027353436719,0.013796823345180245,0.9398029031204527
26076,LOF,0.04764806192263188,0.008554066502467518,0.9437978715749005
26077,LOF,0.009440775220468265,0.01790554025593848,0.9726536845235934
26078,LOF,0.014946705331854838,0.009167339697091518,0.9758859549710536
26079,LOF,0.061789642780476675,0.01622456576432489,0.9219857914551984
26080,LOF,0.06076035837091674,0.016240409397091007,0.9229992322319923
26081,LOF,0.04018996578493799,0.006099698761669095,0.9537103354533928
26082,LOF,0.01712116912730692,0.014133968821671464,0.9687448620510216
26083,LOF,0.13525401885097682,0.011403297404531793,0.8533426837444913
26084,LOF,0.03043929987614166,0.011927510585260766,0.9576331895385976
26085,LOF,0.02495151216359779,0.011414943900999019,0.9636335439354031
26086,LOF,0.026628107204707378,0.01222234075413739,0.9611495520411553
26087,LOF,0.028906601716260978,0.00801677071248782,0.9630766275712512
26088,LOF,0.016025817286722827,0.024976198033917384,0.9589979846793597
26089,LOF,0.045500455478985596,0.02207428717886422,0.9324252573421501
26090,LOF,0.04448442391526811,0.01733336513718899,0.938182210947543
26091,LOF,0.03978777303307694,0.006187949491527608,0.9540242774753953
26092,LOF,0.02816457812569919,0.007890198534284217,0.9639452233400165
26093,LOF,0.04260197495003128,0.0055593416930405665,0.9518386833569282
26094,LOF,0.043981949815238,0.006559180544291555,0.9494588696404703
26095,LOF,0.04483315473532897,0.012085976611887579,0.9430808686527834
26096,LOF,0.020566038497586703,0.009642518412028385,0.9697914430903849
26097,LOF,0.012855888822314716,0.03384996061033918,0.953294150567346
26098,LOF,0.07378884240103468,0.009496413127766097,0.9167147444711992
26099,LOF,0.025918382538879667,0.011688232008596759,0.9623933854525235
26100,LOF,0.027840981790008084,0.011169341338171046,0.9609896768718209
26101,LOF,0.058112252501215114,0.011036930741755102,0.9308508167570297
26102,LOF,0.02666096238555855,0.012881667499147284,0.9604573701152941
26103,Neutral,0.8910038473074017,0.016236458454767705,0.09275969423783065
26104,LOF,0.07646357817946944,0.025640433190032647,0.8978959886304978
26105,LOF,0.19518908576645813,0.2717057374911839,0.533105176742358
26106,LOF,0.21222494476569342,0.1229594733943986,0.664815581839908
26107,LOF,0.24696685410151115,0.07711714122865292,0.675916004669836
26108,LOF,0.22632762442136314,0.1141124482378225,0.6595599273408144
26109,LOF,0.1057229571438854,0.08501349930895336,0.8092635435471612
26110,LOF,0.26412736277723126,0.006900360493708619,0.7289722767290602
26111,Neutral,0.4914668051274963,0.018694056511187614,0.4898391383613162
26112,LOF,0.034000304358151684,0.008106908069961522,0.9578927875718869
26113,LOF,0.05162674900612569,0.014905626111964353,0.9334676248819098
26114,LOF,0.027956449060794624,0.025876862003447795,0.9461666889357575
26115,LOF,0.09443396900703896,0.0674407420926541,0.838125288900307
26116,LOF,0.06613531857063867,0.05435531796861025,0.879509363460751
26117,LOF,0.424263482759618,0.04995605758949236,0.5257804596508896
26118,LOF,0.035723650753680294,0.025705245929895107,0.9385711033164247
26119,LOF,0.023159103684896595,0.0349392571762956,0.9419016391388079
26120,LOF,0.029971790745311883,0.02619235491375681,0.9438358543409314
26121,LOF,0.0494464361475456,0.08121164749568882,0.8693419163567657
