feature0,prediction,LoGoFunc_Neutral,LoGoFunc_GOF,LoGoFunc_LOF
25546,Neutral,0.6115741383165598,0.05336620873460566,0.33505965294883455
25547,Neutral,0.4692606840555197,0.09132546086469125,0.43941385507978914
25548,Neutral,0.48480088452663883,0.07445329777544989,0.4407458176979113
25549,LOF,0.4327197111308335,0.07375524352840723,0.4935250453407593
25550,LOF,0.35925354260576675,0.1073919358025691,0.5333545215916641
25551,LOF,0.2963437503195103,0.12369993364536204,0.5799563160351277
25552,LOF,0.26202000562815797,0.12589904257193427,0.6120809517999078
25553,Neutral,0.7899080371942139,0.043368292140161836,0.16672367066562438
25554,LOF,0.3008239835610376,0.11262794469047159,0.5865480717484908
25555,LOF,0.2579072943826812,0.10646441304105535,0.6356282925762634
25556,LOF,0.45121246467336834,0.09005826509750146,0.45872927022913007
25557,LOF,0.24543184096591333,0.11350351448334511,0.6410646445507415
25558,LOF,0.3067046778779967,0.10703507588097012,0.5862602462410331
25559,LOF,0.2906509586485253,0.16005108394601322,0.5492979574054614
25560,LOF,0.17410705054825262,0.11737508654066887,0.7085178629110784
25561,LOF,0.1740882469536542,0.14119395219427422,0.6847178008520716
25562,LOF,0.07727785746870425,0.08267370959190026,0.8400484329393956
25563,LOF,0.028611853000228275,0.12494346708911082,0.846444679910661
25564,LOF,0.20650342511435346,0.11768057902773785,0.6758159958579087
25565,LOF,0.21821457410850656,0.1499914126053216,0.6317940132861719
25566,GOF,0.08250384049129292,0.6704029984981408,0.24709316101056622
25567,LOF,0.04434542159897734,0.1759664009522108,0.7796881774488119
25568,LOF,0.06466324487687669,0.10431197650079597,0.8310247786223273
25569,LOF,0.060262065885775554,0.10575676953166141,0.833981164582563
25570,LOF,0.028567196487715812,0.1245600172682194,0.8468727862440647
25571,LOF,0.027417213804316703,0.1377646791842446,0.8348181070114387
25572,LOF,0.06441064545109966,0.1582800583381227,0.7773092962107776
25573,LOF,0.05639379103550254,0.12472084373637554,0.8188853652281219
25574,LOF,0.05965533055281878,0.27352648272952645,0.6668181867176547
25575,LOF,0.023837041432593815,0.14995063599331593,0.8262123225740903
25576,LOF,0.029511553872551777,0.19213845502471055,0.7783499911027376
25577,LOF,0.03276747094470698,0.14708794148420465,0.8201445875710884
25578,LOF,0.29984483650089944,0.12485111034988756,0.5753040531492131
25579,LOF,0.1355435990737245,0.1310403626057195,0.733416038320556
25580,LOF,0.021364367929779755,0.10355894866990516,0.8750766834003152
25581,LOF,0.0514462906645946,0.09875990580633084,0.8497938035290745
25582,LOF,0.05119942843365212,0.09575309870203831,0.8530474728643096
25583,LOF,0.02445949822745484,0.11119551653548841,0.8643449852370567
25584,Neutral,0.6724988459809865,0.16040732646227746,0.16709382755673605
25585,LOF,0.02254811882659158,0.19015338403826432,0.7872984971351442
25586,LOF,0.017653934022972287,0.09499145534180355,0.8873546106352241
25587,LOF,0.017595871087122465,0.08799710335826044,0.8944070255546172
25588,LOF,0.02053862078489216,0.09625735464635281,0.8832040245687551
25589,Neutral,0.46471883959996363,0.27418553337909046,0.26109562702094596
25590,LOF,0.053724191574658055,0.14717586110796946,0.7990999473173724
25591,LOF,0.09871510670530313,0.08347142048515714,0.8178134728095396
25592,LOF,0.057167483270949865,0.18561348900241112,0.757219027726639
25593,LOF,0.11824387614544807,0.3243780366790524,0.5573780871754995
25594,LOF,0.04566476033348293,0.10557870434510018,0.8487565353214169
25595,LOF,0.04839798494787609,0.07106165743568939,0.8805403576164345
25596,LOF,0.09889795654351007,0.03798674922219211,0.8631152942342979
25597,LOF,0.0843283602617227,0.049130704591347364,0.86654093514693
25598,LOF,0.04501016850918962,0.07380644103210826,0.8811833904587021
25599,LOF,0.021372745660172724,0.4589926801914406,0.5196345741483865
25600,GOF,0.17805931444067283,0.4479708806867997,0.3739698048725275
25601,LOF,0.037784258551298786,0.351388470971649,0.6108272704770523
25602,LOF,0.03650232511555463,0.060462738892603646,0.9030349359918416
25603,LOF,0.03377356478062712,0.03782745412982847,0.9283989810895446
25604,LOF,0.04038560333205224,0.08021669893467795,0.8793976977332698
25605,LOF,0.033258161530939884,0.1988480874552337,0.7678937510138265
25606,LOF,0.38901477351747,0.12595491309679732,0.48503031338573277
25607,LOF,0.03151724284494919,0.17300918319674444,0.7954735739583063
25608,LOF,0.03679373608648471,0.09907479530662897,0.8641314686068864
25609,GOF,0.14236073951473405,0.5365177461779753,0.32112151430729063
25610,LOF,0.015223208358592947,0.046258631796711004,0.938518159844696
25611,LOF,0.012895261377071025,0.04564118335317148,0.9414635552697576
25612,LOF,0.044048076123530726,0.0736861557165715,0.8822657681598978
25613,LOF,0.04053539118750323,0.069839463004105,0.8896251458083917
25614,LOF,0.02105087451648317,0.04184471830276046,0.9371044071807563
25615,LOF,0.04289639366045202,0.07417306033365505,0.8829305460058929
25616,LOF,0.04506427510200082,0.04382130436888902,0.9111144205291101
25617,LOF,0.03797099067980394,0.05376566215671124,0.9082633471634848
25618,LOF,0.04247641793800791,0.057353578386041854,0.9001700036759502
25619,LOF,0.01207965150584843,0.0556734135978669,0.9322469348962847
25620,LOF,0.05516553522531306,0.06163120588062456,0.8832032588940623
25621,LOF,0.054015839804161414,0.06246389895061641,0.8835202612452221
25622,LOF,0.06267863374874147,0.05942758158682172,0.8778937846644368
25623,LOF,0.06399852430855327,0.05476259473955132,0.8812388809518954
25624,LOF,0.01669814702413722,0.056190177104773066,0.9271116758710897
25625,LOF,0.05787987053732159,0.05956260045921548,0.882557529003463
25626,LOF,0.045021645095033244,0.06403642751596259,0.8909419273890041
25627,Neutral,0.8802595110373864,0.023876379506259093,0.0958641094563545
25628,LOF,0.14610468987025607,0.06565893740428612,0.7882363727254579
25629,LOF,0.06853649151723694,0.05131144045005201,0.8801520680327111
25630,LOF,0.2683427101454801,0.07770003642769796,0.653957253426822
25631,Neutral,0.5355088281190941,0.07062299034723381,0.39386818153367215
25632,LOF,0.0283239908807023,0.07174435328247927,0.8999316558368184
25633,LOF,0.15252175641716556,0.042591561508138275,0.8048866820746962
25634,LOF,0.033970993242670985,0.0910246504044123,0.8750043563529166
25635,LOF,0.03544573099455492,0.04415190032371526,0.9204023686817298
25636,LOF,0.03470389508501112,0.4576555127057817,0.5076405922092071
25637,GOF,0.07506051836361458,0.5278341597616356,0.3971053218747498
25638,LOF,0.0329053927781159,0.3652108741070696,0.6018837331148146
25639,LOF,0.0304657524852344,0.3901154152822317,0.579418832232534
25640,Neutral,0.8511954407514061,0.10155763314927439,0.047246926099319596
25641,GOF,0.07142986076259879,0.49270823268924524,0.43586190654815604
25642,LOF,0.05919251625552345,0.18585098832079014,0.7549564954236864
25643,LOF,0.20859243112965106,0.11614013287377742,0.6752674359965715
25644,LOF,0.02618036880111063,0.4832205148203491,0.49059911637854026
25645,LOF,0.0280735484617344,0.42568309862465314,0.5462433529136125
25646,LOF,0.06781304755472367,0.33296048432682934,0.5992264681184469
25647,LOF,0.027973603872688713,0.27995268391203776,0.6920737122152736
25648,LOF,0.03456171078386101,0.27872286337292745,0.6867154258432117
25649,LOF,0.018904083606915294,0.23374721279179178,0.7473487036012929
25650,LOF,0.06000990052433435,0.42152450695168586,0.5184655925239797
25651,LOF,0.020847740760478052,0.29219451156266607,0.6869577476768558
25652,LOF,0.03445437440316174,0.2741799319030257,0.6913656936938125
25653,LOF,0.09377202070731604,0.44086918432536404,0.46535879496731997
25654,LOF,0.02117048804085473,0.2293192059760211,0.7495103059831242
25655,GOF,0.25244787171703215,0.42215316918641516,0.3253989590965527
25656,LOF,0.384484549475462,0.08960215974768868,0.5259132907768493
25657,LOF,0.06515120539548334,0.08319197603307808,0.8516568185714385
25658,LOF,0.39447571874258036,0.08811997665837752,0.5174043045990422
25659,Neutral,0.5133721733956813,0.12966456160479595,0.3569632649995227
25660,LOF,0.022814377742315067,0.08952862565761116,0.8876569966000737
25661,LOF,0.09354667035688705,0.06035569490133177,0.8460976347417812
25662,LOF,0.035652186730599326,0.03268934198694969,0.9316584712824509
25663,LOF,0.0430855636154057,0.04429588544492784,0.9126185509396665
25664,LOF,0.14066805711461275,0.06764839373596405,0.7916835491494232
25665,LOF,0.05972615972087817,0.03202943938525877,0.9082444008938632
25666,LOF,0.10380819192796295,0.06123723995708052,0.8349545681149566
25667,LOF,0.07045373996122235,0.04064947804716069,0.8888967819916169
25668,LOF,0.03625716572940462,0.051067126665028585,0.9126757076055667
25669,LOF,0.03144107387632255,0.04529478354241843,0.923264142581259
25670,LOF,0.14776915114997088,0.05345825422415303,0.798772594625876
25671,LOF,0.12068642406783643,0.033814318450340206,0.8454992574818233
25672,LOF,0.051026705635612166,0.04637237087679736,0.9026009234875905
25673,LOF,0.08577108218374657,0.04840775413840634,0.865821163677847
25674,LOF,0.07231941903603646,0.058780666169668434,0.868899914794295
25675,LOF,0.11737646277203204,0.05891682467174009,0.823706712556228
25676,LOF,0.02005244067622124,0.05244598149350895,0.9275015778302698
25677,LOF,0.025064023822909655,0.0675138584930509,0.9074221176840394
25678,LOF,0.20073885329999924,0.06697061534174754,0.7322905313582532
25679,LOF,0.1206187244927184,0.08765612157565372,0.7917251539316279
25680,LOF,0.033341010590113664,0.11954004351025031,0.847118945899636
25681,LOF,0.04949413526328685,0.11335761648966237,0.8371482482470507
25682,LOF,0.13826180988474224,0.07317698203171702,0.7885612080835408
25683,LOF,0.11856757220174408,0.08783266290451314,0.7935997648937428
25684,LOF,0.041772524492559485,0.06286555384656015,0.8953619216608804
25685,LOF,0.14421288544028296,0.060425751508111906,0.7953613630516052
25686,LOF,0.08032755860322086,0.09659470421257073,0.8230777371842084
25687,LOF,0.12106797890449372,0.10330004202891173,0.7756319790665946
25688,LOF,0.3501184544709664,0.05471557988155314,0.5951659656474805
25689,LOF,0.25748050722149946,0.05843720134994268,0.6840822914285579
25690,LOF,0.34170419808309677,0.04266586452953674,0.6156299373873665
25691,Neutral,0.7261146669730006,0.03444011135465122,0.23944522167234814
25692,LOF,0.357668266207406,0.010849404009841562,0.6314823297827524
25693,LOF,0.047081061218446706,0.4328518963013728,0.5200670424801805
25694,LOF,0.12139464390147868,0.017518959852181888,0.8610863962463395
25695,LOF,0.11241133558930237,0.016415263314619098,0.8711734010960784
25696,LOF,0.1314236559423811,0.011910529546089935,0.856665814511529
25697,LOF,0.08931417924377986,0.05247603780538306,0.858209782950837
25698,LOF,0.34540313103501075,0.15230163248662706,0.5022952364783622
25699,Neutral,0.5133846268089184,0.04271294100068425,0.4439024321903974
25700,LOF,0.07874900664999657,0.010488706366380003,0.9107622869836234
25701,LOF,0.2019324022110292,0.053032509190614766,0.745035088598356
25702,GOF,0.1660945575607784,0.5868484798961752,0.24705696254304643
25703,LOF,0.01521580121958563,0.16216495154291036,0.8226192472375041
25704,LOF,0.038812708011969024,0.10628444411175932,0.8549028478762716
25705,LOF,0.050946372288128365,0.16139568162674828,0.7876579460851233
25706,LOF,0.11327583239181345,0.41964101546746885,0.4670831521407178
25707,LOF,0.09076442035553123,0.3599169029480089,0.54931867669646
25708,LOF,0.03554982650554004,0.3323437858587111,0.6321063876357488
25709,LOF,0.0685549461266225,0.045690743241724265,0.8857543106316531
25710,LOF,0.011752374494505351,0.16629590671899208,0.8219517187865025
25711,LOF,0.02086543956556498,0.0941565300730875,0.8849780303613475
25712,LOF,0.014252349792009806,0.20438943000066734,0.7813582202073229
25713,LOF,0.018486101445889393,0.09271056871494646,0.8888033298391641
25714,LOF,0.07884862944059148,0.0942458151630265,0.826905555396382
25715,LOF,0.011694678122561605,0.14680981457960915,0.8414955072978292
25716,LOF,0.011022147083616467,0.11572025116433403,0.8732576017520495
25717,LOF,0.015072462766747362,0.07606980947493154,0.9088577277583211
25718,LOF,0.011714453092219254,0.10585164040238279,0.882433906505398
25719,LOF,0.019691845096768218,0.08489446261182229,0.8954136922914095
25720,LOF,0.02492569306786188,0.06991848810244215,0.9051558188296961
25721,LOF,0.013703970640476258,0.1330481218144582,0.8532479075450655
25722,LOF,0.014340090208999266,0.13842640007959725,0.8472335097114035
25723,LOF,0.02352322792993093,0.050218058449916995,0.9262587136201521
25724,LOF,0.03321877238793804,0.0866572287542246,0.8801239988578374
25725,LOF,0.011856539137968773,0.07953475395305533,0.9086087069089759
25726,LOF,0.016095028621343866,0.10737497484502974,0.8765299965336263
25727,LOF,0.011953363151917367,0.0836998386268248,0.9043467982212579
25728,LOF,0.010240320955907836,0.11940502711655317,0.870354651927539
25729,LOF,0.01036839087257117,0.11903505482595844,0.8705965543014704
25730,LOF,0.013918031055703047,0.10257507047731325,0.8835068984669838
25731,LOF,0.020440037949527833,0.10638895843453951,0.8731710036159328
25732,LOF,0.014606776533583082,0.08544356559746316,0.8999496578689538
25733,LOF,0.015856846596225695,0.07815670208302208,0.9059864513207522
25734,LOF,0.01008721168557481,0.13013785518279658,0.8597749331316287
25735,LOF,0.012223485675881017,0.08959289809938152,0.8981836162247375
25736,LOF,0.013226205378759744,0.10697383802148373,0.8797999565997565
25737,LOF,0.012741312972233554,0.07875228809960413,0.9085063989281623
25738,LOF,0.012154170124500862,0.11664545402476861,0.8712003758507304
25739,LOF,0.0207852233317129,0.09003404495239578,0.8891807317158912
25740,LOF,0.026650382031447043,0.13186564524038402,0.841483972728169
25741,LOF,0.015154428677277844,0.1300369826430205,0.8548085886797016
25742,LOF,0.1322582193931703,0.08985625518868645,0.7778855254181433
25743,LOF,0.03750372649037076,0.055507689903432696,0.9069885836061965
25744,Neutral,0.5297497432137046,0.26286252692473705,0.20738772986155818
25745,LOF,0.05778393947349675,0.08474576306448242,0.8574702974620209
25746,LOF,0.04003579411148774,0.10143588040379482,0.8585283254847175
25747,LOF,0.019673220286716798,0.07948125691728315,0.900845522796
25748,LOF,0.08258165247432911,0.12394334817440299,0.7934749993512679
25749,LOF,0.025453936360039873,0.10428200287403068,0.8702640607659294
25750,LOF,0.07261839573649556,0.10136613730191535,0.826015466961589
25751,LOF,0.08099249830502771,0.14774822291813292,0.7712592787768393
25752,GOF,0.10935325258952265,0.6310517273794642,0.2595950200310131
25753,LOF,0.022496493781849928,0.2672232973264825,0.7102802088916675
25754,GOF,0.013485091523400584,0.7890497928084448,0.19746511566815475
25755,LOF,0.025560369359568628,0.38623868604648615,0.5882009445939451
25756,LOF,0.05372376354214485,0.3459242672723861,0.6003519691854691
25757,GOF,0.019342374442311322,0.8213790327706932,0.1592785927869954
25758,GOF,0.030248096834604242,0.8049658691455226,0.1647860340198732
25759,GOF,0.010513398466242498,0.5919231863125055,0.39756341522125205
25760,LOF,0.014068001139687971,0.2660837571188227,0.7198482417414893
25761,GOF,0.2729550881013337,0.6236508738591382,0.10339403803952807
25762,LOF,0.04852954363651538,0.24886245594109802,0.7026080004223867
25763,LOF,0.015308404787161854,0.20352243141416623,0.781169163798672
25764,GOF,0.08712889364414031,0.6181180926894517,0.29475301366640805
25765,GOF,0.03571791456377556,0.7382991497446852,0.22598293569153924
25766,GOF,0.07148086619046848,0.728892063639616,0.1996270701699155
25767,GOF,0.15043142732379028,0.5460675394219048,0.303501033254305
25768,LOF,0.10671879509134485,0.06242018693986019,0.830861017968795
25769,LOF,0.059296556410648064,0.07097244654035452,0.8697309970489975
25770,LOF,0.30989722836991096,0.11464724586866447,0.5754555257614246
25771,LOF,0.04727238772397761,0.05517342721599954,0.8975541850600228
25772,LOF,0.019651337826290118,0.048152788995444916,0.9321958731782649
25773,LOF,0.04430554991880399,0.1120981710850277,0.8435962789961683
25774,LOF,0.027449217594940765,0.09056646051087348,0.8819843218941859
25775,LOF,0.04919611834026104,0.05195461261749283,0.8988492690422462
25776,LOF,0.07812482880133022,0.028717478031762105,0.8931576931669077
25777,LOF,0.34736237865374614,0.06573024166073117,0.5869073796855228
25778,LOF,0.06953484063546671,0.056658544166582434,0.8738066151979508
25779,GOF,0.35627312968352454,0.5995900523967732,0.04413681791970208
25780,GOF,0.35059272481906545,0.5804183631203563,0.06898891206057839
25781,GOF,0.11624394661857404,0.77502456826043,0.10873148512099584
25782,GOF,0.1847021258509391,0.7226211302179679,0.09267674393109293
25783,GOF,0.021689424358746788,0.6496862730610989,0.3286243025801544
25784,Neutral,0.49525896250104257,0.4655429285935063,0.039198108905450973
25785,GOF,0.46840066897605637,0.4947938158336145,0.03680551519032928
25786,GOF,0.02960806924807077,0.7481555843215987,0.22223634643033058
25787,Neutral,0.6494105766572035,0.32813768247785485,0.022451740864941696
25788,LOF,0.0644042614097664,0.11121588798611416,0.8243798506041194
25789,GOF,0.2148240625569928,0.6604747471661769,0.12470119027683013
25790,GOF,0.2132360995892743,0.6898874258538817,0.09687647455684406
25791,GOF,0.1618088608930716,0.6860886148610287,0.1521025242458997
25792,GOF,0.3556736996969432,0.5229597770175667,0.12136652328549015
25793,GOF,0.27223682089043366,0.5163161361273907,0.21144704298217568
25794,GOF,0.3270290446207167,0.5182933090874247,0.1546776462918586
25795,GOF,0.0929976098005966,0.6625131106903185,0.24448927950908492
25796,Neutral,0.549620100683991,0.37822237264858627,0.0721575266674227
25797,GOF,0.09567763740074092,0.5454071905594203,0.35891517203983875
25798,GOF,0.009187429351907956,0.5314186076696833,0.4593939629784087
25799,LOF,0.007564501301268151,0.42907488793802,0.5633606107607119
25800,GOF,0.03968862632684052,0.6219576505957052,0.3383537230774542
25801,GOF,0.2252061673179064,0.6702435648967098,0.10455026778538379
25802,GOF,0.06256450876945603,0.7140752112372865,0.22336027999325747
25803,GOF,0.03717640366497166,0.598474444345714,0.36434915198931445
25804,GOF,0.035168911149464556,0.5300769210137238,0.43475416783681153
25805,GOF,0.09804901127353402,0.6205027410142013,0.2814482477122646
25806,GOF,0.11727343792945999,0.6170841600292172,0.2656424020413228
25807,GOF,0.02067061743050593,0.6348471375827767,0.34448224498671737
25808,GOF,0.08401964763755157,0.6546330965487894,0.2613472558136591
25809,GOF,0.02074292831573387,0.6197551221695846,0.3595019495146815
25810,GOF,0.01946287454802674,0.63624097610847,0.3442961493435033
25811,Neutral,0.4808459744028837,0.4564398406456948,0.06271418495142159
25812,GOF,0.035236369712904426,0.6549212296621286,0.3098424006249669
25813,Neutral,0.5058969181196453,0.4016377108401394,0.0924653710402152
25814,GOF,0.10979040339928764,0.6746262655939398,0.2155833310067724
25815,GOF,0.1899722907489837,0.6394357170355397,0.1705919922154766
25816,GOF,0.01970729429843965,0.694899742812301,0.2853929628892593
25817,GOF,0.2371517067722749,0.6393330369467378,0.12351525628098739
25818,GOF,0.05443290532205881,0.6540677257438018,0.29149936893413936
25819,GOF,0.37370779871637444,0.48671355375723907,0.1395786475263865
25820,GOF,0.1571910452325329,0.6178892583746018,0.2249196963928652
25821,GOF,0.054111986037222816,0.6825509957006042,0.263337018262173
25822,GOF,0.23642125023794555,0.5495288499700793,0.21404989979197514
25823,GOF,0.02732959928343375,0.5240746583041739,0.44859574241239225
25824,GOF,0.07470496821624448,0.5760694247634017,0.3492256070203538
25825,GOF,0.02780078310209916,0.5621663478197254,0.4100328690781754
25826,GOF,0.0105365459257568,0.5408389296880936,0.4486245243861496
25827,GOF,0.021035801870825994,0.6075580187581162,0.3714061793710579
25828,GOF,0.012577268965867217,0.5330359843331521,0.4543867467009807
25829,GOF,0.006321564388815824,0.5704946548444462,0.42318378076673796
25830,LOF,0.04151862776764234,0.3230058921865775,0.6354754800457801
25831,GOF,0.2132244580496765,0.6515853247991105,0.13519021715121293
25832,GOF,0.03043211555273328,0.6825690447985745,0.28699883964869227
25833,GOF,0.13383541075818706,0.6928441243692508,0.1733204648725621
25834,GOF,0.04009780603660416,0.6927059160687996,0.26719627789459616
25835,GOF,0.08684250971537262,0.744857921949005,0.16829956833562226
25836,GOF,0.044232580458139326,0.674874874857364,0.28089254468449665
25837,GOF,0.025797535230650023,0.5443060930086494,0.42989637176070056
25838,GOF,0.08767786585471378,0.7348645520835634,0.17745758206172288
25839,GOF,0.29639633892459555,0.5553119566221737,0.14829170445323078
25840,GOF,0.22331334869366082,0.6103088542146324,0.1663777970917066
25841,GOF,0.25817537877958535,0.587179402632303,0.1546452185881116
25842,GOF,0.1864816359507123,0.6805714211414764,0.1329469429078114
25843,GOF,0.2633487125237559,0.6442531700356915,0.09239811744055251
25844,GOF,0.0678716864025804,0.7037017722159592,0.22842654138146043
25845,LOF,0.016399219075586943,0.4898078015314655,0.4937929793929476
25846,GOF,0.125337869250238,0.707898113325113,0.1667640174246491
25847,GOF,0.11460468148375395,0.7803254227814521,0.10506989573479401
25848,GOF,0.03647963306114275,0.6831490671360011,0.2803712998028561
25849,GOF,0.010593424289514871,0.5705909006038239,0.41881567510666123
25850,GOF,0.023080802299291107,0.6613953200176983,0.3155238776830106
25851,GOF,0.017343529838264843,0.5521507477539922,0.4305057224077431
25852,GOF,0.17906415302956288,0.5544584504164898,0.2664773965539474
25853,GOF,0.36679976293674554,0.573567888685287,0.05963234837796745
25854,GOF,0.021679742656444102,0.6456948231540329,0.33262543418952306
25855,GOF,0.03548596232368296,0.5917222406605389,0.372791797015778
25856,GOF,0.2583699703515002,0.5420929055844275,0.19953712406407237
25857,GOF,0.03341918982788985,0.5238695778380991,0.442711232334011
25858,GOF,0.017278164773945066,0.5633845521973484,0.4193372830287065
25859,GOF,0.009744755514508926,0.5473986070386265,0.4428566374468645
25860,GOF,0.40989970329938175,0.5146328550225616,0.07546744167805669
25861,GOF,0.4232653032959289,0.505293074524435,0.07144162217963618
25862,GOF,0.09495929312521108,0.7753576018659192,0.1296831050088697
25863,GOF,0.089804839981859,0.7776755570004302,0.1325196030177108
25864,GOF,0.1899055150959422,0.7253939131138978,0.08470057179015994
25865,GOF,0.08440097375500069,0.8027176768684913,0.11288134937650805
25866,GOF,0.06580658138301881,0.8049887326428404,0.12920468597414084
25867,GOF,0.08593668763846375,0.8204187495659199,0.09364456279561637
25868,GOF,0.28205253992916296,0.6345744713468089,0.08337298872402826
25869,Neutral,0.6932874498969864,0.26913809434389396,0.037574455759119614
25870,GOF,0.3300115340666904,0.3595082336677365,0.3104802322655731
25871,GOF,0.21795841872740485,0.6260179026531546,0.1560236786194405
25872,GOF,0.09231276728743244,0.6537192765171205,0.2539679561954471
25873,GOF,0.15897176954444675,0.648379954388433,0.19264827606712032
25874,LOF,0.019590533702050224,0.11499182834378752,0.8654176379541623
25875,LOF,0.09777057381311997,0.033200548909824185,0.8690288772770558
25876,LOF,0.037019036568539984,0.044321271543460564,0.9186596918879995
25877,Neutral,0.5059852507418279,0.03984288258130149,0.4541718666768707
25878,LOF,0.2310920754484972,0.06618123797073627,0.7027266865807665
25879,LOF,0.08501209446382575,0.0780267549030678,0.8369611506331065
25880,LOF,0.022794477889104953,0.02012781156753186,0.9570777105433631
25881,LOF,0.18400279261261154,0.11061862383775971,0.7053785835496288
25882,LOF,0.06921580346466016,0.013764356305087638,0.9170198402302522
25883,LOF,0.08095936732259915,0.017075511404512942,0.901965121272888
25884,LOF,0.03810009760354059,0.025426246204729414,0.93647365619173
25885,LOF,0.07503850587414075,0.010158426601547192,0.914803067524312
25886,LOF,0.2673355278487436,0.0304660445747384,0.702198427576518
25887,LOF,0.16743247193195543,0.060129334446585664,0.7724381936214588
25888,LOF,0.06367728237615505,0.05754286260294769,0.8787798550208973
25889,LOF,0.050131483435177655,0.01736728512221903,0.9325012314426034
25890,LOF,0.05016204673957763,0.13385853715134208,0.8159794161090802
25891,LOF,0.048820247819601696,0.04248784031575401,0.9086919118646443
25892,LOF,0.09548212830598746,0.02172495794359042,0.8827929137504222
25893,LOF,0.2697805678606746,0.016780854699434897,0.7134385774398905
25894,LOF,0.1956809103057982,0.01041923913758026,0.7938998505566215
25895,LOF,0.2112140894267163,0.018601963930623473,0.7701839466426602
25896,LOF,0.04814437819285778,0.021057332791359004,0.9307982890157832
25897,LOF,0.25392387958414175,0.012703312826582871,0.7333728075892754
25898,Neutral,0.7238614110407818,0.010013472694078637,0.2661251162651396
25899,LOF,0.22674835608454558,0.02186738112202795,0.7513842627934265
25900,LOF,0.4369345857340727,0.016108732844779358,0.5469566814211478
25901,LOF,0.05696386652645175,0.011253671661247978,0.9317824618123003
25902,LOF,0.1691869305427658,0.011172353363910462,0.8196407160933237
25903,Neutral,0.5283839916906751,0.029509406073251095,0.4421066022360739
25904,LOF,0.29086836600756766,0.04601474554675442,0.663116888445678
25905,LOF,0.02336205193598843,0.3153168780264456,0.6613210700375659
25906,LOF,0.02281273010022773,0.06863462758417178,0.9085526423156005
25907,LOF,0.014787755226914686,0.3261758751984044,0.6590363695746809
25908,LOF,0.011438712391536227,0.24120462342605525,0.7473566641824084
25909,LOF,0.014682993099690362,0.12539968826504788,0.8599173186352618
25910,LOF,0.04646000199173761,0.1321121630783323,0.8214278349299301
25911,LOF,0.15157916605231508,0.03524438926469124,0.8131764446829937
25912,LOF,0.04556638633583018,0.04883941956644382,0.905594194097726
25913,LOF,0.29753732893034734,0.025204838286007166,0.6772578327836455
25914,LOF,0.01967111602569405,0.12268987490176153,0.8576390090725444
25915,Neutral,0.47028167384833164,0.3263473505734197,0.20337097557824876
25916,LOF,0.06760317561295617,0.38727435458060805,0.5451224698064359
25917,LOF,0.06071587441224826,0.08646620208090842,0.8528179235068434
25918,LOF,0.026284103301789468,0.0800641811495955,0.893651715548615
25919,LOF,0.021674182353706724,0.08764289514310424,0.890682922503189
25920,GOF,0.09248817792382817,0.49715827833506687,0.4103535437411049
25921,LOF,0.0258750486819404,0.027783463756615914,0.9463414875614437
25922,LOF,0.036402679686413975,0.01997464539465645,0.9436226749189296
25923,LOF,0.42161551193583974,0.024282432194345057,0.5541020558698152
25924,LOF,0.03570432063359156,0.037997373201047416,0.9262983061653611
25925,LOF,0.06583621925395684,0.030236790152321034,0.9039269905937221
25926,LOF,0.047088407293754034,0.02280851724338095,0.930103075462865
25927,LOF,0.06934709712171357,0.07912506964265542,0.8515278332356311
25928,LOF,0.019438699357408083,0.035820122870515905,0.944741177772076
25929,Neutral,0.5443910402047613,0.02631597880623949,0.4292929809889993
25930,LOF,0.05410853061638961,0.022511206895565933,0.9233802624880445
25931,LOF,0.02847867413362514,0.021555500401786505,0.9499658254645884
25932,LOF,0.02765750308342772,0.02302040718246616,0.9493220897341063
25933,LOF,0.0368138281723898,0.014561907014499935,0.9486242648131102
25934,LOF,0.02491326723953291,0.018108480447201508,0.9569782523132656
25935,LOF,0.057681158284056976,0.03641442235232962,0.9059044193636133
25936,LOF,0.04642410895354369,0.023273807838397265,0.9303020832080591
25937,LOF,0.02910041015446593,0.031074017954354428,0.9398255718911795
25938,LOF,0.06403887416755118,0.03547231270658352,0.9004888131258653
25939,LOF,0.038688449328769456,0.013793235102229805,0.9475183155690007
25940,LOF,0.03271865182386655,0.4089590449844184,0.558322303191715
25941,LOF,0.18307598801364888,0.1045550190070234,0.7123689929793278
25942,LOF,0.01796052033654519,0.028009026097649648,0.9540304535658052
25943,LOF,0.3225770199374477,0.058950551468232526,0.6184724285943197
25944,LOF,0.4745996198340319,0.02692834341837572,0.49847203674759244
25945,LOF,0.07020563347728215,0.021924786047979476,0.9078695804747384
25946,LOF,0.02501047042437729,0.11869857905086084,0.8562909505247618
25947,LOF,0.1172558658817057,0.22760363929168695,0.6551404948266073
25948,LOF,0.42879966824325944,0.011378633795410889,0.5598216979613296
25949,LOF,0.09591303138679709,0.05345815393193672,0.8506288146812662
25950,GOF,0.24523839769969633,0.41118974607730613,0.3435718562229976
25951,LOF,0.25403135880037103,0.2203604093070702,0.5256082318925588
25952,LOF,0.04366205729948187,0.42512000672613925,0.5312179359743789
25953,LOF,0.1266637763025413,0.1191249491160381,0.7542112745814207
25954,Neutral,0.42882520288456083,0.18120404043116128,0.38997075668427783
25955,LOF,0.05451276590045167,0.08973997897161265,0.8557472551279357
25956,LOF,0.17042893104511228,0.11378207729917454,0.7157889916557132
25957,LOF,0.03613295157852512,0.035450131761652265,0.9284169166598226
25958,LOF,0.058553339422766984,0.02698215700749968,0.9144645035697334
25959,LOF,0.07855400364586328,0.33615230944521957,0.5852936869089171
25960,LOF,0.019144503784057416,0.05136927438810701,0.9294862218278356
25961,LOF,0.04945457975518458,0.028421769803178593,0.9221236504416369
25962,LOF,0.055253832444566026,0.030607195056103705,0.9141389724993303
25963,LOF,0.04480866173958765,0.19294373814203145,0.7622476001183808
25964,LOF,0.03853875146058553,0.14786974903089423,0.8135914995085202
25965,LOF,0.45422019402392194,0.07921184599172622,0.46656795998435174
25966,Neutral,0.46889207334761335,0.10825726139490376,0.422850665257483
25967,LOF,0.012865540491014722,0.0628809141054284,0.924253545403557
25968,LOF,0.03186360260232273,0.4618987595270064,0.5062376378706709
25969,LOF,0.023462483605061556,0.05551456920776935,0.921022947187169
25970,LOF,0.05772138147140356,0.05043674570008426,0.8918418728285122
25971,LOF,0.07919203245818157,0.014409715553135187,0.9063982519886833
25972,LOF,0.0778522452277194,0.018424021196897823,0.9037237335753828
25973,LOF,0.08074553339824754,0.009033992646215764,0.9102204739555367
25974,LOF,0.19337015442584116,0.016216852883738458,0.7904129926904204
25975,LOF,0.05234742191135291,0.02973198915039169,0.9179205889382553
25976,LOF,0.04519818104386858,0.013576783067482247,0.9412250358886491
25977,LOF,0.17136851511349224,0.09215704371773131,0.7364744411687765
25978,LOF,0.1520868611309775,0.05495367631320982,0.7929594625558126
25979,LOF,0.14019126830746093,0.05582480120999948,0.8039839304825395
25980,LOF,0.2220603480770917,0.06953294267619772,0.7084067092467105
25981,LOF,0.25394092908720317,0.06728679140425406,0.6787722795085428
25982,LOF,0.4077893776347123,0.04928134652623971,0.542929275839048
25983,LOF,0.38665487515359415,0.05441244110882057,0.5589326837375853
25984,LOF,0.051298082983130724,0.045867931249431136,0.9028339857674381
25985,LOF,0.030066315071393995,0.22533096072836456,0.7446027242002415
25986,LOF,0.042453054299404984,0.24885388872646483,0.7086930569741302
25987,LOF,0.08678782350502881,0.070016660765291,0.8431955157296801
25988,LOF,0.13656000694358558,0.049597472661772384,0.813842520394642
25989,LOF,0.030805191351343415,0.09133038353789281,0.8778644251107637
25990,LOF,0.03818929967548331,0.12034641952878769,0.841464280795729
25991,LOF,0.19424278074525933,0.25220449635709463,0.553552722897646
25992,LOF,0.3842330141184661,0.12810677350006044,0.4876602123814735
25993,LOF,0.024645391785100775,0.07100753567162943,0.9043470725432697
25994,LOF,0.018345150548226448,0.10501282369928942,0.8766420257524842
25995,LOF,0.026229198564525883,0.20110013027879223,0.7726706711566818
25996,GOF,0.34178015792806093,0.41374376169725113,0.24447608037468793
25997,LOF,0.108712083436838,0.44284886578712795,0.4484390507760341
25998,Neutral,0.5276500468858484,0.028297279795961944,0.4440526733181897
25999,LOF,0.11275139573976595,0.1527233737923713,0.7345252304678627
26000,LOF,0.16515234202846818,0.027860309085290583,0.8069873488862412
26001,LOF,0.19378796839242107,0.030950718438648845,0.7752613131689301
26002,LOF,0.1273071845698037,0.032177681482443855,0.8405151339477526
26003,GOF,0.012097016156005558,0.5319430882045948,0.4559598956393997
26004,GOF,0.021356013784530833,0.5916644202404285,0.38697956597504063
26005,LOF,0.009123587692435979,0.4158439951086107,0.5750324171989534
26006,Neutral,0.5126495430084602,0.20672581513767624,0.2806246418538636
26007,GOF,0.023383974617316866,0.508557536188616,0.468058489194067
26008,GOF,0.020642303395990377,0.5616379501602268,0.4177197464437829
26009,GOF,0.024272464205017327,0.5890971907824877,0.38663034501249505
26010,GOF,0.027212594543747783,0.573996795762807,0.39879060969344515
26011,LOF,0.007832882039311416,0.4269033478012523,0.5652637701594363
26012,GOF,0.016007288727110696,0.5353870918618626,0.44860561941102667
26013,GOF,0.022421960295232083,0.5788327564886019,0.39874528321616615
26014,LOF,0.03933318841267479,0.1331851366066845,0.8274816749806407
26015,LOF,0.23291707691377977,0.008138264620834411,0.7589446584653858
26016,LOF,0.23401667914060745,0.03992441868623502,0.7260589021731576
26017,LOF,0.25465831394658317,0.07044538489368822,0.6748963011597287
26018,LOF,0.10114702894199785,0.03259510241690953,0.8662578686410927
26019,LOF,0.09582354410149627,0.02581283058404964,0.878363625314454
26020,LOF,0.06636114651918339,0.08600221676172912,0.8476366367190875
26021,LOF,0.044742833355227954,0.10560393509663235,0.8496532315481398
26022,LOF,0.011213566647702542,0.03774904518255065,0.9510373881697468
26023,LOF,0.12379644304148917,0.020922225931443217,0.8552813310270676
26024,LOF,0.027363036960768528,0.09833893642148442,0.874298026617747
26025,LOF,0.1639177899804679,0.1193207459255762,0.7167614640939559
26026,LOF,0.3346769603638413,0.026969786746851306,0.6383532528893073
26027,LOF,0.09390377626837391,0.015038147311176782,0.8910580764204493
26028,LOF,0.15494767595679018,0.06865140574363299,0.7764009182995768
26029,LOF,0.07994541642757769,0.18224015538727223,0.73781442818515
26030,LOF,0.02958349704001533,0.059229881631578864,0.9111866213284059
26031,LOF,0.03432798629462328,0.1346638443003457,0.8310081694050311
26032,LOF,0.07039925043513004,0.060652330528360374,0.8689484190365095
26033,LOF,0.13144166556984296,0.07667590476585782,0.7918824296642991
26034,LOF,0.0508200431455258,0.14933328496249287,0.7998466718919813
26035,LOF,0.032138817801302774,0.13876996253876914,0.829091219659928
26036,LOF,0.046834349476882024,0.17119007571460576,0.7819755748085123
26037,LOF,0.02574106490252795,0.11272313678837102,0.861535798309101
26038,LOF,0.06527481387136519,0.06465688999894509,0.8700682961296897
26039,LOF,0.06025550968907521,0.14409442320095348,0.7956500671099712
26040,LOF,0.213627875334096,0.12782031809892905,0.6585518065669749
26041,LOF,0.027422464030678908,0.10643843170195284,0.8661391042673684
26042,LOF,0.026482399249396778,0.09897144977854776,0.8745461509720553
26043,LOF,0.06450464292293909,0.07795834636016728,0.8575370107168937
26044,LOF,0.025056266756742565,0.07513677029761195,0.8998069629456455
26045,LOF,0.08178318718589667,0.08931953653044768,0.8288972762836556
26046,LOF,0.06651126837862481,0.07539983787053106,0.8580888937508442
26047,LOF,0.09098615441833371,0.07905879005946645,0.8299550555221998
26048,LOF,0.05957851957845525,0.04731785773986648,0.8931036226816783
26049,Neutral,0.9593424836006672,0.00763248507410779,0.03302503132522492
26050,Neutral,0.9440836752626872,0.01012639050915534,0.045789934228157386
26051,LOF,0.045073404143986966,0.3392775744675532,0.6156490213884599
26052,LOF,0.0660028309389175,0.36785543934128334,0.5661417297197993
26053,LOF,0.05419898969011665,0.15105050092401853,0.7947505093858649
26054,LOF,0.058267741512064146,0.018644679346155824,0.92308757914178
26055,LOF,0.07332372037707463,0.015219877627908355,0.911456401995017
26056,LOF,0.06034174884927565,0.016966967047703153,0.9226912841030213
26057,LOF,0.033596321862125085,0.011961146256778177,0.9544425318810968
26058,LOF,0.035082144616509436,0.00919778320951485,0.9557200721739757
26059,LOF,0.30983158083769985,0.02504995606785363,0.6651184630944466
26060,LOF,0.027409221387791068,0.18681201342382542,0.7857787651883835
26061,LOF,0.017695564708127505,0.010786288912008418,0.9715181463798641
26062,LOF,0.010759482073876543,0.019006048364541152,0.9702344695615823
26063,LOF,0.023679861270587105,0.012051554697700861,0.9642685840317121
26064,LOF,0.02344143640196871,0.020520973950213735,0.9560375896478175
26065,LOF,0.0271898393050134,0.011050664192276429,0.9617594965027102
26066,LOF,0.022557618024051516,0.010627054262396884,0.9668153277135517
26067,LOF,0.029307206169986166,0.008390604386062286,0.9623021894439515
26068,LOF,0.0476364030782687,0.03529381242750377,0.9170697844942276
26069,LOF,0.24724560518027253,0.02054851741268632,0.7322058774070411
26070,LOF,0.3931392764515594,0.017542692190787895,0.5893180313576527
26071,LOF,0.024943071219199208,0.013000255049580293,0.9620566737312204
26072,LOF,0.02369316394394827,0.016708975384041806,0.95959786067201
26073,LOF,0.02708223097810084,0.010755495207482074,0.9621622738144171
26074,Neutral,0.907796055252674,0.005758227179901556,0.08644571756742445
26075,LOF,0.0452330008509743,0.015546504017880682,0.939220495131145
26076,LOF,0.04944979578118574,0.008294974168096611,0.9422552300507175
26077,LOF,0.00942753420031963,0.018952698361767644,0.9716197674379128
26078,LOF,0.014069087343967956,0.009379264989453214,0.9765516476665789
26079,LOF,0.06174349939249549,0.017372371416204395,0.9208841291913002
26080,LOF,0.06075393235761838,0.01738647693655311,0.9218595907058285
26081,LOF,0.03749110533043566,0.005985070348188366,0.9565238243213761
26082,LOF,0.017853154129246873,0.013435512842057329,0.9687113330286958
26083,LOF,0.1335005008256011,0.012477123073426905,0.8540223761009719
26084,LOF,0.030156716353807848,0.011651196997819862,0.9581920866483722
26085,LOF,0.025402624251949932,0.0110018925982405,0.9635954831498096
26086,LOF,0.026387845115146663,0.011420521361635419,0.962191633523218
26087,LOF,0.03077736133509982,0.007793584201487688,0.9614290544634124
26088,LOF,0.015642478069447286,0.023793748815845336,0.9605637731147073
26089,LOF,0.04589653698143765,0.0263321441540481,0.9277713188645141
26090,LOF,0.04494875267685051,0.019341689634015627,0.9357095576891339
26091,LOF,0.04013928399844816,0.005902767460832328,0.9539579485407196
26092,LOF,0.028462551562559283,0.007925982804215435,0.9636114656332253
26093,LOF,0.04283176307060097,0.005669501583669507,0.9514987353457295
26094,LOF,0.04552452046066809,0.006345786966784769,0.9481296925725472
26095,LOF,0.04210524597484291,0.013262769306973572,0.9446319847181834
26096,LOF,0.01990023087852441,0.009880263118534587,0.970219506002941
26097,LOF,0.01122678427080241,0.03603767200372753,0.95273554372547
26098,LOF,0.07402106756209438,0.010237796263864266,0.9157411361740414
26099,LOF,0.026187828687454742,0.012664752124999117,0.9611474191875462
26100,LOF,0.02814578414930101,0.012158730276503776,0.9596954855741953
26101,LOF,0.060961713088114086,0.011597277539994634,0.9274410093718913
26102,LOF,0.027014660964398737,0.014922588644595041,0.9580627503910062
26103,Neutral,0.8876615556350604,0.017929469862400335,0.09440897450253925
26104,LOF,0.08043682034897438,0.02608487916394022,0.8934783004870854
26105,LOF,0.20867115468712322,0.2654329697248599,0.5258958755880169
26106,LOF,0.2157345497377904,0.12447651708351737,0.6597889331786922
26107,LOF,0.2671797702438169,0.08106722554161776,0.6517530042145653
26108,LOF,0.24988376286154998,0.13131150169356068,0.6188047354448893
26109,LOF,0.11806905614957011,0.08169014691993709,0.8002407969304928
26110,LOF,0.264423544796728,0.00636617468426874,0.7292102805190032
26111,Neutral,0.5135372271382065,0.016162172896650194,0.47030059996514323
26112,LOF,0.033690584072993905,0.008255757320143001,0.9580536586068631
26113,LOF,0.05335388211386288,0.015259792349175025,0.9313863255369622
26114,LOF,0.027242929009742,0.028285002895490196,0.9444720680947677
26115,LOF,0.09805999045731931,0.05968095067728016,0.8422590588654005
26116,LOF,0.058103313448717955,0.05775357469128528,0.8841431118599967
26117,LOF,0.43597059069629546,0.053946343752050305,0.5100830655516542
26118,LOF,0.039390890062615175,0.029431845479466232,0.9311772644579186
26119,LOF,0.02223320117139702,0.04068757710983135,0.9370792217187716
26120,LOF,0.0318653862982534,0.028210148111068145,0.9399244655906784
26121,LOF,0.04968489233934112,0.08527808670029288,0.865037020960366
26122,LOF,0.040778179894391337,0.04555785098273768,0.913663969122871
