feature0,prediction,LoGoFunc_Neutral,LoGoFunc_GOF,LoGoFunc_LOF
25546,Neutral,0.5787392321564797,0.06923697306916395,0.35202379477435636
25547,Neutral,0.4475254213205792,0.12197675204174172,0.4304978266376791
25548,Neutral,0.4725328521968363,0.10332677538238016,0.42414037242078356
25549,LOF,0.41095062492812634,0.10738995092820718,0.4816594241436665
25550,LOF,0.3619001350811665,0.10851621867066129,0.5295836462481722
25551,LOF,0.3085073314543839,0.10765861206657205,0.583834056479044
25552,LOF,0.26712013916361693,0.14028550208180515,0.5925943587545779
25553,Neutral,0.7791086755279012,0.05336420451166823,0.16752711996043057
25554,LOF,0.3003066550283842,0.11919546190761904,0.5804978830639966
25555,LOF,0.25996054726072254,0.11665597833305208,0.6233834744062254
25556,LOF,0.43892974685583547,0.10003034226852558,0.461039910875639
25557,LOF,0.23600060836991207,0.11821140968351733,0.6457879819465706
25558,LOF,0.2978677703000146,0.11220673587953882,0.5899254938204466
25559,LOF,0.23509366383345057,0.028175432433834774,0.7367309037327145
25560,LOF,0.11224743180796826,0.12907623068202922,0.7586763375100026
25561,LOF,0.07986965160650944,0.2266774179678269,0.6934529304256636
25562,LOF,0.04186871464070445,0.0964446395479938,0.8616866458113017
25563,LOF,0.0071617599774287805,0.21356637871834405,0.7792718613042271
25564,LOF,0.07900511947976388,0.0904294685409197,0.8305654119793163
25565,LOF,0.19121525442431866,0.1666998612024883,0.6420848843731931
25566,GOF,0.07344989252784398,0.722584777289756,0.20396533018239998
25567,LOF,0.04789697435748983,0.11901078570649197,0.8330922399360182
25568,LOF,0.0676454252695533,0.08783121425229869,0.844523360478148
25569,LOF,0.06784089210149218,0.07562745690680944,0.8565316509916984
25570,LOF,0.029492994033158762,0.09687617089638367,0.8736308350704577
25571,LOF,0.028706540628977636,0.10614977815631535,0.865143681214707
25572,LOF,0.056061340106400084,0.14074005948448698,0.803198600409113
25573,LOF,0.07806700845879533,0.11417105339751182,0.8077619381436928
25574,LOF,0.106590591198376,0.22620109896942378,0.6672083098322004
25575,LOF,0.029952881094715913,0.1261615304993408,0.8438855884059432
25576,LOF,0.029978733691724154,0.19029195282604022,0.7797293134822357
25577,LOF,0.03354117681554205,0.12763239659366235,0.8388264265907955
25578,LOF,0.3139802094824451,0.0758260488261626,0.6101937416913924
25579,LOF,0.22352591372358876,0.07961762130471987,0.6968564649716914
25580,LOF,0.029143041960892752,0.07470836987302408,0.8961485881660831
25581,LOF,0.045276883162417236,0.09109582087202935,0.8636272959655534
25582,LOF,0.045276883162417236,0.09109582087202935,0.8636272959655534
25583,LOF,0.03650274871750815,0.08165407960428203,0.8818431716782099
25584,Neutral,0.7654897853802741,0.08093341923543214,0.15357679538429364
25585,LOF,0.029861909568518336,0.1331202094820002,0.8370178809494814
25586,LOF,0.026508411788137162,0.08745369451416697,0.8860378936976958
25587,LOF,0.025362262366713108,0.09086439086272485,0.883773346770562
25588,LOF,0.031632033156157154,0.07107019103065032,0.8972977758131925
25589,Neutral,0.6199740231962065,0.18476864647831318,0.1952573303254803
25590,LOF,0.06883381097820604,0.09919873572684783,0.8319674532949461
25591,LOF,0.12764680262856284,0.06571404260018286,0.8066391547712543
25592,LOF,0.10147301633244885,0.17103108836961997,0.7274958952979312
25593,LOF,0.16602091213793374,0.3001947318079738,0.5337843560540926
25594,LOF,0.04296944506620135,0.0649521562467495,0.8920783986870492
25595,LOF,0.048971301616139704,0.026538641208608754,0.9244900571752515
25596,LOF,0.13222773556485717,0.013744368178121653,0.8540278962570212
25597,LOF,0.09852039674200722,0.011613567693496337,0.8898660355644965
25598,LOF,0.04917213120733143,0.027904503591959662,0.9229233652007088
25599,LOF,0.025778948040726897,0.4859536497064241,0.48826740225284915
25600,LOF,0.1831473345279654,0.3680799890733849,0.44877267639864976
25601,LOF,0.04994290525265749,0.31656310698519047,0.633493987762152
25602,LOF,0.029634544624318037,0.07066671300371503,0.899698742371967
25603,LOF,0.060663798923811046,0.046717510685623714,0.8926186903905652
25604,LOF,0.05335488237759043,0.12348649194717802,0.8231586256752316
25605,LOF,0.05872357178583415,0.19308142434797304,0.748195003866193
25606,Neutral,0.4637177692314555,0.2236847975236879,0.31259743324485656
25607,LOF,0.03781015584439652,0.19248975845645375,0.7697000856991497
25608,LOF,0.05323646979483289,0.11576968208535846,0.8309938481198087
25609,GOF,0.15766726155420932,0.5882087593172148,0.25412397912857576
25610,LOF,0.021747928789529043,0.07427276541188078,0.9039793057985902
25611,LOF,0.015726710551061795,0.07424709407033483,0.9100261953786033
25612,LOF,0.0716470355501396,0.08204965927722398,0.8463033051726363
25613,LOF,0.062236257255400135,0.08353430549032013,0.8542294372542798
25614,LOF,0.025731848977852675,0.07061094348886031,0.9036572075332869
25615,LOF,0.06981329384028111,0.07552030530417268,0.8546664008555462
25616,LOF,0.06610858773624792,0.06883257177924863,0.8650588404845034
25617,LOF,0.05498359588353158,0.08109468130574274,0.8639217228107257
25618,LOF,0.06549332853680828,0.1815881597586991,0.7529185117044925
25619,LOF,0.015140943741592538,0.1171469458491288,0.8677121104092786
25620,LOF,0.049830513713502486,0.07793029434573155,0.8722391919407659
25621,LOF,0.0980621153640085,0.09442130012544715,0.8075165845105443
25622,LOF,0.10725253055445533,0.0807073205581326,0.8120401488874122
25623,LOF,0.0911443734994075,0.05854297768494979,0.8503126488156426
25624,LOF,0.023595107820156003,0.07284316108206657,0.9035617310977775
25625,LOF,0.08542203211845668,0.07815655344594415,0.8364214144355993
25626,LOF,0.0621788090694411,0.07356610373336094,0.8642550871971979
25627,Neutral,0.8718435137559478,0.031209103386164616,0.09694738285788773
25628,LOF,0.18299041900953272,0.08280781877971813,0.7342017622107492
25629,LOF,0.06239505349272444,0.07236442341262751,0.865240523094648
25630,LOF,0.26623337038116773,0.08129877352083753,0.6524678560979946
25631,Neutral,0.4861745991554627,0.06747674649817602,0.44634865434636123
25632,LOF,0.022389339056145655,0.09667297236772474,0.8809376885761295
25633,LOF,0.1890123752267367,0.0447320089351438,0.7662556158381195
25634,LOF,0.045239051607207946,0.0719872007102285,0.8827737476825637
25635,LOF,0.03306941065624331,0.0471046478665523,0.9198259414772044
25636,GOF,0.028865188032009596,0.5694898491755738,0.40164496279241674
25637,GOF,0.030177301214428832,0.4993519907382601,0.47047070804731117
25638,GOF,0.017393491240392134,0.5148491648991268,0.46775734386048107
25639,LOF,0.023829455483911022,0.3915071665722248,0.5846633779438642
25640,Neutral,0.8108308973810133,0.15186069715706718,0.03730840546191951
25641,LOF,0.132543989049521,0.2455040871499475,0.6219519238005314
25642,LOF,0.1283099447011481,0.16246215649504886,0.709227898803803
25643,LOF,0.42111142280724057,0.10057192898657512,0.4783166482061844
25644,GOF,0.008455136077366419,0.6601827294183855,0.33136213450424806
25645,GOF,0.009070727112610661,0.6216854733974624,0.3692437994899269
25646,LOF,0.016012369638032844,0.4423671984403029,0.5416204319216642
25647,LOF,0.00887606362912852,0.35230694790294625,0.6388169884679251
25648,LOF,0.01127487042015155,0.37674812063075136,0.611977008949097
25649,LOF,0.008903843657852831,0.29124918286487916,0.699846973477268
25650,GOF,0.024697875670862197,0.5907438822958823,0.3845582420332556
25651,LOF,0.009269462937952886,0.40616964450617,0.5845608925558771
25652,GOF,0.007627522918469787,0.5536781680423276,0.4386943090392026
25653,GOF,0.02551157985812148,0.6494590908900777,0.32502932925180067
25654,LOF,0.009588810034946904,0.4885682188116124,0.5018429711534408
25655,GOF,0.07220217776514205,0.7145273185105692,0.2132705037242888
25656,LOF,0.20341348042524654,0.16245760110382887,0.6341289184709246
25657,LOF,0.02519083288845772,0.16519520167827356,0.8096139654332686
25658,LOF,0.17675051376313136,0.22055376320699605,0.6026957230298726
25659,LOF,0.2769076230941813,0.2939713918306802,0.4291209850751385
25660,LOF,0.020801756121743887,0.20188659784442403,0.7773116460338322
25661,LOF,0.052715782396691044,0.1375595093644596,0.8097247082388495
25662,LOF,0.025074711416007336,0.09097076375355273,0.8839545248304399
25663,LOF,0.028287735645326724,0.08383600563265334,0.88787625872202
25664,LOF,0.08690094185619261,0.15105364818487796,0.7620454099589293
25665,LOF,0.04404231643174705,0.06939285086148057,0.8865648327067724
25666,LOF,0.057082494217236476,0.12048595648125882,0.8224315493015047
25667,LOF,0.04723877749564792,0.10215975665497593,0.8506014658493761
25668,LOF,0.02528261597988734,0.12082392644513774,0.8538934575749749
25669,LOF,0.018047965824574828,0.1113413486528667,0.8706106855225585
25670,LOF,0.10453624655907141,0.09521838653413918,0.8002453669067895
25671,LOF,0.07021879440093132,0.08355738634496716,0.8462238192541016
25672,LOF,0.036065853728435224,0.11038008259768867,0.8535540636738761
25673,LOF,0.06678223709201292,0.11507068065712375,0.8181470822508633
25674,LOF,0.061878263136839695,0.14043850494339166,0.7976832319197685
25675,LOF,0.056164492058968195,0.1570589138975405,0.7867765940434914
25676,LOF,0.014530582839950915,0.12579197626214608,0.8596774408979029
25677,LOF,0.014936697834046622,0.15823401079018842,0.826829291375765
25678,LOF,0.15872528267517602,0.15676692539135714,0.6845077919334669
25679,LOF,0.10326715572596536,0.15983273734111045,0.7369001069329242
25680,LOF,0.019715347293816837,0.20350756498586575,0.7767770877203174
25681,LOF,0.030301564541422667,0.18395271188879966,0.7857457235697777
25682,LOF,0.08682701288734274,0.13282529549843172,0.7803476916142255
25683,LOF,0.07904736650833023,0.17136823965897563,0.7495843938326942
25684,LOF,0.021091229843491564,0.13126156822548188,0.8476472019310265
25685,LOF,0.09626576101806222,0.17380933630916395,0.7299249026727738
25686,LOF,0.05403598243137183,0.2734341896059574,0.6725298279626708
25687,LOF,0.0982957075972877,0.28864066596271887,0.6130636264399935
25688,LOF,0.4138297322557434,0.02196982659520639,0.5642004411490502
25689,LOF,0.24034205352709778,0.023593761905980372,0.7360641845669218
25690,LOF,0.32197084356148836,0.02195847013846895,0.6560706863000426
25691,Neutral,0.7199079734189019,0.023557853778838532,0.2565341728022597
25692,LOF,0.288129528901833,0.013482201886518707,0.6983882692116482
25693,LOF,0.05688388112153035,0.3813338677943134,0.5617822510841562
25694,LOF,0.1189188022305665,0.013440486363552481,0.867640711405881
25695,LOF,0.11820402435612186,0.00698338662139316,0.874812589022485
25696,LOF,0.11486321502135548,0.022671772187008964,0.8624650127916356
25697,LOF,0.049813111542045825,0.05413076308690198,0.8960561253710523
25698,LOF,0.28607490173842803,0.14817039992260472,0.5657546983389672
25699,LOF,0.3857553310186996,0.06210849859041511,0.5521361703908854
25700,LOF,0.0619266099567313,0.01306944763517507,0.9250039424080936
25701,LOF,0.16107190831972126,0.06581904375554654,0.7731090479247321
25702,GOF,0.2457691838674773,0.6693042333911366,0.08492658274138615
25703,LOF,0.019566748206848398,0.27052820602217587,0.7099050457709758
25704,LOF,0.03404347541805308,0.22037978409901854,0.7455767404829283
25705,LOF,0.027272520115360785,0.13877803290425605,0.8339494469803831
25706,GOF,0.10481670788933843,0.46142221619274915,0.4337610759179124
25707,LOF,0.09974096366415401,0.396826091237309,0.503432945098537
25708,GOF,0.04876949710837723,0.4760701755998586,0.4751603272917642
25709,LOF,0.05745170311068149,0.09709744674305094,0.8454508501462675
25710,LOF,0.018988479885855142,0.20006525461924754,0.7809462654948974
25711,LOF,0.016072773122807107,0.14716596674087545,0.8367612601363175
25712,LOF,0.019384675212072433,0.23872583140526166,0.7418894933826659
25713,LOF,0.01572715639863002,0.12889556565925966,0.8553772779421103
25714,LOF,0.05666678247527446,0.13084734051159755,0.8124858770131279
25715,LOF,0.00962026940801521,0.19934512467247834,0.7910346059195065
25716,LOF,0.013751659657885405,0.17153822799407886,0.8147101123480358
25717,LOF,0.018194722958150923,0.12214738992237317,0.8596578871194759
25718,LOF,0.009789260591574329,0.10839598578834916,0.8818147536200766
25719,LOF,0.02081188358606384,0.1557237422046152,0.8234643742093208
25720,LOF,0.02651636657757711,0.08085122440015566,0.8926324090222674
25721,LOF,0.009804310360884116,0.18525636458290917,0.8049393250562068
25722,LOF,0.01154934052723731,0.16202739314766515,0.8264232663250975
25723,LOF,0.020210361531829577,0.11381039225469822,0.8659792462134722
25724,LOF,0.030586460311396394,0.2409706640987062,0.7284428755898974
25725,LOF,0.009775633485270108,0.15879991511679295,0.831424451397937
25726,LOF,0.01456618935577474,0.23026257534442943,0.7551712352997957
25727,LOF,0.011846082383462225,0.1566568369520371,0.8314970806645007
25728,LOF,0.009200021009297897,0.20130741215899287,0.7894925668317093
25729,LOF,0.009606962616377309,0.19403894416906767,0.7963540932145551
25730,LOF,0.01279215645535785,0.1918840303685205,0.7953238131761216
25731,LOF,0.020811160136936374,0.16081045710575761,0.818378382757306
25732,LOF,0.013557857249724208,0.09250107797369263,0.8939410647765833
25733,LOF,0.013911967115330732,0.11010839407601679,0.8759796388086524
25734,LOF,0.014810653637477684,0.2098915545277978,0.7752977918347246
25735,LOF,0.009847251355425538,0.12123914978225711,0.8689135988623173
25736,LOF,0.010682632118487393,0.13035506101849825,0.8589623068630143
25737,LOF,0.011378851955429831,0.1523264497883296,0.8362946982562406
25738,LOF,0.010546855780709892,0.18261798014772265,0.8068351640715675
25739,LOF,0.01653030504767487,0.1370479279712947,0.8464217669810304
25740,LOF,0.028406297422334224,0.1858361916796208,0.7857575108980449
25741,LOF,0.012501062295746596,0.18461634752094405,0.8028825901833093
25742,LOF,0.09239602518613135,0.10977578938493451,0.7978281854289341
25743,LOF,0.05510966549112621,0.0499699293822954,0.8949204051265783
25744,Neutral,0.6806917334206353,0.1536391890470031,0.16566907753236162
25745,LOF,0.06728860720973809,0.08135556832675866,0.8513558244635032
25746,LOF,0.0412548615673762,0.11058532857710153,0.8481598098555222
25747,LOF,0.0161527213846099,0.11357540056503089,0.8702718780503592
25748,LOF,0.08073031889891137,0.16495760194085782,0.7543120791602308
25749,LOF,0.03188805612937706,0.10959357984719915,0.8585183640234237
25750,LOF,0.06607048185767302,0.0918518984506681,0.8420776196916588
25751,LOF,0.09381737568058407,0.12662253546993793,0.779560088849478
25752,GOF,0.11865838512447831,0.6837841575356614,0.1975574573398604
25753,LOF,0.033488940715102535,0.3947999390649589,0.5717111202199385
25754,GOF,0.02756305388164574,0.7914776374796603,0.18095930863869408
25755,LOF,0.04243849704545355,0.3544260463723428,0.6031354565822037
25756,GOF,0.06927889862930062,0.4744006180380366,0.4563204833326628
25757,GOF,0.0246358491212824,0.8561950091494186,0.11916914172929897
25758,GOF,0.03125277237330369,0.8361680342541581,0.13257919337253826
25759,GOF,0.018134667598770613,0.7384183679348135,0.24344696446641587
25760,LOF,0.025108912203795325,0.44590338532215423,0.5289877024740505
25761,GOF,0.2768268255675782,0.6494599684993776,0.0737132059330443
25762,LOF,0.05330043517744994,0.4669805567197965,0.4797190081027534
25763,LOF,0.021196149675839045,0.3656353151171414,0.6131685352070196
25764,GOF,0.07452186178725503,0.7816742599425751,0.14380387827016997
25765,GOF,0.03918336887589327,0.8060634359512616,0.15475319517284505
25766,GOF,0.1037618122853659,0.7703851105361837,0.1258530771784503
25767,GOF,0.128061348115542,0.5336035939023427,0.3383350579821154
25768,LOF,0.08965315718619796,0.047463223305717665,0.8628836195080845
25769,LOF,0.05178565031154228,0.0637221590955745,0.8844921905928832
25770,LOF,0.3825186577401791,0.06232335281687095,0.5551579894429499
25771,LOF,0.06304849279517892,0.03831245147578882,0.8986390557290324
25772,LOF,0.019576842439858577,0.06032436504723748,0.9200987925129038
25773,LOF,0.05604338946438926,0.040005797891649514,0.9039508126439613
25774,LOF,0.026780313762094443,0.10900907208311938,0.8642106141547862
25775,LOF,0.07307641135069876,0.032059406541960885,0.8948641821073403
25776,LOF,0.06950714074941657,0.033832037027830004,0.8966608222227535
25777,Neutral,0.5072229617812662,0.05794271705112974,0.43483432116760407
25778,LOF,0.060610819303627855,0.05216649617673455,0.8872226845196376
25779,GOF,0.4419248800526846,0.47490316767918195,0.08317195226813344
25780,GOF,0.35267227328678236,0.4989561094837563,0.1483716172294612
25781,GOF,0.12511222903534272,0.6636491819129056,0.21123858905175158
25782,GOF,0.1849445709431731,0.6267284278156837,0.18832700124114313
25783,GOF,0.024830562828818823,0.7098268239186081,0.26534261325257313
25784,Neutral,0.5866667713792636,0.3192710064826455,0.09406222213809091
25785,Neutral,0.5706022496564471,0.3163394698300558,0.11305828051349699
25786,GOF,0.024044435512859657,0.7040055886054014,0.2719499758817389
25787,Neutral,0.7453302692796562,0.18428471695107507,0.07038501376926873
25788,LOF,0.052732819640334015,0.060804771341286167,0.8864624090183799
25789,GOF,0.2129753033413964,0.5503723729897007,0.23665232366890296
25790,GOF,0.27797220078647833,0.49538976073003926,0.22663803848348227
25791,GOF,0.15053185378133557,0.5026204515001739,0.3468476947184906
25792,GOF,0.3594922300009196,0.37320192820544784,0.2673058417936325
25793,LOF,0.23639787508297538,0.3641637690887382,0.3994383558282864
25794,GOF,0.2813844221449816,0.44247494573358426,0.27614063212143414
25795,GOF,0.06314903773153877,0.5776270117231154,0.35922395054534584
25796,Neutral,0.48646862962259746,0.34942207054373164,0.16410929983367079
25797,LOF,0.07998850880413096,0.42603545253514896,0.49397603866072
25798,LOF,0.012366609113553003,0.4771100578272248,0.510523333059222
25799,LOF,0.01105157461030895,0.4888711601674612,0.5000772652222298
25800,GOF,0.036586636153609665,0.5485515903202629,0.4148617735261274
25801,GOF,0.23620430191792602,0.557967122717416,0.20582857536465793
25802,GOF,0.0597437174115757,0.5383006041985924,0.4019556783898319
25803,LOF,0.04820925336889235,0.47458838593674535,0.47720236069436234
25804,GOF,0.040964796198167355,0.48275332891107403,0.47628187489075874
25805,GOF,0.09917192793998555,0.517002123067223,0.3838259489927913
25806,GOF,0.11827812540487627,0.5080505060725786,0.3736713685225451
25807,LOF,0.01956392204034669,0.48292925899135813,0.4975068189682953
25808,LOF,0.09994528996964092,0.43832384823845333,0.4617308617919057
25809,LOF,0.019907027714754763,0.4525816537437471,0.5275113185414981
25810,LOF,0.02280271576631215,0.45513406608544804,0.5220632181482397
25811,Neutral,0.4644040149434894,0.402217633735393,0.13337835132111753
25812,GOF,0.04252619864490296,0.5000623546889068,0.4574114466661902
25813,Neutral,0.5783532938417014,0.21926589919537734,0.2023808069629213
25814,GOF,0.14133429929685876,0.504744131975724,0.3539215687274172
25815,GOF,0.27667199572141843,0.46230099799736407,0.2610270062812176
25816,GOF,0.020342661368758657,0.5419919439687975,0.4376653946624437
25817,GOF,0.17163432517979904,0.6390830089013083,0.18928266591889267
25818,LOF,0.04012619741871798,0.4645557120899337,0.49531809049134834
25819,GOF,0.3420706729362681,0.3937844108875591,0.2641449161761728
25820,GOF,0.18588970087236817,0.5049512354779304,0.3091590636497014
25821,GOF,0.06467775830994424,0.5434874433514342,0.39183479833862145
25822,GOF,0.2346806996324362,0.4629435739189805,0.3023757264485834
25823,GOF,0.04234587244111131,0.5058732710118776,0.45178085654701106
25824,LOF,0.08690952737750979,0.4301708806263619,0.4829195919961283
25825,LOF,0.036803792182905,0.43189621496271313,0.5312999928543819
25826,LOF,0.01320625197278294,0.4465151317190368,0.5402786163081803
25827,LOF,0.02228733160594316,0.4868868532607232,0.4908258151333335
25828,LOF,0.015071146055748531,0.4141475341924268,0.5707813197518248
25829,LOF,0.009367777854563077,0.4590701577229254,0.5315620644225115
25830,LOF,0.03687716278905822,0.10164777442710962,0.8614750627838321
25831,GOF,0.1746876921860642,0.6352405323603507,0.19007177545358503
25832,GOF,0.04428585284574225,0.5574890402342987,0.39822510691995905
25833,GOF,0.12736662484432515,0.553359283220412,0.31927409193526285
25834,GOF,0.05084766378676924,0.5562364277730519,0.3929159084401788
25835,GOF,0.11558089982420734,0.4890774198657333,0.39534168031005934
25836,GOF,0.06288242269333418,0.5458030027474535,0.3913145745592122
25837,LOF,0.02809269141372877,0.4859335736433069,0.4859737349429644
25838,GOF,0.09594601590876786,0.5957969190936573,0.308257064997575
25839,GOF,0.33179634677967657,0.4050696215838647,0.2631340316364587
25840,GOF,0.23261012434440484,0.49752541858605415,0.26986445706954093
25841,GOF,0.27074668342156905,0.4507847481452024,0.2784685684332285
25842,GOF,0.1884856420558886,0.5098093361027726,0.3017050218413389
25843,GOF,0.21403545134691163,0.5647606406964184,0.22120390795666997
25844,GOF,0.05778822279724698,0.5093957461883082,0.43281603101444477
25845,GOF,0.017680316602737833,0.5308510167888565,0.4514686666084056
25846,GOF,0.10287366812613369,0.6150487986459253,0.28207753322794105
25847,GOF,0.12252151424413579,0.5994472405756439,0.27803124518022043
25848,GOF,0.046294231555297306,0.5071731965866804,0.44653257185802236
25849,LOF,0.014474704052915205,0.4908936411774503,0.4946316547696345
25850,GOF,0.028198464702656276,0.4901332963356403,0.4816682389617034
25851,LOF,0.023390632613132577,0.4757748020915211,0.5008345652953463
25852,LOF,0.14409944393668056,0.42705834007909516,0.42884221598422423
25853,GOF,0.3048295768967339,0.5051936830863273,0.18997674001693887
25854,GOF,0.02062056838234253,0.6068986079162092,0.37248082370144825
25855,LOF,0.03879532509658528,0.47050346238377466,0.49070121251963994
25856,GOF,0.18724963392136162,0.5074883336727819,0.3052620324058565
25857,GOF,0.03680944537926746,0.4827572645970175,0.48043329002371504
25858,GOF,0.019940514169065893,0.6088041887095871,0.37125529712134697
25859,GOF,0.010710407709453551,0.6088544094358521,0.38043518285469435
25860,GOF,0.2755679809787451,0.5326595607275327,0.19177245829372222
25861,GOF,0.3080202504394708,0.5444396835545025,0.14754006600602676
25862,GOF,0.06979551410237077,0.6708871117838265,0.2593173741138028
25863,GOF,0.07558057991562456,0.6763925567847344,0.24802686329964097
25864,GOF,0.14630579186506634,0.6652940679028216,0.18840014023211202
25865,GOF,0.07804540673194948,0.6518734625683964,0.27008113069965406
25866,GOF,0.05570265334492119,0.7136583273605589,0.23063901929451988
25867,GOF,0.07068935661332931,0.731100141271062,0.1982105021156085
25868,GOF,0.19221692774245475,0.5659780955164784,0.24180497674106682
25869,Neutral,0.6636034712026969,0.2511612830855078,0.08523524571179522
25870,LOF,0.24244035849611675,0.06649741766764414,0.6910622238362392
25871,GOF,0.173254377394847,0.5591477194602066,0.26759790314494636
25872,GOF,0.07411749888813396,0.5088568837202171,0.41702561739164895
25873,GOF,0.13206483897268761,0.5116373171645862,0.3562978438627261
25874,LOF,0.02071883460370846,0.06672455946793167,0.9125566059283599
25875,LOF,0.0487511183022294,0.18340023142804102,0.7678486502697296
25876,LOF,0.022467661595696565,0.08325365587066458,0.894278682533639
25877,LOF,0.35290027690225145,0.16612426135684188,0.4809754617409067
25878,LOF,0.12428290300632566,0.25164918925116075,0.6240679077425136
25879,LOF,0.07719431670034604,0.23662533398623356,0.6861803493134203
25880,LOF,0.0228843390287113,0.03233811728868833,0.9447775436826004
25881,LOF,0.21075251671849296,0.17039665741285828,0.6188508258686488
25882,LOF,0.06244640989934484,0.028694122821318946,0.9088594672793362
25883,LOF,0.10573047193562085,0.03881176037277638,0.8554577676916028
25884,LOF,0.03961132673034958,0.047478772077093646,0.9129099011925568
25885,LOF,0.059101869987525264,0.03127651999447457,0.9096216100180002
25886,LOF,0.36305173089501075,0.081001743208362,0.5559465258966273
25887,LOF,0.20655750988861205,0.1521700055435978,0.6412724845677902
25888,LOF,0.0876143666179333,0.08426168548555837,0.8281239478965083
25889,LOF,0.03931373818311014,0.04431496314762827,0.9163712986692616
25890,LOF,0.07888748509858004,0.07812748361618078,0.8429850312852392
25891,LOF,0.06822307427447351,0.039114162818596865,0.8926627629069297
25892,LOF,0.0974792563329947,0.029174854465116664,0.8733458892018886
25893,LOF,0.31821256995685254,0.01925685137736206,0.6625305786657854
25894,LOF,0.20569956494652186,0.011262083913465896,0.7830383511400122
25895,LOF,0.24710983085910773,0.014527734478667982,0.7383624346622243
25896,LOF,0.04948258628665484,0.01880690277493027,0.931710510938415
25897,LOF,0.23568427584782353,0.022248285816709394,0.742067438335467
25898,Neutral,0.7882114253759872,0.017675788802790332,0.1941127858212226
25899,LOF,0.19469533162891822,0.03705773058461899,0.7682469377864628
25900,Neutral,0.6500330450427473,0.012327121911441209,0.33763983304581163
25901,LOF,0.04686614851930828,0.010617618714127948,0.9425162327665637
25902,LOF,0.21865023217906954,0.01211686698524762,0.7692329008356829
25903,Neutral,0.6335252944110353,0.042582708765114274,0.3238919968238502
25904,LOF,0.23741763574375005,0.022783045751115977,0.739799318505134
25905,GOF,0.03394232097241981,0.5410669311916005,0.4249907478359796
25906,LOF,0.030744537655659748,0.10254405990146073,0.8667114024428795
25907,LOF,0.013882993417087063,0.45019690799561823,0.5359200985872947
25908,LOF,0.01751659828241525,0.2942401894807489,0.6882432122368359
25909,LOF,0.018083646728423986,0.18057727668785006,0.8013390765837259
25910,LOF,0.022436833394785822,0.4105844796812853,0.5669786869239289
25911,LOF,0.054623429517596835,0.0480812935412044,0.8972952769411988
25912,LOF,0.026689797490764715,0.08274070837681381,0.8905694941324215
25913,LOF,0.20890689916364788,0.02565810932985865,0.7654349915064934
25914,LOF,0.02577565956324413,0.06601756108591404,0.9082067793508419
25915,Neutral,0.44958145003999306,0.3344611133984841,0.21595743656152291
25916,LOF,0.037416116760070645,0.4350229143873673,0.5275609688525621
25917,LOF,0.049223895079122865,0.05249410309424113,0.8982820018266361
25918,LOF,0.03107559277146516,0.041806251452634696,0.9271181557759002
25919,LOF,0.027929328011631498,0.042371368484995404,0.9296993035033732
25920,GOF,0.14434927861315383,0.5093853375314832,0.346265383855363
25921,LOF,0.03394002294558113,0.020497551703831877,0.945562425350587
25922,LOF,0.04808614043538257,0.013097031679935148,0.9388168278846822
25923,LOF,0.40390730385175366,0.018070888053109125,0.5780218080951371
25924,LOF,0.04685334529319338,0.023320483694102646,0.9298261710127039
25925,LOF,0.07297686852807816,0.022282193141517338,0.9047409383304044
25926,LOF,0.0555766995704725,0.01316092792117608,0.9312623725083514
25927,LOF,0.07567974567749594,0.050185717969175314,0.8741345363533287
25928,LOF,0.02407347168777806,0.011808062546420955,0.964118465765801
25929,Neutral,0.560103661498845,0.02124434620112371,0.4186519923000313
25930,LOF,0.06393767751733742,0.014890908944034527,0.921171413538628
25931,LOF,0.029704019769527343,0.011170172023980303,0.9591258082064923
25932,LOF,0.02965735048529554,0.011557931754906863,0.9587847177597976
25933,LOF,0.03882232362530275,0.007754910441704772,0.9534227659329926
25934,LOF,0.027489830521528,0.011558339615941006,0.960951829862531
25935,LOF,0.0714943582705144,0.02022611033072765,0.9082795313987578
25936,LOF,0.047461937341842834,0.012678271340592857,0.9398597913175644
25937,LOF,0.036078554367570535,0.01436886363289867,0.9495525819995309
25938,LOF,0.06390000543311213,0.024725671781175275,0.9113743227857125
25939,LOF,0.041462416021900934,0.009382595178372179,0.949154988799727
25940,GOF,0.0332129385793913,0.6222104505367457,0.34457661088386293
25941,LOF,0.1904038211425847,0.0395601206801953,0.77003605817722
25942,LOF,0.017634056838956916,0.016196382242129582,0.9661695609189136
25943,LOF,0.36776761007437725,0.02923747086849061,0.6029949190571321
25944,Neutral,0.5191477742539213,0.018687369152312703,0.46216485659376594
25945,LOF,0.06992231038589362,0.023853159623220214,0.9062245299908862
25946,LOF,0.03970984465713005,0.1791936587360784,0.7810964966067916
25947,LOF,0.15305576691021944,0.21365714048122755,0.6332870926085531
25948,LOF,0.3551847147646041,0.020696347988082824,0.6241189372473129
25949,LOF,0.12214746282492493,0.04723561234697478,0.8306169248281003
25950,GOF,0.21173464018285987,0.4114306684433972,0.37683469137374287
25951,LOF,0.23257415787415725,0.12518658638060795,0.6422392557452348
25952,LOF,0.033457631735124796,0.4525082055273627,0.5140341627375125
25953,LOF,0.12926085125178038,0.1588068015128956,0.711932347235324
25954,Neutral,0.40589741003970486,0.24740002372120684,0.3467025662390883
25955,LOF,0.06124720658064802,0.1429310705461598,0.7958217228731922
25956,LOF,0.24213879047906053,0.06946807953552664,0.6883931299854128
25957,LOF,0.04816684059781762,0.026564007524861634,0.9252691518773207
25958,LOF,0.07316792756648566,0.03405830260492546,0.8927737698285889
25959,GOF,0.1006950068276841,0.4925102829301334,0.40679471024218256
25960,LOF,0.024038054191750674,0.06959995502356334,0.906361990784686
25961,LOF,0.061770047660182674,0.044592059850037204,0.8936378924897802
25962,LOF,0.05603254800633288,0.05741191507123552,0.8865555369224316
25963,LOF,0.059505672841505944,0.172881800845343,0.767612526313151
25964,LOF,0.03851146285679576,0.18351917276576754,0.7779693643774367
25965,Neutral,0.5062453283030065,0.07159465897781932,0.42216001271917425
25966,GOF,0.3163620518617293,0.36366337964943163,0.31997456848883893
25967,LOF,0.012846400066631734,0.1556852952840042,0.8314683046493639
25968,LOF,0.05285127149398224,0.3055160898307304,0.6416326386752874
25969,LOF,0.023147611508387997,0.05446041524276559,0.9223919732488464
25970,LOF,0.05951467001561755,0.045899339218026976,0.8945859907663556
25971,LOF,0.10585465134469474,0.020058166325976356,0.8740871823293289
25972,LOF,0.09769848414146227,0.023133622300862182,0.8791678935576756
25973,LOF,0.09669380876611244,0.014631451845013455,0.8886747393888742
25974,LOF,0.3243871028465479,0.03174896741646536,0.6438639297369867
25975,LOF,0.05044300836206254,0.041163210349833564,0.9083937812881039
25976,LOF,0.036858617133334076,0.021929994250735795,0.9412113886159301
25977,LOF,0.11927614516564214,0.11847699783772009,0.7622468569966377
25978,LOF,0.1661242981380818,0.11314820533105067,0.7207274965308677
25979,LOF,0.16325583250939307,0.08636587782475776,0.7503782896658491
25980,LOF,0.20377492659663785,0.20665473362017386,0.5895703397831883
25981,LOF,0.240518409558439,0.18955153895879856,0.5699300514827623
25982,LOF,0.4422718190894744,0.09044422882620307,0.4672839520843226
25983,LOF,0.42477161183846884,0.08760356624085391,0.48762482192067713
25984,LOF,0.044288919059191044,0.11553834342708896,0.8401727375137199
25985,LOF,0.02087733150837035,0.3335510664327385,0.6455716020588911
25986,LOF,0.026890275122839924,0.3777479124563497,0.5953618124208104
25987,LOF,0.090731070943962,0.0763722251987697,0.8328967038572683
25988,LOF,0.09404658493706096,0.09153486371280815,0.8144185513501309
25989,LOF,0.022292308278191196,0.1368428477809937,0.8408648439408151
25990,LOF,0.03361328123373114,0.13696622377044765,0.8294204949958212
25991,LOF,0.2627879498152543,0.31693275857104236,0.42027929161370337
25992,Neutral,0.38871536509422633,0.22477029479387617,0.38651434011189756
25993,LOF,0.03322437204463164,0.11351270891685548,0.8532629190385129
25994,LOF,0.020459748953589072,0.15373526849662883,0.8258049825497822
25995,LOF,0.03584434778835568,0.12833199154397182,0.8358236606676724
25996,GOF,0.19775956779916432,0.5560492127113176,0.2461912194895181
25997,GOF,0.09952788255988948,0.5373568511602081,0.3631152662799025
25998,Neutral,0.4869649272748306,0.028114930256490384,0.48492014246867915
25999,LOF,0.07791238690618289,0.43238808500053055,0.4896995280932866
26000,LOF,0.06099085973841408,0.03263983647282488,0.9063693037887611
26001,LOF,0.16212879148631024,0.04338830846586754,0.7944829000478222
26002,LOF,0.09298576518274683,0.03994704637557329,0.86706718844168
26003,GOF,0.010516896509334697,0.7222499956998977,0.26723310779076775
26004,GOF,0.024249865146974997,0.7608196416910582,0.21493049316196675
26005,GOF,0.010851207929466564,0.6384513054900556,0.350697486580478
26006,Neutral,0.5153950155185901,0.36224204967792456,0.1223629348034853
26007,GOF,0.0188498959551932,0.7183043506829933,0.26284575336181343
26008,GOF,0.01503380413143653,0.7534222190853098,0.23154397678325364
26009,GOF,0.030945721197797784,0.7908303677589839,0.17822391104321839
26010,GOF,0.02255984869492507,0.8024025212491251,0.17503763005594988
26011,GOF,0.010837679662232234,0.5597564885992596,0.42940583173850805
26012,GOF,0.017501426881152332,0.7097546012644151,0.2727439718544325
26013,GOF,0.014481386016202955,0.7782644135298845,0.20725420045391255
26014,LOF,0.03992428206693333,0.24591600360808807,0.7141597143249786
26015,LOF,0.1782077679879512,0.006939071222149504,0.8148531607898992
26016,LOF,0.3297319740881433,0.02766257188105368,0.642605454030803
26017,LOF,0.23358989554946502,0.03999098445943374,0.7264191199911013
26018,LOF,0.09554967589373309,0.023621126150631874,0.8808291979556351
26019,LOF,0.09354840986664262,0.016669588998760226,0.8897820011345972
26020,LOF,0.09083072009090253,0.04245001596793191,0.8667192639411656
26021,LOF,0.08488885658798978,0.060008814602122804,0.8551023288098875
26022,LOF,0.0161240003485275,0.027995469272583486,0.955880530378889
26023,LOF,0.14842035819007912,0.02234547422146714,0.8292341675884537
26024,LOF,0.03923606125864113,0.06481083734713165,0.8959531013942272
26025,LOF,0.1972404535544799,0.04244345918203782,0.7603160872634822
26026,LOF,0.38486014767103655,0.010233935519286148,0.6049059168096774
26027,LOF,0.09489791954671828,0.010388713106806401,0.8947133673464754
26028,LOF,0.2313565938896183,0.07510477607019708,0.6935386300401846
26029,LOF,0.12885248097567178,0.13163894279599597,0.7395085762283322
26030,LOF,0.04359270177719862,0.02807806030437095,0.9283292379184305
26031,LOF,0.045983383374840044,0.10449617508748156,0.8495204415376784
26032,LOF,0.08929336519771244,0.0271868600279898,0.8835197747742977
26033,LOF,0.16482687845283836,0.037648577166090366,0.7975245443810712
26034,LOF,0.0696872181323365,0.08171585727752742,0.8485969245901361
26035,LOF,0.05309015167032776,0.09303199405413519,0.8538778542755371
26036,LOF,0.07199201111348076,0.08773870638086997,0.8402692825056494
26037,LOF,0.04035046408025442,0.07369879179030299,0.8859507441294425
26038,LOF,0.08742227349745392,0.026303200274173964,0.8862745262283721
26039,LOF,0.09429355093486212,0.08524743376295564,0.8204590153021822
26040,LOF,0.29702169600674644,0.05388601879393872,0.649092285199315
26041,LOF,0.042402000310360045,0.07633444170077056,0.8812635579888694
26042,LOF,0.04271770668307531,0.06718392788169467,0.8900983654352299
26043,LOF,0.08508758297431894,0.03580109755503695,0.8791113194706441
26044,LOF,0.04710830030730375,0.032344586527973854,0.9205471131647224
26045,LOF,0.13217946736088457,0.06694195531837037,0.800878577320745
26046,LOF,0.0932249460567142,0.03691616325724905,0.8698588906860367
26047,LOF,0.1248708261923762,0.04371957934730019,0.8314095944603236
26048,LOF,0.061864872373478506,0.02908697937644498,0.9090481482500764
26049,Neutral,0.9461920728646084,0.005935393587774617,0.047872533547617044
26050,Neutral,0.917547984494199,0.006551295417383463,0.07590072008841749
26051,GOF,0.04027072860071288,0.5265664469735769,0.4331628244257102
26052,GOF,0.03554621192863054,0.697614175661663,0.2668396124097065
26053,LOF,0.06005204103247668,0.2988723158919842,0.6410756430755391
26054,LOF,0.060543884609487064,0.05622804080949785,0.8832280745810149
26055,LOF,0.06214808779055447,0.05235231520455638,0.8854995970048891
26056,LOF,0.05450141118159535,0.061068405996250165,0.8844301828221546
26057,LOF,0.02628856140636227,0.036039459029185955,0.9376719795644517
26058,LOF,0.026096880124992314,0.03525688649150408,0.9386462333835037
26059,LOF,0.3500594656754599,0.07493101232962081,0.5750095219949193
26060,LOF,0.03434346821736602,0.36408934075604066,0.6015671910265934
26061,LOF,0.019954851501715287,0.06303236011898873,0.917012788379296
26062,LOF,0.016230430362378086,0.06081912886184682,0.9229504407757751
26063,LOF,0.02153149004233161,0.039411002402687745,0.9390575075549807
26064,LOF,0.026479939723817524,0.04489374120012823,0.9286263190760543
26065,LOF,0.025559395695736134,0.03577581586154984,0.9386647884427141
26066,LOF,0.019997361161423362,0.0438686149047396,0.9361340239338369
26067,LOF,0.021929027755656673,0.03393458615806538,0.9441363860862779
26068,LOF,0.05294424965670429,0.06397675835971567,0.8830789919835801
26069,LOF,0.3908977166048441,0.06298810190609709,0.5461141814890588
26070,Neutral,0.5999640560981407,0.031224445864487138,0.3688114980373722
26071,LOF,0.021858195299286398,0.04830402849291861,0.929837776207795
26072,LOF,0.025500963617505795,0.06780438439630138,0.9066946519861929
26073,LOF,0.023676284384970568,0.033449374018715394,0.9428743415963141
26074,Neutral,0.8772577915791172,0.013764140466912614,0.1089780679539702
26075,LOF,0.04732561247211751,0.05609200525604981,0.8965823822718326
26076,LOF,0.03994752792275843,0.029544666289721473,0.93050780578752
26077,LOF,0.010906788831914318,0.08083837179724737,0.9082548393708383
26078,LOF,0.014856141710338918,0.04995814466757883,0.9351857136220821
26079,LOF,0.05088144292844743,0.05884850330047949,0.8902700537710732
26080,LOF,0.05088144292844743,0.05884850330047949,0.8902700537710732
26081,LOF,0.028697025950963868,0.028258221173310814,0.9430447528757252
26082,LOF,0.021903093600544016,0.06158753771304458,0.9165093686864114
26083,LOF,0.12138931009600458,0.03560315060346425,0.8430075393005312
26084,LOF,0.02493128403618195,0.05026300500957046,0.9248057109542476
26085,LOF,0.021108282575523357,0.04816274747101012,0.9307289699534665
26086,LOF,0.02111245465826811,0.04579827035437175,0.9330892749873602
26087,LOF,0.02322589868962272,0.037725585664040426,0.9390485156463368
26088,LOF,0.02362907183620683,0.06412686915106562,0.9122440590127274
26089,LOF,0.0455084231239099,0.05169586229456019,0.9027957145815299
26090,LOF,0.04256951079349744,0.04730164506213796,0.9101288441443646
26091,LOF,0.03614173034678895,0.02288953346140513,0.940968736191806
26092,LOF,0.025674041526342735,0.03331197374843678,0.9410139847252204
26093,LOF,0.03740509146754821,0.023112211207959057,0.9394826973244927
26094,LOF,0.04149870229947821,0.019616842774408387,0.9388844549261134
26095,LOF,0.041743698436417793,0.06914546105910226,0.88911084050448
26096,LOF,0.018712120920876586,0.044687647503125115,0.9366002315759983
26097,LOF,0.01209521201406035,0.11156726592339733,0.8763375220625422
26098,LOF,0.06273046196287273,0.039574880826891375,0.8976946572102359
26099,LOF,0.021882933718526235,0.05926652721782336,0.9188505390636503
26100,LOF,0.022576846763173,0.05978558666101828,0.9176375665758087
26101,LOF,0.05170112943672375,0.045323021729271,0.9029758488340053
26102,LOF,0.023506302676057623,0.04567293547699086,0.9308207618469515
26103,Neutral,0.8673715330625962,0.053192381911534435,0.07943608502586938
26104,LOF,0.04869688489327017,0.09209951626138509,0.8592035988453447
26105,LOF,0.3511489720110502,0.15784806990253789,0.4910029580864119
26106,LOF,0.13883982681658333,0.10015502934104702,0.7610051438423696
26107,LOF,0.24818705947332387,0.08038466781289846,0.6714282727137776
26108,LOF,0.1746760102769619,0.07799991984030476,0.7473240698827334
26109,LOF,0.08002842447122811,0.09038204923239203,0.8295895262963797
26110,LOF,0.2692291892919437,0.047500328028328986,0.6832704826797273
26111,LOF,0.4574554671259221,0.031246242365240047,0.5112982905088378
26112,LOF,0.046317048434599786,0.024419425409479428,0.9292635261559207
26113,LOF,0.05744870895476254,0.048653907240128545,0.893897383805109
26114,LOF,0.024359652928868776,0.0324389236975049,0.9432014233736264
26115,LOF,0.11626989458878577,0.0544521569854398,0.8292779484257744
26116,LOF,0.05361259339906752,0.054999352776701496,0.8913880538242309
26117,LOF,0.23087321556056548,0.14147411089314121,0.6276526735462934
26118,LOF,0.03474717330906749,0.07809985639660584,0.8871529702943267
26119,LOF,0.022371044111539805,0.17645991963809216,0.8011690362503681
26120,LOF,0.027166630119655803,0.0703048871299387,0.9025284827504055
26121,LOF,0.048127361004906555,0.17207840538217012,0.7797942336129233
26122,LOF,0.06188322631222313,0.13735578318996686,0.80076099049781
