feature0,prediction,LoGoFunc_Neutral,LoGoFunc_GOF,LoGoFunc_LOF
25546,Neutral,0.6276609434736373,0.05506823526618888,0.317270821260174
25547,Neutral,0.48922988710601006,0.08902546365118874,0.4217446492428013
25548,Neutral,0.48214260731022357,0.07269799622457786,0.4451593964651984
25549,LOF,0.4129322137404414,0.07419655170226241,0.5128712345572962
25550,LOF,0.33890646123862206,0.11307957620079481,0.5480139625605831
25551,LOF,0.30223050136344015,0.11885045620265672,0.5789190424339031
25552,LOF,0.25916580563731856,0.1170130129399718,0.6238211814227097
25553,Neutral,0.8079341621340957,0.04490016559227034,0.14716567227363397
25554,LOF,0.3127155574492643,0.10521746634737454,0.5820669762033611
25555,LOF,0.25726512204485646,0.10363552847313202,0.6390993494820114
25556,Neutral,0.4618604118533921,0.08705133203634068,0.4510882561102673
25557,LOF,0.24794514058847517,0.1074148747854798,0.644639984626045
25558,LOF,0.32113031819457094,0.10373028908357686,0.5751393927218522
25559,LOF,0.18642023168242122,0.0979814522821615,0.7155983160354173
25560,LOF,0.16323401931215736,0.10374190270334302,0.7330240779844996
25561,LOF,0.15605301618084497,0.1104310144190913,0.7335159694000637
25562,LOF,0.07765655223056597,0.07622114250046086,0.8461223052689733
25563,LOF,0.023631936967998434,0.13597727553951822,0.8403907874924834
25564,LOF,0.23027098507982216,0.1286593694364914,0.6410696454836864
25565,LOF,0.18590370578654788,0.1473586254595677,0.6667376687538844
25566,GOF,0.09358557352263919,0.7239268928336092,0.18248753364375173
25567,LOF,0.03897304560646455,0.13926765002681685,0.8217593043667186
25568,LOF,0.05920969005033891,0.0799337897144166,0.8608565202352445
25569,LOF,0.05938226677340003,0.08426318904493763,0.8563545441816622
25570,LOF,0.02722640540765297,0.11164175227951782,0.8611318423128292
25571,LOF,0.026642921560449163,0.11433866521274047,0.8590184132268104
25572,LOF,0.061450184323018395,0.1279229602773128,0.8106268553996687
25573,LOF,0.058824069899855114,0.0943350235158223,0.8468409065843225
25574,LOF,0.0618761934860869,0.21862472341954575,0.7194990830943674
25575,LOF,0.022048458891459993,0.1277497190833553,0.8502018220251847
25576,LOF,0.029298617592009957,0.1632275446130804,0.8074738377949097
25577,LOF,0.029581369062796473,0.12853129634112004,0.8418873345960834
25578,LOF,0.30520368747206095,0.08871940103642804,0.606076911491511
25579,LOF,0.1315079333744701,0.0962142428944753,0.7722778237310547
25580,LOF,0.019997350458687838,0.09342613215197877,0.8865765173893334
25581,LOF,0.05341449060667003,0.07746210183870965,0.8691234075546204
25582,LOF,0.05332795419206336,0.07583096345830248,0.8708410823496342
25583,LOF,0.020144532914274198,0.09024428842200789,0.8896111786637179
25584,Neutral,0.6678372296202828,0.10564288758452589,0.22651988279519134
25585,LOF,0.025905218170479558,0.1364265879755715,0.8376681938539489
25586,LOF,0.017796564604842156,0.07891312715010694,0.903290308245051
25587,LOF,0.01774390558838574,0.07294168250048387,0.9093144119111305
25588,LOF,0.019844103088496576,0.08519939537237015,0.8949565015391333
25589,Neutral,0.5052221670117168,0.21128147364115435,0.2834963593471289
25590,LOF,0.047523898007590784,0.12169404770189907,0.8307820542905101
25591,LOF,0.09428848019810951,0.06737621592883254,0.8383353038730579
25592,LOF,0.057655299971615864,0.14545712334930408,0.7968875766790801
25593,LOF,0.13271357031976225,0.2977915849366857,0.5694948447435522
25594,LOF,0.05416652900279844,0.1060702046079149,0.8397632663892866
25595,LOF,0.054755117178190614,0.08017651738360086,0.8650683654382085
25596,LOF,0.10425751429085214,0.04467925410027862,0.8510632316088693
25597,LOF,0.08087138353387135,0.05453678910621713,0.8645918273599115
25598,LOF,0.05465456616738663,0.08206664791502477,0.8632787859175886
25599,LOF,0.021367627858646404,0.46503762904032037,0.5135947431010331
25600,GOF,0.18499104436191965,0.49655167228875213,0.3184572833493283
25601,LOF,0.040680291467325234,0.4107803975573334,0.5485393109753413
25602,LOF,0.02951967443929795,0.06924407888484438,0.9012362466758578
25603,LOF,0.029055725956078644,0.03605378920854709,0.9348904848353743
25604,LOF,0.031675753825533566,0.08333724787915286,0.8849869982953135
25605,LOF,0.03329267529928283,0.20948032087232418,0.757227003828393
25606,LOF,0.4021540141926475,0.11843131223165966,0.47941467357569284
25607,LOF,0.02312036161351126,0.20562256400713394,0.7712570743793548
25608,LOF,0.032796156829708156,0.07524070663476348,0.8919631365355284
25609,GOF,0.13517781912388904,0.5085555067401933,0.3562666741359176
25610,LOF,0.014900118104609394,0.028382554919443834,0.9567173269759468
25611,LOF,0.013206742490380969,0.03226090865557955,0.9545323488540396
25612,LOF,0.050085868165840486,0.049060497797494225,0.9008536340366653
25613,LOF,0.04686141755607942,0.048687861276126315,0.9044507211677943
25614,LOF,0.020537143811708753,0.026938008117328705,0.9525248480709625
25615,LOF,0.043427934751148915,0.04292979089947262,0.9136422743493785
25616,LOF,0.04451026354813848,0.029986514043309206,0.9255032224085522
25617,LOF,0.04074009873992307,0.03999100558833611,0.919268895671741
25618,LOF,0.051031304025955085,0.037998358376254864,0.9109703375977901
25619,LOF,0.013119532964035905,0.034174080206471114,0.9527063868294929
25620,LOF,0.05868205905042524,0.04835568065186756,0.8929622602977072
25621,LOF,0.05559328972410819,0.03610585072121726,0.9083008595546745
25622,LOF,0.0658294521733876,0.03716156411941444,0.8970089837071978
25623,LOF,0.07008197680985974,0.026774408954884567,0.9031436142352558
25624,LOF,0.018231478593014994,0.034068220122136596,0.9477003012848484
25625,LOF,0.07013785331224952,0.040364131341279016,0.8894980153464715
25626,LOF,0.0487418688059373,0.04437399414869988,0.9068841370453629
25627,Neutral,0.8898333715442774,0.020000078157640912,0.09016655029808145
25628,LOF,0.1379821698836511,0.060132452394166,0.8018853777221828
25629,LOF,0.0679996900846664,0.050353932660648006,0.8816463772546855
25630,LOF,0.28320919752208473,0.07061230196406988,0.6461785005138454
25631,Neutral,0.5617291678999107,0.06088454103920021,0.3773862910608891
25632,LOF,0.025777796247315982,0.06353566664677374,0.9106865371059104
25633,LOF,0.17357245582890102,0.03540951786188889,0.7910180263092101
25634,LOF,0.033821669476290186,0.07879703581585554,0.8873812947078542
25635,LOF,0.03274676067677761,0.044321172567924616,0.9229320667552977
25636,LOF,0.03258325429435861,0.42880190598797596,0.5386148397176653
25637,LOF,0.0700786068348739,0.4527297262321676,0.47719166693295856
25638,LOF,0.03123853796912399,0.30100349961182016,0.6677579624190558
25639,LOF,0.02769923297015854,0.3291844935944947,0.6431162734353468
25640,Neutral,0.8218277679625416,0.13730452232420806,0.04086770971325026
25641,LOF,0.06623629703676788,0.4358919320537215,0.49787177090951046
25642,LOF,0.040340437325085896,0.15457681103744564,0.8050827516374685
25643,LOF,0.20118131743970438,0.16487585838940377,0.6339428241708919
25644,LOF,0.018879414599424146,0.44634932785449205,0.5347712575460838
25645,LOF,0.021119569990426388,0.3968656052456161,0.5820148247639575
25646,LOF,0.047249190523794116,0.311047890032244,0.641702919443962
25647,LOF,0.021977315088217975,0.25218729992651306,0.7258353849852689
25648,LOF,0.030349530504511193,0.23036569066636084,0.739284778829128
25649,LOF,0.016500083420555096,0.23982460331621663,0.7436753132632283
25650,LOF,0.05026956255349435,0.37922607142557174,0.5705043660209339
25651,LOF,0.016821467496942247,0.25759170506954887,0.7255868274335088
25652,LOF,0.03301167942824847,0.2538410056548166,0.713147314916935
25653,LOF,0.08368787523893044,0.3978196650009861,0.5184924597600834
25654,LOF,0.024048302044976454,0.1969400887087899,0.7790116092462336
25655,LOF,0.21633336391004615,0.3809944506799613,0.4026721854099926
25656,LOF,0.25836505133875354,0.05378915877765876,0.6878457898835878
25657,LOF,0.06854349827150426,0.059169007701390594,0.8722874940271051
25658,LOF,0.3635829956322961,0.06407215164890227,0.5723448527188015
25659,Neutral,0.5099623957157765,0.10298416670241435,0.38705343758180916
25660,LOF,0.02291211118300826,0.09535110262755073,0.881736786189441
25661,LOF,0.09280442870839922,0.06356492583932907,0.8436306454522718
25662,LOF,0.03213949318865424,0.035589505550845175,0.9322710012605006
25663,LOF,0.04159014585915613,0.04802052788240927,0.9103893262584346
25664,LOF,0.13393437389730165,0.07044933886764275,0.7956162872350556
25665,LOF,0.05273001040088533,0.029859141038873563,0.917410848560241
25666,LOF,0.088361709964269,0.0770357490914023,0.8346025409443286
25667,LOF,0.06357446598367018,0.04063638139142686,0.895789152624903
25668,LOF,0.035223112747679475,0.05150984890442345,0.913267038347897
25669,LOF,0.030544765852352666,0.05235011492653932,0.9171051192211079
25670,LOF,0.1551351163774661,0.061478988513568776,0.7833858951089651
25671,LOF,0.09745129717856398,0.036853177056721566,0.8656955257647144
25672,LOF,0.05278583681227637,0.04210343043458103,0.9051107327531426
25673,LOF,0.08009360624781459,0.05252657158791738,0.867379822164268
25674,LOF,0.06916885283282012,0.05829852080018091,0.872532626366999
25675,LOF,0.11872193568924777,0.05567854124076662,0.8255995230699856
25676,LOF,0.01836783982966814,0.05677383729501312,0.9248583228753187
25677,LOF,0.02479946425127649,0.07281528961253846,0.9023852461361851
25678,LOF,0.19505298197673768,0.05905632453465705,0.7458906934886053
25679,LOF,0.1240663859069049,0.07174733682746331,0.8041862772656319
25680,LOF,0.03011733481358078,0.11075549688838347,0.8591271682980358
25681,LOF,0.04933245906953381,0.1029550707765599,0.8477124701539063
25682,LOF,0.13375045409819655,0.07617499943810899,0.7900745464636943
25683,LOF,0.12197234396066182,0.08561171565818093,0.7924159403811574
25684,LOF,0.04280456547877238,0.07769664570419757,0.87949878881703
25685,LOF,0.13208487662651894,0.053108566268910744,0.8148065571045703
25686,LOF,0.08241615850906894,0.08347937744608228,0.8341044640448487
25687,LOF,0.11304228623505028,0.091558901451838,0.7953988123131117
25688,LOF,0.30188900256429996,0.038164671688896694,0.6599463257468033
25689,LOF,0.24005326481994269,0.03913839230549013,0.7208083428745672
25690,LOF,0.33798865765886654,0.030939805625303636,0.6310715367158298
25691,Neutral,0.7146397490504496,0.023806163591848253,0.2615540873577022
25692,LOF,0.3135813775374762,0.012462974396070305,0.6739556480664535
25693,LOF,0.05089739725006126,0.43538488763301036,0.5137177151169283
25694,LOF,0.12328646093538558,0.015814824249895738,0.8608987148147187
25695,LOF,0.11780755853969588,0.016707001959611667,0.8654854395006926
25696,LOF,0.10379140103326485,0.01042176262933864,0.8857868363373965
25697,LOF,0.12782583316643,0.03814022015381837,0.8340339466797516
25698,LOF,0.3675103840997853,0.1926264807800519,0.43986313512016284
25699,LOF,0.43650727616121476,0.03990395075038838,0.5235887730883969
25700,LOF,0.057035262293396685,0.008400857128426656,0.9345638805781766
25701,LOF,0.13797429472537234,0.05318754196290984,0.8088381633117179
25702,GOF,0.17569799266672273,0.5793260412904994,0.24497596604277788
25703,LOF,0.018814938709192063,0.17236953384388604,0.808815527446922
25704,LOF,0.04828224769571926,0.13068633785283937,0.8210314144514413
25705,LOF,0.06085346321899772,0.18209065040985498,0.7570558863711474
25706,LOF,0.09480794660320137,0.4229864809262088,0.48220557247058976
25707,LOF,0.09110545943288023,0.3066838716779833,0.6022106688891365
25708,LOF,0.030352063755204724,0.2658197820329393,0.703828154211856
25709,LOF,0.06223560775957704,0.037274567816397916,0.9004898244240249
25710,LOF,0.012827509588010712,0.12083914895854074,0.8663333414534484
25711,LOF,0.017796914504991573,0.08862415522157707,0.8935789302734314
25712,LOF,0.014447581899138454,0.17314187065156075,0.8124105474493007
25713,LOF,0.019079857202225894,0.07353021910039152,0.9073899236973827
25714,LOF,0.07021436552168081,0.06839648365776983,0.8613891508205495
25715,LOF,0.01098007148749928,0.1350979133834116,0.853922015129089
25716,LOF,0.014910134584195569,0.10343187130933329,0.8816579941064712
25717,LOF,0.013628182017326058,0.07140520219412395,0.91496661578855
25718,LOF,0.012457865966488336,0.08651423343521014,0.9010279005983015
25719,LOF,0.018356420949791008,0.07587919860153212,0.9057643804486769
25720,LOF,0.022622130011596575,0.06689547707866031,0.9104823929097431
25721,LOF,0.015124857878254287,0.09809760800707225,0.8867775341146735
25722,LOF,0.014082933063930604,0.110922591134844,0.8749944758012254
25723,LOF,0.021887421245051275,0.04137265784572451,0.9367399209092242
25724,LOF,0.022810743786452037,0.07754720251399953,0.8996420536995483
25725,LOF,0.011737418713290386,0.0622994753139107,0.925963105972799
25726,LOF,0.015395330008218515,0.09015588715993239,0.8944487828318491
25727,LOF,0.0130110979428865,0.06979537618421813,0.9171935258728955
25728,LOF,0.009797773201212277,0.1080385974541473,0.8821636293446403
25729,LOF,0.010063976285127093,0.10390441508514642,0.8860316086297264
25730,LOF,0.013708829635051371,0.07643870776808556,0.9098524625968631
25731,LOF,0.0201661337609013,0.10344418958758234,0.8763896766515163
25732,LOF,0.015495257324467418,0.07298871999062369,0.9115160226849089
25733,LOF,0.015799606279963817,0.06761468282480924,0.9165857108952269
25734,LOF,0.011493443875536932,0.11206397747551282,0.8764425786489503
25735,LOF,0.013831307793164972,0.07900320957989566,0.9071654826269394
25736,LOF,0.014186268375003138,0.10107159608994722,0.8847421355350497
25737,LOF,0.021256142158075822,0.08045165278292146,0.8982922050590026
25738,LOF,0.012611899877504542,0.09260020205765884,0.8947878980648365
25739,LOF,0.01931288119472209,0.06818321506979456,0.9125039037354834
25740,LOF,0.028076246325695463,0.09490901126936395,0.8770147424049405
25741,LOF,0.015400433848508073,0.09944845532357768,0.8851511108279143
25742,LOF,0.11802997736996461,0.07266138869200474,0.8093086339380308
25743,LOF,0.031389162976125894,0.03370406697012809,0.9349067700537459
25744,Neutral,0.6167506248241451,0.19300070104645792,0.19024867412939706
25745,LOF,0.08079190073643787,0.07037916464803512,0.848828934615527
25746,LOF,0.04014632268640841,0.08027482424564451,0.879578853067947
25747,LOF,0.02182318730189012,0.04342789853157825,0.9347489141665316
25748,LOF,0.10064122656649298,0.06545956911725818,0.8338992043162488
25749,LOF,0.025454932365467427,0.07143676199332609,0.9031083056412064
25750,LOF,0.08859886811690357,0.07862673361592333,0.8327743982671731
25751,LOF,0.09042025545344759,0.06686772242828144,0.842712022118271
25752,GOF,0.11015584200383631,0.6420919596301239,0.2477521983660397
25753,LOF,0.019663948170005014,0.28227766284936323,0.6980583889806319
25754,GOF,0.0110279064379245,0.7961192064808943,0.19285288708118123
25755,LOF,0.022727473554633167,0.3746839041541585,0.6025886222912082
25756,LOF,0.04003392373283919,0.3732350537912645,0.5867310224758963
25757,GOF,0.012290800320932624,0.8343937691063212,0.15331543057274616
25758,GOF,0.028915196781595473,0.8282850347328788,0.1427997684855259
25759,GOF,0.010822988309131755,0.5704984840651166,0.4186785276257516
25760,LOF,0.010854466634168666,0.24862440140482905,0.7405211319610023
25761,GOF,0.2658742585748355,0.6373609765528021,0.09676476487236235
25762,LOF,0.03450749275193819,0.2670699936010994,0.6984225136469624
25763,LOF,0.012087999280081852,0.22166926360828354,0.7662427371116347
25764,GOF,0.07260648888838812,0.6232213851914361,0.3041721259201756
25765,GOF,0.039237585232713694,0.7614357026877254,0.19932671207956087
25766,GOF,0.058947482267201375,0.7455614938562838,0.19549102387651487
25767,GOF,0.1703991989922194,0.5140378615155934,0.3155629394921873
25768,LOF,0.09358724361540642,0.06221542866590337,0.8441973277186902
25769,LOF,0.07157556211097707,0.0691074305320777,0.8593170073569452
25770,LOF,0.2783659165711226,0.08616574424759744,0.6354683391812799
25771,LOF,0.04187282194979753,0.04534046957743107,0.9127867084727714
25772,LOF,0.01618952251511769,0.03589699572359271,0.9479134817612896
25773,LOF,0.04809063032601462,0.09018952312212998,0.8617198465518554
25774,LOF,0.029003670570917562,0.077735047298843,0.8932612821302394
25775,LOF,0.047980113211733934,0.049316617830524344,0.9027032689577417
25776,LOF,0.06533383323202704,0.02713966511944071,0.9075265016485322
25777,LOF,0.3076851583000313,0.055404519860887,0.6369103218390817
25778,LOF,0.065068998125835,0.04921601798133807,0.885714983892827
25779,GOF,0.40490246135582453,0.5487705308423522,0.046327007801823285
25780,GOF,0.3190906441995413,0.6018331146600351,0.07907624114042369
25781,GOF,0.14635108643895825,0.7450715339074608,0.1085773796535809
25782,GOF,0.22939064031988102,0.6954521591558034,0.07515720052431549
25783,GOF,0.02730611096103672,0.6107646314900032,0.36192925754896016
25784,Neutral,0.5494799175285718,0.4095665290092492,0.040953553462178945
25785,Neutral,0.48445506823856854,0.473560971626405,0.04198396013502645
25786,GOF,0.030991448524962526,0.7120110659380424,0.256997485536995
25787,Neutral,0.665054587662166,0.3073672676789804,0.02757814465885365
25788,LOF,0.04767386297932807,0.0904092929395405,0.8619168440811315
25789,GOF,0.20531761088913775,0.624930886027946,0.16975150308291626
25790,GOF,0.2428037454328345,0.6362163083607822,0.12097994620638329
25791,GOF,0.16885949269349415,0.6481302189189597,0.18301028838754613
25792,GOF,0.36506849940605446,0.48893832346065863,0.14599317713328688
25793,GOF,0.26192371992032704,0.5125686643321242,0.22550761574754868
25794,GOF,0.32368165736129917,0.4922119979925441,0.18410634464615677
25795,GOF,0.08452022114817934,0.6639686313972131,0.2515111474546077
25796,Neutral,0.5604349931146747,0.3528215456385914,0.08674346124673388
25797,GOF,0.09098414535610362,0.51089003376064,0.3981258208832562
25798,LOF,0.009708941369460657,0.4605168182526971,0.5297742403778424
25799,LOF,0.007637922309196966,0.34472540524881934,0.6476366724419838
25800,GOF,0.03608546881108461,0.5334081737702222,0.4305063574186932
25801,GOF,0.20590061118605713,0.6386845537957626,0.15541483501818035
25802,GOF,0.07457992819966981,0.6689229256176655,0.25649714618266456
25803,GOF,0.03493220622149983,0.5561732019829149,0.4088945917955854
25804,LOF,0.03184724374499601,0.44909745653826566,0.5190552997167382
25805,GOF,0.1088063543307475,0.5557553434654684,0.3354383022037841
25806,GOF,0.10520181360050447,0.5544059713803186,0.340392215019177
25807,GOF,0.01935221310785228,0.5812101130126648,0.39943767387948276
25808,GOF,0.08844139898536393,0.6020389206311509,0.30951968038348504
25809,GOF,0.01886830436240218,0.5454663227357173,0.4356653729018805
25810,GOF,0.01835980846303837,0.5863254734726386,0.3953147180643231
25811,Neutral,0.4933836681380204,0.4161211881696931,0.09049514369228641
25812,GOF,0.033711016316876743,0.6234705298735909,0.3428184538095325
25813,Neutral,0.5294136153765232,0.3722477871103461,0.09833859751313077
25814,GOF,0.12825834327374103,0.6288373192692015,0.24290433745705747
25815,GOF,0.20877226745416277,0.5849389499107853,0.20628878263505188
25816,GOF,0.024129533309100868,0.6883792988358934,0.2874911678550057
25817,GOF,0.2513045275867802,0.6166222540092072,0.1320732184040125
25818,GOF,0.05499387021064764,0.6217534029055347,0.32325272688381756
25819,GOF,0.3832929348408893,0.46166516352216946,0.15504190163694131
25820,GOF,0.2187574524358354,0.5612344163528726,0.22000813121129206
25821,GOF,0.0665766728275539,0.6398772477576117,0.2935460794148343
25822,GOF,0.229910259904389,0.5262093315596246,0.24388040853598636
25823,LOF,0.03410660675216561,0.47355070059826593,0.4923426926495686
25824,GOF,0.09310802130881206,0.5472368181394783,0.35965516055170965
25825,GOF,0.036932571638595195,0.5628914169413135,0.40017601142009135
25826,GOF,0.015573441398004626,0.5376805713312701,0.4467459872707252
25827,GOF,0.02465023044260066,0.5616834224269311,0.41366634713046824
25828,LOF,0.014852315471249012,0.4730260276166856,0.5121216569120653
25829,GOF,0.005835001498875031,0.5260670387148589,0.468097959786266
25830,LOF,0.03311350289559269,0.26664483341606926,0.7002416636883381
25831,GOF,0.22943351359464823,0.6205826859672937,0.149983800438058
25832,GOF,0.03779418594845022,0.6787353643913667,0.283470449660183
25833,GOF,0.1466025110578463,0.6769855833730405,0.17641190556911313
25834,GOF,0.03831376283689778,0.6818451568793732,0.279841080283729
25835,GOF,0.084195874102134,0.7375669123230364,0.17823721357482958
25836,GOF,0.03541934151747462,0.6745844422612314,0.28999621622129396
25837,GOF,0.028403325166647553,0.5566433482756314,0.414953326557721
25838,GOF,0.09744583183995204,0.7418911236367416,0.1606630445233063
25839,GOF,0.301285358094515,0.5432633070601333,0.15545133484535184
25840,GOF,0.2560292023313861,0.5874335223138436,0.15653727535477033
25841,GOF,0.2602000554884735,0.5871102394239112,0.1526897050876154
25842,GOF,0.17692485468141111,0.7004732668920537,0.12260187842653521
25843,GOF,0.24554891038720486,0.6603338504003442,0.09411723921245096
25844,GOF,0.07297178015491834,0.684543854636967,0.24248436520811464
25845,LOF,0.01681865938732903,0.4441445233478575,0.5390368172648135
25846,GOF,0.13731339487219535,0.695059787929838,0.16762681719796665
25847,GOF,0.11627315123565289,0.7738235136046424,0.10990333515970456
25848,GOF,0.0444113316397229,0.6650698382965821,0.29051883006369505
25849,GOF,0.011655677226407427,0.5441362199024563,0.4442081028711362
25850,GOF,0.022782833760889687,0.61191444601185,0.36530272022726035
25851,LOF,0.018833767260820734,0.4771581660786966,0.5040080666604827
25852,GOF,0.1766519236400112,0.5114755772204862,0.3118724991395027
25853,GOF,0.3525033232236292,0.5631005263612855,0.08439615041508544
25854,GOF,0.022323463930622466,0.5797141820927403,0.3979623539766372
25855,GOF,0.040712292420170944,0.5212631116490044,0.43802459593082466
25856,GOF,0.27196606484181596,0.4826410186079643,0.24539291655021978
25857,LOF,0.041332245143990774,0.44379415279666157,0.5148736020593477
25858,GOF,0.02084877245891407,0.4916269089816755,0.48752431855941053
25859,LOF,0.010954185577160654,0.46688912235834745,0.5221566920644919
25860,GOF,0.395785792796146,0.5004083647129807,0.10380584249087331
25861,GOF,0.43743815861235963,0.4796797650369855,0.08288207635065477
25862,GOF,0.0904271262550617,0.7653236927748154,0.14424918097012293
25863,GOF,0.08492990698882641,0.7679573321434198,0.14711276086775388
25864,GOF,0.20614727340385072,0.7171770514634578,0.07667567513269147
25865,GOF,0.09395171038221006,0.7864066022453561,0.11964168737243383
25866,GOF,0.06655812867962234,0.760278514923155,0.17316335639722275
25867,GOF,0.0981141201945412,0.7834988032607277,0.1183870765447311
25868,GOF,0.2801894571714846,0.5924407316728222,0.1273698111556932
25869,Neutral,0.7301703735041172,0.22268427407927843,0.04714535241660438
25870,LOF,0.30743469365400405,0.3452508454320342,0.3473144609139618
25871,GOF,0.2499014967901011,0.6088215204617614,0.14127698274813755
25872,GOF,0.08162401627022939,0.5958508645544198,0.32252511917535076
25873,GOF,0.11663451227691192,0.6492940404139489,0.2340714473091392
25874,LOF,0.01449683869721029,0.0983308810366765,0.8871722802661131
25875,LOF,0.08181385184663323,0.04769551809375023,0.8704906300596166
25876,LOF,0.032643979510453926,0.03385373817834541,0.9335022823112007
25877,Neutral,0.4878100634788462,0.0548932388450223,0.4572966976761316
25878,LOF,0.19425089789542252,0.10563079040644767,0.7001183116981298
25879,LOF,0.0723989068920802,0.10179787390864993,0.8258032191992698
25880,LOF,0.03919952398248405,0.01904153078350045,0.9417589452340154
25881,LOF,0.1821447701633124,0.12249524823809063,0.695359981598597
25882,LOF,0.06520649280498048,0.01866151386298284,0.9161319933320365
25883,LOF,0.06766022139797041,0.018857911970493177,0.9134818666315365
25884,LOF,0.03264854026978797,0.0346955579913786,0.9326559017388334
25885,LOF,0.06302457357264814,0.012731198503394348,0.9242442279239576
25886,LOF,0.24411257625823782,0.03841831086713315,0.7174691128746291
25887,LOF,0.14829634554952514,0.07430108619248063,0.7774025682579943
25888,LOF,0.06819185035506783,0.05654883972860284,0.8752593099163293
25889,LOF,0.042231546651063864,0.023781956348414617,0.9339864970005215
25890,LOF,0.04641568122526783,0.1454083175831227,0.8081760011916095
25891,LOF,0.040740422048874576,0.0551168219157631,0.9041427560353623
25892,LOF,0.08528901484734709,0.020394777755464492,0.8943162073971884
25893,LOF,0.23980577288383986,0.018077212305915337,0.7421170148102448
25894,LOF,0.1770942191150034,0.010613173160607876,0.8122926077243888
25895,LOF,0.20134183353559235,0.0212292148102043,0.7774289516542033
25896,LOF,0.05193600036418738,0.023024442873141256,0.9250395567626714
25897,LOF,0.26789428275851573,0.011094192879153746,0.7210115243623306
25898,Neutral,0.7077670021243738,0.009631384244216442,0.2826016136314098
25899,LOF,0.2201903855235908,0.020778709347165313,0.759030905129244
25900,LOF,0.46384241269051124,0.014555407863508764,0.52160217944598
25901,LOF,0.0584954503090094,0.012918367036988457,0.9285861826540022
25902,LOF,0.16034771098498649,0.014695542202481883,0.8249567468125316
25903,Neutral,0.5653013704852545,0.02707221367544349,0.4076264158393021
25904,LOF,0.310997849671083,0.046374332400732764,0.6426278179281841
25905,LOF,0.028368570784601907,0.3269160431855173,0.6447153860298808
25906,LOF,0.03047937800962303,0.07523819188921822,0.8942824301011587
25907,LOF,0.016058312957457882,0.32457996460131366,0.6593617224412285
25908,LOF,0.011674375563139853,0.25753311007534124,0.7307925143615189
25909,LOF,0.01319355532194866,0.1337900862752158,0.8530163584028355
25910,LOF,0.05404529723360598,0.12651805113036124,0.8194366516360327
25911,LOF,0.17149416193943198,0.02223712904659943,0.8062687090139685
25912,LOF,0.04611040753040491,0.041704256530698446,0.9121853359388967
25913,LOF,0.3265907377147627,0.017395283063979736,0.6560139792212575
25914,LOF,0.01939901949187452,0.06331117230750145,0.917289808200624
25915,Neutral,0.5454521782608648,0.19089630279363445,0.26365151894550076
25916,LOF,0.07959176234170434,0.2218708211601538,0.6985374164981418
25917,LOF,0.06572483192798009,0.05218929670680479,0.882085871365215
25918,LOF,0.022410633155147873,0.038849628330722065,0.93873973851413
25919,LOF,0.019809345648171793,0.03913689445068534,0.9410537599011428
25920,GOF,0.11774701242253015,0.5222847368241553,0.3599682507533146
25921,LOF,0.024265571427542442,0.026968645299447036,0.9487657832730104
25922,LOF,0.03297806823044674,0.01955621598401568,0.9474657157855376
25923,LOF,0.4422838006399009,0.026229195487713707,0.5314870038723853
25924,LOF,0.035846337716872456,0.0341651697932795,0.9299884924898482
25925,LOF,0.06663230512034767,0.029790954800972592,0.9035767400786798
25926,LOF,0.04768900677265929,0.02426773797272133,0.9280432552546194
25927,LOF,0.053751408766330874,0.10134533739180972,0.8449032538418594
25928,LOF,0.01735181176258439,0.03738786609890169,0.945260322138514
25929,Neutral,0.5542988396418727,0.028376124088427865,0.41732503626969947
25930,LOF,0.06983374741894777,0.024166825949235415,0.9059994266318168
25931,LOF,0.02353245666358482,0.024035797913821846,0.9524317454225933
25932,LOF,0.026786512650995582,0.021279717603414013,0.9519337697455905
25933,LOF,0.036394641652498186,0.015121319793024737,0.948484038554477
25934,LOF,0.023015820750837124,0.01669882499383839,0.9602853542553245
25935,LOF,0.057832969198586305,0.038660295485752276,0.9035067353156615
25936,LOF,0.0427210338232311,0.017324123529109284,0.9399548426476597
25937,LOF,0.026674227914872943,0.028379621215086148,0.944946150870041
25938,LOF,0.06077912719428299,0.041059805202879114,0.8981610676028379
25939,LOF,0.0368593752527694,0.01495092595040863,0.9481896987968219
25940,LOF,0.028292804442605273,0.3932312859902709,0.5784759095671238
25941,LOF,0.19272806874077458,0.10197057172960448,0.7053013595296209
25942,LOF,0.01405529787641892,0.033858967433607466,0.9520857346899736
25943,LOF,0.29978486300420887,0.05061403887841539,0.6496010981173758
25944,Neutral,0.508997044388463,0.021343465112182384,0.4696594904993545
25945,LOF,0.07288014862568243,0.023750235171709985,0.9033696162026076
25946,LOF,0.02884497740527962,0.12101246416948004,0.8501425584252403
25947,LOF,0.10046458711402093,0.18975066931623236,0.7097847435697469
25948,LOF,0.3625443493229089,0.008851101361498177,0.628604549315593
25949,LOF,0.11973296995371835,0.0417577306251423,0.8385092994211393
25950,GOF,0.2783275327069383,0.3961214750480487,0.32555099224501305
25951,LOF,0.1987701080460414,0.2645348559979655,0.5366950359559931
25952,LOF,0.04297778008093458,0.4297632773536719,0.5272589425653935
25953,LOF,0.1565311708903451,0.1063258238557995,0.7371430052538555
25954,Neutral,0.44365200999797555,0.17088188886005218,0.38546610114197233
25955,LOF,0.05216002664488676,0.07933502265271146,0.8685049507024017
25956,LOF,0.19365714725170657,0.11445118946820157,0.691891663280092
25957,LOF,0.040046512101955256,0.02803861243014306,0.9319148754679016
25958,LOF,0.05596463056337233,0.02816451538924474,0.915870854047383
25959,LOF,0.06899325375898048,0.36510012406513587,0.5659066221758836
25960,LOF,0.015199991920480969,0.05443760055838325,0.9303624075211356
25961,LOF,0.042386901869164766,0.028508514176277904,0.9291045839545574
25962,LOF,0.05029916768233546,0.022552962098383405,0.927147870219281
25963,LOF,0.047715676181146305,0.19330516354929964,0.7589791602695539
25964,LOF,0.03323211947421009,0.14944869146706125,0.8173191890587287
25965,LOF,0.46280574513602557,0.06608146579768492,0.47111278906628945
25966,Neutral,0.5368344335485775,0.16998736165011194,0.2931782048013106
25967,LOF,0.018873197013640566,0.11385511693023741,0.867271686056122
25968,LOF,0.02938526642972432,0.4257659944699156,0.5448487391003601
25969,LOF,0.03297170122849444,0.06491746655878139,0.9021108322127243
25970,LOF,0.06424725283986236,0.06794572818691905,0.8678070189732184
25971,LOF,0.06287416986638765,0.02137269587432566,0.9157531342592866
25972,LOF,0.06795472180729527,0.027247259858826152,0.9047980183338785
25973,LOF,0.07359933282202226,0.01034237560172413,0.9160582915762536
25974,LOF,0.19679504286932362,0.01798980929059011,0.7852151478400864
25975,LOF,0.04647669527191861,0.02763578820489856,0.9258875165231829
25976,LOF,0.04479220164332977,0.017493336358546736,0.9377144619981235
25977,LOF,0.15888683988159494,0.08357847772090221,0.7575346823975028
25978,LOF,0.15529338807026177,0.06108868435079626,0.7836179275789419
25979,LOF,0.14462226499272895,0.05969355483933223,0.7956841801679388
25980,LOF,0.2360619947150492,0.07441724684454094,0.6895207584404098
25981,LOF,0.26860125071553326,0.07245307179469501,0.6589456774897718
25982,LOF,0.4224548370775949,0.049571362930683996,0.5279737999917211
25983,LOF,0.4103168872635592,0.05556091432936149,0.5341221984070793
25984,LOF,0.04538955434149075,0.04667791501892314,0.9079325306395861
25985,LOF,0.04250584457501461,0.22933170112382634,0.7281624543011591
25986,LOF,0.044431132641124804,0.27000375623680645,0.6855651111220687
25987,LOF,0.07924152145907654,0.06751063477893159,0.8532478437619919
25988,LOF,0.14904361559110654,0.06016759228926533,0.7907887921196283
25989,LOF,0.03471226815801708,0.1293243385975954,0.8359633932443875
25990,LOF,0.04341028341932374,0.15792642317456923,0.7986632934061071
25991,LOF,0.12423777704108763,0.28982236191558947,0.5859398610433229
25992,LOF,0.28302228964449117,0.1768258640916322,0.5401518462638767
25993,LOF,0.021023083187098068,0.0819785882143737,0.8969983285985282
25994,LOF,0.015069623717093803,0.10764874709873662,0.8772816291841696
25995,LOF,0.02156330904462376,0.20832621172488222,0.7701104792304941
25996,GOF,0.3103740768028861,0.4564971005953203,0.23312882260179377
25997,LOF,0.07215171049844335,0.40668165941816276,0.5211666300833939
25998,Neutral,0.5155385354181371,0.027370722939432043,0.457090741642431
25999,LOF,0.10973116771142198,0.10219960112466325,0.7880692311639147
26000,LOF,0.14445786509315728,0.05512820452032757,0.8004139303865152
26001,LOF,0.187602005608619,0.0550322468753153,0.7573657475160658
26002,LOF,0.1201276382301719,0.05471033979575086,0.8251620219740772
26003,GOF,0.009894347041626311,0.5974641655011828,0.392641487457191
26004,GOF,0.01982543823354579,0.689572822742714,0.2906017390237401
26005,LOF,0.006653093276240827,0.46725169083407025,0.526095215889689
26006,Neutral,0.4930884902908997,0.27870865080063617,0.2282028589084642
26007,GOF,0.019878979466378625,0.5513324116791536,0.42878860885446773
26008,GOF,0.01589958694363186,0.6014790731545687,0.38262133990179936
26009,GOF,0.020819394142244933,0.6802276075101734,0.29895299834758166
26010,GOF,0.020211848077925938,0.6536733348400661,0.32611481708200807
26011,LOF,0.006273548548380315,0.4525467356348649,0.5411797158167548
26012,GOF,0.01157454695734465,0.5554178924642257,0.4330075605784297
26013,GOF,0.016483503305103876,0.6052737488499137,0.3782427478449824
26014,LOF,0.03931977601784202,0.10002793076577632,0.8606522932163817
26015,LOF,0.16921050787784164,0.01325964355243956,0.8175298485697188
26016,LOF,0.20965194022713257,0.05228120679995514,0.7380668529729124
26017,LOF,0.2389988841472411,0.08205837275237994,0.6789427431003789
26018,LOF,0.07861191421945676,0.03126401713054888,0.8901240686499944
26019,LOF,0.07370541441245625,0.024590507435756224,0.9017040781517877
26020,LOF,0.07427620821720886,0.0981362230236683,0.8275875687591229
26021,LOF,0.04646904192687141,0.09682629871394717,0.8567046593591814
26022,LOF,0.011100088707999268,0.0345543150648669,0.9543455962271338
26023,LOF,0.06423626936503038,0.018504225356911434,0.9172595052780582
26024,LOF,0.03221659047269858,0.09528505678368603,0.8724983527436154
26025,LOF,0.1469474383511206,0.07850179937781077,0.7745507622710688
26026,LOF,0.32868529009787567,0.025360388102790763,0.6459543217993335
26027,LOF,0.06043612930411938,0.014248078529555057,0.9253157921663255
26028,LOF,0.17197356735577077,0.06452881612688721,0.7634976165173422
26029,LOF,0.07253082735037734,0.2213543500239518,0.7061148226256708
26030,LOF,0.023707147586490517,0.061934434630267834,0.9143584177832417
26031,LOF,0.025790439782786414,0.16211844098823644,0.8120911192289773
26032,LOF,0.0636283128197341,0.09957881190423933,0.8367928752760266
26033,LOF,0.0774252081489752,0.0997111210396821,0.8228636708113427
26034,LOF,0.04107907933890808,0.19225635096015306,0.7666645697009389
26035,LOF,0.026092067579158544,0.17592044963564304,0.7979874827851985
26036,LOF,0.03805812410870506,0.20711060928937775,0.7548312666019172
26037,LOF,0.02167099982250037,0.14584082877699495,0.8324881714005047
26038,LOF,0.05827566338025956,0.10295928556272489,0.8387650510570155
26039,LOF,0.050761039650559295,0.1801612132706955,0.7690777470787452
26040,LOF,0.2055122522180554,0.15798372484512962,0.6365040229368149
26041,LOF,0.02276719989128586,0.13360756189846845,0.8436252382102457
26042,LOF,0.02103417424281536,0.12431559099683387,0.8546502347603507
26043,LOF,0.06034144403253472,0.12121471363541157,0.8184438423320537
26044,LOF,0.02003236692179186,0.08133798672880406,0.8986296463494041
26045,LOF,0.07239887656401946,0.11998658344889498,0.8076145399870855
26046,LOF,0.05334970621971862,0.096244625476832,0.8504056683034493
26047,LOF,0.06929474717809249,0.09825713433613056,0.832448118485777
26048,LOF,0.04785427668666801,0.045266068641713036,0.9068796546716189
26049,Neutral,0.9686516326553221,0.007627115863596033,0.023721251481081913
26050,Neutral,0.9564975730216303,0.009839521686014492,0.03366290529235528
26051,LOF,0.05078826588156369,0.30448035946539315,0.6447313746530432
26052,LOF,0.06483931365823392,0.3435091803090056,0.5916515060327604
26053,LOF,0.056356459937975216,0.12794343250117607,0.8157001075608488
26054,LOF,0.05015849593305476,0.018277422271670812,0.9315640817952745
26055,LOF,0.06483096200022657,0.015285315467592377,0.9198837225321811
26056,LOF,0.056768302300529656,0.01718392882735296,0.9260477688721174
26057,LOF,0.030541032960053546,0.012924912684774949,0.9565340543551714
26058,LOF,0.03179778483605828,0.010365979169355805,0.957836235994586
26059,LOF,0.24369405865226418,0.02169751075516008,0.7346084305925757
26060,LOF,0.04632351781658084,0.19013856969377824,0.7635379124896409
26061,LOF,0.018959529068419863,0.011034408057935876,0.9700060628736443
26062,LOF,0.010560246501942082,0.01787529383343628,0.9715644596646217
26063,LOF,0.020854726301162904,0.01178773360194578,0.9673575400968912
26064,LOF,0.021958765446368385,0.022010621369233957,0.9560306131843976
26065,LOF,0.025491350357231733,0.011403272768026915,0.9631053768747414
26066,LOF,0.021438337889183687,0.011575440356940095,0.9669862217538763
26067,LOF,0.027074554472273856,0.009094700233183784,0.9638307452945423
26068,LOF,0.04504792094292798,0.02926728500069293,0.925684794056379
26069,LOF,0.25796063363057964,0.01852346153351338,0.7235159048359071
26070,LOF,0.41386598545860126,0.015096259392838365,0.5710377551485604
26071,LOF,0.02121026995898136,0.012526145965029437,0.9662635840759893
26072,LOF,0.021383095054785223,0.017211909230799773,0.961404995714415
26073,LOF,0.020957599862325024,0.010208805241249062,0.968833594896426
26074,Neutral,0.9115846838274789,0.005533239415721476,0.08288207675679948
26075,LOF,0.04386004198596347,0.014652794495448674,0.9414871635185879
26076,LOF,0.039865197561692635,0.009734316225303649,0.9504004862130038
26077,LOF,0.009521165167025399,0.015598149561370112,0.9748806852716045
26078,LOF,0.013570655663577423,0.011977705870033438,0.974451638466389
26079,LOF,0.05933115104457672,0.017330644952676492,0.9233382040027468
26080,LOF,0.05832344771480389,0.017383255644454684,0.9242932966407413
26081,LOF,0.03299827461142055,0.006247903508796699,0.9607538218797828
26082,LOF,0.013824434415265168,0.01583061166649717,0.9703449539182377
26083,LOF,0.17987743164521383,0.013758950567988166,0.8063636177867979
26084,LOF,0.04322151620725723,0.011444187420656372,0.9453342963720864
26085,LOF,0.03910131262157136,0.011012475837526969,0.9498862115409016
26086,LOF,0.0207986589821369,0.01141693596660529,0.9677844050512578
26087,LOF,0.023606638864395305,0.008184337058278266,0.9682090240773263
26088,LOF,0.01690157138106444,0.02398168102493223,0.9591167475940032
26089,LOF,0.04130825984409221,0.02184215426137364,0.9368495858945342
26090,LOF,0.04096349505992748,0.017530366129493297,0.9415061388105792
26091,LOF,0.032845917834618224,0.006378935778143651,0.9607751463872382
26092,LOF,0.02304509449010787,0.007912618577483665,0.9690422869324085
26093,LOF,0.03434634839052756,0.005696931383250039,0.9599567202262224
26094,LOF,0.03564544198655234,0.0064031178149895705,0.9579514401984582
26095,LOF,0.03961052828334648,0.012989665095383589,0.9473998066212699
26096,LOF,0.018624313273490376,0.011094719481259443,0.9702809672452503
26097,LOF,0.011912583308026161,0.0352791406175611,0.9528082760744127
26098,LOF,0.08357726828184546,0.010917654849937135,0.9055050768682174
26099,LOF,0.02178785451542293,0.012344791314760682,0.9658673541698165
26100,LOF,0.024004087491839344,0.011925591245157277,0.9640703212630033
26101,LOF,0.04848751383723755,0.015925018869125295,0.9355874672936372
26102,LOF,0.020826368667841044,0.01291977365289776,0.9662538576792611
26103,Neutral,0.8845578776880896,0.01826985989621803,0.09717226241569253
26104,LOF,0.08387921252840466,0.02460396744582478,0.8915168200257706
26105,LOF,0.19792741725143437,0.25432652382408977,0.5477460589244759
26106,LOF,0.18550545336725074,0.11054653787245479,0.7039480087602944
26107,LOF,0.23280707796462774,0.07031929771922915,0.6968736243161431
26108,LOF,0.2613062418254264,0.09026860786835579,0.6484251503062177
26109,LOF,0.1034815244738283,0.06176262235934999,0.8347558531668218
26110,LOF,0.24237751719432898,0.00836475080742756,0.7492577319982434
26111,Neutral,0.5048242132233373,0.027082380917070225,0.4680934058595924
26112,LOF,0.033080346794626216,0.009597829525453672,0.95732182367992
26113,LOF,0.06897358797195494,0.02144015570222965,0.9095862563258155
26114,LOF,0.025468614555570392,0.026442643034540525,0.948088742409889
26115,LOF,0.08827420701855727,0.057853409923932786,0.8538723830575099
26116,LOF,0.0652053306911094,0.06786051980329838,0.8669341495055922
26117,LOF,0.44789016276281585,0.03767775596794785,0.5144320812692363
26118,LOF,0.03297914674172048,0.023810471711582765,0.9432103815466967
26119,LOF,0.021244348204998847,0.03302549037793151,0.9457301614170697
26120,LOF,0.027108465576371834,0.0199837332506619,0.9529078011729661
26121,LOF,0.04364595910449593,0.08124506586861256,0.8751089750268914
