feature0,prediction,LoGoFunc_Neutral,LoGoFunc_GOF,LoGoFunc_LOF
25546,Neutral,0.6069057917905841,0.046234631047929464,0.3468595771614865
25547,Neutral,0.4940983681684481,0.07664242587125958,0.4292592059602924
25548,Neutral,0.5141022655914587,0.06776003432249575,0.41813770008604556
25549,LOF,0.45452355731496535,0.06381066133725416,0.4816657813477806
25550,LOF,0.376495747997399,0.07325521813044765,0.5502490338721533
25551,LOF,0.32670832729632676,0.08000968180674528,0.5932819908969279
25552,LOF,0.2953533408167233,0.08594493665566255,0.6187017225276142
25553,Neutral,0.7836708128599236,0.04290804054900345,0.17342114659107288
25554,LOF,0.3184201645863068,0.07741381609174547,0.6041660193219478
25555,LOF,0.2803568858869819,0.08047242833119199,0.6391706857818261
25556,LOF,0.45177162552515926,0.07663657441565765,0.4715918000591831
25557,LOF,0.26645567532326064,0.07844095712671159,0.6551033675500277
25558,LOF,0.31789524101376415,0.07191631974112127,0.6101884392451146
25559,LOF,0.25504332846681954,0.036963073426680634,0.7079935981064999
25560,LOF,0.10060105205058749,0.19387393373287426,0.7055250142165383
25561,LOF,0.0967535462984626,0.2853373731426013,0.6179090805589361
25562,LOF,0.036768351209707964,0.12716550169696336,0.8360661470933287
25563,LOF,0.006393391730752623,0.19917725524079033,0.7944293530284571
25564,LOF,0.08006509975832907,0.13233918763963703,0.787595712602034
25565,LOF,0.18196951630352093,0.1411292592535927,0.6769012244428863
25566,GOF,0.07582078435494691,0.7515662956881001,0.17261291995695305
25567,LOF,0.04555952117117116,0.16821587815681754,0.7862246006720113
25568,LOF,0.06183111570887505,0.10265895056160321,0.8355099337295218
25569,LOF,0.06655178677540832,0.09730334028225941,0.8361448729423323
25570,LOF,0.025549325393835844,0.16209132478014276,0.8123593498260214
25571,LOF,0.025355013780474576,0.17295292025788173,0.8016920659616438
25572,LOF,0.05602836901499642,0.2370446229803863,0.7069270080046173
25573,LOF,0.06823904094873796,0.1510715648202084,0.7806893942310537
25574,LOF,0.07884618303851589,0.26810462661335716,0.653049190348127
25575,LOF,0.025583178465019823,0.17999492320129187,0.7944218983336884
25576,LOF,0.025628580769958283,0.25676161358060356,0.7176098056494381
25577,LOF,0.028320748957321475,0.20833389695893204,0.7633453540837466
25578,LOF,0.2896440561837746,0.1029137583084944,0.607442185507731
25579,LOF,0.21232267314225287,0.10379754892409124,0.683879777933656
25580,LOF,0.02372390172198099,0.11300060449581918,0.8632754937821998
25581,LOF,0.04657382726755703,0.11099604092766004,0.842430131804783
25582,LOF,0.046317469107585114,0.10877542592273495,0.84490710496968
25583,LOF,0.03193733443235746,0.12137931691042131,0.8466833486572213
25584,Neutral,0.6997862020155197,0.13738081626431234,0.16283298172016797
25585,LOF,0.026723751825990003,0.22509221732242096,0.748184030851589
25586,LOF,0.02155094282854074,0.13781254848812052,0.8406365086833387
25587,LOF,0.020593527185908504,0.13216150838437718,0.8472449644297142
25588,LOF,0.025722684792045484,0.10433211999945231,0.8699451952085022
25589,Neutral,0.5611566176899246,0.2308765768359811,0.2079668054740942
25590,LOF,0.0553496044294319,0.16505167672005866,0.7795987188505096
25591,LOF,0.10800589193217335,0.0902921028174393,0.8017020052503874
25592,LOF,0.07818385805638553,0.2099780081225007,0.7118381338211137
25593,LOF,0.11708715170092088,0.32521866076254224,0.5576941875365368
25594,LOF,0.042704542818391096,0.04564397377228867,0.9116514834093201
25595,LOF,0.04739789090609366,0.024091352232679202,0.9285107568612271
25596,LOF,0.11088922552553732,0.016132866880383116,0.8729779075940797
25597,LOF,0.0873504750865062,0.015759722848532356,0.8968898020649614
25598,LOF,0.04650606664979455,0.025406411953527847,0.9280875213966776
25599,LOF,0.02794637917111073,0.39599660648268153,0.5760570143462078
25600,LOF,0.16224828938339733,0.375963037162188,0.46178867345441477
25601,LOF,0.047010347026598585,0.2874190573095286,0.6655705956638728
25602,LOF,0.04039013438514183,0.07395435023922711,0.885655515375631
25603,LOF,0.04804825202034167,0.06764003140530371,0.8843117165743546
25604,LOF,0.0555146819232036,0.1408907574235887,0.8035945606532078
25605,LOF,0.05159384842002694,0.1873939417061148,0.7610122098738583
25606,Neutral,0.4146286333851259,0.22520450280839702,0.360166863806477
25607,LOF,0.028873042273382554,0.2691185115468369,0.7020084461797806
25608,LOF,0.045813505554537504,0.08699421525219284,0.8671922791932696
25609,GOF,0.18807828221428252,0.5023438787309792,0.30957783905473835
25610,LOF,0.019395153581435207,0.08152236810482359,0.8990824783137413
25611,LOF,0.014112589057903985,0.0868818744721915,0.8990055364699044
25612,LOF,0.05398627188548996,0.09239670041710908,0.853617027697401
25613,LOF,0.05168202747504274,0.09255478147658354,0.8557631910483736
25614,LOF,0.023776957021007367,0.0786814187177595,0.8975416242612332
25615,LOF,0.04981948670089411,0.07450902179363829,0.8756714915054676
25616,LOF,0.06693660582337099,0.08716588761873874,0.8458975065578903
25617,LOF,0.05194616668110895,0.09575925032326744,0.8522945829956237
25618,LOF,0.04920641002247219,0.1514724370960232,0.7993211528815046
25619,LOF,0.013678923535050016,0.11144017372144696,0.874880902743503
25620,LOF,0.05054251742076965,0.09319133294763654,0.8562661496315938
25621,LOF,0.07580880742800067,0.07429306746717354,0.8498981251048258
25622,LOF,0.08426673996071779,0.0910376382175442,0.8246956218217381
25623,LOF,0.06574622579357654,0.08324378258877972,0.8510099916176437
25624,LOF,0.02313161527982598,0.08647770054473489,0.8903906841754391
25625,LOF,0.07087829966663893,0.0930807330425995,0.8360409672907615
25626,LOF,0.05281568176320363,0.08459024514275541,0.862594073094041
25627,Neutral,0.8855781407354322,0.026065345360911492,0.0883565139036564
25628,LOF,0.1817411007625669,0.06799764932674057,0.7502612499106925
25629,LOF,0.060426900528511,0.06888910641153724,0.8706839930599519
25630,LOF,0.31853818567646464,0.07799977285213743,0.603462041471398
25631,Neutral,0.5351408970507149,0.05062027405422764,0.41423882889505736
25632,LOF,0.03204151401954639,0.15558844595651494,0.8123700400239386
25633,LOF,0.2165033361723581,0.08080533664510711,0.7026913271825348
25634,LOF,0.0438204493584165,0.12399020447582264,0.8321893461657609
25635,LOF,0.0333541439864095,0.06597266156464829,0.9006731944489423
25636,GOF,0.03754318181474037,0.5541391196596466,0.4083176985256131
25637,GOF,0.040233084994502066,0.5659002090953713,0.3938667059101266
25638,GOF,0.01934670551661373,0.50084588052837,0.47980741395501625
25639,LOF,0.034878835103513896,0.461463157602766,0.50365800729372
25640,Neutral,0.8208742822258025,0.1277804129268128,0.05134530484738466
25641,LOF,0.14010638685757373,0.2865187607072289,0.5733748524351974
25642,LOF,0.11056821650636643,0.14637200743337656,0.7430597760602571
25643,LOF,0.30363184819573513,0.08191517721116658,0.6144529745930982
25644,GOF,0.010161059266505483,0.6362445099563941,0.3535944307771003
25645,GOF,0.014873699406525456,0.6109009142215032,0.37422538637197134
25646,LOF,0.022963917274765672,0.4238898614863626,0.5531462212388716
25647,LOF,0.010251399018157196,0.3205399780663902,0.6692086229154526
25648,LOF,0.015773817279459826,0.3667554019928323,0.6174707807277078
25649,LOF,0.009005225178256642,0.2923311618646308,0.6986636129571125
25650,GOF,0.03626210964246251,0.57700019953501,0.3867376908225274
25651,LOF,0.012701916592056307,0.37911202966514795,0.6081860537427957
25652,LOF,0.012246875807892228,0.4296660637547197,0.558087060437388
25653,GOF,0.04849919478604489,0.5697904740282407,0.38171033118571457
25654,LOF,0.012255633725197296,0.29343131878801415,0.6943130474867886
25655,GOF,0.15916933488425813,0.5911082688505646,0.24972239626517728
25656,LOF,0.22533630199676685,0.06251230017165452,0.7121513978315787
25657,LOF,0.033856587669836416,0.06749606273490251,0.898647349595261
25658,LOF,0.26170579189125803,0.09476237669020182,0.6435318314185402
25659,LOF,0.38510551756470746,0.09991947526889619,0.5149750071663963
25660,LOF,0.020957599200294084,0.10014305304985832,0.8788993477498475
25661,LOF,0.07063683515707796,0.06234165524047963,0.8670215096024425
25662,LOF,0.028087351018680498,0.03710079158006575,0.9348118574012538
25663,LOF,0.029131070319645354,0.03463546248191612,0.9362334671984386
25664,LOF,0.0970781931238826,0.06509619870572161,0.8378256081703959
25665,LOF,0.060118050889971145,0.032061323829442594,0.9078206252805863
25666,LOF,0.07350308902107215,0.05248538884639347,0.8740115221325343
25667,LOF,0.05997281130465116,0.04216593426669613,0.8978612544286528
25668,LOF,0.028908169188186873,0.053753144062186536,0.9173386867496265
25669,LOF,0.020785253809512447,0.049983176877271086,0.9292315693132165
25670,LOF,0.12387021471897126,0.04594849130026407,0.8301812939807647
25671,LOF,0.09021030156545064,0.03708088091181257,0.8727088175227368
25672,LOF,0.04876578347678376,0.05041608557799666,0.9008181309452196
25673,LOF,0.07679332474656367,0.043456487760682436,0.8797501874927539
25674,LOF,0.07390409959608997,0.05649599194340383,0.8695999084605063
25675,LOF,0.07078132786485612,0.06499822056949707,0.8642204515656469
25676,LOF,0.01581041841878678,0.06257441941899237,0.9216151621622208
25677,LOF,0.015471341807820754,0.08625148042483925,0.89827717776734
25678,LOF,0.15648838355375028,0.10274978761836692,0.7407618288278828
25679,LOF,0.11448729130122913,0.09908113524839185,0.786431573450379
25680,LOF,0.0268409007855301,0.13120098533930763,0.8419581138751622
25681,LOF,0.042726308919987334,0.11902944643595878,0.8382442446440539
25682,LOF,0.11075889837417675,0.07245907737675612,0.8167820242490671
25683,LOF,0.09918618614960474,0.09126842623552534,0.8095453876148699
25684,LOF,0.027402392900182045,0.05968592962496289,0.9129116774748551
25685,LOF,0.11755805738909104,0.10048092871827737,0.7819610138926317
25686,LOF,0.08212749782896529,0.14600186265479054,0.7718706395162442
25687,LOF,0.11432302154934128,0.1318221379978094,0.7538548404528493
25688,LOF,0.46003979837401965,0.026750727716178258,0.5132094739098021
25689,LOF,0.284059101406093,0.0361359218804634,0.6798049767134435
25690,LOF,0.3939345088265931,0.021861343569835278,0.5842041476035716
25691,Neutral,0.7460030563832691,0.020668724772939826,0.23332821884379112
25692,LOF,0.3754000239402302,0.010373826092509699,0.6142261499672601
25693,GOF,0.039385516943810345,0.5094754200355965,0.45113906302059315
25694,LOF,0.11143830496024809,0.014816520820739662,0.8737451742190123
25695,LOF,0.10780055666231697,0.007607641487764738,0.8845918018499184
25696,LOF,0.0999616002007351,0.00969432365624317,0.8903440761430218
25697,LOF,0.050239125759742626,0.060670768048346105,0.8890901061919113
25698,LOF,0.24583672989793828,0.27865436182292314,0.47550890827913855
25699,LOF,0.4412373434049043,0.03374803507304247,0.5250146215220534
25700,LOF,0.061324739481514255,0.009981638696299347,0.9286936218221864
25701,LOF,0.2162121210306267,0.02928821885217038,0.7544996601172028
25702,GOF,0.1736356290746958,0.6215886041851825,0.20477576674012174
25703,LOF,0.01772421414033282,0.15633404070482165,0.8259417451548455
25704,LOF,0.037580312632084126,0.12255594004648553,0.8398637473214303
25705,LOF,0.042974341481448054,0.08762852432373962,0.8693971341948125
25706,GOF,0.0921358747453998,0.5248281271874705,0.38303599806712973
25707,LOF,0.0875271842559462,0.44520590811436594,0.46726690762968787
25708,LOF,0.03139876415403921,0.439348500185477,0.5292527356604838
25709,LOF,0.07499912513205571,0.037780955175715225,0.8872199196922291
25710,LOF,0.01651718533549436,0.1612209218591815,0.8222618928053241
25711,LOF,0.019857998431458,0.0885828473354414,0.8915591542331006
25712,LOF,0.01753117630164085,0.22389946036441016,0.7585693633339491
25713,LOF,0.019504599176590393,0.07434963303797186,0.9061457677854379
25714,LOF,0.08735044534044699,0.056057604284311655,0.8565919503752414
25715,LOF,0.011961486237190592,0.1194383194490927,0.8686001943137167
25716,LOF,0.012114167226025756,0.11992522297909833,0.8679606097948759
25717,LOF,0.01916042051168806,0.07824943962149572,0.9025901398668162
25718,LOF,0.011626600791857565,0.05251516741305652,0.9358582317950859
25719,LOF,0.02223023157402638,0.06984631693563899,0.9079234514903347
25720,LOF,0.030132133008911637,0.0483512217502206,0.9215166452408677
25721,LOF,0.011877770923137127,0.07007961941949191,0.9180426096573711
25722,LOF,0.01397693068270347,0.05937243166680928,0.9266506376504873
25723,LOF,0.025693177179440307,0.041186439896515395,0.9331203829240443
25724,LOF,0.032772144401154245,0.08256328130353062,0.8846645742953151
25725,LOF,0.011343804651776661,0.07043681036707977,0.9182193849811435
25726,LOF,0.01609959254233254,0.09103964437155873,0.8928607630861087
25727,LOF,0.013450790904497781,0.059669421500213295,0.9268797875952889
25728,LOF,0.011147142953738401,0.07437523926402174,0.9144776177822399
25729,LOF,0.010978294363397392,0.07921816685379396,0.9098035387828087
25730,LOF,0.015102739377875745,0.07697414520767168,0.9079231154144525
25731,LOF,0.018823781379837947,0.10160592903287341,0.8795702895872887
25732,LOF,0.014273936266532667,0.049178367151128596,0.9365476965823388
25733,LOF,0.014706540253113708,0.06151746499554188,0.9237759947513445
25734,LOF,0.012764722470040527,0.1353906178208587,0.8518446597091007
25735,LOF,0.011431374788946368,0.06170265237861956,0.926865972832434
25736,LOF,0.01216361161303177,0.07066613544454474,0.9171702529424235
25737,LOF,0.012252515934781294,0.11485441606385732,0.8728930680013613
25738,LOF,0.012804333311186718,0.11038115152345147,0.8768145151653618
25739,LOF,0.021460771007868418,0.07445006942175933,0.9040891595703723
25740,LOF,0.030796390950669956,0.12350562051070982,0.8456979885386202
25741,LOF,0.016366416632139315,0.11226078728714535,0.8713727960807153
25742,LOF,0.1328510899969434,0.07813817490425932,0.7890107350987972
25743,LOF,0.045601839509644415,0.06236593102880705,0.8920322294615485
25744,Neutral,0.6321879076083574,0.2393985929677061,0.1284134994239364
25745,LOF,0.06746530462262568,0.08370289837834687,0.8488317969990276
25746,LOF,0.044895550246660955,0.12272729045726671,0.8323771592960725
25747,LOF,0.01750769382919786,0.1288790515830931,0.8536132545877091
25748,LOF,0.10066797845285293,0.2291354461156296,0.6701965754315176
25749,LOF,0.02543733661698868,0.10820461671821538,0.8663580466647959
25750,LOF,0.062231801091399884,0.14330736504666675,0.7944608338619334
25751,LOF,0.10418677666438622,0.15619527393530572,0.7396179494003081
25752,GOF,0.10794187255229766,0.6636155009248671,0.22844262652283537
25753,LOF,0.034989087449355055,0.3343976927411187,0.6306132198095262
25754,GOF,0.021230297478212427,0.7859664073020447,0.19280329521974293
25755,LOF,0.03240418918478829,0.3369732912970862,0.6306225195181255
25756,LOF,0.058671191156465435,0.4014161292936395,0.5399126795498951
25757,GOF,0.017906076795824098,0.8692666315304884,0.11282729167368732
25758,GOF,0.030371994289289907,0.7874310932821443,0.1821969124285658
25759,GOF,0.014111371692549559,0.6717722097952361,0.3141164185122143
25760,LOF,0.019222985656138038,0.3849470655058634,0.5958299488379986
25761,GOF,0.27245247002616924,0.6345453001022191,0.09300222987161154
25762,LOF,0.04834571037724679,0.3466909032888169,0.6049633863339362
25763,LOF,0.016404881669286744,0.2678038967961705,0.7157912215345429
25764,GOF,0.06205238850995366,0.7264800794261287,0.21146753206391758
25765,GOF,0.034064561948125203,0.7801381312112893,0.1857973068405855
25766,GOF,0.08545272461726003,0.7418655688270759,0.1726817065556641
25767,LOF,0.15271264454972028,0.4099108013701663,0.4373765540801135
25768,LOF,0.12316559187257323,0.037133700149291966,0.8397007079781348
25769,LOF,0.052220784784417315,0.06761724914346921,0.8801619660721135
25770,LOF,0.37907126533209434,0.1307593845589563,0.4901693501089494
25771,LOF,0.07068775299514002,0.055696774330821236,0.8736154726740387
25772,LOF,0.018704114911200744,0.05177317819894128,0.9295227068898579
25773,LOF,0.0752070167460219,0.06028780604117766,0.8645051772128004
25774,LOF,0.02862767910593669,0.1337878118413707,0.8375845090526927
25775,LOF,0.07899909404594935,0.04834096450025478,0.8726599414537959
25776,LOF,0.07492294668470863,0.03342086551115155,0.8916561878041399
25777,Neutral,0.5432667038757866,0.08579038369122521,0.3709429124329883
25778,LOF,0.06973357923930981,0.05051948145152275,0.8797469393091675
25779,GOF,0.42546748251754496,0.5258375523284134,0.04869496515404164
25780,GOF,0.3474841906991565,0.5511878645942084,0.10132794470663499
25781,GOF,0.1007329847875816,0.7603289971076458,0.1389380181047726
25782,GOF,0.15989130846063854,0.7158513096484557,0.12425738189090574
25783,GOF,0.022215131955709844,0.6655135425226079,0.3122713255216823
25784,Neutral,0.5256750746382766,0.4157679542536766,0.0585569711080469
25785,Neutral,0.5017526496084783,0.42751218431782473,0.07073516607369691
25786,GOF,0.028133080641714447,0.6987789711047796,0.27308794825350596
25787,Neutral,0.6943714970124817,0.2617294978130637,0.043899005174454664
25788,LOF,0.0599126701259604,0.07316165421222,0.8669256756618196
25789,GOF,0.2099850273797255,0.6234151492779897,0.1665998233422849
25790,GOF,0.23865704529172113,0.6416228997274188,0.11972005498086007
25791,GOF,0.11994278112796668,0.631947977083161,0.24810924178887236
25792,GOF,0.31330546265288145,0.49050091419596753,0.19619362315115083
25793,GOF,0.26853602240892427,0.46561579723123914,0.2658481803598365
25794,GOF,0.3414585393062031,0.41627984242877125,0.24226161826502554
25795,GOF,0.05345532507740816,0.6228686177889349,0.3236760571336569
25796,Neutral,0.5131934366171428,0.39182731648073504,0.09497924690212217
25797,GOF,0.06871722108271654,0.4675906855640006,0.4636920933532828
25798,LOF,0.009711939331549548,0.48083475983492935,0.509453300833521
25799,LOF,0.007992967031751064,0.409168501859514,0.582838531108735
25800,GOF,0.0341722320468493,0.5735745085818005,0.3922532593713503
25801,GOF,0.24237830634631108,0.6157403131002657,0.14188138055342317
25802,GOF,0.06537567766438022,0.5906767430582353,0.34394757927738456
25803,GOF,0.03888910598505892,0.4872724916791558,0.4738384023357852
25804,LOF,0.03190197048211342,0.40822359734459185,0.5598744321732948
25805,GOF,0.08697669317248037,0.5091578543068875,0.40386545252063205
25806,GOF,0.11599199199830161,0.5254131240569198,0.3585948839447786
25807,GOF,0.018182767334172005,0.5530232760048335,0.4287939566609945
25808,GOF,0.08647261232209112,0.5144108754714938,0.39911651220641503
25809,GOF,0.02041552219703085,0.5484516966011981,0.43113278120177106
25810,GOF,0.02058170994671219,0.5428842186777199,0.4365340713755678
25811,Neutral,0.4644547373215948,0.44952958503732426,0.08601567764108092
25812,GOF,0.03653351847829355,0.5481447593099922,0.41532172221171426
25813,Neutral,0.5856781286068412,0.2815337266632687,0.1327881447298901
25814,GOF,0.12585964973316918,0.5832374616288322,0.2909028886379985
25815,GOF,0.2743932461858152,0.5004161207263305,0.2251906330878543
25816,GOF,0.020349956349153507,0.6681557287939154,0.31149431485693113
25817,GOF,0.1964330774612221,0.6475109826459355,0.15605593989284242
25818,GOF,0.03279632649255722,0.523243653562209,0.4439600199452338
25819,GOF,0.3451931427079433,0.44959270664180084,0.20521415065025578
25820,GOF,0.1742599218238284,0.5671142799835824,0.25862579819258913
25821,GOF,0.05359330029639133,0.6324812061628132,0.31392549354079535
25822,GOF,0.2579769949067519,0.46662793308745953,0.2753950720057885
25823,LOF,0.032937656811928666,0.4260380835525785,0.5410242596354928
25824,LOF,0.07465194107366781,0.445515919691168,0.47983213923516416
25825,LOF,0.027470029566997865,0.45559620739461815,0.516933763038384
25826,LOF,0.010382781231867972,0.4476076082808045,0.5420096104873275
25827,GOF,0.01669176118197694,0.5115354657549602,0.4717727730630628
25828,LOF,0.012793648973151614,0.4236721264535663,0.5635342245732822
25829,GOF,0.007555605822441357,0.5156045980798147,0.47683979609774385
25830,LOF,0.037922005031088384,0.26650373610233064,0.6955742588665811
25831,GOF,0.12109353341560966,0.7085926945728208,0.1703137720115695
25832,GOF,0.0333798101428262,0.6153488162385119,0.3512713736186619
25833,GOF,0.10400812944364617,0.6174477204862505,0.2785441500701033
25834,GOF,0.03897267607813963,0.6070765124961635,0.3539508114256969
25835,GOF,0.08881299622796922,0.5570535505996059,0.35413345317242484
25836,GOF,0.045652285099496495,0.5777873670068148,0.37656034789368875
25837,GOF,0.023618234533243753,0.4885487481229226,0.48783301734383355
25838,GOF,0.0848788465330009,0.6735790205942191,0.24154213287277998
25839,GOF,0.2717225868841727,0.5048497241818178,0.2234276889340095
25840,GOF,0.19819071939688945,0.5601573252097134,0.24165195539339715
25841,GOF,0.2513987797596315,0.5176065536576674,0.2309946665827012
25842,GOF,0.14120429560249492,0.6079299293397886,0.2508657750577164
25843,GOF,0.1973452618438954,0.6209339285228365,0.18172080963326814
25844,GOF,0.05753798394113231,0.6007640903330297,0.3416979257258381
25845,LOF,0.013265516645760131,0.4490698920315133,0.5376645913227265
25846,GOF,0.07766404452246911,0.6786199789706113,0.2437159765069196
25847,GOF,0.09903054041845165,0.7074368675648379,0.19353259201671044
25848,GOF,0.034929230858358314,0.6022906281965059,0.36278014094513583
25849,GOF,0.01152677054616813,0.5012498441640203,0.48722338528981174
25850,GOF,0.025205905992099237,0.5542118797792606,0.4205822142286401
25851,LOF,0.021373866158668316,0.46612855261653013,0.5124975812248016
25852,GOF,0.12750846875320584,0.5173414615846875,0.35515006966210666
25853,GOF,0.32109354909957305,0.5682209475831542,0.11068550331727287
25854,GOF,0.019021463256386067,0.6524901244062999,0.3284884123373139
25855,GOF,0.04082674186111357,0.5802865009331811,0.3788867572057052
25856,GOF,0.2529208437653683,0.5173433699373462,0.2297357862972855
25857,GOF,0.035988084462245586,0.5113082701039174,0.452703645433837
25858,GOF,0.018398368953882988,0.5645840265475635,0.4170176044985535
25859,GOF,0.009759614134178439,0.553604752882089,0.4366356329837326
25860,GOF,0.33350350406329465,0.5420272681017135,0.12446922783499186
25861,GOF,0.3276908699772132,0.5733548971236714,0.09895423289911544
25862,GOF,0.06431660520137393,0.7625010794847991,0.17318231531382702
25863,GOF,0.0681629914457705,0.7803561246368121,0.15148088391741737
25864,GOF,0.11678776649905831,0.7761697938156125,0.10704243968532919
25865,GOF,0.0663843068872124,0.7685571912224289,0.16505850189035873
25866,GOF,0.05440858767720966,0.795875154505744,0.14971625781704645
25867,GOF,0.06826291276916033,0.7980068721884014,0.13373021504243826
25868,GOF,0.24269477192597128,0.6128789595721434,0.14442626850188528
25869,Neutral,0.6660211223076222,0.2756504407173015,0.058328436975076295
25870,LOF,0.26258238629562886,0.23781135139495813,0.49960626230941296
25871,GOF,0.20288886794725808,0.6238592371534073,0.17325189489933457
25872,GOF,0.08742769606410959,0.5973839144368507,0.3151883894990397
25873,GOF,0.15393346682264444,0.5820448274456912,0.2640217057316644
25874,LOF,0.02206534091483771,0.07992957696996145,0.8980050821152009
25875,LOF,0.08457137547332176,0.05699911647526128,0.8584295080514169
25876,LOF,0.028183395269927282,0.06681737609180684,0.9049992286382659
25877,Neutral,0.5203578404189506,0.051093690476068786,0.4285484691049806
25878,LOF,0.2650628124321412,0.09151789532807889,0.6434192922397799
25879,LOF,0.12569946277753827,0.11272221408884149,0.7615783231336203
25880,LOF,0.023716616590395766,0.02853295085328887,0.9477504325563153
25881,LOF,0.17993928080847613,0.2316333778127896,0.5884273413787343
25882,LOF,0.07171981437042167,0.023174924202917266,0.905105261426661
25883,LOF,0.08006249719903426,0.04622485500094371,0.873712647800022
25884,LOF,0.04546018294966382,0.04878249227372582,0.9057573247766103
25885,LOF,0.0564613093101301,0.030707736541915363,0.9128309541479546
25886,LOF,0.3458170859120804,0.11157725081057875,0.5426056632773409
25887,LOF,0.1824428848244082,0.16914993721702104,0.6484071779585707
25888,LOF,0.07744286018995104,0.11624462540359153,0.8063125144064575
25889,LOF,0.03900821364525622,0.052397053389227906,0.908594732965516
25890,LOF,0.05620280242537328,0.15204433550383895,0.7917528620707878
25891,LOF,0.05823682159616798,0.06394008063371141,0.8778230977701207
25892,LOF,0.0960420883068444,0.024648028921804017,0.8793098827713516
25893,LOF,0.29709447825171736,0.014395249422601338,0.6885102723256812
25894,LOF,0.1634353893712372,0.007231513745807435,0.8293330968829553
25895,LOF,0.20767071104061455,0.01710512459310288,0.7752241643662826
25896,LOF,0.045401137909440045,0.01822683361448918,0.9363720284760707
25897,LOF,0.20726449590089321,0.013570315316885672,0.7791651887822211
25898,Neutral,0.744728779628789,0.009943205655313205,0.2453280147158977
25899,LOF,0.25771300011086135,0.03997341831698251,0.7023135815721562
25900,Neutral,0.594734210986782,0.012403993035776535,0.39286179597744136
25901,LOF,0.05214929719236824,0.011078208148706095,0.9367724946589256
25902,LOF,0.15390093224187423,0.010372486920201615,0.8357265808379242
25903,Neutral,0.5745155662069432,0.026062375200858832,0.39942205859219787
25904,LOF,0.24543247837336912,0.036695655990549074,0.7178718656360817
25905,LOF,0.03671459441016457,0.25833184093326117,0.7049535646565742
25906,LOF,0.025138745225250485,0.05940848918537221,0.9154527655893773
25907,LOF,0.015292851918050195,0.3053280703991953,0.6793790776827544
25908,LOF,0.014775967428591531,0.22014354729230184,0.7650804852791067
25909,LOF,0.01637642813135909,0.12518738269891683,0.8584361891697241
25910,LOF,0.0406984544787369,0.2367260593011189,0.7225754862201442
25911,LOF,0.0803430788040932,0.048103953916743866,0.8715529672791629
25912,LOF,0.036234541440475915,0.08541349010042494,0.8783519684590991
25913,LOF,0.2581832407103553,0.0398838989703231,0.7019328603193216
25914,LOF,0.02556097886561162,0.11658856938746234,0.857850451746926
25915,Neutral,0.4073422686235155,0.19560135944031828,0.39705637193616616
25916,LOF,0.04550922394892238,0.27540198688951767,0.6790887891615599
25917,LOF,0.053534027011545346,0.04821654227425727,0.8982494307141974
25918,LOF,0.034054395746008416,0.06041654144297198,0.9055290628110196
25919,LOF,0.030002529583911506,0.061168001543981124,0.9088294688721075
25920,GOF,0.10270842737454504,0.5229114205456422,0.37438015207981284
25921,LOF,0.033678659135588714,0.027166735230372874,0.9391546056340383
25922,LOF,0.04874187337995081,0.017660038191283686,0.9335980884287656
25923,LOF,0.40350928511503775,0.01900561638085645,0.5774850985041059
25924,LOF,0.03750904545881569,0.023046704968433102,0.9394442495727513
25925,LOF,0.08245178278603614,0.03323848429098595,0.884309732922978
25926,LOF,0.06257182308418643,0.01814692834758786,0.9192812485682258
25927,LOF,0.07743347509268285,0.04607648525996614,0.876490039647351
25928,LOF,0.027432549745367504,0.018567634449200256,0.9539998158054321
25929,Neutral,0.5337395826928865,0.021595772540293462,0.4446646447668201
25930,LOF,0.07009957522905765,0.01530293284441171,0.9145974919265306
25931,LOF,0.03448189829924634,0.016675273372267665,0.948842828328486
25932,LOF,0.030180608357482198,0.015343243674423702,0.9544761479680941
25933,LOF,0.038844886959919445,0.009161295636357094,0.9519938174037235
25934,LOF,0.02565705055675172,0.01136403948789514,0.9629789099553531
25935,LOF,0.0861559581068345,0.02815326214507407,0.8856907797480914
25936,LOF,0.04613288811300523,0.015862231311814173,0.9380048805751805
25937,LOF,0.037366679899079845,0.020493921883332062,0.9421393982175882
25938,LOF,0.08394271498092733,0.03365246326705725,0.8824048217520154
25939,LOF,0.04430341852423683,0.009126468241631052,0.946570113234132
25940,LOF,0.022143037521205607,0.4041446282181415,0.5737123342606528
25941,LOF,0.14161794310714512,0.10320864631064891,0.755173410582206
25942,LOF,0.01289997719979548,0.041042022577539625,0.946058000222665
25943,LOF,0.32743450894757153,0.08959026098094788,0.5829752300714806
25944,LOF,0.4693715906900825,0.05604025982543711,0.4745881494844805
25945,LOF,0.067394611526497,0.03396742778860014,0.8986379606849029
25946,LOF,0.033338290716523215,0.15477708903474727,0.8118846202487294
25947,LOF,0.1411527674988719,0.14731633221660428,0.7115309002845238
25948,LOF,0.4166796332938013,0.014786965191755708,0.5685334015144431
25949,LOF,0.08442135945747649,0.04585404294250215,0.8697245976000214
25950,GOF,0.18661367013515986,0.45928968604548137,0.35409664381935885
25951,LOF,0.27633290385944426,0.1989780892068157,0.5246890069337401
25952,LOF,0.05981697774171731,0.4140779051965037,0.526105117061779
25953,LOF,0.133451476608091,0.11089744247768607,0.7556510809142228
25954,LOF,0.29831591907723826,0.25941212823416293,0.4422719526885989
25955,LOF,0.056765432011014215,0.0919607438076949,0.8512738241812909
25956,LOF,0.21596981339230534,0.06133269600015294,0.7226974906075417
25957,LOF,0.04480419102040472,0.024563114404602075,0.9306326945749932
25958,LOF,0.0572849077451607,0.029768039707433018,0.9129470525474062
25959,LOF,0.07256281408203036,0.37061699484182026,0.5568201910761494
25960,LOF,0.02278973605998328,0.0589252984201464,0.9182849655198703
25961,LOF,0.046593762090723356,0.038654280797345925,0.9147519571119307
25962,LOF,0.06676419186996992,0.04104189496789777,0.8921939131621323
25963,LOF,0.06459130998974161,0.17781165362367504,0.7575970363865834
25964,LOF,0.038864009379664964,0.15054412021586203,0.810591870404473
25965,Neutral,0.4673950827411375,0.07370340525317802,0.45890151200568446
25966,LOF,0.28976372501008063,0.3350903360309213,0.375145938958998
25967,LOF,0.015631951402839156,0.09944616742062656,0.8849218811765343
25968,LOF,0.04275037247961872,0.4178266323791133,0.5394229951412679
25969,LOF,0.028681813644248336,0.05469946539444873,0.9166187209613029
25970,LOF,0.07334528538522558,0.06510906005160286,0.8615456545631714
25971,LOF,0.08572214393981444,0.03386416325760445,0.8804136928025811
25972,LOF,0.08311158251331115,0.03656235677148044,0.8803260607152084
25973,LOF,0.0883193728506475,0.009141941366670238,0.9025386857826823
25974,LOF,0.30966216940490343,0.019107955796931166,0.6712298747981654
25975,LOF,0.05600232708504136,0.03229085521268836,0.9117068177022701
25976,LOF,0.041915833008318484,0.0239327012688732,0.9341514657228083
25977,LOF,0.13792323319833116,0.12497146581806104,0.7371053009836078
25978,LOF,0.13109196177294796,0.13225759214110083,0.7366504460859512
25979,LOF,0.12995970350547803,0.12008219059405273,0.7499581059004693
25980,LOF,0.14611543821030254,0.22044618096426583,0.6334383808254317
25981,LOF,0.18138248687205516,0.21455630540448967,0.6040612077234552
25982,LOF,0.39913628806107815,0.12929434201799261,0.4715693699209291
25983,LOF,0.39214183238810485,0.12816452488472743,0.47969364272716764
25984,LOF,0.05182542246586488,0.11600542877010243,0.8321691487640327
25985,LOF,0.01888136658579613,0.34604788855143587,0.635070744862768
25986,LOF,0.02418772944421285,0.3307557710607133,0.6450564994950737
25987,LOF,0.08595670215165363,0.12607225693583168,0.7879710409125147
25988,LOF,0.11489140228321733,0.0923741587232127,0.79273443899357
25989,LOF,0.024972639056232548,0.1765284459974632,0.7984989149463043
25990,LOF,0.033995308263260256,0.16685727106322984,0.79914742067351
25991,LOF,0.14052413831234567,0.37449859481664444,0.48497726687100995
25992,LOF,0.30285555949259885,0.26685725142223404,0.4302871890851671
25993,LOF,0.02732072862760652,0.07659193380170597,0.8960873375706875
25994,LOF,0.018084172667192925,0.10100797165026468,0.8809078556825425
25995,LOF,0.030956490217185086,0.12756359706225215,0.8414799127205628
25996,GOF,0.19277234539987634,0.4995097341887076,0.30771792041141605
25997,GOF,0.07340348243964961,0.48691845076212076,0.4396780667982296
25998,Neutral,0.664597301607301,0.02699423065468756,0.30840846773801134
25999,LOF,0.14072755045229068,0.10375375623349745,0.7555186933142117
26000,LOF,0.09385235568517682,0.03064012378526604,0.8755075205295572
26001,LOF,0.18760701469700725,0.03595460097013083,0.7764383843328618
26002,LOF,0.11843573318159892,0.03784188790647282,0.8437223789119283
26003,GOF,0.010009405279504602,0.7074836134301444,0.2825069812903509
26004,GOF,0.022184072580359582,0.7244145416411599,0.25340138577848054
26005,GOF,0.01192174536067635,0.5856756462068402,0.4024026084324834
26006,Neutral,0.49101720206953653,0.30215062928916975,0.20683216864129364
26007,GOF,0.017633268404001888,0.6263073037397936,0.35605942785620454
26008,GOF,0.02057136145514252,0.626905840470365,0.35252279807449244
26009,GOF,0.031480872546367306,0.6800473281577686,0.28847179929586414
26010,GOF,0.021365859060571316,0.7525461494420357,0.22608799149739314
26011,GOF,0.01013473788359404,0.5656182845161297,0.42424697760027624
26012,GOF,0.01809435629603811,0.6040824118402648,0.3778232318636971
26013,GOF,0.015316036513119037,0.7175396497897449,0.26714431369713604
26014,LOF,0.04108046002133103,0.16968071369079452,0.7892388262878746
26015,LOF,0.2052590588000978,0.012819084038148642,0.7819218571617536
26016,LOF,0.2599265564402617,0.049707388648532656,0.6903660549112057
26017,LOF,0.16229896251883247,0.10044756089602903,0.7372534765851386
26018,LOF,0.08435078573521196,0.03964426059208285,0.8760049536727053
26019,LOF,0.08627427633070747,0.02794048287551088,0.8857852407937816
26020,LOF,0.06269582214229356,0.10203998557157791,0.8352641922861285
26021,LOF,0.05527385034132793,0.14217741570184197,0.8025487339568301
26022,LOF,0.010416198647286969,0.06778165571202141,0.9218021456406916
26023,LOF,0.11412678800903547,0.023604481066557215,0.8622687309244073
26024,LOF,0.02975471376134847,0.12267301815263752,0.847572268086014
26025,LOF,0.1432602732093386,0.08192570208027346,0.774814024710388
26026,LOF,0.31216046751126175,0.016341703695128093,0.6714978287936102
26027,LOF,0.08174149370270915,0.017554537417198483,0.9007039688800923
26028,LOF,0.18729917836766466,0.09237737814571592,0.7203234434866194
26029,LOF,0.10462113411860295,0.1598786751081127,0.7355001907732844
26030,LOF,0.032866234085101996,0.06538585755157882,0.9017479083633191
26031,LOF,0.04222411118200843,0.13739806285101278,0.8203778259669788
26032,LOF,0.07855613781811896,0.04993979184520727,0.8715040703366738
26033,LOF,0.13320907448261693,0.05504963237848733,0.8117412931388956
26034,LOF,0.06444451593131946,0.13182322584788123,0.8037322582207994
26035,LOF,0.04554218221390196,0.11218210358129997,0.842275714204798
26036,LOF,0.06501611956421671,0.13672825171800718,0.7982556287177761
26037,LOF,0.03546619263494159,0.11134602054234702,0.8531877868227115
26038,LOF,0.07412955490168165,0.04482760273612497,0.8810428423621934
26039,LOF,0.08867386090130244,0.11994040148773574,0.7913857376109618
26040,LOF,0.2321695562638133,0.09024922634898651,0.6775812173872001
26041,LOF,0.03643092858330947,0.09912856571266525,0.8644405057040252
26042,LOF,0.03562740885324587,0.10248273314780815,0.861889857998946
26043,LOF,0.07186628913691366,0.056793333611213456,0.8713403772518729
26044,LOF,0.032646700734654255,0.06580346457457974,0.901549834690766
26045,LOF,0.10894761358229889,0.08598117825165681,0.8050712081660443
26046,LOF,0.07575022203506683,0.059349756872541536,0.8649000210923916
26047,LOF,0.10795452724341371,0.0666977053116605,0.8253477674449258
26048,LOF,0.0572378047504521,0.05296770599173764,0.8897944892578104
26049,Neutral,0.9454214611508537,0.010295260911935361,0.044283277937210964
26050,Neutral,0.9267139580291228,0.011749689706989443,0.061536352263887685
26051,LOF,0.05442517236787316,0.4455811183041881,0.4999937093279386
26052,GOF,0.04947721804664818,0.5108625520439506,0.4396602299094013
26053,LOF,0.0557257710568775,0.3055570881358193,0.6387171408073032
26054,LOF,0.057064194238592866,0.06609984419705628,0.8768359615643508
26055,LOF,0.07292696637588124,0.04923402842736906,0.8778390051967497
26056,LOF,0.06193442002621489,0.06129177275087214,0.8767738072229129
26057,LOF,0.03255390155344456,0.023974772267974554,0.9434713261785809
26058,LOF,0.03280372204173447,0.021891253049094825,0.9453050249091708
26059,LOF,0.3443346124336205,0.06681792570098469,0.5888474618653948
26060,LOF,0.026698058793267213,0.3275221182660701,0.6457798229406627
26061,LOF,0.01762834172685481,0.03100976195428121,0.9513618963188639
26062,LOF,0.013190327140037804,0.041678941464823344,0.9451307313951388
26063,LOF,0.023486089842459493,0.021863803296203396,0.9546501068613371
26064,LOF,0.022466525700464944,0.02648725212534428,0.9510462221741908
26065,LOF,0.02774203830377578,0.025810852510961137,0.9464471091852632
26066,LOF,0.02033840721449756,0.025696366074609307,0.9539652267108931
26067,LOF,0.024028916767182794,0.019478334227689038,0.9564927490051283
26068,LOF,0.0549436724265674,0.06414753155875284,0.8809087960146798
26069,LOF,0.4382143333540914,0.04278285454794065,0.519002812097968
26070,Neutral,0.6471015882220634,0.020422551766756617,0.33247586001117996
26071,LOF,0.02419904127342628,0.028644692961154312,0.9471562657654196
26072,LOF,0.02631991565106906,0.043029598898911864,0.930650485450019
26073,LOF,0.025572266174159676,0.022148679942674967,0.9522790538831652
26074,Neutral,0.8903874175300672,0.009756884808830258,0.09985569766110246
26075,LOF,0.04482975761474817,0.03723509096125139,0.9179351514240004
26076,LOF,0.04489748954167405,0.01805441460002853,0.9370480958582974
26077,LOF,0.010245676615112493,0.04370270131730542,0.9460516220675822
26078,LOF,0.013797994502726866,0.027588201725667498,0.9586138037716055
26079,LOF,0.05720632128387149,0.03563373648394517,0.9071599422321833
26080,LOF,0.05720632128387149,0.03563373648394517,0.9071599422321833
26081,LOF,0.035640420930190694,0.014661169513896833,0.9496984095559124
26082,LOF,0.021283298870995924,0.03759485313631908,0.9411218479926851
26083,LOF,0.14523061432658402,0.0261927122276658,0.8285766734457503
26084,LOF,0.02869294969469451,0.03217190139405445,0.9391351489112509
26085,LOF,0.024459038309668703,0.029254396142688363,0.946286565547643
26086,LOF,0.022880237538630988,0.02812474382343606,0.9489950186379329
26087,LOF,0.02451230708408306,0.01847869417533429,0.9570089987405828
26088,LOF,0.024857786911762197,0.04363962075605921,0.9315025923321786
26089,LOF,0.049684831870895306,0.04677408034067509,0.9035410877884297
26090,LOF,0.0474045788513104,0.03836716622493051,0.9142282549237591
26091,LOF,0.038958761203724296,0.013328036186846286,0.9477132026094295
26092,LOF,0.029827321599322436,0.019716703155694893,0.9504559752449827
26093,LOF,0.03995291582359785,0.013451764659089682,0.9465953195173126
26094,LOF,0.04645143402293821,0.011956454591012735,0.941592111386049
26095,LOF,0.03815324611031345,0.03287943751024264,0.928967316379444
26096,LOF,0.01778462786316109,0.026235234155118994,0.95598013798172
26097,LOF,0.011065125010795278,0.09758847918874307,0.8913463958004616
26098,LOF,0.0635849827572619,0.03777456802127042,0.8986404492214677
26099,LOF,0.02510320794131614,0.034731409708731585,0.9401653823499522
26100,LOF,0.026305349435519463,0.03199293341678022,0.9417017171477002
26101,LOF,0.06109469334806327,0.028459723451767317,0.9104455832001694
26102,LOF,0.02734963187206091,0.02549247559124095,0.9471578925366982
26103,Neutral,0.8839072416841495,0.04348815660128876,0.07260460171456179
26104,LOF,0.05640689398402201,0.0712916224288846,0.8723014835870935
26105,LOF,0.21985303894414693,0.2459521639587531,0.5341947970970999
26106,LOF,0.15080931221029029,0.14366156670044833,0.7055291210892614
26107,LOF,0.2138721656318682,0.12140379230454831,0.6647240420635834
26108,LOF,0.20986899825499922,0.16846403150512684,0.6216669702398738
26109,LOF,0.05783049895266447,0.1554988200169477,0.7866706810303877
26110,LOF,0.3152110893352675,0.01406145873375039,0.670727451930982
26111,Neutral,0.4962070169042534,0.025749407891551487,0.47804357520419516
26112,LOF,0.034207888529558375,0.015262009448715056,0.9505301020217265
26113,LOF,0.05480633877073438,0.02938704924924729,0.9158066119800182
26114,LOF,0.02589193502672211,0.024830184817638618,0.9492778801556393
26115,LOF,0.10379804104146886,0.040140049465539125,0.856061909492992
26116,LOF,0.05442491016105791,0.05816240593535006,0.887412683903592
26117,LOF,0.3000718200771595,0.08359590263146337,0.6163322772913771
26118,LOF,0.03964997479708546,0.046039340412885876,0.9143106847900286
26119,LOF,0.022313128708134122,0.060344555717764925,0.917342315574101
26120,LOF,0.02911934846883261,0.0321048532170916,0.9387757983140758
26121,LOF,0.05508779489069795,0.10951009709135662,0.8354021080179453
26122,LOF,0.060280760491187906,0.05166037945599584,0.8880588600528163
