feature0,prediction,LoGoFunc_Neutral,LoGoFunc_GOF,LoGoFunc_LOF
25546,Neutral,0.6388102663273314,0.06435059278453871,0.29683914088812985
25547,Neutral,0.49337035435226523,0.11948025632133355,0.3871493893264012
25548,Neutral,0.47209377761915317,0.09986688000449362,0.4280393423763532
25549,LOF,0.4079358458504011,0.10395415759867703,0.48810999655092185
25550,LOF,0.33532286610009976,0.14343351753713088,0.5212436163627694
25551,LOF,0.29310990204448273,0.15787342912884633,0.5490166688266709
25552,LOF,0.25883526335443513,0.1644597429143194,0.5767049937312454
25553,Neutral,0.7864950845180354,0.05534613902573912,0.15815877645622559
25554,LOF,0.30404824511043554,0.15091321760514598,0.5450385372844184
25555,LOF,0.2627115172244927,0.1382409233517557,0.5990475594237517
25556,LOF,0.4297987154649132,0.12451682742691669,0.4456844571081702
25557,LOF,0.25392341880300034,0.14373638720268797,0.6023401939943116
25558,LOF,0.30507000162830383,0.14050376151542462,0.5544262368562716
25559,LOF,0.2518018757116527,0.09707133234734533,0.6511267919410021
25560,LOF,0.11296846581357949,0.1429065484243244,0.7441249857620961
25561,LOF,0.12077315367162118,0.1948284128221858,0.684398433506193
25562,LOF,0.049356639951310614,0.09958643784833049,0.851056922200359
25563,LOF,0.014780314186515837,0.16233050842694238,0.8228891773865418
25564,LOF,0.10357480330456119,0.10603786508854503,0.7903873316068937
25565,LOF,0.19229825277744358,0.14116652075742203,0.6665352264651344
25566,GOF,0.05906300287631326,0.6521698448024607,0.2887671523212261
25567,LOF,0.035530998794934834,0.17451394263073258,0.7899550585743327
25568,LOF,0.05311419520668657,0.09698327588812714,0.8499025289051862
25569,LOF,0.061805558603947486,0.09011224247840104,0.8480821989176515
25570,LOF,0.028653530202517923,0.11910355138491756,0.8522429184125645
25571,LOF,0.025631270317592346,0.12690127054018083,0.8474674591422269
25572,LOF,0.06368748920837647,0.15775365604371977,0.7785588547479037
25573,LOF,0.06426826423669098,0.12517784074283644,0.8105538950204726
25574,LOF,0.06168696301473097,0.2437696422244716,0.6945433947607975
25575,LOF,0.023166769260332724,0.13430327911053133,0.8425299516291359
25576,LOF,0.026246171276232435,0.19404380785325426,0.7797100208705132
25577,LOF,0.03133352278881416,0.15510670089400738,0.8135597763171786
25578,LOF,0.30101156186068323,0.1146973303873808,0.5842911077519359
25579,LOF,0.19941812743121634,0.11135972181508452,0.6892221507536992
25580,LOF,0.022261675458570974,0.09221492605637924,0.8855233984850498
25581,LOF,0.04658050613949585,0.08956510067252753,0.8638543931879766
25582,LOF,0.046420127924047615,0.08746250746505942,0.8661173646108928
25583,LOF,0.023858613418797848,0.10887249131272929,0.8672688952684728
25584,Neutral,0.6824592151265719,0.16759452877190006,0.14994625610152798
25585,LOF,0.019502700000657475,0.21035910793264986,0.7701381920666927
25586,LOF,0.018104216144056714,0.1019029957263091,0.8799927881296343
25587,LOF,0.01849825083121818,0.08840911826626226,0.8930926309025196
25588,LOF,0.02174842687765093,0.09115924875595043,0.8870923243663986
25589,Neutral,0.49979339291289715,0.2842449850592819,0.21596162202782096
25590,LOF,0.049445504541634065,0.1489472287392521,0.8016072667191139
25591,LOF,0.08301316608674489,0.07912702686150735,0.8378598070517478
25592,LOF,0.05856637348218539,0.16585199540104753,0.7755816311167671
25593,LOF,0.10883359054258397,0.2964888861406742,0.594677523316742
25594,LOF,0.05321020413311037,0.07674384005755554,0.8700459558093341
25595,LOF,0.05214472234214172,0.048416170814992325,0.899439106842866
25596,LOF,0.12571346043143308,0.02864621125271753,0.8456403283158495
25597,LOF,0.08556845305279712,0.03652885735755881,0.8779026895896441
25598,LOF,0.049727722476065314,0.05709320215513869,0.8931790753687959
25599,LOF,0.024630755437008666,0.3662148200259726,0.6091544245370186
25600,LOF,0.19010436724179872,0.3873300593006408,0.4225655734575605
25601,LOF,0.04443038881732044,0.3026813120256534,0.6528882991570262
25602,LOF,0.027654403311862644,0.07658480437491653,0.8957607923132208
25603,LOF,0.03686651318326636,0.058475939981844124,0.9046575468348895
25604,LOF,0.037480653385806716,0.09200488307202301,0.8705144635421703
25605,LOF,0.028247584211994112,0.1966444685050682,0.7751079472829376
25606,LOF,0.4054326697956479,0.14036477826530727,0.45420255193904474
25607,LOF,0.027619470160865172,0.20852349432722017,0.7638570355119146
25608,LOF,0.03689266859400657,0.11801250509416035,0.8450948263118331
25609,GOF,0.14431011836625451,0.48559678776532567,0.37009309386841976
25610,LOF,0.014118318076264102,0.050117839755435656,0.9357638421683003
25611,LOF,0.012634280775093881,0.059782688706911155,0.927583030517995
25612,LOF,0.045821592106130786,0.058009296735495985,0.8961691111583732
25613,LOF,0.0449720186745288,0.05798319845198412,0.897044782873487
25614,LOF,0.021308297754711783,0.04707681882672192,0.9316148834185662
25615,LOF,0.04028816245743913,0.060320315830577315,0.8993915217119834
25616,LOF,0.05204512695290068,0.052100211344648886,0.8958546617024504
25617,LOF,0.038032445257274373,0.059726125913221656,0.9022414288295041
25618,LOF,0.04709844836975744,0.0796397322128335,0.8732618194174091
25619,LOF,0.011743667182881477,0.058194488443822696,0.9300618443732958
25620,LOF,0.05259974518448689,0.06455408408692409,0.882846170728589
25621,LOF,0.06480408552790938,0.04843442339500614,0.8867614910770844
25622,LOF,0.06359630354765872,0.06275014350099224,0.873653552951349
25623,LOF,0.0649591023194918,0.041117293144769196,0.893923604535739
25624,LOF,0.018556969578290467,0.05263801865077608,0.9288050117709336
25625,LOF,0.061048825935298874,0.053721344245912996,0.8852298298187882
25626,LOF,0.04912540123064221,0.05546508171043398,0.8954095170589237
25627,Neutral,0.8861329076585925,0.02031716019749971,0.0935499321439077
25628,LOF,0.1617357861130678,0.04652396456017251,0.7917402493267598
25629,LOF,0.06962350174266957,0.04046468802629735,0.889911810231033
25630,LOF,0.29462312956311226,0.056190777806362696,0.6491860926305251
25631,Neutral,0.5691175385665751,0.054471972583378145,0.3764104888500468
25632,LOF,0.0267940000702453,0.07169120699206785,0.9015147929376869
25633,LOF,0.21515958508368796,0.04404989757701809,0.7407905173392939
25634,LOF,0.042162489304801445,0.08404756398485011,0.8737899467103486
25635,LOF,0.035507240669988116,0.03927484593105115,0.9252179133989608
25636,GOF,0.04080401321546169,0.5056912607708797,0.4535047260136587
25637,GOF,0.05636812884378354,0.49870230047050434,0.4449295706857121
25638,LOF,0.03733619388050756,0.43951541213863476,0.5231483939808577
25639,LOF,0.03401749825307789,0.45488670365131517,0.5110957980956069
25640,Neutral,0.8548272426986817,0.08641885219947808,0.058753905101840205
25641,LOF,0.08351781098526069,0.3621972591980008,0.5542849298167386
25642,LOF,0.07302805482433303,0.152300376370247,0.77467156880542
25643,LOF,0.21844377058849795,0.13498470042854255,0.6465715289829596
25644,GOF,0.00962719130125889,0.6108648435424107,0.37950796515633045
25645,GOF,0.011625738132705508,0.577322377815405,0.4110518840518895
25646,LOF,0.03555569571602241,0.4177602482213856,0.5466840560625921
25647,LOF,0.0126898395170393,0.3431330391819722,0.6441771213009885
25648,LOF,0.012775744132433233,0.404720060915184,0.5825041949523828
25649,LOF,0.008167757780017075,0.3239162507914552,0.6679159914285278
25650,GOF,0.02249846199542329,0.5885271574818719,0.3889743805227049
25651,LOF,0.008460344192244021,0.42035498988248515,0.5711846659252708
25652,LOF,0.014294173866989527,0.4223060478536346,0.5633997782793759
25653,GOF,0.04024323277332004,0.5865276037957067,0.37322916343097345
25654,LOF,0.01118933521139773,0.2780408776010067,0.7107697871875955
25655,GOF,0.12859285389026778,0.6166308380418789,0.25477630806785334
25656,LOF,0.2998494247449163,0.11951336310085174,0.5806372121542319
25657,LOF,0.048624768843262944,0.11215562113524306,0.839219610021494
25658,LOF,0.3211785373370115,0.15932128946320429,0.5195001731997843
25659,Neutral,0.4632827424582917,0.14983187748564145,0.386885380056067
25660,LOF,0.024174718762039225,0.10987833549082149,0.8659469457471393
25661,LOF,0.09460275343293391,0.06861900669324804,0.836778239873818
25662,LOF,0.03495819966553121,0.03350584901193951,0.9315359513225292
25663,LOF,0.039072505827819494,0.04285012915547617,0.9180773650167043
25664,LOF,0.12799678876375714,0.07495225139715221,0.7970509598390906
25665,LOF,0.0620026376780441,0.029481320131164414,0.9085160421907915
25666,LOF,0.09884727524023165,0.07694536621587433,0.824207358543894
25667,LOF,0.07781315257015077,0.050565503309094394,0.8716213441207548
25668,LOF,0.03911078664970221,0.058063588878234346,0.9028256244720635
25669,LOF,0.031499026997960505,0.05759941825815256,0.9109015547438869
25670,LOF,0.13500700951554775,0.07244972016166851,0.7925432703227836
25671,LOF,0.11271854756113876,0.04017396673720253,0.8471074857016586
25672,LOF,0.049570065411107755,0.04439524273283309,0.9060346918560592
25673,LOF,0.08993222138275789,0.05017144570167955,0.8598963329155626
25674,LOF,0.07616508267587595,0.06226475110457892,0.8615701662195451
25675,LOF,0.11458910177954437,0.07598497517205535,0.8094259230484003
25676,LOF,0.01914978256409525,0.057176753440501105,0.9236734639954036
25677,LOF,0.024512891196738915,0.07576704416538661,0.8997200646378745
25678,LOF,0.20716129768209599,0.0901473169608552,0.7026913853570489
25679,LOF,0.12676867248900572,0.09312998122596358,0.7801013462850308
25680,LOF,0.034337478199271826,0.117336583683655,0.8483259381170731
25681,LOF,0.051621751620112004,0.11279121775500539,0.8355870306248826
25682,LOF,0.1338722642378482,0.08498595101079796,0.7811417847513539
25683,LOF,0.12099975326266227,0.10696761572868015,0.7720326310086575
25684,LOF,0.03895840279593226,0.07242170743290592,0.8886198897711618
25685,LOF,0.12047131724009255,0.07488188462714208,0.8046467981327654
25686,LOF,0.08318529405651734,0.11399060421143839,0.8028241017320442
25687,LOF,0.12833776191025986,0.11334241650790067,0.7583198215818395
25688,LOF,0.4250071712025163,0.03746086138869304,0.5375319674087906
25689,LOF,0.28975847788809184,0.037498601939393444,0.6727429201725147
25690,LOF,0.3331883771450353,0.02625536149937224,0.6405562613555925
25691,Neutral,0.7089242577050701,0.02361632792456183,0.26745941437036813
25692,LOF,0.35710331699336795,0.010225023323554074,0.6326716596830779
25693,LOF,0.037469468898472844,0.38058690196109485,0.5819436291404322
25694,LOF,0.11308703032883546,0.024415848052366598,0.8624971216187979
25695,LOF,0.10646871901578499,0.01842670011422734,0.8751045808699877
25696,LOF,0.13138629814977226,0.01744778057833902,0.8511659212718886
25697,LOF,0.09765392575305608,0.07612739114165944,0.8262186831052846
25698,LOF,0.3218434199704887,0.20655612858229822,0.471600451447213
25699,LOF,0.46539540311466315,0.029024155338297306,0.5055804415470396
25700,LOF,0.09949183790055628,0.008898201938101641,0.891609960161342
25701,LOF,0.1699229340545669,0.044356413373141765,0.7857206525722914
25702,GOF,0.18686653550641258,0.5977950972894212,0.21533836720416627
25703,LOF,0.017451870582468162,0.15974624122942688,0.822801888188105
25704,LOF,0.037903839458928223,0.13879943472951145,0.8232967258115603
25705,LOF,0.04140664292259946,0.0920832783939809,0.8665100786834198
25706,LOF,0.1594056348699146,0.33028305029170657,0.5103113148383789
25707,LOF,0.09370430848664686,0.2651190511997995,0.6411766403135536
25708,LOF,0.05010309896438631,0.23749586537869477,0.7124010356569189
25709,LOF,0.06606510396456876,0.030232664485174754,0.9037022315502565
25710,LOF,0.014225176505682903,0.10059919344429394,0.8851756300500232
25711,LOF,0.021235436863786927,0.06565871393817622,0.9131058491980368
25712,LOF,0.016389782132639995,0.1408858014406795,0.8427244164266806
25713,LOF,0.019510405222546778,0.06923190326426235,0.9112576915131909
25714,LOF,0.08109788705999953,0.0485169419131637,0.8703851710268368
25715,LOF,0.013197565056366219,0.09817252232610069,0.888629912617533
25716,LOF,0.012669992712365928,0.08958000017707606,0.8977500071105581
25717,LOF,0.016519665237180094,0.058754101156293335,0.9247262336065267
25718,LOF,0.012457617528432798,0.056383679178270175,0.9311587032932971
25719,LOF,0.02160799051291977,0.05347806466186004,0.9249139448252203
25720,LOF,0.025726404399395927,0.04369836369364301,0.9305752319069611
25721,LOF,0.015158686118394353,0.08429481689582966,0.9005464969857759
25722,LOF,0.01502090793386518,0.07377805109235273,0.911201040973782
25723,LOF,0.025172953772262273,0.031525338889594974,0.9433017073381428
25724,LOF,0.034251477513759385,0.05296031596987408,0.9127882065163665
25725,LOF,0.012718005330032464,0.050474720935243834,0.9368072737347236
25726,LOF,0.016495865759978783,0.0712581472806112,0.91224598695941
25727,LOF,0.013300586477777123,0.0549946490964993,0.9317047644257236
25728,LOF,0.011084131360475924,0.07185962484263364,0.9170562437968904
25729,LOF,0.011286459790386935,0.06958097519353904,0.919132565016074
25730,LOF,0.014361658508090104,0.06864129934456918,0.9169970421473407
25731,LOF,0.02275954432169931,0.07288030916963319,0.9043601465086676
25732,LOF,0.014523187211128703,0.044002390214703736,0.9414744225741676
25733,LOF,0.018394089507350136,0.04717922010004858,0.9344266903926013
25734,LOF,0.013268477836357073,0.08424014516762936,0.9024913769960136
25735,LOF,0.012806058458450773,0.05707145241514018,0.930122489126409
25736,LOF,0.013687985828911339,0.07056761322225608,0.9157444009488325
25737,LOF,0.012802844423131841,0.06493321997475007,0.9222639356021181
25738,LOF,0.012731618148815599,0.07281674979471472,0.9144516320564696
25739,LOF,0.021686192618269987,0.052321686188012924,0.9259921211937171
25740,LOF,0.027875963906139906,0.08692640325903278,0.8851976328348273
25741,LOF,0.016828807461252964,0.07658669644253971,0.9065844960962074
25742,LOF,0.11467534783709452,0.05056033143775976,0.8347643207251457
25743,LOF,0.03954017270992466,0.06410900831682344,0.8963508189732519
25744,Neutral,0.5949421853873882,0.250364274327385,0.15469354028522678
25745,LOF,0.06266591232411241,0.09095928073165056,0.8463748069442371
25746,LOF,0.03995420233713003,0.11255336486222937,0.8474924328006406
25747,LOF,0.02210388840682087,0.10041256589289553,0.8774835457002836
25748,LOF,0.12334549921836398,0.15366512658483536,0.7229893741968006
25749,LOF,0.027029759231406596,0.10932653160034579,0.8636437091682477
25750,LOF,0.07507406567287353,0.11497356298534223,0.8099523713417843
25751,LOF,0.0872038311185637,0.15900283375367058,0.7537933351277657
25752,GOF,0.10438629791670549,0.6635092335491654,0.23210446853412925
25753,LOF,0.02569638289713431,0.3019498234588892,0.6723537936439765
25754,GOF,0.014166923451156043,0.8074016843852159,0.1784313921636282
25755,LOF,0.027551165262809426,0.384762017598492,0.5876868171386985
25756,LOF,0.047355918338438274,0.36052639006786247,0.5921176915936993
25757,GOF,0.01900844384881766,0.8636209794163856,0.11737057673479673
25758,GOF,0.027939455489044095,0.7935791630357489,0.17848138147520692
25759,GOF,0.011006175849730472,0.6197063374417588,0.3692874867085107
25760,LOF,0.0162865048558424,0.31104595635486976,0.6726675387892879
25761,GOF,0.28738276733421714,0.6314807922620133,0.08113644040376966
25762,LOF,0.04146079573815493,0.2903079497662907,0.6682312544955543
25763,LOF,0.015552240720073808,0.22045997283067248,0.7639877864492537
25764,GOF,0.07392057863825524,0.668199205389407,0.2578802159723376
25765,GOF,0.03156408266239469,0.7729656551203857,0.1954702622172197
25766,GOF,0.06637414545143931,0.7957938913282689,0.13783196322029181
25767,GOF,0.14524580467128784,0.5651261287594883,0.28962806656922374
25768,LOF,0.110343467725835,0.06276788695982818,0.8268886453143368
25769,LOF,0.052808964323535844,0.07665542808073114,0.870535607595733
25770,LOF,0.3140053918149502,0.1111226468174533,0.5748719613675966
25771,LOF,0.05049493584024429,0.0626100357510164,0.8868950284087393
25772,LOF,0.019106527372954,0.051502026667471015,0.9293914459595749
25773,LOF,0.05306134081397334,0.10551157517060365,0.841427084015423
25774,LOF,0.027657153194207165,0.10257939828584335,0.8697634485199495
25775,LOF,0.05835932431026281,0.059060754036341055,0.882579921653396
25776,LOF,0.07121641417154617,0.03286397484268871,0.895919610985765
25777,LOF,0.3495574639262693,0.08831915591366789,0.5621233801600629
25778,LOF,0.0726814586380616,0.05185224178206128,0.8754662995798771
25779,GOF,0.39096099089083286,0.5490272968948348,0.060011712214332324
25780,GOF,0.3292276021081351,0.5893255340208439,0.08144686387102097
25781,GOF,0.1279351854183413,0.7715890633979923,0.10047575118366645
25782,GOF,0.17932617916478794,0.7364373361313302,0.08423648470388183
25783,GOF,0.02301855478452134,0.6484200717406876,0.328561373474791
25784,Neutral,0.5086429458470445,0.4443548794812568,0.04700217467169873
25785,Neutral,0.4775626438738631,0.4761138194050321,0.046323536721104716
25786,GOF,0.02750205289047821,0.7394578882863949,0.23304005882312687
25787,Neutral,0.6750792590873859,0.29302202246379333,0.031898718448820695
25788,LOF,0.050124808166528846,0.08904600525294333,0.8608291865805278
25789,GOF,0.20319696026413397,0.6406045822322984,0.1561984575035676
25790,GOF,0.2586797520072031,0.6411760686252519,0.10014417936754487
25791,GOF,0.16456777325162428,0.6834756898656784,0.15195653688269734
25792,GOF,0.36202787026267513,0.5215944769168518,0.11637765282047302
25793,GOF,0.23215180258094625,0.5079760951277593,0.2598721022912945
25794,GOF,0.29645029699206393,0.49916037903913363,0.20438932396880247
25795,GOF,0.06857450136116804,0.6626088583976144,0.26881664024121754
25796,Neutral,0.5119022814977767,0.40935704040795606,0.07874067809426727
25797,GOF,0.08363905958017555,0.5649748343094919,0.3513861061103325
25798,GOF,0.008539163998605033,0.5036298842200223,0.4878309517813727
25799,LOF,0.007329436139261957,0.433728158617054,0.5589424052436841
25800,GOF,0.03684742352387157,0.5891055773505661,0.3740469991255623
25801,GOF,0.24087455605150584,0.6486822209308258,0.11044322301766826
25802,GOF,0.058166476187593776,0.693743714271992,0.24808980954041426
25803,GOF,0.037318929513284076,0.5788173417734278,0.38386372871328805
25804,GOF,0.03567414337346913,0.5244078342934985,0.43991802233303245
25805,GOF,0.12945412023377192,0.5939930181478663,0.2765528616183617
25806,GOF,0.12382689736619773,0.5939476570500127,0.28222544558378954
25807,GOF,0.021648616597436044,0.6436553371060284,0.3346960462965356
25808,GOF,0.09688945918835208,0.6066235515501257,0.2964869892615222
25809,GOF,0.018025996318958994,0.6317785174970545,0.35019548618398655
25810,GOF,0.01839556836959903,0.6248878070262226,0.3567166246041783
25811,Neutral,0.49830060791921954,0.4316989377440071,0.07000045433677327
25812,GOF,0.03751890215385726,0.6231374822519896,0.339343615594153
25813,Neutral,0.542227804393655,0.34427188274863213,0.11350031285771278
25814,GOF,0.1349457091987256,0.6515595780242381,0.21349471277703627
25815,GOF,0.22071136689602447,0.5719509004907805,0.20733773261319502
25816,GOF,0.020471938106533354,0.654087454062769,0.32544060783069756
25817,GOF,0.24188560341613263,0.6252031747317605,0.1329112218521069
25818,GOF,0.04695697612066884,0.5770147011897834,0.3760283226895477
25819,GOF,0.36838633210626714,0.4684498093386583,0.16316385855507456
25820,GOF,0.19798034737090386,0.5977210128508261,0.20429863977826984
25821,GOF,0.061050771474255416,0.6749146528174834,0.2640345757082611
25822,GOF,0.218634334204298,0.5353428963062117,0.24602276948949023
25823,GOF,0.03453060568418028,0.5140938323196983,0.45137556199612144
25824,GOF,0.07456739418447982,0.5373692544709027,0.3880633513446175
25825,GOF,0.0331485618790546,0.5461377138956719,0.42071372422527353
25826,GOF,0.011337997537992115,0.5291980700535677,0.45946393240844013
25827,GOF,0.025323713435349827,0.584297449826457,0.39037883673819324
25828,GOF,0.014444618358255324,0.5127755198420854,0.4727798617996592
25829,GOF,0.005979590495614179,0.5275613202647101,0.4664590892396756
25830,LOF,0.03665773337796918,0.3097129177940221,0.6536293488280087
25831,GOF,0.1850988510970203,0.6703640002422921,0.14453714866068756
25832,GOF,0.029741532749559034,0.6669517877823289,0.3033066794681121
25833,GOF,0.11690123138689046,0.6849093872792178,0.19818938133389183
25834,GOF,0.035069313294698264,0.6676610528606105,0.29726963384469113
25835,GOF,0.08411271704409307,0.6900080839984617,0.22587919895744532
25836,GOF,0.04505643252652734,0.6269900882782734,0.3279534791951994
25837,GOF,0.02112852189480699,0.5144323929063417,0.4644390851988514
25838,GOF,0.07268954740642802,0.7170152092659915,0.2102952433275804
25839,GOF,0.3069229935069402,0.5398844321088798,0.15319257438418
25840,GOF,0.23838479435686674,0.5811122591827333,0.18050294646039994
25841,GOF,0.2360639875277221,0.5701649117441103,0.19377110072816756
25842,GOF,0.18455761040727434,0.6292940114195943,0.18614837817313143
25843,GOF,0.21258474516873252,0.6407620939826526,0.1466531608486149
25844,GOF,0.055590532957306336,0.6181180249641126,0.326291442078581
25845,LOF,0.013514783288955268,0.4750467766875,0.5114384400235447
25846,GOF,0.11219868120089656,0.687310065171729,0.20049125362737452
25847,GOF,0.12522442701959824,0.7185048101149161,0.1562707628654858
25848,GOF,0.03256543958525375,0.637416469916189,0.3300180904985573
25849,GOF,0.009449138635817329,0.5432929902081652,0.44725787115601745
25850,GOF,0.020297868569848516,0.6296442110685729,0.3500579203615785
25851,GOF,0.014971104750191746,0.5317589548602984,0.4532699403895097
25852,GOF,0.1772284563597267,0.5453784791911704,0.2773930644491027
25853,GOF,0.33449835906101016,0.5822064806567447,0.08329516028224508
25854,GOF,0.019145814876302073,0.5929268799898605,0.3879273051338374
25855,GOF,0.035368884007543906,0.5600035457668942,0.4046275702255619
25856,GOF,0.2249969302344639,0.5265556175243042,0.24844745224123183
25857,GOF,0.032429439903776794,0.4847163213589724,0.4828542387372509
25858,GOF,0.01721384463318556,0.5320936836494101,0.4506924717174043
25859,GOF,0.00996317987262092,0.5171845267347952,0.4728522933925839
25860,GOF,0.3643645498851734,0.5365035196967621,0.09913193041806448
25861,GOF,0.3974794716119034,0.5142747859261586,0.08824574246193795
25862,GOF,0.09035363952235806,0.7585264315329372,0.15111992894470477
25863,GOF,0.09406236179620991,0.7557589591838003,0.15017867901998977
25864,GOF,0.23075558807777133,0.6862524509566217,0.08299196096560696
25865,GOF,0.09007298463664659,0.7582378895317488,0.15168912583160463
25866,GOF,0.06283565603689131,0.760153354883542,0.17701098907956672
25867,GOF,0.08779174141476573,0.7821679063565821,0.13004035222865207
25868,GOF,0.26751694184368313,0.6119984334371202,0.1204846247191966
25869,Neutral,0.7096766953789307,0.24598395388449662,0.04433935073657265
25870,LOF,0.31904596122039197,0.25838523954249415,0.422568799237114
25871,GOF,0.22375886333374229,0.6083341158685698,0.167907020797688
25872,GOF,0.09121592345899499,0.6111718929928639,0.29761218354814106
25873,GOF,0.1542116261326048,0.6181844317575789,0.2276039421098164
25874,LOF,0.018981792860944244,0.11555722578527605,0.8654609813537798
25875,LOF,0.09564971255368553,0.04343214647694599,0.8609181409693685
25876,LOF,0.038434884994051934,0.048293953910250736,0.9132711610956973
25877,Neutral,0.5441177019445553,0.04898204558128768,0.40690025247415695
25878,LOF,0.25986201081130916,0.0805764872863576,0.6595615019023333
25879,LOF,0.10140273378588234,0.07989320548941206,0.8187040607247056
25880,LOF,0.025665497839019415,0.026052380093374614,0.948282122067606
25881,LOF,0.1830003768096303,0.1423336668426487,0.6746659563477211
25882,LOF,0.07566708441590254,0.020522027871720583,0.9038108877123768
25883,LOF,0.0806637120226673,0.02950632418414939,0.8898299637931835
25884,LOF,0.03967964819438965,0.04237787490760506,0.9179424768980053
25885,LOF,0.0657678798250956,0.015418283482460615,0.9188138366924439
25886,LOF,0.3309829365262805,0.05267861669016602,0.6163384467835534
25887,LOF,0.17042541589778726,0.08456378303705782,0.7450108010651549
25888,LOF,0.06789838069083244,0.07522124356650677,0.8568803757426608
25889,LOF,0.05104092975747847,0.030675202235561902,0.9182838680069597
25890,LOF,0.04679411294152818,0.12399340323505423,0.8292124838234175
25891,LOF,0.03684462768316501,0.06418355424578005,0.898971818071055
25892,LOF,0.10367982497961625,0.01781328021361284,0.878506894806771
25893,LOF,0.28233497116491524,0.012813242604772719,0.7048517862303121
25894,LOF,0.18091698393666197,0.007095940283589684,0.8119870757797484
25895,LOF,0.197914119971585,0.016815013018368956,0.785270867010046
25896,LOF,0.05269498051060362,0.014706510116049447,0.9325985093733469
25897,LOF,0.24132481851976384,0.010036367355788972,0.7486388141244473
25898,Neutral,0.7213417797749984,0.007713347479741941,0.27094487274525975
25899,LOF,0.28602256508141927,0.01791334478468465,0.6960640901338961
25900,LOF,0.45135290414004037,0.011169762331363221,0.5374773335285965
25901,LOF,0.0684725873616883,0.008118633121471087,0.9234087795168405
25902,LOF,0.18573871564403283,0.008169750809455895,0.8060915335465113
25903,Neutral,0.5007486911102518,0.022775371360289974,0.4764759375294582
25904,LOF,0.30583133853605377,0.030077227703010842,0.6640914337609354
25905,LOF,0.026757623195844488,0.29712605074899806,0.6761163260551575
25906,LOF,0.021984320886882576,0.07076390739065985,0.9072517717224575
25907,LOF,0.015295243868861878,0.3210319350246478,0.6636728211064904
25908,LOF,0.012098457007631876,0.21701068446588478,0.7708908585264833
25909,LOF,0.013977588817863698,0.134642615987965,0.8513797951941713
25910,LOF,0.04598675078693327,0.10319897953956553,0.8508142696735013
25911,LOF,0.130403586827474,0.04355923666497028,0.8260371765075557
25912,LOF,0.03625152840314475,0.060483354027246965,0.9032651175696083
25913,LOF,0.27638286586816374,0.025298371637037336,0.698318762494799
25914,LOF,0.023764625104847364,0.11172853929295404,0.8645068356021985
25915,Neutral,0.4508969210399009,0.2631326568321624,0.2859704221279368
25916,LOF,0.07177638514587806,0.28467771221375604,0.6435459026403658
25917,LOF,0.06411885623050509,0.05960180097839832,0.8762793427910965
25918,LOF,0.03169156000134118,0.05964727329237019,0.9086611667062886
25919,LOF,0.02528266535489436,0.06392136460188667,0.910795970043219
25920,GOF,0.09355574873802527,0.5224654092728362,0.3839788419891385
25921,LOF,0.03178140438729192,0.01582708702663641,0.9523915085860717
25922,LOF,0.044825267248493526,0.011362966835599826,0.9438117659159067
25923,LOF,0.40890562835712946,0.01202433556880559,0.5790700360740649
25924,LOF,0.04357020408087856,0.023823572642072143,0.9326062232770492
25925,LOF,0.07295858798514752,0.017192846590445506,0.9098485654244071
25926,LOF,0.0530719448456442,0.013459212863582686,0.9334688422907731
25927,LOF,0.074872118321291,0.056027132997878114,0.8691007486808309
25928,LOF,0.023801492807651533,0.02457585822388418,0.9516226489684643
25929,Neutral,0.5332043038591252,0.013093067589397248,0.45370262855147764
25930,LOF,0.06743246832781895,0.01093486612590043,0.9216326655462806
25931,LOF,0.032634735872079795,0.015550034873955652,0.9518152292539644
25932,LOF,0.03195954713807716,0.013274861113323494,0.9547655917485994
25933,LOF,0.043564590910436435,0.008132198140586123,0.9483032109489774
25934,LOF,0.028276480402405896,0.009555244794711109,0.962168274802883
25935,LOF,0.07027023331278015,0.020550236615382616,0.9091795300718373
25936,LOF,0.051254457421600674,0.01127682343404314,0.9374687191443561
25937,LOF,0.03195398484124841,0.022241709328730007,0.9458043058300216
25938,LOF,0.06946186418725157,0.022431717370444516,0.9081064184423038
25939,LOF,0.043856973899227845,0.00802204467495303,0.9481209814258191
25940,LOF,0.030220951557289842,0.33916992106936816,0.630609127373342
25941,LOF,0.17657642133352,0.08740149587769477,0.7360220827887852
25942,LOF,0.018072220957081827,0.03376862890673678,0.9481591501361814
25943,LOF,0.3060671620443131,0.06619447141543208,0.6277383665402547
25944,Neutral,0.49490788017653964,0.033122105571137775,0.4719700142523226
25945,LOF,0.07694491519555931,0.025369539170578947,0.8976855456338618
25946,LOF,0.029260169334963275,0.11169831072576207,0.8590415199392747
25947,LOF,0.1195096993950801,0.17814246425432553,0.7023478363505943
25948,LOF,0.450124407469136,0.018073723661906235,0.5318018688689578
25949,LOF,0.09398201101588209,0.0906287291788125,0.8153892598053055
25950,GOF,0.2872614087335123,0.4063593535673721,0.3063792376991156
25951,LOF,0.24389730465490336,0.23442678851144855,0.5216759068336481
25952,LOF,0.060399383175732214,0.4358041092273844,0.5037965075968834
25953,LOF,0.16461896324391068,0.10037010380684715,0.7350109329492421
25954,Neutral,0.4398337732553049,0.17264755331320422,0.38751867343149093
25955,LOF,0.07299490993099128,0.08300937447655252,0.8439957155924561
25956,LOF,0.18318416924971745,0.07697314860876481,0.7398426821415177
25957,LOF,0.04067989855961385,0.02684634932249293,0.9324737521178933
25958,LOF,0.0603292131715303,0.03149841889048862,0.9081723679379812
25959,LOF,0.06536169807562973,0.34374793963341915,0.5908903622909512
25960,LOF,0.022294168784927675,0.05990030122391222,0.91780552999116
25961,LOF,0.05282913322689757,0.036743731280315314,0.9104271354927872
25962,LOF,0.06006361719915672,0.03948469326159416,0.9004516895392493
25963,LOF,0.04506681698757131,0.20717271019037733,0.7477604728220514
25964,LOF,0.031087259735117955,0.15403427191029098,0.8148784683545911
25965,LOF,0.4227770853220324,0.07399281787380957,0.503230096804158
25966,Neutral,0.4177851647884244,0.16846488766804502,0.41374994754353067
25967,LOF,0.01278694905651379,0.07542908762179364,0.9117839633216926
25968,GOF,0.03613868522320165,0.5054675701561395,0.45839374462065885
25969,LOF,0.02066624819961402,0.07153442274985422,0.9077993290505317
25970,LOF,0.056225441791921495,0.06447926102799298,0.8792952971800856
25971,LOF,0.07707260869407732,0.0158777945864459,0.9070495967194767
25972,LOF,0.07984080447648184,0.023917917516934863,0.8962412780065833
25973,LOF,0.10175662081003525,0.005440582035903988,0.8928027971540606
25974,LOF,0.24472453776948652,0.0161080021310712,0.7391674600994422
25975,LOF,0.05817177562294749,0.01993386310280032,0.9218943612742522
25976,LOF,0.052768433772679736,0.011998423235659786,0.9352331429916605
25977,LOF,0.15220051225289324,0.09308880358205505,0.7547106841650518
25978,LOF,0.12248546746545796,0.05758766173772704,0.819926870796815
25979,LOF,0.12050562396091878,0.05567048394103658,0.8238238920980446
25980,LOF,0.15182083330326945,0.07361545988795204,0.7745637068087785
25981,LOF,0.18248423984079234,0.07069023984590014,0.7468255203133076
25982,LOF,0.3714819780845961,0.049380145292363155,0.5791378766230407
25983,LOF,0.36612991840970405,0.04776572680980216,0.5861043547804937
25984,LOF,0.053627461184825656,0.08496756290659056,0.8614049759085838
25985,LOF,0.025467651211148436,0.26251199969344985,0.7120203490954018
25986,LOF,0.04141348664469204,0.2757319647819118,0.682854548573396
25987,LOF,0.07543978568083536,0.0907758024063306,0.833784411912834
25988,LOF,0.1259739165903515,0.07882451544897191,0.7952015679606766
25989,LOF,0.030641475603905028,0.1536275737618836,0.8157309506342114
25990,LOF,0.03747784116115363,0.17132292896986806,0.7911992298689782
25991,GOF,0.18385556138617876,0.43097050929430114,0.38517392931952
25992,LOF,0.36750750398671056,0.2508156213380038,0.3816768746752857
25993,LOF,0.0236591237880353,0.08855505638566454,0.8877858198263002
25994,LOF,0.016677393431218684,0.13152430493423423,0.8517983016345471
25995,LOF,0.026438439332204577,0.22407940480367944,0.7494821558641159
25996,GOF,0.2616914688033501,0.5694774644927523,0.16883106670389764
25997,GOF,0.10250663742548703,0.5796591188298043,0.31783424374470864
25998,Neutral,0.5024495366136106,0.014808018661498478,0.48274244472489086
25999,LOF,0.12387636794383641,0.15001962479199438,0.7261040072641692
26000,LOF,0.1750767220194774,0.03478018734409275,0.7901430906364298
26001,LOF,0.18367597497597177,0.038346441973482547,0.7779775830505457
26002,LOF,0.15964547380427774,0.034560708876065535,0.8057938173196566
26003,GOF,0.008687825312225369,0.6488898175205895,0.34242235716718505
26004,GOF,0.025342860453638583,0.7170125893836937,0.25764455016266774
26005,GOF,0.008035808759799791,0.5307713871496342,0.4611928040905659
26006,Neutral,0.4936807540813848,0.2800276754489581,0.2262915704696572
26007,GOF,0.018620456943257136,0.5781445754124742,0.40323496764426864
26008,GOF,0.0189154051762097,0.6226995781086941,0.3583850167150961
26009,GOF,0.024157117297729142,0.641818083107537,0.3340247995947338
26010,GOF,0.023758746782213208,0.6625597554003414,0.3136814978174455
26011,GOF,0.007505062807539863,0.5408112389101978,0.4516836982822623
26012,GOF,0.015018006264223956,0.6250782018296788,0.3599037919060973
26013,GOF,0.017895662649941076,0.672411465699439,0.3096928716506199
26014,LOF,0.04415615887440031,0.15824809474621582,0.7975957463793838
26015,LOF,0.24182677913402148,0.011763858653878355,0.7464093622121002
26016,LOF,0.2484756733132009,0.05133408190424086,0.7001902447825582
26017,LOF,0.22525571240275089,0.0833770289878795,0.6913672586093695
26018,LOF,0.10091147878681812,0.046918452133897844,0.8521700690792839
26019,LOF,0.09488662964047534,0.03270109093840378,0.872412279421121
26020,LOF,0.0589602119551712,0.1191738854988109,0.821865902546018
26021,LOF,0.057102357644088206,0.1396802171111826,0.8032174252447293
26022,LOF,0.012919561805936968,0.06002508759017593,0.9270553506038871
26023,LOF,0.12372615543981866,0.030576221680621338,0.84569762287956
26024,LOF,0.03189353671905315,0.1263114348315236,0.8417950284494233
26025,LOF,0.14722961951691926,0.10891754483526549,0.7438528356478152
26026,LOF,0.310445127740963,0.029934031382513725,0.6596208408765234
26027,LOF,0.09657277800707192,0.02324943648477923,0.8801777855081488
26028,LOF,0.15065128894199936,0.10878982500998516,0.7405588860480155
26029,LOF,0.07384159921251035,0.13929082382141003,0.7868675769660797
26030,LOF,0.025196328462291234,0.06005499328436166,0.914748678253347
26031,LOF,0.03206196222556131,0.11370786073736025,0.8542301770370785
26032,LOF,0.06615088803780547,0.06754614641978737,0.866302965542407
26033,LOF,0.11494397982973921,0.07607841707058684,0.808977603099674
26034,LOF,0.04479506878393949,0.11973931662702775,0.8354656145890328
26035,LOF,0.030891192974733323,0.10728199347956054,0.8618268135457061
26036,LOF,0.044341097265867845,0.12390803661528928,0.8317508661188429
26037,LOF,0.026545362179838737,0.09630033472000855,0.8771543031001527
26038,LOF,0.0632987636724526,0.06587892687241236,0.8708223094551351
26039,LOF,0.06154252388730577,0.11771412221089587,0.8207433539017983
26040,LOF,0.2062961343390847,0.11424577089404846,0.6794580947668669
26041,LOF,0.027136046737339485,0.08712432721073106,0.8857396260519295
26042,LOF,0.02635881359038852,0.08787862033866822,0.8857625660709432
26043,LOF,0.062080932645826856,0.08328837003160233,0.8546306973225709
26044,LOF,0.021192670836585176,0.07055315703250124,0.9082541721309136
26045,LOF,0.07929594317984998,0.0831605595754482,0.8375434972447019
26046,LOF,0.06533557603487972,0.08704967192431509,0.8476147520408052
26047,LOF,0.09448593129076897,0.09577298412318803,0.8097410845860431
26048,LOF,0.04983645943518659,0.056999323551370315,0.8931642170134432
26049,Neutral,0.9542075581009297,0.0074818322933537336,0.038310609605716445
26050,Neutral,0.9365893983488432,0.009239136688883274,0.054171464962273576
26051,LOF,0.042167248233370445,0.3246839778025897,0.6331487739640399
26052,LOF,0.06409288387602378,0.3166029994075783,0.619304116716398
26053,LOF,0.0514633402669435,0.16364540032456953,0.784891259408487
26054,LOF,0.062042388068598166,0.029998713443519832,0.9079588984878821
26055,LOF,0.08395899331621336,0.022368721248532186,0.8936722854352545
26056,LOF,0.06474376961438344,0.02352234208370149,0.911733888301915
26057,LOF,0.03323034962975295,0.01459396878609626,0.9521756815841509
26058,LOF,0.03359200800142227,0.012938217322424334,0.9534697746761533
26059,LOF,0.2783677412440591,0.037064177656260786,0.6845680810996801
26060,LOF,0.03334984076225563,0.20827106235176054,0.7583790968859839
26061,LOF,0.019431022771479203,0.016945487254073865,0.9636234899744469
26062,LOF,0.01167855690349171,0.025725212499379195,0.9625962305971291
26063,LOF,0.02387374298821838,0.016234809101630887,0.9598914479101507
26064,LOF,0.026437723531814526,0.026147909431210134,0.9474143670369752
26065,LOF,0.02695106680275228,0.01684272403377635,0.9562062091634714
26066,LOF,0.02289016059622014,0.014573425523353152,0.9625364138804268
26067,LOF,0.028410018927811427,0.010524229515039611,0.961065751557149
26068,LOF,0.05104868034718133,0.04385657172232455,0.9050947479304942
26069,LOF,0.25294005225278504,0.025696064594138927,0.721363883153076
26070,LOF,0.40033625579474885,0.02075867391229629,0.5789050702929549
26071,LOF,0.024871102754082,0.016383771524561885,0.9587451257213562
26072,LOF,0.024649317165670124,0.022887996694146803,0.952462686140183
26073,LOF,0.026697308535287782,0.015431974170003117,0.9578707172947091
26074,Neutral,0.9141922602116888,0.007734899833722402,0.07807283995458894
26075,LOF,0.04345345167039596,0.0185253210808403,0.9380212272487637
26076,LOF,0.04597183370871605,0.01171823670265053,0.9423099295886335
26077,LOF,0.00949062834405286,0.022245054023422733,0.9682643176325243
26078,LOF,0.014638481658416263,0.016227077269208624,0.969134441072375
26079,LOF,0.05687590110904818,0.02298213628601761,0.9201419626049343
26080,LOF,0.05519977588428756,0.023077757602975105,0.9217224665127374
26081,LOF,0.03702532698099849,0.00945052335735857,0.9535241496616429
26082,LOF,0.019501275241259625,0.025375134749258236,0.9551235900094822
26083,LOF,0.14168100609862558,0.01848912045420182,0.8398298734471726
26084,LOF,0.029894058507432316,0.01805709629461015,0.9520488451979575
26085,LOF,0.024784577963598908,0.01697663620760884,0.9582387858287923
26086,LOF,0.028109854091203375,0.014294287895019851,0.9575958580137768
26087,LOF,0.027114265213800132,0.010129364815478025,0.9627563699707219
26088,LOF,0.01742847848591705,0.030639329391387325,0.9519321921226955
26089,LOF,0.047589660122215445,0.031036057175308523,0.921374282702476
26090,LOF,0.045568932462134386,0.023472997039100763,0.9309580704987649
26091,LOF,0.043721272014048476,0.009148793538104584,0.9471299344478469
26092,LOF,0.027900650915762368,0.011577849268221703,0.960521499816016
26093,LOF,0.039822840168240836,0.008894204511777486,0.9512829553199817
26094,LOF,0.043158138701875105,0.009233815963353072,0.9476080453347717
26095,LOF,0.06359265212106682,0.020661025919820934,0.9157463219591123
26096,LOF,0.02347818475301947,0.01844977153289853,0.958072043714082
26097,LOF,0.009785177147313487,0.056757363346125016,0.9334574595065616
26098,LOF,0.07225809417926357,0.016102020205915585,0.9116398856148208
26099,LOF,0.02612939147646691,0.018239626749772187,0.9556309817737609
26100,LOF,0.02766930231578903,0.01775409438369888,0.954576603300512
26101,LOF,0.06019385407873264,0.018028209398572095,0.9217779365226952
26102,LOF,0.028554491823295374,0.019082472729374182,0.9523630354473305
26103,Neutral,0.8850614392501627,0.027684917444447597,0.08725364330538975
26104,LOF,0.06767912341727095,0.041015016736821015,0.891305859845908
26105,LOF,0.2385076428858304,0.2679995250545913,0.4934928320595783
26106,LOF,0.1549285920463767,0.1613567852011898,0.6837146227524334
26107,LOF,0.24021821667380922,0.1010987884295539,0.658682994896637
26108,LOF,0.23918380589579757,0.11888101814974764,0.6419351759544547
26109,LOF,0.08728571441108585,0.09979971737568738,0.8129145682132267
26110,LOF,0.2480353910316757,0.007937102135151725,0.7440275068331725
26111,LOF,0.44544835530662136,0.022490797797028655,0.53206084689635
26112,LOF,0.03428711412254607,0.008819895440843105,0.9568929904366108
26113,LOF,0.05171858167905956,0.018357373768402567,0.929924044552538
26114,LOF,0.022054414907121567,0.025845673069998014,0.9520999120228805
26115,LOF,0.08296263982005168,0.049588990309985086,0.8674483698699631
26116,LOF,0.057422761571144086,0.04381637046901715,0.8987608679598388
26117,LOF,0.4181313091744979,0.05325978122621069,0.5286089095992914
26118,LOF,0.04245089357908891,0.0293664647308483,0.9281826416900627
26119,LOF,0.02471123622970264,0.03587901368744712,0.9394097500828502
26120,LOF,0.03227900414822599,0.026513541559697235,0.9412074542920768
26121,LOF,0.06192016329698818,0.09075649292647175,0.8473233437765401
