feature0,prediction,LoGoFunc_Neutral,LoGoFunc_GOF,LoGoFunc_LOF
25546,Neutral,0.6139879230564844,0.051592702339577995,0.3344193746039375
25547,Neutral,0.48918784205034377,0.08672161750743364,0.4240905404422225
25548,Neutral,0.4904156370544831,0.07174392184200654,0.4378404411035103
25549,LOF,0.4244113397022135,0.0741134331374892,0.5014752271602974
25550,LOF,0.3454056677834128,0.09863832582463115,0.5559560063919561
25551,LOF,0.3099975972946052,0.1079526455833787,0.5820497571220161
25552,LOF,0.27325184041535544,0.10636419168690414,0.6203839678977405
25553,Neutral,0.8020574919951113,0.04020625022916936,0.15773625777571917
25554,LOF,0.3147301185610198,0.09606303547346709,0.5892068459655131
25555,LOF,0.2684120309581891,0.09220420225730906,0.6393837667845018
25556,LOF,0.44827707442201803,0.07934351220894956,0.4723794133690323
25557,LOF,0.2495947464360156,0.09716365804615838,0.653241595517826
25558,LOF,0.30711897260365295,0.09368140235645735,0.5991996250398898
25559,LOF,0.27953835511955166,0.14067033351329952,0.5797913113671489
25560,LOF,0.16646153604155478,0.12650597065798388,0.7070324933004614
25561,LOF,0.16396719913441632,0.14133217171683102,0.6947006291487526
25562,LOF,0.06893805550663022,0.08730540009699456,0.8437565443963753
25563,LOF,0.02495598959885856,0.1467292651630617,0.8283147452380798
25564,LOF,0.21839037993541188,0.1497394678131527,0.6318701522514354
25565,LOF,0.22315812344938044,0.1383527680889595,0.6384891084616601
25566,GOF,0.09066765898775228,0.6627502868866141,0.24658205412563364
25567,LOF,0.039247747927512955,0.18127613374986262,0.7794761183226244
25568,LOF,0.060710812587504506,0.0985396667903736,0.8407495206221219
25569,LOF,0.06108065730761657,0.10305161236714004,0.8358677303252433
25570,LOF,0.026128430925268408,0.12131378896533877,0.8525577801093928
25571,LOF,0.02460432656562833,0.12326166014164125,0.8521340132927305
25572,LOF,0.06399254111413777,0.14058828341295393,0.7954191754729083
25573,LOF,0.06655822978023662,0.11597439668062817,0.8174673735391353
25574,LOF,0.057039380755398696,0.24192692214831887,0.7010336970962824
25575,LOF,0.021171865588215547,0.13847091214865057,0.8403572222631339
25576,LOF,0.027159962733141186,0.18057309204637517,0.7922669452204837
25577,LOF,0.031185049414717492,0.14093257019893746,0.8278823803863451
25578,LOF,0.3154032617568584,0.11863433793162766,0.5659624003115139
25579,LOF,0.15927708925148953,0.11921087340434258,0.7215120373441678
25580,LOF,0.018253078808391485,0.10165005220220333,0.8800968689894051
25581,LOF,0.05719937365437114,0.08999702605069039,0.8528036002949385
25582,LOF,0.05685600812802414,0.0887154626782092,0.8544285291937666
25583,LOF,0.02138437363029855,0.10445889399198735,0.8741567323777141
25584,Neutral,0.690966172664983,0.13077751533432255,0.17825631200069444
25585,LOF,0.023144075765279274,0.17418568390100747,0.8026702403337134
25586,LOF,0.015884179830003432,0.0879408145424947,0.8961750056275019
25587,LOF,0.015331241116805885,0.07957066432832482,0.9050980945548692
25588,LOF,0.018583631965342906,0.09068314086663425,0.8907332271680228
25589,Neutral,0.5003095148947464,0.24099192196209993,0.2586985631431537
25590,LOF,0.04610447057305566,0.14126125225487587,0.8126342771720686
25591,LOF,0.09759041713742322,0.08008539114335325,0.8223241917192236
25592,LOF,0.05430552183046347,0.17166367595483428,0.7740308022147023
25593,LOF,0.11420417945315624,0.2976119873841313,0.5881838331627125
25594,LOF,0.05052073620402525,0.07570821530344678,0.8737710484925281
25595,LOF,0.04808546611373983,0.05299977328773291,0.8989147605985273
25596,LOF,0.10323878186172239,0.025028780236073002,0.8717324379022046
25597,LOF,0.0806737397848484,0.029348461342345946,0.8899777988728056
25598,LOF,0.049620185450069396,0.05464724496431239,0.8957325695856183
25599,GOF,0.02052823262381187,0.4944449891840121,0.4850267781921761
25600,GOF,0.15283625440115844,0.5030456254431872,0.34411812015565424
25601,LOF,0.040166210177582304,0.3867432429668062,0.5730905468556116
25602,LOF,0.033756856965385995,0.05950057583870781,0.9067425671959062
25603,LOF,0.033962776398760365,0.03517350625074147,0.9308637173504982
25604,LOF,0.03437342914918505,0.08751537498458303,0.8781111958662319
25605,LOF,0.035806806816210505,0.19687957381418253,0.7673136193696068
25606,LOF,0.4199882292217147,0.11759662528429682,0.46241514549398843
25607,LOF,0.027445095097733543,0.17505909686929272,0.7974958080329737
25608,LOF,0.037064488482791584,0.08582077263645954,0.8771147388807489
25609,GOF,0.14241978742513012,0.5382652306670674,0.3193149819078024
25610,LOF,0.017455373718040873,0.030620764918134844,0.9519238613638242
25611,LOF,0.015149934516878927,0.028989288087096873,0.9558607773960243
25612,LOF,0.05076295296967169,0.04623546949924441,0.9030015775310838
25613,LOF,0.04661922041852612,0.04477015270447126,0.9086106268770026
25614,LOF,0.024758144661148694,0.026060617617097052,0.9491812377217542
25615,LOF,0.04560786722994003,0.041082410952472885,0.913309721817587
25616,LOF,0.05596942586003483,0.027923077350795304,0.9161074967891699
25617,LOF,0.04660573259644381,0.03419025129270515,0.9192040161108511
25618,LOF,0.05354031474547214,0.03781078038633617,0.9086489048681918
25619,LOF,0.014551051323145181,0.035696194890552924,0.949752753786302
25620,LOF,0.06681895963297611,0.040412476183580195,0.8927685641834436
25621,LOF,0.060048654629555734,0.03636080816182388,0.9035905372086204
25622,LOF,0.06828749200263193,0.03691048200232995,0.8948020259950382
25623,LOF,0.07781292766164011,0.03294686534504385,0.8892402069933161
25624,LOF,0.019868208820833327,0.035923334651918166,0.9442084565272484
25625,LOF,0.06200477938126125,0.036664007067631406,0.9013312135511073
25626,LOF,0.05190624805188184,0.04378515536381041,0.9043085965843077
25627,Neutral,0.8874125620824389,0.019687379259924677,0.09290005865763647
25628,LOF,0.14594314291167057,0.06464580498465795,0.7894110521036715
25629,LOF,0.061867189869419074,0.05664981383221607,0.8814829962983649
25630,LOF,0.2550551101337431,0.07846178603245024,0.6664831038338067
25631,Neutral,0.5508869105695294,0.07146484781921342,0.3776482416112572
25632,LOF,0.025873844348591735,0.0684582266911181,0.9056679289602901
25633,LOF,0.17362803583122366,0.03962787245093138,0.786744091717845
25634,LOF,0.03222209911110911,0.08688197447942474,0.880895926409466
25635,LOF,0.036455307232124215,0.045245645298116234,0.9182990474697595
25636,LOF,0.03285086050821633,0.43539269113498535,0.5317564483567983
25637,GOF,0.07500514671044987,0.4895918362426745,0.4354030170468757
25638,LOF,0.028769173599504462,0.34551354964942155,0.625717276751074
25639,LOF,0.028626633267145048,0.3648349273802729,0.6065384393525821
25640,Neutral,0.7582963727651428,0.19213768409609233,0.04956594313876493
25641,GOF,0.07392228804085255,0.5437967246695838,0.38228098728956356
25642,LOF,0.0571280432555229,0.21539271961193743,0.7274792371325397
25643,LOF,0.20937761346812087,0.17347345868169856,0.6171489278501806
25644,GOF,0.029608433248411063,0.4865550456292403,0.4838365211223487
25645,LOF,0.02899668393642409,0.4529233278125906,0.5180799882509853
25646,LOF,0.06528255845348176,0.36507719894378005,0.5696402426027382
25647,LOF,0.03379530452118246,0.2929784337259232,0.6732262617528944
25648,LOF,0.03841570653901597,0.29050267969690635,0.6710816137640776
25649,LOF,0.019777420602599693,0.2634597471053449,0.7167628322920554
25650,LOF,0.05797297558186137,0.45503641280310936,0.4869906116150293
25651,LOF,0.022202435323079802,0.3210562272420521,0.6567413374348682
25652,LOF,0.0394779338833635,0.29842535731169534,0.6620967088049411
25653,GOF,0.10183999185131141,0.4645709524851596,0.433589055663529
25654,LOF,0.02677254616628335,0.248873986331937,0.7243534675017796
25655,GOF,0.250935561709898,0.45186824902036393,0.29719618926973795
25656,LOF,0.33863146556073437,0.08362450181795385,0.5777440326213118
25657,LOF,0.061671585720440396,0.07942922410986204,0.8588991901696976
25658,LOF,0.3858090154330089,0.07945872056596329,0.5347322640010278
25659,Neutral,0.5301839648558803,0.10220893766913927,0.3676070974749806
25660,LOF,0.023156217015972824,0.09306609135317215,0.883777691630855
25661,LOF,0.09984508160111515,0.06370351745658034,0.8364514009423044
25662,LOF,0.03477873451251293,0.03335860899084668,0.9318626564966404
25663,LOF,0.048043951098984294,0.04490913725424879,0.9070469116467669
25664,LOF,0.14160920448217507,0.06391453283976448,0.7944762626780605
25665,LOF,0.051697734386614666,0.03297884586321373,0.9153234197501716
25666,LOF,0.10043595432513769,0.06519057175288956,0.8343734739219727
25667,LOF,0.07456831402430664,0.0405190963657579,0.8849125896099354
25668,LOF,0.038916923978054026,0.05071119179861476,0.9103718842233314
25669,LOF,0.03287846684075201,0.05053847753386388,0.9165830556253842
25670,LOF,0.1457088981209548,0.05918687624770617,0.7951042256313391
25671,LOF,0.11658925171356667,0.035353742590795934,0.8480570056956375
25672,LOF,0.05152668043881822,0.047356242006528305,0.9011170775546534
25673,LOF,0.0837191159333087,0.04916877467765774,0.8671121093890336
25674,LOF,0.06931941424849222,0.056967306141296845,0.873713279610211
25675,LOF,0.11621923213995938,0.06124754610412144,0.8225332217559193
25676,LOF,0.019666806235719748,0.05422670137118152,0.9261064923930988
25677,LOF,0.02531665214415333,0.07140704842113746,0.9032762994347091
25678,LOF,0.21254444966792851,0.06557840260931938,0.721877147722752
25679,LOF,0.11773195868770338,0.08082266957154607,0.8014453717407506
25680,LOF,0.033933650448372675,0.12336449171981329,0.8427018578318141
25681,LOF,0.051959783410471035,0.11181921301786833,0.8362210035716607
25682,LOF,0.15634686537528614,0.07562250214159402,0.7680306324831199
25683,LOF,0.12551172374598116,0.0857160558611262,0.7887722203928926
25684,LOF,0.043849308705393664,0.07008438552727649,0.8860663057673298
25685,LOF,0.12975148406836406,0.06181553688067298,0.808432979050963
25686,LOF,0.07745504718722274,0.0909455859120675,0.8315993669007097
25687,LOF,0.12479815143421749,0.10311434872684412,0.7720874998389384
25688,LOF,0.3523893821607985,0.033596709095412,0.6140139087437895
25689,LOF,0.24233962836341247,0.03722428815146461,0.720436083485123
25690,LOF,0.33606606210009793,0.03371811285138757,0.6302158250485145
25691,Neutral,0.724358804773493,0.026379847094510307,0.24926134813199674
25692,LOF,0.34478869930768,0.010475796489601244,0.6447355042027187
25693,LOF,0.05069335584404869,0.41542454974537696,0.5338820944105743
25694,LOF,0.1260883374329546,0.014709402239610139,0.8592022603274353
25695,LOF,0.11455568022629568,0.013351792794665843,0.8720925269790384
25696,LOF,0.1476737162137574,0.008705257443389331,0.8436210263428532
25697,LOF,0.09433578847117673,0.04452954493087441,0.8611346665979489
25698,LOF,0.3395492014885119,0.15742465996856797,0.5030261385429201
25699,LOF,0.477534190041003,0.04408215384948316,0.4783836561095138
25700,LOF,0.07474818877246071,0.00943080708721789,0.9158210041403215
25701,LOF,0.17017278957071863,0.05774038967330847,0.7720868207559729
25702,GOF,0.19560593357104455,0.5673905329947143,0.23700353343424113
25703,LOF,0.01599796824787683,0.15460478391684315,0.82939724783528
25704,LOF,0.041380042481618834,0.10502421245787388,0.8535957450605073
25705,LOF,0.0521567261163775,0.16456511517226835,0.7832781587113542
25706,LOF,0.10455315214426125,0.4031905617397068,0.4922562861160319
25707,LOF,0.09050988714160307,0.365836481390945,0.5436536314674519
25708,LOF,0.03880946467564492,0.3454293188976474,0.6157612164267077
25709,LOF,0.07339250033524618,0.04613417847005737,0.8804733211946963
25710,LOF,0.012078975411195724,0.17720218742391186,0.8107188371648923
25711,LOF,0.021080527965269217,0.09459312777166294,0.8843263442630679
25712,LOF,0.015356034012162501,0.18494804544609877,0.7996959205417387
25713,LOF,0.019564529329731975,0.08556592489720627,0.8948695457730618
25714,LOF,0.07949071452359163,0.09779604817751004,0.8227132372988982
25715,LOF,0.012021724763548932,0.14664854716883624,0.8413297280676149
25716,LOF,0.012167101488748949,0.12116253629821751,0.8666703622130336
25717,LOF,0.015101536561262148,0.08490771356364131,0.8999907498750964
25718,LOF,0.012351985841641017,0.10440903320434938,0.8832389809540097
25719,LOF,0.019815763854052853,0.08999637667202504,0.8901878594739221
25720,LOF,0.026316259975763444,0.07040257023064402,0.9032811697935925
25721,LOF,0.013854749748782966,0.12515651256109972,0.8609887376901173
25722,LOF,0.01490469974811762,0.13339242231920198,0.8517028779326804
25723,LOF,0.024377694080464113,0.05195969683836404,0.9236626090811718
25724,LOF,0.033000836924923324,0.0877170843534436,0.879282078721633
25725,LOF,0.01241877670051491,0.07898670247265442,0.9085945208268306
25726,LOF,0.017234477337833762,0.10872662879940806,0.8740388938627581
25727,LOF,0.012758794893286123,0.08889566236294304,0.8983455427437709
25728,LOF,0.010647544659572619,0.12389962720155206,0.8654528281388753
25729,LOF,0.010892246397340273,0.12798831904275448,0.8611194345599051
25730,LOF,0.014488638804395607,0.10878001719371137,0.876731344001893
25731,LOF,0.01800982320666946,0.11400461175712763,0.8679855650362029
25732,LOF,0.015297235322370466,0.08721027750550765,0.8974924871721219
25733,LOF,0.016363194375562287,0.08104922434243204,0.9025875812820057
25734,LOF,0.01142200454830317,0.12564623900253563,0.8629317564491612
25735,LOF,0.012513524983468697,0.09507082390356761,0.8924156511129638
25736,LOF,0.013511790529328887,0.10523368289011566,0.8812545265805556
25737,LOF,0.012992375272134236,0.08828575935902865,0.898721865368837
25738,LOF,0.012014177420654944,0.12783396299193464,0.8601518595874105
25739,LOF,0.022175898913681612,0.09527226002329259,0.8825518410630258
25740,LOF,0.02608881237178161,0.13724502434372135,0.8366661632844969
25741,LOF,0.015049676242630613,0.1437313188856124,0.841219004871757
25742,LOF,0.13407624790817296,0.09726859237389437,0.7686551597179327
25743,LOF,0.03704158316540048,0.038157306796172276,0.9248011100384272
25744,Neutral,0.5746947517938177,0.21021059712709558,0.2150946510790868
25745,LOF,0.06419367556158105,0.06739451136922674,0.8684118130691921
25746,LOF,0.04466145928415626,0.08364855839837826,0.8716899823174655
25747,LOF,0.021105909436897278,0.06010734323819793,0.9187867473249048
25748,LOF,0.10306048356954396,0.08775409976398388,0.8091854166664723
25749,LOF,0.02720089842495353,0.0802970289821017,0.8925020725929448
25750,LOF,0.08636903940884758,0.08338733546336918,0.8302436251277832
25751,LOF,0.09436101685019029,0.10312756400826559,0.8025114191415442
25752,GOF,0.12236314807435114,0.6252803514698317,0.25235650045581715
25753,LOF,0.022607997137578727,0.2615985752983717,0.7157934275640496
25754,GOF,0.01367273100078509,0.8029302496746066,0.18339701932460822
25755,LOF,0.026928631279734466,0.3575199974129093,0.6155513713073563
25756,LOF,0.04699388755473226,0.34780829995343904,0.6051978124918286
25757,GOF,0.01683240258421073,0.846633315898462,0.13653428151732735
25758,GOF,0.029282546844777987,0.8061535204642016,0.1645639326910204
25759,GOF,0.012008051060407057,0.5962476740752407,0.39174427486435226
25760,LOF,0.013037242988944382,0.24758463317181026,0.7393781238392453
25761,GOF,0.28129220359936014,0.6168215520700134,0.10188624433062647
25762,LOF,0.042026093281178345,0.2546464032174705,0.7033275035013511
25763,LOF,0.014666476141315247,0.19555577072310304,0.7897777531355816
25764,GOF,0.07729901090076166,0.6306164362171285,0.2920845528821098
25765,GOF,0.03335357940940178,0.7412331881326663,0.225413232457932
25766,GOF,0.07639861782919731,0.723982169538656,0.19961921263214663
25767,GOF,0.14829390666698297,0.554990155342658,0.29671593799035895
25768,LOF,0.10545257123185907,0.06520919190308028,0.8293382368650607
25769,LOF,0.0604223312000041,0.06528650793235914,0.8742911608676367
25770,LOF,0.34086499360754247,0.11674911055375553,0.542385895838702
25771,LOF,0.044255311338387164,0.05051831781835137,0.9052263708432615
25772,LOF,0.020452766652102557,0.04189792581892846,0.9376493075289689
25773,LOF,0.04712566885950545,0.09803978137651313,0.8548345497639814
25774,LOF,0.02833679429370445,0.08076417860397489,0.8908990271023206
25775,LOF,0.051532645053518546,0.043950116449697964,0.9045172384967834
25776,LOF,0.08254146464349417,0.023986095337695613,0.8934724400188102
25777,LOF,0.3663602359337794,0.05864073833294148,0.5749990257332791
25778,LOF,0.0755696066572543,0.047795956260842896,0.8766344370819028
25779,GOF,0.35815214562015674,0.5966482165641271,0.045199637815716294
25780,GOF,0.3318594401530018,0.5946068725438478,0.0735336873031504
25781,GOF,0.12673348816767946,0.7691129487255446,0.10415356310677583
25782,GOF,0.1919832636338937,0.7332729287620713,0.07474380760403497
25783,GOF,0.022249178433785082,0.6426884369937157,0.33506238457249937
25784,GOF,0.4698301484273194,0.48936806409925115,0.04080178747342937
25785,GOF,0.4607845272301766,0.5015067174581139,0.03770875531170951
25786,GOF,0.028242834209030086,0.7525715386967826,0.21918562709418718
25787,Neutral,0.6324954639087367,0.3414978595712632,0.026006676520000178
25788,LOF,0.05827444690088165,0.11014133112734932,0.8315842219717691
25789,GOF,0.19092913696165512,0.6748723241795016,0.13419853885884328
25790,GOF,0.2130812520033113,0.6894739259851452,0.09744482201154342
25791,GOF,0.16205654591540847,0.6896289583062478,0.14831449577834366
25792,GOF,0.3532979970271791,0.5351749624415265,0.1115270405312943
25793,GOF,0.22331873879150704,0.5458336564820486,0.23084760472644422
25794,GOF,0.31424033069955476,0.5133217823914266,0.1724378869090187
25795,GOF,0.0754276633735387,0.6845886375733441,0.23998369905311728
25796,Neutral,0.5535976001460734,0.36934881759069016,0.07705358226323641
25797,GOF,0.09544969247534967,0.5400765314950735,0.36447377602957687
25798,GOF,0.00956004386773381,0.5264185513057867,0.46402140482647947
25799,LOF,0.0078813955419579,0.4075554831656609,0.5845631212923811
25800,GOF,0.032954055402866785,0.6044398659471647,0.3626060786499686
25801,GOF,0.21371158129189294,0.6646893969798274,0.12159902172827972
25802,GOF,0.06057757674157085,0.6987659301808546,0.24065649307757453
25803,GOF,0.037857332034036614,0.5870442191740111,0.3750984487919523
25804,GOF,0.03360221139581601,0.4974635464551432,0.4689342421490408
25805,GOF,0.09379487352258414,0.6077333360536112,0.2984717904238047
25806,GOF,0.09622334308731233,0.6119696589850402,0.29180699792764747
25807,GOF,0.01861571649330562,0.6289873708673019,0.35239691263939255
25808,GOF,0.08218784333066224,0.629059868469154,0.2887522882001839
25809,GOF,0.02008631701472391,0.6192054123502252,0.36070827063505084
25810,GOF,0.01831420274209821,0.6414928818834839,0.3401929153744178
25811,GOF,0.44460067476199683,0.4878978849781923,0.06750144025981077
25812,GOF,0.03638641421182963,0.6437237941171265,0.31988979167104387
25813,Neutral,0.5132029999145744,0.39474715673553284,0.09204984334989284
25814,GOF,0.1286242178192216,0.6743226698306148,0.19705311235016348
25815,GOF,0.19469930283855488,0.6294157895082125,0.17588490765323261
25816,GOF,0.02332556811157146,0.7076494885659335,0.26902494332249505
25817,GOF,0.21939129114404862,0.6527841232992688,0.12782458555668247
25818,GOF,0.054316666613476144,0.6236888059081558,0.32199452747836804
25819,GOF,0.35045970584036934,0.5127016439285426,0.13683865023108804
25820,GOF,0.15791637866581376,0.6080825193294028,0.23400110200478338
25821,GOF,0.052703640273505103,0.6736079026479572,0.2736884570785377
25822,GOF,0.18320835351360445,0.5849980481240774,0.23179359836231825
25823,GOF,0.02806784541755889,0.5263063582020876,0.44562579638035354
25824,GOF,0.06424192521984279,0.5752026534823144,0.3605554212978428
25825,GOF,0.027371608544675706,0.5602712406596053,0.41235715079571894
25826,GOF,0.010969904495433794,0.544131976704967,0.4448981187995992
25827,GOF,0.02109372755894309,0.5973532764712802,0.38155299596977665
25828,GOF,0.012193589788896514,0.5210250141519612,0.4667813960591423
25829,GOF,0.006481406947688647,0.5731774519128847,0.42034114113942667
25830,LOF,0.03416459163009603,0.31826328279325056,0.6475721255766533
25831,GOF,0.20585662301044028,0.6588336775436243,0.13530969944593535
25832,GOF,0.030670959479594726,0.6773187036282549,0.2920103368921504
25833,GOF,0.12568369994860934,0.700685071741823,0.17363122830956768
25834,GOF,0.04169829200588766,0.6887037685747273,0.26959793941938504
25835,GOF,0.0868284103321942,0.746346694775393,0.16682489489241287
25836,GOF,0.04161933387386094,0.6809120892304724,0.27746857689566673
25837,GOF,0.026235445008144592,0.5472880400154658,0.42647651497638955
25838,GOF,0.09145780791060253,0.7484798656560987,0.1600623264332989
25839,GOF,0.30628892802376945,0.554845919983247,0.13886515199298363
25840,GOF,0.23295135230153563,0.5922595558860231,0.17478909181244126
25841,GOF,0.2536065976189516,0.5903250974391782,0.15606830494187024
25842,GOF,0.18572272447073204,0.6763405057798209,0.1379367697494471
25843,GOF,0.256383145371889,0.6447902859735779,0.09882656865453303
25844,GOF,0.06580906573962178,0.6869451465779625,0.24724578768241567
25845,LOF,0.015318689619892207,0.4804814124917401,0.5041998978883677
25846,GOF,0.11986762572998515,0.7062266834995957,0.1739056907704192
25847,GOF,0.11402551027329333,0.7748872249539837,0.11108726477272295
25848,GOF,0.037058763739786456,0.6859003261682615,0.27704091009195203
25849,GOF,0.011140039351576337,0.5611457581112755,0.42771420253714815
25850,GOF,0.021511751222132624,0.6492517341331641,0.3292365146447033
25851,GOF,0.015983399930689365,0.536894913742897,0.44712168632641364
25852,GOF,0.16508358502455095,0.5569918886260649,0.2779245263493842
25853,GOF,0.33956186153976936,0.5939384484097886,0.06649969005044207
25854,GOF,0.02172013669701453,0.622364729291961,0.3559151340110245
25855,GOF,0.034476373390676926,0.5893956982464759,0.37612792836284725
25856,GOF,0.2349880987104087,0.5533343375936044,0.21167756369598684
25857,GOF,0.03328734856198871,0.5190468144266146,0.4476658370113968
25858,GOF,0.017707020435678067,0.5506057835075276,0.4316871960567942
25859,GOF,0.010085492511033158,0.5384994091162548,0.45141509837271204
25860,GOF,0.35292750197654205,0.5642583324832412,0.08281416554021663
25861,GOF,0.4128988691932475,0.5156287826860967,0.07147234812065577
25862,GOF,0.09413961535974331,0.7670686004816378,0.13879178415861884
25863,GOF,0.09047733640043777,0.7778785131022499,0.13164415049731226
25864,GOF,0.1989436368794871,0.7232138539415086,0.07784250917900426
25865,GOF,0.08657191764777437,0.7989448817461784,0.11448320060604728
25866,GOF,0.06577251922400693,0.7974551457953745,0.13677233498061872
25867,GOF,0.08553662172283623,0.8168791057731288,0.09758427250403505
25868,GOF,0.24907045659063284,0.6554023151263503,0.0955272282830168
25869,Neutral,0.6933041904802001,0.26858753588093903,0.03810827363886085
25870,GOF,0.30370093175696405,0.39541947313849607,0.3008795951045399
25871,GOF,0.2141506764776559,0.6289079397945248,0.1569413837278192
25872,GOF,0.08309131861971762,0.6554841181187971,0.26142456326148517
25873,GOF,0.15249019564251534,0.6448381711282493,0.20267163322923532
25874,LOF,0.017633720130583702,0.12082241088964796,0.8615438689797682
25875,LOF,0.09956553436063681,0.03427962658992647,0.8661548390494368
25876,LOF,0.03930191136139298,0.03688402543129135,0.9238140632073156
25877,Neutral,0.5184558547529724,0.039252736508839224,0.4422914087381883
25878,LOF,0.24149391593472888,0.0687477097146186,0.6897583743506526
25879,LOF,0.09994507776929826,0.07733816721379236,0.8227167550169094
25880,LOF,0.024921093372442776,0.01606298202151852,0.9590159246060387
25881,LOF,0.1873239066575947,0.10923494324986752,0.7034411500925378
25882,LOF,0.06863783033118827,0.014677075136516244,0.9166850945322955
25883,LOF,0.08823576804536322,0.016981748620812913,0.8947824833338239
25884,LOF,0.03443091461867096,0.027994757834661235,0.9375743275466678
25885,LOF,0.06879889719466796,0.010806684554433593,0.9203944182508984
25886,LOF,0.29107932611039045,0.029359998819311506,0.679560675070298
25887,LOF,0.15728146510835606,0.06658814472453334,0.7761303901671107
25888,LOF,0.06920078480597963,0.06172529941288446,0.8690739157811359
25889,LOF,0.04608523474971309,0.020187388465643115,0.9337273767846439
25890,LOF,0.05734713531566176,0.12988964576181178,0.8127632189225265
25891,LOF,0.04552224636454975,0.04946859020167334,0.9050091634337768
25892,LOF,0.0923617815783233,0.019033316584842416,0.8886049018368344
25893,LOF,0.23689852089416447,0.016765088868408096,0.7463363902374275
25894,LOF,0.18028368480973664,0.011414943969341094,0.8083013712209223
25895,LOF,0.2085115135176154,0.019522188155008127,0.7719662983273764
25896,LOF,0.04834063324409856,0.030020687077838157,0.9216386796780632
25897,LOF,0.245694878412347,0.012449045945657572,0.7418560756419954
25898,Neutral,0.7024229044389012,0.010182514444425354,0.2873945811166735
25899,LOF,0.22756835383896826,0.024421397513228374,0.7480102486478033
25900,LOF,0.4191361817699775,0.01873512883349821,0.5621286893965243
25901,LOF,0.05181172813077511,0.013991499782126946,0.934196772087098
25902,LOF,0.16304960876697996,0.013441820837964911,0.8235085703950551
25903,Neutral,0.5080080377598535,0.025723458184388967,0.46626850405575754
25904,LOF,0.28099771832531745,0.055280312843173404,0.6637219688315091
25905,LOF,0.023294657900164436,0.29951956632189086,0.6771857757779446
25906,LOF,0.027317145319849395,0.06398626625275536,0.9086965884273952
25907,LOF,0.014104367271704351,0.3110898341716717,0.674805798556624
25908,LOF,0.01043685657708673,0.22696727980200576,0.7625958636209075
25909,LOF,0.013362104184640192,0.127269994363356,0.8593679014520038
25910,LOF,0.05289509161404056,0.13104319481476157,0.8160617135711978
25911,LOF,0.17488255735999012,0.02825739075072046,0.7968600518892895
25912,LOF,0.04206202929505936,0.05068905323671894,0.9072489174682217
25913,LOF,0.31223201542542744,0.02409121281936624,0.6636767717552063
25914,LOF,0.020798993298474996,0.08987509649186154,0.8893259102096635
25915,Neutral,0.48340274825892726,0.2655687301989324,0.2510285215421404
25916,LOF,0.06709872942086124,0.32624081789318005,0.6066604526859586
25917,LOF,0.0654131854283052,0.06292797087047107,0.8716588437012238
25918,LOF,0.025763181338312745,0.05702432028030259,0.9172124983813847
25919,LOF,0.02148517775553685,0.06105645790960521,0.9174583643348581
25920,GOF,0.0935813803187832,0.49635124000342434,0.41006737967779233
25921,LOF,0.02665977158079762,0.028369785525617582,0.9449704428935849
25922,LOF,0.03701341667416665,0.020411555921707177,0.9425750274041261
25923,LOF,0.42184543318153445,0.02463210230696666,0.5535224645114988
25924,LOF,0.041251084786744684,0.035640591634023694,0.9231083235792317
25925,LOF,0.07087188209083281,0.030855385824515597,0.8982727320846515
25926,LOF,0.052114840112657386,0.023672926534576255,0.9242122333527663
25927,LOF,0.0696806963196103,0.08043880305771807,0.8498805006226716
25928,LOF,0.02099435594124185,0.03823545706154947,0.9407701869972087
25929,Neutral,0.536742078855548,0.026497786044839308,0.43676013509961265
25930,LOF,0.05156711404787731,0.022430822835635657,0.926002063116487
25931,LOF,0.026875343447623955,0.02171541847135489,0.9514092380810212
25932,LOF,0.026947228189023318,0.021638079867792148,0.9514146919431845
25933,LOF,0.038447267972811054,0.01458929230168469,0.9469634397255043
25934,LOF,0.025312097320109684,0.01802458978156319,0.9566633128983272
25935,LOF,0.0649445851786995,0.03572883920669742,0.8993265756146032
25936,LOF,0.04569942660485128,0.019819928914388458,0.9344806444807603
25937,LOF,0.02812468128275514,0.030133138603004803,0.94174218011424
25938,LOF,0.06596926276396255,0.036542379604376556,0.8974883576316608
25939,LOF,0.03910832499141682,0.013936903833353047,0.9469547711752301
25940,LOF,0.03379532123313847,0.3840643793304778,0.5821402994363837
25941,LOF,0.18665165827504313,0.09135337250565284,0.7219949692193042
25942,LOF,0.017257878163517076,0.030777395194996015,0.951964726641487
25943,LOF,0.28452427318498225,0.058363391214530685,0.6571123356004871
25944,Neutral,0.5003486253978301,0.024253018723673754,0.47539835587849605
25945,LOF,0.06558014144390284,0.02488325513595587,0.9095366034201412
25946,LOF,0.029444719727678773,0.11877779168851653,0.8517774885838048
25947,LOF,0.11039147428816419,0.20927000632545212,0.6803385193863838
25948,LOF,0.37855480866579816,0.011762354500362846,0.609682836833839
25949,LOF,0.10064721618850003,0.04354933659340033,0.8558034472180996
25950,GOF,0.24814372188548345,0.4288303908969811,0.3230258872175354
25951,LOF,0.23464865832568466,0.22518133975086105,0.5401700019234543
25952,LOF,0.04817745960065399,0.42402529043133685,0.5277972499680091
25953,LOF,0.13722056237751112,0.10189663980811299,0.7608827978143758
25954,Neutral,0.47132737464097785,0.15614913742586511,0.3725234879331571
25955,LOF,0.05559295907672565,0.0803322296988004,0.8640748112244739
25956,LOF,0.16836796193571354,0.12295995574323156,0.7086720823210548
25957,LOF,0.03996847318115958,0.03147701390898542,0.9285545129098549
25958,LOF,0.062434417146839664,0.028344427391435254,0.9092211554617251
25959,LOF,0.06388029500668616,0.35803841357371774,0.5780812914195962
25960,LOF,0.018927510392790958,0.0506296322612425,0.9304428573459665
25961,LOF,0.05047274889459581,0.030289177556227488,0.9192380735491766
25962,LOF,0.0678008069110103,0.03272880078247964,0.8994703923065102
25963,LOF,0.04507252534100159,0.1722975059374488,0.7826299687215497
25964,LOF,0.03791008034472829,0.15035261856001925,0.8117373010952523
25965,LOF,0.4364075187293201,0.09788462976353406,0.46570785150714583
25966,Neutral,0.48076782291919357,0.09739044853506214,0.4218417285457443
25967,LOF,0.013204838705697372,0.061497316996013525,0.9252978442982891
25968,LOF,0.027161664481189462,0.4664773528570708,0.5063609826617397
25969,LOF,0.02573460311909068,0.0567851853931983,0.917480211487711
25970,LOF,0.058821104628176676,0.05768520465326748,0.8834936907185559
25971,LOF,0.07215751186511331,0.015720664934887222,0.9121218231999993
25972,LOF,0.07689398556778992,0.020175518946527877,0.9029304954856822
25973,LOF,0.0866447921587652,0.011283201501446733,0.9020720063397881
25974,LOF,0.20749274758452727,0.021361269673452064,0.7711459827420206
25975,LOF,0.048990139771567846,0.03528953531031561,0.9157203249181166
25976,LOF,0.04449181598847366,0.017329566071509414,0.938178617940017
25977,LOF,0.14784454900242514,0.10329626795515313,0.7488591830424216
25978,LOF,0.15171216667372858,0.07555492722936615,0.7727329060969054
25979,LOF,0.14156361439468518,0.0774546640120309,0.7809817215932839
25980,LOF,0.22022283636375442,0.1051170495364183,0.6746601140998273
25981,LOF,0.2515642788527624,0.10186595816908803,0.6465697629781497
25982,LOF,0.43982707549390576,0.060744111992823695,0.4994288125132706
25983,LOF,0.4150479918823032,0.06139695502260494,0.523555053095092
25984,LOF,0.05344161603572864,0.04294923674222637,0.9036091472220449
25985,LOF,0.035769456137911625,0.22290303465718578,0.7413275092049025
25986,LOF,0.0453428093369985,0.2596166533866855,0.695040537276316
25987,LOF,0.08248906925534522,0.060728146620557207,0.8567827841240977
25988,LOF,0.15560600701543512,0.042521610328719456,0.8018723826558455
25989,LOF,0.03144359541757139,0.08311937955744893,0.8854370250249798
25990,LOF,0.03720509688676405,0.10900865853762154,0.8537862445756144
25991,LOF,0.14616545721804208,0.3166024848112902,0.5372320579706678
25992,LOF,0.33273064880025743,0.17928375758247586,0.4879855936172668
25993,LOF,0.025034171938137856,0.08565764574089714,0.8893081823209651
25994,LOF,0.018268093128095696,0.122074947659252,0.8596569592126523
25995,LOF,0.028028527330975623,0.21920904974608185,0.7527624229229425
25996,GOF,0.2932952791892154,0.461838601341689,0.24486611946909562
25997,GOF,0.09556556999280434,0.45801595007161333,0.4464184799355823
25998,Neutral,0.5476334314484057,0.01809229727272447,0.4342742712788698
25999,LOF,0.10150108759077235,0.11748209705509927,0.7810168153541285
26000,LOF,0.17384724407430074,0.03565797848593423,0.7904947774397652
26001,LOF,0.21392765474364572,0.032289846340035594,0.7537824989163188
26002,LOF,0.16191688481291652,0.04485787207066356,0.79322524311642
26003,GOF,0.01254821138695512,0.5663974870936922,0.4210543015193527
26004,GOF,0.02055104510867315,0.6216220989297018,0.3578268559616252
26005,LOF,0.008470387558848193,0.4361219398758945,0.5554076725652572
26006,Neutral,0.5308543491521336,0.2060951927997353,0.2630504580481311
26007,GOF,0.024290006137336305,0.5352476241000748,0.44046236976258907
26008,GOF,0.020546996956510848,0.5813165441447615,0.39813645889872773
26009,GOF,0.024572879632888348,0.6208809875903176,0.35454613277679414
26010,GOF,0.03029188710392769,0.610112273987753,0.35959583890831925
26011,LOF,0.008285005588993368,0.4394190687857775,0.5522959256252291
26012,GOF,0.014774630635895911,0.5558912526766271,0.42933411668747684
26013,GOF,0.020625101687941298,0.5912972656500809,0.38807763266197765
26014,LOF,0.05044702337967662,0.11725949858053744,0.832293478039786
26015,LOF,0.1958255194735384,0.009544278839094865,0.7946302016873668
26016,LOF,0.21643263457963244,0.05163800427019026,0.7319293611501771
26017,LOF,0.2206410149112474,0.08788830914663202,0.6914706759421206
26018,LOF,0.09971268761059625,0.029558149458603983,0.8707291629307998
26019,LOF,0.09411439546081637,0.022263699268072597,0.8836219052711111
26020,LOF,0.0665217179568332,0.1029144840199644,0.8305637980232025
26021,LOF,0.04565663188508369,0.11711538275831579,0.8372279853566006
26022,LOF,0.01168031922876267,0.036144994989913005,0.9521746857813242
26023,LOF,0.1086557175194888,0.019567856957803418,0.8717764255227078
26024,LOF,0.027090874649904725,0.12307481505051698,0.8498343102995782
26025,LOF,0.15893555465057413,0.09450555884508341,0.7465588865043424
26026,LOF,0.33124105235451734,0.028674684814454066,0.6400842628310286
26027,LOF,0.0900979763052627,0.014510877616062321,0.895391146078675
26028,LOF,0.15217276826498277,0.06127582567449407,0.7865514060605232
26029,LOF,0.07466299709616718,0.20897045995063526,0.7163665429531976
26030,LOF,0.027207130576953373,0.0801303797830019,0.8926624896400448
26031,LOF,0.031125277234573513,0.1641471966364198,0.8047275261290067
26032,LOF,0.07099675112674042,0.09731949425432111,0.8316837546189385
26033,LOF,0.1163219176438456,0.12216098652721065,0.7615170958289438
26034,LOF,0.049535140802761335,0.17398158219982865,0.7764832769974099
26035,LOF,0.029275578128354636,0.1598775887765563,0.810846833095089
26036,LOF,0.04658723365492611,0.19212656212751655,0.7612862042175573
26037,LOF,0.024270958377881763,0.13026786746900568,0.8454611741531126
26038,LOF,0.06555211809802743,0.10178289967489827,0.8326649822270743
26039,LOF,0.055935049514840365,0.1752835986823242,0.7687813518028354
26040,LOF,0.2007926266851039,0.18404559496485826,0.6151617783500378
26041,LOF,0.025366177950210272,0.13193217554770886,0.8427016465020809
26042,LOF,0.025152757418509575,0.12089758847035781,0.8539496541111326
26043,LOF,0.06553219879172124,0.12150846872463374,0.8129593324836449
26044,LOF,0.02351617529729422,0.09813779693426551,0.8783460277684403
26045,LOF,0.07980672754178161,0.11694921796674825,0.8032440544914701
26046,LOF,0.06675678659543613,0.11916199041241986,0.814081222992144
26047,LOF,0.09105911132737593,0.12705726515060062,0.7818836235220235
26048,LOF,0.05622753658009704,0.05865454339279608,0.8851179200271068
26049,Neutral,0.9611390739610783,0.008820238899844022,0.03004068713907767
26050,Neutral,0.9469991896024611,0.011874464026843971,0.041126346370694886
26051,LOF,0.04850027788107952,0.3190166731521105,0.63248304896681
26052,LOF,0.07701845894431224,0.34871443595013046,0.5742671051055572
26053,LOF,0.0607562748055906,0.1441876992378197,0.7950560259565896
26054,LOF,0.05482736129567445,0.01771079926458185,0.9274618394397437
26055,LOF,0.07257326301405208,0.014630541654940108,0.9127961953310079
26056,LOF,0.060646826510943906,0.015466736279609563,0.9238864372094464
26057,LOF,0.031049308565842745,0.011331469163225392,0.9576192222709319
26058,LOF,0.03177496665876784,0.008776798801878984,0.9594482345393531
26059,LOF,0.32935572472298097,0.02556902965460536,0.6450752456224137
26060,LOF,0.0320756647096303,0.19112463959637102,0.7767996956939985
26061,LOF,0.020167326515945255,0.010749940617300504,0.9690827328667543
26062,LOF,0.0120973586435468,0.017441417198893035,0.9704612241575602
26063,LOF,0.023550873799733762,0.011818284339209572,0.9646308418610566
26064,LOF,0.023405125207712863,0.01833917765446109,0.9582556971378261
26065,LOF,0.02559492727021031,0.010314489342230572,0.964090583387559
26066,LOF,0.02192814227516458,0.010887130542546988,0.9671847271822885
26067,LOF,0.029753035999571083,0.008308982824055362,0.9619379811763736
26068,LOF,0.04645042154083972,0.03177493764626233,0.921774640812898
26069,LOF,0.2876457808981712,0.018118153696616762,0.694236065405212
26070,LOF,0.42213094240014487,0.015008619391226921,0.5628604382086283
26071,LOF,0.024187145254483754,0.011798923924825504,0.9640139308206908
26072,LOF,0.02428169949342746,0.015763764946466228,0.9599545355601063
26073,LOF,0.025126059795984555,0.010217557104753078,0.9646563830992624
26074,Neutral,0.9107792367352396,0.0056973884895771725,0.08352337477518307
26075,LOF,0.046646159130455785,0.014557950593621838,0.9387958902759224
26076,LOF,0.046000573823338275,0.008150819315270449,0.9458486068613912
26077,LOF,0.010759062566990604,0.017524738260407475,0.9717161991726019
26078,LOF,0.014470740215929196,0.010229498966127876,0.9752997608179428
26079,LOF,0.06091519675053611,0.017086262114376725,0.9219985411350872
26080,LOF,0.0597051913886459,0.017148176250767463,0.9231466323605866
26081,LOF,0.03752645813933803,0.005870536787915808,0.9566030050727461
26082,LOF,0.015583003501836066,0.014713019971225481,0.9697039765269385
26083,LOF,0.14550658127613653,0.011877008154230729,0.8426164105696328
26084,LOF,0.02974152686404598,0.011348389023458137,0.9589100841124959
26085,LOF,0.024937411224510847,0.010816405149138873,0.9642461836263503
26086,LOF,0.02504455490665527,0.011564318363509645,0.9633911267298352
26087,LOF,0.027943776904876996,0.008222133526882862,0.96383408956824
26088,LOF,0.016779152826437597,0.02680629065867231,0.95641455651489
26089,LOF,0.04579553097394627,0.02315600479072294,0.9310484642353308
26090,LOF,0.04452204404682948,0.017677915743035764,0.9378000402101349
26091,LOF,0.039627252807901955,0.0058096069881397455,0.9545631402039583
26092,LOF,0.028702990124968554,0.008003859337587108,0.9632931505374442
26093,LOF,0.04046555819999629,0.005774651357723469,0.9537597904422802
26094,LOF,0.04279092547275373,0.006167559851832558,0.9510415146754136
26095,LOF,0.0478488778083438,0.013065234966154799,0.9390858872255013
26096,LOF,0.01927327444988411,0.010786349513796357,0.9699403760363196
26097,LOF,0.012958886589730793,0.033984783877191484,0.9530563295330778
26098,LOF,0.07243509076476326,0.010326989709197274,0.9172379195260394
26099,LOF,0.025370823843235447,0.011697046658509019,0.9629321294982555
26100,LOF,0.02751905211362942,0.01142589923068101,0.9610550486556896
26101,LOF,0.05825944912018024,0.01176436595363092,0.9299761849261888
26102,LOF,0.02574069201640107,0.013815340754979907,0.9604439672286189
26103,Neutral,0.8924317992731271,0.01692085653610868,0.0906473441907641
26104,LOF,0.08151236143865258,0.024911101576874078,0.8935765369844734
26105,LOF,0.18281784744762775,0.30402880012679107,0.5131533524255812
26106,LOF,0.19813864483555327,0.12983800896468894,0.6720233461997577
26107,LOF,0.22304182783169194,0.09511371856014425,0.6818444536081637
26108,LOF,0.2598731518775516,0.132053270136929,0.6080735779855194
26109,LOF,0.12092528487426941,0.08299725097852038,0.7960774641472101
26110,LOF,0.23764152564108126,0.007631767101579065,0.7547267072573397
26111,Neutral,0.49171626775246263,0.016837612144709524,0.4914461201028279
26112,LOF,0.033846612867192,0.008036916868661228,0.9581164702641467
26113,LOF,0.055855273906522354,0.01649037676366188,0.9276543493298157
26114,LOF,0.028878428648931788,0.018204174076231018,0.9529173972748372
26115,LOF,0.09268301099044911,0.04092373267654834,0.8663932563330025
26116,LOF,0.06470328490844238,0.03954618308347241,0.8957505320080852
26117,LOF,0.45309029852896726,0.04245197680133914,0.5044577246696936
26118,LOF,0.03907616231342726,0.023578148154270426,0.9373456895323024
26119,LOF,0.021043648344494105,0.04106515983320232,0.9378911918223036
26120,LOF,0.029271022520159846,0.022347683239169008,0.9483812942406712
26121,LOF,0.04966238703748265,0.08041859238223234,0.869919020580285
