feature0,prediction,LoGoFunc_Neutral,LoGoFunc_GOF,LoGoFunc_LOF
25546,Neutral,0.6238531825854904,0.053010102325330065,0.32313671508917957
25547,Neutral,0.47980296018308144,0.09558904666706447,0.42460799314985415
25548,Neutral,0.48989588857021144,0.08433208099110391,0.42577203043868456
25549,LOF,0.42823345644826505,0.0836858313668537,0.48808071218488136
25550,LOF,0.3555589290960125,0.09747435087581804,0.5469667200281695
25551,LOF,0.30734266177350106,0.10838546379504048,0.5842718744314584
25552,LOF,0.2682924624530871,0.11933734289125954,0.6123701946556535
25553,Neutral,0.7913432912060311,0.04627558448059535,0.16238112431337356
25554,LOF,0.30409121793498717,0.10665885566391468,0.5892499264010982
25555,LOF,0.26472851607965014,0.09908064094920285,0.636190842971147
25556,LOF,0.44768760984027284,0.0973431280273873,0.45496926213233985
25557,LOF,0.2495918119259835,0.10371616070232477,0.6466920273716916
25558,LOF,0.3075681572711993,0.09896989174248332,0.5934619509863174
25559,LOF,0.2391535586533285,0.0641033915238151,0.6967430498228565
25560,LOF,0.11324647889779414,0.1432630519510625,0.7434904691511434
25561,LOF,0.11753049222218599,0.1883609095161309,0.6941085982616831
25562,LOF,0.043803007179565034,0.09218980516370284,0.8640071876567322
25563,LOF,0.013457893088772701,0.15850207526873505,0.8280400316424923
25564,LOF,0.10173498706270682,0.09695859868169511,0.801306414255598
25565,LOF,0.18206427685426493,0.13265615033831207,0.6852795728074229
25566,GOF,0.05706798532859224,0.6449668231759397,0.297965191495468
25567,LOF,0.03625312031622537,0.16344338766775118,0.8003034920160236
25568,LOF,0.05701309113685154,0.09774265961830673,0.8452442492448418
25569,LOF,0.06201300745260544,0.09149697749168556,0.846490015055709
25570,LOF,0.02896448222531479,0.11892627787543135,0.8521092398992539
25571,LOF,0.026715018108610187,0.12529115112399988,0.8479938307673899
25572,LOF,0.06767575478762648,0.16891196988160423,0.7634122753307693
25573,LOF,0.05802636714201872,0.12343614143280589,0.8185374914251753
25574,LOF,0.05959327569482991,0.2213336103213046,0.7190731139838654
25575,LOF,0.02329220934912859,0.14177441053656903,0.8349333801143024
25576,LOF,0.027911204174059095,0.20413495170013463,0.7679538441258063
25577,LOF,0.03357971306421335,0.15836603313347108,0.8080542538023157
25578,LOF,0.3091707015700528,0.11540852274734034,0.575420775682607
25579,LOF,0.20018078508277526,0.11010005267126825,0.6897191622459565
25580,LOF,0.022625420665747218,0.08959783519421412,0.8877767441400387
25581,LOF,0.04873429861930494,0.09947001493949872,0.8517956864411963
25582,LOF,0.048417481998941254,0.09705294354283522,0.8545295744582234
25583,LOF,0.025757365689561412,0.10594800562509311,0.8682946286853455
25584,Neutral,0.6988517004076851,0.13795607917913902,0.16319222041317577
25585,LOF,0.021428878053448674,0.1904638572352983,0.788107264711253
25586,LOF,0.01735997555773387,0.10651399837701567,0.8761260260652506
25587,LOF,0.018004915199326264,0.08607685002425103,0.8959182347764227
25588,LOF,0.021509799272431487,0.09285955960358826,0.8856306411239802
25589,Neutral,0.5145699908691859,0.2609552740317615,0.22447473509905275
25590,LOF,0.04779252841147835,0.15045591962221372,0.8017515519663079
25591,LOF,0.08322493971036427,0.08224324856774269,0.834531811721893
25592,LOF,0.056771357615762456,0.17297842877284203,0.7702502136113956
25593,LOF,0.12081105875300245,0.302634390071375,0.5765545511756225
25594,LOF,0.05384805235563999,0.07599944681127536,0.8701525008330846
25595,LOF,0.06140020369576085,0.04579741001214343,0.8928023862920957
25596,LOF,0.1288939458042032,0.024202186114639354,0.8469038680811575
25597,LOF,0.08700837246028026,0.027631184258156926,0.8853604432815628
25598,LOF,0.05217054749533433,0.05107337738991742,0.8967560751147482
25599,LOF,0.024179223547980386,0.38200319469718824,0.5938175817548313
25600,LOF,0.17820304615793015,0.399931370639064,0.421865583203006
25601,LOF,0.04118655934446962,0.29589716514675585,0.6629162755087745
25602,LOF,0.025791820913176666,0.07495924250470486,0.8992489365821185
25603,LOF,0.03655828449995488,0.061410343569795744,0.9020313719302494
25604,LOF,0.03892030651653854,0.10496283655443667,0.8561168569290247
25605,LOF,0.02876506716656759,0.20326310862770455,0.767971824205728
25606,LOF,0.38340229517957825,0.14333958805754887,0.473258116762873
25607,LOF,0.025929155589192777,0.20895370865972285,0.7651171357510844
25608,LOF,0.03851485529543887,0.11481593606764366,0.8466692086369174
25609,GOF,0.13648970091730445,0.4899435307023187,0.37356676838037683
25610,LOF,0.015118036462132866,0.05769649051222255,0.9271854730256446
25611,LOF,0.013110856127003483,0.06967755256938224,0.9172115913036143
25612,LOF,0.04609611877983437,0.06594652897941826,0.8879573522407475
25613,LOF,0.04497626334537769,0.07127909106798053,0.8837446455866418
25614,LOF,0.022994371391284546,0.053089763934515595,0.9239158646741998
25615,LOF,0.040517428574885404,0.064561813341171,0.8949207580839437
25616,LOF,0.054193001434990756,0.062047530955800526,0.8837594676092086
25617,LOF,0.039002851523382474,0.07183596261415072,0.8891611858624667
25618,LOF,0.05156584486775689,0.08951871568135816,0.8589154394508849
25619,LOF,0.012367808611046034,0.06622005832658086,0.921412133062373
25620,LOF,0.055909196025540564,0.07162003655916101,0.8724707674152985
25621,LOF,0.06102580963982833,0.05887597390398815,0.8800982164561836
25622,LOF,0.06200675782079362,0.06988739307377784,0.8681058491054284
25623,LOF,0.06215935705887295,0.049168671071195186,0.8886719718699319
25624,LOF,0.019728124803771004,0.058086816915125496,0.9221850582811035
25625,LOF,0.06156045540121244,0.07087832073699014,0.8675612238617975
25626,LOF,0.04602537811090217,0.062242077342889786,0.8917325445462081
25627,Neutral,0.8848495879605659,0.02579111266585365,0.08935929937358053
25628,LOF,0.14457250005762085,0.06683759859458975,0.7885899013477894
25629,LOF,0.06588837161090813,0.07064058769450285,0.8634710406945891
25630,LOF,0.26467508114734745,0.07234571744141656,0.662979201411236
25631,Neutral,0.5604786569449725,0.06644160889532119,0.3730797341597063
25632,LOF,0.031442575102209526,0.07511761795672069,0.8934398069410698
25633,LOF,0.23170393687580113,0.04164070883821857,0.7266553542859804
25634,LOF,0.04497890264493824,0.08740389588017823,0.8676172014748835
25635,LOF,0.040881410441602525,0.03960117468072793,0.9195174148776696
25636,GOF,0.03698092672307155,0.5009479844354009,0.4620710888415276
25637,GOF,0.054363706129370276,0.508265815351953,0.43737047851867666
25638,LOF,0.03838054136789036,0.43619592576525557,0.5254235328668541
25639,LOF,0.03462911049271242,0.46109933518787605,0.5042715543194116
25640,Neutral,0.862602641115225,0.07874412411400598,0.05865323477076907
25641,LOF,0.08938583579297124,0.41667968189033017,0.4939344823166985
25642,LOF,0.06826755440953025,0.1713421500091059,0.7603902955813638
25643,LOF,0.20558040147244558,0.13667769298957513,0.6577419055379794
25644,GOF,0.009058505598566545,0.6229864862358944,0.3679550081655392
25645,GOF,0.01091006108524467,0.6046854064580609,0.38440453245669437
25646,LOF,0.03516252157602453,0.4213342396508167,0.5435032387731588
25647,LOF,0.011809540099550594,0.36098893456897335,0.627201525331476
25648,LOF,0.013792420944878377,0.4274915958710522,0.5587159831840693
25649,LOF,0.007807020735007943,0.34470851463508934,0.6474844646299026
25650,GOF,0.021858737536288354,0.6059322028479927,0.37220905961571893
25651,LOF,0.0087052473384232,0.44240029747743814,0.5488944551841387
25652,LOF,0.014189494230008133,0.43875392430143906,0.5470565814685527
25653,GOF,0.038206562539997345,0.5962187032885877,0.36557473417141495
25654,LOF,0.00986354896678411,0.33413541032642347,0.6560010407067923
25655,GOF,0.13342083577980518,0.6108827239049159,0.2556964403152788
25656,LOF,0.35427727861883296,0.12670615739870134,0.5190165639824658
25657,LOF,0.053672633686302075,0.12330525537135091,0.8230221109423471
25658,LOF,0.35152087205822286,0.1601976054267613,0.4882815225150159
25659,Neutral,0.4589717094641624,0.16864601202911073,0.37238227850672684
25660,LOF,0.023520895000410602,0.12071390062331361,0.8557652043762758
25661,LOF,0.08722551244842063,0.07419217438951806,0.8385823131620613
25662,LOF,0.03330306501038805,0.03453258841010159,0.9321643465795104
25663,LOF,0.03876437921034156,0.0449805023931935,0.9162551183964649
25664,LOF,0.13639734513765772,0.06621691811094833,0.7973857367513939
25665,LOF,0.06203408855151103,0.03169238635619357,0.9062735250922954
25666,LOF,0.10272040326181087,0.0779755002023438,0.8193040965358453
25667,LOF,0.0731489082375687,0.054077294262828174,0.872773797499603
25668,LOF,0.03643240740681802,0.06114576361093062,0.9024218289822514
25669,LOF,0.030126861244330325,0.05953723919761291,0.9103358995580567
25670,LOF,0.1247794550915394,0.061412201420701404,0.8138083434877591
25671,LOF,0.10854837886272548,0.04293041890343089,0.8485212022338435
25672,LOF,0.0521219817213123,0.04465957410625915,0.9032184441724287
25673,LOF,0.09373346295086865,0.045392366678148166,0.8608741703709831
25674,LOF,0.08053553538898413,0.05897283493498663,0.8604916296760291
25675,LOF,0.11518196180066688,0.0767256092371797,0.8080924289621534
25676,LOF,0.019293625471160824,0.06035123964936444,0.9203551348794746
25677,LOF,0.02325900715336591,0.07858544928155926,0.8981555435650748
25678,LOF,0.19046636384474716,0.08901535327259581,0.7205182828826571
25679,LOF,0.12412215773588824,0.09048502286646934,0.7853928193976425
25680,LOF,0.032261873326758436,0.12358995062943584,0.8441481760438057
25681,LOF,0.048301537422519795,0.1172554561689493,0.8344430064085309
25682,LOF,0.12630157696081232,0.08815462633906705,0.7855437967001205
25683,LOF,0.11362965042964654,0.1017229911646755,0.7846473584056781
25684,LOF,0.038078814925589816,0.07513848981713107,0.8867826952572792
25685,LOF,0.12481182517037413,0.07448684017019133,0.8007013346594345
25686,LOF,0.0692286019028139,0.12117523362580515,0.8095961644713809
25687,LOF,0.11750593547697709,0.12004945796085521,0.7624446065621677
25688,LOF,0.44257998341150007,0.04316500843198845,0.5142550081565115
25689,LOF,0.31870691570030485,0.042953465189401414,0.6383396191102937
25690,LOF,0.31934856860530936,0.03429264059146333,0.6463587908032273
25691,Neutral,0.7163261509740648,0.03092366701678061,0.25275018200915467
25692,LOF,0.3454009996949584,0.013144228693645468,0.6414547716113961
25693,LOF,0.04062941754417583,0.41258386285726206,0.5467867195985621
25694,LOF,0.11515717638299876,0.017825839589194207,0.8670169840278069
25695,LOF,0.1088105130570064,0.013146819449167327,0.8780426674938262
25696,LOF,0.12235832742155268,0.012137939241085737,0.8655037333373616
25697,LOF,0.06799074277323945,0.15253544021094373,0.7794738170158168
25698,LOF,0.3072225115060977,0.22257692615279281,0.4702005623411095
25699,LOF,0.4574251280405481,0.039662344444718986,0.5029125275147329
25700,LOF,0.08534969512806295,0.014730414769386267,0.8999198901025508
25701,LOF,0.18342196405386246,0.054418445074790704,0.7621595908713467
25702,GOF,0.18564583170889343,0.6298333395630769,0.18452082872802977
25703,LOF,0.01648449104146128,0.15271099555179013,0.8308045134067487
25704,LOF,0.03796665514985938,0.15094113093727088,0.8110922139128698
25705,LOF,0.03724396356066278,0.09249437916312535,0.8702616572762119
25706,LOF,0.13053408956997747,0.32684736194925107,0.5426185484807714
25707,LOF,0.09625932840448691,0.24928338828322413,0.654457283312289
25708,LOF,0.0466790733156881,0.24067340454611386,0.7126475221381979
25709,LOF,0.06295024479033243,0.032937312054950305,0.9041124431547174
25710,LOF,0.013304158267171223,0.10399711542552449,0.8826987263073043
25711,LOF,0.020035170957877674,0.06816924858233737,0.9117955804597849
25712,LOF,0.015891842467997214,0.13981941064080047,0.8442887468912024
25713,LOF,0.017471365105878888,0.0731640032625307,0.9093646316315904
25714,LOF,0.0724447276504808,0.051214924159207524,0.8763403481903117
25715,LOF,0.011422045725870434,0.10197619912504596,0.8866017551490836
25716,LOF,0.01222553496843208,0.08013278764547073,0.9076416773860971
25717,LOF,0.016146070854814,0.06959310043986368,0.9142608287053223
25718,LOF,0.01113670424111994,0.06605970695213471,0.9228035888067454
25719,LOF,0.02134345374231727,0.060227258311070626,0.918429287946612
25720,LOF,0.025163571130320653,0.05069231918521819,0.9241441096844613
25721,LOF,0.0137893357562709,0.08584010220461846,0.9003705620391106
25722,LOF,0.013947179578906949,0.07761917050206436,0.9084336499190288
25723,LOF,0.025211343259277118,0.03480593218146133,0.9399827245592615
25724,LOF,0.03189991716848898,0.05736401486416204,0.910736067967349
25725,LOF,0.01176621261883209,0.05454512961540147,0.9336886577657665
25726,LOF,0.015547857814693904,0.07628967892112164,0.9081624632641845
25727,LOF,0.012558064768349862,0.05788405653504001,0.9295578786966102
25728,LOF,0.010010170757077053,0.07396249653614903,0.916027332706774
25729,LOF,0.010278974534911684,0.07247761344456097,0.9172434120205274
25730,LOF,0.013494957782383653,0.07276883968632114,0.9137362025312952
25731,LOF,0.0225029360210333,0.07435224839903326,0.9031448155799335
25732,LOF,0.013378749371430248,0.048315195531788396,0.9383060550967814
25733,LOF,0.017339813394810184,0.05053563308623631,0.9321245535189535
25734,LOF,0.012419434092690983,0.09158638970423293,0.895994176203076
25735,LOF,0.011650296559840172,0.059156614972197874,0.929193088467962
25736,LOF,0.01206269551749517,0.07521674434414088,0.9127205601383639
25737,LOF,0.011543946235173118,0.07027040497515213,0.9181856487896747
25738,LOF,0.011070551348535558,0.07315755005197083,0.9157718985994936
25739,LOF,0.019590179124377872,0.05739706578278694,0.9230127550928352
25740,LOF,0.026269189041843926,0.08242500894056244,0.8913058020175937
25741,LOF,0.015516052668389782,0.08369866461031539,0.9007852827212948
25742,LOF,0.10579937508293911,0.057356700750382614,0.8368439241666782
25743,LOF,0.036015454277662784,0.0544592159632949,0.9095253297590423
25744,Neutral,0.6055123155898776,0.23100036959305437,0.16348731481706796
25745,LOF,0.0656477809990566,0.08125764779435617,0.8530945712065873
25746,LOF,0.043161296689005195,0.10115501727810974,0.855683686032885
25747,LOF,0.024467084939700196,0.08297881091217671,0.892554104148123
25748,LOF,0.13536699647102915,0.13288055724741352,0.7317524462815573
25749,LOF,0.026954364910481705,0.09227258350937782,0.8807730515801405
25750,LOF,0.06978829572489295,0.10290587393736736,0.8273058303377396
25751,LOF,0.09898013173304412,0.14329670219865437,0.7577231660683016
25752,GOF,0.1109240977875499,0.6765134153217978,0.21256248689065227
25753,LOF,0.024416277598444378,0.3129623973850598,0.6626213250164958
25754,GOF,0.014436075168171704,0.8159447448387146,0.16961917999311385
25755,LOF,0.025537626942452915,0.3956692212783993,0.5787931517791477
25756,LOF,0.049048029175482365,0.3875082033845436,0.563443767439974
25757,GOF,0.019826644366839313,0.8828629625624503,0.09731039307071031
25758,GOF,0.028004018167063764,0.8338270037966127,0.1381689780363236
25759,GOF,0.01103173480018496,0.654868086883271,0.33410017831654404
25760,LOF,0.015414099205798889,0.31713673798476927,0.6674491628094318
25761,GOF,0.28641572141969923,0.6389523998777782,0.07463187870252255
25762,LOF,0.04487745298864116,0.31777928550857787,0.637343261502781
25763,LOF,0.015047662596637153,0.23453331482283293,0.7504190225805298
25764,GOF,0.06822850089937332,0.7030856196310609,0.22868587946956592
25765,GOF,0.031089626851691414,0.7727675659513524,0.1961428071969561
25766,GOF,0.07237002134367494,0.7992132613845253,0.1284167172717998
25767,GOF,0.15195943925409103,0.5689055921597053,0.2791349685862037
25768,LOF,0.1066828485785046,0.06174292662981299,0.8315742247916823
25769,LOF,0.044761509327141964,0.0793248722673953,0.8759136184054628
25770,LOF,0.30939766790118495,0.1119022714307262,0.5787000606680889
25771,LOF,0.05361940191116573,0.0643101067068191,0.8820704913820152
25772,LOF,0.017600184312733462,0.055816681446585886,0.9265831342406806
25773,LOF,0.05261909138783905,0.08952193108660765,0.8578589775255533
25774,LOF,0.03034007170629991,0.11868994927567877,0.8509699790180213
25775,LOF,0.060549503532410016,0.06200510083116639,0.8774453956364234
25776,LOF,0.06299008168940257,0.03288277474522943,0.9041271435653679
25777,LOF,0.3506559317402336,0.08751107862905201,0.5618329896307144
25778,LOF,0.06228693472919927,0.05139886155378939,0.8863142037170114
25779,GOF,0.39480776039691884,0.5557789554233102,0.04941328417977098
25780,GOF,0.3475540466445889,0.5829484273731335,0.06949752598227757
25781,GOF,0.13080393840575222,0.7639979261423425,0.1051981354519052
25782,GOF,0.1970090712990463,0.727892082408958,0.07509884629199567
25783,GOF,0.02472085872982405,0.6220461850851045,0.35323295618507156
25784,Neutral,0.54297031725821,0.4158954883851758,0.04113419435661412
25785,Neutral,0.5205335908943349,0.4336123139013948,0.04585409520427036
25786,GOF,0.03278979901858138,0.7509154777097284,0.21629472327169016
25787,Neutral,0.6947192939578236,0.27696103550634715,0.028319670535829213
25788,LOF,0.06327190914216572,0.088184516248534,0.8485435746093003
25789,GOF,0.22805960469298145,0.6232864036131271,0.14865399169389124
25790,GOF,0.2683898031466352,0.6414591681095639,0.0901510287438007
25791,GOF,0.17991522849038522,0.6764745081976805,0.14361026331193433
25792,GOF,0.4014166205483656,0.4959137250755179,0.10266965437611644
25793,GOF,0.29130734653796725,0.48353221668256824,0.2251604367794644
25794,GOF,0.34754754785541286,0.47931616982628134,0.17313628231830577
25795,GOF,0.08061731504389619,0.6723716356126699,0.24701104934343396
25796,Neutral,0.5376754947929584,0.39312500942579925,0.0691994957812424
25797,GOF,0.10662195681193612,0.5564876967042708,0.3368903464837931
25798,GOF,0.011093842455614475,0.5154975177508072,0.47340863979357833
25799,LOF,0.008048487937284883,0.4075289012848938,0.5844226107778214
25800,GOF,0.04473490475692279,0.5881557251726478,0.36710937007042943
25801,GOF,0.2624016995423224,0.6439149366733284,0.09368336378434916
25802,GOF,0.07598553124226384,0.7001848572537942,0.22382961150394193
25803,GOF,0.04925332855581809,0.5899849309325909,0.3607617405115911
25804,GOF,0.042261690740054585,0.5288913791867513,0.4288469300731941
25805,GOF,0.13608591881819745,0.5968442092476862,0.26706987193411635
25806,GOF,0.16436073119246936,0.5900523178944794,0.24558695091305116
25807,GOF,0.023847499602034465,0.6392781820990878,0.3368743182988777
25808,GOF,0.12893749607253718,0.6165082647406426,0.25455423918682024
25809,GOF,0.02284298858714854,0.6502061535856924,0.3269508578271591
25810,GOF,0.022547959820699123,0.6478167326378846,0.3296353075414163
25811,Neutral,0.5302873589484479,0.4084885455337384,0.061224095517813625
25812,GOF,0.047291404779426234,0.6214358191809002,0.3312727760396734
25813,Neutral,0.5773824547440324,0.31850013402904764,0.10411741122692003
25814,GOF,0.164640858607657,0.6356472291487619,0.19971191224358104
25815,GOF,0.2584958764042919,0.5501548091137528,0.19134931448195516
25816,GOF,0.025051182236306625,0.6651548429991023,0.30979397476459114
25817,GOF,0.2676685505366439,0.6012802763320202,0.1310511731313357
25818,GOF,0.05956087008481189,0.5681662201144503,0.3722729098007378
25819,GOF,0.40512385678457974,0.45156584572322706,0.1433102974921932
25820,GOF,0.2235417772135984,0.5800068687706458,0.19645135401575578
25821,GOF,0.07114678181890585,0.6732310769162099,0.2556221412648843
25822,GOF,0.25322887286551815,0.5259905598740778,0.22078056726040401
25823,GOF,0.04184739253654859,0.5212564091181242,0.43689619834532706
25824,GOF,0.09344131862872958,0.5356833866985657,0.37087529467270464
25825,GOF,0.038989643539144074,0.5462984828429683,0.41471187361788764
25826,GOF,0.014644400343089994,0.5252282945656637,0.4601273050912464
25827,GOF,0.025806683813205705,0.582043878211495,0.39214943797529933
25828,GOF,0.01783584856541541,0.5053752090048726,0.476788942429712
25829,GOF,0.0074651739989870505,0.5242487732868018,0.46828605271421125
25830,LOF,0.04756433415308752,0.2852732765096739,0.6671623893372386
25831,GOF,0.2003802459278895,0.677118982070279,0.12250077200183138
25832,GOF,0.039807820202342685,0.670032252837121,0.29015992696053633
25833,GOF,0.14333196256516972,0.6731479364375588,0.18352010099727156
25834,GOF,0.04696600189314467,0.6656942856316614,0.287339712475194
25835,GOF,0.11026677513196931,0.6858693290039644,0.20386389586406636
25836,GOF,0.052232826744841046,0.6487844154902627,0.2989827577648964
25837,GOF,0.02563542339533563,0.5264500435336141,0.4479145330710503
25838,GOF,0.09256772696503811,0.7298613680774798,0.17757090495748215
25839,GOF,0.35410553145008034,0.5042853560466082,0.14160911250331146
25840,GOF,0.2631390951113743,0.563538802310171,0.1733221025784547
25841,GOF,0.26077889719805514,0.5518153916199787,0.18740571118196614
25842,GOF,0.20499977314082635,0.6252521950083593,0.16974803185081433
25843,GOF,0.2520350241541352,0.6192678039501521,0.12869717189571264
25844,GOF,0.07298577889388981,0.6463172788202209,0.2806969422858892
25845,LOF,0.015831599528128498,0.46911779127492403,0.5150506091969475
25846,GOF,0.11615318359421398,0.7049471935152873,0.17889962289049874
25847,GOF,0.1374215160770424,0.7090393451811932,0.1535391387417644
25848,GOF,0.039734568099968774,0.6295786795667346,0.33068675233329664
25849,GOF,0.010765169537063694,0.5413618145541709,0.4478730159087654
25850,GOF,0.02596268174692049,0.639784234844881,0.33425308340819837
25851,GOF,0.01989164645014211,0.5350508375169986,0.4450575160328594
25852,GOF,0.18647736637584084,0.5235888099317493,0.28993382369240983
25853,GOF,0.3717857803156726,0.5552472582985121,0.07296696138581538
25854,GOF,0.023655178065781143,0.6031091180617588,0.37323570387246
25855,GOF,0.04673027623241966,0.5707749449620441,0.3824947788055364
25856,GOF,0.27401839782345183,0.5072444606049374,0.21873714157161078
25857,GOF,0.04439986223674458,0.48732186511858444,0.46827827264467103
25858,GOF,0.02040154293076773,0.5568772633162146,0.4227211937530177
25859,GOF,0.011309683246679181,0.5347974458481515,0.45389287090516933
25860,GOF,0.4117626774885054,0.4979608187289171,0.09027650378257743
25861,GOF,0.42875418927110026,0.5009036316205717,0.07034217910832802
25862,GOF,0.10182477703016342,0.7617275334547872,0.1364476895150495
25863,GOF,0.11073781957615411,0.7607163620004949,0.128545818423351
25864,GOF,0.24182327283861432,0.6878254731363451,0.07035125402504057
25865,GOF,0.10342793117612929,0.7742180404052504,0.12235402841862023
25866,GOF,0.07982846022874474,0.7950994863677561,0.1250720534034992
25867,GOF,0.10100637169307944,0.7965159161590576,0.10247771214786301
25868,GOF,0.3232087112991235,0.5777236674976695,0.09906762120320722
25869,Neutral,0.7252211276740912,0.23026307602360915,0.044515796302299605
25870,LOF,0.3442265245054412,0.24629253326421843,0.4094809422303403
25871,GOF,0.2794592061660079,0.5714951142757582,0.14904567955823395
25872,GOF,0.10385600113458711,0.6144054846777014,0.28173851418771156
25873,GOF,0.17424105198788714,0.6176373254821322,0.20812162252998062
25874,LOF,0.0251902811838262,0.10634561009430903,0.8684641087218649
25875,LOF,0.08495045896651487,0.0516029787953328,0.8634465622381522
25876,LOF,0.025701558995443935,0.05352399542648408,0.920774445578072
25877,Neutral,0.5198723209077912,0.056537033507975745,0.423590645584233
25878,LOF,0.23418170344142752,0.09363361040164461,0.6721846861569278
25879,LOF,0.08692860241078504,0.09956510617211417,0.8135062914171008
25880,LOF,0.02450568142770347,0.027837620433716365,0.9476566981385802
25881,LOF,0.17101272652104785,0.18072197874255977,0.6482652947363923
25882,LOF,0.06984890468279867,0.02076595536997991,0.9093851399472215
25883,LOF,0.07117137594670966,0.030408625967539495,0.8984199980857509
25884,LOF,0.03972376237970569,0.043020415551529495,0.9172558220687649
25885,LOF,0.06782138192954655,0.018353830835358357,0.9138247872350952
25886,LOF,0.31615183531061636,0.050983252802658585,0.632864911886725
25887,LOF,0.16901234215479827,0.10473033339609764,0.7262573244491041
25888,LOF,0.06612464480940282,0.08814500273136756,0.8457303524592296
25889,LOF,0.047811058709839795,0.02833519053607285,0.9238537507540874
25890,LOF,0.048548449298153586,0.13467716830079485,0.8167743824010515
25891,LOF,0.03851426586200386,0.06164953252517608,0.8998362016128201
25892,LOF,0.11132531629167566,0.023983216229382796,0.8646914674789415
25893,LOF,0.281241428942229,0.018663843461650464,0.7000947275961206
25894,LOF,0.17797914648630325,0.009770034427261534,0.8122508190864353
25895,LOF,0.19462477985753698,0.022522619420370264,0.7828526007220927
25896,LOF,0.04943083071111061,0.026295082926928403,0.9242740863619611
25897,LOF,0.24422894138787618,0.015645363894841016,0.7401256947172828
25898,Neutral,0.7303453518085482,0.011728406085090714,0.25792624210636095
25899,LOF,0.2626975229963519,0.02998929353865738,0.7073131834649906
25900,LOF,0.4452499276693181,0.016071658464538292,0.5386784138661437
25901,LOF,0.05562765803035953,0.014622907633286511,0.9297494343363539
25902,LOF,0.18056461329503048,0.012720059673824925,0.8067153270311446
25903,Neutral,0.5078076277880071,0.032779644382790754,0.459412727829202
25904,LOF,0.2685944578262832,0.05734841000040821,0.6740571321733086
25905,LOF,0.023955286759668633,0.31401850090876476,0.6620262123315667
25906,LOF,0.020655731913102056,0.06271215794151287,0.9166321101453851
25907,LOF,0.014075783334579796,0.3087845243598634,0.6771396923055568
25908,LOF,0.01133090963468962,0.2193930940082491,0.7692759963570612
25909,LOF,0.014152453349255554,0.13984395784402348,0.846003588806721
25910,LOF,0.04362450122357067,0.11031931145994354,0.8460561873164858
25911,LOF,0.13863287250776976,0.02692774698032324,0.834439380511907
25912,LOF,0.046793055744645866,0.04455347349519187,0.9086534707601622
25913,LOF,0.30976061945028877,0.021369629512369044,0.6688697510373423
25914,LOF,0.027021326961678322,0.1044551042315769,0.8685235688067448
25915,Neutral,0.4409444227450039,0.27999451840075484,0.27906105885424126
25916,LOF,0.06455942111662274,0.29110350343425967,0.6443370754491177
25917,LOF,0.0646624526973147,0.05687721374680789,0.8784603335558775
25918,LOF,0.03576382185080943,0.0586790721907123,0.9055571059584783
25919,LOF,0.028135082971468876,0.06414613205485876,0.9077187849736724
25920,GOF,0.08319361603455382,0.5050875015443738,0.41171888242107235
25921,LOF,0.031326604343596264,0.019582235456280194,0.9490911602001235
25922,LOF,0.04359648243319791,0.013396633166002847,0.9430068844007992
25923,LOF,0.3863390242798042,0.01689049418323396,0.5967704815369618
25924,LOF,0.0416554071223768,0.025195007059463436,0.9331495858181598
25925,LOF,0.0651215178535798,0.025249400563221773,0.9096290815831986
25926,LOF,0.04607508347450838,0.019066765952304224,0.9348581505731874
25927,LOF,0.06878463507175316,0.06677205752374553,0.8644433074045013
25928,LOF,0.023292362402103955,0.0267411894577564,0.9499664481401395
25929,Neutral,0.5056704860525607,0.018823517822814523,0.47550599612462474
25930,LOF,0.05627936973459827,0.01354294329970757,0.9301776869656941
25931,LOF,0.033234136920146415,0.019390841973787935,0.9473750211060658
25932,LOF,0.028080964118586196,0.017347478185086484,0.9545715576963274
25933,LOF,0.03804500051597999,0.010222403275868394,0.9517325962081516
25934,LOF,0.024282780132119004,0.01142418761041461,0.9642930322574663
25935,LOF,0.0613911448760885,0.030693906414326174,0.9079149487095853
25936,LOF,0.04815027288696234,0.014369982220052091,0.9374797448929856
25937,LOF,0.02963650959778943,0.02350963584899767,0.9468538545532128
25938,LOF,0.05919120546465382,0.032055370217300594,0.9087534243180456
25939,LOF,0.03904620100052329,0.009856463654358813,0.9510973353451179
25940,LOF,0.02839235825718058,0.3514777666404839,0.6201298751023355
25941,LOF,0.18051917250509095,0.08112421157942044,0.7383566159154886
25942,LOF,0.018195030834402277,0.03503753539170252,0.9467674337738952
25943,LOF,0.3053132940425832,0.058004767352562374,0.6366819386048544
25944,Neutral,0.497641476965074,0.031216967305272247,0.47114155572965366
25945,LOF,0.08170203085491738,0.02547070901520669,0.892827260129876
25946,LOF,0.026254268935733335,0.14317619441440216,0.8305695366498644
25947,LOF,0.12643715935225827,0.16506797512788757,0.7084948655198541
25948,LOF,0.4239964158955646,0.019762510305077696,0.5562410737993576
25949,LOF,0.09962679202446198,0.07822000962323873,0.8221531983522994
25950,GOF,0.3150808314779579,0.38102887082396425,0.30389029769807785
25951,LOF,0.25158023825087555,0.23624046855159217,0.5121792931975322
25952,LOF,0.049509180284287864,0.45408978561858304,0.4964010340971291
25953,LOF,0.12626677887342522,0.10872471325206003,0.7650085078745147
25954,Neutral,0.43187876418223803,0.1839693852860229,0.3841518505317391
25955,LOF,0.06327422681546485,0.08176829377291753,0.8549574794116176
25956,LOF,0.1957657446260752,0.08797445546313762,0.7162597999107871
25957,LOF,0.039195420929471064,0.02813132414994997,0.932673254920579
25958,LOF,0.05254094003152367,0.030290086973211446,0.9171689729952648
25959,LOF,0.0650883655080994,0.3198167222366644,0.6150949122552363
25960,LOF,0.0215692836210637,0.06132968093181854,0.9171010354471177
25961,LOF,0.044223405174818556,0.03705895315057763,0.9187176416746038
25962,LOF,0.05858662055167129,0.03393318138303785,0.9074801980652909
25963,LOF,0.05428763818598107,0.14438564966513942,0.8013267121488795
25964,LOF,0.030723713693514943,0.14493145915601555,0.8243448271504695
25965,LOF,0.44533184370870466,0.06907512542726442,0.48559303086403083
25966,Neutral,0.4686169218122638,0.16747483686018216,0.36390824132755406
25967,LOF,0.012694689705601777,0.06888021857961354,0.9184250917147846
25968,LOF,0.03356861396464139,0.47815648003241384,0.48827490600294465
25969,LOF,0.022188729466413714,0.0630590196067953,0.914752250926791
25970,LOF,0.05573868689288601,0.06452070350907906,0.879740609598035
25971,LOF,0.07470832109956256,0.017457792599742804,0.9078338863006946
25972,LOF,0.08046342027955512,0.027156209831506205,0.8923803698889387
25973,LOF,0.09738034268515246,0.008471823796414075,0.8941478335184334
25974,LOF,0.23035128091735518,0.02277796096396477,0.74687075811868
25975,LOF,0.052033863574410914,0.03126689858413117,0.916699237841458
25976,LOF,0.049888941318275544,0.018056697921415617,0.9320543607603088
25977,LOF,0.1470321764943164,0.10199152120702949,0.7509763022986542
25978,LOF,0.11105234164239706,0.0741138943044242,0.8148337640531788
25979,LOF,0.10970622114425407,0.07182739004193553,0.8184663888138104
25980,LOF,0.1463927288943937,0.09386575140830533,0.759741519697301
25981,LOF,0.1778266547881766,0.09026540699100709,0.7319079382208163
25982,LOF,0.36475549565249143,0.06464223355313746,0.5706022707943711
25983,LOF,0.348785419538156,0.0610762554897422,0.5901383249721017
25984,LOF,0.05060024393741695,0.08120451486804599,0.8681952411945371
25985,LOF,0.023213742741560132,0.27280415739096825,0.7039820998674715
25986,LOF,0.030421155847358692,0.2939867844267704,0.675592059725871
25987,LOF,0.07458118298963054,0.09075971671108814,0.8346591002992814
25988,LOF,0.11524594384348924,0.07584110581504133,0.8089129503414694
25989,LOF,0.027428985309769515,0.14402791829485317,0.8285430963953774
25990,LOF,0.035112829583659196,0.1694067149716893,0.7954804554446516
25991,LOF,0.18259546862311077,0.388139862481325,0.42926466889556414
25992,LOF,0.36089401127432946,0.2510638238373637,0.3880421648883068
25993,LOF,0.024991526262270906,0.08849230736411749,0.8865161663736116
25994,LOF,0.017520410417658408,0.1273749670533514,0.8551046225289902
25995,LOF,0.025475084745784762,0.21921696201499774,0.7553079532392175
25996,GOF,0.22904340573222806,0.5995826487988821,0.17137394546888982
25997,GOF,0.10258016826691636,0.5960632682205458,0.3013565635125379
25998,Neutral,0.5657388476734024,0.015426305265476847,0.41883484706112084
25999,LOF,0.12645997366369385,0.14241865589459357,0.7311213704417127
26000,LOF,0.16182818779869143,0.033873108635136505,0.8042987035661721
26001,LOF,0.19254743282834608,0.04239193096417158,0.7650606362074822
26002,LOF,0.16533545756195434,0.03521152693212709,0.7994530155059185
26003,GOF,0.009139851777656156,0.663923651412009,0.3269364968103348
26004,GOF,0.025394453629550968,0.7358869520318156,0.23871859433863332
26005,GOF,0.008155219008267633,0.5481869914288621,0.44365778956287016
26006,Neutral,0.5092360055443806,0.282110035264155,0.2086539591914644
26007,GOF,0.016984738533350634,0.5826574548250655,0.40035780664158394
26008,GOF,0.017016313316034218,0.6426715759600724,0.3403121107238935
26009,GOF,0.022962018109807827,0.6621736599506439,0.31486432193954816
26010,GOF,0.021150987676175882,0.6677553548961097,0.3110936574277145
26011,GOF,0.007661972942963258,0.5544426680178985,0.4378953590391381
26012,GOF,0.014098447501599746,0.6155711675106844,0.3703303849877159
26013,GOF,0.015710942275431173,0.6724161956972607,0.31187286202730813
26014,LOF,0.05128079519060202,0.17395731452096191,0.7747618902884361
26015,LOF,0.1845015317533128,0.01635539956139141,0.7991430686852958
26016,LOF,0.24811061978045432,0.0528980293041438,0.6989913509154019
26017,LOF,0.18532448274665925,0.0988638312754222,0.7158116859779184
26018,LOF,0.08868877375096074,0.07080208346221079,0.8405091427868284
26019,LOF,0.08397509045516091,0.05104935088602759,0.8649755586588115
26020,LOF,0.055838352189220154,0.1312923518374929,0.8128692959732869
26021,LOF,0.04627564490340128,0.15216361764457917,0.8015607374520195
26022,LOF,0.01154531403036144,0.08052955826280565,0.9079251277068329
26023,LOF,0.1101084111772643,0.04607109176600383,0.8438204970567319
26024,LOF,0.02876907270571225,0.13358693546453856,0.8376439918297492
26025,LOF,0.14542838319939136,0.13807971872351407,0.7164918980770946
26026,LOF,0.2878388020455986,0.031590270636233826,0.6805709273181676
26027,LOF,0.0859236798177197,0.035288080550770255,0.87878823963151
26028,LOF,0.14250748148192532,0.08997906859339398,0.7675134499246806
26029,LOF,0.07766735983458795,0.13431260988521854,0.7880200302801934
26030,LOF,0.028167582143052487,0.052992409696786674,0.9188400081601609
26031,LOF,0.0325992092850321,0.11359812149168205,0.853802669223286
26032,LOF,0.0750738909424303,0.05372575590968184,0.8712003531478879
26033,LOF,0.11349727105843137,0.06455844234224511,0.8219442865993235
26034,LOF,0.04776564438880996,0.11856185729150395,0.833672498319686
26035,LOF,0.030410070511147528,0.10321683520026143,0.866373094288591
26036,LOF,0.04389418291385241,0.12802247707091036,0.8280833400152372
26037,LOF,0.02609518415407013,0.08959192376235187,0.8843128920835779
26038,LOF,0.0720308986323802,0.05301834943603184,0.874950751931588
26039,LOF,0.06660348473441295,0.1108347276432445,0.8225617876223426
26040,LOF,0.20553494206831618,0.09368870919370105,0.7007763487379829
26041,LOF,0.026359710509672465,0.07984941650282244,0.8937908729875051
26042,LOF,0.025609820559914884,0.08286534497141282,0.8915248344686723
26043,LOF,0.07021710387750207,0.06557376585298869,0.8642091302695093
26044,LOF,0.022620614384129205,0.06411124974629832,0.9132681358695725
26045,LOF,0.08242001638340328,0.07575674894979127,0.8418232346668054
26046,LOF,0.07345733705859507,0.06774367487509289,0.858798988066312
26047,LOF,0.10945320858324158,0.07949113045167389,0.8110556609650846
26048,LOF,0.053518829254425034,0.05447152064435257,0.8920096501012225
26049,Neutral,0.9541615710929647,0.007425815662097699,0.03841261324493754
26050,Neutral,0.9327031542908178,0.00846280013649376,0.05883404557268833
26051,LOF,0.04711939127139521,0.3430780811565674,0.6098025275720375
26052,LOF,0.07084040576736145,0.32622041264120777,0.6029391815914308
26053,LOF,0.05847257311167997,0.16433885392926242,0.7771885729590576
26054,LOF,0.05486691416256528,0.03353537797318292,0.9115977078642518
26055,LOF,0.06969942880647924,0.021646904222284994,0.9086536669712357
26056,LOF,0.06304329106832943,0.027593373747056917,0.9093633351846135
26057,LOF,0.03166061321168399,0.014351287095864087,0.9539880996924519
26058,LOF,0.03202495999059963,0.012719153636341952,0.9552558863730585
26059,LOF,0.27920583298176066,0.04133863940351693,0.6794555276147224
26060,LOF,0.03197262320046223,0.22194054075711994,0.7460868360424179
26061,LOF,0.019018598314959074,0.01541701771050855,0.9655643839745324
26062,LOF,0.011555987746973582,0.023194174375981105,0.9652498378770454
26063,LOF,0.02209578383299864,0.01573331668753117,0.9621708994794701
26064,LOF,0.023142673122229018,0.02228720385262009,0.9545701230251508
26065,LOF,0.02608364156833033,0.016348116669583825,0.9575682417620859
26066,LOF,0.020956374039043452,0.014306288648960261,0.9647373373119964
26067,LOF,0.02615043792651064,0.010595625654530923,0.9632539364189584
26068,LOF,0.046117281865251644,0.053817347289279026,0.9000653708454694
26069,LOF,0.27297666781854,0.033819914434409064,0.693203417747051
26070,LOF,0.38927809403482594,0.023767281060615302,0.5869546249045587
26071,LOF,0.022565409101014185,0.01603072867328311,0.9614038622257027
26072,LOF,0.02253819161912745,0.023585672476096317,0.9538761359047762
26073,LOF,0.0240761371824374,0.0155028795708505,0.9604209832467121
26074,Neutral,0.9066632126356629,0.007585726661472387,0.08575106070286466
26075,LOF,0.04350682002819461,0.021912362353293132,0.9345808176185123
26076,LOF,0.0469870957177109,0.011634527159930222,0.9413783771223588
26077,LOF,0.009900243152430613,0.022943342921485817,0.9671564139260835
26078,LOF,0.014170806174639516,0.015813808046033627,0.9700153857793268
26079,LOF,0.054899625567633004,0.028296832379670706,0.9168035420526962
26080,LOF,0.05297981026352141,0.028343364282132005,0.9186768254543466
26081,LOF,0.03562921107884383,0.00947155329048235,0.9548992356306739
26082,LOF,0.01797217557184009,0.02348807148675573,0.9585397529414041
26083,LOF,0.13387403990394606,0.018460211542891573,0.8476657485531623
26084,LOF,0.028278075702972527,0.017566874627542833,0.9541550496694846
26085,LOF,0.02319230923009185,0.01670837991136321,0.9600993108585448
26086,LOF,0.025963695728017357,0.014882649043568083,0.9591536552284146
26087,LOF,0.024925711893747416,0.010231940764702295,0.9648423473415504
26088,LOF,0.018415075766169655,0.027824180467269807,0.9537607437665605
26089,LOF,0.04278799503060129,0.035884094633649236,0.9213279103357496
26090,LOF,0.04248944999199628,0.027616546962090024,0.9298940030459137
26091,LOF,0.0409311284624055,0.009180305146681335,0.9498885663909131
26092,LOF,0.026974908755075522,0.011762019949042468,0.961263071295882
26093,LOF,0.038775504814962634,0.008576441586101307,0.952648053598936
26094,LOF,0.04051501342145303,0.009287947876223016,0.950197038702324
26095,LOF,0.05342445179926058,0.021259360579533357,0.925316187621206
26096,LOF,0.019571898358652626,0.017674282325209765,0.9627538193161377
26097,LOF,0.009877743101885692,0.055734183448121005,0.9343880734499934
26098,LOF,0.07169618314981865,0.01982256666183828,0.9084812501883429
26099,LOF,0.023779818971572747,0.019282856010749593,0.9569373250176777
26100,LOF,0.025469185834996345,0.018112107184186058,0.9564187069808177
26101,LOF,0.058591685548042415,0.019159122204581037,0.9222491922473766
26102,LOF,0.025935284391818178,0.019458637165265042,0.9546060784429169
26103,Neutral,0.8861371542014903,0.030933722873718334,0.08292912292479135
26104,LOF,0.0653857583904195,0.04857876385622385,0.8860354777533567
26105,LOF,0.21754982573441645,0.25452011070762776,0.5279300635579559
26106,LOF,0.17053477965146713,0.14248311854962054,0.6869821017989124
26107,LOF,0.24712241547872618,0.0904568786139277,0.6624207059073461
26108,LOF,0.23998869573927792,0.12984241704030697,0.6301688872204151
26109,LOF,0.07188954809311489,0.14058742722910111,0.787523024677784
26110,LOF,0.2166978725961868,0.008143196122968968,0.7751589312808442
26111,LOF,0.47269194089109917,0.02176757063122284,0.505540488477678
26112,LOF,0.03348651117459598,0.008407978747316375,0.9581055100780876
26113,LOF,0.049956897446928224,0.017878432941700235,0.9321646696113715
26114,LOF,0.023526608647542163,0.01616621422600399,0.9603071771264537
26115,LOF,0.08403530034321051,0.03626272930462138,0.8797019703521681
26116,LOF,0.06145136350035214,0.028077203515575383,0.9104714329840725
26117,LOF,0.41028627318607086,0.0571145276901995,0.5325991991237295
26118,LOF,0.04023108221090741,0.0295536201039094,0.9302152976851832
26119,LOF,0.02432358293317751,0.03929276370990055,0.936383653356922
26120,LOF,0.03011277234717649,0.02642691272891296,0.9434603149239106
26121,LOF,0.05562272345361298,0.08547597933548387,0.858901297210903
