feature0,prediction,LoGoFunc_Neutral,LoGoFunc_GOF,LoGoFunc_LOF
25546,Neutral,0.6174427394525814,0.056863908446178016,0.3256933521012404
25547,Neutral,0.5014190876907523,0.09267329680357501,0.4059076155056727
25548,Neutral,0.5080123605766302,0.08526882861290981,0.4067188108104601
25549,LOF,0.4561345664537097,0.0844460697453643,0.45941936380092596
25550,LOF,0.396649977246146,0.10082735732966264,0.5025226654241913
25551,LOF,0.3402257541768371,0.10636148382132031,0.5534127620018425
25552,LOF,0.3037766804928476,0.11637475027989014,0.5798485692272622
25553,Neutral,0.7869327890416752,0.05012381447805811,0.1629433964802666
25554,LOF,0.33516116111102445,0.10595131985374487,0.5588875190352307
25555,LOF,0.2892506363590559,0.11278049811561636,0.5979688655253277
25556,Neutral,0.46741988085051656,0.09453911061788611,0.43804100853159733
25557,LOF,0.2778864542063595,0.10758431992202142,0.6145292258716192
25558,LOF,0.33622852600206443,0.10020056504165087,0.5635709089562847
25559,LOF,0.24475632431245362,0.05059756427328645,0.7046461114142599
25560,LOF,0.09015041915117583,0.19394652809302013,0.715903052755804
25561,LOF,0.09747301427181239,0.2759281918137393,0.6265987939144483
25562,LOF,0.0325789539740448,0.10893912475014589,0.8584819212758092
25563,LOF,0.00706797229804057,0.1764481077369215,0.8164839199650379
25564,LOF,0.07351177021016002,0.11374724058654646,0.8127409892032935
25565,LOF,0.16682699419144037,0.14246680566978598,0.6907062001387737
25566,GOF,0.07233703410380814,0.7235894505154681,0.20407351538072377
25567,LOF,0.043622548367616636,0.1680136348903695,0.788363816742014
25568,LOF,0.05958203571723666,0.09168128530815253,0.8487366789746108
25569,LOF,0.06521068873097972,0.08606713198067754,0.8487221792883427
25570,LOF,0.02748260234297243,0.1386539830720963,0.8338634145849313
25571,LOF,0.026640393315974103,0.13958517056339673,0.8337744361206291
25572,LOF,0.05502830162111245,0.1964269273124148,0.7485447710664728
25573,LOF,0.07216889800234763,0.12431135416384567,0.8035197478338068
25574,LOF,0.07994772024673995,0.24764834145304518,0.6724039383002148
25575,LOF,0.024725137025643634,0.1580475956722361,0.8172272673021204
25576,LOF,0.025465359033308484,0.2281215613403144,0.7464130796263773
25577,LOF,0.028479184008494404,0.18914894504787855,0.782371870943627
25578,LOF,0.2896153606129565,0.09318518719432616,0.6171994521927173
25579,LOF,0.20453675934387988,0.0939613070518346,0.7015019336042855
25580,LOF,0.024213736293486773,0.09752650737682683,0.8782597563296864
25581,LOF,0.047456590062421575,0.10014539510302087,0.8523980148345576
25582,LOF,0.04718728647863758,0.09701846281115692,0.8557942507102055
25583,LOF,0.031987989108166026,0.10954051585556386,0.8584714950362701
25584,Neutral,0.7017542171113164,0.13026827130496113,0.16797751158372246
25585,LOF,0.02138837792105421,0.20988104824471612,0.7687305738342296
25586,LOF,0.021864291346214672,0.1271818411696165,0.8509538674841687
25587,LOF,0.02143812926635851,0.11530766497733314,0.8632542057563083
25588,LOF,0.026397387576854576,0.09377676397125381,0.8798258484518915
25589,Neutral,0.537966695376948,0.23474241131445486,0.22729089330859706
25590,LOF,0.051249838776281566,0.1481957241275366,0.8005544370961818
25591,LOF,0.10009587879714285,0.08725422760724365,0.8126498935956135
25592,LOF,0.0706617936448619,0.17686251252094257,0.7524756938341955
25593,LOF,0.1300231541971223,0.29903194186813414,0.5709449039347435
25594,LOF,0.05722943555641742,0.0314854704872509,0.9112850939563316
25595,LOF,0.06151669179447185,0.021514078481944764,0.9169692297235834
25596,LOF,0.12480371170443359,0.014660057223320484,0.860536231072246
25597,LOF,0.0883106454655461,0.015626661861336582,0.8960626926731173
25598,LOF,0.0568132540846971,0.02071946212684598,0.922467283788457
25599,LOF,0.027623699239726195,0.3698205354454793,0.6025557653147945
25600,LOF,0.16418229558927025,0.3569899423355279,0.47882776207520183
25601,LOF,0.047788476214222636,0.27616386117317365,0.6760476626126039
25602,LOF,0.028083582711140507,0.07418227170980202,0.8977341455790575
25603,LOF,0.0455593506677768,0.0656545366959159,0.8887861126363072
25604,LOF,0.05509162821676007,0.11402725317304531,0.8308811186101946
25605,LOF,0.040353102725776774,0.19728307008214688,0.7623638271920763
25606,Neutral,0.41543643099771876,0.2553461378273496,0.32921743117493163
25607,LOF,0.030800156448323335,0.26052631270330895,0.7086735308483677
25608,LOF,0.04437527676336258,0.09117974592321627,0.8644449773134212
25609,GOF,0.16157017592571238,0.5818010227176152,0.25662880135667243
25610,LOF,0.019105011962717102,0.06012155270557685,0.9207734353317061
25611,LOF,0.014242249965522962,0.06334870694331632,0.9224090430911607
25612,LOF,0.048725825770132986,0.0679912096122897,0.8832829646175773
25613,LOF,0.04587491577358978,0.06462820193676182,0.8894968822896483
25614,LOF,0.02453889793947666,0.06018164423588881,0.9152794578246346
25615,LOF,0.04988309393745313,0.06194766324888822,0.8881692428136586
25616,LOF,0.06260370284783703,0.0668939387980169,0.8705023583541461
25617,LOF,0.048243993262382184,0.07200984998091754,0.8797461567567003
25618,LOF,0.04726019977896697,0.10504291368462292,0.8476968865364101
25619,LOF,0.014492084510519185,0.08521177531701281,0.9002961401724681
25620,LOF,0.050717283144753766,0.07402781588614778,0.8752549009690983
25621,LOF,0.06699903057292614,0.06173813636218253,0.8712628330648914
25622,LOF,0.08238176681263437,0.07164472749131345,0.8459735056960522
25623,LOF,0.06090597732631742,0.07415218825342611,0.8649418344202565
25624,LOF,0.023261888293327534,0.06476431907891844,0.9119737926277541
25625,LOF,0.06141200006381987,0.07144973327301504,0.8671382666631651
25626,LOF,0.050256834524549855,0.06235805582669748,0.8873851096487527
25627,Neutral,0.8797616164550679,0.022498874207835334,0.09773950933709684
25628,LOF,0.19312282638095846,0.06834168730942738,0.7385354863096141
25629,LOF,0.06683691135914847,0.06053941762584315,0.8726236710150084
25630,LOF,0.28314288055199865,0.07230989705001736,0.6445472223979839
25631,Neutral,0.5399949186479469,0.043710237585946186,0.416294843766107
25632,LOF,0.031209146677860275,0.16153337288807282,0.8072574804340669
25633,LOF,0.23776602467925664,0.09522746238183279,0.6670065129389107
25634,LOF,0.04250701303840832,0.1480227365325672,0.8094702504290244
25635,LOF,0.03827135994690011,0.07683499691120758,0.8848936431418923
25636,GOF,0.03068864898618428,0.5235275796298645,0.4457837713839512
25637,GOF,0.04506416928317641,0.49446778398217334,0.46046804673465036
25638,LOF,0.028431318141895826,0.425238200751369,0.5463304811067351
25639,LOF,0.03505290818984917,0.4176608475455217,0.5472862442646291
25640,Neutral,0.842124975689917,0.10591310340644217,0.05196192090364085
25641,LOF,0.10919620921565262,0.3561329029948889,0.5346708877894585
25642,LOF,0.09682564868448555,0.1607746958177838,0.7423996554977307
25643,LOF,0.3021174782488916,0.08419797286294599,0.6136845488881624
25644,GOF,0.010082404336303908,0.583734444041291,0.4061831516224052
25645,GOF,0.011824241701649802,0.5437772026253601,0.4443985556729901
25646,LOF,0.023539400097744304,0.3510252285059084,0.6254353713963474
25647,LOF,0.010458647501320754,0.2685075956007126,0.7210337568979667
25648,LOF,0.014269109732580077,0.3440732714160752,0.6416576188513448
25649,LOF,0.009021280552478582,0.24447469777467798,0.7465040216728435
25650,GOF,0.03032114094957024,0.5646049834759872,0.4050738755744425
25651,LOF,0.01181776816305125,0.36709563165816805,0.6210866001787808
25652,LOF,0.012880196716887258,0.38665576982594774,0.600464033457165
25653,GOF,0.04857127583118217,0.5443671050748842,0.4070616190939337
25654,LOF,0.012541024695230886,0.2588731043680226,0.7285858709367465
25655,GOF,0.12781107840915212,0.5668339767852074,0.3053549448056405
25656,LOF,0.2542084563739161,0.08683692740189511,0.6589546162241888
25657,LOF,0.03247964066262607,0.08075949232767646,0.8867608670096975
25658,LOF,0.27503551087012146,0.11402117028787707,0.6109433188420014
25659,LOF,0.41876130258021516,0.13524134755629255,0.44599734986349243
25660,LOF,0.022335224449561215,0.10615484225928626,0.8715099332911524
25661,LOF,0.06993261792849852,0.06746228560491052,0.8626050964665909
25662,LOF,0.02859697098811679,0.041365777642195914,0.9300372513696873
25663,LOF,0.030508569938099334,0.039628257335555514,0.9298631727263451
25664,LOF,0.09957371107349215,0.06463484718633485,0.835791441740173
25665,LOF,0.06439486706986033,0.031144486327282162,0.9044606466028575
25666,LOF,0.07291581018741261,0.05498266082929883,0.8721015289832885
25667,LOF,0.06478600723601372,0.04631422373837904,0.8888997690256073
25668,LOF,0.031098035557138724,0.05788502333438381,0.9110169411084775
25669,LOF,0.02243556479390801,0.052917464972744264,0.9246469702333477
25670,LOF,0.1259177713510984,0.04444426278102589,0.8296379658678757
25671,LOF,0.09410165308075234,0.04029164354787428,0.8656067033713734
25672,LOF,0.0536054666899659,0.04735020290710067,0.8990443304029333
25673,LOF,0.0872773713291565,0.04251001258821377,0.8702126160826298
25674,LOF,0.08700397031052491,0.05713464955084467,0.8558613801386306
25675,LOF,0.0831996332258822,0.0686027023254702,0.8481976644486476
25676,LOF,0.01727350135752558,0.061285068185126176,0.9214414304573483
25677,LOF,0.016798500114614902,0.08907019006025008,0.894131309825135
25678,LOF,0.17103551494958844,0.09962244308461878,0.7293420419657929
25679,LOF,0.10956602285652947,0.10591212416409851,0.784521852979372
25680,LOF,0.027399175559685348,0.13277529453662262,0.8398255299036921
25681,LOF,0.04510426363029038,0.11634581685500382,0.8385499195147058
25682,LOF,0.10967581857683165,0.07765432017934727,0.8126698612438211
25683,LOF,0.09494436572026593,0.09009063775513226,0.8149649965246017
25684,LOF,0.027679298011914762,0.06417536311095243,0.9081453388771328
25685,LOF,0.1298875470039874,0.08537379812977729,0.7847386548662353
25686,LOF,0.08683861974339871,0.13056483328559432,0.782596546971007
25687,LOF,0.12397446002140829,0.1284531390719817,0.74757240090661
25688,LOF,0.42046798054429724,0.029749568333432033,0.5497824511222708
25689,LOF,0.2693851747452024,0.03895916107180181,0.6916556641829957
25690,LOF,0.34010265032721254,0.02682929271330145,0.633068056959486
25691,Neutral,0.700588973046037,0.025767150761053216,0.2736438761929097
25692,LOF,0.353251282788794,0.00969264782692375,0.6370560693842823
25693,LOF,0.03484076276578528,0.4806335739452591,0.4845256632889556
25694,LOF,0.11103819838288045,0.016802999926252348,0.8721588016908672
25695,LOF,0.10459975452012515,0.007957225494217155,0.8874430199856578
25696,LOF,0.11636917713428897,0.010377315845315684,0.8732535070203953
25697,LOF,0.059738768356125876,0.07879522058913489,0.8614660110547392
25698,LOF,0.2484895916249849,0.2444730214352374,0.5070373869397777
25699,LOF,0.43989678639418195,0.0251123433878891,0.5349908702179289
25700,LOF,0.06303184921220491,0.00795198111504153,0.9290161696727536
25701,LOF,0.1958049827116229,0.026955592553292024,0.777239424735085
25702,GOF,0.205412653542116,0.6373746209471393,0.1572127255107449
25703,LOF,0.016932609342634984,0.18777875937878008,0.795288631278585
25704,LOF,0.03500295899962217,0.1562696151172206,0.8087274258831572
25705,LOF,0.04404860468346414,0.08137896831118935,0.8745724270053465
25706,LOF,0.10467661048698193,0.4353909900208831,0.45993239949213494
25707,LOF,0.07933286443145902,0.3977845267414374,0.5228826088271036
25708,LOF,0.03380186163375045,0.38373244349237584,0.5824656948738737
25709,LOF,0.07784693528611489,0.03261423503763435,0.8895388296762508
25710,LOF,0.01593088648043287,0.13116066471643192,0.8529084488031352
25711,LOF,0.021178158938156482,0.07696612891600713,0.9018557121458365
25712,LOF,0.01706494912677345,0.18122314271391418,0.8017119081593124
25713,LOF,0.019624597550271385,0.06406890110030661,0.916306501349422
25714,LOF,0.07847273180107024,0.049677460440447144,0.8718498077584825
25715,LOF,0.011865599216219361,0.10569148408279912,0.8824429167009814
25716,LOF,0.010986744822584745,0.10525548811606789,0.8837577670613473
25717,LOF,0.017265560738241856,0.06309964318854311,0.919634796073215
25718,LOF,0.012002264903483868,0.04482647082674096,0.9431712642697752
25719,LOF,0.023877500834864052,0.05726791181922258,0.9188545873459134
25720,LOF,0.02915454646507174,0.043236913869181375,0.9276085396657469
25721,LOF,0.011883355774241915,0.05712725958283649,0.9309893846429216
25722,LOF,0.013586250960300408,0.04962508934776658,0.936788659691933
25723,LOF,0.026279789637253026,0.034020407066653026,0.9396998032960939
25724,LOF,0.031525080869541776,0.06652685802330795,0.9019480611071503
25725,LOF,0.012113853784040701,0.05864402078045673,0.9292421254355027
25726,LOF,0.0176453635675438,0.07269310815786266,0.9096615282745935
25727,LOF,0.014118293707243814,0.04896536899127628,0.9369163373014798
25728,LOF,0.011091031285123789,0.06539746347150166,0.9235115052433746
25729,LOF,0.011313545765830933,0.06529747002581028,0.9233889842083589
25730,LOF,0.015409836277285767,0.06432440651166949,0.9202657572110446
25731,LOF,0.022272936897968575,0.086677642996541,0.8910494201054905
25732,LOF,0.014677386639145109,0.04225985670445735,0.9430627566563975
25733,LOF,0.016121972813307506,0.051144102705827414,0.9327339244808651
25734,LOF,0.012830187115282528,0.11917323914025284,0.8679965737444646
25735,LOF,0.012018666410283851,0.05100886891981307,0.936972464669903
25736,LOF,0.01336696312186843,0.053359676603912685,0.9332733602742189
25737,LOF,0.012617919142955937,0.09565135050954747,0.8917307303474966
25738,LOF,0.012467490888218583,0.10262956311077524,0.8849029460010063
25739,LOF,0.02170339745300163,0.06690992235992307,0.9113866801870754
25740,LOF,0.03226467652241606,0.10024561455100986,0.8674897089265741
25741,LOF,0.0160383554173708,0.09408874922006225,0.8898728953625671
25742,LOF,0.12238145914351872,0.06940821426285615,0.8082103265936251
25743,LOF,0.04101741407896547,0.06215844029282809,0.8968241456282066
25744,Neutral,0.6155213158663021,0.2729620164423768,0.11151666769132117
25745,LOF,0.05359197838766272,0.10057605320094197,0.8458319684113953
25746,LOF,0.040510374922671614,0.13181384149489245,0.8276757835824359
25747,LOF,0.016898408078318022,0.14380532348231453,0.8392962684393676
25748,LOF,0.10827151029854483,0.23033656919651574,0.6613919205049393
25749,LOF,0.024458338617769977,0.1357882375366529,0.8397534238455772
25750,LOF,0.05598729983509075,0.1641647998718139,0.7798479002930954
25751,LOF,0.10669014278295928,0.17697917046710201,0.7163306867499387
25752,GOF,0.12426338920057879,0.6390547899305635,0.2366818208688577
25753,LOF,0.030878982610444892,0.3942526379227761,0.574868379466779
25754,GOF,0.018815531788596306,0.7989376369039779,0.18224683130742575
25755,LOF,0.03180084237129498,0.3723535444014061,0.595845613227299
25756,LOF,0.060687391205954906,0.430767758573162,0.508544850220883
25757,GOF,0.016409180318736668,0.887792949077679,0.09579787060358437
25758,GOF,0.025578966977193713,0.8049231092480458,0.16949792377476036
25759,GOF,0.011214361665905379,0.6862464085945058,0.3025392297395889
25760,LOF,0.021086684689420248,0.39618958899374873,0.5827237263168311
25761,GOF,0.26053295211004296,0.6558420181498299,0.08362502974012705
25762,LOF,0.048126296052777184,0.32642290788932066,0.6254507960579021
25763,LOF,0.018051937075616656,0.2511460931822053,0.730801969742178
25764,GOF,0.06461119933759944,0.7018819078240252,0.23350689283837545
25765,GOF,0.03899048942052323,0.7627042793926434,0.19830523118683335
25766,GOF,0.07393962046924064,0.7650536685010008,0.16100671102975855
25767,LOF,0.16190627522929746,0.3967629848952137,0.4413307398754888
25768,LOF,0.12279490455908325,0.04212209290586497,0.8350830025350519
25769,LOF,0.05311154931130035,0.06016677003812156,0.8867216806505781
25770,LOF,0.3926668178633103,0.09777004708095396,0.5095631350557357
25771,LOF,0.06168399632779968,0.052132217610411716,0.8861837860617885
25772,LOF,0.019780904998942674,0.048092363175795634,0.9321267318252617
25773,LOF,0.07101339224124388,0.05553494812069317,0.8734516596380629
25774,LOF,0.03014412229290729,0.12705078741218115,0.8428050902949116
25775,LOF,0.07613801004157501,0.05542319379742529,0.8684387961609998
25776,LOF,0.0732395506346199,0.03113285527954063,0.8956275940858394
25777,Neutral,0.5201564275041968,0.08589637051314296,0.3939472019826602
25778,LOF,0.06896639947661173,0.046569952314844155,0.884463648208544
25779,GOF,0.436578305088083,0.5127724385233183,0.050649256388598594
25780,GOF,0.3526783942271923,0.5439087987127396,0.1034128070600682
25781,GOF,0.10565529545520187,0.7535180283174661,0.14082667622733222
25782,GOF,0.18490335937395108,0.7049089971853443,0.11018764344070457
25783,GOF,0.025438451187617662,0.6613499512912722,0.31321159752111033
25784,Neutral,0.550677941723558,0.39929394582419897,0.050028112452243076
25785,Neutral,0.53505910164748,0.3868679207369664,0.07807297761555357
25786,GOF,0.028763824798576827,0.6682925107009728,0.30294366450045035
25787,Neutral,0.7261295263231136,0.22645820370868966,0.04741226996819679
25788,LOF,0.055271204485211126,0.06738950856317417,0.8773392869516147
25789,GOF,0.20156864354491388,0.6055689574132761,0.19286239904180996
25790,GOF,0.25582054324603387,0.6239947923755083,0.12018466437845787
25791,GOF,0.13747957329452246,0.6056083450312977,0.2569120816741798
25792,GOF,0.34849738146430254,0.4622994907705758,0.1892031277651216
25793,GOF,0.24528960062991995,0.4307961644950607,0.3239142348750193
25794,GOF,0.3087142510736035,0.413539941156393,0.2777458077700035
25795,GOF,0.05688830503874787,0.6309390852429254,0.3121726097183268
25796,Neutral,0.548749502674584,0.34794444962911036,0.10330604769630565
25797,GOF,0.08649732383044334,0.4914931858871293,0.4220094902824273
25798,LOF,0.011944072770496493,0.48749533129962996,0.5005605959298735
25799,LOF,0.009352272196449515,0.41497439262688474,0.5756733351766657
25800,GOF,0.04554893017805939,0.5801871232988978,0.3742639465230428
25801,GOF,0.23409993870700282,0.611499480611151,0.15440058068184612
25802,GOF,0.07902658306396688,0.590436545595894,0.33053687134013915
25803,GOF,0.04237992554408808,0.5012547655208303,0.4563653089350817
25804,LOF,0.037402172138892735,0.42489895392360183,0.5376988739375054
25805,GOF,0.1010067972591976,0.5020657260465098,0.3969274766942927
25806,GOF,0.13488907810994338,0.5157172835453665,0.3493936383446902
25807,GOF,0.020973275103493297,0.5489547585221203,0.43007196637438644
25808,GOF,0.10034356125777578,0.4968889845794981,0.4027674541627262
25809,GOF,0.021350191159057313,0.5470094812571977,0.43164032758374504
25810,GOF,0.022821187553102185,0.5398007500763884,0.43737806237050936
25811,Neutral,0.48640774921745317,0.43044233352302785,0.083149917259519
25812,GOF,0.03459189704512948,0.5535027307752869,0.41190537217958356
25813,Neutral,0.5870980095802737,0.26027300547462184,0.15262898494510446
25814,GOF,0.11331082674336312,0.6000260743510673,0.28666309890556957
25815,GOF,0.24840802611671067,0.5246617237668478,0.2269302501164414
25816,GOF,0.01939753432251174,0.6422901353231524,0.3383123303543359
25817,GOF,0.2069284164642892,0.6508620804252843,0.1422095031104266
25818,GOF,0.03285821040015664,0.5178057973622112,0.44933599223763215
25819,GOF,0.3571387172491764,0.42884048551531206,0.2140207972355115
25820,GOF,0.17923389980880744,0.5623091790647543,0.25845692112643814
25821,GOF,0.05796380273547393,0.6245529508962296,0.3174832463682964
25822,GOF,0.2382624429565278,0.46645369168518697,0.2952838653582854
25823,LOF,0.031237402375146318,0.43292341310700866,0.535839184517845
25824,GOF,0.08204815905642962,0.4710484164569885,0.4469034244865819
25825,LOF,0.03195523405814657,0.4787284878022531,0.48931627813960044
25826,LOF,0.010675434576757023,0.4597441052044454,0.5295804602187976
25827,GOF,0.01725518974591808,0.5225886399549277,0.4601561702991543
25828,LOF,0.012175516865861678,0.4544506551040094,0.5333738280301289
25829,GOF,0.006941698976718962,0.5284472311699633,0.46461106985331774
25830,LOF,0.03915322350326361,0.24296445760140012,0.7178823188953363
25831,GOF,0.14032626272043394,0.6931806504159675,0.16649308686359846
25832,GOF,0.03467084375837573,0.6179930508323361,0.3473361054092881
25833,GOF,0.11065223844962013,0.6208093897445598,0.26853837180581996
25834,GOF,0.041843955795800566,0.6069175459471334,0.35123849825706605
25835,GOF,0.09829949721322456,0.5532259148155362,0.34847458797123926
25836,GOF,0.04853934216180077,0.5697333666093594,0.3817272912288397
25837,LOF,0.023366100234218756,0.4631973788526056,0.5134365209131756
25838,GOF,0.08998456159599356,0.6565801594559384,0.25343527894806805
25839,GOF,0.318038196150087,0.46382312270163617,0.21813868114827684
25840,GOF,0.24466330322907895,0.5213284407531096,0.23400825601781144
25841,GOF,0.2927149483271215,0.4936372910819169,0.21364776059096158
25842,GOF,0.1587477575077943,0.5686101762883958,0.27264206620380976
25843,GOF,0.22709087272437745,0.5860786286493208,0.18683049862630166
25844,GOF,0.055880270956085415,0.5700692674458175,0.374050461598097
25845,LOF,0.012725399546884399,0.42797445471687795,0.5593001457362377
25846,GOF,0.08719227189869062,0.6681140103257964,0.24469371777551294
25847,GOF,0.10797012180041413,0.6573091078466253,0.2347207703529605
25848,GOF,0.033912556315405434,0.6164554816048385,0.34963196207975594
25849,GOF,0.010350340037318342,0.5083257916421681,0.48132386832051355
25850,GOF,0.024522380341404523,0.534798479096295,0.44067914056230056
25851,LOF,0.020142685785208544,0.4495122411195537,0.5303450730952378
25852,GOF,0.13833244436994607,0.5386224058716874,0.32304514975836646
25853,GOF,0.34467924282964424,0.5539936269383394,0.1013271302320163
25854,GOF,0.016649898296886703,0.6362393012128237,0.3471108004902897
25855,GOF,0.03920989199045149,0.5630414281359878,0.3977486798735608
25856,GOF,0.23021748532663325,0.5059708760035664,0.26381163866980023
25857,GOF,0.03480377331797444,0.4980974729278851,0.46709875375414056
25858,GOF,0.0178672097641812,0.5283669937768322,0.4537657964589867
25859,GOF,0.009676116667035163,0.5265851786299984,0.4637387047029664
25860,GOF,0.3598245666715694,0.5159871990393795,0.12418823428905106
25861,GOF,0.36528336177932885,0.5172459141196544,0.11747072410101685
25862,GOF,0.07130520555300694,0.7515882041574757,0.17710659028951736
25863,GOF,0.0776111432802785,0.7633241697223605,0.15906468699736115
25864,GOF,0.14202581812674356,0.7431616997985604,0.11481248207469595
25865,GOF,0.06457614063984761,0.7449545367722084,0.19046932258794394
25866,GOF,0.057810953757571976,0.7658254809263126,0.17636356531611538
25867,GOF,0.07636869167678448,0.7708995889175115,0.15273171940570393
25868,GOF,0.26609303754545527,0.5839819083729102,0.14992505408163445
25869,Neutral,0.7118062818400839,0.23424908937372532,0.05394462878619081
25870,LOF,0.24743397840645856,0.23054920087162306,0.5220168207219184
25871,GOF,0.21819426576029224,0.5930267036097602,0.18877903062994755
25872,GOF,0.09447433354033753,0.5601261922594133,0.3453994742002492
25873,GOF,0.15174307872316564,0.5527611692364964,0.29549575204033796
25874,LOF,0.022285197918793936,0.06965526354024838,0.9080595385409578
25875,LOF,0.0813553442106275,0.06333305991998525,0.8553115958693872
25876,LOF,0.023826878078764227,0.06096580857014685,0.915207313351089
25877,Neutral,0.5013048542520894,0.06409101790096289,0.43460412784694774
25878,LOF,0.20901466902786256,0.11275356375112586,0.6782317672210115
25879,LOF,0.09847286618550545,0.14114764582032702,0.7603794879941675
25880,LOF,0.023357602283991273,0.025047044017411542,0.9515953536985973
25881,LOF,0.18034738937743344,0.24383930573052126,0.5758133048920453
25882,LOF,0.07853637732155377,0.01857578393210177,0.9028878387463445
25883,LOF,0.08319731451930938,0.04221189292541449,0.8745907925552762
25884,LOF,0.04257764976308172,0.049453702214066156,0.9079686480228522
25885,LOF,0.056120932284422366,0.026595307326920555,0.917283760388657
25886,LOF,0.3666720692984608,0.09186149329137507,0.5414664374101641
25887,LOF,0.19384417740790966,0.1290233430901365,0.6771324795019538
25888,LOF,0.07383048001455572,0.11669413354108547,0.8094753864443589
25889,LOF,0.04493161066570248,0.04121297944685398,0.9138554098874436
25890,LOF,0.05299891428191681,0.16984907747254646,0.7771520082455368
25891,LOF,0.04806394211372551,0.06352609440146234,0.888409963484812
25892,LOF,0.10115291251327499,0.026300284939549067,0.8725468025471759
25893,LOF,0.3290840356115307,0.017183958864563788,0.6537320055239055
25894,LOF,0.17491052113347266,0.009086990656745758,0.8160024882097816
25895,LOF,0.20031508801832482,0.023197574822230976,0.7764873371594442
25896,LOF,0.048386958500371134,0.022337392919188775,0.9292756485804402
25897,LOF,0.23600155728629016,0.017416377109296444,0.7465820656044134
25898,Neutral,0.7588019475575254,0.01129450466454619,0.2299035477779283
25899,LOF,0.29881695602805525,0.04128671490344965,0.659896329068495
25900,Neutral,0.6399687865140492,0.013440637144286623,0.34659057634166407
25901,LOF,0.0548773102162102,0.014225880115184561,0.9308968096686052
25902,LOF,0.19451481232989634,0.011038035748859556,0.7944471519212442
25903,Neutral,0.5675877156568625,0.03048103348756185,0.40193125085557563
25904,LOF,0.2810049669998121,0.04360586126128309,0.6753891717389049
25905,LOF,0.0310019204797275,0.2857566324260904,0.6832414470941821
25906,LOF,0.0286054689151663,0.06858692775985366,0.90280760332498
25907,LOF,0.014331556489084487,0.3170120079164415,0.6686564355944741
25908,LOF,0.014350450621446891,0.2076332890903759,0.7780162602881772
25909,LOF,0.015139980419097624,0.13312683449769439,0.851733185083208
25910,LOF,0.04491693449641411,0.2002461995898029,0.754836865913783
25911,LOF,0.0735308882847843,0.05187079224798696,0.8745983194672288
25912,LOF,0.036543546698502405,0.09689066390402858,0.866565789397469
25913,LOF,0.2849953343492157,0.03957334877722435,0.67543131687356
25914,LOF,0.026874545411940755,0.14129691847666628,0.8318285361113931
25915,Neutral,0.4267517005940293,0.25323179753541397,0.3200165018705568
25916,LOF,0.05881198767822333,0.2847509638547851,0.6564370484669916
25917,LOF,0.07112090857305947,0.05534732426590338,0.8735317671610371
25918,LOF,0.03635680232041203,0.08108379742747493,0.8825594002521131
25919,LOF,0.03159259251077695,0.08133093889975197,0.887076468589471
25920,GOF,0.09781888538472257,0.5633222060115877,0.3388589086036899
25921,LOF,0.031912057995565485,0.030934624260920824,0.9371533177435137
25922,LOF,0.04988028534463814,0.019839730201309972,0.9302799844540518
25923,LOF,0.420414537058277,0.021350750046763255,0.5582347128949597
25924,LOF,0.03674887132738215,0.025425892461824043,0.9378252362107937
25925,LOF,0.08028224489320666,0.03271001153062284,0.8870077435761705
25926,LOF,0.055059901050212835,0.021693193175393713,0.9232469057743934
25927,LOF,0.07070740096677307,0.04889532816603144,0.8803972708671955
25928,LOF,0.022454482166505238,0.024364913059549142,0.9531806047739456
25929,Neutral,0.5574440501331585,0.02467068010230799,0.4178852697645335
25930,LOF,0.0696435173517248,0.017241321802007575,0.9131151608462675
25931,LOF,0.03241124995711797,0.017267527586076335,0.9503212224568057
25932,LOF,0.031549528802586484,0.015124633378382423,0.953325837819031
25933,LOF,0.04027061924013138,0.010190862133404125,0.9495385186264645
25934,LOF,0.027072456494999373,0.012248853235095086,0.9606786902699055
25935,LOF,0.07779725913519389,0.03235097848283672,0.8898517623819695
25936,LOF,0.049695194030263304,0.016223091832552244,0.9340817141371844
25937,LOF,0.03540701191115146,0.025858460525827045,0.9387345275630214
25938,LOF,0.07388251310615643,0.0388290468146757,0.8872884400791679
25939,LOF,0.043104667944271396,0.011117707084877762,0.9457776249708508
25940,LOF,0.025795350104040264,0.38242141934444207,0.5917832305515176
25941,LOF,0.1460862603221835,0.0998090807139617,0.7541046589638548
25942,LOF,0.012986723711463933,0.04282256555650351,0.9441907107320325
25943,LOF,0.327885659051845,0.09793615129013901,0.574178189658016
25944,Neutral,0.5293834698785542,0.060665852927983974,0.4099506771934618
25945,LOF,0.06368874941265408,0.03402409586315348,0.9022871547241924
25946,LOF,0.03234087064039157,0.15421909649226326,0.8134400328673451
25947,LOF,0.12998069152433767,0.16693909422911407,0.7030802142465483
25948,LOF,0.41947859496719103,0.014523725385887662,0.5659976796469213
25949,LOF,0.08690334491150435,0.06022701610213676,0.852869638986359
25950,GOF,0.22024493664424866,0.4606581891919804,0.31909687416377086
25951,LOF,0.28151895236310187,0.18740700996958445,0.5310740376673138
25952,LOF,0.059135122768556474,0.4462772808676865,0.4945875963637571
25953,LOF,0.13425355303364842,0.10268433011687043,0.7630621168494811
25954,LOF,0.32769043128733266,0.22822532295950432,0.4440842457531629
25955,LOF,0.06432269702181155,0.0779174433042742,0.8577598596739143
25956,LOF,0.1961986821484506,0.07045469925261341,0.733346618598936
25957,LOF,0.05112114065806447,0.02599760191294767,0.922881257428988
25958,LOF,0.058347423856275206,0.03473896491428717,0.9069136112294376
25959,LOF,0.06521835203474026,0.4199866129674568,0.514795034997803
25960,LOF,0.021534785933711068,0.05938323644984436,0.9190819776164445
25961,LOF,0.046110868834423946,0.045236997822317486,0.9086521333432587
25962,LOF,0.0605710219614183,0.03492322627928259,0.9045057517592993
25963,LOF,0.060711241655123475,0.16223198914386072,0.7770567692010157
25964,LOF,0.03925502041833542,0.16003839669915518,0.8007065828825094
25965,LOF,0.4313151125193967,0.08189092814104162,0.4867939593395616
25966,LOF,0.32484929383659666,0.33016102357980803,0.3449896825835953
25967,LOF,0.015966463447863448,0.11237788188702118,0.8716556546651153
25968,LOF,0.040206589075847926,0.4097169207631011,0.550076490161051
25969,LOF,0.029906224859777515,0.056360459588548004,0.9137333155516745
25970,LOF,0.06485297472473037,0.06956396097438525,0.8655830643008845
25971,LOF,0.08045550939388908,0.03487952587541582,0.884664964730695
25972,LOF,0.08175729705912585,0.041432412053433995,0.8768102908874402
25973,LOF,0.09177178926535613,0.009794592104212851,0.898433618630431
25974,LOF,0.3222362150383081,0.01602230092226787,0.661741484039424
25975,LOF,0.058801020811481405,0.02786096560489893,0.9133380135836198
25976,LOF,0.03790508294282548,0.02381009956394032,0.9382848174932341
25977,LOF,0.13095046118598755,0.12881754395978998,0.7402319948542225
25978,LOF,0.11806811623206777,0.1380258471215355,0.7439060366463968
25979,LOF,0.11890366392364224,0.11942129091889656,0.7616750451574612
25980,LOF,0.14060570732361297,0.19415363610216965,0.6652406565742175
25981,LOF,0.17242670866370519,0.19122672574299152,0.6363465655933033
25982,LOF,0.37797716694884365,0.12584737250860356,0.49617546054255285
25983,LOF,0.34698912486884304,0.11894667312243111,0.5340642020087258
25984,LOF,0.05520148882203272,0.11675418934022751,0.8280443218377399
25985,LOF,0.018268143673710466,0.35948793220710007,0.6222439241191895
25986,LOF,0.02580308436895732,0.3236168540609646,0.6505800615700781
25987,LOF,0.08777016295222748,0.12504020584070716,0.7871896312070653
25988,LOF,0.11662946421603808,0.10509452228406298,0.7782760134998989
25989,LOF,0.0257279052186708,0.1772639647919859,0.7970081299893433
25990,LOF,0.03658425425055663,0.14910744458058825,0.8143083011688552
25991,GOF,0.12602072900183198,0.44350524056880797,0.4304740304293602
25992,LOF,0.3006476187786346,0.29988716694648987,0.39946521427487547
25993,LOF,0.02629782396089577,0.10643987673718326,0.8672622993019209
25994,LOF,0.017559493800748196,0.12943725631059236,0.8530032498886595
25995,LOF,0.03009112836006683,0.16609108870859046,0.8038177829313427
25996,GOF,0.19331818800727268,0.584257012102806,0.22242479988992137
25997,GOF,0.07435134935921076,0.5508893720630134,0.37475927857777597
25998,Neutral,0.6006198483228972,0.024161046558265134,0.3752191051188376
25999,LOF,0.147381881948653,0.08854230200947438,0.7640758160418726
26000,LOF,0.10745384407272074,0.03413658483965927,0.8584095710876201
26001,LOF,0.2143215984761071,0.038203880058834586,0.7474745214650583
26002,LOF,0.16333106676079193,0.033275703400774584,0.8033932298384334
26003,GOF,0.010147316027742501,0.7092397194281067,0.28061296454415074
26004,GOF,0.02300727132057585,0.7206835240413115,0.25630920463811263
26005,GOF,0.010324321050363126,0.6101976781784231,0.37947800077121374
26006,Neutral,0.5025607642145503,0.3181929952275752,0.1792462405578745
26007,GOF,0.01819707595499749,0.6630252477675471,0.31877767627745535
26008,GOF,0.021225431576556947,0.6434546024353411,0.3353199659881019
26009,GOF,0.030592454745003442,0.7111403194485283,0.25826722580646827
26010,GOF,0.024565899276604023,0.7823731688888318,0.1930609318345641
26011,GOF,0.01025920583373745,0.6033030897601531,0.3864377044061095
26012,GOF,0.0174557528072177,0.6591057310551859,0.3234385161375964
26013,GOF,0.01458860631004185,0.7361780584121068,0.2492333352778514
26014,LOF,0.036947215945197634,0.21490313742101813,0.7481496466337841
26015,LOF,0.18433558475587056,0.007784843063590534,0.807879572180539
26016,LOF,0.26431468276888753,0.037996024447188685,0.6976892927839238
26017,LOF,0.17111363233258992,0.0873008422528746,0.7415855254145355
26018,LOF,0.082584851685055,0.024835597369501097,0.892579550945444
26019,LOF,0.08297336508538306,0.018403225097798386,0.8986234098168184
26020,LOF,0.05845808957511397,0.10607134472355657,0.8354705657013294
26021,LOF,0.05506024840831935,0.14530303449200693,0.7996367170996737
26022,LOF,0.009625154464354354,0.05731008816351166,0.9330647573721339
26023,LOF,0.10689347816620476,0.01690524754739859,0.8762012742863967
26024,LOF,0.030938593376179605,0.09743723272042333,0.8716241739033971
26025,LOF,0.1407246013351035,0.07546987526692055,0.7838055233979759
26026,LOF,0.2919008100211379,0.014529546936671753,0.6935696430421904
26027,LOF,0.08002550797428055,0.013148637958813093,0.9068258540669063
26028,LOF,0.18982636281288356,0.10237906571268651,0.7077945714744298
26029,LOF,0.11471163431061379,0.16880288320770556,0.7164854824816806
26030,LOF,0.03383955849147703,0.06165598878895843,0.9045044527195645
26031,LOF,0.04271148958016668,0.14560014639187163,0.8116883640279617
26032,LOF,0.08605604799243273,0.05685519344722723,0.85708875856034
26033,LOF,0.14163716486830738,0.06260221331836405,0.7957606218133285
26034,LOF,0.06280440313681365,0.1369289451031669,0.8002666517600195
26035,LOF,0.04297776117890143,0.1182326498167754,0.8387895890043232
26036,LOF,0.06088475766438405,0.14665989176646782,0.7924553505691482
26037,LOF,0.03381793856142985,0.1085289990115167,0.8576530624270535
26038,LOF,0.08036559000997097,0.05071303010959107,0.868921379880438
26039,LOF,0.08776652971534886,0.1223938464039191,0.789839623880732
26040,LOF,0.2543012478814506,0.08183752231186484,0.6638612298066846
26041,LOF,0.03421437725882695,0.10283231504362604,0.862953307697547
26042,LOF,0.03383010308744354,0.10340894863585481,0.8627609482767016
26043,LOF,0.07787058212683638,0.06823662816437415,0.8538927897087895
26044,LOF,0.031965384761625866,0.06548885196160029,0.9025457632767738
26045,LOF,0.10919116319979794,0.09334245690386637,0.7974663798963357
26046,LOF,0.08175379284355373,0.07223292251656324,0.846013284639883
26047,LOF,0.12275938141315662,0.08309470104832656,0.7941459175385168
26048,LOF,0.06206717810696697,0.05118686665535213,0.886745955237681
26049,Neutral,0.9479301241784783,0.009612634808560437,0.04245724101296134
26050,Neutral,0.933168421754175,0.010873184490829371,0.05595839375499561
26051,LOF,0.0490076779860136,0.4393073465010704,0.511684975512916
26052,LOF,0.06272840929950964,0.46020968541882534,0.477061905281665
26053,LOF,0.05337136853365375,0.2590534743107975,0.6875751571555487
26054,LOF,0.06693194497097281,0.046878683992955535,0.8861893710360715
26055,LOF,0.09219674895059608,0.03682611101741437,0.8709771400319896
26056,LOF,0.07969242655968473,0.04558661002628297,0.8747209634140324
26057,LOF,0.03318636984051608,0.020792787141044673,0.9460208430184393
26058,LOF,0.03328696231808258,0.018680978568817598,0.9480320591130998
26059,LOF,0.33894473265623776,0.05511270995179586,0.6059425573919665
26060,LOF,0.024402202150628525,0.3183610778213593,0.6572367200280123
26061,LOF,0.019517282418191433,0.028820396095351815,0.9516623214864567
26062,LOF,0.012168373612499327,0.040733994925166786,0.9470976314623339
26063,LOF,0.023172885131077986,0.020678656464164613,0.9561484584047575
26064,LOF,0.023897550647908116,0.02468975548182609,0.9514126938702657
26065,LOF,0.02878478492591969,0.02348507317076119,0.9477301419033192
26066,LOF,0.022387246943685005,0.022966750829861316,0.9546460022264536
26067,LOF,0.02676669066404591,0.017507649604867698,0.9557256597310864
26068,LOF,0.053492204126407,0.05518310871772797,0.891324687155865
26069,LOF,0.4159614909464627,0.04331205136359051,0.5407264576899469
26070,Neutral,0.647658827194385,0.02299878605348662,0.32934238675212835
26071,LOF,0.023577875980477503,0.026027198723906433,0.9503949252956161
26072,LOF,0.028709171280220918,0.03931439886897225,0.9319764298508068
26073,LOF,0.026897488442022263,0.0184554551540529,0.9546470564039249
26074,Neutral,0.8877844958577771,0.00802537936642559,0.10419012477579725
26075,LOF,0.044860046231275465,0.03406688984118847,0.9210730639275361
26076,LOF,0.04491500018634539,0.017348677846577794,0.9377363219670768
26077,LOF,0.009630685591580992,0.04536016764123429,0.9450091467671846
26078,LOF,0.01610085951482236,0.026056887099988206,0.9578422533851896
26079,LOF,0.054362237396614624,0.03556356170841261,0.9100742008949728
26080,LOF,0.054362237396614624,0.03556356170841261,0.9100742008949728
26081,LOF,0.0374918428972664,0.01390795296974988,0.9486002041329837
26082,LOF,0.021014283570757516,0.03961299223774286,0.9393727241914995
26083,LOF,0.1520546372546613,0.0232951409261981,0.8246502218191405
26084,LOF,0.02719153102611881,0.03073856164158568,0.9420699073322956
26085,LOF,0.023869802456415058,0.028161372213329407,0.9479688253302555
26086,LOF,0.023991322777761524,0.025376567454247895,0.9506321097679906
26087,LOF,0.02561541697975756,0.017247564561435485,0.9571370184588069
26088,LOF,0.02349475569695349,0.03997882213557603,0.9365264221674704
26089,LOF,0.048043160036533174,0.04221218369479709,0.9097446562686696
26090,LOF,0.0466955978784813,0.034003754406033225,0.9193006477154855
26091,LOF,0.042329423609089555,0.01212255645431838,0.9455480199365921
26092,LOF,0.029870266812849815,0.018450815499070704,0.9516789176880794
26093,LOF,0.04228516680350404,0.012358649847436185,0.9453561833490599
26094,LOF,0.047324910305984735,0.010900721379699769,0.9417743683143154
26095,LOF,0.0468370420899568,0.02855846892888741,0.9246044889811559
26096,LOF,0.017464558175385933,0.027495927895508053,0.9550395139291059
26097,LOF,0.01118722807798854,0.09124683286932088,0.8975659390526906
26098,LOF,0.06905135681609388,0.032252757685899955,0.898695885498006
26099,LOF,0.026889852730291795,0.029516137378097496,0.9435940098916108
26100,LOF,0.02814745511721844,0.02786132700578576,0.9439912178769959
26101,LOF,0.060151848410080075,0.027062430322479968,0.9127857212674401
26102,LOF,0.02792559088354397,0.023115606601591777,0.9489588025148642
26103,Neutral,0.8868416402839758,0.036698670716256994,0.0764596889997672
26104,LOF,0.06679834461826842,0.053166343013256394,0.8800353123684751
26105,LOF,0.2321917464813383,0.2602351386569746,0.5075731148616871
26106,LOF,0.19729117259940712,0.11867995498526994,0.6840288724153228
26107,LOF,0.23599867492315307,0.11197564972406097,0.652025675352786
26108,LOF,0.2448119672601196,0.16732840248185316,0.5878596302580273
26109,LOF,0.050348363744494716,0.14550567563056274,0.8041459606249425
26110,LOF,0.2692070137837993,0.01201542838285801,0.7187775578333426
26111,LOF,0.4875165187739628,0.024051317083484264,0.488432164142553
26112,LOF,0.03916551442886492,0.012668980746156492,0.9481655048249785
26113,LOF,0.05546703536539422,0.022533939094192188,0.9219990255404136
26114,LOF,0.021125506122595002,0.024675223519563284,0.9541992703578417
26115,LOF,0.09890772322650647,0.034206860472585573,0.866885416300908
26116,LOF,0.05109584998885466,0.0435472565453862,0.9053568934657591
26117,LOF,0.3246054857287336,0.08288717963251675,0.5925073346387497
26118,LOF,0.04115593073290861,0.04564424632708633,0.9131998229400051
26119,LOF,0.022430458531243508,0.06417563614802692,0.9133939053207296
26120,LOF,0.030278597634090666,0.032612167628887294,0.937109234737022
26121,LOF,0.06514746325299002,0.11816790035390486,0.8166846363931052
26122,LOF,0.07727714921151023,0.050802960972534894,0.8719198898159548
