feature0,prediction,LoGoFunc_Neutral,LoGoFunc_GOF,LoGoFunc_LOF
25546,Neutral,0.5569226140998993,0.15413213102793089,0.28894525487216977
25547,Neutral,0.4371528597083195,0.21227448429649143,0.350572655995189
25548,LOF,0.3702511602433679,0.22548004239084543,0.4042687973657867
25549,LOF,0.3238607677936049,0.22509917441583935,0.45104005779055584
25550,LOF,0.31681166967433366,0.2428734276975905,0.4403149026280759
25551,LOF,0.2437330553768175,0.24134489994003708,0.5149220446831454
25552,LOF,0.23082782127425164,0.27045966415765627,0.49871251456809196
25553,Neutral,0.7385450875851312,0.11150000482071593,0.149954907594153
25554,LOF,0.25877407168544636,0.2121494712361874,0.5290764570783663
25555,LOF,0.21157545022559157,0.2089347199911136,0.5794898297832948
25556,LOF,0.3857664717248178,0.19457154514528757,0.41966198312989467
25557,LOF,0.1903739588334186,0.22257109991696544,0.5870549412496159
25558,LOF,0.24480860445860317,0.22189914537662617,0.5332922501647706
25559,LOF,0.2674059916228626,0.06157176998958573,0.6710222383875517
25560,LOF,0.0740242635730003,0.1826292339163601,0.7433465025106396
25561,LOF,0.05016459356361586,0.32208227800707595,0.6277531284293083
25562,LOF,0.03940294215713441,0.11387832243560995,0.8467187354072556
25563,LOF,0.0067655760037347405,0.2405119801392773,0.7527224438569879
25564,LOF,0.06459992706019761,0.057355006416110285,0.8780450665236921
25565,LOF,0.1741854608387145,0.15291697150624423,0.6728975676550413
25566,GOF,0.07011305086394116,0.6549442879725682,0.2749426611634906
25567,LOF,0.040818783958388,0.11496878128668037,0.8442124347549317
25568,LOF,0.06857328358670403,0.08114392802024736,0.8502827883930485
25569,LOF,0.07599994586652441,0.06281656025291601,0.8611834938805596
25570,LOF,0.029654594807521552,0.09793455489020043,0.872410850302278
25571,LOF,0.029719231672674786,0.09206483077233295,0.8782159375549923
25572,LOF,0.05463804484530877,0.08772149090120095,0.8576404642534903
25573,LOF,0.07841117735237223,0.11090037602620903,0.8106884466214187
25574,LOF,0.10258812471358826,0.24621660896188696,0.6511952663245247
25575,LOF,0.025111529829619096,0.10074800536226929,0.8741404648081116
25576,LOF,0.022626257878300197,0.12189575015032035,0.8554779919713795
25577,LOF,0.029258508879274846,0.0872573438943467,0.8834841472263785
25578,LOF,0.2895441514391665,0.07749283756281967,0.6329630109980138
25579,LOF,0.2901445462533582,0.0745078767031204,0.6353475770435213
25580,LOF,0.029469661485497393,0.08386070803717315,0.8866696304773294
25581,LOF,0.04195595547445037,0.1085042206756225,0.8495398238499272
25582,LOF,0.04195595547445037,0.1085042206756225,0.8495398238499272
25583,LOF,0.03663493727007665,0.0951708015125484,0.868194261217375
25584,Neutral,0.7825992787712504,0.060323611718619906,0.15707710951012957
25585,LOF,0.02645544824478007,0.07964781236508844,0.8938967393901315
25586,LOF,0.02552313612843654,0.10188340553932777,0.8725934583322357
25587,LOF,0.02672566188915733,0.10274029483476095,0.8705340432760816
25588,LOF,0.0315235006367057,0.0739292282218682,0.8945472711414261
25589,Neutral,0.6610468061849819,0.14927597459039743,0.1896772192246207
25590,LOF,0.07078018564025293,0.08598985480342354,0.8432299595563236
25591,LOF,0.131459146796475,0.05208905547538716,0.8164517977281377
25592,LOF,0.09663866488327891,0.1720353213917125,0.7313260137250086
25593,LOF,0.14162085368002017,0.3072213201657777,0.5511578261542022
25594,LOF,0.049140241191062466,0.06634084855545033,0.8845189102534872
25595,LOF,0.057032164544215426,0.03443612958796862,0.908531705867816
25596,LOF,0.1558009935266212,0.016700890010745345,0.8274981164626334
25597,LOF,0.11312798534869843,0.008145476368092859,0.8787265382832088
25598,LOF,0.05826080694450933,0.03377054017243171,0.907968652883059
25599,GOF,0.02626084438486691,0.581689739081257,0.39204941653387604
25600,GOF,0.16722685684186114,0.5328997293280724,0.2998734138300665
25601,LOF,0.04541893249484265,0.4005946807497211,0.5539863867554363
25602,LOF,0.03951605310669843,0.04767805660097663,0.912805890292325
25603,LOF,0.08141258687891748,0.031500397855500926,0.8870870152655815
25604,LOF,0.07963340187248792,0.08507013545988186,0.8352964626676302
25605,LOF,0.09764721559274525,0.13083380630445973,0.7715189781027949
25606,Neutral,0.5870615365292037,0.13484469550428757,0.27809376796650886
25607,LOF,0.05070875303298319,0.1314300687548233,0.8178611782121934
25608,LOF,0.06244539040684106,0.1158830992739575,0.8216715103192015
25609,GOF,0.15279065825807742,0.6139839060873296,0.23322543565459297
25610,LOF,0.017605695068898346,0.10639636966001863,0.875997935271083
25611,LOF,0.012876691743149943,0.10102877835747563,0.8860945298993745
25612,LOF,0.056898871320331494,0.09089015299632622,0.8522109756833424
25613,LOF,0.05418443314761877,0.09500152422599056,0.8508140426263908
25614,LOF,0.022283549849948712,0.09954578730613267,0.8781706628439188
25615,LOF,0.046620391110964214,0.11060363032074395,0.8427759785682918
25616,LOF,0.06940117998879562,0.08772031720781556,0.8428785028033888
25617,LOF,0.05077512097682677,0.10895729046329396,0.8402675885598792
25618,LOF,0.0581157889605506,0.35466312773597464,0.5872210833034748
25619,LOF,0.011724900134277013,0.2088678059821819,0.779407293883541
25620,LOF,0.04225670985237413,0.09564861703490375,0.8620946731127221
25621,LOF,0.07128313105881792,0.10118764185951858,0.8275292270816635
25622,LOF,0.0755434586728057,0.09647609945654022,0.8279804418706541
25623,LOF,0.0579512510003327,0.07603978562841657,0.8660089633712507
25624,LOF,0.0199827116125648,0.1314947114513571,0.8485225769360781
25625,LOF,0.053321882947737334,0.07430723846260884,0.8723708785896538
25626,LOF,0.03670402514980591,0.06616086080474709,0.897135114045447
25627,Neutral,0.8741975892168056,0.03671644971289975,0.08908596107029464
25628,LOF,0.1708823251653033,0.09907049635991466,0.730047178474782
25629,LOF,0.0707391714376883,0.08145829185920768,0.8478025367031041
25630,LOF,0.23793615077700656,0.07851111843076636,0.6835527307922271
25631,Neutral,0.48190038001906454,0.07119869804471969,0.4469009219362157
25632,LOF,0.026376227308283328,0.04296129294396388,0.9306624797477528
25633,LOF,0.2951463713590451,0.0179721699369049,0.6868814587040499
25634,LOF,0.0528469615366408,0.03133492987480807,0.9158181085885512
25635,LOF,0.034739450258200265,0.022171378891158052,0.9430891708506416
25636,GOF,0.02798365380981279,0.6940994622954954,0.277916883894692
25637,GOF,0.03175922028491518,0.5376747312949962,0.43056604842008867
25638,GOF,0.01977316920229976,0.6389364460491916,0.34129038474850854
25639,LOF,0.02404103292947959,0.4594346307510734,0.516524336319447
25640,Neutral,0.8219882528104092,0.15462164735587175,0.02339009983371896
25641,LOF,0.11323626375560321,0.32365574759401206,0.5631079886503847
25642,LOF,0.1240484454500301,0.2068126812795832,0.6691388732703867
25643,LOF,0.3711388385520245,0.2483752290855217,0.3804859323624537
25644,GOF,0.007423886655119637,0.5333640802447861,0.45921203310009423
25645,GOF,0.01081130577117559,0.5014835844538859,0.4877051097749386
25646,LOF,0.017033613330064257,0.3192596356272302,0.6637067510427056
25647,LOF,0.009654678964956788,0.26078613078496093,0.7295591902500822
25648,LOF,0.011240172537655458,0.3230485446930529,0.6657112827692916
25649,LOF,0.00826726216807375,0.16930191440982578,0.8224308234221005
25650,LOF,0.02282835433780513,0.4651273826180534,0.5120442630441415
25651,LOF,0.0079216784193057,0.2822698536682331,0.7098084679124612
25652,LOF,0.006050823999196964,0.4184190226352141,0.575530153365589
25653,GOF,0.01912983097686262,0.535611199569989,0.4452589694531483
25654,LOF,0.005856478371819636,0.39181836767885014,0.6023251539493302
25655,GOF,0.05986615064802023,0.6841503351642996,0.25598351418768023
25656,LOF,0.2057458012575926,0.36941772479827256,0.4248364739441348
25657,LOF,0.02517279771795795,0.42739246565550404,0.547434736626538
25658,GOF,0.15184172987907565,0.44767048579656227,0.4004877843243621
25659,GOF,0.2025544674439879,0.5987543543505642,0.19869117820544777
25660,LOF,0.02024225394370681,0.3156953456544698,0.6640624004018235
25661,LOF,0.04478899655183053,0.23917690348508608,0.7160340999630833
25662,LOF,0.019277134434738483,0.14354168350242466,0.8371811820628369
25663,LOF,0.022082258918187242,0.11651049928431717,0.8614072417974956
25664,LOF,0.05942566546773398,0.21687483150521397,0.723699503027052
25665,LOF,0.03618274890058116,0.10538270089809332,0.8584345502013255
25666,LOF,0.05420189958101926,0.1519663384150989,0.7938317620038817
25667,LOF,0.04477692536634479,0.18092299766384073,0.7743000769698145
25668,LOF,0.016820590693838247,0.20024043761336474,0.782938971692797
25669,LOF,0.016177669454106407,0.2083494513251827,0.7754728792207108
25670,LOF,0.08859368099036416,0.1279373213447126,0.7834689976649232
25671,LOF,0.06670554446328956,0.11014863631068235,0.8231458192260281
25672,LOF,0.03270881411085005,0.176631325182417,0.7906598607067329
25673,LOF,0.06374700033110946,0.13157298002914752,0.804680019639743
25674,LOF,0.05424073533260665,0.16459166165942382,0.7811676030079695
25675,LOF,0.051828826909098936,0.1871240579136253,0.7610471151772759
25676,LOF,0.014910632659432715,0.17180574167103638,0.8132836256695309
25677,LOF,0.013491498650810558,0.2590957710407816,0.7274127303084079
25678,LOF,0.12873202387102747,0.22895637460930673,0.6423116015196657
25679,LOF,0.09395700559200305,0.2037409138895884,0.7023020805184085
25680,LOF,0.014935918042769792,0.31918308488163605,0.6658809970755942
25681,LOF,0.023283670861105055,0.30248137882703224,0.6742349503118626
25682,LOF,0.056257854320852126,0.16712507041531527,0.7766170752638326
25683,LOF,0.05546382304198503,0.15905077387250474,0.7854854030855102
25684,LOF,0.01850769075050809,0.19193726538241113,0.7895550438670808
25685,LOF,0.07627758802987761,0.2159697476955611,0.7077526642745613
25686,LOF,0.04086839594162955,0.2764329196150019,0.6826986844433687
25687,LOF,0.0786752419643008,0.26798412553117,0.6533406325045291
25688,LOF,0.4088508909741875,0.03150580099843001,0.5596433080273825
25689,LOF,0.23595046527951988,0.031040221670990367,0.7330093130494898
25690,LOF,0.3217193223565135,0.03163807367675595,0.6466426039667305
25691,Neutral,0.7139866974289405,0.03432960649624901,0.2516836960748105
25692,LOF,0.3372192437468583,0.012452489465126657,0.6503282667880151
25693,LOF,0.10245029096160005,0.35758178283674513,0.5399679262016548
25694,LOF,0.09161184350561206,0.022949562489148412,0.8854385940052395
25695,LOF,0.09738427079706789,0.016494452732553247,0.8861212764703787
25696,LOF,0.09228627072613839,0.028996272059512176,0.8787174572143494
25697,LOF,0.05864154000174883,0.14045428987991987,0.8009041701183314
25698,LOF,0.3133728770410351,0.1603175277580361,0.5263095952009288
25699,LOF,0.3757532637705565,0.2389793847983146,0.3852673514311289
25700,LOF,0.07512318971990897,0.03381168740240458,0.8910651228776865
25701,LOF,0.18790386617791555,0.12953817430117154,0.6825579595209129
25702,GOF,0.16133292395455795,0.7262646801770479,0.11240239586839419
25703,LOF,0.014990620629240758,0.31661741419745415,0.6683919651733051
25704,LOF,0.019352826101049804,0.24112806783390237,0.7395191060650478
25705,LOF,0.021115724859168458,0.22003472338058797,0.7588495517602435
25706,GOF,0.12237529046995603,0.4683228312765277,0.4093018782535161
25707,LOF,0.09834154926179949,0.4266406499881671,0.47501780075003347
25708,GOF,0.0457620464954289,0.48852068579237046,0.4657172677122006
25709,LOF,0.057020521044665394,0.14084516426234583,0.8021343146929888
25710,LOF,0.015392602438792919,0.19115422420962427,0.7934531733515828
25711,LOF,0.016684348543417986,0.18448823581012827,0.7988274156464537
25712,LOF,0.013954336802980971,0.24396889136956135,0.7420767718274576
25713,LOF,0.017676365899438867,0.18164054975389618,0.800683084346665
25714,LOF,0.058193466377075294,0.19884025764815422,0.7429662759747705
25715,LOF,0.011816024792995986,0.2574790682268975,0.7307049069801065
25716,LOF,0.011828868390926483,0.1664555203412774,0.8217156112677961
25717,LOF,0.013923060985068725,0.11635747332356475,0.8697194656913665
25718,LOF,0.011897072999715493,0.13720208857510385,0.8509008384251807
25719,LOF,0.025317633153343046,0.1894169294855594,0.7852654373610977
25720,LOF,0.02902578372563061,0.1124624699779024,0.858511746296467
25721,LOF,0.011992542162032584,0.23663053634691578,0.7513769214910516
25722,LOF,0.012457905919481961,0.21909313155991095,0.768448962520607
25723,LOF,0.02154654752953454,0.16652037521863203,0.8119330772518334
25724,LOF,0.04132929430524863,0.3767768963267082,0.5818938093680432
25725,LOF,0.011451282096680167,0.2178101641152245,0.7707385537880953
25726,LOF,0.012499428579400241,0.226879768915385,0.7606208025052148
25727,LOF,0.014010140774866979,0.21252773651682494,0.773462122708308
25728,LOF,0.011240398378397248,0.25892558291028334,0.7298340187113195
25729,LOF,0.011632130794389002,0.2662457699175194,0.7221220992880915
25730,LOF,0.012319943271256387,0.2598022242016349,0.7278778325271088
25731,LOF,0.012583864090077054,0.1659489342225287,0.8214672016873942
25732,LOF,0.012301127824627804,0.11707685906419796,0.8706220131111743
25733,LOF,0.01669755217802407,0.1413749710464441,0.8419274767755319
25734,LOF,0.01499251540193374,0.19434433696994863,0.7906631476281176
25735,LOF,0.011679505764590202,0.15250489307886939,0.8358156011565404
25736,LOF,0.012056863649395408,0.1613010250164951,0.8266421113341096
25737,LOF,0.013308981906599888,0.19641506168152958,0.7902759564118704
25738,LOF,0.012932583428242517,0.22958637563426254,0.757481040937495
25739,LOF,0.018330525771211654,0.17815892001968478,0.8035105542091036
25740,LOF,0.030255453382983293,0.21996900751511597,0.7497755391019006
25741,LOF,0.015553939676047892,0.259895977913876,0.7245500824100761
25742,LOF,0.09888791990375874,0.14181429650841165,0.7592977835878296
25743,LOF,0.02482034084690515,0.05184051436037312,0.9233391447927217
25744,Neutral,0.6105569750515383,0.21998328633530406,0.16945973861315763
25745,LOF,0.04082522993362319,0.11030776709001176,0.8488670029763651
25746,LOF,0.025472265803630476,0.16092170922862503,0.8136060249677445
25747,LOF,0.013189466332927733,0.16802558665429224,0.81878494701278
25748,LOF,0.07974008746328418,0.2972360075933547,0.6230239049433611
25749,LOF,0.01939584865003986,0.1302332136442729,0.8503709377056872
25750,LOF,0.04129594264074506,0.12877304864518221,0.8299310087140728
25751,LOF,0.08668663779217577,0.26721311876432363,0.6461002434435007
25752,GOF,0.07986921266932444,0.7304426011296854,0.18968818620099015
25753,LOF,0.01939011127680055,0.4269639592791755,0.5536459294440239
25754,GOF,0.0210243979229383,0.7579949933057584,0.2209806087713034
25755,LOF,0.022886443565168453,0.34819130987756286,0.6289222465572687
25756,GOF,0.032475216192329584,0.5165746450624186,0.4509501387452518
25757,GOF,0.01548727504483138,0.8663912865873401,0.11812143836782836
25758,GOF,0.0265535720209546,0.8333342312405397,0.14011219673850567
25759,GOF,0.01548411865542475,0.7188809837367535,0.2656348976078218
25760,LOF,0.016510957304791112,0.4023927372857984,0.5810963054094106
25761,GOF,0.21550414071982432,0.7215101937566034,0.06298566552357229
25762,LOF,0.038413498000109694,0.4642431776753439,0.4973433243245465
25763,LOF,0.014539147925379508,0.3045138590219786,0.6809469930526418
25764,GOF,0.0694454622754644,0.7777391013084514,0.1528154364160843
25765,GOF,0.03295149188744877,0.8051968621634837,0.16185164594906756
25766,GOF,0.06684063470654177,0.8517397013583914,0.08141966393506676
25767,GOF,0.08638763275382999,0.6760351951436758,0.2375771721024943
25768,LOF,0.06760529963174154,0.0927732534396021,0.8396214469286563
25769,LOF,0.05093544120895367,0.0714284105279902,0.8776361482630561
25770,LOF,0.31169361283681823,0.0752712413808289,0.613035145782353
25771,LOF,0.06746783357780668,0.027580333906848675,0.9049518325153447
25772,LOF,0.017583332033941423,0.05316366356830398,0.9292530043977546
25773,LOF,0.06395961815392269,0.02623952385794862,0.9098008579881287
25774,LOF,0.033744913946856046,0.09700430615781647,0.8692507798953275
25775,LOF,0.08249235256134549,0.021180838248531807,0.8963268091901228
25776,LOF,0.06592503696488534,0.030013760590835995,0.9040612024442786
25777,LOF,0.48314380847521493,0.03232739910547012,0.48452879241931485
25778,LOF,0.05567935672753967,0.0569191890453824,0.887401454227078
25779,Neutral,0.5527002270412104,0.30841867732352357,0.1388810956352662
25780,Neutral,0.4787297258587624,0.2951048316754015,0.22616544246583603
25781,GOF,0.1844843324952078,0.49251470254344104,0.32300096496135117
25782,GOF,0.327147691801471,0.4182342610149111,0.25461804718361775
25783,GOF,0.03541900556899798,0.5273779270443018,0.43720306738670034
25784,Neutral,0.7021534429058537,0.15687267929022305,0.1409738778039233
25785,Neutral,0.6910853475407429,0.12237485235221573,0.1865398001070413
25786,GOF,0.03516715525224629,0.5249221629731868,0.43991068177456677
25787,Neutral,0.8383531302458166,0.06579342096254595,0.09585344879163751
25788,LOF,0.06493561654069269,0.02640273071392318,0.9086616527453842
25789,GOF,0.32443835435548424,0.35385841617794506,0.32170322946657065
25790,LOF,0.31865888728898584,0.3391916584819099,0.34214945422910426
25791,LOF,0.22113706832738053,0.3534949690266863,0.4253679626459332
25792,Neutral,0.4615982987654031,0.2069706641551857,0.3314310370794112
25793,LOF,0.26851905096371625,0.20559203653550617,0.5258889125007775
25794,Neutral,0.4161715493639642,0.24615630460006732,0.33767214603596857
25795,LOF,0.08239530100917845,0.44473906605920804,0.4728656329316135
25796,Neutral,0.6310546769437595,0.15821267502291478,0.21073264803332573
25797,LOF,0.10783618003487462,0.2785932245737278,0.6135705953913976
25798,LOF,0.014014178342989915,0.3103621670947081,0.675623654562302
25799,LOF,0.01295536677654376,0.2941167257437211,0.6929279074797351
25800,LOF,0.04948487889645719,0.40144515538312237,0.5490699657204205
25801,GOF,0.3049580987561546,0.4108436512163317,0.2841982500275137
25802,LOF,0.0788366437093792,0.4490807814907807,0.47208257479984017
25803,LOF,0.05741518695597155,0.37634938662288864,0.5662354264211398
25804,LOF,0.047354244824667345,0.4021673726239429,0.5504783825513898
25805,LOF,0.1226338045425231,0.4168233285825237,0.4605428668749532
25806,LOF,0.1517706542659046,0.3636171363735996,0.4846122093604958
25807,LOF,0.02697581442098064,0.3933365470172288,0.5796876385617905
25808,LOF,0.1279699708480976,0.3556068300986827,0.5164231990532198
25809,LOF,0.025529346478536167,0.3178773761867567,0.6565932773347072
25810,LOF,0.030284148293396738,0.3088875976019042,0.6608282541046991
25811,Neutral,0.6732379200587036,0.1740743363748129,0.1526877435664834
25812,LOF,0.05602468637398463,0.3162441600131304,0.6277311536128849
25813,Neutral,0.6708699521331041,0.08606608997119233,0.2430639578957036
25814,LOF,0.21704916224852663,0.3418244676629638,0.4411263700885095
25815,Neutral,0.3902014017361098,0.2541436067444025,0.3556549915194878
25816,LOF,0.025919537830612235,0.35344222208351794,0.62063824008587
25817,GOF,0.32089357276815533,0.38454442618124823,0.2945620010505964
25818,LOF,0.04673424512163995,0.3057198576383057,0.6475458972400543
25819,Neutral,0.4446109228866155,0.22085841873951292,0.33453065837387147
25820,LOF,0.2521816784737215,0.31817107158288266,0.4296472499433958
25821,LOF,0.08401366837335066,0.3968809936170886,0.5191053380095606
25822,LOF,0.3027742000295759,0.28709919407928713,0.4101266058911369
25823,LOF,0.050443127075189005,0.3817833815701319,0.567773491354679
25824,LOF,0.11971468100177365,0.26836720033247424,0.6119181186657521
25825,LOF,0.050656821998712166,0.28996060444903626,0.6593825735522515
25826,LOF,0.01644305172576236,0.30531306060661606,0.6782438876676216
25827,LOF,0.028118452701980774,0.3876704332843411,0.5842111140136781
25828,LOF,0.019667214188730877,0.32448690370969013,0.655845882101579
25829,LOF,0.010373863499898214,0.33622213552580704,0.6534040009742947
25830,LOF,0.03731449069652129,0.051309289127367444,0.9113762201761112
25831,GOF,0.25915754323328244,0.4466567105311309,0.29418574623558663
25832,LOF,0.05074641302394682,0.4025117696453821,0.5467418173306712
25833,LOF,0.16098412441256643,0.40040518877926184,0.43861068680817167
25834,LOF,0.06343997450568238,0.40032107024565045,0.5362389552486672
25835,LOF,0.1576316744425104,0.36688471713279663,0.47548360842469295
25836,LOF,0.07374489683264834,0.40605496470537356,0.5202001384619781
25837,LOF,0.03924386100324594,0.3134019758451957,0.6473541631515584
25838,LOF,0.14142924000872695,0.41692116367804727,0.44164959631322587
25839,Neutral,0.47105145760510414,0.21732546008077985,0.3116230823141161
25840,Neutral,0.3445384901163579,0.3241850820606278,0.33127642782301436
25841,Neutral,0.3724447554335014,0.2853814446946185,0.3421737998718801
25842,LOF,0.276213019401275,0.29914779504528005,0.42463918555344493
25843,GOF,0.3053236724862905,0.3851509963209325,0.30952533119277703
25844,LOF,0.10361115562438489,0.2946254258308884,0.6017634185447267
25845,LOF,0.021571346725458393,0.35494116927563046,0.6234874839989111
25846,LOF,0.15318271354944504,0.3947333549185627,0.4520839315319922
25847,LOF,0.2146158437005118,0.3869673198875404,0.39841683641194786
25848,LOF,0.06343208496601205,0.3335870338971937,0.6029808811367942
25849,LOF,0.01858761503141931,0.32182665341751626,0.6595857315510645
25850,LOF,0.032478695930948355,0.3848747464582344,0.5826465576108173
25851,LOF,0.025672109896392927,0.3693311663486656,0.6049967237549415
25852,LOF,0.17138167815516278,0.33253165596225315,0.49608666588258404
25853,Neutral,0.4529456528403421,0.30834348040873544,0.2387108667509225
25854,LOF,0.02798329204950134,0.4626317891544451,0.5093849187960536
25855,LOF,0.06277978213363959,0.3277665611094576,0.6094536567569029
25856,LOF,0.31853351414200715,0.2862211079501377,0.39524537790785513
25857,LOF,0.05335559505479784,0.33439072109405527,0.6122536838511469
25858,LOF,0.032536692277776544,0.42338507018462174,0.5440782375376018
25859,LOF,0.015536052646246093,0.44740148736782265,0.5370624599859313
25860,Neutral,0.4576716091379883,0.28124265192432857,0.26108573893768316
25861,Neutral,0.42947016109674085,0.39405604192283566,0.1764737969804234
25862,GOF,0.10288654533957295,0.49128356949059415,0.405829885169833
25863,GOF,0.10612276363020692,0.5006329057957939,0.3932443305739992
25864,GOF,0.2537300382263851,0.48314158070526547,0.26312838106834935
25865,GOF,0.11892145272856512,0.5561375904511319,0.324940956820303
25866,GOF,0.10025602617362005,0.5605133307745049,0.3392306430518749
25867,GOF,0.12211007929195854,0.6140904007917313,0.26379951991631023
25868,GOF,0.301498652223416,0.35421224733522155,0.3442891004413624
25869,Neutral,0.7762281033357661,0.128338220771072,0.09543367589316187
25870,LOF,0.26558542746597746,0.02742100771019132,0.7069935648238312
25871,LOF,0.23651464088455978,0.3347078972798644,0.42877746183557586
25872,LOF,0.10002233869671473,0.2695099552193731,0.6304677060839122
25873,LOF,0.1847684382526641,0.26773158828625243,0.5474999734610835
25874,LOF,0.024574265465676415,0.030768003106357775,0.9446577314279658
25875,LOF,0.03018245601893375,0.2841010251962851,0.685716518784781
25876,LOF,0.020543974336962232,0.09421897618159426,0.8852370494814434
25877,LOF,0.3303535864530036,0.21941077917310586,0.4502356343738905
25878,LOF,0.10579637041025315,0.35039362535302426,0.5438100042367227
25879,LOF,0.04723378474497695,0.3492549691681802,0.6035112460868428
25880,LOF,0.019729913661440075,0.051253172890005284,0.9290169134485547
25881,LOF,0.3941148719602247,0.10688511046675257,0.4990000175730226
25882,LOF,0.08027041413566696,0.018336852586848498,0.9013927332774845
25883,LOF,0.09389433236791829,0.021792846112117664,0.8843128215199639
25884,LOF,0.06444002001430989,0.03894651466921514,0.896613465316475
25885,LOF,0.0824237266287399,0.027210935571979948,0.8903653377992801
25886,LOF,0.24767352287699038,0.0489516388678986,0.7033748382551112
25887,LOF,0.32149490609285064,0.08739394610881475,0.5911111477983347
25888,LOF,0.13687675305858346,0.04821622604960521,0.8149070208918113
25889,LOF,0.06447343452184708,0.03321719690078053,0.9023093685773724
25890,LOF,0.07012114311524913,0.08256151082647725,0.8473173460582736
25891,LOF,0.06692538946113503,0.057089295800223004,0.8759853147386419
25892,LOF,0.10044995992696452,0.03747530215827488,0.8620747379147605
25893,LOF,0.3159568713688643,0.029486457074740485,0.6545566715563953
25894,LOF,0.2036804962575966,0.01486306540918943,0.7814564383332139
25895,LOF,0.23652031816521366,0.014688248096219788,0.7487914337385665
25896,LOF,0.051658574619197956,0.027340684773768498,0.9210007406070335
25897,LOF,0.24331882400629143,0.02791614241961526,0.7287650335740933
25898,Neutral,0.7536457441291617,0.018088713552171197,0.22826554231866694
25899,LOF,0.22023727484150069,0.10106057012671464,0.6787021550317847
25900,Neutral,0.6000700365038315,0.025341062738186274,0.37458890075798223
25901,LOF,0.05677753785028474,0.025384454168901043,0.9178380079808143
25902,LOF,0.2193527027348884,0.015059273452470549,0.765588023812641
25903,Neutral,0.5753989700416777,0.04713021574993733,0.3774708142083849
25904,LOF,0.3601086322835873,0.04798669391679022,0.5919046737996224
25905,GOF,0.03095099609556389,0.505262976745949,0.463786027158487
25906,LOF,0.02371076976527251,0.08652811287688236,0.8897611173578451
25907,LOF,0.012715107772381136,0.4198151543587126,0.5674697378689063
25908,LOF,0.013227441458737263,0.27818417632146497,0.7085883822197978
25909,LOF,0.01772909015104995,0.2511043746959919,0.7311665351529582
25910,LOF,0.027877011218311508,0.4124138106905239,0.5597091780911646
25911,LOF,0.05942134906491923,0.041271272669686804,0.899307378265394
25912,LOF,0.029744616983894957,0.08546452362009346,0.8847908593960115
25913,LOF,0.21180812521627063,0.022953515693671163,0.7652383590900582
25914,LOF,0.022219155790347667,0.1827183465673461,0.7950624976423063
25915,GOF,0.39211180423472736,0.4488228222047497,0.15906537356052292
25916,GOF,0.026224419336012106,0.6429284798184977,0.3308471008454902
25917,LOF,0.032085831300595724,0.09784076537445875,0.8700734033249455
25918,LOF,0.02572840146836004,0.08869444643453771,0.8855771520971023
25919,LOF,0.025631789521544154,0.08107652604070353,0.8932916844377523
25920,GOF,0.1877965976716827,0.45781580622734624,0.35438759610097115
25921,LOF,0.034907575121120686,0.027220190978194635,0.9378722339006845
25922,LOF,0.046806319155472495,0.015500446155671218,0.9376932346888562
25923,LOF,0.3902429270275922,0.03484025794181245,0.5749168150305952
25924,LOF,0.0504343594873097,0.023084684678896787,0.9264809558337936
25925,LOF,0.0863832592673226,0.04555864192772526,0.8680580988049521
25926,LOF,0.061341745789672476,0.02755111282623945,0.9111071413840881
25927,LOF,0.07306044133486765,0.12036706083023274,0.8065724978348996
25928,LOF,0.025581233842431102,0.019925836192595796,0.9544929299649731
25929,Neutral,0.5073991728065752,0.03273768150146523,0.4598631456919596
25930,LOF,0.08662333175071137,0.019630643468401782,0.8937460247808867
25931,LOF,0.03322664428202026,0.012286012671694099,0.9544873430462857
25932,LOF,0.03510410138663433,0.014726718557122659,0.950169180056243
25933,LOF,0.045952126048665706,0.01164955167348665,0.9423983222778476
25934,LOF,0.03139221710266462,0.01721162668582965,0.9513961562115058
25935,LOF,0.08403154597993118,0.03701768869034608,0.8789507653297228
25936,LOF,0.04868899056864484,0.013042763669397004,0.9382682457619582
25937,LOF,0.03781437640902949,0.023546115360937054,0.9386395082300334
25938,LOF,0.07571173281710321,0.0521121796481188,0.872176087534778
25939,LOF,0.0390504033558141,0.016492055366446032,0.9444575412777398
25940,GOF,0.031084069648105884,0.5682304064152623,0.40068552393663187
25941,LOF,0.2238566158131773,0.02095338861036352,0.7551899955764592
25942,LOF,0.022125374307233547,0.008910624938599536,0.968964000754167
25943,LOF,0.3843990326262531,0.016434947352872608,0.5991660200208743
25944,Neutral,0.5181131799746944,0.010870139273339394,0.4710166807519662
25945,LOF,0.0906892093600417,0.027790598327826425,0.8815201923121319
25946,LOF,0.029453403971661272,0.23553390307614677,0.735012692952192
25947,LOF,0.1279039473820617,0.22709617867120566,0.6449998739467326
25948,LOF,0.3892815484790396,0.009858467792177505,0.6008599837287828
25949,LOF,0.11963090498024855,0.020149541708082357,0.8602195533116691
25950,GOF,0.15966348650204507,0.5135268264081388,0.3268096870898161
25951,LOF,0.23755530188162327,0.1940686140767867,0.5683760840415901
25952,LOF,0.05538361152291326,0.4418648583158513,0.5027515301612354
25953,LOF,0.16831358882122144,0.20999760799855174,0.6216888031802269
25954,Neutral,0.44920689348841564,0.3457617160814838,0.20503139043010055
25955,LOF,0.04951817111283791,0.18207670372527157,0.7684051251618905
25956,LOF,0.21634344365702826,0.060434776571570724,0.723221779771401
25957,LOF,0.05187296389602644,0.023156603345258556,0.924970432758715
25958,LOF,0.07805225103228537,0.026542435050904468,0.8954053139168102
25959,LOF,0.1602490357894092,0.2575234275554706,0.5822275366551203
25960,LOF,0.03825894989446907,0.0535246047736726,0.9082164453318583
25961,LOF,0.07963376506842536,0.04260526095022081,0.8777609739813539
25962,LOF,0.06169751840226726,0.04287333814451969,0.895429143453213
25963,LOF,0.06813547096335514,0.15605967225509831,0.7758048567815466
25964,LOF,0.03154212105858548,0.24847240867928413,0.7199854702621303
25965,Neutral,0.5159756612174968,0.05396530648920521,0.43005903229329795
25966,GOF,0.2534640947171849,0.4249277679199699,0.32160813736284516
25967,LOF,0.012210594995699058,0.230309773505872,0.7574796314984289
25968,LOF,0.08780382866359417,0.39492916339724365,0.5172670079391621
25969,LOF,0.023182092032824085,0.05685893793463114,0.9199589700325448
25970,LOF,0.05019082161636767,0.030370967830402027,0.9194382105532303
25971,LOF,0.08518488008916231,0.02150640498560303,0.8933087149252348
25972,LOF,0.07754855290986017,0.028977670028104613,0.8934737770620352
25973,LOF,0.11252219751965517,0.01320352309009738,0.8742742793902475
25974,LOF,0.3714790246333385,0.02255041797725454,0.605970557389407
25975,LOF,0.05098312545819097,0.04191811859346472,0.9070987559483442
25976,LOF,0.04395763590386932,0.028494689937506822,0.9275476741586237
25977,LOF,0.10255698516003545,0.1571589640567157,0.7402840507832488
25978,LOF,0.16920185280820207,0.12083956588973233,0.7099585813020656
25979,LOF,0.15533664751348805,0.09412748099104797,0.7505358714954641
25980,LOF,0.1876435879699147,0.14765096696995106,0.6647054450601343
25981,LOF,0.1876435879699147,0.14765096696995106,0.6647054450601343
25982,LOF,0.35891699567058,0.09721615813916462,0.5438668461902554
25983,LOF,0.3566595383778533,0.11155237607388555,0.5317880855482612
25984,LOF,0.03211903089781599,0.11902021773399891,0.8488607513681851
25985,LOF,0.023994583800212955,0.3385113897445437,0.6374940264552433
25986,LOF,0.02907677939205192,0.3483004347842322,0.6226227858237159
25987,LOF,0.09261181138731757,0.08997453755560292,0.8174136510570795
25988,LOF,0.056119985965011325,0.1349696094906507,0.808910404544338
25989,LOF,0.021855467088868277,0.18612277919401257,0.792021753717119
25990,LOF,0.029479677069925835,0.1774963076356921,0.7930240152943822
25991,LOF,0.15652622621795653,0.29156873082632745,0.551905042955716
25992,LOF,0.312318931225654,0.24494256716929091,0.44273850160505507
25993,LOF,0.025607808442333832,0.12398901139128633,0.85040318016638
25994,LOF,0.015512339096218216,0.1810719227385795,0.8034157381652023
25995,LOF,0.021875214137154594,0.15390140782369618,0.8242233780391492
25996,GOF,0.09710474450902926,0.48514538830997767,0.4177498671809931
25997,GOF,0.04390286551867389,0.5165122125939144,0.43958492188741166
25998,LOF,0.35993930596408485,0.012609453657307734,0.6274512403786073
25999,LOF,0.14201475723720755,0.38301740273582807,0.47496784002696424
26000,LOF,0.06493304561028458,0.03873015982305393,0.8963367945666615
26001,LOF,0.13293011620519715,0.06312574556465514,0.8039441382301478
26002,LOF,0.08218443154321059,0.06655797308996791,0.8512575953668216
26003,GOF,0.00788367316184807,0.7645412689286214,0.2275750579095306
26004,GOF,0.01941814813545566,0.779897004104173,0.20068484776037143
26005,GOF,0.008693777690602377,0.5711706669329607,0.42013555537643676
26006,Neutral,0.45527427932664943,0.4067561110043424,0.1379696096690082
26007,GOF,0.01354047120909666,0.7377720724816579,0.2486874563092454
26008,GOF,0.011371516364727791,0.7756406589389392,0.21298782469633293
26009,GOF,0.023985701683360207,0.8266984826408281,0.14931581567581162
26010,GOF,0.015807591868095848,0.854227828301603,0.12996457983030113
26011,GOF,0.006869104259907824,0.5264347324559472,0.4666961632841449
26012,GOF,0.011860287372238137,0.6822417328210123,0.3058979798067496
26013,GOF,0.009691462170219956,0.7559073247157246,0.23440121311405543
26014,LOF,0.0500615987006786,0.10401697878165289,0.8459214225176686
26015,LOF,0.1743024101798152,0.007916038785846107,0.8177815510343388
26016,LOF,0.32070093709765807,0.02759923008773005,0.6516998328146119
26017,LOF,0.2101709568657236,0.04949977049894303,0.7403292726353333
26018,LOF,0.07554896466870176,0.020877501923885527,0.9035735334074128
26019,LOF,0.07774377515609815,0.013251679821160867,0.909004545022741
26020,LOF,0.09464616458746115,0.044102034782853544,0.8612518006296853
26021,LOF,0.07416740392360838,0.06052483806406767,0.865307758012324
26022,LOF,0.017175783371470996,0.026460738231471503,0.9563634783970575
26023,LOF,0.15412291258483485,0.016242721985596762,0.8296343654295684
26024,LOF,0.04267681502901612,0.06137006800243871,0.8959531169685451
26025,LOF,0.2642663701996073,0.05110753107184295,0.6846260987285497
26026,Neutral,0.49414901743883166,0.012126557463979087,0.49372442509718917
26027,LOF,0.083491611297787,0.01095916154658434,0.9055492271556286
26028,LOF,0.25493803360375183,0.06051701081799783,0.6845449555782502
26029,LOF,0.13799618058923774,0.14481392678745172,0.7171898926233107
26030,LOF,0.04391224058174072,0.049756023639904653,0.9063317357783546
26031,LOF,0.04034141842065119,0.12740976752605684,0.832248814053292
26032,LOF,0.10073888596175963,0.039063322233983885,0.8601977918042565
26033,LOF,0.2548276737297133,0.05019210969447057,0.6949802165758161
26034,LOF,0.061529703690930235,0.10689139113976612,0.8315789051693037
26035,LOF,0.04830295398557072,0.1157990528002845,0.8358979932141447
26036,LOF,0.06618191542605896,0.10130270542793775,0.8325153791460033
26037,LOF,0.039699760774628015,0.09161330253769656,0.8686869366876754
26038,LOF,0.1011473549129201,0.03698291423920777,0.8618697308478721
26039,LOF,0.0888328183341444,0.11330638304900274,0.7978607986168529
26040,LOF,0.4095177556760894,0.07531752221195925,0.5151647221119513
26041,LOF,0.04096920059309928,0.08804009389206642,0.8709907055148343
26042,LOF,0.03999723191998394,0.07848681342490656,0.8815159546551095
26043,LOF,0.10617580199543533,0.04767403033110758,0.8461501676734571
26044,LOF,0.046534108493877346,0.0670566252412079,0.8864092662649147
26045,LOF,0.10773887797271149,0.09286061177443997,0.7994005102528485
26046,LOF,0.11790980495159165,0.05089006788475698,0.8312001271636513
26047,LOF,0.15138035047892104,0.047608002932904056,0.8010116465881749
26048,LOF,0.0986401057569692,0.04671393552612666,0.8546459587169042
26049,Neutral,0.9370099376668583,0.009837892377433603,0.05315216995570797
26050,Neutral,0.9141404361295558,0.01109383525739532,0.07476572861304874
26051,GOF,0.04956678378997509,0.5317722588140059,0.41866095739601905
26052,GOF,0.04225774946092023,0.5787372744748379,0.3790049760642418
26053,LOF,0.05333335432158191,0.29092797341172894,0.6557386722666892
26054,LOF,0.06544605164383055,0.06881730143893688,0.8657366469172326
26055,LOF,0.07485596891592369,0.07664551009404685,0.8484985209900294
26056,LOF,0.056732351772316246,0.08944045522278184,0.8538271930049021
26057,LOF,0.029132295816572833,0.053541424153476395,0.9173262800299508
26058,LOF,0.029147605510954872,0.04856914625668999,0.9222832482323552
26059,LOF,0.3833388640117062,0.10971816377890545,0.5069429722093884
26060,LOF,0.03426615615321263,0.4277999871653905,0.5379338566813968
26061,LOF,0.023472596307818595,0.09556639989238844,0.8809610037997929
26062,LOF,0.017519180711039136,0.06693939186950998,0.9155414274194509
26063,LOF,0.02523141492354938,0.05338274383249208,0.9213858412439586
26064,LOF,0.028895605971739943,0.06928905524916801,0.9018153387790921
26065,LOF,0.028800525168846337,0.054256027960358735,0.916943446870795
26066,LOF,0.02203337681060173,0.06586129917221598,0.9121053240171823
26067,LOF,0.02398374679808775,0.051553106080565396,0.9244631471213468
26068,LOF,0.05200835049459368,0.09681221080704377,0.8511794386983624
26069,LOF,0.3895253138948623,0.06675972421862605,0.5437149618865117
26070,Neutral,0.6199991970715354,0.040579431565784335,0.3394213713626803
26071,LOF,0.024473932978010263,0.07080124624099705,0.9047248207809926
26072,LOF,0.029280245562582807,0.10308628303564685,0.8676334714017705
26073,LOF,0.0279975949446939,0.046845719645658306,0.9251566854096478
26074,Neutral,0.892984620898657,0.017792855351716996,0.08922252374962601
26075,LOF,0.04376610397401863,0.07026862707272227,0.8859652689532591
26076,LOF,0.03758480344461554,0.042947023034350024,0.9194681735210345
26077,LOF,0.013173686307401103,0.10693894537380405,0.8798873683187949
26078,LOF,0.017166470051794114,0.08024702820337486,0.9025865017448309
26079,LOF,0.050525821288761,0.07796815824517166,0.8715060204660674
26080,LOF,0.050525821288761,0.07796815824517166,0.8715060204660674
26081,LOF,0.03298566943616708,0.04477427560078202,0.922240054963051
26082,LOF,0.02618557530673119,0.04725295809978471,0.9265614665934842
26083,LOF,0.08358047494699686,0.06800542738448202,0.848414097668521
26084,LOF,0.027894214838365263,0.06717878862122219,0.9049269965404126
26085,LOF,0.023391470920744523,0.06057177603463909,0.9160367530446165
26086,LOF,0.02486124537352798,0.06932944376579475,0.9058093108606773
26087,LOF,0.026370164236835546,0.05933572716153449,0.9142941086016301
26088,LOF,0.02735906401113001,0.11100695371275661,0.8616339822761134
26089,LOF,0.04744732542581696,0.062421956210394015,0.890130718363789
26090,LOF,0.04382082015778555,0.0550645269843745,0.90111465285784
26091,LOF,0.04234783957713344,0.0352989265134316,0.922353233909435
26092,LOF,0.028353855950652568,0.046296511067506894,0.9253496329818406
26093,LOF,0.03938908246139013,0.03138884095352841,0.9292220765850815
26094,LOF,0.044890056108292664,0.02680512791554262,0.9283048159761648
26095,LOF,0.05617394595746312,0.07300832753730663,0.8708177265052303
26096,LOF,0.0233818963852621,0.06065736661982377,0.9159607369949142
26097,LOF,0.013756695008657824,0.14229654008496423,0.8439467649063779
26098,LOF,0.06049231312235396,0.060960929635575395,0.8785467572420707
26099,LOF,0.024839035003755734,0.10409742531504146,0.8710635396812028
26100,LOF,0.024839035003755734,0.10409742531504146,0.8710635396812028
26101,LOF,0.058808635081801244,0.08926525386507088,0.8519261110531279
26102,LOF,0.025742664554486705,0.06626499257153884,0.9079923428739745
26103,Neutral,0.798803146090228,0.09834706693442129,0.10284978697535074
26104,LOF,0.045163210273258536,0.1271146292551673,0.8277221604715741
26105,LOF,0.32360190367669256,0.06267345068111528,0.6137246456421922
26106,LOF,0.17088570315702467,0.03236935540285834,0.796744941440117
26107,LOF,0.2592312457987635,0.04290843774296493,0.6978603164582714
26108,LOF,0.1799244169927347,0.04540457913205137,0.7746710038752139
26109,LOF,0.05207621130166834,0.18487082456466175,0.76305296413367
26110,LOF,0.24190734299999753,0.050024164826518606,0.7080684921734839
26111,LOF,0.40155616554375173,0.04398118506731048,0.5544626493889379
26112,LOF,0.040999575364037276,0.038110251606276443,0.9208901730296863
26113,LOF,0.05334604304588526,0.09294559065367346,0.8537083663004412
26114,LOF,0.03507690531567034,0.023068505112076816,0.9418545895722528
26115,LOF,0.16738350490846896,0.049670258738828105,0.782946236352703
26116,LOF,0.09093368808168478,0.041799696959805566,0.8672666149585097
26117,LOF,0.2628513905124799,0.22579603699395925,0.5113525724935608
26118,LOF,0.039776072202224844,0.03802009677244901,0.9222038310253262
26119,LOF,0.026714052553069915,0.12936379502381515,0.843922152423115
26120,LOF,0.03654844835327098,0.05438356197853436,0.9090679896681947
26121,LOF,0.06238999537575286,0.12460066060807533,0.8130093440161719
26122,LOF,0.07774217724814524,0.13200145858434953,0.7902563641675053
