feature0,prediction,LoGoFunc_Neutral,LoGoFunc_GOF,LoGoFunc_LOF
25546,Neutral,0.631635282932555,0.06598730945487596,0.30237740761256915
25547,Neutral,0.49574342112780584,0.12359457092640193,0.3806620079457922
25548,Neutral,0.4957351881142731,0.10214203449127211,0.40212277739445473
25549,LOF,0.4322231818632691,0.10783013884209261,0.4599466792946384
25550,LOF,0.37203643213462506,0.13010049821932018,0.4978630696460548
25551,LOF,0.3007267163137146,0.1449646227192323,0.5543086609670531
25552,LOF,0.2593354112790528,0.14801655968877292,0.5926480290321743
25553,Neutral,0.793036197778594,0.05217450382344597,0.15478929839796002
25554,LOF,0.3003105534036504,0.13906447554166357,0.5606249710546859
25555,LOF,0.25880099122800776,0.133442490151659,0.6077565186203332
25556,Neutral,0.4477144925101674,0.12048350539292405,0.43180200209690855
25557,LOF,0.2540997351407043,0.1376266294855068,0.6082736353737889
25558,LOF,0.310961082532661,0.13163029144693775,0.5574086260204012
25559,LOF,0.2623090958170008,0.10231449804267537,0.6353764061403238
25560,LOF,0.11943247494010371,0.14100292130351313,0.7395646037563831
25561,LOF,0.12927232202481223,0.1835208150859507,0.687206862889237
25562,LOF,0.049230931643458355,0.09668530019755593,0.8540837681589858
25563,LOF,0.014330360539638756,0.1508861288417169,0.8347835106186443
25564,LOF,0.128794286401344,0.1124005618221552,0.7588051517765008
25565,LOF,0.18984677281312465,0.13526765584466954,0.6748855713422057
25566,GOF,0.057081082204523174,0.6807027237423926,0.26221619405308416
25567,LOF,0.0376718752924035,0.1662992670069067,0.7960288577006898
25568,LOF,0.05789905118167784,0.09019051292254869,0.8519104358957735
25569,LOF,0.06083286636522923,0.08207851325891306,0.8570886203758576
25570,LOF,0.02997648688872817,0.12390525929657677,0.8461182538146951
25571,LOF,0.029198912459753805,0.13123895457929216,0.839562132960954
25572,LOF,0.06905718506190472,0.1532114073095634,0.7777314076285319
25573,LOF,0.056587555299241483,0.11861877595267897,0.8247936687480795
25574,LOF,0.05677844987021676,0.2601780377986923,0.6830435123310908
25575,LOF,0.024470960314528813,0.13440295005550507,0.8411260896299662
25576,LOF,0.03032607266047882,0.1817073902332189,0.7879665371063023
25577,LOF,0.033562048322329105,0.1443916507573023,0.8220463009203687
25578,LOF,0.3047813895082144,0.11337926109272782,0.5818393493990578
25579,LOF,0.18950222436610772,0.11095080163360016,0.6995469740002921
25580,LOF,0.022061277935923336,0.09391891327490362,0.884019808789173
25581,LOF,0.04934527340697115,0.08527688724221782,0.8653778393508111
25582,LOF,0.04914443554916878,0.08387737915793153,0.8669781852928997
25583,LOF,0.024836449647730435,0.11690415982131505,0.8582593905309545
25584,Neutral,0.674507020426023,0.17067995780538822,0.15481302176858894
25585,LOF,0.02278461719333945,0.16965650352527978,0.8075588792813808
25586,LOF,0.01807371252457325,0.1025372707120765,0.8793890167633504
25587,LOF,0.018556846416657058,0.08853729433070527,0.8929058592526375
25588,LOF,0.02180203235737872,0.09866307094714763,0.8795348966954737
25589,Neutral,0.49830391682244823,0.2695846723743104,0.2321114108032412
25590,LOF,0.05198214515030749,0.14448949438178546,0.8035283604679071
25591,LOF,0.08743455817859469,0.07319865041865288,0.8393667914027524
25592,LOF,0.05744454640753446,0.18175744558927787,0.7607980080031878
25593,LOF,0.10541986701679985,0.33755137316023015,0.55702875982297
25594,LOF,0.04803344000579736,0.07687439349268407,0.8750921665015186
25595,LOF,0.04535404826861476,0.05390046156697203,0.9007454901644133
25596,LOF,0.1117436912042484,0.025531175155363336,0.8627251336403882
25597,LOF,0.0813496123425479,0.03325616341438698,0.885394224243065
25598,LOF,0.04516505297449466,0.059455035855193086,0.8953799111703123
25599,LOF,0.025063414683444387,0.43030368270235697,0.5446329026141986
25600,GOF,0.19517288780631242,0.4194254651450904,0.38540164704859714
25601,LOF,0.0498782189515022,0.3261487368118136,0.6239730442366841
25602,LOF,0.031201225567670906,0.06555340166131603,0.9032453727710131
25603,LOF,0.0376384055018043,0.04090978663404506,0.9214518078641507
25604,LOF,0.038015069114274866,0.07939573910373783,0.8825891917819872
25605,LOF,0.033080589441450904,0.18841151862173483,0.7785078919368142
25606,LOF,0.41219204549627503,0.1440200248797017,0.44378792962402325
25607,LOF,0.028473356515949944,0.19196767185825842,0.7795589716257916
25608,LOF,0.036147285719260756,0.10892283716657127,0.8549298771141679
25609,GOF,0.12797239360732846,0.5036730524858568,0.36835455390681476
25610,LOF,0.014107470283242643,0.05275873203100463,0.9331337976857527
25611,LOF,0.012514231665366712,0.0626678091074722,0.924817959227161
25612,LOF,0.04646227957755261,0.06298346485277405,0.8905542555696734
25613,LOF,0.045452612468884955,0.06216613258993283,0.8923812549411821
25614,LOF,0.021633762845029943,0.047362201645293416,0.9310040355096766
25615,LOF,0.04580697009198021,0.06502811816277819,0.8891649117452415
25616,LOF,0.04941370168374726,0.05535884731332804,0.8952274510029248
25617,LOF,0.039998057022436556,0.06547385154321228,0.8945280914343511
25618,LOF,0.04232071726165658,0.08088363646484767,0.8767956462734957
25619,LOF,0.012287351461991081,0.06099517402533342,0.9267174745126756
25620,LOF,0.05430572542958896,0.07353725952461097,0.8721570150458001
25621,LOF,0.0618762878984043,0.059649768712568996,0.8784739433890267
25622,LOF,0.06350094473797044,0.06747885942864267,0.8690201958333869
25623,LOF,0.07045036703772972,0.04191157585884555,0.8876380571034248
25624,LOF,0.018238677811740756,0.05098057559869835,0.930780746589561
25625,LOF,0.06227103915630324,0.061093689199574225,0.8766352716441225
25626,LOF,0.049143284184748164,0.05966797033099069,0.8911887454842611
25627,Neutral,0.8877313173896688,0.017100132734977583,0.09516854987535353
25628,LOF,0.1559366095420619,0.047818420830579786,0.7962449696273584
25629,LOF,0.06993953076874575,0.038980920308184695,0.8910795489230695
25630,LOF,0.2557062237241005,0.055807397362853554,0.6884863789130459
25631,Neutral,0.5555930868641644,0.0506362438716222,0.39377066926421345
25632,LOF,0.025589810325914935,0.0722488613415039,0.9021613283325811
25633,LOF,0.2043105537248304,0.042264848070288824,0.7534245982048808
25634,LOF,0.0382899354172962,0.0793424596515794,0.8823676049311244
25635,LOF,0.03851141287263305,0.04010471015374671,0.9213838769736202
25636,LOF,0.036186783107073905,0.4759909340722201,0.487822282820706
25637,GOF,0.06202568662781363,0.49138787493515557,0.4465864384370308
25638,LOF,0.030827455552988513,0.39526763057962233,0.5739049138673891
25639,LOF,0.03290623824522465,0.45401947596872,0.5130742857860553
25640,Neutral,0.8538608790376341,0.09631186379292847,0.04982725716943764
25641,LOF,0.09281181279534631,0.4413941626975689,0.4657940245070846
25642,LOF,0.0625153485108306,0.17346558508680135,0.764019066402368
25643,LOF,0.21629674087800707,0.13563830934071958,0.6480649497812734
25644,LOF,0.013227514280548495,0.4828770003046451,0.5038954854148063
25645,LOF,0.016172291072524977,0.4800135056814387,0.5038142032460363
25646,LOF,0.04343479312137483,0.3196972235673892,0.636867983311236
25647,LOF,0.016260963556602594,0.24244551633896919,0.7412935201044282
25648,LOF,0.019137330153467445,0.2853453916469828,0.6955172781995498
25649,LOF,0.011192680813798211,0.22523386640878895,0.7635734527774128
25650,LOF,0.033813742075971515,0.4428031855223466,0.5233830724016819
25651,LOF,0.011846277937591477,0.28550146001108584,0.7026522620513226
25652,LOF,0.02030396518319226,0.274436363212065,0.7052596716047428
25653,LOF,0.054332993519887754,0.4656506855135416,0.4800163209665706
25654,LOF,0.01312240545513349,0.21289448562142751,0.773983108923439
25655,GOF,0.18125369684629158,0.458763299714165,0.3599830034395435
25656,LOF,0.32360006241732303,0.14665590264328357,0.5297440349393934
25657,LOF,0.04946100453940875,0.1292277443940785,0.8213112510665128
25658,LOF,0.29751225221228245,0.14570471285707012,0.5567830349306474
25659,Neutral,0.43413710195638033,0.14427982314772517,0.4215830748958944
25660,LOF,0.024092755589793322,0.10872724880857829,0.8671799956016284
25661,LOF,0.09599964767996366,0.06428624399210442,0.8397141083279319
25662,LOF,0.03798724844125636,0.03681953424966854,0.9251932173090751
25663,LOF,0.043379870211761644,0.04824020432411995,0.9083799254641184
25664,LOF,0.1291768908746305,0.07235599803391694,0.7984671110914526
25665,LOF,0.05916471473456924,0.029215120250862134,0.9116201650145687
25666,LOF,0.09904181776239286,0.06589153327953112,0.835066648958076
25667,LOF,0.0771197186803494,0.05076539677136748,0.872114884548283
25668,LOF,0.037613791423707445,0.057027777467097376,0.9053584311091952
25669,LOF,0.031623534659367715,0.05625100644428003,0.9121254588963523
25670,LOF,0.1469710468316367,0.06520417840294684,0.7878247747654165
25671,LOF,0.12534550264055022,0.043104132238122025,0.8315503651213277
25672,LOF,0.050347055484126636,0.043089146439500306,0.9065637980763731
25673,LOF,0.08982890898592577,0.053170319615898444,0.8570007713981758
25674,LOF,0.0764954019175261,0.06582840101397401,0.8576761970685
25675,LOF,0.10892380197136209,0.0745253792179321,0.8165508188107058
25676,LOF,0.020231259584110615,0.06133834329789003,0.9184303971179993
25677,LOF,0.024894256250435575,0.07655631890686677,0.8985494248426976
25678,LOF,0.18900643534661388,0.08353091806031741,0.7274626465930688
25679,LOF,0.1244870544223352,0.08094298703813356,0.7945699585395312
25680,LOF,0.0319568883809382,0.12229176389955555,0.8457513477195063
25681,LOF,0.04779471939775853,0.11343480246182396,0.8387704781404175
25682,LOF,0.13771966205766867,0.08724887558501322,0.7750314623573181
25683,LOF,0.12397611837964861,0.08738769604475101,0.7886361855756002
25684,LOF,0.0403733413834061,0.07563763339435997,0.883989025222234
25685,LOF,0.13425022698068267,0.06801905289866972,0.7977307201206476
25686,LOF,0.07861278720968096,0.10936224952104637,0.8120249632692725
25687,LOF,0.12180042618700286,0.11005833191374066,0.7681412418992566
25688,LOF,0.43442953305825016,0.04256017594347705,0.5230102909982728
25689,LOF,0.30032739953037135,0.0489283751202882,0.6507442253493405
25690,LOF,0.33670443577167786,0.03592120528258375,0.6273743589457385
25691,Neutral,0.7008215608391952,0.030230309712252067,0.26894812944855273
25692,LOF,0.3686586332356708,0.013813154888036888,0.6175282118762923
25693,LOF,0.0442166272228007,0.4125297935221685,0.5432535792550308
25694,LOF,0.1155685446782177,0.022344578875300832,0.8620868764464815
25695,LOF,0.12187040710545732,0.017140714938003714,0.860988877956539
25696,LOF,0.12034732808011898,0.012518931971397505,0.8671337399484836
25697,LOF,0.08197652716529294,0.053923954513451125,0.864099518321256
25698,LOF,0.32682139884832845,0.17678684048377336,0.4963917606678983
25699,Neutral,0.5320292161374973,0.029402333355470073,0.4385684505070327
25700,LOF,0.0916455734043683,0.008402819828930026,0.8999516067667017
25701,LOF,0.1984984442261121,0.04447582022983939,0.7570257355440485
25702,GOF,0.165765402938742,0.6268095487938383,0.20742504826741964
25703,LOF,0.017314336798197893,0.1368477167722147,0.8458379464295875
25704,LOF,0.04001088586373657,0.11164693596311487,0.8483421781731486
25705,LOF,0.0423704504705186,0.13862254738343666,0.8190070021460447
25706,LOF,0.12390752264451976,0.4075951692389128,0.4684973081165674
25707,LOF,0.08644785096051631,0.341565862581427,0.5719862864580566
25708,LOF,0.043714670043177625,0.3004631265607174,0.655822203396105
25709,LOF,0.06594782528673136,0.048031696494771035,0.8860204782184976
25710,LOF,0.012300052954897516,0.13757157323385885,0.8501283738112437
25711,LOF,0.021843578957828607,0.09166988313772055,0.8864865379044509
25712,LOF,0.015155395587739977,0.1624861992551426,0.8223584051571174
25713,LOF,0.019464239774565475,0.09131272279878291,0.8892230374266517
25714,LOF,0.07728639726107131,0.0706377486440629,0.8520758540948657
25715,LOF,0.012312818495865924,0.11973004184480743,0.8679571396593266
25716,LOF,0.010628952682689489,0.10080872698578355,0.8885623203315269
25717,LOF,0.014648318546631161,0.07243287054215745,0.9129188109112114
25718,LOF,0.011403406013467895,0.08118411161061996,0.9074124823759121
25719,LOF,0.021759855656699453,0.07351546239198256,0.904724681951318
25720,LOF,0.025249876040850515,0.06750919955175352,0.9072409244073959
25721,LOF,0.013367073757609649,0.1196766418073155,0.8669562844350749
25722,LOF,0.014144845104808505,0.1030004705071382,0.8828546843880533
25723,LOF,0.024635349900116555,0.04887821616504231,0.9264864339348411
25724,LOF,0.03193171914315525,0.07827429578087308,0.8897939850759717
25725,LOF,0.011923063940079739,0.07247308148218067,0.9156038545777396
25726,LOF,0.016048760180056645,0.1017061466298918,0.8822450931900516
25727,LOF,0.012502041645127695,0.07897371427746869,0.9085242440774035
25728,LOF,0.01025335859932223,0.096107237936171,0.8936394034645068
25729,LOF,0.010706543994126193,0.09136076579453845,0.8979326902113354
25730,LOF,0.014125431029872947,0.08983297762740583,0.8960415913427212
25731,LOF,0.020917445135226084,0.0912630881273013,0.8878194667374726
25732,LOF,0.013761723853715485,0.07374340693645813,0.9124948692098264
25733,LOF,0.016959541036279693,0.06487812789645249,0.9181623310672677
25734,LOF,0.010679676679017308,0.10936623669899977,0.8799540866219829
25735,LOF,0.011789451899461761,0.0850897063519665,0.9031208417485719
25736,LOF,0.01300669621424076,0.09829640489200327,0.888696898893756
25737,LOF,0.012571002597707468,0.0872095878885925,0.9002194095137002
25738,LOF,0.01247852398954772,0.1026153651664021,0.8849061108440502
25739,LOF,0.021755651884255593,0.07532145768097798,0.9029228904347665
25740,LOF,0.02965907767096474,0.10475433549360351,0.8655865868354319
25741,LOF,0.016079177327825798,0.10037455627612078,0.8835462663960534
25742,LOF,0.12110946521370941,0.07240642676395165,0.8064841080223389
25743,LOF,0.03755979165713233,0.0593522400663102,0.9030879682765575
25744,Neutral,0.5814415708437467,0.23738938341152022,0.18116904574473297
25745,LOF,0.06365493785302562,0.0838312190815173,0.8525138430654571
25746,LOF,0.03852159355291036,0.11328842200069014,0.8481899844463995
25747,LOF,0.020306782889946213,0.07561809247300799,0.9040751246370458
25748,LOF,0.1164773301201763,0.1217346607579865,0.7617880091218372
25749,LOF,0.025061638541725297,0.10379974309207697,0.8711386183661978
25750,LOF,0.06995416878011869,0.10521912898599461,0.8248267022338867
25751,LOF,0.08656598524380367,0.1195418757678747,0.7938921389883217
25752,GOF,0.1141861123578128,0.6380396468589002,0.24777424078328697
25753,LOF,0.023502343838413237,0.28471049461070413,0.6917871615508825
25754,GOF,0.012743262357874612,0.7971691253029248,0.19008761233920066
25755,LOF,0.026771852577680638,0.3734488434714765,0.5997793039508429
25756,LOF,0.04768603605653503,0.351813899100635,0.6005000648428299
25757,GOF,0.01838202499204839,0.8570488780264064,0.12456909698154517
25758,GOF,0.03231078529270811,0.7927517923406672,0.17493742236662485
25759,GOF,0.01120521078804071,0.6097010820514607,0.3790937071604986
25760,LOF,0.015073209242763891,0.2676987064908829,0.7172280842663532
25761,GOF,0.25921097954114614,0.6520174359686334,0.08877158449022055
25762,LOF,0.04608550224692733,0.2609270072699187,0.6929874904831539
25763,LOF,0.01521647165593445,0.2013852863650475,0.7833982419790182
25764,GOF,0.08451693766776221,0.6303165797359629,0.28516648259627486
25765,GOF,0.03949793122590785,0.7405158388153431,0.21998622995874914
25766,GOF,0.061095322248541216,0.7733983190672489,0.16550635868421001
25767,GOF,0.15026708131482083,0.5806088940142323,0.2691240246709468
25768,LOF,0.10334791951736245,0.06742783669365733,0.8292242437889802
25769,LOF,0.0510981449817854,0.07567525516782382,0.8732265998503908
25770,LOF,0.29942885319838586,0.12512894337867894,0.5754422034229353
25771,LOF,0.04856674563802069,0.057360808603531606,0.8940724457584477
25772,LOF,0.019236113427852936,0.054487214084856433,0.9262766724872907
25773,LOF,0.055235859433568485,0.09296210638038811,0.8518020341860434
25774,LOF,0.02622084865406662,0.11363977935587757,0.8601393719900559
25775,LOF,0.05397696242798252,0.05738259680802345,0.8886404407639942
25776,LOF,0.06930036402572298,0.03396527252371256,0.8967343634505645
25777,LOF,0.3336719693922835,0.08069307872696918,0.5856349518807472
25778,LOF,0.06822592518187114,0.05663246848127027,0.8751416063368586
25779,GOF,0.3825127076524269,0.5645396350279202,0.05294765731965293
25780,GOF,0.3451323521434425,0.5662853654970585,0.08858228235949894
25781,GOF,0.13534767164038036,0.7369305071992859,0.12772182116033376
25782,GOF,0.19089385479982485,0.7036582411572053,0.10544790404296997
25783,GOF,0.024194559584501618,0.5916039257445824,0.384201514670916
25784,Neutral,0.5259612710869662,0.42544453937640014,0.0485941895366336
25785,Neutral,0.5223891109175262,0.42635435583706527,0.05125653324540866
25786,GOF,0.03270528364139461,0.7279296891160576,0.23936502724254782
25787,Neutral,0.6950149245405949,0.2732358666310395,0.03174920882836552
25788,LOF,0.05492675961234286,0.0814295990815707,0.8636436413060865
25789,GOF,0.21853537972307654,0.6236735652750139,0.15779105500190949
25790,GOF,0.22306183288948284,0.6759657714432992,0.100972395667218
25791,GOF,0.15663379229935398,0.6642247290216414,0.1791414786790045
25792,GOF,0.35401793111093965,0.501721549997274,0.14426051889178645
25793,GOF,0.2832973813646942,0.4943318218628164,0.2223707967724895
25794,GOF,0.3043220878579144,0.5106327312550294,0.18504518088705624
25795,GOF,0.08067508888850386,0.6739819667877233,0.24534294432377293
25796,Neutral,0.5362292520177868,0.3729040830782409,0.09086666490397213
25797,GOF,0.08751399036357785,0.5269587971973233,0.3855272124390988
25798,GOF,0.009096574183728622,0.5248201728862987,0.4660832529299727
25799,LOF,0.007382817154708718,0.41128778736296107,0.5813293954823302
25800,GOF,0.03626245097973367,0.5847982344332595,0.3789393145870068
25801,GOF,0.23988179843528346,0.6363802578121924,0.12373794375252406
25802,GOF,0.06594659818400565,0.6664951941814101,0.26755820763458427
25803,GOF,0.0358636298671519,0.5501467249974519,0.41398964513539627
25804,GOF,0.03801442026001838,0.49146287066599603,0.47052270907398563
25805,GOF,0.12233959037163146,0.5686063982624813,0.3090540113658872
25806,GOF,0.1319283774666717,0.5627907404821922,0.305280882051136
25807,GOF,0.022925157189226365,0.6105729551775743,0.3665018876331994
25808,GOF,0.10132591566484607,0.5863577484633284,0.31231633587182545
25809,GOF,0.022254744841720044,0.6121017773114079,0.3656434778468722
25810,GOF,0.021073202390711813,0.605291161597885,0.3736356360114032
25811,GOF,0.45806949293083987,0.46457146064621047,0.07735904642294959
25812,GOF,0.037429177341393935,0.594130858181111,0.368439964477495
25813,Neutral,0.5585083609028981,0.32248391969513546,0.11900771940196639
25814,GOF,0.1382961045083109,0.6053033131425402,0.2564005823491489
25815,GOF,0.21654543422750924,0.5495423237831676,0.2339122419893232
25816,GOF,0.024184126529685476,0.6508664761693322,0.3249493973009824
25817,GOF,0.27772020255887536,0.5685110669140709,0.15376873052705373
25818,GOF,0.054385308270314923,0.540193549322719,0.4054211424069661
25819,GOF,0.3814584966148254,0.4499795666369972,0.16856193674817732
25820,GOF,0.17591504467966773,0.5751638042414513,0.24892115107888094
25821,GOF,0.053018568176361774,0.627583495851772,0.3193979359718663
25822,GOF,0.22062529424228078,0.5041962793474248,0.2751784264102944
25823,LOF,0.030448390093925814,0.48380898740838174,0.48574262249769246
25824,GOF,0.07371841515491084,0.511980067734444,0.4143015171106452
25825,GOF,0.028020951613124304,0.5118632802868724,0.46011576810000326
25826,GOF,0.01087977449976907,0.49965854496100387,0.48946168053922695
25827,GOF,0.02166987761595772,0.5848863954227504,0.3934437269612918
25828,LOF,0.013367032149988347,0.49297873733204545,0.49365423051796636
25829,GOF,0.006092608851764967,0.5298982826981247,0.46400910845011045
25830,LOF,0.03689953359537402,0.29817754254015394,0.664922923864472
25831,GOF,0.18263848891787704,0.6596032031171554,0.1577583079649677
25832,GOF,0.030206752708465786,0.6541503947387448,0.31564285255278934
25833,GOF,0.12433007959590694,0.6582669152851918,0.21740300511890134
25834,GOF,0.036168117922011044,0.6508981243559759,0.3129337577220129
25835,GOF,0.08262035883227462,0.6628486198577173,0.25453102131000815
25836,GOF,0.04020846192363094,0.6206579818685026,0.3391335562078664
25837,GOF,0.0223795890719476,0.541016269208687,0.43660414171936546
25838,GOF,0.07071138947155553,0.7182242691674448,0.21106434136099964
25839,GOF,0.254477450018114,0.569967220849236,0.17555532913265004
25840,GOF,0.2219091490224775,0.5883616044754001,0.1897292465021225
25841,GOF,0.2268284684132972,0.571011178414621,0.20216035317208172
25842,GOF,0.18594850629674983,0.6335738428868001,0.18047765081645012
25843,GOF,0.2202606219149431,0.630102103367885,0.149637274717172
25844,GOF,0.05763606938282843,0.6321960107515397,0.31016791986563186
25845,LOF,0.013677069480705926,0.48840772974999375,0.49791520076930046
25846,GOF,0.11149688093445807,0.6722740026482786,0.21622911641726328
25847,GOF,0.12440971661201668,0.716452950151473,0.15913733323651044
25848,GOF,0.03571150830900731,0.6394425167757694,0.32484597491522327
25849,GOF,0.01048490094315007,0.5331450131977892,0.4563700858590607
25850,GOF,0.0225096781786614,0.622383423668154,0.35510689815318447
25851,GOF,0.017387557822092812,0.5223988390699865,0.46021360310792075
25852,GOF,0.1698791079613017,0.5459713751333062,0.2841495169053921
25853,GOF,0.35301579742833306,0.5557214869412065,0.09126271563046043
25854,GOF,0.020129835777016467,0.6009860512579069,0.3788841129650766
25855,GOF,0.033436946458153004,0.5385698724936228,0.4279931810482243
25856,GOF,0.22378880521329134,0.49927150165952744,0.2769396931271813
25857,LOF,0.03150902504270804,0.46376958020611747,0.5047213947511744
25858,GOF,0.016844618628019142,0.5183391200457719,0.46481626132620896
25859,GOF,0.009782455048735946,0.5089098279470887,0.48130771700417535
25860,GOF,0.38046257932239913,0.5152134807538944,0.10432393992370653
25861,GOF,0.39488098843235103,0.524856618906812,0.08026239266083685
25862,GOF,0.093942490489815,0.7647229871114575,0.1413345223987276
25863,GOF,0.09893252198115027,0.7586744956548878,0.14239298236396203
25864,GOF,0.21993618522468483,0.6993713833818103,0.08069243139350492
25865,GOF,0.09185212060378412,0.7717963822087884,0.13635149718742742
25866,GOF,0.07184910900764532,0.7708330415381147,0.15731784945424
25867,GOF,0.09195731034764162,0.7883753509154363,0.11966733873692194
25868,GOF,0.2721826044239153,0.6093633162638982,0.11845407931218661
25869,Neutral,0.702993261434576,0.24854384208180988,0.04846289648361416
25870,LOF,0.31739452426385334,0.28688924909850383,0.3957162266376428
25871,GOF,0.2190976903250198,0.6192001591020979,0.16170215057288223
25872,GOF,0.08644125822727389,0.6347606625533828,0.2787980792193433
25873,GOF,0.1443943543813478,0.6287454851612954,0.22686016045735682
25874,LOF,0.019273023349878207,0.107361687261476,0.8733652893886458
25875,LOF,0.10590843960905297,0.03833597702503577,0.8557555833659112
25876,LOF,0.03690600008711386,0.03712606796973573,0.9259679319431504
25877,Neutral,0.5337285059439956,0.0386521765079456,0.4276193175480589
25878,LOF,0.22645296296193076,0.06949320363869897,0.7040538333993702
25879,LOF,0.09652372410045074,0.0678825925161734,0.8355936833833759
25880,LOF,0.02393477335038468,0.019870737787343024,0.9561944888622723
25881,LOF,0.18881230976730073,0.10199112353367568,0.7091965666990236
25882,LOF,0.0696605026826627,0.01472250128391369,0.9156169960334235
25883,LOF,0.0868082717485116,0.015500898401036274,0.897690829850452
25884,LOF,0.04022955322670457,0.025409159324645804,0.9343612874486497
25885,LOF,0.06597284432278738,0.00974091637826368,0.924286239298949
25886,LOF,0.336972698823665,0.02638914259535532,0.6366381585809797
25887,LOF,0.17219698969267647,0.058893234335856484,0.7689097759714671
25888,LOF,0.07589845624081797,0.05234247596250727,0.8717590677966748
25889,LOF,0.05328263192483619,0.01795301607386626,0.9287643520012975
25890,LOF,0.04570289911158337,0.1266549387858585,0.8276421621025581
25891,LOF,0.03887726433318099,0.051554892889671036,0.909567842777148
25892,LOF,0.10871926900637646,0.014898473723887603,0.876382257269736
25893,LOF,0.2802652755830185,0.010905945013473386,0.7088287794035081
25894,LOF,0.1898763082406715,0.006332911928401865,0.8037907798309266
25895,LOF,0.20870252085260022,0.013529542171205191,0.7777679369761947
25896,LOF,0.05407058090583655,0.013775641158795085,0.9321537779353682
25897,LOF,0.26536582327924024,0.009182757220526725,0.7254514195002331
25898,Neutral,0.723968351566921,0.00617867531384207,0.2698529731192369
25899,LOF,0.268908018109208,0.01805054745182878,0.7130414344389632
25900,LOF,0.45253413445752505,0.011829561253338694,0.5356363042891363
25901,LOF,0.056812665173245326,0.008150818966610775,0.9350365158601439
25902,LOF,0.1814212962429974,0.007403003068873404,0.8111757006881292
25903,Neutral,0.5305108005589525,0.02105153157001945,0.44843766787102807
25904,LOF,0.3164506110033428,0.02734553438349196,0.6562038546131652
25905,LOF,0.027370409898916665,0.3123869614682846,0.6602426286327988
25906,LOF,0.022082234010037168,0.06345287902962486,0.9144648869603379
25907,LOF,0.015651007832508154,0.3217247462342385,0.6626242459332534
25908,LOF,0.01059699590620215,0.23309404856780186,0.7563089555259959
25909,LOF,0.013469577886351683,0.12397065594154275,0.8625597661721056
25910,LOF,0.048524813626463784,0.12411765015705391,0.8273575362164823
25911,LOF,0.1271326679168889,0.04420202639783309,0.828665305685278
25912,LOF,0.04012925308895729,0.06170950536029803,0.8981612415507447
25913,LOF,0.29188919198858937,0.031369158788774235,0.6767416492226364
25914,LOF,0.02237206409916358,0.11676691772300749,0.860861018177829
25915,Neutral,0.41653188066351815,0.33621841078255654,0.24724970855392528
25916,LOF,0.05536518596714699,0.368896597435796,0.575738216597057
25917,LOF,0.05732036984789123,0.06981625313042746,0.8728633770216814
25918,LOF,0.03185610385276939,0.07119574716453135,0.8969481489826991
25919,LOF,0.024326366986934984,0.07007634297199646,0.9055972900410685
25920,GOF,0.09366602886562019,0.5001738381326712,0.40616013300170856
25921,LOF,0.029626710242541408,0.022375451130246485,0.947997838627212
25922,LOF,0.04268296072740459,0.013939726314573542,0.9433773129580219
25923,LOF,0.44364387108634434,0.016521296500319072,0.5398348324133366
25924,LOF,0.03964192705833319,0.035139309601678895,0.925218763339988
25925,LOF,0.07643178802502455,0.02130727538614328,0.9022609365888322
25926,LOF,0.05261245726727036,0.016516780090077777,0.9308707626426518
25927,LOF,0.08011301342595867,0.06942055710989248,0.8504664294641487
25928,LOF,0.022355892043052366,0.03291428844904426,0.9447298195079035
25929,Neutral,0.5718733193571992,0.018339303863339745,0.40978737677946103
25930,LOF,0.06710218975173614,0.014610775158386649,0.9182870350898772
25931,LOF,0.032975394350500356,0.01754333697135323,0.9494812686781463
25932,LOF,0.03195211708786351,0.01710267676232488,0.9509452061498115
25933,LOF,0.0424039895154487,0.011268336809287745,0.9463276736752635
25934,LOF,0.027983579119617803,0.01302706084816016,0.9589893600322219
25935,LOF,0.06954733331477625,0.024043116050332804,0.9064095506348908
25936,LOF,0.056413280706039376,0.015435590840323362,0.9281511284536372
25937,LOF,0.0286501741873796,0.028361928972033067,0.9429878968405874
25938,LOF,0.06989654242199314,0.028050896802832077,0.9020525607751748
25939,LOF,0.0440430222815842,0.012067507674405328,0.9438894700440106
25940,LOF,0.0292429466621014,0.3447039357879491,0.6260531175499494
25941,LOF,0.17723444065214886,0.08795966930726945,0.7348058900405817
25942,LOF,0.017688095949930958,0.032300192801542914,0.9500117112485261
25943,LOF,0.2821030880827826,0.05691300313247901,0.6609839087847384
25944,Neutral,0.48827728789343655,0.033252865455254486,0.478469846651309
25945,LOF,0.07170267560766266,0.02133232094665249,0.9069650034456848
25946,LOF,0.027708102824760005,0.10491256564822268,0.8673793315270173
25947,LOF,0.11396015978181329,0.19834228063392612,0.6876975595842607
25948,LOF,0.4350181529779418,0.01362685389157052,0.5513549931304876
25949,LOF,0.0947632498280687,0.05933025844018573,0.8459064917317457
25950,GOF,0.29691297156787383,0.42675195458338977,0.2763350738487363
25951,LOF,0.24161005095317817,0.24096935413468223,0.5174205949121397
25952,LOF,0.04361105465934544,0.4285119756697518,0.5278769696709027
25953,LOF,0.13850497505145157,0.12001001803284769,0.7414850069157007
25954,Neutral,0.4031792591312966,0.2228484452830808,0.3739722955856226
25955,LOF,0.06856176774135123,0.08643783072822782,0.845000401530421
25956,LOF,0.1897161724854616,0.08490571622737755,0.7253781112871608
25957,LOF,0.04475135561669988,0.03558957465595473,0.9196590697273453
25958,LOF,0.06488866761358336,0.02734531033250084,0.9077660220539158
25959,LOF,0.06884725085969085,0.3308848165844436,0.6002679325558656
25960,LOF,0.020124794579267642,0.05338058192923105,0.9264946234915012
25961,LOF,0.05252927018591546,0.03165525839820426,0.9158154714158803
25962,LOF,0.050568608889082496,0.0320537936275729,0.9173775974833446
25963,LOF,0.05102024205726675,0.19046889078303153,0.7585108671597017
25964,LOF,0.036436488256407114,0.1394302022976019,0.824133309445991
25965,LOF,0.4091140011332007,0.08219692973330481,0.5086890691334944
25966,LOF,0.4095300248064858,0.1708470984792543,0.41962287671425985
25967,LOF,0.012492658765203675,0.07864870769456155,0.9088586335402347
25968,GOF,0.0361263540618499,0.49983461119999056,0.4640390347381594
25969,LOF,0.026108855359328574,0.06324503323209918,0.9106461114085723
25970,LOF,0.06245600596786211,0.0515944425654371,0.8859495514667008
25971,LOF,0.08287522080082807,0.015132056443867715,0.9019927227553043
25972,LOF,0.08321031484156306,0.021291019557661866,0.8954986656007751
25973,LOF,0.10548133492178943,0.006065357228621802,0.8884533078495888
25974,LOF,0.22621783609735746,0.01431095226368877,0.7594712116389538
25975,LOF,0.060640820424158,0.01985844334202453,0.9195007362338175
25976,LOF,0.05028565549603605,0.01227735304314385,0.93743699146082
25977,LOF,0.14361605779804978,0.09038517007165034,0.7659987721302998
25978,LOF,0.14139633543236962,0.049867770927454855,0.8087358936401756
25979,LOF,0.13855355190119442,0.04955066635121633,0.8118957817475893
25980,LOF,0.19959837193222196,0.06380065060827676,0.7366009774595013
25981,LOF,0.23646567393045154,0.061682131161955436,0.701852194907593
25982,LOF,0.4085273663254881,0.04657783881378106,0.5448947948607309
25983,LOF,0.39016160934963984,0.04743877645169236,0.5623996141986677
25984,LOF,0.053887909824653836,0.059299438536853134,0.8868126516384931
25985,LOF,0.028249092441488027,0.25104442577160113,0.7207064817869108
25986,LOF,0.03833795374770441,0.2533717991050115,0.7082902471472841
25987,LOF,0.08111749055115504,0.07766860233729385,0.8412139071115511
25988,LOF,0.12947915904190743,0.07166838621791201,0.7988524547401806
25989,LOF,0.029043678681213065,0.12178797522616545,0.8491683460926215
25990,LOF,0.03588757702622906,0.1549072046236282,0.8092052183501428
25991,LOF,0.21741476493907427,0.28754358149829196,0.49504165356263385
25992,LOF,0.3687680972824656,0.1736118314675404,0.4576200712499939
25993,LOF,0.023163716952417476,0.09586382450278319,0.8809724585447993
25994,LOF,0.016552011555958472,0.12098660413828913,0.8624613843057525
25995,LOF,0.02517695754055869,0.21396559763011228,0.760857444829329
25996,GOF,0.28857854936304445,0.48833127693635425,0.22309017370060122
25997,GOF,0.10677999062068168,0.5004988612786571,0.3927211481006612
25998,Neutral,0.5314826448774669,0.021146862572624152,0.4473704925499089
25999,LOF,0.14123544060794,0.10036127146916445,0.7584032879228956
26000,LOF,0.17372581448475763,0.02990731251301439,0.796366873002228
26001,LOF,0.1878079889107526,0.034918300842080835,0.7772737102471665
26002,LOF,0.1456626703113979,0.0301793028658204,0.8241580268227817
26003,GOF,0.0112451125987068,0.547682009291358,0.4410728781099352
26004,GOF,0.028790509943480758,0.6299333399790787,0.34127615007744044
26005,LOF,0.00950443645443261,0.4450005669376622,0.5454949966079051
26006,Neutral,0.5346993055038047,0.22016859130693908,0.24513210318925618
26007,LOF,0.023270858900298712,0.4798829445471165,0.49684619655258483
26008,GOF,0.024445426766283734,0.5129202682996034,0.4626343049341128
26009,GOF,0.028484737026845112,0.5564384715673093,0.4150767914058456
26010,GOF,0.030137775199085098,0.5718605552759602,0.39800166952495464
26011,LOF,0.008258919209719228,0.4279758943972946,0.5637651863929861
26012,GOF,0.0189103331962604,0.5116564236971468,0.46943324310659296
26013,GOF,0.02190973686221983,0.5577201956836763,0.4203700674541038
26014,LOF,0.039021995870393004,0.1283174387128705,0.8326605654167365
26015,LOF,0.25750248849855756,0.012629710720881563,0.7298678007805609
26016,LOF,0.23491623050677773,0.05829894328537571,0.7067848262078466
26017,LOF,0.23245459434482835,0.09243703731844494,0.6751083683367267
26018,LOF,0.10511840284644149,0.051194624607265884,0.8436869725462927
26019,LOF,0.10013794387365801,0.0391957949621653,0.8606662611641768
26020,LOF,0.05821333011763511,0.1206921049769168,0.8210945649054481
26021,LOF,0.0483562078782285,0.14603788823821737,0.8056059038835541
26022,LOF,0.011884891569269175,0.05652584938274413,0.9315892590479866
26023,LOF,0.12784638133664067,0.030132294942151618,0.8420213237212076
26024,LOF,0.028374031688759224,0.1461741677651113,0.8254518005461294
26025,LOF,0.15730883536473655,0.12807918112043182,0.7146119835148316
26026,LOF,0.32841248518711413,0.02959802766039571,0.6419894871524902
26027,LOF,0.09524636704898658,0.02327624951601374,0.8814773834349997
26028,LOF,0.14745072411922608,0.08048790179884402,0.7720613740819299
26029,LOF,0.059537788025475845,0.16777376728489626,0.7726884446896278
26030,LOF,0.02465188841547729,0.051542958920702486,0.9238051526638202
26031,LOF,0.027706372356745737,0.13984026005492378,0.8324533675883304
26032,LOF,0.0732038301910147,0.05191792684181162,0.8748782429671736
26033,LOF,0.1342807559978949,0.0580378274580923,0.8076814165440128
26034,LOF,0.043611612215583205,0.14444980795460885,0.8119385798298079
26035,LOF,0.026264013200966472,0.1285008470263742,0.8452351397726593
26036,LOF,0.03840303678888855,0.15525728225175064,0.8063396809593607
26037,LOF,0.022583383037723732,0.11140916684384315,0.8660074501184332
26038,LOF,0.06771444995321188,0.04951196998491659,0.8827735800618716
26039,LOF,0.0540625702025914,0.14012061402173012,0.8058168157756784
26040,LOF,0.21436172537856998,0.1053920049345831,0.680246269686847
26041,LOF,0.023522644657012856,0.10096527434027097,0.8755120810027162
26042,LOF,0.022646558142402743,0.10158541435209208,0.8757680275055052
26043,LOF,0.06526096953900994,0.06101256451387871,0.8737264659471113
26044,LOF,0.020536136553748547,0.06300278941006716,0.9164610740361843
26045,LOF,0.07264557330300606,0.08853436788540917,0.8388200588115848
26046,LOF,0.06841957091334284,0.062184135296615324,0.8693962937900418
26047,LOF,0.0936552361411604,0.06769121304785264,0.8386535508109869
26048,LOF,0.05239205280978908,0.03972424149884092,0.9078837056913701
26049,Neutral,0.9555374727588694,0.0070338334447150675,0.03742869379641549
26050,Neutral,0.9402535400594687,0.008836425239269221,0.05091003470126204
26051,LOF,0.04343495298762764,0.2692806459621673,0.687284401050205
26052,LOF,0.06190005077307042,0.2917989476578129,0.6463010015691167
26053,LOF,0.06272320279903561,0.12547531941856804,0.8118014777823963
26054,LOF,0.06475394041611765,0.019937172745568214,0.9153088868383141
26055,LOF,0.07899701335988805,0.01504945789747346,0.9059535287426386
26056,LOF,0.06382526219711114,0.017296526689724454,0.9188782111131644
26057,LOF,0.033679824540765936,0.010276706912217728,0.9560434685470164
26058,LOF,0.03387191527132945,0.008790346720165975,0.9573377380085045
26059,LOF,0.28786929252050375,0.025360479939617164,0.6867702275398792
26060,LOF,0.026176460613428543,0.1871438324429082,0.7866797069436633
26061,LOF,0.018554519530462183,0.011244094283895585,0.9702013861856422
26062,LOF,0.01164773496709449,0.016882643108832602,0.9714696219240729
26063,LOF,0.023211217573095105,0.011710895009623114,0.9650778874172817
26064,LOF,0.022125622030810848,0.018724462155581805,0.9591499158136073
26065,LOF,0.026688452074935066,0.011417023556325252,0.9618945243687398
26066,LOF,0.021979446954043202,0.010502330914730202,0.9675182221312266
26067,LOF,0.02824032969879458,0.007697117474095191,0.9640625528271102
26068,LOF,0.05075522967630015,0.03244058479256318,0.9168041855311366
26069,LOF,0.27626051431175574,0.017437640354156254,0.7063018453340879
26070,LOF,0.44670379809101507,0.012950922036542791,0.5403452798724422
26071,LOF,0.025781802106607618,0.011693939295692958,0.9625242585976994
26072,LOF,0.022069164936673595,0.016475906291906123,0.9614549287714202
26073,LOF,0.02697325150544395,0.010125154240608992,0.9629015942539472
26074,Neutral,0.9094096993772536,0.0058839311147943045,0.08470636950795223
26075,LOF,0.04703478363882628,0.014729788319209064,0.9382354280419646
26076,LOF,0.045225088788473686,0.008119665983531005,0.9466552452279953
26077,LOF,0.010106852014873553,0.016122486268632646,0.9737706617164938
26078,LOF,0.014641918147847873,0.01058649118495913,0.974771590667193
26079,LOF,0.06333064229009971,0.017680646669437864,0.9189887110404624
26080,LOF,0.06176149503017351,0.017712111377090164,0.9205263935927362
26081,LOF,0.03909411467396014,0.006562907097813639,0.9543429782282262
26082,LOF,0.01776552620638726,0.015858688870943726,0.9663757849226691
26083,LOF,0.14060984998071663,0.012038929191886769,0.8473512208273966
26084,LOF,0.028237825375660674,0.01172807289840907,0.9600341017259302
26085,LOF,0.023686460767805565,0.011188188688602232,0.9651253505435922
26086,LOF,0.025264439947900064,0.010785074673384297,0.9639504853787156
26087,LOF,0.02723154336094074,0.00741941568958813,0.9653490409494712
26088,LOF,0.01627017094296946,0.023643969694143837,0.9600858593628867
26089,LOF,0.04618171307248079,0.022874277493964135,0.9309440094335552
26090,LOF,0.04466127799657608,0.018185592465201923,0.937153129538222
26091,LOF,0.041562613772168654,0.0060167917434796785,0.9524205944843516
26092,LOF,0.028593893488827602,0.008287384207331359,0.9631187223038411
26093,LOF,0.04070236340651554,0.00630647139704196,0.9529911651964424
26094,LOF,0.044056067784735996,0.006879745863374825,0.9490641863518892
26095,LOF,0.04914070987210108,0.014568824515540682,0.9362904656123583
26096,LOF,0.021505716372480624,0.012588640948405842,0.9659056426791136
26097,LOF,0.011457429575295783,0.039519786564344496,0.9490227838603598
26098,LOF,0.0743072531163711,0.011861458363455544,0.9138312885201734
26099,LOF,0.025745412028305433,0.013117833075372742,0.9611367548963218
26100,LOF,0.027747030464315953,0.012070979654348309,0.9601819898813357
26101,LOF,0.06148337954841016,0.01273993748203154,0.9257766829695583
26102,LOF,0.027839093179583916,0.012345340063684665,0.9598155667567313
26103,Neutral,0.8868008679548138,0.01835637029546642,0.09484276174971962
26104,LOF,0.08058826575674183,0.03357084431503743,0.8858408899282206
26105,LOF,0.20107402131220628,0.30082017551121876,0.498105803176575
26106,LOF,0.165410794830244,0.14582446404459407,0.6887647411251618
26107,LOF,0.2415786974375894,0.093000653472904,0.6654206490895066
26108,LOF,0.23455283928451992,0.13566942854525385,0.6297777321702263
26109,LOF,0.09396225684456695,0.10859868243077872,0.7974390607246543
26110,LOF,0.26028272693134774,0.007577279284278147,0.7321399937843741
26111,LOF,0.4607206788469738,0.01850232534990932,0.5207769958031169
26112,LOF,0.03322281065337393,0.0071709914376844736,0.9596061979089415
26113,LOF,0.0536897281753098,0.013694999753850084,0.93261527207084
26114,LOF,0.0289495971289706,0.020273528389690088,0.9507768744813394
26115,LOF,0.08975134154822186,0.04873768827717921,0.8615109701745989
26116,LOF,0.07495936764906481,0.04686773325437154,0.8781728990965637
26117,LOF,0.4024277184037194,0.05755008496231382,0.5400221966339669
26118,LOF,0.035843475196404344,0.029134127407809768,0.9350223973957859
26119,LOF,0.02389513551988201,0.04206509581769396,0.934039768662424
26120,LOF,0.02958227179179712,0.02819064180875166,0.9422270863994512
26121,LOF,0.052091940154046626,0.09225465157803098,0.8556534082679225
26122,LOF,0.04585802032002533,0.04607137009262294,0.9080706095873516
