feature0,prediction,LoGoFunc_Neutral,LoGoFunc_GOF,LoGoFunc_LOF
25546,Neutral,0.6200096737972692,0.048239950481261895,0.33175037572146876
25547,Neutral,0.48593905869878556,0.08610728029232374,0.4279536610088906
25548,Neutral,0.48927201414131505,0.07011300579618299,0.4406149800625019
25549,LOF,0.42729272499302023,0.0710835576629618,0.501623717344018
25550,LOF,0.35383823257442754,0.10328582409802443,0.542875943327548
25551,LOF,0.30447464441922173,0.11332189541993118,0.5822034601608471
25552,LOF,0.2705490553528443,0.1158310786131068,0.613619866034049
25553,Neutral,0.7977242030865797,0.04199799256125727,0.16027780435216318
25554,LOF,0.315071107489576,0.10832254445071635,0.5766063480597077
25555,LOF,0.2702298779996394,0.09818212580216858,0.6315879961981921
25556,LOF,0.4392810249407571,0.09030457021987107,0.47041440483937175
25557,LOF,0.2649547324598097,0.10039714773274595,0.6346481198074443
25558,LOF,0.31380408942606125,0.09920566225563711,0.5869902483183017
25559,LOF,0.23624823960351227,0.13366542880058987,0.6300863315958978
25560,LOF,0.15846549130108578,0.11177661653874398,0.7297578921601702
25561,LOF,0.14849065920862672,0.14056867351648555,0.7109406672748877
25562,LOF,0.06377489092590388,0.07918229725412967,0.8570428118199664
25563,LOF,0.022019255379362106,0.125259063343431,0.8527216812772069
25564,LOF,0.17276157945792353,0.09947944137569922,0.7277589791663772
25565,LOF,0.18671611142987168,0.1510676002365103,0.6622162883336179
25566,GOF,0.07727000220880878,0.6200289780028421,0.3027010197883491
25567,LOF,0.04664557658262716,0.19103957003055003,0.7623148533868229
25568,LOF,0.06181480235925278,0.10460193654510865,0.8335832610956386
25569,LOF,0.05730835548126204,0.10277998509913834,0.8399116594195997
25570,LOF,0.027492010823641506,0.13177686605676062,0.8407311231195979
25571,LOF,0.02758631125085488,0.13877977480626044,0.8336339139428847
25572,LOF,0.06552827908358937,0.1617686317507378,0.7727030891656729
25573,LOF,0.058158548836547,0.12169944539153042,0.8201420057719226
25574,LOF,0.05872966248750475,0.24927621075105458,0.6919941267614408
25575,LOF,0.022066826398457695,0.14918667454529988,0.8287464990562424
25576,LOF,0.02861530088192719,0.20504469898531372,0.7663400001327592
25577,LOF,0.03069666683981446,0.15977280809993719,0.8095305250602483
25578,LOF,0.29038586813141326,0.13352073080849636,0.5760934010600903
25579,LOF,0.18389242730004085,0.12824332049586135,0.6878642522040979
25580,LOF,0.019971054297624302,0.10780667368914261,0.8722222720132331
25581,LOF,0.05186776952954881,0.09927608096455226,0.8488561495058989
25582,LOF,0.05151726458782092,0.097196396681626,0.851286338730553
25583,LOF,0.022850027454459403,0.1192702975843397,0.8578796749612008
25584,Neutral,0.6851849441415573,0.14665322173347844,0.16816183412496427
25585,LOF,0.021090151280186816,0.18971184089958484,0.7891980078202284
25586,LOF,0.017132598942335427,0.1024809937366352,0.8803864073210294
25587,LOF,0.01738222381888098,0.09458642663855155,0.8880313495425675
25588,LOF,0.02106119466930644,0.10202771751662894,0.8769110878140646
25589,Neutral,0.4862227030818199,0.2613808831029116,0.25239641381526845
25590,LOF,0.04967062392805277,0.16146733531677052,0.7888620407551767
25591,LOF,0.09127811205296404,0.08299528079873941,0.8257266071482966
25592,LOF,0.057680007082699415,0.21196204108166988,0.7303579518356308
25593,LOF,0.10562886634803849,0.3221914731129574,0.572179660539004
25594,LOF,0.04814098013473717,0.10033740817849583,0.8515216116867671
25595,LOF,0.046742766419783595,0.06664062296525516,0.8866166106149613
25596,LOF,0.09833821880987763,0.03069438928802737,0.870967391902095
25597,LOF,0.08238833819932781,0.04368269826852532,0.873928963532147
25598,LOF,0.04715071032265499,0.0683572397664642,0.8844920499108808
25599,LOF,0.021190828958643288,0.4098397540611432,0.5689694169802135
25600,GOF,0.1875144540534897,0.43373400916558097,0.3787515367809292
25601,LOF,0.044651127554638716,0.33358313042174936,0.6217657420236119
25602,LOF,0.03486459512146369,0.06614129710476149,0.8989941077737749
25603,LOF,0.038829056262731115,0.03948846550351267,0.9216824782337563
25604,LOF,0.03756414982847749,0.08308119675322205,0.8793546534183004
25605,LOF,0.03362368609388374,0.19340277988700819,0.772973534019108
25606,LOF,0.42031566307848794,0.13019152973992915,0.4494928071815829
25607,LOF,0.030785442553818362,0.17627763581395184,0.7929369216322297
25608,LOF,0.04778027086670054,0.09102897600405398,0.8611907531292455
25609,GOF,0.1515419679709592,0.5134310271504925,0.3350270048785483
25610,LOF,0.014469902954543298,0.045954370671645144,0.9395757263738115
25611,LOF,0.011782860732727411,0.05056521076219559,0.937651928505077
25612,LOF,0.0421017292112495,0.07346262505206372,0.8844356457366868
25613,LOF,0.04278372791281259,0.06787611116007614,0.8893401609271113
25614,LOF,0.019761528322156045,0.04189071105828426,0.9383477606195597
25615,LOF,0.038221266594902915,0.0707149826786645,0.8910637507264326
25616,LOF,0.043613039436308496,0.04404191289654669,0.9123450476671449
25617,LOF,0.037342535282046035,0.055035646244619825,0.9076218184733341
25618,LOF,0.04283273353085089,0.06361847281450686,0.8935487936546422
25619,LOF,0.011295708412640458,0.05835351039257267,0.9303507811947869
25620,LOF,0.05105296712781519,0.06458654403393879,0.8843604888382461
25621,LOF,0.058999535552859805,0.054236362948931194,0.886764101498209
25622,LOF,0.06410921923960071,0.05657090917792466,0.8793198715824746
25623,LOF,0.06608152923178558,0.05256002460213999,0.8813584461660744
25624,LOF,0.016301185979299512,0.05747804028399064,0.9262207737367099
25625,LOF,0.05917585944367866,0.05524927016647754,0.8855748703898437
25626,LOF,0.043832810753245355,0.06734375776798539,0.8888234314787692
25627,Neutral,0.8907039894117743,0.022936282859855047,0.0863597277283706
25628,LOF,0.15371915085244534,0.06611122300638735,0.7801696261411672
25629,LOF,0.060682704676321295,0.05675149446877702,0.8825658008549017
25630,LOF,0.29054129410884755,0.07354242917353525,0.6359162767176172
25631,Neutral,0.5401859562159007,0.07322413322199732,0.38658991056210196
25632,LOF,0.02570873996093274,0.07325892205346553,0.9010323379856017
25633,LOF,0.2145754132173988,0.043794716351607754,0.7416298704309934
25634,LOF,0.03482286013579778,0.08970678986898362,0.8754703499952186
25635,LOF,0.036130748584462656,0.04581491341647903,0.9180543379990583
25636,GOF,0.041333254137663845,0.4871135118975965,0.4715532339647396
25637,GOF,0.06287201580937041,0.49523693756263126,0.4418910466279982
25638,LOF,0.031498909203111616,0.37557992310350863,0.5929211676933798
25639,LOF,0.030385223500465384,0.41122462000002474,0.55839015649951
25640,Neutral,0.837795477275495,0.1175259088767882,0.044678613847716826
25641,GOF,0.0896769555576001,0.45677047772498025,0.45355256671741956
25642,LOF,0.062252546428335186,0.16463546636018034,0.7731119872114844
25643,LOF,0.201320302740602,0.11545771312158448,0.6832219841378134
25644,LOF,0.0262694143393828,0.45698504969175113,0.5167455359688661
25645,LOF,0.028600014075558376,0.41768070776769134,0.5537192781567503
25646,LOF,0.06605780174376535,0.3096784528911552,0.6242637453650794
25647,LOF,0.031774386127868995,0.2511319776313689,0.7170936362407622
25648,LOF,0.03538666358848864,0.2593095433017772,0.7053037931097342
25649,LOF,0.01968011088718385,0.21963051410990636,0.7606893750029098
25650,LOF,0.05338723872127482,0.399880658680837,0.5467321025978882
25651,LOF,0.021752466622628225,0.27760668114583276,0.700640852231539
25652,LOF,0.03803512579943864,0.26526582073363075,0.6966990534669306
25653,LOF,0.09587273417463756,0.4049543969520314,0.49917286887333107
25654,LOF,0.02268486750881117,0.22131277273045605,0.7560023597607328
25655,GOF,0.2370514160317739,0.391845249263739,0.37110333470448714
25656,LOF,0.34379399383846493,0.08602411665038687,0.5701818895111482
25657,LOF,0.061153344541450876,0.08856983454148536,0.8502768209170638
25658,LOF,0.35990814384950465,0.0998003806528542,0.5402914754976411
25659,Neutral,0.5090177256766099,0.11686962372872063,0.3741126505946695
25660,LOF,0.022244341832014247,0.09457901764950168,0.8831766405184841
25661,LOF,0.08982012755434196,0.06203113381281613,0.8481487386328419
25662,LOF,0.034903643005095165,0.036179725557141565,0.9289166314377634
25663,LOF,0.042813993370230854,0.04863939470898677,0.9085466119207825
25664,LOF,0.1393920142562233,0.05940630054122827,0.8012016852025484
25665,LOF,0.05972522590247099,0.028676273633832582,0.9115985004636964
25666,LOF,0.09060635375374836,0.06694685413098388,0.8424467921152677
25667,LOF,0.07641486327408502,0.042153334166412176,0.8814318025595027
25668,LOF,0.03719202739125322,0.05165609083932807,0.9111518817694187
25669,LOF,0.03139879585079763,0.04763876605308966,0.9209624380961127
25670,LOF,0.15536325213235005,0.05219769474509943,0.7924390531225505
25671,LOF,0.12803983014949205,0.03474506298419794,0.8372151068663101
25672,LOF,0.05093197362116792,0.0440850189447676,0.9049830074340645
25673,LOF,0.07622029391983652,0.05107678908423494,0.8727029169959285
25674,LOF,0.06730069031331358,0.061853702120734017,0.8708456075659523
25675,LOF,0.1142698509969742,0.062006557445598576,0.8237235915574271
25676,LOF,0.019163016688204807,0.055012111598893264,0.925824871712902
25677,LOF,0.025736893804086933,0.06900338161701296,0.9052597245789
25678,LOF,0.21158900594136984,0.07485084604588049,0.7135601480127497
25679,LOF,0.11888315253368377,0.07763310410197015,0.803483743364346
25680,LOF,0.03216011054312162,0.11586796672796512,0.8519719227289132
25681,LOF,0.04783450298563949,0.10817583810772623,0.8439896589066342
25682,LOF,0.14000520172302405,0.07315069876880932,0.7868440995081666
25683,LOF,0.11747291062918384,0.08687861266378914,0.7956484767070271
25684,LOF,0.04119746941024749,0.06679666159100472,0.8920058689987477
25685,LOF,0.13503497445600474,0.07450380024897042,0.7904612252950248
25686,LOF,0.09277160557486885,0.10425691878242153,0.8029714756427097
25687,LOF,0.12288922935607867,0.10682325825024293,0.7702875123936783
25688,LOF,0.374021777485142,0.05056650488852359,0.5754117176263344
25689,LOF,0.25321829231415244,0.05347180145019688,0.6933099062356507
25690,LOF,0.3447939186104112,0.041682289992624105,0.6135237913969647
25691,Neutral,0.705379158791379,0.035611863632895355,0.25900897757572566
25692,LOF,0.34210954753335765,0.012784423056962839,0.6451060294096795
25693,LOF,0.04139146941875133,0.4380856666979827,0.5205228638832661
25694,LOF,0.11751174456473076,0.019771094065844742,0.8627171613694244
25695,LOF,0.11776188797336007,0.01723633981746465,0.8650017722091753
25696,LOF,0.1373385457973001,0.012094284033574132,0.8505671701691256
25697,LOF,0.08569591223192402,0.051694249971185546,0.8626098377968904
25698,LOF,0.34814800171431703,0.1592987462267198,0.49255325205896316
25699,Neutral,0.5108783167229464,0.05726586035052961,0.43185582292652397
25700,LOF,0.08521431650592882,0.01159337464797435,0.9031923088460969
25701,LOF,0.17659954438940595,0.0581781013493646,0.7652223542612294
25702,GOF,0.18857333103644502,0.5755624753225418,0.23586419364101327
25703,LOF,0.015532358127041459,0.14855125242607045,0.8359163894468881
25704,LOF,0.038716294678917816,0.10057157090749798,0.8607121344135842
25705,LOF,0.0520519600666878,0.15286947416661917,0.795078565766693
25706,LOF,0.10752098295225015,0.4260229321802792,0.4664560848674708
25707,LOF,0.09110882563502315,0.3839323742650462,0.5249588000999307
25708,LOF,0.03699124324574806,0.33735079983021676,0.6256579569240353
25709,LOF,0.0698022744071562,0.046281119083104956,0.8839166065097389
25710,LOF,0.011829094011999065,0.16211417292308017,0.8260567330649208
25711,LOF,0.022026416518826676,0.07896089957615904,0.8990126839050143
25712,LOF,0.014229036738645237,0.1979243685951446,0.7878465946662101
25713,LOF,0.01870140353351376,0.08181001801006264,0.8994885784564236
25714,LOF,0.08174776198831153,0.07732301072808517,0.8409292272836033
25715,LOF,0.011714271416633322,0.1384312470047427,0.8498544815786239
25716,LOF,0.010727242833965601,0.10999125792517617,0.8792814992408582
25717,LOF,0.01585470590070808,0.07228261418978114,0.9118626799095108
25718,LOF,0.011526170542558473,0.08689239878715008,0.9015814306702914
25719,LOF,0.020041154898924923,0.07574849236811783,0.9042103527329574
25720,LOF,0.024995861084378804,0.06894969475422492,0.9060544441613964
25721,LOF,0.013828960607892567,0.11247071425422772,0.8737003251378797
25722,LOF,0.014846261528709487,0.1223593919652498,0.8627943465060406
25723,LOF,0.02365388089256913,0.050810019680139526,0.9255360994272913
25724,LOF,0.03288595882373992,0.08474407531568483,0.8823699658605753
25725,LOF,0.011429628733064499,0.07748693937384336,0.911083431893092
25726,LOF,0.016425561006537727,0.11158870714024488,0.8719857318532175
25727,LOF,0.012415593822957514,0.08420042069665282,0.9033839854803897
25728,LOF,0.010092553788926855,0.10859481908369426,0.8813126271273788
25729,LOF,0.010324845006986104,0.10902008369505958,0.8806550712979543
25730,LOF,0.014093120549171565,0.09216302256215796,0.8937438568886705
25731,LOF,0.018443493881032075,0.10359340457596215,0.8779631015430058
25732,LOF,0.014195811446154286,0.07527678791121656,0.9105274006426292
25733,LOF,0.01613442514911625,0.07485569411909293,0.9090098807317909
25734,LOF,0.010122092518034047,0.11778199990474661,0.8720959075772194
25735,LOF,0.01210221651227439,0.08126578057055382,0.9066320029171717
25736,LOF,0.013303950654175589,0.09997964945597106,0.8867163998898534
25737,LOF,0.01225828170293901,0.07194356127558582,0.9157981570214753
25738,LOF,0.012165111932271926,0.11017568193150931,0.8776592061362188
25739,LOF,0.021291138481978653,0.0768813772212065,0.9018274842968148
25740,LOF,0.027748520310326496,0.1252120816946189,0.8470393979950547
25741,LOF,0.014494985173775128,0.12380618023649101,0.8616988345897338
25742,LOF,0.1301575438821195,0.08097251701560165,0.7888699391022789
25743,LOF,0.038303465395421996,0.06997265986659952,0.8917238747379785
25744,Neutral,0.5657563246009399,0.26681815389404295,0.1674255215050172
25745,LOF,0.05708124749381568,0.08970021820976445,0.8532185342964198
25746,LOF,0.040050989019031355,0.11505382569885635,0.8448951852821123
25747,LOF,0.017746447536615525,0.08498413230836854,0.897269420155016
25748,LOF,0.1058121679205055,0.13542351344491316,0.7587643186345814
25749,LOF,0.023984127379170415,0.11354027863667321,0.8624755939841563
25750,LOF,0.07057922803124445,0.1083059008206952,0.8211148711480603
25751,LOF,0.0859390289263861,0.1608063438457495,0.7532546272278644
25752,GOF,0.11388801788721346,0.6309976122108832,0.2551143699019033
25753,LOF,0.024832996885099518,0.26648345997966155,0.7086835431352391
25754,GOF,0.013540822305913027,0.7796371307258593,0.2068220469682276
25755,LOF,0.02725246926155586,0.3988515887637123,0.5738959419747318
25756,LOF,0.05394712528061601,0.3633800745504673,0.5826728001689166
25757,GOF,0.018110613823500214,0.8296743293560818,0.1522150568204181
25758,GOF,0.030957783707273385,0.8026290126588954,0.1664132036338313
25759,GOF,0.010869582361173944,0.5902621406329428,0.3988682770058832
25760,LOF,0.013729037781818831,0.28202734369326476,0.7042436185249163
25761,GOF,0.2807542878803771,0.6086583597156183,0.11058735240400454
25762,LOF,0.0536813657829267,0.2712522724630881,0.6750663617539852
25763,LOF,0.015791121464642278,0.2163941916826724,0.7678146868526853
25764,GOF,0.09568190531170759,0.632431056711952,0.2718870379763404
25765,GOF,0.03882085460299993,0.7252727039413632,0.23590644145563683
25766,GOF,0.07691461419603889,0.7356569341307072,0.18742845167325384
25767,GOF,0.13543649554969184,0.570049980713944,0.29451352373636414
25768,LOF,0.10775782575807087,0.0528462655421439,0.8393959086997852
25769,LOF,0.054633923226101305,0.07141571769687072,0.8739503590770279
25770,LOF,0.320914786229407,0.11001677885322819,0.5690684349173648
25771,LOF,0.04874886998863823,0.054959535736798695,0.8962915942745631
25772,LOF,0.018696982979523595,0.05348034915683056,0.9278226678636458
25773,LOF,0.04876140920599396,0.09786748184595502,0.8533711089480511
25774,LOF,0.026537585807094904,0.097040624377929,0.8764217898149761
25775,LOF,0.05412491048791488,0.05237041763781493,0.8935046718742701
25776,LOF,0.07671078701763173,0.03070101294420103,0.8925882000381673
25777,LOF,0.3636827796069591,0.06702081400898348,0.5692964063840574
25778,LOF,0.0718744337751398,0.05059050221476168,0.8775350640100985
25779,GOF,0.38074315194901437,0.5684871208262143,0.050769727224771306
25780,GOF,0.34175927701495024,0.5650746439187201,0.09316607906632984
25781,GOF,0.13887909956419411,0.7382365501296286,0.12288435030617739
25782,GOF,0.21052454941158483,0.6970841458241893,0.0923913047642259
25783,GOF,0.019784777046941524,0.6092657345533912,0.37094948839966735
25784,Neutral,0.4974603092781441,0.45325331805206687,0.04928637266978894
25785,GOF,0.4762574956796266,0.48443658896417785,0.03930591535619549
25786,GOF,0.03049173388725066,0.7616481748144865,0.20786009129826283
25787,Neutral,0.6548830100660269,0.31957922839630104,0.025537761537672062
25788,LOF,0.06145827015649402,0.1007564866296319,0.837785243213874
25789,GOF,0.2414810015545303,0.6024735564321769,0.15604544201329282
25790,GOF,0.20892388098672043,0.6814065805154775,0.10966953849780198
25791,GOF,0.16617102538566403,0.6704476846905802,0.16338128992375578
25792,GOF,0.36052000094862674,0.5110081658661456,0.12847183318522762
25793,GOF,0.26312631359037053,0.5127413820001504,0.22413230440947912
25794,GOF,0.3403338054341021,0.48985627124909004,0.16980992331680783
25795,GOF,0.08536011763619235,0.6685669108082917,0.24607297155551597
25796,Neutral,0.5781769355384299,0.33596058464735384,0.08586247981421631
25797,GOF,0.09832506175104916,0.5112901440300739,0.39038479421887695
25798,GOF,0.009450534755384097,0.5044378677562158,0.4861115974884001
25799,LOF,0.007615755274859059,0.4015434047820551,0.5908408399430859
25800,GOF,0.03606002299925291,0.5908221261070931,0.37311785089365396
25801,GOF,0.24154606437224638,0.6378983100920962,0.12055562553565749
25802,GOF,0.06431650405690637,0.6731711971100948,0.2625122988329989
25803,GOF,0.03861342065901958,0.5608129434562042,0.4005736358847761
25804,GOF,0.034510371315189706,0.4979110539459771,0.4675785747388332
25805,GOF,0.09864647446638636,0.580327325781674,0.32102619975193963
25806,GOF,0.11834832860361265,0.576321046530975,0.3053306248654123
25807,GOF,0.021055997448379986,0.5852221607448376,0.3937218418067823
25808,GOF,0.09087839862428054,0.5931435967065675,0.31597800466915205
25809,GOF,0.021115395682587204,0.5882674274811913,0.39061717683622155
25810,GOF,0.019762768876513945,0.6037123428365746,0.37652488828691144
25811,Neutral,0.472833421514841,0.4464887955520137,0.08067778293314529
25812,GOF,0.036633512036327386,0.5980466993274228,0.36531978863624986
25813,Neutral,0.5377366949911748,0.35074119805455944,0.11152210695426572
25814,GOF,0.13267330136885563,0.6156404933163211,0.2516862053148233
25815,GOF,0.2055696562030514,0.5985812223054227,0.1958491214915259
25816,GOF,0.021526661386772842,0.648949644747286,0.32952369386594127
25817,GOF,0.24941073155147164,0.6039413087701914,0.14664795967833696
25818,GOF,0.052408453339946495,0.5660358564222024,0.381555690237851
25819,GOF,0.3891224244981159,0.44432166834631315,0.16655590715557098
25820,GOF,0.17183438342033203,0.5739480418670706,0.25421757471259737
25821,GOF,0.05685676016657327,0.6320864548313143,0.3110567850021125
25822,GOF,0.21989580582761514,0.5139002187559867,0.2662039754163982
25823,GOF,0.029431330617611565,0.501652802119478,0.46891586726291035
25824,GOF,0.07943993791958165,0.5358126741914171,0.3847473878890012
25825,GOF,0.03106143975106509,0.5377873220675246,0.43115123818141027
25826,GOF,0.010471149616717653,0.5062059525152187,0.48332289786806365
25827,GOF,0.02194086620415464,0.5661074864101894,0.41195164738565604
25828,LOF,0.014210292094959307,0.4829008475604118,0.5028888603446289
25829,GOF,0.0066085740143546215,0.5514775683953135,0.4419138575903319
25830,LOF,0.03807826115875708,0.28442172722522957,0.6775000116160133
25831,GOF,0.2068800689385822,0.6345830369413418,0.15853689412007604
25832,GOF,0.03006281136982904,0.6712140033674044,0.2987231852627665
25833,GOF,0.1221486858231369,0.6837293123764443,0.19412200180041886
25834,GOF,0.03941670892887486,0.663745222367853,0.29683806870327206
25835,GOF,0.0887679289944509,0.6977163301552467,0.21351574085030237
25836,GOF,0.04454609332763005,0.6422800929511814,0.3131738137211886
25837,GOF,0.02634604994740359,0.5398184741475642,0.4338354759050323
25838,GOF,0.09161821899873146,0.7168850344778105,0.19149674652345808
25839,GOF,0.3146414621822044,0.5336341074579747,0.15172443035982086
25840,GOF,0.23783762523459706,0.572149708852907,0.19001266591249605
25841,GOF,0.2595376609327994,0.5672837080291595,0.17317863103804113
25842,GOF,0.19662993101681545,0.6343740619356871,0.16899600704749734
25843,GOF,0.26616666465876715,0.6216727215345091,0.11216061380672361
25844,GOF,0.07276004276258786,0.6820383422086825,0.24520161502872956
25845,LOF,0.015224530167260098,0.46249676308775806,0.5222787067449819
25846,GOF,0.12445199374676419,0.7042176053680421,0.17133040088519352
25847,GOF,0.11839559346411507,0.7474827293735363,0.13412167716234852
25848,GOF,0.04075120439981433,0.6562048062890872,0.3030439893110985
25849,GOF,0.011725756767169807,0.5529621242248381,0.43531211900799194
25850,GOF,0.022045719113656406,0.6212418175002365,0.356712463386107
25851,GOF,0.017213720669393612,0.5252951362333904,0.45749114309721595
25852,GOF,0.16459306391540277,0.550952027548727,0.28445490853587024
25853,GOF,0.39302977447861764,0.5331370911032748,0.07383313441810763
25854,GOF,0.02217614683232723,0.6093978359587486,0.36842601720892426
25855,GOF,0.03676662525352733,0.5674252815002561,0.3958080932462165
25856,GOF,0.24733321122279298,0.5258617969197538,0.22680499185745326
25857,GOF,0.03576288446454774,0.4999484393872335,0.4642886761482187
25858,GOF,0.017435172174529695,0.5320818893674782,0.45048293845799214
25859,GOF,0.00985328333300994,0.5213532675274172,0.468793449139573
25860,GOF,0.36864109409784,0.5438710341343873,0.08748787176777266
25861,GOF,0.4256907141230049,0.4928620897368699,0.08144719614012516
25862,GOF,0.10144746501879467,0.7293302557366949,0.1692222792445106
25863,GOF,0.0994831963399068,0.7383133312523857,0.16220347240770755
25864,GOF,0.19521059541155494,0.7003684974939245,0.10442090709452057
25865,GOF,0.09771615662928775,0.7703497894143974,0.13193405395631486
25866,GOF,0.06852255840921377,0.7797201084343779,0.15175733315640838
25867,GOF,0.08883638711399727,0.7927669804630951,0.11839663242290745
25868,GOF,0.30025288218388374,0.6001724881867971,0.09957462962931912
25869,Neutral,0.6918266868274332,0.2675716445167361,0.04060166865583059
25870,LOF,0.3061933946262588,0.3340862058097939,0.3597203995639474
25871,GOF,0.20797143221794875,0.6174122972571169,0.1746162705249343
25872,GOF,0.07651168109281783,0.6010687562626801,0.3224195626445021
25873,GOF,0.13135506545043257,0.6290872453085616,0.23955768924100576
25874,LOF,0.018946301895196936,0.11446500560802657,0.8665886924967765
25875,LOF,0.10386665072781659,0.04063806691082794,0.8554952823613555
25876,LOF,0.03774925840604862,0.04546105873208594,0.9167896828618654
25877,Neutral,0.537027537456746,0.04196383207232838,0.42100863047092546
25878,LOF,0.24377226096690677,0.0783423873453646,0.6778853516877287
25879,LOF,0.09317621282122593,0.08688340135574477,0.8199403858230294
25880,LOF,0.02295641283473975,0.019169437994789217,0.9578741491704711
25881,LOF,0.19720858081490936,0.10731495696767478,0.6954764622174158
25882,LOF,0.06964102816004179,0.01476637481974614,0.915592597020212
25883,LOF,0.08541931124770262,0.0151117091585977,0.8994689795936996
25884,LOF,0.03900901795839786,0.027427194475988022,0.9335637875656141
25885,LOF,0.07018725302041923,0.010874936189620984,0.9189378107899597
25886,LOF,0.34889253237198686,0.025554911238989033,0.6255525563890241
25887,LOF,0.15320166085194162,0.06189044205931356,0.7849078970887448
25888,LOF,0.07189171809516672,0.05100881894950668,0.8770994629553266
25889,LOF,0.04981328477852238,0.017235149875909128,0.9329515653455686
25890,LOF,0.05015248651766638,0.1254684805410246,0.824379032941309
25891,LOF,0.0433408303478392,0.048100724394556225,0.9085584452576045
25892,LOF,0.10215815950436072,0.020540910796540253,0.8773009296990991
25893,LOF,0.26690954306283554,0.015504260939466847,0.7175861959976977
25894,LOF,0.20151173330495661,0.009022240987342856,0.7894660257077006
25895,LOF,0.20226801039906944,0.018663819662111523,0.779068169938819
25896,LOF,0.05063864051743669,0.021066990060260502,0.9282943694223027
25897,LOF,0.26534560612595726,0.012499807688842,0.7221545861852008
25898,Neutral,0.7065708022906112,0.009080518218064293,0.2843486794913245
25899,LOF,0.24090094816528007,0.02375560946592215,0.7353434423687978
25900,LOF,0.47665268804771416,0.015909036812939016,0.5074382751393468
25901,LOF,0.054145581946323844,0.012131726668123686,0.9337226913855525
25902,LOF,0.17826717056611938,0.012467073362566118,0.8092657560713145
25903,Neutral,0.507189756630099,0.03131351341696758,0.46149672995293334
25904,LOF,0.3025213405733887,0.049442436619580706,0.6480362228070307
25905,LOF,0.02466569565084685,0.2988586293968224,0.6764756749523307
25906,LOF,0.02078697846276257,0.07253859884044095,0.9066744226967965
25907,LOF,0.014602263584146144,0.31529078303357005,0.6701069533822838
25908,LOF,0.010602973145384088,0.2154755752144551,0.7739214516401608
25909,LOF,0.012815988808478444,0.13587676185484826,0.8513072493366732
25910,LOF,0.048335748157911945,0.12531711003188234,0.8263471418102057
25911,LOF,0.1505127140963351,0.031532850780497994,0.817954435123167
25912,LOF,0.041314801994259666,0.051455314143297556,0.9072298838624426
25913,LOF,0.29853825600147915,0.025234137820439602,0.6762276061780812
25914,LOF,0.02046117144025356,0.11893614143958932,0.8606026871201572
25915,Neutral,0.43997804245287053,0.36377539302152145,0.19624656452560796
25916,LOF,0.056983917385100696,0.45205511830290984,0.4909609643119894
25917,LOF,0.06323327362560133,0.08621779839927254,0.8505489279751262
25918,LOF,0.025734828077712903,0.07439176324910442,0.8998734086731827
25919,LOF,0.02173491018096455,0.07557265872123091,0.9026924310978045
25920,GOF,0.09520578492345859,0.525756832847832,0.3790373822287094
25921,LOF,0.0253937526970494,0.031221081273061394,0.9433851660298892
25922,LOF,0.03462455907305326,0.021508643701448633,0.9438667972254982
25923,LOF,0.4016532029341119,0.026410433685601163,0.571936363380287
25924,LOF,0.0350809517581562,0.0439287946239252,0.9209902536179186
25925,LOF,0.06569478625353406,0.03109776363191446,0.9032074501145514
25926,LOF,0.04914665930788867,0.024879004984752588,0.9259743357073587
25927,LOF,0.06823475025518967,0.08469392147162125,0.847071328273189
25928,LOF,0.019506642054060247,0.046515464186152516,0.9339778937597872
25929,Neutral,0.5271583333113037,0.02867467066504388,0.44416699602365245
25930,LOF,0.057151860523018086,0.023477820384588108,0.9193703190923938
25931,LOF,0.026343356320166367,0.02804255643943897,0.9456140872403946
25932,LOF,0.02760056642355532,0.024328971981421692,0.948070461595023
25933,LOF,0.038853809051517946,0.016482918370633162,0.9446632725778489
25934,LOF,0.024525851923657995,0.020627412359767377,0.9548467357165745
25935,LOF,0.05855485758336965,0.03738902202971208,0.9040561203869183
25936,LOF,0.047501078015326756,0.025971949211572885,0.9265269727731005
25937,LOF,0.029658020132798894,0.03259257118650494,0.9377494086806962
25938,LOF,0.06266685211731361,0.03912779164619873,0.8982053562364877
25939,LOF,0.03933720344434304,0.015458800076688204,0.9452039964789688
25940,LOF,0.030777377946287883,0.4020675627665526,0.5671550592871595
25941,LOF,0.20481821345961201,0.07527389095228676,0.7199078955881012
25942,LOF,0.018455242025729714,0.028041244619687364,0.9535035133545829
25943,LOF,0.325429998084774,0.046150987321268044,0.6284190145939579
25944,LOF,0.4872699680834812,0.023236609421350578,0.4894934224951683
25945,LOF,0.07094772016630736,0.02102147240968021,0.9080308074240123
25946,LOF,0.026615329013298432,0.1283977554409366,0.8449869155457649
25947,LOF,0.12152345102745199,0.2412329847714685,0.6372435642010795
25948,LOF,0.42232665644553063,0.011989323576121487,0.5656840199783478
25949,LOF,0.11144253063654647,0.045521338600182266,0.8430361307632712
25950,GOF,0.26621795017048,0.4381479379434059,0.29563411188611416
25951,LOF,0.25045620733856094,0.23470285765782234,0.5148409350036167
25952,LOF,0.04463115486469596,0.476602140547899,0.478766704587405
25953,LOF,0.13564683949092196,0.12123000494778086,0.7431231555612973
25954,Neutral,0.45470113802170953,0.21390844059965247,0.331390421378638
25955,LOF,0.05977613269821775,0.08566688807607731,0.8545569792257048
25956,LOF,0.1716708792787145,0.09666557229282577,0.7316635484284598
25957,LOF,0.03752446090130102,0.033282755463898514,0.9291927836348005
25958,LOF,0.06269086941324496,0.025547001278523447,0.9117621293082315
25959,LOF,0.08408994259530309,0.3271782921541961,0.5887317652505009
25960,LOF,0.02105000138093095,0.04940868509559362,0.9295413135234755
25961,LOF,0.05196613967260479,0.026295257444904532,0.9217386028824907
25962,LOF,0.05571716241544796,0.03185575708773887,0.9124270804968132
25963,LOF,0.048897634754523266,0.1811111340690894,0.7699912311763873
25964,LOF,0.03710685675231797,0.14653003943566592,0.816363103812016
25965,LOF,0.4352241064605771,0.0847029441754242,0.4800729493639987
25966,LOF,0.4349192450988745,0.09621592715784534,0.4688648277432801
25967,LOF,0.012508262369740925,0.06088572322980388,0.9266060144004552
25968,LOF,0.03028142834242107,0.48415640290309303,0.48556216875448593
25969,LOF,0.026795963749528688,0.05701519609305846,0.9161888401574129
25970,LOF,0.062146673588698596,0.05465261601553609,0.8832007103957652
25971,LOF,0.0775607151241203,0.013994038941633518,0.9084452459342462
25972,LOF,0.07780727096030271,0.01822200600617441,0.9039707230335228
25973,LOF,0.09833706581368952,0.0079653835750153,0.8936975506112951
25974,LOF,0.20668659804986625,0.01613399881112185,0.7771794031390119
25975,LOF,0.05590901260639102,0.026918106074133488,0.9171728813194755
25976,LOF,0.04605923167529348,0.012909129628224578,0.9410316386964819
25977,LOF,0.15890753122038973,0.09219774297293197,0.7488947258066783
25978,LOF,0.14006909168960446,0.04960095853328495,0.8103299497771106
25979,LOF,0.129842295283315,0.05232655689386868,0.8178311478228164
25980,LOF,0.18873611331375362,0.07146719203914997,0.7397966946470964
25981,LOF,0.2287694659871043,0.0693626368278542,0.7018678971850415
25982,LOF,0.35367815742536446,0.0456288438167058,0.6006929987579297
25983,LOF,0.36904372832783644,0.04733784385867629,0.5836184278134873
25984,LOF,0.05309240970080299,0.05110849850993795,0.8957990917892591
25985,LOF,0.027892110553147036,0.23544618988097507,0.7366616995658779
25986,LOF,0.04256585930874796,0.261550057693753,0.695884082997499
25987,LOF,0.07736017615806551,0.06823597132973994,0.8544038525121945
25988,LOF,0.1371770866064751,0.056286125900036975,0.8065367874934879
25989,LOF,0.028292058359859124,0.10478114328261576,0.8669267983575252
25990,LOF,0.03620294123529472,0.13796505165211095,0.8258320071125944
25991,LOF,0.18672936042277377,0.2810515335083312,0.5322191060688951
25992,LOF,0.3715668080309445,0.1498489551833074,0.47858423678574813
25993,LOF,0.024139444623711797,0.0636037086675209,0.9122568467087672
25994,LOF,0.01806894885810776,0.09672863135037314,0.885202419791519
25995,LOF,0.0269956946927048,0.17698597885607217,0.796018326451223
25996,GOF,0.32143856869841236,0.42812475656990234,0.25043667473168535
25997,GOF,0.12023157724899285,0.44584072026560856,0.43392770248539864
25998,Neutral,0.5229983985752535,0.024299591554520154,0.45270200987022635
25999,LOF,0.12058999811485756,0.1554496233632428,0.7239603785218997
26000,LOF,0.15661242158038274,0.02870489941694554,0.8146826790026717
26001,LOF,0.18504813897280079,0.03314706724052643,0.7818047937866729
26002,LOF,0.11902554608249524,0.03067268412840863,0.8503017697890962
26003,GOF,0.011715633552621462,0.5473974331251391,0.4408869333222395
26004,GOF,0.02392320978054623,0.6060319469096802,0.3700448433097735
26005,LOF,0.008848803161915702,0.4303996046247805,0.5607515922133037
26006,Neutral,0.5212719680713408,0.2019643859981446,0.27676364593051467
26007,GOF,0.023788334163386958,0.5025309904619722,0.47368067537464076
26008,GOF,0.020263107279763406,0.5558781191756277,0.42385877354460877
26009,GOF,0.022511680187919048,0.5842017464424613,0.3932865733696196
26010,GOF,0.030501592821328163,0.5939591030250602,0.3755393041536117
26011,LOF,0.007783004309182496,0.4120059340212765,0.5802110616695411
26012,GOF,0.01687974834920813,0.5149956707747485,0.46812458087604336
26013,GOF,0.022631450577780515,0.5771440558333629,0.40022449358885653
26014,LOF,0.04068670519248799,0.14010319921829942,0.8192100955892127
26015,LOF,0.21125229645411986,0.008243158853647512,0.7805045446922325
26016,LOF,0.22491875197854314,0.04739632040630315,0.7276849276151537
26017,LOF,0.23227560997641594,0.07187554182299041,0.6958488482005936
26018,LOF,0.10712120651320997,0.033676192765286134,0.8592026007215039
26019,LOF,0.10103162816121176,0.025111148462994604,0.8738572233757936
26020,LOF,0.060692276962741265,0.10747469967543585,0.831833023361823
26021,LOF,0.04706574614048797,0.11763613586108874,0.8352981179984232
26022,LOF,0.0113580528161623,0.039415161655358105,0.9492267855284795
26023,LOF,0.12903521753823596,0.020611766498383817,0.8503530159633802
26024,LOF,0.028781860933560503,0.11532264657805168,0.8558954924883878
26025,LOF,0.16102942760902617,0.09282405828304369,0.7461465141079302
26026,LOF,0.3382908374653835,0.025718431373973026,0.6359907311606435
26027,LOF,0.0956115290065117,0.014979034822288533,0.8894094361711997
26028,LOF,0.16546003520346766,0.07168016112873306,0.7628598036677992
26029,LOF,0.07407703970715193,0.20803826364689607,0.717884696645952
26030,LOF,0.02609325479569837,0.05158580869996214,0.9223209365043396
26031,LOF,0.028688353119692464,0.1513742782235876,0.8199373686567198
26032,LOF,0.06513458262691776,0.05565110960194617,0.8792143077711361
26033,LOF,0.11389045371674553,0.07208823505712808,0.8140213112261264
26034,LOF,0.045367014526774704,0.16533511824832983,0.7892978672248956
26035,LOF,0.026513436254948446,0.1591631495861841,0.8143234141588674
26036,LOF,0.037897827134134816,0.19023720790599488,0.7718649649598702
26037,LOF,0.022616830717207683,0.13108696028492808,0.8462962089978643
26038,LOF,0.060474780112517,0.05860661052946816,0.8809186093580148
26039,LOF,0.056145169795527756,0.16606479983583994,0.7777900303686324
26040,LOF,0.1920301210776892,0.13615125159735944,0.6718186273249513
26041,LOF,0.022045719293225317,0.12164214089827584,0.8563121398084989
26042,LOF,0.022381473407815097,0.11737066604180993,0.8602478605503749
26043,LOF,0.059851007461575255,0.07565911670494117,0.8644898758334836
26044,LOF,0.02099265895946869,0.0707438661877867,0.9082634748527446
26045,LOF,0.07764213203149944,0.10598573088351494,0.8163721370849856
26046,LOF,0.062106382857722506,0.07280120280747157,0.8650924143348059
26047,LOF,0.08610472014828593,0.07737510087587401,0.8365201789758401
26048,LOF,0.05412400894306159,0.04820405895751859,0.8976719320994199
26049,Neutral,0.9591442476627903,0.007880622850057382,0.03297512948715215
26050,Neutral,0.9427167153062638,0.01012064432442246,0.04716264036931371
26051,LOF,0.04130161093974034,0.32573541861970967,0.6329629704405499
26052,LOF,0.05530979661696129,0.37336669316907556,0.5713235102139631
26053,LOF,0.06352793128633145,0.11980443529823805,0.8166676334154306
26054,LOF,0.0582955515778113,0.019629725336393632,0.922074723085795
26055,LOF,0.0760777611383807,0.015695306251667856,0.9082269326099515
26056,LOF,0.06315153829030734,0.017512576081139708,0.919335885628553
26057,LOF,0.03344349856407031,0.011100387573970255,0.9554561138619594
26058,LOF,0.03451982321378487,0.008627775009805792,0.9568524017764093
26059,LOF,0.30283976910768,0.02530484224519293,0.6718553886471271
26060,LOF,0.029460766608786992,0.15831495256095526,0.8122242808302577
26061,LOF,0.017128750086813724,0.010249205674459048,0.9726220442387273
26062,LOF,0.011014746446391908,0.018601595819278675,0.9703836577343294
26063,LOF,0.024270904166817084,0.012560932434005505,0.9631681633991774
26064,LOF,0.024701668359047257,0.01797467458342062,0.957323657057532
26065,LOF,0.02595511551723416,0.011347152339994332,0.9626977321427715
26066,LOF,0.022518904842201266,0.011028446768985907,0.966452648388813
26067,LOF,0.029411943537951152,0.00839489874910201,0.9621931577129469
26068,LOF,0.05038721376531433,0.031025002763774533,0.9185877834709112
26069,LOF,0.26743486508005354,0.020818272760262376,0.7117468621596841
26070,LOF,0.39982844425260616,0.01575610408429154,0.5844154516631023
26071,LOF,0.025524796223039253,0.012593330964690265,0.9618818728122704
26072,LOF,0.022268683225534616,0.01874908337323791,0.9589822334012275
26073,LOF,0.026968520683359615,0.010743452682382323,0.962288026634258
26074,Neutral,0.9165995050684017,0.005378867575446196,0.07802162735615223
26075,LOF,0.0452077717256453,0.015308676913288109,0.9394835513610665
26076,LOF,0.04619299822836555,0.00885845537195003,0.9449485463996845
26077,LOF,0.00868289814013314,0.019262768969938723,0.9720543328899282
26078,LOF,0.013675371678128314,0.010223160558487116,0.9761014677633845
26079,LOF,0.06098531236177589,0.017340931512937634,0.9216737561252865
26080,LOF,0.060000553368352465,0.0173719088733431,0.9226275377583044
26081,LOF,0.04189165301658915,0.005957807422633782,0.952150539560777
26082,LOF,0.01681672233851579,0.014090831498610581,0.9690924461628737
26083,LOF,0.13606501469073734,0.012015883349710408,0.8519191019595521
26084,LOF,0.027685032272405118,0.012032739648260647,0.9602822280793343
26085,LOF,0.023707312641358662,0.011439121406809338,0.964853565951832
26086,LOF,0.02605383087949727,0.011991411851607361,0.9619547572688955
26087,LOF,0.030099395101482265,0.007946590449459154,0.9619540144490585
26088,LOF,0.016025497422791496,0.026670358627591963,0.9573041439496166
26089,LOF,0.04807120897308391,0.02373637039720416,0.928192420629712
26090,LOF,0.04653751568012654,0.01801465965879544,0.935447824661078
26091,LOF,0.043331450580114055,0.005858816606907287,0.9508097328129786
26092,LOF,0.028256191571128415,0.007861730845079394,0.9638820775837922
26093,LOF,0.043295921872711335,0.005595350964061725,0.951108727163227
26094,LOF,0.04645089541010603,0.005963544076805501,0.9475855605130885
26095,LOF,0.0502869120311064,0.012431967533492752,0.9372811204354009
26096,LOF,0.02015540132233152,0.010450854910121595,0.9693937437675468
26097,LOF,0.011689933777872669,0.03296265550582038,0.9553474107163069
26098,LOF,0.06943119436901408,0.011171965699903107,0.9193968399310829
26099,LOF,0.025607824045828287,0.012131478178300957,0.9622606977758709
26100,LOF,0.027856992697498247,0.011718711032331401,0.9604242962701705
26101,LOF,0.059041494247965204,0.011819114908352763,0.929139390843682
26102,LOF,0.027932550210145773,0.013889315276752523,0.9581781345131017
26103,Neutral,0.892449247594778,0.018041901235085343,0.08950885117013678
26104,LOF,0.08391312152477891,0.027853568337972638,0.8882333101372484
26105,LOF,0.2021291407607728,0.2697157280705242,0.528155131168703
26106,LOF,0.22531594960297366,0.10783804025068106,0.6668460101463453
26107,LOF,0.24439508868805532,0.07781359818001017,0.6777913131319344
26108,LOF,0.21555471165248852,0.13456181874463105,0.6498834696028805
26109,LOF,0.09013080430691119,0.08944776797436943,0.8204214277187194
26110,LOF,0.25169497806288693,0.006935427664291552,0.7413695942728216
26111,Neutral,0.49293924549689805,0.01460983999165061,0.49245091451145134
26112,LOF,0.03565461418923957,0.00795758462315218,0.9563878011876082
26113,LOF,0.05570325445554059,0.014759671238142615,0.9295370743063168
26114,LOF,0.031914079817361427,0.0260739268512652,0.9420119933313733
26115,LOF,0.10372732762778838,0.06605754513973323,0.8302151272324785
26116,LOF,0.06805082751290326,0.06049796120403003,0.8714512112830668
26117,LOF,0.42624887833425523,0.059025688066288315,0.5147254335994564
26118,LOF,0.037537135579667834,0.02746482137013767,0.9349980430501945
26119,LOF,0.022468012637480387,0.04434475801375359,0.9331872293487661
26120,LOF,0.030840122407859466,0.02832930432091055,0.9408305732712299
26121,LOF,0.049691336028665836,0.10427166054371789,0.8460370034276162
