feature0,prediction,LoGoFunc_Neutral,LoGoFunc_GOF,LoGoFunc_LOF
25546,Neutral,0.6210303806010903,0.07362952240438404,0.3053400969945257
25547,Neutral,0.5020173232606121,0.11739924580563703,0.3805834309337508
25548,Neutral,0.49310182765177085,0.10477574216828868,0.4021224301799405
25549,LOF,0.43441927099906946,0.10581998968797553,0.459760739312955
25550,LOF,0.35638311717678106,0.14778510774759784,0.495831775075621
25551,LOF,0.2905539476221032,0.164568994965482,0.5448770574124149
25552,LOF,0.2703031001800779,0.16563797723387863,0.5640589225860434
25553,Neutral,0.7865117014793882,0.059900883547500186,0.15358741497311165
25554,LOF,0.3071992611122779,0.15307734237254236,0.5397233965151798
25555,LOF,0.2698363733779359,0.14431130035150325,0.5858523262705608
25556,Neutral,0.44213319078050517,0.13524636499670972,0.422620444222785
25557,LOF,0.26325800062511695,0.14687168204311263,0.5898703173317704
25558,LOF,0.3130641959327276,0.14993425290514217,0.5370015511621302
25559,LOF,0.27062234899797405,0.08090150558541301,0.6484761454166129
25560,LOF,0.1086693721041741,0.15820136806866544,0.7331292598271606
25561,LOF,0.10967107125578761,0.21406393938766044,0.676264989356552
25562,LOF,0.043156535175406165,0.11161161522937295,0.8452318495952209
25563,LOF,0.013898373833503095,0.19364721200555524,0.7924544141609416
25564,LOF,0.09496824775149372,0.1440326827884774,0.7609990694600289
25565,LOF,0.19294812221296254,0.1403448679020626,0.6667070098849749
25566,GOF,0.06145869772831783,0.6262175962926776,0.31232370597900455
25567,LOF,0.034609416601346976,0.16351929434594875,0.8018712890527042
25568,LOF,0.05912088537577193,0.09098498922756905,0.849894125396659
25569,LOF,0.06352783297027538,0.08329107273445162,0.8531810942952731
25570,LOF,0.027149893631550296,0.11339988846397298,0.8594502179044767
25571,LOF,0.024500264321286828,0.11797398584394796,0.8575257498347653
25572,LOF,0.06547030610721782,0.14295054241494728,0.7915791514778349
25573,LOF,0.06401225276980897,0.11756343877975324,0.8184243084504378
25574,LOF,0.061096709006841415,0.26189533387789865,0.6770079571152599
25575,LOF,0.022124890764151726,0.12922359030225372,0.8486515189335946
25576,LOF,0.027301922197896192,0.17703499157913782,0.795663086222966
25577,LOF,0.03242611558009188,0.1446804419169106,0.8228934425029976
25578,LOF,0.2896744877839138,0.11119642066449692,0.5991290915515893
25579,LOF,0.18182056273644906,0.10857380064552796,0.709605636618023
25580,LOF,0.020592430309042464,0.08640311600753851,0.8930044536834191
25581,LOF,0.04744240624827468,0.08935369507694785,0.8632038986747775
25582,LOF,0.047265500546716945,0.08773760325065073,0.8649968962026323
25583,LOF,0.024490387837227044,0.10142896850414597,0.874080643658627
25584,Neutral,0.6974832616522338,0.14585859423927483,0.15665814410849127
25585,LOF,0.021810928051769325,0.17877853346772615,0.7994105384805044
25586,LOF,0.016830864997382303,0.09653123730946243,0.8866378976931553
25587,LOF,0.017415446706148276,0.08085451247259046,0.9017300408212613
25588,LOF,0.02054706187106448,0.08593588284832068,0.8935170552806148
25589,Neutral,0.49534111786183344,0.2750537540895936,0.22960512804857297
25590,LOF,0.04619112782702799,0.1336737435047667,0.8201351286682054
25591,LOF,0.07919352458121942,0.07619074747145552,0.8446157279473251
25592,LOF,0.0539282968199687,0.16214958386320846,0.7839221193168229
25593,LOF,0.10700689788583105,0.3127852780262074,0.5802078240879616
25594,LOF,0.05955436086303024,0.06639188334282342,0.8740537557941462
25595,LOF,0.05837093045913631,0.04056835802355227,0.9010607115173114
25596,LOF,0.12618176838024728,0.026717309184145693,0.847100922435607
25597,LOF,0.0861621301325271,0.02856285612804318,0.8852750137394297
25598,LOF,0.055365196771730046,0.044656832747820924,0.899977970480449
25599,LOF,0.026060004680373377,0.37176670531889877,0.6021732900007278
25600,LOF,0.18722419278055868,0.37636848356221453,0.43640732365722684
25601,LOF,0.04416833176087586,0.3086306379717793,0.6472010302673448
25602,LOF,0.029062765857213017,0.07493854669728664,0.8959986874455003
25603,LOF,0.03661023433314781,0.05931888172821321,0.904070883938639
25604,LOF,0.03733872290307047,0.09853302913383676,0.8641282479630928
25605,LOF,0.028143771506345845,0.18821280557711495,0.7836434229165391
25606,LOF,0.39775986767395316,0.1482172663575473,0.45402286596849944
25607,LOF,0.025200056112008616,0.20463969938258061,0.7701602445054108
25608,LOF,0.03528559712860723,0.11242962746261043,0.8522847754087823
25609,GOF,0.12896809567283218,0.4667291793783763,0.4043027249487915
25610,LOF,0.015663956257402335,0.049089242828285466,0.9352468009143122
25611,LOF,0.013074640315300829,0.058167903585713575,0.9287574560989855
25612,LOF,0.04465119642273192,0.05350217427100092,0.9018466293062671
25613,LOF,0.04287837116104562,0.055456418545659275,0.9016652102932952
25614,LOF,0.02445652932333333,0.04469926605444365,0.9308442046222231
25615,LOF,0.042489810412953716,0.05678345680961646,0.9007267327774299
25616,LOF,0.056564827904881994,0.04999102074950649,0.8934441513456115
25617,LOF,0.04090369797679234,0.05605165166714938,0.9030446503560583
25618,LOF,0.051494292652507406,0.0754616440715458,0.8730440632759467
25619,LOF,0.012534215199486134,0.05882819569609431,0.9286375891044196
25620,LOF,0.054615251447141584,0.062087682930506885,0.8832970656223517
25621,LOF,0.06239651634223799,0.05057223136545833,0.8870312522923037
25622,LOF,0.06314979748752877,0.059959292829409296,0.8768909096830618
25623,LOF,0.06269529084478212,0.03846574552432201,0.8988389636308958
25624,LOF,0.020230451483637366,0.053162162386788565,0.926607386129574
25625,LOF,0.059316431111837535,0.05447130447132616,0.8862122644168362
25626,LOF,0.04284532925814548,0.05029119591546475,0.9068634748263898
25627,Neutral,0.8901724597372015,0.02021377308697719,0.0896137671758212
25628,LOF,0.1600106246589291,0.05321314220887442,0.7867762331321964
25629,LOF,0.06824783616327867,0.04678570080839649,0.8849664630283248
25630,LOF,0.2928716447191796,0.06386498062311789,0.6432633746577024
25631,Neutral,0.5535825940885873,0.05795655465611253,0.3884608512553001
25632,LOF,0.02943874459652672,0.0655929279667985,0.9049683274366748
25633,LOF,0.2177590166724645,0.03947425822320532,0.7427667251043303
25634,LOF,0.04404298019560437,0.07993119730135115,0.8760258225030445
25635,LOF,0.03900446314973037,0.03689000355580729,0.9241055332944624
25636,GOF,0.03721214031335774,0.5096390203000828,0.4531488393865596
25637,GOF,0.04927322374466642,0.5302183464137855,0.42050842984154796
25638,LOF,0.03495289797211048,0.44106587107020007,0.5239812309576894
25639,LOF,0.03266865489165683,0.4750302666132389,0.49230107849510435
25640,Neutral,0.8559232776416628,0.08713423479771623,0.056942487560620904
25641,LOF,0.07971001987125285,0.41399305888620425,0.5062969212425429
25642,LOF,0.06742071997520897,0.17191410237490495,0.7606651776498862
25643,LOF,0.20944533012266117,0.15944672693837889,0.63110794293896
25644,GOF,0.010194633037979624,0.6093489003983581,0.3804564665636623
25645,GOF,0.012510722778872954,0.5940743366028006,0.39341494061832644
25646,LOF,0.03939311922956699,0.38889459330305803,0.571712287467375
25647,LOF,0.012545417132981062,0.32099951157635015,0.6664550712906687
25648,LOF,0.013569512865037086,0.39322639451589725,0.5932040926190657
25649,LOF,0.007928163606434885,0.3123732600497172,0.6796985763438479
25650,GOF,0.022756529747743556,0.5793240322339861,0.3979194380182703
25651,LOF,0.008449342967831964,0.399023243567981,0.592527413464187
25652,LOF,0.014055752241598194,0.3980984932597078,0.587845754498694
25653,GOF,0.04333123963887244,0.5804645743138469,0.3762041860472807
25654,LOF,0.009849021695531287,0.27905896361956134,0.7110920146849073
25655,GOF,0.11355778047550467,0.604686158968099,0.2817560605563963
25656,LOF,0.3390036491890019,0.11730467072059901,0.5436916800903991
25657,LOF,0.05261630820203836,0.11577803774444247,0.8316056540535193
25658,LOF,0.3314274007913134,0.13896784327232292,0.5296047559363637
25659,Neutral,0.4434810271019574,0.1424407467664865,0.41407822613155615
25660,LOF,0.023139110932859832,0.11128927376693899,0.8655716153002011
25661,LOF,0.08507806495920042,0.0660816127443965,0.8488403222964032
25662,LOF,0.033535379806564174,0.03362279138156587,0.93284182881187
25663,LOF,0.03850431610561319,0.04051512918595028,0.9209805547084366
25664,LOF,0.1358601557197326,0.07054856071891445,0.793591283561353
25665,LOF,0.06454931229181701,0.03047793265775676,0.9049727550504262
25666,LOF,0.10023555996306568,0.07143123964410934,0.828333200392825
25667,LOF,0.07346571504558287,0.050745081772906715,0.8757892031815104
25668,LOF,0.0374264204834363,0.05666335365356941,0.9059102258629944
25669,LOF,0.030268021924321112,0.055771742342705634,0.9139602357329732
25670,LOF,0.1339478069345987,0.0603312872521487,0.8057209058132526
25671,LOF,0.10550313150130368,0.040284409879222285,0.854212458619474
25672,LOF,0.055092026032958354,0.04667588001778144,0.8982320939492602
25673,LOF,0.08742202640778635,0.049231102405223943,0.8633468711869897
25674,LOF,0.073775380734603,0.06268871276091328,0.8635359065044838
25675,LOF,0.11372112439904923,0.07321138595227478,0.8130674896486759
25676,LOF,0.017938992147843662,0.056344921765897414,0.9257160860862589
25677,LOF,0.022868071153674754,0.07392498907696639,0.9032069397693588
25678,LOF,0.18941690427279104,0.08493132914903175,0.7256517665781772
25679,LOF,0.12618720988636734,0.0822866025676671,0.7915261875459656
25680,LOF,0.03034542938276324,0.12399981727053293,0.8456547533467038
25681,LOF,0.04507861887591407,0.11694623570289717,0.8379751454211888
25682,LOF,0.12887660374341775,0.08655536834484255,0.7845680279117397
25683,LOF,0.11480474071503412,0.08995683317073168,0.7952384261142341
25684,LOF,0.03815088726201097,0.07011544599280416,0.891733666745185
25685,LOF,0.1055197507171755,0.07545752389143393,0.8190227253913906
25686,LOF,0.07376702218732907,0.11015381051058029,0.8160791673020906
25687,LOF,0.13195123302052716,0.11283771921357459,0.7552110477658982
25688,LOF,0.4363136215227565,0.03727864288609528,0.5264077355911483
25689,LOF,0.31439532457003905,0.04120085208895192,0.6444038233410091
25690,LOF,0.34225721012899907,0.027086899715649832,0.6306558901553512
25691,Neutral,0.722083202495421,0.02497781729962495,0.25293898020495403
25692,LOF,0.3825629118870454,0.010146532060496436,0.6072905560524582
25693,LOF,0.036086089105287086,0.41695671233595627,0.5469571985587567
25694,LOF,0.11928855935778922,0.023486931735900145,0.8572245089063105
25695,LOF,0.1124157883698769,0.01669466173825835,0.8708895498918648
25696,LOF,0.1404106983923518,0.015100829084690681,0.8444884725229576
25697,LOF,0.069358664338387,0.11198180942944563,0.8186595262321674
25698,LOF,0.3068806439614734,0.17959274531457076,0.5135266107239558
25699,LOF,0.4552882735601549,0.03661733919190321,0.5080943872479419
25700,LOF,0.08202575034200323,0.011928209493727273,0.9060460401642696
25701,LOF,0.19237413617244467,0.04981706521109117,0.7578087986164642
25702,GOF,0.19658305739560233,0.6131155755395388,0.19030136706485878
25703,LOF,0.019243522509110905,0.15424843699369048,0.8265080404971986
25704,LOF,0.039319002720959784,0.14273922672714848,0.8179417705518919
25705,LOF,0.03705710586343321,0.10055167480321525,0.8623912193333515
25706,LOF,0.14907253970120143,0.31525900433233445,0.5356684559664641
25707,LOF,0.08985207048341169,0.2522545928128233,0.657893336703765
25708,LOF,0.04998321462477581,0.23961545471074902,0.7104013306644752
25709,LOF,0.06357438501080412,0.029289878235112834,0.907135736754083
25710,LOF,0.013202947598100714,0.10616799378054656,0.8806290586213528
25711,LOF,0.020146597439486786,0.06607930276972786,0.9137740997907853
25712,LOF,0.01639309439164146,0.13900881765181627,0.8445980879565422
25713,LOF,0.017878769360869885,0.06932741401347696,0.9127938166256532
25714,LOF,0.07306699852851227,0.049323210059574955,0.8776097914119128
25715,LOF,0.01143279851248433,0.10015214771811956,0.8884150537693961
25716,LOF,0.012868848799199957,0.08231414195617016,0.9048170092446298
25717,LOF,0.015937709811482143,0.06444346564634135,0.9196188245421766
25718,LOF,0.010890121772407998,0.05617355474859584,0.9329363234789962
25719,LOF,0.02118259362072053,0.054256190884655046,0.9245612154946244
25720,LOF,0.024871284059882214,0.04565196438839745,0.9294767515517204
25721,LOF,0.013261778495468435,0.07991969118597621,0.9068185303185553
25722,LOF,0.013763961297344633,0.06966588856454468,0.9165701501381107
25723,LOF,0.02550038613551008,0.03074245449492285,0.9437571593695671
25724,LOF,0.03407729186407379,0.0557560710677235,0.9101666370682027
25725,LOF,0.011532122089218933,0.05187303615403058,0.9365948417567506
25726,LOF,0.01555880512407443,0.06937026947718788,0.9150709253987378
25727,LOF,0.012655873758476838,0.05148359431573476,0.9358605319257883
25728,LOF,0.009989422876071893,0.06996455081477744,0.9200460263091507
25729,LOF,0.01029709376120286,0.06899560475775149,0.9207073014810457
25730,LOF,0.013592105567664886,0.06777596434135721,0.9186319300909779
25731,LOF,0.02162126805365316,0.07472895444041389,0.903649777505933
25732,LOF,0.013732541650856502,0.045855578020662764,0.9404118803284807
25733,LOF,0.017281568461471466,0.04849725860972385,0.9342211729288047
25734,LOF,0.01308229236269909,0.09393868924633458,0.8929790183909663
25735,LOF,0.011430684012128522,0.05824112554471414,0.9303281904431573
25736,LOF,0.012511313313116406,0.07227055657516364,0.9152181301117199
25737,LOF,0.011610999023219742,0.07014510845507566,0.9182438925217046
25738,LOF,0.011350762819883526,0.07594809143939985,0.9127011457407166
25739,LOF,0.020699106124725072,0.055964067510265635,0.9233368263650092
25740,LOF,0.025411179213384916,0.09124401594626724,0.8833448048403478
25741,LOF,0.014968297823028186,0.08640696188067562,0.8986247402962961
25742,LOF,0.10875129317598187,0.05927559763901058,0.8319731091850076
25743,LOF,0.036897162895985866,0.06269308989140528,0.9004097472126088
25744,Neutral,0.5766962571438846,0.26636385934337703,0.15693988351273835
25745,LOF,0.05863100536870965,0.0860906445219677,0.8552783501093225
25746,LOF,0.04090898946159554,0.11609959485701996,0.8429914156813845
25747,LOF,0.022848443502257402,0.09622448800126923,0.8809270684964733
25748,LOF,0.12166996342100586,0.161203876146728,0.7171261604322661
25749,LOF,0.026747278677417392,0.10773107991482783,0.8655216414077547
25750,LOF,0.06594265445436744,0.11417521963291717,0.8198821259127154
25751,LOF,0.08800162749060662,0.17160968087388884,0.7403886916355045
25752,GOF,0.10961457331744279,0.6368050813326231,0.2535803453499341
25753,LOF,0.025768018817412457,0.31860087535301423,0.6556311058295732
25754,GOF,0.013898949299120547,0.7975018378520381,0.1885992128488415
25755,LOF,0.027397470432956206,0.3727083100703141,0.5998942194967297
25756,LOF,0.04844009285145578,0.36505313439190656,0.5865067727566377
25757,GOF,0.01964921177103723,0.8658995553730513,0.11445123285591155
25758,GOF,0.02917897958616481,0.8023409014270819,0.1684801189867532
25759,GOF,0.011015282331549928,0.6171739043199433,0.3718108133485066
25760,LOF,0.017069148588955786,0.3091814678916135,0.6737493835194307
25761,GOF,0.2721420604293395,0.6401525187063599,0.0877054208643007
25762,LOF,0.04409723197261176,0.29917037277190217,0.6567323952554861
25763,LOF,0.015600263675030528,0.2179028110623869,0.7664969252625826
25764,GOF,0.07723235974219182,0.650334756087368,0.2724328841704402
25765,GOF,0.031963575946407065,0.7741910205709953,0.19384540348259774
25766,GOF,0.06438365231600823,0.787978575183213,0.14763777250077864
25767,GOF,0.14838569848372912,0.5611343281548213,0.2904799733614496
25768,LOF,0.09969485163903692,0.06290245592563927,0.8374026924353237
25769,LOF,0.045208579183114904,0.08005879382252964,0.8747326269943555
25770,LOF,0.3125328294517143,0.10286351528494225,0.5846036552633435
25771,LOF,0.05141697428655242,0.06629994941223535,0.8822830763012122
25772,LOF,0.017031737480103535,0.05838640569231148,0.924581856827585
25773,LOF,0.0513200857325265,0.09152091343249687,0.8571590008349766
25774,LOF,0.028252209063821726,0.11917572303909096,0.8525720678970874
25775,LOF,0.05792831634723415,0.06262316479867644,0.8794485188540894
25776,LOF,0.061724998310405,0.034707171877318,0.903567829812277
25777,LOF,0.31016841016503266,0.0854369510080787,0.6043946388268887
25778,LOF,0.0627634409129772,0.05354815448541092,0.8836884046016119
25779,GOF,0.4014350532617441,0.5433756631611006,0.05518928357715526
25780,GOF,0.3365062623878278,0.5830026550371649,0.08049108257500742
25781,GOF,0.12478897275785855,0.7654642238803818,0.1097468033617596
25782,GOF,0.19339163529248904,0.7220148607156395,0.08459350399187161
25783,GOF,0.021698503048223208,0.6246181499207902,0.3536833470309867
25784,Neutral,0.527465783419948,0.4303238399472023,0.04221037663284976
25785,Neutral,0.5252404623859006,0.42947612176788263,0.04528341584621677
25786,GOF,0.031878406239791324,0.7532970638162315,0.21482452994397716
25787,Neutral,0.6974610554962868,0.27241935160617897,0.030119592897534214
25788,LOF,0.06583800776473957,0.06999505090295018,0.8641669413323102
25789,GOF,0.21005649683739336,0.6288899224885018,0.16105358067410472
25790,GOF,0.23707053708672926,0.6653008423950694,0.09762862051820143
25791,GOF,0.1505526070784242,0.6786781804489838,0.17076921247259197
25792,GOF,0.35833067375662925,0.5109154141470368,0.13075391209633397
25793,GOF,0.2684449205975295,0.47268721226196314,0.25886786714050736
25794,GOF,0.315769533592732,0.47040320151488996,0.21382726489237808
25795,GOF,0.07065400639387509,0.6671057829541356,0.26224021065198927
25796,Neutral,0.5348230331674395,0.376701340827436,0.08847562600512447
25797,GOF,0.0901147864539537,0.5293190710135398,0.3805661425325065
25798,LOF,0.009986828512200724,0.486743229146172,0.5032699423416273
25799,LOF,0.007630615033351304,0.39753644366481883,0.5948329413018298
25800,GOF,0.039271758755626975,0.5700915777777539,0.3906366634666191
25801,GOF,0.24294949447684938,0.6461435009461117,0.11090700457703892
25802,GOF,0.06636605343482403,0.6786069479782825,0.2550269985868935
25803,GOF,0.04070449636960638,0.5687519784579862,0.3905435251724075
25804,GOF,0.03513897691584082,0.4890686559425298,0.4757923671416295
25805,GOF,0.13193083962700916,0.5612790888328504,0.3067900715401405
25806,GOF,0.13480039827416646,0.5914031180122427,0.2737964837135908
25807,GOF,0.023843724609362023,0.6289535446958302,0.34720273069480784
25808,GOF,0.1140471810260078,0.6019072833338204,0.2840455356401718
25809,GOF,0.020426837598704378,0.6160392559385783,0.36353390646271727
25810,GOF,0.019210397480587393,0.6219593916161642,0.3588302109032483
25811,Neutral,0.5277477371844987,0.40080967614803914,0.07144258666746199
25812,GOF,0.04150746488659474,0.611068999203084,0.3474235359103212
25813,Neutral,0.5720272634523315,0.31370810366279417,0.11426463288487432
25814,GOF,0.14518642961768546,0.6383473647848191,0.21646620559749527
25815,GOF,0.24138317469950996,0.5541904114340391,0.20442641386645102
25816,GOF,0.023714280099365437,0.6577123392389265,0.31857338066170815
25817,GOF,0.2853020918435385,0.5781692328163112,0.1365286753401503
25818,GOF,0.05259738364854218,0.5548816072371957,0.39252100911426213
25819,GOF,0.3998019763357609,0.4280806017188472,0.1721174219453919
25820,GOF,0.20539626746944772,0.5733876093511686,0.22121612317938372
25821,GOF,0.06454274905837522,0.6604886043370272,0.27496864660459763
25822,GOF,0.21602676188832995,0.5313514903635245,0.25262174774814566
25823,LOF,0.03431284585657505,0.47835143078504255,0.4873357233583823
25824,GOF,0.08654551335712943,0.5319996078253664,0.38145487881750423
25825,GOF,0.03380598775580545,0.541761954180505,0.42443205806368955
25826,GOF,0.013142721447444123,0.506293785061289,0.4805634934912669
25827,GOF,0.025994685912781184,0.5742927612249734,0.3997125528622453
25828,LOF,0.016169245110610603,0.4779282908327574,0.505902464056632
25829,GOF,0.0068798021937743065,0.5314374750011572,0.46168272280506845
25830,LOF,0.05019034745909116,0.2506139552589565,0.6991956972819524
25831,GOF,0.18982697202451645,0.6719841469127513,0.13818888106273214
25832,GOF,0.03605968612579918,0.6472738064189717,0.3166665074552291
25833,GOF,0.14546946918957734,0.6522116669301025,0.20231886388032022
25834,GOF,0.04274449435449783,0.6472505804799165,0.3100049251655858
25835,GOF,0.09656040980441766,0.6696819001128524,0.23375769008272992
25836,GOF,0.05571839043321387,0.61776741873853,0.3265141908282561
25837,LOF,0.02332956289433245,0.48782406155165475,0.4888463755540127
25838,GOF,0.08899633701557945,0.6975208903080045,0.21348277267641613
25839,GOF,0.3213016943653226,0.5244968800041954,0.1542014256304821
25840,GOF,0.24759804450828915,0.5524821829742754,0.1999197725174355
25841,GOF,0.2595355000515935,0.5419009334677135,0.19856356648069295
25842,GOF,0.19792238962536865,0.6134921756480443,0.1885854347265871
25843,GOF,0.23031009850659984,0.6183907345940869,0.1512991668993133
25844,GOF,0.06776817202557366,0.6269358305074846,0.3052959974669417
25845,LOF,0.013695200581739878,0.44288467133223297,0.5434201280860272
25846,GOF,0.11550440865934451,0.7069528546069713,0.17754273673368404
25847,GOF,0.13713549707727316,0.6964222296200395,0.1664422733026874
25848,GOF,0.03401871518947148,0.626277782863481,0.33970350194704757
25849,GOF,0.009729722576865097,0.5120584245608613,0.4782118528622737
25850,GOF,0.026691016510693742,0.6340294907842943,0.33927949270501206
25851,GOF,0.017986864439035525,0.5176391279163433,0.46437400764462117
25852,GOF,0.17304556789339892,0.5516453503151239,0.27530908179147723
25853,GOF,0.3635497250283745,0.5517534032718413,0.08469687169978408
25854,GOF,0.020466132813593302,0.5686911196237886,0.41084274756261796
25855,GOF,0.03831788060879284,0.5662545320784875,0.3954275873127197
25856,GOF,0.24762413031443922,0.501606009194444,0.2507698604911168
25857,LOF,0.03557783015599182,0.46348881703580486,0.5009333528082034
25858,GOF,0.019114943895001638,0.523727434933334,0.4571576211716644
25859,GOF,0.010631061127031764,0.5006850607712312,0.4886838781017371
25860,GOF,0.3909874194578144,0.5151096011656736,0.09390297937651212
25861,GOF,0.4152259320810428,0.5038781415590098,0.0808959263599474
25862,GOF,0.09523288687302137,0.7507350370253915,0.15403207610158712
25863,GOF,0.10262152002504006,0.7542214174958191,0.14315706247914092
25864,GOF,0.20982377996545334,0.7054017222487586,0.08477449778578801
25865,GOF,0.0936432130683082,0.7682735071417632,0.13808327978992854
25866,GOF,0.06734959043631107,0.7891598685520397,0.14349054101164938
25867,GOF,0.0878442151223062,0.7916788390377291,0.12047694583996489
25868,GOF,0.2880272853288693,0.603752956847087,0.1082197578240438
25869,Neutral,0.722980662350704,0.23198949145904824,0.04502984619024775
25870,LOF,0.36950922156575333,0.21559407314472576,0.4148967052895209
25871,GOF,0.24726869132788332,0.5809046867119958,0.17182662196012088
25872,GOF,0.10207916321528582,0.597525701805909,0.30039513497880505
25873,GOF,0.19293426487700238,0.5789291738310671,0.22813656129193047
25874,LOF,0.025177630152032247,0.09196612468682788,0.8828562451611398
25875,LOF,0.08740383644675456,0.053245588916941894,0.8593505746363035
25876,LOF,0.028996322365379423,0.04938080030646419,0.9216228773281564
25877,Neutral,0.543243271092087,0.06317337574182645,0.3935833531660865
25878,LOF,0.24061308931763198,0.105795230233064,0.653591680449304
25879,LOF,0.09748783511005345,0.10217717560389691,0.8003349892860496
25880,LOF,0.02410119608180252,0.02645362410966848,0.949445179808529
25881,LOF,0.18646416197675153,0.12182042907622115,0.6917154089470274
25882,LOF,0.07754290291326839,0.016607494170504163,0.9058496029162275
25883,LOF,0.07534755242920223,0.022644612811263055,0.9020078347595346
25884,LOF,0.046155433020132086,0.03620912706006775,0.9176354399198001
25885,LOF,0.06694445916355031,0.012795397687444678,0.920260143149005
25886,LOF,0.32289313602327047,0.04000338279569572,0.6371034811810338
25887,LOF,0.1675562896806087,0.07762878850371592,0.7548149218156753
25888,LOF,0.07113221260759504,0.06531713595326753,0.8635506514391373
25889,LOF,0.054282742780906994,0.023827293059745413,0.9218899641593474
25890,LOF,0.04194686717171168,0.14082479991934732,0.8172283329089409
25891,LOF,0.03908178466341535,0.0730078327772186,0.887910382559366
25892,LOF,0.10995396809479707,0.019777443058645913,0.8702685888465571
25893,LOF,0.276239033285732,0.015475386396549665,0.7082855803177183
25894,LOF,0.17873516228947653,0.008520830702161239,0.8127440070083622
25895,LOF,0.1984566205601385,0.019688673094389517,0.7818547063454719
25896,LOF,0.048115281715646496,0.02228007551365582,0.9296046427706977
25897,LOF,0.2405842011950443,0.013817490095514168,0.7455983087094415
25898,Neutral,0.7198070307558222,0.009317543662808505,0.2708754255813694
25899,LOF,0.24246004081251138,0.024276766647198356,0.7332631925402903
25900,LOF,0.4498671256004393,0.015336610018061218,0.5347962643814995
25901,LOF,0.06118357909613079,0.011144268906057396,0.9276721519978118
25902,LOF,0.17468662274160943,0.010517419968523949,0.8147959572898666
25903,Neutral,0.5230332229889262,0.02816687610577934,0.4487999009052944
25904,LOF,0.26954904518960043,0.050141677512928265,0.6803092772974713
25905,LOF,0.02461509735365707,0.3229646965836502,0.6524202060626928
25906,LOF,0.023160834644861045,0.061196670758271225,0.9156424945968676
25907,LOF,0.015720233827241928,0.3472516253057416,0.6370281408670164
25908,LOF,0.01115963011110145,0.22576906499877422,0.7630713048901244
25909,LOF,0.015136143444005585,0.11477620413985168,0.8700876524161427
25910,LOF,0.044958867823159186,0.09586890616319738,0.8591722260136433
25911,LOF,0.14781669773121084,0.03656563016531817,0.8156176721034709
25912,LOF,0.043243329758413974,0.050413055353889354,0.9063436148876965
25913,LOF,0.2824196521977292,0.02167471961643572,0.6959056281858351
25914,LOF,0.025314796654099657,0.12145599794587471,0.8532292054000257
25915,Neutral,0.4311180284587475,0.28830674974440745,0.2805752217968451
25916,LOF,0.06801653187521067,0.3159084870859016,0.6160749810388878
25917,LOF,0.06707409239375195,0.06426528577286787,0.8686606218333802
25918,LOF,0.03334504445088005,0.06134353158068384,0.905311423968436
25919,LOF,0.026901400844876768,0.06926616089579171,0.9038324382593315
25920,GOF,0.08338320521783493,0.4877353847812907,0.42888141000087443
25921,LOF,0.030812025580202358,0.019335498868382185,0.9498524755514154
25922,LOF,0.041642210692983087,0.012688221552041362,0.9456695677549755
25923,LOF,0.376534595782542,0.01749455410669461,0.6059708501107633
25924,LOF,0.03819117984018249,0.028116997682438485,0.933691822477379
25925,LOF,0.06206685526874202,0.02374992780980726,0.9141832169214507
25926,LOF,0.04515965074014868,0.016894736301763164,0.9379456129580882
25927,LOF,0.07164801770086414,0.062242638919616816,0.8661093433795191
25928,LOF,0.023693940345866225,0.027940106225568265,0.9483659534285656
25929,Neutral,0.5052410676132449,0.018902590900542325,0.4758563414862127
25930,LOF,0.052917259554439246,0.014999827159227402,0.9320829132863333
25931,LOF,0.03134033087035309,0.01889885961120272,0.9497608095184441
25932,LOF,0.026834467460959986,0.016645754953592162,0.9565197775854478
25933,LOF,0.0359468583560657,0.009787614597041023,0.9542655270468933
25934,LOF,0.022618040658294227,0.011156054845478568,0.9662259044962271
25935,LOF,0.06071666116799154,0.029087924358788497,0.9101954144732198
25936,LOF,0.04330910493973484,0.013420049837257477,0.9432708452230076
25937,LOF,0.029438650149211862,0.02624653109063779,0.9443148187601503
25938,LOF,0.058482798859232535,0.030466696344829427,0.911050504795938
25939,LOF,0.03714177331959818,0.01052354095570383,0.9523346857246979
25940,LOF,0.027028897267099023,0.3406779343476381,0.632293168385263
25941,LOF,0.18238517777223454,0.08549831339115842,0.7321165088366072
25942,LOF,0.017062859464974076,0.03224040682709185,0.9506967337079341
25943,LOF,0.307401458901719,0.053760694021054496,0.6388378470772265
25944,LOF,0.481160591712549,0.030690181628003826,0.4881492266594473
25945,LOF,0.07678423934986112,0.022427659005399385,0.9007881016447395
25946,LOF,0.024774848251290265,0.12815592603797235,0.8470692257107374
25947,LOF,0.13403825862270297,0.18355362861642596,0.682408112760871
25948,LOF,0.41586158412196483,0.02025111044364255,0.5638873054343927
25949,LOF,0.08809840219915938,0.08415197454658156,0.827749623254259
25950,GOF,0.30504077107420796,0.39387040557194913,0.30108882335384285
25951,LOF,0.24462880134424775,0.2362022681197705,0.5191689305359818
25952,LOF,0.049796668583884006,0.4606334432085474,0.48956988820756864
25953,LOF,0.14674354035980397,0.10965072091826111,0.7436057387219349
25954,Neutral,0.45725595984523804,0.18473949159757447,0.35800454855718744
25955,LOF,0.06231750397984433,0.07847111459197113,0.8592113814281847
25956,LOF,0.20389153578594332,0.07969826292515096,0.7164102012889058
25957,LOF,0.037076643484269874,0.028948150413732682,0.9339752061019974
25958,LOF,0.055173426302312444,0.030955610007664346,0.9138709636900232
25959,LOF,0.07875908496985398,0.3212151006187891,0.6000258144113569
25960,LOF,0.023366397836292407,0.0639220027414672,0.9127115994222403
25961,LOF,0.05049619267197462,0.03799399587866314,0.9115098114493622
25962,LOF,0.05171460607900426,0.036156493656165106,0.9121289002648306
25963,LOF,0.045076826824715116,0.1913285302769639,0.7635946428983209
25964,LOF,0.02949950133256067,0.15791643109361495,0.8125840675738243
25965,LOF,0.4086386018668493,0.0815882648139103,0.5097731333192403
25966,Neutral,0.42707029134415403,0.16463973783679417,0.40828997081905194
25967,LOF,0.012859154002141973,0.08049735184379711,0.9066434941540609
25968,GOF,0.033463148870171995,0.4903937514425539,0.4761430996872741
25969,LOF,0.021836663362603256,0.0644229731815486,0.9137403634558482
25970,LOF,0.06350569206276638,0.06811704572776918,0.8683772622094644
25971,LOF,0.07899774662524253,0.017171717002428852,0.9038305363723287
25972,LOF,0.08269914751602069,0.02637829049241465,0.8909225619915646
25973,LOF,0.08884592527058441,0.0069926577854178195,0.9041614169439977
25974,LOF,0.2302510101857773,0.02037607509016323,0.7493729147240594
25975,LOF,0.05033309185468822,0.026505339063772,0.9231615690815398
25976,LOF,0.04711720646642601,0.015722081592328338,0.9371607119412457
25977,LOF,0.138421105471196,0.10417596221156294,0.757402932317241
25978,LOF,0.11262174286417889,0.07131284577998993,0.8160654113558312
25979,LOF,0.11562090253545917,0.06535668275316457,0.8190224147113763
25980,LOF,0.14439666281667757,0.08013857844234383,0.7754647587409785
25981,LOF,0.17541787635732278,0.07775007068627518,0.746832052956402
25982,LOF,0.3658437917576618,0.05052541376665865,0.5836307944756796
25983,LOF,0.3474781002134387,0.05151628741699622,0.601005612369565
25984,LOF,0.048244293547993526,0.07748921964105998,0.8742664868109465
25985,LOF,0.024062000430161882,0.26230885935508386,0.7136291402147542
25986,LOF,0.03327285854580433,0.28598303615946014,0.6807441052947355
25987,LOF,0.07719972308373983,0.08856855147064646,0.8342317254456136
25988,LOF,0.11546830709101016,0.07189661658155742,0.8126350763274325
25989,LOF,0.028559407658661114,0.13797643179746846,0.8334641605438705
25990,LOF,0.03362678779186228,0.16638029124008452,0.7999929209680532
25991,LOF,0.18733823314952827,0.3971815717917804,0.41548019505869144
25992,LOF,0.35062847608240644,0.2336673739812047,0.41570414993638877
25993,LOF,0.026540663961709253,0.08503318621918103,0.8884261498191096
25994,LOF,0.017944023150402017,0.13443839752802203,0.8476175793215761
25995,LOF,0.027865038292605913,0.22784830536576944,0.7442866563416246
25996,GOF,0.26057050745549293,0.5854194654778029,0.15401002706670414
25997,GOF,0.09771077612761471,0.5997801666352106,0.3025090572371746
25998,Neutral,0.5347714481961701,0.015391064985619285,0.4498374868182106
25999,LOF,0.12874622549610737,0.13619985750857794,0.7350539169953146
26000,LOF,0.1545988504502638,0.033574213529778456,0.8118269360199578
26001,LOF,0.18620670973804307,0.04042338726160098,0.773369903000356
26002,LOF,0.1545202913531563,0.03430568580029278,0.8111740228465508
26003,GOF,0.00806543568003597,0.6787490203490624,0.3131855439709016
26004,GOF,0.021118894182481994,0.7524762322417864,0.2264048735757316
26005,GOF,0.007435460172951672,0.5550826101217757,0.4374819297052726
26006,Neutral,0.4795653495828983,0.30069563060191623,0.21973901981518545
26007,GOF,0.015657743139786014,0.5845780843476585,0.39976417251255547
26008,GOF,0.017566381426723583,0.6451629763304787,0.33727064224279774
26009,GOF,0.019231014857415588,0.6673002388394668,0.3134687463031176
26010,GOF,0.019925739435600213,0.6793744059754974,0.3006998545889024
26011,GOF,0.007331642907095145,0.5309147023264132,0.46175365476649166
26012,GOF,0.013105205130432188,0.6185748401028487,0.368319954766719
26013,GOF,0.01854964020138534,0.6773444769138143,0.30410588288480045
26014,LOF,0.05036707056220269,0.15979385309892885,0.7898390763388685
26015,LOF,0.22025405744248577,0.012034837240148236,0.767711105317366
26016,LOF,0.2259942441204606,0.051088373114590406,0.722917382764949
26017,LOF,0.19005394084095084,0.08544127186920186,0.7245047872898472
26018,LOF,0.09084388681267797,0.049106540959251765,0.8600495722280703
26019,LOF,0.08476492051454448,0.03503404535917103,0.8802010341262846
26020,LOF,0.0507757118184462,0.11802640468533383,0.8311978834962199
26021,LOF,0.05013263699141321,0.1299442044298156,0.8199231585787713
26022,LOF,0.0117774714282776,0.06600133764996696,0.9222211909217555
26023,LOF,0.11367713407722327,0.032960630580695635,0.8533622353420811
26024,LOF,0.02926041167802327,0.12154986528346343,0.8491897230385134
26025,LOF,0.14804566117619428,0.12338626152664996,0.7285680772971558
26026,LOF,0.3028672814688635,0.023338477769292508,0.673794240761844
26027,LOF,0.08417438138047575,0.025404618640180506,0.8904209999793437
26028,LOF,0.14310361512031852,0.11041166706701276,0.7464847178126688
26029,LOF,0.08817746759458192,0.12739589544792268,0.7844266369574954
26030,LOF,0.029536366995817614,0.04845550212909346,0.9220081308750889
26031,LOF,0.03401375130170807,0.10072762454155765,0.8652586241567344
26032,LOF,0.07470617551470082,0.049455083130230275,0.8758387413550689
26033,LOF,0.12441328620601967,0.05927768759274887,0.8163090262012314
26034,LOF,0.04966518358510013,0.10844217668985166,0.8418926397250482
26035,LOF,0.03456979076650613,0.092962222742399,0.872467986491095
26036,LOF,0.04955711846906151,0.11092768790186498,0.8395151936290735
26037,LOF,0.027925239579220166,0.0802374019846225,0.8918373584361572
26038,LOF,0.07229620735834799,0.04803137297605067,0.8796724196656013
26039,LOF,0.06950498320919747,0.10270395176343441,0.8277910650273681
26040,LOF,0.2232090811587414,0.09075876556265033,0.6860321532786082
26041,LOF,0.02746438923522638,0.07686257435600258,0.8956730364087709
26042,LOF,0.027533744718386877,0.0772814976350484,0.8951847576465648
26043,LOF,0.07099928041343746,0.06205928138461975,0.8669414382019428
26044,LOF,0.025502968246155316,0.05804482211216046,0.9164522096416842
26045,LOF,0.08886040319332376,0.07414543554652978,0.8369941612601464
26046,LOF,0.07481940705763954,0.06438122038968096,0.8607993725526796
26047,LOF,0.10918165278572727,0.07700321363944874,0.813815133574824
26048,LOF,0.05484507982419112,0.05267235869768079,0.8924825614781282
26049,Neutral,0.9543767602198321,0.007404696442303323,0.03821854333786478
26050,Neutral,0.9376783064990531,0.00839751332109693,0.05392418017985003
26051,LOF,0.041155342915170375,0.35494690008836827,0.6038977569964613
26052,LOF,0.07632012161471372,0.3258498721626186,0.5978300062226677
26053,LOF,0.053741514798007615,0.15985152376238762,0.7864069614396049
26054,LOF,0.05859188479928149,0.03265380450364984,0.9087543106970687
26055,LOF,0.07140712222974552,0.02251672592558617,0.9060761518446683
26056,LOF,0.06112165362857484,0.025990225424746233,0.9128881209466788
26057,LOF,0.03186879718002779,0.01480609940163187,0.9533251034183403
26058,LOF,0.032253686515748455,0.013167695682533016,0.9545786178017185
26059,LOF,0.2875379452383589,0.041887853715408076,0.670574201046233
26060,LOF,0.02787275351500838,0.24256551562299666,0.7295617308619949
26061,LOF,0.018764312595434467,0.01614748121409973,0.9650882061904658
26062,LOF,0.01176296203876333,0.025315194283575655,0.962921843677661
26063,LOF,0.021629644832065982,0.017007293841975475,0.9613630613259585
26064,LOF,0.024382691774055644,0.024303017982580766,0.9513142902433636
26065,LOF,0.024215985137193707,0.0162779143958665,0.9595061004669398
26066,LOF,0.02050676966117879,0.01534420829408838,0.9641490220447327
26067,LOF,0.026521061160540246,0.011190466890290376,0.9622884719491694
26068,LOF,0.04565432256896848,0.04901419759641857,0.905331479834613
26069,LOF,0.2546228903521723,0.03119497219412996,0.7141821374536977
26070,LOF,0.38064252095726314,0.02165238980196744,0.5977050892407694
26071,LOF,0.022382725925044065,0.016183219064917737,0.9614340550100382
26072,LOF,0.025018276670840098,0.025095924976408876,0.9498857983527509
26073,LOF,0.02370454154101951,0.01564796475286557,0.9606474937061148
26074,Neutral,0.9072809899504403,0.007109055040633527,0.08560995500892607
26075,LOF,0.04362733690712541,0.02094154583205786,0.9354311172608167
26076,LOF,0.043967427518626215,0.012040235869953774,0.94399233661142
26077,LOF,0.009879339479999104,0.024511034210182615,0.9656096263098183
26078,LOF,0.014874427634971186,0.016595575014586816,0.9685299973504421
26079,LOF,0.05675620354988051,0.025837344116459035,0.9174064523336605
26080,LOF,0.0552378349833536,0.02595992845962955,0.9188022365570168
26081,LOF,0.035928308957487685,0.009555946934958513,0.9545157441075537
26082,LOF,0.01845030941132925,0.025286087146663937,0.9562636034420069
26083,LOF,0.131842360894169,0.019328447888497906,0.848829191217333
26084,LOF,0.02789227799117279,0.01840666055730582,0.9537010614515213
26085,LOF,0.02231878803971891,0.01737389037171608,0.9603073215885649
26086,LOF,0.025536097906499588,0.015016403865980117,0.9594474982275204
26087,LOF,0.025432158118830154,0.010670768828446628,0.9638970730527232
26088,LOF,0.01923103947073391,0.030449422596236328,0.9503195379330298
26089,LOF,0.04650177688731101,0.03298852055919416,0.9205097025534948
26090,LOF,0.04608738798991885,0.026633825720701443,0.9272787862893797
26091,LOF,0.041012332936211954,0.008990670004771883,0.9499969970590163
26092,LOF,0.025927377566110875,0.011825363777226478,0.9622472586566626
26093,LOF,0.03706605059745876,0.00926542467916686,0.9536685247233744
26094,LOF,0.041558117147864365,0.009909756655915104,0.9485321261962205
26095,LOF,0.056525455321375304,0.021727109398479983,0.9217474352801447
26096,LOF,0.019746050806106474,0.01873947222604909,0.9615144769678445
26097,LOF,0.010307681885571747,0.05392796727844402,0.9357643508359842
26098,LOF,0.07456125162505794,0.018068803268211812,0.9073699451067303
26099,LOF,0.024014787930410092,0.01967296958341184,0.956312242486178
26100,LOF,0.025633710999728637,0.019013104750058615,0.9553531842502128
26101,LOF,0.05652650381727628,0.018711598005877416,0.9247618981768464
26102,LOF,0.025892226302787202,0.01997758872213138,0.9541301849750814
26103,Neutral,0.883632999560426,0.029477982342040368,0.08688901809753385
26104,LOF,0.0676310912902286,0.046616817123053926,0.8857520915867174
26105,LOF,0.20868917178339302,0.25118891113550884,0.5401219170810982
26106,LOF,0.17231582924163913,0.1636030212598144,0.6640811494985465
26107,LOF,0.21897629263555055,0.10101890603580686,0.6800048013286426
26108,LOF,0.23155100200749545,0.12773218183188273,0.6407168161606218
26109,LOF,0.07676799807976023,0.13077644562860835,0.7924555562916313
26110,LOF,0.2603720304126262,0.008653960507027091,0.7309740090803467
26111,LOF,0.4553049781542929,0.025723555929784876,0.5189714659159222
26112,LOF,0.03536937943194256,0.009607388106441838,0.9550232324616157
26113,LOF,0.053082505652404056,0.01944693104157146,0.9274705633060245
26114,LOF,0.023466730173792756,0.02161996160910831,0.954913308217099
26115,LOF,0.08448640777930251,0.0435401999488542,0.8719733922718433
26116,LOF,0.05515645430978824,0.04291235235676111,0.9019311933334506
26117,LOF,0.4080998165479545,0.055582933871825044,0.5363172495802204
26118,LOF,0.0400350583364355,0.031003800059012234,0.9289611416045522
26119,LOF,0.023052463063051188,0.03793404716901408,0.9390134897679348
26120,LOF,0.02915751616958964,0.027138614897911157,0.9437038689324991
26121,LOF,0.0535522038635523,0.08465834738276348,0.8617894487536844
