feature0,prediction,LoGoFunc_Neutral,LoGoFunc_GOF,LoGoFunc_LOF
25546,Neutral,0.6114885409283157,0.058329083684919486,0.3301823753867647
25547,Neutral,0.5149169712310141,0.0845399918168864,0.4005430369520995
25548,Neutral,0.49643655109433327,0.07823752647734819,0.4253259224283187
25549,LOF,0.4573402488503764,0.07687935202409339,0.4657803991255303
25550,LOF,0.3823190482160263,0.09861074835401254,0.5190702034299612
25551,LOF,0.3245524684890435,0.11071706529298117,0.5647304662179753
25552,LOF,0.2988632420561185,0.11502880331507619,0.5861079546288053
25553,Neutral,0.7807090748337291,0.05399273473312046,0.16529819043315047
25554,LOF,0.3410231255772079,0.10486157100400412,0.554115303418788
25555,LOF,0.2975614600338389,0.09872327056766414,0.6037152693984971
25556,Neutral,0.4711716973876902,0.09304545203735005,0.4357828505749597
25557,LOF,0.2966393269938502,0.10378549852063863,0.5995751744855111
25558,LOF,0.3426806004405821,0.10085287543360706,0.5564665241258109
25559,LOF,0.25545223635486797,0.04682579326554426,0.6977219703795877
25560,LOF,0.08577706911792392,0.1528877816146424,0.7613351492674336
25561,LOF,0.10487831095751775,0.21091327217032765,0.6842084168721546
25562,LOF,0.03325930232975173,0.12116401026829829,0.84557668740195
25563,LOF,0.009713550242543023,0.16055885920816285,0.8297275905492942
25564,LOF,0.08249117581160417,0.13018437809152592,0.7873244460968699
25565,LOF,0.15867592578023196,0.13813187580045633,0.7031921984193117
25566,GOF,0.07016671860961361,0.6279224168275058,0.3019108645628804
25567,LOF,0.042997517331543986,0.153944562517809,0.803057920150647
25568,LOF,0.06418439866727875,0.09344305792025062,0.8423725434124707
25569,LOF,0.05981756140681876,0.09045870496458613,0.8497237336285951
25570,LOF,0.028730283346161484,0.13489143956977512,0.8363782770840634
25571,LOF,0.0255134917305087,0.13800689189433366,0.8364796163751577
25572,LOF,0.06431896410289611,0.18621090853937308,0.7494701273577308
25573,LOF,0.0638905721473148,0.1208654826874865,0.8152439451651987
25574,LOF,0.0627073826967941,0.21762963808475783,0.719662979218448
25575,LOF,0.025300078249948947,0.1481062464830086,0.8265936752670424
25576,LOF,0.02791813876053226,0.21856422324063138,0.7535176379988363
25577,LOF,0.03192983445349624,0.16558659475275345,0.8024835707937502
25578,LOF,0.302896394419585,0.09705265363696924,0.6000509519434458
25579,LOF,0.2099939349850077,0.0931492167455962,0.6968568482693961
25580,LOF,0.02237303549251346,0.09662886518533284,0.8809980993221538
25581,LOF,0.04851640847627976,0.09460277273248204,0.8568808187912381
25582,LOF,0.048052728965742114,0.09295125148885003,0.8589960195454079
25583,LOF,0.027691376057361605,0.09951266561703517,0.8727959583256032
25584,Neutral,0.7201147490496556,0.12646485463797408,0.15342039631237042
25585,LOF,0.021663265801426506,0.20159430639903997,0.7767424277995335
25586,LOF,0.018780403964322158,0.09922223562034291,0.8819973604153349
25587,LOF,0.019018424377020046,0.09060697595716768,0.8903745996658122
25588,LOF,0.02253876744284986,0.08650406466254863,0.8909571678946016
25589,Neutral,0.5264052284094334,0.23088178541959384,0.24271298617097276
25590,LOF,0.0481416762976276,0.1540014216626353,0.7978569020397371
25591,LOF,0.08176837395953396,0.08807026425883013,0.830161361781636
25592,LOF,0.06505541259759588,0.1655944058021355,0.7693501816002686
25593,LOF,0.1110308907438641,0.29836619243430573,0.5906029168218301
25594,LOF,0.05179171994048441,0.047373398741481706,0.9008348813180339
25595,LOF,0.05472757542333928,0.029419213999260146,0.9158532105774005
25596,LOF,0.11870839769209751,0.016935616507870264,0.8643559858000324
25597,LOF,0.0925752633691819,0.017370230520208762,0.8900545061106092
25598,LOF,0.04960253469616753,0.03262895997722317,0.9177685053266093
25599,LOF,0.02615102085914603,0.3438407768773283,0.6300082022635257
25600,LOF,0.1981341820957938,0.3819126491512559,0.4199531687529503
25601,LOF,0.044089441763727685,0.2857846702486392,0.6701258879876331
25602,LOF,0.030740321006941015,0.08234953284597205,0.886910146147087
25603,LOF,0.042072410814878454,0.07542458176970136,0.8825030074154201
25604,LOF,0.0416975514053167,0.135972224261018,0.8223302243336653
25605,LOF,0.03543022040125749,0.2274457281095771,0.7371240514891654
25606,Neutral,0.4161284684763552,0.20410712532768344,0.3797644061959613
25607,LOF,0.026665287139734352,0.2565519820130882,0.7167827308471775
25608,LOF,0.03709865365435599,0.1575880604555483,0.8053132858900958
25609,GOF,0.15021569629803783,0.5069103016121161,0.342874002089846
25610,LOF,0.01694217571827971,0.05136134552787435,0.931696478753846
25611,LOF,0.01463494534461203,0.05791575866326341,0.9274492959921246
25612,LOF,0.04790474655013249,0.06775097380401046,0.8843442796458572
25613,LOF,0.04558706145251648,0.0656395818405483,0.8887733567069352
25614,LOF,0.025032473008339728,0.046122231660034756,0.9288452953316256
25615,LOF,0.046307839469008676,0.05589259142203952,0.8977995691089519
25616,LOF,0.060913964952016814,0.05714482260254646,0.8819412124454369
25617,LOF,0.04581683382518628,0.05769145992477547,0.8964917062500383
25618,LOF,0.052035864514158536,0.07668503827202787,0.8712790972138135
25619,LOF,0.013874216229967658,0.061015174149630286,0.925110609620402
25620,LOF,0.059863602293157285,0.06683111496345141,0.8733052827433913
25621,LOF,0.063390507660943,0.05212449748598922,0.8844849948530679
25622,LOF,0.06708975470123008,0.06525577787307088,0.867654467425699
25623,LOF,0.06111215474689014,0.044826998792637886,0.8940608464604719
25624,LOF,0.021294802482649956,0.05474213487506376,0.9239630626422862
25625,LOF,0.06401124371761721,0.052380299852706674,0.883608456429676
25626,LOF,0.045410750253542825,0.06062986930456929,0.8939593804418879
25627,Neutral,0.8848566185996618,0.02317475742285402,0.09196862397748415
25628,LOF,0.17020082056178348,0.06424116619254859,0.765558013245668
25629,LOF,0.07437923575881389,0.06745956045022686,0.8581612037909593
25630,LOF,0.30507602451112126,0.07315505965491918,0.6217689158339597
25631,Neutral,0.5464110746043341,0.06045416542299748,0.3931347599726685
25632,LOF,0.031129368016163284,0.08476318666841265,0.8841074453154241
25633,LOF,0.19973865714673136,0.06390468727214504,0.7363566555811237
25634,LOF,0.04298100296332652,0.12571823827923254,0.8313007587574408
25635,LOF,0.036610858524690516,0.05088324485946892,0.9125058966158405
25636,GOF,0.029523767838430796,0.556722322370755,0.4137539097908141
25637,GOF,0.06048503374498218,0.5359051002942693,0.4036098659607484
25638,GOF,0.03369508315365296,0.5104507710787817,0.4558541457675653
25639,LOF,0.03386464489053979,0.47789685820770283,0.4882384969017573
25640,Neutral,0.8494995302798403,0.09451428620595012,0.055986183514209684
25641,LOF,0.10176554192977876,0.44652124001833415,0.45171321805188713
25642,LOF,0.0908175612923302,0.18524630796383013,0.7239361307438397
25643,LOF,0.2724587184496251,0.11829843611833522,0.6092428454320397
25644,GOF,0.011751947471743003,0.6209826766669136,0.36726537586134334
25645,GOF,0.01133673654560589,0.6362663057672238,0.3523969576871703
25646,LOF,0.02908648505959736,0.4719690707279124,0.4989444442124903
25647,LOF,0.012283656479150407,0.3706339997773065,0.6170823437435431
25648,LOF,0.015512047572177641,0.4413258334820586,0.5431621189457637
25649,LOF,0.008714848463727673,0.3324042686417355,0.6588808828945368
25650,GOF,0.022307110615953266,0.638346321206439,0.33934656817760767
25651,LOF,0.00919315646709888,0.43303958213572236,0.5577672613971788
25652,LOF,0.013450411056213625,0.4514262683127622,0.5351233206310242
25653,GOF,0.0399974165415542,0.62830005620695,0.3317025272514958
25654,LOF,0.011041760176168248,0.31880741697884457,0.6701508228449871
25655,GOF,0.144812440244627,0.648588962312196,0.20659859744317696
25656,LOF,0.37788418159378395,0.13635601687429996,0.48575980153191606
25657,LOF,0.05539679695689633,0.12142704934342324,0.8231761536996804
25658,LOF,0.32046078226900926,0.17332775232693393,0.5062114654040568
25659,Neutral,0.4695369306413303,0.1882587669758752,0.3422043023827945
25660,LOF,0.02020708036783998,0.11875056360193983,0.8610423560302203
25661,LOF,0.0810850504774166,0.07325567695374469,0.8456592725688387
25662,LOF,0.027852038004931738,0.03971463082454471,0.9324333311705236
25663,LOF,0.030494136131467234,0.043321156485609635,0.9261847073829231
25664,LOF,0.12291057106005732,0.07323691076889269,0.80385251817105
25665,LOF,0.058735291042608884,0.029950597935853526,0.9113141110215375
25666,LOF,0.09150526133361458,0.05935371778225716,0.8491410208841281
25667,LOF,0.06757550158863208,0.04173613447593435,0.8906883639354336
25668,LOF,0.03062867709138593,0.0523005067683637,0.9170708161402504
25669,LOF,0.025997880259898683,0.050081879946128054,0.9239202397939733
25670,LOF,0.120106581723717,0.04138825458531318,0.83850516369097
25671,LOF,0.09568218035072334,0.043248334175519,0.8610694854737576
25672,LOF,0.04788227013091708,0.0436066906805712,0.9085110391885116
25673,LOF,0.0862863595189305,0.05042765500633104,0.8632859854747383
25674,LOF,0.07395413745102104,0.0678423082587687,0.8582035542902102
25675,LOF,0.09662462634847117,0.07163681004096448,0.8317385636105643
25676,LOF,0.015203823625236442,0.0633763079178839,0.9214198684568797
25677,LOF,0.01899520641214622,0.08367942677592298,0.8973253668119308
25678,LOF,0.1810006399449432,0.09194773849985918,0.7270516215551976
25679,LOF,0.11595151454410658,0.08414276073494259,0.7999057247209508
25680,LOF,0.024247252453237254,0.14459045331308037,0.8311622942336823
25681,LOF,0.039481771187165525,0.13813836469655744,0.8223798641162772
25682,LOF,0.11277290646393762,0.0851869148516377,0.8020401786844248
25683,LOF,0.11018526571884857,0.08625510523385002,0.8035596290473015
25684,LOF,0.030034324490444082,0.0756505268636477,0.8943151486459083
25685,LOF,0.105906665785083,0.08312838863263836,0.8109649455822786
25686,LOF,0.0693793387125461,0.12836520771663978,0.8022554535708141
25687,LOF,0.12439045432826315,0.1300535577693696,0.7455559879023672
25688,LOF,0.3961507773926403,0.03661956168987229,0.5672296609174874
25689,LOF,0.29179638305727285,0.045432712061129636,0.6627709048815976
25690,LOF,0.34327717709333816,0.031166226216602755,0.625556596690059
25691,Neutral,0.7286148175289683,0.028239440396514846,0.24314574207451684
25692,LOF,0.37556619079011333,0.012660861948342464,0.6117729472615442
25693,GOF,0.039891994952046705,0.4878201046406617,0.47228790040729157
25694,LOF,0.11443729175192614,0.018182882583311136,0.8673798256647627
25695,LOF,0.11022289212010064,0.011639659034155727,0.8781374488457435
25696,LOF,0.1554211660949438,0.012911705047201783,0.8316671288578544
25697,LOF,0.05278677440220411,0.1266722665599521,0.8205409590378437
25698,LOF,0.24024385455695468,0.2707357662163366,0.4890203792267088
25699,LOF,0.4615370077987956,0.03897158614312099,0.49949140605808345
25700,LOF,0.07329540046487491,0.01176607760321668,0.9149385219319084
25701,LOF,0.16297624605290384,0.03819859119726867,0.7988251627498275
25702,GOF,0.17923540319337336,0.6312723991292772,0.18949219767734932
25703,LOF,0.017885884051600923,0.14663503891966997,0.8354790770287291
25704,LOF,0.039297557737462414,0.1618638428083505,0.7988385994541871
25705,LOF,0.03448142808352994,0.09825751406786916,0.867261057848601
25706,LOF,0.1138807072129648,0.34082814790770377,0.5452911448793315
25707,LOF,0.07988445664917151,0.2720957357187772,0.6480198076320512
25708,LOF,0.04000633810396651,0.26819010188184256,0.691803560014191
25709,LOF,0.07647443441459763,0.029378305497940464,0.8941472600874618
25710,LOF,0.015177373825192872,0.11250315837082007,0.8723194678039871
25711,LOF,0.01954694872549472,0.07324177199214857,0.9072112792823567
25712,LOF,0.017343593260266903,0.17435090769964853,0.8083054990400846
25713,LOF,0.017829658847040745,0.07734092931525471,0.9048294118377045
25714,LOF,0.07540753074485042,0.05318080319489584,0.8714116660602538
25715,LOF,0.012458851548604977,0.10444258509615378,0.8830985633552412
25716,LOF,0.012854011598444888,0.09985332868702358,0.8872926597145315
25717,LOF,0.0181151265746261,0.0810895016741946,0.9007953717511792
25718,LOF,0.011235530501710955,0.06782460420870591,0.9209398652895832
25719,LOF,0.02197193136069214,0.06774805738892536,0.9102800112503825
25720,LOF,0.02564255431215044,0.05310413341154214,0.9212533122763075
25721,LOF,0.013612182445313979,0.08223868392480116,0.9041491336298848
25722,LOF,0.013988812912994756,0.06415846680259918,0.921852720284406
25723,LOF,0.024805797204394995,0.03700289016966948,0.9381913126259355
25724,LOF,0.03390792823766645,0.06089044479807068,0.9052016269642629
25725,LOF,0.011815920999895469,0.05714452525816379,0.9310395537419408
25726,LOF,0.015559653548448958,0.08458464484062413,0.899855701610927
25727,LOF,0.013173220548491325,0.06151861578460886,0.9253081636668998
25728,LOF,0.010483483464625984,0.06983944333381382,0.9196770732015602
25729,LOF,0.010635762869955172,0.06799442074738907,0.9213698163826558
25730,LOF,0.013996086852902927,0.07196680646843998,0.9140371066786571
25731,LOF,0.02340723639699106,0.07934679784709037,0.8972459657559186
25732,LOF,0.013045488554455281,0.04391241904778073,0.9430420923977639
25733,LOF,0.018128850928071497,0.041809908822787296,0.9400612402491413
25734,LOF,0.01318830692610962,0.10678234476010512,0.8800293483137853
25735,LOF,0.011535293249177176,0.050607285476870906,0.937857421273952
25736,LOF,0.01199938610804904,0.05160160594138976,0.9363990079505612
25737,LOF,0.012107808396387797,0.0691302822828259,0.9187619093207864
25738,LOF,0.012001091662724391,0.06921305655408705,0.9187858517831886
25739,LOF,0.019335072556055447,0.054971284916430156,0.9256936425275145
25740,LOF,0.03039008012829539,0.08137923874816935,0.8882306811235352
25741,LOF,0.01483007139973406,0.07965994403799194,0.9055099845622739
25742,LOF,0.12355985658513773,0.05906430267205907,0.8173758407428032
25743,LOF,0.039661681548654106,0.05178047584613702,0.9085578426052089
25744,Neutral,0.609368688408902,0.22516990496932276,0.16546140662177525
25745,LOF,0.07436054323858442,0.06766723693406773,0.8579722198273478
25746,LOF,0.046815240090696014,0.08321247140937868,0.8699722884999254
25747,LOF,0.026343201130263266,0.086088053907148,0.8875687449625888
25748,LOF,0.14219417775525653,0.13817955106856541,0.719626271176178
25749,LOF,0.031901207102712575,0.07629095559424048,0.891807837303047
25750,LOF,0.08115926785217867,0.09646671601630351,0.8223740161315178
25751,LOF,0.10166139334655136,0.13566265204782618,0.7626759546056224
25752,GOF,0.09932195563901361,0.6021273427828067,0.2985507015781798
25753,LOF,0.02749476828601781,0.3763111798016341,0.5961940519123482
25754,GOF,0.017240294173684938,0.8095088496865734,0.1732508561397416
25755,LOF,0.028687858699369607,0.40074743349552183,0.5705647078051086
25756,LOF,0.05652659496262767,0.416833596429058,0.5266398086083143
25757,GOF,0.023476951377192894,0.8713800199871021,0.1051430286357049
25758,GOF,0.029537649225956482,0.8228464546868782,0.1476158960871653
25759,GOF,0.012811994966282218,0.6304677468011445,0.3567202582325733
25760,LOF,0.016159344290073683,0.3721993916710885,0.6116412640388379
25761,GOF,0.2762208235075449,0.6572481358985315,0.06653104059392367
25762,LOF,0.0497521376034887,0.3637029559317611,0.5865449064647502
25763,LOF,0.01674143910481561,0.27601139221500115,0.7072471686801833
25764,GOF,0.07029438744026915,0.7053192863552996,0.22438632620443136
25765,GOF,0.04126811670375519,0.773873197921252,0.18485868537499275
25766,GOF,0.0676044942099651,0.811227598234912,0.12116790755512287
25767,GOF,0.1398507350469052,0.47889130274536,0.3812579622077348
25768,LOF,0.1059243637933628,0.04632695736868135,0.8477486788379558
25769,LOF,0.05365882834244545,0.05819163812535571,0.8881495335321989
25770,LOF,0.32497807877309554,0.11474081856307324,0.5602811026638312
25771,LOF,0.05394177583051205,0.05560784049545348,0.8904503836740344
25772,LOF,0.018547782476380083,0.04862278187145223,0.9328294356521676
25773,LOF,0.054473145741496476,0.08880082723995923,0.8567260270185443
25774,LOF,0.02969714193191285,0.12475245163544235,0.8455504064326449
25775,LOF,0.05688438757031094,0.06439412196425849,0.8787214904654305
25776,LOF,0.07548449799534368,0.03199352792737274,0.8925219740772836
25777,LOF,0.36701964423092237,0.10665095832747934,0.5263293974415982
25778,LOF,0.07238863334467062,0.053675666438871054,0.8739357002164583
25779,GOF,0.3822436518679606,0.5655614663319862,0.05219488180005321
25780,GOF,0.34387507213446794,0.577776463423528,0.0783484644420041
25781,GOF,0.10756279059019613,0.7817242471186657,0.11071296229113808
25782,GOF,0.18284313194198207,0.7407324566790073,0.07642441137901064
25783,GOF,0.02518947269959226,0.6570720728258144,0.31773845447459337
25784,Neutral,0.5467647704468731,0.41471120419425705,0.038524025358869944
25785,Neutral,0.49373106364568126,0.46384033172305444,0.04242860463126432
25786,GOF,0.036082271527746006,0.7454153568507245,0.21850237162152963
25787,Neutral,0.6786700462295591,0.2953629190241092,0.025967034746331805
25788,LOF,0.05443733547669373,0.08021548474079597,0.8653471797825104
25789,GOF,0.20732217780805037,0.6524850422832175,0.14019277990873227
25790,GOF,0.30387341963618014,0.605737295265826,0.09038928509799389
25791,GOF,0.15294330481579144,0.6760823207561327,0.1709743744280757
25792,GOF,0.3715827470492334,0.5026598361064833,0.12575741684428327
25793,GOF,0.25890661833022877,0.48502068865071873,0.2560726930190525
25794,GOF,0.3274595272395272,0.46392954410060905,0.20861092865986364
25795,GOF,0.05770958231997403,0.6592231416143717,0.2830672760656543
25796,Neutral,0.5229264104972154,0.40308682992647193,0.07398675957631255
25797,GOF,0.071191946783616,0.5666054361572976,0.3622026170590863
25798,GOF,0.010127607145564793,0.5102362843730954,0.47963610848133986
25799,LOF,0.007883337172385667,0.4349501456771386,0.5571665171504758
25800,GOF,0.03649712545207037,0.6322095763684955,0.331293298179434
25801,GOF,0.22620676463564238,0.6803661040976112,0.09342713126674648
25802,GOF,0.07157968069417028,0.6947411713538822,0.2336791479519476
25803,GOF,0.03991785206619808,0.5734205225147816,0.3866616254190203
25804,GOF,0.03881602699384396,0.4825373014754155,0.4786466715307406
25805,GOF,0.13926862540067284,0.5750668924500503,0.285664482149277
25806,GOF,0.14809421043344295,0.5930395367267671,0.25886625283979
25807,GOF,0.02460329835443352,0.643034442079469,0.3323622595660974
25808,GOF,0.13080875546666643,0.5836346152395275,0.2855566292938061
25809,GOF,0.024216545253202378,0.6520267277604423,0.32375672698635527
25810,GOF,0.02447165849139771,0.6504102977612942,0.3251180437473081
25811,Neutral,0.5222595395170245,0.4169572373599003,0.06078322312307528
25812,GOF,0.04448799857112148,0.6082246438014722,0.34728735762740626
25813,Neutral,0.6009487301610906,0.3039719415127219,0.09507932832618747
25814,GOF,0.15835671642572155,0.610877002115381,0.23076628145889738
25815,GOF,0.265047904345951,0.5556768125248885,0.1792752831291605
25816,GOF,0.020453698708527247,0.6490469997812478,0.330499301510225
25817,GOF,0.2383872636277702,0.6358573942758894,0.12575534209634037
25818,GOF,0.04820118595820678,0.5478519233666918,0.4039468906751015
25819,GOF,0.40163526273543443,0.4531069094217421,0.1452578278428235
25820,GOF,0.23594770224611267,0.5738973061787849,0.19015499157510252
25821,GOF,0.0771383214941699,0.6689589642078049,0.2539027142980252
25822,GOF,0.29656752589200525,0.4905352826596811,0.21289719144831368
25823,LOF,0.03483755665049813,0.4705804920165292,0.4945819513329726
25824,GOF,0.09437831522582486,0.5208266943272122,0.38479499044696297
25825,GOF,0.03206743744039108,0.5319733730420274,0.43595918951758145
25826,GOF,0.012268108384757254,0.5055460811727485,0.4821858104424944
25827,GOF,0.020185142823941918,0.5663936247414894,0.41342123243456863
25828,LOF,0.014362213976744014,0.48859695589693475,0.4970408301263212
25829,GOF,0.00660833134557382,0.5292229199086456,0.4641687487457807
25830,LOF,0.04485952883686034,0.28131146954159336,0.6738290016215464
25831,GOF,0.15342754695897382,0.7145250000640078,0.1320474529770184
25832,GOF,0.03890824030457156,0.676098431676209,0.2849933280192195
25833,GOF,0.148240279201414,0.6682128546281716,0.18354686617041446
25834,GOF,0.0471204029198337,0.6757943024087285,0.2770852946714378
25835,GOF,0.10576011730449654,0.6645358812108704,0.2297040014846331
25836,GOF,0.05221208955516082,0.6404796911555759,0.3073082192892632
25837,GOF,0.023939219751177417,0.5322614714210072,0.4437993088278154
25838,GOF,0.08692273943327035,0.7286229997570387,0.18445426080969096
25839,GOF,0.2867085150443549,0.5580844801834599,0.1552070047721852
25840,GOF,0.2300052792575076,0.5805644167841899,0.18943030395830265
25841,GOF,0.23031218460656516,0.5819553634078105,0.18773245198562435
25842,GOF,0.20379924956602966,0.630624505416682,0.1655762450172883
25843,GOF,0.22846288468413797,0.6385867905671362,0.1329503247487258
25844,GOF,0.0614482778670386,0.6371406973907718,0.30141102474218956
25845,LOF,0.013725226230083255,0.45208799121194326,0.5341867825579735
25846,GOF,0.09749449387983689,0.7003032266833503,0.20220227943681277
25847,GOF,0.1449121335808106,0.7089498116704408,0.14613805474874858
25848,GOF,0.035349446870054375,0.6548318922107532,0.30981866091919247
25849,GOF,0.010073679141508226,0.5353525145759424,0.45457380628254934
25850,GOF,0.021790814401189844,0.5898319903107117,0.3883771952880985
25851,GOF,0.017415972620863175,0.49570298576727456,0.48688104161186235
25852,GOF,0.13506119335636121,0.584585732151385,0.28035307449225383
25853,GOF,0.3392874202222378,0.58053086802378,0.08018171175398227
25854,GOF,0.01828688130730819,0.6290010520320525,0.35271206666063937
25855,GOF,0.036010240499156895,0.5753278776394997,0.3886618818613435
25856,GOF,0.21977189051642684,0.5613469075250404,0.21888120195853275
25857,GOF,0.03383868010606423,0.5001865327434357,0.4659747871505
25858,GOF,0.020736464122674315,0.5285398893766399,0.4507236465006858
25859,GOF,0.011644433775714036,0.5168180179324047,0.4715375482918813
25860,GOF,0.37685933630394663,0.5329730880730936,0.09016757562295981
25861,GOF,0.3657516178426591,0.5502512944470778,0.08399708771026328
25862,GOF,0.07353816387007663,0.7958043134130005,0.1306575227169229
25863,GOF,0.07987717375663624,0.7931006899740224,0.1270221362693414
25864,GOF,0.17856714175121552,0.743116303923445,0.07831655432533952
25865,GOF,0.06764325519808614,0.7975118629888848,0.13484488181302906
25866,GOF,0.06154966153159369,0.8099181786028864,0.12853215986551988
25867,GOF,0.08583992517215479,0.8011340833704377,0.11302599145740752
25868,GOF,0.26777183016413864,0.6214948160566847,0.11073335377917663
25869,Neutral,0.6998032017614655,0.2581931749728379,0.04200362326569669
25870,LOF,0.3620484702440142,0.24836613507436556,0.3895853946816203
25871,GOF,0.22202918389157714,0.625340323498367,0.15263049261005582
25872,GOF,0.09099552479699262,0.5896297338120541,0.31937474139095334
25873,GOF,0.16683409619655132,0.5942511601775192,0.23891474362592946
25874,LOF,0.021380465979241123,0.08984605605101324,0.8887734779697457
25875,LOF,0.08048625964836663,0.06497367570630917,0.8545400646453243
25876,LOF,0.029078858805466158,0.04949485876161816,0.9214262824329158
25877,Neutral,0.4933416146849761,0.06359684970300092,0.44306153561202305
25878,LOF,0.23768579957107147,0.10416025600558883,0.6581539444233397
25879,LOF,0.08782723660344552,0.13783377643591296,0.7743389869606415
25880,LOF,0.023237478570367776,0.024191612781336823,0.9525709086482954
25881,LOF,0.18965979090456367,0.1926437331290659,0.6176964759663705
25882,LOF,0.09019635528592213,0.024912482237735685,0.8848911624763423
25883,LOF,0.0869953612644941,0.0415275694357041,0.8714770692998018
25884,LOF,0.0454990176761761,0.04676171489067938,0.9077392674331446
25885,LOF,0.06958415907619245,0.01515308278312314,0.9152627581406845
25886,LOF,0.35242923780351465,0.080902418325101,0.5666683438713843
25887,LOF,0.1780356754577933,0.13173179689700484,0.6902325276452019
25888,LOF,0.06896440388977132,0.10492983960514374,0.826105756505085
25889,LOF,0.052731982766683186,0.03867034555646806,0.9085976716768487
25890,LOF,0.050304270098972634,0.15390505356807307,0.7957906763329542
25891,LOF,0.039733274408212345,0.08016916696639993,0.8800975586253876
25892,LOF,0.10799489666079022,0.021438883783087715,0.870566219556122
25893,LOF,0.2991572747335762,0.015121572146744377,0.6857211531196795
25894,LOF,0.18188374135146287,0.008829682366070455,0.8092865762824667
25895,LOF,0.2100145040035387,0.018039740895355823,0.7719457551011055
25896,LOF,0.05116474668831348,0.023327746774185018,0.9255075065375015
25897,LOF,0.2549519271859044,0.015297644835048843,0.7297504279790467
25898,Neutral,0.7369688650278833,0.009705834402519004,0.2533253005695977
25899,LOF,0.2837052382217447,0.02830645084085972,0.6879883109373955
25900,LOF,0.48791675230025994,0.015417262234090824,0.4966659854656492
25901,LOF,0.06241433435162319,0.013024153616399163,0.9245615120319776
25902,LOF,0.1916801176728406,0.010140857868919594,0.7981790244582397
25903,Neutral,0.5498547963958126,0.02408505976718769,0.42606014383699964
25904,LOF,0.28585319235961615,0.048258564775303964,0.6658882428650799
25905,LOF,0.023823124412479257,0.2989467918748351,0.6772300837126856
25906,LOF,0.020747955873942327,0.07313315645528964,0.906118887670768
25907,LOF,0.014191693098798574,0.3493124902645422,0.6364958166366593
25908,LOF,0.011036149586275584,0.2416212935796659,0.7473425568340585
25909,LOF,0.012741271990399827,0.17626876730949442,0.8109899607001058
25910,LOF,0.05013323840134568,0.11982543508473549,0.8300413265139188
25911,LOF,0.11566162037658699,0.03643998545208856,0.8478983941713244
25912,LOF,0.03555548290692909,0.0631938448421441,0.9012506722509267
25913,LOF,0.2979050353365578,0.023198891978155497,0.6788960726852866
25914,LOF,0.02519607206470496,0.11647731998127815,0.8583266079540168
25915,Neutral,0.3968637513906103,0.28447073567167225,0.31866551293771744
25916,LOF,0.0613996398594575,0.28215584705413777,0.6564445130864047
25917,LOF,0.07022399651291962,0.06441711613769396,0.8653588873493865
25918,LOF,0.03197788464949644,0.07293326746835128,0.8950888478821524
25919,LOF,0.026853323469271828,0.0815263940227169,0.8916202825080113
25920,GOF,0.090311382695009,0.5130819886714799,0.39660662863351104
25921,LOF,0.03593282280238905,0.02460578081531147,0.9394613963822995
25922,LOF,0.045089507385484597,0.016549065874857532,0.9383614267396579
25923,LOF,0.41884360625886397,0.016239275324124627,0.5649171184170114
25924,LOF,0.044015665362561456,0.02335582037515861,0.93262851426228
25925,LOF,0.07316154512224018,0.024542760394550407,0.9022956944832093
25926,LOF,0.05257572438450607,0.01568473675921751,0.9317395388562765
25927,LOF,0.08354110132803517,0.040505250717766055,0.8759536479541987
25928,LOF,0.02680700014406707,0.020354635628027064,0.9528383642279059
25929,Neutral,0.5495773921760543,0.018399974931814417,0.4320226328921313
25930,LOF,0.06371541215618712,0.013074188503090911,0.9232103993407219
25931,LOF,0.03619924612176878,0.017084646609829952,0.9467161072684013
25932,LOF,0.03094489975782122,0.015271086945662817,0.953784013296516
25933,LOF,0.03988569757603588,0.010188833220864623,0.9499254692030995
25934,LOF,0.026847181578617284,0.011715557130722039,0.9614372612906606
25935,LOF,0.07053740827775952,0.026492011336245607,0.902970580385995
25936,LOF,0.050109075383676635,0.015267833092931908,0.9346230915233915
25937,LOF,0.03215817096067319,0.018287789280213528,0.9495540397591133
25938,LOF,0.07025203933724844,0.030626488528632933,0.8991214721341185
25939,LOF,0.04263362506191168,0.009528999202059211,0.9478373757360292
25940,LOF,0.02366712048143173,0.3798770701337995,0.5964558093847687
25941,LOF,0.14423036768439296,0.09082520039747663,0.7649444319181303
25942,LOF,0.012182229548020274,0.0390783466987255,0.9487394237532543
25943,LOF,0.3145038890755904,0.06622157098185599,0.6192745399425537
25944,Neutral,0.4912986019725086,0.03769301394354795,0.47100838408394335
25945,LOF,0.05756851886354261,0.022098117217021734,0.9203333639194358
25946,LOF,0.03276858590137453,0.15123982092541705,0.8159915931732084
25947,LOF,0.12768266767147665,0.21348737759194095,0.6588299547365823
25948,LOF,0.44617899545084694,0.014741420374457187,0.5390795841746958
25949,LOF,0.07485257887022903,0.07007885396946459,0.8550685671603064
25950,GOF,0.30598308704092936,0.4382341242630914,0.2557827886959793
25951,LOF,0.2569929117095586,0.21660647924837892,0.5264006090420624
25952,GOF,0.06773810975519254,0.5012783575857078,0.43098353265909967
25953,LOF,0.17596339047870407,0.1053281211535457,0.7187084883677503
25954,Neutral,0.42211054793657654,0.22953237867986637,0.34835707338355726
25955,LOF,0.058497207487625734,0.08248715123142374,0.8590156412809505
25956,LOF,0.21414940340237734,0.06241812462981794,0.7234324719678047
25957,LOF,0.045514967040154515,0.024479160717883468,0.9300058722419621
25958,LOF,0.053790374116156635,0.03176702395480612,0.9144426019290373
25959,LOF,0.060763346855776224,0.32456376004709114,0.6146728930971327
25960,LOF,0.01781522406759981,0.058164473397255785,0.9240203025351443
25961,LOF,0.04497493619321838,0.04010704495449977,0.9149180188522817
25962,LOF,0.051897627609184926,0.03476296071031371,0.9133394116805014
25963,LOF,0.052536412047134426,0.1945444599317259,0.7529191280211396
25964,LOF,0.03510315055000205,0.13536681325388147,0.8295300361961165
25965,LOF,0.425809286002631,0.07451014131732761,0.4996805726800414
25966,Neutral,0.41190530148837107,0.1960534280223264,0.3920412704893026
25967,LOF,0.012599906971993029,0.06664419982754381,0.920755893200463
25968,LOF,0.03827869686330634,0.42132045876737606,0.5404008443693177
25969,LOF,0.024421508206785607,0.05838416209002391,0.9171943297031905
25970,LOF,0.05315719724104609,0.07727782268188454,0.8695649800770694
25971,LOF,0.06323872762407566,0.026365315971071997,0.9103959564048524
25972,LOF,0.07549979625677987,0.03353478651238263,0.8909654172308376
25973,LOF,0.08924395312495144,0.010274266302180786,0.9004817805728677
25974,LOF,0.21526162961648965,0.01987233440728411,0.7648660359762262
25975,LOF,0.04564826855870931,0.03276060556201291,0.9215911258792777
25976,LOF,0.0410708876438481,0.022354779296890826,0.9365743330592611
25977,LOF,0.14741042259876316,0.09800718933749869,0.7545823880637381
25978,LOF,0.11064530022881917,0.09102757494057029,0.7983271248306104
25979,LOF,0.1116694138873911,0.08401682402397369,0.8043137620886353
25980,LOF,0.14163932923118555,0.1014798597968667,0.7568808109719477
25981,LOF,0.17662030833685607,0.09814325012299667,0.7252364415401473
25982,LOF,0.32152258968925357,0.07849588826014336,0.5999815220506031
25983,LOF,0.3152339541088432,0.06988759593144671,0.6148784499597102
25984,LOF,0.048544100558735016,0.09504315948861869,0.8564127399526462
25985,LOF,0.020588042678324283,0.3243819600419879,0.6550299972796877
25986,LOF,0.02887325068441693,0.3197943627877147,0.6513323865278683
25987,LOF,0.0848313256203568,0.11422970968100656,0.8009389646986367
25988,LOF,0.11510448451473539,0.09716500035917441,0.7877305151260902
25989,LOF,0.024532853994465736,0.1839027845827418,0.7915643614227925
25990,LOF,0.03522845919606943,0.16367635150941418,0.8010951892945164
25991,GOF,0.12091534877070645,0.5292459408908168,0.34983871033847674
25992,LOF,0.2967402814378079,0.2951688045041021,0.4080909140580901
25993,LOF,0.022130439244424132,0.10734061483247097,0.8705289459231049
25994,LOF,0.01438786613463121,0.1498337697304398,0.8357783641349291
25995,LOF,0.024165329371179604,0.23942138837178348,0.736413282257037
25996,GOF,0.18582274637070884,0.6513171091274571,0.16286014450183398
25997,GOF,0.07227321164644765,0.6207491235617812,0.3069776647917711
25998,Neutral,0.5767263693733279,0.015659209693068544,0.40761442093360356
25999,LOF,0.12258938321664616,0.1493352923762992,0.7280753244070546
26000,LOF,0.1499028129736131,0.04461425875314176,0.8054829282732451
26001,LOF,0.16231506431485235,0.044231424656034996,0.7934535110291127
26002,LOF,0.13504811173009323,0.0440003260460997,0.820951562223807
26003,GOF,0.010305494155868457,0.660856954027735,0.3288375518163965
26004,GOF,0.02578801602687439,0.732427457321856,0.24178452665126957
26005,GOF,0.009453395079372017,0.5451169417863039,0.445429663134324
26006,Neutral,0.5137532684471997,0.2851563121142545,0.20109041943854575
26007,GOF,0.019978762113723514,0.6170013003882181,0.36301993749805844
26008,GOF,0.023394721179904227,0.6445225319326243,0.33208274688747136
26009,GOF,0.02870445301055202,0.6958936207430523,0.2754019262463957
26010,GOF,0.029376327584430338,0.735991196291704,0.23463247612386579
26011,GOF,0.00934175078628659,0.5498424791942116,0.44081577001950195
26012,GOF,0.017672401709409414,0.6412084488521173,0.3411191494384735
26013,GOF,0.018649855495820586,0.6793951262960244,0.30195501820815507
26014,LOF,0.05046674005547774,0.1593157521279916,0.7902175078165307
26015,LOF,0.20547825288560442,0.008222755909206573,0.786298991205189
26016,LOF,0.2357444185885391,0.040666656450955845,0.7235889249605051
26017,LOF,0.17878080618793563,0.07508779351107024,0.7461314003009941
26018,LOF,0.07397222789632879,0.03417568092428197,0.8918520911793891
26019,LOF,0.07149798465211585,0.024271405137701648,0.9042306102101825
26020,LOF,0.0562663193554431,0.09824377562511062,0.8454899050194463
26021,LOF,0.04185951366868865,0.12286934613899692,0.8352711401923144
26022,LOF,0.01049365079989096,0.05328500004921796,0.9362213491508911
26023,LOF,0.10373282805080308,0.021673389385973397,0.8745937825632235
26024,LOF,0.02783838528317057,0.09563626264738795,0.8765253520694414
26025,LOF,0.15115293358084067,0.09619039969372234,0.7526566667254371
26026,LOF,0.3052818820506493,0.016028145850581987,0.6786899720987688
26027,LOF,0.07366960030965665,0.017472827058316404,0.908857572632027
26028,LOF,0.1509238003948762,0.09029197649762048,0.7587842231075033
26029,LOF,0.0935432762856388,0.15402301925925915,0.7524337044551022
26030,LOF,0.03210731674428635,0.0505011191273637,0.9173915641283499
26031,LOF,0.039224978670318385,0.12267344778281891,0.8381015735468628
26032,LOF,0.08364214451017503,0.045388271594116514,0.8709695838957086
26033,LOF,0.15121714332600544,0.05057947065849572,0.7982033860154988
26034,LOF,0.05658003413669137,0.13146016838366145,0.8119597974796472
26035,LOF,0.03999335527130814,0.10875960471444632,0.8512470400142454
26036,LOF,0.05629843712556066,0.13458937929652073,0.8091121835779186
26037,LOF,0.0326917025896104,0.09036425022712617,0.8769440471832634
26038,LOF,0.07897254701516346,0.04398806780797272,0.8770393851768639
26039,LOF,0.07467710543501592,0.11527619501681187,0.8100466995481723
26040,LOF,0.2770480161187694,0.08329249392920993,0.6396594899520207
26041,LOF,0.03292311364863181,0.08616535271138985,0.8809115336399783
26042,LOF,0.031397669814410945,0.08834456769346738,0.8802577624921217
26043,LOF,0.07791320340811711,0.05738507683204533,0.8647017197598377
26044,LOF,0.02749448946915382,0.06438551264751488,0.9081199978833313
26045,LOF,0.09019887613610249,0.08435544322109916,0.8254456806427983
26046,LOF,0.08200030991579414,0.06167980461192103,0.8563198854722849
26047,LOF,0.11247518034681032,0.07324380007828964,0.8142810195749001
26048,LOF,0.047173994482808804,0.05551066608600706,0.897315339431184
26049,Neutral,0.951167625268764,0.00718651060310037,0.04164586412813559
26050,Neutral,0.9309853139368658,0.00843656435737352,0.06057812170576067
26051,LOF,0.044541071052646666,0.45678704902927497,0.4986718799180784
26052,GOF,0.0686843640237698,0.47924232385153126,0.452073312124699
26053,LOF,0.06490781742589277,0.15809963990940631,0.7769925426647009
26054,LOF,0.058713357750506824,0.043616062161597885,0.8976705800878954
26055,LOF,0.07975234186162942,0.028360832514128416,0.8918868256242423
26056,LOF,0.06874445872703776,0.03579788327207639,0.895457658000886
26057,LOF,0.030540655304358552,0.017606248982500922,0.9518530957131405
26058,LOF,0.03104548740045778,0.015558090918849111,0.9533964216806932
26059,LOF,0.28401831573991154,0.04505151370593451,0.670930170554154
26060,LOF,0.02898122243631908,0.2699401143538021,0.7010786632098788
26061,LOF,0.018333094562787845,0.01984455694416286,0.9618223484930493
26062,LOF,0.011554975759712552,0.029817036691733412,0.958627987548554
26063,LOF,0.021332300956706043,0.016900461422735498,0.9617672376205585
26064,LOF,0.024954467111411673,0.019986648380434537,0.9550588845081538
26065,LOF,0.023739511858458955,0.020548204029995912,0.9557122841115452
26066,LOF,0.020080323578775556,0.017941796315371746,0.9619778801058526
26067,LOF,0.024763551114292657,0.015154728821991344,0.960081720063716
26068,LOF,0.048029285333650376,0.05245221702954665,0.899518497636803
26069,LOF,0.2633973984186583,0.03131595255431238,0.7052866490270293
26070,LOF,0.39824537029214546,0.021714101142212658,0.5800405285656419
26071,LOF,0.02168484623501115,0.02172556525858188,0.9565895885064071
26072,LOF,0.02345226173433116,0.026908605397710315,0.9496391328679584
26073,LOF,0.022676606511742615,0.01626973595670952,0.9610536575315478
26074,Neutral,0.9331165267505138,0.007191637257931677,0.05969183599155465
26075,LOF,0.04403496097456355,0.026534485269226814,0.9294305537562098
26076,LOF,0.04377253347895601,0.016143164700031475,0.9400843018210125
26077,LOF,0.009781779780973039,0.03515688431450366,0.9550613359045232
26078,LOF,0.01401852619571973,0.02269280565974431,0.9632886681445361
26079,LOF,0.05152619537402847,0.028777079178308487,0.919696725447663
26080,LOF,0.051500855244468985,0.028762926863948234,0.9197362178915829
26081,LOF,0.033333879815491074,0.012693331754430654,0.9539727884300784
26082,LOF,0.01829877278946598,0.030253056048647118,0.951448171161887
26083,LOF,0.13116094462979158,0.019408582803168352,0.8494304725670401
26084,LOF,0.026629538520394996,0.025142144442422066,0.9482283170371828
26085,LOF,0.022305996809080898,0.023683453604945323,0.9540105495859738
26086,LOF,0.02356043040367232,0.02024144665769215,0.9561981229386355
26087,LOF,0.023655409513919225,0.014442727850364693,0.9619018626357161
26088,LOF,0.017649538631726025,0.03298218925589377,0.9493682721123802
26089,LOF,0.04776835061000133,0.03413831434895125,0.9180933350410474
26090,LOF,0.04589351024883668,0.0274939140862857,0.9266125756648776
26091,LOF,0.03662517960424528,0.011357633325156302,0.9520171870705983
26092,LOF,0.025893931594712444,0.014286593500557417,0.9598194749047301
26093,LOF,0.03532978915291032,0.009816659990626067,0.9548535508564637
26094,LOF,0.041124083079398806,0.011281803408082434,0.9475941135125189
26095,LOF,0.05823696282650218,0.02356853863811203,0.9181944985353857
26096,LOF,0.02106112430971103,0.019518590559227268,0.9594202851310618
26097,LOF,0.010815492697095573,0.06471009676429983,0.9244744105386047
26098,LOF,0.07273426347031489,0.023997968452329405,0.9032677680773558
26099,LOF,0.02496876566880376,0.024457486797729668,0.9505737475334666
26100,LOF,0.026986790552654252,0.02291138422425517,0.9501018252230905
26101,LOF,0.05525601333464083,0.022362305557543524,0.9223816811078156
26102,LOF,0.024982977190733027,0.019028630904356636,0.9559883919049104
26103,Neutral,0.8875114342911218,0.032966418572163876,0.0795221471367143
26104,LOF,0.07050944021378666,0.052819191044373555,0.8766713687418397
26105,LOF,0.22942265809607135,0.2526183494465417,0.5179589924573869
26106,LOF,0.18353332210455225,0.12747662707988822,0.6889900508155596
26107,LOF,0.2415569039739392,0.10704955058516803,0.6513935454408927
26108,LOF,0.22873923730201548,0.17143559702822536,0.5998251656697592
26109,LOF,0.07953086123783294,0.13559670477877972,0.7848724339833874
26110,LOF,0.27618378541027583,0.006676574604006633,0.7171396399857176
26111,LOF,0.47523181506543877,0.017045287252745258,0.507722897681816
26112,LOF,0.033450843115610786,0.008210768562881948,0.9583383883215072
26113,LOF,0.05482868281069229,0.013159935851439167,0.9320113813378685
26114,LOF,0.014774774284878816,0.017589250329708803,0.9676359753854125
26115,LOF,0.07392135124671399,0.029672432453430198,0.896406216299856
26116,LOF,0.04698831991412003,0.02121066399456533,0.9318010160913146
26117,LOF,0.3697268699626151,0.06517533713418236,0.5650977929032026
26118,LOF,0.037714551068901335,0.04205501026729362,0.9202304386638052
26119,LOF,0.023670970804536465,0.04733900124353462,0.9289900279519289
26120,LOF,0.028424268471436764,0.027671628480217533,0.9439041030483456
26121,LOF,0.05912170236541831,0.10710114338335947,0.8337771542512221
26122,LOF,0.05528450526381082,0.04404228560830872,0.9006732091278804
