feature0,prediction,LoGoFunc_Neutral,LoGoFunc_GOF,LoGoFunc_LOF
25546,Neutral,0.684986888153799,0.05571271995463181,0.2593003918915692
25547,Neutral,0.4972455609663284,0.09951003803443878,0.403244400999233
25548,Neutral,0.5037392977629732,0.08567425461753601,0.4105864476194908
25549,LOF,0.4192749936432368,0.08655768317572947,0.49416732318103374
25550,LOF,0.38373206224595485,0.1229615788938645,0.49330635886018054
25551,LOF,0.3114988827531464,0.1369925705797595,0.551508546667094
25552,LOF,0.2531716585495028,0.1293609807941415,0.6174673606563558
25553,Neutral,0.8221068057226291,0.0423989187836061,0.13549427549376492
25554,LOF,0.2845765896476022,0.12018912314512224,0.5952342872072756
25555,LOF,0.24103695287529486,0.11534284938447982,0.6436201977402253
25556,LOF,0.44665224809860005,0.10610400316017471,0.44724374874122513
25557,LOF,0.2286032041330879,0.12001659470258072,0.6513802011643315
25558,LOF,0.2880664920980506,0.12050534133785855,0.5914281665640908
25559,LOF,0.18050248822459244,0.1224070692024259,0.6970904425729816
25560,LOF,0.16267465287212707,0.09742176339722475,0.7399035837306481
25561,LOF,0.1487758595697851,0.12467835738453767,0.7265457830456772
25562,LOF,0.07485079997757958,0.07342015173230575,0.8517290482901148
25563,LOF,0.021332319413155963,0.10732454170465139,0.8713431388821926
25564,LOF,0.2165873734960279,0.1042251464872329,0.6791874800167392
25565,LOF,0.23114713309367663,0.14577386830172326,0.6230789986046001
25566,GOF,0.09689867523269195,0.6951258309637166,0.2079754938035914
25567,LOF,0.03747359618583519,0.11113210937517164,0.8513942944389932
25568,LOF,0.05962827564110243,0.06376405146920984,0.8766076728896877
25569,LOF,0.05933414595146613,0.06460266420186317,0.8760631898466708
25570,LOF,0.027123084938089438,0.08567644806509866,0.887200466996812
25571,LOF,0.027731819508516588,0.08859805776303731,0.8836701227284461
25572,LOF,0.062547483938701,0.1102881013748762,0.8271644146864229
25573,LOF,0.05641064362360228,0.07654731003295837,0.8670420463434393
25574,LOF,0.060848717309432185,0.16482214088884048,0.7743291418017273
25575,LOF,0.024799162309977668,0.10586253315132638,0.8693383045386959
25576,LOF,0.03552674980692865,0.14088241169117596,0.8235908385018953
25577,LOF,0.03111347532542938,0.09695969472036678,0.8719268299542038
25578,LOF,0.2985086506403351,0.07039593931580941,0.6310954100438555
25579,LOF,0.1319044517549834,0.07637206437963583,0.7917234838653807
25580,LOF,0.019939368585315934,0.0711943795604734,0.9088662518542107
25581,LOF,0.0539482477885282,0.06128345702421112,0.8847682951872606
25582,LOF,0.05391434396697338,0.06000024507228959,0.8860854109607371
25583,LOF,0.02101049312901579,0.07108955638171431,0.9078999504892699
25584,Neutral,0.674268914721883,0.086983028106167,0.23874805717195008
25585,LOF,0.03292388924684845,0.11020364219671162,0.85687246855644
25586,LOF,0.01846178401671136,0.058973077095352176,0.9225651388879366
25587,LOF,0.017728002469890584,0.0522269589244626,0.9300450386056468
25588,LOF,0.020738965237110496,0.06107477541841012,0.9181862593444794
25589,Neutral,0.5066426641822426,0.18016134203734546,0.31319599378041185
25590,LOF,0.048558742786503385,0.09400282449572021,0.8574384327177764
25591,LOF,0.09678721422597432,0.05117010707909971,0.8520426786949259
25592,LOF,0.053886323891356135,0.1160988213260127,0.8300148547826312
25593,LOF,0.14088613178349751,0.22576251296586214,0.6333513552506402
25594,LOF,0.04931248747507244,0.11196798299472328,0.8387195295302042
25595,LOF,0.046084738463243284,0.08149716197465777,0.8724180995620989
25596,LOF,0.10428870105100152,0.0481759890011563,0.8475353099478423
25597,LOF,0.07706774647386783,0.0544578112246936,0.8684744423014386
25598,LOF,0.046489760964564746,0.08401188842827499,0.8694983506071603
25599,GOF,0.02005493125370447,0.5032900490543898,0.4766550196919057
25600,GOF,0.17236205380915268,0.49811910467420734,0.32951884151664
25601,LOF,0.03900446382065279,0.3984824696300566,0.5625130665492906
25602,LOF,0.03258820818741639,0.04847941403022439,0.9189323777823593
25603,LOF,0.03474613328432638,0.028312755891132142,0.9369411108245416
25604,LOF,0.036842869775624995,0.05435704123838163,0.9088000889859933
25605,LOF,0.0442082664821072,0.16458724773215272,0.7912044857857401
25606,LOF,0.4284858181632337,0.08806051768153593,0.48345366415523033
25607,LOF,0.024858642430724016,0.1686694422457662,0.8064719153235097
25608,LOF,0.03747983046865994,0.08168588036050423,0.8808342891708358
25609,GOF,0.16174444831500928,0.5359268472695784,0.3023287044154123
25610,LOF,0.015986455923741535,0.027005368484479753,0.9570081755917786
25611,LOF,0.015870209541740357,0.03091152726756073,0.9532182631906989
25612,LOF,0.04837356647634341,0.04002467609833461,0.911601757425322
25613,LOF,0.0453809668766242,0.040462897698093116,0.9141561354252827
25614,LOF,0.022866023252834315,0.026746953931286097,0.9503870228158797
25615,LOF,0.043509261061139275,0.034066562170771184,0.9224241767680896
25616,LOF,0.04993983161977649,0.02643456326049216,0.9236256051197314
25617,LOF,0.045815864669682536,0.03396188871122702,0.9202222466190905
25618,LOF,0.05107275721778324,0.03175656489333362,0.9171706778888832
25619,LOF,0.01556454687418472,0.031605077795192914,0.9528303753306224
25620,LOF,0.06486557749217808,0.03665652317755973,0.8984778993302622
25621,LOF,0.053216409525101094,0.03030746727029747,0.9164761232046015
25622,LOF,0.06379502488383837,0.029088720205555658,0.907116254910606
25623,LOF,0.07409805519480356,0.027413078853715075,0.8984888659514814
25624,LOF,0.019725617050842713,0.036295035617793556,0.9439793473313637
25625,LOF,0.06886386936398128,0.039337758769899527,0.8917983718661192
25626,LOF,0.046693632481749514,0.03815923778877999,0.9151471297294704
25627,Neutral,0.8900320097978456,0.02052054783709991,0.08944744236505463
25628,LOF,0.13650703261813255,0.05790072498297485,0.8055922423988927
25629,LOF,0.05930263299755177,0.04236766726110612,0.898329699741342
25630,LOF,0.2731256001264547,0.06863821948491466,0.6582361803886306
25631,Neutral,0.5431696167989019,0.06228258369073245,0.3945477995103658
25632,LOF,0.027155886052631494,0.06519559666287207,0.9076485172844965
25633,LOF,0.2012995403771458,0.04123969117821738,0.7574607684446368
25634,LOF,0.03382417265564182,0.08126869976149709,0.8849071275828612
25635,LOF,0.03722521536232577,0.04809507943331356,0.9146797052043607
25636,LOF,0.041200901271866285,0.44808681723096755,0.5107122814971662
25637,LOF,0.0772236091592489,0.457802443130312,0.4649739477104391
25638,LOF,0.03692201961058403,0.2743951215572615,0.6886828588321546
25639,LOF,0.03733096677103704,0.3190458164749854,0.6436232167539776
25640,Neutral,0.8093537778296915,0.14666283968432536,0.043983382485983186
25641,LOF,0.04912868341365721,0.45222841428591165,0.4986429023004312
25642,LOF,0.04090894374100234,0.15679429620857158,0.802296760050426
25643,LOF,0.2099034981096739,0.17811757109206286,0.6119789307982633
25644,LOF,0.02058721332802359,0.46993642920152195,0.5094763574704545
25645,LOF,0.019312344347465676,0.4168540852265079,0.5638335704260264
25646,LOF,0.049398281168368155,0.3232254054811495,0.6273763133504824
25647,LOF,0.02199123344217205,0.24909153669609946,0.7289172298617284
25648,LOF,0.032667295302483225,0.23098837944592965,0.7363443252515872
25649,LOF,0.015332514275183876,0.23309734501965673,0.7515701407051595
25650,LOF,0.052926568008269274,0.42258167656496715,0.5244917554267636
25651,LOF,0.017245364657931927,0.2672505669467818,0.7155040683952864
25652,LOF,0.029315467345689235,0.2552222476257534,0.7154622850285574
25653,LOF,0.08257216923849307,0.38686230457402954,0.5305655261874774
25654,LOF,0.024989742568264268,0.21761973492699974,0.757390522504736
25655,LOF,0.23655700361080803,0.36329467767140744,0.4001483187177845
25656,LOF,0.28869829839313627,0.04162635641678103,0.6696753451900826
25657,LOF,0.07825081283838498,0.048302051146080646,0.8734471360155345
25658,LOF,0.38075397807338845,0.04668922081620897,0.5725568011104026
25659,Neutral,0.5522480462505971,0.07147856587812475,0.3762733878712781
25660,LOF,0.024818811701349624,0.08301770173122257,0.8921634865674279
25661,LOF,0.09440329603818848,0.06242703050774354,0.8431696734540679
25662,LOF,0.03304302282676759,0.032756365775595965,0.9342006113976365
25663,LOF,0.040597698016849204,0.046418718821586484,0.9129835831615642
25664,LOF,0.1335269187245171,0.05154887449014899,0.814924206785334
25665,LOF,0.05370694931842506,0.032275436344506796,0.9140176143370681
25666,LOF,0.08739253601008554,0.07192341048305095,0.8406840535068634
25667,LOF,0.06506380709959857,0.04514407833318969,0.8897921145672117
25668,LOF,0.038369926954886835,0.04696460256160504,0.9146654704835081
25669,LOF,0.03464327807665685,0.053797389805071,0.9115593321182722
25670,LOF,0.13919238418158594,0.04136201240016451,0.8194456034182495
25671,LOF,0.09731729436597915,0.031690389703996395,0.8709923159300244
25672,LOF,0.052828402488298,0.04251428656076848,0.9046573109509335
25673,LOF,0.08304365004613609,0.03948509874909478,0.8774712512047692
25674,LOF,0.0712964505245411,0.04906032923555477,0.8796432202399042
25675,LOF,0.1212693514765224,0.04712115132216269,0.8316094972013149
25676,LOF,0.017842309698214733,0.052481243923200215,0.9296764463785852
25677,LOF,0.02585504141064704,0.06684732992727174,0.9072976286620813
25678,LOF,0.17829888175724803,0.056885265230847235,0.7648158530119047
25679,LOF,0.12736582563555643,0.07785130410575701,0.7947828702586865
25680,LOF,0.02914725330539026,0.11952033370926048,0.8513324129853492
25681,LOF,0.04519506595161472,0.11000189672235272,0.8448030373260326
25682,LOF,0.13760944253789728,0.0653582449835157,0.7970323124785871
25683,LOF,0.12767753935924975,0.0745480380924683,0.7977744225482819
25684,LOF,0.04106765408856152,0.06722037673033694,0.8917119691811015
25685,LOF,0.13980983219962803,0.045298735007692895,0.814891432792679
25686,LOF,0.0687411654123975,0.09518690896798924,0.8360719256196133
25687,LOF,0.11010288263364569,0.08384239542141703,0.8060547219449373
25688,LOF,0.30136264643994465,0.03508131128545628,0.6635560422745991
25689,LOF,0.20204863088848,0.0445135440639483,0.7534378250475717
25690,LOF,0.357632766673955,0.03420596714677435,0.6081612661792706
25691,Neutral,0.6758230399891493,0.03425270022138429,0.2899242597894665
25692,LOF,0.2920537920573777,0.009859008793623404,0.6980871991489989
25693,LOF,0.05250823108886736,0.46317172567760706,0.48432004323352557
25694,LOF,0.1202548687511368,0.021927676898422097,0.8578174543504411
25695,LOF,0.12326086588768966,0.017523995472828607,0.8592151386394817
25696,LOF,0.12823394623482698,0.01007444655734202,0.861691607207831
25697,LOF,0.11957340878220317,0.02815835563607767,0.852268235581719
25698,LOF,0.3520531516613507,0.24991198200670278,0.39803486633194657
25699,LOF,0.42214696855971157,0.04244573740823611,0.5354072940320524
25700,LOF,0.05358190677462329,0.010420808022726555,0.9359972852026501
25701,LOF,0.1765600149224968,0.05530603462250394,0.7681339504549992
25702,GOF,0.1754353239555938,0.5590799932562116,0.2654846827881946
25703,LOF,0.0166908963946537,0.16769727626998057,0.8156118273353657
25704,LOF,0.04459671951128833,0.12085797648665611,0.8345453040020556
25705,LOF,0.054872002172065136,0.19646723389815557,0.7486607639297792
25706,LOF,0.09458107180497849,0.37639133073399916,0.5290275974610225
25707,LOF,0.0917228473652889,0.2921710118509975,0.6161061407837135
25708,LOF,0.02920340150856537,0.28276713460552355,0.6880294638859111
25709,LOF,0.055784862621834554,0.04495292571664606,0.8992622116615194
25710,LOF,0.011176977105628027,0.13891235683000677,0.8499106660643653
25711,LOF,0.018777163289356913,0.097489548573222,0.883733288137421
25712,LOF,0.01229565703649382,0.19583462069013224,0.7918697222733739
25713,LOF,0.018093600302361117,0.08292991017285406,0.8989764895247847
25714,LOF,0.0659220235611219,0.08075460714435284,0.8533233692945252
25715,LOF,0.010103836107420747,0.14074448456141975,0.8491516793311594
25716,LOF,0.013494399629837355,0.11129105719920131,0.8752145431709614
25717,LOF,0.01307356306901923,0.08136246888282928,0.9055639680481515
25718,LOF,0.011324797800889802,0.09858791770757044,0.8900872844915397
25719,LOF,0.018140191051519317,0.08161729936964128,0.9002425095788394
25720,LOF,0.020508962022130386,0.07317036111230975,0.9063206768655598
25721,LOF,0.014809622214398008,0.10865783362112807,0.8765325441644739
25722,LOF,0.012378110804767056,0.12813836393342576,0.8594835252618073
25723,LOF,0.022091122482087985,0.047425575089980854,0.9304833024279312
25724,LOF,0.022025878537534366,0.08849680150175065,0.889477319960715
25725,LOF,0.011148855604640672,0.0734963656005358,0.9153547787948236
25726,LOF,0.0134591939109975,0.10894938548177431,0.8775914206072282
25727,LOF,0.012781280057446056,0.08661855095975793,0.900600168982796
25728,LOF,0.009413182644479354,0.11502874100625023,0.8755580763492704
25729,LOF,0.009625845220153941,0.11405205955361922,0.876322095226227
25730,LOF,0.01290655529146604,0.0849193519328943,0.9021740927756398
25731,LOF,0.020054965924270654,0.11397041429927712,0.8659746197764523
25732,LOF,0.01405286068460006,0.08817914804756992,0.89776799126783
25733,LOF,0.014984076026140079,0.07441208230690351,0.9106038416669564
25734,LOF,0.012998131487331465,0.13204839722202405,0.8549534712906445
25735,LOF,0.012957852512165852,0.0830081800189349,0.9040339674688992
25736,LOF,0.01372398660861857,0.10300960916506599,0.8832664042263154
25737,LOF,0.018839615593978423,0.08831328338393445,0.8928471010220872
25738,LOF,0.01310881025769675,0.11967522130541107,0.8672159684368922
25739,LOF,0.019233023035541655,0.08444853172475851,0.8963184452396997
25740,LOF,0.02556230892055744,0.10136718447634109,0.8730705066031015
25741,LOF,0.014649367830068346,0.11049257939927556,0.8748580527706561
25742,LOF,0.11473101671240395,0.08319833887825646,0.8020706444093395
25743,LOF,0.03609474365160773,0.028297333712044383,0.935607922636348
25744,Neutral,0.58678428048689,0.20562447492038047,0.20759124459272948
25745,LOF,0.08659156736864031,0.06655339955986177,0.846855033071498
25746,LOF,0.04145416957096845,0.0742550616265027,0.8842907688025289
25747,LOF,0.02391228998415831,0.03506165086247194,0.9410260591533698
25748,LOF,0.1080360124037833,0.052048968366626126,0.8399150192295906
25749,LOF,0.02697886672295686,0.07330213835483665,0.8997189949222064
25750,LOF,0.08787627730049896,0.07481212507640282,0.8373115976230981
25751,LOF,0.09502576769276204,0.052062859559835785,0.8529113727474021
25752,GOF,0.11706459038036035,0.648354344496179,0.23458106512346058
25753,LOF,0.020224162177012235,0.2760524578751996,0.7037233799477882
25754,GOF,0.009752605963874384,0.7508567951798664,0.23939059885625932
25755,LOF,0.02273181459672432,0.3739070494965744,0.6033611359067013
25756,LOF,0.04095997665673554,0.36240483173339405,0.5966351916098706
25757,GOF,0.01439781082370769,0.8123405073930984,0.173261681783194
25758,GOF,0.030196142097313014,0.7929415771411946,0.1768622807614924
25759,GOF,0.012008898200778531,0.5090834870495332,0.4789076147496884
25760,LOF,0.013502891801546919,0.24352861716360236,0.7429684910348509
25761,GOF,0.295486195171328,0.5948461520223981,0.10966765280627383
25762,LOF,0.037593692189646,0.25618517994205764,0.7062211278682964
25763,LOF,0.014448640891935548,0.19940680800991656,0.7861445510981478
25764,GOF,0.077720141087805,0.5953996531131919,0.32688020579900323
25765,GOF,0.046655532256839376,0.7300111614883056,0.22333330625485515
25766,GOF,0.06101461838894759,0.7497621556574438,0.18922322595360866
25767,GOF,0.162613214528588,0.44030209806921655,0.39708468740219544
25768,LOF,0.08962954867486594,0.06534285143784545,0.8450275998872886
25769,LOF,0.06395035354003104,0.06527643086741221,0.8707732155925567
25770,LOF,0.2746720017849255,0.08276749336352379,0.6425605048515507
25771,LOF,0.04040426714562636,0.04385533791780818,0.9157403949365654
25772,LOF,0.016099792890410206,0.03163091206243515,0.9522692950471545
25773,LOF,0.04569765501753045,0.07936764924580118,0.8749346957366683
25774,LOF,0.0282846996013001,0.07066111710529983,0.9010541832934
25775,LOF,0.04515848189067853,0.043849835162645213,0.9109916829466762
25776,LOF,0.07360420143072956,0.023895671740177586,0.902500126829093
25777,LOF,0.3155988048725089,0.046582618874817384,0.6378185762526737
25778,LOF,0.06656735314843765,0.05057849484941569,0.8828541520021467
25779,GOF,0.36441834318939986,0.5912263094798271,0.044355347330772954
25780,GOF,0.2885593171613552,0.6353283060410144,0.07611237679763043
25781,GOF,0.14108130991995432,0.7539282325092284,0.10499045757081737
25782,GOF,0.1888689197582807,0.7392671664304683,0.07186391381125111
25783,GOF,0.03137764020481559,0.6480813090937421,0.3205410507014423
25784,GOF,0.46800546418973116,0.48719305987954903,0.04480147593071975
25785,GOF,0.3974956753473811,0.5633113249647159,0.03919299968790301
25786,GOF,0.022896505990868083,0.7538840818099698,0.22321941219916222
25787,Neutral,0.6430262507740448,0.3317007166624366,0.02527303256351867
25788,LOF,0.047333161440833035,0.10910205783903668,0.8435647807201303
25789,GOF,0.1942337670499354,0.6560169340461862,0.14974929890387834
25790,GOF,0.2072313324564865,0.6902588780593102,0.10250978948420332
25791,GOF,0.1315525717953771,0.6891296510171323,0.17931777718749053
25792,GOF,0.2989474481158918,0.568635054322088,0.13241749756202015
25793,GOF,0.24545199101617138,0.5546200394475916,0.19992796953623693
25794,GOF,0.29072505797223697,0.5369385880340412,0.172336353993722
25795,GOF,0.07194942654419949,0.7037581370889516,0.2242924363668488
25796,Neutral,0.5473217085188883,0.3694943289807504,0.08318396250036136
25797,GOF,0.08988377403816152,0.5486186442813582,0.36149758168048024
25798,GOF,0.008768871551299896,0.49785696830083126,0.4933741601478689
25799,LOF,0.006554376602886409,0.3826757355920593,0.6107698878050541
25800,GOF,0.031448460875780904,0.5710957464935028,0.39745579263071634
25801,GOF,0.1737582644964658,0.6997498944580522,0.12649184104548192
25802,GOF,0.07480881363732933,0.6886748583453506,0.23651632801732012
25803,GOF,0.03548083729397478,0.5688361791553239,0.39568298355070125
25804,GOF,0.03245658603887464,0.48476878272441076,0.48277463123671444
25805,GOF,0.10110826316494133,0.5877771565342778,0.3111145803007809
25806,GOF,0.0951654518670445,0.5880782686623324,0.3167562794706232
25807,GOF,0.02055684648113064,0.6274600751081232,0.35198307841074633
25808,GOF,0.08208822834806956,0.6319783403042812,0.2859334313476492
25809,GOF,0.01589589189381329,0.5661246122284409,0.4179794958777458
25810,GOF,0.01538416745793735,0.6044583390101909,0.38015749353187184
25811,GOF,0.43351450256717444,0.48232294768531847,0.08416254974750699
25812,GOF,0.0289613470275317,0.6230936956867371,0.34794495728573116
25813,Neutral,0.5210152390537108,0.3903835274530664,0.08860123349322271
25814,GOF,0.11402939297124533,0.6696665256001769,0.21630408142857774
25815,GOF,0.1964132907235128,0.620050925021155,0.1835357842553322
25816,GOF,0.024167201168193153,0.730534141557198,0.245298657274609
25817,GOF,0.24756002154211634,0.6227829534366371,0.12965702502124646
25818,GOF,0.05375608922855795,0.6620354214687633,0.2842084893026788
25819,GOF,0.3608991288676933,0.4894980244108221,0.1496028467214845
25820,GOF,0.17822649782042596,0.5935636577523766,0.2282098444271975
25821,GOF,0.05663808451014546,0.6609534475678799,0.28240846792197466
25822,GOF,0.2163208966947162,0.5617572246005671,0.22192187870471664
25823,GOF,0.03335717605040137,0.5261247095588765,0.44051811439072225
25824,GOF,0.08794735602971777,0.6157888093969515,0.2962638345733308
25825,GOF,0.03730111478860797,0.6095581876316986,0.35314069757969346
25826,GOF,0.015974671265040496,0.5843726671558392,0.3996526615791202
25827,GOF,0.02469532807496742,0.6027362297253124,0.3725684421997201
25828,GOF,0.014001982410490112,0.5255209409254606,0.46047707666404925
25829,GOF,0.005670943998720131,0.5622092052451709,0.432119850756109
25830,LOF,0.0334254439639117,0.2973438168981831,0.6692307391379052
25831,GOF,0.22786375281389468,0.6607036621222484,0.11143258506385684
25832,GOF,0.030780571174212436,0.6999013019447792,0.2693181268810083
25833,GOF,0.1061178803413123,0.7265086883478865,0.16737343131080112
25834,GOF,0.028562791625648554,0.7178491525305384,0.2535880558438131
25835,GOF,0.05798273358464944,0.7712826306758094,0.1707346357395411
25836,GOF,0.028953217967756843,0.6873231439662655,0.2837236380659777
25837,GOF,0.025030982521266634,0.6079269975470976,0.36704201993163577
25838,GOF,0.08620580650972766,0.7764896848247839,0.1373045086654884
25839,GOF,0.28532229798766734,0.5800212447876436,0.13465645722468908
25840,GOF,0.25523017143572024,0.6050151088280183,0.13975471973626144
25841,GOF,0.23749399703205615,0.6387288187505905,0.12377718421735338
25842,GOF,0.1269179292797206,0.735906813513676,0.13717525720660328
25843,GOF,0.1926965264800709,0.7100690006057382,0.09723447291419086
25844,GOF,0.05763554237707391,0.7467532797256806,0.1956111778972453
25845,GOF,0.015421099421870628,0.5293074913623065,0.4552714092158228
25846,GOF,0.11476975876098984,0.7621721120447844,0.1230581291942258
25847,GOF,0.0916757490954122,0.8038550942957394,0.10446915660884835
25848,GOF,0.03547273634351248,0.7137488075830363,0.2507784560734511
25849,GOF,0.010197935450949087,0.6119259296013582,0.37787613494769284
25850,GOF,0.0194292887142953,0.6534477836420973,0.32712292764360734
25851,GOF,0.015003656908768741,0.540144897293576,0.4448514457976553
25852,GOF,0.15323952933504262,0.5544609714162784,0.29229949924867915
25853,GOF,0.3352339188213192,0.5804627255801559,0.08430335559852484
25854,GOF,0.020098475223949322,0.6019691984844043,0.37793232629164636
25855,GOF,0.03365041068129303,0.5744443095902483,0.3919052797284586
25856,GOF,0.21557968227967755,0.569520359975487,0.2148999577448355
25857,GOF,0.03866138933225042,0.5111732200546301,0.4501653906131196
25858,GOF,0.020132212198445947,0.5141100527710647,0.4657577350304893
25859,LOF,0.010486991100873203,0.48625073568636473,0.5032622732127621
25860,GOF,0.35825338509618,0.55550078629741,0.0862458286064101
25861,GOF,0.43303472971541057,0.49959764424618264,0.06736762603840674
25862,GOF,0.07673404986400345,0.7775724604301432,0.14569348970585336
25863,GOF,0.07746420953812888,0.7892284994752886,0.13330729098658248
25864,GOF,0.19635055847613936,0.7376672504298876,0.06598219109397303
25865,GOF,0.08636281786193228,0.808066957598639,0.10557022453942873
25866,GOF,0.052403185943823365,0.7954154848986187,0.15218132915755797
25867,GOF,0.08047954560160803,0.8143568093947854,0.10516364500360664
25868,GOF,0.2601817662499942,0.6337706926404152,0.10604754110959067
25869,Neutral,0.7060974657293813,0.24740553511690347,0.04649699915371525
25870,GOF,0.2741844285498134,0.431781566600667,0.29403400484951964
25871,GOF,0.20936590446142223,0.6548946617770328,0.13573943376154482
25872,GOF,0.07620022947291802,0.6500811204530824,0.27371865007399954
25873,GOF,0.105668031532275,0.6987355647278793,0.1955964037398457
25874,LOF,0.014703532705671169,0.11722531121004491,0.8680711560842839
25875,LOF,0.08856781369384147,0.04610392011117981,0.8653282661949787
25876,LOF,0.03460571280733813,0.03134900205492212,0.9340452851377397
25877,Neutral,0.5069994966186567,0.04046793615609639,0.4525325672252469
25878,LOF,0.228617601434652,0.09013482199665013,0.6812475765686978
25879,LOF,0.09464105919143583,0.09028562767678595,0.8150733131317782
25880,LOF,0.039755350529546145,0.015450398280087839,0.944794251190366
25881,LOF,0.16248067916339795,0.11696446986299265,0.7205548509736094
25882,LOF,0.06414697739855645,0.01730061665009462,0.9185524059513489
25883,LOF,0.06407080371617824,0.018890567196335036,0.9170386290874868
25884,LOF,0.03060933565715922,0.0313972791670266,0.9379933851758141
25885,LOF,0.05799765171703933,0.012452880626046034,0.9295494676569146
25886,LOF,0.2568005268578401,0.03654605868166659,0.7066534144604933
25887,LOF,0.14486338642234856,0.06934567301642466,0.7857909405612269
25888,LOF,0.061768692339395824,0.059462587464686675,0.8787687201959176
25889,LOF,0.03953706368132527,0.021088982148811136,0.9393739541698636
25890,LOF,0.05260540896034595,0.14520199050281235,0.8021926005368416
25891,LOF,0.040078192007903905,0.05848727854301131,0.9014345294490848
25892,LOF,0.08391851658783787,0.024756936267570057,0.8913245471445921
25893,LOF,0.2569010872443489,0.02064130610629102,0.7224576066493602
25894,LOF,0.17489666325219316,0.012179401873862334,0.8129239348739445
25895,LOF,0.1913384027653434,0.025881227949758036,0.7827803692848986
25896,LOF,0.051224249158562385,0.024970144632276564,0.9238056062091611
25897,LOF,0.26305200328163725,0.0145618927394643,0.7223861039788985
25898,Neutral,0.7099658458740867,0.01147857042759478,0.27855558369831857
25899,LOF,0.21340949833590867,0.026167806393529922,0.7604226952705614
25900,LOF,0.472574593732664,0.01268305055407981,0.5147423557132562
25901,LOF,0.04791131835440884,0.012509706307781357,0.9395789753378098
25902,LOF,0.15546731694151936,0.014782921812561765,0.8297497612459188
25903,Neutral,0.592257101229672,0.030522023376393963,0.377220875393934
25904,LOF,0.2935337809785625,0.04342558741553107,0.6630406316059064
25905,LOF,0.02343827069309237,0.34288645284140523,0.6336752764655025
25906,LOF,0.03497861873279545,0.07765018783498503,0.8873711934322196
25907,LOF,0.013106437628762497,0.3323972082353163,0.6544963541359212
25908,LOF,0.00946223826748317,0.2550044343513726,0.7355333273811442
25909,LOF,0.012531611100616867,0.12952624963604661,0.8579421392633364
25910,LOF,0.04787377462813294,0.14579668772684082,0.8063295376450262
25911,LOF,0.18883995535860407,0.02781123473107435,0.7833488099103215
25912,LOF,0.047015658848962284,0.05233954490336979,0.9006447962476679
25913,LOF,0.35908590613127633,0.022393987638470763,0.6185201062302529
25914,LOF,0.021237827563943112,0.04933594144848216,0.9294262309875747
25915,Neutral,0.6135123939853963,0.1424512576635474,0.24403634835105634
25916,LOF,0.08587798681992312,0.20355453864291018,0.7105674745371666
25917,LOF,0.06091400731224376,0.03718198118435833,0.9019040115033979
25918,LOF,0.023516064867394854,0.028971862992285373,0.9475120721403198
25919,LOF,0.02079334144573806,0.031750772624495514,0.9474558859297665
25920,GOF,0.10970293216743439,0.48323756618025265,0.4070595016523131
25921,LOF,0.027469806383500762,0.03514945474675817,0.937380738869741
25922,LOF,0.03513746180232498,0.02534337154938868,0.9395191666482864
25923,Neutral,0.4888191595901473,0.03608380859740932,0.4750970318124434
25924,LOF,0.04061363828637586,0.04365424767692527,0.9157321140366989
25925,LOF,0.07163085031089066,0.04057962635248064,0.8877895233366287
25926,LOF,0.052090820700761424,0.03585957600096027,0.9120496032982783
25927,LOF,0.060428750052547664,0.1555760042403715,0.7839952457070809
25928,LOF,0.019828861701720407,0.05648702517968187,0.9236841131185977
25929,Neutral,0.6051619957107272,0.03885468520377578,0.35598331908549696
25930,LOF,0.07392976324310932,0.030640792644673696,0.8954294441122169
25931,LOF,0.025963810267991563,0.03462462733080544,0.939411562401203
25932,LOF,0.030563651009504422,0.027104048287289965,0.9423323007032055
25933,LOF,0.041059885768724255,0.0173869449980834,0.9415531692331923
25934,LOF,0.025467494160279908,0.019897798851544503,0.9546347069881757
25935,LOF,0.06202713273912711,0.05161399611621365,0.8863588711446592
25936,LOF,0.04379812702113803,0.02425503713176699,0.9319468358470949
25937,LOF,0.02853146948995097,0.037735256648867274,0.9337332738611818
25938,LOF,0.0640064113501459,0.054682928359945655,0.8813106602899086
25939,LOF,0.0437964715333958,0.019486215049918213,0.9367173134166858
25940,LOF,0.038844867765226165,0.33565807596686864,0.6254970562679052
25941,LOF,0.18362722783936727,0.08853535966642355,0.7278374124942092
25942,LOF,0.012700749353339733,0.03501222455103336,0.9522870260956269
25943,LOF,0.30286451132289866,0.05449125427172235,0.6426442344053789
25944,LOF,0.4853014698080724,0.020131079269516794,0.4945674509224107
25945,LOF,0.08135931632981584,0.018957448893468683,0.8996832347767155
25946,LOF,0.030458228162787454,0.10302876750361259,0.8665130043336
25947,LOF,0.11733723599331813,0.16651106206217214,0.7161517019445097
25948,LOF,0.36297723710649105,0.007614961616518808,0.62940780127699
25949,LOF,0.12310865890407181,0.03695247884274085,0.8399388622531875
25950,Neutral,0.3375152356301153,0.32511248318670677,0.33737228118317797
25951,LOF,0.1915230972429734,0.28183401027273547,0.5266428924842911
25952,LOF,0.051420071612729164,0.46075687315090763,0.4878230552363634
25953,LOF,0.15118960764772818,0.10493691935528954,0.7438734729969823
25954,Neutral,0.42554412947111125,0.1962894138583557,0.3781664566705331
25955,LOF,0.06493420379451395,0.08045752307544272,0.8546082731300434
25956,LOF,0.1541926272414919,0.12036244579540314,0.7254449269631049
25957,LOF,0.03717068437878037,0.02957961682492944,0.9332496987962902
25958,LOF,0.05381575512796156,0.026526555103733123,0.9196576897683053
25959,LOF,0.06789120710504311,0.31863942591715044,0.6134693669778065
25960,LOF,0.01607988090768339,0.05126639889539579,0.9326537201969209
25961,LOF,0.039908738148368934,0.027016415370722774,0.9330748464809082
25962,LOF,0.057865990780859904,0.031377999937207114,0.9107560092819329
25963,LOF,0.04759806895152521,0.2010878291377602,0.7513141019107146
25964,LOF,0.033191079827504404,0.15720362692512743,0.8096052932473682
25965,LOF,0.44219637097437337,0.056888396462978955,0.5009152325626477
25966,Neutral,0.5248031876822381,0.1707862813779759,0.30441053093978593
25967,LOF,0.017648879295508953,0.11283017372507463,0.8695209469794165
25968,LOF,0.03296169398946284,0.39052123662907895,0.5765170693814582
25969,LOF,0.0356401265336593,0.06135022881860431,0.9030096446477364
25970,LOF,0.06054811759924331,0.06070167574223881,0.878750206658518
25971,LOF,0.06669805994951705,0.021622568422213197,0.9116793716282696
25972,LOF,0.07060706518963236,0.031576056708476796,0.8978168781018909
25973,LOF,0.0693002682311216,0.010448347210444471,0.9202513845584338
25974,LOF,0.18227248804392931,0.015867692944363965,0.8018598190117067
25975,LOF,0.042369175946754524,0.02552060818095703,0.9321102158722885
25976,LOF,0.04146443778476461,0.015222439978922154,0.9433131222363133
25977,LOF,0.15017247442783846,0.08380585925521658,0.7660216663169449
25978,LOF,0.14394862062045344,0.098756211221522,0.7572951681580246
25979,LOF,0.12718225217569945,0.10116908708866348,0.771648660735637
25980,LOF,0.22599458012140597,0.12355557159901373,0.6504498482795803
25981,LOF,0.25451149885828517,0.12208250384821141,0.6234059972935034
25982,LOF,0.40034523398491784,0.08304490994744121,0.5166098560676409
25983,LOF,0.3850800550226069,0.09468917947790434,0.5202307654994888
25984,LOF,0.04840681292697709,0.04656579525842623,0.9050273918145967
25985,LOF,0.040531304299691366,0.2810273266919048,0.6784413690084038
25986,LOF,0.04953694838997116,0.31329727551466885,0.63716577609536
25987,LOF,0.08791593305173745,0.0701844719998196,0.8418995949484429
25988,LOF,0.15431901165504264,0.05965965188013921,0.7860213364648181
25989,LOF,0.036107692317211365,0.11636495752033074,0.8475273501624578
25990,LOF,0.04049794569659698,0.16701308114745753,0.7924889731559454
25991,LOF,0.1394912827165635,0.2306237606389956,0.6298849566444409
25992,LOF,0.30299149891673866,0.14717143190072846,0.549837069182533
25993,LOF,0.022342905845725146,0.08052019400312692,0.897136900151148
25994,LOF,0.01751088359297689,0.08609837752812426,0.8963907388788988
25995,LOF,0.023643271581010924,0.17661455743059426,0.7997421709883947
25996,GOF,0.3253193486847507,0.38571804708916996,0.28896260422607933
25997,LOF,0.08691405965695001,0.36372006784469574,0.5493658724983541
25998,Neutral,0.5241994376480702,0.03060667792882157,0.4451938844231082
25999,LOF,0.09235785238111148,0.09968008028767862,0.8079620673312098
26000,LOF,0.12280692147852079,0.045588221759161836,0.8316048567623173
26001,LOF,0.20889865569173288,0.05071661929399298,0.7403847250142741
26002,LOF,0.11377648394809652,0.040944330023629426,0.845279186028274
26003,GOF,0.011686624057255863,0.5918479786363455,0.3964653973063986
26004,GOF,0.0212671189864453,0.6925012351875992,0.2862316458259554
26005,LOF,0.0065101440714076765,0.4503633633450123,0.54312649258358
26006,Neutral,0.5235005556324307,0.24362546458033327,0.2328739797872361
26007,GOF,0.01995819105567096,0.5336008836066,0.44644092533772906
26008,GOF,0.018978117634326074,0.6332879503633314,0.34773393200234254
26009,GOF,0.020282672479932293,0.691224317360914,0.28849301015915363
26010,GOF,0.022215031324510914,0.662090166689736,0.31569480198575295
26011,LOF,0.00649739487251068,0.4195313032241909,0.5739713019032985
26012,GOF,0.012594068560790197,0.5532260243073728,0.4341799071318371
26013,GOF,0.017921193067093034,0.6038804737204944,0.3781983332124127
26014,LOF,0.04187624371226495,0.11645480240349025,0.8416689538842449
26015,LOF,0.15572222892626086,0.01560183883800995,0.8286759322357292
26016,LOF,0.19995306997067108,0.06028488248643488,0.739762047542894
26017,LOF,0.21455326463630964,0.09900037619684283,0.6864463591668476
26018,LOF,0.07499287298878048,0.04271993387105802,0.8822871931401616
26019,LOF,0.07082783666909265,0.034223425836220275,0.8949487374946871
26020,LOF,0.07059834455667491,0.10981631519480896,0.8195853402485163
26021,LOF,0.04517430313312084,0.11842321777759082,0.8364024790892883
26022,LOF,0.011287196258819123,0.04519741829529823,0.9435153854458826
26023,LOF,0.06503299673636256,0.02782315557832709,0.9071438476853103
26024,LOF,0.03138981692764133,0.12128011454403162,0.847330068528327
26025,LOF,0.14523034124615378,0.09250794313523358,0.7622617156186126
26026,LOF,0.30769906533872626,0.029703655635898888,0.6625972790253749
26027,LOF,0.06001397038955582,0.02162465500672325,0.9183613746037209
26028,LOF,0.17209803222352776,0.062330563457874445,0.7655714043185978
26029,LOF,0.0689752538697996,0.14636133120068837,0.7846634149295121
26030,LOF,0.021578935813176093,0.035098045222565245,0.9433230189642586
26031,LOF,0.025587173454267934,0.10964545763176868,0.8647673689139634
26032,LOF,0.0668866942543087,0.05111468057985082,0.8819986251658404
26033,LOF,0.08202439583371811,0.04996907430799115,0.8680065298582907
26034,LOF,0.04485857813519155,0.12868817816528955,0.8264532436995189
26035,LOF,0.025667288192872298,0.12239038280997941,0.8519423289971483
26036,LOF,0.03753156112317897,0.13884981170221666,0.8236186271746044
26037,LOF,0.021144868770443536,0.10125917367586132,0.877595957553695
26038,LOF,0.06273526365961654,0.052656960059552074,0.8846077762808314
26039,LOF,0.05136489602780215,0.12262096052283858,0.8260141434493593
26040,LOF,0.20002787606532438,0.09967407723503457,0.700298046699641
26041,LOF,0.021622140442524317,0.09660647320419048,0.8817713863532851
26042,LOF,0.019791251668797645,0.0895317918301244,0.8906769565010779
26043,LOF,0.06347742362055538,0.06165764058866347,0.8748649357907812
26044,LOF,0.019041828183388277,0.04418329720886292,0.9367748746077487
26045,LOF,0.07191333599288856,0.08293609523729957,0.8451505687698119
26046,LOF,0.058935942851084444,0.04994476997291885,0.8911192871759966
26047,LOF,0.07731022070129588,0.051034221579757004,0.871655557718947
26048,LOF,0.043848085569308706,0.03245396221723562,0.9236979522134556
26049,Neutral,0.9674218895954093,0.0053856907885592295,0.027192419616031333
26050,Neutral,0.9501346800058893,0.006667938277154367,0.043197381716956376
26051,LOF,0.04616838805862838,0.25586627565221054,0.6979653362891611
26052,LOF,0.062036918457991176,0.2888121880782963,0.6491508934637126
26053,LOF,0.06088274813284699,0.15469149234548463,0.7844257595216684
26054,LOF,0.04880202457590752,0.01791370590387255,0.9332842695202199
26055,LOF,0.06457717591588283,0.015930628594699712,0.9194921954894174
26056,LOF,0.057439373990393644,0.018140482966480864,0.9244201430431255
26057,LOF,0.029966925196775587,0.01169466418194527,0.9583384106212791
26058,LOF,0.030990916755108507,0.0097337273740046,0.959275355870887
26059,LOF,0.2658217506959794,0.02112960032724192,0.7130486489767787
26060,LOF,0.040769125587536356,0.17584812597415533,0.7833827484383082
26061,LOF,0.01744496014850777,0.011995930054761213,0.970559109796731
26062,LOF,0.010345792697750864,0.01833154479135359,0.9713226625108956
26063,LOF,0.018954149127769288,0.010325525324468874,0.9707203255477618
26064,LOF,0.021010973395036044,0.0253392690905482,0.9536497575144157
26065,LOF,0.023820995228772224,0.01075697883233929,0.9654220259388885
26066,LOF,0.019898455569310185,0.010227105016760425,0.9698744394139294
26067,LOF,0.026271817395991572,0.008470458279237675,0.9652577243247707
26068,LOF,0.04301245061944893,0.02843236682367788,0.9285551825568732
26069,LOF,0.2485689234447581,0.01811746696682979,0.7333136095884121
26070,LOF,0.3800274430859314,0.014734305406644709,0.6052382515074238
26071,LOF,0.01922243865420931,0.01133000498259502,0.9694475563631957
26072,LOF,0.017369439921538752,0.02174094467055416,0.960889615407907
26073,LOF,0.0191881057451807,0.013351700110611752,0.9674601941442076
26074,Neutral,0.9098472418644707,0.0054956069536481605,0.08465715118188115
26075,LOF,0.04613535153317348,0.013756444749614242,0.9401082037172123
26076,LOF,0.03502539779870968,0.008753984423920056,0.9562206177773703
26077,LOF,0.00928536256165017,0.013042039165877968,0.9776725982724719
26078,LOF,0.013948064616616256,0.011333130123093796,0.97471880526029
26079,LOF,0.06074296967159787,0.016057639676325758,0.9231993906520763
26080,LOF,0.060120164872194994,0.016062575072111153,0.9238172600556939
26081,LOF,0.03416436386828985,0.006365674163983007,0.9594699619677272
26082,LOF,0.013831352658233726,0.01353216562047892,0.9726364817212875
26083,LOF,0.16989772476021284,0.013891724977297869,0.8162105502624893
26084,LOF,0.041167462547473915,0.011558322629110855,0.9472742148234153
26085,LOF,0.03726108291808784,0.011002890386272385,0.9517360266956397
26086,LOF,0.019613832764100905,0.011173196550085465,0.9692129706858137
26087,LOF,0.02289298543112284,0.008591469970728773,0.9685155445981484
26088,LOF,0.016877277352715412,0.024588470205422583,0.958534252441862
26089,LOF,0.040775073050978286,0.020981679383766005,0.9382432475652557
26090,LOF,0.04049598773189234,0.01711038869117097,0.9423936235769366
26091,LOF,0.033073826138761364,0.0061013430235215575,0.9608248308377171
26092,LOF,0.021327076280081323,0.007494180435157684,0.9711787432847611
26093,LOF,0.03226902883207118,0.0058739309480417765,0.961857040219887
26094,LOF,0.0329007567321149,0.006041788519207086,0.961057454748678
26095,LOF,0.038708677314842926,0.013947895401185972,0.9473434272839711
26096,LOF,0.015981250620338696,0.0110170147139368,0.9730017346657244
26097,LOF,0.012583648064606615,0.040364952802734715,0.9470513991326588
26098,LOF,0.07784351978248916,0.012409091979557918,0.9097473882379529
26099,LOF,0.01975854503681617,0.012023890039860742,0.9682175649233231
26100,LOF,0.02181391236391813,0.011774428997942238,0.9664116586381396
26101,LOF,0.043277764223809745,0.017571067410891927,0.9391511683652982
26102,LOF,0.01948242092477868,0.013630405338116028,0.9668871737371053
26103,Neutral,0.8843954221114793,0.01838092523338254,0.09722365265513819
26104,LOF,0.07758998669724804,0.02311779786597353,0.8992922154367785
26105,LOF,0.2051478638048648,0.24441451437202524,0.55043762182311
26106,LOF,0.1645491774309937,0.12037185683423623,0.71507896573477
26107,LOF,0.22209897514748292,0.0812958824346979,0.6966051424178192
26108,LOF,0.2122189299393791,0.08756401258936644,0.7002170574712544
26109,LOF,0.08045365638886018,0.057887061406426306,0.8616592822047137
26110,LOF,0.2157093336952204,0.006236571635234592,0.778054094669545
26111,Neutral,0.5110817924332092,0.02399691334083782,0.464921294225953
26112,LOF,0.033343046940584195,0.006732978110660955,0.9599239749487549
26113,LOF,0.059774565718421095,0.01451346398530542,0.9257119702962734
26114,LOF,0.024546445612003736,0.03259266997944698,0.9428608844085493
26115,LOF,0.08201778820978811,0.052771950547166754,0.8652102612430451
26116,LOF,0.05695904286899046,0.05775689854824901,0.8852840585827606
26117,LOF,0.4543187888972404,0.04065992274205367,0.5050212883607059
26118,LOF,0.03295882126744045,0.02373471676686414,0.9433064619656953
26119,LOF,0.023838774503717273,0.03690151248767453,0.9392597130086081
26120,LOF,0.02463487236827594,0.01829891564489999,0.957066211986824
26121,LOF,0.042042845267288145,0.07887835141203707,0.8790788033206748
26122,LOF,0.04303071412884712,0.037914083144728404,0.9190552027264245
