feature0,prediction,LoGoFunc_Neutral,LoGoFunc_GOF,LoGoFunc_LOF
25546,Neutral,0.6804640588618374,0.06238380532518202,0.2571521358129807
25547,Neutral,0.5086089534730635,0.10347385527712034,0.38791719124981616
25548,Neutral,0.5010537915106679,0.09019502715783513,0.4087511813314969
25549,LOF,0.43585853833943206,0.09306193552328264,0.4710795261372853
25550,LOF,0.3772960840780181,0.1314154408103478,0.4912884751116341
25551,LOF,0.32625761219725125,0.1430048589089383,0.5307375288938104
25552,LOF,0.262232916842907,0.13526949821133827,0.6024975849457548
25553,Neutral,0.8246798147629512,0.04528790868803754,0.13003227654901123
25554,LOF,0.2991786362483892,0.13053987974455494,0.5702814840070558
25555,LOF,0.24903179362272945,0.12001023640201847,0.6309579699752521
25556,Neutral,0.458967085937554,0.10492856693540416,0.4361043471270419
25557,LOF,0.23388515092934542,0.12582206827462541,0.6402927807960291
25558,LOF,0.30127353279885777,0.12852070886334457,0.5702057583377976
25559,LOF,0.1714125643649198,0.1258824783624008,0.7027049572726795
25560,LOF,0.15401434654056345,0.10585696774684497,0.7401286857125915
25561,LOF,0.1523001303216599,0.12362413711644477,0.7240757325618953
25562,LOF,0.07067113642465889,0.07532153884904241,0.8540073247262987
25563,LOF,0.020496434236877407,0.11966598969159181,0.8598375760715308
25564,LOF,0.21862086042174358,0.11557398916964622,0.6658051504086102
25565,LOF,0.23347141316398648,0.12237465027527661,0.6441539365607369
25566,GOF,0.10786020076172949,0.7034220337527045,0.18871776548556607
25567,LOF,0.03573050247059397,0.12048687002801214,0.8437826275013939
25568,LOF,0.05917498929654321,0.06895949600895629,0.8718655146945005
25569,LOF,0.05882209903691234,0.07035451880671172,0.870823382156376
25570,LOF,0.028357937623283452,0.09422598652335648,0.87741607585336
25571,LOF,0.027747128804537072,0.09586658962485896,0.8763862815706039
25572,LOF,0.06149045064600652,0.11958161168957489,0.8189279376644186
25573,LOF,0.05420700247100331,0.0826399133833839,0.8631530841456128
25574,LOF,0.05268911826628968,0.16216483352847405,0.7851460482052363
25575,LOF,0.024052259941694985,0.11807430054043151,0.8578734395178734
25576,LOF,0.03366399912464225,0.15766650034114216,0.8086695005342157
25577,LOF,0.02980252111888406,0.1088311316248479,0.861366347256268
25578,LOF,0.2800671674115861,0.0778440943121618,0.6420887382762521
25579,LOF,0.12656630065950675,0.0829863453924936,0.7904473539479997
25580,LOF,0.0193286242432639,0.07244296683062795,0.9082284089261081
25581,LOF,0.05303516852440507,0.06599590677495835,0.8809689247006365
25582,LOF,0.05264899805116437,0.0650168074318084,0.8823341945170272
25583,LOF,0.019994154698841925,0.07395213238346918,0.9060537129176889
25584,Neutral,0.6469249527050217,0.1058722895104606,0.24720275778451783
25585,LOF,0.03475764126159156,0.12512613235766076,0.8401162263807478
25586,LOF,0.018046132661537154,0.06718437564742824,0.9147694916910346
25587,LOF,0.01708329040982514,0.06054156379743385,0.9223751457927409
25588,LOF,0.02022744972126588,0.06666501822030911,0.9131075320584249
25589,Neutral,0.4574243324639828,0.19981600318020606,0.3427596643558111
25590,LOF,0.048059290037193794,0.10252639290580161,0.8494143170570047
25591,LOF,0.09116909967336405,0.05611862083291985,0.8527122794937161
25592,LOF,0.05574097622850852,0.12180418899041252,0.8224548347810788
25593,LOF,0.1269274997299365,0.23158440308573328,0.6414880971843302
25594,LOF,0.04538228161542401,0.10109851737268452,0.8535192010118915
25595,LOF,0.04293251226372656,0.07558486583181041,0.8814826219044629
25596,LOF,0.0996419392458508,0.043387685346543595,0.8569703754076056
25597,LOF,0.08532791308893445,0.05563922673503982,0.8590328601760258
25598,LOF,0.04415990417240452,0.07747748151089133,0.8783626143167041
25599,GOF,0.021517308724234775,0.5547793339464191,0.42370335732934605
25600,GOF,0.17786986757101106,0.5150767375945863,0.3070533948344028
25601,LOF,0.04015627456630179,0.40313000711734187,0.5567137183163564
25602,LOF,0.03964637278550031,0.05423532081647413,0.9061183063980256
25603,LOF,0.03704111402342588,0.027431917046927445,0.9355269689296466
25604,LOF,0.03772952503003413,0.050458642438658545,0.9118118325313075
25605,LOF,0.04438483382085608,0.17170786834962906,0.7839072978295148
25606,LOF,0.43746153289030576,0.0935406464657626,0.4689978206439317
25607,LOF,0.02624721866072016,0.15842161794246523,0.8153311633968147
25608,LOF,0.03634143040668366,0.06669854329248841,0.8969600263008279
25609,GOF,0.16733701663832506,0.5462130973302944,0.28644988603138044
25610,LOF,0.01644658795214637,0.0290213197005586,0.954532092347295
25611,LOF,0.015633460593024923,0.03214833530856657,0.9522182040984084
25612,LOF,0.04765489644470616,0.03874220492395849,0.9136028986313353
25613,LOF,0.04530781644172584,0.039560821422343545,0.9151313621359306
25614,LOF,0.02341146637268344,0.027187802149920882,0.9494007314773957
25615,LOF,0.04666830685570628,0.03667717298837031,0.9166545201559233
25616,LOF,0.04898930414072795,0.027034535866171282,0.9239761599931009
25617,LOF,0.044970247955342386,0.03426865252051996,0.9207610995241376
25618,LOF,0.05500077890459778,0.033774694348832096,0.9112245267465701
25619,LOF,0.015364186939153219,0.03255401458101785,0.952081798479829
25620,LOF,0.06347171114984777,0.038693157988823446,0.8978351308613287
25621,LOF,0.05059682159716465,0.030847408772773675,0.9185557696300617
25622,LOF,0.06345512449892625,0.03198465502762076,0.904560220473453
25623,LOF,0.0772926412593474,0.02822457051257678,0.8944827882280759
25624,LOF,0.019176707072820442,0.03786352423837261,0.9429597686888069
25625,LOF,0.06694915944598184,0.04024187075852481,0.8928089697954934
25626,LOF,0.04728612068790645,0.03688409590940288,0.9158297834026906
25627,Neutral,0.8878117756926868,0.02150200647588681,0.09068621783142657
25628,LOF,0.1279434016667654,0.059304422079268615,0.8127521762539659
25629,LOF,0.05873149763053082,0.04284592896849537,0.8984225734009738
25630,LOF,0.24296547267463334,0.07783983441075439,0.6791946929146123
25631,Neutral,0.5428165891499784,0.06722536119872623,0.3899580496512954
25632,LOF,0.024971974221710675,0.06461126812343375,0.9104167576548555
25633,LOF,0.18595534608082995,0.036081449699238884,0.7779632042199311
25634,LOF,0.0345245140772826,0.07694295820582925,0.8885325277168882
25635,LOF,0.040653299079123434,0.0435080494858833,0.9158386514349933
25636,LOF,0.03774427542902048,0.47661663981077557,0.48563908476020407
25637,LOF,0.08576784160844642,0.43283377422489544,0.48139838416665814
25638,LOF,0.047871095040660436,0.28004042009446295,0.6720884848648766
25639,LOF,0.03513416050630676,0.3390995284309633,0.62576631106273
25640,Neutral,0.8130031165728047,0.14213388074196215,0.04486300268523315
25641,LOF,0.0534960395286673,0.43087857506459987,0.5156253854067329
25642,LOF,0.047023667134691284,0.13587591077062336,0.8171004220946854
25643,LOF,0.20990904372831473,0.14086781936871245,0.6492231369029728
25644,GOF,0.021856481720662638,0.490000223003974,0.48814329527536343
25645,LOF,0.019383853354998024,0.443808011849567,0.536808134795435
25646,LOF,0.04621539755743971,0.3609347750669097,0.5928498273756506
25647,LOF,0.023578993244030524,0.2664709226544444,0.7099500841015252
25648,LOF,0.02704209753425354,0.2596453088470461,0.7133125936187004
25649,LOF,0.015194566234577642,0.2504198419708799,0.7343855917945424
25650,LOF,0.051766829543599256,0.4241075533644181,0.5241256170919827
25651,LOF,0.01572216106770507,0.2748867627187716,0.7093910762135233
25652,LOF,0.02847891101486532,0.26099262847699717,0.7105284605081376
25653,LOF,0.08262999517073555,0.3898877962944024,0.527482208534862
25654,LOF,0.023686708217012516,0.20963653562567078,0.7666767561573167
25655,LOF,0.21968303839314265,0.35764329188096217,0.4226736697258952
25656,LOF,0.30305814116713814,0.04270822110144088,0.654233637731421
25657,LOF,0.07737421226802371,0.05182030299793827,0.870805484734038
25658,LOF,0.3703831489938553,0.051293164198133026,0.5783236868080116
25659,Neutral,0.5286388763587877,0.07350709634527064,0.3978540272959417
25660,LOF,0.025674071315573727,0.08065244513056326,0.893673483553863
25661,LOF,0.08965982609249534,0.05836179430586351,0.8519783796016411
25662,LOF,0.032534570588100956,0.03361324712106018,0.9338521822908389
25663,LOF,0.03851982043994111,0.04423742968766702,0.9172427498723918
25664,LOF,0.13533056707105304,0.052459216995376645,0.8122102159335703
25665,LOF,0.05134113217321509,0.031219105007353223,0.9174397628194316
25666,LOF,0.09197422579417566,0.0764349183392777,0.8315908558665467
25667,LOF,0.06545851202064903,0.04516594497602528,0.8893755430033257
25668,LOF,0.03647726623592003,0.04437790569450325,0.9191448280695768
25669,LOF,0.03391998273373922,0.052968156726178044,0.9131118605400826
25670,LOF,0.13389578196028887,0.04348717040830652,0.8226170476314046
25671,LOF,0.09062831916912935,0.0316934001154969,0.8776782807153737
25672,LOF,0.051305078970141596,0.042017023420870554,0.9066778976089879
25673,LOF,0.08383257541252802,0.038330799166940946,0.8778366254205311
25674,LOF,0.07028710711968116,0.04805294284940796,0.8816599500309109
25675,LOF,0.11705260993208132,0.047806597354612686,0.835140792713306
25676,LOF,0.018333877226374237,0.05019414719971059,0.9314719755739153
25677,LOF,0.02478589247337912,0.06648290792673851,0.9087311995998824
25678,LOF,0.17473452831117411,0.05946381419176206,0.7658016574970637
25679,LOF,0.129236752940574,0.07746373771148857,0.7932995093479375
25680,LOF,0.028182291328481043,0.11031595089324489,0.861501757778274
25681,LOF,0.04658770211204039,0.1017324251795748,0.8516798727083847
25682,LOF,0.1454445538826593,0.0636834912869621,0.7908719548303786
25683,LOF,0.12376953644426933,0.07968539471810845,0.7965450688376222
25684,LOF,0.04191519526668863,0.06320613492895041,0.8948786698043609
25685,LOF,0.12754271506601603,0.04841910779827806,0.8240381771357058
25686,LOF,0.07651032570535128,0.091768503143729,0.8317211711509197
25687,LOF,0.11905387905104077,0.08381379350030349,0.7971323274486557
25688,LOF,0.29016388336800214,0.03434156985197829,0.6754945467800195
25689,LOF,0.21881024748608666,0.04316433686151036,0.738025415652403
25690,LOF,0.33378064182541717,0.03304714070573243,0.6331722174688503
25691,Neutral,0.6649869202882939,0.03223960629025144,0.3027734734214546
25692,LOF,0.2876270900196133,0.011677749797744151,0.7006951601826427
25693,LOF,0.04926579267655057,0.4696330251096757,0.48110118221377385
25694,LOF,0.13048747988038623,0.021622970293022174,0.8478895498265917
25695,LOF,0.12144601857686672,0.018875419748006196,0.8596785616751271
25696,LOF,0.11332582714184337,0.009952789071432705,0.8767213837867239
25697,LOF,0.11834847181104652,0.024490202163854384,0.8571613260250991
25698,LOF,0.32895362212661383,0.24926584765315785,0.4217805302202284
25699,LOF,0.4126185107810823,0.043707328192389344,0.5436741610265284
25700,LOF,0.04844301103380562,0.011117501069711645,0.9404394878964828
25701,LOF,0.1709898342754679,0.0577209923443407,0.7712891733801914
25702,GOF,0.16952083769217194,0.5335560232580878,0.29692313904974027
25703,LOF,0.015106702467702729,0.15133114962450842,0.8335621479077888
25704,LOF,0.049917430441939845,0.11061886986127514,0.8394636996967849
25705,LOF,0.05480096437107472,0.18709848488256794,0.7581005507463572
25706,LOF,0.08882550871108458,0.3434834968015966,0.5676909944873187
25707,LOF,0.08332111177596843,0.29545956761521774,0.6212193206088138
25708,LOF,0.02817457143275365,0.28206263406591897,0.6897627945013274
25709,LOF,0.05287869755916685,0.04211725915840927,0.9050040432824239
25710,LOF,0.010904456660880697,0.13058021611189705,0.8585153272272222
25711,LOF,0.018314446642080928,0.0900694576823549,0.8916160956755641
25712,LOF,0.013100132265619829,0.16759916538340502,0.8193007023509751
25713,LOF,0.017506290087421602,0.08055517469975969,0.9019385352128186
25714,LOF,0.06640279909981472,0.07592863125971938,0.8576685696404659
25715,LOF,0.009817419906667754,0.1431478768617644,0.8470347032315678
25716,LOF,0.013020101182175902,0.11323860961995941,0.8737412891978648
25717,LOF,0.012998187795798788,0.0784885192709769,0.9085132929332242
25718,LOF,0.010961894543673413,0.10745962345933802,0.8815784819969886
25719,LOF,0.017563420666603047,0.08247352960188213,0.8999630497315149
25720,LOF,0.02035693192837209,0.06997459356197964,0.9096684745096482
25721,LOF,0.015532296485982294,0.11012405070966794,0.8743436528043499
25722,LOF,0.01319300328694412,0.12308121010950022,0.8637257866035556
25723,LOF,0.021010274063456635,0.04595709114870673,0.9330326347878366
25724,LOF,0.02391897145701712,0.07996872379669928,0.8961123047462837
25725,LOF,0.011051173536384512,0.07078778784641111,0.9181610386172044
25726,LOF,0.013822277898771438,0.09861352242291507,0.8875641996783136
25727,LOF,0.012810971365966008,0.08361914021946067,0.9035698884145733
25728,LOF,0.009324755107296509,0.10496256334157493,0.8857126815511285
25729,LOF,0.00972892438019228,0.1083463225607808,0.8819247530590268
25730,LOF,0.01330667055080913,0.08152326962882,0.9051700598203709
25731,LOF,0.020284455985280465,0.10494612483991711,0.8747694191748023
25732,LOF,0.014125005602701947,0.07915341127609617,0.9067215831212018
25733,LOF,0.015296206126330116,0.07454593966848556,0.9101578542051844
25734,LOF,0.012456047786974567,0.1205524491201873,0.8669915030928381
25735,LOF,0.012651479909563475,0.07936279383989123,0.9079857262505453
25736,LOF,0.013311272685197703,0.10588786772025022,0.8808008595945521
25737,LOF,0.020546506373919856,0.08291186262020386,0.8965416310058764
25738,LOF,0.012524267285493194,0.11844999572559738,0.8690257369889095
25739,LOF,0.01864379476355001,0.0783010320801693,0.9030551731562807
25740,LOF,0.025209624639681433,0.09737792309128444,0.8774124522690342
25741,LOF,0.013608799187268223,0.1063251799985175,0.8800660208142144
25742,LOF,0.10562322805278843,0.07833249509838189,0.8160442768488296
25743,LOF,0.03271997104856587,0.036628447578517784,0.9306515813729163
25744,Neutral,0.5531525663590686,0.22915028960172162,0.21769714403920984
25745,LOF,0.09106772677256793,0.062189937039226754,0.8467423361882053
25746,LOF,0.04132087225675229,0.06866413773908946,0.8900149900041582
25747,LOF,0.022708012955419327,0.040116808538436084,0.9371751785061446
25748,LOF,0.10947191717397252,0.05772225757088767,0.8328058252551399
25749,LOF,0.024512016576700584,0.07337488077364884,0.9021131026496505
25750,LOF,0.07747150403195795,0.07879225304870993,0.8437362429193321
25751,LOF,0.09516570304873403,0.05924675758206876,0.8455875393691973
25752,GOF,0.11097241491036293,0.6722576406050907,0.2167699444845463
25753,LOF,0.018546692434632164,0.2691592674029667,0.7122940401624012
25754,GOF,0.010462146579174155,0.7678186364104241,0.22171921701040181
25755,LOF,0.02318174860544612,0.398029167595325,0.5787890837992289
25756,LOF,0.03853973554606011,0.37886302321253895,0.582597241241401
25757,GOF,0.014009958304110682,0.8239417531401388,0.1620482885557505
25758,GOF,0.029414795713427658,0.8116305377565499,0.1589546665300225
25759,GOF,0.011749753989954238,0.5251955557812141,0.4630546902288316
25760,LOF,0.01278774133425866,0.22436304293166612,0.7628492157340752
25761,GOF,0.28451839530587464,0.6021390986493271,0.11334250604479834
25762,LOF,0.03698081973707083,0.26429610071730014,0.6987230795456291
25763,LOF,0.01404560158903093,0.19535418815403757,0.7906002102569315
25764,GOF,0.07310455142634964,0.61392129622605,0.31297415234760034
25765,GOF,0.04362360811533333,0.7546778885471013,0.20169850333756528
25766,GOF,0.06330492674663403,0.7646825104973087,0.17201256275605728
25767,GOF,0.1750180861792837,0.41535403154697637,0.4096278822737401
25768,LOF,0.09197743461824645,0.06421584636320958,0.8438067190185439
25769,LOF,0.06140904209982361,0.0593608647153734,0.8792300931848029
25770,LOF,0.2842204851351861,0.08650883255793511,0.6292706823068788
25771,LOF,0.03931732483257458,0.04539662010738812,0.9152860550600374
25772,LOF,0.01599483060393176,0.03327127120238866,0.9507338981936795
25773,LOF,0.042786188902335605,0.07970274557841107,0.8775110655192533
25774,LOF,0.02912534022673319,0.06990092266062636,0.9009737371126405
25775,LOF,0.044178176160501355,0.04484090178243244,0.9109809220570663
25776,LOF,0.07121334018601963,0.0242406874330234,0.9045459723809569
25777,LOF,0.3299925053915937,0.04553852771998457,0.6244689668884218
25778,LOF,0.0600729802138934,0.0502125221437751,0.8897144976423316
25779,GOF,0.37060263787843195,0.584309305526869,0.04508805659469911
25780,GOF,0.3127123488479415,0.617426604108264,0.06986104704379453
25781,GOF,0.15483533690438617,0.7404040710247167,0.1047605920708971
25782,GOF,0.20681458985049664,0.7183240666085263,0.07486134354097697
25783,GOF,0.029760213000417955,0.6490898949588721,0.32114989204071
25784,Neutral,0.48503951001530515,0.468098050395874,0.04686243958882082
25785,GOF,0.3664140527406979,0.5879019530530089,0.045683994206293335
25786,GOF,0.026809194533921353,0.7728216657937438,0.20036913967233497
25787,Neutral,0.6509165362000854,0.3228475922331238,0.02623587156679082
25788,LOF,0.047277894027892925,0.10952899227784088,0.8431931136942662
25789,GOF,0.1957851515599276,0.6565985356238275,0.1476163128162448
25790,GOF,0.19386407488860888,0.6926355927779347,0.11350033233345654
25791,GOF,0.13574820105121208,0.6829514149373838,0.1813003840114042
25792,GOF,0.2969097847695879,0.5628427248237119,0.14024749040670015
25793,GOF,0.24372334907303037,0.5649182603754245,0.19135839055154522
25794,GOF,0.3222037128921063,0.5008054181261727,0.17699086898172103
25795,GOF,0.07113267208701013,0.6990587673219701,0.22980856059101976
25796,Neutral,0.5356042746872811,0.3819324720945826,0.08246325321813619
25797,GOF,0.0948529140727599,0.5512703361694433,0.35387674975779676
25798,GOF,0.0100949151715412,0.5009043684193013,0.48900071640915754
25799,LOF,0.006947844594075364,0.40282072163675936,0.5902314337691652
25800,GOF,0.03248321833881686,0.5819249439287831,0.3855918377323999
25801,GOF,0.17919519111019855,0.692406980582947,0.12839782830685445
25802,GOF,0.07535233354066144,0.7158290544182989,0.20881861204103966
25803,GOF,0.03742391604736368,0.5756192444448041,0.3869568395078322
25804,GOF,0.03366466256533797,0.49201470771814243,0.47432062971651967
25805,GOF,0.0955863522901561,0.6358049234629388,0.268608724246905
25806,GOF,0.09326625648278564,0.6163089842801038,0.29042475923711053
25807,GOF,0.02089354168960669,0.644027593394088,0.33507886491630523
25808,GOF,0.07748549191429976,0.6582391664120206,0.26427534167367955
25809,GOF,0.019000426978701013,0.5753025330535136,0.4056970399677854
25810,GOF,0.017599113818365895,0.604868737565419,0.3775321486162152
25811,GOF,0.4421919027007935,0.4774065182883444,0.08040157901086202
25812,GOF,0.029520789932261673,0.6225583838757967,0.34792082619194153
25813,Neutral,0.5088222266234561,0.39112984125829225,0.10004793211825166
25814,GOF,0.10942239248984957,0.6355293070759613,0.2550483004341891
25815,GOF,0.19388376419458864,0.6084208661470951,0.19769536965831624
25816,GOF,0.024981846330196948,0.7269368167980186,0.24808133687178438
25817,GOF,0.23493189313510357,0.6246589672040608,0.14040913966083568
25818,GOF,0.05343906181857414,0.691211305496579,0.2553496326848468
25819,GOF,0.35280811696826303,0.5047936478321637,0.14239823519957331
25820,GOF,0.17888669632605428,0.6186254244854954,0.20248787918845038
25821,GOF,0.05593564961852286,0.6769449363841495,0.26711941399732764
25822,GOF,0.20933494480165563,0.5981410122359346,0.19252404296240966
25823,GOF,0.03492289852903965,0.5322025949745741,0.43287450649638637
25824,GOF,0.10197511063547443,0.6142319182386752,0.2837929711258504
25825,GOF,0.03868008573169408,0.6130915369368521,0.3482283773314537
25826,GOF,0.017062324590444364,0.5967939248357528,0.38614375057380285
25827,GOF,0.02564572392899796,0.6076606041301814,0.3666936719408205
25828,GOF,0.014692543999459169,0.5422607885103459,0.4430466674901949
25829,GOF,0.006199171060992796,0.5761120335720598,0.4176887953669475
25830,LOF,0.03318699359792262,0.27705310166697766,0.6897599047350997
25831,GOF,0.23658992208960103,0.631489160946208,0.131920916964191
25832,GOF,0.03231517827491357,0.7007679541407096,0.2669168675843769
25833,GOF,0.12115393434726386,0.7129742373682845,0.16587182828445157
25834,GOF,0.03239541722495841,0.712248157403628,0.25535642537141356
25835,GOF,0.06556079258922566,0.7526990850694945,0.18174012234127987
25836,GOF,0.03356799086718176,0.6745611986615268,0.29187081047129143
25837,GOF,0.025152970021552087,0.6168637367809919,0.357983293197456
25838,GOF,0.08865102406612192,0.7690092468927467,0.14233972904113132
25839,GOF,0.2997352446855193,0.5530874601163503,0.14717729519813028
25840,GOF,0.2605048776716714,0.6012733704356256,0.13822175189270303
25841,GOF,0.2626095943185051,0.610355175550444,0.12703523013105075
25842,GOF,0.14718673082734335,0.7306721385305409,0.12214113064211579
25843,GOF,0.21281619254113446,0.7024025449889887,0.08478126246987693
25844,GOF,0.059656948262035804,0.7457249227738123,0.1946181289641518
25845,GOF,0.014883846875695095,0.5346097802245587,0.45050637289974615
25846,GOF,0.12127945065462711,0.7387002869764286,0.14002026236894427
25847,GOF,0.10379874202881013,0.8001290122313159,0.09607224573987388
25848,GOF,0.037662967589453825,0.7316314136884089,0.23070561872213727
25849,GOF,0.010997549936064418,0.6202031186232854,0.36879933144065025
25850,GOF,0.022185801561230616,0.6638520048953122,0.3139621935434572
25851,GOF,0.01622889785955822,0.5523398440057248,0.4314312581347169
25852,GOF,0.15549519726639877,0.5590032961246051,0.2855015066089961
25853,GOF,0.3425865970218016,0.5793471616960029,0.07806624128219551
25854,GOF,0.023448560824699302,0.6138827836160071,0.36266865555929356
25855,GOF,0.03339899161997994,0.5711411482484586,0.39545986013156137
25856,GOF,0.23683864076095243,0.5572258484781162,0.20593551076093125
25857,GOF,0.039149036515303264,0.5189031373447125,0.44194782613998435
25858,GOF,0.02187715313544064,0.5254101900307079,0.45271265683385153
25859,GOF,0.01075024547823231,0.5035822143852604,0.48566754013650726
25860,GOF,0.3344453520501497,0.5849697280622721,0.08058491988757814
25861,GOF,0.4193678229331501,0.507193269006934,0.07343890805991594
25862,GOF,0.0773914583053321,0.7789906371245254,0.14361790457014234
25863,GOF,0.0812250630497364,0.7845777310058332,0.13419720594443035
25864,GOF,0.1906177914482352,0.7357340434304607,0.073648165121304
25865,GOF,0.08781906832277273,0.7996354887563855,0.11254544292084172
25866,GOF,0.05269593617574887,0.7936700792847134,0.15363398453953767
25867,GOF,0.08170639875071622,0.8163188904230505,0.10197471082623326
25868,GOF,0.2512803543483641,0.6499030291137926,0.09881661653784318
25869,Neutral,0.7175307873489998,0.23929613117075618,0.04317308148024397
25870,GOF,0.29808537471996116,0.40000220574788353,0.3019124195321553
25871,GOF,0.20994736268340577,0.6515434969394099,0.1385091403771842
25872,GOF,0.07849225761736285,0.6715136811457613,0.249994061236876
25873,GOF,0.11130722237455194,0.71894561345544,0.1697471641700082
25874,LOF,0.014491331103352791,0.12408130197205114,0.861427366924596
25875,LOF,0.0863830073410624,0.041037692884287866,0.8725792997746499
25876,LOF,0.03433735901571376,0.029261492618224177,0.9364011483660619
25877,Neutral,0.5106121793081417,0.038637616707171356,0.4507502039846869
25878,LOF,0.21913231381687973,0.08935495072779813,0.6915127354553221
25879,LOF,0.0834956713895192,0.0888184090820184,0.8276859195284624
25880,LOF,0.04150822352327831,0.013526560513741386,0.9449652159629804
25881,LOF,0.15820038050787114,0.12521970691397535,0.7165799125781535
25882,LOF,0.06424133271733333,0.017455637893578565,0.918303029389088
25883,LOF,0.06707259448863839,0.019385397195935464,0.9135420083154262
25884,LOF,0.032106952690327366,0.027006573887363567,0.9408864734223091
25885,LOF,0.06029601340711441,0.011181556315824803,0.9285224302770608
25886,LOF,0.25808219514097214,0.04019010259122123,0.7017277022678067
25887,LOF,0.1339156315584914,0.06981676850280859,0.7962675999387
25888,LOF,0.057344513411175885,0.06173640160947884,0.8809190849793453
25889,LOF,0.038461855664430646,0.019466721899144283,0.9420714224364249
25890,LOF,0.04968442038882895,0.14387839894660068,0.8064371806645704
25891,LOF,0.03757105567610902,0.05705277354118285,0.905376170782708
25892,LOF,0.08027784982114777,0.026032522436372857,0.8936896277424794
25893,LOF,0.2574056902794356,0.02053042313501056,0.7220638865855538
25894,LOF,0.19209277989838602,0.01336488708059536,0.7945423330210186
25895,LOF,0.19087927105865954,0.023751175529000905,0.7853695534123397
25896,LOF,0.04884982073283118,0.023403518704770466,0.9277466605623983
25897,LOF,0.2650910183481195,0.014318819711128628,0.720590161940752
25898,Neutral,0.7027091668452278,0.011040950538842138,0.28624988261593015
25899,LOF,0.2148389079772151,0.022192250307295686,0.7629688417154892
25900,LOF,0.46535546804450595,0.014378573330721385,0.5202659586247727
25901,LOF,0.04850484358356681,0.0123311879448239,0.9391639684716092
25902,LOF,0.16033099126345268,0.01572476881386948,0.8239442399226778
25903,Neutral,0.5870724145718207,0.03210268136024755,0.38082490406793174
25904,LOF,0.3148327659901306,0.042110938458677576,0.6430562955511918
25905,LOF,0.0201036842860076,0.3442492311690676,0.6356470845449248
25906,LOF,0.026212418611872013,0.08684744463423023,0.8869401367538977
25907,LOF,0.012111315879833691,0.3328481079285095,0.6550405761916569
25908,LOF,0.008880127466570572,0.2658348799852756,0.7252849925481538
25909,LOF,0.012120754967555906,0.13039048082004195,0.857488764212402
25910,LOF,0.05103305266546747,0.14625819585427327,0.8027087514802593
25911,LOF,0.18651640907984873,0.02627493382639544,0.7872086570937559
25912,LOF,0.045077952423643826,0.04251308944238745,0.9124089581339686
25913,LOF,0.351736317829417,0.021545111613615015,0.626718570556968
25914,LOF,0.021648623750076153,0.05386523737992022,0.9244861388700036
25915,Neutral,0.5857826980974895,0.13842974775888744,0.2757875541436231
25916,LOF,0.08276679585658311,0.2006607622668827,0.7165724418765341
25917,LOF,0.0651919806356345,0.038653999918632824,0.8961540194457327
25918,LOF,0.02362400243652918,0.03065150460593019,0.9457244929575407
25919,LOF,0.020893538730423024,0.03379903275005443,0.9453074285195225
25920,GOF,0.10702599776137878,0.527671764838016,0.3653022374006052
25921,LOF,0.026036982429005994,0.03887322439509826,0.9350897931758958
25922,LOF,0.035315495105411134,0.028537326054438986,0.9361471788401499
25923,LOF,0.46705537722313806,0.0352550177126595,0.49768960506420235
25924,LOF,0.035017759646874,0.04468132632618359,0.9203009140269425
25925,LOF,0.07083659339353962,0.03992982434398898,0.8892335822624715
25926,LOF,0.05081587534524512,0.036629787796316225,0.9125543368584387
25927,LOF,0.06052792345219248,0.14896968164621524,0.7905023949015922
25928,LOF,0.019250962269811756,0.05484383519546492,0.9259052025347233
25929,Neutral,0.5820555145653589,0.03762779505831487,0.3803166903763262
25930,LOF,0.07542941209335842,0.031486426717614355,0.8930841611890272
25931,LOF,0.024603474173349404,0.035796748421022956,0.9395997774056276
25932,LOF,0.028864240592542313,0.02900887863348114,0.9421268807739764
25933,LOF,0.03937330677076018,0.017153342501148427,0.9434733507280914
25934,LOF,0.024074341252996106,0.022202701527917743,0.9537229572190861
25935,LOF,0.06150369258027497,0.047868482008763015,0.890627825410962
25936,LOF,0.043775481410128006,0.02618152823311285,0.9300429903567592
25937,LOF,0.02610264490921512,0.03955100874199218,0.9343463463487927
25938,LOF,0.062396871329373334,0.05472058292675714,0.8828825457438695
25939,LOF,0.04208540131224015,0.01995433537985717,0.9379602633079027
25940,LOF,0.04029934812092251,0.34892894443887834,0.6107717074401992
25941,LOF,0.18160393542920758,0.08253915073612558,0.7358569138346668
25942,LOF,0.012156700758661524,0.03720398399408228,0.9506393152472561
25943,LOF,0.31905657872099497,0.054757559819884685,0.6261858614591204
25944,Neutral,0.4911124568166075,0.020260970069459594,0.4886265731139329
25945,LOF,0.06908632697507798,0.019245848862800487,0.9116678241621216
25946,LOF,0.032174935978649774,0.11307845473913013,0.8547466092822201
25947,LOF,0.10612332498229911,0.1666307441209146,0.7272459308967864
25948,LOF,0.35900208829717545,0.008383492293435171,0.6326144194093893
25949,LOF,0.13112969924870524,0.03659730051589667,0.8322730002353981
25950,LOF,0.331277689689652,0.33419922880506464,0.33452308150528337
25951,LOF,0.18820257326097886,0.2859088829097154,0.5258885438293058
25952,GOF,0.050457734273803324,0.500856938438105,0.44868532728809163
25953,LOF,0.1580098378250417,0.11080532407391186,0.7311848381010464
25954,Neutral,0.40806604473216235,0.2068899582158265,0.38504399705201103
25955,LOF,0.06530088360821881,0.08840068416247335,0.8462984322293078
25956,LOF,0.14681442747044302,0.1084737774554464,0.7447117950741106
25957,LOF,0.037179934998799166,0.027984657750120635,0.9348354072510802
25958,LOF,0.0556528389799615,0.028031064675892184,0.9163160963441463
25959,LOF,0.07470168401580606,0.3207228031309837,0.6045755128532102
25960,LOF,0.014329947950614404,0.05375943912150208,0.9319106129278835
25961,LOF,0.042068611487117796,0.02666364523466995,0.9312677432782122
25962,LOF,0.06092883617062219,0.03217736988920721,0.9068937939401706
25963,LOF,0.043885983060808514,0.1981417129232338,0.7579723040159577
25964,LOF,0.0317728495675824,0.1551513476608488,0.8130758027715688
25965,LOF,0.4590505666571541,0.0627526487394919,0.4781967846033539
25966,Neutral,0.5096410776968759,0.1713639992425046,0.3189949230606195
25967,LOF,0.016770642283359016,0.10464142493660188,0.8785879327800392
25968,LOF,0.03584886527955545,0.37925853197594467,0.5848926027444998
25969,LOF,0.035630131728624385,0.0706422967095539,0.8937275715618217
25970,LOF,0.05142822530926207,0.06089551572365715,0.8876762589670807
25971,LOF,0.06635027172257975,0.021277654816427412,0.9123720734609928
25972,LOF,0.0626057299477011,0.03149560686140977,0.9058986631908892
25973,LOF,0.07012165665032154,0.011056803600570554,0.9188215397491079
25974,LOF,0.1811927554593405,0.018340176482165852,0.8004670680584937
25975,LOF,0.04527710512731873,0.03223467397589772,0.9224882208967835
25976,LOF,0.0399564695290859,0.018295430241618817,0.9417481002292952
25977,LOF,0.1513895327317895,0.08654195701173915,0.7620685102564714
25978,LOF,0.13750896662177378,0.11459796099185594,0.7478930723863704
25979,LOF,0.13070261757380855,0.11106260014348676,0.7582347822827047
25980,LOF,0.2082137268508889,0.1379815872059715,0.6538046859431396
25981,LOF,0.23819333193109796,0.13676449801340512,0.6250421700554969
25982,LOF,0.39348493408551616,0.08627310789178794,0.5202419580226959
25983,LOF,0.3779550536077766,0.09635988153928687,0.5256850648529365
25984,LOF,0.050537392678302144,0.04889021598795667,0.9005723913337412
25985,LOF,0.040718642094747265,0.26933370544129004,0.6899476524639627
25986,LOF,0.047430442782238735,0.30239281694869924,0.650176740269062
25987,LOF,0.08744785369689022,0.06934842541398548,0.8432037208891243
25988,LOF,0.15716075482725084,0.06437299016163726,0.7784662550111119
25989,LOF,0.03687968894970871,0.11643031875691277,0.8466899922933785
25990,LOF,0.037580397999820304,0.1678039927193769,0.7946156092808028
25991,LOF,0.11623893681384356,0.2417099370164552,0.6420511261697013
25992,LOF,0.307849723003557,0.1486100008197324,0.5435402761767106
25993,LOF,0.02401391054318983,0.0738482537543981,0.902137835702412
25994,LOF,0.01913858239890204,0.08102827414749997,0.8998331434535979
25995,LOF,0.023959430756762757,0.17134918737412141,0.8046913818691159
25996,GOF,0.3160050319110911,0.3863046861699696,0.29769028191893926
25997,LOF,0.08619846403944575,0.37687867686635734,0.5369228590941969
25998,Neutral,0.5263440668975808,0.02964163715646814,0.444014295945951
25999,LOF,0.10085115234044315,0.09663061237150923,0.8025182352880476
26000,LOF,0.1380779570053706,0.03896677289292546,0.822955270101704
26001,LOF,0.1877086415124839,0.04525041838189645,0.7670409401056196
26002,LOF,0.11303389571780849,0.039091293525980245,0.8478748107562113
26003,GOF,0.010844794235142282,0.6098420504388707,0.3793131553259869
26004,GOF,0.023322378210197635,0.7082139585188075,0.2684636632709948
26005,LOF,0.006457909708350675,0.45181238866834567,0.5417297016233036
26006,Neutral,0.5415356205576947,0.24059803219562562,0.21786634724667972
26007,GOF,0.020940040012672318,0.5199565530466175,0.4591034069407103
26008,GOF,0.019236617321342162,0.6092441332082645,0.3715192494703933
26009,GOF,0.021353989626468853,0.6974035657905975,0.2812424445829335
26010,GOF,0.022515492068402986,0.6412617893755606,0.33622271855603647
26011,LOF,0.006074546035285087,0.4115182577745594,0.5824071961901555
26012,GOF,0.012241543964712859,0.5422633638043814,0.4454950922309057
26013,GOF,0.019374064661774233,0.5918945750072994,0.38873136033092653
26014,LOF,0.04088284033605038,0.1033556736651355,0.8557614859988141
26015,LOF,0.14008379783131594,0.01783175101179984,0.8420844511568842
26016,LOF,0.18242201441613032,0.06659278662862532,0.7509851989552444
26017,LOF,0.20202008599187876,0.09890751143830608,0.6990724025698152
26018,LOF,0.06996692767768656,0.04420219167059782,0.8858308806517156
26019,LOF,0.06675760358060605,0.03576960142850907,0.8974727949908848
26020,LOF,0.06241409841429195,0.10971234489048799,0.82787355669522
26021,LOF,0.045463906805119914,0.11507004897047522,0.839466044224405
26022,LOF,0.010745825097270225,0.04662901591540632,0.9426251589873235
26023,LOF,0.06051728847505419,0.02906510324147079,0.9104176082834751
26024,LOF,0.028243946336208314,0.12423824851145072,0.847517805152341
26025,LOF,0.1401394295177503,0.09785140330667938,0.7620091671755703
26026,LOF,0.30717056925725666,0.030485961850541466,0.6623434688922019
26027,LOF,0.053838235699125034,0.022563064369895,0.92359869993098
26028,LOF,0.16673296633388177,0.05949776729505482,0.7737692663710634
26029,LOF,0.06402908454564014,0.1604045835815926,0.7755663318727672
26030,LOF,0.021862907989760684,0.03656662870569846,0.941570463304541
26031,LOF,0.024194753723570786,0.11260111435897152,0.8632041319174576
26032,LOF,0.06445655496635186,0.05324154260308781,0.8823019024305603
26033,LOF,0.08624674085768116,0.05130640673046567,0.8624468524118533
26034,LOF,0.03830202939248083,0.13291758807808426,0.8287803825294349
26035,LOF,0.024437029048569876,0.12784563261670998,0.8477173383347202
26036,LOF,0.034449544319058195,0.1422801106423181,0.8232703450386237
26037,LOF,0.019734919546976572,0.10338571208169173,0.8768793683713316
26038,LOF,0.0612008034163025,0.05463972667834404,0.8841594699053534
26039,LOF,0.047786606442190516,0.1257218905020032,0.8264915030558062
26040,LOF,0.2028697046272921,0.09083882007304818,0.7062914752996597
26041,LOF,0.020776733831465166,0.09323995058374873,0.885983315584786
26042,LOF,0.01876231168312147,0.08996010389647391,0.8912775844204046
26043,LOF,0.06224295391485036,0.06212313814694344,0.8756339079382063
26044,LOF,0.017530697752910256,0.04808249750530051,0.9343868047417893
26045,LOF,0.06930030373483378,0.08586525486425023,0.844834441400916
26046,LOF,0.05740224770590045,0.05312717597864668,0.8894705763154529
26047,LOF,0.07675478778754763,0.056524315128719714,0.8667208970837327
26048,LOF,0.04299675043163927,0.03193437024110672,0.9250688793272539
26049,Neutral,0.9676935165680489,0.00541856469119882,0.02688791874075234
26050,Neutral,0.9528567070258432,0.00667974660807977,0.04046354636607696
26051,LOF,0.050703370888167384,0.25230571055192297,0.6969909185599097
26052,LOF,0.0686347803989708,0.2871852356642012,0.644179983936828
26053,LOF,0.0577331641643254,0.14412797896333693,0.7981388568723377
26054,LOF,0.04999967829119343,0.015831914429651414,0.9341684072791552
26055,LOF,0.06834602142361537,0.015378391611877195,0.9162755869645074
26056,LOF,0.05952452227648899,0.017033058430856472,0.9234424192926546
26057,LOF,0.03347337690255069,0.011650218676124806,0.9548764044213245
26058,LOF,0.03419705349042412,0.00977587473006078,0.9560270717795152
26059,LOF,0.2821299336321409,0.020915888452193814,0.6969541779156653
26060,LOF,0.0404778123702624,0.1749351906575898,0.7845869969721478
26061,LOF,0.015926086834330284,0.012436807317965334,0.9716371058477044
26062,LOF,0.009846263671919138,0.018023992566351746,0.9721297437617291
26063,LOF,0.02021059743088138,0.010276677869729795,0.9695127246993889
26064,LOF,0.019622764502826715,0.02382989085499611,0.9565473446421772
26065,LOF,0.025947701017001782,0.01065153976433348,0.9634007592186646
26066,LOF,0.020190743450544706,0.01033688263048932,0.969472373918966
26067,LOF,0.028863801010746266,0.00872473402468053,0.9624114649645732
26068,LOF,0.043999681737191515,0.025190228665245364,0.9308100895975631
26069,LOF,0.27671261302206346,0.017397775260060144,0.7058896117178763
26070,LOF,0.4253017242761925,0.015357097799929185,0.5593411779238784
26071,LOF,0.020229241588416495,0.011520416411280952,0.9682503420003026
26072,LOF,0.017012529866100183,0.023038977684808334,0.9599484924490914
26073,LOF,0.01871791389475721,0.013898899636031978,0.9673831864692108
26074,Neutral,0.916591586508034,0.005563795790344537,0.0778446177016215
26075,LOF,0.04439864999456307,0.012497867210357486,0.9431034827950795
26076,LOF,0.03761783921562647,0.008823842087765797,0.9535583186966077
26077,LOF,0.009183232483365174,0.012717723780948003,0.9780990437356869
26078,LOF,0.014278220822091908,0.011688843484982843,0.9740329356929253
26079,LOF,0.061750159596528825,0.014653621100014624,0.9235962193034566
26080,LOF,0.06119838234595356,0.01471180513074922,0.9240898125232971
26081,LOF,0.035947064769444426,0.006713333794638573,0.9573396014359171
26082,LOF,0.012822744649444107,0.013913860983483243,0.9732633943670728
26083,LOF,0.1886146589188223,0.01394003449037496,0.7974453065908027
26084,LOF,0.045342045720430664,0.012104080907861204,0.942553873371708
26085,LOF,0.039882893068743305,0.011601549486963163,0.9485155574442935
26086,LOF,0.020466479079009905,0.011344615320226188,0.968188905600764
26087,LOF,0.023785554654997376,0.008835517501154645,0.9673789278438479
26088,LOF,0.015977455981714652,0.02363290603696627,0.960389637981319
26089,LOF,0.04091838959457105,0.019334588904171376,0.9397470215012576
26090,LOF,0.04074814677859035,0.015897524100286272,0.9433543291211234
26091,LOF,0.030905765458922874,0.006258844083048966,0.9628353904580282
26092,LOF,0.02167118989599789,0.007880255451469318,0.9704485546525329
26093,LOF,0.03500162528820689,0.005947671873368243,0.9590507028384249
26094,LOF,0.032597447291038986,0.005949838443864922,0.9614527142650962
26095,LOF,0.0377866282813941,0.01441908142579255,0.9477942902928134
26096,LOF,0.017446337594992357,0.011455280936558026,0.9710983814684497
26097,LOF,0.011406510319575592,0.037944345694590785,0.9506491439858336
26098,LOF,0.08385786351907147,0.010934002259400962,0.9052081342215276
26099,LOF,0.02028798381237137,0.012275172377257223,0.9674368438103715
26100,LOF,0.02290145119439145,0.012010718609868654,0.96508783019574
26101,LOF,0.04700093402730136,0.01624437241542824,0.9367546935572705
26102,LOF,0.020153699929538794,0.01367585822575569,0.9661704418447056
26103,Neutral,0.8779809328410201,0.01794534688201042,0.10407372027696961
26104,LOF,0.08224940847205572,0.02119288356467947,0.8965577079632648
26105,LOF,0.19806381936253042,0.2651883691121973,0.5367478115252722
26106,LOF,0.1480831435280153,0.12250683521597228,0.7294100212560125
26107,LOF,0.23354540165649657,0.08341037344608805,0.6830442248974155
26108,LOF,0.23900488655878174,0.08434288548141478,0.6766522279598034
26109,LOF,0.08417034550376941,0.0568674459393616,0.8589622085568689
26110,LOF,0.1940612326989472,0.0065969837105126555,0.7993417835905401
26111,Neutral,0.5124300791012172,0.022649733810298653,0.46492018708848415
26112,LOF,0.032748812604040244,0.006711064047449164,0.9605401233485106
26113,LOF,0.06474323589674558,0.014774006506419789,0.9204827575968347
26114,LOF,0.02452033710135745,0.027131765537082086,0.9483478973615606
26115,LOF,0.0909557681791094,0.04861857573016856,0.8604256560907221
26116,LOF,0.05972447199968933,0.057575969392807826,0.8826995586075028
26117,LOF,0.44818584227977354,0.04258937776802183,0.5092247799522047
26118,LOF,0.03339676949525152,0.024866933856522208,0.9417362966482263
26119,LOF,0.023974084544764587,0.03424220513404936,0.941783710321186
26120,LOF,0.025610955315881194,0.01945637590818793,0.954932668775931
26121,LOF,0.04353404746008827,0.0835198661324877,0.872946086407424
26122,LOF,0.0478098158747677,0.03305946860014262,0.9191307155250897
