feature0,prediction,LoGoFunc_Neutral,LoGoFunc_GOF,LoGoFunc_LOF
25546,Neutral,0.6301437562180985,0.05600773205583454,0.313848511726067
25547,Neutral,0.4924753380656426,0.0845640478865844,0.4229606140477729
25548,Neutral,0.5060356314895371,0.07017970875656851,0.4237846597538943
25549,LOF,0.4315493491030524,0.07023404888066388,0.49821660201628354
25550,LOF,0.3360909146558753,0.11514784309260011,0.5487612422515246
25551,LOF,0.2982613684148505,0.1285662025153801,0.5731724290697695
25552,LOF,0.2674730960606041,0.12642370099110256,0.6061032029482932
25553,Neutral,0.7924741869793217,0.04820590326222476,0.15931990975845356
25554,LOF,0.30656548699458563,0.11530423879347329,0.5781302742119411
25555,LOF,0.26425973710542694,0.10815871087783147,0.6275815520167416
25556,LOF,0.4381194557538277,0.0857043541196386,0.47617619012653384
25557,LOF,0.25075033633115285,0.1142025444437772,0.6350471192250701
25558,LOF,0.30122930405939485,0.10794777584623777,0.5908229200943674
25559,LOF,0.25173077340293,0.14274485450616725,0.6055243720909028
25560,LOF,0.1769087685353794,0.10295139912480224,0.7201398323398184
25561,LOF,0.17471253332498435,0.12310383000696826,0.7021836366680473
25562,LOF,0.08194684733532762,0.0735570252499325,0.8444961274147398
25563,LOF,0.03095191553730163,0.12453773101063756,0.8445103534520608
25564,LOF,0.19733491757825464,0.10000415777793112,0.7026609246438142
25565,LOF,0.21349914073854745,0.14281411037907302,0.6436867488823795
25566,GOF,0.08412178420469685,0.6887211188757301,0.2271570969195731
25567,LOF,0.04275449193323699,0.19405960465501074,0.7631859034117523
25568,LOF,0.0639098936724104,0.10528539843845847,0.8308047078891311
25569,LOF,0.06073134848944632,0.1016645737484327,0.837604077762121
25570,LOF,0.02745743802395141,0.12245646938275448,0.8500860925932943
25571,LOF,0.027697752574802708,0.1297820504135571,0.8425201970116402
25572,LOF,0.06451590216066373,0.15971630651230342,0.7757677913270329
25573,LOF,0.06161817997447887,0.1226471271706696,0.8157346928548517
25574,LOF,0.06084277088912477,0.25976016040978034,0.6793970687010948
25575,LOF,0.022494999438054584,0.14127994330083324,0.8362250572611122
25576,LOF,0.02951159485047968,0.19682855626620507,0.7736598488833153
25577,LOF,0.03274711515349284,0.14584275488763462,0.8214101299588725
25578,LOF,0.29725486654241484,0.12804191571074924,0.5747032177468359
25579,LOF,0.17915228240319162,0.1256578930983212,0.6951898244984872
25580,LOF,0.019717253328764003,0.10334117791101569,0.8769415687602204
25581,LOF,0.053305208751563846,0.09690758229355105,0.8497872089548852
25582,LOF,0.052928985301871685,0.09471896310597387,0.8523520515921544
25583,LOF,0.02281808073323397,0.1133952119274778,0.8637867073392883
25584,Neutral,0.6880167681431644,0.13547158900588627,0.17651164285094928
25585,LOF,0.022509662711585065,0.1891195099807284,0.7883708273076865
25586,LOF,0.017341465807788697,0.09496820712506777,0.8876903270671435
25587,LOF,0.017234551954988873,0.08661309164337366,0.8961523564016375
25588,LOF,0.020951463645779878,0.0976073038217099,0.8814412325325103
25589,Neutral,0.4639650083829768,0.27871928639431365,0.2573157052227094
25590,LOF,0.049138586720996184,0.15499139706448928,0.7958700162145145
25591,LOF,0.09298888393789591,0.08245105695629466,0.8245600591058094
25592,LOF,0.05215394538346345,0.1949933089944457,0.7528527456220909
25593,LOF,0.10802189326804428,0.35995099434093564,0.5320271123910201
25594,LOF,0.04987099770682723,0.09019686904890124,0.8599321332442715
25595,LOF,0.04826882076927826,0.06389203474521596,0.8878391444855057
25596,LOF,0.09952315243122156,0.03307008777830041,0.867406759790478
25597,LOF,0.08460244907503099,0.04163694608062355,0.8737606048443455
25598,LOF,0.047532391097447606,0.06897028924925211,0.8834973196533003
25599,LOF,0.021115165945108465,0.43957309484972235,0.5393117392051692
25600,GOF,0.19202716718949306,0.4442811803808316,0.3636916524296753
25601,LOF,0.038729103365767986,0.3576168825843125,0.6036540140499195
25602,LOF,0.037660908233452396,0.06654235513234505,0.8957967366342027
25603,LOF,0.037419269388490654,0.037821149924511806,0.9247595806869976
25604,LOF,0.03756748496315637,0.08613592015034281,0.8762965948865007
25605,LOF,0.033853876206842125,0.18732254462407855,0.7788235791690794
25606,LOF,0.4086121082671398,0.1340215710578534,0.4573663206750068
25607,LOF,0.02956107582178268,0.18231556721700656,0.7881233569612108
25608,LOF,0.04002008340248525,0.08807910028842585,0.871900816309089
25609,GOF,0.1514708449698125,0.5281028008701474,0.32042635416004
25610,LOF,0.015773296298838495,0.04514753209232121,0.9390791716088404
25611,LOF,0.012549580819629187,0.04809646508589949,0.9393539540944712
25612,LOF,0.044018562196235976,0.07232626114375305,0.883655176660011
25613,LOF,0.04162598328799525,0.06689531114628451,0.8914787055657203
25614,LOF,0.021356198432407943,0.04084921459909455,0.9377945869684976
25615,LOF,0.045285479546702444,0.06835879025014219,0.8863557302031553
25616,LOF,0.04704548030652324,0.04462041033991571,0.908334109353561
25617,LOF,0.04079830406803713,0.05336277610914772,0.9058389198228152
25618,LOF,0.040675731206425675,0.059538184312221784,0.8997860844813526
25619,LOF,0.011861485376197339,0.05766960931938996,0.9304689053044127
25620,LOF,0.05556800465164666,0.06183062473075255,0.8826013706176008
25621,LOF,0.05739529901942959,0.05702890227988567,0.8855757987006847
25622,LOF,0.061641153414701305,0.058795007393935055,0.8795638391913637
25623,LOF,0.07080907192084916,0.05260827116003307,0.8765826569191177
25624,LOF,0.017132044522790456,0.05341508364115531,0.9294528718360543
25625,LOF,0.06104696625743431,0.0515477924616554,0.8874052412809103
25626,LOF,0.0481989401405257,0.0673563453401479,0.8844447145193265
25627,Neutral,0.882005137760444,0.02376828147590494,0.09422658076365106
25628,LOF,0.14343139534146987,0.07070082223706096,0.7858677824214693
25629,LOF,0.06398741240527393,0.050566393476806276,0.8854461941179197
25630,LOF,0.2524356330480152,0.07927203934751008,0.6682923276044748
25631,Neutral,0.5154769144226707,0.07530838839157912,0.4092146971857502
25632,LOF,0.027870258661645952,0.06947979511940991,0.9026499462189441
25633,LOF,0.20108574003556975,0.04624112387974422,0.752673136084686
25634,LOF,0.03550631939340529,0.0981126359062764,0.8663810447003183
25635,LOF,0.034576507202362855,0.04888276845076987,0.9165407243468672
25636,LOF,0.0348999796207707,0.4398694652485663,0.525230555130663
25637,GOF,0.06884687866328719,0.5034734472244141,0.4276796741122988
25638,LOF,0.028279888743183233,0.3909219843459146,0.5807981269109022
25639,LOF,0.030553129879071227,0.3915395406950314,0.5779073294258974
25640,Neutral,0.8262991779253701,0.1254599359200457,0.04824088615458423
25641,GOF,0.08624903208523652,0.48147926323117246,0.43227170468359105
25642,LOF,0.07179489318396315,0.1762463850466785,0.7519587217693583
25643,LOF,0.2133880648273588,0.13294080019299576,0.6536711349796455
25644,LOF,0.027263132563591107,0.4595295420459898,0.5132073253904191
25645,LOF,0.029666252019714068,0.3933438875172986,0.5769898604629874
25646,LOF,0.07378167665499161,0.2849893595014846,0.6412289638435239
25647,LOF,0.032514229160396084,0.23890644900655558,0.7285793218330483
25648,LOF,0.0349070872059796,0.2486348836860394,0.716458029107981
25649,LOF,0.01935903334613741,0.2148553890516249,0.7657855776022378
25650,LOF,0.05575162131953377,0.39374495106239116,0.550503427618075
25651,LOF,0.02079855446902344,0.24606659586843876,0.7331348496625378
25652,LOF,0.03756735984337816,0.24121772188565674,0.7212149182709652
25653,LOF,0.09693394207446716,0.3952521319555201,0.5078139259700127
25654,LOF,0.022858409599210445,0.20410067907903562,0.7730409113217539
25655,GOF,0.26369104644219815,0.3866562114899985,0.3496527420678034
25656,LOF,0.37271729439089657,0.0888691839500086,0.5384135216590948
25657,LOF,0.06398890374803,0.07852017863429586,0.8574909176176742
25658,LOF,0.3916976095337057,0.08304947904389604,0.5252529114223983
25659,Neutral,0.5208613025030855,0.10463136996081066,0.37450732753610394
25660,LOF,0.02166138841932798,0.09246025425111569,0.8858783573295562
25661,LOF,0.09857846942964708,0.05814659674164283,0.8432749338287101
25662,LOF,0.03427285689522986,0.03139540819336908,0.9343317349114012
25663,LOF,0.042188852842098376,0.0428563868131972,0.9149547603447046
25664,LOF,0.14114079922728695,0.064255617954946,0.794603582817767
25665,LOF,0.06043597287744525,0.02935642358590853,0.9102076035366462
25666,LOF,0.0933163440978632,0.06654434315508263,0.8401393127470542
25667,LOF,0.07793034250910484,0.03864571925435285,0.8834239382365423
25668,LOF,0.03871227051131677,0.047487331928790726,0.9138003975598925
25669,LOF,0.0310898763696662,0.0442262563962203,0.9246838672341136
25670,LOF,0.1593290608579216,0.05300640505870652,0.7876645340833719
25671,LOF,0.12053712284611433,0.031803360381794835,0.8476595167720908
25672,LOF,0.051111239289046345,0.04020835936012587,0.9086804013508278
25673,LOF,0.0789818605142152,0.047556722093062734,0.8734614173927221
25674,LOF,0.06687317060424325,0.057920294474483346,0.8752065349212735
25675,LOF,0.11869602195763326,0.06053488006172143,0.8207690979806452
25676,LOF,0.019305700525815882,0.049628807669431986,0.9310654918047522
25677,LOF,0.02454407452068304,0.06548292123255539,0.9099730042467615
25678,LOF,0.19501931229966535,0.06996683764773731,0.7350138500525973
25679,LOF,0.12105776261476009,0.07472296672557582,0.8042192706596641
25680,LOF,0.03402589582947614,0.1132049346721354,0.8527691694983884
25681,LOF,0.05081533656255918,0.10383153905231332,0.8453531243851274
25682,LOF,0.1426706789721057,0.07169366010148565,0.7856356609264086
25683,LOF,0.1214534780370946,0.08923358434111009,0.7893129376217954
25684,LOF,0.04080649818552746,0.06542224583912179,0.8937712559753508
25685,LOF,0.1435032547601334,0.07055498557205268,0.785941759667814
25686,LOF,0.09137476146844946,0.10328973186262885,0.8053355066689216
25687,LOF,0.13047176463278246,0.11050038818872311,0.7590278471784945
25688,LOF,0.33770703428598,0.04428574911048165,0.6180072166035383
25689,LOF,0.2671482383248245,0.05255330335477962,0.6802984583203958
25690,LOF,0.34746164862170165,0.03709975520005242,0.6154385961782459
25691,Neutral,0.7146354112588998,0.033522201367124665,0.25184238737397546
25692,LOF,0.32922881216578015,0.011705592479562115,0.6590655953546577
25693,LOF,0.04352962332009323,0.4097178524771589,0.5467525242027479
25694,LOF,0.12070443253182965,0.01731760079303715,0.8619779666751332
25695,LOF,0.11864488349860117,0.015805628610421216,0.8655494878909777
25696,LOF,0.13628426338174024,0.01048051478634303,0.8532352218319167
25697,LOF,0.09058416166075044,0.05045441963219469,0.8589614187070548
25698,LOF,0.32686096949765525,0.15317115886759405,0.5199678716347507
25699,Neutral,0.5344241706926615,0.0429557567503483,0.4226200725569903
25700,LOF,0.07720710362513063,0.009548350092449209,0.9132445462824202
25701,LOF,0.19598732406858127,0.04514419784466827,0.7588684780867504
25702,GOF,0.17738717546273872,0.5807755607625514,0.24183726377470982
25703,LOF,0.014617494315292922,0.1472554018656293,0.8381271038190777
25704,LOF,0.03651535160147613,0.10246264757933278,0.8610220008191912
25705,LOF,0.053760579102969414,0.157145494075526,0.7890939268215046
25706,LOF,0.0976840854228191,0.43124416597443865,0.47107174860274226
25707,LOF,0.08112215024198717,0.3759596639227234,0.5429181858352895
25708,LOF,0.03640892852552374,0.3475821573218392,0.6160089141526369
25709,LOF,0.06845058470382244,0.04775071683312395,0.8837986984630536
25710,LOF,0.011675959537345628,0.16951068211140782,0.8188133583512465
25711,LOF,0.021197090792253927,0.08540077109972179,0.8934021381080242
25712,LOF,0.01394597926290745,0.2163469828233439,0.7697070379137486
25713,LOF,0.01881856740096342,0.08265315438643842,0.8985282782125982
25714,LOF,0.07330443187897584,0.08513966104333284,0.8415559070776913
25715,LOF,0.011556642892392641,0.14302692875988998,0.8454164283477174
25716,LOF,0.010595671381641162,0.11311022209152445,0.8762941065268344
25717,LOF,0.0147503774412029,0.07605540109271339,0.9091942214660836
25718,LOF,0.011523940869760012,0.0938193978404307,0.8946566612898093
25719,LOF,0.019272333711689224,0.07927478623307728,0.9014528800552335
25720,LOF,0.023995329367343776,0.07229287562825441,0.9037117950044018
25721,LOF,0.01319988025917881,0.12184495084689878,0.8649551688939223
25722,LOF,0.014425527012725179,0.1319255533425832,0.8536489196446916
25723,LOF,0.024041809420462294,0.0532568195873675,0.9227013709921702
25724,LOF,0.03163779126343335,0.08874749136276974,0.8796147173737969
25725,LOF,0.01155977512463135,0.08429851779207692,0.9041417070832918
25726,LOF,0.016009401252880227,0.12463745781629881,0.8593531409308209
25727,LOF,0.012140768249015428,0.09081187508876197,0.8970473566622226
25728,LOF,0.010115877805735599,0.11817814055668333,0.8717059816375811
25729,LOF,0.010367163861592978,0.12188929360779717,0.8677435425306097
25730,LOF,0.013903149563784951,0.09760160275605073,0.8884952476801643
25731,LOF,0.0184462934423332,0.1097088520470478,0.871844854510619
25732,LOF,0.014092606815247105,0.078755162101686,0.9071522310830669
25733,LOF,0.015788564262678936,0.07929415439632113,0.904917281341
25734,LOF,0.010200129209394402,0.12890149528332076,0.8608983755072849
25735,LOF,0.012018830382239836,0.0817030959675079,0.9062780736502524
25736,LOF,0.0130285501193343,0.10745491281150063,0.879516537069165
25737,LOF,0.012370405262811373,0.07633864171372884,0.9112909530234597
25738,LOF,0.011986664811870343,0.11653372151567466,0.871479613672455
25739,LOF,0.02022637163897457,0.08111292021583355,0.8986607081451918
25740,LOF,0.028460658124968348,0.1300484416471707,0.841490900227861
25741,LOF,0.015436020490573216,0.13210524574710938,0.8524587337623174
25742,LOF,0.13385148250316045,0.08405535428261422,0.7820931632142253
25743,LOF,0.03536567761384775,0.05807206787964625,0.906562254506506
25744,Neutral,0.5493877054924948,0.25561577195871965,0.1949965225487855
25745,LOF,0.05999250136892071,0.089205180976997,0.8508023176540822
25746,LOF,0.04146388954033224,0.11674452188434853,0.8417915885753192
25747,LOF,0.01842433733392941,0.07633131798454335,0.9052443446815273
25748,LOF,0.10358765000498049,0.11560718836156461,0.7808051616334548
25749,LOF,0.02637831985529818,0.10286848640522744,0.8707531937394744
25750,LOF,0.07780818097786543,0.10332163316240799,0.8188701858597265
25751,LOF,0.08064597788990142,0.1494895611083729,0.7698644610017257
25752,GOF,0.12378644896954395,0.6388173119694237,0.23739623906103227
25753,LOF,0.023686923546820872,0.2729774832832745,0.7033355931699047
25754,GOF,0.013569136366372038,0.800722804317414,0.185708059316214
25755,LOF,0.025164745076994767,0.38932311797273905,0.5855121369502662
25756,LOF,0.054555309591663055,0.3533164079167548,0.5921282824915821
25757,GOF,0.01792455350466131,0.841711209585447,0.14036423690989167
25758,GOF,0.02820108273226902,0.8201923333773752,0.15160658389035578
25759,GOF,0.011008047355538756,0.6228811081369708,0.36611084450749043
25760,LOF,0.01345310166758352,0.2759024857975942,0.7106444125348222
25761,GOF,0.2507261435026695,0.6376034301372135,0.11167042636011686
25762,LOF,0.048061542181288414,0.256533970034059,0.6954044877846526
25763,LOF,0.01538850566304187,0.21380739523014522,0.7708040991068128
25764,GOF,0.0887382279412517,0.6429536269479479,0.26830814511080026
25765,GOF,0.03637322502203153,0.7309226482062541,0.2327041267717143
25766,GOF,0.06671862914534428,0.7444106768410136,0.1888706940136422
25767,GOF,0.13286523837100836,0.5084193518860737,0.3587154097429179
25768,LOF,0.10419527228297523,0.054433871397022424,0.8413708563200023
25769,LOF,0.05914643937582354,0.06203600401523784,0.8788175566089387
25770,LOF,0.3255515347300327,0.11685851853863723,0.5575899467313301
25771,LOF,0.048582226176583525,0.048938712974173106,0.9024790608492433
25772,LOF,0.018765185536149642,0.046784307557815444,0.9344505069060348
25773,LOF,0.045933072614549895,0.09452938613947388,0.8595375412459763
25774,LOF,0.029066899263762446,0.08844739846262963,0.882485702273608
25775,LOF,0.04852221552802268,0.0522826680911759,0.8991951163808013
25776,LOF,0.07512267497846223,0.028201667625339485,0.8966756573961983
25777,LOF,0.349434742559704,0.06388920077043278,0.5866760566698632
25778,LOF,0.07409356771287767,0.047828452397245105,0.8780779798898772
25779,GOF,0.36902616507651326,0.588539050360402,0.04243478456308472
25780,GOF,0.3620121459784573,0.5722914752073011,0.06569637881424167
25781,GOF,0.13227773939734488,0.7616623103815756,0.10605995022107953
25782,GOF,0.20939461245555469,0.710659969066972,0.07994541847747323
25783,GOF,0.022377501188294197,0.6279377526650162,0.34968474614668954
25784,Neutral,0.5007635391127969,0.46170681132660124,0.03752964956060177
25785,GOF,0.4708951845360779,0.4980590527802026,0.031045762683719547
25786,GOF,0.029134255562740335,0.7822983173000179,0.18856742713724176
25787,Neutral,0.6521731140626045,0.327353689622436,0.020473196314959426
25788,LOF,0.06220986029403182,0.10500552155526681,0.8327846181507015
25789,GOF,0.24362167466243725,0.6305370197967123,0.12584130554085038
25790,GOF,0.2228913550278278,0.67916080233227,0.09794784263990203
25791,GOF,0.17701005017356825,0.6819358740379717,0.14105407578845994
25792,GOF,0.3923680540236205,0.5010248092678706,0.10660713670850876
25793,GOF,0.24937332091297781,0.5477540617868883,0.2028726173001339
25794,GOF,0.3274977067507723,0.5218467123328588,0.15065558091636877
25795,GOF,0.0808991813046075,0.6977071037010691,0.22139371499432337
25796,Neutral,0.5639096230979546,0.36206041239161446,0.07402996451043106
25797,GOF,0.09704803211890053,0.5401454588113066,0.3628065090697929
25798,GOF,0.009183469551129898,0.5332644399630496,0.4575520904858204
25799,LOF,0.007546280660019562,0.42337259987571474,0.5690811194642657
25800,GOF,0.0386159051379951,0.6114687796137886,0.34991531524821634
25801,GOF,0.23593582753408512,0.6487742187461223,0.11528995371979253
25802,GOF,0.05902440657589785,0.7035916514110275,0.23738394201307456
25803,GOF,0.03935814577114014,0.5873501118315606,0.37329174239729934
25804,GOF,0.034080818629124064,0.5293641137022059,0.43655506766867
25805,GOF,0.09619764407268004,0.6092120710895926,0.2945902848377273
25806,GOF,0.12343553929465036,0.6037006922839512,0.27286376842139853
25807,GOF,0.02082082831975205,0.6121001194203535,0.36707905225989446
25808,GOF,0.0891432640828085,0.62763021025627,0.2832265256609215
25809,GOF,0.020550804251236482,0.6137168881944013,0.36573230755436215
25810,GOF,0.02025776282104794,0.6271344217609351,0.3526078154180169
25811,Neutral,0.5062367678781351,0.427376694619126,0.06638653750273894
25812,GOF,0.036637281837148365,0.6563561819940492,0.30700653616880247
25813,Neutral,0.5589210811132057,0.3478804888608417,0.09319843002595263
25814,GOF,0.13568843691732635,0.6505467022815877,0.21376486080108584
25815,GOF,0.22193668453809187,0.6095355481620597,0.16852776729984856
25816,GOF,0.022164810334052727,0.6772127113165904,0.3006224783493568
25817,GOF,0.2602817615421252,0.6239329526209735,0.11578528583690142
25818,GOF,0.05888365067110951,0.6179152269836898,0.32320112234520065
25819,GOF,0.3961072117831558,0.45751109620467706,0.14638169201216705
25820,GOF,0.17721249477362283,0.6105468309004055,0.21224067432597155
25821,GOF,0.0610552603411524,0.6828979296242107,0.25604681003463686
25822,GOF,0.2361530631595503,0.5387152153435715,0.22513172149687824
25823,GOF,0.031738241742582884,0.5103668031493678,0.4578949551080494
25824,GOF,0.08096006980067498,0.5717753749656694,0.3472645552336557
25825,GOF,0.03262916229083055,0.5634538490831297,0.4039169886260397
25826,GOF,0.011435811901381064,0.5367856438730408,0.45177854422557817
25827,GOF,0.02145954394447788,0.5925613620370418,0.38597909401848035
25828,GOF,0.013178208293158841,0.517493307710898,0.4693284839959432
25829,GOF,0.00669708534285863,0.5852791427612793,0.4080237718958621
25830,LOF,0.0419245846663197,0.3279080836771745,0.6301673316565058
25831,GOF,0.20390282622115408,0.6900427728160651,0.10605440096278089
25832,GOF,0.033564885606565315,0.6904986032613565,0.2759365111320784
25833,GOF,0.13717275117062377,0.689901242153888,0.17292600667548824
25834,GOF,0.03944253893770384,0.690550285903599,0.2700071751586972
25835,GOF,0.08486447912239184,0.7422500392411011,0.17288548163650713
25836,GOF,0.050028836375534416,0.6788082753296191,0.2711628882948465
25837,GOF,0.026887039996356697,0.5555366914581759,0.4175762685454673
25838,GOF,0.08543512330194156,0.7422299693607685,0.17233490733729
25839,GOF,0.32005977288344917,0.5450874880146508,0.13485273910190004
25840,GOF,0.23468744743221348,0.6030821105865773,0.16223044198120917
25841,GOF,0.2730920544577226,0.5856311779379617,0.14127676760431562
25842,GOF,0.22019223083908188,0.6463029050815332,0.13350486407938483
25843,GOF,0.27714987384801404,0.6297472309453702,0.09310289520661585
25844,GOF,0.0772204220897695,0.7153391164174719,0.2074404614927586
25845,GOF,0.016919819638588546,0.5043776771194972,0.47870250324191416
25846,GOF,0.14226094619047225,0.722350524773267,0.13538852903626067
25847,GOF,0.13014930505037758,0.7638159961126529,0.10603469883696949
25848,GOF,0.04135229641321339,0.7098190347010733,0.24882866888571334
25849,GOF,0.0120601540044446,0.5916280451793923,0.3963118008161632
25850,GOF,0.022686516902544192,0.672497977686808,0.3048155054106478
25851,GOF,0.018547468653464495,0.5570006224736548,0.4244519088728806
25852,GOF,0.17803670882415937,0.5764641287477281,0.24549916242811248
25853,GOF,0.3754783298868816,0.5655158712373012,0.05900579887581727
25854,GOF,0.0230763670616494,0.6541175601149826,0.32280607282336793
25855,GOF,0.03761028931165729,0.5886269634878138,0.3737627472005289
25856,GOF,0.24547267071488585,0.5535346829335025,0.20099264635161168
25857,GOF,0.036998365947512046,0.5226028196948102,0.44039881435767775
25858,GOF,0.018859042047343462,0.5696746200436568,0.4114663379089998
25859,GOF,0.010348361346992815,0.5591661297179368,0.4304855089350705
25860,GOF,0.3801910880596435,0.546879278043053,0.07292963389730345
25861,GOF,0.43855473552959223,0.4917004128728503,0.06974485159755738
25862,GOF,0.102473800168441,0.7591851164971722,0.13834108333438677
25863,GOF,0.10013762330012298,0.7649545969331571,0.13490777976671994
25864,GOF,0.2365191729818763,0.6823016091360206,0.08117921788210318
25865,GOF,0.09533159141631088,0.7953454926597542,0.109322915923935
25866,GOF,0.07316058188170609,0.7951053204455931,0.1317340976727008
25867,GOF,0.09816612506706114,0.8030256049945956,0.09880826993834314
25868,GOF,0.270677726892026,0.6382639709983309,0.09105830210964301
25869,Neutral,0.6928705119288532,0.27093487952796447,0.036194608543182225
25870,GOF,0.30190510679342425,0.36138014120281553,0.3367147520037601
25871,GOF,0.2194698897161785,0.6219740397913439,0.15855607049247755
25872,GOF,0.09205625526431815,0.6435495656960638,0.26439417903961804
25873,GOF,0.1620184116865675,0.6264334299095127,0.21154815840391988
25874,LOF,0.0192438652666464,0.11842140764913509,0.8623347270842185
25875,LOF,0.08891208515439714,0.036562249896412005,0.8745256649491908
25876,LOF,0.03703159791272569,0.0423446526302985,0.9206237494569758
25877,Neutral,0.5164666190750508,0.04268718249732799,0.4408461984276212
25878,LOF,0.2137127227348108,0.07410476023297018,0.712182517032219
25879,LOF,0.08978973712833531,0.0774993662110028,0.8327108966606619
25880,LOF,0.02302737490999138,0.019726229459605546,0.957246395630403
25881,LOF,0.19110620129875294,0.10114855989275555,0.7077452388084915
25882,LOF,0.07701116808887895,0.01639741423853629,0.9065914176725849
25883,LOF,0.08546794321025844,0.01594501846080032,0.8985870383289412
25884,LOF,0.040429918377180254,0.02964257803168224,0.9299275035911375
25885,LOF,0.07465433975229568,0.011164301012011442,0.914181359235693
25886,LOF,0.35445074796485215,0.02710811122829446,0.6184411408068534
25887,LOF,0.17911568659568808,0.0582585960006916,0.7626257174036202
25888,LOF,0.07246526869986118,0.05665587183591739,0.8708788594642214
25889,LOF,0.05226688825617384,0.02000756812477719,0.9277255436190489
25890,LOF,0.0500619104304171,0.1264617118264996,0.8234763777430832
25891,LOF,0.047822575927061454,0.04896696554494617,0.9032104585279924
25892,LOF,0.09339664380982965,0.022328610097035143,0.8842747460931353
25893,LOF,0.24251060239319774,0.017744408486768153,0.7397449891200342
25894,LOF,0.18769771838860794,0.010459549603537822,0.8018427320078543
25895,LOF,0.22005434182070585,0.018373103856192553,0.7615725543231017
25896,LOF,0.04913448304020154,0.0198576097928332,0.9310079071669652
25897,LOF,0.2431214662632795,0.0135512594807544,0.743327274255966
25898,Neutral,0.6879229604041172,0.009844145045387677,0.3022328945504953
25899,LOF,0.22340986761769568,0.022550189046760764,0.7540399433355436
25900,LOF,0.4411690583359872,0.015541413546156584,0.5432895281178564
25901,LOF,0.051119231332447376,0.01229674596675386,0.9365840227007987
25902,LOF,0.16498656393909897,0.012817607319705316,0.8221958287411958
25903,Neutral,0.5084727108074282,0.034699942300782695,0.4568273468917891
25904,LOF,0.2723097213081278,0.04701504322291295,0.6806752354689592
25905,LOF,0.021846408601780273,0.3163264668078987,0.6618271245903209
25906,LOF,0.02222744353675059,0.06894584267212284,0.9088267137911267
25907,LOF,0.014132180186754821,0.32263187771582474,0.6632359420974203
25908,LOF,0.010089434689399638,0.23967324170035031,0.7502373236102501
25909,LOF,0.012961114422175252,0.14067284314471848,0.8463660424331063
25910,LOF,0.04983664388036637,0.11442600704737599,0.8357373490722576
25911,LOF,0.1642581404752527,0.03357051033043417,0.8021713491943132
25912,LOF,0.04545796196415273,0.05146547920778805,0.9030765588280593
25913,LOF,0.29565917202296227,0.026604993054288605,0.6777358349227491
25914,LOF,0.019277595169175946,0.1460831259919158,0.8346392788389082
25915,Neutral,0.4427185598518906,0.36216542491333853,0.1951160152347708
25916,LOF,0.05587352774008789,0.4251165741422774,0.5190098981176346
25917,LOF,0.058475349984260454,0.09523731038969886,0.8462873396260406
25918,LOF,0.026515775234825723,0.08641440143988179,0.8870698233252925
25919,LOF,0.021745698312333635,0.09111818738019586,0.8871361143074704
25920,GOF,0.10791103023293946,0.5122262816184034,0.37986268814865704
25921,LOF,0.026705423687036944,0.031998982460631396,0.9412955938523315
25922,LOF,0.03621849860233966,0.020617670571300335,0.9431638308263599
25923,LOF,0.39446118155352194,0.024768140942460045,0.580770677504018
25924,LOF,0.0352668569450524,0.04139061025328739,0.9233425328016603
25925,LOF,0.06521285137741711,0.03312653730845398,0.901660611314129
25926,LOF,0.048436060949865134,0.025727877824946958,0.925836061225188
25927,LOF,0.07156459552833899,0.0797939045302028,0.8486414999414582
25928,LOF,0.02154026961541902,0.04194613459266585,0.9365135957919151
25929,Neutral,0.5233163934084333,0.0270677177200695,0.4496158888714971
25930,LOF,0.05482023574600951,0.02218259355200197,0.9229971707019884
25931,LOF,0.028550952840568643,0.024729091574418657,0.9467199555850125
25932,LOF,0.026239503103835722,0.020325336513429482,0.9534351603827347
25933,LOF,0.03656247596041179,0.014064948005528887,0.9493725760340593
25934,LOF,0.022988879721218446,0.017953593562963596,0.9590575267158179
25935,LOF,0.060813747597991324,0.036602446413025756,0.902583805988983
25936,LOF,0.04341818820434446,0.02202961986430564,0.9345521919313499
25937,LOF,0.030913282937792406,0.03321219248331507,0.9358745245788925
25938,LOF,0.061820224109843454,0.0405469502889398,0.8976328256012167
25939,LOF,0.037002512128721445,0.014578493349747906,0.9484189945215306
25940,LOF,0.03242842180488878,0.3996434551277853,0.567928123067326
25941,LOF,0.17145037470461566,0.08176744069582169,0.7467821845995626
25942,LOF,0.01693340575195553,0.02805792889427693,0.9550086653537676
25943,LOF,0.3193865625779246,0.049843411802535625,0.6307700256195399
25944,LOF,0.48461149690336547,0.02331334952117763,0.4920751535754568
25945,LOF,0.06775949229819174,0.019809335689698292,0.9124311720121099
25946,LOF,0.02908070872871454,0.12948767240645812,0.8414316188648273
25947,LOF,0.11962174161403037,0.21267385461267652,0.6677044037732931
25948,LOF,0.388909057117308,0.00994651734621432,0.6011444255364776
25949,LOF,0.10176226103237748,0.044508915967690875,0.8537288229999316
25950,GOF,0.2643602699030961,0.417505294945082,0.31813443515182194
25951,LOF,0.2650133923343996,0.2110060223004728,0.5239805853651276
25952,LOF,0.04791913533053997,0.4477322360545903,0.5043486286148697
25953,LOF,0.14162250931174677,0.11086067453410803,0.7475168161541452
25954,Neutral,0.4379264093414616,0.17836110870865912,0.3837124819498792
25955,LOF,0.0629639901786238,0.08437915175894238,0.8526568580624337
25956,LOF,0.16190645495217287,0.1080160650661976,0.7300774799816295
25957,LOF,0.03805446769806488,0.03836838125347309,0.923577151048462
25958,LOF,0.06346025825782892,0.02765051245346267,0.9088892292887084
25959,LOF,0.07626721523284291,0.36445862678732016,0.5592741579798368
25960,LOF,0.020988756287169612,0.05141944804120192,0.9275917956716284
25961,LOF,0.05480696706176342,0.02875230655664471,0.9164407263815918
25962,LOF,0.05534064705960553,0.029213537922496962,0.9154458150178976
25963,LOF,0.04755718190896603,0.1798130419804026,0.7726297761106313
25964,LOF,0.0392505476409397,0.15190319795641097,0.8088462544026493
25965,LOF,0.433735944494823,0.09227883000364162,0.4739852255015354
25966,Neutral,0.46482112453543173,0.09870225602469627,0.43647661943987204
25967,LOF,0.014993427186692193,0.05907331927654673,0.925933253536761
25968,GOF,0.03055474966213233,0.4954193138597208,0.4740259364781468
25969,LOF,0.023539964952027374,0.05834023502157816,0.9181198000263945
25970,LOF,0.06300604849541011,0.05551237990097081,0.8814815716036191
25971,LOF,0.07795600709459818,0.014908242122838129,0.9071357507825637
25972,LOF,0.07920979080958279,0.01864355599669946,0.9021466531937178
25973,LOF,0.09545058146140141,0.0072510691693005325,0.8972983493692982
25974,LOF,0.2072336489825479,0.01632735009720232,0.7764390009202498
25975,LOF,0.0534967851854495,0.02604322132234664,0.9204599934922039
25976,LOF,0.04825682338872993,0.012077237242976633,0.9396659393682933
25977,LOF,0.14770906281165067,0.09146949075018458,0.7608214464381647
25978,LOF,0.15287947601853077,0.054506122415354796,0.7926144015661145
25979,LOF,0.1471166518814784,0.05703861920756974,0.7958447289109518
25980,LOF,0.2085703567965076,0.07145234987536972,0.7199772933281227
25981,LOF,0.24658066407893958,0.06831876821563723,0.6851005677054232
25982,LOF,0.409076626792021,0.04592292065898246,0.5450004525489965
25983,LOF,0.3998094297815415,0.049289154525704114,0.5509014156927544
25984,LOF,0.0527507693463197,0.051286048133666676,0.8959631825200137
25985,LOF,0.025947133734877843,0.23295965832390683,0.7410932079412155
25986,LOF,0.041327669903660144,0.2542056420206021,0.7044666880757378
25987,LOF,0.08542205977005844,0.0742791265907011,0.8402988136392405
25988,LOF,0.14179356062874235,0.05620973161873994,0.8019967077525176
25989,LOF,0.0302692829862989,0.10108480092484416,0.868645916088857
25990,LOF,0.038178672851787505,0.13708390927246195,0.8247374178757506
25991,LOF,0.18630649742999883,0.26050787305356715,0.553185629516434
25992,LOF,0.37046585531178344,0.12996346197996417,0.4995706827082523
25993,LOF,0.02282497283900168,0.07109461610560314,0.9060804110553953
25994,LOF,0.017209005905443383,0.10650035393159281,0.8762906401629639
25995,LOF,0.0248666845434,0.17918750858154417,0.7959458068750558
25996,GOF,0.31691256857900296,0.4199218486450261,0.2631655827759711
25997,LOF,0.12494128413891122,0.43673719036224246,0.43832152549884634
25998,Neutral,0.5412545191873452,0.02507197479358426,0.4336735060190707
25999,LOF,0.11383547777309179,0.11724651869038524,0.768918003536523
26000,LOF,0.1719010493485711,0.028133299468153853,0.799965651183275
26001,LOF,0.1920125789021894,0.03369132365921237,0.7742960974385982
26002,LOF,0.11318074894092382,0.031321330939973066,0.8554979201191031
26003,GOF,0.010419509312958682,0.5627860310007969,0.42679445968624447
26004,GOF,0.023922058846341934,0.623213502786124,0.352864438367534
26005,LOF,0.008473730943851975,0.436430212248033,0.555096056808115
26006,Neutral,0.5283519470681035,0.20636691877989413,0.2652811341520024
26007,GOF,0.021979910772938052,0.5240555481601112,0.4539645410669507
26008,GOF,0.018452873262471303,0.5498397158267373,0.4317074109107914
26009,GOF,0.024559029583162896,0.5841090947673567,0.3913318756494805
26010,GOF,0.02880978055066594,0.5769040145992321,0.39428620485010196
26011,LOF,0.007621590109761942,0.43257070971379774,0.5598077001764403
26012,GOF,0.015967781407864416,0.5127150557627401,0.47131716282939556
26013,GOF,0.019025619022204125,0.5701073920256567,0.41086698895213913
26014,LOF,0.04376276415023313,0.13430495992636107,0.8219322759234058
26015,LOF,0.20689235568954087,0.007612355188558744,0.7854952891219004
26016,LOF,0.2325483770262565,0.03707106674738674,0.7303805562263567
26017,LOF,0.24898883440925607,0.06241175769497716,0.6885994078957668
26018,LOF,0.1017596321152509,0.030104752582108464,0.8681356153026407
26019,LOF,0.09726592400054157,0.02333228524762848,0.87940179075183
26020,LOF,0.07283996519064592,0.09196715845238093,0.835192876356973
26021,LOF,0.05141611586306937,0.10631253746620709,0.8422713466707237
26022,LOF,0.012020549474564704,0.036507198080680786,0.9514722524447545
26023,LOF,0.1251840041280624,0.019070181578308056,0.8557458142936295
26024,LOF,0.03212813726278439,0.1098879153202436,0.857983947416972
26025,LOF,0.18179731996724274,0.0798910929668645,0.7383115870658928
26026,LOF,0.3311717761337773,0.018309394673292432,0.6505188291929302
26027,LOF,0.09093800950652747,0.013847796266884729,0.8952141942265878
26028,LOF,0.1524347366871968,0.07534241664251218,0.7722228466702911
26029,LOF,0.08182924788600633,0.1944625343556476,0.723708217758346
26030,LOF,0.02897111123785782,0.06464512422888298,0.9063837645332591
26031,LOF,0.03383257534631197,0.14970989187331138,0.8164575327803766
26032,LOF,0.07161571904030814,0.06476678721374186,0.8636174937459501
26033,LOF,0.1290368824890591,0.08054837145602212,0.7904147460549188
26034,LOF,0.051850149286460284,0.1596580710561349,0.7884917796574048
26035,LOF,0.031138166746321628,0.14561142819561476,0.8232504050580637
26036,LOF,0.046284036893489346,0.18229681329822195,0.7714191498082887
26037,LOF,0.0263280384050153,0.11838831059033961,0.8552836510046451
26038,LOF,0.06529287969137897,0.06785657537223001,0.866850544936391
26039,LOF,0.06128765912671585,0.15753271605408317,0.7811796248192009
26040,LOF,0.20660826192057272,0.13491194510316035,0.658479792976267
26041,LOF,0.026920846852950615,0.11457580959917003,0.8585033435478793
26042,LOF,0.02680857208293577,0.10927070534269905,0.8639207225743653
26043,LOF,0.06518424441737038,0.08407105839605199,0.8507446971865776
26044,LOF,0.022693665772516226,0.07583567346392733,0.9014706607635565
26045,LOF,0.07896517635671299,0.10404196363372091,0.8169928600095661
26046,LOF,0.06672697265767201,0.08197970443744629,0.8512933229048818
26047,LOF,0.09219215031726884,0.08722043117202906,0.8205874185107022
26048,LOF,0.0554258431132844,0.05253270582515281,0.8920414510615629
26049,Neutral,0.9577133179436973,0.00787775605796712,0.034408925998335636
26050,Neutral,0.9425059749754691,0.009875840181254683,0.04761818484327615
26051,LOF,0.044597290719912364,0.32326335393758937,0.6321393553424983
26052,LOF,0.07214600936190953,0.32924117694025046,0.59861281369784
26053,LOF,0.05906014290560632,0.1098528376038554,0.8310870194905382
26054,LOF,0.058515849691552685,0.016942862379667748,0.9245412879287797
26055,LOF,0.07617146666734123,0.014704005579763176,0.9091245277528957
26056,LOF,0.06263129212289548,0.015525790229154247,0.9218429176479503
26057,LOF,0.0318784736797606,0.010524566669092931,0.9575969596511464
26058,LOF,0.0330434656526293,0.008310078434271798,0.958646455913099
26059,LOF,0.35228401595955083,0.02263568132181827,0.6250803027186309
26060,LOF,0.031393251077560184,0.1635085939740639,0.8050981549483759
26061,LOF,0.017757733515641604,0.010707115156513803,0.9715351513278446
26062,LOF,0.011532513073870173,0.01892156165428056,0.9695459252718492
26063,LOF,0.023466888444903453,0.011082984916695666,0.965450126638401
26064,LOF,0.026650195882597923,0.01771448192671134,0.9556353221906907
26065,LOF,0.026208143387697076,0.010946304846770491,0.9628455517655324
26066,LOF,0.02189319134369624,0.010193879167943697,0.9679129294883602
26067,LOF,0.028571473283930397,0.00845137548495282,0.9629771512311167
26068,LOF,0.049876993880654065,0.028956186826736178,0.9211668192926099
26069,LOF,0.26915391473440914,0.017923814820863533,0.7129222704447273
26070,LOF,0.4074625058393205,0.014458506703094873,0.5780789874575846
26071,LOF,0.025189015365991538,0.011403055989793374,0.963407928644215
26072,LOF,0.022454862394203676,0.01682682811497997,0.9607183094908163
26073,LOF,0.026873980427943655,0.010038758860876967,0.9630872607111794
26074,Neutral,0.9073571519669522,0.005202273164220817,0.08744057486882698
26075,LOF,0.046402156042955015,0.013969345755282397,0.9396284982017626
26076,LOF,0.04648942353738806,0.008403197871612547,0.9451073785909995
26077,LOF,0.009101767868588427,0.018768712141478995,0.9721295199899326
26078,LOF,0.014839557018458436,0.009960398715053217,0.9752000442664884
26079,LOF,0.0650466103529276,0.01587681560387867,0.9190765740431938
26080,LOF,0.06381335565115866,0.015922106584131682,0.9202645377647096
26081,LOF,0.039520752406959646,0.005963198148454645,0.9545160494445858
26082,LOF,0.018968990581908513,0.013895014477123555,0.9671359949409679
26083,LOF,0.1319959494631321,0.011798425139745003,0.856205625397123
26084,LOF,0.02769936654833365,0.010711076075412019,0.9615895573762543
26085,LOF,0.02390884475137427,0.010053782559991408,0.9660373726886343
26086,LOF,0.026433454442100993,0.011004841936263233,0.9625617036216358
26087,LOF,0.029637582356181844,0.007869845676255514,0.9624925719675625
26088,LOF,0.017573744680570925,0.025304274303302,0.957121981016127
26089,LOF,0.04810568835311791,0.020070995090957965,0.9318233165559242
26090,LOF,0.046347814043130084,0.016591368093750464,0.9370608178631195
26091,LOF,0.039845504747271686,0.005829705687768975,0.9543247895649594
26092,LOF,0.02743461774638846,0.007511077163732811,0.9650543050898788
26093,LOF,0.039916138164784266,0.00586952432830711,0.9542143375069086
26094,LOF,0.0438969215976748,0.00635611057142707,0.9497469678308981
26095,LOF,0.04687616211171722,0.012926035855298126,0.9401978020329845
26096,LOF,0.02117378790010083,0.010878540805984147,0.9679476712939151
26097,LOF,0.011795845960012222,0.034862563111261055,0.9533415909287268
26098,LOF,0.07736530273168264,0.009992328285680821,0.9126423689826364
26099,LOF,0.026195955202217423,0.011403501641280652,0.9624005431565019
26100,LOF,0.027713482425025505,0.011122371033530051,0.9611641465414443
26101,LOF,0.057337129426032786,0.010602681723813947,0.9320601888501533
26102,LOF,0.026909544088059744,0.012883084449631571,0.9602073714623086
26103,Neutral,0.8877626042627837,0.016568527731029573,0.09566886800618668
26104,LOF,0.08277842129558947,0.024597327574957237,0.8926242511294532
26105,LOF,0.20080621978931382,0.2882437002992935,0.5109500799113927
26106,LOF,0.23345927602582325,0.12406743924713746,0.6424732847270394
26107,LOF,0.24855823963546703,0.08388212133353462,0.6675596390309984
26108,LOF,0.22719750570436395,0.12932390026950616,0.64347859402613
26109,LOF,0.10508427481500392,0.0793180814232194,0.8155976437617768
26110,LOF,0.23500383147168874,0.006788057992922934,0.7582081105353884
26111,Neutral,0.5036729493379494,0.017858201612947194,0.4784688490491034
26112,LOF,0.035760334565521516,0.008370178351740577,0.955869487082738
26113,LOF,0.05622181470629144,0.015066394520006758,0.9287117907737018
26114,LOF,0.028893078622006862,0.027623908156502525,0.9434830132214906
26115,LOF,0.09810818445319752,0.060878743452057335,0.8410130720947452
26116,LOF,0.06620224651723479,0.05698173627035931,0.876816017212406
26117,LOF,0.4319801994191962,0.04814393987283145,0.5198758607079724
26118,LOF,0.038127511259072114,0.026888335623183723,0.9349841531177442
26119,LOF,0.02195556596367427,0.040310711497622484,0.9377337225387032
26120,LOF,0.029057102639988307,0.0252665624127399,0.9456763349472718
26121,LOF,0.0509022037447218,0.0925733499633124,0.8565244462919657
26122,LOF,0.03933829307674509,0.04951659850899826,0.9111451084142568
