feature0,prediction,LoGoFunc_Neutral,LoGoFunc_GOF,LoGoFunc_LOF
25546,Neutral,0.6153540236806748,0.041379929986241314,0.34326604633308394
25547,Neutral,0.5164589799840961,0.06687506079666664,0.4166659592192373
25548,Neutral,0.5121507754582341,0.06300790839127234,0.42484131615049364
25549,LOF,0.4652971304269671,0.0599268347267486,0.47477603484628433
25550,LOF,0.3957993396501155,0.06864898610556931,0.5355516742443152
25551,LOF,0.34362515876864697,0.07173809557060531,0.5846367456607476
25552,LOF,0.3176832867560668,0.08267637174141043,0.5996403415025229
25553,Neutral,0.7855460068973819,0.0392380772903451,0.17521591581227322
25554,LOF,0.34388729138604945,0.07377102575478388,0.5823416828591667
25555,LOF,0.30249363089475945,0.0770026955201052,0.6205036735851355
25556,LOF,0.4466535445894706,0.06661867407449129,0.48672778133603806
25557,LOF,0.28792771627868363,0.07491432150594192,0.6371579622153744
25558,LOF,0.336520412190079,0.06800598864119374,0.5954735991687272
25559,LOF,0.24485466761740995,0.04332445868928032,0.7118208736933097
25560,LOF,0.08813010575318249,0.19122414768827647,0.7206457465585411
25561,LOF,0.09085338059909158,0.27824861505304155,0.6308980043478669
25562,LOF,0.03445675994354116,0.1126461668558619,0.852897073200597
25563,LOF,0.006382718615875197,0.20180376237314437,0.7918135190109804
25564,LOF,0.07792292527993702,0.12083714668445796,0.8012399280356051
25565,LOF,0.19535903586972828,0.1284662682002057,0.6761746959300661
25566,GOF,0.06960639561827399,0.7400250233694599,0.19036858101226625
25567,LOF,0.046544559437752694,0.1714110045347458,0.7820444360275014
25568,LOF,0.0642451961021989,0.10114140213242229,0.8346134017653789
25569,LOF,0.06607057958367571,0.09410952137025094,0.8398198990460735
25570,LOF,0.026911471972650397,0.1496092537748168,0.8234792742525329
25571,LOF,0.026881461669210512,0.1570109945792659,0.8161075437515236
25572,LOF,0.05366732288278763,0.2156181478922802,0.7307145292249322
25573,LOF,0.06901711385166576,0.13168174956940903,0.7993011365789252
25574,LOF,0.0847268341382313,0.24387209221245715,0.6714010736493116
25575,LOF,0.025678839961335565,0.1610054033789652,0.8133157566596991
25576,LOF,0.023988482807206196,0.2424050217690363,0.7336064954237576
25577,LOF,0.028077912970213354,0.20363807037227444,0.7682840166575121
25578,LOF,0.3016533700705439,0.09566133833453191,0.6026852915949242
25579,LOF,0.21630416372210876,0.09686930715072702,0.6868265291271642
25580,LOF,0.02444880616435431,0.10230412288995917,0.8732470709456867
25581,LOF,0.04884301572371506,0.1066495454085669,0.8445074388677181
25582,LOF,0.048440931895017664,0.10448584463718123,0.8470732234678012
25583,LOF,0.03287217995254273,0.11287415701565243,0.8542536630318047
25584,Neutral,0.7006162685561971,0.14086752221685286,0.15851620922695017
25585,LOF,0.025319495490272115,0.19143046233132546,0.7832500421784024
25586,LOF,0.022167777175116733,0.12593502171842325,0.8518972011064601
25587,LOF,0.021410097678635026,0.11960734216543778,0.8589825601559272
25588,LOF,0.025961634112247427,0.09563540829432433,0.8784029575934282
25589,Neutral,0.5471971349349549,0.23813768816403577,0.21466517690100925
25590,LOF,0.054227621494957266,0.1547722421458081,0.7910001363592346
25591,LOF,0.10565011431877602,0.08849348128988332,0.8058564043913408
25592,LOF,0.0762017634524905,0.1816330648929359,0.7421651716545736
25593,LOF,0.10988505098139754,0.3328052568316131,0.5573096921869893
25594,LOF,0.043760820398174104,0.03885768409316966,0.9173814955086563
25595,LOF,0.046443948861616284,0.024216364886243204,0.9293396862521406
25596,LOF,0.11189035405871517,0.01640206385793358,0.8717075820833512
25597,LOF,0.09458417470579142,0.014292796592857395,0.8911230287013511
25598,LOF,0.04859330224160313,0.02486554057599144,0.9265411571824055
25599,LOF,0.024620761863001734,0.40184117547362613,0.5735380626633722
25600,LOF,0.1675611322121979,0.3879425901587029,0.4444962776290993
25601,LOF,0.04703896652675561,0.2895375616103024,0.663423471862942
25602,LOF,0.03621639096269069,0.07525846247131632,0.888525146565993
25603,LOF,0.04675574268746885,0.06947782972650748,0.8837664275860236
25604,LOF,0.05462463310174611,0.12080076107490256,0.8245746058233513
25605,LOF,0.05029137228819435,0.20222903172409123,0.7474795959877144
25606,Neutral,0.39502476019999255,0.24483353530692864,0.3601417044930788
25607,LOF,0.02751706962181346,0.27276477847744574,0.6997181519007407
25608,LOF,0.05190398686432093,0.08338632921811813,0.864709683917561
25609,GOF,0.1919668428713203,0.5147255773131937,0.2933075798154861
25610,LOF,0.020411244607184482,0.07825434695928779,0.9013344084335276
25611,LOF,0.014432601162844578,0.08100707948196376,0.9045603193551915
25612,LOF,0.052857273733929004,0.09536576158728682,0.8517769646787842
25613,LOF,0.050235625116162856,0.08983711290274596,0.8599272619810912
25614,LOF,0.023702022221449317,0.07556210568320712,0.9007358720953436
25615,LOF,0.0516257783502218,0.07281578525470907,0.8755584363950691
25616,LOF,0.06509117290885989,0.0810435877942018,0.8538652392969382
25617,LOF,0.04900612401931098,0.09299989346369185,0.8579939825169972
25618,LOF,0.048148438349388985,0.15099771166907466,0.8008538499815363
25619,LOF,0.014126590321612028,0.10237563655373035,0.8834977731246577
25620,LOF,0.04958224640544007,0.08465074517466403,0.8657670084198958
25621,LOF,0.07210923380665005,0.07497408211106271,0.8529166840822873
25622,LOF,0.08042549701803395,0.08992899368560522,0.8296455092963608
25623,LOF,0.06585543560224191,0.08308500989989752,0.8510595544978605
25624,LOF,0.022839909727718974,0.08149057356974565,0.8956695167025353
25625,LOF,0.067309557168018,0.08582575867511878,0.8468646841568632
25626,LOF,0.053220916965318,0.08262861676379832,0.8641504662708837
25627,Neutral,0.8805699795531372,0.024187948472336438,0.09524207197452642
25628,LOF,0.18997640701661644,0.0636412468009077,0.7463823461824758
25629,LOF,0.0627432899957015,0.06537143784777502,0.8718852721565233
25630,LOF,0.3037377873659717,0.07080848758838822,0.62545372504564
25631,Neutral,0.5402155720788332,0.04853945005896235,0.4112449778622044
25632,LOF,0.03145580451543024,0.1287938584422333,0.8397503370423364
25633,LOF,0.21606974264618567,0.07470933350698286,0.7092209238468314
25634,LOF,0.044631935360991706,0.11946273037340022,0.835905334265608
25635,LOF,0.03379822866116791,0.06319756854924903,0.903004202789583
25636,GOF,0.03999776530030331,0.5456924758742118,0.4143097588254849
25637,GOF,0.04277917799855512,0.5179960183285037,0.43922480367294126
25638,LOF,0.02156330700854207,0.4657988158660129,0.5126378771254451
25639,LOF,0.0363787040966336,0.4310670401143062,0.5325542557890601
25640,Neutral,0.8334878005979888,0.11412302073517297,0.05238917866683837
25641,LOF,0.12921043025658316,0.3088101027402356,0.5619794670031812
25642,LOF,0.10285946745159691,0.16050930140547895,0.7366312311429242
25643,LOF,0.3234856211663163,0.08162526839949617,0.5948891104341875
25644,GOF,0.009484343959241887,0.6570241318708828,0.3334915241698753
25645,GOF,0.01387228252289971,0.623325081637137,0.36280263583996336
25646,LOF,0.025018052759018233,0.44037637628917303,0.5346055709518087
25647,LOF,0.009827825098948466,0.35361558289928463,0.6365565920017668
25648,LOF,0.014891120481271274,0.4083089161769981,0.5767999633417306
25649,LOF,0.008404280181450932,0.32391787558702595,0.6676778442315231
25650,GOF,0.033330994333753944,0.6084293401311692,0.35823966553507686
25651,LOF,0.011617201349068632,0.4068194783084467,0.5815633203424847
25652,LOF,0.011340588407026182,0.4583599906500189,0.5302994209429548
25653,GOF,0.043771526331295454,0.6149666069891881,0.3412618666795163
25654,LOF,0.010935046082576902,0.34925395762285877,0.6398109962945644
25655,GOF,0.12371218840182704,0.654031778726838,0.22225603287133489
25656,LOF,0.22133074330589245,0.05407940976067153,0.724589846933436
25657,LOF,0.0359896584052616,0.06668299584180876,0.8973273457529297
25658,LOF,0.26420163160070903,0.0839833335471376,0.6518150348521533
25659,LOF,0.3992238163777549,0.09686597210833926,0.5039102115139059
25660,LOF,0.022877089585361655,0.10019311121393477,0.8769297992007036
25661,LOF,0.07678788412155495,0.06129266166008479,0.8619194542183602
25662,LOF,0.029533652757879093,0.03741004134615796,0.9330563058959629
25663,LOF,0.03307316066509899,0.03563973660246143,0.9312871027324396
25664,LOF,0.10070921018289843,0.06192213051233069,0.8373686593047709
25665,LOF,0.059904170667197235,0.03344093756653587,0.906654891766267
25666,LOF,0.07596919794106471,0.051310305383942836,0.8727204966749924
25667,LOF,0.06298715854384926,0.04263517718834916,0.8943776642678016
25668,LOF,0.03144750186589727,0.05387161881786817,0.9146808793162345
25669,LOF,0.022108710511964332,0.04930854054824211,0.9285827489397934
25670,LOF,0.12239295555624011,0.04707690423452685,0.8305301402092331
25671,LOF,0.09402673460636043,0.03651112243556547,0.8694621429580742
25672,LOF,0.049449340174999995,0.050509028245038175,0.9000416315799619
25673,LOF,0.07399439655871268,0.04510490697596653,0.8809006964653208
25674,LOF,0.07263437779808905,0.05914006431357117,0.8682255578883398
25675,LOF,0.07447257407909579,0.06637346637604079,0.8591539595448634
25676,LOF,0.016782625764679565,0.061428356826875974,0.9217890174084445
25677,LOF,0.017013131107401127,0.08621108429719276,0.8967757845954061
25678,LOF,0.16257406380402153,0.10201668979032782,0.7354092464056506
25679,LOF,0.1143595158415759,0.09457857563953419,0.7910619085188898
25680,LOF,0.02837118203559837,0.12612687079999038,0.8455019471644112
25681,LOF,0.04523536595240034,0.1132559726923285,0.8415086613552711
25682,LOF,0.12461303593690143,0.07142877050899611,0.8039581935541025
25683,LOF,0.09851698619576715,0.08383124097790834,0.8176517728263245
25684,LOF,0.02833994756690918,0.060282038078074036,0.9113780143550169
25685,LOF,0.12914886321090724,0.09848414036992617,0.7723669964191666
25686,LOF,0.09722809849173905,0.13507198482666483,0.7676999166815961
25687,LOF,0.15397727603218667,0.12911772688394646,0.7169049970838669
25688,LOF,0.43591299270575995,0.03197010292259638,0.5321169043716436
25689,LOF,0.2672729150218591,0.043625502372143556,0.6891015826059973
25690,LOF,0.37958155848640085,0.029667620810196485,0.5907508207034028
25691,Neutral,0.7409044170130322,0.026886921197267117,0.23220866178970062
25692,LOF,0.3685426290791974,0.010527651991462227,0.6209297189293405
25693,GOF,0.03482899680754718,0.5132538917849805,0.4519171114074723
25694,LOF,0.1069229425824696,0.016744087625062923,0.8763329697924676
25695,LOF,0.108056597225983,0.007541641246010339,0.8844017615280065
25696,LOF,0.11634948881587004,0.009522530594089295,0.8741279805900407
25697,LOF,0.054517265661941275,0.05206329636292482,0.8934194379751339
25698,LOF,0.25387566284673296,0.23941930369428813,0.5067050334589788
25699,LOF,0.4165829935194512,0.027840923620763663,0.5555760828597851
25700,LOF,0.06362366207537042,0.008059576863499427,0.9283167610611303
25701,LOF,0.21562682680461712,0.029230728946597475,0.7551424442487853
25702,GOF,0.1714735438934663,0.6943962121521613,0.13413024395437237
25703,LOF,0.017177172386602237,0.19792958374610412,0.7848932438672936
25704,LOF,0.038785937550635634,0.1487033187510732,0.8125107436982911
25705,LOF,0.0462623043250543,0.07050519978313974,0.883232495891806
25706,GOF,0.09551296957755433,0.4666048794110434,0.4378821510114023
25707,LOF,0.0885645827386727,0.380286179259875,0.5311492380014523
25708,LOF,0.03527205124298207,0.377525804667135,0.5872021440898829
25709,LOF,0.07541079552898743,0.02872726327136895,0.8958619411996437
25710,LOF,0.016340212243108408,0.13216872678909058,0.851491060967801
25711,LOF,0.021265779567800187,0.06529951167413584,0.9134347087580639
25712,LOF,0.017506174673814514,0.1809782040090148,0.8015156213171708
25713,LOF,0.019805378038884547,0.05685491358216565,0.9233397083789499
25714,LOF,0.08743719307512017,0.04210796699813092,0.870454839926749
25715,LOF,0.012312066719871435,0.095254612115166,0.8924333211649625
25716,LOF,0.011740196255463225,0.1012582059251506,0.8870015978193863
25717,LOF,0.018989747578429004,0.05904556416699292,0.9219646882545781
25718,LOF,0.011956975969012624,0.03974472990772793,0.9482982941232595
25719,LOF,0.023401619393643228,0.05401678525048479,0.922581595355872
25720,LOF,0.030187121730743748,0.0378416953575153,0.931971182911741
25721,LOF,0.012340991493336449,0.05427688673359032,0.9333821217730732
25722,LOF,0.01400000471650226,0.04512376974462629,0.9408762255388715
25723,LOF,0.0258820617445416,0.030477629042340845,0.9436403092131175
25724,LOF,0.03277218152738666,0.06379871177336321,0.9034291066992501
25725,LOF,0.011754644345296383,0.053169744829808074,0.9350756108248957
25726,LOF,0.01760587302993188,0.06718492303838146,0.9152092039316867
25727,LOF,0.0138543005701569,0.045879612470659914,0.9402660869591832
25728,LOF,0.01145527739331645,0.05730949477249637,0.9312352278341873
25729,LOF,0.011276856178925727,0.06183808055754323,0.9268850632635309
25730,LOF,0.015740154076819148,0.058801986307975694,0.9254578596152052
25731,LOF,0.018157526015946057,0.08537653336114538,0.8964659406229086
25732,LOF,0.014823475828642326,0.037953354805017436,0.9472231693663402
25733,LOF,0.01559268381636275,0.04655465064971364,0.9378526655339237
25734,LOF,0.012332802403892836,0.11697523089951212,0.8706919666965951
25735,LOF,0.01168182637920967,0.04608574996029269,0.9422324236604978
25736,LOF,0.01280508750638728,0.053196933110474576,0.9339979793831381
25737,LOF,0.013158294731126917,0.08935305427825327,0.8974886509906198
25738,LOF,0.013018424655676498,0.09220547456915795,0.8947761007751657
25739,LOF,0.022265303580190455,0.05488732627420274,0.9228473701456068
25740,LOF,0.03322013885410762,0.09633041894195471,0.8704494422039377
25741,LOF,0.01663770694937052,0.09089074470410738,0.8924715483465222
25742,LOF,0.1386003629645796,0.058879296042678095,0.8025203409927424
25743,LOF,0.05230994082072738,0.060285813269395756,0.8874042459098768
25744,Neutral,0.6317138774172824,0.23253136894098483,0.13575475364173284
25745,LOF,0.06789575142269787,0.08683114459248757,0.8452731039848147
25746,LOF,0.04420641163128367,0.12212508721039357,0.8336685011583227
25747,LOF,0.017092077813132524,0.11955370289310345,0.863354219293764
25748,LOF,0.09807835287929685,0.20400246725303833,0.6979191798676649
25749,LOF,0.023265613555397507,0.1013775164357824,0.8753568700088201
25750,LOF,0.06639966081825519,0.13441593421055545,0.7991844049711894
25751,LOF,0.09822491241600609,0.15889076812760905,0.7428843194563848
25752,GOF,0.1144026571754901,0.6413715604069424,0.24422578241756737
25753,LOF,0.033773693241988964,0.36691513141578697,0.5993111753422241
25754,GOF,0.01902272281259693,0.782549830886348,0.19842744630105516
25755,LOF,0.03247891239796362,0.35118752871330244,0.6163335588887339
25756,LOF,0.06566642244574997,0.43971729624667055,0.49461628130757945
25757,GOF,0.015246456817063478,0.8797073207371828,0.1050462224457536
25758,GOF,0.02597250091039714,0.8154646701779767,0.15856282891162618
25759,GOF,0.01246496187350098,0.6699850362262695,0.31755000190022953
25760,LOF,0.01630711014455847,0.42165443573950745,0.5620384541159341
25761,GOF,0.2323026144228887,0.6777588292028877,0.0899385563742237
25762,LOF,0.04862447381896438,0.3779388237034571,0.5734367024775785
25763,LOF,0.0142231204799769,0.28574437644793277,0.7000325030720903
25764,GOF,0.0563450637175178,0.7221072635628473,0.22154767271963505
25765,GOF,0.031611344019906826,0.789020915068803,0.17936774091129004
25766,GOF,0.08179856871743149,0.7459826156734212,0.17221881560914745
25767,LOF,0.1593635555253266,0.3984852681497147,0.4421511763249588
25768,LOF,0.12266636855746983,0.0355090168203876,0.8418246146221425
25769,LOF,0.052902535983595025,0.054649760800591016,0.892447703215814
25770,LOF,0.4043719454942739,0.10174168883369136,0.49388636567203487
25771,LOF,0.07285386022694669,0.051208863335326246,0.8759372764377271
25772,LOF,0.019767428091014533,0.046040463500857755,0.9341921084081277
25773,LOF,0.07403416724726049,0.05856878129788653,0.867397051454853
25774,LOF,0.029435516684982017,0.11254259980796476,0.8580218835070532
25775,LOF,0.08037813246872808,0.04779293370614266,0.8718289338251293
25776,LOF,0.07487588849248424,0.02971805886853156,0.8954060526389842
25777,Neutral,0.5478763703874989,0.06951698197211993,0.3826066476403811
25778,LOF,0.07108852869494557,0.043707556445961804,0.8852039148590927
25779,GOF,0.43000475669178717,0.5183022695325865,0.05169297377562639
25780,GOF,0.3332821368764537,0.556528346493385,0.11018951663016131
25781,GOF,0.11182164098143843,0.7502835211103273,0.13789483790823429
25782,GOF,0.17941418520821134,0.7135563111504926,0.10702950364129606
25783,GOF,0.021601498188135518,0.639743049820832,0.3386554519910325
25784,Neutral,0.5300126137208829,0.4095509831978942,0.06043640308122286
25785,Neutral,0.5244212657732574,0.40064560227699386,0.07493313194974878
25786,GOF,0.025399865835484713,0.6909062792657751,0.2836938548987402
25787,Neutral,0.6894749207447295,0.26448613807872295,0.046038941176547575
25788,LOF,0.06300091125718245,0.07191315098247275,0.8650859377603448
25789,GOF,0.20493715066380216,0.6232416875810907,0.1718211617551072
25790,GOF,0.24131818712237801,0.6225136434626753,0.13616816941494655
25791,GOF,0.14269720660259144,0.6320251877648643,0.22527760563254434
25792,GOF,0.35312957111633,0.4689712336641209,0.17789919521954922
25793,GOF,0.24645384145049185,0.45539329487990476,0.2981528636696033
25794,GOF,0.32090510854823867,0.43081768525275704,0.24827720619900434
25795,GOF,0.055214737857207256,0.6413663903175914,0.3034188718252014
25796,Neutral,0.5129887635886071,0.386574244737501,0.1004369916738919
25797,GOF,0.07617918011778096,0.5168742037144831,0.4069466161677359
25798,GOF,0.009946101499759438,0.5041468271303816,0.485907071369859
25799,LOF,0.007872129301520852,0.4325266285324597,0.5596012421660195
25800,GOF,0.03828774156770957,0.5928577965508945,0.3688544618813959
25801,GOF,0.25585560463058155,0.5885461656298997,0.1555982297395188
25802,GOF,0.0625624798581262,0.6034088823927158,0.3340286377491579
25803,GOF,0.04163639861332298,0.5045974968053922,0.4537661045812849
25804,LOF,0.03507244743259558,0.43808519294242043,0.5268423596249839
25805,GOF,0.10445172274368378,0.5116043875082679,0.3839438897480483
25806,GOF,0.11067389775146542,0.5444024519219824,0.34492365032655203
25807,GOF,0.01786982425864022,0.5710747583334002,0.41105541740795964
25808,GOF,0.09129890530014903,0.5007825733383345,0.4079185213615164
25809,GOF,0.01897190500404087,0.5647981952315114,0.41622989976444774
25810,GOF,0.019410109001425514,0.5522745119822388,0.4283153790163357
25811,GOF,0.45664644414557404,0.46409427023262595,0.07925928562179985
25812,GOF,0.03450709452042216,0.5839151874661554,0.3815777180134225
25813,Neutral,0.5803586156580955,0.28873706675460986,0.1309043175872947
25814,GOF,0.12715313805880063,0.5796689347398677,0.2931779272013318
25815,GOF,0.25967878388624327,0.4985119503510783,0.24180926576267847
25816,GOF,0.020335129347753115,0.6528575411036489,0.32680732954859787
25817,GOF,0.19983907597952053,0.665629122468348,0.1345318015521315
25818,GOF,0.0350207161101841,0.5484024694104891,0.41657681447932676
25819,GOF,0.3376261985821121,0.461462562265054,0.20091123915283401
25820,GOF,0.178683663243606,0.5706353115354349,0.25068102522095914
25821,GOF,0.05768467660233175,0.642121466767569,0.30019385663009934
25822,GOF,0.23302694190190973,0.4719225498361046,0.29505050826198564
25823,LOF,0.03679987923461282,0.4382869368175569,0.5249131839478303
25824,GOF,0.07390411256755354,0.49503946048793895,0.43105642694450735
25825,GOF,0.03072691440677994,0.5025452742810671,0.46672781131215296
25826,LOF,0.010790075763288182,0.477743226659537,0.5114666975771748
25827,GOF,0.0179022902465243,0.5395659228873072,0.4425317868661686
25828,LOF,0.012268919808844671,0.4483652387682016,0.5393658414229537
25829,GOF,0.007483628310467187,0.5330958784577509,0.45942049323178197
25830,LOF,0.03909323300967257,0.26821887786083104,0.6926878891294964
25831,GOF,0.1287696402856888,0.7044864052860191,0.16674395442829204
25832,GOF,0.03192520236281321,0.6420753122664078,0.32599948537077894
25833,GOF,0.10542208722312392,0.6388285356644877,0.2557493771123883
25834,GOF,0.037006335796742056,0.6383951523874349,0.3245985118158231
25835,GOF,0.09587779736043195,0.5780767235807063,0.32604547905886183
25836,GOF,0.0432801389549022,0.5981912836929827,0.3585285773521152
25837,GOF,0.023854005605036928,0.49150410790059895,0.484641886494364
25838,GOF,0.08667970278007592,0.6817699011186695,0.23155039610125458
25839,GOF,0.2698892578668317,0.5096071965401844,0.2205035455929839
25840,GOF,0.20042427385897452,0.5511932327274458,0.2483824934135797
25841,GOF,0.2460366525726766,0.5146858216455289,0.23927752578179445
25842,GOF,0.17137658858901542,0.598903931673428,0.22971947973755658
25843,GOF,0.21443735683553727,0.6177592818568896,0.16780336130757323
25844,GOF,0.06109967241245898,0.625675682897248,0.31322464469029304
25845,LOF,0.01371441620559934,0.46641587811003443,0.5198697056843662
25846,GOF,0.0905883945440764,0.6832877505737541,0.22612385488216943
25847,GOF,0.11706242224925638,0.6992730183780071,0.18366455937273637
25848,GOF,0.037676540324414295,0.6142502083805778,0.34807325129500793
25849,GOF,0.011011473187482817,0.5181980624553075,0.4707904643572098
25850,GOF,0.024843817198306493,0.5590158654146581,0.4161403173870355
25851,LOF,0.021438881057705184,0.48306323207756174,0.4954978868647331
25852,GOF,0.13266596953322693,0.536161313964831,0.331172716501942
25853,GOF,0.31151821624849374,0.5745121545894989,0.1139696291620072
25854,GOF,0.018695722760877696,0.6714893165797006,0.3098149606594219
25855,GOF,0.043092698509287965,0.5828066458764443,0.37410065561426775
25856,GOF,0.2412683114691939,0.5214696516750074,0.23726203685579866
25857,GOF,0.03802392638262864,0.5031194121286603,0.45885666148871107
25858,GOF,0.018185735497430904,0.582940113413989,0.39887415108858004
25859,GOF,0.00946832281704132,0.5793101733847793,0.4112215037981793
25860,GOF,0.3183446857203029,0.5526194626754197,0.1290358516042774
25861,GOF,0.31796790982015716,0.573756375684049,0.1082757144957938
25862,GOF,0.06833498030388917,0.7659301520355328,0.16573486766057796
25863,GOF,0.07433420202284031,0.7750431128556147,0.1506226851215451
25864,GOF,0.1279388705737274,0.7670152208934135,0.10504590853285915
25865,GOF,0.06010427431322289,0.7614301332732746,0.17846559241350252
25866,GOF,0.05609454900721736,0.8010081227353352,0.14289732825744747
25867,GOF,0.07221901662550813,0.7964048394114158,0.13137614396307615
25868,GOF,0.2116179503733186,0.6387387671835079,0.14964328244317343
25869,Neutral,0.6542675742349365,0.29038169457159757,0.055350731193465876
25870,LOF,0.2689952962144345,0.23377344757478946,0.4972312562107761
25871,GOF,0.22178579617141983,0.6060598222246522,0.172154381603928
25872,GOF,0.08784482749116027,0.5881917688842264,0.32396340362461334
25873,GOF,0.16906229249574234,0.5526262089950209,0.27831149850923675
25874,LOF,0.023302365234602093,0.07642448341885971,0.9002731513465381
25875,LOF,0.07860358498564991,0.07138855780747076,0.8500078572068793
25876,LOF,0.026073432022394694,0.06450760141903826,0.909418966558567
25877,Neutral,0.505990829943098,0.05582487923971153,0.4381842908171904
25878,LOF,0.2543680339084035,0.10504626721254201,0.6405856988790544
25879,LOF,0.13913807719398458,0.12235705021562285,0.7385048725903927
25880,LOF,0.022377075606578034,0.027902059467630108,0.9497208649257919
25881,LOF,0.19680184708358903,0.22682608760551984,0.5763720653108911
25882,LOF,0.07096833991909728,0.02284472413243467,0.9061869359484681
25883,LOF,0.08142433105462345,0.04538391203570039,0.8731917569096763
25884,LOF,0.045385368591637484,0.05431958238792027,0.9002950490204423
25885,LOF,0.05426202765341255,0.027829867435111632,0.9179081049114759
25886,LOF,0.33970709744341077,0.10531671200145472,0.5549761905551345
25887,LOF,0.17592699838306472,0.17817275632790097,0.6459002452890343
25888,LOF,0.08087824526923425,0.11906144598138599,0.8000603087493798
25889,LOF,0.03821360138608466,0.057515816055649455,0.904270582558266
25890,LOF,0.0660963969916861,0.13833044138086892,0.795573161627445
25891,LOF,0.06062682334110443,0.05241194415891665,0.8869612324999788
25892,LOF,0.09893743763216596,0.02394506665848439,0.8771174957093497
25893,LOF,0.30230409566708605,0.0146546905478547,0.6830412137850592
25894,LOF,0.17799496568301684,0.007601737047336058,0.8144032972696471
25895,LOF,0.20616461111805742,0.017951813473371797,0.7758835754085709
25896,LOF,0.042606896403868624,0.020213348573971182,0.9371797550221601
25897,LOF,0.2255745213495768,0.01438422909121904,0.7600412495592042
25898,Neutral,0.7474813825630398,0.010108536008141699,0.24241008142881865
25899,LOF,0.26151237414401773,0.041410739141023896,0.6970768867149584
25900,Neutral,0.6001637552466903,0.013644186830553537,0.3861920579227562
25901,LOF,0.05465461971174049,0.011875798812163644,0.9334695814760958
25902,LOF,0.1635106070135194,0.011288146909644164,0.8252012460768364
25903,Neutral,0.6050570144650701,0.02624260709500528,0.36870037843992465
25904,LOF,0.25701489877034134,0.03954378405791246,0.7034413171717462
25905,LOF,0.03423993930493597,0.2693591498721035,0.6964009108229605
25906,LOF,0.024583538561333378,0.0635962706431189,0.9118201907955477
25907,LOF,0.015378099844096492,0.3032662498936321,0.6813556502622714
25908,LOF,0.013968880587100836,0.2117457221098099,0.7742853973030892
25909,LOF,0.016234443861676884,0.12251961707832056,0.8612459390600027
25910,LOF,0.04041440968469803,0.2316687972759406,0.7279167930393614
25911,LOF,0.0759075379891763,0.05210655629168922,0.8719859057191346
25912,LOF,0.03524634159649867,0.0886005206451818,0.8761531377583195
25913,LOF,0.24739894433773948,0.037147126274335154,0.7154539293879254
25914,LOF,0.025084760793062304,0.11394177646588009,0.8609734627410577
25915,Neutral,0.4132061775502295,0.20598250971892387,0.38081131273084673
25916,LOF,0.05067607805614984,0.2728751029401187,0.6764488190037315
25917,LOF,0.05565493775180161,0.052269671443196906,0.8920753908050014
25918,LOF,0.031994079961550244,0.06799743501130713,0.9000084850271427
25919,LOF,0.029363250375398286,0.0683983015110363,0.9022384481135655
25920,GOF,0.12951483294681224,0.5091268353072835,0.3613583317459043
25921,LOF,0.0367688563112047,0.032720417550422216,0.930510726138373
25922,LOF,0.054323495149459645,0.019483682065559064,0.9261928227849813
25923,LOF,0.4035894954137472,0.019395907193448973,0.5770145973928038
25924,LOF,0.03803677052464354,0.02490235725342182,0.9370608722219347
25925,LOF,0.08247764637349916,0.03599752885936783,0.8815248247671329
25926,LOF,0.06098145809964555,0.020306734213596873,0.9187118076867576
25927,LOF,0.08305864060909969,0.04737555446946174,0.8695658049214385
25928,LOF,0.025232698513697426,0.022725078600747576,0.952042222885555
25929,Neutral,0.5373351589854499,0.02256733202279833,0.4400975089917517
25930,LOF,0.06792126454439502,0.015313475011198752,0.9167652604444061
25931,LOF,0.03141992074089951,0.019615401768967124,0.9489646774901334
25932,LOF,0.030573278740418288,0.015275398335052079,0.9541513229245296
25933,LOF,0.03807518010056373,0.009154031475377817,0.9527707884240585
25934,LOF,0.02595796214390262,0.011767525547455856,0.9622745123086416
25935,LOF,0.08722316245818569,0.03092528976361038,0.8818515477782038
25936,LOF,0.047722934787814336,0.015063257215180141,0.9372138079970054
25937,LOF,0.03691267837242591,0.023373458467312057,0.9397138631602621
25938,LOF,0.08232074018989077,0.03662174233350381,0.8810575174766054
25939,LOF,0.04421923699291446,0.009497302914641875,0.9462834600924436
25940,LOF,0.024763683207610115,0.42082739049664053,0.5544089262957493
25941,LOF,0.14682591046947463,0.11526250862820062,0.7379115809023248
25942,LOF,0.012804344685739814,0.04687284828236262,0.9403228070318976
25943,LOF,0.3279908229185673,0.11004963235087956,0.5619595447305532
25944,Neutral,0.4927384902062803,0.06094949315652448,0.44631201663719516
25945,LOF,0.06635030245782468,0.03607950635773253,0.8975701911844428
25946,LOF,0.03336372945849509,0.14885779743708893,0.817778473104416
25947,LOF,0.13422202038949346,0.14247611541328561,0.723301864197221
25948,LOF,0.3892629734707365,0.014273748282536837,0.5964632782467266
25949,LOF,0.08888737515294093,0.05019667700709422,0.8609159478399648
25950,GOF,0.21172760725128872,0.4220385136505494,0.366233879098162
25951,LOF,0.2567551093226088,0.1816430032909353,0.5616018873864559
25952,LOF,0.05926472589666365,0.39945976654174,0.5412755075615964
25953,LOF,0.12594453288146437,0.10588080850546235,0.7681746586130734
25954,LOF,0.32549597700792565,0.2274068660183216,0.4470971569737527
25955,LOF,0.06545710649245769,0.0828008951962061,0.8517419983113362
25956,LOF,0.1996879541066214,0.06704411186828313,0.7332679340250954
25957,LOF,0.04473027080210763,0.025773352476241178,0.9294963767216512
25958,LOF,0.056910436374142795,0.03711426057529303,0.9059753030505642
25959,LOF,0.07321850954447988,0.4256403356694991,0.501141154786021
25960,LOF,0.020253434678077793,0.07117828378333545,0.9085682815385867
25961,LOF,0.04664127830515665,0.04945438548202096,0.9039043362128225
25962,LOF,0.07114866713102405,0.03709120025264924,0.8917601326163267
25963,LOF,0.05363790801226907,0.1707009300301338,0.7756611619575972
25964,LOF,0.0399374710503406,0.15111057631347338,0.808951952636186
25965,Neutral,0.4705782084383953,0.07218477211871883,0.4572370194428859
25966,LOF,0.32730568360750195,0.2852622269126389,0.3874320894798592
25967,LOF,0.015090259517023242,0.10011605760981612,0.8847936828731606
25968,LOF,0.049084676479558643,0.3979988470471064,0.5529164764733349
25969,LOF,0.030061174168253,0.053817105194228124,0.9161217206375188
25970,LOF,0.06889729241199669,0.06951099095499358,0.8615917166330097
25971,LOF,0.08665378597709057,0.032661728623279165,0.8806844853996303
25972,LOF,0.08393835473014091,0.03694711463680042,0.8791145306330587
25973,LOF,0.09475228709863086,0.008966448569148841,0.8962812643322202
25974,LOF,0.3200266844426611,0.016476449458352922,0.6634968660989858
25975,LOF,0.05879717684870744,0.03166788334075904,0.9095349398105335
25976,LOF,0.04104043798075177,0.019369973505462594,0.9395895885137856
25977,LOF,0.14568369280350774,0.12482197247989184,0.7294943347166003
25978,LOF,0.13398982042072363,0.13300241606413404,0.7330077635151423
25979,LOF,0.12859851346773896,0.12147241680241065,0.7499290697298504
25980,LOF,0.14433456141088258,0.21732846237252013,0.6383369762165972
25981,LOF,0.1817926650957718,0.21031904216977726,0.6078882927344509
25982,LOF,0.38025228708560893,0.12446529966078859,0.49528241325360256
25983,LOF,0.37086453793237567,0.11749232093744715,0.5116431411301772
25984,LOF,0.052798169003763044,0.11090985759085645,0.8362919734053804
25985,LOF,0.020172387801317977,0.3510062350969568,0.6288213771017253
25986,LOF,0.0256292514897241,0.3309542410255609,0.6434165074847149
25987,LOF,0.08855143010492497,0.12052684114627997,0.7909217287487952
25988,LOF,0.11951547354154325,0.09322454097780629,0.7872599854806505
25989,LOF,0.025877672021398054,0.16940354504023775,0.8047187829383642
25990,LOF,0.033154071378853046,0.1631321785018117,0.8037137501193352
25991,LOF,0.15379624012306872,0.41231949629162346,0.43388426358530785
25992,LOF,0.3205345515755009,0.28413148631493934,0.39533396210955973
25993,LOF,0.02556209907850301,0.09127014389952935,0.8831677570219676
25994,LOF,0.017593994366082066,0.11757220694748481,0.8648337986864331
25995,LOF,0.030278827720450673,0.14548467955161504,0.8242364927279342
25996,GOF,0.18854748221093548,0.5474147295116423,0.26403778827742225
25997,GOF,0.07356288238732991,0.5239833722534025,0.4024537453592676
25998,Neutral,0.672321616478903,0.026054862884497685,0.3016235206365993
25999,LOF,0.14938002188389113,0.1095988973722577,0.7410210807438512
26000,LOF,0.0974306803853542,0.027694918070360154,0.8748744015442856
26001,LOF,0.18695899589922102,0.031854693152169225,0.7811863109486097
26002,LOF,0.14187960054658807,0.030988233957135188,0.8271321654962767
26003,GOF,0.00939836231498427,0.6659823343657442,0.3246193033192716
26004,GOF,0.022715231069841278,0.6951544559801863,0.2821303129499725
26005,GOF,0.011177262228311443,0.562878521511065,0.4259442162606237
26006,Neutral,0.5099743613004315,0.2979531086040267,0.19207253009554176
26007,GOF,0.019024203337699132,0.6119499041649189,0.3690258924973819
26008,GOF,0.020617718320095103,0.5896643475662917,0.3897179341136132
26009,GOF,0.03197890464381225,0.6600925522793302,0.30792854307685763
26010,GOF,0.021666768926175698,0.7370982995288826,0.24123493154494163
26011,GOF,0.009631994797870035,0.5441227259329581,0.4462452792691719
26012,GOF,0.017567277497147007,0.6023795610685275,0.38005316143432544
26013,GOF,0.01535902070182115,0.704642676766673,0.2799983025315058
26014,LOF,0.04212689271275815,0.16466486424966947,0.7932082430375723
26015,LOF,0.18681189582194044,0.011106274815168493,0.8020818293628911
26016,LOF,0.2647566319451654,0.04443092015815453,0.6908124478966801
26017,LOF,0.17161025733036459,0.09853485576120985,0.7298548869084255
26018,LOF,0.08572160095287723,0.0361390706210642,0.8781393284260587
26019,LOF,0.0873049207339161,0.025323562236133506,0.8873715170299505
26020,LOF,0.061499777430199215,0.09699908117588679,0.841501141393914
26021,LOF,0.05655526770084069,0.1404184683158928,0.8030262639832666
26022,LOF,0.009934248808733363,0.06984496502723576,0.9202207861640309
26023,LOF,0.10973588047688947,0.022507310886263034,0.8677568086368475
26024,LOF,0.02801439409138921,0.10859267964703663,0.8633929262615742
26025,LOF,0.1422906571273854,0.08016334491015076,0.7775459979624637
26026,LOF,0.33080052336520843,0.015042217308432757,0.6541572593263587
26027,LOF,0.08143325919675587,0.016908370783628838,0.9016583700196154
26028,LOF,0.17705437536784843,0.09246273542430028,0.7304828892078513
26029,LOF,0.12345680148947698,0.15203766409596214,0.7245055344145609
26030,LOF,0.03446236878396818,0.05884244258725978,0.906695188628772
26031,LOF,0.0462441216179552,0.12584629504300238,0.8279095833390424
26032,LOF,0.08483686689286078,0.045168681729589634,0.8699944513775495
26033,LOF,0.1479850225744746,0.04838040057088547,0.80363457685464
26034,LOF,0.069957274297132,0.12194947254354416,0.8080932531593238
26035,LOF,0.04567561156861816,0.10210041336816429,0.8522239750632175
26036,LOF,0.07048024604617056,0.12846297086763062,0.8010567830861988
26037,LOF,0.0371306306595201,0.10136722843035437,0.8615021409101256
26038,LOF,0.07926651109858299,0.04078860908259234,0.8799448798188247
26039,LOF,0.09625973445930405,0.10895980754045115,0.7947804580002449
26040,LOF,0.26118639367001484,0.07545187953869523,0.6633617267912899
26041,LOF,0.03733100801561045,0.08850668055236063,0.8741623114320288
26042,LOF,0.037336638667104516,0.0906865156476192,0.8719768456852763
26043,LOF,0.07704853132706402,0.054276349149900864,0.8686751195230352
26044,LOF,0.03395192529269647,0.061599789383770955,0.9044482853235326
26045,LOF,0.11386641440324571,0.07797827154893335,0.808155314047821
26046,LOF,0.08266038802669635,0.05674302559976415,0.8605965863735395
26047,LOF,0.11836185038334164,0.06756535264976998,0.8140727969668884
26048,LOF,0.06554884521215444,0.05392635346791406,0.8805248013199315
26049,Neutral,0.9483627520101843,0.00983295222560417,0.04180429576421161
26050,Neutral,0.9304618353232421,0.011251204762680083,0.05828695991407773
26051,LOF,0.06574085778642322,0.42090446459968944,0.5133546776138872
26052,GOF,0.06435998275691837,0.47588008395555614,0.45975993328752557
26053,LOF,0.05291901321888871,0.3344978764719198,0.6125831103091915
26054,LOF,0.05565642447750007,0.052702004610277596,0.8916415709122223
26055,LOF,0.07025439486784438,0.040569777149390446,0.8891758279827652
26056,LOF,0.061223318122412496,0.05167645351738377,0.8871002283602037
26057,LOF,0.03324408605430759,0.021165971010399676,0.9455899429352926
26058,LOF,0.0330744190120138,0.018656709740021805,0.9482688712479643
26059,LOF,0.3260159193517746,0.05851542096942761,0.6154686596787978
26060,LOF,0.0296651897292394,0.2931934381746044,0.6771413720961561
26061,LOF,0.01742831589687746,0.027603607275294567,0.954968076827828
26062,LOF,0.012829473243701052,0.038879630520925405,0.9482908962353735
26063,LOF,0.02375590215386084,0.019433026132393817,0.9568110717137454
26064,LOF,0.02416706314955616,0.025817189102866067,0.9500157477475779
26065,LOF,0.028726172018818885,0.02181934022073261,0.9494544877604485
26066,LOF,0.022018252216290526,0.02237486125453584,0.9556068865291737
26067,LOF,0.025584459313353906,0.017686790554316864,0.9567287501323293
26068,LOF,0.05463197053135673,0.052556200645529426,0.8928118288231137
26069,LOF,0.3935286332918062,0.03592098574930442,0.5705503809588893
26070,Neutral,0.606243484698325,0.017658590510853077,0.37609792479082194
26071,LOF,0.02471647674211557,0.023830883090187587,0.9514526401676968
26072,LOF,0.026266266853258384,0.03469397540205563,0.939039757744686
26073,LOF,0.02713462298732484,0.01828255303668822,0.9545828239759868
26074,Neutral,0.8818079622986159,0.00815553371160329,0.11003650398978074
26075,LOF,0.0443588636412247,0.029145081645081686,0.9264960547136936
26076,LOF,0.04640442436980195,0.016365037764772956,0.937230537865425
26077,LOF,0.010172433489982983,0.03994135724365637,0.9498862092663607
26078,LOF,0.013042913191010832,0.02422322827935736,0.9627338585296318
26079,LOF,0.05678880599454768,0.02851203698206275,0.9146991570233894
26080,LOF,0.05678880599454768,0.02851203698206275,0.9146991570233894
26081,LOF,0.037386095248452315,0.01301196876613532,0.9496019359854123
26082,LOF,0.020796927465222954,0.03295166149916782,0.9462514110356093
26083,LOF,0.14466600744330646,0.02243543244596695,0.8328985601107267
26084,LOF,0.028602258534407326,0.027565860486267448,0.9438318809793252
26085,LOF,0.024829663258281367,0.025346040633744377,0.9498242961079743
26086,LOF,0.02400989373398882,0.023540507321691776,0.9524495989443194
26087,LOF,0.0249640021944527,0.017400282929499338,0.9576357148760479
26088,LOF,0.022935807384319877,0.03754364307666849,0.9395205495390117
26089,LOF,0.0477230786333451,0.042457845016953724,0.9098190763497012
26090,LOF,0.04499049065109761,0.033688921038726206,0.9213205883101762
26091,LOF,0.03990828616248031,0.011861890470336886,0.9482298233671828
26092,LOF,0.030846072508212075,0.017026489679723446,0.9521274378120644
26093,LOF,0.040438300940900486,0.012396492122161774,0.9471652069369377
26094,LOF,0.04729822913017153,0.010836637502732954,0.9418651333670955
26095,LOF,0.037818556737700695,0.029216384477925045,0.9329650587843742
26096,LOF,0.016660839046091083,0.024373891778234753,0.9589652691756742
26097,LOF,0.010651112835949415,0.08534356523326897,0.9040053219307816
26098,LOF,0.06324006948637308,0.03156335035956977,0.9051965801540571
26099,LOF,0.02550278885895948,0.032039465674179875,0.9424577454668607
26100,LOF,0.02649187090730168,0.029609791726749584,0.9438983373659486
26101,LOF,0.06236676436501203,0.023510039804218955,0.9141231958307691
26102,LOF,0.026882686281063637,0.02285867050327601,0.9502586432156603
26103,Neutral,0.8863593716491789,0.03620606010231733,0.0774345682485036
26104,LOF,0.0536980869246476,0.062465804293496116,0.8838361087818563
26105,LOF,0.22294258103073147,0.26381231762599794,0.5132451013432706
26106,LOF,0.15077899144698287,0.15267778162783893,0.6965432269251781
26107,LOF,0.21410201559209885,0.1288316677326293,0.6570663166752717
26108,LOF,0.2041335537754458,0.17875178490771831,0.6171146613168358
26109,LOF,0.06015760758442115,0.18311145566884166,0.7567309367467372
26110,LOF,0.295666851062165,0.015587317591772403,0.6887458313460626
26111,LOF,0.47250191502320116,0.025022628618748023,0.5024754563580508
26112,LOF,0.035984844198530236,0.016548992452178172,0.9474661633492916
26113,LOF,0.05488993622075273,0.03043117137551048,0.9146788924037367
26114,LOF,0.021191576897270054,0.02409457146079376,0.9547138516419361
26115,LOF,0.0998963248029864,0.03417637266932481,0.8659273025276889
26116,LOF,0.054957960088113225,0.054142717006895845,0.890899322904991
26117,LOF,0.3149222195787688,0.08291689296450236,0.6021608874567289
26118,LOF,0.04015421332341563,0.043332785897632564,0.9165130007789517
26119,LOF,0.022384070164095538,0.06640844750213223,0.9112074823337721
26120,LOF,0.028049341482350897,0.03254063438862987,0.9394100241290192
26121,LOF,0.05241913267795829,0.10671575568170162,0.8408651116403401
26122,LOF,0.06602458292176543,0.055469479512329466,0.8785059375659051
