feature0,prediction,LoGoFunc_Neutral,LoGoFunc_GOF,LoGoFunc_LOF
25546,Neutral,0.602306867899692,0.05897202195192291,0.3387211101483849
25547,Neutral,0.4861340228223334,0.10115972297409212,0.4127062542035745
25548,Neutral,0.4791336617323493,0.07976873410389063,0.4410976041637601
25549,LOF,0.41874498631946716,0.08242562989128129,0.4988293837892516
25550,LOF,0.342118747194277,0.11373463504433451,0.5441466177613885
25551,LOF,0.2924046367396323,0.12151979021113787,0.5860755730492297
25552,LOF,0.2533615549950179,0.12087139172594456,0.6257670532790376
25553,Neutral,0.8010346114864105,0.045212738327420336,0.15375265018616927
25554,LOF,0.30016544553159596,0.10848545053722883,0.5913491039311751
25555,LOF,0.25256253606971985,0.10194271635965065,0.6454947475706295
25556,LOF,0.4349743675040236,0.09205395932197774,0.4729716731739986
25557,LOF,0.24317796413832785,0.10853451256770566,0.6482875232939664
25558,LOF,0.31013229961734723,0.1066818631876014,0.5831858371950513
25559,LOF,0.27127506412420355,0.1438074849532202,0.5849174509225762
25560,LOF,0.172787239912165,0.10574303973173195,0.7214697203561031
25561,LOF,0.15748565082285085,0.12859489953337544,0.7139194496437737
25562,LOF,0.07479536529699413,0.08302913659995247,0.8421754981030534
25563,LOF,0.025521991823426907,0.15075873538766793,0.8237192727889052
25564,LOF,0.2189444598121959,0.12635647765033015,0.654699062537474
25565,LOF,0.21460469065967963,0.15366066471349688,0.6317346446268235
25566,GOF,0.1071910460721159,0.6870756605793085,0.20573329334857565
25567,LOF,0.03981774194815779,0.1429611799266707,0.8172210781251715
25568,LOF,0.06256689208353787,0.0798780624734086,0.8575550454430536
25569,LOF,0.05897357125160772,0.08283866183144128,0.858187766916951
25570,LOF,0.030286884229555475,0.10965156498020756,0.8600615507902369
25571,LOF,0.028526089217119393,0.11465429486254904,0.8568196159203316
25572,LOF,0.06455347420384724,0.13141924545440642,0.8040272803417463
25573,LOF,0.06645690337056026,0.09675606191113191,0.836787034718308
25574,LOF,0.0602885675647056,0.21918341114875292,0.7205280212865416
25575,LOF,0.024417731257273798,0.12730338626717078,0.8482788824755555
25576,LOF,0.03148370919738817,0.1682381851690798,0.8002781056335321
25577,LOF,0.032857421557001214,0.13244147446975263,0.8347011039732463
25578,LOF,0.2957442577347704,0.09470571553252748,0.6095500267327022
25579,LOF,0.1381151286058298,0.0995719963191769,0.7623128750749932
25580,LOF,0.021989904701500185,0.08934191562066147,0.8886681796778383
25581,LOF,0.05888921269022116,0.07219404961577155,0.8689167376940072
25582,LOF,0.058900587249984156,0.07099678169918726,0.8701026310508286
25583,LOF,0.023203013064488968,0.09013111881405776,0.8866658681214532
25584,Neutral,0.674948873031857,0.11387238485704926,0.2111787421110937
25585,LOF,0.02747997385665965,0.15619416213541826,0.8163258640079222
25586,LOF,0.018677746491423924,0.07731299011086806,0.904009263397708
25587,LOF,0.018410080210460093,0.0692173470876612,0.9123725727018788
25588,LOF,0.02259493672632031,0.07491854178221215,0.9024865214914676
25589,Neutral,0.505908906425433,0.20036549673496246,0.2937255968396046
25590,LOF,0.05374941180947441,0.12440051953062245,0.8218500686599032
25591,LOF,0.09888950609337098,0.06334244496075066,0.8377680489458783
25592,LOF,0.05858325726725969,0.14703591108138103,0.7943808316513593
25593,LOF,0.13950993062410008,0.27353295217408785,0.586957117201812
25594,LOF,0.055258943507290846,0.1145663566519527,0.8301746998407564
25595,LOF,0.054060828460680756,0.08178053848547889,0.8641586330538403
25596,LOF,0.10804701710150061,0.04804475878389018,0.8439082241146092
25597,LOF,0.08984628813536359,0.06230632525885902,0.8478473866057774
25598,LOF,0.05409980421868537,0.08664717855299028,0.8592530172283243
25599,LOF,0.022046038607659642,0.47200047182805166,0.5059534895642886
25600,GOF,0.1939988343807999,0.49038439874609224,0.31561676687310786
25601,LOF,0.044693756473269695,0.4105274748623595,0.5447787686643707
25602,LOF,0.03220259702166435,0.06523482620509224,0.9025625767732435
25603,LOF,0.03231685089849889,0.03469502359753099,0.9329881255039701
25604,LOF,0.03168437268598883,0.07698191756405123,0.89133370974996
25605,LOF,0.030416799438373138,0.19675365167913805,0.7728295488824888
25606,LOF,0.39138947407750146,0.123848914316685,0.48476161160581355
25607,LOF,0.02371258414893777,0.19145996612050925,0.7848274497305529
25608,LOF,0.03284566809855401,0.08522081766833463,0.8819335142331114
25609,GOF,0.1524301152017589,0.5213991631949542,0.32617072160328703
25610,LOF,0.016694317072440013,0.03440388117592032,0.9489018017516397
25611,LOF,0.014364691506749083,0.03819876605831531,0.9474365424349356
25612,LOF,0.0504810662034961,0.05031796020397752,0.8992009735925265
25613,LOF,0.047555099305961974,0.05180142096231485,0.9006434797317232
25614,LOF,0.02337068756217943,0.030787352782508583,0.945841959655312
25615,LOF,0.04418877149724374,0.048860862773579705,0.9069503657291765
25616,LOF,0.052909845784487125,0.033596826614427006,0.9134933276010858
25617,LOF,0.04621948510118384,0.04720924636950756,0.9065712685293086
25618,LOF,0.0460772860182783,0.04069989435289903,0.9132228196288228
25619,LOF,0.013624248457308604,0.04160275605632339,0.9447729954863681
25620,LOF,0.06689827056725649,0.052505934965940235,0.8805957944668034
25621,LOF,0.051179025224689305,0.04674681461641195,0.9020741601588987
25622,LOF,0.061617280509383296,0.03952347921862531,0.8988592402719914
25623,LOF,0.06908664904594185,0.03285005682965797,0.8980632941244002
25624,LOF,0.019166583051085078,0.04001706340706738,0.9408163535418477
25625,LOF,0.05865713889616663,0.04777141304456335,0.8935714480592701
25626,LOF,0.05138149211478984,0.047780855754087165,0.900837652131123
25627,Neutral,0.8982787584618479,0.018148093792369785,0.08357314774578216
25628,LOF,0.15346297041951854,0.0589938124987007,0.7875432170817808
25629,LOF,0.07036827652005345,0.050271532846205134,0.8793601906337415
25630,LOF,0.29730330791615106,0.077700248441463,0.624996443642386
25631,Neutral,0.5657514356341592,0.0615833821559291,0.37266518220991174
25632,LOF,0.02527599323447694,0.058809371961082824,0.9159146348044402
25633,LOF,0.1564444504532149,0.037835892044715345,0.8057196575020698
25634,LOF,0.034026960039179974,0.07793013721647778,0.8880429027443423
25635,LOF,0.036223654646783315,0.04092474080815558,0.9228516045450612
25636,LOF,0.03638435269388829,0.4315636196096349,0.5320520276964769
25637,LOF,0.07040364265181652,0.4618918095429521,0.46770454780523135
25638,LOF,0.028044369069758348,0.33298758670210354,0.638968044228138
25639,LOF,0.028431617172729396,0.3575308877879433,0.6140374950393274
25640,Neutral,0.8077280847149164,0.1455646684030979,0.04670724688198571
25641,LOF,0.06816508628142634,0.45538913077565446,0.4764457829429192
25642,LOF,0.043955515692184595,0.17653587575900082,0.7795086085488145
25643,LOF,0.1948061550005279,0.14041525786412348,0.6647785871353485
25644,LOF,0.021907730989131045,0.4258488540548822,0.5522434149559867
25645,LOF,0.02532054541020448,0.38623663859714,0.5884428159926555
25646,LOF,0.05437771868578664,0.317180851381678,0.6284414299325354
25647,LOF,0.02740460009545056,0.24941345192738198,0.7231819479771675
25648,LOF,0.03542839864442347,0.24004758067436713,0.7245240206812094
25649,LOF,0.01727372002466174,0.22390038821211308,0.7588258917632251
25650,LOF,0.05388609412256632,0.4018522102468305,0.5442616956306032
25651,LOF,0.018304994816648646,0.2746507857663071,0.7070442194170442
25652,LOF,0.03472616096441765,0.252798958277695,0.7124748807578873
25653,LOF,0.0877578368514054,0.39811750814759894,0.5141246550009957
25654,LOF,0.02590026892579143,0.22943176413251118,0.7446679669416973
25655,LOF,0.2287900726548976,0.38170961277018894,0.38950031457491346
25656,LOF,0.3687443041573814,0.05319117111667374,0.5780645247259448
25657,LOF,0.06918247307662909,0.05395901575494427,0.8768585111684267
25658,LOF,0.3262903213145381,0.05922764672354449,0.6144820319619174
25659,Neutral,0.5119330002110691,0.07772969666317528,0.4103373031257556
25660,LOF,0.021960324646718373,0.08283359063391214,0.8952060847193695
25661,LOF,0.09852224408263965,0.06308488532092565,0.8383928705964347
25662,LOF,0.03571547643468519,0.03565831283910457,0.9286262107262102
25663,LOF,0.047967444983642804,0.05052948068473195,0.9015030743316254
25664,LOF,0.13801155235471405,0.0632892774439297,0.7986991702013563
25665,LOF,0.055120367017418764,0.03051560234964609,0.9143640306329351
25666,LOF,0.090086296479753,0.07821745227135725,0.8316962512488897
25667,LOF,0.07937223657563207,0.04050204400505008,0.8801257194193179
25668,LOF,0.03842423856941463,0.04962119420001425,0.9119545672305711
25669,LOF,0.03387816776363417,0.05211372955161987,0.914008102684746
25670,LOF,0.1471336188351734,0.062115875925368366,0.7907505052394582
25671,LOF,0.1234488249194581,0.03553960508284899,0.8410115699976929
25672,LOF,0.05174948347803412,0.04211333459810041,0.9061371819238654
25673,LOF,0.07567503421346244,0.04934669274194403,0.8749782730445935
25674,LOF,0.06625894630606202,0.05846076736720256,0.8752802863267355
25675,LOF,0.11271112723690517,0.060482640113551735,0.8268062326495431
25676,LOF,0.020072131602476503,0.057676492701596235,0.9222513756959273
25677,LOF,0.027790799345742072,0.07561744436783421,0.8965917562864238
25678,LOF,0.22564707898718028,0.05828459056024495,0.7160683304525748
25679,LOF,0.12097920970728221,0.08093907238877335,0.7980817179039444
25680,LOF,0.03405141364012581,0.12121402189054198,0.8447345644693323
25681,LOF,0.05485968225965554,0.11795558265137769,0.8271847350889666
25682,LOF,0.15027005222879883,0.07928185689198167,0.7704480908792194
25683,LOF,0.11821938967588329,0.09019492407634945,0.7915856862477673
25684,LOF,0.04494369824844923,0.07663228344249627,0.8784240183090545
25685,LOF,0.1337436356805807,0.05258545964801747,0.8136709046714018
25686,LOF,0.08838242236143919,0.08194950461491377,0.8296680730236471
25687,LOF,0.12307805478603076,0.08596943977306727,0.790952505440902
25688,LOF,0.3044983945909519,0.031899977365513296,0.6636016280435347
25689,LOF,0.2330922654239658,0.03430803837638911,0.7325996961996452
25690,LOF,0.32387354423379494,0.027941528945701434,0.6481849268205035
25691,Neutral,0.6918506639768038,0.02261842095962559,0.2855309150635706
25692,LOF,0.3543116322150939,0.010413286587245501,0.6352750811976607
25693,LOF,0.05196661972429281,0.41446327991938053,0.5335701003563266
25694,LOF,0.11228242785150273,0.013076083486579938,0.8746414886619173
25695,LOF,0.11114018831028868,0.013761101204446157,0.8750987104852652
25696,LOF,0.11994099864394625,0.008057049451925959,0.8720019519041278
25697,LOF,0.08476742764194715,0.02799900047200402,0.8872335718860489
25698,LOF,0.38050279210646876,0.168354647764906,0.4511425601286253
25699,LOF,0.4570311156688442,0.037266980591185134,0.5057019037399707
25700,LOF,0.06790035237678937,0.008604231922746949,0.9234954157004638
25701,LOF,0.15305873693826133,0.05560258066910479,0.7913386823926338
25702,GOF,0.17904353722720992,0.5713782099171854,0.24957825285560475
25703,LOF,0.016614733311354296,0.15632602722007405,0.8270592394685717
25704,LOF,0.045784154562507735,0.10857808375194984,0.8456377616855424
25705,LOF,0.05129665584806757,0.15482482227594513,0.7938785218759873
25706,LOF,0.10038038220570368,0.40929302769331116,0.4903265901009851
25707,LOF,0.08834700434522676,0.33564915262379663,0.5760038430309766
25708,LOF,0.031878770296700984,0.284453649136768,0.683667580566531
25709,LOF,0.0745080965694871,0.045001346968091174,0.8804905564624218
25710,LOF,0.011571051774707828,0.1489117699602443,0.8395171782650479
25711,LOF,0.020137086888901777,0.10281510171516035,0.8770478113959379
25712,LOF,0.01354930770047542,0.18301900620950926,0.8034316860900154
25713,LOF,0.019588898591757168,0.08898785284540035,0.8914232485628425
25714,LOF,0.0787701050920719,0.0906930045743349,0.8305368903335931
25715,LOF,0.011923111049099861,0.14825827400898692,0.8398186149419131
25716,LOF,0.013844131736713198,0.11249022600740438,0.8736656422558824
25717,LOF,0.011906774524636614,0.08281995847124193,0.9052732670041215
25718,LOF,0.012869537690509412,0.10435062023456952,0.8827798420749211
25719,LOF,0.0191266055433774,0.08681800479540082,0.8940553896612218
25720,LOF,0.025113692227453646,0.07064955772340646,0.9042367500491398
25721,LOF,0.015324755261783908,0.12335520336955694,0.8613200413686591
25722,LOF,0.014647501585695435,0.13254787744672547,0.8528046209675791
25723,LOF,0.024334481184994386,0.04556716330336978,0.9300983555116358
25724,LOF,0.03362459603779748,0.09236375511436393,0.8740116488478386
25725,LOF,0.012274479899542955,0.07112526024465228,0.9166002598558047
25726,LOF,0.016708777817292977,0.10472303510948916,0.8785681870732178
25727,LOF,0.014193969766954027,0.07881301756437183,0.9069930126686742
25728,LOF,0.010404654635917807,0.12254421799234706,0.8670511273717352
25729,LOF,0.010938170388843321,0.11614888581135177,0.8729129437998049
25730,LOF,0.014579218391288878,0.0893499910526019,0.8960707905561092
25731,LOF,0.02016482783641003,0.11454031170001887,0.8652948604635712
25732,LOF,0.015275445983772274,0.08050397107451121,0.9042205829417166
25733,LOF,0.016999947797757892,0.07550523099339056,0.9074948212088515
25734,LOF,0.012328379669803106,0.11766904767570656,0.8700025726544904
25735,LOF,0.014414634132186327,0.08732978450348752,0.8982555813643263
25736,LOF,0.015308883795987332,0.10658906442914103,0.8781020517748717
25737,LOF,0.012942999461283078,0.0800255609395421,0.9070314395991748
25738,LOF,0.013097452787387722,0.10860286225179207,0.8782996849608201
25739,LOF,0.021349437783141318,0.0833528995333048,0.8952976626835539
25740,LOF,0.02711611827279443,0.11778148055479894,0.8551024011724068
25741,LOF,0.015359958628679215,0.12065802616767701,0.8639820152036438
25742,LOF,0.12537080105041418,0.08944231275617377,0.785186886193412
25743,LOF,0.031085735722114698,0.035086487262139976,0.9338277770157453
25744,Neutral,0.5798354742670226,0.19141655139315158,0.22874797433982574
25745,LOF,0.07151119102970621,0.07640627581640548,0.8520825331538883
25746,LOF,0.03686162354714603,0.08727146752455585,0.8758669089282981
25747,LOF,0.02309506621474021,0.05025440234053169,0.9266505314447281
25748,LOF,0.09230024999000487,0.06726499692427658,0.8404347530857186
25749,LOF,0.023936023188551064,0.08539138609516055,0.8906725907162883
25750,LOF,0.08466118941917246,0.09131684870525798,0.8240219618755695
25751,LOF,0.09126264728467094,0.07545716893721016,0.8332801837781189
25752,GOF,0.10682855884285218,0.6597317840304332,0.23343965712671455
25753,LOF,0.01919503704771713,0.2649639188593227,0.7158410440929601
25754,GOF,0.011024809040903206,0.774320264293032,0.21465492666606464
25755,LOF,0.02402968808967821,0.3826914396188034,0.5932788722915183
25756,LOF,0.04363573489084258,0.37774817127554716,0.5786160938336102
25757,GOF,0.014424633137254407,0.8382627675616213,0.14731259930112434
25758,GOF,0.02709652879779942,0.7899086977421254,0.1829947734600752
25759,GOF,0.010441095195365622,0.5680923557676134,0.4214665490370211
25760,LOF,0.011890484625865966,0.24860454819379355,0.7395049671803406
25761,GOF,0.26742050537656925,0.636365163188199,0.0962143314352318
25762,LOF,0.038833136690229635,0.2668045483346047,0.6943623149751657
25763,LOF,0.013343304087734723,0.18988809172805815,0.7967686041842071
25764,GOF,0.0826534882583316,0.6006385727452608,0.31670793899640765
25765,GOF,0.03865758695238261,0.7373376743392609,0.22400473870835655
25766,GOF,0.06030009545570362,0.7387775165690241,0.2009223879752723
25767,GOF,0.13817176329895445,0.5799242006040088,0.28190403609703674
25768,LOF,0.10645350259334842,0.07300720094269149,0.8205392964639601
25769,LOF,0.06006209312437143,0.061197642731514915,0.8787402641441138
25770,LOF,0.31321012449140334,0.09298492869119328,0.5938049468174034
25771,LOF,0.039566043866227946,0.050204326585032925,0.9102296295487392
25772,LOF,0.01862677081060939,0.03908842568241171,0.942284803506979
25773,LOF,0.04717373478322055,0.10206071728780372,0.8507655479289757
25774,LOF,0.029232188315214156,0.07041778421471027,0.9003500274700756
25775,LOF,0.05149532598191161,0.049201670969740985,0.8993030030483475
25776,LOF,0.07645139256043966,0.025284057407131598,0.8982645500324287
25777,LOF,0.3842749479884156,0.051709187262687896,0.5640158647488964
25778,LOF,0.07436040775851731,0.0464694887792029,0.8791701034622799
25779,GOF,0.37506412784714854,0.5781392851964885,0.04679658695636305
25780,GOF,0.3174593836869547,0.6112421523639539,0.07129846394909138
25781,GOF,0.1509979665600758,0.7420105594108916,0.10699147402903278
25782,GOF,0.23043359823532264,0.6983683292206239,0.07119807254405365
25783,GOF,0.02437527347368768,0.5999371362645898,0.37568759026172255
25784,Neutral,0.522087201857508,0.4401902757932154,0.03772252234927659
25785,Neutral,0.4881074424327647,0.47289154282122653,0.03900101474600871
25786,GOF,0.029811513623066086,0.7343863568465723,0.23580212953036167
25787,Neutral,0.6392341107442226,0.3344910226959217,0.026274866559855697
25788,LOF,0.05837793130951991,0.10770019817148133,0.8339218705189988
25789,GOF,0.23865474365418282,0.6329900141963993,0.12835524214941788
25790,GOF,0.2252736928260826,0.6641115140338414,0.11061479314007593
25791,GOF,0.1862435833012468,0.6573332670576848,0.15642314964106832
25792,GOF,0.3798375880888739,0.5057597798066453,0.11440263210448062
25793,GOF,0.26252987742408396,0.5321183733580264,0.2053517492178897
25794,GOF,0.3046924681418964,0.5325909368289703,0.16271659502913322
25795,GOF,0.07810073569906265,0.6737350902266399,0.2481641740742973
25796,Neutral,0.5654989166998035,0.36014362572296377,0.07435745757723279
25797,GOF,0.08999821687728107,0.5032724468134574,0.4067293363092615
25798,LOF,0.010173408532026251,0.47572036959704145,0.5141062218709324
25799,LOF,0.008060291046625012,0.35445704135045175,0.6374826676029233
25800,GOF,0.03636089873329857,0.5467881809595121,0.41685092030718934
25801,GOF,0.23134757070414147,0.623378237280976,0.14527419201488267
25802,GOF,0.07866267270265312,0.6516805761828572,0.2696567511144896
25803,GOF,0.03773932967911461,0.5487713163760474,0.41348935394483816
25804,LOF,0.032842809269344776,0.44968449182320613,0.5174726989074491
25805,GOF,0.10836830018423024,0.5549577633610218,0.3366739364547481
25806,GOF,0.10500188012259086,0.5600346034851852,0.3349635163922239
25807,GOF,0.020900038365773983,0.5813915810741342,0.39770838056009183
25808,GOF,0.08640512153444918,0.6088591171672589,0.30473576129829194
25809,GOF,0.020520209735499662,0.5612820266955741,0.4181977635689262
25810,GOF,0.018912278284638623,0.6028887610277802,0.3781989606875812
25811,GOF,0.4593468221609898,0.4633540375437033,0.0772991402953068
25812,GOF,0.03339050954609336,0.6215325921662895,0.34507689828761706
25813,Neutral,0.5240310158294677,0.3751128032806717,0.10085618088986074
25814,GOF,0.13103105007949856,0.6300987333818283,0.23887021653867313
25815,GOF,0.2005233768440914,0.6110592237681517,0.18841739938775695
25816,GOF,0.023507310564221184,0.6767186592963469,0.299774030139432
25817,GOF,0.23443025927346722,0.6371469166877938,0.12842282403873898
25818,GOF,0.0556296504093878,0.6253783861936815,0.3189919633969307
25819,GOF,0.36200384133805974,0.49571204040191774,0.1422841182600226
25820,GOF,0.19767784694235385,0.5915967297722055,0.21072542328544067
25821,GOF,0.06116787050091507,0.6517945055460692,0.28703762395301574
25822,GOF,0.2163608814736065,0.544195434501364,0.23944368402502947
25823,LOF,0.036677502816112637,0.47976595527324606,0.48355654191064135
25824,GOF,0.0935353610289874,0.5399732472661077,0.36649139170490486
25825,GOF,0.03895422651237233,0.5419961360603333,0.41904963742729445
25826,GOF,0.01464640806210209,0.5307641806467414,0.45458941129115654
25827,GOF,0.025016218462439566,0.5799313894426433,0.39505239209491705
25828,GOF,0.013759623114112182,0.4977439229364618,0.48849645394942603
25829,GOF,0.006283704853977958,0.5512126104679318,0.4425036846780904
25830,LOF,0.03733691224026375,0.2876885719966463,0.67497451576309
25831,GOF,0.22805375360555208,0.6371002753393539,0.134845971055094
25832,GOF,0.03355218746641933,0.6809158985997712,0.2855319139338095
25833,GOF,0.1223013581237353,0.7133818933593816,0.16431674851688308
25834,GOF,0.03785477528596199,0.6864138255391486,0.2757313991748894
25835,GOF,0.08423611750405559,0.7432666028753625,0.1724972796205818
25836,GOF,0.04042150700284377,0.6700226497632134,0.28955584323394296
25837,GOF,0.02914438685289042,0.5525767860423062,0.4182788271048034
25838,GOF,0.09836672843461436,0.7545130684456837,0.1471202031197021
25839,GOF,0.3007247360579934,0.5538873329989431,0.14538793094306335
25840,GOF,0.24190226537139525,0.6106977391723879,0.1473999954562169
25841,GOF,0.23632816611554125,0.6256954596377389,0.1379763742467199
25842,GOF,0.17941577480613408,0.6934281367895817,0.12715608840428422
25843,GOF,0.23710461346908263,0.6734623549116969,0.08943303161922031
25844,GOF,0.07225282638249819,0.6948557350298415,0.2328914385876602
25845,LOF,0.016588462837697937,0.44239911444108165,0.5410124227212204
25846,GOF,0.13133718090446092,0.7067842429154048,0.16187857618013432
25847,GOF,0.12056491121410345,0.7742976403275386,0.10513744845835793
25848,GOF,0.04337496322925739,0.6925808959477702,0.2640441408229724
25849,GOF,0.012660758537670694,0.5624185208085777,0.4249207206537517
25850,GOF,0.024812658187186355,0.6374929875381554,0.33769435427465827
25851,GOF,0.02100431161103455,0.5196290298899685,0.4593666584989968
25852,GOF,0.17546365378723489,0.5364359866739739,0.2881003595387913
25853,GOF,0.34042612534129324,0.5864553779593192,0.07311849669938764
25854,GOF,0.02418530390662126,0.6047082700425235,0.3711064260508552
25855,GOF,0.04407733258888996,0.5182634686312043,0.4376591987799057
25856,GOF,0.2651477754752072,0.5208005568375104,0.2140516676872825
25857,LOF,0.042337702196386905,0.4582288374587555,0.4994334603448575
25858,GOF,0.021290629116075637,0.5085317777760192,0.4701775931079051
25859,LOF,0.01078103190751929,0.4795072799546994,0.5097116881377813
25860,GOF,0.3860902082379388,0.5329360151812557,0.08097377658080562
25861,GOF,0.41805453877066995,0.5124931056946974,0.06945235553463255
25862,GOF,0.09792625619231479,0.7607996412680584,0.14127410253962677
25863,GOF,0.09787664118116214,0.7500610587875517,0.15206230003128604
25864,GOF,0.21006501575397118,0.7165739188439486,0.07336106540208025
25865,GOF,0.10262808951020425,0.7723704443946439,0.1250014660951519
25866,GOF,0.0716432542298515,0.757982565866709,0.17037417990343956
25867,GOF,0.10328135904075855,0.7948021913802732,0.10191644957896825
25868,GOF,0.269037697097354,0.6290180136270398,0.10194428927560614
25869,Neutral,0.7090517063579913,0.2529562366515597,0.03799205699044908
25870,GOF,0.29022761025809196,0.35660366020593937,0.3531687295359688
25871,GOF,0.2436327456631879,0.6082476879963489,0.14811956634046333
25872,GOF,0.08011363696784461,0.6490654233075929,0.27082093972456245
25873,GOF,0.13425822278957608,0.6644280783264023,0.20131369888402162
25874,LOF,0.018035147814391517,0.12172304595395513,0.8602418062316532
25875,LOF,0.0952992161283203,0.037185530746598014,0.8675152531250817
25876,LOF,0.03589138477411001,0.03067681415026292,0.9334318010756272
25877,LOF,0.47648815951445583,0.045780008600500736,0.4777318318850434
25878,LOF,0.20144783382568943,0.08795888731146649,0.7105932788628441
25879,LOF,0.09438949024416966,0.08330732712805655,0.8223031826277738
25880,LOF,0.02343308940581077,0.015106624049049583,0.9614602865451397
25881,LOF,0.17390534832608767,0.1392847960890272,0.6868098555848852
25882,LOF,0.06370704319364974,0.016464707366179197,0.9198282494401712
25883,LOF,0.07676484587441851,0.021074081960568612,0.9021610721650128
25884,LOF,0.032765743895464994,0.030695734590168305,0.9365385215143668
25885,LOF,0.06402353078301527,0.011021744812840517,0.9249547244041443
25886,LOF,0.250925845713659,0.040190411357385346,0.7088837429289556
25887,LOF,0.1393728290414549,0.06895735963851625,0.7916698113200288
25888,LOF,0.0690503904976677,0.061265211692082565,0.8696843978102498
25889,LOF,0.04135747883879639,0.021862604801907215,0.9367799163592964
25890,LOF,0.047628659877196715,0.1549471516486713,0.7974241884741321
25891,LOF,0.04014955824591281,0.05340097149481592,0.9064494702592713
25892,LOF,0.09092925355996567,0.024646760874417434,0.884423985565617
25893,LOF,0.24570953142671734,0.021947611886314514,0.7323428566869681
25894,LOF,0.18902195220367352,0.012436047610271866,0.7985420001860547
25895,LOF,0.20484516572580538,0.018844424219557523,0.7763104100546371
25896,LOF,0.053479144609463986,0.02620046885874843,0.9203203865317876
25897,LOF,0.28147736210466834,0.013245637676861974,0.7052770002184696
25898,Neutral,0.7193630342071705,0.010662784091598728,0.26997418170123083
25899,LOF,0.21242715408550292,0.023328264842899366,0.7642445810715977
25900,LOF,0.48199236942034274,0.01731675070691918,0.5006908798727381
25901,LOF,0.04762496714946964,0.014081290862898804,0.9382937419876315
25902,LOF,0.17467232879695135,0.01493498069167439,0.8103926905113742
25903,Neutral,0.5890794457046278,0.03251931421811577,0.37840124007725645
25904,LOF,0.29034060121248095,0.05440111362292749,0.6552582851645915
25905,LOF,0.023108868849732213,0.36187916696049327,0.6150119641897744
25906,LOF,0.03037190659704812,0.08347177607742141,0.8861563173255304
25907,LOF,0.014760342744750259,0.3659055463709834,0.6193341108842664
25908,LOF,0.010513455515147034,0.27564962544168664,0.7138369190431663
25909,LOF,0.013627212419452693,0.13331611010441718,0.8530566774761301
25910,LOF,0.05103379026017035,0.142768169120169,0.8061980406196606
25911,LOF,0.17940800980122257,0.01804138028138853,0.8025506099173889
25912,LOF,0.050776286574259054,0.040245313469335325,0.9089783999564057
25913,LOF,0.3012674735918442,0.01848108018165521,0.6802514462265006
25914,LOF,0.020762837561358174,0.06527491423219724,0.9139622482064446
25915,Neutral,0.5570613117475284,0.18738808019129738,0.25555060806117424
25916,LOF,0.08331708812707843,0.23336380749031524,0.6833191043826063
25917,LOF,0.06369973938840726,0.04861716619949552,0.8876830944120973
25918,LOF,0.025200167540283022,0.04255130269491407,0.9322485297648029
25919,LOF,0.021858951017066204,0.04804418767899494,0.9300968613039389
25920,GOF,0.10335465060288042,0.5574435308333722,0.3392018185637475
25921,LOF,0.025029966114941085,0.0303385290414454,0.9446315048436135
25922,LOF,0.035850972000987205,0.020842251632875508,0.9433067763661372
25923,LOF,0.4424258410444349,0.02402463369831411,0.533549525257251
25924,LOF,0.037613802082688975,0.03633868117263896,0.9260475167446721
25925,LOF,0.0719277946679267,0.03198914176974342,0.8960830635623298
25926,LOF,0.05191682356750497,0.025642328990920803,0.9224408474415743
25927,LOF,0.0590632063289059,0.10282013067727308,0.838116662993821
25928,LOF,0.01945143011516267,0.043009753733749684,0.9375388161510876
25929,Neutral,0.5539542399987927,0.025842881289257814,0.4202028787119495
25930,LOF,0.05698823737227997,0.02258458810649324,0.9204271745212267
25931,LOF,0.025765975072291086,0.025617327683767302,0.9486166972439417
25932,LOF,0.027868438464832505,0.019528935271133478,0.952602626264034
25933,LOF,0.038500145509073484,0.014051466082011656,0.9474483884089149
25934,LOF,0.026095928193355013,0.01639999934960598,0.9575040724570391
25935,LOF,0.06510472707587556,0.03790878180799696,0.8969864911161274
25936,LOF,0.04645238246782193,0.017528442790757427,0.9360191747414206
25937,LOF,0.028062401307561383,0.026662026484892288,0.9452755722075462
25938,LOF,0.06270560615217173,0.040867423818213594,0.8964269700296146
25939,LOF,0.04342925846704869,0.014577065669617847,0.9419936758633335
25940,LOF,0.027517976863744673,0.3814074960255921,0.5910745271106631
25941,LOF,0.17061911885435188,0.12185910087336575,0.7075217802722823
25942,LOF,0.014131711221473485,0.03796381907468169,0.9479044697038448
25943,LOF,0.2879453361311058,0.06247921167952753,0.6495754521893667
25944,LOF,0.48407652019135133,0.025827821534150426,0.4900956582744983
25945,LOF,0.06442241322825185,0.023496926046206026,0.9120806607255421
25946,LOF,0.027189549658663378,0.094192422566732,0.8786180277746047
25947,LOF,0.10552826254697684,0.22653582256935742,0.6679359148836657
25948,LOF,0.4188155112073574,0.00843404928565374,0.5727504395069889
25949,LOF,0.12018768777550501,0.028837756876265736,0.8509745553482293
25950,GOF,0.28452806483799353,0.4209388670677154,0.294533068094291
25951,LOF,0.2364356661571046,0.24321475029449105,0.5203495835484044
25952,LOF,0.04496138770242109,0.46170078529446923,0.4933378270031097
25953,LOF,0.13417359608510196,0.10275433854625216,0.7630720653686458
25954,Neutral,0.45385382162296184,0.16819997654763816,0.37794620182940003
25955,LOF,0.052143081717047186,0.09093838815326455,0.8569185301296882
25956,LOF,0.16436426163398285,0.10749415925073603,0.7281415791152811
25957,LOF,0.039534370570203606,0.026933627664307763,0.9335320017654887
25958,LOF,0.06079228435886315,0.029521909401770765,0.909685806239366
25959,LOF,0.06558473225090883,0.3601125513564485,0.5743027163926426
25960,LOF,0.017288273037479648,0.05167394532577578,0.9310377816367447
25961,LOF,0.050949918193768325,0.031016031514947185,0.9180340502912846
25962,LOF,0.06272121806835035,0.026775588390260847,0.9105031935413889
25963,LOF,0.05635231748087413,0.1961954246453769,0.7474522578737489
25964,LOF,0.038511484084144995,0.15426565037353276,0.8072228655423223
25965,Neutral,0.4644098653906298,0.07390118503290129,0.461688949576469
25966,Neutral,0.5061724411656374,0.1605651624526035,0.3332623963817591
25967,LOF,0.016008066357108934,0.10055460990692663,0.8834373237359644
25968,LOF,0.028888796856169373,0.4230111291408717,0.5481000740029589
25969,LOF,0.029085951837460128,0.06307646034444689,0.907837587818093
25970,LOF,0.06075637963985413,0.06590235305343159,0.8733412673067142
25971,LOF,0.0748864820566026,0.01861805711110114,0.9064954608322963
25972,LOF,0.0720894991184488,0.025138642722846865,0.9027718581587043
25973,LOF,0.07324534104888156,0.010284507072392169,0.9164701518787264
25974,LOF,0.20687853538012077,0.01602362831177366,0.7770978363081056
25975,LOF,0.04234763750397455,0.02834625547579773,0.9293061070202276
25976,LOF,0.04309801946828908,0.016636959305139254,0.9402650212265717
25977,LOF,0.15827917406797146,0.0976352647416181,0.7440855611904105
25978,LOF,0.1357182333614874,0.059409820932372764,0.80487194570614
25979,LOF,0.12630456890787772,0.05963534958136407,0.8140600815107583
25980,LOF,0.20254012625182066,0.07819890957272534,0.719260964175454
25981,LOF,0.2349154902197299,0.07729801998486795,0.6877864897954022
25982,LOF,0.38128291270706177,0.050082452479433485,0.5686346348135046
25983,LOF,0.36827496356880085,0.054390861836762255,0.5773341745944368
25984,LOF,0.04960589461076088,0.04569120110432854,0.9047029042849105
25985,LOF,0.033936397465165566,0.2449289207509541,0.7211346817838803
25986,LOF,0.04010390264985386,0.2832502312181192,0.6766458661320268
25987,LOF,0.07809090592485086,0.06846486338565858,0.8534442306894906
25988,LOF,0.1428526919162618,0.052755339664577225,0.804391968419161
25989,LOF,0.028018032898992264,0.10409460773366805,0.8678873593673396
25990,LOF,0.03839626112811457,0.12419328783781122,0.8374104510340743
25991,LOF,0.12709790426593157,0.33139620726459734,0.541505888469471
25992,LOF,0.2998833556747499,0.18036216949285458,0.5197544748323955
25993,LOF,0.02233016145696793,0.09055899309506049,0.8871108454479716
25994,LOF,0.016656452759187465,0.12173200866955028,0.8616115385712622
25995,LOF,0.024683268185594028,0.2553101068987025,0.7200066249157034
25996,GOF,0.29498147083145115,0.48328930168686746,0.22172922748168145
25997,LOF,0.08534494918355914,0.45713062602745846,0.45752442478898236
25998,Neutral,0.5208735618908954,0.023092310866130804,0.4560341272429738
25999,LOF,0.11029438915470824,0.0945829088674894,0.7951227019778024
26000,LOF,0.16553279957087957,0.04642562369382543,0.788041576735295
26001,LOF,0.2077138811821035,0.047446096988991715,0.7448400218289049
26002,LOF,0.15083711312291334,0.04460807507601273,0.8045548118010738
26003,GOF,0.010152880039455657,0.5923828882540867,0.39746423170645767
26004,GOF,0.018804618397679763,0.66403985394132,0.3171555276610002
26005,LOF,0.007401467588654009,0.47381510126445536,0.5187834311468906
26006,Neutral,0.5377241377632247,0.25538474070721534,0.20689112152956
26007,GOF,0.019907791806357142,0.5491349651131,0.43095724308054284
26008,GOF,0.014927434577551182,0.6263573726740416,0.3587151927484073
26009,GOF,0.02118417047426765,0.6915066519990787,0.2873091775266537
26010,GOF,0.02262253327206144,0.639631787989364,0.33774567873857453
26011,LOF,0.006970184978327458,0.4502670533435614,0.5427627616781111
26012,GOF,0.012762597650699228,0.5627906424748987,0.42444675987440206
26013,GOF,0.01907560354455057,0.6284334033047934,0.35249099315065596
26014,LOF,0.04689526077683865,0.1216734081728117,0.8314313310503497
26015,LOF,0.18757726698364527,0.010829307573334194,0.8015934254430205
26016,LOF,0.21712173266912824,0.055912596304065885,0.726965671026806
26017,LOF,0.23918124404723795,0.09150336718340178,0.6693153887693603
26018,LOF,0.08892346860552516,0.031935523021229414,0.8791410083732454
26019,LOF,0.0849738175635381,0.02481345811469948,0.8902127243217625
26020,LOF,0.07617548050958663,0.11597887695161477,0.8078456425387985
26021,LOF,0.046832308814249345,0.12497875718120983,0.8281889340045409
26022,LOF,0.01139933133304754,0.04101338655321185,0.9475872821137405
26023,LOF,0.1040877091649752,0.0219500995731251,0.8739621912618997
26024,LOF,0.03554852359890979,0.11996046239932442,0.8444910140017658
26025,LOF,0.1637945416039245,0.08042897803092312,0.7557764803651523
26026,LOF,0.35017735271730843,0.024922478042870847,0.6249001692398208
26027,LOF,0.0817926784056099,0.016319541257528082,0.901887780336862
26028,LOF,0.18133010900858954,0.06493372706842382,0.7537361639229867
26029,LOF,0.07537877907747496,0.2177137877124399,0.7069074332100851
26030,LOF,0.022568325068648056,0.06109559488856214,0.9163360800427899
26031,LOF,0.02623610024641226,0.15720777052707885,0.8165561292265089
26032,LOF,0.06375057867328404,0.0743243528284941,0.8619250684982218
26033,LOF,0.11558053298277796,0.09103314654888181,0.7933863204683402
26034,LOF,0.044620494666492684,0.18177226547989164,0.7736072398536157
26035,LOF,0.025904792151346143,0.17458022742362747,0.7995149804250264
26036,LOF,0.037967812640504,0.19341077007242516,0.7686214172870708
26037,LOF,0.022010923102377747,0.14221432196795192,0.8357747549296702
26038,LOF,0.06037120798283527,0.07817447879107556,0.8614543132260891
26039,LOF,0.05428915775146109,0.17581729407131066,0.7698935481772283
26040,LOF,0.19049062790909357,0.1334492592435371,0.6760601128473692
26041,LOF,0.022593555120195483,0.13057761027551398,0.8468288346042905
26042,LOF,0.021290695762729142,0.12223174587373367,0.8564775583635372
26043,LOF,0.06009448376976501,0.08912602947769457,0.8507794867525406
26044,LOF,0.02135522067219007,0.08038460358267566,0.8982601757451344
26045,LOF,0.0679548749043248,0.11769735891302255,0.8143477661826526
26046,LOF,0.0615707761254464,0.08795529884273541,0.8504739250318182
26047,LOF,0.08468155574545289,0.0948912151350982,0.8204272291194489
26048,LOF,0.04925436298202936,0.047644567061541354,0.9031010699564294
26049,Neutral,0.961042593147168,0.008137548637095269,0.030819858215736774
26050,Neutral,0.9429453520140897,0.01095271407394613,0.04610193391196416
26051,LOF,0.05099528392607297,0.27312068377131066,0.6758840323026164
26052,LOF,0.06666814562085903,0.2928273670622471,0.6405044873168939
26053,LOF,0.059471740510671396,0.113868032264125,0.8266602272252036
26054,LOF,0.05433882364508127,0.017330582737473194,0.9283305936174455
26055,LOF,0.07179872736845788,0.014357585157333248,0.9138436874742089
26056,LOF,0.061041701128585125,0.015897478097553937,0.9230608207738609
26057,LOF,0.028054729247757714,0.012493828832892627,0.9594514419193496
26058,LOF,0.028518760154751677,0.010358258922780212,0.9611229809224681
26059,LOF,0.29156561463859854,0.02106435824159534,0.6873700271198061
26060,LOF,0.038409314522436545,0.19040695763143026,0.7711837278461332
26061,LOF,0.017374002389052085,0.01079065658415446,0.9718353410267934
26062,LOF,0.010355953153197282,0.017336167047751497,0.9723078797990512
26063,LOF,0.021621209905930906,0.01233397764005775,0.9660448124540113
26064,LOF,0.020771394089876202,0.019370123038077905,0.959858482872046
26065,LOF,0.023914710432404125,0.010954258535158643,0.9651310310324372
26066,LOF,0.02076079873663164,0.011512648901580056,0.9677265523617883
26067,LOF,0.02650973702448128,0.009259085120528813,0.9642311778549898
26068,LOF,0.04684265031667532,0.0265761834622638,0.9265811662210609
26069,LOF,0.25532734965535664,0.017064879139181165,0.7276077712054622
26070,LOF,0.3742070611740464,0.014285190790205663,0.611507748035748
26071,LOF,0.022872101963401455,0.012913605806166219,0.9642142922304323
26072,LOF,0.02096075200258926,0.016057704524443408,0.9629815434729674
26073,LOF,0.023144833132550623,0.01115586544259728,0.965699301424852
26074,Neutral,0.9089862478371205,0.005608944277516652,0.08540480788536281
26075,LOF,0.04580610497660364,0.013967848215624615,0.9402260468077718
26076,LOF,0.04638288801201943,0.009560317008843168,0.9440567949791374
26077,LOF,0.010368223000819618,0.017635311923348048,0.9719964650758324
26078,LOF,0.013531806936769185,0.011755341221400026,0.9747128518418309
26079,LOF,0.06285610849859283,0.016028015341187637,0.9211158761602196
26080,LOF,0.06178865093307916,0.015995373273640524,0.9222159757932803
26081,LOF,0.036339742218248934,0.00705554947562507,0.956604708306126
26082,LOF,0.014030280752805402,0.016510802831096922,0.9694589164160977
26083,LOF,0.13267704596096638,0.012969643144338051,0.8543533108946956
26084,LOF,0.026905836849227264,0.012490863054526334,0.9606033000962464
26085,LOF,0.022895933375819823,0.011919033194373778,0.9651850334298064
26086,LOF,0.022527028859866592,0.011682356256846669,0.9657906148832867
26087,LOF,0.027848883200149964,0.008349646524826764,0.9638014702750234
26088,LOF,0.016237171745840127,0.02355071606435167,0.9602121121898083
26089,LOF,0.04434057694363613,0.02081585652615299,0.9348435665302108
26090,LOF,0.04369094484881172,0.017009921868142274,0.9392991332830459
26091,LOF,0.03761119024778985,0.006440295292704117,0.955948514459506
26092,LOF,0.02618028681441772,0.008795094985123349,0.9650246182004588
26093,LOF,0.03856270033792338,0.006367825034088726,0.9550694746279879
26094,LOF,0.042192916839255946,0.006696120255208146,0.9511109629055359
26095,LOF,0.03949616073369601,0.013721100015586756,0.9467827392507173
26096,LOF,0.018362161376025535,0.013428739113181494,0.9682090995107929
26097,LOF,0.011823343647640669,0.03477697264103138,0.953399683711328
26098,LOF,0.07476099253477239,0.01052804300437008,0.9147109644608576
26099,LOF,0.024064438896663806,0.012344353277853572,0.9635912078254827
26100,LOF,0.026143040987909493,0.012136557614255137,0.9617204013978353
26101,LOF,0.05689744446209237,0.014436592467952447,0.9286659630699552
26102,LOF,0.02356473807652346,0.013453427237892751,0.9629818346855838
26103,Neutral,0.8866113677221995,0.017930880416402502,0.09545775186139797
26104,LOF,0.08352642957316858,0.021737783431303226,0.8947357869955282
26105,LOF,0.20911443746751623,0.3016178750451999,0.4892676874872838
26106,LOF,0.18592276839756505,0.11358199971183162,0.7004952318906033
26107,LOF,0.23261636614130987,0.08014716779356877,0.6872364660651213
26108,LOF,0.28135243125553494,0.11063136206192525,0.6080162066825399
26109,LOF,0.0841705600796304,0.056527797071149306,0.8593016428492203
26110,LOF,0.25808534169442277,0.008933911534169791,0.7329807467714073
26111,Neutral,0.5163944210447785,0.021240771551591937,0.4623648074036295
26112,LOF,0.03386049474272932,0.007408559579438012,0.9587309456778327
26113,LOF,0.05628774836468434,0.015912672328199904,0.9277995793071157
26114,LOF,0.026200715666292437,0.02890748122010231,0.9448918031136052
26115,LOF,0.0837684412819705,0.05590782119108711,0.8603237375269424
26116,LOF,0.06827282850397719,0.05891135559617484,0.8728158158998479
26117,LOF,0.4304976619146739,0.04402457488331552,0.5254777632020106
26118,LOF,0.03472416881836694,0.028324922329197453,0.9369509088524356
26119,LOF,0.021749911431299083,0.03974251716083015,0.9385075714078708
26120,LOF,0.028550127409281006,0.02338544490967165,0.9480644276810475
26121,LOF,0.03704944822754296,0.0743420687980687,0.8886084829743883
