feature0,prediction,LoGoFunc_Neutral,LoGoFunc_GOF,LoGoFunc_LOF
25546,Neutral,0.6449813151388566,0.06175309008754538,0.293265594773598
25547,Neutral,0.5157129398330422,0.10383543094961391,0.3804516292173437
25548,Neutral,0.5114132227480769,0.08671832421851038,0.40186845303341284
25549,LOF,0.43554408389783245,0.08887860393853225,0.47557731216363536
25550,LOF,0.3502365483457565,0.13230040370267168,0.5174630479515718
25551,LOF,0.3163493501149836,0.1394398156344248,0.5442108342505916
25552,LOF,0.26620511565923366,0.132082184571136,0.6017126997696304
25553,Neutral,0.8212253357136375,0.04879114788425114,0.12998351640211134
25554,LOF,0.3172940147954074,0.11883917918758231,0.5638668060170102
25555,LOF,0.2601286436229916,0.11382923099935223,0.6260421253776561
25556,Neutral,0.46913146318596444,0.10785260491106122,0.4230159319029744
25557,LOF,0.2410876675273136,0.12118521479010252,0.6377271176825839
25558,LOF,0.31178131878829674,0.1183692192588699,0.5698494619528334
25559,LOF,0.17938452063693866,0.13430621280934293,0.6863092665537184
25560,LOF,0.15708755961794862,0.10774565267620391,0.7351667877058475
25561,LOF,0.15392760838837038,0.1149126450171116,0.731159746594518
25562,LOF,0.07619927725356127,0.07632447704984356,0.8474762456965952
25563,LOF,0.021800599981937556,0.1344336373702233,0.8437657626478392
25564,LOF,0.20744536061957042,0.11867708304113624,0.6738775563392934
25565,LOF,0.222934329733953,0.14890670565448852,0.6281589646115585
25566,GOF,0.08978174448085323,0.7113487015315345,0.19886955398761227
25567,LOF,0.04074688931135443,0.1184130366106996,0.8408400740779459
25568,LOF,0.058431563344735565,0.06533142963611106,0.8762370070191533
25569,LOF,0.056925104745523404,0.06506236717069759,0.8780125280837789
25570,LOF,0.026606947777974534,0.08736983144463947,0.8860232207773859
25571,LOF,0.025336837626274936,0.09124209897483733,0.8834210633988877
25572,LOF,0.0599821881820965,0.10614875312281159,0.833869058695092
25573,LOF,0.05702004538965613,0.08332441839958087,0.8596555362107631
25574,LOF,0.0554363300591413,0.18929390339915367,0.7552697665417051
25575,LOF,0.02223546682897359,0.1037568111635572,0.8740077220074691
25576,LOF,0.03239221274488987,0.13680546342675554,0.8308023238283546
25577,LOF,0.03183942586667873,0.10284566421536458,0.8653149099179567
25578,LOF,0.29079711423590343,0.07332845633758943,0.6358744294265072
25579,LOF,0.13394190514831159,0.07685071492533728,0.7892073799263511
25580,LOF,0.019418479302059456,0.07315424817069438,0.9074272725272462
25581,LOF,0.05471055718028819,0.060270009520218985,0.885019433299493
25582,LOF,0.05479753328515644,0.05921552802005891,0.8859869386947846
25583,LOF,0.020363740914180545,0.07536639909764385,0.9042698599881756
25584,Neutral,0.6739901039789858,0.0907991329475496,0.23521076307346467
25585,LOF,0.029542398574065775,0.1165246454717762,0.8539329559541581
25586,LOF,0.017508952527806966,0.06105635874411165,0.9214346887280814
25587,LOF,0.017089576748032232,0.055614755158217954,0.9272956680937499
25588,LOF,0.020124180656354355,0.06618676616104809,0.9136890531825975
25589,Neutral,0.5225018867221268,0.18128700958226324,0.29621110369560993
25590,LOF,0.05030825228034832,0.10228113110747829,0.8474106166121734
25591,LOF,0.0977119097658399,0.0498036507437634,0.8524844394903968
25592,LOF,0.05836805997278535,0.11548229334842332,0.8261496466787913
25593,LOF,0.13326455837038764,0.23859007097742382,0.6281453706521886
25594,LOF,0.04740532042219853,0.1016879242122619,0.8509067553655396
25595,LOF,0.04556178740671305,0.07573978097147561,0.8786984316218115
25596,LOF,0.09925829645336666,0.04382872949726616,0.8569129740493671
25597,LOF,0.08073675037164177,0.04610387585803084,0.8731593737703274
25598,LOF,0.04806382741611601,0.07689141648001946,0.8750447561038645
25599,GOF,0.022382718782178523,0.5332748326182897,0.44434244859953176
25600,GOF,0.1729674402155435,0.5240546551361079,0.30297790464834845
25601,LOF,0.035348376755439614,0.44524155036151486,0.5194100728830455
25602,LOF,0.029480018920529857,0.07384390037171641,0.8966760807077538
25603,LOF,0.026501859828983107,0.03952668306896445,0.9339714571020523
25604,LOF,0.031210704544246265,0.07827887647599281,0.890510418979761
25605,LOF,0.032430040838363886,0.22055056521925187,0.7470193939423844
25606,LOF,0.3898529599729087,0.1290705401148597,0.48107649991223167
25607,LOF,0.02250104711810526,0.21505563389325918,0.7624433189886355
25608,LOF,0.03585581924688476,0.06420158549099515,0.8999425952621201
25609,GOF,0.16580372543378633,0.49465493170425723,0.3395413428619565
25610,LOF,0.013611899371954091,0.029361727016789435,0.9570263736112565
25611,LOF,0.012984510434882333,0.03338293755449058,0.953632552010627
25612,LOF,0.04481789310519409,0.04055503118993095,0.9146270757048749
25613,LOF,0.042697125264116266,0.04193155375337328,0.9153713209825105
25614,LOF,0.018614006688174572,0.025522593135291153,0.9558634001765343
25615,LOF,0.04411956306612193,0.03618652636508697,0.9196939105687911
25616,LOF,0.04200397289917339,0.02845422410187267,0.9295418029989541
25617,LOF,0.037111875384870284,0.036486384982940365,0.9264017396321894
25618,LOF,0.04922407109696073,0.03721440734278849,0.9135615215602508
25619,LOF,0.013552182042318086,0.031545220482446595,0.9549025974752354
25620,LOF,0.05704423234286791,0.042870957197071756,0.9000848104600603
25621,LOF,0.05295358549341942,0.03242306033493049,0.91462335417165
25622,LOF,0.06331381879885954,0.028429807847494305,0.9082563733536462
25623,LOF,0.06814666238477958,0.022704711051309643,0.9091486265639108
25624,LOF,0.016456723675505727,0.0319850474186184,0.9515582289058758
25625,LOF,0.06068058183171866,0.035549577528514786,0.9037698406397666
25626,LOF,0.04219885264624603,0.039062772342182,0.9187383750115719
25627,Neutral,0.8846471704227349,0.021826305211521194,0.09352652436574395
25628,LOF,0.10967398365328541,0.06474061586969154,0.8255854004770231
25629,LOF,0.058594672009613116,0.0427718841657764,0.8986334438246104
25630,LOF,0.2893075043035967,0.07623318050652596,0.6344593151898773
25631,Neutral,0.557142651391282,0.06765650160183348,0.3752008470068844
25632,LOF,0.02845681606605269,0.05820508605324449,0.9133380978807029
25633,LOF,0.20242405784492903,0.03447056974068752,0.7631053724143835
25634,LOF,0.03526777612252598,0.07791988976834124,0.8868123341091328
25635,LOF,0.03570569834295328,0.04026612064873661,0.9240281810083102
25636,GOF,0.03645302183846149,0.4822208338470183,0.48132614431452014
25637,GOF,0.07160791997343574,0.4986655691569884,0.42972651086957586
25638,LOF,0.03321660514336732,0.3244565969392261,0.6423267979174065
25639,LOF,0.030093166054592935,0.36758458228602825,0.6023222516593788
25640,Neutral,0.809375539038114,0.1458985090479839,0.04472595191390216
25641,LOF,0.05722726354489396,0.4538350017524559,0.48893773470265023
25642,LOF,0.03822123458315941,0.15121466321498148,0.810564102201859
25643,LOF,0.21054127725261432,0.15142159806620498,0.6380371246811807
25644,LOF,0.02281677925192942,0.48350838018824593,0.4936748405598248
25645,LOF,0.02326086751734911,0.4224827752531323,0.5542563572295185
25646,LOF,0.059477133120189166,0.32646589755963434,0.6140569693201765
25647,LOF,0.025083497706257223,0.26369183853695677,0.7112246637567861
25648,LOF,0.03231223242214061,0.24660504876980693,0.7210827188080524
25649,LOF,0.015934503488779776,0.25222741725508735,0.7318380792561329
25650,LOF,0.052185817136388236,0.4249499259410831,0.5228642569225287
25651,LOF,0.016360040755870643,0.27721584274139827,0.7064241165027312
25652,LOF,0.03148477351335653,0.26854009338960855,0.699975133097035
25653,LOF,0.084649088926253,0.4226526594944174,0.4926982515793295
25654,LOF,0.024916149988945823,0.20525344480390698,0.7698304052071472
25655,GOF,0.21893776275028204,0.4095258011573085,0.3715364360924094
25656,LOF,0.2621404683842479,0.05249442498993084,0.6853651066258212
25657,LOF,0.07397368088620752,0.05161961644050654,0.8744067026732859
25658,LOF,0.3909726841813648,0.05247639543682037,0.5565509203818148
25659,Neutral,0.5100763218082558,0.07101944173217434,0.41890423645956987
25660,LOF,0.027286927725388422,0.08368413407200219,0.8890289382026094
25661,LOF,0.0916086148408723,0.05902298737759229,0.8493683977815355
25662,LOF,0.029871658840339103,0.032195415194010334,0.9379329259656506
25663,LOF,0.03743348950086433,0.04453061247458659,0.918035898024549
25664,LOF,0.14920284600848643,0.05480406780231616,0.7959930861891974
25665,LOF,0.05427838614950431,0.03160831191006323,0.9141133019404325
25666,LOF,0.09204449505601765,0.07109190417869769,0.8368636007652845
25667,LOF,0.06055826956595803,0.038410685915636886,0.9010310445184051
25668,LOF,0.03391671546167136,0.04976141625081531,0.9163218682875133
25669,LOF,0.03021594724338465,0.0547607872399352,0.9150232655166801
25670,LOF,0.14515672583845074,0.04653937864475206,0.8083038955167972
25671,LOF,0.09210165678811358,0.03226166029072573,0.8756366829211608
25672,LOF,0.049403443649846404,0.04317211796267528,0.9074244383874782
25673,LOF,0.08444118557733286,0.0396199441727632,0.8759388702499039
25674,LOF,0.07093311739528618,0.051052364571416015,0.8780145180332979
25675,LOF,0.12241937408829712,0.049564367394937976,0.8280162585167649
25676,LOF,0.016801371142410447,0.04895571160305066,0.934242917254539
25677,LOF,0.024168801183872497,0.07034672110618097,0.9054844777099466
25678,LOF,0.18147283375599937,0.05898906705612634,0.7595380991878743
25679,LOF,0.12978346499802898,0.06943245023023571,0.8007840847717353
25680,LOF,0.028487420589161788,0.11411419922371294,0.8573983801871253
25681,LOF,0.04561033926591881,0.10370372311150043,0.8506859376225807
25682,LOF,0.13094034248978126,0.06894694298703839,0.8001127145231803
25683,LOF,0.11860981551362217,0.0808935607217895,0.8004966237645883
25684,LOF,0.039175979290691776,0.06873130832118562,0.8920927123881225
25685,LOF,0.13377237730463962,0.04943758246446334,0.8167900402308972
25686,LOF,0.06700645650615018,0.09272757758236867,0.8402659659114813
25687,LOF,0.10654666729209583,0.09081257255451966,0.8026407601533845
25688,LOF,0.3245120356926952,0.03311877173069381,0.6423691925766111
25689,LOF,0.24899593763928532,0.03970981491020629,0.7112942474505084
25690,LOF,0.3707775581261479,0.027512782637788682,0.6017096592360635
25691,Neutral,0.7288268282466978,0.02119086315775596,0.24998230859554632
25692,LOF,0.30828469422931004,0.009946158789817314,0.6817691469808727
25693,GOF,0.04523413108098831,0.4854628761329308,0.4693029927860809
25694,LOF,0.1256350670684488,0.017109541099503998,0.8572553918320472
25695,LOF,0.11823573924306632,0.01569999504518372,0.86606426571175
25696,LOF,0.11670521778040492,0.00994617489520446,0.8733486073243906
25697,LOF,0.13068276530699677,0.03455242510404264,0.8347648095889606
25698,LOF,0.3445012654280536,0.2174048372241504,0.43809389734779597
25699,LOF,0.4443104828075162,0.037055004153072744,0.518634513039411
25700,LOF,0.055373525419018896,0.008081440385238435,0.9365450341957426
25701,LOF,0.14101206459338078,0.04601653290112886,0.8129714025054903
25702,GOF,0.16134455818125848,0.569147773288382,0.26950766853035957
25703,LOF,0.01585219398450981,0.16191403471095006,0.8222337713045402
25704,LOF,0.04795762872855868,0.12689375459771918,0.8251486166737222
25705,LOF,0.05629049025219901,0.20282176380699474,0.7408877459408063
25706,LOF,0.10093654605352581,0.37709209048958553,0.5219713634568887
25707,LOF,0.09604203125687116,0.3014148237114786,0.6025431450316503
25708,LOF,0.03294154395161225,0.2545923403343534,0.7124661157140344
25709,LOF,0.057464925208608846,0.042431901463356396,0.9001031733280348
25710,LOF,0.012267889109775925,0.13831762213583954,0.8494144887543845
25711,LOF,0.018617816063499604,0.10273770092049941,0.8786444830160011
25712,LOF,0.014354241034406294,0.18690263652083866,0.7987431224447551
25713,LOF,0.018429632304649977,0.08524019810294207,0.8963301695924079
25714,LOF,0.0675928418214203,0.08401097845903809,0.8483961797195416
25715,LOF,0.01069959359962603,0.15188252143018355,0.8374178849701904
25716,LOF,0.014409221416734072,0.1249409195326047,0.8606498590506614
25717,LOF,0.01394602157288788,0.07820104101639432,0.9078529374107178
25718,LOF,0.012482953001955174,0.10087137965944186,0.8866456673386031
25719,LOF,0.01992346207626143,0.0787290442893033,0.9013474936344353
25720,LOF,0.021598784272336732,0.07313350886038746,0.9052677068672759
25721,LOF,0.014651418233104866,0.11468578677113847,0.8706627949957566
25722,LOF,0.01367585575458596,0.13413112546165884,0.8521930187837552
25723,LOF,0.023043702963079817,0.046335324032513156,0.930620973004407
25724,LOF,0.0232810315255963,0.08807371322556622,0.8886452552488375
25725,LOF,0.011891137684337227,0.06872866058575985,0.919380201729903
25726,LOF,0.014883934549922765,0.1002628673811117,0.8848531980689656
25727,LOF,0.013781442357262181,0.0802900276999622,0.9059285299427756
25728,LOF,0.009656227833544228,0.11533311755735501,0.8750106546091008
25729,LOF,0.009906667605524788,0.11329808766943951,0.8767952447250357
25730,LOF,0.013645647160840707,0.08681798698593467,0.8995363658532247
25731,LOF,0.019975809838034545,0.12108226037427898,0.8589419297876865
25732,LOF,0.014027647041568654,0.0941573947857303,0.8918149581727011
25733,LOF,0.015325604197426226,0.0741879533906785,0.9104864424118952
25734,LOF,0.012210384583019228,0.12677944096326665,0.8610101744537142
25735,LOF,0.013578847316584514,0.08850107049945247,0.897920082183963
25736,LOF,0.014360867766901937,0.11408811853624297,0.8715510136968551
25737,LOF,0.02083824192450375,0.08502306703366383,0.8941386910418324
25738,LOF,0.013893826562854603,0.11610745128079968,0.8699987221563457
25739,LOF,0.0201022929215476,0.08650660412420469,0.8933911029542477
25740,LOF,0.02686257517216588,0.1116491953777286,0.8614882294501055
25741,LOF,0.014963993800622353,0.11327732780951726,0.8717586783898604
25742,LOF,0.1163145487541583,0.08643106788840331,0.7972543833574385
25743,LOF,0.03552538080126485,0.03034438451933093,0.9341302346794043
25744,Neutral,0.5888536986327221,0.20748611632536507,0.20366018504191288
25745,LOF,0.0861273810428405,0.06811393776817809,0.8457586811889813
25746,LOF,0.04210536194995474,0.07819929009905452,0.8796953479509907
25747,LOF,0.024868973403600825,0.041805972215380426,0.9333250543810186
25748,LOF,0.10951849000530416,0.06015679597385294,0.8303247140208428
25749,LOF,0.02735608793477143,0.0715191027170827,0.9011248093481458
25750,LOF,0.0865890627701638,0.07822685588319848,0.8351840813466377
25751,LOF,0.09884150252210432,0.060524298868647505,0.8406341986092482
25752,GOF,0.10653198430430959,0.6699880456704842,0.22347997002520606
25753,LOF,0.019016591083507315,0.29742051920394946,0.6835628897125431
25754,GOF,0.011419507665053669,0.8035304999393527,0.1850499923955936
25755,LOF,0.023546870897421888,0.4003215306141429,0.5761315984884352
25756,LOF,0.04026545186818719,0.3900428907236713,0.5696916574081415
25757,GOF,0.013294919728348497,0.854280348717699,0.1324247315539524
25758,GOF,0.029660379098026338,0.835256264743551,0.13508335615842287
25759,GOF,0.011046056489345328,0.570660225189322,0.4182937183213327
25760,LOF,0.011983872442313994,0.25996605138135154,0.7280500761763345
25761,GOF,0.2779494246564986,0.6435186161895003,0.07853195915400106
25762,LOF,0.03488913156112463,0.29277475378279777,0.6723361146560776
25763,LOF,0.013983001029481563,0.2137448237099613,0.7722721752605572
25764,GOF,0.06966970512165822,0.6634340827508171,0.2668962121275246
25765,GOF,0.038309719510920846,0.7579532287497043,0.20373705173937495
25766,GOF,0.06305582560431809,0.787839144632373,0.14910502976330892
25767,GOF,0.17734085776950825,0.4572759802429992,0.3653831619874926
25768,LOF,0.10165557390531292,0.06459011109285313,0.8337543150018341
25769,LOF,0.06560812906077322,0.0671574630943967,0.8672344078448301
25770,LOF,0.3042583382444442,0.08688400765169808,0.6088576541038577
25771,LOF,0.039817500306511246,0.04626485801463464,0.913917641678854
25772,LOF,0.016346957013700775,0.03415698085935949,0.9494960621269398
25773,LOF,0.04770846650832585,0.07646940342746307,0.8758221300642111
25774,LOF,0.028279875115508495,0.07550070467936504,0.8962194202051265
25775,LOF,0.04785940353401497,0.040648514339283105,0.9114920821267019
25776,LOF,0.06864387630780917,0.02773677354101277,0.9036193501511781
25777,LOF,0.3455388843648669,0.05250605074365652,0.6019550648914765
25778,LOF,0.06415320122138765,0.051837232274093835,0.8840095665045185
25779,GOF,0.35370224089481606,0.6052128891048347,0.04108487000034927
25780,GOF,0.303068024024999,0.6331258958027671,0.06380608017223381
25781,GOF,0.12362513161389868,0.7719674179455959,0.10440745044050548
25782,GOF,0.2008639643073315,0.7364531198082455,0.062682915884423
25783,GOF,0.028171790125035477,0.6523340120150991,0.31949419785986544
25784,GOF,0.4839649523248744,0.4841013338998717,0.03193371377525381
25785,GOF,0.4465623270669555,0.5198112293682727,0.03362644356477173
25786,GOF,0.027414064508065553,0.7845137728068596,0.1880721626850749
25787,Neutral,0.6276417072306153,0.3528542013037397,0.01950409146564515
25788,LOF,0.04535001888801831,0.10932930756329608,0.8453206735486856
25789,GOF,0.17870458563906047,0.692438520986492,0.12885689337444758
25790,GOF,0.22239530120395706,0.6840462489343417,0.09355844986170118
25791,GOF,0.14912801897273892,0.689907714274805,0.16096426675245615
25792,GOF,0.3406890434920441,0.5354603970321636,0.12385055947579231
25793,GOF,0.27107308055676504,0.541387514018483,0.18753940542475195
25794,GOF,0.3005455178407609,0.5469040977915468,0.1525503843676923
25795,GOF,0.07287660261764142,0.7041602584300689,0.22296313895228975
25796,Neutral,0.5504050310875609,0.37930704089607337,0.0702879280163656
25797,GOF,0.10433906213288525,0.5824316798607007,0.31322925800641416
25798,GOF,0.00921556757672474,0.5356383113567568,0.4551461210665186
25799,LOF,0.007194049510575683,0.42706337938810285,0.5657425711013214
25800,GOF,0.030883576268793324,0.6206929500099592,0.3484234737212475
25801,GOF,0.17841516892071274,0.6961200899730745,0.12546474110621292
25802,GOF,0.06519930964708795,0.7184523514148365,0.21634833893807542
25803,GOF,0.03118084368774859,0.6147244079629819,0.3540947483492696
25804,GOF,0.028855413120425395,0.5144519249358505,0.45669266194372415
25805,GOF,0.08026284297131654,0.628554504749548,0.2911826522791354
25806,GOF,0.09144068676965914,0.6266076431657147,0.28195167006462607
25807,GOF,0.018900073028610593,0.6522155426305176,0.32888438434087175
25808,GOF,0.07363800189745749,0.666615563097118,0.25974643500542444
25809,GOF,0.01731483473092597,0.6138670886193568,0.3688180766497172
25810,GOF,0.015983290788691824,0.651656261915798,0.33236044729551023
25811,GOF,0.43983234431293405,0.4860867951787081,0.07408086050835791
25812,GOF,0.030534813012936965,0.6517575038688015,0.3177076831182615
25813,Neutral,0.4953403838549729,0.4149189952798958,0.08974062086513132
25814,GOF,0.10701893856223366,0.6556572403179803,0.23732382111978598
25815,GOF,0.18853328444987297,0.6405907572592943,0.1708759582908329
25816,GOF,0.02178536529693221,0.722598860258275,0.25561577444479283
25817,GOF,0.22003374615949878,0.65123876153696,0.12872749230354133
25818,GOF,0.054070564602583505,0.6940369457133045,0.25189248968411193
25819,GOF,0.3641908196410585,0.52795059398952,0.10785858636942153
25820,GOF,0.19189859110257032,0.6306185867826715,0.17748282211475827
25821,GOF,0.06062390994485456,0.7085550560961995,0.23082103395894585
25822,GOF,0.23371926485100392,0.5887322859962638,0.1775484491527324
25823,GOF,0.03167635599175691,0.571340168663893,0.39698347534435
25824,GOF,0.09643268972472213,0.648849572898008,0.2547177373772699
25825,GOF,0.03617589304851426,0.6419257177246948,0.32189838922679087
25826,GOF,0.01572338299000573,0.6255576004025706,0.3587190166074237
25827,GOF,0.021256470759080968,0.6236338426469189,0.35510968659400005
25828,GOF,0.01262458195891716,0.5565423042708242,0.43083311377025874
25829,GOF,0.0057386626908331505,0.5840617195400716,0.41019961776909525
25830,LOF,0.03744020829019526,0.2789251144955527,0.683634677214252
25831,GOF,0.2053672462107024,0.6847574521770754,0.10987530161222221
25832,GOF,0.03453076709695489,0.7519044972889529,0.2135647356140922
25833,GOF,0.11582001478628519,0.7543436732093527,0.12983631200436205
25834,GOF,0.032754602416825034,0.7623710223079956,0.2048743752751795
25835,GOF,0.06915749194487074,0.8006268517882076,0.13021565626692166
25836,GOF,0.034220394869572894,0.7391327789729185,0.22664682615750867
25837,GOF,0.027102899907824603,0.6499395323541236,0.3229575677380517
25838,GOF,0.08875655685289124,0.7941860938905939,0.11705734925651486
25839,GOF,0.2995423554747621,0.5824790096556178,0.11797863486962008
25840,GOF,0.2610576682706898,0.605936470318706,0.13300586141060433
25841,GOF,0.24138007127646366,0.6408314385793085,0.11778849014422792
25842,GOF,0.13924263737715564,0.7501053118281151,0.11065205079472926
25843,GOF,0.19627225557445677,0.7232713529029429,0.08045639152260034
25844,GOF,0.06534480767754032,0.7527748385340718,0.18188035378838782
25845,GOF,0.017065138493232688,0.527466284717899,0.45546857678886843
25846,GOF,0.11564585762222714,0.7450817082834502,0.1392724340943227
25847,GOF,0.09670414336853082,0.8067107923237673,0.09658506430770195
25848,GOF,0.03969451368436147,0.7363211093598426,0.22398437695579587
25849,GOF,0.011892025617319545,0.6286311198988705,0.3594768544838099
25850,GOF,0.022163443082722858,0.6836923230764176,0.2941442338408595
25851,GOF,0.01790507165425517,0.568730705923472,0.4133642224222729
25852,GOF,0.1589302676497466,0.5688983010390795,0.272171431311174
25853,GOF,0.34121350259919847,0.5957610767397258,0.06302542066107568
25854,GOF,0.0224204508144055,0.6575442437624192,0.32003530542317526
25855,GOF,0.041852888612238716,0.5868260610370386,0.3713210503507227
25856,GOF,0.2516395273078639,0.5592630563637566,0.18909741632837954
25857,GOF,0.043077036754546175,0.537864515584302,0.41905844766115186
25858,GOF,0.021574592026658478,0.5666158615841191,0.41180954638922235
25859,GOF,0.011173624834703206,0.5394707106631813,0.44935566450211556
25860,GOF,0.3573427012366712,0.5669819712671018,0.07567532749622696
25861,GOF,0.38906522401731036,0.5416231116529497,0.06931166432973994
25862,GOF,0.08794704964320751,0.7935931866803236,0.11845976367646889
25863,GOF,0.08306751452529958,0.7956086354019688,0.12132385007273154
25864,GOF,0.19132726337445402,0.74453419044574,0.06413854617980594
25865,GOF,0.08425174155240132,0.8127056417905983,0.10304261665700044
25866,GOF,0.05386239769976856,0.8154818252641933,0.1306557770360381
25867,GOF,0.07798089596808351,0.8306471251089748,0.0913719789229417
25868,GOF,0.2520539896129784,0.6614271497138169,0.08651886067320472
25869,Neutral,0.6907650624410324,0.2685117501140788,0.04072318744488886
25870,GOF,0.2756127368253622,0.4071963127331688,0.31719095044146894
25871,GOF,0.193492058170621,0.6902498571604792,0.11625808466889993
25872,GOF,0.07786590463203402,0.6753699187454729,0.24676417662249311
25873,GOF,0.10573080997288886,0.7201120225521696,0.17415716747494167
25874,LOF,0.015108328045135667,0.11755117788866823,0.8673404940661961
25875,LOF,0.08752645032575776,0.05139321734200273,0.8610803323322395
25876,LOF,0.03697017112352279,0.03288444176472936,0.9301453871117479
25877,Neutral,0.5247872494460899,0.0488313054642197,0.42638144508969034
25878,LOF,0.23668578440173643,0.11167334729039549,0.651640868307868
25879,LOF,0.0867614918875282,0.11011979463003174,0.80311871348244
25880,LOF,0.04040888083831029,0.01637815266850206,0.9432129664931876
25881,LOF,0.18724936488027633,0.11899769388248965,0.6937529412372341
25882,LOF,0.06594319329421534,0.01913156000044498,0.9149252467053398
25883,LOF,0.06908352908336686,0.020910353282757546,0.9100061176338756
25884,LOF,0.03377914283313084,0.030718219888084788,0.9355026372787844
25885,LOF,0.06147382754140191,0.011720221276852657,0.9268059511817455
25886,LOF,0.2614391493465889,0.041399513919385865,0.6971613367340251
25887,LOF,0.1586388655907724,0.06813142183557155,0.7732297125736561
25888,LOF,0.06758216829587232,0.06202588491718961,0.870391946786938
25889,LOF,0.04312216048828826,0.02178704727108598,0.9350907922406259
25890,LOF,0.05022508163166054,0.15081078149919153,0.7989641368691479
25891,LOF,0.04129279534487285,0.04768973351719404,0.9110174711379331
25892,LOF,0.08350092780475386,0.0229471190891097,0.8935519531061363
25893,LOF,0.2477677871954951,0.02182239635209083,0.730409816452414
25894,LOF,0.17377049205240666,0.01289622918324966,0.8133332787643436
25895,LOF,0.1974603013715863,0.024087960519813472,0.7784517381086001
25896,LOF,0.0485086981243627,0.022514406652524195,0.9289768952231131
25897,LOF,0.2767564889642247,0.014577776332492456,0.7086657347032828
25898,Neutral,0.7072972828610116,0.011818197088764595,0.28088452005022374
25899,LOF,0.22195438635070897,0.02298671971941319,0.7550588939298778
25900,LOF,0.44861187439863615,0.01292442223146682,0.538463703369897
25901,LOF,0.05632297321293165,0.012866782061999897,0.9308102447250685
25902,LOF,0.15201671266908326,0.015055548958519986,0.8329277383723968
25903,Neutral,0.5637235899570557,0.030846317366390753,0.40543009267655344
25904,LOF,0.3168780307738481,0.043821841181110786,0.6393001280450411
25905,LOF,0.026176342309384294,0.32991085076748394,0.6439128069231317
25906,LOF,0.030511442991718686,0.07516753734598773,0.8943210196622935
25907,LOF,0.01587590091693391,0.3429396941528358,0.6411844049302303
25908,LOF,0.010704393199016062,0.2574188489959518,0.731876757805032
25909,LOF,0.013160135711046482,0.1234499382074404,0.8633899260815132
25910,LOF,0.04959361372490613,0.14127526408149027,0.8091311221936036
25911,LOF,0.17646210849316862,0.02843960919022093,0.7950982823166104
25912,LOF,0.045700420536703944,0.05251810341109722,0.9017814760521987
25913,LOF,0.31281187505256813,0.027635557822091893,0.6595525671253399
25914,LOF,0.017577765662195273,0.052454063430399864,0.9299681709074049
25915,Neutral,0.5671522577741899,0.12562689601718668,0.3072208462086235
25916,LOF,0.06952079480746903,0.18316601244494998,0.7473131927475809
25917,LOF,0.058182720824427284,0.04082712209691781,0.9009901570786549
25918,LOF,0.01922454386742207,0.03114434490571732,0.9496311112268607
25919,LOF,0.016744386986989858,0.03253644120371957,0.9507191718092907
25920,GOF,0.09558286600942095,0.5505904078926174,0.3538267260979617
25921,LOF,0.025375465945450187,0.044172108690307174,0.9304524253642426
25922,LOF,0.034330970188721166,0.03204218458389496,0.9336268452273838
25923,LOF,0.4639222234333343,0.04284474177302506,0.4932330347936408
25924,LOF,0.0363144402234821,0.05170598565113017,0.9119795741253878
25925,LOF,0.06594254814697943,0.045966514568021234,0.8880909372849993
25926,LOF,0.04849270208572909,0.04064785289374605,0.9108594450205248
25927,LOF,0.05565166565569468,0.14495704339160648,0.7993912909526988
25928,LOF,0.018106285998987958,0.06416945319205386,0.9177242608089582
25929,Neutral,0.5803811752692012,0.04497117786104698,0.3746476468697519
25930,LOF,0.0705547929460146,0.03767107226657373,0.8917741347874116
25931,LOF,0.024164194919326032,0.03935806378457882,0.9364777412960952
25932,LOF,0.0308802922502163,0.031528910877110475,0.9375907968726732
25933,LOF,0.03936661466800878,0.0205894057882024,0.9400439795437889
25934,LOF,0.025035570887215943,0.023176962341011013,0.9517874667717731
25935,LOF,0.058822972522113964,0.05799331202714592,0.8831837154507401
25936,LOF,0.04261549196390193,0.02840345366981386,0.9289810543662842
25937,LOF,0.026794541990027825,0.04118707178533903,0.9320183862246333
25938,LOF,0.05980376524883361,0.059402064117622326,0.8807941706335441
25939,LOF,0.03912481140711027,0.022620724406570356,0.9382544641863194
25940,LOF,0.032537786924126975,0.34537933988492076,0.6220828731909522
25941,LOF,0.1856337254934141,0.11059269661397725,0.7037735778926086
25942,LOF,0.013215253007911886,0.03623146455317492,0.9505532824389131
25943,LOF,0.3083714266574302,0.052386983136099595,0.6392415902064701
25944,Neutral,0.4916422405147428,0.023346984890817792,0.48501077459443953
25945,LOF,0.07412021024246698,0.021610173726406744,0.9042696160311263
25946,LOF,0.03159337289454354,0.11262155088762292,0.8557850762178335
25947,LOF,0.09690134363190327,0.1600177794195126,0.7430808769485842
25948,LOF,0.36667285968962565,0.008653956938296766,0.6246731833720777
25949,LOF,0.13284709737286465,0.03377933374441751,0.8333735688827179
25950,GOF,0.31133142230199234,0.37170211457176217,0.31696646312624543
25951,LOF,0.1897050464624214,0.2844046344540838,0.5258903190834947
25952,LOF,0.041786317598341616,0.4399933910632117,0.5182202913384466
25953,LOF,0.15931813290718896,0.10760308572704692,0.7330787813657641
25954,Neutral,0.4388428358250398,0.17225548835210022,0.3889016758228599
25955,LOF,0.04878277840619407,0.08337820785341772,0.8678390137403882
25956,LOF,0.16700889752556936,0.1083537571166832,0.7246373453577474
25957,LOF,0.03711896445032035,0.033352612949416986,0.9295284226002627
25958,LOF,0.05526206269584657,0.02959767872861758,0.9151402585755359
25959,LOF,0.05920484118491196,0.36672769216815865,0.5740674666469293
25960,LOF,0.015369775342296275,0.050426238319301,0.9342039863384026
25961,LOF,0.042812642042576766,0.029140165248394193,0.928047192709029
25962,LOF,0.056643602803275656,0.022155021795158623,0.9212013754015657
25963,LOF,0.046923816774434156,0.1893970042792548,0.763679178946311
25964,LOF,0.03196018138357613,0.13896670472154082,0.829073113894883
25965,LOF,0.42945461415911035,0.06468648985881664,0.5058588959820731
25966,Neutral,0.5177078932314079,0.16138368725903598,0.32090841950955606
25967,LOF,0.017489045875380443,0.1087427948859902,0.8737681592386294
25968,LOF,0.03861411530564859,0.39833766892543393,0.5630482157689175
25969,LOF,0.03996987627362983,0.06208707927539719,0.897943044450973
25970,LOF,0.06423618438475596,0.06458169604866996,0.8711821195665741
25971,LOF,0.06697557716837217,0.021080885289119115,0.9119435375425088
25972,LOF,0.06853569889168282,0.03213076963808314,0.899333531470234
25973,LOF,0.0823049619168475,0.009175415748759996,0.9085196223343925
25974,LOF,0.19498987886976454,0.015002407910457708,0.7900077132197778
25975,LOF,0.04346039728234136,0.025465792078701806,0.9310738106389568
25976,LOF,0.0458833834530289,0.015760032258100666,0.9383565842888704
25977,LOF,0.15844661122138165,0.09280665268439381,0.7487467360942246
25978,LOF,0.15121042899677847,0.0766288013838515,0.77216076961937
25979,LOF,0.14305774192127788,0.0750155244149366,0.7819267336637854
25980,LOF,0.23780555245923482,0.09235853395323836,0.6698359135875267
25981,LOF,0.2670308651864254,0.09012938361522096,0.6428397511983537
25982,LOF,0.4176518996846083,0.06359010724940252,0.5187579930659891
25983,LOF,0.4050411956931404,0.07264973304193471,0.5223090712649249
25984,LOF,0.05016793648869919,0.04627772894340212,0.9035543345678988
25985,LOF,0.037582532272583416,0.2890566840265635,0.6733607837008532
25986,LOF,0.04554823776793443,0.3199187891713479,0.6345329730607177
25987,LOF,0.08734657500766298,0.06781678937909082,0.8448366356132462
25988,LOF,0.15496747971292538,0.05633904662804287,0.7886934736590318
25989,LOF,0.03625818097845992,0.10613260611568674,0.8576092129058532
25990,LOF,0.04220752898064293,0.15398580660491273,0.8038066644144444
25991,LOF,0.13170918722034783,0.24147795407936723,0.6268128587002849
25992,LOF,0.3119183029828397,0.13719209483656308,0.5508896021805972
25993,LOF,0.025065407034850218,0.06943272648585723,0.9055018664792926
25994,LOF,0.018768385751730465,0.08500659213433547,0.8962250221139341
25995,LOF,0.02676580086616416,0.18566847843251963,0.7875657207013161
25996,GOF,0.2934740273966498,0.3827620750790855,0.32376389752426477
25997,LOF,0.08576630621056627,0.34986911242217006,0.5643645813672636
25998,Neutral,0.5336716168859111,0.024578170371767006,0.4417502127423219
25999,LOF,0.10405484268066678,0.08100726581682115,0.8149378915025121
26000,LOF,0.12434551459962222,0.04853041742826147,0.8271240679721164
26001,LOF,0.19952735239751118,0.05060975036539318,0.7498628972370956
26002,LOF,0.12771630783489413,0.04749971295976044,0.8247839792053454
26003,GOF,0.009980276580587848,0.5775847763012438,0.4124349471181682
26004,GOF,0.018251349909897883,0.6796710501956612,0.30207759989444094
26005,LOF,0.006253260986770009,0.44909165931879547,0.5446550796944346
26006,Neutral,0.48540435658984254,0.2583657477093232,0.2562298957008342
26007,GOF,0.02010690217095033,0.5109310043405445,0.4689620934885051
26008,GOF,0.01611401975423501,0.603039855949934,0.3808461242958309
26009,GOF,0.017346241800913074,0.6565591308820306,0.3260946273170563
26010,GOF,0.019838764637128338,0.6211640417226724,0.3589971936401994
26011,LOF,0.006691404757378132,0.43159185561797675,0.5617167396246452
26012,GOF,0.011355030347803852,0.5624829413643533,0.4261620282878428
26013,GOF,0.017684534663843107,0.6004519516962952,0.3818635136398616
26014,LOF,0.045142669042399074,0.10315439982320196,0.8517029311343991
26015,LOF,0.1564822876403609,0.017378112181794025,0.826139600177845
26016,LOF,0.20648511214864385,0.07052959902848491,0.7229852888228712
26017,LOF,0.2156227264436961,0.11140974936012095,0.6729675241961829
26018,LOF,0.08369998621856382,0.03737919157464655,0.8789208222067897
26019,LOF,0.0796324686322266,0.030368467499527034,0.8899990638682463
26020,LOF,0.06757797767450528,0.11505536223842627,0.8173666600870684
26021,LOF,0.048276733617823524,0.11900631602897808,0.8327169503531983
26022,LOF,0.011215787419768081,0.04330884926007928,0.9454753633201527
26023,LOF,0.06784181403043371,0.02480320887529702,0.9073549770942692
26024,LOF,0.0292237959576605,0.1350796679451112,0.8356965360972283
26025,LOF,0.15057537274689975,0.0998796946289941,0.7495449326241062
26026,LOF,0.32791868419335535,0.031246318487920997,0.6408349973187236
26027,LOF,0.06364005651981507,0.020217060529263985,0.916142882950921
26028,LOF,0.17088434623864374,0.06987206638731958,0.7592435873740367
26029,LOF,0.06732164975717943,0.1795298794857316,0.753148470757089
26030,LOF,0.019990669671346172,0.054439015784627245,0.9255703145440265
26031,LOF,0.025711024797993656,0.13015887130592435,0.844130103896082
26032,LOF,0.06529909315945302,0.08284566907911903,0.8518552377614279
26033,LOF,0.08369264324083231,0.08574484338393477,0.8305625133752329
26034,LOF,0.03984976562261142,0.15489967939643506,0.8052505549809534
26035,LOF,0.02479386635385306,0.14110327402760486,0.8341028596185421
26036,LOF,0.03721621473817736,0.16549477946122934,0.7972890058005933
26037,LOF,0.02114588377884078,0.11402670061232037,0.8648274156088388
26038,LOF,0.06081624830565483,0.08481554520565897,0.8543682064886863
26039,LOF,0.050988366431130104,0.14827206128052062,0.8007395722883492
26040,LOF,0.19554717776658126,0.1347350129360265,0.6697178092973922
26041,LOF,0.021776692552301122,0.10918005710583079,0.8690432503418681
26042,LOF,0.0199398604610417,0.10275352239943492,0.8773066171395234
26043,LOF,0.06126902914702867,0.09957626523783193,0.8391547056151394
26044,LOF,0.017972442249575105,0.06809894606651686,0.913928611683908
26045,LOF,0.07490161809278409,0.10183873908916112,0.8232596428180547
26046,LOF,0.05695686136448468,0.08423393547531761,0.8588092031601977
26047,LOF,0.07629301130787246,0.08771453180670861,0.8359924568854189
26048,LOF,0.04981028228302042,0.04172597734022735,0.9084637403767523
26049,Neutral,0.967358590637778,0.007101733766803904,0.0255396755954181
26050,Neutral,0.951615675002645,0.00866085929173631,0.03972346570561873
26051,LOF,0.04752154396982683,0.26685262892497896,0.6856258271051942
26052,LOF,0.06651618122935309,0.3219426234715994,0.6115411952990475
26053,LOF,0.050045231963414955,0.13206756278937404,0.8178872052472109
26054,LOF,0.0505360613547271,0.01777298731174923,0.9316909513335238
26055,LOF,0.06732765313510687,0.014715600760332787,0.9179567461045602
26056,LOF,0.058608542962776976,0.016119422027018205,0.9252720350102047
26057,LOF,0.031483603556966513,0.011666686298977682,0.9568497101440557
26058,LOF,0.03264837202192834,0.009689977242470458,0.9576616507356012
26059,LOF,0.2694423040008366,0.020407688193932925,0.7101500078052305
26060,LOF,0.03979484552806802,0.1803765647483241,0.7798285897236079
26061,LOF,0.01787084087709268,0.011240829607566529,0.9708883295153409
26062,LOF,0.01069242035642679,0.01633594749179333,0.97297163215178
26063,LOF,0.02095623382885706,0.010996239464933636,0.9680475267062094
26064,LOF,0.024169138814584858,0.022531358658638468,0.9532995025267768
26065,LOF,0.026223656288213153,0.012364974481378233,0.9614113692304087
26066,LOF,0.02049948155918714,0.011166406764405681,0.9683341116764071
26067,LOF,0.027070656094269046,0.009210058423961368,0.9637192854817695
26068,LOF,0.04643072001649925,0.028835833756472567,0.9247334462270282
26069,LOF,0.28837359617052144,0.01972297633658096,0.6919034274928977
26070,LOF,0.4231039739561672,0.015841190327476506,0.5610548357163562
26071,LOF,0.02105145206813937,0.011911637786876615,0.967036910144984
26072,LOF,0.020541563490891302,0.018004164798983546,0.9614542717101251
26073,LOF,0.02051563597166308,0.011162902600367081,0.9683214614279698
26074,Neutral,0.9108613648055452,0.006329155413625223,0.08280947978082952
26075,LOF,0.045482477773773865,0.015427783665127016,0.9390897385610991
26076,LOF,0.03821983073419588,0.010102513802553932,0.9516776554632502
26077,LOF,0.01004416785906411,0.015500988136568526,0.9744548440043673
26078,LOF,0.012976843486931936,0.01168375223967807,0.9753394042733899
26079,LOF,0.06045466994206631,0.017391850288999117,0.9221534797689346
26080,LOF,0.060091338038094834,0.017513691728122192,0.9223949702337829
26081,LOF,0.03395116528733767,0.007613966207172727,0.9584348685054895
26082,LOF,0.014149049552705616,0.01642054956320336,0.9694304008840912
26083,LOF,0.1849561610663952,0.014713066256653367,0.8003307726769515
26084,LOF,0.041423921157604,0.011595691021953255,0.9469803878204427
26085,LOF,0.03858419408265713,0.011086412805582507,0.9503293931117603
26086,LOF,0.02125048904765459,0.010686461312669546,0.9680630496396758
26087,LOF,0.023864204524353123,0.007968326860008338,0.9681674686156386
26088,LOF,0.016404981600681334,0.021263391559021513,0.962331626840297
26089,LOF,0.042419084377454896,0.021484858222175884,0.9360960574003692
26090,LOF,0.041728354693386836,0.01781161554570904,0.940460029760904
26091,LOF,0.03228511255752928,0.0067831632483793544,0.9609317241940913
26092,LOF,0.023113870710766957,0.008529584111305232,0.9683565451779279
26093,LOF,0.03502730540375032,0.006684824829713602,0.958287869766536
26094,LOF,0.03691955198417797,0.005993738954163435,0.9570867090616585
26095,LOF,0.04047741500942447,0.014641187505083498,0.944881397485492
26096,LOF,0.018086724971705288,0.012071468167668555,0.9698418068606262
26097,LOF,0.0121408841392341,0.035415737775714495,0.9524433780850514
26098,LOF,0.0798835521946302,0.0112367082013213,0.9088797396040486
26099,LOF,0.021087254483736495,0.012823456925197305,0.9660892885910664
26100,LOF,0.023072917666142202,0.012558486128354007,0.9643685962055037
26101,LOF,0.04628896651961214,0.014688621400571918,0.9390224120798158
26102,LOF,0.02078273406670336,0.012076018523134556,0.967141247410162
26103,Neutral,0.8810298855820229,0.018709790962734996,0.10026032345524215
26104,LOF,0.08273429190757246,0.023468571474509824,0.8937971366179177
26105,LOF,0.22445211014114821,0.22480645944009653,0.5507414304187553
26106,LOF,0.19248197672176007,0.1076911296982525,0.6998268935799873
26107,LOF,0.24670049973973615,0.07212230957533493,0.681177190684929
26108,LOF,0.24005861012501953,0.08213953993929729,0.6778018499356833
26109,LOF,0.09940232837812253,0.05132253991784794,0.8492751317040296
26110,LOF,0.2024315307402566,0.0076462499584516305,0.7899222193012917
26111,Neutral,0.5277141873712013,0.034294125693870386,0.4379916869349283
26112,LOF,0.03081753294702955,0.007985048176947162,0.9611974188760233
26113,LOF,0.05938125194946492,0.01785774269673844,0.9227610053537968
26114,LOF,0.02407265624067062,0.02833873786829074,0.9475886058910387
26115,LOF,0.08221814114281699,0.05537887384659949,0.8624029850105835
26116,LOF,0.06188804654692273,0.06370638323356466,0.8744055702195127
26117,LOF,0.4450484362700395,0.04307493790387183,0.5118766258260886
26118,LOF,0.033750609592744445,0.026402409859579912,0.9398469805476756
26119,LOF,0.02423799931559391,0.039305616702932734,0.9364563839814734
26120,LOF,0.025477697252950064,0.020112337149057642,0.9544099655979924
26121,LOF,0.04940487992288683,0.08558447622687147,0.8650106438502416
26122,LOF,0.04860782725133928,0.04086487642783524,0.9105272963208254
