feature0,prediction,LoGoFunc_Neutral,LoGoFunc_GOF,LoGoFunc_LOF
25546,Neutral,0.6645657321604658,0.05334356304467933,0.28209070479485493
25547,Neutral,0.4952342661643649,0.09335531534282084,0.41141041849281434
25548,Neutral,0.49459336192332326,0.07779587085191958,0.4276107672247572
25549,LOF,0.4228057187343814,0.07898010511314313,0.4982141761524756
25550,LOF,0.3601948423923179,0.11705132348772379,0.5227538341199583
25551,LOF,0.30524931078849277,0.1262419043239971,0.5685087848875102
25552,LOF,0.24606731461769554,0.12033488812759863,0.6335977972547059
25553,Neutral,0.8148044491832659,0.04127149196273761,0.14392405885399648
25554,LOF,0.29495940361023826,0.11014275564275734,0.5948978407470044
25555,LOF,0.24301842343945343,0.10428962736768811,0.6526919491928584
25556,LOF,0.44744996653599545,0.0931620689937424,0.45938796447026226
25557,LOF,0.2315031426689438,0.1099994178594419,0.6584974394716143
25558,LOF,0.2988689589139518,0.10988552791011101,0.5912455131759372
25559,LOF,0.19047072114766067,0.13680810496828955,0.6727211738840497
25560,LOF,0.1654176131518831,0.0904586830951464,0.7441237037529704
25561,LOF,0.14840391389035584,0.09971552172220557,0.7518805643874386
25562,LOF,0.07324316218793359,0.0725904204722304,0.854166417339836
25563,LOF,0.021524463303832248,0.10663936063792885,0.8718361760582389
25564,LOF,0.23123321263575497,0.10030920292930662,0.6684575844349384
25565,LOF,0.2180240238205287,0.13134674100798635,0.650629235171485
25566,GOF,0.09449702283098037,0.7262875284501814,0.17921544871883818
25567,LOF,0.0383387072300549,0.11905166118172335,0.8426096315882218
25568,LOF,0.05953259833410263,0.07062925242932647,0.869838149236571
25569,LOF,0.05883550109702494,0.07408850252594779,0.8670759963770273
25570,LOF,0.025431706267166027,0.09515939207185978,0.8794089016609742
25571,LOF,0.02475705687976787,0.09927403889973868,0.8759689042204934
25572,LOF,0.05944609849787174,0.11661790543666511,0.8239359960654631
25573,LOF,0.05394749087979965,0.0845477816477102,0.8615047274724903
25574,LOF,0.05524105165229379,0.18169599800870964,0.7630629503389966
25575,LOF,0.021724071677003156,0.1171967755363296,0.8610791527866671
25576,LOF,0.034237909807243665,0.15551645240925374,0.8102456377835024
25577,LOF,0.028474439694342376,0.10545903506552097,0.8660665252401366
25578,LOF,0.28946178363512665,0.08145728248131928,0.629080933883554
25579,LOF,0.13235145528027256,0.08731000211468488,0.7803385426050427
25580,LOF,0.0180063361275635,0.07766589959210722,0.9043277642803292
25581,LOF,0.0558721315021978,0.06927801825973733,0.8748498502380648
25582,LOF,0.05566111314781162,0.06795038239625807,0.8763885044559302
25583,LOF,0.01935184187570348,0.08556267416133273,0.8950854839629637
25584,Neutral,0.6796211800431187,0.09810078018327584,0.22227803977360552
25585,LOF,0.03176768675580705,0.11629674618562824,0.8519355670585647
25586,LOF,0.0168098176351924,0.06620533670874128,0.9169848456560664
25587,LOF,0.016334268500626484,0.06029382689489545,0.9233719046044779
25588,LOF,0.019575074782401666,0.07081485511873657,0.9096100700988617
25589,Neutral,0.5168554383777202,0.18919894874194684,0.293945612880333
25590,LOF,0.04915665647252006,0.10693797379328833,0.8439053697341916
25591,LOF,0.0968001238408109,0.05778593598057923,0.8454139401786099
25592,LOF,0.05446565166773512,0.12853006341921447,0.8170042849130504
25593,LOF,0.13601437375275924,0.24303499049587957,0.6209506357513612
25594,LOF,0.052125710501097884,0.11075158025653747,0.8371227092423646
25595,LOF,0.04741849305019034,0.07666819952812409,0.8759133074216856
25596,LOF,0.10522884105455779,0.041075193418370265,0.8536959655270719
25597,LOF,0.07994733031416805,0.05160809262176707,0.8684445770640649
25598,LOF,0.05472791051133133,0.08128900030413927,0.8639830891845295
25599,GOF,0.0206109339178234,0.5269610406260479,0.45242802545612865
25600,GOF,0.15520900613144767,0.5114640047941592,0.33332698907439323
25601,LOF,0.040418828393171076,0.3851458963926815,0.5744352752141473
25602,LOF,0.0338696054308534,0.05313474883884897,0.9129956457302976
25603,LOF,0.0353724899203868,0.02749199608056061,0.9371355139990526
25604,LOF,0.038859576543600845,0.05816115539845181,0.9029792680579474
25605,LOF,0.04193356990437072,0.18152086830104125,0.776545561794588
25606,LOF,0.42327154871470707,0.09894143841454718,0.47778701287074576
25607,LOF,0.022755466744017388,0.16804033851975642,0.8092041947362262
25608,LOF,0.035887627074022405,0.06986174110791936,0.8942506318180582
25609,GOF,0.15498811664343606,0.5419261684662894,0.3030857148902746
25610,LOF,0.014459302657365954,0.02772226618959425,0.9578184311530398
25611,LOF,0.014675674576915413,0.03215410869830586,0.9531702167247788
25612,LOF,0.04984587125470487,0.037871476608058716,0.9122826521372364
25613,LOF,0.04603796899294582,0.040107667868741,0.9138543631383133
25614,LOF,0.022049685766609903,0.026310005808965344,0.9516403084244247
25615,LOF,0.0421174054511526,0.03812855925534462,0.9197540352935027
25616,LOF,0.0440489251067201,0.028622830636928012,0.927328244256352
25617,LOF,0.04096410631825569,0.03726776568191882,0.9217681279998255
25618,LOF,0.049010747756800165,0.03528917708902202,0.9157000751541778
25619,LOF,0.014154846889432351,0.03167291419980647,0.9541722389107612
25620,LOF,0.06106332420132534,0.041252046108367094,0.8976846296903076
25621,LOF,0.048249765708337056,0.03210778420378467,0.9196424500878783
25622,LOF,0.060361043763942655,0.030790649358829154,0.9088483068772281
25623,LOF,0.06833515018586621,0.027665092261497583,0.9039997575526361
25624,LOF,0.01806372825908924,0.034777346464075605,0.9471589252768351
25625,LOF,0.06232483928388949,0.04109210719810328,0.8965830535180073
25626,LOF,0.04630787929369634,0.03653144044771169,0.917160680258592
25627,Neutral,0.8925824871261598,0.020092552342440347,0.08732496053139976
25628,LOF,0.13368150675668322,0.05862345665659344,0.8076950365867234
25629,LOF,0.06164792937857226,0.04599489943668259,0.8923571711847451
25630,LOF,0.27238584951755684,0.07313464304108566,0.6544795074413575
25631,Neutral,0.5514120109388752,0.06048914743670718,0.3880988416244176
25632,LOF,0.02870526559752991,0.0633900925434434,0.9079046418590268
25633,LOF,0.20801548051905402,0.03982226427129387,0.7521622552096521
25634,LOF,0.0349734198923774,0.07982119733661845,0.8852053827710042
25635,LOF,0.03801846305165524,0.04749068672439821,0.9144908502239466
25636,LOF,0.041064688766120565,0.45942595342661113,0.4995093578072683
25637,GOF,0.06954529208455208,0.4922402171266721,0.4382144907887759
25638,LOF,0.03783829728826385,0.28840424533813097,0.6737574573736053
25639,LOF,0.033990015868424664,0.3535783425465654,0.6124316415850098
25640,Neutral,0.8175595236746399,0.14006455561494496,0.042375920710415155
25641,LOF,0.04437368927206215,0.4526531039845399,0.502973206743398
25642,LOF,0.03805079243776178,0.15367114373702973,0.8082780638252086
25643,LOF,0.20412197957478082,0.1847257616942235,0.6111522587309957
25644,LOF,0.022045602378117132,0.4744022872483706,0.5035521103735123
25645,LOF,0.02063068044984137,0.43532502679547974,0.5440442927546789
25646,LOF,0.05308964385884997,0.35864112338452536,0.5882692327566247
25647,LOF,0.023067097292505636,0.2762290916304088,0.7007038110770855
25648,LOF,0.03165142363271751,0.24762602129137015,0.7207225550759123
25649,LOF,0.015204435445960882,0.24332812900297845,0.7414674355510608
25650,LOF,0.05180138712453115,0.4219854834214948,0.526213129453974
25651,LOF,0.016776861000874187,0.2754581445528492,0.7077649944462767
25652,LOF,0.029018781608230494,0.2622294025503347,0.7087518158414348
25653,LOF,0.07868495823888882,0.40131503983344496,0.5200000019276662
25654,LOF,0.02373932603348013,0.20639629466121812,0.7698643793053017
25655,LOF,0.21955433905101537,0.3644093365126756,0.4160363244363091
25656,LOF,0.27501713016102686,0.042460149166761364,0.6825227206722118
25657,LOF,0.08308542694480521,0.049262040825854954,0.8676525322293398
25658,LOF,0.3920054377077608,0.041804720637142495,0.5661898416550967
25659,Neutral,0.5556311755759537,0.06822952192870861,0.3761393024953378
25660,LOF,0.025178720366200575,0.0730606507138091,0.9017606289199904
25661,LOF,0.09545891580377762,0.05395643917493933,0.8505846450212832
25662,LOF,0.0298855889985735,0.02949764844784872,0.9406167625535777
25663,LOF,0.03621056993840738,0.04235811308231182,0.9214313169792808
25664,LOF,0.13682943293767438,0.05519628011343801,0.8079742869488877
25665,LOF,0.05380923735023887,0.030203198999785765,0.9159875636499754
25666,LOF,0.0865411225552299,0.06802799996714205,0.845430877477628
25667,LOF,0.06437306412834244,0.03619137158803967,0.8994355642836178
25668,LOF,0.03517165758172687,0.04506954449319302,0.9197587979250801
25669,LOF,0.03384816568843037,0.053587929807204226,0.9125639045043654
25670,LOF,0.1402742075995405,0.04414473005541486,0.8155810623450447
25671,LOF,0.09433724813725647,0.02815770286331812,0.8775050489994254
25672,LOF,0.05235948089897399,0.04019263267034991,0.9074478864306761
25673,LOF,0.08368897397579146,0.03841611871799474,0.8778949073062139
25674,LOF,0.0709700444225566,0.048677155377549346,0.880352800199894
25675,LOF,0.11544720449002688,0.04459056053537828,0.8399622349745949
25676,LOF,0.017097106396806984,0.04581923836196193,0.937083655241231
25677,LOF,0.026328407053688562,0.06197381477681588,0.9116977781694956
25678,LOF,0.18016181929264752,0.05721430677440031,0.7626238739329522
25679,LOF,0.12608341123386607,0.08120706991533391,0.7927095188508001
25680,LOF,0.0292512048680776,0.10092853874935245,0.8698202563825699
25681,LOF,0.049115336071042695,0.09265448557143655,0.8582301783575207
25682,LOF,0.14249613462988678,0.059051401436917415,0.7984524639331958
25683,LOF,0.12849920270764786,0.07870898388097,0.7927918134113822
25684,LOF,0.04154378268133704,0.05993578719158037,0.8985204301270826
25685,LOF,0.1318024656018817,0.04744561646808184,0.8207519179300365
25686,LOF,0.06984216255536632,0.09267469154227052,0.8374831459023631
25687,LOF,0.11140809189167336,0.08111493002033897,0.8074769780879877
25688,LOF,0.28665401138109226,0.03460458466251306,0.6787414039563947
25689,LOF,0.21600547211492466,0.04337808919086073,0.7406164386942147
25690,LOF,0.34810394786047005,0.03164092328815071,0.6202551288513792
25691,Neutral,0.6947899250632524,0.02234416479615447,0.28286591014059315
25692,LOF,0.29857403957081013,0.011716624148274192,0.6897093362809157
25693,LOF,0.04717582412091195,0.4482232837735888,0.5046008921054993
25694,LOF,0.1336137306626023,0.020746483557265123,0.8456397857801325
25695,LOF,0.12312059513140293,0.01793589377542299,0.8589435110931741
25696,LOF,0.12359825142900026,0.010237300803615923,0.8661644477673838
25697,LOF,0.12784059161703085,0.028319360614524305,0.8438400477684448
25698,LOF,0.35462733180371747,0.22722412388678162,0.4181485443095009
25699,LOF,0.42728672633372283,0.04366509232849226,0.5290481813377849
25700,LOF,0.05299935918469084,0.009396652401796497,0.9376039884135127
25701,LOF,0.15142592420934542,0.05812271508838791,0.7904513607022667
25702,GOF,0.18029725161999927,0.5444342504316433,0.27526849794835745
25703,LOF,0.015908263537383158,0.1649740893147845,0.8191176471478323
25704,LOF,0.050837324390149395,0.11699679735228058,0.83216587825757
25705,LOF,0.057441547669891915,0.19034916925000678,0.7522092830801013
25706,LOF,0.10099200759648332,0.33617497764287035,0.5628330147606463
25707,LOF,0.0963691414016557,0.2716033269369027,0.6320275316614417
25708,LOF,0.0318078795740555,0.2576884412653466,0.7105036791605979
25709,LOF,0.053826229356730676,0.04005513759695623,0.9061186330463131
25710,LOF,0.011712688222217237,0.11952238861802138,0.8687649231597613
25711,LOF,0.0178072128754088,0.08686018575015314,0.895332601374438
25712,LOF,0.013760601289058814,0.1642218448707383,0.8220175538402029
25713,LOF,0.017570924770345733,0.07945510873148921,0.902973966498165
25714,LOF,0.0664626594287552,0.07311171365557072,0.8604256269156741
25715,LOF,0.009986457981614296,0.1300006458983952,0.8600128961199905
25716,LOF,0.01422928736617114,0.10724220928996604,0.8785285033438628
25717,LOF,0.01206968118976344,0.07973758565878242,0.9081927331514542
25718,LOF,0.011362143339410635,0.10119623656058531,0.887441620100004
25719,LOF,0.01708214749162293,0.08110748326261476,0.9018103692457623
25720,LOF,0.020173266964372917,0.06630400797032966,0.9135227250652974
25721,LOF,0.014844357248500811,0.1023888117314975,0.8827668310200018
25722,LOF,0.012349499959011441,0.12197400597883726,0.8656764940621513
25723,LOF,0.020790614687949863,0.04350919231358352,0.9357001929984666
25724,LOF,0.022321171857637368,0.0802875118434774,0.8973913162988852
25725,LOF,0.011140632712192148,0.06760906434664073,0.9212503029411672
25726,LOF,0.013826608426982334,0.08949359051332888,0.8966798010596889
25727,LOF,0.012042967586863835,0.07854433762219329,0.9094126947909429
25728,LOF,0.009266975272647002,0.10714259564791023,0.8835904290794427
25729,LOF,0.009471159782827162,0.10494486197366121,0.8855839782435115
25730,LOF,0.012747141815750773,0.07726935649210426,0.909983501692145
25731,LOF,0.021337151049202776,0.11104179166663869,0.8676210572841584
25732,LOF,0.014042765974819744,0.0844661303545215,0.9014911036706589
25733,LOF,0.015478468337138732,0.0723922507294359,0.9121292809334253
25734,LOF,0.01254533665614358,0.12679609025478625,0.8606585730890702
25735,LOF,0.013072977316117559,0.08096526073895213,0.9059617619449303
25736,LOF,0.013089211904595279,0.11179204589329131,0.8751187422021134
25737,LOF,0.020677197476164214,0.07834951883373469,0.9009732836901012
25738,LOF,0.012615495348642168,0.11187553779328141,0.8755089668580764
25739,LOF,0.018302331415035438,0.08428237812311844,0.897415290461846
25740,LOF,0.024629574568646503,0.09429427526214461,0.8810761501692089
25741,LOF,0.013799474575360017,0.10099880707273795,0.8852017183519021
25742,LOF,0.11045400399073395,0.07562331146822443,0.8139226845410416
25743,LOF,0.0334899796977957,0.027678547092946006,0.9388314732092583
25744,Neutral,0.5903283321317784,0.1743760771453097,0.23529559072291192
25745,LOF,0.08422101700124239,0.06213449549043375,0.853644487508324
25746,LOF,0.040811911693441456,0.07201893318824049,0.8871691551183181
25747,LOF,0.024161731119709796,0.03474917989631476,0.9410890889839756
25748,LOF,0.11611839008906968,0.05093652289054991,0.8329450870203805
25749,LOF,0.026019372046419287,0.07063776418725431,0.9033428637663264
25750,LOF,0.08363057291436848,0.07572584849085229,0.8406435785947792
25751,LOF,0.09874213874950734,0.05080665314106253,0.8504512081094301
25752,GOF,0.10455349355387214,0.6799366451177982,0.2155098613283297
25753,LOF,0.01892617612663333,0.27370759018369867,0.707366233689668
25754,GOF,0.010501944447140555,0.7808218467734546,0.20867620877940482
25755,LOF,0.019729193118022226,0.3682015876132997,0.6120692192686782
25756,LOF,0.03732243560706601,0.37435601389224954,0.5883215505006845
25757,GOF,0.0135050337775941,0.8469522014798149,0.13954276474259092
25758,GOF,0.026300906967121455,0.8263932891231808,0.14730580390969772
25759,GOF,0.011850208063054321,0.5367842788515832,0.4513655130853625
25760,LOF,0.013221100999615936,0.24321560729617248,0.7435632917042116
25761,GOF,0.2723187954736699,0.613468646316353,0.1142125582099771
25762,LOF,0.0318889584038074,0.2675768061455642,0.7005342354506284
25763,LOF,0.012750350947472929,0.18946018166257542,0.7977894673899516
25764,GOF,0.07860991367157322,0.6219665444082506,0.2994235419201763
25765,GOF,0.041850269285749066,0.7437792091403048,0.21437052157394618
25766,GOF,0.061025211556943244,0.7712276721321513,0.16774711631090544
25767,GOF,0.13604052781045614,0.492966329166244,0.37099314302329983
25768,LOF,0.08918480006667548,0.06191313366432075,0.8489020662690037
25769,LOF,0.06916459741473995,0.06349526586971893,0.8673401367155412
25770,LOF,0.27768822457948616,0.09304670914865691,0.6292650662718569
25771,LOF,0.04301159901777813,0.043091246967401485,0.9138971540148204
25772,LOF,0.017137840002815916,0.032166573363366625,0.9506955866338174
25773,LOF,0.04378467878592018,0.07438492520350934,0.8818303960105704
25774,LOF,0.027909164452954528,0.07220666550923396,0.8998841700378115
25775,LOF,0.04713123682534848,0.04304850279569367,0.9098202603789579
25776,LOF,0.07399827038645296,0.02541644152366762,0.9005852880898795
25777,LOF,0.33050892143353344,0.05128707647650135,0.6182040020899652
25778,LOF,0.06714852367323852,0.047203572756931746,0.8856479035698298
25779,GOF,0.36341719347798906,0.5923161957858585,0.044266610736152436
25780,GOF,0.2937375415651688,0.6331269847997989,0.07313547363503244
25781,GOF,0.14542907308285635,0.7448475464003661,0.10972338051677748
25782,GOF,0.20075804017136772,0.7241447625240364,0.07509719730459594
25783,GOF,0.028882141153027705,0.6550139684803794,0.31610389036659303
25784,GOF,0.47835877706439167,0.4802821667399022,0.04135905619570618
25785,GOF,0.4563080345018466,0.5048823973147436,0.03880956818340982
25786,GOF,0.028246460996225194,0.7572017993401932,0.21455173966358157
25787,Neutral,0.6338075446668184,0.34187191983231224,0.02432053550086937
25788,LOF,0.04628976785403107,0.11339061172183601,0.840319620424133
25789,GOF,0.19218503868113795,0.6634965255231796,0.14431843579568238
25790,GOF,0.23613859567385478,0.661128095058417,0.10273330926772828
25791,GOF,0.15874558242958378,0.6568872147588736,0.1843672028115427
25792,GOF,0.3281189411939017,0.5260020872922057,0.1458789715138927
25793,GOF,0.22724406331577007,0.5516910657792438,0.22106487090498614
25794,GOF,0.2747565789230276,0.5572638310787751,0.16797958999819726
25795,GOF,0.07911656732259721,0.6921255881877149,0.22875784448968792
25796,Neutral,0.5338079248321198,0.3834890013855896,0.08270307378229064
25797,GOF,0.09638766630277006,0.5490368042494521,0.35457552944777787
25798,GOF,0.009537496166646819,0.5209234469304518,0.4695390569029014
25799,LOF,0.006954052738876189,0.4021634258350641,0.5908825214260596
25800,GOF,0.03062582507912315,0.5912720039887993,0.37810217093207743
25801,GOF,0.1784889420347216,0.6833911357879072,0.13811992217737118
25802,GOF,0.07928314989739314,0.6981947990438503,0.22252205105875666
25803,GOF,0.036201820934636926,0.5773963082473023,0.38640187081806077
25804,GOF,0.03315685105821178,0.4933242700822736,0.47351887885951455
25805,GOF,0.1020601718040824,0.594451447217596,0.3034883809783216
25806,GOF,0.09035999255889023,0.5954682400343637,0.31417176740674607
25807,GOF,0.020881139972717254,0.6335765778866753,0.3455422821406075
25808,GOF,0.08565363647368011,0.6236860197375775,0.29066034378874245
25809,GOF,0.01824271422350441,0.5924061988780791,0.38935108689841647
25810,GOF,0.01727904451244686,0.6266856556712195,0.35603529981633375
25811,GOF,0.44531052995744363,0.46757895938000976,0.08711051066254671
25812,GOF,0.03215080807240091,0.6347483388203305,0.3331008531072686
25813,Neutral,0.49564884438668083,0.40715834613196067,0.09719280948135856
25814,GOF,0.10926237185768227,0.6538118463605285,0.23692578178178927
25815,GOF,0.1884591380469726,0.62006032389865,0.19148053805437745
25816,GOF,0.023824643451159113,0.7079689487002182,0.26820640784862265
25817,GOF,0.22756527865180717,0.6375375080842328,0.13489721326396
25818,GOF,0.05251370229944975,0.672507379009968,0.2749789186905821
25819,GOF,0.3473254567392954,0.5125173936535024,0.1401571496072023
25820,GOF,0.18241427010933814,0.609488007286043,0.2080977226046188
25821,GOF,0.059545549007311044,0.6761084705442498,0.2643459804484391
25822,GOF,0.19043263927733464,0.6021658520186317,0.20740150870403376
25823,GOF,0.033016056724414974,0.5341249595580626,0.4328589837175225
25824,GOF,0.0888652986735728,0.6135932491471049,0.2975414521793224
25825,GOF,0.03797789757576665,0.6111238677345745,0.3508982346896589
25826,GOF,0.01603911825301753,0.5895141067494952,0.39444677499748715
25827,GOF,0.025105609830770245,0.5885522889743688,0.3863421011948609
25828,GOF,0.015380093432153408,0.520148757129921,0.4644711494379256
25829,GOF,0.005969038184138121,0.5774087471038496,0.4166222147120123
25830,LOF,0.031735995252648676,0.3052843028893863,0.6629797018579651
25831,GOF,0.229410992149622,0.6628122437311831,0.10777676411919493
25832,GOF,0.029645894876031215,0.7120327717261721,0.2583213333977968
25833,GOF,0.10873226521819818,0.7339404980097749,0.1573272367720269
25834,GOF,0.030220300071515306,0.7261495790388357,0.24363012088964897
25835,GOF,0.06609742923713803,0.7664137170171964,0.1674888537456655
25836,GOF,0.027936936508963957,0.698005385793672,0.274057677697364
25837,GOF,0.0262038972026151,0.6156266953384216,0.3581694074589632
25838,GOF,0.08820238750071292,0.7713704639533084,0.14042714854597868
25839,GOF,0.2765445152130559,0.5778371531843832,0.14561833160256094
25840,GOF,0.25078711079120414,0.6122273558108742,0.13698553339792174
25841,GOF,0.2341073387152001,0.6357182105671615,0.1301744507176383
25842,GOF,0.14408282622092494,0.7301567252068457,0.1257604485722294
25843,GOF,0.2043057487800894,0.7034621147500844,0.09223213646982638
25844,GOF,0.058982043287260255,0.7208160979644617,0.22020185874827808
25845,GOF,0.015183214832229487,0.5169054459293205,0.46791133923845
25846,GOF,0.11699584771321465,0.7360839049059515,0.14692024738083387
25847,GOF,0.08970895142637932,0.8036187743125552,0.10667227426106557
25848,GOF,0.034247657882111704,0.7293660123822007,0.2363863297356875
25849,GOF,0.010946816479796315,0.6262019679706871,0.36285121554951666
25850,GOF,0.019671720500383814,0.6635693544869041,0.3167589250127121
25851,GOF,0.016274795828970012,0.5635555534768517,0.42016965069417833
25852,GOF,0.1639066627761872,0.5447885818251873,0.29130475539862555
25853,GOF,0.35074878084028377,0.5773424351798333,0.07190878397988298
25854,GOF,0.0230298682067463,0.6513504470053816,0.3256196847878721
25855,GOF,0.03388341070081253,0.5793478010430543,0.3867687882561331
25856,GOF,0.2156536205417308,0.5686855641469535,0.21566081531131573
25857,GOF,0.03760813104869547,0.5203865349495527,0.4420053340017518
25858,GOF,0.020881696565669915,0.5361269676808433,0.4429913357534867
25859,GOF,0.011181615620500246,0.5207389960277398,0.46807938835176005
25860,GOF,0.35290648648319206,0.5663392814428327,0.08075423207397518
25861,GOF,0.40661360516049044,0.5178491590960732,0.07553723574343628
25862,GOF,0.07630580020745939,0.7818137204710014,0.14188047932153913
25863,GOF,0.07194829976374137,0.788399009335167,0.13965269090109167
25864,GOF,0.198258612571044,0.7283943751092007,0.07334701231975524
25865,GOF,0.08309225081769107,0.7995351955285043,0.11737255365380463
25866,GOF,0.05510899321904734,0.7825619679564214,0.16232903882453126
25867,GOF,0.07770238907053471,0.8150595288729922,0.10723808205647324
25868,GOF,0.24484879263538212,0.6563107570463355,0.09884045031828233
25869,Neutral,0.696805514598403,0.2602913359598481,0.04290314944174893
25870,GOF,0.26152043734802316,0.44567644837683446,0.2928031142751424
25871,GOF,0.20189603606030693,0.6543851552216854,0.14371880871800763
25872,GOF,0.07096116229012395,0.6586189145066458,0.2704199232032304
25873,GOF,0.09531153634478,0.7110325715563,0.19365589209891995
25874,LOF,0.01389396398944899,0.123090987909802,0.8630150481007489
25875,LOF,0.09545000623295373,0.04267285054846535,0.861877143218581
25876,LOF,0.03415075584970817,0.02928976441642666,0.9365594797338651
25877,Neutral,0.4994220611448359,0.044413269211720466,0.4561646696434436
25878,LOF,0.21042763491034974,0.0939193120984625,0.6956530529911877
25879,LOF,0.0917519408431987,0.08604230296161101,0.8222057561951902
25880,LOF,0.042455835621083356,0.014606365404610069,0.9429377989743066
25881,LOF,0.1782006511671743,0.1053700292203381,0.7164293196124876
25882,LOF,0.06123046383998551,0.016364610032473154,0.9224049261275414
25883,LOF,0.06662961063708428,0.018578002099658524,0.9147923872632571
25884,LOF,0.03275969054067002,0.028736719271515786,0.9385035901878143
25885,LOF,0.062033049648324054,0.011305495297376601,0.9266614550542994
25886,LOF,0.2701074738376808,0.03603729879630357,0.6938552273660157
25887,LOF,0.13926127879659964,0.06306375799211712,0.7976749632112833
25888,LOF,0.0660208987547737,0.05333707836097132,0.880642022884255
25889,LOF,0.03851463127102185,0.0197340276415876,0.9417513410873906
25890,LOF,0.05372733907536056,0.14126886219166965,0.8050037987329699
25891,LOF,0.03950296824471322,0.04902189280795375,0.911475138947333
25892,LOF,0.0844468975125791,0.021521514790173293,0.8940315876972476
25893,LOF,0.2423404699585354,0.017635469320312992,0.7400240607211517
25894,LOF,0.18045899283102698,0.009819918160873513,0.8097210890080995
25895,LOF,0.1993291989886168,0.020902932351994672,0.7797678686593885
25896,LOF,0.05138998583904166,0.020721987836466376,0.927888026324492
25897,LOF,0.27123566699888063,0.011744017852904388,0.717020315148215
25898,Neutral,0.7207441298923764,0.009039727082450849,0.2702161430251728
25899,LOF,0.22423408858349062,0.022987189183358514,0.7527787222331508
25900,LOF,0.46975983531514953,0.012819251582745658,0.5174209131021048
25901,LOF,0.05506440306768405,0.010661960586644441,0.9342736363456715
25902,LOF,0.1615101797142417,0.013427171856316282,0.825062648429442
25903,Neutral,0.5872933353255928,0.031160717851272026,0.3815459468231351
25904,LOF,0.3068604466185287,0.038246927994829184,0.6548926253866421
25905,LOF,0.026998882361291564,0.34303192149951767,0.6299691961391907
25906,LOF,0.02956084972393201,0.07349278809766559,0.8969463621784024
25907,LOF,0.01398023780210987,0.3433666407612513,0.6426531214366388
25908,LOF,0.00958279021681683,0.264250372195004,0.7261668375881792
25909,LOF,0.013339981284421898,0.12188477608610382,0.8647752426294744
25910,LOF,0.05203504166564505,0.14228640662439954,0.8056785517099554
25911,LOF,0.18055577288944527,0.027729023135407725,0.791715203975147
25912,LOF,0.045696492831839575,0.05329859681383352,0.9010049103543268
25913,LOF,0.34931668712399944,0.024791606905997885,0.6258917059700027
25914,LOF,0.02226532381113325,0.05148346792755531,0.9262512082613115
25915,Neutral,0.5802903512024566,0.13873473821574625,0.28097491058179713
25916,LOF,0.0826662992692611,0.17840298477119135,0.7389307159595475
25917,LOF,0.06691549798975722,0.03723615365554884,0.8958483483546938
25918,LOF,0.022848688813987262,0.0306148178719101,0.9465364933141027
25919,LOF,0.02001355703748909,0.03187055836170951,0.9481158846008013
25920,GOF,0.10608448560198132,0.544325296926129,0.3495902174718897
25921,LOF,0.025122231627243505,0.03752607427609362,0.937351694096663
25922,LOF,0.03519002419592672,0.02688559735382405,0.9379243784502492
25923,LOF,0.479447612238137,0.03669110622101129,0.4838612815408517
25924,LOF,0.037991231293911826,0.045406633328706786,0.9166021353773814
25925,LOF,0.07479704049754166,0.04023726866483302,0.8849656908376253
25926,LOF,0.05358510493386999,0.03590907075482237,0.9105058243113078
25927,LOF,0.05839099492660003,0.14158268101229868,0.8000263240611013
25928,LOF,0.018772777208812867,0.05234122308636911,0.9288859997048181
25929,Neutral,0.5944377066786302,0.039150535055392614,0.3664117582659773
25930,LOF,0.0786647901665145,0.03228897580814663,0.8890462340253388
25931,LOF,0.024858319232380983,0.032504038770427825,0.9426376419971912
25932,LOF,0.030081247741781537,0.02842384093212994,0.9414949113260886
25933,LOF,0.04122799703816403,0.019125458281549785,0.9396465446802863
25934,LOF,0.02585892764136597,0.021109174850864696,0.9530318975077694
25935,LOF,0.0632168405541819,0.05359765164120063,0.8831855078046175
25936,LOF,0.04579525102995069,0.02355753228802093,0.9306472166820283
25937,LOF,0.02803199348840714,0.03656423897161533,0.9354037675399774
25938,LOF,0.06758847860732613,0.05417522164856037,0.8782362997441134
25939,LOF,0.04067283094936303,0.021324603647347493,0.9380025654032894
25940,LOF,0.03588470722850847,0.3342351493926125,0.629880143378879
25941,LOF,0.19785883971403723,0.09651207741895272,0.7056290828670101
25942,LOF,0.013070084953688055,0.032685105654320465,0.9542448093919914
25943,LOF,0.31426158194779924,0.05762272205556753,0.6281156959966333
25944,Neutral,0.4964302444132721,0.022153002406232372,0.48141675318049537
25945,LOF,0.07376502464909565,0.020145915618976672,0.9060890597319277
25946,LOF,0.03494816065151755,0.10472464978908216,0.8603271895594004
25947,LOF,0.11673781811900202,0.16919029038127573,0.7140718914997224
25948,LOF,0.3684193258210204,0.00783415873122455,0.6237465154477551
25949,LOF,0.13110534334045407,0.03675785953297424,0.8321367971265717
25950,LOF,0.30592604400430795,0.3380829944258149,0.3559909615698772
25951,LOF,0.19076175730265288,0.2561085329599422,0.5531297097374049
25952,LOF,0.040374193920940576,0.4406173073108652,0.5190084987681943
25953,LOF,0.13936300447353883,0.1138100407974104,0.7468269547290508
25954,Neutral,0.40609739135612766,0.19457095822917844,0.3993316504146939
25955,LOF,0.058817813222694526,0.07446978727517034,0.8667123995021351
25956,LOF,0.1674660824300408,0.11981927106912861,0.7127146465008306
25957,LOF,0.03775574489023183,0.02816872953363784,0.9340755255761303
25958,LOF,0.05215239724202495,0.027927070224652944,0.9199205325333221
25959,LOF,0.07259249708362664,0.3308580479992431,0.5965494549171302
25960,LOF,0.014844642301973082,0.05289024059515015,0.9322651171028767
25961,LOF,0.039536318298635485,0.027310744027156254,0.9331529376742083
25962,LOF,0.051645671099895846,0.022701314852985387,0.9256530140471189
25963,LOF,0.044752676507270654,0.17887332700819722,0.7763739964845322
25964,LOF,0.03041773137150099,0.170088031916448,0.799494236712051
25965,LOF,0.4393715707961509,0.06440515229050503,0.496223276913344
25966,Neutral,0.517007205469312,0.17612227482827814,0.3068705197024099
25967,LOF,0.01642036262280556,0.11734148323633613,0.8662381541408584
25968,LOF,0.036391029375439005,0.40300781075885234,0.5606011598657086
25969,LOF,0.03595560842350028,0.06661810336568695,0.8974262882108127
25970,LOF,0.05714232450923086,0.0551153671627697,0.8877423083279994
25971,LOF,0.0629627828373336,0.020075419106684467,0.9169617980559819
25972,LOF,0.06543407004082208,0.027642285819639956,0.9069236441395379
25973,LOF,0.07846660266215826,0.009917592965826887,0.9116158043720148
25974,LOF,0.19259750486372573,0.015144823579033184,0.792257671557241
25975,LOF,0.04842172454731006,0.030610328509981407,0.9209679469427084
25976,LOF,0.04177565422827177,0.01696172333885685,0.9412626224328713
25977,LOF,0.14762735537405197,0.08405563898259993,0.768317005643348
25978,LOF,0.15056684849799387,0.09489350215030055,0.7545396493517056
25979,LOF,0.13373935990417674,0.09151778891863961,0.7747428511771836
25980,LOF,0.23090904662500478,0.11894038424904027,0.650150569125955
25981,LOF,0.266164258814053,0.1171347840095073,0.6167009571764397
25982,LOF,0.41312927930082277,0.07991197935749843,0.5069587413416787
25983,LOF,0.3869315510024712,0.08775677011515579,0.5253116788823731
25984,LOF,0.04635856837921818,0.04809464286898846,0.9055467887517934
25985,LOF,0.03638217821389336,0.28814744420393534,0.6754703775821713
25986,LOF,0.04505414791740357,0.3274745338524828,0.6274713182301136
25987,LOF,0.08662519413812286,0.07185820603788214,0.841516599823995
25988,LOF,0.14888043491410982,0.05962181737098721,0.791497747714903
25989,LOF,0.03415006144971447,0.12283811116601356,0.843011827384272
25990,LOF,0.03870697688270937,0.1573065477016957,0.8039864754155949
25991,LOF,0.14070787443139968,0.23785112962178723,0.6214409959468131
25992,LOF,0.2998876471788297,0.14209346668296174,0.5580188861382086
25993,LOF,0.024083673775852237,0.06945955341818498,0.9064567728059627
25994,LOF,0.018916459769032234,0.08203115665819674,0.899052383572771
25995,LOF,0.024207614622856092,0.18420552830912446,0.7915868570680195
25996,GOF,0.34098644938571365,0.37190026702819023,0.2871132835860962
25997,LOF,0.08631046125837302,0.35489401698400985,0.558795521757617
25998,Neutral,0.5133652697770463,0.02514428358716384,0.4614904466357899
25999,LOF,0.09501719774480069,0.091963335033962,0.8130194672212373
26000,LOF,0.141903270245732,0.046058588261167696,0.8120381414931004
26001,LOF,0.2153609469355301,0.04562688398791267,0.7390121690765573
26002,LOF,0.11776221609980086,0.04579218082882223,0.8364456030713769
26003,GOF,0.010199456214797259,0.5895802048959676,0.40022033888923514
26004,GOF,0.02116603452050504,0.6607042279037063,0.31812973757578866
26005,LOF,0.006601379554108997,0.4599974919360032,0.5334011285098877
26006,Neutral,0.513463351429159,0.25538011215549006,0.23115653641535097
26007,GOF,0.020543438971776965,0.5093268925384877,0.47012966848973536
26008,GOF,0.01855622981850808,0.5972313044053322,0.3842124657761596
26009,GOF,0.020376992202392086,0.6628344645582909,0.31678854323931704
26010,GOF,0.020819953385838245,0.6158795495112762,0.3633004971028855
26011,LOF,0.006741239039216243,0.42737727669571585,0.5658814842650679
26012,GOF,0.011949036164380322,0.5417511344573086,0.4462998293783111
26013,GOF,0.018141395854678624,0.5950144908307071,0.38684411331461416
26014,LOF,0.03899155505381506,0.12408562841944297,0.8369228165267419
26015,LOF,0.14945290353016208,0.02069460480033124,0.8298524916695068
26016,LOF,0.17955043995188816,0.07090174058355657,0.7495478194645553
26017,LOF,0.19835861387014778,0.11299094475722375,0.6886504413726284
26018,LOF,0.07177345131508168,0.05068277622580188,0.8775437724591163
26019,LOF,0.06913000193155094,0.04075109889659044,0.8901188991718586
26020,LOF,0.06099905504569806,0.12289305425338712,0.8161078907009149
26021,LOF,0.04206741899154567,0.12445445744013725,0.833478123568317
26022,LOF,0.01071739322123963,0.05377077170642467,0.9355118350723358
26023,LOF,0.06105256084331611,0.0311754007121924,0.9077720384444915
26024,LOF,0.028526321520323476,0.13655455342756803,0.8349191250521085
26025,LOF,0.1445309045978213,0.11830972362564164,0.737159371776537
26026,LOF,0.3231923211607884,0.035636055733095015,0.6411716231061165
26027,LOF,0.054619927303513054,0.024565114914306563,0.9208149577821803
26028,LOF,0.1587029386624438,0.05822389396105551,0.7830731673765007
26029,LOF,0.06725221808493077,0.1646252473537338,0.7681225345613354
26030,LOF,0.021630559404609187,0.035914277120857194,0.9424551634745336
26031,LOF,0.024903604338323823,0.11102905468959928,0.8640673409720769
26032,LOF,0.06694675637745712,0.05239294406658572,0.8806602995559571
26033,LOF,0.08322707050268587,0.049503175299249,0.8672697541980652
26034,LOF,0.04127425737664015,0.1332688151538751,0.8254569274694847
26035,LOF,0.023575807653724436,0.1271504241871018,0.8492737681591738
26036,LOF,0.03487873722171762,0.1424271784966617,0.8226940842816207
26037,LOF,0.01980412318847031,0.10439129969317779,0.875804577118352
26038,LOF,0.06340432483825184,0.05346960244351176,0.8831260727182365
26039,LOF,0.04621382598114746,0.1274955949875605,0.826290579031292
26040,LOF,0.19133613459316046,0.09650026434282064,0.7121636010640189
26041,LOF,0.0213103640761925,0.09351649957919893,0.8851731363446085
26042,LOF,0.019157186411606124,0.08997379866871127,0.8908690149196825
26043,LOF,0.06438823812098057,0.060177635442667576,0.8754341264363518
26044,LOF,0.018995796009340215,0.046554961780741,0.9344492422099188
26045,LOF,0.0668206709970325,0.08391113166663015,0.8492681973363374
26046,LOF,0.059230720472346045,0.04967577305028924,0.8910935064773647
26047,LOF,0.07831364644046229,0.05164398514760153,0.8700423684119362
26048,LOF,0.046236473727806954,0.03007064136557891,0.9236928849066142
26049,Neutral,0.9651106283553927,0.005534403345622137,0.029354968298985044
26050,Neutral,0.9489636091438789,0.007042903025867851,0.04399348783025314
26051,LOF,0.044330202540699935,0.2515441099812172,0.7041256874780828
26052,LOF,0.059248847346246566,0.28895450913706877,0.6517966435166846
26053,LOF,0.06099624300227313,0.14195710165345238,0.7970466553442744
26054,LOF,0.05051030871348724,0.017776551283238424,0.9317131400032744
26055,LOF,0.0664394819676063,0.013977178128823745,0.9195833399035701
26056,LOF,0.05852382801749387,0.016769617275157328,0.9247065547073487
26057,LOF,0.02983623024057736,0.012330257142285986,0.9578335126171367
26058,LOF,0.030708118827324965,0.010044358907722456,0.9592475222649525
26059,LOF,0.2814439867320528,0.02056488878403358,0.6979911244839136
26060,LOF,0.042323017329405584,0.19597178203336066,0.7617052006372338
26061,LOF,0.0177824901702446,0.013801522679099319,0.968415987150656
26062,LOF,0.009878088237551952,0.018824402070361998,0.9712975096920861
26063,LOF,0.018750174119553827,0.010759812481834996,0.9704900133986112
26064,LOF,0.02135399481210737,0.026619737918858195,0.9520262672690344
26065,LOF,0.024418919748056135,0.01171346628695939,0.9638676139649844
26066,LOF,0.019030397046924143,0.010920437043772222,0.9700491659093036
26067,LOF,0.025619748665877486,0.008558559645070183,0.9658216916890523
26068,LOF,0.04456266097003255,0.028685877349431798,0.9267514616805356
26069,LOF,0.26712799635561146,0.018339208276925395,0.7145327953674632
26070,LOF,0.4007231038629736,0.015425059464186557,0.5838518366728398
26071,LOF,0.0197465199876699,0.01164594440576913,0.968607535606561
26072,LOF,0.018512096420520627,0.02016538940760297,0.9613225141718764
26073,LOF,0.018725488598864366,0.01132209223926247,0.9699524191618731
26074,Neutral,0.9088849890585863,0.005711573974742734,0.08540343696667085
26075,LOF,0.04398607238639544,0.014378387677147731,0.9416355399364569
26076,LOF,0.03475338475517448,0.008685516924783037,0.9565610983200424
26077,LOF,0.009737436577172418,0.014326306254109168,0.9759362571687183
26078,LOF,0.013859728595852496,0.012436223126279494,0.973704048277868
26079,LOF,0.062168216981836055,0.01672114560041461,0.9211106374177493
26080,LOF,0.06120997556105819,0.01674169993620987,0.9220483245027319
26081,LOF,0.03306027553759028,0.007018415139991118,0.9599213093224186
26082,LOF,0.012780368554632895,0.014676152179959755,0.9725434792654073
26083,LOF,0.1791776653489705,0.014063544443944889,0.8067587902070846
26084,LOF,0.04350496863492538,0.012234951530924708,0.9442600798341498
26085,LOF,0.03926437210330919,0.011793685471240682,0.9489419424254502
26086,LOF,0.019815271108157183,0.011457334800483566,0.9687273940913593
26087,LOF,0.02246778671430781,0.008733508841140391,0.9687987044445517
26088,LOF,0.017705925237002696,0.02660978888393282,0.9556842858790644
26089,LOF,0.04181252248148105,0.021207060068065185,0.9369804174504537
26090,LOF,0.04149076915247283,0.017705601084266512,0.9408036297632606
26091,LOF,0.028934431709105823,0.006318423379393461,0.9647471449115007
26092,LOF,0.02112549147860647,0.008189922590259538,0.9706845859311339
26093,LOF,0.03153282186299873,0.0061968599226747785,0.9622703182143264
26094,LOF,0.031423221520664825,0.005860028545215931,0.9627167499341192
26095,LOF,0.03792986994643217,0.013965700511773595,0.9481044295417942
26096,LOF,0.01565910950797459,0.011724573861203421,0.972616316630822
26097,LOF,0.01143613837355023,0.03910203410254478,0.949461827523905
26098,LOF,0.0786534804285377,0.011441658201355013,0.9099048613701072
26099,LOF,0.01953761367105912,0.011650684847540688,0.9688117014814001
26100,LOF,0.0212085419878142,0.011146490252899908,0.9676449677592858
26101,LOF,0.0424368919007897,0.01606067367557006,0.9415024344236403
26102,LOF,0.019187021805267147,0.012171397497831233,0.9686415806969016
26103,Neutral,0.8764248913438328,0.017909865273790154,0.10566524338237694
26104,LOF,0.07918399418748173,0.024272651183211542,0.8965433546293068
26105,LOF,0.1982403597249739,0.2833188553559876,0.5184407849190384
26106,LOF,0.17877019755280177,0.12470368586900862,0.6965261165781895
26107,LOF,0.24391293327509458,0.08056770512684784,0.6755193615980575
26108,LOF,0.23079480630497945,0.092520406136727,0.6766847875582934
26109,LOF,0.0960347204173323,0.060070801879809746,0.8438944777028579
26110,LOF,0.227888874239343,0.0070726050724876175,0.7650385206881692
26111,Neutral,0.5036977518159103,0.02524167430356553,0.4710605738805242
26112,LOF,0.031937539685796976,0.0074544933295891316,0.9606079669846138
26113,LOF,0.06268710571322843,0.017080246535194396,0.9202326477515773
26114,LOF,0.025918396194285487,0.0284895520923899,0.9455920517133247
26115,LOF,0.08766576586885719,0.053846290608927004,0.8584879435222158
26116,LOF,0.061118448067785845,0.06280730140049003,0.8760742505317242
26117,LOF,0.44251954582176345,0.04300669076627351,0.514473763411963
26118,LOF,0.03162222865240757,0.024317985672059526,0.944059785675533
26119,LOF,0.023375268781299318,0.03167367464376716,0.9449510565749336
26120,LOF,0.02321903972271144,0.01851770016074048,0.9582632601165482
26121,LOF,0.03845170678030565,0.08564363589076808,0.8759046573289263
26122,LOF,0.04030510942825876,0.03462129137330695,0.9250735991984343
