feature0,prediction,LoGoFunc_Neutral,LoGoFunc_GOF,LoGoFunc_LOF
25546,Neutral,0.61863871497491,0.0513182622131058,0.3300430228119842
25547,Neutral,0.462764827099576,0.10323799674610394,0.43399717615432004
25548,Neutral,0.46031076531702364,0.08192420452748203,0.45776503015549436
25549,LOF,0.39249375306968454,0.08467156910749893,0.5228346778228165
25550,LOF,0.33985717229280527,0.10661603703427386,0.5535267906729209
25551,LOF,0.29760587180468134,0.11539374494265284,0.5870003832526658
25552,LOF,0.2480599206005305,0.11722430668156607,0.6347157727179035
25553,Neutral,0.8130527054654694,0.04261166352578074,0.14433563100874985
25554,LOF,0.291403975593222,0.10712303456755587,0.601472989839222
25555,LOF,0.24256536542939597,0.10202403074365472,0.6554106038269494
25556,LOF,0.4413147292803157,0.09411225062012801,0.46457302009955614
25557,LOF,0.23129445613113567,0.10828848016788079,0.6604170637009835
25558,LOF,0.2925056515147958,0.10528212125274161,0.6022122272324626
25559,LOF,0.18935478341094258,0.11256432065714785,0.6980808959319096
25560,LOF,0.1821159860724318,0.10386232059491987,0.7140216933326483
25561,LOF,0.17064590997374965,0.11169493380827049,0.7176591562179799
25562,LOF,0.07486247286219698,0.0756342701262865,0.8495032570115164
25563,LOF,0.021265949462457957,0.1459369785352797,0.8327970720022624
25564,LOF,0.24324786331753198,0.1366190243766405,0.6201331123058275
25565,LOF,0.1989543025806628,0.16531058205425267,0.6357351153650844
25566,GOF,0.10195364089004093,0.7057476392805254,0.19229871982943375
25567,LOF,0.037985811703502195,0.1275016080799996,0.8345125802164983
25568,LOF,0.0615005232697087,0.06960827193523644,0.8688912047950548
25569,LOF,0.05883626490030138,0.07454568914525085,0.8666180459544477
25570,LOF,0.026100033091684998,0.10518616013107958,0.8687138067772354
25571,LOF,0.024706073141711502,0.1113488975193005,0.863945029338988
25572,LOF,0.05595135892856351,0.12724456915628066,0.8168040719151558
25573,LOF,0.05928926504067469,0.08750293881656195,0.8532077961427634
25574,LOF,0.05812815457676031,0.20638455458174773,0.7354872908414919
25575,LOF,0.022701473989934443,0.12354193422225765,0.8537565917878078
25576,LOF,0.03107725485560077,0.16252303734109774,0.8063997078033015
25577,LOF,0.028400038931418996,0.1290512723126826,0.8425486887558984
25578,LOF,0.2966788132874889,0.08349178243721676,0.6198294042752944
25579,LOF,0.13156247496768023,0.08929489956110821,0.7791426254712116
25580,LOF,0.01950048566684838,0.08541869368907412,0.8950808206440776
25581,LOF,0.05525211636825887,0.06761262155844722,0.8771352620732938
25582,LOF,0.05523163500615795,0.0661577583240311,0.878610606669811
25583,LOF,0.020804706276544464,0.08344539937485151,0.895749894348604
25584,Neutral,0.6765224184263173,0.10527358792922478,0.21820399364445786
25585,LOF,0.0260035845868437,0.13606298066152947,0.8379334347516268
25586,LOF,0.017756543100282605,0.07453928552817626,0.907704171371541
25587,LOF,0.017209001164054584,0.06963975911953792,0.9131512397164074
25588,LOF,0.02125511502017699,0.07901478471521962,0.8997301002646034
25589,Neutral,0.5118593989725101,0.2174936012581691,0.27064699976932083
25590,LOF,0.049239527782476235,0.13144481867188929,0.8193156535456345
25591,LOF,0.10114670835119084,0.0587104728734087,0.8401428187754004
25592,LOF,0.05795428089643109,0.1423936665095843,0.7996520525939848
25593,LOF,0.1440447667630814,0.2732213294036471,0.5827339038332715
25594,LOF,0.052446868295896815,0.12048808020015764,0.8270650515039456
25595,LOF,0.04874814832766211,0.09013215893769864,0.8611196927346392
25596,LOF,0.12194904493483899,0.05028306483120206,0.8277678902339589
25597,LOF,0.0923303564063061,0.056746548590336225,0.8509230950033577
25598,LOF,0.0501507450569827,0.09135108819361834,0.8584981667493988
25599,GOF,0.021757589445552953,0.4910784966681078,0.48716391388633923
25600,GOF,0.17147092319641283,0.47996380961781565,0.3485652671857715
25601,LOF,0.03875048029505712,0.42616449802198536,0.5350850216829575
25602,LOF,0.0285258827005655,0.06843804007104254,0.9030360772283919
25603,LOF,0.03187716568337372,0.035292592823057134,0.9328302414935692
25604,LOF,0.03392747400002227,0.07556971314748119,0.8905028128524967
25605,LOF,0.03388997128059012,0.19423023785057147,0.7718797908688384
25606,LOF,0.4127046510836208,0.10511173997803472,0.48218360893834433
25607,LOF,0.023811127157416814,0.17541845214518687,0.8007704206973963
25608,LOF,0.036884810872922794,0.0682900096585298,0.8948251794685473
25609,GOF,0.14749176150530394,0.5155330801776978,0.33697515831699815
25610,LOF,0.015454112262659454,0.027723137408467075,0.9568227503288734
25611,LOF,0.013175188755791446,0.03241030806273453,0.9544145031814739
25612,LOF,0.049203049380036286,0.04527704918876775,0.9055199014311959
25613,LOF,0.047915960967405365,0.05028910911153252,0.9017949299210622
25614,LOF,0.021915982073261706,0.027170750875098456,0.9509132670516399
25615,LOF,0.04433482853314925,0.05153581015716629,0.9041293613096846
25616,LOF,0.04968825179742207,0.02986566967120576,0.9204460785313723
25617,LOF,0.04173387327404538,0.04424066991349055,0.914025456812464
25618,LOF,0.05328240304211374,0.037089887092863975,0.9096277098650223
25619,LOF,0.01303921003246755,0.0343595865720306,0.9526012033955019
25620,LOF,0.06236804972382035,0.04592713464259756,0.8917048156335821
25621,LOF,0.05364422111045732,0.03813638664521447,0.9082193922443281
25622,LOF,0.0625736089493222,0.038361817608142626,0.8990645734425352
25623,LOF,0.07237270532989572,0.03151564217723131,0.8961116524928731
25624,LOF,0.019288816481855847,0.0348749408081285,0.9458362427100157
25625,LOF,0.06622322323528249,0.0439100724857225,0.8898667042789951
25626,LOF,0.0463852262971012,0.04583023782677727,0.9077845358761216
25627,Neutral,0.9010356375073383,0.020707192967666647,0.07825716952499494
25628,LOF,0.12631035964121745,0.06015183626365795,0.8135378040951247
25629,LOF,0.0656014563509634,0.05002603812824658,0.88437250552079
25630,LOF,0.28923943884912223,0.07378447304989375,0.6369760881009839
25631,Neutral,0.5633869282038989,0.063300245429889,0.3733128263662121
25632,LOF,0.025137588222260088,0.06787122297717724,0.9069911888005627
25633,LOF,0.1943958739919764,0.035136214967930304,0.7704679110400932
25634,LOF,0.03380275384756881,0.07599069247703523,0.890206553675396
25635,LOF,0.032145608721269064,0.045586473021302205,0.9222679182574287
25636,LOF,0.03799985187676233,0.4516796433058217,0.510320504817416
25637,GOF,0.07688525612510899,0.4616437711841705,0.4614709726907205
25638,LOF,0.03223939540716359,0.3124559246133782,0.6553046799794583
25639,LOF,0.030551983721023978,0.34743717289337617,0.6220108433855999
25640,Neutral,0.8225489017290125,0.1341929232393892,0.04325817503159822
25641,GOF,0.07119858534431209,0.4659344076824396,0.4628670069732483
25642,LOF,0.04266035566602516,0.15073064877320272,0.8066089955607721
25643,LOF,0.2397896593932427,0.16491317892616825,0.5952971616805891
25644,LOF,0.02178521277117232,0.3960872426138468,0.582127544614981
25645,LOF,0.026717218664265244,0.3449966793167711,0.6282861020189637
25646,LOF,0.05736190976895263,0.27606361359345666,0.6665744766375906
25647,LOF,0.024099063061759105,0.22783707505538922,0.7480638618828517
25648,LOF,0.03453042961116899,0.21867294551351282,0.7467966248753182
25649,LOF,0.016387746148049453,0.2184475477873879,0.7651647060645627
25650,LOF,0.053058818176617804,0.3592484772325484,0.5876927045908338
25651,LOF,0.01759427903528489,0.24423927418680913,0.738166446777906
25652,LOF,0.039293533696206355,0.23022793780462125,0.7304785284991725
25653,LOF,0.09182612029640404,0.35476800898683264,0.5534058707167633
25654,LOF,0.028061165005953275,0.19312917665482926,0.7788096583392174
25655,LOF,0.23715613451515277,0.33262880116529203,0.43021506431955514
25656,LOF,0.24928266575525657,0.04445936958893526,0.7062579646558081
25657,LOF,0.062341557611413155,0.05213207554147437,0.8855263668471125
25658,LOF,0.35917190862947435,0.05690007795769094,0.5839280134128347
25659,Neutral,0.5264386171141525,0.0786728912666654,0.39488849161918205
25660,LOF,0.022278018461490936,0.08646604993337986,0.8912559316051292
25661,LOF,0.09510512954832105,0.059972319829218065,0.8449225506224609
25662,LOF,0.032394830208889246,0.03577137343582185,0.931833796355289
25663,LOF,0.041717534002927915,0.04619084741739398,0.912091618579678
25664,LOF,0.14429131094608097,0.06139474503279548,0.7943139440211235
25665,LOF,0.05260910783848136,0.030087694088151436,0.9173031980733672
25666,LOF,0.09606632299329822,0.07551603727404478,0.828417639732657
25667,LOF,0.0654453833307801,0.03847217395586057,0.8960824427133595
25668,LOF,0.03696702528111847,0.04737740375829089,0.9156555709605906
25669,LOF,0.03323988787722786,0.05140134404400479,0.9153587680787674
25670,LOF,0.13939839816273936,0.05410697205646307,0.8064946297807976
25671,LOF,0.10049269516983962,0.03319150453703487,0.8663158002931255
25672,LOF,0.05003302791589373,0.04279830343428448,0.9071686686498218
25673,LOF,0.07880651439947917,0.04497833134340534,0.8762151542571154
25674,LOF,0.06518974960016419,0.05321989993188221,0.8815903504679536
25675,LOF,0.12125677224941978,0.05563589238091353,0.8231073353696667
25676,LOF,0.01746590566423677,0.04930574029666458,0.9332283540390985
25677,LOF,0.024259938372594648,0.07073349049936568,0.9050065711280397
25678,LOF,0.1844468020719144,0.0612762061042818,0.7542769918238037
25679,LOF,0.1280963463857106,0.07973305944627858,0.7921705941680108
25680,LOF,0.029567008407021356,0.11201823091803889,0.8584147606749397
25681,LOF,0.04826553857519046,0.10498094910438883,0.8467535123204207
25682,LOF,0.1342244774147378,0.07487998794810138,0.7908955346371609
25683,LOF,0.12075876564040611,0.08947476952349531,0.7897664648360986
25684,LOF,0.043909053766397935,0.07358960460702925,0.8825013416265728
25685,LOF,0.12481154988753047,0.0463483645339462,0.8288400855785233
25686,LOF,0.07235399223630364,0.08201651213703562,0.8456294956266608
25687,LOF,0.10835982933963519,0.09298365125338343,0.7986565194069815
25688,LOF,0.32526346110176774,0.03574025579689286,0.6389962831013394
25689,LOF,0.26745308190975736,0.037694917673107814,0.6948520004171349
25690,LOF,0.346332314133576,0.033237419554442676,0.6204302663119813
25691,Neutral,0.6941315451139922,0.02418182914708427,0.2816866257389235
25692,LOF,0.2988385514367437,0.01089273878755686,0.6902687097756994
25693,LOF,0.05532699134727745,0.43711417726965696,0.5075588313830657
25694,LOF,0.12219429446719567,0.016747800016603843,0.8610579055162005
25695,LOF,0.11796622441738953,0.015668230037556057,0.8663655455450543
25696,LOF,0.09120855335891202,0.009472551406428923,0.8993188952346591
25697,LOF,0.1259430469076917,0.03118939245803739,0.8428675606342709
25698,LOF,0.35697975720293185,0.20068785895012395,0.44233238384694423
25699,LOF,0.41815066772999465,0.038998175092361934,0.5428511571776434
25700,LOF,0.062154670255472916,0.009077993665162909,0.9287673360793642
25701,LOF,0.14297777871222336,0.054648340009149754,0.8023738812786269
25702,GOF,0.17402223302737285,0.565999251282643,0.2599785156899842
25703,LOF,0.015187726678909089,0.15276308747842623,0.8320491858426646
25704,LOF,0.045955856857669695,0.11525678189565518,0.8387873612466751
25705,LOF,0.0595791688863916,0.19523110074278635,0.745189730370822
25706,LOF,0.08979077574008097,0.4030738386745703,0.5071353855853487
25707,LOF,0.08674815828339402,0.3127787059662004,0.6004731357504055
25708,LOF,0.03024637353942258,0.2761193331676576,0.6936342932929198
25709,LOF,0.06338096820825817,0.039756621593092116,0.8968624101986498
25710,LOF,0.011773203566982735,0.13442866956041014,0.853798126872607
25711,LOF,0.01820007741941849,0.09322232138066472,0.8885776011999168
25712,LOF,0.014159339133791594,0.1814473304246302,0.8043933304415782
25713,LOF,0.019308275019719535,0.07787993578011149,0.902811789200169
25714,LOF,0.07176710450177837,0.07571221619666743,0.8525206793015542
25715,LOF,0.011450555165944577,0.13268180530648555,0.8558676395275698
25716,LOF,0.01299037909862738,0.11733587862156851,0.8696737422798041
25717,LOF,0.013993581791451834,0.07728415627927279,0.9087222619292754
25718,LOF,0.012885538734371342,0.08803038804715894,0.8990840732184698
25719,LOF,0.017429600423366103,0.07311882881543734,0.9094515707611966
25720,LOF,0.021630013308263103,0.06540360002568676,0.9129663866660502
25721,LOF,0.01581437379122597,0.1040277330635999,0.8801578931451741
25722,LOF,0.013612739382752611,0.12097240210632218,0.8654148585109253
25723,LOF,0.022802610987338417,0.04011915694573099,0.9370782320669306
25724,LOF,0.022062796660911807,0.08050160377368154,0.8974355995654067
25725,LOF,0.01140519992241488,0.06386797963694521,0.9247268204406399
25726,LOF,0.014879645828611364,0.09564166470512073,0.889478689466268
25727,LOF,0.01304479562169558,0.0720544734162861,0.9149007309620183
25728,LOF,0.009703691941783015,0.11105434047492442,0.8792419675832925
25729,LOF,0.010123885410211801,0.11023414566012965,0.8796419689296586
25730,LOF,0.013435877120802643,0.08322160512714538,0.9033425177520519
25731,LOF,0.020470304244991695,0.1092333761159365,0.8702963196390717
25732,LOF,0.014484875123314625,0.07151135916377432,0.9140037657129111
25733,LOF,0.014862657391440548,0.0712864324134342,0.9138509101951252
25734,LOF,0.01370473334155961,0.10909092269824873,0.8772043439601918
25735,LOF,0.013842455562393033,0.08026375782970635,0.9058937866079005
25736,LOF,0.014984727787256865,0.10015492379758721,0.8848603484151558
25737,LOF,0.022551251130068974,0.08461030287357964,0.8928384459963514
25738,LOF,0.012506815415590336,0.10246626728463243,0.8850269172997772
25739,LOF,0.019876086610258126,0.06880291250094094,0.911321000888801
25740,LOF,0.026811806929464117,0.10311201110770282,0.8700761819628331
25741,LOF,0.014337357159518636,0.1067909529136962,0.8788716899267852
25742,LOF,0.10424289095423059,0.07738509227337145,0.8183720167723979
25743,LOF,0.03042301488987843,0.040146018114833634,0.9294309669952879
25744,Neutral,0.6106612955241602,0.18138550183673421,0.20795320263910558
25745,LOF,0.07545584424411707,0.07213658675307788,0.8524075690028051
25746,LOF,0.04015635019216918,0.08873794062965676,0.8711057091781742
25747,LOF,0.022486955779567767,0.05015791343640932,0.9273551307840229
25748,LOF,0.09572089560200442,0.0705064232545448,0.8337726811434509
25749,LOF,0.024885721407012524,0.08427450797576355,0.8908397706172239
25750,LOF,0.08178681786985167,0.08264002557893757,0.8355731565512108
25751,LOF,0.08976252983892205,0.07450294304861779,0.8357345271124601
25752,GOF,0.11589068237202359,0.6433821418159628,0.2407271758120136
25753,LOF,0.018486180747110746,0.29517935022441194,0.6863344690284773
25754,GOF,0.011702250135821138,0.7949407671705502,0.19335698269362875
25755,LOF,0.021907042275386247,0.39557746458840287,0.582515493136211
25756,LOF,0.04077928203557889,0.37226004600530166,0.5869606719591194
25757,GOF,0.013742583807898265,0.8338311018362516,0.1524263143558502
25758,GOF,0.02661564769545968,0.8116026202322203,0.16178173207232008
25759,GOF,0.010682308531431681,0.5572821042026253,0.43203558726594316
25760,LOF,0.011323831802237441,0.2602904117526125,0.72838575644515
25761,GOF,0.2894647763786331,0.6172984762890236,0.09323674733234326
25762,LOF,0.03643583116143917,0.2632987062767114,0.7002654625618493
25763,LOF,0.014216067828833301,0.1998550296897854,0.7859289024813814
25764,GOF,0.07148139165194174,0.6167176807146938,0.31180092763336437
25765,GOF,0.038344325170591866,0.7648567216844548,0.1967989531449533
25766,GOF,0.08025485161360765,0.7344817917944187,0.1852633565919736
25767,GOF,0.14552351993922766,0.553821718738239,0.3006547613225333
25768,LOF,0.09690028857608002,0.062263881491968334,0.8408358299319517
25769,LOF,0.06991954039183333,0.06076745172505597,0.8693130078831106
25770,LOF,0.30427265893926597,0.08822979010941863,0.6074975509513154
25771,LOF,0.03832790413677586,0.043191049791607365,0.9184810460716167
25772,LOF,0.016923894447405954,0.03322924881709551,0.9498468567354985
25773,LOF,0.04742389119896161,0.0844095933718304,0.868166515429208
25774,LOF,0.03011723485521189,0.07276339682957955,0.8971193683152086
25775,LOF,0.0464629301066162,0.04539271618787174,0.9081443537055119
25776,LOF,0.0675163423406709,0.023721922467478302,0.9087617351918509
25777,LOF,0.37774780628821786,0.05628881390869138,0.5659633798030907
25778,LOF,0.06317423904745431,0.04422679757054355,0.8925989633820022
25779,GOF,0.3834229118103152,0.5770072300324497,0.03956985815723511
25780,GOF,0.31387409172831265,0.6157695478658906,0.07035636040579682
25781,GOF,0.13526327286862053,0.766533906281385,0.09820282084999453
25782,GOF,0.20113629629461288,0.7332893657169395,0.06557433798844763
25783,GOF,0.02333107212615073,0.6103003175633582,0.36636861031049106
25784,Neutral,0.5271090181975884,0.43640271139537157,0.03648827040704004
25785,GOF,0.47951189715389925,0.4820016510899275,0.03848645175617339
25786,GOF,0.02561722790223193,0.7347400654492224,0.2396427066485457
25787,Neutral,0.6608471112042975,0.31475273668966114,0.024400152106041274
25788,LOF,0.05001447723420736,0.10284047716545491,0.8471450456003378
25789,GOF,0.20829385939283415,0.6465866759884643,0.1451194646187016
25790,GOF,0.2412487317676311,0.6530919141397104,0.1056593540926585
25791,GOF,0.16892231376647557,0.6399042262189804,0.19117346001454408
25792,GOF,0.369284736035806,0.4917674949099308,0.13894776905426326
25793,GOF,0.2668294615576546,0.510732109293478,0.22243842914886752
25794,GOF,0.31185226599561,0.4995635467986399,0.18858418720575015
25795,GOF,0.09375062303879914,0.652136798053993,0.2541125789072078
25796,Neutral,0.5911095680735432,0.33360410761025,0.07528632431620685
25797,GOF,0.0909003193210947,0.5244575665364621,0.3846421141424431
25798,LOF,0.00884910449482943,0.4711848431732952,0.5199660523318753
25799,LOF,0.007178642660606749,0.35980631653568074,0.6330150408037125
25800,GOF,0.03600666854031994,0.5537159917929716,0.4102773396667085
25801,GOF,0.213305190140676,0.6501344367929721,0.13656037306635177
25802,GOF,0.07059341849717296,0.6644450262089745,0.26496155529385257
25803,GOF,0.034722455865934095,0.5547348118043756,0.4105427323296904
25804,LOF,0.02993364527946036,0.4630664725645774,0.5069998821559621
25805,GOF,0.09018957480684847,0.5896401174346312,0.3201703077585204
25806,GOF,0.09841105306090245,0.5819654881025196,0.319623458836578
25807,GOF,0.018083606535813188,0.5938663668946634,0.38805002656952337
25808,GOF,0.08290057658367414,0.6175016821200118,0.29959774129631417
25809,GOF,0.017934382977056604,0.5449997059188748,0.4370659111040686
25810,GOF,0.017167921372343235,0.5786064792725342,0.4042255993551226
25811,GOF,0.461687798745895,0.4624963321226228,0.07581586913148218
25812,GOF,0.029829278117832238,0.615482374889123,0.3546883469930447
25813,Neutral,0.5587447735520087,0.35216810010804034,0.08908712633995096
25814,GOF,0.12297996746899108,0.6335027288944172,0.24351730363659163
25815,GOF,0.20683871960966066,0.620853096433751,0.17230818395658828
25816,GOF,0.0217606254785619,0.6881550226322196,0.2900843518892186
25817,GOF,0.25334080652881064,0.6215746832356168,0.12508451023557252
25818,GOF,0.05612968514134741,0.6325111872876831,0.31135912757096956
25819,GOF,0.39687164793829555,0.46932132484364775,0.13380702721805665
25820,GOF,0.19309862885903267,0.5823993025681992,0.22450206857276825
25821,GOF,0.0637185847373742,0.6375985601874645,0.2986828550751612
25822,GOF,0.22564420321315695,0.5409007775364921,0.23345501925035086
25823,GOF,0.03196250962680762,0.5052824769077712,0.4627550134654212
25824,GOF,0.09333808602468906,0.5803600661832301,0.32630184779208093
25825,GOF,0.03728778253275469,0.5704035183732041,0.3923086990940412
25826,GOF,0.014742391435484847,0.5478955089793488,0.4373620995851664
25827,GOF,0.023417397646755007,0.5683804506417895,0.4082021517114555
25828,LOF,0.013727497067759628,0.48924253862220357,0.4970299643100368
25829,GOF,0.0054497167073332305,0.5452146435257724,0.44933563976689445
25830,LOF,0.03471523635645917,0.28474250831160014,0.6805422553319407
25831,GOF,0.21322235322021185,0.6663744734927068,0.12040317328708128
25832,GOF,0.03730275995569727,0.683303137935839,0.27939410210846377
25833,GOF,0.12776608307475174,0.7148015291865085,0.15743238773873985
25834,GOF,0.03747992465856149,0.6974843414789299,0.2650357338625086
25835,GOF,0.08242793918373297,0.7500516032850999,0.16752045753116704
25836,GOF,0.03689826289157781,0.6770649015118776,0.2860368355965445
25837,GOF,0.026404808686216905,0.5588297991454525,0.41476539216833075
25838,GOF,0.09451470040137068,0.7602782297488547,0.1452070698497745
25839,GOF,0.29436487907551045,0.5653208714913007,0.14031424943318865
25840,GOF,0.23017518927341865,0.6234007624848722,0.14642404824170924
25841,GOF,0.23315301784520392,0.6321240924001186,0.13472288975467753
25842,GOF,0.17509408595642637,0.6870388946120448,0.13786701943152893
25843,GOF,0.2508488808951037,0.6573591927898912,0.09179192631500513
25844,GOF,0.06831714848201882,0.7087744078272402,0.22290844369074095
25845,LOF,0.016712224237309736,0.4635862081400656,0.5197015676226245
25846,GOF,0.12307707722234826,0.7350836689321119,0.14183925384553986
25847,GOF,0.12199974058478183,0.7649768567957695,0.11302340261944874
25848,GOF,0.037867899169539775,0.6702122319691797,0.2919198688612806
25849,GOF,0.011094906721218356,0.5530094752072617,0.4358956180715199
25850,GOF,0.02218837141439682,0.6268532106836806,0.3509584179019226
25851,GOF,0.018616948700053277,0.50330283220537,0.4780802190945767
25852,GOF,0.16639187748152465,0.5299421400167418,0.3036659825017335
25853,GOF,0.3708189343159239,0.5583193194679071,0.0708617462161689
25854,GOF,0.022764714082474453,0.584094427216296,0.3931408587012296
25855,GOF,0.038332041713849394,0.53222128628271,0.4294466720034406
25856,GOF,0.25851485667916163,0.5255552225872895,0.2159299207335488
25857,GOF,0.040295817816962905,0.4822486520749191,0.4774555301081179
25858,GOF,0.02078046318718213,0.5103091027887976,0.46891043402402033
25859,LOF,0.010225325270017844,0.485675318150301,0.5040993565796811
25860,GOF,0.3828216807523511,0.5360803200598839,0.081097999187765
25861,GOF,0.4519769659516232,0.4773263112507951,0.07069672279758163
25862,GOF,0.09322148496459108,0.7589374008480129,0.14784111418739607
25863,GOF,0.07864187164471634,0.7669488822264467,0.1544092461288369
25864,GOF,0.21657498928061142,0.7127844269032524,0.07064058381613614
25865,GOF,0.09520740060077286,0.7818929231875333,0.12289967621169369
25866,GOF,0.06001826213819613,0.7747001459602365,0.16528159190156724
25867,GOF,0.09722039193223227,0.8040227219516107,0.09875688611615699
25868,GOF,0.27891790286775126,0.6179462040001427,0.10313589313210612
25869,Neutral,0.7230704826221849,0.23457415823957917,0.04235535913823594
25870,LOF,0.29079239926374706,0.35450265574343837,0.35470494499281463
25871,GOF,0.23454422289307442,0.6194999850038851,0.14595579210304033
25872,GOF,0.07232818761435342,0.6338862193828875,0.29378559300275914
25873,GOF,0.11488124886006555,0.6712603592619394,0.2138583918779951
25874,LOF,0.014813019870439662,0.10966566983567388,0.8755213102938865
25875,LOF,0.09156431304215519,0.03995981447178505,0.8684758724860597
25876,LOF,0.03760629401453625,0.02717067595565669,0.9352230300298071
25877,Neutral,0.5215058085858585,0.042578422100647446,0.43591576931349413
25878,LOF,0.22130207000402646,0.08342705336829684,0.6952708766276767
25879,LOF,0.0847548750789245,0.08251967371398208,0.8327254512070934
25880,LOF,0.04369494809547013,0.01506342803316352,0.9412416238713665
25881,LOF,0.18766534935541598,0.12843465940055276,0.6838999912440313
25882,LOF,0.06072819304724247,0.017777093250419176,0.9214947137023384
25883,LOF,0.06673384230702907,0.01829870978808508,0.9149674479048858
25884,LOF,0.03124093060903753,0.03038870542358008,0.9383703639673825
25885,LOF,0.05962393181334554,0.011490081569912634,0.9288859866167418
25886,LOF,0.26609975284930687,0.04113595018597165,0.6927642969647215
25887,LOF,0.1509613556292758,0.07828229656913792,0.7707563478015863
25888,LOF,0.06776598110607586,0.06500024351702349,0.8672337753769007
25889,LOF,0.043198937215088176,0.020664354424292656,0.9361367083606191
25890,LOF,0.04511336929810343,0.15441000155259899,0.8004766291492975
25891,LOF,0.03605296508052822,0.048669444317478425,0.9152775906019933
25892,LOF,0.09200326700410433,0.022596982458421688,0.8853997505374739
25893,LOF,0.2539304181918305,0.020935656583815503,0.725133925224354
25894,LOF,0.18132731830475446,0.011184024241141712,0.8074886574541038
25895,LOF,0.20416296945090892,0.021614366446801085,0.77422266410229
25896,LOF,0.053716754012794035,0.024123856988084804,0.9221593889991212
25897,LOF,0.2731936066517144,0.012071361091696424,0.7147350322565892
25898,Neutral,0.6920249582818719,0.01074158757589644,0.2972334541422317
25899,LOF,0.22523004232261135,0.021588873298029623,0.7531810843793589
25900,LOF,0.49152235880176515,0.016257136088059253,0.49222050511017557
25901,LOF,0.06235563224255914,0.01345815514608509,0.9241862126113558
25902,LOF,0.18388020994332135,0.016602790073125543,0.7995169999835531
25903,Neutral,0.5847905789722467,0.03061816816117066,0.3845912528665826
25904,LOF,0.33953173379629376,0.04507529396599235,0.6153929722377139
25905,LOF,0.02477484009032601,0.32039583841211067,0.6548293214975633
25906,LOF,0.028672302940235764,0.07434359574889152,0.8969841013108727
25907,LOF,0.014587294733193357,0.3218910756970825,0.6635216295697242
25908,LOF,0.01003234915543865,0.2469655409263347,0.7430021099182267
25909,LOF,0.012477747351220073,0.12292152594308939,0.8646007267056905
25910,LOF,0.047024591046181986,0.14551689978235613,0.807458509171462
25911,LOF,0.19466966862531387,0.019625705289937956,0.7857046260847481
25912,LOF,0.055437462435359054,0.04257808703841683,0.9019844505262241
25913,LOF,0.34600184505632353,0.018662231353093743,0.6353359235905828
25914,LOF,0.019288662754491072,0.07292993018681511,0.9077814070586938
25915,Neutral,0.5777696341485805,0.1783858882265057,0.2438444776249138
25916,LOF,0.08216363838416216,0.23081751768309786,0.6870188439327399
25917,LOF,0.06523396235993337,0.05027599136601404,0.8844900462740526
25918,LOF,0.020728827448544172,0.04478344316427559,0.9344877293871803
25919,LOF,0.018648795588566327,0.0474136506675921,0.9339375537438416
25920,GOF,0.11430178716303394,0.559485970090278,0.326212242746688
25921,LOF,0.023283527464231617,0.025356567547310693,0.9513599049884577
25922,LOF,0.03377451476898338,0.01887585418403979,0.9473496310469767
25923,LOF,0.42672252481407347,0.023475489365376793,0.5498019858205497
25924,LOF,0.035261185782516136,0.03429938793459347,0.9304394262828903
25925,LOF,0.06390825681964277,0.028415993063822684,0.9076757501165346
25926,LOF,0.048112231726509275,0.023604548063279187,0.9282832202102115
25927,LOF,0.05622369710749389,0.09213742123319382,0.8516388816593123
25928,LOF,0.01775602910992688,0.03541981816742296,0.9468241527226501
25929,Neutral,0.5424558685081879,0.025369589953414304,0.4321745415383978
25930,LOF,0.07308794068666477,0.020864878568048095,0.9060471807452871
25931,LOF,0.022951104589605902,0.02193287793235257,0.9551160174780415
25932,LOF,0.027906143057069465,0.018512468106677213,0.9535813888362534
25933,LOF,0.03732353627380939,0.01313440283927107,0.9495420608869195
25934,LOF,0.023989585653488875,0.014649750547366329,0.9613606637991448
25935,LOF,0.05899794658680708,0.034733499669945433,0.9062685537432474
25936,LOF,0.045077896285929245,0.015268890273349562,0.9396532134407212
25937,LOF,0.028176428252190446,0.024703649451826317,0.9471199222959832
25938,LOF,0.05714207042976679,0.03586698760251163,0.9069909419677216
25939,LOF,0.03935042807469855,0.01312243778449334,0.9475271341408081
25940,LOF,0.02696809748727189,0.4042180235755089,0.5688138789372191
25941,LOF,0.16483359454953508,0.12089354539758503,0.7142728600528799
25942,LOF,0.013752262919701944,0.03352507660656617,0.9527226604737319
25943,LOF,0.30588210920114517,0.058389086177146846,0.6357288046217079
25944,Neutral,0.5066728659564285,0.026765528548330773,0.46656160549524084
25945,LOF,0.07145391474177398,0.022068163751317097,0.9064779215069089
25946,LOF,0.03144878733908745,0.09851852468523362,0.8700326879756789
25947,LOF,0.11276383335240585,0.200350029439512,0.6868861372080822
25948,LOF,0.36455235374489975,0.00767647046566689,0.6277711757894333
25949,LOF,0.13611123121357394,0.03746488091878218,0.8264238878676438
25950,GOF,0.3101140725175143,0.38854970698142555,0.3013362205010602
25951,LOF,0.20611688527275016,0.26562285519610074,0.5282602595311492
25952,LOF,0.04449134020994493,0.4742881168315914,0.48122054295846367
25953,LOF,0.14055736828846838,0.10876863485364674,0.7506739968578849
25954,Neutral,0.45821012667648237,0.17576490868441466,0.36602496463910295
25955,LOF,0.05424179325243828,0.08432927797738199,0.8614289287701797
25956,LOF,0.1817148253186874,0.11134847327383339,0.7069367014074792
25957,LOF,0.03876557215546936,0.028485333059123718,0.9327490947854069
25958,LOF,0.05830401077161989,0.02966675192616805,0.9120292373022122
25959,LOF,0.07481600060344641,0.3669723525643692,0.5582116468321844
25960,LOF,0.017138737910665034,0.05180247364030731,0.9310587884490276
25961,LOF,0.0440562099638539,0.03080753971910612,0.9251362503170399
25962,LOF,0.05333387456651947,0.026200732919262937,0.9204653925142176
25963,LOF,0.05018544060073005,0.18558772185474484,0.7642268375445251
25964,LOF,0.03305066704750501,0.14558175014433905,0.8213675828081559
25965,LOF,0.423366176062582,0.07078809684169053,0.5058457270957275
25966,Neutral,0.5497736703617455,0.17083396791267585,0.27939236172557863
25967,LOF,0.01776923277484344,0.10315329299874164,0.8790774742264149
25968,LOF,0.024983947137012588,0.42138373177821425,0.5536323210847731
25969,LOF,0.025378883079967073,0.0691412698101421,0.9054798471098908
25970,LOF,0.06166704081276909,0.05646981864496023,0.8818631405422708
25971,LOF,0.06723262995279672,0.018189736795139747,0.9145776332520635
25972,LOF,0.06610612719883906,0.026773565637598123,0.9071203071635627
25973,LOF,0.06814134218776026,0.010105385666583136,0.9217532721456565
25974,LOF,0.20063166018185885,0.018327987706066456,0.7810403521120747
25975,LOF,0.04004578294974813,0.026529009332423636,0.9334252077178282
25976,LOF,0.03969259586925611,0.016297192476590873,0.9440102116541531
25977,LOF,0.16177505577036258,0.07860369560044654,0.7596212486291908
25978,LOF,0.14591451007046727,0.0634781863888926,0.79060730354064
25979,LOF,0.13461968175673758,0.06256937154463568,0.8028109466986267
25980,LOF,0.21847088872005607,0.07807259757847132,0.7034565137014726
25981,LOF,0.2539683289140888,0.07614631206163727,0.6698853590242739
25982,LOF,0.41315856224551845,0.05245069280073924,0.5343907449537423
25983,LOF,0.3924664561684792,0.06125822160679382,0.546275322224727
25984,LOF,0.046914057924486774,0.04304431041758263,0.9100416316579305
25985,LOF,0.0412320654049659,0.2589851973805888,0.6997827372144453
25986,LOF,0.049530524964074,0.29572851261427646,0.6547409624216495
25987,LOF,0.08175721860346881,0.06451041444655738,0.8537323669499738
25988,LOF,0.15281874406226284,0.052806457242889814,0.7943747986948473
25989,LOF,0.03481026093503857,0.1272656960155686,0.8379240430493928
25990,LOF,0.04873923158772121,0.14414487168201431,0.8071158967302645
25991,LOF,0.11610356477251867,0.3233361300591646,0.5605603051683168
25992,LOF,0.2845473234788407,0.19072670848596487,0.5247259680351943
25993,LOF,0.022141963557338173,0.07842600178689302,0.8994320346557688
25994,LOF,0.015732924762938767,0.10035432266840374,0.8839127525686575
25995,LOF,0.023208289710354744,0.22403273497395224,0.752758975315693
25996,GOF,0.25330812093779953,0.534548517856616,0.21214336120558452
25997,LOF,0.06606218174100656,0.4402319433697586,0.49370587488923473
25998,Neutral,0.526551434462461,0.026545812079394274,0.44690275345814473
25999,LOF,0.09779794639691736,0.09532990810124896,0.8068721455018337
26000,LOF,0.1449290476416417,0.04566049177606555,0.8094104605822927
26001,LOF,0.18558193438462015,0.0565340316596918,0.7578840339556882
26002,LOF,0.14425676710456461,0.05113961422032526,0.8046036186751102
26003,GOF,0.01107484029036937,0.5916040176562611,0.39732114205336955
26004,GOF,0.019864421654271606,0.6747227486779215,0.3054128296678068
26005,LOF,0.006893326207633327,0.45539314309828777,0.5377135306940789
26006,Neutral,0.5091680816108853,0.26082673479724305,0.23000518359187155
26007,GOF,0.02260694589795789,0.5210786538826053,0.45631440021943676
26008,GOF,0.015870362221062317,0.6074195588945631,0.3767100788843746
26009,GOF,0.020735919064627985,0.702397824156783,0.27686625677858906
26010,GOF,0.020605531130446907,0.6539615450448202,0.32543292382473304
26011,LOF,0.006696741601338865,0.45763485934231896,0.5356683990563422
26012,GOF,0.012515260556535382,0.5482781603952427,0.43920657904822197
26013,GOF,0.019555516844560545,0.6417622452220229,0.3386822379334166
26014,LOF,0.04059077114925656,0.11643375889879871,0.8429754699519448
26015,LOF,0.1862329677951902,0.01310171929208333,0.8006653129127266
26016,LOF,0.20706901378221418,0.053105520670094705,0.739825465547691
26017,LOF,0.2399084511812844,0.08923653316475579,0.6708550156539598
26018,LOF,0.09432407082513322,0.03199470456463012,0.8736812246102368
26019,LOF,0.08766225431557591,0.02485995186324084,0.8874777938211833
26020,LOF,0.06446820705330246,0.11399584826013408,0.8215359446865634
26021,LOF,0.04723510253916779,0.10940886296627121,0.843356034494561
26022,LOF,0.0108078536032303,0.039820091184985036,0.9493720552117847
26023,LOF,0.07662360666679215,0.018548243920354538,0.9048281494128533
26024,LOF,0.03045962435351307,0.11521725274064239,0.8543231229058446
26025,LOF,0.1669225217032491,0.08069091177814633,0.7523865665186046
26026,LOF,0.33101434534151375,0.025444030703444583,0.6435416239550417
26027,LOF,0.06891273578119785,0.014291888166161348,0.9167953760526407
26028,LOF,0.17213143589946397,0.0676230330477472,0.7602455310527888
26029,LOF,0.07197310731374748,0.22120906433743268,0.7068178283488199
26030,LOF,0.02404013188540593,0.06482319464821941,0.9111366734663746
26031,LOF,0.026068143917720922,0.16707798373585298,0.8068538723464261
26032,LOF,0.06961776118215232,0.10355147053186503,0.8268307682859827
26033,LOF,0.08397957503415096,0.09984048988914979,0.8161799350766993
26034,LOF,0.042777071105553795,0.18770559527249586,0.7695173336219504
26035,LOF,0.02495146028515481,0.17942886099437,0.7956196787204752
26036,LOF,0.03782836882722845,0.21016721350396003,0.7520044176688115
26037,LOF,0.02101890136114477,0.1473541296757968,0.8316269689630584
26038,LOF,0.06504299696348567,0.10766735945671534,0.827289643579799
26039,LOF,0.0508619407312108,0.1806671660271206,0.7684708932416686
26040,LOF,0.21143646994389384,0.14661807912499358,0.6419454509311127
26041,LOF,0.02231951794063888,0.13095150474063605,0.846728977318725
26042,LOF,0.02036168421502982,0.12345816305432811,0.8561801527306421
26043,LOF,0.0661924521817294,0.12595702602742082,0.8078505217908498
26044,LOF,0.020420414959862267,0.07881369996102923,0.9007658850791085
26045,LOF,0.07603480505944202,0.11360819033803335,0.8103570046025247
26046,LOF,0.05867103360032692,0.09907780917061833,0.8422511572290546
26047,LOF,0.07630346434978573,0.10434298270739181,0.8193535529428225
26048,LOF,0.05247658549817398,0.04008794722992568,0.9074354672719003
26049,Neutral,0.9678915876576194,0.007207201330687091,0.02490121101169353
26050,Neutral,0.9541816634777989,0.009413118449205022,0.03640521807299626
26051,LOF,0.05399885852877739,0.2819088442882931,0.6640922971829295
26052,LOF,0.07058163149099445,0.31566663267361694,0.6137517358353887
26053,LOF,0.06075472477873527,0.1316987062007776,0.8075465690204872
26054,LOF,0.05385128656058853,0.016019856113797425,0.930128857325614
26055,LOF,0.0732123313861736,0.01391341210047505,0.9128742565133514
26056,LOF,0.0615767969206396,0.015933584400981544,0.922489618678379
26057,LOF,0.030218860983178802,0.012862896794034791,0.9569182422227864
26058,LOF,0.031106391746979142,0.010369259267893977,0.9585243489851268
26059,LOF,0.29250556105365755,0.01994027459146899,0.6875541643548735
26060,LOF,0.03793035925715836,0.1831348189465971,0.7789348217962445
26061,LOF,0.018135955787888933,0.009904218847203028,0.9719598253649081
26062,LOF,0.010705425782195336,0.015844215341044247,0.9734503588767603
26063,LOF,0.02083711109762922,0.010840694177908167,0.9683221947244626
26064,LOF,0.022359233179655134,0.0204796312717423,0.9571611355486026
26065,LOF,0.025793094822780225,0.010444510380738613,0.9637623947964812
26066,LOF,0.021259406665657187,0.010821135786179699,0.9679194575481632
26067,LOF,0.02555275810850294,0.00833234347540149,0.9661148984160955
26068,LOF,0.04425348576199404,0.026430587967029507,0.9293159262709765
26069,LOF,0.24125876802374221,0.017637307234954894,0.7411039247413028
26070,LOF,0.3570110692406657,0.014855162874258967,0.6281337678850754
26071,LOF,0.020621506915341467,0.011729836570272446,0.9676486565143861
26072,LOF,0.023124142171478457,0.014944175160749243,0.9619316826677723
26073,LOF,0.021989317349690212,0.009984237031523869,0.9680264456187859
26074,Neutral,0.8980472565463012,0.005279329369809067,0.09667341408388962
26075,LOF,0.044941918467927784,0.01366434068350932,0.941393740848563
26076,LOF,0.03976577799057023,0.00897942796076369,0.951254794048666
26077,LOF,0.010189337700534299,0.01429782984705682,0.9755128324524088
26078,LOF,0.013140131678977984,0.01061585261493092,0.9762440157060912
26079,LOF,0.06079731774397938,0.01585278777269127,0.9233498944833293
26080,LOF,0.05953000179561453,0.01587860926329986,0.9245913889410855
26081,LOF,0.03240636682511396,0.006223432411772223,0.9613702007631139
26082,LOF,0.014712345380986196,0.014505487347384388,0.9707821672716294
26083,LOF,0.18049428417523447,0.012779218914631062,0.8067264969101344
26084,LOF,0.046893245630221236,0.010682526055438396,0.9424242283143404
26085,LOF,0.04228576402899809,0.010289388113431044,0.9474248478575709
26086,LOF,0.02112044165508353,0.010273021920916248,0.9686065364240002
26087,LOF,0.0243876403707496,0.007475054713907457,0.9681373049153429
26088,LOF,0.014979304360678293,0.020239416666400663,0.964781278972921
26089,LOF,0.04454765392021974,0.02004889601629369,0.9354034500634865
26090,LOF,0.04399567100572016,0.016538775323366138,0.9394655536709138
26091,LOF,0.03440922423651442,0.0058974092844737815,0.9596933664790118
26092,LOF,0.02271220779166701,0.00742075527326193,0.969867036935071
26093,LOF,0.03368042355356166,0.005645343833950746,0.9606742326124876
26094,LOF,0.0356871229035611,0.00552269132907566,0.9587901857673633
26095,LOF,0.041980177329286016,0.012093748134388453,0.9459260745363255
26096,LOF,0.017845661133463767,0.011473228220898203,0.970681110645638
26097,LOF,0.011724997815516402,0.03112900297464211,0.9571459992098414
26098,LOF,0.07556829159674472,0.009694835747550538,0.9147368726557048
26099,LOF,0.021616368469567566,0.01133598939509549,0.967047642135337
26100,LOF,0.024154064844794033,0.0109837007973013,0.9648622343579045
26101,LOF,0.04998629313036784,0.01429242345372941,0.9357212834159029
26102,LOF,0.02088715891908645,0.011715491901579831,0.9673973491793336
26103,Neutral,0.8847286658832427,0.017501674353404474,0.09776965976335267
26104,LOF,0.0824597274467607,0.02291193433412794,0.8946283382191115
26105,LOF,0.21451207226970564,0.261737030386222,0.5237508973440724
26106,LOF,0.20102753967927892,0.1104033367064569,0.6885691236142641
26107,LOF,0.22881081359051123,0.09329341323957038,0.6778957731699184
26108,LOF,0.27111046337232875,0.11178347641071353,0.6171060602169577
26109,LOF,0.1048301654472159,0.05628715102126292,0.8388826835315212
26110,LOF,0.22586370307622614,0.008587500614072978,0.7655487963097009
26111,Neutral,0.5257243551200393,0.025597295472033533,0.44867834940792706
26112,LOF,0.03406048139101845,0.008883116716756108,0.9570564018922254
26113,LOF,0.0676050336744608,0.020511604913503404,0.9118833614120357
26114,LOF,0.02407742147528742,0.027008967355531942,0.9489136111691806
26115,LOF,0.08902127399866562,0.05531948303230313,0.8556592429690312
26116,LOF,0.06825356001805565,0.06596008931293815,0.8657863506690062
26117,LOF,0.4397705459793871,0.03932465734604543,0.5209047966745675
26118,LOF,0.0339290140099373,0.02500976729761162,0.9410612186924512
26119,LOF,0.023398011957975924,0.03854605756965472,0.9380559304723692
26120,LOF,0.027571283188753196,0.020282301226440473,0.9521464155848064
26121,LOF,0.0451882463956787,0.08637474364417241,0.8684370099601489
26122,LOF,0.04410454821855655,0.03819024140179103,0.9177052103796524
