feature0,prediction,LoGoFunc_Neutral,LoGoFunc_GOF,LoGoFunc_LOF
25546,Neutral,0.6335722907370631,0.06142415610717613,0.3050035531557606
25547,Neutral,0.4830825647075911,0.11362818624738016,0.4032892490450287
25548,Neutral,0.4988801719205471,0.08798227508254526,0.4131375529969076
25549,LOF,0.4203554120724115,0.0923063188761106,0.48733826905147787
25550,LOF,0.3475784679591609,0.13289659189040087,0.5195249401504383
25551,LOF,0.31409064086038124,0.1370127041519644,0.5488966549876544
25552,LOF,0.26850873153857485,0.12632148759751857,0.6051697808639066
25553,Neutral,0.8160073302851166,0.04869337608236548,0.13529929363251794
25554,LOF,0.3145086924140414,0.11782909886884656,0.567662208717112
25555,LOF,0.26441383212656167,0.1122316274119718,0.6233545404614665
25556,Neutral,0.46040062348752364,0.10496756658065587,0.4346318099318205
25557,LOF,0.2506263745211615,0.11717380473600471,0.6321998207428339
25558,LOF,0.310610996782293,0.11717861643094052,0.5722103867867664
25559,LOF,0.18063301248799885,0.14754745365958155,0.6718195338524197
25560,LOF,0.15152938158621365,0.1059570043418587,0.7425136140719276
25561,LOF,0.15809028341225215,0.10432243458319897,0.7375872820045489
25562,LOF,0.07570972995163484,0.06915599323816411,0.855134276810201
25563,LOF,0.02024699767474099,0.1394660051022216,0.8402869972230375
25564,LOF,0.22323073019866413,0.11371277677822544,0.6630564930231104
25565,LOF,0.20445686436344146,0.13153791538895573,0.6640052202476029
25566,GOF,0.0977957835306556,0.7151885966967894,0.1870156197725551
25567,LOF,0.03752291050172542,0.11875892487812598,0.8437181646201485
25568,LOF,0.05927141423250665,0.06406713986287658,0.8766614459046167
25569,LOF,0.06143237050727862,0.06497554271518004,0.8735920867775413
25570,LOF,0.02563385492680824,0.0919508980851328,0.882415246988059
25571,LOF,0.024958234045562414,0.09710006655657838,0.8779416993978593
25572,LOF,0.057516918928752034,0.10841166019934491,0.8340714208719032
25573,LOF,0.05515270777831037,0.07834820591831172,0.866499086303378
25574,LOF,0.05189272305628201,0.18698014686948175,0.7611271300742362
25575,LOF,0.02156055632878415,0.10395045712857519,0.8744889865426406
25576,LOF,0.03176661795481866,0.13788553160781986,0.8303478504373615
25577,LOF,0.030777912818866084,0.10581572331881021,0.8634063638623237
25578,LOF,0.3081535777827082,0.0716088834436345,0.6202375387736574
25579,LOF,0.13607471406716448,0.07937939020146866,0.7845458957313668
25580,LOF,0.019513198348929405,0.07207792612059169,0.9084088755304789
25581,LOF,0.05705446659198814,0.05876989180068866,0.8841756416073231
25582,LOF,0.05696410187618013,0.057392592429854,0.8856433056939659
25583,LOF,0.01945583773871802,0.07546914949066967,0.9050750127706123
25584,Neutral,0.674416278383767,0.09963557527436342,0.22594814634186952
25585,LOF,0.029691915970306314,0.11725657774057949,0.8530515062891142
25586,LOF,0.01722952750148444,0.06198557231128209,0.9207849001872335
25587,LOF,0.016539279726091427,0.05583742004315582,0.9276233002307528
25588,LOF,0.019515656908323888,0.06498598629259947,0.9154983567990767
25589,Neutral,0.5061705306902055,0.2020484104601859,0.29178105884960875
25590,LOF,0.04788842523764865,0.09461122907951669,0.8575003456828347
25591,LOF,0.10126313663883772,0.049851744778101045,0.8488851185830613
25592,LOF,0.05558390803582006,0.11169025553381721,0.8327258364303628
25593,LOF,0.13554691513208256,0.2357070551139285,0.628746029753989
25594,LOF,0.05024584294002305,0.10807518118479571,0.8416789758751813
25595,LOF,0.04905316093836126,0.07506282953561216,0.8758840095260266
25596,LOF,0.10199198364850323,0.043420750028602725,0.854587266322894
25597,LOF,0.07997625521307798,0.05024111974872388,0.8697826250381981
25598,LOF,0.050324551333212134,0.07797047730913433,0.8717049713576536
25599,GOF,0.01988997114529046,0.5130843491813556,0.46702567967335396
25600,GOF,0.167643391309706,0.49397651875714593,0.33838008993314816
25601,LOF,0.03482095405923667,0.43649210440510494,0.5286869415356584
25602,LOF,0.034665647979416354,0.07199265680288909,0.8933416952176946
25603,LOF,0.02746306647974894,0.03748104387794754,0.9350558896423035
25604,LOF,0.03019302920789136,0.07906064892158673,0.8907463218705219
25605,LOF,0.03307348075030617,0.20892425121410566,0.7580022680355882
25606,LOF,0.40466660612593797,0.12794149891106973,0.4673918949629922
25607,LOF,0.024148021377826456,0.20103673447162645,0.7748152441505471
25608,LOF,0.03380464509472726,0.06483187763418047,0.9013634772710923
25609,GOF,0.16073262817481052,0.5460127268452813,0.293254644979908
25610,LOF,0.014869288722184265,0.02687445112321407,0.9582562601546017
25611,LOF,0.013651918654590367,0.03289388694029862,0.953454194405111
25612,LOF,0.04961146947056785,0.03912763496134294,0.9112608955680892
25613,LOF,0.047179949286700024,0.040030928683616206,0.9127891220296837
25614,LOF,0.020191218180229554,0.02425785129846528,0.9555509305213052
25615,LOF,0.04276816160015115,0.036007627260845686,0.9212242111390032
25616,LOF,0.044375411555448274,0.02873674555032067,0.9268878428942311
25617,LOF,0.03895275779346943,0.038700138188319924,0.9223471040182106
25618,LOF,0.05255684463405801,0.03531256081102695,0.9121305945549151
25619,LOF,0.014183032600134952,0.029615846673172505,0.9562011207266926
25620,LOF,0.061040933614995366,0.04306265916627415,0.8958964072187304
25621,LOF,0.05838112468520804,0.03458669646815668,0.9070321788466352
25622,LOF,0.06628276249373086,0.030678479459498604,0.9030387580467705
25623,LOF,0.06956213109448789,0.027339722978186185,0.9030981459273258
25624,LOF,0.01796139265001975,0.032870134432174715,0.9491684729178056
25625,LOF,0.06686197985123796,0.037575457247498015,0.895562562901264
25626,LOF,0.04590392090738727,0.03849202682092472,0.915604052271688
25627,Neutral,0.8935363585892269,0.019824297959147832,0.08663934345162531
25628,LOF,0.1236241512027689,0.0590774911515513,0.8172983576456798
25629,LOF,0.06682620497198466,0.04082316773416833,0.892350627293847
25630,LOF,0.28383047607275047,0.06890469728182,0.6472648266454295
25631,Neutral,0.5667017194216962,0.05678793100073129,0.37651034957757246
25632,LOF,0.027594628971556217,0.059101170401713934,0.9133042006267298
25633,LOF,0.2044849645009177,0.036424161460529195,0.7590908740385531
25634,LOF,0.03499081764305558,0.0794008586026885,0.8856083237542559
25635,LOF,0.03490162448403639,0.04507663347070283,0.9200217420452608
25636,LOF,0.03097077672483605,0.4814015884662589,0.4876276348089049
25637,GOF,0.06541558073539397,0.48404115616772575,0.4505432630968802
25638,LOF,0.03233692109764711,0.33020507016221684,0.637458008740136
25639,LOF,0.030506981925666456,0.3652749577644657,0.6042180603098679
25640,Neutral,0.8141473705072921,0.14200195396679835,0.043850675525909544
25641,LOF,0.0605638851966546,0.41885095164393976,0.5205851631594056
25642,LOF,0.042008546345499574,0.14487845592569218,0.8131129977288083
25643,LOF,0.19912760830119977,0.14443392303677297,0.6564384686620273
25644,GOF,0.021289127967001005,0.4939748638083089,0.48473600822469
25645,LOF,0.02143704158252795,0.4417891033115496,0.5367738551059225
25646,LOF,0.05427406599148433,0.32407055534578644,0.6216553786627294
25647,LOF,0.023574814862379494,0.26172659640185947,0.714698588735761
25648,LOF,0.03049863604466456,0.24017730863558154,0.729324055319754
25649,LOF,0.015400230219449251,0.23827685549615107,0.7463229142843997
25650,LOF,0.05218564672970166,0.4425421520212578,0.5052722012490406
25651,LOF,0.01627647146886966,0.2721735519401327,0.7115499765909976
25652,LOF,0.03003374947772921,0.2699776810961362,0.6999885694261346
25653,LOF,0.08883998869685351,0.4199533777370081,0.49120663356613836
25654,LOF,0.02404667973552304,0.18870109391731266,0.7872522263471642
25655,GOF,0.22662337825297366,0.4003882663859818,0.37298835536104447
25656,LOF,0.27366164782785757,0.05128153752453105,0.6750568146476114
25657,LOF,0.08042389895593194,0.05958373043819199,0.8599923706058762
25658,LOF,0.3950807905696038,0.05918554212516027,0.545733667305236
25659,Neutral,0.5218805526817247,0.08250793232698846,0.3956115149912867
25660,LOF,0.0248262071857622,0.08721863398761565,0.8879551588266221
25661,LOF,0.0926980521095442,0.06251734062829549,0.8447846072621602
25662,LOF,0.030593229790802638,0.03451042503504245,0.934896345174155
25663,LOF,0.038116498515590035,0.0470031096593151,0.9148803918250947
25664,LOF,0.14042964521719484,0.054903369821708535,0.8046669849610967
25665,LOF,0.05454095818980918,0.030161512254639367,0.9152975295555515
25666,LOF,0.0922728738637927,0.07045900915309228,0.837268116983115
25667,LOF,0.06337867978223936,0.0396565752634501,0.8969647449543104
25668,LOF,0.03417952170461172,0.05443015378859471,0.9113903245067937
25669,LOF,0.03172349579735113,0.059219820824686076,0.9090566833779627
25670,LOF,0.13602142403091438,0.04811427125020791,0.8158643047188776
25671,LOF,0.09445517477662439,0.03501923301527491,0.8705255922081007
25672,LOF,0.05228740274633006,0.04173524112751001,0.9059773561261599
25673,LOF,0.08223307345145935,0.0397932280296447,0.877973698518896
25674,LOF,0.07335158384733426,0.05071779681504652,0.8759306193376191
25675,LOF,0.11580363461665355,0.04988976226172089,0.8343066031216255
25676,LOF,0.016977570872086862,0.052740192513243515,0.9302822366146696
25677,LOF,0.024201844558770957,0.07429718925341137,0.9015009661878177
25678,LOF,0.17486182918139095,0.06536582258740349,0.7597723482312055
25679,LOF,0.11534349376768703,0.08130745282160556,0.8033490534107075
25680,LOF,0.02777485122821928,0.12237825403940773,0.8498468947323731
25681,LOF,0.04375507370876254,0.11162096131358898,0.8446239649776485
25682,LOF,0.13135382481809552,0.07293730904133984,0.7957088661405646
25683,LOF,0.12065206088397144,0.09509208757772065,0.7842558515383078
25684,LOF,0.040831973933342466,0.06959743697859487,0.8895705890880627
25685,LOF,0.13399688174767413,0.053121085764204275,0.8128820324881215
25686,LOF,0.06949692394871569,0.0957670020688685,0.8347360739824159
25687,LOF,0.1251994832542757,0.0908668897983303,0.7839336269473939
25688,LOF,0.3158579610291327,0.029262039674652338,0.654879999296215
25689,LOF,0.24191518380680418,0.03394018153565482,0.724144634657541
25690,LOF,0.37248008090303597,0.027564463738099874,0.5999554553588643
25691,Neutral,0.7092748615399016,0.02140711880218526,0.26931801965791324
25692,LOF,0.32641070360398583,0.009487512772006136,0.6641017836240081
25693,LOF,0.044426641948710516,0.47019287889252603,0.48538047915876353
25694,LOF,0.11461584422548021,0.01887305366540397,0.8665111021091159
25695,LOF,0.115020659903236,0.015968782605242145,0.8690105574915218
25696,LOF,0.10489507326692078,0.009615478885042626,0.8854894478480366
25697,LOF,0.12280510624417713,0.03127768327514189,0.845917210480681
25698,LOF,0.3220608072060486,0.2302367806500609,0.44770241214389045
25699,LOF,0.4149678136794512,0.04235487122774401,0.5426773150928048
25700,LOF,0.058732397938159986,0.007573127777169807,0.9336944742846702
25701,LOF,0.1590678364403643,0.045002834362618295,0.7959293291970173
25702,GOF,0.16680439931098015,0.5701561447782212,0.2630394559107988
25703,LOF,0.015905957226376034,0.17468308134845972,0.8094109614251642
25704,LOF,0.04700669829447533,0.1303314853228289,0.8226618163826959
25705,LOF,0.05629768003327591,0.2018326816867276,0.7418696382799965
25706,LOF,0.09202552461779362,0.38912500441603426,0.5188494709661722
25707,LOF,0.08699681813639204,0.29834770439860053,0.6146554774650074
25708,LOF,0.030945863038699423,0.25232463264677546,0.7167295043145251
25709,LOF,0.06028538121244627,0.04180221666265791,0.8979124021248958
25710,LOF,0.011608662820173338,0.13824021126205363,0.850151125917773
25711,LOF,0.017722784805057887,0.10362743209329926,0.8786497831016428
25712,LOF,0.013055542707380515,0.19127729685241113,0.7956671604402084
25713,LOF,0.018294696620568755,0.08545582608858804,0.8962494772908433
25714,LOF,0.0653132725568784,0.08425800579706516,0.8504287216460564
25715,LOF,0.010605263094589484,0.16175959106036522,0.8276351458450453
25716,LOF,0.01368611127176682,0.1170753252875885,0.8692385634406445
25717,LOF,0.013986823243983076,0.07691758808776446,0.9090955886682525
25718,LOF,0.01254272858165388,0.10522266857019595,0.8822346028481501
25719,LOF,0.018818725395288605,0.0840721112265418,0.8971091633781697
25720,LOF,0.021606691312133323,0.07368228636624687,0.9047110223216198
25721,LOF,0.015666589670740663,0.11283416992281708,0.8714992404064422
25722,LOF,0.0134827300140895,0.13127766431824625,0.8552396056676642
25723,LOF,0.021887597552922026,0.045590135633801945,0.9325222668132761
25724,LOF,0.02096775544855349,0.08951738978364249,0.8895148547678041
25725,LOF,0.011669681523646896,0.07396732331455881,0.9143629951617943
25726,LOF,0.014769369246681804,0.10072112881961504,0.8845095019337033
25727,LOF,0.013389152899011835,0.07713258133366921,0.9094782657673189
25728,LOF,0.00976402240572849,0.12102242753806389,0.8692135500562076
25729,LOF,0.009985730115806873,0.11615045801958163,0.8738638118646115
25730,LOF,0.013647233721015672,0.08474068368111777,0.9016120825978666
25731,LOF,0.01996000642949401,0.1132675551683665,0.8667724384021396
25732,LOF,0.014319591726209575,0.08574940841197183,0.8999309998618187
25733,LOF,0.016311975054780173,0.07672700184326132,0.9069610231019585
25734,LOF,0.012354341525346662,0.128520873610935,0.8591247848637183
25735,LOF,0.013955683582607493,0.08728325146763048,0.898761064949762
25736,LOF,0.014107255937011995,0.11219596706701916,0.8736967769959688
25737,LOF,0.020922599044229172,0.08926968018150708,0.8898077207742638
25738,LOF,0.012614530178151772,0.11816262612992136,0.8692228436919268
25739,LOF,0.020409376948333058,0.09079910919313608,0.8887915138585308
25740,LOF,0.025493176879988255,0.10665451858819433,0.8678523045318174
25741,LOF,0.01538931015211876,0.11235102315427276,0.8722596666936084
25742,LOF,0.11128985039691883,0.08406813743779613,0.804642012165285
25743,LOF,0.031836208171965454,0.030729818988886368,0.9374339728391481
25744,Neutral,0.6050621260811686,0.19929639076069608,0.1956414831581353
25745,LOF,0.07966727233539958,0.07275063881723583,0.8475820888473645
25746,LOF,0.041028527276360506,0.0843601421524722,0.8746113305711672
25747,LOF,0.02346924678605074,0.04256803098092215,0.9339627222330272
25748,LOF,0.10785772476955152,0.06792509918336065,0.8242171760470879
25749,LOF,0.02769040455771124,0.08343858834531896,0.8888710070969698
25750,LOF,0.08021458852672197,0.08805937429806987,0.8317260371752081
25751,LOF,0.09815906451299732,0.06660155370476925,0.8352393817822334
25752,GOF,0.10694014794461429,0.670525361178349,0.22253449087703675
25753,LOF,0.01869124426021681,0.2665366212291641,0.714772134510619
25754,GOF,0.010835948713365979,0.7885438891181298,0.20062016216850412
25755,LOF,0.02318357132836812,0.37377283808326367,0.6030435905883682
25756,LOF,0.04128189215720663,0.3767855621030255,0.5819325457397678
25757,GOF,0.012802538756043242,0.8249103901996003,0.16228707104435627
25758,GOF,0.0274080014558008,0.8312612932517681,0.14133070529243116
25759,GOF,0.011025339157112056,0.559788570199523,0.42918609064336494
25760,LOF,0.011694752402752721,0.2309428049183428,0.7573624426789045
25761,GOF,0.270091913469627,0.634517858609815,0.0953902279205579
25762,LOF,0.03470622807072817,0.2633672524469351,0.7019265194823368
25763,LOF,0.01254646699597582,0.20115655271795538,0.7862969802860688
25764,GOF,0.07357145082970015,0.6295904352483085,0.2968381139219914
25765,GOF,0.03753470701556167,0.7690873796590861,0.19337791332535229
25766,GOF,0.06243602148815757,0.7588241531296311,0.1787398253822114
25767,GOF,0.1760330641013059,0.46210836985722337,0.36185856604147065
25768,LOF,0.09797421884856139,0.06431896185680466,0.837706819294634
25769,LOF,0.07127864020045371,0.06759365058352561,0.8611277092160208
25770,LOF,0.28085499000925535,0.09452944138920086,0.6246155686015438
25771,LOF,0.04091442659479444,0.045602583656636206,0.9134829897485693
25772,LOF,0.01649802649760356,0.03474982091429392,0.9487521525881025
25773,LOF,0.045328877998785204,0.08510681703091727,0.8695643049702976
25774,LOF,0.027726061095023142,0.07766123655177753,0.8946127023531992
25775,LOF,0.05211628807102341,0.042834055141875146,0.9050496567871015
25776,LOF,0.06914435080642554,0.02502970360441524,0.9058259455891592
25777,LOF,0.33404120291341755,0.052392977565225554,0.6135658195213569
25778,LOF,0.06615934400495826,0.05119261078179297,0.8826480452132488
25779,GOF,0.3641735677716818,0.5952102627905531,0.04061616943776509
25780,GOF,0.2911220715298552,0.6431973045664624,0.06568062390368244
25781,GOF,0.1450143625605749,0.7552110918799454,0.09977454555947966
25782,GOF,0.21461762023973988,0.722496466638844,0.06288591312141605
25783,GOF,0.027529322367784412,0.6471022303449419,0.3253684472872737
25784,GOF,0.4842676051122413,0.484966454150228,0.03076594073753076
25785,GOF,0.45607357453303443,0.5086167663267908,0.035309659140174775
25786,GOF,0.03082669210711018,0.7678180079246211,0.20135529996826884
25787,Neutral,0.6453262081216214,0.3324209933356287,0.022252798542749898
25788,LOF,0.048616520633126534,0.10991040466362102,0.8414730747032524
25789,GOF,0.20392579685245768,0.6769520863467666,0.11912211680077567
25790,GOF,0.22515140990646065,0.6786175582120748,0.09623103188146453
25791,GOF,0.15273588094462207,0.6855872099288274,0.16167690912655053
25792,GOF,0.3279831370863353,0.5569852646292902,0.11503159828437443
25793,GOF,0.25521759985349535,0.5583161228736219,0.18646627727288267
25794,GOF,0.29319105937948237,0.5549295592865084,0.15187938133400924
25795,GOF,0.08308086341401326,0.6995547561395757,0.21736438044641093
25796,Neutral,0.5406407763166545,0.38254007044464367,0.07681915323870173
25797,GOF,0.09494064282207523,0.5674376149871909,0.33762174219073393
25798,GOF,0.008621272142331899,0.5374141222718212,0.45396460558584695
25799,LOF,0.00720219361823206,0.4207614069992287,0.5720363993825393
25800,GOF,0.03391342866709079,0.6142734826611742,0.35181308867173516
25801,GOF,0.1875304883279607,0.6959968486391165,0.1164726630329228
25802,GOF,0.07069639791336453,0.7124863609333613,0.2168172411532742
25803,GOF,0.03506263817415973,0.597992780728463,0.36694458109737726
25804,GOF,0.031968196124296966,0.5008092683714573,0.4672225355042457
25805,GOF,0.10167379903651627,0.6178523569898494,0.2804738439736344
25806,GOF,0.09792958584490723,0.6150338922107745,0.28703652194431833
25807,GOF,0.021180919470485084,0.6453838670645867,0.3334352134649282
25808,GOF,0.09265320064828154,0.6556810116408882,0.25166578771083026
25809,GOF,0.01708063820715215,0.6119027887097996,0.37101657308304814
25810,GOF,0.016342692529102535,0.6427911931011526,0.34086611436974484
25811,GOF,0.44890116060119484,0.4799632610659818,0.07113557833282337
25812,GOF,0.03068852229848387,0.6706903727710909,0.2986211049304252
25813,Neutral,0.5096690457289982,0.40731367850207645,0.08301727576892529
25814,GOF,0.109800061268208,0.6779611515378333,0.21223878719395872
25815,GOF,0.18212331379958702,0.6607188804936479,0.15715780570676513
25816,GOF,0.022693466000787282,0.7261370448618122,0.2511694891374005
25817,GOF,0.2324788537534944,0.6560876035420012,0.11143354270450428
25818,GOF,0.05058434433394744,0.6840491823367955,0.26536647332925717
25819,GOF,0.35994301250920796,0.5148715501678731,0.12518543732291895
25820,GOF,0.1935079784357928,0.6165539455718626,0.18993807599234475
25821,GOF,0.06216115420091099,0.684924373369752,0.25291447242933696
25822,GOF,0.21193696976660684,0.5962075200168057,0.19185551021658745
25823,GOF,0.03228612917020785,0.5641766013084621,0.40353726952133
25824,GOF,0.08896451607091939,0.6347005544668968,0.2763349294621838
25825,GOF,0.03399478990313303,0.6358394324010603,0.3301657776958067
25826,GOF,0.015426078523181522,0.6256680280149258,0.3589058934618926
25827,GOF,0.024757026024166313,0.6202748286614423,0.3549681453143913
25828,GOF,0.013614802875600922,0.5442667459056277,0.4421184512187713
25829,GOF,0.005698693741100648,0.6046451594258999,0.38965614683299943
25830,LOF,0.03479647608221727,0.27909302897097016,0.6861104949468126
25831,GOF,0.20136254579936486,0.697449379604673,0.10118807459596209
25832,GOF,0.03734279402683793,0.7529624818053121,0.2096947241678499
25833,GOF,0.1195268385964683,0.7520050583108736,0.12846810309265802
25834,GOF,0.03438983341331278,0.7609363429362536,0.2046738236504337
25835,GOF,0.06950979417473299,0.7943103368545672,0.1361798689706997
25836,GOF,0.033554643481626026,0.7288828701769825,0.23756248634139138
25837,GOF,0.03027690200678204,0.6379519789417515,0.3317711190514664
25838,GOF,0.09646064363265226,0.782995298846508,0.12054405752083971
25839,GOF,0.29617134344428325,0.5976705891583076,0.10615806739740913
25840,GOF,0.24991947677508997,0.6355556539451244,0.11452486927978554
25841,GOF,0.24822965753883558,0.6488753277662708,0.1028950146948936
25842,GOF,0.14333347023265272,0.7456276871757828,0.11103884259156449
25843,GOF,0.20134715792932828,0.7209028674800714,0.0777499745906003
25844,GOF,0.06511378009563863,0.7531904407630794,0.18169577914128193
25845,GOF,0.018160922575322914,0.5394571207300526,0.44238195669462443
25846,GOF,0.126178887130204,0.7559752923588292,0.11784582051096668
25847,GOF,0.11646999647476346,0.7919813093758409,0.09154869414939569
25848,GOF,0.04011953192423752,0.7240020517960989,0.23587841627966358
25849,GOF,0.010724169546967012,0.6185191295040552,0.3707567009489778
25850,GOF,0.021488956202084943,0.6758258681691782,0.30268517562873676
25851,GOF,0.016406382990518324,0.5503570392464979,0.4332365777629838
25852,GOF,0.1646307747624136,0.5731127915131317,0.2622564337244547
25853,GOF,0.33532828463987824,0.5982636101543047,0.06640810520581697
25854,GOF,0.023383196976556664,0.6476085701487664,0.3290082328746769
25855,GOF,0.0400372695872168,0.5871184928101567,0.37284423760262647
25856,GOF,0.24688946880388535,0.5631497791015331,0.1899607520945816
25857,GOF,0.041756023097420124,0.5315038580503729,0.42674011885220686
25858,GOF,0.023133354063195673,0.5830780615727204,0.3937885843640839
25859,GOF,0.010682100457644523,0.5535946374257105,0.43572326211664497
25860,GOF,0.34492850976465594,0.5774531500498957,0.07761834018544835
25861,GOF,0.40952852655807176,0.5323568922647843,0.05811458117714388
25862,GOF,0.08548476178860238,0.7944000168159223,0.12011522139547541
25863,GOF,0.08286022315019963,0.8049164958298637,0.1122232810199367
25864,GOF,0.21228801707695905,0.7261113286809621,0.06160065424207887
25865,GOF,0.089610070426853,0.8157833644457317,0.09460656512741515
25866,GOF,0.057972617644279516,0.8082950608567372,0.13373232149898318
25867,GOF,0.08861191431181419,0.823872920282868,0.08751516540531798
25868,GOF,0.2435987159556426,0.6680209411406411,0.08838034290371628
25869,Neutral,0.711833130083354,0.24703547566318731,0.041131394253458624
25870,GOF,0.2761439778864842,0.4263865917567923,0.2974694303567236
25871,GOF,0.22057276476771084,0.6702443974794073,0.10918283775288176
25872,GOF,0.07669565570377342,0.6792361604914997,0.24406818380472675
25873,GOF,0.11187595386891123,0.7163781854361614,0.17174586069492748
25874,LOF,0.015144464516265827,0.11235831461907249,0.8724972208646616
25875,LOF,0.08380634958974001,0.049949479877588916,0.8662441705326711
25876,LOF,0.03546071143839925,0.03318608997486917,0.9313531985867316
25877,Neutral,0.5304620467521807,0.045525170599404675,0.4240127826484146
25878,LOF,0.22386369085888969,0.10335504357189317,0.6727812655692172
25879,LOF,0.089594014938563,0.10082721608707866,0.8095787689743583
25880,LOF,0.0407335772909946,0.015721007164365097,0.9435454155446403
25881,LOF,0.1821158402899744,0.13190061554235416,0.6859835441676715
25882,LOF,0.06629630103469282,0.018047713664516653,0.9156559853007906
25883,LOF,0.06794281068280504,0.020002701330473688,0.9120544879867213
25884,LOF,0.03257573197142971,0.03071743922166054,0.9367068288069097
25885,LOF,0.06503644128319232,0.013855581087820389,0.9211079776289873
25886,LOF,0.2643756787317,0.036572884371602235,0.6990514368966978
25887,LOF,0.15521655807485152,0.0756866253649837,0.7690968165601648
25888,LOF,0.06517075216603009,0.06494595772965801,0.8698832901043119
25889,LOF,0.04223942777240643,0.0220009964774602,0.9357595757501334
25890,LOF,0.04642433918242415,0.16832083707476753,0.7852548237428082
25891,LOF,0.038913103933923374,0.054237988184356795,0.9068489078817199
25892,LOF,0.07987428072859476,0.022233011058832082,0.8978927082125732
25893,LOF,0.2541768608498893,0.01989780519790962,0.7259253339522012
25894,LOF,0.16983229119129695,0.01080809711027094,0.8193596116984322
25895,LOF,0.18694706529710178,0.02219492757265987,0.7908580071302383
25896,LOF,0.050813681321380845,0.01972523112052879,0.9294610875580903
25897,LOF,0.24452485439923405,0.012098862738792576,0.7433762828619733
25898,Neutral,0.6983372317201859,0.009833553334976337,0.29182921494483777
25899,LOF,0.21137442860116473,0.020239190661133995,0.7683863807377013
25900,LOF,0.4406808348808148,0.012705489657093137,0.546613675462092
25901,LOF,0.054145978038907354,0.011274194435201583,0.9345798275258911
25902,LOF,0.1566604332893358,0.013628210639184646,0.8297113560714795
25903,Neutral,0.5578671413414441,0.027012963170790116,0.41511989548776573
25904,LOF,0.32868985589134236,0.038266481877563104,0.6330436622310945
25905,LOF,0.027427926182569545,0.3100651790374481,0.6625068947799824
25906,LOF,0.033686693107122974,0.07062245135466963,0.8956908555382073
25907,LOF,0.01491512525395667,0.33934088435528265,0.6457439903907607
25908,LOF,0.010737761130801125,0.2593530370476972,0.7299092018215017
25909,LOF,0.01301333200874518,0.12169453120786575,0.8652921367833891
25910,LOF,0.052409162381275944,0.12751303439411985,0.8200778032246042
25911,LOF,0.1799628247596917,0.029921722235691676,0.7901154530046166
25912,LOF,0.045606802398269565,0.057222858965311665,0.8971703386364187
25913,LOF,0.32706010817479636,0.025427142210725093,0.6475127496144786
25914,LOF,0.01905470616971814,0.05718955997992905,0.9237557338503528
25915,Neutral,0.5759025003332838,0.14596598340974476,0.27813151625697147
25916,LOF,0.07777847165882783,0.1956237657955364,0.7265977625456357
25917,LOF,0.057900788487021154,0.04115089919250124,0.9009483123204777
25918,LOF,0.02021810758345369,0.032978959109629516,0.9468029333069168
25919,LOF,0.01728473260378842,0.034338223986506974,0.9483770434097046
25920,GOF,0.11571882378970834,0.5138069969823184,0.37047417922797343
25921,LOF,0.024624600564690763,0.040513283117418857,0.9348621163178903
25922,LOF,0.033059231047887716,0.028467531044005193,0.938473237908107
25923,Neutral,0.48173300056172785,0.04275486875757581,0.4755121306806964
25924,LOF,0.035631803997910924,0.047868625689181196,0.916499570312908
25925,LOF,0.06830656400533662,0.044638509956838365,0.887054926037825
25926,LOF,0.04935116488602985,0.0400646034628943,0.9105842316510758
25927,LOF,0.06284436583337845,0.13936245461777888,0.7977931795488427
25928,LOF,0.017766585202904472,0.05686904314282199,0.9253643716542734
25929,Neutral,0.6040043700914505,0.046148771170119576,0.34984685873842997
25930,LOF,0.06976685374014295,0.037959376719985095,0.892273769539872
25931,LOF,0.024150152826781145,0.03239123952331572,0.9434586076499031
25932,LOF,0.028204454512485745,0.02953543932755688,0.9422601061599573
25933,LOF,0.038772116911315345,0.020655106628322394,0.9405727764603623
25934,LOF,0.02426849904123968,0.021894251940301486,0.9538372490184589
25935,LOF,0.058356514144249735,0.06122908431823422,0.8804144015375159
25936,LOF,0.04258336432370055,0.026161377062298836,0.9312552586140005
25937,LOF,0.025417419649780868,0.03934046192494438,0.9352421184252747
25938,LOF,0.06198992124122091,0.06063793352744632,0.8773721452313328
25939,LOF,0.0384151848296052,0.0224009975977478,0.9391838175726469
25940,LOF,0.033054592724197605,0.33313032492854905,0.6338150823472533
25941,LOF,0.1726988024253516,0.10530711120593317,0.7219940863687153
25942,LOF,0.013957581468194697,0.036874468755599306,0.949167949776206
25943,LOF,0.28540880128019946,0.05604992764651579,0.6585412710732848
25944,Neutral,0.488492377444941,0.025272328167309857,0.4862352943877491
25945,LOF,0.07765056651211985,0.022569833730566303,0.8997795997573138
25946,LOF,0.032523289473858776,0.10795349528781098,0.8595232152383302
25947,LOF,0.11482074876341929,0.16733144924133883,0.7178478019952419
25948,LOF,0.3505328473252383,0.008481176854568642,0.640985975820193
25949,LOF,0.1214029757003321,0.033384205779177174,0.8452128185204907
25950,GOF,0.2957536506047267,0.35381122450449903,0.3504351248907742
25951,LOF,0.21606705904902027,0.25395554808570137,0.5299773928652783
25952,LOF,0.050783062023130876,0.4198047328579209,0.5294122051189483
25953,LOF,0.16451019566967695,0.1069722296379679,0.7285175746923552
25954,LOF,0.38601516663491753,0.16530953582734492,0.4486752975377377
25955,LOF,0.055988643572550935,0.07094344279293041,0.8730679136345187
25956,LOF,0.16568534829924902,0.12017284553186268,0.7141418061688882
25957,LOF,0.03769898409096699,0.03066516276182065,0.9316358531472123
25958,LOF,0.054799149468964276,0.03083977056442098,0.9143610799666148
25959,LOF,0.06451098422039574,0.3665967073202743,0.5688923084593299
25960,LOF,0.015821075056157173,0.05239767625216233,0.9317812486916804
25961,LOF,0.04083710879927544,0.029412276288883713,0.9297506149118409
25962,LOF,0.05467950929442744,0.022933773041649126,0.9223867176639234
25963,LOF,0.047965515228607807,0.19805375678421552,0.7539807279871767
25964,LOF,0.0330789826882257,0.14166840864437083,0.8252526086674035
25965,LOF,0.44694225435524987,0.060736944247293936,0.4923208013974564
25966,Neutral,0.5165008943668467,0.16417553200859644,0.3193235736245569
25967,LOF,0.016963197357542727,0.11442559301906993,0.8686112096233873
25968,LOF,0.03950470796640856,0.3831475657187153,0.5773477263148762
25969,LOF,0.032925375657549744,0.0673382264283097,0.8997363979141405
25970,LOF,0.06299764099376978,0.058128177455818796,0.8788741815504113
25971,LOF,0.06303834113252,0.023027553525209295,0.9139341053422707
25972,LOF,0.06499498023258418,0.03298723823362157,0.9020177815337942
25973,LOF,0.07497648072142926,0.00862051403976703,0.9164030052388037
25974,LOF,0.19514119821668707,0.014181794220430463,0.7906770075628825
25975,LOF,0.048498953157071735,0.024701244636911774,0.9267998022060165
25976,LOF,0.044282939491465646,0.016018634395707644,0.9396984261128266
25977,LOF,0.15162316213470553,0.0984420197109072,0.7499348181543872
25978,LOF,0.15854197268614068,0.0763521901411868,0.7651058371726726
25979,LOF,0.14497368936790292,0.07700303326004977,0.7780232773720472
25980,LOF,0.2514309492646064,0.0974094797440522,0.6511595709913414
25981,LOF,0.2839292380118333,0.09478241356932945,0.6212883484188372
25982,LOF,0.45141469080944163,0.06593270112091014,0.4826526080696483
25983,LOF,0.4372777401433418,0.07563911098801526,0.4870831488686429
25984,LOF,0.052638447573057724,0.044233998384028986,0.9031275540429132
25985,LOF,0.03521076455443113,0.29555698571065786,0.6692322497349109
25986,LOF,0.04116975634055772,0.32567689290175045,0.6331533507576919
25987,LOF,0.09519952576552897,0.06400237962137512,0.840798094613096
25988,LOF,0.16259371523365668,0.05866439063096548,0.7787418941353779
25989,LOF,0.037564766345486104,0.1179043052971063,0.8445309283574076
25990,LOF,0.03958384740416381,0.16444098232777185,0.7959751702680643
25991,LOF,0.12785035912937426,0.23518563090289216,0.6369640099677335
25992,LOF,0.30335157352161424,0.14177028876791303,0.5548781377104727
25993,LOF,0.02120152322086172,0.07136967912057782,0.9074287976585605
25994,LOF,0.016536462189616616,0.08904319448877042,0.8944203433216129
25995,LOF,0.022314385349193475,0.19801131137162678,0.7796743032791797
25996,GOF,0.3150501523606612,0.3579083883611994,0.32704145927813927
25997,LOF,0.07845235337362258,0.35056486384379815,0.5709827827825793
25998,Neutral,0.503797769151918,0.025846072734478448,0.4703561581136036
25999,LOF,0.10311310614418961,0.07801687811513106,0.8188700157406793
26000,LOF,0.13883163087034425,0.04937209042880247,0.8117962787008532
26001,LOF,0.19747627272547316,0.05235832334424866,0.7501654039302782
26002,LOF,0.12321470406409431,0.047233775014782695,0.8295515209211229
26003,GOF,0.010134163809487878,0.5798005685982124,0.41006526759229983
26004,GOF,0.019455436952309307,0.6749745960149683,0.3055699670327223
26005,LOF,0.006263084870356526,0.44606520929240684,0.5476717058372366
26006,Neutral,0.5111670319235168,0.2376420863124589,0.2511908817640242
26007,GOF,0.01924274920975125,0.5054082630447194,0.4753489877455293
26008,GOF,0.016255021260882296,0.6028084936468531,0.38093648509226463
26009,GOF,0.020357666816942146,0.6813585162075185,0.2982838169755394
26010,GOF,0.019588514907455615,0.6265317603444315,0.35387972474811286
26011,LOF,0.006173963144736702,0.42562843292023544,0.5681976039350278
26012,GOF,0.01110801519218875,0.5461126683465823,0.442779316461229
26013,GOF,0.018451715645107225,0.6065770189933258,0.3749712653615669
26014,LOF,0.04231813259953793,0.11054368970809575,0.8471381776923663
26015,LOF,0.1557291977370978,0.01610306766429067,0.8281677345986116
26016,LOF,0.209531864065428,0.05862014694612874,0.7318479889884433
26017,LOF,0.23012941986329738,0.100587128188256,0.6692834519484466
26018,LOF,0.08003198531736656,0.03788940471546797,0.8820786099671655
26019,LOF,0.07683303506964198,0.031042018540195858,0.8921249463901622
26020,LOF,0.06976788092365406,0.09937102748417662,0.8308610915921693
26021,LOF,0.04974880044724993,0.10935437673416931,0.8408968228185808
26022,LOF,0.010633341463239713,0.03873205048997031,0.9506346080467899
26023,LOF,0.0639308279926984,0.02348878444415031,0.9125803875631514
26024,LOF,0.030587969165909223,0.11845180109922697,0.8509602297348637
26025,LOF,0.15368694685251819,0.09750130720283766,0.7488117459446441
26026,LOF,0.33171223915164677,0.03200826350793866,0.6362794973404147
26027,LOF,0.06043250541859601,0.018413348009522053,0.921154146571882
26028,LOF,0.17411830656174462,0.059179888060517875,0.7667018053777376
26029,LOF,0.06690092669967772,0.18204157463209406,0.7510574986682282
26030,LOF,0.020720556746861747,0.05313640603963914,0.9261430372134991
26031,LOF,0.024036823265792286,0.13040380534126947,0.8455593713929384
26032,LOF,0.06375007222987415,0.08950294888207419,0.8467469788880516
26033,LOF,0.08384457910869443,0.08826863716690374,0.8278867837244017
26034,LOF,0.03922763319012457,0.14943175846620613,0.8113406083436694
26035,LOF,0.023949780594374498,0.14075315259423832,0.8352970668113872
26036,LOF,0.035724399190671795,0.16438260265671026,0.7998929981526179
26037,LOF,0.019200068769999818,0.11458484374413123,0.866215087485869
26038,LOF,0.05985678753480102,0.09302521362695917,0.8471179988382398
26039,LOF,0.049629886557915,0.1464351058383506,0.8039350076037344
26040,LOF,0.2037727076411617,0.14391753780600033,0.652309754552838
26041,LOF,0.019620854432815568,0.10509593322042646,0.875283212346758
26042,LOF,0.01808765095775089,0.10182554084176856,0.8800868082004805
26043,LOF,0.05993676749395743,0.10612566868858424,0.8339375638174583
26044,LOF,0.017619959747488097,0.061002790909134415,0.9213772493433774
26045,LOF,0.06183400882508049,0.09673492107570326,0.8414310700992161
26046,LOF,0.054593592743771874,0.08734243902757961,0.8580639682286486
26047,LOF,0.07224417579779513,0.09131431708708615,0.8364415071151188
26048,LOF,0.042801900130286966,0.04277256262268386,0.9144255372470292
26049,Neutral,0.9684082379200684,0.007012312724707952,0.024579449355223774
26050,Neutral,0.9527777073903799,0.009347338470383952,0.03787495413923608
26051,LOF,0.05039379767200312,0.27429074266396797,0.6753154596640291
26052,LOF,0.06635161454848958,0.3228114082792748,0.6108369771722356
26053,LOF,0.05538274700458047,0.13240421700256705,0.8122130359928526
26054,LOF,0.05132321606761891,0.017652912239047164,0.9310238716933339
26055,LOF,0.07167713564862403,0.015565143563478512,0.9127577207878975
26056,LOF,0.059045040221752255,0.017488811503874862,0.9234661482743729
26057,LOF,0.0321934788473039,0.011262674274022586,0.9565438468786736
26058,LOF,0.03323563607076296,0.008951160135419127,0.9578132037938178
26059,LOF,0.3063988700150014,0.02239710508723106,0.6712040248977675
26060,LOF,0.04494862541334568,0.1784628404001402,0.7765885341865142
26061,LOF,0.017098128448528937,0.011059889616736514,0.9718419819347346
26062,LOF,0.010366695076252293,0.016408209471775077,0.9732250954519726
26063,LOF,0.020933885744222298,0.010816256500830243,0.9682498577549474
26064,LOF,0.02055181159772544,0.02153831923997844,0.9579098691622961
26065,LOF,0.026313885158282414,0.011738121683557753,0.9619479931581598
26066,LOF,0.02069457676342244,0.010378586591851452,0.9689268366447262
26067,LOF,0.02547513041589088,0.008312121527147146,0.966212748056962
26068,LOF,0.04534472039140983,0.028393576137537554,0.9262617034710526
26069,LOF,0.2625094941842425,0.01719647727512137,0.7202940285406361
26070,LOF,0.4290945694498219,0.014724406752552795,0.5561810237976254
26071,LOF,0.020905935528873962,0.011646260505094657,0.9674478039660314
26072,LOF,0.0201882570717361,0.01775161249996244,0.9620601304283014
26073,LOF,0.020701171608344313,0.010475627854409097,0.9688232005372467
26074,Neutral,0.9138746621355426,0.0056485249157563954,0.08047681294870114
26075,LOF,0.04331258510543858,0.013996789026011794,0.9426906258685496
26076,LOF,0.0388899181688199,0.008624446718403575,0.9524856351127766
26077,LOF,0.009646655207448729,0.014418992494759293,0.975934352297792
26078,LOF,0.012878944226342035,0.011382111573603682,0.9757389442000542
26079,LOF,0.05865386736570786,0.016522147773675923,0.9248239848606163
26080,LOF,0.05752585216884782,0.01657492572176766,0.9258992221093845
26081,LOF,0.03364732022110248,0.006557478164097103,0.9597952016148004
26082,LOF,0.014304371682341522,0.015612231229357289,0.9700833970883012
26083,LOF,0.18160048965831765,0.013847925509640157,0.8045515848320423
26084,LOF,0.04221907935030601,0.010327166782452754,0.9474537538672413
26085,LOF,0.037873843024959906,0.009978309340420991,0.952147847634619
26086,LOF,0.020708638117227687,0.0104378211700492,0.968853540712723
26087,LOF,0.023680393024216616,0.007745840654936966,0.9685737663208464
26088,LOF,0.015216143992158024,0.02214550976369434,0.9626383462441477
26089,LOF,0.041189653614978304,0.021065429228748996,0.9377449171562727
26090,LOF,0.04161181948915789,0.017270906795728295,0.9411172737151138
26091,LOF,0.033380094554765115,0.006055262320471045,0.960564643124764
26092,LOF,0.02270065926653244,0.00762551401902985,0.9696738267144377
26093,LOF,0.03355138093935873,0.005685420167698307,0.9607631988929429
26094,LOF,0.0362172495670563,0.005799327727066023,0.9579834227058778
26095,LOF,0.0398973485497894,0.013585815091515957,0.9465168363586947
26096,LOF,0.01762891964762488,0.011710215992946176,0.970660864359429
26097,LOF,0.011943068086146431,0.03294686303652533,0.9551100688773282
26098,LOF,0.08361174055858539,0.010867116528030093,0.9055211429133845
26099,LOF,0.020966352272400405,0.0120988506125786,0.966934797115021
26100,LOF,0.02321037560736504,0.011653905033961472,0.9651357193586735
26101,LOF,0.047197388103967244,0.014554416457082,0.9382481954389508
26102,LOF,0.020631233301688406,0.012026953128777206,0.9673418135695343
26103,Neutral,0.8816831001147458,0.018077411639628237,0.10023948824562588
26104,LOF,0.08214697496769312,0.023656423262690476,0.8941966017696164
26105,LOF,0.20461058122812736,0.25258336026196576,0.5428060585099068
26106,LOF,0.18732622868710466,0.11119293658298501,0.7014808347299104
26107,LOF,0.23343972917967654,0.07355231275956092,0.6930079580607625
26108,LOF,0.2537036819006695,0.09719341219837936,0.6491029059009512
26109,LOF,0.09209639431066585,0.056226800718711716,0.8516768049706224
26110,LOF,0.21403404266654774,0.007866819131171116,0.778099138202281
26111,Neutral,0.5103655910194532,0.029148114995614437,0.46048629398493235
26112,LOF,0.031354646666947164,0.0074264692347627,0.9612188840982903
26113,LOF,0.06197059418463496,0.017468587918265405,0.9205608178970996
26114,LOF,0.024754155605903647,0.030555521639055307,0.9446903227550411
26115,LOF,0.08657060653060324,0.05345574773185117,0.8599736457375456
26116,LOF,0.06158619313316447,0.06640182615518665,0.8720119807116488
26117,LOF,0.4575141408989714,0.039592757524061224,0.5028931015769673
26118,LOF,0.03440395740707247,0.023104091760784033,0.9424919508321435
26119,LOF,0.023659243783097642,0.0351258458300115,0.9412149103868908
26120,LOF,0.026782868005547567,0.017615708427535275,0.9556014235669172
26121,LOF,0.047780169878378534,0.08489116750678624,0.8673286626148352
