feature0,prediction,LoGoFunc_Neutral,LoGoFunc_GOF,LoGoFunc_LOF
25546,Neutral,0.6245722907396146,0.04894691793190539,0.32648079132848007
25547,Neutral,0.5079121642920557,0.07695111497216021,0.4151367207357842
25548,Neutral,0.5105440296755492,0.07518012633316488,0.4142758439912859
25549,LOF,0.45522561711457504,0.0742581249318314,0.47051625795359353
25550,LOF,0.372964065024364,0.08569746866343754,0.5413384663121984
25551,LOF,0.32300171147040313,0.0882854147520483,0.5887128737775486
25552,LOF,0.29796373024373096,0.0970082947270886,0.6050279750291805
25553,Neutral,0.7926503327347731,0.04736500665724404,0.1599846606079829
25554,LOF,0.31543890328377255,0.08645021429194864,0.5981108824242788
25555,LOF,0.27158917223150403,0.08939389757376023,0.6390169301947357
25556,LOF,0.43945209717035105,0.08486277711562001,0.47568512571402893
25557,LOF,0.2594173865670273,0.08372697432894828,0.6568556391040244
25558,LOF,0.31671564716798367,0.07936083264477027,0.603923520187246
25559,LOF,0.26666633963381003,0.026436433130845295,0.7068972272353446
25560,LOF,0.09350673709480911,0.17194627816512753,0.7345469847400634
25561,LOF,0.08161297742102765,0.25978679872216587,0.6586002238568066
25562,LOF,0.03804626745695049,0.09909292705042154,0.862860805492628
25563,LOF,0.006906153008486585,0.2051407794905322,0.7879530675009812
25564,LOF,0.07034281156844488,0.14713429963477614,0.7825228887967791
25565,LOF,0.18715440017284207,0.141422709558508,0.67142289026865
25566,GOF,0.07158923849673966,0.8151581034129369,0.11325265809032342
25567,LOF,0.046640649080997555,0.1968049825807908,0.7565543683382117
25568,LOF,0.06370184384146886,0.11666409333052137,0.8196340628280099
25569,LOF,0.06875663165632237,0.10657707223923174,0.8246662961044459
25570,LOF,0.02634259463931953,0.15275738644564854,0.820900018915032
25571,LOF,0.026355910232060974,0.16086401254905242,0.8127800772188866
25572,LOF,0.055089212263564155,0.23550710618747017,0.7094036815489657
25573,LOF,0.07239413027302437,0.16236236846627636,0.7652435012606993
25574,LOF,0.09650186048005907,0.2682958339856807,0.6352023055342603
25575,LOF,0.024761135326492056,0.1722619670062965,0.8029768976672115
25576,LOF,0.024592750101220865,0.2804472602645884,0.6949599896341908
25577,LOF,0.027324188363967706,0.21325137846720368,0.7594244331688286
25578,LOF,0.3046738673153469,0.11114819180223377,0.5841779408824194
25579,LOF,0.20969739365815857,0.11073981008705217,0.6795627962547892
25580,LOF,0.023341047960848946,0.10788725919345425,0.8687716928456969
25581,LOF,0.04490539932366264,0.13116537651732402,0.8239292241590133
25582,LOF,0.04465468385098758,0.1274949481266402,0.8278503680223722
25583,LOF,0.034290284979489744,0.11966663861307013,0.8460430764074401
25584,Neutral,0.7085726919266195,0.14100072618896323,0.15042658188441718
25585,LOF,0.02488597850990471,0.2289605654640525,0.7461534560260427
25586,LOF,0.022260588314621174,0.1344999906719413,0.8432394210134375
25587,LOF,0.02148285089235731,0.13601256630957592,0.8425045827980667
25588,LOF,0.02710591133259961,0.10381021836541957,0.8690838703019808
25589,Neutral,0.5663211195663017,0.24044004103955194,0.1932388393941464
25590,LOF,0.058519391313314274,0.1695616987198083,0.7719189099668774
25591,LOF,0.10316800816411065,0.10718987679417613,0.7896421150417131
25592,LOF,0.08217737468921782,0.2119728968126893,0.7058497284980929
25593,LOF,0.13323647425672472,0.3864013069254444,0.4803622188178309
25594,LOF,0.04176004549806934,0.04097116572525429,0.9172687887766764
25595,LOF,0.044582102334425264,0.02386311896716304,0.9315547786984116
25596,LOF,0.11544411808880477,0.014179879540952062,0.8703760023702433
25597,LOF,0.08967205796152275,0.015937512533676233,0.8943904295048011
25598,LOF,0.044844810365995136,0.023777809894191003,0.9313773797398138
25599,LOF,0.03229547256265767,0.3443560600878207,0.6233484673495217
25600,LOF,0.1956748240320658,0.3381882245514788,0.46613695141645545
25601,LOF,0.049886712911081176,0.2725995119701302,0.6775137751187885
25602,LOF,0.027889707050616143,0.07816311517178322,0.8939471777776007
25603,LOF,0.05296434724886796,0.08654254036519539,0.8604931123859366
25604,LOF,0.052072331637669445,0.15539637830980987,0.7925312900525207
25605,LOF,0.04520724955491149,0.21534110037099752,0.7394516500740911
25606,Neutral,0.37438787966550857,0.32517971653752686,0.3004324037969646
25607,LOF,0.02904340066203363,0.2758151225000023,0.695141476837964
25608,LOF,0.047513135834957414,0.08378376869232229,0.8687030954727204
25609,GOF,0.18800110364616177,0.5359364989308134,0.2760623974230249
25610,LOF,0.023402524333450088,0.07617671116321756,0.9004207645033323
25611,LOF,0.016551312897652302,0.08312432897983207,0.9003243581225155
25612,LOF,0.0629601011352453,0.097019667777967,0.8400202310867876
25613,LOF,0.05577534295973678,0.09995819784257944,0.8442664591976836
25614,LOF,0.02644736796758112,0.07821813337465677,0.8953344986577622
25615,LOF,0.05932113521304464,0.07811244845042796,0.8625664163365273
25616,LOF,0.0646492664184812,0.08347994641361847,0.8518707871679004
25617,LOF,0.05137506935492215,0.09099139100364952,0.8576335396414283
25618,LOF,0.06491334479099412,0.15784277743283193,0.7772438777761739
25619,LOF,0.016243696590770986,0.11423954147133704,0.8695167619378921
25620,LOF,0.05098725909258889,0.0906313054785062,0.8583814354289049
25621,LOF,0.08452090673051174,0.08988944234471812,0.8255896509247701
25622,LOF,0.09576386393566562,0.09971252705465927,0.8045236090096751
25623,LOF,0.0841257526789968,0.0875143656255088,0.8283598816954943
25624,LOF,0.02457507771674764,0.07464378465783406,0.9007811376254182
25625,LOF,0.07986269703028413,0.09228238591535162,0.8278549170543643
25626,LOF,0.06079583287531593,0.09113887973933799,0.848065287385346
25627,Neutral,0.8763126101564794,0.021665518500376724,0.10202187134314371
25628,LOF,0.2149068238448844,0.04701223301434802,0.7380809431407677
25629,LOF,0.06822555285163005,0.05668228523966479,0.8750921619087051
25630,LOF,0.32311105995610856,0.05936128470175323,0.6175276553421382
25631,Neutral,0.5115007860957673,0.04072872552601382,0.4477704883782189
25632,LOF,0.03416024282174078,0.14354124480914837,0.8222985123691108
25633,LOF,0.18957252707242817,0.08214679662348855,0.7282806763040833
25634,LOF,0.04095497418893379,0.1353405968213788,0.8237044289896874
25635,LOF,0.03357030362599284,0.06554280182418185,0.9008868945498254
25636,GOF,0.03397057593657167,0.5337402773646164,0.43228914669881197
25637,GOF,0.03280358112923497,0.5443979218943098,0.4227984969764553
25638,LOF,0.019185873610936204,0.4275091123969663,0.5533050139920974
25639,LOF,0.026492626371754868,0.4333944041481589,0.5401129694800862
25640,Neutral,0.7788901324101496,0.16764434923217433,0.053465518357676094
25641,LOF,0.11172910714614141,0.34313188768692965,0.5451390051669288
25642,LOF,0.0976808002531109,0.19362196267093368,0.7086972370759553
25643,LOF,0.3361242662516689,0.11943630215535134,0.5444394315929797
25644,GOF,0.009716999486240224,0.6584843888766173,0.3317986116371424
25645,GOF,0.011750368652452837,0.5903383569007847,0.39791127444676233
25646,LOF,0.01763144717230104,0.3806604940990533,0.6017080587286456
25647,LOF,0.00940235718275721,0.30365037276739276,0.6869472700498501
25648,LOF,0.013794570703973644,0.3696700886960534,0.6165353405999731
25649,LOF,0.008635062233357093,0.27774786691440506,0.7136170708522379
25650,GOF,0.03833461079591531,0.5423287109340841,0.4193366782700006
25651,LOF,0.010660133510114706,0.3911392441675846,0.5982006223223006
25652,LOF,0.010839390525888438,0.41839915537349354,0.5707614541006181
25653,GOF,0.045117177967214664,0.5873119452892163,0.36757087674356903
25654,LOF,0.012483052429986824,0.3336693939252824,0.6538475536447308
25655,GOF,0.13252465381702325,0.6316329429228251,0.23584240326015166
25656,LOF,0.2004403950031449,0.058695400223775236,0.7408642047730798
25657,LOF,0.03084426793642956,0.06793961113362204,0.9012161209299483
25658,LOF,0.241938902259086,0.10086350389846122,0.6571975938424528
25659,LOF,0.3678842570694925,0.1250207371190828,0.5070950058114246
25660,LOF,0.02268214579501552,0.11696945618764432,0.8603483980173401
25661,LOF,0.07149414158356086,0.07303211957587989,0.8554737388405592
25662,LOF,0.0281823528246275,0.04349340422823403,0.9283242429471384
25663,LOF,0.030689413719148267,0.040356177266775914,0.9289544090140759
25664,LOF,0.09513297441999233,0.07146619537860362,0.833400830201404
25665,LOF,0.05297663457082374,0.036430323714229024,0.9105930417149471
25666,LOF,0.07329355047062835,0.05604515862355955,0.8706612909058121
25667,LOF,0.06149348316828588,0.0470539110761192,0.8914526057555948
25668,LOF,0.030129123278378103,0.05746614645861259,0.9124047302630093
25669,LOF,0.020520588105902477,0.053984871524847725,0.9254945403692497
25670,LOF,0.12622024353679206,0.052039568755647816,0.8217401877075601
25671,LOF,0.08633090696446692,0.04204279533010246,0.8716262977054307
25672,LOF,0.044288054606421205,0.05655142477901793,0.8991605206145609
25673,LOF,0.07966760106577445,0.04571373864045818,0.8746186602937674
25674,LOF,0.0749357135527212,0.06114892170180322,0.8639153647454755
25675,LOF,0.07002815925286399,0.07554779677500201,0.854424043972134
25676,LOF,0.016032394211937768,0.0676363938481609,0.9163312119399013
25677,LOF,0.015870482377638606,0.08712807747001883,0.8970014401523425
25678,LOF,0.17335630694000462,0.07926807945824847,0.747375613601747
25679,LOF,0.11506263832617818,0.09593984942840564,0.7889975122454163
25680,LOF,0.02007218762135122,0.1250860128798562,0.8548417994987926
25681,LOF,0.03473190362156671,0.1143444726346615,0.8509236237437718
25682,LOF,0.10786193196908324,0.0771496998717177,0.814988368159199
25683,LOF,0.0967197144968316,0.08816042051564456,0.8151198649875239
25684,LOF,0.02614848428318265,0.07322277301881598,0.9006287426980013
25685,LOF,0.11702382209572261,0.10614776815739735,0.77682840974688
25686,LOF,0.06928543334883447,0.21230190819688483,0.7184126584542807
25687,LOF,0.10475360664758224,0.18509496312011792,0.7101514302322998
25688,LOF,0.4579284560550278,0.0224962708777573,0.519575273067215
25689,LOF,0.27180696156573836,0.030379876537961287,0.6978131618963004
25690,LOF,0.3648151202300843,0.02223105347342366,0.6129538262964921
25691,Neutral,0.7553563303413884,0.019324816770459496,0.22531885288815215
25692,LOF,0.3463412800535761,0.009491344356503931,0.64416737558992
25693,GOF,0.03765182794514004,0.5619964118122727,0.4003517602425873
25694,LOF,0.10362275431094285,0.02004637684549086,0.8763308688435663
25695,LOF,0.10019863526129927,0.009958244085909595,0.8898431206527911
25696,LOF,0.10641206296397165,0.018083317111849732,0.8755046199241786
25697,LOF,0.046105943543629624,0.06379889766072332,0.890095158795647
25698,LOF,0.2461472516036104,0.19853620493542556,0.555316543460964
25699,LOF,0.34253230221519887,0.05309820459808213,0.604369493186719
25700,LOF,0.05616878915035191,0.011336472031507411,0.9324947388181406
25701,LOF,0.1755476418463271,0.04099102527758702,0.7834613328760859
25702,GOF,0.19443748090265123,0.6371002679431447,0.1684622511542041
25703,LOF,0.018850885356657923,0.17739977055262318,0.803749344090719
25704,LOF,0.03679601289890261,0.1507117144025994,0.812492272698498
25705,LOF,0.03288087821094332,0.08604757302089523,0.8810715487681614
25706,GOF,0.10441694786340243,0.5122735298610163,0.38330952227558146
25707,LOF,0.10381673575215891,0.3823884670058979,0.5137947972419432
25708,LOF,0.03855147932865769,0.41506230746696365,0.5463862132043786
25709,LOF,0.07879626678799737,0.0490220208001764,0.8721817124118263
25710,LOF,0.017900008698276137,0.16103498629922777,0.8210650050024961
25711,LOF,0.019829860356121606,0.09013886381836438,0.8900312758255141
25712,LOF,0.017971828781724937,0.19457663698074354,0.7874515342375316
25713,LOF,0.01906465682933417,0.07417863056332373,0.9067567126073421
25714,LOF,0.07728083905915069,0.06699770508060014,0.8557214558602492
25715,LOF,0.012193198966974118,0.11771133013786599,0.8700954708951598
25716,LOF,0.014027880231806893,0.12255556528005156,0.8634165544881416
25717,LOF,0.020586315057408187,0.07889117903818113,0.9005225059044107
25718,LOF,0.011582844873578257,0.05778560120732631,0.9306315539190954
25719,LOF,0.023485563544449833,0.093338836410099,0.8831756000454513
25720,LOF,0.030810532924060274,0.05219907802213687,0.9169903890538028
25721,LOF,0.01189190185110991,0.0907055264087302,0.8974025717401599
25722,LOF,0.014035383992678735,0.07700826802740836,0.908956347979913
25723,LOF,0.025667863970600478,0.0567112114772223,0.9176209245521771
25724,LOF,0.03483564095257786,0.09729434671456219,0.8678700123328599
25725,LOF,0.011328037566615256,0.09021251615821133,0.8984594462751734
25726,LOF,0.017950982636224112,0.12966074894414523,0.8523882684196307
25727,LOF,0.01463674118030069,0.07806171021617224,0.9073015486035271
25728,LOF,0.011033903239758837,0.10159180379589669,0.8873742929643446
25729,LOF,0.011353967580588207,0.09920820566808898,0.8894378267513228
25730,LOF,0.01521775323480707,0.09861261068380105,0.8861696360813919
25731,LOF,0.01993574029491086,0.12704516925144563,0.8530190904536434
25732,LOF,0.014782318003247055,0.05198327726388558,0.9332344047328673
25733,LOF,0.015430761158969587,0.06797733780572408,0.9165919010353063
25734,LOF,0.014094466701782408,0.14634980303997405,0.8395557302582435
25735,LOF,0.011367841437819298,0.06619654061865461,0.922435617943526
25736,LOF,0.012878584189912343,0.06502419409925615,0.9220972217108315
25737,LOF,0.014072059525478407,0.09566144190907479,0.8902664985654468
25738,LOF,0.012525021871863513,0.09092119978558355,0.896553778342553
25739,LOF,0.02040688574450573,0.0814578036683203,0.8981353105871739
25740,LOF,0.02979676478033013,0.101961403950995,0.8682418312686748
25741,LOF,0.014568563837084096,0.10457481652544978,0.8808566196374662
25742,LOF,0.11114781491680974,0.0750760141783868,0.8137761709048035
25743,LOF,0.046697618845153215,0.06321865682509228,0.8900837243297545
25744,Neutral,0.6229778346692255,0.2295781624169223,0.14744400291385215
25745,LOF,0.0654204840006694,0.07872804395947146,0.8558514720398591
25746,LOF,0.04600080857482107,0.12205829136774504,0.8319409000574338
25747,LOF,0.018496196346047506,0.13453939445905305,0.8469644091948993
25748,LOF,0.10188202200798871,0.18265679363850604,0.7154611843535053
25749,LOF,0.02895560700857141,0.1006869015174439,0.8703574914739847
25750,LOF,0.0711488822963728,0.10735993661029301,0.8214911810933341
25751,LOF,0.12195112888093954,0.1793612455816734,0.6986876255373871
25752,GOF,0.1291762513796499,0.654326561890151,0.2164971867301991
25753,LOF,0.037097648689611344,0.3638984145452264,0.5990039367651622
25754,GOF,0.023718517504248932,0.7696942302476044,0.2065872522481467
25755,LOF,0.033823991923542185,0.3334139027433946,0.6327621053330632
25756,LOF,0.0647976647138597,0.4149325321261639,0.5202698031599764
25757,GOF,0.01773261536221232,0.8507809002438237,0.1314864843939641
25758,GOF,0.029361355670134662,0.7755671065681584,0.1950715377617069
25759,GOF,0.014539723673704015,0.6731101512227676,0.3123501251035284
25760,LOF,0.017391513692682856,0.42053264529712214,0.5620758410101949
25761,GOF,0.3115145239344955,0.5920005795618771,0.09648489650362736
25762,LOF,0.05108876871480924,0.38800424323809724,0.5609069880470936
25763,LOF,0.01612571324876778,0.2936225805669507,0.6902517061842816
25764,GOF,0.0634394160572235,0.6949244573722081,0.24163612657056843
25765,GOF,0.03552958531017305,0.7727275309805612,0.19174288370926573
25766,GOF,0.09571970729358888,0.7006250101054273,0.20365528260098373
25767,GOF,0.12123678709038115,0.48352751634716323,0.3952356965624556
25768,LOF,0.09406331383239078,0.03938379964404069,0.8665528865235684
25769,LOF,0.054509978705050144,0.07812255783899395,0.8673674634559558
25770,LOF,0.4061875871080555,0.11103396545099442,0.48277844744095
25771,LOF,0.06862014441015939,0.06423614982152621,0.8671437057683145
25772,LOF,0.018783739515432964,0.05896092664250662,0.9222553338420604
25773,LOF,0.07428747372800015,0.068491792526101,0.8572207337458988
25774,LOF,0.026127291599317565,0.13932364183562584,0.8345490665650567
25775,LOF,0.07751772566408648,0.06412235664889102,0.8583599176870226
25776,LOF,0.07463015306531282,0.038926895129238914,0.8864429518054483
25777,Neutral,0.5458220535116234,0.08566748026468057,0.36851046622369604
25778,LOF,0.0669832061259543,0.054347704059114835,0.878669089814931
25779,GOF,0.437841707936775,0.5147920624709968,0.04736622959222803
25780,GOF,0.36327372835367405,0.5459900853258826,0.09073618632044339
25781,GOF,0.13188753481356916,0.7544113533953185,0.11370111179111243
25782,GOF,0.17641238542930093,0.7308334053474385,0.09275420922326054
25783,GOF,0.02382779894093464,0.6639486680337099,0.3122235330253556
25784,Neutral,0.5418527720795147,0.40826397942572135,0.049883248494764
25785,Neutral,0.5250642073621328,0.40830833921325654,0.06662745342461075
25786,GOF,0.030245334331813378,0.7125892961670164,0.2571653695011702
25787,Neutral,0.6990102141526346,0.26222845982643317,0.03876132602093223
25788,LOF,0.05913559606140157,0.08370255072327538,0.857161853215323
25789,GOF,0.22835253754354104,0.658025002703334,0.113622459753125
25790,GOF,0.27981801100070236,0.5903797764678436,0.129802212531454
25791,GOF,0.14615670168754788,0.6285747663076393,0.2252685320048128
25792,GOF,0.3498009158135162,0.4751965225214799,0.17500256166500386
25793,GOF,0.25760561416812144,0.46944220511910595,0.27295218071277266
25794,GOF,0.31141355725797043,0.48639496866872917,0.2021914740733004
25795,GOF,0.07156669675658577,0.6469275872297953,0.2815057160136189
25796,Neutral,0.48918269750838467,0.4253037783259539,0.08551352416566159
25797,GOF,0.07757781765267419,0.5229119393388995,0.3995102430084264
25798,GOF,0.010621262348302197,0.5553985883975456,0.43398014925415224
25799,GOF,0.009278473654884167,0.5119239723417944,0.47879755400332147
25800,GOF,0.0378837928919043,0.6395001487852059,0.32261605832288975
25801,GOF,0.22221143909358734,0.6696032558199034,0.10818530508650909
25802,GOF,0.07332476188381394,0.663899469126577,0.262775768989609
25803,GOF,0.05176033217649579,0.5768247787519676,0.3714148890715366
25804,GOF,0.04218143718454946,0.5125690945236812,0.44524946829176937
25805,GOF,0.11336795674334668,0.5633338391529488,0.3232982041037046
25806,GOF,0.1392318444562968,0.5918029426825682,0.268965212861135
25807,GOF,0.019520351434289224,0.6066396551795424,0.37383999338616847
25808,GOF,0.10431408931213991,0.5706011110807169,0.32508479960714326
25809,GOF,0.020631473071292462,0.5821724689792827,0.3971960579494249
25810,GOF,0.02121687799906484,0.5613876216268089,0.41739550037412637
25811,Neutral,0.47672621321806613,0.4510456060455671,0.07222818073636679
25812,GOF,0.042044032651751086,0.5972524889941957,0.36070347835405314
25813,Neutral,0.5595841452853919,0.3031380600662158,0.1372777946483924
25814,GOF,0.14511258714440295,0.5730593011145604,0.28182811174103667
25815,GOF,0.2865087301657667,0.5101186830711854,0.20337258676304784
25816,GOF,0.020128158286191803,0.6466678494293425,0.3332039922844657
25817,GOF,0.21015059274774284,0.6423884780643132,0.14746092918794398
25818,GOF,0.03824406146698429,0.5937464815334635,0.3680094569995522
25819,GOF,0.36464716537135206,0.46703398246452793,0.16831885216411996
25820,GOF,0.19921029775763874,0.5636225063505285,0.23716719589183272
25821,GOF,0.06403433054829742,0.645606076538733,0.2903595929129695
25822,GOF,0.2430364877019558,0.5158358682952999,0.24112764400274433
25823,GOF,0.04277993296318755,0.5003901145748431,0.45682995246196934
25824,GOF,0.0902484430634612,0.5048651171554017,0.40488643978113703
25825,GOF,0.035246768893065085,0.5166358373727041,0.4481173937342308
25826,GOF,0.012882852561538689,0.5008362168485696,0.48628093058989175
25827,GOF,0.020544758572999526,0.5458776288844586,0.4335776125425419
25828,LOF,0.014623235251004833,0.4603681171175985,0.5250086476313968
25829,GOF,0.00830065732477877,0.5487106875919123,0.4429886550833088
25830,LOF,0.039704873970676804,0.29083155906838754,0.6694635669609356
25831,GOF,0.1541752898460593,0.6943390971183442,0.15148561303559652
25832,GOF,0.04015089179304151,0.6977903219837401,0.2620587862232183
25833,GOF,0.12476100238910115,0.6695853897054955,0.20565360790540343
25834,GOF,0.046542782040253805,0.6826163432157358,0.2708408747440103
25835,GOF,0.1058000658883703,0.615811434190696,0.27838849992093373
25836,GOF,0.054008883774414,0.6544688420297162,0.2915222741958698
25837,GOF,0.031908698300844925,0.5349273470198251,0.4331639546793298
25838,GOF,0.10728873335417963,0.6898625096426286,0.20284875700319174
25839,GOF,0.29549468132990125,0.5052477605395435,0.19925755813055523
25840,GOF,0.24084294464054026,0.5587707281188399,0.2003863272406198
25841,GOF,0.2687593002958991,0.5522341645668442,0.17900653513725664
25842,GOF,0.1688112740974666,0.627975760857708,0.2032129650448254
25843,GOF,0.23995773050191935,0.6063196787559877,0.15372259074209288
25844,GOF,0.06974309349783879,0.6378544044103023,0.29240250209185886
25845,GOF,0.017009998987653954,0.5291349836043034,0.4538550174080426
25846,GOF,0.10959571135322028,0.6795943526913223,0.2108099359554574
25847,GOF,0.11324421762299905,0.6958586920760599,0.19089709030094099
25848,GOF,0.04619963024617945,0.6327750125796529,0.3210253571741677
25849,GOF,0.014685064865605437,0.5345652112652594,0.45074972386913525
25850,GOF,0.03232472574914024,0.6263908203434962,0.3412844539073635
25851,GOF,0.02921069911290302,0.5200808254876963,0.4507084753994008
25852,GOF,0.1464446551274614,0.5380316344890164,0.3155237103835223
25853,GOF,0.3189390682495981,0.5934693097254907,0.08759162202491115
25854,GOF,0.022248383157924326,0.7013511598194977,0.27640045702257793
25855,GOF,0.04339151349920586,0.636122761746219,0.32048572475457515
25856,GOF,0.22666565017899062,0.5936268272131451,0.1797075226078644
25857,GOF,0.03827139983903628,0.569025753542444,0.3927028466185198
25858,GOF,0.020943766799585144,0.6483048352146041,0.3307513979858108
25859,GOF,0.010718467089684592,0.643703448712482,0.3455780841978333
25860,GOF,0.2944760029484587,0.6083121475321664,0.0972118495193748
25861,GOF,0.3152871715294583,0.5885897692151136,0.09612305925542797
25862,GOF,0.0659979403703582,0.7631810476914417,0.17082101193820015
25863,GOF,0.07290271732173519,0.7789958141961908,0.14810146848207395
25864,GOF,0.13744922893512423,0.7516244464188732,0.11092632464600262
25865,GOF,0.0737338002031396,0.7615861397350441,0.16468006006181624
25866,GOF,0.06778614027374595,0.7951696442132105,0.13704421551304355
25867,GOF,0.08128347003702228,0.8050107653307677,0.11370576463221024
25868,GOF,0.20921151019953463,0.6653629046549971,0.12542558514546828
25869,Neutral,0.652918975134635,0.2908839923458003,0.05619703251956464
25870,LOF,0.25950664654614153,0.2966745511815193,0.44381880227233916
25871,GOF,0.1866924313522996,0.6616635284335957,0.15164404021410477
25872,GOF,0.08923438686824707,0.6124114956306617,0.2983541175010913
25873,GOF,0.14831589717573718,0.6059497319911927,0.24573437083307006
25874,LOF,0.02360426213943719,0.09042108451596453,0.8859746533445982
25875,LOF,0.06025303431280317,0.1416879675036718,0.7980589981835251
25876,LOF,0.023161668202052725,0.0781886753888564,0.898649656409091
25877,Neutral,0.4486650387033535,0.14525335782359436,0.40608160347305217
25878,LOF,0.16617646415335272,0.22051194276585973,0.6133115930807874
25879,LOF,0.09590287141613435,0.2504161683056832,0.6536809602781826
25880,LOF,0.02179649093200903,0.037751737232300464,0.9404517718356905
25881,LOF,0.20028063231888762,0.2503700108975355,0.5493493567835769
25882,LOF,0.0696441564878304,0.03092223313438564,0.899433610377784
25883,LOF,0.0788856646887876,0.06431076142577727,0.8568035738854352
25884,LOF,0.043578227333707815,0.059880935654587464,0.8965408370117046
25885,LOF,0.055897439243240386,0.033490043332029706,0.9106125174247299
25886,LOF,0.34466949135263836,0.1438436430076294,0.5114868656397322
25887,LOF,0.20036384415402153,0.21577938962115334,0.5838567662248252
25888,LOF,0.07304406769595641,0.12424798099841346,0.8027079513056302
25889,LOF,0.038087810724917015,0.0656243398355736,0.8962878494395095
25890,LOF,0.06715843950257092,0.13532067094766792,0.7975208895497611
25891,LOF,0.06692263802749118,0.058799213780829,0.8742781481916797
25892,LOF,0.09595078493457462,0.03330476004843813,0.8707444550169873
25893,LOF,0.3219218730562681,0.02268720955083397,0.6553909173928979
25894,LOF,0.17990489688373965,0.010260770853842598,0.8098343322624176
25895,LOF,0.24001823552573892,0.019998183376311495,0.7399835810979495
25896,LOF,0.04966124937970454,0.020788055238398107,0.9295506953818974
25897,LOF,0.2552296806192539,0.026329420831320338,0.7184408985494258
25898,Neutral,0.8035351575827465,0.017329076007373524,0.17913576640988005
25899,LOF,0.25070964426276204,0.048282112219041176,0.7010082435181968
25900,Neutral,0.641725360835821,0.011639517351957576,0.3466351218122214
25901,LOF,0.049788017355008395,0.013185347956581188,0.9370266346884104
25902,LOF,0.17805183500112617,0.01637969867102495,0.8055684663278488
25903,Neutral,0.6576179446778875,0.046826331893771764,0.29555572342834086
25904,LOF,0.2747356348040044,0.044007610292675456,0.68125675490332
25905,LOF,0.03880650506810179,0.3066614424283825,0.6545320525035158
25906,LOF,0.026395961772975103,0.05869729359679111,0.9149067446302337
25907,LOF,0.013851062618626689,0.3454513922923346,0.6406975450890386
25908,LOF,0.015577488578358228,0.22160639692045553,0.7628161145011862
25909,LOF,0.017889979621213404,0.10508468645014754,0.877025333928639
25910,LOF,0.029742427834078704,0.35549812562161415,0.6147594465443073
25911,LOF,0.08209337998244501,0.07505489352048285,0.8428517264970722
25912,LOF,0.04035760680229016,0.10966239123769944,0.8499800019600104
25913,LOF,0.27292876655114806,0.04730433636426344,0.6797668970845885
25914,LOF,0.01784458676268616,0.10674311205326159,0.8754123011840522
25915,GOF,0.31030480887912654,0.401659872558396,0.2880353185624774
25916,GOF,0.023564361052408524,0.49626702987618165,0.4801686090714099
25917,LOF,0.04140117125261641,0.05429670428281138,0.9043021244645723
25918,LOF,0.02226586478795507,0.06027643051063259,0.9174577047014123
25919,LOF,0.020404273458566036,0.0677624271988666,0.9118332993425674
25920,GOF,0.11398470839760201,0.5091019759964243,0.3769133156059737
25921,LOF,0.03560562953272391,0.021795575875952215,0.9425987945913239
25922,LOF,0.04635389708626525,0.016658453766804845,0.9369876491469299
25923,LOF,0.3882589832975683,0.0193936704292828,0.5923473462731488
25924,LOF,0.04243486689190891,0.021815645619647838,0.9357494874884431
25925,LOF,0.06593774431784286,0.02587699660091283,0.9081852590812444
25926,LOF,0.04773983905999104,0.01720146574097219,0.9350586951990367
25927,LOF,0.08264638571112325,0.04685032750741966,0.870503286781457
25928,LOF,0.025749826304295453,0.018311084210716453,0.9559390894849881
25929,Neutral,0.5345852436427324,0.02324871867242703,0.44216603768484064
25930,LOF,0.062308020711092385,0.016279505164787357,0.9214124741241203
25931,LOF,0.03326005552388639,0.01623509119183704,0.9505048532842766
25932,LOF,0.029181836866463143,0.015481752663879196,0.9553364104696577
25933,LOF,0.038451489435806646,0.010211267512080664,0.9513372430521126
25934,LOF,0.027397739131110002,0.013797751243236896,0.9588045096256531
25935,LOF,0.06620904584427247,0.024959213417215183,0.9088317407385124
25936,LOF,0.04484415897129455,0.016843908430958964,0.9383119325977465
25937,LOF,0.03820348032120596,0.019906068438997046,0.941890451239797
25938,LOF,0.0636460197813626,0.029477365517188166,0.9068766147014493
25939,LOF,0.04104217206907855,0.01085105504200014,0.9481067728889214
25940,GOF,0.023176159585311593,0.5041891891226491,0.47263465129203935
25941,LOF,0.15903699505118973,0.08976866047172195,0.7511943444770883
25942,LOF,0.015032439261451395,0.03818991235663148,0.9467776483819171
25943,LOF,0.3571529518825235,0.09423276298533599,0.5486142851321406
25944,Neutral,0.47238563658463445,0.05682882281400464,0.4707855406013609
25945,LOF,0.07607894565579311,0.03195335044543644,0.8919677038987704
25946,LOF,0.036472501064767494,0.1444676754117483,0.8190598235234843
25947,LOF,0.12852511286545462,0.23137899207459497,0.6400958950599503
25948,LOF,0.42242801909723104,0.017538807181624615,0.5600331737211444
25949,LOF,0.10278778967999483,0.06246795698417158,0.8347442533358336
25950,GOF,0.21197836286680594,0.49668530063174343,0.2913363365014507
25951,LOF,0.19569500388226518,0.13839021930139478,0.6659147768163399
25952,LOF,0.04289506408152579,0.42115419466275394,0.5359507412557203
25953,LOF,0.12270362749891997,0.11016934586972603,0.7671270266313539
25954,LOF,0.32347212316690693,0.23631521127781005,0.440212665555283
25955,LOF,0.05944017500615972,0.1073819154838531,0.8331779095099872
25956,LOF,0.2113509902251657,0.05852113533642588,0.7301278744384085
25957,LOF,0.04620756130308494,0.019236753365777043,0.934555685331138
25958,LOF,0.06186371329577931,0.026087946933793217,0.9120483397704275
25959,LOF,0.09186973885082661,0.3503888398887228,0.5577414212604506
25960,LOF,0.023197515246032488,0.06167973164387153,0.915122753110096
25961,LOF,0.05244493463706959,0.03697177501375758,0.9105832903491728
25962,LOF,0.054873076302790265,0.05021429657501628,0.8949126271221934
25963,LOF,0.05209789755013042,0.19022875258581423,0.7576733498640553
25964,LOF,0.03070052710093914,0.16360407779438463,0.8056953951046762
25965,LOF,0.45368528944595365,0.07451897674401063,0.4717957338100356
25966,LOF,0.35137873848215667,0.26615542966530914,0.38246583185253413
25967,LOF,0.018325566065017247,0.09216713483871858,0.8895072990962641
25968,LOF,0.06019077929646915,0.38573010575579153,0.5540791149477393
25969,LOF,0.0298473170621213,0.056964139979091416,0.9131885429587874
25970,LOF,0.06080081745855978,0.04591482892102821,0.893284353620412
25971,LOF,0.07961551424158478,0.02142667540803207,0.8989578103503831
25972,LOF,0.07366873291422563,0.023888920335008043,0.9024423467507664
25973,LOF,0.07945840417212072,0.010106117255996068,0.9104354785718831
25974,LOF,0.31226799014125944,0.02650792201849667,0.6612240878402439
25975,LOF,0.049902027779878726,0.029722098735194283,0.9203758734849271
25976,LOF,0.03539924959495927,0.0217932659865184,0.9428074844185224
25977,LOF,0.12212004753568498,0.13309809447386536,0.7447818579904497
25978,LOF,0.15111141582139417,0.09395172144474757,0.7549368627338583
25979,LOF,0.14938479047752504,0.07816557665212635,0.7724496328703486
25980,LOF,0.17679465352848686,0.16755329048137993,0.6556520559901333
25981,LOF,0.213862878220915,0.15762795321443512,0.6285091685646499
25982,LOF,0.42459714733191045,0.0924780118055406,0.48292484086254894
25983,LOF,0.3947976820632971,0.07790027178329126,0.5273020461534117
25984,LOF,0.048126610307133146,0.11256602939630397,0.8393073602965629
25985,LOF,0.021729397407713683,0.30133764058159823,0.676932962010688
25986,LOF,0.026084029828208167,0.3155725617926085,0.6583434083791834
25987,LOF,0.08046034511796768,0.09444749728889563,0.8250921575931367
25988,LOF,0.1034399145428788,0.08276443897744193,0.8137956464796794
25989,LOF,0.025312103667575914,0.13641114965474035,0.8382767466776837
25990,LOF,0.03456200247579466,0.12211404077023053,0.8433239567539749
25991,LOF,0.196824060837626,0.2902357938294539,0.5129401453329201
25992,LOF,0.3803110287657473,0.19063145102741386,0.4290575202068388
25993,LOF,0.030053831911347872,0.06578748261364964,0.9041586854750024
25994,LOF,0.018974295794929725,0.09092840762151329,0.8900972965835571
25995,LOF,0.03330688104675661,0.08190433761624948,0.8847887813369939
25996,GOF,0.27862827681158653,0.43880319340038026,0.28256852978803315
25997,LOF,0.10697239272874164,0.42707257029138385,0.4659550369798745
25998,Neutral,0.5705945030750709,0.028308018219083422,0.4010974787058457
25999,LOF,0.11960916061822915,0.08758728462371212,0.7928035547580587
26000,LOF,0.08792707156446442,0.02888818592937357,0.883184742506162
26001,LOF,0.1761983847500296,0.040587730492868596,0.7832138847571017
26002,LOF,0.08547515536173905,0.030481483898169515,0.8840433607400915
26003,GOF,0.009838570778395006,0.6658283254628976,0.3243331037587073
26004,GOF,0.023703110111445994,0.6875583740144189,0.2887385158741351
26005,GOF,0.0109987884635055,0.5362755886159365,0.45272562292055807
26006,Neutral,0.5130775916404112,0.28841379654733895,0.19850861181225
26007,GOF,0.019886223151321963,0.6409721002384114,0.33914167661026656
26008,GOF,0.01641201969155239,0.5799874464527158,0.4036005338557317
26009,GOF,0.031260725922205294,0.684556078978744,0.28418319509905055
26010,GOF,0.019280689439417683,0.7344636132759929,0.2462556972845895
26011,GOF,0.009065459717358334,0.5280836751296402,0.4628508651530016
26012,GOF,0.01532204637435243,0.5796378259923215,0.405040127633326
26013,GOF,0.012944231548763521,0.6987003111081166,0.2883554573431198
26014,LOF,0.04777136361855641,0.155264603964901,0.7969640324165426
26015,LOF,0.20953156443955945,0.010636629721336268,0.7798318058391043
26016,LOF,0.2895709057969738,0.05443879602371526,0.6559902981793109
26017,LOF,0.18852574933459468,0.09012842521624385,0.7213458254491615
26018,LOF,0.09382490734322302,0.04032986972536977,0.8658452229314073
26019,LOF,0.09175208495276758,0.024742668596290887,0.8835052464509415
26020,LOF,0.06347095079195708,0.10252514219885447,0.8340039070091885
26021,LOF,0.05456800209044586,0.11847202007954626,0.8269599778300079
26022,LOF,0.011002537606764272,0.056032643381218036,0.9329648190120178
26023,LOF,0.12562517164890025,0.028320046618586954,0.8460547817325128
26024,LOF,0.03018913632188389,0.11007486790845458,0.8597359957696614
26025,LOF,0.16643777041475,0.06509382850641211,0.7684684010788378
26026,LOF,0.3662273407367657,0.013231621857512716,0.6205410374057215
26027,LOF,0.09085019726203784,0.017309640913230753,0.8918401618247314
26028,LOF,0.20312518525149492,0.10648000880965836,0.6903948059388468
26029,LOF,0.1115485362138452,0.13465935827983455,0.7537921055063204
26030,LOF,0.03294463730576601,0.03666135361917407,0.93039400907506
26031,LOF,0.039377607336402505,0.10048358857456813,0.8601388040890293
26032,LOF,0.08444180558616327,0.02314506572791313,0.8924131286859236
26033,LOF,0.12299824194569857,0.02454370331419331,0.852458054740108
26034,LOF,0.06405073208072734,0.10176492116328643,0.8341843467559862
26035,LOF,0.04129029749716798,0.07956307349913527,0.8791466290036968
26036,LOF,0.06060609631675993,0.10230511872078729,0.8370887849624528
26037,LOF,0.03368978197491479,0.08482352201809933,0.8814866960069859
26038,LOF,0.08305141636989112,0.022736172850605186,0.8942124107795038
26039,LOF,0.0857547894463879,0.09455257274740955,0.8196926378062025
26040,LOF,0.24171667997910448,0.06074020856872108,0.6975431114521745
26041,LOF,0.03249061790034567,0.08440737854778776,0.8831020035518665
26042,LOF,0.03293912156161265,0.08389306292737024,0.8831678155110171
26043,LOF,0.08089802676221715,0.03303012658511903,0.8860718466526638
26044,LOF,0.034731937686356504,0.043857261007277784,0.9214108013063657
26045,LOF,0.10068467528115554,0.06870029264454472,0.8306150320742998
26046,LOF,0.08870704441456842,0.035813266114916746,0.8754796894705148
26047,LOF,0.11624810040197162,0.04427969987318095,0.8394721997248474
26048,LOF,0.05030160866768782,0.03844753828209912,0.9112508530502131
26049,Neutral,0.9446390987440788,0.005524248025513122,0.04983665323040793
26050,Neutral,0.9222263302605598,0.005788046610189821,0.07198562312925019
26051,GOF,0.0339746248481699,0.5524657364578028,0.41355963869402723
26052,GOF,0.031061872688762468,0.6698447339614121,0.2990933933498255
26053,LOF,0.04882221179583566,0.3432605028675639,0.6079172853366005
26054,LOF,0.054926710298848026,0.06740248028708529,0.8776708094140667
26055,LOF,0.0714003306155884,0.07017995679363953,0.8584197125907721
26056,LOF,0.061127041971750576,0.07925717194516473,0.8596157860830846
26057,LOF,0.030514929432440385,0.026705159051782137,0.9427799115157773
26058,LOF,0.030296565566194554,0.023200140862915455,0.94650329357089
26059,LOF,0.35506269300351123,0.07629926502805645,0.5686380419684324
26060,LOF,0.031854622648905664,0.3009292202689956,0.6672161570820988
26061,LOF,0.018223202539953715,0.055935366287194796,0.9258414311728513
26062,LOF,0.013238564580974313,0.05820252079338711,0.9285589146256384
26063,LOF,0.0251834089199455,0.02879217469547403,0.9460244163845805
26064,LOF,0.023908736833912342,0.038916268153058355,0.9371749950130291
26065,LOF,0.027697756861824806,0.030064563937451827,0.9422376792007233
26066,LOF,0.021707617828486816,0.0351955734525377,0.9430968087189755
26067,LOF,0.02416143425949328,0.023487561265032517,0.9523510044754742
26068,LOF,0.05483778262190974,0.06464923153380377,0.8805129858442866
26069,LOF,0.4291523794107643,0.060799021694487865,0.5100485988947477
26070,Neutral,0.6328326715716288,0.029901171249883594,0.3372661571784876
26071,LOF,0.024239707664341133,0.034788843293565845,0.940971449042093
26072,LOF,0.02358912986665341,0.06302013049254858,0.9133907396407981
26073,LOF,0.02633177370358185,0.02921376510526377,0.9444544611911544
26074,Neutral,0.8762821466083126,0.013817742260653158,0.10990011113103416
26075,LOF,0.03866290065848607,0.054008036505013894,0.9073290628364999
26076,LOF,0.043306403672787395,0.020957606849656984,0.9357359894775555
26077,LOF,0.009721378453037806,0.07385127722281111,0.916427344324151
26078,LOF,0.01378253270341093,0.04937146148680714,0.9368460058097818
26079,LOF,0.05174340606074169,0.04923397044507869,0.8990226234941797
26080,LOF,0.05174340606074169,0.04923397044507869,0.8990226234941797
26081,LOF,0.033876168919987154,0.01934529507264848,0.9467785360073643
26082,LOF,0.020888829988768943,0.06069859002072534,0.9184125799905059
26083,LOF,0.1422439317180499,0.03271877826116834,0.8250372900207819
26084,LOF,0.027463975770345622,0.040079918393721985,0.9324561058359325
26085,LOF,0.022768776935264908,0.03595564044568784,0.9412755826190472
26086,LOF,0.02299888259204389,0.03882490411735759,0.9381762132905985
26087,LOF,0.02630187959498106,0.027203137948833396,0.9464949824561855
26088,LOF,0.025120365789090538,0.06587141634848044,0.9090082178624291
26089,LOF,0.04522840978316191,0.07206638343386015,0.8827052067829779
26090,LOF,0.042906048557550744,0.058213433249615414,0.8988805181928339
26091,LOF,0.04099781239487796,0.018801541753824175,0.9402006458512979
26092,LOF,0.030013584824872333,0.024340727094291595,0.945645688080836
26093,LOF,0.04151561804843589,0.01613011975319801,0.9423542621983662
26094,LOF,0.04624927918161031,0.01679527799977699,0.9369554428186126
26095,LOF,0.038703910016652035,0.05152711273114668,0.9097689772522014
26096,LOF,0.017307441468791214,0.04364325628127216,0.9390493022499365
26097,LOF,0.011388944395884365,0.11957206657302964,0.8690389890310861
26098,LOF,0.05876433873318001,0.04331108096216535,0.8979245803046546
26099,LOF,0.025555399116081567,0.04413553930709583,0.9303090615768226
26100,LOF,0.026498442203356783,0.04111264292669903,0.9323889148699442
26101,LOF,0.05977414094396663,0.04238832311984458,0.8978375359361888
26102,LOF,0.027459697068307278,0.028866641713765604,0.9436736612179271
26103,Neutral,0.8718226987400409,0.05242355282104491,0.07575374843891419
26104,LOF,0.05166045199158822,0.07682637504555792,0.8715131729628538
26105,LOF,0.2740887727147466,0.2508054978278523,0.4751057294574012
26106,LOF,0.14110242407094659,0.17354260747107175,0.6853549684579816
26107,LOF,0.25632205407940467,0.1645007433898778,0.5791772025307176
26108,LOF,0.18644531615361873,0.15361737584535207,0.6599373080010291
26109,LOF,0.05368300287864882,0.16355938969577485,0.7827576074255763
26110,LOF,0.3031076356580816,0.013810967160343423,0.683081397181575
26111,LOF,0.4491902961912587,0.023957359413680133,0.5268523443950612
26112,LOF,0.044161420392763835,0.01878719657272923,0.937051383034507
26113,LOF,0.06359610781887103,0.03857003701182815,0.8978338551693007
26114,LOF,0.020879918797189517,0.02677018154238162,0.9523498996604288
26115,LOF,0.09632790492180375,0.049875386464936104,0.8537967086132601
26116,LOF,0.05207388387390773,0.06178841369084844,0.8861377024352438
26117,LOF,0.31804857187352975,0.0984974448705311,0.5834539832559392
26118,LOF,0.040410451215392836,0.05307380998701629,0.906515738797591
26119,LOF,0.023833708626475603,0.07224938683036666,0.9039169045431578
26120,LOF,0.03255773820381651,0.0441491278883766,0.923293133907807
26121,LOF,0.047586209394861995,0.12156906885936623,0.8308447217457716
26122,LOF,0.05995506322330191,0.06072022401073242,0.8793247127659657
