feature0,prediction,LoGoFunc_Neutral,LoGoFunc_GOF,LoGoFunc_LOF
25546,Neutral,0.6721681526381886,0.05353751447054633,0.27429433289126515
25547,Neutral,0.507855536431419,0.09404158859198745,0.3981028749765934
25548,Neutral,0.5135864343748006,0.07764947358278852,0.408764092042411
25549,LOF,0.43812789918893397,0.08277379395132152,0.4790983068597445
25550,LOF,0.3758981100978749,0.1257664261393357,0.4983354637627894
25551,LOF,0.32575746534071126,0.1384818467071288,0.53576068795216
25552,LOF,0.2577360275786829,0.1367793128055895,0.6054846596157276
25553,Neutral,0.8211868432286666,0.0445803061915873,0.13423285057974596
25554,LOF,0.29780472404359076,0.12523957546890083,0.5769557004875084
25555,LOF,0.2513710310516892,0.11829173832454161,0.6303372306237692
25556,LOF,0.4463883399281171,0.10445757179258493,0.44915408827929804
25557,LOF,0.24205759653242984,0.12337353389220168,0.6345688695753685
25558,LOF,0.30696556777409256,0.12105152745214277,0.5719829047737646
25559,LOF,0.17960717247967908,0.1271864504809808,0.6932063770393402
25560,LOF,0.16398096281963495,0.09704581104358091,0.7389732261367842
25561,LOF,0.15331469287873148,0.11649075666366336,0.7301945504576052
25562,LOF,0.07112547445376778,0.06930234796944293,0.8595721775767894
25563,LOF,0.022433595174096467,0.11104719043603055,0.866519214389873
25564,LOF,0.22487721642144334,0.10423208202958217,0.6708907015489745
25565,LOF,0.22635834935012483,0.13400099751825878,0.6396406531316164
25566,GOF,0.09109958897559127,0.7124836609835972,0.19641675004081158
25567,LOF,0.03582612079427213,0.13100079928435218,0.8331730799213756
25568,LOF,0.06301613072797867,0.06701087056949466,0.8699729987025266
25569,LOF,0.05959513320882863,0.06808379303663753,0.8723210737545338
25570,LOF,0.028204404790882157,0.08879776075511712,0.8829978344540007
25571,LOF,0.027907210682801716,0.09196474556782987,0.8801280437493684
25572,LOF,0.06447935684196579,0.11153746918667098,0.8239831739713632
25573,LOF,0.057405942686059024,0.07877715326523577,0.8638169040487053
25574,LOF,0.0573387899236074,0.17255893189918492,0.7701022781772077
25575,LOF,0.02357872308060469,0.11159737900907117,0.8648238979103242
25576,LOF,0.03496782669385817,0.14816419060026137,0.8168679827058805
25577,LOF,0.029692622302817065,0.10310819001182632,0.8671991876853566
25578,LOF,0.29333035093549864,0.0757268540780441,0.6309427949864572
25579,LOF,0.1298979244124628,0.08145598346262424,0.7886460921249129
25580,LOF,0.01961483898985264,0.07094965611634514,0.9094355048938022
25581,LOF,0.05488944366081739,0.06605695100999398,0.8790536053291886
25582,LOF,0.054677380810434835,0.0649107846280056,0.8804118345615596
25583,LOF,0.02026091654220143,0.0720237373790277,0.9077153460787709
25584,Neutral,0.6646385986407837,0.09954457837131676,0.23581682298789958
25585,LOF,0.03420591534077756,0.11174997371921108,0.8540441109400114
25586,LOF,0.018532497434622007,0.06392369895242686,0.9175438036129511
25587,LOF,0.017732994224921885,0.05617936904218505,0.9260876367328932
25588,LOF,0.020689006626517622,0.06545427789294907,0.9138567154805334
25589,Neutral,0.5015621091157971,0.19302800845757295,0.3054098824266298
25590,LOF,0.04736974584638688,0.09695090179447101,0.8556793523591422
25591,LOF,0.09772166153327345,0.055674781371724456,0.8466035570950021
25592,LOF,0.054832503258087084,0.12223589894059798,0.822931597801315
25593,LOF,0.1351101529788081,0.24223316311860613,0.6226566839025858
25594,LOF,0.048652372740317064,0.11179465856918343,0.8395529686904994
25595,LOF,0.04897222567486407,0.08059807551242254,0.8704296988127134
25596,LOF,0.10253129885256793,0.04512990094310089,0.8523388002043311
25597,LOF,0.0835407457885806,0.0593989506148512,0.8570603035965683
25598,LOF,0.05101859531808892,0.08078881857611019,0.8681925861058009
25599,GOF,0.02144165874186381,0.5278475800884384,0.4507107611696977
25600,GOF,0.18789782283919299,0.50744882200483,0.3046533551559769
25601,LOF,0.04405364743492867,0.3847434622977874,0.571202890267284
25602,LOF,0.033033009185145006,0.05082829578327348,0.9161386950315814
25603,LOF,0.033254247600521473,0.028797994805885803,0.9379477575935928
25604,LOF,0.03586587555715413,0.054187513001856584,0.9099466114409892
25605,LOF,0.042590130551848904,0.1813090972721706,0.7761007721759805
25606,LOF,0.43259455345507175,0.09492101388006942,0.47248443266485896
25607,LOF,0.025676915826849393,0.17526956552409076,0.7990535186490598
25608,LOF,0.03359437424688422,0.07309022138118003,0.8933154043719358
25609,GOF,0.15777283490578367,0.53063890654354,0.3115882585506763
25610,LOF,0.016941679005069005,0.02568718993083501,0.9573711310640959
25611,LOF,0.016269958510296306,0.029254344642050643,0.954475696847653
25612,LOF,0.05130805650154214,0.03758034342026567,0.9111116000781923
25613,LOF,0.047237682728230986,0.03797069138325026,0.9147916258885188
25614,LOF,0.023629426191072327,0.02705178704506547,0.9493187867638623
25615,LOF,0.04932511029275764,0.03166991676860341,0.9190049729386389
25616,LOF,0.05175198324501435,0.02474840682608086,0.9234996099289048
25617,LOF,0.04876328558953701,0.03360389914319338,0.9176328152672696
25618,LOF,0.054652943578685644,0.03022496041865794,0.9151220960026565
25619,LOF,0.0157436288280226,0.027569165807276384,0.9566872053647011
25620,LOF,0.06748546400085943,0.03393021970863471,0.8985843162905058
25621,LOF,0.055807804732118375,0.030089353430913665,0.9141028418369679
25622,LOF,0.06617748323079349,0.02914655052793018,0.9046759662412763
25623,LOF,0.07914136008477428,0.02547773421181271,0.895380905703413
25624,LOF,0.019529803508890494,0.03443797878358238,0.9460322177075271
25625,LOF,0.06813295450083588,0.037502130171292176,0.8943649153278719
25626,LOF,0.04810924189470547,0.036040768710159016,0.9158499893951354
25627,Neutral,0.8897191830367366,0.021058735873400736,0.08922208108986264
25628,LOF,0.1341806192929332,0.060430033078468455,0.8053893476285983
25629,LOF,0.060719034223680475,0.0445808686446697,0.8947000971316498
25630,LOF,0.2522608788346718,0.0756671273541299,0.6720719938111983
25631,Neutral,0.5445245355294672,0.06431689491613403,0.3911585695543987
25632,LOF,0.02787514938155506,0.06461084178782373,0.9075140088306212
25633,LOF,0.18941744189457538,0.03388442073968315,0.7766981373657413
25634,LOF,0.03379097008284303,0.07707992594375779,0.8891291039733991
25635,LOF,0.039374744423293334,0.04129920310318903,0.9193260524735176
25636,LOF,0.042565442878800513,0.4648118357274057,0.49262272139379387
25637,GOF,0.06759711502993522,0.4672866961477081,0.46511618882235656
25638,LOF,0.04372727530913461,0.27656798154387957,0.6797047431469857
25639,LOF,0.03346863284309183,0.3330050929906755,0.6335262741662326
25640,Neutral,0.8057315711898458,0.1495288665041832,0.044739562305970974
25641,LOF,0.048245474130295736,0.42794552235811056,0.5238090035115937
25642,LOF,0.041919365559513935,0.15456812160564787,0.8035125128348382
25643,LOF,0.19003538695912323,0.17226371439229518,0.6377008986485816
25644,LOF,0.022782445804585445,0.48860163557474445,0.48861591862067005
25645,LOF,0.019179759168831915,0.4455557424168687,0.5352644984142995
25646,LOF,0.05177150480393615,0.34500921690813197,0.6032192782879319
25647,LOF,0.025399084364504786,0.26059539812561267,0.7140055175098826
25648,LOF,0.02942885366328477,0.2483330082859897,0.7222381380507256
25649,LOF,0.014884336908037591,0.2451490224051194,0.7399666406868429
25650,LOF,0.05252766556738214,0.4129877205593233,0.5344846138732945
25651,LOF,0.015980439640417864,0.2705728091471746,0.7134467512124076
25652,LOF,0.03021143634797332,0.2619056297019,0.7078829339501267
25653,LOF,0.0818800115325045,0.3885795355893391,0.5295404528781564
25654,LOF,0.024587180362055358,0.19882468766034592,0.7765881319775988
25655,LOF,0.24162545905436758,0.35965434731775164,0.39872019362788064
25656,LOF,0.31098375620920155,0.04212033434162652,0.646895909449172
25657,LOF,0.0716883743033943,0.05123625359020789,0.8770753721063979
25658,LOF,0.3778207157748041,0.04779972260100707,0.5743795616241889
25659,Neutral,0.5140791147079027,0.07253299677429523,0.41338788851780217
25660,LOF,0.02717537730342742,0.07357919550116032,0.8992454271954122
25661,LOF,0.09269426623354639,0.05434073476290041,0.8529649990035533
25662,LOF,0.03187091356729428,0.028948276323418034,0.9391808101092877
25663,LOF,0.040351951089712165,0.03952466791531129,0.9201233809949766
25664,LOF,0.13481783576871273,0.049647668505858056,0.8155344957254292
25665,LOF,0.05482877376303136,0.028654716426816655,0.916516509810152
25666,LOF,0.08975737029739564,0.0792599651990184,0.8309826645035858
25667,LOF,0.06690505279948158,0.04174102922135469,0.8913539179791636
25668,LOF,0.0376251108095931,0.041048883716644294,0.9213260054737625
25669,LOF,0.033239452397366,0.05132791953966322,0.9154326280629709
25670,LOF,0.14203722999379353,0.04209604612095438,0.815866723885252
25671,LOF,0.09728046431864192,0.028194339063247854,0.8745251966181101
25672,LOF,0.05361232450800368,0.03960392318059167,0.9067837523114047
25673,LOF,0.08242766922621253,0.034932202595605595,0.8826401281781818
25674,LOF,0.07240396374397269,0.04406010826854663,0.8835359279874806
25675,LOF,0.11501185225057291,0.041090107973642626,0.8438980397757845
25676,LOF,0.019361166407825606,0.044970600638434825,0.9356682329537395
25677,LOF,0.025960226491732893,0.0586026984641665,0.9154370750441007
25678,LOF,0.1883399277126535,0.05335522041003863,0.7583048518773078
25679,LOF,0.13081184380066369,0.07263584649487076,0.7965523097044654
25680,LOF,0.030559435647448212,0.09845564825033334,0.8709849161022185
25681,LOF,0.05055092603460246,0.0920040664439443,0.8574450075214533
25682,LOF,0.1428969837916559,0.05532836585035257,0.8017746503579916
25683,LOF,0.12524929392924958,0.0715247389662692,0.8032259671044811
25684,LOF,0.04316931700316524,0.057595461181194074,0.8992352218156406
25685,LOF,0.12671517784800873,0.04928634156168614,0.8239984805903051
25686,LOF,0.07131821780225932,0.08790448980390721,0.8407772923938334
25687,LOF,0.10217304246973732,0.08453155063055484,0.8132954068997078
25688,LOF,0.29544068980712224,0.03867199718150432,0.6658873130113735
25689,LOF,0.23206083126538044,0.04591052037785039,0.7220286483567692
25690,LOF,0.3538610592387174,0.03642067088033314,0.6097182698809493
25691,Neutral,0.6795375901806209,0.03664750882233248,0.2838149009970466
25692,LOF,0.27473531182009725,0.010613569940775495,0.7146511182391273
25693,LOF,0.045731670911218214,0.45944179842551713,0.4948265306632647
25694,LOF,0.12597673436788165,0.02249323094012506,0.8515300346919933
25695,LOF,0.11824527775085204,0.017552646844755673,0.8642020754043923
25696,LOF,0.12827995778160334,0.00985369118560348,0.8618663510327932
25697,LOF,0.12120035846406407,0.02582029960489187,0.8529793419310441
25698,LOF,0.3326906339587257,0.2567591688837933,0.410550197157481
25699,LOF,0.43804203883913706,0.04258159642562994,0.5193763647352331
25700,LOF,0.049127277032770075,0.010111961653157994,0.9407607613140719
25701,LOF,0.1447721680130129,0.06011533905029452,0.7951124929366926
25702,GOF,0.18831589349724948,0.5310374021153076,0.2806467043874429
25703,LOF,0.01763574877501912,0.16737903974435195,0.814985211480629
25704,LOF,0.04999479722323003,0.1109590819226942,0.8390461208540757
25705,LOF,0.05423753037140669,0.18516646738190431,0.760596002246689
25706,LOF,0.09823633641434566,0.33130550629428296,0.5704581572913715
25707,LOF,0.0913762898433913,0.25313864403592046,0.6554850661206882
25708,LOF,0.032082619045514967,0.260682500015144,0.7072348809393411
25709,LOF,0.05427066404434652,0.04263460113678676,0.9030947348188667
25710,LOF,0.012074438748370326,0.1263732197505114,0.8615523415011183
25711,LOF,0.01925244735230797,0.0931354175953325,0.8876121350523595
25712,LOF,0.012552323348479513,0.18527467927732075,0.8021729973741998
25713,LOF,0.01815135031084479,0.08364533985620556,0.8982033098329496
25714,LOF,0.0684108609116218,0.07731908460782136,0.8542700544805569
25715,LOF,0.01051216145386279,0.1385771703049524,0.8509106682411849
25716,LOF,0.015614046472646905,0.11223826244747148,0.8721476910798815
25717,LOF,0.013345120797600649,0.08413336745002241,0.9025215117523769
25718,LOF,0.011875417854513797,0.11206207720164818,0.8760625049438381
25719,LOF,0.018123139314251496,0.0825010384541599,0.8993758222315886
25720,LOF,0.021570854043921978,0.07226003184223231,0.9061691141138457
25721,LOF,0.015562009437378892,0.10726016720500235,0.8771778233576188
25722,LOF,0.013205996654595419,0.12337351797223464,0.86342048537317
25723,LOF,0.021490111635386354,0.04884363121137741,0.9296662571532363
25724,LOF,0.022708233101896402,0.08849080800321739,0.8888009588948862
25725,LOF,0.011334037317621674,0.07493380815041625,0.913732154531962
25726,LOF,0.013904699643328619,0.10343584239304013,0.8826594579636313
25727,LOF,0.012751198002460237,0.08396919848020287,0.9032796035173368
25728,LOF,0.009961121394274809,0.10505901263866918,0.8849798659670559
25729,LOF,0.010504055335482062,0.10768886789125535,0.8818070767732626
25730,LOF,0.013785070196221343,0.08112806538890341,0.9050868644148752
25731,LOF,0.020953793632800824,0.11143687523729574,0.8676093311299035
25732,LOF,0.014567551803902548,0.09054737583148763,0.8948850723646098
25733,LOF,0.015361967796528568,0.07310348237714813,0.9115345498263233
25734,LOF,0.012982466463494192,0.12561430842195986,0.861403225114546
25735,LOF,0.01376311735021559,0.07845222706578628,0.9077846555839981
25736,LOF,0.013654265278512009,0.10011847944982227,0.8862272552716656
25737,LOF,0.021556927727702693,0.08246610364537793,0.8959769686269194
25738,LOF,0.013495903330216219,0.11521021563805718,0.8712938810317267
25739,LOF,0.01970277761570176,0.08243970370340345,0.8978575186808948
25740,LOF,0.02681792620531539,0.09330687964605754,0.8798751941486271
25741,LOF,0.014530151944220564,0.10534335681498057,0.8801264912407988
25742,LOF,0.10784138242582554,0.07842107706990309,0.8137375405042713
25743,LOF,0.03412415617439003,0.02832025114348153,0.9375555926821285
25744,Neutral,0.5844990313201638,0.2084623509655594,0.20703861771427684
25745,LOF,0.08228652765935865,0.06055937783804917,0.8571540945025922
25746,LOF,0.04088583416874786,0.07161750158983814,0.8874966642414139
25747,LOF,0.02260023399603975,0.03558533787878652,0.9418144281251738
25748,LOF,0.10586695829234562,0.05197881229948579,0.8421542294081685
25749,LOF,0.028104426612119666,0.06718318841402435,0.904712384973856
25750,LOF,0.08361252081072311,0.07046174150783507,0.8459257376814417
25751,LOF,0.09021863161816383,0.05467946374963055,0.8551019046322056
25752,GOF,0.09835936981149196,0.6855801690290151,0.21606046115949293
25753,LOF,0.01753989348413401,0.26235410589658836,0.7201060006192777
25754,GOF,0.009979280693912749,0.7779302008949566,0.2120905184111307
25755,LOF,0.020060539978162248,0.3792735308424431,0.6006659291793947
25756,LOF,0.03866745077060612,0.35497692595708746,0.6063556232723064
25757,GOF,0.0132937350379346,0.8353041713000021,0.15140209366206317
25758,GOF,0.026570644783841482,0.8296101938835683,0.1438191613325902
25759,GOF,0.012041700956188648,0.5239599292912467,0.4639983697525646
25760,LOF,0.01209955778416111,0.22862453510857314,0.7592759071072658
25761,GOF,0.25525007633644886,0.6381865480677112,0.10656337559583995
25762,LOF,0.03674808330193501,0.2554605185079914,0.7077913981900736
25763,LOF,0.013596584045171785,0.19084160410777196,0.7955618118470562
25764,GOF,0.07345058114168843,0.619053671210487,0.30749574764782445
25765,GOF,0.04238957978818214,0.7473150526786977,0.21029536753312014
25766,GOF,0.06223639257693856,0.7803990561837908,0.15736455123927057
25767,GOF,0.17208178872705635,0.4542331096485212,0.3736851016244223
25768,LOF,0.08881173013237686,0.0657662141586053,0.8454220557090177
25769,LOF,0.06418101175833146,0.06417017980995862,0.8716488084317099
25770,LOF,0.2854094133126178,0.08125960731603847,0.6333309793713437
25771,LOF,0.04026777889909973,0.04479092173250815,0.9149412993683921
25772,LOF,0.01674822991617132,0.0332687647091067,0.9499830053747219
25773,LOF,0.041689501965915816,0.08171941863663656,0.8765910793974475
25774,LOF,0.027020505093038515,0.07636114396020674,0.8966183509467547
25775,LOF,0.0429423056749979,0.04581984794275474,0.9112378463822473
25776,LOF,0.0710045228627549,0.025934323402433564,0.9030611537348116
25777,LOF,0.3222511351159579,0.047399128399436906,0.6303497364846051
25778,LOF,0.06254452638302524,0.04973413552726893,0.8877213380897058
25779,GOF,0.38689874433505883,0.5709035224500459,0.04219773321489525
25780,GOF,0.3009869600856536,0.6284072958587075,0.07060574405563881
25781,GOF,0.1482025568095736,0.7478918919268774,0.10390555126354892
25782,GOF,0.2028604164521753,0.7311988219189043,0.06594076162892044
25783,GOF,0.026939956749463444,0.6443071471694026,0.328752896081134
25784,Neutral,0.49606759068809814,0.46644271665365417,0.03748969265824774
25785,GOF,0.38251674634322,0.5801833316487878,0.03729992200799229
25786,GOF,0.024044059956173053,0.7708894012318179,0.20506653881200898
25787,Neutral,0.6440460289510985,0.33276537581222354,0.023188595236678055
25788,LOF,0.045916300817247624,0.1031782064296082,0.8509054927531443
25789,GOF,0.20353719429992004,0.6519261918325306,0.1445366138675493
25790,GOF,0.22123211918395327,0.6854307704704129,0.0933371103456338
25791,GOF,0.1283435200732943,0.6817463158773978,0.18991016404930797
25792,GOF,0.3047806234695218,0.552785284065791,0.14243409246468725
25793,GOF,0.2558290641105486,0.5714142507069335,0.17275668518251777
25794,GOF,0.3296586670499054,0.5124770833962279,0.1578642495538668
25795,GOF,0.07925217474053746,0.7056653549115056,0.21508247034795688
25796,Neutral,0.5312614080349664,0.38874547167214557,0.07999312029288802
25797,GOF,0.08790168700680151,0.5368338956976958,0.3752644172955027
25798,GOF,0.008797224394876835,0.5054181912172852,0.485784584387838
25799,LOF,0.006892902891137912,0.38650866755606994,0.6065984295527922
25800,GOF,0.031986116336751316,0.5765820477382552,0.39143183592499353
25801,GOF,0.18473358124735506,0.6893884793786205,0.12587793937402453
25802,GOF,0.0787082735586157,0.7034112477572351,0.21788047868414911
25803,GOF,0.03695036351343981,0.5740669468203612,0.38898268966619903
25804,LOF,0.03410907632774397,0.48074224073337,0.48514868293888597
25805,GOF,0.09964063386386572,0.5999658728177127,0.30039349331842163
25806,GOF,0.09344223813310205,0.6016817993443692,0.3048759625225288
25807,GOF,0.019668808763143652,0.6483488392547904,0.33198235198206594
25808,GOF,0.08190446364257371,0.6457546541183897,0.27234088223903663
25809,GOF,0.01808485164069187,0.5892100654369009,0.3927050829224072
25810,GOF,0.016387055510688274,0.6180449406132523,0.3655680038760594
25811,GOF,0.44060665273358096,0.4728098858537893,0.08658346141262961
25812,GOF,0.02917267864573486,0.6204644432619585,0.35036287809230665
25813,Neutral,0.5119883423750029,0.3955035636609573,0.09250809396403979
25814,GOF,0.11207173638887145,0.6494044303976668,0.23852383321346182
25815,GOF,0.20878742202930484,0.5995826511973198,0.19162992677337534
25816,GOF,0.023130125204287436,0.7147656552247567,0.26210421957095587
25817,GOF,0.24562067058068382,0.6144608693887889,0.13991846003052724
25818,GOF,0.053587442022161744,0.6781395663036741,0.26827299167416424
25819,GOF,0.3760619263378721,0.4866264057585511,0.13731166790357666
25820,GOF,0.19159162730511542,0.5935615670961875,0.2148468055986971
25821,GOF,0.060827504083637976,0.648068519836375,0.291103976079987
25822,GOF,0.2071496019776228,0.5694536621205311,0.22339673590184608
25823,GOF,0.034177957566589895,0.530571857836856,0.43525018459655407
25824,GOF,0.09482859203971537,0.6132210996972829,0.2919503082630016
25825,GOF,0.039383050665417155,0.6061594833143755,0.35445746602020745
25826,GOF,0.01709518185634786,0.5920418937265535,0.39086292441709874
25827,GOF,0.02389720426758319,0.6012675922748124,0.3748352034576044
25828,GOF,0.013776142039310185,0.5301298733346157,0.45609398462607403
25829,GOF,0.005729818372389917,0.57175399026845,0.4225161913591602
25830,LOF,0.03497626481227335,0.2870596284107404,0.6779641067769863
25831,GOF,0.22099375680782837,0.6637746275736316,0.11523161561854002
25832,GOF,0.02812079333701658,0.7191021520660953,0.25277705459688826
25833,GOF,0.10630501648378561,0.740408834753417,0.15328614876279753
25834,GOF,0.028844877811197676,0.7367718769584651,0.2343832452303372
25835,GOF,0.06039985315586182,0.764906699758861,0.17469344708527712
25836,GOF,0.030292786186552054,0.6929196659485358,0.2767875478649122
25837,GOF,0.024344167564818442,0.612847141215616,0.36280869121956566
25838,GOF,0.08495091445426635,0.7721795181008171,0.14286956744491647
25839,GOF,0.2941849529486377,0.5563942474462227,0.1494207996051396
25840,GOF,0.2481299712986679,0.615125702069355,0.13674432663197714
25841,GOF,0.23230020594266754,0.6361744471755725,0.1315253468817599
25842,GOF,0.14104577287644446,0.7407517231456632,0.11820250397789234
25843,GOF,0.20417239840927776,0.7155851529555046,0.08024244863521772
25844,GOF,0.056779351595137584,0.7608180493991886,0.18240259900567374
25845,GOF,0.014956643935735077,0.5345362137084956,0.45050714235576944
25846,GOF,0.11612778905714759,0.7527292638136174,0.13114294712923513
25847,GOF,0.08744080799183097,0.8186033797374354,0.09395581227073378
25848,GOF,0.03280211920272651,0.7253190030348804,0.24187887776239303
25849,GOF,0.009828604443358396,0.618760305739414,0.3714110898172277
25850,GOF,0.018366185738283143,0.6709191804893155,0.31071463377240116
25851,GOF,0.014631861863245152,0.5459032344872518,0.439464903649503
25852,GOF,0.1477282151759276,0.581187729275415,0.2710840555486573
25853,GOF,0.3447514752106108,0.580167337837905,0.07508118695148432
25854,GOF,0.02119878398594483,0.6107713585720246,0.3680298574420306
25855,GOF,0.03157749066514459,0.5535360371699523,0.4148864721649032
25856,GOF,0.22228374595602296,0.5536268485679423,0.22408940547603468
25857,GOF,0.03801269659338813,0.5020274532547192,0.4599598501518927
25858,GOF,0.020195757676238157,0.5112708954114275,0.46853334691233445
25859,LOF,0.010328484496371299,0.48694347988075554,0.502728035622873
25860,GOF,0.34800633561745975,0.5703314995193027,0.08166216486323755
25861,GOF,0.4167379148349644,0.5089682326698743,0.07429385249516127
25862,GOF,0.07429990526219174,0.7791951652610266,0.14650492947678173
25863,GOF,0.07911963699710486,0.7844502691755353,0.13643009382735993
25864,GOF,0.1824437368365127,0.7491741201807907,0.06838214298269668
25865,GOF,0.07760883742059148,0.8055035741951477,0.11688758838426075
25866,GOF,0.051125131216383984,0.790778754550534,0.158096114233082
25867,GOF,0.07671553551130189,0.8255236865939721,0.09776077789472601
25868,GOF,0.24867698111582784,0.6551668713341908,0.09615614754998125
25869,Neutral,0.7017923423230443,0.25731579318393616,0.040891864493019625
25870,GOF,0.2727581183367674,0.40824576383664046,0.31899611782659215
25871,GOF,0.21171162610421515,0.6558911790354425,0.13239719486034235
25872,GOF,0.07494481833743802,0.6720826427131296,0.25297253894943245
25873,GOF,0.10457762702252656,0.7002105796464196,0.19521179333105382
25874,LOF,0.01419155933893741,0.11110477593888765,0.874703664722175
25875,LOF,0.09883014556647608,0.038794673630621904,0.8623751808029021
25876,LOF,0.03320396626602719,0.029923202299075573,0.9368728314348971
25877,Neutral,0.49202982904582226,0.035528927094977555,0.47244124385920017
25878,LOF,0.23372109021775042,0.08196833872069707,0.6843105710615526
25879,LOF,0.08921125235649625,0.08120565635825149,0.8295830912852522
25880,LOF,0.040845274974761175,0.013658104000879348,0.9454966210243594
25881,LOF,0.154178611877466,0.12902763524954303,0.716793752872991
25882,LOF,0.062407293073800996,0.017232443864652162,0.9203602630615467
25883,LOF,0.06291003326445116,0.020642426563452648,0.9164475401720962
25884,LOF,0.030428066975335507,0.02936779429271371,0.9402041387319509
25885,LOF,0.056161058885496294,0.011761709417544031,0.9320772316969597
25886,LOF,0.24199138544993792,0.039235117723551656,0.7187734968265104
25887,LOF,0.14220153075352046,0.068356429428559,0.7894420398179205
25888,LOF,0.06093103396808636,0.06177604703946484,0.8772929189924488
25889,LOF,0.038373791005421924,0.021305833896951412,0.9403203750976266
25890,LOF,0.05083356239155706,0.14826508917456854,0.8009013484338744
25891,LOF,0.0359371404927787,0.054000171064676576,0.9100626884425447
25892,LOF,0.07409866113298091,0.022884414666943347,0.9030169242000758
25893,LOF,0.24423930295585022,0.018726865765240755,0.737033831278909
25894,LOF,0.1757106366129308,0.012696409384477332,0.8115929540025919
25895,LOF,0.19435119849399304,0.02128257762105776,0.7843662238849493
25896,LOF,0.04903990783814958,0.02427169208110567,0.9266884000807447
25897,LOF,0.24376078123214065,0.015022901357412115,0.7412163174104472
25898,Neutral,0.6934162375328276,0.00974521330064972,0.2968385491665227
25899,LOF,0.20368544020047366,0.02323626375206446,0.7730782960474619
25900,LOF,0.47519498530085164,0.013315401660255008,0.5114896130388934
25901,LOF,0.049017611825121495,0.01229778754165765,0.9386846006332209
25902,LOF,0.1532104913888148,0.01413937776588948,0.8326501308452957
25903,Neutral,0.5888029159212097,0.028768898337490304,0.3824281857413
25904,LOF,0.2980285421399283,0.043405707302652065,0.6585657505574197
25905,LOF,0.02583017503623132,0.326005887917706,0.6481639370460627
25906,LOF,0.03014919250739338,0.08622103211492202,0.8836297753776845
25907,LOF,0.014330472070580833,0.3058343620007163,0.679835165928703
25908,LOF,0.010281111547340575,0.24980933306548625,0.7399095553871732
25909,LOF,0.012572972066523849,0.13333745491331675,0.8540895730201594
25910,LOF,0.046484280857013505,0.14151113681562139,0.812004582327365
25911,LOF,0.18570521491695458,0.026442740774789537,0.7878520443082561
25912,LOF,0.04497988956221563,0.044799112624384754,0.9102209978133996
25913,LOF,0.3498530207776699,0.02478113012220937,0.6253658491001208
25914,LOF,0.020239069357943243,0.04964491641602712,0.9301160142260295
25915,Neutral,0.5795848749720378,0.1409774996139192,0.27943762541404304
25916,LOF,0.08483743473075156,0.21918849294807316,0.6959740723211753
25917,LOF,0.06107948690988758,0.03614243084671925,0.9027780822433932
25918,LOF,0.023591795144824457,0.028093479157543795,0.9483147256976316
25919,LOF,0.01913303754727669,0.030138373011353418,0.95072858944137
25920,GOF,0.10715613119969716,0.5079706064276692,0.3848732623726337
25921,LOF,0.02644100048430648,0.03351996156048382,0.9400390379552097
25922,LOF,0.0347545441785483,0.02647320182523484,0.938772253996217
25923,Neutral,0.48342491359297063,0.03367166436299353,0.4829034220440358
25924,LOF,0.037879860875910075,0.04050138290520358,0.9216187562188863
25925,LOF,0.07249207038930484,0.03913450204308529,0.8883734275676098
25926,LOF,0.05108110982434075,0.035604088093322744,0.9133148020823365
25927,LOF,0.0617764833899028,0.1431424274963909,0.7950810891137063
25928,LOF,0.019895009232750612,0.05295883444161673,0.9271461563256326
25929,Neutral,0.5994028975247089,0.0361918502074274,0.3644052522678638
25930,LOF,0.07308405480508699,0.030677506172057438,0.8962384390228556
25931,LOF,0.02517342428410046,0.03346211162084628,0.9413644640950533
25932,LOF,0.028161039488562235,0.028634850052739934,0.9432041104586979
25933,LOF,0.03628795544551358,0.01785801321624128,0.9458540313382451
25934,LOF,0.023934496065380312,0.019859681029200556,0.956205822905419
25935,LOF,0.06503182113045135,0.05080245903004232,0.8841657198395064
25936,LOF,0.0410953114554467,0.02457500392061988,0.9343296846239334
25937,LOF,0.026832205614813778,0.03387730916127695,0.9392904852239092
25938,LOF,0.06338054835502417,0.05509082079023266,0.8815286308547433
25939,LOF,0.039775107559933014,0.019902238043172763,0.9403226543968943
25940,LOF,0.039670528807048515,0.34412814851016127,0.6162013226827902
25941,LOF,0.19024845956860387,0.08272837131958309,0.727023169111813
25942,LOF,0.013809630684851503,0.034284905882227296,0.9519054634329213
25943,LOF,0.30827945072388196,0.05210340851658105,0.639617140759537
25944,LOF,0.4888026771197338,0.021231977696453463,0.48996534518381274
25945,LOF,0.07432850755680122,0.018519314206937094,0.9071521782362616
25946,LOF,0.032877562241892186,0.10152632423728346,0.8655961135208243
25947,LOF,0.1047480162490956,0.16880230851592554,0.7264496752349788
25948,LOF,0.36184313640238347,0.00810226483081776,0.6300545987667988
25949,LOF,0.11412837817430754,0.03757340505504112,0.8482982167706514
25950,LOF,0.3334690999766084,0.32892939923300896,0.33760150079038276
25951,LOF,0.18892932335334514,0.2803305098839189,0.530740166762736
25952,GOF,0.04623551637873242,0.5160897854318941,0.4376746981893734
25953,LOF,0.14906747430326994,0.0978209095403576,0.7531116161563726
25954,Neutral,0.4299948230491152,0.19433170970319646,0.37567346724768835
25955,LOF,0.06497779873223371,0.07400663769112009,0.8610155635766462
25956,LOF,0.1622563637746906,0.1155917297615671,0.7221519064637422
25957,LOF,0.03489881517121537,0.03077382439708397,0.9343273604317006
25958,LOF,0.055823405195249996,0.027080134708536683,0.9170964600962134
25959,LOF,0.06879853124348777,0.32132124302939147,0.6098802257271208
25960,LOF,0.015382062052479231,0.04848027344819942,0.9361376644993215
25961,LOF,0.04183115167628206,0.02756480010912691,0.9306040482145911
25962,LOF,0.05516708929683279,0.03162264245281478,0.9132102682503523
25963,LOF,0.04706301878021409,0.20127973094634066,0.7516572502734452
25964,LOF,0.033162196296760864,0.15133460030398732,0.8155032033992518
25965,Neutral,0.4814594992899949,0.057297667311516254,0.46124283339848876
25966,Neutral,0.5105192077656764,0.18288366811731296,0.3065971241170106
25967,LOF,0.016909752623065794,0.11155835718029135,0.871531890196643
25968,LOF,0.03394758365403327,0.37605745959805664,0.58999495674791
25969,LOF,0.03629406787271972,0.06085865587610654,0.9028472762511737
25970,LOF,0.05003709504395515,0.06729436111491127,0.8826685438411335
25971,LOF,0.06303016140185257,0.02289443594349845,0.914075402654649
25972,LOF,0.06222508741465002,0.0342114803491317,0.9035634322362184
25973,LOF,0.06590603926780013,0.010039830434165098,0.9240541302980347
25974,LOF,0.19409359641681737,0.01528715473016861,0.7906192488530142
25975,LOF,0.04359166509873608,0.02800950021781525,0.9283988346834486
25976,LOF,0.04252561111120099,0.016528248987864175,0.9409461399009349
25977,LOF,0.15573409325997548,0.08748982583920178,0.7567760809008228
25978,LOF,0.14843418954529733,0.10118306499677883,0.7503827454579238
25979,LOF,0.13140794012214344,0.1015101162183029,0.7670819436595536
25980,LOF,0.21257455672829156,0.12881904493991117,0.6586063983317971
25981,LOF,0.24373740368958696,0.12565502659001015,0.6306075697204029
25982,LOF,0.4101486674188764,0.08609719053046178,0.5037541420506618
25983,LOF,0.37555384186419244,0.09125256929821955,0.533193588837588
25984,LOF,0.04625180578424643,0.04840848058213486,0.9053397136336186
25985,LOF,0.03690762991142913,0.27138586366679995,0.6917065064217708
25986,LOF,0.04146478884469553,0.312854438531919,0.6456807726233853
25987,LOF,0.08782296670827738,0.07437649200796594,0.8378005412837567
25988,LOF,0.1517996364540701,0.07057380187920696,0.7776265616667228
25989,LOF,0.03375890288819367,0.11911243450291575,0.8471286626088905
25990,LOF,0.037306339431722305,0.17206705373317477,0.7906266068351029
25991,LOF,0.13197724336335107,0.2417638314009913,0.6262589252356576
25992,LOF,0.304477374952102,0.13374557482701516,0.5617770502208828
25993,LOF,0.021628390638328405,0.08010478187253958,0.898266827489132
25994,LOF,0.017290715492325553,0.08063257846875749,0.9020767060389169
25995,LOF,0.022670869763032137,0.17827364677912724,0.7990554834578406
25996,GOF,0.2988110276327994,0.4021997686593563,0.29898920370784443
25997,LOF,0.07356404688411204,0.38321351974874024,0.5432224333671477
25998,Neutral,0.5182740626486477,0.027527056064647917,0.4541988812867043
25999,LOF,0.09666518843130324,0.1103691215130605,0.7929656900556363
26000,LOF,0.12231073832764847,0.043843437148093536,0.833845824524258
26001,LOF,0.1946646806990412,0.04379729319264281,0.761538026108316
26002,LOF,0.1077860331245302,0.038825343631889726,0.8533886232435801
26003,GOF,0.010811285322465081,0.6027568552246306,0.38643185945290426
26004,GOF,0.02239241831063144,0.6962668307756589,0.2813407509137097
26005,LOF,0.007122513208215221,0.4382551410595991,0.5546223457321857
26006,Neutral,0.5281586404553943,0.23629895541215432,0.23554240413245145
26007,GOF,0.02244191418321715,0.5121252653575106,0.46543282045927215
26008,GOF,0.01842719111761174,0.6483786387253706,0.3331941701570177
26009,GOF,0.019139997144299547,0.7023305304432717,0.27852947241242876
26010,GOF,0.023441523936886074,0.6509429091801674,0.32561556688294646
26011,LOF,0.006265870993696877,0.4203462322495424,0.5733878967567606
26012,GOF,0.013193467326693666,0.5730312778357883,0.413775254837518
26013,GOF,0.01871496621297182,0.6387438088781209,0.34254122490890737
26014,LOF,0.0405939509290871,0.11214538451638521,0.8472606645545278
26015,LOF,0.15666240921108543,0.016915745458286204,0.8264218453306283
26016,LOF,0.19148930869225392,0.06327341588842422,0.7452372754193219
26017,LOF,0.19397270006112577,0.10163455380965955,0.7043927461292147
26018,LOF,0.07211870336302283,0.04412261863493813,0.883758678002039
26019,LOF,0.0698141998796996,0.03589912053449179,0.8942866795858087
26020,LOF,0.06298585341909363,0.10329769326915675,0.8337164533117497
26021,LOF,0.04296294851232351,0.11059141640708871,0.8464456350805878
26022,LOF,0.010860533337237853,0.04492883749807459,0.9442106291646876
26023,LOF,0.06616330838036028,0.027609059871318703,0.906227631748321
26024,LOF,0.029748139903137828,0.11024733754714847,0.8600045225497136
26025,LOF,0.1386396391388166,0.1004120188796386,0.7609483419815447
26026,LOF,0.3054430717082776,0.029508351740623204,0.6650485765510992
26027,LOF,0.05709712587071886,0.021864685617171482,0.9210381885121097
26028,LOF,0.16628668157587165,0.0671723706916165,0.7665409477325119
26029,LOF,0.06543776481171455,0.14694402648652458,0.7876182087017608
26030,LOF,0.02188615247518348,0.03449771643617184,0.9436161310886446
26031,LOF,0.02720400631451829,0.10785399718569667,0.8649419964997851
26032,LOF,0.06488154744900457,0.05329327771567088,0.8818251748353245
26033,LOF,0.08882931856293566,0.053050067835327626,0.8581206136017367
26034,LOF,0.042077292656080685,0.12418615896730727,0.833736548376612
26035,LOF,0.025988929466130625,0.11972572487219264,0.8542853456616767
26036,LOF,0.037213964306779056,0.13578458011242467,0.8270014555807963
26037,LOF,0.02174114047243447,0.09633100000451103,0.8819278595230544
26038,LOF,0.06113152209014075,0.055534325550730575,0.8833341523591287
26039,LOF,0.04888631648498635,0.12411806945656716,0.8269956140584465
26040,LOF,0.21143065177315234,0.10319100550776111,0.6853783427190865
26041,LOF,0.022018029054061746,0.0914925498752729,0.8864894210706654
26042,LOF,0.02016996943136127,0.08603089092494116,0.8937991396436976
26043,LOF,0.06261213942016333,0.0643488073024472,0.8730390532773894
26044,LOF,0.01987334592680655,0.045252088790422584,0.934874565282771
26045,LOF,0.07336823139625544,0.07911798847349324,0.8475137801302514
26046,LOF,0.05732303877273802,0.054586505837098946,0.8880904553901631
26047,LOF,0.07541455976428749,0.05774995843915079,0.8668354817965618
26048,LOF,0.04443042622552529,0.03146238897366906,0.9241071848008057
26049,Neutral,0.965879547923347,0.005138377347399968,0.028982074729253023
26050,Neutral,0.9495898125014359,0.006388224165952952,0.044021963332611096
26051,LOF,0.049013017817055735,0.2682503742939646,0.6827366078889797
26052,LOF,0.06387187611977821,0.29524046133167414,0.6408876625485476
26053,LOF,0.058973995295687705,0.1382157991277963,0.8028102055765161
26054,LOF,0.04822061026297074,0.01730871543892289,0.9344706742981064
26055,LOF,0.06674526583131878,0.01568408456469791,0.9175706496039833
26056,LOF,0.056795761347617345,0.0179079927469476,0.9252962459054351
26057,LOF,0.03035287732661447,0.011677127838025502,0.95796999483536
26058,LOF,0.03132913989590216,0.009310150760964399,0.9593607093431336
26059,LOF,0.267993603047607,0.020443374695133198,0.7115630222572598
26060,LOF,0.04229814531423508,0.16522844521302318,0.7924734094727418
26061,LOF,0.015606352517534026,0.011899590193319105,0.9724940572891467
26062,LOF,0.009778675177311184,0.017528768914823026,0.9726925559078657
26063,LOF,0.019963421657084004,0.009694850873663043,0.970341727469253
26064,LOF,0.019321071430439356,0.023970089059562074,0.9567088395099986
26065,LOF,0.025169771996476797,0.010080932360232686,0.9647492956432906
26066,LOF,0.02037051039117024,0.009732080660033197,0.9698974089487966
26067,LOF,0.027993637062820105,0.007815996825364636,0.9641903661118153
26068,LOF,0.04377281322915485,0.027151899192245345,0.9290752875785998
26069,LOF,0.2701251761128041,0.018356952203897752,0.7115178716832983
26070,LOF,0.41882141087311625,0.014527741990180514,0.5666508471367032
26071,LOF,0.020753923710658387,0.010854993946824747,0.9683910823425168
26072,LOF,0.016543490892902548,0.021619016604500125,0.9618374925025974
26073,LOF,0.019935965807335383,0.013481789303068814,0.9665822448895958
26074,Neutral,0.9053332791770443,0.005304574225127354,0.08936214659782836
26075,LOF,0.044961684326189064,0.013842553126568244,0.9411957625472427
26076,LOF,0.0375623459901272,0.00793663049442146,0.9545010235154513
26077,LOF,0.009083983169549618,0.012107105830318031,0.9788089110001323
26078,LOF,0.014135976943893437,0.010748630803555481,0.9751153922525511
26079,LOF,0.06358750325319681,0.015653612325254408,0.9207588844215487
26080,LOF,0.06311131016786496,0.015700844272354554,0.9211878455597804
26081,LOF,0.034925861042209884,0.005886804029252636,0.9591873349285375
26082,LOF,0.013190957651975914,0.013510077598620015,0.9732989647494041
26083,LOF,0.17806718145188183,0.013877987155894696,0.8080548313922236
26084,LOF,0.04605497617420724,0.011362372034032849,0.9425826517917598
26085,LOF,0.04121034900994431,0.010958927434560435,0.9478307235554952
26086,LOF,0.020800823024067047,0.010420378882538522,0.9687787980933944
26087,LOF,0.02389693991370372,0.008216050700443627,0.9678870093858526
26088,LOF,0.01548614981456617,0.02378854836214926,0.9607253018232844
26089,LOF,0.03872330958884413,0.0209407966210059,0.9403358937901499
26090,LOF,0.038499179997919825,0.01714093513717835,0.9443598848649019
26091,LOF,0.03125747979154209,0.005846233702241455,0.9628962865062164
26092,LOF,0.02327632996276687,0.007346721670519735,0.9693769483667134
26093,LOF,0.03308520004006656,0.0053483376963590935,0.9615664622635745
26094,LOF,0.032904299415454724,0.0056375334192351415,0.9614581671653102
26095,LOF,0.035618422089869116,0.013763019399300035,0.9506185585108309
26096,LOF,0.016482934315564926,0.010504039268586982,0.9730130264158481
26097,LOF,0.011638243344168178,0.03646823431432982,0.951893522341502
26098,LOF,0.07950454678001123,0.011805172097651973,0.9086902811223369
26099,LOF,0.02051008918198284,0.011437947909571877,0.9680519629084453
26100,LOF,0.02231361500100909,0.011157905242916091,0.9665284797560748
26101,LOF,0.04658362960429489,0.016373810590555853,0.9370425598051492
26102,LOF,0.020482970976098854,0.013529284056256497,0.9659877449676446
26103,Neutral,0.8783572259637342,0.01833017789331766,0.10331259614294809
26104,LOF,0.07613255366401762,0.024220228046188574,0.8996472182897938
26105,LOF,0.2030535551793737,0.2600628908553421,0.5368835539652842
26106,LOF,0.17311569712929412,0.12216217813243876,0.7047221247382671
26107,LOF,0.26030059639727116,0.08042624894208154,0.6592731546606472
26108,LOF,0.2325533162929205,0.09129693667812022,0.6761497470289592
26109,LOF,0.0792780325292418,0.06066928612607625,0.8600526813446819
26110,LOF,0.2153614245900929,0.00695491955444669,0.7776836558554604
26111,Neutral,0.5020685913744184,0.0243906320536287,0.4735407765719529
26112,LOF,0.030358723107638933,0.00702756612386237,0.9626137107684987
26113,LOF,0.058007875900963665,0.01593978455659642,0.9260523395424399
26114,LOF,0.024659265996113164,0.03086960460784625,0.9444711293960405
26115,LOF,0.088629467537324,0.05414144204896384,0.8572290904137121
26116,LOF,0.061013175372347836,0.06120904583161733,0.8777777787960349
26117,LOF,0.4694114009142602,0.043866954920233556,0.48672164416550623
26118,LOF,0.03286121126556127,0.024442624795550896,0.9426961639388878
26119,LOF,0.02207630805998913,0.03509216087993492,0.942831531060076
26120,LOF,0.0245905323261608,0.018488944076140358,0.956920523597699
26121,LOF,0.039377321597496726,0.08700679788573616,0.8736158805167671
