feature0,prediction,LoGoFunc_Neutral,LoGoFunc_GOF,LoGoFunc_LOF
25546,Neutral,0.6164165602920982,0.05811106026852701,0.3254723794393746
25547,Neutral,0.48772669365903465,0.09785662045861945,0.41441668588234587
25548,Neutral,0.4869137942852922,0.07732917779871985,0.4357570279159878
25549,LOF,0.42434231118242327,0.07796420630035655,0.4976934825172202
25550,LOF,0.33460573836725355,0.10987077544233693,0.5555234861904095
25551,LOF,0.3195220939470946,0.11486065872143487,0.5656172473314706
25552,LOF,0.2684865898569975,0.11796421334050258,0.6135491968024999
25553,Neutral,0.8024461211763699,0.04249942883907799,0.15505444998455215
25554,LOF,0.30996720861601934,0.10517842093420292,0.5848543704497777
25555,LOF,0.2643933477397363,0.09782223509581701,0.6377844171644468
25556,LOF,0.4473537588282988,0.08940221081542214,0.46324403035627904
25557,LOF,0.2522819684874662,0.10319606949564557,0.6445219620168883
25558,LOF,0.3192035528838774,0.09798081452551873,0.5828156325906039
25559,LOF,0.28502313069565943,0.11842940852313887,0.5965474607812017
25560,LOF,0.18644436721272262,0.10297706293451771,0.7105785698527596
25561,LOF,0.1625698947210192,0.1240352653391309,0.71339483993985
25562,LOF,0.06741482978516757,0.08133438173958027,0.851250788475252
25563,LOF,0.02161308205862443,0.1426107967813535,0.8357761211600221
25564,LOF,0.19867075911150991,0.12679251416494192,0.6745367267235483
25565,LOF,0.2052767608701801,0.14781904856465844,0.6469041905651615
25566,GOF,0.09183560039735528,0.7167474096162821,0.1914169899863625
25567,LOF,0.04257833022576395,0.13508847547201028,0.8223331943022257
25568,LOF,0.06783808694039214,0.06927985631789851,0.8628820567417094
25569,LOF,0.0699800965015372,0.07008645737414453,0.8599334461243183
25570,LOF,0.031154556804151783,0.10307683542230064,0.8657686077735475
25571,LOF,0.02998163467981001,0.1114023525815204,0.8586160127386695
25572,LOF,0.06985437654603167,0.12011364800994877,0.8100319754440196
25573,LOF,0.06469003231732172,0.08463173976608455,0.8506782279165938
25574,LOF,0.06428452927017506,0.1953805870890537,0.7403348836407713
25575,LOF,0.0262676500027529,0.11875887617670462,0.8549734738205426
25576,LOF,0.035896577147295924,0.1507223919312307,0.8133810309214734
25577,LOF,0.03521218344656758,0.11531380619099149,0.849474010362441
25578,LOF,0.32252706420518634,0.07987873963975166,0.5975941961550619
25579,LOF,0.1528221998793559,0.08544937479129817,0.7617284253293459
25580,LOF,0.022941103457842348,0.07860021786272707,0.8984586786794305
25581,LOF,0.06488075236106583,0.06411922974192222,0.8710000178970119
25582,LOF,0.0646032892478894,0.06280714695772556,0.8725895637943851
25583,LOF,0.025066327054839854,0.07762236279208988,0.8973113101530703
25584,Neutral,0.713118059410914,0.10785377782208416,0.17902816276700192
25585,LOF,0.02902456687023115,0.14259988666196505,0.8283755464678038
25586,LOF,0.01983342494681835,0.06998232347599435,0.9101842515771873
25587,LOF,0.019201607850931012,0.060789025909934916,0.9200093662391341
25588,LOF,0.022672045361489115,0.06824509435061975,0.9090828602878912
25589,Neutral,0.5317924711438687,0.19010227718458406,0.27810525167154715
25590,LOF,0.05289661870764588,0.11489199060788913,0.832211390684465
25591,LOF,0.10939337328450309,0.05427842063270449,0.8363282060827923
25592,LOF,0.0635315471920686,0.13545848553810638,0.801009967269825
25593,LOF,0.15675776061983449,0.2357172682438309,0.6075249711363346
25594,LOF,0.05823011900381091,0.10565134678415247,0.8361185342120366
25595,LOF,0.056157297716839104,0.07564714799601606,0.8681955542871448
25596,LOF,0.1153323463726414,0.04448966032911948,0.8401779932982392
25597,LOF,0.0922488498213758,0.051323442401458405,0.8564277077771658
25598,LOF,0.06115208828617582,0.07690447446858541,0.8619434372452388
25599,LOF,0.023217148822340255,0.46906157154333383,0.5077212796343259
25600,GOF,0.18383660182241573,0.4696539769719228,0.3465094212056615
25601,LOF,0.04314412277438176,0.39342365930527146,0.5634322179203468
25602,LOF,0.03678883863706489,0.06492718020052447,0.8982839811624106
25603,LOF,0.03292762505217497,0.03381860519499909,0.933253769752826
25604,LOF,0.03492352577852805,0.07515919768628966,0.8899172765351823
25605,LOF,0.037830546226504565,0.19862917161904614,0.7635402821544492
25606,LOF,0.4222673070165887,0.11215080875733713,0.46558188422607405
25607,LOF,0.026801282578951303,0.17842035041869783,0.7947783670023509
25608,LOF,0.03380966258695427,0.07294964731977285,0.8932406900932729
25609,GOF,0.15251031195955614,0.5294261352899204,0.3180635527505234
25610,LOF,0.01705057243732616,0.02767076384000225,0.9552786637226716
25611,LOF,0.014269049358528928,0.03352746918653312,0.9522034814549379
25612,LOF,0.04942736249950898,0.044316138529396476,0.9062564989710945
25613,LOF,0.04683958119266366,0.04409351725469888,0.9090669015526375
25614,LOF,0.022072863543715265,0.025501927611436645,0.9524252088448482
25615,LOF,0.04325765257945101,0.04117681144954382,0.9155655359710052
25616,LOF,0.05188510214903841,0.02863090842824546,0.919483989422716
25617,LOF,0.042253706856134526,0.04009417055640415,0.9176521225874613
25618,LOF,0.04948074801303199,0.035476394849284554,0.9150428571376835
25619,LOF,0.013767871423005016,0.03328460514357135,0.9529475234334236
25620,LOF,0.06271150077607275,0.04515625458468349,0.8921322446392439
25621,LOF,0.056206344756391274,0.035678534167996115,0.9081151210756128
25622,LOF,0.06496262579502889,0.03381958147009252,0.9012177927348786
25623,LOF,0.07792609820777081,0.027656487489191642,0.8944174143030376
25624,LOF,0.018978027857031867,0.03340068142270841,0.9476212907202597
25625,LOF,0.061144810050051214,0.04125114119526628,0.8976040487546826
25626,LOF,0.04861607071210087,0.04148154452773224,0.9099023847601668
25627,Neutral,0.9016308837554187,0.01628887342526841,0.08208024281931293
25628,LOF,0.14478521138498443,0.046614715296636154,0.8086000733183795
25629,LOF,0.06719242356381074,0.04072740485312512,0.8920801715830642
25630,LOF,0.3193962936203961,0.061350822860878694,0.6192528835187252
25631,Neutral,0.5745044282537255,0.05070917202113139,0.37478639972514305
25632,LOF,0.029235681807672914,0.06230146597056266,0.9084628522217644
25633,LOF,0.17189013918671286,0.03851384175487457,0.7895960190584126
25634,LOF,0.03391940763811359,0.081181418892219,0.8848991734696674
25635,LOF,0.03803834396062052,0.042520064695387175,0.9194415913439924
25636,LOF,0.03770361199088913,0.38482041504596515,0.5774759729631457
25637,LOF,0.07685111340487151,0.4168553900463226,0.5062934965488058
25638,LOF,0.029789108451705813,0.30157082786702744,0.6686400636812667
25639,LOF,0.03236347826265922,0.3208712416365967,0.646765280100744
25640,Neutral,0.7821334856681925,0.17594389096319712,0.04192262336861035
25641,GOF,0.06787325029237087,0.4714634783330594,0.46066327137456975
25642,LOF,0.04849444541599537,0.16371441769446574,0.787791136889539
25643,LOF,0.20456343852302758,0.14064974182021178,0.6547868196567606
25644,LOF,0.022879894029068624,0.3811662792339094,0.595953826737022
25645,LOF,0.0255408516711985,0.33304544922402785,0.6414136991047735
25646,LOF,0.06003237050405265,0.27420457761590183,0.6657630518800456
25647,LOF,0.025560824042883665,0.21289068870904201,0.7615484872480743
25648,LOF,0.03485358135573994,0.20859940230258894,0.7565470163416711
25649,LOF,0.01892646040800118,0.2038916623236741,0.7771818772683248
25650,LOF,0.05325892649342975,0.34148402713840037,0.6052570463681699
25651,LOF,0.01820208471877399,0.24091448107375368,0.7408834342074723
25652,LOF,0.036900413239026264,0.216180403632642,0.7469191831283318
25653,LOF,0.09101578103469073,0.3429560217792904,0.5660281971860189
25654,LOF,0.027358298238290304,0.20407293430410822,0.7685687674576014
25655,LOF,0.23635412501774203,0.32240738068193975,0.44123849430031825
25656,LOF,0.33975827933881214,0.045461283271103624,0.6147804373900841
25657,LOF,0.0691039965116223,0.04846253263196558,0.8824334708564122
25658,LOF,0.3632276460770164,0.05418762427631116,0.5825847296466724
25659,Neutral,0.5342300296260107,0.0748028749695225,0.39096709540446667
25660,LOF,0.022412251309114783,0.0853139863398562,0.8922737623510291
25661,LOF,0.10021436040385663,0.060333058961380186,0.8394525806347631
25662,LOF,0.03557777148811632,0.0376437375018555,0.9267784910100281
25663,LOF,0.050653474620660326,0.04855289401074074,0.900793631368599
25664,LOF,0.13628403363521843,0.06630941859103426,0.7974065477737472
25665,LOF,0.05648172949529733,0.035047437540593356,0.9084708329641094
25666,LOF,0.08664075468814682,0.07431108208688414,0.8390481632249691
25667,LOF,0.07614210933616905,0.041748264622937875,0.882109626040893
25668,LOF,0.03879591054016721,0.051101551341283385,0.9101025381185494
25669,LOF,0.03443078043115824,0.05319810347573256,0.9123711160931092
25670,LOF,0.13937651912954177,0.05878347359295613,0.801840007277502
25671,LOF,0.11800724892543156,0.03829392966597083,0.8436988214085975
25672,LOF,0.051692913172386716,0.04514612164006528,0.9031609651875481
25673,LOF,0.08015086379602976,0.048408292696644144,0.871440843507326
25674,LOF,0.0699281707850371,0.05536165320051789,0.8747101760144449
25675,LOF,0.11418487534185184,0.05812366609771674,0.8276914585604315
25676,LOF,0.018913451526353382,0.056101956232941105,0.9249845922407055
25677,LOF,0.027671806296600314,0.07269327118538282,0.8996349225180169
25678,LOF,0.20615837351352373,0.06314771086623114,0.7306939156202451
25679,LOF,0.12797099354748537,0.08637109841331778,0.785657908039197
25680,LOF,0.03429651703644035,0.1208543763041268,0.8448491066594328
25681,LOF,0.054653821071056305,0.11291691308268449,0.8324292658462593
25682,LOF,0.15691325492224034,0.07836591790931662,0.764720827168443
25683,LOF,0.12327566248205034,0.09246769845821912,0.7842566390597306
25684,LOF,0.0446812171716324,0.07733930242591687,0.8779794804024507
25685,LOF,0.13260662893693698,0.047170630008989,0.8202227410540741
25686,LOF,0.09056427295964041,0.07883070290394353,0.830605024136416
25687,LOF,0.11362365952592592,0.08654445199348536,0.7998318884805887
25688,LOF,0.3169518040232995,0.041875956067271555,0.641172239909429
25689,LOF,0.2623609562402101,0.03949539988634337,0.6981436438734465
25690,LOF,0.32722346382825357,0.03428054443466849,0.6384959917370779
25691,Neutral,0.6896284156099174,0.025668142164538492,0.2847034422255441
25692,LOF,0.3763539548217772,0.0099704518843083,0.6136755932939145
25693,LOF,0.045653067694214754,0.40735841451728055,0.5469885177885047
25694,LOF,0.11183622481649211,0.01950837087870409,0.8686554043048037
25695,LOF,0.1044520353725995,0.017558720855913156,0.8779892437714875
25696,LOF,0.14992444547516182,0.010656382511151525,0.8394191720136865
25697,LOF,0.09360883275533001,0.02927627780370888,0.8771148894409612
25698,LOF,0.35624997550341325,0.18146458363799695,0.46228544085858997
25699,LOF,0.47199046116449006,0.03628906552140601,0.49172047331410396
25700,LOF,0.07036434058316328,0.008568710449541996,0.9210669489672947
25701,LOF,0.1318165701947014,0.05212976376596158,0.8160536660393372
25702,GOF,0.16652942819579414,0.5878127818350057,0.24565778996920007
25703,LOF,0.016698220042498345,0.1766252766352158,0.8066765033222858
25704,LOF,0.04177086717846601,0.12093826464087311,0.8372908681806609
25705,LOF,0.052829393804786746,0.15315798875672906,0.7940126174384842
25706,LOF,0.10216084414214599,0.4215675163846766,0.4762716394731773
25707,LOF,0.09491113155984084,0.37295476510252495,0.5321341033376342
25708,LOF,0.03296217565178621,0.3122683305711179,0.6547694937770959
25709,LOF,0.07366080806171979,0.0433442325563166,0.8829949593819636
25710,LOF,0.011907487888923847,0.149052517236096,0.83903999487498
25711,LOF,0.02002515926228793,0.10405020827507955,0.8759246324626325
25712,LOF,0.013630492648430607,0.1864073190664097,0.7999621882851597
25713,LOF,0.01968819361475605,0.08902930006161956,0.8912825063236244
25714,LOF,0.0807492475074872,0.08653688837552041,0.8327138641169923
25715,LOF,0.012080823400031256,0.14629619978696598,0.8416229768130028
25716,LOF,0.013961915094808925,0.12108825732470041,0.8649498275804905
25717,LOF,0.01180716748985599,0.08377913331346891,0.9044136991966751
25718,LOF,0.013162608987611932,0.10491923401026508,0.8819181570021228
25719,LOF,0.01960387864279873,0.08478037888617716,0.8956157424710242
25720,LOF,0.024556974357301274,0.07385230367931522,0.9015907219633834
25721,LOF,0.015674207896525804,0.1251966759743579,0.8591291161291162
25722,LOF,0.014701420282547993,0.133174872972693,0.8521237067447591
25723,LOF,0.02561382159316796,0.04455789360839553,0.9298282847984366
25724,LOF,0.03435777196419103,0.09460477470533023,0.8710374533304788
25725,LOF,0.012608106100323114,0.0693811985721353,0.9180106953275416
25726,LOF,0.016377392919602687,0.11237012969517687,0.8712524773852205
25727,LOF,0.013613942946113212,0.08083898968120562,0.9055470673726812
25728,LOF,0.010409304772889046,0.12480459459599677,0.864786100631114
25729,LOF,0.010898405035375407,0.12098987135530308,0.8681117236093215
25730,LOF,0.014735725844238915,0.0895054294621244,0.8957588446936368
25731,LOF,0.020001654696818295,0.10863432676543994,0.8713640185377418
25732,LOF,0.01587176629128793,0.08367306835321557,0.9004551653554964
25733,LOF,0.017711785140129,0.07614850047612869,0.9061397143837424
25734,LOF,0.011915199624232327,0.12602636026363304,0.8620584401121346
25735,LOF,0.014807878249589698,0.09384746333875228,0.891344658411658
25736,LOF,0.016434394941371226,0.11096889018708116,0.8725967148715477
25737,LOF,0.013138927234051535,0.0827952302539571,0.9040658425119914
25738,LOF,0.013184387593989688,0.11068264226968196,0.8761329701363284
25739,LOF,0.022020627184419377,0.08383368565266319,0.8941456871629174
25740,LOF,0.028296612241915285,0.10993010757009097,0.8617732801879937
25741,LOF,0.015390776829211871,0.11901521976784069,0.8655940034029473
25742,LOF,0.13297205040584145,0.08987551541090989,0.7771524341832488
25743,LOF,0.0333502326390251,0.04007905848578795,0.9265707088751869
25744,Neutral,0.5960785535807908,0.19132496381780603,0.21259648260140318
25745,LOF,0.08562707525590195,0.07460340618646981,0.8397695185576283
25746,LOF,0.03947970744163692,0.09563804367438783,0.8648822488839752
25747,LOF,0.02434584650758092,0.052889352803999264,0.9227648006884199
25748,LOF,0.09799170661149849,0.07262529081339791,0.8293830025751037
25749,LOF,0.024840561922217924,0.08989985601152446,0.8852595820662575
25750,LOF,0.08721348729675012,0.08915763274745216,0.8236288799557978
25751,LOF,0.10154937819408517,0.0813675631826594,0.8170830586232555
25752,GOF,0.11261915473853769,0.6285949659916619,0.25878587926980035
25753,LOF,0.019133827880222904,0.2753885616430513,0.7054776104767259
25754,GOF,0.011098866077868117,0.7608994279642759,0.22800170595785604
25755,LOF,0.02357345717504151,0.3783983520031324,0.5980281908218261
25756,LOF,0.04321182939837671,0.353283574563491,0.6035045960381322
25757,GOF,0.012886082455017387,0.8291202737361064,0.1579936438088761
25758,GOF,0.02926650339556684,0.7803416328566027,0.1903918637478304
25759,GOF,0.010630986631969642,0.5517012788437936,0.43766773452423685
25760,LOF,0.011525466039024773,0.24765665202915874,0.7408178819318164
25761,GOF,0.2765781024333265,0.6304083144267327,0.09301358313994078
25762,LOF,0.0360272398121867,0.24966134100297477,0.7143114191848385
25763,LOF,0.012727378563963635,0.20193966282268558,0.7853329586133507
25764,GOF,0.07580563627112219,0.5913565428539165,0.3328378208749613
25765,GOF,0.04100134149965863,0.7112638729211586,0.24773478557918277
25766,GOF,0.07547911674792003,0.7328145265785571,0.19170635667352276
25767,GOF,0.13180539846178393,0.5807800062626598,0.28741459527555624
25768,LOF,0.11466839217071902,0.07331875486668069,0.8120128529626004
25769,LOF,0.060569734751867416,0.06067428217448911,0.8787559830736434
25770,LOF,0.32713606290851605,0.09122871571933225,0.5816352213721517
25771,LOF,0.04252712752508173,0.04459131164402776,0.9128815608308904
25772,LOF,0.01916589712478316,0.037477327981989515,0.9433567748932272
25773,LOF,0.04931186601722031,0.08319920393938782,0.8674889300433918
25774,LOF,0.027927906368042432,0.07198486416856895,0.9000872294633887
25775,LOF,0.05176020446703285,0.044637247296670526,0.9036025482362966
25776,LOF,0.0750419080901984,0.02386088060770692,0.9010972113020946
25777,LOF,0.37726441139917344,0.05327474736739184,0.5694608412334348
25778,LOF,0.07431957462172031,0.04520596439648845,0.8804744609817913
25779,GOF,0.3780641319033174,0.5748140050885868,0.0471218630080957
25780,GOF,0.32133906324795297,0.6003158253603436,0.07834511139170339
25781,GOF,0.13203371386852994,0.7585283425958766,0.10943794353559344
25782,GOF,0.22323833576330285,0.7021744740941352,0.07458719014256182
25783,GOF,0.022312996198066665,0.5983595251899202,0.37932747861201316
25784,Neutral,0.5200047167877535,0.43236285182592216,0.04763243138632436
25785,Neutral,0.4927809647269902,0.46543236167750524,0.04178667359550445
25786,GOF,0.027263614896254507,0.7191133794246748,0.2536230056790708
25787,Neutral,0.6670300816481682,0.30456511548818993,0.028404802863641762
25788,LOF,0.05674810808496875,0.10097701446249807,0.8422748774525333
25789,GOF,0.22560526139559892,0.6180387670030627,0.15635597160133832
25790,GOF,0.23312458114413281,0.6539011548777358,0.11297426397813135
25791,GOF,0.19498059339179036,0.6264295801467005,0.17858982646150917
25792,GOF,0.38346152929463106,0.4929205279707823,0.12361794273458661
25793,GOF,0.2620707019717339,0.5095324747384515,0.22839682328981448
25794,GOF,0.31373822796894046,0.5025297177769225,0.183732054254137
25795,GOF,0.08960531624813313,0.6571673924826611,0.2532272912692059
25796,Neutral,0.572512189525123,0.343528287562938,0.08395952291193899
25797,GOF,0.09218835770816823,0.4956686199825613,0.4121430223092705
25798,LOF,0.008866577433782285,0.48177242212827104,0.5093610004379466
25799,LOF,0.00721896283964908,0.35091245917289926,0.6418685779874517
25800,GOF,0.03857104367537983,0.5199270367768078,0.44150191954781237
25801,GOF,0.2199288928936207,0.6294642397213611,0.15060686738501824
25802,GOF,0.08768290615272797,0.636271852009657,0.27604524183761503
25803,GOF,0.03748146537581347,0.5465263879285163,0.4159921466956703
25804,LOF,0.031156179618942563,0.43320251969999024,0.5356413006810671
25805,GOF,0.10426035668300254,0.5484567277769344,0.34728291554006296
25806,GOF,0.10876139856507046,0.5476466498794835,0.343591951555446
25807,GOF,0.019516877875626438,0.571670887321634,0.40881223480273954
25808,GOF,0.08538827075852329,0.6057275166251695,0.3088842126163071
25809,GOF,0.018344552424873577,0.5429251989216342,0.43873024865349225
25810,GOF,0.017218944304397205,0.5784428669530358,0.40433818874256683
25811,Neutral,0.4795821545304453,0.4400765064487855,0.0803413390207691
25812,GOF,0.03171965859435621,0.6081528795082827,0.3601274618973611
25813,Neutral,0.5305531105729128,0.36302938643897087,0.10641750298811642
25814,GOF,0.13199595540535838,0.5909462119199599,0.27705783267468165
25815,GOF,0.20447536780104814,0.6002077233442347,0.19531690885471714
25816,GOF,0.023181525128862682,0.6745026741095532,0.30231580076158415
25817,GOF,0.23974422129399073,0.6249538146936405,0.13530196401236866
25818,GOF,0.05704143080063639,0.5942231552825096,0.3487354139168541
25819,GOF,0.3627250265463469,0.4861946560399198,0.15108031741373343
25820,GOF,0.1922997338420956,0.5844111972381527,0.22328906891975162
25821,GOF,0.05686075650865129,0.6359693452710529,0.30716989822029583
25822,GOF,0.22944046741065757,0.5322905944636064,0.23826893812573607
25823,LOF,0.038898705946647356,0.47164736602747676,0.48945392802587584
25824,GOF,0.10067348480576659,0.5456139644824812,0.3537125507117522
25825,GOF,0.042199801426230206,0.5412682582717753,0.41653194030199453
25826,GOF,0.015294340386817321,0.522953434381725,0.4617522252314577
25827,GOF,0.023681907051277186,0.5723593760181404,0.40395871693058244
25828,LOF,0.014121559941101425,0.47154130374052955,0.5143371363183691
25829,GOF,0.00634529781422536,0.5609963701547699,0.4326583320310048
25830,LOF,0.0318414841550511,0.2808004102455506,0.6873581055993984
25831,GOF,0.24050989761079677,0.6260886522690386,0.1334014501201646
25832,GOF,0.03450070020045808,0.6269601107281202,0.3385391890714218
25833,GOF,0.1376269542757106,0.6621429118167553,0.20023013390753414
25834,GOF,0.0356190432851918,0.6304878974671091,0.3338930592476992
25835,GOF,0.08076643236338922,0.6976356809285913,0.22159788670801947
25836,GOF,0.040996416896287524,0.6214689939827692,0.3375345891209433
25837,GOF,0.028739032881804665,0.5327450365751762,0.4385159305430191
25838,GOF,0.10424462644032544,0.7148032926089609,0.18095208095071363
25839,GOF,0.31055288706146306,0.5070973357123876,0.18234977722614942
25840,GOF,0.25513717793483975,0.573224231573419,0.1716385904917412
25841,GOF,0.24085367959642584,0.5949357871246358,0.16421053327893828
25842,GOF,0.16925976598802125,0.6733058143309336,0.15743441968104513
25843,GOF,0.23931768617867835,0.6502257518202762,0.11045656200104538
25844,GOF,0.06901946205485307,0.6695433415227445,0.26143719642240243
25845,LOF,0.01606524443730403,0.4368300166012798,0.5471047389614162
25846,GOF,0.1345913734381181,0.6945329082835713,0.1708757182783106
25847,GOF,0.10862316501068914,0.7487817186867728,0.14259511630253804
25848,GOF,0.042576530354299084,0.6439225720204029,0.313500897625298
25849,GOF,0.011953082998903103,0.530278058050343,0.45776885895075387
25850,GOF,0.0223077727756558,0.6049345175055714,0.372757709718773
25851,GOF,0.019130661157488647,0.49547590646507395,0.48539343237743743
25852,GOF,0.17347588144251164,0.5468968877675597,0.2796272307899287
25853,GOF,0.37697539894839316,0.5457392630771383,0.07728533797446856
25854,GOF,0.023086865752721824,0.5863751545662206,0.3905379796810577
25855,GOF,0.04093798094986333,0.5094484204959321,0.44961359855420463
25856,GOF,0.25287177164434044,0.5031867554299105,0.24394147292574905
25857,LOF,0.04047724803018628,0.44872584277834776,0.510796909191466
25858,GOF,0.019341746921300272,0.4911494383747229,0.4895088147039768
25859,LOF,0.009970922287701118,0.4583058617323303,0.5317232159799686
25860,GOF,0.37035136274408764,0.5321830305296713,0.09746560672624108
25861,GOF,0.44549370813020367,0.4670653748430896,0.08744091702670681
25862,GOF,0.09965889052098681,0.7358472577526358,0.1644938517263774
25863,GOF,0.09442113966629528,0.7474335648105663,0.15814529552313833
25864,GOF,0.22972597323880606,0.6887178088657054,0.08155621789548838
25865,GOF,0.10121224194543477,0.7608376198551722,0.13795013819939309
25866,GOF,0.07706711976067432,0.7392437009363011,0.18368917930302456
25867,GOF,0.09740857769586869,0.7809050232827885,0.12168639902134261
25868,GOF,0.2608251536805511,0.6252140387623951,0.1139608075570538
25869,Neutral,0.7260060421877553,0.23448934400679353,0.039504613805451054
25870,LOF,0.3019452650067098,0.3391967365330672,0.358857998460223
25871,GOF,0.22725054274789203,0.6007607454191892,0.17198871183291872
25872,GOF,0.08154210513363029,0.6250190089582764,0.29343888590809336
25873,GOF,0.1334175548585435,0.6437108708952368,0.22287157424621953
25874,LOF,0.01677039515427313,0.11743339052645516,0.8657962143192717
25875,LOF,0.09426480420183292,0.04096514517376502,0.864770050624402
25876,LOF,0.03329550372779758,0.027936120804392037,0.9387683754678104
25877,LOF,0.4595395754060672,0.04545221363324511,0.4950082109606876
25878,LOF,0.17506263050534066,0.09184071835027796,0.7330966511443814
25879,LOF,0.08894010968447479,0.08773894527057725,0.823320945044948
25880,LOF,0.02328552301874545,0.016737334410322158,0.9599771425709324
25881,LOF,0.1736581308999248,0.11112455316225256,0.7152173159378228
25882,LOF,0.06103447081438202,0.015913374918917454,0.9230521542667005
25883,LOF,0.08179364231335454,0.01939509643756753,0.8988112612490778
25884,LOF,0.032586891646346296,0.028265404899697946,0.9391477034539557
25885,LOF,0.05910305778394133,0.011747406130614205,0.9291495360854444
25886,LOF,0.2575156993869461,0.0360766847314483,0.7064076158816056
25887,LOF,0.15785450724870687,0.06598695772642181,0.7761585350248714
25888,LOF,0.07698972749126053,0.05431847152802255,0.8686918009807169
25889,LOF,0.044257577396498486,0.019220954126673188,0.9365214684768283
25890,LOF,0.04902179096948449,0.14393206019422405,0.8070461488362914
25891,LOF,0.0402234077858899,0.051818715751846045,0.907957876462264
25892,LOF,0.09336899786827103,0.020052828856616765,0.8865781732751122
25893,LOF,0.251186103824431,0.017735373475323914,0.7310785227002451
25894,LOF,0.1915148422296522,0.00951799975942539,0.7989671580109223
25895,LOF,0.21660941578390622,0.018068866474391532,0.7653217177417022
25896,LOF,0.0506338762789734,0.021299471626353893,0.9280666520946727
25897,LOF,0.2643741372852999,0.010434683387422079,0.7251911793272781
25898,Neutral,0.7254634706603501,0.008755223147437213,0.26578130619221274
25899,LOF,0.19673013449904952,0.019907306070981727,0.7833625594299688
25900,LOF,0.4505248484563625,0.013311352497608673,0.5361637990460288
25901,LOF,0.047982719909662686,0.011496749790877414,0.9405205302994599
25902,LOF,0.14014167656622978,0.012429153428566622,0.8474291700052037
25903,Neutral,0.5569548991674516,0.027188298697828853,0.41585680213471965
25904,LOF,0.26483515747211006,0.04662545214900407,0.6885393903788859
25905,LOF,0.023991772701878515,0.34278004080264346,0.6332281864954781
25906,LOF,0.028886706533203684,0.08301264840066507,0.8881006450661313
25907,LOF,0.015359600868581664,0.33841993768655965,0.6462204614448587
25908,LOF,0.00996202045525604,0.2472680948299112,0.7427698847148327
25909,LOF,0.013146552320335165,0.14531703037282656,0.8415364173068383
25910,LOF,0.04803285532038202,0.13488775686282953,0.8170793878167885
25911,LOF,0.19347014735548865,0.01949831773461153,0.7870315349098997
25912,LOF,0.052201654707500815,0.040378343456273794,0.9074200018362254
25913,LOF,0.3197358907016472,0.01658441088760239,0.6636796984107504
25914,LOF,0.020252563494980346,0.0729815369377997,0.90676589956722
25915,Neutral,0.5535823174761215,0.2093168513143429,0.23710083120953562
25916,LOF,0.09301656001044441,0.2515085918786204,0.6554748481109353
25917,LOF,0.06463628350824759,0.0521539892776891,0.8832097272140634
25918,LOF,0.02628122485415973,0.042814968347864135,0.9309038067979761
25919,LOF,0.0220862075065777,0.04993788438925978,0.9279759081041625
25920,GOF,0.09732991579151817,0.5365786196479052,0.36609146456057656
25921,LOF,0.021032941473358265,0.03506817009155334,0.9438988884350885
25922,LOF,0.029458197213690356,0.024448746697116507,0.946093056089193
25923,LOF,0.42884315470618295,0.029743443514924726,0.5414134017788923
25924,LOF,0.032373177028710495,0.042790542234532804,0.9248362807367566
25925,LOF,0.0689391671376472,0.033302944181511675,0.8977578886808412
25926,LOF,0.04781660472180779,0.03138435544447347,0.9207990398337187
25927,LOF,0.05496022209001107,0.10653054182286774,0.8385092360871211
25928,LOF,0.016430093654706865,0.04428881112972515,0.939281095215568
25929,Neutral,0.5469212272345056,0.03211760101675398,0.4209611717487405
25930,LOF,0.052582729071353654,0.026915684318402997,0.9205015866102434
25931,LOF,0.020879873905252304,0.026681450622137143,0.9524386754726105
25932,LOF,0.024829946073198453,0.022819854797632752,0.9523501991291687
25933,LOF,0.03442004147078685,0.016061064094629686,0.9495188944345836
25934,LOF,0.022990422391147004,0.01992034753870292,0.95708923007015
25935,LOF,0.06077342511004507,0.042992265696235286,0.8962343091937196
25936,LOF,0.040656151371139496,0.020915907704529314,0.9384279409243311
25937,LOF,0.025511269211400053,0.0336745687389848,0.9408141620496152
25938,LOF,0.06110755745747627,0.045685048194111684,0.893207394348412
25939,LOF,0.039256481138851135,0.017935734196412072,0.9428077846647369
25940,LOF,0.027737346651718245,0.38819966581517495,0.5840629875331068
25941,LOF,0.18272761777407875,0.10739260955787147,0.7098797726680497
25942,LOF,0.015786070067262493,0.034570366232340416,0.949643563700397
25943,LOF,0.31054878864236085,0.05503159115537381,0.6344196202022653
25944,Neutral,0.48905271103490067,0.023202689301020624,0.4877445996640787
25945,LOF,0.07075155883381029,0.021352063945345976,0.9078963772208437
25946,LOF,0.024958331064874963,0.12101959809753415,0.8540220708375909
25947,LOF,0.10125900974893641,0.24968654633209453,0.6490544439189692
25948,LOF,0.4290275453005442,0.008087611211063665,0.5628848434883921
25949,LOF,0.10016220935969398,0.03267568602036705,0.867162104619939
25950,GOF,0.31677944819019865,0.3560421888196682,0.3271783629901332
25951,LOF,0.23842202036638147,0.2229367142361737,0.5386412653974448
25952,LOF,0.04546486050734088,0.4085905761961177,0.5459445632965414
25953,LOF,0.14456754431460872,0.08742182470437965,0.7680106309810116
25954,Neutral,0.48687815435638054,0.14935002502999767,0.36377182061362184
25955,LOF,0.059301584266656084,0.07615189588335325,0.8645465198499908
25956,LOF,0.14516400092516443,0.12004115883201079,0.7347948402428247
25957,LOF,0.0346968425209846,0.03007114789250954,0.935232009586506
25958,LOF,0.06349445423811347,0.028162212522789998,0.9083433332390964
25959,LOF,0.07815789534173262,0.376021573037374,0.5458205316208934
25960,LOF,0.016156200159575248,0.05402977513669249,0.9298140247037322
25961,LOF,0.053862280946434755,0.03197134525571706,0.9141663737978482
25962,LOF,0.05929142079662232,0.025744058559126738,0.9149645206442508
25963,LOF,0.045388975255417574,0.2076085790491256,0.7470024456954569
25964,LOF,0.03565510496100966,0.1535311285871185,0.8108137664518718
25965,LOF,0.4528627289920648,0.08157367066120444,0.4655636003467307
25966,Neutral,0.5141683734985987,0.1931126983072728,0.29271892819412865
25967,LOF,0.015682225921792768,0.12215285028430328,0.8621649237939039
25968,LOF,0.027965452874477333,0.43871698919932844,0.5333175579261942
25969,LOF,0.028061324280647656,0.05967737494196979,0.9122613007773825
25970,LOF,0.05380981373790485,0.06464792019861458,0.8815422660634806
25971,LOF,0.07329560142960452,0.018248218713411778,0.9084561798569838
25972,LOF,0.07181737417413217,0.025032655827017962,0.9031499699988498
25973,LOF,0.060653328448629217,0.009877388332942612,0.9294692832184281
25974,LOF,0.20721521728415443,0.017229300278003155,0.7755554824378423
25975,LOF,0.04083469241835657,0.03221416010420022,0.9269511474774432
25976,LOF,0.045546591869272034,0.017895687458350937,0.9365577206723771
25977,LOF,0.15334134064587393,0.10280875812998067,0.7438499012241454
25978,LOF,0.14023983966231263,0.05773898738043029,0.8020211729572571
25979,LOF,0.13540648777415798,0.0567102821867195,0.8078832300391225
25980,LOF,0.21189174056842758,0.07089223730151235,0.7172160221300602
25981,LOF,0.2422746594235223,0.0689684762445994,0.6887568643318783
25982,LOF,0.3841994534115988,0.0457721052069928,0.5700284413814084
25983,LOF,0.3849302937153535,0.05110675607543088,0.5639629502092156
25984,LOF,0.0480837722768332,0.04517335089582193,0.906742876827345
25985,LOF,0.036639757256273144,0.2397857427302804,0.7235745000134465
25986,LOF,0.04258417213476283,0.2603538347602385,0.6970619931049987
25987,LOF,0.0745031760034037,0.06128068348030304,0.8642161405162933
25988,LOF,0.14271278398587148,0.04934485001244097,0.8079423660016876
25989,LOF,0.0288022116521791,0.09300780205742849,0.8781899862903925
25990,LOF,0.03914400447902463,0.11704714995285295,0.8438088455681225
25991,LOF,0.1224552310340589,0.3133004913657316,0.5642442776002095
25992,LOF,0.28671553367828406,0.18556222613622575,0.5277222401854903
25993,LOF,0.0237768900586309,0.09485287135382077,0.8813702385875484
25994,LOF,0.017789414250943162,0.13149376625489137,0.8507168194941654
25995,LOF,0.02600293526753528,0.2750098048142018,0.698987259918263
25996,GOF,0.28506398611435424,0.4612936899507403,0.25364232393490543
25997,LOF,0.07644660820503511,0.4491368328641166,0.47441655893084844
25998,Neutral,0.5325410267147032,0.022081073559268184,0.44537789972602865
25999,LOF,0.11572119502920912,0.1125546868679607,0.7717241181028301
26000,LOF,0.156519533905317,0.04721954079856266,0.7962609252961204
26001,LOF,0.1846573071926428,0.058078023306503135,0.757264669500854
26002,LOF,0.13614794521629078,0.04486736176383469,0.8189846930198745
26003,GOF,0.01074506971363312,0.566799660563308,0.4224552697230589
26004,GOF,0.01986866149371444,0.6414484790310253,0.3386828594752601
26005,LOF,0.007895760249522724,0.43598440037646424,0.556119839374013
26006,Neutral,0.5292651617671882,0.25213202020626624,0.21860281802654566
26007,GOF,0.021492407493243312,0.5141571334396666,0.4643504590670901
26008,GOF,0.01717787467002212,0.6166573165693029,0.366164808760675
26009,GOF,0.020647110377983467,0.673644975456647,0.30570791416536947
26010,GOF,0.025451658257713887,0.6392784631092628,0.33526987863302327
26011,LOF,0.006819588342131423,0.41990255749682703,0.5732778541610414
26012,GOF,0.014117490653690454,0.5462290308347233,0.4396534785115862
26013,GOF,0.02022437369517461,0.6119754906449002,0.36780013565992536
26014,LOF,0.04023885599331377,0.11232715543311145,0.8474339885735748
26015,LOF,0.22327866171754543,0.00921138985948228,0.7675099484229724
26016,LOF,0.20489197057017308,0.05067065070241245,0.7444373787274146
26017,LOF,0.25679453441424255,0.08162920862715221,0.6615762569586053
26018,LOF,0.09117017219673543,0.02733265179820076,0.8814971760050637
26019,LOF,0.08690391915134725,0.0209392486052523,0.8921568322434005
26020,LOF,0.07639495248786958,0.0952457830903009,0.8283592644218294
26021,LOF,0.048598747967860435,0.09380627496615017,0.8575949770659894
26022,LOF,0.01087806998346261,0.032158063241850776,0.9569638667746866
26023,LOF,0.10877749759427517,0.018949276274477633,0.8722732261312471
26024,LOF,0.03337485674168503,0.10462700244533601,0.861998140812979
26025,LOF,0.16806182760681246,0.08284159247279256,0.7490965799203949
26026,LOF,0.33860417344543403,0.0273490814645224,0.6340467450900436
26027,LOF,0.07953297524787559,0.014834046960765445,0.9056329777913589
26028,LOF,0.17330923556698793,0.06178939082185504,0.7649013736111571
26029,LOF,0.06724477433073991,0.23385019842227212,0.698905027246988
26030,LOF,0.024367932794011924,0.06700219152609763,0.9086298756798904
26031,LOF,0.026479296667463334,0.16316712046607845,0.8103535828664582
26032,LOF,0.06174705352112757,0.08052816974443629,0.8577247767344361
26033,LOF,0.10964624614170133,0.10401869761569499,0.7863350562426036
26034,LOF,0.046071011709915594,0.19686700631099777,0.7570619819790867
26035,LOF,0.027107007371389276,0.1823017206265044,0.7905912720021062
26036,LOF,0.037834454440122775,0.20847238630854478,0.7536931592513324
26037,LOF,0.02221184125895023,0.15580308790761627,0.8219850708334335
26038,LOF,0.057779024149609864,0.08419974628932442,0.8580212295610657
26039,LOF,0.047752431947946025,0.18573198159386478,0.7665155864581891
26040,LOF,0.169706332172625,0.16414872536954156,0.6661449424578334
26041,LOF,0.02222952676017422,0.14061021779242988,0.8371602554473958
26042,LOF,0.02073528994518569,0.13070890610994257,0.8485558039448717
26043,LOF,0.05764855135961539,0.10109925169348653,0.8412521969468981
26044,LOF,0.020909349470560307,0.0824068325957276,0.8966838179337121
26045,LOF,0.06896814535616998,0.12839421439721796,0.802637640246612
26046,LOF,0.05900456641460892,0.09794214427706621,0.8430532893083248
26047,LOF,0.08208073751883899,0.1029837081720964,0.8149355543090646
26048,LOF,0.0496435427756604,0.05128389108843489,0.8990725661359048
26049,Neutral,0.9605853819104762,0.008446859130576629,0.030967758958947184
26050,Neutral,0.9457150816600892,0.010774189153076813,0.043510729186834074
26051,LOF,0.05628425566546737,0.24863569794980478,0.6950800463847278
26052,LOF,0.07575330959836266,0.277067912802264,0.6471787775993734
26053,LOF,0.052150878969028786,0.12761463646777202,0.8202344845631993
26054,LOF,0.053538011208849164,0.01659943101388492,0.9298625577772659
26055,LOF,0.07310400720123285,0.013743700611007428,0.9131522921877597
26056,LOF,0.06116984088134387,0.015491457216034836,0.9233387019026214
26057,LOF,0.028429626297661933,0.011487856173978834,0.9600825175283593
26058,LOF,0.029266932388630464,0.009344944618940726,0.9613881229924289
26059,LOF,0.2910882664430333,0.022019116260463285,0.6868926172965033
26060,LOF,0.04283044230757733,0.18328085514430315,0.7738887025481196
26061,LOF,0.017923429763166403,0.010648214330442498,0.9714283559063912
26062,LOF,0.010338426210080796,0.01738391457855349,0.9722776592113658
26063,LOF,0.02294206874974634,0.01135368235567798,0.9657042488945757
26064,LOF,0.02184437289609286,0.019569816736673712,0.9585858103672334
26065,LOF,0.0253437139133601,0.010274868342235248,0.9643814177444047
26066,LOF,0.021964929762415725,0.010477402191247171,0.967557668046337
26067,LOF,0.029671915885863036,0.008425892576312436,0.9619021915378244
26068,LOF,0.046979265410559516,0.027867153304017886,0.9251535812854226
26069,LOF,0.25812322664780885,0.01925557773688266,0.7226211956153085
26070,LOF,0.38010537923717286,0.015635373979329206,0.604259246783498
26071,LOF,0.024319002264481172,0.01251987038941089,0.963161127346108
26072,LOF,0.02072186002668569,0.015894238705408896,0.9633839012679054
26073,LOF,0.02482741690516144,0.01102128607212936,0.9641512970227092
26074,Neutral,0.9128456041363912,0.00533909354424529,0.08181530231936342
26075,LOF,0.0469599773463052,0.014430640421730912,0.9386093822319639
26076,LOF,0.04901311565190184,0.008652330279978826,0.9423345540681193
26077,LOF,0.010007928810118364,0.017306456282909357,0.9726856149069724
26078,LOF,0.013222314968815527,0.010986475238132903,0.9757912097930516
26079,LOF,0.06470527088999668,0.01678924798646679,0.9185054811235366
26080,LOF,0.06373335959674055,0.016819993867308765,0.9194466465359507
26081,LOF,0.03759429202920554,0.006179761672673608,0.9562259462981207
26082,LOF,0.01437718440540802,0.015401833601225112,0.9702209819933668
26083,LOF,0.133536849314552,0.012101723091641385,0.8543614275938066
26084,LOF,0.03013388442986281,0.011268157431333442,0.9585979581388038
26085,LOF,0.025449320085465084,0.01074077059443025,0.9638099093201047
26086,LOF,0.025249595097350964,0.01104278817983229,0.9637076167228167
26087,LOF,0.02851434872325443,0.007660759805458607,0.963824891471287
26088,LOF,0.01628262417026306,0.022624137800709716,0.9610932380290274
26089,LOF,0.04316862957325426,0.021279191063163123,0.9355521793635827
26090,LOF,0.04276133853864416,0.016875970663339998,0.9403626907980159
26091,LOF,0.03758102728315193,0.006452225534010093,0.955966747182838
26092,LOF,0.02718383931318931,0.008137921615786057,0.9646782390710247
26093,LOF,0.04047871690799246,0.005819892493589215,0.9537013905984184
26094,LOF,0.043566548338715524,0.006318695592132523,0.950114756069152
26095,LOF,0.04300699551645595,0.012107943544973031,0.944885060938571
26096,LOF,0.018829345738954707,0.012142966742518526,0.9690276875185269
26097,LOF,0.012111806135647342,0.03294027847202216,0.9549479153923304
26098,LOF,0.07291573456550633,0.009540570109816954,0.9175436953246768
26099,LOF,0.025404360674732073,0.011246770625470685,0.9633488686997972
26100,LOF,0.027713820992877114,0.010784310093875826,0.9615018689132471
26101,LOF,0.05960797954757044,0.01518726616234924,0.9252047542900804
26102,LOF,0.024929188429321746,0.012881901357364247,0.9621889102133139
26103,Neutral,0.8888154738744444,0.017302959809509993,0.09388156631604555
26104,LOF,0.08489896615588727,0.023680645513422,0.8914203883306907
26105,LOF,0.21755443048019307,0.2813128244785078,0.5011327450412991
26106,LOF,0.20801983874873733,0.10597816134884398,0.6860019999024187
26107,LOF,0.2322643083835173,0.08125990600823679,0.6864757856082458
26108,LOF,0.2583604549010698,0.10853512909436108,0.6331044160045692
26109,LOF,0.08271851346551032,0.05418069089682352,0.8631007956376661
26110,LOF,0.30513104503068744,0.007773654181048062,0.6870953007882644
26111,Neutral,0.5150963592805535,0.021825979613779536,0.46307766110566684
26112,LOF,0.034463743791886624,0.007310978461271138,0.9582252777468423
26113,LOF,0.057266559413531454,0.015892857768805186,0.9268405828176632
26114,LOF,0.026206513884500918,0.02433005349363903,0.9494634326218601
26115,LOF,0.08981721566566558,0.0495614178682756,0.8606213664660588
26116,LOF,0.06477148777610556,0.047550858579335296,0.8876776536445593
26117,LOF,0.44019692871936955,0.042710936169930415,0.5170921351107
26118,LOF,0.03784689625626753,0.024712060107319304,0.937441043636413
26119,LOF,0.022703760934190794,0.04273611239887502,0.9345601266669342
26120,LOF,0.030058875593277776,0.023069227063453653,0.9468718973432685
26121,LOF,0.04117606545203774,0.07890815903479195,0.8799157755131702
