feature0,prediction,LoGoFunc_Neutral,LoGoFunc_GOF,LoGoFunc_LOF
25546,Neutral,0.6754179336748345,0.052042406769282026,0.2725396595558835
25547,Neutral,0.5072761242671874,0.09925882882317856,0.39346504690963413
25548,Neutral,0.502528755555141,0.08470603249570514,0.41276521194915383
25549,LOF,0.4190271211271029,0.08713987347563669,0.49383300539726044
25550,LOF,0.37002316066729257,0.11842395290014503,0.5115528864325624
25551,LOF,0.3075063588316776,0.1300196312838898,0.5624740098844326
25552,LOF,0.2494769427497803,0.12357872216742094,0.6269443350827988
25553,Neutral,0.8152540192737316,0.04089091385470597,0.14385506687156246
25554,LOF,0.2909769289890693,0.11169465037486097,0.5973284206360697
25555,LOF,0.2425352461965295,0.10676192807166944,0.650702825731801
25556,LOF,0.429959082293559,0.09617365235167201,0.473867265354769
25557,LOF,0.23213096876721592,0.11065830845394163,0.6572107227788424
25558,LOF,0.29731965829323076,0.11204183451705589,0.5906385071897133
25559,LOF,0.19769324011650427,0.1350440406600691,0.6672627192234266
25560,LOF,0.1587773287943399,0.097898193144308,0.743324478061352
25561,LOF,0.15200893965032644,0.12271738755915017,0.7252736727905233
25562,LOF,0.06824490769662245,0.0763129304636763,0.8554421618397013
25563,LOF,0.02133218407149793,0.11678189796073758,0.8618859179677645
25564,LOF,0.23076137005549757,0.10943658699451303,0.6598020429499895
25565,LOF,0.22473395082137254,0.1359682409832848,0.6392978081953427
25566,GOF,0.1038143320422293,0.6934050094706214,0.20278065848714927
25567,LOF,0.03920284900823065,0.11986914783441988,0.8409280031573495
25568,LOF,0.06143515443588848,0.0685513534825311,0.8700134920815804
25569,LOF,0.06029891554820896,0.07133095991817222,0.8683701245336188
25570,LOF,0.025590227155058997,0.1017614612754266,0.8726483115695145
25571,LOF,0.026239184572744278,0.09828402309469607,0.8754767923325596
25572,LOF,0.06231111744149532,0.12219964519871811,0.8154892373597865
25573,LOF,0.05834214271794709,0.08582289208984048,0.8558349651922124
25574,LOF,0.058970478568794296,0.18738209603645092,0.7536474253947547
25575,LOF,0.02184053195830351,0.1206019645622573,0.8575575034794392
25576,LOF,0.03368692492178311,0.15885761268540494,0.8074554623928121
25577,LOF,0.029966481886926178,0.11585886987536176,0.854174648237712
25578,LOF,0.28521659992733606,0.07638116905913817,0.6384022310135257
25579,LOF,0.12863159797071105,0.08175093196211568,0.7896174700671732
25580,LOF,0.01873944214998028,0.07712941021856509,0.9041311476314546
25581,LOF,0.05597127483086061,0.06845177857083846,0.875576946598301
25582,LOF,0.05588205579154415,0.0671641630685408,0.8769537811399151
25583,LOF,0.01952376000451806,0.07518401974769161,0.9052922202477904
25584,Neutral,0.6561551666500808,0.10759913338062625,0.2362456999692929
25585,LOF,0.03594921911938219,0.12718137928845602,0.8368694015921618
25586,LOF,0.017250711445521944,0.06524110414265717,0.9175081844118209
25587,LOF,0.016328299260580856,0.05905213994631401,0.924619560793105
25588,LOF,0.01887489854810149,0.06783152908846349,0.913293572363435
25589,Neutral,0.4957966997007567,0.20518418364253305,0.29901911665671027
25590,LOF,0.047230497610588326,0.10676796025219898,0.8460015421372127
25591,LOF,0.10154661211611402,0.05619950847360201,0.842253879410284
25592,LOF,0.05194137173004155,0.1317933485883149,0.8162652796816435
25593,LOF,0.13951659349474493,0.24843233347799956,0.6120510730272556
25594,LOF,0.045833716001293726,0.11147598378300097,0.8426903002157053
25595,LOF,0.046095229982989844,0.08534246093187195,0.8685623090851382
25596,LOF,0.09444499925125133,0.047612620014595895,0.8579423807341529
25597,LOF,0.08036614405560175,0.05641496386489438,0.8632188920795039
25598,LOF,0.04605095540106608,0.0830761321968482,0.8708729124020856
25599,GOF,0.021085428053164837,0.5736934550590987,0.40522111688773643
25600,GOF,0.17072015463006252,0.5448959010343551,0.28438394433558223
25601,LOF,0.042201398230214016,0.4157917769268478,0.5420068248429382
25602,LOF,0.03674716494886487,0.053071432759824184,0.910181402291311
25603,LOF,0.03758428759530162,0.028791069271993302,0.9336246431327051
25604,LOF,0.037250643397561685,0.054992096893388145,0.9077572597090503
25605,LOF,0.04532539802353664,0.1837696868548068,0.7709049151216565
25606,LOF,0.43678548508748616,0.09989937307560766,0.46331514183690614
25607,LOF,0.025211214658903417,0.18109456302668364,0.7936942223144129
25608,LOF,0.03639185690548675,0.0751557846556086,0.8884523584389046
25609,GOF,0.15009813905988734,0.542415403081744,0.30748645785836864
25610,LOF,0.016109972543437497,0.027765913454372775,0.9561241140021898
25611,LOF,0.015006755333418392,0.030054436430737064,0.9549388082358444
25612,LOF,0.04653888024188818,0.03726185052314395,0.9161992692349679
25613,LOF,0.04392571824439122,0.03717466923093919,0.9188996125246696
25614,LOF,0.02221662531028355,0.026808781849551266,0.9509745928401652
25615,LOF,0.045489175839835624,0.03337032677510751,0.9211404973850568
25616,LOF,0.047153789461681535,0.02560600953727987,0.9272402010010387
25617,LOF,0.04445615770591415,0.03355292424667374,0.9219909180474122
25618,LOF,0.05308037075306486,0.03223490198802484,0.9146847272589103
25619,LOF,0.0156133029384657,0.02925795349160212,0.9551287435699322
25620,LOF,0.059838267221433504,0.03600984802523217,0.9041518847533344
25621,LOF,0.049015555031068025,0.029818797185311118,0.9211656477836209
25622,LOF,0.05789835780583931,0.030320637348817167,0.9117810048453435
25623,LOF,0.07027314781064754,0.027445206047123718,0.9022816461422287
25624,LOF,0.019445053148240393,0.03540930555475017,0.9451456412970095
25625,LOF,0.064310284387257,0.03678431347218067,0.8989054021405624
25626,LOF,0.044356563336428984,0.03630268953536004,0.919340747128211
25627,Neutral,0.8854627662540503,0.02309677390119769,0.09144045984475198
25628,LOF,0.1303399831914096,0.06288411602604528,0.806775900782545
25629,LOF,0.06206503517822104,0.04679659086007605,0.8911383739617029
25630,LOF,0.2644293621386675,0.07952115646656248,0.6560494813947699
25631,Neutral,0.5245508133861995,0.06607626693432592,0.4093729196794746
25632,LOF,0.028364065010873907,0.06027073975657024,0.9113651952325559
25633,LOF,0.1980829125074919,0.03358557092742193,0.7683315165650861
25634,LOF,0.03446072589725841,0.07991207043550098,0.8856272036672406
25635,LOF,0.03989726321845748,0.04153978378726051,0.918562952994282
25636,LOF,0.03407452644971886,0.4827158479642769,0.48320962558600417
25637,GOF,0.07260286918496904,0.46932315369765365,0.4580739771173773
25638,LOF,0.043473954323968333,0.2757377438086567,0.6807883018673749
25639,LOF,0.036891429746351075,0.33613731169941263,0.6269712585542363
25640,Neutral,0.8139175582859561,0.14340378133664355,0.04267866037740046
25641,LOF,0.05054668463446573,0.4702581299580532,0.479195185407481
25642,LOF,0.04912731516310296,0.14144335756104676,0.8094293272758503
25643,LOF,0.2380341383430631,0.15108312871352308,0.6108827329434137
25644,LOF,0.02122500564351405,0.4808558195003972,0.4979191748560887
25645,LOF,0.019460262478445796,0.4382919301076626,0.5422478074138916
25646,LOF,0.04291305037373162,0.355467880509195,0.6016190691170734
25647,LOF,0.022672370527878637,0.26335531074903307,0.7139723187230884
25648,LOF,0.02733298051275466,0.2596590560015702,0.7130079634856753
25649,LOF,0.014197255759268355,0.25686605524221995,0.7289366889985117
25650,LOF,0.04773734652201848,0.4146394523519658,0.5376232011260157
25651,LOF,0.015255251885915621,0.2621450036568906,0.7225997444571938
25652,LOF,0.02938344806751056,0.2584719652486401,0.7121445866838494
25653,LOF,0.07620786164585505,0.37971353247665013,0.5440786058774948
25654,LOF,0.022458181185203614,0.1996885638410541,0.7778532549737424
25655,LOF,0.2150159596410166,0.38102727729580593,0.4039567630631775
25656,LOF,0.2940089374749261,0.04207402614336135,0.6639170363817126
25657,LOF,0.07221533713341217,0.05798063774519208,0.8698040251213959
25658,LOF,0.3511285480437118,0.056211081813060546,0.5926603701432277
25659,Neutral,0.5040986970340926,0.07792974605041768,0.41797155691548976
25660,LOF,0.025027074300781937,0.07878386956209392,0.8961890561371241
25661,LOF,0.0889515237918996,0.05753623082266794,0.8535122453854324
25662,LOF,0.03275646997039457,0.03017718429557293,0.9370663457340326
25663,LOF,0.03801989052219528,0.04203746420400624,0.9199426452737984
25664,LOF,0.13966615127699403,0.05394552618569347,0.8063883225373125
25665,LOF,0.055506921447282816,0.030648138395577562,0.9138449401571396
25666,LOF,0.08904399399397839,0.07250097790384487,0.8384550281021768
25667,LOF,0.06465149521994305,0.04123410459779915,0.8941144001822579
25668,LOF,0.03698150653484741,0.04237655923015531,0.9206419342349972
25669,LOF,0.03230131061307646,0.05213926994248535,0.9155594194444382
25670,LOF,0.13189728409575124,0.04109076887638032,0.8270119470278685
25671,LOF,0.0941312798161447,0.029693130422550656,0.8761755897613046
25672,LOF,0.05464346977139424,0.040960140713172874,0.9043963895154329
25673,LOF,0.08105053415668924,0.038319745105673035,0.8806297207376378
25674,LOF,0.07110963955875747,0.04848822675178439,0.8804021336894581
25675,LOF,0.12029503653618544,0.045828916089180105,0.8338760473746344
25676,LOF,0.019052272431326758,0.046626835826085185,0.934320891742588
25677,LOF,0.025576493765519716,0.06112131029896701,0.9133021959355133
25678,LOF,0.1769278911924128,0.055175606172171654,0.7678965026354155
25679,LOF,0.1320052818711159,0.07111961000841244,0.7968751081204717
25680,LOF,0.030534131110786997,0.10635915132988769,0.8631067175593254
25681,LOF,0.04851334990801818,0.09835456128286535,0.8531320888091164
25682,LOF,0.1351196569536666,0.05905697064362772,0.8058233724027056
25683,LOF,0.128780149609571,0.07049455689577842,0.8007252934946505
25684,LOF,0.03888219598095313,0.062539347352139,0.8985784566669079
25685,LOF,0.12519888073742289,0.04388484343448431,0.8309162758280927
25686,LOF,0.07198374110112517,0.0836032695517187,0.8444129893471561
25687,LOF,0.12198327816701726,0.07829845384152939,0.7997182679914534
25688,LOF,0.3107491890135166,0.035103744228449946,0.6541470667580336
25689,LOF,0.23206992830327136,0.046739228263294574,0.721190843433434
25690,LOF,0.35885609443663935,0.03455871161048368,0.606585193952877
25691,Neutral,0.6865660190467889,0.03463420258763608,0.27879977836557496
25692,LOF,0.30141508828788305,0.01090095445347273,0.6876839572586443
25693,LOF,0.045669128000263626,0.45866471516540314,0.49566615683433324
25694,LOF,0.13304406775855368,0.0203688284201004,0.846587103821346
25695,LOF,0.12800624226694973,0.01592974330245656,0.8560640144305938
25696,LOF,0.12427940064873602,0.01018577005793881,0.8655348292933253
25697,LOF,0.11419349591996832,0.027344598553203047,0.8584619055268286
25698,LOF,0.34054174499999906,0.2561776635601179,0.4032805914398831
25699,LOF,0.4480012655365858,0.04164294077474453,0.5103557936886697
25700,LOF,0.04866587468392009,0.01084103715737411,0.9404930881587058
25701,LOF,0.15745732371093454,0.05928430044212929,0.7832583758469361
25702,GOF,0.16868230073696422,0.527927357981621,0.3033903412814147
25703,LOF,0.015194209585827083,0.13975662073637904,0.8450491696777939
25704,LOF,0.04734680202425741,0.11024499109424864,0.8424082068814939
25705,LOF,0.05814965150240124,0.19686254123908767,0.7449878072585111
25706,LOF,0.09337499545323248,0.34754918148350344,0.559075823063264
25707,LOF,0.09156076701025784,0.2630731635034265,0.6453660694863157
25708,LOF,0.028575309314066148,0.26248466356884187,0.708940027117092
25709,LOF,0.05403201364367336,0.041657802927318015,0.9043101834290086
25710,LOF,0.011392664286478667,0.12730405440462378,0.8613032813088976
25711,LOF,0.01838198977880033,0.08995468045735897,0.8916633297638408
25712,LOF,0.013078828240915826,0.17929085140611778,0.8076303203529664
25713,LOF,0.0183895492046265,0.08050163703152304,0.9011088137638505
25714,LOF,0.0665422224534701,0.07821410655537943,0.8552436709911505
25715,LOF,0.010000695825390208,0.14406137135746397,0.8459379328171458
25716,LOF,0.012871276965676168,0.1067091162447094,0.8804196067896145
25717,LOF,0.012628139599523793,0.07566059098822082,0.9117112694122553
25718,LOF,0.011407283926537608,0.10341847453067902,0.8851742415427835
25719,LOF,0.018099851340016977,0.08408833428841696,0.897811814371566
25720,LOF,0.021013187013052978,0.07219271551277479,0.9067940974741723
25721,LOF,0.015572567749707876,0.10499408460529344,0.8794333476449987
25722,LOF,0.013474497277119619,0.11780383038181381,0.8687216723410665
25723,LOF,0.022258541751481026,0.04795664671593608,0.929784811532583
25724,LOF,0.022242220347146,0.08729132247443776,0.8904664571784162
25725,LOF,0.011315310758219501,0.0724196826205715,0.916265006621209
25726,LOF,0.014847797329368091,0.09777631026618658,0.8873758924044454
25727,LOF,0.012910250581025774,0.08026980916802434,0.9068199402509499
25728,LOF,0.009523716750870905,0.10686053384515229,0.8836157494039769
25729,LOF,0.009814910776428728,0.10853302630287674,0.8816520629206945
25730,LOF,0.013708367476036426,0.08101930327789192,0.9052723292460717
25731,LOF,0.021033825123495782,0.11185483764138426,0.86711133723512
25732,LOF,0.014641304827367274,0.08556978504591092,0.8997889101267218
25733,LOF,0.01500762842640641,0.07263038670841107,0.9123619848651825
25734,LOF,0.012499330737932688,0.12081156245234062,0.8666891068097267
25735,LOF,0.013257772164819288,0.07804075474349678,0.908701473091684
25736,LOF,0.013928377941276014,0.10187374586455532,0.8841978761941687
25737,LOF,0.020920252735295818,0.08429204889710123,0.894787698367603
25738,LOF,0.013178105111925083,0.11474017090935842,0.8720817239787164
25739,LOF,0.01939075702655623,0.08159537746814828,0.8990138655052955
25740,LOF,0.026146292266996243,0.09559642752810316,0.8782572802049007
25741,LOF,0.014243123420382605,0.10853530784037489,0.8772215687392424
25742,LOF,0.1074617369406157,0.0836839389315469,0.8088543241278374
25743,LOF,0.035650039342358185,0.033736051776556,0.9306139088810857
25744,Neutral,0.5442662811173239,0.21990057299960183,0.2358331458830742
25745,LOF,0.08752290257302148,0.06429315380021944,0.8481839436267592
25746,LOF,0.041252360703396676,0.07547516703863913,0.8832724722579642
25747,LOF,0.022420536164618674,0.03826127804363062,0.9393181857917507
25748,LOF,0.11506964212360528,0.0542960183370298,0.8306343395393648
25749,LOF,0.026370555096871823,0.07141598411625522,0.902213460786873
25750,LOF,0.08164688395345007,0.07363986199148102,0.8447132540550689
25751,LOF,0.0913131592605658,0.057742093219869985,0.8509447475195643
25752,GOF,0.11261655877357567,0.6542316522211914,0.2331517890052329
25753,LOF,0.020089891488994868,0.25128618425963856,0.7286239242513666
25754,GOF,0.009993988876165042,0.767067580848043,0.22293843027579194
25755,LOF,0.023997351320059326,0.3810539658919469,0.5949486827879937
25756,LOF,0.04255555537696428,0.36103399600801683,0.5964104486150189
25757,GOF,0.012975322609862342,0.8257158583581277,0.16130881903201
25758,GOF,0.02735893024908837,0.8245098757800424,0.14813119397086907
25759,GOF,0.010598469134241055,0.5385536499794501,0.4508478808863087
25760,LOF,0.013255746796188244,0.2157673323224785,0.7709769208813333
25761,GOF,0.27444811529447993,0.6209612444902978,0.10459064021522232
25762,LOF,0.03758431531461507,0.26429506833171945,0.6981206163536654
25763,LOF,0.013981200125914328,0.19116550351680883,0.7948532963572768
25764,GOF,0.07815978898218816,0.6137358804714611,0.3081043305463508
25765,GOF,0.049552280546503825,0.7403868373486836,0.21006088210481258
25766,GOF,0.05537749495360183,0.7930238669504667,0.1515986380959315
25767,GOF,0.19434880584893027,0.41832551737025897,0.38732567678081076
25768,LOF,0.09350701778343198,0.06811623570845238,0.8383767465081157
25769,LOF,0.06319828803687312,0.05945934173137264,0.8773423702317542
25770,LOF,0.2717478898796383,0.08130644976884283,0.6469456603515189
25771,LOF,0.044233226773417754,0.04476699999680226,0.9109997732297799
25772,LOF,0.017358025203444163,0.031384652254232745,0.9512573225423232
25773,LOF,0.046779328295840465,0.07624545500953472,0.8769752166946249
25774,LOF,0.028540749481182598,0.0740978747014613,0.8973613758173561
25775,LOF,0.04778942104979434,0.04889598028048657,0.903314598669719
25776,LOF,0.07128469729947053,0.023845257004679807,0.9048700456958496
25777,LOF,0.3331608168253324,0.04843704348003626,0.6184021396946312
25778,LOF,0.061826552357209394,0.047019773799903374,0.8911536738428872
25779,GOF,0.3708525659169017,0.5848725342059372,0.04427489987716108
25780,GOF,0.29981689043111776,0.6302945312046234,0.06988857836425878
25781,GOF,0.13240350204858062,0.7498940810723992,0.11770241687902015
25782,GOF,0.1859025056629143,0.7385086824940628,0.07558881184302288
25783,GOF,0.030231744559923963,0.6246999179657594,0.34506833747431664
25784,Neutral,0.49725597015344974,0.46517671725706233,0.03756731258948792
25785,GOF,0.3844262361531796,0.5718361671588995,0.043737596687920946
25786,GOF,0.02477506536479391,0.7747513716726613,0.20047356296254476
25787,Neutral,0.6438975445961578,0.33127250428320765,0.024829951120634675
25788,LOF,0.04613533928330537,0.10435841891722845,0.8495062417994662
25789,GOF,0.18740293896459023,0.6535877118677463,0.15900934916766343
25790,GOF,0.19456788733698815,0.6926420238837661,0.11279008877924578
25791,GOF,0.12291720337380813,0.7043838491438439,0.172698947482348
25792,GOF,0.2889162972361165,0.5847570547515502,0.12632664801233337
25793,GOF,0.2732102385609829,0.5460784527780186,0.1807113086609985
25794,GOF,0.3122768731968482,0.5157991396058181,0.1719239871973337
25795,GOF,0.0787951741814212,0.6861260971874011,0.23507872863117762
25796,Neutral,0.5389294489126382,0.38321308324820835,0.07785746783915354
25797,GOF,0.09964574741313596,0.5293301289700955,0.3710241236167686
25798,LOF,0.009277979987394292,0.4880606633660397,0.5026613566465661
25799,LOF,0.006573055794549324,0.38127518488045076,0.612151759325
25800,GOF,0.03222265511426541,0.5746768638630197,0.39310048102271494
25801,GOF,0.17427965722282243,0.6787604603701516,0.146959882407026
25802,GOF,0.08431270069405786,0.6995806708418997,0.21610662846404238
25803,GOF,0.038717348676936214,0.5539758283979648,0.40730682292509907
25804,LOF,0.03335407088854146,0.46041011878285737,0.5062358103286011
25805,GOF,0.08316954884307004,0.6180983491631308,0.2987321019937992
25806,GOF,0.09617906717003374,0.5950668416870187,0.30875409114294744
25807,GOF,0.020379604843433832,0.6231672518208327,0.3564531433357336
25808,GOF,0.08202330374539424,0.634622324202635,0.2833543720519708
25809,GOF,0.01723898788114341,0.5636261794612765,0.41913483265758006
25810,GOF,0.016480713661847644,0.5938626416966587,0.3896566446414936
25811,GOF,0.44915895334006356,0.4683379655390332,0.08250308112090325
25812,GOF,0.02900255565478258,0.6171369935658242,0.35386045077939315
25813,Neutral,0.5102667413478923,0.38931032484093014,0.1004229338111776
25814,GOF,0.10782921028957221,0.6496034199243726,0.24256736978605517
25815,GOF,0.18860277601017844,0.6090825079052372,0.20231471608458432
25816,GOF,0.024118358408348757,0.7129138881080078,0.26296775348364354
25817,GOF,0.2532576771810094,0.6015838725051614,0.14515845031382918
25818,GOF,0.054409585261112885,0.6684204124531832,0.2771700022857039
25819,GOF,0.3695426972095327,0.4876243176794972,0.1428329851109701
25820,GOF,0.1868606987581013,0.6051924128271027,0.20794688841479603
25821,GOF,0.06368670569137722,0.6720283404924453,0.26428495381617745
25822,GOF,0.2220928153784409,0.5728709016969571,0.2050362829246021
25823,GOF,0.032862881492753356,0.5307482179422152,0.43638890056503143
25824,GOF,0.08990263134196778,0.6104605624446537,0.2996368062133784
25825,GOF,0.03656419066329926,0.6109309889300807,0.35250482040662
25826,GOF,0.01564071278034216,0.5922708459964726,0.39208844122318515
25827,GOF,0.02571025277832134,0.6239225309950177,0.3503672162266609
25828,GOF,0.01495793043762069,0.5470838035654174,0.4379582659969618
25829,GOF,0.005640215840759426,0.5622626097018024,0.4320971744574381
25830,LOF,0.032502546934070085,0.28087463128428325,0.6866228217816466
25831,GOF,0.22566360386100529,0.6490015067138101,0.12533488942518467
25832,GOF,0.030547471703932842,0.6957893081468167,0.2736632201492504
25833,GOF,0.11674148868505597,0.7190919198881669,0.1641665914267772
25834,GOF,0.031154498790459874,0.7147421493220567,0.25410335188748345
25835,GOF,0.06518919418415935,0.7548502006771587,0.17996060513868178
25836,GOF,0.03383485279768481,0.6668317416080033,0.29933340559431204
25837,GOF,0.02547079888187102,0.61128644352337,0.363242757594759
25838,GOF,0.09006846098732763,0.7737786207988553,0.13615291821381706
25839,GOF,0.2865170775964696,0.5653660296092958,0.1481168927942346
25840,GOF,0.25915158876377636,0.5950959666781075,0.1457524445581161
25841,GOF,0.24997091175628325,0.6225014421271843,0.12752764611653247
25842,GOF,0.1426840629833943,0.7339082777940813,0.12340765922252453
25843,GOF,0.21139786193040175,0.6994478492213193,0.08915428884827897
25844,GOF,0.06111403536203714,0.7435047072449594,0.1953812573930034
25845,GOF,0.01584345691358425,0.5148578054935484,0.4692987375928674
25846,GOF,0.12678865569677736,0.7423902307941609,0.13082111350906164
25847,GOF,0.10595766199087438,0.7962883200408618,0.09775401796826381
25848,GOF,0.03568077790573123,0.7203860686216194,0.24393315347264932
25849,GOF,0.010046562355739143,0.610493221163308,0.37946021648095296
25850,GOF,0.019721262758256874,0.6608687730652474,0.3194099641764958
25851,GOF,0.014839871996136764,0.5473427817763987,0.4378173462274645
25852,GOF,0.15846716436201153,0.5749560957212319,0.2665767399167567
25853,GOF,0.35137831890562193,0.5656536468510955,0.08296803424328257
25854,GOF,0.0223180733711319,0.6146657435161382,0.3630161831127299
25855,GOF,0.0348382754924422,0.565160813527271,0.4000009109802868
25856,GOF,0.26072859291148726,0.5332529348110235,0.20601847227748918
25857,GOF,0.039990036750798916,0.5012942411044979,0.4587157221447031
25858,GOF,0.02047057630722876,0.498673969269372,0.48085545442339916
25859,LOF,0.010333857193240094,0.4738277091740015,0.5158384336327584
25860,GOF,0.3659942994312044,0.555847113983128,0.0781585865856677
25861,GOF,0.43288068838130084,0.4952179867004814,0.07190132491821785
25862,GOF,0.07895261706257907,0.7786952799966916,0.14235210294072945
25863,GOF,0.08267327440634037,0.7775805038126036,0.13974622178105603
25864,GOF,0.19208957543634372,0.740758175943986,0.06715224861967027
25865,GOF,0.0781297240137107,0.8077672419875763,0.114103033998713
25866,GOF,0.05300732987599518,0.7932839770015997,0.153708693122405
25867,GOF,0.07936561931634736,0.8154430889383146,0.10519129174533788
25868,GOF,0.27267811578376977,0.6269863136136459,0.10033557060258443
25869,Neutral,0.714626478962792,0.24177552352476184,0.04359799751244607
25870,GOF,0.2807629786882878,0.4019406637049179,0.3172963576067943
25871,GOF,0.21318003823639725,0.6395441509170414,0.14727581084656136
25872,GOF,0.0744116705134659,0.6695017924719887,0.2560865370145454
25873,GOF,0.11900592965077895,0.6866648087062507,0.19432926164297035
25874,LOF,0.014062083161261561,0.11392707735355705,0.8720108394851814
25875,LOF,0.09026041382441366,0.04292256712776491,0.8668170190478215
25876,LOF,0.032978097105009554,0.029024654956966975,0.9379972479380234
25877,Neutral,0.5042327888664874,0.037713254286437334,0.4580539568470754
25878,LOF,0.22571897830061063,0.09190923182889342,0.682371789870496
25879,LOF,0.0924393987574536,0.0880803117395964,0.81948028950295
25880,LOF,0.041554708760585285,0.013938863105324687,0.9445064281340901
25881,LOF,0.153341446229349,0.1292258138126636,0.7174327399579874
25882,LOF,0.05977607319483206,0.018017679779732888,0.9222062470254351
25883,LOF,0.06257679046143375,0.02069871352100646,0.9167244960175597
25884,LOF,0.030970958374243445,0.03195000587514781,0.9370790357506088
25885,LOF,0.05756608229223167,0.012082194862738318,0.93035172284503
25886,LOF,0.24952094351056248,0.04024874162398779,0.7102303148654497
25887,LOF,0.14520476651975736,0.07329761960632807,0.7814976138739146
25888,LOF,0.05976561310309023,0.06373577580606592,0.8764986110908438
25889,LOF,0.03810789695948207,0.02213498053027418,0.9397571225102437
25890,LOF,0.054679335281749855,0.1515994575831198,0.7937212071351304
25891,LOF,0.039889552667588896,0.058660210500649256,0.9014502368317618
25892,LOF,0.08372450458305314,0.02399292681665525,0.8922825686002915
25893,LOF,0.23933257997938562,0.019368901189319408,0.7412985188312949
25894,LOF,0.18025710217219074,0.013875213911540807,0.8058676839162684
25895,LOF,0.20320600341710346,0.022281757377984275,0.7745122392049123
25896,LOF,0.050007835805528984,0.0235917851145456,0.9264003790799253
25897,LOF,0.263153236278253,0.01550295753221277,0.7213438061895342
25898,Neutral,0.6972274515086752,0.011136473698642119,0.2916360747926827
25899,LOF,0.21825476359221016,0.022357375271011677,0.7593878611367781
25900,LOF,0.43287703076735234,0.012593295414055938,0.5545296738185918
25901,LOF,0.04808501338334459,0.011122253116383273,0.9407927335002721
25902,LOF,0.15622183702878142,0.014451704327667295,0.8293264586435513
25903,Neutral,0.5652305493014249,0.029272271658007835,0.4054971790405673
25904,LOF,0.30352958299418364,0.04304533826119753,0.6534250787446189
25905,LOF,0.02472194955461226,0.3368610219988425,0.6384170284465454
25906,LOF,0.030077113897886965,0.0867866559917934,0.8831362301103196
25907,LOF,0.013431900972937439,0.33085951132961733,0.6557085876974453
25908,LOF,0.009610872972686903,0.2612344106346714,0.7291547163926416
25909,LOF,0.012994957235231447,0.13002609438370283,0.8569789483810658
25910,LOF,0.049449227887216445,0.13751452425857202,0.8130362478542115
25911,LOF,0.1986701391120536,0.02800615396074986,0.7733237069271964
25912,LOF,0.04516688746688438,0.0443586802463856,0.91047443228673
25913,LOF,0.33991270844131016,0.022031908321396225,0.6380553832372936
25914,LOF,0.022965536439646266,0.05326039208351786,0.9237740714768359
25915,Neutral,0.5733344585561102,0.14480545041259832,0.28186009103129134
25916,LOF,0.09493370818313696,0.21045674000012424,0.6946095518167388
25917,LOF,0.07421926139103915,0.03730913630780809,0.8884716023011526
25918,LOF,0.024065070234844988,0.03056508462742949,0.9453698451377255
25919,LOF,0.021488000779554216,0.034167183844665876,0.9443448153757799
25920,GOF,0.10570059327029219,0.48738697197662706,0.40691243475308075
25921,LOF,0.0235752331101155,0.03562007581306887,0.9408046910768157
25922,LOF,0.03272641148964963,0.027212153879757412,0.940061434630593
25923,LOF,0.48141310353689215,0.03643382839620186,0.48215306806690617
25924,LOF,0.03626664939022747,0.042392998662294165,0.9213403519474784
25925,LOF,0.07266926429635252,0.04033890846494073,0.8869918272387068
25926,LOF,0.05146235370702943,0.035337191531582865,0.9132004547613878
25927,LOF,0.05515027787317837,0.13539493746421827,0.8094547846626033
25928,LOF,0.017824671893537876,0.05130131582596264,0.9308740122804995
25929,Neutral,0.5946050162561619,0.03816038553309647,0.36723459821074156
25930,LOF,0.07080911477919906,0.03062815523702997,0.8985627299837711
25931,LOF,0.024301336320049268,0.03460628828524247,0.9410923753947084
25932,LOF,0.02919510462119134,0.027366513268759537,0.943438382110049
25933,LOF,0.039818139697970295,0.01768988426588613,0.9424919760361435
25934,LOF,0.024156398336352282,0.02002449699319996,0.9558191046704477
25935,LOF,0.06459384928945684,0.0510919314462894,0.8843142192642538
25936,LOF,0.0440420368760312,0.02417832723964078,0.931779635884328
25937,LOF,0.029202598952145137,0.03633035836077078,0.9344670426870841
25938,LOF,0.06953698540785432,0.05356256511773936,0.8769004494744064
25939,LOF,0.04492157531822204,0.020879006555164236,0.9341994181266138
25940,LOF,0.04109179393397267,0.3336194843723653,0.625288721693662
25941,LOF,0.2000787373449885,0.07702321156000214,0.7228980510950095
25942,LOF,0.012789453203179967,0.031734862956195646,0.9554756838406244
25943,LOF,0.3059475013912644,0.05673590473655474,0.6373165938721809
25944,LOF,0.48811703049996985,0.02140621924859689,0.4904767502514334
25945,LOF,0.07084123750192228,0.018091863391816843,0.9110668991062609
25946,LOF,0.033302044239837646,0.11008648287677242,0.85661147288339
25947,LOF,0.11644355346354406,0.1914712317612134,0.6920852147752425
25948,LOF,0.38143643171317754,0.008574485210450788,0.6099890830763717
25949,LOF,0.12906395141523513,0.0391223849283544,0.8318136636564104
25950,GOF,0.3384740286185049,0.36020531975445347,0.3013206516270417
25951,LOF,0.18416931440331427,0.302739267146277,0.5130914184504086
25952,GOF,0.04171045327958047,0.5085115885450335,0.449777958175386
25953,LOF,0.1500532229062501,0.11570911456801367,0.7342376625257362
25954,Neutral,0.4147694666482367,0.19463942734322695,0.3905911060085364
25955,LOF,0.05990750597334722,0.08168843024831814,0.8584040637783347
25956,LOF,0.15808168091927402,0.1186690437979662,0.7232492752827597
25957,LOF,0.035711513210924535,0.02981390162405542,0.9344745851650199
25958,LOF,0.055137857438243884,0.02597896864890486,0.9188831739128513
25959,LOF,0.07167481537380345,0.3311408915321305,0.5971842930940661
25960,LOF,0.014737910306648117,0.05522302575682891,0.930039063936523
25961,LOF,0.04111862325808527,0.026054689588286672,0.9328266871536282
25962,LOF,0.0588849600448588,0.034509149373450156,0.906605890581691
25963,LOF,0.04381076893163455,0.21191940486415778,0.7442698262042077
25964,LOF,0.03104759175160706,0.15778182791564094,0.811170580332752
25965,LOF,0.4596145387933879,0.0645281464524275,0.4758573147541847
25966,Neutral,0.5205483574243456,0.1762212792336373,0.3032303633420171
25967,LOF,0.017116804799214274,0.09885730842902554,0.8840258867717602
25968,LOF,0.03319312191508799,0.3855580034894927,0.5812488745954193
25969,LOF,0.033370017671134275,0.0661956250914051,0.9004343572374606
25970,LOF,0.051791318588947935,0.057440214294096265,0.8907684671169558
25971,LOF,0.062181322640264186,0.022606806364601845,0.9152118709951339
25972,LOF,0.062333434184662535,0.03291326355211574,0.9047533022632217
25973,LOF,0.07051650772303021,0.01055274380054865,0.9189307484764211
25974,LOF,0.1936138673335561,0.015426323950899152,0.7909598087155447
25975,LOF,0.04681894618528246,0.025882631154760534,0.927298422659957
25976,LOF,0.03957726061326994,0.015983376451843636,0.9444393629348865
25977,LOF,0.1531687316226881,0.08905640039429637,0.7577748679830155
25978,LOF,0.14411427064031954,0.09889125308293874,0.7569944762767417
25979,LOF,0.13038097974455337,0.09797040571579359,0.7716486145396529
25980,LOF,0.2098320937655886,0.126882258030476,0.6632856482039353
25981,LOF,0.24033158988700987,0.12418801818872853,0.6354803919242615
25982,LOF,0.40650242599613856,0.08571879208264827,0.5077787819212132
25983,LOF,0.3674435758520936,0.09227289612213681,0.5402835280257695
25984,LOF,0.04836380393565804,0.050546685618739616,0.9010895104456024
25985,LOF,0.03714285548529088,0.2749041443481563,0.6879530001665529
25986,LOF,0.05615125768520333,0.30801686339618856,0.6358318789186082
25987,LOF,0.08697433443770161,0.07093160993957791,0.8420940556227205
25988,LOF,0.15621892258736375,0.06482047460237723,0.778960602810259
25989,LOF,0.03815218220091325,0.1211734609321317,0.8406743568669551
25990,LOF,0.03823506723266081,0.1699847597564278,0.7917801730109113
25991,LOF,0.13088191486435513,0.24420177153748335,0.6249163135981616
25992,LOF,0.29735093011908503,0.15021073382820022,0.5524383360527148
25993,LOF,0.024046957455987894,0.0775643461347108,0.8983886964093013
25994,LOF,0.018770422602017906,0.07799542490658322,0.9032341524913988
25995,LOF,0.025413125333674333,0.16632534047048406,0.8082615341958416
25996,GOF,0.32648220441218734,0.39222222752114283,0.28129556806666983
25997,LOF,0.08404166719110694,0.37442136355675426,0.5415369692521389
25998,Neutral,0.5131680369677356,0.030474181325731094,0.45635778170653324
25999,LOF,0.09984618100406008,0.09586644171081113,0.8042873772851287
26000,LOF,0.12207734431553123,0.043658216277392844,0.834264439407076
26001,LOF,0.19399235559055866,0.046953278586340824,0.7590543658231005
26002,LOF,0.11432800550986627,0.03951510282649793,0.8461568916636358
26003,GOF,0.010898730687975975,0.588449948799033,0.40065132051299107
26004,GOF,0.020513908016022125,0.6898916380070232,0.28959445397695477
26005,LOF,0.006957338436266955,0.4377989451549378,0.5552437164087953
26006,Neutral,0.5349552713827636,0.24101134476521566,0.2240333838520208
26007,GOF,0.021431425474144335,0.5019178275233459,0.4766507470025098
26008,GOF,0.017333820498012083,0.5907911456688759,0.391875033833112
26009,GOF,0.019897795095650237,0.6879649714717192,0.29213723343263054
26010,GOF,0.021833178881290632,0.6261450906646292,0.3520217304540802
26011,LOF,0.006121312071867806,0.4117623830821503,0.582116304845982
26012,GOF,0.011856532957636157,0.5393264372645983,0.44881702977776566
26013,GOF,0.017487487979732996,0.6083241983417832,0.3741883136784838
26014,LOF,0.04154602418806679,0.1192907249024692,0.839163250909464
26015,LOF,0.1525161112050039,0.016216858428548322,0.8312670303664478
26016,LOF,0.1971052501458004,0.06382644108372007,0.7390683087704796
26017,LOF,0.20625885033316316,0.0982111266098956,0.6955300230569413
26018,LOF,0.07278784681836249,0.03983269503011501,0.8873794581515225
26019,LOF,0.06993018933881076,0.03214152031044755,0.8979282903507416
26020,LOF,0.06831739601585393,0.11730384496808968,0.8143787590160565
26021,LOF,0.045005138736270524,0.11674469784823745,0.8382501634154921
26022,LOF,0.010668029061437897,0.04620114282536009,0.9431308281132019
26023,LOF,0.063150337121948,0.026210189723877314,0.9106394731541747
26024,LOF,0.029860988382483696,0.12353334979277233,0.8466056618247441
26025,LOF,0.15555790166550115,0.0999241002550722,0.7445179980794268
26026,LOF,0.3227347269408035,0.02843527395047773,0.6488299991087187
26027,LOF,0.0574547423517157,0.020468425633487698,0.9220768320147966
26028,LOF,0.16621852269596127,0.06723413108291298,0.7665473462211259
26029,LOF,0.0695173383774786,0.15105945605208485,0.7794232055704365
26030,LOF,0.02112249657498773,0.03476444778696279,0.9441130556380494
26031,LOF,0.025030266029290357,0.1046065826017952,0.8703631513689145
26032,LOF,0.06230661631144908,0.049817279174318906,0.887876104514232
26033,LOF,0.08277800889963494,0.04981969935869509,0.8674022917416699
26034,LOF,0.04280139424073503,0.1269950155290469,0.8302035902302181
26035,LOF,0.023696373997966553,0.114785153706652,0.8615184722953815
26036,LOF,0.03627239601963109,0.13382158438063615,0.8299060195997326
26037,LOF,0.0199215008084815,0.09416989148815753,0.8859086077033609
26038,LOF,0.05900188303215258,0.05229487861539157,0.8887032383524558
26039,LOF,0.045966837447337545,0.12256723296576641,0.831465929586896
26040,LOF,0.19366083630126854,0.09097409040453709,0.7153650732941944
26041,LOF,0.020582802969105862,0.08925807690374456,0.8901591201271496
26042,LOF,0.0186986185742296,0.0841393094087669,0.8971620720170036
26043,LOF,0.05971902033010184,0.060582151910825534,0.8796988277590727
26044,LOF,0.01807613292597006,0.04502581499834475,0.9368980520756851
26045,LOF,0.06749510617696075,0.07672093304840455,0.8557839607746347
26046,LOF,0.05563703426029403,0.04995448320341493,0.8944084825362909
26047,LOF,0.07198366308583065,0.05154140853584976,0.8764749283783196
26048,LOF,0.044223963441731795,0.03269179847220795,0.9230842380860601
26049,Neutral,0.9657252960120808,0.005302797959367532,0.02897190602855162
26050,Neutral,0.9488694128780198,0.006648180975036195,0.044482406146943994
26051,LOF,0.049663343968922705,0.2518019119217748,0.6985347441093026
26052,LOF,0.0625296257947156,0.2872890438182167,0.6501813303870676
26053,LOF,0.06655984010881366,0.13694833717442492,0.7964918227167614
26054,LOF,0.04682004644328004,0.01823755255652245,0.9349424010001974
26055,LOF,0.06721549133781364,0.01725044846003968,0.9155340602021467
26056,LOF,0.056778824876918155,0.01983520327408923,0.9233859718489926
26057,LOF,0.032099879283922945,0.012853579422565733,0.9550465412935113
26058,LOF,0.03302068716998453,0.010145717256547362,0.9568335955734681
26059,LOF,0.2705360869648249,0.020973663465920372,0.7084902495692548
26060,LOF,0.041519472075206156,0.1766980450188028,0.781782482905991
26061,LOF,0.014834983606727073,0.012943714502291115,0.9722213018909819
26062,LOF,0.009315981715546422,0.01859405573913526,0.9720899625453184
26063,LOF,0.019890638679331885,0.010905882531084972,0.9692034787895831
26064,LOF,0.019456257891978808,0.025283492696547515,0.9552602494114736
26065,LOF,0.024818498653555253,0.011414075293787676,0.963767426052657
26066,LOF,0.01937033830938001,0.010983936638010219,0.9696457250526098
26067,LOF,0.027290316588563252,0.00929353738280152,0.9634161460286353
26068,LOF,0.04279161616984176,0.03011595027050435,0.927092433559654
26069,LOF,0.26505772530363747,0.018529373842828798,0.7164129008535337
26070,LOF,0.38943673542358953,0.015214370922772821,0.5953488936536377
26071,LOF,0.01949837125022401,0.012373304208773543,0.9681283245410025
26072,LOF,0.017136159757178516,0.024214114930668204,0.9586497253121533
26073,LOF,0.0189728076457547,0.015244183144966424,0.965783009209279
26074,Neutral,0.9094198034615285,0.006090424269758538,0.08448977226871295
26075,LOF,0.04377540879743282,0.014912877085160908,0.9413117141174063
26076,LOF,0.035313873309188254,0.009076650971162727,0.9556094757196489
26077,LOF,0.008820308505437207,0.015207465455297709,0.975972226039265
26078,LOF,0.013552502837856696,0.012467527172537235,0.973979969989606
26079,LOF,0.05946177980429631,0.01705896121849422,0.9234792589772094
26080,LOF,0.058425360472611765,0.017077759218198714,0.9244968803091895
26081,LOF,0.033729576116784135,0.007004421752876632,0.9592660021303393
26082,LOF,0.012866196352640264,0.014903879214488464,0.9722299244328713
26083,LOF,0.17311687902218673,0.014731698147682918,0.8121514228301304
26084,LOF,0.0425201509164152,0.012512410255537275,0.9449674388280475
26085,LOF,0.03801983842942259,0.012011688521319897,0.9499684730492575
26086,LOF,0.021114904610079328,0.012309423505509768,0.966575671884411
26087,LOF,0.023285586395249486,0.009091540800012192,0.9676228728047382
26088,LOF,0.016186965326186478,0.0246531297102349,0.9591599049635786
26089,LOF,0.04008624539385912,0.022858567555823373,0.9370551870503177
26090,LOF,0.04003512813160939,0.01864471765156342,0.9413201542168271
26091,LOF,0.03108194627786858,0.006578603086251869,0.9623394506358796
26092,LOF,0.0215301184799569,0.008332971955114586,0.9701369095649286
26093,LOF,0.03309880839098387,0.006020871714123969,0.9608803198948922
26094,LOF,0.03270592122413457,0.0062860857233926325,0.9610079930524729
26095,LOF,0.03673021158532899,0.01518869427009204,0.9480810941445789
26096,LOF,0.01583491251508904,0.01191880057671549,0.9722462869081955
26097,LOF,0.01078570929693271,0.03820767302879235,0.9510066176742751
26098,LOF,0.07372799201825238,0.012475954524175062,0.9137960534575725
26099,LOF,0.019949403693924585,0.012231109773244113,0.9678194865328312
26100,LOF,0.022107305980945038,0.011943626242438105,0.9659490677766169
26101,LOF,0.04525649912409249,0.018141523086112856,0.9366019777897946
26102,LOF,0.019570516026357305,0.014804546412715216,0.9656249375609274
26103,Neutral,0.8800167528870307,0.01976033731453062,0.10022290979843865
26104,LOF,0.07603504028150293,0.024889409553429297,0.8990755501650677
26105,LOF,0.2213848854618539,0.26875091418455843,0.5098642003535877
26106,LOF,0.17778302584215613,0.12370461398023937,0.6985123601776045
26107,LOF,0.262200936244139,0.081306312446945,0.656492751308916
26108,LOF,0.24230948646821326,0.09832606714707252,0.6593644463847143
26109,LOF,0.09300353561419149,0.06463627128696754,0.842360193098841
26110,LOF,0.22805545304532385,0.0064714958217193955,0.7654730511329567
26111,Neutral,0.5227922481686822,0.024534507655691706,0.45267324417562604
26112,LOF,0.03447067575582751,0.006682867278436622,0.9588464569657358
26113,LOF,0.06684142900120008,0.01514787740176514,0.9180106935970348
26114,LOF,0.025742358094165595,0.026518374484088836,0.9477392674217455
26115,LOF,0.09689057364662583,0.04564348628932346,0.8574659400640509
26116,LOF,0.06669192567628018,0.05560026263775364,0.8777078116859661
26117,LOF,0.4591868768776854,0.043186164897159575,0.497626958225155
26118,LOF,0.03397071944064488,0.02349468447294946,0.9425345960864057
26119,LOF,0.024023745074888466,0.03279805823188757,0.943178196693224
26120,LOF,0.024976064104855967,0.017528268868823284,0.9574956670263207
26121,LOF,0.040088801484795565,0.08703271039141824,0.8728784881237861
26122,LOF,0.04394237376562566,0.03470946591830468,0.9213481603160697
