feature0,prediction,LoGoFunc_Neutral,LoGoFunc_GOF,LoGoFunc_LOF
25546,Neutral,0.666999387579675,0.060127785053991294,0.2728728273663336
25547,Neutral,0.4890685027810657,0.11653340144806837,0.39439809577086593
25548,Neutral,0.4851121895075428,0.09535914523746913,0.41952866525498794
25549,LOF,0.402562149189399,0.09794681158043872,0.49949103923016247
25550,LOF,0.3399937305846179,0.14250473756539217,0.5175015318499899
25551,LOF,0.2888372232066089,0.15266730695634312,0.558495469837048
25552,LOF,0.23071448661126182,0.14592360349322034,0.6233619098955179
25553,Neutral,0.8127825968514083,0.047297004654535804,0.13992039849405585
25554,LOF,0.27287195143744336,0.13587863389712748,0.5912494146654292
25555,LOF,0.2247468069783883,0.13109402872809012,0.6441591642935217
25556,LOF,0.4218068255834295,0.11265160195759188,0.46554157245897865
25557,LOF,0.21650426670565195,0.1333044336790443,0.6501912996153038
25558,LOF,0.2772336206062148,0.1330153109040527,0.5897510684897326
25559,LOF,0.18451989768125043,0.14165197085823297,0.6738281314605167
25560,LOF,0.13859635276029053,0.09778060326718367,0.7636230439725258
25561,LOF,0.1426789032012291,0.11413296557312665,0.7431881312256443
25562,LOF,0.07028937294531044,0.07430246584326959,0.8554081612114199
25563,LOF,0.020675662704629807,0.11557720190066476,0.8637471353947055
25564,LOF,0.2160368695313277,0.1126244878092754,0.6713386426593969
25565,LOF,0.22448680396034568,0.13319681877639902,0.6423163772632553
25566,GOF,0.09120040201975022,0.7291849808413657,0.17961461713888408
25567,LOF,0.037479746042659835,0.13969410013756509,0.822826153819775
25568,LOF,0.061125596345161445,0.06940874516616737,0.8694656584886713
25569,LOF,0.059750817016567995,0.07199971402916228,0.8682494689542697
25570,LOF,0.028195994691626376,0.08902976136032058,0.8827742439480529
25571,LOF,0.027277118604103645,0.0980808330228373,0.874642048373059
25572,LOF,0.06302087703771392,0.11555472648597799,0.8214243964763082
25573,LOF,0.05733966768365507,0.08041827682565354,0.8622420554906913
25574,LOF,0.05805601650798817,0.1900034066239829,0.7519405768680288
25575,LOF,0.02291522062291053,0.11236312739955995,0.8647216519775295
25576,LOF,0.034088412897919716,0.1509188974863855,0.8149926896156948
25577,LOF,0.028778975968690803,0.10262442069964209,0.8685966033316671
25578,LOF,0.310849641819509,0.07234686853501873,0.6168034896454723
25579,LOF,0.1393606632480233,0.08007073959983557,0.7805685971521411
25580,LOF,0.020446039990530605,0.07196774634847915,0.9075862136609902
25581,LOF,0.05765652058672789,0.06451695094272289,0.8778265284705493
25582,LOF,0.05785327246362574,0.0636678723925734,0.8784788551438008
25583,LOF,0.020688562020299686,0.07703271569533002,0.9022787222843702
25584,Neutral,0.6749176759149035,0.10181660318575692,0.2232657208993396
25585,LOF,0.03372351300878373,0.12175278080973935,0.8445237061814769
25586,LOF,0.01811541352189428,0.06722533913705243,0.9146592473410533
25587,LOF,0.017347164413330663,0.0604310485584405,0.9222217870282289
25588,LOF,0.020949332000317122,0.06922238907297595,0.909828278926707
25589,Neutral,0.519667364432954,0.20038832051437871,0.2799443150526673
25590,LOF,0.049175047910292126,0.09853286938453251,0.8522920827051753
25591,LOF,0.10108363920162644,0.05398713366496731,0.8449292271334062
25592,LOF,0.055861364583727334,0.11379530125292482,0.8303433341633478
25593,LOF,0.12108588429423983,0.2566910240619515,0.6222230916438086
25594,LOF,0.051559811829303366,0.10726182642578688,0.8411783617449097
25595,LOF,0.05110154875131858,0.07944097194727223,0.8694574793014092
25596,LOF,0.1117209624440722,0.047488696658084466,0.8407903408978434
25597,LOF,0.08244540009595672,0.05455234967305941,0.8630022502309839
25598,LOF,0.04973310901464827,0.07948835103745862,0.8707785399478931
25599,GOF,0.02016656657179243,0.5242351920195546,0.45559824140865296
25600,GOF,0.17649406633163214,0.4975778481653444,0.32592808550302343
25601,LOF,0.03708656904226429,0.38878097854177884,0.5741324524159568
25602,LOF,0.033631704707236094,0.05380001336720624,0.9125682819255577
25603,LOF,0.03486696455207167,0.02833039954206772,0.9368026359058605
25604,LOF,0.038220270567675886,0.05733653325259727,0.9044431961797269
25605,LOF,0.044365544004141826,0.168167805058549,0.7874666509373092
25606,LOF,0.4334321914163621,0.09854909349559371,0.4680187150880441
25607,LOF,0.024153111993268705,0.16115288525377416,0.8146940027529572
25608,LOF,0.03183579160753236,0.07676474279798878,0.8913994655944789
25609,GOF,0.16628328812405335,0.5258717282168318,0.30784498365911483
25610,LOF,0.015343459429642162,0.027110990792415857,0.957545549777942
25611,LOF,0.015221002113283491,0.03373351806142004,0.9510454798252965
25612,LOF,0.04986628928682925,0.03757656544435566,0.9125571452688152
25613,LOF,0.04482143392591473,0.03775113245588844,0.9174274336181969
25614,LOF,0.02138685600466753,0.025416265322932594,0.9531968786723999
25615,LOF,0.044698019915199366,0.03741795967248718,0.9178840204123134
25616,LOF,0.04653726781773659,0.02577042391889471,0.9276923082633687
25617,LOF,0.04166712336310925,0.034724666709013176,0.9236082099278776
25618,LOF,0.05235989475783418,0.033895277233717644,0.9137448280084481
25619,LOF,0.014858602165368892,0.03044845351467988,0.9546929443199512
25620,LOF,0.06149360030351274,0.03878315561861478,0.8997232440778724
25621,LOF,0.05269557514549663,0.03316782974728877,0.9141365951072146
25622,LOF,0.06376597182709878,0.030787255476573704,0.9054467726963275
25623,LOF,0.07120045083091439,0.030160121460973566,0.898639427708112
25624,LOF,0.018722819020949688,0.0327164681858614,0.9485607127931889
25625,LOF,0.06534542940326192,0.039681419023824736,0.8949731515729134
25626,LOF,0.04724848494263537,0.03708820815112402,0.9156633069062406
25627,Neutral,0.8920827793292057,0.020355587980752366,0.08756163269004191
25628,LOF,0.13913177255425305,0.05712142279439797,0.8037468046513488
25629,LOF,0.06456133062647419,0.03940117889978508,0.8960374904737408
25630,LOF,0.24805722025394095,0.07206880158789077,0.6798739781581683
25631,Neutral,0.5268868552148943,0.0633766845809527,0.40973646020415305
25632,LOF,0.028046551530462094,0.06180668670494522,0.9101467617645926
25633,LOF,0.2025093641351044,0.03316455634304189,0.7643260795218537
25634,LOF,0.036426843571218684,0.07278921319311547,0.8907839432356658
25635,LOF,0.03916274825900967,0.039308592287714286,0.9215286594532761
25636,GOF,0.037349120488000896,0.4861496737435344,0.4765012057684646
25637,GOF,0.06798032992652898,0.47683807473157114,0.45518159534189995
25638,LOF,0.04399018930023862,0.3155588936022532,0.6404509170975082
25639,LOF,0.033949256937988136,0.35042057741701105,0.6156301656450008
25640,Neutral,0.8187483912179656,0.13946626159930656,0.04178534718272784
25641,LOF,0.054256866903475184,0.43489310932170316,0.5108500237748216
25642,LOF,0.03890467384932368,0.14589294043212803,0.8152023857185484
25643,LOF,0.21192472961217843,0.15542713332701916,0.6326481370608024
25644,LOF,0.02077051814582605,0.4882617700321816,0.49096771182199234
25645,LOF,0.019434137917426018,0.44640351637428866,0.5341623457082854
25646,LOF,0.045471116953249846,0.3740205124088425,0.5805083706379076
25647,LOF,0.02173991954999506,0.2849788554623184,0.6932812249876865
25648,LOF,0.029496242576104538,0.2668975678622871,0.7036061895616085
25649,LOF,0.014958722286541697,0.27398571279180745,0.7110555649216509
25650,LOF,0.04813479145199101,0.45673727954942756,0.4951279289985814
25651,LOF,0.015625526622513444,0.3089012566075434,0.6754732167699431
25652,LOF,0.026105711139397508,0.30818520643400765,0.6657090824265949
25653,LOF,0.0783252264138891,0.44145589047668593,0.48021888310942495
25654,LOF,0.023560524627805435,0.2087010734982033,0.7677384018739912
25655,GOF,0.21301024896409534,0.4161541598308982,0.3708355912050064
25656,LOF,0.2826532650319922,0.05082298866574717,0.6665237463022606
25657,LOF,0.07580186706413045,0.05790150046546513,0.8662966324704043
25658,LOF,0.4043613932767118,0.04377946234323443,0.5518591443800538
25659,Neutral,0.5183536451748852,0.06666550151891648,0.41498085330619827
25660,LOF,0.025918270777355028,0.08023410346337173,0.8938476257592731
25661,LOF,0.08729303562472343,0.05725239675877399,0.8554545676165026
25662,LOF,0.03150298702713738,0.030877397141408032,0.9376196158314546
25663,LOF,0.03976739266253184,0.04295706865462903,0.9172755386828392
25664,LOF,0.14823609253872488,0.05735747083346017,0.794406436627815
25665,LOF,0.05971273191397861,0.02926181339029965,0.9110254546957218
25666,LOF,0.09314535327631498,0.07126664711040014,0.8355879996132848
25667,LOF,0.06483985475351464,0.03867181951252968,0.8964883257339558
25668,LOF,0.03501666636349006,0.04566765852241955,0.9193156751140903
25669,LOF,0.03350419796418776,0.05244802181763788,0.9140477802181743
25670,LOF,0.13839726789262333,0.048957830712552546,0.812644901394824
25671,LOF,0.0916851329968716,0.031450056396442015,0.8768648106066864
25672,LOF,0.0558523713079494,0.039875500782592686,0.9042721279094579
25673,LOF,0.08825218365664432,0.03863391611919651,0.8731139002241591
25674,LOF,0.07532468756903254,0.04794728383647654,0.876728028594491
25675,LOF,0.1267779479335401,0.04689195073085171,0.8263301013356081
25676,LOF,0.017302691785040458,0.05064661227976085,0.9320506959351988
25677,LOF,0.024818918082561578,0.06489622064853146,0.9102848612689071
25678,LOF,0.1858919125151035,0.05496166501846479,0.7591464224664317
25679,LOF,0.12230215286252831,0.0791881935776992,0.7985096535597725
25680,LOF,0.029780325238419208,0.11098240158831313,0.8592372731732677
25681,LOF,0.04962722368229586,0.1003061689444557,0.8500666073732485
25682,LOF,0.13402933900050126,0.06368372176373645,0.8022869392357622
25683,LOF,0.1153601187258659,0.08378383352864197,0.800856047745492
25684,LOF,0.04046103670716394,0.0611438425215073,0.8983951207713289
25685,LOF,0.141478106455246,0.047195636390096884,0.811326257154657
25686,LOF,0.081794594596498,0.08913097061700884,0.8290744347864931
25687,LOF,0.11020743128589164,0.07978205012558579,0.8100105185885226
25688,LOF,0.2945414934501317,0.0356383492979754,0.6698201572518929
25689,LOF,0.20130067344031943,0.04585666574495023,0.7528426608147303
25690,LOF,0.3609634720350973,0.035914091802113204,0.6031224361627895
25691,Neutral,0.691358847486806,0.025402607637894852,0.2832385448752992
25692,LOF,0.28070398652987677,0.011706020809193418,0.7075899926609299
25693,LOF,0.04593221063423751,0.46801375113610955,0.48605403822965276
25694,LOF,0.12384037068860063,0.02192322180345738,0.8542364075079419
25695,LOF,0.11947188617488501,0.01997201566856829,0.8605560981565467
25696,LOF,0.1328099223528877,0.011229437695205423,0.8559606399519067
25697,LOF,0.12445701811931928,0.027894842391758337,0.8476481394889224
25698,LOF,0.36580585772019747,0.2274077464756022,0.4067863958042004
25699,LOF,0.41956790667535204,0.04923724226430307,0.5311948510603449
25700,LOF,0.05016304049080644,0.008281400236638136,0.9415555592725555
25701,LOF,0.16041458978720552,0.05599389624363434,0.7835915139691602
25702,GOF,0.17949229971412056,0.5629281061813867,0.2575795941044929
25703,LOF,0.016677893932334098,0.17582818245215506,0.8074939236155108
25704,LOF,0.04913837863098661,0.11771957520000752,0.8331420461690059
25705,LOF,0.05726230866533634,0.18496377194984306,0.7577739193848207
25706,LOF,0.08619467911145802,0.35748288777365334,0.5563224331148886
25707,LOF,0.08643282502002808,0.28140538644031704,0.6321617885396549
25708,LOF,0.030479861634515253,0.2707603260994503,0.6987598122660345
25709,LOF,0.0577156784967342,0.0448528704173284,0.8974314510859374
25710,LOF,0.011628647093610256,0.13147640218101161,0.8568949507253781
25711,LOF,0.01829845045634656,0.09471282468068565,0.8869887248629679
25712,LOF,0.01262799284957967,0.17088053477397605,0.8164914723764443
25713,LOF,0.018065650418083813,0.08227990442670684,0.8996544451552093
25714,LOF,0.06725827862077342,0.08025854067700365,0.8524831807022228
25715,LOF,0.009825504954334643,0.14953813897014065,0.8406363560755247
25716,LOF,0.014463026177393498,0.11269644761105749,0.872840526211549
25717,LOF,0.012973011239593846,0.08152001856749046,0.9055069701929157
25718,LOF,0.011551127263179022,0.10248494684643498,0.885963925890386
25719,LOF,0.01797562223998006,0.08835613480614532,0.8936682429538747
25720,LOF,0.02042213958290076,0.07124614135721476,0.9083317190598845
25721,LOF,0.014525810120371067,0.10774503345498901,0.8777291564246398
25722,LOF,0.012704605973682446,0.12335415484432959,0.863941239181988
25723,LOF,0.021718455980743408,0.04742817070352655,0.93085337331573
25724,LOF,0.02073935341772619,0.08716990458243268,0.8920907419998412
25725,LOF,0.011379941847649302,0.07279991039394124,0.9158201477584094
25726,LOF,0.014266995019099568,0.09580400708174702,0.8899289978991534
25727,LOF,0.012562737296407478,0.08418113066383597,0.9032561320397566
25728,LOF,0.009041839269390855,0.11235542515442637,0.8786027355761826
25729,LOF,0.009266715920159766,0.11221504610861067,0.8785182379712295
25730,LOF,0.012856174682987217,0.08647417806669089,0.900669647250322
25731,LOF,0.022123442388899368,0.1134052500701145,0.8644713075409861
25732,LOF,0.014075126805967593,0.0911810099286279,0.8947438632654044
25733,LOF,0.01461404323420091,0.0833968931840882,0.9019890635817108
25734,LOF,0.013108018913843797,0.13075444175875817,0.8561375393273981
25735,LOF,0.01262622360451194,0.08739567837361992,0.8999780980218682
25736,LOF,0.013212875538023434,0.11218043744065695,0.8746066870213196
25737,LOF,0.020983077321700173,0.08492103733853791,0.8940958853397619
25738,LOF,0.012578197331673499,0.12865927870123303,0.8587625239670934
25739,LOF,0.018615522447238898,0.08844256982194275,0.8929419077308183
25740,LOF,0.02569985066356315,0.10506034093663678,0.8692398083998001
25741,LOF,0.014549202392388503,0.11109806471887464,0.8743527328887369
25742,LOF,0.10688812304602328,0.08334616574719868,0.809765711206778
25743,LOF,0.03416008507555741,0.0301907284816355,0.9356491864428071
25744,Neutral,0.6068576690139436,0.19864986503731352,0.19449246594874292
25745,LOF,0.07229391725691749,0.07373116615795426,0.8539749165851283
25746,LOF,0.03912836849922725,0.08352874475729284,0.8773428867434799
25747,LOF,0.0224407008356199,0.04148996171110985,0.9360693374532701
25748,LOF,0.10307487836048576,0.06059650511452476,0.8363286165249896
25749,LOF,0.025528645437284544,0.08070684605305063,0.8937645085096648
25750,LOF,0.0810028777059947,0.08634665582693755,0.8326504664670678
25751,LOF,0.09315652760663169,0.056922873178681735,0.8499205992146867
25752,GOF,0.10091297133746382,0.6577053504436977,0.2413816782188385
25753,LOF,0.019770759982542546,0.25537229783366466,0.7248569421837928
25754,GOF,0.010230226366309875,0.7659392653185638,0.22383050831512621
25755,LOF,0.02239126830918976,0.3762962602945882,0.601312471396222
25756,LOF,0.04080437862785985,0.36357114762454,0.5956244737476002
25757,GOF,0.01404562147657085,0.8165511784176158,0.16940320010581333
25758,GOF,0.02711401684227466,0.8092146105500613,0.1636713726076641
25759,GOF,0.011180711314928812,0.5153269233501617,0.47349236533490935
25760,LOF,0.012169962060864804,0.2219533962788808,0.7658766416602544
25761,GOF,0.2926915854769014,0.5858618240586545,0.12144659046444412
25762,LOF,0.03679728619165631,0.251467459712414,0.7117352540959296
25763,LOF,0.01366241263841639,0.18865214740636,0.7976854399552237
25764,GOF,0.0866759380569646,0.6150127812164791,0.2983112807265564
25765,GOF,0.041399431652241664,0.7352145920437804,0.22338597630397788
25766,GOF,0.06566101725160506,0.7536035866796188,0.18073539606877614
25767,GOF,0.18224920491634428,0.44417330814457334,0.37357748693908244
25768,LOF,0.09287555678972671,0.06786376656271433,0.839260676647559
25769,LOF,0.06545940461633387,0.0636612152897793,0.8708793800938868
25770,LOF,0.28169349565737833,0.07653976011483475,0.6417667442277869
25771,LOF,0.041205683658117546,0.04309700772952892,0.9156973086123537
25772,LOF,0.016545536963057193,0.03390678349280771,0.9495476795441352
25773,LOF,0.0449159632025356,0.07164249149142463,0.8834415453060398
25774,LOF,0.02805371288586662,0.07402237654746492,0.8979239105666685
25775,LOF,0.04644881356504041,0.043620034535895864,0.9099311518990637
25776,LOF,0.06954245027289419,0.025607336512158504,0.9048502132149472
25777,LOF,0.3413717976479306,0.05158853072491477,0.6070396716271547
25778,LOF,0.06581959672212125,0.04875271392847749,0.8854276893494012
25779,GOF,0.36704516853608793,0.5913392926573278,0.041615538806584265
25780,GOF,0.29353535830319766,0.638545569026742,0.0679190726700604
25781,GOF,0.13725980697638288,0.7586282015045293,0.10411199151908784
25782,GOF,0.20960430704570002,0.7246758574633606,0.06571983549093952
25783,GOF,0.029876737644392963,0.6465144433187929,0.3236088190368141
25784,GOF,0.4684400211237572,0.49119092369172945,0.04036905518451344
25785,GOF,0.44060109259613445,0.5203213419639251,0.0390775654399405
25786,GOF,0.026448071574438316,0.7614479202234326,0.21210400820212907
25787,Neutral,0.633323375856131,0.3425796132343222,0.024097010909546836
25788,LOF,0.04666716942475816,0.1133077744119882,0.8400250561632535
25789,GOF,0.19886587959954732,0.6733630659383958,0.12777105446205683
25790,GOF,0.21531086437722446,0.6872543122423168,0.09743482338045872
25791,GOF,0.15373208515278386,0.6786428079903862,0.16762510685683002
25792,GOF,0.3358493089875014,0.5343771705992557,0.12977352041324283
25793,GOF,0.22922455737926506,0.5612914425710087,0.2094840000497263
25794,GOF,0.2908896348335201,0.5471202578003463,0.16199010736613365
25795,GOF,0.06960724586372906,0.699209523839684,0.23118323029658683
25796,Neutral,0.5278147476429503,0.3882007418088785,0.08398451054817108
25797,GOF,0.08351687310616202,0.5870792102347768,0.32940391665906116
25798,GOF,0.008758877342508289,0.5106240988698394,0.4806170237876523
25799,LOF,0.006698808554315939,0.40022997375128283,0.5930712176944012
25800,GOF,0.031064182285992583,0.6111433809785941,0.35779243673541344
25801,GOF,0.19622649419813523,0.6703332340937569,0.13344027170810788
25802,GOF,0.06482969668004407,0.7036055370498948,0.23156476627006117
25803,GOF,0.033334734977128695,0.5862810099836028,0.38038425503926854
25804,GOF,0.02945977638539183,0.490839205341113,0.47970101827349515
25805,GOF,0.10690145477603391,0.5896249817396778,0.3034735634842882
25806,GOF,0.08888577916943766,0.5999411871056802,0.31117303372488214
25807,GOF,0.018904983210281216,0.6354022911917121,0.3456927255980067
25808,GOF,0.07536162654820855,0.6361667658872385,0.28847160756455303
25809,GOF,0.016588218048203752,0.601902733999924,0.3815090479518723
25810,GOF,0.016032046978994064,0.6324858695494227,0.3514820834715834
25811,GOF,0.43693448884722275,0.47772357032142915,0.08534194083134815
25812,GOF,0.027689429569246832,0.6394521438087087,0.3328584266220444
25813,Neutral,0.4964067444182589,0.4108771773356189,0.09271607824612213
25814,GOF,0.10781734737378686,0.6525151232162166,0.2396675294099966
25815,GOF,0.189476402376772,0.6270162840700808,0.1835073135531472
25816,GOF,0.02424402642393464,0.715818563946331,0.25993740962973433
25817,GOF,0.2379060712722687,0.6441881886210952,0.11790574010663617
25818,GOF,0.05447533894724696,0.6805140899075797,0.26501057114517346
25819,GOF,0.3555165560784255,0.508539746457769,0.13594369746380544
25820,GOF,0.17728805039580073,0.6156179108590775,0.20709403874512192
25821,GOF,0.05553770500825212,0.6834468536528204,0.26101544133892746
25822,GOF,0.2125504431913369,0.579908766725826,0.20754079008283713
25823,GOF,0.032378340752114834,0.5495301540390052,0.41809150520887994
25824,GOF,0.09040251588747386,0.6212837814446754,0.2883137026678508
25825,GOF,0.03614514317971714,0.6132542274567987,0.35060062936348413
25826,GOF,0.015865148100749765,0.599806405046404,0.38432844685284623
25827,GOF,0.025290012186122125,0.6194246641354708,0.35528532367840704
25828,GOF,0.013538016611523264,0.5393007966624886,0.447161186725988
25829,GOF,0.005914865299809508,0.577156040335186,0.4169290943650045
25830,LOF,0.03415976045260281,0.3289707274800441,0.6368695120673531
25831,GOF,0.20605320644307215,0.6830512684567552,0.11089552510017257
25832,GOF,0.029886273578178968,0.7335997155966608,0.23651401082516027
25833,GOF,0.11212700084324405,0.7415122774840551,0.14636072167270064
25834,GOF,0.029237373836692216,0.7471935605886821,0.22356906557462553
25835,GOF,0.06254096360919009,0.7791707340820496,0.15828830230876034
25836,GOF,0.03253036491791566,0.7147490783308879,0.2527205567511964
25837,GOF,0.025770745667618864,0.6328566819422783,0.3413725723901029
25838,GOF,0.08721503532433664,0.7878247021555963,0.12496026252006705
25839,GOF,0.25238833250987297,0.6162826919734743,0.1313289755166527
25840,GOF,0.23273081335362605,0.6401021670203623,0.12716701962601176
25841,GOF,0.22429527574714692,0.6537487213219432,0.12195600293090998
25842,GOF,0.15354690842958443,0.72058750909394,0.12586558247647556
25843,GOF,0.20216932091333212,0.7077768720299766,0.09005380705669126
25844,GOF,0.06004486523840389,0.7423212408579252,0.19763389390367095
25845,GOF,0.015223540298479398,0.5250925332770474,0.45968392642447325
25846,GOF,0.114032198843176,0.7549768906066336,0.13099091055019024
25847,GOF,0.1006894086042066,0.7982225213956785,0.10108807000011484
25848,GOF,0.03618571269495686,0.7221558087161111,0.241658478588932
25849,GOF,0.010587052105361794,0.6201671569025762,0.369245790992062
25850,GOF,0.019395174511491576,0.6722362250825771,0.30836860040593134
25851,GOF,0.015148962325472665,0.5558938945330832,0.4289571431414441
25852,GOF,0.16525211930183079,0.589076468945069,0.2456714117531001
25853,GOF,0.33806146333424497,0.590946416227598,0.07099212043815692
25854,GOF,0.020525278311633335,0.633884060023693,0.3455906616646737
25855,GOF,0.03326104589739608,0.5887733591754231,0.37796559492718074
25856,GOF,0.24485379286072886,0.556131461484453,0.1990147456548181
25857,GOF,0.03756282411579033,0.5448613648559615,0.4175758110282482
25858,GOF,0.01991297480962342,0.5528857086149516,0.4272013165754251
25859,GOF,0.01022580406516028,0.5324500789303875,0.45732411700445214
25860,GOF,0.35341385065512015,0.5741647869895647,0.0724213623553151
25861,GOF,0.3886137800003334,0.5431466499872123,0.06823957001245425
25862,GOF,0.08255859638890607,0.7788515102074687,0.1385898934036252
25863,GOF,0.08150081467922629,0.7887002354307965,0.12979894988997726
25864,GOF,0.1905169751917339,0.73930904904625,0.07017397576201602
25865,GOF,0.0807085945441516,0.8171020792216703,0.10218932623417816
25866,GOF,0.05306570238241967,0.8032086855675329,0.14372561205004736
25867,GOF,0.08221586949093354,0.8267264654832537,0.09105766502581289
25868,GOF,0.2290272848652962,0.6798296504676672,0.09114306466703667
25869,Neutral,0.7051652216099952,0.2530034025384701,0.04183137585153462
25870,GOF,0.2811715320758448,0.4448847426219584,0.27394372530219674
25871,GOF,0.20696400121953498,0.6665223738772598,0.12651362490320522
25872,GOF,0.07553954947846676,0.6662612202936383,0.2581992302278949
25873,GOF,0.10816424314210872,0.7027093085917547,0.18912644826613653
25874,LOF,0.013893811240904143,0.1247921233271389,0.8613140654319569
25875,LOF,0.08527374502145826,0.039259647566761,0.8754666074117806
25876,LOF,0.035706095100548056,0.026794821326039307,0.9374990835734125
25877,Neutral,0.5280621354425458,0.03962292530755513,0.432314939249899
25878,LOF,0.2442642011565258,0.09074230330984151,0.6649934955336326
25879,LOF,0.08231462347760639,0.08130368535386054,0.8363816911685332
25880,LOF,0.041789725812148876,0.014643650998112854,0.9435666231897383
25881,LOF,0.16895768009337586,0.12023004439743848,0.7108122755091857
25882,LOF,0.06090214391488272,0.015763131311404104,0.9233347247737131
25883,LOF,0.06269306904066024,0.019088540704939004,0.9182183902544007
25884,LOF,0.032528926595020866,0.027576310856895065,0.939894762548084
25885,LOF,0.06159808841620521,0.009832651772298397,0.9285692598114965
25886,LOF,0.279034614602931,0.03730538395548842,0.6836600014415806
25887,LOF,0.13567629592242908,0.06685423248468432,0.7974694715928866
25888,LOF,0.06061458439478809,0.060512337699098466,0.8788730779061134
25889,LOF,0.03845561189073999,0.01919473382075938,0.9423496542885006
25890,LOF,0.04974087754068211,0.1578453930479258,0.7924137294113921
25891,LOF,0.03810060396694513,0.04727890544104364,0.9146204905920111
25892,LOF,0.07823246228762851,0.019369696489237802,0.9023978412231336
25893,LOF,0.21552478008664283,0.01625857567402699,0.7682166442393301
25894,LOF,0.16448235590397536,0.009214101805242103,0.8263035422907826
25895,LOF,0.1732130386577755,0.01918847533296917,0.8075984860092553
25896,LOF,0.04818968207162073,0.01872426481588384,0.9330860531124955
25897,LOF,0.25158639656634896,0.009941581855267459,0.7384720215783835
25898,Neutral,0.6996694092853382,0.00830558434803404,0.29202500636662776
25899,LOF,0.21784700690736042,0.01943155683044941,0.7627214362621901
25900,LOF,0.4661667100443914,0.010853182260641532,0.5229801076949672
25901,LOF,0.04881156036187961,0.009383047247150866,0.9418053923909695
25902,LOF,0.14325625832112182,0.011463138352662957,0.8452806033262154
25903,Neutral,0.575001716415836,0.024827850367052064,0.4001704332171119
25904,LOF,0.30997266078394203,0.03656184144640666,0.6534654977696512
25905,LOF,0.026011528547138812,0.3211852673726375,0.6528032040802237
25906,LOF,0.032070073726134185,0.07816320399441339,0.8897667222794525
25907,LOF,0.013509973953918196,0.3290337156279471,0.6574563104181346
25908,LOF,0.009544790820106201,0.24919941788666689,0.7412557912932268
25909,LOF,0.012606990863736749,0.13102158555375834,0.8563714235825048
25910,LOF,0.05320167766630976,0.13789091936773795,0.8089074029659522
25911,LOF,0.18654294358507353,0.028909295271856403,0.7845477611430701
25912,LOF,0.046521349633331405,0.049557365434605476,0.9039212849320631
25913,LOF,0.34607475783289604,0.023893435252700296,0.6300318069144037
25914,LOF,0.02172576357668301,0.050651144938182076,0.9276230914851349
25915,Neutral,0.5713118265649565,0.1560353004349567,0.27265287300008684
25916,LOF,0.08089133533125238,0.20149083323691783,0.7176178314318299
25917,LOF,0.06146997361945936,0.038410719463919676,0.900119306916621
25918,LOF,0.02267882087153012,0.028563311014890295,0.9487578681135794
25919,LOF,0.019419369252354098,0.031320555605032135,0.9492600751426138
25920,GOF,0.11363932580008931,0.5105857293747852,0.3757749448251255
25921,LOF,0.02257720804357577,0.03724146986809051,0.9401813220883336
25922,LOF,0.031416651729306806,0.027300376051354654,0.9412829722193387
25923,Neutral,0.48553846587907196,0.03145943005355308,0.483002104067375
25924,LOF,0.033846982076506216,0.0461439632009877,0.920009054722506
25925,LOF,0.06516178330438113,0.03635704414377342,0.8984811725518455
25926,LOF,0.048780937110680975,0.031293447009403584,0.9199256158799154
25927,LOF,0.054980335038672154,0.12630984030323142,0.8187098246580963
25928,LOF,0.017100562140035004,0.04970673609298369,0.9331927017669813
25929,Neutral,0.5976153844689491,0.03389329525688666,0.36849132027416415
25930,LOF,0.07116590034708402,0.02890347041873475,0.8999306292341812
25931,LOF,0.022995743514955893,0.03051870117882375,0.9464855553062205
25932,LOF,0.027851888150870183,0.027077200427132297,0.9450709114219974
25933,LOF,0.03843253722299554,0.017545301438803125,0.9440221613382013
25934,LOF,0.023404080685181166,0.020501425179725547,0.9560944941350934
25935,LOF,0.059691462348691354,0.048132304078942034,0.8921762335723666
25936,LOF,0.043447333776134536,0.024397146091316418,0.9321555201325491
25937,LOF,0.027209965243217147,0.03878830763010737,0.9340017271266755
25938,LOF,0.06339125703133723,0.05025327469362658,0.8863554682750361
25939,LOF,0.041098148890992295,0.021444973412844404,0.9374568776961634
25940,LOF,0.03502561135349685,0.3547252973242325,0.6102490913222706
25941,LOF,0.17903606109174322,0.10756446988740492,0.7133994690208519
25942,LOF,0.013903207126466066,0.029345341292814176,0.9567514515807198
25943,LOF,0.3200055351541931,0.053355527402721405,0.6266389374430855
25944,Neutral,0.507066851118536,0.021630053027295343,0.47130309585416874
25945,LOF,0.07930064770575918,0.018692160060704753,0.9020071922335361
25946,LOF,0.0338533902523685,0.1043152199977156,0.8618313897499159
25947,LOF,0.11657740711586291,0.1775046572896108,0.7059179355945264
25948,LOF,0.3697876422445224,0.007674702868161936,0.6225376548873157
25949,LOF,0.12573461732804686,0.03861646446264412,0.835648918209309
25950,Neutral,0.348748347271155,0.325549536954094,0.325702115774751
25951,LOF,0.20244395977746277,0.2342559406275058,0.5633000995950315
25952,LOF,0.04652381065380733,0.4209259117420243,0.5325502776041683
25953,LOF,0.14991314436368622,0.10697067785575651,0.7431161777805573
25954,Neutral,0.42612314908043303,0.16834322621609388,0.4055336247034731
25955,LOF,0.07856796047624474,0.06932118052574879,0.8521108589980065
25956,LOF,0.15306330933276896,0.12957852301883616,0.717358167648395
25957,LOF,0.039072641937691666,0.028867859038779344,0.932059499023529
25958,LOF,0.05534772130982855,0.027332553040878425,0.9173197256492931
25959,LOF,0.06845160182607873,0.36261155690059954,0.5689368412733217
25960,LOF,0.016145809105756793,0.052069549257573775,0.9317846416366694
25961,LOF,0.040516534004919766,0.028254591302438976,0.9312288746926412
25962,LOF,0.05630254176960962,0.020336553218590837,0.9233609050117997
25963,LOF,0.049209319041876816,0.17129635936479132,0.7794943215933319
25964,LOF,0.030515600743483588,0.15994327184204035,0.8095411274144761
25965,LOF,0.41813917719864485,0.06605559248440268,0.5158052303169525
25966,Neutral,0.5397385959641706,0.1742504537678982,0.2860109502679311
25967,LOF,0.015841322779745065,0.09904252117040356,0.8851161560498514
25968,LOF,0.03581589039453145,0.360499052014754,0.6036850575907144
25969,LOF,0.03908290634644974,0.06045711543259512,0.9004599782209551
25970,LOF,0.05797421656491683,0.056205755805539645,0.8858200276295436
25971,LOF,0.0716232268044708,0.018219982482305955,0.9101567907132233
25972,LOF,0.06913772667195696,0.02682827551744145,0.9040339978106015
25973,LOF,0.07499069774752955,0.010011498405517263,0.9149978038469533
25974,LOF,0.1818184680915441,0.014303947421016329,0.8038775844874396
25975,LOF,0.04635905755341841,0.027598141347009116,0.9260428010995726
25976,LOF,0.04114470757004783,0.01577807739039491,0.9430772150395572
25977,LOF,0.14922955120195708,0.08122345938527087,0.7695469894127721
25978,LOF,0.1542922079440627,0.0938953755528988,0.7518124165030385
25979,LOF,0.13864734845698867,0.09767548956967514,0.7636771619733361
25980,LOF,0.23118165927347661,0.11568126944193578,0.6531370712845876
25981,LOF,0.26304878272828675,0.11310689396457617,0.623844323307137
25982,LOF,0.4040144308612125,0.08196144232562226,0.5140241268131652
25983,LOF,0.3767725010198725,0.0902145109361333,0.5330129880439942
25984,LOF,0.0466932621685823,0.047874871514832176,0.9054318663165855
25985,LOF,0.03520853086622235,0.2654699756754081,0.6993214934583695
25986,LOF,0.042661584009344014,0.31954722963729787,0.6377911863533582
25987,LOF,0.0885975642638213,0.07016198782316747,0.8412404479130113
25988,LOF,0.1538698622434722,0.05906567074809557,0.7870644670084322
25989,LOF,0.03452786754088234,0.11075474232050492,0.8547173901386127
25990,LOF,0.03614991684039853,0.15385518849053637,0.809994894669065
25991,LOF,0.11837838087025211,0.2486573347437064,0.6329642843860415
25992,LOF,0.29115337332759506,0.14764468530524705,0.5612019413671578
25993,LOF,0.023749865085149337,0.06394116321312314,0.9123089717017275
25994,LOF,0.017934454338518677,0.08143398628419557,0.9006315593772858
25995,LOF,0.023435351535619278,0.1909189484737447,0.7856456999906362
25996,GOF,0.3105787801547344,0.4100680091216851,0.2793532107235805
25997,LOF,0.0760192172052861,0.38375094800578163,0.5402298347889322
25998,Neutral,0.5366702128900052,0.02443084530588452,0.4388989418041103
25999,LOF,0.10445860013935784,0.09317593745990153,0.8023654624007407
26000,LOF,0.14064354030800827,0.04305160489815941,0.8163048547938323
26001,LOF,0.20183282250692433,0.048257741819344446,0.7499094356737314
26002,LOF,0.11708051667126144,0.03969043755208886,0.8432290457766497
26003,GOF,0.010221417194509256,0.5991704994868977,0.3906080833185931
26004,GOF,0.020903365316880432,0.6861613752603415,0.29293525942277804
26005,LOF,0.006192858413557652,0.45324636472959207,0.5405607768568502
26006,Neutral,0.4852862116169717,0.26176756280068725,0.2529462255823411
26007,GOF,0.02066759348784462,0.52921759268398,0.45011481382817536
26008,GOF,0.017494191238548232,0.6030027431884827,0.37950306557296914
26009,GOF,0.019474366111049392,0.6839832962088638,0.2965423376800869
26010,GOF,0.024148400211315865,0.6358200966058125,0.34003150318287156
26011,LOF,0.006285041235647506,0.4396955165893756,0.5540194421749769
26012,GOF,0.012513995999618872,0.5697875170051583,0.4176984869952228
26013,GOF,0.020448111506061642,0.5998000584472887,0.37975183004664953
26014,LOF,0.03919165673358594,0.12061540741499528,0.8401929358514189
26015,LOF,0.14841225471089697,0.014913586659400603,0.8366741586297023
26016,LOF,0.1871599521696028,0.061759077133048484,0.7510809706973487
26017,LOF,0.20910056938621294,0.09868483227313739,0.6922145983406497
26018,LOF,0.07597917994800978,0.037466270931402146,0.8865545491205881
26019,LOF,0.07306299723740232,0.031180818061685787,0.895756184700912
26020,LOF,0.060349252401461315,0.11909423509897138,0.8205565124995673
26021,LOF,0.04178269804371741,0.12344356719365746,0.8347737347626251
26022,LOF,0.010974426698298614,0.04184499354419132,0.9471805797575101
26023,LOF,0.06539514380255362,0.02517913244940064,0.9094257237480459
26024,LOF,0.028213987337709436,0.12479266845765784,0.8469933442046327
26025,LOF,0.1415752959229944,0.09086993978647458,0.767554764290531
26026,LOF,0.3126691386247422,0.028696896752775453,0.6586339646224822
26027,LOF,0.058683034038654575,0.01939739086488621,0.9219195750964592
26028,LOF,0.15734743827198833,0.06708034093622169,0.7755722207917901
26029,LOF,0.06703831022908778,0.15652666060455428,0.776435029166358
26030,LOF,0.020897518477849354,0.03224066752190877,0.9468618140002418
26031,LOF,0.02527893490688737,0.11085548075408665,0.8638655843390259
26032,LOF,0.0673538988659628,0.04389375990650618,0.8887523412275311
26033,LOF,0.08643207448505864,0.04399660636350663,0.8695713191514348
26034,LOF,0.04051310213613586,0.13348283630748006,0.826004061556384
26035,LOF,0.025213146348079807,0.12878340585765874,0.8460034477942615
26036,LOF,0.03779724131613014,0.14608034181523014,0.8161224168686397
26037,LOF,0.02036344165768952,0.10175480529410492,0.8778817530482056
26038,LOF,0.06281221360581783,0.044935429061261405,0.8922523573329207
26039,LOF,0.047891786307680706,0.12353345175872946,0.8285747619335898
26040,LOF,0.20374518422831495,0.09073251838276356,0.7055222973889215
26041,LOF,0.021310967017078828,0.09116988254638565,0.8875191504365355
26042,LOF,0.01995712216309895,0.08710710053273991,0.8929357773041611
26043,LOF,0.06378066973454824,0.051441517304772574,0.8847778129606793
26044,LOF,0.01922980679033066,0.037845399918374684,0.9429247932912946
26045,LOF,0.06589142511543647,0.07892137572424847,0.855187199160315
26046,LOF,0.059361027047666506,0.04307692026424554,0.8975620526880881
26047,LOF,0.07703219340101236,0.04386718970010353,0.8791006168988842
26048,LOF,0.045306000806759984,0.02642267898923579,0.9282713202040043
26049,Neutral,0.9684495454473997,0.00489006252681045,0.026660392025789792
26050,Neutral,0.9506060343288606,0.006219654893572635,0.043174310777566866
26051,LOF,0.04376431813705702,0.25507070660423453,0.7011649752587084
26052,LOF,0.06563111368739181,0.28815936346203846,0.6462095228505698
26053,LOF,0.059686721443863854,0.1327703178427023,0.807542960713434
26054,LOF,0.04942829946328104,0.018175403622188998,0.9323962969145301
26055,LOF,0.07227670054448458,0.015295976403089377,0.912427323052426
26056,LOF,0.06027302009638173,0.017695375706135767,0.9220316041974825
26057,LOF,0.029644971319430575,0.012396448258435848,0.9579585804221336
26058,LOF,0.03052229817875911,0.010361253908791092,0.9591164479124499
26059,LOF,0.28257181196306747,0.02132128307939072,0.6961069049575419
26060,LOF,0.04089146464245271,0.20541492890821014,0.7536936064493371
26061,LOF,0.015730718283782003,0.012681487512742872,0.9715877942034752
26062,LOF,0.009221456528623568,0.018025848140887344,0.9727526953304891
26063,LOF,0.019263458845021765,0.0109027405606699,0.9698338005943082
26064,LOF,0.020245971086153395,0.025218907568232887,0.9545351213456138
26065,LOF,0.0247736581936421,0.011771019438862407,0.9634553223674954
26066,LOF,0.019625697393189437,0.011180086045843368,0.969194216560967
26067,LOF,0.02667005881934136,0.008545357829187368,0.9647845833514713
26068,LOF,0.042250049909975045,0.031577842213845075,0.9261721078761799
26069,LOF,0.26005841207555397,0.019346043650906357,0.7205955442735397
26070,LOF,0.39678802270404806,0.015991987552883904,0.587219989743068
26071,LOF,0.01868798308856085,0.011574006948464756,0.9697380099629744
26072,LOF,0.01839515443627087,0.01745358715386458,0.9641512584098646
26073,LOF,0.01855839183213618,0.011162367200485053,0.9702792409673788
26074,Neutral,0.916862670640897,0.005729112259704299,0.0774082170993988
26075,LOF,0.04370739891195547,0.014125147686078346,0.9421674534019663
26076,LOF,0.03779669612959662,0.009086608221550026,0.9531166956488534
26077,LOF,0.00880621749627952,0.013795790579078742,0.9773979919246418
26078,LOF,0.013792288083662922,0.011796863033396165,0.9744108488829409
26079,LOF,0.05856839110616469,0.017400467934147824,0.9240311409596874
26080,LOF,0.05791679712772317,0.017545187426895717,0.9245380154453812
26081,LOF,0.03524395998871941,0.006815024112050077,0.9579410158992305
26082,LOF,0.012776181502014145,0.014480499516245039,0.9727433189817408
26083,LOF,0.1802154429097804,0.014373747644660904,0.8054108094455587
26084,LOF,0.04429758650635531,0.012169334855439131,0.9435330786382057
26085,LOF,0.03979285546123259,0.011651434196162562,0.9485557103426049
26086,LOF,0.019120093383639677,0.011528481719843553,0.9693514248965167
26087,LOF,0.022659856951139166,0.008699774246453875,0.9686403688024069
26088,LOF,0.01729292434000415,0.024297135317409436,0.9584099403425865
26089,LOF,0.04085326868237616,0.022378364037062615,0.9367683672805612
26090,LOF,0.04139991009764853,0.017826141860918555,0.9407739480414329
26091,LOF,0.030600864404124326,0.006339988164026899,0.9630591474318488
26092,LOF,0.02032087739052968,0.00833909039557128,0.971340032213899
26093,LOF,0.03233982049290049,0.0062739181742681,0.9613862613328314
26094,LOF,0.033146366780353965,0.0059631060249296045,0.9608905271947163
26095,LOF,0.04096289097433975,0.0134677823562864,0.9455693266693738
26096,LOF,0.016062304238974826,0.01133208185160321,0.972605613909422
26097,LOF,0.011709263401688081,0.03630808025686293,0.9519826563414491
26098,LOF,0.0780768038573492,0.011610230588975935,0.9103129655536748
26099,LOF,0.01954363256761407,0.012705624063907229,0.9677507433684787
26100,LOF,0.021485324356933608,0.01211129261756434,0.966403383025502
26101,LOF,0.04321586908048834,0.017198008458753553,0.9395861224607581
26102,LOF,0.01903565173192023,0.012342075148290091,0.9686222731197898
26103,Neutral,0.8783405444785846,0.018555895762004324,0.10310355975941123
26104,LOF,0.07757058761923208,0.02568545212609939,0.8967439602546686
26105,LOF,0.20506669432945393,0.28232264440949606,0.51261066126105
26106,LOF,0.17421551909189142,0.13191984906561546,0.6938646318424931
26107,LOF,0.24226054857902732,0.08892494230656349,0.6688145091144093
26108,LOF,0.22072683363003,0.10238380296154337,0.6768893634084266
26109,LOF,0.0870460575090528,0.06184691290802455,0.8511070295829227
26110,LOF,0.21371192214690848,0.007376780571916543,0.778911297281175
26111,Neutral,0.5212647282413005,0.028602531249992482,0.450132740508707
26112,LOF,0.030809806766695213,0.007511319265622271,0.9616788739676826
26113,LOF,0.06781343818892445,0.01673014040175316,0.9154564214093225
26114,LOF,0.02491760880965391,0.029572638838841588,0.9455097523515046
26115,LOF,0.08462157286840638,0.049257074500667394,0.8661213526309262
26116,LOF,0.06463877509704115,0.053870649062439886,0.881490575840519
26117,LOF,0.46547709472992777,0.04190578103100225,0.4926171242390699
26118,LOF,0.033116995640788044,0.02557602078290246,0.9413069835763096
26119,LOF,0.024916125577230597,0.0321906003364915,0.9428932740862778
26120,LOF,0.024668898875283122,0.01939537289151835,0.9559357282331985
26121,LOF,0.04141047951044967,0.07904846170127645,0.8795410587882739
