feature0,prediction,LoGoFunc_Neutral,LoGoFunc_GOF,LoGoFunc_LOF
25546,Neutral,0.6331922313121616,0.06504738227231992,0.3017603864155185
25547,Neutral,0.4947997352262283,0.11047647226425376,0.394723792509518
25548,Neutral,0.48803893383801294,0.10194742969332544,0.41001363646866146
25549,LOF,0.42987690179259636,0.09986519187670038,0.4702579063307033
25550,LOF,0.3656125938837411,0.1283148865521412,0.5060725195641177
25551,LOF,0.3119365869130958,0.1423931177138175,0.5456702953730866
25552,LOF,0.27660310530490945,0.14454301117028334,0.5788538835248072
25553,Neutral,0.8003837036338227,0.05235922022614196,0.14725707614003528
25554,LOF,0.30610761741295106,0.13562951692171743,0.5582628656653316
25555,LOF,0.263276127513352,0.12895734522476163,0.6077665272618864
25556,Neutral,0.44333020859296557,0.1231825087121159,0.43348728269491865
25557,LOF,0.2572972764260338,0.13107496856754192,0.6116277550064242
25558,LOF,0.3123038079535712,0.12796356135498663,0.5597326306914421
25559,LOF,0.2799069834772635,0.11801232089804801,0.6020806956246885
25560,LOF,0.13491426410401772,0.12483188940773059,0.7402538464882517
25561,LOF,0.1370829407400578,0.1740637183650124,0.6888533408949299
25562,LOF,0.04946888106043519,0.08260286654019955,0.8679282523993653
25563,LOF,0.016427174854531983,0.13528698621276414,0.8482858389327038
25564,LOF,0.12292064704145123,0.10258433501645511,0.7744950179420936
25565,LOF,0.19429931918759616,0.13469744179484644,0.6710032390175574
25566,GOF,0.058553744939730215,0.6776616080512272,0.2637846470090426
25567,LOF,0.03910222473681444,0.17512039281985603,0.7857773824433296
25568,LOF,0.0591397390401911,0.08850463614372756,0.8523556248160813
25569,LOF,0.060296378774466225,0.08415983184551445,0.8555437893800193
25570,LOF,0.030569031032328896,0.12271647942973286,0.8467144895379383
25571,LOF,0.027084462094371323,0.12539176010321645,0.8475237778024122
25572,LOF,0.06574632485066856,0.15155197538505968,0.7827016997642717
25573,LOF,0.06144576562507841,0.1160586197459783,0.8224956146289433
25574,LOF,0.05668542479934103,0.24492351644632793,0.698391058754331
25575,LOF,0.02375165755253741,0.12633275814565312,0.8499155843018094
25576,LOF,0.027712215283788304,0.18382566237597742,0.7884621223402343
25577,LOF,0.0309026990212556,0.14843292876185493,0.8206643722168895
25578,LOF,0.2859422548177859,0.11332142511430608,0.6007363200679079
25579,LOF,0.17748398464996473,0.10858357916385755,0.7139324361861777
25580,LOF,0.02128642449759751,0.09160841857889643,0.8871051569235061
25581,LOF,0.05016521240620442,0.0851293102653489,0.8647054773284467
25582,LOF,0.04982346781085548,0.08225810988353642,0.867918422305608
25583,LOF,0.02452535199837021,0.10799395346223657,0.8674806945393932
25584,Neutral,0.6975529680807752,0.15194150443571003,0.15050552748351476
25585,LOF,0.022393376482775992,0.18245375983540504,0.7951528636818189
25586,LOF,0.017767957675839965,0.09909209383418835,0.8831399484899717
25587,LOF,0.01816284785545496,0.08452869957904063,0.8973084525655044
25588,LOF,0.02124529031660757,0.09318302352713821,0.8855716861562543
25589,Neutral,0.49356641385276534,0.2949470095444544,0.2114865766027802
25590,LOF,0.04849882085521091,0.14857026816949917,0.8029309109752898
25591,LOF,0.07989216054133581,0.07852562613012903,0.8415822133285352
25592,LOF,0.058643629614469193,0.17414660378841937,0.7672097665971115
25593,LOF,0.10530627783296513,0.3158564974729261,0.5788372246941087
25594,LOF,0.04991465697492398,0.059070632924847606,0.8910147101002284
25595,LOF,0.05083962915650971,0.039793413574611795,0.9093669572688785
25596,LOF,0.11526333096785736,0.01903861211810186,0.8656980569140408
25597,LOF,0.0888049858891465,0.022709812151756385,0.8884852019590971
25598,LOF,0.04755858618747455,0.043604397902734786,0.9088370159097907
25599,LOF,0.025774033084758917,0.408833166616736,0.565392800298505
25600,GOF,0.1937188772506646,0.40345233347128934,0.402828789278046
25601,LOF,0.04621762526635946,0.31788860364519195,0.6358937710884486
25602,LOF,0.029898658698331432,0.07221077227629753,0.8978905690253711
25603,LOF,0.03598051564097453,0.04526874396214363,0.9187507403968819
25604,LOF,0.03941110472638543,0.07900238002804247,0.8815865152455721
25605,LOF,0.02989607446881739,0.1745734241999206,0.795530501331262
25606,LOF,0.38618015413244683,0.1294068448510082,0.48441300101654505
25607,LOF,0.027666408800948113,0.17288049907579855,0.7994530921232534
25608,LOF,0.037565575306780605,0.0906563715389076,0.8717780531543118
25609,GOF,0.13824658681170568,0.49969010536250685,0.36206330782578755
25610,LOF,0.013944886103756418,0.05708304571211151,0.9289720681841321
25611,LOF,0.01191034738582178,0.06813596273699593,0.9199536898771823
25612,LOF,0.04202320178552933,0.06661178278210526,0.8913650154323653
25613,LOF,0.04109415785295143,0.06675787723689326,0.8921479649101554
25614,LOF,0.020997525884900517,0.052074973229257276,0.9269275008858423
25615,LOF,0.040271260101813054,0.06679282215671677,0.8929359177414702
25616,LOF,0.046316515922782006,0.05838731064562148,0.8952961734315965
25617,LOF,0.035835801533018435,0.07197408649399806,0.8921901119729834
25618,LOF,0.04572154196270993,0.08551104481230935,0.8687674132249809
25619,LOF,0.011649347288512059,0.06976025149938123,0.9185904012121067
25620,LOF,0.053050567462809714,0.07507237177743879,0.8718770607597516
25621,LOF,0.0596198032269101,0.058098949824739725,0.8822812469483501
25622,LOF,0.06028954817268147,0.06820817582567405,0.8715022760016445
25623,LOF,0.06552737174580717,0.046654457934541906,0.8878181703196509
25624,LOF,0.01752825241379657,0.057559217076567616,0.9249125305096357
25625,LOF,0.058139843203761664,0.06743189765823047,0.8744282591380079
25626,LOF,0.04268855365933322,0.06635843478162394,0.8909530115590428
25627,Neutral,0.8838304575517203,0.020788678763714184,0.0953808636845654
25628,LOF,0.14870364209114106,0.052628332502143396,0.7986680254067156
25629,LOF,0.06736048567464015,0.041619616769609576,0.8910198975557502
25630,LOF,0.27121294395472545,0.05737512001546602,0.6714119360298085
25631,Neutral,0.5696883265617357,0.04867697788993274,0.38163469554833157
25632,LOF,0.024500451640038938,0.06956329982626674,0.9059362485336943
25633,LOF,0.2041326725325839,0.043657399709074,0.7522099277583422
25634,LOF,0.040550714629816215,0.07850974386575084,0.8809395415044329
25635,LOF,0.03466578246417238,0.044162780331102054,0.9211714372047256
25636,LOF,0.03881339774610741,0.467457630739344,0.49372897151454864
25637,GOF,0.05002531446155714,0.49007521220283096,0.45989947333561176
25638,LOF,0.02945922111212933,0.3926363105513939,0.5779044683364768
25639,LOF,0.030949763498067263,0.42682216957577696,0.5422280669261558
25640,Neutral,0.8197996923266968,0.13046716994891847,0.04973313772438484
25641,LOF,0.07762092633931016,0.41903243735434853,0.5033466363063412
25642,LOF,0.06919123144566013,0.17517873639934584,0.755630032154994
25643,LOF,0.2413921966652249,0.14613244178402662,0.6124753615507484
25644,GOF,0.013782632601965383,0.5202990027057339,0.4659183646923008
25645,LOF,0.017369171285729425,0.484984167386809,0.4976466613274616
25646,LOF,0.0539951389224344,0.3083008708377995,0.637703990239766
25647,LOF,0.018980144274414218,0.2344591461158782,0.7465607096097076
25648,LOF,0.019361885111413988,0.29436030459016566,0.6862778102984203
25649,LOF,0.012081773185053928,0.21438632772863153,0.7735318990863146
25650,LOF,0.03243281152087115,0.461134236161126,0.5064329523180029
25651,LOF,0.012515525569213676,0.2779220768129649,0.7095623976178214
25652,LOF,0.02040559251292773,0.28138350701623416,0.6982109004708381
25653,LOF,0.05477746849469677,0.4532520279640371,0.4919705035412663
25654,LOF,0.013993674060240616,0.21143786900575676,0.7745684569340026
25655,GOF,0.16150566747269868,0.4766448210007676,0.36184951152653366
25656,LOF,0.3251353748689658,0.11337960429331817,0.561485020837716
25657,LOF,0.050536140647341916,0.11316233536179832,0.8363015239908598
25658,LOF,0.33915954073053267,0.11481060133348674,0.5460298579359806
25659,Neutral,0.4604094460152996,0.11851257445610057,0.4210779795285999
25660,LOF,0.024182856110982764,0.10984629183502345,0.8659708520539938
25661,LOF,0.092153281372342,0.06645835567642804,0.84138836295123
25662,LOF,0.03406950442891935,0.036121477855492405,0.9298090177155881
25663,LOF,0.04094673653691597,0.04941082956086393,0.90964243390222
25664,LOF,0.13803913732348952,0.07905405341917407,0.7829068092573362
25665,LOF,0.0597565487307057,0.029397897720455552,0.9108455535488388
25666,LOF,0.09699051757244362,0.07445483404637901,0.8285546483811773
25667,LOF,0.069968762169096,0.05156410290177289,0.8784671349291312
25668,LOF,0.03763353073096624,0.059224275087661045,0.9031421941813728
25669,LOF,0.03015166245274192,0.05699625185224243,0.9128520856950155
25670,LOF,0.14054523139070021,0.07198456724919117,0.7874702013601086
25671,LOF,0.1096896528069441,0.042156735610508575,0.8481536115825473
25672,LOF,0.04820044036284248,0.04309215660949202,0.9087074030276655
25673,LOF,0.08256738940897758,0.05265868398494046,0.8647739266060819
25674,LOF,0.06846025318120517,0.06435209602039774,0.867187650798397
25675,LOF,0.09948188933216563,0.07186310784768889,0.8286550028201454
25676,LOF,0.018776682402386086,0.05884775758983262,0.9223755600077813
25677,LOF,0.024216837864070473,0.0719377975771789,0.9038453645587506
25678,LOF,0.20478050783122057,0.07927919204866826,0.7159403001201111
25679,LOF,0.125602888227555,0.08388386011707595,0.7905132516553691
25680,LOF,0.032202464984337764,0.12000842524249318,0.8477891097731691
25681,LOF,0.04701402198026134,0.11324767357862395,0.8397383044411146
25682,LOF,0.12824650756268205,0.08594978786343056,0.7858037045738873
25683,LOF,0.11489923963855861,0.0940671856802759,0.7910335746811655
25684,LOF,0.04029075734074925,0.07279600510456198,0.8869132375546888
25685,LOF,0.1353681739365338,0.09092934028351193,0.7737024857799542
25686,LOF,0.09134393780961123,0.11299061502731222,0.7956654471630765
25687,LOF,0.14967204788070096,0.12064070147323659,0.7296872506460625
25688,LOF,0.4184954571479303,0.049829265895567076,0.5316752769565025
25689,LOF,0.28015351510643266,0.05349848516371783,0.6663479997298495
25690,LOF,0.3208006454606878,0.03253719724194036,0.6466621572973719
25691,Neutral,0.7051513732723141,0.03248093109434739,0.26236769563333856
25692,LOF,0.3623226784721175,0.012230893087265804,0.6254464284406166
25693,LOF,0.03880422989490596,0.3912814168822231,0.569914353222871
25694,LOF,0.11562673565988923,0.020575090719241962,0.8637981736208689
25695,LOF,0.11771746984111174,0.01569338538753613,0.8665891447713522
25696,LOF,0.12425016882697068,0.01314845475362983,0.8626013764193996
25697,LOF,0.08297273332259263,0.07074794241234646,0.8462793242650608
25698,LOF,0.33153059851598027,0.18705092000509393,0.4814184814789258
25699,Neutral,0.5439729545202053,0.029875175394780677,0.42615187008501393
25700,LOF,0.09024993072392783,0.007884629013993538,0.9018654402620786
25701,LOF,0.19866331092507863,0.04354935508343285,0.7577873339914886
25702,GOF,0.17334056603668382,0.6366327555552541,0.19002667840806206
25703,LOF,0.017920082740089653,0.1619207827491946,0.8201591345107158
25704,LOF,0.03849369000153602,0.13978545614648122,0.8217208538519828
25705,LOF,0.04276802271244553,0.11895020698705655,0.838281770300498
25706,LOF,0.1435876706890097,0.3888957326784572,0.46751659663253314
25707,LOF,0.0923046043403438,0.32417208856089064,0.5835233070987655
25708,LOF,0.041571811138984414,0.3035997744224691,0.6548284144385464
25709,LOF,0.06854023408572202,0.038119607624923335,0.8933401582893548
25710,LOF,0.01314403210959598,0.11523135826434813,0.8716246096260559
25711,LOF,0.021479150295309092,0.06829344515127164,0.9102274045534192
25712,LOF,0.015811070829356993,0.1479148232246522,0.8362741059459909
25713,LOF,0.01967717765892529,0.06909021941934433,0.9112326029217303
25714,LOF,0.08296379566322272,0.0520812992973242,0.8649549050394532
25715,LOF,0.012972211110913477,0.09657106472024639,0.8904567241688403
25716,LOF,0.013473174488449986,0.08769248838499598,0.898834337126554
25717,LOF,0.015334303862647093,0.0665619853693747,0.9181037107679781
25718,LOF,0.0122656697518067,0.06225327357695774,0.9254810566712356
25719,LOF,0.02309093126999269,0.05620894453353538,0.920700124196472
25720,LOF,0.026727698000136108,0.048768405043997286,0.9245038969558665
25721,LOF,0.015046102391655627,0.08630348189485194,0.8986504157134924
25722,LOF,0.015994594692255195,0.07964700138730715,0.9043584039204378
25723,LOF,0.025042042738253584,0.036842520656792985,0.9381154366049534
25724,LOF,0.03278039350352885,0.05993757161128194,0.9072820348851892
25725,LOF,0.0129075911373133,0.05401773751875646,0.9330746713439302
25726,LOF,0.016388546440948962,0.07860539573987435,0.9050060578191766
25727,LOF,0.013260382477320176,0.06043437102348774,0.926305246499192
25728,LOF,0.011126601328743603,0.0762541600269809,0.9126192386442755
25729,LOF,0.011301954906550293,0.07455649065781579,0.9141415544356339
25730,LOF,0.014628557731403972,0.07643942538083667,0.9089320168877594
25731,LOF,0.021084940991840606,0.083500804498116,0.8954142545100435
25732,LOF,0.014725625813336009,0.0575623634931157,0.9277120106935484
25733,LOF,0.018974274228438472,0.05052813143882082,0.9304975943327406
25734,LOF,0.012297401261500952,0.09379646107314807,0.8939061376653511
25735,LOF,0.01286113881471399,0.06067499029032394,0.9264638708949621
25736,LOF,0.013897793958192003,0.07501032768732176,0.9110918783544862
25737,LOF,0.01272546618891762,0.06965509706122212,0.9176194367498604
25738,LOF,0.013248023160959863,0.07785750806424543,0.9088944687747947
25739,LOF,0.02257020510167531,0.055373109673539665,0.922056685224785
25740,LOF,0.029876290746644413,0.08696988527201206,0.8831538239813435
25741,LOF,0.01678604552482465,0.07515115197011389,0.9080628025050613
25742,LOF,0.11427778438364358,0.054715270313460816,0.8310069453028955
25743,LOF,0.03636369891500555,0.07343714811282816,0.8901991529721663
25744,Neutral,0.5798691569210903,0.26497625954721754,0.15515458353169218
25745,LOF,0.06834342019822184,0.10325516632959365,0.8284014134721844
25746,LOF,0.0396532049450108,0.1444225030605352,0.815924291994454
25747,LOF,0.021049122670192655,0.10594246132694171,0.8730084160028656
25748,LOF,0.11581395474422689,0.18055803288603076,0.7036280123697424
25749,LOF,0.02661766144418231,0.12988050140575993,0.8435018371500578
25750,LOF,0.06968357869548958,0.12769140050891134,0.802625020795599
25751,LOF,0.07777825642211465,0.16788101611231837,0.754340727465567
25752,GOF,0.10627047592867317,0.6299845514412151,0.26374497263011165
25753,LOF,0.025627408412082296,0.30826884539336724,0.6661037461945506
25754,GOF,0.013953063075913506,0.7798171829158758,0.20622975400821078
25755,LOF,0.027167855919562275,0.36887012725689244,0.6039620168235452
25756,LOF,0.05378926614227852,0.34973588479103485,0.5964748490666866
25757,GOF,0.021362152822151235,0.8541343236597643,0.12450352351808454
25758,GOF,0.033208800978130046,0.7785776089822188,0.18821359003965102
25759,GOF,0.011205920220782335,0.6184599891905569,0.37033409058866085
25760,LOF,0.013892868733559537,0.29194410376439517,0.6941630275020454
25761,GOF,0.2742259469160558,0.6308345352257664,0.09493951785817789
25762,LOF,0.046300505406093755,0.2809397525618652,0.672759742032041
25763,LOF,0.013592463224154146,0.2062316327873605,0.7801759039884855
25764,GOF,0.079889964064493,0.6429686473572844,0.2771413885782226
25765,GOF,0.036643640809973156,0.7542230016015464,0.20913335758848042
25766,GOF,0.07576963202004422,0.7601294635752692,0.16410090440468664
25767,GOF,0.17008561974796113,0.5515676703961583,0.27834670985588067
25768,LOF,0.10047382619214214,0.05829283932547188,0.841233334482386
25769,LOF,0.04971873875212191,0.06748797614411316,0.8827932851037649
25770,LOF,0.3152963658263478,0.11441655781690561,0.5702870763567466
25771,LOF,0.04993217686831284,0.0523173925936846,0.8977504305380025
25772,LOF,0.018694782640316224,0.04724028307922277,0.934064934280461
25773,LOF,0.05564910425238015,0.08747070630915844,0.8568801894384613
25774,LOF,0.027329991554284973,0.10358454203589199,0.869085466409823
25775,LOF,0.05651547246505726,0.052684679949147294,0.8907998475857954
25776,LOF,0.06797287664786994,0.029399855603030205,0.9026272677490998
25777,LOF,0.3392002141238043,0.0825391744157642,0.5782606114604315
25778,LOF,0.06563945439042132,0.04700746542832966,0.887353080181249
25779,GOF,0.40145752755205266,0.5429643576633423,0.05557811478460499
25780,GOF,0.3593526730472548,0.5412762808284375,0.0993710461243078
25781,GOF,0.12030363305522496,0.7615039686928468,0.11819239825192827
25782,GOF,0.19495787182632257,0.7096621902873556,0.09537993788632197
25783,GOF,0.023888560669315124,0.623233481419859,0.3528779579108259
25784,Neutral,0.5203264967612327,0.4256271465004813,0.05404635673828608
25785,Neutral,0.5202865092303968,0.43191157319368645,0.04780191757591674
25786,GOF,0.027182159089980694,0.7338396825780642,0.2389781583319551
25787,Neutral,0.7007918089066286,0.269331958672326,0.029876232421045205
25788,LOF,0.056428900359206204,0.08797931082957547,0.8555917888112182
25789,GOF,0.22267878378759878,0.6355529751739347,0.14176824103846658
25790,GOF,0.2678623143806991,0.6361152464307609,0.09602243918854006
25791,GOF,0.14724050985825834,0.684428971288185,0.1683305188535566
25792,GOF,0.34432654820670017,0.5291209824517287,0.12655246934157124
25793,GOF,0.3039668811694002,0.46423466457756873,0.23179845425303106
25794,GOF,0.34559366949867903,0.4640496760489871,0.19035665445233377
25795,GOF,0.0718660525504446,0.6523434242937118,0.2757905231558434
25796,Neutral,0.5547449465280091,0.3566274147380345,0.08862763873395653
25797,GOF,0.08484761422138942,0.5678185166451472,0.3473338691334635
25798,GOF,0.009443337995150233,0.506063425427317,0.4844932365775327
25799,LOF,0.0076024958100300855,0.41599301341977923,0.5764044907701907
25800,GOF,0.039223068426631355,0.5830345076741863,0.37774242389918233
25801,GOF,0.2361974925070219,0.6543105133257342,0.10949199416724373
25802,GOF,0.06233504885406505,0.6933838010712651,0.24428115007466988
25803,GOF,0.03404685145632358,0.570939583764101,0.39501356477957533
25804,GOF,0.034775557223613286,0.5107852153483746,0.45443922742801196
25805,GOF,0.12187571284961135,0.5780003256120736,0.30012396153831516
25806,GOF,0.12840712409008345,0.5719920333589068,0.2996008425510097
25807,GOF,0.022206807166942122,0.6048322059552673,0.3729609868777905
25808,GOF,0.09847635518229947,0.6126974354643169,0.2888262093533837
25809,GOF,0.021360379770135485,0.6147233178831781,0.36391630234668637
25810,GOF,0.01976898482618278,0.6207001503929584,0.3595308647808588
25811,Neutral,0.5104880306985058,0.4045923570789786,0.08491961222251558
25812,GOF,0.03735586767911874,0.6372863026054294,0.32535782971545185
25813,Neutral,0.5643938049019462,0.3240188112457343,0.11158738385231938
25814,GOF,0.12716485156259869,0.6683328792405784,0.20450226919682288
25815,GOF,0.21259613874499417,0.5826980278453244,0.20470583340968138
25816,GOF,0.023585643609453266,0.6845777827577341,0.29183657363281257
25817,GOF,0.2696602429700518,0.5959058293436779,0.1344339276862704
25818,GOF,0.05506031457806184,0.5640278140366518,0.3809118713852863
25819,Neutral,0.43326132946743645,0.40341617437545696,0.16332249615710662
25820,GOF,0.18850102107141176,0.582823780906126,0.2286751980224622
25821,GOF,0.058558069333259265,0.6321470946305435,0.3092948360361972
25822,GOF,0.2520439538063459,0.4838237151472609,0.2641323310463931
25823,GOF,0.03010594901377868,0.48578314394299443,0.4841109070432269
25824,GOF,0.08763006692896468,0.5226934600230329,0.38967647304800257
25825,GOF,0.03173978828412208,0.51877510376774,0.44948510794813784
25826,GOF,0.012273715622433692,0.506317191905973,0.4814090924715933
25827,GOF,0.024415771427360934,0.5705279126372245,0.4050563159354146
25828,LOF,0.01645902683823786,0.47100012854106255,0.5125408446206996
25829,GOF,0.0063754707567059464,0.5151618279789155,0.47846270126437845
25830,LOF,0.03899204745665977,0.2871437875582715,0.6738641649850687
25831,GOF,0.1742299373648841,0.6671441677749504,0.15862589486016546
25832,GOF,0.03179617543506129,0.6573540637879618,0.31084976077697696
25833,GOF,0.12393323419015732,0.6772383244980009,0.1988284413118417
25834,GOF,0.03532739265820504,0.6589901023311323,0.3056825050106627
25835,GOF,0.0897010245498153,0.6682154956087094,0.24208347984147535
25836,GOF,0.042940374553631304,0.6303596358266457,0.326699989619723
25837,GOF,0.022200521653535,0.5066126777448803,0.4711868006015847
25838,GOF,0.07370151448749968,0.7240523733459268,0.2022461121665736
25839,GOF,0.25274787899249285,0.5706080898462413,0.17664403116126565
25840,GOF,0.23107556469279358,0.5675644083858453,0.2013600269213611
25841,GOF,0.23338729953234388,0.5731824815086474,0.19343021895900867
25842,GOF,0.18959008327713459,0.6342208170870639,0.1761890996358014
25843,GOF,0.22016384688021257,0.6429014293576096,0.1369347237621778
25844,GOF,0.06023059833832129,0.6368922048450982,0.30287719681658043
25845,LOF,0.01421685282441963,0.4803154156394903,0.50546773153609
25846,GOF,0.09564741940844725,0.700477723793545,0.20387485679800776
25847,GOF,0.13097037257150834,0.719449718249703,0.1495799091787886
25848,GOF,0.03571450284829126,0.6606169448405297,0.3036685523111789
25849,GOF,0.010256333919642526,0.546169620012797,0.44357404606756046
25850,GOF,0.025065045677645427,0.6481662814926984,0.32676867282965616
25851,GOF,0.01805542007254641,0.5365106436700171,0.4454339362574365
25852,GOF,0.183538210967479,0.5285759724212409,0.28788581661128004
25853,GOF,0.36812511525152647,0.5455691333854684,0.08630575136300503
25854,GOF,0.020484518864550206,0.5875259444448292,0.3919895366906206
25855,GOF,0.03596406834973989,0.54739330628304,0.4166426253672202
25856,GOF,0.2702314736864795,0.47217245691748777,0.2575960693960328
25857,LOF,0.03372712444895524,0.45604247677027954,0.5102303987807653
25858,GOF,0.018301313946773493,0.5469355114772907,0.4347631745759359
25859,GOF,0.011068984715128431,0.530994043284838,0.4579369720000336
25860,GOF,0.40399328957664393,0.5102962904865075,0.08571041993684868
25861,GOF,0.4297345753073673,0.48495782169854373,0.08530760299408903
25862,GOF,0.09489951373192014,0.7585570327335072,0.1465434535345727
25863,GOF,0.0926760602695713,0.7614479851880022,0.14587595454242658
25864,GOF,0.2281988425645581,0.6865965650734783,0.08520459236196369
25865,GOF,0.08971563229849731,0.7820407244841814,0.12824364321732123
25866,GOF,0.0598583385967383,0.7829344953989078,0.157207166004354
25867,GOF,0.08866212259463416,0.7982161481411642,0.11312172926420169
25868,GOF,0.2839780718324171,0.607360773484938,0.10866115468264499
25869,Neutral,0.7249230072507027,0.23493914931864074,0.04013784343065653
25870,LOF,0.31956701088797496,0.2770174018656265,0.4034155872463985
25871,GOF,0.21701506042569957,0.6121044853409073,0.17088045423339318
25872,GOF,0.09589452284362562,0.6226902897906563,0.28141518736571813
25873,GOF,0.16156115259263484,0.6118004071007687,0.2266384403065965
25874,LOF,0.020622092968827183,0.11091403302756442,0.8684638740036084
25875,LOF,0.10526494181249875,0.03661798729392665,0.8581170708935746
25876,LOF,0.0343890750182046,0.03974875973039996,0.9258621652513953
25877,Neutral,0.5121935530479662,0.042796767057625036,0.44500967989440876
25878,LOF,0.24187825775558158,0.07452000784560328,0.6836017343988152
25879,LOF,0.10640527175443311,0.07869765549036263,0.8148970727552043
25880,LOF,0.024879932489684224,0.020708488386889965,0.9544115791234258
25881,LOF,0.19254568539220718,0.14438255395035687,0.663071760657436
25882,LOF,0.07962130669647235,0.016651670086765963,0.9037270232167618
25883,LOF,0.08050760768272157,0.027209068819568964,0.8922833234977096
25884,LOF,0.04118154508285603,0.04162894986244475,0.9171895050546992
25885,LOF,0.06823532134836786,0.014639060088250088,0.917125618563382
25886,LOF,0.3295623227371224,0.045394675705587355,0.6250430015572903
25887,LOF,0.15860375280848416,0.08711742839870637,0.7542788187928094
25888,LOF,0.0711425061076873,0.07029443910600408,0.8585630547863086
25889,LOF,0.04928194244522684,0.02861237204653469,0.9221056855082386
25890,LOF,0.04815276363649467,0.13515240038776918,0.8166948359757362
25891,LOF,0.040951241281157805,0.063361477955673,0.8956872807631692
25892,LOF,0.10502580247137079,0.015612738732130014,0.8793614587964991
25893,LOF,0.2869799348448524,0.01167301973795896,0.7013470454171886
25894,LOF,0.1890275370682263,0.006698683095927325,0.8042737798358462
25895,LOF,0.21909192518099543,0.014843800380704372,0.7660642744383002
25896,LOF,0.05502653956947356,0.013877745594906059,0.9310957148356204
25897,LOF,0.26260761365750007,0.009308239330810823,0.7280841470116891
25898,Neutral,0.7392046832063359,0.0069120144961619424,0.2538833022975021
25899,LOF,0.287202678371725,0.018537397740685402,0.6942599238875896
25900,LOF,0.46585586129362844,0.011613430219866463,0.5225307084865052
25901,LOF,0.07159183046067147,0.008577576612040129,0.9198305929272885
25902,LOF,0.19768866699362042,0.008840899907630158,0.7934704330987494
25903,Neutral,0.5299048833203315,0.025205203935858754,0.44488991274380985
25904,LOF,0.32071148260226967,0.029950006226623836,0.6493385111711064
25905,LOF,0.02438828224591043,0.3010201161100576,0.674591601644032
25906,LOF,0.024009338063296824,0.06197188687433689,0.9140187750623663
25907,LOF,0.01611317667101687,0.3266195897505415,0.6572672335784416
25908,LOF,0.011515599482222635,0.23155955250492052,0.7569248480128569
25909,LOF,0.014204757843763717,0.11512749291196815,0.870667749244268
25910,LOF,0.04093941543229706,0.12583818764948856,0.8332223969182144
25911,LOF,0.1238392023132449,0.049888580235753106,0.8262722174510021
25912,LOF,0.04080586454602098,0.06614223876458843,0.8930518966893907
25913,LOF,0.2886101646597308,0.03220776942502487,0.6791820659152444
25914,LOF,0.02300891148473691,0.11396496679128829,0.8630261217239747
25915,Neutral,0.4129046969976492,0.3365635451446205,0.25053175785773024
25916,LOF,0.05803331697267025,0.33040639223556867,0.6115602907917611
25917,LOF,0.05609719179763663,0.06352420284589035,0.8803786053564729
25918,LOF,0.031816914990288686,0.06446802335462011,0.9037150616550912
25919,LOF,0.024216991859607486,0.0700130826168695,0.9057699255235231
25920,GOF,0.09057035876654418,0.539374917682519,0.37005472355093677
25921,LOF,0.02755491972492582,0.01995305602257555,0.9524920242524987
25922,LOF,0.03855254043441085,0.013280380984097053,0.9481670785814921
25923,LOF,0.4240536824935218,0.014261737970154915,0.5616845795363232
25924,LOF,0.03974834494953636,0.026767148492754876,0.9334845065577089
25925,LOF,0.07156288462430278,0.018717353307153115,0.909719762068544
25926,LOF,0.04900208101439047,0.014469105160054452,0.936528813825555
25927,LOF,0.07313505571902022,0.05704916293036472,0.869815781350615
25928,LOF,0.021552029137683268,0.029091003241454125,0.9493569676208625
25929,Neutral,0.5522089701059035,0.01552972135430759,0.4322613085397889
25930,LOF,0.06117338589274551,0.012564750188423665,0.9262618639188309
25931,LOF,0.031010155883872625,0.01669473312023915,0.9522951109958881
25932,LOF,0.0302646786061801,0.012640021097697789,0.9570953002961221
25933,LOF,0.042118647940561096,0.008454619345904591,0.9494267327135342
25934,LOF,0.02690115207176219,0.009854431813860361,0.9632444161143775
25935,LOF,0.06351691015410459,0.023158881343150185,0.9133242085027452
25936,LOF,0.05182884276440355,0.013299813560595706,0.9348713436750008
25937,LOF,0.02910796492451176,0.026082087067866983,0.9448099480076212
25938,LOF,0.06379307205139503,0.026320508943370048,0.9098864190052348
25939,LOF,0.043663211815357594,0.009379854157975735,0.9469569340266667
25940,LOF,0.028315525637504634,0.34213592853876984,0.6295485458237255
25941,LOF,0.16899569020006738,0.08375164790769248,0.7472526618922402
25942,LOF,0.016076965127948623,0.032873226206178836,0.9510498086658725
25943,LOF,0.28607202614155103,0.05610991411478663,0.6578180597436624
25944,LOF,0.4600627311781882,0.031731554454931116,0.5082057143668807
25945,LOF,0.0705478033598406,0.023616066584729783,0.9058361300554296
25946,LOF,0.03165804143666767,0.12357537094181129,0.8447665876215211
25947,LOF,0.1146501229165015,0.21887709343876438,0.6664727836447341
25948,LOF,0.4250239141981313,0.016997867797268744,0.5579782180046
25949,LOF,0.08616669179446011,0.06991855130771857,0.8439147568978214
25950,GOF,0.29494821973483676,0.4340234691004347,0.2710283111647286
25951,LOF,0.23656345321428854,0.2578082193950886,0.5056283273906229
25952,LOF,0.039776314377301836,0.4647204000010136,0.49550328562168466
25953,LOF,0.1408988801261712,0.11141378143977756,0.7476873384340512
25954,Neutral,0.42287888432659526,0.17936672846370832,0.3977543872096965
25955,LOF,0.06608968571892128,0.08745729421059781,0.846453020070481
25956,LOF,0.1916927891457887,0.0931462210019348,0.7151609898522765
25957,LOF,0.03957414301865575,0.03989707042362949,0.9205287865577148
25958,LOF,0.06112639291980684,0.02755757628469006,0.9113160307955032
25959,LOF,0.06562489406205893,0.32276664825616225,0.6116084576817788
25960,LOF,0.021087320209552247,0.05287411582973093,0.9260385639607168
25961,LOF,0.050394251151940836,0.03367151001126008,0.915934238836799
25962,LOF,0.050014638813186255,0.03921679189765405,0.9107685692891597
25963,LOF,0.04780549691994967,0.2045062765483407,0.7476882265317097
25964,LOF,0.03639266413035387,0.15817291820407364,0.8054344176655726
25965,LOF,0.4312037970378204,0.07652582213262255,0.49227038082955693
25966,LOF,0.40376410254660167,0.1798557917409945,0.41638010571240386
25967,LOF,0.012161672072951647,0.07974812581770442,0.9080902021093439
25968,GOF,0.03600027142279392,0.5236587961089979,0.4403409324682082
25969,LOF,0.02411318531873897,0.06638566134950982,0.9095011533317511
25970,LOF,0.06213685515786501,0.06055306559504357,0.8773100792470914
25971,LOF,0.08012139085331317,0.016039573252822858,0.903839035893864
25972,LOF,0.08049105244586163,0.022810720116481126,0.8966982274376573
25973,LOF,0.0934971580334649,0.005485030336373556,0.9010178116301616
25974,LOF,0.24191766021228153,0.013497296696429838,0.7445850430912887
25975,LOF,0.06079851232854861,0.01863162641978896,0.9205698612516624
25976,LOF,0.0505048012099519,0.011528399276252394,0.9379667995137957
25977,LOF,0.1467369490926314,0.08503133937827163,0.7682317115290969
25978,LOF,0.13764731895039195,0.05779817408365259,0.8045545069659554
25979,LOF,0.13237464413026695,0.056995462270899064,0.8106298935988339
25980,LOF,0.19284840723576782,0.06709930464318851,0.7400522881210436
25981,LOF,0.22640451534808306,0.06465699759022075,0.7089384870616962
25982,LOF,0.42004928195422986,0.049497420948742175,0.5304532970970279
25983,LOF,0.40033062192708113,0.04637318911364113,0.5532961889592777
25984,LOF,0.048845329312809764,0.08151809572202319,0.869636574965167
25985,LOF,0.026971380954402928,0.3023513403385265,0.6706772787070705
25986,LOF,0.03869271127556145,0.29707770011083723,0.6642295886136013
25987,LOF,0.07367997130002972,0.1061014223385691,0.8202186063614011
25988,LOF,0.11463519404461081,0.10202111091741481,0.7833436950379743
25989,LOF,0.027174592591527647,0.17772827403983887,0.7950971333686335
25990,LOF,0.03436445625647106,0.2018855204981476,0.7637500232453813
25991,LOF,0.21513245572610587,0.28796019106782017,0.49690735320607404
25992,LOF,0.38897962203844794,0.16212388474490388,0.4488964932166482
25993,LOF,0.023327911290244852,0.07992207321032681,0.8967500154994283
25994,LOF,0.01682455468337139,0.11080224432533954,0.872373200991289
25995,LOF,0.025206423879339454,0.20057765918683865,0.7742159169338219
25996,GOF,0.2985302477696223,0.47032325581831963,0.2311464964120581
25997,GOF,0.11497699040450814,0.4868783224011833,0.3981446871943086
25998,Neutral,0.5366435327188867,0.016882802460504946,0.44647366482060835
25999,LOF,0.15251487115118223,0.11577114157917742,0.7317139872696403
26000,LOF,0.1670611646876476,0.031620149328854846,0.8013186859834975
26001,LOF,0.16903747594605664,0.03747404085169551,0.793488483202248
26002,LOF,0.1325873311358963,0.03610698135920207,0.8313056875049016
26003,GOF,0.011202411018598325,0.5834903195022291,0.40530726947917256
26004,GOF,0.025618940575098576,0.6442178677990933,0.33016319162580804
26005,LOF,0.009327963270730702,0.4613334850652841,0.5293385516639852
26006,Neutral,0.5152120418100031,0.2306195418068572,0.2541684163831396
26007,GOF,0.020930854510041702,0.4919949677676889,0.4870741777222693
26008,GOF,0.021776701399327036,0.5420707737027229,0.4361525248979501
26009,GOF,0.025693598267474232,0.5815641640211313,0.3927422377113945
26010,GOF,0.027630502071499703,0.6038135510505874,0.3685559468779129
26011,LOF,0.007681689888381068,0.45867541500763737,0.5336428951039816
26012,GOF,0.01721902933768412,0.5527994537829167,0.42998151687939923
26013,GOF,0.022082731240504833,0.5933785197943955,0.38453874896509976
26014,LOF,0.03711157507296455,0.13557258606079015,0.8273158388662453
26015,LOF,0.2791664035274402,0.010587599001736503,0.7102459974708232
26016,LOF,0.2585784426312075,0.04932361318260985,0.6920979441861828
26017,LOF,0.22921534977970737,0.08233460095165686,0.6884500492686357
26018,LOF,0.1106461635864375,0.05386027774355352,0.8354935586700089
26019,LOF,0.1030706036363562,0.03940396329055662,0.8575254330730873
26020,LOF,0.06801088066738456,0.119610675459802,0.8123784438728135
26021,LOF,0.05347974830857639,0.14404101220787593,0.8024792394835476
26022,LOF,0.01205923127504474,0.05820181469768678,0.9297389540272684
26023,LOF,0.1264226813599763,0.03035897497520884,0.8432183436648149
26024,LOF,0.03327920854223636,0.1471674206494601,0.8195533708083036
26025,LOF,0.1576389801768199,0.12193893719421486,0.7204220826289652
26026,LOF,0.3131720260161932,0.0284531390109921,0.6583748349728148
26027,LOF,0.09892396077420153,0.02250627689494944,0.878569762330849
26028,LOF,0.14548703723964931,0.09604474967068195,0.7584682130896686
26029,LOF,0.06804895969257851,0.15973735798775943,0.772213682319662
26030,LOF,0.024840439669784626,0.058376667989836144,0.9167828923403794
26031,LOF,0.027759816319204007,0.13423051799425054,0.8380096656865456
26032,LOF,0.06422760585546283,0.06205045877873437,0.8737219353658028
26033,LOF,0.11673751328047753,0.07073621296021304,0.8125262737593095
26034,LOF,0.044997738521930175,0.13950590615553832,0.8154963553225314
26035,LOF,0.02706121772808294,0.12058699859276745,0.8523517836791495
26036,LOF,0.04019678756673334,0.1481468215310647,0.811656390902202
26037,LOF,0.022770076164392212,0.10423817744747556,0.8729917463881323
26038,LOF,0.06083494885868079,0.059202708632060064,0.8799623425092592
26039,LOF,0.05535956975784988,0.13217448105429616,0.8124659491878541
26040,LOF,0.18410685954490041,0.11394535619542322,0.7019477842596763
26041,LOF,0.023676386761902046,0.09873759340408005,0.877586019834018
26042,LOF,0.0226265789452656,0.09642623298388557,0.8809471880708488
26043,LOF,0.059862034549555784,0.07050209341750154,0.8696358720329427
26044,LOF,0.0210670018488233,0.06814076833485308,0.9107922298163237
26045,LOF,0.07023328254849873,0.08970571653157244,0.8400610009199289
26046,LOF,0.06249788016548603,0.07236255244898479,0.8651395673855291
26047,LOF,0.08919965383538207,0.07857802108714063,0.8322223250774773
26048,LOF,0.04739754222480189,0.05134081733707833,0.9012616404381198
26049,Neutral,0.9561234046835828,0.007275701613696127,0.0366008937027211
26050,Neutral,0.9361577705469044,0.009042101539909263,0.05480012791318636
26051,LOF,0.04136218517811331,0.27411020799370006,0.6845276068281866
26052,LOF,0.06524746731995736,0.27655135094535727,0.6582011817346854
26053,LOF,0.05788801994220997,0.13234538487304423,0.8097665951847458
26054,LOF,0.05809108061547872,0.02634457670728863,0.9155643426772325
26055,LOF,0.07213609357644735,0.019508141109398552,0.9083557653141541
26056,LOF,0.05712833033735982,0.021782854336181955,0.9210888153264583
26057,LOF,0.03380575738584926,0.011647635551950093,0.9545466070622007
26058,LOF,0.034447446541728884,0.010035698510977168,0.9555168549472941
26059,LOF,0.293362177130339,0.034011896294512456,0.6726259265751485
26060,LOF,0.030492317036225767,0.19119587481735317,0.7783118081464212
26061,LOF,0.01859078898823462,0.011083421093509077,0.9703257899182562
26062,LOF,0.01166375230537537,0.017667732580199536,0.9706685151144251
26063,LOF,0.02395744864153903,0.012433347347162777,0.9636092040112981
26064,LOF,0.02599687378028354,0.01879827238072818,0.9552048538389881
26065,LOF,0.02732974020859888,0.01237858692691138,0.9602916728644898
26066,LOF,0.023001115962247045,0.011272648882875548,0.9657262351548774
26067,LOF,0.029222172743081077,0.008286749781888312,0.9624910774750307
26068,LOF,0.04838139358012145,0.040137657074728016,0.9114809493451506
26069,LOF,0.26419799324290627,0.023886245601862262,0.7119157611552315
26070,LOF,0.4483446572051251,0.018622140807573507,0.5330332019873014
26071,LOF,0.025826708866343202,0.013108835051528092,0.9610644560821286
26072,LOF,0.02335228267553379,0.01705372202562751,0.9595939952988388
26073,LOF,0.02766386218284095,0.011254866161782416,0.9610812716553766
26074,Neutral,0.9102901126299618,0.006694670667038329,0.08301521670299972
26075,LOF,0.0455906791212616,0.015125948405844724,0.9392833724728936
26076,LOF,0.04429187054566568,0.009188852433261618,0.9465192770210727
26077,LOF,0.009982679657792691,0.017090928917854634,0.9729263914243528
26078,LOF,0.014265089201017449,0.01155720692698629,0.9741777038719963
26079,LOF,0.06055995744840339,0.01908706213363898,0.9203529804179577
26080,LOF,0.05936285675578279,0.019147643923611648,0.9214894993206055
26081,LOF,0.03983184335582164,0.007074270120797698,0.9530938865233807
26082,LOF,0.01668343898794015,0.016849630610450108,0.9664669304016098
26083,LOF,0.13058953660574085,0.014518323723860502,0.8548921396703986
26084,LOF,0.030342170615017726,0.012608505689201467,0.9570493236957808
26085,LOF,0.02563928115335843,0.011950121100676388,0.9624105977459652
26086,LOF,0.02758981554674285,0.011476487340769571,0.9609336971124876
26087,LOF,0.02805532053805684,0.008388987511220393,0.9635556919507227
26088,LOF,0.01699920439981848,0.02630640662397671,0.9566943889762047
26089,LOF,0.04341996921427387,0.030336290755370227,0.9262437400303558
26090,LOF,0.042258362522818366,0.02309848001031877,0.9346431574668628
26091,LOF,0.04179796824666196,0.006630547267387572,0.9515714844859504
26092,LOF,0.028340406148068584,0.009110925744065817,0.9625486681078657
26093,LOF,0.03973667020880723,0.0068353736445063455,0.9534279561466865
26094,LOF,0.044533128331972475,0.0074105040542696,0.9480563676137579
26095,LOF,0.04818746921895019,0.016780209372148875,0.9350323214089009
26096,LOF,0.018644988724970023,0.012491940893681953,0.9688630703813481
26097,LOF,0.010400684478143574,0.0404427899927675,0.9491565255290888
26098,LOF,0.07027894220939715,0.013043467397173667,0.9166775903934292
26099,LOF,0.026332649953178907,0.014487081298657936,0.9591802687481631
26100,LOF,0.028448224372546706,0.014057657034980022,0.9574941185924732
26101,LOF,0.0606601611040065,0.014341278769318032,0.9249985601266755
26102,LOF,0.02805353356129334,0.014457447536493912,0.9574890189022126
26103,Neutral,0.8854303951499364,0.02366217828796262,0.09090742656210092
26104,LOF,0.06846752107263096,0.0375745694567792,0.8939579094705898
26105,LOF,0.21226401109323523,0.29132783742544216,0.4964081514813225
26106,LOF,0.1801326879237154,0.1476071249735082,0.6722601871027765
26107,LOF,0.24604892087241606,0.09627586745412234,0.6576752116734615
26108,LOF,0.24978114536734256,0.12459062498474043,0.6256282296479171
26109,LOF,0.09074778954669543,0.0947624443584585,0.814489766094846
26110,LOF,0.25909905688729173,0.007897164048523454,0.7330037790641848
26111,LOF,0.42407497464220795,0.02179952761563195,0.5541254977421601
26112,LOF,0.03288008560130827,0.008102552288564692,0.959017362110127
26113,LOF,0.05134897616166277,0.01623732049132989,0.9324137033470072
26114,LOF,0.02544232452035205,0.022718449307395222,0.9518392261722528
26115,LOF,0.09760259171618171,0.05454431059864452,0.8478530976851738
26116,LOF,0.07028078445769614,0.05346272436560407,0.8762564911766998
26117,LOF,0.41459817865614773,0.04810308987662177,0.5372987314672305
26118,LOF,0.03926881599228359,0.025601022762719323,0.935130161244997
26119,LOF,0.024247957935296646,0.03441096557985877,0.9413410764848444
26120,LOF,0.029684884027231677,0.02238495118430688,0.9479301647884614
26121,LOF,0.05036003608220999,0.07884894751315408,0.870791016404636
26122,LOF,0.050053611858142076,0.040575905098078416,0.9093704830437795
