feature0,prediction,LoGoFunc_Neutral,LoGoFunc_GOF,LoGoFunc_LOF
25546,Neutral,0.6233248252920575,0.05951310774339243,0.31716206696455007
25547,Neutral,0.5012031350349034,0.09566601330595738,0.40313085165913914
25548,Neutral,0.5165378126090833,0.08250772384553641,0.40095446354538034
25549,Neutral,0.46792256302824264,0.08376309022056984,0.44831434675118753
25550,LOF,0.3949951554337149,0.09988339201540208,0.505121452550883
25551,LOF,0.33130032089024375,0.11618717306043648,0.5525125060493198
25552,LOF,0.3082169242412249,0.12115799047909835,0.5706250852796768
25553,Neutral,0.7841484949600116,0.05245667425521833,0.16339483078476996
25554,LOF,0.34462093845291547,0.11161775805501359,0.543761303492071
25555,LOF,0.29845982698832874,0.10495956300471096,0.5965806100069604
25556,Neutral,0.4633628732580437,0.0957948983149496,0.4408422284270066
25557,LOF,0.2948582445391062,0.10929996379888665,0.5958417916620072
25558,LOF,0.3446211199106503,0.10558395294521324,0.5497949271441364
25559,LOF,0.2503938829200526,0.05017717340694184,0.6994289436730056
25560,LOF,0.09888378623644295,0.1479284710198274,0.7531877427437297
25561,LOF,0.10338390657300613,0.20231137686308306,0.6943047165639108
25562,LOF,0.04271668555718364,0.11071411175377215,0.8465692026890442
25563,LOF,0.010529264979939841,0.15777330939901218,0.831697425621048
25564,LOF,0.09174308759802023,0.11806942558081278,0.790187486821167
25565,LOF,0.19936865393714773,0.14765312290466356,0.6529782231581887
25566,GOF,0.05851960297394574,0.6762138970913564,0.2652664999346979
25567,LOF,0.04990266098400438,0.1593866998574747,0.7907106391585209
25568,LOF,0.058821029849747755,0.0908608689632149,0.8503181011870373
25569,LOF,0.06301702492762072,0.08415090325640057,0.8528320718159788
25570,LOF,0.025900161210207415,0.13195217112652574,0.8421476676632668
25571,LOF,0.025203674487475118,0.13547669126995773,0.8393196342425671
25572,LOF,0.054910681379626375,0.18008396615174435,0.7650053524686292
25573,LOF,0.06284655855114424,0.11572427963349606,0.8214291618153599
25574,LOF,0.07226109674613938,0.22797487806760916,0.6997640251862515
25575,LOF,0.02289054606286511,0.15749394208015502,0.8196155118569799
25576,LOF,0.022806793961419013,0.22191124691470537,0.7552819591238756
25577,LOF,0.028580173475779798,0.16426679969958236,0.8071530268246377
25578,LOF,0.2898694406858169,0.09885810163664215,0.6112724576775409
25579,LOF,0.21291008626549404,0.09998994494301555,0.6870999687914904
25580,LOF,0.02304158795860304,0.09248927291736588,0.884469139124031
25581,LOF,0.048941257860719053,0.09242168524878663,0.8586370568904943
25582,LOF,0.048467219601877304,0.08976953525173564,0.8617632451463871
25583,LOF,0.029174132230464972,0.10922528582472689,0.8616005819448082
25584,Neutral,0.7211383110399278,0.11291661589909505,0.16594507306097717
25585,LOF,0.023280890510852036,0.17038023610061176,0.8063388733885362
25586,LOF,0.019827473221264057,0.10826741781030544,0.8719051089684304
25587,LOF,0.020045254279477925,0.09681126015851808,0.883143485562004
25588,LOF,0.02362074767788701,0.09390712300833401,0.882472129313779
25589,Neutral,0.5549219076490413,0.22559584057798657,0.21948225177297223
25590,LOF,0.049113010517093755,0.12605204745423051,0.8248349420286758
25591,LOF,0.07566172155473995,0.08511622652308914,0.8392220519221708
25592,LOF,0.06611147485463893,0.17362695771062928,0.7602615674347317
25593,LOF,0.09867493243187508,0.2922001399567962,0.6091249276113287
25594,LOF,0.05569239509207658,0.04279436051259753,0.9015132443953259
25595,LOF,0.058686576171372955,0.027018002492628725,0.9142954213359984
25596,LOF,0.12401204333433304,0.018009089937683336,0.8579788667279837
25597,LOF,0.09041373497206175,0.02098469137478719,0.8886015736531511
25598,LOF,0.05525487567170917,0.029160699886900576,0.9155844244413902
25599,LOF,0.025542362297964312,0.3431685598746013,0.6312890778274344
25600,LOF,0.18388308096050815,0.37360563973560357,0.44251127930388834
25601,LOF,0.047241235598315376,0.2794745787042035,0.673284185697481
25602,LOF,0.03156146508666704,0.08053659393624027,0.8879019409770926
25603,LOF,0.04975678041541503,0.07249951918270003,0.877743700401885
25604,LOF,0.04775861800148014,0.14104852871213303,0.8111928532863869
25605,LOF,0.03800483995669801,0.22369615119030903,0.7382990088529929
25606,Neutral,0.4408291287030848,0.22163531742034737,0.3375355538765678
25607,LOF,0.026917265372466668,0.2736455835719759,0.6994371510555574
25608,LOF,0.04011504233148277,0.12444715503117675,0.8354378026373405
25609,GOF,0.16668939878914404,0.5394117622680918,0.29389883894276414
25610,LOF,0.018062128397530193,0.059554335078058435,0.9223835365244115
25611,LOF,0.013033109194837408,0.06114108558918103,0.9258258052159817
25612,LOF,0.05050013884617291,0.06575842787616622,0.883741433277661
25613,LOF,0.0454279653720679,0.06785000215533946,0.8867220324725926
25614,LOF,0.023065737379714898,0.053028269051712956,0.9239059935685722
25615,LOF,0.043817272216102626,0.05295932415189144,0.9032234036320058
25616,LOF,0.06188033524447102,0.06097457748886447,0.8771450872666645
25617,LOF,0.04580935160309174,0.0644578865651089,0.8897327618317994
25618,LOF,0.04687894228815991,0.09270250793967069,0.8604185497721694
25619,LOF,0.014247716260313266,0.07414744256439482,0.911604841175292
25620,LOF,0.05185269797970234,0.06943721169667577,0.8787100903236219
25621,LOF,0.06264757598003133,0.046810575308407515,0.8905418487115611
25622,LOF,0.0768390401605992,0.05778369363277862,0.8653772662066221
25623,LOF,0.06402672361997205,0.0528297093060301,0.8831435670739979
25624,LOF,0.02085541393402782,0.06251596593760969,0.9166286201283625
25625,LOF,0.06383877661439238,0.061493306260139775,0.874667917125468
25626,LOF,0.05295737497789251,0.06044190575641916,0.8866007192656884
25627,Neutral,0.8826745094268815,0.023514356246119517,0.093811134326999
25628,LOF,0.1750383892812662,0.06737154671266216,0.7575900640060717
25629,LOF,0.07266332805623439,0.06790271276886638,0.8594339591748993
25630,LOF,0.2841430719097408,0.07403868528318044,0.6418182428070788
25631,Neutral,0.5286140026177576,0.05777082598531456,0.4136151713969279
25632,LOF,0.03613740246696518,0.09612142709540814,0.8677411704376268
25633,LOF,0.2295861503837313,0.06776902100827742,0.7026448286079913
25634,LOF,0.04061742412365047,0.12315384355249023,0.8362287323238592
25635,LOF,0.0368488981674309,0.05920775280104765,0.9039433490315214
25636,GOF,0.03213032245627443,0.5418361516616654,0.42603352588206006
25637,GOF,0.047953538584460845,0.503842940608947,0.4482035208065922
25638,LOF,0.027300081524479894,0.46351587526786076,0.5091840432076593
25639,LOF,0.03259084651412233,0.44396316748255954,0.5234459860033182
25640,Neutral,0.8598931158076484,0.07795264313604977,0.062154241056301754
25641,GOF,0.1033994704698662,0.44866199206660484,0.44793853746352885
25642,LOF,0.0924384523384155,0.1854278794545499,0.7221336682070346
25643,LOF,0.3323485734465505,0.10883842539912653,0.558813001154323
25644,GOF,0.010466211655808128,0.6741752442669616,0.31535854407723035
25645,GOF,0.012170422899882467,0.6632024534098971,0.3246271236902203
25646,GOF,0.024681672553228923,0.49095352222959354,0.48436480521717756
25647,LOF,0.011432284474035518,0.36325785409720757,0.625309861428757
25648,LOF,0.01253470187185298,0.44611880566390666,0.5413464924642404
25649,LOF,0.008549921374664328,0.3611700557769888,0.6302800228483469
25650,GOF,0.02307913302092709,0.6379034027894239,0.339017464189649
25651,LOF,0.010595866970577203,0.4401520875993615,0.5492520454300615
25652,LOF,0.0130282158479857,0.4686641022473989,0.5183076819046153
25653,GOF,0.042655532136805126,0.6375978588939857,0.31974660896920926
25654,LOF,0.012250195282070608,0.3537482649879304,0.6340015397299991
25655,GOF,0.0992340502549984,0.6343323539296111,0.26643359581539044
25656,LOF,0.32042970990536496,0.13696349676167785,0.5426067933329571
25657,LOF,0.04605480810733464,0.12707439045880667,0.8268708014338586
25658,LOF,0.298944387610763,0.17685943119440206,0.5241961811948349
25659,Neutral,0.48341596117951147,0.1789806744838439,0.3376033643366445
25660,LOF,0.022166062163413408,0.1125485646867104,0.8652853731498763
25661,LOF,0.06500931821380511,0.07303862710742605,0.8619520546787688
25662,LOF,0.028266230519845358,0.039967971034390905,0.9317657984457637
25663,LOF,0.03139977987357422,0.03667480773239734,0.9319254123940285
25664,LOF,0.10662363655575136,0.06374787136762147,0.8296284920766273
25665,LOF,0.061716791570423195,0.031068993536105857,0.907214214893471
25666,LOF,0.07143659265326026,0.05581886391861129,0.8727445434281283
25667,LOF,0.06499118569951894,0.04186231943541089,0.8931464948650701
25668,LOF,0.030662809832304575,0.05363144762685403,0.9157057425408414
25669,LOF,0.02179725874825486,0.0543792646499363,0.9238234766018089
25670,LOF,0.12068238759260304,0.03905165545210686,0.84026595695529
25671,LOF,0.09299411109684676,0.04037953727509751,0.8666263516280558
25672,LOF,0.050628670803424175,0.04609661659275303,0.9032747126038227
25673,LOF,0.0895748569755547,0.039912563337539016,0.8705125796869062
25674,LOF,0.09142521794289157,0.05317342834711777,0.8554013537099906
25675,LOF,0.08711764689231467,0.06024262546960893,0.8526397276380764
25676,LOF,0.016607092955699017,0.05970937048404839,0.9236835365602525
25677,LOF,0.016386582421992306,0.09146275517071045,0.8921506624072973
25678,LOF,0.1541505681373614,0.09663133294641607,0.7492180989162226
25679,LOF,0.11374055117917573,0.09217348929319769,0.7940859595276265
25680,LOF,0.025572728987537218,0.13608733492952585,0.8383399360829369
25681,LOF,0.0408027625893273,0.1226109432338571,0.8365862941768156
25682,LOF,0.10947562495324756,0.07849283122341,0.8120315438233424
25683,LOF,0.10131145415087078,0.09035380953394824,0.8083347363151809
25684,LOF,0.027154545161664583,0.07147301597719123,0.9013724388611442
25685,LOF,0.1237114902381311,0.07945995112757967,0.7968285586342891
25686,LOF,0.07583386715436292,0.11316590191903689,0.8110002309266001
25687,LOF,0.13057040594213973,0.10977650663662716,0.7596530874212332
25688,LOF,0.4191760977033137,0.03546748490447981,0.5453564173922065
25689,LOF,0.2741773363765945,0.047108968744220096,0.6787136948791853
25690,LOF,0.36353968946533893,0.030239727252978577,0.6062205832816825
25691,Neutral,0.7228267843295535,0.030573561199159563,0.24659965447128698
25692,LOF,0.3554007950210708,0.013714671847462305,0.6308845331314668
25693,GOF,0.04244112028208637,0.49334627506344414,0.4642126046544695
25694,LOF,0.11960490731925931,0.017236617373983666,0.8631584753067569
25695,LOF,0.10801047078178344,0.011290210933544162,0.8806993182846724
25696,LOF,0.12977380085677162,0.013523599542315272,0.8567025996009131
25697,LOF,0.05721590164461305,0.1148871586204923,0.8278969397348946
25698,LOF,0.2511113281435275,0.2547725430596348,0.4941161287968377
25699,Neutral,0.4829036458872657,0.050487198681476254,0.46660915543125825
25700,LOF,0.0639870569946561,0.013595179825117081,0.9224177631802267
25701,LOF,0.1761444080935056,0.03975372947596248,0.784101862430532
25702,GOF,0.1916151578311604,0.612706185834418,0.19567865633442158
25703,LOF,0.015478679451781028,0.14802811342407876,0.8364932071241402
25704,LOF,0.03522478705963566,0.1238203721296475,0.8409548408107169
25705,LOF,0.04049299118123718,0.07423372721427898,0.8852732816044838
25706,LOF,0.10975582770816913,0.43078271839652577,0.45946145389530507
25707,LOF,0.08447945958873011,0.35171550259211426,0.5638050378191556
25708,LOF,0.03992278123675134,0.3543150839570788,0.6057621348061699
25709,LOF,0.07123718393049742,0.02936873607608527,0.8993940799934173
25710,LOF,0.015319766265883734,0.12115478856812009,0.8635254451659962
25711,LOF,0.02002878086934487,0.06866385799358839,0.9113073611370667
25712,LOF,0.017084537826929747,0.15306131357128094,0.8298541486017893
25713,LOF,0.01723817982842338,0.055621790797947865,0.9271400293736287
25714,LOF,0.07600823262321488,0.04500330656336489,0.8789884608134202
25715,LOF,0.010781472635068534,0.09313444364573731,0.896084083719194
25716,LOF,0.012400664850959005,0.0859987402056429,0.9016005949433981
25717,LOF,0.017711749036970204,0.05737233563144099,0.9249159153315889
25718,LOF,0.010753989342016261,0.04330352034493105,0.9459424903130528
25719,LOF,0.021689696054404503,0.05400618364321989,0.9243041203023756
25720,LOF,0.02623071081899087,0.03821427739018483,0.9355550117908243
25721,LOF,0.01062181231320717,0.05381199220939292,0.9355661954773999
25722,LOF,0.012529228518487803,0.045676872029557544,0.9417938994519546
25723,LOF,0.025274701891035974,0.030852852844017634,0.9438724452649464
25724,LOF,0.03241457729817794,0.05997960487307468,0.9076058178287474
25725,LOF,0.010834834483441963,0.05367432956904426,0.9354908359475138
25726,LOF,0.016472669874415636,0.0611087703464555,0.9224185597791288
25727,LOF,0.013281667110529218,0.04669960652848249,0.9400187263609884
25728,LOF,0.009722247797437071,0.06390557020290094,0.926372181999662
25729,LOF,0.009966892350552349,0.06264025176243017,0.9273928558870175
25730,LOF,0.013690837847060686,0.062375407462279,0.9239337546906603
25731,LOF,0.0218164354889982,0.0763293557408928,0.901854208770109
25732,LOF,0.012532695707262157,0.040242690296281684,0.9472246139964562
25733,LOF,0.013982747603871727,0.04779052936514793,0.9382267230309803
25734,LOF,0.013775403588951855,0.10115241124208206,0.885072185168966
25735,LOF,0.010470572464502283,0.04746993067441008,0.9420594968610877
25736,LOF,0.01169299019050916,0.049944356996846566,0.9383626528126443
25737,LOF,0.01158125953696911,0.08027812407081703,0.9081406163922139
25738,LOF,0.011458267713829734,0.08745992440722988,0.9010818078789403
25739,LOF,0.020009933554139915,0.0600562357739676,0.9199338306718925
25740,LOF,0.028748094271695574,0.10850381126553191,0.8627480944627725
25741,LOF,0.014644568856938708,0.08796772987458151,0.8973877012684798
25742,LOF,0.12029903193497593,0.06347338621548035,0.8162275818495437
25743,LOF,0.04335462631494114,0.06401266259633845,0.8926327110887206
25744,Neutral,0.6049401237998839,0.2351641489650744,0.15989572723504167
25745,LOF,0.056935165030952264,0.0872229206408995,0.8558419143281483
25746,LOF,0.043546886369309985,0.11303454482008167,0.8434185688106083
25747,LOF,0.01764027573680911,0.11294339099610838,0.8694163332670826
25748,LOF,0.12186947092798027,0.1700897012412866,0.7080408278307331
25749,LOF,0.027684494958512367,0.10640500728960442,0.8659104977518832
25750,LOF,0.07332826916527246,0.11961144944191106,0.8070602813928165
25751,LOF,0.11057146714955894,0.15008393875153156,0.7393445940989095
25752,GOF,0.10505533803660545,0.6071249795575925,0.28781968240580214
25753,LOF,0.028607974508752233,0.37333991424527474,0.598052111245973
25754,GOF,0.017573772964115903,0.782151710626672,0.20027451640921223
25755,LOF,0.029292861212249513,0.36881548275096626,0.6018916560367842
25756,LOF,0.06465600007452499,0.4255136027177368,0.5098303972077383
25757,GOF,0.019405007825881036,0.8678319254265202,0.11276306674759855
25758,GOF,0.02816649014567446,0.8017957828552364,0.17003772699908892
25759,GOF,0.0114643761491787,0.659727830454205,0.3288077933966163
25760,LOF,0.018166036756835455,0.3743298085534877,0.6075041546896769
25761,GOF,0.25757952981019194,0.656763488716265,0.08565698147354309
25762,LOF,0.05408181977473765,0.35697965478330906,0.5889385254419534
25763,LOF,0.016221952348826993,0.26685930799555313,0.7169187396556198
25764,GOF,0.07216872803020553,0.7047311694775047,0.22310010249228976
25765,GOF,0.03142837088055531,0.7631307095314215,0.20544091958802327
25766,GOF,0.07690951605711036,0.770838419976882,0.1522520639660078
25767,LOF,0.14046434743322933,0.41854239750945477,0.44099325505731596
25768,LOF,0.10531482005480912,0.036773368134272066,0.8579118118109187
25769,LOF,0.054750348309935776,0.06335727265407119,0.8818923790359929
25770,LOF,0.3169637622483834,0.11394082880335754,0.5690954089482592
25771,LOF,0.07330008225367868,0.052178686037962885,0.8745212317083584
25772,LOF,0.01946241896947431,0.05031087216042381,0.9302267088701018
25773,LOF,0.07119416886107943,0.08079373844397572,0.8480120926949448
25774,LOF,0.029002521532126634,0.11676714233164022,0.8542303361362331
25775,LOF,0.06822074058076277,0.0636809283847189,0.8680983310345184
25776,LOF,0.07579879009969602,0.03587951165285944,0.8883216982474444
25777,LOF,0.3507471335461265,0.09643943374812529,0.5528134327057481
25778,LOF,0.07717951814189772,0.04854823726230591,0.8742722445957963
25779,GOF,0.41453591732903616,0.5410301381685327,0.04443394450243109
25780,GOF,0.34109097327276794,0.5740049867089544,0.08490404001827764
25781,GOF,0.11193721450594289,0.7744473677363384,0.11361541775771862
25782,GOF,0.18503603888151968,0.7382931678701085,0.07667079324837185
25783,GOF,0.0244078408525994,0.6662250499448527,0.3093671092025478
25784,Neutral,0.5328965562088568,0.42629580129871414,0.040807642492429144
25785,Neutral,0.5442196110815337,0.4008863111171608,0.054894077801305535
25786,GOF,0.03530579618964304,0.7506848373551567,0.2140093664552003
25787,Neutral,0.6906839520818012,0.28036248693914256,0.028953560979056214
25788,LOF,0.057393375992622425,0.08455154443916471,0.8580550795682128
25789,GOF,0.21756260264584903,0.616670403986375,0.16576699336777595
25790,GOF,0.2657601396035497,0.6329601413529026,0.10127971904354761
25791,GOF,0.15191340778291806,0.6686619623427543,0.17942462987432775
25792,GOF,0.36948729540269143,0.49300835892707556,0.13750434567023312
25793,GOF,0.3124974268150835,0.4413622563637099,0.2461403168212065
25794,GOF,0.31824927347846504,0.4540548885937375,0.22769583792779746
25795,GOF,0.06350847378394864,0.6815484736541645,0.2549430525618869
25796,Neutral,0.5395149439329757,0.37279680672650783,0.08768824934051653
25797,GOF,0.08152699434209881,0.5603089735148916,0.35816403214300946
25798,GOF,0.010419621977396295,0.5134508072346358,0.47612957078796797
25799,LOF,0.008297561338538286,0.42349861575156184,0.5682038229098999
25800,GOF,0.04310814613753126,0.6213877062519527,0.33550414761051595
25801,GOF,0.26348462030582376,0.6332875355370882,0.10322784415708812
25802,GOF,0.07896352002989257,0.6486878955183731,0.2723485844517344
25803,GOF,0.04432491139806544,0.5557710196409539,0.3999040689609808
25804,GOF,0.03919962428285475,0.4846964671982141,0.47610390851893125
25805,GOF,0.12372929681000987,0.5646394595008548,0.3116312436891353
25806,GOF,0.1517056947619089,0.587924478066411,0.26036982717168006
25807,GOF,0.02179416121470998,0.6317289593062765,0.3464768794790136
25808,GOF,0.12881545039737008,0.565989762465883,0.30519478713674697
25809,GOF,0.019674828838137197,0.6263632469486103,0.35396192421325257
25810,GOF,0.02078513823090037,0.609561025759695,0.36965383600940455
25811,Neutral,0.5077596972999573,0.41828184647977207,0.07395845622027075
25812,GOF,0.036087311036662496,0.6007050315328621,0.36320765743047534
25813,Neutral,0.5847946923895679,0.30016137490124584,0.11504393270918614
25814,GOF,0.12810773508449746,0.6349410143017078,0.23695125061379474
25815,GOF,0.2559171300555275,0.5503593034731069,0.1937235664713657
25816,GOF,0.019216173271543607,0.6763421238647033,0.30444170286375305
25817,GOF,0.20809763048947463,0.6605209191076111,0.13138145040291424
25818,GOF,0.04124700617927953,0.5442536688429843,0.41449932497773606
25819,GOF,0.3881523166429634,0.4387509127412202,0.17309677061581644
25820,GOF,0.20789525155149802,0.563377325450535,0.22872742299796708
25821,GOF,0.05634454418318795,0.6564811620866217,0.2871742937301904
25822,GOF,0.25891725868879356,0.4861007490231297,0.25498199228807683
25823,LOF,0.03076253584163897,0.4556582300784575,0.5135792340799035
25824,GOF,0.07903727303075891,0.48416054384218826,0.43680218312705277
25825,GOF,0.02996843934183139,0.5052875250647925,0.4647440355933762
25826,LOF,0.010398200993982079,0.47917567731392097,0.510426121692097
25827,GOF,0.020573560554886072,0.5686248104964355,0.41080162894867833
25828,GOF,0.013228385950595835,0.5022638857045293,0.4845077283448748
25829,GOF,0.006415253377403658,0.5312058571060749,0.46237888951652145
25830,LOF,0.04004633749733911,0.27118984299736143,0.6887638195052995
25831,GOF,0.14429671908406305,0.7104659008680602,0.14523738004787662
25832,GOF,0.032770254792583074,0.6697456174407302,0.2974841277666867
25833,GOF,0.11580790255822006,0.682134479942173,0.202057617499607
25834,GOF,0.03726846455676477,0.6668605123382125,0.2958710231050226
25835,GOF,0.09427030550663613,0.6530264101063628,0.2527032843870012
25836,GOF,0.04949060473928827,0.6377253498195311,0.3127840454411807
25837,GOF,0.02364087247086522,0.503118484077518,0.47324064345161687
25838,GOF,0.09254345788739306,0.7185685902437168,0.1888879518688901
25839,GOF,0.3284001737271008,0.5113332568498892,0.16026656942301004
25840,GOF,0.22464148188521477,0.5728583098406499,0.2025002082741354
25841,GOF,0.2212847465572122,0.5744992646893956,0.2042159887533921
25842,GOF,0.17563888364924982,0.6126115167670033,0.21174959958374684
25843,GOF,0.22453483191291052,0.6328821713841696,0.14258299670292
25844,GOF,0.05859679173143624,0.619394553123932,0.32200865514463173
25845,LOF,0.012696042251062793,0.46683717690196214,0.5204667808469751
25846,GOF,0.08540350511712581,0.7192201216999785,0.19537637318289555
25847,GOF,0.13427809865698867,0.6920443080436693,0.17367759329934196
25848,GOF,0.035858050372087655,0.645217870338129,0.3189240792897833
25849,GOF,0.0100358065545759,0.5449573323576142,0.4450068610878099
25850,GOF,0.023747269411963062,0.5679944032963296,0.4082583272917076
25851,LOF,0.01961284215979351,0.48593778009544153,0.49444937774476494
25852,GOF,0.14230564379664828,0.5526347821841904,0.3050595740191614
25853,GOF,0.34457407550801805,0.5640111943002674,0.09141473019171466
25854,GOF,0.017757344019261524,0.644048748387126,0.33819390759361245
25855,GOF,0.040125698017283065,0.6208077941314328,0.3390665078512841
25856,GOF,0.2609001637830032,0.5428693443606817,0.19623049185631525
25857,GOF,0.03479045860546851,0.528325681615524,0.43688385977900757
25858,GOF,0.016419562694579407,0.577594500784839,0.4059859365205816
25859,GOF,0.008395622911241239,0.5671991083817306,0.42440526870702816
25860,GOF,0.36147682017491356,0.5462607139459426,0.0922624658791439
25861,GOF,0.3862268778971279,0.5380501312431275,0.07572299085974457
25862,GOF,0.08673017720211043,0.7676514964247054,0.14561832637318417
25863,GOF,0.09200855064481048,0.7714449697093632,0.13654647964582636
25864,GOF,0.18661739435398542,0.7184190829396551,0.09496352270635959
25865,GOF,0.07223585486550152,0.7747754567373042,0.1529886883971943
25866,GOF,0.0642037818197989,0.7906106256854163,0.14518559249478466
25867,GOF,0.08169493861872157,0.7943874334205664,0.123917627960712
25868,GOF,0.2664428308947992,0.6113662887223347,0.12219088038286618
25869,Neutral,0.6908731086305525,0.2679015453713052,0.041225345998142315
25870,LOF,0.3117234511302801,0.28543454345566327,0.4028420054140566
25871,GOF,0.25951215333386934,0.5871897667826733,0.15329807988345737
25872,GOF,0.08879249908126387,0.6061895047350895,0.3050179961836466
25873,GOF,0.1702670702844029,0.6057022044226958,0.22403072529290116
25874,LOF,0.021443994240857356,0.0928732697992034,0.8856827359599393
25875,LOF,0.07218410651811501,0.0660885162831568,0.8617273771987283
25876,LOF,0.021906454413222663,0.06016042669685935,0.9179331188899179
25877,Neutral,0.4990806456018193,0.05896349721032579,0.44195585718785485
25878,LOF,0.18803562819707914,0.1142770005324238,0.6976873712704971
25879,LOF,0.09867566439080434,0.12253215536477871,0.778792180244417
25880,LOF,0.022289990538751574,0.020114093172404698,0.9575959162888438
25881,LOF,0.2056098506761805,0.1990290691568633,0.5953610801669562
25882,LOF,0.08516274043774139,0.024238147872782445,0.8905991116894763
25883,LOF,0.09081772434680453,0.034547334746946996,0.8746349409062485
25884,LOF,0.04868578754512201,0.04354570457668853,0.9077685078781895
25885,LOF,0.0754034746738841,0.017292379826481394,0.9073041454996345
25886,LOF,0.3962812103051286,0.07959879916435,0.5241199905305214
25887,LOF,0.18076985648548635,0.1377131995270833,0.6815169439874302
25888,LOF,0.06716111459208364,0.11354743748227727,0.819291447925639
25889,LOF,0.04840559963095264,0.03916633443159753,0.9124280659374499
25890,LOF,0.05474048725663534,0.17002770538040513,0.7752318073629596
25891,LOF,0.0442351488360004,0.07767058256046326,0.8780942686035363
25892,LOF,0.1139835712778565,0.022106428503765516,0.8639100002183779
25893,LOF,0.29438672378895986,0.01584547646713035,0.6897677997439098
25894,LOF,0.1754315294776281,0.009209070257561706,0.8153594002648102
25895,LOF,0.2086812667229239,0.01907428831171569,0.7722444449653605
25896,LOF,0.05396306131804271,0.024125749732717895,0.9219111889492394
25897,LOF,0.23807387832849802,0.015776938588224088,0.7461491830832778
25898,Neutral,0.725287617630107,0.010671786458772092,0.2640405959111209
25899,LOF,0.33569506797537385,0.03496567934213273,0.6293392526824935
25900,LOF,0.4751521067634074,0.017823449191232535,0.5070244440453601
25901,LOF,0.07104915565298225,0.013690066942201951,0.9152607774048158
25902,LOF,0.1889287025577546,0.010685344719856741,0.8003859527223887
25903,Neutral,0.5944357536953065,0.02664389724900768,0.37892034905568567
25904,LOF,0.28909776499660966,0.04697421980581904,0.6639280151975714
25905,LOF,0.023824501530199712,0.3143189626638275,0.6618565358059728
25906,LOF,0.024994550136688838,0.07599398607248324,0.8990114637908279
25907,LOF,0.013471991320161705,0.321278100676016,0.6652499080038223
25908,LOF,0.01163226499420648,0.22933187039216407,0.7590358646136295
25909,LOF,0.013300134608201624,0.17099377470799354,0.8157060906838047
25910,LOF,0.05367593575882421,0.11162145654106859,0.8347026077001072
25911,LOF,0.11062268003879487,0.04012387084142294,0.8492534491197822
25912,LOF,0.036378043784825516,0.07991537914473507,0.8837065770704394
25913,LOF,0.2524644070496616,0.029385378633835016,0.7181502143165034
25914,LOF,0.02689535218066915,0.1421317892005658,0.830972858618765
25915,Neutral,0.43116245219101557,0.23763814271412084,0.3311994050948636
25916,LOF,0.05670574788991752,0.26638907590294036,0.6769051762071422
25917,LOF,0.06533158341050159,0.06006515705547361,0.8746032595340248
25918,LOF,0.03231596120699585,0.07937042987858342,0.8883136089144208
25919,LOF,0.0271935830981782,0.0845406713912834,0.8882657455105383
25920,GOF,0.09295199847709658,0.563404322791695,0.3436436787312084
25921,LOF,0.03536663607715989,0.023343145977201347,0.9412902179456388
25922,LOF,0.04925607962331168,0.015427613714214201,0.9353163066624741
25923,LOF,0.41056222074897053,0.014483162505937331,0.5749546167450922
25924,LOF,0.04373469433861077,0.026613014093635423,0.9296522915677538
25925,LOF,0.07724678206753914,0.02239115035536635,0.9003620675770945
25926,LOF,0.05538161364455613,0.015479481233067062,0.9291389051223768
25927,LOF,0.08100165007332623,0.04659397902276388,0.8724043709039099
25928,LOF,0.026772931417800017,0.018697068082209115,0.9545300004999908
25929,Neutral,0.5507313835686186,0.016125006313205712,0.4331436101181757
25930,LOF,0.06902399445807679,0.01224365430776813,0.9187323512341551
25931,LOF,0.035750487979163616,0.016558717904520646,0.9476907941163156
25932,LOF,0.03125217191581867,0.01408685763993931,0.9546609704442419
25933,LOF,0.04030643623695337,0.00924796009197601,0.9504456036710706
25934,LOF,0.02699988657578627,0.011430528482440515,0.9615695849417731
25935,LOF,0.07634761128160085,0.023143182847379595,0.9005092058710196
25936,LOF,0.048929045746777464,0.013483147295098214,0.9375878069581244
25937,LOF,0.03397727090161619,0.019166575702192722,0.946856153396191
25938,LOF,0.07329572351013153,0.025470020808245872,0.9012342556816225
25939,LOF,0.04356057509385426,0.010159364619610124,0.9462800602865357
25940,LOF,0.02329020712881263,0.38586320258865336,0.590846590282534
25941,LOF,0.16459850758943895,0.09074777896511145,0.7446537134454497
25942,LOF,0.013622650970434958,0.030101407391853834,0.9562759416377111
25943,LOF,0.3406928479015082,0.07749564841941367,0.5818115036790781
25944,Neutral,0.5252150404472934,0.04370364634532207,0.4310813132073846
25945,LOF,0.06152347978563302,0.02689359690011773,0.9115829233142493
25946,LOF,0.035859779724144315,0.15866150928804112,0.8054787109878145
25947,LOF,0.11678615198209445,0.20953977871721904,0.6736740693006865
25948,LOF,0.4410436235294223,0.015230516696265373,0.5437258597743123
25949,LOF,0.08616266514698764,0.07224476061380902,0.8415925742392033
25950,GOF,0.23462608039807403,0.506792980513208,0.25858093908871804
25951,LOF,0.2704620217357883,0.2360560485343027,0.49348192972990884
25952,GOF,0.05588510818692332,0.571584153884535,0.3725307379285417
25953,LOF,0.15222898424882483,0.12654693916376847,0.7212240765874067
25954,LOF,0.3414147591060965,0.2851615640361313,0.3734236768577722
25955,LOF,0.06199266141901445,0.09679680145200176,0.8412105371289837
25956,LOF,0.2092358526164583,0.05392504723866264,0.7368391001448791
25957,LOF,0.054616678862004414,0.02312073135138043,0.9222625897866151
25958,LOF,0.05767053807198133,0.030104029147552155,0.9122254327804666
25959,LOF,0.055153438888415555,0.3458748787425905,0.598971682368994
25960,LOF,0.019488799181120738,0.05041501394328259,0.9300961868755967
25961,LOF,0.04842571827323118,0.038059006541846525,0.9135152751849224
25962,LOF,0.06051282383528273,0.041701114046870554,0.8977860621178467
25963,LOF,0.048550172802390726,0.19106566368645075,0.7603841635111586
25964,LOF,0.036382474495658415,0.1648236696762647,0.7987938558280769
25965,LOF,0.4506341664032527,0.07483646415473419,0.4745293694420131
25966,LOF,0.3914348466937492,0.1827878300427824,0.42577732326346834
25967,LOF,0.014643664080046978,0.073259477688788,0.912096858231165
25968,LOF,0.034674478173828106,0.4353059142445102,0.5300196075816618
25969,LOF,0.021900111843322998,0.07112987353132584,0.9069700146253512
25970,LOF,0.0595197354908785,0.06172683631274259,0.8787534281963788
25971,LOF,0.08117686033084487,0.026331103018159552,0.8924920366509955
25972,LOF,0.07869218582501297,0.03622577878204358,0.8850820353929435
25973,LOF,0.07608982019525422,0.012879414991470002,0.9110307648132757
25974,LOF,0.252969732252752,0.019414155897622923,0.727616111849625
25975,LOF,0.05296854755268301,0.04503572454172997,0.9019957279055869
25976,LOF,0.03765280787429679,0.027477282924879578,0.9348699092008237
25977,LOF,0.13919111822311167,0.10298972842230615,0.7578191533545822
25978,LOF,0.12164754345088512,0.09978001557903625,0.7785724409700786
25979,LOF,0.1193862172458772,0.0896113588342322,0.7910024239198905
25980,LOF,0.14525026704712482,0.11302061305111097,0.7417291199017643
25981,LOF,0.17985123142640203,0.10926959551953723,0.7108791730540608
25982,LOF,0.34373751863737767,0.07880766886675178,0.5774548124958706
25983,LOF,0.35413445593043985,0.07621157285505556,0.5696539712145046
25984,LOF,0.053329973096770886,0.09328367688058734,0.8533863500226417
25985,LOF,0.021418541932031538,0.3093005654266541,0.6692808926413143
25986,LOF,0.02477758209185705,0.3189074342651442,0.6563149836429989
25987,LOF,0.09704609121031177,0.1238877370317775,0.7790661717579107
25988,LOF,0.1162245719181696,0.09028662776696447,0.7934888003148658
25989,LOF,0.024918585492171925,0.17782631763758774,0.7972550968702404
25990,LOF,0.03484108567166566,0.1517904329576598,0.8133684813706746
25991,GOF,0.10105803286719536,0.5172254301409855,0.38171653699181923
25992,LOF,0.24166338203235752,0.3533242641176164,0.40501235385002615
25993,LOF,0.02285084247502824,0.12544743092471994,0.8517017266002518
25994,LOF,0.014968156164475877,0.14752620591202104,0.8375056379235031
25995,LOF,0.02562233867276974,0.20676048462718305,0.7676171767000474
25996,GOF,0.18072661515249805,0.6241325081921953,0.19514087665530658
25997,GOF,0.062060157741966444,0.6036098289857273,0.33433001327230605
25998,Neutral,0.5638850613485208,0.020212487326230325,0.41590245132524883
25999,LOF,0.14613557889163228,0.15228583668194176,0.701578584426426
26000,LOF,0.13533692565518915,0.04242956629764808,0.8222335080471629
26001,LOF,0.1948457276133631,0.037467423993121265,0.7676868483935156
26002,LOF,0.16971810661277098,0.054455635358487915,0.7758262580287412
26003,GOF,0.009871837315256152,0.6870914416060976,0.3030367210786463
26004,GOF,0.023062715369443924,0.7277098767658583,0.24922740786469774
26005,GOF,0.009695330411777546,0.5823344837050919,0.4079701858831305
26006,Neutral,0.5265750278691183,0.28594347004338244,0.1874815020874994
26007,GOF,0.019467453432055006,0.6156667764541053,0.36486577011383964
26008,GOF,0.023793747949552305,0.6440479479313833,0.3321583041190644
26009,GOF,0.02502125930278067,0.6968959279088888,0.2780828127883306
26010,GOF,0.022614852577600108,0.7672159974600633,0.21016914996233668
26011,GOF,0.008916057733912892,0.5522567655327862,0.4388271767333009
26012,GOF,0.017844059240702863,0.643087060384586,0.3390688803747112
26013,GOF,0.01767521933967847,0.7178488182700129,0.26447596239030857
26014,LOF,0.03792044675027049,0.17622102165470888,0.7858585315950207
26015,LOF,0.185945459310322,0.009747322740693683,0.8043072179489843
26016,LOF,0.25113241681758713,0.04681194941435134,0.7020556337680616
26017,LOF,0.18803079171254794,0.09733861536723472,0.7146305929202174
26018,LOF,0.07622914801936895,0.030495615824737227,0.8932752361558939
26019,LOF,0.07584364217226447,0.023016012124451347,0.9011403457032843
26020,LOF,0.05187792988427623,0.12530193117051275,0.822820138945211
26021,LOF,0.05049370138402292,0.15858471489222747,0.7909215837237497
26022,LOF,0.009866091017970018,0.05819987553004724,0.9319340334519827
26023,LOF,0.10919731684218524,0.022121518501974673,0.8686811646558402
26024,LOF,0.028365897292059558,0.11758185273287802,0.8540522499750625
26025,LOF,0.12627575270521157,0.10148355810279296,0.7722406891919954
26026,LOF,0.31039488876496235,0.017920187530963097,0.6716849237040745
26027,LOF,0.0740775283452335,0.016951823026234523,0.908970648628532
26028,LOF,0.1633157629221362,0.0952468326569224,0.7414374044209413
26029,LOF,0.10236904004304917,0.15742247434289502,0.7402084856140558
26030,LOF,0.031758323290115985,0.057139356110206374,0.9111023205996777
26031,LOF,0.039577691947718534,0.13375107809775494,0.8266712299545266
26032,LOF,0.08209853081614704,0.048362608230147056,0.8695388609537059
26033,LOF,0.14073052197184702,0.05386286786261283,0.8054066101655403
26034,LOF,0.05886113518642544,0.1329116268505402,0.8082272379630343
26035,LOF,0.03938130139266692,0.10976953635771076,0.8508491622496223
26036,LOF,0.0591551226263071,0.1398742056420994,0.8009706717315935
26037,LOF,0.031207578271225295,0.096988547855185,0.8718038738735897
26038,LOF,0.07810110454830307,0.04307463905661555,0.8788242563950813
26039,LOF,0.08016627135401036,0.11901506158480991,0.8008186670611798
26040,LOF,0.24460221825311346,0.07881582596416792,0.6765819557827186
26041,LOF,0.030988604888099493,0.08741412392059368,0.8815972711913068
26042,LOF,0.030976996066712247,0.08970093192637381,0.8793220720069139
26043,LOF,0.07582567230998417,0.059584807288241046,0.8645895204017747
26044,LOF,0.02869670261625695,0.07187351299560563,0.8994297843881375
26045,LOF,0.09398371520944701,0.08902424037008537,0.8169920444204677
26046,LOF,0.0796690999820524,0.06339680305348235,0.8569340969644652
26047,LOF,0.11514955434023713,0.07160014770058531,0.8132502979591777
26048,LOF,0.051654222218374575,0.05898953777927934,0.8893562400023461
26049,Neutral,0.955903244582502,0.007387253771090945,0.03670950164640718
26050,Neutral,0.9407006685368987,0.008374984787634723,0.050924346675466456
26051,LOF,0.045395619096461684,0.4657719887280158,0.4888323921755226
26052,LOF,0.07117197748973926,0.4529402183397906,0.4758878041704701
26053,LOF,0.06389783013902073,0.17838141337740995,0.7577207564835694
26054,LOF,0.05512984211831963,0.045778972685174155,0.8990911851965063
26055,LOF,0.07679249235650505,0.02963078820514017,0.8935767194383547
26056,LOF,0.06487586885969411,0.03656846322766277,0.8985556679126431
26057,LOF,0.03300001292110512,0.01946712725086328,0.9475328598280316
26058,LOF,0.03356232498365784,0.017342342765554568,0.9490953322507876
26059,LOF,0.2689484677312569,0.04339682180726619,0.6876547104614769
26060,LOF,0.026090555606828377,0.31682111350332065,0.657088330889851
26061,LOF,0.018452880050083244,0.027321321098920125,0.9542257988509966
26062,LOF,0.011720563483803159,0.03718162615350359,0.9510978103626934
26063,LOF,0.0224192398540101,0.019706095249714155,0.9578746648962757
26064,LOF,0.02447018286502191,0.022630142902392927,0.9528996742325853
26065,LOF,0.025156856634329924,0.02325544826394464,0.9515876951017254
26066,LOF,0.020216159794046912,0.02074111396869168,0.9590427262372613
26067,LOF,0.02608552912148779,0.016953186974515474,0.9569612839039968
26068,LOF,0.05054247874368752,0.05455806104014919,0.8948994602161633
26069,LOF,0.2686065389457646,0.03416047149385801,0.6972329895603774
26070,LOF,0.38106253087325015,0.022168357787952467,0.5967691113387974
26071,LOF,0.02167252818836557,0.02435451272422885,0.9539729590874056
26072,LOF,0.021982656440057008,0.03201117271017971,0.9460061708497634
26073,LOF,0.023363007879809262,0.020600686781955105,0.9560363053382357
26074,Neutral,0.9233786423288562,0.00823438179537411,0.06838697587576974
26075,LOF,0.04398857779594105,0.0306873264374436,0.9253240957666152
26076,LOF,0.04199141739170694,0.016786356809673067,0.94122222579862
26077,LOF,0.009331216532264427,0.03965649773034041,0.9510122857373952
26078,LOF,0.015371729477544121,0.02409654961145243,0.9605317209110034
26079,LOF,0.0548790520502403,0.03390720799429163,0.9112137399554681
26080,LOF,0.054861912087163345,0.033925103115407494,0.9112129847974292
26081,LOF,0.03570024654630606,0.013039703600927486,0.9512600498527665
26082,LOF,0.020020172183171824,0.03659057548122339,0.9433892523356047
26083,LOF,0.14518887733951874,0.021379746905452832,0.8334313757550285
26084,LOF,0.0262098956320871,0.03403660047716778,0.9397535038907451
26085,LOF,0.022230907081576816,0.03195912830815705,0.9458099646102661
26086,LOF,0.02227030744165698,0.02388837037535411,0.9538413221829888
26087,LOF,0.023850817770106798,0.016309546255678358,0.9598396359742148
26088,LOF,0.0195030713179613,0.0393509611866449,0.9411459674953938
26089,LOF,0.04654563184890427,0.03757759942963118,0.9158767687214645
26090,LOF,0.04546802294227817,0.02960495127427564,0.9249270257834463
26091,LOF,0.03968654920071644,0.011772629969730861,0.9485408208295527
26092,LOF,0.027281893900309575,0.01762337955562003,0.9550947265440703
26093,LOF,0.04121004486638532,0.011473315913458468,0.9473166392201562
26094,LOF,0.046321548368847616,0.011090805046272459,0.9425876465848799
26095,LOF,0.0529254156898468,0.026435206698409812,0.9206393776117433
26096,LOF,0.018671702345085545,0.02251043855539488,0.9588178590995194
26097,LOF,0.01073738654299928,0.08511063059566759,0.9041519828613331
26098,LOF,0.07013883124849787,0.028796722623655787,0.9010644461278463
26099,LOF,0.025121219889995862,0.03003067537335984,0.9448481047366444
26100,LOF,0.026743960913928846,0.02802723968681299,0.9452287993992582
26101,LOF,0.057560566551586034,0.027108891103246827,0.9153305423451672
26102,LOF,0.02703043997113748,0.021784353696345134,0.9511852063325174
26103,Neutral,0.887575305831967,0.03409274573782581,0.07833194843020708
26104,LOF,0.06896397185223378,0.053003918200694125,0.878032109947072
26105,LOF,0.21386492071083854,0.28962950490520073,0.49650557438396065
26106,LOF,0.18607815739976036,0.148298782287321,0.6656230603129186
26107,LOF,0.23012519277803492,0.11311219309229581,0.6567626141296692
26108,LOF,0.25556053031113485,0.14501524684203285,0.5994242228468323
26109,LOF,0.06651886651003626,0.15364381432066296,0.7798373191693008
26110,LOF,0.2772797437229367,0.00858180897567808,0.7141384473013852
26111,LOF,0.46788766690207334,0.015824621442737576,0.516287711655189
26112,LOF,0.03641831902127926,0.008772852564879446,0.9548088284138413
26113,LOF,0.05413046573516203,0.014387067307178666,0.9314824669576593
26114,LOF,0.016626810463437593,0.02147569656168867,0.9618974929748736
26115,LOF,0.0919933533207001,0.031091673616106635,0.8769149730631932
26116,LOF,0.04872834939502169,0.03466842376726903,0.9166032268377092
26117,LOF,0.3571985859265532,0.058071303771147866,0.5847301103022989
26118,LOF,0.03877630790070518,0.036016404151267285,0.9252072879480275
26119,LOF,0.022390088176348202,0.05978145166362636,0.9178284601600254
26120,LOF,0.030682053452349523,0.025799855644884274,0.9435180909027662
26121,LOF,0.06606538742226249,0.10716105154887444,0.826773561028863
