feature0,prediction,LoGoFunc_Neutral,LoGoFunc_GOF,LoGoFunc_LOF
25546,Neutral,0.6624599188837912,0.0561025185504725,0.2814375625657362
25547,Neutral,0.5069548630905576,0.10141762230862082,0.3916275146008215
25548,Neutral,0.5142163676487805,0.07984363811502619,0.40593999423619337
25549,LOF,0.4317881346040459,0.08593308875197167,0.48227877664398233
25550,LOF,0.3735844360326671,0.1248478385065909,0.501567725460742
25551,LOF,0.31127711179910106,0.13967008040117537,0.5490528077997235
25552,LOF,0.24750407567769225,0.13377401779218606,0.6187219065301217
25553,Neutral,0.8140027239129964,0.04514631951772406,0.14085095656927946
25554,LOF,0.291576615977128,0.1231892116090956,0.5852341724137764
25555,LOF,0.24460425615355086,0.1157656796451501,0.639630064201299
25556,Neutral,0.4512917983009924,0.10266814619603713,0.4460400555029704
25557,LOF,0.2336341337650726,0.12075235950649942,0.6456135067284279
25558,LOF,0.29281731508189734,0.1226782900347192,0.5845043948833833
25559,LOF,0.19786768856317627,0.12879611481893363,0.67333619661789
25560,LOF,0.14322409635652153,0.09908038895080476,0.7576955146926736
25561,LOF,0.1469682973345967,0.12105757918625489,0.7319741234791484
25562,LOF,0.06817234854038816,0.07595610927254577,0.855871542187066
25563,LOF,0.021312061439160822,0.11848065500140584,0.8602072835594332
25564,LOF,0.22423479892070985,0.11007774568602283,0.6656874553932672
25565,LOF,0.22422184908097034,0.1282812961878347,0.647496854731195
25566,GOF,0.09881740516388737,0.705535414464876,0.19564718037123668
25567,LOF,0.03803277958123296,0.12384981940315709,0.8381174010156099
25568,LOF,0.05904136400079329,0.06510642852334121,0.8758522074758655
25569,LOF,0.06108125543073416,0.06495429857140457,0.8739644459978613
25570,LOF,0.029731438410909927,0.09175773457358583,0.8785108270155041
25571,LOF,0.027953700085775624,0.09440711039576265,0.8776391895184619
25572,LOF,0.06812753033545671,0.11005714829892708,0.8218153213656162
25573,LOF,0.056969264738033196,0.0798006604817074,0.8632300747802594
25574,LOF,0.05699540382892354,0.1679104151214126,0.775094181049664
25575,LOF,0.023121597785643086,0.1107480514021976,0.8661303508121593
25576,LOF,0.03717220194391798,0.14945139572886892,0.8133764023272131
25577,LOF,0.03137320615278597,0.10615692767661611,0.8624698661705978
25578,LOF,0.29090141964996413,0.07209414387113863,0.6370044364788972
25579,LOF,0.13112841026218194,0.07802275801055919,0.790848831727259
25580,LOF,0.019375170896070597,0.06893234082658223,0.9116924882773473
25581,LOF,0.05618530291386955,0.06079345549621837,0.8830212415899121
25582,LOF,0.056467625497901026,0.060124292690511213,0.8834080818115877
25583,LOF,0.021604059435058418,0.07217744217549169,0.9062184983894499
25584,Neutral,0.6657958796367359,0.09348943350520485,0.2407146868580592
25585,LOF,0.03241899969974854,0.11506426719302242,0.8525167331072291
25586,LOF,0.019098385123647085,0.06434259162846653,0.9165590232478863
25587,LOF,0.018242031543881945,0.05483282768320572,0.9269251407729124
25588,LOF,0.020277057095997815,0.06489627758583763,0.9148266653181645
25589,Neutral,0.5183406073859137,0.1951494205512248,0.28650997206286144
25590,LOF,0.04930338426123013,0.09553323797687165,0.8551633777618982
25591,LOF,0.09998413141389519,0.05269953420910039,0.8473163343770045
25592,LOF,0.05513521014895083,0.11789662892439032,0.8269681609266588
25593,LOF,0.13465213079762212,0.24338990475041214,0.6219579644519657
25594,LOF,0.0528204159257619,0.10398124513281277,0.8431983389414253
25595,LOF,0.048451462839586394,0.07489700717093106,0.8766515299894825
25596,LOF,0.10215412265081832,0.04318542545042679,0.854660451898755
25597,LOF,0.08600332397287072,0.0578133458925721,0.8561833301345573
25598,LOF,0.05061757581512458,0.0769792167223947,0.8724032074624807
25599,GOF,0.02060234432983952,0.550432941324096,0.42896471434606454
25600,GOF,0.16270663115461334,0.5265369942806194,0.31075637456476723
25601,LOF,0.04287735706877203,0.4156132624070092,0.5415093805242188
25602,LOF,0.0339723245521412,0.05520719277173344,0.9108204826761253
25603,LOF,0.03614861929202028,0.032438498631485915,0.9314128820764938
25604,LOF,0.03765073844549651,0.0611963910601535,0.9011528704943501
25605,LOF,0.04418630150854323,0.17959010283112065,0.7762235956603362
25606,LOF,0.4200754245092318,0.1116560736385025,0.4682685018522656
25607,LOF,0.02376128255554765,0.19005765203264507,0.7861810654118073
25608,LOF,0.03644177837416045,0.08141962830137421,0.8821385933244653
25609,GOF,0.1635988229250421,0.5506113373722419,0.285789839702716
25610,LOF,0.01627233522922395,0.025850250386962117,0.957877414383814
25611,LOF,0.01511104943983548,0.029790700738463308,0.9550982498217012
25612,LOF,0.046982054726628385,0.03907644290667107,0.9139415023667006
25613,LOF,0.04465078193366138,0.03957553616198893,0.9157736819043497
25614,LOF,0.022468351093384353,0.025354164373460768,0.9521774845331548
25615,LOF,0.04706755614256671,0.03409601575879881,0.9188364280986344
25616,LOF,0.04565721384122116,0.025205767060921334,0.9291370190978574
25617,LOF,0.04232491638450464,0.03382720727838991,0.9238478763371055
25618,LOF,0.0524264667713595,0.03034773206784467,0.9172258011607958
25619,LOF,0.015001615692920913,0.02803776449341586,0.9569606198136632
25620,LOF,0.05834107742928533,0.03490114405895411,0.9067577785117605
25621,LOF,0.05041112186179375,0.02949340581129055,0.9200954723269157
25622,LOF,0.061955759020083226,0.030098515528134796,0.9079457254517819
25623,LOF,0.07600164965998575,0.028434570136884246,0.8955637802031299
25624,LOF,0.019370403945284758,0.036247337959385936,0.9443822580953294
25625,LOF,0.06661805308382883,0.03691135470979768,0.8964705922063735
25626,LOF,0.043820385133477385,0.03643210320015852,0.9197475116663641
25627,Neutral,0.8867995206373679,0.022818883818260437,0.0903815955443716
25628,LOF,0.13656546048218712,0.060250259943132316,0.8031842795746806
25629,LOF,0.06106555613585355,0.04312652749130881,0.8958079163728376
25630,LOF,0.26753651864685785,0.07584909711898835,0.6566143842341539
25631,Neutral,0.5177155806620967,0.0627408470515574,0.4195435722863459
25632,LOF,0.02880316298544625,0.057204626994886466,0.9139922100196674
25633,LOF,0.1946478617669168,0.03619653189558872,0.7691556063374946
25634,LOF,0.03460096624677105,0.08042053112429715,0.8849785026289319
25635,LOF,0.03882413969159045,0.04337904288936346,0.9177968174190462
25636,LOF,0.03826552951971849,0.4759542068086861,0.48578026367159544
25637,LOF,0.07652579385284107,0.44496418383880065,0.4785100223083583
25638,LOF,0.039649371792722383,0.2758406998249003,0.6845099283823775
25639,LOF,0.036987691837596474,0.3197781838030219,0.6432341243593815
25640,Neutral,0.8324561693248216,0.1264694036560876,0.04107442701909083
25641,LOF,0.04831726221483653,0.47022516764861344,0.48145757013655
25642,LOF,0.03902323504722039,0.16102410826897423,0.7999526566838054
25643,LOF,0.19816084527639538,0.16118800294488847,0.6406511517787162
25644,LOF,0.019436081183110937,0.47292328129186134,0.5076406375250276
25645,LOF,0.021221191612183526,0.4419154817138786,0.5368633266739379
25646,LOF,0.05113674833568745,0.36094764647379185,0.5879156051905208
25647,LOF,0.022167827965940006,0.266098482202077,0.711733689831983
25648,LOF,0.030312840160300728,0.24117507763822743,0.7285120822014719
25649,LOF,0.015121003476822197,0.25090647788279585,0.7339725186403819
25650,LOF,0.052578739717810206,0.42739692918009486,0.5200243311020949
25651,LOF,0.016400536586309914,0.27420620312008787,0.7093932602936022
25652,LOF,0.029102425852652776,0.2657841837997422,0.705113390347605
25653,LOF,0.07660747870040772,0.3875249604302013,0.5358675608693909
25654,LOF,0.023514830559538444,0.2082673429757257,0.7682178264647359
25655,LOF,0.21819076608942678,0.3689737435657761,0.4128354903447971
25656,LOF,0.28825452216036457,0.03974320269095796,0.6720022751486775
25657,LOF,0.07681472989632032,0.05076633118431753,0.8724189389193622
25658,LOF,0.4034824565425819,0.04504569625431805,0.5514718472031
25659,Neutral,0.5564397046015077,0.06427585104538071,0.3792844443531117
25660,LOF,0.02490696551975475,0.0742178502818814,0.9008751841983639
25661,LOF,0.09654635852038629,0.05690185345329223,0.8465517880263214
25662,LOF,0.030852271587290012,0.03134144951812826,0.9378062788945817
25663,LOF,0.04029343650477516,0.04344624844851867,0.9162603150467061
25664,LOF,0.134498216950577,0.05174662393577259,0.8137551591136504
25665,LOF,0.05510942859907926,0.030135369593723624,0.914755201807197
25666,LOF,0.08743834216085729,0.073086136868829,0.8394755209703137
25667,LOF,0.0633086476286193,0.04327157984600618,0.8934197725253744
25668,LOF,0.03863495538993496,0.04348246947009509,0.9178825751399701
25669,LOF,0.033185766185468334,0.05302540934867297,0.9137888244658586
25670,LOF,0.13980369370648793,0.04293470524306332,0.8172616010504486
25671,LOF,0.09346793697885593,0.02984021556425274,0.8766918474568913
25672,LOF,0.05735426491077093,0.03925879046852955,0.9033869446206995
25673,LOF,0.07695713558573626,0.03783648848893876,0.8852063759253249
25674,LOF,0.06640381765028436,0.04658751596513423,0.8870086663845814
25675,LOF,0.10643833793441587,0.04513299781051741,0.8484286642550667
25676,LOF,0.018399172824202725,0.04713276730899197,0.9344680598668054
25677,LOF,0.026071284015380093,0.06516322973562219,0.9087654862489978
25678,LOF,0.1818051119712559,0.05696409462195556,0.7612307934067886
25679,LOF,0.12853050158614876,0.07445543199468763,0.7970140664191637
25680,LOF,0.030563588348170256,0.11166792249614992,0.8577684891556797
25681,LOF,0.04870629142709613,0.10030280937232144,0.8509908992005825
25682,LOF,0.14087562892107403,0.062052725919546255,0.7970716451593798
25683,LOF,0.12755983774829094,0.0811519434404047,0.7912882188113043
25684,LOF,0.04057974801762774,0.06301134277694694,0.8964089092054253
25685,LOF,0.12827795807237316,0.04848436012568779,0.823237681801939
25686,LOF,0.0719987923605755,0.0884456695061599,0.8395555381332646
25687,LOF,0.10606256788388613,0.08121019573560496,0.8127272363805089
25688,LOF,0.2992433714584314,0.03626421682214261,0.664492411719426
25689,LOF,0.2328269980516919,0.045209478799855075,0.7219635231484529
25690,LOF,0.34101148680606685,0.03191715988946634,0.6270713533044667
25691,Neutral,0.6648869038714345,0.03124717123777165,0.3038659248907939
25692,LOF,0.291900431372819,0.009791005849874166,0.6983085627773069
25693,LOF,0.043668701249138284,0.4399762796761291,0.5163550190747326
25694,LOF,0.12487848236177194,0.022116438060321084,0.8530050795779069
25695,LOF,0.12304923294512017,0.018109929579639344,0.8588408374752405
25696,LOF,0.12371566162139011,0.01010676025638074,0.8661775781222292
25697,LOF,0.12411384076781093,0.025271922677506917,0.8506142365546823
25698,LOF,0.3432170889806355,0.24934286995409916,0.4074400410652654
25699,LOF,0.3922315260632792,0.048994253529842255,0.5587742204068786
25700,LOF,0.0466037257831684,0.01083559095980725,0.9425606832570242
25701,LOF,0.16735294502422018,0.061932738617155626,0.7707143163586241
25702,GOF,0.18880702701055704,0.5610533804069608,0.25013959258248214
25703,LOF,0.015059917581180476,0.15977148999562646,0.8251685924231931
25704,LOF,0.04702517038375199,0.1135332127315538,0.8394416168846942
25705,LOF,0.06107368772393965,0.1755017250492513,0.7634245872268091
25706,LOF,0.09251927092292206,0.38446740567200827,0.5230133234050697
25707,LOF,0.08435225340028232,0.27968810348677425,0.6359596431129435
25708,LOF,0.02895298872173984,0.27275258393420837,0.6982944273440517
25709,LOF,0.05650415290629586,0.0443469840303181,0.8991488630633859
25710,LOF,0.012339034103446302,0.12165100300577537,0.8660099628907783
25711,LOF,0.018818646116658854,0.08814464696562378,0.8930367069177173
25712,LOF,0.013313507226542209,0.17826606409327486,0.8084204286801829
25713,LOF,0.018482876141460117,0.0791521511117211,0.9023649727468187
25714,LOF,0.06566925337840349,0.07617273342484812,0.8581580131967484
25715,LOF,0.010512504825771244,0.1324920244796439,0.8569954706945849
25716,LOF,0.013151273066286058,0.11731255169724748,0.8695361752364664
25717,LOF,0.013043270815170127,0.07715145158496801,0.9098052775998619
25718,LOF,0.012139290238019672,0.09831345605188171,0.8895472537100986
25719,LOF,0.017864053729545342,0.0806822527035685,0.9014536935668862
25720,LOF,0.022923464005058188,0.06803625086943073,0.909040285125511
25721,LOF,0.016276295761122925,0.09858716959285577,0.8851365346460214
25722,LOF,0.013796213691922314,0.11567925744990656,0.8705245288581711
25723,LOF,0.02225095198229161,0.0472809858329525,0.9304680621847559
25724,LOF,0.02343650940827216,0.08168932114234682,0.8948741694493809
25725,LOF,0.011493971535370394,0.07136117174038414,0.9171448567242455
25726,LOF,0.014226321254876549,0.09935753362057982,0.8864161451245437
25727,LOF,0.012808764087357637,0.08024427701441794,0.9069469588982244
25728,LOF,0.009778432597135765,0.10370153596017245,0.8865200314426916
25729,LOF,0.009965081318251868,0.10502608155412556,0.8850088371276226
25730,LOF,0.013471933049838486,0.078667272258894,0.9078607946912675
25731,LOF,0.021628621241465952,0.10744971854975979,0.8709216602087744
25732,LOF,0.014517771564053086,0.0848381009553367,0.9006441274806102
25733,LOF,0.016401613137213056,0.0734333643231599,0.910165022539627
25734,LOF,0.012820900434538799,0.11754915772697236,0.8696299418384889
25735,LOF,0.013417952041246116,0.07866813952430415,0.9079139084344497
25736,LOF,0.01425524587111956,0.09957553130742341,0.886169222821457
25737,LOF,0.01941040458375195,0.07943457772634001,0.9011550176899079
25738,LOF,0.01313451587822313,0.10752620623656124,0.8793392778852157
25739,LOF,0.019252748850416355,0.0836552346973466,0.897092016452237
25740,LOF,0.027759435471685776,0.09631431069063583,0.8759262538376784
25741,LOF,0.015034945702195159,0.102739810989656,0.8822252433081488
25742,LOF,0.11989925435741457,0.07784698773714474,0.8022537579054407
25743,LOF,0.03659572549945128,0.032277381095855345,0.9311268934046933
25744,Neutral,0.5624194947318508,0.21248337211918839,0.22509713314896082
25745,LOF,0.08573635126121894,0.06053500040044674,0.8537286483383343
25746,LOF,0.04184412643627369,0.07241500557399685,0.8857408679897295
25747,LOF,0.02343322916905766,0.034137478621673135,0.9424292922092692
25748,LOF,0.10847996777007343,0.0537400868401268,0.8377799453897997
25749,LOF,0.027365753406961384,0.06923199278260642,0.9034022538104323
25750,LOF,0.08565740069706175,0.0695506964228728,0.8447919028800654
25751,LOF,0.1003633445940491,0.04998395092522606,0.8496527044807248
25752,GOF,0.10246295445473505,0.6876468158079794,0.20989022973728566
25753,LOF,0.019471218099801787,0.2699194437131326,0.7106093381870657
25754,GOF,0.010169316745736023,0.7791574418154572,0.21067324143880675
25755,LOF,0.022385805411898652,0.3947939403428393,0.5828202542452621
25756,LOF,0.04110225761429469,0.3608538383985971,0.5980439039871083
25757,GOF,0.013666481100448411,0.8438351309966033,0.14249838790294822
25758,GOF,0.02931204810915344,0.8279052692945053,0.14278268259634114
25759,GOF,0.012352343005293167,0.5266539822449864,0.4609936747497205
25760,LOF,0.012774895944360369,0.22907427508460299,0.7581508289710367
25761,GOF,0.3009240512085719,0.5957517915474304,0.10332415724399768
25762,LOF,0.03605157673137868,0.25998480407183133,0.70396361919679
25763,LOF,0.01351100961858702,0.18963446588831537,0.7968545244930977
25764,GOF,0.0744523214435094,0.631553014384069,0.2939946641724216
25765,GOF,0.045702392139682246,0.7602822814564092,0.19401532640390864
25766,GOF,0.05738028194632223,0.7834327775060674,0.1591869405476103
25767,GOF,0.19169806186620109,0.4398237331619232,0.3684782049718757
25768,LOF,0.09738106510109734,0.06328149808698005,0.8393374368119226
25769,LOF,0.06459678296359735,0.059933752763093845,0.8754694642733089
25770,LOF,0.2684594854909082,0.08276397185055955,0.6487765426585322
25771,LOF,0.040681319660080026,0.04208784856715456,0.9172308317727654
25772,LOF,0.015818583165730232,0.03179153188407276,0.952389884950197
25773,LOF,0.04254207134937173,0.08098165446030395,0.8764762741903243
25774,LOF,0.02769485897780191,0.07004805789212432,0.9022570831300737
25775,LOF,0.043269166991434,0.04451576417306751,0.9122150688354985
25776,LOF,0.06863482030522339,0.025844162832166416,0.9055210168626102
25777,LOF,0.3327822465898526,0.048498871165430404,0.618718882244717
25778,LOF,0.05832083794559607,0.04819187803259937,0.8934872840218047
25779,GOF,0.34936164956984783,0.6028206896594591,0.047817660770692945
25780,GOF,0.28528769182505187,0.6270618002871448,0.0876505078878035
25781,GOF,0.12590858194983584,0.7553965284402216,0.11869488960994265
25782,GOF,0.18763944489537213,0.7321261188319715,0.08023443627265629
25783,GOF,0.0289511927911873,0.6278235471144071,0.3432252600944056
25784,GOF,0.4620188331370892,0.4928693943398621,0.04511177252304874
25785,GOF,0.36404436806427976,0.5872809990215584,0.048674632914161825
25786,GOF,0.02359119527878785,0.7471509676517243,0.2292578370694879
25787,Neutral,0.6357455203805793,0.3380192031500867,0.026235276469333924
25788,LOF,0.047397178252477204,0.1008857108370017,0.851717110910521
25789,GOF,0.17561538999943363,0.6679902763044895,0.1563943336960769
25790,GOF,0.18908257248856145,0.7037598712381469,0.10715755627329165
25791,GOF,0.11722712558742554,0.6960389887675363,0.18673388564503818
25792,GOF,0.2748271292309891,0.5778852853307065,0.14728758543830436
25793,GOF,0.24180459082211817,0.5664758808394288,0.19171952833845307
25794,GOF,0.2881012276559628,0.5310430686352884,0.18085570370874884
25795,GOF,0.07385921361889294,0.7095356358953037,0.21660515048580342
25796,Neutral,0.5238216323969584,0.39298262930248795,0.08319573830055357
25797,GOF,0.09733212465110662,0.5462756299978188,0.3563922453510747
25798,GOF,0.009666563469037548,0.5023235044602781,0.4880099320706843
25799,LOF,0.00690682684539097,0.401920037733182,0.591173135421427
25800,GOF,0.032192517913315365,0.5946796968401844,0.37312778524650025
25801,GOF,0.16576276685438354,0.6918720700133348,0.1423651631322817
25802,GOF,0.06807566938262787,0.7014198819451879,0.2305044486721842
25803,GOF,0.033881168104625166,0.5602525914358354,0.4058662404595394
25804,LOF,0.032201394023685194,0.4771094782689729,0.4906891277073418
25805,GOF,0.08922061319062288,0.5890034289971541,0.32177595781222296
25806,GOF,0.08912590143560162,0.5740631052555414,0.336810993308857
25807,GOF,0.02046040866865802,0.622314458659681,0.357225132671661
25808,GOF,0.07552226886001469,0.6247800741466165,0.29969765699336876
25809,GOF,0.016481256203788725,0.566027429193053,0.4174913146031583
25810,GOF,0.015080451811049375,0.604124494166215,0.3807950540227355
25811,GOF,0.43267630856293543,0.4817323731478905,0.08559131828917417
25812,GOF,0.028732630630806822,0.6139779750955062,0.3572893942736869
25813,Neutral,0.4949141713841126,0.3930973348325682,0.11198849378331913
25814,GOF,0.09648537352640282,0.6235307846338278,0.27998384183976943
25815,GOF,0.17293536148580801,0.6161671009129582,0.21089753760123378
25816,GOF,0.023895833113662595,0.7117667431613757,0.2643374237249618
25817,GOF,0.22819102088449583,0.6193439790542818,0.15246500006122238
25818,GOF,0.04940745531145801,0.6672784356448106,0.2833141090437314
25819,GOF,0.3377616201487686,0.5155461687689925,0.14669221108223893
25820,GOF,0.16361311114399496,0.6073946556450313,0.2289922332109738
25821,GOF,0.054644703290944306,0.6597171243800263,0.28563817232902944
25822,GOF,0.19018204785956,0.5777508674560919,0.2320670846843482
25823,GOF,0.03182646887466653,0.5263274625621248,0.4418460685632087
25824,GOF,0.08763028790602474,0.6014488802307688,0.31092083186320646
25825,GOF,0.03617210217192264,0.5977566060936836,0.36607129173439373
25826,GOF,0.016128536987700684,0.5849463312947827,0.39892513171751665
25827,GOF,0.023967841298619234,0.5899988275982729,0.38603333110310795
25828,GOF,0.01345444210474376,0.5184920233549343,0.46805353454032206
25829,GOF,0.005719836281403473,0.5641902474670153,0.4300899162515813
25830,LOF,0.033873059043578124,0.267026685428462,0.69910025552796
25831,GOF,0.2399522060256257,0.6304491698518122,0.129598624122562
25832,GOF,0.026821752747157847,0.7054535671605959,0.26772468009224615
25833,GOF,0.10108591714731392,0.7331903306443257,0.16572375220836041
25834,GOF,0.026383454332104338,0.7231977638193408,0.2504187818485549
25835,GOF,0.056994065977661705,0.7596236554547334,0.1833822785676048
25836,GOF,0.027389890681983248,0.6723955798119788,0.300214529506038
25837,GOF,0.023699074571279094,0.5872881297541956,0.38901279567452524
25838,GOF,0.07863549479715716,0.7569817280201436,0.16438277718269925
25839,GOF,0.2842867721781931,0.5698679528478922,0.14584527497391478
25840,GOF,0.24794868849553875,0.6187115874016206,0.13333972410284073
25841,GOF,0.23430733707898962,0.632772239447397,0.13292042347361338
25842,GOF,0.11930119672832724,0.755261478362648,0.12543732490902468
25843,GOF,0.1771559586994419,0.7312990268299125,0.09154501447064538
25844,GOF,0.054990833567821605,0.7435251244013631,0.20148404203081527
25845,GOF,0.014858687666699148,0.53948261836713,0.4456586939661709
25846,GOF,0.11009973870645162,0.7623090036000111,0.12759125769353727
25847,GOF,0.0772549533525383,0.8223423717098416,0.10040267493762009
25848,GOF,0.03369363200165209,0.7172802611555776,0.24902610684277043
25849,GOF,0.009982465794495876,0.6011225208319977,0.38889501337350657
25850,GOF,0.019281538829290634,0.6638983209762134,0.3168201401944959
25851,GOF,0.015229141546746258,0.5518679343255978,0.432902924127656
25852,GOF,0.15098609599712806,0.5681234879172329,0.28089041608563914
25853,GOF,0.3247960588894971,0.5891565335822969,0.08604740752820604
25854,GOF,0.020296004880123168,0.6281711789951762,0.35153281612470066
25855,GOF,0.034211070813779214,0.5632257524549226,0.4025631767312982
25856,GOF,0.22526440525235256,0.5552267705959603,0.21950882415168713
25857,GOF,0.040948490798355545,0.5049311539104213,0.45412035529122313
25858,GOF,0.021552496378778024,0.5249950497451583,0.45345245387606364
25859,GOF,0.01132015314867465,0.5026161692723897,0.48606367757893565
25860,GOF,0.3603742949722479,0.5556261168587258,0.08399958816902624
25861,GOF,0.42763210740624885,0.5039869942781,0.06838089831565114
25862,GOF,0.07494300501923225,0.7741941628387106,0.1508628321420571
25863,GOF,0.07437585804767204,0.779341241031388,0.1462829009209398
25864,GOF,0.17430879390635,0.7511439895902666,0.0745472165033835
25865,GOF,0.07502241440281697,0.8070339883308474,0.11794359726633556
25866,GOF,0.05077945521282537,0.7877488899042372,0.1614716548829375
25867,GOF,0.07371420832237983,0.8173725283022328,0.10891326337538731
25868,GOF,0.24482937174895483,0.6514692971500372,0.10370133110100802
25869,Neutral,0.7113589460590611,0.24102727408406224,0.0476137798568766
25870,GOF,0.27578607069882577,0.4011339813583886,0.32307994794278555
25871,GOF,0.20028521989734244,0.6570262874013909,0.14268849270126663
25872,GOF,0.06216930895829147,0.6826392994661804,0.2551913915755281
25873,GOF,0.09225462077467521,0.7093849682182374,0.19836041100708746
25874,LOF,0.01410387916144615,0.10596690433391107,0.8799292165046428
25875,LOF,0.09043772520201769,0.042736153961858904,0.8668261208361234
25876,LOF,0.0373994130298099,0.026414823547978528,0.9361857634222115
25877,LOF,0.47433851684652,0.041932279090308236,0.48372920406317177
25878,LOF,0.2268590812987964,0.08286119287661106,0.6902797258245925
25879,LOF,0.08800836909283627,0.0793743678400068,0.832617263067157
25880,LOF,0.03997661935259469,0.013501726778137314,0.946521653869268
25881,LOF,0.16060626833419647,0.13073631427881924,0.7086574173869843
25882,LOF,0.06282183329605552,0.01605381098362369,0.9211243557203208
25883,LOF,0.06424161237230766,0.020423667617199284,0.9153347200104931
25884,LOF,0.03060109285497409,0.031419334382172835,0.937979572762853
25885,LOF,0.05870832942823758,0.011378505531352003,0.9299131650404103
25886,LOF,0.2648632437687008,0.03986042324363588,0.6952763329876632
25887,LOF,0.1443779086663185,0.06760076291376613,0.7880213284199155
25888,LOF,0.06170518262841155,0.060088422364196696,0.8782063950073917
25889,LOF,0.04126339822853687,0.022077660158096445,0.9366589416133667
25890,LOF,0.04855438534014795,0.13901771209755878,0.8124279025622932
25891,LOF,0.03751622322046435,0.0547139204780229,0.9077698563015129
25892,LOF,0.0804797702118371,0.024925896729894426,0.8945943330582685
25893,LOF,0.22494310278998647,0.02047943211576386,0.7545774650942497
25894,LOF,0.17931053449839993,0.012407328271949146,0.808282137229651
25895,LOF,0.18376436836604376,0.024640248636793084,0.7915953829971631
25896,LOF,0.05056602944605256,0.026286020611706915,0.9231479499422405
25897,LOF,0.2511621223584915,0.015314639825907594,0.7335232378156008
25898,Neutral,0.6947583662779186,0.011619103120449108,0.29362253060163235
25899,LOF,0.20716340553807827,0.022523750902844725,0.770312843559077
25900,LOF,0.45828756311719737,0.013836426854684428,0.5278760100281182
25901,LOF,0.055310229020928935,0.012320994499809182,0.9323687764792619
25902,LOF,0.16478230239792163,0.014740892015169534,0.8204768055869088
25903,Neutral,0.5836085245917764,0.03212878379620508,0.38426269161201854
25904,LOF,0.3146449053135042,0.046826526436265385,0.6385285682502304
25905,LOF,0.027187343889918475,0.3394649891540124,0.6333476669560693
25906,LOF,0.030398104450873084,0.09547627543071976,0.8741256201184072
25907,LOF,0.01344182851375525,0.3260908384472091,0.6604673330390356
25908,LOF,0.009437183200975037,0.25839800667218904,0.732164810126836
25909,LOF,0.012160455098023564,0.13677153078855692,0.8510680141134196
25910,LOF,0.05181021884019277,0.13964093448246506,0.8085488466773423
25911,LOF,0.17735399785769074,0.02542873800861242,0.7972172641336968
25912,LOF,0.04545515791960153,0.04365004082560017,0.9108948012547984
25913,LOF,0.3522091600316657,0.0215626800198067,0.6262281599485275
25914,LOF,0.02135185343967809,0.04844644598091456,0.9302017005794073
25915,Neutral,0.5773284776024546,0.14067257295503105,0.2819989494425143
25916,LOF,0.0808573180470031,0.19765185133460456,0.7214908306183923
25917,LOF,0.0667112467320997,0.03795915172679723,0.8953296015411031
25918,LOF,0.02400905488412486,0.028084091060664573,0.9479068540552105
25919,LOF,0.021610649131619482,0.03076033439153911,0.9476290164768413
25920,GOF,0.1055143162143056,0.5006863125731359,0.39379937121255854
25921,LOF,0.026188069082055048,0.034155723430619296,0.9396562074873257
25922,LOF,0.03615898552805962,0.027404303033519612,0.9364367114384208
25923,LOF,0.4711414070330991,0.03623430140414163,0.4926242915627593
25924,LOF,0.038702876467534515,0.04203838149042208,0.9192587420420434
25925,LOF,0.07539531702199878,0.045220389507710866,0.8793842934702905
25926,LOF,0.054111738007375274,0.03765208604163083,0.9082361759509938
25927,LOF,0.0606958516140419,0.14121562441236638,0.7980885239735916
25928,LOF,0.01918566985936946,0.05012458034548194,0.9306897497951486
25929,Neutral,0.5943255230712621,0.038250576579560054,0.3674239003491777
25930,LOF,0.07264831161950189,0.03281802693586005,0.894533661444638
25931,LOF,0.0248378413231634,0.03295550616268525,0.9422066525141514
25932,LOF,0.028854829208012463,0.028045186401777673,0.9430999843902099
25933,LOF,0.04031997052129527,0.01733607577505107,0.9423439537036538
25934,LOF,0.025310440290249595,0.020342102307090847,0.9543474574026595
25935,LOF,0.06214470071318457,0.05535523093834481,0.8825000683484706
25936,LOF,0.04506846769829573,0.025441761041368256,0.9294897712603359
25937,LOF,0.02884298683069916,0.036150942575549606,0.9350060705937513
25938,LOF,0.0663151701729396,0.05718956669142446,0.8764952631356359
25939,LOF,0.042554144774948094,0.02032161917378655,0.9371242360512654
25940,LOF,0.03781879179923436,0.3558091710037612,0.6063720371970045
25941,LOF,0.19729626358476487,0.09244114894333426,0.710262587471901
25942,LOF,0.012912079775293633,0.035096401272861046,0.9519915189518453
25943,LOF,0.3251777764728372,0.05822146197136287,0.6166007615558
25944,Neutral,0.5084930005413971,0.022441570821734366,0.46906542863686856
25945,LOF,0.07179998982137409,0.018174842446620876,0.910025167732005
25946,LOF,0.03409063104979023,0.10689949548587935,0.8590098734643304
25947,LOF,0.11004652127388433,0.16950128756338065,0.7204521911627351
25948,LOF,0.35909287743825663,0.00792253663665969,0.6329845859250837
25949,LOF,0.12012115664609216,0.03783491174488364,0.8420439316090241
25950,Neutral,0.3433954046761503,0.3322267042102384,0.32437789111361126
25951,LOF,0.19334675374077623,0.267825706747016,0.5388275395122077
25952,GOF,0.04977946916521284,0.5013851222707665,0.4488354085640207
25953,LOF,0.1583461088021299,0.11557107826157496,0.7260828129362951
25954,Neutral,0.41941749560404384,0.18774948636124983,0.39283301803470627
25955,LOF,0.06873593421751234,0.08572028319412894,0.8455437825883586
25956,LOF,0.1675892830527128,0.11277724008996548,0.7196334768573218
25957,LOF,0.03546283809285705,0.031125984766245545,0.9334111771408975
25958,LOF,0.0537232992236366,0.02630595458931068,0.9199707461870527
25959,LOF,0.06931098865901142,0.34028008583890995,0.5904089255020786
25960,LOF,0.01444046648908351,0.05272706127581407,0.9328324722351025
25961,LOF,0.04032987227699997,0.026627092647059425,0.9330430350759407
25962,LOF,0.053294614295111106,0.03309454710823149,0.9136108385966575
25963,LOF,0.04374102048354594,0.21085027788645422,0.7454087016299998
25964,LOF,0.03235127261212318,0.1572091232041369,0.8104396041837401
25965,LOF,0.4336226926882746,0.06350308758133412,0.5028742197303913
25966,Neutral,0.5160140758822402,0.16639770673614632,0.31758821738161336
25967,LOF,0.016539346532355198,0.11375143032057101,0.8697092231470738
25968,LOF,0.034074653334549336,0.37275251317526703,0.5931728334901836
25969,LOF,0.03592911236663809,0.07329753662508795,0.890773351008274
25970,LOF,0.05334230164344971,0.06459386294798404,0.8820638354085661
25971,LOF,0.06251983149786526,0.023860014808382884,0.9136201536937518
25972,LOF,0.06411122425862334,0.03519831905108124,0.9006904566902953
25973,LOF,0.07114988870429667,0.010238077640641404,0.9186120336550619
25974,LOF,0.18198838044990467,0.01542192288330664,0.8025896966667887
25975,LOF,0.04318886718003664,0.02517463477659795,0.9316364980433655
25976,LOF,0.04376305002954016,0.016135059454943312,0.9401018905155165
25977,LOF,0.16360161336585088,0.08189460539025667,0.7545037812438924
25978,LOF,0.14247907897582585,0.09470826337972472,0.7628126576444494
25979,LOF,0.13219077041711758,0.09971679038294895,0.7680924391999334
25980,LOF,0.2216930724692087,0.11957742775093975,0.6587294997798515
25981,LOF,0.253486239519184,0.11844622110450459,0.6280675393763114
25982,LOF,0.3970419621796509,0.08429439871737092,0.5186636391029783
25983,LOF,0.3873257173738629,0.09217177347037063,0.5205025091557666
25984,LOF,0.047359008621154754,0.04914067384467421,0.9035003175341711
25985,LOF,0.04084638058930543,0.27472049140356813,0.6844331280071264
25986,LOF,0.04484135233292344,0.3343597692497863,0.6207988784172902
25987,LOF,0.0853172776139632,0.0674902928953614,0.8471924294906753
25988,LOF,0.16676775894967522,0.061037966106157526,0.7721942749441671
25989,LOF,0.03672589207331894,0.11947758904915746,0.8437965188775236
25990,LOF,0.040243233665454875,0.1731233587002467,0.7866334076342985
25991,LOF,0.14178153168571955,0.2626677906844683,0.5955506776298121
25992,LOF,0.30526344437332914,0.14699724089949173,0.5477393147271792
25993,LOF,0.022629897642238658,0.0776187159802132,0.8997513863775481
25994,LOF,0.018482762850791295,0.08126149255331075,0.900255744595898
25995,LOF,0.02418112988328985,0.17231022601445262,0.8035086441022575
25996,GOF,0.33782078944171157,0.3795182132671027,0.28266099729118566
25997,LOF,0.09122330075855563,0.38497230166049046,0.5238043975809539
25998,Neutral,0.5201071195333314,0.02633188471774511,0.4535609957489235
25999,LOF,0.09761906431290628,0.09832694304420507,0.8040539926428887
26000,LOF,0.1241248787921737,0.044513459963206145,0.8313616612446202
26001,LOF,0.2041062534891543,0.05122498980710031,0.7446687567037453
26002,LOF,0.11742843616825878,0.04170322155135608,0.8408683422803852
26003,GOF,0.010478072504431772,0.6080249796495533,0.381496947846015
26004,GOF,0.02188498624963453,0.7125619617965766,0.2655530519537888
26005,LOF,0.0069823001388645955,0.46218202640004763,0.5308356734610878
26006,Neutral,0.5402225103381197,0.2586576214346908,0.20111986822718939
26007,GOF,0.02296398178498893,0.5345228295456849,0.44251318866932626
26008,GOF,0.017114090166354744,0.6286549567485318,0.3542309530851134
26009,GOF,0.02012568037130991,0.6955295966744423,0.28434472295424795
26010,GOF,0.024838780677794034,0.6508398088521763,0.3243214104700298
26011,LOF,0.006893931264327928,0.42996342325890674,0.5631426454767654
26012,GOF,0.012133401061656555,0.5637204245361197,0.42414617440222374
26013,GOF,0.01905253856992883,0.6164728776604179,0.36447458376965325
26014,LOF,0.0402079137232639,0.1173168524505093,0.8424752338262268
26015,LOF,0.15480151429353842,0.01602795220212729,0.8291705335043342
26016,LOF,0.19050072626428233,0.05872421813610612,0.7507750555996117
26017,LOF,0.19533354399993227,0.08963289825241788,0.7150335577476499
26018,LOF,0.07565418550540141,0.040633145608099434,0.8837126688864991
26019,LOF,0.07129983414881332,0.03328527440070181,0.8954148914504849
26020,LOF,0.06803016883378618,0.09321262647956383,0.8387572046866499
26021,LOF,0.04489873216094056,0.10061566541292231,0.8544856024261371
26022,LOF,0.011140262394478809,0.038602945507683284,0.9502567920978379
26023,LOF,0.0638489193136073,0.025182923326017882,0.9109681573603748
26024,LOF,0.03041568439777477,0.1022554126304693,0.867328902971756
26025,LOF,0.14483651129827652,0.08559695981526992,0.7695665288864535
26026,LOF,0.30600947723129257,0.026231524718902544,0.667758998049805
26027,LOF,0.05545696751974796,0.01953741638386568,0.9250056160963864
26028,LOF,0.16274728430134733,0.0640612231677136,0.7731914925309391
26029,LOF,0.07407502230123457,0.14484951811455712,0.7810754595842083
26030,LOF,0.023305593413871516,0.03236383144197398,0.9443305751441545
26031,LOF,0.02629022628699816,0.11312246406132438,0.8605873096516774
26032,LOF,0.06913319879973863,0.04855377988788295,0.8823130213123784
26033,LOF,0.09203523352920215,0.04615159329896568,0.861813173171832
26034,LOF,0.0439877864038531,0.12830826981917687,0.82770394377697
26035,LOF,0.026049497100736646,0.12070482456074573,0.8532456783385177
26036,LOF,0.03820985607026736,0.14026224617704036,0.8215278977526923
26037,LOF,0.02180360948966626,0.10060026339078967,0.8775961271195442
26038,LOF,0.06508087984008218,0.04989500832380011,0.8850241118361177
26039,LOF,0.049358400456924,0.1232983925556584,0.8273432069874176
26040,LOF,0.22803279050238176,0.08971404578800957,0.6822531637096086
26041,LOF,0.022013137987439743,0.09266975425230911,0.8853171077602512
26042,LOF,0.020057189188276495,0.0880123302972302,0.8919304805144933
26043,LOF,0.06696057747085722,0.056724667925894125,0.8763147546032488
26044,LOF,0.020267745331175216,0.04174929814904516,0.9379829565197796
26045,LOF,0.07683165274559738,0.07816456734738923,0.8450037799070134
26046,LOF,0.06078977810965544,0.04724042977068304,0.8919697921196615
26047,LOF,0.08366453727949646,0.04815129185413766,0.8681841708663659
26048,LOF,0.047055111058263425,0.028194241491316403,0.9247506474504201
26049,Neutral,0.9678196782408104,0.005129323171395415,0.02705099858779437
26050,Neutral,0.9547683783386287,0.006717912896789852,0.03851370876458149
26051,LOF,0.04948371518055589,0.2530233251707094,0.6974929596487347
26052,LOF,0.059791577677819556,0.3070143845308948,0.6331940377912857
26053,LOF,0.061128764572877935,0.15161117158081933,0.7872600638463028
26054,LOF,0.05177008407693382,0.018370633264440158,0.929859282658626
26055,LOF,0.07157284234483136,0.0172172717562303,0.9112098858989383
26056,LOF,0.06144795831909209,0.01938941820168194,0.919162623479226
26057,LOF,0.03118891399560921,0.012160251016222399,0.9566508349881685
26058,LOF,0.031905441672288995,0.010060760916276407,0.9580337974114347
26059,LOF,0.27834412090438787,0.022140178368678456,0.6995157007269337
26060,LOF,0.044067597667389935,0.17648662135844642,0.7794457809741637
26061,LOF,0.014925041217637257,0.013146083844499072,0.9719288749378637
26062,LOF,0.009736801500649784,0.018184085410629214,0.972079113088721
26063,LOF,0.019919866424732882,0.009886510821183405,0.9701936227540837
26064,LOF,0.019319231176432444,0.025251693371366294,0.9554290754522012
26065,LOF,0.02397498696641922,0.010845762450209628,0.9651792505833711
26066,LOF,0.019600760431320526,0.01038314743999373,0.9700160921286857
26067,LOF,0.026527685521590114,0.008487605757186349,0.9649847087212235
26068,LOF,0.04366510798556525,0.029739417054567643,0.9265954749598672
26069,LOF,0.2578554345910141,0.019310546501409072,0.7228340189075768
26070,LOF,0.3944835154927829,0.01525554023735589,0.5902609442698613
26071,LOF,0.01985044922047096,0.011529866909994156,0.9686196838695349
26072,LOF,0.01691025990704148,0.020596140746746948,0.9624935993462116
26073,LOF,0.01989565080510603,0.014114366642055877,0.9659899825528382
26074,Neutral,0.9154634619725628,0.005779495630752092,0.07875704239668503
26075,LOF,0.04568061684452051,0.013707089877927752,0.9406122932775517
26076,LOF,0.03671495230727791,0.00871441922901373,0.9545706284637084
26077,LOF,0.009146045924729689,0.013022760247354732,0.9778311938279155
26078,LOF,0.014751984816102,0.011892493015946099,0.9733555221679518
26079,LOF,0.06193214225605545,0.015803602887520793,0.9222642548564237
26080,LOF,0.06095768834508662,0.01581514661298951,0.9232271650419238
26081,LOF,0.035305109958711244,0.006552924756547015,0.9581419652847418
26082,LOF,0.012347940621839977,0.01394192761929801,0.9737101317588621
26083,LOF,0.18082402017145002,0.014661204160467577,0.8045147756680824
26084,LOF,0.04197981361707529,0.012288972288465956,0.9457312140944588
26085,LOF,0.03656778394709671,0.011816882502758638,0.9516153335501447
26086,LOF,0.020811584902361437,0.011430164740096525,0.9677582503575419
26087,LOF,0.023281269831254146,0.00845038701993701,0.9682683431488088
26088,LOF,0.014913824129741824,0.02294380813949763,0.9621423677307605
26089,LOF,0.04181165170952676,0.022001965748456524,0.9361863825420168
26090,LOF,0.04123154611779803,0.01812869201008596,0.9406397618721161
26091,LOF,0.031921146680563464,0.006211441872635594,0.961867411446801
26092,LOF,0.021755452073653685,0.007742242515117422,0.9705023054112288
26093,LOF,0.032523591776714086,0.00598421147456066,0.9614921967487252
26094,LOF,0.032326605316182075,0.005841612842457951,0.9618317818413601
26095,LOF,0.03674624883057931,0.01603021243941158,0.9472235387300092
26096,LOF,0.01649486074523456,0.012109549202405638,0.9713955900523598
26097,LOF,0.011969632846118471,0.037633277678777804,0.9503970894751037
26098,LOF,0.07682604307012353,0.013048480285876192,0.9101254766440003
26099,LOF,0.020212462913793982,0.012226927169667542,0.9675606099165384
26100,LOF,0.022417658399983494,0.011701601796060215,0.9658807398039563
26101,LOF,0.04537625823720944,0.018112246721703633,0.9365114950410869
26102,LOF,0.02002028090369413,0.014034579932112747,0.9659451391641932
26103,Neutral,0.8774993219519589,0.018954811155898643,0.10354586689214228
26104,LOF,0.07646445641334676,0.023022817813871933,0.9005127257727813
26105,LOF,0.22234325222091308,0.25930151200285945,0.5183552357762274
26106,LOF,0.17160420606679247,0.12843136564299654,0.699964428290211
26107,LOF,0.2369782985666307,0.08602189083431949,0.6769998105990498
26108,LOF,0.23405273984453104,0.09054039494990478,0.6754068652055641
26109,LOF,0.08102167672456663,0.06639580649857015,0.8525825167768631
26110,LOF,0.22571169711929767,0.00694399251882217,0.7673443103618802
26111,Neutral,0.5160708339628135,0.026230705830730935,0.45769846020645566
26112,LOF,0.033821270059871456,0.007165044892190927,0.9590136850479377
26113,LOF,0.06452173475882134,0.015554863514882444,0.9199234017262962
26114,LOF,0.0251052819396553,0.030598513011084596,0.9442962050492602
26115,LOF,0.08574720934999706,0.056795787096370676,0.8574570035536322
26116,LOF,0.06010056425886166,0.06189481888248987,0.8780046168586485
26117,LOF,0.4584590368744333,0.040691146251583266,0.5008498168739834
26118,LOF,0.034057842177465686,0.021954498552132325,0.943987659270402
26119,LOF,0.023242250914175196,0.03399172995630592,0.942766019129519
26120,LOF,0.023874616109837633,0.0172055261788781,0.9589198577112844
26121,LOF,0.03649139973242703,0.0873069825184693,0.8762016177491037
26122,LOF,0.04343069329831232,0.03622344439383834,0.9203458623078494
