feature0,prediction,LoGoFunc_Neutral,LoGoFunc_GOF,LoGoFunc_LOF
25546,Neutral,0.6129638566315938,0.04314027291967318,0.34389587044873304
25547,Neutral,0.49008102333753656,0.07667819895787975,0.4332407777045837
25548,Neutral,0.5038129042917254,0.06319970285878422,0.4329873928494904
25549,LOF,0.43867909425115287,0.06550519289032568,0.49581571285852144
25550,LOF,0.392113150970759,0.0658741796804377,0.5420126693488033
25551,LOF,0.3338795875212127,0.07018907394890637,0.595931338529881
25552,LOF,0.3043032994671371,0.07759037106833168,0.6181063294645313
25553,Neutral,0.7925372612869276,0.04123086111974912,0.1662318775933232
25554,LOF,0.3221703071206945,0.07128500868033893,0.6065446841989667
25555,LOF,0.2819634202474189,0.07323009214585155,0.6448064876067297
25556,LOF,0.4480492189332297,0.07022495213223795,0.4817258289345325
25557,LOF,0.2631989652010825,0.07270058994233704,0.6641004448565805
25558,LOF,0.3175250891082485,0.06920565291621766,0.6132692579755339
25559,LOF,0.22573486990477348,0.031107005558364792,0.7431581245368617
25560,LOF,0.08611356131471706,0.2247720547661303,0.6891143839191527
25561,LOF,0.0883506326462651,0.30118992204701506,0.6104594453067198
25562,LOF,0.033067654369764055,0.1195996359859541,0.8473327096442818
25563,LOF,0.006585421821179744,0.20048462376169449,0.7929299544171258
25564,LOF,0.07481227460089804,0.11885385978849432,0.8063338656106077
25565,LOF,0.19295236435166463,0.15110999771676503,0.6559376379315703
25566,GOF,0.07538970530643226,0.7884564904444896,0.1361538042490782
25567,LOF,0.04961371035063683,0.17863009443500016,0.7717561952143631
25568,LOF,0.06494547892215254,0.1180515029206165,0.8170030181572309
25569,LOF,0.06637888811627833,0.11199697838260088,0.8216241335011208
25570,LOF,0.02410165757842712,0.17427760911194723,0.8016207333096257
25571,LOF,0.023904038168112405,0.17709395665971592,0.7990020051721717
25572,LOF,0.05415362440396155,0.23329423151627354,0.7125521440797649
25573,LOF,0.07173755380490468,0.15256429404865812,0.7756981521464372
25574,LOF,0.08493334978178313,0.27445969495484646,0.6406069552633704
25575,LOF,0.023289363775195332,0.18021711964338435,0.7964935165814204
25576,LOF,0.02539405466556224,0.25013122720767583,0.7244747181267619
25577,LOF,0.028316879567830095,0.21314517528140475,0.7585379451507651
25578,LOF,0.29494069582180593,0.11430694703116395,0.5907523571470301
25579,LOF,0.20517025842883163,0.1145471882360916,0.6802825533350768
25580,LOF,0.02246143227942143,0.12008073545422233,0.8574578322663562
25581,LOF,0.04616327839603606,0.12551872751278478,0.8283179940911791
25582,LOF,0.04592111620308319,0.12288783785818527,0.8311910459387315
25583,LOF,0.02931400155674824,0.13226223876454254,0.8384237596787093
25584,Neutral,0.6963515606257955,0.15119679408471678,0.15245164528948763
25585,LOF,0.022880671835625106,0.2157597502470183,0.7613595779173565
25586,LOF,0.020508952879494443,0.14469092762606353,0.8348001194944419
25587,LOF,0.019436699849627016,0.1427300734139454,0.8378332267364276
25588,LOF,0.024824222150919048,0.10773663170575662,0.8674391461433243
25589,Neutral,0.5802513166730136,0.23144200634138826,0.18830667698559836
25590,LOF,0.05541797507695949,0.16335376889084693,0.7812282560321936
25591,LOF,0.10317745835379714,0.10194347398662694,0.7948790676595758
25592,LOF,0.07395846458796398,0.20027385123972336,0.7257676841723126
25593,LOF,0.10699753803127984,0.3346644553143976,0.5583380066543226
25594,LOF,0.04715243025795472,0.03977896973756191,0.9130686000044834
25595,LOF,0.05235991946447331,0.021989090987312134,0.9256509895482146
25596,LOF,0.11729839636181427,0.016447955887271323,0.8662536477509144
25597,LOF,0.0850870804505997,0.014253776606060604,0.9006591429433396
25598,LOF,0.04897958072049431,0.025616283565127976,0.9254041357143777
25599,LOF,0.0304827841518206,0.38653209897894125,0.5829851168692382
25600,LOF,0.17509656669322574,0.3619949082655919,0.46290852504118246
25601,LOF,0.04780159666455019,0.2894705819407521,0.6627278213946977
25602,LOF,0.03262363333940771,0.0703657973448088,0.8970105693157835
25603,LOF,0.044584229051704165,0.07384959730510024,0.8815661736431956
25604,LOF,0.056619849650823506,0.12901555314189503,0.8143645972072814
25605,LOF,0.053359407246815045,0.16982153648864515,0.7768190562645398
25606,Neutral,0.40526154638347095,0.23431419599556327,0.3604242576209659
25607,LOF,0.03131662060158953,0.2585983681251138,0.7100850112732967
25608,LOF,0.04811589184251223,0.09335838462461017,0.8585257235328776
25609,GOF,0.20128679386880802,0.4981903569661978,0.3005228491649941
25610,LOF,0.02034104738317238,0.07774334229828553,0.9019156103185422
25611,LOF,0.01450467759520468,0.08057585689118801,0.9049194655136074
25612,LOF,0.058099374480936314,0.09070847144268619,0.8511921540763775
25613,LOF,0.055565476068922925,0.08332449109326441,0.8611100328378126
25614,LOF,0.0238982640438753,0.0722904125509186,0.9038113234052061
25615,LOF,0.052908029739310164,0.058382681772066715,0.8887092884886231
25616,LOF,0.06624788265423447,0.08031629628336602,0.8534358210623996
25617,LOF,0.04937366207258672,0.08750753300831095,0.8631188049191023
25618,LOF,0.05039063979123328,0.14364643533727936,0.8059629248714874
25619,LOF,0.0141255630804758,0.10826221027896103,0.8776122266405633
25620,LOF,0.04886248151145029,0.08346991629457316,0.8676676021939765
25621,LOF,0.07493288063494306,0.0723175125133572,0.8527496068516999
25622,LOF,0.08666348238937964,0.08190540161059895,0.8314311160000213
25623,LOF,0.07037616057989589,0.07468377483276596,0.8549400645873382
25624,LOF,0.02336495872840531,0.08115482937951382,0.8954802118920808
25625,LOF,0.06965317541502922,0.07928930145362811,0.8510575231313426
25626,LOF,0.05846478481448847,0.08068494253476366,0.8608502726507479
25627,Neutral,0.8860291006526791,0.024753744778907533,0.08921715456841338
25628,LOF,0.19679143087074014,0.06640818011331627,0.7368003890159437
25629,LOF,0.06666101681894628,0.06990479825783659,0.8634341849232171
25630,LOF,0.31085488201957734,0.07773843917341457,0.611406678807008
25631,Neutral,0.5476180950585579,0.04811253979679551,0.40426936514464656
25632,LOF,0.031003014527925924,0.14662605142313584,0.8223709340489381
25633,LOF,0.20497713448510615,0.07609596663230728,0.7189268988825867
25634,LOF,0.04280660452726982,0.12287127526444458,0.8343221202082856
25635,LOF,0.03353384243589321,0.06550795946958264,0.9009581980945242
25636,GOF,0.03238515541212676,0.5533713715291243,0.41424347305874887
25637,GOF,0.04016392230156302,0.573377535697264,0.38645854200117297
25638,GOF,0.020593425658521045,0.4927540112959093,0.4866525630455697
25639,LOF,0.03213059077089199,0.4719997774558939,0.4958696317732142
25640,Neutral,0.8047335610918248,0.14381054010108066,0.051455898807094544
25641,LOF,0.14201158047663764,0.31548396348862995,0.5425044560347324
25642,LOF,0.12408565365421466,0.1487366279075213,0.7271777184382642
25643,LOF,0.3033342899403695,0.0760014500513304,0.6206642600083001
25644,GOF,0.01028396519162387,0.6405695434817679,0.3491464913266083
25645,GOF,0.014983072539245303,0.5992089022138415,0.3858080252469132
25646,LOF,0.024284662302458456,0.41388069958937507,0.5618346381081665
25647,LOF,0.009588991658707594,0.30990393431428315,0.6805070740270093
25648,LOF,0.014859287582551887,0.3699486780294249,0.6151920343880232
25649,LOF,0.008895914182183912,0.2912768295825053,0.6998272562353108
25650,GOF,0.03566153746916327,0.5867913836461891,0.3775470788846477
25651,LOF,0.011441521502325096,0.3809521628379598,0.607606315659715
25652,LOF,0.011854988799802964,0.4164565388882053,0.5716884723119918
25653,GOF,0.05058108516912085,0.5729516567399291,0.37646725809095016
25654,LOF,0.011464985222850341,0.3063895773474385,0.6821454374297111
25655,GOF,0.13399234665418006,0.618607722980961,0.24739993036485894
25656,LOF,0.21144878625026614,0.06154339095985187,0.7270078227898821
25657,LOF,0.03508267035796344,0.07826834906638568,0.886648980575651
25658,LOF,0.2568470593477639,0.09587692558216994,0.647276015070066
25659,LOF,0.37587347600757015,0.0909167969428101,0.5332097270496198
25660,LOF,0.02064813039070101,0.1048600946059091,0.8744917750033899
25661,LOF,0.07350749642368383,0.06513661210512883,0.8613558914711873
25662,LOF,0.027690407428923307,0.04111208289690906,0.9311975096741677
25663,LOF,0.03003015665661026,0.0392186898997226,0.9307511534436672
25664,LOF,0.09748935600321902,0.06268299355962864,0.8398276504371522
25665,LOF,0.056757375097731676,0.03442412963356977,0.9088184952686986
25666,LOF,0.07155707216483567,0.057843856056530286,0.8705990717786339
25667,LOF,0.05988177736813431,0.04699654797030846,0.8931216746615572
25668,LOF,0.029193189749501948,0.059182239125551026,0.911624571124947
25669,LOF,0.021030935346699964,0.05484662291988503,0.9241224417334151
25670,LOF,0.11854894776814594,0.04773657324507137,0.8337144789867826
25671,LOF,0.09130789474615014,0.0397657512814575,0.8689263539723924
25672,LOF,0.05129946398860865,0.05735054632058692,0.8913499896908044
25673,LOF,0.07496841692955822,0.04853071471523903,0.8765008683552028
25674,LOF,0.07379325365801659,0.06554117609199217,0.8606655702499911
25675,LOF,0.06541944487065786,0.07435170298690602,0.860228852142436
25676,LOF,0.01608502752350379,0.06696795633078047,0.9169470161457157
25677,LOF,0.015642680973468725,0.08795900371350446,0.8963983153130268
25678,LOF,0.17116759248574379,0.09720034475649544,0.7316320627577608
25679,LOF,0.11055692640884922,0.10462061109490527,0.7848224624962455
25680,LOF,0.02638788176515089,0.13126582405345796,0.8423462941813911
25681,LOF,0.04226492431185628,0.1210665225573189,0.8366685531308248
25682,LOF,0.11350707286047217,0.07346124794872995,0.8130316791907979
25683,LOF,0.0902338883012508,0.09020429420954564,0.8195618174892035
25684,LOF,0.02627065800091253,0.06145951504931721,0.9122698269497702
25685,LOF,0.11819302487619476,0.11745290503408011,0.7643540700897251
25686,LOF,0.07912908091430662,0.1754342640704769,0.7454366550152165
25687,LOF,0.13349834044233672,0.14639819251850278,0.7201034670391605
25688,LOF,0.47320199587731065,0.023793128172321373,0.5030048759503679
25689,LOF,0.29257843938553446,0.03342399906948656,0.673997561544979
25690,LOF,0.3705148851726196,0.02260777352908268,0.6068773412982977
25691,Neutral,0.7244938232042795,0.020842869647345514,0.2546633071483751
25692,LOF,0.36444199010139905,0.008832355638187513,0.6267256542604135
25693,GOF,0.03427640861669151,0.5231783692876826,0.4425452220956259
25694,LOF,0.113723474887413,0.01808065431739503,0.8681958707951919
25695,LOF,0.11029771882869113,0.007961607761575673,0.8817406734097332
25696,LOF,0.11626102209635351,0.009504259757690373,0.8742347181459561
25697,LOF,0.05055225040131393,0.07345956279299896,0.875988186805687
25698,LOF,0.2492435630726666,0.25845430159168675,0.4923021353356467
25699,LOF,0.40570553506903184,0.03549780949986818,0.5587966554310999
25700,LOF,0.06041513285874606,0.00974583655466428,0.9298390305865896
25701,LOF,0.2038420081172567,0.030758803990570256,0.7653991878921731
25702,GOF,0.18914302599631377,0.6468974192278327,0.1639595547758534
25703,LOF,0.01650508089986131,0.1683233565350367,0.815171562565102
25704,LOF,0.03290900031551021,0.1282443433489422,0.8388466563355476
25705,LOF,0.04102216229042126,0.07717795344078597,0.8817998842687927
25706,GOF,0.08924575214765267,0.4613261200803164,0.4494281277720309
25707,LOF,0.07847777756373434,0.39257352458114225,0.5289486978551233
25708,LOF,0.03077362103197333,0.38629920066247736,0.5829271783055493
25709,LOF,0.07724712311116097,0.03439984068210141,0.8883530362067376
25710,LOF,0.01696088247719774,0.13675687741080378,0.8462822401119986
25711,LOF,0.01974766254903945,0.07385279783032701,0.9063995396206336
25712,LOF,0.017376900955513655,0.19230951426974402,0.7903135847747423
25713,LOF,0.018972534087798545,0.06746204541793556,0.9135654204942659
25714,LOF,0.08081730102540176,0.049031870990017365,0.8701508279845808
25715,LOF,0.012068485832711497,0.10061008613530005,0.8873214280319884
25716,LOF,0.012406310216217515,0.10148745579983043,0.8861062339839522
25717,LOF,0.019193211014536412,0.06398231870353763,0.9168244702819259
25718,LOF,0.011623108701902687,0.04554312695327427,0.942833764344823
25719,LOF,0.021970515967880914,0.06372984727363085,0.9142996367584882
25720,LOF,0.02771216840513825,0.04477721241400964,0.9275106191808521
25721,LOF,0.011714677754273291,0.06540012735257172,0.922885194893155
25722,LOF,0.0135085595988887,0.05397853985585706,0.9325129005452542
25723,LOF,0.024674249905787624,0.03684274632574978,0.9384830037684626
25724,LOF,0.03445878587361543,0.07626011862084889,0.8892810955055356
25725,LOF,0.011245919112946234,0.06367856878930443,0.9250755120977494
25726,LOF,0.016790548881783218,0.07537933789468078,0.907830113223536
25727,LOF,0.013527808688463852,0.04944975328007704,0.937022438031459
25728,LOF,0.01105711525755609,0.06265151635095405,0.92629136839149
25729,LOF,0.010965478274099265,0.06502900749703192,0.9240055142288688
25730,LOF,0.014768501858013563,0.06593644850191513,0.9192950496400714
25731,LOF,0.017989376808503706,0.09498334518066462,0.8870272780108317
25732,LOF,0.013942357036231524,0.043611486839640466,0.9424461561241281
25733,LOF,0.014481122664612505,0.053216093542328216,0.9323027837930593
25734,LOF,0.012660873482208772,0.12219344938966256,0.8651456771281287
25735,LOF,0.011601840880715862,0.051468394145429586,0.9369297649738546
25736,LOF,0.012909480798471968,0.058788748886895795,0.9283017703146321
25737,LOF,0.012986769048396038,0.10070171702239442,0.8863115139292095
25738,LOF,0.012673450135057647,0.09232446436556817,0.8950020854993741
25739,LOF,0.020556524520057913,0.0630213302709282,0.916422145209014
25740,LOF,0.03249315757385521,0.10267822622593774,0.864828616200207
25741,LOF,0.016318807556339823,0.09834327537560107,0.8853379170680591
25742,LOF,0.1192681462657174,0.06858591083209731,0.8121459429021853
25743,LOF,0.039465479801552183,0.06153833546241205,0.8989961847360358
25744,Neutral,0.5952803263475371,0.26990936528520604,0.13481030836725677
25745,LOF,0.054629667055025824,0.08656683277963309,0.8588035001653411
25746,LOF,0.03828426917917223,0.1305512514802607,0.8311644793405671
25747,LOF,0.01906017435380261,0.14058905960474422,0.8403507660414531
25748,LOF,0.10972790574071334,0.21304362868289592,0.6772284655763906
25749,LOF,0.0221052509450254,0.10926230983255754,0.868632439222417
25750,LOF,0.05649431095315777,0.13519364111672544,0.8083120479301169
25751,LOF,0.1120322711840943,0.18212654821535038,0.7058411806005553
25752,GOF,0.10950820278961203,0.638526961386381,0.251964835824007
25753,LOF,0.03405935324853724,0.3474799375941219,0.618460709157341
25754,GOF,0.019987217267125587,0.7723292586819233,0.2076835240509512
25755,LOF,0.03401376128607857,0.3436209169020576,0.6223653218118639
25756,LOF,0.061506225838368817,0.4160649517393548,0.5224288224222763
25757,GOF,0.016855213186390713,0.8623058782080967,0.12083890860551251
25758,GOF,0.02255731784827647,0.7907045087530109,0.18673817339871268
25759,GOF,0.013086501692693538,0.6674848662481067,0.31942863205919986
25760,LOF,0.01658459196250104,0.40131371127429544,0.5821016967632034
25761,GOF,0.2886967805245585,0.6172152585218054,0.09408796095363617
25762,LOF,0.0498971842184387,0.3471280062931423,0.602974809488419
25763,LOF,0.01649064036968862,0.2700477317993152,0.7134616278309962
25764,GOF,0.05556131817591953,0.7155843646931797,0.2288543171309007
25765,GOF,0.032961627404703375,0.7854842549953145,0.1815541175999821
25766,GOF,0.08308293968010716,0.7166070669917981,0.20030999332809468
25767,LOF,0.16753281011477414,0.39969258916316164,0.4327746007220643
25768,LOF,0.11698427556047375,0.03688879403014451,0.8461269304093817
25769,LOF,0.05439774164936954,0.06315455066865042,0.88244770768198
25770,LOF,0.4267153309578448,0.12678520391758683,0.4464994651245683
25771,LOF,0.07241482152443864,0.05808381006198242,0.869501368413579
25772,LOF,0.01902368725119068,0.053659518027584334,0.927316794721225
25773,LOF,0.07064326152169245,0.06590535884380874,0.8634513796344987
25774,LOF,0.029966224344819384,0.1338602106582123,0.8361735649969684
25775,LOF,0.07745843918877153,0.048216450220200664,0.8743251105910278
25776,LOF,0.07240576763181687,0.0344614454206161,0.8931327869475669
25777,Neutral,0.5435676002536138,0.07236966393663924,0.384062735809747
25778,LOF,0.06859242390018881,0.05186191174997123,0.8795456643498399
25779,GOF,0.4318348813716783,0.5261631504797215,0.042001968148600154
25780,GOF,0.3312120944859736,0.5765271796394165,0.09226072587460978
25781,GOF,0.10776270083683324,0.7667466637123537,0.1254906354508131
25782,GOF,0.17258186684606644,0.7276268979214164,0.09979123523251716
25783,GOF,0.021827945148414536,0.6672481741512816,0.3109238807003039
25784,Neutral,0.5186534014682844,0.4293474472901387,0.05199915124157683
25785,Neutral,0.5020220127956287,0.43610232402299487,0.061875663181376356
25786,GOF,0.02914750764233414,0.7099144264505802,0.2609380659070856
25787,Neutral,0.6938215163733532,0.2638884745418959,0.04229000908475089
25788,LOF,0.06453756243031514,0.07731497438986361,0.8581474631798213
25789,GOF,0.21015833094313421,0.6321033385874948,0.157738330469371
25790,GOF,0.2346121018717462,0.6547034807723301,0.11068441735592376
25791,GOF,0.13041973413219804,0.6479953039033417,0.2215849619644603
25792,GOF,0.33339596562925994,0.49267339426413886,0.17393064010660114
25793,GOF,0.24770114750068517,0.4817321374493234,0.2705667150499914
25794,GOF,0.32201946087440203,0.4595845471883415,0.21839599193725642
25795,GOF,0.06199855125347845,0.644816061643786,0.2931853871027356
25796,Neutral,0.5192009677887385,0.385868036460187,0.09493099575107457
25797,GOF,0.08548111222622126,0.4754827777121495,0.43903611006162935
25798,GOF,0.009823828781444792,0.5135896902707044,0.4765864809478509
25799,LOF,0.00844774132640857,0.4360663584776004,0.555485900195991
25800,GOF,0.039349695577418756,0.5994504081782344,0.3611998962443468
25801,GOF,0.2564157520984581,0.6205812943921062,0.12300295350943578
25802,GOF,0.08109679386558878,0.608715101128942,0.3101881050054691
25803,GOF,0.048975305463738704,0.5100299282971329,0.44099476623912837
25804,LOF,0.04449561331613088,0.45061123333643877,0.5048931533474303
25805,GOF,0.10850637851949856,0.5427232819921115,0.3487703394883899
25806,GOF,0.14405981057881947,0.5514960746673317,0.3044441147538487
25807,GOF,0.021209216036057802,0.5849130390143529,0.39387774494958916
25808,GOF,0.1043465473969163,0.5392724176460059,0.3563810349570778
25809,GOF,0.02148212240563242,0.5757307165188382,0.4027871610755294
25810,GOF,0.022157107085370734,0.5638776380331564,0.4139652548814728
25811,Neutral,0.4940149332433339,0.4347099546065697,0.07127511215009646
25812,GOF,0.036917311948598625,0.5777423353499345,0.385340352701467
25813,Neutral,0.589442636872539,0.2767421690050056,0.13381519412245554
25814,GOF,0.13212784596789776,0.5975752702094878,0.2702968838226145
25815,GOF,0.26624850492367097,0.508383481236197,0.22536801384013205
25816,GOF,0.019571691467878093,0.649711274531796,0.3307170340003259
25817,GOF,0.1985640345278202,0.6489426829285897,0.15249328254359015
25818,GOF,0.034518626420871876,0.5580722932745577,0.4074090803045706
25819,GOF,0.3554364498302277,0.4486991657584383,0.19586438441133397
25820,GOF,0.18858429165501947,0.5573641935818752,0.2540515147631054
25821,GOF,0.055346818231043184,0.6321953083427483,0.3124578734262084
25822,GOF,0.23044142551306881,0.49581615130662,0.2737424231803112
25823,LOF,0.0386799464072013,0.462543865916221,0.49877618767657783
25824,GOF,0.07131772993644278,0.5050472481025081,0.4236350219610491
25825,GOF,0.030045593111444047,0.5117379192782769,0.4582164876102791
25826,LOF,0.010327011010322464,0.4917197515598899,0.49795323742978753
25827,GOF,0.01782599614485336,0.525571549798547,0.4566024540565996
25828,LOF,0.013410960702155368,0.45175120559626203,0.5348378337015827
25829,GOF,0.00732919508148325,0.5181415315709602,0.47452927334755646
25830,LOF,0.03862542539854254,0.2771355770165699,0.6842389975848876
25831,GOF,0.13555833249259513,0.6972892361688001,0.16715243133860472
25832,GOF,0.03384233001931879,0.6543049358953378,0.3118527340853435
25833,GOF,0.11161096555046181,0.651026369063599,0.23736266538593914
25834,GOF,0.04097578285151392,0.645060216281924,0.313964000866562
25835,GOF,0.09243821776078533,0.5927595085458268,0.31480227369338776
25836,GOF,0.051244683212966095,0.609656780913068,0.33909853587396593
25837,GOF,0.024845031045545942,0.5051914732592775,0.4699634956951766
25838,GOF,0.09070819181611603,0.6655495883861091,0.24374221979777488
25839,GOF,0.2923858804026658,0.4949928079489905,0.21262131164834372
25840,GOF,0.23596016533105535,0.532103629460778,0.23193620520816663
25841,GOF,0.2846905025350451,0.5109615630540242,0.20434793441093071
25842,GOF,0.18045058215627743,0.5739056257222375,0.24564379212148513
25843,GOF,0.2518557127282283,0.5773704119293905,0.17077387534238117
25844,GOF,0.06263463451875408,0.5997314037214221,0.33763396175982385
25845,LOF,0.013837582489584319,0.46315183322888903,0.5230105842815267
25846,GOF,0.09294549098849643,0.6817055845417436,0.22534892446976001
25847,GOF,0.11536270220469799,0.6912572547592777,0.1933800430360243
25848,GOF,0.037564279418378005,0.6237114479724841,0.3387242726091378
25849,GOF,0.011668170787295014,0.5246416325535775,0.46369019665912753
25850,GOF,0.026077656769090185,0.5752569662663558,0.39866537696455406
25851,LOF,0.021469334040779168,0.48896139211759865,0.4895692738416222
25852,GOF,0.13126294509111713,0.5439142960966089,0.324822758812274
25853,GOF,0.325157141373823,0.5809189678114457,0.09392389081473121
25854,GOF,0.020094998211525144,0.6870659468069048,0.29283905498157003
25855,GOF,0.04605019696827917,0.600943744481859,0.3530060585498618
25856,GOF,0.24032056388631298,0.5458338023404888,0.21384563377319826
25857,GOF,0.03806188737150822,0.528606224653487,0.4333318879750049
25858,GOF,0.0189374750599053,0.5875697240242053,0.39349280091588945
25859,GOF,0.010346074133617976,0.5750493896712826,0.41460453619509935
25860,GOF,0.3143876289030517,0.5672764291552507,0.1183359419416976
25861,GOF,0.34361689494929676,0.5719924944722282,0.08439061057847508
25862,GOF,0.06714638152914755,0.775832156469892,0.15702146200096034
25863,GOF,0.0736788506988577,0.7812060555987288,0.14511509370241357
25864,GOF,0.1432864932003067,0.765566160363991,0.09114734643570219
25865,GOF,0.06914317833131148,0.773675930964609,0.15718089070407965
25866,GOF,0.05831849674525934,0.8042381258059387,0.13744337744880214
25867,GOF,0.07716753301113444,0.7979664168833179,0.12486605010554765
25868,GOF,0.21173368914419913,0.6487689500111218,0.13949736084467906
25869,Neutral,0.6637113330455823,0.2799401273532506,0.05634853960116712
25870,LOF,0.2588579353471373,0.26243673188590333,0.47870533276695953
25871,GOF,0.22964799652891596,0.6106134745476589,0.15973852892342516
25872,GOF,0.0845709475775508,0.6092428605584915,0.30618619186395757
25873,GOF,0.15690479754754802,0.5802363600910644,0.26285884236138757
25874,LOF,0.022976138986326358,0.08004086853688078,0.8969829924767929
25875,LOF,0.0682820874824704,0.07492478705697275,0.8567931254605569
25876,LOF,0.02825073046625164,0.07205517823215117,0.8996940913015972
25877,Neutral,0.5257480870767615,0.07727004345318321,0.3969818694700553
25878,LOF,0.2341168550821391,0.13330182988487366,0.6325813150329872
25879,LOF,0.1274749006442239,0.15536247256972538,0.7171626267860507
25880,LOF,0.02236979545789359,0.027754096383055375,0.9498761081590511
25881,LOF,0.20173376712578403,0.2508045036741546,0.5474617292000614
25882,LOF,0.07329687614888358,0.02179401224181767,0.9049091116092988
25883,LOF,0.08596776290609189,0.049491229088074205,0.864541008005834
25884,LOF,0.04715326722371584,0.04948981612529943,0.9033569166509848
25885,LOF,0.05694613443991516,0.02925418115927055,0.9137996844008143
25886,LOF,0.36679107917094134,0.11619692209671655,0.517011998732342
25887,LOF,0.17348781609955138,0.17963561723513738,0.6468765666653112
25888,LOF,0.07476628364318276,0.12556006400611888,0.7996736523506983
25889,LOF,0.039760538762379664,0.05074959166447031,0.9094898695731501
25890,LOF,0.06695010188650563,0.13131105579860927,0.8017388423148851
25891,LOF,0.06961897524605275,0.056294626825129736,0.8740863979288176
25892,LOF,0.10034318244592658,0.029738281473034013,0.8699185360810395
25893,LOF,0.28993869155285845,0.016298277513218752,0.6937630309339229
25894,LOF,0.16928457130726265,0.008030627067906138,0.8226848016248312
25895,LOF,0.22444701751644497,0.020729572557836033,0.7548234099257191
25896,LOF,0.0471587168213265,0.021890596126865922,0.9309506870518075
25897,LOF,0.22509901948236913,0.016156333062592385,0.7587446474550384
25898,Neutral,0.749622691899848,0.012305849121466324,0.23807145897868567
25899,LOF,0.23647372239257491,0.041333391200036894,0.7221928864073882
25900,Neutral,0.5571148308793844,0.014845958195181266,0.4280392109254343
25901,LOF,0.05717991937161671,0.013737694334388168,0.9290823862939951
25902,LOF,0.1662597890858193,0.012123843680839106,0.8216163672333416
25903,Neutral,0.58962842178408,0.029759150129559687,0.38061242808636025
25904,LOF,0.24845044612149303,0.04151783564738652,0.7100317182311205
25905,LOF,0.02511181736014367,0.3915992397101501,0.5832889429297063
25906,LOF,0.022329255295558507,0.07440387787696842,0.9032668668274731
25907,LOF,0.010682100488762709,0.42266471463346256,0.5666531848777748
25908,LOF,0.011942706596027797,0.29368962611607247,0.6943676672878998
25909,LOF,0.015013890924629352,0.14385595641709983,0.8411301526582708
25910,LOF,0.028277817722082953,0.362086756524037,0.60963542575388
25911,LOF,0.0729252918505251,0.05303425239382663,0.8740404557556481
25912,LOF,0.03995675129387999,0.10909019787559646,0.8509530508305235
25913,LOF,0.24323632274731716,0.04815348361425597,0.7086101936384269
25914,LOF,0.02692121078891907,0.12269352828015756,0.8503852609309234
25915,Neutral,0.43358807268012145,0.20500042612662095,0.3614115011932575
25916,LOF,0.04956798562845148,0.27468076052489443,0.675751253846654
25917,LOF,0.05659036142684128,0.05474196444175354,0.8886676741314051
25918,LOF,0.03688428048333024,0.06699859416152742,0.8961171253551423
25919,LOF,0.031674116280372575,0.06906737794142623,0.8992585057782012
25920,GOF,0.12466503437590226,0.4915908914289515,0.3837440741951463
25921,LOF,0.03223894199113883,0.029779277159941542,0.9379817808489196
25922,LOF,0.0482172163433922,0.02009066167645294,0.9316921219801548
25923,LOF,0.401983806726656,0.0204002133849464,0.5776159798883975
25924,LOF,0.03637731215484243,0.026862139695107194,0.9367605481500503
25925,LOF,0.06863480047767881,0.03661330027620111,0.8947518992461201
25926,LOF,0.05003668045823274,0.019802159104732358,0.930161160437035
25927,LOF,0.06375312900620783,0.05284677247721683,0.8834000985165753
25928,LOF,0.024358225308869823,0.023447787047874015,0.9521939876432561
25929,Neutral,0.5515779169976128,0.023817764972652804,0.42460431802973425
25930,LOF,0.06571330181836825,0.015972185543333007,0.9183145126382988
25931,LOF,0.029505909467786074,0.017032296341911383,0.9534617941903026
25932,LOF,0.02751216535947195,0.01539220036228653,0.9570956342782415
25933,LOF,0.03622547628025607,0.009678405404281826,0.9540961183154621
25934,LOF,0.02435872784828171,0.012708177328511493,0.9629330948232069
25935,LOF,0.07218789330220343,0.029975197574470203,0.8978369091233265
25936,LOF,0.044004761261895134,0.01654512755740011,0.9394501111807048
25937,LOF,0.037968519078887736,0.025840844555579105,0.9361906363655331
25938,LOF,0.06735395429417197,0.038286276185786644,0.8943597695200415
25939,LOF,0.04231186415738587,0.010630681576922115,0.947057454265692
25940,LOF,0.02183622382540886,0.42165759677661885,0.5565061793979723
25941,LOF,0.13846652401849324,0.10549944442779532,0.7560340315537114
25942,LOF,0.012638816901903977,0.04517235674544134,0.9421888263526547
25943,LOF,0.324668565137975,0.09698580398627359,0.5783456308757515
25944,Neutral,0.5025533010230187,0.052187707478502966,0.44525899149847836
25945,LOF,0.0652693651880917,0.039294276763258626,0.8954363580486496
25946,LOF,0.034176998136758736,0.13682764013886872,0.8289953617243726
25947,LOF,0.13243519120347516,0.15101114097600746,0.7165536678205174
25948,LOF,0.39595420995873254,0.014003296947413943,0.5900424930938535
25949,LOF,0.08881087092464326,0.05214215733922951,0.8590469717361272
25950,GOF,0.21085700526695147,0.43928242576229753,0.34986056897075085
25951,LOF,0.2521098805038236,0.17991020336097602,0.5679799161352004
25952,LOF,0.05415691529861499,0.4177358036005001,0.5281072811008849
25953,LOF,0.13480301371189862,0.1078425917014674,0.7573543945866339
25954,LOF,0.31376798306103376,0.2331435050803906,0.4530885118585757
25955,LOF,0.0613619696066399,0.09307887453829138,0.8455591558550687
25956,LOF,0.2073989322814275,0.07192263666811019,0.7206784310504623
25957,LOF,0.04677837568213989,0.02616504470139995,0.9270565796164602
25958,LOF,0.057834600997369034,0.024269952243897438,0.9178954467587335
25959,LOF,0.09425272849005618,0.3565599711331999,0.5491873003767438
25960,LOF,0.025077412574267308,0.05035143738732575,0.924571150038407
25961,LOF,0.047460011610368495,0.03356966701865143,0.91897032137098
25962,LOF,0.07578285487894765,0.036064603288894,0.8881525418321584
25963,LOF,0.06488831488839966,0.1882138845314683,0.7468978005801321
25964,LOF,0.03485700656063861,0.1578523976742611,0.8072905957651003
25965,Neutral,0.4811444183947324,0.07098362657358903,0.44787195503167865
25966,LOF,0.35721463772654793,0.22981237842769553,0.4129729838457565
25967,LOF,0.018219138888579737,0.07201053527266181,0.9097703258387585
25968,LOF,0.04192905085579284,0.4213061755498866,0.5367647735943205
25969,LOF,0.027859326960904703,0.05819333697161892,0.9139473360674765
25970,LOF,0.06609616057030264,0.05488431180917064,0.8790195276205266
25971,LOF,0.08202808015754041,0.031200226043770523,0.886771693798689
25972,LOF,0.0791082096501753,0.0342007587804819,0.8866910315693428
25973,LOF,0.09627434570833718,0.010736510627101377,0.8929891436645615
25974,LOF,0.31913503809525884,0.019908541437877934,0.6609564204668632
25975,LOF,0.05854267109347496,0.0349703961780192,0.9064869327285059
25976,LOF,0.04466460877030042,0.025781316932242948,0.9295540742974567
25977,LOF,0.12903818014262367,0.13588001991807044,0.7350817999393059
25978,LOF,0.1230092403283801,0.1062174169359374,0.7707733427356825
25979,LOF,0.12483289618976774,0.09505475152086419,0.7801123522893679
25980,LOF,0.14279224756989017,0.1859570771139559,0.671250675316154
25981,LOF,0.17602251141621314,0.17840368126632877,0.6455738073174581
25982,LOF,0.3690855217189868,0.11231779140249767,0.5185966868785156
25983,LOF,0.36152920722367704,0.1017986965140206,0.5366720962623024
25984,LOF,0.045410533312700764,0.12709540649365308,0.827494060193646
25985,LOF,0.02063641864811439,0.3356151826616367,0.6437483986902489
25986,LOF,0.02402364230971132,0.3464127109344018,0.6295636467558868
25987,LOF,0.07938838468665078,0.137425731227888,0.7831858840854612
25988,LOF,0.11240524262424273,0.10553995083783421,0.782054806537923
25989,LOF,0.02478285762461389,0.19003329610677977,0.7851838462686064
25990,LOF,0.032799661087830154,0.18340769034660762,0.7837926485655623
25991,LOF,0.1551346145066905,0.39634365869009985,0.4485217268032097
25992,LOF,0.3149876329405685,0.2883078106717262,0.39670455638770535
25993,LOF,0.02643358282358747,0.08903404476715937,0.8845323724092531
25994,LOF,0.017626460820280073,0.11694383800401528,0.8654297011757047
25995,LOF,0.0306609123378814,0.12934000462351955,0.8399990830385992
25996,GOF,0.21669897716375217,0.5175146866286335,0.26578633620761427
25997,GOF,0.08081805358647358,0.4900452071774715,0.4291367392360548
25998,Neutral,0.6562354797661605,0.030490925232079965,0.3132735950017596
25999,LOF,0.16437401762972906,0.08291174810513904,0.752714234265132
26000,LOF,0.103576494866075,0.029501965376287586,0.8669215397576374
26001,LOF,0.18803385297129696,0.03490376128767358,0.7770623857410295
26002,LOF,0.1388140950137894,0.03646959309847511,0.8247163118877354
26003,GOF,0.010307250981906933,0.6941346192014619,0.2955581298166312
26004,GOF,0.022795679686346174,0.6904564643402511,0.28674785597340274
26005,GOF,0.011651188908821938,0.5450889423721254,0.4432598687190527
26006,Neutral,0.49492723682234757,0.284963401542225,0.22010936163542758
26007,GOF,0.01674746658997546,0.6153474048870299,0.3679051285229946
26008,GOF,0.01914738242330161,0.6000753852361624,0.38077723234053595
26009,GOF,0.033134650440290465,0.6778169684520515,0.28904838110765796
26010,GOF,0.021473812556013765,0.7293684751160174,0.24915771232796882
26011,GOF,0.009789684089540705,0.5420629736740027,0.4481473422364565
26012,GOF,0.017195371713526048,0.5901002100813484,0.3927044182051257
26013,GOF,0.013932966275628596,0.7372016079518684,0.24886542577250298
26014,LOF,0.04904872357639138,0.16652020396876435,0.7844310724548443
26015,LOF,0.17335189153191832,0.010797532108737528,0.8158505763593441
26016,LOF,0.26723111158553087,0.05245383440045958,0.6803150540140096
26017,LOF,0.17238587854540316,0.10420284437107052,0.7234112770835264
26018,LOF,0.09044385753288414,0.038643278949848085,0.8709128635172677
26019,LOF,0.09120988799650133,0.025384365247785416,0.8834057467557132
26020,LOF,0.05939709403289805,0.10747039082851681,0.8331325151385851
26021,LOF,0.06248625167667495,0.13795733098410343,0.7995564173392217
26022,LOF,0.010319717962662091,0.07682773337336578,0.9128525486639723
26023,LOF,0.11628625830572177,0.02375254935778961,0.8599611923364886
26024,LOF,0.03019436182233796,0.12343159442163512,0.8463740437560269
26025,LOF,0.1487014572360482,0.07281173388736642,0.7784868088765854
26026,LOF,0.3468448748681801,0.012885624592474635,0.6402695005393453
26027,LOF,0.08728108035469051,0.016553484692520652,0.8961654349527888
26028,LOF,0.17727010534432214,0.0988489364335995,0.7238809582220783
26029,LOF,0.11143771557035957,0.15244130465624509,0.7361209797733953
26030,LOF,0.03262171237356244,0.06177943334055038,0.9055988542858873
26031,LOF,0.04335728062079196,0.12766773268500733,0.8289749866942007
26032,LOF,0.08248859638343951,0.04866242114354125,0.8688489824730192
26033,LOF,0.12910651741766938,0.05372554760252875,0.8171679349798019
26034,LOF,0.06472012503939192,0.12575213062696794,0.8095277443336402
26035,LOF,0.04681948745542212,0.10605263864182253,0.8471278739027555
26036,LOF,0.06236733188402191,0.12694857849104366,0.8106840896249344
26037,LOF,0.0364132244267366,0.09874517934723903,0.8648415962260243
26038,LOF,0.07787852727737686,0.04391833674174546,0.8782031359808776
26039,LOF,0.09300555145180199,0.11111641189026131,0.7958780366579368
26040,LOF,0.2311973574788839,0.09369046036721952,0.6751121821538966
26041,LOF,0.03669778267818097,0.09110442545067954,0.8721977918711393
26042,LOF,0.036214360492765094,0.0916641809882388,0.8721214585189961
26043,LOF,0.07679912911834495,0.05882219658543259,0.8643786742962225
26044,LOF,0.0329518822692014,0.06772023556529272,0.8993278821655057
26045,LOF,0.11565811953985032,0.0755692571316753,0.8087726233284743
26046,LOF,0.08241268588425729,0.06297823294443472,0.854609081171308
26047,LOF,0.1172842406371021,0.07414854186766388,0.808567217495234
26048,LOF,0.05460002571422827,0.05177835260993059,0.8936216216758412
26049,Neutral,0.9457636128422989,0.009797296929899613,0.044439090227801584
26050,Neutral,0.9255170672351654,0.011320104874603583,0.0631628278902309
26051,LOF,0.060048888761154794,0.4396116884586097,0.5003394227802355
26052,GOF,0.06039435715621252,0.4929841800539246,0.446621462789863
26053,LOF,0.05457721064786244,0.35104824168385074,0.5943745476682868
26054,LOF,0.05486546476904536,0.06603517394493202,0.8790993612860227
26055,LOF,0.07596642340986724,0.050144745304981704,0.8738888312851512
26056,LOF,0.065302454469256,0.05896950147311747,0.8757280440576266
26057,LOF,0.03092974657390956,0.02709646520842466,0.9419737882176659
26058,LOF,0.031395931144669945,0.023971561844936002,0.9446325070103941
26059,LOF,0.3516824932714363,0.07491109016695935,0.5734064165616044
26060,LOF,0.031086721448857272,0.33069828050490285,0.6382149980462398
26061,LOF,0.016912916596988643,0.03505521107500519,0.9480318723280062
26062,LOF,0.013124390493975655,0.04686782402441217,0.9400077854816121
26063,LOF,0.02267408376358906,0.02475203195465726,0.9525738842817538
26064,LOF,0.02277444609004045,0.02879086747163536,0.9484346864383242
26065,LOF,0.026390268663648398,0.026628927386265197,0.9469808039500863
26066,LOF,0.02076503790358379,0.02710997487008395,0.9521249872263323
26067,LOF,0.0240294778348251,0.022271829849788143,0.9536986923153868
26068,LOF,0.05370005378467389,0.06891279345632893,0.8773871527589971
26069,LOF,0.41054648797891446,0.045436871010898605,0.544016641010187
26070,Neutral,0.6444664036788448,0.02493436028769433,0.33059923603346075
26071,LOF,0.023300294244664455,0.029025798631314523,0.947673907124021
26072,LOF,0.026552755361460893,0.05029894057060833,0.9231483040679307
26073,LOF,0.025037529105162114,0.02286023226026522,0.9521022386345727
26074,Neutral,0.8668718703143917,0.010244618614510176,0.12288351107109796
26075,LOF,0.044353808126666575,0.03746576037777894,0.9181804314955546
26076,LOF,0.044669781357358905,0.01942929330348699,0.9359009253391541
26077,LOF,0.010527744296800064,0.05254807317999645,0.9369241825232034
26078,LOF,0.014156872962090181,0.03143400544010955,0.9544091215978001
26079,LOF,0.054458619460515556,0.038106616503628385,0.907434764035856
26080,LOF,0.054458619460515556,0.038106616503628385,0.907434764035856
26081,LOF,0.033474999379176945,0.01647269358546469,0.9500523070353584
26082,LOF,0.021776991571908478,0.03910141042072672,0.9391215980073648
26083,LOF,0.13751071681954433,0.027239600767051633,0.835249682413404
26084,LOF,0.027526232510674587,0.031874785507193935,0.9405989819821315
26085,LOF,0.024079136386853967,0.02922899886199501,0.9466918647511511
26086,LOF,0.02323131291343666,0.02896792615940311,0.9478007609271603
26087,LOF,0.02417917292683043,0.021858101960695236,0.9539627251124744
26088,LOF,0.024585684912985056,0.05045213080089211,0.9249621842861229
26089,LOF,0.047836234004469735,0.04682994347365676,0.9053338225218734
26090,LOF,0.04549651860933973,0.03861198195618021,0.9158914994344801
26091,LOF,0.035698854156781465,0.01451944716726024,0.9497816986759583
26092,LOF,0.027931744877848202,0.020724806696059764,0.9513434484260921
26093,LOF,0.039013465551255275,0.014181574469873124,0.9468049599788717
26094,LOF,0.04460545977663607,0.012705290352556782,0.9426892498708073
26095,LOF,0.040613005698110646,0.0341010634989651,0.9252859308029242
26096,LOF,0.01820022010122302,0.02915774032513009,0.952642039573647
26097,LOF,0.011536084243150368,0.09575591700997499,0.8927079987468748
26098,LOF,0.05942960199911244,0.040966895195784614,0.8996035028051029
26099,LOF,0.02512256112146409,0.03584070597646702,0.9390367329020689
26100,LOF,0.02624527393449578,0.03440829909449701,0.9393464269710072
26101,LOF,0.06099536511175449,0.028082582672337233,0.9109220522159083
26102,LOF,0.026281067301960104,0.02768419673253235,0.9460347359655076
26103,Neutral,0.8795064235426034,0.04616065623329228,0.07433292022410429
26104,LOF,0.05133670481250601,0.0761834315774721,0.8724798636100219
26105,LOF,0.2145133271449778,0.23473851734009862,0.5507481555149236
26106,LOF,0.13685500317249477,0.15392263511071672,0.7092223617167885
26107,LOF,0.21791571150727246,0.13698654698561147,0.6450977415071161
26108,LOF,0.19881704038193201,0.17372906085698298,0.627453898761085
26109,LOF,0.05456973156385945,0.15686513524945261,0.788565133186688
26110,LOF,0.2948903360126229,0.01785956807819167,0.6872500959091855
26111,Neutral,0.4855952718182972,0.03668500466411643,0.4777197235175865
26112,LOF,0.03609225834794998,0.01967741844172415,0.944230323210326
26113,LOF,0.0637585076506577,0.037793429091857796,0.8984480632574846
26114,LOF,0.022348660067347887,0.026094487506635698,0.9515568524260164
26115,LOF,0.09657867613890506,0.04073503929136807,0.8626862845697268
26116,LOF,0.053144579588598535,0.057599278577149644,0.8892561418342518
26117,LOF,0.3141184306203945,0.07367950085942852,0.612202068520177
26118,LOF,0.04207837762052063,0.04422521212136708,0.9136964102581122
26119,LOF,0.022661970889007576,0.05508101375211337,0.922257015358879
26120,LOF,0.02953027076834688,0.030685637219497974,0.9397840920121552
26121,LOF,0.05720671442248437,0.10024486973826045,0.8425484158392552
26122,LOF,0.060714565638080024,0.043589132625952216,0.8956963017359677
