feature0,prediction,LoGoFunc_Neutral,LoGoFunc_GOF,LoGoFunc_LOF
25546,Neutral,0.6274017695332386,0.05246725894952072,0.32013097151724074
25547,Neutral,0.5314937175136168,0.08079125778853696,0.38771502469784613
25548,Neutral,0.5405332180202453,0.07719457569672258,0.3822722062830321
25549,Neutral,0.4962827089181823,0.07259798764618185,0.431119303435636
25550,LOF,0.3862977303766507,0.09954891821142424,0.5141533514119251
25551,LOF,0.3463440757639204,0.10598678780323374,0.5476691364328458
25552,LOF,0.3093055854953588,0.11280416978263368,0.5778902447220075
25553,Neutral,0.7897803122177326,0.049658688813649474,0.16056099896861792
25554,LOF,0.3384496153226282,0.10185405921350622,0.5596963254638656
25555,LOF,0.29528704809944517,0.1046580971049492,0.6000548547956056
25556,Neutral,0.45813702459123573,0.09690706144174777,0.4449559139670165
25557,LOF,0.2883983198622244,0.09937589941228844,0.6122257807254872
25558,LOF,0.3483975497245225,0.09532367644883079,0.5562787738266467
25559,LOF,0.30385923186824554,0.05561088483409711,0.6405298832976574
25560,LOF,0.09178284479069815,0.17570973877063123,0.7325074164386706
25561,LOF,0.1000751773560634,0.2484443960114466,0.6514804266324901
25562,LOF,0.029684619589253326,0.11827513879570785,0.8520402416150389
25563,LOF,0.006764884479836018,0.1951869723957972,0.7980481431243668
25564,LOF,0.06684995695721749,0.13666469350222538,0.796485349540557
25565,LOF,0.16677787774319738,0.15272134944052015,0.6805007728162825
25566,GOF,0.0638133715611386,0.7425389963900371,0.1936476320488245
25567,LOF,0.044904188106314066,0.17170813389993297,0.783387677993753
25568,LOF,0.06494575566049053,0.0887045604976672,0.8463496838418423
25569,LOF,0.06378881074184405,0.08504781621327231,0.8511633730448837
25570,LOF,0.028112096946394896,0.12940529197007106,0.842482611083534
25571,LOF,0.027480549388691062,0.13141724355254233,0.8411022070587667
25572,LOF,0.053881189251445485,0.1970893411625438,0.7490294695860107
25573,LOF,0.06879456072676605,0.11099114494823548,0.8202142943249985
25574,LOF,0.07643563911949981,0.25282442766403856,0.6707399332164616
25575,LOF,0.02582879367521336,0.15298002069819286,0.8211911856265938
25576,LOF,0.02428433916682315,0.22027726638359096,0.7554383944495859
25577,LOF,0.027669070211473353,0.18144268728849644,0.7908882425000302
25578,LOF,0.3030235614174315,0.08712438967618744,0.609852048906381
25579,LOF,0.2196305722609991,0.08742982016769288,0.692939607571308
25580,LOF,0.02420617609871742,0.08815536819608598,0.8876384557051966
25581,LOF,0.04998846320548361,0.0993655237956974,0.8506460129988189
25582,LOF,0.04943159544845147,0.09648460351573121,0.8540838010358174
25583,LOF,0.032690123828668795,0.10132801514928207,0.8659818610220491
25584,Neutral,0.7084689841880583,0.1335914727681565,0.15793954304378538
25585,LOF,0.025201371776286913,0.19301632558256726,0.7817823026411458
25586,LOF,0.021750335885580035,0.11819547018124262,0.8600541939331774
25587,LOF,0.02143634309516685,0.10323197570739091,0.8753316811974423
25588,LOF,0.02618694881059873,0.0855250514916292,0.8882879996977721
25589,Neutral,0.5391513377003052,0.24423195054728744,0.2166167117524073
25590,LOF,0.05140823990665099,0.14273844804808813,0.8058533120452609
25591,LOF,0.11049270502875354,0.0873132508128467,0.8021940441583998
25592,LOF,0.07650209925727729,0.16420089251560405,0.7592970082271187
25593,LOF,0.11269390300223453,0.3330875379984722,0.5542185589992933
25594,LOF,0.058790743805383065,0.03007886622313945,0.9111303899714774
25595,LOF,0.06222699813526437,0.020338357963021914,0.9174346439017137
25596,LOF,0.10945173806967975,0.013857703537977483,0.8766905583923428
25597,LOF,0.08512831107185118,0.014786458056284854,0.9000852308718639
25598,LOF,0.055049346578040614,0.021709634952460446,0.923241018469499
25599,LOF,0.027126764004885697,0.3745522476426483,0.598320988352466
25600,LOF,0.18012383951371244,0.3614022546201095,0.4584739058661781
25601,LOF,0.05249658219506876,0.27160465076349694,0.6758987670414344
25602,LOF,0.028598271368189727,0.07597256349314303,0.8954291651386673
25603,LOF,0.04674332979034038,0.06497498083801886,0.8882816893716408
25604,LOF,0.04678269244674008,0.12060040016008831,0.8326169073931716
25605,LOF,0.042741233672086223,0.181885851655097,0.7753729146728168
25606,LOF,0.3728710558164307,0.2344250961757049,0.3927038480078644
25607,LOF,0.028972165028022277,0.2728674965441938,0.698160338427784
25608,LOF,0.042683684912830894,0.09171714706545585,0.8655991680217132
25609,GOF,0.16416653469094844,0.5655030801473918,0.27033038516165986
25610,LOF,0.01907487000118044,0.06215214778316506,0.9187729822156545
25611,LOF,0.014331737020401296,0.06690044740223372,0.918767815577365
25612,LOF,0.0539615720755412,0.07530556468148131,0.8707328632429775
25613,LOF,0.049103572882590256,0.07037359119625756,0.8805228359211522
25614,LOF,0.023555857504043758,0.061602234742792056,0.9148419077531642
25615,LOF,0.044660492053693636,0.066910191275845,0.8884293166704613
25616,LOF,0.06408404238997535,0.06907834946249015,0.8668376081475344
25617,LOF,0.04914734957885427,0.0727426796512039,0.8781099707699418
25618,LOF,0.04883370869997509,0.10394849676989618,0.8472177945301287
25619,LOF,0.014624820127802763,0.08265737854389996,0.9027178013282973
25620,LOF,0.053320721095887126,0.07673981461058905,0.8699394642935239
25621,LOF,0.06379670462468316,0.06228645478382546,0.8739168405914913
25622,LOF,0.07331982210796573,0.07770800455447527,0.8489721733375589
25623,LOF,0.06478886520501877,0.07228652151379504,0.8629246132811862
25624,LOF,0.022277721268204865,0.06687126315646781,0.9108510155753273
25625,LOF,0.06224651221996008,0.07955675196797535,0.8581967358120646
25626,LOF,0.051481345825486184,0.06579836790070596,0.8827202862738078
25627,Neutral,0.8722498605063416,0.024521117217706303,0.10322902227595195
25628,LOF,0.17859111413519663,0.07324991331506539,0.748158972549738
25629,LOF,0.06694146833349854,0.0664467576821417,0.8666117739843597
25630,LOF,0.2874757132681294,0.0733022594113348,0.6392220273205358
25631,Neutral,0.5427136489508363,0.05129376605325107,0.4059925849959126
25632,LOF,0.028043076416142267,0.16634041471086117,0.8056165088729966
25633,LOF,0.23225067217387302,0.10007162431518819,0.6676777035109387
25634,LOF,0.042155225892408145,0.15569305854301854,0.8021517155645733
25635,LOF,0.038206855608170685,0.0779900781820983,0.8838030662097309
25636,GOF,0.0327257309753636,0.5496553749166618,0.4176188941079745
25637,GOF,0.04054846634711076,0.5258922816354393,0.4335592520174498
25638,LOF,0.029138883947823074,0.46388904009063897,0.5069720759615379
25639,LOF,0.033126907736997564,0.4428558158912063,0.5240172763717961
25640,Neutral,0.8330291202095369,0.10982731499524144,0.05714356479522168
25641,LOF,0.13104256905663925,0.33467110174996406,0.5342863291933967
25642,LOF,0.0968640473059175,0.167872213501904,0.7352637391921786
25643,LOF,0.28807839586724276,0.08897760288634314,0.622944001246414
25644,GOF,0.010954693628974351,0.5663923263414645,0.42265298002956114
25645,GOF,0.012620726273318556,0.5500853229848963,0.4372939507417852
25646,LOF,0.021679605822987818,0.35115892726642917,0.627161466910583
25647,LOF,0.010815380010698913,0.2702453273891723,0.7189392926001289
25648,LOF,0.014137407788047585,0.3304059801632075,0.6554566120487448
25649,LOF,0.00913492963786127,0.24903759412297813,0.7418274762391606
25650,GOF,0.03017786817158693,0.5311024305189918,0.4387197013094213
25651,LOF,0.01077196605618926,0.34355747571159617,0.6456705582322145
25652,LOF,0.011300819244866738,0.387016906673576,0.6016822740815573
25653,GOF,0.041304332430791194,0.5351950076538932,0.42350065991531577
25654,LOF,0.012493692508960047,0.24590211000734288,0.741604197483697
25655,GOF,0.12102075577298842,0.5373067563120256,0.341672487914986
25656,LOF,0.27440281043521514,0.07407332838745574,0.6515238611773291
25657,LOF,0.035868162262531006,0.08177428069351236,0.8823575570439566
25658,LOF,0.2751120999929727,0.11129563590997986,0.6135922640970474
25659,Neutral,0.4472096040009935,0.13013582332194945,0.4226545726770571
25660,LOF,0.022447760686024776,0.11028464778861269,0.8672675915253624
25661,LOF,0.07062056833543737,0.07025119148391526,0.8591282401806473
25662,LOF,0.026150233114928464,0.04008433753082774,0.9337654293542437
25663,LOF,0.028463394240206972,0.03746161776024507,0.934074987999548
25664,LOF,0.09719833802319915,0.06294674683598564,0.8398549151408151
25665,LOF,0.06139654567120105,0.030475057378351027,0.9081283969504479
25666,LOF,0.06998111153322271,0.05319695517980857,0.8768219332869687
25667,LOF,0.06505945895458784,0.04555885952597267,0.8893816815194394
25668,LOF,0.027432005506727208,0.05956685102279085,0.9130011434704819
25669,LOF,0.021113445508798963,0.0540001843802052,0.9248863701109957
25670,LOF,0.1293945128182935,0.04772074582665728,0.8228847413550493
25671,LOF,0.09086792289482869,0.038855477340338285,0.870276599764833
25672,LOF,0.05092464968872987,0.04797301555964806,0.9011023347516222
25673,LOF,0.08476500475657155,0.04491447379987063,0.8703205214435578
25674,LOF,0.08733615738920195,0.05678104878465264,0.8558827938261455
25675,LOF,0.07667586614189757,0.07317564505748235,0.8501484888006201
25676,LOF,0.016660185477059643,0.06447185421035587,0.9188679603125844
25677,LOF,0.01574766724406961,0.08913059176921036,0.8951217409867201
25678,LOF,0.16408112886537735,0.10875973847925795,0.7271591326553648
25679,LOF,0.10694001088984108,0.09990274484280746,0.7931572442673516
25680,LOF,0.02414188462385812,0.13110923284554976,0.8447488825305921
25681,LOF,0.040245341371212856,0.11724766062793368,0.8425069980008534
25682,LOF,0.10306696754892908,0.07997989010695301,0.8169531423441179
25683,LOF,0.0900423790341286,0.0866496661265398,0.8233079548393315
25684,LOF,0.02626611855166829,0.06581312411611995,0.9079207573322119
25685,LOF,0.12347453038320134,0.09765090841674752,0.778874561200051
25686,LOF,0.09176873855925186,0.12904831045100223,0.7791829509897459
25687,LOF,0.11492456220521943,0.11948709164655717,0.7655883461482235
25688,LOF,0.40261566734751536,0.03969719919049596,0.5576871334619887
25689,LOF,0.27625957898871895,0.04557727964596625,0.6781631413653147
25690,LOF,0.33478499115431243,0.03202496701145485,0.6331900418342328
25691,Neutral,0.6855146191864321,0.029649108086281555,0.2848362727272863
25692,LOF,0.37807604206005935,0.010147725630216441,0.6117762323097242
25693,LOF,0.0416505376791076,0.47765885420962123,0.48069060811127107
25694,LOF,0.1040400292269213,0.01562331692964473,0.880336653843434
25695,LOF,0.10870015458309748,0.007399656883582021,0.8839001885333204
25696,LOF,0.13990848513875284,0.009357498039625487,0.8507340168216216
25697,LOF,0.055818371382710646,0.07570238510694034,0.8684792435103489
25698,LOF,0.2416000920028073,0.23262915124327946,0.5257707567539133
25699,LOF,0.469080939309907,0.024768019558200613,0.5061510411318924
25700,LOF,0.06427456271762673,0.008496727179103401,0.9272287101032699
25701,LOF,0.1637596543907957,0.034218355606395155,0.8020219900028092
25702,GOF,0.18500945387154263,0.6433530887580252,0.17163745737043207
25703,LOF,0.018275792015780567,0.16499774020078373,0.8167264677834358
25704,LOF,0.03337737439404484,0.1449714420822381,0.821651183523717
25705,LOF,0.03869224487977603,0.07401921352848823,0.8872885415917358
25706,GOF,0.10440283897548251,0.4553703710395574,0.4402267899849601
25707,LOF,0.08478380722038863,0.3853899580194695,0.5298262347601419
25708,LOF,0.03973432728339557,0.3507828240122163,0.6094828487043882
25709,LOF,0.07908687668782231,0.03245136696411498,0.8884617563480627
25710,LOF,0.016438515590338633,0.12675444997473087,0.8568070344349306
25711,LOF,0.020177410292968774,0.07482269146754654,0.9049998982394848
25712,LOF,0.017938436560736203,0.1665176509868406,0.8155439124524231
25713,LOF,0.018201844884621187,0.06367375929657217,0.9181243958188068
25714,LOF,0.08055145100372116,0.05032802769049665,0.8691205213057823
25715,LOF,0.011338807709938538,0.10211044439384225,0.8865507478962192
25716,LOF,0.012104712381982833,0.09352257982561876,0.8943727077923984
25717,LOF,0.016027616591410745,0.05429432347979001,0.9296780599287993
25718,LOF,0.011842751563807522,0.042594124319059797,0.9455631241171327
25719,LOF,0.02348154979737093,0.05474249970815252,0.9217759504944765
25720,LOF,0.02667414146776123,0.04250946120496548,0.9308163973272733
25721,LOF,0.011478326133761488,0.054870120225538145,0.9336515536407004
25722,LOF,0.013312362655943908,0.04682711531727627,0.9398605220267798
25723,LOF,0.024594748120430603,0.03361118004696149,0.9417940718326079
25724,LOF,0.033032372732325975,0.062386813125601084,0.904580814142073
25725,LOF,0.011897391932834572,0.05436199102129873,0.9337406170458667
25726,LOF,0.016457599631247738,0.07239665539843698,0.9111457449703153
25727,LOF,0.013603441102462395,0.04792507434664682,0.9384714845508907
25728,LOF,0.010786084989191046,0.06184160922339491,0.9273723057874141
25729,LOF,0.010941877794296645,0.06222093341713665,0.9268371887885666
25730,LOF,0.014115477007850302,0.06039085290054377,0.925493670091606
25731,LOF,0.02040161355934072,0.07503974899916357,0.9045586374414958
25732,LOF,0.013070861874727287,0.04017429119748251,0.9467548469277902
25733,LOF,0.015836251251979624,0.04862064745647859,0.9355431012915418
25734,LOF,0.01223813263170221,0.1131496230151282,0.8746122443531696
25735,LOF,0.011683002385945392,0.04936013933527933,0.9389568582787753
25736,LOF,0.012866837867557086,0.05205812042327251,0.9350750417091704
25737,LOF,0.01207910431168848,0.0932563793022296,0.894664516386082
25738,LOF,0.012203512366588901,0.09482895500384768,0.8929675326295633
25739,LOF,0.020669535828110045,0.0659956137557253,0.9133348504161648
25740,LOF,0.032479540930878376,0.09866137406941719,0.8688590849997044
25741,LOF,0.015268080236854808,0.09063030113203713,0.8941016186311079
25742,LOF,0.11862607029727935,0.0692335456900919,0.8121403840126288
25743,LOF,0.04292394423819504,0.06723083053601092,0.889845225225794
25744,Neutral,0.6150491106242095,0.27237249469962893,0.11257839467616168
25745,LOF,0.06285623158635864,0.10481911506885748,0.8323246533447839
25746,LOF,0.0499311427141686,0.12413635765184251,0.8259324996339888
25747,LOF,0.018034270256267127,0.14749563915062489,0.834470090593108
25748,LOF,0.11427038594308808,0.23733610919511272,0.6483935048617993
25749,LOF,0.026711314084047297,0.1220643958275935,0.8512242900883593
25750,LOF,0.06495521529657919,0.14546789660009593,0.7895768881033249
25751,LOF,0.10552242017479854,0.1872252342215308,0.7072523456036707
25752,GOF,0.11302693000095411,0.6686196647334931,0.21835340526555272
25753,LOF,0.032682436993109465,0.379400003832018,0.5879175591748725
25754,GOF,0.01903920755250592,0.8042898180866528,0.1766709743608414
25755,LOF,0.03229042543213291,0.3605682005635532,0.6071413740043139
25756,LOF,0.06644888068478796,0.441116911768608,0.4924342075466041
25757,GOF,0.01643080092453819,0.8755025711020371,0.10806662797342464
25758,GOF,0.02621254572500006,0.7953640473945837,0.1784234068804163
25759,GOF,0.012086679857813113,0.6890095748724727,0.2989037452697141
25760,LOF,0.02092084870340404,0.3942747515926321,0.584804399703964
25761,GOF,0.24419754807608807,0.6674666884894076,0.08833576343450429
25762,LOF,0.05206290798051876,0.33888161193994165,0.6090554800795397
25763,LOF,0.01771342036819561,0.2677942991020892,0.7144922805297151
25764,GOF,0.06815953390508082,0.701536765475413,0.23030370061950625
25765,GOF,0.034526669629653034,0.7671411307381736,0.1983321996321735
25766,GOF,0.088801546309501,0.7400346941659176,0.17116375952458157
25767,LOF,0.16066351160463227,0.3866810987556053,0.4526553896397625
25768,LOF,0.11714530717997779,0.04157694931569332,0.8412777435043288
25769,LOF,0.054684522789368195,0.05933186806983889,0.8859836091407928
25770,LOF,0.40560691656536535,0.10593195958256318,0.4884611238520714
25771,LOF,0.06685307516125209,0.047907787650770826,0.8852391371879772
25772,LOF,0.01847568039651212,0.04735724673273184,0.9341670728707561
25773,LOF,0.06746218836549477,0.054970136990541166,0.8775676746439641
25774,LOF,0.029203338517830444,0.12698248080339783,0.8438141806787717
25775,LOF,0.06969004723543128,0.053173020500847025,0.8771369322637217
25776,LOF,0.07459611624740131,0.03197824911062476,0.893425634641974
25777,Neutral,0.527640133560521,0.0888383573327263,0.3835215091067526
25778,LOF,0.0704625475421301,0.04718447828533618,0.8823529741725338
25779,GOF,0.4399770262321956,0.5053377140778305,0.05468525968997402
25780,GOF,0.36951439805845754,0.5236151732119132,0.10687042872962935
25781,GOF,0.10947826499613211,0.7470290199726105,0.1434927150312575
25782,GOF,0.17644746085160376,0.7048945068905037,0.11865803225789263
25783,GOF,0.024965327032204665,0.6366219236977411,0.3384127492700543
25784,Neutral,0.5574950354293656,0.3840041376888132,0.05850082688182111
25785,Neutral,0.5346972921035198,0.38665131869336405,0.07865138920311614
25786,GOF,0.0318743194782068,0.632769064892168,0.33535661562962515
25787,Neutral,0.7152750511769913,0.23886360621390282,0.045861342609105966
25788,LOF,0.05899221162348466,0.06551936674774571,0.8754884216287697
25789,GOF,0.21714705953032265,0.6042947383980544,0.178558202071623
25790,GOF,0.27085154489008406,0.6009545451355003,0.12819390997441577
25791,GOF,0.13130158694347507,0.6141171565995441,0.2545812564569809
25792,GOF,0.3499970695398751,0.4594565009541258,0.19054642950599904
25793,GOF,0.27837101383402524,0.43339257051503716,0.2882364156509377
25794,GOF,0.3479992514518662,0.4054836890926329,0.24651705945550093
25795,GOF,0.06299592223908032,0.6365588029849196,0.3004452747760001
25796,Neutral,0.5312347687620619,0.36745642219441493,0.1013088090435231
25797,GOF,0.07844925036834914,0.48064463925237766,0.44090611037927324
25798,LOF,0.011971459750310234,0.45184947204301545,0.5361790682066744
25799,LOF,0.009232029719998636,0.39684588907011287,0.5939220812098885
25800,GOF,0.042737345796377696,0.5453669230007365,0.41189573120288575
25801,GOF,0.2770584770269692,0.5649723027792053,0.1579692201938255
25802,GOF,0.08478637756516107,0.5512844636405762,0.36392915879426274
25803,LOF,0.04782779938228673,0.45721449466939845,0.4949577059483149
25804,LOF,0.04017292661000658,0.38254085208669725,0.5772862213032963
25805,GOF,0.11312770742228245,0.4536540741134073,0.43321821846431036
25806,GOF,0.15008625817409726,0.47419908030732355,0.3757146615185793
25807,GOF,0.019146748737303796,0.5183979800587122,0.4624552712039841
25808,LOF,0.10001750259748934,0.4490033852006335,0.45097911220187714
25809,GOF,0.022352677188544876,0.5097811036322518,0.4678662191792032
25810,GOF,0.022906804325322237,0.5005906556243075,0.4765025400503703
25811,Neutral,0.5206178084068155,0.38901382517345656,0.09036836641972794
25812,GOF,0.04102825015036388,0.5431773380458018,0.41579441180383425
25813,Neutral,0.5873128702925599,0.26817948255872776,0.1445076471487124
25814,GOF,0.12624408968735154,0.5655310089749185,0.30822490133772995
25815,GOF,0.2659961759959277,0.48733283598369587,0.24667098802037646
25816,GOF,0.01883689250674044,0.6276451305955261,0.35351797689773357
25817,GOF,0.2045800669620492,0.6374196067694322,0.15800032626851868
25818,GOF,0.039008335432305495,0.4999100031661499,0.4610816614015445
25819,GOF,0.3735298484196738,0.4149433924072246,0.21152675917310165
25820,GOF,0.19400838724796066,0.5364220425480333,0.26956957020400607
25821,GOF,0.0600741154319519,0.6160097117711256,0.32391617279692236
25822,GOF,0.2830082867229113,0.43045574798384234,0.28653596529324626
25823,LOF,0.03394466778717474,0.416601703802635,0.5494536284101903
25824,GOF,0.09749954645273547,0.4549990447345676,0.4475014088126968
25825,LOF,0.032284677031666854,0.4672810232884697,0.5004342996798635
25826,LOF,0.011211706326642886,0.4360618948003119,0.5527263988730453
25827,GOF,0.01912274801735608,0.5088344813930828,0.472042770589561
25828,LOF,0.013845325414197982,0.4380074014650914,0.5481472731207107
25829,GOF,0.00732249574544509,0.5079943195135102,0.4846831847410448
25830,LOF,0.040532614974929174,0.22295258322147335,0.7365148018035975
25831,GOF,0.15024390199125914,0.679791443637826,0.16996465437091496
25832,GOF,0.0365774381965974,0.6046338875371396,0.35878867426626293
25833,GOF,0.1166657863241524,0.59614264971051,0.2871915639653375
25834,GOF,0.041549123884144556,0.588316165340003,0.37013471077585247
25835,GOF,0.10517741198076784,0.5316933948106946,0.36312919320853754
25836,GOF,0.04704079778537034,0.552244695446528,0.4007145067681017
25837,LOF,0.02466033401532488,0.46115571481464485,0.5141839511700304
25838,GOF,0.09741305321915561,0.6293202423878945,0.27326670439294987
25839,GOF,0.28321878312580595,0.4757568168580439,0.2410244000161501
25840,GOF,0.22190666121891328,0.5064162229880577,0.2716771157930291
25841,GOF,0.2661086413489562,0.485672107322179,0.24821925132886485
25842,GOF,0.18813154323326847,0.5375208174000662,0.27434763936666545
25843,GOF,0.2498866803416972,0.5581403852809522,0.19197293437735052
25844,GOF,0.06533717470543506,0.567986341968934,0.3666764833256309
25845,LOF,0.014672979848511151,0.429742348516908,0.5555846716345808
25846,GOF,0.0894619292110297,0.6671164042317831,0.24342166655718717
25847,GOF,0.11698115069953287,0.6464956845435214,0.23652316475694576
25848,GOF,0.039779124805576306,0.6262579067181195,0.3339629684763042
25849,GOF,0.011993228268731023,0.5118153141816577,0.4761914575496112
25850,GOF,0.025925933427749834,0.5315807500870343,0.44249331648521584
25851,LOF,0.021327321556521218,0.4465385067816108,0.532134171661868
25852,GOF,0.1451113179280935,0.5268075299546667,0.32808115211723976
25853,GOF,0.3532662861309688,0.5283069627743306,0.11842675109470058
25854,GOF,0.019057904889896476,0.6167775904131347,0.3641645046969688
25855,GOF,0.040583705260259624,0.5710369144980674,0.388379380241673
25856,GOF,0.23549905735664184,0.5142111984039494,0.25028974423940886
25857,GOF,0.035391324081693036,0.5087281009953377,0.4558805749229693
25858,GOF,0.020046291418066683,0.5521403973742588,0.4278133112076746
25859,GOF,0.01079332170606615,0.5469224170211107,0.44228426127282316
25860,GOF,0.3613772450071272,0.5026239496696858,0.1359988053231871
25861,GOF,0.3742076586279733,0.5173404955661514,0.10845184580587532
25862,GOF,0.07817656653791802,0.7322954763053475,0.18952795715673426
25863,GOF,0.08042501371687857,0.7480459012854229,0.17152908499769845
25864,GOF,0.16902445169568003,0.7093757169114088,0.1215998313929112
25865,GOF,0.07693167480712026,0.7491163693425725,0.17395195585030726
25866,GOF,0.06978810365208232,0.7616746989019061,0.16853719744601156
25867,GOF,0.08522136008404244,0.750063630690013,0.1647150092259446
25868,GOF,0.28135650598053485,0.5644445602378757,0.15419893378158936
25869,Neutral,0.7030353284033439,0.24059668520834407,0.05636798638831202
25870,LOF,0.26272825609641165,0.20520192095560358,0.5320698229479848
25871,GOF,0.2270186053640458,0.5680716587478294,0.20490973588812475
25872,GOF,0.10245918853020707,0.5668328060205995,0.3307080054491935
25873,GOF,0.17309585592259016,0.553645718247125,0.2732584258302848
25874,LOF,0.022049614812813173,0.06632916582163217,0.9116212193655547
25875,LOF,0.0769229795770678,0.06452380961372699,0.8585532108092051
25876,LOF,0.026225940755203413,0.056659180758863954,0.9171148784859326
25877,Neutral,0.47998210561814075,0.06175403739889387,0.4582638569829654
25878,LOF,0.21255384417420767,0.10939007874546425,0.6780560770803281
25879,LOF,0.09683741004023881,0.1362499488708495,0.7669126410889117
25880,LOF,0.023935611118851105,0.024910536343392877,0.951153852537756
25881,LOF,0.18364193364635073,0.26125650541708795,0.5551015609365613
25882,LOF,0.0802482505723934,0.020186468167779886,0.8995652812598267
25883,LOF,0.07983483052316365,0.04855762128399747,0.8716075481928389
25884,LOF,0.04328644902394563,0.05265613247037506,0.9040574185056793
25885,LOF,0.06003023708247282,0.02846898448304638,0.9115007784344809
25886,LOF,0.3503138035930592,0.11055700904101881,0.539129187365922
25887,LOF,0.19471289034329664,0.1426654456039632,0.6626216640527401
25888,LOF,0.07608754083541265,0.12801550568218953,0.7958969534823979
25889,LOF,0.04558382250003956,0.045685802476527315,0.908730375023433
25890,LOF,0.053751895265261716,0.16682496250038154,0.7794231422343568
25891,LOF,0.04884037225005013,0.05593829538836886,0.895221332361581
25892,LOF,0.1080180849900388,0.021728762759839027,0.8702531522501222
25893,LOF,0.3185023540586056,0.014054552483706939,0.6674430934576875
25894,LOF,0.17169609156808033,0.007523652937520954,0.8207802554943988
25895,LOF,0.20305406403163528,0.01914415123300528,0.7778017847353594
25896,LOF,0.04834289566367292,0.022373243213504538,0.9292838611228226
25897,LOF,0.25325787283737117,0.015579881780545137,0.7311622453820836
25898,Neutral,0.7422506700296774,0.009712673948685285,0.24803665602163735
25899,LOF,0.29500920925053675,0.04262693884677631,0.662363851902687
25900,Neutral,0.6032274251231197,0.014224262508727676,0.3825483123681527
25901,LOF,0.058128027188154026,0.013155907330813045,0.928716065481033
25902,LOF,0.1497643726975342,0.010776897672996286,0.8394587296294694
25903,Neutral,0.5621733840525581,0.026416896846414184,0.41140971910102764
25904,LOF,0.27555344250304287,0.042884016789916324,0.6815625407070408
25905,LOF,0.030863807049845555,0.29711260193546446,0.67202359101469
25906,LOF,0.028176399249827754,0.06886969862579613,0.9029539021243761
25907,LOF,0.014702576406081375,0.2940075772631453,0.6912898463307734
25908,LOF,0.013329933149847225,0.20714740575189794,0.7795226610982547
25909,LOF,0.014849043435391724,0.14667397750896682,0.8384769790556414
25910,LOF,0.047218582422907725,0.18669763144093524,0.766083786136157
25911,LOF,0.08366425237064899,0.05232736720898693,0.8640083804203641
25912,LOF,0.030875444346742626,0.10001325678276778,0.8691112988704897
25913,LOF,0.24730666993504527,0.04198111220515143,0.7107122178598033
25914,LOF,0.026178219840883508,0.15175498466811618,0.8220667954910004
25915,Neutral,0.3987988575533901,0.25649213193388987,0.34470901051272
25916,LOF,0.05444076209253843,0.29911710497757704,0.6464421329298845
25917,LOF,0.06488537341257195,0.05876281354062529,0.8763518130468029
25918,LOF,0.03404967115235419,0.09172772245147108,0.8742226063961749
25919,LOF,0.03002888458346664,0.09166071318251588,0.8783104022340175
25920,GOF,0.09023247358277538,0.5455796243675418,0.3641879020496827
25921,LOF,0.03406726543611321,0.03002192231525307,0.9359108122486337
25922,LOF,0.04775851633000557,0.018596198630969944,0.9336452850390246
25923,LOF,0.41958222825488173,0.020450668758042398,0.5599671029870759
25924,LOF,0.03815505005813453,0.02354118062638913,0.9383037693154763
25925,LOF,0.07800865184199222,0.03384169129326099,0.8881496568647468
25926,LOF,0.056520284122914675,0.02156328910115416,0.9219164267759311
25927,LOF,0.06947657514154315,0.04818863667406966,0.8823347881843872
25928,LOF,0.02426119772981828,0.0230413218430814,0.9526974804271002
25929,Neutral,0.5544550527104025,0.024126778480145224,0.42141816880945226
25930,LOF,0.07160060484727164,0.015798543201012573,0.9126008519517157
25931,LOF,0.03210083042730412,0.01796211637511994,0.9499370531975759
25932,LOF,0.031654492611086375,0.014512089723465692,0.9538334176654478
25933,LOF,0.038732651960723584,0.009702345487429766,0.9515650025518466
25934,LOF,0.027284907405741438,0.011179353198926323,0.9615357393953322
25935,LOF,0.07574888353904694,0.0325211006350102,0.8917300158259429
25936,LOF,0.0477256594593061,0.01667504820690796,0.9355992923337859
25937,LOF,0.03881777030570319,0.022136715379879705,0.9390455143144171
25938,LOF,0.07700321158167245,0.03853552211249251,0.8844612663058351
25939,LOF,0.04194920196479786,0.010068193938650974,0.9479826040965511
25940,LOF,0.02272946140793421,0.3795456504699206,0.5977248881221452
25941,LOF,0.13054720694629104,0.12734950718212867,0.7421032858715803
25942,LOF,0.014242863278723974,0.04019624606259928,0.9455608906586767
25943,LOF,0.34176912447393726,0.10074986041198025,0.5574810151140825
25944,Neutral,0.507628666677814,0.05729984606265502,0.43507148725953093
25945,LOF,0.06916000311074336,0.030688247691911155,0.9001517491973455
25946,LOF,0.03065613183255436,0.18269598623573047,0.7866478819317151
25947,LOF,0.12804808740256662,0.1685970452008777,0.7033548673965557
25948,LOF,0.45253512228305875,0.01683552555611116,0.53062935216083
25949,LOF,0.07778631622959094,0.06811042159146112,0.8541032621789479
25950,GOF,0.23844915848907094,0.4197655307031082,0.34178531080782093
25951,LOF,0.2814926749037312,0.2046812806094416,0.5138260444868271
25952,LOF,0.050263199699437516,0.40189487397447116,0.5478419263260913
25953,LOF,0.13545403985261872,0.10871326564019589,0.7558326945071854
25954,LOF,0.37879260641380563,0.22411899599142204,0.39708839759477227
25955,LOF,0.05914388022524504,0.07456053668100211,0.8662955830937528
25956,LOF,0.2138156828994372,0.06195642330802084,0.7242278937925419
25957,LOF,0.047304027261189166,0.0238249670815453,0.9288710056572655
25958,LOF,0.058085130462572555,0.03788438035496849,0.9040304891824589
25959,LOF,0.06732781989118808,0.4411363414450029,0.4915358386638089
25960,LOF,0.023304673984509493,0.06096598445450118,0.9157293415609894
25961,LOF,0.04780232042536106,0.04940993577718117,0.9027877437974579
25962,LOF,0.055156103039527844,0.038481627110141164,0.906362269850331
25963,LOF,0.06780044830986459,0.1685576871956323,0.7636418644945031
25964,LOF,0.038436512642023746,0.15902759960992444,0.8025358877480517
25965,LOF,0.4503088050803349,0.08015121884212524,0.46953997607753983
25966,LOF,0.3268282001348679,0.31535824337507684,0.35781355649005525
25967,LOF,0.015832815858222403,0.11170103031191306,0.8724661538298646
25968,LOF,0.04171571941067674,0.3973245069068042,0.560959773682519
25969,LOF,0.03288386870218327,0.05341963971672542,0.9136964915810913
25970,LOF,0.06126717156121191,0.06857519931884078,0.8701576291199473
25971,LOF,0.0811274283458556,0.03343730392150687,0.8854352677326375
25972,LOF,0.07599167299933642,0.03999708345988714,0.8840112435407764
25973,LOF,0.08259094116577702,0.009858051853123362,0.9075510069810996
25974,LOF,0.32293399929817973,0.015514464412767687,0.6615515362890526
25975,LOF,0.05819079593037821,0.02988019964646342,0.9119290044231584
25976,LOF,0.04291552090380061,0.024815629642824126,0.9322688494533753
25977,LOF,0.13910093887098846,0.1320253425091582,0.7288737186198534
25978,LOF,0.12471518562639698,0.1450001772678049,0.730284637105798
25979,LOF,0.12491276625158104,0.11721027298989427,0.7578769607585247
25980,LOF,0.14890371954924936,0.19652720032274096,0.6545690801280097
25981,LOF,0.18360615436300692,0.18998940573636863,0.6264044399006244
25982,LOF,0.37084362357491,0.11920321701334673,0.5099531594117432
25983,LOF,0.35222598589802984,0.11382033819854477,0.5339536759034254
25984,LOF,0.04790879951512899,0.11070265938170921,0.8413885411031617
25985,LOF,0.020104411783372703,0.3321224500816644,0.647773138134963
25986,LOF,0.024183971376610276,0.3228645652436459,0.6529514633797439
25987,LOF,0.08534517696575879,0.11603943406026301,0.7986153889739781
25988,LOF,0.10722872695173492,0.09872536372901797,0.7940459093192471
25989,LOF,0.022398171248464868,0.17388897931261618,0.8037128494389191
25990,LOF,0.03273507332831806,0.15403068364958195,0.8132342430220999
25991,GOF,0.14684857465213877,0.4463783946340496,0.4067730307138116
25992,LOF,0.2945015119346594,0.2908280062645324,0.4146704818008081
25993,LOF,0.02550525980460239,0.10590887921143564,0.868585860983962
25994,LOF,0.01732735392172113,0.12735384345581946,0.8553188026224594
25995,LOF,0.026786564605706664,0.17876244123260684,0.7944509941616865
25996,GOF,0.1783724775636822,0.5616142602044278,0.2600132622318899
25997,GOF,0.07024853718333539,0.5326705596266108,0.3970809031900537
25998,Neutral,0.6016322589295969,0.0252931765010078,0.37307456456939525
25999,LOF,0.154493454732382,0.11538326007382856,0.7301232851937896
26000,LOF,0.12207546778141573,0.03727611582354015,0.8406484163950441
26001,LOF,0.2018719928637418,0.0404208662626326,0.7577071408736256
26002,LOF,0.13781882575388618,0.039795391509356785,0.822385782736757
26003,GOF,0.011398166135195162,0.6924812784970079,0.29612055536779686
26004,GOF,0.024591716112807006,0.7125002331991942,0.2629080506879988
26005,GOF,0.010982434462938714,0.6001704184716551,0.3888471470654063
26006,Neutral,0.4888627024122695,0.3183693657329238,0.19276793185480665
26007,GOF,0.020659605645618324,0.6360833265872523,0.3432570677671294
26008,GOF,0.023222028945112327,0.6097411468481475,0.36703682420674005
26009,GOF,0.03245712719758449,0.6926725933092159,0.2748702794931997
26010,GOF,0.027640154637946092,0.7763946533476898,0.19596519201436405
26011,GOF,0.011278494186768887,0.5780394693060026,0.41068203650722845
26012,GOF,0.01930426981725085,0.6515475067820143,0.3291482234007347
26013,GOF,0.016058052366587396,0.7431971225743222,0.24074482505909034
26014,LOF,0.031500462886015906,0.20645447703222392,0.7620450600817603
26015,LOF,0.2406554964709861,0.007356802869164954,0.7519877006598489
26016,LOF,0.25995813873134593,0.03883422540793671,0.7012076358607173
26017,LOF,0.16566036786020685,0.07959655429383763,0.7547430778459556
26018,LOF,0.0783980273863057,0.023471467642015676,0.8981305049716786
26019,LOF,0.07847597722311958,0.017715464746546956,0.9038085580303336
26020,LOF,0.058976835862560986,0.09388532565347477,0.8471378384839643
26021,LOF,0.05429475202335725,0.1395873879101241,0.8061178600665186
26022,LOF,0.01077757583151198,0.05382523327133216,0.9353971908971558
26023,LOF,0.11366303528871945,0.01576362297508746,0.870573341736193
26024,LOF,0.031048427882746702,0.09573516509641754,0.8732164070208357
26025,LOF,0.15075986649531173,0.07959475038420276,0.7696453831204855
26026,LOF,0.31158853882906423,0.013746417851638064,0.6746650433192977
26027,LOF,0.07568989763010202,0.013046764793157816,0.9112633375767402
26028,LOF,0.18264304560360412,0.10705036550351328,0.7103065888928827
26029,LOF,0.11193374308565475,0.14179886335608405,0.7462673935582611
26030,LOF,0.034003753969909546,0.06787321066771318,0.8981230353623773
26031,LOF,0.042819663694602016,0.12327065626100282,0.8339096800443953
26032,LOF,0.08431461350477523,0.060310648583656104,0.8553747379115687
26033,LOF,0.15131072300704165,0.06500989487131226,0.783679382121646
26034,LOF,0.061044359514875114,0.11973419482172214,0.8192214456634028
26035,LOF,0.04414966989215027,0.09961803228610058,0.8562322978217493
26036,LOF,0.06342551016999196,0.1232033630702906,0.8133711267597175
26037,LOF,0.0351699421781123,0.09660400736815945,0.8682260504537282
26038,LOF,0.07886447431297844,0.05403498364970707,0.8671005420373146
26039,LOF,0.08490666475793952,0.1059307167531466,0.809162618488914
26040,LOF,0.26034710186797094,0.08659610589735178,0.6530567922346773
26041,LOF,0.0364224651367975,0.08931551090701334,0.8742620239561892
26042,LOF,0.036054365094500794,0.09195469671560269,0.8719909381898965
26043,LOF,0.07624007993495978,0.07302931419319315,0.8507306058718471
26044,LOF,0.03423831559333789,0.07269742930222628,0.8930642551044358
26045,LOF,0.11737575028199942,0.07756425575716809,0.8050599939608326
26046,LOF,0.08094437991013323,0.07612293389547677,0.8429326861943901
26047,LOF,0.11007304425393728,0.08628031805766771,0.8036466376883951
26048,LOF,0.06278195195486626,0.05323244534994611,0.8839856026951877
26049,Neutral,0.9498850972085106,0.010014813138861437,0.04010008965262799
26050,Neutral,0.933320160550306,0.011225705826121589,0.05545413362357245
26051,LOF,0.05167347849628998,0.45471965893491445,0.4936068625687955
26052,GOF,0.07263339406158131,0.46471960630673936,0.4626469996316792
26053,LOF,0.0581904095230388,0.2586738306684731,0.6831357598084882
26054,LOF,0.06292728639020051,0.04986549616349648,0.8872072174463029
26055,LOF,0.09058391051821466,0.04007323644851006,0.8693428530332754
26056,LOF,0.07600466181634397,0.046357583707848364,0.8776377544758077
26057,LOF,0.03197179279294723,0.020999583617097466,0.9470286235899552
26058,LOF,0.03230107980426318,0.018593864695675203,0.9491050555000616
26059,LOF,0.3510555967809168,0.058668259633213926,0.5902761435858692
26060,LOF,0.026904856699567097,0.3527541894138247,0.6203409538866083
26061,LOF,0.019735050343673323,0.029236983961232324,0.9510279656950944
26062,LOF,0.012016701413094829,0.04191380513354612,0.946069493453359
26063,LOF,0.02294675866605073,0.02116895361616192,0.9558842877177874
26064,LOF,0.024904020091071316,0.026871719472189897,0.9482242604367387
26065,LOF,0.028028685974785684,0.02493561501260621,0.947035699012608
26066,LOF,0.02214286206603027,0.02405255667591785,0.9538045812580519
26067,LOF,0.02620860413703025,0.017719134439206207,0.9560722614237636
26068,LOF,0.0497189226941566,0.05709293316740492,0.8931881441384384
26069,LOF,0.40411104280172006,0.044062894992650856,0.5518260622056291
26070,Neutral,0.6140200391872536,0.024001882650892745,0.3619780781618537
26071,LOF,0.023857211509885384,0.027743216247725095,0.9483995722423895
26072,LOF,0.02848156776903794,0.03970925170530555,0.9318091805256565
26073,LOF,0.026551253903198145,0.01977537245294142,0.9536733736438605
26074,Neutral,0.8673684159068473,0.008247213022871345,0.12438437107028136
26075,LOF,0.04362591754314105,0.03368822974650525,0.9226858527103537
26076,LOF,0.04261678334580742,0.017538412498948563,0.939844804155244
26077,LOF,0.009272144763170544,0.04197339820216941,0.9487544570346601
26078,LOF,0.01480928041855826,0.02483911381299184,0.96035160576845
26079,LOF,0.05134882082785986,0.03502171697248923,0.9136294621996509
26080,LOF,0.05134882082785986,0.03502171697248923,0.9136294621996509
26081,LOF,0.03674576450792676,0.014234093316967065,0.9490201421751061
26082,LOF,0.019797312392923407,0.03959862173773407,0.9406040658693426
26083,LOF,0.14277663344615463,0.023965690119946984,0.8332576764338985
26084,LOF,0.027934329640988555,0.032905014288036064,0.9391606560709753
26085,LOF,0.02403074546674921,0.03015518522522709,0.9458140693080238
26086,LOF,0.024114194402442526,0.02608598026572859,0.9497998253318289
26087,LOF,0.025255537973362482,0.01795224964242943,0.9567922123842081
26088,LOF,0.022724486969609724,0.039063923599508735,0.9382115894308816
26089,LOF,0.048552716725100295,0.04232407086693145,0.9091232124079682
26090,LOF,0.046595590887254124,0.03427241073687154,0.9191319983758743
26091,LOF,0.04051392869642577,0.012671164375470272,0.946814906928104
26092,LOF,0.030416973857218848,0.019376154177227746,0.9502068719655534
26093,LOF,0.04098380819147629,0.012905822524017927,0.9461103692845059
26094,LOF,0.0469924270538141,0.011899888391916481,0.9411076845542693
26095,LOF,0.041999700209466515,0.029252727041257306,0.9287475727492762
26096,LOF,0.016477738417484004,0.02613425611795731,0.9573880054645586
26097,LOF,0.011352794770112825,0.08041261178429335,0.9082345934455939
26098,LOF,0.06871294627352265,0.029979930492454794,0.9013071232340225
26099,LOF,0.026671374397139982,0.029352996814170026,0.94397562878869
26100,LOF,0.02767611855376067,0.027023085889683857,0.9453007955565556
26101,LOF,0.05821689036775107,0.0285514071645175,0.9132317024677313
26102,LOF,0.027349214221409825,0.024706118018079176,0.9479446677605109
26103,Neutral,0.8866188148231797,0.03862759581279059,0.07475358936402964
26104,LOF,0.06433804681192974,0.055758048443335026,0.8799039047447352
26105,LOF,0.22362600477209243,0.2783243572838624,0.49804963794404516
26106,LOF,0.18042939893016624,0.1357236523558909,0.6838469487139428
26107,LOF,0.24648613231406916,0.12674156532515296,0.6267723023607779
26108,LOF,0.2228543866849469,0.16944994637468516,0.607695666940368
26109,LOF,0.05480943608951785,0.15478671867878938,0.7904038452316928
26110,LOF,0.34285392144661825,0.01068376137550214,0.6464623171778795
26111,LOF,0.48150146297920215,0.025385235964025515,0.49311330105677226
26112,LOF,0.03759446945580332,0.01373012932283876,0.948675401221358
26113,LOF,0.055139077762678235,0.022964355407106986,0.9218965668302148
26114,LOF,0.021322972811799377,0.022708271497894252,0.9559687556903063
26115,LOF,0.0939412200168089,0.0322577013863232,0.8738010785968678
26116,LOF,0.05277982886345397,0.045717140828753174,0.9015030303077929
26117,LOF,0.33357976142718787,0.09375189550236555,0.5726683430704466
26118,LOF,0.03855913038733615,0.053882081082553365,0.9075587885301104
26119,LOF,0.02241493661824311,0.06134188510283599,0.916243178278921
26120,LOF,0.03071327599418908,0.035029497535548924,0.9342572264702619
26121,LOF,0.05972067552692002,0.11801812168587468,0.8222612027872054
26122,LOF,0.0752745819272949,0.04971227797422068,0.8750131400984844
