feature0,prediction,LoGoFunc_Neutral,LoGoFunc_GOF,LoGoFunc_LOF
25546,Neutral,0.664831411304175,0.058453383098604844,0.2767152055972201
25547,Neutral,0.5138913741993072,0.10649741519438137,0.3796112106063115
25548,Neutral,0.4978302550969429,0.08419853525339317,0.4179712096496639
25549,LOF,0.4291456978774845,0.09032156914910211,0.48053273297341337
25550,LOF,0.36304855994578733,0.13367824045663976,0.503273199597573
25551,LOF,0.3138876538433357,0.1448034818964422,0.5413088642602221
25552,LOF,0.24954589759320248,0.1369654617703642,0.6134886406364333
25553,Neutral,0.8210586328609196,0.04677681382801527,0.1321645533110652
25554,LOF,0.2982419161299411,0.12673619035282113,0.5750218935172378
25555,LOF,0.24695405512698446,0.12084496538604972,0.6322009794869659
25556,Neutral,0.45827349294446273,0.1065668925623868,0.4351596144931505
25557,LOF,0.23518943302059017,0.12246760846346705,0.6423429585159427
25558,LOF,0.2947569228027809,0.12169471058956496,0.5835483666076542
25559,LOF,0.1876994976897543,0.12388835148833104,0.6884121508219146
25560,LOF,0.15259001062311825,0.09302680338720262,0.7543831859896791
25561,LOF,0.14307194490771427,0.11885223707245425,0.7380758180198315
25562,LOF,0.07735279638707902,0.07517642985045257,0.8474707737624685
25563,LOF,0.021463820711811264,0.11126442452002905,0.8672717547681598
25564,LOF,0.244517947388595,0.1091726396019332,0.6463094130094718
25565,LOF,0.23144466818639262,0.12889573502069163,0.6396595967929157
25566,GOF,0.09330510304346251,0.7049139243984051,0.20178097255813232
25567,LOF,0.03695054881688157,0.12136914477188925,0.841680306411229
25568,LOF,0.05820895609687774,0.07072575912538433,0.8710652847777379
25569,LOF,0.05817760784535272,0.07447589098545349,0.8673465011691939
25570,LOF,0.026559873409084007,0.09792624089790014,0.8755138856930158
25571,LOF,0.025428277832508762,0.097271666953903,0.8773000552135882
25572,LOF,0.061109434493589486,0.1193937879762802,0.8194967775301303
25573,LOF,0.05441876882787366,0.08830969016536747,0.8572715410067588
25574,LOF,0.05568180863205434,0.1667974030702831,0.7775207882976625
25575,LOF,0.023344099253767518,0.11512148858217379,0.8615344121640588
25576,LOF,0.03464911758367553,0.15599130645789572,0.8093595759584287
25577,LOF,0.030577839778945255,0.10758225993990676,0.8618399002811481
25578,LOF,0.2806629784281492,0.08071615173916405,0.6386208698326867
25579,LOF,0.12604112937831274,0.08688177663994297,0.7870770939817442
25580,LOF,0.01801276687049104,0.07595929757651658,0.9060279355529923
25581,LOF,0.05445333841955431,0.0683211412073539,0.8772255203730919
25582,LOF,0.05430392948117175,0.06792018582572082,0.8777758846931075
25583,LOF,0.019209565754212,0.07721805257728963,0.9035723816684983
25584,Neutral,0.6498929395031283,0.10278703848011839,0.24732002201675332
25585,LOF,0.0395827837500112,0.11884489419358853,0.8415723220564003
25586,LOF,0.017466739546963875,0.06984842250117944,0.9126848379518566
25587,LOF,0.016437114185351848,0.06374852741222971,0.9198143584024183
25588,LOF,0.019307319219547054,0.07089579583069487,0.9097968849497581
25589,Neutral,0.48704882784746045,0.19280351544071422,0.32014765671182527
25590,LOF,0.047174444349808727,0.10575657985603999,0.8470689757941512
25591,LOF,0.09711593158947474,0.05941611559812093,0.8434679528124043
25592,LOF,0.050683981172073074,0.13531999194982472,0.8139960268781022
25593,LOF,0.13147165150769338,0.2374112705132644,0.6311170779790422
25594,LOF,0.046006481784219136,0.11287684648290382,0.8411166717328771
25595,LOF,0.04470004232456566,0.08408829360573362,0.8712116640697007
25596,LOF,0.10017608167525185,0.0466231037106297,0.8532008146141183
25597,LOF,0.08336185411027422,0.05911283099281541,0.8575253148969104
25598,LOF,0.047553634684667945,0.09008911500878439,0.8623572503065476
25599,GOF,0.02046008608705215,0.5351922247788189,0.44434768913412903
25600,GOF,0.18274252670761923,0.519388763388507,0.29786870990387365
25601,LOF,0.04229238250238502,0.3987093235600721,0.5589982939375429
25602,LOF,0.03469710336756097,0.05063201997095442,0.9146708766614846
25603,LOF,0.03840768065011242,0.02712804456514259,0.934464274784745
25604,LOF,0.03925756092170778,0.05204971006198684,0.9086927290163054
25605,LOF,0.04122643827943091,0.17194122714901564,0.7868323345715535
25606,LOF,0.4383556678470924,0.09444687948519812,0.4671974526677095
25607,LOF,0.0250673274119009,0.16588430046921646,0.8090483721188826
25608,LOF,0.03557469784200236,0.0726163384157039,0.8918089637422938
25609,GOF,0.1630573961064348,0.5542944538118464,0.2826481500817188
25610,LOF,0.01572407916474726,0.02516795566521246,0.9591079651700404
25611,LOF,0.015168369418398941,0.02819366547896258,0.9566379651026384
25612,LOF,0.04956642484518607,0.03829221275952368,0.9121413623952902
25613,LOF,0.0452292451311198,0.038024886565121006,0.9167458683037591
25614,LOF,0.02316070566668549,0.025517977556608465,0.9513213167767061
25615,LOF,0.04512655914028961,0.03419807437380716,0.9206753664859033
25616,LOF,0.04767805134357648,0.024668094670312002,0.9276538539861114
25617,LOF,0.045230287779382074,0.03206784191017343,0.9227018703104446
25618,LOF,0.05311202690546856,0.031938937298080256,0.9149490357964513
25619,LOF,0.01532378236960772,0.029614529106470323,0.9550616885239219
25620,LOF,0.06185547131144617,0.03515463737743884,0.902989891311115
25621,LOF,0.05067459061337495,0.02820126270319189,0.9211241466834331
25622,LOF,0.06275534253326247,0.031095370890913795,0.9061492865758238
25623,LOF,0.07738392258011043,0.027705301061320044,0.8949107763585694
25624,LOF,0.01963731700715842,0.03438070670327996,0.9459819762895616
25625,LOF,0.06801252739254034,0.03949135007626956,0.89249612253119
25626,LOF,0.04964440463410284,0.037601123732909726,0.9127544716329874
25627,Neutral,0.8885508444663119,0.02290760653021103,0.08854154900347713
25628,LOF,0.13151198793211832,0.06173121376792932,0.8067567982999523
25629,LOF,0.06438751825594992,0.04530482734488576,0.8903076543991644
25630,LOF,0.2630614534625657,0.077928575182446,0.6590099713549884
25631,Neutral,0.5238166423012672,0.06494474773862154,0.4112386099601112
25632,LOF,0.027480228960509324,0.05720768304411488,0.9153120879953758
25633,LOF,0.20568637477213636,0.03826558678188727,0.7560480384459765
25634,LOF,0.034250949556994,0.08272536784664128,0.8830236825963647
25635,LOF,0.04027345729502201,0.04610824621110409,0.9136182964938739
25636,GOF,0.036540296267623076,0.5029752276150757,0.4604844761173012
25637,LOF,0.08019891705666442,0.45656624281464564,0.46323484012869
25638,LOF,0.04616227405662221,0.28497211411022144,0.6688656118331564
25639,LOF,0.03687344545537431,0.3199047488966392,0.6432218056479865
25640,Neutral,0.8201448994473238,0.1371222216522408,0.042732878900435284
25641,LOF,0.05278761538168565,0.45409446699520495,0.49311791762310936
25642,LOF,0.03986172299981723,0.15311187753428018,0.8070263994659026
25643,LOF,0.18616332579890513,0.16423015731494747,0.6496065168861473
25644,LOF,0.023748933893187496,0.4780195474568277,0.4982315186499847
25645,LOF,0.01980922216984995,0.4343735584608962,0.5458172193692539
25646,LOF,0.050923504741904775,0.3471316146325062,0.601944880625589
25647,LOF,0.025570827121419427,0.2576924299803192,0.7167367428982614
25648,LOF,0.02928601540453896,0.25162153875866183,0.7190924458367992
25649,LOF,0.016151596088470926,0.23726970124861374,0.7465787026629154
25650,LOF,0.052174749255488886,0.4164330097388579,0.5313922410056533
25651,LOF,0.017826084037225763,0.2612401787920161,0.720933737170758
25652,LOF,0.02801352148724984,0.26602681841599213,0.7059596600967579
25653,LOF,0.08229947529715544,0.37697934387626625,0.5407211808265784
25654,LOF,0.02597281195488614,0.20322729742805276,0.7707998906170612
25655,LOF,0.25327603989090813,0.3437084303047242,0.4030155298043677
25656,LOF,0.3092180208117313,0.044110634681079196,0.6466713445071895
25657,LOF,0.08494385595409153,0.053620368763340275,0.8614357752825683
25658,LOF,0.39474646114186446,0.04400843730120708,0.5612451015569284
25659,Neutral,0.5378100964118501,0.06630715135700016,0.3958827522311497
25660,LOF,0.02582029873496673,0.07251000559073027,0.9016696956743031
25661,LOF,0.09760669792591621,0.05740992936753069,0.844983372706553
25662,LOF,0.03261093333874948,0.030045701862079933,0.9373433647991705
25663,LOF,0.038698948701064884,0.04194904564357433,0.9193520056553608
25664,LOF,0.13282903478615699,0.048842041999900346,0.8183289232139427
25665,LOF,0.054188559672777886,0.03031524672833935,0.9154961935988828
25666,LOF,0.09195342184296584,0.07178047302583769,0.8362661051311965
25667,LOF,0.06787416486040068,0.04357970678694195,0.8885461283526573
25668,LOF,0.03701955192412802,0.042432674433800624,0.9205477736420714
25669,LOF,0.03375412751203957,0.051181423930480155,0.9150644485574803
25670,LOF,0.1336101391394563,0.03749808639406309,0.8288917744664807
25671,LOF,0.09458498002801044,0.02840984177163034,0.8770051782003592
25672,LOF,0.05478891683511178,0.041524966934307704,0.9036861162305806
25673,LOF,0.07700117691515826,0.03527917822216997,0.8877196448626716
25674,LOF,0.06614191198746498,0.045061167349746634,0.8887969206627883
25675,LOF,0.11787594280027897,0.04355919195715305,0.8385648652425679
25676,LOF,0.018437733042821588,0.0448595128693492,0.9367027540878293
25677,LOF,0.026380296190531772,0.06077445531076754,0.9128452484987006
25678,LOF,0.1735240248132485,0.052118254792284914,0.7743577203944665
25679,LOF,0.12511679228856734,0.07049291591891677,0.8043902917925159
25680,LOF,0.03192805833760474,0.10426970553250359,0.8638022361298917
25681,LOF,0.05245590653820359,0.09502049089249992,0.8525236025692964
25682,LOF,0.1517309537886495,0.05548250858149175,0.7927865376298587
25683,LOF,0.12621298598249445,0.07209916641366501,0.8016878476038405
25684,LOF,0.04256309744551824,0.06248687227373341,0.8949500302807484
25685,LOF,0.12984409328476937,0.046102124672284514,0.824053782042946
25686,LOF,0.07419149135235419,0.08664075248540738,0.8391677561622384
25687,LOF,0.11035395139162285,0.07558802794613288,0.8140580206622442
25688,LOF,0.29156732022616444,0.03500196675557138,0.6734307130182643
25689,LOF,0.20810925862570084,0.04367548084935428,0.7482152605249449
25690,LOF,0.343138089488617,0.03130819939232795,0.625553711119055
25691,Neutral,0.6832089195842813,0.03134958442424137,0.2854414959914773
25692,LOF,0.29374784189846337,0.010173165609390885,0.6960789924921458
25693,LOF,0.04994902969543413,0.4686333864041947,0.4814175839003711
25694,LOF,0.13573124355043245,0.02350042613915168,0.8407683303104159
25695,LOF,0.13374064787383208,0.018384900356777895,0.84787445176939
25696,LOF,0.11726497285614342,0.01021928616961949,0.872515740974237
25697,LOF,0.11906441018999472,0.02642587775377688,0.8545097120562285
25698,LOF,0.33486021380431125,0.24274653256961828,0.42239325362607044
25699,LOF,0.4270350445238325,0.0439268298744421,0.5290381256017254
25700,LOF,0.05285350440598519,0.011265708326269008,0.9358807872677458
25701,LOF,0.15708878766618928,0.053032760777116585,0.7898784515566941
25702,GOF,0.20463350930009946,0.5082294290039269,0.28713706169597364
25703,LOF,0.015877882683594528,0.16951663428652175,0.8146054830298838
25704,LOF,0.049831473417582234,0.123386201211647,0.8267823253707709
25705,LOF,0.061739040738877725,0.18183466850486318,0.7564262907562591
25706,LOF,0.08877811218551637,0.3402349157991609,0.5709869720153228
25707,LOF,0.08466143953640463,0.26996961722577445,0.6453689432378209
25708,LOF,0.030394111975150812,0.26312781848217026,0.7064780695426789
25709,LOF,0.05497774972328437,0.039203171946106716,0.9058190783306088
25710,LOF,0.011813721188228139,0.11186484551661861,0.8763214332951533
25711,LOF,0.01934973000755422,0.08458584206526215,0.8960644279271835
25712,LOF,0.013787758616853624,0.1597789573344254,0.826433284048721
25713,LOF,0.018956591961027513,0.07939691212779275,0.9016464959111796
25714,LOF,0.07038827880242536,0.07361541353213948,0.8559963076654351
25715,LOF,0.01039994491362937,0.13339175646429358,0.8562082986220771
25716,LOF,0.013043499356655212,0.10688982733706448,0.8800666733062804
25717,LOF,0.013301004743027117,0.07841092688307481,0.908288068373898
25718,LOF,0.01146805617815546,0.10704607418767204,0.8814858696341724
25719,LOF,0.018498674020239476,0.07845104527127733,0.9030502807084831
25720,LOF,0.021309097621163592,0.07181304220951074,0.9068778601693256
25721,LOF,0.015387423795378887,0.09546980267645193,0.8891427735281692
25722,LOF,0.013530229275638763,0.11220154973515248,0.8742682209892086
25723,LOF,0.022434824656434763,0.04438540361373675,0.9331797717298285
25724,LOF,0.024089430378894747,0.08257253587745016,0.893338033743655
25725,LOF,0.011384796186012217,0.06731782469288902,0.9212973791210988
25726,LOF,0.014413554463694784,0.08978745094153211,0.895798994594773
25727,LOF,0.013293141744058108,0.07706749498798494,0.9096393632679569
25728,LOF,0.009747805763831855,0.1013321367333642,0.888920057502804
25729,LOF,0.010197408747290809,0.10139160065260175,0.8884109906001073
25730,LOF,0.013598853055632385,0.07510391377782069,0.911297233166547
25731,LOF,0.020706743000201772,0.10326136529824147,0.8760318917015567
25732,LOF,0.014459044583380654,0.08115182059804973,0.9043891348185695
25733,LOF,0.015545144161981122,0.07068375475278983,0.9137711010852291
25734,LOF,0.013147420903596716,0.12489239984428503,0.8619601792521183
25735,LOF,0.013222803306687004,0.0722405340661331,0.9145366626271798
25736,LOF,0.01411668633125556,0.09528632217763743,0.8905969914911069
25737,LOF,0.019380113327736887,0.08199656622055108,0.8986233204517121
25738,LOF,0.012960059342371601,0.10403302690734816,0.8830069137502803
25739,LOF,0.01953671470677374,0.07598278940705427,0.904480495886172
25740,LOF,0.026044061679713567,0.0875916983014375,0.886364240018849
25741,LOF,0.014952361233018678,0.0974581910201068,0.8875894477468745
25742,LOF,0.11297252964222973,0.075429253730486,0.8115982166272844
25743,LOF,0.035441618531429936,0.03234432880602555,0.9322140526625445
25744,Neutral,0.5680934404396752,0.1961946785339083,0.23571188102641652
25745,LOF,0.08273642843698878,0.06189078858498809,0.8553727829780231
25746,LOF,0.04243040362155362,0.06763310552101774,0.8899364908574287
25747,LOF,0.022574178997878676,0.036693114787108586,0.9407327062150126
25748,LOF,0.10643074528442183,0.055537936314615156,0.838031318400963
25749,LOF,0.02727322419118458,0.06630428704959516,0.9064224887592202
25750,LOF,0.08379241894392515,0.07012119150277996,0.846086389553295
25751,LOF,0.09932050307082244,0.05484582674272321,0.8458336701864543
25752,GOF,0.10444412226666559,0.6562967271381681,0.23925915059516617
25753,LOF,0.01954831733090727,0.2574911637829073,0.7229605188861854
25754,GOF,0.010863894463702494,0.7796815011538913,0.2094546043824063
25755,LOF,0.022384941855746993,0.3730114864738186,0.6046035716704343
25756,LOF,0.04078854323981064,0.35024853593062966,0.6089629208295596
25757,GOF,0.013486926116884042,0.8236961989354258,0.1628168749476902
25758,GOF,0.025869949992798156,0.8105940578390138,0.1635359921681882
25759,GOF,0.011972822873798502,0.5290634212140076,0.4589637559121938
25760,LOF,0.012688308984527772,0.21793300236352028,0.769378688651952
25761,GOF,0.24864714433760507,0.630776807306231,0.12057604835616387
25762,LOF,0.036096849131170214,0.2469294109279176,0.7169737399409122
25763,LOF,0.013042216877186553,0.19357229369751439,0.7933854894252992
25764,GOF,0.07968445397615785,0.6381312921931924,0.28218425383064977
25765,GOF,0.044662300976940364,0.7509516641845948,0.2043860348384647
25766,GOF,0.051592120410149524,0.7667571185283821,0.1816507610614684
25767,GOF,0.17402442886887567,0.4299456834975194,0.396029887633605
25768,LOF,0.08857596353178174,0.06418086964711196,0.8472431668211062
25769,LOF,0.06520403573906677,0.06065852699915281,0.8741374372617805
25770,LOF,0.27306350085607856,0.08488610403283574,0.6420503951110857
25771,LOF,0.04102745401814951,0.042821209632717114,0.9161513363491334
25772,LOF,0.01634207430515524,0.03230919002618027,0.9513487356686645
25773,LOF,0.04625982392197543,0.07523957464009563,0.8785006014379289
25774,LOF,0.02833125800795276,0.07265652365862758,0.8990122183334197
25775,LOF,0.0466810263827643,0.046963154520131334,0.9063558190971043
25776,LOF,0.07164994106756167,0.024866649879191603,0.9034834090532468
25777,LOF,0.3468880702534708,0.047946437886222694,0.6051654918603065
25778,LOF,0.05998764599322046,0.04865175838819436,0.8913605956185852
25779,GOF,0.38765048304525945,0.5678478968718825,0.044501620082858066
25780,GOF,0.3088725924053112,0.6218192522709133,0.06930815532377547
25781,GOF,0.14374952737472402,0.7475460862483713,0.10870438637690472
25782,GOF,0.196482679493451,0.7359733878126842,0.06754393269386481
25783,GOF,0.029617519055450424,0.6394069508157114,0.3309755301288382
25784,Neutral,0.4857020434819074,0.4755962259806694,0.038701730537423214
25785,GOF,0.37945384460988574,0.5774684049167618,0.04307775047335245
25786,GOF,0.02379466856141178,0.7655626280995464,0.21064270333904186
25787,Neutral,0.667590720538474,0.30870431506520396,0.02370496439632197
25788,LOF,0.05137530787086193,0.10044763329065136,0.8481770588384867
25789,GOF,0.20504203559989076,0.6465253557356839,0.14843260866442534
25790,GOF,0.197764821748951,0.7003592906841202,0.10187588756692888
25791,GOF,0.13931374828416884,0.6815289623729746,0.17915728934285657
25792,GOF,0.3028065724633826,0.5665847793729066,0.13060864816371084
25793,GOF,0.2514221989494183,0.5625982131952508,0.18597958785533084
25794,GOF,0.31736650606784933,0.507523594333495,0.17510989959865556
25795,GOF,0.07574826456823265,0.6830845931621256,0.24116714226964167
25796,Neutral,0.5395755321193294,0.36699856431082634,0.09342590356984425
25797,GOF,0.10242134628436646,0.5229008998208304,0.3746777538948031
25798,GOF,0.009530998250934473,0.496840533811044,0.4936284679380216
25799,LOF,0.006674123960097065,0.38935366222649903,0.6039722138134038
25800,GOF,0.03194633347522829,0.5759071121683833,0.39214655435638834
25801,GOF,0.18948190115280023,0.6817732535162639,0.12874484533093586
25802,GOF,0.07892871479493399,0.7011686400574997,0.21990264514756636
25803,GOF,0.03951149382354579,0.5474113284647854,0.413077177711669
25804,LOF,0.03354899772838075,0.46830183514985985,0.49814916712175944
25805,GOF,0.10095263419776597,0.6075374990117384,0.2915098667904957
25806,GOF,0.09246166919655577,0.5967339450433363,0.31080438576010794
25807,GOF,0.021241079290973464,0.6268416365721888,0.3519172841368378
25808,GOF,0.0826987300420052,0.6303866087064297,0.2869146612515651
25809,GOF,0.017000545583298908,0.5839400535729007,0.3990594008438004
25810,GOF,0.01632397594572837,0.6084590846050799,0.37521693944919177
25811,GOF,0.44967623466219075,0.4594427857668116,0.09088097957099758
25812,GOF,0.031235926535526048,0.5960899154657788,0.37267415799869513
25813,Neutral,0.5354874232557013,0.3586197551265651,0.10589282161773353
25814,GOF,0.117473282591262,0.6176792076688673,0.26484750973987065
25815,GOF,0.2002896382501774,0.5796432297180943,0.22006713203172826
25816,GOF,0.022484403125157183,0.7107092565490781,0.2668063403257647
25817,GOF,0.25082507292969436,0.6001204243985343,0.14905450267177134
25818,GOF,0.05541755663176537,0.6658675230781093,0.27871492029012535
25819,GOF,0.3806621803616518,0.46400985488289354,0.15532796475545463
25820,GOF,0.1906210014982698,0.5970762678350411,0.21230273066668917
25821,GOF,0.06503937171091409,0.6628390380242469,0.27212159026483895
25822,GOF,0.22598688168880685,0.5659332626662442,0.2080798556449489
25823,GOF,0.03664234056685612,0.5128960108924784,0.45046164854066556
25824,GOF,0.10168139623740827,0.5908741666552916,0.3074444371073002
25825,GOF,0.042968159302404635,0.5873048482484555,0.36972699244913976
25826,GOF,0.016702674680357778,0.577678318411827,0.40561900690781516
25827,GOF,0.025351795519930578,0.5936014631783905,0.3810467413016789
25828,GOF,0.014246498725270644,0.5194882006068927,0.4662653006678367
25829,GOF,0.005846986998279346,0.5692157150861024,0.4249372979156182
25830,LOF,0.03501776601423652,0.28418997937106916,0.6807922546146943
25831,GOF,0.23061835799872255,0.6454027658862949,0.12397887611498255
25832,GOF,0.030636961320310286,0.6993267416914134,0.2700362969882764
25833,GOF,0.12329266809165836,0.7136261023996562,0.1630812295086855
25834,GOF,0.030859904268087806,0.7210469105755306,0.24809318515638157
25835,GOF,0.07118612337140029,0.7469919784534825,0.1818218981751172
25836,GOF,0.03259928561845809,0.6761941534264967,0.2912065609550452
25837,GOF,0.024757099951243734,0.6208406371295556,0.35440226291920063
25838,GOF,0.09401187044516122,0.7685375424197834,0.13745058713505545
25839,GOF,0.3026851301382668,0.5458968099764194,0.1514180598853138
25840,GOF,0.26817574431259683,0.6035492163435379,0.12827503934386533
25841,GOF,0.26335876381471846,0.6027226678166937,0.13391856836858793
25842,GOF,0.15220886633682004,0.733634039083964,0.114157094579216
25843,GOF,0.21531058279002907,0.7046204390031284,0.08006897820684254
25844,GOF,0.06612830988037442,0.7392526908611954,0.1946189992584302
25845,GOF,0.015249863101997017,0.5277927583287887,0.45695737856921426
25846,GOF,0.12611594417230873,0.7529561844534648,0.1209278713742265
25847,GOF,0.09618893999366539,0.8183333308433082,0.08547772916302646
25848,GOF,0.03572009457077321,0.7197531793605646,0.2445267260686623
25849,GOF,0.010181315001714288,0.608336716807998,0.3814819681902876
25850,GOF,0.018486353901043688,0.6665318999588726,0.31498174614008384
25851,GOF,0.014787774145173778,0.5482483030460648,0.4369639228087615
25852,GOF,0.15640236979600347,0.5680503892833801,0.2755472409206163
25853,GOF,0.34680048787602974,0.5721685073762153,0.08103100474775499
25854,GOF,0.02109069170902581,0.6199387941244268,0.3589705141665474
25855,GOF,0.033572998514033704,0.555746556986912,0.4106804444990543
25856,GOF,0.23514855455699862,0.5483309191811041,0.21652052626189733
25857,GOF,0.03627339742060786,0.49933426517115737,0.4643923374082349
25858,GOF,0.021242882978998644,0.5181755535306879,0.4605815634903135
25859,LOF,0.00995094302875934,0.4884838052628173,0.5015652517084234
25860,GOF,0.3588351306430161,0.5599437788737008,0.08122109048328309
25861,GOF,0.44147210967383793,0.48657887157000557,0.0719490187561566
25862,GOF,0.08545444986663159,0.7676573542921583,0.14688819584121002
25863,GOF,0.08422580240089884,0.7798423722355705,0.13593182536353057
25864,GOF,0.20135017782944767,0.7335027152230632,0.06514710694748908
25865,GOF,0.08043872027617802,0.806797757732506,0.11276352199131613
25866,GOF,0.05679987125076857,0.7885047424756555,0.15469538627357607
25867,GOF,0.08043030474906426,0.8204928533252238,0.09907684192571194
25868,GOF,0.2546526814756173,0.6461988194013524,0.09914849912303024
25869,Neutral,0.7333902314716804,0.22560798401162854,0.041001784516691085
25870,GOF,0.2940498295418861,0.41205671689284623,0.2938934535652677
25871,GOF,0.22987550966562295,0.648468597833569,0.12165589250080797
25872,GOF,0.07786230083589138,0.6595336660701865,0.26260403309392216
25873,GOF,0.11321420514993434,0.7069551134038319,0.17983068144623385
25874,LOF,0.014139707129514309,0.11375162318913577,0.8721086696813498
25875,LOF,0.08812068528963912,0.041380190269506546,0.8704991244408543
25876,LOF,0.033224472843844555,0.03020034133676811,0.9365751858193873
25877,Neutral,0.48386266029792246,0.03819658104191232,0.4779407586601652
25878,LOF,0.21184079355471247,0.08585749671199676,0.7023017097332909
25879,LOF,0.0847919895898219,0.08195383571253287,0.8332541746976453
25880,LOF,0.0404208902923949,0.013398537370757519,0.9461805723368476
25881,LOF,0.16868076227922316,0.12567948580339808,0.7056397519173787
25882,LOF,0.06470535833392588,0.01673987337062748,0.9185547682954467
25883,LOF,0.06566131364250004,0.019126172619450876,0.9152125137380491
25884,LOF,0.02930338571115393,0.028819453139384596,0.9418771611494615
25885,LOF,0.057579667499976055,0.011775587594977125,0.9306447449050468
25886,LOF,0.26152312458451393,0.03717941800016334,0.7012974574153227
25887,LOF,0.15325010363673477,0.06481052820314967,0.7819393681601156
25888,LOF,0.06305012624182323,0.06282976200330001,0.8741201117548767
25889,LOF,0.03877199636228255,0.02040821430828172,0.9408197893294358
25890,LOF,0.05284035816177374,0.1334885900249722,0.813671051813254
25891,LOF,0.04100903666072344,0.05325698539166861,0.905733977947608
25892,LOF,0.08137095655352719,0.025620723310905574,0.8930083201355672
25893,LOF,0.2277465310430856,0.020133833492980573,0.7521196354639339
25894,LOF,0.17833890849278422,0.01385127793629881,0.807809813570917
25895,LOF,0.19500780120969655,0.024568800154805212,0.7804233986354981
25896,LOF,0.04772325104172245,0.02335876245258584,0.9289179865056916
25897,LOF,0.25967599096851424,0.01680322719682084,0.723520781834665
25898,Neutral,0.7054231697911669,0.010685546412012047,0.28389128379682105
25899,LOF,0.21042851227504536,0.025401889841330197,0.7641695978836245
25900,LOF,0.4483345603010999,0.013283189863416672,0.5383822498354834
25901,LOF,0.046563302834637575,0.011967379131634353,0.941469318033728
25902,LOF,0.15988800559891392,0.014685043988246682,0.8254269504128393
25903,Neutral,0.5791293335179113,0.03058327635833014,0.3902873901237585
25904,LOF,0.29800409329503114,0.04672210668216152,0.6552738000228073
25905,LOF,0.02445709175983603,0.3306289257392513,0.6449139825009127
25906,LOF,0.02914494443033606,0.09250464194468647,0.8783504136249776
25907,LOF,0.01291336564380973,0.3170948469671785,0.6699917873890117
25908,LOF,0.009386106710764277,0.2525304264676702,0.7380834668215654
25909,LOF,0.011975344058848113,0.1390243230189129,0.8490003329222391
25910,LOF,0.05135655086435713,0.13766826248973502,0.8109751866459078
25911,LOF,0.17906892514725825,0.02668984277694299,0.7942412320757988
25912,LOF,0.04187192956507244,0.045444200448597136,0.9126838699863304
25913,LOF,0.34398762895408336,0.021292647176946795,0.6347197238689699
25914,LOF,0.02158976869871742,0.044760382706554226,0.9336498485947284
25915,Neutral,0.5863809751032112,0.1286134654913547,0.2850055594054341
25916,LOF,0.08942221903635401,0.20995952651242517,0.7006182544512208
25917,LOF,0.0709550841934537,0.03585426016692945,0.8931906556396167
25918,LOF,0.02425586718935437,0.027129790335281845,0.9486143424753638
25919,LOF,0.02077659063674358,0.028815896123006435,0.95040751324025
25920,GOF,0.09767214189711829,0.5229264055770595,0.37940145252582225
25921,LOF,0.025554410859400238,0.03334590851918993,0.9410996806214099
25922,LOF,0.03538580757293968,0.025136015435290395,0.9394781769917698
25923,Neutral,0.501478962454057,0.035448840876526735,0.46307219666941635
25924,LOF,0.03828910376920518,0.04304414382050811,0.9186667524102867
25925,LOF,0.07683850985360238,0.03923398934050918,0.8839275008058884
25926,LOF,0.05402032803286809,0.034981075707443396,0.9109985962596885
25927,LOF,0.058560305608728255,0.15006575769967576,0.7913739366915961
25928,LOF,0.019269678218941048,0.05351191723071079,0.9272184045503481
25929,Neutral,0.6240797678995023,0.037120320536988674,0.3387999115635091
25930,LOF,0.07559976236435649,0.03085288659090554,0.8935473510447379
25931,LOF,0.025597449850875056,0.03426515083551739,0.9401373993136075
25932,LOF,0.02947276061004012,0.027901918948625183,0.9426253204413347
25933,LOF,0.041214497391141316,0.01734097031757018,0.9414445322912885
25934,LOF,0.025899493759920556,0.019556018013351033,0.9545444882267285
25935,LOF,0.06651818732204264,0.04903513596103553,0.8844466767169218
25936,LOF,0.04411927124983451,0.022372569489798273,0.9335081592603672
25937,LOF,0.02671350144623882,0.034045188873767104,0.9392413096799942
25938,LOF,0.06969963500179487,0.050337801839885454,0.8799625631583197
25939,LOF,0.04347934821312392,0.01857502917487363,0.9379456226120024
25940,LOF,0.04170330529256849,0.3461163286114364,0.6121803660959951
25941,LOF,0.167630968770296,0.0902789329611578,0.7420900982685462
25942,LOF,0.011532194467566544,0.03723745195062061,0.9512303535818128
25943,LOF,0.32408997038067544,0.05201710278269208,0.6238929268366326
25944,Neutral,0.4927575226328754,0.019860184847239188,0.4873822925198854
25945,LOF,0.07389160101416377,0.018612497803761768,0.9074959011820745
25946,LOF,0.03322701089463383,0.12073442772528811,0.846038561380078
25947,LOF,0.1066452621089104,0.17275737990425333,0.7205973579868362
25948,LOF,0.3581470726762341,0.007660291179709125,0.6341926361440567
25949,LOF,0.12425200924272312,0.035063513974486274,0.8406844767827907
25950,GOF,0.3261198503973525,0.3407110329584479,0.3331691166441996
25951,LOF,0.19962737094923283,0.2792457484994403,0.5211268805513268
25952,GOF,0.04221949757444724,0.501199657122252,0.4565808453033008
25953,LOF,0.16157343621775846,0.10794431490748148,0.73048224887476
25954,Neutral,0.40264372836065254,0.20331913768927462,0.3940371339500728
25955,LOF,0.06850862182325419,0.07956662298388224,0.8519247551928636
25956,LOF,0.14849697742076975,0.12512206665515624,0.726380955924074
25957,LOF,0.037862221747570445,0.03117781350919269,0.930959964743237
25958,LOF,0.05523164933662542,0.02792329777363953,0.9168450528897351
25959,LOF,0.06620694163052093,0.3442093097773185,0.5895837485921606
25960,LOF,0.014223376504441918,0.055338486728696276,0.9304381367668618
25961,LOF,0.04083078178432154,0.02736837784861513,0.9318008403670633
25962,LOF,0.056204370537414304,0.03316048996054657,0.9106351395020391
25963,LOF,0.04249092565562571,0.19128035034188698,0.7662287240024874
25964,LOF,0.032243696795464065,0.15058306380394187,0.817173239400594
25965,LOF,0.4584580783997339,0.05861590271237268,0.48292601888789344
25966,Neutral,0.5107166054302921,0.1645017435998514,0.3247816509698565
25967,LOF,0.017191691061150458,0.09553385498655305,0.8872744539522966
25968,LOF,0.03352329967561725,0.38306333398447145,0.5834133663399113
25969,LOF,0.037408124984761496,0.06510113891342936,0.8974907361018091
25970,LOF,0.05155140838666042,0.06463118146202107,0.8838174101513185
25971,LOF,0.0673856048397182,0.020097076447519114,0.9125173187127626
25972,LOF,0.0673634371524814,0.029801763998249343,0.9028347988492692
25973,LOF,0.07316787675578583,0.010495853264553778,0.9163362699796603
25974,LOF,0.17778711196460212,0.01648713932918884,0.805725748706209
25975,LOF,0.04564289078321999,0.02905231982990622,0.9253047893868738
25976,LOF,0.0421005040269631,0.017266717382019913,0.940632778591017
25977,LOF,0.151078174285757,0.0840533845886725,0.7648684411255705
25978,LOF,0.152667787384287,0.10019345576927047,0.7471387568464426
25979,LOF,0.13799774909941423,0.10351573766578319,0.7584865132348025
25980,LOF,0.2192948990920164,0.1263268745945612,0.6543782263134224
25981,LOF,0.25443055170427964,0.12399718638941741,0.6215722619063029
25982,LOF,0.4073880561810496,0.08853417606714438,0.504077767751806
25983,LOF,0.3781355386686726,0.0944668671481399,0.5273975941831874
25984,LOF,0.04694793310617583,0.04966843610577799,0.9033836307880461
25985,LOF,0.039696312805284,0.2699068538821279,0.6903968333125882
25986,LOF,0.04176774024411891,0.3259890482529091,0.632243211502972
25987,LOF,0.08971702464240547,0.0640182746191977,0.8462647007383969
25988,LOF,0.14960373851031253,0.05943197954701256,0.7909642819426749
25989,LOF,0.03514210328367523,0.11497842638277685,0.8498794703335479
25990,LOF,0.03875614300931451,0.16518042415265147,0.796063432838034
25991,LOF,0.1356165684165154,0.24593272934434504,0.6184507022391396
25992,LOF,0.32486875242282093,0.15324419892838234,0.5218870486487966
25993,LOF,0.023908358045275337,0.08262004016048409,0.8934716017942406
25994,LOF,0.018793545585989762,0.08782202120326511,0.8933844332107452
25995,LOF,0.024353472640828374,0.18708769441394063,0.7885588329452309
25996,GOF,0.3186194065707046,0.39458035732996344,0.286800236099332
25997,LOF,0.08460492769663547,0.39006559911903144,0.5253294731843331
25998,Neutral,0.5093666484510495,0.028015752683656466,0.4626175988652939
25999,LOF,0.10258352680016494,0.0953565995425164,0.8020598736573186
26000,LOF,0.12916941126835857,0.04481304498169941,0.826017543749942
26001,LOF,0.20188824386286236,0.04865609078151662,0.7494556653556209
26002,LOF,0.1225074227675169,0.04154675157145352,0.8359458256610296
26003,GOF,0.010746002176247585,0.6131670808692719,0.3760869169544806
26004,GOF,0.024050846497683055,0.6950210988943173,0.28092805460799963
26005,LOF,0.007048241930694426,0.439768737066929,0.5531830210023767
26006,Neutral,0.5194060287100664,0.24309060815749509,0.23750336313243853
26007,GOF,0.022427683837625636,0.4972192059104143,0.4803531102519602
26008,GOF,0.01819279360801666,0.6113047229867928,0.3705024834051905
26009,GOF,0.019403013478871346,0.7033659060739491,0.2772310804471794
26010,GOF,0.02234957012677989,0.6597953217812488,0.3178551080919714
26011,LOF,0.006515276293732992,0.4168873048595953,0.5765974188466718
26012,GOF,0.01218299411707215,0.5439813996415599,0.4438356062413679
26013,GOF,0.018738095803479234,0.6043905568495088,0.3768713473470118
26014,LOF,0.041955504618399427,0.11674548035861682,0.8412990150229838
26015,LOF,0.14329230451797448,0.015543201208949687,0.8411644942730758
26016,LOF,0.18484789774956525,0.06006412268610713,0.7550879795643276
26017,LOF,0.21918426722959608,0.08566236022153435,0.6951533725488696
26018,LOF,0.07217777000575133,0.04100016459503741,0.8868220653992113
26019,LOF,0.06871408377584791,0.03267252781996388,0.8986133884041883
26020,LOF,0.06725507942811083,0.10205565500180502,0.8306892655700842
26021,LOF,0.04485226499155083,0.10327395480979878,0.8518737801986505
26022,LOF,0.010915793487953485,0.042959963408648515,0.9461242431033979
26023,LOF,0.06479070039603513,0.025873280713431812,0.909336018890533
26024,LOF,0.03211264089521879,0.10286542142457535,0.8650219376802057
26025,LOF,0.14810293340020023,0.0896975170357303,0.7621995495640694
26026,LOF,0.322950278263434,0.0240991945271326,0.6529505272094335
26027,LOF,0.05584013750866114,0.01991359414073844,0.9242462683506003
26028,LOF,0.16137285502486964,0.06145331952179611,0.7771738254533342
26029,LOF,0.06464082671640714,0.15626207573183187,0.7790970975517609
26030,LOF,0.02147439314303081,0.0318550450122704,0.9466705618446988
26031,LOF,0.024515760599693032,0.1103232162150507,0.8651610231852563
26032,LOF,0.06652600912171057,0.04821337906488948,0.8852606118133999
26033,LOF,0.08769393298423087,0.04716112010249177,0.8651449469132775
26034,LOF,0.04106131426275386,0.13789816597459326,0.8210405197626529
26035,LOF,0.02474336353992813,0.12433875538587372,0.8509178810741982
26036,LOF,0.038870422299455844,0.14619379926139234,0.8149357784391519
26037,LOF,0.020373881530583483,0.10183891096977592,0.8777872074996406
26038,LOF,0.06333352126418758,0.04934846715886653,0.8873180115769458
26039,LOF,0.047374383569078374,0.12891886925507454,0.8237067471758471
26040,LOF,0.20304615591594613,0.09046025229662898,0.7064935917874249
26041,LOF,0.02126830581842613,0.09398182659511649,0.8847498675864574
26042,LOF,0.019430449673453847,0.08640372014728062,0.8941658301792654
26043,LOF,0.06393255443158569,0.05647763474287765,0.8795898108255367
26044,LOF,0.019544016650187127,0.04289542225474747,0.9375605610950655
26045,LOF,0.07052045334355737,0.08325093532532529,0.8462286113311175
26046,LOF,0.05956884538556275,0.04625547831773755,0.8941756762966997
26047,LOF,0.07738433349206134,0.04794288288409535,0.8746727836238434
26048,LOF,0.04340752606922652,0.028967396800363376,0.9276250771304101
26049,Neutral,0.9687727415045044,0.005121719371041385,0.026105539124454052
26050,Neutral,0.9557269367514442,0.006364029674893124,0.037909033573662744
26051,LOF,0.05512044015446188,0.2651288036885533,0.6797507561569849
26052,LOF,0.06863687471703946,0.2985708705179734,0.6327922547649872
26053,LOF,0.0640270781398769,0.15541657987753918,0.780556341982584
26054,LOF,0.047499523473285496,0.01771203913491132,0.9347884373918031
26055,LOF,0.06761142900535036,0.015601249750624302,0.9167873212440254
26056,LOF,0.056856155009570315,0.017659405219409837,0.9254844397710199
26057,LOF,0.030963345694754608,0.012272546514615516,0.9567641077906298
26058,LOF,0.032055444453776234,0.009873768692634887,0.9580707868535888
26059,LOF,0.26677506801253587,0.019555601990298134,0.713669329997166
26060,LOF,0.04481104236909728,0.16466467137734028,0.7905242862535624
26061,LOF,0.01685191455314524,0.011469151333775983,0.9716789341130788
26062,LOF,0.00993191932695359,0.017508499018614683,0.9725595816544317
26063,LOF,0.02000344188656079,0.010173895337110512,0.9698226627763287
26064,LOF,0.019384240461603815,0.022550666527614633,0.9580650930107816
26065,LOF,0.02405600845543908,0.010248400975206495,0.9656955905693545
26066,LOF,0.020525497656180475,0.01066156425091299,0.9688129380929065
26067,LOF,0.02805231225430897,0.008127046942008683,0.9638206408036825
26068,LOF,0.04241275223703837,0.02682048315157752,0.9307667646113841
26069,LOF,0.256345524588778,0.017701291756082486,0.7259531836551394
26070,LOF,0.3858527854387458,0.014481836919098568,0.5996653776421557
26071,LOF,0.020100829208108153,0.011161134481555826,0.9687380363103361
26072,LOF,0.016678382901198902,0.020483375714021302,0.9628382413847798
26073,LOF,0.01951635801732985,0.013183711087122284,0.9672999308955478
26074,Neutral,0.9189163062764509,0.005647092004547722,0.07543660171900123
26075,LOF,0.045231640077862255,0.013605035426632906,0.9411633244955048
26076,LOF,0.036049958918066526,0.00807921407172358,0.9558708270102099
26077,LOF,0.009298328914101808,0.012422291640641844,0.9782793794452563
26078,LOF,0.014131452481401408,0.010962952467282577,0.974905595051316
26079,LOF,0.06023306012709167,0.01542103795042215,0.9243459019224861
26080,LOF,0.059485473952472355,0.015431855677224644,0.925082670370303
26081,LOF,0.035113075055345035,0.006395376524375029,0.9584915484202798
26082,LOF,0.012826845592580622,0.012955090496267554,0.9742180639111518
26083,LOF,0.1755876394302086,0.013959383046896047,0.8104529775228954
26084,LOF,0.04349040783919215,0.011550631003747642,0.9449589611570602
26085,LOF,0.03847586913454866,0.011048870364289993,0.9504752605011613
26086,LOF,0.019826022610170062,0.010824568597935838,0.9693494087918941
26087,LOF,0.02384860057548337,0.008735388628693415,0.9674160107958233
26088,LOF,0.0159686421888422,0.02189709444380106,0.9621342633673567
26089,LOF,0.03980640087958124,0.02157259407531652,0.9386210050451022
26090,LOF,0.03936136720763174,0.017604086210928765,0.9430345465814395
26091,LOF,0.03228087489321203,0.0061991553103459066,0.9615199697964422
26092,LOF,0.022661980589749258,0.007685166030713387,0.9696528533795373
26093,LOF,0.033473268827938905,0.005987641620231257,0.9605390895518299
26094,LOF,0.03228443007708057,0.006286330444384714,0.9614292394785349
26095,LOF,0.03828531534233388,0.01371978377561325,0.9479949008820528
26096,LOF,0.016505768273271285,0.011184627741427044,0.9723096039853016
26097,LOF,0.01150858847868716,0.038725945633386945,0.9497654658879259
26098,LOF,0.0733119462730658,0.012039295653962858,0.9146487580729714
26099,LOF,0.01998731974422816,0.01205730297677783,0.9679553772789941
26100,LOF,0.022264995576463647,0.011737874008117032,0.9659971304154192
26101,LOF,0.04444352894547332,0.01691739101685889,0.9386390800376677
26102,LOF,0.019699732644346036,0.014124948972922893,0.9661753183827311
26103,Neutral,0.875477530502954,0.018001708017034938,0.10652076148001115
26104,LOF,0.07578347365067956,0.022248116693911576,0.9019684096554088
26105,LOF,0.21625716069401926,0.2554577431946798,0.5282850961113009
26106,LOF,0.16551085608079694,0.12306459528615792,0.711424548633045
26107,LOF,0.23560322505354045,0.08002110379474385,0.6843756711517156
26108,LOF,0.23426134944052146,0.08645831243448339,0.6792803381249951
26109,LOF,0.08507456466938895,0.05683099676305254,0.8580944385675585
26110,LOF,0.21010688502734073,0.006568761390876131,0.783324353581783
26111,Neutral,0.5011492395532696,0.021795432568545044,0.47705532787818533
26112,LOF,0.0335521689734929,0.006288267051064441,0.9601595639754426
26113,LOF,0.060765120830570535,0.015339631782838375,0.9238952473865911
26114,LOF,0.024889010949697584,0.029451568719051194,0.9456594203312512
26115,LOF,0.09045184002727363,0.05043814251886707,0.8591100174538593
26116,LOF,0.06529154544817418,0.058328385934443616,0.8763800686173823
26117,LOF,0.44525265404789705,0.04192779071504114,0.5128195552370618
26118,LOF,0.03323931262130389,0.02176618371747465,0.9449945036612215
26119,LOF,0.024630647791647396,0.03283477070096057,0.942534581507392
26120,LOF,0.024653319348955347,0.016681466172286896,0.9586652144787577
26121,LOF,0.03834151967580838,0.08535382134320335,0.8763046589809883
