feature0,prediction,LoGoFunc_Neutral,LoGoFunc_GOF,LoGoFunc_LOF
25546,Neutral,0.6262583733813156,0.05848579487476031,0.3152558317439241
25547,Neutral,0.4807107511360039,0.10917879782833484,0.4101104510356612
25548,Neutral,0.4968260036494633,0.09317833019218051,0.4099956661583562
25549,LOF,0.4289136405278097,0.09619632034291237,0.47489003912927785
25550,LOF,0.3645000032514239,0.12088678976759488,0.5146132069809812
25551,LOF,0.3190942542405362,0.1318751729390157,0.5490305728204481
25552,LOF,0.2637383341990953,0.12936565683275292,0.6068960089681519
25553,Neutral,0.8183654378184478,0.04598425643756726,0.135650305743985
25554,LOF,0.3092321970726898,0.1182273601498573,0.5725404427774529
25555,LOF,0.2645182874378297,0.11250438609640097,0.6229773264657694
25556,Neutral,0.47561127658843416,0.10622853479476622,0.4181601886167996
25557,LOF,0.24773970118771724,0.11788721447052194,0.6343730843417608
25558,LOF,0.30313111185002445,0.12020901742618023,0.5766598707237953
25559,LOF,0.18942726707457294,0.13970151168712036,0.6708712212383066
25560,LOF,0.1709596722051495,0.11087611247146978,0.7181642153233807
25561,LOF,0.15847834669194819,0.12278842662481473,0.7187332266832371
25562,LOF,0.0702511991229926,0.07587043133841705,0.8538783695385904
25563,LOF,0.02149414243423244,0.14239582411925045,0.8361100334465171
25564,LOF,0.21617959204443415,0.11993860011734536,0.6638818078382204
25565,LOF,0.21878471125941756,0.13706392545211923,0.6441513632884631
25566,GOF,0.0986740785363157,0.7206695565198658,0.1806563649438185
25567,LOF,0.0340836000600457,0.1313944086520815,0.8345219912878727
25568,LOF,0.06101190572581093,0.07262788557722596,0.8663602086969631
25569,LOF,0.05942322675448429,0.0733281020843737,0.867248671161142
25570,LOF,0.025988528599213096,0.10346815133634021,0.8705433200644467
25571,LOF,0.025010760579373358,0.11048348750713342,0.8645057519134931
25572,LOF,0.06280295341030391,0.11546611000663949,0.8217309365830565
25573,LOF,0.0543920724401653,0.08649679188750421,0.8591111356723304
25574,LOF,0.05601834630086766,0.18924731120804095,0.7547343424910913
25575,LOF,0.02193085752024357,0.11777545488727557,0.8602936875924809
25576,LOF,0.0352064565883526,0.1553522448110486,0.8094412986005989
25577,LOF,0.03193361178886165,0.11426539649950704,0.8538009917116313
25578,LOF,0.30194809642039044,0.08315833717333766,0.6148935664062719
25579,LOF,0.14353591778835906,0.08955283849448455,0.7669112437171564
25580,LOF,0.01941975270000807,0.0811064159931548,0.8994738313068371
25581,LOF,0.05552163316667543,0.06730790024572564,0.8771704665875989
25582,LOF,0.05553146418161506,0.06610995556963142,0.8783585802487535
25583,LOF,0.020133351017160916,0.08581855902717006,0.8940480899556691
25584,Neutral,0.679884180674127,0.10244886581481544,0.21766695351105753
25585,LOF,0.028587211854016893,0.12403298354392708,0.847379804602056
25586,LOF,0.01778047590676222,0.06687760927410931,0.9153419148191285
25587,LOF,0.017030303412802872,0.061780592473677065,0.9211891041135201
25588,LOF,0.02035892452830595,0.07384468920584328,0.9057963862658508
25589,Neutral,0.5015611749785536,0.21135163220778316,0.28708719281366313
25590,LOF,0.048872597537459934,0.11492616747546285,0.8362012349870773
25591,LOF,0.10069610136492643,0.056727686553396536,0.842576212081677
25592,LOF,0.056856477026011557,0.13845036479290837,0.8046931581810801
25593,LOF,0.11984945143215212,0.24735417999988255,0.6327963685679653
25594,LOF,0.04734643110126946,0.10453362517434242,0.848119943724388
25595,LOF,0.04632413252241368,0.07745794626728467,0.8762179212103017
25596,LOF,0.10707553261892268,0.042216591704107596,0.8507078756769697
25597,LOF,0.07932681613337643,0.050201215427423146,0.8704719684392005
25598,LOF,0.046354779555213894,0.07811287296292656,0.8755323474818595
25599,GOF,0.019613249849000706,0.508158777754078,0.47222797239692127
25600,GOF,0.1680322210359604,0.5190917829321046,0.31287599603193506
25601,LOF,0.042923107569768526,0.4158977904499526,0.5411791019802789
25602,LOF,0.03466563032629325,0.0564920555289235,0.9088423141447833
25603,LOF,0.03477279432733705,0.027188190992506956,0.9380390146801559
25604,LOF,0.04017696124426599,0.06470015924960792,0.8951228795061261
25605,LOF,0.04273736381588073,0.171969554355874,0.7852930818282453
25606,LOF,0.43672773550162625,0.09403278889013199,0.4692394756082417
25607,LOF,0.02572648834002996,0.1718497972964508,0.8024237143635192
25608,LOF,0.0331086078157452,0.0805131309992204,0.8863782611850344
25609,GOF,0.1486332833988639,0.545053041810692,0.30631367479044413
25610,LOF,0.01610460741182026,0.027442614648038863,0.9564527779401409
25611,LOF,0.014298667107035378,0.03133976126447413,0.9543615716284906
25612,LOF,0.0469380449794751,0.04034673195912615,0.9127152230613987
25613,LOF,0.045055495751127,0.038854699228177594,0.9160898050206954
25614,LOF,0.02089894890754549,0.025258193190878842,0.9538428579015756
25615,LOF,0.046913262105764075,0.03938659432904035,0.9137001435651956
25616,LOF,0.048463761876242614,0.02765355977014572,0.9238826783536116
25617,LOF,0.04342936236906975,0.03563096784659693,0.9209396697843333
25618,LOF,0.04987597356118162,0.035024517108587123,0.9150995093302312
25619,LOF,0.01601279585564732,0.03141338202764666,0.9525738221167059
25620,LOF,0.06413789331423136,0.040367122081728775,0.8954949846040399
25621,LOF,0.04967581805605328,0.033523532974129036,0.9168006489698177
25622,LOF,0.060370791091237226,0.03136990514074959,0.9082593037680131
25623,LOF,0.06590522892470468,0.0264072514646201,0.9076875196106752
25624,LOF,0.018577595982325914,0.032887430261284045,0.94853497375639
25625,LOF,0.06200398794396865,0.03759232917065121,0.9004036828853801
25626,LOF,0.045821678148469026,0.038293546986346176,0.9158847748651848
25627,Neutral,0.8866845187068008,0.02213387193135963,0.09118160936183958
25628,LOF,0.1253144158778866,0.06614539330097426,0.8085401908211391
25629,LOF,0.05811320076705403,0.04275097799155297,0.899135821241393
25630,LOF,0.26344252539854884,0.07854703982873852,0.6580104347727127
25631,Neutral,0.5615039202635381,0.06526902937573481,0.373227050360727
25632,LOF,0.02632592414650323,0.058777710519411754,0.9148963653340849
25633,LOF,0.21105110481897202,0.03239670133261592,0.7565521938484121
25634,LOF,0.03529060685683424,0.07351828872495973,0.8911911044182059
25635,LOF,0.03455564803071903,0.039808945755824617,0.9256354062134563
25636,LOF,0.03484968888320364,0.4691430331167737,0.49600727800002276
25637,GOF,0.0734296472696184,0.4886932023528133,0.43787715037756825
25638,LOF,0.030184723906031632,0.31751135035278705,0.6523039257411813
25639,LOF,0.031022134110025485,0.3554491616434591,0.6135287042465154
25640,Neutral,0.8005859771916871,0.15873602149239796,0.04067800131591498
25641,LOF,0.05598375377843081,0.43211293236267423,0.511903313858895
25642,LOF,0.041501920076301324,0.15419686392760787,0.8043012159960908
25643,LOF,0.21546754870017887,0.15374548673883406,0.6307869645609872
25644,LOF,0.02437516321315527,0.4812072043655167,0.49441763242132797
25645,LOF,0.02266492789542211,0.42372322077705854,0.5536118513275193
25646,LOF,0.058558886754247835,0.33254411678467,0.6088969964610822
25647,LOF,0.025389129299146707,0.27287720091019185,0.7017336697906614
25648,LOF,0.03554065406191608,0.24850356289789335,0.7159557830401907
25649,LOF,0.016747942892703056,0.23262106567002877,0.7506309914372681
25650,LOF,0.06260656500550572,0.41253030068444924,0.524863134310045
25651,LOF,0.016855353156723644,0.2778529661090918,0.7052916807341845
25652,LOF,0.03232581835353282,0.25665820173776893,0.7110159799086982
25653,LOF,0.08765515804543994,0.41254058655623627,0.49980425539832385
25654,LOF,0.02390550662402697,0.19133341162991463,0.7847610817460584
25655,GOF,0.23475176466996367,0.3879922850747407,0.37725595025529557
25656,LOF,0.2891698990942702,0.05338822951193882,0.657441871393791
25657,LOF,0.07589924066289863,0.06255539293766005,0.8615453663994413
25658,LOF,0.3956356030150996,0.05584661203166661,0.5485177849532338
25659,Neutral,0.5406472699544936,0.08379891118717636,0.37555381885833
25660,LOF,0.02596619860279321,0.07883545491799782,0.8951983464792089
25661,LOF,0.09367839102527693,0.05706679993729119,0.8492548090374319
25662,LOF,0.03195509792255391,0.030062997762841475,0.9379819043146046
25663,LOF,0.037731474095499186,0.04223066927289533,0.9200378566316054
25664,LOF,0.13811768132858032,0.050316493751494815,0.8115658249199248
25665,LOF,0.05485380081486884,0.02740247870172366,0.9177437204834075
25666,LOF,0.08997741328349125,0.06446902261543253,0.8455535641010762
25667,LOF,0.06686379862311397,0.03349132115450417,0.8996448802223819
25668,LOF,0.03558112745353648,0.045442028290198916,0.9189768442562646
25669,LOF,0.03250320411164006,0.04899801387254243,0.9184987820158175
25670,LOF,0.14046883749733297,0.04445561511008476,0.8150755473925824
25671,LOF,0.0956763305288545,0.03191269655519189,0.8724109729159537
25672,LOF,0.052266784281309445,0.038162627871535126,0.9095705878471555
25673,LOF,0.0839627822573674,0.037568824522497775,0.8784683932201348
25674,LOF,0.07236733223247725,0.047926278541154964,0.8797063892263678
25675,LOF,0.11941468686649054,0.04740699672468724,0.8331783164088221
25676,LOF,0.017612510012156073,0.04999370346497052,0.9323937865228734
25677,LOF,0.02442904268501601,0.0680753478132349,0.907495609501749
25678,LOF,0.198527865570133,0.05491032318081395,0.746561811249053
25679,LOF,0.1326651042936077,0.08355893429218073,0.7837759614142117
25680,LOF,0.029658310624533717,0.11214428022496077,0.8581974091505055
25681,LOF,0.04700245189056998,0.10408332791184953,0.8489142201975804
25682,LOF,0.13928017408979254,0.06470845089152305,0.7960113750186844
25683,LOF,0.12138359158531639,0.0924827601434483,0.7861336482712352
25684,LOF,0.04157490019783421,0.06680636813387036,0.8916187316682955
25685,LOF,0.12419194575632377,0.04802087505870322,0.827787179184973
25686,LOF,0.07301518958878749,0.09373888808924014,0.8332459223219723
25687,LOF,0.1136524308604713,0.08864319058650953,0.7977043785530191
25688,LOF,0.31882137202731087,0.03211500715693029,0.649063620815759
25689,LOF,0.2354432762570131,0.03761562780173592,0.726941095941251
25690,LOF,0.36058802016305186,0.028657279734792273,0.6107547001021558
25691,Neutral,0.7001010411883368,0.022126190892709414,0.2777727679189538
25692,LOF,0.30349676995186176,0.010809290475922375,0.6856939395722158
25693,LOF,0.045887290348283434,0.4748293939646181,0.4792833156870984
25694,LOF,0.11931239866175042,0.018689035496710367,0.8619985658415392
25695,LOF,0.11870509996744256,0.017825279364390864,0.8634696206681665
25696,LOF,0.10637374342824839,0.009598907934852928,0.8840273486368987
25697,LOF,0.11833482192253413,0.036188278963533965,0.8454768991139319
25698,LOF,0.3292140647871402,0.2393336418683152,0.4314522933445446
25699,LOF,0.4284387033619992,0.04337533007287856,0.5281859665651223
25700,LOF,0.05580622689272759,0.008397013345032239,0.9357967597622402
25701,LOF,0.1603333573543185,0.049637723338558974,0.7900289193071225
25702,GOF,0.17022664293051937,0.5639029700925703,0.2658703869769103
25703,LOF,0.018162048859453567,0.1714393423144736,0.8103986088260728
25704,LOF,0.051798790547324,0.1205409314448262,0.8276602780078498
25705,LOF,0.05588825832312259,0.19992173776498737,0.7441900039118899
25706,LOF,0.09331251429815555,0.3608556016474766,0.5458318840543679
25707,LOF,0.08921281101808413,0.27072371400498524,0.6400634749769305
25708,LOF,0.030290863175446374,0.23845212260465015,0.7312570142199035
25709,LOF,0.057118461611750375,0.042423619427510204,0.9004579189607395
25710,LOF,0.012599864475756041,0.1392258693548597,0.8481742661693843
25711,LOF,0.01788111375456843,0.09656812275223403,0.8855507634931975
25712,LOF,0.013159462659957063,0.1954823843553512,0.7913581529846917
25713,LOF,0.01719647173300397,0.0836734294289936,0.8991300988380025
25714,LOF,0.06736691735577219,0.08054255143749213,0.8520905312067356
25715,LOF,0.009503884238938052,0.14658233010518007,0.8439137856558818
25716,LOF,0.013093852542622441,0.11642225395416149,0.870483893503216
25717,LOF,0.013087826587123359,0.07090654855099322,0.9160056248618835
25718,LOF,0.01165830109764736,0.09658584429199521,0.8917558546103574
25719,LOF,0.017688899170484874,0.07729101001869824,0.9050200908108169
25720,LOF,0.020097237273250204,0.06966041051703012,0.9102423522097196
25721,LOF,0.014575533720706618,0.11200135624515573,0.8734231100341375
25722,LOF,0.012209728325934003,0.11632925399373732,0.8714610176803286
25723,LOF,0.020667600742151442,0.044137732431458916,0.9351946668263897
25724,LOF,0.021868567351570174,0.08205786055096,0.8960735720974699
25725,LOF,0.010759523033117006,0.06465890918454933,0.9245815677823336
25726,LOF,0.013144125419521646,0.09501755166711136,0.891838322913367
25727,LOF,0.012306669379788653,0.06909499992509185,0.9185983306951194
25728,LOF,0.00894485318457335,0.10735016696396706,0.8837049798514596
25729,LOF,0.00923373290211845,0.10621079412671686,0.8845554729711648
25730,LOF,0.012354327268833752,0.08118052373281485,0.9064651489983514
25731,LOF,0.020081007299992123,0.10659667960082346,0.8733223130991845
25732,LOF,0.013190140134113723,0.08233218657624508,0.9044776732896412
25733,LOF,0.014637887278200326,0.07239590995372315,0.9129662027680766
25734,LOF,0.012958381932980967,0.12352662737464304,0.863514990692376
25735,LOF,0.012400968125825735,0.08783837634413115,0.8997606555300433
25736,LOF,0.012658874260167846,0.10899697161921,0.8783441541206222
25737,LOF,0.018909592785131425,0.08500787704616251,0.8960825301687061
25738,LOF,0.012179797014781798,0.10930300885772318,0.8785171941274951
25739,LOF,0.018197803296916084,0.08707631724493842,0.8947258794581455
25740,LOF,0.02499519239246389,0.10085993378942774,0.8741448738181083
25741,LOF,0.013900414622773964,0.11431867335369195,0.871780912023534
25742,LOF,0.11369046581984615,0.08009770756351611,0.8062118266166378
25743,LOF,0.03502321308519774,0.02825180986982482,0.9367249770449774
25744,Neutral,0.6028391753287905,0.19937020303012967,0.19779062164107983
25745,LOF,0.08448562766136412,0.06460520854955172,0.8509091637890841
25746,LOF,0.04367301518320967,0.07346258366840437,0.8828644011483859
25747,LOF,0.022641290053970385,0.039377195724097175,0.9379815142219324
25748,LOF,0.10949476661281465,0.061078168055217846,0.8294270653319674
25749,LOF,0.026162193719566566,0.07420472616241537,0.899633080118018
25750,LOF,0.08981378569591258,0.07769156737147687,0.8324946469326107
25751,LOF,0.09244333861153903,0.05824112993148467,0.8493155314569762
25752,GOF,0.1158831406107015,0.6663635557879007,0.21775330360139777
25753,LOF,0.020373292928071638,0.29738841702603336,0.682238290045895
25754,GOF,0.01088417698825809,0.773510931064312,0.21560489194742996
25755,LOF,0.024378296899353842,0.38440000312036854,0.5912216999802776
25756,LOF,0.03933525965031911,0.3948970455980323,0.5657676947516486
25757,GOF,0.01441566483457862,0.8382799054078078,0.14730442975761363
25758,GOF,0.028838785162121777,0.8395130083006512,0.131648206537227
25759,GOF,0.012001346025297914,0.546148389489396,0.441850264485306
25760,LOF,0.011668509481445523,0.24623335481927286,0.7420981356992816
25761,GOF,0.26232997956343573,0.6460299903784534,0.09164003005811082
25762,LOF,0.03550460732249511,0.2744541372360593,0.6900412554414455
25763,LOF,0.013226084858734062,0.20208287424593493,0.7846910408953309
25764,GOF,0.06239429877944014,0.6250347004360622,0.31257100078449757
25765,GOF,0.04083144568125198,0.7618969971750993,0.1972715571436488
25766,GOF,0.05778795596196019,0.7832182482615424,0.15899379577649747
25767,GOF,0.17580609614081086,0.4327653405483539,0.39142856331083514
25768,LOF,0.08655664917541821,0.061043531465767346,0.8523998193588144
25769,LOF,0.067529995507701,0.06873074434462773,0.8637392601476713
25770,LOF,0.27943334722459884,0.08347274693182269,0.6370939058435785
25771,LOF,0.03810998243709647,0.045579945955648814,0.9163100716072548
25772,LOF,0.016105549939321066,0.03371017365205356,0.9501842764086252
25773,LOF,0.045026859757177684,0.08668999670401455,0.8682831435388076
25774,LOF,0.027228967593725305,0.07472111016275003,0.8980499222435246
25775,LOF,0.04480009972912352,0.04382846687051189,0.9113714334003645
25776,LOF,0.06629583681380433,0.027801214028689673,0.905902949157506
25777,LOF,0.34021485968468584,0.05333853980481188,0.6064466005105023
25778,LOF,0.06386672511346998,0.052006544028335024,0.8841267308581949
25779,GOF,0.3916021898683428,0.5704495572397481,0.03794825289190916
25780,GOF,0.3250279883287857,0.6061353981902431,0.06883661348097121
25781,GOF,0.14850989912323637,0.7427245866366164,0.10876551424014723
25782,GOF,0.2113870320004864,0.716160630917334,0.07245233708217962
25783,GOF,0.03010846573949142,0.6334015786157474,0.33648995564476103
25784,Neutral,0.4978660340106577,0.4649295828811656,0.03720438310817669
25785,GOF,0.45916620645241857,0.5012308512956238,0.03960294225195758
25786,GOF,0.027343641323619074,0.7718390604911407,0.20081729818524025
25787,Neutral,0.6412706290263019,0.334616063900978,0.024113307072720042
25788,LOF,0.049479040984961566,0.10569704056799124,0.8448239184470472
25789,GOF,0.21376558644836754,0.6645158247626849,0.12171858878894772
25790,GOF,0.24226044459213744,0.6504153805188845,0.10732417488897815
25791,GOF,0.1707170338579976,0.6537016891693613,0.175581276972641
25792,GOF,0.3651974057051694,0.5046729621117635,0.13012963218306714
25793,GOF,0.27359778656407724,0.5268494317203075,0.19955278171561525
25794,GOF,0.29354715836539175,0.5463698035180419,0.16008303811656643
25795,GOF,0.07815161055118851,0.6728378037786583,0.24901058567015333
25796,Neutral,0.5515657476439152,0.37302966908148494,0.07540458327459983
25797,GOF,0.09134368774443521,0.5467617499993382,0.36189456225622657
25798,GOF,0.009872037204118982,0.5145031823495763,0.4756247804463047
25799,LOF,0.0073551244789182655,0.4047951861985532,0.5878496893225285
25800,GOF,0.03393558480194161,0.5916339487012044,0.3744304664968539
25801,GOF,0.22153541919435346,0.6648253188868651,0.11363926191878143
25802,GOF,0.09154982598788419,0.6857349055548239,0.22271526845729203
25803,GOF,0.040021246084247994,0.5658207632080215,0.3941579907077305
25804,LOF,0.03737457328908379,0.4773850611258124,0.4852403655851039
25805,GOF,0.11307513879143935,0.5770783302670371,0.30984653094152353
25806,GOF,0.11045737417491552,0.5855238266427206,0.3040187991823639
25807,GOF,0.021630197641954653,0.6225806650024748,0.35578913735557066
25808,GOF,0.09905826585022667,0.6286910306649645,0.27225070348480895
25809,GOF,0.01963602646920766,0.6011745185667884,0.37918945496400386
25810,GOF,0.018353336116236296,0.6343576833934534,0.3472889804903102
25811,Neutral,0.46209051394996237,0.45746800856747205,0.08044147748256568
25812,GOF,0.030629986321263604,0.6497379644931823,0.319632049185554
25813,Neutral,0.491451180052457,0.40994284278607296,0.09860597716147002
25814,GOF,0.11407132871881226,0.6504969410143234,0.23543173026686434
25815,GOF,0.19855164351213367,0.6141893493393428,0.18725900714852364
25816,GOF,0.022152944482506005,0.7015647069176436,0.2762823485998505
25817,GOF,0.22207788015692317,0.6292156852180272,0.14870643462504965
25818,GOF,0.05215508238387076,0.6662279950263678,0.28161692258976134
25819,GOF,0.3841452804166436,0.48138641312158603,0.13446830646177027
25820,GOF,0.2005065636274305,0.5974904529235796,0.20200298344898995
25821,GOF,0.061415003035733974,0.6737406655654498,0.2648443313988163
25822,GOF,0.22896798551493094,0.5486545138132567,0.22237750067181233
25823,GOF,0.033869861187657904,0.5242132039804712,0.44191693483187094
25824,GOF,0.10003076048920077,0.6222729961997132,0.27769624331108606
25825,GOF,0.0397716833545336,0.6147364283723283,0.345491888273138
25826,GOF,0.016502678073556605,0.6019831063887164,0.38151421553772696
25827,GOF,0.023642457759963195,0.5852762669332466,0.39108127530679015
25828,GOF,0.0130638602819913,0.514921935744027,0.4720142039739818
25829,GOF,0.005641337415823221,0.5762345588648325,0.4181241037193441
25830,LOF,0.03676076298720862,0.29955105627890294,0.6636881807338884
25831,GOF,0.209746672002388,0.679636950734508,0.11061637726310404
25832,GOF,0.03513214111086008,0.7444089158091384,0.22045894308000158
25833,GOF,0.12348624118297982,0.7447440686349408,0.13176969018207943
25834,GOF,0.03408894573841621,0.7618294795519333,0.2040815747096505
25835,GOF,0.06924037160728058,0.7806842394994097,0.1500753888933097
25836,GOF,0.03559230742810237,0.7214860847280957,0.242921607843802
25837,GOF,0.028995887177891647,0.597325966390419,0.3736781464316892
25838,GOF,0.10048189751075932,0.7759714324325325,0.12354667005670825
25839,GOF,0.2871392782564377,0.5986084546436363,0.11425226709992599
25840,GOF,0.2315220492288981,0.6285096112813137,0.1399683394897882
25841,GOF,0.23892074558109136,0.6277542552607457,0.13332499915816287
25842,GOF,0.1477445775547036,0.7369821321347847,0.11527329031051171
25843,GOF,0.21649251843807485,0.7036893225509769,0.07981815901094831
25844,GOF,0.061567301389422284,0.7274034807232128,0.21102921788736506
25845,GOF,0.015913297459955743,0.4996102753048849,0.4844764272351593
25846,GOF,0.13425676686095522,0.7219930035058264,0.14375022963321835
25847,GOF,0.1064769972158399,0.7898620207499827,0.1036609820341774
25848,GOF,0.03990957515307197,0.7147907842855903,0.24529964056133774
25849,GOF,0.011438027063911982,0.5963530456433348,0.3922089272927532
25850,GOF,0.019909022878451116,0.6632840986147821,0.31680687850676675
25851,GOF,0.015582662144599453,0.5246228962746932,0.4597944415807074
25852,GOF,0.16514917087110043,0.5481994839212941,0.2866513452076054
25853,GOF,0.35762772620976024,0.5695958067881437,0.07277646700209595
25854,GOF,0.022986530973578348,0.6327140871623403,0.3442993818640813
25855,GOF,0.03493457909425146,0.5774598967833772,0.3876055241223714
25856,GOF,0.23513586310644244,0.5460536699644228,0.2188104669291347
25857,GOF,0.039476757437488456,0.5087959677129331,0.4517272748495784
25858,GOF,0.02079155058836731,0.5560234744554913,0.4231849749561414
25859,GOF,0.010193288548135306,0.5221044946987311,0.4677022167531336
25860,GOF,0.3493997754608027,0.5711721171489669,0.07942810739023036
25861,GOF,0.42202748826513586,0.5104869882756906,0.06748552345917354
25862,GOF,0.09017370290324311,0.7799245163707178,0.12990178072603906
25863,GOF,0.08383989421735857,0.7886780215372963,0.12748208424534518
25864,GOF,0.19501250060036596,0.7315926864790574,0.07339481292057667
25865,GOF,0.08425763429961827,0.7968224853091127,0.11891988039126887
25866,GOF,0.05395501095482638,0.7969135538384028,0.14913143520677094
25867,GOF,0.08233984156767535,0.820175962863124,0.09748419556920071
25868,GOF,0.23640499170598514,0.6706521123364262,0.09294289595758874
25869,Neutral,0.6993964096546039,0.2586642171302379,0.041939373215158046
25870,GOF,0.2761532221039523,0.4277707314643764,0.2960760464316713
25871,GOF,0.22385682633158432,0.6621125673841148,0.11403060628430084
25872,GOF,0.08651670751055485,0.658072927652509,0.255410364836936
25873,GOF,0.11697261737227736,0.706463007882049,0.17656437474567363
25874,LOF,0.014046673345502183,0.11262667529215924,0.8733266513623386
25875,LOF,0.08734960501557427,0.04733939266798156,0.8653110023164442
25876,LOF,0.03605429229907851,0.030582378113733176,0.9333633295871883
25877,Neutral,0.5109799983590372,0.04729641207889194,0.4417235895620709
25878,LOF,0.2325386092958236,0.10379108176537931,0.6636703089387971
25879,LOF,0.08975586502571094,0.10188472150969309,0.8083594134645959
25880,LOF,0.039565810212602685,0.0134903051708434,0.946943884616554
25881,LOF,0.17811946992568375,0.12425696267807229,0.6976235673962439
25882,LOF,0.05970299901343571,0.01690552020760764,0.9233914807789566
25883,LOF,0.06393830831747875,0.019191311104603617,0.9168703805779176
25884,LOF,0.02988336746714616,0.026739528153379252,0.9433771043794746
25885,LOF,0.05805681323757365,0.011386664823244741,0.9305565219391815
25886,LOF,0.2720954097156353,0.037183075017308026,0.6907215152670567
25887,LOF,0.14733838325965679,0.061413455332833336,0.7912481614075099
25888,LOF,0.06410501975010108,0.058578426634026314,0.8773165536158726
25889,LOF,0.03704846187758805,0.020140005726302635,0.9428115323961094
25890,LOF,0.051511102659955295,0.1633936941547392,0.7850952031853056
25891,LOF,0.03815942160393005,0.05821064528236997,0.9036299331137
25892,LOF,0.0835590235168997,0.02311314224427379,0.8933278342388266
25893,LOF,0.24874467752916146,0.021377512668164903,0.7298778098026737
25894,LOF,0.16349942805656992,0.012952013485211772,0.8235485584582183
25895,LOF,0.1801256127292794,0.025789659307876665,0.7940847279628439
25896,LOF,0.04680749456604096,0.022152288847834763,0.9310402165861242
25897,LOF,0.2546505573403289,0.014995613961892237,0.730353828697779
25898,Neutral,0.7122026689742293,0.012559654294909274,0.2752376767308613
25899,LOF,0.22919539168016262,0.024173199854042,0.7466314084657953
25900,LOF,0.456762850610807,0.013628290470945872,0.529608858918247
25901,LOF,0.048080839703236296,0.013297868449792723,0.938621291846971
25902,LOF,0.15207402582020405,0.017271178368051823,0.8306547958117441
25903,Neutral,0.5608564564041443,0.03266425493113139,0.40647928866472444
25904,LOF,0.3077162455008213,0.04326023541240788,0.6490235190867708
25905,LOF,0.026569651262232548,0.3201837509120083,0.653246597825759
25906,LOF,0.031164299850128554,0.0764342849486665,0.892401415201205
25907,LOF,0.013578168014781268,0.33103170771826707,0.6553901242669518
25908,LOF,0.010121832406668748,0.2580645151715242,0.7318136524218071
25909,LOF,0.012942171460393394,0.12842583664221388,0.8586319918973928
25910,LOF,0.05089144236454931,0.14901176718206055,0.8000967904533902
25911,LOF,0.174997254097665,0.03725152728443991,0.7877512186178951
25912,LOF,0.04843118022791628,0.06672920846182814,0.8848396113102555
25913,LOF,0.34425790710699344,0.027072173474406606,0.6286699194186
25914,LOF,0.021098113556671717,0.05814175479488711,0.9207601316484412
25915,Neutral,0.5866415927291959,0.14358940092657668,0.26976900634422735
25916,LOF,0.07977997826384955,0.19199438130795993,0.7282256404281905
25917,LOF,0.060789824406623574,0.04160882857765345,0.8976013470157229
25918,LOF,0.023692674699091386,0.03378725495608176,0.942520070344827
25919,LOF,0.020087797334745038,0.03421928368195931,0.9456929189832957
25920,GOF,0.114797234094432,0.5437523108655046,0.3414504550400633
25921,LOF,0.023659511434500638,0.039868338024146834,0.9364721505413525
25922,LOF,0.03087196550345225,0.030049077869483506,0.9390789566270642
25923,LOF,0.4666562108403702,0.04462886511376721,0.4887149240458626
25924,LOF,0.033453099035612714,0.04795097185961047,0.9185959291047769
25925,LOF,0.06673482420629855,0.04627963715090739,0.8869855386427942
25926,LOF,0.049202898394637484,0.040180832136859405,0.9106162694685032
25927,LOF,0.05665932178905538,0.14470424123768486,0.7986364369732598
25928,LOF,0.01733582413825734,0.05350202276098191,0.9291621531007608
25929,Neutral,0.5772182930522932,0.04734101562036564,0.3754406913273411
25930,LOF,0.06535511861129097,0.0392217793088656,0.8954231020798434
25931,LOF,0.023560055039700798,0.033304467349404836,0.9431354776108944
25932,LOF,0.02622561794716925,0.030508561778949384,0.9432658202738813
25933,LOF,0.03576186849689044,0.02087070826082286,0.9433674232422866
25934,LOF,0.022476474257642334,0.02294268563272407,0.9545808401096337
25935,LOF,0.05917918912792928,0.056383400840891836,0.8844374100311789
25936,LOF,0.03968105574781558,0.025629204059389607,0.9346897401927947
25937,LOF,0.025213981222012415,0.03803146866221253,0.9367545501157751
25938,LOF,0.0618223347939214,0.060409968924496224,0.8777676962815825
25939,LOF,0.03704921865774283,0.02145338595480944,0.9414973953874476
25940,LOF,0.031347217468476456,0.33689950702918325,0.6317532755023402
25941,LOF,0.17772319332674238,0.1037302504198057,0.7185465562534519
25942,LOF,0.013156871000398529,0.03646348138799947,0.9503796476116021
25943,LOF,0.28631644862736355,0.053627161751703074,0.6600563896209334
25944,Neutral,0.4976571899617259,0.02297970007872177,0.47936310995955234
25945,LOF,0.07345825912715855,0.02205318525982419,0.9044885556130173
25946,LOF,0.03329412341451389,0.11590887865861091,0.8507969979268752
25947,LOF,0.11761027397329897,0.1775182411564272,0.7048714848702738
25948,LOF,0.3646867422009863,0.008616476785313045,0.6266967810137007
25949,LOF,0.12013713581293146,0.03760607501032331,0.8422567891767453
25950,GOF,0.31031321374378773,0.3765903357344184,0.3130964505217939
25951,LOF,0.21199579275770877,0.2852190894534637,0.5027851177888275
25952,LOF,0.04778249991370343,0.42671319395652146,0.5255043061297751
25953,LOF,0.14177707132956804,0.12384070055552795,0.7343822281149041
25954,Neutral,0.41670820341791703,0.1820276409708778,0.4012641556112052
25955,LOF,0.05181654083677567,0.07906353306990838,0.869119926093316
25956,LOF,0.16793917521647944,0.10969215612417263,0.722368668659348
25957,LOF,0.03843940580595693,0.029311913095473964,0.9322486810985691
25958,LOF,0.055224218424343545,0.025839342294436664,0.9189364392812198
25959,LOF,0.06739109052704532,0.3446230499441253,0.5879858595288294
25960,LOF,0.015568541988088443,0.04875185180274403,0.9356796062091676
25961,LOF,0.042370990789267586,0.02590051647609041,0.931728492734642
25962,LOF,0.051397348140801186,0.02307599490937544,0.9255266569498233
25963,LOF,0.04526699950966365,0.19513804196394802,0.7595949585263883
25964,LOF,0.03226023306982547,0.1504259536397063,0.8173138132904683
25965,LOF,0.42445039514978616,0.07160383742098653,0.5039457674292274
25966,Neutral,0.5226934878644266,0.18286283162974779,0.29444368050582564
25967,LOF,0.017328372250981605,0.11301111126353619,0.8696605164854823
25968,LOF,0.03377744727003618,0.39696141081731745,0.5692611419126463
25969,LOF,0.03990898672479386,0.06141792556195683,0.8986730877132494
25970,LOF,0.059912989633248925,0.06108076915309451,0.8790062412136567
25971,LOF,0.06700471166341972,0.02136245109180792,0.9116328372447723
25972,LOF,0.06601137678847521,0.029633398034875757,0.904355225176649
25973,LOF,0.08370509548419366,0.009545292377332197,0.9067496121384743
25974,LOF,0.19747332963395386,0.01669288225806715,0.785833788107979
25975,LOF,0.049237316219413095,0.02680761830049167,0.9239550654800952
25976,LOF,0.04557331015535538,0.01696706968571144,0.9374596201589331
25977,LOF,0.15334533544731754,0.08486688819833241,0.7617877763543499
25978,LOF,0.14829884876207594,0.07545496999242948,0.7762461812454946
25979,LOF,0.14364034967218375,0.0750774156981858,0.7812822346296304
25980,LOF,0.2380862801105862,0.09388171921280503,0.6680320006766087
25981,LOF,0.27140738700540223,0.09092518902915879,0.637667423965439
25982,LOF,0.43424906450989276,0.06459733081023802,0.5011536046798691
25983,LOF,0.41428749851915686,0.0737630465187415,0.5119494549621018
25984,LOF,0.04970159758091899,0.04673320158807372,0.9035652008310073
25985,LOF,0.0378932971600438,0.29086569271520035,0.6712410101247558
25986,LOF,0.044430658868763136,0.3311672268456885,0.6244021142855484
25987,LOF,0.0870415807811372,0.07315857959401786,0.839799839624845
25988,LOF,0.158000502482022,0.057847405296867375,0.7841520922211107
25989,LOF,0.037665962290442716,0.11583730983807078,0.8464967278714866
25990,LOF,0.041335252465592595,0.15592521132676573,0.8027395362076417
25991,LOF,0.12107947016909795,0.24130471684897553,0.6376158129819265
25992,LOF,0.3087244740479472,0.14257156110394495,0.5487039648481079
25993,LOF,0.02286563493874708,0.07037199100793176,0.9067623740533212
25994,LOF,0.018001866540090877,0.08899081646272479,0.8930073169971843
25995,LOF,0.022549405849554702,0.18265711759356193,0.7947934765568834
25996,GOF,0.329776242533128,0.3594892240062288,0.31073453346064317
25997,LOF,0.09089378750098466,0.3644781527774955,0.5446280597215198
25998,Neutral,0.5100218361069363,0.026805118317565442,0.46317304557549827
25999,LOF,0.11443498733686046,0.08564956522190682,0.7999154474412327
26000,LOF,0.13734432886059092,0.05725263610381835,0.8054030350355907
26001,LOF,0.19519362223745249,0.05201016231274621,0.7527962154498012
26002,LOF,0.12253020304193421,0.051564481203875544,0.8259053157541901
26003,GOF,0.012318532428912524,0.5954588723265082,0.3922225952445792
26004,GOF,0.025990112522902356,0.6708610641553588,0.30314882332173887
26005,LOF,0.007413429066468966,0.44223452806029123,0.5503520428732398
26006,Neutral,0.5318102926044402,0.2281885136688365,0.2400011937267233
26007,GOF,0.023661707375091816,0.5071674824761058,0.46917081014880235
26008,GOF,0.018783381165762787,0.5888567900254374,0.39235982880879977
26009,GOF,0.02236924550397417,0.6779040140439079,0.29972674045211783
26010,GOF,0.026729077754717365,0.6292230570229226,0.34404786522236
26011,LOF,0.0072060241053574225,0.4226567103770984,0.5701372655175443
26012,GOF,0.013620026046156745,0.5211622085430473,0.4652177654107958
26013,GOF,0.02147221045425969,0.593594200918402,0.3849335886273383
26014,LOF,0.040653622732008135,0.11719078387965402,0.8421555933883378
26015,LOF,0.15934948874531457,0.014945947855418657,0.8257045633992668
26016,LOF,0.19718026870660404,0.05966579842657856,0.7431539328668173
26017,LOF,0.22888047651753712,0.08599498604682931,0.6851245374356336
26018,LOF,0.07833010018640542,0.03647988377303325,0.8851900160405614
26019,LOF,0.07377657529787963,0.030408942312295566,0.8958144823898249
26020,LOF,0.07197773120302249,0.11000283802241528,0.8180194307745622
26021,LOF,0.04712859008622377,0.10840651835413406,0.8444648915596422
26022,LOF,0.011077840129180557,0.03921161143550362,0.9497105484353158
26023,LOF,0.06555578285360388,0.023674661904321468,0.9107695552420747
26024,LOF,0.030128684052890476,0.11885042316063454,0.851020892786475
26025,LOF,0.1469577628314201,0.10163529788344512,0.7514069392851348
26026,LOF,0.3260477470917106,0.030944470891144344,0.643007782017145
26027,LOF,0.059023702586104974,0.019174795783028803,0.9218015016308662
26028,LOF,0.16958540174722064,0.06477147496585131,0.7656431232869281
26029,LOF,0.07069152125359766,0.18948758274281535,0.7398208960035869
26030,LOF,0.021386696037388984,0.04985041287342839,0.9287628910891826
26031,LOF,0.0266831479601553,0.13623101448154745,0.8370858375582972
26032,LOF,0.06332128925648839,0.07845266479550402,0.8582260459480077
26033,LOF,0.08007860741413007,0.0763358438321994,0.8435855487536705
26034,LOF,0.04402676646105493,0.1636298526874925,0.7923433808514525
26035,LOF,0.026026535582872358,0.15043905189537454,0.8235344125217531
26036,LOF,0.03796888566218025,0.16970675193113263,0.7923243624066871
26037,LOF,0.02134816425402775,0.1223791785157716,0.8562726572302006
26038,LOF,0.06006547025824138,0.07972193835266161,0.8602125913890969
26039,LOF,0.04868928027668667,0.15464263298185563,0.7966680867414577
26040,LOF,0.20799533226352365,0.1349530657483393,0.6570516019881371
26041,LOF,0.022066136595853096,0.11258841933043022,0.8653454440737167
26042,LOF,0.01978508398164038,0.10836402062428863,0.871850895394071
26043,LOF,0.06090693818005907,0.0939236995187063,0.8451693623012346
26044,LOF,0.01883143236102911,0.06350735811684992,0.9176612095221209
26045,LOF,0.07106523834011777,0.09754317974145024,0.831391581918432
26046,LOF,0.0559176811621922,0.0782159891943408,0.8658663296434669
26047,LOF,0.07420873926875232,0.08213439177797124,0.8436568689532764
26048,LOF,0.043908342901168074,0.040644627179836496,0.9154470299189953
26049,Neutral,0.9685529583751381,0.006171716503987928,0.025275325120873986
26050,Neutral,0.9522630891996824,0.008120146692117077,0.03961676410820039
26051,LOF,0.046091667567586064,0.26338975018145977,0.6905185822509542
26052,LOF,0.06302779003760195,0.31393495940305816,0.6230372505593399
26053,LOF,0.062236884593107895,0.14221846087287826,0.7955446545340139
26054,LOF,0.05142043675104178,0.017531771162566632,0.9310477920863917
26055,LOF,0.06705565386302635,0.015414727319742742,0.9175296188172309
26056,LOF,0.05782397654028293,0.017565979314772728,0.9246100441449444
26057,LOF,0.02998888285871671,0.012034754081646032,0.9579763630596372
26058,LOF,0.030739826145457026,0.010065167162269913,0.9591950066922731
26059,LOF,0.2596303686241675,0.02050164347040744,0.719867987905425
26060,LOF,0.036600771790616576,0.17373151536994974,0.7896677128394337
26061,LOF,0.017729658224722937,0.012540744540836042,0.9697295972344411
26062,LOF,0.009773255055640672,0.017935376672113135,0.972291368272246
26063,LOF,0.019643093029881917,0.011147297149069613,0.9692096098210484
26064,LOF,0.02050610853068856,0.022453556167305502,0.9570403353020059
26065,LOF,0.025207012084479397,0.012010108430321824,0.9627828794851988
26066,LOF,0.019373406306715232,0.011473828981117772,0.9691527647121669
26067,LOF,0.02619753276339992,0.009659785168019113,0.964142682068581
26068,LOF,0.04485949241587196,0.027636010971414732,0.9275044966127133
26069,LOF,0.2614012773417585,0.01913276559749188,0.7194659570607497
26070,LOF,0.4156322657320203,0.01654110085737093,0.5678266334106088
26071,LOF,0.019650749666397536,0.012145528104871817,0.9682037222287307
26072,LOF,0.019614566300606203,0.01737697695087523,0.9630084567485185
26073,LOF,0.019797315704858192,0.011380354269850346,0.9688223300252916
26074,Neutral,0.9111700697360153,0.006140851546875934,0.08268907871710868
26075,LOF,0.046538830968002314,0.014274316364773495,0.9391868526672242
26076,LOF,0.037881633582086544,0.009859867163000595,0.9522584992549128
26077,LOF,0.008905050601557466,0.014935824449082159,0.9761591249493603
26078,LOF,0.014555312562924935,0.0109978712566069,0.9744468161804682
26079,LOF,0.06309154376149942,0.016228951285363526,0.920679504953137
26080,LOF,0.06210918099093952,0.016207793773659735,0.9216830252354008
26081,LOF,0.03600909832075399,0.007101278591220497,0.9568896230880255
26082,LOF,0.013194630449208291,0.015504286070564411,0.9713010834802274
26083,LOF,0.18253268227877248,0.015136159758865243,0.8023311579623622
26084,LOF,0.04108520928806263,0.01137322965062391,0.9475415610613135
26085,LOF,0.036373223927037124,0.010880193728148642,0.9527465823448144
26086,LOF,0.020256326960233672,0.011337377278930853,0.9684062957608355
26087,LOF,0.02341094372998537,0.008546145883852909,0.9680429103861616
26088,LOF,0.015422469675703472,0.022043588347273012,0.9625339419770235
26089,LOF,0.04067015747597202,0.021201277853338082,0.93812856467069
26090,LOF,0.0403090955185375,0.017752773943857235,0.9419381305376052
26091,LOF,0.03197745904651346,0.006613983582213803,0.9614085573712727
26092,LOF,0.021442075866196838,0.008425399780701831,0.9701325243531014
26093,LOF,0.03285955667816768,0.006542166550750952,0.9605982767710814
26094,LOF,0.035446216027701205,0.00615090957763111,0.9584028743946678
26095,LOF,0.038553022425391714,0.013487402979350764,0.9479595745952576
26096,LOF,0.01672306260234222,0.012208442784193592,0.9710684946134642
26097,LOF,0.011763082973535193,0.03497158366075569,0.9532653333657091
26098,LOF,0.07929692082574333,0.011714372882975483,0.9089887062912811
26099,LOF,0.02007201219263324,0.012828330931711866,0.9670996568756549
26100,LOF,0.02247078576687749,0.012460577404383565,0.9650686368287389
26101,LOF,0.04523685661142437,0.015456442029984838,0.9393067013585908
26102,LOF,0.020273614962331998,0.012698936846318865,0.9670274481913492
26103,Neutral,0.8809362341270661,0.019247054901885587,0.09981671097104833
26104,LOF,0.0780605738285196,0.02323160792046925,0.8987078182510111
26105,LOF,0.18762009998355958,0.2766568620100969,0.5357230380063435
26106,LOF,0.16705039839321706,0.11914563820135116,0.7138039634054317
26107,LOF,0.22952346559069597,0.08252887705363306,0.687947657355671
26108,LOF,0.23937235106899604,0.10382850485163451,0.6567991440793695
26109,LOF,0.08541006733002597,0.05282181989269022,0.8617681127772837
26110,LOF,0.20359942884288762,0.008154099468263686,0.7882464716888488
26111,Neutral,0.5158627839451874,0.027371201168908094,0.4567660148859046
26112,LOF,0.03058484909963556,0.007819492505420631,0.9615956583949438
26113,LOF,0.05930087179441021,0.018685301202729307,0.9220138270028605
26114,LOF,0.023229114357814343,0.03001935464561452,0.9467515309965712
26115,LOF,0.08099943798456069,0.053439904844960154,0.8655606571704793
26116,LOF,0.06311188700621637,0.05828222118981032,0.8786058918039732
26117,LOF,0.43895366894236115,0.042184175729230104,0.5188621553284087
26118,LOF,0.033498359424989556,0.026424660768397508,0.940076979806613
26119,LOF,0.024791440849154533,0.034354009745037384,0.9408545494058081
26120,LOF,0.025740897057696645,0.01935576154172395,0.9549033414005794
26121,LOF,0.042793872847030366,0.0876312413390632,0.8695748858139065
