feature0,prediction,LoGoFunc_Neutral,LoGoFunc_GOF,LoGoFunc_LOF
25546,Neutral,0.5840054939431073,0.16827597173177786,0.24771853432511498
25547,Neutral,0.4720759925447204,0.23866073965243298,0.2892632678028467
25548,Neutral,0.36722686764959167,0.27437685727883354,0.3583962750715748
25549,LOF,0.3252118214930775,0.2752900500347661,0.3994981284721565
25550,LOF,0.29759600858500285,0.2529004809030273,0.4495035105119699
25551,LOF,0.22209623704100706,0.2498931126936031,0.5280106502653898
25552,LOF,0.1958087281181988,0.2989552686680243,0.5052360032137769
25553,Neutral,0.7500198545149889,0.12274200450050456,0.12723814098450664
25554,LOF,0.23233490906445953,0.26184050198576564,0.5058245889497748
25555,LOF,0.18448247417676503,0.25508501094337466,0.5604325148798603
25556,LOF,0.35519243695962066,0.25372682866558455,0.3910807343747948
25557,LOF,0.19034604598730112,0.2610437862395348,0.5486101677731641
25558,LOF,0.22329248981207367,0.29784142517903606,0.47886608500889033
25559,LOF,0.260524775870469,0.06739305306825696,0.672082171061274
25560,LOF,0.0718568012416592,0.19292078792430456,0.7352224108340363
25561,LOF,0.05285607877357063,0.3151636026873144,0.631980318539115
25562,LOF,0.03932279201230922,0.1167173183683135,0.8439598896193773
25563,LOF,0.007502027892799315,0.2373115225806687,0.755186449526532
25564,LOF,0.06154220386302184,0.06256726807488922,0.875890528062089
25565,LOF,0.18347707563268975,0.1254724681112466,0.6910504562560638
25566,GOF,0.06990674204148384,0.653201493202195,0.27689176475632116
25567,LOF,0.03686555805985655,0.07054749603672288,0.8925869459034205
25568,LOF,0.06418727341766406,0.06403617688376499,0.8717765496985709
25569,LOF,0.07159858636415756,0.06617875003599892,0.8622226635998436
25570,LOF,0.0250560693114258,0.0966251550701143,0.8783187756184598
25571,LOF,0.02521579474294439,0.08780125764199354,0.8869829476150621
25572,LOF,0.03934388769919003,0.08734638313835873,0.8733097291624512
25573,LOF,0.07756185939858623,0.10686172276481343,0.8155764178366003
25574,LOF,0.09569398674436308,0.22946686211978573,0.6748391511358511
25575,LOF,0.025073048078096686,0.09769732557366878,0.8772296263482344
25576,LOF,0.01774356238882783,0.1336263250729368,0.8486301125382354
25577,LOF,0.02259446119558713,0.09221337192844324,0.8851921668759697
25578,LOF,0.29971555853305226,0.08379390506980487,0.6164905363971429
25579,LOF,0.29670223748283225,0.08086848615646126,0.6224292763607066
25580,LOF,0.029241263686560034,0.08294545689738345,0.8878132794160565
25581,LOF,0.04037938891896654,0.11352811577756226,0.8460924953034712
25582,LOF,0.04037938891896654,0.11352811577756226,0.8460924953034712
25583,LOF,0.030089874019286953,0.08854413459961777,0.8813659913810953
25584,Neutral,0.8004322030384753,0.04466409901947398,0.15490369794205072
25585,LOF,0.024739676192983864,0.08155284585390773,0.8937074779531085
25586,LOF,0.02549767402194849,0.09174130484221261,0.882761021135839
25587,LOF,0.026507367873068673,0.0944953919486595,0.8789972401782719
25588,LOF,0.031116625874498326,0.06757635411344444,0.9013070200120572
25589,Neutral,0.6603521256075888,0.14285201336576242,0.19679586102664876
25590,LOF,0.06764742535779654,0.09706928497821683,0.8352832896639866
25591,LOF,0.1288817649405187,0.05431816341241681,0.8168000716470646
25592,LOF,0.1027358021411845,0.1537587664165623,0.7435054314422531
25593,LOF,0.12377728762267506,0.34549336744114634,0.5307293449361786
25594,LOF,0.040491349853187135,0.059244580942154665,0.9002640692046583
25595,LOF,0.0503998696487653,0.040467342658677734,0.909132787692557
25596,LOF,0.12952646407390422,0.015012160397551221,0.8554613755285445
25597,LOF,0.0938761368259242,0.007486440908500793,0.898637422265575
25598,LOF,0.05471787890847419,0.04261902775582405,0.9026630933357017
25599,GOF,0.03157804072686391,0.5975408752929288,0.37088108398020747
25600,GOF,0.1962984213643147,0.48860165971432773,0.3150999189213576
25601,LOF,0.058072354416241805,0.33747204978239814,0.6044555958013601
25602,LOF,0.05666703844680277,0.05871486024691174,0.8846181013062855
25603,LOF,0.07204922192658801,0.044485549756926486,0.8834652283164856
25604,LOF,0.07042950537975347,0.13186728585742766,0.7977032087628189
25605,LOF,0.11653829106329178,0.15479093572412758,0.7286707732125807
25606,Neutral,0.6382410142863425,0.17280793018077698,0.1889510555328805
25607,LOF,0.04941491508650249,0.15702488716902138,0.7935601977444762
25608,LOF,0.05214864003522688,0.09335288040796812,0.854498479556805
25609,GOF,0.1520157282214709,0.5269258950367504,0.3210583767417787
25610,LOF,0.014300787387339165,0.11253096717437451,0.8731682454382864
25611,LOF,0.013888741805465944,0.1075446921862439,0.8785665660082902
25612,LOF,0.060692641224096046,0.10204505612418764,0.8372623026517163
25613,LOF,0.046461712661776365,0.10974767751631637,0.8437906098219072
25614,LOF,0.021943744085811272,0.11735503147832066,0.860701224435868
25615,LOF,0.04109465566791121,0.10411189091798824,0.8547934534141005
25616,LOF,0.05264498033262014,0.10309262020453291,0.844262399462847
25617,LOF,0.05275491035187243,0.11031621017030846,0.8369288794778191
25618,LOF,0.04571133402121979,0.4397676522019138,0.5145210137768665
25619,LOF,0.012590165025782328,0.24669216214083692,0.7407176728333807
25620,LOF,0.04770882070159203,0.10655598962464122,0.8457351896737667
25621,LOF,0.09086826401969703,0.09987289721692198,0.8092588387633809
25622,LOF,0.0807551471686023,0.10237615330030478,0.8168686995310929
25623,LOF,0.0629083854917802,0.08014226728699972,0.85694934722122
25624,LOF,0.021404894331815028,0.14430638310480043,0.8342887225633846
25625,LOF,0.05641807298080297,0.08530894930186897,0.858272977717328
25626,LOF,0.03425437120108573,0.10307347886559165,0.8626721499333225
25627,Neutral,0.8683383713729979,0.04418814299530287,0.08747348563169931
25628,LOF,0.18307134281620102,0.10777138105697444,0.7091572761268244
25629,LOF,0.06187291537059468,0.09697978023684278,0.8411473043925625
25630,LOF,0.23488475354184432,0.08308712292634093,0.6820281235318147
25631,LOF,0.4396105181803921,0.06896388848534789,0.49142559333426
25632,LOF,0.022925100153516075,0.03780076515594527,0.9392741346905387
25633,LOF,0.28339085505617134,0.01956260658111663,0.697046538362712
25634,LOF,0.0596727651013589,0.03194771573954798,0.9083795191590932
25635,LOF,0.03713757880051755,0.019230032843863792,0.9436323883556187
25636,GOF,0.0286997101554933,0.7166056128489668,0.2546946769955399
25637,GOF,0.029348944464769166,0.5573375250828912,0.41331353045233965
25638,GOF,0.017454063096961504,0.6993881382208496,0.2831577986821888
25639,LOF,0.021959806604215294,0.4673564171808832,0.5106837762149015
25640,Neutral,0.8820198743892542,0.0790279331903712,0.038952192420374544
25641,LOF,0.1262434891436264,0.2650828519899635,0.6086736588664102
25642,LOF,0.12704775251771408,0.17134579704655384,0.7016064504357321
25643,LOF,0.3278936834007505,0.24173367514698751,0.43037264145226195
25644,LOF,0.0075639347962228,0.4886912386719029,0.5037448265318742
25645,LOF,0.009837321763041945,0.4472717735184744,0.5428909047184837
25646,LOF,0.013855051194595609,0.32961062694164406,0.6565343218637604
25647,LOF,0.010013281028984038,0.225340124516811,0.764646594454205
25648,LOF,0.013166603367280412,0.28811644487386756,0.698716951758852
25649,LOF,0.00804759339337207,0.17091756387815765,0.8210348427284704
25650,LOF,0.023530068352735637,0.43984529764049823,0.5366246340067661
25651,LOF,0.008717204372224315,0.2552199169743198,0.7360628786534559
25652,LOF,0.006705081038879312,0.4315325395391363,0.5617623794219845
25653,LOF,0.020667806903233915,0.45982862413965225,0.5195035689571138
25654,LOF,0.007462833074116492,0.3709258705515444,0.621611296374339
25655,GOF,0.06900896113298785,0.6220355993100657,0.3089554395569466
25656,LOF,0.21856452824914493,0.32216802969058367,0.4592674420602715
25657,LOF,0.02643308298509123,0.43935167762444305,0.5342152393904657
25658,LOF,0.16133929519636359,0.3880956457403628,0.4505650590632736
25659,GOF,0.22744875825694685,0.5051162183682595,0.26743502337479363
25660,LOF,0.01603658361900509,0.3183011822231396,0.6656622341578552
25661,LOF,0.05008539861253266,0.22767976587819458,0.7222348355092728
25662,LOF,0.021908441859268758,0.12379701695720662,0.8542945411835245
25663,LOF,0.020486199169466132,0.10490106916488869,0.8746127316656452
25664,LOF,0.05738900911215946,0.19899619960429737,0.7436147912835432
25665,LOF,0.03388752935837057,0.11926698192032593,0.8468454887213034
25666,LOF,0.052931354885264285,0.17630592198296632,0.7707627231317695
25667,LOF,0.05311835433690336,0.16326703075395405,0.7836146149091427
25668,LOF,0.019012788675780427,0.17243283141637336,0.8085543799078462
25669,LOF,0.018075610896690023,0.17930873221848348,0.8026156568848266
25670,LOF,0.0837494278222345,0.14534683844477142,0.7709037337329941
25671,LOF,0.0798959365258869,0.09777538618406334,0.8223286772900497
25672,LOF,0.026674694544876202,0.18542313665912596,0.7879021687959977
25673,LOF,0.06429883405018752,0.13963883782930742,0.796062328120505
25674,LOF,0.05396324584521666,0.17742357165395248,0.7686131825008309
25675,LOF,0.04587262702314208,0.19706881108135094,0.7570585618955069
25676,LOF,0.01620942392357693,0.15210543054187659,0.8316851455345465
25677,LOF,0.015059329337389899,0.2280251533983891,0.756915517264221
25678,LOF,0.15126886163885167,0.16563556884561945,0.6830955695155289
25679,LOF,0.09358591002377616,0.1370348013425431,0.7693792886336808
25680,LOF,0.01607041351303295,0.29585373737322695,0.6880758491137401
25681,LOF,0.025446161721676068,0.2707314323390002,0.7038224059393237
25682,LOF,0.06121556857171692,0.1565502163832694,0.7822342150450137
25683,LOF,0.06211698986182359,0.12035314139217804,0.8175298687459983
25684,LOF,0.02105852155115031,0.16561043311170023,0.8133310453371496
25685,LOF,0.08703734828209796,0.22092650640739248,0.6920361453105097
25686,LOF,0.04790903135711062,0.3346307427630366,0.6174602258798528
25687,LOF,0.06548897088919689,0.371177916278965,0.5633331128318381
25688,LOF,0.4127647271740259,0.041071401201199224,0.5461638716247749
25689,LOF,0.221549298474056,0.03707841338985038,0.7413722881360937
25690,LOF,0.34870024786260223,0.03074609774272796,0.6205536543946699
25691,Neutral,0.7094979563727037,0.036038437087432686,0.25446360653986355
25692,LOF,0.36980574777169845,0.013031352455770666,0.617162899772531
25693,GOF,0.07427891219679339,0.5189112683525503,0.40680981945065625
25694,LOF,0.10130272686075266,0.02660082185329892,0.8720964512859484
25695,LOF,0.09214881414373814,0.017174223386300858,0.890676962469961
25696,LOF,0.10080552513704302,0.029936484645511588,0.8692579902174454
25697,LOF,0.053601822153555065,0.2069978075789501,0.7394003702674947
25698,LOF,0.3099724641999942,0.18740865646690208,0.5026188793331038
25699,LOF,0.3853265432192675,0.22575728477848278,0.3889161720022498
25700,LOF,0.07176269836744435,0.03857754344916374,0.8896597581833918
25701,LOF,0.18316387518868854,0.12767045842708555,0.6891656663842258
25702,GOF,0.10886307750692394,0.7923001517750231,0.09883677071805295
25703,LOF,0.010170332738787117,0.35871130400699197,0.631118363254221
25704,LOF,0.017879582653475317,0.2782905426303078,0.7038298747162169
25705,LOF,0.025938283847022812,0.17160983733392537,0.8024518788190518
25706,GOF,0.1471261735014828,0.43240469948918236,0.42046912700933486
25707,LOF,0.09485247859211694,0.4333618310365685,0.47178569037131446
25708,GOF,0.04542286402108697,0.4970546852405304,0.4575224507383825
25709,LOF,0.07107538038695115,0.10598622115430058,0.8229383984587482
25710,LOF,0.014731051457995884,0.14727731848022532,0.8379916300617789
25711,LOF,0.019999337086625303,0.1504149771473615,0.8295856857660132
25712,LOF,0.014291188692468699,0.16810009778046037,0.817608713527071
25713,LOF,0.021949718546860043,0.15117647694378583,0.8268738045093541
25714,LOF,0.07325488540202756,0.16663806962544334,0.7601070449725291
25715,LOF,0.014818725551552045,0.21248932481053737,0.7726919496379105
25716,LOF,0.01235666377953489,0.13262038161679246,0.8550229546036725
25717,LOF,0.01599669833654018,0.08525680900196106,0.8987464926614989
25718,LOF,0.01435461706484599,0.10554377709183613,0.880101605843318
25719,LOF,0.02199436003979076,0.1650245248759283,0.812981115084281
25720,LOF,0.02716559863611377,0.09205587184639406,0.8807785295174921
25721,LOF,0.01412862342584912,0.19130269111279483,0.7945686854613562
25722,LOF,0.015455645519072032,0.18474648178164185,0.7997978726992861
25723,LOF,0.025098304164201793,0.13680043186679972,0.8381012639689984
25724,LOF,0.05235990797312305,0.3125475054081695,0.6350925866187074
25725,LOF,0.014185806361745889,0.18347000471679048,0.8023441889214636
25726,LOF,0.015082382308101553,0.1852503189111787,0.7996672987807196
25727,LOF,0.01756019079685058,0.170627407541327,0.8118124016618224
25728,LOF,0.014097963538045682,0.20754047724657598,0.7783615592153783
25729,LOF,0.014644992281232807,0.2126529137073341,0.7727020940114331
25730,LOF,0.015375541253865763,0.21176044993118626,0.7728640088149479
25731,LOF,0.011362238300971982,0.12894971530255855,0.8596880463964696
25732,LOF,0.014820939020873676,0.08728488891515586,0.8978941720639704
25733,LOF,0.014012312211522044,0.10251019107725506,0.8834774967112228
25734,LOF,0.01411531464072117,0.16988305697057873,0.8160016283887002
25735,LOF,0.014243431653925892,0.11262059453333141,0.8731359738127428
25736,LOF,0.01346631307836428,0.12656221303030918,0.8599714738913267
25737,LOF,0.015373868358053329,0.16229832305585898,0.8223278085860876
25738,LOF,0.015841183712488563,0.18713833168637745,0.7970204846011341
25739,LOF,0.021530147145161316,0.14756763646673213,0.8309022163881066
25740,LOF,0.03585984840870103,0.18515259109281856,0.7789875604984804
25741,LOF,0.019261012437031926,0.20165625146418534,0.7790827360987828
25742,LOF,0.09990409147906862,0.1254350027521866,0.7746609057687449
25743,LOF,0.023724279651537627,0.050955591246033445,0.9253201291024289
25744,Neutral,0.5678910842029791,0.23558778161758082,0.19652113417944006
25745,LOF,0.04610621759141604,0.13268415214116513,0.8212096302674189
25746,LOF,0.02576290817918473,0.20159025370763678,0.7726468381131786
25747,LOF,0.014724715254850612,0.13719995643430968,0.8480753283108398
25748,LOF,0.07303614099947804,0.2219456868039127,0.7050181721966093
25749,LOF,0.016132882925446346,0.2118115072958562,0.7720556097786974
25750,LOF,0.03455561638765777,0.1912905514686708,0.7741538321436714
25751,LOF,0.09530504823977587,0.22532207387129688,0.6793728778889273
25752,GOF,0.07732145042381326,0.7350910567694666,0.18758749280672005
25753,LOF,0.0171308007784918,0.41266663273829995,0.5702025664832082
25754,GOF,0.016079959605226946,0.7445119602790707,0.23940808011570222
25755,LOF,0.0219648270224447,0.329903545817338,0.6481316271602173
25756,GOF,0.02863347316637257,0.5253393177701676,0.4460272090634599
25757,GOF,0.014394261863589976,0.8589928042358547,0.12661293390055534
25758,GOF,0.024643530540479443,0.8358502153623464,0.13950625409717418
25759,GOF,0.014558269030508943,0.7178837715035864,0.2675579594659047
25760,LOF,0.016201725232170498,0.4210265964530798,0.5627716783147496
25761,GOF,0.22457241747599588,0.7180628554489549,0.05736472707504932
25762,GOF,0.03394356968655412,0.49063080588211677,0.4754256244313292
25763,LOF,0.009828782737764706,0.3236267458535413,0.6665444714086941
25764,GOF,0.06002390300357795,0.8074704143282545,0.13250568266816745
25765,GOF,0.028259989303821405,0.8113932588489647,0.16034675184721373
25766,GOF,0.06577962118593753,0.8473112983149163,0.08690908049914628
25767,GOF,0.08842941449882545,0.7124177045391211,0.1991528809620534
25768,LOF,0.07299129390809037,0.11361336623129877,0.8133953398606107
25769,LOF,0.052864464378949275,0.06630514983167714,0.8808303857893736
25770,LOF,0.41656869323550494,0.07339726963756782,0.5100340371269273
25771,LOF,0.056490166977136776,0.04422273968951851,0.8992870933333448
25772,LOF,0.01735956254297683,0.05112816144305463,0.9315122760139685
25773,LOF,0.0594621126528036,0.03308479631650718,0.9074530910306893
25774,LOF,0.031962002726218144,0.10183698712529352,0.8662010101484884
25775,LOF,0.08294941582437332,0.02576135109494551,0.8912892330806811
25776,LOF,0.06577348472483574,0.030337705362663288,0.9038888099125011
25777,LOF,0.41437660054603487,0.03903372621842077,0.5465896732355444
25778,LOF,0.056424789144238034,0.051438949507591925,0.89213626134817
25779,Neutral,0.5297955207500157,0.3250947672268531,0.14510971202313122
25780,Neutral,0.4727722831896749,0.3221453575314292,0.20508235927889576
25781,GOF,0.1918476715802349,0.5180451596797895,0.29010716873997555
25782,GOF,0.2909619842616421,0.4337213103841859,0.27531670535417196
25783,GOF,0.02719760490204496,0.5674179400831167,0.4053844550148382
25784,Neutral,0.7101421688430852,0.16856716114094455,0.12129067001597021
25785,Neutral,0.6949578694380953,0.08922851666530318,0.2158136138966016
25786,GOF,0.026141203294605196,0.5049838484912036,0.4688749482141912
25787,Neutral,0.8390884612437104,0.05531471440974999,0.10559682434653948
25788,LOF,0.07098575129406534,0.025388291803158995,0.9036259569027756
25789,GOF,0.2801358998532994,0.3608581377248329,0.3590059624218677
25790,LOF,0.2689638196707003,0.33908150776392104,0.39195467256537864
25791,LOF,0.20244987233891,0.314521628317864,0.4830284993432261
25792,Neutral,0.4426309205884051,0.1749305407282631,0.3824385386833317
25793,LOF,0.2678487110360919,0.23445989041560855,0.4976913985482994
25794,Neutral,0.40161775298622127,0.24022947765631603,0.3581527693574626
25795,LOF,0.09430987122361217,0.4338480528006514,0.47184207597573646
25796,Neutral,0.6458107928927964,0.14106403587939795,0.2131251712278057
25797,LOF,0.11261743070940565,0.27968574514612105,0.6076968241444733
25798,LOF,0.01485228910276212,0.33477958057372,0.6503681303235179
25799,LOF,0.014286420312227842,0.3222285771213455,0.6634850025664267
25800,LOF,0.05358546964026488,0.41370952308754816,0.5327050072721871
25801,GOF,0.29130374806536674,0.4053821693717629,0.30331408256287046
25802,LOF,0.077019006783342,0.4508544492272447,0.4721265439894132
25803,LOF,0.060928475457125805,0.408120734715216,0.5309507898276582
25804,LOF,0.05103496340994655,0.40952481210141894,0.5394402244886345
25805,LOF,0.12652999242070775,0.416446643161646,0.4570233644176461
25806,LOF,0.14127148792436012,0.40078949145645826,0.4579390206191817
25807,LOF,0.024119509692026055,0.4244140980472418,0.5514663922607322
25808,LOF,0.12279495065735933,0.3604754295431378,0.5167296197995028
25809,LOF,0.022606399242586436,0.3662720940006921,0.6111215067567215
25810,LOF,0.029381141494734704,0.37232209269030825,0.598296765814957
25811,Neutral,0.6661462361039104,0.17361818228149034,0.1602355816145991
25812,LOF,0.0474309218892767,0.3294446667720714,0.6231244113386519
25813,Neutral,0.6472257992856935,0.06769186610618531,0.28508233460812116
25814,LOF,0.1918194221221057,0.25917747769090255,0.5490031001869918
25815,LOF,0.3841115741886837,0.21589628803030325,0.399992137781013
25816,LOF,0.019225645242088755,0.3411440527445482,0.639630302013363
25817,LOF,0.31091421501266253,0.326368704014865,0.3627170809724724
25818,LOF,0.043124402274695155,0.3132611933502923,0.6436144043750125
25819,Neutral,0.44740969868398694,0.2565336797963671,0.29605662151964585
25820,LOF,0.24820350326508334,0.35984032254466003,0.39195617419025675
25821,LOF,0.08003850613045606,0.44357676110970146,0.4763847327598425
25822,LOF,0.28859494369739164,0.3149499062001958,0.39645515010241256
25823,LOF,0.04977295749418106,0.4244161289728766,0.5258109135329423
25824,LOF,0.1135953185902652,0.3035258040242242,0.5828788773855107
25825,LOF,0.05027579500697751,0.3213360416263065,0.628388163366716
25826,LOF,0.015437822659643129,0.357260922186402,0.6273012551539549
25827,LOF,0.02638556842712418,0.4454447987793056,0.5281696327935702
25828,LOF,0.017233968145310717,0.37710636122755486,0.6056596706271344
25829,LOF,0.00995711380937881,0.40324953816070847,0.5867933480299127
25830,LOF,0.03990313295692794,0.0483468381472063,0.9117500288958658
25831,GOF,0.24234196929099572,0.4225117186448025,0.3351463120642018
25832,GOF,0.03973544059211313,0.4985433057105462,0.4617212536973406
25833,GOF,0.1409494272085183,0.4826558155475824,0.37639475724389926
25834,GOF,0.05311813945259009,0.4941201569603031,0.45276170358710677
25835,LOF,0.14239153177532704,0.4119146727256607,0.4456937954990121
25836,GOF,0.06622126426311342,0.4771700391453586,0.45660869659152803
25837,LOF,0.03445773324754916,0.38581300813148117,0.5797292586209697
25838,GOF,0.12993887740963958,0.47280234856643,0.39725877402393034
25839,Neutral,0.41632910059159134,0.24935685237785915,0.33431404703054957
25840,LOF,0.32897111187329814,0.30082512959719865,0.3702037585295031
25841,LOF,0.35722476678870413,0.27099633813562707,0.3717788950756688
25842,LOF,0.2660403942168807,0.3005302144232321,0.4334293913598872
25843,GOF,0.2997664751903058,0.3735542737806729,0.32667925102902123
25844,LOF,0.10001520987078139,0.31536094806883497,0.5846238420603836
25845,LOF,0.021172852486979834,0.4017581133964057,0.5770690341166144
25846,LOF,0.16168533597650372,0.3760469481802216,0.4622677158432746
25847,LOF,0.1842494414634528,0.4057910895722306,0.40995946896431656
25848,LOF,0.049689980994795685,0.3395152119469035,0.6107948070583008
25849,LOF,0.01417518668339381,0.3447816875181757,0.6410431257984306
25850,LOF,0.02947275281667844,0.4159450236198484,0.5545822235634731
25851,LOF,0.024592672421410798,0.4129689535039853,0.5624383740746038
25852,LOF,0.16912383247685545,0.3281724478292082,0.5027037196939363
25853,Neutral,0.42490508439273095,0.294076363551546,0.2810185520557229
25854,LOF,0.030227707277300016,0.46475268111032275,0.5050196116123772
25855,LOF,0.05841046369331925,0.3048796764700606,0.6367098598366203
25856,LOF,0.262036602864727,0.32663248645793996,0.41133091067733313
25857,LOF,0.047273205831639985,0.33308569549786,0.6196410986705001
25858,LOF,0.025686906989332504,0.4595867788397365,0.5147263141709311
25859,LOF,0.012475758802631463,0.47404506817246206,0.5134791730249064
25860,Neutral,0.4065397241088612,0.27978570460687835,0.3136745712842605
25861,Neutral,0.4135873919796024,0.39795443284059245,0.18845817517980515
25862,GOF,0.08448137829942759,0.48406189167286595,0.43145673002770646
25863,GOF,0.0877108575440148,0.5244350906428041,0.387854051813181
25864,GOF,0.2310206123267229,0.48406075814465865,0.28491862952861846
25865,GOF,0.09493638702630115,0.5633343016347355,0.3417293113389633
25866,GOF,0.08061571090944655,0.5854541961393944,0.33393009295115894
25867,GOF,0.10327217781043511,0.6160064250430757,0.28072139714648925
25868,LOF,0.2322185783467104,0.3765065030645308,0.39127491858875874
25869,Neutral,0.7736403198566172,0.12005556227295851,0.10630411787042425
25870,LOF,0.29936101618677685,0.025413937790596933,0.6752250460226261
25871,LOF,0.19184536515253411,0.36287916049897184,0.44527547434849396
25872,LOF,0.0919927148056923,0.296289407223253,0.6117178779710547
25873,LOF,0.15685875577571254,0.3124913923490625,0.5306498518752251
25874,LOF,0.028214867088476737,0.029801621905293018,0.9419835110062302
25875,LOF,0.03309588859905008,0.2692309081383468,0.6976732032626031
25876,LOF,0.0240971468912959,0.09047254655122143,0.8854303065574827
25877,LOF,0.3578968340392916,0.21514079727001553,0.42696236869069293
25878,LOF,0.10094719634296379,0.36409441834072453,0.5349583853163117
25879,LOF,0.04395984087601007,0.3684526288240753,0.5875875302999146
25880,LOF,0.02116568077222827,0.0385112770623496,0.9403230421654221
25881,LOF,0.41389492151330565,0.13016800639507173,0.45593707209162254
25882,LOF,0.0880823183102885,0.019857410001515044,0.8920602716881965
25883,LOF,0.09753069114837415,0.02691403686606439,0.8755552719855615
25884,LOF,0.06205450458590219,0.044879496794737794,0.89306599861936
25885,LOF,0.07724054467977702,0.025237747141437894,0.8975217081787851
25886,LOF,0.24109116000710482,0.0645510511183336,0.6943577888745617
25887,LOF,0.3452595587744176,0.09924924061134066,0.5554912006142417
25888,LOF,0.15196803830409816,0.0490371308762397,0.7989948308196622
25889,LOF,0.06589810862674425,0.03894859200732992,0.8951532993659258
25890,LOF,0.07064745291534896,0.10368317899441705,0.825669368090234
25891,LOF,0.07174997314978158,0.06506770202537253,0.8631823248248458
25892,LOF,0.10535381537001597,0.045702639375826096,0.8489435452541578
25893,LOF,0.31605150896569184,0.03209246289138093,0.6518560281429272
25894,LOF,0.17461396060428258,0.01723903780772667,0.8081470015879908
25895,LOF,0.23358957136620015,0.015993411434626025,0.7504170171991739
25896,LOF,0.04281608603263173,0.029690730513039977,0.9274931834543284
25897,LOF,0.2377940110423626,0.03224268689171112,0.7299633020659263
25898,Neutral,0.7342661591989567,0.0225907222890223,0.24314311851202106
25899,LOF,0.19035341314881535,0.12088745199025847,0.6887591348609261
25900,Neutral,0.8213111648155981,0.027396260989624215,0.1512925741947776
25901,LOF,0.05634866592670871,0.02518785178807298,0.9184634822852182
25902,LOF,0.17357124858972817,0.023218641764902584,0.8032101096453692
25903,Neutral,0.5625045773878558,0.07605885421646241,0.3614365683956817
25904,LOF,0.337116774657041,0.06787797008692475,0.5950052552560342
25905,LOF,0.034200719026590415,0.4053978231889886,0.560401457784421
25906,LOF,0.027228639963649715,0.06560011016182138,0.9071712498745289
25907,LOF,0.01272816335793146,0.32963788003985384,0.6576339566022147
25908,LOF,0.01801228360343026,0.21403787735886406,0.7679498390377056
25909,LOF,0.02113957046514854,0.19992373053481421,0.7789366990000373
25910,LOF,0.03642511249686446,0.3109645602660994,0.652610327237036
25911,LOF,0.07627897905636798,0.02794203272529079,0.8957789882183412
25912,LOF,0.036039266875651614,0.09021273036124651,0.8737480027631019
25913,LOF,0.24713554935736615,0.020560194409152403,0.7323042562334815
25914,LOF,0.02262096076034868,0.1966779732434008,0.7807010659962506
25915,GOF,0.40155359050919964,0.4060459333237431,0.1924004761670573
25916,GOF,0.023741096134555308,0.5787442209677278,0.3975146828977167
25917,LOF,0.030126785199368827,0.10128497935621415,0.8685882354444171
25918,LOF,0.026337538834918593,0.09905871008600019,0.8746037510790812
25919,LOF,0.02570798063442872,0.08979285554822322,0.884499163817348
25920,GOF,0.1774850469727364,0.48586864410025743,0.3366463089270061
25921,LOF,0.031120949149893263,0.03011218008305953,0.9387668707670472
25922,LOF,0.04740116170860209,0.01800933847500634,0.9345894998163915
25923,LOF,0.37021672572028996,0.032376714246589035,0.597406560033121
25924,LOF,0.04172399991633732,0.018466648839026868,0.9398093512446358
25925,LOF,0.08133495700586153,0.03982969372165093,0.8788353492724875
25926,LOF,0.052415849808489366,0.030808200641292253,0.9167759495502185
25927,LOF,0.07151165936346777,0.13001484605076807,0.7984734945857641
25928,LOF,0.02513138945146681,0.01984689349187372,0.9550217170566595
25929,LOF,0.47132720410696655,0.02995729392338676,0.4987155019696468
25930,LOF,0.09831070942339584,0.01908715829909128,0.8826021322775129
25931,LOF,0.034943214640618545,0.014022015230567883,0.9510347701288137
25932,LOF,0.03793879216204303,0.014460245316850619,0.9476009625211064
25933,LOF,0.04948848422852898,0.011530501055343348,0.9389810147161276
25934,LOF,0.03379364052673731,0.017256096850940636,0.9489502626223221
25935,LOF,0.08675834765613598,0.03262609371476791,0.8806155586290962
25936,LOF,0.04900677300297303,0.013776301049957996,0.937216925947069
25937,LOF,0.03624688885282358,0.029266235372915686,0.9344868757742608
25938,LOF,0.07931454848792609,0.05619068415544236,0.8644947673566316
25939,LOF,0.04103002556480719,0.015672048101583416,0.9432979263336094
25940,GOF,0.021910485479270842,0.5037856494761175,0.47430386504461164
25941,LOF,0.25216670164567634,0.016973856508453573,0.7308594418458702
25942,LOF,0.024783960684241695,0.009062362485254905,0.9661536768305035
25943,LOF,0.41669057425345346,0.017092073950360227,0.5662173517961863
25944,Neutral,0.526634912407827,0.008670235422415767,0.46469485216975726
25945,LOF,0.09798820984495167,0.028303938885676307,0.8737078512693721
25946,LOF,0.032913754794843826,0.20710862049114312,0.7599776247140131
25947,LOF,0.0981888878668608,0.2972335526193166,0.6045775595138225
25948,LOF,0.3837399709824994,0.0053224058271388,0.6109376231903618
25949,LOF,0.10806586836108864,0.011871238274154788,0.8800628933647566
25950,GOF,0.1377064186769663,0.6009326103769022,0.26136097094613153
25951,LOF,0.1784564104001321,0.2972512929309749,0.524292296668893
25952,GOF,0.02800320689214969,0.6411546061248998,0.33084218698295054
25953,LOF,0.13417324427516616,0.4044291481173151,0.46139760760751874
25954,GOF,0.29346418944327657,0.5430205850598516,0.16351522549687172
25955,LOF,0.043495430062540016,0.22804208175687493,0.7284624881805851
25956,LOF,0.2247802136360748,0.05445331739613368,0.7207664689677915
25957,LOF,0.044338499515020745,0.02639771270899584,0.9292637877759835
25958,LOF,0.08108418159862216,0.024920571163694612,0.8939952472376833
25959,LOF,0.16429316160736462,0.28525148222251107,0.5504553561701243
25960,LOF,0.029922672826221366,0.062427893105781215,0.9076494340679975
25961,LOF,0.08431447880286347,0.040131798160499305,0.8755537230366373
25962,LOF,0.06337561144794748,0.040431390166568375,0.896192998385484
25963,LOF,0.06995974422483073,0.1398856737947736,0.7901545819803957
25964,LOF,0.02848161454637415,0.35268176533737333,0.6188366201162526
25965,LOF,0.4395305018817844,0.05131832894446754,0.509151169173748
25966,GOF,0.23490429745393226,0.4031464664652288,0.36194923608083895
25967,LOF,0.012522367191439517,0.2023917003110634,0.785085932497497
25968,GOF,0.07016163411535786,0.48512702063190605,0.444711345252736
25969,LOF,0.016092929834184505,0.11230351431363937,0.8716035558521762
25970,LOF,0.046780940890547566,0.031183668627639397,0.9220353904818129
25971,LOF,0.08535573873611929,0.020506177521523464,0.8941380837423571
25972,LOF,0.07334145428569869,0.02567294581325722,0.9009855999010442
25973,LOF,0.08856277226794657,0.017059871820074117,0.8943773559119792
25974,LOF,0.33030735012319423,0.035770665788664856,0.633921984088141
25975,LOF,0.04540314300763722,0.04554247931502722,0.9090543776773354
25976,LOF,0.03888180859696455,0.04943096113716073,0.9116872302658747
25977,LOF,0.07437586603541552,0.1930407817871356,0.7325833521774487
25978,LOF,0.21098796113841864,0.09220689591173728,0.6968051429498442
25979,LOF,0.17390667187629802,0.10589963757210122,0.7201936905516008
25980,LOF,0.1982516929754336,0.17660352778117422,0.6251447792433923
25981,LOF,0.1982516929754336,0.17660352778117422,0.6251447792433923
25982,LOF,0.4145666705726861,0.08826349735549796,0.49716983207181586
25983,LOF,0.4005199025284541,0.10601188136319623,0.4934682161083495
25984,LOF,0.029385852610832024,0.1808950863512086,0.7897190610379594
25985,LOF,0.020229610930441767,0.3570727660237969,0.6226976230457613
25986,LOF,0.030551788999668962,0.3735102733507039,0.5959379376496271
25987,LOF,0.09843227956109031,0.09868841542070558,0.8028793050182041
25988,LOF,0.05188377739088299,0.20310079237607453,0.7450154302330425
25989,LOF,0.019635880290345843,0.21853574948429677,0.7618283702253574
25990,LOF,0.02662569167456484,0.17684523782179115,0.7965290705036441
25991,LOF,0.12243721124895238,0.28783581485766707,0.5897269738933805
25992,LOF,0.2816453415153142,0.25701492504571805,0.4613397334389677
25993,LOF,0.02588619288596073,0.07264628299726965,0.9014675241167697
25994,LOF,0.01556500091409575,0.08983584633588344,0.8945991527500209
25995,LOF,0.02236458320869075,0.09236496783046635,0.8852704489608428
25996,LOF,0.0992645717767036,0.3641674817912172,0.5365679464320792
25997,LOF,0.043554682062372584,0.44478570551829,0.5116596124193374
25998,LOF,0.4468163867735748,0.011525731805231264,0.541657881421194
25999,LOF,0.12888246986975488,0.284569260068992,0.5865482700612531
26000,LOF,0.0670251624918039,0.046988614494989665,0.8859862230132065
26001,LOF,0.13719158084404673,0.07949606547745518,0.783312353678498
26002,LOF,0.07118653088005832,0.1000701438448076,0.8287433252751342
26003,GOF,0.008832770276331628,0.6844260106016946,0.30674121912197366
26004,GOF,0.025006946348034232,0.6995662024054149,0.2754268512465508
26005,GOF,0.009753727952991335,0.508206672786574,0.48203959926043466
26006,Neutral,0.5027414883762219,0.295915884002946,0.2013426276208322
26007,GOF,0.01628960000150301,0.618215600670739,0.3654947993277579
26008,GOF,0.011791750180154157,0.6358630178992933,0.35234523192055256
26009,GOF,0.023079713825323183,0.6983981076513222,0.27852217852335465
26010,GOF,0.012237817717765026,0.790532631225782,0.19722955105645296
26011,GOF,0.007082600921726406,0.5363249587449086,0.456592440333365
26012,GOF,0.014031132261166934,0.5659058677493894,0.4200629999894436
26013,GOF,0.009512175883946214,0.6720028682050582,0.3184849559109958
26014,LOF,0.038916491365292814,0.11882981693491447,0.8422536916997927
26015,LOF,0.2228801391470745,0.006005650992157002,0.7711142098607685
26016,LOF,0.315521173847239,0.025118636671238547,0.6593601894815225
26017,LOF,0.25339832577058147,0.04147623708908995,0.7051254371403286
26018,LOF,0.09052728313598304,0.01714211031707866,0.8923306065469383
26019,LOF,0.09165201136091476,0.011027594855052636,0.8973203937840325
26020,LOF,0.09468828530535056,0.045250548870689744,0.8600611658239598
26021,LOF,0.07916007559961329,0.05729329404557303,0.8635466303548137
26022,LOF,0.019986240094425647,0.02671366618821535,0.953300093717359
26023,LOF,0.19708197113392092,0.012962017201762726,0.7899560116643164
26024,LOF,0.03618147829731495,0.06600873558788194,0.897809786114803
26025,LOF,0.314932622539692,0.044608913638564535,0.6404584638217434
26026,Neutral,0.5166988957689086,0.011388065798948495,0.4719130384321429
26027,LOF,0.09348218712053723,0.010103134680295544,0.8964146781991672
26028,LOF,0.26108563293808407,0.054600742747610335,0.6843136243143056
26029,LOF,0.0902884499699882,0.21292144375783886,0.696790106272173
26030,LOF,0.03170230900672083,0.04421366907233045,0.9240840219209487
26031,LOF,0.022136265917507284,0.19361097595007207,0.7842527581324207
26032,LOF,0.11117966925808188,0.05510957561162594,0.8337107551302922
26033,LOF,0.2853636019006854,0.0794406058335027,0.635195792265812
26034,LOF,0.04824437955524525,0.13861353546097852,0.8131420849837763
26035,LOF,0.034275882593577514,0.17961237311714193,0.7861117442892807
26036,LOF,0.04841757393364982,0.15748727489004388,0.7940951511763062
26037,LOF,0.026757790420704034,0.13386386570114467,0.8393783438781512
26038,LOF,0.11032603279600206,0.0527783727186496,0.8368955944853484
26039,LOF,0.05515940447268173,0.16405453169891354,0.7807860638284048
26040,Neutral,0.48798160600449203,0.11788045601458678,0.3941379379809211
26041,LOF,0.027348435747674572,0.13600554618921618,0.8366460180631093
26042,LOF,0.02725051858872249,0.12075514454675328,0.8519943368645243
26043,LOF,0.10861590340609976,0.06738400469808864,0.8240000918958116
26044,LOF,0.030448773835631028,0.0553904028634767,0.9141608233008923
26045,LOF,0.07398555849234621,0.14829778658157713,0.7777166549260768
26046,LOF,0.11860510349443787,0.07632785132780832,0.8050670451777538
26047,LOF,0.13130781067748612,0.07478831927722275,0.7939038700452912
26048,LOF,0.08351533685902773,0.0574160048721854,0.8590686582687868
26049,Neutral,0.9287052347495118,0.01171575375758188,0.05957901149290642
26050,Neutral,0.9038950616282104,0.013375008783627244,0.08272992958816236
26051,GOF,0.04299577598692178,0.58240624285128,0.3745979811617983
26052,LOF,0.029756653278676694,0.47656810082223783,0.49367524589908546
26053,LOF,0.049148786183670815,0.32097737490093303,0.6298738389153962
26054,LOF,0.05854179616620714,0.07951882568209336,0.8619393781516994
26055,LOF,0.05278094953074455,0.06327872517579447,0.8839403252934611
26056,LOF,0.044084057039630045,0.07022733553863209,0.8856886074217379
26057,LOF,0.029926488499379976,0.05659044042266834,0.9134830710779518
26058,LOF,0.030022661657018425,0.04792265644714309,0.9220546818958385
26059,Neutral,0.45287415426967303,0.10649679102070096,0.4406290547096259
26060,LOF,0.03191984118436905,0.38417822352877373,0.5839019352868572
26061,LOF,0.02370377952830061,0.0662628266449774,0.910033393826722
26062,LOF,0.01603250825915452,0.05431272100493395,0.9296547707359115
26063,LOF,0.026524611470268175,0.05390284196681832,0.9195725465629134
26064,LOF,0.024036793047366122,0.07291832917002011,0.9030448777826138
26065,LOF,0.02902229002665301,0.04297818652301354,0.9279995234503334
26066,LOF,0.023657985904994384,0.06400151091200927,0.9123405031829963
26067,LOF,0.026127463481694323,0.04640042493403975,0.9274721115842659
26068,LOF,0.052549876599734355,0.09655584633584872,0.8508942770644168
26069,LOF,0.38924475557477806,0.07481754708234847,0.5359376973428736
26070,Neutral,0.6356480697609806,0.04397173544355529,0.32038019479546415
26071,LOF,0.025862749328957275,0.06080357972385946,0.9133336709471833
26072,LOF,0.026114872527105752,0.09670788182232734,0.8771772456505669
26073,LOF,0.029648217923183937,0.04015630988027646,0.9301954721965396
26074,Neutral,0.9657334185726325,0.016327089303030257,0.017939492124337254
26075,LOF,0.03641960394625983,0.06346623379214715,0.9001141622615931
26076,LOF,0.04006219379256428,0.03909791876229773,0.920839887445138
26077,LOF,0.012899714656253428,0.08196820082440859,0.9051320845193379
26078,LOF,0.018137651134446802,0.06477870616834357,0.9170836426972097
26079,LOF,0.05643369384135861,0.07280952474953109,0.8707567814091103
26080,LOF,0.05643369384135861,0.07280952474953109,0.8707567814091103
26081,LOF,0.0358792801327865,0.036973943421930264,0.9271467764452833
26082,LOF,0.025501276212133984,0.0571688663727086,0.9173298574151574
26083,LOF,0.07462195549506058,0.06447164186218171,0.8609064026427576
26084,LOF,0.024414312072032273,0.062444848812803204,0.9131408391151644
26085,LOF,0.024414312072032273,0.062444848812803204,0.9131408391151644
26086,LOF,0.025937449676739454,0.07009357411855975,0.9039689762047007
26087,LOF,0.026872817498085195,0.05571654003584039,0.9174106424660745
26088,LOF,0.026982940829974003,0.14414843832520569,0.8288686208448204
26089,LOF,0.04780233305952341,0.05956945119144793,0.8926282157490287
26090,LOF,0.04375991656490152,0.05218380576247841,0.9040562776726201
26091,LOF,0.04406867161670356,0.02739217061139026,0.9285391577719063
26092,LOF,0.029311134235143265,0.0467080912428785,0.9239807745219782
26093,LOF,0.04182773675584629,0.029027139012924377,0.9291451242312294
26094,LOF,0.04916970022514533,0.02442935638526145,0.9264009433895932
26095,LOF,0.05395204997283245,0.07140894637184217,0.8746390036553254
26096,LOF,0.027406259261327365,0.041819074373064036,0.9307746663656087
26097,LOF,0.011470181807569015,0.16403618220204522,0.8244936359903857
26098,LOF,0.05542701122151873,0.048608470130757246,0.8959645186477241
26099,LOF,0.026182263916384108,0.09856387663258857,0.8752538594510274
26100,LOF,0.026182263916384108,0.09856387663258857,0.8752538594510274
26101,LOF,0.052337305785167036,0.07819478007015775,0.8694679141446751
26102,LOF,0.027242683959700954,0.06397405357855704,0.9087832624617421
26103,Neutral,0.796324764408906,0.09082170329869682,0.11285353229239717
26104,LOF,0.043218022423384565,0.12574614188559718,0.8310358356910184
26105,LOF,0.326279022332173,0.08109075577576,0.592630221892067
26106,LOF,0.1883370105860547,0.04482437651093483,0.7668386129030105
26107,LOF,0.25404319833842254,0.06560307942369815,0.6803537222378793
26108,LOF,0.18720599349768255,0.06065367534785457,0.7521403311544629
26109,LOF,0.05364906512913441,0.15823691405039442,0.7881140208204712
26110,LOF,0.28671731920224064,0.049339975580817236,0.6639427052169421
26111,LOF,0.37783431015561314,0.08018688426036664,0.5419788055840202
26112,LOF,0.04027478885844799,0.04296481881128633,0.9167603923302656
26113,LOF,0.053167667332602295,0.11087635759974615,0.8359559750676515
26114,LOF,0.03320655445026486,0.024712305301718657,0.9420811402480165
26115,LOF,0.17940411607914777,0.044880574834288506,0.7757153090865637
26116,LOF,0.08858354683487253,0.049330420349697174,0.8620860328154302
26117,LOF,0.2884952755697658,0.15931501545449792,0.5521897089757363
26118,LOF,0.042986912872901926,0.036865175464898245,0.9201479116621998
26119,LOF,0.03414664493134954,0.11510727007593663,0.8507460849927139
26120,LOF,0.03517904979744136,0.062144507568656755,0.9026764426339018
26121,LOF,0.06803954015056092,0.10413439099365566,0.8278260688557835
26122,LOF,0.08492198118651746,0.11809601942673419,0.7969819993867483
