feature0,prediction,LoGoFunc_Neutral,LoGoFunc_GOF,LoGoFunc_LOF
25546,Neutral,0.6185271894870841,0.05974815009427867,0.3217246604186373
25547,Neutral,0.4899723289690142,0.11325825872360544,0.3967694123073804
25548,Neutral,0.4897476640549911,0.09246461979183507,0.4177877161531739
25549,LOF,0.4289185451099449,0.09108362786160777,0.4799978270284473
25550,LOF,0.3606834320621379,0.12240048324571896,0.5169160846921432
25551,LOF,0.32050658604562693,0.13175572681735284,0.5477376871370202
25552,LOF,0.28387308525390603,0.13636535399652275,0.5797615607495712
25553,Neutral,0.796280425652671,0.04854146509064146,0.15517810925668768
25554,LOF,0.3222469523480616,0.12844758909170345,0.5493054585602348
25555,LOF,0.2798513385002718,0.12014542058154629,0.6000032409181819
25556,LOF,0.44303450845836656,0.11050623093273318,0.44645926060890023
25557,LOF,0.2772961701101753,0.12796913535772494,0.5947346945320997
25558,LOF,0.33242212145846567,0.1230091203859088,0.5445687581556256
25559,LOF,0.28185625949385334,0.09384350559615358,0.624300234909993
25560,LOF,0.12712534540281129,0.13361511542187318,0.7392595391753155
25561,LOF,0.13069380912595346,0.16610440509056312,0.7032017857834834
25562,LOF,0.04835747106773338,0.10030266181219613,0.8513398671200706
25563,LOF,0.014831534813760565,0.14712406032549055,0.8380444048607489
25564,LOF,0.1193095792054987,0.1245119157939543,0.7561785050005471
25565,LOF,0.21917642030399226,0.12358311210398923,0.6572404675920185
25566,GOF,0.05813902350773982,0.6755068799617587,0.2663540965305014
25567,LOF,0.041752135422863074,0.1746141819123986,0.7836336826647384
25568,LOF,0.06333959807082494,0.09938093768729879,0.8372794642418762
25569,LOF,0.05965137102511892,0.08779753963416816,0.8525510893407129
25570,LOF,0.03052089942202199,0.13576973145151827,0.8337093691264598
25571,LOF,0.029432796761169347,0.14689788734667772,0.823669315892153
25572,LOF,0.064586774748383,0.1541184637162818,0.7812947615353352
25573,LOF,0.05649468466537597,0.1196659246601188,0.8238393906745053
25574,LOF,0.055830795968507554,0.22211386698194802,0.7220553370495445
25575,LOF,0.02442477859075107,0.14806567786909436,0.8275095435401545
25576,LOF,0.027550966663937478,0.1921528304034282,0.7802962029326342
25577,LOF,0.03239165430456714,0.1461294796161891,0.8214788660792438
25578,LOF,0.29885116881994667,0.11487447323327239,0.5862743579467808
25579,LOF,0.190443745477847,0.11242850526754992,0.6971277492546032
25580,LOF,0.02092070693517021,0.09939761384586474,0.8796816792189651
25581,LOF,0.049931705806408454,0.09111533756725351,0.858952956626338
25582,LOF,0.04968882048581443,0.08930203419238654,0.861009145321799
25583,LOF,0.02423971237357686,0.11505742131717953,0.8607028663092435
25584,Neutral,0.696013165314656,0.1376684570633104,0.16631837762203355
25585,LOF,0.02225204019927747,0.18666152102774178,0.7910864387729808
25586,LOF,0.017272450077946998,0.1063648360635866,0.8763627138584664
25587,LOF,0.018003357067633285,0.0932935113004164,0.8887031316319502
25588,LOF,0.021331172851320898,0.1066669101418745,0.8720019170068045
25589,Neutral,0.5241964203568157,0.23524321847304977,0.24056036117013466
25590,LOF,0.048693284210171,0.14233148493692596,0.8089752308529031
25591,LOF,0.08386784863454097,0.07941624819659755,0.8367159031688616
25592,LOF,0.057916240811393814,0.18820063833303916,0.753883120855567
25593,LOF,0.11852889500500624,0.2875896781072866,0.5938814268877072
25594,LOF,0.05257796320220488,0.07102814218240659,0.8763938946153884
25595,LOF,0.052039059674437387,0.044858577448091214,0.9031023628774714
25596,LOF,0.11208313720232269,0.023830757454919988,0.8640861053427574
25597,LOF,0.08525199323114796,0.030311239886705872,0.8844367668821461
25598,LOF,0.050799329416944324,0.04768356499291151,0.9015171055901442
25599,LOF,0.024003487041126245,0.43597056764593395,0.5400259453129398
25600,GOF,0.21744027049715509,0.3956004489419331,0.3869592805609119
25601,LOF,0.047100882046613474,0.3160540190404235,0.636845098912963
25602,LOF,0.03312660006138748,0.07586413037235716,0.8910092695662554
25603,LOF,0.04099093332933065,0.04624895351986538,0.912760113150804
25604,LOF,0.0422516779396331,0.08134334084775646,0.8764049812126105
25605,LOF,0.03387786879667606,0.1983305030372515,0.7677916281660725
25606,LOF,0.39693530196442345,0.12918296120957087,0.47388173682600576
25607,LOF,0.029913918647414512,0.19276971804014348,0.7773163633124421
25608,LOF,0.037890263343507424,0.1084123929693606,0.8536973436871319
25609,GOF,0.12040721410007994,0.5230442657256953,0.35654852017422467
25610,LOF,0.015153768583236372,0.045272048122936275,0.9395741832938272
25611,LOF,0.013205584082411485,0.054136786427238036,0.9326576294903505
25612,LOF,0.052198264515575604,0.058856248216375084,0.8889454872680492
25613,LOF,0.04650199667218737,0.05723076475477697,0.8962672385730356
25614,LOF,0.02251071123325052,0.040120381001423275,0.9373689077653262
25615,LOF,0.04337455862335408,0.05957265621423952,0.8970527851624064
25616,LOF,0.05410351694399825,0.04523200336912086,0.9006644796868808
25617,LOF,0.04367328608253146,0.056227196871923436,0.9000995170455452
25618,LOF,0.047606516660868944,0.06759521503672374,0.8847982683024074
25619,LOF,0.01292093093413854,0.05337029209258233,0.933708776973279
25620,LOF,0.060633279211265934,0.06377292227558268,0.8755937985131513
25621,LOF,0.06111351812075407,0.04718186070855123,0.8917046211706948
25622,LOF,0.06343938482415791,0.0552661174897899,0.8812944976860522
25623,LOF,0.07301080574481883,0.04019888245199729,0.8867903118031839
25624,LOF,0.0188629541032666,0.044536094372208825,0.9366009515245247
25625,LOF,0.06226176000816834,0.05018522822197191,0.8875530117698597
25626,LOF,0.05123825524149908,0.05199162926307612,0.8967701154954248
25627,Neutral,0.8813439996745621,0.021934896268363424,0.09672110405707446
25628,LOF,0.15509312057922747,0.0564668808262883,0.7884399985944842
25629,LOF,0.06448176699075821,0.04304208162822423,0.8924761513810175
25630,LOF,0.2541832760460509,0.06544827548333239,0.6803684484706167
25631,Neutral,0.5457186069575537,0.06092651692588891,0.3933548761165574
25632,LOF,0.02529076796322504,0.07460229013303771,0.9001069419037373
25633,LOF,0.20574365661080707,0.04460886070362559,0.7496474826855674
25634,LOF,0.03774510454322067,0.08037375982804253,0.8818811356287367
25635,LOF,0.0342130341804325,0.04063095300712388,0.9251560128124435
25636,LOF,0.0391545669914447,0.47215550808528745,0.48868992492326785
25637,GOF,0.06578449680048074,0.49628940950951417,0.43792609369000507
25638,LOF,0.028297818684622493,0.401234395975717,0.5704677853396606
25639,LOF,0.03227508792466652,0.4451240734173729,0.5226008386579605
25640,Neutral,0.8514891074386519,0.09701072680079545,0.05150016576055283
25641,GOF,0.08167311715196397,0.47191722271594055,0.4464096601320955
25642,LOF,0.06654369966156215,0.1702070232642008,0.7632492770742371
25643,LOF,0.2511906520054513,0.1370801815022361,0.6117291664923126
25644,LOF,0.01330895436675032,0.48879305946424373,0.49789798616900593
25645,LOF,0.016660094017768516,0.47763533740932634,0.5057045685729051
25646,LOF,0.04265921064516173,0.29395905462403504,0.6633817347308032
25647,LOF,0.01710726487351525,0.22433173071073914,0.7585610044157457
25648,LOF,0.019171636972766998,0.26340380060434415,0.7174245624228888
25649,LOF,0.012084974725386109,0.20392862022906508,0.7839864050455488
25650,LOF,0.03237723009322735,0.4379469422369192,0.5296758276698534
25651,LOF,0.012680248537196149,0.2669352141440845,0.7203845373187194
25652,LOF,0.021746959638275002,0.2656969681404163,0.7125560722213087
25653,LOF,0.053795124193312165,0.44889239622482646,0.49731247958186137
25654,LOF,0.013307823868079832,0.2057775272888475,0.7809146488430726
25655,GOF,0.18412407658349925,0.441713510531555,0.3741624128849457
25656,LOF,0.33595704151739453,0.1490859216997254,0.5149570367828801
25657,LOF,0.05201775411826689,0.13139260807757236,0.8165896378041607
25658,LOF,0.2985358035884105,0.13828602350727623,0.5631781729043134
25659,Neutral,0.43154072493276335,0.14403611283775475,0.4244231622294819
25660,LOF,0.023531019406498654,0.10442458356340932,0.8720443970300921
25661,LOF,0.10061085249164413,0.06250650998722404,0.8368826375211319
25662,LOF,0.035982507589847265,0.0332729452748079,0.9307445471353447
25663,LOF,0.042354410628659606,0.047919333228632406,0.9097262561427079
25664,LOF,0.13935959033958598,0.07332902705750723,0.7873113826029068
25665,LOF,0.061972851122835515,0.02741900589461892,0.9106081429825454
25666,LOF,0.09373885410916132,0.06805213289876381,0.8382090129920748
25667,LOF,0.0743420688104844,0.04775292467380524,0.8779050065157105
25668,LOF,0.03656372028593013,0.05512788332977091,0.9083083963842988
25669,LOF,0.031584170351752185,0.05286656157543285,0.915549268072815
25670,LOF,0.150352456978018,0.058679875036505715,0.7909676679854762
25671,LOF,0.1252520787176736,0.038411598787014764,0.8363363224953118
25672,LOF,0.054803846200898954,0.041261773399170046,0.903934380399931
25673,LOF,0.08083772703748715,0.053081686009452095,0.8660805869530608
25674,LOF,0.07324681800917716,0.06762961869687696,0.8591235632939459
25675,LOF,0.10575280270535203,0.07812980105598914,0.8161173962386588
25676,LOF,0.019305451591836106,0.057884607235901636,0.9228099411722622
25677,LOF,0.025469570217627184,0.07018187144403222,0.9043485583383406
25678,LOF,0.22381792912565468,0.07334756562319082,0.7028345052511545
25679,LOF,0.11559589625366272,0.0796201611676344,0.8047839425787029
25680,LOF,0.033410882054527365,0.11671250533351483,0.8498766126119578
25681,LOF,0.0498626875552744,0.104142520751154,0.8459947916935715
25682,LOF,0.1482872454785229,0.083359593281983,0.768353161239494
25683,LOF,0.11651752292449119,0.08969179798682606,0.7937906790886827
25684,LOF,0.04196584784268771,0.07102316038752796,0.8870109917697843
25685,LOF,0.13889383059414726,0.07639425565762811,0.7847119137482247
25686,LOF,0.08754880426744424,0.11541829324827384,0.7970329024842819
25687,LOF,0.13400161138180008,0.1207162328454116,0.7452821557727883
25688,LOF,0.42444074050025715,0.04450109691163332,0.5310581625881095
25689,LOF,0.2863995860573652,0.05259647471328398,0.6610039392293509
25690,LOF,0.33250069462673737,0.03705547516179029,0.6304438302114724
25691,Neutral,0.7060716369341096,0.029703760629399962,0.26422460243649054
25692,LOF,0.40017931190975053,0.012815790518844607,0.5870048975714047
25693,LOF,0.044319484671634275,0.40297541759003075,0.5527050977383349
25694,LOF,0.11391949605074148,0.021282833767567635,0.864797670181691
25695,LOF,0.11584400842310719,0.01941905189913483,0.8647369396777579
25696,LOF,0.12774263690480944,0.012725046517580746,0.8595323165776099
25697,LOF,0.07693021339141029,0.0743846371847059,0.8486851494238838
25698,LOF,0.36201426531793757,0.15743714527579955,0.4805485894062628
25699,Neutral,0.5171937034590972,0.02940691851249211,0.4533993780284107
25700,LOF,0.09430848067009096,0.008712310017895974,0.896979209312013
25701,LOF,0.1775028829430708,0.041471582236254925,0.7810255348206743
25702,GOF,0.16915792244611388,0.6296865103284672,0.20115556722541883
25703,LOF,0.016909071459978713,0.15054688894884802,0.8325440395911734
25704,LOF,0.037434073500571124,0.12536719010423986,0.837198736395189
25705,LOF,0.04417629612995254,0.1444150656886724,0.811408638181375
25706,LOF,0.1324990446906053,0.40788368155062293,0.45961727375877176
25707,LOF,0.0930507878003393,0.35890719952151473,0.5480420126781459
25708,LOF,0.04192774049063447,0.3111191889150939,0.6469530705942715
25709,LOF,0.06818199940548934,0.04718618687257604,0.8846318137219348
25710,LOF,0.011940386198690115,0.13729062639883458,0.8507689874024753
25711,LOF,0.020815633919361667,0.08912521382961784,0.8900591522510206
25712,LOF,0.015045652910396282,0.16703821092264434,0.8179161361669594
25713,LOF,0.018955495903535804,0.09720029665643322,0.8838442074400309
25714,LOF,0.07728472032595524,0.06842406319749786,0.8542912164765469
25715,LOF,0.01205141960738836,0.13425760023689384,0.8536909801557179
25716,LOF,0.011933568790443536,0.1079044335891061,0.8801619976204504
25717,LOF,0.014748483932303987,0.07281643588206195,0.9124350801856339
25718,LOF,0.011441822585024679,0.08247371272647958,0.9060844646884957
25719,LOF,0.020979609540591186,0.0777908068635883,0.9012295835958204
25720,LOF,0.02424523419989392,0.07131363523904666,0.9044411305610593
25721,LOF,0.013524542904266305,0.11773451549524656,0.8687409416004871
25722,LOF,0.014362026120474278,0.1064866656787276,0.879151308200798
25723,LOF,0.023535587297756004,0.04668325047178314,0.9297811622304609
25724,LOF,0.03163503928278054,0.08015766672890492,0.8882072939883146
25725,LOF,0.012038203786109276,0.07611274610070842,0.9118490501131822
25726,LOF,0.015603716506824605,0.1197396892949844,0.864656594198191
25727,LOF,0.01255166476870338,0.08215972010710332,0.9052886151241933
25728,LOF,0.01016281482245108,0.1018678765135075,0.8879693086640414
25729,LOF,0.01057428118956731,0.09838708700114171,0.8910386318092909
25730,LOF,0.013753869298936735,0.09270741073895233,0.893538719962111
25731,LOF,0.019450332324313167,0.0894469087915941,0.8911027588840926
25732,LOF,0.013513135971173167,0.07536091485348576,0.911125949175341
25733,LOF,0.01686468113871204,0.06430329327039465,0.9188320255908933
25734,LOF,0.011088516156204412,0.10865531186263983,0.8802561719811558
25735,LOF,0.011953498624511769,0.08206391387710359,0.9059825874983846
25736,LOF,0.012751078327058525,0.1031300545836898,0.8841188670892517
25737,LOF,0.011954311783975446,0.08742463489405562,0.900621053321969
25738,LOF,0.012064439673109228,0.10089511544193243,0.8870404448849584
25739,LOF,0.020524961413473475,0.0727332804865312,0.9067417580999954
25740,LOF,0.028463946347387293,0.10569127771024074,0.865844775942372
25741,LOF,0.015630182519296792,0.10143027547439391,0.8829395420063093
25742,LOF,0.1165793865600536,0.06937769424274581,0.8140429191972006
25743,LOF,0.03712929184036475,0.0628226706056912,0.9000480375539441
25744,Neutral,0.575031020844057,0.23344399033444618,0.19152498882149688
25745,LOF,0.05909006986748136,0.08596052041459813,0.8549494097179205
25746,LOF,0.037740707539817925,0.11657003097343999,0.8456892614867422
25747,LOF,0.020253347702925365,0.07916809674371272,0.9005785555533619
25748,LOF,0.1172808600822843,0.13458836547964742,0.7481307744380683
25749,LOF,0.025235040809732587,0.1018556102264337,0.8729093489638338
25750,LOF,0.06446471605306148,0.09757865412722694,0.8379566298197115
25751,LOF,0.08671691139248991,0.12797135932602727,0.7853117292814829
25752,GOF,0.11804982543877689,0.6414133723392627,0.2405368022219605
25753,LOF,0.024332384051642342,0.27966431139606834,0.6960033045522892
25754,GOF,0.013096662924530668,0.7971633385378456,0.18973999853762388
25755,LOF,0.025676297972627136,0.40661925968183554,0.5677044423455374
25756,LOF,0.04896655238170438,0.3679344711980343,0.5830989764202612
25757,GOF,0.01863466174536615,0.8632701228624854,0.11809521539214839
25758,GOF,0.034010695709526646,0.7835336808172926,0.18245562347318076
25759,GOF,0.011756053151959404,0.595382845087674,0.3928611017603666
25760,LOF,0.014792338976766913,0.27571407015968535,0.7094935908635477
25761,GOF,0.2666287498168544,0.6397088414974571,0.09366240868568848
25762,LOF,0.047330492413772116,0.2659537578325831,0.6867157497536448
25763,LOF,0.014893391527597352,0.20699335775077446,0.7781132507216282
25764,GOF,0.08508060198280175,0.6291134941802423,0.28580590383695587
25765,GOF,0.04634473224898846,0.7310933479726609,0.2225619197783507
25766,GOF,0.0751610182834018,0.7437454894593702,0.1810934922572281
25767,GOF,0.1471945653607839,0.5855788906789199,0.2672265439602962
25768,LOF,0.11045069528882306,0.06379130512497592,0.825757999586201
25769,LOF,0.053195041187723745,0.0799773238004605,0.8668276350118158
25770,LOF,0.2787778756647588,0.1182846673239767,0.6029374570112644
25771,LOF,0.04715812842934986,0.061143499992937486,0.8916983715777126
25772,LOF,0.018580099594799723,0.05997977917370659,0.9214401212314938
25773,LOF,0.05135983498737449,0.10115071549566347,0.8474894495169621
25774,LOF,0.02926449989362678,0.10717166632926167,0.8635638337771115
25775,LOF,0.04903222819874599,0.06389796152810504,0.887069810273149
25776,LOF,0.07179059683700183,0.03613539130534672,0.8920740118576516
25777,LOF,0.32402176436139757,0.08781321154996823,0.5881650240886342
25778,LOF,0.07517795183303816,0.05546680975309495,0.869355238413867
25779,GOF,0.3922791926433667,0.5496419038877116,0.05807890346892169
25780,GOF,0.35364394443558284,0.5698940883717016,0.07646196719271563
25781,GOF,0.14029551848994481,0.7504847218853897,0.10921975962466536
25782,GOF,0.2150395695871998,0.6869710506554126,0.09798937975738758
25783,GOF,0.02264166962585755,0.6130856505841513,0.3642726797899911
25784,Neutral,0.5306679816526811,0.42381721904806596,0.04551479929925296
25785,Neutral,0.5272656156370361,0.42887436827563835,0.04386001608732551
25786,GOF,0.03069899308427678,0.7374710294134769,0.23182997750224635
25787,Neutral,0.6892916595272797,0.28257576660689676,0.028132573865823695
25788,LOF,0.055311051439297154,0.08364102221512792,0.8610479263455749
25789,GOF,0.24897269466258967,0.6016949424282266,0.1493323629091838
25790,GOF,0.23453851907957443,0.668114930034,0.0973465508864256
25791,GOF,0.17432032489659982,0.6591094671705159,0.16657020793288435
25792,GOF,0.3867658908622252,0.48804161541265473,0.12519249372511995
25793,GOF,0.29638084543297166,0.48113518110077724,0.222483973466251
25794,GOF,0.29971744545157314,0.5268872898126308,0.1733952647357961
25795,GOF,0.08420660655349017,0.664045991784346,0.2517474016621637
25796,Neutral,0.5317498874144769,0.37240896524348843,0.09584114734203474
25797,GOF,0.09956527090513732,0.5409053598182204,0.35952936927664225
25798,GOF,0.008784522174208921,0.5336705116388374,0.4575449661869538
25799,LOF,0.007533441879988262,0.42107955957080206,0.5713869985492096
25800,GOF,0.03839802792541449,0.584344962078548,0.37725700999603745
25801,GOF,0.23487566388815645,0.6276972550166776,0.13742708109516594
25802,GOF,0.06698932486853629,0.6856307117939205,0.2473799633375432
25803,GOF,0.036230664205117544,0.571326743969742,0.3924425918251404
25804,GOF,0.036965370202752576,0.514992062493955,0.44804256730329256
25805,GOF,0.12901989192291055,0.5650781830252549,0.3059019250518345
25806,GOF,0.12740403218379848,0.5743001609499723,0.29829580686622925
25807,GOF,0.020341185963790254,0.6257844315237681,0.3538743825124417
25808,GOF,0.10815768095098673,0.5775771471946574,0.3142651718543558
25809,GOF,0.022463611149169907,0.6092389434046869,0.3682974454461432
25810,GOF,0.02173353223821539,0.6103783108292988,0.36788815693248567
25811,Neutral,0.46766705209932286,0.45707509512926836,0.0752578527714089
25812,GOF,0.03947232168981552,0.6150451231475017,0.34548255516268267
25813,Neutral,0.5665823349041492,0.3297223556055123,0.10369530949033845
25814,GOF,0.13343787848212038,0.6394797161431374,0.2270824053747422
25815,GOF,0.18937475058321876,0.5919772388380051,0.21864801057877617
25816,GOF,0.022883330889693673,0.6761716262872247,0.3009450428230816
25817,GOF,0.2667112451933642,0.5887354638747918,0.1445532909318439
25818,GOF,0.051253771912640696,0.5853119431451823,0.363434284942177
25819,GOF,0.38632112900176147,0.4541384706100321,0.1595404003882065
25820,GOF,0.19247985000064777,0.5814975669184141,0.22602258308093795
25821,GOF,0.06019514001736842,0.6503879817113553,0.28941687827127643
25822,GOF,0.23589769041278577,0.5246285241969275,0.23947378539028674
25823,GOF,0.03361445999252024,0.5053323202653045,0.4610532197421752
25824,GOF,0.07945077555774759,0.5302386708962739,0.39031055354597854
25825,GOF,0.03241639983174513,0.531250469385011,0.4363331307832438
25826,GOF,0.011223129265745438,0.5215767466428808,0.46720012409137385
25827,GOF,0.02236078765888374,0.580321403891404,0.3973178084497123
25828,GOF,0.014126262510259295,0.5025650258783572,0.4833087116113836
25829,GOF,0.006422713738824082,0.5489878618789998,0.44458942438217613
25830,LOF,0.039520060752671546,0.27300957362497824,0.6874703656223502
25831,GOF,0.21255725634157857,0.6464760648811736,0.14096667877724775
25832,GOF,0.03261208375815969,0.6854442403479369,0.28194367589390323
25833,GOF,0.12495329334937057,0.6911292982563804,0.18391740839424897
25834,GOF,0.03909318109962837,0.6811796105719489,0.2797272083284228
25835,GOF,0.09620528786169148,0.6960595564418672,0.20773515569644133
25836,GOF,0.0424778923498092,0.6466651069987714,0.3108570006514193
25837,GOF,0.02483986204188107,0.5447280564362893,0.4304320815218297
25838,GOF,0.08234932525999886,0.736565711533139,0.1810849632068622
25839,GOF,0.30560619707075204,0.5444201851755063,0.14997361775374166
25840,GOF,0.24832985753605188,0.5897303704113159,0.16193977205263213
25841,GOF,0.22195799605810942,0.5972182211061611,0.18082378283572953
25842,GOF,0.2214665011869822,0.6124488189471097,0.16608467986590805
25843,GOF,0.24304647767072501,0.6307082943410149,0.12624522798826007
25844,GOF,0.06435189561222238,0.6586425438986533,0.2770055604891244
25845,GOF,0.014000259954868416,0.4987348941718376,0.487264845873294
25846,GOF,0.11970726792421808,0.6868470906043848,0.1934456414713971
25847,GOF,0.14432542961060935,0.7239822785877341,0.13169229180165656
25848,GOF,0.03808500597170523,0.6548507504621822,0.30706424356611256
25849,GOF,0.010961721462278374,0.5510349023351453,0.4380033762025762
25850,GOF,0.02388064556712785,0.6287762632345949,0.3473430911982772
25851,GOF,0.017708275044412296,0.5292952678713012,0.45299645708428654
25852,GOF,0.19304581653483524,0.5491587458193049,0.2577954376458598
25853,GOF,0.3650062764682824,0.5540645808470178,0.08092914268469971
25854,GOF,0.02047018076177974,0.6261871489988342,0.35334267023938615
25855,GOF,0.03740388095580403,0.5623745186929483,0.4002216003512477
25856,GOF,0.23197273755740397,0.5254728172791951,0.24255444516340088
25857,LOF,0.036226735842809325,0.4693418526214939,0.49443141153569675
25858,GOF,0.018026090752612658,0.5555985599004629,0.42637534934692445
25859,GOF,0.010685227547875703,0.5396581229233333,0.44965664952879114
25860,GOF,0.3854320178897472,0.5226223714596105,0.09194561065064226
25861,GOF,0.4328243662374609,0.4909411718517983,0.07623446191074089
25862,GOF,0.093320903913593,0.7605518587889937,0.14612723729741334
25863,GOF,0.1034241707538615,0.7532614273227577,0.14331440192338077
25864,GOF,0.259734889922277,0.6638201414864576,0.07644496859126527
25865,GOF,0.10455904340616114,0.7695954676083294,0.1258454889855095
25866,GOF,0.07088320824315794,0.7851355965734357,0.14398119518340632
25867,GOF,0.101227223285613,0.7937611857153059,0.10501159099908111
25868,GOF,0.28100522633025715,0.6105082420357109,0.108486531634032
25869,Neutral,0.703955835201193,0.25557891098679586,0.040465253812011104
25870,LOF,0.3243965862841141,0.2749940764587397,0.40060933725714626
25871,GOF,0.23140317404708693,0.5919783946647117,0.17661843128820126
25872,GOF,0.0914050557648203,0.6284838135633285,0.2801111306718513
25873,GOF,0.16339205196331583,0.6306064712383015,0.20600147679838265
25874,LOF,0.019267018894672534,0.10458332311521995,0.8761496579901075
25875,LOF,0.10655422734712411,0.03533930394906346,0.8581064687038124
25876,LOF,0.03720674775609652,0.04527946401284335,0.91751378823106
25877,Neutral,0.5459928443902595,0.03930512836990602,0.41470202723983446
25878,LOF,0.2548614350993702,0.07033994347001425,0.6747986214306156
25879,LOF,0.09162661478843286,0.07467586842256183,0.8336975167890053
25880,LOF,0.023151802947863218,0.021397757827628098,0.9554504392245087
25881,LOF,0.19525001674964895,0.10368929134315447,0.7010606919071966
25882,LOF,0.07640532737274106,0.016563424636049047,0.9070312479912099
25883,LOF,0.08540739116017314,0.020117699593519032,0.8944749092463079
25884,LOF,0.04340916389102185,0.029819962869841028,0.9267708732391371
25885,LOF,0.07012158996328345,0.009919015755795554,0.9199593942809209
25886,LOF,0.32989245420915997,0.03170414625764243,0.6384033995331976
25887,LOF,0.16481615698846594,0.05369364596680459,0.7814901970447296
25888,LOF,0.07135755924888507,0.04842905362025957,0.8802133871308555
25889,LOF,0.050387129896313,0.020577760980028482,0.9290351091236586
25890,LOF,0.05191292664616269,0.11514190736881762,0.8329451659850197
25891,LOF,0.038033188215280164,0.05543213291947944,0.9065346788652405
25892,LOF,0.1094939817784305,0.015872295965688656,0.8746337222558809
25893,LOF,0.29737344672890426,0.011626648329319565,0.6909999049417762
25894,LOF,0.1953171523673768,0.0060772677898903674,0.7986055798427328
25895,LOF,0.22571515332840705,0.013704149624947759,0.7605806970466451
25896,LOF,0.05364580032985842,0.015012736906164167,0.9313414627639773
25897,LOF,0.2730811717981052,0.009317394591665598,0.7176014336102291
25898,Neutral,0.7313351505829113,0.006671733746821675,0.261993115670267
25899,LOF,0.2795337802795388,0.018454114162093735,0.7020121055583675
25900,LOF,0.4687272438396705,0.013779200718016742,0.5174935554423127
25901,LOF,0.05962380618692728,0.009585296423697685,0.930790897389375
25902,LOF,0.18042897361906224,0.00813469142401416,0.8114363349569236
25903,Neutral,0.5431698574136916,0.021216492855665018,0.43561364973064337
25904,LOF,0.3226924464715746,0.030754109168335323,0.6465534443600901
25905,LOF,0.027033922661010366,0.31593184907927807,0.6570342282597116
25906,LOF,0.02393468913794808,0.06785662672368575,0.9082086841383663
25907,LOF,0.014778076315866116,0.31703636401650886,0.6681855596676249
25908,LOF,0.011271618120719884,0.20881852232001666,0.7799098595592635
25909,LOF,0.013740594219306864,0.13579512802435872,0.8504642777563344
25910,LOF,0.04576465228869868,0.12875509957694758,0.8254802481343538
25911,LOF,0.14216743577995503,0.04556491632303072,0.8122676478970142
25912,LOF,0.040874299633115625,0.057958299649425664,0.9011674007174587
25913,LOF,0.31405109809035786,0.030621749299795182,0.655327152609847
25914,LOF,0.02270747247126311,0.11203328075299618,0.8652592467757406
25915,Neutral,0.39806930744450586,0.35028155684990386,0.25164913570559033
25916,LOF,0.05930867303875583,0.36012410149452256,0.5805672254667216
25917,LOF,0.0633111126632315,0.06360901384043818,0.8730798734963302
25918,LOF,0.0318949269902814,0.062120095148788995,0.9059849778609296
25919,LOF,0.02539297108146436,0.06377223472138295,0.9108347941971526
25920,GOF,0.08752425398488985,0.5653998776908924,0.3470758683242177
25921,LOF,0.028488923940187243,0.022658117819581998,0.9488529582402307
25922,LOF,0.03764111453021041,0.014329260552807511,0.9480296249169821
25923,LOF,0.4386111683811267,0.01601848984063818,0.5453703417782352
25924,LOF,0.038773850672666685,0.03134751437880169,0.9298786349485316
25925,LOF,0.07040429429649736,0.020564616976747527,0.9090310887267552
25926,LOF,0.05162854487635475,0.014456095080876866,0.9339153600427683
25927,LOF,0.08420301770499866,0.06067372882212358,0.8551232534728778
25928,LOF,0.022783335563314636,0.03022753278147237,0.9469891316552129
25929,Neutral,0.5639552867119633,0.017495137466848925,0.41854957582118774
25930,LOF,0.06239228838780151,0.0140638954224384,0.92354381618976
25931,LOF,0.032020995937185055,0.01723884213944036,0.9507401619233745
25932,LOF,0.029806819842627938,0.015761758045661094,0.954431422111711
25933,LOF,0.04046175333230395,0.010746910184851924,0.9487913364828441
25934,LOF,0.025845826633228906,0.01245703551149811,0.9616971378552729
25935,LOF,0.06714712438457687,0.021092748299989972,0.9117601273154331
25936,LOF,0.051164366080174356,0.015827396877889366,0.9330082370419363
25937,LOF,0.02885279431164636,0.02720152941763974,0.9439456762707139
25938,LOF,0.064406075447107,0.02436732946478726,0.9112265950881057
25939,LOF,0.040266376409034084,0.010359987962038537,0.9493736356289273
25940,LOF,0.03395974866653288,0.34413074164523744,0.6219095096882297
25941,LOF,0.17307359512005885,0.08463130194368366,0.7422951029362574
25942,LOF,0.018222433568055692,0.03764973496145004,0.9441278314704943
25943,LOF,0.29061863337653626,0.06416687014344144,0.6452144964800223
25944,LOF,0.47768248793889384,0.03429766345339304,0.48801984860771314
25945,LOF,0.07630077630610373,0.023086683025744795,0.9006125406681514
25946,LOF,0.028309295824564276,0.11160614661674688,0.8600845575586887
25947,LOF,0.12219363529431297,0.20070345076362783,0.6771029139420591
25948,LOF,0.47135803412077637,0.013291989578432525,0.5153499763007912
25949,LOF,0.10362394603699702,0.06081441505948069,0.8355616389035223
25950,GOF,0.27071719179383086,0.44814750190666836,0.2811353062995009
25951,LOF,0.23575728771441257,0.271559330230655,0.4926833820549326
25952,LOF,0.04373001368065654,0.4544538211079022,0.5018161652114412
25953,LOF,0.13854888110821373,0.12862008328204286,0.7328310356097434
25954,Neutral,0.41367358997196485,0.2305693521597321,0.3557570578683031
25955,LOF,0.06071183406360895,0.09890131271680606,0.840386853219585
25956,LOF,0.1862498960666631,0.0823632459439835,0.7313868579893534
25957,LOF,0.037208668816803285,0.03639359431614853,0.9263977368670481
25958,LOF,0.06369206027178972,0.023680254510331823,0.9126276852178785
25959,LOF,0.06922288549323026,0.3205974542547331,0.6101796602520366
25960,LOF,0.020799470985890092,0.049041688257293485,0.9301588407568164
25961,LOF,0.051740119646684526,0.027637518341032768,0.9206223620122828
25962,LOF,0.046701825503024805,0.03731861881626146,0.9159795556807137
25963,LOF,0.045853306810937876,0.18896633154532094,0.7651803616437411
25964,LOF,0.03499003212140964,0.15546573976389008,0.8095442281147003
25965,LOF,0.41505058283326596,0.08947393755434106,0.49547547961239313
25966,LOF,0.3944843822438149,0.1595539984176762,0.445961619338509
25967,LOF,0.011547370041621487,0.08042386695731849,0.9080287630010602
25968,GOF,0.03622246960061558,0.5050375402214314,0.45873999017795297
25969,LOF,0.026140084044439182,0.06297359460558749,0.9108863213499734
25970,LOF,0.06510414472952514,0.060153413681350534,0.8747424415891244
25971,LOF,0.08220308605884843,0.014930088171414224,0.9028668257697373
25972,LOF,0.07849714716961903,0.021128030363353426,0.9003748224670276
25973,LOF,0.10062553676619046,0.006186913616160717,0.8931875496176489
25974,LOF,0.2145130018037597,0.015309904497209917,0.7701770936990305
25975,LOF,0.057587573201737956,0.02106605855633936,0.9213463682419226
25976,LOF,0.052538947992097164,0.013274395677871333,0.9341866563300316
25977,LOF,0.15241606084660994,0.087810512436947,0.759773426716443
25978,LOF,0.14048037619184103,0.05218838878857897,0.80733123501958
25979,LOF,0.13660974591052913,0.05259518082461292,0.810795073264858
25980,LOF,0.1871804523497283,0.06546254017734435,0.7473570074729274
25981,LOF,0.22177222547690342,0.06380401910653431,0.7144237554165623
25982,LOF,0.3819604688712178,0.04973056816622606,0.5683089629625562
25983,LOF,0.3816285892010724,0.04838608559233535,0.5699853252065923
25984,LOF,0.05532772520953682,0.05876164917694982,0.8859106256135134
25985,LOF,0.02802840323958965,0.2335439509922449,0.7384276457681656
25986,LOF,0.038159460742852556,0.2601388120404062,0.7017017272167413
25987,LOF,0.07863333214062694,0.0771502427972202,0.8442164250621528
25988,LOF,0.13596927157811198,0.07004768339497136,0.7939830450269167
25989,LOF,0.029803818633544053,0.11343007723596989,0.856766104130486
25990,LOF,0.039221778854180475,0.1344224588771235,0.8263557622686959
25991,LOF,0.20352444195008196,0.2963679279691433,0.5001076300807747
25992,LOF,0.35345665464318693,0.1748605990258045,0.47168274633100854
25993,LOF,0.021892669007095758,0.09648001318961434,0.88162731780329
25994,LOF,0.015921959431843602,0.12395989760531824,0.8601181429628381
25995,LOF,0.02441150586816984,0.2159543090050461,0.759634185126784
25996,GOF,0.2795493944820899,0.5007692095938137,0.2196813959240965
25997,GOF,0.11287671522787569,0.5080215296983686,0.37910175507375565
25998,Neutral,0.5351913460190196,0.02199962692386042,0.44280902705711983
25999,LOF,0.1485095142504452,0.11258331755333251,0.7389071681962223
26000,LOF,0.1756978873413944,0.030471476341408156,0.7938306363171974
26001,LOF,0.19229887260561168,0.034494726130719265,0.773206401263669
26002,LOF,0.1246534158502763,0.03166316731008067,0.843683416839643
26003,GOF,0.011405971142871068,0.5632105712351162,0.42538345762201285
26004,GOF,0.029635641924020066,0.6243424776350274,0.34602188044095256
26005,LOF,0.010538538524266757,0.4466973367570009,0.5427641247187324
26006,Neutral,0.5402082770534781,0.22633008765835635,0.23346163528816555
26007,GOF,0.024785892671423317,0.5078334962027883,0.4673806111257884
26008,GOF,0.022954262665935674,0.5358584662747574,0.4411872710593069
26009,GOF,0.028075900232564444,0.5697165307306054,0.40220756903683025
26010,GOF,0.03212849181596389,0.5904535347128775,0.3774179734711584
26011,LOF,0.008333039795174222,0.44380703887290085,0.547859921331925
26012,GOF,0.018280852663451974,0.5285980724299235,0.4531210749066245
26013,GOF,0.020609947555848513,0.5824631328799453,0.39692691956420606
26014,LOF,0.04266229878058206,0.1269202707571094,0.8304174304623086
26015,LOF,0.28526848498890256,0.01569129577279135,0.6990402192383062
26016,LOF,0.2727389089971427,0.06436858420483711,0.66289250679802
26017,LOF,0.24348761998246565,0.10072717093668491,0.6557852090808495
26018,LOF,0.0992768306734224,0.053815925068598294,0.8469072442579794
26019,LOF,0.09441270181493626,0.04105346018390903,0.8645338380011546
26020,LOF,0.06348093892549184,0.11792212081136895,0.8185969402631392
26021,LOF,0.05235063729823001,0.1431119557890385,0.8045374069127316
26022,LOF,0.01141315185403164,0.061020226561726676,0.9275666215842416
26023,LOF,0.12088861390792476,0.03098994981800477,0.8481214362740706
26024,LOF,0.029940587088918797,0.14639887144217575,0.8236605414689055
26025,LOF,0.1717794976369883,0.11777585253734914,0.7104446498256626
26026,LOF,0.3606024670575616,0.03175390315648491,0.6076436297859535
26027,LOF,0.08937447156473606,0.02535710648209514,0.8852684219531688
26028,LOF,0.144005424288085,0.07704583549491814,0.7789487402169969
26029,LOF,0.0653495285592896,0.1489221964928138,0.7857282749478965
26030,LOF,0.024152923138155806,0.046822318084463715,0.9290247587773806
26031,LOF,0.026451167635311846,0.12445212518199081,0.8490967071826974
26032,LOF,0.06786234320535063,0.05011971262492847,0.8820179441697209
26033,LOF,0.1307489184553053,0.055575256785864065,0.8136758247588305
26034,LOF,0.04236904739582403,0.1286896330654638,0.8289413195387122
26035,LOF,0.027081084730240353,0.1134043321725931,0.8595145830971666
26036,LOF,0.040444894645886464,0.13714109675308989,0.8224140086010236
26037,LOF,0.022862096530920775,0.09830704860474454,0.8788308548643347
26038,LOF,0.06377031042266014,0.047148878863596644,0.8890808107137433
26039,LOF,0.05046134615417835,0.12303853072003706,0.8265001231257845
26040,LOF,0.21531982019671683,0.08354409981894509,0.7011360799843381
26041,LOF,0.02427725740497699,0.09261801458134884,0.8831047280136741
26042,LOF,0.022815540089804947,0.09113086281226536,0.8860535970979296
26043,LOF,0.06332829532415939,0.05757846961745613,0.8790932350583844
26044,LOF,0.020628476440546897,0.05649974866208997,0.9228717748973632
26045,LOF,0.07309361219429143,0.08628564367201134,0.8406207441336973
26046,LOF,0.0653173182540459,0.058093217473067074,0.8765894642728871
26047,LOF,0.09590346991193441,0.06528539827320935,0.8388111318148562
26048,LOF,0.049393928059681395,0.03601544336596894,0.9145906285743496
26049,Neutral,0.9555374355215757,0.006504741634441095,0.03795782284398325
26050,Neutral,0.9411887294903639,0.007733722164748832,0.0510775483448873
26051,LOF,0.04946214715943949,0.2746957085684906,0.6758421442720698
26052,LOF,0.07552576113483175,0.2774872847443216,0.6469869541208466
26053,LOF,0.062333664823207124,0.14295376554032285,0.7947125696364701
26054,LOF,0.058868954250826465,0.020437972529167122,0.9206930732200065
26055,LOF,0.07729291462216509,0.015838824060128043,0.9068682613177068
26056,LOF,0.062057635866557236,0.017383058359502712,0.92055930577394
26057,LOF,0.03337178685772496,0.010848070119973663,0.9557801430223014
26058,LOF,0.034086596432507686,0.009242800086588353,0.956670603480904
26059,LOF,0.2812651453821719,0.027427922055799345,0.6913069325620287
26060,LOF,0.030865429160201456,0.16185953081762988,0.8072750400221687
26061,LOF,0.018423665457249234,0.01262756595184226,0.9689487685909085
26062,LOF,0.012039444133691221,0.020925221198687952,0.9670353346676208
26063,LOF,0.023361145003020688,0.012204237220664731,0.9644346177763146
26064,LOF,0.024271344539755445,0.018241498865150488,0.957487156595094
26065,LOF,0.02688884078127557,0.011845940390348315,0.961265218828376
26066,LOF,0.022267622010351377,0.011431652155887087,0.9663007258337616
26067,LOF,0.02889349478913178,0.008379996281914635,0.9627265089289536
26068,LOF,0.04680572463364796,0.033839818846169566,0.9193544565201824
26069,LOF,0.26440905180799285,0.018741357940699036,0.7168495902513081
26070,LOF,0.41853368115764283,0.014158551317222752,0.5673077675251345
26071,LOF,0.02558299667939219,0.012423781374044152,0.9619932219465638
26072,LOF,0.021810766466589897,0.019532655545720624,0.9586565779876896
26073,LOF,0.026776901297061662,0.011136956375702523,0.9620861423272358
26074,Neutral,0.9090053661436339,0.006422443253470086,0.08457219060289602
26075,LOF,0.046458685513589976,0.015171648326186787,0.9383696661602232
26076,LOF,0.04375688941160069,0.009026314475373035,0.9472167961130262
26077,LOF,0.009485231124366108,0.019095620314762782,0.9714191485608712
26078,LOF,0.014188306844949324,0.01228986615913647,0.9735218269959143
26079,LOF,0.06082591920224869,0.018799473556189713,0.9203746072415615
26080,LOF,0.05921263328755056,0.018828619592246756,0.9219587471202026
26081,LOF,0.03864566692879924,0.006838863936452554,0.9545154691347482
26082,LOF,0.017244660160115263,0.0174421366323567,0.9653132032075281
26083,LOF,0.14336423754846364,0.012703816071699523,0.8439319463798368
26084,LOF,0.028948658433924194,0.012044330757412835,0.959007010808663
26085,LOF,0.024078284383890845,0.01157969335629771,0.9643420222598115
26086,LOF,0.026269128364614855,0.011365693443812148,0.962365178191573
26087,LOF,0.027691226704879564,0.008389392505394826,0.9639193807897256
26088,LOF,0.016827735615330477,0.024602892317642556,0.958569372067027
26089,LOF,0.045284697571275304,0.023291847781977466,0.9314234546467471
26090,LOF,0.04400848362311173,0.018705885845113013,0.9372856305317753
26091,LOF,0.04086350166634312,0.006744724751581817,0.9523917735820752
26092,LOF,0.027779403374084903,0.008690997653871251,0.9635295989720439
26093,LOF,0.04114784688351266,0.006928394716656544,0.9519237583998309
26094,LOF,0.04525303518037535,0.007264215876875218,0.9474827489427494
26095,LOF,0.04868959104832051,0.015884041626204996,0.9354263673254745
26096,LOF,0.020975424311715868,0.012410775179339445,0.9666138005089446
26097,LOF,0.011559160036433784,0.04115631577328068,0.9472845241902855
26098,LOF,0.0694395505418154,0.011457664956533976,0.9191027845016507
26099,LOF,0.026196861954430693,0.01309154890903212,0.9607115891365372
26100,LOF,0.02850547667371821,0.012558175321819723,0.9589363480044621
26101,LOF,0.05806667706544613,0.012287299517187879,0.929646023417366
26102,LOF,0.028726935896062452,0.01289536143386815,0.9583777026700693
26103,Neutral,0.8825183979580976,0.018889807820391548,0.09859179422151099
26104,LOF,0.08137034131634419,0.03183479600945425,0.8867948626742016
26105,LOF,0.23436491112050037,0.24957030920266646,0.5160647796768332
26106,LOF,0.19449817114849505,0.1225150641126558,0.6829867647388492
26107,LOF,0.24612813774825648,0.08974388798745399,0.6641279742642896
26108,LOF,0.25937641097949127,0.11503443757136828,0.6255891514491404
26109,LOF,0.09384495052135532,0.11193820881496705,0.7942168406636775
26110,LOF,0.28104710986432285,0.006469488483129718,0.7124834016525474
26111,LOF,0.47731796138617566,0.015499024788270546,0.5071830138255538
26112,LOF,0.03293148393617408,0.006860820965128972,0.9602076950986969
26113,LOF,0.052523094634026136,0.012970069243671856,0.934506836122302
26114,LOF,0.027138738486606407,0.020839404607266517,0.9520218569061271
26115,LOF,0.0970095548078438,0.05284623720517651,0.8501442079869798
26116,LOF,0.0721183577774561,0.05151160681339294,0.8763700354091509
26117,LOF,0.42199432416827415,0.05752490971443298,0.5204807661172928
26118,LOF,0.03632907877705173,0.03088404696518375,0.9327868742577644
26119,LOF,0.021484485182454813,0.04943255484329434,0.9290829599742508
26120,LOF,0.029984623465082228,0.028423298109358723,0.941592078425559
26121,LOF,0.049753890177607445,0.08395566627150251,0.86629044355089
