feature0,prediction,LoGoFunc_Neutral,LoGoFunc_GOF,LoGoFunc_LOF
25546,Neutral,0.6787127288140433,0.05208360582771186,0.2692036653582449
25547,Neutral,0.508379927810714,0.09403672137344879,0.3975833508158372
25548,Neutral,0.5166018210975302,0.07751077518318138,0.40588740371928855
25549,LOF,0.4268551414133316,0.08024057960915322,0.4929042789775152
25550,LOF,0.3676003209249542,0.12191459995291845,0.5104850791221274
25551,LOF,0.31136540477232316,0.13413643902861488,0.554498156199062
25552,LOF,0.25635481869054766,0.1300716101607557,0.6135735711486967
25553,Neutral,0.818174746954656,0.0434775160499958,0.13834773699534814
25554,LOF,0.2982885919630142,0.12306513088518678,0.5786462771517991
25555,LOF,0.2504954455460477,0.11793790720020932,0.631566647253743
25556,LOF,0.4350732999661114,0.10414091648030631,0.46078578355358235
25557,LOF,0.23258566049336762,0.12094625495460978,0.6464680845520225
25558,LOF,0.29682644902790367,0.11899011382264751,0.5841834371494489
25559,LOF,0.18027795433763474,0.13114316941098034,0.6885788762513849
25560,LOF,0.16242124241092656,0.08968114506321932,0.7478976125258541
25561,LOF,0.15649474739879274,0.10168142101211737,0.7418238315890899
25562,LOF,0.07295686536259878,0.076071056213057,0.8509720784243443
25563,LOF,0.02366759373422373,0.10717668092481973,0.8691557253409565
25564,LOF,0.2026084682227204,0.10486134650548312,0.6925301852717964
25565,LOF,0.21472513946860045,0.1375785448811928,0.6476963156502067
25566,GOF,0.08806970659058151,0.6947327991815042,0.21719749422791437
25567,LOF,0.03745713636885882,0.12784866810186768,0.8346941955292735
25568,LOF,0.059100923051706715,0.06828143590818124,0.8726176410401121
25569,LOF,0.059693440997239236,0.06823531752519484,0.872071241477566
25570,LOF,0.027503752059827226,0.09376555104241611,0.8787306968977566
25571,LOF,0.025983974253706524,0.09940761955651119,0.8746084061897822
25572,LOF,0.06173485571514692,0.1167775296903601,0.8214876145944929
25573,LOF,0.05773346021531567,0.08148112191101096,0.8607854178736735
25574,LOF,0.053846423535833236,0.17395751862097475,0.7721960578431921
25575,LOF,0.022659593992650634,0.11393943680239417,0.8634009692049551
25576,LOF,0.03881903668548602,0.1492319979721778,0.8119489653423363
25577,LOF,0.031604512922187314,0.10834698740236674,0.860048499675446
25578,LOF,0.301389159417844,0.07483814014111813,0.6237727004410378
25579,LOF,0.13827577019729914,0.08155417702033474,0.7801700527823662
25580,LOF,0.018900300379508864,0.07594457276386468,0.9051551268566265
25581,LOF,0.05628304411468444,0.062143274513574535,0.881573681371741
25582,LOF,0.05649092054813588,0.06152239984697666,0.8819866796048874
25583,LOF,0.020261611574331595,0.07538426525198028,0.904354123173688
25584,Neutral,0.6686307584971026,0.09583023827618038,0.235539003226717
25585,LOF,0.03584834280882401,0.11352713059252872,0.8506245265986472
25586,LOF,0.017165150051789643,0.06381279386138812,0.9190220560868223
25587,LOF,0.016723161300882555,0.05718666654748089,0.9260901721516365
25588,LOF,0.01980680228479361,0.06792319648020638,0.912270001235
25589,Neutral,0.5288883674023458,0.17160625543752311,0.2995053771601311
25590,LOF,0.04655982190403358,0.10274257962521885,0.8506975984707476
25591,LOF,0.10202805856494428,0.0523114615719131,0.8456604798631425
25592,LOF,0.05362427862654568,0.12072764454928267,0.8256480768241716
25593,LOF,0.13891699811066777,0.2453077508793465,0.6157752510099856
25594,LOF,0.04385913919940153,0.10186308795242015,0.8542777728481783
25595,LOF,0.045925861841561263,0.0743020767447312,0.8797720614137075
25596,LOF,0.10623743856900554,0.045195254175736214,0.8485673072552582
25597,LOF,0.0797756160882945,0.05125559504074848,0.868968788870957
25598,LOF,0.04597020636084728,0.07983917831452436,0.8741906153246284
25599,GOF,0.021557839530325137,0.5092852534037898,0.4691569070658851
25600,GOF,0.18022633640983704,0.503150869082839,0.3166227945073239
25601,LOF,0.04155179850487024,0.3807679030400798,0.57768029845505
25602,LOF,0.0343736586945648,0.05185379132481581,0.9137725499806194
25603,LOF,0.034914540298101523,0.02797730569764643,0.9371081540042521
25604,LOF,0.03764220308123409,0.05326959739393634,0.9090881995248297
25605,LOF,0.042000018631574425,0.18240358343810711,0.7755963979303185
25606,LOF,0.412058718206454,0.10292833808059634,0.4850129437129495
25607,LOF,0.023800710820897086,0.17254329653827602,0.803655992640827
25608,LOF,0.03643603874255462,0.07352399290223878,0.8900399683552067
25609,GOF,0.1504968810663049,0.5602583864958487,0.28924473243784643
25610,LOF,0.015899454630737483,0.025813490445690663,0.9582870549235718
25611,LOF,0.015524441023189018,0.02974458209267725,0.9547309768841337
25612,LOF,0.051066204550449905,0.03687825875104299,0.9120555366985073
25613,LOF,0.04768882295799689,0.03666167649751323,0.9156495005444899
25614,LOF,0.022344561227168127,0.024583921829908668,0.9530715169429231
25615,LOF,0.04479703741694661,0.03380917542644232,0.921393787156611
25616,LOF,0.048577859415803386,0.02472375957182567,0.926698381012371
25617,LOF,0.04269271706927932,0.03315124955578458,0.924156033374936
25618,LOF,0.05347554748293965,0.030422518371506002,0.9161019341455544
25619,LOF,0.01470635285783098,0.028351854519630244,0.9569417926225389
25620,LOF,0.06333267014114101,0.037064617128427235,0.8996027127304317
25621,LOF,0.05097462860004423,0.029170070050426343,0.9198553013495295
25622,LOF,0.060563040986471896,0.02796718554929184,0.9114697734642363
25623,LOF,0.07242903136379122,0.02564161570283657,0.9019293529333723
25624,LOF,0.018364901387098682,0.031365855943221256,0.95026924266968
25625,LOF,0.063029076323866,0.03646800677786031,0.9005029168982737
25626,LOF,0.047688218992868965,0.035121211678779976,0.9171905693283511
25627,Neutral,0.8883251857650464,0.022627801458823208,0.0890470127761303
25628,LOF,0.1320170280093906,0.06419708328902927,0.8037858887015802
25629,LOF,0.0567017723935826,0.04825391535487108,0.8950443122515465
25630,LOF,0.266515645896071,0.0797674306588627,0.6537169234450663
25631,Neutral,0.5384778369568681,0.06121955677441884,0.400302606268713
25632,LOF,0.028486451477195383,0.060940636911825705,0.910572911610979
25633,LOF,0.2089765755256973,0.03637586681352178,0.7546475576607808
25634,LOF,0.03406163361824562,0.08015331643680207,0.8857850499449523
25635,LOF,0.03809653884335295,0.04279063979258168,0.9191128213640654
25636,LOF,0.03983343814519029,0.45695824303113564,0.503208318823674
25637,LOF,0.07438237125807544,0.44080938437662337,0.4848082443653012
25638,LOF,0.04008260068012227,0.28736373982769825,0.6725536594921795
25639,LOF,0.034808366965987436,0.319376243290244,0.6458153897437685
25640,Neutral,0.8097549409574392,0.14739785587837773,0.04284720316418318
25641,LOF,0.054662778696623775,0.44638714727628753,0.49895007402708874
25642,LOF,0.03872423815019603,0.14884407341216901,0.812431688437635
25643,LOF,0.20793790436721807,0.16834323117131608,0.623718864461466
25644,LOF,0.019298301673983182,0.47634245708991124,0.5043592412361056
25645,LOF,0.019130359683463646,0.4360339895121661,0.5448356508043702
25646,LOF,0.04654654934317693,0.3672089841970164,0.5862444664598067
25647,LOF,0.022251100956805634,0.2670528755608027,0.7106960234823917
25648,LOF,0.03006355468138582,0.24456094326525257,0.7253755020533615
25649,LOF,0.0154978383733503,0.25278363829454,0.7317185233321097
25650,LOF,0.04710592015681986,0.42969751461398925,0.5231965652291909
25651,LOF,0.01683370374444706,0.2815202920394613,0.7016460042160917
25652,LOF,0.029417365449173928,0.2746516824949353,0.6959309520558908
25653,LOF,0.07537571562750305,0.41038887951590597,0.514235404856591
25654,LOF,0.022284554276665265,0.21580584522802312,0.7619096004953116
25655,LOF,0.20747353359423149,0.38225001023663413,0.4102764561691344
25656,LOF,0.2843244068366887,0.041428572017134284,0.6742470211461771
25657,LOF,0.08011048794999784,0.04968708474192177,0.8702024273080804
25658,LOF,0.3745926042831692,0.044194236158826165,0.5812131595580046
25659,Neutral,0.5283202458819601,0.06351872188696388,0.40816103223107597
25660,LOF,0.026032580492303888,0.07841847232227636,0.8955489471854198
25661,LOF,0.0984803670250773,0.05721520526228156,0.8443044277126411
25662,LOF,0.031563436249640586,0.031392067650803525,0.937044496099556
25663,LOF,0.03969267569668336,0.04825373991506728,0.9120535843882492
25664,LOF,0.13546594623925035,0.05482164059966591,0.8097124131610837
25665,LOF,0.05411828373335454,0.029879682789940118,0.9160020334767053
25666,LOF,0.08644655257280506,0.07362169279418264,0.8399317546330123
25667,LOF,0.06689450667748531,0.03848287816482181,0.8946226151576929
25668,LOF,0.037564636903959024,0.04837826590196414,0.9140570971940768
25669,LOF,0.03661405234661139,0.058310570136304044,0.9050753775170846
25670,LOF,0.14379004237369492,0.04420797189375025,0.8120019857325548
25671,LOF,0.09484678446591328,0.03129957584380733,0.8738536396902794
25672,LOF,0.05197996821034062,0.04173021325507213,0.9062898185345872
25673,LOF,0.08190161327246458,0.039107996041443216,0.8789903906860922
25674,LOF,0.07022809475402364,0.050143531105322506,0.8796283741406538
25675,LOF,0.12131106901620763,0.046002620348738504,0.8326863106350538
25676,LOF,0.017436529209981247,0.047300919263910356,0.9352625515261083
25677,LOF,0.0269959672599781,0.06405351048019432,0.9089505222598275
25678,LOF,0.20155673950164613,0.05846579326054782,0.739977467237806
25679,LOF,0.1252955747038304,0.08032379100325375,0.7943806342929157
25680,LOF,0.029326912096708513,0.10360984462669963,0.8670632432765919
25681,LOF,0.0488552497853301,0.0973107171364175,0.8538340330782523
25682,LOF,0.1443372750848266,0.06566032935913653,0.7900023955560369
25683,LOF,0.126075028827517,0.08416384797603677,0.7897611231964462
25684,LOF,0.04206162473183894,0.06596517871670889,0.8919731965514521
25685,LOF,0.12598712885708144,0.048114388596681504,0.825898482546237
25686,LOF,0.08003936899117377,0.09301144604248601,0.8269491849663403
25687,LOF,0.10851372810156715,0.08136306464189073,0.8101232072565421
25688,LOF,0.293931407019899,0.03722448771498782,0.6688441052651132
25689,LOF,0.2183844979747498,0.04300226110048898,0.7386132409247612
25690,LOF,0.35037492289300276,0.03514702503136854,0.6144780520756287
25691,Neutral,0.6891120459859938,0.028902593152437095,0.2819853608615691
25692,LOF,0.295895613915363,0.011407871402001996,0.692696514682635
25693,GOF,0.04654783737503568,0.48270405127327826,0.4707481113516859
25694,LOF,0.12717201572074005,0.020397531722813098,0.8524304525564469
25695,LOF,0.12163192957494151,0.01810613719167661,0.860261933233382
25696,LOF,0.13048510817762643,0.010110222304610492,0.8594046695177631
25697,LOF,0.12272413111135973,0.029160753208970405,0.8481151156796698
25698,LOF,0.348606933953077,0.21998760819612137,0.43140545785080164
25699,LOF,0.43421201599115977,0.04893041886213975,0.5168575651467004
25700,LOF,0.051143837392636976,0.011514336458107418,0.9373418261492555
25701,LOF,0.14551450274414693,0.06144548624838808,0.793040011007465
25702,GOF,0.16851555829982262,0.5779966768968393,0.25348776480333807
25703,LOF,0.01899085751579067,0.1590642439988658,0.8219448984853436
25704,LOF,0.04925027464695022,0.11845046218134364,0.8322992631717062
25705,LOF,0.057878254731058405,0.1837708818163084,0.7583508634526331
25706,LOF,0.09454870684290026,0.35380512893551885,0.5516461642215809
25707,LOF,0.09082136750727589,0.27933326220235,0.629845370290374
25708,LOF,0.029913719000793888,0.2734088203044831,0.696677460694723
25709,LOF,0.053669667797877074,0.04041239365078956,0.9059179385513334
25710,LOF,0.011979432526565711,0.1270443540353364,0.8609762134380978
25711,LOF,0.017608953788031605,0.08924200632927382,0.8931490398826947
25712,LOF,0.013278931719921944,0.1703958327006093,0.8163252355794687
25713,LOF,0.01726590565098975,0.08169122977899915,0.9010428645700111
25714,LOF,0.06587570038119982,0.07988980601562833,0.8542344936031717
25715,LOF,0.01008070860357654,0.13547025961827125,0.8544490317781521
25716,LOF,0.015855118971737574,0.10742072887102169,0.8767241521572406
25717,LOF,0.012855825885515575,0.08113728591681461,0.9060068881976697
25718,LOF,0.01190480430007905,0.09750408074448093,0.89059111495544
25719,LOF,0.017570806899698935,0.08052288579546868,0.9019063073048323
25720,LOF,0.020859911724337238,0.06725014461989519,0.9118899436557677
25721,LOF,0.015092533214116593,0.10171787027893699,0.8831895965069464
25722,LOF,0.012227491940718952,0.1213347184660742,0.8664377895932069
25723,LOF,0.020630962620464165,0.0456432924499186,0.9337257449296172
25724,LOF,0.022260551214381502,0.08115535502568794,0.8965840937599305
25725,LOF,0.010868127916155032,0.0683375462303326,0.9207943258535123
25726,LOF,0.013408743008297436,0.09668862484264129,0.8899026321490612
25727,LOF,0.01256367842799355,0.0784210558747353,0.9090152656972711
25728,LOF,0.00914197178369784,0.10593341795865846,0.8849246102576437
25729,LOF,0.00937511781771243,0.10194186018504604,0.8886830219972416
25730,LOF,0.012653499603186373,0.07922754474823726,0.9081189556485764
25731,LOF,0.022311102011690936,0.10440197508397224,0.8732869229043367
25732,LOF,0.014129088613974163,0.08280362064596052,0.9030672907400653
25733,LOF,0.014882565515237678,0.07583711559938874,0.9092803188853736
25734,LOF,0.013630343064472932,0.13110081654652836,0.8552688403889988
25735,LOF,0.013268034306197283,0.07891819563289006,0.9078137700609127
25736,LOF,0.013890664373941633,0.11023651191458417,0.8758728237114741
25737,LOF,0.019667090066486193,0.07953077765142635,0.9008021322820875
25738,LOF,0.012628868537778386,0.11208730244726826,0.8752838290149533
25739,LOF,0.01943898448228919,0.08341825202476898,0.8971427634929419
25740,LOF,0.024372039377367108,0.09786546719684364,0.8777624934257893
25741,LOF,0.014057748537795445,0.10497240178994323,0.8809698496722614
25742,LOF,0.11205513428697537,0.07807091193393817,0.8098739537790866
25743,LOF,0.035512020823731116,0.027125737679495106,0.9373622414967737
25744,Neutral,0.5972914986310642,0.19030788521868588,0.21240061615024997
25745,LOF,0.08556005654180918,0.06837142927346596,0.8460685141847248
25746,LOF,0.041477575959568656,0.08057865059566738,0.877943773444764
25747,LOF,0.024103646125044335,0.039740886917132595,0.9361554669578231
25748,LOF,0.10724238234653712,0.050194765438649945,0.842562852214813
25749,LOF,0.025536559201085413,0.0721233473593646,0.90234009343955
25750,LOF,0.08714944979115666,0.07594098724926159,0.8369095629595819
25751,LOF,0.09468216571278819,0.05257559968263426,0.8527422346045775
25752,GOF,0.10883667237025671,0.640059508120548,0.2511038195091952
25753,LOF,0.020002555505426914,0.28353017144430537,0.6964672730502677
25754,GOF,0.010245788841996135,0.7723340469750576,0.21742016418294632
25755,LOF,0.022757019478906165,0.39178040060731567,0.5854625799137781
25756,LOF,0.0398045563227274,0.3971890031299514,0.5630064405473212
25757,GOF,0.01384430060112304,0.8380977473517552,0.1480579520471216
25758,GOF,0.02648557776583329,0.8176552950968419,0.1558591271373248
25759,GOF,0.011002168764424274,0.5311497750356436,0.4578480561999321
25760,LOF,0.013013326765087756,0.23533126607678503,0.7516554071581272
25761,GOF,0.26139335247305884,0.6334128329665955,0.10519381456034568
25762,LOF,0.03327020633643862,0.2751010065595045,0.691628787104057
25763,LOF,0.013539143388582154,0.1901459004540444,0.7963149561573735
25764,GOF,0.07089272763401891,0.6185271346158462,0.3105801377501348
25765,GOF,0.04486306487798865,0.759333194083244,0.1958037410387674
25766,GOF,0.06500633290710396,0.7526122231690124,0.18238144392388367
25767,GOF,0.1571915642790769,0.4533199360468568,0.38948849967406624
25768,LOF,0.0940189830330614,0.06265696203030902,0.8433240549366295
25769,LOF,0.06554034457017043,0.062469242846591624,0.871990412583238
25770,LOF,0.27638514527542535,0.08925832893739886,0.6343565257871757
25771,LOF,0.039897925018628766,0.04338094537658757,0.9167211296047836
25772,LOF,0.016093729747737682,0.033402398023638966,0.9505038722286234
25773,LOF,0.041193960928368335,0.08083668411066876,0.877969354960963
25774,LOF,0.026736754062005475,0.0722084438182776,0.901054802119717
25775,LOF,0.04978791194153849,0.04546528782505129,0.9047468002334103
25776,LOF,0.07401623291400335,0.024778498325660772,0.9012052687603359
25777,LOF,0.32006747122946283,0.047437341647423116,0.632495187123114
25778,LOF,0.06211500039908134,0.04708327843547281,0.8908017211654459
25779,GOF,0.39466824372890397,0.5671006038928535,0.038231152378242456
25780,GOF,0.3017719167648441,0.6345128224985919,0.06371526073656403
25781,GOF,0.12956494226166834,0.7638296175491993,0.10660544018913222
25782,GOF,0.1952249902628284,0.7413801348235606,0.06339487491361112
25783,GOF,0.02879549738383423,0.6422555947905272,0.3289489078256387
25784,Neutral,0.49641006540561156,0.4680685030648658,0.03552143152952272
25785,GOF,0.44588952794802045,0.5153148123803889,0.0387956596715908
25786,GOF,0.02551219585614849,0.7524840998046706,0.2220037043391809
25787,Neutral,0.6428406174689969,0.333991051520731,0.02316833101027201
25788,LOF,0.048476863078931134,0.11185819364040113,0.8396649432806678
25789,GOF,0.20356041702620642,0.6648155861078291,0.13162399686596446
25790,GOF,0.23279454673359587,0.6744543826819783,0.09275107058442578
25791,GOF,0.1659236209850231,0.6584998475112438,0.17557653150373306
25792,GOF,0.3558499203503926,0.5192131287990454,0.12493695085056206
25793,GOF,0.2748165638901193,0.5288781448386911,0.19630529127118967
25794,GOF,0.27421414784695947,0.5563451644418537,0.1694406877111869
25795,GOF,0.08329734823551078,0.6867249678248497,0.2299776839396394
25796,Neutral,0.5478820252642617,0.38257692231482077,0.0695410524209176
25797,GOF,0.08146065457896956,0.588842609193199,0.32969673622783147
25798,GOF,0.008465742724294302,0.5006881836840371,0.49084607359166854
25799,LOF,0.006130113659042832,0.3888103492578166,0.6050595370831405
25800,GOF,0.03006489198835186,0.5979122940300425,0.3720228139816057
25801,GOF,0.19956759605735716,0.6858232752867781,0.1146091286558647
25802,GOF,0.07492135166222598,0.686595206952879,0.23848344138489502
25803,GOF,0.0332363954604923,0.5714559935651403,0.3953076109743674
25804,GOF,0.031056959073270884,0.5041439587318844,0.46479908219484467
25805,GOF,0.09616323897094001,0.6018125107266135,0.30202425030244645
25806,GOF,0.0860796397166853,0.5926963114116791,0.3212240488716355
25807,GOF,0.018738847904695884,0.6345208726594894,0.3467402794358147
25808,GOF,0.07398695116330671,0.6394197500782017,0.2865932987584915
25809,GOF,0.016475376782776444,0.57627137974723,0.4072532434699936
25810,GOF,0.015740260432101402,0.6068392575914098,0.37742048197648875
25811,GOF,0.4447916927046085,0.4808223681493333,0.07438593914605807
25812,GOF,0.02903757807869495,0.6330659778508313,0.3378964440704738
25813,Neutral,0.5062506053454969,0.39927075705676457,0.09447863759773853
25814,GOF,0.12424303194418027,0.6537652505921963,0.22199171746362345
25815,GOF,0.19488592941854344,0.6281118788876586,0.17700219169379797
25816,GOF,0.02320079288785665,0.7083079332617562,0.26849127385038707
25817,GOF,0.23734291938912977,0.6377468827990296,0.12491019781184058
25818,GOF,0.050136106853522516,0.6604995388076756,0.2893643543388018
25819,GOF,0.35202704804825313,0.5065823527587721,0.14139059919297475
25820,GOF,0.18287289427563555,0.6078872326987443,0.20923987302562
25821,GOF,0.05231270353732508,0.6820035861806647,0.26568371028201015
25822,GOF,0.20921691267348483,0.5751487061182565,0.2156343812082587
25823,GOF,0.03144590741630237,0.541941650717847,0.4266124418658506
25824,GOF,0.09668469251226056,0.6170649883490121,0.2862503191387272
25825,GOF,0.03787479169241552,0.6156531448970852,0.3464720634104993
25826,GOF,0.01515719540281682,0.5792729577566387,0.40556984684054453
25827,GOF,0.024783680379930326,0.6089052380525352,0.36631108156753456
25828,GOF,0.013876518988849357,0.5306049067835148,0.4555185742276358
25829,GOF,0.005508207387180372,0.559757010850928,0.4347347817618916
25830,LOF,0.03224496030033777,0.28390425799716756,0.6838507817024947
25831,GOF,0.2320475594132935,0.6538560970048325,0.11409634358187397
25832,GOF,0.03133005378791869,0.699215150718179,0.2694547954939023
25833,GOF,0.11901621437667008,0.7287064496320107,0.15227733599131915
25834,GOF,0.03023595189897796,0.7165138139898765,0.2532502341111458
25835,GOF,0.0648947849136676,0.7716337103546544,0.16347150473167796
25836,GOF,0.031414133952718234,0.6857291796281841,0.28285668641909767
25837,GOF,0.02819303037875672,0.6224239742733543,0.34938299534788886
25838,GOF,0.10095365821419208,0.7765177755839311,0.12252856620187677
25839,GOF,0.26479248547610673,0.6133921984303281,0.12181531609356522
25840,GOF,0.25742663959252965,0.6232581796785157,0.11931518072895464
25841,GOF,0.25147463527948155,0.6376431311484724,0.11088223357204598
25842,GOF,0.15471552399036007,0.7364483653891194,0.10883611062052054
25843,GOF,0.21441338411586366,0.708698707082958,0.07688790880117825
25844,GOF,0.06432418310465951,0.7454377862151763,0.19023803068016415
25845,GOF,0.015465976217852302,0.4995700530937932,0.4849639706883545
25846,GOF,0.13932454577470763,0.737562462775618,0.12311299144967426
25847,GOF,0.1028636790917359,0.79598672429738,0.10114959661088405
25848,GOF,0.034498466387284515,0.7131098074543405,0.252391726158375
25849,GOF,0.0095421165935798,0.6071848915154747,0.3832729918909455
25850,GOF,0.019386803601870492,0.6476423082185611,0.3329708881795685
25851,GOF,0.015574231743198035,0.537030666697826,0.447395101558976
25852,GOF,0.15618832632019852,0.5737070888255111,0.27010458485429034
25853,GOF,0.3282380719084195,0.5989059917809428,0.0728559363106376
25854,GOF,0.020422727527658873,0.6228673938448701,0.356709878627471
25855,GOF,0.0319017200418143,0.5836595905609968,0.384438689397189
25856,GOF,0.22636346773833957,0.5575749896451548,0.21606154261650556
25857,GOF,0.037747687227276394,0.5212724739073221,0.44097983886540154
25858,GOF,0.019074402266641876,0.5286594857201292,0.45226611201322897
25859,GOF,0.010360690070786648,0.5098201268082128,0.4798191831210006
25860,GOF,0.3459023097972806,0.5803948932262759,0.07370279697644348
25861,GOF,0.40043235280139616,0.5341600655753713,0.06540758162323251
25862,GOF,0.07367638839976179,0.7821251525053737,0.1441984590948644
25863,GOF,0.0776649737765008,0.7855996600318506,0.13673536619164872
25864,GOF,0.18887637163857762,0.7376437291694736,0.07347989919194875
25865,GOF,0.08340621488957004,0.814821636640789,0.101772148469641
25866,GOF,0.05422766621675156,0.79010058785927,0.15567174592397842
25867,GOF,0.07861928782094924,0.8198786696052648,0.10150204257378595
25868,GOF,0.23739452026471075,0.6646349260366855,0.09797055369860373
25869,Neutral,0.7005246297716253,0.2573195175440196,0.042155852684355025
25870,GOF,0.27957118454110597,0.41881273203424185,0.3016160834246521
25871,GOF,0.1999848906612663,0.6744929510760542,0.1255221582626795
25872,GOF,0.07125497598853252,0.6531239568972448,0.2756210671142227
25873,GOF,0.10191274408269452,0.6989698304879698,0.19911742542933575
25874,LOF,0.013315418831801545,0.1250225968914243,0.8616619842767742
25875,LOF,0.0941094741924934,0.043939684904893285,0.8619508409026133
25876,LOF,0.03512754511564623,0.03032467007674197,0.9345477848076119
25877,Neutral,0.509193079483821,0.040556424215251595,0.4502504963009274
25878,LOF,0.22314514346471587,0.08699998117724604,0.689854875358038
25879,LOF,0.08896911522611059,0.09403553781121549,0.816995346962674
25880,LOF,0.04042404974895166,0.014049348563554876,0.9455266016874935
25881,LOF,0.16278840743066028,0.13094681764277236,0.7062647749265674
25882,LOF,0.0582776810111918,0.016722700336273728,0.9249996186525344
25883,LOF,0.06278447084470665,0.019675092803041114,0.9175404363522522
25884,LOF,0.03217397150175243,0.028097456332442722,0.9397285721658047
25885,LOF,0.06351043585491589,0.010925044396017715,0.9255645197490663
25886,LOF,0.2755934031689387,0.037340529676089154,0.6870660671549721
25887,LOF,0.15293548265878332,0.06826890097614637,0.7787956163650703
25888,LOF,0.061695829851219054,0.06299452260611811,0.8753096475426628
25889,LOF,0.040803392216757765,0.02005377770959585,0.9391428300736464
25890,LOF,0.05001012060018094,0.1454867889165181,0.8045030904833009
25891,LOF,0.040069003884522794,0.055868008055423614,0.9040629880600536
25892,LOF,0.07877149146777657,0.022221098401999748,0.8990074101302237
25893,LOF,0.22693625573262152,0.019712851258952755,0.7533508930084256
25894,LOF,0.16286493013879977,0.011231235924350456,0.8259038339368499
25895,LOF,0.19126830774506082,0.021755769076212763,0.7869759231787263
25896,LOF,0.050219951676675846,0.022209149360166654,0.9275708989631575
25897,LOF,0.25538241566532965,0.012811832692050315,0.7318057516426201
25898,Neutral,0.7173920371941999,0.010111704124571427,0.2724962586812286
25899,LOF,0.22125935913486325,0.020905733985677803,0.7578349068794589
25900,LOF,0.4680033641459413,0.01297141400172947,0.5190252218523292
25901,LOF,0.0480275051384077,0.011594616459449323,0.940377878402143
25902,LOF,0.1642066967457293,0.013940700546304594,0.8218526027079661
25903,Neutral,0.5684508559746975,0.029552066441133673,0.4019970775841689
25904,LOF,0.3275601037289358,0.04265528899646699,0.6297846072745973
25905,LOF,0.024892799749783028,0.3448049550898208,0.6303022451603961
25906,LOF,0.030008791515375454,0.078137220273826,0.8918539882107985
25907,LOF,0.012601251485527076,0.3365738923156295,0.6508248561988434
25908,LOF,0.009215121546045897,0.2778075671748534,0.7129773112791008
25909,LOF,0.012200116132265194,0.14125528616398833,0.8465445977037465
25910,LOF,0.048461797069926794,0.13423505131949612,0.817303151610577
25911,LOF,0.19076036414626316,0.030003520558467934,0.7792361152952689
25912,LOF,0.043234529870252496,0.053391186216678384,0.9033742839130692
25913,LOF,0.3409604598254868,0.024551163384959496,0.6344883767895537
25914,LOF,0.02217523145462277,0.045519189985739145,0.932305578559638
25915,Neutral,0.5656068649289795,0.13946773309383456,0.2949254019771859
25916,LOF,0.08776096395708365,0.19507699546621599,0.7171620405767004
25917,LOF,0.0648513492414374,0.03619679582793096,0.8989518549306316
25918,LOF,0.023273784804882656,0.028278771636579457,0.9484474435585378
25919,LOF,0.020504600079633548,0.030347296059973973,0.9491481038603925
25920,GOF,0.10399827066673627,0.5195669018063013,0.3764348275269623
25921,LOF,0.02599577265363007,0.03491291335830563,0.9390913139880644
25922,LOF,0.036063479494452655,0.025471403784997227,0.9384651167205501
25923,Neutral,0.4977482263589041,0.033061941901482504,0.4691898317396133
25924,LOF,0.0371232372317447,0.0453473228317404,0.9175294399365149
25925,LOF,0.07425217171857963,0.03836650498614599,0.8873813232952744
25926,LOF,0.051311412544747206,0.03541810359970193,0.9132704838555509
25927,LOF,0.06121736071344198,0.13152940185043005,0.807253237436128
25928,LOF,0.01842548303046815,0.053441395976361696,0.9281331209931702
25929,Neutral,0.6090095383420769,0.03514179111418965,0.3558486705437333
25930,LOF,0.07720911818610343,0.030631666054363713,0.8921592157595327
25931,LOF,0.025555137181913504,0.033899880951282144,0.9405449818668044
25932,LOF,0.02846698634678784,0.026465797436231793,0.9450672162169804
25933,LOF,0.040280758813202394,0.016809233766545015,0.9429100074202527
25934,LOF,0.024980508326831654,0.01882946704487711,0.9561900246282912
25935,LOF,0.06394372213465133,0.05068473872230916,0.8853715391430395
25936,LOF,0.04585024226148148,0.022342682184063312,0.9318070755544553
25937,LOF,0.027244345251687466,0.03471600618469873,0.9380396485636139
25938,LOF,0.06666823605464066,0.05129868113178191,0.8820330828135775
25939,LOF,0.04281770799586693,0.01850338236730697,0.9386789096368261
25940,LOF,0.03516855688921735,0.34705125084182636,0.6177801922689563
25941,LOF,0.18717059240068618,0.10345251767334283,0.709376889925971
25942,LOF,0.013434074369896281,0.03165534504775837,0.9549105805823453
25943,LOF,0.30892697061011426,0.056908041886939,0.6341649875029467
25944,Neutral,0.4964216908318837,0.02344852823795444,0.4801297809301618
25945,LOF,0.07495191633270319,0.02017412948703919,0.9048739541802576
25946,LOF,0.03124431194424649,0.1175355503870868,0.8512201376686667
25947,LOF,0.10226437233623817,0.17684986787079574,0.720885759792966
25948,LOF,0.3654215243202035,0.008025272940982136,0.6265532027388144
25949,LOF,0.13241884117076586,0.0402457293589873,0.8273354294702467
25950,Neutral,0.3536563413827956,0.34022012109531147,0.30612353752189303
25951,LOF,0.2029733956817805,0.26435881492621616,0.5326677893920034
25952,LOF,0.041219712075483375,0.4386801897272038,0.5201000981973128
25953,LOF,0.1546190193854927,0.11662671487375496,0.7287542657407523
25954,Neutral,0.42673849754649135,0.19001799607523462,0.3832435063782742
25955,LOF,0.06856655303352321,0.07464445374531087,0.8567889932211661
25956,LOF,0.15112964346325505,0.12855823519048556,0.7203121213462594
25957,LOF,0.03556831007212464,0.030858711133889962,0.9335729787939854
25958,LOF,0.05238455597267517,0.029162004305061617,0.9184534397222632
25959,LOF,0.06760916351634089,0.3449767048151438,0.5874141316685153
25960,LOF,0.014989398052642811,0.05155531317993731,0.9334552887674199
25961,LOF,0.03972733249045764,0.02910053209428919,0.9311721354152532
25962,LOF,0.05272583451387503,0.028006923491319925,0.9192672419948051
25963,LOF,0.046671182143321,0.18748870291828182,0.7658401149383971
25964,LOF,0.030014733666014592,0.16516072518286598,0.8048245411511193
25965,LOF,0.43539811816075075,0.06226357817030728,0.5023383036689418
25966,Neutral,0.5217420086056187,0.15793096226546388,0.32032702912891736
25967,LOF,0.017562937517735452,0.10033631844601916,0.8821007440362453
25968,LOF,0.03543872823856657,0.3698639631553463,0.5946973086060872
25969,LOF,0.0348603538096799,0.06616629555942444,0.8989733506308957
25970,LOF,0.06308134301727407,0.06312253941147758,0.8737961175712484
25971,LOF,0.06669948301101865,0.019814660916441837,0.9134858560725394
25972,LOF,0.06658089683249144,0.02966907070691896,0.9037500324605896
25973,LOF,0.07107397984122074,0.010180162294560298,0.918745857864219
25974,LOF,0.18730005538569985,0.015802726026652114,0.7968972185876481
25975,LOF,0.04541411760537371,0.028681873248180494,0.9259040091464459
25976,LOF,0.04284836582180485,0.016795171482555667,0.9403564626956394
25977,LOF,0.14104042045471274,0.0890015903411029,0.7699579892041842
25978,LOF,0.1388022552394207,0.10111057002289862,0.7600871747376807
25979,LOF,0.12940796879343117,0.09904339031905371,0.7715486408875151
25980,LOF,0.21331329164978674,0.12210951614728512,0.6645771922029281
25981,LOF,0.24549905640848158,0.12089328973303914,0.6336076538584793
25982,LOF,0.38751021574355726,0.081405089708383,0.5310846945480597
25983,LOF,0.3578408159058121,0.08975297030130473,0.5524062137928831
25984,LOF,0.04423543795867866,0.051502375356658844,0.9042621866846625
25985,LOF,0.03859321163146708,0.2895502597415321,0.6718565286270008
25986,LOF,0.04212749200971604,0.34562739878588067,0.6122451092044033
25987,LOF,0.08112369954485224,0.07262847224539766,0.84624782820975
25988,LOF,0.15627520183525456,0.05739864815716966,0.7863261500075758
25989,LOF,0.0354548576191682,0.11517248284177274,0.849372659539059
25990,LOF,0.04031534536861325,0.15457137342884114,0.8051132812025455
25991,LOF,0.1402168568651865,0.2605630893358241,0.5992200537989893
25992,LOF,0.3140205261237443,0.1519001367002202,0.5340793371760354
25993,LOF,0.022893616923136836,0.0724372225430642,0.904669160533799
25994,LOF,0.01786434532501122,0.0962407840492121,0.8858948706257767
25995,LOF,0.0237304596010509,0.1904820269516203,0.7857875134473288
25996,GOF,0.3255166852720432,0.40503827931658404,0.2694450354113728
25997,LOF,0.08793231654419832,0.377551806603497,0.5345158768523046
25998,Neutral,0.5408975635135675,0.024373427106666876,0.43472900937976555
25999,LOF,0.09914025185969919,0.09025534021211501,0.8106044079281859
26000,LOF,0.14923254047946302,0.05470913098513333,0.7960583285354037
26001,LOF,0.19999360896262727,0.04957172093401128,0.7504346701033614
26002,LOF,0.12169325798225991,0.053812516009286694,0.8244942260084535
26003,GOF,0.011423816837689697,0.6229388860039727,0.3656372971583376
26004,GOF,0.02115227315988958,0.7049258315110739,0.27392189532903644
26005,LOF,0.0066496383439293046,0.4492437667823502,0.5441065948737205
26006,Neutral,0.5188854656168723,0.25524097442760735,0.22587355995552044
26007,GOF,0.020429586710241407,0.5362152413085197,0.44335517198123886
26008,GOF,0.018445104744011998,0.6147646666390826,0.36679022861690536
26009,GOF,0.01935906362887809,0.703981158133903,0.27665977823721893
26010,GOF,0.022749503570626002,0.6694421967102806,0.3078082997190934
26011,LOF,0.006807947579076408,0.4273980867385439,0.5657939656823797
26012,GOF,0.012429698617926406,0.5710537718074327,0.4165165295746409
26013,GOF,0.018306548231023564,0.6102353534423609,0.3714580983266157
26014,LOF,0.03928649328974309,0.1232884620245353,0.8374250446857215
26015,LOF,0.15733705881800453,0.01592464163254096,0.8267382995494545
26016,LOF,0.17555700074692354,0.06561769284679932,0.7588253064062772
26017,LOF,0.19586965263764547,0.09757818243709031,0.7065521649252642
26018,LOF,0.07302866025109318,0.03972672791137375,0.887244611837533
26019,LOF,0.06961234026177833,0.0309509462435919,0.8994367134946298
26020,LOF,0.06460781592398791,0.1023975572306195,0.8329946268453925
26021,LOF,0.044448008877463446,0.11781895505860024,0.8377330360639363
26022,LOF,0.010943345695614344,0.043164215532016895,0.9458924387723687
26023,LOF,0.06235985023888716,0.025222131505775746,0.9124180182553372
26024,LOF,0.02983901128333939,0.12018849798953153,0.8499724907271291
26025,LOF,0.14884761915877825,0.09286337353740606,0.7582890073038157
26026,LOF,0.32450485194723666,0.028587003789576772,0.6469081442631865
26027,LOF,0.05629607137585968,0.02039831682429067,0.9233056117998497
26028,LOF,0.15699117520566017,0.0706873907950366,0.7723214339993032
26029,LOF,0.06241964455953267,0.1429033290629798,0.7946770263774875
26030,LOF,0.020777067430039785,0.032674497687330564,0.9465484348826296
26031,LOF,0.024181857700393113,0.11098054602323797,0.8648375962763689
26032,LOF,0.06062772438800796,0.05219406372741085,0.8871782118845812
26033,LOF,0.07746812673783515,0.050628674556096556,0.8719031987060684
26034,LOF,0.040450021997527466,0.13585038073028788,0.8236995972721847
26035,LOF,0.02320577840754401,0.12385225502622069,0.8529419665662352
26036,LOF,0.03385403370638171,0.14769414914492077,0.8184518171486976
26037,LOF,0.018731613835860514,0.1006852919705653,0.8805830941935742
26038,LOF,0.057758789264942816,0.05388999187534258,0.8883512188597146
26039,LOF,0.045652915427879616,0.12556042556091523,0.8287866590112052
26040,LOF,0.1962106928054674,0.09256842491421065,0.7112208822803219
26041,LOF,0.019766620060162752,0.09410749037926847,0.8861258895605688
26042,LOF,0.018258205839148847,0.08657479630952108,0.8951669978513301
26043,LOF,0.05889065860263351,0.06171569347720422,0.8793936479201623
26044,LOF,0.017212881488906734,0.042154692040442684,0.9406324264706506
26045,LOF,0.06475489169804399,0.07813168959026272,0.8571134187116933
26046,LOF,0.05403048251924481,0.05151285055088586,0.8944566669298694
26047,LOF,0.07132876963605025,0.05218510329565271,0.8764861270682971
26048,LOF,0.04124711170925888,0.03227430101060301,0.9264785872801381
26049,Neutral,0.9665277731178433,0.005248438685331871,0.02822378819682485
26050,Neutral,0.9515932342840352,0.006827495064753842,0.04157927065121099
26051,LOF,0.043987286921529596,0.26583681570728923,0.6901758973711811
26052,LOF,0.06467111053808891,0.29925148028106946,0.6360774091808415
26053,LOF,0.0664045090282398,0.1585252361438584,0.7750702548279018
26054,LOF,0.04987360213617684,0.015790842527875264,0.9343355553359479
26055,LOF,0.06715960576090432,0.014416584374092366,0.9184238098650034
26056,LOF,0.05958250989559095,0.01613086938995073,0.9242866207144583
26057,LOF,0.029372782542791204,0.011799994185216503,0.9588272232719924
26058,LOF,0.0304043452541193,0.010078861087291148,0.9595167936585897
26059,LOF,0.2643541645856358,0.01895233728671993,0.7166934981276442
26060,LOF,0.039566584560774984,0.1628029279122115,0.7976304875270136
26061,LOF,0.015864583565394927,0.012009562959594227,0.9721258534750108
26062,LOF,0.009774069882097043,0.018361352676272997,0.97186457744163
26063,LOF,0.01829869574452962,0.010754998808270464,0.9709463054472001
26064,LOF,0.020677404616031132,0.022853659545638803,0.9564689358383301
26065,LOF,0.023125836051917866,0.011103058371645732,0.9657711055764364
26066,LOF,0.0190382816093255,0.010657663966943932,0.9703040544237306
26067,LOF,0.02514674873549367,0.008752907314117098,0.9661003439503892
26068,LOF,0.04426103492578063,0.02616927392372147,0.9295696911504979
26069,LOF,0.2590847111465754,0.01565285250341156,0.7252624363500131
26070,LOF,0.39691700121065815,0.013169416717721191,0.5899135820716207
26071,LOF,0.0187376061176774,0.01151180440202022,0.9697505894803025
26072,LOF,0.017418242391798632,0.018233806510155704,0.9643479510980456
26073,LOF,0.018956182654734564,0.011182773716425792,0.9698610436288396
26074,Neutral,0.9056894493396308,0.005345598450477969,0.08896495220989113
26075,LOF,0.044123872609992475,0.012503203473976838,0.9433729239160307
26076,LOF,0.034125877784045126,0.008996880578099862,0.956877241637855
26077,LOF,0.00936003040816074,0.013784346889734263,0.9768556227021049
26078,LOF,0.013726934162031496,0.011765481500086092,0.9745075843378825
26079,LOF,0.06083712520221592,0.014732232696052665,0.9244306421017313
26080,LOF,0.05997109897679134,0.014744746513418266,0.9252841545097903
26081,LOF,0.032440319296950536,0.006818117743024508,0.9607415629600249
26082,LOF,0.012226505108775,0.014023303439017485,0.9737501914522075
26083,LOF,0.17601713677350253,0.013530774169057092,0.8104520890574404
26084,LOF,0.042829967452774544,0.01141712871157411,0.9457529038356515
26085,LOF,0.03825733537108555,0.011008516328921055,0.9507341482999935
26086,LOF,0.01977437939772298,0.011472348388808869,0.9687532722134682
26087,LOF,0.022365075312128075,0.008689617896451418,0.9689453067914205
26088,LOF,0.015922608477248214,0.023763678173530402,0.9603137133492213
26089,LOF,0.04127955649655381,0.01919493846506422,0.939525505038382
26090,LOF,0.041419492709297664,0.015675223555271057,0.9429052837354311
26091,LOF,0.02990064609224741,0.006091286145803177,0.9640080677619495
26092,LOF,0.020711411193921173,0.008300768813912614,0.9709878199921662
26093,LOF,0.030923502543299966,0.006428135443513978,0.962648362013186
26094,LOF,0.03033357514860096,0.005794648281316127,0.9638717765700828
26095,LOF,0.038010229077675386,0.013475327666758392,0.9485144432555661
26096,LOF,0.016216330891027874,0.011612679981877197,0.9721709891270949
26097,LOF,0.012035426365449442,0.03423589653050928,0.9537286771040413
26098,LOF,0.07832098618546546,0.010447460169118702,0.9112315536454159
26099,LOF,0.01905458548017609,0.011951840907892641,0.9689935736119312
26100,LOF,0.02089783453555173,0.011613041944851082,0.9674891235195971
26101,LOF,0.04206741586792823,0.01600064584871678,0.9419319382833551
26102,LOF,0.018227161683158622,0.012409890873300274,0.9693629474435412
26103,Neutral,0.8784168133310039,0.017052071998660833,0.10453111467033538
26104,LOF,0.07554545841758964,0.021432083164347086,0.9030224584180634
26105,LOF,0.18692490416514118,0.2889850302833548,0.5240900655515041
26106,LOF,0.15362224231881338,0.12571744316467207,0.7206603145165146
26107,LOF,0.2308439394198925,0.0915138794104672,0.6776421811696404
26108,LOF,0.20981903374334024,0.09164758690412175,0.698533379352538
26109,LOF,0.08076662119554832,0.05969349660162227,0.8595398822028293
26110,LOF,0.22417067813618494,0.006963280170264002,0.768866041693551
26111,Neutral,0.5197649400042758,0.024671822041853773,0.4555632379538705
26112,LOF,0.0328579542085345,0.007245404107903357,0.9598966416835621
26113,LOF,0.06027898862589985,0.016063249930127137,0.9236577614439729
26114,LOF,0.023787103207064106,0.02908999670865617,0.9471229000842798
26115,LOF,0.08675807067590392,0.0527189879456993,0.8605229413783968
26116,LOF,0.06227107260314082,0.06113118928217977,0.8765977381146796
26117,LOF,0.4443976005890999,0.040230849200090034,0.5153715502108102
26118,LOF,0.03314033824716838,0.025510910098689263,0.9413487516541424
26119,LOF,0.02354586573655452,0.03794791804575237,0.938506216217693
26120,LOF,0.024620891515437962,0.01923009721398403,0.9561490112705779
26121,LOF,0.040882237601135366,0.0818469539560529,0.8772708084428117
26122,LOF,0.039519377792699886,0.041019957413600594,0.9194606647936996
