feature0,prediction,LoGoFunc_Neutral,LoGoFunc_GOF,LoGoFunc_LOF
25546,Neutral,0.5562599883828218,0.0835927599462949,0.3601472516708834
25547,Neutral,0.4374739204433513,0.12972740206651617,0.43279867749013257
25548,Neutral,0.4654337948303541,0.10058255114327619,0.4339836540263696
25549,LOF,0.40780802206186356,0.10398515234411686,0.48820682559401957
25550,LOF,0.3539859220585593,0.11578913015947837,0.5302249477819623
25551,LOF,0.3200120609097439,0.11066511237751853,0.5693228267127376
25552,LOF,0.282846501540095,0.1425992329355804,0.5745542655243246
25553,Neutral,0.7821175427924537,0.05921507118691018,0.15866738602063613
25554,LOF,0.3285028162987996,0.1139383092556201,0.5575588744455803
25555,LOF,0.2767360065268729,0.11502998183957128,0.6082340116335558
25556,Neutral,0.4563653644870861,0.09537386252795667,0.4482607729849573
25557,LOF,0.25785680671397676,0.11634254622737149,0.6258006470586517
25558,LOF,0.32749579712982024,0.10637746093595576,0.566126741934224
25559,LOF,0.29047734718298857,0.04150848633321008,0.6680141664838014
25560,LOF,0.09370282177648157,0.1261631757398468,0.7801340024836717
25561,LOF,0.06906166366346898,0.22418437027858576,0.7067539660579453
25562,LOF,0.03895064398278702,0.08551456337183624,0.8755347926453767
25563,LOF,0.007264432761652091,0.18761569553251342,0.8051198717058344
25564,LOF,0.0790918419495214,0.07836155954434143,0.8425465985061371
25565,LOF,0.20083752300933164,0.14471491008845186,0.6544475669022165
25566,GOF,0.0742987754132053,0.6915848741527155,0.23411635043407913
25567,LOF,0.048385179348942486,0.1406995838165375,0.81091523683452
25568,LOF,0.06951277631396334,0.10855759979901886,0.8219296238870177
25569,LOF,0.0711775246283029,0.0879929261553838,0.8408295492163134
25570,LOF,0.03048179288714708,0.10758295773344456,0.8619352493794085
25571,LOF,0.029476986430980335,0.10052462264332718,0.8699983909256924
25572,LOF,0.0606855870382839,0.12150193508700945,0.8178124778747068
25573,LOF,0.08951135449251095,0.11868402804256628,0.7918046174649228
25574,LOF,0.11170918825928808,0.23060906054997496,0.6576817511907369
25575,LOF,0.028976608586231672,0.10900841154233029,0.862014979871438
25576,LOF,0.03055522482739333,0.15190441476519456,0.8175403604074122
25577,LOF,0.035530078485180076,0.1217151604677234,0.8427547610470966
25578,LOF,0.31296526228069876,0.0907418422751423,0.596292895444159
25579,LOF,0.21489854384193688,0.09511026707021267,0.6899911890878504
25580,LOF,0.02925198203915824,0.08751450501565408,0.8832335129451878
25581,LOF,0.047744386880271245,0.11217826051629139,0.8400773526034373
25582,LOF,0.047744386880271245,0.11217826051629139,0.8400773526034373
25583,LOF,0.03871352760667609,0.09456524688811453,0.8667212255052094
25584,Neutral,0.7709162723886386,0.07873275218346054,0.1503509754279009
25585,LOF,0.029871559815935075,0.14684936103012589,0.823279079153939
25586,LOF,0.026482301389163476,0.10169578267167544,0.8718219159391611
25587,LOF,0.02561611289509262,0.10579946127069494,0.8685844258342125
25588,LOF,0.03259401928982563,0.08201426961425007,0.8853917110959244
25589,Neutral,0.6520238551496573,0.15965421548702105,0.18832192936332176
25590,LOF,0.06787176338697654,0.12023771527229785,0.8118905213407256
25591,LOF,0.11911992241268382,0.08056338585361379,0.8003166917337023
25592,LOF,0.09894780256282358,0.1790752609678685,0.7219769364693079
25593,LOF,0.16855384854248304,0.28528986275726864,0.5461562887002482
25594,LOF,0.04529219681654489,0.06122761914598259,0.8934801840374725
25595,LOF,0.05562441291283757,0.027528804129804886,0.9168467829573577
25596,LOF,0.12823917876698104,0.013875526094311905,0.857885295138707
25597,LOF,0.1024310980811569,0.009365063164884333,0.8882038387539587
25598,LOF,0.05348158365034026,0.02597487639584122,0.9205435399538185
25599,GOF,0.024133084267639254,0.613976886503234,0.3618900292291267
25600,GOF,0.14175791112409752,0.47984955628936204,0.37839253258654043
25601,LOF,0.03936893062759147,0.41197006583959467,0.5486610035328138
25602,LOF,0.0339635932795206,0.05699322003624721,0.9090431866842322
25603,LOF,0.06858219921191049,0.0522478140654812,0.8791699867226083
25604,LOF,0.06936626017718978,0.11759010312940635,0.813043636693404
25605,LOF,0.06569113477697873,0.2040049625490934,0.7303039026739279
25606,Neutral,0.47984479343111847,0.22950651368082076,0.29064869288806083
25607,LOF,0.04320740481473467,0.16898189090751617,0.7878107042777491
25608,LOF,0.05759843288344385,0.1212128053652942,0.8211887617512619
25609,GOF,0.1552244031806922,0.6042398452844858,0.24053575153482193
25610,LOF,0.02074848389480496,0.05653233605244981,0.9227191800527453
25611,LOF,0.01518751876889415,0.05736690404387689,0.927445577187229
25612,LOF,0.06797582007957062,0.059752726047266856,0.8722714538731624
25613,LOF,0.06338095165112416,0.057657709233209065,0.8789613391156668
25614,LOF,0.0236495404788578,0.05127522668537449,0.9250752328357676
25615,LOF,0.06115611456117637,0.056961151974676584,0.8818827334641471
25616,LOF,0.06439748695399032,0.05305598403014328,0.8825465290158664
25617,LOF,0.05126856661425275,0.06304869380511847,0.8856827395806288
25618,LOF,0.05857219427615691,0.13677574374130927,0.8046520619825337
25619,LOF,0.014311129192087364,0.0871294244039021,0.8985594464040105
25620,LOF,0.047076796610604286,0.05776798813386619,0.8951552152555295
25621,LOF,0.08386079608367568,0.06661653131918258,0.8495226725971418
25622,LOF,0.0954725422662182,0.06443659316798851,0.8400908645657932
25623,LOF,0.08084607224622384,0.05048070885681957,0.8686732188969566
25624,LOF,0.022616876320300697,0.054986745362891234,0.9223963783168081
25625,LOF,0.07991300511184932,0.05171029293616925,0.8683767019519815
25626,LOF,0.0625664011424138,0.05380170405639729,0.8836318948011889
25627,Neutral,0.8670571149308267,0.03505576026795864,0.0978871248012146
25628,LOF,0.17345467692923724,0.09687276852178073,0.7296725545489819
25629,LOF,0.06168197170998085,0.08492007976669697,0.8533979485233222
25630,LOF,0.2599192810926944,0.10677666834063541,0.6333040505666703
25631,Neutral,0.487423831753975,0.09287762916799511,0.4196985390780299
25632,LOF,0.022276036444001127,0.050201755418985576,0.9275222081370134
25633,LOF,0.21895839928836405,0.019355953630428014,0.7616856470812079
25634,LOF,0.04534770500390383,0.04143686369299408,0.9132154313031021
25635,LOF,0.036428641762962094,0.02101006137357933,0.9425612968634586
25636,GOF,0.026760875935081117,0.5817546325842271,0.39148449148069175
25637,GOF,0.027336308995984486,0.5093568288995594,0.4633068621044562
25638,GOF,0.01564428408154411,0.5442040410258336,0.44015167489262225
25639,LOF,0.022109271989648547,0.4116544762075908,0.5662362518027606
25640,Neutral,0.8652631463804162,0.0919179232455455,0.0428189303740382
25641,LOF,0.12493258598390962,0.30259434958723613,0.5724730644288542
25642,LOF,0.12919317875119454,0.2032781143774396,0.6675287068713658
25643,LOF,0.3765677032599496,0.15823624895139704,0.4651960477886533
25644,GOF,0.008483052509266197,0.6898312539104644,0.30168569358026937
25645,GOF,0.00912522759658161,0.6551111837920552,0.33576358861136313
25646,LOF,0.015453661734878292,0.4844081361832702,0.5001382020818516
25647,LOF,0.008907870396691457,0.37692762540078867,0.6141645042025199
25648,LOF,0.011814327925627196,0.3864631423720854,0.6017225297022875
25649,LOF,0.0082456940442985,0.2820915312515976,0.7096627747041038
25650,GOF,0.025716456231358268,0.640904463552733,0.3333790802159088
25651,LOF,0.008748077352657096,0.4136688084432442,0.5775831142040987
25652,GOF,0.007068825632396244,0.5555604352550852,0.43737073911251845
25653,GOF,0.02498689827892025,0.6425066854592766,0.3325064162618031
25654,LOF,0.009397928274457434,0.4615317648353119,0.5290703068902306
25655,GOF,0.07288371509706984,0.7534898641845953,0.1736264207183348
25656,LOF,0.18870651039117295,0.22802038173949798,0.5832731078693291
25657,LOF,0.0247598019461529,0.23140184523606497,0.7438383528177821
25658,LOF,0.1855161965749678,0.23485059031313374,0.5796332131118984
25659,LOF,0.29113291057938895,0.3276067938659458,0.3812602955546652
25660,LOF,0.02153757434321797,0.22411616190434183,0.7543462637524403
25661,LOF,0.04893843544989486,0.1466872109803063,0.8043743535697989
25662,LOF,0.025922540689621274,0.09929128771874808,0.8747861715916306
25663,LOF,0.028366553222304428,0.0870999883415492,0.8845334584361464
25664,LOF,0.07781671653264731,0.15186847052154706,0.7703148129458056
25665,LOF,0.04745188159419018,0.07042639068927059,0.8821217277165393
25666,LOF,0.0556268195467971,0.13282111033373878,0.8115520701194641
25667,LOF,0.04738088050634909,0.1150505486276801,0.8375685708659707
25668,LOF,0.024498970398180706,0.13531708930860342,0.8401839402932159
25669,LOF,0.01800111900062213,0.12214947768610748,0.8598494033132704
25670,LOF,0.10590102190502135,0.10164248212268874,0.7924564959722898
25671,LOF,0.07568069763189272,0.08811945235580951,0.8361998500122977
25672,LOF,0.03910685526337098,0.10457573538245538,0.8563174093541737
25673,LOF,0.06259209607334723,0.11600444200677978,0.821403461919873
25674,LOF,0.057501611394724185,0.1406627383351233,0.8018356502701526
25675,LOF,0.055606696600223354,0.15093742262216825,0.7934558807776084
25676,LOF,0.015275548798205987,0.12955558258461983,0.8551688686171741
25677,LOF,0.015067021734293176,0.16282142239234063,0.8221115558733662
25678,LOF,0.1383206358120624,0.1820125979608382,0.6796667662270993
25679,LOF,0.10858049640541562,0.1629224256482056,0.7284970779463786
25680,LOF,0.018990305482364758,0.20942512788338585,0.7715845666342493
25681,LOF,0.028885973962549893,0.19673289664461718,0.774381129392833
25682,LOF,0.08458979388454119,0.14759576380635372,0.7678144423091051
25683,LOF,0.07551137256346468,0.15197957016077931,0.7725090572757559
25684,LOF,0.021978694113085933,0.14340996660231475,0.8346113392845994
25685,LOF,0.1001146535838454,0.18737619355042137,0.7125091528657332
25686,LOF,0.06040370301685012,0.2940579733094867,0.6455383236736632
25687,LOF,0.09887533909009162,0.3058212279021212,0.5953034330077871
25688,LOF,0.4066327020686324,0.0237523878850725,0.5696149100462952
25689,LOF,0.23696450650425935,0.025570806670646287,0.7374646868250945
25690,LOF,0.30055592532866915,0.028271377077221795,0.6711726975941089
25691,Neutral,0.7180037500597052,0.028820154347758486,0.2531760955925363
25692,LOF,0.34541621832587965,0.01270576493162373,0.6418780167424966
25693,LOF,0.06474986782158171,0.411366399965561,0.5238837322128572
25694,LOF,0.10930591152416029,0.014715338958569815,0.87597874951727
25695,LOF,0.11154887137665707,0.008523134991797738,0.8799279936315451
25696,LOF,0.12351548213379222,0.025140505719593264,0.8513440121466145
25697,LOF,0.04296877623378012,0.08023002977002361,0.8768011939961962
25698,LOF,0.28838213923714556,0.14980882187564581,0.5618090388872087
25699,LOF,0.3741351356830792,0.10901109600493737,0.5168537683119835
25700,LOF,0.062142282540240706,0.019310975053376846,0.9185467424063825
25701,LOF,0.1592723131114232,0.08531529320266021,0.7554123936859166
25702,GOF,0.2493645093376692,0.664264675267474,0.08637081539485672
25703,LOF,0.020849358545512058,0.3009170881887483,0.6782335532657396
25704,LOF,0.0339190303436174,0.2505630425993279,0.7155179270570546
25705,LOF,0.022500694171466953,0.17621525869757615,0.8012840471309569
25706,GOF,0.10152149815240633,0.49911532058864516,0.3993631812589486
25707,LOF,0.11112420743371487,0.4172510909886377,0.4716247015776473
25708,GOF,0.04479562949712605,0.4823201951365074,0.4728841753663666
25709,LOF,0.052683480254223085,0.12116264071217595,0.8261538790336009
25710,LOF,0.02034795133908823,0.20370773026824834,0.7759443183926634
25711,LOF,0.014600988638904595,0.16810433060196936,0.8172946807591261
25712,LOF,0.01906524701245439,0.2544618611983334,0.7264728917892121
25713,LOF,0.013684799574965894,0.15752743515622825,0.8287877652688059
25714,LOF,0.052072380288543524,0.1620558331506017,0.7858717865608548
25715,LOF,0.008722817207118606,0.22000715771956705,0.7712700250733143
25716,LOF,0.014039507553169989,0.2034650753047484,0.7824954171420817
25717,LOF,0.019138976085577034,0.1323298652582267,0.8485311586561962
25718,LOF,0.009096030505073056,0.12644371592300796,0.8644602535719189
25719,LOF,0.020473035426655097,0.16770716717617637,0.8118197973971686
25720,LOF,0.024710807648919815,0.09970418385043077,0.8755850085006495
25721,LOF,0.008991788751872138,0.2038579260208879,0.78715028522724
25722,LOF,0.010416681351244426,0.1888710567834139,0.8007122618653416
25723,LOF,0.017895324396310548,0.1422670506530504,0.839837624950639
25724,LOF,0.02752321558738112,0.27735783115309154,0.6951189532595273
25725,LOF,0.008883979454874869,0.18012591599926867,0.8109901045458564
25726,LOF,0.01249774480299748,0.2615395688826713,0.7259626863143313
25727,LOF,0.011173568362680217,0.18033494500151837,0.8084914866358013
25728,LOF,0.008632363818263312,0.21509422576584006,0.7762734104158967
25729,LOF,0.008953266815548302,0.2133685946037963,0.7776781385806554
25730,LOF,0.011984350854394364,0.21408974350861668,0.7739259056369889
25731,LOF,0.02065074110724166,0.17779928664771563,0.8015499722450428
25732,LOF,0.012269756021530846,0.10854310946927077,0.8791871345091984
25733,LOF,0.013561099878042175,0.12371604630303562,0.8627228538189222
25734,LOF,0.015126502718981354,0.21933811977518008,0.7655353775058386
25735,LOF,0.009108961232394639,0.14142037645558625,0.8494706623120191
25736,LOF,0.009349171167590488,0.15790930178245086,0.8327415270499587
25737,LOF,0.00996740976632823,0.17322835393951716,0.8168042362941546
25738,LOF,0.010023206717967316,0.19862213052505012,0.7913546627569826
25739,LOF,0.015093575178693695,0.16014598561642238,0.8247604392048838
25740,LOF,0.02385289732566895,0.21816955136972732,0.7579775513046039
25741,LOF,0.01186339299882069,0.20777876060170763,0.7803578463994716
25742,LOF,0.08586972993695899,0.12993610448595552,0.7841941655770854
25743,LOF,0.058702599012378016,0.04092191010031061,0.9003754908873114
25744,Neutral,0.6667113959735856,0.14307058876253823,0.19021801526387613
25745,LOF,0.0761111593372578,0.07541578862680327,0.8484730520359389
25746,LOF,0.04731482492788755,0.10786629415050511,0.8448188809216073
25747,LOF,0.015777572459718888,0.10699898104968937,0.8772234464905918
25748,LOF,0.08670769928146776,0.15291951361547249,0.7603727871030598
25749,LOF,0.03309547037656174,0.11479123378523975,0.8521132958381985
25750,LOF,0.06637857307699448,0.09907025205147961,0.8345511748715259
25751,LOF,0.09326886700498331,0.12646231481151032,0.7802688181835064
25752,GOF,0.11843995567784853,0.6855296908592066,0.19603035346294498
25753,LOF,0.030514900349619234,0.4096623920751703,0.5598227075752105
25754,GOF,0.02718366737381391,0.7711979692059199,0.20161836342026623
25755,LOF,0.039744962741693375,0.3657245421574371,0.5945304951008695
25756,LOF,0.07638043685125027,0.4616484388667532,0.46197112428199655
25757,GOF,0.02559805903156455,0.8474423481468143,0.12695959282162123
25758,GOF,0.03096891116863808,0.8345161880438448,0.13451490078751727
25759,GOF,0.019124885594614234,0.7573983093814284,0.22347680502395748
25760,LOF,0.023201554342324373,0.4309220847450953,0.5458763609125804
25761,GOF,0.27021209529140855,0.6608056449714451,0.06898225973714628
25762,LOF,0.052182601849038245,0.4406847792765978,0.507132618874364
25763,LOF,0.01994663150820558,0.3237938383175072,0.6562595301742872
25764,GOF,0.08451949694021368,0.7825356087721945,0.13294489428759176
25765,GOF,0.036825936065606676,0.8242894750984268,0.1388845888359667
25766,GOF,0.10321948029606674,0.7753261311264437,0.1214543885774896
25767,GOF,0.1335367441116363,0.630740426751978,0.23572282913638584
25768,LOF,0.08393266800126782,0.0543996908642682,0.861667641134464
25769,LOF,0.04971241178544538,0.0742366981045908,0.8760508901099638
25770,LOF,0.38460330036975576,0.06027581009622445,0.5551208895340198
25771,LOF,0.05409495000093002,0.04558612713382395,0.9003189228652461
25772,LOF,0.018293689169748602,0.06586973920003264,0.9158365716302188
25773,LOF,0.05378363298286474,0.03618410250730827,0.910032264509827
25774,LOF,0.027206315800657757,0.10451643589641951,0.8682772483029226
25775,LOF,0.07191968985821333,0.03387758495952165,0.8942027251822651
25776,LOF,0.0678424885893563,0.03781746765805827,0.8943400437525854
25777,Neutral,0.5091098734760882,0.058576635379659577,0.4323134911442523
25778,LOF,0.05451576967928992,0.05996597758769402,0.8855182527330161
25779,GOF,0.41473604590844626,0.5046719124646274,0.08059204162692636
25780,GOF,0.3314823894784194,0.5252502629937226,0.14326734752785797
25781,GOF,0.12807032002670482,0.6925667534949331,0.17936292647836213
25782,GOF,0.19355551057873607,0.65495701982425,0.1514874695970138
25783,GOF,0.024887616696390214,0.7314724371828639,0.2436399461207459
25784,Neutral,0.5895371783406527,0.32595945237913965,0.08450336928020759
25785,Neutral,0.5276305800471651,0.35845521778762574,0.11391420216520912
25786,GOF,0.025214547550746223,0.7207986862696198,0.25398676617963406
25787,Neutral,0.7535194774595141,0.17970402580564473,0.06677649673484116
25788,LOF,0.0515772536796532,0.06919484245818606,0.8792279038621608
25789,GOF,0.20475609775477807,0.5769634881402029,0.21828041410501897
25790,GOF,0.255919177701299,0.5541680038715162,0.1899128184271848
25791,GOF,0.13459850646549695,0.5459516093084421,0.3194498842260609
25792,GOF,0.35086498345086825,0.3903008484857994,0.25883416806333237
25793,GOF,0.22030669096005037,0.40810676862300477,0.3715865404169449
25794,GOF,0.2806993562535644,0.4698306673518613,0.24946997639457433
25795,GOF,0.06062868868423084,0.6094170905924895,0.3299542207232797
25796,Neutral,0.45825964490671556,0.3782858186616819,0.16345453643160243
25797,GOF,0.07450572444240415,0.47330251062746465,0.4521917649301313
25798,GOF,0.011572894639271483,0.515177017719193,0.4732500876415355
25799,GOF,0.010043993162227215,0.516560170043699,0.4733958367940738
25800,GOF,0.03550610378938352,0.608118104536042,0.35637579167457445
25801,GOF,0.22661922090002196,0.5976627122338954,0.17571806686608263
25802,GOF,0.05203750478936819,0.5685917345803693,0.37937076063026254
25803,GOF,0.0468257982566926,0.5157514960645119,0.43742270567879543
25804,GOF,0.038453189740440354,0.5225789577668524,0.4389678524927073
25805,GOF,0.08757147282290871,0.5677824285449007,0.34464609863219053
25806,GOF,0.1062226283308195,0.5481340511618887,0.3456433205072918
25807,GOF,0.019297520172463386,0.5232424160529244,0.4574600637746123
25808,GOF,0.08258900771988277,0.4988160263979619,0.4185949658821552
25809,LOF,0.01877377094792281,0.45989750355080106,0.5213287255012762
25810,LOF,0.02120475567860309,0.4740655922674551,0.5047296520539418
25811,Neutral,0.4686224214749807,0.42200053751333677,0.10937704101168268
25812,GOF,0.03584485111561564,0.5306124854955127,0.4335426633888717
25813,Neutral,0.5730095354911569,0.24479013074797035,0.18220033376087275
25814,GOF,0.12552411325291907,0.5717350929664051,0.3027407937806758
25815,GOF,0.24187255565936905,0.5225654562049825,0.23556198813564838
25816,GOF,0.01792312067037737,0.5831986550435059,0.3988782242861168
25817,GOF,0.16787471179911578,0.6510930043658817,0.18103228383500258
25818,GOF,0.036665620515534444,0.4867848567205054,0.47654952276396
25819,GOF,0.348272417127472,0.40431718607238487,0.24741039680014307
25820,GOF,0.18711230321771516,0.5294484407064478,0.28343925607583703
25821,GOF,0.05689420960411815,0.5846068189004047,0.35849897149547716
25822,GOF,0.24406082592813785,0.4958335270983234,0.2601056469735387
25823,GOF,0.03661690163250708,0.5389606119651021,0.4244224864023908
25824,GOF,0.08789617533711186,0.48055885175441354,0.4315449729084746
25825,GOF,0.03500201972563953,0.48265541381750965,0.48234256645685075
25826,LOF,0.012931779025312062,0.4715769806350993,0.5154912403395887
25827,GOF,0.02032776233677414,0.5207675461525318,0.4589046915106941
25828,LOF,0.013862296238777511,0.4662183045659279,0.5199193991952946
25829,GOF,0.00886761489866637,0.49567734559755255,0.49545503950378106
25830,LOF,0.0351000463571962,0.11400306711339679,0.850896886529407
25831,GOF,0.17013154283482473,0.6463259845525701,0.18354247261260512
25832,GOF,0.04075657832130687,0.5468533871529003,0.4123900345257928
25833,GOF,0.12824323586093025,0.5449518845479231,0.3268048795911467
25834,GOF,0.05070785607124018,0.5501626040468928,0.39912953988186706
25835,GOF,0.11631677160565476,0.5233744337755811,0.3603087946187642
25836,GOF,0.062342058171940704,0.5539346570912449,0.38372328473681455
25837,LOF,0.027059983396436883,0.4752058540678324,0.4977341625357308
25838,GOF,0.09926787464048079,0.5835961384242253,0.3171359869352939
25839,GOF,0.34835135463742267,0.3972645885768933,0.25438405678568404
25840,GOF,0.22053548614525764,0.5246328415722402,0.25483167228250214
25841,GOF,0.2588441419777711,0.4764471078400827,0.26470875018214624
25842,GOF,0.19127572264069956,0.5077471443946939,0.30097713296460654
25843,GOF,0.22402313138207372,0.5547906085617229,0.22118626005620337
25844,GOF,0.061009795260391915,0.5162688159070039,0.4227213888326041
25845,GOF,0.0173471497080021,0.5197144929227115,0.46293835736928635
25846,GOF,0.11036031085658571,0.6237957760769857,0.2658439130664286
25847,GOF,0.1238400940116059,0.6005909558434931,0.275568950144901
25848,GOF,0.044659500019013816,0.5283528429338772,0.42698765704710895
25849,LOF,0.013505218635311126,0.4932237648901059,0.4932710164745829
25850,GOF,0.026150153961710595,0.5281220750084796,0.44572777102980965
25851,GOF,0.020946750704493148,0.5086013344197884,0.47045191487571836
25852,GOF,0.1365891468518658,0.4520795289048173,0.41133132424331686
25853,GOF,0.30242786407261607,0.5184655406475186,0.17910659527986536
25854,GOF,0.020666265741921278,0.6384205698867217,0.340913164371357
25855,GOF,0.03758031746335159,0.5157228646880032,0.44669681784864523
25856,GOF,0.19627799782921604,0.52192516113208,0.28179684103870395
25857,GOF,0.03517113760649952,0.5111815158398076,0.4536473465536928
25858,GOF,0.019631509905955424,0.6282991971631031,0.35206929293094136
25859,GOF,0.010792838374279313,0.6260724605845871,0.3631347010411336
25860,GOF,0.28699655608906954,0.528783528192548,0.18421991571838242
25861,GOF,0.29573190547422645,0.5873688881477864,0.11689920637798708
25862,GOF,0.06545238653624018,0.6823739273688779,0.2521736860948819
25863,GOF,0.07488577973407076,0.6912631771218526,0.23385104314407673
25864,GOF,0.14444012455311075,0.679603156185624,0.1759567192612654
25865,GOF,0.06637604502766338,0.7122559003735304,0.22136805459880626
25866,GOF,0.053265525795130685,0.7464046440532244,0.20032983015164493
25867,GOF,0.07066727143559351,0.7572645868994389,0.1720681416649677
25868,GOF,0.17411572429080374,0.6022582324496548,0.22362604325954147
25869,Neutral,0.6463833076630005,0.27528190396415236,0.07833478837284716
25870,LOF,0.21789018697307888,0.08015470352983747,0.7019551094970836
25871,GOF,0.17273389953573123,0.5566893578593638,0.27057674260490494
25872,GOF,0.0749511741103629,0.5301552189445851,0.39489360694505193
25873,GOF,0.1191583301331527,0.5625790220624408,0.31826264780440644
25874,LOF,0.01976125153914805,0.07777425134488304,0.902464497115969
25875,LOF,0.049358564447278964,0.18843316738429666,0.7622082681684242
25876,LOF,0.023614279216972216,0.05645418788906757,0.9199315328939601
25877,LOF,0.39442928590666315,0.13654426113994406,0.46902645295339285
25878,LOF,0.1507069193839923,0.2197984033873301,0.6294946772286776
25879,LOF,0.07959688438109713,0.2586944000764423,0.6617087155424605
25880,LOF,0.022474824180830834,0.032113330374497415,0.9454118454446717
25881,LOF,0.23310508368248575,0.16056789541912492,0.6063270208983893
25882,LOF,0.06081317868169729,0.027226350852484867,0.911960470465818
25883,LOF,0.09792178605257115,0.038599583036516914,0.8634786309109119
25884,LOF,0.03889219812836281,0.05448344566386287,0.9066243562077744
25885,LOF,0.06093790018751116,0.032721428074533966,0.9063406717379549
25886,LOF,0.35011258000678014,0.07613718196139914,0.5737502380318207
25887,LOF,0.20699181278573908,0.13224209571144782,0.6607660915028132
25888,LOF,0.09282146314855595,0.07393043631918823,0.8332481005322558
25889,LOF,0.03798354132418735,0.049848707850017875,0.9121677508257947
25890,LOF,0.08078456498349615,0.07969897529277174,0.8395164597237321
25891,LOF,0.06725045631567483,0.04300012619524056,0.8897494174890846
25892,LOF,0.09866035730419923,0.02934310249167366,0.8719965402041272
25893,LOF,0.33723890690543334,0.02239611501811418,0.6403649780764525
25894,LOF,0.20696014387204126,0.01245366660270136,0.7805861895252574
25895,LOF,0.25521784722273205,0.014227605110487495,0.7305545476667804
25896,LOF,0.05271992638301783,0.025429124121326058,0.9218509494956562
25897,LOF,0.2511041179755794,0.028154618182032697,0.7207412638423879
25898,Neutral,0.7957113599061546,0.0208748183887099,0.1834138217051355
25899,LOF,0.2199291049182709,0.05331883768620537,0.7267520573955237
25900,Neutral,0.5997361837995837,0.01780420169177722,0.382459614508639
25901,LOF,0.04665249679065416,0.013518836480452294,0.9398286667288934
25902,LOF,0.20537703063687138,0.01659844676017091,0.7780245226029577
25903,Neutral,0.6424271524100331,0.05256522137639399,0.3050076262135729
25904,LOF,0.22620917679428248,0.03767631565635744,0.73611450754936
25905,GOF,0.02944267775559839,0.5604072267003497,0.41015009554405185
25906,LOF,0.02743299379771041,0.10821672147439526,0.8643502847278943
25907,GOF,0.0132261728872846,0.503553349907501,0.4832204772052144
25908,LOF,0.014466155550929631,0.3494420944755416,0.6360917499735288
25909,LOF,0.01573417887447847,0.2242916315586344,0.7599741895668872
25910,LOF,0.02309958769988878,0.40072868104963333,0.5761717312504779
25911,LOF,0.05123422058124519,0.08503499194244737,0.8637307874763074
25912,LOF,0.024092693810616142,0.10042527004137287,0.875482036148011
25913,LOF,0.2131454132732575,0.030668611077644854,0.7561859756490976
25914,LOF,0.02457544664132525,0.06159989672652826,0.9138246566321464
25915,Neutral,0.4462743010721057,0.26765905650981753,0.2860666424180767
25916,LOF,0.038169610267802884,0.3651410674496026,0.5966893222825945
25917,LOF,0.0490806406525207,0.046700559184583046,0.9042188001628962
25918,LOF,0.02844128063611078,0.03902808740676766,0.9325306319571215
25919,LOF,0.027499788665116306,0.03888372637774278,0.933616484957141
25920,GOF,0.14513680961081127,0.5377693723961012,0.31709381799308756
25921,LOF,0.040496692554714206,0.029966567778544055,0.9295367396667417
25922,LOF,0.05117712748061679,0.01992571536909224,0.9288971571502909
25923,LOF,0.42465664293493677,0.026081183246979577,0.5492621738180836
25924,LOF,0.0478484852539913,0.02325887855699193,0.9288926361890169
25925,LOF,0.07773094086120517,0.03285176325913101,0.8894172958796639
25926,LOF,0.05883884620978358,0.019236077548266468,0.9219250762419501
25927,LOF,0.08512612969914352,0.06137364411147773,0.8535002261893788
25928,LOF,0.026548254870103226,0.016154492533805284,0.9572972525960916
25929,Neutral,0.5827235748646951,0.031239273921145876,0.3860371512141591
25930,LOF,0.0630628887209355,0.021402193754254176,0.9155349175248103
25931,LOF,0.030863223059969316,0.01294236794360946,0.9561944089964212
25932,LOF,0.028356195772825867,0.013700778764778114,0.9579430254623961
25933,LOF,0.03650342105845296,0.010858638948617716,0.9526379399929293
25934,LOF,0.025578852098245192,0.01538315097972984,0.9590379969220248
25935,LOF,0.07415259225159682,0.027769485981340127,0.8980779217670631
25936,LOF,0.04535063878633681,0.015837039528914715,0.9388123216847484
25937,LOF,0.03772229103591838,0.01900923109490316,0.9432684778691786
25938,LOF,0.06692730431276749,0.03442084859628198,0.8986518470909505
25939,LOF,0.03886242654528993,0.013930455597442704,0.9472071178572673
25940,GOF,0.030213813423110962,0.58989110694558,0.3798950796313091
25941,LOF,0.19919553379761196,0.031782766744412855,0.7690216994579752
25942,LOF,0.018983553605461376,0.015819084292806547,0.9651973621017321
25943,LOF,0.3514007590804554,0.02881018375380119,0.6197890571657434
25944,Neutral,0.5045339194050524,0.018140899153843055,0.47732518144110453
25945,LOF,0.06770936059168851,0.02758157832584104,0.9047090610824705
25946,LOF,0.041960926238084936,0.21050296374268376,0.7475361100192314
25947,LOF,0.12937501696817214,0.2154136852912634,0.6552112977405644
25948,LOF,0.40596791810969846,0.027628618239152174,0.5664034636511494
25949,LOF,0.11264654947828187,0.0619941483853591,0.825359302136359
25950,LOF,0.19435353395371305,0.3793839619663479,0.42626250407993904
25951,LOF,0.22965965299676708,0.13516845952956436,0.6351718874736686
25952,LOF,0.03754250627493944,0.4351266085514775,0.527330885173583
25953,LOF,0.1354413501147276,0.1493904516449995,0.7151681982402729
25954,Neutral,0.4433259789734473,0.2167556020417768,0.339918418984776
25955,LOF,0.0666091515883208,0.15288186429011494,0.7805089841215643
25956,LOF,0.2602374714812859,0.05525220364916672,0.6845103248695474
25957,LOF,0.04202973151646681,0.026551666138227882,0.9314186023453053
25958,LOF,0.06980507974400316,0.03363457799804818,0.8965603422579486
25959,GOF,0.11466104212354136,0.4518724388337177,0.43346651904274097
25960,LOF,0.025047557801234552,0.06737689756490756,0.9075755446338579
25961,LOF,0.06080800197280937,0.04627196188607697,0.8929200361411137
25962,LOF,0.04715461431110983,0.06574334778207873,0.8871020379068114
25963,LOF,0.05823727631503249,0.1743881490762701,0.7673745746086974
25964,LOF,0.03313170280455158,0.19890429716278582,0.7679640000326626
25965,Neutral,0.5116077114431665,0.05520683150436721,0.43318545705246636
25966,GOF,0.31664535163848967,0.3556454508227497,0.3277091975387607
25967,LOF,0.013018945577232354,0.1490765846833669,0.8379044697394008
25968,LOF,0.06115495177968042,0.3697386028511256,0.5691064453691939
25969,LOF,0.02207063859520686,0.06145148657844592,0.9164778748263472
25970,LOF,0.0541658890472446,0.04324190815075598,0.9025922028019994
25971,LOF,0.09680425541787635,0.026555428377882374,0.8766403162042413
25972,LOF,0.09243299698229347,0.028573553634016546,0.87899344938369
25973,LOF,0.08286013680145139,0.013615505548866114,0.9035243576496825
25974,LOF,0.349267608007212,0.030167296343672254,0.6205650956491158
25975,LOF,0.044855102704824165,0.030147612419977415,0.9249972848751984
25976,LOF,0.03665422996505079,0.022830751096775927,0.9405150189381734
25977,LOF,0.13065341833413896,0.13111920969825672,0.7382273719676044
25978,LOF,0.1740916625373296,0.12628095599490305,0.6996273814677674
25979,LOF,0.15920232341001114,0.09338283632335874,0.7474148402666301
25980,LOF,0.18680833605808186,0.23084083665527053,0.5823508272866476
25981,LOF,0.22579328099937296,0.21006347846041315,0.5641432405402138
25982,LOF,0.4358039139927912,0.09910261452989412,0.46509347147731467
25983,LOF,0.41066324467134935,0.08819092841135044,0.5011458269173003
25984,LOF,0.04098507084021634,0.11953777454608698,0.8394771546136968
25985,LOF,0.020607488402000378,0.3227605737574216,0.656631937840578
25986,LOF,0.02494746027964424,0.3890973285222383,0.5859552111981176
25987,LOF,0.08658494103387232,0.07935151627483138,0.8340635426912962
25988,LOF,0.08370327663621882,0.09681741930046507,0.8194793040633161
25989,LOF,0.021046709407486243,0.140884234618547,0.8380690559739667
25990,LOF,0.03251565541441466,0.14463930741715858,0.8228450371684267
25991,LOF,0.2286119042017402,0.30385322916245494,0.46753486663580474
25992,LOF,0.3586164016348912,0.19688350936146687,0.44450008900364185
25993,LOF,0.03120503356103812,0.09587180599090614,0.8729231604480556
25994,LOF,0.020334528291040935,0.12895444682393972,0.8507110248850194
25995,LOF,0.032726945763361014,0.10978837397048324,0.8574846802661557
25996,GOF,0.23653044607727186,0.47434744457331435,0.2891221093494138
25997,GOF,0.09948861403855037,0.4893765442440491,0.41113484171740056
25998,LOF,0.4877581267477986,0.021270010543397257,0.4909718627088042
25999,GOF,0.07070000899738152,0.4864844811625479,0.4428155098400705
26000,LOF,0.055495852043879204,0.03030967584298492,0.914194472113136
26001,LOF,0.1513314765193477,0.045890578339581024,0.8027779451410713
26002,LOF,0.08502193264970816,0.04579422659935971,0.8691838407509321
26003,GOF,0.010989858466971272,0.7776337270342487,0.21137641449878003
26004,GOF,0.02507448191355446,0.8046954265828116,0.1702300915036339
26005,GOF,0.011076707358847816,0.6867252946945723,0.3021979979465797
26006,Neutral,0.4535750981561478,0.4423545647198405,0.10407033712401166
26007,GOF,0.017201486307463383,0.7958230465670268,0.18697546712550983
26008,GOF,0.013203393614861426,0.7963641263847743,0.19043248000036414
26009,GOF,0.026247619816035274,0.8215147616875955,0.15223761849636913
26010,GOF,0.021703494262219184,0.8312991290770205,0.1469973766607603
26011,GOF,0.010038847689353095,0.6532389328732138,0.33672221943743313
26012,GOF,0.01633375560718167,0.7846242443865049,0.19904200000631336
26013,GOF,0.012405835716869016,0.8242887565819578,0.1633054077011731
26014,LOF,0.041740082575567,0.11696733646544955,0.8412925809589834
26015,LOF,0.24071827644477858,0.007604145448662076,0.7516775781065593
26016,LOF,0.35075497904981845,0.029533135800257862,0.6197118851499237
26017,LOF,0.23541000070727966,0.040753824807850544,0.7238361744848698
26018,LOF,0.09841446172116067,0.02097261114750569,0.8806129271313337
26019,LOF,0.09528075321684312,0.01454661639161605,0.8901726303915408
26020,LOF,0.09613475649492896,0.04407193515302161,0.8597933083520495
26021,LOF,0.08527519234801727,0.06460546050666251,0.8501193471453203
26022,LOF,0.016370572320179848,0.02979735019840822,0.953832077481412
26023,LOF,0.1514643847620272,0.01815501073904654,0.8303806044989263
26024,LOF,0.03868880637231939,0.07056664964954396,0.8907445439781366
26025,LOF,0.21596679390687923,0.04309348219225276,0.7409397239008679
26026,LOF,0.41731775363966533,0.008564157991430527,0.5741180883689041
26027,LOF,0.09455966097813642,0.010042200517769547,0.8953981385040941
26028,LOF,0.22608905642363744,0.07886781447655807,0.6950431290998045
26029,LOF,0.1236929916767547,0.15283614566258943,0.7234708626606559
26030,LOF,0.04214772949093838,0.03660023135822694,0.9212520391508346
26031,LOF,0.04001852066912739,0.125121966327911,0.8348595130029615
26032,LOF,0.0783490389092176,0.03951255033132514,0.8821384107594572
26033,LOF,0.143903660459931,0.05559037043513497,0.800505969104934
26034,LOF,0.06729912933228399,0.10153127350977473,0.8311695971579414
26035,LOF,0.04850882819381914,0.11494573995473824,0.8365454318514426
26036,LOF,0.06633867470459123,0.10492508967463884,0.82873623562077
26037,LOF,0.04108839971467861,0.08582057513817618,0.8730910251471452
26038,LOF,0.07777457144828946,0.038021389042428536,0.884204039509282
26039,LOF,0.09059508560553402,0.10782065885787515,0.8015842555365909
26040,LOF,0.26739847663235633,0.078618699401667,0.6539828239659766
26041,LOF,0.041741527680069244,0.09096585720005433,0.8672926151198764
26042,LOF,0.041286648040462795,0.08211907729869447,0.8765942746608427
26043,LOF,0.07798420494108371,0.05169913095813905,0.8703166641007772
26044,LOF,0.046546284249354114,0.046137579832614746,0.9073161359180312
26045,LOF,0.11719575815727572,0.07972235164673698,0.8030818901959874
26046,LOF,0.08584668240853349,0.05381074747161144,0.8603425701198552
26047,LOF,0.11210789545751117,0.06386503328704335,0.8240270712554454
26048,LOF,0.06338864790207034,0.04302473908289224,0.8935866130150374
26049,Neutral,0.946744143261932,0.007904482448489748,0.04535137428957827
26050,Neutral,0.9218042645163594,0.008671859928310453,0.06952387555533007
26051,GOF,0.04357943198565286,0.5534562569358321,0.4029643110785151
26052,GOF,0.03583896674923287,0.6588107347173654,0.30535029853340173
26053,LOF,0.05072805583002633,0.3376939186531504,0.6115780255168234
26054,LOF,0.0650332447396924,0.0639667195806911,0.8710000356796164
26055,LOF,0.06766660996360896,0.05733299048038458,0.8750003995560064
26056,LOF,0.058343851071796606,0.06235742976298055,0.8792987191652228
26057,LOF,0.02697595908645144,0.047823666521902064,0.9252003743916465
26058,LOF,0.026823389853483065,0.04724299025558241,0.9259336198909346
26059,LOF,0.3287105085301241,0.07066070851920268,0.6006287829506731
26060,LOF,0.04063809942094095,0.35243424570529486,0.6069276548737642
26061,LOF,0.021341431242274063,0.06664097998397203,0.9120175887737538
26062,LOF,0.017554187928993322,0.05680752961598689,0.9256382824550198
26063,LOF,0.02230123192160944,0.04895005808549479,0.9287487099928957
26064,LOF,0.029621446533349954,0.047826813327089206,0.9225517401395608
26065,LOF,0.02739085872463081,0.04112095263142941,0.9314881886439398
26066,LOF,0.020145616100072254,0.05383155377065029,0.9260228301292774
26067,LOF,0.021515561668580797,0.04053427520789457,0.9379501631235245
26068,LOF,0.05313445440842207,0.07785975905308033,0.8690057865384976
26069,LOF,0.3712901120419839,0.08405292104607096,0.5446569669119452
26070,Neutral,0.5983167792136582,0.03806868999312365,0.36361453079321804
26071,LOF,0.022371246560035325,0.05879678505377725,0.9188319683861874
26072,LOF,0.027608526850893413,0.08130261410170445,0.8910888590474021
26073,LOF,0.02430230165841208,0.04067599569949035,0.9350217026420975
26074,Neutral,0.8675534959450916,0.015783405356835346,0.1166630986980731
26075,LOF,0.04698993898900422,0.07430411243440135,0.8787059485765943
26076,LOF,0.039422781136595995,0.035447354120512475,0.9251298647428915
26077,LOF,0.011935928560437547,0.08502850212247845,0.903035569317084
26078,LOF,0.01599742777199386,0.05320688347191094,0.9307956887560952
26079,LOF,0.05024320414210761,0.07237011152295071,0.8773866843349417
26080,LOF,0.05024320414210761,0.07237011152295071,0.8773866843349417
26081,LOF,0.029650142461460156,0.03572134166936217,0.9346285158691777
26082,LOF,0.023235287508818012,0.053712460949245845,0.9230522515419362
26083,LOF,0.11638334124156174,0.0458096725765209,0.8378069861819173
26084,LOF,0.02678546554156357,0.0586533063184524,0.9145612281399841
26085,LOF,0.02193824485847757,0.057381432942082186,0.9206803221994402
26086,LOF,0.022236880328967847,0.05708059435958019,0.9206825253114519
26087,LOF,0.023697364350782943,0.0487559428985425,0.9275466927506745
26088,LOF,0.02499899370266105,0.0788461741806305,0.8961548321167083
26089,LOF,0.04732055360424087,0.060464595121721774,0.8922148512740373
26090,LOF,0.044243536122803226,0.05542328672588035,0.9003331771513164
26091,LOF,0.038847168817272626,0.028652503385992744,0.9325003277967346
26092,LOF,0.027257746503524687,0.040846481958704314,0.931895771537771
26093,LOF,0.03641581996894778,0.02797575054723905,0.9356084294838131
26094,LOF,0.043499097428578874,0.023961306392958227,0.9325395961784628
26095,LOF,0.0492193598764502,0.07324927270666395,0.8775313674168859
26096,LOF,0.018406455496726076,0.05200490579638838,0.9295886387068856
26097,LOF,0.012104635725906168,0.13155814682617126,0.8563372174479226
26098,LOF,0.0626947030105698,0.04459065206529882,0.8927146449241313
26099,LOF,0.022415103444801607,0.07943560599730791,0.8981492905578904
26100,LOF,0.022119574196237453,0.0814835775020665,0.8963968483016962
26101,LOF,0.05575232309150065,0.06068867830125463,0.8835589986072447
26102,LOF,0.023196541824144292,0.057465092879220275,0.9193383652966355
26103,Neutral,0.852018973156409,0.0732950094300348,0.07468601741355628
26104,LOF,0.05028722600191171,0.10511510239910038,0.8445976715989879
26105,LOF,0.33937915005928854,0.15478389390413066,0.5058369560365809
26106,LOF,0.15994634707287073,0.0706257825090622,0.769427870418067
26107,LOF,0.2530688742185054,0.0752474713398179,0.6716836544416768
26108,LOF,0.20079905958729816,0.06673702148785783,0.732463918924844
26109,LOF,0.07518272200405167,0.08562434832767889,0.8391929296682693
26110,LOF,0.29719160077383444,0.04265357609075718,0.6601548231354083
26111,LOF,0.44976947955348834,0.036825099873022946,0.5134054205734887
26112,LOF,0.04533670990418811,0.023985802918241487,0.9306774871775705
26113,LOF,0.05372862451188947,0.049721379019605015,0.8965499964685054
26114,LOF,0.025805800241119024,0.03508370106949887,0.9391104986893822
26115,LOF,0.11436664942473208,0.05765582853824057,0.8279775220370275
26116,LOF,0.0569636737637671,0.05689739261706848,0.8861389336191645
26117,LOF,0.21623037003783097,0.17034603001076562,0.6134235999514034
26118,LOF,0.03367841173648185,0.07609188788886558,0.8902297003746525
26119,LOF,0.023741174167463235,0.17032114261383954,0.8059376832186972
26120,LOF,0.025156672668597554,0.07097914800971906,0.9038641793216835
26121,LOF,0.04853565220360153,0.1710830447894823,0.7803813030069161
26122,LOF,0.06390287717514545,0.1359813555586653,0.8001157672661892
