feature0,prediction,LoGoFunc_Neutral,LoGoFunc_GOF,LoGoFunc_LOF
25546,Neutral,0.6140714183929264,0.05592207591086364,0.33000650569621004
25547,Neutral,0.49630750708888866,0.0853016653841481,0.4183908275269631
25548,Neutral,0.49557869595403764,0.07516879181859927,0.42925251222736305
25549,LOF,0.4393468866009381,0.07575446283864055,0.4848986505604214
25550,LOF,0.3956760565867018,0.09894619077018357,0.5053777526431146
25551,LOF,0.3455626605219131,0.10763665413706539,0.5468006853410216
25552,LOF,0.31173571707015535,0.10975847421388349,0.5785058087159611
25553,Neutral,0.7892481480145865,0.05020447269505104,0.16054737929036247
25554,LOF,0.3441829339237818,0.10235365499368053,0.5534634110825377
25555,LOF,0.2928586098451657,0.10268134877883633,0.604460041375998
25556,Neutral,0.4679894687323745,0.0897954783774691,0.4422150528901564
25557,LOF,0.2917066609224838,0.10385737297642168,0.6044359661010944
25558,LOF,0.3497944006198701,0.0971594510276031,0.5530461483525269
25559,LOF,0.2536650909817752,0.049431573457745,0.6969033355604799
25560,LOF,0.09598773305318757,0.14554088748867983,0.7584713794581327
25561,LOF,0.09337426070917572,0.21298784510143448,0.6936378941893899
25562,LOF,0.03668479848565832,0.11578191762837986,0.8475332838859617
25563,LOF,0.009631212574828131,0.16723545288408134,0.8231333345410905
25564,LOF,0.09309634224080149,0.12408870822126668,0.7828149495379318
25565,LOF,0.17605373502147328,0.1530137837537696,0.6709324812247571
25566,GOF,0.05292284877213636,0.6458225366551698,0.3012546145726939
25567,LOF,0.042945341871441334,0.17360578836573365,0.783448869762825
25568,LOF,0.06292205048985279,0.09041125034954907,0.8466666991605981
25569,LOF,0.060762029743314946,0.08710133480602145,0.8521366354506636
25570,LOF,0.027949776488057562,0.12643009437339375,0.8456201291385488
25571,LOF,0.02675002692166805,0.13042730084150955,0.8428226722368225
25572,LOF,0.06436382783592892,0.16974158752742025,0.7658945846366508
25573,LOF,0.059915526681296016,0.12763209818853663,0.8124523751301673
25574,LOF,0.06371921231293216,0.23666368781840955,0.6996170998686583
25575,LOF,0.02691159079021291,0.1374500146074844,0.8356383946023026
25576,LOF,0.028280955441488217,0.19477334368276011,0.7769457008757517
25577,LOF,0.033612696353094426,0.15291341856775323,0.8134738850791524
25578,LOF,0.30588696845551555,0.09818313503387882,0.5959298965106057
25579,LOF,0.20216919764650143,0.09696582949790912,0.7008649728555894
25580,LOF,0.022766912777930186,0.09274200036487615,0.8844910868571937
25581,LOF,0.04796689079424715,0.09301874360778203,0.8590143655979708
25582,LOF,0.047160112930479885,0.09128686190780841,0.8615530251617118
25583,LOF,0.026526162846316256,0.0983599196976179,0.8751139174560659
25584,Neutral,0.6943585260518891,0.12240835840857116,0.1832331155395398
25585,LOF,0.02211597152925881,0.18327841921180746,0.7946056092589339
25586,LOF,0.018590577701921497,0.10720357230781745,0.8742058499902611
25587,LOF,0.018436625141479392,0.0956074140000887,0.885955960858432
25588,LOF,0.02235899094618421,0.09061601246212168,0.887024996591694
25589,Neutral,0.5189870309304665,0.24107035467985485,0.23994261438967868
25590,LOF,0.04996962707522466,0.1322822752132277,0.8177480977115477
25591,LOF,0.07804056434469997,0.08562319496057015,0.8363362406947299
25592,LOF,0.0651701822500985,0.1671028087077258,0.7677270090421757
25593,LOF,0.09987300626001008,0.30998923146089935,0.5901377622790905
25594,LOF,0.05117623664948447,0.042353338109707414,0.906470425240808
25595,LOF,0.0542968683575383,0.02691898143445936,0.9187841502080024
25596,LOF,0.11360336132349969,0.01786846652096816,0.8685281721555321
25597,LOF,0.09137986986224181,0.020839864067967322,0.8877802660697909
25598,LOF,0.05096101453897213,0.029079488278145552,0.9199594971828824
25599,LOF,0.026839703665100502,0.3490837157926166,0.6240765805422829
25600,LOF,0.17461826199254019,0.3481855589307735,0.4771961790766863
25601,LOF,0.04770834118218525,0.26863164257058064,0.6836600162472342
25602,LOF,0.03634583983206684,0.07683820481445434,0.8868159553534788
25603,LOF,0.04876082004476574,0.07544190837226178,0.8757972715829725
25604,LOF,0.04405144669907035,0.12568327366036966,0.8302652796405599
25605,LOF,0.03775642381545695,0.2361291085558817,0.7261144676286613
25606,Neutral,0.4366820044804243,0.24441586232335363,0.3189021331962219
25607,LOF,0.02979050641872663,0.26995828139793504,0.7002512121833383
25608,LOF,0.043014146903391996,0.1329331627828988,0.8240526903137092
25609,GOF,0.17121546786204012,0.5207645867872689,0.308019945350691
25610,LOF,0.017631953166131385,0.0603668230758843,0.9220012237579842
25611,LOF,0.013062525445392508,0.058290237472942985,0.9286472370816644
25612,LOF,0.05152280072335582,0.06628663658475005,0.8821905626918942
25613,LOF,0.0474544283225905,0.06844071472820805,0.8841048569492015
25614,LOF,0.022138895431183525,0.054842320587146116,0.9230187839816704
25615,LOF,0.042463409695485066,0.05182109749191314,0.9057154928126018
25616,LOF,0.06248560228786777,0.060394897657303485,0.8771195000548286
25617,LOF,0.05064559498874306,0.06168251674340547,0.8876718882678515
25618,LOF,0.04847519367121517,0.09251570264286271,0.8590091036859222
25619,LOF,0.014372038995453695,0.07145726376828215,0.9141706972362642
25620,LOF,0.05459230940582613,0.06406553374356777,0.8813421568506061
25621,LOF,0.0636626799373385,0.04564122829091138,0.8906960917717501
25622,LOF,0.06798585773852207,0.061895547567227774,0.8701185946942501
25623,LOF,0.06237547809456885,0.053147127113646414,0.8844773947917847
25624,LOF,0.022559598295288898,0.06414793258375696,0.9132924691209542
25625,LOF,0.06488052804144864,0.05748277561096976,0.8776366963475816
25626,LOF,0.05128469577265251,0.062324516593481254,0.8863907876338663
25627,Neutral,0.8826845389710324,0.024211253424776615,0.09310420760419108
25628,LOF,0.16824720573459775,0.06769700528125745,0.7640557889841447
25629,LOF,0.07089719067564519,0.0661470100645324,0.8629557992598225
25630,LOF,0.279323174024968,0.08669221443352548,0.6339846115415064
25631,Neutral,0.5302651182728483,0.06865046262526961,0.40108441910188225
25632,LOF,0.031359064768707534,0.10587022634204707,0.8627707088892453
25633,LOF,0.20690927754389135,0.0764109749741071,0.7166797474820016
25634,LOF,0.04411653036854161,0.1378427255983412,0.8180407440331172
25635,LOF,0.0369373582604828,0.06176600311272702,0.9012966386267902
25636,GOF,0.03098233087690087,0.5542269881988029,0.41479068092429616
25637,GOF,0.05482607581016589,0.49262588915828276,0.45254803503155144
25638,GOF,0.035614898563348006,0.4822452337529836,0.48213986768366845
25639,LOF,0.03703445450093855,0.4402166469342043,0.5227488985648572
25640,Neutral,0.8422211828155389,0.09684797328880428,0.06093084389565672
25641,GOF,0.09379321450609891,0.4551074161878834,0.4510993693060178
25642,LOF,0.08488806818461819,0.1816668698875328,0.7334450619278491
25643,LOF,0.31694165057257234,0.12386940603972722,0.5591889433877005
25644,GOF,0.011367134555783566,0.6363565130407888,0.3522763524034277
25645,GOF,0.012826879152389845,0.6330808166194749,0.35409230422813526
25646,LOF,0.028776590754563094,0.4439037518876137,0.5273196573578232
25647,LOF,0.012961387634441924,0.34416354934413196,0.6428750630214262
25648,LOF,0.012835402601068356,0.4072005836533361,0.5799640137455956
25649,LOF,0.00888378676244837,0.323104521147586,0.6680116920899657
25650,GOF,0.024116446086867385,0.6134545442997854,0.3624290096133471
25651,LOF,0.01103454567118602,0.4115278624093758,0.5774375919194382
25652,LOF,0.014704565501000376,0.4409501693858252,0.5443452651131745
25653,GOF,0.04246998301245895,0.5806089908769072,0.3769210261106338
25654,LOF,0.011601043914387245,0.33307200912003915,0.6553269469655736
25655,GOF,0.115294174055703,0.5963955456356798,0.2883102803086172
25656,LOF,0.3605837988419308,0.13563583533836196,0.5037803658197072
25657,LOF,0.05641080320736626,0.12970163028766107,0.8138875665049726
25658,LOF,0.3072481792084764,0.16671334221645032,0.5260384785750732
25659,Neutral,0.4887684328887152,0.1734558892410298,0.33777567787025486
25660,LOF,0.022110713007518334,0.11428093724229009,0.8636083497501916
25661,LOF,0.07155187296439083,0.07231299209677694,0.8561351349388322
25662,LOF,0.029573493413340226,0.036879406429302104,0.9335471001573576
25663,LOF,0.03436275172052997,0.039481557250829726,0.9261556910286403
25664,LOF,0.11938142090923588,0.06796813632836138,0.8126504427624027
25665,LOF,0.05977059165798687,0.02867083794223295,0.9115585703997802
25666,LOF,0.07487324232060086,0.06108244846443347,0.8640443092149658
25667,LOF,0.07463334078805159,0.040097323831699165,0.8852693353802492
25668,LOF,0.028672091588221295,0.05523503022173078,0.9160928781900479
25669,LOF,0.022885604712211616,0.052260755091991705,0.9248536401957967
25670,LOF,0.12021375852098778,0.04424545166010122,0.8355407898189111
25671,LOF,0.10947354280178981,0.039128845076907656,0.8513976121213026
25672,LOF,0.05026573561034447,0.04495942624025892,0.9047748381493966
25673,LOF,0.08228925103945188,0.04805973990864094,0.8696510090519071
25674,LOF,0.08157263151172116,0.06547630131914296,0.8529510671691359
25675,LOF,0.08676689280215549,0.06862111830766544,0.8446119888901791
25676,LOF,0.0168872224170424,0.05913313630725281,0.9239796412757048
25677,LOF,0.016445293791947688,0.08296424604434559,0.9005904601637068
25678,LOF,0.1687294336236969,0.09181001531826732,0.7394605510580359
25679,LOF,0.11229984296234055,0.09402721443209203,0.7936729426055674
25680,LOF,0.024301569593286228,0.146575969990651,0.8291224604160627
25681,LOF,0.039428491903750945,0.13382690774290285,0.8267446003533463
25682,LOF,0.11582939668250872,0.08325106120341992,0.8009195421140715
25683,LOF,0.0989235473184629,0.10320266281550651,0.7978737898660307
25684,LOF,0.028945280323150073,0.07295203522908005,0.8981026844477699
25685,LOF,0.1227294670253339,0.07649998717911488,0.8007705457955512
25686,LOF,0.07066002387110167,0.11929280278613184,0.8100471733427665
25687,LOF,0.11092616083461124,0.12780492021859274,0.761268918946796
25688,LOF,0.4292596847584395,0.03865268544035916,0.5320876298012013
25689,LOF,0.29174397416876774,0.045890841013344764,0.6623651848178875
25690,LOF,0.36658570343810837,0.02701959513722556,0.6063947014246661
25691,Neutral,0.7157843656394351,0.030084340728489582,0.25413129363207526
25692,LOF,0.38242397559937297,0.013065005507563746,0.6045110188930632
25693,LOF,0.04313617082561276,0.474359047197748,0.4825047819766394
25694,LOF,0.12960452798627992,0.016205570973778373,0.8541899010399416
25695,LOF,0.12045115823106033,0.010771738999809505,0.8687771027691301
25696,LOF,0.11829536122563293,0.013570597293162059,0.8681340414812051
25697,LOF,0.053238272108199695,0.12661910109705693,0.8201426267947434
25698,LOF,0.22390953064824587,0.26912726590009034,0.5069632034516638
25699,LOF,0.47368195108077116,0.04251453959928238,0.4838035093199464
25700,LOF,0.07466521683240704,0.011391420421544804,0.9139433627460481
25701,LOF,0.18724758552984996,0.036318387554220725,0.7764340269159293
25702,GOF,0.18294996190774399,0.6464573305435851,0.17059270754867087
25703,LOF,0.01494046218715755,0.1595180004891326,0.8255415373237097
25704,LOF,0.03358924552880034,0.1661200632787346,0.8002906911924651
25705,LOF,0.04091479774293307,0.08239593270547622,0.8766892695515908
25706,LOF,0.10473110433238436,0.4441666426732733,0.4511022529943423
25707,LOF,0.07969962741123864,0.3555645310713006,0.5647358415174607
25708,LOF,0.03806889147576055,0.3369952926608807,0.6249358158633588
25709,LOF,0.07644206815785022,0.030997943677133745,0.8925599881650161
25710,LOF,0.01343557592585262,0.11968354145542967,0.8668808826187177
25711,LOF,0.021585694651629118,0.07318680166179074,0.9052275036865801
25712,LOF,0.014940719740619555,0.16085037160837087,0.8242089086510096
25713,LOF,0.018290213092092666,0.06954889504823279,0.9121608918596746
25714,LOF,0.08033917725717925,0.05626617067286938,0.8633946520699513
25715,LOF,0.011507089738030265,0.1086985755313977,0.8797943347305721
25716,LOF,0.010802696127318377,0.09574362313560464,0.893453680737077
25717,LOF,0.01684118720230406,0.06608166961089366,0.9170771431868022
25718,LOF,0.01143897453500389,0.054464380988190286,0.9340966444768057
25719,LOF,0.02236678268581523,0.0663678745499194,0.9112653427642653
25720,LOF,0.027474389405203633,0.0453157452929127,0.9272098653018837
25721,LOF,0.011407799258537795,0.06798845838366649,0.9206037423577956
25722,LOF,0.012743825305077783,0.05781545319231277,0.9294407215026095
25723,LOF,0.025752656327785003,0.0376555709555538,0.9365917727166612
25724,LOF,0.032586034740539484,0.06591302581336535,0.9015009394460951
25725,LOF,0.0118818318293751,0.06107622407536665,0.9270419440952583
25726,LOF,0.016532352404923248,0.07056209340211797,0.9129055541929588
25727,LOF,0.013559389290870477,0.05266246002047834,0.9337781506886511
25728,LOF,0.01039234653681459,0.0689597305225051,0.9206479229406804
25729,LOF,0.010655494574961026,0.06922214098523034,0.9201223644398087
25730,LOF,0.013713793101171842,0.071682492563785,0.9146037143350432
25731,LOF,0.01909316538727848,0.06784995861815933,0.9130568759945622
25732,LOF,0.012523505738382807,0.04053330720001192,0.9469431870616053
25733,LOF,0.014272857988233825,0.046686680351813385,0.9390404616599528
25734,LOF,0.011890776703948117,0.09391778771846501,0.894191435577587
25735,LOF,0.011122288143412437,0.04031940520590306,0.9485583066506845
25736,LOF,0.012146154225379374,0.045862856600848496,0.9419909891737721
25737,LOF,0.012558151731045996,0.06519439911355608,0.9222474491553979
25738,LOF,0.012018080611569873,0.06931549699448006,0.9186664223939501
25739,LOF,0.021785837997496605,0.05306707419181525,0.9251470878106882
25740,LOF,0.030374364682968728,0.07850980662194607,0.8911158286950851
25741,LOF,0.014757333536908335,0.08176067077034704,0.9034819956927446
25742,LOF,0.1232659480739956,0.05663145343019241,0.8201025984958119
25743,LOF,0.04040372930259686,0.05879485062014239,0.9008014200772607
25744,Neutral,0.5992355872138457,0.24995510175637586,0.1508093110297783
25745,LOF,0.06085769035014541,0.07641545320312533,0.8627268564467292
25746,LOF,0.044609174053320905,0.10540528251546671,0.8499855434312124
25747,LOF,0.020293700823799516,0.10345816558938112,0.8762481335868194
25748,LOF,0.13039632686020144,0.15836064996664262,0.7112430231731559
25749,LOF,0.029475423802543137,0.0983296926408633,0.8721948835565936
25750,LOF,0.07278323757802717,0.11494984802210491,0.812266914399868
25751,LOF,0.11258389278724522,0.15732161236036565,0.7300944948523892
25752,GOF,0.11204032468147275,0.6094378627311531,0.278521812587374
25753,LOF,0.029071498208333154,0.3677443469378674,0.6031841548537994
25754,GOF,0.0188321108935538,0.8015540354291356,0.17961385367731064
25755,LOF,0.031212151891474114,0.3803936398478725,0.5883942082606534
25756,LOF,0.05917071070202656,0.40431644587892707,0.5365128434190463
25757,GOF,0.0203967228394482,0.8827246505936464,0.09687862656690568
25758,GOF,0.023775376375460122,0.8198235334050509,0.15640109021948895
25759,GOF,0.011708357761753246,0.6544532222114854,0.3338384200267613
25760,LOF,0.018814077869475563,0.350633938290833,0.6305519838396915
25761,GOF,0.2963608286822683,0.623587263855639,0.08005190746209284
25762,LOF,0.05361151577022514,0.3524879231695578,0.593900561060217
25763,LOF,0.01815560388511724,0.2691702123205044,0.7126741837943784
25764,GOF,0.07410409852864538,0.699758518740372,0.2261373827309827
25765,GOF,0.0386060074696409,0.7555033590820792,0.20589063344827976
25766,GOF,0.07897236825199973,0.7891632625578726,0.1318643691901276
25767,GOF,0.16103478219730252,0.4439394082036414,0.3950258095990561
25768,LOF,0.11997782819802649,0.042827198592753815,0.8371949732092198
25769,LOF,0.0560459523743636,0.07029945779791533,0.873654589827721
25770,LOF,0.3084679852161448,0.1097504639771166,0.5817815508067387
25771,LOF,0.06303089253058762,0.0643325178358897,0.8726365896335225
25772,LOF,0.01877973557187378,0.06280233897148127,0.918417925456645
25773,LOF,0.06638039677209769,0.09005185636298704,0.8435677468649154
25774,LOF,0.03099834173642034,0.137739656117583,0.8312620021459968
25775,LOF,0.06472954914072274,0.07132097810239363,0.8639494727568836
25776,LOF,0.0766959834610518,0.039988488069387464,0.8833155284695607
25777,LOF,0.33662079965639735,0.11046274213626955,0.552916458207333
25778,LOF,0.07352554366687787,0.05317704264577358,0.8732974136873486
25779,GOF,0.4030672729322914,0.554265873633591,0.04266685343411757
25780,GOF,0.3102779541806369,0.5954781229934865,0.0942439228258766
25781,GOF,0.11227146264210779,0.771764451266535,0.1159640860913573
25782,GOF,0.20264536887985843,0.7193494787582759,0.07800515236186562
25783,GOF,0.02231534114656959,0.672863725220156,0.30482093363327434
25784,Neutral,0.5217837360897349,0.43588806361108573,0.04232820029917935
25785,Neutral,0.5266765156305724,0.4248699594036584,0.04845352496576914
25786,GOF,0.03721124028263427,0.7565562543841016,0.20623250533326407
25787,Neutral,0.6983673209707586,0.2740869892229826,0.027545689806258742
25788,LOF,0.05731029970954211,0.08802406597758802,0.8546656343128699
25789,GOF,0.2130576896402099,0.6294648418076823,0.15747746855210798
25790,GOF,0.302724512966776,0.608496824195415,0.08877866283780901
25791,GOF,0.14988980378006334,0.6625914732014035,0.18751872301853306
25792,GOF,0.3665165202016359,0.4892935338191104,0.1441899459792536
25793,GOF,0.264944783036514,0.4533783480534769,0.28167686891000915
25794,GOF,0.29760072202055027,0.4728860371107882,0.22951324086866173
25795,GOF,0.06096150585665586,0.6872807907462267,0.2517577033971175
25796,Neutral,0.5020986186090588,0.41017897029323874,0.08772241109770242
25797,GOF,0.07078644633463597,0.5905168386585736,0.3386967150067905
25798,GOF,0.010364584702454141,0.5271664742450283,0.4624689410525177
25799,LOF,0.008043167069419713,0.4502819821577215,0.5416748507728587
25800,GOF,0.03707837562088565,0.6346194386747573,0.3283021857043571
25801,GOF,0.2597405640743668,0.6377542206583373,0.10250521526729583
25802,GOF,0.0804674676571545,0.6751117283176378,0.24442080402520783
25803,GOF,0.04908368868601869,0.5723669900110143,0.378549321302967
25804,GOF,0.04325230009748924,0.510331705158599,0.44641599474391175
25805,GOF,0.12953489315161115,0.5917927561633464,0.2786723506850425
25806,GOF,0.1475615067313079,0.5979078115908308,0.2545306816778612
25807,GOF,0.020567945774566988,0.6410267097463187,0.3384053444791142
25808,GOF,0.12266673247346882,0.5670069842023461,0.31032628332418505
25809,GOF,0.019140957438989494,0.6429115621531639,0.3379474804078465
25810,GOF,0.021788126607288474,0.6415243828777283,0.3366874905149832
25811,Neutral,0.5167254683903655,0.4092314733868433,0.07404305822279128
25812,GOF,0.036742542478814595,0.6113397082414901,0.35191774927969527
25813,Neutral,0.5925563747428506,0.2972292150948429,0.1102144101623065
25814,GOF,0.12976490842639343,0.6374208275467936,0.232814264026813
25815,GOF,0.2524017763876422,0.5560116018196543,0.19158662179270347
25816,GOF,0.022453874513125815,0.682607767162972,0.29493835832390214
25817,GOF,0.18797821401416573,0.6749719142274129,0.1370498717584214
25818,GOF,0.047820679957162084,0.5567216830028358,0.39545763704000214
25819,GOF,0.40046316697008655,0.4517592810588118,0.14777755197110162
25820,GOF,0.21772229795992384,0.584499504399153,0.1977781976409232
25821,GOF,0.0636305257705374,0.6849246151492407,0.2514448590802218
25822,GOF,0.26222684394243195,0.5203867773338174,0.2173863787237506
25823,LOF,0.036982552234765806,0.474009864420219,0.4890075833450151
25824,GOF,0.09836410948832532,0.5136205593558608,0.3880153311558138
25825,GOF,0.03678198891654909,0.531230943832023,0.4319870672514278
25826,GOF,0.01277813340015805,0.5010344739499913,0.48618739264985067
25827,GOF,0.023891241501141282,0.5916755313716745,0.3844332271271843
25828,GOF,0.01541008929716865,0.5004028653279537,0.4841870453748777
25829,GOF,0.007229884617580466,0.5353855398587346,0.4573845755236849
25830,LOF,0.04150694020736096,0.2716665880454348,0.6868264717472041
25831,GOF,0.14767178944665868,0.7160542929786019,0.13627391757473944
25832,GOF,0.03220765547926986,0.6764199106825429,0.2913724338381871
25833,GOF,0.10913666277211583,0.689800144562245,0.20106319266563924
25834,GOF,0.037838056629130964,0.6695751825150784,0.29258676085579066
25835,GOF,0.08893866247125909,0.6770266199843232,0.23403471754441768
25836,GOF,0.042451656892984344,0.6419282090771642,0.31562013402985145
25837,GOF,0.024191765161100574,0.5240189791671006,0.4517892556717988
25838,GOF,0.08347645477224669,0.7191714913539455,0.1973520538738078
25839,GOF,0.3173997118178089,0.5374154981251287,0.1451847900570625
25840,GOF,0.21117147901963915,0.5978756578299563,0.19095286315040458
25841,GOF,0.21438059099052495,0.6055079568269036,0.18011145218257155
25842,GOF,0.1852336880297692,0.6350012901262714,0.17976502184395937
25843,GOF,0.23090720368708892,0.641899409325484,0.12719338698742713
25844,GOF,0.06064376346881252,0.6672034691687051,0.2721527673624823
25845,LOF,0.012972851564062315,0.46998340610090716,0.5170437423350306
25846,GOF,0.09582625889647656,0.7261499492855141,0.1780237918180093
25847,GOF,0.12264020204732437,0.7276305206158927,0.14972927733678287
25848,GOF,0.035116511321710384,0.6705053563273691,0.29437813235092064
25849,GOF,0.010934525784008503,0.5710901774860027,0.4179752967299888
25850,GOF,0.024472701552648447,0.5814929696039739,0.3940343288433775
25851,GOF,0.01971929868900314,0.4985681469436645,0.48171255436733235
25852,GOF,0.12870772221917542,0.5793017879978526,0.29199048978297193
25853,GOF,0.3385150626538635,0.5721285164604403,0.0893564208856963
25854,GOF,0.0192819482806402,0.6619983259909731,0.31871972572838675
25855,GOF,0.0370107251416437,0.6405462834371417,0.32244299142121463
25856,GOF,0.2173665501232366,0.5879199097068001,0.19471354016996328
25857,GOF,0.03432526234172752,0.5380443764896383,0.4276303611686341
25858,GOF,0.01863281015732369,0.6067931673795214,0.37457402246315497
25859,GOF,0.010135881296025238,0.6015412873783472,0.38832283132562756
25860,GOF,0.3558516128163489,0.5589427676953198,0.08520561948833127
25861,GOF,0.3673446375346683,0.5495831068284363,0.08307225563689545
25862,GOF,0.08242212357876239,0.7727371962146585,0.14484068020657911
25863,GOF,0.08267263465111883,0.7879744867949453,0.12935287855393576
25864,GOF,0.18204620232868177,0.7380694896892374,0.07988430798208075
25865,GOF,0.07378435333434175,0.7963553563179008,0.1298602903477575
25866,GOF,0.0623436241589134,0.8087496708951581,0.12890670494592849
25867,GOF,0.08513713502681411,0.8002945416179155,0.11456832335527047
25868,GOF,0.25361195785131907,0.6349833321805008,0.11140470996818018
25869,Neutral,0.6865663170213477,0.2690870773167126,0.04434660566193969
25870,LOF,0.3045068075278944,0.2663130499261191,0.42918014254598646
25871,GOF,0.23383605398876814,0.6147376399889445,0.15142630602228738
25872,GOF,0.09008481570501949,0.620758285852272,0.28915689844270853
25873,GOF,0.15077263576370828,0.6450996421528654,0.20412772208342628
25874,LOF,0.021683530051558136,0.0929262669638034,0.8853902029846386
25875,LOF,0.09694242351375042,0.0556923313225691,0.8473652451636805
25876,LOF,0.021396941540400085,0.058650940608723265,0.9199521178508766
25877,Neutral,0.4939578815093197,0.05268356978508768,0.4533585487055925
25878,LOF,0.21623840999162583,0.10076304892934555,0.6829985410790287
25879,LOF,0.11364135901741143,0.1162985323591246,0.770060108623464
25880,LOF,0.022756164516330203,0.0199571878220233,0.9572866476616465
25881,LOF,0.19530809091398324,0.21949432615443096,0.5851975829315859
25882,LOF,0.09538713078559141,0.024077623081652677,0.8805352461327559
25883,LOF,0.08475112122233464,0.03946053042879328,0.8757883483488721
25884,LOF,0.04620674781642348,0.04934010560736937,0.9044531465762071
25885,LOF,0.07428154409989789,0.018902159266339,0.9068162966337631
25886,LOF,0.359488422082574,0.0814336350460578,0.5590779428713682
25887,LOF,0.17737293841933513,0.13238808747478836,0.6902389741058765
25888,LOF,0.06729317465689115,0.12042757445631413,0.8122792508867948
25889,LOF,0.04487317112293314,0.04077475795339242,0.9143520709236743
25890,LOF,0.05534398085613094,0.16390996872082217,0.7807460504230468
25891,LOF,0.042503200878859566,0.078837257911546,0.8786595412095944
25892,LOF,0.1267582467736166,0.0224387516708281,0.8508030015555553
25893,LOF,0.3112052315308107,0.01679272959133311,0.6720020388778563
25894,LOF,0.1922612867503687,0.010277608654389822,0.7974611045952416
25895,LOF,0.22035765423167028,0.021484564916694784,0.7581577808516349
25896,LOF,0.05457938906176626,0.023058626406054394,0.9223619845321794
25897,LOF,0.2487214604897035,0.017576122445114504,0.733702417065182
25898,Neutral,0.7316129767231428,0.01299101961600825,0.2553960036608488
25899,LOF,0.30742633268879893,0.02777465094240011,0.6647990163688009
25900,Neutral,0.4939109180879624,0.016842529738652474,0.4892465521733851
25901,LOF,0.06894433248813618,0.014437886639428068,0.9166177808724358
25902,LOF,0.1845678717023501,0.011489612584412121,0.8039425157132377
25903,Neutral,0.569991764704829,0.030787705350633,0.39922052994453805
25904,LOF,0.30662060288439114,0.042370465573853815,0.6510089315417551
25905,LOF,0.024331116743909552,0.30536445580262356,0.670304427453467
25906,LOF,0.02595592349412035,0.07493411406682826,0.8991099624390515
25907,LOF,0.01334127483623211,0.32090419319702473,0.6657545319667432
25908,LOF,0.01184021911282215,0.23517974951616558,0.7529800313710122
25909,LOF,0.013932380070836838,0.1776336190597677,0.8084340008693954
25910,LOF,0.05488994820975988,0.11725114041017579,0.8278589113800643
25911,LOF,0.11587920268086427,0.03738712155631159,0.8467336757628242
25912,LOF,0.03302343139946944,0.06911411934967167,0.8978624492508589
25913,LOF,0.26378455216276286,0.02695102314304304,0.7092644246941942
25914,LOF,0.02508408138890477,0.13086688401640983,0.8440490345946854
25915,Neutral,0.4186441346674048,0.24350844754425854,0.3378474177883367
25916,LOF,0.059299160635756513,0.2788779537691167,0.6618228855951267
25917,LOF,0.06763616356107624,0.06181011030298606,0.8705537261359378
25918,LOF,0.03331474866699527,0.08310967284329945,0.8835755784897052
25919,LOF,0.028129452678969463,0.08707950537611078,0.8847910419449199
25920,GOF,0.09128936224785264,0.5532903680317318,0.35542026972041546
25921,LOF,0.03580242690499066,0.027024657756749344,0.9371729153382601
25922,LOF,0.046090771746978926,0.01705263048855092,0.9368565977644702
25923,LOF,0.4190561879923064,0.014880266181786169,0.5660635458259075
25924,LOF,0.044077560432919854,0.02682119951502424,0.9291012400520559
25925,LOF,0.0772844420771667,0.023728644230691966,0.8989869136921412
25926,LOF,0.05352633538532073,0.015288028830449895,0.9311856357842293
25927,LOF,0.07669072941507403,0.05195116148173956,0.8713581091031865
25928,LOF,0.02780004868071046,0.02134448844588116,0.9508554628734085
25929,Neutral,0.5559608352134557,0.017232414042465845,0.4268067507440783
25930,LOF,0.06645124885628445,0.01190986537165679,0.9216388857720588
25931,LOF,0.036336098486545794,0.018215312474609363,0.9454485890388449
25932,LOF,0.03227123003671005,0.014487824182264372,0.9532409457810257
25933,LOF,0.04164244425064583,0.009369940464493708,0.9489876152848603
25934,LOF,0.028045317350028794,0.01133637745357328,0.9606183051963978
25935,LOF,0.07232468231312264,0.026189977713618532,0.9014853399732587
25936,LOF,0.052309676836803994,0.012904914603067162,0.9347854085601288
25937,LOF,0.03646493859114909,0.02028038984483463,0.9432546715640163
25938,LOF,0.07165915601818584,0.028842340171408014,0.8994985038104062
25939,LOF,0.04290260689015769,0.009100204232331094,0.9479971888775113
25940,LOF,0.02390631104806336,0.37863211014631754,0.5974615788056191
25941,LOF,0.14799018063980857,0.09558480080363466,0.7564250185565567
25942,LOF,0.012994291983313392,0.03714544066359534,0.9498602673530911
25943,LOF,0.3163307858556203,0.08606834812051023,0.5976008660238695
25944,Neutral,0.4963113119674442,0.04267666698846266,0.46101202104409306
25945,LOF,0.06215367148883331,0.02774838798450154,0.9100979405266652
25946,LOF,0.03167606142969343,0.1584508919872236,0.8098730465830829
25947,LOF,0.10867191191253024,0.17982843373529697,0.7114996543521728
25948,LOF,0.42697035034586567,0.012712533411643193,0.560317116242491
25949,LOF,0.08004442171458265,0.06690874201868131,0.853046836266736
25950,GOF,0.27787412334898354,0.4616477718580853,0.2604781047929311
25951,LOF,0.2808773248120529,0.23459553046971596,0.4845271447182311
25952,GOF,0.06045483661956545,0.50084897574408,0.4386961876363544
25953,LOF,0.13651925527651038,0.11310450156946783,0.7503762431540218
25954,LOF,0.34869670583644813,0.2642385014551178,0.387064792708434
25955,LOF,0.06727892653929282,0.08397953994363935,0.8487415335170679
25956,LOF,0.20202241972318957,0.048002270748090006,0.7499753095287205
25957,LOF,0.04690118000669916,0.026314959151248637,0.9267838608420522
25958,LOF,0.05777772313360878,0.029690792314854244,0.9125314845515371
25959,LOF,0.06214806724554954,0.3276230810876617,0.6102288516667888
25960,LOF,0.019367523859381473,0.05352096660447094,0.9271115095361476
25961,LOF,0.046990156514897456,0.03793474401699003,0.9150750994681125
25962,LOF,0.05534239258045161,0.042718770785380875,0.9019388366341675
25963,LOF,0.049263371998069974,0.19388987459986534,0.7568467534020648
25964,LOF,0.03511846006052952,0.12262927274801758,0.8422522671914529
25965,LOF,0.4467839953982186,0.0808413330481457,0.4723746715536356
25966,Neutral,0.40875750651834436,0.18500642341246176,0.4062360700691939
25967,LOF,0.014188338776522357,0.07401658005478329,0.9117950811686943
25968,LOF,0.036122163005344564,0.42812352645453805,0.5357543105401174
25969,LOF,0.021889065377028,0.067987408052857,0.910123526570115
25970,LOF,0.0533010550851468,0.05307800119477301,0.8936209437200802
25971,LOF,0.0784332201664599,0.022865879933159243,0.8987008999003809
25972,LOF,0.07819402706498785,0.032343773052856045,0.8894621998821561
25973,LOF,0.07721674390703315,0.011766435182454354,0.9110168209105124
25974,LOF,0.2465343738775774,0.021662762245724422,0.7318028638766982
25975,LOF,0.04947954489200161,0.03456969740928201,0.9159507576987164
25976,LOF,0.03963878707978773,0.02460593406483318,0.935755278855379
25977,LOF,0.13526671364344972,0.10148644941632332,0.7632468369402269
25978,LOF,0.11551646391586201,0.08389169796739836,0.8005918381167396
25979,LOF,0.11599884754081734,0.08058053479204291,0.8034206176671397
25980,LOF,0.13970866308373742,0.1046952747683303,0.7555960621479322
25981,LOF,0.16774730060783524,0.10129219572802954,0.7309605036641352
25982,LOF,0.33847670838729443,0.07426515936892317,0.5872581322437824
25983,LOF,0.33902586330101947,0.06660098861835251,0.594373148080628
25984,LOF,0.05776327706840972,0.090161268625946,0.8520754543056442
25985,LOF,0.022810762603684098,0.3077120368104358,0.6694772005858801
25986,LOF,0.026411454328238857,0.3118558843524709,0.6617326613192902
25987,LOF,0.09051651440963995,0.11054335377672755,0.7989401318136324
25988,LOF,0.13741325393639245,0.10045718334345699,0.7621295627201506
25989,LOF,0.028823216834237893,0.17149853110405563,0.7996782520617065
25990,LOF,0.04391736719185085,0.14899103656484955,0.8070915962432996
25991,GOF,0.12486593431472155,0.5161276228439875,0.3590064428412909
25992,LOF,0.28725349433325664,0.33827922696821056,0.3744672786985328
25993,LOF,0.022368674822221567,0.12378744586322099,0.8538438793145575
25994,LOF,0.015230232530741471,0.155075443466513,0.8296943240027456
25995,LOF,0.025191510787986874,0.2496677648210789,0.7251407243909341
25996,GOF,0.1911369182801517,0.6473085526248887,0.1615545290949596
25997,GOF,0.06154177709136972,0.6623786041017312,0.2760796188068989
25998,Neutral,0.5731683110264927,0.018051458214200032,0.4087802307593073
25999,LOF,0.1461373485895876,0.1440246732968987,0.7098379781135137
26000,LOF,0.1417030487285511,0.04603496738695348,0.8122619838844954
26001,LOF,0.19181879346949418,0.038876859248358674,0.7693043472821471
26002,LOF,0.14330442388800108,0.048840023909773496,0.8078555522022254
26003,GOF,0.009297694262852768,0.6814332320993416,0.30926907363780565
26004,GOF,0.02531529107585792,0.7104008913558673,0.26428381756827474
26005,GOF,0.010272389717310421,0.5870199456570477,0.40270766462564184
26006,Neutral,0.5329145711203004,0.2812113983491458,0.18587403053055374
26007,GOF,0.020019322559104744,0.6233477901556447,0.35663288728525055
26008,GOF,0.02195541577824448,0.6373470303871398,0.3406975538346157
26009,GOF,0.026909742633979578,0.6845846187808874,0.28850563858513306
26010,GOF,0.02146435930224372,0.7618913231178276,0.21664431757992866
26011,GOF,0.008949763844509549,0.5575976223746717,0.43345261378081884
26012,GOF,0.018049657303225036,0.6426587802371831,0.33929156245959174
26013,GOF,0.018669513514895687,0.7182253519420105,0.2631051345430938
26014,LOF,0.03992091809125266,0.18311387538622179,0.7769652065225255
26015,LOF,0.2023785709425187,0.00884477893653217,0.7887766501209492
26016,LOF,0.2462776703208965,0.049103594414451134,0.7046187352646524
26017,LOF,0.17838060567534766,0.09249355609658703,0.7291258382280653
26018,LOF,0.07060347407392349,0.03504168210334942,0.8943548438227271
26019,LOF,0.06822398391698845,0.0255439943562364,0.9062320217267752
26020,LOF,0.05807707035758047,0.13931276195904488,0.8026101676833747
26021,LOF,0.05076549666584269,0.1736189345566816,0.7756155687774757
26022,LOF,0.009684999136291398,0.06538180366114536,0.9249331972025633
26023,LOF,0.09869455561213528,0.02333124773951374,0.877974196648351
26024,LOF,0.028912576414043357,0.12856926292082296,0.8425181606651336
26025,LOF,0.12029813245864275,0.09178475257800593,0.7879171149633513
26026,LOF,0.2908745176656189,0.018174063473678292,0.6909514188607028
26027,LOF,0.07013017368683935,0.018560803291331553,0.911309023021829
26028,LOF,0.16037168840118454,0.09271509532059323,0.7469132162782223
26029,LOF,0.09451557174253282,0.16144205654167515,0.744042371715792
26030,LOF,0.03398673956478657,0.052130066449697456,0.9138831939855161
26031,LOF,0.03918872406417678,0.1258208589255374,0.8349904170102859
26032,LOF,0.08188859921808649,0.04439036097740684,0.8737210398045068
26033,LOF,0.14245995340178969,0.05012290651158289,0.8074171400866275
26034,LOF,0.059753043873830645,0.13143222269393348,0.8088147334322358
26035,LOF,0.03766933266581914,0.11081835993637498,0.8515123073978059
26036,LOF,0.05557455693040366,0.13511359246592183,0.8093118506036745
26037,LOF,0.03246666226826214,0.0973461197608503,0.8701872179708875
26038,LOF,0.07805844572036615,0.04291949636694581,0.8790220579126882
26039,LOF,0.08013065818912667,0.12248416736109378,0.7973851744497795
26040,LOF,0.25772895357147463,0.08381793104072374,0.6584531153878016
26041,LOF,0.03222906092865776,0.09612018855565758,0.8716507505156847
26042,LOF,0.032028570256272725,0.09840832363148146,0.8695631061122459
26043,LOF,0.07632135014779236,0.058392831251845065,0.8652858186003625
26044,LOF,0.030911732699391282,0.06649965984258253,0.9025886074580262
26045,LOF,0.09362404751703782,0.09309864123434712,0.8132773112486151
26046,LOF,0.0805085086142951,0.06149231508795095,0.857999176297754
26047,LOF,0.11686917248887708,0.07105121043045416,0.8120796170806687
26048,LOF,0.058868731118265454,0.054405186579493635,0.8867260823022409
26049,Neutral,0.9541404930228723,0.0074489868018392195,0.03841052017528856
26050,Neutral,0.9368075525831611,0.008727283918135195,0.054465163498703874
26051,LOF,0.048035270798025456,0.4350601626688095,0.516904566533165
26052,LOF,0.0600819269198564,0.46759070531319497,0.4723273677669486
26053,LOF,0.06653702045426069,0.16671320116411645,0.7667497783816228
26054,LOF,0.0574996637630539,0.04118384443557945,0.9013164918013666
26055,LOF,0.08209923802601375,0.027682825972169818,0.8902179360018164
26056,LOF,0.06883347481666137,0.03369099069402091,0.8974755344893178
26057,LOF,0.03075979799804453,0.01991396395055966,0.9493262380513957
26058,LOF,0.031193562708412646,0.017872332051323766,0.9509341052402634
26059,LOF,0.2608110616567884,0.04249622083472652,0.6966927175084849
26060,LOF,0.02922172512377801,0.288231929528136,0.682546345348086
26061,LOF,0.01854088078506745,0.025886371497761577,0.9555727477171709
26062,LOF,0.011215765154931483,0.04242556446309817,0.9463586703819703
26063,LOF,0.021468687897526158,0.01912953448961524,0.9594017776128587
26064,LOF,0.021682823844019705,0.029727928455667085,0.9485892477003133
26065,LOF,0.025602369311482385,0.021927885564351723,0.9524697451241659
26066,LOF,0.020202176576808895,0.020342626757875258,0.9594551966653158
26067,LOF,0.024414172494452505,0.01772116576459983,0.9578646617409478
26068,LOF,0.04835384008385,0.05260243507394696,0.899043724842203
26069,LOF,0.2409881873242372,0.029392154347303006,0.7296196583284599
26070,LOF,0.3548451887884333,0.02082059426822179,0.6243342169433449
26071,LOF,0.021620190794532354,0.022900709129909644,0.955479100075558
26072,LOF,0.021628528016632502,0.034214498831311044,0.9441569731520564
26073,LOF,0.023381194766345686,0.018034489011711445,0.958584316221943
26074,Neutral,0.9269726275640746,0.007262481911410308,0.06576489052451502
26075,LOF,0.04442012464664864,0.026611614639388333,0.9289682607139631
26076,LOF,0.04212715410424417,0.017658586225126397,0.9402142596706294
26077,LOF,0.010167769776042026,0.043281214834608284,0.9465510153893497
26078,LOF,0.016276896732417678,0.02436169801910025,0.959361405248482
26079,LOF,0.05416882535427347,0.02935376341180998,0.9164774112339166
26080,LOF,0.05416650162662021,0.029368718702080885,0.9164647796712989
26081,LOF,0.0343821462407699,0.013383387826550675,0.9522344659326794
26082,LOF,0.0188760191111476,0.03547700336567491,0.9456469775231774
26083,LOF,0.13159122990515734,0.019631465165336152,0.8487773049295065
26084,LOF,0.02815946168311489,0.0285515636835925,0.9432889746332926
26085,LOF,0.023337983102863075,0.026955312419264892,0.9497067044778721
26086,LOF,0.024017242597639245,0.022027997767348883,0.9539547596350119
26087,LOF,0.023714238181385665,0.015603504779803459,0.9606822570388109
26088,LOF,0.018332473143479456,0.03982811882971735,0.9418394080268032
26089,LOF,0.04779481516401509,0.033141845905327295,0.9190633389306577
26090,LOF,0.04650465860785649,0.026767989787135786,0.9267273516050077
26091,LOF,0.040067861275197195,0.012634611840100894,0.9472975268847019
26092,LOF,0.02597151048225237,0.01737723730140006,0.9566512522163475
26093,LOF,0.038031595429796096,0.011424306252045243,0.9505440983181586
26094,LOF,0.045701001090880565,0.00968330267352254,0.9446156962355968
26095,LOF,0.0523180718912045,0.027135892377209314,0.9205460357315862
26096,LOF,0.017710832807304268,0.023144685520787953,0.9591444816719078
26097,LOF,0.010471792533055059,0.07604673192389629,0.9134814755430486
26098,LOF,0.07138872726506476,0.026206450623505288,0.90240482211143
26099,LOF,0.025486647463147976,0.026983664330891555,0.9475296882059605
26100,LOF,0.026709560011231325,0.025860707943833963,0.9474297320449347
26101,LOF,0.058859932799017085,0.02328872200763633,0.9178513451933465
26102,LOF,0.02545044649362425,0.020540054718344292,0.9540094987880315
26103,Neutral,0.8880187448441161,0.0322506034129719,0.0797306517429121
26104,LOF,0.06986037165150735,0.05286157295849574,0.8772780553899969
26105,LOF,0.18236349357005546,0.30471292801648664,0.5129235784134578
26106,LOF,0.17243831802250853,0.1424055569074323,0.6851561250700592
26107,LOF,0.2300806352904023,0.13507544227516904,0.6348439224344287
26108,LOF,0.2069731665021633,0.16090167617702533,0.6321251573208114
26109,LOF,0.07050736108129746,0.14491452597524734,0.7845781129434551
26110,LOF,0.2698550465350518,0.006975543008970836,0.7231694104559774
26111,LOF,0.46012388122696607,0.017011623013821402,0.5228644957592126
26112,LOF,0.034506590688092795,0.00844939821408245,0.9570440110978248
26113,LOF,0.054355180606359924,0.013365193292588366,0.9322796261010518
26114,LOF,0.01647078829109123,0.020560490347173083,0.9629687213617357
26115,LOF,0.07893961746065453,0.03356694864425443,0.887493433895091
26116,LOF,0.04780283788690577,0.02690776608429849,0.9252893960287959
26117,LOF,0.3747444129074557,0.06604749692248676,0.5592080901700575
26118,LOF,0.03846436595282207,0.03907143431231993,0.922464199734858
26119,LOF,0.024625586089487898,0.05664737676290661,0.9187270371476056
26120,LOF,0.030241921070906147,0.027176761658448623,0.9425813172706452
26121,LOF,0.0642115704605001,0.10172581531396364,0.8340626142255362
26122,LOF,0.0583766416491334,0.04633467600078004,0.8952886823500866
