feature0,prediction,LoGoFunc_Neutral,LoGoFunc_GOF,LoGoFunc_LOF
25546,Neutral,0.6060048351378075,0.05077221594035036,0.3432229489218422
25547,Neutral,0.4715713306185464,0.08256878849859577,0.4458598808828579
25548,Neutral,0.4836372857065891,0.06895814964909035,0.44740456464432066
25549,LOF,0.4211775975487722,0.07340576850030564,0.5054166339509222
25550,LOF,0.3623355512330511,0.10956830527727214,0.5280961434896768
25551,LOF,0.3057576689036687,0.12663139892442077,0.5676109321719106
25552,LOF,0.2587947041928557,0.1304515345482111,0.6107537612589331
25553,Neutral,0.7972278576819282,0.04606835370416708,0.15670378861390474
25554,LOF,0.30267270233216276,0.1207028144972608,0.5766244831705765
25555,LOF,0.25879578751627447,0.10951598037521428,0.6316882321085112
25556,Neutral,0.4508794357607583,0.10086362374849149,0.4482569404907501
25557,LOF,0.24849678908044817,0.11756950296324344,0.6339337079563084
25558,LOF,0.3061999275779127,0.11139371658994388,0.5824063558321434
25559,LOF,0.23151177589940025,0.14658604852034549,0.6219021755802543
25560,LOF,0.17268188090076475,0.10261592207520538,0.7247021970240299
25561,LOF,0.14807759474274274,0.12991398020339973,0.7220084250538575
25562,LOF,0.07138047503250292,0.07669619384035124,0.8519233311271458
25563,LOF,0.023614788495279267,0.1241210347350779,0.8522641767696428
25564,LOF,0.18324787860175515,0.09994653032066035,0.7168055910775845
25565,LOF,0.1998647804383352,0.15699607553398057,0.6431391440276842
25566,GOF,0.08561274435150613,0.6491139426817228,0.26527331296677104
25567,LOF,0.04773075704514637,0.199924694485891,0.7523445484689626
25568,LOF,0.06418910141673778,0.11351738231055845,0.8222935162727038
25569,LOF,0.060442467430647004,0.11173407574277108,0.8278234568265819
25570,LOF,0.02756840997952065,0.14812239386586679,0.8243091961546126
25571,LOF,0.026354592507681136,0.15187182754954354,0.8217735799427753
25572,LOF,0.06306058388274312,0.1716523266984579,0.765287089418799
25573,LOF,0.05628857093209532,0.13332725260687397,0.8103841764610307
25574,LOF,0.058312757483390716,0.271752348935994,0.6699348935806153
25575,LOF,0.022025474536065258,0.15836793939524918,0.8196065860686855
25576,LOF,0.02875203192436643,0.21813560158054943,0.7531123664950842
25577,LOF,0.03175567146434885,0.163444898242868,0.8047994302927831
25578,LOF,0.2943350128257711,0.1356553626468268,0.5700096245274021
25579,LOF,0.18356136729997632,0.13347434327100502,0.6829642894290188
25580,LOF,0.019605960657803134,0.11367167571785898,0.8667223636243379
25581,LOF,0.054160150062154654,0.10178937716262774,0.8440504727752176
25582,LOF,0.05389886637959969,0.09880514436075978,0.8472959892596404
25583,LOF,0.022650739817725512,0.1282547544376306,0.849094505744644
25584,Neutral,0.6738964965217527,0.15948757306078148,0.16661593041746586
25585,LOF,0.020336650694749353,0.2031225404908974,0.7765408088143533
25586,LOF,0.016898482291779066,0.10527523450059624,0.8778262832076246
25587,LOF,0.01681266876742909,0.09550050327570894,0.8876868279568619
25588,LOF,0.019754164181128506,0.10841354726512234,0.8718322885537492
25589,Neutral,0.4695485002706345,0.2842515640982258,0.24619993563113976
25590,LOF,0.047438948726817344,0.1748208267230511,0.7777402245501316
25591,LOF,0.10117454216624026,0.08866795366753584,0.8101575041662239
25592,LOF,0.053238974263340316,0.21388499512448886,0.7328760306121709
25593,LOF,0.1165081714821615,0.34765191065367024,0.5358399178641682
25594,LOF,0.046418994964211806,0.08670895545365492,0.8668720495821333
25595,LOF,0.045050211936781534,0.06091584865099754,0.894033939412221
25596,LOF,0.09390092624346878,0.030049072641266432,0.8760500011152649
25597,LOF,0.07801688456123754,0.04241061205020079,0.8795725033885616
25598,LOF,0.046029490706797675,0.06345419171706906,0.8905163175761333
25599,LOF,0.02263024993549376,0.42845876622729684,0.5489109838372093
25600,GOF,0.19678477351171428,0.4585010461863266,0.344714180301959
25601,LOF,0.03757988488678481,0.3505875548437948,0.6118325602694205
25602,LOF,0.03538314033019241,0.05962571175480107,0.9049911479150066
25603,LOF,0.03734274244947996,0.038916610005473154,0.9237406475450469
25604,LOF,0.03947620629984411,0.08438678807019075,0.876137005629965
25605,LOF,0.03415860967339263,0.18534659954139662,0.7804947907852107
25606,LOF,0.40803372258600096,0.13075655992335727,0.4612097174906419
25607,LOF,0.030378779426923103,0.174217577647371,0.7954036429257059
25608,LOF,0.04427634829063141,0.10101555384178028,0.8547080978675884
25609,GOF,0.15042368101939854,0.5301745626116783,0.3194017563689232
25610,LOF,0.014679373933367873,0.045997395669053136,0.9393232303975789
25611,LOF,0.011716887390021346,0.0489690745627705,0.9393140380472081
25612,LOF,0.041460754147832235,0.06857166338447815,0.8899675824676897
25613,LOF,0.04201685250989861,0.06673723984019687,0.8912459076499045
25614,LOF,0.02051885433369563,0.04067587464913035,0.9388052710171741
25615,LOF,0.043641178652446946,0.06786155152511607,0.888497269822437
25616,LOF,0.04657591284627847,0.04410358948401276,0.9093204976697089
25617,LOF,0.03765714546065511,0.054798251337760055,0.9075446032015847
25618,LOF,0.03980467325092195,0.059898819576029536,0.9002965071730484
25619,LOF,0.011254457110108862,0.05739554835250088,0.9313499945373903
25620,LOF,0.05272411846257685,0.0642629613118919,0.8830129202255314
25621,LOF,0.058809736252826095,0.05264463543550291,0.8885456283116709
25622,LOF,0.0649738169475146,0.05728763865692645,0.8777385443955589
25623,LOF,0.06623605353783367,0.050830024492136174,0.8829339219700303
25624,LOF,0.016564112017172762,0.05505870807991722,0.9283771799029101
25625,LOF,0.06189213480356856,0.05307823016756395,0.8850296350288676
25626,LOF,0.04544452327133129,0.06108742466251861,0.8934680520661501
25627,Neutral,0.8901124075543492,0.022433107308207398,0.08745448513744343
25628,LOF,0.14507196663856958,0.0717606820858522,0.7831673512755781
25629,LOF,0.06732182022305572,0.05273750807293757,0.8799406717040067
25630,LOF,0.2742137106049962,0.07846269381888088,0.647323595576123
25631,Neutral,0.5331440542712339,0.07591224673032718,0.39094369899843906
25632,LOF,0.0274031526143959,0.07008597482986088,0.9025108725557431
25633,LOF,0.20578574964750726,0.048765906460090255,0.7454483438924024
25634,LOF,0.03438954442532901,0.0969684543229351,0.868642001251736
25635,LOF,0.03558634032896088,0.050218278385574536,0.9141953812854646
25636,LOF,0.03729878508762596,0.45461834852142724,0.5080828663909469
25637,GOF,0.07030939165846123,0.5128412360382508,0.416849372303288
25638,LOF,0.03441201933620218,0.40594161081154984,0.5596463698522479
25639,LOF,0.0316439454074374,0.398953111628597,0.5694029429639657
25640,Neutral,0.8275284255256556,0.1257687837538808,0.0467027907204636
25641,GOF,0.09194614714744813,0.4607252312110124,0.4473286216415394
25642,LOF,0.06322293256364239,0.15819307080772274,0.7785839966286349
25643,LOF,0.19933384934236448,0.1251092288940909,0.6755569217635446
25644,GOF,0.02880596872125882,0.48594389850909764,0.48525013276964357
25645,LOF,0.03287943653286753,0.41333526317660946,0.5537853002905231
25646,LOF,0.07127398732059467,0.31231798703712205,0.6164080256422833
25647,LOF,0.03350406383022571,0.2605075524298446,0.7059883837399298
25648,LOF,0.03571249307400232,0.2682409136133462,0.6960465933126515
25649,LOF,0.019326224591792954,0.24170333458665597,0.7389704408215511
25650,LOF,0.0594697754073764,0.4337884127338437,0.5067418118587799
25651,LOF,0.021751132065368762,0.2894306131241774,0.6888182548104539
25652,LOF,0.03628001705582892,0.28113249034025006,0.682587492603921
25653,LOF,0.09970743004336308,0.42313080707143397,0.47716176288520284
25654,LOF,0.02370833021549994,0.22759164455516173,0.7487000252293383
25655,GOF,0.24489818708375313,0.4115425901140623,0.3435592228021845
25656,LOF,0.3795692757722554,0.0883717710465482,0.5320589531811963
25657,LOF,0.06160041358502456,0.0844659836817387,0.8539336027332368
25658,LOF,0.3742620557005493,0.08179690327251728,0.5439410410269334
25659,Neutral,0.49079201882577006,0.10693516128761917,0.40227281988661084
25660,LOF,0.023441514951798595,0.09494142023162902,0.8816170648165724
25661,LOF,0.09239591062538512,0.06051097794957223,0.8470931114250426
25662,LOF,0.03461339451550063,0.03392907457218585,0.9314575309123135
25663,LOF,0.04284047281593206,0.0447159954752712,0.9124435317087968
25664,LOF,0.1381995396598689,0.06663607975335428,0.7951643805867767
25665,LOF,0.061873422419142864,0.028079494018967765,0.9100470835618895
25666,LOF,0.08832627612912511,0.06623631620745646,0.8454374076634185
25667,LOF,0.0741690370992175,0.04053984653636898,0.8852911163644135
25668,LOF,0.03770207794856933,0.04943144641656841,0.9128664756348622
25669,LOF,0.03229706011093491,0.04483864745531575,0.9228642924337493
25670,LOF,0.15054120340594265,0.051075768230356866,0.7983830283637006
25671,LOF,0.12191424528620293,0.032966470664904164,0.8451192840488929
25672,LOF,0.05168524389740851,0.04191770459245996,0.9063970515101315
25673,LOF,0.0807887985738245,0.048631107875682755,0.8705800935504928
25674,LOF,0.06739824083795938,0.05746819874286932,0.8751335604191713
25675,LOF,0.10663972582187672,0.06508191696193612,0.8282783572161873
25676,LOF,0.018939835153037366,0.05149289307860126,0.9295672717683614
25677,LOF,0.0259869685293295,0.06742984226255777,0.9065831892081128
25678,LOF,0.21626995147731393,0.06751033566336147,0.7162197128593246
25679,LOF,0.12315644489761654,0.07319602452914634,0.803647530573237
25680,LOF,0.03302103604668309,0.11590121000826462,0.8510777539450524
25681,LOF,0.04793248315618092,0.10883595242335165,0.8432315644204675
25682,LOF,0.14725709066506973,0.07087700203889237,0.781865907296038
25683,LOF,0.11885931397414566,0.08639003074208178,0.7947506552837726
25684,LOF,0.04198962245951794,0.06565963496491473,0.8923507425755673
25685,LOF,0.12845022490683747,0.07882780316667203,0.7927219719264905
25686,LOF,0.07902956126780611,0.10669644684595117,0.8142739918862428
25687,LOF,0.12480221590396541,0.11571844217325696,0.7594793419227777
25688,LOF,0.3500681833267973,0.043595382036330906,0.6063364346368718
25689,LOF,0.2682091863704047,0.05131407893379216,0.6804767346958032
25690,LOF,0.341249918238098,0.03825261736883877,0.6204974643930632
25691,Neutral,0.7108373208862979,0.033684178382834974,0.25547850073086714
25692,LOF,0.33448179659041766,0.012813524983130127,0.6527046784264523
25693,LOF,0.042811651361859326,0.43640967560026306,0.5207786730378776
25694,LOF,0.12713055155722197,0.017387446770914625,0.8554820016718634
25695,LOF,0.12388182271301815,0.016984362223462127,0.8591338150635197
25696,LOF,0.1332264265399341,0.011759441782321958,0.855014131677744
25697,LOF,0.09322366680149542,0.05612457560598215,0.8506517575925223
25698,LOF,0.3224078383377213,0.15552137341854788,0.5220707882437308
25699,Neutral,0.5253233479903806,0.05258818050888928,0.42208847150073014
25700,LOF,0.08362173593474848,0.012546904931976497,0.903831359133275
25701,LOF,0.20713283237440244,0.05003778591643975,0.7428293817091578
25702,GOF,0.19060134369050705,0.5660070815307874,0.24339157477870568
25703,LOF,0.015331678124324934,0.14788375278905683,0.8367845690866182
25704,LOF,0.03926300846670197,0.10675267383946832,0.8539843176938298
25705,LOF,0.05481099021241061,0.1574619869488898,0.7877270228386996
25706,LOF,0.11271952786239185,0.40217717742403714,0.48510329471357094
25707,LOF,0.09627214478595279,0.3874757422419597,0.5162521129720875
25708,LOF,0.036605036616229616,0.3508066646550645,0.6125882987287058
25709,LOF,0.06789844929304308,0.04464959072556103,0.8874519599813959
25710,LOF,0.011865536338856862,0.1579597609370267,0.8301747027241164
25711,LOF,0.021781137332930935,0.07952702498232324,0.8986918376847458
25712,LOF,0.014559226801576971,0.19416261710216517,0.791278156096258
25713,LOF,0.019406810333774817,0.08167014019465775,0.8989230494715674
25714,LOF,0.07914380712291504,0.08063936700382586,0.8402168258732591
25715,LOF,0.011640003113754177,0.14495670258689086,0.843403294299355
25716,LOF,0.010997171604440447,0.10455699504857802,0.8844458333469816
25717,LOF,0.01605088952636155,0.07089150855818366,0.9130576019154548
25718,LOF,0.011846673299643616,0.08813620539857885,0.9000171213017776
25719,LOF,0.019543585776675136,0.07695622993333968,0.9035001842899851
25720,LOF,0.025511377546915952,0.0726042501541186,0.9018843722989653
25721,LOF,0.013999502818281608,0.11871454547707871,0.8672859517046396
25722,LOF,0.015048453289631556,0.12311338776026352,0.8618381589501048
25723,LOF,0.024118285565869507,0.049969218954641716,0.9259124954794886
25724,LOF,0.03231915459803614,0.08290506735510875,0.884775778046855
25725,LOF,0.011609964181499791,0.07936572697509221,0.909024308843408
25726,LOF,0.016030490582811956,0.11681423709798014,0.867155272319208
25727,LOF,0.012188325195813223,0.08306132589706593,0.9047503489071208
25728,LOF,0.010404537733822787,0.10568110249587599,0.8839143597703012
25729,LOF,0.010543476216591532,0.1083352228496868,0.8811213009337218
25730,LOF,0.014068398600874107,0.08714546306067943,0.8987861383384466
25731,LOF,0.018664512293060716,0.10435524870770108,0.8769802389992382
25732,LOF,0.013980431494661853,0.07569910262994432,0.9103204658753938
25733,LOF,0.016162239908663657,0.07124605233975582,0.9125917077515806
25734,LOF,0.010523505006209912,0.10891742280814615,0.880559072185644
25735,LOF,0.011862610943846498,0.07785272625665605,0.9102846627994975
25736,LOF,0.013224042735332259,0.09479033513576922,0.8919856221288985
25737,LOF,0.012171004909915207,0.07477882713749838,0.9130501679525864
25738,LOF,0.012411330303196048,0.11385847792153604,0.8737301917752679
25739,LOF,0.021812506980962272,0.07566760786234604,0.9025198851566917
25740,LOF,0.027377417234922284,0.1251137646716998,0.8475088180933779
25741,LOF,0.014941301788683154,0.1322107864771819,0.8528479117341349
25742,LOF,0.12862519375451767,0.0844608956473656,0.7869139105981168
25743,LOF,0.03649546461254838,0.06389946998255666,0.8996050654048949
25744,Neutral,0.5348145444683802,0.2742159678076086,0.19096948772401132
25745,LOF,0.056391182773841086,0.0842910284487987,0.8593177887773601
25746,LOF,0.03946702812457304,0.11013912292752692,0.8503938489479
25747,LOF,0.019080329275557244,0.07428569577387971,0.9066339749505632
25748,LOF,0.1217481745655278,0.11748001930130438,0.7607718061331677
25749,LOF,0.023879594065619018,0.09898925313178634,0.8771311528025946
25750,LOF,0.07201406484915543,0.10881578851706854,0.8191701466337761
25751,LOF,0.08949697719484041,0.14226722238191788,0.7682358004232418
25752,GOF,0.12989603163676183,0.59774530293126,0.2723586654319781
25753,LOF,0.024980467803099288,0.26802537623557005,0.7069941559613306
25754,GOF,0.013997158933531784,0.8039042016485648,0.18209863941790358
25755,LOF,0.025922299234585392,0.3917193684697411,0.5823583322956736
25756,LOF,0.05358830686449476,0.3662508480999411,0.5801608450355641
25757,GOF,0.018950683505759184,0.8252988851127429,0.15575043138149808
25758,GOF,0.03208074529080865,0.7727811192199078,0.19513813548928352
25759,GOF,0.010950164694950627,0.6053382531194665,0.3837115821855828
25760,LOF,0.01499170914326942,0.27196918511451224,0.7130391057422183
25761,GOF,0.2818498750760688,0.6070119612679624,0.11113816365596874
25762,LOF,0.05407185658243486,0.26772941017832924,0.678198733239236
25763,LOF,0.015551476967661128,0.21709498424931906,0.7673535387830198
25764,GOF,0.08700107528222503,0.6445325580865766,0.26846636663119844
25765,GOF,0.04398513313886282,0.7273248423657244,0.2286900244954128
25766,GOF,0.07434989436168231,0.7368370719067662,0.18881303373155148
25767,GOF,0.1498372851246539,0.4945509296689323,0.3556117852064137
25768,LOF,0.10858129945457974,0.058895179622527556,0.8325235209228926
25769,LOF,0.058729688855625205,0.06761813238313813,0.8736521787612366
25770,LOF,0.32963025045916927,0.0991901802309149,0.5711795693099159
25771,LOF,0.04795330452075862,0.052418290722157514,0.8996284047570839
25772,LOF,0.018545054340997465,0.050101835598337065,0.9313531100606653
25773,LOF,0.0457247937579883,0.09105236315164265,0.863222843090369
25774,LOF,0.028939576235838614,0.0857489972220388,0.8853114265421226
25775,LOF,0.049248726078353684,0.054417336780935306,0.896333937140711
25776,LOF,0.07762792824083677,0.02901252135702277,0.8933595504021405
25777,LOF,0.3658819943848247,0.060853998803338465,0.5732640068118369
25778,LOF,0.07639704437061327,0.04955824371993017,0.8740447119094565
25779,GOF,0.37518745550677574,0.5760163530785181,0.04879619141470627
25780,GOF,0.37239783529994686,0.5543565032604003,0.07324566143965269
25781,GOF,0.144074246832949,0.7445280454862303,0.11139770768082073
25782,GOF,0.21348686186987886,0.69299300711397,0.0935201310161511
25783,GOF,0.024035937883354827,0.6238939351800369,0.3520701269366083
25784,Neutral,0.5102136457638474,0.4414472432093491,0.04833911102680356
25785,Neutral,0.5083522656161799,0.4544618565210738,0.03718587786274639
25786,GOF,0.026136084153134193,0.7481646735826495,0.22569924226421625
25787,Neutral,0.6703005942799686,0.3044726255841388,0.0252267801358927
25788,LOF,0.05509509346602453,0.10002773938397554,0.84487716715
25789,GOF,0.22909454142153374,0.6386160525516286,0.13228940602683764
25790,GOF,0.21997096361671165,0.6713764920600558,0.10865254432323249
25791,GOF,0.15407496735042414,0.6959501293394906,0.14997490331008534
25792,GOF,0.3620611716366477,0.5277034552875852,0.11023537307576706
25793,GOF,0.2501665035813982,0.5310886944510442,0.21874480196755766
25794,GOF,0.3025978633241371,0.5290387655593822,0.1683633711164807
25795,GOF,0.07498524615592936,0.6772384833149926,0.24777627052907808
25796,Neutral,0.5834769582129502,0.3428152265183958,0.07370781526865391
25797,GOF,0.08576900194382232,0.5267832762096176,0.3874477218465602
25798,GOF,0.008131172845473917,0.5005494894072672,0.49131933774725883
25799,LOF,0.0075444577871407415,0.4128706004013758,0.5795849418114835
25800,GOF,0.03303687865271319,0.576134126284108,0.39082899506317886
25801,GOF,0.22972349855171148,0.6474767554973445,0.12279974595094391
25802,GOF,0.057130492455705305,0.6767335883591041,0.26613591918519053
25803,GOF,0.03266148013956167,0.559408905378775,0.40792961448166337
25804,GOF,0.03142589066822441,0.4953915869691941,0.4731825223625815
25805,GOF,0.0822213891490467,0.5923031306483628,0.32547548020259043
25806,GOF,0.1045512040309592,0.5841444950340354,0.31130430093500533
25807,GOF,0.018441157653907327,0.5932500415110527,0.38830880083503994
25808,GOF,0.08352857449234972,0.6190944655077427,0.29737695999990754
25809,GOF,0.019649392698300273,0.5911292899844764,0.3892213173172233
25810,GOF,0.018767434081226827,0.6058431624705387,0.3753894034482343
25811,Neutral,0.4666179925156709,0.4534739675506954,0.07990803993363386
25812,GOF,0.03520177232405066,0.604503051088307,0.3602951765876422
25813,Neutral,0.5451454836809106,0.345285037670713,0.10956947864837635
25814,GOF,0.1201280262651624,0.6301102326091739,0.24976174112566368
25815,GOF,0.19517907284254393,0.5889704649342559,0.21585046222320012
25816,GOF,0.02040746644478081,0.6565955361676598,0.3229969973875594
25817,GOF,0.24597157087555324,0.598024572939358,0.15600385618508886
25818,GOF,0.05459992283991902,0.574941507768703,0.37045856939137795
25819,GOF,0.39833165261129166,0.45056687495216313,0.15110147243654523
25820,GOF,0.15776660762855524,0.5896541535202445,0.2525792388512003
25821,GOF,0.052190133369669565,0.6532895633918762,0.29452030323845424
25822,GOF,0.2148967930099794,0.5284306575785735,0.25667254941144696
25823,GOF,0.02884175364967966,0.5009757723732531,0.4701824739770673
25824,GOF,0.07271908323481277,0.5388531333125938,0.3884277834525935
25825,GOF,0.029222145396357112,0.5208415019681061,0.44993635263553683
25826,GOF,0.010531003773472797,0.49737597900702735,0.49209301721949983
25827,GOF,0.019631913256645886,0.5772151908018726,0.40315289594148157
25828,GOF,0.011709759581471715,0.5026947714374708,0.4855954689810576
25829,GOF,0.0064175766518774656,0.5508479794719233,0.44273444387619915
25830,LOF,0.03644102942571797,0.29227657148029856,0.6712823990939836
25831,GOF,0.21595750931548197,0.6199314003932185,0.16411109029129944
25832,GOF,0.02916075457399678,0.6474115766663177,0.3234276687596856
25833,GOF,0.1311506480412413,0.6645088162216499,0.20434053573710886
25834,GOF,0.0370785212390596,0.6505383372408068,0.31238314152013363
25835,GOF,0.08788350259012248,0.6939567189426897,0.21815977846718781
25836,GOF,0.04541316148494898,0.6310070145522588,0.3235798239627921
25837,GOF,0.027337350886114838,0.5327065521418372,0.439956096972048
25838,GOF,0.095010091871374,0.7145357665335191,0.19045414159510685
25839,GOF,0.32026873909874165,0.5344014627399355,0.14532979816132288
25840,GOF,0.26431635376512713,0.5685558131199412,0.16712783311493162
25841,GOF,0.28738946555777484,0.5481246581482122,0.16448587629401287
25842,GOF,0.2091592733677652,0.6358249173463446,0.1550158092858902
25843,GOF,0.2703068444563389,0.6156159217922311,0.11407723375143003
25844,GOF,0.07216847015316716,0.6751981685414682,0.25263336130536457
25845,LOF,0.015829882311673683,0.4839470678397459,0.5002230498485803
25846,GOF,0.13379856377169788,0.6935693913704511,0.172632044857851
25847,GOF,0.1296562457811999,0.7322224460130149,0.1381213082057851
25848,GOF,0.03747962092732567,0.6622349953336089,0.30028538373906555
25849,GOF,0.011167003262483433,0.5471405202088906,0.4416924765286261
25850,GOF,0.02237599258139533,0.6285788283252944,0.34904517909331023
25851,GOF,0.016968599456043194,0.5324327231408387,0.4505986774031181
25852,GOF,0.17237967182337474,0.5536206234074029,0.27399970476922236
25853,GOF,0.37395737226393816,0.5573817154601642,0.06866091227589749
25854,GOF,0.02061452718865677,0.6135945806646811,0.36579089214666205
25855,GOF,0.03411066242224625,0.562499186657558,0.40339015092019576
25856,GOF,0.24680060505181756,0.511548051247482,0.2416513437007004
25857,GOF,0.036415870106865776,0.5089971057917094,0.4545870241014247
25858,GOF,0.016987907828020295,0.5534089393260796,0.42960315284590006
25859,GOF,0.010022603614478926,0.5341271915686322,0.45585020481688876
25860,GOF,0.3838079531639359,0.530111789324577,0.08608025751148717
25861,GOF,0.4404560515051579,0.47898259022464745,0.08056135827019455
25862,GOF,0.10808683913912748,0.7428008920601615,0.14911226880071096
25863,GOF,0.1027702731220616,0.7527729218189843,0.1444568050589542
25864,GOF,0.20942494493135916,0.698059059011369,0.09251599605727197
25865,GOF,0.09794588474166059,0.7828106785759413,0.11924343668239806
25866,GOF,0.07045068394809657,0.7850145268516415,0.144534789200262
25867,GOF,0.09812817949150497,0.7907631657264944,0.11110865478200074
25868,GOF,0.28869358715044996,0.6111313186346232,0.10017509421492686
25869,Neutral,0.6820494774775455,0.2782015593036372,0.039748963218817226
25870,LOF,0.3130610526371234,0.32782850132152613,0.35911044604135056
25871,GOF,0.19017226498245518,0.6337468136379915,0.1760809213795534
25872,GOF,0.0844279888898763,0.6194046184162301,0.29616739269389364
25873,GOF,0.13914220597410948,0.6214263854223088,0.2394314086035817
25874,LOF,0.018963594704918926,0.1099244779689696,0.8711119273261114
25875,LOF,0.09572576079430396,0.03873457226893863,0.8655396669367573
25876,LOF,0.038618802169575174,0.042502285048411394,0.9188789127820134
25877,Neutral,0.5258300905631047,0.0427255116825747,0.43144439775432053
25878,LOF,0.21604636662635573,0.07392641232135083,0.7100272210522933
25879,LOF,0.08890873870658023,0.08104027881270888,0.830050982480711
25880,LOF,0.022652121496838082,0.02136518089930343,0.9559826976038586
25881,LOF,0.18214543220899193,0.10024907119398137,0.7176054965970267
25882,LOF,0.06761361770096352,0.016044687154622466,0.916341695144414
25883,LOF,0.089628193328712,0.017069185717120093,0.8933026209541679
25884,LOF,0.03607117444666902,0.029668766951984255,0.9342600586013468
25885,LOF,0.07107505693403103,0.011116770184832621,0.9178081728811365
25886,LOF,0.3479232028964976,0.03058195514119187,0.6214948419623104
25887,LOF,0.16366558674161222,0.06168201632406809,0.7746523969343196
25888,LOF,0.07008406205237683,0.05380681563315932,0.8761091223144639
25889,LOF,0.05127284887701182,0.01792947773282725,0.930797673390161
25890,LOF,0.04813925821381011,0.13191071855781966,0.8199500232283703
25891,LOF,0.04944414291075837,0.04929997153241174,0.9012558855568298
25892,LOF,0.09595203719208162,0.02152421886330057,0.8825237439446179
25893,LOF,0.253246411407843,0.017235086017886727,0.7295185025742702
25894,LOF,0.19135229554308344,0.010223232391011623,0.7984244720659049
25895,LOF,0.22369267937411336,0.019223395650233944,0.7570839249756527
25896,LOF,0.05111707725440652,0.01862115998150312,0.9302617627640902
25897,LOF,0.24618851040588785,0.013135906431894648,0.7406755831622175
25898,Neutral,0.6915045871388265,0.009387711914673037,0.29910770094650047
25899,LOF,0.2493095579482328,0.02366485868898149,0.7270255833627857
25900,LOF,0.4593879806880465,0.017708886302122567,0.5229031330098309
25901,LOF,0.061256043328542835,0.011779404948032406,0.9269645517234248
25902,LOF,0.18033022660719183,0.013101322132390458,0.8065684512604178
25903,Neutral,0.5187583783798221,0.03521718622457325,0.4460244353956046
25904,LOF,0.31466535633708365,0.050218755284739236,0.6351158883781771
25905,LOF,0.024314920226499663,0.28438069617684864,0.6913043835966517
25906,LOF,0.02286376939023407,0.06585051911699225,0.9112857114927737
25907,LOF,0.014034311717221993,0.319378958107,0.666586730175778
25908,LOF,0.010735757991409712,0.22484696648767866,0.7644172755209115
25909,LOF,0.013414957951261693,0.13073057532902574,0.8558544667197124
25910,LOF,0.050003987581000955,0.11099869296596716,0.8389973194530319
25911,LOF,0.146997853509436,0.029513048111421438,0.8234890983791425
25912,LOF,0.04374089349426826,0.04975507290556817,0.9065040336001635
25913,LOF,0.3025808519488717,0.024843786405220863,0.6725753616459074
25914,LOF,0.020345291396722545,0.13015861786535943,0.8494960907379181
25915,Neutral,0.4549948841676204,0.32377895144842517,0.22122616438395437
25916,LOF,0.061369221321755,0.39621672588351325,0.5424140527947318
25917,LOF,0.05853127974494216,0.08219300373213127,0.8592757165229264
25918,LOF,0.02721494128881969,0.07460256504340394,0.8981824936677764
25919,LOF,0.022456714884787198,0.07973499557443067,0.8978082895407821
25920,GOF,0.10199742494384684,0.5068300502629491,0.391172524793204
25921,LOF,0.0265589118104013,0.03126099808612101,0.9421800901034777
25922,LOF,0.03739424256732639,0.020597104867542442,0.9420086525651312
25923,LOF,0.4172255927016439,0.025862214154566777,0.5569121931437894
25924,LOF,0.038742748874771665,0.04193323286071561,0.9193240182645127
25925,LOF,0.06563444641114974,0.030688455186651448,0.9036770984021989
25926,LOF,0.04831097635785417,0.023142199817399903,0.928546823824746
25927,LOF,0.07001761484553648,0.07572386588719653,0.8542585192672669
25928,LOF,0.02116050311987171,0.04004080150096632,0.938798695379162
25929,Neutral,0.544122846456223,0.028171417569767303,0.42770573597400974
25930,LOF,0.058179783611176115,0.02424046571024501,0.9175797506785788
25931,LOF,0.029135524631377384,0.02524753988001833,0.9456169354886043
25932,LOF,0.027532219682486838,0.02203482414160426,0.9504329561759088
25933,LOF,0.03926289963415723,0.015503880967262436,0.9452332193985803
25934,LOF,0.02425668903986201,0.01928288933915141,0.9564604216209867
25935,LOF,0.0606510466100599,0.03467743058366722,0.9046715228062728
25936,LOF,0.0492723197659522,0.024751602812735488,0.9259760774213124
25937,LOF,0.02932312689842163,0.03126227970078144,0.9394145934007969
25938,LOF,0.0632901646158503,0.03444122681459527,0.9022686085695545
25939,LOF,0.039762901379747945,0.015294923625639615,0.9449421749946124
25940,LOF,0.034327767364216576,0.40442224379520736,0.561249988840576
25941,LOF,0.19717086695417446,0.08369635583583286,0.7191327772099928
25942,LOF,0.01817184292866481,0.028882307477900927,0.9529458495934343
25943,LOF,0.3178757004265385,0.0508789301822303,0.6312453693912311
25944,LOF,0.4742218424395971,0.02446600465682629,0.5013121529035767
25945,LOF,0.0688540544260257,0.02297084805356605,0.9081750975204083
25946,LOF,0.027031779698458578,0.11841578898632567,0.8545524313152157
25947,LOF,0.11324838612686171,0.22350170776508366,0.6632499061080547
25948,LOF,0.4073760761616662,0.012000754649663962,0.5806231691886697
25949,LOF,0.10835201809564106,0.0510969917244305,0.8405509901799284
25950,GOF,0.25449786376114597,0.41803830690182053,0.32746382933703355
25951,LOF,0.25398478488827536,0.2312964398523491,0.5147187752593755
25952,LOF,0.04655053224624752,0.4466796253766525,0.5067698423770999
25953,LOF,0.12497446778263276,0.1308576528902956,0.7441678793270717
25954,Neutral,0.40002261016287627,0.20078154960618516,0.39919584023093846
25955,LOF,0.06202025610802523,0.08323756152770628,0.8547421823642685
25956,LOF,0.16959173991900084,0.1066177816609246,0.7237904784200746
25957,LOF,0.039760475934094826,0.03542732673347367,0.9248121973324315
25958,LOF,0.06260377054835081,0.029131858525158406,0.9082643709264908
25959,LOF,0.07218577251425508,0.3721340376547922,0.5556801898309528
25960,LOF,0.02031256349883998,0.05308125058246965,0.9266061859186903
25961,LOF,0.05114417886292375,0.030160321123091017,0.9186955000139851
25962,LOF,0.05823380531525331,0.031049270217486772,0.91071692446726
25963,LOF,0.04438342862989017,0.18623358963393544,0.7693829817361745
25964,LOF,0.03911286080164491,0.13902049185920617,0.8218666473391489
25965,LOF,0.4234234311679778,0.09207723532742243,0.4844993335045999
25966,LOF,0.4397158365094779,0.10609317709314053,0.4541909863973816
25967,LOF,0.012910321660839259,0.05804457827136295,0.9290451000677977
25968,GOF,0.030584373376019245,0.5047179474451673,0.4646976791788135
25969,LOF,0.02709922219446641,0.0566359680618499,0.9162648097436836
25970,LOF,0.061555994345794264,0.05704605891889715,0.8813979467353086
25971,LOF,0.07446887197623268,0.01610989499775067,0.9094212330260166
25972,LOF,0.07747966329295908,0.020475435488403096,0.9020449012186378
25973,LOF,0.09527002093717915,0.007449317508803708,0.8972806615540171
25974,LOF,0.2055528820641147,0.015910409658829696,0.7785367082770557
25975,LOF,0.05937954241210097,0.025535555722436515,0.9150849018654625
25976,LOF,0.04717135747029108,0.013721290248071305,0.9391073522816376
25977,LOF,0.1482502710408067,0.09389029707593273,0.7578594318832605
25978,LOF,0.14133638595599238,0.04615413156652254,0.812509482477485
25979,LOF,0.1287713713868429,0.04751588938519667,0.8237127392279605
25980,LOF,0.1976008570025375,0.0621927900612252,0.7402063529362373
25981,LOF,0.22992292724025123,0.06060135745519864,0.7094757153045501
25982,LOF,0.38643642789662463,0.04445341535755642,0.569110156745819
25983,LOF,0.3841695548071351,0.04794915579837692,0.5678812893944881
25984,LOF,0.05170513632762243,0.052218012596534844,0.8960768510758427
25985,LOF,0.025052458526998077,0.2386220825695721,0.7363254589034298
25986,LOF,0.0375281622811201,0.25702486979214906,0.7054469679267308
25987,LOF,0.07522235971586429,0.0720490097367819,0.8527286305473538
25988,LOF,0.14379637375887225,0.055393520715060485,0.8008101055260671
25989,LOF,0.028886736145737037,0.1013386535312582,0.8697746103230048
25990,LOF,0.03589547888781661,0.1436851569489777,0.8204193641632056
25991,LOF,0.17574452776330474,0.2653157988861104,0.5589396733505849
25992,LOF,0.357530902873582,0.1374062612563881,0.5050628358700299
25993,LOF,0.02358828318588185,0.06664251462595643,0.9097692021881616
25994,LOF,0.017687662045007078,0.10086091271644791,0.881451425238545
25995,LOF,0.026623793460309728,0.17532194359793113,0.7980542629417591
25996,GOF,0.3207130828375588,0.42255934013745483,0.25672757702498633
25997,LOF,0.10441584595609256,0.4468419399222267,0.4487422141216808
25998,Neutral,0.5001062522238562,0.025510115522860092,0.4743836322532837
25999,LOF,0.11727832132454456,0.11392791411414556,0.7687937645613099
26000,LOF,0.163714888576801,0.028851503943263298,0.8074336074799356
26001,LOF,0.2033718272047966,0.030064533162872206,0.7665636396323312
26002,LOF,0.11929865015022527,0.03257812097432849,0.8481232288754462
26003,GOF,0.011262965755658522,0.5497007510494739,0.43903628319486754
26004,GOF,0.023947306692423172,0.6153655519119907,0.36068714139558616
26005,LOF,0.008999104306333907,0.4255113859561102,0.5654895097375559
26006,Neutral,0.5259725471760929,0.21098479445985563,0.2630426583640514
26007,GOF,0.022083445407649636,0.5044843372125957,0.47343221737975466
26008,GOF,0.02105506779908901,0.5568159560000141,0.4221289762008968
26009,GOF,0.024482590555276344,0.6032142368533493,0.3723031725913744
26010,GOF,0.030836004664883575,0.5747089736449925,0.394455021690124
26011,LOF,0.008198319099424988,0.41156622119135583,0.5802354597092192
26012,GOF,0.01876308791806229,0.5369778425891627,0.44425906949277505
26013,GOF,0.022966240155440246,0.5819368666710174,0.3950968931735423
26014,LOF,0.0399968501514315,0.14178838183402903,0.8182147680145394
26015,LOF,0.20594159649752608,0.008658221050591755,0.7854001824518821
26016,LOF,0.22553055160056687,0.043343900283511615,0.7311255481159216
26017,LOF,0.2465817988108403,0.0685191286687816,0.6848990725203781
26018,LOF,0.10627597588525667,0.0302615431303715,0.8634624809843718
26019,LOF,0.10149596820237292,0.02326692683688517,0.8752371049607419
26020,LOF,0.06711035442551437,0.09647251304521098,0.8364171325292745
26021,LOF,0.04664283870132094,0.1084585269436929,0.8448986343549862
26022,LOF,0.011561676560561203,0.037050987282220955,0.9513873361572177
26023,LOF,0.12313548318026675,0.019388296046792722,0.8574762207729405
26024,LOF,0.028784128629059335,0.111960879231763,0.8592549921391777
26025,LOF,0.17344068738921373,0.0738234889642506,0.7527358236465358
26026,LOF,0.3204155130721444,0.019667323925950556,0.659917163001905
26027,LOF,0.09587230783221637,0.013777650971466528,0.8903500411963171
26028,LOF,0.16201934013342148,0.06743940486035344,0.7705412550062252
26029,LOF,0.07610012988199896,0.1795759023211424,0.7443239677968587
26030,LOF,0.025358765355282288,0.058294100217249414,0.9163471344274682
26031,LOF,0.032257455398804945,0.13343771753722847,0.8343048270639666
26032,LOF,0.06926595002360504,0.06357616618472474,0.8671578837916702
26033,LOF,0.11948448015847131,0.08032886187934604,0.8001866579621826
26034,LOF,0.05053189353369291,0.1471786947732387,0.8022894116930683
26035,LOF,0.03040016158244943,0.13482272773970932,0.8347771106778412
26036,LOF,0.04454361847090322,0.16729948636660286,0.788156895162494
26037,LOF,0.024803566427628154,0.11261965689953947,0.8625767766728324
26038,LOF,0.06342180363711004,0.06781778102420077,0.8687604153386892
26039,LOF,0.05682303259680965,0.14054585056579685,0.8026311168373934
26040,LOF,0.19309517493759884,0.14302937693715473,0.6638754481252463
26041,LOF,0.02539897421479612,0.10706352097485794,0.867537504810346
26042,LOF,0.02549301658045912,0.10346280102461793,0.8710441823949231
26043,LOF,0.0627708882133452,0.08483707138945207,0.8523920403972027
26044,LOF,0.021867955506501616,0.07684790063125367,0.9012841438622446
26045,LOF,0.07920721639858927,0.09580224725344459,0.8249905363479662
26046,LOF,0.06442035533396417,0.08199347267625907,0.8535861719897767
26047,LOF,0.09027607994181415,0.08544526945038332,0.8242786506078026
26048,LOF,0.051447594930582714,0.056330716785325675,0.8922216882840915
26049,Neutral,0.9594355067395492,0.008782625454855123,0.03178186780559561
26050,Neutral,0.9429729377387643,0.01127842793109493,0.045748634330140585
26051,LOF,0.0432922771426162,0.2828559200592258,0.673851802798158
26052,LOF,0.06341652806283138,0.30085146984583805,0.6357320020913306
26053,LOF,0.05598784646058075,0.11549780806031215,0.8285143454791071
26054,LOF,0.05715718271044403,0.017808880016115906,0.9250339372734401
26055,LOF,0.07019064951599079,0.015702225659939763,0.9141071248240694
26056,LOF,0.058486532173440825,0.01642109576628051,0.9250923720602787
26057,LOF,0.03269516299989364,0.011022400521552431,0.9562824364785539
26058,LOF,0.033965188506766296,0.008641556692373183,0.9573932548008606
26059,LOF,0.3001951010610298,0.023622912083168145,0.6761819868558021
26060,LOF,0.03082595757604431,0.1646925909785982,0.8044814514453574
26061,LOF,0.018423371370432744,0.011073846247043455,0.9705027823825239
26062,LOF,0.011442218264052152,0.020409227424375138,0.9681485543115727
26063,LOF,0.023703955249159414,0.01254188436571423,0.9637541603851263
26064,LOF,0.02350799502684173,0.019062650449382643,0.9574293545237756
26065,LOF,0.025724683317367575,0.01172529887027441,0.962550017812358
26066,LOF,0.021265054202033586,0.011073424957979885,0.9676615208399865
26067,LOF,0.02798534110433706,0.008516962973585965,0.963497695922077
26068,LOF,0.04875103226866723,0.029985628807151377,0.9212633389241814
26069,LOF,0.26439329846729287,0.018004634523159178,0.717602067009548
26070,LOF,0.38864855120370395,0.015414463237847887,0.5959369855584482
26071,LOF,0.02493544768571127,0.012509964305730013,0.9625545880085588
26072,LOF,0.021366243057531497,0.017719812738152745,0.9609139442043159
26073,LOF,0.0256128631958592,0.010665125854256302,0.9637220109498845
26074,Neutral,0.8953960544275976,0.005622033109998748,0.09898191246240348
26075,LOF,0.04502789706840307,0.014526560174314173,0.9404455427572828
26076,LOF,0.04750855834884319,0.008522891416730152,0.9439685502344267
26077,LOF,0.009202026183210142,0.02008801342056599,0.9707099603962239
26078,LOF,0.013900723333219085,0.01081444132724373,0.975284835339537
26079,LOF,0.06162547410119226,0.016804979749474848,0.9215695461493328
26080,LOF,0.060634304337520116,0.016827810377518557,0.9225378852849613
26081,LOF,0.04054901622762982,0.006044320742798452,0.9534066630295717
26082,LOF,0.016308964482001673,0.01457398299694406,0.9691170525210542
26083,LOF,0.13705830791484358,0.012096556668447634,0.8508451354167088
26084,LOF,0.027849813253808718,0.011900766951076981,0.9602494197951144
26085,LOF,0.023245123242244297,0.011189340866291426,0.9655655358914643
26086,LOF,0.02503785946329661,0.011546972398792087,0.9634151681379114
26087,LOF,0.029137028407220805,0.0081010385976243,0.9627619329951549
26088,LOF,0.015792498422457567,0.026714564610423396,0.957492936967119
26089,LOF,0.047464389271698486,0.02205588362455528,0.9304797271037463
26090,LOF,0.04512404067952511,0.0172137009583033,0.9376622583621715
26091,LOF,0.040071918034996254,0.006136362210775605,0.953791719754228
26092,LOF,0.02755469595840224,0.008089047793044668,0.964356256248553
26093,LOF,0.04158011906631394,0.005736139915322632,0.9526837410183634
26094,LOF,0.04459078273730935,0.0060134212003900385,0.9493957960623006
26095,LOF,0.04755170352137453,0.013633156709546295,0.9388151397690792
26096,LOF,0.020145240847460163,0.01128317522196295,0.9685715839305769
26097,LOF,0.012255563109265186,0.03351716264672953,0.9542272742440053
26098,LOF,0.07118879574368102,0.010133372835866909,0.918677831420452
26099,LOF,0.024766737643732314,0.01203763219360123,0.9631956301626664
26100,LOF,0.027192934822427205,0.011494452813062894,0.9613126123645099
26101,LOF,0.05804395749894744,0.011676395410489464,0.9302796470905631
26102,LOF,0.027005442163395187,0.01395632938677505,0.9590382284498298
26103,Neutral,0.8900339480832193,0.017465513326658594,0.09250053859012206
26104,LOF,0.08129832573056293,0.025091488676390265,0.8936101855930468
26105,LOF,0.20462249811105376,0.2770635178192322,0.518313984069714
26106,LOF,0.22522407625713983,0.12739147315693428,0.6473844505859258
26107,LOF,0.25167964253899083,0.08329520644837635,0.6650251510126329
26108,LOF,0.2347299722096826,0.13820024592587615,0.6270697818644413
26109,LOF,0.08613448491442494,0.08139737420604057,0.8324681408795345
26110,LOF,0.24504569612052104,0.007092668952453483,0.7478616349270254
26111,Neutral,0.5140705047543218,0.016275770773736382,0.4696537244719419
26112,LOF,0.03443079742520397,0.007550134169585765,0.9580190684052102
26113,LOF,0.059006202792778926,0.014315864734486556,0.9266779324727346
26114,LOF,0.03142581872415006,0.024567552563817287,0.9440066287120326
26115,LOF,0.10369564106206454,0.06424979587966775,0.8320545630582676
26116,LOF,0.06913236392200504,0.0557596626079055,0.8751079734700895
26117,LOF,0.43596290196856347,0.05456536566050107,0.5094717323709355
26118,LOF,0.03787429872206207,0.026470017042620985,0.9356556842353169
26119,LOF,0.022874050525769022,0.03720446464489553,0.9399214848293355
26120,LOF,0.02999797552162516,0.02837255575511778,0.941629468723257
26121,LOF,0.04805732868841782,0.09766747081861897,0.8542752004929632
26122,LOF,0.03950136963500903,0.04445584131753064,0.9160427890474603
