feature0,prediction,LoGoFunc_Neutral,LoGoFunc_GOF,LoGoFunc_LOF
25546,Neutral,0.5820268377011304,0.0471472559267024,0.3708259063721671
25547,Neutral,0.48550577229314396,0.07084727607258713,0.4436469516342687
25548,Neutral,0.4839904505988507,0.06625829810129967,0.4497512512998495
25549,LOF,0.4267110752199164,0.06673060783083545,0.5065583169492481
25550,LOF,0.3726682690642126,0.07684223389895121,0.5504894970368361
25551,LOF,0.3274022077263328,0.07899443991633666,0.5936033523573306
25552,LOF,0.2933615949390668,0.08857233012849096,0.6180660749324423
25553,Neutral,0.7731043188327453,0.04405682014244195,0.18283886102481273
25554,LOF,0.3190769129735623,0.07974615908742345,0.6011769279390143
25555,LOF,0.27220919306094227,0.08107655499178444,0.6467142519472733
25556,LOF,0.4253365020757151,0.07255793814361051,0.5021055597806743
25557,LOF,0.2506514656982655,0.08026808004309503,0.6690804542586394
25558,LOF,0.3092478968572945,0.07602036775189196,0.6147317353908136
25559,LOF,0.2788917836805967,0.025960925563579578,0.6951472907558237
25560,LOF,0.09380462349804156,0.16484208811186557,0.7413532883900928
25561,LOF,0.07778718028137267,0.2546060149009424,0.667606804817685
25562,LOF,0.03279412945928601,0.10278902802553588,0.8644168425151781
25563,LOF,0.006735970945983764,0.2040178713194253,0.789246157734591
25564,LOF,0.06936059278247257,0.12240028204156467,0.8082391251759627
25565,LOF,0.18274013533111352,0.14214027874448987,0.6751195859243967
25566,GOF,0.0704528258183364,0.819497389000635,0.11004978518102855
25567,LOF,0.046554608055969414,0.19976679319011675,0.7536785987539137
25568,LOF,0.06538890232886026,0.12406825782087039,0.8105428398502694
25569,LOF,0.0661330809507387,0.11552357630807213,0.8183433427411893
25570,LOF,0.02537847265558865,0.170934251613224,0.8036872757311873
25571,LOF,0.02504328098971371,0.18044558076107048,0.7945111382492158
25572,LOF,0.05239914137554288,0.25164950743984343,0.6959513511846136
25573,LOF,0.06834353175105261,0.17504279982154974,0.7566136684273976
25574,LOF,0.08470025241952367,0.26343430097246795,0.6518654466080084
25575,LOF,0.0242594411298491,0.18611979072187776,0.7896207681482731
25576,LOF,0.02262970256266084,0.2958047484782949,0.6815655489590442
25577,LOF,0.025349246972957862,0.23353965495085088,0.7411110980761912
25578,LOF,0.29937963151424857,0.11544330725968747,0.5851770612260639
25579,LOF,0.2137929131521364,0.11508750262946404,0.6711195842183996
25580,LOF,0.022798747119291293,0.11434703008300716,0.8628542227977015
25581,LOF,0.04645031252558335,0.1353204997412566,0.81822918773316
25582,LOF,0.046192105057927896,0.13244518171786307,0.8213627132242091
25583,LOF,0.033269846674755084,0.12953573401346835,0.8371944193117766
25584,Neutral,0.6888978679084063,0.14636422744284916,0.1647379046487444
25585,LOF,0.02427729298674468,0.23766696785040972,0.7380557391628455
25586,LOF,0.02158320041876834,0.1483270404233926,0.830089759157839
25587,LOF,0.02078732237613224,0.1505494459392705,0.8286632316845973
25588,LOF,0.02652536750982678,0.1193059306581892,0.854168701831984
25589,Neutral,0.5683199478649731,0.23079509289207356,0.20088495924295338
25590,LOF,0.05261140024989637,0.1773378323227756,0.770050767427328
25591,LOF,0.1037468448838256,0.10894656838602895,0.7873065867301453
25592,LOF,0.07790887632255833,0.2357073171751094,0.6863838065023322
25593,LOF,0.1263665384903206,0.3669592208207751,0.5066742406889043
25594,LOF,0.04239327850479108,0.04216505569144005,0.915441665803769
25595,LOF,0.04358415577803326,0.024018523951965964,0.9323973202700008
25596,LOF,0.10935811113885929,0.015528502344742524,0.8751133865163981
25597,LOF,0.08521376470286277,0.015152706668713713,0.8996335286284235
25598,LOF,0.04548037087537616,0.024849759187849502,0.9296698699367745
25599,LOF,0.031787198211413306,0.3571885455140775,0.6110242562745091
25600,LOF,0.18530928772033609,0.32926693783987526,0.48542377443978874
25601,LOF,0.05104521532038526,0.2849451864069829,0.664009598272632
25602,LOF,0.02979870061447195,0.07224387859105959,0.8979574207944685
25603,LOF,0.054340945038425445,0.08339585492153899,0.8622632000400356
25604,LOF,0.050866742873469144,0.14722214756159435,0.8019111095649366
25605,LOF,0.04527248657838472,0.20825598387262445,0.7464715295489908
25606,Neutral,0.3750044522709194,0.28885564137202185,0.3361399063570587
25607,LOF,0.027925886596183638,0.2563859326631602,0.7156881807406562
25608,LOF,0.045870034834577966,0.08023389723196747,0.8738960679334545
25609,GOF,0.19766408423900525,0.5046255495242677,0.2977103662367271
25610,LOF,0.02329526670819372,0.08982345522434831,0.8868812780674581
25611,LOF,0.01611898942075067,0.09629706321611003,0.8875839473631393
25612,LOF,0.06781484602164688,0.10125824290655555,0.8309269110717976
25613,LOF,0.05760876691902835,0.10638843680916034,0.8360027962718113
25614,LOF,0.026234770809641955,0.08518368976452789,0.8885815394258303
25615,LOF,0.06091589549004577,0.07335360496645482,0.8657304995434995
25616,LOF,0.06742015386976456,0.09508357352518833,0.8374962726050471
25617,LOF,0.05193782433791185,0.09776659858244993,0.8502955770796383
25618,LOF,0.06272976832973148,0.1779454688767785,0.75932476279349
25619,LOF,0.01565610340293892,0.12782140191903102,0.8565224946780301
25620,LOF,0.05026521882208044,0.10110845772497706,0.8486263234529425
25621,LOF,0.08162306878905332,0.09090291066410686,0.8274740205468399
25622,LOF,0.08778218942352888,0.10902323006513555,0.8031945805113356
25623,LOF,0.07299830246894072,0.09201207212073524,0.8349896254103241
25624,LOF,0.02429194759047793,0.08392011999555382,0.8917879324139681
25625,LOF,0.07788115659761971,0.09718654591499438,0.824932297487386
25626,LOF,0.06144339605751025,0.09895064022936306,0.8396059637131267
25627,Neutral,0.8851814552048765,0.020511182378438533,0.09430736241668507
25628,LOF,0.19472926577755206,0.04800014865683824,0.7572705855656097
25629,LOF,0.06773631797945193,0.0629514885947761,0.8693121934257719
25630,LOF,0.31829620869391617,0.06065911629945068,0.6210446750066332
25631,Neutral,0.5038646513022368,0.04181898419760639,0.4543163645001568
25632,LOF,0.030246020290439112,0.14733064317160421,0.8224233365379566
25633,LOF,0.19458773052279474,0.08902102508578263,0.7163912443914227
25634,LOF,0.04270617911778231,0.14647853451504408,0.8108152863671736
25635,LOF,0.03399758386403945,0.0689820281012187,0.8970203880347417
25636,GOF,0.036986101437994724,0.5546412269291835,0.4083726716328217
25637,GOF,0.03667032569632542,0.5662313301431277,0.3970983441605469
25638,LOF,0.019834059336612656,0.4789256166992994,0.501240323964088
25639,LOF,0.02865786091189242,0.44038124774393456,0.530960891344173
25640,Neutral,0.7806057126303114,0.16614438502679008,0.053249902342898565
25641,LOF,0.10492296436262251,0.3161054906573167,0.5789715449800608
25642,LOF,0.08651713702338602,0.19548498893578192,0.717997874040832
25643,LOF,0.3116343569152277,0.11659158833780102,0.5717740547469713
25644,GOF,0.010075554946676052,0.6410007323349513,0.3489237127183727
25645,GOF,0.011605400792788035,0.6087174216731343,0.37967717753407776
25646,LOF,0.01863882614708966,0.3828752148727485,0.5984859589801618
25647,LOF,0.009381795375489074,0.29972326450159553,0.6908949401229153
25648,LOF,0.012632758538198442,0.3656452826642638,0.6217219587975377
25649,LOF,0.008207842866757672,0.28928571532289343,0.7025064418103489
25650,GOF,0.039112678570769874,0.5490351221470661,0.41185219928216404
25651,LOF,0.01123366720864195,0.39048086775070867,0.5982854650406495
25652,LOF,0.01069900186265216,0.42240068058146124,0.5669003175558867
25653,GOF,0.04428497869832202,0.5673793623819505,0.3883356589197275
25654,LOF,0.012607122315452381,0.31933135066164825,0.6680615270228993
25655,GOF,0.1345030329338898,0.5981324914936945,0.2673644755724157
25656,LOF,0.21234854620694124,0.07327336108710404,0.7143780927059546
25657,LOF,0.031879200193305764,0.07000352789099472,0.8981172719156995
25658,LOF,0.2563713777598857,0.09507402042926424,0.64855460181085
25659,LOF,0.4029967966842419,0.10971468397680409,0.4872885193389542
25660,LOF,0.024040955661426534,0.12354470822687087,0.8524143361117025
25661,LOF,0.06751477447264669,0.0778999415583584,0.854585283968995
25662,LOF,0.028010402006900973,0.04950924305684781,0.9224803549362511
25663,LOF,0.030901433112326522,0.04425645165629673,0.9248421152313768
25664,LOF,0.09040916951521481,0.07486378234550065,0.8347270481392846
25665,LOF,0.05227984978167491,0.03766823932334069,0.9100519108949845
25666,LOF,0.06790298042817064,0.05464848054110941,0.87744853903072
25667,LOF,0.06028127137484581,0.05095809980519908,0.8887606288199551
25668,LOF,0.02869380114754768,0.06270441186548631,0.9086017869869659
25669,LOF,0.02031796772647517,0.05704924836438397,0.9226327839091408
25670,LOF,0.1191213647847687,0.05106935340367892,0.8298092818115523
25671,LOF,0.08877360262414888,0.04856697139166584,0.8626594259841852
25672,LOF,0.045839031967694635,0.059472210494591476,0.8946887575377138
25673,LOF,0.08218866535291605,0.04703503157666738,0.8707763030704165
25674,LOF,0.07999426745640908,0.06604575847593204,0.8539599740676589
25675,LOF,0.07369357249037747,0.06830873015851718,0.8579976973511053
25676,LOF,0.016510836019273563,0.07443500847648964,0.9090541555042367
25677,LOF,0.01577004180117862,0.08866438278635906,0.8955655754124623
25678,LOF,0.17634775616296347,0.08570381451052372,0.7379484293265128
25679,LOF,0.11670528158523423,0.09665831718216462,0.7866364012326013
25680,LOF,0.019756480240503378,0.1288749135375412,0.8513686062219553
25681,LOF,0.0341903125279361,0.11577294456679103,0.8500367429052729
25682,LOF,0.1096019754178302,0.08171608955475841,0.8086819350274114
25683,LOF,0.0931908816274714,0.0924013459826467,0.8144077723898819
25684,LOF,0.02691017083873254,0.07800478842036057,0.8950850407409069
25685,LOF,0.10506924801322626,0.1045381704474715,0.7903925815393024
25686,LOF,0.06179646695668534,0.21244955277151215,0.7257539802718025
25687,LOF,0.10248843491596485,0.18452826582964074,0.7129832992543944
25688,LOF,0.470146940969287,0.022519105358014102,0.5073339536726988
25689,LOF,0.2779227569892083,0.030634787259857257,0.6914424557509344
25690,LOF,0.37557204019755397,0.02174151133886888,0.6026864484635771
25691,Neutral,0.7411106624142929,0.01988186607543155,0.23900747151027557
25692,LOF,0.373859536916081,0.01026079091083286,0.6158796721730861
25693,GOF,0.040392412581094,0.555535586430601,0.404072000988305
25694,LOF,0.10400772145178667,0.01928587773312522,0.8767064008150882
25695,LOF,0.10339069672519856,0.008757820116171504,0.88785148315863
25696,LOF,0.09701340950642798,0.01775539043837131,0.8852312000552006
25697,LOF,0.04837767505799846,0.08912615947263085,0.8624961654693707
25698,LOF,0.2843952138228274,0.16650575964703995,0.5490990265301327
25699,LOF,0.34934680530553747,0.04614286261588894,0.6045103320785736
25700,LOF,0.05591233115628209,0.011933698504481638,0.9321539703392364
25701,LOF,0.1679178494144784,0.04159038588406735,0.7904917647014542
25702,GOF,0.19631559539003735,0.6363465786635687,0.16733782594639396
25703,LOF,0.018028839300331938,0.1818663529253814,0.8001048077742867
25704,LOF,0.03657547482141313,0.14996904150058538,0.8134554836780016
25705,LOF,0.033457740257826274,0.0788769744343735,0.8876652853078002
25706,GOF,0.10127811485318963,0.5331377891529072,0.3655840959939032
25707,LOF,0.09563920864091861,0.40560449649992525,0.4987562948591563
25708,LOF,0.03632705671958618,0.41858866351251245,0.5450842797679013
25709,LOF,0.0799721187124712,0.045349306136826875,0.8746785751507019
25710,LOF,0.016351966109066404,0.149924477608102,0.8337235562828316
25711,LOF,0.019666465071466747,0.08777867335155908,0.8925548615769742
25712,LOF,0.01797432584064343,0.173534530450484,0.8084911437088727
25713,LOF,0.018609456336880915,0.06706945049020095,0.9143210931729182
25714,LOF,0.08007082147448592,0.06046362772345427,0.8594655508020599
25715,LOF,0.011816155683477544,0.11176711538393239,0.8764167289325901
25716,LOF,0.01285374497579491,0.11507115311654179,0.8720751019076634
25717,LOF,0.019036805675431624,0.07366450801310596,0.9072986863114624
25718,LOF,0.0114590216406067,0.05275737113460096,0.9357836072247923
25719,LOF,0.02477185195935711,0.08895641578933909,0.8862717322513037
25720,LOF,0.03076774555960115,0.04863233165330141,0.9205999227870973
25721,LOF,0.012002137679285953,0.08095511357099244,0.9070427487497216
25722,LOF,0.01412980067409343,0.06823049310509034,0.9176397062208161
25723,LOF,0.025918821735319897,0.05115086897161972,0.9229303092930604
25724,LOF,0.03562190350051662,0.09312130947521613,0.8712567870242672
25725,LOF,0.011344030170004632,0.08133440352443837,0.9073215663055569
25726,LOF,0.018040727637788277,0.1169287064426459,0.8650305659195657
25727,LOF,0.01489393712302662,0.07198904122206987,0.9131170216549036
25728,LOF,0.010906274220994067,0.09311964622043438,0.8959740795585716
25729,LOF,0.01115527095593872,0.09049721069206065,0.8983475183520007
25730,LOF,0.015316492324808077,0.09267773963367998,0.892005768041512
25731,LOF,0.018769589309653348,0.11493163553850934,0.8662987751518374
25732,LOF,0.014593971563590078,0.04713301201401822,0.9382730164223918
25733,LOF,0.015723835542961723,0.06489632856272111,0.9193798358943172
25734,LOF,0.013811810352378894,0.13617462840586614,0.850013561241755
25735,LOF,0.011284075736759136,0.06238215800152234,0.9263337662617185
25736,LOF,0.012958788795185031,0.06106452198110693,0.925976689223708
25737,LOF,0.013689213316007294,0.09070857000036867,0.895602216683624
25738,LOF,0.01270819416727153,0.08626117952800906,0.9010306263047194
25739,LOF,0.020105695551037604,0.0765696822698463,0.903324622179116
25740,LOF,0.03280160283172727,0.09286916896625849,0.8743292282020141
25741,LOF,0.014811624650160981,0.09778212854356295,0.8874062468062761
25742,LOF,0.11635229020642417,0.07021084913255403,0.8134368606610217
25743,LOF,0.042894888728094556,0.05762241571512208,0.8994826955567834
25744,Neutral,0.6016946934479674,0.2439266935217714,0.15437861303026126
25745,LOF,0.06989691729846574,0.07325636347094189,0.8568467192305923
25746,LOF,0.04580972063070968,0.11442440421965455,0.8397658751496357
25747,LOF,0.01902977830851053,0.1217443525367471,0.8592258691547424
25748,LOF,0.11302672407230875,0.1753626732594522,0.711610602668239
25749,LOF,0.027853426523752414,0.09391068458776596,0.8782358888884817
25750,LOF,0.07545620411641143,0.10658970842611803,0.8179540874574706
25751,LOF,0.12146031034842185,0.15508482637292337,0.7234548632786547
25752,GOF,0.11656843069844999,0.6637790926542334,0.2196524766473166
25753,LOF,0.03518768671315825,0.3481100946240333,0.6167022186628084
25754,GOF,0.023363825484516945,0.7718514343808243,0.2047847401346588
25755,LOF,0.031434322246448355,0.34227179581250483,0.6262938819410468
25756,LOF,0.06157567942273241,0.41538612480390946,0.5230381957733582
25757,GOF,0.018886327077293343,0.8424305662384309,0.13868310668427578
25758,GOF,0.03150158778018096,0.7470508110574888,0.22144760116233028
25759,GOF,0.014913486319374775,0.6634045364056537,0.3216819772749716
25760,LOF,0.01729326617195284,0.44766416779839024,0.5350425660296569
25761,GOF,0.2847363484824665,0.6124041579808789,0.10285949353665454
25762,LOF,0.04843996300114145,0.3967977927239288,0.5547622442749298
25763,LOF,0.014930209664595597,0.30756878710456237,0.6775010032308421
25764,GOF,0.056880319477801186,0.6950946809499926,0.24802499957220622
25765,GOF,0.038057930923095784,0.7785746968874263,0.18336737218947782
25766,GOF,0.09105567961999092,0.723161520983688,0.18578279939632097
25767,GOF,0.14250714148600716,0.4744718812598814,0.38302097725411155
25768,LOF,0.10327332039179302,0.040720388281351494,0.8560062913268554
25769,LOF,0.057435017234851136,0.07746626773774093,0.8650987150274079
25770,LOF,0.3808559023297289,0.11118138221652034,0.5079627154537507
25771,LOF,0.06657561082085649,0.05699493361092218,0.8764294555682214
25772,LOF,0.019563639206901462,0.05596985498518028,0.9244665058079182
25773,LOF,0.0713160525284778,0.060926393979497145,0.867757553492025
25774,LOF,0.028248108977037036,0.13543366458146244,0.8363182264415004
25775,LOF,0.08146363745031279,0.0572806508143101,0.8612557117353772
25776,LOF,0.07489120670350352,0.03647441802916301,0.8886343752673335
25777,Neutral,0.5241183772589769,0.080809137124451,0.395072485616572
25778,LOF,0.0730215394770218,0.053022218360226386,0.8739562421627518
25779,GOF,0.4143636203829257,0.5437003563331044,0.041936023283969844
25780,GOF,0.3388763304126387,0.5812269509005471,0.07989671868681425
25781,GOF,0.12254601315645187,0.7637749578285215,0.1136790290150268
25782,GOF,0.17703322624570225,0.72898496819449,0.0939818055598078
25783,GOF,0.022696767545270502,0.709680222397134,0.2676230100575954
25784,Neutral,0.5268040165557938,0.42039329879311865,0.05280268465108758
25785,Neutral,0.5030600887466616,0.43444946655229383,0.06249044470104447
25786,GOF,0.02659513968102026,0.7273155527946285,0.24608930752435135
25787,Neutral,0.688234459502678,0.27253309342618487,0.03923244707113706
25788,LOF,0.06129624754984647,0.08547288685270585,0.8532308655974477
25789,GOF,0.20713726206429803,0.6858056300405155,0.10705710789518652
25790,GOF,0.2656219532596085,0.6061167471202255,0.1282612996201661
25791,GOF,0.12366945426433767,0.6595899711546647,0.21674057458099769
25792,GOF,0.33743724494807986,0.4968763107029393,0.16568644434898083
25793,GOF,0.2322925471831897,0.4944346042029406,0.2732728486138696
25794,GOF,0.31614863077577104,0.4793191677449674,0.20453220147926138
25795,GOF,0.06333210915962356,0.6660380452318706,0.2706298456085059
25796,Neutral,0.47665942024792574,0.4266782804991087,0.09666229925296546
25797,GOF,0.0830669944109038,0.5351069569102404,0.3818260486788559
25798,GOF,0.010861326828031884,0.5706809416501946,0.4184577315217735
25799,GOF,0.009569960117032155,0.5271982108411304,0.46323182904183735
25800,GOF,0.03846572537411952,0.6758442831292115,0.285689991496669
25801,GOF,0.23513132439344064,0.6566579808438551,0.10821069476270428
25802,GOF,0.06771612032808992,0.6748897149220879,0.25739416474982213
25803,GOF,0.04867879269685396,0.5817640025995421,0.3695572047036038
25804,GOF,0.04019238907461729,0.5338954999093377,0.4259121110160451
25805,GOF,0.09775947172950163,0.5714232923441673,0.330817235926331
25806,GOF,0.1448105008277271,0.5846309157860113,0.2705585833862616
25807,GOF,0.018958039703582296,0.6000288569116949,0.38101310338472283
25808,GOF,0.10196991632549122,0.5823006732984161,0.3157294103760928
25809,GOF,0.019659459456541583,0.5801066132181688,0.4002339273252897
25810,GOF,0.020503160941662435,0.5757534673690273,0.4037433716893102
25811,Neutral,0.4724323225287035,0.45188485586272537,0.07568282160857114
25812,GOF,0.039529016455236744,0.6203909596434326,0.3400800239013307
25813,Neutral,0.5607216804590845,0.3045194406757434,0.1347588788651722
25814,GOF,0.12424810727968495,0.596052970375258,0.27969892234505717
25815,GOF,0.25621639407129965,0.5453773662667849,0.19840623966191548
25816,GOF,0.01961122884031117,0.6552829219331947,0.32510584922649416
25817,GOF,0.17911863704569456,0.6669744232431875,0.15390693971111805
25818,GOF,0.03808989939391804,0.6215554205901731,0.34035468001590885
25819,GOF,0.36943231676862825,0.47106883939945154,0.15949884383192012
25820,GOF,0.20484794679566826,0.5799700157582766,0.21518203744605524
25821,GOF,0.06588006637769431,0.6711667237078944,0.2629532099144113
25822,GOF,0.25497910493855147,0.5304814070748212,0.21453948798662745
25823,GOF,0.03959960639581037,0.525124426441745,0.4352759671624447
25824,GOF,0.09701552115515108,0.5270183986956678,0.3759660801491812
25825,GOF,0.036300555118833656,0.541556004669411,0.42214344021175526
25826,GOF,0.012356106883312007,0.5245968586145987,0.46304703450208945
25827,GOF,0.020265969309398755,0.5583248121069301,0.4214092185836712
25828,LOF,0.013717470024126642,0.48201024143939675,0.5042722885364767
25829,GOF,0.008634359327873407,0.5752548169062898,0.41611082376583697
25830,LOF,0.04292209182895545,0.26637328806147675,0.6907046201095678
25831,GOF,0.12917743706403123,0.7275541714043204,0.1432683915316484
25832,GOF,0.035015425211861684,0.7101667706095687,0.2548178041785696
25833,GOF,0.11505721031716382,0.6931161327063322,0.19182665697650397
25834,GOF,0.043509032136360634,0.7002007884592434,0.2562901794043959
25835,GOF,0.09661565290036249,0.6462642630455523,0.25712008405408526
25836,GOF,0.047426753877748064,0.6899705110668451,0.26260273505540677
25837,GOF,0.026768997131881116,0.5711350469455572,0.4020959559225616
25838,GOF,0.09818835170866558,0.7128961487209287,0.18891549957040582
25839,GOF,0.28209680353569183,0.5285885095932773,0.18931468687103095
25840,GOF,0.2061728306441376,0.5939140166692145,0.19991315268664786
25841,GOF,0.24203725859906833,0.5713369493773403,0.18662579202359136
25842,GOF,0.16031611875147272,0.6468694843191081,0.1928143969294193
25843,GOF,0.23324492340526143,0.6269686675646621,0.13978640903007641
25844,GOF,0.06672046406462408,0.6796193483988702,0.2536601875365058
25845,GOF,0.016100512218835305,0.5601777111231865,0.4237217766579782
25846,GOF,0.0951838244130277,0.7107128235037079,0.19410335208326449
25847,GOF,0.11057172221410039,0.7076968522664789,0.18173142551942076
25848,GOF,0.04442225120905394,0.6835192071465395,0.2720585416444067
25849,GOF,0.013357640105410079,0.5875895126114409,0.3990528472831491
25850,GOF,0.026839684828371086,0.6504399884165007,0.3227203267551282
25851,GOF,0.023444777316831672,0.5606595810166749,0.4158956416664934
25852,GOF,0.13020680837448187,0.5794000195329443,0.29039317209257387
25853,GOF,0.307359197436771,0.5983405288309692,0.09430027373225974
25854,GOF,0.021109679787302632,0.7323785812568943,0.24651173895580308
25855,GOF,0.04749896603367251,0.6533075493395235,0.29919348462680395
25856,GOF,0.24736374171343342,0.5786485730065248,0.17398768528004185
25857,GOF,0.04050653483201011,0.6012916970680128,0.3582017680999771
25858,GOF,0.020526138905334314,0.6671066986710924,0.3123671624235732
25859,GOF,0.010687589990114633,0.6559984565373094,0.3333139534725761
25860,GOF,0.29028618833995967,0.6132267238512518,0.09648708780878859
25861,GOF,0.31709819470553935,0.5962998411055522,0.08660196418890842
25862,GOF,0.06323020607327388,0.7827454518803663,0.15402434204636
25863,GOF,0.06912309734251945,0.7913538235554396,0.1395230791020409
25864,GOF,0.12688190212170733,0.7732236383013436,0.0998944595769491
25865,GOF,0.06616649677795979,0.7886542361682873,0.14517926705375286
25866,GOF,0.05744432711521426,0.8215258844062682,0.1210297884785175
25867,GOF,0.07379600766660935,0.8193423765977077,0.10686161573568287
25868,GOF,0.20788928972860657,0.6738609114533963,0.11824979881799717
25869,Neutral,0.6442483065717506,0.30539637132212993,0.05035532210611949
25870,LOF,0.26094061979164285,0.27654944889388305,0.46250993131447427
25871,GOF,0.17987559118807508,0.6569218530950509,0.16320255571687406
25872,GOF,0.08098052843027255,0.6147823258192042,0.30423714575052324
25873,GOF,0.13546885120858795,0.6125465861960827,0.25198456259532936
25874,LOF,0.024284752483171877,0.09273420467810489,0.8829810428387231
25875,LOF,0.058727807437737714,0.13530975109019122,0.8059624414720711
25876,LOF,0.022802880222966393,0.08268204377480577,0.8945150760022278
25877,Neutral,0.43902195890970386,0.1287513456952696,0.43222669539502645
25878,LOF,0.15567389255395825,0.20581095709540165,0.6385151503506401
25879,LOF,0.08821126417032088,0.25454529278440047,0.6572434430452786
25880,LOF,0.021878584551492188,0.03804763520728425,0.9400737802412236
25881,LOF,0.1743335311884382,0.26420242165813285,0.561464047153429
25882,LOF,0.067997604253974,0.03168860824573835,0.9003137875002876
25883,LOF,0.08381501017445621,0.05450927387904848,0.8616757159464953
25884,LOF,0.04095247248024044,0.056928348899789004,0.9021191786199706
25885,LOF,0.05759509515344195,0.03245967991238463,0.9099452249341734
25886,LOF,0.35025547465637447,0.13016787715205252,0.519576648191573
25887,LOF,0.16549047778202536,0.21893266317115206,0.6155768590468227
25888,LOF,0.07322626849021141,0.12992004962105283,0.7968536818887357
25889,LOF,0.037390656970325724,0.0602012459707481,0.9024080970589262
25890,LOF,0.08019696605184795,0.12234543806430996,0.7974575958838421
25891,LOF,0.07313287057074988,0.05674049685365473,0.8701266325755954
25892,LOF,0.10148587921076381,0.028302869759738905,0.8702112510294974
25893,LOF,0.3505984303138191,0.02008043495761436,0.6293211347285665
25894,LOF,0.1904842852940757,0.00905482355614245,0.8004608911497818
25895,LOF,0.2480258824456163,0.016529560297421236,0.7354445572569623
25896,LOF,0.04962312719199906,0.018732631893178423,0.9316442409148226
25897,LOF,0.2772327330202599,0.023005257503301534,0.6997620094764385
25898,Neutral,0.7950873100878418,0.015143473860913722,0.18976921605124442
25899,LOF,0.2675535949592546,0.05444695638540841,0.677999448655337
25900,Neutral,0.6419952884280571,0.0133205298648743,0.3446841817070686
25901,LOF,0.052056309433606306,0.013379715095098678,0.934563975471295
25902,LOF,0.19481286558734107,0.01402136273876135,0.7911657716738976
25903,Neutral,0.6461579769211924,0.03951073188243881,0.3143312911963689
25904,LOF,0.2692114906274257,0.04262399673414874,0.6881645126384256
25905,LOF,0.036543890314691,0.36167241361208097,0.6017836960732281
25906,LOF,0.026298685244528178,0.06391042748823454,0.9097908872672372
25907,LOF,0.01385658354162315,0.37702128853800393,0.6091221279203728
25908,LOF,0.015058156469672032,0.25572116064823197,0.729220682882096
25909,LOF,0.01693638419601987,0.10314071338761116,0.8799229024163691
25910,LOF,0.029632130831406592,0.3428689635017223,0.6274989056668712
25911,LOF,0.08353758285909893,0.06497704440637087,0.8514853727345303
25912,LOF,0.0382911590496572,0.10724289059771039,0.8544659503526325
25913,LOF,0.2605300958453182,0.04993627300540368,0.6895336311492781
25914,LOF,0.019262350230858084,0.10543325930557816,0.8753043904635637
25915,GOF,0.3414542991218709,0.3430747591867464,0.3154709416913827
25916,LOF,0.024565477542005897,0.48721072107015023,0.48822380138784377
25917,LOF,0.04296450560000977,0.05709488761561635,0.8999406067843738
25918,LOF,0.02366909411937797,0.06333677258265663,0.9129941332979653
25919,LOF,0.021228924792923144,0.0691501468704696,0.9096209283366072
25920,GOF,0.11557216526710405,0.51287451261814,0.371553322114756
25921,LOF,0.03401725974043715,0.021532296523410585,0.9444504437361523
25922,LOF,0.04540972730087878,0.0160052918382129,0.9385849808609084
25923,LOF,0.3878411479829378,0.01937540501329347,0.5927834470037688
25924,LOF,0.040041527351544835,0.020472037033575523,0.9394864356148795
25925,LOF,0.06480418309090666,0.02647145331746001,0.9087243635916333
25926,LOF,0.04907793797441792,0.01753585138247398,0.933386210643108
25927,LOF,0.07893671702385885,0.04502211285667089,0.8760411701194702
25928,LOF,0.025817593577167803,0.0181258128447612,0.956056593578071
25929,Neutral,0.5274606512129235,0.02315921278461756,0.44938013600245896
25930,LOF,0.06426378274432237,0.015087768219767485,0.9206484490359101
25931,LOF,0.03244242538909119,0.01530450430574343,0.9522530703051654
25932,LOF,0.029549440633163903,0.014924124970250648,0.9555264343965855
25933,LOF,0.0381670206534642,0.009456257644375665,0.95237672170216
25934,LOF,0.02726409684584288,0.013169544065272012,0.9595663590888851
25935,LOF,0.06452786278555937,0.024320381960726258,0.9111517552537145
25936,LOF,0.0445936221053163,0.015370319434423059,0.9400360584602606
25937,LOF,0.0347130724157336,0.018616097900581184,0.9466708296836851
25938,LOF,0.061688259651440674,0.03251114152214075,0.9058005988264186
25939,LOF,0.04050528442307279,0.009896299270008528,0.9495984163069188
25940,GOF,0.022196418067498475,0.5252305986345543,0.45257298329794726
25941,LOF,0.13928717148586453,0.10539419774538224,0.7553186307687532
25942,LOF,0.013356775613845176,0.04355393671297115,0.9430892876731838
25943,LOF,0.33730709320358,0.11027014452591284,0.5524227622705071
25944,Neutral,0.49251836032626684,0.0611770631111529,0.4463045765625804
25945,LOF,0.07798840938169956,0.038399017148240996,0.8836125734700595
25946,LOF,0.038148009356389075,0.17231558497903932,0.7895364056645716
25947,LOF,0.13897463044672223,0.2131733445200671,0.6478520250332107
25948,LOF,0.4454715014424967,0.01704176121907293,0.5374867373384304
25949,LOF,0.11798368760232879,0.059949571913111156,0.8220667404845601
25950,GOF,0.18524542036874128,0.5035781943660532,0.31117638526520547
25951,LOF,0.2004537792751577,0.13272312208961806,0.6668230986352243
25952,LOF,0.04010803690182834,0.40828248620625424,0.5516094768919174
25953,LOF,0.11450269015973766,0.1114552407541906,0.7740420690860716
25954,LOF,0.32431461345531587,0.22939670660972142,0.44628867993496274
25955,LOF,0.0627877217586769,0.097615295323073,0.83959698291825
25956,LOF,0.21856373073095645,0.0698895667139277,0.7115467025551158
25957,LOF,0.04861855468218128,0.01901089940601895,0.9323705459117998
25958,LOF,0.06166969413515155,0.025496002628339922,0.9128343032365086
25959,LOF,0.08446338173204969,0.3677781987052312,0.5477584195627192
25960,LOF,0.0230872108670221,0.05550382568037438,0.9214089634526036
25961,LOF,0.05020913622990159,0.03596075986457028,0.9138301039055281
25962,LOF,0.05757206150266321,0.044215623867731445,0.8982123146296053
25963,LOF,0.06718087333219543,0.17280695031109572,0.7600121763567089
25964,LOF,0.029929644534995963,0.16500173250692568,0.8050686229580784
25965,LOF,0.4538039208176373,0.07991418645186107,0.4662818927305017
25966,LOF,0.3503489982940162,0.2694582818450797,0.3801927198609041
25967,LOF,0.017425880616791557,0.09175803582063471,0.8908160835625738
25968,LOF,0.053790877163192,0.3717881334831741,0.574420989353634
25969,LOF,0.027947433583037175,0.05945611778152976,0.912596448635433
25970,LOF,0.06391566132186365,0.05215895142837171,0.8839253872497647
25971,LOF,0.07930097592400871,0.024171715325609862,0.8965273087503814
25972,LOF,0.0746933116526341,0.026213525214339714,0.8990931631330261
25973,LOF,0.0821116961816947,0.010539004382078169,0.9073492994362271
25974,LOF,0.33055912436423895,0.027081150208856902,0.6423597254269041
25975,LOF,0.05230748291730841,0.027823627744385793,0.9198688893383058
25976,LOF,0.038817658076072264,0.02030563955132597,0.9408767023726017
25977,LOF,0.11964161589257524,0.1266459873626529,0.7537123967447719
25978,LOF,0.15130280565961307,0.1073921431779266,0.7413050511624604
25979,LOF,0.1433000592512466,0.09225307257979501,0.7644468681689585
25980,LOF,0.16792593404446113,0.1742914547823279,0.657782611173211
25981,LOF,0.20403167793005883,0.16470361122737548,0.6312647108425656
25982,LOF,0.4106704731169273,0.10376262577422204,0.48556690110885065
25983,LOF,0.39950926608585036,0.09106483740093729,0.5094258965132125
25984,LOF,0.047540577855326414,0.11377019789683504,0.8386892242478385
25985,LOF,0.021869956994394795,0.34024830351427193,0.6378817394913334
25986,LOF,0.0259765680259047,0.3361943107278073,0.6378291212462879
25987,LOF,0.08646366027728619,0.08929895356098765,0.8242373861617263
25988,LOF,0.10555267459130985,0.0933528858682633,0.8010944395404269
25989,LOF,0.024973124465486756,0.13916932742846527,0.835857548106048
25990,LOF,0.03469482000186154,0.13095723413294674,0.8343479458651917
25991,LOF,0.1978250345111983,0.29077770394257,0.5113972615462317
25992,LOF,0.3466938325594798,0.2030355961158914,0.4502705713246289
25993,LOF,0.028330858590281706,0.06495015020885136,0.906718991200867
25994,LOF,0.01871387091708844,0.09121435024690919,0.8900717788360024
25995,LOF,0.032229002916054496,0.08342877087952533,0.8843422262044203
25996,GOF,0.26523555824591605,0.4616796594126228,0.27308478234146116
25997,GOF,0.10126282166138362,0.4591696723034029,0.43956750603521355
25998,Neutral,0.5613040011555279,0.028710313423180315,0.4099856854212918
25999,LOF,0.11748348792458704,0.09603180840985683,0.786484703665556
26000,LOF,0.08545542957419236,0.032703876577679834,0.8818406938481278
26001,LOF,0.19650645247582538,0.044698536751067885,0.7587950107731067
26002,LOF,0.0915230720002338,0.042230615242417724,0.8662463127573484
26003,GOF,0.01123288322502874,0.6049335070357458,0.38383360973922553
26004,GOF,0.025937544417824435,0.6155424995508703,0.3585199560313054
26005,LOF,0.011423615112562955,0.48471342080577884,0.5038629640816582
26006,Neutral,0.5392951955554006,0.24913621925298401,0.2115685851916154
26007,GOF,0.022048317284302826,0.5609825865189068,0.41696909619679046
26008,GOF,0.019569971805939144,0.532322333750566,0.4481076944434948
26009,GOF,0.033928750435283275,0.6119498201170666,0.3541214294476501
26010,GOF,0.023010137984112597,0.6811736291276712,0.2958162328882162
26011,LOF,0.009841878972644616,0.4749678020998509,0.5151903189275044
26012,GOF,0.017665964745420513,0.5230439205287123,0.4592901147258673
26013,GOF,0.015547791943329479,0.6708635791558439,0.31358862890082645
26014,LOF,0.048599823827948016,0.17266546976119582,0.7787347064108562
26015,LOF,0.21549666612764526,0.010358860127684494,0.7741444737446703
26016,LOF,0.2676550273865631,0.050566107536756076,0.6817788650766808
26017,LOF,0.1878083508331583,0.08277344961867614,0.7294181995481656
26018,LOF,0.0967293310283241,0.036871378307066445,0.8663992906646094
26019,LOF,0.09307274963536495,0.022592616032086368,0.8843346343325487
26020,LOF,0.06177713287867037,0.09400742982949421,0.8442154372918355
26021,LOF,0.058495671895825184,0.1059621722579392,0.8355421558462356
26022,LOF,0.01100862166911007,0.05053792647662945,0.9384534518542604
26023,LOF,0.1282498856731748,0.023724990246931827,0.8480251240798934
26024,LOF,0.029433823292159177,0.09590091050221468,0.8746652662056262
26025,LOF,0.15618335945906575,0.053124102178125854,0.7906925383628084
26026,LOF,0.3395984561288435,0.01161752761365469,0.6487840162575019
26027,LOF,0.09414926540414811,0.0158717917154148,0.8899789428804372
26028,LOF,0.19737153467689425,0.10008710107584781,0.7025413642472579
26029,LOF,0.10917984118186103,0.1378276617224732,0.7529924970956657
26030,LOF,0.031445041404306324,0.036362848428257946,0.9321921101674359
26031,LOF,0.03809626579847857,0.09956948916465791,0.8623342450368634
26032,LOF,0.08518300330865998,0.023700027607349756,0.8911169690839902
26033,LOF,0.12855079295097338,0.02523296783743189,0.8462162392115947
26034,LOF,0.06522471694307991,0.0994559313671448,0.8353193516897753
26035,LOF,0.04015851308383773,0.08516950200502453,0.8746719849111377
26036,LOF,0.06038204904436376,0.10216228788412769,0.8374556630715085
26037,LOF,0.03297517164735912,0.08554613815028848,0.8814786902023525
26038,LOF,0.08297530878571237,0.023194800559860892,0.8938298906544268
26039,LOF,0.08564856962608351,0.09603262697856672,0.8183188033953498
26040,LOF,0.23471658642558596,0.057462813534283445,0.7078206000401307
26041,LOF,0.03266679355650685,0.08498186081913954,0.8823513456243536
26042,LOF,0.03274798377885855,0.0828371984793703,0.8844148177417712
26043,LOF,0.08155315782674077,0.03268352126234816,0.8857633209109111
26044,LOF,0.033201401999837454,0.04337939042949915,0.9234192075706634
26045,LOF,0.09791015466675564,0.07092946158768425,0.8311603837455602
26046,LOF,0.08826756589321329,0.03560780698773251,0.8761246271190543
26047,LOF,0.11368393582941894,0.04454027486085332,0.8417757893097277
26048,LOF,0.05046024400782868,0.039343795391576106,0.9101959606005952
26049,Neutral,0.9418902284061726,0.005582371550112252,0.052527400043714964
26050,Neutral,0.9166171957003478,0.005890049327057575,0.07749275497259457
26051,GOF,0.030462775835214995,0.5793505962273064,0.39018662793747855
26052,GOF,0.02962427712888706,0.6545346942289988,0.31584102864211416
26053,LOF,0.046812620671931,0.3577981812306547,0.5953891980974143
26054,LOF,0.05140162456091474,0.07200100405768617,0.876597371381399
26055,LOF,0.06733129414153381,0.06668724173289035,0.8659814641255758
26056,LOF,0.058604063036795086,0.08221515759287454,0.8591807793703304
26057,LOF,0.030527220830415955,0.026660226857366978,0.9428125523122171
26058,LOF,0.03017056444892447,0.023268708530086734,0.9465607270209887
26059,LOF,0.30521542370858645,0.08639868904148858,0.608385887249925
26060,LOF,0.029311106524815656,0.3088989982040652,0.6617898952711191
26061,LOF,0.018643626113708508,0.05471080746815223,0.9266455664181392
26062,LOF,0.013715804185042821,0.05231972693264501,0.9339644688823122
26063,LOF,0.02479482744906686,0.026843537236103474,0.9483616353148298
26064,LOF,0.023155335933109093,0.034383810415610824,0.94246085365128
26065,LOF,0.027962392090778273,0.027512712181274147,0.9445248957279476
26066,LOF,0.021366321530887408,0.03130486246201004,0.9473288160071025
26067,LOF,0.024731985013787816,0.02257710150447123,0.9526909134817411
26068,LOF,0.049867644705794426,0.0708236457273566,0.8793087095668489
26069,LOF,0.3927563542501735,0.06497793159830303,0.5422657141515234
26070,Neutral,0.6416541204976941,0.029664488327074592,0.3286813911752313
26071,LOF,0.024276345704674778,0.030592354381667193,0.945131299913658
26072,LOF,0.0249456177270913,0.06135624381822278,0.9136981384546858
26073,LOF,0.02669931447322316,0.025895004480793744,0.9474056810459831
26074,Neutral,0.8879636751552435,0.012301454508602813,0.09973487033615351
26075,LOF,0.03971842100862549,0.05106992211992959,0.909211656871445
26076,LOF,0.043657097044907056,0.02088143533987408,0.935461467615219
26077,LOF,0.010711599894686502,0.06387670253926728,0.9254116975660462
26078,LOF,0.014078514163655976,0.04014063047145022,0.9457808553648939
26079,LOF,0.049743136483708206,0.04670099616646248,0.9035558673498294
26080,LOF,0.049743136483708206,0.04670099616646248,0.9035558673498294
26081,LOF,0.033664655417695186,0.018406841879595494,0.9479285027027093
26082,LOF,0.01982136271300484,0.050814755232296865,0.9293638820546982
26083,LOF,0.1392713570807391,0.03059408752127404,0.8301345553979869
26084,LOF,0.027040791110022576,0.03684378080571851,0.9361154280842588
26085,LOF,0.022830109081410865,0.03271186751884096,0.944458023399748
26086,LOF,0.023289238627551365,0.03646368058922537,0.9402470807832234
26087,LOF,0.02567325568302066,0.026657378820986722,0.9476693654959927
26088,LOF,0.025905684855896165,0.06416138234452273,0.9099329327995811
26089,LOF,0.04511105352125605,0.06799794831135854,0.8868909981673853
26090,LOF,0.04292413163775067,0.05361476667053823,0.9034611016917111
26091,LOF,0.041425122301590324,0.016856267739573914,0.9417186099588358
26092,LOF,0.029974744643223784,0.02238655295117875,0.9476387024055976
26093,LOF,0.04368012378535121,0.01490195806152794,0.9414179181531208
26094,LOF,0.047297625848818775,0.015036131309839164,0.937666242841342
26095,LOF,0.04048551899780923,0.04364551186935099,0.9158689691328398
26096,LOF,0.01705377922394578,0.04257567727780334,0.940370543498251
26097,LOF,0.011985003466018825,0.117246997590578,0.8707679989434033
26098,LOF,0.05431079379335797,0.04338125582143038,0.9023079503852117
26099,LOF,0.02533823871425423,0.04296425399071169,0.931697507295034
26100,LOF,0.026364576594115632,0.039178409620314845,0.9344570137855694
26101,LOF,0.05956224120709976,0.04086969465376222,0.8995680641391379
26102,LOF,0.028306950840134057,0.02703258261376752,0.9446604665460984
26103,Neutral,0.8710483830888116,0.05360872402475127,0.07534289288643715
26104,LOF,0.047089082067688796,0.07817901416143212,0.8747319037708791
26105,LOF,0.2506457689326289,0.2522388061069615,0.49711542496040956
26106,LOF,0.1292924110842489,0.16921115530500044,0.7014964336107506
26107,LOF,0.26031011553549854,0.16158929578746653,0.5781005886770348
26108,LOF,0.1786460932780885,0.16074627682699583,0.6606076298949157
26109,LOF,0.05872968176476719,0.1616582115910948,0.7796121066441379
26110,LOF,0.3061188540490758,0.017224372837508578,0.6766567731134157
26111,LOF,0.44745177649226203,0.023858358628895418,0.5286898648788425
26112,LOF,0.04362714078994153,0.01824169221044673,0.9381311669996117
26113,LOF,0.059515201224823185,0.036944072401350225,0.9035407263738267
26114,LOF,0.01954392672112552,0.02387366481606713,0.9565824084628073
26115,LOF,0.10039363673271166,0.04519363593261114,0.8544127273346772
26116,LOF,0.05153122716040124,0.061514710332730614,0.8869540625068681
26117,LOF,0.30531931537603846,0.09638029059798874,0.5983003940259728
26118,LOF,0.037949477828258145,0.04725240663772901,0.9147981155340129
26119,LOF,0.02380519148807672,0.0672954832348679,0.9088993252770554
26120,LOF,0.03131615156789273,0.042163265329123095,0.9265205831029842
26121,LOF,0.04897734182794548,0.10205338245601576,0.8489692757160388
26122,LOF,0.0596045076896922,0.05614607267237674,0.884249419637931
26123,LOF,0.033542876432775606,0.11217570600474504,0.8542814175624794
