feature0,prediction,LoGoFunc_Neutral,LoGoFunc_GOF,LoGoFunc_LOF
25546,Neutral,0.6161578305951247,0.05054589016418941,0.3332962792406859
25547,Neutral,0.5312291619388222,0.07641678051885639,0.3923540575423214
25548,Neutral,0.5152663591025154,0.07040582437336593,0.4143278165241187
25549,Neutral,0.4659892042447283,0.07148898728942342,0.4625218084658484
25550,LOF,0.3995454064944406,0.08040669524896688,0.5200478982565926
25551,LOF,0.3432755346026616,0.08360999386115411,0.5731144715361843
25552,LOF,0.2979802520700696,0.09410413787919032,0.60791561005074
25553,Neutral,0.7837465232268361,0.04391129574460523,0.17234218102855864
25554,LOF,0.32885552241545685,0.08102581187057802,0.5901186657139651
25555,LOF,0.271172743855058,0.08940557945327178,0.6394216766916703
25556,LOF,0.4616694510004606,0.075786455612541,0.4625440933869983
25557,LOF,0.26570715884872304,0.08361684967467749,0.6506759914765994
25558,LOF,0.3284962912242516,0.078212550126358,0.5932911586493903
25559,LOF,0.2712268236801089,0.027764420612595722,0.7010087557072954
25560,LOF,0.09380058666247365,0.16487393879149798,0.7413254745460285
25561,LOF,0.07668533630127285,0.278093238344703,0.645221425354024
25562,LOF,0.033395658527661055,0.10842525195595568,0.8581790895163833
25563,LOF,0.00639209373606374,0.24056413342136587,0.7530437728425703
25564,LOF,0.06692673445711672,0.13169186483284667,0.8013814007100366
25565,LOF,0.1757092984575792,0.147667938634307,0.6766227629081139
25566,GOF,0.0715480862485289,0.7919727107446984,0.13647920300677274
25567,LOF,0.05043425732789642,0.18401747385171607,0.7655482688203876
25568,LOF,0.06454472906146153,0.11445659865813142,0.820998672280407
25569,LOF,0.06481054473848957,0.10765376909064484,0.8275356861708655
25570,LOF,0.02855541341311637,0.167979598474427,0.8034649881124567
25571,LOF,0.02756198724311668,0.181167771800385,0.7912702409564983
25572,LOF,0.06151292114099562,0.23874656386893076,0.6997405149900736
25573,LOF,0.07314124332137374,0.15843962306487513,0.7684191336137511
25574,LOF,0.08959321003651707,0.27113283595528775,0.6392739540081951
25575,LOF,0.026009671998905085,0.19075298390093334,0.7832373441001615
25576,LOF,0.025144644784822343,0.29743328757344434,0.6774220676417333
25577,LOF,0.029284776341067555,0.2069910175463704,0.7637242061125621
25578,LOF,0.301831177246491,0.11306090689890821,0.5851079158546008
25579,LOF,0.207799758701557,0.1147635346935673,0.6774367066048756
25580,LOF,0.024698985881402326,0.10760762151841818,0.8676933926001795
25581,LOF,0.045088526790238836,0.12453255425407923,0.8303789189556819
25582,LOF,0.04431065105190083,0.12142668211604671,0.8342626668320524
25583,LOF,0.03664599890942516,0.12039319042457078,0.842960810666004
25584,Neutral,0.7158471877892344,0.14073754245120002,0.14341526975956553
25585,LOF,0.023830884476083378,0.21614775256814298,0.7600213629557735
25586,LOF,0.023353012301564537,0.13837485317481324,0.8382721345236221
25587,LOF,0.022688732200491966,0.1383269543189717,0.8389843134805364
25588,LOF,0.028045107490587973,0.10907166356753706,0.8628832289418751
25589,Neutral,0.5736325497309689,0.2465453090697549,0.17982214119927611
25590,LOF,0.06266389221998271,0.16907056702675355,0.7682655407532637
25591,LOF,0.10797738675093548,0.10554886325176542,0.7864737499972991
25592,LOF,0.08516749109125488,0.22882994650553795,0.6860025624032071
25593,LOF,0.12807206577130892,0.40744246833819514,0.464485465890496
25594,LOF,0.04322206357067166,0.04640775045877383,0.9103701859705544
25595,LOF,0.04274788634543127,0.025285867888591673,0.9319662457659771
25596,LOF,0.11042858406411138,0.014912939261373714,0.8746584766745149
25597,LOF,0.08769282984362733,0.015080881689927458,0.8972262884664451
25598,LOF,0.04366322854086977,0.02620423690044411,0.930132534558686
25599,LOF,0.03200904549384683,0.34329588268978056,0.6246950718163726
25600,LOF,0.19789915138475925,0.3338973180327177,0.468203530582523
25601,LOF,0.05367674466449499,0.26112413505725157,0.6851991202782534
25602,LOF,0.029188161618950714,0.07813773637406225,0.8926741020069872
25603,LOF,0.05268781421074508,0.08490973462804798,0.862402451161207
25604,LOF,0.05863573697201348,0.15295594531387569,0.7884083177141109
25605,LOF,0.047298723495395274,0.20344713976135054,0.7492541367432541
25606,Neutral,0.39357358706209966,0.31080775537230315,0.29561865756559713
25607,LOF,0.03181765287706937,0.2658576324704682,0.7023247146524624
25608,LOF,0.05032714800076687,0.08431164534370403,0.8653612066555292
25609,GOF,0.2065412412806423,0.5364582407408455,0.25700051797851226
25610,LOF,0.02290382257338741,0.08506110999288234,0.8920350674337303
25611,LOF,0.016384491144741144,0.08956845484037886,0.89404705401488
25612,LOF,0.05885986965504954,0.08803592170220373,0.8531042086427467
25613,LOF,0.05215795727762647,0.09315205245604131,0.8546899902663321
25614,LOF,0.024785297693656373,0.08060961174881273,0.8946050905575309
25615,LOF,0.058743161219293134,0.07711742353293591,0.8641394152477709
25616,LOF,0.06854125539693649,0.08931451095818656,0.8421442336448769
25617,LOF,0.05244514145203378,0.09504346041884136,0.8525113981291248
25618,LOF,0.06254990466019017,0.1719497253066435,0.7655003700331663
25619,LOF,0.015427570320315324,0.12555172893997313,0.8590207007397116
25620,LOF,0.05009988154340834,0.09487442350874724,0.8550256949478444
25621,LOF,0.08040879183581279,0.08951718270209602,0.8300740254620912
25622,LOF,0.08692859180466052,0.10207451345005192,0.8109968947452876
25623,LOF,0.07437403598010632,0.08836606727919624,0.8372598967406973
25624,LOF,0.02346212263043533,0.07803750540718622,0.8985003719623785
25625,LOF,0.07452718091531653,0.0899519266202056,0.8355208924644779
25626,LOF,0.06157261452228526,0.08490611963460899,0.8535212658431057
25627,Neutral,0.8785575084587115,0.02108957895369113,0.10035291258759738
25628,LOF,0.20112986077272876,0.044725924447523185,0.754144214779748
25629,LOF,0.06757448935936755,0.059751938156396796,0.8726735724842357
25630,LOF,0.31410364608400904,0.05720420340467362,0.6286921505113173
25631,Neutral,0.5114924818547801,0.042239128980600685,0.44626838916461914
25632,LOF,0.03230451159067776,0.14309235614441984,0.8246031322649023
25633,LOF,0.1933838503828236,0.0919521202099846,0.7146640294071919
25634,LOF,0.0430764322294176,0.12765405668353974,0.8292695110870427
25635,LOF,0.03346244649381735,0.06766889405374261,0.8988686594524401
25636,GOF,0.034538112657033875,0.5409913708601571,0.424470516482809
25637,GOF,0.04006891624344196,0.5269364242419332,0.43299465951462474
25638,LOF,0.02140715561667834,0.43348650432053476,0.5451063400627868
25639,LOF,0.03153043212602376,0.4089197598087834,0.5595498080651927
25640,Neutral,0.7848593501761177,0.1638449030222034,0.05129574680167884
25641,LOF,0.12400194068147435,0.33222282343312676,0.5437752358853989
25642,LOF,0.10057685057433542,0.20222026691678877,0.6972028825088759
25643,LOF,0.3087939456109561,0.11534701679453947,0.5758590375945044
25644,GOF,0.00984545871668219,0.6591093495666198,0.331045191716698
25645,GOF,0.011256204905868697,0.6365845331890757,0.35215926190505564
25646,LOF,0.017620664085571364,0.3861679471672871,0.5962113887471415
25647,LOF,0.009070386088434378,0.2970009924119882,0.6939286214995775
25648,LOF,0.012889111347383036,0.3799189153111081,0.6071919733415089
25649,LOF,0.008291324181699904,0.2738049738862272,0.7179037019320729
25650,GOF,0.03757734715487398,0.573183780830097,0.389238872015029
25651,LOF,0.011047377265812449,0.3920522847702395,0.5969003379639479
25652,LOF,0.01057191633810039,0.4119095795413385,0.5775185041205612
25653,GOF,0.04286248334026511,0.5992492695357432,0.3578882471239917
25654,LOF,0.012206282012551091,0.34124458666913765,0.6465491313183112
25655,GOF,0.13023232829603482,0.6366975279784629,0.23307014372550236
25656,LOF,0.19496885819923263,0.07148537938656387,0.7335457624142034
25657,LOF,0.031027104319187877,0.07814579117049465,0.8908271045103175
25658,LOF,0.2243765982506058,0.09949939393644809,0.6761240078129461
25659,LOF,0.35668484869430483,0.11234297240385265,0.5309721789018425
25660,LOF,0.02252962415427815,0.12520444057288752,0.8522659352728343
25661,LOF,0.07013900366737522,0.0763033116453536,0.8535576846872711
25662,LOF,0.026763568742069675,0.04660402439829591,0.9266324068596343
25663,LOF,0.03127752839357309,0.042780554802819136,0.9259419168036077
25664,LOF,0.0977939873843251,0.06938521122622855,0.8328208013894464
25665,LOF,0.053474508576457386,0.038111386761730405,0.9084141046618123
25666,LOF,0.07355692573380607,0.05945243422058329,0.8669906400456105
25667,LOF,0.059135847740341266,0.05239375644753406,0.8884703958121247
25668,LOF,0.028616328123089545,0.06317555390663901,0.9082081179702713
25669,LOF,0.0193481765250455,0.057520533331845036,0.9231312901431094
25670,LOF,0.13277552047906305,0.051886960721603745,0.8153375187993332
25671,LOF,0.08180921800991378,0.04563313049958768,0.8725576514904985
25672,LOF,0.042650876275857647,0.06024270440368766,0.8971064193204548
25673,LOF,0.08016440694668554,0.049653359579384146,0.8701822334739304
25674,LOF,0.07531675534561179,0.06670999862998206,0.857973246024406
25675,LOF,0.07409585772994053,0.07028089320256077,0.8556232490674988
25676,LOF,0.015321019163519925,0.06789265238465425,0.9167863284518258
25677,LOF,0.015054496961546251,0.09079324525513287,0.8941522577833209
25678,LOF,0.177150574548177,0.08144268458932913,0.7414067408624938
25679,LOF,0.11029841979931672,0.10361312036920045,0.7860884598314829
25680,LOF,0.020155360826466278,0.13027938749500936,0.8495652516785245
25681,LOF,0.03140747463437833,0.11858941826396333,0.8500031071016584
25682,LOF,0.10548107733940676,0.07740526390745575,0.8171136587531376
25683,LOF,0.09524837712209563,0.09198979336349246,0.8127618295144119
25684,LOF,0.02391855476087718,0.07618625451568373,0.899895190723439
25685,LOF,0.10515614861938587,0.12006231126903211,0.7747815401115822
25686,LOF,0.05505811284183345,0.22261186340942113,0.7223300237487454
25687,LOF,0.1002527955518583,0.19054659803240326,0.7092006064157385
25688,LOF,0.4526183240441005,0.02693566042372168,0.5204460155321778
25689,LOF,0.27649991698076504,0.03541871403540683,0.6880813689838281
25690,LOF,0.36716394266052743,0.024310976508475586,0.608525080830997
25691,Neutral,0.760287574068958,0.021032628062408968,0.21867979786863312
25692,LOF,0.3404777137705752,0.011886938774684103,0.6476353474547406
25693,GOF,0.03896744013692702,0.5522770790769734,0.4087554807860996
25694,LOF,0.10548059246259463,0.01908062740657719,0.8754387801308281
25695,LOF,0.10448766118596133,0.008897005605888757,0.8866153332081499
25696,LOF,0.10708685222409817,0.016954333330536323,0.8759588144453655
25697,LOF,0.05197947061705161,0.05731614334501359,0.8907043860379348
25698,LOF,0.25556692857124663,0.1903614508196781,0.5540716206090752
25699,LOF,0.3522930545222638,0.04252966481419744,0.6051772806635388
25700,LOF,0.057097127308875395,0.010606887475347363,0.9322959852157773
25701,LOF,0.17607990368051374,0.04500811897620851,0.7789119773432778
25702,GOF,0.21439846932538653,0.6341237305958852,0.15147780007872816
25703,LOF,0.01809278049524874,0.1950988119671331,0.7868084075376182
25704,LOF,0.035740857355658066,0.14896097786913812,0.8152981647752039
25705,LOF,0.03140747193436793,0.08410043285967483,0.8844920952059572
25706,GOF,0.10823942195049943,0.4717387342122031,0.42002184383729746
25707,LOF,0.1048252891299196,0.34355416040606146,0.5516205504640188
25708,LOF,0.040445930354966644,0.37461029313035377,0.5849437765146795
25709,LOF,0.07967874097891632,0.04537616585898928,0.8749450931620945
25710,LOF,0.01739251060375853,0.14763279466434323,0.8349746947318982
25711,LOF,0.019631137861220546,0.08473623157817406,0.8956326305606053
25712,LOF,0.018152207470452517,0.1658000280999332,0.8160477644296144
25713,LOF,0.01815936686903872,0.06999310258458032,0.9118475305463809
25714,LOF,0.07853566249060631,0.06401523796060093,0.8574490995487928
25715,LOF,0.012233300514199874,0.11531518001038588,0.8724515194754143
25716,LOF,0.013343119039285745,0.11611192788076972,0.8705449530799445
25717,LOF,0.02019113881368448,0.07170126187827604,0.9081075993080395
25718,LOF,0.011773054949441588,0.05589086159466947,0.9323360834558888
25719,LOF,0.02479439240430467,0.08987355516399534,0.8853320524317
25720,LOF,0.02969488492742377,0.047750681459464026,0.9225544336131123
25721,LOF,0.012009701120800806,0.08743205961615942,0.9005582392630397
25722,LOF,0.013560501668211197,0.07360190038443278,0.912837597947356
25723,LOF,0.023701778089769865,0.05236821502865539,0.9239300068815749
25724,LOF,0.0331619085163156,0.09625599734783341,0.870582094135851
25725,LOF,0.011528729213270547,0.08624881406942415,0.9022224567173054
25726,LOF,0.0182597005544189,0.12147965796711527,0.8602606414784659
25727,LOF,0.014341655988732476,0.07357421902557222,0.9120841249856954
25728,LOF,0.011268414287883922,0.09588170559733093,0.8928498801147852
25729,LOF,0.011458762352733513,0.09344008195291396,0.8951011556943526
25730,LOF,0.015311581981342672,0.09275515289999856,0.8919332651186588
25731,LOF,0.020277240078705575,0.12076508859025975,0.8589576713310346
25732,LOF,0.01504621522512095,0.04969573123514407,0.9352580535397351
25733,LOF,0.01631059404848304,0.06676444052108953,0.9169249654304275
25734,LOF,0.01431152949220791,0.13467100266440793,0.8510174678433842
25735,LOF,0.011497320291756813,0.06433868489371687,0.9241639948145264
25736,LOF,0.01275564269823306,0.06349572893190195,0.9237486283698649
25737,LOF,0.013676199088240675,0.09453198492911945,0.8917918159826399
25738,LOF,0.012233646878453661,0.08563790036209087,0.9021284527594554
25739,LOF,0.01987354797602716,0.0752512108170733,0.9048752412068994
25740,LOF,0.03221927667617898,0.09993083557647713,0.8678498877473438
25741,LOF,0.014442321697469049,0.10152888691735852,0.8840287913851725
25742,LOF,0.1146345877300996,0.0727111552997059,0.8126542569701946
25743,LOF,0.04462650085047233,0.0667808704520573,0.8885926286974704
25744,Neutral,0.6177071927205405,0.23162899647480717,0.1506638108046523
25745,LOF,0.060037893348614646,0.07920335367135704,0.8607587529800284
25746,LOF,0.04026319949022654,0.12519095127898974,0.8345458492307837
25747,LOF,0.018255293391444997,0.13523871600993861,0.8465059905986163
25748,LOF,0.09442712457465115,0.18958436782650065,0.7159885075988482
25749,LOF,0.02712967270652199,0.10545053731359999,0.867419789979878
25750,LOF,0.06214546902296562,0.10518527849270343,0.832669252484331
25751,LOF,0.11816306820860929,0.17405287656130633,0.7077840552300845
25752,GOF,0.11602386218379611,0.6548787735902486,0.2290973642259554
25753,LOF,0.03802140604831118,0.3637401415970707,0.5982384523546181
25754,GOF,0.02409300400824163,0.7695385263306662,0.20636846966109199
25755,LOF,0.03396125613183647,0.32766678492839807,0.6383719589397654
25756,LOF,0.06821075107999112,0.4166262100914175,0.5151630388285914
25757,GOF,0.01814203725937972,0.8403777469859857,0.14148021575463457
25758,GOF,0.030154541096429437,0.7600409531176989,0.2098045057858716
25759,GOF,0.014659296988324891,0.6682960939944327,0.3170446090172424
25760,LOF,0.01818990616232187,0.4301481910093789,0.5516619028282993
25761,GOF,0.3225298858665899,0.578709741401293,0.09876037273211705
25762,LOF,0.054658801786753905,0.3963881157216704,0.5489530824915757
25763,LOF,0.016323120925126864,0.3033023251687543,0.6803745539061189
25764,GOF,0.060732703299609204,0.6796688952803462,0.25959840142004464
25765,GOF,0.042517429239274825,0.7617438487463817,0.19573872201434359
25766,GOF,0.10488321629061727,0.6921421693158052,0.20297461439357756
25767,GOF,0.12420639683647967,0.45461534621274996,0.4211782569507703
25768,LOF,0.09963325337540979,0.03935701691217634,0.8610097297124139
25769,LOF,0.055350372327061366,0.07966066648797428,0.8649889611849645
25770,LOF,0.4381827585423657,0.10714593459836368,0.4546713068592707
25771,LOF,0.07337826904506727,0.061770574307083735,0.8648511566478491
25772,LOF,0.019916063498258006,0.0574999524239853,0.9225839840777568
25773,LOF,0.07756713534640784,0.06353226492518128,0.8589005997284108
25774,LOF,0.027309180130095985,0.12598215822364428,0.8467086616462598
25775,LOF,0.08131424980596608,0.06216901237517252,0.8565167378188614
25776,LOF,0.0773050671294228,0.03849908691123513,0.8841958459593421
25777,Neutral,0.5686659975200197,0.0843267188308204,0.34700728364915995
25778,LOF,0.07129150714250913,0.054467389923071326,0.8742411029344195
25779,GOF,0.43500221657447247,0.5184820104581805,0.046515772967346984
25780,GOF,0.36511670958657905,0.5510787767460205,0.0838045136674006
25781,GOF,0.1224963661787873,0.7548164920101552,0.12268714181105753
25782,GOF,0.17904509477089234,0.7164932795963771,0.10446162563273065
25783,GOF,0.023631026136805008,0.6773886980928036,0.2989802757703915
25784,Neutral,0.5456813536867656,0.4018850706291468,0.052433575684087665
25785,Neutral,0.5226511847669904,0.40787149901724706,0.06947731621576249
25786,GOF,0.027768642108317913,0.7005184223017236,0.2717129355899584
25787,Neutral,0.7014099861579915,0.2598244958847034,0.03876551795730502
25788,LOF,0.0637818925581488,0.0812461726428474,0.8549719347990037
25789,GOF,0.22082587606826298,0.6549627535413066,0.12421137039043052
25790,GOF,0.28246521476443603,0.5742184066690476,0.14331637856651638
25791,GOF,0.14742003736219086,0.6412011689643128,0.21137879367349638
25792,GOF,0.37262542017063666,0.4686241931333491,0.15875038669601435
25793,GOF,0.25742748410776195,0.4661580308608398,0.27641448503139815
25794,GOF,0.31760938147362866,0.48327268073473395,0.1991179377916375
25795,GOF,0.0684072077056879,0.656775501384569,0.2748172909097431
25796,Neutral,0.4865645251972735,0.4124961862519963,0.10093928855073016
25797,GOF,0.07839071442342717,0.5291489113991216,0.3924603741774514
25798,GOF,0.01065133649806004,0.5749866069023852,0.4143620565995548
25799,GOF,0.008944458275346713,0.5020245015660808,0.4890310401585725
25800,GOF,0.040556446289224224,0.6605144802155452,0.2989290734952306
25801,GOF,0.22195177523028417,0.660192741929378,0.11785548284033792
25802,GOF,0.0697738974722636,0.6875550833984714,0.24267101912926514
25803,GOF,0.047301227652705724,0.5986539476908922,0.3540448246564022
25804,GOF,0.04065410410518129,0.5198182136368357,0.439527682257983
25805,GOF,0.10138787522165234,0.5610633434821681,0.33754878129617955
25806,GOF,0.12360651543632406,0.623209066929245,0.2531844176344309
25807,GOF,0.019238012718499172,0.6085579861552766,0.37220400112622426
25808,GOF,0.11069889175437954,0.5698854802800668,0.31941562796555373
25809,GOF,0.019143893029999387,0.5860768364459575,0.3947792705240431
25810,GOF,0.019956339826571468,0.585623426682448,0.3944202334909804
25811,Neutral,0.4794038355929944,0.4572011353189561,0.06339502908804943
25812,GOF,0.042775363621629654,0.6683839602713534,0.28884067610701697
25813,Neutral,0.5744047893036676,0.3191080079030969,0.10648720279323551
25814,GOF,0.14509634496645343,0.6223943885908015,0.23250926644274503
25815,GOF,0.2851881745511807,0.5582569814623795,0.15655484398643998
25816,GOF,0.0201246077612697,0.6711739500990133,0.3087014421397171
25817,GOF,0.20229830406266341,0.6763394392398385,0.12136225669749799
25818,GOF,0.03944890027946104,0.6215933041826859,0.33895779553785305
25819,GOF,0.3928969259017621,0.4605960946934619,0.14650697940477597
25820,GOF,0.19702157176232554,0.5880511053887975,0.214927322848877
25821,GOF,0.06444684542623284,0.6797411833448305,0.2558119712289367
25822,GOF,0.2616465513427316,0.5339506464431557,0.2044028022141127
25823,GOF,0.04239152539317674,0.5321742894546302,0.42543418515219306
25824,GOF,0.08402708551771473,0.546398121947027,0.36957479253525843
25825,GOF,0.03451319894371824,0.5645263992603994,0.40096040179588227
25826,GOF,0.012374697770574922,0.533119674828822,0.454505627400603
25827,GOF,0.0193925322602113,0.5552636572098619,0.42534381052992687
25828,LOF,0.014030061312443883,0.4710656370706469,0.5149043016169093
25829,GOF,0.008487877508406154,0.5788041054413494,0.4127080170502443
25830,LOF,0.04602673426009748,0.2605611302943205,0.693412135445582
25831,GOF,0.1472443718810021,0.7097035790833769,0.143052049035621
25832,GOF,0.03751894606579323,0.7082482682593334,0.25423278567487334
25833,GOF,0.12245085975802744,0.6898852812486003,0.18766385899337226
25834,GOF,0.04481826242625396,0.7043869608376242,0.25079477673612194
25835,GOF,0.11131888168496107,0.6429460704831316,0.2457350478319072
25836,GOF,0.05141116045414684,0.6954711752891708,0.2531176642566823
25837,GOF,0.027828450447671932,0.5411844333784697,0.4309871161738585
25838,GOF,0.10478841470489175,0.7103772358657341,0.18483434942937424
25839,GOF,0.30583562121580554,0.5145192323765898,0.17964514640760473
25840,GOF,0.2265087902629496,0.5776767878111027,0.1958144219259476
25841,GOF,0.2806251372026074,0.5482395917034781,0.1711352710939145
25842,GOF,0.1715990425043897,0.6424314360206392,0.18596952147497114
25843,GOF,0.23168914914921457,0.6300720057297821,0.13823884512100343
25844,GOF,0.06953810394756486,0.6707259916022549,0.25973590445018013
25845,GOF,0.015698339246430975,0.5419107999288716,0.4423908608246975
25846,GOF,0.11417440295171667,0.7024099762778592,0.18341562077042428
25847,GOF,0.12013188194804601,0.7102485594355049,0.16961955861644915
25848,GOF,0.05054229852451331,0.6585246885861272,0.29093301288935935
25849,GOF,0.015256994819840898,0.568963788615761,0.4157792165643981
25850,GOF,0.02707201790372349,0.6588143652934134,0.314113616802863
25851,GOF,0.02401195731043521,0.5449066040513403,0.43108143863822446
25852,GOF,0.1457701399454003,0.5603933067129634,0.29383655334163633
25853,GOF,0.3268242259580583,0.5798211611839644,0.0933546128579772
25854,GOF,0.021026325083980734,0.7157917262782653,0.26318194863775407
25855,GOF,0.04313775227122117,0.6441928494986844,0.31266939823009443
25856,GOF,0.21444970988936954,0.6163497517411288,0.1692005383695016
25857,GOF,0.03668988404035367,0.5756988095075914,0.387611306452055
25858,GOF,0.020392991001804008,0.644855728135671,0.334751280862525
25859,GOF,0.011331971785853398,0.6341468529567709,0.3545211752573757
25860,GOF,0.30132117554256627,0.5977398908852908,0.10093893357214292
25861,GOF,0.3316244931920144,0.5848502975545161,0.08352520925346935
25862,GOF,0.06886315096483167,0.784124363177665,0.1470124858575032
25863,GOF,0.06906413710768722,0.797719996512799,0.13321586637951366
25864,GOF,0.14508161230021263,0.756105332260241,0.09881305543954631
25865,GOF,0.07641491354128375,0.7775259137366394,0.14605917272207689
25866,GOF,0.06766274072939372,0.8141146138224722,0.11822264544813402
25867,GOF,0.08078428943835218,0.8133921943891037,0.10582351617254414
25868,GOF,0.20126795170210968,0.6767465956004589,0.12198545269743136
25869,Neutral,0.6419548817442945,0.30757717584841987,0.05046794240728558
25870,LOF,0.2881722009450913,0.2618493940674065,0.4499784049875022
25871,GOF,0.1936399743211365,0.6606861239701253,0.14567390170873828
25872,GOF,0.08049287508029766,0.6186335621971533,0.3008735627225491
25873,GOF,0.1598689584717924,0.6142841913942858,0.22584685013392183
25874,LOF,0.023619032417713185,0.0871874231928884,0.8891935443893983
25875,LOF,0.06170056829554413,0.15583101476920255,0.7824684169352533
25876,LOF,0.021816413071020262,0.08308377996693683,0.8950998069620428
25877,Neutral,0.4445622328565152,0.15977210490135685,0.39566566224212796
25878,LOF,0.15186313350937727,0.22999369782773874,0.618143168662884
25879,LOF,0.09223910713005715,0.25293223262803904,0.6548286602419038
25880,LOF,0.02055221497225159,0.039424531783557884,0.9400232532441906
25881,LOF,0.17561550812493396,0.2680582361796601,0.556326255695406
25882,LOF,0.06563257175453655,0.03391746382293217,0.9004499644225313
25883,LOF,0.08157866722422512,0.05635464332956248,0.8620666894462125
25884,LOF,0.04309754925157508,0.05753319871940579,0.8993692520290191
25885,LOF,0.055077805518593904,0.03636410463725334,0.9085580898441528
25886,LOF,0.36335435558479606,0.14416641101268007,0.4924792334025239
25887,LOF,0.17207431755998862,0.21954420179006295,0.6083814806499485
25888,LOF,0.0678431466852334,0.13538823803543226,0.7967686152793344
25889,LOF,0.036699825167439,0.06589677249426372,0.8974034023382973
25890,LOF,0.06287360835879525,0.12714583238511273,0.809980559256092
25891,LOF,0.06481078321176802,0.06290965270615259,0.8722795640820794
25892,LOF,0.09357802208808531,0.030918656984105786,0.8755033209278088
25893,LOF,0.3402069090218502,0.020638205852716206,0.6391548851254336
25894,LOF,0.18979344717342683,0.009308613867524454,0.8008979389590487
25895,LOF,0.23394411054499128,0.018487242338198293,0.7475686471168105
25896,LOF,0.049264429308044234,0.019690254094317558,0.9310453165976383
25897,LOF,0.25364674989738856,0.024809537966437777,0.7215437121361737
25898,Neutral,0.809050578672138,0.016146990282650407,0.17480243104521156
25899,LOF,0.255706241642318,0.05039380498698469,0.6938999533706974
25900,Neutral,0.625083260557159,0.013647888300307233,0.3612688511425337
25901,LOF,0.05261067226569063,0.012462567526389625,0.9349267602079196
25902,LOF,0.1867463540929718,0.015699116977013077,0.7975545289300151
25903,Neutral,0.6409849012208483,0.044431084649300366,0.3145840141298513
25904,LOF,0.2741821071221101,0.04200780419905491,0.683810088678835
25905,LOF,0.04200715177676211,0.3012085920751414,0.6567842561480964
25906,LOF,0.026435737448031852,0.06198409932180244,0.9115801632301658
25907,LOF,0.014801831550224645,0.35306042383327146,0.6321377446165038
25908,LOF,0.015608940016170213,0.22442371167839836,0.7599673483054314
25909,LOF,0.017706754360908076,0.09875400541998017,0.8835392402191117
25910,LOF,0.03180440965364599,0.3363804396552804,0.6318151506910735
25911,LOF,0.0817988643561109,0.06980989097012481,0.8483912446737644
25912,LOF,0.04399794089706356,0.10515477470067207,0.8508472844022643
25913,LOF,0.2653603189862289,0.04568094706889082,0.6889587339448803
25914,LOF,0.01838966670227658,0.10683355949547216,0.8747767738022513
25915,GOF,0.3090891553345789,0.3743787987639911,0.31653204590142997
25916,GOF,0.022249174391975494,0.493800649668668,0.4839501759393565
25917,LOF,0.042476807753977885,0.0552856402448271,0.902237552001195
25918,LOF,0.02357882022934248,0.06393488114078007,0.9124862986298774
25919,LOF,0.020407141756742235,0.07123628166428221,0.9083565765789756
25920,GOF,0.1045334726760293,0.5387533891805992,0.35671313814337147
25921,LOF,0.03414893422447635,0.02327813935179831,0.9425729264237254
25922,LOF,0.048166429821110794,0.01716502888049395,0.9346685412983954
25923,LOF,0.3845759333891999,0.021881864041418893,0.5935422025693813
25924,LOF,0.043896481755409805,0.026068582171282738,0.9300349360733074
25925,LOF,0.06538362544878536,0.029872579399765474,0.9047437951514491
25926,LOF,0.049721325821457225,0.020171406576907618,0.9301072676016352
25927,LOF,0.0798823524715731,0.05103963780577343,0.8690780097226535
25928,LOF,0.025286247166648332,0.02026638391833827,0.9544473689150135
25929,Neutral,0.5231033821825629,0.025477731963285545,0.4514188858541515
25930,LOF,0.06326036979276267,0.01736008046840454,0.9193795497388328
25931,LOF,0.033014467948201336,0.017509453040048313,0.9494760790117504
25932,LOF,0.02835703033654848,0.017491382798228233,0.9541515868652234
25933,LOF,0.03730264547432515,0.010978631964461348,0.9517187225612135
25934,LOF,0.026953594468535864,0.015142589774096077,0.957903815757368
25935,LOF,0.06094262041567831,0.02889623737805192,0.9101611422062698
25936,LOF,0.04513773228493946,0.01721847414025456,0.937643793574806
25937,LOF,0.035226341930143505,0.021397905493023048,0.9433757525768335
25938,LOF,0.06274143990163884,0.033097368349915744,0.9041611917484454
25939,LOF,0.041020961457529134,0.011166235586176456,0.9478128029562944
25940,GOF,0.023620960217490227,0.5038944859194922,0.47248455386301763
25941,LOF,0.14106145196052972,0.10376825494893015,0.7551702930905402
25942,LOF,0.014958063830687993,0.037534225154095525,0.9475077110152166
25943,LOF,0.36686874560221366,0.09857060619685948,0.5345606482009269
25944,Neutral,0.4836879717639659,0.054907558683682495,0.4614044695523516
25945,LOF,0.07690541069203374,0.03531510847344489,0.8877794808345214
25946,LOF,0.04028594884715938,0.1398108544996703,0.8199031966531704
25947,LOF,0.13013670636450902,0.231293829849736,0.638569463785755
25948,LOF,0.4199382993327776,0.019849414247112594,0.5602122864201098
25949,LOF,0.11426595398726921,0.06631304150676809,0.8194210045059627
25950,GOF,0.19416787594025567,0.5233049626861855,0.28252716137355877
25951,LOF,0.17730318174486343,0.13841566994109256,0.684281148314044
25952,LOF,0.0431415933341746,0.4085348399618867,0.5483235667039388
25953,LOF,0.12649391109966898,0.10552379351813226,0.7679822953821988
25954,LOF,0.3214213733503216,0.23033772752547302,0.44824089912420545
25955,LOF,0.06571055401537147,0.0911356632724631,0.8431537827121655
25956,LOF,0.1971925197474358,0.06559857442720952,0.7372089058253548
25957,LOF,0.049482993449017,0.019300157509094532,0.9312168490418885
25958,LOF,0.061686590376067045,0.027939788808981514,0.9103736208149515
25959,LOF,0.08803177444170346,0.35599014320566663,0.5559780823526299
25960,LOF,0.02265400853289784,0.061330740974843666,0.9160152504922585
25961,LOF,0.05259603784680415,0.03948111697262703,0.9079228451805689
25962,LOF,0.058743206639597055,0.049896561856430675,0.8913602315039723
25963,LOF,0.05469131476560861,0.2007996951051534,0.744508990129238
25964,LOF,0.03104887657043411,0.15362340106121297,0.8153277223683529
25965,Neutral,0.48272226702063464,0.07565074810602924,0.4416269848733362
25966,LOF,0.3314063416134173,0.2914514729640815,0.3771421854225012
25967,LOF,0.017146431301422068,0.09523932428274304,0.8876142444158348
25968,LOF,0.055364558068972176,0.38733939544087975,0.5572960464901482
25969,LOF,0.028120549421563643,0.05524811453619954,0.9166313360422368
25970,LOF,0.06393883624513144,0.04965161636563634,0.8864095473892322
25971,LOF,0.07032112407342132,0.02325120777715018,0.9064276681494284
25972,LOF,0.06776142378733886,0.025199854341534433,0.9070387218711267
25973,LOF,0.08054903055306338,0.010607489060548574,0.9088434803863881
25974,LOF,0.3309364747826823,0.03172336809248796,0.6373401571248297
25975,LOF,0.05072737332367618,0.031030046806045177,0.9182425798702787
25976,LOF,0.03515972972001721,0.021008983711603764,0.943831286568379
25977,LOF,0.1341641008306999,0.1299797894908835,0.7358561096784165
25978,LOF,0.16233936824727088,0.09545238809897819,0.7422082436537509
25979,LOF,0.15474509036712697,0.08781362000480367,0.7574412896280693
25980,LOF,0.17538210267133056,0.16961823291147582,0.6549996644171937
25981,LOF,0.21531842344254556,0.16142437554753106,0.6232572010099233
25982,LOF,0.42459746999694437,0.09031123953550126,0.4850912904675543
25983,LOF,0.4071494194537773,0.08188633519480173,0.5109642453514209
25984,LOF,0.04702220910308101,0.11250928192602518,0.8404685089708939
25985,LOF,0.021860489088472775,0.31046294352138115,0.6676765673901461
25986,LOF,0.0265573578478313,0.3169557742950709,0.6564868678570979
25987,LOF,0.09233506130645434,0.09391875603298183,0.8137461826605638
25988,LOF,0.10682830623745887,0.08744086161903937,0.8057308321435017
25989,LOF,0.025639355674871543,0.14343892043206002,0.8309217238930684
25990,LOF,0.035432291299333264,0.12997181511048322,0.8345958935901836
25991,LOF,0.19962088218244697,0.27833944584898956,0.5220396719685635
25992,LOF,0.3713718927577312,0.19519836265200632,0.43342974459026246
25993,LOF,0.030436966818318045,0.06135766696330934,0.9082053662183726
25994,LOF,0.0202184242644071,0.08487915090863313,0.8949024248269598
25995,LOF,0.03491020081660002,0.07685509976806856,0.8882346994153314
25996,GOF,0.28187706580205596,0.42580504430649635,0.29231788989144764
25997,LOF,0.10196499083610466,0.41786858537500027,0.4801664237888951
25998,Neutral,0.5701397329301165,0.030118575241155195,0.3997416918287282
25999,LOF,0.10508068415587737,0.1022835368747799,0.7926357789693428
26000,LOF,0.09326809912842189,0.024287126028655265,0.8824447748429228
26001,LOF,0.1722814400551267,0.039321193767042975,0.7883973661778303
26002,LOF,0.08804688768896636,0.03147394510604501,0.8804791672049886
26003,GOF,0.010352681736983347,0.6630296345758309,0.32661768368718574
26004,GOF,0.02513686427284907,0.6845437763920111,0.29031935933513975
26005,GOF,0.011028454783379065,0.5022174024595709,0.48675414275705003
26006,Neutral,0.5066965562296109,0.29250202192575137,0.20080142184463787
26007,GOF,0.018900994369745978,0.6157640062984606,0.3653349993317935
26008,GOF,0.017591392642854566,0.5676892526709767,0.41471935468616883
26009,GOF,0.031236385741227786,0.6704931499689764,0.29827046428979587
26010,GOF,0.020727484911520055,0.7169451458966419,0.2623273691918381
26011,LOF,0.009560473745272208,0.4931887605772144,0.49725076567751353
26012,GOF,0.01609449690971957,0.5546643244114472,0.42924117867883316
26013,GOF,0.012612588477929794,0.6827084404205374,0.3046789711015328
26014,LOF,0.04780316305834244,0.15651938017766928,0.7956774567639883
26015,LOF,0.19423467045711626,0.01129174587725024,0.7944735836656335
26016,LOF,0.2645944796652874,0.06260691108118502,0.6727986092535276
26017,LOF,0.16415038511826954,0.0906381722802242,0.7452114426015063
26018,LOF,0.09476315923200253,0.044003705966763826,0.8612331348012335
26019,LOF,0.0916392606843864,0.02746386044850695,0.8808968788671065
26020,LOF,0.05986220134401227,0.10766352451697535,0.8324742741390124
26021,LOF,0.054968060609557334,0.12020662253134497,0.8248253168590978
26022,LOF,0.010987389565000075,0.05856698090842888,0.930445629526571
26023,LOF,0.11831947845383343,0.02940599546981958,0.852274526076347
26024,LOF,0.028603887189551504,0.11326480703264219,0.8581313057778064
26025,LOF,0.1506830682782836,0.057103504317850044,0.7922134274038665
26026,LOF,0.33866827067176947,0.012416119253677069,0.6489156100745535
26027,LOF,0.0917581425735583,0.01816750919055552,0.8900743482358863
26028,LOF,0.1911221976958486,0.11065187532509758,0.6982259269790538
26029,LOF,0.10815469862218671,0.14694106007209773,0.7449042413057155
26030,LOF,0.030264725409207546,0.04042433622250234,0.92931093836829
26031,LOF,0.035578674994205715,0.10394207190602683,0.8604792530997674
26032,LOF,0.08813733698081094,0.0226910425028222,0.8891716205163669
26033,LOF,0.1254230779475639,0.024263392408928462,0.8503135296435077
26034,LOF,0.06463010600294183,0.10182015219078044,0.8335497418062777
26035,LOF,0.041320186151458424,0.08722287213990447,0.8714569417086371
26036,LOF,0.060862254289111406,0.10570957731153817,0.8334281683993504
26037,LOF,0.0370013882074736,0.0866213871724486,0.8763772246200778
26038,LOF,0.08595272106946224,0.022588158497086785,0.8914591204334509
26039,LOF,0.08617006822230172,0.0985603935507234,0.8152695382269749
26040,LOF,0.24104011751952165,0.05693525043742406,0.7020246320430542
26041,LOF,0.03572400348676648,0.08186674597388154,0.882409250539352
26042,LOF,0.03549581044782725,0.08297483321858555,0.8815293563335872
26043,LOF,0.08464215714910783,0.03229105666824943,0.8830667861826428
26044,LOF,0.0346301215889204,0.04910163356706821,0.9162682448440114
26045,LOF,0.10048861695741257,0.07204502931246148,0.827466353730126
26046,LOF,0.09186461353796638,0.03417910808353609,0.8739562783784974
26047,LOF,0.12021097287305388,0.04229440581191956,0.8374946213150265
26048,LOF,0.051973566818747256,0.04653533370145268,0.9014910994798002
26049,Neutral,0.9430891512694135,0.0059119427622594785,0.050998905968327034
26050,Neutral,0.922834774692447,0.00627676078219853,0.07088846452535436
26051,GOF,0.034084535063165264,0.5662634230218441,0.39965204191499065
26052,GOF,0.033107686716098476,0.6501962201313597,0.31669609315254194
26053,LOF,0.05563406746441119,0.3730898976858169,0.5712760348497719
26054,LOF,0.054316780297752006,0.06616275503625879,0.8795204646659891
26055,LOF,0.06988800169915121,0.06513946813318193,0.8649725301676668
26056,LOF,0.05882581861309938,0.07618227334598686,0.8649919080409136
26057,LOF,0.029707742412034492,0.02431858899876131,0.9459736685892041
26058,LOF,0.029641535844617192,0.02083336370426943,0.9495251004511134
26059,LOF,0.36902433630779097,0.0724508648384072,0.5585247988538019
26060,LOF,0.029896906139436512,0.3188860974613551,0.6512169963992084
26061,LOF,0.017440197492713243,0.05145757907636768,0.9311022234309191
26062,LOF,0.013313230219838964,0.05173272298428581,0.9349540467958752
26063,LOF,0.024065173118905808,0.026059542684825406,0.9498752841962688
26064,LOF,0.02398203134650555,0.03472367690835324,0.9412942917451411
26065,LOF,0.02658157413965977,0.027307391154681025,0.9461110347056592
26066,LOF,0.021847513662787726,0.031140016904658598,0.9470124694325537
26067,LOF,0.024759950707266724,0.021286026222669743,0.9539540230700636
26068,LOF,0.051190662071846,0.06307040666954168,0.8857389312586124
26069,LOF,0.3789424866565911,0.061055200493767545,0.5600023128496414
26070,Neutral,0.6038151510987461,0.02961895260752059,0.3665658962937334
26071,LOF,0.023749982189861754,0.031049158685567395,0.9452008591245709
26072,LOF,0.02398321811144743,0.054932480554139185,0.9210843013344134
26073,LOF,0.025473666298598385,0.026045857965159635,0.9484804757362421
26074,Neutral,0.8713246530103157,0.012528041959725662,0.11614730502995864
26075,LOF,0.03942681376330384,0.05153507245442231,0.9090381137822738
26076,LOF,0.04616748528709142,0.01924542232960392,0.9345870923833046
26077,LOF,0.00993511322272355,0.062484293086492365,0.9275805936907842
26078,LOF,0.014098319781630723,0.04075867380541013,0.9451430064129591
26079,LOF,0.05031450893944428,0.04739983722787208,0.9022856538326836
26080,LOF,0.05031450893944428,0.04739983722787208,0.9022856538326836
26081,LOF,0.03386625491098434,0.017350257080666544,0.9487834880083491
26082,LOF,0.0202079341819546,0.05924507722331296,0.9205469885947324
26083,LOF,0.14717690940669853,0.029795833735061172,0.8230272568582403
26084,LOF,0.02775099353718694,0.036494550718554855,0.9357544557442583
26085,LOF,0.022687139099612768,0.032621540770263815,0.9446913201301235
26086,LOF,0.022681395182523826,0.03521999699518041,0.9420986078222958
26087,LOF,0.02532206197253509,0.025193775964156822,0.949484162063308
26088,LOF,0.025196196919209997,0.06409190769903969,0.9107118953817503
26089,LOF,0.04497842183671574,0.06871945838711743,0.8863021197761668
26090,LOF,0.04284531372566566,0.05565490592393443,0.9014997803503999
26091,LOF,0.03827940574290188,0.017285608079665542,0.9444349861774325
26092,LOF,0.02915192140676278,0.02142859657988944,0.9494194820133478
26093,LOF,0.041751435667617146,0.014519002077747142,0.9437295622546357
26094,LOF,0.04431201844777994,0.014646603834373096,0.9410413777178469
26095,LOF,0.040791364345020134,0.0516752444254759,0.9075333912295038
26096,LOF,0.017503346961562565,0.03878055830250945,0.9437160947359279
26097,LOF,0.011046798428520705,0.11533915319096477,0.8736140483805146
26098,LOF,0.05754994374785304,0.04452946367938022,0.8979205925727667
26099,LOF,0.02508850518666212,0.0414917037843903,0.9334197910289476
26100,LOF,0.026291349183448557,0.03743790675664443,0.9362707440599071
26101,LOF,0.05978547782173902,0.03823914613989113,0.9019753760383699
26102,LOF,0.02684608620132232,0.02730718498812933,0.9458467288105483
26103,Neutral,0.873685012108495,0.050365682324440254,0.07594930556706475
26104,LOF,0.04731736340999525,0.07417018676577482,0.8785124498242299
26105,LOF,0.27337682335041835,0.23551448094142816,0.49110869570815346
26106,LOF,0.1399342070265229,0.17543995354740038,0.6846258394260768
26107,LOF,0.23120530309917364,0.13751612564851076,0.6312785712523156
26108,LOF,0.16999782637296873,0.14888351984153025,0.6811186537855011
26109,LOF,0.053619883950759145,0.16038619565480552,0.7859939203944354
26110,LOF,0.2846479009384275,0.017100806218538316,0.6982512928430342
26111,LOF,0.4466659310387458,0.024558183816701815,0.5287758851445524
26112,LOF,0.04194651569187134,0.020333348739007107,0.9377201355691215
26113,LOF,0.06005072320240289,0.042207245943875864,0.8977420308537213
26114,LOF,0.019593159227171152,0.029397134718311978,0.951009706054517
26115,LOF,0.09941427417908838,0.049266717142042435,0.8513190086788691
26116,LOF,0.05135905066338215,0.06414967693232917,0.8844912724042886
26117,LOF,0.31091211924441686,0.09775235017780357,0.5913355305777797
26118,LOF,0.040906207939325576,0.049476709813633,0.9096170822470414
26119,LOF,0.024741608843311034,0.07157712104422825,0.9036812701124608
26120,LOF,0.0332241991611914,0.04445679311653533,0.9223190077222734
26121,LOF,0.05314674636836861,0.10347267589420744,0.843380577737424
26122,LOF,0.06061081424558072,0.060796811515113396,0.8785923742393059
