feature0,prediction,LoGoFunc_Neutral,LoGoFunc_GOF,LoGoFunc_LOF
25546,Neutral,0.6125029683649585,0.047401317172334194,0.34009571446270725
25547,Neutral,0.49079136670006146,0.08103997938414215,0.4281686539157964
25548,Neutral,0.49554071278012674,0.0703068723674806,0.43415241485239275
25549,LOF,0.43444358468881,0.07080268452689559,0.4947537307842945
25550,LOF,0.3511760810411014,0.10287956943297892,0.5459443495259196
25551,LOF,0.3176048917744233,0.11546868263452266,0.566926425591054
25552,LOF,0.2736475528618642,0.11685115636079388,0.6095012907773419
25553,Neutral,0.7929719088747982,0.04168426637628259,0.16534382474891926
25554,LOF,0.317734598216074,0.10613820617858885,0.5761271956053371
25555,LOF,0.2747572346325436,0.09550747496295557,0.6297352904045008
25556,LOF,0.4576464140107425,0.08463696819541423,0.4577166177938433
25557,LOF,0.2649308288680419,0.10363390919497445,0.6314352619369836
25558,LOF,0.32556070970463424,0.09886565252826301,0.5755736377671028
25559,LOF,0.27318479615351393,0.13188319158025374,0.5949320122662324
25560,LOF,0.13849541077475006,0.10733860070334587,0.754165988521904
25561,LOF,0.12383007310494523,0.1360364385846887,0.7401334883103662
25562,LOF,0.052894633546017394,0.08374827241912945,0.8633570940348531
25563,LOF,0.015650982796724,0.12429349157780462,0.8600555256254714
25564,LOF,0.13410819498563328,0.09458674771439896,0.7713050572999677
25565,LOF,0.20817643344343728,0.14006350753997823,0.6517600590165845
25566,GOF,0.07140138739520498,0.6564925954089293,0.2721060171958657
25567,LOF,0.040936682713627784,0.17798168651873508,0.7810816307676371
25568,LOF,0.05830846524305436,0.09946873151924097,0.8422228032377048
25569,LOF,0.06300537626439186,0.0937134121330867,0.8432812116025216
25570,LOF,0.028536083265320762,0.12785454187888354,0.8436093748557957
25571,LOF,0.02793135763230959,0.13606207643345591,0.8360065659342346
25572,LOF,0.06889091212948129,0.15349749252926834,0.7776115953412505
25573,LOF,0.06171426873693354,0.12220933460960418,0.8160763966534623
25574,LOF,0.055722887260208194,0.2569613238962214,0.6873157888435705
25575,LOF,0.024242336650284756,0.14770995070904702,0.8280477126406682
25576,LOF,0.03242560763499605,0.19408009453861239,0.7734942978263916
25577,LOF,0.03581214768475518,0.14762379870929082,0.816564053605954
25578,LOF,0.29196354763120114,0.12639571963055338,0.5816407327382455
25579,LOF,0.1860523365374047,0.12221664044762211,0.6917310230149731
25580,LOF,0.020520978097876303,0.10469204970485235,0.8747869721972713
25581,LOF,0.05053428260620066,0.0962734198969052,0.8531922974968941
25582,LOF,0.05016204897347637,0.09404082690293984,0.8557971241235837
25583,LOF,0.02318948540954969,0.11625421865358569,0.8605562959368647
25584,Neutral,0.6772927320262825,0.16206377939451969,0.16064348857919777
25585,LOF,0.022182469040560534,0.1750119653928843,0.8028055655665551
25586,LOF,0.017494470067788682,0.10044394644981229,0.882061583482399
25587,LOF,0.017407689192148468,0.0890885825104762,0.8935037282973753
25588,LOF,0.021172661867624454,0.09895966314553374,0.8798676749868418
25589,Neutral,0.494696600246331,0.28586765859585417,0.2194357411578149
25590,LOF,0.04997654194369663,0.1588230629842576,0.7912003950720459
25591,LOF,0.0902206951634717,0.08714826890862722,0.8226310359279011
25592,LOF,0.06036497630720017,0.2051358397276281,0.7344991839651718
25593,LOF,0.10721254222769834,0.3489670319093774,0.5438204258629242
25594,LOF,0.04848161545927341,0.10243040625531143,0.849087978285415
25595,LOF,0.044873658866407824,0.06917720535623426,0.8859491357773579
25596,LOF,0.10017327034667048,0.031085579018826383,0.8687411506345031
25597,LOF,0.08063068093935745,0.04336043263164181,0.8760088864290007
25598,LOF,0.048325605799249,0.07226593437133105,0.87940845982942
25599,LOF,0.022141959523650924,0.4251847879947148,0.5526732524816342
25600,GOF,0.16770613858708677,0.44616892231720723,0.38612493909570605
25601,LOF,0.04140285778486053,0.3404865564318904,0.6181105857832491
25602,LOF,0.03377691155138146,0.06644204644659585,0.8997810420020228
25603,LOF,0.03983720535504912,0.04076363924019026,0.9193991554047606
25604,LOF,0.0405534112303829,0.08449351056732522,0.8749530782022918
25605,LOF,0.034798093122815066,0.1849045982259264,0.7802973086512586
25606,LOF,0.4252974109563038,0.12524604077783316,0.4494565482658629
25607,LOF,0.029867028027583654,0.18390833791936767,0.7862246340530487
25608,LOF,0.03735188828758266,0.09975429600860365,0.8628938157038136
25609,GOF,0.15027092671618522,0.5056938557048247,0.34403521757899014
25610,LOF,0.01480469260403561,0.04988057957268719,0.9353147278232772
25611,LOF,0.012550261750174907,0.053293090578627286,0.9341566476711978
25612,LOF,0.04767255781791839,0.06783453510397265,0.884492907078109
25613,LOF,0.04398801938719005,0.0642129862289653,0.8917989943838447
25614,LOF,0.02199392130935613,0.045990393090690806,0.9320156855999531
25615,LOF,0.048702697483364074,0.06767061401038639,0.8836266885062495
25616,LOF,0.046030457050386914,0.048751845435253086,0.90521769751436
25617,LOF,0.038140307903387106,0.06046782940762412,0.9013918626889889
25618,LOF,0.041308862470366865,0.06900754488524774,0.8896835926443855
25619,LOF,0.011790788655082464,0.06262089262234322,0.9255883187225744
25620,LOF,0.05409395273048866,0.0657092798471004,0.8801967674224109
25621,LOF,0.061577923875891415,0.05565682172342432,0.8827652544006843
25622,LOF,0.06566152642454579,0.06584847236883888,0.8684900012066153
25623,LOF,0.06436306547053482,0.04394914089380774,0.8916877936356574
25624,LOF,0.01716685603492067,0.06345105138794797,0.9193820925771313
25625,LOF,0.062425478267351606,0.062043553435225746,0.8755309682974226
25626,LOF,0.05297777309824856,0.06109218058003356,0.8859300463217179
25627,Neutral,0.8825333190738153,0.0220943222807804,0.09537235864540432
25628,LOF,0.1415846588468298,0.059745945464216965,0.7986693956889532
25629,LOF,0.06997941770468663,0.05238658880824362,0.8776339934870698
25630,LOF,0.27354046360283096,0.06448639855779709,0.6619731378393721
25631,Neutral,0.5375057765570341,0.06544886928365949,0.3970453541593063
25632,LOF,0.027493859464618034,0.06973495188678402,0.902771188648598
25633,LOF,0.189040673993562,0.04358445475634942,0.7673748712500886
25634,LOF,0.03387318865714053,0.09310350330124471,0.8730233080416148
25635,LOF,0.03405099776131391,0.04266482187190203,0.9232841803667842
25636,LOF,0.037716000088856796,0.4526304792071522,0.5096535207039911
25637,GOF,0.05376038825445376,0.5123001886724395,0.4339394230731067
25638,LOF,0.030066441360031174,0.4045274282876685,0.5654061303523004
25639,LOF,0.028695046272037887,0.44599580272782485,0.5253091510001373
25640,Neutral,0.8528223614778033,0.09800159335324263,0.04917604516895405
25641,GOF,0.09671427282808791,0.4747378641833466,0.42854786298856545
25642,LOF,0.07064856609698253,0.16160935175763705,0.7677420821453804
25643,LOF,0.2351281295320265,0.13726274711257666,0.6276091233553969
25644,GOF,0.01315430458127571,0.5410624847314033,0.445783210687321
25645,GOF,0.01523442710191942,0.49245000179567633,0.4923155711024041
25646,LOF,0.03838801557470074,0.3649597844123492,0.5966522000129499
25647,LOF,0.016905927900836365,0.28940987189181155,0.6936842002073521
25648,LOF,0.019252798101397517,0.3028477153972874,0.6778994865013152
25649,LOF,0.010807700048831484,0.23960071472241515,0.7495915852287532
25650,LOF,0.030406321079545502,0.47050260054669557,0.499091078373759
25651,LOF,0.011872424598020398,0.30056175109885436,0.6875658243031253
25652,LOF,0.020591605610180107,0.31197958262656983,0.6674288117632501
25653,GOF,0.0532711152404843,0.47870951016849134,0.46801937459102444
25654,LOF,0.012953370936464589,0.21911470797749696,0.7679319210860384
25655,GOF,0.17035755721054785,0.4759797915377801,0.35366265125167207
25656,LOF,0.3607192134053804,0.08826198924773372,0.5510187973468859
25657,LOF,0.0522131262571288,0.10022850638247746,0.8475583673603938
25658,LOF,0.3531760711485081,0.09556382371297721,0.5512601051385148
25659,Neutral,0.48966184177247235,0.1051386041129409,0.40519955411458675
25660,LOF,0.022026908026714795,0.09920023994203254,0.8787728520312528
25661,LOF,0.09500514994005256,0.06172686210571592,0.8432679879542315
25662,LOF,0.037363167220148284,0.033817219830300296,0.9288196129495514
25663,LOF,0.04341732723422881,0.044089621723727185,0.9124930510420439
25664,LOF,0.13464578261273283,0.06782409970686128,0.7975301176804059
25665,LOF,0.06487179616104898,0.02755774812603471,0.9075704557129163
25666,LOF,0.0984313798194886,0.06329230633286187,0.8382763138476496
25667,LOF,0.07442717392859188,0.04221398792066065,0.8833588381507476
25668,LOF,0.03850251741781473,0.05077117766702273,0.9107263049151626
25669,LOF,0.03133448400466732,0.04605392454347529,0.9226115914518574
25670,LOF,0.14346264636702566,0.055422162708455076,0.8011151909245192
25671,LOF,0.11814065424110155,0.03615421920258196,0.8457051265563165
25672,LOF,0.05370362940713751,0.04244932157161878,0.9038470490212437
25673,LOF,0.08101764457894822,0.05001719931992812,0.8689651561011238
25674,LOF,0.06792736995467107,0.05867760554089557,0.8733950245044333
25675,LOF,0.11331171497288112,0.06526063431787482,0.8214276507092441
25676,LOF,0.0195848049151606,0.05513363130143848,0.9252815637834009
25677,LOF,0.024547093991883914,0.06844096842852855,0.9070119375795875
25678,LOF,0.19894130137709967,0.07170778620014026,0.7293509124227601
25679,LOF,0.11916311475183952,0.07314924030029717,0.8076876449478633
25680,LOF,0.03404084859275214,0.11062649046981203,0.8553326609374359
25681,LOF,0.05206812674516449,0.09999844425636523,0.8479334289984704
25682,LOF,0.13862308605321438,0.077465175828156,0.7839117381186297
25683,LOF,0.11072352599987198,0.08621830438303278,0.8030581696170952
25684,LOF,0.041829194400841825,0.06491981705147645,0.8932509885476817
25685,LOF,0.13592756399749295,0.07651155457568239,0.7875608814268247
25686,LOF,0.0897411534907879,0.09888148527571526,0.8113773612334968
25687,LOF,0.12070729550438576,0.1112064780695545,0.7680862264260597
25688,LOF,0.3834827287401545,0.054988547118666166,0.5615287241411794
25689,LOF,0.28495415389769346,0.058481276184050426,0.6565645699182561
25690,LOF,0.3532763597390254,0.04526769115008604,0.6014559491108885
25691,Neutral,0.7078783387924427,0.04007869742233578,0.25204296378522145
25692,LOF,0.37466672817740804,0.013016901972954941,0.612316369849637
25693,LOF,0.04583208621742217,0.4141664730990322,0.5400014406835456
25694,LOF,0.12260554960306788,0.01721115972781907,0.860183290669113
25695,LOF,0.11873159074081402,0.015668631439111916,0.865599777820074
25696,LOF,0.1278202656310814,0.009844796491926627,0.862334937876992
25697,LOF,0.08974888799499782,0.05056757715766495,0.8596835348473372
25698,LOF,0.3529358095577772,0.14950539852277098,0.49755879191945174
25699,Neutral,0.5616690002455029,0.03805157158637671,0.4002794281681204
25700,LOF,0.08344013452203744,0.009725302981310148,0.9068345624966524
25701,LOF,0.2363081775939314,0.04792574727536729,0.7157660751307013
25702,GOF,0.16552233568149555,0.6198179014551451,0.2146597628633593
25703,LOF,0.016713033540953288,0.1290500073486381,0.8542369591104086
25704,LOF,0.04036564205094124,0.1000578080008674,0.8595765499481913
25705,LOF,0.051562019659849745,0.14795456532940174,0.8004834150107486
25706,LOF,0.1114887526271185,0.40607645297105377,0.48243479440182757
25707,LOF,0.0892845158182535,0.3578760195461388,0.5528394646356077
25708,LOF,0.034689644138886824,0.31619300463344313,0.64911735122767
25709,LOF,0.065849762527302,0.04615614212557327,0.8879940953471248
25710,LOF,0.011306291083531025,0.15548595855091688,0.8332077503655521
25711,LOF,0.021431395408291413,0.08339769664073338,0.8951709079509751
25712,LOF,0.014217983992957692,0.18015907957221103,0.8056229364348313
25713,LOF,0.019520429128584673,0.08652957857481514,0.8939499922966002
25714,LOF,0.07575874025191688,0.07991892376455854,0.8443223359835247
25715,LOF,0.011881525082126207,0.13549879233250448,0.8526196825853694
25716,LOF,0.010114310411316151,0.11048569011351887,0.879399999475165
25717,LOF,0.013391781788287331,0.07290572336959673,0.9137024948421159
25718,LOF,0.011249331508691953,0.0910152757306687,0.8977353927606393
25719,LOF,0.01991799068348092,0.08097175757540867,0.8991102517411105
25720,LOF,0.02535250543424254,0.0698577353359361,0.9047897592298213
25721,LOF,0.013251857202517243,0.12215194266902112,0.8645962001284617
25722,LOF,0.014416675686628903,0.1255631847217137,0.8600201395916574
25723,LOF,0.02403369853941938,0.048873673333120454,0.9270926281274602
25724,LOF,0.03358070383370128,0.08841836683585585,0.8780009293304428
25725,LOF,0.011739585527883192,0.07943699513596506,0.9088234193361518
25726,LOF,0.016541379718270036,0.11603506156076945,0.8674235587209606
25727,LOF,0.012657305340334752,0.08444916691533544,0.9028935277443298
25728,LOF,0.010418142693811638,0.11245356238988778,0.8771282949163005
25729,LOF,0.010575487356926743,0.10870479314267367,0.8807197195003996
25730,LOF,0.014559749626791922,0.09651658465454686,0.8889236657186611
25731,LOF,0.017653653043268533,0.10118411112000471,0.8811622358367268
25732,LOF,0.013963927674132674,0.08125578639878739,0.9047802859270798
25733,LOF,0.015600657666873958,0.0730829791721494,0.9113163631609768
25734,LOF,0.010378686608689762,0.12433956290545478,0.8652817504858554
25735,LOF,0.01133179932574488,0.08351993735555689,0.9051482633186982
25736,LOF,0.01273148500952145,0.11309645570844458,0.874172059282034
25737,LOF,0.01208703938332606,0.08006096505079584,0.907851995565878
25738,LOF,0.011810960866929192,0.11035071793867203,0.8778383211943988
25739,LOF,0.020551766462980757,0.08420194106399846,0.8952462924730208
25740,LOF,0.028360174032044924,0.12609354109742407,0.845546284870531
25741,LOF,0.01539571794757862,0.12183725109844723,0.8627670309539741
25742,LOF,0.12743966817789942,0.0797273425619877,0.7928329892601129
25743,LOF,0.03377401005578365,0.06092659682869407,0.9052993931155223
25744,Neutral,0.5655902716819619,0.24528026555890678,0.18912946275913148
25745,LOF,0.0707952164554458,0.0880400524571104,0.8411647310874439
25746,LOF,0.040358252772687245,0.1224215072227424,0.8372202400045704
25747,LOF,0.018827974543455445,0.08155802341821847,0.8996140020383261
25748,LOF,0.10967194615803225,0.13389517534996467,0.756432878492003
25749,LOF,0.023560492970013766,0.10969276905106203,0.8667467379789243
25750,LOF,0.0695599993502453,0.10742102548453147,0.8230189751652232
25751,LOF,0.07811705278166084,0.14078458571009275,0.7810983615082463
25752,GOF,0.1150539377017875,0.6433075341661112,0.24163852813210143
25753,LOF,0.02464554377941934,0.28677762299716925,0.6885768332234113
25754,GOF,0.014436056515740812,0.7963197801207562,0.18924416336350303
25755,LOF,0.024533849138658585,0.387254487829089,0.5882116630322524
25756,LOF,0.05055334092844342,0.35260247706212117,0.5968441820094355
25757,GOF,0.019574037805210758,0.8454325765448892,0.1349933856499
25758,GOF,0.028713447100597277,0.7942478013985922,0.17703875150081044
25759,GOF,0.011714262150918446,0.6081808889407218,0.3801048489083598
25760,LOF,0.014574675302010627,0.28465257490631707,0.7007727497916724
25761,GOF,0.27421186063739617,0.6160715816054525,0.10971655775715136
25762,LOF,0.04838372786840187,0.2619596684679246,0.6896566036636735
25763,LOF,0.014006393892564677,0.21051623323563465,0.7754773728718007
25764,GOF,0.08295135967051466,0.6253324615431305,0.29171617878635486
25765,GOF,0.04328274897266097,0.7434714221845088,0.21324582884283022
25766,GOF,0.06753225661233173,0.7548907166422869,0.1775770267453814
25767,GOF,0.1474508510212438,0.5569723552581513,0.29557679372060497
25768,LOF,0.11502326150230373,0.050341689844734694,0.8346350486529617
25769,LOF,0.05454554888486165,0.06373432320856597,0.8817201279065724
25770,LOF,0.31733207639498634,0.11187111809007573,0.5707968055149379
25771,LOF,0.04840726929391077,0.05513267488976619,0.896460055816323
25772,LOF,0.019402247850177853,0.04749452087221626,0.933103231277606
25773,LOF,0.05316808415618029,0.09837116305532195,0.8484607527884979
25774,LOF,0.03005188560266811,0.09348472962324567,0.8764633847740863
25775,LOF,0.05266008026042535,0.050386492373887745,0.896953427365687
25776,LOF,0.07697149425725454,0.028430479623795007,0.8945980261189506
25777,LOF,0.35819140303467606,0.07151801070679493,0.570290586258529
25778,LOF,0.07377792661764306,0.05100626673711501,0.875215806645242
25779,GOF,0.35819832744924884,0.5819872672465164,0.05981440530423476
25780,GOF,0.345496721028685,0.5747855345713824,0.07971774439993266
25781,GOF,0.1434870186141042,0.7417995368648433,0.11471344452105253
25782,GOF,0.22022851347051173,0.6882628800836103,0.09150860644587804
25783,GOF,0.022098810106343503,0.6135381352764933,0.36436305461716334
25784,Neutral,0.49000836634680794,0.464682748105037,0.04530888554815513
25785,Neutral,0.49957719091834907,0.4619095737491842,0.03851323533246683
25786,GOF,0.03254824169415668,0.7753160019282325,0.19213575637761093
25787,Neutral,0.6729542655438293,0.3011471518758785,0.02589858258029226
25788,LOF,0.05593705615551494,0.0976922152860176,0.8463707285584674
25789,GOF,0.2251177890162766,0.6273251172673879,0.1475570937163354
25790,GOF,0.22625761513703335,0.6751781262011228,0.09856425866184378
25791,GOF,0.17724398644184775,0.6601225090011371,0.16263350455701509
25792,GOF,0.36501515793382744,0.5022316421999672,0.1327531998662053
25793,GOF,0.27321828289250777,0.5184838238811845,0.20829789322630782
25794,GOF,0.3244011865223037,0.4910297618786675,0.18456905159902887
25795,GOF,0.07708873033498134,0.679480363006033,0.24343090665898562
25796,Neutral,0.5422596796870739,0.36923597713380807,0.08850434317911801
25797,GOF,0.08486083856556938,0.5307461570362679,0.3843930043981626
25798,GOF,0.00827511818265687,0.5379565342679187,0.4537683475494245
25799,LOF,0.0073648017398828276,0.4315134541734235,0.5611217440866937
25800,GOF,0.03283190456521904,0.5986404339989704,0.3685276614358105
25801,GOF,0.23060986944365738,0.6564568744954632,0.11293325606087942
25802,GOF,0.056904185242378,0.7125651124495169,0.23053070230810507
25803,GOF,0.03721666078907528,0.5936803462234671,0.36910299298745775
25804,GOF,0.033416411704510825,0.5340526422398779,0.4325309460556112
25805,GOF,0.10519930850317627,0.592652020026801,0.3021486714700228
25806,GOF,0.11188055813584208,0.5964725400917438,0.29164690177241426
25807,GOF,0.022238032758226244,0.6033311969439453,0.37443077029782845
25808,GOF,0.09314052614182915,0.6094417899071309,0.29741768395103996
25809,GOF,0.021377121061101706,0.6264792309271247,0.3521436480117737
25810,GOF,0.021073760337837984,0.6386438174760213,0.3402824221861407
25811,Neutral,0.4662590943623154,0.4631915758368443,0.07054932980084043
25812,GOF,0.03539732713475415,0.6364937860542694,0.3281088868109764
25813,Neutral,0.5514892956316684,0.34773518287848715,0.1007755214898445
25814,GOF,0.1346898416251603,0.6327550002086674,0.23255515816617237
25815,GOF,0.21001275352212315,0.591275045881186,0.19871220059669079
25816,GOF,0.023527832066457033,0.6820972808172521,0.294374887116291
25817,GOF,0.23784487009429028,0.6134054574056849,0.14874967250002488
25818,GOF,0.053461066628330625,0.5841594305598905,0.36237950281177883
25819,GOF,0.3891530354698633,0.43675097149479813,0.1740959930353386
25820,GOF,0.17727946622577695,0.5718051108246313,0.25091542294959185
25821,GOF,0.05916731770643766,0.6465350847420512,0.29429759755151125
25822,GOF,0.1954588997936963,0.5143587584598908,0.290182341746413
25823,GOF,0.030558857913195837,0.494801432995542,0.47463970909126224
25824,GOF,0.07640523573005019,0.5465406162228081,0.37705414804714166
25825,GOF,0.02980074544814991,0.5491467796633114,0.42105247488853875
25826,GOF,0.011026343127037696,0.5190807892313822,0.46989286764158
25827,GOF,0.023197133366651555,0.587494875396225,0.38930799123712345
25828,GOF,0.012975093942748027,0.5034040215621381,0.4836208844951138
25829,GOF,0.006831474794227068,0.565814546096895,0.42735397910887796
25830,LOF,0.03887259517055803,0.28586356866411133,0.6752638361653307
25831,GOF,0.19658546998857523,0.6588760087838413,0.14453852122758337
25832,GOF,0.029477799058832774,0.684233976826344,0.28628822411482324
25833,GOF,0.11951935346336483,0.6901442601809008,0.19033638635573444
25834,GOF,0.03545377384728884,0.6908066693712026,0.27373955678150863
25835,GOF,0.09176968509999475,0.69471650092232,0.21351381397768524
25836,GOF,0.04312810484365796,0.6631540594058695,0.29371783575047256
25837,GOF,0.023241020001020556,0.5405804338775403,0.4361785461214392
25838,GOF,0.08277922159243789,0.7274052251990155,0.1898155532085466
25839,GOF,0.29805654486100347,0.5586517174195618,0.14329173771943482
25840,GOF,0.2345175512608815,0.5984749546768254,0.16700749406229304
25841,GOF,0.2437360475518936,0.5838082419176112,0.17245571053049513
25842,GOF,0.17707341372377372,0.656569233435043,0.16635735284118325
25843,GOF,0.2329620465259839,0.647274015804631,0.11976393766938513
25844,GOF,0.06389202343526901,0.6709064952791826,0.2652014812855484
25845,GOF,0.01457733333350158,0.5038657176324186,0.4815569490340798
25846,GOF,0.11983242622241479,0.7174236874417396,0.16274388633584563
25847,GOF,0.136307560515521,0.7322535786561088,0.13143886082837017
25848,GOF,0.03583745760129467,0.6639424338505532,0.3002201085481521
25849,GOF,0.010104877593156677,0.5626961186707675,0.4271990037360757
25850,GOF,0.02227046871847398,0.6551743715511285,0.3225551597303975
25851,GOF,0.01685682309054442,0.5548786788971228,0.42826449801233285
25852,GOF,0.17757555054351237,0.579070404548327,0.24335404490816057
25853,GOF,0.3922829718571029,0.5338610672102163,0.07385596093268089
25854,GOF,0.022147905854550846,0.6220482939909968,0.35580380015445234
25855,GOF,0.035226114270051484,0.5689233659164925,0.395850519813456
25856,GOF,0.24314751829418685,0.5128713077618997,0.24398117394391347
25857,GOF,0.033759311714059013,0.4982059885659619,0.4680346997199791
25858,GOF,0.017131301075809423,0.5499545261991446,0.43291417272504595
25859,GOF,0.009857352495364825,0.5432716770980118,0.4468709704066234
25860,GOF,0.3763073352494859,0.5302865929950232,0.09340607175549086
25861,GOF,0.40788784082281004,0.5053177423359866,0.08679441684120338
25862,GOF,0.10936066219363476,0.7226539173003056,0.16798542050605977
25863,GOF,0.10375672902406713,0.718037985763987,0.17820528521194584
25864,GOF,0.23405590184919733,0.667244652301689,0.09869944584911375
25865,GOF,0.10529309056276033,0.7558386425641271,0.1388682668731124
25866,GOF,0.06909110883678327,0.7733482440584809,0.1575606471047358
25867,GOF,0.09703734662410834,0.7830934876696439,0.11986916570624763
25868,GOF,0.28848080936110876,0.5999992632725938,0.11151992736629746
25869,Neutral,0.698766912864899,0.257739510421761,0.04349357671333991
25870,LOF,0.3086439460863309,0.31630815608935664,0.37504789782431236
25871,GOF,0.21258956620463831,0.612049628655456,0.1753608051399057
25872,GOF,0.08941839993825916,0.6102617511032551,0.3003198489584858
25873,GOF,0.15605078726566643,0.5915811398836388,0.2523680728506949
25874,LOF,0.019717765005559048,0.11743283214649752,0.8628494028479434
25875,LOF,0.09753930045229213,0.03631756421405794,0.8661431353336498
25876,LOF,0.038560251006501504,0.04629977930266353,0.9151399696908349
25877,Neutral,0.5234937333724806,0.04123518216228688,0.43527108446523255
25878,LOF,0.21600328009664088,0.07376028508114317,0.7102364348222159
25879,LOF,0.09968606826857865,0.06921950056878429,0.8310944311626371
25880,LOF,0.02322845931383512,0.019693366232554882,0.95707817445361
25881,LOF,0.17851274253980742,0.09489632209948448,0.7265909353607081
25882,LOF,0.07254438211922072,0.012817980806285321,0.914637637074494
25883,LOF,0.08428802611296192,0.016246695985851156,0.8994652779011868
25884,LOF,0.04184273689461798,0.02903616052592393,0.9291211025794581
25885,LOF,0.06892749532435126,0.008536424685681606,0.9225360799899671
25886,LOF,0.33291271993613364,0.02863873751273899,0.6384485425511274
25887,LOF,0.17157470079615586,0.05273773247743995,0.7756875667264043
25888,LOF,0.07375528289720784,0.04878892433608116,0.8774557927667109
25889,LOF,0.052556278678649926,0.017847474202781686,0.9295962471185684
25890,LOF,0.051075393995292956,0.13370044995141644,0.8152241560532907
25891,LOF,0.04663442178279657,0.05450873226656205,0.8988568459506414
25892,LOF,0.09875507086299586,0.021316646616414022,0.8799282825205901
25893,LOF,0.27496171495208105,0.01586101264791277,0.7091772724000062
25894,LOF,0.19830109347841568,0.009278576276111367,0.792420330245473
25895,LOF,0.21502771217275768,0.020763493703651204,0.7642087941235912
25896,LOF,0.048020165090092506,0.020170988961553536,0.931808845948354
25897,LOF,0.26809262685809604,0.012790974745584965,0.719116398396319
25898,Neutral,0.7034097290897462,0.009508029249873774,0.28708224166038004
25899,LOF,0.24122146094774746,0.025008977591244274,0.7337695614610084
25900,LOF,0.46615519683757395,0.01657832772905472,0.5172664754333713
25901,LOF,0.05801396664956785,0.01151393986370044,0.9304720934867317
25902,LOF,0.19964882452923827,0.01100202641002412,0.7893491490607376
25903,Neutral,0.536926005720689,0.030847139255829454,0.4322268550234815
25904,LOF,0.29826430572205775,0.046427965336956395,0.6553077289409858
25905,LOF,0.022377109702066616,0.30495867385158426,0.6726642164463492
25906,LOF,0.02313978058898529,0.07088550763775868,0.905974711773256
25907,LOF,0.01407472225785373,0.30986029145474353,0.6760649862874026
25908,LOF,0.010471335013229308,0.21955539958988968,0.769973265396881
25909,LOF,0.013819691531734983,0.14027194650874408,0.845908361959521
25910,LOF,0.04638970674302475,0.12545226987439106,0.8281580233825842
25911,LOF,0.14181026001680266,0.027255653893058212,0.8309340860901391
25912,LOF,0.04225627557346201,0.04687801807925878,0.9108657063472793
25913,LOF,0.2938180799336329,0.0237638866821553,0.6824180333842118
25914,LOF,0.020538515966529686,0.11607883944302516,0.8633826445904452
25915,Neutral,0.4127018446129712,0.36305022542267035,0.22424792996435847
25916,LOF,0.06082946187634064,0.3892065930051815,0.5499639451184779
25917,LOF,0.0566014537305183,0.07474264480069655,0.8686559014687851
25918,LOF,0.03125681481346037,0.07567270607796188,0.8930704791085776
25919,LOF,0.024724068654719808,0.07656119696933307,0.8987147343759471
25920,GOF,0.0993528575283445,0.5420816876535955,0.35856545481805996
25921,LOF,0.026456080811800585,0.02516003252773769,0.9483838866604617
25922,LOF,0.03795678328710575,0.01746735844455044,0.9445758582683439
25923,LOF,0.433193254700391,0.0224423682785942,0.5443643770210148
25924,LOF,0.03893645715835013,0.03773410948134683,0.923329433360303
25925,LOF,0.06986887334693712,0.026158194942053667,0.9039729317110092
25926,LOF,0.049879573688622884,0.019457975287761213,0.9306624510236159
25927,LOF,0.07118394714375847,0.08090095133370526,0.8479151015225362
25928,LOF,0.020495806016213314,0.03766624743998222,0.9418379465438045
25929,Neutral,0.5733415745888689,0.024474446036512068,0.40218397937461897
25930,LOF,0.05476303759619726,0.02018095131755598,0.9250560110862467
25931,LOF,0.03075763636565464,0.020851259026291532,0.9483911046080539
25932,LOF,0.026738675723546802,0.021750441643786058,0.9515108826326673
25933,LOF,0.039502486869375096,0.013201313596896623,0.9472961995337283
25934,LOF,0.024628112340709198,0.016516182936042723,0.9588557047232481
25935,LOF,0.06239195432506437,0.029546421098084107,0.9080616245768516
25936,LOF,0.04974868523550457,0.018585111623252625,0.9316662031412428
25937,LOF,0.028181550732012787,0.02608797562875629,0.9457304736392309
25938,LOF,0.06484714798569752,0.03212218487765821,0.9030306671366443
25939,LOF,0.03915719943584466,0.012987236441172948,0.9478555641229823
25940,LOF,0.029022338226371812,0.3955168552093649,0.5754608065642633
25941,LOF,0.18817497564075722,0.09086209500479223,0.7209629293544506
25942,LOF,0.018180914919771026,0.03330961036688707,0.948509474713342
25943,LOF,0.31565046317720713,0.061237661605681566,0.6231118752171112
25944,Neutral,0.4900533359040572,0.030005460005921792,0.47994120409002106
25945,LOF,0.07322597362099623,0.02172945808698096,0.9050445682920228
25946,LOF,0.02696286634230216,0.12121001652021195,0.8518271171374859
25947,LOF,0.13488859275272408,0.2099335867758132,0.6551778204714627
25948,LOF,0.4395950021609474,0.010579852291227695,0.5498251455478249
25949,LOF,0.12072350548208259,0.04789307867095345,0.831383415846964
25950,GOF,0.24753553102407755,0.4636348682636779,0.28882960071224467
25951,LOF,0.25516217632212035,0.2594217050516551,0.4854161186262246
25952,LOF,0.04287449440517899,0.46984815535496766,0.4872773502398534
25953,LOF,0.13279991287609894,0.12111983542181473,0.7460802517020864
25954,Neutral,0.4197215703005614,0.22410717439674951,0.356171255302689
25955,LOF,0.06411827782518015,0.09073657819883359,0.8451451439759862
25956,LOF,0.19132518601519924,0.09492034494086338,0.7137544690439374
25957,LOF,0.03929997972788952,0.03315782683412723,0.9275421934379833
25958,LOF,0.059746243521759876,0.028362990648140272,0.9118907658300998
25959,LOF,0.0672425195636439,0.3558629381796515,0.5768945422567046
25960,LOF,0.019439732872166868,0.05231975568392898,0.9282405114439043
25961,LOF,0.05010133818927502,0.031514254291919404,0.9183844075188056
25962,LOF,0.05602637245905829,0.031591982291402254,0.9123816452495395
25963,LOF,0.04524437784480577,0.20679597588413046,0.7479596462710637
25964,LOF,0.03801652342260823,0.14779517986798252,0.8141882967094093
25965,LOF,0.41955020409791033,0.0967528004432203,0.48369699545886946
25966,LOF,0.4362701003083085,0.10481903490785206,0.45891086478383947
25967,LOF,0.012039965925252335,0.05769728071692973,0.9302627533578178
25968,GOF,0.03275113244363533,0.49145738473823253,0.4757914828181321
25969,LOF,0.024380304958381366,0.06362132453320975,0.9119983705084089
25970,LOF,0.06098841471985507,0.04484539612295434,0.8941661891571906
25971,LOF,0.07873928295624022,0.012877699332037234,0.9083830177117225
25972,LOF,0.08237490715646252,0.01789978968739383,0.8997253031561436
25973,LOF,0.09823413507068367,0.007218034834891672,0.8945478300944247
25974,LOF,0.1956492596856742,0.018987696734629345,0.7853630435796964
25975,LOF,0.05682670956290126,0.025078057649300284,0.9180952327877985
25976,LOF,0.05005751643243715,0.013201850914829736,0.9367406326527331
25977,LOF,0.1577534474722358,0.09281695603485206,0.7494295964929122
25978,LOF,0.13576753331869149,0.04700939229953503,0.8172230743817734
25979,LOF,0.12769273013690877,0.04993880719988254,0.8223684626632086
25980,LOF,0.18441858648409498,0.059856251476266914,0.7557251620396381
25981,LOF,0.21773259055503405,0.05823636827288229,0.7240310411720836
25982,LOF,0.3680649876886709,0.04443823906495625,0.5874967732463728
25983,LOF,0.3495109382993776,0.04273611327145346,0.6077529484291689
25984,LOF,0.05531249332740914,0.05447926243785075,0.8902082442347402
25985,LOF,0.028565162701231408,0.22327692914346636,0.7481579081553023
25986,LOF,0.04215898259549034,0.2513652474215417,0.706475769982968
25987,LOF,0.07442310338222542,0.06494826039162668,0.860628636226148
25988,LOF,0.1289233364239659,0.05746547202431753,0.8136111915517166
25989,LOF,0.029375888670982488,0.1159006195055286,0.8547234918234888
25990,LOF,0.037689066360492074,0.14274453924022043,0.8195663943992876
25991,LOF,0.19729437665188496,0.26200667371180114,0.5406989496363139
25992,LOF,0.38449072492658853,0.14597699222519242,0.46953228284821913
25993,LOF,0.023914225650410726,0.0690804921408711,0.9070052822087181
25994,LOF,0.0180908695502255,0.1020328293030295,0.8798763011467449
25995,LOF,0.026500045687197278,0.1794239936841729,0.7940759606286298
25996,GOF,0.2828071607243026,0.4594232396663271,0.25776959960937024
25997,GOF,0.10019024139370744,0.48314049793135333,0.41666926067493926
25998,Neutral,0.5068122317870024,0.024347819353638687,0.468839948859359
25999,LOF,0.1124646999990235,0.10599311742326538,0.7815421825777112
26000,LOF,0.16052722932342736,0.029658946271749635,0.809813824404823
26001,LOF,0.18295955428154873,0.031799315155558026,0.7852411305628932
26002,LOF,0.13464917660253237,0.03323840607107814,0.8321124173263894
26003,GOF,0.010567291022300189,0.5577861421599717,0.4316465668177281
26004,GOF,0.02686565118277168,0.6119803905943257,0.36115395822290247
26005,LOF,0.00959426870569241,0.42468530019439227,0.5657204310999153
26006,Neutral,0.5291637608235656,0.20546089344723883,0.2653753457291955
26007,GOF,0.02434989539478386,0.4993978722647999,0.4762522323404161
26008,GOF,0.020898240465427792,0.5335216946725981,0.44558006486197405
26009,GOF,0.024791253020851268,0.5808402054275016,0.3943685415516472
26010,GOF,0.02657411928448906,0.572804384973267,0.4006214957422439
26011,LOF,0.007602091508942234,0.4113449632834634,0.5810529452075943
26012,GOF,0.018703412750391335,0.5086721433494679,0.47262444390014074
26013,GOF,0.021149133392661196,0.5630035966752863,0.41584726993205245
26014,LOF,0.04334943541578547,0.14836501809511662,0.8082855464890979
26015,LOF,0.2215594244023834,0.008133418870886547,0.7703071567267301
26016,LOF,0.24691903793747974,0.03751045433296219,0.715570507729558
26017,LOF,0.2657390809895033,0.060694273925629566,0.6735666450848671
26018,LOF,0.1086866943105379,0.034565821077694195,0.8567474846117679
26019,LOF,0.10305193479666216,0.02634248205552502,0.8706055831478128
26020,LOF,0.06471799102885184,0.08990033743545557,0.8453816715356924
26021,LOF,0.0491043363928973,0.10321241700970218,0.8476832465974005
26022,LOF,0.012296526055652379,0.04024035406603147,0.9474631198783162
26023,LOF,0.12942112714124027,0.021383724731421836,0.849195148127338
26024,LOF,0.0296659056700044,0.0994033579355166,0.8709307363944789
26025,LOF,0.17652261029903804,0.08608754268693297,0.737389847014029
26026,LOF,0.3455430344121753,0.020217482462635127,0.6342394831251895
26027,LOF,0.09872501861835083,0.015004538234271367,0.8862704431473778
26028,LOF,0.15012841437917074,0.07266120403322261,0.7772103815876066
26029,LOF,0.06840008474445218,0.20519207656282526,0.7264078386927225
26030,LOF,0.023184968639652172,0.06221049230095197,0.9146045390593958
26031,LOF,0.02703661161202228,0.155759449559184,0.8172039388287938
26032,LOF,0.06292732151690358,0.06256346348638789,0.8745092149967085
26033,LOF,0.11495496564687802,0.08316621092437945,0.8018788234287425
26034,LOF,0.042382367662924254,0.16837461492572506,0.7892430174113507
26035,LOF,0.026261983019242534,0.15385950849002722,0.8198785084907303
26036,LOF,0.03906938525324765,0.18207343771998258,0.7788571770267697
26037,LOF,0.02118489052671267,0.13057620872091058,0.8482389007523767
26038,LOF,0.05821367759505445,0.06707668419989883,0.8747096382050468
26039,LOF,0.05001157347424434,0.16126390851334238,0.7887245180124133
26040,LOF,0.1914796622624551,0.13138450667957693,0.677135831057968
26041,LOF,0.021847549022496814,0.1212587046071856,0.8568937463703177
26042,LOF,0.02137902926489301,0.11894771923922615,0.8596732514958809
26043,LOF,0.05791700827529677,0.08151991468628063,0.8605630770384227
26044,LOF,0.01919975151633758,0.07943024527478712,0.9013700032088753
26045,LOF,0.06931463532827087,0.11015301242029568,0.8205323522514334
26046,LOF,0.05938524872292578,0.08109224960920976,0.8595225016678644
26047,LOF,0.0851344256817133,0.08387425898294805,0.8309913153353387
26048,LOF,0.04826575058490179,0.05506044040502162,0.8966738090100765
26049,Neutral,0.959653742790387,0.009413928166147133,0.030932329043465896
26050,Neutral,0.943563464033428,0.011938183591683459,0.0444983523748887
26051,LOF,0.0497099755513775,0.27995637637585863,0.6703336480727639
26052,LOF,0.06924572338533895,0.2697688121726449,0.6609854644420162
26053,LOF,0.062114308232316784,0.11783620182221578,0.8200494899454676
26054,LOF,0.06198446789210248,0.017703450624230822,0.9203120814836666
26055,LOF,0.07641212277634503,0.014615161572079425,0.9089727156515756
26056,LOF,0.06456414408286011,0.016522632218152408,0.9189132236989874
26057,LOF,0.030634426680968444,0.011239391249969225,0.9581261820690624
26058,LOF,0.03261114123738907,0.008758544206544054,0.9586303145560668
26059,LOF,0.3062723844977463,0.022222960693244115,0.6715046548090096
26060,LOF,0.028921596721078684,0.15846390007795888,0.8126145032009625
26061,LOF,0.01860668328870177,0.010739749403953724,0.9706535673073444
26062,LOF,0.011926690722906962,0.01671734941443413,0.971355959862659
26063,LOF,0.0226679483866667,0.012208996479724116,0.9651230551336091
26064,LOF,0.022405232476455657,0.018248823504757344,0.9593459440187869
26065,LOF,0.02500872704504084,0.01082820187542769,0.9641630710795316
26066,LOF,0.02144022328772232,0.010512212066723908,0.9680475646455537
26067,LOF,0.028417332231506897,0.008146789396205834,0.9634358783722874
26068,LOF,0.05186402254724519,0.027044892247517535,0.9210910852052373
26069,LOF,0.28367212205539327,0.01608829924482722,0.7002395786997796
26070,LOF,0.4005762055529573,0.012608592312432,0.5868152021346107
26071,LOF,0.023797368197906885,0.011912502822362704,0.9642901289797303
26072,LOF,0.02128986553129655,0.0175915544736119,0.9611185799950914
26073,LOF,0.02518836511015387,0.010507087386255411,0.9643045475035906
26074,Neutral,0.9103047331451524,0.005322510600238954,0.08437275625460883
26075,LOF,0.04790500116708681,0.013648303497033514,0.9384466953358797
26076,LOF,0.047337661311764465,0.008726904468440464,0.9439354342197951
26077,LOF,0.009636526972464594,0.01908780471883782,0.9712756683086976
26078,LOF,0.01324372542352172,0.011692099066248287,0.9750641755102301
26079,LOF,0.06473575639675529,0.01639196827321583,0.9188722753300289
26080,LOF,0.06266087584977016,0.01642790005743771,0.9209112240927921
26081,LOF,0.03977633401984622,0.006042738374004826,0.954180927606149
26082,LOF,0.016955915335819603,0.01570183535286309,0.9673422493113173
26083,LOF,0.13347625268649718,0.01240742881784877,0.8541163184956541
26084,LOF,0.027184254899274053,0.012233627007897674,0.9605821180928282
26085,LOF,0.022682341660272103,0.011622606762345873,0.965695051577382
26086,LOF,0.02454242271994857,0.010778252021157444,0.964679325258894
26087,LOF,0.028032228048299974,0.007591853546924153,0.9643759184047759
26088,LOF,0.016706731238846338,0.02471502108317962,0.9585782476779742
26089,LOF,0.04876702959333681,0.020568866161512506,0.9306641042451507
26090,LOF,0.04718358119357861,0.016585707773150753,0.9362307110332706
26091,LOF,0.039963710959754456,0.006054427215216639,0.9539818618250289
26092,LOF,0.026275605774395954,0.007654954392654643,0.9660694398329494
26093,LOF,0.04078413720479686,0.005701790618795502,0.9535140721764076
26094,LOF,0.04274501238854501,0.006640107753390799,0.9506148798580641
26095,LOF,0.047996236850886005,0.014371863026710566,0.9376319001224035
26096,LOF,0.019697665010254585,0.011140848642727831,0.9691614863470176
26097,LOF,0.011887008472280294,0.041249393504724674,0.946863598022995
26098,LOF,0.07900223035437018,0.011264235220432817,0.909733534425197
26099,LOF,0.024337563798209175,0.012848800900875909,0.9628136353009149
26100,LOF,0.026081993229316387,0.012567313931229849,0.9613506928394538
26101,LOF,0.057044398550118745,0.011290478580300401,0.9316651228695809
26102,LOF,0.025717326573981323,0.013286710778297439,0.9609959626477211
26103,Neutral,0.8941065869231356,0.017718591388391526,0.08817482168847296
26104,LOF,0.08332042640587628,0.026729536079861393,0.8899500375142623
26105,LOF,0.20759970723472967,0.26134512494079026,0.5310551678244801
26106,LOF,0.1995092866899815,0.1249452207595395,0.6755454925504791
26107,LOF,0.2598909007674326,0.07909902575801893,0.6610100734745485
26108,LOF,0.21493819414579005,0.12481898617068807,0.6602428196835219
26109,LOF,0.08963876002629442,0.08398434943636668,0.8263768905373388
26110,LOF,0.24074671616714552,0.00590415400553592,0.7533491298273185
26111,LOF,0.4814132903379502,0.01611520423424413,0.5024715054278056
26112,LOF,0.03425935283388432,0.008029604240526251,0.9577110429255895
26113,LOF,0.05281775683840374,0.014197647597609084,0.932984595563987
26114,LOF,0.0302308672913976,0.026679502400263014,0.9430896303083394
26115,LOF,0.10563193750039972,0.06389710488787302,0.8304709576117273
26116,LOF,0.06524310932795055,0.05853078881263066,0.8762261018594187
26117,LOF,0.42678948656508636,0.048757980577590974,0.5244525328573227
26118,LOF,0.03766570010787987,0.027164482698855442,0.9351698171932648
26119,LOF,0.022391546654899497,0.03333941466579656,0.9442690386793039
26120,LOF,0.030400555710784278,0.027376740967187025,0.9422227033220287
26121,LOF,0.05570796385548573,0.08654700337484568,0.8577450327696687
26122,LOF,0.047296872565677314,0.03886602734987573,0.9138371000844469
