feature0,prediction,LoGoFunc_Neutral,LoGoFunc_GOF,LoGoFunc_LOF
25546,Neutral,0.6024944175685776,0.05647174545955445,0.3410338369718679
25547,Neutral,0.4783115857170156,0.09510538103428269,0.42658303324870184
25548,Neutral,0.4904243778065758,0.08038637939699664,0.4291892427964277
25549,LOF,0.42547402004831686,0.07939545720972033,0.4951305227419629
25550,LOF,0.3557294523306013,0.11429262421772995,0.5299779234516688
25551,LOF,0.3079456020264949,0.1247886470763279,0.5672657508971771
25552,LOF,0.2714232859251038,0.12468761373965602,0.6038891003352401
25553,Neutral,0.7878746380592702,0.0473374898329826,0.16478787210774715
25554,LOF,0.3116534554331152,0.11251482281221922,0.5758317217546656
25555,LOF,0.2660393211742002,0.10855663578018483,0.6254040430456148
25556,Neutral,0.4552633734489738,0.09864783246058123,0.4460887940904451
25557,LOF,0.25048690196241497,0.11367510274514034,0.6358379952924447
25558,LOF,0.3000477976422693,0.11010637671318282,0.5898458256445478
25559,LOF,0.2515605783532981,0.1302320630395319,0.61820735860717
25560,LOF,0.17434464608100936,0.11736612252548316,0.7082892313935075
25561,LOF,0.1657065593815731,0.13192868056333967,0.7023647600550873
25562,LOF,0.0711845560725156,0.0843715084211203,0.8444439355063641
25563,LOF,0.026476314831001272,0.14855355116337116,0.8249701340056276
25564,LOF,0.20471439078738435,0.1395051200613134,0.6557804891513023
25565,LOF,0.20635315664691045,0.13491557937174686,0.6587312639813426
25566,GOF,0.10198731694766695,0.6403585501654561,0.2576541328868769
25567,LOF,0.03972958588277675,0.1832010718459791,0.7770693422712441
25568,LOF,0.06081585888913613,0.11118321624733273,0.8280009248635312
25569,LOF,0.05672073430863666,0.11123815510059065,0.8320411105907727
25570,LOF,0.0261802766204985,0.13762471710511212,0.8361950062743894
25571,LOF,0.025291797115867192,0.1392475061285881,0.8354606967555446
25572,LOF,0.05760136964479741,0.16381577399968233,0.7785828563555202
25573,LOF,0.053185352009622856,0.13016605671072043,0.8166485912796566
25574,LOF,0.057930917462825936,0.2513677900833916,0.6907012924537824
25575,LOF,0.021628577960254084,0.16408261732255058,0.8142888047171953
25576,LOF,0.027440270285025485,0.20062644490574727,0.7719332848092272
25577,LOF,0.028989607352689194,0.1568674117694474,0.8141429808778634
25578,LOF,0.295932185850591,0.13253749687916083,0.5715303172702482
25579,LOF,0.1371565459298156,0.13637043258743348,0.7264730214827511
25580,LOF,0.018715659022955425,0.11789007561475319,0.8633942653622914
25581,LOF,0.05586830209992398,0.10091295122194614,0.8432187466781298
25582,LOF,0.055711269544753576,0.09798215706582833,0.8463065733894181
25583,LOF,0.020662790003648596,0.11762385887264849,0.8617133511237031
25584,Neutral,0.700041709871936,0.14317740093587794,0.15678088919218605
25585,LOF,0.02556842138846396,0.19219681604512065,0.7822347625664154
25586,LOF,0.01646702757983953,0.10344841747190121,0.8800845549482592
25587,LOF,0.01611699095030003,0.09179753389087038,0.8920854751588295
25588,LOF,0.019053554010598155,0.09811136230813908,0.8828350836812627
25589,Neutral,0.47398839597966924,0.27310158431434606,0.25291001970598465
25590,LOF,0.047093247636506685,0.16136392921083983,0.7915428231526535
25591,LOF,0.09961166717634576,0.08853193398050423,0.81185639884315
25592,LOF,0.05378582609832386,0.1992103034974398,0.7470038704042364
25593,LOF,0.11919521906109401,0.3184271389990902,0.5623776419398159
25594,LOF,0.051732973377933,0.0712504946776628,0.8770165319444042
25595,LOF,0.0491741125154565,0.050009733053637526,0.9008161544309059
25596,LOF,0.10905120963192556,0.022635351360503545,0.868313439007571
25597,LOF,0.08278803608268474,0.03138248558035608,0.8858294783369591
25598,LOF,0.052579615730811394,0.05421888161699076,0.8932015026521979
25599,LOF,0.02024964874930559,0.48093764759819835,0.4988127036524961
25600,GOF,0.17726537088799543,0.4816537707024995,0.34108085840950503
25601,LOF,0.03573573707596457,0.3768300970091116,0.5874341659149238
25602,LOF,0.03926564873328599,0.05692505009853796,0.9038093011681759
25603,LOF,0.034462039973476126,0.03314879140479824,0.9323891686217256
25604,LOF,0.03730935645113879,0.06869935976958437,0.893991283779277
25605,LOF,0.03539029727298353,0.1849804836828856,0.7796292190441309
25606,LOF,0.4257563733501207,0.11645446740253886,0.4577891592473405
25607,LOF,0.027043805926599336,0.16313338892180415,0.8098228051515964
25608,LOF,0.042513974298332056,0.0703095647088428,0.8871764609928251
25609,GOF,0.15520859934070952,0.5193171088897156,0.32547429176957504
25610,LOF,0.01736034434192155,0.028720697099842502,0.9539189585582358
25611,LOF,0.014688966229185531,0.0330023905733816,0.9523086431974328
25612,LOF,0.05318167348037869,0.046290577302973306,0.9005277492166479
25613,LOF,0.04896416060209866,0.04648600895538289,0.9045498304425185
25614,LOF,0.024370399035525053,0.025062446195924258,0.9505671547685508
25615,LOF,0.04788960603064794,0.04066529606077949,0.9114450979085725
25616,LOF,0.053282342306798625,0.02877411599225714,0.9179435417009442
25617,LOF,0.044414389634594834,0.039663551281764374,0.9159220590836408
25618,LOF,0.05117156504756657,0.037178004372429435,0.911650430580004
25619,LOF,0.014628151109769873,0.03208915242033432,0.9532826964698959
25620,LOF,0.06567637713440243,0.04379147317817713,0.8905321496874204
25621,LOF,0.055669478063384306,0.037373689742692055,0.9069568321939235
25622,LOF,0.06550683839261305,0.03669650268507982,0.8977966589223072
25623,LOF,0.07699718484291349,0.03178024999908559,0.8912225651580009
25624,LOF,0.02025360351781369,0.03304452393680065,0.9467018725453857
25625,LOF,0.06052633483125271,0.040838371761818315,0.898635293406929
25626,LOF,0.05198295533025088,0.046234563618257306,0.9017824810514917
25627,Neutral,0.8931319433684093,0.02041742806269607,0.08645062856889475
25628,LOF,0.14064722143246716,0.06662517693949489,0.7927276016280379
25629,LOF,0.059014719280935955,0.057483484327637585,0.8835017963914265
25630,LOF,0.2846963026581713,0.07867068571475548,0.6366330116270732
25631,Neutral,0.5370586564850549,0.06778297063179628,0.39515837288314887
25632,LOF,0.027142981150254382,0.07122582104594422,0.9016311978038014
25633,LOF,0.16733303157847765,0.04112843999199662,0.7915385284295257
25634,LOF,0.0352394318261353,0.09261618267925167,0.8721443854946129
25635,LOF,0.04084319034284885,0.042953129412247416,0.9162036802449037
25636,LOF,0.03672426905268742,0.41431529761659786,0.5489604333307148
25637,GOF,0.07952370108470053,0.4875107542970472,0.43296554461825226
25638,LOF,0.030592930086907215,0.3455931910990339,0.6238138788140589
25639,LOF,0.03337479624802589,0.37536781071757735,0.5912573930343967
25640,Neutral,0.7575625240915222,0.19619878825985526,0.04623868764862252
25641,GOF,0.06681936020698646,0.48489365811443513,0.4482869816785785
25642,LOF,0.05120786133882941,0.18975135748155383,0.7590407811796167
25643,LOF,0.18495388621696218,0.15241321536318314,0.6626328984198547
25644,GOF,0.027897810140880483,0.5018040183227039,0.4702981715364156
25645,LOF,0.03246858915856128,0.4353025048113006,0.5322289060301381
25646,LOF,0.06754230907841205,0.3570610117517953,0.5753966791697926
25647,LOF,0.03220049265281929,0.29136271655459733,0.6764367907925835
25648,LOF,0.04358216611001713,0.2922100407367908,0.6642077931531921
25649,LOF,0.020187896177266476,0.2615982231791572,0.7182138806435763
25650,LOF,0.06452769023973598,0.4340418801763305,0.5014304295839336
25651,LOF,0.021490355303785704,0.3110435500603204,0.6674660946358939
25652,LOF,0.045562567496675366,0.2941851829035317,0.660252249599793
25653,LOF,0.10207843873967958,0.4303103549794512,0.46761120628086916
25654,LOF,0.032128238427431344,0.26141086861782176,0.7064608929547469
25655,GOF,0.23991966872473922,0.4289502893007029,0.33113004197455786
25656,LOF,0.3661766873859559,0.0828762421866959,0.5509470704273483
25657,LOF,0.0691377115016699,0.08128327784866382,0.8495790106496662
25658,LOF,0.3965425361825781,0.07948742077320838,0.5239700430442136
25659,Neutral,0.519982908458209,0.11714145681875603,0.3628756347230349
25660,LOF,0.021944165425798953,0.0838124319036326,0.8942434026705685
25661,LOF,0.09876385914075445,0.05894564744472728,0.8422904934145183
25662,LOF,0.03649510511750843,0.03387160166814493,0.9296332932143465
25663,LOF,0.045817079735076316,0.04543317554303424,0.9087497447218894
25664,LOF,0.14284273615857898,0.06316960602242316,0.7939876578189978
25665,LOF,0.058221254575069985,0.032879095923824535,0.9088996495011055
25666,LOF,0.09807528135210375,0.06701781924949489,0.8349068993984013
25667,LOF,0.0781023560351533,0.040701560680426414,0.8811960832844203
25668,LOF,0.03886138076811814,0.04920287796316575,0.911935741268716
25669,LOF,0.03265767985860866,0.0498092559033023,0.9175330642380891
25670,LOF,0.13938198543523098,0.057666470262055666,0.8029515443027134
25671,LOF,0.1240834295424979,0.03391944286468754,0.8419971275928146
25672,LOF,0.05526963107608796,0.04223588673929002,0.9024944821846219
25673,LOF,0.08224437804754384,0.05246001371951583,0.8652956082329404
25674,LOF,0.06955489189136174,0.06246396581486183,0.8679811422937765
25675,LOF,0.11701954492441345,0.06015188342646112,0.8228285716491255
25676,LOF,0.020412999178963415,0.05461608657249679,0.9249709142485398
25677,LOF,0.02571128150991811,0.0678073855148386,0.9064813329752434
25678,LOF,0.20202793821451168,0.06072639760755104,0.7372456641779372
25679,LOF,0.1175091747889843,0.08072090021037305,0.8017699250006426
25680,LOF,0.036158175903627236,0.11147270786813328,0.8523691162282395
25681,LOF,0.05965288955420137,0.10313052539179128,0.8372165850540074
25682,LOF,0.15321225162481572,0.0705708919020108,0.7762168564731735
25683,LOF,0.1101332220984464,0.09035199360421615,0.7995147842973375
25684,LOF,0.04426015117928369,0.0722750583558381,0.8834647904648784
25685,LOF,0.13608100165097048,0.05691703301774472,0.8070019653312847
25686,LOF,0.0802923398664793,0.09297533597098122,0.8267323241625395
25687,LOF,0.12535380927631046,0.09676582350346072,0.7778803672202289
25688,LOF,0.3798736630568728,0.035155106642824306,0.5849712303003028
25689,LOF,0.2813926133917049,0.03896187846194689,0.6796455081463483
25690,LOF,0.3628023019192573,0.029801701184570376,0.6073959968961724
25691,Neutral,0.7029239124877864,0.0256509868924863,0.27142510061972724
25692,LOF,0.3388651471736168,0.01153638235319373,0.6495984704731895
25693,LOF,0.047056013032886125,0.40852071452616917,0.5444232724409447
25694,LOF,0.12249168118168609,0.01442117017478674,0.8630871486435271
25695,LOF,0.112040829447501,0.012788576769638819,0.8751705937828601
25696,LOF,0.1288808681224403,0.008727986484398662,0.8623911453931611
25697,LOF,0.08973031854355518,0.04638541601602625,0.8638842654404186
25698,LOF,0.35216197473972577,0.17570720713043847,0.4721308181298357
25699,LOF,0.4461374052679467,0.04290876186780503,0.5109538328642482
25700,LOF,0.08196206430465405,0.010010991086465077,0.9080269446088809
25701,LOF,0.1550428916440332,0.05604009272780608,0.7889170156281606
25702,GOF,0.20488070062792366,0.5480244537790093,0.24709484559306705
25703,LOF,0.015770821039209813,0.15923500653166528,0.8249941724291249
25704,LOF,0.04273764578411973,0.0992303679848945,0.8580319862309859
25705,LOF,0.05569494206735007,0.16010479582822584,0.7842002621044241
25706,LOF,0.10073609292457701,0.43260633724685316,0.4666575698285698
25707,LOF,0.09012350775590598,0.3884243278942954,0.5214521643497986
25708,LOF,0.03028014506372511,0.3276169938818766,0.6421028610543983
25709,LOF,0.06911423968406179,0.04620457173157941,0.8846811885843587
25710,LOF,0.01235361902585539,0.16212579170484417,0.8255205892693004
25711,LOF,0.0202399795856436,0.10621002000631237,0.8735500004080441
25712,LOF,0.013626385081707814,0.20360122777395112,0.782772387144341
25713,LOF,0.019627824385538964,0.09196114280351377,0.8884110328109472
25714,LOF,0.07955130884341807,0.08637008399214194,0.83407860716444
25715,LOF,0.011416742224243508,0.16443939735459784,0.8241438604211587
25716,LOF,0.012546612728748623,0.12894466979102515,0.8585087174802263
25717,LOF,0.011849861500618333,0.09097248210682492,0.8971776563925568
25718,LOF,0.01269652677802891,0.11456435926823805,0.8727391139537329
25719,LOF,0.01897703386408726,0.08527088019861172,0.8957520859373009
25720,LOF,0.024365680400659742,0.0794362000092215,0.8961981195901187
25721,LOF,0.015444987308436667,0.13244420233932527,0.8521108103522381
25722,LOF,0.014069339333598798,0.14230374750111804,0.8436269131652832
25723,LOF,0.02374653868975957,0.048938236121913566,0.9273152251883269
25724,LOF,0.03144437431854868,0.09479366150958646,0.8737619641718648
25725,LOF,0.012262935982654453,0.07197013915935277,0.9157669248579928
25726,LOF,0.015922741566922576,0.12261958325268763,0.8614576751803897
25727,LOF,0.013646553785185506,0.09607750507059053,0.8902759411442239
25728,LOF,0.010108863809828157,0.13808715151788672,0.8518039846722851
25729,LOF,0.010729301550629712,0.13619087077966816,0.853079827669702
25730,LOF,0.014291951103585328,0.0968542279351361,0.8888538209612785
25731,LOF,0.021218474813991837,0.12103907924432854,0.8577424459416797
25732,LOF,0.014664940115433957,0.10042098680121297,0.8849140730833531
25733,LOF,0.01568467688223149,0.08039529887152252,0.9039200242462461
25734,LOF,0.011965954277638198,0.13246657456529567,0.855567471157066
25735,LOF,0.014215926527851093,0.09954194837834887,0.8862421250938
25736,LOF,0.015195427996276462,0.1174568502894602,0.8673477217142634
25737,LOF,0.012711427716353658,0.09342869194569177,0.8938598803379545
25738,LOF,0.012664569086708493,0.11564001133234922,0.8716954195809422
25739,LOF,0.022226703749216783,0.08273037756169688,0.8950429186890864
25740,LOF,0.028242877492165714,0.11834675545725633,0.8534103670505779
25741,LOF,0.01580760640825327,0.12767832164999457,0.8565140719417521
25742,LOF,0.12480167427607473,0.09129063069292631,0.7839076950309991
25743,LOF,0.033328017571401615,0.03368482975354538,0.9329871526750529
25744,Neutral,0.5532372373001199,0.2175723390605252,0.22919042363935502
25745,LOF,0.08062386625213189,0.060503710460050396,0.8588724232878178
25746,LOF,0.044736068652132796,0.07229228227446921,0.8829716490733981
25747,LOF,0.02130210156319242,0.05465948299989008,0.9240384154369174
25748,LOF,0.08492212771968165,0.07757700347704376,0.8375008688032746
25749,LOF,0.024768599053168246,0.07355188923174831,0.9016795117150833
25750,LOF,0.09276343839593312,0.0829588780366122,0.8242776835674547
25751,LOF,0.09330267895988792,0.08908549168387582,0.8176118293562363
25752,GOF,0.1261772275593871,0.6310200236910726,0.2428027487495403
25753,LOF,0.021013526334477693,0.27538507112405136,0.703601402541471
25754,GOF,0.012114605339064445,0.7930282549560658,0.19485713970486968
25755,LOF,0.02372649595156315,0.3818932577099696,0.5943802463384672
25756,LOF,0.04625088161239626,0.3537073033965327,0.600041814991071
25757,GOF,0.0145075195944943,0.8378407740625691,0.14765170634293664
25758,GOF,0.029142178810713727,0.8031429121944337,0.16771490899485256
25759,GOF,0.011401802728220002,0.5753764227911954,0.4132217744805846
25760,LOF,0.012509641953730458,0.26464225103871236,0.7228481070075572
25761,GOF,0.2628768416406398,0.638841374150383,0.09828178420897718
25762,LOF,0.040726165702574056,0.26904718404196865,0.6902266502554573
25763,LOF,0.016058772747217637,0.19572369999116188,0.7882175272616204
25764,GOF,0.08541407219465373,0.6156122914506688,0.29897363635467755
25765,GOF,0.040452973663041694,0.7492850289994143,0.21026199733754417
25766,GOF,0.06823191904711372,0.7623047490760755,0.1694633318768108
25767,GOF,0.16228184195273315,0.5711702449184713,0.2665479131287955
25768,LOF,0.1092199845893894,0.06982467823227646,0.8209553371783341
25769,LOF,0.06076855680741137,0.05663423133525624,0.8825972118573323
25770,LOF,0.3228847939341545,0.08937269498754499,0.5877425110783006
25771,LOF,0.041803120387081644,0.04685422215907928,0.9113426574538391
25772,LOF,0.02030291372794797,0.039829297386937565,0.9398677888851144
25773,LOF,0.05001750720258659,0.0962877996185605,0.8536946931788529
25774,LOF,0.02944974410390234,0.07034204996238579,0.9002082059337118
25775,LOF,0.047268212628024,0.04487409592847544,0.9078576914435006
25776,LOF,0.08778194552484211,0.024311925232208594,0.8879061292429492
25777,LOF,0.38289949156560843,0.05824325727884753,0.5588572511555441
25778,LOF,0.07486367605431261,0.047320627147397196,0.8778156967982902
25779,GOF,0.3662031617290761,0.5854971427111547,0.04829969555976927
25780,GOF,0.3224135013968785,0.6002498706511405,0.07733662795198089
25781,GOF,0.1367590956715516,0.7454489968797395,0.11779190744870893
25782,GOF,0.22396985524686908,0.6833678002831763,0.09266234446995449
25783,GOF,0.025379128460696756,0.6224436243669293,0.3521772471723738
25784,Neutral,0.4967477026282582,0.45403871869792845,0.049213578673813464
25785,GOF,0.4576702698817264,0.5003488121651283,0.041980917953145326
25786,GOF,0.02438790106545557,0.7423690526261861,0.23324304630835832
25787,Neutral,0.6047110869934451,0.36887447123654116,0.026414441770013706
25788,LOF,0.05347905958605465,0.11393121051433806,0.8325897298996073
25789,GOF,0.20402359605927864,0.6576700285590034,0.13830637538171808
25790,GOF,0.22624245585356248,0.6698709063900291,0.10388663775640841
25791,GOF,0.19463824003044136,0.65218176484757,0.15317999512198874
25792,GOF,0.3821988677294035,0.49636376592113335,0.12143736634946309
25793,GOF,0.24937356814025993,0.5181456836505103,0.23248074820922968
25794,GOF,0.3137428814169761,0.4995147777825325,0.1867423408004914
25795,GOF,0.08373843556529792,0.6454214202444456,0.2708401441902565
25796,Neutral,0.5490542695246511,0.370074048627834,0.08087168184751495
25797,GOF,0.08068172037918551,0.5145933650521554,0.40472491456865906
25798,LOF,0.00935375673583161,0.4913391468572388,0.49930709640692955
25799,LOF,0.007724616325637896,0.39131190779745123,0.6009634758769108
25800,GOF,0.03230546435600367,0.576020878040912,0.3916736576030845
25801,GOF,0.20970993124242873,0.6397672472801145,0.15052282147745683
25802,GOF,0.07212816410660117,0.6740684177931073,0.25380341810029144
25803,GOF,0.03205896530355765,0.5797169825974986,0.3882240520989438
25804,GOF,0.031375266149808886,0.49584758916515237,0.4727771446850387
25805,GOF,0.0947533011933215,0.5724165203568138,0.3328301784498647
25806,GOF,0.10019386182984989,0.581828371846717,0.31797776632343316
25807,GOF,0.019849317168537137,0.5955261651414608,0.38462451769000205
25808,GOF,0.0826722551853769,0.6211480885249385,0.2961796562896846
25809,GOF,0.0187582590450518,0.576230154078754,0.40501158687619415
25810,GOF,0.01884616881313209,0.6106883809572863,0.3704654502295817
25811,GOF,0.44577554343122794,0.468811006496604,0.08541345007216798
25812,GOF,0.036722416614258596,0.6420704473583048,0.3212071360274367
25813,Neutral,0.5017350820880714,0.40757638478835906,0.09068853312356968
25814,GOF,0.12245640622365468,0.6632704910278611,0.21427310274848416
25815,GOF,0.18616386915945238,0.622554009066133,0.19128212177441448
25816,GOF,0.023602867773047143,0.6866224743698618,0.2897746578570911
25817,GOF,0.20154259053303136,0.6483728815012058,0.15008452796576285
25818,GOF,0.04964662338534923,0.6172000050255312,0.3331533715891196
25819,GOF,0.36888197391457034,0.4852375616373309,0.14588046444809874
25820,GOF,0.17955995251341264,0.6008098584148688,0.21963018907171852
25821,GOF,0.06296195899453341,0.6630127596271473,0.2740252813783193
25822,GOF,0.19757890506278858,0.5641266508288998,0.23829444410831158
25823,GOF,0.03441434936212037,0.496889900287943,0.4686957503499366
25824,GOF,0.0807873797791113,0.5661869530896438,0.3530256671312449
25825,GOF,0.03529099713101472,0.559976815212538,0.40473218765644736
25826,GOF,0.0140257644959212,0.5262602082042681,0.4597140272998107
25827,GOF,0.022292399536362348,0.5880692514322124,0.38963834903142525
25828,GOF,0.013021090578425504,0.5250245007266764,0.4619544086948982
25829,GOF,0.006725469624362254,0.5610656880638558,0.4322088423117819
25830,LOF,0.03265328613384487,0.3197706248449261,0.6475760890212291
25831,GOF,0.19289700101449359,0.6656737026540415,0.14142929633146498
25832,GOF,0.03139751157235534,0.6596348638956672,0.30896762453197746
25833,GOF,0.11389432137870835,0.6888673345746016,0.1972383440466901
25834,GOF,0.033902221236513444,0.655938932852528,0.31015884591095855
25835,GOF,0.07835668425660279,0.7208162552511698,0.2008270604922274
25836,GOF,0.04096268446525664,0.6429883334490175,0.3160489820857259
25837,GOF,0.02795280636519273,0.559973309233496,0.4120738844013113
25838,GOF,0.08468324312228175,0.7400201751911534,0.17529658168656478
25839,GOF,0.28630720090847805,0.5398297755085338,0.17386302358298805
25840,GOF,0.19437604790019056,0.6391803304757038,0.16644362162410567
25841,GOF,0.2278051670210035,0.617556407029861,0.1546384259491354
25842,GOF,0.1762654090738543,0.6717330622751071,0.15200152865103858
25843,GOF,0.23201314759310673,0.6599082361502251,0.10807861625666827
25844,GOF,0.06169752549337074,0.6663098071113466,0.27199266739528266
25845,LOF,0.01552578269248825,0.45389533116498854,0.5305788861425232
25846,GOF,0.10925770021829424,0.7017930260019405,0.18894927377976523
25847,GOF,0.11220146467297212,0.7601725174590953,0.12762601786793268
25848,GOF,0.0343166330313065,0.6757619805176623,0.28992138645103105
25849,GOF,0.011510188798605641,0.5739929771617107,0.4144968340396837
25850,GOF,0.02069792994687813,0.6095062510648724,0.36979581898824937
25851,GOF,0.01673341753458033,0.5051412572132084,0.4781253252522113
25852,GOF,0.15994853871487458,0.5417692927583527,0.29828216852677275
25853,GOF,0.3363776908594045,0.5888262571586271,0.07479605198196848
25854,GOF,0.02435630289187503,0.6098817794805745,0.36576191762755045
25855,GOF,0.036842414151197767,0.5457858626695605,0.4173717231792417
25856,GOF,0.2265670743011247,0.5385279760801213,0.234904949618754
25857,GOF,0.0369802449139596,0.4851369500633095,0.4778828050227309
25858,GOF,0.01844083377794371,0.5097834378466916,0.4717757283753648
25859,GOF,0.010692859440477076,0.5026689719324926,0.4866381686270303
25860,GOF,0.34162095982092766,0.5666768425966064,0.09170219758246603
25861,GOF,0.4239285798628173,0.49001003576287394,0.08606138437430873
25862,GOF,0.0923670317565662,0.761192467736007,0.14644050050742688
25863,GOF,0.0936245717934599,0.7616815872261063,0.14469384098043392
25864,GOF,0.20451637667529618,0.7071651985271681,0.08831842479753582
25865,GOF,0.08586508456173794,0.7855612615328224,0.1285736539054397
25866,GOF,0.06598169205103141,0.789565538222052,0.14445276972691665
25867,GOF,0.08264041479394678,0.8087163709958763,0.10864321421017689
25868,GOF,0.26395128372799037,0.6283882757450217,0.10766044052698796
25869,Neutral,0.6823184148622606,0.27587804763580703,0.04180353750193229
25870,GOF,0.28964416933565557,0.3873444871127508,0.32301134355159355
25871,GOF,0.2087495499108537,0.6143500822676986,0.1769003678214476
25872,GOF,0.07547149194449793,0.6386841973234928,0.2858443107320094
25873,GOF,0.1302683647225017,0.6700017116240713,0.19972992365342696
25874,LOF,0.017194494666956738,0.1325751075643685,0.8502303977686747
25875,LOF,0.09643499413513436,0.03337827343393227,0.8701867324309334
25876,LOF,0.03558445904042659,0.03531329884469222,0.9291022421148813
25877,Neutral,0.5131249321935092,0.041559726719587416,0.4453153410869034
25878,LOF,0.2281037947705256,0.07171799492904643,0.7001782103004279
25879,LOF,0.09355296743119738,0.07070231099598742,0.8357447215728151
25880,LOF,0.02397942384064053,0.016993566730425118,0.9590270094289344
25881,LOF,0.17798283619252614,0.10606977271057447,0.7159473910968993
25882,LOF,0.06631541198589655,0.014908142761354257,0.9187764452527493
25883,LOF,0.08355196483273727,0.01917535070731113,0.8972726844599516
25884,LOF,0.03514711768556514,0.028475118515670753,0.9363777637987641
25885,LOF,0.06650445379691818,0.01154219209675735,0.9219533541063245
25886,LOF,0.2619611472456912,0.032729296955424717,0.7053095557988841
25887,LOF,0.15794736391306813,0.06425170239919108,0.7778009336877408
25888,LOF,0.07564202237014397,0.05829099986930024,0.8660669777605559
25889,LOF,0.0456875617298674,0.019455857328532764,0.9348565809416
25890,LOF,0.05849831013970537,0.14803622385219284,0.7934654660081019
25891,LOF,0.0438051837170961,0.05531314015697055,0.9008816761259334
25892,LOF,0.09171533391445694,0.021068531498561128,0.8872161345869819
25893,LOF,0.22620663667811802,0.01960277223686565,0.7541905910850163
25894,LOF,0.18179341275575053,0.011923016802995397,0.8062835704412541
25895,LOF,0.1998764615682118,0.020857637882879584,0.7792659005489087
25896,LOF,0.04961531077038013,0.026300492332626924,0.9240841968969931
25897,LOF,0.2520842154893615,0.012770732555132083,0.7351450519555065
25898,Neutral,0.6919168075349498,0.009824995010854648,0.29825819745419546
25899,LOF,0.19697868136302282,0.026115955112016996,0.7769053635249601
25900,LOF,0.41214332690589683,0.01802545159054266,0.5698312215035605
25901,LOF,0.04852308971985505,0.014385840269010325,0.9370910700111347
25902,LOF,0.16174009387506863,0.014086196358983696,0.8241737097659478
25903,Neutral,0.5236908371415702,0.028470644501808164,0.44783851835662175
25904,LOF,0.2724321519288504,0.0608538785744133,0.6667139694967362
25905,LOF,0.02327366434915896,0.336944361332859,0.639781974317982
25906,LOF,0.027115145824645623,0.07064266134347182,0.9022421928318827
25907,LOF,0.012748341128937263,0.3166389960858838,0.6706126627851788
25908,LOF,0.009582877431668425,0.23338227531400693,0.7570348472543247
25909,LOF,0.013818408433466104,0.1342076549423307,0.8519739366242032
25910,LOF,0.05119150568380894,0.12903216669365675,0.8197763276225343
25911,LOF,0.17702728210816027,0.02760260106619939,0.7953701168256403
25912,LOF,0.04277979801558055,0.04411039159459496,0.9131098103898245
25913,LOF,0.3221584606084422,0.023015417184316163,0.6548261222072416
25914,LOF,0.0217215528353678,0.08696246731185567,0.8913159798527766
25915,Neutral,0.5092845746338104,0.257627439143942,0.23308798622224755
25916,LOF,0.07392267745168467,0.305308607817115,0.6207687147312003
25917,LOF,0.06776799518745065,0.06508693702172315,0.8671450677908262
25918,LOF,0.02805068449710257,0.051784527149140135,0.9201647883537574
25919,LOF,0.022796720897021207,0.05929452038833132,0.9179087587146474
25920,GOF,0.09916724250971173,0.5388498111666017,0.3619829463236866
25921,LOF,0.025870015239777618,0.029425744784321136,0.9447042399759012
25922,LOF,0.03627507060948976,0.021710661101700193,0.94201426828881
25923,LOF,0.4063604220028877,0.023609795490645596,0.5700297825064667
25924,LOF,0.04028405931597965,0.04160071598658317,0.9181152246974371
25925,LOF,0.07271065026831083,0.029067754451093466,0.8982215952805956
25926,LOF,0.05380903085512266,0.024985326992478844,0.9212056421523985
25927,LOF,0.07144759278335229,0.08260133747431458,0.8459510697423331
25928,LOF,0.020803432409080825,0.04139521447333214,0.937801353117587
25929,Neutral,0.5314062548612968,0.025386014354696364,0.44320773078400694
25930,LOF,0.05597922688549547,0.02284434050974505,0.9211764326047596
25931,LOF,0.027694014881948097,0.023437513391906598,0.9488684717261453
25932,LOF,0.030069076124144074,0.022883574605494464,0.9470473492703614
25933,LOF,0.04159460709345133,0.015576212695706618,0.9428291802108419
25934,LOF,0.02803637995584566,0.020558701621951,0.9514049184222033
25935,LOF,0.06574768898256558,0.03241032999332302,0.9018419810241114
25936,LOF,0.049619818476590374,0.021673009441395674,0.9287071720820139
25937,LOF,0.02691809444980983,0.030037910693743553,0.9430439948564466
25938,LOF,0.06909378832975532,0.03502747994713615,0.8958787317231086
25939,LOF,0.044726334088477177,0.015105763832848227,0.9401679020786746
25940,LOF,0.027477932783021068,0.3942097691246891,0.5783122980922899
25941,LOF,0.19168489136871036,0.0864405422069251,0.7218745664243645
25942,LOF,0.014130334414975297,0.03586621340801238,0.9500034521770123
25943,LOF,0.3266297039611995,0.061757995301215375,0.611612300737585
25944,Neutral,0.497572779940083,0.023475115855626654,0.4789521042042903
25945,LOF,0.06537107249955694,0.022839424463215206,0.9117895030372279
25946,LOF,0.029372455371708718,0.13126529873124618,0.8393622458970451
25947,LOF,0.1066776708449491,0.22088560070635213,0.6724367284486987
25948,LOF,0.4047294044417585,0.010929608298910083,0.5843409872593314
25949,LOF,0.10577536047735155,0.039662412126010904,0.8545622273966376
25950,GOF,0.2841939359337288,0.3671601272185114,0.34864593684775985
25951,LOF,0.2300016675061821,0.21124789546595912,0.5587504370278588
25952,LOF,0.049218737103455895,0.4289179986938617,0.5218632642026824
25953,LOF,0.1451311045135362,0.09349609327910803,0.7613728022073558
25954,Neutral,0.4474583972829316,0.15460253146786795,0.39793907124920047
25955,LOF,0.061107584842304906,0.0722242664247916,0.8666681487329034
25956,LOF,0.1680332931159261,0.10371173111094899,0.7282549757731249
25957,LOF,0.03976356366521624,0.036645806553716714,0.923590629781067
25958,LOF,0.06082061285267322,0.02723196145216407,0.9119474256951628
25959,LOF,0.06615489549035761,0.3778017537649212,0.5560433507447212
25960,LOF,0.018971223584205974,0.053663522692634205,0.9273652537231599
25961,LOF,0.04985696147143889,0.029146844684900128,0.920996193843661
25962,LOF,0.06675217684929431,0.02705969221735867,0.9061881309333469
25963,LOF,0.048390271998754376,0.1790413798287718,0.7725683481724739
25964,LOF,0.04358719693283839,0.15460728539117816,0.8018055176759834
25965,LOF,0.4501995387032312,0.08491977549515113,0.4648806858016177
25966,Neutral,0.47902999986328665,0.08862018613978219,0.4323498139969313
25967,LOF,0.013358624965515379,0.05179362645293976,0.934847748581545
25968,LOF,0.024661523307766886,0.4337403692013472,0.541598107490886
25969,LOF,0.024248138554776862,0.05153285904746571,0.9242190023977574
25970,LOF,0.05814605690503388,0.061734352211488944,0.8801195908834772
25971,LOF,0.07801249056937848,0.017442660663671426,0.9045448487669502
25972,LOF,0.0828578923803445,0.022593620809094703,0.8945484868105608
25973,LOF,0.08082977041311551,0.010046382768507613,0.9091238468183769
25974,LOF,0.19580479690209782,0.019392027757879033,0.7848031753400231
25975,LOF,0.05182026203736762,0.0338102014513973,0.9143695365112352
25976,LOF,0.04140193948284187,0.017054210703390183,0.941543849813768
25977,LOF,0.14967198236032558,0.10112487837969188,0.7492031392599826
25978,LOF,0.15009694484321986,0.08045460841128733,0.7694484467454928
25979,LOF,0.13966671980063275,0.0827211635290201,0.7776121166703471
25980,LOF,0.2216295047925902,0.10316638046407405,0.6752041147433357
25981,LOF,0.2522458944487832,0.10076878052091721,0.6469853250302996
25982,LOF,0.4508895941110527,0.06636219438945756,0.4827482114994896
25983,LOF,0.4210670972796359,0.07119009982519922,0.5077428028951648
25984,LOF,0.054219574625191835,0.04453486833110757,0.9012455570437007
25985,LOF,0.03383903573380534,0.20832535116190182,0.7578356131042929
25986,LOF,0.0430429888324523,0.2512727813144762,0.7056842298530714
25987,LOF,0.09075110046845267,0.06685235063805739,0.84239654889349
25988,LOF,0.15113231963604318,0.05276880492627997,0.7960988754376769
25989,LOF,0.030837095650374808,0.10201902127660574,0.8671438830730194
25990,LOF,0.0431824950570822,0.1234647082823195,0.8333527966605982
25991,LOF,0.15131075768298008,0.2946358161156655,0.5540534262013543
25992,LOF,0.3066926450731018,0.15612052770910959,0.5371868272177887
25993,LOF,0.02401052736797593,0.07855581606896855,0.8974336565630555
25994,LOF,0.01742014708022246,0.12018020843567521,0.8623996444841023
25995,LOF,0.0266174386259314,0.2380889410756523,0.7352936202984163
25996,GOF,0.31126075548518944,0.4496331797176619,0.2391060647971486
25997,LOF,0.08696756110714056,0.42474437695397105,0.48828806193888824
25998,Neutral,0.5367531704344778,0.017485319653376383,0.4457615099121458
25999,LOF,0.11245934498824398,0.11671795306521746,0.7708227019465387
26000,LOF,0.18891743812212888,0.03934674177440063,0.7717358201034704
26001,LOF,0.19798524994696917,0.03331933420108872,0.768695415851942
26002,LOF,0.15572339075398373,0.04319208679645205,0.8010845224495642
26003,GOF,0.010687043879479163,0.5098490698518275,0.47946388626869335
26004,GOF,0.02042104055292444,0.5847738552250245,0.39480510422205123
26005,LOF,0.008545023422811961,0.40404840559023114,0.5874065709869569
26006,Neutral,0.5388071469705257,0.20027598550881978,0.2609168675206545
26007,GOF,0.022550988519084953,0.5010328047685294,0.4764162067123856
26008,GOF,0.017956008377410227,0.5929713853704721,0.3890726062521177
26009,GOF,0.021286791228540252,0.6305026850894594,0.3482105236820004
26010,GOF,0.024116335667878745,0.56631976162661,0.4095639027055112
26011,LOF,0.007425265622650333,0.41387527927074275,0.5786994551066069
26012,GOF,0.01312688751028336,0.5449160625147911,0.4419570499749257
26013,GOF,0.017735098692782152,0.5876697298895307,0.3945951714176872
26014,LOF,0.04690633843097559,0.11426954589485831,0.838824115674166
26015,LOF,0.1558786332257937,0.010412820383562088,0.8337085463906443
26016,LOF,0.2028507968902433,0.05008659993093724,0.7470626031788195
26017,LOF,0.2244701516156159,0.08647724814473998,0.6890526002396442
26018,LOF,0.09316506938033647,0.027595125325849672,0.8792398052938137
26019,LOF,0.08816978212127105,0.02151185097277435,0.8903183669059546
26020,LOF,0.06882106204731657,0.09962782327805542,0.831551114674628
26021,LOF,0.041337071698779156,0.10771191526653637,0.8509510130346846
26022,LOF,0.010983355682600962,0.03472380490929102,0.954292839408108
26023,LOF,0.10527263505288613,0.0188081337296799,0.8759192312174341
26024,LOF,0.031501761526119915,0.12087777367896452,0.8476204647949155
26025,LOF,0.1628834097119344,0.09295898678922249,0.7441576034988431
26026,LOF,0.3273405686568642,0.029230037779505183,0.6434293935636305
26027,LOF,0.08111690773932391,0.014152742420118153,0.9047303498405579
26028,LOF,0.15982479865359803,0.0638155562253885,0.7763596451210135
26029,LOF,0.07748327369557487,0.2175797367936205,0.7049369895108045
26030,LOF,0.025475607596427505,0.08317093490097605,0.8913534575025964
26031,LOF,0.028538893390495798,0.15381947415342712,0.8176416324560771
26032,LOF,0.06881176299904619,0.09409047547730053,0.8370977615236533
26033,LOF,0.12337933108635521,0.11849307147276604,0.7581275974408789
26034,LOF,0.045878435388005026,0.17003495817571845,0.7840866064362764
26035,LOF,0.026953069322394264,0.15669637272179804,0.8163505579558077
26036,LOF,0.03972647852594267,0.18404289558806994,0.7762306258859875
26037,LOF,0.023624608858043305,0.12707394938498193,0.8493014417569748
26038,LOF,0.0638218568741878,0.09750024214515814,0.838677900980654
26039,LOF,0.052954940610859605,0.15807848167439745,0.7889665777147429
26040,LOF,0.1958911322637569,0.17563802667978762,0.6284708410564556
26041,LOF,0.023350788577239982,0.12331406706352631,0.8533351443592339
26042,LOF,0.021903751157978803,0.1103252464903841,0.8677710023516371
26043,LOF,0.06407647086804524,0.11381364898222796,0.8221098801497269
26044,LOF,0.02102026158344963,0.09914513331460459,0.8798346051019458
26045,LOF,0.07675039429171769,0.11087582925849207,0.8123737764497903
26046,LOF,0.06513673178702566,0.11157668338925865,0.8232865848237156
26047,LOF,0.09206935305814168,0.12024470839793545,0.7876859385439229
26048,LOF,0.05466756722131494,0.05682007012331916,0.8885123626553659
26049,Neutral,0.9615787920113843,0.009117109292287725,0.029304098696327885
26050,Neutral,0.9474272171329747,0.011799541845771708,0.04077324102125368
26051,LOF,0.04770439032824045,0.2929507581305113,0.6593448515412483
26052,LOF,0.07765104239399456,0.3336389600041911,0.5887099976018143
26053,LOF,0.05377794071153786,0.14533909685809965,0.8008829624303625
26054,LOF,0.056944478946338944,0.016521566814925035,0.926533954238736
26055,LOF,0.07233267537684235,0.013509828704828834,0.9141574959183287
26056,LOF,0.061646970119636296,0.015018955847038476,0.9233340740333251
26057,LOF,0.030046165072823042,0.010923071531036116,0.9590307633961408
26058,LOF,0.030922724276586034,0.008468740488881334,0.9606085352345326
26059,LOF,0.308865357657912,0.020344452476610795,0.6707901898654772
26060,LOF,0.03809944086933437,0.1748638945568578,0.7870366645738077
26061,LOF,0.01813278309201046,0.009531614037494779,0.9723356028704947
26062,LOF,0.011685927480990189,0.015534075764237204,0.9727799967547724
26063,LOF,0.023243942956095606,0.010824167781594988,0.9659318892623093
26064,LOF,0.02302186840369626,0.01907438180844074,0.957903749787863
26065,LOF,0.02532668425972147,0.009151141391823712,0.9655221743484549
26066,LOF,0.021758846659705587,0.010356353132786163,0.9678848002075082
26067,LOF,0.02988586702270568,0.007493872941856138,0.9626202600354381
26068,LOF,0.04671547721350206,0.027404350085621525,0.9258801727008763
26069,LOF,0.2702353101946984,0.018431699450420738,0.7113329903548808
26070,LOF,0.3930975712728496,0.015380344088204384,0.591522084638946
26071,LOF,0.02605959446368998,0.011344947691522328,0.9625954578447877
26072,LOF,0.02365386231665167,0.015039754368536,0.9613063833148122
26073,LOF,0.026072827714188503,0.009831428607682997,0.9640957436781286
26074,Neutral,0.9108222100473136,0.005146592786662499,0.08403119716602381
26075,LOF,0.04401589144276555,0.013791510640375454,0.942192597916859
26076,LOF,0.046405496768235736,0.007549089916916067,0.9460454133148481
26077,LOF,0.010782744065189732,0.017613572663244047,0.9716036832715663
26078,LOF,0.015418168479734018,0.010720821969413605,0.9738610095508524
26079,LOF,0.06038609232012617,0.015734647774981368,0.9238792599048925
26080,LOF,0.05892438268201981,0.015762819796349,0.9253127975216313
26081,LOF,0.03721194467893273,0.005407147735295857,0.9573809075857713
26082,LOF,0.014595956748648007,0.01606183282951836,0.9693422104218338
26083,LOF,0.12979147728991475,0.011857698246548485,0.8583508244635367
26084,LOF,0.02951654877982119,0.011334103850925354,0.9591493473692534
26085,LOF,0.025648272063430008,0.010928545442541352,0.9634231824940286
26086,LOF,0.02396098099160766,0.010300092849240305,0.9657389261591521
26087,LOF,0.028469767009479806,0.006945436762574341,0.9645847962279458
26088,LOF,0.01648094800339113,0.025197452233913165,0.9583215997626958
26089,LOF,0.04360267431521032,0.020256639308383968,0.9361406863764057
26090,LOF,0.04252702684309916,0.01593555681678295,0.9415374163401178
26091,LOF,0.040010700367351076,0.0054967504718649,0.9544925491607841
26092,LOF,0.027904387808762608,0.007739316925052708,0.9643562952661847
26093,LOF,0.04135851176125263,0.005079845134556005,0.9535616431041913
26094,LOF,0.04521929007022452,0.005569972863454073,0.9492107370663214
26095,LOF,0.043264459513251925,0.01215073049226268,0.9445848099944854
26096,LOF,0.019639837412342778,0.011955639556564115,0.9684045230310933
26097,LOF,0.012684568105508248,0.04047092456992644,0.9468445073245654
26098,LOF,0.07624212023281465,0.009418738294440723,0.9143391414727446
26099,LOF,0.0261262029764343,0.011307368590597904,0.9625664284329679
26100,LOF,0.02825990098838682,0.010730799845923917,0.9610092991656892
26101,LOF,0.059583604096358135,0.013905867228499529,0.9265105286751423
26102,LOF,0.025320583808549794,0.012521794513786039,0.9621576216776643
26103,Neutral,0.8896399361674335,0.01640224270456043,0.093957821128006
26104,LOF,0.07897059903731364,0.021405896092810572,0.8996235048698757
26105,LOF,0.2164932220464695,0.287432818249042,0.49607395970448853
26106,LOF,0.22785810278770707,0.1273518810356333,0.6447900161766597
26107,LOF,0.23718300000924017,0.09132256096579339,0.6714944390249664
26108,LOF,0.27977878077150464,0.12586994938453472,0.5943512698439607
26109,LOF,0.10840520041825177,0.08003062012776141,0.8115641794539868
26110,LOF,0.2208460943254638,0.007580923838423432,0.7715729818361129
26111,LOF,0.48433335121879983,0.015358452388654024,0.5003081963925461
26112,LOF,0.03339093233374465,0.006893910598764749,0.9597151570674907
26113,LOF,0.051510468289483566,0.014420456389186478,0.9340690753213299
26114,LOF,0.028543961587314086,0.018743502435911958,0.952712535976774
26115,LOF,0.0973821051548582,0.03662476263727801,0.8659931322078637
26116,LOF,0.0709499005933029,0.03738421279044127,0.8916658866162559
26117,LOF,0.44036987731638416,0.04308722775857041,0.5165428949250455
26118,LOF,0.03761719866341565,0.024260987859883888,0.9381218134767004
26119,LOF,0.025902717115669847,0.030931395722344088,0.943165887161986
26120,LOF,0.029774614009235725,0.02110376363158194,0.9491216223591823
26121,LOF,0.04355300379200334,0.07802127475799123,0.8784257214500054
26122,LOF,0.05206235406502346,0.0350872973519061,0.9128503485830705
