feature0,prediction,LoGoFunc_Neutral,LoGoFunc_GOF,LoGoFunc_LOF
25546,Neutral,0.6089388276824504,0.05983148750200472,0.3312296848155448
25547,Neutral,0.5002347397065535,0.09244540648764114,0.40731985380580527
25548,Neutral,0.4921584719718282,0.08274121810381992,0.4251003099243518
25549,LOF,0.4312641276832459,0.08422486778088753,0.4845110045358666
25550,LOF,0.3702673702605416,0.10049138043456582,0.5292412493048926
25551,LOF,0.311829310991707,0.11247209957977301,0.5756985894285199
25552,LOF,0.28186564037815154,0.11752587392960004,0.6006084856922485
25553,Neutral,0.7790715350657733,0.053127092544965566,0.1678013723892612
25554,LOF,0.3184467351657136,0.11004215723897434,0.571511107595312
25555,LOF,0.27246785481478386,0.10434151638669417,0.6231906287985219
25556,Neutral,0.461920588190919,0.0949065598525337,0.4431728519565473
25557,LOF,0.2626939291526118,0.10589531405696813,0.6314107567904201
25558,LOF,0.3328768399590623,0.09929371943105923,0.5678294406098785
25559,LOF,0.22299201631068263,0.07035925341784535,0.706648730271472
25560,LOF,0.07743348294290256,0.14460049762164526,0.7779660194354522
25561,LOF,0.09771233434661666,0.20739161453554894,0.6948960511178344
25562,LOF,0.03849550684658224,0.10479268320977632,0.8567118099436414
25563,LOF,0.009492268606469406,0.15316467139625048,0.8373430599972801
25564,LOF,0.08918104845890491,0.12378904926245052,0.7870299022786447
25565,LOF,0.15900401091605043,0.15577657815382598,0.6852194109301236
25566,GOF,0.07072067641884212,0.6248297636413779,0.3044495599397801
25567,LOF,0.04186667496982517,0.16658469131538658,0.7915486337147881
25568,LOF,0.06020321207032414,0.09037820698860871,0.849418580941067
25569,LOF,0.060566844725474016,0.08566119394203742,0.8537719613324887
25570,LOF,0.03116850132981661,0.13342754732047668,0.8354039513497068
25571,LOF,0.027642682366997937,0.1331955079814493,0.8391618096515528
25572,LOF,0.05878440603372393,0.1754232197157616,0.7657923742505144
25573,LOF,0.06541663566114639,0.1193552872542614,0.8152280770845922
25574,LOF,0.06367635815944647,0.24316378660207344,0.6931598552384802
25575,LOF,0.026600014549988782,0.14714377509997786,0.8262562103500333
25576,LOF,0.02816206930071867,0.20656510005625525,0.7652728306430261
25577,LOF,0.032487712495440225,0.15015513449676843,0.8173571530077914
25578,LOF,0.32017348382843475,0.10718079178302305,0.5726457243885423
25579,LOF,0.20905330565163324,0.1035391217653902,0.6874075725829766
25580,LOF,0.02447675735996742,0.09767411195245386,0.8778491306875787
25581,LOF,0.050808452573695116,0.08958310428973867,0.8596084431365661
25582,LOF,0.05042080820938064,0.08749182146197437,0.862087370328645
25583,LOF,0.029354319515002673,0.0938342225831899,0.8768114579018076
25584,Neutral,0.7235903695646552,0.12459382115756543,0.15181580927777932
25585,LOF,0.023688227641950152,0.19066112290095427,0.7856506494570955
25586,LOF,0.02068433784447011,0.09584382583767459,0.8834718363178553
25587,LOF,0.020325112478143673,0.08963796208989518,0.8900369254319611
25588,LOF,0.023890166472935653,0.08730277821806812,0.8888070553089963
25589,Neutral,0.5032526513195376,0.2647390810631071,0.2320082676173553
25590,LOF,0.048360715680916336,0.13671062921037835,0.8149286551087054
25591,LOF,0.08250640648623078,0.07347357790002222,0.844020015613747
25592,LOF,0.06631631037743382,0.16966800758101916,0.764015682041547
25593,LOF,0.106364605538453,0.3134538968785776,0.5801814975829693
25594,LOF,0.05650904104262947,0.04781081321335769,0.8956801457440129
25595,LOF,0.058193534423879194,0.032185426095180006,0.9096210394809409
25596,LOF,0.12685454532578172,0.01843296139130768,0.8547124932829107
25597,LOF,0.09374834954802415,0.018869358251201812,0.8873822922007739
25598,LOF,0.053343945232991255,0.03314618586960167,0.9135098688974069
25599,LOF,0.024302967318332747,0.33852789344961864,0.6371691392320485
25600,LOF,0.16596444725618564,0.39393137102329,0.4401041817205244
25601,LOF,0.041887710728816065,0.2868011225199229,0.6713111667512611
25602,LOF,0.0288841446120814,0.07780067650692615,0.8933151788809924
25603,LOF,0.042894283842568055,0.06508727021519477,0.8920184459422371
25604,LOF,0.04571849771543135,0.11744545195022935,0.8368360503343394
25605,LOF,0.03129615270153486,0.22381218002511497,0.7448916672733501
25606,Neutral,0.4152938856590526,0.19922554147773708,0.3854805728632102
25607,LOF,0.026820325790710187,0.26443002526036863,0.7087496489489212
25608,LOF,0.038991805535248066,0.16152441403051288,0.7994837804342391
25609,GOF,0.18363581019632882,0.5137601501256344,0.3026040396780368
25610,LOF,0.017423505572004606,0.049617459637815046,0.9329590347901804
25611,LOF,0.015244475801365912,0.05433380466707295,0.9304217195315612
25612,LOF,0.04854476371535811,0.061689248379343795,0.889765987905298
25613,LOF,0.045405613895576444,0.06533883549333426,0.8892555506110893
25614,LOF,0.02807979349176957,0.04452743827152344,0.927392768236707
25615,LOF,0.04507613746322053,0.059862088854304635,0.8950617736824749
25616,LOF,0.0593648861014769,0.05562711664335958,0.8850079972551635
25617,LOF,0.04741269388548579,0.057543170394009704,0.8950441357205045
25618,LOF,0.0550994226625003,0.07748956976522821,0.8674110075722715
25619,LOF,0.014301945763054043,0.06022688835890349,0.9254711658780425
25620,LOF,0.06365217651002927,0.06342263490467155,0.8729251885852992
25621,LOF,0.06891222634247275,0.05876462584369027,0.872323147813837
25622,LOF,0.06954318928756527,0.06267202418881072,0.867784786523624
25623,LOF,0.06438828297760647,0.04333652971373854,0.8922751873086551
25624,LOF,0.02292533518146802,0.05487280074307128,0.9222018640754607
25625,LOF,0.06941407389286518,0.05400312362454699,0.8765828024825878
25626,LOF,0.05043210556578644,0.06061269435884771,0.8889552000753658
25627,Neutral,0.8815488586386631,0.022442861661021354,0.09600827970031552
25628,LOF,0.16799677336218488,0.06762852852945897,0.7643746981083561
25629,LOF,0.06779809173313801,0.059261040311430986,0.872940867955431
25630,LOF,0.28222790548343424,0.07264655394298943,0.6451255405735763
25631,Neutral,0.5467165290000542,0.0632408667171245,0.39004260428282134
25632,LOF,0.032919270036854104,0.07757704482511281,0.8895036851380331
25633,LOF,0.21751945211293797,0.056846296071453764,0.7256342518156083
25634,LOF,0.04424731620075897,0.10183861715037909,0.8539140666488619
25635,LOF,0.04055365055601785,0.04697764436998937,0.9124687050739928
25636,GOF,0.0329157274652526,0.5467612273536746,0.4203230451810728
25637,GOF,0.061181573655529856,0.5189200914321146,0.4198983349123555
25638,GOF,0.034716815559676296,0.49841294874079944,0.4668702356995243
25639,GOF,0.03786609767103256,0.4832094496090938,0.4789244527198737
25640,Neutral,0.8463582476078675,0.0934092140020625,0.060232538390070076
25641,GOF,0.08991097302168757,0.4584942181989807,0.4515948087793318
25642,LOF,0.08331259783979005,0.1928303244849003,0.7238570776753096
25643,LOF,0.28566843653051877,0.13240342057761575,0.5819281428918656
25644,GOF,0.011240194343102153,0.6275540888204825,0.36120571683641545
25645,GOF,0.01165449698015264,0.6323360155394516,0.35600948748039574
25646,LOF,0.028623371963162367,0.4437331542846732,0.5276434737521645
25647,LOF,0.011875832628070062,0.36199563940816637,0.6261285279637637
25648,LOF,0.014498973563274434,0.44134731802725136,0.5441537084094742
25649,LOF,0.008505277386599711,0.3179339016928269,0.6735608209205733
25650,GOF,0.022286805587329962,0.6141085823690077,0.3636046120436624
25651,LOF,0.008906607653436118,0.4356892165544358,0.5554041757921281
25652,LOF,0.013905446491181946,0.42817572980483903,0.557918823703979
25653,GOF,0.03915007310349019,0.6075397835378225,0.35331014335868743
25654,LOF,0.011450963894366508,0.3090507818839931,0.6794982542216403
25655,GOF,0.13238260611709135,0.6365554674377087,0.23106192644519993
25656,LOF,0.3456422180334759,0.154821390546204,0.4995363914203202
25657,LOF,0.0546578156761567,0.11547405839011916,0.829868125933724
25658,LOF,0.33097402564720035,0.16512408482826002,0.5039018895245396
25659,Neutral,0.449468133622785,0.17956976650842285,0.3709620998687922
25660,LOF,0.01956712022947218,0.10827951840604222,0.8721533613644856
25661,LOF,0.08036081409107547,0.06745999811489768,0.8521791877940268
25662,LOF,0.028426859673342048,0.03786099746012842,0.9337121428665295
25663,LOF,0.032986712260992916,0.0393689874881153,0.9276443002508918
25664,LOF,0.11946440881609362,0.06475513375985324,0.8157804574240531
25665,LOF,0.0597963717269934,0.03370773631666704,0.9064958919563396
25666,LOF,0.09187649378142877,0.05514184477025368,0.8529816614483176
25667,LOF,0.06768911464660982,0.0392029328695385,0.8931079524838516
25668,LOF,0.03209470642997097,0.049989669177834414,0.9179156243921945
25669,LOF,0.026601554712439242,0.048657035871960755,0.9247414094156
25670,LOF,0.11636563442387092,0.04021505035648708,0.8434193152196421
25671,LOF,0.09483535233981889,0.040183095197404275,0.8649815524627769
25672,LOF,0.05130623579075534,0.04933979528680412,0.8993539689224407
25673,LOF,0.09173934324224223,0.04681348765976676,0.8614471690979909
25674,LOF,0.07751151121898268,0.0607359317687968,0.8617525570122205
25675,LOF,0.10158929871464575,0.06797132305816517,0.8304393782271892
25676,LOF,0.01591080557792505,0.05972201387144055,0.9243671805506344
25677,LOF,0.01977486527907777,0.07536924658000113,0.904855888140921
25678,LOF,0.17461168190239265,0.0831800457698687,0.7422082723277387
25679,LOF,0.11301491409956549,0.08316009591280188,0.8038249899876327
25680,LOF,0.027920148037214716,0.12982375391680837,0.8422560980459768
25681,LOF,0.04497737337421645,0.12849239246851635,0.8265302341572671
25682,LOF,0.11560899412574006,0.07888770288168925,0.8055033029925707
25683,LOF,0.10549779195189671,0.08503980849203029,0.8094623995560729
25684,LOF,0.03136961118905902,0.06798004902574015,0.9006503397852009
25685,LOF,0.11470022865548983,0.08272595503815315,0.802573816306357
25686,LOF,0.07530702053339146,0.11833899977414611,0.8063539796924625
25687,LOF,0.12124373713491696,0.11983647544868259,0.7589197874164004
25688,LOF,0.3995497608734175,0.03949685646542365,0.5609533826611589
25689,LOF,0.2869160433346075,0.04861047156617869,0.6644734850992138
25690,LOF,0.32972468221783197,0.03439789450747698,0.6358774232746911
25691,Neutral,0.7124389875963983,0.031414112803336953,0.2561468996002647
25692,LOF,0.32185426462630085,0.015140614337449405,0.6630051210362499
25693,LOF,0.03814962836160735,0.4771758607900008,0.4846745108483919
25694,LOF,0.11299434429180942,0.017388741643258182,0.8696169140649324
25695,LOF,0.10716798847226983,0.011309244834802189,0.8815227666929278
25696,LOF,0.12726403426330457,0.012399623095084413,0.860336342641611
25697,LOF,0.061903314905079734,0.09542954216542197,0.8426671429294983
25698,LOF,0.2766154414770082,0.23662267639129453,0.48676188213169724
25699,LOF,0.421826652905596,0.033286196735750825,0.5448871503586532
25700,LOF,0.07474294643688101,0.010698814514964307,0.9145582390481547
25701,LOF,0.1651262459885436,0.03997844086966532,0.7948953131417911
25702,GOF,0.1809905911467974,0.6328569227721401,0.18615248608106255
25703,LOF,0.01748882014875951,0.1465124629264139,0.8359987169248266
25704,LOF,0.03945423674248589,0.16997421161520615,0.790571551642308
25705,LOF,0.03824668840731397,0.10978608172222733,0.8519672298704586
25706,LOF,0.13330875659116023,0.3361599739560206,0.5305312694528191
25707,LOF,0.08958900391610827,0.2888384678545419,0.6215725282293498
25708,LOF,0.04328973306847095,0.2733533555069134,0.6833569114246156
25709,LOF,0.07166228795903411,0.03218859264415903,0.8961491193968069
25710,LOF,0.01415203340019805,0.11920221118108605,0.8666457554187159
25711,LOF,0.01937551474659314,0.07681192072455596,0.903812564528851
25712,LOF,0.01642251712052047,0.1716092268936844,0.8119682559857951
25713,LOF,0.017239727917370353,0.08461789758388004,0.8981423744987497
25714,LOF,0.06936132702303421,0.06240784046381642,0.8682308325131493
25715,LOF,0.011842887232837638,0.11932161313994497,0.8688354996272174
25716,LOF,0.011548729032227069,0.0986518424454043,0.8897994285223687
25717,LOF,0.016595313954471298,0.08929534119446036,0.8941093448510684
25718,LOF,0.011380112890295717,0.08135120204574868,0.9072686850639555
25719,LOF,0.020007778268287525,0.07688826274926408,0.9031039589824483
25720,LOF,0.025176900712401452,0.05985320853633044,0.9149698907512681
25721,LOF,0.013510198773028123,0.09643258922931368,0.8900572119976581
25722,LOF,0.013818925006937204,0.07210887592226883,0.914072199070794
25723,LOF,0.024589645402289396,0.04258082732197813,0.9328295272757325
25724,LOF,0.031174522448306843,0.06820875510624858,0.9006167224454447
25725,LOF,0.01132317995289118,0.061128433445728256,0.9275483866013805
25726,LOF,0.015682073115274073,0.09016688306330035,0.8941510438214255
25727,LOF,0.012803332674746185,0.06890945517879052,0.9182872121464632
25728,LOF,0.010103260007701158,0.07736565375966824,0.9125310862326306
25729,LOF,0.010357593002459597,0.07597789788149706,0.9136645091160434
25730,LOF,0.013871811769552952,0.0787723814320281,0.907355806798419
25731,LOF,0.025708292822409138,0.07868349980736317,0.8956082073702278
25732,LOF,0.013010604397099525,0.04721705635584963,0.9397723392470507
25733,LOF,0.016951413429762287,0.04701432732820031,0.9360342592420375
25734,LOF,0.013410927245886571,0.10984394312394191,0.8767451296301715
25735,LOF,0.0114059547093758,0.05413736858545704,0.9344566767051671
25736,LOF,0.012093016394084503,0.05592045523962393,0.9319865283662915
25737,LOF,0.012151361576803436,0.07644518016657947,0.9114034582566171
25738,LOF,0.011901614551442835,0.07774417003014729,0.9103542154184099
25739,LOF,0.019999512272648977,0.05993142221217907,0.920069065515172
25740,LOF,0.028755714823774304,0.09148073985849407,0.8797635453177316
25741,LOF,0.015609870270875495,0.08913241449061854,0.895257715238506
25742,LOF,0.12083429479191844,0.06330819067183954,0.815857514536242
25743,LOF,0.04268046594062353,0.0461047701903351,0.9112147638690413
25744,Neutral,0.6297764967486826,0.20440871020376283,0.1658147930475545
25745,LOF,0.06773899258600094,0.06265312300137867,0.8696078844126204
25746,LOF,0.04661864449806359,0.08772964230798755,0.865651713193949
25747,LOF,0.025919643446002224,0.07959862656008966,0.8944817299939082
25748,LOF,0.12763411907269187,0.13519272307597321,0.7371731578513349
25749,LOF,0.030905521839345147,0.08049174760509865,0.888602730555556
25750,LOF,0.07608148613173606,0.09694762353514619,0.8269708903331179
25751,LOF,0.10120678588968317,0.13555941108905592,0.763233803021261
25752,GOF,0.10177283717989946,0.6508510960527649,0.24737606676733573
25753,LOF,0.026536598165891257,0.3647257400763158,0.608737661757793
25754,GOF,0.016155596002513494,0.8153691585525258,0.1684752454449607
25755,LOF,0.029700913286413517,0.4175032643818718,0.5527958223317148
25756,LOF,0.05990134994251965,0.4188007706211762,0.5212978794363041
25757,GOF,0.023177421605410847,0.8682682786164592,0.10855429977812997
25758,GOF,0.02694276874514135,0.8407820189502982,0.13227521230456027
25759,GOF,0.011478118910452731,0.6396628032326171,0.3488590778569301
25760,LOF,0.01651659618339858,0.36459246974439,0.6188909340722114
25761,GOF,0.2438295310649088,0.6864957102362306,0.06967475869886061
25762,LOF,0.05064181705206308,0.36605935812733287,0.5832988248206041
25763,LOF,0.016147865136510873,0.2637949070722175,0.7200572277912717
25764,GOF,0.06317887057465452,0.7220879869495059,0.2147331424758397
25765,GOF,0.03316949946278734,0.7926509534372961,0.17417954709991657
25766,GOF,0.06505547853916356,0.8125665469802721,0.12237797448056441
25767,GOF,0.15897176977551294,0.5127588669515728,0.3282693632729144
25768,LOF,0.11944297655382252,0.0486998139213328,0.8318572095248448
25769,LOF,0.05138836368337245,0.06139373148060948,0.887217904836018
25770,LOF,0.32311703477536746,0.11021122394217794,0.5666717412824546
25771,LOF,0.051855806173810665,0.054702250922260366,0.8934419429039291
25772,LOF,0.018898778080117237,0.053362474202774575,0.9277387477171081
25773,LOF,0.05816502261599097,0.0831674600415918,0.8586675173424171
25774,LOF,0.02949454563541827,0.12588638921430842,0.8446190651502733
25775,LOF,0.05716915367783983,0.07005979965294609,0.872771046669214
25776,LOF,0.0688461104765858,0.0352137494602947,0.8959401400631195
25777,LOF,0.36017426369359634,0.10247143382648757,0.5373543024799161
25778,LOF,0.06367922026366957,0.06037238342877285,0.8759483963075576
25779,GOF,0.4067790660080054,0.5418259513742745,0.051394982617720075
25780,GOF,0.34891988463985374,0.5696292473224437,0.08145086803770256
25781,GOF,0.11127816390788584,0.7768264718811864,0.11189536421092777
25782,GOF,0.1724328599848419,0.7418533162642216,0.08571382375093642
25783,GOF,0.02649499275374373,0.6021174156648118,0.3713875915814445
25784,Neutral,0.5297112857740472,0.43137563968677556,0.038913074539177146
25785,Neutral,0.5162651226043047,0.4330262604707815,0.050708616924913824
25786,GOF,0.03528081480427027,0.7253972829168689,0.23932190227886085
25787,Neutral,0.6937414953535183,0.2779571282663503,0.028301376380131544
25788,LOF,0.05387286674960829,0.0761517187179883,0.8699754145324035
25789,GOF,0.19518477230276354,0.6304437705662549,0.17437145713098146
25790,GOF,0.28710327642992967,0.618924913220317,0.0939718103497534
25791,GOF,0.1372770412143249,0.6798208019463453,0.18290215683932987
25792,GOF,0.36299377018089296,0.5002106746266154,0.13679555519249173
25793,GOF,0.2706416108469065,0.46349201946488056,0.2658663696882129
25794,GOF,0.29979044717787745,0.4703599684635648,0.2298495843585578
25795,GOF,0.06498847764116002,0.6498990594432537,0.2851124629155864
25796,Neutral,0.563654347797667,0.3555114908036525,0.08083416139868038
25797,GOF,0.07810513949121758,0.5308662613933565,0.3910285991154259
25798,LOF,0.009608403722628812,0.48847411724644624,0.501917479030925
25799,LOF,0.007444044908628742,0.422196693828428,0.5703592612629432
25800,GOF,0.034486423005881756,0.6042987850344314,0.36121479195968687
25801,GOF,0.23858634469136614,0.6537218128370046,0.10769184247162927
25802,GOF,0.0681163950464764,0.6523988769047064,0.27948472804881724
25803,GOF,0.04200962559923172,0.5374196843348301,0.4205706900659381
25804,LOF,0.041072016881398034,0.47516863188435177,0.4837593512342502
25805,GOF,0.13968794664337233,0.554214039097567,0.3060980142590607
25806,GOF,0.15575878154981468,0.5559811543829771,0.2882600640672083
25807,GOF,0.02290555537768162,0.6071772788723208,0.3699171657499976
25808,GOF,0.1344493240596339,0.5616923509645658,0.3038583249758003
25809,GOF,0.022350813818316377,0.6099921099363576,0.36765707624532606
25810,GOF,0.022563850256080476,0.6050120040971891,0.3724241456467303
25811,Neutral,0.5276863037447829,0.4021825372652042,0.07013115899001292
25812,GOF,0.04094730930210762,0.5921494120180829,0.36690327867980954
25813,Neutral,0.608674995855787,0.2874607763693227,0.10386422777489028
25814,GOF,0.15038465620430913,0.6139386619880342,0.23567668180765663
25815,GOF,0.2641987073071413,0.5408571688185254,0.19494412387433324
25816,GOF,0.02099867897869122,0.6520908901648935,0.3269104308564151
25817,GOF,0.2536240304400441,0.6135029442895675,0.13287302527038833
25818,GOF,0.05037363505265458,0.5217241279078191,0.42790223703952635
25819,GOF,0.38510474314474874,0.4403628725979183,0.1745323842573331
25820,GOF,0.2262936160920825,0.5600773065764725,0.21362907733144484
25821,GOF,0.08169958313277305,0.6208360291919934,0.29746438767523353
25822,GOF,0.2823357510336328,0.47129784302596495,0.24636640594040232
25823,LOF,0.03650147574721432,0.4572186362563534,0.5062798879964323
25824,GOF,0.09628598377967434,0.48243141067544854,0.4212826055448771
25825,GOF,0.034192530712498524,0.49388428493108,0.4719231843564214
25826,LOF,0.012390680160604045,0.47219058606179515,0.5154187337776007
25827,GOF,0.025498305721757118,0.5329328274962271,0.44156886678201585
25828,LOF,0.016267155830147748,0.4549273655371675,0.5288054786326848
25829,GOF,0.006869413941469754,0.5027956642800644,0.49033492177846577
25830,LOF,0.04223921844292888,0.25070434547344506,0.7070564360836261
25831,GOF,0.19424904910514493,0.6696031392339183,0.1361478116609366
25832,GOF,0.037396787665073344,0.6724235706707896,0.2901796416641371
25833,GOF,0.13298115887199974,0.674158855440669,0.19285998568733123
25834,GOF,0.042423840949274746,0.67763694072319,0.27993921832753516
25835,GOF,0.11170222435808332,0.6594983463447021,0.22879942929721453
25836,GOF,0.049574845722752586,0.625075435576121,0.3253497187011265
25837,GOF,0.025466980190281287,0.504646337066772,0.4698866827429467
25838,GOF,0.08676588357327628,0.7163181593316845,0.19691595709503912
25839,GOF,0.3380744949203379,0.5109419341768519,0.15098357090281023
25840,GOF,0.26938293887090903,0.5343407623506128,0.1962762987784781
25841,GOF,0.2630885891257091,0.5449138941375485,0.1919975167367423
25842,GOF,0.1970528287377614,0.6203478630567725,0.18259930820546608
25843,GOF,0.23420030637483494,0.6180735292679482,0.1477261643572169
25844,GOF,0.0641385196987471,0.6080604261875868,0.32780105411366617
25845,LOF,0.01529094615143025,0.42967545259115436,0.5550336012574153
25846,GOF,0.108431847371358,0.6998748908012757,0.19169326182736632
25847,GOF,0.13662992951941216,0.7031346841292963,0.16023538635129156
25848,GOF,0.033767803196726016,0.6331520273249194,0.33308016947835467
25849,GOF,0.009506832085467622,0.5197659537111624,0.47072721420337005
25850,GOF,0.02216310933267179,0.5814178833212977,0.39641900734603047
25851,LOF,0.01764814198214736,0.47885162807849024,0.5035002299393623
25852,GOF,0.15960704491510627,0.5306713599016588,0.309721595183235
25853,GOF,0.35407052158436453,0.5623394988939598,0.08358997952167567
25854,GOF,0.0193116692771337,0.5820968440354658,0.39859148668740046
25855,GOF,0.037523428468348406,0.55212825781744,0.41034831371421154
25856,GOF,0.23567653723910015,0.5143399330408707,0.2499835297200292
25857,LOF,0.03375338512950008,0.4678314431625597,0.4984151717079402
25858,GOF,0.020685343532092226,0.5240060586515884,0.45530859781631927
25859,GOF,0.01135727051311743,0.5139936352876767,0.4746490941992058
25860,GOF,0.4041136725071175,0.5059693990668845,0.08991692842599802
25861,GOF,0.3969364424998409,0.50414615868461,0.09891739881554908
25862,GOF,0.07757835491981042,0.7545437033396312,0.16787794174055842
25863,GOF,0.08316240810464096,0.7520121149484632,0.16482547694689595
25864,GOF,0.20389307290118883,0.7038312028724955,0.09227572422631575
25865,GOF,0.0796122578811271,0.760959938108511,0.15942780401036205
25866,GOF,0.06228177907547327,0.7881756968561036,0.14954252406842322
25867,GOF,0.08234377939956543,0.7951035775837658,0.12255264301666885
25868,GOF,0.29269252054255507,0.5908243723292965,0.11648310712814841
25869,Neutral,0.7076540179408576,0.24705858267179734,0.04528739938734509
25870,LOF,0.3581660441066299,0.23896952361471274,0.4028644322786574
25871,GOF,0.22077590429790078,0.6133804234255098,0.1658436722765894
25872,GOF,0.08913502889664847,0.5568661245892838,0.3539988465140677
25873,GOF,0.18348675806398407,0.5539495265430896,0.2625637153929264
25874,LOF,0.02240345549905903,0.0919065153084761,0.8856900291924649
25875,LOF,0.08692648010913442,0.059962871063453535,0.8531106488274119
25876,LOF,0.030357681602740598,0.05014969697676014,0.9194926214204991
25877,Neutral,0.5159376125394233,0.0687396849889035,0.4153227024716732
25878,LOF,0.2473426489654217,0.11694898114930122,0.6357083698852771
25879,LOF,0.08884455215999543,0.1284735278169196,0.7826819200230849
25880,LOF,0.02228790891463487,0.023957622311560258,0.9537544687738048
25881,LOF,0.19265733283129605,0.19009373673489063,0.6172489304338133
25882,LOF,0.09056610599461261,0.02460967044759147,0.884824223557796
25883,LOF,0.0887674123072699,0.038829831602099026,0.8724027560906312
25884,LOF,0.04464904990770483,0.05686542555375238,0.8984855245385429
25885,LOF,0.07057014696367933,0.01594479615744529,0.9134850568788754
25886,LOF,0.34068543576499555,0.08358401325317433,0.5757305509818301
25887,LOF,0.17310934769551467,0.14120238955915204,0.6856882627453333
25888,LOF,0.06977107131185432,0.10735036749664088,0.8228785611915048
25889,LOF,0.052266571544207475,0.03879632977496529,0.9089370986808273
25890,LOF,0.05121517984232157,0.16123762266576344,0.787547197491915
25891,LOF,0.04300648575906616,0.068960393244126,0.8880331209968078
25892,LOF,0.1155337901085707,0.020354708531940196,0.8641115013594891
25893,LOF,0.2941673991948167,0.015162911239501175,0.6906696895656821
25894,LOF,0.18371063743456267,0.008545310442608652,0.8077440521228287
25895,LOF,0.21733586100514243,0.018623707131693402,0.7640404318631642
25896,LOF,0.05079173861847683,0.018737654279525093,0.930470607101998
25897,LOF,0.2417042637049187,0.01332633464266643,0.7449694016524148
25898,Neutral,0.7331415033534504,0.009367747299873655,0.257490749346676
25899,LOF,0.2778791128525811,0.024565387690557734,0.6975554994568612
25900,LOF,0.4498209502578383,0.014662696991405311,0.5355163527507563
25901,LOF,0.06374928244150911,0.010712491200015899,0.9255382263584749
25902,LOF,0.19572917716158333,0.00953661993418118,0.7947342029042355
25903,Neutral,0.530101167701408,0.025535204020502408,0.44436362827808956
25904,LOF,0.2716425861500633,0.037863582836057466,0.6904938310138792
25905,LOF,0.023646118151094908,0.31819948399103626,0.6581543978578688
25906,LOF,0.02245623992640637,0.07451906027421218,0.9030246997993815
25907,LOF,0.012732835732620004,0.35115342073400424,0.6361137435333757
25908,LOF,0.010887080351613938,0.2388701943804338,0.7502427252679522
25909,LOF,0.012631342392469611,0.17676361323466644,0.810605044372864
25910,LOF,0.052817732194479224,0.10228238970006497,0.8448998781054557
25911,LOF,0.1059989018167995,0.029011256282136553,0.864989841901064
25912,LOF,0.03203911443657322,0.05521494591345346,0.9127459396499733
25913,LOF,0.2549324370931105,0.021738063184427264,0.7233294997224622
25914,LOF,0.025642243275150457,0.11297635546030718,0.8613814012645423
25915,Neutral,0.41686936686238535,0.24680342601196387,0.3363272071256508
25916,LOF,0.06635761402112997,0.2622008528127828,0.6714415331660872
25917,LOF,0.07006605157458203,0.06587010806105152,0.8640638403643663
25918,LOF,0.036101599457614715,0.07600753292566595,0.8878908676167194
25919,LOF,0.029048711996239297,0.08060466550787188,0.8903466224958888
25920,GOF,0.09912681308970143,0.47891946785611483,0.4219537190541838
25921,LOF,0.03441602258998579,0.023398338102658293,0.942185639307356
25922,LOF,0.045231667289956,0.014215867549045717,0.9405524651609983
25923,LOF,0.4128507557292779,0.015208859887574906,0.5719403843831472
25924,LOF,0.04583468551683325,0.023189285637540205,0.9309760288456265
25925,LOF,0.07864533079108382,0.022529365611585837,0.8988253035973303
25926,LOF,0.05675996793683299,0.017029602292248258,0.9262104297709188
25927,LOF,0.08996159645388686,0.04698557505453979,0.8630528284915733
25928,LOF,0.028648070901272315,0.019610717395141464,0.9517412117035863
25929,Neutral,0.5533137403388547,0.016860019877877733,0.42982623978326756
25930,LOF,0.06396524417652494,0.011560451849481164,0.9244743039739939
25931,LOF,0.03615519645604759,0.016539488685443297,0.9473053148585092
25932,LOF,0.03106520123853977,0.013873567480196823,0.9550612312812635
25933,LOF,0.041739311334422,0.00909271213483136,0.9491679765307467
25934,LOF,0.027896144132552366,0.009971434252159843,0.9621324216152879
25935,LOF,0.07363825312926689,0.030432826738204976,0.8959289201325281
25936,LOF,0.05147197760088517,0.012618777332673924,0.935909245066441
25937,LOF,0.03283542675066044,0.02025213106130179,0.9469124421880378
25938,LOF,0.07745607485443831,0.03288364688649138,0.8896602782590702
25939,LOF,0.04311752300726971,0.008618922060953623,0.9482635549317767
25940,LOF,0.024906475867734097,0.38807979397949316,0.5870137301527728
25941,LOF,0.13789537783410769,0.10196157423979654,0.7601430479260957
25942,LOF,0.013113603893574341,0.036005930340145285,0.9508804657662804
25943,LOF,0.2868500899804332,0.07087839471059047,0.6422715153089764
25944,LOF,0.4697818651438935,0.03909008482002346,0.49112805003608306
25945,LOF,0.05673331172566251,0.02157893315471479,0.9216877551196228
25946,LOF,0.03474297329053541,0.14771658735339768,0.8175404393560669
25947,LOF,0.1255552950740047,0.2093846102500252,0.6650600946759702
25948,LOF,0.40448952942934974,0.017281486399260894,0.5782289841713893
25949,LOF,0.08099958847906923,0.06839013002844913,0.8506102814924815
25950,GOF,0.27430726248718224,0.4524769093018864,0.2732158282109314
25951,LOF,0.25994965973771816,0.19403805053661835,0.5460122897256634
25952,GOF,0.06636988582206965,0.47002335949092705,0.46360675468700324
25953,LOF,0.14321329460289206,0.10224752472832585,0.754539180668782
25954,Neutral,0.39936761008237315,0.22761259307483378,0.37301979684279324
25955,LOF,0.05869921023313287,0.0910356846414408,0.8502651051254264
25956,LOF,0.21706842603934948,0.06281621331897272,0.7201153606416779
25957,LOF,0.047803335799318045,0.0239915699020743,0.9282050942986076
25958,LOF,0.054902407620492116,0.029603150526967072,0.9154944418525407
25959,LOF,0.06215569470856874,0.2975148808181789,0.6403294244732524
25960,LOF,0.018574236261525434,0.0562622476911779,0.9251635160472967
25961,LOF,0.04468747106747333,0.03865728584947317,0.9166552430830535
25962,LOF,0.056634263272460225,0.033887952378074654,0.9094777843494651
25963,LOF,0.05033892641653432,0.19230242367781664,0.7573586499056492
25964,LOF,0.03646219528982353,0.1290505546768282,0.8344872500333483
25965,LOF,0.441581306921182,0.07322331884307846,0.48519537423573966
25966,LOF,0.3776827312511412,0.19852566315562986,0.423791605593229
25967,LOF,0.012894425120766396,0.06621077926937345,0.9208947956098602
25968,LOF,0.03438299674846175,0.3889159280015918,0.5767010752499464
25969,LOF,0.02306512306429632,0.054847080567903043,0.9220877963678006
25970,LOF,0.058061925674492816,0.07088024177369295,0.8710578325518142
25971,LOF,0.06436444835942838,0.02260344458722408,0.9130321070533475
25972,LOF,0.07613665332275918,0.02752187198882707,0.8963414746884137
25973,LOF,0.09851048351554557,0.009652858174613293,0.891836658309841
25974,LOF,0.23053509910547765,0.021599635295199388,0.7478652655993229
25975,LOF,0.04808784746365008,0.035014600079461174,0.9168975524568888
25976,LOF,0.04071862357261604,0.020767921110711192,0.9385134553166727
25977,LOF,0.1521119079761203,0.10675496264862681,0.7411331293752529
25978,LOF,0.11037639921314381,0.08056120110106639,0.8090623996857897
25979,LOF,0.1133734106387118,0.07778736881726778,0.8088392205440206
25980,LOF,0.13925772331483,0.10656704488850462,0.7541752317966653
25981,LOF,0.17155492069041414,0.10259501762079735,0.7258500616887885
25982,LOF,0.3470394222557126,0.07368365191928036,0.579276925825007
25983,LOF,0.32674441224114503,0.06909407011285272,0.6041615176460022
25984,LOF,0.04948309287665192,0.10321904150131472,0.8472978656220334
25985,LOF,0.02204633199824481,0.32546839983377474,0.6524852681679804
25986,LOF,0.027263770875920863,0.3245662772929146,0.6481699518311647
25987,LOF,0.06685987482293862,0.12619313009277172,0.8069469950842897
25988,LOF,0.11688830079621479,0.10531633446897272,0.7777953647348126
25989,LOF,0.02376788253174,0.20104071484932515,0.7751914026189348
25990,LOF,0.03373477633989246,0.17130302818113147,0.7949621954789761
25991,GOF,0.12928252795091097,0.5100271036153335,0.36069036843375546
25992,LOF,0.32522957706043365,0.3001361181703132,0.374634304769253
25993,LOF,0.022843186327522205,0.10693561799912608,0.8702211956733517
25994,LOF,0.015310065612827217,0.14112376264633306,0.8435661717408397
25995,LOF,0.02555871256657115,0.23295839973981994,0.7414828876936089
25996,GOF,0.15891727614228912,0.6871717692488094,0.15391095460890145
25997,GOF,0.07253643653429978,0.6570078757781952,0.2704556876875051
25998,Neutral,0.5571578368174691,0.019286609038435248,0.42355555414409557
25999,LOF,0.13291600704339246,0.1545898863781295,0.712494106578478
26000,LOF,0.14464283387004934,0.035972475477356866,0.8193846906525938
26001,LOF,0.17728068861927293,0.038026594417227215,0.7846927169635
26002,LOF,0.16464241883332628,0.036222962381839856,0.7991346187848338
26003,GOF,0.009855941590405079,0.6745614525286802,0.3155826058809148
26004,GOF,0.024656696956840772,0.7375408335747469,0.23780246946841235
26005,GOF,0.009991905764404303,0.5622600348169414,0.42774805941865424
26006,Neutral,0.5441533968377665,0.26060799329884876,0.19523860986338482
26007,GOF,0.02088584914830346,0.6318039592108844,0.3473101916408121
26008,GOF,0.023406386797197483,0.6335337656755532,0.3430598475272492
26009,GOF,0.031098886904040432,0.6921706826198416,0.276730430476118
26010,GOF,0.02599295244420406,0.7347220752141339,0.23928497234166204
26011,GOF,0.008955335133921995,0.5579906953777597,0.43305396948831826
26012,GOF,0.01752718890130081,0.6380195731247077,0.3444532379739916
26013,GOF,0.01823324910940934,0.6787825164519635,0.30298423443862715
26014,LOF,0.05188987609281753,0.16966967124770452,0.7784404526594779
26015,LOF,0.14842921400889544,0.009440551176181202,0.8421302348149234
26016,LOF,0.22829770618838258,0.047124444522064574,0.7245778492895528
26017,LOF,0.1944803546882186,0.09207015487235938,0.7134494904394221
26018,LOF,0.07428668926418834,0.036036318875815404,0.8896769918599963
26019,LOF,0.07178601496765621,0.02537180859624845,0.9028421764360954
26020,LOF,0.053456341940897635,0.10189243873775147,0.844651219321351
26021,LOF,0.044804078948143575,0.12685498938609532,0.8283409316657611
26022,LOF,0.010073845025328699,0.04637248415237288,0.9435536708222985
26023,LOF,0.09951341885162475,0.02428287094052326,0.8762037102078519
26024,LOF,0.026117735716318476,0.11209013701064097,0.8617921272730406
26025,LOF,0.14956550320100553,0.08407077427563148,0.766363722523363
26026,LOF,0.2786928837113534,0.0190877074826165,0.7022194088060301
26027,LOF,0.07481537078668309,0.018387492910864476,0.9067971363024524
26028,LOF,0.15022154365383003,0.08417589807449116,0.7656025582716788
26029,LOF,0.10357254948418201,0.14345119135125714,0.7529762591645608
26030,LOF,0.03592098807000276,0.054725634178215896,0.9093533777517814
26031,LOF,0.04184873884269408,0.11698604572705451,0.8411652154302514
26032,LOF,0.08769143853860902,0.042458574045538724,0.8698499874158522
26033,LOF,0.14230451167459077,0.04955541562568616,0.8081400726997231
26034,LOF,0.060508513093177826,0.11891311480832512,0.820578372098497
26035,LOF,0.042339834074625764,0.10451908879611337,0.8531410771292609
26036,LOF,0.06286539846333286,0.12422426175006142,0.8129103397866058
26037,LOF,0.03534554965294425,0.0882284186984024,0.8764260316486533
26038,LOF,0.08291576349568415,0.0413378950235896,0.8757463414807263
26039,LOF,0.08078030992505415,0.10898460550964033,0.8102350845653056
26040,LOF,0.2480652179928218,0.08832246491699357,0.6636123170901846
26041,LOF,0.03585784791281269,0.08782837039617548,0.8763137816910117
26042,LOF,0.034923407590781774,0.08759239315360175,0.8774841992556165
26043,LOF,0.0801421781037843,0.054751078249230645,0.865106743646985
26044,LOF,0.031752998387237004,0.06804944265435849,0.9001975589584045
26045,LOF,0.09580026154788794,0.08504587775792097,0.819153860694191
26046,LOF,0.08463713656789416,0.057154332063872285,0.8582085313682335
26047,LOF,0.1199685314952799,0.06835009135683412,0.8116813771478859
26048,LOF,0.057690883657657704,0.0557971769055309,0.8865119394368114
26049,Neutral,0.9519662202748789,0.0075389777560775865,0.040494801969043454
26050,Neutral,0.9285511016642809,0.008449331946701227,0.06299956638901781
26051,LOF,0.049288043070130766,0.42640037506226364,0.5243115818676056
26052,GOF,0.07316430892629205,0.47145467442597533,0.4553810166477327
26053,LOF,0.06772459690670442,0.15854091626887082,0.7737344868244248
26054,LOF,0.05974921252626409,0.04050792071298525,0.8997428667607508
26055,LOF,0.07361820249599889,0.027520707546057278,0.8988610899579438
26056,LOF,0.06665043031873746,0.035596509962352155,0.8977530597189103
26057,LOF,0.0287489944615194,0.01688441090088754,0.9543665946375931
26058,LOF,0.029236331231001084,0.015324521267732814,0.955439147501266
26059,LOF,0.27998473662766643,0.050738094123185244,0.6692771692491483
26060,LOF,0.025407231746526315,0.27453201170743885,0.7000607565460348
26061,LOF,0.01724099961750867,0.02070583055334631,0.962053169829145
26062,LOF,0.010873198562039004,0.03249738983368216,0.9566294116042788
26063,LOF,0.021395463630237553,0.016870462117850853,0.9617340742519115
26064,LOF,0.02306241552394343,0.023343502136626074,0.9535940823394305
26065,LOF,0.024620487786747795,0.020665945702157937,0.9547135665110943
26066,LOF,0.020119030471992375,0.018051292658701076,0.9618296768693066
26067,LOF,0.02505083564204511,0.014301633813504116,0.9606475305444507
26068,LOF,0.04839995935861362,0.06213616600115118,0.8894638746402351
26069,LOF,0.2863278492982861,0.034516450572369205,0.6791557001293447
26070,LOF,0.4313892961203767,0.02484560574834664,0.5437650981312766
26071,LOF,0.021662599540591077,0.02110807059566659,0.9572293298637424
26072,LOF,0.024015856090006803,0.030682562213827435,0.9453015816961657
26073,LOF,0.0223176274442312,0.015826448890742376,0.9618559236650265
26074,Neutral,0.9037702927195143,0.00780412686873785,0.08842558041174793
26075,LOF,0.0435225571038608,0.02507444747774026,0.931402995418399
26076,LOF,0.04501044486350335,0.015549354689651313,0.9394402004468453
26077,LOF,0.009586042098524044,0.03299728165109616,0.9574166762503799
26078,LOF,0.014109479340697263,0.02162443905276466,0.9642660816065382
26079,LOF,0.05408637764849377,0.032928769961795855,0.9129848523897103
26080,LOF,0.05231646372521737,0.03311997504998889,0.9145635612247938
26081,LOF,0.03387111470872754,0.012090994943258087,0.9540378903480145
26082,LOF,0.01842469648507389,0.031296573434845106,0.9502787300800811
26083,LOF,0.12464763273510057,0.019244391508260256,0.8561079757566391
26084,LOF,0.025535372916775254,0.024812886232688847,0.9496517408505359
26085,LOF,0.021878709984112864,0.02353596510842328,0.9545853249074638
26086,LOF,0.02370513908980181,0.019466635208378272,0.9568282257018199
26087,LOF,0.024109010041139786,0.014069286307768573,0.9618217036510918
26088,LOF,0.018331156288653554,0.0405750155155788,0.9410938281957676
26089,LOF,0.04915625761108432,0.041253717591166326,0.9095900247977494
26090,LOF,0.04734732872230663,0.033260304103035,0.9193923671746583
26091,LOF,0.03678844818492298,0.01117449593030921,0.9520370558847677
26092,LOF,0.024618804694022514,0.014592613286928922,0.9607885820190486
26093,LOF,0.03535213838470363,0.010121726351240331,0.954526135264056
26094,LOF,0.040861754401836495,0.012185806457654267,0.9469524391405093
26095,LOF,0.05811067166026519,0.02150362879003038,0.9203856995497043
26096,LOF,0.022641562625845872,0.018766892411910673,0.9585915449622434
26097,LOF,0.009746823607792752,0.07034105912675742,0.9199121172654499
26098,LOF,0.07307082408393788,0.025359430633185437,0.9015697452828767
26099,LOF,0.023710960789166013,0.02550947015296322,0.9507795690578709
26100,LOF,0.025501135560457848,0.023952161959738687,0.9505467024798034
26101,LOF,0.05593454878935406,0.022183514580513736,0.9218819366301322
26102,LOF,0.02475584231048472,0.018808202989821266,0.9564359546996939
26103,Neutral,0.8856985190801963,0.031986399405576564,0.08231508151422731
26104,LOF,0.06885804811094808,0.05798974046531214,0.8731522114237397
26105,LOF,0.21634217516272514,0.2567119034930399,0.5269459213442349
26106,LOF,0.1827809760797066,0.14712747996384337,0.67009154395645
26107,LOF,0.22451931906668146,0.1286285603583116,0.646852120575007
26108,LOF,0.2253051519566887,0.19621458434123032,0.578480263702081
26109,LOF,0.0877806206969194,0.12862078690896367,0.783598592394117
26110,LOF,0.227188780831733,0.007368409596332083,0.765442809571935
26111,LOF,0.45748621277959295,0.016508025923880496,0.5260057612965265
26112,LOF,0.032912545586174576,0.0076385982350273395,0.9594488561787982
26113,LOF,0.052198935097749144,0.012168161809615554,0.9356329030926352
26114,LOF,0.014870342968420672,0.017654253986364478,0.9674754030452148
26115,LOF,0.0778164980278994,0.03553135349728983,0.8866521484748108
26116,LOF,0.04652476968103653,0.02628941718181673,0.9271858131371468
26117,LOF,0.35683366559139645,0.05623991252965448,0.5869264218789491
26118,LOF,0.03958457269390347,0.036495274876873436,0.9239201524292232
26119,LOF,0.023659493952717513,0.04593643116093277,0.9304040748863498
26120,LOF,0.029802158928332545,0.025268254083422072,0.9449295869882454
26121,LOF,0.05144113222664074,0.10114686579168282,0.8474120019816764
26122,LOF,0.04724010350100811,0.04194966177850105,0.9108102347204908
