feature0,prediction,LoGoFunc_Neutral,LoGoFunc_GOF,LoGoFunc_LOF
25546,Neutral,0.6068407026586764,0.05626317757532342,0.33689611976600026
25547,Neutral,0.46697078843610607,0.09221518437438446,0.44081402718950946
25548,Neutral,0.48513725408071984,0.0829379480809215,0.43192479783835874
25549,LOF,0.4158165361413021,0.08143623554278835,0.5027472283159097
25550,LOF,0.34107703946012197,0.11470917410541145,0.5442137864344665
25551,LOF,0.29958562560237945,0.12326174320200309,0.5771526311956175
25552,LOF,0.25426519820843424,0.12463003839058799,0.6211047634009778
25553,Neutral,0.7980429450020399,0.04570583923899445,0.15625121575896572
25554,LOF,0.2910126968988927,0.10940049164458485,0.5995868114565225
25555,LOF,0.2505075795024848,0.10194563562396872,0.6475467848735464
25556,Neutral,0.45816067200014005,0.09506045729433561,0.44677887070552436
25557,LOF,0.24283105980594422,0.10971896876401521,0.6474499714300406
25558,LOF,0.29214325162288335,0.10773529173868111,0.6001214566384355
25559,LOF,0.2694428027330138,0.1459924001895562,0.58456479707743
25560,LOF,0.16614836294964158,0.11693635470812412,0.7169152823422343
25561,LOF,0.16523408163551984,0.1284284152288347,0.7063375031356456
25562,LOF,0.07860809664098657,0.07304789612738037,0.8483440072316331
25563,LOF,0.022307620483541093,0.14358726247202325,0.8341051170444356
25564,LOF,0.21023422939106834,0.10924090578685357,0.6805248648220781
25565,LOF,0.2047840731500304,0.152802450915991,0.6424134759339786
25566,GOF,0.09962761961266713,0.6663762325658337,0.23399614782149916
25567,LOF,0.04344283144520329,0.14873234588304957,0.8078248226717472
25568,LOF,0.06916209496022219,0.07459546363685288,0.8562424414029249
25569,LOF,0.06559489906939434,0.07774310668736935,0.8566619942432363
25570,LOF,0.02962169192480474,0.10583967027290749,0.8645386378022878
25571,LOF,0.02879416008890379,0.10693113287145292,0.8642747070396433
25572,LOF,0.065123575050425,0.12166650732567934,0.8132099176238957
25573,LOF,0.06617971435050743,0.09263388919204509,0.8411863964574475
25574,LOF,0.06209294880446962,0.21132209428046228,0.7265849569150681
25575,LOF,0.024178869120822687,0.12284415875389842,0.8529769721252789
25576,LOF,0.029796291855178757,0.1542039936635334,0.8159997144812878
25577,LOF,0.03251819271414484,0.12387847247142088,0.8436033348144343
25578,LOF,0.31677737633750425,0.09093134627935472,0.592291277383141
25579,LOF,0.14993936738443422,0.09555450353352826,0.7545061290820375
25580,LOF,0.021703858424248514,0.0859278960408261,0.8923682455349253
25581,LOF,0.06260556365159492,0.06899853807900784,0.8683958982693972
25582,LOF,0.062120577612546767,0.06813453825528283,0.8697448841321704
25583,LOF,0.02425767510553599,0.08402149298953208,0.891720831904932
25584,Neutral,0.6731068933114487,0.10935478293139932,0.21753832375715199
25585,LOF,0.027839941277777374,0.14409136277418694,0.8280686959480358
25586,LOF,0.018414555464527804,0.07691753201045279,0.9046679125250194
25587,LOF,0.01804938567158929,0.06802349470494823,0.9139271196234625
25588,LOF,0.022440004810335364,0.07529418762631676,0.902265807563348
25589,Neutral,0.5151408749827966,0.21953248548976614,0.2653266395274372
25590,LOF,0.05159635459445231,0.12107317392000681,0.827330471485541
25591,LOF,0.10623669704874858,0.05994942369627002,0.8338138792549815
25592,LOF,0.05770637817956044,0.141189303792799,0.8011043180276406
25593,LOF,0.14384484348567597,0.25999994753330713,0.5961552089810168
25594,LOF,0.057243637866948166,0.10638371238954912,0.8363726497435027
25595,LOF,0.055945547585880474,0.07884913013771602,0.8652053222764036
25596,LOF,0.11274060770958877,0.04061877395300088,0.8466406183374103
25597,LOF,0.09771194310062853,0.0531292695084125,0.849158787390959
25598,LOF,0.05555126844368218,0.08340884072808158,0.8610398908282363
25599,LOF,0.022560477433036918,0.4709181919391461,0.5065213306278169
25600,GOF,0.18487962993507598,0.49981719167778255,0.3153031783871414
25601,LOF,0.04379674743049027,0.39720261831330567,0.559000634256204
25602,LOF,0.031743970635168206,0.06545893301542945,0.9027970963494023
25603,LOF,0.034246436654099044,0.034104524330868594,0.9316490390150323
25604,LOF,0.0345916107865374,0.07726154267103898,0.8881468465424237
25605,LOF,0.03517950374238601,0.20496350870435007,0.7598569875532639
25606,LOF,0.39336863383488285,0.11435625798409267,0.4922751081810245
25607,LOF,0.02372175393812468,0.186419338954389,0.7898589071074864
25608,LOF,0.03299023393901784,0.07342926876401232,0.8935804972969698
25609,GOF,0.1507300334621284,0.5112660138698313,0.3380039526680404
25610,LOF,0.015857240653684813,0.03233914852120778,0.9518036108251073
25611,LOF,0.013863074387402963,0.0389004398228569,0.9472364857897401
25612,LOF,0.046692865125441976,0.049408561348876084,0.9038985735256819
25613,LOF,0.04504371599381745,0.050195203665690837,0.9047610803404917
25614,LOF,0.021160503347189233,0.031215196618423417,0.9476243000343874
25615,LOF,0.044708637844738525,0.04795144268993173,0.9073399194653298
25616,LOF,0.052860006170452084,0.034148191582809545,0.9129918022467384
25617,LOF,0.04390588145210217,0.04732447446029977,0.9087696440875981
25618,LOF,0.04659357137191076,0.042521629983982866,0.9108847986441063
25619,LOF,0.01297325841542354,0.03972441587425869,0.9473023257103178
25620,LOF,0.06584275078071176,0.05110481755273262,0.8830524316665556
25621,LOF,0.054711162516066565,0.03997616466781304,0.9053126728161204
25622,LOF,0.0645988669876748,0.0370352863253448,0.8983658466869804
25623,LOF,0.07679487560645677,0.03100936935050704,0.8921957550430362
25624,LOF,0.018107879560551893,0.038748285627866814,0.9431438348115813
25625,LOF,0.06277860570826098,0.04595097639121079,0.8912704179005283
25626,LOF,0.04351379298192354,0.04778418586317703,0.9087020211548994
25627,Neutral,0.89515493957994,0.01796273757669776,0.08688232284336228
25628,LOF,0.13916986978747942,0.056500840987311715,0.8043292892252089
25629,LOF,0.06544219712071202,0.045357494079383616,0.8892003087999044
25630,LOF,0.2981595614218776,0.06916298229071918,0.6326774562874032
25631,Neutral,0.5760682468309648,0.05541912533713179,0.3685126278319034
25632,LOF,0.025516883281925026,0.06651111472687016,0.9079720019912048
25633,LOF,0.16769443952673677,0.03829851352595173,0.7940070469473115
25634,LOF,0.03437149519201723,0.0865712181359636,0.8790572866720192
25635,LOF,0.03648970991409032,0.04214035541038786,0.9213699346755218
25636,LOF,0.03760400212213068,0.41488705011945975,0.5475089477584095
25637,LOF,0.08219954524791029,0.4317163854279328,0.48608406932415704
25638,LOF,0.030490589218002268,0.333392090245726,0.6361173205362718
25639,LOF,0.03115912028301218,0.34342506484355884,0.6254158148734289
25640,Neutral,0.8049802830797683,0.15530479596590213,0.03971492095432959
25641,GOF,0.07411437714554704,0.4669578411250307,0.4589277817294222
25642,LOF,0.04987350666112937,0.16427406716585977,0.785852426173011
25643,LOF,0.18451449534539968,0.13865150054850087,0.6768340041060995
25644,LOF,0.02104801416353092,0.43306098313182506,0.545891002704644
25645,LOF,0.022936831152856763,0.37099266221949334,0.6060705066276498
25646,LOF,0.058661186797402676,0.3094681645595609,0.6318706486430364
25647,LOF,0.024410985365344248,0.24439967814799388,0.7311893364866618
25648,LOF,0.03256501680930612,0.23358428069727236,0.7338507024934217
25649,LOF,0.01755014117922228,0.22652842584836105,0.7559214329724165
25650,LOF,0.05325665212980771,0.3857070716542039,0.5610362762159884
25651,LOF,0.01669328848604178,0.25670176997048494,0.7266049415434733
25652,LOF,0.036156727352483556,0.23786752582190504,0.7259757468256113
25653,LOF,0.08573576052666454,0.3689277156360689,0.5453365238372665
25654,LOF,0.0260735283742401,0.21443372760117646,0.7594927440245836
25655,LOF,0.24577217382046318,0.35055593145049907,0.40367189472903775
25656,LOF,0.3506947776400405,0.04615864291984739,0.6031465794401122
25657,LOF,0.06385569121934198,0.05296281720036072,0.8831814915802974
25658,LOF,0.34613677894699446,0.056247108961487664,0.5976161120915179
25659,Neutral,0.5291810753490241,0.08350553439686882,0.38731339025410694
25660,LOF,0.020748506099100252,0.07683481987349347,0.9024166740274062
25661,LOF,0.09662921907300466,0.0587089949944992,0.8446617859324961
25662,LOF,0.034864245493473466,0.031773447939047635,0.9333623065674789
25663,LOF,0.04967216247075545,0.04527918835495084,0.9050486491742937
25664,LOF,0.150879904133725,0.06206570850694333,0.7870543873593316
25665,LOF,0.056286130361416,0.02960548655292436,0.9141083830856597
25666,LOF,0.09331087677138235,0.07500556726937627,0.8316835559592415
25667,LOF,0.07767806382001481,0.03682785706721167,0.8854940791127736
25668,LOF,0.03901200794339461,0.04808489608481261,0.9129030959717928
25669,LOF,0.03432821518600971,0.04884628366748081,0.9168255011465094
25670,LOF,0.14286369186156148,0.06174198666219186,0.7953943214762467
25671,LOF,0.11950342317189473,0.03326136228146902,0.8472352145466363
25672,LOF,0.0529411373401373,0.03954163292217673,0.9075172297376859
25673,LOF,0.08221810412014405,0.04767438020716592,0.87010751567269
25674,LOF,0.07063475519944863,0.055558497391985165,0.8738067474085662
25675,LOF,0.13329585334489444,0.051783057253052864,0.8149210894020528
25676,LOF,0.01939690088859599,0.05194700018639198,0.9286560989250121
25677,LOF,0.02537989141304766,0.07009021554022243,0.9045298930467299
25678,LOF,0.21483136331990835,0.0554371915322376,0.729731445147854
25679,LOF,0.12509864515315458,0.08092267635918798,0.7939786784876574
25680,LOF,0.03166331566541902,0.11524007404727929,0.8530966102873018
25681,LOF,0.050260609298663945,0.1109697732412158,0.8387696174601202
25682,LOF,0.1584812647686687,0.07128010668732061,0.7702386285440107
25683,LOF,0.12124077971445846,0.09398934129282349,0.7847698789927181
25684,LOF,0.04454210881374767,0.0713907437210262,0.8840671474652261
25685,LOF,0.1361928964545245,0.05703451718250918,0.8067725863629662
25686,LOF,0.07337459700728723,0.08633820320367436,0.8402871997890384
25687,LOF,0.11869852223154236,0.09613551904518895,0.7851659587232687
25688,LOF,0.2922337919085952,0.03157126899736795,0.6761949390940367
25689,LOF,0.22643948899279084,0.033097062817897836,0.7404634481893113
25690,LOF,0.29975443092277637,0.026928626823018456,0.6733169422542052
25691,Neutral,0.6691397083523745,0.02223741097260901,0.30862288067501653
25692,LOF,0.32914020825547513,0.010904966221633785,0.6599548255228911
25693,LOF,0.048521360367064816,0.44763310249290156,0.5038455371400336
25694,LOF,0.11938520816780408,0.014911699013998277,0.8657030928181977
25695,LOF,0.11057512689314195,0.014666844438451147,0.874758028668407
25696,LOF,0.12174833003427524,0.00825452745710521,0.8699971425086196
25697,LOF,0.0949011435843876,0.029727992419826897,0.8753708639957855
25698,LOF,0.3565486623836232,0.20829295693950292,0.4351583806768739
25699,LOF,0.4385745643286447,0.03900946977825386,0.5224159658931014
25700,LOF,0.07613277350469264,0.008187590623624948,0.9156796358716826
25701,LOF,0.14420033553279235,0.049389007193327325,0.8064106572738803
25702,GOF,0.1632642831375469,0.5657535401260606,0.2709821767363924
25703,LOF,0.016111771800444364,0.17123751182987573,0.8126507163696799
25704,LOF,0.04375444289979429,0.10778384205352809,0.8484617150466776
25705,LOF,0.05119520127797629,0.15953286646731946,0.7892719322547043
25706,LOF,0.08785702146245693,0.40767274499118733,0.5044702335463558
25707,LOF,0.07596227315031258,0.3220021558507983,0.602035570998889
25708,LOF,0.02879453835628266,0.2884296625705484,0.682775799073169
25709,LOF,0.0747356145077301,0.0430859880722239,0.8821783974200459
25710,LOF,0.011609311533589154,0.1550014089145338,0.8333892795518771
25711,LOF,0.020647123522411614,0.10126422812306685,0.8780886483545215
25712,LOF,0.013839453525910607,0.18818847100905436,0.797972075465035
25713,LOF,0.02030894143868683,0.0911019906959098,0.8885890678654035
25714,LOF,0.08223903844669206,0.0861152580943344,0.8316457034589735
25715,LOF,0.011828701589114525,0.15610006296180826,0.8320712354490771
25716,LOF,0.014718423814566756,0.13174823728658785,0.8535333388988454
25717,LOF,0.011932406673355546,0.07869225670376638,0.909375336622878
25718,LOF,0.012964204856613381,0.10643925383627659,0.8805965413071102
25719,LOF,0.019914574071166938,0.0849653076666081,0.8951201182622249
25720,LOF,0.025963506085712778,0.0726735337196625,0.9013629601946247
25721,LOF,0.016119445861135527,0.12384810179740013,0.8600324523414644
25722,LOF,0.014965923778876993,0.12562527094577672,0.8594088052753464
25723,LOF,0.025343967214746643,0.04431149714194298,0.9303445356433103
25724,LOF,0.034560920289491474,0.09620354406121061,0.8692355356492979
25725,LOF,0.012537821132078823,0.07293083119496083,0.9145313476729603
25726,LOF,0.017286443020834538,0.11912188952258997,0.8635916674565756
25727,LOF,0.014312963654906188,0.08287922054107479,0.9028078158040191
25728,LOF,0.010513807165038767,0.1245371313530258,0.8649490614819355
25729,LOF,0.010864436312049947,0.12141569377849744,0.8677198699094526
25730,LOF,0.01504496260044845,0.08730809280938823,0.8976469445901634
25731,LOF,0.019975774535727388,0.12262192989003537,0.8574022955742373
25732,LOF,0.016233560981141027,0.08584004476092894,0.89792639425793
25733,LOF,0.01775236347224157,0.07242744597794169,0.9098201905498168
25734,LOF,0.01147143285446537,0.13332916834145778,0.8551993988040768
25735,LOF,0.014468752430731738,0.08717779108815116,0.8983534564811171
25736,LOF,0.015323498309006544,0.10899293602312428,0.8756835656678691
25737,LOF,0.013260049360980066,0.08579504042693453,0.9009449102120853
25738,LOF,0.012810308662633031,0.11129198211181894,0.875897709225548
25739,LOF,0.02307073198509522,0.08000354868487779,0.8969257193300268
25740,LOF,0.027294945328555423,0.11811644068552035,0.8545886139859242
25741,LOF,0.01542152713367031,0.1238925417524169,0.8606859311139129
25742,LOF,0.13595675613928163,0.0900068470300024,0.774036396830716
25743,LOF,0.030946338249081266,0.03433115865242302,0.9347225030984958
25744,Neutral,0.5618647172746475,0.19842690187884598,0.23970838084650647
25745,LOF,0.07080379286340181,0.06938854300560528,0.8598076641309929
25746,LOF,0.037663380513213635,0.09020232941442027,0.872134290072366
25747,LOF,0.022500095319196178,0.04930118873821675,0.9281987159425871
25748,LOF,0.08852744270984665,0.0702697701844763,0.841202787105677
25749,LOF,0.02372884667705003,0.08418927273044816,0.8920818805925017
25750,LOF,0.07935307783930176,0.07920118958884112,0.8414457325718572
25751,LOF,0.09319183100956496,0.07271022986301222,0.8340979391274228
25752,GOF,0.1183058414283277,0.6524265458225038,0.22926761274916851
25753,LOF,0.02077138264156916,0.2678702881367246,0.7113583292217063
25754,GOF,0.011058198039111232,0.7677463474143863,0.22119545454650238
25755,LOF,0.022422969660987845,0.3920933362712048,0.5854836940678073
25756,LOF,0.04467599438558146,0.3598306930832654,0.5954933125311531
25757,GOF,0.015567235215430046,0.8356467783066425,0.1487859864779276
25758,GOF,0.029416740454209396,0.7918146060234936,0.17876865352229696
25759,GOF,0.010538416065277233,0.5601225842078691,0.42933899972685374
25760,LOF,0.012483596101743663,0.25456710540844535,0.7329492984898109
25761,GOF,0.27842015195968367,0.6299682892960857,0.09161155874423067
25762,LOF,0.03699567749428922,0.260865142398242,0.7021391801074688
25763,LOF,0.014212859222205729,0.1992871878969691,0.7864999528808251
25764,GOF,0.07800824336539729,0.6102325012550384,0.3117592553795643
25765,GOF,0.039033058325768775,0.734878698046009,0.22608824362822225
25766,GOF,0.06528108760736455,0.7432010520509316,0.1915178603417039
25767,GOF,0.13739842541436798,0.5664757993068115,0.2961257752788206
25768,LOF,0.12393364044086488,0.06652763201489285,0.8095387275442422
25769,LOF,0.06442337532382898,0.0575027330197635,0.8780738916564076
25770,LOF,0.3594606676140211,0.08174237752491409,0.5587969548610648
25771,LOF,0.04622486943168969,0.047628885716225804,0.9061462448520845
25772,LOF,0.01924392305008501,0.03494005580452743,0.9458160211453875
25773,LOF,0.05137011506605251,0.089751611236579,0.8588782736973686
25774,LOF,0.030167435437285565,0.06607026754716379,0.9037622970155507
25775,LOF,0.053130264439222794,0.048238330616841775,0.8986314049439355
25776,LOF,0.08218143698243979,0.022941716035890146,0.8948768469816701
25777,LOF,0.38904295718917475,0.048462091723875965,0.5624949510869492
25778,LOF,0.07609525752436234,0.04348448847078699,0.8804202540048507
25779,GOF,0.3957342131842816,0.5593484092549774,0.04491737756074104
25780,GOF,0.31675101808250616,0.6084035699682775,0.07484541194921629
25781,GOF,0.14742476121510178,0.7499057994302388,0.1026694393546595
25782,GOF,0.21123256435072557,0.7157516191073549,0.07301581654191955
25783,GOF,0.023588111631068647,0.6309070479499316,0.3455048404189997
25784,Neutral,0.5335909353405747,0.4268690026775564,0.03954006198186895
25785,GOF,0.4795080140187329,0.4815913288053178,0.038900657175949295
25786,GOF,0.025779036614328735,0.7247404193998708,0.24948054398580036
25787,Neutral,0.6490113875004956,0.32356510445304804,0.02742350804645641
25788,LOF,0.05555332924004074,0.10650402713933059,0.8379426436206288
25789,GOF,0.2444909559274181,0.6325762810438045,0.12293276302877759
25790,GOF,0.24596807508750598,0.6407947109642776,0.11323721394821636
25791,GOF,0.19865715394871544,0.6326970788312315,0.1686457672200531
25792,GOF,0.3987405672552708,0.48262863327603106,0.11863079946869817
25793,GOF,0.2654737591820148,0.5156464694913327,0.21887977132665246
25794,GOF,0.293783081458285,0.5147520209229489,0.19146489761876614
25795,GOF,0.07926876682587786,0.6716165488693374,0.24911468430478473
25796,Neutral,0.5862070779136207,0.32617849270902416,0.08761442937735528
25797,GOF,0.0904745010673968,0.545147266605707,0.36437823232689626
25798,LOF,0.008933012632193526,0.46967315744656346,0.521393829921243
25799,LOF,0.00739885042373776,0.3572778028705406,0.6353233467057217
25800,GOF,0.0328907945276384,0.5384175690336971,0.4286916364386644
25801,GOF,0.21775300151196725,0.6264680406828134,0.15577895780521947
25802,GOF,0.07932923843568339,0.6563121116493963,0.2643586499149203
25803,GOF,0.03854241437600357,0.5387831973890156,0.4226743882349807
25804,LOF,0.03044306255700113,0.46175183735915604,0.5078051000838428
25805,GOF,0.11535799851602936,0.5469535807944569,0.33768842068951377
25806,GOF,0.10351559635741236,0.5499937179590463,0.3464906856835413
25807,GOF,0.02003390365070299,0.5791342810589729,0.40083181529032424
25808,GOF,0.09312397006214763,0.6136393681551672,0.29323666178268515
25809,GOF,0.018872092351879324,0.5474726454890005,0.43365526215912015
25810,GOF,0.017354296863401897,0.5847445183180979,0.3979011848185003
25811,Neutral,0.49161805560964555,0.4303254715122179,0.0780564728781366
25812,GOF,0.03252021194843922,0.6290607200090875,0.33841906804247335
25813,Neutral,0.5391441529356586,0.3638555684214295,0.09700027864291182
25814,GOF,0.13344899947467595,0.6325539007085801,0.23399709981674402
25815,GOF,0.2067750872264373,0.6020652698887266,0.19115964288483622
25816,GOF,0.022496708090717715,0.6934563744761829,0.2840469174330994
25817,GOF,0.22945909579314983,0.6440272573149569,0.1265136468918933
25818,GOF,0.05364235476254416,0.6135139695043987,0.3328436757330571
25819,GOF,0.36110835787535484,0.49103423779723404,0.14785740432741112
25820,GOF,0.17832662612261865,0.5957050880632084,0.22596828581417305
25821,GOF,0.05732955437639304,0.6471019284060237,0.29556851721758326
25822,GOF,0.20241142232990517,0.5683106747697115,0.22927790290038327
25823,GOF,0.03263222550939372,0.5114374798591179,0.45593029463148843
25824,GOF,0.08607690113312637,0.5688355731855753,0.3450875256812983
25825,GOF,0.036079068894665126,0.5613697974317697,0.4025511336735652
25826,GOF,0.015002500716596362,0.5494896989849437,0.4355078002984599
25827,GOF,0.025174052933808283,0.5902916761214307,0.3845342709447611
25828,GOF,0.013825627347612376,0.5067603601920448,0.47941401246034276
25829,GOF,0.005878876018027859,0.5582348201978894,0.4358863037840827
25830,LOF,0.03236396859508634,0.27919932228804717,0.6884367091168664
25831,GOF,0.21935941326309594,0.6612963749975059,0.11934421173939809
25832,GOF,0.03655951586605574,0.6776201619610672,0.28582032217287695
25833,GOF,0.13869128316919177,0.6980199678459758,0.16328874898483253
25834,GOF,0.036970787717873495,0.6854213661127404,0.27760784616938605
25835,GOF,0.08584368188630369,0.7510659340333798,0.16309038408031656
25836,GOF,0.041252911811485,0.680737300293092,0.27800978789542297
25837,GOF,0.028365675385816243,0.5771001636646703,0.3945341609495134
25838,GOF,0.1013168560891197,0.7629771624371642,0.1357059814737162
25839,GOF,0.33137878564328227,0.5405009960685071,0.12812021828821069
25840,GOF,0.260603401417318,0.5928375688214848,0.1465590297611972
25841,GOF,0.2679654590575425,0.6027074708449904,0.1293270700974671
25842,GOF,0.18834155092593324,0.6825306621021454,0.12912778697192143
25843,GOF,0.26821818734967967,0.640797906793148,0.09098390585717228
25844,GOF,0.06923575053174755,0.7097017463276067,0.2210625031406457
25845,LOF,0.017225557082542614,0.4832729391839332,0.49950150373352414
25846,GOF,0.12163491601489843,0.7397526256592403,0.13861245832586125
25847,GOF,0.11011907694191193,0.7847900084731889,0.10509091458489908
25848,GOF,0.04148956662522045,0.6828322068512778,0.2756782265235018
25849,GOF,0.011924413579189018,0.579454571537423,0.4086210148833881
25850,GOF,0.023771444568903132,0.6353912810420376,0.3408372743890593
25851,GOF,0.01923322535502058,0.5109843713252962,0.4697824033196832
25852,GOF,0.1814926856747746,0.5297939101109598,0.28871340421426567
25853,GOF,0.3581706579232375,0.5727491108547844,0.06908023122197805
25854,GOF,0.02285876950153082,0.5908184080989572,0.386322822399512
25855,GOF,0.036804383362744796,0.542796785559256,0.4203988310779992
25856,GOF,0.23817807312266628,0.541474164498778,0.2203477623785557
25857,LOF,0.036717822516345956,0.4735136462600551,0.489768531223599
25858,GOF,0.019578805561933713,0.5274615134334758,0.45295968100459044
25859,LOF,0.009601868575008506,0.4937972886089103,0.4966008428160812
25860,GOF,0.3750885832026627,0.5447365128432989,0.08017490395403835
25861,GOF,0.4405837593226538,0.4893368439099198,0.0700793967674264
25862,GOF,0.09985540256595697,0.7582965255810739,0.1418480718529692
25863,GOF,0.09219641965927657,0.75983846753517,0.14796511280555336
25864,GOF,0.20444168827452303,0.7205993344333523,0.07495897729212447
25865,GOF,0.0896170901880573,0.789199036217371,0.12118387359457172
25866,GOF,0.05920842090405812,0.7735411923240528,0.16725038677188891
25867,GOF,0.0870892869744975,0.8058626814212787,0.10704803160422374
25868,GOF,0.2491450342544956,0.6491538892490947,0.1017010764964098
25869,Neutral,0.7102649856830996,0.24828340184404782,0.04145161247285256
25870,LOF,0.28688741564954784,0.33148760795682336,0.38162497639362886
25871,GOF,0.24060324002019606,0.6097478628840779,0.14964889709572596
25872,GOF,0.08499684393476042,0.6282250626019418,0.2867780934632978
25873,GOF,0.12950315548688499,0.6499078443423685,0.2205890001707465
25874,LOF,0.016348439186167376,0.11886781411598438,0.8647837466978483
25875,LOF,0.09181293551251284,0.03923931506559445,0.8689477494218927
25876,LOF,0.03681244507309708,0.027939525834567474,0.9352480290923355
25877,Neutral,0.4911827957769505,0.04445497658015408,0.46436222764289536
25878,LOF,0.20999005881339267,0.08781447377357135,0.702195467413036
25879,LOF,0.09688751535339131,0.08251226022080954,0.820600224425799
25880,LOF,0.025327378044770064,0.015037870454480275,0.9596347515007497
25881,LOF,0.17511456858997348,0.11910630773675417,0.7057791236732723
25882,LOF,0.06278825057904389,0.017036704182508102,0.920175045238448
25883,LOF,0.08323125866793492,0.020291757063642578,0.8964769842684226
25884,LOF,0.03232100346122706,0.02952017410502983,0.9381588224337432
25885,LOF,0.058870621577962017,0.012194494257279495,0.9289348841647584
25886,LOF,0.2622272642414121,0.03794367739693136,0.6998290583616565
25887,LOF,0.15207795117759237,0.06722843272245752,0.7806936160999501
25888,LOF,0.0683247886013515,0.05984640698986974,0.8718288044087786
25889,LOF,0.04266062465073288,0.021736922524971728,0.9356024528242953
25890,LOF,0.056250800990160194,0.14387882916239553,0.7998703698474443
25891,LOF,0.041648919333655776,0.05354282846409786,0.9048082522022463
25892,LOF,0.09496321259973843,0.02156744508998998,0.8834693423102716
25893,LOF,0.2519483513647445,0.02148907164922223,0.7265625769860333
25894,LOF,0.19435386663571613,0.011586421058099339,0.7940597123061846
25895,LOF,0.218901700259082,0.019177452240626187,0.7619208475002918
25896,LOF,0.052504576170765135,0.023021197422289946,0.924474226406945
25897,LOF,0.2688427149554235,0.012329427540300862,0.7188278575042757
25898,Neutral,0.7142171250372699,0.009876823304314185,0.275906051658416
25899,LOF,0.21854775420780714,0.019365962560748403,0.7620862832314445
25900,LOF,0.4672504460363752,0.013379668905820857,0.5193698850578039
25901,LOF,0.047898678472143436,0.01162719474430921,0.9404741267835474
25902,LOF,0.17735784578839076,0.012370969909170946,0.8102711843024383
25903,Neutral,0.5553767198958544,0.029100259268793695,0.41552302083535186
25904,LOF,0.29438182056279655,0.04669476983956251,0.658923409597641
25905,LOF,0.025254180462482425,0.322354045648359,0.6523917738891586
25906,LOF,0.031556811017745115,0.07742556050249284,0.8910176284797622
25907,LOF,0.01567929472877772,0.34598115156183357,0.6383395537093888
25908,LOF,0.010293977513977313,0.25056566986109446,0.7391403526249283
25909,LOF,0.01281018043171282,0.12980295791719287,0.8573868616510942
25910,LOF,0.04652162235922091,0.1380484271566907,0.8154299504840884
25911,LOF,0.1791536817355524,0.019697571762844816,0.8011487465016027
25912,LOF,0.05493938797561863,0.03924904527757645,0.905811566746805
25913,LOF,0.32262575290230777,0.01779385839278831,0.659580388704904
25914,LOF,0.01999261420954766,0.06319822542131025,0.9168091603691422
25915,Neutral,0.5629786557777663,0.1829686149692573,0.25405272925297634
25916,LOF,0.08419536169202628,0.21878473381753002,0.6970199044904437
25917,LOF,0.06394681847205261,0.04617241195389562,0.8898807695740518
25918,LOF,0.023367716433384367,0.04084891743426872,0.9357833661323469
25919,LOF,0.021054548182831204,0.0475778227248822,0.9313676290922867
25920,GOF,0.11850322266504601,0.545901305148498,0.33559547218645597
25921,LOF,0.022634964903292,0.02325386340601665,0.9541111716906913
25922,LOF,0.03227896490349113,0.017498315014601813,0.9502227200819071
25923,LOF,0.43521587003584333,0.02178381588921658,0.5430003140749401
25924,LOF,0.03321642062085369,0.031939057431165194,0.9348445219479811
25925,LOF,0.06774316933167152,0.028033263035268347,0.9042235676330601
25926,LOF,0.049829010033111805,0.023097408884336892,0.9270735810825512
25927,LOF,0.059291190109988255,0.10813746410831077,0.8325713457817009
25928,LOF,0.017156100926984493,0.03521095567407404,0.9476329433989414
25929,Neutral,0.5617020876557827,0.023855376424623976,0.4144425359195934
25930,LOF,0.05225392158509303,0.020096823649200856,0.9276492547657061
25931,LOF,0.02469262202998177,0.02144345274431459,0.9538639252257036
25932,LOF,0.026069337389118555,0.017175900176984647,0.9567547624338968
25933,LOF,0.03684745538712627,0.012152024597674144,0.9510005200151995
25934,LOF,0.024543417427892296,0.014043102675135774,0.961413479896972
25935,LOF,0.061554783060518696,0.033200854387015456,0.9052443625524658
25936,LOF,0.044576384530853774,0.016590799070439696,0.9388328163987066
25937,LOF,0.025406181032711965,0.029592127606823497,0.9450016913604645
25938,LOF,0.06075698963594139,0.03688385742556177,0.9023591529384968
25939,LOF,0.04311808060956891,0.01274627382430066,0.9441356455661304
25940,LOF,0.02458840642082912,0.41417199764245743,0.5612395959367135
25941,LOF,0.1710106288672329,0.1133867391620377,0.7156026319707294
25942,LOF,0.0155001671613653,0.033511649825375564,0.9509881830132592
25943,LOF,0.29230743501178735,0.062253200366510913,0.6454393646217017
25944,LOF,0.47730514402659885,0.0251842791706597,0.4975105768027414
25945,LOF,0.0638771232710428,0.021439417051646904,0.9146834596773104
25946,LOF,0.028800155979978762,0.09968345005469166,0.8715163939653296
25947,LOF,0.09304702862558047,0.22433030983188135,0.6826226615425381
25948,LOF,0.42265614757327047,0.008226240626328993,0.5691176118004005
25949,LOF,0.12443822530191126,0.028064631288072028,0.8474971434100167
25950,GOF,0.2999466267504446,0.3566989815981118,0.3433543916514435
25951,LOF,0.21983149561443954,0.23860148162740313,0.5415670227581573
25952,LOF,0.04592957450458376,0.43436458277394646,0.5197058427214697
25953,LOF,0.1449980665206642,0.09637879220310785,0.758623141276228
25954,Neutral,0.46708116204880995,0.16264153729112274,0.3702773006600672
25955,LOF,0.054114070820359766,0.078886143309352,0.8669997858702884
25956,LOF,0.16443951619765385,0.10324361290746281,0.7323168708948834
25957,LOF,0.03915643229757407,0.02848525975591419,0.9323583079465119
25958,LOF,0.0655533695353803,0.02876824440899081,0.9056783860556288
25959,LOF,0.08066610319972958,0.38494739032112896,0.5343865064791414
25960,LOF,0.016266702187044922,0.05426104208198753,0.9294722557309675
25961,LOF,0.054267288600507495,0.03107500305888263,0.91465770834061
25962,LOF,0.06440133262184555,0.026313676045328,0.9092849913328265
25963,LOF,0.051391218746287465,0.1907450790719233,0.7578637021817892
25964,LOF,0.038411626471257766,0.15497126074327108,0.8066171127854711
25965,LOF,0.43855518039927655,0.07323252068990764,0.4882122989108158
25966,Neutral,0.5499269681529968,0.15633023327136847,0.2937427985756346
25967,LOF,0.017261507136761205,0.10300251395421577,0.879735978909023
25968,LOF,0.027164919020153437,0.4338896317501973,0.5389454492296493
25969,LOF,0.025689602395650605,0.06764925909306235,0.906661138511287
25970,LOF,0.06181464956599757,0.060784636581375145,0.8774007138526273
25971,LOF,0.07430461859196072,0.018664081795981623,0.9070312996120575
25972,LOF,0.0715764517581741,0.025036126375098725,0.9033874218667272
25973,LOF,0.07101787507709349,0.009387098390783737,0.9195950265321228
25974,LOF,0.20270658304257128,0.015916422776891453,0.7813769941805373
25975,LOF,0.04193743473659721,0.028748466906765063,0.9293140983566377
25976,LOF,0.04031728649986671,0.017404524296680688,0.9422781892034526
25977,LOF,0.15970249062977085,0.08789518661527929,0.7524023227549498
25978,LOF,0.13674356862162024,0.06429592887569438,0.7989605025026855
25979,LOF,0.13134325147855047,0.06492459174822923,0.8037321567732203
25980,LOF,0.21628093456838657,0.07506136813879129,0.708657697292822
25981,LOF,0.24754574784918087,0.07368873108623097,0.6787655210645882
25982,LOF,0.3937249043682166,0.04941513657595619,0.5568599590558272
25983,LOF,0.3854014530958779,0.056158412147107956,0.5584401347570142
25984,LOF,0.051924329763205594,0.04713000028608951,0.9009456699507048
25985,LOF,0.032449422084749616,0.2566853416276532,0.7108652362875972
25986,LOF,0.042551167787995434,0.2961853756356084,0.6612634565763962
25987,LOF,0.0787271762851989,0.060905201119442726,0.8603676225953585
25988,LOF,0.15343290702467768,0.05332304546889449,0.793244047506428
25989,LOF,0.028183318045360027,0.09648212105094944,0.8753345609036906
25990,LOF,0.04068317051852829,0.11997173538893467,0.8393450940925371
25991,LOF,0.11818603009567111,0.3128410371929485,0.5689729327113805
25992,LOF,0.29193945778767844,0.19109750045553342,0.5169630417567882
25993,LOF,0.023668629016631,0.07872421255957729,0.8976071584237918
25994,LOF,0.0182504557411853,0.11385726424043963,0.8678922800183752
25995,LOF,0.024605886051543614,0.24352588428405855,0.7318682296643979
25996,GOF,0.28265848706046914,0.4629950948090073,0.25434641813052355
25997,LOF,0.07840716302428133,0.4413919799503991,0.4802008570253197
25998,Neutral,0.5131919238948988,0.02221454974082476,0.4645935263642765
25999,LOF,0.09998004141549448,0.09570720879194362,0.8043127497925618
26000,LOF,0.15741043207659583,0.04630421707724778,0.7962853508461564
26001,LOF,0.21059148536391148,0.047365609589144035,0.7420429050469445
26002,LOF,0.14576269046753274,0.04340888360541856,0.8108284259270487
26003,GOF,0.010888092210404002,0.5942541809126938,0.3948577268769022
26004,GOF,0.018198474333824363,0.681457179336815,0.30034434632936063
26005,LOF,0.006792763787952781,0.4731542750431946,0.5200529611688526
26006,Neutral,0.5205496456660933,0.2605468762146436,0.21890347811926308
26007,GOF,0.019821377157765697,0.5424562813801012,0.43772234146213307
26008,GOF,0.01567514345258965,0.6608495826909705,0.3234752738564398
26009,GOF,0.020009737825822417,0.711554604377877,0.26843565779630046
26010,GOF,0.02173269103520432,0.6760256771823087,0.302241631782487
26011,LOF,0.0065789254614898,0.45676454798195365,0.5366565265565565
26012,GOF,0.01227882360041467,0.5946025383224949,0.3931186380770904
26013,GOF,0.016775259110250774,0.6492513623014033,0.33397337858834586
26014,LOF,0.04711564418561587,0.1046455599243907,0.8482387958899934
26015,LOF,0.18020373789749428,0.009701032566995399,0.8100952295355103
26016,LOF,0.21577770849024788,0.05721216247950035,0.7270101290302518
26017,LOF,0.2322093405680582,0.09028079513875162,0.6775098642931902
26018,LOF,0.09702698696184438,0.028426573623953285,0.8745464394142023
26019,LOF,0.0920230160477631,0.0228618839040156,0.8851151000482212
26020,LOF,0.08003287269990081,0.10989843171022882,0.8100686955898703
26021,LOF,0.04811971169064739,0.1171527174087763,0.8347275709005763
26022,LOF,0.01166546009695404,0.03649895175597574,0.9518355881470703
26023,LOF,0.11202464397572315,0.020049603704519862,0.867925752319757
26024,LOF,0.03482760169819752,0.11671677481212288,0.8484556234896796
26025,LOF,0.15780160023883738,0.0840643930336008,0.7581340067275619
26026,LOF,0.3433147064068089,0.02482331495916476,0.6318619786340263
26027,LOF,0.0852979943219611,0.014925191173463796,0.8997768145045751
26028,LOF,0.16726697794298248,0.06332620556664434,0.7694068164903732
26029,LOF,0.0743221750096405,0.20696949673670137,0.7187083282536583
26030,LOF,0.02383950001080791,0.06197255243182137,0.9141879475573708
26031,LOF,0.025165133595571185,0.15150782584937716,0.8233270405550516
26032,LOF,0.0696102949602165,0.07255822408884502,0.8578314809509384
26033,LOF,0.11811463213639538,0.09143608081473704,0.7904492870488675
26034,LOF,0.04359366831931167,0.17744195940689922,0.7789643722737891
26035,LOF,0.02620388557411703,0.16715528573266925,0.8066408286932137
26036,LOF,0.0393920010516259,0.19367168142553517,0.7669363175228389
26037,LOF,0.021925459509666012,0.13424714218807463,0.8438273983022593
26038,LOF,0.06499703020176266,0.0748106818189798,0.8601922879792575
26039,LOF,0.0554464526478617,0.16389114819110168,0.7806623991610366
26040,LOF,0.18954128950837618,0.13712300836044436,0.6733357021311794
26041,LOF,0.02268582918737092,0.11716620662119882,0.8601479641914304
26042,LOF,0.02107557654558858,0.1141697337908248,0.8647546896635867
26043,LOF,0.06504128236288172,0.08500644434605975,0.8499522732910586
26044,LOF,0.020430138732774845,0.0762695074132128,0.9033003538540124
26045,LOF,0.07153361007321787,0.10828177345639255,0.8201846164703896
26046,LOF,0.0668632260653444,0.08555752752604742,0.8475792464086082
26047,LOF,0.09063061119374788,0.0930469112916746,0.8163224775145775
26048,LOF,0.05035410923917493,0.04751516625844756,0.9021307245023776
26049,Neutral,0.9618852813898733,0.008121544571919895,0.029993174038206838
26050,Neutral,0.9455706958844972,0.010459079044159346,0.043970225071343697
26051,LOF,0.04593909315672045,0.23044625924472978,0.7236146475985498
26052,LOF,0.06916581274065317,0.2621402732390003,0.6686939140203465
26053,LOF,0.052655430713363434,0.11783319086238131,0.8295113784242553
26054,LOF,0.05517027055889969,0.016334429515780343,0.9284952999253199
26055,LOF,0.0731649325326549,0.01380811229597114,0.913026955171374
26056,LOF,0.06172891393005473,0.015387925126601552,0.9228831609433437
26057,LOF,0.02733925808812077,0.011753355300306672,0.9609073866115726
26058,LOF,0.0284368939992044,0.009701523728799054,0.9618615822719965
26059,LOF,0.291201476437246,0.020899773506934737,0.6878987500558192
26060,LOF,0.03786623402272169,0.19585173539135642,0.766282030585922
26061,LOF,0.017491533571157358,0.01103423820280686,0.9714742282260358
26062,LOF,0.01067177994623571,0.01775596776883193,0.9715722522849323
26063,LOF,0.021650840855765293,0.011059232992863445,0.9672899261513713
26064,LOF,0.022889263667875175,0.02122019855348256,0.9558905377786423
26065,LOF,0.023844334291693567,0.010683978015879616,0.9654716876924267
26066,LOF,0.020463015883407862,0.010934227862159597,0.9686027562544326
26067,LOF,0.02720832677340228,0.008708342068032126,0.9640833311585656
26068,LOF,0.04568956889730295,0.028949388119743118,0.925361042982954
26069,LOF,0.25658959607999987,0.019166937128537655,0.7242434667914625
26070,LOF,0.37117359601455285,0.01575693703375342,0.6130694669516936
26071,LOF,0.0227147017706947,0.012107917238641807,0.9651773809906635
26072,LOF,0.021843151744162157,0.01637786209469592,0.961778986161142
26073,LOF,0.023280309700098704,0.01053946235249159,0.9661802279474097
26074,Neutral,0.9015684776342183,0.0055806835359998325,0.09285083882978161
26075,LOF,0.046035355832745296,0.014595532460909569,0.9393691117063452
26076,LOF,0.047533731410410826,0.009027746383159875,0.9434385222064293
26077,LOF,0.010229794898598632,0.017290417805565037,0.9724797872958363
26078,LOF,0.012737811336693338,0.01156988192182223,0.9756923067414843
26079,LOF,0.059935289560695125,0.016587053405585847,0.9234776570337191
26080,LOF,0.05899943138327813,0.016602061230509127,0.9243985073862127
26081,LOF,0.03665568001554742,0.006432615275204854,0.9569117047092478
26082,LOF,0.013583774890263783,0.016024088959413325,0.9703921361503229
26083,LOF,0.13055339552563328,0.012404108540694443,0.8570424959336723
26084,LOF,0.026823496296725646,0.011525699156122494,0.9616508045471518
26085,LOF,0.023291303650670597,0.011009292707549124,0.9656994036417803
26086,LOF,0.0233271059028365,0.011895844346535026,0.9647770497506285
26087,LOF,0.027839979288869453,0.007745934807696498,0.9644140859034341
26088,LOF,0.016052728378906787,0.02473371335956598,0.9592135582615272
26089,LOF,0.04413162454358101,0.020918753059775665,0.9349496223966434
26090,LOF,0.04386347866143516,0.016947131181021986,0.9391893901575428
26091,LOF,0.039664295930654805,0.006137421013691756,0.9541982830556536
26092,LOF,0.025730510934192926,0.007991536753341988,0.966277952312465
26093,LOF,0.039562470856878064,0.005900971797906888,0.954536557345215
26094,LOF,0.0413237060996961,0.006340399702334956,0.952335894197969
26095,LOF,0.041558099876357946,0.01212370429637414,0.9463181958272678
26096,LOF,0.01854180890405743,0.012907869033649395,0.9685503220622932
26097,LOF,0.011654646042209445,0.03289793858746791,0.9554474153703227
26098,LOF,0.07212809443578289,0.009853753260485985,0.9180181523037311
26099,LOF,0.024767425795000488,0.012139472879158932,0.9630931013258406
26100,LOF,0.02695483290677509,0.011649446912200392,0.9613957201810245
26101,LOF,0.05804253128870556,0.014634520866987952,0.9273229478443066
26102,LOF,0.022910943889655026,0.012412030283166267,0.9646770258271786
26103,Neutral,0.885997197147344,0.01723510473549824,0.09676769811715769
26104,LOF,0.07996554705697018,0.023785685431110887,0.8962487675119188
26105,LOF,0.2000736361691867,0.29422480185081634,0.5057015619799969
26106,LOF,0.208340630395959,0.12570692431057665,0.6659524452934643
26107,LOF,0.21022384811654884,0.08562113825378219,0.7041550136296689
26108,LOF,0.28554931775686454,0.10528127300944748,0.609169409233688
26109,LOF,0.1122895218087392,0.05651551360337251,0.8311949645878883
26110,LOF,0.2583880696340751,0.008070966873592628,0.7335409634923322
26111,Neutral,0.5208625161629816,0.023097848058274372,0.4560396357787439
26112,LOF,0.034246515677528185,0.00796088272673471,0.9577926015957372
26113,LOF,0.05594699340762548,0.01627731571279561,0.9277756908795788
26114,LOF,0.026804983653459787,0.02826521678729539,0.9449297995592448
26115,LOF,0.08838660173853105,0.052624947975489125,0.8589884502859798
26116,LOF,0.0659818290741455,0.05971623349805526,0.8743019374277993
26117,LOF,0.4374784568074528,0.04265551316964703,0.5198660300229002
26118,LOF,0.03635177971268713,0.025608233079579566,0.9380399872077333
26119,LOF,0.021420028107970605,0.03769559860050691,0.9408843732915225
26120,LOF,0.029211003115121034,0.021455745844063196,0.9493332510408159
26121,LOF,0.040416530104512134,0.08019085168151778,0.8793926182139701
