feature0,prediction,LoGoFunc_Neutral,LoGoFunc_GOF,LoGoFunc_LOF
25546,Neutral,0.6305351825492759,0.06809967577453886,0.3013651416761853
25547,Neutral,0.49270822885777066,0.1141541126399113,0.39313765850231797
25548,Neutral,0.4946527788927693,0.10431860193613336,0.4010286191710974
25549,LOF,0.4285484401311359,0.10735007603054603,0.46410148383831795
25550,LOF,0.3419637649209378,0.1342240551840248,0.5238121798950374
25551,LOF,0.293212300139772,0.1510496362894503,0.5557380635707777
25552,LOF,0.2585966311734616,0.1553003701686926,0.5861029986578459
25553,Neutral,0.7895484604296177,0.06024389345246179,0.15020764611792056
25554,LOF,0.29770925130380027,0.1483100730191652,0.5539806756770345
25555,LOF,0.25973544387767955,0.13666146272826618,0.6036030933940543
25556,Neutral,0.43923043566661374,0.12948454159829917,0.431285022735087
25557,LOF,0.2530395937026875,0.14151500685328236,0.6054453994440301
25558,LOF,0.307677619966077,0.14101852240456267,0.5513038576293603
25559,LOF,0.26530294260728216,0.10376279370207687,0.6309342636906409
25560,LOF,0.10862571474089204,0.1509593042010108,0.7404149810580971
25561,LOF,0.11172351410904983,0.21128325386869107,0.676993232022259
25562,LOF,0.04570092352628527,0.11049008733938152,0.8438089891343331
25563,LOF,0.013206003880118939,0.19834000481103145,0.7884539913088495
25564,LOF,0.09523140655684406,0.13369646008319616,0.7710721333599597
25565,LOF,0.18678012947142414,0.14670630097931203,0.6665135695492638
25566,GOF,0.06946878637802788,0.6084624787823767,0.3220687348395953
25567,LOF,0.03831600578303033,0.16348059160423592,0.7982034026127338
25568,LOF,0.05450681544843937,0.09499658794315527,0.8504965966084054
25569,LOF,0.06443655335065965,0.08706411762524378,0.8484993290240966
25570,LOF,0.029180703646260818,0.11991869818177257,0.8509005981719666
25571,LOF,0.026447292270853764,0.12719176342471292,0.8463609443044333
25572,LOF,0.06998139272728572,0.15909796897651265,0.7709206382962016
25573,LOF,0.06642212575678015,0.12069596081894048,0.8128819134242793
25574,LOF,0.05744906597184378,0.24318791254694597,0.6993630214812102
25575,LOF,0.023576182127371764,0.1387031077819172,0.837720710090711
25576,LOF,0.02864784135579026,0.19649717521982027,0.7748549834243894
25577,LOF,0.03310136207429385,0.159499705406567,0.8073989325191391
25578,LOF,0.2853529727893695,0.11364917517342217,0.6009978520372083
25579,LOF,0.18615761231817204,0.10817653393147199,0.705665853750356
25580,LOF,0.022504500654780976,0.09112662306979977,0.8863688762754192
25581,LOF,0.049326541685306084,0.09237012233846839,0.8583033359762255
25582,LOF,0.04872427638124568,0.0913139150103973,0.8599618086083569
25583,LOF,0.025788741427534085,0.11094119301695492,0.863270065555511
25584,Neutral,0.6994839050628917,0.14561749637541632,0.15489859856169197
25585,LOF,0.021550865550847547,0.18882863876601438,0.7896204956831381
25586,LOF,0.017548581595619096,0.10448243533859895,0.877968983065782
25587,LOF,0.018339821492728867,0.08563112093751862,0.8960290575697526
25588,LOF,0.022007534777198183,0.09370410764176361,0.8842883575810381
25589,Neutral,0.47948418922057834,0.2822197736998623,0.23829603707955932
25590,LOF,0.045781317741789826,0.14959273966750244,0.8046259425907077
25591,LOF,0.07812161341416823,0.07894129534420054,0.8429370912416311
25592,LOF,0.055265594263326466,0.17423887402969795,0.7704955317069755
25593,LOF,0.10521187231622377,0.2909260006686156,0.6038621270151606
25594,LOF,0.05873748001454286,0.06620554465014228,0.8750569753353149
25595,LOF,0.06638626915587936,0.039549050648194195,0.8940646801959266
25596,LOF,0.11860012274548175,0.02282646494634146,0.8585734123081769
25597,LOF,0.08939609010731163,0.025671937900295677,0.8849319719923926
25598,LOF,0.0589678623222314,0.04432717118149746,0.8967049664962712
25599,LOF,0.025176865189964245,0.3956556058792349,0.5791675289308009
25600,GOF,0.19302345466754453,0.40351664742645726,0.4034598979059983
25601,LOF,0.03963497816582322,0.31716489814617815,0.6432001236879987
25602,LOF,0.028141132283843105,0.0803129432515922,0.8915459244645646
25603,LOF,0.0397977552035815,0.0540549131607853,0.9061473316356333
25604,LOF,0.03608316242759264,0.09492598509880124,0.8689908524736061
25605,LOF,0.029165896706174713,0.19585692090170573,0.7749771823921195
25606,LOF,0.3844998178587144,0.13968505307615353,0.47581512906513207
25607,LOF,0.02588120346827625,0.20741782857455757,0.7667009679571661
25608,LOF,0.037083357894110124,0.10750362549869644,0.8554130166071934
25609,GOF,0.15360088265225036,0.45399157293321296,0.39240754441453674
25610,LOF,0.015841985589265483,0.04918321468731677,0.9349747997234177
25611,LOF,0.013729790414070615,0.055952445161787046,0.9303177644241424
25612,LOF,0.04529358674967353,0.059728983074119356,0.8949774301762071
25613,LOF,0.04285122332621699,0.061324043346252195,0.8958247333275308
25614,LOF,0.023212135972633562,0.04540417396656608,0.9313836900608004
25615,LOF,0.03984918327894185,0.062911338478324,0.8972394782427341
25616,LOF,0.05505861757209613,0.050818061309830395,0.8941233211180735
25617,LOF,0.04024828604782874,0.05643223734710786,0.9033194766050635
25618,LOF,0.054331574537680165,0.0751866125125298,0.8704818129497901
25619,LOF,0.012838228893511532,0.055589455321022475,0.9315723157854658
25620,LOF,0.05416209955196091,0.061345058275080154,0.884492842172959
25621,LOF,0.05915493572560565,0.053756195139488615,0.8870888691349058
25622,LOF,0.06234165354841342,0.06355930280002188,0.8740990436515648
25623,LOF,0.061685113830055975,0.041847129956188,0.896467756213756
25624,LOF,0.020286667869819506,0.05190935445952826,0.9278039776706521
25625,LOF,0.057727425638479206,0.058907223482034275,0.8833653508794866
25626,LOF,0.04489372428464923,0.057965158672054096,0.8971411170432967
25627,Neutral,0.8916302563101449,0.02209957218371167,0.08627017150614354
25628,LOF,0.14427478421891943,0.06095852124845524,0.7947666945326254
25629,LOF,0.06602081624727289,0.04914137773071863,0.8848378060220085
25630,LOF,0.29904780454927354,0.06644231369567984,0.6345098817550466
25631,Neutral,0.552594540122163,0.06318604321193973,0.3842194166658973
25632,LOF,0.03166767232349211,0.08372622486704412,0.8846061028094637
25633,LOF,0.227085429708828,0.04428876264413425,0.7286258076470377
25634,LOF,0.04171110400664749,0.09088703840108708,0.8674018575922654
25635,LOF,0.03920283298339371,0.043063705406235275,0.917733461610371
25636,GOF,0.03864565078961157,0.48603012090978864,0.4753242283005996
25637,GOF,0.05942941017888902,0.5043812153018825,0.43618937451922846
25638,LOF,0.03588843443195151,0.42022916461382825,0.5438824009542202
25639,LOF,0.03355467995655564,0.47311100056076066,0.4933343194826836
25640,Neutral,0.8661910304428604,0.07843738804060447,0.05537158151653513
25641,LOF,0.08671479115365907,0.41543005404091105,0.4978551548054298
25642,LOF,0.06789078641463729,0.17860502291091074,0.7535041906744521
25643,LOF,0.21348744875893855,0.1362016037437057,0.6503109474973559
25644,GOF,0.009791593236933781,0.6119172884402804,0.3782911183227859
25645,GOF,0.012487393173045267,0.5798630152167311,0.40764959161022346
25646,LOF,0.03512575890443777,0.39784065355498127,0.567033587540581
25647,LOF,0.01249077115302497,0.3229771503931548,0.6645320784538202
25648,LOF,0.014485484462264556,0.412002487519443,0.5735120280182925
25649,LOF,0.008185711230404362,0.30157432329587536,0.6902399654737202
25650,GOF,0.021543126266588213,0.5819138528163064,0.39654302091710536
25651,LOF,0.008928650282735552,0.41399718374070016,0.5770741659765644
25652,LOF,0.014619541961543105,0.39475699547322807,0.5906234625652288
25653,GOF,0.040101437222644365,0.5769932917417475,0.38290527103560806
25654,LOF,0.01005360946333082,0.3024926409964681,0.687453749540201
25655,GOF,0.1207911134134012,0.6220469326564034,0.2571619539301953
25656,LOF,0.34215837227384926,0.1060540776200975,0.5517875501060532
25657,LOF,0.05069207835754576,0.1061789902372924,0.8431289314051619
25658,LOF,0.3500223680204636,0.13343166459305994,0.5165459673864765
25659,Neutral,0.4598513785823313,0.1323936884109542,0.40775493300671456
25660,LOF,0.023340451553995643,0.1215962118511868,0.8550633365948176
25661,LOF,0.08474219573193725,0.07182424567440673,0.8434335585936559
25662,LOF,0.03258181379093275,0.03592634093253919,0.9314918452765281
25663,LOF,0.03641871888268054,0.046139549096189586,0.9174417320211299
25664,LOF,0.12827650309902006,0.0703898512490746,0.8013336456519053
25665,LOF,0.0620951496187346,0.03021325086910143,0.9076915995121639
25666,LOF,0.09399993813872039,0.07343357845261153,0.832566483408668
25667,LOF,0.07197914602610357,0.05420878030286029,0.8738120736710362
25668,LOF,0.03524409835939684,0.0605370309532156,0.9042188706873876
25669,LOF,0.028853092111533425,0.06013596083733696,0.9110109470511296
25670,LOF,0.12010794882875644,0.06827218561615168,0.8116198655550919
25671,LOF,0.10285144239790238,0.04495097921180479,0.8521975783902929
25672,LOF,0.05315144580115269,0.0437494211551752,0.9030991330436721
25673,LOF,0.08793686935400202,0.052573693231010764,0.8594894374149872
25674,LOF,0.07702987637849536,0.06454049404203742,0.8584296295794671
25675,LOF,0.11114025884858125,0.07483719798295768,0.8140225431684611
25676,LOF,0.018120004161951683,0.06300943582090081,0.9188705600171475
25677,LOF,0.02247081722055972,0.07914466448141769,0.8983845182980225
25678,LOF,0.17551510000581905,0.10221625434760251,0.7222686456465784
25679,LOF,0.11988682502861502,0.09227915379724683,0.7878340211741381
25680,LOF,0.029537969550886396,0.12918068568335425,0.8412813447657593
25681,LOF,0.0455519811917128,0.1189615679521417,0.8354864508561455
25682,LOF,0.12159729159312097,0.09292519563309201,0.785477512773787
25683,LOF,0.11513401061541251,0.10775758125084356,0.777108408133744
25684,LOF,0.036149857107083676,0.07843699215064044,0.8854131507422759
25685,LOF,0.11236800703102018,0.06696569298320458,0.8206662999857752
25686,LOF,0.0674317364058364,0.10439435007102263,0.828173913523141
25687,LOF,0.11598311140994491,0.10773513545638042,0.7762817531336748
25688,LOF,0.4175861651863345,0.038322048389508694,0.5440917864241568
25689,LOF,0.3083949608214652,0.03676128261486926,0.6548437565636656
25690,LOF,0.328982186918686,0.028579510961375745,0.6424383021199382
25691,Neutral,0.7095531254936946,0.02467157363724022,0.26577530086906515
25692,LOF,0.3522195995268533,0.010082319855201853,0.6376980806179449
25693,LOF,0.03743851010352708,0.42128734070079726,0.5412741491956756
25694,LOF,0.12229253242811923,0.020149504657190273,0.8575579629146906
25695,LOF,0.11678366991068413,0.013274643342598074,0.8699416867467179
25696,LOF,0.11796083285230032,0.014856202916660795,0.8671829642310389
25697,LOF,0.07440184642655276,0.10214530773531719,0.82345284583813
25698,LOF,0.2995846223084926,0.18612351862094972,0.5142918590705576
25699,LOF,0.46361837951069845,0.0365121552925323,0.49986946519676917
25700,LOF,0.08107773583548104,0.011118575035348013,0.9078036891291709
25701,LOF,0.1802263434054679,0.05145034859849148,0.7683233079960408
25702,GOF,0.17473612260763635,0.638007523330221,0.18725635406214264
25703,LOF,0.0171781026962222,0.1481623054274405,0.8346595918763373
25704,LOF,0.03552434753405559,0.1528476368874923,0.8116280155784521
25705,LOF,0.037414875910847925,0.08727979765415203,0.8753053264349999
25706,LOF,0.16308062329067166,0.2858473219919901,0.5510720547173382
25707,LOF,0.11343252376211065,0.23681301233256005,0.6497544639053292
25708,LOF,0.05248611410587711,0.2261953617841328,0.7213185241099901
25709,LOF,0.0636865525319039,0.028765300654594962,0.907548146813501
25710,LOF,0.012915111623318126,0.09149117534720107,0.8955937130294808
25711,LOF,0.02103609061404922,0.05793033438225693,0.921033575003694
25712,LOF,0.016064112314545707,0.1366085920066637,0.8473272956787906
25713,LOF,0.018330979463550525,0.06500717585195992,0.9166618446844895
25714,LOF,0.0771826399289995,0.04715614565772934,0.875661214413271
25715,LOF,0.011858028230072067,0.08920221215874699,0.898939759611181
25716,LOF,0.01201193927560398,0.08185688933507745,0.9061311713893185
25717,LOF,0.01662391478602765,0.05982151733397419,0.9235545678799982
25718,LOF,0.011609954809895115,0.0559218895550338,0.932468155635071
25719,LOF,0.021574119405731614,0.05264605624849106,0.9257798243457772
25720,LOF,0.02539524054306014,0.04450868535255333,0.9300960741043865
25721,LOF,0.013570462220060281,0.07796865727464114,0.9084608805052986
25722,LOF,0.013945726678375165,0.06849355446796773,0.9175607188536571
25723,LOF,0.025867745910000926,0.02989177400439229,0.9442404800856068
25724,LOF,0.033575661387199585,0.05117637067928893,0.9152479679335116
25725,LOF,0.011959095625552859,0.04905446918548516,0.9389864351889621
25726,LOF,0.015681941554688272,0.06513148517596472,0.9191865732693469
25727,LOF,0.012692196913347992,0.050839181299005776,0.9364686217876461
25728,LOF,0.010397486096879597,0.06409703484871337,0.9255054790544069
25729,LOF,0.01064123773262425,0.06238799775419753,0.9269707645131782
25730,LOF,0.013601063120268252,0.06473556225651492,0.9216633746232169
25731,LOF,0.021899904550770868,0.06535366298764254,0.9127464324615867
25732,LOF,0.013409870734877382,0.04118892463688278,0.94540120462824
25733,LOF,0.017835374350526446,0.04426945157590408,0.9378951740735695
25734,LOF,0.01332716976474008,0.08042309954770298,0.9062497306875569
25735,LOF,0.011765126264579887,0.05499293721701463,0.9332419365184056
25736,LOF,0.012752128077932197,0.06891761627257727,0.9183302556494906
25737,LOF,0.012233288989332156,0.061879695852198956,0.9258870151584688
25738,LOF,0.011882959087137357,0.06905725974258643,0.9190597811702761
25739,LOF,0.02179943736356557,0.050376769479496174,0.9278237931569383
25740,LOF,0.026734053937222398,0.07918404667363589,0.8940818993891416
25741,LOF,0.016157518259891906,0.07326248003032339,0.9105800017097846
25742,LOF,0.11189213167821777,0.050133546680029395,0.8379743216417528
25743,LOF,0.038089573921757,0.06453822359422941,0.8973722024840136
25744,Neutral,0.5823679649151212,0.2499258273180918,0.16770620776678702
25745,LOF,0.06176538439872141,0.0860947987500205,0.8521398168512582
25746,LOF,0.04038596793136105,0.11265134207457847,0.8469626899940604
25747,LOF,0.022288184584093988,0.09992381857632156,0.8777879968395845
25748,LOF,0.1159384774489704,0.17230859390975795,0.7117529286412717
25749,LOF,0.024978310487072032,0.11038020651833186,0.8646414829945961
25750,LOF,0.06335741111031785,0.11549242184032554,0.8211501670493567
25751,LOF,0.08408597255242814,0.16901298679114957,0.7469010406564222
25752,GOF,0.10227571719677445,0.6514089355801088,0.24631534722311677
25753,LOF,0.025855245268116202,0.30029137650146726,0.6738533782304166
25754,GOF,0.013879818777194861,0.8078440610920185,0.17827612013078672
25755,LOF,0.02702143225731937,0.3644870894352388,0.6084914783074418
25756,LOF,0.04562723462909498,0.35404012102938887,0.6003326443415161
25757,GOF,0.01994534646805476,0.8626376453257509,0.11741700820619427
25758,GOF,0.027189667924766892,0.802194352374101,0.17061597970113213
25759,GOF,0.012177613313435323,0.6379752001846294,0.3498471865019354
25760,LOF,0.0176978406909422,0.2996254086220055,0.6826767506870522
25761,GOF,0.2722246915278017,0.64688663922754,0.0808886692446583
25762,LOF,0.039945606101557465,0.2865533100101933,0.6735010838882491
25763,LOF,0.016233623231357793,0.2229597915555267,0.7608065852131155
25764,GOF,0.06631730259775573,0.6685969664640103,0.26508573093823407
25765,GOF,0.03377700792004611,0.7686524525244517,0.19757053955550216
25766,GOF,0.06934458480181384,0.8065439074090659,0.12411150778912024
25767,GOF,0.14214885567270152,0.5359849898025257,0.3218661545247728
25768,LOF,0.10210017773628083,0.057238504518380764,0.8406613177453384
25769,LOF,0.04351988025792281,0.07719488613229697,0.8792852336097803
25770,LOF,0.30910534169414583,0.10754823842084883,0.5833464198850054
25771,LOF,0.046119132334032455,0.0527156664540476,0.90116520121192
25772,LOF,0.017094152120300684,0.052308719004254316,0.930597128875445
25773,LOF,0.04937627501417005,0.08438706681258293,0.866236658173247
25774,LOF,0.027676322051115972,0.11410262715222513,0.858221050796659
25775,LOF,0.05273810827258703,0.05816449756818218,0.8890973941592307
25776,LOF,0.06314010121849332,0.030705766778829455,0.9061541320026771
25777,LOF,0.32122521806429033,0.09419801106551866,0.584576770870191
25778,LOF,0.06303812505546635,0.04885853074043398,0.8881033442040998
25779,GOF,0.4123456263914654,0.5356766103348142,0.051977763273720536
25780,GOF,0.35303458486298284,0.5741631126112697,0.07280230252574729
25781,GOF,0.12056645555969007,0.7631751700959215,0.11625837434438845
25782,GOF,0.18879713561671585,0.71956530276098,0.0916375616223041
25783,GOF,0.024280959302398174,0.599922291012827,0.3757967496847749
25784,Neutral,0.5435451607616807,0.41669256223499906,0.03976227700332017
25785,Neutral,0.4854486952337962,0.4663798683989007,0.04817143636730312
25786,GOF,0.03480140271659438,0.7348902134769513,0.2303083838064543
25787,Neutral,0.6789395809271987,0.2936805299887984,0.027379889084002875
25788,LOF,0.06206722139771397,0.073930759509876,0.86400201909241
25789,GOF,0.22496874133125283,0.6084199336349979,0.16661132503374926
25790,GOF,0.2622096944994468,0.6509487021181064,0.08684160338244674
25791,GOF,0.17514473164989539,0.6500724369884293,0.1747828313616753
25792,GOF,0.37725347791635544,0.4947143232866977,0.12803219879694694
25793,GOF,0.2810187530766156,0.48892317912728284,0.23005806779610144
25794,GOF,0.34219491456397555,0.45974749387549113,0.19805759156053343
25795,GOF,0.07357449493804544,0.6474766573753752,0.27894884768657935
25796,Neutral,0.5385968585443356,0.38644622217679897,0.07495691927886537
25797,GOF,0.11413810801269876,0.5187218090086115,0.3671400829786897
25798,LOF,0.01159535714558682,0.48561325354907753,0.5027913893053357
25799,LOF,0.008197717003016644,0.3783623562771535,0.6134399267198298
25800,GOF,0.04824909511002892,0.5532562198737269,0.3984946850162443
25801,GOF,0.257899626624956,0.6314319984494103,0.11066837492563363
25802,GOF,0.07926560493221946,0.6602046569897201,0.26052973807806046
25803,GOF,0.045794293714572894,0.5699918876521021,0.38421381863332493
25804,GOF,0.0438642431175292,0.48410546864365017,0.47203028823882054
25805,GOF,0.1426402716514962,0.5677706252247955,0.2895891031237083
25806,GOF,0.1502305419502919,0.5693983390613075,0.28037111898840056
25807,GOF,0.023284868166568908,0.6169908639385253,0.35972426789490575
25808,GOF,0.12221805163282909,0.567668574540393,0.31011337382677784
25809,GOF,0.023315512845063918,0.620404148699657,0.3562803384552792
25810,GOF,0.02393309776155857,0.6232386669513598,0.3528282352870817
25811,Neutral,0.5320793236802956,0.39981379839294373,0.0681068779267606
25812,GOF,0.04748248076605377,0.6016301571916093,0.35088736204233706
25813,Neutral,0.6022518423119813,0.29523032660931303,0.10251783107870571
25814,GOF,0.1504361063558589,0.623756965894585,0.22580692774955602
25815,GOF,0.28505616516097904,0.5162920336737291,0.19865180116529182
25816,GOF,0.022307796313122987,0.6552135942386335,0.32247860944824347
25817,GOF,0.270570882415811,0.5788264114538961,0.1506027061302928
25818,GOF,0.061779100950095,0.5342260360967612,0.40399486295314385
25819,GOF,0.41248549285001296,0.42277566965338986,0.16473883749659726
25820,GOF,0.22068301265928383,0.5553791998027903,0.22393778753792581
25821,GOF,0.07172147362194885,0.6405152952028932,0.2877632311751579
25822,GOF,0.27098777855774314,0.4924524038014604,0.23655981764079634
25823,LOF,0.04075780011620687,0.4700769589237637,0.4891652409600294
25824,GOF,0.10927050377756233,0.5110089615048776,0.37972053471756007
25825,GOF,0.042590545830889386,0.520617358776598,0.43679209539251257
25826,GOF,0.014987556378744863,0.49772140516667696,0.48729103845457816
25827,GOF,0.025407244910357722,0.5594236863136262,0.4151690687760162
25828,LOF,0.016862751044154353,0.4737607186303032,0.5093765303255424
25829,GOF,0.00792290458127352,0.5158943026180541,0.4761827928006723
25830,LOF,0.05294505479755927,0.2468009868404638,0.7002539583619769
25831,GOF,0.1983128763996675,0.6506265298588519,0.15106059374148056
25832,GOF,0.03633626535135488,0.6554879968571805,0.3081757377914646
25833,GOF,0.14157166057741566,0.6491118387139428,0.2093165007086415
25834,GOF,0.0445177153168397,0.6521088149745857,0.30337346970857454
25835,GOF,0.10624712731942142,0.6487490612313273,0.24500381144925115
25836,GOF,0.04904854102445218,0.6102813469883093,0.34067011198723857
25837,LOF,0.024694069150583503,0.4802178353638124,0.495088095485604
25838,GOF,0.09053602890567751,0.686822399442649,0.2226415716516735
25839,GOF,0.3247315322470739,0.5064022762557725,0.16886619149715357
25840,GOF,0.2603626467112908,0.519884838469799,0.21975251481891026
25841,GOF,0.25731442774150254,0.5310803947894981,0.21160517746899937
25842,GOF,0.1943297233092766,0.6066866592501603,0.198983617440563
25843,GOF,0.24575523229826202,0.6143570830225548,0.13988768467918317
25844,GOF,0.07106064999230176,0.603521144183199,0.3254182058244994
25845,LOF,0.014610405734989564,0.41865460324939396,0.5667349910156165
25846,GOF,0.11982537971975837,0.6627883922814474,0.2173862279987944
25847,GOF,0.12748487180853169,0.714410418973037,0.15810470921843134
25848,GOF,0.03782311760339195,0.6229504100091044,0.33922647238750364
25849,GOF,0.011175402877301805,0.514102084545113,0.47472251257758513
25850,GOF,0.025208454795759446,0.600191816462536,0.37459972874170444
25851,GOF,0.019668122031404386,0.49369857025181085,0.4866333077167848
25852,GOF,0.18687560740601558,0.516771032210338,0.29635336038364635
25853,GOF,0.3616332116816858,0.5662121848157176,0.07215460350259667
25854,GOF,0.02124131475145068,0.5738782027154244,0.4048804825331249
25855,GOF,0.04970283679549447,0.5457978068127392,0.40449935639176643
25856,GOF,0.28705857201740775,0.4743705369282558,0.23857089105433657
25857,LOF,0.046889683719907226,0.4445933295428084,0.5085169867372844
25858,GOF,0.02151895720335756,0.5368810422690476,0.44160000052759474
25859,GOF,0.011893780512180997,0.5176725353836299,0.47043368410418923
25860,GOF,0.4242150128769387,0.4866694672378346,0.08911551988522678
25861,GOF,0.3988647968184364,0.5100524579549102,0.09108274522665342
25862,GOF,0.09695576084402908,0.7442712405810997,0.15877299857487132
25863,GOF,0.10297624406032148,0.7566527146392502,0.14037104130042835
25864,GOF,0.23413029326292628,0.6758351814878588,0.0900345252492149
25865,GOF,0.09265274020855764,0.7622117855029302,0.14513547428851228
25866,GOF,0.07967874268018288,0.7831496965764108,0.13717156074340636
25867,GOF,0.10355835566603071,0.790315954395229,0.10612568993874026
25868,GOF,0.3428634354336806,0.5531599108835759,0.10397665368274359
25869,Neutral,0.7150002676734388,0.2416490537545231,0.043350678572038025
25870,LOF,0.3849395737492633,0.19941519798535345,0.4156452282653832
25871,GOF,0.25075559521459034,0.579545640879797,0.16969876390561264
25872,GOF,0.09119888134351184,0.6141889265149175,0.29461219214157064
25873,GOF,0.17919222929958928,0.5959867095669857,0.22482106113342495
25874,LOF,0.025304820955513792,0.09731249584754487,0.8773826831969415
25875,LOF,0.08610084129220673,0.04940305678522971,0.8644961019225635
25876,LOF,0.028177158922404136,0.053195589712973446,0.9186272513646225
25877,Neutral,0.5285263666256773,0.06447221153365289,0.4070014218406697
25878,LOF,0.23823292113177996,0.11189326340867821,0.6498738154595418
25879,LOF,0.09017913152382033,0.10235554409607342,0.8074653243801063
25880,LOF,0.023686004436180734,0.0332337634727124,0.9430802320911069
25881,LOF,0.19009378210170336,0.12594495248228701,0.6839612654160097
25882,LOF,0.07558477900842786,0.016241166958651992,0.9081740540329201
25883,LOF,0.07589101436691473,0.024921490892363347,0.8991874947407218
25884,LOF,0.040863993507076014,0.03891612635571251,0.9202198801372116
25885,LOF,0.06858443786980924,0.014801593632634714,0.9166139684975562
25886,LOF,0.3306102525139284,0.04936349637808983,0.6200262511079817
25887,LOF,0.18950047413210633,0.07235313227870575,0.7381463935891878
25888,LOF,0.07065223175962279,0.06311926134834386,0.8662285068920335
25889,LOF,0.05343880326953479,0.025118760680463762,0.9214424360500015
25890,LOF,0.046456509703554,0.1477636595700843,0.8057798307263617
25891,LOF,0.040267762357379756,0.0651005907145434,0.8946316469280768
25892,LOF,0.10660319194652833,0.020621942223944072,0.8727748658295277
25893,LOF,0.29200991447629,0.015540200465587599,0.6924498850581224
25894,LOF,0.17094358614391808,0.00801047893775765,0.8210459349183242
25895,LOF,0.18820020485459957,0.021502061586312342,0.7902977335590882
25896,LOF,0.04632675609320181,0.023133192372438376,0.9305400515343598
25897,LOF,0.23007445110104824,0.013948653586338126,0.7559768953126136
25898,Neutral,0.7236139570344957,0.009652676148288249,0.26673336681721616
25899,LOF,0.24463086651714885,0.02744355947500736,0.7279255740078437
25900,LOF,0.4437841992013886,0.015278960470312809,0.5409368403282985
25901,LOF,0.05576061151792642,0.01175597198434127,0.9324834164977323
25902,LOF,0.16334875978231733,0.011327877724866344,0.8253233624928163
25903,Neutral,0.5126421164083251,0.03063665220110925,0.4567212313905656
25904,LOF,0.2643625907599014,0.05034189213538011,0.6852955171047186
25905,LOF,0.02851042612811804,0.29990981172347414,0.6715797621484078
25906,LOF,0.02288332770138728,0.05785870847210006,0.9192579638265127
25907,LOF,0.015604611003915494,0.31481294154778994,0.6695824474482946
25908,LOF,0.012148484391546713,0.2075846640231804,0.7802668515852729
25909,LOF,0.01491709703651397,0.11832196511584363,0.8667609378476423
25910,LOF,0.04591962059913541,0.10080101722129854,0.8532793621795661
25911,LOF,0.14248696530586025,0.03966536676735832,0.8178476679267814
25912,LOF,0.044445411576498485,0.05284579480664514,0.9027087936168563
25913,LOF,0.3065337591139057,0.02373419341036408,0.6697320474757302
25914,LOF,0.025126002838293943,0.11101005202059637,0.8638639451411098
25915,Neutral,0.4190038082155383,0.28249349467175505,0.29850269711270655
25916,LOF,0.057689942069155946,0.2911648018330253,0.6511452560978187
25917,LOF,0.06986058490312123,0.057409421246900884,0.8727299938499778
25918,LOF,0.0340126367938611,0.05289878578017443,0.9130885774259645
25919,LOF,0.02711914111323034,0.0585461465346508,0.9143347123521189
25920,GOF,0.075199961761382,0.49579021749428387,0.4290098207443341
25921,LOF,0.03318616328326966,0.020311088746672822,0.9465027479700575
25922,LOF,0.04423854667374607,0.01353550009710948,0.9422259532291444
25923,LOF,0.3884953127061508,0.01812644583086492,0.5933782414629842
25924,LOF,0.040500745811123416,0.028266601734126318,0.9312326524547503
25925,LOF,0.06683253359625195,0.024239864574659757,0.9089276018290884
25926,LOF,0.048146767300264647,0.01905666173516384,0.9327965709645716
25927,LOF,0.0689146545332659,0.05741120397699342,0.8736741414897407
25928,LOF,0.02277274420424992,0.0272581585594296,0.9499690972363205
25929,Neutral,0.5272019719592016,0.01986572902796328,0.45293229901283516
25930,LOF,0.05713067534300505,0.015098542715722653,0.9277707819412723
25931,LOF,0.03268299543259282,0.01891760388289004,0.9483994006845171
25932,LOF,0.028139184356369792,0.016874815849566502,0.9549859997940638
25933,LOF,0.03778559746844678,0.009642752628747723,0.9525716499028056
25934,LOF,0.02379028968242949,0.011626032068196209,0.9645836782493744
25935,LOF,0.06433294399535149,0.029655414724933746,0.9060116412797148
25936,LOF,0.04571488574190802,0.013085102921136033,0.941200011336956
25937,LOF,0.029633336699424796,0.025419242818863635,0.9449474204817117
25938,LOF,0.06276582007525335,0.03283494477854624,0.9043992351462004
25939,LOF,0.0376404611970071,0.010235828702715154,0.9521237101002779
25940,LOF,0.030285082680129128,0.34302083316433274,0.6266940841555381
25941,LOF,0.1710107807308686,0.08864567125336405,0.7403435480157674
25942,LOF,0.01878796118117835,0.03271115192658324,0.9485008868922385
25943,LOF,0.33031119007784854,0.06119973539816251,0.6084890745239889
25944,Neutral,0.4978871886032387,0.03146346946205017,0.47064934193471114
25945,LOF,0.07830431468894361,0.024540357172224386,0.897155328138832
25946,LOF,0.024297563684014856,0.13324039238661298,0.8424620439293722
25947,LOF,0.12548544560619315,0.1735001375254644,0.7010144168683424
25948,LOF,0.42116462901006413,0.01927246873659218,0.5595629022533437
25949,LOF,0.09111478561166095,0.07752017860519833,0.8313650357831407
25950,GOF,0.29573578914283144,0.36893377646097586,0.33533043439619264
25951,LOF,0.23470029245100155,0.20201941316383815,0.5632802943851603
25952,LOF,0.05288358880473355,0.4239628708358278,0.5231535403594387
25953,LOF,0.1436031610583455,0.09473167612812261,0.7616651628135319
25954,Neutral,0.4325621010604594,0.16925263946961833,0.3981852594699223
25955,LOF,0.05776973349570736,0.07549725668959094,0.8667330098147017
25956,LOF,0.19404700192429072,0.0804642520950101,0.7254887459806991
25957,LOF,0.03967804648647364,0.029288281329247233,0.931033672184279
25958,LOF,0.054173806128872064,0.02873010052981271,0.9170960933413153
25959,LOF,0.07299080656207932,0.32226149311272395,0.6047477003251966
25960,LOF,0.022456406752273693,0.06181827377226068,0.9157253194754655
25961,LOF,0.04630633754115392,0.03653868093038677,0.9171549815284593
25962,LOF,0.05663688281198534,0.039331515689170954,0.9040316014988437
25963,LOF,0.04815752057514898,0.1890211095674714,0.7628213698573796
25964,LOF,0.030953741851638863,0.17000042457295342,0.7990458335754078
25965,LOF,0.45734791535857533,0.07933949207804043,0.4633125925633842
25966,Neutral,0.42167181465797604,0.18438975136332456,0.3939384339786993
25967,LOF,0.013063725669886613,0.0774907534164466,0.9094455209136667
25968,GOF,0.03574549767189497,0.5022211578004703,0.4620333445276347
25969,LOF,0.022935050417708183,0.07064223085725838,0.9064227187250334
25970,LOF,0.06244028927875628,0.06689261483753901,0.8706670958837048
25971,LOF,0.07442909599118383,0.01980477844015024,0.905766125568666
25972,LOF,0.07864552971605583,0.030973623192186023,0.8903808470917581
25973,LOF,0.0920531409376198,0.007915528534856909,0.9000313305275233
25974,LOF,0.2341357993179981,0.021042111814184236,0.7448220888678176
25975,LOF,0.04989906868068389,0.03012340933395827,0.9199775219853579
25976,LOF,0.04712231579455574,0.017999407657098516,0.9348782765483458
25977,LOF,0.1431583304542013,0.1026074582860581,0.7542342112597407
25978,LOF,0.1134538469467615,0.07066138472332235,0.8158847683299162
25979,LOF,0.11479088353014481,0.06672776406925858,0.8184813524005966
25980,LOF,0.1436747195681637,0.0847621325349095,0.7715631478969268
25981,LOF,0.1735883251614066,0.08193248646860303,0.7444791883699904
25982,LOF,0.3708333317259181,0.05443645709756377,0.5747302111765181
25983,LOF,0.36951000928896394,0.05018031219011626,0.5803096785209199
25984,LOF,0.05032583009215114,0.08023273790405565,0.8694414320037932
25985,LOF,0.023562733294667248,0.27506503152053335,0.7013722351847994
25986,LOF,0.03147861558849754,0.2991123446616026,0.6694090397498998
25987,LOF,0.07166251316183955,0.09270900581357648,0.8356284810245841
25988,LOF,0.11276443416595235,0.07698987152731956,0.8102456943067282
25989,LOF,0.02806651440678937,0.14509309924478406,0.8268403863484265
25990,LOF,0.03475886591267787,0.17774668441756203,0.7874944496697601
25991,GOF,0.18557738352867653,0.4186714346148704,0.395751181856453
25992,Neutral,0.3941814382727824,0.258443701905852,0.34737485982136557
25993,LOF,0.025696431475126076,0.0974782133021025,0.8768253552227714
25994,LOF,0.0177752384662488,0.15087167492674042,0.8313530866070107
25995,LOF,0.026732301982659797,0.24010527012887004,0.7331624278884701
25996,GOF,0.2743763740712392,0.574052809808902,0.15157081611985884
25997,GOF,0.10622710501010321,0.604243756078652,0.2895291389112448
25998,Neutral,0.5469346970104793,0.016626823693919476,0.4364384792956013
25999,LOF,0.12735823465848742,0.14936998488375391,0.7232717804577586
26000,LOF,0.1543845716287539,0.032112310928509566,0.8135031174427365
26001,LOF,0.19079572318968946,0.03678042988151284,0.7724238469287976
26002,LOF,0.1600377763665044,0.03461077284032667,0.8053514507931688
26003,GOF,0.008486483566442087,0.6540945058928271,0.3374190105407308
26004,GOF,0.022739554206994146,0.7232248713134444,0.2540355744795614
26005,GOF,0.008176075386106962,0.5296605946974721,0.46216332991642106
26006,Neutral,0.49415550896725735,0.27823964928110967,0.227604841751633
26007,GOF,0.01592541549759673,0.5771750087990314,0.406899575703372
26008,GOF,0.015026225800724727,0.6208505714250954,0.3641232027741799
26009,GOF,0.020382885528039903,0.637339207867776,0.34227790660418406
26010,GOF,0.02224516518815549,0.667441135435214,0.3103136993766306
26011,GOF,0.007082545482619051,0.5330708642483225,0.45984659026905844
26012,GOF,0.01346086778384907,0.6122515803478391,0.37428755186831186
26013,GOF,0.014543890776184244,0.6719403459253418,0.31351576329847397
26014,LOF,0.04776520318685135,0.1659509198863275,0.7862838769268212
26015,LOF,0.21944070757224438,0.014525814658774169,0.7660334777689815
26016,LOF,0.2542414079235322,0.0550055565193638,0.690753035557104
26017,LOF,0.1951942320296407,0.09963529714477531,0.7051704708255839
26018,LOF,0.0876874218482582,0.05345672282450789,0.858855855327234
26019,LOF,0.08327517397347055,0.0388152109083152,0.8779096151182143
26020,LOF,0.05745179210344297,0.13222055064179988,0.8103276572547571
26021,LOF,0.047341562043177694,0.1532835085378092,0.7993749294190131
26022,LOF,0.01201423264934587,0.06475844359584876,0.9232273237548053
26023,LOF,0.12286587757157266,0.037445993781335736,0.8396881286470915
26024,LOF,0.027897334111859667,0.13170355037124729,0.8403991155168931
26025,LOF,0.14894606757129902,0.13250105471479437,0.7185528777139066
26026,LOF,0.3098036372357117,0.028955644273074548,0.6612407184912138
26027,LOF,0.0866275862263513,0.02937267600907197,0.8839997377645767
26028,LOF,0.14599601269618687,0.09290681868211918,0.761097168621694
26029,LOF,0.08183945423324587,0.14187302792181308,0.7762875178449411
26030,LOF,0.025943189518094954,0.05756501980175501,0.9164917906801501
26031,LOF,0.03223206446629463,0.1113817688602918,0.8563861666734136
26032,LOF,0.07474961964893628,0.052789285153590035,0.8724610951974736
26033,LOF,0.12314062467149625,0.06170387272456865,0.8151555026039351
26034,LOF,0.04725832167724919,0.11822299856505603,0.8345186797576948
26035,LOF,0.03441013339615976,0.10287994233183319,0.8627099242720071
26036,LOF,0.047654346160251077,0.1238641939146396,0.8284814599251094
26037,LOF,0.027781670313060773,0.09101655240338374,0.8812017772835554
26038,LOF,0.0720121115179353,0.05145829618542269,0.876529592296642
26039,LOF,0.06611633226260473,0.10572412978812498,0.8281595379492703
26040,LOF,0.24251587681159784,0.08787818845807627,0.6696059347303258
26041,LOF,0.02764221763318911,0.08120267467561927,0.8911551076911916
26042,LOF,0.026937664421550434,0.08216883248335925,0.8908935030950903
26043,LOF,0.07107568597024763,0.06474199303143724,0.8641823209983153
26044,LOF,0.02262965191115438,0.06894552252113405,0.9084248255677115
26045,LOF,0.0828808602586346,0.07532304922916036,0.8417960905122052
26046,LOF,0.07531261791044827,0.06758757198621299,0.8570998101033388
26047,LOF,0.10811005175580991,0.07631020055095411,0.815579747693236
26048,LOF,0.055111340992632464,0.055686363209960565,0.889202295797407
26049,Neutral,0.9558015208431525,0.007103687159441056,0.03709479199740649
26050,Neutral,0.9327354406730667,0.008183381006597028,0.059081178320336464
26051,LOF,0.04868970526932214,0.3191299428804042,0.6321803518502737
26052,LOF,0.07165519230225763,0.3096323560967775,0.6187124516009649
26053,LOF,0.054580076286455684,0.17074110631892242,0.774678817394622
26054,LOF,0.06499650073228075,0.0336404807391951,0.9013630185285242
26055,LOF,0.08196263330371298,0.020993067185802766,0.8970442995104844
26056,LOF,0.07039417218777672,0.026094892595578994,0.9035109352166444
26057,LOF,0.03299774743258523,0.013213567133108473,0.9537886854343063
26058,LOF,0.03306207735705325,0.011777579146007553,0.9551603434969391
26059,LOF,0.3042312678303534,0.04215248668441205,0.6536162454852346
26060,LOF,0.029649805608187845,0.23894496445350413,0.731405229938308
26061,LOF,0.019366323478965254,0.014359252700484286,0.9662744238205505
26062,LOF,0.012241040191689189,0.02428341521616368,0.9634755445921471
26063,LOF,0.022256857519015377,0.015399021825731891,0.9623441206552528
26064,LOF,0.026043984669455976,0.02347923464362249,0.9504767806869215
26065,LOF,0.026515171395464516,0.014083709193939767,0.9594011194105957
26066,LOF,0.021335102859790823,0.014025795482627628,0.9646391016575815
26067,LOF,0.026796897358184902,0.009730780997073845,0.9634723216447413
26068,LOF,0.049352587534328175,0.05163624203873947,0.8990111704269323
26069,LOF,0.2821770344644318,0.03075546214900868,0.6870675033865596
26070,LOF,0.404577300810594,0.020704493535417767,0.5747182056539882
26071,LOF,0.023332774699150738,0.014512178663093107,0.9621550466377563
26072,LOF,0.02679470356555897,0.0212202080451688,0.9519850883892722
26073,LOF,0.02488304949570813,0.014114833860244164,0.9610021166440477
26074,Neutral,0.909947481793774,0.006993153165572423,0.08305936504065352
26075,LOF,0.04694627240742166,0.020791000189287936,0.9322627274032904
26076,LOF,0.04542929628305769,0.01059213569212771,0.9439785680248147
26077,LOF,0.010599269768100474,0.021439265700928373,0.9679614645309712
26078,LOF,0.015679044318794747,0.015047702476927863,0.9692732532042773
26079,LOF,0.05852936522614673,0.026585586922536746,0.9148850478513165
26080,LOF,0.05680752268294173,0.0266236847680925,0.9165687925489658
26081,LOF,0.03577314044474299,0.008494017659647397,0.9557328418956097
26082,LOF,0.018786390524431346,0.023646347040250027,0.9575672624353186
26083,LOF,0.133659815826027,0.01699307205018178,0.8493471121237913
26084,LOF,0.02847729573757522,0.016097676067256768,0.955425028195168
26085,LOF,0.02286112677311914,0.01510446670945719,0.9620344065174238
26086,LOF,0.026243730335885295,0.013396356596764001,0.9603599130673508
26087,LOF,0.02583666586186255,0.00948759631407851,0.9646757378240589
26088,LOF,0.01917657507578756,0.02887322805077347,0.9519501968734388
26089,LOF,0.0473729797554397,0.033792412339264555,0.9188346079052957
26090,LOF,0.04675780503706631,0.026242756308792158,0.9269994386541415
26091,LOF,0.04118104868132732,0.008070560304994074,0.9507483910136787
26092,LOF,0.02676638461956609,0.010639696094447185,0.9625939192859866
26093,LOF,0.03897845521464339,0.00823938406179845,0.9527821607235581
26094,LOF,0.041207981601935104,0.008432992697151162,0.9503590257009138
26095,LOF,0.05876701865470726,0.02053700610696907,0.9206959752383237
26096,LOF,0.020793381963733013,0.016839513014303472,0.9623671050219635
26097,LOF,0.010462014422400485,0.05668178137702584,0.9328562042005736
26098,LOF,0.0788543766447101,0.018288557145799748,0.9028570662094901
26099,LOF,0.02422085788076832,0.017598747710633227,0.9581803944085985
26100,LOF,0.025827627366614564,0.016985773476217006,0.9571865991571683
26101,LOF,0.059963563023600744,0.016457466704682327,0.9235789702717169
26102,LOF,0.027347808090160065,0.017899090220701498,0.9547531016891384
26103,Neutral,0.8855711117387378,0.026642433372810095,0.08778645488845217
26104,LOF,0.07482959676311057,0.04962372582695778,0.8755466774099316
26105,LOF,0.23925076064680625,0.26551406806417294,0.49523517128902084
26106,LOF,0.1733516087280679,0.14681475129798227,0.6798336399739497
26107,LOF,0.25005488802964587,0.09998590944596576,0.6499592025243883
26108,LOF,0.23034794432144007,0.1200582578947024,0.6495937977838575
26109,LOF,0.07464251037049331,0.15377958584679366,0.7715779037827131
26110,LOF,0.23475374549208244,0.009186830744176344,0.7560594237637412
26111,LOF,0.44998476550385613,0.023488249185381976,0.5265269853107619
26112,LOF,0.03386630047328121,0.010408157894550104,0.9557255416321687
26113,LOF,0.051926855961935296,0.02017477696574295,0.9278983670723219
26114,LOF,0.02060095030336343,0.02180023852427271,0.9575988111723639
26115,LOF,0.08311125620895549,0.0502144057743866,0.8666743380166578
26116,LOF,0.057107040838170184,0.04184490774010003,0.9010480514217298
26117,LOF,0.3997542450356849,0.05743139174611199,0.5428143632182032
26118,LOF,0.039384381608867626,0.028339250954820164,0.9322763674363121
26119,LOF,0.022734601889248838,0.046695444717595166,0.9305699533931561
26120,LOF,0.029805626433889686,0.026853060340149122,0.9433413132259613
26121,LOF,0.05612085192449839,0.08574654255608,0.8581326055194217
26122,LOF,0.05284852684159871,0.047004165523075715,0.9001473076353256
