feature0,prediction,LoGoFunc_Neutral,LoGoFunc_GOF,LoGoFunc_LOF
25546,Neutral,0.691723220327462,0.05724374318270119,0.25103303648983677
25547,Neutral,0.527155642274836,0.09985607330380054,0.37298828442136334
25548,Neutral,0.509739638145778,0.0843761783187421,0.40588418353547984
25549,LOF,0.4373442937193551,0.08265051327393248,0.48000519300671235
25550,LOF,0.3733129794213918,0.12431019302112897,0.5023768275574793
25551,LOF,0.3274071610632172,0.13255909890469736,0.5400337400320855
25552,LOF,0.2666058199821416,0.12509187142887515,0.6083023085889833
25553,Neutral,0.8189637951872797,0.04351547831635787,0.13752072649636254
25554,LOF,0.30497701172023817,0.1174811651232565,0.5775418231565054
25555,LOF,0.25288838332229574,0.11257305804762895,0.6345385586300754
25556,Neutral,0.4724546399502577,0.09541202463489817,0.4321333354148441
25557,LOF,0.23974229198985883,0.11557260889680979,0.6446850991133314
25558,LOF,0.30904339690977306,0.11384022667012175,0.5771163764201052
25559,LOF,0.19813923796185504,0.12569482805170668,0.6761659339864383
25560,LOF,0.15444650926697445,0.09899446303489244,0.7465590276981331
25561,LOF,0.15133621819327606,0.11236022367997388,0.7363035581267501
25562,LOF,0.07034028295080318,0.07274086308708132,0.8569188539621155
25563,LOF,0.021738166815802845,0.1118593397112959,0.8664024934729012
25564,LOF,0.20401611552268029,0.110461998935759,0.6855218855415608
25565,LOF,0.23600107887137758,0.1324054890205251,0.6315934321080974
25566,GOF,0.09880408759280104,0.6944049798710452,0.20679093253615372
25567,LOF,0.03700076763391528,0.11412367356174005,0.8488755588043447
25568,LOF,0.062167689707331275,0.0645545188052893,0.8732777914873795
25569,LOF,0.05945199531369778,0.06720191744168323,0.8733460872446189
25570,LOF,0.02622347869303263,0.09243258512759014,0.8813439361793772
25571,LOF,0.025887269704410843,0.0957864208362542,0.878326309459335
25572,LOF,0.06115946721021375,0.11431143914271105,0.8245290936470752
25573,LOF,0.05721378884264472,0.07859572105157737,0.8641904901057778
25574,LOF,0.05727576778532805,0.17645219794186554,0.7662720342728064
25575,LOF,0.022008654669348527,0.11414943683273927,0.8638419084979122
25576,LOF,0.03335650779330567,0.15191249566221163,0.8147309965444827
25577,LOF,0.027753971834568035,0.10331702089237706,0.8689290072730549
25578,LOF,0.3033846741287016,0.07439333289216533,0.622221992979133
25579,LOF,0.13015521511455666,0.08157260900798596,0.7882721758774572
25580,LOF,0.018825576173549186,0.07291736046560031,0.9082570633608505
25581,LOF,0.06009786232280219,0.06104924385456818,0.8788528938226298
25582,LOF,0.06006139264502351,0.05945376826088887,0.8804848390940875
25583,LOF,0.02040809373223625,0.07850776281111778,0.9010841434566459
25584,Neutral,0.6820970141417706,0.09201625020922168,0.22588673564900774
25585,LOF,0.034360927207886645,0.11803709789269862,0.8476019748994148
25586,LOF,0.017960316543950607,0.06271125195020695,0.9193284315058425
25587,LOF,0.01712431158543998,0.05715139290848698,0.9257242955060732
25588,LOF,0.020038791387313633,0.0646493753043977,0.9153118333082887
25589,Neutral,0.5129608616668978,0.1739437767399047,0.31309536159319756
25590,LOF,0.050505699788567386,0.09424186465999755,0.8552524355514352
25591,LOF,0.1012614940406003,0.050527745331377154,0.8482107606280226
25592,LOF,0.055067826481274826,0.1162117710533839,0.8287204024653414
25593,LOF,0.14376547596680755,0.24064980337292458,0.6155847206602679
25594,LOF,0.05070380594381741,0.11038628465212266,0.83890990940406
25595,LOF,0.049047120517879135,0.08238789806687273,0.8685649814152482
25596,LOF,0.11000884571485786,0.04709708943085668,0.8428940648542854
25597,LOF,0.07956208448813724,0.05314639238470032,0.8672915231271625
25598,LOF,0.051611225562651804,0.08700759324688487,0.8613811811904634
25599,GOF,0.02112347851953468,0.5127365694067445,0.46613995207372083
25600,GOF,0.18697792818285813,0.5045124141903727,0.308509657626769
25601,LOF,0.040076586300477765,0.3762593854937377,0.5836640282057846
25602,LOF,0.03168523779634667,0.05741026452084151,0.9109044976828119
25603,LOF,0.0363533442597318,0.030404283489917076,0.9332423722503511
25604,LOF,0.03699941655615654,0.05938247532707424,0.9036181081167692
25605,LOF,0.04146645680332505,0.18534606374918688,0.7731874794474881
25606,LOF,0.4205092569417335,0.10577682713151132,0.47371391592675527
25607,LOF,0.023433699394422473,0.18004051341605426,0.7965257871895233
25608,LOF,0.03501823730564109,0.07713742147506289,0.8878443412192961
25609,GOF,0.15371022524208794,0.5556883431848364,0.2906014315730756
25610,LOF,0.016179642959088296,0.028850504481468017,0.9549698525594436
25611,LOF,0.015268913443323645,0.03559795002433175,0.9491331365323447
25612,LOF,0.04942744903902094,0.040866313650382936,0.9097062373105961
25613,LOF,0.047074342823658945,0.041402708981543655,0.9115229481947973
25614,LOF,0.023092222209013198,0.028636214151753932,0.9482715636392328
25615,LOF,0.045792706494944956,0.03790665056837481,0.9163006429366802
25616,LOF,0.04810652054504955,0.027555445410006676,0.9243380340449437
25617,LOF,0.043637327810936495,0.03689854936622888,0.9194641228228345
25618,LOF,0.05371686090646994,0.03630813777912463,0.9099750013144053
25619,LOF,0.015274711933826325,0.03438662233859372,0.9503386657275801
25620,LOF,0.0628878071121348,0.042085373027825244,0.89502681986004
25621,LOF,0.05137256307520971,0.031444110840851136,0.9171833260839392
25622,LOF,0.05988140386512112,0.0327634497988634,0.9073551463360154
25623,LOF,0.07000991591978681,0.03107235634168566,0.8989177277385275
25624,LOF,0.019279152956092685,0.03589237002060795,0.9448284770232994
25625,LOF,0.06564327788483848,0.041486017677899924,0.8928707044372616
25626,LOF,0.047343476894418035,0.03902644669938925,0.9136300764061928
25627,Neutral,0.8934869208064838,0.021936915892166398,0.08457616330134972
25628,LOF,0.1384328892149938,0.05899184034492854,0.8025752704400776
25629,LOF,0.05809915444208689,0.043801196534772595,0.8980996490231405
25630,LOF,0.2673904234592299,0.07108781501126557,0.6615217615295045
25631,Neutral,0.5540324628983236,0.06006446092273579,0.38590307617894065
25632,LOF,0.026945444038980044,0.06634373559106307,0.9067108203699569
25633,LOF,0.1942010137296873,0.037542693137283006,0.7682562931330296
25634,LOF,0.03487170369191203,0.08385821264744153,0.8812700836606463
25635,LOF,0.03910629786374889,0.044727633218464326,0.9161660689177868
25636,LOF,0.04122412123506119,0.4732619790529798,0.4855138997119589
25637,LOF,0.06739999662271326,0.45481671113996647,0.4777832922373203
25638,LOF,0.03973375451274173,0.28344077723114924,0.676825468256109
25639,LOF,0.03187584162813039,0.32962775205877076,0.6384964063130989
25640,Neutral,0.8193053584937026,0.13815915822366917,0.04253548328262832
25641,LOF,0.050650395882580364,0.42197909616672047,0.5273705079506992
25642,LOF,0.03980086490406871,0.14680869941799182,0.8133904356779394
25643,LOF,0.19268403693196232,0.1785149944178902,0.6288009686501475
25644,LOF,0.02050995317488473,0.45700908797597695,0.5224809588491384
25645,LOF,0.02033938986655273,0.41731123763460354,0.5623493724988439
25646,LOF,0.05167860921965787,0.3288004688549282,0.619520921925414
25647,LOF,0.022669301192040345,0.25621206642343214,0.7211186323845276
25648,LOF,0.029445785848755245,0.23386855614738694,0.7366856580038579
25649,LOF,0.015784414255187194,0.22247397425764026,0.7617416114871725
25650,LOF,0.04988510158271073,0.4163773960757221,0.5337375023415671
25651,LOF,0.016452282623687583,0.2704304762585925,0.7131172411177199
25652,LOF,0.029073581020558428,0.2595369828160993,0.7113894361633422
25653,LOF,0.07331290596962867,0.3910150721104196,0.5356720219199518
25654,LOF,0.023932548580543434,0.19420337443100863,0.781864076988448
25655,LOF,0.2251481807341039,0.383780049925772,0.3910717693401241
25656,LOF,0.28080240150315555,0.044789150742425586,0.6744084477544188
25657,LOF,0.08061673142031227,0.05226554375563197,0.8671177248240557
25658,LOF,0.38110685011449075,0.044741138799528415,0.5741520110859809
25659,Neutral,0.5269772563532836,0.06866552462699181,0.40435721901972455
25660,LOF,0.025281107935156925,0.07708928364020994,0.8976296084246332
25661,LOF,0.09491910294963629,0.05566252162542759,0.8494183754249363
25662,LOF,0.03294439631228972,0.029719731383109668,0.9373358723046006
25663,LOF,0.040156031830671825,0.04406073691823893,0.9157832312510892
25664,LOF,0.14602904150546267,0.055018839515861236,0.7989521189786761
25665,LOF,0.0541966257283206,0.0297983063386215,0.9160050679330579
25666,LOF,0.08570314030659144,0.07306064482250978,0.8412362148708987
25667,LOF,0.06457794091497567,0.038273166758189724,0.8971488923268346
25668,LOF,0.03713752872875477,0.04679632295314731,0.916066148318098
25669,LOF,0.03602350535040434,0.05240165921884644,0.9115748354307492
25670,LOF,0.14105094213286296,0.047983779092955176,0.8109652787741818
25671,LOF,0.09611996948364135,0.030723522155064333,0.8731565083612944
25672,LOF,0.05544500238634055,0.04000571793589933,0.9045492796777602
25673,LOF,0.0835172253935419,0.03883416181375246,0.8776486127927056
25674,LOF,0.07450193245149313,0.0487559937631591,0.8767420737853479
25675,LOF,0.12392087874195992,0.045645310907880904,0.8304338103501592
25676,LOF,0.018505270347809733,0.04798233682501022,0.93351239282718
25677,LOF,0.025251474136518917,0.06539292603810173,0.9093555998253794
25678,LOF,0.19051740787608384,0.0523243051120696,0.7571582870118466
25679,LOF,0.1268127991038638,0.07509749378725306,0.798089707108883
25680,LOF,0.03110298901061878,0.10371112960676991,0.8651858813826112
25681,LOF,0.049465747518602714,0.09657227495736746,0.8539619775240298
25682,LOF,0.1423121564207014,0.06158657942297089,0.7961012641563278
25683,LOF,0.12320781666088834,0.0818968043293087,0.7948953790098029
25684,LOF,0.044060223074984056,0.061754074677470766,0.8941857022475452
25685,LOF,0.1281230780112734,0.0492626462139664,0.8226142757747603
25686,LOF,0.07331403665969222,0.09780948517064675,0.828876478169661
25687,LOF,0.1222370240054918,0.0915956283342298,0.7861673476602784
25688,LOF,0.2939818835638447,0.03267480819196249,0.6733433082441929
25689,LOF,0.21695275695299776,0.04144101972443745,0.7416062233225648
25690,LOF,0.34461567629126355,0.02900167208719294,0.6263826516215435
25691,Neutral,0.7007227559296856,0.02051659667260611,0.2787606473977082
25692,LOF,0.28173414401753843,0.01028058612233944,0.7079852698601221
25693,LOF,0.044019034034837534,0.45426629569034005,0.5017146702748224
25694,LOF,0.12789925180219539,0.01949768992505398,0.8526030582727506
25695,LOF,0.12626304782276257,0.016682713059168946,0.8570542391180686
25696,LOF,0.12401541122166977,0.010051850813294488,0.8659327379650358
25697,LOF,0.12800909306157718,0.02844234212778342,0.8435485648106393
25698,LOF,0.32334870544888755,0.23848846938885432,0.43816282516225813
25699,LOF,0.4220212992757423,0.04131099650011065,0.5366677042241471
25700,LOF,0.05347598552449363,0.008108769297407462,0.9384152451780989
25701,LOF,0.1565214543810415,0.057721463758629195,0.7857570818603292
25702,GOF,0.177802246316678,0.5466080840836903,0.2755896695996316
25703,LOF,0.016011800832403923,0.1718624574917226,0.8121257416758736
25704,LOF,0.0495248786338338,0.1205591948961332,0.8299159264700331
25705,LOF,0.059714772181103715,0.18305181202415288,0.7572334157947433
25706,LOF,0.09409256493713948,0.344785941010529,0.5611214940523315
25707,LOF,0.08952735406485515,0.2893749236535374,0.6210977222816074
25708,LOF,0.03218277545433558,0.26852196065225986,0.6992952638934046
25709,LOF,0.05512252867395712,0.04253080148592568,0.9023466698401172
25710,LOF,0.012214544392678179,0.13010949076426,0.8576759648430617
25711,LOF,0.019305064726871043,0.09268409624884287,0.8880108390242861
25712,LOF,0.013583896467169078,0.17440836605657345,0.8120077374762575
25713,LOF,0.018951298622394384,0.081300821302941,0.8997478800746646
25714,LOF,0.06892849474106023,0.0801613354104446,0.8509101698484952
25715,LOF,0.010657873380841794,0.1393206937038628,0.8500214329152953
25716,LOF,0.014495930027231202,0.10848386022723995,0.8770202097455289
25717,LOF,0.013034576791405062,0.08365043139116568,0.9033149918174292
25718,LOF,0.012248127807399698,0.1034408701692474,0.8843110020233529
25719,LOF,0.01865833594432213,0.08484576594749055,0.8964958981081873
25720,LOF,0.021934999651534077,0.06960768658133117,0.9084573137671348
25721,LOF,0.015839135482529736,0.10557893644535542,0.8785819280721149
25722,LOF,0.013498957262230868,0.11671349700119266,0.8697875457365764
25723,LOF,0.02263277442265092,0.046311415150440176,0.9310558104269089
25724,LOF,0.024168364952234424,0.0857571471009151,0.8900744879468504
25725,LOF,0.01174513377134625,0.06992257870055041,0.9183322875281034
25726,LOF,0.01441858889111595,0.09587315003103193,0.8897082610778521
25727,LOF,0.012994353613651824,0.0821997110655337,0.9048059353208145
25728,LOF,0.009816928964713794,0.10946783346251111,0.880715237572775
25729,LOF,0.010128079400414906,0.10887039779656059,0.8810015228030246
25730,LOF,0.013508871929384778,0.07868107010339785,0.9078100579672174
25731,LOF,0.02212092214523579,0.11089453391366853,0.8669845439410956
25732,LOF,0.014696332115631938,0.08407384281227419,0.9012298250720939
25733,LOF,0.01616386663858758,0.07594175442135256,0.9078943789400598
25734,LOF,0.01267335491572813,0.13362979118944432,0.8536968538948276
25735,LOF,0.013575638866070178,0.08210541686943666,0.9043189442644931
25736,LOF,0.013779840552190012,0.11451434331362133,0.8717058161341887
25737,LOF,0.021533402520690463,0.08354642358684734,0.8949201738924621
25738,LOF,0.013247388386082916,0.11861054412231802,0.8681420674915991
25739,LOF,0.019874280708061475,0.08385364144569199,0.8962720778462465
25740,LOF,0.027477051011878303,0.0970825184106884,0.8754404305774333
25741,LOF,0.0156717090655131,0.10478716366249409,0.8795411272719929
25742,LOF,0.11008202426565614,0.08203382558301774,0.8078841501513261
25743,LOF,0.03617690161473049,0.028064054253283042,0.9357590441319865
25744,Neutral,0.5758863343756969,0.21629729555580968,0.2078163700684934
25745,LOF,0.09002055720318372,0.06604186019357615,0.8439375826032401
25746,LOF,0.04387306746264768,0.07730003254122586,0.8788268999961264
25747,LOF,0.023617655905692893,0.03727478587580379,0.9391075582185033
25748,LOF,0.10845888732345577,0.056782526421321464,0.8347585862552228
25749,LOF,0.027503689038698056,0.07519434911702548,0.8973019618442765
25750,LOF,0.08113033187893269,0.08185133941017227,0.837018328710895
25751,LOF,0.09430493020949435,0.05402215457562634,0.8516729152148793
25752,GOF,0.10766091918920512,0.6670190459795943,0.22532003483120058
25753,LOF,0.01907319326412235,0.26658261515242276,0.714344191583455
25754,GOF,0.011211195408732418,0.7585300460957257,0.2302587584955418
25755,LOF,0.021402967186076333,0.3756376830367041,0.6029593497772195
25756,LOF,0.04262516404248346,0.34792549424633,0.6094493417111866
25757,GOF,0.014109965696183542,0.8427549848100926,0.14313504949372388
25758,GOF,0.028913460472700964,0.82506011600424,0.14602642352305906
25759,GOF,0.011836507794214739,0.5374618125201547,0.4507016796856306
25760,LOF,0.012151566590221522,0.2341787382685239,0.7536696951412546
25761,GOF,0.2837390939324589,0.6179371381375645,0.09832376792997669
25762,LOF,0.0358056874520338,0.2466175993138198,0.7175767132341465
25763,LOF,0.01273483434547528,0.19475601141678434,0.7925091542377404
25764,GOF,0.0746287293796195,0.624393819809765,0.30097745081061555
25765,GOF,0.04154171869999015,0.7550433992676785,0.20341488203233124
25766,GOF,0.061648025396469235,0.7649122998223427,0.17343967478118802
25767,GOF,0.18254157480280028,0.4306459743653894,0.3868124508318103
25768,LOF,0.08891003182612733,0.0629505999281493,0.8481393682457233
25769,LOF,0.06150112273817854,0.06087575229688039,0.8776231249649411
25770,LOF,0.2787274139337035,0.07483110991375776,0.6464414761525387
25771,LOF,0.04173787087986607,0.043173064380532776,0.9150890647396012
25772,LOF,0.01635842383396133,0.030357919724469124,0.9532836564415695
25773,LOF,0.04815138481076662,0.07258148421909079,0.8792671309701426
25774,LOF,0.028092845687460715,0.06401914356089572,0.9078880107516435
25775,LOF,0.045840258116948224,0.04112205752369217,0.9130376843593596
25776,LOF,0.06646655199492484,0.023879736383088938,0.9096537116219862
25777,LOF,0.33363352805580354,0.045652023450933235,0.6207144484932633
25778,LOF,0.05995144940530866,0.04431462584532981,0.8957339247493614
25779,GOF,0.3745643243516423,0.5862309568964332,0.03920471875192448
25780,GOF,0.27741314279286744,0.6488068348424266,0.07378002236470602
25781,GOF,0.12654180743926732,0.7760369459297284,0.09742124663100425
25782,GOF,0.19677761641050862,0.7382319044952138,0.06499047909427759
25783,GOF,0.027040684460840687,0.6470929078621196,0.3258664076770397
25784,Neutral,0.4799674078487393,0.4789795993145655,0.04105299283669524
25785,GOF,0.4369669207182789,0.5227458164963206,0.04028726278540042
25786,GOF,0.02455630062495724,0.7716624295151172,0.20378126985992553
25787,Neutral,0.6401665910800399,0.33486065982806623,0.024972749091893804
25788,LOF,0.04878994226794401,0.1074381197348347,0.8437719379972213
25789,GOF,0.19153081222404034,0.6680810150947882,0.14038817268117143
25790,GOF,0.2075918252668098,0.6887250979115417,0.10368307682164865
25791,GOF,0.15062817116592706,0.6770412086522871,0.1723306201817858
25792,GOF,0.33367224531284967,0.5357816386854738,0.1305461160016765
25793,GOF,0.2502186541770212,0.5474085645731824,0.20237278124979632
25794,GOF,0.2839711855732561,0.5530442198717078,0.16298459455503603
25795,GOF,0.09237735304231055,0.6952664477671594,0.2123561991905301
25796,Neutral,0.5342556382438468,0.38050019025932624,0.08524417149682688
25797,GOF,0.07857683772007497,0.5586064245228155,0.3628167377571096
25798,GOF,0.00863114697838938,0.5086679706828102,0.4827008823388003
25799,LOF,0.0065995933752041255,0.3829239640279686,0.6104764425968272
25800,GOF,0.032052989334966454,0.5836954812134839,0.3842515294515496
25801,GOF,0.17590326006941145,0.6971235655339368,0.1269731743966518
25802,GOF,0.06892255357884536,0.6869924486714998,0.24408499774965486
25803,GOF,0.03441132649431515,0.5703415549021262,0.39524711860355866
25804,LOF,0.0316058555737146,0.4817540748525161,0.48664006957376943
25805,GOF,0.09274854261612875,0.5871120149639819,0.32013944241988934
25806,GOF,0.0882767097471941,0.5821104317323019,0.3296128585205041
25807,GOF,0.018982351525684765,0.6267996986700347,0.35421794980428045
25808,GOF,0.07430991012584408,0.6471074888400611,0.2785826010340949
25809,GOF,0.016530986707076218,0.579065236429777,0.40440377686314677
25810,GOF,0.015588930352059587,0.6147160489744925,0.3696950206734479
25811,GOF,0.43728621005580226,0.4811638022645585,0.08154998767963913
25812,GOF,0.02769782423826236,0.6292782983449849,0.34302387741675266
25813,Neutral,0.506290528286424,0.39999101316581587,0.09371845854776022
25814,GOF,0.11197579414629115,0.6446981206651783,0.24332608518853055
25815,GOF,0.19030733156323335,0.6198828497639953,0.1898098186727714
25816,GOF,0.02305252386832918,0.7108349033293065,0.26611257280236433
25817,GOF,0.243034687851557,0.6213409080079119,0.13562440414053112
25818,GOF,0.05032157989959322,0.6550755535167321,0.29460286658367474
25819,GOF,0.34593383982032627,0.5170768579428052,0.13698930223686842
25820,GOF,0.17734716712224186,0.5987626161939998,0.22389021668375833
25821,GOF,0.059837963830478826,0.6641102018710576,0.2760518342984636
25822,GOF,0.2018785400668376,0.5901640516819721,0.2079574082511902
25823,GOF,0.03165958619471897,0.5397186026671051,0.428621811138176
25824,GOF,0.08361027436317052,0.6117015250980442,0.3046882005387852
25825,GOF,0.03655075412481283,0.61031701574478,0.3531322301304071
25826,GOF,0.01664238953955352,0.5842017507063713,0.39915585975407536
25827,GOF,0.023116631555818428,0.6121436862378739,0.3647396822063077
25828,GOF,0.012983057434006256,0.5230364097792768,0.46398053278671697
25829,GOF,0.0058034308929717105,0.5659594142172646,0.42823715488976377
25830,LOF,0.034358520920055,0.28263494736596567,0.6830065317139793
25831,GOF,0.22482877033496254,0.672242480444427,0.10292874922061035
25832,GOF,0.03088308114023697,0.7277513354896736,0.24136558337008931
25833,GOF,0.111453611439096,0.7408456105352553,0.1477007780256486
25834,GOF,0.031110650184744574,0.7381885237395895,0.230700826075666
25835,GOF,0.06453158475642627,0.7677653587690951,0.16770305647447842
25836,GOF,0.032739075855979315,0.7053810354566118,0.2618798886874088
25837,GOF,0.026331659847703425,0.6227271319129534,0.35094120823934316
25838,GOF,0.09381069185240774,0.7721416754785098,0.13404763266908246
25839,GOF,0.2768462764671302,0.5826598089575209,0.14049391457534885
25840,GOF,0.24143562346564493,0.6273805518701155,0.13118382466423947
25841,GOF,0.23254793873230303,0.6359618103043216,0.1314902509633753
25842,GOF,0.1376157494771809,0.7495756483353089,0.1128086021875103
25843,GOF,0.21092178108733173,0.7067845414655465,0.08229367744712174
25844,GOF,0.05913611461375242,0.7481637328714411,0.19270015251480646
25845,GOF,0.015986906656474127,0.5136819990544714,0.47033109428905434
25846,GOF,0.13059841843450276,0.7455234809000268,0.12387810066547052
25847,GOF,0.09387253477311233,0.8072936885991733,0.09883377662771438
25848,GOF,0.03537793750595499,0.7232301058815602,0.24139195661248466
25849,GOF,0.010586485353420638,0.6122108319812904,0.37720268266528884
25850,GOF,0.020282669771736647,0.6604507428344816,0.31926658739378183
25851,GOF,0.016261760993625116,0.5487969695528234,0.43494126945355144
25852,GOF,0.15440937992325496,0.5623902007111847,0.28320041936556034
25853,GOF,0.330706553293087,0.5922650370956648,0.07702840961124816
25854,GOF,0.02181826412965122,0.6360531100069493,0.3421286258633994
25855,GOF,0.03391487143052047,0.5528676291705541,0.4132174993989254
25856,GOF,0.22364840008423384,0.5574504457222408,0.21890115419352532
25857,GOF,0.03729445275876233,0.5201026931305047,0.44260285411073297
25858,GOF,0.019747167848315032,0.5298845417418739,0.450368290409811
25859,GOF,0.010134171820951379,0.5010329160937815,0.4888329120852671
25860,GOF,0.3523541347373721,0.56965696487429,0.07798890038833808
25861,GOF,0.4193538377832925,0.5195746208256713,0.06107154139103628
25862,GOF,0.07569350235090899,0.7903468616653412,0.13395963598374983
25863,GOF,0.07763190036747065,0.7885728983484308,0.13379520128409847
25864,GOF,0.18496584748902795,0.7491319591799029,0.06590219333106909
25865,GOF,0.08041047775289126,0.8100013771348747,0.10958814511223396
25866,GOF,0.05030413037467796,0.7989072462772674,0.15078862334805462
25867,GOF,0.07483658960613748,0.8250672124434472,0.10009619795041544
25868,GOF,0.22152898670080012,0.6710892615322297,0.1073817517669701
25869,Neutral,0.7082767714458967,0.24509113333326696,0.046632095220836375
25870,GOF,0.2679745933478848,0.42168706309072546,0.3103383435613898
25871,GOF,0.2155901638948795,0.6485890822973879,0.13582075380773256
25872,GOF,0.07447389596160219,0.6500653497630117,0.27546075427538613
25873,GOF,0.1024436178447592,0.6936345417616171,0.2039218403936237
25874,LOF,0.01421149750700592,0.11720485816079917,0.8685836443321949
25875,LOF,0.08498089772566136,0.04657479923797518,0.8684443030363634
25876,LOF,0.03506565865897558,0.029470794760176312,0.9354635465808482
25877,Neutral,0.5119743779263531,0.04090032051558271,0.4471253015580642
25878,LOF,0.23844635215447377,0.09472784764007595,0.6668258002054503
25879,LOF,0.08965329588836538,0.09482711428790441,0.8155195898237302
25880,LOF,0.04118245059431499,0.013579420975361427,0.9452381284303235
25881,LOF,0.16295183752005418,0.11918164630902776,0.7178665161709181
25882,LOF,0.0626459223967762,0.01813845416849616,0.9192156234347277
25883,LOF,0.06341119936785217,0.02140279718496153,0.9151860034471864
25884,LOF,0.03043346266805947,0.030858882318172735,0.9387076550137678
25885,LOF,0.06166725389605232,0.012662206105482344,0.9256705399984653
25886,LOF,0.2576499672477992,0.041183665771524554,0.7011663669806762
25887,LOF,0.14529426283613767,0.06920580995418088,0.7854999272096813
25888,LOF,0.0673958044871264,0.058647804674417686,0.8739563908384558
25889,LOF,0.03852821992973063,0.021786265532244012,0.9396855145380253
25890,LOF,0.052594782604474755,0.14613196465008213,0.801273252745443
25891,LOF,0.04264670767545111,0.04950938107833687,0.9078439112462121
25892,LOF,0.0827824072517147,0.02088872341460087,0.8963288693336844
25893,LOF,0.2501845821587056,0.0167128907114988,0.7331025271297956
25894,LOF,0.1907746895411174,0.00910888929335609,0.8001164211655266
25895,LOF,0.2042833102020568,0.018382720023179647,0.7773339697747635
25896,LOF,0.0497774406035891,0.019648501585130648,0.9305740578112803
25897,LOF,0.2639679859560313,0.01105643139676804,0.7249755826472006
25898,Neutral,0.716972832177739,0.00880235943392016,0.2742248083883409
25899,LOF,0.21424631737389688,0.02227687922602086,0.7634768034000823
25900,LOF,0.4692552867502068,0.01070783572447056,0.5200368775253227
25901,LOF,0.04945156753180148,0.01133827997234935,0.9392101524958492
25902,LOF,0.15548969083204303,0.012809582772304507,0.8317007263956524
25903,Neutral,0.6018931925518245,0.02670197579490374,0.37140483165327176
25904,LOF,0.31167659359608163,0.040624168374531394,0.6476992380293869
25905,LOF,0.028638234260832982,0.3284719397247526,0.6428898260144144
25906,LOF,0.03285636331762644,0.07463560546676631,0.8925080312156072
25907,LOF,0.01446788833845265,0.3295972877766209,0.6559348238849264
25908,LOF,0.009781524361314286,0.2575927349633554,0.7326257406753304
25909,LOF,0.012273028126051211,0.13365112408325652,0.8540758477906922
25910,LOF,0.0470550697714667,0.13829403967007978,0.8146508905584535
25911,LOF,0.19376081688194083,0.02804830720211594,0.7781908759159432
25912,LOF,0.04716189836617099,0.04572602523106913,0.9071120764027599
25913,LOF,0.3425709714969191,0.022564401120043133,0.6348646273830378
25914,LOF,0.024036702710917117,0.05028501099963807,0.9256782862894449
25915,Neutral,0.5756585663534931,0.1499115000992309,0.27442993354727596
25916,LOF,0.09415868457434981,0.18849056805314546,0.7173507473725047
25917,LOF,0.06387589983658493,0.036287389925037564,0.8998367102383775
25918,LOF,0.024738482770930287,0.029179955242368296,0.9460815619867013
25919,LOF,0.021826111343324156,0.029856659744154614,0.9483172289125212
25920,GOF,0.1112530870527188,0.5244741392063036,0.36427277374097766
25921,LOF,0.02747428314302425,0.040515195916246485,0.9320105209407292
25922,LOF,0.03737381596564338,0.029385366461680378,0.9332408175726762
25923,Neutral,0.4955614555672481,0.03936867845838304,0.46506986597436895
25924,LOF,0.03978093747139991,0.04812679999966099,0.9120922625289392
25925,LOF,0.07478908987198075,0.043655599306508766,0.8815553108215104
25926,LOF,0.05289749190260116,0.03742393714583311,0.9096785709515658
25927,LOF,0.05983276190966847,0.12473932954326972,0.8154279085470618
25928,LOF,0.02000810822481828,0.053324766144080125,0.9266671256311017
25929,Neutral,0.5996974478011557,0.04197928308174609,0.35832326911709816
25930,LOF,0.07361720676694225,0.03493436251949555,0.8914484307135622
25931,LOF,0.025633292312367106,0.03564710805483838,0.9387195996327945
25932,LOF,0.029279457915335334,0.02907470806776613,0.9416458340168985
25933,LOF,0.04039959490264383,0.019609224902666852,0.9399911801946894
25934,LOF,0.025231705962417656,0.021892033523573266,0.9528762605140091
25935,LOF,0.06525839117240795,0.05349615830210298,0.881245450525489
25936,LOF,0.04452326657609442,0.024241597076781994,0.9312351363471236
25937,LOF,0.028180647455993354,0.03910531335155256,0.9327140391924541
25938,LOF,0.06869427075132085,0.055746843674720645,0.8755588855739586
25939,LOF,0.04171688034641051,0.021927119562796367,0.9363560000907932
25940,LOF,0.03862140392251078,0.3345671786370651,0.6268114174404241
25941,LOF,0.18102374613759212,0.09810593356466078,0.7208703202977471
25942,LOF,0.012445310998507646,0.03224728991199577,0.9553073990894966
25943,LOF,0.3020947851988717,0.05231786114759112,0.6455873536535374
25944,Neutral,0.49036078671764477,0.021420144860287996,0.48821906842206725
25945,LOF,0.0718531152832155,0.020162604913133993,0.9079842798036506
25946,LOF,0.03392062956059499,0.10140869211056432,0.8646706783288406
25947,LOF,0.1076467957319496,0.1654309661342608,0.7269222381337896
25948,LOF,0.3806679361248745,0.007723047183380323,0.6116090166917452
25949,LOF,0.12440696339397314,0.037443763639306335,0.8381492729667206
25950,LOF,0.33124748129633724,0.31875142313463584,0.3500010955690269
25951,LOF,0.181010833282904,0.25281095718072866,0.5661782095363673
25952,LOF,0.04623753173721157,0.412915039470933,0.5408474287918554
25953,LOF,0.1513044341592734,0.10703125064086866,0.741664315199858
25954,Neutral,0.43391137688836395,0.18201718637850622,0.3840714367331298
25955,LOF,0.06434843414915972,0.07773448326084373,0.8579170825899965
25956,LOF,0.1547362398053317,0.12133695869941287,0.7239268014952556
25957,LOF,0.038280703392658925,0.02927401127138911,0.932445285335952
25958,LOF,0.05282969163014175,0.02614134184942134,0.9210289665204369
25959,LOF,0.06754910140801387,0.3448873046331833,0.5875635939588029
25960,LOF,0.015426522938376805,0.04824085661972014,0.936332620441903
25961,LOF,0.03944125482448265,0.025639484175001604,0.9349192610005158
25962,LOF,0.052179818043021374,0.023152984283000465,0.9246671976739781
25963,LOF,0.047711046221265055,0.19680104729574863,0.7554879064829864
25964,LOF,0.03491920006549737,0.15559790639439824,0.8094828935401045
25965,LOF,0.4184045605809094,0.06369740133534518,0.5178980380837455
25966,Neutral,0.5226142474060133,0.1743924460822571,0.3029933065117296
25967,LOF,0.01648304720070167,0.09741971227716613,0.8860972405221321
25968,LOF,0.033888570044835725,0.38040735880507526,0.585704071150089
25969,LOF,0.03619382004362554,0.053700911391763625,0.9101052685646108
25970,LOF,0.0557419720130381,0.06553359842932052,0.8787244295576414
25971,LOF,0.06701427636433115,0.01939333672865786,0.9135923869070111
25972,LOF,0.06578396810067803,0.03148228641394057,0.9027337454853813
25973,LOF,0.0724988100499685,0.010992978189867688,0.9165082117601637
25974,LOF,0.18936065507405325,0.0148033816622695,0.7958359632636772
25975,LOF,0.04605385082900482,0.03101482351774191,0.9229313256532533
25976,LOF,0.042510323643140564,0.01592416469789663,0.9415655116589627
25977,LOF,0.14489563938971212,0.08508233149873543,0.7700220291115524
25978,LOF,0.14511674333572283,0.09756019211091393,0.7573230645533633
25979,LOF,0.13056411212842844,0.09932412007141263,0.7701117678001589
25980,LOF,0.22554847653965546,0.11752977958881641,0.6569217438715281
25981,LOF,0.25835949090584387,0.116057248822954,0.6255832602712021
25982,LOF,0.4090909104288627,0.08410458457619445,0.5068045049949428
25983,LOF,0.39209094588118065,0.10000736575667901,0.5079016883621403
25984,LOF,0.04738652817301434,0.05192372923906467,0.900689742587921
25985,LOF,0.03754885812034392,0.278065542133064,0.684385599746592
25986,LOF,0.04896731853840392,0.3202635064068931,0.630769175054703
25987,LOF,0.0892013705150827,0.07249133521062055,0.8383072942742967
25988,LOF,0.14698233467654317,0.0618525959972468,0.79116506932621
25989,LOF,0.03299382083069605,0.1250033716582245,0.8420028075110795
25990,LOF,0.03903271900554482,0.1545757917517962,0.806391489242659
25991,LOF,0.11633285288571346,0.2520295296386909,0.6316376174755957
25992,LOF,0.275359376219912,0.16004469645764627,0.5645959273224417
25993,LOF,0.023056800938291398,0.06886316286628033,0.9080800361954282
25994,LOF,0.017945777930429035,0.08348544764405187,0.8985687744255191
25995,LOF,0.02356846002207738,0.18277347807668184,0.7936580619012408
25996,GOF,0.30643805174236344,0.40036836704080725,0.29319358121682926
25997,LOF,0.08741550310047122,0.3691215806445647,0.5434629162549641
25998,Neutral,0.5324363275173334,0.02540836792494406,0.44215530455772256
25999,LOF,0.1002147879070412,0.08602846627855432,0.8137567458144044
26000,LOF,0.14956621437356693,0.04482870796082018,0.805605077665613
26001,LOF,0.20452404275521732,0.0470682989809768,0.7484076582638058
26002,LOF,0.12071312695179619,0.04530287697695686,0.833983996071247
26003,GOF,0.010998109715709765,0.613849733841819,0.3751521564424714
26004,GOF,0.022417275611730278,0.7186730787587204,0.2589096456295493
26005,LOF,0.006330896708884799,0.4595864618803489,0.5340826414107663
26006,Neutral,0.5001512758805196,0.2665699787179315,0.23327874540154903
26007,GOF,0.020198622517781463,0.5427061285368929,0.4370952489453257
26008,GOF,0.020470316673630206,0.6195625666048501,0.35996711672151976
26009,GOF,0.021795692637464118,0.6824611962663054,0.2957431110962304
26010,GOF,0.023247562292230742,0.661617582647166,0.31513485506060324
26011,LOF,0.007118820167150436,0.4429933422860814,0.5498878375467682
26012,GOF,0.01328237786567797,0.5615121004215871,0.425205521712735
26013,GOF,0.019134076394298618,0.5964858215966806,0.38438010200902084
26014,LOF,0.0374294713733583,0.11859738400898032,0.8439731446176614
26015,LOF,0.15489055451905231,0.016702301562806336,0.8284071439181413
26016,LOF,0.19059758409154146,0.06515847145524595,0.7442439444532125
26017,LOF,0.2020161938575745,0.10216056706214793,0.6958232390802777
26018,LOF,0.0751782276212469,0.04259405985112484,0.8822277125276282
26019,LOF,0.0724074050136993,0.034065562801247284,0.8935270321850534
26020,LOF,0.06557578214037568,0.10887982930206055,0.8255443885575638
26021,LOF,0.04448809995720028,0.11562127388138084,0.839890626161419
26022,LOF,0.011740560742086268,0.047128316817920644,0.9411311224399932
26023,LOF,0.06669823205218325,0.02728032471544766,0.9060214432323691
26024,LOF,0.03112806510190753,0.11240633516204829,0.8564655997360441
26025,LOF,0.15714794027239543,0.10035427340242851,0.7424977863251762
26026,LOF,0.324013049382927,0.0323789327288485,0.6436080178882245
26027,LOF,0.059334119834811495,0.02158578770814612,0.9190800924570423
26028,LOF,0.17079857344759408,0.05897300408745985,0.7702284224649459
26029,LOF,0.07231123898731825,0.16446460064883542,0.7632241603638464
26030,LOF,0.023663236250912545,0.03500624092772729,0.9413305228213602
26031,LOF,0.02808926940796632,0.11819956201540331,0.8537111685766304
26032,LOF,0.06498764582267456,0.05192980647503897,0.8830825477022864
26033,LOF,0.08636189627389847,0.05058018528376322,0.8630579184423384
26034,LOF,0.04245346097608609,0.13961034070103817,0.8179361983228757
26035,LOF,0.026372190501451644,0.1317973885026849,0.8418304209958636
26036,LOF,0.037976166642131694,0.15264891762616015,0.8093749157317082
26037,LOF,0.021812429176317934,0.11223186201407778,0.8659557088096044
26038,LOF,0.06088951807675304,0.05369567953256584,0.885414802390681
26039,LOF,0.05132730896812746,0.13102819170568944,0.817644499326183
26040,LOF,0.2042009296922472,0.10179639306972192,0.6940026772380309
26041,LOF,0.022416374912658354,0.10032324845056957,0.8772603766367721
26042,LOF,0.021196795150826887,0.09516852817083005,0.883634676678343
26043,LOF,0.061794423273656654,0.0627393668296789,0.8754662098966643
26044,LOF,0.02060567367521964,0.04420162170609029,0.9351927046186902
26045,LOF,0.07253709589103233,0.08540468907087764,0.84205821503809
26046,LOF,0.057524400976361224,0.05128770760596603,0.8911878914176727
26047,LOF,0.07526414518563915,0.05325172695297301,0.8714841278613877
26048,LOF,0.04749631498135662,0.028896938196294297,0.9236067468223491
26049,Neutral,0.9672394189869267,0.005499185791337618,0.027261395221735738
26050,Neutral,0.9505494266070128,0.006973173155786524,0.04247740023720076
26051,LOF,0.04537642217287905,0.26572835496404257,0.6888952228630784
26052,LOF,0.062121302471160794,0.31705727129461475,0.6208214262342244
26053,LOF,0.05886193089642866,0.14476181645407132,0.7963762526495
26054,LOF,0.05350261145009947,0.017007098033756718,0.9294902905161438
26055,LOF,0.07488744351176137,0.014064128846635349,0.9110484276416032
26056,LOF,0.06340259303211043,0.015990617333957364,0.9206067896339323
26057,LOF,0.030143131240359982,0.012426054289068728,0.9574308144705713
26058,LOF,0.030940271984926285,0.009919155702797576,0.959140572312276
26059,LOF,0.28543381605173224,0.02071146910163636,0.6938547148466315
26060,LOF,0.04041273424813647,0.17717404435739006,0.7824132213944734
26061,LOF,0.017790880828885806,0.011927036620091576,0.9702820825510226
26062,LOF,0.009719158063978894,0.018164515814366625,0.9721163261216546
26063,LOF,0.018905492204902667,0.01036930621637471,0.9707252015787227
26064,LOF,0.019718116683069345,0.023445198023632534,0.9568366852932981
26065,LOF,0.024003962015205115,0.011208503230457141,0.9647875347543379
26066,LOF,0.01896996533369937,0.010314744988984735,0.9707152896773158
26067,LOF,0.026490328514879237,0.008136759049627506,0.9653729124354933
26068,LOF,0.04322587197770744,0.026583000568274263,0.9301911274540183
26069,LOF,0.2579524972124683,0.017852342646951878,0.7241951601405797
26070,LOF,0.39312202635080395,0.014823116832653182,0.5920548568165428
26071,LOF,0.018698013342997477,0.010983148638485934,0.9703188380185166
26072,LOF,0.019063392377688775,0.01895926545824304,0.9619773421640683
26073,LOF,0.01845873966802753,0.011011620118800173,0.9705296402131723
26074,Neutral,0.9134234783392862,0.0051161524497278415,0.0814603692109859
26075,LOF,0.04400852587095232,0.012628662858717717,0.9433628112703301
26076,LOF,0.03465892757640922,0.00863355639762152,0.9567075160259693
26077,LOF,0.008734941063597259,0.01395994094454077,0.977305117991862
26078,LOF,0.013181458402144033,0.011661925817188109,0.9751566157806679
26079,LOF,0.0594566557827062,0.014879348405977048,0.9256639958113168
26080,LOF,0.05817246771539754,0.014894731668578527,0.9269328006160239
26081,LOF,0.03280243179840263,0.00686267076374044,0.9603348974378568
26082,LOF,0.011990684528710563,0.014470943048536772,0.9735383724227528
26083,LOF,0.17394382747828344,0.014386345978106348,0.8116698265436102
26084,LOF,0.041792334386060066,0.011760321443302746,0.9464473441706371
26085,LOF,0.03762924062951274,0.011263381792185615,0.9511073775783017
26086,LOF,0.019452056200685172,0.011331947715044923,0.9692159960842699
26087,LOF,0.0228892442592097,0.00870481093840774,0.9684059448023824
26088,LOF,0.016585157151333626,0.02591858381723124,0.9574962590314351
26089,LOF,0.04102390839788901,0.020225340513697107,0.9387507510884139
26090,LOF,0.040437971079727,0.01640926490051032,0.9431527640197628
26091,LOF,0.03027095964372527,0.006227960868900853,0.9635010794873738
26092,LOF,0.020823574685410337,0.007790101163025859,0.9713863241515639
26093,LOF,0.03156535002408104,0.0058083864599551786,0.9626262635159638
26094,LOF,0.031798181490577004,0.0055733679792919376,0.9626284505301311
26095,LOF,0.03953208154312696,0.013075332533768254,0.9473925859231048
26096,LOF,0.015830976933216657,0.011294467899605478,0.9728745551671778
26097,LOF,0.010867593213497206,0.03876046413169278,0.9503719426548101
26098,LOF,0.07920283605366439,0.01075047916689266,0.9100466847794431
26099,LOF,0.018948589945931894,0.01175700048413814,0.9692944095699301
26100,LOF,0.02096389997120138,0.011349556111549976,0.9676865439172486
26101,LOF,0.0429695173562727,0.01680478287459224,0.9402256997691352
26102,LOF,0.018757877671492743,0.01169780248673517,0.9695443198417721
26103,Neutral,0.8809513464789717,0.01809102868835833,0.10095762483267018
26104,LOF,0.08313150419936767,0.022511391675712422,0.8943571041249199
26105,LOF,0.20072392925717186,0.26477363169120427,0.5345024390516239
26106,LOF,0.17257441370253082,0.11620406621838175,0.7112215200790875
26107,LOF,0.23532340833450568,0.07975002905725469,0.6849265626082397
26108,LOF,0.19895755891066338,0.0892881068553464,0.7117543342339901
26109,LOF,0.08411079342836097,0.05938054548143896,0.8565086610902
26110,LOF,0.21847078400756464,0.006076935969086096,0.7754522800233492
26111,Neutral,0.5090354863234474,0.028117767581579602,0.462846746094973
26112,LOF,0.032385640270308755,0.006949688816573799,0.9606646709131174
26113,LOF,0.06306391363057806,0.015231709436210574,0.9217043769332114
26114,LOF,0.02688209360909779,0.03035132667230139,0.9427665797186009
26115,LOF,0.08764734672947411,0.04855016617494081,0.8638024870955852
26116,LOF,0.06287702236721888,0.060722017919722836,0.8764009597130583
26117,LOF,0.4591030752624854,0.0414149390660311,0.49948198567148355
26118,LOF,0.03417575908187023,0.02424356748991182,0.9415806734282179
26119,LOF,0.024368651577990452,0.03969935655964744,0.9359319918623621
26120,LOF,0.025636768514312756,0.01859819155099484,0.9557650399346925
26121,LOF,0.04021979658381326,0.08480276244124989,0.8749774409749368
