feature0,prediction,LoGoFunc_Neutral,LoGoFunc_GOF,LoGoFunc_LOF
25546,Neutral,0.5960554056252788,0.15830626016006286,0.24563833421465844
25547,Neutral,0.44679418760421796,0.2438337736093309,0.30937203878645114
25548,LOF,0.3700605323869923,0.25224449620076356,0.377694971412244
25549,LOF,0.3330951886356092,0.2539714746041863,0.4129333367602045
25550,LOF,0.3334094981787538,0.24340595049274108,0.4231845513285051
25551,LOF,0.243716346578477,0.25041949619233844,0.5058641572291845
25552,LOF,0.2075811938508827,0.2959925942762015,0.4964262118729159
25553,Neutral,0.7537209021108822,0.11983883491548138,0.12644026297363645
25554,LOF,0.23527732752436076,0.247784762228332,0.5169379102473072
25555,LOF,0.18532673551202627,0.24203823665506313,0.5726350278329105
25556,LOF,0.342409499768745,0.23962115600288122,0.4179693442283737
25557,LOF,0.19850399115000464,0.2384873666052981,0.5630086422446973
25558,LOF,0.2476632284539662,0.2581221084173082,0.49421466312872553
25559,LOF,0.24626475790494715,0.05714312006821466,0.6965921220268383
25560,LOF,0.07396991278192762,0.16572293498254023,0.7603071522355321
25561,LOF,0.05534803007701971,0.28947388291415516,0.6551780870088251
25562,LOF,0.04172756399934581,0.10421032218717412,0.8540621138134801
25563,LOF,0.007748174853550027,0.22775538340622967,0.7644964417402202
25564,LOF,0.0648669223410897,0.05859230186609672,0.8765407757928136
25565,LOF,0.18474390212399516,0.12281715142546583,0.6924389464505389
25566,GOF,0.07054455132881725,0.6266336131142304,0.3028218355569523
25567,LOF,0.039575995803958715,0.07680152163819902,0.8836224825578423
25568,LOF,0.0713009452683609,0.05834455331766129,0.8703545014139777
25569,LOF,0.0740743992768273,0.0544762884645352,0.8714493122586375
25570,LOF,0.02522734648634886,0.08116438192981106,0.89360827158384
25571,LOF,0.02495994260616465,0.07649130130018741,0.8985487560936478
25572,LOF,0.042302123817919625,0.06906920170417809,0.8886286744779022
25573,LOF,0.077755779695176,0.10019384888623546,0.8220503714185885
25574,LOF,0.10698242775059277,0.2184132764383946,0.6746042958110126
25575,LOF,0.025024424887118053,0.08261159398140223,0.8923639811314796
25576,LOF,0.01838961465471934,0.11232379197423374,0.8692865933710469
25577,LOF,0.023072376809124315,0.07720044249612631,0.8997271806947493
25578,LOF,0.3060964550490104,0.07886230872360893,0.6150412362273806
25579,LOF,0.3041668590760037,0.07696983867990649,0.6188633022440898
25580,LOF,0.028708345526672466,0.0710061060586159,0.9002855484147118
25581,LOF,0.04207191201384713,0.08625491078670924,0.8716731771994436
25582,LOF,0.04207191201384713,0.08625491078670924,0.8716731771994436
25583,LOF,0.03014155809062267,0.07468892359823952,0.8951695183111378
25584,Neutral,0.7946943120549608,0.04495347028928797,0.16035221765575128
25585,LOF,0.025456692336336857,0.062254857717787666,0.9122884499458755
25586,LOF,0.025392010275545975,0.07656951423400923,0.8980384754904449
25587,LOF,0.026039406957916924,0.08238723837599524,0.8915733546660878
25588,LOF,0.031064210502437774,0.058823070272217254,0.910112719225345
25589,Neutral,0.6421541695273513,0.16149906232517836,0.1963467681474703
25590,LOF,0.06597055594202336,0.07829852990275997,0.8557309141552166
25591,LOF,0.14146659201819645,0.04327061799129259,0.8152627899905109
25592,LOF,0.10072601856304746,0.144020977290052,0.7552530041469006
25593,LOF,0.12730524361360518,0.3503435844277806,0.5223511719586142
25594,LOF,0.039838465840534604,0.06104988911840982,0.8991116450410557
25595,LOF,0.04868718088023724,0.040832281478859346,0.9104805376409034
25596,LOF,0.1301406590597259,0.018432332551794817,0.8514270083884793
25597,LOF,0.09435955002875791,0.007160251405749909,0.8984801985654922
25598,LOF,0.05430979470309925,0.04066947824708875,0.905020727049812
25599,GOF,0.028342424853775788,0.5217532242005284,0.44990435094569575
25600,GOF,0.20687484778719342,0.4255964471324626,0.3675287050803441
25601,LOF,0.05936312665482635,0.3064062317938862,0.6342306415512874
25602,LOF,0.048701417042668345,0.06334746125031372,0.887951121707018
25603,LOF,0.07460422406422793,0.045989464982245376,0.8794063109535267
25604,LOF,0.07335053304395904,0.1400346134267167,0.7866148535293241
25605,LOF,0.11244183055050397,0.16772287570089853,0.7198352937485974
25606,Neutral,0.620087175724907,0.17090577882132943,0.20900704545376367
25607,LOF,0.051628350342781196,0.15808594608464452,0.7902857035725742
25608,LOF,0.055827689136600224,0.10027381731249137,0.8438984935509084
25609,GOF,0.16024698519567382,0.5639827815421219,0.27577023326220435
25610,LOF,0.014257887422396497,0.11640473795243149,0.869337374625172
25611,LOF,0.013761542232891121,0.11296033829424036,0.8732781194728685
25612,LOF,0.058309991910277574,0.10581990841739057,0.8358700996723318
25613,LOF,0.04557410885004078,0.11657184825443816,0.8378540428955211
25614,LOF,0.02166597866746837,0.11951587098808931,0.8588181503444424
25615,LOF,0.04184608842987402,0.13139552977487123,0.8267583817952547
25616,LOF,0.05057324931596596,0.10816292515980759,0.8412638255242265
25617,LOF,0.050626296101970655,0.11490242405042268,0.8344712798476067
25618,LOF,0.04823584761034953,0.44589691918307567,0.5058672332065748
25619,LOF,0.012094222553125512,0.246491581956394,0.7414141954904805
25620,LOF,0.045832012897608625,0.11309740526967046,0.8410705818327209
25621,LOF,0.08393411542664607,0.11547254865182968,0.8005933359215244
25622,LOF,0.07538816010498547,0.1053244750898099,0.8192873648052046
25623,LOF,0.06261051052531821,0.08231747764768048,0.8550720118270014
25624,LOF,0.021358258209555683,0.1467660428210514,0.8318756989693928
25625,LOF,0.054515238659618576,0.08351601896635961,0.8619687423740217
25626,LOF,0.0347068356238116,0.0834126492183258,0.8818805151578626
25627,Neutral,0.8573929128537042,0.04813447587221188,0.09447261127408393
25628,LOF,0.17499508004291223,0.10786063444762875,0.7171442855094591
25629,LOF,0.05435905477212661,0.0834045574211548,0.8622363878067185
25630,LOF,0.22833071451137754,0.08843241378415474,0.6832368717044678
25631,LOF,0.4496822219794211,0.07118924718069092,0.4791285308398878
25632,LOF,0.022698312921513548,0.03418146528382119,0.9431202217946651
25633,LOF,0.2897849352548924,0.018266366452637347,0.6919486982924702
25634,LOF,0.05567068538298077,0.029527932575083096,0.9148013820419361
25635,LOF,0.03706715376016821,0.01809483644047262,0.9448380097993592
25636,GOF,0.028267683015780254,0.6870396414155037,0.28469267556871597
25637,GOF,0.029651524779580104,0.5488031168667012,0.4215453583537187
25638,GOF,0.016606498036757813,0.6643083843521487,0.3190851176110934
25639,LOF,0.0201466492941363,0.46117765020527135,0.5186757005005924
25640,Neutral,0.8851318467937941,0.07493388514127854,0.039934268064927336
25641,LOF,0.12047332274138772,0.27969807283165626,0.5998286044269561
25642,LOF,0.13295956289088431,0.16863173092639513,0.6984087061827206
25643,LOF,0.3367437203138178,0.21728959252090774,0.44596668716527443
25644,GOF,0.007820244572047575,0.5298669411641527,0.4623128142637998
25645,LOF,0.010200932960904767,0.4523073468091036,0.5374917202299917
25646,LOF,0.014150769510703487,0.29167910189956414,0.6941701285897325
25647,LOF,0.00985308863786643,0.20291812135839923,0.7872287900037345
25648,LOF,0.012921386295113083,0.2632836145996085,0.7237949991052784
25649,LOF,0.007811455022857038,0.15679409560491153,0.8353944493722314
25650,LOF,0.025838331165769668,0.41735507632532565,0.5568065925089046
25651,LOF,0.008704363688134048,0.23237456255658492,0.7589210737552811
25652,LOF,0.006534247519852737,0.39735530015089393,0.5961104523292534
25653,LOF,0.020058383017419846,0.44509611597981086,0.5348455010027693
25654,LOF,0.007361071092299834,0.34227819348161254,0.6503607354260877
25655,GOF,0.06487311423900093,0.6301877511527013,0.3049391346082978
25656,LOF,0.20801044466256802,0.3401097220136104,0.45187983332382153
25657,LOF,0.02757840122245511,0.3725408516682881,0.5998807471092569
25658,LOF,0.15343169548176888,0.3897858397367068,0.45678246478152423
25659,GOF,0.21964360986520012,0.5098236970162537,0.27053269311854605
25660,LOF,0.015593044483188876,0.31391330815893975,0.6704936473578713
25661,LOF,0.048243376614843646,0.21934208734194943,0.7324145360432068
25662,LOF,0.021625870915284107,0.11835030918579031,0.8600238198989256
25663,LOF,0.02026034634527206,0.09888270377043237,0.8808569498842955
25664,LOF,0.05805776731152386,0.1728218926806235,0.7691203400078526
25665,LOF,0.03261459190466784,0.11827101354539492,0.8491143945499372
25666,LOF,0.053764277964991294,0.1612494685675194,0.7849862534674893
25667,LOF,0.05011499277087567,0.15649487535638734,0.7933901318727369
25668,LOF,0.018630439945828685,0.16686456169930636,0.814504998354865
25669,LOF,0.01773097825428979,0.17216066437642205,0.8101083573692882
25670,LOF,0.08839701020538979,0.1288613514495585,0.7827416383450517
25671,LOF,0.07718960353220349,0.09343510068344356,0.829375295784353
25672,LOF,0.027515288657629366,0.1893508392351362,0.7831338721072345
25673,LOF,0.06763496375966621,0.1317125926903865,0.8006524435499474
25674,LOF,0.056188607395834055,0.16961352377000868,0.7741978688341572
25675,LOF,0.04563345992490903,0.1841314898746385,0.7702350502004526
25676,LOF,0.015897561779500885,0.14681273442225348,0.8372897037982456
25677,LOF,0.014602955636374076,0.22010649222199247,0.7652905521416336
25678,LOF,0.1512995565726274,0.16881992575025542,0.6798805176771173
25679,LOF,0.09630363856940095,0.14795421360211194,0.755742147828487
25680,LOF,0.015210865381226027,0.28781494247731176,0.6969741921414622
25681,LOF,0.02419690575980209,0.26310549270552663,0.7126976015346713
25682,LOF,0.05781634845487774,0.14966616691705212,0.79251748462807
25683,LOF,0.06550926475201227,0.12218106435224711,0.8123096708957406
25684,LOF,0.020952176893898243,0.1627348298585759,0.8163129932475259
25685,LOF,0.09143605430993566,0.21538425885723367,0.6931796868328307
25686,LOF,0.0438250536234268,0.3224628087982163,0.6337121375783569
25687,LOF,0.0706620800614887,0.3526946126231131,0.5766433073153981
25688,LOF,0.42036141330602056,0.04100151147301291,0.5386370752209665
25689,LOF,0.23513492141630576,0.03882113817846,0.7260439404052342
25690,LOF,0.3383627433538287,0.035917982608401545,0.6257192740377698
25691,Neutral,0.7256848037232345,0.04259909643903612,0.23171609983772948
25692,LOF,0.35491063101322495,0.013567649194780937,0.6315217197919941
25693,GOF,0.07936825859946561,0.504728270227435,0.4159034711730992
25694,LOF,0.10416972370275117,0.024929905874834117,0.8709003704224147
25695,LOF,0.09535051104836233,0.015215246675820715,0.8894342422758169
25696,LOF,0.09919625391033178,0.030606735588648275,0.8701970105010199
25697,LOF,0.05297213969529212,0.25532106234817287,0.691706797956535
25698,LOF,0.30736913733503973,0.18866570367041122,0.5039651589945491
25699,LOF,0.3343225871907217,0.2537216667843938,0.41195574602488444
25700,LOF,0.07288558294234167,0.0384311880793651,0.8886832289782932
25701,LOF,0.1718645739532714,0.1554154404169954,0.6727199856297332
25702,GOF,0.11566358718806283,0.7836151962764979,0.10072121653543936
25703,LOF,0.012152212486444778,0.35967163695902415,0.6281761505545311
25704,LOF,0.01720065414014483,0.28642448308352114,0.6963748627763341
25705,LOF,0.025432267832086988,0.16869325044340913,0.8058744817245038
25706,GOF,0.13587610206623885,0.43670899758596365,0.42741490034779744
25707,LOF,0.0978791143639561,0.4351791363958405,0.46694174924020326
25708,GOF,0.04308293751814239,0.5295860854094145,0.42733097707244305
25709,LOF,0.06773566624919575,0.10523737134731201,0.8270269624034923
25710,LOF,0.015360100161000225,0.1743790445598162,0.8102608552791836
25711,LOF,0.019416871453028568,0.14761685218266793,0.8329662763643035
25712,LOF,0.01439242070242182,0.19386584191549547,0.7917417373820826
25713,LOF,0.02132786230851229,0.1499723997882024,0.8286997379032854
25714,LOF,0.070687796495559,0.1668162005881507,0.7624960029162903
25715,LOF,0.014227604147011063,0.2151482318961645,0.7706241639568245
25716,LOF,0.012375612972961123,0.1393971653153375,0.8482272217117013
25717,LOF,0.016363893533378613,0.08435483888050069,0.8992812675861208
25718,LOF,0.013990386943306541,0.10703425973528305,0.8789753533214104
25719,LOF,0.021151609282389683,0.16620725440021908,0.8126411363173912
25720,LOF,0.02658772997483453,0.09062571162907194,0.8827865583960935
25721,LOF,0.013540151448315406,0.18594392183328215,0.8005159267184025
25722,LOF,0.015067543117923927,0.18187616182905592,0.8030562950530201
25723,LOF,0.024431206225137635,0.13493775911692657,0.8406310346579359
25724,LOF,0.050890823052104274,0.30924559533707663,0.6398635816108191
25725,LOF,0.013609607343915434,0.1806516567969755,0.8057387358591092
25726,LOF,0.014415764380710775,0.18591223084581118,0.7996720047734781
25727,LOF,0.017057251066750396,0.17110677235894048,0.8118359765743091
25728,LOF,0.013498096435277994,0.20622687072137433,0.7802750328433476
25729,LOF,0.014171443079254277,0.21151642793669456,0.7743121289840512
25730,LOF,0.015023019964777463,0.20849145827615023,0.7764855217590723
25731,LOF,0.011651588007347889,0.1261991665672687,0.8621492454253835
25732,LOF,0.014660607592459617,0.08876102803835209,0.8965783643691883
25733,LOF,0.013690464895700059,0.10381784234227427,0.8824916927620257
25734,LOF,0.013968436068810104,0.15954515613607753,0.8264864077951123
25735,LOF,0.01399333136863983,0.11299491069388742,0.8730117579374728
25736,LOF,0.013151193405745169,0.1252757646138838,0.8615730419803711
25737,LOF,0.014784761483493844,0.16286729123350038,0.8223479472830059
25738,LOF,0.015409191700905319,0.18746241802468472,0.7971283902744101
25739,LOF,0.020768891907505162,0.1468528759701183,0.8323782321223765
25740,LOF,0.037086744008568956,0.18712280508869525,0.7757904509027358
25741,LOF,0.018637886835238475,0.20705871635207743,0.7743033968126841
25742,LOF,0.09780496336374708,0.12714107475838402,0.7750539618778688
25743,LOF,0.023081961366517124,0.055065278298062195,0.9218527603354206
25744,Neutral,0.5661398352588382,0.22950417509429646,0.20435598964686535
25745,LOF,0.045850480769356106,0.14228539447369812,0.8118641247569457
25746,LOF,0.025040008687426705,0.19921717162529443,0.7757428196872789
25747,LOF,0.015217612184737793,0.1263957947456789,0.8583865930695832
25748,LOF,0.07962593325043651,0.2121892497916035,0.70818481695796
25749,LOF,0.014997767539983707,0.22465696693151324,0.760345265528503
25750,LOF,0.0327200082632097,0.18876862091904353,0.7785113708177468
25751,LOF,0.0997334160004177,0.2073786567002761,0.692887927299306
25752,GOF,0.07850092840034394,0.7289610190571624,0.19253805254249373
25753,LOF,0.017498364015323255,0.4309756890386169,0.5515259469460598
25754,GOF,0.0173674718497566,0.7399142541488123,0.2427182740014311
25755,LOF,0.023638013473283575,0.3708675151171045,0.6054944714096119
25756,GOF,0.030042927506602837,0.5642247434831822,0.40573232901021494
25757,GOF,0.015328747163764074,0.8465574068786775,0.13811384595755827
25758,GOF,0.02591255744255167,0.8252061483911599,0.14888129416628837
25759,GOF,0.015881273585380738,0.7029840882873135,0.2811346381273058
25760,LOF,0.016268291997019933,0.43421047000756646,0.5495212379954136
25761,GOF,0.20508398692877458,0.730040872554756,0.06487514051646937
25762,LOF,0.03624435980208586,0.46462741717350087,0.49912822302441334
25763,LOF,0.010822104462694004,0.32376055081961147,0.6654173447176946
25764,GOF,0.0684679100496334,0.7946832193810304,0.13684887056933617
25765,GOF,0.028283524752119486,0.8101034115296106,0.16161306371826992
25766,GOF,0.07048292739425686,0.8319261635890286,0.09759090901671451
25767,GOF,0.08092699200075007,0.7473154379358553,0.17175757006339448
25768,LOF,0.0776437609298932,0.1136360209525717,0.8087202181175351
25769,LOF,0.051555280309495896,0.069131589972049,0.8793131297184551
25770,LOF,0.41730883039559485,0.07090317373683237,0.5117879958675728
25771,LOF,0.05782150115020793,0.037988072473163936,0.9041904263766282
25772,LOF,0.017550705580071334,0.052117061453548566,0.93033223296638
25773,LOF,0.060101918714530404,0.03302321756901542,0.9068748637164542
25774,LOF,0.0309369508719073,0.0975764146053909,0.8714866345227018
25775,LOF,0.07687385192637809,0.026779249610452138,0.8963468984631697
25776,LOF,0.06486209331057723,0.03069794430422625,0.9044399623851964
25777,LOF,0.40942544710148443,0.032693279906729954,0.5578812729917856
25778,LOF,0.054457812603193274,0.053991693116207475,0.8915504942805992
25779,Neutral,0.5167391366799489,0.34345027382908777,0.1398105894909634
25780,Neutral,0.4697198794061054,0.31720810589170023,0.21307201470219442
25781,GOF,0.19213540649706087,0.5296645661911781,0.278200027311761
25782,GOF,0.30040248627631083,0.44191488392142847,0.25768262980226064
25783,GOF,0.028498625951629632,0.5763992034769455,0.395102170571425
25784,Neutral,0.7003643108211166,0.1795122833182222,0.12012340586066104
25785,Neutral,0.6926685969837215,0.11393106418553488,0.1934003388307437
25786,GOF,0.028217765611017707,0.5329893902240109,0.43879284416497144
25787,Neutral,0.8262300405407729,0.05816079989919919,0.11560915956002797
25788,LOF,0.06988310248003056,0.027136396813717625,0.9029805007062518
25789,GOF,0.30906936330518175,0.36158634078331486,0.32934429591150327
25790,GOF,0.2956159190089115,0.36070639030981366,0.34367769068127496
25791,LOF,0.2156739473258703,0.28504759109257816,0.4992784615815516
25792,Neutral,0.44036309237076393,0.16830743562928888,0.3913294719999472
25793,LOF,0.2847186573828009,0.21453559520789306,0.500745747409306
25794,Neutral,0.3947950683289371,0.2644590300673256,0.3407459016037373
25795,LOF,0.08821503094785997,0.44782103703896176,0.46396393201317826
25796,Neutral,0.6303387017790526,0.15721081790564384,0.21245048031530353
25797,LOF,0.10612666721635988,0.2831109103056046,0.6107624224780355
25798,LOF,0.015084417144131479,0.33086888992395364,0.6540466929319149
25799,LOF,0.013836415643730116,0.3169499231981021,0.6692136611581677
25800,LOF,0.04884651305075681,0.3962343450715278,0.5549191418777154
25801,GOF,0.30585199838178373,0.39336611759173984,0.3007818840264764
25802,LOF,0.06921368287539977,0.43573754281369337,0.4950487743109069
25803,LOF,0.055841545857941724,0.39736674574291664,0.5467917083991416
25804,LOF,0.04546930713679381,0.39188116328583866,0.5626495295773676
25805,LOF,0.12729844288684106,0.3984617517244254,0.4742398053887335
25806,LOF,0.140576460957449,0.3858000816748584,0.4736234573676925
25807,LOF,0.022230693899229874,0.4068698469382652,0.5708994591625048
25808,LOF,0.12009004210146296,0.33885848001190866,0.5410514778866283
25809,LOF,0.023307769431892174,0.34312873169492003,0.6335634988731877
25810,LOF,0.029480057606667096,0.3512605373896953,0.6192594050036375
25811,Neutral,0.6521709596216587,0.1879384454131617,0.15989059496517946
25812,LOF,0.04373231430234699,0.32911818584716884,0.6271494998504842
25813,Neutral,0.6565466086382672,0.08034516713328473,0.26310822422844815
25814,LOF,0.17975110925752608,0.31982005141594955,0.5004288393265244
25815,LOF,0.35322652530219173,0.2676332316963307,0.37914024300147764
25816,LOF,0.018725105099127483,0.3605484790540093,0.6207264158468633
25817,LOF,0.2776506971219018,0.3566208912388538,0.3657284116392444
25818,LOF,0.04728661540838617,0.31333579338834333,0.6393775912032705
25819,Neutral,0.4624787171216023,0.2335771329146272,0.3039441499637705
25820,LOF,0.26658767591596144,0.33107180721912854,0.4023405168649101
25821,LOF,0.08677904778480157,0.4148430073359367,0.4983779448792618
25822,LOF,0.3057297666146784,0.2875163779480543,0.4067538554372674
25823,LOF,0.052294671062513634,0.4067901514229661,0.5409151775145202
25824,LOF,0.11733127311384019,0.28181549109312987,0.60085323579303
25825,LOF,0.048576486108726134,0.31128144135265257,0.6401420725386214
25826,LOF,0.016377382427718048,0.34153216444755824,0.6420904531247237
25827,LOF,0.027632391095195736,0.4059422192856389,0.5664253896191653
25828,LOF,0.0195320231025927,0.3467155876326134,0.6337523892647938
25829,LOF,0.010405812469285548,0.3850089086374765,0.604585278893238
25830,LOF,0.04260955708494173,0.055552207401389726,0.9018382355136685
25831,GOF,0.23113997228552546,0.45613287998295,0.3127271477315245
25832,GOF,0.03756657997115226,0.48386243746821267,0.47857098256063507
25833,GOF,0.13475728222982808,0.46818527189215886,0.397057445878013
25834,GOF,0.048228418024941246,0.48593712460315686,0.4658344573719018
25835,LOF,0.13440923144582032,0.4034645028825443,0.4621262656716354
25836,LOF,0.06161988819576244,0.46478978102097257,0.4735903307832649
25837,LOF,0.03138939574537495,0.39096021291676114,0.5776503913378639
25838,GOF,0.11895240597780375,0.48584075820846095,0.3952068358137352
25839,Neutral,0.4231366577933578,0.25549994506868495,0.32136339713795725
25840,LOF,0.32000635254389875,0.32543158770180125,0.3545620597543001
25841,LOF,0.35116826472477836,0.29611135228451047,0.3527203829907112
25842,LOF,0.2588747011488304,0.32612397964531625,0.4150013192058534
25843,GOF,0.2895397855239144,0.4022185813157765,0.3082416331603092
25844,LOF,0.09170868782149409,0.3401694759901377,0.5681218361883683
25845,LOF,0.020828869263208136,0.4222431442805094,0.5569279864562824
25846,LOF,0.1487194123678657,0.40064143623114723,0.4506391514009871
25847,GOF,0.16349331759870075,0.47255418858652554,0.36395249381477374
25848,LOF,0.04711039168947552,0.3854118581909777,0.5674777501195468
25849,LOF,0.013792416765330513,0.38651154166785423,0.5996960415668153
25850,LOF,0.028358446248846127,0.4336205905033906,0.5380209632477634
25851,LOF,0.022208390278791495,0.4175057586849712,0.5602858510362373
25852,LOF,0.15520327867415093,0.3192052362939192,0.5255914850319298
25853,Neutral,0.39546853857694764,0.329877072071177,0.27465438935187536
25854,LOF,0.029608027709647777,0.4815966104693141,0.488795361821038
25855,LOF,0.05313772725877678,0.33389681268297067,0.6129654600582525
25856,LOF,0.24695321770912657,0.347527782449344,0.4055189998415295
25857,LOF,0.0454602055265333,0.3572717356356615,0.5972680588378052
25858,LOF,0.026272150320333344,0.4862557983734671,0.48747205130619936
25859,GOF,0.012443560737449342,0.4984472982767243,0.4891091409858264
25860,Neutral,0.4030801589132613,0.29168356779382293,0.3052362732929157
25861,GOF,0.3869216819913667,0.4048876845165391,0.2081906334920943
25862,GOF,0.08058702979544972,0.5233976589266155,0.3960153112779348
25863,GOF,0.07735370310795783,0.5647979584216369,0.35784833847040526
25864,GOF,0.1953299465453109,0.5222901447650732,0.2823799086896158
25865,GOF,0.09125475556335637,0.613857363016864,0.29488788141977956
25866,GOF,0.07355899052848568,0.6254077271450688,0.30103328232644544
25867,GOF,0.10325476819303271,0.656700660624406,0.24004457118256128
25868,GOF,0.21537383422548842,0.43512807397778974,0.3494980917967219
25869,Neutral,0.7702584898106658,0.12651833346488411,0.10322317672445014
25870,LOF,0.28723708651149465,0.03042600080910727,0.6823369126793981
25871,LOF,0.18724855250545178,0.3726284207882109,0.44012302670633724
25872,LOF,0.10584436815028174,0.27805654731798196,0.6160990845317362
25873,LOF,0.19177278096250394,0.2550772282660788,0.5531499907714172
25874,LOF,0.029121059596174628,0.03158437153833885,0.9392945688654866
25875,LOF,0.03506306378726488,0.27383843019621523,0.6910985060165199
25876,LOF,0.02351516635022933,0.09538507617079163,0.8810997574789791
25877,LOF,0.332556535144104,0.22736816929655315,0.4400752955593428
25878,LOF,0.10890441636384089,0.37369452105159656,0.5174010625845625
25879,LOF,0.04870902324871793,0.3682515856099253,0.5830393911413567
25880,LOF,0.021382801608364557,0.039621833102721486,0.9389953652889139
25881,LOF,0.3984591920855622,0.13192748389665154,0.4696133240177863
25882,LOF,0.09151376240985554,0.020719241570377415,0.887766996019767
25883,LOF,0.09651593548628636,0.02738009775833736,0.8761039667553764
25884,LOF,0.059685098213434144,0.04453930509019659,0.8957755966963693
25885,LOF,0.0850239054473449,0.026100628006852106,0.8888754665458031
25886,LOF,0.25065879633684357,0.06294064485014597,0.6864005588130105
25887,LOF,0.3609666020329552,0.10033292835089014,0.5387004696161546
25888,LOF,0.15607997324504855,0.044630045590879526,0.7992899811640719
25889,LOF,0.06361346844031086,0.0384876449969948,0.8978988865626943
25890,LOF,0.06536863661718861,0.09602134353254606,0.8386100198502653
25891,LOF,0.06562409008986936,0.05432213400630702,0.8800537759038235
25892,LOF,0.10410968090405234,0.04409781607590888,0.8517925030200387
25893,LOF,0.3226209673389997,0.03742591448894004,0.6399531181720602
25894,LOF,0.17295698865569556,0.0174025662249805,0.809640445119324
25895,LOF,0.22887219798160188,0.016074070539233924,0.7550537314791642
25896,LOF,0.041327196915392474,0.02634218676763883,0.9323306163169688
25897,LOF,0.22795620814018674,0.03974326044086489,0.7323005314189485
25898,Neutral,0.7595666786647818,0.02620165507183502,0.21423166626338316
25899,LOF,0.20435181555840104,0.12973256490655732,0.6659156195350417
25900,Neutral,0.8350010850826048,0.02820845665356875,0.1367904582638265
25901,LOF,0.05490529348430921,0.02633105845136509,0.9187636480643258
25902,LOF,0.18614968311724067,0.02182805305264753,0.7920222638301118
25903,Neutral,0.5336472365511914,0.07211580047621555,0.3942369629725931
25904,LOF,0.33092621742885414,0.07043632079494953,0.5986374617761964
25905,LOF,0.0376839252370722,0.4027359264277686,0.5595801483351592
25906,LOF,0.028637546521187374,0.06899927965666681,0.9023631738221458
25907,LOF,0.014077338626160158,0.3362707725551219,0.6496518888187179
25908,LOF,0.01816648222931102,0.19842345499443395,0.783410062776255
25909,LOF,0.021527312759960063,0.1952463593665351,0.7832263278735049
25910,LOF,0.03414597660982899,0.31252877294457304,0.653325250445598
25911,LOF,0.07760969815714033,0.030039380383351202,0.8923509214595085
25912,LOF,0.038471253464984714,0.08865128333139573,0.8728774632036196
25913,LOF,0.23138848454358385,0.021702784628331907,0.7469087308280843
25914,LOF,0.021633757621155405,0.19638907055682622,0.7819771718220183
25915,GOF,0.39352404654792206,0.41516070741871763,0.1913152460333603
25916,GOF,0.02458730350749485,0.6202537861540002,0.35515891033850505
25917,LOF,0.029718783203305586,0.10738149896832902,0.8628997178283654
25918,LOF,0.02633525187966989,0.10272423623810792,0.8709405118822222
25919,LOF,0.025890949194198747,0.09382025572652643,0.8802887950792748
25920,GOF,0.1895352372225978,0.477292185366341,0.33317257741106115
25921,LOF,0.03339954535740073,0.02705441611778792,0.9395460385248113
25922,LOF,0.044533877467210596,0.01671263761374467,0.9387534849190448
25923,LOF,0.371522896542358,0.02984416812926268,0.5986329353283794
25924,LOF,0.04373959989424221,0.021122135924424624,0.9351382641813332
25925,LOF,0.07993385905958876,0.03393440761085436,0.8861317333295569
25926,LOF,0.05489664644943717,0.023647129365019767,0.9214562241855431
25927,LOF,0.07167661887055542,0.12108218606103817,0.8072411950684065
25928,LOF,0.025015745615527326,0.01774249126483341,0.9572417631196392
25929,LOF,0.4669386888555381,0.02753173097331232,0.5055295801711497
25930,LOF,0.0945715340364571,0.017408907283698823,0.8880195586798441
25931,LOF,0.03626800408774849,0.013420589394759437,0.950311406517492
25932,LOF,0.03780874880139637,0.013335529696259004,0.9488557215023448
25933,LOF,0.04733836040899055,0.010736507598405274,0.9419251319926041
25934,LOF,0.032720913473167634,0.015848194098900627,0.9514308924279317
25935,LOF,0.08808048858701945,0.02608970061142045,0.88582981080156
25936,LOF,0.04805096584946313,0.012864728943701087,0.9390843052068357
25937,LOF,0.03635652529558221,0.026547558200017744,0.9370959165044
25938,LOF,0.08045494764976119,0.04735934392086602,0.8721857084293729
25939,LOF,0.0386390362634147,0.01476225245453276,0.9465987112820525
25940,GOF,0.022957736429796715,0.4889174701181335,0.48812479345206966
25941,LOF,0.2345569984919122,0.018989702877759834,0.7464532986303279
25942,LOF,0.024267219235424114,0.00818366756747397,0.9675491131971019
25943,LOF,0.4215481708065413,0.015815507871571658,0.562636321321887
25944,Neutral,0.5400080070866118,0.0090419888690716,0.45095000404431657
25945,LOF,0.09860619442858946,0.024755243059045532,0.8766385625123649
25946,LOF,0.030779163870013778,0.242223771004752,0.7269970651252342
25947,LOF,0.10661884945477315,0.2858983410612894,0.6074828094839374
25948,LOF,0.37439529008533257,0.005926112462442874,0.6196785974522245
25949,LOF,0.11251846736745694,0.012065259951812601,0.8754162726807305
25950,GOF,0.13171855081721676,0.6186991041471713,0.24958234503561183
25951,LOF,0.18738868028333736,0.28601542612559683,0.5265958935910658
25952,GOF,0.027680781646459766,0.6257266596987614,0.3465925586547789
25953,LOF,0.14759505955159533,0.39211694790924223,0.46028799253916236
25954,GOF,0.2694358614982515,0.5481933985991919,0.18237073990255653
25955,LOF,0.044360846020813145,0.2266787469464996,0.7289604070326873
25956,LOF,0.21851798350616328,0.047243907522651715,0.734238108971185
25957,LOF,0.04496993086871908,0.02743811592671224,0.9275919532045687
25958,LOF,0.07907757911137842,0.02644444690776616,0.8944779739808555
25959,LOF,0.1588552110661001,0.31873815769966163,0.5224066312342383
25960,LOF,0.0304437510077528,0.059837248919763296,0.9097190000724839
25961,LOF,0.08298905374603872,0.04389638463217836,0.873114561621783
25962,LOF,0.06810406511558613,0.03538884247554267,0.8965070924088713
25963,LOF,0.06574296539389995,0.165790234852388,0.768466799753712
25964,LOF,0.02860842448639795,0.3407404475582965,0.6306511279553055
25965,LOF,0.4531744498420667,0.05261655624202171,0.4942089939159117
25966,GOF,0.23486608595222408,0.41943118878193947,0.34570272526583645
25967,LOF,0.012387120440639915,0.21316238817949634,0.7744504913798637
25968,GOF,0.07485830044958103,0.500224414582251,0.42491728496816805
25969,LOF,0.014917780238114957,0.11497774149077322,0.8701044782711119
25970,LOF,0.05273705008171999,0.02982195411921043,0.9174409957990697
25971,LOF,0.08442499523154871,0.019069852802411313,0.8965051519660399
25972,LOF,0.07162680304886512,0.02288725825203307,0.9054859386991018
25973,LOF,0.09689787068094084,0.015677252977597405,0.8874248763414617
25974,LOF,0.3195452254904512,0.0337561629197676,0.646698611589781
25975,LOF,0.04621490788427232,0.04139274750955037,0.9123923446061774
25976,LOF,0.03953079391079217,0.04309651208650304,0.9173726940027048
25977,LOF,0.07903700929822796,0.18188566414935728,0.7390773265524148
25978,LOF,0.20087004776115788,0.10230959458457,0.6968203576542721
25979,LOF,0.16983487430003505,0.10478315483170811,0.7253819708682567
25980,LOF,0.19415720564568578,0.1810039973047361,0.6248387970495781
25981,LOF,0.19415720564568578,0.1810039973047361,0.6248387970495781
25982,LOF,0.38966229733352364,0.08134204456305502,0.5289956581034213
25983,LOF,0.37360511735522317,0.10261827840771655,0.5237766042370603
25984,LOF,0.029251846179780907,0.17392446070223483,0.7968236931179843
25985,LOF,0.020891698896601665,0.3559655511507424,0.623142749952656
25986,LOF,0.031025723327806707,0.3858127944931657,0.5831614821790277
25987,LOF,0.09299544794139772,0.09102993076794816,0.8159746212906541
25988,LOF,0.050708488135475197,0.1931282588924198,0.7561632529721051
25989,LOF,0.020017893012978072,0.20701765052715349,0.7729644564598684
25990,LOF,0.02806527029237328,0.16102714158117024,0.8109075881264565
25991,LOF,0.1299991960624626,0.23282254906428695,0.6371782548732505
25992,LOF,0.2864907906505377,0.23751378659451058,0.47599542275495177
25993,LOF,0.026056572159967588,0.07425527182730855,0.8996881560127238
25994,LOF,0.015339185002461715,0.09260845836651954,0.8920523566310187
25995,LOF,0.022431157020418337,0.09345043899744368,0.8841184039821379
25996,LOF,0.09446657409287341,0.34120350722068593,0.5643299186864406
25997,LOF,0.04593196167596248,0.41614296971872655,0.537925068605311
25998,LOF,0.41348180254825617,0.011013144167406525,0.5755050532843372
25999,LOF,0.14836034761638667,0.33355271114052837,0.518086941243085
26000,LOF,0.06139322656595125,0.04707665706175288,0.891530116372296
26001,LOF,0.12376761486026258,0.09249411100216982,0.7837382741375677
26002,LOF,0.0759525202922366,0.09007823825478019,0.8339692414529831
26003,GOF,0.009457467332805959,0.6595551131359737,0.3309874195312203
26004,GOF,0.02688928402829452,0.7003788949600656,0.27273182101164
26005,GOF,0.009943256760551631,0.5115712624943791,0.4784854807450692
26006,Neutral,0.5036348460762119,0.30135877523103355,0.1950063786927546
26007,GOF,0.01661585888369464,0.6019484691084225,0.38143567200788286
26008,GOF,0.011784235411655138,0.6479322054712725,0.34028355911707237
26009,GOF,0.02642782561351397,0.7288212974002938,0.24475087698619222
26010,GOF,0.011998549520477757,0.792048346577903,0.19595310390161927
26011,GOF,0.007591013032231308,0.511343031892827,0.48106595507494165
26012,GOF,0.014686831377268157,0.5883998952965647,0.3969132733261672
26013,GOF,0.010038585041163275,0.6810644674817667,0.30889694747707
26014,LOF,0.04258809299843522,0.10917370973124149,0.8482381972703232
26015,LOF,0.21585752844216838,0.0069837687544335395,0.777158702803398
26016,LOF,0.32931061687746127,0.02893026375933172,0.6417591193632071
26017,LOF,0.2857296711640267,0.04311448651237644,0.6711558423235968
26018,LOF,0.09135075314084798,0.017811331942084577,0.8908379149170674
26019,LOF,0.09242505848672448,0.01130800911182769,0.8962669324014478
26020,LOF,0.0983542851756607,0.04706835152553715,0.8545773632988021
26021,LOF,0.08421698610575523,0.05983004119274039,0.8559529727015044
26022,LOF,0.02036722034195874,0.028266419052331494,0.9513663606057097
26023,LOF,0.19478738285294864,0.013653509712928513,0.7915591074341228
26024,LOF,0.0347313119777167,0.06501887322221826,0.900249814800065
26025,LOF,0.28434899182755496,0.054155686130628794,0.6614953220418163
26026,Neutral,0.4981532271371282,0.012422799880103062,0.4894239729827688
26027,LOF,0.09537719633809452,0.010194223761503692,0.8944285799004017
26028,LOF,0.25475110456842126,0.05823522579983755,0.6870136696317412
26029,LOF,0.09820332389254165,0.21758203223409994,0.6842146438733584
26030,LOF,0.03357807060577304,0.0471769937999265,0.9192449355943004
26031,LOF,0.02450290495663107,0.20136500561323106,0.7741320894301379
26032,LOF,0.11575924359084504,0.049612203862203094,0.8346285525469518
26033,LOF,0.280991720015326,0.07782819070983363,0.6411800892748404
26034,LOF,0.05288764914727172,0.14479106742958717,0.8023212834231411
26035,LOF,0.0370853454404027,0.19689698492064284,0.7660176696389545
26036,LOF,0.057375777229487106,0.16706100931806106,0.7755632134524518
26037,LOF,0.028310597695129183,0.14453702600376472,0.827152376301106
26038,LOF,0.11536219248832548,0.047660407152060866,0.8369774003596138
26039,LOF,0.06498540708422583,0.17456431412583656,0.7604502787899377
26040,Neutral,0.476496701307181,0.11636320681811627,0.40714009187470285
26041,LOF,0.029474107630530117,0.14601567129365686,0.824510221075813
26042,LOF,0.028256195650675955,0.12418471654316483,0.8475590878061592
26043,LOF,0.11210489331149898,0.06111500540582193,0.826780101282679
26044,LOF,0.030917152490519115,0.056570866232557415,0.9125119812769235
26045,LOF,0.08154936882501453,0.14638194231022406,0.7720686888647614
26046,LOF,0.12464099276544074,0.06847918505869996,0.8068798221758593
26047,LOF,0.13363221459328845,0.06598669797670333,0.8003810874300082
26048,LOF,0.09078787857965616,0.05438661516465394,0.8548255062556899
26049,Neutral,0.9304955927321344,0.012825795968453,0.056678611299412485
26050,Neutral,0.9056889099133519,0.014053311638760535,0.08025777844788745
26051,GOF,0.03569564928174539,0.5876766729809113,0.37662767773734324
26052,GOF,0.02618184851122356,0.5634283504442749,0.4103898010445017
26053,LOF,0.05565849271847104,0.2990689069106045,0.6452726003709245
26054,LOF,0.05782421943409655,0.07421538787822214,0.8679603926876812
26055,LOF,0.05374658983314967,0.05427344077475852,0.8919799693920918
26056,LOF,0.04495918132883041,0.06106128668611995,0.8939795319850496
26057,LOF,0.02980204642872766,0.05998862947885814,0.9102093240924141
26058,LOF,0.0299493695971471,0.05055067959836785,0.9194999508044851
26059,Neutral,0.46755589951875554,0.09592229540576692,0.43652180507547755
26060,LOF,0.03199560232154596,0.3832836701611053,0.5847207275173488
26061,LOF,0.02342714030615473,0.08811788386914135,0.888454975824704
26062,LOF,0.016005576683823356,0.0686065273675732,0.9153878959486034
26063,LOF,0.026184698939231924,0.05804615095186931,0.9157691501088987
26064,LOF,0.025541325876704137,0.0796095311426699,0.8948491429806259
26065,LOF,0.029054856285906976,0.04372469152454088,0.9272204521895522
26066,LOF,0.02351691949013344,0.06592838701696721,0.9105546934928994
26067,LOF,0.02580205310524648,0.047635969276399175,0.9265619776183542
26068,LOF,0.051847834588923836,0.090026204899764,0.8581259605113122
26069,LOF,0.37849367722355876,0.05663662998264874,0.5648696927937925
26070,Neutral,0.5967517769864632,0.035867211633277316,0.3673810113802594
26071,LOF,0.025747340035135062,0.0648184372809113,0.9094342226839536
26072,LOF,0.02684869637305436,0.09611583378618846,0.8770354698407571
26073,LOF,0.029314800996218738,0.041868732064600296,0.928816466939181
26074,Neutral,0.966994580264814,0.01425358385352014,0.018751835881665773
26075,LOF,0.034159808415617256,0.060481107795924464,0.9053590837884583
26076,LOF,0.039672433502271016,0.04143406464371247,0.9188935018540164
26077,LOF,0.013029400041425197,0.09750389921851196,0.889466700740063
26078,LOF,0.017496257113100527,0.07411962179203159,0.9083841210948679
26079,LOF,0.053115848615463195,0.0706076403141531,0.8762765110703836
26080,LOF,0.053115848615463195,0.0706076403141531,0.8762765110703836
26081,LOF,0.03503281251167388,0.037508041004566575,0.9274591464837596
26082,LOF,0.025779300846865374,0.054121518495741414,0.9200991806573933
26083,LOF,0.07419272444018582,0.06579585197505769,0.8600114235847565
26084,LOF,0.024692278843918926,0.0622193806172487,0.9130883405388324
26085,LOF,0.024692278843918926,0.0622193806172487,0.9130883405388324
26086,LOF,0.025842206248403984,0.07348822624065339,0.9006695675109426
26087,LOF,0.027178087529093852,0.05804558356499721,0.9147763289059089
26088,LOF,0.02933183066723041,0.12534410010320624,0.8453240692295634
26089,LOF,0.04722672689010151,0.0543482057067808,0.8984250674031177
26090,LOF,0.04299007028425658,0.04768325703488189,0.9093266726808616
26091,LOF,0.044048086601403344,0.027607165649392033,0.9283447477492045
26092,LOF,0.02934913784098866,0.04871502833524135,0.9219358338237701
26093,LOF,0.0419854612911779,0.029926183842842433,0.9280883548659796
26094,LOF,0.04873685271895085,0.024788837841861328,0.9264743094391878
26095,LOF,0.05520876552456805,0.07589809725294056,0.8688931372224913
26096,LOF,0.025134363909363345,0.05135550760607469,0.9235101284845619
26097,LOF,0.011363291880755844,0.16092870796077213,0.827708000158472
26098,LOF,0.0545814157496052,0.055464302046343665,0.8899542822040512
26099,LOF,0.025565694084670812,0.1034536447799286,0.8709806611354006
26100,LOF,0.025565694084670812,0.1034536447799286,0.8709806611354006
26101,LOF,0.05179172659932201,0.08256146781484643,0.8656468055858315
26102,LOF,0.02686706484662078,0.06811185719389178,0.9050210779594875
26103,Neutral,0.794138692819654,0.09542689437420893,0.11043441280613714
26104,LOF,0.04001316927193762,0.11383149612969126,0.8461553345983711
26105,LOF,0.31825075974345907,0.08712825825051368,0.5946209820060272
26106,LOF,0.1946496789120518,0.04968169016890102,0.7556686309190472
26107,LOF,0.2852666988424621,0.06326557870908754,0.6514677224484504
26108,LOF,0.19504656552591262,0.06585577682117078,0.7390976576529167
26109,LOF,0.04930213588023818,0.17013791088498353,0.7805599532347782
26110,LOF,0.2659750718256947,0.04531115507540138,0.688713773098904
26111,LOF,0.40494301124863835,0.07543025341651295,0.5196267353348487
26112,LOF,0.040395154784888296,0.04355277826841879,0.9160520669466929
26113,LOF,0.05319050937619533,0.11650680428904457,0.83030268633476
26114,LOF,0.03178404734423104,0.023705406011714614,0.9445105466440543
26115,LOF,0.16520670572257998,0.04952740744404891,0.7852658868333712
26116,LOF,0.09169106580557146,0.04631008885748324,0.8619988453369453
26117,LOF,0.30247725628540406,0.16803669629826518,0.5294860474163307
26118,LOF,0.042141921494020976,0.03884176812192061,0.9190163103840585
26119,LOF,0.0332492251263005,0.10882812794067626,0.8579226469330233
26120,LOF,0.03574458276122076,0.06589535605795943,0.8983600611808198
26121,LOF,0.07091895452011417,0.09891796881836201,0.8301630766615238
26122,LOF,0.08340326944424878,0.10498913600010154,0.8116075945556497
