feature0,prediction,LoGoFunc_Neutral,LoGoFunc_GOF,LoGoFunc_LOF
25546,Neutral,0.6926191577427169,0.05744280533826676,0.24993803691901634
25547,Neutral,0.5212145148260334,0.10455606344871368,0.3742294217252529
25548,Neutral,0.5199387828646398,0.08428485186429052,0.3957763652710697
25549,LOF,0.44722094697790155,0.08681822070489786,0.4659608323172006
25550,LOF,0.3726253295097924,0.12624830877901108,0.5011263617111965
25551,LOF,0.3074402426416258,0.13571454997304275,0.5568452073853315
25552,LOF,0.24453100785100004,0.1309799982072273,0.6244889939417727
25553,Neutral,0.8184406143954245,0.043020727110288544,0.1385386584942869
25554,LOF,0.2953858997275465,0.12078510819674732,0.5838289920757062
25555,LOF,0.24797398454985792,0.11627585544003417,0.635750160010108
25556,Neutral,0.45470527318016857,0.10515707909143351,0.44013764772839786
25557,LOF,0.23429659573152548,0.12237935828949632,0.6433240459789783
25558,LOF,0.2971451398567347,0.123004027570165,0.5798508325731003
25559,LOF,0.16588498261525123,0.12441026991485558,0.7097047474698933
25560,LOF,0.1579210116014202,0.10289933217796446,0.7391796562206153
25561,LOF,0.1467536436031545,0.1281721989254545,0.7250741574713909
25562,LOF,0.06863512848597662,0.081250755089932,0.8501141164240914
25563,LOF,0.020633441099291022,0.12144450079686601,0.8579220581038429
25564,LOF,0.2298674469064104,0.12124223883152874,0.6488903142620609
25565,LOF,0.21672321566297872,0.13246231630661584,0.6508144680304054
25566,GOF,0.0946483573372709,0.6917023045901988,0.21364933807253025
25567,LOF,0.03942118735161508,0.12555966721974585,0.8350191454286391
25568,LOF,0.05905422365665257,0.07176146815262227,0.8691843081907251
25569,LOF,0.05859917452658886,0.07147570560388745,0.8699251198695237
25570,LOF,0.02610135893003639,0.09707533589763664,0.8768233051723269
25571,LOF,0.025359165111407417,0.1006465133326248,0.8739943215559678
25572,LOF,0.058573722301997366,0.11540646038757095,0.8260198173104316
25573,LOF,0.05738123019312876,0.08484634979230504,0.8577724200145662
25574,LOF,0.055387903419634656,0.1822890466302611,0.7623230499501044
25575,LOF,0.02244093522186769,0.12181623486151226,0.8557428299166201
25576,LOF,0.03532290636930231,0.15204148278279261,0.8126356108479051
25577,LOF,0.029470738324766654,0.10289834367935752,0.8676309179958759
25578,LOF,0.30014301243478136,0.08268025834733242,0.6171767292178861
25579,LOF,0.13163012259082701,0.09003366272282369,0.7783362146863492
25580,LOF,0.018623727360843282,0.07592331456876672,0.90545295807039
25581,LOF,0.05498819554086905,0.06711494684395765,0.8778968576151733
25582,LOF,0.05487125515618937,0.0662537171586197,0.8788750276851909
25583,LOF,0.01953657210647357,0.07739247715452381,0.9030709507390027
25584,Neutral,0.6662046967379703,0.09241289461125862,0.241382408650771
25585,LOF,0.035755137046620096,0.12268738295316686,0.8415574800002131
25586,LOF,0.017786535238257312,0.06555658863169256,0.9166568761300501
25587,LOF,0.01721611743435753,0.059520824519203396,0.923263058046439
25588,LOF,0.01904227643882122,0.07217042473327778,0.9087872988279009
25589,Neutral,0.5040484635380789,0.20031908008050178,0.29563245638141933
25590,LOF,0.049063253876974994,0.09996676619485473,0.8509699799281704
25591,LOF,0.0942718177966085,0.05798282546159535,0.8477453567417962
25592,LOF,0.056177373716092084,0.13773346260529412,0.8060891636786138
25593,LOF,0.1247418788328036,0.2399800132615106,0.6352781079056858
25594,LOF,0.04793155785099768,0.10744329191721198,0.8446251502317904
25595,LOF,0.04681690965155222,0.07612895018331343,0.8770541401651344
25596,LOF,0.09986030098500161,0.04329781468813941,0.8568418843268589
25597,LOF,0.08020157958682259,0.05106829794516196,0.8687301224680154
25598,LOF,0.04969128753107515,0.08151554979104118,0.8687931626778836
25599,GOF,0.021098856038744417,0.546760824198713,0.43214031976254264
25600,GOF,0.19333021059152375,0.49938295245251074,0.30728683695596537
25601,LOF,0.04180977537400121,0.408037384764126,0.5501528398618728
25602,LOF,0.03169792781211551,0.053242417928923175,0.9150596542589613
25603,LOF,0.036830714994652625,0.030060257593582548,0.9331090274117648
25604,LOF,0.03437523157369508,0.055534185724814944,0.9100905827014899
25605,LOF,0.04004008042016461,0.17524168796852937,0.7847182316113059
25606,LOF,0.4311521325711536,0.09490745175317931,0.4739404156756671
25607,LOF,0.02392789626567308,0.1632675095178327,0.8128045942164943
25608,LOF,0.03848751000116992,0.07363627174332006,0.8878762182555101
25609,GOF,0.1567036725597482,0.5491439426554549,0.29415238478479694
25610,LOF,0.015681265168764842,0.025680284597992566,0.9586384502332427
25611,LOF,0.015175768816117563,0.028242219119697123,0.9565820120641854
25612,LOF,0.045975839827654984,0.03657757601854846,0.9174465841537967
25613,LOF,0.04234982643584882,0.036230253283187464,0.9214199202809636
25614,LOF,0.022351629351343077,0.02494931278286406,0.9526990578657928
25615,LOF,0.04332191717240392,0.03322527363210167,0.9234528091954944
25616,LOF,0.04673403132383455,0.02314259059221687,0.9301233780839486
25617,LOF,0.043384438843894674,0.03162394212464319,0.9249916190314622
25618,LOF,0.054532905159188766,0.028767293480362322,0.9166998013604488
25619,LOF,0.014935869816770248,0.027949783860078604,0.9571143463231512
25620,LOF,0.06368041962056953,0.03410968273237917,0.9022098976470513
25621,LOF,0.052232885690462284,0.02845995961619282,0.919307154693345
25622,LOF,0.06469361929608816,0.02855164537005722,0.9067547353338545
25623,LOF,0.07768006047382674,0.026845359099220843,0.8954745804269524
25624,LOF,0.018826270456531204,0.03384228379062855,0.9473314457528401
25625,LOF,0.0668303646785399,0.03679908438600762,0.8963705509354526
25626,LOF,0.04502362612856281,0.033372295356426725,0.9216040785150106
25627,Neutral,0.8827774823297571,0.021522994648975828,0.09569952302126712
25628,LOF,0.14193636579601346,0.06250817175522308,0.7955554624487634
25629,LOF,0.05783574563184101,0.0466328659928702,0.8955313883752888
25630,LOF,0.2790549512391841,0.07255576889854327,0.6483892798622726
25631,Neutral,0.5322917429639099,0.061345749585933536,0.4063625074501566
25632,LOF,0.026773397097537403,0.06183943616706354,0.911387166735399
25633,LOF,0.1902030223900474,0.03654027860448943,0.7732566990054632
25634,LOF,0.0329841308225195,0.07601585354000165,0.8910000156374789
25635,LOF,0.04010617083830325,0.041947063838465234,0.9179467653232316
25636,GOF,0.04112312305647047,0.4807778752723188,0.47809900167121083
25637,GOF,0.07862279739615423,0.47553711745219307,0.44584008515165263
25638,LOF,0.045041048820762195,0.2884253017995192,0.6665336493797186
25639,LOF,0.036389096843274536,0.34241792287355477,0.6211929802831706
25640,Neutral,0.8242006572352161,0.13550777565729769,0.040291567107486305
25641,LOF,0.04907879190768903,0.4598531588677003,0.4910680492246107
25642,LOF,0.04204038395306049,0.14631056454834251,0.8116490514985969
25643,LOF,0.1900024706287926,0.15702650029091547,0.6529710290802919
25644,LOF,0.0213776142724371,0.4451296912505981,0.5334926944769648
25645,LOF,0.02045262372091062,0.4198551893098534,0.5596921869692361
25646,LOF,0.05239995204489118,0.3301995329636001,0.6174005149915087
25647,LOF,0.022209186918464702,0.24884221778105184,0.7289485953004835
25648,LOF,0.030489479708282953,0.22547758641822338,0.7440329338734937
25649,LOF,0.015546221224660104,0.22139319129810364,0.7630605874772363
25650,LOF,0.051899082182724494,0.40108382385992936,0.5470170939573462
25651,LOF,0.01667279161769585,0.2601449896019283,0.7231822187803759
25652,LOF,0.02920316280007376,0.2552080872182926,0.7155887499816338
25653,LOF,0.0769429970130714,0.3846837082097811,0.5383732947771475
25654,LOF,0.0233078832546512,0.20837702128948013,0.7683150954558687
25655,LOF,0.22225879058765957,0.36821747475618144,0.40952373465615904
25656,LOF,0.2900530024205274,0.04080469572725527,0.6691423018522172
25657,LOF,0.07646063179982658,0.046446941802469804,0.8770924263977037
25658,LOF,0.3704274712361354,0.044904628749396804,0.5846679000144678
25659,Neutral,0.5210291421378703,0.06402347467361401,0.4149473831885156
25660,LOF,0.024702038413964084,0.08055783618750798,0.894740125398528
25661,LOF,0.09309172710232126,0.05673874879309814,0.8501695241045806
25662,LOF,0.031918441981693725,0.03171809355887425,0.936363464459432
25663,LOF,0.0369501853171388,0.04470191012753604,0.9183479045553252
25664,LOF,0.13279065787778588,0.05775657925867036,0.8094527628635438
25665,LOF,0.0520875223358991,0.03051059223030205,0.9174018854337987
25666,LOF,0.0935141155447825,0.07381822998934308,0.8326676544658744
25667,LOF,0.06300725479242161,0.04370183783623221,0.8932909073713462
25668,LOF,0.03716244781653447,0.04241487821786227,0.9204226739656033
25669,LOF,0.03474312059001961,0.04901637973437379,0.9162404996756067
25670,LOF,0.1455492409319882,0.042389688160615495,0.8120610709073963
25671,LOF,0.09041370516702558,0.031482232322354774,0.8781040625106197
25672,LOF,0.05435557755355488,0.04267685497611491,0.9029675674703302
25673,LOF,0.08554983034419969,0.040433979298086245,0.8740161903577142
25674,LOF,0.07440562737951671,0.05026070256028586,0.8753336700601974
25675,LOF,0.11485278312516603,0.04811796707205649,0.8370292498027774
25676,LOF,0.017978600488020864,0.04749638805214973,0.9345250114598294
25677,LOF,0.02508751579701745,0.06201718528130115,0.9128952989216815
25678,LOF,0.17275476316206592,0.055281281185187256,0.7719639556527468
25679,LOF,0.12976887835864823,0.07376967858637251,0.7964614430549791
25680,LOF,0.030840931282608477,0.10402733736608467,0.8651317313513067
25681,LOF,0.05297171863492696,0.096969307439727,0.850058973925346
25682,LOF,0.14388487196982966,0.0623431632251789,0.7937719648049913
25683,LOF,0.13073581250089358,0.07912601851990447,0.790138168979202
25684,LOF,0.041478764012111,0.06272690425216217,0.8957943317357268
25685,LOF,0.13250042178650548,0.053101985651650696,0.8143975925618439
25686,LOF,0.0692062922387698,0.0955632399160187,0.8352304678452115
25687,LOF,0.10730271888131238,0.08620627589478223,0.8064910052239054
25688,LOF,0.311913349876932,0.04239945693881641,0.6456871931842517
25689,LOF,0.2293006205489123,0.05099463150569489,0.7197047479453929
25690,LOF,0.3634207100390381,0.03612506324513375,0.6004542267158282
25691,Neutral,0.6928197441618537,0.03622128352903669,0.27095897230910965
25692,LOF,0.2900252165303406,0.01125037091140097,0.6987244125582585
25693,LOF,0.046489215949611994,0.4661515472761988,0.48735923677418913
25694,LOF,0.1227798371040159,0.0214662881212977,0.8557538747746863
25695,LOF,0.11782622949162576,0.017691385181803583,0.8644823853265706
25696,LOF,0.12909715649678924,0.009634685739821259,0.8612681577633896
25697,LOF,0.124448772548652,0.025183664791799107,0.8503675626595488
25698,LOF,0.34281296515208537,0.2399624457825022,0.4172245890654123
25699,LOF,0.431678930782393,0.044321511629637086,0.5239995575879699
25700,LOF,0.05162878835292895,0.01167646118435986,0.9366947504627112
25701,LOF,0.17127846807385255,0.05879767868638172,0.7699238532397658
25702,GOF,0.1733728713258087,0.5693204354339504,0.25730669324024097
25703,LOF,0.016341139526962863,0.15866107783805944,0.8249977826349777
25704,LOF,0.04936896728757315,0.1099634052580438,0.8406676274543831
25705,LOF,0.05745962386986529,0.17982493658279677,0.762715439547338
25706,LOF,0.0931235616731495,0.34914571037083486,0.5577307279560156
25707,LOF,0.10751685200382358,0.2759817558037908,0.6165013921923856
25708,LOF,0.03010912447665255,0.2608458375423163,0.7090450379810312
25709,LOF,0.05432400151942954,0.03890388090094064,0.9067721175796298
25710,LOF,0.011497359155918046,0.12433120143181085,0.864171439412271
25711,LOF,0.017969471446296594,0.08480888305020735,0.897221645503496
25712,LOF,0.01317750027093029,0.17612913114823822,0.8106933685808314
25713,LOF,0.0177137997712694,0.07716823126841547,0.9051179689603152
25714,LOF,0.0678344040816997,0.07340453511597321,0.8587610608023272
25715,LOF,0.010273636286965294,0.13034784346049116,0.8593785202525436
25716,LOF,0.01370292681033945,0.11657785994054931,0.8697192132491113
25717,LOF,0.01261119617439236,0.07734320513581902,0.9100455986897887
25718,LOF,0.011637464964268946,0.10198739427152446,0.8863751407642065
25719,LOF,0.018442796560679302,0.0785452521837239,0.9030119512555967
25720,LOF,0.021107684800998564,0.06960072129493727,0.9092915939040642
25721,LOF,0.01577801853436999,0.1007427503927501,0.8834792310728798
25722,LOF,0.013208903212104321,0.12262991064292156,0.8641611861449741
25723,LOF,0.02171926463620602,0.042637040606182376,0.9356436947576116
25724,LOF,0.02331863674056557,0.07947357857710056,0.8972077846823339
25725,LOF,0.011325900241456324,0.06473405866742397,0.9239400410911197
25726,LOF,0.014289537416697445,0.09431089901974007,0.8913995635635624
25727,LOF,0.012902931529009638,0.07805603311432575,0.9090410353566646
25728,LOF,0.009422093804125321,0.10083239557553693,0.8897455106203377
25729,LOF,0.009712769396988109,0.10268164662616396,0.887605583976848
25730,LOF,0.013095492775646698,0.07399239211391531,0.9129121151104379
25731,LOF,0.022967518920228944,0.10822073867764673,0.8688117424021243
25732,LOF,0.01455356105715762,0.08140829064502023,0.9040381482978221
25733,LOF,0.015728045764384687,0.06645917808678245,0.9178127761488328
25734,LOF,0.013395623707772596,0.12000292538602675,0.8666014509062007
25735,LOF,0.013049496533772456,0.07537170406912609,0.9115787993971015
25736,LOF,0.013500011811880782,0.10219239311643134,0.8843075950716879
25737,LOF,0.020348510228305094,0.07383271966227717,0.9058187701094178
25738,LOF,0.013022300097533876,0.10376453113282609,0.8832131687696401
25739,LOF,0.01878853646253032,0.07371026811130536,0.9075011954261644
25740,LOF,0.02540645081234779,0.08708698774528066,0.8875065614423716
25741,LOF,0.014938954066763384,0.09679768576995335,0.8882633601632832
25742,LOF,0.11056840710781084,0.07449827920302256,0.8149333136891665
25743,LOF,0.037905715447082815,0.0301896758156539,0.9319046087372633
25744,Neutral,0.5745134668576167,0.22163486700044613,0.20385166614193717
25745,LOF,0.08620103905032878,0.06529093865606067,0.8485080222936106
25746,LOF,0.04332756423645315,0.07290217570630014,0.8837702600572468
25747,LOF,0.024171663767844725,0.03505482073099175,0.9407735155011636
25748,LOF,0.10427292501962701,0.05253788251616421,0.8431891924642089
25749,LOF,0.02697116234573972,0.07354105666214808,0.8994877809921122
25750,LOF,0.084238857205289,0.08053628658280262,0.8352248562119083
25751,LOF,0.09616904275040392,0.04919959233514052,0.8546313649144555
25752,GOF,0.11683561046353243,0.6638598648983672,0.21930452463810038
25753,LOF,0.019390443900986865,0.2609005612912652,0.7197089948077481
25754,GOF,0.009906626816954173,0.758079051645157,0.23201432153788884
25755,LOF,0.022395256345917533,0.38433573409610355,0.5932690095579789
25756,LOF,0.03987911427645859,0.3602649101676637,0.5998559755558777
25757,GOF,0.014987500963971653,0.8263624557132493,0.15865004332277913
25758,GOF,0.029780824514774998,0.8239260653826782,0.14629311010254678
25759,GOF,0.011698858613655773,0.5256272512150838,0.4626738901712603
25760,LOF,0.013649729275672238,0.23248893421444594,0.7538613365098819
25761,GOF,0.28787656003819906,0.6023408620254527,0.1097825779363482
25762,LOF,0.034846834656160196,0.2551718544802909,0.709981310863549
25763,LOF,0.013472504261983966,0.19677393139801622,0.7897535643399998
25764,GOF,0.0784325283094796,0.6111493905905915,0.31041808109992897
25765,GOF,0.046648571202210415,0.7373975825695074,0.2159538462282823
25766,GOF,0.06625916621557129,0.7756443033588404,0.1580965304255883
25767,GOF,0.16694914015173443,0.4336189267602111,0.39943193308805436
25768,LOF,0.090225225267008,0.06502113827170497,0.8447536364612871
25769,LOF,0.06442566149352576,0.054762689046006334,0.880811649460468
25770,LOF,0.27060996793167064,0.07645572895993456,0.6529343031083948
25771,LOF,0.04280255571603237,0.042512169738714294,0.9146852745452534
25772,LOF,0.01706831997058396,0.029856278100821507,0.9530754019285944
25773,LOF,0.04706656122379914,0.0725774523058684,0.8803559864703325
25774,LOF,0.02739377277929648,0.06644360954939288,0.9061626176713107
25775,LOF,0.04419577092818574,0.04254176582599129,0.9132624632458229
25776,LOF,0.067558455345313,0.022485939027703752,0.9099556056269833
25777,LOF,0.35124763193428643,0.04581919168638063,0.602933176379333
25778,LOF,0.06131159831239752,0.046849811183523646,0.8918385905040789
25779,GOF,0.3638494517525669,0.5920619256289875,0.04408862261844567
25780,GOF,0.30268727710773224,0.6252485183030327,0.07206420458923518
25781,GOF,0.13326219792827687,0.7601636250439029,0.1065741770278202
25782,GOF,0.1926374112537268,0.7354622238606406,0.07190036488563271
25783,GOF,0.028881524085934994,0.6403356857064227,0.33078279020764223
25784,Neutral,0.4908750238959964,0.4673344678703502,0.041790508233653455
25785,GOF,0.36914609554893957,0.5866334503750849,0.04422045407597568
25786,GOF,0.02388382780922149,0.7585227053634749,0.2175934668273036
25787,Neutral,0.6453083797132783,0.3284125312027269,0.02627908908399489
25788,LOF,0.04807642724455965,0.10106589253626075,0.8508576802191795
25789,GOF,0.19844002874148362,0.6537396028028496,0.14782036845566682
25790,GOF,0.20984280132885322,0.681870535155921,0.10828666351522587
25791,GOF,0.13900360041426996,0.6681523856753014,0.19284401391042863
25792,GOF,0.3048273466277012,0.5486253598477345,0.14654729352456428
25793,GOF,0.2531616906056505,0.5460663848702796,0.2007719245240698
25794,GOF,0.3155102075751032,0.5111720540621302,0.1733177383627667
25795,GOF,0.07808682748690542,0.6991026460582093,0.22281052645488522
25796,Neutral,0.5442350523985933,0.37573903598440334,0.08002591161700344
25797,GOF,0.09764581373791535,0.5266809327980784,0.37567325346400626
25798,GOF,0.009420617869249907,0.500858610494135,0.4897207716366151
25799,LOF,0.006944869866776047,0.3844611703339354,0.6085939597992885
25800,GOF,0.03214452314946247,0.5636190655798242,0.4042364112707134
25801,GOF,0.16429884097841302,0.6900640633033633,0.14563709571822375
25802,GOF,0.08040287179070776,0.6944082121152777,0.22518891609401454
25803,GOF,0.037273744835534084,0.5725714133191417,0.39015484184532423
25804,GOF,0.032877990245251044,0.4878037190078011,0.47931829074694776
25805,GOF,0.10230672322951007,0.6100959262833968,0.2875973504870931
25806,GOF,0.10543915063443375,0.5702654959325753,0.32429535343299104
25807,GOF,0.02146496161290172,0.6299561192040855,0.3485789191830129
25808,GOF,0.08594519610685734,0.6316158033072812,0.2824390005858614
25809,GOF,0.017596377386078523,0.567333573661189,0.4150700489527326
25810,GOF,0.01683131174130505,0.6000464425194413,0.38312224573925374
25811,GOF,0.4461990647196376,0.46621076853671817,0.08759016674364431
25812,GOF,0.030614548928690807,0.586972174784416,0.38241327628689314
25813,Neutral,0.5225822590322561,0.3729348834486512,0.10448285751909281
25814,GOF,0.10909541252450541,0.6205459177569587,0.27035866971853595
25815,GOF,0.1960399649428081,0.5831413230886512,0.2208187119685407
25816,GOF,0.027751264951359735,0.7217681356575865,0.2504805993910538
25817,GOF,0.24407829452212762,0.6097084668824351,0.1462132385954372
25818,GOF,0.05065902602013916,0.6517612984000712,0.29757967557978965
25819,GOF,0.37522901738517184,0.4829040927436205,0.1418668898712076
25820,GOF,0.19210504550648236,0.5833914370424012,0.22450351745111644
25821,GOF,0.06212453233617224,0.6406874965891245,0.29718797107470324
25822,GOF,0.23666135760139656,0.5349520966178226,0.22838654578078088
25823,GOF,0.03486725358876743,0.5321012499072703,0.43303149650396233
25824,GOF,0.09061082358391687,0.5906082646122169,0.31878091180386603
25825,GOF,0.03758396946312013,0.5888676539685516,0.37354837656832834
25826,GOF,0.016285528166671594,0.5620862883682121,0.4216281834651164
25827,GOF,0.023900018599937085,0.613499196557725,0.36260078484233804
25828,GOF,0.013711123828674694,0.5403220235185038,0.4459668526528216
25829,GOF,0.005748570504198599,0.5650995836207658,0.42915184587503546
25830,LOF,0.03207697671093398,0.260545755038106,0.70737726825096
25831,GOF,0.24378345613420152,0.6290724135251227,0.12714413034067595
25832,GOF,0.027917824717088223,0.6872863744088991,0.2847958008740128
25833,GOF,0.10597719318893085,0.7275208275045099,0.16650197930655924
25834,GOF,0.02917761246734789,0.7096236840490344,0.2611987034836176
25835,GOF,0.05970201062170393,0.7644874510634486,0.1758105383148475
25836,GOF,0.03046288751495573,0.6714902186576985,0.2980468938273456
25837,GOF,0.02484304528508905,0.6000474648118158,0.37510948990309495
25838,GOF,0.09000057132283969,0.748746536810528,0.16125289186663236
25839,GOF,0.2934321894552617,0.5478606027333229,0.15870720781141526
25840,GOF,0.26053222094408396,0.594125084196491,0.14534269485942503
25841,GOF,0.2604262416364537,0.5980968284047077,0.14147692995883862
25842,GOF,0.1444656034521546,0.7249040825356902,0.13063031401215522
25843,GOF,0.21828261701772417,0.6851409839268924,0.09657639905538346
25844,GOF,0.05818388302868215,0.7364507334440186,0.20536538352729933
25845,GOF,0.014963704156522881,0.5294754127591145,0.45556088308436266
25846,GOF,0.12032433074871667,0.7454707354614776,0.1342049337898059
25847,GOF,0.09956821703251244,0.7909141730187714,0.10951760994871627
25848,GOF,0.0331223544131729,0.6961015465671929,0.2707760990196342
25849,GOF,0.010608303694178891,0.6068055039004003,0.38258619240542074
25850,GOF,0.0187956034599651,0.6595478430256331,0.3216565535144018
25851,GOF,0.015601064304638656,0.5463985209930634,0.4380004147022979
25852,GOF,0.15731658765108814,0.5564522147960429,0.28623119755286885
25853,GOF,0.3523158019541301,0.5665157157436141,0.08116848230225568
25854,GOF,0.021770470770563845,0.5994522389227616,0.3787772903066747
25855,GOF,0.03313467170291338,0.5272577816001169,0.4396075466969696
25856,GOF,0.23047293800973967,0.5229839608045765,0.2465431011856837
25857,GOF,0.03961041884634134,0.49317633705955105,0.4672132440941077
25858,GOF,0.021379197960327733,0.4964203593908518,0.48220044264882056
25859,LOF,0.011052348037356484,0.4713367139570892,0.5176109380055544
25860,GOF,0.3628014787845503,0.5478583481525942,0.08934017306285551
25861,GOF,0.4207430221156833,0.5053988985293294,0.07385807935498727
25862,GOF,0.07470956337321845,0.7811993990921468,0.1440910375346348
25863,GOF,0.07642749517439379,0.7872895853117641,0.13628291951384214
25864,GOF,0.2008589158078025,0.7265906367013413,0.0725504474908562
25865,GOF,0.07693296026768158,0.8141601960506627,0.10890684368165576
25866,GOF,0.04959858888578695,0.7966483867260787,0.1537530243881343
25867,GOF,0.07936546126234698,0.8223582290932089,0.09827630964444424
25868,GOF,0.26211562624436013,0.6312030641267652,0.10668130962887475
25869,Neutral,0.7213954047547402,0.23203769888399373,0.046566896361266034
25870,GOF,0.30728642262006484,0.35997561167502257,0.33273796570491254
25871,GOF,0.23172640712604728,0.6513329630006803,0.1169406298732725
25872,GOF,0.07148312088112066,0.6694516712161219,0.25906520790275744
25873,GOF,0.10846722128597734,0.7123187725065925,0.1792140062074301
25874,LOF,0.014177372390596453,0.11229901444394265,0.873523613165461
25875,LOF,0.09364299882794264,0.04397455885178415,0.8623824423202733
25876,LOF,0.03378894611433208,0.030134866748579094,0.9360761871370888
25877,Neutral,0.5057487509612607,0.04299528333511973,0.45125596570361953
25878,LOF,0.23216585412237994,0.09455089367359691,0.6732832522040231
25879,LOF,0.08926707668887199,0.08837029302219389,0.8223626302889341
25880,LOF,0.043331143622700075,0.014818690228727203,0.9418501661485728
25881,LOF,0.16246754624760157,0.12216051794960518,0.7153719358027932
25882,LOF,0.05809149080064918,0.015641224513586356,0.9262672846857645
25883,LOF,0.06421999604747754,0.018269566267989434,0.917510437684533
25884,LOF,0.028027491870823665,0.028617893417891314,0.9433546147112851
25885,LOF,0.058581357467778365,0.011280046554359763,0.930138595977862
25886,LOF,0.25833228346365233,0.03589012926940162,0.705777587266946
25887,LOF,0.1461688178474229,0.0652126317099027,0.7886185504426744
25888,LOF,0.06513807424588833,0.05676703976339348,0.878094885990718
25889,LOF,0.03754054101449582,0.019441885992409196,0.943017572993095
25890,LOF,0.04858226054834315,0.1388369190577599,0.812580820393897
25891,LOF,0.03708270488464999,0.05331819413073159,0.9095991009846184
25892,LOF,0.08247294382569098,0.025104986446968486,0.8924220697273405
25893,LOF,0.24620977293038732,0.02021199046731003,0.7335782366023027
25894,LOF,0.18708836953842742,0.012647265435704463,0.8002643650258681
25895,LOF,0.2029497727591653,0.023076537282570385,0.7739736899582643
25896,LOF,0.04745907786732698,0.021809773738525266,0.9307311483941477
25897,LOF,0.2620646714686846,0.014536349252972848,0.7233989792783425
25898,Neutral,0.6987278930013157,0.01167604357341127,0.2895960634252732
25899,LOF,0.21617324093178394,0.021003575291013397,0.7628231837772026
25900,LOF,0.46833694385184954,0.011483050748082549,0.5201800054000679
25901,LOF,0.05266049334076536,0.011170440326544852,0.9361690663326898
25902,LOF,0.15569733924432358,0.01409368338171469,0.8302089773739617
25903,Neutral,0.5943718972854571,0.029724622459248333,0.37590348025529446
25904,LOF,0.3010127791143568,0.04254026808505886,0.6564469528005844
25905,LOF,0.024658550365025435,0.33527137894876874,0.6400700706862058
25906,LOF,0.03183828335167876,0.08291368040751564,0.8852480362408056
25907,LOF,0.013436001872706166,0.3266790860314554,0.6598849120958384
25908,LOF,0.010216697271204068,0.25246846327490535,0.7373148394538906
25909,LOF,0.01312288413661854,0.13179846477575752,0.8550786510876239
25910,LOF,0.05019002895377244,0.14863127107676866,0.8011786999694589
25911,LOF,0.18278678819466745,0.026157748732046338,0.7910554630732862
25912,LOF,0.04337240032593246,0.04326728320739306,0.9133603164666746
25913,LOF,0.3402904574515293,0.021731928055808685,0.6379776144926621
25914,LOF,0.02172651486150514,0.05000423005545623,0.9282692550830386
25915,Neutral,0.5660193222763773,0.14586954669935348,0.2881111310242692
25916,LOF,0.08569717473983049,0.21603439099478647,0.6982684342653831
25917,LOF,0.06503114998150049,0.03531215283416801,0.8996566971843314
25918,LOF,0.023064070975362665,0.028403036617793902,0.9485328924068434
25919,LOF,0.020954972510346014,0.03225866259427727,0.9467863648953768
25920,GOF,0.10556250053364297,0.5083531625713315,0.3860843368950256
25921,LOF,0.02609961339521412,0.03415411599761988,0.939746270607166
25922,LOF,0.03427416994512968,0.026216508306766282,0.9395093217481041
25923,Neutral,0.4885469877694212,0.035926411324063184,0.47552660090651555
25924,LOF,0.03887631982781748,0.04319148023898738,0.9179321999331952
25925,LOF,0.07317426532511956,0.037157217759114215,0.8896685169157662
25926,LOF,0.051375388431356576,0.03337711419387714,0.9152474973747663
25927,LOF,0.06093525436098047,0.14814077304684004,0.7909239725921795
25928,LOF,0.01989148661109776,0.05149221014915431,0.928616303239748
25929,Neutral,0.6096846469743337,0.03850077666536952,0.35181457636029684
25930,LOF,0.07786263062235359,0.03181321715937795,0.8903241522182685
25931,LOF,0.0260712866557106,0.03283260802118901,0.9410961053231005
25932,LOF,0.029693157912009386,0.028745160282873876,0.9415616818051167
25933,LOF,0.038557536950612266,0.019104432373652454,0.9423380306757353
25934,LOF,0.026179368310975868,0.021144065334078112,0.952676566354946
25935,LOF,0.06330058966639907,0.049342942728728974,0.887356467604872
25936,LOF,0.04582168538140336,0.025833235159358224,0.9283450794592384
25937,LOF,0.027957159251757843,0.03684984315079669,0.9351929975974453
25938,LOF,0.0663012338298958,0.051123617028057865,0.8825751491420463
25939,LOF,0.043073300598473536,0.01981698589500606,0.9371097135065203
25940,LOF,0.037351128121828066,0.3380070906994767,0.6246417811786953
25941,LOF,0.18199271084162746,0.09613063393910973,0.7218766552192628
25942,LOF,0.01282691886314538,0.03157043178756219,0.9556026493492924
25943,LOF,0.2978632947638458,0.056302926447858774,0.6458337787882955
25944,Neutral,0.49748362207337227,0.02065833938101484,0.481858038545613
25945,LOF,0.07421124458864918,0.016897963239159913,0.9088907921721909
25946,LOF,0.03219918649097883,0.0991910919303749,0.8686097215786462
25947,LOF,0.10385658220714035,0.19178041829623238,0.7043629994966272
25948,LOF,0.35825859430626333,0.00930767613017259,0.632433729563564
25949,LOF,0.1304705888313428,0.0422016082411453,0.8273278029275118
25950,LOF,0.3166723077553685,0.3308261328270963,0.3525015594175353
25951,LOF,0.19846530489084846,0.32210454279069667,0.4794301523184548
25952,LOF,0.04386263164430476,0.46409370074161976,0.49204366761407553
25953,LOF,0.14836746630085507,0.11855819422600646,0.7330743394731385
25954,Neutral,0.41613966630894084,0.1939772854110722,0.38988304827998693
25955,LOF,0.06989429692224151,0.08525791046262124,0.8448477926151373
25956,LOF,0.15869962515680783,0.1184019364894636,0.7228984383537286
25957,LOF,0.035205205786614104,0.031003651180100213,0.9337911430332857
25958,LOF,0.053830693151511094,0.026471112835152046,0.9196981940133369
25959,LOF,0.073557849826655,0.31822227117548607,0.608219878997859
25960,LOF,0.015083060444107113,0.051458863470647424,0.9334580760852454
25961,LOF,0.04007248178771745,0.02676093289645652,0.933166585315826
25962,LOF,0.05798967497298799,0.0350873765585894,0.9069229484684226
25963,LOF,0.04148723059733007,0.2035349228657029,0.754977846536967
25964,LOF,0.03121557963208525,0.16129354045524882,0.807490879912666
25965,LOF,0.465302597480968,0.06250872681408359,0.47218867570494844
25966,Neutral,0.5244949944681899,0.1720130816115676,0.3034919239202424
25967,LOF,0.017660381844607026,0.10595519914066215,0.8763844190147309
25968,LOF,0.03347009295013299,0.3908858800569741,0.575644026992893
25969,LOF,0.03633605271833107,0.06758194548639354,0.8960820017952754
25970,LOF,0.056972189268484165,0.06425098805933946,0.8787768226721765
25971,LOF,0.06210175153651696,0.02237876764176088,0.9155194808217221
25972,LOF,0.06340698571935705,0.02917668873656651,0.9074163255440765
25973,LOF,0.07552877776749135,0.010609058693954523,0.9138621635385542
25974,LOF,0.19354730308899307,0.014578419005576302,0.7918742779054307
25975,LOF,0.04685742217371542,0.026828221694470425,0.9263143561318141
25976,LOF,0.04247718887000811,0.016318034747170473,0.9412047763828214
25977,LOF,0.14882916017356992,0.0855628321982277,0.7656080076282025
25978,LOF,0.13839978351290136,0.10459153787616075,0.7570086786109379
25979,LOF,0.13080555746157788,0.10914559341823082,0.7600488491201913
25980,LOF,0.1990244518558096,0.13796695624232072,0.6630085919018697
25981,LOF,0.23112445486563166,0.13455281287788706,0.6343227322564813
25982,LOF,0.41373160826717903,0.08483253917925195,0.501435852553569
25983,LOF,0.3878005904796285,0.09262813565287797,0.5195712738674935
25984,LOF,0.04668373939716436,0.05073332903975652,0.9025829315630791
25985,LOF,0.03862992679157539,0.28773236893892323,0.6736377042695014
25986,LOF,0.04810000384799498,0.3219155077891997,0.6299844883628054
25987,LOF,0.09068127606199229,0.06472254934113683,0.844596174596871
25988,LOF,0.16589200219798478,0.06055896663285582,0.7735490311691595
25989,LOF,0.03743800550188361,0.11495146777786763,0.8476105267202488
25990,LOF,0.03829069504540427,0.1780301265317401,0.7836791784228556
25991,LOF,0.13123104259710613,0.238629028872847,0.630139928530047
25992,LOF,0.2931267890394048,0.14683156050001908,0.5600416504605761
25993,LOF,0.022772198369295983,0.08163114386926727,0.8955966577614367
25994,LOF,0.017559055660353047,0.08680865907411209,0.895632285265535
25995,LOF,0.024336008133012392,0.17635743546416158,0.799306556402826
25996,GOF,0.31761819992416473,0.38132624335097753,0.3010555567248578
25997,LOF,0.08703430460779,0.3772091750403145,0.5357565203518955
25998,Neutral,0.5322955276291252,0.02979392612755872,0.43791054624331605
25999,LOF,0.10698313297801149,0.08914123789131136,0.8038756291306772
26000,LOF,0.12132726814422311,0.04701362748380901,0.8316591043719678
26001,LOF,0.18912149161353004,0.050583571008311325,0.7602949373781587
26002,LOF,0.11744753085983299,0.04183883968880943,0.8407136294513575
26003,GOF,0.010582282617333112,0.5927337186090111,0.39668399877365573
26004,GOF,0.021819676249488086,0.7025535215168854,0.2756268022336265
26005,LOF,0.0063117653027264286,0.45915173808968945,0.5345364966075841
26006,Neutral,0.5255668715391488,0.2506147265010562,0.223818401959795
26007,GOF,0.01943889093472731,0.5416326770908326,0.43892843197444004
26008,GOF,0.018783554077379125,0.6484045610541046,0.3328118848685162
26009,GOF,0.021192142633494507,0.6923765903901359,0.28643126697636956
26010,GOF,0.022391271791545014,0.6525625527278954,0.32504617548055953
26011,LOF,0.006546773049867395,0.42082595304548787,0.5726272739046449
26012,GOF,0.013046187512446577,0.5574975055922473,0.42945630689530606
26013,GOF,0.01894470185384043,0.6318746288353455,0.349180669310814
26014,LOF,0.040504325615786395,0.11289434389683835,0.8466013304873753
26015,LOF,0.15038826757352233,0.01664806063845644,0.8329636717880213
26016,LOF,0.19531354143539673,0.06256182958357337,0.7421246289810299
26017,LOF,0.2172981795026098,0.1067404630401694,0.6759613574572207
26018,LOF,0.07598870777850808,0.04136464032227536,0.8826466518992166
26019,LOF,0.07309501180138095,0.034038105707198056,0.8928668824914209
26020,LOF,0.058997231927589704,0.1097804690298514,0.831222299042559
26021,LOF,0.043010439339277944,0.11652171678265247,0.8404678438780696
26022,LOF,0.010881870150875824,0.043445523268653224,0.945672606580471
26023,LOF,0.0661954485672034,0.027302071989565867,0.9065024794432307
26024,LOF,0.030640190250444503,0.11671544195282553,0.85264436779673
26025,LOF,0.14323048660223475,0.09764809785869537,0.7591214155390699
26026,LOF,0.3263774928869334,0.029158312549230358,0.6444641945638363
26027,LOF,0.05754820158093822,0.021703765743652036,0.9207480326754098
26028,LOF,0.1727971023526939,0.05932593973737931,0.7678769579099267
26029,LOF,0.07115464685568935,0.15899755698215634,0.7698477961621544
26030,LOF,0.02135252210566242,0.031653207839396,0.9469942700549415
26031,LOF,0.02576650871964319,0.10689083696004116,0.8673426543203157
26032,LOF,0.06709872653729795,0.04842633270039143,0.8844749407623106
26033,LOF,0.08655480658013177,0.04861789654099249,0.8648272968788756
26034,LOF,0.042915942545993145,0.13091651533824064,0.8261675421157663
26035,LOF,0.025861894721432833,0.12091030092804998,0.8532278043505173
26036,LOF,0.03709268189797972,0.14142875840491978,0.8214785596971006
26037,LOF,0.021019070463687978,0.09979676615294482,0.8791841633833671
26038,LOF,0.06333612785256268,0.05040695792234009,0.8862569142250972
26039,LOF,0.049019645404421254,0.1208214729789313,0.8301588816166474
26040,LOF,0.20793086198245816,0.08712579137440608,0.7049433466431357
26041,LOF,0.021634016044028617,0.09218572110887273,0.8861802628470987
26042,LOF,0.020313772970830916,0.08939812015304181,0.8902881068761272
26043,LOF,0.06407599644526657,0.05897257984550523,0.8769514237092283
26044,LOF,0.018529931545710015,0.041050686223737705,0.9404193822305523
26045,LOF,0.0699560052463483,0.08082749807302807,0.8492164966806236
26046,LOF,0.06092391088170172,0.04944047407406556,0.8896356150442328
26047,LOF,0.07955978157142628,0.05078771878774552,0.8696524996408281
26048,LOF,0.04195465529228387,0.031196593007634242,0.9268487517000819
26049,Neutral,0.9691352585167565,0.0051572544187873885,0.02570748706445597
26050,Neutral,0.9540838210792749,0.006471560519271899,0.039444618401453205
26051,LOF,0.04590406476221567,0.2805423305466477,0.6735536046911367
26052,LOF,0.05795516673525671,0.3082829801419799,0.6337618531227633
26053,LOF,0.061021530924906864,0.1390694605524365,0.7999090085226566
26054,LOF,0.04829313982420256,0.017921311231393917,0.9337855489444035
26055,LOF,0.06728390622518242,0.016440003073223766,0.9162760907015939
26056,LOF,0.05884146575536648,0.019061666685655537,0.922096867558978
26057,LOF,0.0321629177320361,0.012791449138023409,0.9550456331299405
26058,LOF,0.03302689612551151,0.01042254388966373,0.9565505599848249
26059,LOF,0.28715658685485906,0.023390788250192397,0.6894526248949486
26060,LOF,0.047622577542744154,0.15975423727465562,0.7926231851826001
26061,LOF,0.015908730226721596,0.012429009206777628,0.9716622605665007
26062,LOF,0.009962392706851696,0.01768499189347099,0.9723526153996772
26063,LOF,0.01970932608820841,0.010244655699501863,0.9700460182122898
26064,LOF,0.01984295616365771,0.024315737925153902,0.9558413059111883
26065,LOF,0.024251293432807908,0.011222568894189848,0.9645261376730021
26066,LOF,0.02000269078610268,0.0107292987806162,0.9692680104332811
26067,LOF,0.0279009322506232,0.008949157630421428,0.9631499101189553
26068,LOF,0.04331192815829632,0.028163899555937667,0.928524172285766
26069,LOF,0.2654352414972841,0.019814941229571153,0.7147498172731448
26070,LOF,0.3950331400678972,0.01586837046335105,0.5890984894687519
26071,LOF,0.01996437047879816,0.011866947178108468,0.9681686823430934
26072,LOF,0.01750522695403766,0.020829115810956755,0.9616656572350055
26073,LOF,0.019878505215947657,0.0140531920195583,0.9660683027644941
26074,Neutral,0.9100103411645479,0.006049296057808181,0.08394036277764391
26075,LOF,0.045009495548334784,0.014198467909405571,0.9407920365422597
26076,LOF,0.036797453308399314,0.008974659844750698,0.9542278868468499
26077,LOF,0.008991548328599877,0.013194878477799802,0.9778135731936004
26078,LOF,0.01339579358743117,0.012102036408664517,0.9745021700039043
26079,LOF,0.05743855115168121,0.016947279165727542,0.9256141696825912
26080,LOF,0.05684181028647281,0.016942628827096087,0.9262155608864311
26081,LOF,0.034701900550535375,0.006630123851764249,0.9586679755977003
26082,LOF,0.012682612453051408,0.013954489369500972,0.9733628981774476
26083,LOF,0.17733986253612888,0.014115144536675318,0.808544992927196
26084,LOF,0.04288013302121627,0.012238105879888453,0.9448817610988953
26085,LOF,0.038885456373885026,0.011682877011869623,0.9494316666142453
26086,LOF,0.020239457901174127,0.011668204118838512,0.9680923379799874
26087,LOF,0.023910885265888207,0.009305970715095877,0.966783144019016
26088,LOF,0.016001387106258584,0.023797746463432547,0.960200866430309
26089,LOF,0.04126310747565681,0.02116989706590618,0.9375669954584369
26090,LOF,0.04137268553551049,0.01790903413005541,0.9407182803344342
26091,LOF,0.03096442064106879,0.006222776589857976,0.9628128027690732
26092,LOF,0.022016765915048465,0.00819143890454404,0.9697917951804075
26093,LOF,0.033524966690471725,0.005995812694648793,0.9604792206148794
26094,LOF,0.031398690481223575,0.00605993516725406,0.9625413743515223
26095,LOF,0.040367238997310116,0.013863402435601862,0.9457693585670881
26096,LOF,0.016126623868090714,0.01172894894183099,0.9721444271900783
26097,LOF,0.01137703004781746,0.03638847097291217,0.9522344989792705
26098,LOF,0.0729617348577774,0.012582125954158313,0.9144561391880643
26099,LOF,0.01973105251098673,0.012500587300158263,0.967768360188855
26100,LOF,0.021717692988572977,0.011854261033429883,0.9664280459779971
26101,LOF,0.04570151128346716,0.017304260024328298,0.9369942286922045
26102,LOF,0.01926531090312664,0.01408545740474009,0.9666492316921333
26103,Neutral,0.8799477926613459,0.018565138249188057,0.1014870690894661
26104,LOF,0.07669546967284462,0.024767055788627618,0.8985374745385278
26105,LOF,0.21528574907336168,0.274647143453129,0.5100671074735093
26106,LOF,0.17570956327466444,0.1382288040834692,0.6860616326418664
26107,LOF,0.23681254067140586,0.08127267288838931,0.6819147864402049
26108,LOF,0.22709576573767476,0.08274445526252534,0.6901597789998
26109,LOF,0.08396173154494749,0.06388190298580286,0.8521563654692496
26110,LOF,0.21712092633281352,0.006216229694089986,0.7766628439730965
26111,Neutral,0.5342277068466023,0.02391193921947391,0.4418603539339238
26112,LOF,0.033197473172196686,0.0071747999777533,0.9596277268500499
26113,LOF,0.06389866702630737,0.015798307385360748,0.9203030255883319
26114,LOF,0.025299674499492032,0.026729151226853824,0.9479711742736541
26115,LOF,0.09628624610858351,0.04709645199871496,0.8566173018927016
26116,LOF,0.0632979045095261,0.05590444888643875,0.8807976466040351
26117,LOF,0.44775945461082767,0.042843555932700755,0.5093969894564716
26118,LOF,0.032723835312271556,0.0235616773812309,0.9437144873064977
26119,LOF,0.023744292621990626,0.035382316330346254,0.940873391047663
26120,LOF,0.02374510002409977,0.01863627897964918,0.9576186209962511
26121,LOF,0.041411387386075915,0.07796179789346269,0.8806268147204613
