feature0,prediction,LoGoFunc_Neutral,LoGoFunc_GOF,LoGoFunc_LOF
25546,Neutral,0.5863630970625474,0.13065211143971117,0.2829847914977415
25547,Neutral,0.45873336593189906,0.20379139117020362,0.3374752428978975
25548,LOF,0.3781709713821704,0.21033223747187388,0.4114967911459558
25549,LOF,0.342167397180222,0.2074554648862549,0.45037713793352324
25550,LOF,0.3382390646621469,0.19798923173783806,0.4637717036000151
25551,LOF,0.27650988348051303,0.19499355503326918,0.5284965614862178
25552,LOF,0.24241542681604433,0.22781147514138175,0.5297730980425739
25553,Neutral,0.7444886858759543,0.0972132944578405,0.15829801966620516
25554,LOF,0.2726446762209969,0.18784102352074933,0.5395143002582538
25555,LOF,0.2200126782745439,0.18369505715317283,0.5962922645722832
25556,LOF,0.38075090841975195,0.17997946944793972,0.4392696221323084
25557,LOF,0.20236603125423408,0.20788544344262516,0.5897485253031407
25558,LOF,0.26126684806256817,0.20910439639884723,0.5296287555385847
25559,LOF,0.3008368376914691,0.043943296806321336,0.6552198655022096
25560,LOF,0.07747024131368613,0.1373919568528558,0.785137801833458
25561,LOF,0.05421572784841131,0.25108054630562887,0.6947037258459599
25562,LOF,0.037807656699557525,0.0971801629986883,0.8650121803017542
25563,LOF,0.006762009651608083,0.20734891951435502,0.7858890708340369
25564,LOF,0.05826796052327065,0.041646964198030934,0.9000850752786984
25565,LOF,0.19891027093543479,0.112242619585121,0.6888471094794442
25566,GOF,0.06821802668196644,0.6780895924664064,0.2536923808516272
25567,LOF,0.04490410183204945,0.08888634304495532,0.8662095551229952
25568,LOF,0.08250768549080131,0.06044449148289168,0.857047823026307
25569,LOF,0.07616707399461219,0.057020052903483213,0.8668128731019046
25570,LOF,0.03133009476590935,0.08005933372604573,0.8886105715080449
25571,LOF,0.03129885319723631,0.07299241477728331,0.8957087320254803
25572,LOF,0.05660094695016221,0.08025527631003149,0.8631437767398062
25573,LOF,0.09350383237432867,0.09872414867602489,0.8077720189496465
25574,LOF,0.10612939967891262,0.2210967156201226,0.6727738847009647
25575,LOF,0.02562563064198592,0.08099536737772503,0.8933790019802891
25576,LOF,0.022080612374100403,0.10609714534936479,0.8718222422765348
25577,LOF,0.02792694211537388,0.07659375500274783,0.8954793028818783
25578,LOF,0.30248459497987995,0.06145658063338361,0.6360588243867364
25579,LOF,0.3018280925378147,0.05990214365717717,0.6382697638050081
25580,LOF,0.03007961408725901,0.06765587062581302,0.9022645152869281
25581,LOF,0.049500199436315305,0.08635532860811726,0.8641444719555674
25582,LOF,0.049500199436315305,0.08635532860811726,0.8641444719555674
25583,LOF,0.040670653669677176,0.07730143735585657,0.8820279089744661
25584,Neutral,0.775235679538062,0.054044500471444476,0.17071981999049354
25585,LOF,0.027735772724964372,0.06703239239971155,0.905231834875324
25586,LOF,0.026211089014815957,0.08104803545101506,0.8927408755341689
25587,LOF,0.026782206106024043,0.08186817598774579,0.8913496179062301
25588,LOF,0.03204201238402254,0.057454729728139274,0.9105032578878383
25589,Neutral,0.6479087872250505,0.14744953474767075,0.20464167802727862
25590,LOF,0.07034248643958649,0.07440106151290837,0.8552564520475051
25591,LOF,0.1459142605440582,0.043027616771032264,0.8110581226849095
25592,LOF,0.09941647380539362,0.12757103475211723,0.7730124914424891
25593,LOF,0.1516325412495926,0.2991681895906087,0.5491992691597987
25594,LOF,0.04870742554833746,0.06171598282586382,0.8895765916257987
25595,LOF,0.06076215050745645,0.03497269895990004,0.9042651505326434
25596,LOF,0.13987013832043405,0.01611022460425172,0.8440196370753142
25597,LOF,0.10661730727160694,0.0076100592291467655,0.8857726334992462
25598,LOF,0.056126806925174445,0.03161652699897731,0.9122566660758483
25599,GOF,0.025875484588947357,0.5804111434025535,0.39371337200849904
25600,GOF,0.17901431891481728,0.4680278851278284,0.35295779595735427
25601,LOF,0.04455320837866193,0.39294400989542894,0.5625027817259092
25602,LOF,0.04211727645542263,0.045089696329628344,0.9127930272149491
25603,LOF,0.08642064329700888,0.029671269645173533,0.8839080870578175
25604,LOF,0.08111934754280008,0.07610081408639746,0.8427798383708024
25605,LOF,0.108524615405315,0.1328206352022767,0.7586547493924084
25606,Neutral,0.5599565357217671,0.14533869767332327,0.29470476660490963
25607,LOF,0.04810631660122749,0.11993867709888305,0.8319550062998895
25608,LOF,0.058668443226803285,0.10553022748890539,0.8358013292842913
25609,GOF,0.13452966751960976,0.6479806239064655,0.21748970857392472
25610,LOF,0.01705017419403164,0.10376152715843263,0.8791882986475358
25611,LOF,0.01169600747275669,0.09855697705085562,0.8897470154763877
25612,LOF,0.060287956286876325,0.07081770817361553,0.8688943355395081
25613,LOF,0.06195592658474848,0.07604779630991858,0.8619962771053329
25614,LOF,0.020267107167400957,0.09431914559829799,0.885413747234301
25615,LOF,0.0476727603261345,0.09973110509667678,0.8525961345771887
25616,LOF,0.07247724248470033,0.08964296036406419,0.8378797971512356
25617,LOF,0.046363367021436994,0.1082938574421292,0.8453427755364338
25618,LOF,0.05586732096390516,0.3209284312506339,0.6232042477854609
25619,LOF,0.010807615841964683,0.1846564616853095,0.8045359224727259
25620,LOF,0.039693094754339964,0.09269010822072704,0.8676167970249329
25621,LOF,0.06851371880730488,0.09478068889510517,0.83670559229759
25622,LOF,0.07347148574557982,0.09591620182682582,0.8306123124275944
25623,LOF,0.06116558081422301,0.06804714814315284,0.8707872710426242
25624,LOF,0.018307130313299367,0.11460834842570143,0.8670845212609991
25625,LOF,0.05184700318864777,0.06878800230731771,0.8793649945040345
25626,LOF,0.036465777241197164,0.05228402768167317,0.9112501950771296
25627,Neutral,0.8742288501047353,0.03268582905597682,0.09308532083928785
25628,LOF,0.16867843151511577,0.08938426141434884,0.7419373070705353
25629,LOF,0.07476224359139144,0.07056361260491077,0.8546741438036978
25630,LOF,0.2521372544811057,0.07084384793071129,0.6770188975881831
25631,Neutral,0.4693495388462257,0.06534267677488888,0.46530778437888537
25632,LOF,0.02724353230997638,0.0445006562105961,0.9282558114794276
25633,LOF,0.28068566866508116,0.018814110230452315,0.7005002211044665
25634,LOF,0.05769115866920962,0.030102158934054643,0.9122066823967357
25635,LOF,0.03294640016136689,0.022873646378129248,0.9441799534605039
25636,GOF,0.030596203083886234,0.6110103576187114,0.35839343929740247
25637,LOF,0.03733094759417947,0.4796763194890328,0.4829927329167876
25638,GOF,0.020267737912889914,0.5616194792321622,0.4181127828549479
25639,LOF,0.026389436741070076,0.4004437348859228,0.5731668283730071
25640,Neutral,0.8407390489700242,0.13323473237587316,0.02602621865410268
25641,LOF,0.12187385382839705,0.26581217755137554,0.6123139686202274
25642,LOF,0.11955363580241064,0.17408336265197377,0.7063630015456155
25643,LOF,0.36371012102354,0.19549320891476996,0.44079667006168993
25644,GOF,0.007485846158169414,0.7309020046217525,0.26161214922007814
25645,GOF,0.009875862722688342,0.7053883883911499,0.2847357488861616
25646,GOF,0.01551632178723191,0.5770549344045952,0.4074287438081728
25647,LOF,0.009707742747645371,0.4452479893745729,0.5450442678777817
25648,LOF,0.01234939490352638,0.47204633173300503,0.5156042733634686
25649,LOF,0.008251674334155632,0.31615602964174727,0.6755922960240972
25650,GOF,0.021750049293821225,0.6282254061977948,0.3500245445083841
25651,LOF,0.007475989537669462,0.46568459926984324,0.5268394111924873
25652,GOF,0.005612437768284395,0.6441441578820145,0.35024340434970097
25653,GOF,0.018427323848323376,0.7555107625213776,0.22606191363029912
25654,GOF,0.006275633716106544,0.5845356459504608,0.40918872033343273
25655,GOF,0.05256541700304344,0.8121841120663417,0.13525047093061496
25656,LOF,0.24314810241364548,0.2943383323627535,0.4625135652236011
25657,LOF,0.027646104537399126,0.38843796059214175,0.5839159348704592
25658,LOF,0.16055225967660486,0.35364428220454264,0.48580345811885256
25659,GOF,0.24753391410091902,0.5236438870504954,0.22882219884858573
25660,LOF,0.021643721100055045,0.28543583109250753,0.6929204478074374
25661,LOF,0.04591764406350653,0.21018517890165206,0.7438971770348415
25662,LOF,0.018758453008081894,0.1306797235413024,0.8505618234506157
25663,LOF,0.02114331985670832,0.11188672335147747,0.8669699567918142
25664,LOF,0.06811406692298838,0.186885191821401,0.7450007412556107
25665,LOF,0.03949447839428023,0.08655928084743846,0.8739462407582813
25666,LOF,0.056203181131408916,0.1499206432055914,0.7938761756629997
25667,LOF,0.04612428860815312,0.165529274387477,0.7883464370043699
25668,LOF,0.016302905622399687,0.1813491591215764,0.8023479352560239
25669,LOF,0.015751695492182964,0.1852242692310532,0.7990240352767637
25670,LOF,0.09751943362741129,0.1259220956809093,0.7765584706916794
25671,LOF,0.06869308842975667,0.10187291519451626,0.829433996375727
25672,LOF,0.03489635372130554,0.1482241488856437,0.8168794973930508
25673,LOF,0.06676000279437115,0.12540646364932168,0.8078335335563072
25674,LOF,0.056626864271440785,0.1567523514952151,0.7866207842333441
25675,LOF,0.05295138126370353,0.1731578552870826,0.7738907634492138
25676,LOF,0.01428434086876176,0.15937765597238682,0.8263380031588513
25677,LOF,0.01329384652893382,0.231935807019825,0.7547703464512411
25678,LOF,0.13868264164495467,0.18770430427852658,0.6736130540765188
25679,LOF,0.10240565910172027,0.1659920234683272,0.7316023174299526
25680,LOF,0.014671339696733834,0.2927998135367217,0.6925288467665445
25681,LOF,0.022703452317933043,0.2744346042772008,0.7028619434048663
25682,LOF,0.05755779606770786,0.15896067203294767,0.7834815318993444
25683,LOF,0.06105673123267444,0.13504301543346073,0.8039002533338648
25684,LOF,0.018372343662096408,0.17605226475453584,0.8055753915833679
25685,LOF,0.07726807697173034,0.20844003036739472,0.7142918926608749
25686,LOF,0.04710133014320104,0.292601471927551,0.660297197929248
25687,LOF,0.08363700078667421,0.2888731900667398,0.627489809146586
25688,LOF,0.3946163204118555,0.035457277739713064,0.5699264018484314
25689,LOF,0.2238705744814256,0.035105679305324364,0.74102374621325
25690,LOF,0.31537657806883856,0.03457562455753548,0.650047797373626
25691,Neutral,0.7190468342646041,0.03957796606785137,0.24137519966754464
25692,LOF,0.3908593457569774,0.011320305019514827,0.5978203492235079
25693,LOF,0.09854869714293818,0.342247910340993,0.5592033925160689
25694,LOF,0.09756246980477828,0.023990476418449952,0.8784470537767718
25695,LOF,0.10257828564401836,0.01706681876658409,0.8803548955893976
25696,LOF,0.10237494114448413,0.027436980308667407,0.8701880785468485
25697,LOF,0.06039135424875901,0.08917696758005773,0.8504316781711833
25698,LOF,0.29665594139758183,0.18429542975948815,0.51904862884293
25699,LOF,0.3957804169644256,0.20625776981474397,0.3979618132208305
25700,LOF,0.07835249600307373,0.025414853169864932,0.8962326508270613
25701,LOF,0.17654430333203078,0.11812892472936413,0.705326771938605
25702,GOF,0.1429152241986579,0.7517634693691473,0.1053213064321948
25703,LOF,0.01402728750027195,0.32445718849452465,0.6615155240052034
25704,LOF,0.01959765681082775,0.23122838891100309,0.7491739542781691
25705,LOF,0.0209250474395158,0.2374698985256484,0.7416050540348358
25706,GOF,0.11530779563270174,0.46355790131711877,0.4211343030501795
25707,LOF,0.09135119076787777,0.41360279499827746,0.4950460142338448
25708,GOF,0.04128056804909072,0.4806060089224687,0.47811342302844057
25709,LOF,0.058025408495814744,0.13790049090405312,0.8040741006001321
25710,LOF,0.01698203932216897,0.18503578346822933,0.7979821772096017
25711,LOF,0.016348030384459877,0.2017358836179378,0.7819160859976023
25712,LOF,0.014716772899377232,0.2533888411142567,0.7318943859863661
25713,LOF,0.017497364928834608,0.1930958490851713,0.789406785985994
25714,LOF,0.05894482179523713,0.21770541697943435,0.7233497612253286
25715,LOF,0.011735701928649651,0.26527800623913206,0.7229862918322183
25716,LOF,0.01221549862025005,0.17872879351805449,0.8090557078616955
25717,LOF,0.015165657189967794,0.12131883168462344,0.8635155111254088
25718,LOF,0.01176619298260531,0.1405791260232459,0.8476546809941488
25719,LOF,0.026672082284529015,0.2000600307573661,0.7732678869581049
25720,LOF,0.03062749540101499,0.11581738226849578,0.8535551223304891
25721,LOF,0.011702757501793459,0.23756760740598168,0.7507296350922249
25722,LOF,0.012461938272160434,0.21330899506301318,0.7742290666648263
25723,LOF,0.021622290290155034,0.17614629224767747,0.8022314174621674
25724,LOF,0.04629104737607973,0.40004341805151233,0.553665534572408
25725,LOF,0.011379218707710548,0.2113372278411984,0.777283553451091
25726,LOF,0.012337845804517213,0.22835709994207004,0.7593050542534128
25727,LOF,0.013820499757812823,0.2177579799669806,0.7684215202752066
25728,LOF,0.010999883047111155,0.2665030927239161,0.7224970242289727
25729,LOF,0.01141186913370464,0.27151474762596456,0.7170733832403308
25730,LOF,0.01221031974011213,0.2657846035946417,0.7220050766652462
25731,LOF,0.012986943338098673,0.1780404971034637,0.8089725595584376
25732,LOF,0.012224772428014044,0.11948100887557357,0.8682942186964124
25733,LOF,0.017919226207274774,0.14476223288553736,0.8373185409071878
25734,LOF,0.016459187963938703,0.2060375685192058,0.7775032435168555
25735,LOF,0.01146297578156679,0.1537120160488899,0.8348250081695433
25736,LOF,0.012096556243015411,0.1676162544484448,0.8202871893085398
25737,LOF,0.01347043596245474,0.19103411050514557,0.7954954535323997
25738,LOF,0.012802141633649065,0.24020991570189565,0.7469879426644553
25739,LOF,0.01822052074722601,0.19242113652650886,0.7893583427262651
25740,LOF,0.031468372210599484,0.22655068125573796,0.7419809465336626
25741,LOF,0.015280319522618498,0.2674479476631005,0.717271732814281
25742,LOF,0.10942398726735708,0.1515110162158164,0.7390649965168266
25743,LOF,0.02987712065179425,0.04852222207573878,0.921600657272467
25744,Neutral,0.6507749342317031,0.18108532525690002,0.1681397405113969
25745,LOF,0.04342436638282197,0.09734291404851148,0.8592327195686665
25746,LOF,0.026969916015603116,0.1434220917800739,0.8296079922043229
25747,LOF,0.013299659891747867,0.14071624896282417,0.845984091145428
25748,LOF,0.08616127113375738,0.294418986512367,0.6194197423538756
25749,LOF,0.019823297121648292,0.12110806241988242,0.8590686404584693
25750,LOF,0.04455458088724715,0.11734597312214545,0.8380994459906074
25751,LOF,0.08632761003118476,0.22057837671005778,0.6930940132587573
25752,GOF,0.07256728629598323,0.7375798801800553,0.1898528335239615
25753,LOF,0.018529492397039025,0.43440939776144755,0.5470611098415135
25754,GOF,0.020220644658267978,0.7622561528498087,0.21752320249192336
25755,LOF,0.023863988910109008,0.35836763740319727,0.6177683736866937
25756,GOF,0.03296693151246842,0.5181634242957813,0.44886964419175035
25757,GOF,0.016229951101786676,0.8729980877537885,0.11077196114442464
25758,GOF,0.023878619506008662,0.834117322035172,0.14200405845881947
25759,GOF,0.014636773557088308,0.7215457064269276,0.2638175200159839
25760,LOF,0.015919590996879993,0.39505980129683715,0.589020607706283
25761,GOF,0.20706165949804312,0.724377598694693,0.06856074180726392
25762,LOF,0.03807930305041378,0.45797285300823004,0.5039478439413562
25763,LOF,0.013319735323984212,0.31352763440939946,0.6731526302666163
25764,GOF,0.06286012142534039,0.7767953690352932,0.1603445095393664
25765,GOF,0.03211434321448073,0.7988543207305276,0.16903133605499165
25766,GOF,0.06654595958996709,0.8396053323077144,0.09384870810231838
25767,GOF,0.06691930564054756,0.6723067690072435,0.2607739253522089
25768,LOF,0.07134161850376208,0.07121966105990292,0.8574387204363351
25769,LOF,0.04286743327811007,0.09394122057956532,0.8631913461423246
25770,LOF,0.27341201100404483,0.08667971489037363,0.6399082741055816
25771,LOF,0.0609494145420896,0.04053461440371706,0.8985159710541933
25772,LOF,0.014234876721383898,0.07038908294981817,0.915376040328798
25773,LOF,0.05956479436465837,0.03851575677077218,0.9019194488645695
25774,LOF,0.032975916768064314,0.11733467550558623,0.8496894077263494
25775,LOF,0.07565981581699528,0.032415664990740625,0.8919245191922642
25776,LOF,0.057287062002825906,0.0446954781598681,0.8980174598373061
25777,Neutral,0.48962115214933,0.04360525657474642,0.4667735912759236
25778,LOF,0.047487140087749874,0.07875301765934845,0.8737598422529017
25779,Neutral,0.5348548277275416,0.32604599365878095,0.13909917861367752
25780,Neutral,0.4724334460300765,0.30515231366033585,0.2224142403095877
25781,GOF,0.1568193561979524,0.5059878303392062,0.33719281346284136
25782,GOF,0.2774849918773409,0.4297563781224135,0.2927586300002457
25783,GOF,0.032425695269407716,0.5612970874720522,0.40627721725854016
25784,Neutral,0.7114113969837725,0.1589699692344202,0.1296186337818072
25785,Neutral,0.6558058818023659,0.15254102123910612,0.19165309695852797
25786,GOF,0.03259637371726517,0.5416618331221363,0.4257417931605986
25787,Neutral,0.8224796704945452,0.07950760118970063,0.0980127283157542
25788,LOF,0.05875412932270317,0.031244003093227588,0.9100018675840692
25789,GOF,0.3176877799073944,0.3589588895803473,0.3233533305122583
25790,LOF,0.31792458574582494,0.3240435482254327,0.35803186602874243
25791,LOF,0.19992473046730053,0.37451505274327435,0.425560216789425
25792,Neutral,0.4464880500964579,0.2386268969766402,0.31488505292690194
25793,LOF,0.2901331483382362,0.2381824439440505,0.47168440771771325
25794,Neutral,0.39032479656935537,0.2668662791799845,0.3428089242506601
25795,LOF,0.08612661800918116,0.4184824710134473,0.49539091097737165
25796,Neutral,0.6025934457091581,0.19267824251042706,0.2047283117804149
25797,LOF,0.10969608504427426,0.30005366916606085,0.5902502457896648
25798,LOF,0.013898627873619136,0.33165827817823573,0.6544430939481451
25799,LOF,0.013071626897065324,0.3164330996662782,0.6704952734366565
25800,LOF,0.05386783640894127,0.4151533149024751,0.5309788486885836
25801,GOF,0.29513785821028665,0.4310425435382682,0.2738195982514451
25802,LOF,0.07197177749774772,0.4378810528588796,0.4901471696433726
25803,LOF,0.052360127496144306,0.36700987448361216,0.5806299980202436
25804,LOF,0.04730973414992333,0.3922065408736238,0.5604837249764529
25805,LOF,0.10114911659441823,0.42259512794301546,0.4762557554625663
25806,LOF,0.1367020672126827,0.3729053310177647,0.4903926017695526
25807,LOF,0.027413181730590944,0.3906546382826869,0.5819321799867221
25808,LOF,0.1054869629404135,0.35550762981879064,0.5390054072407959
25809,LOF,0.02365529884367924,0.33162448133095046,0.6447202198253703
25810,LOF,0.02735553135612025,0.32756816426017155,0.6450763043837082
25811,Neutral,0.6608617925485363,0.19859901500764962,0.1405391924438142
25812,LOF,0.04854593885466541,0.35425707157929504,0.5971969895660396
25813,Neutral,0.6598097352401847,0.10511772173041167,0.23507254302940359
25814,LOF,0.1738380402744597,0.3826958497174807,0.4434661100080595
25815,Neutral,0.36422273757054785,0.3086046261545431,0.3271726362749091
25816,LOF,0.022363279930384197,0.3908668452805423,0.5867698747890735
25817,GOF,0.294436200331933,0.4322174600845638,0.27334633958350324
25818,LOF,0.04226670982135739,0.3135792280087936,0.644154062169849
25819,Neutral,0.4177169098661181,0.22817582219566848,0.3541072679382134
25820,LOF,0.22455445665415677,0.33773302651290216,0.4377125168329411
25821,LOF,0.07613464722766143,0.40182475396164075,0.5220405988106979
25822,LOF,0.3069302468671058,0.30659395942466255,0.3864757937082316
25823,LOF,0.04872866339405026,0.39378770009930186,0.5574836365066479
25824,LOF,0.12236785794213582,0.2885290958925407,0.5891030461653235
25825,LOF,0.04532389295883263,0.31369061279914623,0.6409854942420212
25826,LOF,0.01545815933491597,0.3263185462858429,0.658223294379241
25827,LOF,0.027701581292288315,0.3960760003346027,0.576222418373109
25828,LOF,0.021464113103200604,0.32951572766145426,0.6490201592353451
25829,LOF,0.0103435880734815,0.35462511021150006,0.6350313017150184
25830,LOF,0.03311466663661247,0.06458234555793882,0.9023029878054486
25831,GOF,0.21934794100465432,0.47303925128803725,0.30761280770730853
25832,LOF,0.048666646765979746,0.4224732577821836,0.5288600954518367
25833,GOF,0.16854343405806038,0.4170045224849002,0.4144520434570394
25834,LOF,0.06051648338679965,0.41641311099482253,0.5230704056183778
25835,LOF,0.1633443187916895,0.38473576819703076,0.45191991301127965
25836,LOF,0.06557956904790145,0.4424330931377959,0.49198733781430265
25837,LOF,0.03424473529964168,0.36516243879434673,0.6005928259060116
25838,GOF,0.13888370207907838,0.4557906157898395,0.40532568213108205
25839,Neutral,0.42470471284199746,0.2533740542054592,0.3219212329525433
25840,GOF,0.3031532918517622,0.3503275956662868,0.34651911248195094
25841,LOF,0.33889111248026954,0.31378694266865587,0.34732194485107465
25842,LOF,0.256404501293653,0.3302687018466742,0.4133267968596729
25843,GOF,0.2962799634187704,0.40023043950366183,0.30348959707756784
25844,LOF,0.09572532623128961,0.3317781278690968,0.5724965458996136
25845,LOF,0.019725819106423306,0.38421493609508844,0.5960592447984883
25846,LOF,0.15121065636489497,0.4112986193701375,0.43749072426496755
25847,GOF,0.15781462868572102,0.451081866445753,0.3911035048685261
25848,LOF,0.05683894556220851,0.3680484522856342,0.5751126021521574
25849,LOF,0.01703409888968882,0.3573162127540568,0.6256496883562545
25850,LOF,0.029428442300359955,0.4209714782902482,0.5496000794093918
25851,LOF,0.023040614530323883,0.40167993985688677,0.5752794456127894
25852,LOF,0.15344452462536673,0.3353705030866748,0.5111849722879585
25853,Neutral,0.4169313367201895,0.3555976173282376,0.2274710459515729
25854,LOF,0.02750210192529156,0.4806364335602183,0.4918614645144903
25855,LOF,0.06118202836085594,0.3324969467678783,0.6063210248712658
25856,LOF,0.3002103905365828,0.31146366529144065,0.3883259441719766
25857,LOF,0.05262003568818073,0.3329940335719188,0.6143859307399006
25858,LOF,0.028206076411873175,0.4627601754406693,0.5090337481474575
25859,LOF,0.014342684779572663,0.47511443979624635,0.510542875424181
25860,Neutral,0.44073412428144804,0.29274770070527534,0.2665181750132767
25861,Neutral,0.4286470174516895,0.3916118761394842,0.17974110640882643
25862,GOF,0.08937050458006074,0.5180754769481173,0.39255401847182186
25863,GOF,0.09271662154308283,0.5425725971907608,0.36471078126615647
25864,GOF,0.22814431510665595,0.5301775316440407,0.24167815324930333
25865,GOF,0.10290925934337469,0.5883127716810264,0.3087779689755989
25866,GOF,0.0951563841713897,0.6032021989661754,0.3016414168624349
25867,GOF,0.11577797911969552,0.6282667414449671,0.2559552794353373
25868,GOF,0.2730220444256665,0.36722021712013925,0.3597577384541942
25869,Neutral,0.7730310076089735,0.12773971511159748,0.09922927727942907
25870,LOF,0.2584256355723704,0.0328842998141103,0.7086900646135192
25871,LOF,0.20207613653626974,0.3687612207213086,0.42916264274242166
25872,LOF,0.09515612355433521,0.30152522568155177,0.6033186507641131
25873,LOF,0.15895897438585288,0.3114984194599172,0.52954260615423
25874,LOF,0.02175831810899917,0.03668792858468173,0.9415537533063192
25875,LOF,0.030857852575930277,0.30112111524435453,0.6680210321797152
25876,LOF,0.019426685803277475,0.10458432425913726,0.8759889899375853
25877,LOF,0.29093381462638146,0.24779344278750445,0.461272742586114
25878,LOF,0.10255911873637273,0.3656061010982217,0.5318347801654055
25879,LOF,0.04763265073850475,0.37956603543835493,0.5728013138231403
25880,LOF,0.019358334574761524,0.05635337884039047,0.9242882865848481
25881,LOF,0.38305763893317085,0.11603985390323059,0.5009025071635985
25882,LOF,0.07294336831376552,0.020639430267168496,0.9064172014190659
25883,LOF,0.08761132317219134,0.024344203785291566,0.8880444730425171
25884,LOF,0.0625427005043392,0.04409567157418937,0.8933616279214714
25885,LOF,0.07599482231511562,0.03195175009422574,0.8920534275906586
25886,LOF,0.23972412036648602,0.06212992548782503,0.6981459541456889
25887,LOF,0.3089198044210448,0.09483425440659253,0.5962459411723627
25888,LOF,0.13957862420175962,0.04953918876178238,0.8108821870364581
25889,LOF,0.05917265231917338,0.03512607368797178,0.9057012739928547
25890,LOF,0.07357531514785318,0.09507987456623346,0.8313448102859133
25891,LOF,0.06295591503679213,0.050504810291608374,0.8865392746715995
25892,LOF,0.11041664308977175,0.03534934361950772,0.8542340132907205
25893,LOF,0.3535855097412783,0.030738507340831746,0.61567598291789
25894,LOF,0.19943771043967487,0.015858898812857073,0.7847033907474681
25895,LOF,0.23195992455966524,0.01670224649910213,0.7513378289412327
25896,LOF,0.05520931629768094,0.028180875444542924,0.9166098082577762
25897,LOF,0.24151591690249388,0.031489599630962366,0.7269944834665437
25898,Neutral,0.7524114123598336,0.020447337208719246,0.22714125043144717
25899,LOF,0.22910678309439156,0.1137259187472564,0.6571672981583521
25900,Neutral,0.6068031182122239,0.024692672302860534,0.36850420948491563
25901,LOF,0.050150062991097435,0.030151319017322962,0.9196986179915796
25902,LOF,0.1934969446444442,0.018165288370752493,0.7883377669848034
25903,Neutral,0.5971578217398603,0.04945369476128879,0.3533884834988508
25904,LOF,0.34728118772821326,0.04894701021167602,0.6037718020601107
25905,GOF,0.03299914513281349,0.5621582500059461,0.4048426048612404
25906,LOF,0.022864713171473126,0.09981146481911832,0.8773238220094086
25907,LOF,0.013314470680807055,0.47083131576441223,0.5158542135547807
25908,LOF,0.01460688458377485,0.3096345771384664,0.6757585382777588
25909,LOF,0.0164881739738195,0.3022501364301505,0.6812616895960301
25910,LOF,0.02808066802466946,0.3850194720587485,0.5868998599165821
25911,LOF,0.06447413323024738,0.04816672457000972,0.8873591421997429
25912,LOF,0.028258081997798272,0.11079722834149101,0.8609446896607107
25913,LOF,0.21226016127042593,0.02965688222843052,0.7580829565011434
25914,LOF,0.02060929682172347,0.19903636859341428,0.7803543345848623
25915,GOF,0.3606854709798914,0.4946246534485232,0.14468987557158544
25916,GOF,0.02476451951100277,0.6304023407461985,0.34483313974279883
25917,LOF,0.03129639733946906,0.09383158717534765,0.8748720154851832
25918,LOF,0.024113065712075527,0.104557066714278,0.8713298675736465
25919,LOF,0.02338056325400558,0.10542673804418039,0.871192698701814
25920,GOF,0.1685616837330089,0.4616111549999523,0.36982716126703874
25921,LOF,0.038634964064062916,0.03431666739395837,0.9270483685419787
25922,LOF,0.051358978043470394,0.01917271778187404,0.9294683041746555
25923,LOF,0.3830407112678666,0.03876065948223704,0.5781986292498964
25924,LOF,0.04266379623599608,0.03043473657408798,0.926901467189916
25925,LOF,0.08669574963500006,0.046569470265625634,0.8667347800993743
25926,LOF,0.06492604376357398,0.02838208908025874,0.9066918671561673
25927,LOF,0.07733750200106702,0.16568570146889827,0.7569767965300348
25928,LOF,0.02565204489987577,0.023526736327937666,0.9508212187721866
25929,Neutral,0.4924506860909084,0.0354059928978908,0.4721433210112008
25930,LOF,0.08680631025253549,0.024354202687836116,0.8888394870596283
25931,LOF,0.03444846875461139,0.014910778974056453,0.950640752271332
25932,LOF,0.03340402922737579,0.017450130706739845,0.9491458400658843
25933,LOF,0.04366514080726207,0.014082774719857069,0.9422520844728809
25934,LOF,0.02920143128463725,0.020488615174414856,0.9503099535409479
25935,LOF,0.08259338584938439,0.036491029300377294,0.8809155848502382
25936,LOF,0.044901420251413825,0.01637109493447658,0.9387274848141095
25937,LOF,0.0371655537383946,0.026595918284921638,0.9362385279766836
25938,LOF,0.0766684846120869,0.05046256484878073,0.8728689505391324
25939,LOF,0.035516504134126076,0.019385308031269748,0.9450981878346042
25940,GOF,0.029279160280106527,0.5388528787665279,0.43186796095336566
25941,LOF,0.23442294361606306,0.029455588266984703,0.7361214681169521
25942,LOF,0.020778911569219325,0.012410698639252477,0.9668103897915281
25943,LOF,0.3958360699077625,0.021911672498974973,0.5822522575932626
25944,Neutral,0.5237429650371059,0.014408138502630743,0.4618488964602634
25945,LOF,0.08542507426455995,0.035576317352200265,0.8789986083832398
25946,LOF,0.03230038495352268,0.21248625044427147,0.7552133646022059
25947,LOF,0.13102162069440845,0.2377686117522068,0.6312097675533849
25948,LOF,0.4332165939105719,0.009401407695581235,0.557381998393847
25949,LOF,0.11007758140891058,0.028304893610854337,0.861617524980235
25950,GOF,0.17842650022411394,0.44611255935129096,0.3754609404245952
25951,LOF,0.24410294784213923,0.17145591695806825,0.5844411351997925
25952,LOF,0.05064457830440387,0.41928761866605246,0.5300678030295437
25953,LOF,0.16832521784664056,0.19650501881021307,0.6351697633431463
25954,Neutral,0.48861064058382225,0.29053204904265695,0.22085731037352072
25955,LOF,0.05380833599899094,0.16785186623603005,0.7783397977649791
25956,LOF,0.22271605851174725,0.0596100798680196,0.7176738616202331
25957,LOF,0.051342690326084586,0.02872651781737222,0.9199307918565431
25958,LOF,0.07661260934119699,0.036077966096882706,0.8873094245619203
25959,LOF,0.16694738287318825,0.30782835175496437,0.5252242653718474
25960,LOF,0.03916751181018225,0.06217775637408081,0.8986547318157369
25961,LOF,0.08029308696031952,0.05553213893608077,0.8641747741035998
25962,LOF,0.05016405480489072,0.044795965478597995,0.9050399797165112
25963,LOF,0.05949573731867106,0.1563053268924339,0.784198935788895
25964,LOF,0.028533500853903663,0.24868774040649036,0.7227787587396061
25965,Neutral,0.5368892117875015,0.0512295819292433,0.41188120628325514
25966,GOF,0.29159504304539763,0.38396896656104573,0.3244359903935567
25967,LOF,0.012430401154438846,0.1675509599907214,0.8200186388548398
25968,LOF,0.07775751632463612,0.33375145200870304,0.5884910316666608
25969,LOF,0.022076404991029804,0.054477427717811305,0.9234461672911589
25970,LOF,0.05050864724317934,0.034790112097854015,0.9147012406589667
25971,LOF,0.08121440628827839,0.022421802202576353,0.8963637915091454
25972,LOF,0.07435750723181576,0.029777147281398714,0.8958653454867855
25973,LOF,0.0958805517404797,0.014965648039275583,0.8891538002202446
25974,LOF,0.395621030153761,0.023406153412633083,0.5809728164336059
25975,LOF,0.04655041153141519,0.039925696136342635,0.9135238923322422
25976,LOF,0.03877656785914615,0.02781633504953218,0.9334070970913217
25977,LOF,0.12094526906534538,0.13801171648156932,0.7410430144530853
25978,LOF,0.16571312258533136,0.11521963950208283,0.7190672379125859
25979,LOF,0.15289668261287492,0.09406557590191846,0.7530377414852066
25980,LOF,0.19001688543739564,0.14238710032465013,0.6675960142379542
25981,LOF,0.19001688543739564,0.14238710032465013,0.6675960142379542
25982,LOF,0.34023949529477665,0.10107028384227269,0.5586902208629507
25983,LOF,0.3426730764049739,0.13425182066701605,0.5230751029280101
25984,LOF,0.0316604247260361,0.0821737036670357,0.8861658716069282
25985,LOF,0.027995400884675833,0.3161228777320698,0.6558817213832543
25986,LOF,0.031099917324003183,0.34734974278172726,0.6215503398942696
25987,LOF,0.09137873264155517,0.07389131503948691,0.834729952318958
25988,LOF,0.05697423767067352,0.09297026946343921,0.8500554928658873
25989,LOF,0.021757383848197722,0.16716981093673874,0.8110728052150635
25990,LOF,0.03033703150353309,0.1630735871631184,0.8065893813333486
25991,GOF,0.14630580733423962,0.4392557504406581,0.41443844222510234
25992,GOF,0.32156317740333196,0.3494864641611809,0.32895035843548714
25993,LOF,0.02270676180796145,0.1938241440212118,0.7834690941708268
25994,LOF,0.014313839719085834,0.2501263015198088,0.7355598587611053
25995,LOF,0.019515242557955472,0.22337531342720088,0.7571094440148437
25996,GOF,0.0870301577659103,0.6038929165161318,0.30907692571795786
25997,GOF,0.034997240479894415,0.6051458540572656,0.35985690546283994
25998,LOF,0.4035797409664231,0.015638496641249253,0.5807817623923277
25999,LOF,0.13671075400735866,0.3597770829706011,0.5035121630220402
26000,LOF,0.06248104266367659,0.032663163731160315,0.9048557936051631
26001,LOF,0.1355758366393272,0.06710476214399504,0.7973194012166778
26002,LOF,0.07196698840614255,0.06650952612207606,0.8615234854717814
26003,GOF,0.0075527405781021205,0.8010215249524395,0.19142573446945835
26004,GOF,0.017683771379527268,0.8437362683331513,0.13857996028732147
26005,GOF,0.008439454781063054,0.6811491565341379,0.310411388684799
26006,GOF,0.3948594900341128,0.49279374430490974,0.11234676566097751
26007,GOF,0.012318175636200274,0.8058910509496686,0.1817907734141311
26008,GOF,0.010248561834089488,0.8386475856212989,0.15110385254461153
26009,GOF,0.01777898348927177,0.8866487170849193,0.0955722994258088
26010,GOF,0.01589017500037427,0.8746645718599729,0.10944525313965284
26011,GOF,0.00721668779439485,0.6432563335918409,0.34952697861376425
26012,GOF,0.011758576218473144,0.7787167863587582,0.20952463742276875
26013,GOF,0.009856521168712313,0.8331726968142367,0.15697078201705095
26014,LOF,0.04687860766360256,0.09290673829049759,0.8602146540458998
26015,LOF,0.22344899599544638,0.007597796626734077,0.7689532073778195
26016,LOF,0.31557410570934435,0.030125342654331397,0.6543005516363243
26017,LOF,0.19798141953431364,0.05647172067876292,0.7455468597869235
26018,LOF,0.07643035175902411,0.018656065358014253,0.9049135828829616
26019,LOF,0.07912092322081077,0.01280577452130188,0.9080733022578874
26020,LOF,0.08511488227387949,0.04805234442047716,0.8668327733056433
26021,LOF,0.07650993421622887,0.06319394589975881,0.8602961198840122
26022,LOF,0.015913847772955764,0.026455250327215154,0.957630901899829
26023,LOF,0.16685994798498116,0.01618969327254453,0.8169503587424742
26024,LOF,0.03871490872355802,0.0607703467394787,0.9005147445369631
26025,LOF,0.24072494349010506,0.06239546802451462,0.6968795884853803
26026,LOF,0.4809061775321125,0.013678819877022312,0.5054150025908652
26027,LOF,0.0843917912916177,0.010614974909421634,0.9049932337989606
26028,LOF,0.24671137518301872,0.07493131282595354,0.6783573119910277
26029,LOF,0.13680688940134028,0.16340465482636538,0.6997884557722944
26030,LOF,0.044821250069956256,0.0515727646174365,0.9036059853126073
26031,LOF,0.03768042594993444,0.139077660435455,0.8232419136146106
26032,LOF,0.09045892048791246,0.041387272415051406,0.868153807097036
26033,LOF,0.24666301201346597,0.053762382589212176,0.6995746053973219
26034,LOF,0.06460432832450409,0.11270561314916451,0.8226900585263314
26035,LOF,0.04536346738543808,0.1290179018593742,0.8256186307551878
26036,LOF,0.06380435251689807,0.1145836737293688,0.8216119737537332
26037,LOF,0.036757807348634486,0.10300370126895887,0.8602384913824066
26038,LOF,0.08983314471908427,0.03997428726127484,0.8701925680196408
26039,LOF,0.0834904760461737,0.12334004008613443,0.7931694838676918
26040,LOF,0.400271077081299,0.07745798011637761,0.5222709428023233
26041,LOF,0.03672781179528241,0.09696639778845145,0.8663057904162662
26042,LOF,0.037711372443167836,0.08641210429409148,0.8758765232627407
26043,LOF,0.09364434964354969,0.05201775955514801,0.8543378908013022
26044,LOF,0.04263922163381904,0.06456568916279869,0.8927950892033824
26045,LOF,0.11303323074533196,0.09820920625198414,0.7887575630026838
26046,LOF,0.10505771295217865,0.05662336361934896,0.8383189234284725
26047,LOF,0.14136462856251125,0.05265063182323186,0.8059847396142568
26048,LOF,0.08994643018278276,0.04649727365729128,0.863556296159926
26049,Neutral,0.9388450441863898,0.011415728142062782,0.049739227671547384
26050,Neutral,0.9160647403049209,0.012940162520457568,0.07099509717462159
26051,GOF,0.05561136169916509,0.5176999535960811,0.42668868470475374
26052,GOF,0.04356664103086324,0.5807524382182286,0.37568092075090803
26053,LOF,0.05213327217782691,0.3116546147373963,0.6362121130847769
26054,LOF,0.06717201152799816,0.06065145591387372,0.8721765325581282
26055,LOF,0.0764883237586204,0.06760722810336305,0.8559044481380166
26056,LOF,0.058765721505767025,0.07845407442214249,0.8627802040720906
26057,LOF,0.029104919065201698,0.04597871017001254,0.9249163707647858
26058,LOF,0.029097178550622674,0.04227849627961055,0.9286243251697668
26059,LOF,0.3701323733554186,0.10281683001744348,0.5270507966271379
26060,LOF,0.03822827459673079,0.34483501043455006,0.6169367149687192
26061,LOF,0.022127034992089244,0.07608024936229711,0.9017927156456136
26062,LOF,0.016695298596649432,0.0575637886479272,0.9257409127554234
26063,LOF,0.025100109553741975,0.04419049614611152,0.9307093943001464
26064,LOF,0.03016274278244966,0.05708860924787193,0.9127486479696785
26065,LOF,0.028557939893635968,0.04709454326694883,0.9243475168394151
26066,LOF,0.021466216475472272,0.0560259659170362,0.9225078176074916
26067,LOF,0.02433242412191531,0.0438752478558413,0.9317923280222433
26068,LOF,0.052067301796336514,0.07935565597754866,0.8685770422261148
26069,LOF,0.398950469913395,0.06906704907453853,0.5319824810120665
26070,Neutral,0.6110823694985037,0.04141651561782135,0.3475011148836751
26071,LOF,0.024509907306977764,0.06105328557001749,0.9144368071230048
26072,LOF,0.027478909537906035,0.08112643136593917,0.8913946590961547
26073,LOF,0.028314030334918205,0.04097317460000904,0.9307127950650728
26074,Neutral,0.8821393109522522,0.017025085820023166,0.10083560322772452
26075,LOF,0.048012625323042124,0.06032934275634451,0.8916580319206134
26076,LOF,0.03755869589202794,0.03683927758031239,0.9256020265276595
26077,LOF,0.013100714859463576,0.08462502615953678,0.9022742589809997
26078,LOF,0.016618253981697403,0.05864752326305113,0.9247342227552515
26079,LOF,0.05306536688543625,0.06255850946199502,0.8843761236525688
26080,LOF,0.05306536688543625,0.06255850946199502,0.8843761236525688
26081,LOF,0.033130397274320315,0.038437660648746035,0.9284319420769336
26082,LOF,0.02548347332016198,0.04348271230349421,0.9310338143763438
26083,LOF,0.0939254794377273,0.057262516863591656,0.8488120036986812
26084,LOF,0.029196566881107507,0.05947392539028711,0.9113295077286053
26085,LOF,0.02318714017211236,0.053603352621195914,0.9232095072066917
26086,LOF,0.02479834405588393,0.05622793264649512,0.918973723297621
26087,LOF,0.026566741464696335,0.04926813770774892,0.9241651208275546
26088,LOF,0.02586583506567394,0.07773406413410477,0.8964001008002211
26089,LOF,0.0490384070318121,0.0552164970968007,0.8957450958713872
26090,LOF,0.045932804426038164,0.04952697356966585,0.904540222004296
26091,LOF,0.04339891261552375,0.03078710148263237,0.9258139859018438
26092,LOF,0.02822614147111382,0.03892645893587794,0.9328473995930083
26093,LOF,0.0396011528029006,0.02598559363815461,0.9344132535589449
26094,LOF,0.045498893877526675,0.02234349523171073,0.9321576108907627
26095,LOF,0.05413074630197947,0.07076038099533705,0.8751088727026836
26096,LOF,0.022258150425204667,0.050142839601485474,0.9275990099733099
26097,LOF,0.013932260316401978,0.12176108350265687,0.8643066561809412
26098,LOF,0.06155683168385211,0.054233790874893245,0.8842093774412547
26099,LOF,0.02435606920628681,0.0845333184617698,0.8911106123319434
26100,LOF,0.02435606920628681,0.0845333184617698,0.8911106123319434
26101,LOF,0.06016690542955595,0.07320413490417595,0.8666289596662682
26102,LOF,0.025989155826706155,0.05548056479610045,0.9185302793771933
26103,Neutral,0.8137932267733015,0.08327529607870436,0.10293147714799418
26104,LOF,0.04630716280493247,0.11262939319895418,0.8410634439961133
26105,LOF,0.3241304250377643,0.0805362795625123,0.5953332953997234
26106,LOF,0.17558720409600304,0.04047853253866547,0.7839342633653315
26107,LOF,0.2875037115289799,0.0510015895321908,0.6614946989388292
26108,LOF,0.17776354094914867,0.05108760005843359,0.7711488589924177
26109,LOF,0.049430783497818924,0.17584096223598789,0.7747282542661932
26110,LOF,0.29028498132887837,0.03638175735324908,0.6733332613178725
26111,LOF,0.404791577085023,0.04940438970189509,0.5458040332130819
26112,LOF,0.04041817817731028,0.03353008933242981,0.92605173249026
26113,LOF,0.04989348890608151,0.0752963046767353,0.8748102064171832
26114,LOF,0.03512203359510286,0.024685003663320687,0.9401929627415765
26115,LOF,0.15688578778878176,0.05190653315942218,0.7912076790517961
26116,LOF,0.09055023566468869,0.03783903321028585,0.8716107311250255
26117,LOF,0.2564510025593383,0.2254831512754191,0.5180658461652426
26118,LOF,0.03633800905161248,0.04073619666027462,0.9229257942881129
26119,LOF,0.028558320848340403,0.1201047672830959,0.8513369118685638
26120,LOF,0.03328604353921166,0.05903633731607234,0.9076776191447159
26121,LOF,0.060393032104453445,0.12098827170375658,0.8186186961917901
26122,LOF,0.07417333797519701,0.12395807500314229,0.8018685870216608
