feature0,prediction,LoGoFunc_Neutral,LoGoFunc_GOF,LoGoFunc_LOF
25546,Neutral,0.6134755292266352,0.05983763248391366,0.3266868382894511
25547,Neutral,0.47049768985975376,0.0977357834325076,0.43176652670773863
25548,Neutral,0.4857958641031368,0.07815351363135949,0.43605062226550384
25549,LOF,0.4197440036584625,0.07945619736825062,0.5007997989732869
25550,LOF,0.3490122675316665,0.1109148761739405,0.5400728562943931
25551,LOF,0.30696717955527664,0.12038929237654379,0.5726435280681795
25552,LOF,0.2620763937850776,0.11752691197371727,0.620396694241205
25553,Neutral,0.7952079043863619,0.04613608463537633,0.15865601097826165
25554,LOF,0.3014410670479524,0.10929244645660836,0.5892664864954392
25555,LOF,0.258992457329753,0.10215183071779971,0.6388557119524473
25556,LOF,0.4450777798262485,0.08993967087583553,0.46498254929791594
25557,LOF,0.24275202466672646,0.11033871951293536,0.6469092558203381
25558,LOF,0.3056775529398671,0.10903030933999959,0.5852921377201333
25559,LOF,0.23717784675155149,0.13900986624224076,0.6238122870062077
25560,LOF,0.17083020844249405,0.12392032995883105,0.7052494615986749
25561,LOF,0.16173901355245912,0.1387015046270854,0.6995594818204555
25562,LOF,0.07183297351229653,0.08718576819740158,0.8409812582903018
25563,LOF,0.021895294425658775,0.16147876819584694,0.8166259373784942
25564,LOF,0.21161502329103124,0.1261655880048466,0.6622193887041221
25565,LOF,0.2112408165585387,0.14689205270705044,0.6418671307344108
25566,GOF,0.0984885175973254,0.7090881692303915,0.19242331317228306
25567,LOF,0.04461406100418778,0.15427764940738742,0.8011082895884248
25568,LOF,0.0631454660305314,0.07514228637849783,0.8617122475909709
25569,LOF,0.0625453397905133,0.07979866379758188,0.8576559964119048
25570,LOF,0.028060615372452486,0.11217137885554998,0.8597680057719975
25571,LOF,0.02667901032404884,0.11710391368432338,0.8562170759916279
25572,LOF,0.06059823325566023,0.1304830610348084,0.8089187057095314
25573,LOF,0.06231717461732216,0.09536808002682057,0.8423147453558573
25574,LOF,0.060645474995504454,0.20429754165408648,0.7350569833504089
25575,LOF,0.02327745910889336,0.12784150780754647,0.8488810330835602
25576,LOF,0.03043486415583079,0.1617653524206799,0.8077997834234893
25577,LOF,0.03101077231071991,0.12446235047322195,0.8445268772160582
25578,LOF,0.2944015086934266,0.09102142938345682,0.6145770619231166
25579,LOF,0.12752884314833554,0.09873918991036533,0.7737319669412992
25580,LOF,0.021073748491101135,0.08690919448287408,0.8920170570260249
25581,LOF,0.055608116645487635,0.0695889482923591,0.8748029350621532
25582,LOF,0.05527253818145261,0.06762189480399246,0.877105567014555
25583,LOF,0.022069952479279953,0.0850500199994947,0.8928800275212253
25584,Neutral,0.706254860810662,0.1084889328600444,0.18525620632929357
25585,LOF,0.025394819395629643,0.1653199752572873,0.8092852053470831
25586,LOF,0.01826793295866815,0.07419869887276373,0.9075333681685681
25587,LOF,0.01771859977344901,0.06706321482180129,0.9152181854047496
25588,LOF,0.02101004521852204,0.0725379319397257,0.9064520228417523
25589,Neutral,0.5241409856483786,0.2084155870030805,0.26744342734854076
25590,LOF,0.04582351986754098,0.12668469075512234,0.8274917893773367
25591,LOF,0.09410692120419756,0.061508332645791176,0.8443847461500112
25592,LOF,0.05714612912708253,0.15239916262626516,0.7904547082466522
25593,LOF,0.1495598357396605,0.2588433062398493,0.5915968580204901
25594,LOF,0.056034903684952814,0.10688108977469529,0.8370840065403519
25595,LOF,0.05716165199480508,0.07688894716747435,0.8659494008377207
25596,LOF,0.11312538284189516,0.03986064872941382,0.847013968428691
25597,LOF,0.0893556850018977,0.05020352601244344,0.8604407889856588
25598,LOF,0.060141028060541765,0.07647098055528617,0.8633879913841721
25599,LOF,0.018460260607584968,0.49050267697433814,0.49103706241807693
25600,GOF,0.16468381387074488,0.5389845956926442,0.2963315904366109
25601,LOF,0.03928366818377708,0.43757396716513985,0.5231423646510831
25602,LOF,0.036253508401389516,0.06730600148093413,0.8964404901176765
25603,LOF,0.031469922037671544,0.03468572197851046,0.933844355983818
25604,LOF,0.032257237339875316,0.07383372721491313,0.8939090354452116
25605,LOF,0.03299165575913839,0.18425705822158803,0.7827512860192737
25606,LOF,0.4320527948382111,0.11502686154636332,0.4529203436154256
25607,LOF,0.02773667167564553,0.1640066944286253,0.8082566338957292
25608,LOF,0.03542955095614857,0.06946823650303488,0.8951022125408166
25609,GOF,0.15917961079624876,0.5043820611579681,0.3364383280457831
25610,LOF,0.016606105267940482,0.029044956758516316,0.9543489379735431
25611,LOF,0.013900264482298518,0.03406366114960371,0.9520360743680978
25612,LOF,0.04856333007268087,0.0425791396233227,0.9088575303039964
25613,LOF,0.04565992456960085,0.04270075792308038,0.9116393175073187
25614,LOF,0.02203306158814674,0.025326152324332957,0.9526407860875202
25615,LOF,0.04374760279481388,0.042910872471126585,0.9133415247340596
25616,LOF,0.05209336143294704,0.029672244067744883,0.918234394499308
25617,LOF,0.04528387935607029,0.04051252548898405,0.9142035951549456
25618,LOF,0.04875196418138441,0.036316031174946604,0.9149320046436691
25619,LOF,0.013472775099163378,0.0346481766028514,0.9518790482979852
25620,LOF,0.06317304646796118,0.04420867308474195,0.8926182804472969
25621,LOF,0.05703548594494768,0.037308649840353265,0.905655864214699
25622,LOF,0.06492312212312366,0.033838576086598966,0.9012383017902774
25623,LOF,0.07231257042117753,0.02719482277527114,0.9004926068035514
25624,LOF,0.01892551771739118,0.03511667334401722,0.9459578089385916
25625,LOF,0.06177025053772002,0.040055435305452206,0.8981743141568277
25626,LOF,0.04740867003766373,0.04018664287306126,0.9124046870892749
25627,Neutral,0.9009248981551983,0.017549374240845603,0.0815257276039561
25628,LOF,0.15262610315877984,0.0574460551408685,0.7899278417003516
25629,LOF,0.06581570284692823,0.0448615257936105,0.8893227713594611
25630,LOF,0.3104984362036614,0.07352991108302129,0.6159716527133173
25631,Neutral,0.5903689565682392,0.06468306903199011,0.34494797439977076
25632,LOF,0.027823264762625068,0.05893266544155354,0.9132440697958213
25633,LOF,0.15419708989581696,0.03542869297840742,0.8103742171257755
25634,LOF,0.03557560022705911,0.07210252258780607,0.8923218771851349
25635,LOF,0.03577358518981254,0.04010559383558807,0.9241208209745995
25636,LOF,0.03198518680221342,0.47719493800448587,0.4908198751933007
25637,GOF,0.0688936054494152,0.5182511115692622,0.4128552829813227
25638,LOF,0.027118798593462456,0.39259562994301567,0.5802855714635219
25639,LOF,0.03137146930576958,0.4132434712928321,0.5553850594013984
25640,Neutral,0.7815242359391024,0.1750279923134362,0.043447771747461596
25641,LOF,0.06915113188893394,0.43292895979710366,0.4979199083139625
25642,LOF,0.048365155040379346,0.15980448758990579,0.7918303573697149
25643,LOF,0.19845232934377136,0.12704399350302076,0.6745036771532079
25644,LOF,0.0234409206602258,0.4215106934278468,0.5550483859119274
25645,LOF,0.027600891967027273,0.3714741727981336,0.6009249352348391
25646,LOF,0.06018697657507261,0.2954535413601657,0.6443594820647616
25647,LOF,0.02791708530026136,0.2293522719423006,0.742730642757438
25648,LOF,0.037728999917543894,0.2302569644195587,0.7320140356628974
25649,LOF,0.01918360460581214,0.21564737023027086,0.7651690251639169
25650,LOF,0.05688605277768102,0.3643235678281372,0.5787903793941818
25651,LOF,0.019254397136240824,0.2581784548938719,0.7225671479698873
25652,LOF,0.03692093137338898,0.23061602441288365,0.7324630442137273
25653,LOF,0.09414509438011226,0.365273357256708,0.5405815483631797
25654,LOF,0.027518099556236505,0.1959379242351476,0.7765439762086159
25655,LOF,0.24689891268980096,0.35744988145144646,0.3956512058587526
25656,LOF,0.3493726833600617,0.054205040685212987,0.5964222759547253
25657,LOF,0.06752096617216467,0.054985903197845624,0.8774931306299898
25658,LOF,0.36876075264728725,0.048053177333503234,0.5831860700192095
25659,Neutral,0.5472014346136356,0.07116598244317003,0.38163258294319435
25660,LOF,0.021341899242328446,0.08422586279758212,0.8944322379600893
25661,LOF,0.0950696894238836,0.06250034034828439,0.8424299702278321
25662,LOF,0.0346666049550092,0.0358910841279075,0.9294423109170834
25663,LOF,0.04595866618578251,0.04964495460135899,0.9043963792128584
25664,LOF,0.13406667823752738,0.06613542297196494,0.7997978987905077
25665,LOF,0.056023944906615004,0.03249853107321281,0.9114775240201721
25666,LOF,0.08927339046938695,0.07614727770035393,0.8345793318302591
25667,LOF,0.07578349837387098,0.03968530063133396,0.884531200994795
25668,LOF,0.03978285426756122,0.047815532315496845,0.9124016134169419
25669,LOF,0.03308269499313986,0.05158524082604948,0.9153320641808107
25670,LOF,0.1415368466725442,0.05800747463090682,0.8004556786965491
25671,LOF,0.11788684751925307,0.03651541819749658,0.8455977342832502
25672,LOF,0.052453216260167246,0.043144457661545524,0.9044023260782871
25673,LOF,0.0804098933757647,0.04748894132490659,0.8721011652993286
25674,LOF,0.07165650550961467,0.05589718015820473,0.8724463143321807
25675,LOF,0.12181055968423943,0.058935861298272905,0.8192535790174876
25676,LOF,0.019235933640125873,0.054280180274940866,0.9264838860849333
25677,LOF,0.0262353649017227,0.07596418072886074,0.8978004543694165
25678,LOF,0.22773459214321168,0.06312623865401448,0.7091391692027739
25679,LOF,0.12589651455268552,0.08071386025851617,0.7933896251887983
25680,LOF,0.03316322501273774,0.12493264516097863,0.8419041298262836
25681,LOF,0.052839100513168036,0.11721756706965786,0.8299433324171741
25682,LOF,0.1525305782623151,0.07898049618145207,0.7684889255562329
25683,LOF,0.12104747559831544,0.095181379118974,0.7837711452827106
25684,LOF,0.04481450181272424,0.07773736398272597,0.8774481342045497
25685,LOF,0.13705364718369706,0.048112213127209216,0.8148341396890938
25686,LOF,0.07721501117010608,0.07873755146461693,0.844047437365277
25687,LOF,0.12210785546573273,0.0783651649893594,0.7995269795449079
25688,LOF,0.305777341438644,0.039151307236519634,0.6550713513248364
25689,LOF,0.25487375023336944,0.04193990157185186,0.7031863481947787
25690,LOF,0.3188691123756157,0.03195266604816369,0.6491782215762205
25691,Neutral,0.7045496141577854,0.02671522277482987,0.2687351630673848
25692,LOF,0.3611971889314055,0.011325232109521495,0.627477578959073
25693,LOF,0.051355003744877906,0.3895272120037819,0.5591177842513403
25694,LOF,0.1066779007670811,0.01652661187280132,0.8767954873601176
25695,LOF,0.107115456444924,0.016144138670512825,0.8767404048845633
25696,LOF,0.1274889764170696,0.010163928856067097,0.8623470947268632
25697,LOF,0.09196404828659088,0.031061834960132678,0.8769741167532765
25698,LOF,0.3499643239833944,0.1863732931052743,0.4636623829113313
25699,LOF,0.478518291942822,0.034181082644358846,0.48730062541281916
25700,LOF,0.07278075533790669,0.00893162048797861,0.9182876241741148
25701,LOF,0.15218989550731835,0.04933837663994193,0.7984717278527398
25702,GOF,0.15706335823174566,0.6300847060586181,0.21285193570963623
25703,LOF,0.014981286675662467,0.15955278005489093,0.8254659332694466
25704,LOF,0.04072216310824409,0.10929577295528607,0.8499820639364698
25705,LOF,0.04991681500138773,0.15310459267806792,0.7969785923205442
25706,LOF,0.09987830584402925,0.44458845966757793,0.45553323448839284
25707,LOF,0.0932580567223358,0.38549826519796937,0.5212436780796948
25708,LOF,0.028518095324688967,0.3387226331736208,0.6327592715016903
25709,LOF,0.07004676091711289,0.041158206024597785,0.8887950330582893
25710,LOF,0.011157365336199838,0.15427087609293363,0.8345717585708666
25711,LOF,0.01987467054948193,0.1007812633574368,0.8793440660930814
25712,LOF,0.013247330993874146,0.19573901250913595,0.7910136564969898
25713,LOF,0.01823019782104397,0.08599442181350479,0.8957753803654513
25714,LOF,0.07738906606919677,0.08517007764436295,0.8374408562864403
25715,LOF,0.01138965233607969,0.1451505463229372,0.8434598013409831
25716,LOF,0.012707834988284959,0.11501318683081059,0.8722789781809044
25717,LOF,0.011637392184692784,0.0801403079170101,0.9082222998982971
25718,LOF,0.01201586975081036,0.10339210009015316,0.8845920301590365
25719,LOF,0.01832751735437817,0.08026713752932364,0.9014053451162981
25720,LOF,0.022780504478413427,0.06604581447483464,0.911173681046752
25721,LOF,0.014635852510425837,0.11809290823527549,0.8672712392542987
25722,LOF,0.013860122897448503,0.12682773780032264,0.8593121393022289
25723,LOF,0.02269503577423512,0.041408766998744406,0.9358961972270204
25724,LOF,0.03108644344162593,0.08497947348578977,0.8839340830725844
25725,LOF,0.011523416080502214,0.06744091036588583,0.9210356735536119
25726,LOF,0.015610731926056264,0.10664512628155236,0.8777441417923914
25727,LOF,0.013104803357389231,0.0759210524004062,0.9109741442422046
25728,LOF,0.00971098179244389,0.1243169574806905,0.8659720607268656
25729,LOF,0.010060757258356456,0.11898223599916229,0.8709570067424812
25730,LOF,0.013770330591022157,0.08983578951529497,0.8963938798936828
25731,LOF,0.01864816393711776,0.11172834295818045,0.8696234931047018
25732,LOF,0.014572446491120184,0.08093836927652505,0.9044891842323548
25733,LOF,0.015645042735081816,0.07375477097149315,0.9106001862934251
25734,LOF,0.011645163802720935,0.12229391400396017,0.8660609221933189
25735,LOF,0.013503170029132257,0.08708950462199215,0.8994073253488757
25736,LOF,0.01496722666606068,0.10229469014537404,0.8827380831885653
25737,LOF,0.0122538696534671,0.08333373682240301,0.9044123935241298
25738,LOF,0.012295702241593912,0.10758148026896173,0.8801228174894444
25739,LOF,0.021021124589035173,0.0824983742624847,0.8964805011484801
25740,LOF,0.026452840452364585,0.11444353952143853,0.8591036200261969
25741,LOF,0.01447724116577107,0.11615371697339985,0.8693690418608292
25742,LOF,0.12029904832651239,0.09036266289756051,0.789338288775927
25743,LOF,0.035359455078334594,0.035960549889816666,0.9286799950318486
25744,Neutral,0.5533377278257982,0.20600918270698326,0.2406530894672186
25745,LOF,0.07281984114582145,0.06724391512832721,0.8599362437258514
25746,LOF,0.03725605111653366,0.08629231891718418,0.8764516299662821
25747,LOF,0.021752112436979595,0.05649714396909839,0.9217507435939221
25748,LOF,0.0887612468346643,0.08132607078715906,0.8299126823781767
25749,LOF,0.02517897591263233,0.08069336117714829,0.8941276629102194
25750,LOF,0.07556044208630752,0.08942686502187401,0.8350126928918186
25751,LOF,0.09780953186224431,0.08281769159887956,0.8193727765388761
25752,GOF,0.12924848267669267,0.6395322848841652,0.23121923243914205
25753,LOF,0.02078547322209439,0.253416533188698,0.7257979935892076
25754,GOF,0.010953763272792348,0.7888410500993532,0.20020518662785433
25755,LOF,0.024250822699439064,0.36731401575070827,0.6084351615498527
25756,LOF,0.043105627516639405,0.33739688643137333,0.6194974860519873
25757,GOF,0.014282732146878105,0.8294493031970123,0.15626796465610962
25758,GOF,0.029076943085554433,0.8056721256547623,0.16525093125968343
25759,GOF,0.011098077050533338,0.5644337714503762,0.42446815149909056
25760,LOF,0.011414213004715361,0.24685822659307413,0.7417275604022106
25761,GOF,0.27807828982227045,0.6291953212754636,0.09272638890226598
25762,LOF,0.03627790624583646,0.2381422740581006,0.7255798196960629
25763,LOF,0.013887594918806007,0.1881488358684635,0.7979635692127304
25764,GOF,0.07699299374311068,0.5982918221578424,0.32471518409904687
25765,GOF,0.03905321700810798,0.7285250128124892,0.23242177017940288
25766,GOF,0.06816844221243537,0.740850332358581,0.19098122542898363
25767,GOF,0.14670801912309667,0.5731431272838253,0.28014885359307795
25768,LOF,0.11027898118304447,0.07433850668039571,0.8153825121365599
25769,LOF,0.060336794427005104,0.05828987967072346,0.8813733259022714
25770,LOF,0.30601775724522584,0.0842406676968337,0.6097415750579405
25771,LOF,0.04052058759716251,0.047806083169538875,0.9116733292332987
25772,LOF,0.018434245031875306,0.03642992279929701,0.9451358321688277
25773,LOF,0.04382476856890151,0.08740153034160457,0.8687737010894938
25774,LOF,0.029552087512494746,0.06947220970475966,0.9009757027827456
25775,LOF,0.05074716923421104,0.046040048641645015,0.903212782124144
25776,LOF,0.07882089506453742,0.023871225991706876,0.8973078789437557
25777,LOF,0.36171065513568335,0.05517519340528787,0.5831141514590288
25778,LOF,0.07668022979906185,0.04481004464718395,0.8785097255537541
25779,GOF,0.36142569688475573,0.5905594981699289,0.048014804945315445
25780,GOF,0.3190927182951516,0.6140238104112754,0.06688347129357296
25781,GOF,0.13061417524385707,0.7594837356135465,0.10990208914259653
25782,GOF,0.1956688783344394,0.7254900611099622,0.07884106055559834
25783,GOF,0.022990754273834433,0.6086343669699351,0.3683748787562305
25784,Neutral,0.5061920784314603,0.45063396734949224,0.0431739542190475
25785,GOF,0.4734348812687583,0.4886183706417514,0.037946748089490306
25786,GOF,0.026713113051859475,0.7409891531764219,0.2322977337717187
25787,Neutral,0.625841808520404,0.35027110677859485,0.02388708470100121
25788,LOF,0.06194105740441656,0.10184545813339624,0.8362134844621872
25789,GOF,0.22724251224446698,0.6532409554848032,0.11951653227072993
25790,GOF,0.2290181170337522,0.6706995229163317,0.10028236004991606
25791,GOF,0.18033276195527548,0.6684512389423606,0.1512159991023639
25792,GOF,0.38605981303585096,0.5018813177975333,0.11205886916661578
25793,GOF,0.2675699980049127,0.523267451918728,0.20916255007635917
25794,GOF,0.2847481893264218,0.5357718674817107,0.17947994319186764
25795,GOF,0.08615726039347368,0.6763565700030632,0.23748616960346325
25796,Neutral,0.5631310708333395,0.3581431333247363,0.07872579584192439
25797,GOF,0.08927865398054818,0.5548344268728845,0.35588691914656734
25798,GOF,0.009545680804253179,0.507717564673658,0.4827367545220889
25799,LOF,0.007789934270224269,0.36864227564620117,0.6235677900835744
25800,GOF,0.036715341917787,0.5976122532163601,0.36567240486585284
25801,GOF,0.23289195918714797,0.6223308218195943,0.14477721899325774
25802,GOF,0.0852551490502165,0.6672362644276479,0.24750858652213556
25803,GOF,0.03488702011266114,0.5639687764344788,0.4011442034528599
25804,LOF,0.03514705680665788,0.4776651895703417,0.48718775362300043
25805,GOF,0.10556186628352121,0.5540598020205775,0.34037833169590126
25806,GOF,0.09911311055149304,0.5813677643070365,0.3195191251414704
25807,GOF,0.02048844194878946,0.6087508265507029,0.37076073150050765
25808,GOF,0.08492855483453825,0.6194402721240746,0.29563117304138714
25809,GOF,0.02266541624839164,0.5882673914502417,0.3890671923013668
25810,GOF,0.019940334480120933,0.6217172894346011,0.3583423760852779
25811,GOF,0.44801409048174085,0.4709338829130485,0.08105202660521062
25812,GOF,0.030997274067242373,0.6493182114761388,0.3196845144566189
25813,Neutral,0.5105951096698649,0.3988380898399621,0.09056680049017295
25814,GOF,0.11789627555182677,0.6545265236518555,0.22757720079631769
25815,GOF,0.19132429279818106,0.6265828205055968,0.1820928866962223
25816,GOF,0.023601807614119143,0.6769356796568001,0.29946251272908075
25817,GOF,0.23299019549600322,0.640962987127913,0.12604681737608378
25818,GOF,0.057701395174165074,0.6319964779923464,0.31030212683348857
25819,GOF,0.34851264285575,0.5008658420894389,0.15062151505481125
25820,GOF,0.18486233462885734,0.6017162392011439,0.21342142616999873
25821,GOF,0.05998130615486211,0.6647244533409333,0.27529424050420465
25822,GOF,0.218247010698418,0.5570014171824846,0.22475157211909733
25823,GOF,0.03494820573206511,0.5171007447636596,0.4479510495042753
25824,GOF,0.08936560732445967,0.5750004535794391,0.3356339390961011
25825,GOF,0.03731208691931055,0.5777510895264707,0.3849368235542187
25826,GOF,0.01475883958486874,0.5506519560942769,0.43458920432085446
25827,GOF,0.021078878940304305,0.5957026062485774,0.3832185148111184
25828,GOF,0.012072325749596517,0.51669085382154,0.47123682042886345
25829,GOF,0.0057866088441318195,0.5721614330453828,0.42205195811048546
25830,LOF,0.03213875739457065,0.3361866462933239,0.6316745963121054
25831,GOF,0.1993410285199349,0.6669792504964654,0.13367972098359965
25832,GOF,0.03484740814528738,0.6923253749611968,0.2728272168935158
25833,GOF,0.12305075601314584,0.7018814124632904,0.17506783152356384
25834,GOF,0.03696457425300835,0.6998632458473935,0.2631721798995982
25835,GOF,0.08146586829538713,0.745390559907323,0.17314357179729
25836,GOF,0.03902412068089288,0.69860006370816,0.26237581561094736
25837,GOF,0.025745118534604032,0.5780387925724897,0.3962160888929064
25838,GOF,0.09053254103492467,0.7763367865394152,0.1331306724256603
25839,GOF,0.30226165418888057,0.561863386057346,0.13587495975377342
25840,GOF,0.2552765260309883,0.6031489898273149,0.1415744841416968
25841,GOF,0.2501204202112169,0.6170253306009142,0.13285424918786887
25842,GOF,0.18351998404966421,0.6872924683581698,0.12918754759216597
25843,GOF,0.2476587391310239,0.6625641730809063,0.08977708778806973
25844,GOF,0.06824379152616414,0.7005254693190079,0.23123073915482795
25845,LOF,0.017560503202409972,0.4783774533783459,0.5040620434192441
25846,GOF,0.13542468776838215,0.7133657099190649,0.15120960231255295
25847,GOF,0.1230772365821901,0.7710659327880288,0.10585683062978099
25848,GOF,0.043190372331722376,0.6974463716653252,0.25936325600295246
25849,GOF,0.012047628498919936,0.5739123738225823,0.41403999767849775
25850,GOF,0.023424378552796932,0.66022396172193,0.31635165972527307
25851,GOF,0.01954854539992547,0.5312223190092268,0.44922913559084776
25852,GOF,0.1735927196146615,0.5616342530072854,0.2647730273780529
25853,GOF,0.37637416419660935,0.5523211404178177,0.07130469538557295
25854,GOF,0.022689391856314262,0.6138447488900279,0.3634658592536579
25855,GOF,0.03755412811105773,0.5689807442230101,0.393465127665932
25856,GOF,0.2561666068432625,0.5339906259271701,0.20984276722956752
25857,GOF,0.03700192899508967,0.5091474791367974,0.45385059186811294
25858,GOF,0.020143189249899784,0.5492714364108285,0.4305853743392717
25859,GOF,0.010153870577484713,0.5231392735424242,0.4667068558800911
25860,GOF,0.38504165035682425,0.5427453441910123,0.07221300545216346
25861,GOF,0.42794156505698316,0.4920421116206915,0.08001632332232546
25862,GOF,0.09777430935472488,0.765499706977421,0.13672598366785402
25863,GOF,0.09114148549328879,0.7711628685374312,0.13769564596928
25864,GOF,0.2139662062289473,0.711557376033395,0.0744764177376578
25865,GOF,0.08922467831545093,0.785794349410904,0.12498097227364513
25866,GOF,0.06020775183289931,0.7945694332783896,0.14522281488871117
25867,GOF,0.08940193975111625,0.8092238064427947,0.10137425380608903
25868,GOF,0.2618380562409859,0.6371094537829568,0.1010524899760573
25869,Neutral,0.697163259312279,0.2684117356910335,0.03442500499668743
25870,GOF,0.28068339393701425,0.38780316735169895,0.3315134387112867
25871,GOF,0.23557365373307249,0.6074709588624897,0.1569553874044378
25872,GOF,0.08713708914918629,0.6502006023747569,0.2626623084760568
25873,GOF,0.1358697049246598,0.6851469183027074,0.17898337677263276
25874,LOF,0.018427116006884844,0.1167254871132954,0.8648473968798198
25875,LOF,0.10322222500729851,0.031636924519305235,0.8651408504733963
25876,LOF,0.0356630374944034,0.030711409564977428,0.9336255529406192
25877,LOF,0.46408885921613924,0.04288899620587931,0.4930221445779815
25878,LOF,0.1967114173720125,0.0742748690599518,0.7290137135680357
25879,LOF,0.09545498329735351,0.07624767976818769,0.8282973369344587
25880,LOF,0.024674976198319754,0.01557082810185916,0.9597541956998211
25881,LOF,0.16061567695474238,0.13071411901801877,0.7086702040272388
25882,LOF,0.06330174415290116,0.020415166687656628,0.9162830891594422
25883,LOF,0.0842633604019435,0.02241845351143933,0.8933181860866172
25884,LOF,0.03309763727296135,0.03442640899398011,0.9324759537330585
25885,LOF,0.05801654631910247,0.014333127332119526,0.927650326348778
25886,LOF,0.2395945401041821,0.042544008893163794,0.7178614510026541
25887,LOF,0.1518384526309975,0.08171444027392848,0.766447107095074
25888,LOF,0.06997925096415662,0.0728874822800977,0.8571332667557456
25889,LOF,0.0434720215551169,0.025471662953883627,0.9310563154909993
25890,LOF,0.051531658934805,0.15490578687683004,0.7935625541883651
25891,LOF,0.03751766205092186,0.06340936581559409,0.8990729721334841
25892,LOF,0.09478688597846766,0.021555626889620687,0.8836574871319116
25893,LOF,0.2490565737844821,0.019290051237530782,0.7316533749779871
25894,LOF,0.18095792657194065,0.010929621613600355,0.808112451814459
25895,LOF,0.2223774625253507,0.01964733062296162,0.7579752068516877
25896,LOF,0.0492935808092542,0.022486800536724395,0.9282196186540215
25897,LOF,0.27288919738356493,0.011503139238283083,0.715607663378152
25898,Neutral,0.6971394338957224,0.009033286122650214,0.29382727998162744
25899,LOF,0.19595265547370438,0.02104937034170723,0.7829979741845884
25900,LOF,0.4391615696356215,0.014878934502727986,0.5459594958616505
25901,LOF,0.04777692503413743,0.01202705399720473,0.9401960209686578
25902,LOF,0.16160576755881945,0.01240747530411236,0.8259867571370682
25903,Neutral,0.5647277759970282,0.026440392704587288,0.4088318312983844
25904,LOF,0.2680585936574598,0.04730412867800317,0.684637277664537
25905,LOF,0.02300910705515669,0.36492539029320475,0.6120655026516386
25906,LOF,0.029733980619245214,0.08923308855865457,0.8810329308221001
25907,LOF,0.014543129922693226,0.3755067971934696,0.6099500728838372
25908,LOF,0.009512565604810522,0.29066888682475667,0.6998185475704328
25909,LOF,0.013201161220764278,0.15568693935440514,0.8311118994248305
25910,LOF,0.04684098839105065,0.13466421031616382,0.8184948012927855
25911,LOF,0.1851544461815148,0.02048963527149568,0.7943559185469896
25912,LOF,0.049740404211106155,0.043395486590573185,0.9068641091983206
25913,LOF,0.3245217444382707,0.01908818087981473,0.6563900746819145
25914,LOF,0.01956794648477029,0.06464110558298547,0.9157909479322442
25915,Neutral,0.5683275082116271,0.18039256360785969,0.2512799281805131
25916,LOF,0.09723608704499659,0.22294222291560675,0.6798216900393966
25917,LOF,0.06436416004738801,0.05160544446087936,0.8840303954917327
25918,LOF,0.023860332453795298,0.043810377150894725,0.93232929039531
25919,LOF,0.02130162510402013,0.04921289427663061,0.9294854806193493
25920,GOF,0.09790488971559476,0.512473364298706,0.38962174598569926
25921,LOF,0.022005803423809225,0.03286947536494311,0.9451247212112476
25922,LOF,0.030631074835924248,0.02373455840252495,0.9456343667615508
25923,LOF,0.41834264131641946,0.029518343707733038,0.5521390149758474
25924,LOF,0.034449355745034896,0.03706897576617918,0.9284816684887859
25925,LOF,0.06562802843228473,0.03278644946790301,0.9015855220998122
25926,LOF,0.04828783035629113,0.028971089369484053,0.9227410802742247
25927,LOF,0.06077723223394688,0.10194789613759037,0.8372748716284627
25928,LOF,0.017696493851713513,0.041927062677012086,0.9403764434712744
25929,Neutral,0.5398103021549476,0.03175778270965139,0.4284319151354009
25930,LOF,0.04840832140224508,0.026805676517045338,0.9247860020807097
25931,LOF,0.022045088220297847,0.0251496170162624,0.9528052947634398
25932,LOF,0.02440940015719878,0.021397359976000247,0.9541932398668009
25933,LOF,0.03388609389108823,0.01524229614921909,0.9508716099596928
25934,LOF,0.02322191094211428,0.01942973580938697,0.9573483532484987
25935,LOF,0.05674085191902106,0.04171825784715372,0.9015408902338251
25936,LOF,0.04263736355172291,0.02035902058784748,0.9370036158604295
25937,LOF,0.025979720713436977,0.030244915063027702,0.9437753642235354
25938,LOF,0.057899625308802306,0.042912086426912216,0.8991882882642855
25939,LOF,0.037718212518459665,0.01741076817687026,0.9448710193046702
25940,LOF,0.03323757349091238,0.39256160130996487,0.5742008251991229
25941,LOF,0.18688260166715934,0.11101994105949328,0.7020974572733474
25942,LOF,0.014582241505420509,0.033713745874048746,0.9517040126205308
25943,LOF,0.30415791151835747,0.058564091281878936,0.6372779971997636
25944,Neutral,0.4927840247424732,0.023979568891190264,0.48323640636633663
25945,LOF,0.06422438086218103,0.02158516767603627,0.9141904514617827
25946,LOF,0.027486794544714328,0.11697819472490519,0.8555350107303805
25947,LOF,0.09999770601246662,0.2584908110474172,0.6415114829401163
25948,LOF,0.42001562892389177,0.008988107245306997,0.5709962638308013
25949,LOF,0.11029297572303462,0.03481878335776529,0.8548882409192001
25950,GOF,0.2910884812645683,0.3747360779700637,0.3341754407653679
25951,LOF,0.21115809455178308,0.2400770268952053,0.5487648785530116
25952,LOF,0.04577162769221039,0.4167366188128002,0.5374917534949895
25953,LOF,0.14178961911883287,0.09769230378212031,0.7605180770990468
25954,Neutral,0.4474909812689214,0.15464513664599683,0.3978638820850818
25955,LOF,0.04954817697013294,0.08174642254207949,0.8687054004877875
25956,LOF,0.15345923920239057,0.12380510276236621,0.7227356580352432
25957,LOF,0.037690201491161084,0.033199566670764895,0.9291102318380741
25958,LOF,0.0592191428928255,0.030365296475655643,0.9104155606315188
25959,LOF,0.06777220697019012,0.3983384287233784,0.5338893643064314
25960,LOF,0.018159285387014855,0.055748483206811805,0.9260922314061734
25961,LOF,0.04843003075345932,0.033515179197139255,0.9180547900494014
25962,LOF,0.06271504734295516,0.025892775112472528,0.9113921775445724
25963,LOF,0.053537212000722555,0.17926250795868842,0.7672002800405889
25964,LOF,0.03994614556784118,0.15166813806913532,0.8083857163630236
25965,Neutral,0.46690142129128825,0.08146561473899716,0.4516329639697146
25966,Neutral,0.5176519501017598,0.19045988620524876,0.2918881636929915
25967,LOF,0.015104672307945481,0.11080715130928062,0.8740881763827739
25968,LOF,0.030102070699763825,0.398127859624563,0.5717700696756731
25969,LOF,0.026342856513390803,0.05719351308952328,0.916463630397086
25970,LOF,0.05702841903159724,0.06480547091362017,0.8781661100547826
25971,LOF,0.07258686187251447,0.017416488908632517,0.909996649218853
25972,LOF,0.0708839417734642,0.022034246031399404,0.9070818121951363
25973,LOF,0.06755541428367154,0.011933614652045756,0.9205109710642827
25974,LOF,0.18858390958903187,0.019630811323904145,0.791785279087064
25975,LOF,0.04267998061618005,0.03626266387782675,0.9210573555059931
25976,LOF,0.04122590015244289,0.020047743783132746,0.9387263560644243
25977,LOF,0.15340336849765793,0.09596940897104528,0.7506272225312969
25978,LOF,0.1446802357556037,0.05331241017516504,0.8020073540692313
25979,LOF,0.13373075585071711,0.057008544224536835,0.809260699924746
25980,LOF,0.21565200670483028,0.07027576423014846,0.7140722290650212
25981,LOF,0.24927614439625626,0.06878979575852646,0.6819340598452173
25982,LOF,0.4079119409170906,0.04660323173045177,0.5454848273524576
25983,LOF,0.3979635251615415,0.05572954931856593,0.5463069255198926
25984,LOF,0.05170777182513193,0.043532874679167805,0.9047593534957001
25985,LOF,0.036321971860455944,0.22824117334506966,0.7354368547944744
25986,LOF,0.043156833192128985,0.2836952806901075,0.6731478861177635
25987,LOF,0.07827140802981532,0.062387343958089175,0.8593412480120955
25988,LOF,0.1528782048855063,0.04904153692653739,0.7980802581879564
25989,LOF,0.02965573885936116,0.09951286573266148,0.8708313954079774
25990,LOF,0.041204175165515736,0.12440437605016827,0.8343914487843159
25991,LOF,0.15468967207394313,0.3224150321923676,0.5228952957336893
25992,LOF,0.33229267285678005,0.17096912709229897,0.4967382000509211
25993,LOF,0.0248627033850648,0.07333441904305803,0.9018028775718773
25994,LOF,0.01875244362960359,0.11002122967975987,0.8712263266906365
25995,LOF,0.026333630610802378,0.23512637972948688,0.7385399896597108
25996,GOF,0.29635593011678596,0.47827700235885945,0.22536706752435454
25997,LOF,0.07943031166277144,0.43735733582279407,0.4832123525144347
25998,Neutral,0.5372261872180466,0.023346957239773872,0.4394268555421796
25999,LOF,0.10039114607904973,0.09504574161722988,0.8045631123037204
26000,LOF,0.15382720110141013,0.05175784031395718,0.7944149585846327
26001,LOF,0.1924360580240729,0.058141403285391316,0.7494225386905358
26002,LOF,0.13945843729745278,0.05101885589549695,0.8095227068070503
26003,GOF,0.011236064977491172,0.6078779358490669,0.3808859991734419
26004,GOF,0.01911445145942707,0.6699020128237444,0.31098353571682846
26005,LOF,0.00796213638409007,0.46706423325539714,0.5249736303605128
26006,Neutral,0.5106588418381305,0.25627159202877736,0.23306956613309224
26007,GOF,0.02025429715926423,0.5482380172641126,0.4315076855766232
26008,GOF,0.016877865495114885,0.6422518683198469,0.34087026618503824
26009,GOF,0.02141241142976657,0.6799778722033748,0.2986097163668585
26010,GOF,0.02312050729630719,0.6512611971063237,0.3256182955973692
26011,LOF,0.006601871583376573,0.4861575745155752,0.5072405539010483
26012,GOF,0.013533996209347868,0.5880441737519616,0.3984218300386905
26013,GOF,0.018505841734864095,0.6213923088196045,0.3601018494455314
26014,LOF,0.046976954467027834,0.114830163846923,0.8381928816860491
26015,LOF,0.1769635154115499,0.010855436358447922,0.8121810482300023
26016,LOF,0.21781134209529215,0.056840394640440495,0.7253482632642674
26017,LOF,0.24170008030169934,0.08913107832077252,0.6691688413775282
26018,LOF,0.09224441710071778,0.027437749277765495,0.8803178336215167
26019,LOF,0.08776818592521729,0.021588042888254968,0.8906437711865277
26020,LOF,0.07473178715191044,0.11472099464062017,0.8105472182074694
26021,LOF,0.04861810012080021,0.11998729823782897,0.8313946016413708
26022,LOF,0.011738855247736567,0.03452028895773642,0.953740855794527
26023,LOF,0.10479092413948253,0.018892999581562656,0.8763160762789548
26024,LOF,0.034010820506319005,0.12098074312415857,0.8450084363695224
26025,LOF,0.16282377311920634,0.08952092402163472,0.7476553028591589
26026,LOF,0.32165491789664924,0.0319891126444108,0.6463559694589399
26027,LOF,0.08230133451983863,0.015028714478573119,0.9026699510015882
26028,LOF,0.16679333744913838,0.05915270036119399,0.7740539621896676
26029,LOF,0.07485650392149229,0.21248641284761505,0.7126570832308927
26030,LOF,0.02465077787455812,0.05972276568715097,0.9156264564382909
26031,LOF,0.025818904000673267,0.15501380212874638,0.8191672938705803
26032,LOF,0.0666297543314211,0.07149540968310211,0.8618748359854768
26033,LOF,0.11542496699347038,0.085202584209625,0.7993724487969047
26034,LOF,0.0441679544675112,0.1862756522905694,0.7695563932419194
26035,LOF,0.024894204977232045,0.1696134533058899,0.805492341716878
26036,LOF,0.03826381263292946,0.20228682183769472,0.7594493655293757
26037,LOF,0.021410144221590138,0.13634483981629983,0.8422450159621101
26038,LOF,0.06176489390062582,0.07396845491736652,0.8642666511820077
26039,LOF,0.049773507574144296,0.1773385461157485,0.7728879463101073
26040,LOF,0.18947955710053274,0.15627240625675218,0.6542480366427151
26041,LOF,0.022369811688061222,0.1307090173638839,0.8469211709480549
26042,LOF,0.02096503144851488,0.12187318498407498,0.8571617835674101
26043,LOF,0.06096097319231474,0.08592170352301806,0.8531173232846672
26044,LOF,0.020660173686449543,0.0772025382714279,0.9021372880421226
26045,LOF,0.07123805836515153,0.11614231473193472,0.8126196269029138
26046,LOF,0.06294889319398873,0.08391054641419063,0.8531405603918206
26047,LOF,0.08599250524462987,0.08721632670014294,0.8267911680552272
26048,LOF,0.052110753433085216,0.04649715174616346,0.9013920948207512
26049,Neutral,0.9605158012680961,0.00774056285567147,0.03174363587623254
26050,Neutral,0.9459223915028075,0.009961619711589442,0.044115988785603154
26051,LOF,0.05538671642051934,0.25000431471134127,0.6946089688681395
26052,LOF,0.07819432594972058,0.280242462261437,0.6415632117888423
26053,LOF,0.0531391262658716,0.12758601282346693,0.8192748609106615
26054,LOF,0.05468972204688797,0.01767314048727938,0.9276371374658327
26055,LOF,0.0716274497651474,0.014438360086895198,0.9139341901479573
26056,LOF,0.061377076766575514,0.015704842066971907,0.9229180811664526
26057,LOF,0.027063912239954448,0.011662153031076122,0.9612739347289694
26058,LOF,0.027742426418689715,0.009482284498374367,0.9627752890829359
26059,LOF,0.3110581915518299,0.02099419059844714,0.667947617849723
26060,LOF,0.03618513882952976,0.15480869215499407,0.8090061690154761
26061,LOF,0.016764533171099633,0.00991422749682009,0.9733212393320801
26062,LOF,0.010102565698292605,0.01650338561751125,0.9733940486841962
26063,LOF,0.021083024726252234,0.01131959886690513,0.9675973764068427
26064,LOF,0.021969869461814225,0.019547247054146885,0.958482883484039
26065,LOF,0.022478113308947376,0.010565592440506756,0.9669562942505457
26066,LOF,0.020612342880035325,0.01138090357146111,0.9680067535485036
26067,LOF,0.027261310336149355,0.008909351103285706,0.963829338560565
26068,LOF,0.04632888621653536,0.028177516659164466,0.9254935971243001
26069,LOF,0.2572431368383689,0.018924728514574204,0.723832134647057
26070,LOF,0.40405696323830037,0.015208550753247571,0.580734486008452
26071,LOF,0.02187641013378097,0.012608588144427176,0.9655150017217918
26072,LOF,0.020559492579354226,0.015700547300757022,0.9637399601198888
26073,LOF,0.02304319144943786,0.010586009621840873,0.9663707989287214
26074,Neutral,0.8971384235863923,0.005154526835513242,0.09770704957809456
26075,LOF,0.044327282183207,0.01394083788280852,0.9417318799339846
26076,LOF,0.04517349930122726,0.009145630571559,0.9456808701272137
26077,LOF,0.009823633601914671,0.017228860073206276,0.9729475063248791
26078,LOF,0.012624791616602061,0.011571364355418848,0.9758038440279792
26079,LOF,0.06000409163208263,0.015796766260308296,0.924199142107609
26080,LOF,0.05929499861574248,0.01580877960179588,0.9248962217824617
26081,LOF,0.034173155345396375,0.0063637836899009806,0.9594630609647027
26082,LOF,0.01401264045602793,0.016076934390422733,0.9699104251535493
26083,LOF,0.12550290635606098,0.013102779013467653,0.8613943146304712
26084,LOF,0.026249370053411887,0.012380570880574725,0.9613700590660134
26085,LOF,0.022859891852925834,0.011886091491533267,0.9652540166555408
26086,LOF,0.02197970781484947,0.011935932989151911,0.9660843591959987
26087,LOF,0.0275759372856824,0.008083193819111927,0.9643408688952058
26088,LOF,0.014968426698432699,0.022570368646484856,0.9624612046550823
26089,LOF,0.046085951900015444,0.021343902737096018,0.9325701453628885
26090,LOF,0.04511795786210044,0.016555723134988952,0.9383263190029105
26091,LOF,0.03645417701524738,0.006140855463888052,0.9574049675208645
26092,LOF,0.02441520027435799,0.00808103811187915,0.9675037616137628
26093,LOF,0.03857392111511531,0.005953208283021013,0.9554728706018637
26094,LOF,0.039840647236692166,0.00619172913129445,0.9539676236320134
26095,LOF,0.04424578661222902,0.012261473299063646,0.9434927400887073
26096,LOF,0.018128312819817725,0.01222409473074643,0.9696475924494359
26097,LOF,0.0110324770113699,0.034209066018097506,0.9547584569705325
26098,LOF,0.07487141884818942,0.009517822169481866,0.9156107589823286
26099,LOF,0.023348130005188622,0.011821841497220365,0.9648300284975909
26100,LOF,0.025758007397768543,0.011490878276059595,0.9627511143261719
26101,LOF,0.05274395708380321,0.014605130162266446,0.9326509127539303
26102,LOF,0.023257578405651794,0.013014729117321648,0.9637276924770266
26103,Neutral,0.8840424581389821,0.017689875908950506,0.09826766595206739
26104,LOF,0.07751017476351155,0.02290030246854891,0.8995895227679396
26105,LOF,0.20347478036644906,0.3212129463242254,0.47531227330932546
26106,LOF,0.2106741440988501,0.12238797526617326,0.6669378806349766
26107,LOF,0.22889155995354799,0.09551719651999482,0.675591243526457
26108,LOF,0.27098969563158937,0.12266383435723473,0.6063464700111759
26109,LOF,0.10362272694047486,0.05590811813377685,0.8404691549257484
26110,LOF,0.2558234885692085,0.008273292916565044,0.7359032185142266
26111,Neutral,0.4983010570471804,0.02543920087249456,0.47625974208032507
26112,LOF,0.034905821368104654,0.008121000747941738,0.9569731778839536
26113,LOF,0.06179336902316867,0.016327278908043984,0.9218793520687875
26114,LOF,0.023926905494531196,0.028391096708336463,0.9476819977971324
26115,LOF,0.08863808378719294,0.05300215254215062,0.8583597636706564
26116,LOF,0.06305852278572092,0.05688384031428304,0.8800576368999959
26117,LOF,0.4314165590927312,0.044942143188792104,0.5236412977184768
26118,LOF,0.03533215029585081,0.02513015823471703,0.9395376914694322
26119,LOF,0.02390512182021699,0.030526365360647414,0.9455685128191356
26120,LOF,0.029829310198966504,0.022278000274361758,0.9478926895266717
26121,LOF,0.04014016767227283,0.07815187418038463,0.8817079581473426
26122,LOF,0.044261302436169145,0.03322156351957256,0.9225171340442584
