feature0,prediction,LoGoFunc_Neutral,LoGoFunc_GOF,LoGoFunc_LOF
25546,Neutral,0.6266732976942481,0.059481413067083586,0.31384528923866845
25547,Neutral,0.5106186260480539,0.09644813405302755,0.3929332398989186
25548,Neutral,0.5098699751166624,0.08036434432080578,0.4097656805625319
25549,LOF,0.4363104936280124,0.08211472522024545,0.4815747811517422
25550,LOF,0.36030510601141524,0.09116507145356607,0.5485298225350187
25551,LOF,0.31259861234524294,0.10216049370417905,0.585240893950578
25552,LOF,0.2778407666861275,0.11079071298756628,0.6113685203263062
25553,Neutral,0.7807334169756248,0.05134697593302405,0.1679196070913512
25554,LOF,0.3102752352635096,0.10427465947063014,0.5854501052658603
25555,LOF,0.27454442283071945,0.09459425619989811,0.6308613209693825
25556,Neutral,0.46070620987630495,0.09680758645786419,0.44248620366583075
25557,LOF,0.2710708400899913,0.09971228268430045,0.6292168772257083
25558,LOF,0.3180854348048064,0.0985855555754179,0.5833290096197759
25559,LOF,0.23967377473793586,0.05581451538878753,0.7045117098732766
25560,LOF,0.07840172751587207,0.17037295189955465,0.7512253205845733
25561,LOF,0.09267374776209977,0.22713648638711387,0.6801897658507864
25562,LOF,0.03905669614668357,0.11949695010131758,0.8414463537519988
25563,LOF,0.010039746055552436,0.17790772488327042,0.8120525290611771
25564,LOF,0.08306304087006032,0.12363188506509935,0.7933050740648403
25565,LOF,0.16507776620793194,0.13200171104353417,0.7029205227485339
25566,GOF,0.06545432632918978,0.6287479705594405,0.3057977031113697
25567,LOF,0.03564796454259663,0.14836254694089096,0.8159894885165123
25568,LOF,0.05613892548115379,0.09518282530962521,0.848678249209221
25569,LOF,0.058760250775422664,0.08933030757656708,0.8519094416480103
25570,LOF,0.028834100255631694,0.13360525040960686,0.8375606493347614
25571,LOF,0.02624791478204765,0.13426857434244108,0.8394835108755113
25572,LOF,0.06278066949519068,0.17538503138684478,0.7618342991179645
25573,LOF,0.059329979463916896,0.12170987746832557,0.8189601430677574
25574,LOF,0.06043568295055752,0.2118964442217537,0.7276678728276887
25575,LOF,0.025658661499012362,0.13965090343207148,0.8346904350689163
25576,LOF,0.02891783501802157,0.20543329855826017,0.7656488664237182
25577,LOF,0.03462863943967654,0.15664920663575552,0.8087221539245679
25578,LOF,0.2823027046978364,0.11434153224182693,0.6033557630603367
25579,LOF,0.17962839391049426,0.10813803126428594,0.7122335748252199
25580,LOF,0.02268562717871013,0.10385334867550074,0.8734610241457891
25581,LOF,0.047883622172176364,0.09443250670126425,0.8576838711265594
25582,LOF,0.0475691431268199,0.09226784959994296,0.8601630072732371
25583,LOF,0.028087594995417665,0.09372641581979592,0.8781859891847865
25584,Neutral,0.7077195687564243,0.11990521353180537,0.1723752177117704
25585,LOF,0.021625032903658963,0.18767749634020633,0.7906974707561346
25586,LOF,0.018590761203683814,0.09599575089725401,0.8854134878990622
25587,LOF,0.01854916146916682,0.08728286438172446,0.8941679741491086
25588,LOF,0.022907961668529875,0.08658705266688296,0.8905049856645872
25589,Neutral,0.5283677538874743,0.2248693743524995,0.24676287176002623
25590,LOF,0.04903053990261256,0.1380925151542111,0.8128769449431763
25591,LOF,0.07562447727725202,0.0815505322100221,0.8428249905127259
25592,LOF,0.0657918868226857,0.16545576872415094,0.7687523444531634
25593,LOF,0.11292940476140861,0.28428191510144896,0.6027886801371425
25594,LOF,0.055253830212477435,0.054863672658265854,0.8898824971292567
25595,LOF,0.05680497632099329,0.030724993933963347,0.9124700297450433
25596,LOF,0.11334357238862557,0.016623488919567237,0.8700329386918072
25597,LOF,0.0840381633352868,0.0202675428479186,0.8956942938167946
25598,LOF,0.055121044409795206,0.03436278892183888,0.910516166668366
25599,LOF,0.02346767293782113,0.349809221782049,0.62672310528013
25600,LOF,0.15653690473009,0.41820365295303213,0.4252594423168779
25601,LOF,0.04189055560945425,0.29557023494342616,0.6625392094471195
25602,LOF,0.027430366217184633,0.07663480368576087,0.8959348300970545
25603,LOF,0.03540798439122933,0.06727205155711216,0.8973199640516585
25604,LOF,0.04208152587857993,0.1084185289888025,0.8494999451326176
25605,LOF,0.02834273492384513,0.21456987935961253,0.7570873857165423
25606,LOF,0.40350643429073924,0.1488342721797537,0.44765929352950695
25607,LOF,0.02468282714407935,0.24255759826445975,0.7327595745914609
25608,LOF,0.03570320914074525,0.13002005674691908,0.8342767341123357
25609,GOF,0.13693702081532563,0.4875692365461009,0.3754937426385734
25610,LOF,0.01677610881625165,0.05742175394627664,0.9258021372374718
25611,LOF,0.014190124219745687,0.0658886261471788,0.9199212496330755
25612,LOF,0.054284066438756134,0.07022835681135368,0.8754875767498902
25613,LOF,0.049119088733742926,0.07403930567697337,0.8768416055892838
25614,LOF,0.026105884696458817,0.05259394016975814,0.921300175133783
25615,LOF,0.044946829961885364,0.07880819675724249,0.8762449732808723
25616,LOF,0.060622528387040145,0.06327911742154406,0.8760983541914158
25617,LOF,0.04848001645246034,0.06639700123297727,0.8851229823145623
25618,LOF,0.05524718629128087,0.09260876096506711,0.8521440527436521
25619,LOF,0.0137446667195602,0.06920551454854179,0.917049818731898
25620,LOF,0.06073937148828921,0.07566086160277807,0.8635997669089327
25621,LOF,0.06306915526688396,0.06871791570477352,0.8682129290283426
25622,LOF,0.06549024372456787,0.07742665841921084,0.8570830978562214
25623,LOF,0.061245978740855654,0.04856412382109603,0.8901898974380483
25624,LOF,0.02113992044272335,0.06271086467548631,0.9161492148817902
25625,LOF,0.06487585157712625,0.06578977013681142,0.8693343782860624
25626,LOF,0.055257752976329864,0.06906895380836173,0.8756732932153084
25627,Neutral,0.8772151422910202,0.028685058552413354,0.09409979915656651
25628,LOF,0.16420142554554423,0.06824995119673728,0.7675486232577186
25629,LOF,0.07100880228198098,0.07578645987191863,0.8532047378461004
25630,LOF,0.2624483515973406,0.08983588274139961,0.6477157656612599
25631,Neutral,0.5453034585410852,0.07420156506439961,0.3804949763945152
25632,LOF,0.02971798605266416,0.09541701268163166,0.8748650012657042
25633,LOF,0.20418897908717923,0.05873729231077821,0.7370737286020426
25634,LOF,0.042841087766229725,0.11464690923368198,0.8425120030000883
25635,LOF,0.037270644354424204,0.05286178429133691,0.9098675713542389
25636,GOF,0.030655125301186092,0.5678877267960172,0.4014571479027968
25637,GOF,0.05967075133830296,0.5573266145548563,0.38300263410684077
25638,LOF,0.02950688793142226,0.48513425394481835,0.4853588581237594
25639,GOF,0.03291786761882317,0.48682315132546067,0.4802589810557161
25640,Neutral,0.8557469607427249,0.08626091833996742,0.05799212091730764
25641,LOF,0.10076584007393385,0.44961383649014924,0.44962032343591696
25642,LOF,0.08322038007390599,0.17298615459810035,0.7437934653279936
25643,LOF,0.29117868347780035,0.14045588265072176,0.5683654338714779
25644,GOF,0.009268009607388153,0.6221201426358388,0.3686118477567729
25645,GOF,0.010513834109378905,0.5997949927867705,0.3896911731038506
25646,LOF,0.025451108142548095,0.45830530623069954,0.5162435856267523
25647,LOF,0.011687123406427849,0.3633761965989392,0.624936679994633
25648,LOF,0.014029089051613838,0.4585402814668648,0.5274306294815214
25649,LOF,0.008213094367315231,0.3388547248014521,0.6529321808312327
25650,GOF,0.01964037639698358,0.5971571775253603,0.3832024460776561
25651,LOF,0.008110040278892972,0.4535602730418976,0.5383296866792094
25652,LOF,0.013319789083233164,0.44805597429125094,0.5386242366255158
25653,GOF,0.03724705808278128,0.6031642572425353,0.3595886846746836
25654,LOF,0.010564028205382827,0.30531300214506507,0.6841229696495521
25655,GOF,0.12652683708695606,0.6191581866760233,0.2543149762370207
25656,LOF,0.3546951769381869,0.1547099048235495,0.49059491823826357
25657,LOF,0.05436064219434393,0.1225227135303671,0.8231166442752891
25658,LOF,0.3120424412487094,0.18266123118517313,0.5052963275661175
25659,Neutral,0.4412329710873919,0.18925194685672447,0.3695150820558838
25660,LOF,0.023184582791284967,0.11944264567198977,0.8573727715367252
25661,LOF,0.08743644027032445,0.06837283424217117,0.8441907254875045
25662,LOF,0.03249728012935269,0.037785153403489855,0.9297175664671573
25663,LOF,0.03715166606160628,0.04218698002098312,0.9206613539174106
25664,LOF,0.1275549826761154,0.0720116408919087,0.8004333764319759
25665,LOF,0.06451162656108064,0.033023630628793064,0.9024647428101263
25666,LOF,0.09784914633498845,0.061789282589495675,0.8403615710755158
25667,LOF,0.07459375568870338,0.03990532109450136,0.8855009232167953
25668,LOF,0.03705250267797829,0.05094747910237056,0.9120000182196512
25669,LOF,0.029198535026698204,0.04903801242602608,0.9217634525472758
25670,LOF,0.12644123941510488,0.04987858536842109,0.8236801752164741
25671,LOF,0.10671495413212485,0.04189705119567973,0.8513879946721955
25672,LOF,0.0532932620457341,0.0495091409651161,0.8971975969891499
25673,LOF,0.10088995899566046,0.04346136596070062,0.855648675043639
25674,LOF,0.08273395078960964,0.054430406872050544,0.8628356423383398
25675,LOF,0.10774735446842099,0.07193352308821262,0.8203191224433664
25676,LOF,0.017264966551018397,0.05965104538999359,0.9230839880589881
25677,LOF,0.022142861915925287,0.07819489458713695,0.8996622434969377
25678,LOF,0.19954471994116918,0.08504835741589281,0.7154069226429381
25679,LOF,0.11697993816640545,0.08386680154764022,0.7991532602859542
25680,LOF,0.028188399452525516,0.12711928357241886,0.8446923169750556
25681,LOF,0.04654769770756624,0.12068363599167446,0.8327686663007593
25682,LOF,0.12934348000291815,0.07696691774310677,0.793689602253975
25683,LOF,0.11377740156724404,0.08751174938523683,0.7987108490475191
25684,LOF,0.03612403255734817,0.07258708826468412,0.8912888791779677
25685,LOF,0.10207041582653015,0.07264510270712962,0.8252844814663403
25686,LOF,0.06778046450394246,0.11440673193139297,0.8178128035646646
25687,LOF,0.11647487733826234,0.11926696518639843,0.7642581574753392
25688,LOF,0.40205762450371035,0.04848958018135715,0.5494527953149325
25689,LOF,0.29069379567961046,0.057353487262723234,0.6519527170576664
25690,LOF,0.33376153180908924,0.034163335790244255,0.6320751324006666
25691,Neutral,0.7119649035686925,0.03677009181393222,0.2512650046173752
25692,LOF,0.3398951293774892,0.013246525070832037,0.6468583455516788
25693,LOF,0.042984883726415006,0.41926554351804557,0.5377495727555395
25694,LOF,0.12011407971355645,0.019836358268349005,0.8600495620180947
25695,LOF,0.11009807420751329,0.012560307481557306,0.8773416183109294
25696,LOF,0.13742059795134318,0.013519238172133562,0.8490601638765233
25697,LOF,0.0658428809655391,0.10713866097353064,0.8270184580609303
25698,LOF,0.29409930811451174,0.22757794959330208,0.4783227422921862
25699,LOF,0.4244587013514705,0.03405714696326538,0.5414841516852641
25700,LOF,0.07078696544434898,0.01154783542992501,0.9176651991257261
25701,LOF,0.15348996997974806,0.0352699608306653,0.8112400691895867
25702,GOF,0.17006431691845783,0.6475612294785971,0.1823744536029451
25703,LOF,0.016509184053178888,0.1782698625027043,0.8052209534441168
25704,LOF,0.038277162050289054,0.16350102079362144,0.7982218171560895
25705,LOF,0.03583235686163509,0.09883608015030422,0.8653315629880607
25706,LOF,0.13119921148032643,0.3271241318101946,0.541676656709479
25707,LOF,0.09287798767964299,0.2580932702432065,0.6490287420771504
25708,LOF,0.04421419502681584,0.2603318916194777,0.6954539133537064
25709,LOF,0.06857439856199028,0.029757227408309602,0.9016683740297002
25710,LOF,0.0142242941792983,0.09997823455749602,0.8857974712632056
25711,LOF,0.019764437541595695,0.07260463146142675,0.9076309309969776
25712,LOF,0.01700939135663689,0.14039427401593316,0.8425963346274299
25713,LOF,0.017369114219858338,0.07034673664540135,0.9122841491347403
25714,LOF,0.07196178363766369,0.05416079259974759,0.8738774237625886
25715,LOF,0.011664119383815608,0.1047715241910215,0.883564356425163
25716,LOF,0.013409180019438739,0.08218780834079822,0.9044030116397631
25717,LOF,0.01874785574563951,0.06541353065820048,0.91583861359616
25718,LOF,0.011136517593630085,0.06858068921256498,0.9202827931938049
25719,LOF,0.020113746116703114,0.06125627228507427,0.9186299815982226
25720,LOF,0.024256539269050605,0.05061145803415358,0.9251320026967959
25721,LOF,0.013107190434941594,0.08071741883263645,0.9061753907324219
25722,LOF,0.013218437710999318,0.06080911494527986,0.9259724473437208
25723,LOF,0.02388319532232489,0.035004653332912264,0.9411121513447629
25724,LOF,0.031033855877600405,0.062132333435304096,0.9068338106870956
25725,LOF,0.011286325217115435,0.05500736840467271,0.9337063063782117
25726,LOF,0.014949115922477912,0.0813155729033967,0.9037353111741253
25727,LOF,0.012154950178999866,0.061494214320287746,0.9263508355007123
25728,LOF,0.009967385410925471,0.06895803919140035,0.9210745753976741
25729,LOF,0.010049974099062336,0.07310927991167676,0.9168407459892609
25730,LOF,0.01331268571539448,0.07279572162589072,0.9138915926587148
25731,LOF,0.022602844742076043,0.06515851442021425,0.9122386408377098
25732,LOF,0.012268721736739225,0.04043449848631839,0.9472967797769424
25733,LOF,0.01709699844125771,0.04191348316983039,0.9409895183889119
25734,LOF,0.012889314681503545,0.08477597667809302,0.9023347086404034
25735,LOF,0.011421540744299047,0.048272916445082616,0.9403055428106184
25736,LOF,0.012061499949306992,0.04948614701591194,0.9384523530347809
25737,LOF,0.011400689033066132,0.06922849339810264,0.9193708175688313
25738,LOF,0.010952871860118429,0.0687856289569472,0.9202614991829343
25739,LOF,0.020783420852583095,0.05177352653760867,0.9274430526098083
25740,LOF,0.02762114225249372,0.07945520829179396,0.8929236494557123
25741,LOF,0.014303113878136361,0.08315719889797261,0.902539687223891
25742,LOF,0.11589540041785458,0.05987454094940185,0.8242300586327436
25743,LOF,0.04216143224268776,0.041018523891390685,0.9168200438659214
25744,Neutral,0.6476324613994341,0.1940058442608583,0.15836169433970776
25745,LOF,0.06308637110299639,0.06514236139226033,0.8717712675047432
25746,LOF,0.040968101269558035,0.08896183632908546,0.8700700624013565
25747,LOF,0.025976757564100943,0.0714511044051675,0.9025721380307316
25748,LOF,0.12486496117389044,0.12173954576305021,0.7533954930630593
25749,LOF,0.02901518374325637,0.08280670835638218,0.8881781079003614
25750,LOF,0.07238530281829435,0.09185400762927033,0.8357606895524353
25751,LOF,0.1046956674501408,0.11538946958545516,0.7799148629644039
25752,GOF,0.10423938456436785,0.6363348406241227,0.2594257748115094
25753,LOF,0.028597873424019406,0.3627289900467917,0.6086731365291888
25754,GOF,0.016692839853199536,0.8329240517627884,0.15038310838401217
25755,LOF,0.02682622208947632,0.419497657927729,0.5536761199827946
25756,LOF,0.05199190930806306,0.41072826293639875,0.5372798277555382
25757,GOF,0.020945944443717626,0.8772216024728279,0.10183245308345457
25758,GOF,0.027532513645564114,0.8390071315657193,0.1334603547887166
25759,GOF,0.012318970756680054,0.6458518387200631,0.3418291905232569
25760,LOF,0.016114372755057782,0.35694301174389953,0.6269426155010427
25761,GOF,0.25424035555485935,0.6781782479774661,0.06758139646767476
25762,LOF,0.04616293269306301,0.34837372023806923,0.6054633470688677
25763,LOF,0.016596171531216827,0.25712738993587964,0.7262764385329036
25764,GOF,0.07117226747663115,0.7169471157175498,0.2118806168058191
25765,GOF,0.03253241130983488,0.792327976825392,0.17513961186477303
25766,GOF,0.06212451029049773,0.8227844168854297,0.11509107282407255
25767,GOF,0.16033376629380322,0.5392783746985017,0.30038785900769516
25768,LOF,0.103812484977426,0.05911370740736056,0.8370738076152135
25769,LOF,0.04667684821371024,0.055488047469407734,0.8978351043168821
25770,LOF,0.3069456491241453,0.11212773220014216,0.5809266186757126
25771,LOF,0.04963578660785151,0.04895121978018764,0.9014129936119609
25772,LOF,0.017534218062496432,0.044079114306203586,0.9383866676312999
25773,LOF,0.05032071414782384,0.07404529251397818,0.8756339933381979
25774,LOF,0.02946649154397323,0.11686020879696872,0.853673299659058
25775,LOF,0.05421231158591182,0.061834775175504474,0.8839529132385838
25776,LOF,0.05954315219597911,0.03312955018268147,0.9073272976213395
25777,LOF,0.3763413420639861,0.08653062037679368,0.5371280375592202
25778,LOF,0.058717216707902475,0.051370772279544924,0.8899120110125525
25779,GOF,0.36340613785271125,0.5853015547375056,0.05129230740978318
25780,GOF,0.33981206532588837,0.5887170204739427,0.07147091420016893
25781,GOF,0.11354431835363607,0.7834768091385866,0.10297887250777718
25782,GOF,0.19701816571909084,0.7286678158104686,0.0743140184704405
25783,GOF,0.02331827715611969,0.6399119897995489,0.33676973304433133
25784,Neutral,0.536828318478421,0.4270513153563886,0.03612036616519036
25785,Neutral,0.5038420596638289,0.4543026510933202,0.04185528924285092
25786,GOF,0.033633995819008555,0.7666431266336642,0.19972287754732732
25787,Neutral,0.6816135774758749,0.29148091194959364,0.02690551057453156
25788,LOF,0.056964896050314656,0.07165749522480434,0.8713776087248809
25789,GOF,0.20451674616876678,0.642047623447205,0.15343563038402822
25790,GOF,0.2864263371913755,0.6304879232142284,0.08308573959439604
25791,GOF,0.15080699633100092,0.6795858759313634,0.16960712773763556
25792,GOF,0.3604280942241307,0.5136002485832124,0.12597165719265696
25793,GOF,0.263234054007237,0.47952581583068116,0.2572401301620819
25794,GOF,0.2915776756014521,0.491485690635586,0.21693663376296207
25795,GOF,0.06617651899010595,0.6602696406356948,0.2735538403741994
25796,Neutral,0.495446902500711,0.420810833177542,0.08374226432174697
25797,GOF,0.08040038024346488,0.5315703109327854,0.3880293088237497
25798,LOF,0.009352050315596574,0.48315944466800925,0.5074885050163942
25799,LOF,0.007284042422388209,0.42312014891571864,0.5695958086618932
25800,GOF,0.034952959314784544,0.5965796986957925,0.3684673419894228
25801,GOF,0.23357632883926968,0.6678658877147959,0.0985577834459344
25802,GOF,0.07001732823741909,0.6743536768689646,0.25562899489361623
25803,GOF,0.041158530106330166,0.5604321070132336,0.39840936288043616
25804,GOF,0.03890105202976144,0.503156972384355,0.45794197558588357
25805,GOF,0.1330974456221024,0.5825621510627895,0.28434040331510807
25806,GOF,0.14107033707142425,0.5744852712163415,0.28444439171223423
25807,GOF,0.021990522635201785,0.6228973631738787,0.35511211419091954
25808,GOF,0.12548422608236848,0.5867285667495195,0.28778720716811207
25809,GOF,0.02279841942658046,0.6284853818635264,0.3487161987098931
25810,GOF,0.021842924927866488,0.6197975166890237,0.3583595583831098
25811,Neutral,0.5234625394249417,0.4151905761685409,0.061346884406517456
25812,GOF,0.04256196905511306,0.5992186982813564,0.35821933266353045
25813,Neutral,0.580281267209469,0.31623894451913087,0.1034797882714002
25814,GOF,0.15239446818317368,0.6208637929509544,0.22674173886587204
25815,GOF,0.24533637126808105,0.5540596948087095,0.20060393392320927
25816,GOF,0.022078712477031373,0.6555568645776171,0.32236442294535156
25817,GOF,0.23166726826851358,0.6325275606786499,0.13580517105283657
25818,GOF,0.05432568679706411,0.5737094418038965,0.3719648713990394
25819,GOF,0.39446339834313815,0.4520959199144551,0.15344068174240674
25820,GOF,0.2246373556167043,0.5733318082678764,0.20203083611541917
25821,GOF,0.07661728955407165,0.6573449023714373,0.26603780807449107
25822,GOF,0.28418321432452853,0.4937254839335506,0.22209130174192088
25823,GOF,0.04005746585939942,0.4847828292048816,0.475159704935719
25824,GOF,0.10009270394595675,0.5166101152126054,0.38329718084143777
25825,GOF,0.03709644190466162,0.5281648711503002,0.4347386869450382
25826,GOF,0.013196074957858187,0.5046257533902043,0.48217817165193744
25827,GOF,0.02120909800266503,0.5440366005749838,0.43475430142235116
25828,LOF,0.0153958012855869,0.4724223488637947,0.5121818498506183
25829,GOF,0.007134374705524801,0.5316304253094098,0.4612351999850653
25830,LOF,0.04596630205376695,0.25688097712317315,0.6971527208230599
25831,GOF,0.17259654034462038,0.6848164487374264,0.14258701091795312
25832,GOF,0.035329042557508065,0.6669067025734301,0.29776425486906183
25833,GOF,0.13159293722765192,0.6654342863451457,0.20297277642720246
25834,GOF,0.041747371617381276,0.6669168578566093,0.2913357705260095
25835,GOF,0.09559433284115004,0.6651614850164511,0.23924418214239895
25836,GOF,0.04678048122208207,0.6165651967988629,0.336654321979055
25837,GOF,0.02288374558263666,0.5133499733268718,0.46376628109049145
25838,GOF,0.08350662634861321,0.7114806885994671,0.20501268505191986
25839,GOF,0.2985774324172049,0.5459662199184405,0.1554563476643545
25840,GOF,0.23194052788132216,0.564845683656203,0.20321378846247484
25841,GOF,0.2188188382437577,0.5777490966996193,0.2034320650566231
25842,GOF,0.18815299925986814,0.6325555417100581,0.17929145903007374
25843,GOF,0.21560046842836605,0.6364408992764958,0.14795863229513803
25844,GOF,0.06331018890716478,0.6418046520196257,0.2948851590732095
25845,LOF,0.014192692768269724,0.4625320901463568,0.5232752170853734
25846,GOF,0.10935074703928781,0.6877732754506285,0.20287597751008363
25847,GOF,0.12834249110131146,0.7110481360052621,0.16060937289342642
25848,GOF,0.03736779044769364,0.6263113906484729,0.3363208189038335
25849,GOF,0.010664418276421997,0.511924667345593,0.47741091437798505
25850,GOF,0.0233293487370646,0.5952401200299691,0.3814305312329662
25851,LOF,0.01905937812047906,0.4895594386651816,0.4913811832143393
25852,GOF,0.15531047894187808,0.5658809743395876,0.27880854671853433
25853,GOF,0.3342237919169823,0.5791877410135975,0.08658846706942024
25854,GOF,0.019058875428240467,0.5790979751961737,0.40184314937558585
25855,GOF,0.038565483020180244,0.5784325139136685,0.38300200306615134
25856,GOF,0.22310412551372497,0.5460889665432728,0.2308069079430022
25857,GOF,0.03583201470398991,0.4933753966734958,0.4707925886225143
25858,GOF,0.02085922782720563,0.5381467677670424,0.44099400440575204
25859,GOF,0.011313172209317615,0.5245628255107294,0.464124002279953
25860,GOF,0.3615202798297815,0.5459352810081125,0.09254443916210596
25861,GOF,0.3836286442997609,0.5351373468566779,0.08123400884356115
25862,GOF,0.0806959878552822,0.7750174594639327,0.14428655268078514
25863,GOF,0.08421108340599517,0.7675102625211458,0.14827865407285912
25864,GOF,0.19633680513868412,0.7108110125581963,0.0928521823031195
25865,GOF,0.07482888002639401,0.7747714738601349,0.150399646113471
25866,GOF,0.06655210447372449,0.7913660259289531,0.1420818695973224
25867,GOF,0.08351748329118969,0.7963350591436678,0.12014745756514263
25868,GOF,0.2830311372944304,0.6072545166253226,0.10971434608024684
25869,Neutral,0.7024994483844388,0.25245113078513376,0.04504942083042729
25870,LOF,0.33131325360959824,0.2300277727360832,0.43865897365431855
25871,GOF,0.24368623181773177,0.5929306843709404,0.16338308381132788
25872,GOF,0.09210673600080237,0.5869940233148515,0.3208992406843461
25873,GOF,0.18731357700162038,0.5714067758800532,0.24127964711832642
25874,LOF,0.023345753991658988,0.08829003356113395,0.8883642124472072
25875,LOF,0.07731741934063108,0.06305816459462674,0.8596244160647423
25876,LOF,0.027964357078213018,0.04032099478088453,0.9317146481409025
25877,Neutral,0.5292047667702494,0.07208827698242648,0.3987069562473241
25878,LOF,0.23223357592810126,0.11788546639016555,0.6498809576817333
25879,LOF,0.08732490461181981,0.12051458063450614,0.7921605147536741
25880,LOF,0.022869950352914042,0.02151352709858696,0.9556165225484989
25881,LOF,0.1765393182286459,0.17627372217411197,0.6471869595972422
25882,LOF,0.08811161160657713,0.021272637499787722,0.8906157508936351
25883,LOF,0.08815123939429147,0.03438124520192915,0.8774675154037793
25884,LOF,0.04744097332340288,0.041875295065351856,0.9106837316112452
25885,LOF,0.07516558212148126,0.01757183188806532,0.9072625859904534
25886,LOF,0.3549152579649578,0.06421037495162357,0.5808743670834186
25887,LOF,0.1662954623958541,0.10679545949572315,0.7269090781084226
25888,LOF,0.074250943850647,0.08555249264210257,0.8401965635072504
25889,LOF,0.05986678060996189,0.030237757919420113,0.909895461470618
25890,LOF,0.05659684502306947,0.1353597669489144,0.8080433880280161
25891,LOF,0.04947916226087936,0.06051124950922631,0.8900095882298943
25892,LOF,0.10485920494702891,0.01867260108696578,0.8764681939660052
25893,LOF,0.2806058963486196,0.014904865570823985,0.7044892380805564
25894,LOF,0.17083791849113714,0.00863676209668327,0.8205253194121795
25895,LOF,0.19612264290157863,0.017527237984103362,0.7863501191143181
25896,LOF,0.04920907237853097,0.023937781406144623,0.9268531462153244
25897,LOF,0.2403075745993205,0.013078295470388942,0.7466141299302906
25898,Neutral,0.7253393165750558,0.009563765358540371,0.26509691806640395
25899,LOF,0.24488355088105404,0.029031972293550288,0.7260844768253957
25900,LOF,0.47014958679561847,0.015139900651690116,0.5147105125526914
25901,LOF,0.05214530851119959,0.011308433500246011,0.9365462579885545
25902,LOF,0.19383274909741866,0.010163631317349072,0.7960036195852322
25903,Neutral,0.5136333095514548,0.025052906085198532,0.4613137843633467
25904,LOF,0.26958362026301946,0.04562286399096676,0.6847935157460138
25905,LOF,0.028251055560489593,0.3162478426521772,0.6555011017873332
25906,LOF,0.023566764791909993,0.06181468401265333,0.9146185511954366
25907,LOF,0.014606321418216441,0.33246638040885584,0.6529272981729277
25908,LOF,0.012329087997735206,0.21168539135201417,0.7759855206502507
25909,LOF,0.013841003580679221,0.16238513057664647,0.8237738658426742
25910,LOF,0.047784276848729955,0.12044658600244017,0.8317691371488299
25911,LOF,0.13487312749622493,0.030508811567553418,0.8346180609362216
25912,LOF,0.04010307564462341,0.056176889531175715,0.9037200348242009
25913,LOF,0.27547050738347045,0.025252914737223485,0.6992765778793061
25914,LOF,0.025772211007455456,0.11900778123859529,0.8552200077539492
25915,Neutral,0.42838226431213255,0.25251433924910327,0.31910339643876406
25916,LOF,0.06558831265372743,0.2783097156507507,0.6561019716955218
25917,LOF,0.06838035128355023,0.06611294893985561,0.8655066997765942
25918,LOF,0.03551681792756298,0.07459983519943417,0.889883346873003
25919,LOF,0.029432360844189532,0.08112829074641797,0.8894393484093924
25920,GOF,0.08031022716500698,0.4889863227783291,0.430703450056664
25921,LOF,0.032746491281015463,0.023210480112314153,0.9440430286066704
25922,LOF,0.04133102748334897,0.015521246287500361,0.9431477262291507
25923,LOF,0.382873500693191,0.018532207073884997,0.5985942922329242
25924,LOF,0.044599320034454375,0.024606552081568093,0.9307941278839776
25925,LOF,0.07229398484053313,0.026970976156512633,0.9007350390029542
25926,LOF,0.04834934208883282,0.019428568955077267,0.9322220889560898
25927,LOF,0.07192100858222464,0.05442533148620795,0.8736536599315675
25928,LOF,0.026424743509407593,0.022160861508778294,0.951414394981814
25929,Neutral,0.5159271228950013,0.0203177316059686,0.4637551454990302
25930,LOF,0.05604333438507521,0.014576889866122654,0.9293797757488023
25931,LOF,0.03495422180300798,0.017565278463678103,0.9474804997333139
25932,LOF,0.02879753339193408,0.014911544825155049,0.956290921782911
25933,LOF,0.03785440410659444,0.010091102784542396,0.9520544931088631
25934,LOF,0.02430272593563591,0.011721845710303542,0.9639754283540605
25935,LOF,0.07067814678949039,0.03383933509665396,0.8954825181138556
25936,LOF,0.046175068071170784,0.01455304250906496,0.9392718894197644
25937,LOF,0.030178685222544598,0.025347426820465015,0.9444738879569904
25938,LOF,0.0690562832377292,0.034270827876502145,0.8966728888857687
25939,LOF,0.03869450439682897,0.0093458161338643,0.9519596794693068
25940,LOF,0.025053927483650644,0.38187397528728445,0.5930720972290648
25941,LOF,0.17686119242149076,0.08088617806253723,0.7422526295159722
25942,LOF,0.017718327117202202,0.0368336730117971,0.9454479998710008
25943,LOF,0.31811865960538227,0.05840290480391931,0.6234784355906985
25944,Neutral,0.5100584425327541,0.0319473572767518,0.45799420019049414
25945,LOF,0.08031149469916227,0.021314943018415092,0.8983735622824226
25946,LOF,0.02914665528949583,0.1602855603927816,0.8105677843177225
25947,LOF,0.12982760953505965,0.1854830295700519,0.6846893608948885
25948,LOF,0.4585577128914269,0.017665742354005375,0.5237765447545677
25949,LOF,0.10916289542650617,0.06755288692856574,0.8232842176449281
25950,GOF,0.2570907319060727,0.45018008211501015,0.29272918597891723
25951,LOF,0.23774657272488084,0.19123920051407298,0.5710142267610462
25952,LOF,0.055267313867704844,0.4381580025849524,0.5065746835473428
25953,LOF,0.13294603501274468,0.11355061183095756,0.7535033531562978
25954,Neutral,0.4084952500043305,0.21184184164470818,0.37966290835096134
25955,LOF,0.0588699058151733,0.09287834566303171,0.848251748521795
25956,LOF,0.19531278269836722,0.0819005368528523,0.7227866804487806
25957,LOF,0.04516410514769154,0.026527584907772263,0.9283083099445363
25958,LOF,0.05422710550612877,0.02731669621351887,0.9184561982803524
25959,LOF,0.06879689552145281,0.31903826500349697,0.6121648394750502
25960,LOF,0.022497186944257033,0.06127231891506152,0.9162304941406815
25961,LOF,0.04681581351678588,0.03374107888538488,0.9194431075978292
25962,LOF,0.06766867591697812,0.032934218171057315,0.8993971059119645
25963,LOF,0.05155330315984363,0.15108301626223983,0.7973636805779164
25964,LOF,0.03618461720926508,0.13135989171193246,0.8324554910788025
25965,LOF,0.4001104715038382,0.08344005779844074,0.5164494706977211
25966,Neutral,0.4418820889390556,0.1526604770909718,0.40545743396997264
25967,LOF,0.012778178070208887,0.07000133344920227,0.9172204884805889
25968,LOF,0.032178428950458596,0.4733470692034938,0.4944745018460477
25969,LOF,0.02112876669432661,0.05275789755208594,0.9261133357535876
25970,LOF,0.057292097326367135,0.05875314063408794,0.8839547620395448
25971,LOF,0.07090286236845629,0.020406817107372424,0.9086903205241712
25972,LOF,0.07847121537872935,0.02582415022851302,0.8957046343927577
25973,LOF,0.08723160125899121,0.010364867554415132,0.9024035311865937
25974,LOF,0.2095703076541268,0.021072434099463012,0.7693572582464102
25975,LOF,0.04556190237773085,0.03428058688396804,0.9201575107383011
25976,LOF,0.036663541431096236,0.022267234149884456,0.9410692244190193
25977,LOF,0.13378982696179265,0.1021960459765337,0.7640141270616736
25978,LOF,0.10702043760911506,0.08528074948838843,0.8076988129024966
25979,LOF,0.11212074971711376,0.07607923651965011,0.8118000137632361
25980,LOF,0.1329849639548466,0.11922954014290897,0.7477854959022444
25981,LOF,0.15958517532307293,0.11552201420754608,0.724892810469381
25982,LOF,0.3402224040800176,0.07251721711970426,0.5872603788002781
25983,LOF,0.3466504592780367,0.06709658008748862,0.5862529606344745
25984,LOF,0.052922862059962265,0.08200368410648264,0.865073453833555
25985,LOF,0.023448541741443448,0.28558978835030546,0.6909616699082511
25986,LOF,0.03191328648070389,0.2820921224740585,0.6859945910452376
25987,LOF,0.08110798873385862,0.09769809750825587,0.8211939137578856
25988,LOF,0.12334697786165426,0.08592472943548288,0.7907282927028628
25989,LOF,0.027681270090116793,0.14383902102241483,0.8284797088874684
25990,LOF,0.03784422533865548,0.13872975769285986,0.8234260169684847
25991,GOF,0.15730172487520577,0.4626045003823968,0.38009377474239736
25992,LOF,0.3385897668155471,0.28359256939860356,0.3778176637858494
25993,LOF,0.02627074547534035,0.08641520774986579,0.8873140467747938
25994,LOF,0.018024429045296848,0.11390051523282173,0.8680750557218815
25995,LOF,0.02806448220413233,0.17585939153317692,0.7960761262626908
25996,GOF,0.20416451719184653,0.6250156198088253,0.17081986299932828
25997,GOF,0.0916689653332403,0.589329513497243,0.3190015211695168
25998,Neutral,0.5789846603581075,0.014835481799046186,0.4061798578428462
25999,LOF,0.12228622583975565,0.1657392531896936,0.7119745209705507
26000,LOF,0.14518813366459132,0.031188437172636255,0.8236234291627725
26001,LOF,0.16551731500248998,0.03303994186873243,0.8014427431287776
26002,LOF,0.16432622471758865,0.031146632598220293,0.8045271426841911
26003,GOF,0.009502138179657766,0.6411195933084356,0.3493782685119066
26004,GOF,0.024062989310287452,0.7029197301432599,0.2730172805464526
26005,GOF,0.008039393027269272,0.514988746602971,0.47697186036975975
26006,Neutral,0.5037910244584956,0.27600987336950666,0.22019910217199776
26007,GOF,0.016804463968810104,0.5804001587033067,0.4027953773278832
26008,GOF,0.017856412595481166,0.5961405498654422,0.38600303753907667
26009,GOF,0.02198540545995337,0.6380794051347203,0.33993518940532624
26010,GOF,0.02175030907100118,0.7111623603206684,0.26708733060833045
26011,GOF,0.007796321509576925,0.5187513988957502,0.47345227959467284
26012,GOF,0.014715306200514864,0.6240865376414255,0.36119815615805956
26013,GOF,0.015973032456155625,0.6539236443946728,0.3301033231491717
26014,LOF,0.05519934923404683,0.15790718444139448,0.7868934663245586
26015,LOF,0.15671053650228955,0.011149311352153989,0.8321401521455565
26016,LOF,0.2021902461099144,0.043618322744695286,0.7541914311453903
26017,LOF,0.16506047730034917,0.07495764116912827,0.7599818815305225
26018,LOF,0.06238238507432595,0.04798772865010996,0.889629886275564
26019,LOF,0.059924849084671106,0.034734095383110695,0.9053410555322182
26020,LOF,0.043308401251745475,0.0995188755648413,0.8571727231834133
26021,LOF,0.03951486343047504,0.12108438788580685,0.8394007486837181
26022,LOF,0.009259686567667982,0.04970499077209877,0.9410353226602334
26023,LOF,0.08384689004444705,0.030615525966710067,0.8855375839888429
26024,LOF,0.022404407714231522,0.0989198138497217,0.8786757784360467
26025,LOF,0.14425425142015866,0.10072358379789276,0.7550221647819487
26026,LOF,0.28321904671021647,0.01929191196257925,0.6974890413272042
26027,LOF,0.06088266212272471,0.024458214931753597,0.9146591229455218
26028,LOF,0.15732901081047093,0.09291070258302243,0.7497602866065066
26029,LOF,0.07348491177952886,0.14100159546107843,0.7855134927593926
26030,LOF,0.027293832303177525,0.05169940483753057,0.921006762859292
26031,LOF,0.03140533701180103,0.11081622885916907,0.8577784341290299
26032,LOF,0.07656271377254258,0.051080858066114704,0.8723564281613427
26033,LOF,0.11847708143583696,0.05880176992084163,0.8227211486433215
26034,LOF,0.048877327461436845,0.1249915757267448,0.8261310968118183
26035,LOF,0.03385644635491744,0.10308385408651158,0.863059699558571
26036,LOF,0.048516745661168016,0.13295706581481415,0.8185261885240178
26037,LOF,0.028895317820089715,0.08657765854519109,0.8845270236347191
26038,LOF,0.07294861523335272,0.04970318111872924,0.877348203647918
26039,LOF,0.06613186444123743,0.11012401161286348,0.823744123945899
26040,LOF,0.22349002249826058,0.0960578974446826,0.6804520800570567
26041,LOF,0.02881560407667545,0.08114535780661405,0.8900390381167105
26042,LOF,0.028228457630873508,0.07996236654841622,0.8918091758207103
26043,LOF,0.07121752314394947,0.064300122842076,0.8644823540139744
26044,LOF,0.024146128719353767,0.06620658333959857,0.9096472879410478
26045,LOF,0.08084388912216772,0.07977192173943667,0.8393841891383956
26046,LOF,0.07497223896135949,0.06785871081451875,0.8571690502241217
26047,LOF,0.10534380053195395,0.08230030875125054,0.8123558907167955
26048,LOF,0.05608238993654372,0.05602145248389781,0.8878961575795584
26049,Neutral,0.9547754489663088,0.0074966308309486205,0.0377279202027425
26050,Neutral,0.9321492706607825,0.008535979557740882,0.05931474978147656
26051,LOF,0.05541926372456752,0.37945027795201464,0.5651304583234179
26052,LOF,0.07643648303978501,0.38055682318695333,0.5430066937732616
26053,LOF,0.06047757868922281,0.1764499960463112,0.763072425264466
26054,LOF,0.06354740293950803,0.04050625844473121,0.8959463386157609
26055,LOF,0.07493436970613869,0.028362141695849736,0.8967034885980116
26056,LOF,0.06498664271450785,0.03413036197647393,0.9008829953090183
26057,LOF,0.031913186833443734,0.01573354225040313,0.9523532709161531
26058,LOF,0.03216313406053492,0.013889625541753397,0.9539472403977116
26059,LOF,0.29918419232296656,0.05416370480915673,0.6466521028678767
26060,LOF,0.03362738930008571,0.2348852748738432,0.7314873358260711
26061,LOF,0.019059989567557046,0.019697350345983012,0.9612426600864599
26062,LOF,0.011683462968661585,0.027390507708338147,0.9609260293230003
26063,LOF,0.022080371709977367,0.014350655107539441,0.9635689731824832
26064,LOF,0.02511859506975938,0.027251042571358915,0.9476303623588818
26065,LOF,0.024085106380245566,0.01824853133122846,0.957666362288526
26066,LOF,0.020168645036950292,0.015491263330381129,0.9643400916326685
26067,LOF,0.026090350954776922,0.011720628333943231,0.9621890207112798
26068,LOF,0.04962716245686233,0.06490416968009127,0.8854686678630463
26069,LOF,0.28119728559751517,0.03716708351682622,0.6816356308856586
26070,LOF,0.4294303848618563,0.024209078245143845,0.5463605368929998
26071,LOF,0.02215077505323325,0.017815609098065264,0.9600336158487014
26072,LOF,0.023763699399072125,0.029902214619458706,0.9463340859814692
26073,LOF,0.02375524030585602,0.014951287343277367,0.9612934723508666
26074,Neutral,0.9140402220063779,0.007596217552936981,0.07836356044068525
26075,LOF,0.04513720568031318,0.024272286978012855,0.9305905073416739
26076,LOF,0.04551063363515821,0.013678278745977384,0.9408110876188643
26077,LOF,0.010146628324983564,0.03397194646267444,0.9558814252123421
26078,LOF,0.01402558679838146,0.020639157365725032,0.9653352558358934
26079,LOF,0.055608077605622704,0.03256847728684482,0.9118234451075325
26080,LOF,0.05442232279958989,0.032637255690525294,0.9129404215098849
26081,LOF,0.03591258331590275,0.0104181153969507,0.9536693012871467
26082,LOF,0.020183421833764443,0.031719669360110093,0.9480969088061255
26083,LOF,0.13115461857800798,0.020113128993515243,0.8487322524284767
26084,LOF,0.025744298135564853,0.023046405267237797,0.9512092965971974
26085,LOF,0.02152873573760515,0.021466889990919745,0.9570043742714751
26086,LOF,0.024876658132904156,0.01603149221644002,0.9590918496506559
26087,LOF,0.025798167182583712,0.011750499632055135,0.9624513331853611
26088,LOF,0.01894162440280462,0.03826333792600857,0.9427950376711868
26089,LOF,0.04721341063480914,0.040424822882299614,0.9123617664828911
26090,LOF,0.04583207871518943,0.031034887647150913,0.9231330336376596
26091,LOF,0.03930816395162066,0.009871781406226238,0.950820054642153
26092,LOF,0.026431433141651813,0.0122577532752969,0.9613108135830513
26093,LOF,0.03763536899730733,0.009123853810016725,0.9532407771926761
26094,LOF,0.042912406117851916,0.01032491067488454,0.9467626832072636
26095,LOF,0.055926395187389455,0.02368107346735815,0.9203925313452525
26096,LOF,0.02241741874675789,0.019351394749591924,0.9582311865036501
26097,LOF,0.010213399657550897,0.07231040129239519,0.917476199050054
26098,LOF,0.076525627395973,0.02505167976979284,0.8984226928342341
26099,LOF,0.024057086440779616,0.021701438144749192,0.9542414754144711
26100,LOF,0.02635488983768195,0.020447281272410793,0.9531978288899072
26101,LOF,0.056036961068145756,0.02189317288383596,0.9220698660480182
26102,LOF,0.026170034777180034,0.01671400131596683,0.9571159639068532
26103,Neutral,0.8902013777495995,0.03299552635274061,0.0768030958976599
26104,LOF,0.07194714530371944,0.061545870397013695,0.8665069842992668
26105,LOF,0.23906820675968252,0.2275485566696609,0.5333832365706566
26106,LOF,0.1982530432799456,0.11378703872492402,0.6879599179951305
26107,LOF,0.2471912906171866,0.10633216051679209,0.6464765488660212
26108,LOF,0.24108487777817222,0.16634098060147284,0.592574141620355
26109,LOF,0.08963022717249883,0.11539681923352933,0.7949729535939718
26110,LOF,0.23953788512877108,0.007981510759248554,0.7524806041119804
26111,LOF,0.47292653087388015,0.016498866305693076,0.5105746028204268
26112,LOF,0.03725794086367845,0.007680440863111498,0.95506161827321
26113,LOF,0.05539693868947453,0.01335440291672749,0.9312486583937979
26114,LOF,0.0213772013624166,0.01728394756220852,0.9613388510753749
26115,LOF,0.07903265916600762,0.03595545560570348,0.8850118852282889
26116,LOF,0.049268012129564574,0.02721120272822764,0.9235207851422078
26117,LOF,0.39743875634867676,0.04862112501154878,0.5539401186397745
26118,LOF,0.04251575503671884,0.03095567995643943,0.9265285650068418
26119,LOF,0.024052264699117202,0.04031702338138255,0.9356307119195003
26120,LOF,0.03179325915520953,0.022867719079455288,0.9453390217653352
26121,LOF,0.057552079997877356,0.0835502479304599,0.8588976720716628
