feature0,prediction,LoGoFunc_Neutral,LoGoFunc_GOF,LoGoFunc_LOF
25546,Neutral,0.6032852861419358,0.045345806854586,0.3513689070034781
25547,Neutral,0.5127614438307688,0.06969952916593723,0.417539027003294
25548,Neutral,0.4977821839521897,0.06843406991691492,0.4337837461308953
25549,LOF,0.44478286843704984,0.0679110984710281,0.48730603309192205
25550,LOF,0.3717549821810305,0.08302689697293482,0.5452181208460346
25551,LOF,0.3231966492116141,0.08467639621777732,0.5921269545706085
25552,LOF,0.2908542472247422,0.09552423918274114,0.6136215135925166
25553,Neutral,0.788124896861546,0.04631777489569133,0.1655573282427627
25554,LOF,0.3091852259908173,0.08335498067839718,0.6074597933307855
25555,LOF,0.2596124188858828,0.08686386629231753,0.6535237148217997
25556,LOF,0.4334341128846325,0.08326149538779795,0.48330439172756967
25557,LOF,0.2367358966966349,0.08319140897280577,0.6800726943305594
25558,LOF,0.2959080879079767,0.07973976468705761,0.6243521474049657
25559,LOF,0.3391409533716706,0.03687296033768338,0.623986086290646
25560,LOF,0.10451944756705142,0.11981761429692485,0.7756629381360237
25561,LOF,0.08986631501896765,0.181640948666696,0.7284927363143364
25562,LOF,0.03853834180770057,0.07758473373924996,0.8838769244530494
25563,LOF,0.008274609276812497,0.1578357409350272,0.8338896497881604
25564,LOF,0.06953564138701677,0.08929351886507823,0.841170839747905
25565,LOF,0.2012562534308187,0.11818135256955313,0.6805623939996283
25566,GOF,0.07610075725575395,0.7826095199514341,0.1412897227928121
25567,LOF,0.05744534862423995,0.17433617929337783,0.7682184720823824
25568,LOF,0.06268469821819582,0.1219873650618915,0.8153279367199127
25569,LOF,0.06051488759698565,0.11222934049082615,0.8272557719121882
25570,LOF,0.028770080140014354,0.15166455977769638,0.8195653600822892
25571,LOF,0.028296411684675022,0.1605926351271137,0.8111109531882112
25572,LOF,0.060158197795262186,0.22733993122706744,0.7125018709776705
25573,LOF,0.06866503023224475,0.15559894195627,0.7757360278114853
25574,LOF,0.08718713653626568,0.2579069161842019,0.6549059472795324
25575,LOF,0.026688088006655116,0.1710278047896765,0.8022841072036684
25576,LOF,0.027692017675309967,0.27493120115451763,0.6973767811701724
25577,LOF,0.03106855475826889,0.2087246347122554,0.7602068105294756
25578,LOF,0.2984347898808029,0.10575328240496515,0.595811927714232
25579,LOF,0.20857301229879982,0.10684015043334387,0.6845868372678563
25580,LOF,0.0257362261864369,0.10228117187658035,0.8719826019369827
25581,LOF,0.04163220706498948,0.13797433432635517,0.8203934586086553
25582,LOF,0.041223385699756795,0.13331958747221007,0.8254570268280331
25583,LOF,0.037405356841813196,0.11255121293514708,0.8500434302230397
25584,Neutral,0.7000736103826929,0.1403342064017555,0.1595921832155515
25585,LOF,0.026339120242615675,0.21090900373299667,0.7627518760243875
25586,LOF,0.024029250931188018,0.12749568899839211,0.84847506007042
25587,LOF,0.023781186704658595,0.12794970365086553,0.8482691096444759
25588,LOF,0.02916337905394856,0.09876416569224118,0.8720724552538103
25589,Neutral,0.5778245125860757,0.2346550736554118,0.1875204137585125
25590,LOF,0.06000227789021826,0.17330264487303174,0.7666950772367501
25591,LOF,0.09575638643507152,0.10898389446568808,0.7952597190992403
25592,LOF,0.08524766833352204,0.20988353072857882,0.704868800937899
25593,LOF,0.13658384083349256,0.355565311652235,0.5078508475142723
25594,LOF,0.03989249264432645,0.06133817169257314,0.8987693356631005
25595,LOF,0.044937514180325176,0.031629167383723365,0.9234333184359516
25596,LOF,0.11322620094345898,0.01703930222670999,0.869734496829831
25597,LOF,0.08615845714440402,0.021323295268444387,0.8925182475871515
25598,LOF,0.04353973521050304,0.03178369560449203,0.9246765691850048
25599,LOF,0.024406106425665184,0.407279106376858,0.5683147871974767
25600,LOF,0.1503013396296559,0.36128499565471334,0.4884136647156308
25601,LOF,0.04830110668509047,0.29418349261040905,0.6575154007045004
25602,LOF,0.031118177518211738,0.09290100815136934,0.875980814330419
25603,LOF,0.0567849484253554,0.0760521796234673,0.8671628719511774
25604,LOF,0.05535645251373593,0.1398818477864225,0.8047616996998416
25605,LOF,0.05653231730482265,0.15739612102030318,0.7860715616748741
25606,Neutral,0.3921034319190648,0.2608395084557308,0.3470570596252044
25607,LOF,0.03372544604831767,0.23390917140675077,0.7323653825449316
25608,LOF,0.04996265091430327,0.09175124736167288,0.858286101724024
25609,GOF,0.16033756327452986,0.5834984031644025,0.2561640335610675
25610,LOF,0.02301870897901114,0.08770261055048001,0.8892786804705088
25611,LOF,0.016405454028855352,0.09059208823238231,0.8930024577387623
25612,LOF,0.06783824962678212,0.10740948287791009,0.8247522674953078
25613,LOF,0.060515101556079406,0.11129707186129653,0.828187826582624
25614,LOF,0.0270606072043343,0.08506479389624151,0.8878745988994241
25615,LOF,0.06672153580802602,0.0856212171611314,0.8476572470308427
25616,LOF,0.08223874653437695,0.09403844623163836,0.8237228072339847
25617,LOF,0.06291394766876612,0.10578012540837785,0.8313059269228561
25618,LOF,0.06282105967074691,0.1815992035777324,0.7555797367515207
25619,LOF,0.015194707451298665,0.13792389109422043,0.846881401454481
25620,LOF,0.05640652016631438,0.10096644267024464,0.842627037163441
25621,LOF,0.08659985893001029,0.09561708670478893,0.8177830543652008
25622,LOF,0.09212185179991346,0.11268536073592145,0.795192787464165
25623,LOF,0.08109603773813769,0.08317112995308651,0.8357328323087759
25624,LOF,0.024565136996918733,0.08340110754625979,0.8920337554568214
25625,LOF,0.07728393067282155,0.09968573709277202,0.8230303322344064
25626,LOF,0.05657642067583843,0.10480773404624552,0.838615845277916
25627,Neutral,0.8674212690509469,0.029268756036599043,0.10330997491245415
25628,LOF,0.20616970772583762,0.06745885386989989,0.7263714384042624
25629,LOF,0.06660921201214534,0.07252233675067277,0.8608684512371818
25630,LOF,0.2979323124263914,0.08783957716638034,0.6142281104072284
25631,Neutral,0.5239274761654652,0.06066599823975179,0.415406525594783
25632,LOF,0.027573818922470145,0.12840404653788712,0.8440221345396427
25633,LOF,0.20066559644381984,0.07852414353091956,0.7208102600252606
25634,LOF,0.039452865969434606,0.12212171148604545,0.8384254225445198
25635,LOF,0.03127290513045482,0.05516481550615787,0.9135622793633873
25636,GOF,0.03537425467739992,0.5327945927789893,0.4318311525436107
25637,GOF,0.03405435274253705,0.504822758693645,0.46112288856381795
25638,LOF,0.021728126548101613,0.4407524017281576,0.5375194717237407
25639,LOF,0.030434666607211083,0.4039972258868455,0.5655681075059436
25640,Neutral,0.7855941123362509,0.16136987158408883,0.05303601607966029
25641,LOF,0.12658322284094847,0.30970961608170655,0.5637071610773449
25642,LOF,0.1194672506135873,0.19521435216210092,0.6853183972243119
25643,LOF,0.38835377658827114,0.09446943508326887,0.51717678832846
25644,GOF,0.008476252690953666,0.7233760320760928,0.2681477152329535
25645,GOF,0.009459675201662389,0.6906262505425984,0.2999140742557391
25646,LOF,0.0156000853444821,0.43631034621739406,0.548089568438124
25647,LOF,0.008823977786170367,0.33534136038758994,0.6558346618262397
25648,LOF,0.01221406495518654,0.40015458691603606,0.5876313481287774
25649,LOF,0.008862184443630293,0.2845499106133028,0.7065879049430668
25650,GOF,0.028794839370588316,0.6331310132445022,0.33807414738490954
25651,LOF,0.009988885672861884,0.42375325898536587,0.5662578553417723
25652,LOF,0.010191780529813873,0.47274284150375456,0.5170653779664316
25653,GOF,0.03378874324254856,0.6771181443434785,0.2890931124139729
25654,LOF,0.012231561524570443,0.36866279834969495,0.6191056401257345
25655,GOF,0.10709246364463118,0.7101274548444063,0.1827800815109626
25656,LOF,0.20185627805032536,0.08323572787525649,0.7149079940744182
25657,LOF,0.030755549841504637,0.09438317045411361,0.8748612797043819
25658,LOF,0.19062233038092669,0.13874721802924403,0.6706304515898293
25659,LOF,0.33173794538530327,0.18556437809522727,0.4826976765194693
25660,LOF,0.021196372656743154,0.12373898387334534,0.8550646434699115
25661,LOF,0.06563942398114374,0.0785496719877064,0.8558109040311498
25662,LOF,0.024238862885617562,0.047558585892694516,0.9282025512216879
25663,LOF,0.027541414968224452,0.0436900218733059,0.9287685631584697
25664,LOF,0.08641279535736845,0.07189052197223417,0.8416966826703973
25665,LOF,0.046173112659161776,0.041235065162349586,0.9125918221784887
25666,LOF,0.0670529166641633,0.05682655079634467,0.8761205325394921
25667,LOF,0.055729781718964665,0.05086021245315052,0.8934100058278848
25668,LOF,0.02567744895495328,0.06338358261930785,0.9109389684257388
25669,LOF,0.01753192328853769,0.05641399288938512,0.9260540838220773
25670,LOF,0.11917856331212767,0.050935521085473834,0.8298859156023984
25671,LOF,0.08309674706948465,0.045809956727053194,0.8710932962034622
25672,LOF,0.03806376854353709,0.06769163421840327,0.8942445972380596
25673,LOF,0.07026081297348469,0.045613509508933864,0.8841256775175814
25674,LOF,0.06765567105617636,0.06332833180243694,0.8690159971413867
25675,LOF,0.06452944359430296,0.0737312394892617,0.8617393169164353
25676,LOF,0.014779029267413405,0.07246648021032732,0.9127544905222592
25677,LOF,0.013805202289953342,0.09155664959261547,0.8946381481174311
25678,LOF,0.19064506808271403,0.07773431879441922,0.7316206131228667
25679,LOF,0.10705501391508408,0.0986110611249973,0.7943339249599185
25680,LOF,0.01767812988937934,0.13441079953975482,0.8479110705708658
25681,LOF,0.02865777757161253,0.12005599032456345,0.8512862321038239
25682,LOF,0.09239994903052524,0.08793566817495538,0.8196643827945194
25683,LOF,0.08653004022184431,0.09160255263665115,0.8218674071415046
25684,LOF,0.020516955932090093,0.07840376588324355,0.9010792781846664
25685,LOF,0.10117029797475491,0.11396379612105542,0.7848659059041897
25686,LOF,0.060233175091117835,0.25593014529381536,0.6838366796150668
25687,LOF,0.09948841647462013,0.2278123388342596,0.6726992446911203
25688,LOF,0.44533793897836677,0.02753798566459931,0.527124075357034
25689,LOF,0.25666916072633106,0.03276347199954678,0.7105673672741222
25690,LOF,0.3377812088112161,0.021462914420112104,0.6407558767686719
25691,Neutral,0.7460007200852806,0.02182831041152249,0.23217096950319693
25692,LOF,0.3968488957299628,0.010378908288853341,0.5927721959811839
25693,LOF,0.04279586604676321,0.471018798607981,0.4861853353452558
25694,LOF,0.1002004546474209,0.02347115178295365,0.8763283935696256
25695,LOF,0.10585722968873083,0.00905038331733521,0.8850923869939339
25696,LOF,0.11477525951907867,0.02199214711942595,0.8632325933614954
25697,LOF,0.04248285269924934,0.06783075788738556,0.8896863894133651
25698,LOF,0.27387046134142706,0.21612438762075267,0.5100051510378203
25699,LOF,0.3714193638105357,0.05847144154318053,0.5701091946462837
25700,LOF,0.05499805597706595,0.013765605812870693,0.9312363382100634
25701,LOF,0.17353287972896114,0.05258287622630244,0.7738842440447363
25702,GOF,0.20903941018362904,0.6525717844253891,0.13838880539098197
25703,LOF,0.018970505693258543,0.22016732323233948,0.7608621710744019
25704,LOF,0.03366507727448039,0.18663749790612932,0.7796974248193903
25705,LOF,0.029822983124487033,0.08581900226951139,0.8843580146060016
25706,GOF,0.11831169006202275,0.5006449858479203,0.381043324090057
25707,LOF,0.09916596044242451,0.3643559362428228,0.5364781033147528
25708,LOF,0.04184195095754708,0.4301373048153217,0.5280207442271312
25709,LOF,0.07002092896794233,0.04989207108173019,0.8800869999503276
25710,LOF,0.018410892312706116,0.16975740451592247,0.8118317031713714
25711,LOF,0.018288427175373847,0.08988698776026574,0.8918245850643605
25712,LOF,0.0179727153402332,0.22196900386522747,0.7600582807945393
25713,LOF,0.01718110553415884,0.07358681658654811,0.9092320778792932
25714,LOF,0.0713624688130561,0.06881273482876477,0.8598247963581791
25715,LOF,0.011446445822644025,0.12223383937816933,0.8663197147991867
25716,LOF,0.014065415987795088,0.1364970558225384,0.8494375281896664
25717,LOF,0.01973806332963819,0.08935257003450751,0.8909093666358544
25718,LOF,0.010773396793414361,0.05932327692367981,0.929903326282906
25719,LOF,0.02426465507030643,0.0936707827992963,0.8820645621303973
25720,LOF,0.028768256755586707,0.05115344108138792,0.9200783021630254
25721,LOF,0.010978749760183875,0.09267869650413246,0.8963425537356837
25722,LOF,0.012947010358627404,0.07841879176340906,0.9086341978779635
25723,LOF,0.02324461984850185,0.05511607450226218,0.9216393056492359
25724,LOF,0.03587086686531262,0.1031791959707131,0.8609499371639743
25725,LOF,0.010819559687252163,0.09284626691101752,0.8963341734017303
25726,LOF,0.016441201945957377,0.1308027494748185,0.8527560485792242
25727,LOF,0.013725035429406328,0.0785561581619264,0.9077188064086672
25728,LOF,0.010439066159094911,0.10443747171995159,0.8851234621209535
25729,LOF,0.010737265648706798,0.1033758409582885,0.8858868933930047
25730,LOF,0.014461943489137687,0.09972618618824773,0.8858118703226145
25731,LOF,0.02221148404194101,0.14776866871876598,0.8300198472392931
25732,LOF,0.01408429803044668,0.05006795727231495,0.9358477446972384
25733,LOF,0.015252382617888156,0.06926166246679158,0.9154859549153201
25734,LOF,0.012804494909803694,0.1747126238843705,0.8124828812058259
25735,LOF,0.010664813150371545,0.0698504338939568,0.9194847529556718
25736,LOF,0.011693916362408775,0.06649911023736096,0.9218069734002302
25737,LOF,0.012997215415186636,0.09588374567204389,0.8911190389127696
25738,LOF,0.01196370811078091,0.09177955041260355,0.8962567414766156
25739,LOF,0.018729411536076424,0.08231562620705031,0.8989549622568732
25740,LOF,0.028972307829156396,0.10080335529495775,0.8702243368758857
25741,LOF,0.014005381133464547,0.10437688009670372,0.8816177387698318
25742,LOF,0.1072161663166083,0.07948623137297292,0.8132976023104188
25743,LOF,0.05307959320342473,0.05923163099127738,0.8876887758052979
25744,Neutral,0.6051051313002179,0.24138378941163563,0.15351107928814642
25745,LOF,0.06599994375838883,0.07326194521396015,0.860738111027651
25746,LOF,0.03980493238916523,0.11650111530716484,0.84369395230367
25747,LOF,0.01827954624206642,0.13167663151927084,0.8500438222386628
25748,LOF,0.10233777291900531,0.16995918183107261,0.7277030452499221
25749,LOF,0.02904805391156222,0.10276114740974517,0.8681907986786926
25750,LOF,0.0664874858393648,0.10760249640891395,0.8259100177517212
25751,LOF,0.11044580797682413,0.1498549134574998,0.7396992785656761
25752,GOF,0.12050451228177084,0.6500303469359388,0.22946514078229038
25753,LOF,0.038856005077233476,0.4202049784038038,0.5409390165189628
25754,GOF,0.026321543749903153,0.7800267406571912,0.19365171559290567
25755,LOF,0.03929970754265997,0.3667335350957149,0.5939667573616252
25756,LOF,0.07079456259499212,0.4484210076059037,0.48078442979910424
25757,GOF,0.021421557139340956,0.8313349171464198,0.14724352571423918
25758,GOF,0.03311442743861208,0.7878076625784144,0.17907790998297352
25759,GOF,0.01684751229532561,0.6472641704764998,0.3358883172281745
25760,LOF,0.023109558039935214,0.4258493455513032,0.5510410964087615
25761,GOF,0.31048442458498987,0.5901576056320967,0.09935796978291332
25762,LOF,0.05502370739108538,0.41455886739037245,0.5304174252185422
25763,LOF,0.0190984267285671,0.35523178965363045,0.6256697836178023
25764,GOF,0.07287981196252362,0.7201396332440894,0.20698055479338695
25765,GOF,0.043539167344486096,0.7715969521031567,0.18486388055235733
25766,GOF,0.1031306989678715,0.7255174023198748,0.1713518987122536
25767,GOF,0.12004894039287432,0.48253264232730375,0.39741841727982186
25768,LOF,0.09415886705228554,0.03663242683955526,0.8692087061081593
25769,LOF,0.046862549514727986,0.06719901033329466,0.8859384401519773
25770,LOF,0.37201877500864033,0.08636472398374943,0.5416165010076103
25771,LOF,0.0679353595955505,0.04034935036624634,0.8917152900382032
25772,LOF,0.017454369258623894,0.04810529004020505,0.9344403407011711
25773,LOF,0.07825397110994735,0.04341762666705065,0.878328402223002
25774,LOF,0.02584825285684962,0.13635770329169608,0.8377940438514543
25775,LOF,0.08661636592157289,0.03731917789287515,0.8760644561855521
25776,LOF,0.0668956334783208,0.03061901668785922,0.9024853498338199
25777,Neutral,0.5482927482628177,0.0746674242766144,0.3770398274605679
25778,LOF,0.05747131629511354,0.04658028916857576,0.8959483945363106
25779,GOF,0.3860072558977401,0.5607238465697965,0.05326889753246341
25780,GOF,0.3280566059749859,0.5812192212043105,0.09072417282070362
25781,GOF,0.11813372810007146,0.7576358553486556,0.1242304165512729
25782,GOF,0.17809880798164593,0.7121342954750673,0.10976689654328671
25783,GOF,0.023264860421617167,0.6809663857815675,0.2957687537968152
25784,Neutral,0.5120982018065182,0.42808545031884093,0.059816347874640824
25785,Neutral,0.4903104299398578,0.43474772438028436,0.07494184567985786
25786,GOF,0.025388534960918023,0.7251884058914934,0.24942305914758867
25787,Neutral,0.6833822520661736,0.2749518354242704,0.04166591250955609
25788,LOF,0.05331260463667037,0.08065674088719302,0.8660306544761366
25789,GOF,0.203004659114388,0.6660346771927153,0.13096066369289672
25790,GOF,0.2634506846535667,0.6035062779276569,0.13304303741877635
25791,GOF,0.14227851924049992,0.6189942346844699,0.23872724607503013
25792,GOF,0.3373666895729792,0.4774666778809005,0.1851666325461202
25793,GOF,0.20673406792623966,0.5016316497694762,0.2916342823042842
25794,GOF,0.27622707477365593,0.5137112048964523,0.2100617203298917
25795,GOF,0.062261431636940846,0.6550930434503721,0.28264552491268713
25796,Neutral,0.46918144495357006,0.4304698802077067,0.10034867483872321
25797,GOF,0.08126328994219811,0.5284850781358894,0.39025163192191253
25798,GOF,0.011763696838973312,0.5737165532952403,0.4145197498657863
25799,GOF,0.010335527809914494,0.5016188605686464,0.4880456116214391
25800,GOF,0.04167020353253395,0.6432672826934116,0.31506251377405436
25801,GOF,0.21336073334785483,0.6695442609991932,0.11709500565295204
25802,GOF,0.06217881308686092,0.6751069530748829,0.26271423383825604
25803,GOF,0.04532976581906655,0.5960635485799498,0.35860668560098363
25804,GOF,0.040767471207459154,0.522302601963715,0.43692992682882575
25805,GOF,0.09161906303465087,0.5635356131394098,0.3448453238259393
25806,GOF,0.11121329984751069,0.6173584725570695,0.2714282275954197
25807,GOF,0.019301400661133714,0.5978869411062957,0.3828116582325705
25808,GOF,0.09155005327189947,0.5858876257788005,0.3225623209493001
25809,GOF,0.020075780157505257,0.5763708489573712,0.40355337088512355
25810,GOF,0.020172232859577373,0.5678264213437632,0.4120013457966594
25811,GOF,0.4463001906835127,0.48340846438688695,0.07029134492960037
25812,GOF,0.03973038226748064,0.6494714645800737,0.31079815315244574
25813,Neutral,0.553132642746899,0.31945940479490925,0.12740795245819186
25814,GOF,0.12965446926315843,0.6021548551733623,0.26819067556347925
25815,GOF,0.260049110963533,0.5725266369128689,0.16742425212359802
25816,GOF,0.020173936670624476,0.6654816003428007,0.31434446298657476
25817,GOF,0.1769217217054176,0.6808078317931472,0.1422704465014352
25818,GOF,0.03914251559147466,0.6235357436153791,0.33732174079314625
25819,GOF,0.3483858653546629,0.4731569444344528,0.17845719021088421
25820,GOF,0.18292850548507145,0.6031096979137001,0.2139617966012284
25821,GOF,0.05749728562481602,0.6810157584894772,0.2614869558857069
25822,GOF,0.21362305706545567,0.5678017468116534,0.21857519612289095
25823,GOF,0.03504212471863247,0.5390937508307367,0.4258641244506309
25824,GOF,0.08138849345434149,0.55779548606847,0.3608160204771886
25825,GOF,0.030576899365402983,0.5634030969886911,0.4060200036459059
25826,GOF,0.012164373722506764,0.5536675663052906,0.4341680599722027
25827,GOF,0.021138611093831607,0.5608580003590566,0.41800338854711183
25828,LOF,0.014917568135496433,0.48939990296452207,0.49568252889998143
25829,GOF,0.008549760604927579,0.5782605639575481,0.4131896754375244
25830,LOF,0.03461138446305541,0.25804820078466123,0.7073404147522834
25831,GOF,0.14420786404677177,0.7060999599129462,0.14969217604028198
25832,GOF,0.03712858554530085,0.7073918614010073,0.2554795530536918
25833,GOF,0.10701674366201347,0.7093488485593414,0.18363440777864518
25834,GOF,0.04253506403925533,0.7060647967563839,0.2514001392043608
25835,GOF,0.09707450924004059,0.6506491315167544,0.2522763592432049
25836,GOF,0.04855259892009467,0.6857754047814373,0.265671996298468
25837,GOF,0.02589948743072555,0.5379545915546726,0.43614592101460176
25838,GOF,0.09057176173212782,0.7142446491704303,0.19518358909744196
25839,GOF,0.2787456061713734,0.5284854047250596,0.1927689891035671
25840,GOF,0.2014030551392445,0.5913294406476194,0.20726750421313617
25841,GOF,0.2345498244936818,0.5809027304990423,0.18454744500727582
25842,GOF,0.15936796656408558,0.6430053310798826,0.1976267023560318
25843,GOF,0.20684063374005957,0.6513289909610895,0.1418303752988509
25844,GOF,0.0666030526381746,0.671846127823863,0.26155081953796244
25845,GOF,0.01645105050881503,0.5471333437060261,0.43641560578515887
25846,GOF,0.09431275885997224,0.7020738562830665,0.20361338485696126
25847,GOF,0.10203797360694178,0.7264867637771372,0.17147526261592097
25848,GOF,0.04419538518005878,0.6697012482738317,0.28610336654610946
25849,GOF,0.013441006909052583,0.5752108136599138,0.4113481794310335
25850,GOF,0.0267959501574973,0.6576063574752562,0.3155976923672466
25851,GOF,0.02369552469334608,0.5510013477778801,0.4253031275287738
25852,GOF,0.13642143314601204,0.5619953318434684,0.3015832350105196
25853,GOF,0.3000122287176254,0.5995208881667511,0.10046688311562346
25854,GOF,0.021107829964149102,0.7083814620290104,0.2705107080068405
25855,GOF,0.041936822474471766,0.629285519472028,0.3287776580535001
25856,GOF,0.20172411046199867,0.6104093082596086,0.18786658127839273
25857,GOF,0.036282575816238005,0.5675345989312852,0.3961828252524768
25858,GOF,0.021012835454262094,0.6438909077642975,0.33509625678144045
25859,GOF,0.011172735865119274,0.638462362194174,0.3503649019407069
25860,GOF,0.27603676791544907,0.6137743277230618,0.11018890436148923
25861,GOF,0.2757661733777258,0.6234905030742149,0.10074332354805929
25862,GOF,0.0588305142207608,0.7814540869421394,0.15971539883709976
25863,GOF,0.06871813684847317,0.7844914845181128,0.14679037863341413
25864,GOF,0.13664022223649178,0.7497387365372005,0.11362104122630759
25865,GOF,0.06759702424548393,0.7758590166360189,0.1565439591184972
25866,GOF,0.06284937926666692,0.8077826462554536,0.12936797447787945
25867,GOF,0.07192455420498593,0.8167794596412816,0.11129598615373242
25868,GOF,0.17616862391718074,0.6864003038665135,0.13743107221630582
25869,Neutral,0.6427576766191134,0.29721177566095575,0.0600305477199309
25870,LOF,0.23514674015084855,0.2661448869783789,0.49870837287077247
25871,GOF,0.1742023135446809,0.6749366251045298,0.1508610613507893
25872,GOF,0.0770512594941498,0.6310233437892964,0.2919253967165538
25873,GOF,0.14383505512388128,0.6337220106212085,0.22244293425491024
25874,LOF,0.020560243337281445,0.0899397874504198,0.8894999692122988
25875,LOF,0.04870488887130945,0.19096401603478846,0.7603310950939022
25876,LOF,0.02020375329877117,0.11485950521510842,0.8649367414861204
25877,LOF,0.3978434690298793,0.1973097694558123,0.40484676151430826
25878,LOF,0.12343360050939044,0.30580888969111203,0.5707575097994976
25879,LOF,0.07003824305929643,0.3349676971810602,0.5949940597596435
25880,LOF,0.021257016549386866,0.05455581116008479,0.9241871722905284
25881,LOF,0.19630734636833438,0.19202999204233837,0.6116626615893273
25882,LOF,0.07017058969412865,0.02541840386890965,0.9044110064369617
25883,LOF,0.0882857279766576,0.045312795832289074,0.8664014761910533
25884,LOF,0.0450329667583047,0.047497040800689234,0.907469992441006
25885,LOF,0.05674626275516472,0.02665993691552802,0.9165938003293073
25886,LOF,0.36355277966986044,0.1125126179404916,0.523934602389648
25887,LOF,0.2092367867873825,0.1823981244601793,0.6083650887524382
25888,LOF,0.07406128242505335,0.10262882967036163,0.8233098879045851
25889,LOF,0.03649707702421332,0.05640835270392744,0.9070945702718592
25890,LOF,0.07275416706737789,0.11872478606508563,0.8085210468675365
25891,LOF,0.07494498686546013,0.0558268753747421,0.8692281377597977
25892,LOF,0.08986202678929477,0.04114427740723683,0.8689936958034684
25893,LOF,0.3271768902536643,0.03275440355705931,0.6400687061892764
25894,LOF,0.1806711866381536,0.012459639961068776,0.8068691734007777
25895,LOF,0.24625750917272068,0.02286757459024284,0.7308749162370365
25896,LOF,0.04639440218651474,0.024052333677266124,0.9295532641362191
25897,LOF,0.22862544785611832,0.03868584382389268,0.7326887083199891
25898,Neutral,0.7902599137072822,0.022442983218643874,0.18729710307407393
25899,LOF,0.21945592296493632,0.0725268568249892,0.7080172202100745
25900,Neutral,0.6395013462687172,0.014955043232451108,0.34554361049883164
25901,LOF,0.04165691865157473,0.017130350480499726,0.9412127308679255
25902,LOF,0.17227309158887366,0.020392380901186512,0.8073345275099398
25903,Neutral,0.6296993902423588,0.0811797271710382,0.28912088258660296
25904,LOF,0.26072936080387804,0.04842601911280909,0.6908446200833129
25905,LOF,0.03853944083316566,0.3570344356130842,0.60442612355375
25906,LOF,0.02738234524435225,0.06563902980529673,0.9069786249503511
25907,LOF,0.01388631301909701,0.39082507818120593,0.595288608799697
25908,LOF,0.015285850291172891,0.2716359088172478,0.7130782408915792
25909,LOF,0.017039450336893584,0.1088865923418886,0.8740739573212178
25910,LOF,0.024667223847687,0.40582116750963776,0.5695116086426752
25911,LOF,0.06200561024398655,0.07250178645519151,0.865492603300822
25912,LOF,0.02720952472183775,0.12790250703280173,0.8448879682453606
25913,LOF,0.21266372913262285,0.05475477125370552,0.7325814996136716
25914,LOF,0.02161954839309797,0.07993101314387308,0.898449438463029
25915,Neutral,0.41420455062437966,0.30047548160477167,0.28531996777084867
25916,LOF,0.03287984921628473,0.4592633123716692,0.5078568384120461
25917,LOF,0.045644228318236967,0.05062476296054919,0.9037310087212138
25918,LOF,0.025377537590618067,0.047837898941218066,0.9267845634681638
25919,LOF,0.023294723157596637,0.05201168928713919,0.9246935875552641
25920,GOF,0.11751768420054624,0.5509419978237428,0.33154031797571093
25921,LOF,0.032128614189532965,0.02217294506275822,0.9456984407477088
25922,LOF,0.045202715368314064,0.01709833210415249,0.9376989525275334
25923,LOF,0.39550781015961484,0.0213265411451894,0.5831656486951958
25924,LOF,0.04315003700699812,0.022568305719378623,0.9342816572736232
25925,LOF,0.06906252465985033,0.028668217352226702,0.9022692579879229
25926,LOF,0.05187934232958863,0.019640357567732827,0.9284803001026787
25927,LOF,0.07509661146796338,0.04294566507155522,0.8819577234604813
25928,LOF,0.024190492767351465,0.017035569745846607,0.958773937486802
25929,Neutral,0.5352479144371928,0.026218567989150343,0.43853351757365694
25930,LOF,0.06832543337883204,0.015505009084630282,0.9161695575365377
25931,LOF,0.03180118481311947,0.015132876267810335,0.9530659389190701
25932,LOF,0.028978091268755883,0.015349254116985614,0.9556726546142584
25933,LOF,0.038027383843397704,0.00979929613621411,0.9521733200203882
25934,LOF,0.026413336114318856,0.014445755893263579,0.9591409079924177
25935,LOF,0.06477637399213015,0.031160645309302352,0.9040629806985675
25936,LOF,0.04493692093271062,0.016904261300637092,0.9381588177666522
25937,LOF,0.033630228741341694,0.01942594549335653,0.9469438257653017
25938,LOF,0.061949736950601395,0.03844681175107009,0.8996034512983285
25939,LOF,0.04067403492047537,0.01079023149336222,0.9485357335861624
25940,GOF,0.027137861208701347,0.49161277316514435,0.4812493656261543
25941,LOF,0.16494657101968535,0.08211071586512773,0.752942713115187
25942,LOF,0.016074788692101695,0.031471352079728634,0.9524538592281696
25943,LOF,0.4009095909505879,0.06320854532565544,0.5358818637237567
25944,Neutral,0.5269043534822494,0.041835282034687456,0.4312603644830631
25945,LOF,0.08098925949346156,0.032244203258795796,0.8867665372477427
25946,LOF,0.04351854910178516,0.1271838514566671,0.8292975994415478
25947,LOF,0.16669092878753675,0.22672256085415954,0.6065865103583038
25948,LOF,0.4544957275170193,0.011369713040701869,0.5341345594422788
25949,LOF,0.12790096235874143,0.04133311884948475,0.8307659187917739
25950,GOF,0.24548246941023286,0.4661319222712116,0.2883856083185556
25951,LOF,0.2457452462274132,0.139303092050917,0.6149516617216698
25952,LOF,0.058457008915292395,0.4291517885787321,0.5123912025059755
25953,LOF,0.14720647125940167,0.1027295805640069,0.7500639481765914
25954,Neutral,0.4109034777857375,0.2537219661624157,0.33537455605184674
25955,LOF,0.08312350985550446,0.10388774963992614,0.8129887405045694
25956,LOF,0.25735999233568746,0.03132350092731116,0.7113165067370014
25957,LOF,0.0453365403825896,0.013942483993365444,0.940720975624045
25958,LOF,0.061212381403065966,0.02542705992100649,0.9133605586759276
25959,LOF,0.11497988321717556,0.2889108011643768,0.5961093156184476
25960,LOF,0.029875198195271173,0.04973151381283349,0.9203932879918952
25961,LOF,0.05399311591642636,0.03788371044795214,0.9081231736356215
25962,LOF,0.05515740919629933,0.04553340002876811,0.8993091907749325
25963,LOF,0.06012758910020649,0.17246728928946678,0.7674051216103268
25964,LOF,0.03421099133363722,0.1365862280257676,0.8292027806405953
25965,Neutral,0.5162529572127271,0.06059219554496047,0.4231548472423123
25966,LOF,0.321827216557986,0.30833021518227466,0.36984256825973927
25967,LOF,0.014117754082605228,0.12616603578806834,0.8597162101293263
25968,LOF,0.049427944609296476,0.43534668132059773,0.5152253740701058
25969,LOF,0.02398487691373485,0.08455359069613302,0.8914615323901321
25970,LOF,0.06339357208439882,0.0472274257418797,0.8893790021737215
25971,LOF,0.08046805991840521,0.0217688099287984,0.8977631301527963
25972,LOF,0.077680190142235,0.024491148362736657,0.8978286614950283
25973,LOF,0.07989380408497171,0.013348658488339715,0.9067575374266885
25974,LOF,0.3181347170894663,0.03959185093502535,0.6422734319755082
25975,LOF,0.04603604189211133,0.03774838003578002,0.9162155780721087
25976,LOF,0.033385965552044226,0.0283663096783844,0.9382477247695713
25977,LOF,0.12461193099874865,0.1208567378929994,0.7545313311082519
25978,LOF,0.16827093214880678,0.10198582818173065,0.7297432396694625
25979,LOF,0.15716321594715085,0.08380569688067291,0.7590310871721763
25980,LOF,0.21494425890254348,0.1681119373925059,0.6169438037049505
25981,LOF,0.2533973217800988,0.15749768656196367,0.5891049916579375
25982,LOF,0.40832638406110344,0.08866382535973723,0.5030097905791593
25983,LOF,0.4071111842873415,0.08645584699801805,0.5064329687146405
25984,LOF,0.03916453863697254,0.0960282660720577,0.8648071952909697
25985,LOF,0.021094223543674104,0.3014554601554884,0.6774503163008374
25986,LOF,0.026890518463614344,0.2959661842294756,0.67714329730691
25987,LOF,0.0818301148170159,0.07578626037709929,0.8423836248058848
25988,LOF,0.0957983203051677,0.07044112154732575,0.8337605581475066
25989,LOF,0.021265453149262592,0.11211720089641865,0.8666173459543188
25990,LOF,0.02957272371295286,0.09992839141660201,0.870498884870445
25991,LOF,0.20369585612642,0.2870462002510284,0.5092579436225516
25992,LOF,0.3782613209769972,0.16316125178410928,0.4585774272388935
25993,LOF,0.03260018404102558,0.06356132051790808,0.9038384954410663
25994,LOF,0.020542223102859886,0.08872139620012176,0.8907363806970182
25995,LOF,0.035516293351502214,0.08176157170903818,0.8827221349394596
25996,GOF,0.2954082483595999,0.3839819131513109,0.32060983848908914
25997,LOF,0.10384337374514004,0.4426357483525938,0.4535208779022662
25998,Neutral,0.5326662465413297,0.03479732665126054,0.43253642680740984
25999,LOF,0.1048181585135421,0.11740663724687667,0.7777752042395812
26000,LOF,0.08532316479110655,0.02939242626027116,0.8852844089486223
26001,LOF,0.17539287335565057,0.041512422318679326,0.7830947043256701
26002,LOF,0.09064053226862713,0.03363685047293012,0.8757226172584427
26003,GOF,0.012819876177847944,0.6530948953934262,0.3340852284287258
26004,GOF,0.030494734121111096,0.6544832409808943,0.3150220248979945
26005,LOF,0.014869936550346378,0.48707261949061675,0.49805744395903684
26006,Neutral,0.5741085611622013,0.2524537882765458,0.1734376505612528
26007,GOF,0.02856643165753388,0.5847041174805917,0.38672945086187444
26008,GOF,0.023575345718312688,0.5381532629208602,0.43827139136082716
26009,GOF,0.04257320667509589,0.6487965357500027,0.30863025757490137
26010,GOF,0.027426349360358395,0.6930435386503353,0.27953011198930633
26011,LOF,0.012377066942259716,0.43941840064881194,0.5482045324089284
26012,GOF,0.023743254356572405,0.5009272048337037,0.4753295408097239
26013,GOF,0.016804767442185044,0.6700730393937224,0.31312219316409257
26014,LOF,0.04456039248075125,0.15628489459505032,0.7991547129241984
26015,LOF,0.2498184543029402,0.009083403796487583,0.7410981419005722
26016,LOF,0.313288109073065,0.04275809512233024,0.6439537958046048
26017,LOF,0.21482054613171422,0.06938218838671381,0.715797265481572
26018,LOF,0.10283647848544973,0.030910997163908664,0.8662525243506416
26019,LOF,0.09896729840421044,0.018755002730434005,0.8822776988653555
26020,LOF,0.07896214485490706,0.07147432654740953,0.8495635285976835
26021,LOF,0.06996113830790558,0.08339944901178561,0.8466394126803087
26022,LOF,0.013088421987095948,0.04263338695034898,0.9442781910625551
26023,LOF,0.15177098317005033,0.01741046298419493,0.8308185538457548
26024,LOF,0.03590918493195902,0.06545634447147942,0.8986344705965615
26025,LOF,0.17548012370382182,0.04620197703414539,0.7783178992620328
26026,LOF,0.38716685317040506,0.009059165749234063,0.603773981080361
26027,LOF,0.10191373113533297,0.012418527502850617,0.8856677413618165
26028,LOF,0.21438850371326118,0.08872401751965174,0.6968874787670871
26029,LOF,0.12143224044239154,0.1533655332552088,0.7252022263023996
26030,LOF,0.036102090365072254,0.029780837769844384,0.9341170718650833
26031,LOF,0.03915947757713444,0.11038236227033521,0.8504581601525304
26032,LOF,0.10565759644232527,0.017202839601865725,0.8771395639558089
26033,LOF,0.14731883789251748,0.018376464215023074,0.8343046978924594
26034,LOF,0.06862751595927505,0.10731551799355697,0.824056966047168
26035,LOF,0.045450277428655796,0.09280695849493982,0.8617427640764044
26036,LOF,0.06940925774805634,0.10802976271667898,0.8225609795352647
26037,LOF,0.03844506170379199,0.09245251640470363,0.8691024218915043
26038,LOF,0.10386540467837299,0.017035674305108644,0.8790989210165184
26039,LOF,0.08962377885809228,0.09894423281815116,0.8114319883237566
26040,LOF,0.2745612017223705,0.05026282763381,0.6751759706438196
26041,LOF,0.03817452900706515,0.08664126839009809,0.8751842026028368
26042,LOF,0.03812016861379818,0.08601751916196795,0.8758623122242338
26043,LOF,0.10203432174747723,0.024194932706988116,0.8737707455455347
26044,LOF,0.0408806788087223,0.03499133177233814,0.9241279894189396
26045,LOF,0.10365160917487634,0.07291550093187144,0.8234328898932523
26046,LOF,0.11195345808215228,0.02644402940623384,0.8616025125116139
26047,LOF,0.14051498662228726,0.03327745683793012,0.8262075565397827
26048,LOF,0.05540640536123631,0.030320483059287067,0.9142731115794765
26049,Neutral,0.9442166735800329,0.004929369173444905,0.05085395724652229
26050,Neutral,0.9259057283740765,0.00510657650264749,0.06898769512327603
26051,GOF,0.039435372368261154,0.5411296727773589,0.4194349548543799
26052,GOF,0.037000210835677116,0.619782686051852,0.34321710311247083
26053,LOF,0.06367377257457056,0.3750297685297818,0.5612964588956476
26054,LOF,0.05261601200496433,0.07155019498734398,0.8758337930076917
26055,LOF,0.07179204314141023,0.06207715396784337,0.8661308028907463
26056,LOF,0.06066669102616688,0.07995046152747502,0.8593828474463582
26057,LOF,0.027724164305225018,0.026288347829065955,0.945987487865709
26058,LOF,0.02761657594126748,0.022869176380914555,0.949514247677818
26059,LOF,0.36543489244332666,0.06867144699385731,0.565893660562816
26060,LOF,0.03463544251656824,0.3148985889247029,0.650465968558729
26061,LOF,0.020207035777293797,0.05662526108960299,0.9231677031331031
26062,LOF,0.015441012469304845,0.0557847670479362,0.928774220482759
26063,LOF,0.022553515076477376,0.026136744989985444,0.9513097399335373
26064,LOF,0.02759008089608358,0.033244223773161344,0.9391656953307551
26065,LOF,0.02638219161037452,0.03059966171375334,0.943018146675872
26066,LOF,0.020836804594714042,0.035732023782983506,0.9434311716223024
26067,LOF,0.022472832236657,0.02245512606184801,0.955072041701495
26068,LOF,0.05244827874496662,0.07041746294907286,0.8771342583059606
26069,LOF,0.4404022873670067,0.06353010856206805,0.4960676040709251
26070,Neutral,0.6570380230414676,0.02862069044033748,0.31434128651819493
26071,LOF,0.022243187390671482,0.03641388557542604,0.9413429270339024
26072,LOF,0.02638316419338679,0.06433414482935533,0.9092826909772579
26073,LOF,0.024563246102841964,0.02865308319052745,0.9467836707066305
26074,Neutral,0.8748182941252284,0.011981652250913985,0.11320005362385745
26075,LOF,0.040286806812466734,0.055224475847885694,0.9044887173396475
26076,LOF,0.0413977900172462,0.02138362889993503,0.9372185810828187
26077,LOF,0.011141542686957035,0.06160443994374217,0.9272540173693007
26078,LOF,0.015173456832886234,0.04347748211370118,0.9413490610534127
26079,LOF,0.05090660081700855,0.049369302121926265,0.8997240970610652
26080,LOF,0.05090660081700855,0.049369302121926265,0.8997240970610652
26081,LOF,0.029912149724595622,0.018759466227367003,0.9513283840480374
26082,LOF,0.023666186175175203,0.05795907003219478,0.9183747437926301
26083,LOF,0.1290049231025851,0.030813661637253267,0.8401814152601618
26084,LOF,0.02559687630519095,0.042326012952614206,0.9320771107421949
26085,LOF,0.02166616701963498,0.036903550196769705,0.9414302827835953
26086,LOF,0.02163745939817042,0.03882754329344217,0.9395349973083874
26087,LOF,0.023432925400539102,0.027666311433823802,0.9489007631656372
26088,LOF,0.027526162947711118,0.0676570718178042,0.9048167652344846
26089,LOF,0.04502676784486433,0.0764311319357786,0.8785421002193571
26090,LOF,0.042092568349531394,0.06464263683132844,0.8932647948191401
26091,LOF,0.03634666699452926,0.017214692724599807,0.946438640280871
26092,LOF,0.028075647426547237,0.023217727423869832,0.948706625149583
26093,LOF,0.03859379205567114,0.014735882262067335,0.9466703256822615
26094,LOF,0.04244321389251014,0.015302013873774271,0.9422547722337156
26095,LOF,0.04398270213507606,0.05305375708502701,0.9029635407798968
26096,LOF,0.019351264854879875,0.03922866039630846,0.9414200747488117
26097,LOF,0.013115524170116322,0.11150901807691921,0.8753754577529644
26098,LOF,0.05914927315059013,0.04160818337267467,0.8992425434767353
26099,LOF,0.023372495460084543,0.04285572778293674,0.9337717767569788
26100,LOF,0.02411490083216977,0.03769060641849332,0.938194492749337
26101,LOF,0.05516899947840149,0.043959662748869435,0.900871337772729
26102,LOF,0.024282615807538745,0.027584931202133834,0.9481324529903273
26103,Neutral,0.8751802550985326,0.05178520728470102,0.07303453761676626
26104,LOF,0.04964292595190998,0.09756021404531401,0.852796860002776
26105,LOF,0.2891199675261359,0.23125001651875549,0.4796300159551086
26106,LOF,0.15526631373473151,0.14038409416749573,0.7043495920977728
26107,LOF,0.2628124538087467,0.12982965955545428,0.607357886635799
26108,LOF,0.19488157006421444,0.164073145141423,0.6410452847943625
26109,LOF,0.06575801641096049,0.1389180593826742,0.7953239242063653
26110,LOF,0.3444565830284473,0.02886826483795325,0.6266751521335995
26111,LOF,0.44374746103727125,0.04031550609835588,0.5159370328643729
26112,LOF,0.037479104383294486,0.024908923078776662,0.9376119725379288
26113,LOF,0.05270402611028437,0.05443722680008451,0.8928587470896311
26114,LOF,0.021238856661065918,0.02798078261808448,0.9507803607208495
26115,LOF,0.11243762348969588,0.05649361691358897,0.8310687595967152
26116,LOF,0.054721590699291014,0.05909604428703085,0.8861823650136781
26117,LOF,0.34222752130644213,0.12209774629352642,0.5356747324000315
26118,LOF,0.0421495940217512,0.05452148571030267,0.9033289202679461
26119,LOF,0.026343859780209724,0.07566673731565612,0.8979894029041341
26120,LOF,0.03493886976915568,0.04850484204354974,0.9165562881872945
26121,LOF,0.05448876661861519,0.11258587386454806,0.8329253595168369
26122,LOF,0.06575750621214681,0.05802502266672403,0.876217471121129
26123,LOF,0.03500118326812313,0.12851554494057088,0.836483271791306
