feature0,prediction,LoGoFunc_Neutral,LoGoFunc_GOF,LoGoFunc_LOF
25546,Neutral,0.5653431632995524,0.14951998955929088,0.28513684714115667
25547,Neutral,0.4572870537797098,0.2065674073902834,0.3361455388300067
25548,LOF,0.3809096007464074,0.2233244949104383,0.39576590434315423
25549,LOF,0.3462233480839474,0.22213274521574208,0.4316439067003106
25550,LOF,0.34565308546714335,0.22841808708006942,0.42592882745278715
25551,LOF,0.2577309578371994,0.21914130458084582,0.5231277375819547
25552,LOF,0.22702855197945215,0.2505326264039588,0.522438821616589
25553,Neutral,0.7377165907731364,0.11215955289890024,0.15012385632796346
25554,LOF,0.2623862989040884,0.19239170092658267,0.545222000169329
25555,LOF,0.2114783721381747,0.1833656394445262,0.6051559884172991
25556,LOF,0.3971408517659039,0.18274349858973143,0.42011564964436465
25557,LOF,0.194349184760753,0.20441219714713924,0.6012386180921077
25558,LOF,0.24937999236095076,0.20725920290505725,0.5433608047339921
25559,LOF,0.25024028196654036,0.055554581551427264,0.6942051364820324
25560,LOF,0.06377079382208983,0.21290874717873495,0.7233204589991753
25561,LOF,0.04802042374252274,0.3482259558043128,0.6037536204531645
25562,LOF,0.03519440413775345,0.0988617913899395,0.865943804472307
25563,LOF,0.00655017930113166,0.24106721683012639,0.752382603868742
25564,LOF,0.06454240845898349,0.0542545902670475,0.881203001273969
25565,LOF,0.15652824332454596,0.153352041825362,0.690119714850092
25566,GOF,0.062106890438272645,0.6819606019577125,0.2559325076040149
25567,LOF,0.041494719496755074,0.1014492344849693,0.8570560460182757
25568,LOF,0.07511157077670438,0.07741962597644514,0.8474688032468505
25569,LOF,0.07380230526441836,0.06637809695862591,0.8598195977769557
25570,LOF,0.025338911203090182,0.0953194084254504,0.8793416803714594
25571,LOF,0.025280271177414094,0.08924256279381428,0.8854771660287717
25572,LOF,0.04571305432988214,0.08432520316315345,0.8699617425069643
25573,LOF,0.0852815391869136,0.10527535119890598,0.8094431096141804
25574,LOF,0.10568758512474852,0.2235073302834135,0.6708050845918381
25575,LOF,0.025247824587017343,0.09766858763222465,0.8770835877807579
25576,LOF,0.022495126086753064,0.11654932966271252,0.8609555442505343
25577,LOF,0.027981540313263702,0.09119713527789593,0.8808213244088403
25578,LOF,0.3016630646930278,0.08124984808954969,0.6170870872174227
25579,LOF,0.3018335130480509,0.07908689111711757,0.6190795958348315
25580,LOF,0.029158233841590598,0.0854575089465232,0.8853842572118863
25581,LOF,0.0442643223407511,0.10503059692144322,0.8507050807378057
25582,LOF,0.0442643223407511,0.10503059692144322,0.8507050807378057
25583,LOF,0.030543208014576214,0.08875514864864543,0.8807016433367784
25584,Neutral,0.7728105608648701,0.056406781831434966,0.17078265730369496
25585,LOF,0.026444872337514847,0.08574834974709483,0.8878067779153903
25586,LOF,0.02594510829942028,0.09285058268771251,0.8812043090128672
25587,LOF,0.02659842480975123,0.09814119058049016,0.8752603846097586
25588,LOF,0.031833299956542396,0.0731772212799012,0.8949894787635564
25589,Neutral,0.6549376447927137,0.13006416542980478,0.21499818977748147
25590,LOF,0.06754426335057577,0.0816898577621523,0.8507658788872721
25591,LOF,0.12556967643164235,0.053584458070131985,0.8208458654982257
25592,LOF,0.10201796340909741,0.1584210138767579,0.7395610227141448
25593,LOF,0.15103862273095586,0.3014471657851111,0.547514211483933
25594,LOF,0.048524697247821796,0.05668700501556663,0.8947882977366116
25595,LOF,0.05834223906733587,0.030114285263295758,0.9115434756693684
25596,LOF,0.1527532894814336,0.015911029688485553,0.8313356808300809
25597,LOF,0.10990798599983197,0.007272405090019374,0.8828196089101487
25598,LOF,0.058952480779631736,0.030140920664723563,0.9109065985556446
25599,GOF,0.027463471049178206,0.5870699892276249,0.3854665397231969
25600,GOF,0.17798887623201137,0.5404926498386655,0.28151847392932305
25601,LOF,0.043234804430131404,0.4075977676042826,0.5491674279655859
25602,LOF,0.04228210055016133,0.05034229845853764,0.907375600991301
25603,LOF,0.07399911630308229,0.03369156408552366,0.8923093196113941
25604,LOF,0.08523781849148152,0.0786778040481389,0.8360843774603796
25605,LOF,0.105748043197934,0.12096507786689877,0.7732868789351672
25606,Neutral,0.606928492930858,0.12492833801022141,0.2681431690589206
25607,LOF,0.04477274670872897,0.11944536119078458,0.8357818921004865
25608,LOF,0.06098304710307082,0.11351169510859717,0.8255052577883321
25609,GOF,0.1533775220545214,0.6166312886911531,0.2299911892543254
25610,LOF,0.014031264268374602,0.1055198187193449,0.8804489170122805
25611,LOF,0.01356636108458996,0.10391439166475142,0.8825192472506587
25612,LOF,0.05900994565941358,0.09162048670902458,0.8493695676315619
25613,LOF,0.055921876335981016,0.09491138631316016,0.8491667373508588
25614,LOF,0.021079512913773957,0.10775175323456597,0.8711687338516599
25615,LOF,0.05121025530948117,0.10065420366683155,0.8481355410236873
25616,LOF,0.053455362161441554,0.09289307921471865,0.8536515586238398
25617,LOF,0.05532135129552813,0.09418654467477267,0.8504921040296992
25618,LOF,0.04588253220787602,0.3997321867685564,0.5543852810235675
25619,LOF,0.012529953860911571,0.20736576112476968,0.7801042850143187
25620,LOF,0.04898863764412593,0.0941916873919975,0.8568196749638766
25621,LOF,0.07016789148153293,0.10407298546617191,0.8257591230522952
25622,LOF,0.07540480766181269,0.09638541620341706,0.8282097761347702
25623,LOF,0.05786606996574787,0.07546487198275309,0.8666690580514991
25624,LOF,0.020730193794267184,0.12869103464700354,0.8505787715587292
25625,LOF,0.05289759223412653,0.07082407314152929,0.8762783346243441
25626,LOF,0.03448414337099306,0.06318764158356448,0.9023282150454424
25627,Neutral,0.8782766692156553,0.03808442914987582,0.08363890163446885
25628,LOF,0.15841309023798783,0.10053678471474993,0.7410501250472623
25629,LOF,0.06636926808880662,0.0824902333625312,0.8511404985486622
25630,LOF,0.24308730353264119,0.08619960885687787,0.6707130876104809
25631,LOF,0.46310686205031765,0.07329971226743981,0.4635934256822426
25632,LOF,0.023943782831112457,0.04158966978118607,0.9344665473877014
25633,LOF,0.27102652136283034,0.019296424050149467,0.7096770545870202
25634,LOF,0.05356546197125135,0.03158882751984892,0.9148457105088996
25635,LOF,0.03484390302145847,0.0206109268501292,0.9445451701284123
25636,GOF,0.027827121864860298,0.6810730273226101,0.2910998508125296
25637,GOF,0.03264374672284113,0.5453431287510282,0.42201312452613066
25638,GOF,0.01912944209138819,0.6450810837868938,0.3357894741217181
25639,LOF,0.0241982148593265,0.45574793369809036,0.5200538514425832
25640,Neutral,0.8228874392978908,0.15258292194756695,0.024529638754542293
25641,LOF,0.11808093920703511,0.3337980523175105,0.5481210084754544
25642,LOF,0.12573758575668653,0.22395020575400662,0.6503122084893068
25643,LOF,0.3457601774680306,0.20143417075174483,0.45280565178022464
25644,GOF,0.0076398013203187705,0.5317379235198576,0.46062227515982357
25645,LOF,0.011671939535331926,0.4728317672810355,0.5154962931836325
25646,LOF,0.016930840502192523,0.31443711822843384,0.6686320412693736
25647,LOF,0.010401369641862473,0.24596617771736476,0.7436324526407727
25648,LOF,0.012423796455834525,0.30072285786466424,0.6868533456795012
25649,LOF,0.0085269018614273,0.15757168782161363,0.8339014103169591
25650,LOF,0.023493296258802365,0.4563358384450778,0.5201708652961199
25651,LOF,0.008174677945615598,0.2682363224816306,0.7235889995727538
25652,LOF,0.005795183773873222,0.4236988166616443,0.5705059995644824
25653,GOF,0.0191780280663246,0.5239527062971809,0.45686926563649455
25654,LOF,0.006222858330754075,0.3828836177676221,0.6108935239016238
25655,GOF,0.06536823090005368,0.6746113553220806,0.2600204137778657
25656,LOF,0.21765971505432438,0.3757027524670903,0.4066375324785853
25657,LOF,0.022970558065919692,0.3874669811687949,0.5895624607652854
25658,GOF,0.14141811467595736,0.48615361679950186,0.3724282685245407
25659,GOF,0.19139347055457498,0.6030368172269531,0.20556971221847195
25660,LOF,0.01520491227626964,0.3170032579441154,0.667791829779615
25661,LOF,0.04952320801222159,0.2261860389907323,0.724290752997046
25662,LOF,0.01989837492417695,0.13442855481017169,0.8456730702656514
25663,LOF,0.01873599784806705,0.11473334490820933,0.8665306572437236
25664,LOF,0.06380325735592303,0.19356453156922157,0.7426322110748554
25665,LOF,0.03467466745328534,0.10100286265598127,0.8643224698907335
25666,LOF,0.05214214363516994,0.1418384986804993,0.8060193576843309
25667,LOF,0.05163919319363911,0.16670914804487294,0.7816516587614879
25668,LOF,0.017844615620393845,0.1832872359652412,0.798868148414365
25669,LOF,0.01693594953946585,0.18798499365943241,0.7950790568011019
25670,LOF,0.08705849160507692,0.11893476701934473,0.7940067413755783
25671,LOF,0.07612612400718846,0.1061059386689936,0.8177679373238178
25672,LOF,0.030119083044765536,0.17877984933203925,0.7911010676231952
25673,LOF,0.06424947968659665,0.1261956536327509,0.8095548666806524
25674,LOF,0.05718370968229236,0.15950249303873681,0.7833137972789709
25675,LOF,0.051718722237553784,0.1816830447439443,0.7665982330185019
25676,LOF,0.01507016398443139,0.1625330462891283,0.8223967897264403
25677,LOF,0.013918839903948476,0.2325859684925852,0.7534951916034662
25678,LOF,0.12741882620210215,0.23220634983867905,0.6403748239592187
25679,LOF,0.10511063104430733,0.16742901049479092,0.7274603584609017
25680,LOF,0.015089199482477346,0.3013856078161903,0.6835251927013325
25681,LOF,0.02412207715536221,0.26874070692671637,0.7071372159179214
25682,LOF,0.05685741932449588,0.16626640339063065,0.7768761772848736
25683,LOF,0.0611194744260664,0.13679583876575635,0.8020846868081771
25684,LOF,0.019074658824750637,0.17832407941875011,0.8026012617564993
25685,LOF,0.0829014144623527,0.20738478756623507,0.7097137979714122
25686,LOF,0.045029653597629435,0.2848023904915157,0.6701679559108549
25687,LOF,0.06991224186510685,0.291440235787886,0.6386475223470072
25688,LOF,0.4001228053890078,0.03784026204070585,0.5620369325702864
25689,LOF,0.21711555570962707,0.039776407483863976,0.7431080368065089
25690,LOF,0.33243796812025606,0.03451936164219351,0.6330426702375505
25691,Neutral,0.7303514068406539,0.04189425198263459,0.22775434117671153
25692,LOF,0.36528426554152293,0.014535278812760783,0.6201804556457162
25693,LOF,0.10690569354031278,0.3276294317545182,0.565464874705169
25694,LOF,0.09853977226825171,0.024291206516274488,0.8771690212154738
25695,LOF,0.0975390046627175,0.016820880358613788,0.8856401149786687
25696,LOF,0.09675019935448072,0.0278067451620008,0.8754430554835185
25697,LOF,0.05192345338479305,0.14129940523304368,0.8067771413821633
25698,LOF,0.3169169076223134,0.16721295582333848,0.5158701365543481
25699,LOF,0.3735577093085507,0.18366006586192657,0.44278222482952273
25700,LOF,0.07711249832246034,0.029537777202655126,0.8933497244748845
25701,LOF,0.18026517621470375,0.12862684698669538,0.6911079767986009
25702,GOF,0.15511445076594574,0.7087028263786394,0.13618272285541486
25703,LOF,0.012516071453598314,0.31576544769711007,0.6717184808492916
25704,LOF,0.018759254607354715,0.25721667466490444,0.7240240707277408
25705,LOF,0.021274614009263615,0.2042877942823782,0.7744375917083582
25706,GOF,0.1244713153613039,0.45107432103332307,0.4244543636053731
25707,LOF,0.10594834499820018,0.4265211819911544,0.4675304730106455
25708,GOF,0.049497679333633436,0.4937635448387432,0.4567387758276234
25709,LOF,0.06139908398301465,0.1309496912699648,0.8076512247470207
25710,LOF,0.016350798424637002,0.20446701897496308,0.7791821826003998
25711,LOF,0.01670943283853902,0.17835397360705027,0.8049365935544108
25712,LOF,0.01435050049036432,0.2588747425698627,0.7267747569397729
25713,LOF,0.01819063773069143,0.1820692833003469,0.7997400789689616
25714,LOF,0.06406051941571078,0.1969121459229643,0.739027334661325
25715,LOF,0.012371798277337262,0.2493365446047721,0.7382916571178907
25716,LOF,0.011978483347993984,0.16144394771541207,0.826577568936594
25717,LOF,0.014781780609356142,0.10454778112145582,0.8806704382691881
25718,LOF,0.012113896208170622,0.1402885671068523,0.847597536684977
25719,LOF,0.018523117269444802,0.20015622897298765,0.7813206537575675
25720,LOF,0.022405707067155608,0.12036927947406888,0.8572250134587756
25721,LOF,0.011903095887120125,0.22309358302759194,0.7650033210852879
25722,LOF,0.013021130426270813,0.21989045782760347,0.7670884117461257
25723,LOF,0.02082514532110559,0.16445756086306967,0.8147172938158247
25724,LOF,0.04234147928784329,0.4080216404091759,0.5496368803029807
25725,LOF,0.011939777051933225,0.21857894907726516,0.7694812738708017
25726,LOF,0.012582441181676042,0.21929067631586557,0.7681268825024584
25727,LOF,0.014866855042715104,0.2020380792442871,0.7830950657129978
25728,LOF,0.011845363898186866,0.24134228392170637,0.7468123521801068
25729,LOF,0.012313065073688545,0.249893438102834,0.7377934968234775
25730,LOF,0.013011261117449845,0.2441073598916925,0.7428813789908577
25731,LOF,0.01357295598561915,0.1620871390515619,0.824339904962819
25732,LOF,0.01276457678154609,0.12033873840048301,0.8668966848179709
25733,LOF,0.011907696449391145,0.1356433197378833,0.8524489838127255
25734,LOF,0.015487921311145304,0.19267823762206532,0.7918338410667893
25735,LOF,0.01222395989374638,0.1477320070556381,0.8400440330506155
25736,LOF,0.01142712327250651,0.16329589523348972,0.8252769814940039
25737,LOF,0.012929430292787989,0.19793439767956636,0.7891361720276456
25738,LOF,0.013315542107435772,0.21945003167555685,0.7672344262170073
25739,LOF,0.017911758482965175,0.17823976154888055,0.8038484799681542
25740,LOF,0.030695999519467363,0.22059866109529713,0.7487053393852355
25741,LOF,0.016278776310206845,0.24019615182366222,0.7435250718661309
25742,LOF,0.08758181146177714,0.14987355507712183,0.7625446334611011
25743,LOF,0.024968399879334892,0.06425788370266847,0.9107737164179968
25744,Neutral,0.5991625782399047,0.22680644349806175,0.1740309782620336
25745,LOF,0.04263434881660422,0.12756996772294132,0.8297956834604545
25746,LOF,0.02655232316584321,0.18808535142880825,0.7853623254053486
25747,LOF,0.013261330081943669,0.17121299963508962,0.8155256702829667
25748,LOF,0.0718663592897149,0.2884670032424154,0.6396666374678697
25749,LOF,0.019306306358345116,0.15924244998809667,0.8214512436535581
25750,LOF,0.044052373778732674,0.15079539782864174,0.8051522283926256
25751,LOF,0.08929300655582426,0.2795959391568796,0.6311110542872961
25752,GOF,0.08456239064490853,0.7255169996134713,0.1899206097416203
25753,LOF,0.01840067873701501,0.4079608403990138,0.5736384808639712
25754,GOF,0.020710820892852783,0.7551875631382701,0.22410161596887704
25755,LOF,0.024287101979770936,0.3601250132982621,0.6155878847219669
25756,GOF,0.031570682546074216,0.5195879146318976,0.44884140282202817
25757,GOF,0.014116556349375937,0.8672608443823366,0.11862259926828757
25758,GOF,0.026385205547310324,0.8488533406056146,0.12476145384707504
25759,GOF,0.015543981584500637,0.7278617257058525,0.2565942927096469
25760,LOF,0.016705277851264373,0.3995918752135486,0.5837028469351871
25761,GOF,0.21971960344739727,0.710331153724193,0.0699492428284097
25762,LOF,0.03716638626266796,0.46094065047701754,0.5018929632603145
25763,LOF,0.01477673125840631,0.3046124866627759,0.6806107820788178
25764,GOF,0.0643808783213694,0.7870694765681792,0.14854964511045146
25765,GOF,0.035510045453327914,0.8129686069778036,0.1515213475688685
25766,GOF,0.06152799916967892,0.8490656274879458,0.08940637334237528
25767,GOF,0.08327900390566079,0.7065189139287482,0.21020208216559103
25768,LOF,0.08261656355132607,0.09123502772018607,0.8261484087284878
25769,LOF,0.05588875412075604,0.07922238672186084,0.8648888591573831
25770,LOF,0.3279978782327129,0.07852949789102616,0.5934726238762609
25771,LOF,0.0650261793202901,0.02937886796149962,0.9055949527182103
25772,LOF,0.017758509170510417,0.05967856607598039,0.9225629247535091
25773,LOF,0.06749483274700106,0.025704778120928168,0.9068003891320708
25774,LOF,0.03251431782126567,0.09860493535667664,0.8688807468220577
25775,LOF,0.08086110194503923,0.022619117322781056,0.8965197807321799
25776,LOF,0.07109083536746934,0.03305432565589057,0.8958548389766402
25777,LOF,0.471067071259559,0.034722235567714345,0.4942106931727266
25778,LOF,0.059801995510700465,0.060490431146615,0.8797075733426847
25779,Neutral,0.5245949053611846,0.32466830459220447,0.15073679004661095
25780,Neutral,0.4663731142761273,0.2973511468030772,0.23627573892079543
25781,GOF,0.17861559561075352,0.508309339945803,0.3130750644434435
25782,GOF,0.3054562417325004,0.418387035846257,0.27615672242124245
25783,GOF,0.03226840185188836,0.5076288828368635,0.4601027153112482
25784,Neutral,0.6830169482052251,0.18311236382957466,0.1338706879652004
25785,Neutral,0.6683342521782495,0.1188204969496947,0.21284525087205572
25786,LOF,0.03226624967300879,0.47180093335508033,0.4959328169719109
25787,Neutral,0.8264569043244285,0.06578326679338023,0.10775982888219113
25788,LOF,0.07061582805422102,0.02589109350363711,0.9034930784421419
25789,GOF,0.31366212612819777,0.3525722864944592,0.3337655873773431
25790,LOF,0.3048065385757111,0.3406255798207539,0.35456788160353503
25791,LOF,0.19976831193797948,0.34717616097678466,0.4530555270852359
25792,Neutral,0.44261015485279825,0.21325719979549054,0.34413264535171123
25793,LOF,0.27455346407498804,0.2145046885120068,0.5109418474130052
25794,Neutral,0.3952112341560537,0.26361231233714666,0.3411764535067997
25795,LOF,0.08818733514129141,0.4217528135604537,0.4900598512982548
25796,Neutral,0.6159829225906616,0.16272830231960334,0.2212887750897351
25797,LOF,0.11999283171335078,0.29491675478051543,0.5850904135061339
25798,LOF,0.014997522144072814,0.3196147319455903,0.6653877459103368
25799,LOF,0.013343196782542059,0.3006449551245913,0.6860118480928666
25800,LOF,0.055867568654563375,0.38619052498594825,0.5579419063594885
25801,GOF,0.2967712323799765,0.3798289525507817,0.3233998150692417
25802,LOF,0.07519781947899609,0.4192169122843194,0.5055852682366845
25803,LOF,0.051237525336421216,0.34371180819165575,0.6050506664719231
25804,LOF,0.044632382799700554,0.36464989656072894,0.5907177206395706
25805,LOF,0.10903186271644486,0.42027544403926137,0.47069269324429375
25806,LOF,0.14959629653372847,0.3554246959579265,0.494979007508345
25807,LOF,0.026154395184261294,0.35789425663605995,0.6159513481796788
25808,LOF,0.12692637629069436,0.32904463156427854,0.5440289921450271
25809,LOF,0.02740246832654319,0.32474422197022434,0.6478533097032324
25810,LOF,0.03159728695482395,0.3220701444599047,0.6463325685852713
25811,Neutral,0.6643780845374495,0.19329406571186747,0.14232784975068302
25812,LOF,0.05600669776167635,0.33459446264598364,0.6093988395923401
25813,Neutral,0.661956467075642,0.09254416360921815,0.24549936931513983
25814,LOF,0.19408631332868181,0.3420615540462795,0.4638521326250386
25815,Neutral,0.3644086477729357,0.28692803263905164,0.3486633195880126
25816,LOF,0.02425005392987528,0.3614009151168655,0.6143490309532592
25817,GOF,0.3180288212153468,0.3975927109173976,0.28437846786725546
25818,LOF,0.044329074951033415,0.3034812854398789,0.6521896396090876
25819,Neutral,0.4189975487621499,0.24083120964319887,0.34017124159465106
25820,LOF,0.23103930177650303,0.3326687460657541,0.43629195215774286
25821,LOF,0.08159970958326103,0.3952908740744473,0.5231094163422917
25822,LOF,0.300888194696906,0.2675533508432292,0.4315584544598648
25823,LOF,0.049000069584182064,0.3686569739524068,0.5823429564634112
25824,LOF,0.12533990699256312,0.27433130116823706,0.6003287918391997
25825,LOF,0.05084920528570772,0.29255242291527184,0.6565983717990204
25826,LOF,0.01619020929082543,0.3168227071966549,0.6669870835125197
25827,LOF,0.027796321249993976,0.40175874866253836,0.5704449300874677
25828,LOF,0.01999602719097152,0.3240025333421151,0.6560014394669135
25829,LOF,0.010635409286111758,0.3457699754905982,0.6435946152232901
25830,LOF,0.04020590206067903,0.05364937659832131,0.9061447213409997
25831,GOF,0.25294473896869607,0.4521471262680767,0.2949081347632272
25832,LOF,0.04184495101055947,0.39331360943313515,0.5648414395563054
25833,LOF,0.14230211972960388,0.398462889164532,0.45923499110586413
25834,LOF,0.05407291153477807,0.38718607581418496,0.558741012651037
25835,LOF,0.15710164295630086,0.3625175812866762,0.480380775757023
25836,LOF,0.067426351434434,0.3907091056511679,0.5418645429143981
25837,LOF,0.038978646599433106,0.3309696566195341,0.6300516967810328
25838,LOF,0.14430926562191865,0.41907672197019047,0.43661401240789094
25839,Neutral,0.455158153506606,0.23410410377883256,0.3107377427145615
25840,LOF,0.32780410744782285,0.3275546240276647,0.3446412685245125
25841,Neutral,0.3611031959892323,0.2923697271777906,0.3465270768329772
25842,LOF,0.2604387756483208,0.313347170590644,0.4262140537610351
25843,GOF,0.29149554721898147,0.3882383052387277,0.32026614754229077
25844,LOF,0.1060118156060281,0.3184312335264751,0.5755569508674967
25845,LOF,0.021138424639715055,0.3756518601436335,0.6032097152166515
25846,LOF,0.17036326393557957,0.3884971807251362,0.44113955533928423
25847,LOF,0.1915867577297844,0.40285537201931865,0.40555787025089696
25848,LOF,0.052904105548482135,0.3358478626825247,0.6112480317689931
25849,LOF,0.015367769061847345,0.3247179173751211,0.6599143135630315
25850,LOF,0.033005238136328684,0.38116085438994474,0.5858339074737267
25851,LOF,0.02686255473425106,0.3717609691327662,0.6013764761329827
25852,LOF,0.17562448111560322,0.34012730376714523,0.4842482151172515
25853,Neutral,0.40959440654241075,0.3331162624637159,0.25728933099387324
25854,LOF,0.02695996597904491,0.46013879052348666,0.5129012434974684
25855,LOF,0.06978106350416391,0.32208977046356185,0.6081291660322743
25856,LOF,0.316622688797128,0.2971810428986764,0.38619626830419557
25857,LOF,0.058834206920031974,0.33511565691765316,0.6060501361623148
25858,LOF,0.032109196312751935,0.4278487584322885,0.5400420452549596
25859,LOF,0.016574397333024876,0.4486164030246379,0.5348091996423372
25860,Neutral,0.4367890695155816,0.2687866184199624,0.29442431206445596
25861,Neutral,0.44658074948594817,0.37006833342711754,0.18335091708693432
25862,GOF,0.09440219784303075,0.49073746908577565,0.4148603330711936
25863,GOF,0.10217432114156172,0.504972487440578,0.39285319141786035
25864,GOF,0.2535185869973796,0.5148342684450092,0.2316471445576112
25865,GOF,0.12199494020065113,0.5774040764070751,0.3006009833922738
25866,GOF,0.10125954851447083,0.5686864461282212,0.330054005357308
25867,GOF,0.11644835955302693,0.6083260214315284,0.2752256190154447
25868,LOF,0.2932544329548075,0.35255478421854436,0.35419078282664807
25869,Neutral,0.7758162587122288,0.1273082047080138,0.09687553657975741
25870,LOF,0.2965305769768093,0.02683162672265243,0.6766377963005383
25871,LOF,0.2231826049789471,0.3116925259481921,0.4651248690728607
25872,LOF,0.09775141457162985,0.26942158737406624,0.632826998054304
25873,LOF,0.17527250322380608,0.2486657497146578,0.5760617470615361
25874,LOF,0.026898447526968718,0.030248322128809877,0.9428532303442213
25875,LOF,0.027706405294586168,0.29428138869901765,0.6780122060063962
25876,LOF,0.020318598207482292,0.10465107873541862,0.875030323057099
25877,LOF,0.3351856397178063,0.23782545348896603,0.42698890679322776
25878,LOF,0.10143425895638408,0.36378848311136874,0.5347772579322472
25879,LOF,0.04736039203284419,0.37286973393666784,0.579769874030488
25880,LOF,0.02012249856266408,0.0514195921053379,0.9284579093319981
25881,LOF,0.40623812987433,0.11721851748681274,0.47654335263885744
25882,LOF,0.08014731252404507,0.020904777818436616,0.8989479096575183
25883,LOF,0.09778429139572037,0.02446376196219778,0.8777519466420818
25884,LOF,0.06312348110167877,0.038555704075149765,0.8983208148231715
25885,LOF,0.07790621937832105,0.02395364197826393,0.8981401386434149
25886,LOF,0.25558142999456884,0.05748479240372205,0.686933777601709
25887,LOF,0.32096815263733075,0.09489135576384217,0.5841404915988271
25888,LOF,0.14300593670949271,0.04278719262324131,0.8142068706672659
25889,LOF,0.05856208519388568,0.03750506368142864,0.9039328511246857
25890,LOF,0.059114206184134106,0.07661201813403927,0.8642737756818267
25891,LOF,0.059522332001106126,0.05049648714343759,0.8899811808554564
25892,LOF,0.10775972687561673,0.03816328768872321,0.8540769854356601
25893,LOF,0.3482979444574187,0.02887320935938521,0.622828846183196
25894,LOF,0.1985312919230886,0.016749029063871386,0.78471967901304
25895,LOF,0.23291022759868985,0.016664595599254442,0.7504251768020558
25896,LOF,0.05126418743812179,0.031239847706313183,0.917495964855565
25897,LOF,0.24386669470273875,0.03293743147528656,0.7231958738219747
25898,Neutral,0.7519945678152106,0.02067596250083727,0.22732946968395223
25899,LOF,0.21542484935453368,0.10617048375545755,0.6784046668900087
25900,Neutral,0.6034742970799224,0.026024197995423576,0.370501504924654
25901,LOF,0.05494976377471794,0.02238975744120072,0.9226604787840814
25902,LOF,0.2186839590814686,0.016761567601973337,0.7645544733165581
25903,Neutral,0.5704419843206905,0.05603126213862912,0.37352675354068043
25904,LOF,0.3307212372422338,0.05371505227451393,0.6155637104832523
25905,GOF,0.03300613700140102,0.5060535937351958,0.4609402692634031
25906,LOF,0.021788617174115472,0.07988690513268618,0.8983244776931985
25907,LOF,0.011030049052191269,0.4154823175145273,0.5734876334332815
25908,LOF,0.014172757202840017,0.2827853311488283,0.7030419116483316
25909,LOF,0.018991136884171107,0.24774988127292594,0.733258981842903
25910,LOF,0.02815707967979855,0.43001271238694283,0.5418302079332586
25911,LOF,0.061181903603587745,0.04194341209935291,0.8968746842970594
25912,LOF,0.027078045041564344,0.09562227969174664,0.877299675266689
25913,LOF,0.2068275128524501,0.02605597561190655,0.7671165115356433
25914,LOF,0.022806861859814877,0.17961810945023143,0.7975750286899537
25915,GOF,0.37877225485543004,0.4739623254371626,0.1472654197074075
25916,GOF,0.026862198301025222,0.6286907456288714,0.3444470560701034
25917,LOF,0.0313584483597142,0.10439545188765431,0.8642460997526314
25918,LOF,0.0262634120324094,0.09096676118125852,0.8827698267863321
25919,LOF,0.02539657684258011,0.08401501226120911,0.8905884108962108
25920,GOF,0.1491221027389119,0.4945986068644641,0.35627929039662404
25921,LOF,0.037340818631756284,0.027705242726857357,0.9349539386413864
25922,LOF,0.049950137448625316,0.0165717175083815,0.9334781450429931
25923,LOF,0.39199986881117366,0.032772482552816166,0.5752276486360102
25924,LOF,0.04330564631762637,0.02678942403268038,0.9299049296496932
25925,LOF,0.0866035837712185,0.04548344028304049,0.867912975945741
25926,LOF,0.06429885512147833,0.026353981362245586,0.909347163516276
25927,LOF,0.07593086638036431,0.09392354675131705,0.8301455868683187
25928,LOF,0.024470878181509746,0.018361362369506917,0.9571677594489835
25929,Neutral,0.4959615359555004,0.03127523569166942,0.4727632283528302
25930,LOF,0.09271145408911903,0.01998884361628917,0.8872997022945918
25931,LOF,0.03445336107967262,0.013137235762145743,0.9524094031581817
25932,LOF,0.03564290825210375,0.01468042454414833,0.9496766672037479
25933,LOF,0.04494296034707909,0.011944744533263022,0.9431122951196579
25934,LOF,0.030563247426679117,0.018205319811845623,0.9512314327614753
25935,LOF,0.08144368607978993,0.03624776354132555,0.8823085503788844
25936,LOF,0.046798707862398,0.013976356895225174,0.9392249352423768
25937,LOF,0.039636770484478584,0.026313363086486144,0.9340498664290352
25938,LOF,0.07711872667140922,0.0551536127761037,0.8677276605524871
25939,LOF,0.036659543007050946,0.01741963666163552,0.9459208203313135
25940,GOF,0.027900674938809825,0.5373809040892786,0.4347184209719115
25941,LOF,0.24482132300793658,0.01949452960751205,0.7356841473845512
25942,LOF,0.02305088817729762,0.009480078422781387,0.9674690333999211
25943,LOF,0.40007341448547684,0.01566498007958904,0.5842616054349341
25944,Neutral,0.5157608314199364,0.009282031210243371,0.47495713736982015
25945,LOF,0.09893351203765835,0.026504975036475708,0.8745615129258659
25946,LOF,0.030820864155139915,0.23623741447590457,0.7329417213689555
25947,LOF,0.13078359901553396,0.23283744751573865,0.6363789534687274
25948,LOF,0.4014594074583004,0.00759598358774088,0.5909446089539588
25949,LOF,0.12117011762630267,0.015929852536347922,0.8629000298373494
25950,GOF,0.15196041261657356,0.517797665560599,0.3302419218228274
25951,LOF,0.2647371772995362,0.2003166326745036,0.5349461900259602
25952,LOF,0.053543548049074303,0.4694933747149466,0.476963077235979
25953,LOF,0.1622961540767346,0.23460033682514467,0.6031035090981207
25954,Neutral,0.4107335808462704,0.3491928093859432,0.24007360976778638
25955,LOF,0.047633437211112156,0.2000019405232877,0.7523646222656001
25956,LOF,0.22518475732155907,0.05802829717245517,0.7167869455059858
25957,LOF,0.04821724442113616,0.02447442959357515,0.9273083259852887
25958,LOF,0.08754290540169993,0.02280783527604026,0.8896492593222599
25959,LOF,0.16780425107185584,0.267815291730574,0.5643804571975701
25960,LOF,0.03733626442903185,0.05097576130970026,0.9116879742612678
25961,LOF,0.09204260826969796,0.03621304114702904,0.871744350583273
25962,LOF,0.0611737274142147,0.04226970208710482,0.8965565704986804
25963,LOF,0.06415693483841822,0.15760877668023784,0.7782342884813439
25964,LOF,0.030860319988837745,0.26274577585927933,0.7063939041518829
25965,Neutral,0.4914795659320553,0.05630382528475396,0.45221660878319087
25966,GOF,0.2549138315142808,0.4289710306746012,0.316115137811118
25967,LOF,0.012462967893585562,0.21837453144882488,0.7691625006575896
25968,LOF,0.07459698616282048,0.41736879321361203,0.5080342206235676
25969,LOF,0.02386118869292911,0.059981928145642995,0.9161568831614278
25970,LOF,0.052902497506057015,0.03338618967658436,0.9137113128173586
25971,LOF,0.0845342373700323,0.022128167708188033,0.8933375949217797
25972,LOF,0.07155284549980633,0.028935755806659035,0.8995113986935346
25973,LOF,0.10764026559799861,0.013902124153928342,0.8784576102480731
25974,LOF,0.3785087648411198,0.023624894990229073,0.5978663401686511
25975,LOF,0.04609827654780973,0.032587712495778805,0.9213140109564114
25976,LOF,0.040842197309156565,0.029704967446837267,0.9294528352440061
25977,LOF,0.09925200541866709,0.17794708490027136,0.7228009096810616
25978,LOF,0.16460455329652612,0.1094179058985006,0.7259775408049732
25979,LOF,0.15001393491890846,0.08740069865090283,0.7625853664301887
25980,LOF,0.18085775626309283,0.1517603012050167,0.6673819425318904
25981,LOF,0.18085775626309283,0.1517603012050167,0.6673819425318904
25982,LOF,0.3538588961570941,0.0945392443035766,0.5516018595393293
25983,LOF,0.3492906891907826,0.10806570069063098,0.5426436101185864
25984,LOF,0.03170137387362458,0.13828111122366163,0.8300175149027139
25985,LOF,0.02492318467167836,0.2790540474888863,0.6960227678394353
25986,LOF,0.02910491454958147,0.3518828560277324,0.6190122294226862
25987,LOF,0.08964338889983578,0.07743630826808831,0.832920302832076
25988,LOF,0.05827403474992659,0.13809288526363864,0.8036330799864349
25989,LOF,0.021985142997728687,0.18849779561068603,0.7895170613915853
25990,LOF,0.029768086015841563,0.15267531688383842,0.81755659710032
25991,LOF,0.1675664311914133,0.2769239601697478,0.5555096086388389
25992,LOF,0.33233086158494807,0.22482439516710986,0.44284474324794215
25993,LOF,0.025491735773862302,0.12067073409504324,0.8538375301310944
25994,LOF,0.014313265311819834,0.1578231548621948,0.8278635798259854
25995,LOF,0.021978505959703784,0.15069653960765675,0.8273249544326395
25996,GOF,0.10230746322358068,0.46328965063307476,0.4344028861433445
25997,GOF,0.039839213158090775,0.4812003997944028,0.4789603870475065
25998,LOF,0.3824160813121778,0.01086069146273345,0.6067232272250888
25999,LOF,0.15014322664861177,0.3720929797952438,0.47776379355614446
26000,LOF,0.0618165684318405,0.03725534164179104,0.9009280899263684
26001,LOF,0.13363572449899566,0.06069412204938801,0.8056701534516163
26002,LOF,0.08348619673492294,0.06283728572076654,0.8536765175443104
26003,GOF,0.007768617454619086,0.7838064247653034,0.20842495778007755
26004,GOF,0.018624813786660133,0.8047306088797803,0.1766445773335594
26005,GOF,0.00840504112926923,0.5777761145808871,0.4138188442898437
26006,Neutral,0.43223881331088715,0.4267014767223745,0.1410597099667384
26007,GOF,0.013459370538276833,0.7139378955046981,0.2726027339570251
26008,GOF,0.011970741232679718,0.7676381061636542,0.22039115260366599
26009,GOF,0.023391224708187674,0.8312727773889791,0.1453359979028331
26010,GOF,0.01244844298570476,0.8705090872899912,0.1170424697243041
26011,GOF,0.007067104679112086,0.5430127184171466,0.44992017690374125
26012,GOF,0.011611879305519846,0.6941050541003816,0.29428306659409864
26013,GOF,0.009467292336679478,0.7541384921400789,0.23639421552324155
26014,LOF,0.04761092544646644,0.11867957769881039,0.8337094968547231
26015,LOF,0.1870924407726018,0.007977078011810678,0.8049304812155875
26016,LOF,0.29490737549603757,0.028831386605162285,0.6762612378988002
26017,LOF,0.18693229090073935,0.0437467733518275,0.7693209357474331
26018,LOF,0.08214046097023149,0.017968747374660074,0.8998907916551084
26019,LOF,0.08295656052160262,0.011669243794168664,0.9053741956842287
26020,LOF,0.08871928368164121,0.042599368938255236,0.8686813473801036
26021,LOF,0.07921915314359368,0.04984558081067066,0.8709352660457356
26022,LOF,0.0163843059904189,0.027414114941073004,0.9562015790685081
26023,LOF,0.18045849685562387,0.013367367964838565,0.8061741351795376
26024,LOF,0.04288542192464694,0.05374043939932344,0.9033741386760297
26025,LOF,0.27333325334532826,0.049207202822227444,0.6774595438324442
26026,LOF,0.4898426616593426,0.01106765994088531,0.4990896783997721
26027,LOF,0.08520226701928585,0.010685594843004754,0.9041121381377094
26028,LOF,0.2574353026355266,0.0645844098525979,0.6779802875118754
26029,LOF,0.1450499958796848,0.13742821426381785,0.7175217898564973
26030,LOF,0.045211586285629615,0.049786463616632984,0.9050019500977373
26031,LOF,0.041052315723735695,0.13769162073234703,0.8212560635439173
26032,LOF,0.11989040049631625,0.038536860177038286,0.8415727393266454
26033,LOF,0.28356091137550293,0.04828063211100566,0.6681584565134914
26034,LOF,0.06839950253144825,0.11345442385338114,0.8181460736151706
26035,LOF,0.05286683586288349,0.11985680936819025,0.8272763547689262
26036,LOF,0.07020746709626514,0.10726856197185099,0.8225239709318839
26037,LOF,0.04229481828726136,0.09598662310595303,0.8617185586067856
26038,LOF,0.11847071916952924,0.03689407407100855,0.8446352067594622
26039,LOF,0.094501850522641,0.10813291871006653,0.7973652307672924
26040,LOF,0.44842446466095853,0.06921499823122697,0.48236053710781446
26041,LOF,0.04275802565609283,0.09499204785073276,0.8622499264931743
26042,LOF,0.04262018050418068,0.08414276835391979,0.8732370511418995
26043,LOF,0.11513852455649123,0.04720075518617966,0.8376607202573291
26044,LOF,0.043923543786837944,0.05747545957997263,0.8986009966331894
26045,LOF,0.11874011890813985,0.08642972039488364,0.7948301606969765
26046,LOF,0.126773726342815,0.050741595768127375,0.8224846778890577
26047,LOF,0.13768931044236973,0.04973992112844691,0.8125707684291834
26048,LOF,0.10347709963328393,0.042310665005520214,0.854212235361196
26049,Neutral,0.9326966131903083,0.010773696837732582,0.05652968997195933
26050,Neutral,0.9066307781770575,0.012534332243100963,0.0808348895798415
26051,GOF,0.04582735247175138,0.5352681363093376,0.41890451121891115
26052,GOF,0.041232654771873815,0.5745006240463906,0.3842667211817356
26053,LOF,0.04880215311600457,0.29784607791177675,0.6533517689722188
26054,LOF,0.06069467951651998,0.06890004690273045,0.8704052735807495
26055,LOF,0.06798503813355511,0.06884893463936764,0.8631660272270772
26056,LOF,0.054572616104966026,0.08155944743594709,0.8638679364590869
26057,LOF,0.02781218366792268,0.05682252328708758,0.9153652930449898
26058,LOF,0.027772913889517758,0.050878602624534336,0.9213484834859479
26059,LOF,0.39087154172741106,0.11906718572275117,0.4900612725498377
26060,LOF,0.03529648178572071,0.4249905955807627,0.5397129226335166
26061,LOF,0.021895342156455617,0.09743877490626636,0.880665882937278
26062,LOF,0.016771957534669504,0.07023186604779211,0.9129961764175384
26063,LOF,0.023853744244622947,0.05719132713883965,0.9189549286165374
26064,LOF,0.02927139100562588,0.0662874079841718,0.9044412010102023
26065,LOF,0.02671761057528541,0.04474136357305546,0.9285410258516592
26066,LOF,0.02158875634198729,0.0643122847101943,0.9140989589478185
26067,LOF,0.02372575304705802,0.04971543461708722,0.9265588123358548
26068,LOF,0.05035085575102258,0.09709748599560375,0.8525516582533736
26069,LOF,0.3889569366995535,0.06712959841169701,0.5439134648887495
26070,Neutral,0.5800981541862981,0.04284584455929405,0.37705600125440797
26071,LOF,0.0232974133204094,0.06529999395426553,0.9114025927253252
26072,LOF,0.027900227372546917,0.09671497226342342,0.8753848003640297
26073,LOF,0.02682023592131438,0.04199827242800402,0.9311814916506816
26074,Neutral,0.8898211149683313,0.017760662737314723,0.09241822229435381
26075,LOF,0.04252181498342716,0.07660204187476496,0.8808761431418078
26076,LOF,0.03661674211003909,0.04163146891414859,0.9217517889758123
26077,LOF,0.012292289130933031,0.11090541863833636,0.8768022922307306
26078,LOF,0.01669681259692655,0.07118124144337482,0.9121219459596986
26079,LOF,0.05042917564930435,0.07788036491298855,0.871690459437707
26080,LOF,0.05042917564930435,0.07788036491298855,0.871690459437707
26081,LOF,0.031397138042676284,0.03966117293777381,0.9289416890195499
26082,LOF,0.02679088338076336,0.05199178512610243,0.9212173314931342
26083,LOF,0.07115092176541189,0.06797805771550719,0.8608710205190808
26084,LOF,0.022403723873205408,0.06338828650906814,0.9142079896177264
26085,LOF,0.022403723873205408,0.06338828650906814,0.9142079896177264
26086,LOF,0.023798103271355554,0.07241862898335193,0.9037832677452926
26087,LOF,0.02477856864957557,0.05781312396110319,0.9174083073893213
26088,LOF,0.025697897487651746,0.11962705865840513,0.8546750438539432
26089,LOF,0.046444718669068796,0.0594263633942201,0.8941289179367111
26090,LOF,0.042984034363433,0.05182503592049224,0.9051909297160748
26091,LOF,0.038582827810810294,0.029090771869509344,0.9323264003196803
26092,LOF,0.026976212473354296,0.04914122250286102,0.9238825650237846
26093,LOF,0.03887311440409436,0.030850332555449153,0.9302765530404565
26094,LOF,0.0431954655630371,0.026453529091775133,0.9303510053451879
26095,LOF,0.05440910433912483,0.07385261284730432,0.8717382828135708
26096,LOF,0.021075963902959054,0.06238707122479255,0.9165369648722483
26097,LOF,0.012432974961110042,0.17612338776544956,0.8114436372734404
26098,LOF,0.05631814377280156,0.06566816409705536,0.878013692130143
26099,LOF,0.023846457185809543,0.10234324540286997,0.8738102974113204
26100,LOF,0.023846457185809543,0.10234324540286997,0.8738102974113204
26101,LOF,0.04652539350240475,0.08429700501774112,0.8691776014798542
26102,LOF,0.024220143610984804,0.07046002529150378,0.9053198310975115
26103,Neutral,0.8030655353440137,0.0914139618319664,0.10552050282402
26104,LOF,0.04189115633463004,0.12203156610763866,0.8360772775577313
26105,LOF,0.32885324085333484,0.056952158584334785,0.6141946005623303
26106,LOF,0.17997982924062547,0.033940306779014155,0.7860798639803604
26107,LOF,0.27159796784112333,0.04845148297309775,0.6799505491857789
26108,LOF,0.17480349468149134,0.043982127685923085,0.7812143776325855
26109,LOF,0.050935195330823156,0.1865024489283177,0.7625623557408591
26110,LOF,0.2537474309569234,0.0476585194587675,0.698594049584309
26111,LOF,0.40117874960048405,0.04964192361874545,0.5491793267807705
26112,LOF,0.03882699117484774,0.0394050990098956,0.9217679098152566
26113,LOF,0.05327432738358809,0.11382764211628957,0.8328980305001223
26114,LOF,0.03240450365171498,0.02281875953049217,0.9447767368177928
26115,LOF,0.1693181941585535,0.04373491410457184,0.7869468917368746
26116,LOF,0.10438284261343303,0.03085198522443623,0.8647651721621308
26117,LOF,0.2699266063584226,0.20144262388304374,0.5286307697585337
26118,LOF,0.042466833673983066,0.03692403485655683,0.9206091314694601
26119,LOF,0.029041032513062916,0.13826783179219757,0.8326911356947395
26120,LOF,0.03483010043823317,0.05703974244308058,0.9081301571186863
26121,LOF,0.062121614851679566,0.1437176715856341,0.7941607135626864
26122,LOF,0.08312621486198331,0.13887733495480686,0.7779964501832098
