feature0,prediction,LoGoFunc_Neutral,LoGoFunc_GOF,LoGoFunc_LOF
25546,Neutral,0.633512227860295,0.060870750682861526,0.3056170214568434
25547,Neutral,0.5064849553045606,0.08668653008021492,0.40682851461522446
25548,Neutral,0.5008644982617847,0.07601800607754437,0.4231174956606709
25549,LOF,0.4454330226151853,0.07494983343341124,0.4796171439514035
25550,LOF,0.38738577346030734,0.0905430178197782,0.5220712087199145
25551,LOF,0.3453870453480611,0.10138026733657991,0.553232687315359
25552,LOF,0.30726393717840933,0.10466428733302376,0.5880717754885669
25553,Neutral,0.7845930921901382,0.05226343318615842,0.1631434746237033
25554,LOF,0.34432809507400164,0.09906359707116462,0.5566083078548337
25555,LOF,0.29396570525463794,0.09095441027416583,0.6150798844711962
25556,Neutral,0.46051859291682007,0.08597823226533086,0.4535031748178491
25557,LOF,0.29385499269758164,0.09784317590402793,0.6083018313983906
25558,LOF,0.3565608563649415,0.0927779450194749,0.5506611986155836
25559,LOF,0.25903126084835776,0.05649505053082052,0.6844736886208218
25560,LOF,0.08073631956569223,0.13910932106086632,0.7801543593734414
25561,LOF,0.10017240095879569,0.20735460366561864,0.6924729953755857
25562,LOF,0.03419716355913704,0.10342741113523646,0.8623754253056265
25563,LOF,0.010057441770592203,0.14966791501865775,0.84027464321075
25564,LOF,0.08692004080918725,0.12733017804702515,0.7857497811437876
25565,LOF,0.15909336836876464,0.13993976913976466,0.7009668624914707
25566,GOF,0.06929855359119201,0.630888167652312,0.29981327875649594
25567,LOF,0.041559231372098555,0.17298488758048272,0.7854558810474187
25568,LOF,0.06128963688800974,0.0880000728736545,0.8507102902383358
25569,LOF,0.06582739808427789,0.07919911575152523,0.854973486164197
25570,LOF,0.03116216945998069,0.1180591152332455,0.8507787153067737
25571,LOF,0.02783668557225191,0.12231212351143193,0.8498511909163162
25572,LOF,0.061736533915947724,0.17211719059990715,0.7661462754841452
25573,LOF,0.06502721515269656,0.13014331162733325,0.8048294732199702
25574,LOF,0.06633643012243283,0.25065526863480814,0.683008301242759
25575,LOF,0.026756077476024754,0.13470731049172568,0.8385366120322495
25576,LOF,0.028302208127482176,0.20339482440272721,0.7683029674697907
25577,LOF,0.03270022211606837,0.1494563640442201,0.8178434138397115
25578,LOF,0.3121664066722626,0.09213431697949123,0.5956992763482462
25579,LOF,0.20419687188450605,0.08953931716915366,0.7062638109463402
25580,LOF,0.02353220471376517,0.08498773937944183,0.891480055906793
25581,LOF,0.04975856827157004,0.08386078318486542,0.8663806485435646
25582,LOF,0.04956086772921548,0.08170520076125959,0.868733931509525
25583,LOF,0.029111110518671303,0.08408266977644445,0.8868062197048844
25584,Neutral,0.7024540489767263,0.15173198007978692,0.14581397094348683
25585,LOF,0.02268030918125627,0.19166739395770793,0.7856522968610358
25586,LOF,0.019040133977377305,0.0876283452286578,0.8933315207939649
25587,LOF,0.01918312523050648,0.07983992983464293,0.9009769449348506
25588,LOF,0.0229634358091701,0.07809858469362294,0.898937979497207
25589,Neutral,0.4770799730187068,0.3020462826497996,0.22087374433149354
25590,LOF,0.04498410659684153,0.1289029822093368,0.8261129111938217
25591,LOF,0.07955405807751775,0.0672071132432835,0.8532388286791988
25592,LOF,0.06694715876359733,0.1529792243062138,0.7800736169301887
25593,LOF,0.12012245614684948,0.351653832732967,0.5282237111201834
25594,LOF,0.05553333452650906,0.04166500848326348,0.9028016569902275
25595,LOF,0.05697067268004011,0.028433617524665236,0.9145957097952947
25596,LOF,0.12400169586169209,0.018035572076835767,0.8579627320614721
25597,LOF,0.09518638725013746,0.018457560927996698,0.8863560518218659
25598,LOF,0.05630295023583494,0.028024615424890667,0.9156724343392744
25599,LOF,0.02344027068266847,0.34338712337725125,0.6331726059400803
25600,LOF,0.17792459027703902,0.3852734803570633,0.4368019293658976
25601,LOF,0.042727370356580065,0.2937041231868642,0.6635685064565559
25602,LOF,0.028016599796759717,0.0831853678395982,0.888798032363642
25603,LOF,0.043331824825588595,0.07521912939999939,0.881449045774412
25604,LOF,0.0407299626456644,0.11833644143622875,0.8409335959181069
25605,LOF,0.031286808943100965,0.24848387695968613,0.7202293140972129
25606,LOF,0.38979811350441357,0.2200492025456878,0.3901526839498986
25607,LOF,0.026173653931303966,0.2662059282031691,0.707620417865527
25608,LOF,0.04243668504537959,0.14929825773072491,0.8082650572238955
25609,GOF,0.14579758913083662,0.5325087888097056,0.3216936220594577
25610,LOF,0.017769746611821992,0.050703704507635595,0.9315265488805424
25611,LOF,0.014525687203158878,0.056487071494193686,0.9289872413026474
25612,LOF,0.04958555222764079,0.06111643041071655,0.8892980173616426
25613,LOF,0.04695634903777961,0.06323086757648672,0.8898127833857338
25614,LOF,0.025485771538378357,0.044391847737845165,0.9301223807237765
25615,LOF,0.044686932761906516,0.059859312654446904,0.8954537545836465
25616,LOF,0.059547635352951,0.05399170791688991,0.886460656730159
25617,LOF,0.04652670994787334,0.054777813552228646,0.8986954764998981
25618,LOF,0.05599018960867721,0.07836689468300799,0.8656429157083148
25619,LOF,0.01426351596306926,0.06104239545093511,0.9246940885859957
25620,LOF,0.06228382023068026,0.06560964270541732,0.8721065370639024
25621,LOF,0.0635751329806869,0.057770796939248054,0.8786540700800651
25622,LOF,0.06872606639502835,0.061515515825690564,0.869758417779281
25623,LOF,0.06438777505966281,0.043909032163627716,0.8917031927767095
25624,LOF,0.02175853314475911,0.05259191859454069,0.9256495482607001
25625,LOF,0.06896125160349839,0.05547814742250987,0.8755606009739917
25626,LOF,0.05128678293540724,0.06269162863230379,0.886021588432289
25627,Neutral,0.885099743101191,0.02265542904539127,0.09224482785341766
25628,LOF,0.17916516498677246,0.06359716744988467,0.7572376675633429
25629,LOF,0.06892696652978367,0.06009811990557093,0.8709749135646455
25630,LOF,0.29477987823580076,0.07208937731582322,0.633130744448376
25631,Neutral,0.5335153749867151,0.06703258179556061,0.39945204321772426
25632,LOF,0.029874226061234247,0.07944471534484646,0.8906810585939192
25633,LOF,0.20665598737933982,0.05947293997253583,0.7338710726481243
25634,LOF,0.043635399999056614,0.1029384410211861,0.8534261589797572
25635,LOF,0.03667471692681716,0.048994955909529105,0.9143303271636538
25636,GOF,0.029195462075822496,0.5564174498425039,0.4143870880816737
25637,GOF,0.054616425686417044,0.5399895283716937,0.40539404594188927
25638,GOF,0.03560686748995849,0.49676905079737654,0.46762408171266506
25639,LOF,0.034733516794054425,0.4685425217419444,0.4967239614640011
25640,Neutral,0.8663375878716713,0.08199115674924075,0.051671255379088114
25641,LOF,0.09776280751168129,0.4232822833429931,0.47895490914532557
25642,LOF,0.08668226519411831,0.17220628056459905,0.7411114542412827
25643,LOF,0.286266388936883,0.116115983757364,0.597617627305753
25644,GOF,0.011640949186007396,0.6348136109786695,0.3535454398353232
25645,GOF,0.01231502690241926,0.630308320093473,0.35737665300410765
25646,LOF,0.027262190026873162,0.44179232645785377,0.5309454835152732
25647,LOF,0.013273418529983427,0.35332253836876365,0.633404043101253
25648,LOF,0.016578993676173135,0.4212088883290338,0.5622121179947931
25649,LOF,0.009383139250048897,0.3073877127369825,0.6832291480129687
25650,GOF,0.024258505010459282,0.6134753312503701,0.36226616373917053
25651,LOF,0.009695991645213472,0.430196954712299,0.5601070536424875
25652,LOF,0.014290269908534946,0.4472205398205301,0.538489190270935
25653,GOF,0.038951116924538697,0.6216852138465747,0.3393636692288866
25654,LOF,0.010881270729925641,0.34340542838744936,0.645713300882625
25655,GOF,0.11755400382993567,0.6543907333475193,0.228055262822545
25656,LOF,0.3576013559641444,0.13965316292211957,0.5027454811137361
25657,LOF,0.054371142753625104,0.10439725608096892,0.841231601165406
25658,LOF,0.3430383765941117,0.15265944283205735,0.5043021805738309
25659,Neutral,0.4752729880995881,0.1847314309798284,0.33999558092058346
25660,LOF,0.021406029089610822,0.12355060790342413,0.855043363006965
25661,LOF,0.08118839148661612,0.07237317699815002,0.8464384315152338
25662,LOF,0.028449421747543394,0.039437523681334255,0.9321130545711224
25663,LOF,0.0335141383771777,0.0434577892345476,0.9230280723882746
25664,LOF,0.1194734607200579,0.07593586910779257,0.8045906701721495
25665,LOF,0.06040064516391,0.035667577788928935,0.903931777047161
25666,LOF,0.08994866225167399,0.06745456293083207,0.842596774817494
25667,LOF,0.06864586656135654,0.04293298985859764,0.8884211435800458
25668,LOF,0.03129939681593927,0.05562304203123392,0.9130775611528268
25669,LOF,0.026022538638362052,0.053766366434129756,0.9202110949275082
25670,LOF,0.12880907351105353,0.049623522904767195,0.8215674035841793
25671,LOF,0.09836668395112093,0.04434237294841164,0.8572909431004674
25672,LOF,0.05062673608147116,0.05008423565235885,0.89928902826617
25673,LOF,0.08591251019466564,0.05335746572492059,0.8607300240804139
25674,LOF,0.07424167589831211,0.0706740917262405,0.8550842323754473
25675,LOF,0.10252528875494824,0.07416652304986251,0.8233081881951894
25676,LOF,0.015585853273411812,0.0627115122639507,0.9217026344626376
25677,LOF,0.019288258367509338,0.08396859179706478,0.896743149835426
25678,LOF,0.19271760404284788,0.09030648938625997,0.7169759065708923
25679,LOF,0.11093384327237754,0.09318786327340478,0.7958782934542177
25680,LOF,0.02477607839938624,0.1418541498291779,0.8333697717714359
25681,LOF,0.039360632615687494,0.13736547941295296,0.8232738879713596
25682,LOF,0.11426619176463097,0.08867704262421061,0.7970567656111583
25683,LOF,0.10285314978371006,0.10646814096388303,0.7906787092524069
25684,LOF,0.02965257015015335,0.07676861199652715,0.8935788178533195
25685,LOF,0.10442473559045179,0.084419112020377,0.8111561523891713
25686,LOF,0.07369734789886423,0.1283127384336386,0.797989913667497
25687,LOF,0.114167924417189,0.13803002765724431,0.7478020479255668
25688,LOF,0.40396013252053053,0.04064032491348626,0.5553995425659832
25689,LOF,0.29559249503139423,0.05000421513416513,0.6544032898344407
25690,LOF,0.32611408234522504,0.04026706582110611,0.6336188518336688
25691,Neutral,0.7158113112423203,0.03495308769518792,0.24923560106249174
25692,LOF,0.3622553182843634,0.012863740433680972,0.6248809412819556
25693,LOF,0.04189521112168816,0.4707780852613429,0.487326703616969
25694,LOF,0.12238868995979259,0.01635433437848088,0.8612569756617265
25695,LOF,0.11475539642059457,0.009841927200889913,0.8754026763785154
25696,LOF,0.1542721020422005,0.011920170859624052,0.8338077270981754
25697,LOF,0.056313537808272446,0.10326884226562066,0.8404176199261069
25698,LOF,0.24255617799741783,0.25410628798110824,0.5033375340214739
25699,LOF,0.43492521928555133,0.04326915399517241,0.5218056267192763
25700,LOF,0.07239240702757348,0.011750373778155309,0.9158572191942712
25701,LOF,0.1609300620843598,0.04156563306118341,0.7975043048544568
25702,GOF,0.18312044304607197,0.6288169761357917,0.1880625808181364
25703,LOF,0.01839564347950423,0.15231014994860503,0.8292942065718908
25704,LOF,0.039643503466950634,0.15390535255598572,0.8064511439770636
25705,LOF,0.037180544461030224,0.09696299464554349,0.8658564608934264
25706,LOF,0.11326403531764394,0.3768680802585461,0.5098678844238099
25707,LOF,0.0825982638681196,0.3118688363717004,0.60553289976018
25708,LOF,0.039822633381094784,0.29260965434138564,0.6675677122775195
25709,LOF,0.0731938457356317,0.030259250797885984,0.8965469034664824
25710,LOF,0.014098880384043336,0.12064324209535188,0.8652578775206048
25711,LOF,0.019116834221983882,0.07462933509787957,0.9062538306801365
25712,LOF,0.016649663010777208,0.17400679576164263,0.8093435412275801
25713,LOF,0.017598432047860463,0.07675872119007537,0.9056428467620641
25714,LOF,0.07483977423231679,0.055875392531881424,0.8692848332358019
25715,LOF,0.012099526902303013,0.10821028435838487,0.879690188739312
25716,LOF,0.013621404644660213,0.10227106478347595,0.8841075305718639
25717,LOF,0.017207785855987708,0.08612822076370054,0.8966639933803117
25718,LOF,0.011495345950135223,0.06899769441758888,0.9195069596322759
25719,LOF,0.021665453305915298,0.06944609406607209,0.9088884526280125
25720,LOF,0.025762116114493392,0.05299395008346329,0.9212439338020434
25721,LOF,0.013545953473815087,0.07978710398937866,0.9066669425368062
25722,LOF,0.014344649717765508,0.061290099551605574,0.9243652507306288
25723,LOF,0.02425075542556632,0.03597934550755897,0.9397698990668748
25724,LOF,0.03437981968896628,0.06521160693270014,0.9004085733783336
25725,LOF,0.011739499411976833,0.05817485955694476,0.9300856410310784
25726,LOF,0.015779477828704026,0.08242229160331643,0.9017982305679796
25727,LOF,0.013009456983266669,0.06324306520110487,0.9237474778156284
25728,LOF,0.010236869089668506,0.06810691317017661,0.9216562177401549
25729,LOF,0.010465100262682547,0.06799805362202672,0.9215368461152907
25730,LOF,0.01385903534070771,0.06995353580512041,0.9161874288541719
25731,LOF,0.023350192535342252,0.07784243811535398,0.8988073693493037
25732,LOF,0.012624867263204413,0.04212562275695866,0.9452495099798368
25733,LOF,0.017228839588266914,0.04340051456907431,0.9393706458426588
25734,LOF,0.012904161035968715,0.109393868604164,0.8777019703598673
25735,LOF,0.011343574647361543,0.051127630805317736,0.9375287945473207
25736,LOF,0.011914903573451907,0.051366577596259906,0.9367185188302882
25737,LOF,0.012102842586994657,0.07482790757579802,0.9130692498372074
25738,LOF,0.011845805286611942,0.07538877529251692,0.9127654194208712
25739,LOF,0.019801351835615516,0.05544840755834696,0.9247502406060375
25740,LOF,0.02915358287417572,0.07989635270289679,0.8909500644229276
25741,LOF,0.014982777240675661,0.08000727715416622,0.905009945605158
25742,LOF,0.1146111040908743,0.05889019034015323,0.8264987055689724
25743,LOF,0.04173880207393493,0.04732015474281542,0.9109410431832496
25744,Neutral,0.5971964302797476,0.2385549246382642,0.16424864508198816
25745,LOF,0.06617671465684731,0.0684370810891068,0.8653862042540458
25746,LOF,0.04622391819582896,0.0895064925274417,0.8642695892767294
25747,LOF,0.025813040363756708,0.08042118642547914,0.8937657732107642
25748,LOF,0.1342743274015861,0.14208529843861534,0.7236403741597985
25749,LOF,0.03073505916956857,0.09015729926888642,0.8791076415615451
25750,LOF,0.07270496624328444,0.10663880925827332,0.8206562244984422
25751,LOF,0.1101332062437416,0.13074830956337946,0.759118484192879
25752,GOF,0.09700943365880878,0.6554755187041249,0.2475150476370664
25753,LOF,0.02966653778009407,0.35216285256388696,0.618170609656019
25754,GOF,0.016067322840128732,0.8322268927913666,0.15170578436850468
25755,LOF,0.02984174807718871,0.42159630176200297,0.5485619501608083
25756,LOF,0.06290738699121758,0.38500823755153585,0.5520843754572465
25757,GOF,0.022080569818573634,0.8770200705348562,0.10089935964657011
25758,GOF,0.02673521255995069,0.8282449632189446,0.14501982422110485
25759,GOF,0.012363859366654746,0.6385124261494515,0.34912371448389384
25760,LOF,0.018964362072576145,0.3426676230555112,0.6383680148719126
25761,GOF,0.2576889512675215,0.6724229772164979,0.06988807151598055
25762,LOF,0.05371579170000179,0.35031803245235926,0.5959661758476389
25763,LOF,0.016260769155226014,0.2547094099293664,0.7290298209154075
25764,GOF,0.06298971832425973,0.7238898075442742,0.21312047413146598
25765,GOF,0.03782399209092363,0.7849370013564007,0.1772390065526757
25766,GOF,0.06483135482562795,0.8126639125639389,0.12250473261043306
25767,GOF,0.13414826876216232,0.5311318911895198,0.334719840048318
25768,LOF,0.112137771997501,0.04538065438541027,0.8424815736170886
25769,LOF,0.05257531277473447,0.0660431733812369,0.8813815138440287
25770,LOF,0.33739403500422943,0.09939509843233567,0.5632108665634349
25771,LOF,0.05557768272615499,0.05383697373244094,0.8905853435414041
25772,LOF,0.01875938002872696,0.0526634626933578,0.9285771572779152
25773,LOF,0.05882734545266682,0.09119329721619997,0.8499793573311333
25774,LOF,0.030793071851166434,0.11197400378615502,0.8572329243626786
25775,LOF,0.0622250795374105,0.0691306213627281,0.8686442990998613
25776,LOF,0.07507763683936129,0.03539529740024646,0.8895270657603923
25777,LOF,0.36901053118157423,0.08793208879759365,0.5430573800208321
25778,LOF,0.07027476714710108,0.059051727663600805,0.8706735051892981
25779,GOF,0.3764879995517085,0.5623941796008377,0.06111782084745373
25780,GOF,0.32886334660261796,0.5795006543582922,0.0916359990390898
25781,GOF,0.10441161815616057,0.7660635556665533,0.1295248261772861
25782,GOF,0.19174970376240655,0.7160821544056599,0.09216814183193361
25783,GOF,0.023975133280906714,0.6247284085629146,0.35129645815617866
25784,Neutral,0.524993223487831,0.4335479882114474,0.04145878830072154
25785,Neutral,0.4947535732888553,0.45761931795105537,0.04762710876008943
25786,GOF,0.03537378683655662,0.7288086325125077,0.23581758065093586
25787,Neutral,0.6671830512360317,0.3038739786130669,0.028942970150901335
25788,LOF,0.052262635478401286,0.08107034957339297,0.8666670149482057
25789,GOF,0.1804643573239201,0.6501666984180368,0.16936894425804322
25790,GOF,0.2879681322519466,0.6109741664750695,0.10105770127298383
25791,GOF,0.14626935826650775,0.6799828978410435,0.17374774389244865
25792,GOF,0.3456913974448481,0.5237588724498294,0.13054973010532256
25793,GOF,0.24534342091073272,0.49386229562476547,0.2607942834645019
25794,GOF,0.2960619923970447,0.4746467812572539,0.2292912263457014
25795,GOF,0.05269848672302714,0.6797032367593366,0.2675982765176363
25796,Neutral,0.5113759317720366,0.40828139850897033,0.08034266971899318
25797,GOF,0.07724937785810791,0.5312561777193378,0.3914944444225542
25798,GOF,0.009869176334597654,0.5098755720940674,0.48025525157133486
25799,LOF,0.007390372434228866,0.4315513089974083,0.5610583185683627
25800,GOF,0.038161626187452675,0.6020322230520638,0.3598061507604835
25801,GOF,0.22374640560537554,0.6674218287303106,0.10883176566431389
25802,GOF,0.06597769184076488,0.6785023288970767,0.2555199792621584
25803,GOF,0.04077891353957658,0.5743814513232355,0.384839635137188
25804,GOF,0.04079773510360177,0.505171501437338,0.4540307634590602
25805,GOF,0.12862983050712584,0.5867930009041066,0.2845771685887676
25806,GOF,0.1470630898605697,0.5869624400028299,0.2659744701366004
25807,GOF,0.021112802353155317,0.6296197323252495,0.34926746532159525
25808,GOF,0.11386547674922717,0.5719961039703277,0.31413841928044506
25809,GOF,0.019082989136451976,0.6127710660863385,0.36814594477720974
25810,GOF,0.02033120425238573,0.6252099214117258,0.3544588743358884
25811,Neutral,0.5262144316543081,0.40797212507213326,0.06581344327355845
25812,GOF,0.04377587660327096,0.5961775228079214,0.3600466005888078
25813,Neutral,0.5835221617676233,0.3135984546714777,0.10287938356089905
25814,GOF,0.15478525972151252,0.6173936495186746,0.22782109075981288
25815,GOF,0.27156739541781433,0.5420005100279788,0.1864320945542068
25816,GOF,0.02196011837515154,0.6529239200916472,0.3251159615332011
25817,GOF,0.22596626635404812,0.640225188415038,0.13380854523091398
25818,GOF,0.04981182972563106,0.5626409831478477,0.3875471871265213
25819,GOF,0.3514463304381104,0.48000769224392603,0.16854597731796359
25820,GOF,0.20162758932769037,0.5893870691817765,0.2089853414905331
25821,GOF,0.0660837017360947,0.6675401868209769,0.2663761114429284
25822,GOF,0.2755875149964014,0.5154799885988451,0.20893249640475353
25823,LOF,0.03574171229090116,0.47858462447783456,0.4856736632312643
25824,GOF,0.10580807036628113,0.5038199470745606,0.3903719825591582
25825,GOF,0.03492209135059654,0.519193144566635,0.44588476408276834
25826,LOF,0.012253619417703998,0.4902642209348459,0.4974821596474502
25827,GOF,0.02278363974204356,0.5474874335863822,0.4297289266715742
25828,LOF,0.016330218618910184,0.46740573769660776,0.5162640436844821
25829,GOF,0.006801439816488732,0.5222597752610184,0.47093878492249286
25830,LOF,0.040126658754992106,0.24487236736842716,0.7150009738765808
25831,GOF,0.140121919891062,0.7211464265561466,0.13873165355279143
25832,GOF,0.03449920954629743,0.6825206106254115,0.28298017982829105
25833,GOF,0.12132911417769875,0.686674029577944,0.1919968562443572
25834,GOF,0.0375304133840868,0.6772865562955466,0.28518303032036674
25835,GOF,0.09964161098997112,0.6780502653752511,0.22230812363477767
25836,GOF,0.04032519133158822,0.6455623332345654,0.31411247543384646
25837,GOF,0.023186172770833638,0.5427919071803087,0.43402192004885765
25838,GOF,0.07754983384223857,0.7360355868690878,0.18641457928867355
25839,GOF,0.2658166566779828,0.5762665208342381,0.15791682248777916
25840,GOF,0.21781015509474808,0.5732040740698136,0.20898577083543832
25841,GOF,0.2055028605780316,0.5887125897861843,0.20578454963578394
25842,GOF,0.18363104777339134,0.6380922930011097,0.17827665922549904
25843,GOF,0.20334093085537905,0.6589577600248241,0.13770130911979694
25844,GOF,0.05624352728459176,0.6466745626660207,0.2970819100493876
25845,LOF,0.013677814683430715,0.45212054323944917,0.5342016420771201
25846,GOF,0.089968123902717,0.718482633826134,0.191549242271149
25847,GOF,0.11857788717071806,0.7168557851566175,0.16456632767266444
25848,GOF,0.03317221367338804,0.6574637901575382,0.3093639961690736
25849,GOF,0.009851688798427058,0.5373075486449359,0.4528407625566371
25850,GOF,0.020942459389286117,0.5939619993064588,0.385095541304255
25851,GOF,0.016101556073451838,0.5006888844686056,0.4832095594579426
25852,GOF,0.14064778592729732,0.582822602325741,0.2765296117469618
25853,GOF,0.31143712988295036,0.6058177122257361,0.08274515789131365
25854,GOF,0.019164068321960114,0.595603777799484,0.3852321538785559
25855,GOF,0.03849886855886621,0.5797849230520937,0.38171620838904013
25856,GOF,0.22310540327169573,0.5583442766039312,0.21855032012437312
25857,GOF,0.03783557913739845,0.4879374334669566,0.47422698739564506
25858,GOF,0.020087655114413926,0.5568253904530664,0.42308695443251965
25859,GOF,0.011709007290979614,0.5394887845736785,0.4488022081353419
25860,GOF,0.38179468596285177,0.5280420393389945,0.09016327469815374
25861,GOF,0.33311021422385984,0.5644538334436437,0.10243595233249644
25862,GOF,0.07065316067865794,0.7767374068862511,0.1526094324350909
25863,GOF,0.07423448774799146,0.7772415475610815,0.14852396469092696
25864,GOF,0.17495183427536035,0.7379479802334855,0.08710018549115416
25865,GOF,0.06560382712824599,0.7927904606549008,0.14160571221685328
25866,GOF,0.058253021013344584,0.8042756299032222,0.13747134908343323
25867,GOF,0.08172397178998833,0.8037614312332686,0.11451459697674295
25868,GOF,0.2841713583406269,0.5992170095218421,0.11661163213753109
25869,Neutral,0.6842800498476316,0.269459260796412,0.04626068935595634
25870,LOF,0.3428191090809309,0.22887589230209984,0.4283049986169693
25871,GOF,0.20609244555088416,0.6223736399714512,0.17153391447766464
25872,GOF,0.07790747338376207,0.6011887502336484,0.3209037763825897
25873,GOF,0.16608818327557956,0.5765330932369077,0.2573787234875128
25874,LOF,0.02141308354713438,0.09434947691729934,0.8842374395355663
25875,LOF,0.0870406215386373,0.06396401806520212,0.8489953603961606
25876,LOF,0.029920983888726573,0.05266549727187439,0.917413518839399
25877,Neutral,0.5027276943131641,0.07523496836154037,0.4220373373252955
25878,LOF,0.2334936773830003,0.11998768395437633,0.6465186386626234
25879,LOF,0.0880245719019567,0.13091007040045308,0.7810653576975901
25880,LOF,0.02298916193243302,0.023811880992670724,0.9531989570748962
25881,LOF,0.17754818973944836,0.2083800743768829,0.6140717358836687
25882,LOF,0.0884292618423466,0.025471561600720217,0.8860991765569332
25883,LOF,0.08295278042453404,0.038392063272495565,0.8786551563029704
25884,LOF,0.04402342703541203,0.05557063131163926,0.9004059416529486
25885,LOF,0.0704594516552302,0.01550725375528353,0.9140332945894863
25886,LOF,0.3251696925680362,0.07539745764871177,0.599432849783252
25887,LOF,0.17679070038376843,0.145386870689389,0.6778224289268426
25888,LOF,0.06728537274190129,0.11138457708048628,0.8213300501776123
25889,LOF,0.050714831675481555,0.03622068377785561,0.9130644845466628
25890,LOF,0.05434413354077618,0.1814783207646575,0.7641775456945663
25891,LOF,0.038883162688053106,0.0660337248790244,0.8950831124329226
25892,LOF,0.10822789688313997,0.021027443757796978,0.8707446593590631
25893,LOF,0.29591902028724915,0.014360718919914162,0.6897202607928367
25894,LOF,0.1773658727984125,0.00811476720032925,0.8145193600012582
25895,LOF,0.2040765385535761,0.018013165767461013,0.7779102956789629
25896,LOF,0.05330242195539685,0.018915707097137077,0.927781870947466
25897,LOF,0.24223877370280053,0.013267372204728983,0.7444938540924706
25898,Neutral,0.7268231101811292,0.009418006917656025,0.2637588829012148
25899,LOF,0.2830201544128141,0.02805140416085668,0.6889284414263294
25900,LOF,0.4602708650220653,0.013908386102326534,0.5258207488756081
25901,LOF,0.06137524350170574,0.012654077177425185,0.9259706793208692
25902,LOF,0.19729755880419833,0.010463471022423733,0.792238970173378
25903,Neutral,0.5305045805122124,0.025383943865089558,0.4441114756226981
25904,LOF,0.2886912895088444,0.04557693810343017,0.6657317723877255
25905,LOF,0.022287011973580614,0.33011713453501995,0.6475958534913995
25906,LOF,0.022661104723786775,0.07234347859205946,0.9049954166841537
25907,LOF,0.014393608240136706,0.3520445238341081,0.6335618679257552
25908,LOF,0.011254974467444103,0.23127889954552316,0.7574661259870328
25909,LOF,0.012456949574105416,0.1707427201224491,0.8168003303034456
25910,LOF,0.05146529990722028,0.1194565810932154,0.8290781189995644
25911,LOF,0.12365144821488053,0.03037983299067037,0.8459687187944492
25912,LOF,0.02978227443977765,0.06178496532646126,0.9084327602337611
25913,LOF,0.270311750354657,0.024252954140215142,0.705435295505128
25914,LOF,0.02516409589244562,0.1134384563154988,0.8613974477920556
25915,Neutral,0.420235491827612,0.25119937487807015,0.32856513329431786
25916,LOF,0.0690893786725828,0.2561610723628626,0.6747495489645546
25917,LOF,0.07416265530985261,0.060842774566006876,0.8649945701241405
25918,LOF,0.03288587776961227,0.07516141325756405,0.8919527089728237
25919,LOF,0.027735304756876453,0.07841348663996185,0.8938512086031617
25920,GOF,0.08008285309719725,0.5568788339885401,0.3630383129142626
25921,LOF,0.03620332491640456,0.022744083343882077,0.9410525917397132
25922,LOF,0.047750247987407575,0.01386257333413645,0.938387178678456
25923,LOF,0.418297667280342,0.014355667854166003,0.567346664865492
25924,LOF,0.04270126672595022,0.024749589846814073,0.9325491434272358
25925,LOF,0.07685934757170652,0.019808659574854528,0.9033319928534389
25926,LOF,0.05421968337497598,0.014679391599798183,0.9311009250252258
25927,LOF,0.0835928949324199,0.0497847436735555,0.8666223613940246
25928,LOF,0.027563232329370635,0.01870851183749237,0.953728255833137
25929,Neutral,0.5513603669124469,0.01598121349064061,0.4326584195969124
25930,LOF,0.06606702629161836,0.011799785689244661,0.922133188019137
25931,LOF,0.03509288483966191,0.015478041659532094,0.949429073500806
25932,LOF,0.032204626845014225,0.013812840288353088,0.9539825328666326
25933,LOF,0.04202538523453569,0.008765179004944522,0.9492094357605196
25934,LOF,0.027835496433598967,0.010369792961366133,0.9617947106050349
25935,LOF,0.07029996408309269,0.02500593285293801,0.9046941030639692
25936,LOF,0.052183257703993874,0.012520588237698322,0.9352961540583078
25937,LOF,0.0323669569564322,0.02145275695802233,0.9461802860855454
25938,LOF,0.07050489779823414,0.02776683594704461,0.9017282662547212
25939,LOF,0.04375295536821581,0.008971226033292796,0.9472758185984914
25940,LOF,0.024059332763663857,0.3736725848083155,0.6022680824280207
25941,LOF,0.13525227306479645,0.1195135942255644,0.7452341327096391
25942,LOF,0.013130966177757303,0.041601406112225826,0.9452676277100168
25943,LOF,0.3093783670912258,0.08383055339550043,0.6067910795132737
25944,Neutral,0.4820052493075218,0.042384272733219645,0.47561047795925865
25945,LOF,0.06011471729590218,0.02352704983273905,0.9163582328713588
25946,LOF,0.03393227691002779,0.15190471206654405,0.814163011023428
25947,LOF,0.11656404750401211,0.20534299925941255,0.6780929532365753
25948,LOF,0.44012681772615087,0.016062719174796028,0.5438104630990531
25949,LOF,0.0814253148588428,0.0769646226380449,0.8416100625031123
25950,GOF,0.30733516811562184,0.45557126623929595,0.23709356564508222
25951,LOF,0.2711716125273873,0.2415723339247574,0.48725605354785534
25952,GOF,0.06686519233199095,0.4668962299403668,0.46623857772764216
25953,LOF,0.15046855651857544,0.10452377984380981,0.7450076636376147
25954,Neutral,0.4182541365900374,0.24856433416648716,0.3331815292434754
25955,LOF,0.06256012551649648,0.08932664964764203,0.8481132248358614
25956,LOF,0.21386948448205437,0.0584045254151838,0.7277259901027617
25957,LOF,0.04602319075696306,0.02528068924830317,0.9286961199947338
25958,LOF,0.05761749083136956,0.03200714257532103,0.9103753665933094
25959,LOF,0.06387074676650499,0.3022702068648988,0.6338590463685962
25960,LOF,0.018414642725121406,0.06556273011819105,0.9160226271566875
25961,LOF,0.04652025251501595,0.04145541282415054,0.9120243346608335
25962,LOF,0.05427824695237908,0.03332399277523782,0.9123977602723831
25963,LOF,0.04861679899423185,0.20553372177738355,0.7458494792283847
25964,LOF,0.0326760774288348,0.138989586159751,0.8283343364114141
25965,LOF,0.4336657697660861,0.07887502617569107,0.4874592040582227
25966,Neutral,0.4062886756857307,0.18982307980735252,0.40388824450691674
25967,LOF,0.011521688884063807,0.07582347459964492,0.9126548365162912
25968,LOF,0.04002625811005236,0.41049367438339857,0.549480067506549
25969,LOF,0.023441707091821175,0.06523441283412282,0.9113238800740561
25970,LOF,0.059044561702686425,0.060585094070829154,0.8803703442264844
25971,LOF,0.07099044813631852,0.023378301857774536,0.9056312500059069
25972,LOF,0.07655011808531334,0.02961720298636413,0.8938326789283224
25973,LOF,0.0904400811612193,0.009474484998214957,0.9000854338405658
25974,LOF,0.2299216530665127,0.02041837691734983,0.7496599700161375
25975,LOF,0.04814687194330671,0.0323283635321025,0.9195247645245908
25976,LOF,0.03972946004509742,0.019754221301848594,0.940516318653054
25977,LOF,0.1471340296194439,0.10124535847815783,0.7516206119023983
25978,LOF,0.11515790068842834,0.08454504108963011,0.8002970582219415
25979,LOF,0.11513950223132434,0.07978902414907664,0.805071473619599
25980,LOF,0.14254886595369645,0.10535999916924044,0.752091134877063
25981,LOF,0.1727150708789969,0.10213804792788424,0.725146881193119
25982,LOF,0.33455131641118624,0.06449211905042503,0.6009565645383887
25983,LOF,0.32129893933239073,0.06194823222214752,0.6167528284454618
25984,LOF,0.047307585283929976,0.10690823290094857,0.8457841818151215
25985,LOF,0.01998930292403598,0.3346422580189666,0.6453684390569975
25986,LOF,0.026569298682274686,0.30969938390345303,0.6637313174142723
25987,LOF,0.07232048511913357,0.12630196588599066,0.8013775489948758
25988,LOF,0.11978431482991227,0.10494217574970877,0.775273509420379
25989,LOF,0.02356685756931321,0.19658840420772286,0.779844738222964
25990,LOF,0.03437105378964292,0.16619364885909055,0.7994352973512665
25991,GOF,0.12080600839960072,0.49949230107954673,0.37970169052085256
25992,LOF,0.32092557679247885,0.3148657880674228,0.36420863514009827
25993,LOF,0.022296439039756356,0.11866761478990075,0.8590359461703428
25994,LOF,0.01444543021282868,0.15800796901373812,0.8275466007734332
25995,LOF,0.024967739925240692,0.2511505788244102,0.723881681250349
25996,GOF,0.17277986620620658,0.668395773569482,0.15882436022431135
25997,GOF,0.06636628224052855,0.6250290470807086,0.30860467067876274
25998,Neutral,0.5995040769096498,0.018071345937424762,0.3824245771529254
25999,LOF,0.13507187156048106,0.16000919699732546,0.7049189314421935
26000,LOF,0.12979171301999423,0.04086146378372654,0.8293468231962792
26001,LOF,0.16434256317901266,0.039815187988938544,0.7958422488320487
26002,LOF,0.14754008717287567,0.037913739604584086,0.8145461732225403
26003,GOF,0.010257761209174543,0.6748087841244322,0.3149334546663932
26004,GOF,0.023649510827824467,0.7491970723595306,0.2271534168126449
26005,GOF,0.009264989441786867,0.5564726214436642,0.434262389114549
26006,Neutral,0.5033476566706204,0.30197927973493954,0.19467306359444017
26007,GOF,0.017571467424344882,0.6189820564591055,0.3634464761165495
26008,GOF,0.02048837387127769,0.6391179808761512,0.34039364525257104
26009,GOF,0.0265494313183534,0.6822442606391312,0.29120630804251535
26010,GOF,0.023718383186423653,0.7304546132876504,0.2458270035259259
26011,GOF,0.008841891220367167,0.5603427401046038,0.43081536867502906
26012,GOF,0.01567958729418939,0.639276114984294,0.3450442977215165
26013,GOF,0.017270830899561253,0.6776934810766116,0.30503568802382725
26014,LOF,0.04986254254022881,0.17433551978631762,0.7758019376734536
26015,LOF,0.1936932732867584,0.008245074057728962,0.7980616526555127
26016,LOF,0.2418756947694738,0.04396037509650805,0.7141639301340181
26017,LOF,0.17676526742992832,0.08329963883264808,0.7399350937374236
26018,LOF,0.07233037685134468,0.03413690875338619,0.8935327143952692
26019,LOF,0.07061050662832867,0.025267866917146775,0.9041216264545245
26020,LOF,0.0519120443146617,0.11160536549065465,0.8364825901946837
26021,LOF,0.04571281918307718,0.1339398725730236,0.8203473082438991
26022,LOF,0.010293501174789109,0.04655069037690042,0.9431558084483105
26023,LOF,0.1033919576328769,0.023537599112675098,0.8730704432544479
26024,LOF,0.02922788318302355,0.10419290117338909,0.8665792156435873
26025,LOF,0.14184985090321983,0.08855225271863884,0.7695978963781414
26026,LOF,0.288946236109027,0.017155258638081122,0.6938985052528919
26027,LOF,0.07116763699757309,0.018937821999448226,0.9098945410029786
26028,LOF,0.15374770748640892,0.09549558206517207,0.7507567104484189
26029,LOF,0.08610365593850396,0.155780907550912,0.7581154365105839
26030,LOF,0.030239732393884743,0.046072999792487114,0.9236872678136282
26031,LOF,0.038991539724151106,0.12346690464223307,0.8375415556336159
26032,LOF,0.08450042824413015,0.038149175804389424,0.8773503959514803
26033,LOF,0.14762710943588334,0.04336360715962709,0.8090092834044896
26034,LOF,0.05642654817333716,0.12937624775369275,0.8141972040729701
26035,LOF,0.038997755669236016,0.10895470354241762,0.8520475407883463
26036,LOF,0.05549282234017212,0.1375252065038536,0.8069819711559743
26037,LOF,0.03142721066398877,0.09175699191565984,0.8768157974203513
26038,LOF,0.08020471118617271,0.037275324086900714,0.8825199647269265
26039,LOF,0.07384480239975345,0.11650507614605744,0.809650121454189
26040,LOF,0.26095140951182955,0.06778597938621725,0.6712626111019532
26041,LOF,0.03298375267991159,0.08845223914601111,0.8785640081740773
26042,LOF,0.033162997370412235,0.08940274208282763,0.8774342605467601
26043,LOF,0.07740991980699025,0.049662525829412295,0.8729275543635975
26044,LOF,0.026530881205713244,0.06198719853870835,0.9114819202555784
26045,LOF,0.08885332463344686,0.08925265358739078,0.8218940217791625
26046,LOF,0.08085114554820019,0.053718642198257394,0.8654302122535423
26047,LOF,0.11832677311411995,0.06371112210906084,0.8179621047768192
26048,LOF,0.04748934767125135,0.05442046972279641,0.8980901826059522
26049,Neutral,0.9530429480930821,0.007686830444856229,0.039270221462061605
26050,Neutral,0.9346947244964666,0.008616332178007939,0.056688943325525445
26051,LOF,0.055295598360237536,0.43308150392454775,0.5116228977152147
26052,GOF,0.08030833194929314,0.46556470826078555,0.4541269597899213
26053,LOF,0.07109544619164607,0.16040101448454752,0.7685035393238064
26054,LOF,0.05883551055976295,0.04077619935752011,0.9003882900827169
26055,LOF,0.07625763763852286,0.027574005704215514,0.8961683566572616
26056,LOF,0.06897379392632992,0.03469377616533986,0.8963324299083302
26057,LOF,0.02935929620108148,0.017611302519063954,0.9530294012798545
26058,LOF,0.02994701243692083,0.01577503083962381,0.9542779567234553
26059,LOF,0.30331182863143347,0.05669129171756185,0.6399968796510047
26060,LOF,0.0279343260234399,0.2900291487540086,0.6820365252225514
26061,LOF,0.017696562561562323,0.020939851296905062,0.9613635861415326
26062,LOF,0.011194797082622245,0.032170391208610816,0.9566348117087671
26063,LOF,0.021137453849492168,0.01663725816927711,0.9622252879812307
26064,LOF,0.02345086851292036,0.026621538905718358,0.9499275925813613
26065,LOF,0.023890008061645575,0.02072331037025376,0.9553866815681007
26066,LOF,0.019935463758194317,0.018909475046485606,0.96115506119532
26067,LOF,0.024253501288761692,0.014455826326477725,0.9612906723847606
26068,LOF,0.047069971134944814,0.05725917184023365,0.8956708570248214
26069,LOF,0.2668066183793605,0.03837216216710318,0.6948212194535364
26070,LOF,0.4075942989292243,0.026698162026915228,0.5657075390438605
26071,LOF,0.021338047209487145,0.021891073936415758,0.9567708788540971
26072,LOF,0.02333130034413234,0.03158279981291928,0.9450858998429484
26073,LOF,0.022697621777639287,0.017073552355416435,0.9602288258669442
26074,Neutral,0.9027119815318247,0.00813660552349904,0.08915141294467627
26075,LOF,0.04424923732879792,0.025462786934426277,0.9302879757367758
26076,LOF,0.04415382405345927,0.015035916199607334,0.9408102597469333
26077,LOF,0.009191555964582697,0.03512877675487616,0.9556796672805411
26078,LOF,0.013426848740226002,0.02145511648188058,0.9651180347778933
26079,LOF,0.05365735390354877,0.03153057735665454,0.9148120687397966
26080,LOF,0.05229947904351931,0.03153974787264591,0.9161607730838348
26081,LOF,0.033688842492817936,0.01181433856246304,0.954496818944719
26082,LOF,0.018339696301793305,0.03230023938214853,0.9493600643160581
26083,LOF,0.13494533849173965,0.01889906365032779,0.8461555978579325
26084,LOF,0.026811600406455124,0.026364459905292195,0.9468239396882527
26085,LOF,0.022289291547119238,0.024900273963856582,0.9528104344890241
26086,LOF,0.02369419000550036,0.019054178382794065,0.9572516316117056
26087,LOF,0.023987715330805244,0.01386055208280439,0.9621517325863904
26088,LOF,0.01637113655237082,0.04002592813106924,0.9436029353165599
26089,LOF,0.04788490778375354,0.04050982551762717,0.9116052666986192
26090,LOF,0.04648295101507144,0.032286087818452255,0.9212309611664763
26091,LOF,0.0373317909921092,0.011191545325884759,0.9514766636820061
26092,LOF,0.02490678686454136,0.01441593083259433,0.9606772823028644
26093,LOF,0.03739061912309891,0.009911958616873663,0.9526974222600275
26094,LOF,0.04161470201825016,0.011699552945506796,0.9466857450362431
26095,LOF,0.05418087721929911,0.025757344450360375,0.9200617783303405
26096,LOF,0.02028523675378081,0.0180863996533348,0.9616283635928844
26097,LOF,0.009978637844347837,0.0686070919129105,0.9214142702427417
26098,LOF,0.07534563018447633,0.024225631997236628,0.9004287378182871
26099,LOF,0.023638651028346447,0.026505727409029404,0.949855621562624
26100,LOF,0.025189942654421812,0.02392518772849859,0.9508848696170796
26101,LOF,0.05682037390132961,0.02234087924952199,0.9208387468491483
26102,LOF,0.024420698299051642,0.019468648984856906,0.9561106527160914
26103,Neutral,0.8909482142721123,0.03175169597739352,0.07730008975049417
26104,LOF,0.06786870923730186,0.05604022265064158,0.8760910681120566
26105,LOF,0.2097225882932973,0.27235278570813215,0.5179246259985706
26106,LOF,0.1777598416282832,0.15232230744645908,0.6699178509252578
26107,LOF,0.24261036601193334,0.12671847181276666,0.6306711621753
26108,LOF,0.23503628186052716,0.18213164428280873,0.5828320738566641
26109,LOF,0.07710281397876113,0.13251549738667037,0.7903816886345686
26110,LOF,0.27317160066544593,0.007366010745157464,0.7194623885893966
26111,LOF,0.45794025439569497,0.01865186506749821,0.5234078805368068
26112,LOF,0.03485719406501753,0.008254079498810877,0.9568887264361716
26113,LOF,0.05385325883671583,0.01312099599053687,0.9330257451727473
26114,LOF,0.016374714553533815,0.017244529951135974,0.9663807554953303
26115,LOF,0.08176725862839149,0.0386851301434026,0.8795476112282058
26116,LOF,0.04923025983768092,0.02649475644678908,0.92427498371553
26117,LOF,0.37702229279427507,0.06093485031229169,0.5620428568934333
26118,LOF,0.0392812787301289,0.03657142904797286,0.9241472922218982
26119,LOF,0.024270637845762607,0.05975388401737339,0.915975478136864
26120,LOF,0.03031253333817366,0.027497975306565035,0.9421894913552613
26121,LOF,0.056717288878057215,0.08963321138146862,0.8536494997404741
26122,LOF,0.05293851061642167,0.050717884061128565,0.8963436053224498
