feature0,prediction,LoGoFunc_Neutral,LoGoFunc_GOF,LoGoFunc_LOF
25546,Neutral,0.6544178952957717,0.05281529296863006,0.29276681173559826
25547,Neutral,0.48665677803397334,0.09908318232201933,0.4142600396440073
25548,Neutral,0.48230164435758327,0.08208214516301146,0.43561621047940524
25549,LOF,0.403001708477879,0.08415173138995158,0.5128465601321694
25550,LOF,0.37823809151204063,0.11833421543307467,0.5034276930548847
25551,LOF,0.3108571514190546,0.1327213674297714,0.556421481151174
25552,LOF,0.2550861363052498,0.12455213996312699,0.6203617237316232
25553,Neutral,0.8155772078366232,0.043355353927529205,0.14106743823584753
25554,LOF,0.29581833050507433,0.11701127130911053,0.5871703981858152
25555,LOF,0.2463471211980441,0.11064541744719794,0.6430074613547581
25556,Neutral,0.47104578438255235,0.09544706367566826,0.4335071519417793
25557,LOF,0.23315252079628582,0.11439640268073015,0.6524510765229841
25558,LOF,0.2991026849845337,0.11447192418756585,0.5864253908279005
25559,LOF,0.20226333718715775,0.12402014737503178,0.6737165154378104
25560,LOF,0.1562724220089563,0.09752703972806731,0.7462005382629764
25561,LOF,0.15087978432629187,0.11133512753067264,0.7377850881430356
25562,LOF,0.07488583971796245,0.07487892727539425,0.8502352330066434
25563,LOF,0.02244068505892329,0.11304155349074896,0.8645177614503277
25564,LOF,0.19982870053039073,0.10477666481151153,0.6953946346580977
25565,LOF,0.22895445108295193,0.14343952700753182,0.6276060219095162
25566,GOF,0.09088525225666255,0.7346377466367193,0.17447700110661807
25567,LOF,0.03788625657005752,0.11841850875938412,0.8436952346705584
25568,LOF,0.05994429947792798,0.06482590828724422,0.8752297922348279
25569,LOF,0.06008354241461762,0.06769642042924787,0.8722200371561345
25570,LOF,0.02726432314623186,0.08700281391114435,0.8857328629426238
25571,LOF,0.027268519001332533,0.0919792400213833,0.8807522409772842
25572,LOF,0.06419657270537724,0.11090079079886285,0.8249026364957599
25573,LOF,0.0609045542946544,0.07969907162767031,0.8593963740776752
25574,LOF,0.05802911802299008,0.1649121415085537,0.7770587404684561
25575,LOF,0.022961023557472912,0.11392205572768338,0.8631169207148438
25576,LOF,0.034234563646699426,0.1464060515208273,0.8193593848324733
25577,LOF,0.030168687629625025,0.10889545909430587,0.8609358532760691
25578,LOF,0.2915337775314542,0.07487653525785502,0.6335896872106909
25579,LOF,0.1420284967811409,0.07868423364563905,0.77928726957322
25580,LOF,0.020159011938792985,0.07146331518735441,0.9083776728738525
25581,LOF,0.056863203500365146,0.06204604102046449,0.8810907554791705
25582,LOF,0.05674798430081688,0.06114523584324859,0.8821067798559344
25583,LOF,0.02042008717481392,0.07676745567781736,0.9028124571473688
25584,Neutral,0.6658483405467633,0.09999540579189715,0.23415625366133952
25585,LOF,0.032177721168567125,0.1089520249972285,0.8588702538342043
25586,LOF,0.017839325195870184,0.06249617608144424,0.9196644987226856
25587,LOF,0.01755229157096665,0.054647315894570545,0.9278003925344627
25588,LOF,0.020218485226153528,0.06506518231514372,0.9147163324587028
25589,Neutral,0.5208534520902249,0.18986732287391497,0.28927922503586
25590,LOF,0.046908621567108746,0.10288048307410808,0.8502108953587832
25591,LOF,0.09617953817016181,0.05211281093045468,0.8517076508993835
25592,LOF,0.05590444477678452,0.11428052592114954,0.829815029302066
25593,LOF,0.12911297079667405,0.23813076017634235,0.6327562690269836
25594,LOF,0.04761071168810073,0.10459910618969433,0.847790182122205
25595,LOF,0.04585458463850117,0.08000604837177419,0.8741393669897246
25596,LOF,0.11090383877869964,0.04338817441480323,0.8457079868064972
25597,LOF,0.08033737587747558,0.05318180256154305,0.8664808215609815
25598,LOF,0.05123432923961927,0.08078913929682585,0.8679765314635548
25599,GOF,0.021437113398681044,0.5263540935855917,0.4522087930157273
25600,GOF,0.1889063897588981,0.47784663951745165,0.3332469707236503
25601,LOF,0.04081758793009292,0.37888094898743746,0.5803014630824697
25602,LOF,0.03779032791139569,0.05093997081241841,0.9112697012761858
25603,LOF,0.03596857143221966,0.027455680291882688,0.9365757482758976
25604,LOF,0.036278368795807536,0.05790087136129773,0.9058207598428948
25605,LOF,0.04319704685428719,0.17184957563138947,0.7849533775143234
25606,Neutral,0.4709978244120566,0.09376121435432927,0.43524096123361417
25607,LOF,0.024401884055209055,0.1641763986714455,0.8114217172733453
25608,LOF,0.033328557283254644,0.07527089174243068,0.8914005509743146
25609,GOF,0.1539078285403236,0.5604239181849717,0.28566825327470474
25610,LOF,0.014855203523339607,0.02850331083766534,0.956641485638995
25611,LOF,0.014622832283470943,0.03363184833554604,0.951745319380983
25612,LOF,0.04821277383699405,0.04261746047537505,0.909169765687631
25613,LOF,0.043686064922132645,0.04261121864249221,0.9137027164353752
25614,LOF,0.021564466076806097,0.029561913638755134,0.9488736202844387
25615,LOF,0.04429977181835189,0.036406457313565524,0.9192937708680825
25616,LOF,0.04832547285480255,0.025847891510967478,0.9258266356342298
25617,LOF,0.042332650094327934,0.035361314368496245,0.9223060355371758
25618,LOF,0.05343630348137564,0.0338619121672269,0.9127017843513974
25619,LOF,0.014481285723917587,0.02983551238974159,0.9556832018863407
25620,LOF,0.06406316752646694,0.04098375358201361,0.8949530788915194
25621,LOF,0.05432145734022514,0.03127454334498598,0.9144039993147889
25622,LOF,0.06301774229367568,0.032761690579890305,0.904220567126434
25623,LOF,0.07307291368322054,0.029228857092889117,0.8976982292238904
25624,LOF,0.01848877295208741,0.03455874175773334,0.9469524852901792
25625,LOF,0.06591390623925139,0.04021345520564703,0.8938726385551016
25626,LOF,0.047484770375880204,0.03939588731671773,0.9131193423074021
25627,Neutral,0.8890347072035306,0.02092298796492594,0.09004230483154348
25628,LOF,0.14547845981995042,0.05961393722456579,0.7949076029554838
25629,LOF,0.0615014537471695,0.04086614222351221,0.8976324040293183
25630,LOF,0.27214233849872527,0.07165233649433994,0.6562053250069348
25631,Neutral,0.5590014797487831,0.05718172500111244,0.3838167952501044
25632,LOF,0.029293795218203366,0.06152671891487607,0.9091794858669205
25633,LOF,0.19876320453059423,0.03762487563191575,0.7636119198374901
25634,LOF,0.03378050347981192,0.08401451549684157,0.8822049810233467
25635,LOF,0.038339773759817834,0.04533625699907966,0.9163239692411025
25636,LOF,0.040259658727073745,0.4562665296766956,0.5034738115962307
25637,GOF,0.06758698485125578,0.46633727226304955,0.46607574288569475
25638,LOF,0.039073407318788916,0.3117676429343172,0.6491589497468939
25639,LOF,0.032460118669218004,0.33919186813754904,0.628348013193233
25640,Neutral,0.8121106217222568,0.142223430040799,0.04566594823694427
25641,LOF,0.05228361501020238,0.45605831587056783,0.49165806911922966
25642,LOF,0.0472468156325962,0.14956252536980585,0.803190658997598
25643,LOF,0.22366210563679223,0.17194632683183905,0.6043915675313687
25644,LOF,0.019411156980243354,0.47987494029650013,0.5007139027232564
25645,LOF,0.01902030522665495,0.43867893918091383,0.5423007555924313
25646,LOF,0.051567415792360724,0.3676242777591908,0.5808083064484484
25647,LOF,0.02120711539220042,0.2753827031859828,0.7034101814218168
25648,LOF,0.028792874403951375,0.25110328733210796,0.7201038382639406
25649,LOF,0.014949617308484197,0.24659567820427925,0.7384547044872366
25650,LOF,0.045322311702178236,0.4230901689837994,0.5315875193140224
25651,LOF,0.01547344124955015,0.2909147429146751,0.6936118158357748
25652,LOF,0.028877188212800154,0.27297876467058063,0.6981440471166193
25653,LOF,0.07611057975197486,0.39703530769954554,0.5268541125484797
25654,LOF,0.021942047568393457,0.2143994278844682,0.7636585245471383
25655,GOF,0.19477667289418746,0.42585695795296347,0.3793663691528491
25656,LOF,0.3058411281624896,0.04228291769133626,0.6518759541461742
25657,LOF,0.08180414638449938,0.055414840789146,0.8627810128263547
25658,LOF,0.4071400297503437,0.04942354162923059,0.5434364286204257
25659,Neutral,0.5493738902352142,0.07170408460777404,0.3789220251570118
25660,LOF,0.02629916179184418,0.08148981287232611,0.8922110253358296
25661,LOF,0.09694005383258451,0.057231276827969864,0.8458286693394457
25662,LOF,0.03264758716926234,0.031754238593138605,0.9355981742375991
25663,LOF,0.04037081123820383,0.04609549023042954,0.9135336985313666
25664,LOF,0.14006285643783328,0.0534167119136269,0.8065204316485398
25665,LOF,0.05497292271680479,0.03102998790505617,0.913997089378139
25666,LOF,0.08776104685402415,0.0725270581840551,0.8397118949619208
25667,LOF,0.06947425372725544,0.037980423676000734,0.8925453225967439
25668,LOF,0.038039690562345255,0.0448480810078327,0.9171122284298221
25669,LOF,0.03585081181844152,0.054603386359713166,0.9095458018218453
25670,LOF,0.13372380364356107,0.04645406768761662,0.8198221286688223
25671,LOF,0.10011414597681284,0.03226419980095138,0.8676216542222357
25672,LOF,0.05428131081388595,0.042073453985926684,0.9036452352001875
25673,LOF,0.08592067823515522,0.04103115485714009,0.8730481669077047
25674,LOF,0.07129650398890643,0.05164741386292958,0.877056082148164
25675,LOF,0.12521664031345328,0.048811207476828745,0.8259721522097179
25676,LOF,0.018281874290479005,0.04970541872430495,0.932012706985216
25677,LOF,0.025734484956041217,0.06464288426324351,0.9096226307807153
25678,LOF,0.18002935046207127,0.05577452173119436,0.7641961278067343
25679,LOF,0.11574975351891205,0.07390470631777518,0.8103455401633128
25680,LOF,0.030120485602947146,0.10505845597239606,0.8648210584246567
25681,LOF,0.04886497220374805,0.09681113910539438,0.8543238886908575
25682,LOF,0.14147686399722528,0.06299113947047412,0.7955319965323006
25683,LOF,0.11802112498676542,0.08285391168565041,0.7991249633275842
25684,LOF,0.04114239160221708,0.06270564460494578,0.8961519637928371
25685,LOF,0.13399612004450423,0.04598837893454782,0.8200155010209479
25686,LOF,0.06905173008376411,0.09358870414909762,0.8373595657671383
25687,LOF,0.10897720530675421,0.08467446262465994,0.8063483320685858
25688,LOF,0.30142930103095605,0.033848746371658564,0.6647219525973854
25689,LOF,0.2230347443884022,0.03992927169716778,0.7370359839144299
25690,LOF,0.3503747082794508,0.033672562621088656,0.6159527290994605
25691,Neutral,0.6946253542163303,0.026363246417408236,0.2790113993662614
25692,LOF,0.27684694955026606,0.011598937498513212,0.7115541129512207
25693,LOF,0.0490492853488326,0.44630658645899174,0.5046441281921756
25694,LOF,0.1207458181986599,0.019940433010711616,0.8593137487906286
25695,LOF,0.12486300217263661,0.01722130478590167,0.8579156930414618
25696,LOF,0.12378242473406748,0.010014458576652209,0.8662031166892803
25697,LOF,0.13176139776382792,0.027291999568864734,0.8409466026673074
25698,LOF,0.3499364362174754,0.22535470571444122,0.4247088580680834
25699,LOF,0.4148541615656655,0.043670036518583664,0.5414758019157507
25700,LOF,0.05280918696667381,0.01008240907253794,0.9371084039607882
25701,LOF,0.15548556688542992,0.05786893067329087,0.7866455024412792
25702,GOF,0.1896889682608896,0.5392087108661355,0.2711023208729748
25703,LOF,0.016412204109636473,0.15837351401032407,0.8252142818800394
25704,LOF,0.048550961275102555,0.12400596764791463,0.8274430710769829
25705,LOF,0.058365962304973915,0.18642085261474953,0.7552131850802765
25706,LOF,0.09905007263073407,0.3341882452890527,0.5667616820802133
25707,LOF,0.08392982646528666,0.28246211613631145,0.6336080573984019
25708,LOF,0.02814909832345548,0.25677806754376187,0.7150728341327827
25709,LOF,0.058034004264364406,0.04093495849844369,0.901031037237192
25710,LOF,0.011969682081028474,0.12956251067047034,0.8584678072485011
25711,LOF,0.01851613202362923,0.09228600142376696,0.8891978665526038
25712,LOF,0.013446064563799926,0.1687057889531268,0.8178481464830732
25713,LOF,0.018452334342541225,0.08047574722321563,0.9010719184342431
25714,LOF,0.07065390200907115,0.07708005925366622,0.8522660387372627
25715,LOF,0.010492597058285813,0.14089672528399902,0.8486106776577151
25716,LOF,0.013946280591155904,0.11462260073631826,0.871431118672526
25717,LOF,0.012685762096858162,0.08387156974777492,0.903442668155367
25718,LOF,0.012004963565895066,0.11179480644594615,0.8762002299881588
25719,LOF,0.019076615721800697,0.08465708117343766,0.8962663031047616
25720,LOF,0.02144389192978752,0.07064158125277208,0.9079145268174403
25721,LOF,0.01559721564466641,0.103398776964153,0.8810040073911806
25722,LOF,0.013078465009793745,0.12749269855735654,0.8594288364328498
25723,LOF,0.023167626266100583,0.04539060380580714,0.9314417699280922
25724,LOF,0.02349099501419486,0.08388044583830004,0.8926285591475052
25725,LOF,0.01188346513784946,0.06660087183160637,0.9215156630305442
25726,LOF,0.014915229438822555,0.09387346674380925,0.8912113038173681
25727,LOF,0.013568903408159317,0.07962342460040578,0.9068076719914349
25728,LOF,0.009716763266873462,0.11111920572964451,0.879164031003482
25729,LOF,0.009933619184468293,0.10777968988062714,0.8822866909349046
25730,LOF,0.01356449846827918,0.08096921120332451,0.9054662903283963
25731,LOF,0.020337401919412783,0.11309783895061094,0.8665647591299762
25732,LOF,0.014663305864721027,0.09298831713514191,0.892348377000137
25733,LOF,0.016114423194614376,0.08161807891532324,0.9022674978900623
25734,LOF,0.012932322602752037,0.13022336778875399,0.856844309608494
25735,LOF,0.01378134372150102,0.08470603796413978,0.9015126183143591
25736,LOF,0.014138962750331843,0.1209310848570432,0.8649299523926249
25737,LOF,0.020610291412430447,0.08186681610721393,0.8975228924803557
25738,LOF,0.012999751140738666,0.11792455979017534,0.8690756890690859
25739,LOF,0.020244878374139335,0.08415853675057479,0.8955965848752858
25740,LOF,0.02656175240972406,0.09518026174521448,0.8782579858450614
25741,LOF,0.015315062774271283,0.10333816736067021,0.8813467698650584
25742,LOF,0.11580543549876407,0.077346052330698,0.806848512170538
25743,LOF,0.035047728194386035,0.025619620992144418,0.9393326508134694
25744,Neutral,0.6049019724439056,0.1941492277273997,0.20094879982869462
25745,LOF,0.08076473314593763,0.0688110478952538,0.8504242189588087
25746,LOF,0.041711682902118206,0.07542710904281999,0.8828612080550617
25747,LOF,0.023700788870573457,0.03607118063704933,0.9402280304923772
25748,LOF,0.10661498181963718,0.054959182156959795,0.838425836023403
25749,LOF,0.02718933722839988,0.07801050774089087,0.8948001550307092
25750,LOF,0.08646680074886405,0.07528874395600897,0.838244455295127
25751,LOF,0.09441774040027605,0.04871197220367023,0.8568702873960536
25752,GOF,0.10248390409142931,0.6573337309856698,0.24018236492290096
25753,LOF,0.02110897761369547,0.26663246472333685,0.7122585576629678
25754,GOF,0.010326867661504821,0.7763563866285765,0.21331674570991851
25755,LOF,0.02504629790922184,0.38185628276347616,0.593097419327302
25756,LOF,0.04119430515438278,0.3755156631825377,0.5832900316630796
25757,GOF,0.014433890499754373,0.8457406096742535,0.13982549982599218
25758,GOF,0.031460551938324484,0.8303723669300266,0.13816708113164905
25759,GOF,0.011720170350515091,0.5492638832361636,0.43901594641332137
25760,LOF,0.01412541366517292,0.23842936395405254,0.7474452223807746
25761,GOF,0.2879799093044396,0.6174372065041057,0.09458288419145476
25762,LOF,0.03716650353721253,0.2759744416611705,0.686859054801617
25763,LOF,0.013952514804502164,0.19198178442108774,0.7940657007744101
25764,GOF,0.07801033960607404,0.6303953611468499,0.2915942992470761
25765,GOF,0.048373030800182425,0.7587591950813566,0.19286777411846104
25766,GOF,0.07433507458376436,0.7614821349105821,0.16418279050565343
25767,GOF,0.17632932929932935,0.44216799106992666,0.381502679630744
25768,LOF,0.09006887269200764,0.06446577805806668,0.8454653492499257
25769,LOF,0.06824071597526365,0.0645405418686006,0.8672187421561357
25770,LOF,0.2857994832809998,0.08722844577668058,0.6269720709423195
25771,LOF,0.042229614506487136,0.04533149947760186,0.912438886015911
25772,LOF,0.017034267384689133,0.0339571559966784,0.9490085766186325
25773,LOF,0.04555901622710823,0.08718300568656859,0.8672579780863232
25774,LOF,0.027766710989133383,0.07594608382652039,0.8962872051843462
25775,LOF,0.04425770340237583,0.05232277166644149,0.9034195249311827
25776,LOF,0.07394762728726155,0.028195344092781398,0.8978570286199571
25777,LOF,0.30933538943683747,0.0486635454171893,0.6420010651459731
25778,LOF,0.0708951558694203,0.05223932627023167,0.8768655178603479
25779,GOF,0.37230033337095014,0.5849488306280946,0.04275083600095523
25780,GOF,0.31302882325352155,0.6219391494065944,0.06503202733988388
25781,GOF,0.1413244577495457,0.760139165840099,0.09853637641035515
25782,GOF,0.20950362978707318,0.7183626305610382,0.07213373965188871
25783,GOF,0.030257990332665255,0.6376378816679182,0.3321041279994166
25784,Neutral,0.48454713730462773,0.47845944173372273,0.03699342096164945
25785,GOF,0.4505558217057434,0.5112224327643194,0.03822174552993719
25786,GOF,0.02558886612865961,0.7696595913308028,0.20475154254053754
25787,Neutral,0.6286519964178671,0.34825624002679145,0.02309176355534141
25788,LOF,0.0463890462493902,0.11056824623107771,0.8430427075195321
25789,GOF,0.19961661975919878,0.6752874707536938,0.1250959094871074
25790,GOF,0.22387419064329905,0.6762869778565623,0.09983883150013872
25791,GOF,0.15735260378663873,0.6836584768338256,0.15898891937953555
25792,GOF,0.33490742130675605,0.5440114776496736,0.12108110104357035
25793,GOF,0.25127827577759304,0.5413507515144064,0.20737097270800062
25794,GOF,0.29786508009102286,0.5434193408369299,0.15871557907204717
25795,GOF,0.07758784521958824,0.700486815389737,0.2219253393906747
25796,Neutral,0.5279233922781673,0.3910612497741099,0.08101535794772281
25797,GOF,0.09022305986243385,0.5574592265543439,0.3523177135832224
25798,GOF,0.009842843445571636,0.5123023634359438,0.4778547931184845
25799,LOF,0.007060645179454828,0.3936782346580247,0.5992611201625205
25800,GOF,0.029380824709912823,0.5968438471623533,0.3737753281277339
25801,GOF,0.1860825307768652,0.6810471327971719,0.13287033642596305
25802,GOF,0.07674268650007639,0.7151834825953569,0.20807383090456663
25803,GOF,0.03809614873801506,0.5935843210834082,0.36831953017857666
25804,GOF,0.03289761045774416,0.510817918008168,0.4562844715340878
25805,GOF,0.10474026279233037,0.6137675189956526,0.28149221821201703
25806,GOF,0.09720391703153078,0.6020392025002627,0.3007568804682064
25807,GOF,0.021550531092634235,0.6472212466312501,0.33122822227611565
25808,GOF,0.08072280373540802,0.6451386844288735,0.27413851183571863
25809,GOF,0.01863733371591782,0.6065744344957982,0.374788231788284
25810,GOF,0.016831063311213156,0.6410452245269629,0.34212371216182397
25811,GOF,0.4374464351138654,0.48275990733166196,0.07979365755447264
25812,GOF,0.03092553422613992,0.6431339497119852,0.32594051606187474
25813,Neutral,0.5212880038711841,0.3858660553553027,0.0928459407735131
25814,GOF,0.1288189806420417,0.6610293561734392,0.21015166318451917
25815,GOF,0.2014800124960459,0.6256926407270418,0.1728273467769124
25816,GOF,0.024158762799204588,0.7131135664669968,0.26272767073379855
25817,GOF,0.24033014032290043,0.6199472182316415,0.13972264144545815
25818,GOF,0.0502143027074077,0.6760502269439216,0.2737354703486707
25819,GOF,0.34553521064160225,0.5330361796232621,0.12142860973513563
25820,GOF,0.19585223018903644,0.6157452119247888,0.18840255788617474
25821,GOF,0.06223886739534863,0.6974915868090181,0.2402695457956332
25822,GOF,0.22522355102379432,0.5791990484070685,0.19557740056913714
25823,GOF,0.03397502271855373,0.5659536374965624,0.40007133978488396
25824,GOF,0.09131235511446378,0.6511498150702804,0.2575378298152558
25825,GOF,0.03817647306725259,0.6533146041439833,0.30850892278876413
25826,GOF,0.01633141542678321,0.6304021793531238,0.3532664052200931
25827,GOF,0.02500330542450596,0.6108184253375815,0.36417826923791247
25828,GOF,0.014392692862009776,0.5508663875087433,0.43474091962924705
25829,GOF,0.006151518185358358,0.5987293564241613,0.39511912539048033
25830,LOF,0.03427485065299912,0.2965725984637449,0.6691525508832561
25831,GOF,0.23639763459468047,0.6530497000502609,0.11055266535505857
25832,GOF,0.029924510246773155,0.7216359310498495,0.24843955870337736
25833,GOF,0.11036872006772944,0.7397374272989151,0.1498938526333555
25834,GOF,0.03039492472720812,0.7336002846920089,0.23600479058078294
25835,GOF,0.05947579821522073,0.7776834948206691,0.1628407069641101
25836,GOF,0.02887348477468204,0.7032798788446486,0.26784663638066947
25837,GOF,0.02713056266765189,0.6065632353068916,0.36630620202545655
25838,GOF,0.09534470707961971,0.7622425471620113,0.14241274575836896
25839,GOF,0.2825613358617716,0.5703735193210262,0.14706514481720226
25840,GOF,0.25811853032516563,0.5986418449731602,0.14323962470167423
25841,GOF,0.24312381512277512,0.6147934404900269,0.1420827443871978
25842,GOF,0.1482130306894144,0.7333496991208959,0.11843727018968962
25843,GOF,0.20693519739226907,0.7040319582640926,0.0890328443436384
25844,GOF,0.06232206429153445,0.738111160126794,0.19956677558167152
25845,GOF,0.016603735302381243,0.515536469083402,0.4678597956142167
25846,GOF,0.12106144955778814,0.7218350214176388,0.1571035290245731
25847,GOF,0.09534244333961125,0.8011965802747029,0.10346097638568587
25848,GOF,0.035953484844892185,0.712539159328142,0.2515073558269658
25849,GOF,0.011094062930069683,0.618082276924149,0.37082366014578144
25850,GOF,0.019210144896232184,0.669464628666845,0.311325226436923
25851,GOF,0.016444581286144507,0.5514540326261702,0.43210138608768534
25852,GOF,0.16065180379962654,0.5552758981459178,0.2840722980544556
25853,GOF,0.33949068422708045,0.5903760613854797,0.07013325438743978
25854,GOF,0.021289402813907374,0.6432103678060571,0.33550022938003554
25855,GOF,0.034469091515541186,0.5707513963178563,0.3947795121666024
25856,GOF,0.23510464670899164,0.5546246955958957,0.2102706576951127
25857,GOF,0.03894966826437301,0.5273778849043806,0.4336724468312463
25858,GOF,0.020995959536483158,0.5452754184208628,0.43372862204265406
25859,GOF,0.011120918322254515,0.5202281509149665,0.4686509307627789
25860,GOF,0.3595240139759639,0.5651263303845835,0.07534965563945258
25861,GOF,0.4110600557552189,0.507308380849113,0.0816315633956681
25862,GOF,0.08710837067335479,0.7739257491856002,0.13896588014104516
25863,GOF,0.08113438219734362,0.7845304442594676,0.13433517354318872
25864,GOF,0.20664843342309266,0.7214876184373843,0.0718639481395231
25865,GOF,0.0919318040607231,0.7940141021961419,0.11405409374313506
25866,GOF,0.05781983277693484,0.7847174327784365,0.1574627344446286
25867,GOF,0.08654881918815377,0.8096392692110436,0.10381191160080266
25868,GOF,0.2569621788143185,0.6470806245513407,0.0959571966343409
25869,Neutral,0.7106423290229843,0.2454793232004436,0.04387834777657213
25870,GOF,0.27050041637537087,0.4169086522397442,0.31259093138488486
25871,GOF,0.20975128341455626,0.649406931129228,0.14084178545621573
25872,GOF,0.07580141080978714,0.6247947434623531,0.2994038457278598
25873,GOF,0.10533531148255536,0.6902331070682277,0.20443158144921691
25874,LOF,0.013581253984936934,0.11740421363756795,0.869014532377495
25875,LOF,0.09582920971914123,0.0449803194307847,0.8591904708500742
25876,LOF,0.035197484957505146,0.026203873605751164,0.9385986414367437
25877,Neutral,0.5007649847181798,0.04131855179979841,0.4579164634820218
25878,LOF,0.22962595447725945,0.09164332321031193,0.6787307223124285
25879,LOF,0.09578666848702067,0.08775917623413378,0.8164541552788456
25880,LOF,0.038776134959285564,0.013854501511822867,0.9473693635288916
25881,LOF,0.16938428229805866,0.10672801459669526,0.7238877031052461
25882,LOF,0.06223508693894676,0.01590368481227193,0.9218612282487813
25883,LOF,0.06629327658724979,0.01795563698981333,0.9157510864229369
25884,LOF,0.030938259376009886,0.029086544866564916,0.9399751957574253
25885,LOF,0.06055601565611546,0.010916204023653089,0.9285277803202315
25886,LOF,0.2652960965225244,0.035632297644134774,0.6990716058333408
25887,LOF,0.14762878684821604,0.06266295391478632,0.7897082592369976
25888,LOF,0.0664051135538235,0.053189665116344334,0.8804052213298322
25889,LOF,0.0385540835989294,0.021267209426597454,0.9401787069744731
25890,LOF,0.04586933475154628,0.14919365612612462,0.804937009122329
25891,LOF,0.03930734046367789,0.05432499562399945,0.9063676639123226
25892,LOF,0.08028390219633755,0.01963176293696935,0.9000843348666931
25893,LOF,0.2458666956920778,0.016568332820701265,0.7375649714872209
25894,LOF,0.18668663302973507,0.00909875545692399,0.8042146115133411
25895,LOF,0.18787743162246498,0.0186618340891148,0.7934607342884202
25896,LOF,0.05065683097746938,0.019417674226127158,0.9299254947964034
25897,LOF,0.27527833558005205,0.009927987076077503,0.7147936773438703
25898,Neutral,0.7263827530288278,0.00785977677175964,0.2657574701994126
25899,LOF,0.2162601457957178,0.023571360332331655,0.7601684938719505
25900,LOF,0.460308073954036,0.010854727637600124,0.5288371984083639
25901,LOF,0.052312705002028795,0.0103913706259798,0.9372959243719915
25902,LOF,0.16881672037037482,0.011865180031341708,0.8193180995982835
25903,Neutral,0.6029680302003482,0.025514020303648823,0.3715179494960031
25904,LOF,0.3153456299053383,0.036968182912953215,0.6476861871817085
25905,LOF,0.025407991233816304,0.3344312121824713,0.6401607965837124
25906,LOF,0.03293514289977393,0.07578347979664846,0.8912813773035776
25907,LOF,0.01468761662157976,0.33304320500211615,0.652269178376304
25908,LOF,0.01069340403470556,0.2631099880504214,0.7261966079148731
25909,LOF,0.012935465792277738,0.13724443889471438,0.8498200953130078
25910,LOF,0.04892028097397729,0.14478319177409107,0.8062965272519317
25911,LOF,0.17893126226400727,0.026973053134453185,0.7940956846015396
25912,LOF,0.04131971590853022,0.04963917456352077,0.909041109527949
25913,LOF,0.3516029934469644,0.022294578922574835,0.6261024276304608
25914,LOF,0.02178787445914421,0.050362671724000836,0.927849453816855
25915,Neutral,0.5815543092289615,0.15325039330745469,0.26519529746358383
25916,LOF,0.09226865764305334,0.21329097657163407,0.6944403657853125
25917,LOF,0.06412187984516786,0.03905273082667843,0.8968253893281537
25918,LOF,0.02274783987054926,0.030757238032389073,0.9464949220970617
25919,LOF,0.019976011462694867,0.03235908713701738,0.9476649014002878
25920,GOF,0.11641330903892264,0.5018228242235148,0.3817638667375625
25921,LOF,0.027080295289755855,0.03560968390540093,0.9373100208048432
25922,LOF,0.036100801772376505,0.026747251940591944,0.9371519462870316
25923,LOF,0.47581381823231705,0.03662194210517284,0.48756423966251017
25924,LOF,0.037941375034613777,0.04611846304619118,0.9159401619191951
25925,LOF,0.07165065519307347,0.04141358579183456,0.886935759015092
25926,LOF,0.05372026000926624,0.034196975642759475,0.9120827643479743
25927,LOF,0.06581135985779145,0.1297219861856076,0.804466653956601
25928,LOF,0.02050494994759228,0.052437269496791755,0.927057780555616
25929,Neutral,0.5959308151127554,0.038706575137864734,0.36536260974937984
25930,LOF,0.07151729872773002,0.03155278170830538,0.8969299195639646
25931,LOF,0.027075064485258944,0.03370176322307623,0.9392231722916649
25932,LOF,0.028789087104523506,0.028230704380617953,0.9429802085148585
25933,LOF,0.038521018472536556,0.017848766655585168,0.9436302148718783
25934,LOF,0.023748792028210352,0.019588494098760796,0.9566627138730289
25935,LOF,0.06492300497523998,0.053172567637332684,0.8819044273874274
25936,LOF,0.042648585843089525,0.022888749219376465,0.9344626649375339
25937,LOF,0.029764614813026717,0.03816646437723913,0.9320689208097341
25938,LOF,0.06831040485739857,0.05657135584250625,0.8751182393000951
25939,LOF,0.040542072427235905,0.02018149934991629,0.939276428222848
25940,LOF,0.03647713340815374,0.33797095107141806,0.6255519155204281
25941,LOF,0.18846755336347834,0.09984809837794717,0.7116843482585745
25942,LOF,0.013000702791930035,0.033393425570287835,0.9536058716377822
25943,LOF,0.30254831454041864,0.05804175800979451,0.639409927449787
25944,Neutral,0.48907327185884764,0.022015487256641254,0.4889112408845112
25945,LOF,0.07572111664035017,0.01956905574231271,0.9047098276173372
25946,LOF,0.03194576388113757,0.11394227683657109,0.8541119592822913
25947,LOF,0.1150300051709966,0.17617983473669874,0.7087901600923047
25948,LOF,0.3630938936745112,0.009181564151748622,0.6277245421737402
25949,LOF,0.12836325700087914,0.040682293527243146,0.8309544494718777
25950,GOF,0.3346185710472463,0.34545915097058405,0.31992227798216955
25951,LOF,0.19142142331974227,0.2557408265439286,0.5528377501363291
25952,LOF,0.04667244355228381,0.4408893404431647,0.5124382160045514
25953,LOF,0.14228551037112205,0.11904130118975215,0.7386731884391257
25954,Neutral,0.43111751040189705,0.18877372699211034,0.3801087626059925
25955,LOF,0.06808661900730022,0.07976706834532322,0.8521463126473765
25956,LOF,0.1685051405278904,0.12912060317092336,0.7023742563011862
25957,LOF,0.03754736937483471,0.03070299360780813,0.9317496370173571
25958,LOF,0.05488839171861633,0.027222173460461595,0.917889434820922
25959,LOF,0.07289702316552073,0.3317205598908821,0.5953824169435972
25960,LOF,0.014582223451239931,0.05968041835325154,0.9257373581955085
25961,LOF,0.04063253796923807,0.02795912742025561,0.9314083346105063
25962,LOF,0.05467158521775422,0.030612568769204308,0.9147158460130416
25963,LOF,0.04432536716212,0.18909956157367713,0.7665750712642029
25964,LOF,0.03095207959795963,0.16675078118014813,0.8022971392218923
25965,LOF,0.44694512254748536,0.06898575378216021,0.4840691236703544
25966,Neutral,0.49807108884802614,0.18948084895520534,0.31244806219676863
25967,LOF,0.016995155710532214,0.11763146656005581,0.865373377729412
25968,LOF,0.03654459439400274,0.38334342552227535,0.5801119800837219
25969,LOF,0.0357210387938673,0.06125841878182465,0.9030205424243081
25970,LOF,0.05649239215363014,0.0569879357689655,0.8865196720774042
25971,LOF,0.06717521976755338,0.019083799874116385,0.9137409803583303
25972,LOF,0.06719544664285657,0.028720351278177136,0.9040842020789662
25973,LOF,0.07775991576894681,0.010433641476810066,0.9118064427542433
25974,LOF,0.1814926026438162,0.015578993183323318,0.8029284041728606
25975,LOF,0.045737812577058994,0.030051175484565363,0.9242110119383757
25976,LOF,0.045852053330267456,0.016586555437865476,0.9375613912318671
25977,LOF,0.15266880516375497,0.0824771305029158,0.7648540643333293
25978,LOF,0.14957352170006355,0.09181379979473432,0.7586126785052021
25979,LOF,0.14068780985464172,0.09966547074671733,0.7596467193986409
25980,LOF,0.23344434890875113,0.12364542907953412,0.6429102220117148
25981,LOF,0.2650086301355043,0.12080339676737649,0.6141879730971193
25982,LOF,0.41412456748542353,0.08062443689764927,0.5052509956169272
25983,LOF,0.3909807812515544,0.09109743874197071,0.5179217800064749
25984,LOF,0.04796511827775387,0.0466503162533941,0.905384565468852
25985,LOF,0.03734476770986304,0.2892598664046794,0.6733953658854576
25986,LOF,0.04301914083154157,0.3333326424931054,0.6236482166753531
25987,LOF,0.08245509331659552,0.0699351387911251,0.8476097678922794
25988,LOF,0.15366976443437952,0.05654555706123126,0.7897846785043894
25989,LOF,0.036746483126077846,0.11246734959497816,0.8507861672789441
25990,LOF,0.04268131440243982,0.146964320538251,0.8103543650593091
25991,LOF,0.13037553800217672,0.23802363987203815,0.6316008221257852
25992,LOF,0.2944471688692125,0.14129304497524292,0.5642597861555445
25993,LOF,0.024440868817223887,0.06591488991787474,0.9096442412649014
25994,LOF,0.019416285885360072,0.08135312518339016,0.8992305889312497
25995,LOF,0.025345380743610157,0.17997488395209332,0.7946797353042966
25996,GOF,0.33262252335171344,0.3757790045099092,0.2915984721383773
25997,LOF,0.09278861215591624,0.33488017050209584,0.572331217341988
25998,Neutral,0.5315809962647637,0.025314332491031936,0.4431046712442042
25999,LOF,0.09170819381079369,0.09712799995990562,0.8111638062293006
26000,LOF,0.13914328765077763,0.049095750017203704,0.8117609623320187
26001,LOF,0.2007315012382683,0.05048293510490287,0.7487855636568288
26002,LOF,0.11029533279699207,0.047315926225248134,0.8423887409777597
26003,GOF,0.010607414114537651,0.5969607845858236,0.3924318012996388
26004,GOF,0.024067536976772063,0.696615975575583,0.27931648744764487
26005,LOF,0.0063833792839303165,0.45652292060695576,0.5370937001091138
26006,Neutral,0.5036636613397117,0.25863071698488616,0.2377056216754021
26007,GOF,0.020482284720354488,0.5349533609293807,0.44456435435026476
26008,GOF,0.02014019999395294,0.605418124423316,0.37444167558273117
26009,GOF,0.020879513143778287,0.6603861216602821,0.3187343651959395
26010,GOF,0.024475557182115092,0.6430809977355769,0.332443445082308
26011,LOF,0.0067558150023100064,0.42075744170764456,0.5724867432900455
26012,GOF,0.012962029523255824,0.538370183764956,0.4486677867117881
26013,GOF,0.019599589238636497,0.5905969163379579,0.3898034944234058
26014,LOF,0.04013384278314552,0.12059912078770882,0.8392670364291457
26015,LOF,0.14803901657415827,0.016676298432745082,0.8352846849930966
26016,LOF,0.19722575040813478,0.05987396324801535,0.7429002863438499
26017,LOF,0.2118331695262336,0.0920924288705471,0.6960744016032193
26018,LOF,0.07989341546769335,0.043284056367835645,0.876822528164471
26019,LOF,0.07623844759799299,0.03546714930143208,0.888294403100575
26020,LOF,0.06548461242033768,0.09988545151272893,0.8346299360669335
26021,LOF,0.045395329804324924,0.10512470831530213,0.8494799618803729
26022,LOF,0.01144358682585706,0.04474873705717593,0.943807676116967
26023,LOF,0.06683465722692342,0.02718852421838518,0.9059768185546915
26024,LOF,0.029462151719077005,0.10744879474334197,0.8630890535375811
26025,LOF,0.15133753918824722,0.09945030022025507,0.7492121605914979
26026,LOF,0.323645703637477,0.031022273554225318,0.6453320228082977
26027,LOF,0.05930537586308547,0.020975104802427483,0.919719519334487
26028,LOF,0.16667478067475847,0.06921224958036379,0.7641129697448777
26029,LOF,0.06550940754959506,0.15149666451616864,0.7829939279342364
26030,LOF,0.0223412213025416,0.03277678757322107,0.9448819911242373
26031,LOF,0.025901657889086993,0.11276058883220957,0.8613377532787033
26032,LOF,0.06581732075579262,0.05049251317586819,0.8836901660683392
26033,LOF,0.0913100636476828,0.0513641809838758,0.8573257553684415
26034,LOF,0.04175709606452854,0.12984729195520056,0.828395611980271
26035,LOF,0.0261910768998795,0.12024091705585777,0.8535680060442626
26036,LOF,0.037588396141029344,0.14149712571549072,0.8209144781434798
26037,LOF,0.02061794334172289,0.09678798318694848,0.8825940734713286
26038,LOF,0.062466827524875014,0.05164432530741037,0.8858888471677145
26039,LOF,0.05034408951014634,0.11871195354996254,0.8309439569398912
26040,LOF,0.2051770830290324,0.09884443065783982,0.6959784863131279
26041,LOF,0.021439874235234704,0.0884866234351916,0.8900735023295736
26042,LOF,0.019703864851074348,0.08258653110334609,0.8977096040455796
26043,LOF,0.06359141612730773,0.05855139039414169,0.8778571934785506
26044,LOF,0.019377030810905888,0.04096326950245464,0.9396596996866394
26045,LOF,0.07218071920519553,0.07527228733271231,0.8525469934620921
26046,LOF,0.05936843874565925,0.051122579744504154,0.8895089815098365
26047,LOF,0.07782347161865007,0.053409745004866546,0.8687667833764833
26048,LOF,0.04444670958319411,0.02867941284234385,0.926873877574462
26049,Neutral,0.9674420118728981,0.00525369789886567,0.027304290228236147
26050,Neutral,0.9507465685666764,0.006967645195772614,0.042285786237550985
26051,LOF,0.04475396972965307,0.2903267244356265,0.6649193058347205
26052,LOF,0.06683166502412648,0.34421908588448313,0.5889492490913903
26053,LOF,0.06288569686219732,0.148890334486426,0.7882239686513767
26054,LOF,0.05078741795289273,0.01651939299214033,0.9326931890549669
26055,LOF,0.07071451167494375,0.014470152970721,0.9148153353543352
26056,LOF,0.060155774132306064,0.016449863472268487,0.9233943623954254
26057,LOF,0.03087898211520677,0.011663359791482001,0.9574576580933113
26058,LOF,0.03156460312840378,0.00957631363367911,0.9588590832379171
26059,LOF,0.2842567978365891,0.020772187463162974,0.694971014700248
26060,LOF,0.0435995440847233,0.186562986734207,0.7698374691810698
26061,LOF,0.01660692664961932,0.012271503672262919,0.9711215696781177
26062,LOF,0.010119791257870898,0.01824423487245503,0.9716359738696742
26063,LOF,0.01919792215545291,0.010176632983720615,0.9706254448608266
26064,LOF,0.019840801102574288,0.022874122161244265,0.9572850767361815
26065,LOF,0.024364748918313694,0.011165763520182323,0.964469487561504
26066,LOF,0.019759198521519607,0.010374465419429683,0.9698663360590507
26067,LOF,0.026598342380755178,0.008080589796870501,0.9653210678223743
26068,LOF,0.04478133323292678,0.02591557935258412,0.9293030874144891
26069,LOF,0.26757420835994017,0.017003981783857248,0.7154218098562025
26070,LOF,0.4104454236283973,0.01434130008883025,0.5752132762827725
26071,LOF,0.019467764081571016,0.011585803521804747,0.9689464323966241
26072,LOF,0.01790861725966906,0.01813927763945568,0.9639521051008753
26073,LOF,0.018934561600230562,0.011287370007792384,0.969778068391977
26074,Neutral,0.9165213865916941,0.005077875105451633,0.07840073830285432
26075,LOF,0.04579772917553394,0.013313865350027675,0.9408884054744384
26076,LOF,0.03764242205384414,0.008458720906470396,0.9538988570396855
26077,LOF,0.009643899289327879,0.013454746440992552,0.9769013542696796
26078,LOF,0.014476166068937571,0.011521357698538686,0.9740024762325238
26079,LOF,0.06225444283246306,0.01540842125673554,0.9223371359108015
26080,LOF,0.06186530330022356,0.015410869434465612,0.9227238272653108
26081,LOF,0.03361704812262217,0.006544599729195031,0.9598383521481828
26082,LOF,0.013472352464255401,0.014355508676061352,0.9721721388596833
26083,LOF,0.17743219406696153,0.013265000736163525,0.8093028051968748
26084,LOF,0.040542277207837256,0.011563607715769097,0.9478941150763938
26085,LOF,0.03598650488231092,0.010993515050485046,0.953019980067204
26086,LOF,0.019761743930512162,0.010582159605841978,0.9696560964636458
26087,LOF,0.02185789204617667,0.008117954092816616,0.9700241538610067
26088,LOF,0.017462589208188134,0.024807997931194366,0.9577294128606174
26089,LOF,0.04160875805340842,0.020276625030509265,0.9381146169160823
26090,LOF,0.04130030202183463,0.016815508737109852,0.9418841892410554
26091,LOF,0.030724498283214163,0.006209165006138987,0.9630663367106469
26092,LOF,0.021219129766238236,0.007776218142626005,0.9710046520911356
26093,LOF,0.032151660876995,0.006107271139545223,0.9617410679834598
26094,LOF,0.03379358206588136,0.00588890594265186,0.9603175119914669
26095,LOF,0.04054297240832988,0.012720606920508457,0.9467364206711618
26096,LOF,0.016529851434623703,0.010833815018353695,0.9726363335470225
26097,LOF,0.011942659253789513,0.037056915296331684,0.9510004254498788
26098,LOF,0.08511596350380687,0.010508176128993928,0.9043758603671992
26099,LOF,0.020128998248750467,0.01138912696605976,0.9684818747851899
26100,LOF,0.022014781936954178,0.010999734451403302,0.9669854836116425
26101,LOF,0.0452128217389724,0.015580721588931352,0.9392064566720963
26102,LOF,0.01945887899060428,0.011046609032669156,0.9694945119767265
26103,Neutral,0.8813182090776799,0.01714763775093026,0.10153415317138988
26104,LOF,0.07981713136407571,0.02246641916530862,0.8977164494706158
26105,LOF,0.20202926614847175,0.2718380918333531,0.5261326420181752
26106,LOF,0.1475156055507712,0.12384367453767103,0.7286407199115578
26107,LOF,0.22805863150357217,0.09125621823085248,0.6806851502655753
26108,LOF,0.21723909749627918,0.10032113914874158,0.6824397633549792
26109,LOF,0.0799548977941409,0.05453194131698386,0.8655131608888752
26110,LOF,0.21920223928982158,0.006441436769814237,0.7743563239403642
26111,Neutral,0.5074316642343056,0.02644741154937525,0.46612092421631907
26112,LOF,0.03226795450531511,0.006571196694753061,0.9611608487999317
26113,LOF,0.06376054732571293,0.015446190341589379,0.9207932623326976
26114,LOF,0.026447310539499707,0.026902907753425603,0.9466497817070747
26115,LOF,0.09483830972798064,0.05606447130883327,0.8490972189631862
26116,LOF,0.06357192120351397,0.05800181798988194,0.878426260806604
26117,LOF,0.45571836092124285,0.04165933360528642,0.5026223054734706
26118,LOF,0.035390491190324946,0.023560681065225794,0.9410488277444493
26119,LOF,0.02361469595085575,0.0391354287995579,0.9372498752495864
26120,LOF,0.024902796284719173,0.018988225992421563,0.9561089777228592
26121,LOF,0.03677467403194465,0.08216065712345723,0.8810646688445982
