feature0,prediction,LoGoFunc_Neutral,LoGoFunc_GOF,LoGoFunc_LOF
25546,Neutral,0.5996810195968115,0.05421796463703597,0.34610101576615243
25547,Neutral,0.47726392697524306,0.08546126166324501,0.43727481136151186
25548,Neutral,0.48505666512965884,0.06751803150900977,0.4474253033613313
25549,LOF,0.4280635268991923,0.06549448740263439,0.5064419856981733
25550,LOF,0.34869728415057616,0.10936721865618433,0.5419354971932395
25551,LOF,0.31688982895721857,0.11585568236233787,0.5672544886804436
25552,LOF,0.27548250395694585,0.11591273794238909,0.608604758100665
25553,Neutral,0.7925579220837027,0.04098047217424602,0.16646160574205127
25554,LOF,0.3142387462633733,0.10584667680091352,0.5799145769357134
25555,LOF,0.26776677530503074,0.09957776923395208,0.6326554554610172
25556,LOF,0.45131120158455235,0.08993174021146216,0.45875705820398555
25557,LOF,0.2633439365468729,0.10460858062697433,0.6320474828261528
25558,LOF,0.31775754928393624,0.10151122767838358,0.5807312230376801
25559,LOF,0.2635703200465181,0.135818233380657,0.6006114465728248
25560,LOF,0.17032490532614805,0.11087240360742548,0.7188026910664265
25561,LOF,0.15813368183424256,0.12334407586142407,0.7185222423043335
25562,LOF,0.07243400475352124,0.0918360697517247,0.835729925494754
25563,LOF,0.021843278479091177,0.1547258451960256,0.8234308763248832
25564,LOF,0.20938970823887637,0.13711580377957808,0.6534944879815455
25565,LOF,0.18496116008763233,0.14759395712224802,0.6674448827901196
25566,GOF,0.09226201992874009,0.7054790290615857,0.2022589510096742
25567,LOF,0.044402476939787563,0.14962097567723884,0.8059765473829736
25568,LOF,0.07164044054510238,0.07653277053468614,0.8518267889202115
25569,LOF,0.06666164925896277,0.07791897161561609,0.8554193791254212
25570,LOF,0.030024686685192946,0.10948716795429352,0.8604881453605134
25571,LOF,0.02948618741470503,0.11107336307237152,0.8594404495129234
25572,LOF,0.06551319729101147,0.12400892834075847,0.8104778743682302
25573,LOF,0.0630751390956574,0.09436320356977114,0.8425616573345716
25574,LOF,0.06197287266736903,0.2062185657622335,0.7318085615703975
25575,LOF,0.025316594142384366,0.12425511378353167,0.8504282920740839
25576,LOF,0.03208930841758008,0.15068696394997672,0.8172237276324431
25577,LOF,0.030803654468558348,0.12437781568991266,0.8448185298415289
25578,LOF,0.29296578658105144,0.09028645219900115,0.6167477612199473
25579,LOF,0.13796168130490236,0.09568549401766727,0.7663528246774304
25580,LOF,0.022662519869066092,0.08743279353062133,0.8899046866003126
25581,LOF,0.060732492534522765,0.07067482135439467,0.8685926861110826
25582,LOF,0.060794891006172226,0.0695996602737511,0.8696054487200767
25583,LOF,0.024569956274488786,0.08387433424966405,0.8915557094758472
25584,Neutral,0.7081906935255634,0.10815539806645663,0.18365390840798002
25585,LOF,0.027780136245060046,0.1586617363081203,0.8135581274468197
25586,LOF,0.018853880239030816,0.07786233996428764,0.9032837797966816
25587,LOF,0.018546787413985064,0.0679187419022816,0.9135344706837334
25588,LOF,0.023088455730491793,0.07441920731040763,0.9024923369591005
25589,Neutral,0.5146788657774014,0.2019612817075752,0.2833598525150234
25590,LOF,0.04809151249202159,0.1213677734266869,0.8305407140812915
25591,LOF,0.11070843621637821,0.059560092142291396,0.8297314716413304
25592,LOF,0.06022585815821375,0.15144771130194903,0.7883264305398372
25593,LOF,0.15302596656262596,0.25840025456031596,0.5885737788770581
25594,LOF,0.061530064966856916,0.10063798268037254,0.8378319523527705
25595,LOF,0.05660973023806363,0.07588807784457259,0.8675021919173638
25596,LOF,0.11514881125695886,0.04345976977203689,0.8413914189710043
25597,LOF,0.09295754740637804,0.05507849147258843,0.8519639611210335
25598,LOF,0.05865612362324627,0.07526433896624969,0.8660795374105039
25599,GOF,0.01961632770983646,0.5037345159895465,0.47664915630061705
25600,GOF,0.18066509574277614,0.5295154184045376,0.28981948585268624
25601,LOF,0.04096723315835481,0.4394788445628231,0.519553922278822
25602,LOF,0.035179013704631557,0.0639163800471478,0.9009046062482207
25603,LOF,0.03163128101030687,0.03526654940433559,0.9331021695853575
25604,LOF,0.03184826773943092,0.07884693045338126,0.8893048018071877
25605,LOF,0.035029001514204426,0.19965463037925169,0.7653163681065439
25606,Neutral,0.4454870640595975,0.11744585924077733,0.43706707669962513
25607,LOF,0.02513361679874636,0.18475484683469745,0.7901115363665562
25608,LOF,0.0340465270181023,0.07570578787756554,0.8902476851043322
25609,GOF,0.14995950896191812,0.5366061335741308,0.313434357463951
25610,LOF,0.01752076533062762,0.026714591043315625,0.9557646436260568
25611,LOF,0.014670569849166204,0.030858749408031988,0.9544706807428017
25612,LOF,0.050511753460763,0.04311943242355594,0.9063688141156809
25613,LOF,0.047175165865422884,0.041283512681009105,0.911541321453568
25614,LOF,0.02292527700490531,0.024052990087103883,0.9530217329079907
25615,LOF,0.04330554901119882,0.03852999320090004,0.9181644577879011
25616,LOF,0.05369723196885662,0.02700158702219011,0.9193011810089533
25617,LOF,0.04654736564236861,0.03698203970318683,0.9164705946544446
25618,LOF,0.04866385117113386,0.03648715933329331,0.9148489894955729
25619,LOF,0.013678191201857148,0.03287629274074565,0.9534455160573972
25620,LOF,0.06323262088598455,0.041784268106234985,0.8949831110077804
25621,LOF,0.058729234350860866,0.03323247957565159,0.9080382860734875
25622,LOF,0.06680122505851262,0.032747597343425396,0.9004511775980619
25623,LOF,0.07383673692427827,0.02909111419680684,0.8970721488789148
25624,LOF,0.019543775923682446,0.03233814950898723,0.9481180745673303
25625,LOF,0.06268590889031762,0.03847602326682347,0.8988380678428589
25626,LOF,0.050133947219394674,0.03812849521599165,0.9117375575646136
25627,Neutral,0.9016687640027246,0.016003795006680647,0.08232744099059476
25628,LOF,0.1433929724840018,0.0524634896373285,0.8041435378786697
25629,LOF,0.07038084378213517,0.042635176748754396,0.8869839794691105
25630,LOF,0.29803397790106817,0.0653793919743143,0.6365866301246176
25631,Neutral,0.5579116652272443,0.05478852314363027,0.38729981162912547
25632,LOF,0.027411526786641393,0.06131440031399885,0.9112740728993598
25633,LOF,0.16817456349016865,0.03505339642514208,0.7967720400846893
25634,LOF,0.0339572313841392,0.07748883536078506,0.8885539332550757
25635,LOF,0.036287396317785235,0.03841087314136391,0.9253017305408509
25636,LOF,0.036094400285607925,0.48001275483545036,0.48389284487894163
25637,GOF,0.08438180070842773,0.5113252137810015,0.40429298551057075
25638,LOF,0.030997406940582173,0.3633133324281972,0.6056892606312206
25639,LOF,0.0345922914308296,0.3792266179481949,0.5861810906209756
25640,Neutral,0.7922811036459875,0.1641957293703566,0.04352316698365591
25641,LOF,0.07135115971214501,0.45289301047728914,0.4757558298105657
25642,LOF,0.05216312801121499,0.15611688692125097,0.7917199850675339
25643,LOF,0.20008250397676947,0.12696072645816062,0.6729567695650699
25644,LOF,0.02109373243803792,0.4178265230519422,0.56107974451002
25645,LOF,0.025127012273476617,0.376394587638709,0.5984784000878144
25646,LOF,0.0574595183226779,0.29185020949047535,0.6506902721868468
25647,LOF,0.025535645466386824,0.23563454524754235,0.7388298092860709
25648,LOF,0.037687017791478344,0.22610012593535495,0.7362128562731667
25649,LOF,0.018050649931558048,0.2185512580175979,0.7633980920508441
25650,LOF,0.04995677004394891,0.36460842003465377,0.5854348099213974
25651,LOF,0.01806185251691092,0.24833325303208897,0.7336048944510001
25652,LOF,0.035278877818623544,0.23786087645606854,0.7268602457253079
25653,LOF,0.08772513218220682,0.3633778300130034,0.5488970378047898
25654,LOF,0.02764903859586142,0.20788390533331388,0.7644670560708248
25655,LOF,0.24665697839731862,0.3329805087051256,0.42036251289755583
25656,LOF,0.3348076794013605,0.04925747453144088,0.6159348460671986
25657,LOF,0.06234424006013856,0.052525994777941454,0.8851297651619201
25658,LOF,0.35417942496478294,0.05115899394870552,0.5946615810865116
25659,Neutral,0.5063080390493616,0.07525105099846438,0.41844090995217403
25660,LOF,0.02275537459020637,0.08411007200385172,0.8931345534059418
25661,LOF,0.09901441041201062,0.062361599725139855,0.8386239898628495
25662,LOF,0.035019095083901663,0.036276970784164954,0.9287039341319335
25663,LOF,0.04647888519520145,0.05043062958215798,0.9030904852226406
25664,LOF,0.14474065133875286,0.06516172107782471,0.7900976275834224
25665,LOF,0.05714203278448204,0.03414667175229719,0.9087112954632207
25666,LOF,0.09233352311048725,0.0716323190504069,0.8360341578391057
25667,LOF,0.07741348695695305,0.04009424002706174,0.8824922730159851
25668,LOF,0.03996941255749598,0.04945173132917847,0.9105788561133256
25669,LOF,0.03261679067654596,0.05326295721843658,0.9141202521050175
25670,LOF,0.14675294475098088,0.055608468964597556,0.7976385862844215
25671,LOF,0.11907125212569314,0.036119360230372904,0.844809387643934
25672,LOF,0.05465427881557516,0.044509812753301875,0.9008359084311229
25673,LOF,0.0819477507530398,0.04776902737782709,0.870283221869133
25674,LOF,0.06979046772901328,0.057911508928006714,0.87229802334298
25675,LOF,0.12097891199026295,0.05744664175258861,0.8215744462571485
25676,LOF,0.02031365340423536,0.05434079518087865,0.9253455514148861
25677,LOF,0.027677625160562394,0.07405134934230369,0.898271025497134
25678,LOF,0.2299245038126388,0.058330272285318355,0.7117452239020428
25679,LOF,0.11688838646305784,0.08095577091322433,0.8021558426237179
25680,LOF,0.03573921955484887,0.12062263238531339,0.8436381480598378
25681,LOF,0.058519060408854455,0.11286815956701447,0.8286127800241312
25682,LOF,0.1505656020222441,0.07352337997876228,0.7759110179989936
25683,LOF,0.12078755540968514,0.09016663354141484,0.7890458110489
25684,LOF,0.04566976072371422,0.07526411671572171,0.879066122560564
25685,LOF,0.12963592495832452,0.04264974451545463,0.8277143305262208
25686,LOF,0.08164146230745682,0.07687730150374486,0.8414812361887983
25687,LOF,0.11649964921684257,0.07696231728984149,0.8065380334933159
25688,LOF,0.31239606890791877,0.0341243169765354,0.6534796141155458
25689,LOF,0.23929831439735658,0.03992588152818315,0.7207758040744603
25690,LOF,0.31132498475255643,0.029606909555261393,0.6590681056921822
25691,Neutral,0.6975898550082034,0.024389482796805244,0.2780206621949915
25692,LOF,0.3580313801492515,0.010404242551048777,0.6315643772996997
25693,LOF,0.04725709730160971,0.38393741626713757,0.5688054864312528
25694,LOF,0.11280193098760907,0.017851135888112785,0.8693469331242781
25695,LOF,0.11421054229811067,0.016354332827352096,0.8694351248745372
25696,LOF,0.1250671660444318,0.009873777234995901,0.8650590567205723
25697,LOF,0.09706917298049685,0.029197624233638787,0.8737332027858644
25698,LOF,0.34995120377950245,0.1898489988764828,0.4601997973440148
25699,LOF,0.45207413312645456,0.03641649816353851,0.511509368710007
25700,LOF,0.06993254257285862,0.008410027329427257,0.9216574300977142
25701,LOF,0.1578637393093007,0.047503267241889656,0.7946329934488097
25702,GOF,0.15253818841906538,0.6203885991443631,0.22707321243657164
25703,LOF,0.0170209285381957,0.1607727665720396,0.8222063048897648
25704,LOF,0.04805545840593719,0.11641259917352878,0.8355319424205341
25705,LOF,0.053710743671659573,0.16129552728515126,0.7849937290431891
25706,LOF,0.10078582306210626,0.43150412165904534,0.46771005527884846
25707,LOF,0.10151579762280609,0.3685852305330709,0.529898971844123
25708,LOF,0.03155576992305375,0.32180440112777003,0.6466398289491763
25709,LOF,0.07025369928169466,0.04703385695315077,0.8827124437651547
25710,LOF,0.011335704863996765,0.1538118758689887,0.8348524192670146
25711,LOF,0.020658769127819592,0.10420430519698268,0.8751369256751977
25712,LOF,0.01339597423608985,0.1828104863758651,0.8037935393880451
25713,LOF,0.019638480260836817,0.0886272953700962,0.891734224369067
25714,LOF,0.08040131097032481,0.08754637301610409,0.832052316013571
25715,LOF,0.012223157298745447,0.15004932187392214,0.8377275208273324
25716,LOF,0.013530251642424383,0.12060439579883601,0.8658653525587396
25717,LOF,0.01173724916821855,0.08405262298820844,0.904210127843573
25718,LOF,0.013262913210222386,0.100949324584581,0.8857877622051965
25719,LOF,0.01949016380578496,0.0890752948691593,0.8914345413250557
25720,LOF,0.024726885774750434,0.07438785038356031,0.9008852638416892
25721,LOF,0.016071192973728072,0.12400685830194515,0.8599219487243268
25722,LOF,0.015168818302423349,0.13572558886270203,0.8491055928348746
25723,LOF,0.023739991681545704,0.04834535936803394,0.9279146489504204
25724,LOF,0.032702723204063124,0.09605477676425984,0.871242500031677
25725,LOF,0.012265319724490017,0.07205832110285423,0.9156763591726557
25726,LOF,0.016943056040496205,0.1111958299037856,0.8718611140557181
25727,LOF,0.014107313044911257,0.08177304992469843,0.9041196370303902
25728,LOF,0.010548199887877325,0.12439009183410353,0.8650617082780192
25729,LOF,0.01091077453864567,0.12139012245493472,0.8676991030064196
25730,LOF,0.01498206647089454,0.09329216339984794,0.8917257701292576
25731,LOF,0.018558041048270968,0.1099459650273252,0.8714959939244039
25732,LOF,0.015961492463060376,0.08131914129300478,0.9027193662439349
25733,LOF,0.017925975122073015,0.08146003815907704,0.9006139867188501
25734,LOF,0.012073636603164028,0.12030562356627914,0.8676207398305568
25735,LOF,0.014429242047279424,0.09077808350485006,0.8947926744478705
25736,LOF,0.015296614574152972,0.11062243167988048,0.8740809537459664
25737,LOF,0.013029549965107265,0.08974060272125654,0.8972298473136362
25738,LOF,0.013158101254056262,0.1097361488854016,0.8771057498605421
25739,LOF,0.02251264780987282,0.08235941272084332,0.8951279394692838
25740,LOF,0.026786673876381135,0.1196430298290706,0.8535702962945482
25741,LOF,0.01579112788177151,0.12216372300519884,0.8620451491130295
25742,LOF,0.13424726762427688,0.09438103438908454,0.7713716979866386
25743,LOF,0.03412463857490272,0.03544575045699422,0.9304296109681031
25744,Neutral,0.549844899418977,0.1968067000719272,0.25334840050909596
25745,LOF,0.07255503936101017,0.06093937077036363,0.8665055898686262
25746,LOF,0.03910817208227768,0.07471680218855249,0.8861750257291698
25747,LOF,0.022429462829116946,0.05571941271148508,0.921851124459398
25748,LOF,0.09895159567781671,0.07860691435132769,0.8224414899708555
25749,LOF,0.025310225492589357,0.07240359661803264,0.902286177889378
25750,LOF,0.08214975020196726,0.07937810308259614,0.8384721467154366
25751,LOF,0.10235693995981378,0.08413213738920988,0.8135109226509764
25752,GOF,0.11124974321006151,0.6657309339752915,0.22301932281464687
25753,LOF,0.01945994734937692,0.27041833620785216,0.710121716442771
25754,GOF,0.01157291334950926,0.7894973763737678,0.1989297102767228
25755,LOF,0.022069398675536395,0.3828215676846011,0.5951090336398625
25756,LOF,0.0421420823540185,0.3630144452354047,0.5948434724105768
25757,GOF,0.013243003275597715,0.8255525410711005,0.1612044556533016
25758,GOF,0.026766164184255814,0.7979635618770361,0.1752702739387082
25759,GOF,0.01051147361054622,0.5694627394357576,0.4200257869536961
25760,LOF,0.011268316356873089,0.24365240565266927,0.7450792779904576
25761,GOF,0.2720082626231702,0.6469637819894807,0.0810279553873491
25762,LOF,0.038106539710284125,0.26741319444668443,0.6944802658430315
25763,LOF,0.012711236625197934,0.1981725134265429,0.7891162499482592
25764,GOF,0.0765452337071238,0.6409303252092307,0.2825244410836456
25765,GOF,0.03607257470089015,0.7460829852033796,0.2178444400957303
25766,GOF,0.06389545011722571,0.7612320348954815,0.1748725149872929
25767,GOF,0.14656771654977135,0.5451743187154574,0.3082579647347712
25768,LOF,0.10704463019806003,0.0682656345280022,0.8246897352739377
25769,LOF,0.058258426778739464,0.06836333217025978,0.8733782410510007
25770,LOF,0.32090626035344394,0.09346987387727826,0.5856238657692777
25771,LOF,0.041259424911494244,0.05075125611134998,0.9079893189771557
25772,LOF,0.018663584536110375,0.04230419600915083,0.9390322194547388
25773,LOF,0.04282106759658972,0.10447109378890754,0.8527078386145028
25774,LOF,0.027059384885590707,0.07433637554169577,0.8986042395727135
25775,LOF,0.048897252685538586,0.05089196636817826,0.900210780946283
25776,LOF,0.07486759629989698,0.02710544565769223,0.8980269580424108
25777,LOF,0.36636678934110617,0.05975923360078746,0.5738739770581063
25778,LOF,0.07320891612573988,0.049465870249843794,0.8773252136244164
25779,GOF,0.37800345125953516,0.5732154699861635,0.04878107875430132
25780,GOF,0.31779138118947164,0.6104849207778982,0.07172369803263011
25781,GOF,0.15486078267714043,0.734276662738999,0.11086255458386039
25782,GOF,0.21849965813991518,0.6982216755632487,0.08327866629683622
25783,GOF,0.021191132412228857,0.5862044843616326,0.39260438322613855
25784,Neutral,0.515406968363832,0.441998956914642,0.042594074721525946
25785,GOF,0.46222959796682334,0.4929314629844326,0.04483893904874411
25786,GOF,0.02838391553910944,0.7365896217049547,0.23502646275593583
25787,Neutral,0.6487146691632456,0.3250297008675722,0.026255629969182286
25788,LOF,0.05433264578211718,0.1070985064261443,0.8385688477917386
25789,GOF,0.21417090454668758,0.6587683710093454,0.127060724443967
25790,GOF,0.2256814194499315,0.6684175054847481,0.10590107506532041
25791,GOF,0.18608827844420311,0.6573949998052631,0.15651672175053388
25792,GOF,0.4003785044475412,0.4836979632156088,0.11592353233685003
25793,GOF,0.2579084978036652,0.553658815506866,0.1884326866894688
25794,GOF,0.2745823158568192,0.5386876749760459,0.18673000916713506
25795,GOF,0.08133904142428834,0.678033311395729,0.2406276471799826
25796,Neutral,0.5569939380380059,0.3555313103121404,0.08747475164985376
25797,GOF,0.08406495417699496,0.5301360185661014,0.3857990272569036
25798,LOF,0.008767972995747457,0.4913594069304547,0.49987262007379774
25799,LOF,0.007178917675536846,0.3672332236787583,0.6255878586457048
25800,GOF,0.03403667828895515,0.5598884286572632,0.4060748930537816
25801,GOF,0.2149119767254744,0.6456869515117716,0.139401071762754
25802,GOF,0.08587677815347176,0.6480372479019442,0.26608597394458394
25803,GOF,0.03665748288114586,0.5470717858492332,0.4162707312696209
25804,LOF,0.031093422132002703,0.45768954129089634,0.5112170365771009
25805,GOF,0.09733610425996357,0.5496369556016799,0.35302694013835667
25806,GOF,0.10418630507816894,0.574052316812795,0.32176137810903604
25807,GOF,0.01907020002578346,0.5948047552796386,0.3861250446945778
25808,GOF,0.08831134178579944,0.6109463210622014,0.30074233715199916
25809,GOF,0.01944738597085383,0.5605542540375342,0.41999835999161206
25810,GOF,0.017025841777156773,0.5877694156350302,0.39520474258781313
25811,Neutral,0.4632491841562084,0.45403979172386916,0.08271102411992251
25812,GOF,0.03068556160851817,0.6287634655683176,0.3405509728231643
25813,Neutral,0.5058751217525876,0.39122300107194524,0.10290187717546706
25814,GOF,0.11553084958972298,0.644075709785067,0.24039344062521
25815,GOF,0.17381568171487735,0.6442902198028282,0.18189409848229438
25816,GOF,0.020806130157767593,0.6857067436212456,0.29348712622098677
25817,GOF,0.20816225306387226,0.6604701675384597,0.13136757939766805
25818,GOF,0.05723793271844033,0.6223369101086542,0.3204251571729054
25819,GOF,0.34748251605082076,0.5115752745509938,0.1409422093981854
25820,GOF,0.1873664336819128,0.6037360051099565,0.20889756120813072
25821,GOF,0.060667376440831866,0.6564687165215435,0.28286390703762476
25822,GOF,0.2061926339290838,0.5733044022757466,0.22050296379516962
25823,GOF,0.035959058123877875,0.5130847697273989,0.4509561721487233
25824,GOF,0.09054196260364486,0.5767576037085076,0.3327004336878476
25825,GOF,0.037572243864623184,0.563579077413297,0.3988486787220798
25826,GOF,0.014228446862585358,0.5333308343604349,0.4524407187769796
25827,GOF,0.023803953044182445,0.591737438413273,0.38445860854254454
25828,GOF,0.012210047136300459,0.5018098851922655,0.485980067671434
25829,GOF,0.005792250086003629,0.5557934597043598,0.4384142902096365
25830,LOF,0.03188736754764754,0.2863191138413033,0.681793518611049
25831,GOF,0.20834458655336952,0.6461043914690944,0.14555102197753597
25832,GOF,0.03260463437301763,0.6498481066764794,0.3175472589505029
25833,GOF,0.1245994027405287,0.6782449088284578,0.19715568843101355
25834,GOF,0.03535315915344907,0.6515260945658928,0.31312074628065795
25835,GOF,0.08200792777841773,0.7189306248487459,0.1990614473728364
25836,GOF,0.03509808452637383,0.6502782662296915,0.31462364924393466
25837,GOF,0.024790316078066525,0.5465700560885125,0.42863962783342097
25838,GOF,0.09330789207957182,0.7430438061283773,0.16364830179205084
25839,GOF,0.28126842685764386,0.5611049821021608,0.15762659104019527
25840,GOF,0.22427381545623845,0.6029834039583943,0.17274278058536724
25841,GOF,0.22370940575763598,0.6160806497154729,0.1602099445268911
25842,GOF,0.18426978746146702,0.6698130869550177,0.14591712558351524
25843,GOF,0.2523381717845299,0.6498836121255795,0.09777821608989062
25844,GOF,0.06977338285733739,0.6800426113181317,0.2501840058245309
25845,LOF,0.015504473560138208,0.4421029576801638,0.542392568759698
25846,GOF,0.12832631248538096,0.6981557218970356,0.17351796561758337
25847,GOF,0.11691633405166915,0.7547284942401068,0.1283551717082241
25848,GOF,0.04551447426656034,0.6867760991548977,0.26770942657854185
25849,GOF,0.01155843384256903,0.5600693148430093,0.42837225131442164
25850,GOF,0.02091504801446884,0.6298689935189511,0.3492159584665801
25851,GOF,0.016791217610428136,0.513768797570905,0.4694399848186668
25852,GOF,0.15506612935831596,0.5603148729567738,0.28461899768491006
25853,GOF,0.35498830833581585,0.574764759359974,0.07024693230421021
25854,GOF,0.020182335987117463,0.6159958330707829,0.3638218309420996
25855,GOF,0.03686128043653938,0.5511888523180554,0.4119498672454052
25856,GOF,0.2422570639321879,0.5520566772854567,0.20568625878235539
25857,LOF,0.034796965641995616,0.47791215227017075,0.4872908820878335
25858,GOF,0.019046330979397712,0.5227461728017412,0.45820749621886103
25859,GOF,0.009415032193344271,0.5000243785036571,0.4905605893029986
25860,GOF,0.3493071784451578,0.5727931766302156,0.07789964492462666
25861,GOF,0.40028861596940385,0.5188757953100398,0.08083558872055642
25862,GOF,0.09932016367385402,0.7585599896025592,0.14211984672358682
25863,GOF,0.08983646559962623,0.7676217001767535,0.14254183422362035
25864,GOF,0.1902843976453751,0.7254755455726593,0.08424005678196571
25865,GOF,0.08598061916824944,0.7925496578405589,0.1214697229911917
25866,GOF,0.06918438307075048,0.7885490146685724,0.14226660226067703
25867,GOF,0.09276608386946222,0.8019478451363852,0.10528607099415264
25868,GOF,0.2665010394032065,0.634057583062034,0.09944137753475951
25869,Neutral,0.7054197510483684,0.2565869561019661,0.03799329284966543
25870,LOF,0.2756568625839363,0.3530253014594736,0.3713178359565901
25871,GOF,0.22486549703922573,0.6196052646873801,0.15552923827339427
25872,GOF,0.08421498258982035,0.6229036357076148,0.29288138170256484
25873,GOF,0.12556207799669863,0.6602586718253403,0.21417925017796124
25874,LOF,0.01732805866524018,0.1197359939708146,0.8629359473639452
25875,LOF,0.10242849372116203,0.027815354721338933,0.8697561515574991
25876,LOF,0.03377154684532437,0.02684407909073931,0.9393843740639364
25877,Neutral,0.496267142410371,0.03855215954767448,0.4651806980419546
25878,LOF,0.21194138943938662,0.07019109242764876,0.7178675181329647
25879,LOF,0.09806976287822827,0.06911886806362989,0.8328113690581419
25880,LOF,0.02430344638351535,0.014667318391237947,0.9610292352252466
25881,LOF,0.1565827700830244,0.11484154482091581,0.7285756850960599
25882,LOF,0.06546772333417351,0.015639130540149485,0.918893146125677
25883,LOF,0.07930984941155025,0.020663824807354198,0.9000263257810954
25884,LOF,0.03374623786020911,0.029835518424941504,0.9364182437148495
25885,LOF,0.06064554162129867,0.012183182388795231,0.9271712759899062
25886,LOF,0.25155570221916057,0.037951062983739556,0.7104932347970999
25887,LOF,0.15827534746012992,0.06498253956429026,0.7767421129755798
25888,LOF,0.07189323059631475,0.06195826384683471,0.8661485055568505
25889,LOF,0.041928020911434334,0.020776931282246038,0.9372950478063197
25890,LOF,0.050680173155408785,0.14848593145464267,0.8008338953899485
25891,LOF,0.04137246826146028,0.051924173867533105,0.9067033578710066
25892,LOF,0.09505708679203705,0.02026026824700373,0.8846826449609593
25893,LOF,0.2631719390873135,0.017503601982745146,0.7193244589299413
25894,LOF,0.18136630393004685,0.010132531204217437,0.8085011648657356
25895,LOF,0.2099817972670496,0.018463802388316086,0.7715544003446342
25896,LOF,0.05046745719203996,0.020256176889551926,0.929276365918408
25897,LOF,0.26365987047145983,0.011458039685107795,0.7248820898434324
25898,Neutral,0.6929023993005585,0.00839744156719565,0.29870015913224574
25899,LOF,0.19927351979307992,0.01791677480164512,0.782809705405275
25900,LOF,0.44170684405089355,0.013275014458507092,0.5450181414905992
25901,LOF,0.0453847036297504,0.01115765431766201,0.9434576420525876
25902,LOF,0.14888217306072243,0.011565070331449179,0.8395527566078285
25903,Neutral,0.5703405325307395,0.024499029619636306,0.40516043784962424
25904,LOF,0.27778391462372953,0.04225669065463929,0.6799593947216311
25905,LOF,0.022218062246792437,0.3547184764996367,0.6230634612535708
25906,LOF,0.03291023302862457,0.07970861194417544,0.8873811550272
25907,LOF,0.014329714167180638,0.3804984289876783,0.605171856845141
25908,LOF,0.009566019446472729,0.2816925005832121,0.7087414799703152
25909,LOF,0.012852815562361581,0.1482176949804204,0.8389294894572181
25910,LOF,0.04965706827914118,0.12704839357756376,0.823294538143295
25911,LOF,0.18404591311331353,0.01974884108918205,0.7962052457975044
25912,LOF,0.05220662733237212,0.03819977372630255,0.9095935989413254
25913,LOF,0.33078901901255375,0.01816323206855735,0.6510477489188888
25914,LOF,0.020144115554818178,0.06705386186792091,0.912802022577261
25915,Neutral,0.5620678659830386,0.19682382289539033,0.24110831112157108
25916,LOF,0.089917421945309,0.2412236778927776,0.6688589001619134
25917,LOF,0.06595105646252837,0.04949685480435913,0.8845520887331125
25918,LOF,0.02470679297095983,0.045982932715777705,0.9293102743132625
25919,LOF,0.0209872959695675,0.05146608502740477,0.9275466190030277
25920,GOF,0.090952740428896,0.5276949050027264,0.3813523545683775
25921,LOF,0.021014349981993443,0.03854233612438533,0.9404433138936212
25922,LOF,0.028211445742237905,0.027300739730711406,0.9444878145270506
25923,LOF,0.41352886404677575,0.03283087408870526,0.553640261864519
25924,LOF,0.03300259920413924,0.042939234545187464,0.9240581662506733
25925,LOF,0.06446813649981072,0.03672363367895785,0.8988082298212315
25926,LOF,0.04536129270395877,0.03263955431830239,0.9219991529777388
25927,LOF,0.05815855458300545,0.10680004404379027,0.8350414013732043
25928,LOF,0.01724376389551629,0.046221797729800146,0.9365344383746836
25929,Neutral,0.5399752673019981,0.035134943986559135,0.4248897887114429
25930,LOF,0.048281438860236135,0.030259967917261547,0.9214585932225023
25931,LOF,0.022215163177187067,0.02798582868937542,0.9497990081334374
25932,LOF,0.025031540471173164,0.02480403316983963,0.9501644263589871
25933,LOF,0.03411911949608856,0.017990953974297383,0.947889926529614
25934,LOF,0.02239624684951988,0.022352212406565434,0.9552515407439147
25935,LOF,0.05570132256770511,0.04643323360714836,0.8978654438251465
25936,LOF,0.04181813673922678,0.023068523867545217,0.935113339393228
25937,LOF,0.023791224599516873,0.03433322364911746,0.9418755517513657
25938,LOF,0.05770156308374963,0.048416153953468294,0.893882282962782
25939,LOF,0.03859907352940312,0.019709437879365424,0.9416914885912314
25940,LOF,0.02518822359714728,0.37134654144057716,0.6034652349622756
25941,LOF,0.18713080066247634,0.09991036046036823,0.7129588388771554
25942,LOF,0.015491659321458066,0.03363888858424674,0.9508694520942952
25943,LOF,0.3026651445109421,0.06253840032493231,0.6347964551641255
25944,Neutral,0.48721870115250404,0.027282601450432847,0.48549869739706314
25945,LOF,0.06580236710952406,0.024656964953698478,0.9095406679367775
25946,LOF,0.02479494263929681,0.12020993601181885,0.8549951213488843
25947,LOF,0.09930965023138032,0.2566009682188498,0.6440893815497698
25948,LOF,0.4069859587267979,0.008245998600750527,0.5847680426724516
25949,LOF,0.11305258182534614,0.03270620986791437,0.8542412083067394
25950,GOF,0.2968044476061573,0.395141345044264,0.3080542073495787
25951,LOF,0.241482571018952,0.2484379082022698,0.5100795207787782
25952,LOF,0.04510709316377849,0.446863112285674,0.5080297945505475
25953,LOF,0.16811723760004074,0.09055158090180904,0.7413311814981501
25954,Neutral,0.4858401270145209,0.15854161273474426,0.3556182602507348
25955,LOF,0.05901001720860061,0.08326361151730863,0.8577263712740907
25956,LOF,0.17040124636800547,0.11784062446747413,0.7117581291645203
25957,LOF,0.037797788624106536,0.03293833944501191,0.9292638719308816
25958,LOF,0.06171577507791425,0.03000708872751039,0.9082771361945754
25959,LOF,0.06941666552059356,0.39282616736389064,0.5377571671155158
25960,LOF,0.01788598498863863,0.05595492199538309,0.9261590930159783
25961,LOF,0.05171649037758623,0.03214117004504123,0.9161423395773726
25962,LOF,0.05568977494260362,0.026962084771661295,0.9173481402857352
25963,LOF,0.05023228072228063,0.18794822456336185,0.7618194947143575
25964,LOF,0.039434646636420385,0.14952258035720115,0.8110427730063785
25965,Neutral,0.4772188991483858,0.07273347567415357,0.4500476251774607
25966,Neutral,0.5328137020752636,0.17458361311585646,0.29260268480887985
25967,LOF,0.016473257614293618,0.10389991590988938,0.8796268264758169
25968,LOF,0.03369903973489589,0.39719968765020663,0.5691012726148974
25969,LOF,0.031135848277546768,0.05731088962675841,0.9115532620956949
25970,LOF,0.0616117576940511,0.06721239877664122,0.8711758435293078
25971,LOF,0.07208793840116723,0.018333861418951467,0.9095782001798813
25972,LOF,0.07556526581591644,0.02539084201938815,0.8990438921646954
25973,LOF,0.07168707224355599,0.011478571841017847,0.9168343559154262
25974,LOF,0.19740275541914928,0.018804272459396698,0.783792972121454
25975,LOF,0.04119284277977856,0.03597527526374696,0.9228318819564746
25976,LOF,0.04109884893954235,0.018509479809673688,0.9403916712507839
25977,LOF,0.15240920767254854,0.09240283497527257,0.7551879573521789
25978,LOF,0.14398036404408165,0.059115635964495296,0.796903999991423
25979,LOF,0.13897433139798532,0.05941048994207852,0.8016151786599363
25980,LOF,0.2081284599000745,0.07490163989319927,0.7169699002067262
25981,LOF,0.23624473230199275,0.07303077109319706,0.6907244966048102
25982,LOF,0.4186528495316612,0.04559639393064898,0.5357507565376899
25983,LOF,0.3902958166800609,0.05244375077777491,0.5572604325421642
25984,LOF,0.052320380232568034,0.04587173710604575,0.9018078826613863
25985,LOF,0.03501674192112373,0.22968965031569408,0.7352936077631822
25986,LOF,0.04478349620234926,0.2670164990527498,0.6882000047449008
25987,LOF,0.08096932974102032,0.062316255188725245,0.8567144150702544
25988,LOF,0.1461053228348007,0.051547737339654585,0.8023469398255446
25989,LOF,0.029954533416307293,0.09669943147186949,0.8733460351118232
25990,LOF,0.040674939749970586,0.11608471410875265,0.8432403461412769
25991,LOF,0.11832036866927464,0.3268855362526115,0.5547940950781137
25992,LOF,0.31331285644185336,0.1832649391461684,0.5034222044119783
25993,LOF,0.02303236179005864,0.07759507469766544,0.8993725635122759
25994,LOF,0.017153454817745408,0.1074034905431311,0.8754430546391235
25995,LOF,0.0252170161549559,0.2263573571510552,0.7484256266939889
25996,GOF,0.285810291584079,0.4744248118229511,0.23976489659296985
25997,LOF,0.07250313381264858,0.46207905621179896,0.46541780997555243
25998,Neutral,0.56239861488097,0.022539969121599782,0.41506141599743024
25999,LOF,0.10493732792198758,0.08785535558924726,0.8072073164887651
26000,LOF,0.1734796832832622,0.053490965213785414,0.7730293515029524
26001,LOF,0.18709733643247886,0.05015546948981749,0.7627471940777036
26002,LOF,0.1283898675176152,0.050551108549876614,0.8210590239325082
26003,GOF,0.010522394764617402,0.5960675514147822,0.3934100538206005
26004,GOF,0.018319129356302394,0.6767136511704795,0.3049672194732181
26005,LOF,0.007175969851752106,0.46298814980965847,0.5298358803385894
26006,Neutral,0.5348863386942719,0.25140433216120955,0.21370932914451857
26007,GOF,0.020637221984687763,0.5564002205314171,0.4229625574838951
26008,GOF,0.01670229601728399,0.6564051849669049,0.3268925190158113
26009,GOF,0.021336346916550973,0.6840867276621205,0.29457692542132846
26010,GOF,0.02338473458568626,0.6730658717052624,0.3035493937090513
26011,LOF,0.006537184429929041,0.45843636117876824,0.5350264543913027
26012,GOF,0.012591809176812773,0.5693303593237116,0.4180778314994756
26013,GOF,0.018175750007135366,0.6417791242260984,0.34004512576676627
26014,LOF,0.04657371246923042,0.10165540851275634,0.8517708790180133
26015,LOF,0.17704116063161635,0.010049369634311002,0.8129094697340726
26016,LOF,0.2125786344234326,0.05813097347156706,0.7292903921050002
26017,LOF,0.2285812757636404,0.0972189154937959,0.6741998087425638
26018,LOF,0.08775728253158932,0.028350808486710295,0.8838919089817003
26019,LOF,0.0823892854644617,0.022497565716744727,0.8951131488187936
26020,LOF,0.07406448085177139,0.10491378161035635,0.8210217375378722
26021,LOF,0.04607980062132234,0.10461825295017169,0.8493019464285059
26022,LOF,0.01103326996516496,0.034342395094068896,0.954624334940766
26023,LOF,0.09989296540529141,0.019931038644015558,0.880175995950693
26024,LOF,0.03279228932385884,0.10662614206218525,0.8605815686139558
26025,LOF,0.1587840909326655,0.08904998351661707,0.7521659255507174
26026,LOF,0.328315597675478,0.027026491702417683,0.6446579106221043
26027,LOF,0.07936943934287663,0.015419040935829527,0.9052115197212939
26028,LOF,0.1815673176824831,0.06042543936115785,0.7580072429563591
26029,LOF,0.061454613639093464,0.21949859842753533,0.7190467879333712
26030,LOF,0.021626232788403348,0.07000723966347296,0.9083665275481237
26031,LOF,0.026208949687628946,0.15369122694926024,0.8200998233631107
26032,LOF,0.06113475454002643,0.08134236386095192,0.8575228815990217
26033,LOF,0.10613558842377985,0.09634121201551256,0.7975231995607076
26034,LOF,0.043630563828273114,0.18747903717183856,0.7688903989998883
26035,LOF,0.02447156070675718,0.16061454382160914,0.8149138954716336
26036,LOF,0.03688386621353436,0.1922090853248521,0.7709070484616135
26037,LOF,0.020454781315574974,0.1346677642630396,0.8448774544213855
26038,LOF,0.0570110390570662,0.08305022907972842,0.8599387318632055
26039,LOF,0.04987470250701481,0.16506794673074535,0.7850573507622399
26040,LOF,0.17362102726545478,0.15505213567717666,0.6713268370573686
26041,LOF,0.022051238261840595,0.13058198992353634,0.8473667718146229
26042,LOF,0.020543091411255456,0.12070594073795439,0.8587509678507901
26043,LOF,0.05714444481919401,0.09343357628830302,0.849421978892503
26044,LOF,0.018842840684353677,0.08494737413732388,0.8962097851783225
26045,LOF,0.06815866716471222,0.11602177723985696,0.8158195555954308
26046,LOF,0.05857237017398485,0.09251682859012858,0.8489108012358866
26047,LOF,0.08001013109658472,0.09638941004006903,0.8236004588633462
26048,LOF,0.04593759102324613,0.04376933986360431,0.9102930691131496
26049,Neutral,0.9604366067651358,0.007702342071503751,0.03186105116336066
26050,Neutral,0.9443719949500402,0.010001104759156871,0.04562690029080292
26051,LOF,0.04816214627271463,0.25345594052646503,0.6983819132008203
26052,LOF,0.0629006249019763,0.29827082511469166,0.6388285499833322
26053,LOF,0.05025671503901447,0.13088030427600414,0.8188629806849813
26054,LOF,0.05275930367081056,0.01545699696031981,0.9317836993688695
26055,LOF,0.07551008191185848,0.0134643378397342,0.9110255802484072
26056,LOF,0.06361389921831859,0.014755131115488053,0.9216309696661933
26057,LOF,0.02827840710553721,0.01096499755890361,0.9607565953355592
26058,LOF,0.029331101505314552,0.008983219810221247,0.9616856786844642
26059,LOF,0.29643414593830936,0.02178334177635816,0.6817825122853324
26060,LOF,0.03968178498563308,0.15519081470079038,0.8051274003135765
26061,LOF,0.017795898588223683,0.009790752999247837,0.9724133484125285
26062,LOF,0.011044367663963684,0.015565060308954087,0.9733905720270822
26063,LOF,0.022601597657176304,0.011093573715397995,0.9663048286274257
26064,LOF,0.02110042603509626,0.018101405420222618,0.960798168544681
26065,LOF,0.025072036815025536,0.009355294499045241,0.9655726686859293
26066,LOF,0.021273178431942097,0.01059897027904653,0.9681278512890114
26067,LOF,0.0276563860207407,0.008057704771169204,0.9642859092080901
26068,LOF,0.04687295953447156,0.02593099689339111,0.9271960435721374
26069,LOF,0.25352841779912927,0.016581324934712236,0.7298902572661585
26070,LOF,0.39168280164408176,0.015422997978163554,0.5928942003777546
26071,LOF,0.02418875501760921,0.011222927699969925,0.9645883172824208
26072,LOF,0.02142507912232211,0.014265133526724235,0.9643097873509537
26073,LOF,0.02455651998069918,0.009623458232934742,0.9658200217863661
26074,Neutral,0.9201423419472751,0.0052120676758484865,0.07464559037687646
26075,LOF,0.045252938050840893,0.01328633521822422,0.9414607267309348
26076,LOF,0.04658703009321646,0.008619769830833712,0.9447932000759498
26077,LOF,0.01057235235866975,0.016084137067699317,0.9733435105736309
26078,LOF,0.013219619982250881,0.010513811737329131,0.97626656828042
26079,LOF,0.05949863222279684,0.01481129961963872,0.9256900681575644
26080,LOF,0.05833299626832367,0.014863173545696452,0.92680383018598
26081,LOF,0.03589870320317444,0.0058063723187204005,0.9582949244781053
26082,LOF,0.015021679745491621,0.01431130849037579,0.9706670117641326
26083,LOF,0.13007943261439986,0.012237128308417907,0.8576834390771823
26084,LOF,0.029434429987476796,0.010857942445975162,0.9597076275665481
26085,LOF,0.025669290924730047,0.010318274028435973,0.964012435046834
26086,LOF,0.024309350445490784,0.010940630768677158,0.9647500187858321
26087,LOF,0.028487806131626738,0.007446388530068199,0.9640658053383051
26088,LOF,0.01650599347200018,0.022643224990271472,0.9608507815377284
26089,LOF,0.045513343526369564,0.019196043108210582,0.9352906133654199
26090,LOF,0.04489708451792401,0.014954472405536934,0.9401484430765391
26091,LOF,0.0394602506841091,0.005675568007239472,0.9548641813086515
26092,LOF,0.026860105750926278,0.007319772066914118,0.9658201221821595
26093,LOF,0.039941226901864094,0.005639968872217012,0.954418804225919
26094,LOF,0.04397322543223825,0.005737914708075352,0.9502888598596864
26095,LOF,0.04532199863782782,0.01124323629222792,0.9434347650699443
26096,LOF,0.0189101927642855,0.010698618504290651,0.9703911887314239
26097,LOF,0.01237398339866,0.029524625594557652,0.9581013910067824
26098,LOF,0.07412947896400812,0.008936987058709359,0.9169335339772825
26099,LOF,0.024989261081447944,0.010549223121809524,0.9644615157967424
26100,LOF,0.026836710463457484,0.010375367555296637,0.9627879219812459
26101,LOF,0.05627123479952386,0.013553369031834286,0.9301753961686419
26102,LOF,0.024569243828870355,0.012442061803250271,0.9629886943678794
26103,Neutral,0.89009675561616,0.016675226331069836,0.09322801805277021
26104,LOF,0.08189035091170986,0.020318258809106458,0.8977913902791836
26105,LOF,0.22718527444753903,0.30235339055333543,0.4704613349991255
26106,LOF,0.20793297581208647,0.11448222692299742,0.6775847972649162
26107,LOF,0.24972574434438455,0.08462973623153056,0.665644519424085
26108,LOF,0.26260503553217807,0.11106907815778395,0.6263258863100379
26109,LOF,0.09997222985445513,0.05554592573965156,0.8444818444058934
26110,LOF,0.2548252404981545,0.007853090667103449,0.7373216688347421
26111,Neutral,0.49548367960029194,0.024137071072868263,0.48037924932683984
26112,LOF,0.03603862549641185,0.007239341556139055,0.9567220329474491
26113,LOF,0.06086595800338348,0.0154082119268006,0.9237258300698159
26114,LOF,0.024899601894138222,0.02642032654509279,0.948680071560769
26115,LOF,0.0901897191242373,0.05039179138663381,0.8594184894891289
26116,LOF,0.06481268786103636,0.05408302034351057,0.8811042917954531
26117,LOF,0.41845725632824154,0.04626294058234101,0.5352798030894175
26118,LOF,0.03582027143488193,0.028772981483686438,0.9354067470814316
26119,LOF,0.0220534844659893,0.0378981225074424,0.9400483930265683
26120,LOF,0.029322194200796518,0.024128768254157076,0.9465490375450464
26121,LOF,0.03983412532660719,0.09238462924381201,0.8677812454295808
