feature0,prediction,LoGoFunc_Neutral,LoGoFunc_GOF,LoGoFunc_LOF
25546,Neutral,0.58915736991894,0.15634456852271114,0.25449806155834903
25547,Neutral,0.4533965273726295,0.2283619543272381,0.3182415183001324
25548,LOF,0.3712204824393834,0.23273326516370274,0.39604625239691393
25549,LOF,0.3387790760890735,0.22944790556113825,0.4317730183497882
25550,LOF,0.331271829559802,0.23632466264701418,0.43240350779318376
25551,LOF,0.246859984984293,0.23311560249689015,0.5200244125188168
25552,LOF,0.2248464545822349,0.2792965338698398,0.4958570115479253
25553,Neutral,0.7589059910338491,0.108026169399842,0.13306783956630885
25554,LOF,0.24876024485643441,0.21992674439689192,0.5313130107466737
25555,LOF,0.2010576807822758,0.2210873559096122,0.577854963308112
25556,LOF,0.3596607265537804,0.21526428681512627,0.4250749866310933
25557,LOF,0.18137724003182656,0.26226458926965796,0.5563581706985156
25558,LOF,0.22326282967749023,0.28168255085344013,0.4950546194690696
25559,LOF,0.2551491037618528,0.07168877416821275,0.6731621220699344
25560,LOF,0.07219242574572603,0.1877943502410889,0.740013224013185
25561,LOF,0.05711915616976124,0.3119215766341055,0.6309592671961333
25562,LOF,0.03812275535726942,0.11934044939359816,0.8425367952491325
25563,LOF,0.008375916813934885,0.22601095887906628,0.7656131243069988
25564,LOF,0.06244433652966019,0.061511467134135585,0.8760441963362042
25565,LOF,0.1786179667855726,0.11159557433361772,0.7097864588808097
25566,GOF,0.07044367798701565,0.6619395541272005,0.26761676788578387
25567,LOF,0.04426190473154239,0.07185665471982976,0.8838814405486278
25568,LOF,0.07899133131664733,0.05920649176571668,0.8618021769176359
25569,LOF,0.0684470183221253,0.05793166020510924,0.8736213214727655
25570,LOF,0.024841000379417746,0.08320868145012847,0.8919503181704539
25571,LOF,0.024819834071237085,0.07791708398709066,0.8972630819416723
25572,LOF,0.03995803458571536,0.07522670152366115,0.8848152638906234
25573,LOF,0.07087904706952661,0.09888100197192665,0.8302399509585467
25574,LOF,0.09362146939456722,0.230397816919876,0.6759807136855568
25575,LOF,0.024471360474031704,0.08325334158988294,0.8922752979360854
25576,LOF,0.020201238230723603,0.11600723549734182,0.8637915262719347
25577,LOF,0.02432448686767393,0.08142321327667612,0.89425229985565
25578,LOF,0.30173456109067215,0.07330858139159911,0.6249568575177288
25579,LOF,0.30225021901750615,0.07151179655697652,0.6262379844255174
25580,LOF,0.028381945757945715,0.07195643636710738,0.899661617874947
25581,LOF,0.04359024458346517,0.09801421317136862,0.8583955422451662
25582,LOF,0.04359024458346517,0.09801421317136862,0.8583955422451662
25583,LOF,0.029757026933785277,0.0756706100914479,0.8945723629747668
25584,Neutral,0.8017591569549825,0.04734885792668181,0.15089198511833568
25585,LOF,0.0286848393640491,0.0698169330121175,0.9014982276238335
25586,LOF,0.025148342767423004,0.07852662082219071,0.8963250364103863
25587,LOF,0.02599978685069977,0.07988703344181779,0.8941131797074824
25588,LOF,0.03070794717314182,0.05824678340672417,0.911045269420134
25589,Neutral,0.6505866555831549,0.14392461210928265,0.2054887323075624
25590,LOF,0.0671399845054689,0.07362033753785971,0.8592396779566713
25591,LOF,0.12670997663245737,0.04791952776664576,0.8253704956008968
25592,LOF,0.1018696159160042,0.13315855653424943,0.7649718275497464
25593,LOF,0.140807362122802,0.3134200714843544,0.5457725663928435
25594,LOF,0.04239073551272717,0.06062912310897164,0.8969801413783012
25595,LOF,0.05026385308249662,0.0430469466863761,0.9066892002311273
25596,LOF,0.12769199887877183,0.019752957117266705,0.8525550440039614
25597,LOF,0.09272315777201975,0.007803627518466018,0.8994732147095142
25598,LOF,0.05168872785021225,0.0399443654763042,0.9083669066734835
25599,GOF,0.030401013426897706,0.5084427006396771,0.4611562859334251
25600,GOF,0.19513765138209885,0.45339401576798616,0.3514683328499149
25601,LOF,0.0638360711865413,0.2565772518662908,0.6795866769471678
25602,LOF,0.048448485249873836,0.06354125493738025,0.888010259812746
25603,LOF,0.07047090303049375,0.04795502708114598,0.8815740698883602
25604,LOF,0.07788811793554955,0.1311029274758571,0.7910089545885933
25605,LOF,0.10185476177617508,0.1601184286728602,0.7380268095509648
25606,Neutral,0.6125901429337948,0.1704896615060382,0.21692019556016723
25607,LOF,0.04665551001973282,0.1517199353906936,0.8016245545895736
25608,LOF,0.059514485920597084,0.10421105310193832,0.8362744609774646
25609,GOF,0.1844939693950314,0.5284574556105105,0.287048574994458
25610,LOF,0.01394702439933814,0.11758569360759295,0.8684672819930689
25611,LOF,0.013487974061651989,0.11238374840996666,0.8741282775283813
25612,LOF,0.0578417761697803,0.10554546913529858,0.8366127546949211
25613,LOF,0.05054950389767925,0.12246908674308556,0.8269814093592353
25614,LOF,0.021892673740961648,0.11811219900622484,0.8599951272528136
25615,LOF,0.04349896933041261,0.12183963620927757,0.8346613944603097
25616,LOF,0.05000034729916716,0.10732814305778131,0.8426715096430516
25617,LOF,0.04973071150353266,0.11265512899702919,0.8376141594994381
25618,LOF,0.04725961051893428,0.44452036472804307,0.5082200247530227
25619,LOF,0.012160117121144268,0.24702025778573433,0.7408196250931214
25620,LOF,0.044902051782261906,0.10833632033931342,0.8467616278784247
25621,LOF,0.08255976098533327,0.10700686305682876,0.8104333759578379
25622,LOF,0.07812285729458611,0.09067035647467052,0.8312067862307433
25623,LOF,0.060835179650450204,0.08346148500060387,0.8557033353489458
25624,LOF,0.020952521252969127,0.1416539120416932,0.8373935667053376
25625,LOF,0.054777622202073516,0.08151025001094284,0.8637121277869837
25626,LOF,0.03385831500272018,0.07632638970840203,0.8898152952888777
25627,Neutral,0.8688639355072849,0.039245547045390385,0.09189051744732465
25628,LOF,0.17356430067966402,0.09340474458501515,0.7330309547353208
25629,LOF,0.0727589810702176,0.08098794346112041,0.846253075468662
25630,LOF,0.2542911002884792,0.07353165433819026,0.6721772453733307
25631,LOF,0.46060347544357916,0.06072901216128026,0.4786675123951406
25632,LOF,0.024171593106314882,0.034951738313169875,0.9408766685805152
25633,LOF,0.27356520707991155,0.01900101425525312,0.7074337786648353
25634,LOF,0.05407117073104641,0.03402099820697446,0.911907831061979
25635,LOF,0.03499715876631396,0.018873804482397175,0.9461290367512889
25636,GOF,0.02800571638126639,0.6612570312023958,0.3107372524163378
25637,GOF,0.03327768735416361,0.5326058918540384,0.4341164207917979
25638,GOF,0.019927387826272625,0.6177335231128002,0.36233908906092716
25639,LOF,0.025307156895421,0.4348245228241921,0.539868320280387
25640,Neutral,0.8794877802728375,0.07976416928986078,0.04074805043730172
25641,LOF,0.1130791408448311,0.26777148118464195,0.6191493779705269
25642,LOF,0.12939334781328063,0.16331820414153778,0.7072884480451817
25643,LOF,0.3605288389656024,0.1810147317681372,0.45845642926626057
25644,LOF,0.008009561156193093,0.49531786566196184,0.49667257318184527
25645,LOF,0.010914029741230569,0.4510741673896396,0.5380118028691299
25646,LOF,0.014395499307667432,0.3101609016849806,0.675443599007352
25647,LOF,0.010472290358351392,0.2104309718977386,0.7790967377439101
25648,LOF,0.013586091059088992,0.24714588070710763,0.7392680282338034
25649,LOF,0.008736730647214657,0.14764795410009032,0.8436153152526951
25650,LOF,0.025414966873230083,0.43032595767961895,0.544259075447151
25651,LOF,0.008709375284633832,0.2464067391489122,0.7448838855664539
25652,LOF,0.006232416241912227,0.42390042002311584,0.569867163734972
25653,LOF,0.02011478095260732,0.46880837113490365,0.5110768479124891
25654,LOF,0.006947589574538851,0.3621658243532465,0.6308865860722146
25655,GOF,0.06275809575478797,0.6477449191141396,0.2894969851310726
25656,LOF,0.19932914690062467,0.35600014390435136,0.4446707091950238
25657,LOF,0.031345712841134896,0.3891492254429876,0.5795050617158776
25658,LOF,0.15909505651599914,0.3850661512924604,0.4558387921915404
25659,GOF,0.22479584923966053,0.5447623085216482,0.23044184223869127
25660,LOF,0.015934207970675105,0.3121734314885747,0.6718923605407501
25661,LOF,0.046432766150847384,0.21751229080053366,0.736054943048619
25662,LOF,0.02096972304620891,0.11857331656282319,0.860456960390968
25663,LOF,0.01964331009419142,0.09900684847390227,0.8813498414319063
25664,LOF,0.056383420337437436,0.1886980240181396,0.7549185556444229
25665,LOF,0.03260023725940352,0.12696915821641394,0.8404306045241825
25666,LOF,0.052099377920519246,0.17505504176686784,0.7728455803126129
25667,LOF,0.048616128923447084,0.15459977117647197,0.7967840999000809
25668,LOF,0.018305183111229025,0.1657954940731322,0.8158993228156387
25669,LOF,0.017348554855140873,0.17344629587139962,0.8092051492734594
25670,LOF,0.08981905153846452,0.13092620144950756,0.7792547470120279
25671,LOF,0.0745218099164897,0.09259900282621437,0.8328791872572958
25672,LOF,0.027087888202863352,0.19889965743820825,0.7740124543589285
25673,LOF,0.07003956584257429,0.12724998797465173,0.8027104461827741
25674,LOF,0.057784367892858755,0.1588564933759937,0.7833591387311475
25675,LOF,0.04574109382329015,0.19527928281843393,0.758979623358276
25676,LOF,0.0156777891554579,0.14890195030455342,0.8354202605399887
25677,LOF,0.014457428228688519,0.22244480484586393,0.7630977669254476
25678,LOF,0.14939473665518752,0.17854843247958355,0.6720568308652288
25679,LOF,0.0993171238687013,0.14670268133339048,0.7539801947979082
25680,LOF,0.01574662613399181,0.2879802493197104,0.6962731245462979
25681,LOF,0.025124236034737173,0.2618413190272967,0.7130344449379661
25682,LOF,0.05663978603923145,0.14786908184724076,0.7954911321135277
25683,LOF,0.07132170559025855,0.12104263857868214,0.8076356558310593
25684,LOF,0.020102114702037006,0.16416120579461732,0.8157366795033457
25685,LOF,0.0940504606375606,0.21753534757008916,0.6884141917923502
25686,LOF,0.05116338225919007,0.3000324027511531,0.6488042149896568
25687,LOF,0.06481488772681468,0.3198874202164587,0.6152976920567266
25688,LOF,0.4114029640786143,0.038871378623294664,0.5497256572980911
25689,LOF,0.22271954140393802,0.03755999493568299,0.7397204636603789
25690,LOF,0.35065844688461595,0.03345764779876659,0.6158839053166174
25691,Neutral,0.7353938915076353,0.04155371901086462,0.2230523894815
25692,LOF,0.3780628857164354,0.014092815613810476,0.6078442986697542
25693,GOF,0.07797759777962955,0.5413528267543224,0.3806695754660482
25694,LOF,0.08912729267971078,0.027265885014071827,0.8836068223062175
25695,LOF,0.10456434131282959,0.01694635011829684,0.8784893085688736
25696,LOF,0.09503231439270546,0.03595278573067544,0.8690148998766191
25697,LOF,0.05106491805289503,0.23281377054717084,0.7161213113999341
25698,LOF,0.3028584522927337,0.20300840527145983,0.4941331424358064
25699,LOF,0.35561975135141943,0.2419498655755184,0.40243038307306217
25700,LOF,0.06804898584927982,0.038851554020411704,0.8930994601303084
25701,LOF,0.18220295068723769,0.14116427588839273,0.6766327734243696
25702,GOF,0.10552470054284477,0.7983055469153769,0.09616975254177824
25703,LOF,0.011734191180558642,0.37187966682933216,0.6163861419901092
25704,LOF,0.017659869965495956,0.27491242959777884,0.7074277004367252
25705,LOF,0.025276691360929793,0.16240427719774453,0.8123190314413257
25706,LOF,0.1639724898527281,0.4056731744112629,0.43035433573600906
25707,LOF,0.12186846872403759,0.39713413876990866,0.48099739250605383
25708,GOF,0.05179513546924902,0.4829404785510577,0.4652643859796934
25709,LOF,0.06663399644544768,0.09894090911244215,0.8344250944421102
25710,LOF,0.015665817502614195,0.16762343670003538,0.8167107457973504
25711,LOF,0.019055831067292764,0.14103648630709167,0.8399076826256154
25712,LOF,0.015099303241943836,0.19135841429616243,0.7935422824618938
25713,LOF,0.020988425058591664,0.14396979063617216,0.8350417843052362
25714,LOF,0.06958799592691553,0.15327498120515787,0.7771370228679266
25715,LOF,0.013990480721729915,0.20495165253426098,0.781057866744009
25716,LOF,0.013565511461654835,0.1355850579259792,0.8508494306123658
25717,LOF,0.017723400285965286,0.08430718175284628,0.8979694179611885
25718,LOF,0.013504667428059147,0.10659809840600544,0.8798972341659355
25719,LOF,0.020721368484787964,0.1583681616560079,0.8209104698592042
25720,LOF,0.026231482325539596,0.08700905100703667,0.8867594666674238
25721,LOF,0.013356297646534832,0.18254615735252816,0.804097545000937
25722,LOF,0.014774208597365307,0.17822886087136092,0.8069969305312737
25723,LOF,0.02412498865265299,0.12875107537213457,0.8471239359752125
25724,LOF,0.05386579552841116,0.3084859119751209,0.6376482924964679
25725,LOF,0.013420122374831278,0.17662767136867094,0.8099522062564979
25726,LOF,0.014229354110374055,0.17861470558103595,0.80715594030859
25727,LOF,0.01680115533346297,0.16368402903884066,0.8195148156276963
25728,LOF,0.013299165279316823,0.20265566922448824,0.7840451654961949
25729,LOF,0.013928125659452348,0.2072726016228324,0.7787992727177153
25730,LOF,0.014729724622412725,0.206411324691079,0.7788589506865083
25731,LOF,0.01219250321129286,0.1213062575044435,0.8665012392842636
25732,LOF,0.014172614360500827,0.08815909678232091,0.8976682888571783
25733,LOF,0.013301071783887945,0.10391724796823086,0.8827816802478812
25734,LOF,0.01429981033102416,0.17019804181685097,0.8155021478521247
25735,LOF,0.013522859126760847,0.11383485542156017,0.872642285451679
25736,LOF,0.012731421021336427,0.12691484397218586,0.8603537350064777
25737,LOF,0.014562545749829672,0.156084004646046,0.8293534496041244
25738,LOF,0.015167311345647246,0.17973235936255938,0.8051003292917934
25739,LOF,0.02068486663654182,0.1387169506191139,0.8405981827443444
25740,LOF,0.03667856210236853,0.17448140780014826,0.7888400300974832
25741,LOF,0.01887452347461018,0.19279780448601003,0.7883276720393798
25742,LOF,0.09930207105387578,0.11603100163878605,0.7846669273073382
25743,LOF,0.025385354646993638,0.0546092672625915,0.9200053780904148
25744,Neutral,0.5592390839285323,0.2492546243552613,0.1915062917162064
25745,LOF,0.044501592346104075,0.15023317764726696,0.805265230006629
25746,LOF,0.023776125400648974,0.21769126174465225,0.7585326128546988
25747,LOF,0.014137373958457508,0.13889765572345794,0.8469649703180846
25748,LOF,0.07361112836051312,0.2269337244312088,0.699455147208278
25749,LOF,0.015273985831711535,0.2378023950931462,0.7469236190751423
25750,LOF,0.031092356408466817,0.19010671526541303,0.7788009283261201
25751,LOF,0.09278631299261071,0.20667622254302903,0.7005374644643603
25752,GOF,0.09422552149284609,0.6892995927619728,0.21647488574518103
25753,LOF,0.017301133085391576,0.41106406612943486,0.5716348007851735
25754,GOF,0.017701473254372786,0.7328600658785441,0.24943846086708316
25755,LOF,0.022271654927599027,0.34862748895398554,0.6291008561184154
25756,GOF,0.03015914454842388,0.5441156218695938,0.4257252335819823
25757,GOF,0.015912667996791422,0.8411747309603645,0.14291260104284392
25758,GOF,0.025334707360419803,0.8514581130873062,0.12320717955227399
25759,GOF,0.01702942970466416,0.6858855848196654,0.29708498547567047
25760,LOF,0.01601890097140675,0.4176915449267914,0.5662895541018018
25761,GOF,0.2010207450837755,0.731228158896266,0.06775109601995845
25762,LOF,0.03577891783288966,0.4628832294808185,0.5013378526862918
25763,LOF,0.011390971243378185,0.31398873778993,0.6746202909666918
25764,GOF,0.06537227933343871,0.7993907176030509,0.13523700306351039
25765,GOF,0.029763250882384566,0.8175403101479628,0.15269643896965246
25766,GOF,0.06473872633094734,0.8519305637732026,0.08333070989584997
25767,GOF,0.08426856446754336,0.6900085139883596,0.2257229215440971
25768,LOF,0.07365936243792037,0.11036505798115204,0.8159755795809275
25769,LOF,0.04952486627937036,0.0681772791838976,0.8822978545367322
25770,LOF,0.29747216427096723,0.06399853694047015,0.6385292987885627
25771,LOF,0.05646336749514592,0.03643529126002036,0.9071013412448338
25772,LOF,0.016794891414699913,0.05557138179768161,0.9276337267876185
25773,LOF,0.058515732702107304,0.03055522242866264,0.9109290448692301
25774,LOF,0.03157347559783785,0.09968470496257179,0.8687418194395905
25775,LOF,0.07313254031533932,0.02505981052277085,0.9018076491618897
25776,LOF,0.06287903562275875,0.031932892669411274,0.9051880717078299
25777,LOF,0.43758745533987636,0.03432374689760312,0.5280887977625206
25778,LOF,0.052455394761393506,0.05390840640117553,0.8936361988374308
25779,Neutral,0.5291357517699631,0.33451463151189864,0.1363496167181381
25780,Neutral,0.4662769729581021,0.2952984823379227,0.23842454470397523
25781,GOF,0.15066639979976496,0.5284560695323637,0.3208775306678714
25782,GOF,0.24339408328710693,0.47437816236102615,0.282227754351867
25783,GOF,0.029292976089012757,0.5564935576104477,0.4142134663005395
25784,Neutral,0.694830440860875,0.1789588814037422,0.12621067773538291
25785,Neutral,0.707902240766591,0.10685657056027086,0.18524118867313807
25786,GOF,0.03281934173768328,0.5215629854358477,0.4456176728264691
25787,Neutral,0.8454638901613384,0.05746922171919034,0.09706688811947116
25788,LOF,0.06485408820448768,0.027535349294534214,0.9076105625009782
25789,GOF,0.28855203073905106,0.386303550691218,0.3251444185697309
25790,GOF,0.2806202928291188,0.37249631134393685,0.3468833958269442
25791,LOF,0.19041780660057533,0.3454231334458463,0.4641590599535783
25792,Neutral,0.44916510205288196,0.20528312656585412,0.34555177138126386
25793,LOF,0.24710929743581073,0.23316580680353668,0.5197248957606526
25794,Neutral,0.4087206524707146,0.24689608959517226,0.34438325793411323
25795,LOF,0.0812628702226175,0.44362866218796526,0.47510846758941727
25796,Neutral,0.6397420013089619,0.15100792516853478,0.20925007352250347
25797,LOF,0.11160004049664203,0.3148371719431293,0.5735627875602286
25798,LOF,0.015071122283309505,0.32442227839652993,0.6605065993201605
25799,LOF,0.014563387272012025,0.30537656999698687,0.6800600427310012
25800,LOF,0.05559292455504152,0.4052027522869694,0.5392043231579892
25801,GOF,0.30121504016956613,0.3829439293488835,0.31584103048155043
25802,LOF,0.07303166952004642,0.4378971234494887,0.4890712070304649
25803,LOF,0.050751129883361695,0.3758527741322515,0.5733960959843869
25804,LOF,0.045392932289326775,0.4084803785173234,0.5461266891933498
25805,LOF,0.11053985804487769,0.430161897815096,0.4592982441400263
25806,LOF,0.14221592140192535,0.3932151875655818,0.4645688910324929
25807,LOF,0.02548530095517511,0.4043673162892689,0.570147382755556
25808,LOF,0.111419153784844,0.3588380314231726,0.5297428147919835
25809,LOF,0.021743096849975725,0.34036819262294493,0.6378887105270792
25810,LOF,0.027224337803704538,0.34261704701335993,0.6301586151829355
25811,Neutral,0.6612500506109288,0.19162257386902573,0.14712737552004554
25812,LOF,0.047823535492745546,0.3565604573486865,0.5956160071585679
25813,Neutral,0.6693013744339418,0.09538236991226584,0.2353162556537923
25814,LOF,0.18911002455337722,0.37296013556428265,0.43792983988234013
25815,Neutral,0.36249526412308913,0.30801646771398494,0.3294882681629259
25816,LOF,0.018663615055426314,0.3865958281000047,0.594740556844569
25817,GOF,0.2799196188662867,0.4148144835476063,0.30526589758610695
25818,LOF,0.04839334894083399,0.2899514401461673,0.6616552109129987
25819,Neutral,0.4513102269820104,0.2160233761165383,0.33266639690145133
25820,LOF,0.2599047374577381,0.3247040635146653,0.4153911990275965
25821,LOF,0.09569271997119574,0.4040928609265946,0.5002144191022098
25822,LOF,0.34138162684198403,0.2671368553149762,0.39148151784303975
25823,LOF,0.05263162459634692,0.38121323870430707,0.566155136699346
25824,LOF,0.13244010556253585,0.2761222018152,0.5914376926222642
25825,LOF,0.052534519761538015,0.30038801370903456,0.6470774665294273
25826,LOF,0.0162657997359661,0.33316789031463717,0.6505663099493968
25827,LOF,0.02733566517323081,0.41662198243925996,0.5560423523875092
25828,LOF,0.019631570733426893,0.35941603857146637,0.6209523906951068
25829,LOF,0.010529001361736397,0.37049371613983767,0.618977282498426
25830,LOF,0.038831016684347935,0.0559813599399971,0.9051876233756548
25831,GOF,0.22165625717296036,0.49209726207620946,0.28624648075083015
25832,LOF,0.0449764900660201,0.44941483535474486,0.5056086745792351
25833,GOF,0.16175026812067833,0.4288596164147796,0.4093901154645421
25834,LOF,0.05900987255907075,0.44546968913826285,0.4955204383026663
25835,LOF,0.163321555162761,0.38061677423967843,0.4560616705975606
25836,LOF,0.06983701952086599,0.43684119617566736,0.4933217843034667
25837,LOF,0.03774551240473629,0.3696419899762959,0.5926124976189677
25838,GOF,0.13788145057749315,0.45742787145502134,0.40469067796748553
25839,Neutral,0.4276837116918607,0.26083986856068636,0.3114764197474529
25840,GOF,0.31495046547509586,0.35025938573309323,0.3347901487918109
25841,Neutral,0.3431308118500242,0.3152151867288822,0.34165400142109353
25842,LOF,0.2487339715815583,0.32076831159605074,0.43049771682239096
25843,GOF,0.3027839687647159,0.38724828601096545,0.30996774522431864
25844,LOF,0.10623392467960863,0.3139333617684423,0.5798327135519491
25845,LOF,0.021910058851045532,0.3836065745756188,0.5944833665733356
25846,LOF,0.14479211613482446,0.3998422276625692,0.45536565620260633
25847,GOF,0.18106085731334334,0.42543711959048197,0.39350202309617466
25848,LOF,0.051256167241195125,0.3566152719140822,0.5921285608447227
25849,LOF,0.015328648578544648,0.3463076317048641,0.6383637197165912
25850,LOF,0.030417504298689713,0.4123296652712411,0.5572528304300692
25851,LOF,0.025591375279597855,0.4041487756546233,0.5702598490657789
25852,LOF,0.16050549154835803,0.34064544531343055,0.4988490631382114
25853,Neutral,0.43031183442655235,0.32254918514903635,0.24713898042441138
25854,LOF,0.030909391861814593,0.47696169786123394,0.4921289102769515
25855,LOF,0.05969340769208516,0.3710785671758888,0.5692280251320261
25856,LOF,0.30412794256591186,0.3476051832145292,0.3482668742195589
25857,LOF,0.048147849482789905,0.3801518912535635,0.5717002592636464
25858,GOF,0.027696957028647808,0.5120142136359647,0.4602888293353875
25859,GOF,0.013573385116777054,0.5199332651089241,0.46649334977429885
25860,Neutral,0.4110134513926341,0.316010663773841,0.2729758848335248
25861,GOF,0.38141737113690405,0.4375668879361808,0.1810157409269152
25862,GOF,0.08002184231199334,0.5572506580786747,0.3627274996093321
25863,GOF,0.08551305238557702,0.5904312897900923,0.3240556578243307
25864,GOF,0.19140004527378135,0.5646344605428028,0.24396549418341582
25865,GOF,0.09399645948866615,0.6287226181327755,0.27728092237855834
25866,GOF,0.08677693307552192,0.6351600241213258,0.2780630428031524
25867,GOF,0.1047640656291289,0.6621220554877572,0.23311387888311402
25868,GOF,0.27923396430706066,0.427889997215049,0.29287603847789034
25869,Neutral,0.7693417364038548,0.13686160400002878,0.09379665959611629
25870,LOF,0.2914223148663712,0.028275574637269197,0.6803021104963596
25871,LOF,0.2290803000297263,0.35369934603011344,0.4172203539401603
25872,LOF,0.10515740782458977,0.26385598031366403,0.6309866118617462
25873,LOF,0.19536467464963794,0.2676929588226966,0.5369423665276655
25874,LOF,0.026615463238495615,0.03232736043460879,0.9410571763268957
25875,LOF,0.03501601879350793,0.280237827559586,0.684746153646906
25876,LOF,0.02259630154244384,0.08810551805680868,0.8892981804007475
25877,LOF,0.32993673308880217,0.20752237058610434,0.46254089632509354
25878,LOF,0.11088907647970683,0.3515162961606291,0.537594627359664
25879,LOF,0.048556107949500056,0.35970350063027484,0.5917403914202252
25880,LOF,0.020088883663945168,0.04016215379339299,0.9397489625426619
25881,LOF,0.39397837543512754,0.13906553277269626,0.46695609179217623
25882,LOF,0.08840325358085438,0.020876558226114793,0.8907201881930308
25883,LOF,0.09934376841276671,0.027577296127990963,0.8730789354592423
25884,LOF,0.06742109832851173,0.04672212906543115,0.8858567726060572
25885,LOF,0.0855865718491314,0.027899628971434283,0.8865137991794343
25886,LOF,0.24261240980294416,0.06461731229470499,0.6927702779023509
25887,LOF,0.3362335454016678,0.10650225153903224,0.5572642030592999
25888,LOF,0.14474182618459025,0.04802161053823035,0.8072365632771794
25889,LOF,0.06195888762398401,0.04018071650132934,0.8978603958746867
25890,LOF,0.0683867860221951,0.09977313849680883,0.831840075480996
25891,LOF,0.0673823208701789,0.0578950936705698,0.8747225854592513
25892,LOF,0.10585164265923842,0.041714550975952544,0.852433806364809
25893,LOF,0.3302359811492498,0.03288845542857346,0.6368755634221767
25894,LOF,0.1841370062726966,0.01798505122703732,0.797877942500266
25895,LOF,0.22786608018484192,0.01702191161189992,0.7551120082032581
25896,LOF,0.047360345547043325,0.030991693120292745,0.9216479613326639
25897,LOF,0.2368978993665782,0.036851796467065864,0.7262503041663559
25898,Neutral,0.7451467416176777,0.024878612448389698,0.2299746459339328
25899,LOF,0.20592274905530727,0.12662710544123795,0.6674501455034548
25900,Neutral,0.5973079377287471,0.026976572901503012,0.37571548936975
25901,LOF,0.05337753116856623,0.02910674579100287,0.917515723040431
25902,LOF,0.1812568559157987,0.02296495287667971,0.7957781912075215
25903,Neutral,0.5714886170804601,0.06839964499312215,0.36011173792641793
25904,LOF,0.3345196773525848,0.07690750445703069,0.5885728181903845
25905,LOF,0.0353206229433204,0.38680026848052956,0.5778791085761501
25906,LOF,0.02873423370675343,0.0625609271406941,0.9087048391525525
25907,LOF,0.012813541327113003,0.33135584980583155,0.6558306088670555
25908,LOF,0.016851284235713616,0.19789298232501631,0.7852557334392701
25909,LOF,0.019835720471414006,0.2003176407629405,0.7798466387656455
25910,LOF,0.03621019771316895,0.29790669235048295,0.6658831099363481
25911,LOF,0.0673293716319669,0.03339424518101558,0.8992763831870174
25912,LOF,0.03360531264319377,0.08602404287170115,0.880370644485105
25913,LOF,0.23029284706828893,0.02040984969640045,0.7492973032353105
25914,LOF,0.02264764078022112,0.19732153930733243,0.7800308199124465
25915,GOF,0.3753819329924092,0.42423248398749913,0.20038558302009174
25916,GOF,0.02818090445308868,0.6075515342243819,0.36426756132252935
25917,LOF,0.03103516912884945,0.09947271308484057,0.86949211778631
25918,LOF,0.025730430878019572,0.1059719314229113,0.8682976376990692
25919,LOF,0.025283457917607555,0.09908395528163527,0.8756325868007572
25920,GOF,0.15902286198208565,0.49521280806249574,0.3457643299554187
25921,LOF,0.03213233347622702,0.02755685974312594,0.9403108067806472
25922,LOF,0.04202399138443077,0.016135086745474644,0.9418409218700945
25923,LOF,0.37656681304818834,0.031095092625584,0.5923380943262277
25924,LOF,0.039142229797152595,0.02239147584173782,0.9384662943611095
25925,LOF,0.0873784580495733,0.0352080017942846,0.8774135401561421
25926,LOF,0.05656066137093093,0.027019135568066472,0.9164202030610026
25927,LOF,0.07350516579880588,0.11373270013833452,0.8127621340628596
25928,LOF,0.024202133129910805,0.01814755755302774,0.9576503093170614
25929,Neutral,0.490396599268395,0.02906590403451497,0.4805374966970901
25930,LOF,0.09543687901316915,0.018177186400925815,0.886385934585905
25931,LOF,0.03393258611626476,0.012293217679450649,0.9537741962042845
25932,LOF,0.03729499106341711,0.01407629524589451,0.9486287136906885
25933,LOF,0.04748670441508266,0.011528981785434716,0.9409843137994827
25934,LOF,0.03268116846290943,0.0174108479756233,0.9499079835614673
25935,LOF,0.0849189856716137,0.027840168538608302,0.8872408457897781
25936,LOF,0.04833687789029431,0.013749162112186478,0.9379139599975191
25937,LOF,0.03894409923354527,0.027174568511924787,0.9338813322545299
25938,LOF,0.07588769396450094,0.04949999327150477,0.8746123127639943
25939,LOF,0.03951624917238216,0.015925553104006104,0.9445581977236118
25940,LOF,0.02248222381374079,0.4781197056594219,0.49939807052683743
25941,LOF,0.2500043241133082,0.02153031836567224,0.7284653575210196
25942,LOF,0.02534650625323113,0.00792587765470462,0.9667276160920641
25943,LOF,0.42502191304884845,0.016130460945890726,0.5588476260052607
25944,Neutral,0.5372089497893041,0.010564538481529377,0.45222651172916656
25945,LOF,0.09821124474757247,0.029837725481548772,0.8719510297708789
25946,LOF,0.03478151476814697,0.2463819239565245,0.7188365612753286
25947,LOF,0.10912876670802031,0.2795274347561406,0.6113437985358391
25948,LOF,0.4111578379019219,0.005908037794674791,0.5829341243034033
25949,LOF,0.09960480498357543,0.01312035010438391,0.8872748449120407
25950,GOF,0.11726906603312987,0.6360921670801731,0.24663876688669706
25951,LOF,0.18310071559493624,0.2798482624063661,0.5370510219986977
25952,GOF,0.02629018602667907,0.5957556943492216,0.37795411962409936
25953,LOF,0.12215138289306895,0.3682157000766812,0.5096329170302498
25954,GOF,0.30258167523620105,0.5312168256591518,0.16620149910464704
25955,LOF,0.04727981314561335,0.21533371253396197,0.7373864743204247
25956,LOF,0.2222974684296228,0.05436505810208612,0.723337473468291
25957,LOF,0.04846219695948578,0.025913849675446386,0.9256239533650679
25958,LOF,0.08078138346953032,0.02583071167901103,0.8933879048514587
25959,LOF,0.14788521527985612,0.34590595011250097,0.506208834607643
25960,LOF,0.0316894373528113,0.05893976892405189,0.9093707937231368
25961,LOF,0.0851460258629463,0.04287507238735198,0.8719789017497017
25962,LOF,0.06568638630326971,0.04205009842391435,0.8922635152728159
25963,LOF,0.06739478973664696,0.15166228470992474,0.7809429255534283
25964,LOF,0.027632343141613575,0.34537194367401197,0.6269957131843745
25965,LOF,0.4750742060286331,0.04830247190476334,0.4766233220666035
25966,GOF,0.24898139093687963,0.4071110095182186,0.34390759954490163
25967,LOF,0.012328396452368662,0.2066416246628617,0.7810299788847697
25968,GOF,0.06061023035090273,0.4897933795454982,0.4495963901035991
25969,LOF,0.015315908637535645,0.10899287755488973,0.8756912138075746
25970,LOF,0.04973099641632874,0.029753889001641692,0.9205151145820295
25971,LOF,0.08389286775695289,0.020631197885640537,0.8954759343574066
25972,LOF,0.07307064886109964,0.025445240250111884,0.9014841108887885
25973,LOF,0.0876491372757731,0.016638066923577978,0.8957127958006489
25974,LOF,0.33892484475219553,0.03201664625438862,0.629058508993416
25975,LOF,0.04616905933631901,0.04229531015590022,0.9115356305077809
25976,LOF,0.037078363750981835,0.0409197071231101,0.922001929125908
25977,LOF,0.09291167368762769,0.17628101193708492,0.7308073143752875
25978,LOF,0.1904728542771548,0.10070018102654016,0.708826964696305
25979,LOF,0.1672556497011469,0.09619983210336124,0.7365445181954919
25980,LOF,0.1896108141587181,0.17109254656729359,0.6392966392739884
25981,LOF,0.1896108141587181,0.17109254656729359,0.6392966392739884
25982,LOF,0.374738638790999,0.08368220764738406,0.541579153561617
25983,LOF,0.38840394535972667,0.09223643683582103,0.5193596178044523
25984,LOF,0.02828491730768782,0.16663857192456238,0.8050765107677499
25985,LOF,0.019610210143394702,0.34695007131731853,0.6334397185392867
25986,LOF,0.02761578834785073,0.37209303952954603,0.6002911721226033
25987,LOF,0.09283038395900153,0.08276889410810545,0.8244007219328932
25988,LOF,0.049295246608806104,0.18268325431836016,0.7680214990728338
25989,LOF,0.019061664188961634,0.2038927673132724,0.7770455684977658
25990,LOF,0.02608193575359299,0.15845448579041752,0.8154635784559895
25991,LOF,0.15095340327931292,0.20511272257765603,0.643933874143031
25992,LOF,0.3025757175301387,0.22352028297473306,0.47390399949512824
25993,LOF,0.02499018596827708,0.07648215727898597,0.8985276567527368
25994,LOF,0.014932188415875361,0.09484196748566308,0.8902258440984615
25995,LOF,0.021907275005731617,0.09873152795571398,0.8793611970385544
25996,LOF,0.09200851777664078,0.3519441919675086,0.5560472902558506
25997,LOF,0.04718704490785828,0.45304966858975165,0.49976328650239
25998,LOF,0.4531815153005522,0.010389777148115596,0.5364287075513322
25999,LOF,0.1527616992716307,0.35774482531060664,0.4894934754177628
26000,LOF,0.057518430201806074,0.048765490659520405,0.8937160791386735
26001,LOF,0.12983750879795544,0.07917681114749488,0.7909856800545498
26002,LOF,0.07154787817637204,0.08255142385876192,0.845900697964866
26003,GOF,0.008469317621535752,0.649018183731309,0.3425124986471552
26004,GOF,0.02119989554730063,0.7319463120353606,0.2468537924173386
26005,LOF,0.009726415451871282,0.4937660584097674,0.49650752613836135
26006,Neutral,0.47948168783253825,0.3372283293445022,0.1832899828229595
26007,GOF,0.013602893094766422,0.6278364340406257,0.3585606728646079
26008,GOF,0.011531886577262335,0.6842388139382879,0.3042292994844497
26009,GOF,0.024479532999137264,0.7804967126668914,0.19502375433397118
26010,GOF,0.012039380785572549,0.8330392069487172,0.1549214122657102
26011,LOF,0.007585018002824222,0.493374244717979,0.49904073727919657
26012,GOF,0.01589480887842835,0.5952768012624537,0.3888283898591178
26013,GOF,0.010516235871896444,0.7122363412379337,0.2772474228901699
26014,LOF,0.03968453938352957,0.11705526549732059,0.8432601951191498
26015,LOF,0.2491509910756806,0.0074860493722092815,0.7433629595521102
26016,LOF,0.33163245282621095,0.02592450990025423,0.6424430372735348
26017,LOF,0.2646062543748965,0.04353344126902769,0.6918603043560758
26018,LOF,0.0911498597033306,0.01728452746693529,0.8915656128297341
26019,LOF,0.09276341053429812,0.011341962910097956,0.8958946265556039
26020,LOF,0.09678156609234731,0.04507470992118569,0.858143723986467
26021,LOF,0.08720848388054703,0.05810519727710865,0.8546863188423444
26022,LOF,0.018295916734805816,0.028461061988032357,0.9532430212771619
26023,LOF,0.1924209955518483,0.013411528686302231,0.7941674757618494
26024,LOF,0.037212911266744086,0.0680798813975175,0.8947072073357383
26025,LOF,0.30052480587965297,0.05489748564081307,0.644577708479534
26026,Neutral,0.5047650753218269,0.013389320020851546,0.4818456046573216
26027,LOF,0.09372164678590546,0.010162678527432443,0.8961156746866621
26028,LOF,0.29689136989594933,0.05836111957724659,0.644747510526804
26029,LOF,0.10864267007079519,0.2091405500240223,0.6822167799051826
26030,LOF,0.0347451438735407,0.04871246128903503,0.9165423948374242
26031,LOF,0.025943387480596058,0.18574406502588314,0.7883125474935208
26032,LOF,0.11763384962608373,0.05143506148416829,0.830931088889748
26033,LOF,0.2948600742446289,0.0772048686777164,0.6279350570776547
26034,LOF,0.05800379625288476,0.14122836434738703,0.8007678393997282
26035,LOF,0.040248037675405204,0.1796635949364781,0.7800883673881167
26036,LOF,0.05835493566283293,0.15918922272564437,0.7824558416115227
26037,LOF,0.03142993512067586,0.12954115577587816,0.839028909103446
26038,LOF,0.11430707923489203,0.04958987772766588,0.8361030430374421
26039,LOF,0.06696682569012655,0.16469263020781766,0.7683405441020559
26040,Neutral,0.47616203232912263,0.11133117408882937,0.41250679358204795
26041,LOF,0.03092506906466403,0.1327860770397443,0.8362888538955918
26042,LOF,0.03051792814441753,0.11588459807023482,0.8535974737853476
26043,LOF,0.1099063012336308,0.0634997658165713,0.8265939329497978
26044,LOF,0.031098596159629677,0.05812545841353663,0.9107759454268338
26045,LOF,0.08915240621447611,0.14261501126415493,0.7682325825213688
26046,LOF,0.12116955921072316,0.07103989815042411,0.8077905426388529
26047,LOF,0.13336788137092054,0.06942629128575155,0.7972058273433278
26048,LOF,0.08391083306619714,0.05917633825285644,0.8569128286809464
26049,Neutral,0.9293535227318735,0.013020765453682115,0.05762571181444451
26050,Neutral,0.9009246569443461,0.014757800559594351,0.08431754249605958
26051,GOF,0.04334744678445012,0.5793868588249186,0.3772656943906313
26052,GOF,0.031457440879922305,0.5559304939127447,0.412612065207333
26053,LOF,0.05327609086115034,0.29954393049925804,0.6471799786395916
26054,LOF,0.06481353607829834,0.07035508629319777,0.8648313776285038
26055,LOF,0.06459797432622441,0.051790016940927816,0.8836120087328477
26056,LOF,0.05243378557278658,0.05826368306697602,0.8893025313602375
26057,LOF,0.02976441674385858,0.06189095157275146,0.90834463168339
26058,LOF,0.029860697341752843,0.05319183367487269,0.9169474689833745
26059,LOF,0.38030931628665376,0.08513220089773586,0.5345584828156104
26060,LOF,0.03387288077487217,0.36826977580449166,0.5978573434206362
26061,LOF,0.025023373058714944,0.08057585837738532,0.8944007685638997
26062,LOF,0.01745084465199677,0.06716822793797311,0.9153809274100301
26063,LOF,0.0263233895676652,0.058267514056044065,0.9154090963762908
26064,LOF,0.026583869673015317,0.06690772614215797,0.9065084041848268
26065,LOF,0.029046746805881644,0.04454438742999002,0.9264088657641284
26066,LOF,0.023372602739310664,0.06775654051326173,0.9088708567474276
26067,LOF,0.025364139772404773,0.04911924907618497,0.9255166111514103
26068,LOF,0.05126282079892169,0.08207203536052438,0.8666651438405538
26069,LOF,0.3907849385617437,0.05452658948277568,0.5546884719554807
26070,Neutral,0.6224646280074531,0.0335300262620673,0.34400534573047964
26071,LOF,0.0256041966853456,0.06875451995261911,0.9056412833620353
26072,LOF,0.02576726731039782,0.08922395527491252,0.8850087774146898
26073,LOF,0.028886823321597643,0.04393498043431774,0.9271781962440847
26074,Neutral,0.880981304008007,0.013775606135517713,0.10524308985647526
26075,LOF,0.0418065467043502,0.06600860885952528,0.8921848444361246
26076,LOF,0.04014939034733863,0.04176469525571624,0.9180859143969452
26077,LOF,0.013817200547477147,0.08952699276587578,0.8966558066866471
26078,LOF,0.017773486013316,0.06334961657030988,0.918876897416374
26079,LOF,0.053680217972213604,0.06473851855811401,0.8815812634696724
26080,LOF,0.053680217972213604,0.06473851855811401,0.8815812634696724
26081,LOF,0.03454558320723136,0.03849549937413392,0.9269589174186348
26082,LOF,0.02478449956524433,0.05730611227919493,0.9179093881555608
26083,LOF,0.07365440357785497,0.06597844442998636,0.8603671519921586
26084,LOF,0.02449710957955063,0.06627272544359644,0.9092301649768529
26085,LOF,0.02449710957955063,0.06627272544359644,0.9092301649768529
26086,LOF,0.025495795688288716,0.0774326372539158,0.8970715670577954
26087,LOF,0.026789784932507138,0.05917850261111193,0.9140317124563809
26088,LOF,0.0263753675635929,0.1193097051476246,0.8543149272887824
26089,LOF,0.046411917510405576,0.05070670662014661,0.9028813758694477
26090,LOF,0.04361644420521613,0.04446888272197026,0.9119146730728136
26091,LOF,0.04218012483958108,0.028562388621416544,0.9292574865390023
26092,LOF,0.029540766523532616,0.048975384889257505,0.9214838485872099
26093,LOF,0.041495472570935325,0.029856906824589708,0.9286476206044748
26094,LOF,0.04734994322612517,0.025423781146274443,0.9272262756276003
26095,LOF,0.04798920451511344,0.06484187130666179,0.8871689241782248
26096,LOF,0.025864841329385137,0.05299526642955921,0.9211398922410557
26097,LOF,0.013034154039136124,0.1672031538921984,0.8197626920686655
26098,LOF,0.05993489974652303,0.05532894568738365,0.8847361545660934
26099,LOF,0.025984352764666107,0.10177560696200547,0.8722400402733285
26100,LOF,0.025984352764666107,0.10177560696200547,0.8722400402733285
26101,LOF,0.051440876961929005,0.0819332891083381,0.8666258339297329
26102,LOF,0.026604354606925677,0.06827196031990249,0.9051236850731719
26103,Neutral,0.7951459179774389,0.09421378860207084,0.11064029342049024
26104,LOF,0.04716030370635383,0.10502344785178061,0.8478162484418655
26105,LOF,0.3057026369609919,0.07954065922627548,0.6147567038127326
26106,LOF,0.20000627402281637,0.04395575779577242,0.7560379681814112
26107,LOF,0.28209305191724254,0.06013147185897167,0.6577754762237858
26108,LOF,0.1826381813777973,0.06542926856877292,0.7519325500534298
26109,LOF,0.05452966162958235,0.16460183808025838,0.7808685002901592
26110,LOF,0.2621890748295872,0.053180527108890575,0.6846303980615221
26111,LOF,0.38728276945131207,0.0736097995252618,0.5391074310234262
26112,LOF,0.037842678835541134,0.044592607904211184,0.9175647132602478
26113,LOF,0.050962423885412445,0.11875754585522065,0.8302800302593668
26114,LOF,0.03315684822889602,0.02321912038139983,0.9436240313897041
26115,LOF,0.16848975624892115,0.051505588143405126,0.7800046556076738
26116,LOF,0.09407452103598364,0.04618538293786452,0.8597400960261518
26117,LOF,0.3014084352524482,0.16133091044030246,0.5372606543072495
26118,LOF,0.04292879906209846,0.03804889903932784,0.9190223018985738
26119,LOF,0.03320696703049693,0.11803441131750347,0.8487586216519996
26120,LOF,0.03537232306642287,0.06586526133852995,0.8987624155950471
26121,LOF,0.0664430501464449,0.1277679462289173,0.8057890036246378
26122,LOF,0.08236087806207258,0.11693878305810196,0.8007003388798254
