feature0,prediction,LoGoFunc_Neutral,LoGoFunc_GOF,LoGoFunc_LOF
25546,Neutral,0.6208557871619788,0.05619548583467662,0.32294872700334454
25547,Neutral,0.4851395356629207,0.10838395007483226,0.4064765142622471
25548,Neutral,0.49688129033093803,0.08029937632494458,0.4228193333441174
25549,LOF,0.4300915186883352,0.08482260508267979,0.4850858762289851
25550,LOF,0.35420469214575584,0.1070076273242421,0.538787680530002
25551,LOF,0.3128186351777794,0.11693875536515227,0.5702426094570683
25552,LOF,0.2690385842298255,0.12469218584931492,0.6062692299208595
25553,Neutral,0.7924849095945691,0.04771785889937317,0.15979723150605785
25554,LOF,0.3076159939537779,0.11607789921327494,0.5763061068329471
25555,LOF,0.2596500834692732,0.10615489921276572,0.634195017317961
25556,LOF,0.43942390785534363,0.09870145967892546,0.46187463246573085
25557,LOF,0.25078934765781374,0.11072730304112562,0.6384833493010605
25558,LOF,0.3108733758173116,0.10599607699652515,0.5831305471861632
25559,LOF,0.245561356908415,0.164174446638452,0.590264196453133
25560,LOF,0.1627118352563442,0.09893060227065983,0.7383575624729961
25561,LOF,0.15372145450865682,0.1233939211703476,0.7228846243209955
25562,LOF,0.07245730408702018,0.07509636162551503,0.8524463342874647
25563,LOF,0.023845307855415353,0.1289566804885098,0.8471980116560748
25564,LOF,0.16793168451544493,0.10447261088824612,0.727595704596309
25565,LOF,0.21262781205142126,0.1633361061496197,0.6240360817989591
25566,GOF,0.08441967089881353,0.6444157488261582,0.2711645802750283
25567,LOF,0.044798879865165286,0.1984047140144124,0.7567964061204223
25568,LOF,0.06972336887844348,0.11016209844937883,0.8201145326721777
25569,LOF,0.06379263207054076,0.10714105475710467,0.8290663131723546
25570,LOF,0.028765016717529013,0.13341511891858981,0.8378198643638811
25571,LOF,0.028455421248971057,0.13784693531100753,0.8336976434400215
25572,LOF,0.06939763269424426,0.15873945760651012,0.7718629096992456
25573,LOF,0.061493733308579906,0.1291806889040334,0.8093255777873868
25574,LOF,0.06316110819050427,0.2629693660602319,0.6738695257492638
25575,LOF,0.023814972087458516,0.1488461964159769,0.8273388314965645
25576,LOF,0.03179705085653293,0.20195822996399157,0.7662447191794755
25577,LOF,0.03543437275260699,0.1490802403958425,0.8154853868515505
25578,LOF,0.3059128716070448,0.13086473400601187,0.5632223943869434
25579,LOF,0.19468140483033902,0.12873438000183446,0.6765842151678266
25580,LOF,0.02083254302421432,0.10584422985024747,0.8733232271255382
25581,LOF,0.05676829305092186,0.1010851169548576,0.8421465899942205
25582,LOF,0.0568571246701374,0.09828174308200034,0.8448611322478622
25583,LOF,0.024318747042110095,0.12334579192706678,0.8523354610308231
25584,Neutral,0.6848746059311517,0.16363947641836005,0.15148591765048822
25585,LOF,0.022412035648263363,0.17637887382869788,0.8012090905230388
25586,LOF,0.01787684396364787,0.10235769105680093,0.8797654649795513
25587,LOF,0.017851376658825118,0.09152645090171925,0.8906221724394556
25588,LOF,0.02168032346703283,0.1038008851464126,0.8745187913865545
25589,Neutral,0.4936221028420393,0.29867459551411785,0.20770330164384296
25590,LOF,0.05081101776410007,0.1559577555869751,0.7932312266489248
25591,LOF,0.09933530698402054,0.08767970095989833,0.8129849920560812
25592,LOF,0.058800717274309064,0.20190378886476254,0.7392954938609283
25593,LOF,0.1070508875694458,0.37889219036397287,0.5140569220665814
25594,LOF,0.04668095528367666,0.09735707006989304,0.8559619746464303
25595,LOF,0.04865254898622068,0.06681363923153905,0.8845338117822403
25596,LOF,0.1051435520050436,0.028861394307412584,0.8659950536875439
25597,LOF,0.07945943600086337,0.03877635457999808,0.8817642094191386
25598,LOF,0.04732706160927907,0.06327401972776947,0.8893989186629515
25599,LOF,0.019924233321867296,0.4467707615788589,0.5333050050992737
25600,GOF,0.16764095685850638,0.46373290043471666,0.36862614270677685
25601,LOF,0.04010911538480832,0.36580162022760804,0.5940892643875837
25602,LOF,0.03191506425785782,0.06411073752168463,0.9039741982204574
25603,LOF,0.03662493206682912,0.043236373795193295,0.9201386941379776
25604,LOF,0.03801686363208822,0.08504593254774083,0.8769372038201709
25605,LOF,0.030975967057230058,0.2008992868332427,0.7681247461095273
25606,LOF,0.4010636130711542,0.13582827201684508,0.46310811491200066
25607,LOF,0.031465559491906187,0.18375646989148442,0.7847779706166094
25608,LOF,0.04011082923639358,0.09265139311831583,0.8672377776452908
25609,GOF,0.15963865385863316,0.49144646891635574,0.348914877225011
25610,LOF,0.014501934496597278,0.04765848842532021,0.9378395770780824
25611,LOF,0.012318618651756402,0.05088731819464983,0.9367940631535938
25612,LOF,0.04162260939977807,0.0761728110783291,0.8822045795218928
25613,LOF,0.042533331279056154,0.07051912202654682,0.886947546694397
25614,LOF,0.020351453690207213,0.04330454361811168,0.936344002691681
25615,LOF,0.0425279480048145,0.06577652527201022,0.8916955267231752
25616,LOF,0.04545608888235036,0.047412436783633834,0.9071314743340158
25617,LOF,0.04002530735377345,0.0595857748213519,0.9003889178248747
25618,LOF,0.04002829770221842,0.06627684193239168,0.8936948603653898
25619,LOF,0.011646987843145096,0.06282225319818421,0.9255307589586708
25620,LOF,0.054231302836553884,0.06952322241435586,0.8762454747490902
25621,LOF,0.05942409604611546,0.057251290864540096,0.8833246130893444
25622,LOF,0.06491194498399215,0.05885177874308032,0.8762362762729276
25623,LOF,0.06485056263886757,0.04972750849537814,0.8854219288657542
25624,LOF,0.016289690137389932,0.0609632073238165,0.9227471025387936
25625,LOF,0.058569242914876016,0.056906745920061494,0.8845240111650625
25626,LOF,0.04850825624491085,0.06425507110775992,0.8872366726473292
25627,Neutral,0.8841367472331907,0.02659608600676573,0.08926716676004359
25628,LOF,0.14505704116784543,0.07907396526173179,0.7758689935704228
25629,LOF,0.06395770917798498,0.057981288063652915,0.8780610027583622
25630,LOF,0.2621353213008744,0.09038780126339999,0.6474768774357257
25631,Neutral,0.5274242911395824,0.08237254887273493,0.39020315998768257
25632,LOF,0.028600562061006005,0.06518772435326474,0.9062117135857294
25633,LOF,0.22422571668149208,0.047836724802918854,0.7279375585155891
25634,LOF,0.036604853220183524,0.09713444607110097,0.8662607007087155
25635,LOF,0.036637583461893386,0.05261871963921492,0.9107436968988918
25636,LOF,0.03744722027312164,0.47804685889247245,0.484505920834406
25637,GOF,0.06261358874339748,0.47320336309653693,0.46418304816006567
25638,LOF,0.03165118747642035,0.372892376296203,0.5954564362273767
25639,LOF,0.034895032047089734,0.3946976352795312,0.5704073326733791
25640,Neutral,0.8259114212353076,0.12152246543195594,0.05256611333273643
25641,LOF,0.08942747614546033,0.44383695102347676,0.4667355728310629
25642,LOF,0.06570409328700456,0.16053101145108703,0.7737648952619084
25643,LOF,0.22013662946079796,0.12398043651337,0.6558829340258321
25644,LOF,0.028179206981006892,0.4640005402341221,0.507820252784871
25645,LOF,0.03196644251478727,0.4021402114293187,0.565893346055894
25646,LOF,0.06861990352702008,0.30495131460135755,0.6264287818716223
25647,LOF,0.033077544534693894,0.24906199067942852,0.7178604647858775
25648,LOF,0.03530842489350905,0.25133556020737197,0.7133560148991189
25649,LOF,0.01980132065120296,0.21923447177076955,0.7609642075780275
25650,LOF,0.05695692769569271,0.4042679707031232,0.538775101601184
25651,LOF,0.021231177756549677,0.26625269109906013,0.7125161311443903
25652,LOF,0.03936180795585436,0.2528186341868418,0.7078195578573038
25653,LOF,0.10100862369312742,0.3838628393763058,0.5151285369305667
25654,LOF,0.023646934058989807,0.21477231695105634,0.7615807489899538
25655,LOF,0.23771427778455337,0.3645234582739415,0.3977622639415051
25656,LOF,0.3412045369572014,0.08500027810250757,0.573795184940291
25657,LOF,0.05842458849843734,0.07921456287028267,0.8623608486312799
25658,LOF,0.36536410119018514,0.07918420207474282,0.555451696735072
25659,Neutral,0.5001510708297298,0.11246010482365207,0.3873888243466182
25660,LOF,0.02363149847559524,0.09744510944850433,0.8789233920759004
25661,LOF,0.0965686317774762,0.06285484608911765,0.8405765221334061
25662,LOF,0.03681714613807714,0.03620483282928066,0.9269780210326423
25663,LOF,0.04446867677750953,0.04728354924204871,0.9082477739804417
25664,LOF,0.1429069018110627,0.06013719092628504,0.7969559072626522
25665,LOF,0.06311306765473416,0.02993524499444356,0.9069516873508223
25666,LOF,0.09559031381160707,0.07149535882196732,0.8329143273664256
25667,LOF,0.08037563956510689,0.041258468819034125,0.8783658916158591
25668,LOF,0.04064300738121722,0.05083236656562714,0.9085246260531558
25669,LOF,0.0329299017911842,0.046049481834269684,0.9210206163745462
25670,LOF,0.158320338692766,0.049604618449545224,0.7920750428576889
25671,LOF,0.12301317319239591,0.03516343988281768,0.8418233869247863
25672,LOF,0.05601840673857142,0.04521896999875988,0.8987626232626688
25673,LOF,0.08868458049138125,0.051123215880607316,0.8601922036280113
25674,LOF,0.07324745152347716,0.0625860153756467,0.8641665331008761
25675,LOF,0.11671331420683166,0.0655569246528327,0.8177297611403356
25676,LOF,0.020037706457376903,0.0571506087605926,0.9228116847820305
25677,LOF,0.02641145563732204,0.07125796591362447,0.9023305784490535
25678,LOF,0.20764740252194713,0.07333824730072104,0.7190143501773318
25679,LOF,0.12221438524513766,0.07868641929542401,0.7990991954594383
25680,LOF,0.03512973861944186,0.12023482677960583,0.8446354346009523
25681,LOF,0.05104595425049347,0.1096291847173328,0.8393248610321737
25682,LOF,0.14538565478922538,0.07399039678926295,0.7806239484215116
25683,LOF,0.11729200369555681,0.085981920579516,0.7967260757249272
25684,LOF,0.043346279837582456,0.06635126856585613,0.8903024515965614
25685,LOF,0.13606191118623615,0.07179621189330393,0.7921418769204599
25686,LOF,0.08335991866182796,0.10231668628156776,0.8143233950566042
25687,LOF,0.12449431977973675,0.11300231146563029,0.762503368754633
25688,LOF,0.36061605376030625,0.053201300903443445,0.5861826453362504
25689,LOF,0.26836596568928534,0.055620622196438686,0.676013412114276
25690,LOF,0.32984966100359336,0.048463076638219346,0.6216872623581874
25691,Neutral,0.7018297856294192,0.04203234695899031,0.2561378674115905
25692,LOF,0.34868918486720935,0.014487092948509786,0.636823722184281
25693,LOF,0.049206289247392856,0.41138440036583823,0.5394093103867689
25694,LOF,0.12410049381982394,0.017351968635285805,0.8585475375448903
25695,LOF,0.12132860195487911,0.016641219232852663,0.8620301788122683
25696,LOF,0.12775231246721935,0.01165590392795522,0.8605917836048254
25697,LOF,0.09178348578475237,0.05480139113924144,0.8534151230760062
25698,LOF,0.34019701510308825,0.14970841633993248,0.5100945685569792
25699,Neutral,0.5273193410732238,0.04983595691257426,0.42284470201420193
25700,LOF,0.07615276940580397,0.010729821848559739,0.9131174087456362
25701,LOF,0.2054639959089209,0.05324056368536708,0.741295440405712
25702,GOF,0.1827546144667822,0.5980806626274272,0.21916472290579064
25703,LOF,0.014758697585733177,0.15713198073506882,0.828109321679198
25704,LOF,0.03737782615288973,0.1077907471793415,0.8548314266677689
25705,LOF,0.04947853741111953,0.15961377244945768,0.7909076901394229
25706,LOF,0.10955431750937847,0.4393056126916137,0.45114006979900784
25707,LOF,0.09258928168160609,0.3855934049619183,0.5218173133564756
25708,LOF,0.03858912998377509,0.34639153292973435,0.6150193370864906
25709,LOF,0.07127864971568033,0.04898602197918273,0.8797353283051369
25710,LOF,0.012369375518307095,0.16606672589097518,0.8215638985907177
25711,LOF,0.023316540250904884,0.08900532827403719,0.8876781314750579
25712,LOF,0.015141628719411814,0.2078365312063393,0.7770218400742489
25713,LOF,0.01952514192726752,0.0905533593013778,0.8899214987713547
25714,LOF,0.08033841825826005,0.09144043955972536,0.8282211421820145
25715,LOF,0.011888905667734633,0.15789518901417043,0.830215905318095
25716,LOF,0.011191970000526468,0.11195092275538669,0.8768571072440867
25717,LOF,0.01578976758481215,0.07851136211845659,0.9056988702967312
25718,LOF,0.011696971617473802,0.09722090931491818,0.891082119067608
25719,LOF,0.02070291587106943,0.08121701599180002,0.8980800681371306
25720,LOF,0.025356370356809165,0.07548693639553977,0.8991566932476509
25721,LOF,0.01378460646724834,0.13146565663900445,0.8547497368937473
25722,LOF,0.014834225874640098,0.1327056785716074,0.8524600955537525
25723,LOF,0.02444160351565699,0.05474571625500028,0.9208126802293428
25724,LOF,0.0336678792723579,0.09203651619496248,0.8742956045326796
25725,LOF,0.011892228017248086,0.08814502433820429,0.8999627476445475
25726,LOF,0.016224978503586916,0.12603530963978732,0.8577397118566258
25727,LOF,0.012677746601527198,0.09190007585241136,0.8954221775460615
25728,LOF,0.01072632576349777,0.11715786693591985,0.8721158073005824
25729,LOF,0.010937803785382587,0.11763538239028228,0.8714268138243351
25730,LOF,0.014730860102591616,0.09611139069963309,0.8891577491977752
25731,LOF,0.02115317682128351,0.104805866047518,0.8740409571311986
25732,LOF,0.01496887517910287,0.07795237490667266,0.9070787499142244
25733,LOF,0.01666752015363509,0.07742616543381516,0.9059063144125497
25734,LOF,0.010083459378473745,0.1238051064401272,0.866111434181399
25735,LOF,0.012442371904838191,0.08496563998472054,0.9025919881104412
25736,LOF,0.01374612935167394,0.10661796074159512,0.8796359099067309
25737,LOF,0.012842976677133529,0.08157067295128807,0.9055863503715783
25738,LOF,0.012766455583148274,0.11910304533204018,0.8681304990848114
25739,LOF,0.02179388866736673,0.08831796207391286,0.8898881492587205
25740,LOF,0.027945361917840916,0.13989278504856836,0.8321618530335906
25741,LOF,0.01574524643554805,0.1352235393458528,0.8490312142185992
25742,LOF,0.1279999901348072,0.08737335850278233,0.7846266513624105
25743,LOF,0.039885455610920606,0.05930326659916698,0.9008112777899124
25744,Neutral,0.5534404293328441,0.28391262018463925,0.16264695048251662
25745,LOF,0.06634733847966884,0.09202191833225482,0.8416307431880763
25746,LOF,0.04503028462167408,0.12131729283314857,0.8336524225451774
25747,LOF,0.018103839244852128,0.07598096290454373,0.9059151978506041
25748,LOF,0.11898553455968684,0.12717339644487705,0.753841068995436
25749,LOF,0.02559548719955964,0.11803991326572046,0.8563645995347199
25750,LOF,0.07787032129089395,0.11396025117413411,0.808169427534972
25751,LOF,0.08150102294074818,0.15234417846820966,0.7661547985910422
25752,GOF,0.11407118138815328,0.6345596177354885,0.2513692008763583
25753,LOF,0.02120335935093177,0.27941360637931584,0.6993830342697523
25754,GOF,0.01328407198636505,0.7804274317212776,0.20628849629235738
25755,LOF,0.024669751712487937,0.3861812527567587,0.5891489955307534
25756,LOF,0.05098073566978965,0.3673234231673136,0.5816958411628967
25757,GOF,0.018284068242119967,0.8324058537340722,0.14931007802380777
25758,GOF,0.03146523940706111,0.7985129498823313,0.17002181071060746
25759,GOF,0.010485453672027642,0.5964535603879251,0.39306098594004724
25760,LOF,0.012650597723377939,0.2813116190131496,0.7060377832634726
25761,GOF,0.27589935103414215,0.6145719397719362,0.10952870919392156
25762,LOF,0.04915721736399651,0.261280640826095,0.6895621418099086
25763,LOF,0.014424727651198538,0.20484245733663792,0.7807328150121636
25764,GOF,0.08036297615995634,0.6246365265493631,0.2950004972906805
25765,GOF,0.03432384128329087,0.7292656901178158,0.23641046859889323
25766,GOF,0.06561813381835152,0.7388854411177201,0.1954964250639282
25767,GOF,0.15211408516156,0.5774846909788801,0.2704012238595599
25768,LOF,0.11117757236918885,0.0519431538416894,0.8368792737891217
25769,LOF,0.055614076500003495,0.06877911739863406,0.8756068061013624
25770,LOF,0.30741401087340187,0.11728784254799578,0.5752981465786025
25771,LOF,0.05155750133261655,0.05280098710830576,0.8956415115590776
25772,LOF,0.018515897556577298,0.05174723784213154,0.9297368646012911
25773,LOF,0.04775315828831704,0.10356209675671554,0.8486847449549674
25774,LOF,0.028354943224347215,0.09729819430505911,0.8743468624705937
25775,LOF,0.05329003262399871,0.05540619494326138,0.89130377243274
25776,LOF,0.07625604628330432,0.03082742446603871,0.8929165292506571
25777,LOF,0.3755721795711378,0.06377296925066628,0.560654851178196
25778,LOF,0.07392027711837255,0.05224648178100781,0.8738332411006197
25779,GOF,0.3560846219054258,0.5983073224491838,0.04560805564539032
25780,GOF,0.338158704455054,0.5752937522981016,0.08654754324684422
25781,GOF,0.13478765602985668,0.754453393521187,0.11075895044895644
25782,GOF,0.2024363915234898,0.7048481695657403,0.09271543891076986
25783,GOF,0.022154067013052912,0.6628607768515299,0.31498515613541705
25784,Neutral,0.49124973836874625,0.4628849401030178,0.045865321528235886
25785,GOF,0.4731773487590898,0.48898404108139154,0.03783861015951877
25786,GOF,0.029520400297705737,0.7605747459013231,0.2099048538009713
25787,Neutral,0.6470831728236699,0.32969902556214425,0.023217801614185896
25788,LOF,0.054542794465763426,0.10521805473699883,0.8402391507972377
25789,GOF,0.2154039004345727,0.6471519303072207,0.13744416925820668
25790,GOF,0.2047775408250308,0.7002483516796066,0.09497410749536254
25791,GOF,0.15102058161659648,0.6948756067541287,0.15410381162927483
25792,GOF,0.35024529157099393,0.5298918095550783,0.11986289887392773
25793,GOF,0.25367170273491874,0.54956785798832,0.19676043927676126
25794,GOF,0.31301337717071887,0.5178243470154554,0.16916227581382565
25795,GOF,0.08117115989148042,0.6634666897862654,0.2553621503222542
25796,Neutral,0.5575321345426241,0.3592996659866514,0.08316819947072444
25797,GOF,0.10245374004447587,0.5196582256462099,0.37788803430931417
25798,GOF,0.009114083734844097,0.5180011311880116,0.47288478507714427
25799,LOF,0.007578403984680929,0.42860626497111753,0.5638153310442015
25800,GOF,0.032584224283437595,0.6157495969068039,0.3516661788097584
25801,GOF,0.22499283531335107,0.6579364246006157,0.11707074008603317
25802,GOF,0.05508299914245745,0.702746838649164,0.2421701622083786
25803,GOF,0.03541103665760762,0.5931843983384579,0.3714045650039345
25804,GOF,0.0341019516846828,0.5306949505923688,0.43520309772294835
25805,GOF,0.08852648650828222,0.6203864883124848,0.291087025179233
25806,GOF,0.10569982019430202,0.5986122380826209,0.2956879417230771
25807,GOF,0.019610313417209407,0.5995706300238719,0.3808190565589187
25808,GOF,0.08325894162330101,0.6211552477053364,0.29558581067136264
25809,GOF,0.021345079875363004,0.6072865005089085,0.37136841961572853
25810,GOF,0.020039219039170504,0.6150889365971752,0.36487184436365416
25811,GOF,0.4614096058747578,0.4617865269467564,0.07680386717848575
25812,GOF,0.03126497342458005,0.6427695817858659,0.325965444789554
25813,Neutral,0.5127972213058574,0.38845717369283655,0.09874560500130601
25814,GOF,0.11092708904405794,0.6522468942418671,0.23682601671407488
25815,GOF,0.18870990857256595,0.6188876463918114,0.19240244503562273
25816,GOF,0.020242104834817642,0.6667775313496523,0.31298036381553
25817,GOF,0.2458287889094641,0.6181260903661573,0.13604512072437855
25818,GOF,0.05764768388485866,0.6006772319665517,0.3416750841485897
25819,GOF,0.3761303296255709,0.468869218232965,0.15500045214146402
25820,GOF,0.16223760433506412,0.6082596113003726,0.22950278436456326
25821,GOF,0.052518784634091494,0.6526519869370307,0.29482922842887777
25822,GOF,0.18409763434018162,0.5529306764388886,0.2629716892209298
25823,GOF,0.028243425364508478,0.5114311375141741,0.4603254371213175
25824,GOF,0.0709376714622322,0.5406968066356531,0.3883655219021146
25825,GOF,0.027843150334992836,0.5367556943439203,0.43540115532108664
25826,GOF,0.010640269372226703,0.5211532149261673,0.468206515701606
25827,GOF,0.02142451777958261,0.5952382452844941,0.3833372369359233
25828,GOF,0.013024654355713027,0.5188390100239806,0.46813633562030643
25829,GOF,0.006044193656357116,0.5661334100571709,0.42782239628647206
25830,LOF,0.03771489185305122,0.2970571933811168,0.665227914765832
25831,GOF,0.21458042155458976,0.6295647976171339,0.15585478082827636
25832,GOF,0.03314988469622538,0.6714810404851767,0.29536907481859787
25833,GOF,0.13366327532967665,0.675581565965335,0.19075515870498846
25834,GOF,0.04210163584370231,0.6665498723406511,0.29134849181564654
25835,GOF,0.08616474048715544,0.7073637263747521,0.20647153313809252
25836,GOF,0.048914391474186525,0.6418107214822888,0.30927488704352474
25837,GOF,0.029112527175893507,0.5416938132735014,0.4291936595506051
25838,GOF,0.08969377417964258,0.7163530843206096,0.1939531414997477
25839,GOF,0.3139779563708377,0.5380805332052762,0.14794151042388623
25840,GOF,0.24946715364818162,0.5600632240559082,0.19046962229591022
25841,GOF,0.25469624255075296,0.564423740502988,0.180880016946259
25842,GOF,0.17956017679366337,0.6503236553305918,0.17011616787574488
25843,GOF,0.2658042617884128,0.628707227135154,0.10548851107643309
25844,GOF,0.07165727737061411,0.6937646097716087,0.2345781128577771
25845,GOF,0.0165044248842545,0.5001304140696102,0.48336516104613536
25846,GOF,0.13277264958574797,0.6940100656805819,0.1732172847336702
25847,GOF,0.12746675085596912,0.7580147819468497,0.11451846719718131
25848,GOF,0.036169004658825,0.6909357674212686,0.27289522791990634
25849,GOF,0.011195645077927151,0.5877584294325015,0.40104592548957135
25850,GOF,0.021707187125176358,0.6368010109817026,0.34149180189312106
25851,GOF,0.017661632442294493,0.535073866629006,0.4472645009286995
25852,GOF,0.15766405135499661,0.5636488955811649,0.27868705306383845
25853,GOF,0.3713660140592014,0.5615338884632446,0.06710009747755408
25854,GOF,0.02090272649452572,0.6417096483428623,0.3373876251626119
25855,GOF,0.03270578924520523,0.5839484620264676,0.3833457487283272
25856,GOF,0.2597631574140284,0.5337139072728804,0.2065229353130912
25857,GOF,0.03505638626162031,0.5143611054590315,0.45058250827934815
25858,GOF,0.016954074900022566,0.5791377662044078,0.4039081588955695
25859,GOF,0.009554348513604583,0.5602053119768614,0.4302403395095339
25860,GOF,0.3832278185472358,0.5432145671259812,0.07355761432678308
25861,GOF,0.424317584445451,0.4938139509377774,0.08186846461677151
25862,GOF,0.10283313540063722,0.7525185092416358,0.14464835535772705
25863,GOF,0.09828576376706143,0.7679162239084909,0.1337980123244477
25864,GOF,0.21110295608033144,0.6967360344280377,0.092161009491631
25865,GOF,0.09307491104822808,0.7856652547065287,0.12125983424524324
25866,GOF,0.064816398008068,0.7983907970241727,0.1367928049677592
25867,GOF,0.08625893491973173,0.8109696614772041,0.10277140360306421
25868,GOF,0.2705315061656092,0.6333528950753144,0.09611559875907642
25869,Neutral,0.666957418430806,0.29649405504468745,0.0365485265245065
25870,LOF,0.29701541438201945,0.34051434984808376,0.36247023576989684
25871,GOF,0.19897219390208126,0.6440392749249362,0.15698853117298253
25872,GOF,0.08180223165337387,0.6449431642060328,0.27325460414059327
25873,GOF,0.1478317069914379,0.6336900409950998,0.21847825201346238
25874,LOF,0.019003657152790874,0.1218138318885636,0.8591825109586456
25875,LOF,0.09922226800156114,0.03944769592362937,0.8613300360748095
25876,LOF,0.038365946108567306,0.048960422079034394,0.9126736318123984
25877,Neutral,0.5466055726677371,0.04105236445003434,0.41234206288222847
25878,LOF,0.2124731798859032,0.07741520550491882,0.710111614609178
25879,LOF,0.08755011438074779,0.07764584193416656,0.8348040436850857
25880,LOF,0.023120063152934914,0.020766987340421816,0.9561129495066434
25881,LOF,0.19188540904743506,0.12218529200410186,0.6859292989484631
25882,LOF,0.07373737029643541,0.014763270651302077,0.9114993590522626
25883,LOF,0.08790817581041664,0.018096941378744402,0.8939948828108389
25884,LOF,0.039123527398469284,0.028841173076096762,0.9320352995254341
25885,LOF,0.07298001745112234,0.010958834856902666,0.9160611476919749
25886,LOF,0.34319142574805545,0.030199102345735047,0.6266094719062095
25887,LOF,0.16575686673811962,0.0665455071427267,0.7676976261191536
25888,LOF,0.07539896138472264,0.0641005178324092,0.8605005207828682
25889,LOF,0.05264024594712214,0.019858500070590094,0.9275012539822878
25890,LOF,0.04763167401508448,0.13087967766990666,0.8214886483150088
25891,LOF,0.04397454771721931,0.052032316835985824,0.9039931354467948
25892,LOF,0.09736292535833625,0.020953054311278255,0.8816840203303855
25893,LOF,0.2756132110629412,0.016074237459122794,0.708312551477936
25894,LOF,0.19357972991092756,0.009590160929184237,0.7968301091598881
25895,LOF,0.22833862621514164,0.019016933252883315,0.7526444405319751
25896,LOF,0.049480696653279393,0.01941931833700932,0.9310999850097113
25897,LOF,0.2636082943934896,0.011866308266731126,0.7245253973397793
25898,Neutral,0.700979341581198,0.00907697587448787,0.28994368254431396
25899,LOF,0.2530141347788571,0.023427126774386273,0.7235587384467567
25900,LOF,0.44859401370045604,0.016577573183970695,0.5348284131155733
25901,LOF,0.05718088657830951,0.011400408176420553,0.9314187052452699
25902,LOF,0.1738598030075851,0.011741793060326793,0.8143984039320882
25903,Neutral,0.5303753115266048,0.032405024636155376,0.4372196638372398
25904,LOF,0.3000736240603069,0.05007499946780407,0.6498513764718892
25905,LOF,0.022716688547584393,0.29479262677110957,0.6824906846813061
25906,LOF,0.02109827120259459,0.07279378075271546,0.90610794804469
25907,LOF,0.014967844603322992,0.31362365727640773,0.6714084981202694
25908,LOF,0.01046159530178697,0.21786407716616535,0.7716743275320478
25909,LOF,0.01284006606318184,0.13996528796955474,0.8471946459672633
25910,LOF,0.045465717045811656,0.12131038164059922,0.8332239013135891
25911,LOF,0.1440447739390272,0.028600884628680278,0.8273543414322926
25912,LOF,0.03958711070160561,0.04108399220259398,0.9193288970958005
25913,LOF,0.3068885772916961,0.02160591648706673,0.6715055062212371
25914,LOF,0.020494817061036202,0.12688477087139338,0.8526204120675703
25915,Neutral,0.48087161208299256,0.31786441348602296,0.20126397443098462
25916,LOF,0.05953482987150188,0.41669841691500326,0.5237667532134949
25917,LOF,0.06384532603896063,0.08765447472203973,0.8485001992389997
25918,LOF,0.026705463177755424,0.07838464782968013,0.8949098889925645
25919,LOF,0.02274443957132595,0.08099643707649619,0.8962591233521777
25920,GOF,0.10357121930974107,0.482649454444785,0.413779326245474
25921,LOF,0.027762061179128245,0.029288490054973793,0.9429494487658979
25922,LOF,0.0367503015596573,0.01916989620280646,0.9440798022375362
25923,LOF,0.41700427458448575,0.02549516221494179,0.5575005632005724
25924,LOF,0.03556471060083505,0.04082612719473208,0.9236091622044329
25925,LOF,0.06655905240185579,0.03233633270856174,0.9011046148895824
25926,LOF,0.05058240539400525,0.022532102610707944,0.9268854919952868
25927,LOF,0.07223864456826384,0.09510537859757279,0.8326559768341634
25928,LOF,0.021600752203756183,0.037998325671239015,0.9404009221250047
25929,Neutral,0.54430673461132,0.028614698049663777,0.4270785673390164
25930,LOF,0.054946755888514706,0.023001898942635064,0.9220513451688503
25931,LOF,0.028174308265709266,0.02491377679631858,0.9469119149379722
25932,LOF,0.027351430849454305,0.022533323230502285,0.9501152459200435
25933,LOF,0.038487804263818225,0.015938251460744395,0.9455739442754374
25934,LOF,0.024133250681600337,0.019015335306385727,0.956851414012014
25935,LOF,0.06063717459351793,0.03629259720140812,0.903070228205074
25936,LOF,0.04796155029084784,0.025604248844879895,0.9264342008642722
25937,LOF,0.028628573800323732,0.027322252751410765,0.9440491734482656
25938,LOF,0.06399837058121613,0.038082577339355564,0.8979190520794283
25939,LOF,0.0367986350612269,0.01479525826554236,0.9484061066732308
25940,LOF,0.03332403761611712,0.39816641696073607,0.5685095454231468
25941,LOF,0.1778115043634869,0.0916190386995839,0.7305694569369291
25942,LOF,0.01718760365367259,0.029955327863194995,0.9528570684831325
25943,LOF,0.32216275328435756,0.0541748270590779,0.6236624196565645
25944,Neutral,0.487433586982666,0.02708502113644857,0.4854813918808853
25945,LOF,0.07090641777310949,0.02111679825954022,0.9079767839673504
25946,LOF,0.023343162805750238,0.13407632926807844,0.8425805079261713
25947,LOF,0.1168181202935354,0.2267406605346194,0.6564412191718453
25948,LOF,0.39552415865538093,0.011210638284094212,0.593265203060525
25949,LOF,0.10852886295167483,0.04615176967474409,0.8453193673735812
25950,GOF,0.2856476025941376,0.43308053845724487,0.28127185894861745
25951,LOF,0.2610246265687338,0.23082144014631392,0.5081539332849523
25952,LOF,0.04684759159594894,0.46699044630334047,0.4861619621007106
25953,LOF,0.13609805389530247,0.12052486041307521,0.7433770856916223
25954,Neutral,0.4477730521757031,0.21475038579258604,0.3374765620317108
25955,LOF,0.05849640569130255,0.08360291141764518,0.8579006828910521
25956,LOF,0.17136100618427777,0.09897976808577293,0.7296592257299492
25957,LOF,0.03653088088066556,0.03723915821858951,0.9262299609007449
25958,LOF,0.06306182676840265,0.026856051190187292,0.9100821220414101
25959,LOF,0.0733358233669698,0.3457926839908331,0.5808714926421972
25960,LOF,0.019713990252116367,0.05097703041168418,0.9293089793361994
25961,LOF,0.052551942859348694,0.028200360529390605,0.9192476966112607
25962,LOF,0.05855128648790666,0.03368072621401544,0.9077679872980778
25963,LOF,0.04545633791241732,0.19813343544066428,0.7564102266469184
25964,LOF,0.03628720501210041,0.15106443297673944,0.8126483620111601
25965,LOF,0.4448392151734679,0.0951466402819456,0.4600141445445865
25966,Neutral,0.45116572936880384,0.10484688348652649,0.4439873871446695
25967,LOF,0.013273940306348245,0.06671058956828561,0.9200154701253661
25968,LOF,0.02947993760736105,0.4831157769955433,0.48740428539709557
25969,LOF,0.026781074498177654,0.058360271544074825,0.9148586539577475
25970,LOF,0.06630740771828855,0.054070212120723965,0.8796223801609874
25971,LOF,0.07783383123367686,0.015173338871919953,0.9069928298944031
25972,LOF,0.07951710836853172,0.018692624929545567,0.9017902667019227
25973,LOF,0.1090136782505129,0.0071901549413242016,0.883796166808163
25974,LOF,0.18797323068678698,0.019405498592014184,0.7926212707211988
25975,LOF,0.06074386102925948,0.02370618606029026,0.9155499529104503
25976,LOF,0.05018909945288476,0.011787344427476611,0.9380235561196386
25977,LOF,0.15817574944751459,0.09512555559765563,0.7466986949548298
25978,LOF,0.1391770348107953,0.04475783651340233,0.8160651286758024
25979,LOF,0.12698437836013055,0.0480264050645356,0.8249892165753339
25980,LOF,0.19052698090127856,0.06528707959871972,0.7441859395000016
25981,LOF,0.22391215127027106,0.06337614316202093,0.7127117055677079
25982,LOF,0.40035893381831933,0.04432079430503287,0.5553202718766478
25983,LOF,0.39858644189934955,0.05024508929943963,0.5511684688012108
25984,LOF,0.05150818616438798,0.051358798874668876,0.8971330149609432
25985,LOF,0.026562708826214868,0.24406920129134527,0.7293680898824398
25986,LOF,0.041562190338844125,0.2733102736722241,0.6851275359889317
25987,LOF,0.08198571482897148,0.06989851295974127,0.8481157722112873
25988,LOF,0.1353136984748046,0.05333444941096433,0.8113518521142311
25989,LOF,0.02981202447130286,0.10017246840850624,0.8700155071201909
25990,LOF,0.03741039928918009,0.13859769577795328,0.8239919049328667
25991,LOF,0.20142783208823256,0.2529987268544137,0.5455734410573537
25992,LOF,0.3940064859367096,0.13440736001825318,0.4715861540450371
25993,LOF,0.026089249129797456,0.06676427695826018,0.9071464739119425
25994,LOF,0.019503441048399222,0.10051791798087052,0.8799786409707303
25995,LOF,0.029566692886334272,0.1861344899912169,0.7842988171224489
25996,GOF,0.3335595879496576,0.414595872427147,0.2518445396231953
25997,GOF,0.12236275964561114,0.4544698768056224,0.42316736354876633
25998,Neutral,0.5451982343773673,0.0251789539491872,0.42962281167344557
25999,LOF,0.11767507661164217,0.1401013120864423,0.7422236113019155
26000,LOF,0.15804009394236804,0.027750521261894923,0.814209384795737
26001,LOF,0.19088447385505125,0.03142601846292557,0.777689507682023
26002,LOF,0.12649284064064906,0.032393644862334835,0.8411135144970161
26003,GOF,0.011084706477930984,0.5383526883539352,0.45056260516813385
26004,GOF,0.028041674576211355,0.5980257686487865,0.3739325567750021
26005,LOF,0.009752745601814938,0.42113615372044194,0.5691111006777432
26006,Neutral,0.5332500153326861,0.2065840452705279,0.26016593939678595
26007,LOF,0.027732035995278053,0.4857513332794348,0.486516630725287
26008,GOF,0.02247475784707244,0.5170869109505284,0.4604383312023992
26009,GOF,0.028678922426687438,0.5635396484827494,0.4077814290905631
26010,GOF,0.030769663781903798,0.5830622563566973,0.38616807986139895
26011,LOF,0.00838645946429451,0.40452604475327275,0.5870874957824328
26012,GOF,0.01808222535471138,0.4986600570006233,0.4832577176446653
26013,GOF,0.02264120977374533,0.5615597782568976,0.41579901196935704
26014,LOF,0.0445551342224491,0.15056003712409685,0.804884828653454
26015,LOF,0.20812600802420383,0.008696239198648684,0.7831777527771475
26016,LOF,0.24882246402509606,0.04679313136811837,0.7043844046067856
26017,LOF,0.25731736691601537,0.07043396128549663,0.6722486717984879
26018,LOF,0.10616025681983561,0.033457720221195295,0.860382022958969
26019,LOF,0.10020147246885877,0.025740384408977635,0.8740581431221635
26020,LOF,0.07313853529418664,0.11507400668238414,0.8117874580234292
26021,LOF,0.05006608433240751,0.12899558565661098,0.8209383300109815
26022,LOF,0.012037039414565794,0.04327772472829903,0.9446852358571352
26023,LOF,0.12311130684923915,0.021518639626483253,0.8553700535242776
26024,LOF,0.03170743329051019,0.1246965643210992,0.8435960023883905
26025,LOF,0.18683723969878807,0.09559135263495865,0.7175714076662532
26026,LOF,0.3481674189253445,0.021309053776105733,0.6305235272985499
26027,LOF,0.0937373296474938,0.015228372888173126,0.891034297464333
26028,LOF,0.15157417301888235,0.07445575766403721,0.7739700693170805
26029,LOF,0.07015295967232,0.21523956699693308,0.7146074733307468
26030,LOF,0.024869043509109255,0.05980655137813536,0.9153244051127555
26031,LOF,0.02932541912472136,0.16238520120704353,0.808289379668235
26032,LOF,0.06753755948181014,0.05835435163816268,0.8741080888800271
26033,LOF,0.1138958339143411,0.07310754484537141,0.8129966212402875
26034,LOF,0.046154172518292604,0.16896090271168202,0.7848849247700255
26035,LOF,0.028692483083476307,0.16112440746203852,0.8101831094544851
26036,LOF,0.041191021027719495,0.19013225567248423,0.7686767232997963
26037,LOF,0.02322721349994833,0.13561292079969497,0.8411598657003567
26038,LOF,0.06337440454248773,0.06002871566427756,0.8765968797932348
26039,LOF,0.05516520386645718,0.16964700509856057,0.7751877910349823
26040,LOF,0.19485486577868508,0.12679540972781678,0.6783497244934982
26041,LOF,0.024249557516557805,0.13082311374049718,0.844927328742945
26042,LOF,0.025033142546646323,0.12199894181276502,0.8529679156405887
26043,LOF,0.06276325490169328,0.07475422151420373,0.8624825235841029
26044,LOF,0.021271512807276582,0.07832762600986293,0.9004008611828604
26045,LOF,0.07948661199200543,0.11654092181388959,0.8039724661941049
26046,LOF,0.0639623612409206,0.07233276672188506,0.8637048720371943
26047,LOF,0.08865319261864432,0.0788791806778753,0.8324676267034805
26048,LOF,0.05564210409585788,0.05513440153290788,0.8892234943712343
26049,Neutral,0.9574777901615562,0.008287968585514484,0.03423424125292929
26050,Neutral,0.940399894902479,0.010832571087200784,0.04876753401032013
26051,LOF,0.0475981272769801,0.2591643774855056,0.6932374952375143
26052,LOF,0.06507623478793596,0.2956900726374304,0.6392336925746336
26053,LOF,0.0572797890739517,0.11477484542581162,0.8279453655002368
26054,LOF,0.057776903313133725,0.018207113245591298,0.924015983441275
26055,LOF,0.08302019738314378,0.01513197303489839,0.9018478295819579
26056,LOF,0.06608250661749394,0.016978966548413476,0.9169385268340925
26057,LOF,0.03278380661951467,0.01118753003819044,0.956028663342295
26058,LOF,0.03392959282905194,0.008540365291658933,0.957530041879289
26059,LOF,0.3100289508011708,0.023053623067183403,0.6669174261316458
26060,LOF,0.03343205098215873,0.15027015265969412,0.8162977963581473
26061,LOF,0.019047199614854234,0.009454466286816031,0.9714983340983298
26062,LOF,0.011985369053113327,0.017082333301815213,0.9709322976450715
26063,LOF,0.024386854386896004,0.011766527925365696,0.9638466176877383
26064,LOF,0.0260364380072211,0.01721489759269411,0.9567486644000847
26065,LOF,0.026569239372786588,0.011747219401363194,0.9616835412258503
26066,LOF,0.022464772587530744,0.010678531561499236,0.9668566958509701
26067,LOF,0.029044726929520915,0.008445569830752488,0.9625097032397265
26068,LOF,0.04926377804035048,0.02978760852772028,0.9209486134319292
26069,LOF,0.2595476668380811,0.01896813653851828,0.7214841966234007
26070,LOF,0.3931817084203986,0.013446885369514478,0.593371406210087
26071,LOF,0.025921635061234245,0.012393468082763676,0.9616848968560021
26072,LOF,0.023012787676857056,0.015346310754961382,0.9616409015681816
26073,LOF,0.026571530557144667,0.010887142684097817,0.9625413267587575
26074,Neutral,0.901090896787978,0.0053078733998841296,0.09360122981213775
26075,LOF,0.044714179007119416,0.015003618164215863,0.9402822028286647
26076,LOF,0.04872735423590767,0.008572833665261044,0.9426998120988312
26077,LOF,0.009306025717924108,0.016987755183721816,0.9737062190983541
26078,LOF,0.014324636347722772,0.00980065149488567,0.9758747121573916
26079,LOF,0.0609526590047242,0.016581927383205703,0.92246541361207
26080,LOF,0.06001151828423936,0.01661061088159387,0.9233778708341667
26081,LOF,0.03891914762159835,0.006131136198473336,0.9549497161799283
26082,LOF,0.01768018700305142,0.013595794834574754,0.9687240181623737
26083,LOF,0.12914997864711344,0.011633082692337246,0.8592169386605493
26084,LOF,0.02896099897216387,0.011273190052023837,0.9597658109758123
26085,LOF,0.02428723085649941,0.010845234020830144,0.9648675351226703
26086,LOF,0.025524357568041386,0.011515857708531727,0.962959784723427
26087,LOF,0.02864311323350164,0.00760094561602786,0.9637559411504706
26088,LOF,0.016672775900005533,0.025080360539413708,0.9582468635605809
26089,LOF,0.04807456443781309,0.02294754428164043,0.9289778912805465
26090,LOF,0.04599232102803966,0.017733215719904046,0.9362744632520562
26091,LOF,0.040778069345956854,0.006060933144982618,0.9531609975090605
26092,LOF,0.027997708012277574,0.008001390724222823,0.9640009012634997
26093,LOF,0.043560551408562784,0.005905381148000903,0.9505340674434362
26094,LOF,0.04317358850305244,0.006650397672958853,0.9501760138239888
26095,LOF,0.045763175173801664,0.012410954399482043,0.9418258704267164
26096,LOF,0.02186750544274812,0.01048216374200561,0.9676503308152462
26097,LOF,0.011837964545162212,0.034037545815619775,0.954124489639218
26098,LOF,0.07254722305658132,0.009884492218483783,0.917568284724935
26099,LOF,0.026312986703813556,0.011896840066741523,0.9617901732294448
26100,LOF,0.02866388393525595,0.011348836348538638,0.9599872797162055
26101,LOF,0.0573616887703355,0.011314610253229175,0.9313237009764354
26102,LOF,0.02641438015000522,0.013618763819390384,0.9599668560306045
26103,Neutral,0.8878646731802331,0.017102113305753428,0.09503321351401348
26104,LOF,0.08087283179917046,0.02605065369215249,0.8930765145086771
26105,LOF,0.19156537456584155,0.2749854911857402,0.5334491342484182
26106,LOF,0.19997574263315807,0.12283138282206853,0.6771928745447734
26107,LOF,0.2499550837638069,0.08307025588613587,0.6669746603500571
26108,LOF,0.22629895301591368,0.14133689250058498,0.6323641544835014
26109,LOF,0.0803742251443322,0.0816522346870701,0.8379735401685978
26110,LOF,0.25306795926078873,0.006927283251272561,0.7400047574879387
26111,Neutral,0.4983930162482631,0.016778730412504054,0.4848282533392329
26112,LOF,0.0341224120995295,0.008382709527925726,0.9574948783725449
26113,LOF,0.0567037621133165,0.014807658626222712,0.9284885792604609
26114,LOF,0.029876130991383514,0.02531122127899303,0.9448126477296235
26115,LOF,0.1026378453721539,0.06427409353444273,0.8330880610934035
26116,LOF,0.06676206540546369,0.05272923011148691,0.8805087044830495
26117,LOF,0.4274293621059657,0.056719650398190206,0.515850987495844
26118,LOF,0.03637699883851222,0.029655542948659387,0.9339674582128284
26119,LOF,0.022336869555514345,0.04260132186547932,0.9350618085790064
26120,LOF,0.029846648948523267,0.02813364840578656,0.9420197026456902
26121,LOF,0.048517134182602534,0.087264153513262,0.8642187123041355
26122,LOF,0.042747326007521465,0.048759149108017,0.9084935248844614
