feature0,prediction,LoGoFunc_Neutral,LoGoFunc_GOF,LoGoFunc_LOF
25546,Neutral,0.6331716367658912,0.05714012518754849,0.30968823804656026
25547,Neutral,0.5072609727402845,0.09369281105587342,0.39904621620384206
25548,Neutral,0.5274271476897995,0.08129371748234857,0.3912791348278519
25549,Neutral,0.462394315598304,0.08119067502301454,0.4564150093786815
25550,LOF,0.40328767466305565,0.09275885558066313,0.5039534697562812
25551,LOF,0.348441080182094,0.09861847118901461,0.5529404486288914
25552,LOF,0.3196552185036989,0.108759271157873,0.5715855103384281
25553,Neutral,0.7935533196867572,0.04826019448208819,0.15818648583115447
25554,LOF,0.3495704868005432,0.09771545579742431,0.5527140574020325
25555,LOF,0.30971872264519423,0.10166294140492618,0.5886183359498797
25556,Neutral,0.4924977480371525,0.08928214088774705,0.41822011107510054
25557,LOF,0.2950342548251082,0.10109219186484068,0.6038735533100511
25558,LOF,0.35351788983568266,0.09440086950220257,0.5520812406621147
25559,LOF,0.2484574901031122,0.05555251585403385,0.695989994042854
25560,LOF,0.1079082598231656,0.11784972040236111,0.7742420197744733
25561,LOF,0.11949993446656057,0.18240763586929773,0.6980924296641416
25562,LOF,0.03740747772358718,0.0897947388615807,0.8727977834148322
25563,LOF,0.008714794582950868,0.14869443100963406,0.842590774407415
25564,LOF,0.08040369787680293,0.10304700394960269,0.8165492981735945
25565,LOF,0.19199693456989936,0.14954087561151416,0.6584621898185865
25566,GOF,0.0560259484624764,0.7138384088161146,0.230135642721409
25567,LOF,0.05016019263770615,0.17250556323700109,0.7773342441252928
25568,LOF,0.06069485775596209,0.09657084881827135,0.8427342934257664
25569,LOF,0.06399710119160583,0.09245243619165355,0.8435504626167406
25570,LOF,0.02643187010634124,0.13228569749372326,0.8412824323999355
25571,LOF,0.025545223906909945,0.1383759815765064,0.8360787945165835
25572,LOF,0.05508718928722277,0.19908085114676455,0.7458319595660126
25573,LOF,0.06196358174877952,0.1324955687220824,0.8055408495291381
25574,LOF,0.07620046478618014,0.24348406139390305,0.6803154738199167
25575,LOF,0.02362985669988052,0.1593158325403277,0.8170543107597917
25576,LOF,0.025225153396613808,0.22994985410898192,0.7448249924944043
25577,LOF,0.030234772048084273,0.19259559822486108,0.7771696297270546
25578,LOF,0.33110669099384604,0.09734214125257146,0.5715511677535826
25579,LOF,0.23517076428301645,0.09866235626053686,0.6661668794564467
25580,LOF,0.022221468514221937,0.09067469429367869,0.8871038371920994
25581,LOF,0.04937870394184403,0.10370958022988903,0.846911715828267
25582,LOF,0.048540343034606394,0.10153347390532495,0.8499261830600687
25583,LOF,0.02900570356517918,0.10781009531795467,0.8631842011168662
25584,Neutral,0.6990104278339926,0.13107217657642137,0.16991739558958605
25585,LOF,0.023915538367290753,0.21227155583496507,0.7638129057977442
25586,LOF,0.02037341561770332,0.12278236477942825,0.8568442196028685
25587,LOF,0.019989432146393128,0.10715881335039538,0.8728517545032116
25588,LOF,0.023997947666590566,0.09833403646895145,0.8776680158644581
25589,Neutral,0.5399149678228939,0.2263113047099787,0.2337737274671273
25590,LOF,0.05323480686314828,0.14880704928933877,0.797958143847513
25591,LOF,0.07913414711121056,0.09553268862839427,0.8253331642603953
25592,LOF,0.07253065729531973,0.17210890647367477,0.7553604362310056
25593,LOF,0.11941627944319003,0.3031678541762448,0.5774158663805651
25594,LOF,0.057869357361462086,0.030653998514823384,0.9114766441237145
25595,LOF,0.05974946934296848,0.0197361912254825,0.9205143394315489
25596,LOF,0.11484409942959029,0.014457545596177604,0.8706983549742321
25597,LOF,0.08166071834804718,0.014258120169692105,0.9040811614822606
25598,LOF,0.05122802669820614,0.021202331839175206,0.9275696414626187
25599,LOF,0.025759369189622988,0.3592279484639886,0.6150126823463885
25600,LOF,0.16617502854097935,0.35621023529243623,0.47761473616658434
25601,LOF,0.052535909451889365,0.28057464223842193,0.6668894483096888
25602,LOF,0.03288764819928855,0.07736757311017307,0.8897447786905385
25603,LOF,0.047095195498232836,0.07555811260972711,0.87734669189204
25604,LOF,0.049583309202324885,0.1304704225385332,0.819946268259142
25605,LOF,0.043110504428839375,0.21438958516142098,0.7424999104097396
25606,Neutral,0.4058693054608601,0.27157882442779624,0.3225518701113436
25607,LOF,0.03382039343610803,0.27031564880901615,0.6958639577548758
25608,LOF,0.04053797097673926,0.1161519266446794,0.8433101023785814
25609,GOF,0.1515996378436933,0.5970353259219399,0.2513650362343669
25610,LOF,0.017585905932016192,0.06878800319250945,0.9136260908754743
25611,LOF,0.01302658520675661,0.07023679988400663,0.9167366149092366
25612,LOF,0.051231188027943186,0.07687049566671614,0.8718983163053406
25613,LOF,0.051582098389509716,0.06886128775727714,0.879556613853213
25614,LOF,0.02357140139756344,0.06064155735571895,0.9157870412467176
25615,LOF,0.04241633936871155,0.07156399656163126,0.8860196640696572
25616,LOF,0.06025641142305825,0.07239883069039266,0.8673447578865491
25617,LOF,0.046020096675075735,0.07696288606263912,0.8770170172622851
25618,LOF,0.048773256539585724,0.10858732944932416,0.8426394140110901
25619,LOF,0.01413840821706123,0.08635220209347562,0.8995093896894633
25620,LOF,0.05126398028288904,0.07171385829868382,0.8770221614184271
25621,LOF,0.061740933435042306,0.06780825525940601,0.8704508113055517
25622,LOF,0.07330576657513507,0.07469110047775447,0.8520031329471105
25623,LOF,0.0603703973462587,0.07484746816713826,0.864782134486603
25624,LOF,0.021222407663537706,0.07044197032208181,0.9083356220143805
25625,LOF,0.06039257302114708,0.0730210519987821,0.8665863749800709
25626,LOF,0.05032059197767557,0.06623367502907213,0.8834457329932522
25627,Neutral,0.8886630169973743,0.025402673369034078,0.08593430963359153
25628,LOF,0.16050507740130907,0.07093279239141258,0.7685621302072784
25629,LOF,0.06533227907352106,0.07315642901220584,0.8615112919142732
25630,LOF,0.27752382615196775,0.08469191980178525,0.6377842540462471
25631,Neutral,0.5422395838917029,0.06558518659992284,0.39217522950837425
25632,LOF,0.03236163448423451,0.1596068876038732,0.8080314779118922
25633,LOF,0.2405368130392763,0.08937407533443861,0.670089111626285
25634,LOF,0.04395733442624912,0.1534042709191273,0.8026383946546235
25635,LOF,0.03716132316836785,0.07396195286187442,0.8888767239697578
25636,GOF,0.03263622301621859,0.5615802406315841,0.4057835363521974
25637,GOF,0.04761930639119205,0.5136361464344337,0.4387445471743741
25638,LOF,0.025836918631379966,0.4479108820275106,0.5262521993411093
25639,LOF,0.031936694137763615,0.44664356639496827,0.5214197394672682
25640,Neutral,0.8446655798960938,0.09758573637307648,0.05774868373082977
25641,LOF,0.09228257615118166,0.3857238815824248,0.5219935422663935
25642,LOF,0.0894484254509004,0.17576599008160693,0.7347855844674928
25643,LOF,0.2962177724586479,0.10623290012544111,0.5975493274159109
25644,GOF,0.010790608351561691,0.6027462720968779,0.3864631195515604
25645,GOF,0.010999861251297916,0.5613729612818112,0.4276271774668909
25646,LOF,0.020656119586981665,0.374056557622512,0.6052873227905065
25647,LOF,0.010524012595068811,0.27429235322025497,0.7151836341846761
25648,LOF,0.013099316646376298,0.36367390921922554,0.6232267741343981
25649,LOF,0.008365032210388501,0.2691338626743158,0.7225011051152956
25650,GOF,0.027769117345114315,0.5944404738614664,0.3777904087934193
25651,LOF,0.010630640508909439,0.3764826545309877,0.6128867049601029
25652,LOF,0.012924197975035485,0.4189918901740699,0.5680839118508946
25653,GOF,0.040673821542825964,0.562460552191554,0.39686562626562016
25654,LOF,0.011869001411282649,0.27322888326135714,0.7149021153273603
25655,GOF,0.11257310624909625,0.5694145309648173,0.31801236278608636
25656,LOF,0.2698732642472307,0.09368369773538716,0.6364430380173821
25657,LOF,0.03416208121586894,0.09296185305512149,0.8728760657290096
25658,LOF,0.2721945445063897,0.13475335741281524,0.5930520980807952
25659,Neutral,0.43842858913483,0.1534844896717252,0.4080869211934449
25660,LOF,0.02136421716407958,0.11004942410349017,0.8685863587324303
25661,LOF,0.06605383892023874,0.0719208414444699,0.8620253196352913
25662,LOF,0.028227323892001728,0.03981846111838257,0.9319542149896157
25663,LOF,0.02970147259916065,0.03821624134757161,0.9320822860532677
25664,LOF,0.09923469435319822,0.06284921772711276,0.8379160879196891
25665,LOF,0.06540898089889353,0.030707155349423882,0.9038838637516825
25666,LOF,0.06816968154643686,0.056260332968673464,0.8755699854848897
25667,LOF,0.06490999517723403,0.043810933688299344,0.8912790711344666
25668,LOF,0.03033732028011289,0.05577708455839466,0.9138855951614925
25669,LOF,0.022505069629013684,0.05045981314504819,0.9270351172259381
25670,LOF,0.11481377311375945,0.0473727442614468,0.8378134826247938
25671,LOF,0.09557983584789956,0.04074782348552401,0.8636723406665765
25672,LOF,0.05499095891598211,0.0489752471819837,0.8960337939020342
25673,LOF,0.08512533744635624,0.042761235820423335,0.8721134267332203
25674,LOF,0.08136437980686263,0.05869421277164423,0.8599414074214932
25675,LOF,0.07367118066573822,0.07208942230374968,0.8542393970305122
25676,LOF,0.01658220257657607,0.06205658375615927,0.9213612136672645
25677,LOF,0.01627102171443049,0.09263046630665533,0.8910985119789142
25678,LOF,0.15765325807727015,0.1112844022347047,0.731062339688025
25679,LOF,0.10679060578783064,0.11229806060918171,0.7809113336029877
25680,LOF,0.02708857781832351,0.1419033206206262,0.8310081015610503
25681,LOF,0.04155200177647849,0.12746399666752123,0.8309840015560004
25682,LOF,0.11463769903257416,0.07514704711449968,0.8102152538529261
25683,LOF,0.0998510048506553,0.09450024140370422,0.8056487537456406
25684,LOF,0.027776289803511153,0.06108901916777109,0.9111346910287178
25685,LOF,0.12142740010862141,0.08021561001111745,0.7983569898802612
25686,LOF,0.06924763677742506,0.11376351888562267,0.8169888443369523
25687,LOF,0.10930062985068266,0.112717792785962,0.7779815773633553
25688,LOF,0.41682031999450514,0.03443152864315159,0.5487481513623433
25689,LOF,0.2766917016090226,0.0418108771904956,0.6814974212004817
25690,LOF,0.3391194505166004,0.03246658423387973,0.6284139652495199
25691,Neutral,0.7026370660401837,0.030681911197256106,0.26668102276256017
25692,LOF,0.3410942477067971,0.012469589619291059,0.6464361626739118
25693,LOF,0.03629888149011461,0.4755423940299635,0.4881587244799218
25694,LOF,0.12118284681596929,0.020267486215886976,0.8585496669681438
25695,LOF,0.10757701628796636,0.009559219339273516,0.8828637643727603
25696,LOF,0.12088126260274018,0.013230636106148379,0.8658881012911114
25697,LOF,0.060216000594695646,0.07838533195236974,0.8613986674529346
25698,LOF,0.24406971597897825,0.23504298238907156,0.5208873016319502
25699,LOF,0.4366276948998708,0.029020409795877725,0.5343518953042515
25700,LOF,0.0599367351039675,0.009609489460140038,0.9304537754358924
25701,LOF,0.18710526866237429,0.03150096364737942,0.7813937676902463
25702,GOF,0.18992721929911954,0.6554776797762073,0.15459510092467316
25703,LOF,0.0161656701901318,0.1894985927716409,0.7943357370382272
25704,LOF,0.03312716280591638,0.15287118306019476,0.8140016541338888
25705,LOF,0.04459890659364774,0.0761001338105829,0.8793009595957693
25706,GOF,0.11454656271001058,0.47764121859020475,0.40781221869978473
25707,LOF,0.08086719079116074,0.4283795266860755,0.4907532825227637
25708,LOF,0.037731973307360944,0.3843533243186356,0.5779147023740034
25709,LOF,0.08084494092268953,0.03212824725336955,0.8870268118239408
25710,LOF,0.015848895748264234,0.1211880155440794,0.8629630887076564
25711,LOF,0.021469206857472594,0.06842167738976021,0.9101091157527672
25712,LOF,0.017629033068493255,0.1620777811697587,0.820293185761748
25713,LOF,0.018714830399368394,0.06537472805450231,0.9159104415461293
25714,LOF,0.08211373949356791,0.047966559711109545,0.8699197007953227
25715,LOF,0.011234697450059093,0.1116931109420159,0.8770721916079249
25716,LOF,0.010773532181940649,0.09720404975595183,0.8920224180621075
25717,LOF,0.017785762303210488,0.057813078486664476,0.924401159210125
25718,LOF,0.01155310877254188,0.04625144394475981,0.9421954472826984
25719,LOF,0.021179024809621902,0.0631972999901311,0.915623675200247
25720,LOF,0.027368919918829303,0.0433906856525899,0.9292403944285809
25721,LOF,0.011435824632362437,0.05627006935969799,0.9322941060079397
25722,LOF,0.012987985050410157,0.04912802953510714,0.9378839854144827
25723,LOF,0.026253440276355816,0.032393256049826576,0.9413533036738175
25724,LOF,0.0330626502070047,0.06846565549654746,0.8984716942964478
25725,LOF,0.01142468817954201,0.06405165597374939,0.9245236558467087
25726,LOF,0.016668478551132945,0.07682766539693274,0.9065038560519343
25727,LOF,0.013486829890228065,0.04812105239957553,0.9383921177101964
25728,LOF,0.010486454020302929,0.07052824702259698,0.9189852989571001
25729,LOF,0.010744558085781961,0.06893243195262083,0.9203230099615972
25730,LOF,0.014153680215900811,0.0691713948249601,0.9166749249591392
25731,LOF,0.021300288562190475,0.07891477155859078,0.8997849398792187
25732,LOF,0.01290761467305742,0.04604715558254054,0.9410452297444021
25733,LOF,0.014153049553701927,0.05464909868121921,0.931197851765079
25734,LOF,0.01304502515635235,0.11566047403992633,0.8712945008037212
25735,LOF,0.011031924711146262,0.054331797793349144,0.9346362774955046
25736,LOF,0.012392137113515203,0.0600832699226728,0.9275245929638121
25737,LOF,0.012367387029019853,0.09655938105538082,0.8910732319155993
25738,LOF,0.01215306371888181,0.09370193888253277,0.8941449973985854
25739,LOF,0.021561452015676937,0.06115175208600547,0.9172867958983175
25740,LOF,0.030696294840993895,0.10808000809245093,0.8612236970665551
25741,LOF,0.015552198098690287,0.09431897031244728,0.8901288315888625
25742,LOF,0.12751000301515286,0.06676107731866608,0.805728919666181
25743,LOF,0.045748601014769796,0.05928763608027736,0.8949637629049528
25744,Neutral,0.6493463606390233,0.2424499546851376,0.108203684675839
25745,LOF,0.059896358821500566,0.08629125106671076,0.8538123901117887
25746,LOF,0.04281017209686074,0.10996450801498442,0.8472253198881549
25747,LOF,0.017317749112459556,0.12050578726709354,0.8621764636204469
25748,LOF,0.1301973119481958,0.19104893652211738,0.6787537515296869
25749,LOF,0.02908776770462761,0.11006102203879195,0.8608512102565804
25750,LOF,0.06923492231841437,0.1273702641689234,0.8033948135126623
25751,LOF,0.10737093847508253,0.1555859340819705,0.737043127442947
25752,GOF,0.1334008366063599,0.6402591656210721,0.2263399977725681
25753,LOF,0.033659238144345446,0.37586819677526456,0.59047256508039
25754,GOF,0.018260671645040454,0.7964150224227632,0.18532430593219634
25755,LOF,0.03082748657461969,0.3702611993553741,0.5989113140700062
25756,LOF,0.06062091915381757,0.41681515419559445,0.5225639266505879
25757,GOF,0.015928454547897167,0.8774387886352252,0.10663275681687774
25758,GOF,0.02193505813135129,0.8130052143457042,0.16505972752294454
25759,GOF,0.011238374885735933,0.6852265052733244,0.30353511984093956
25760,LOF,0.018396540219423115,0.39616080692847433,0.5854426528521026
25761,GOF,0.2646984525981964,0.6452941195241925,0.09000742787761126
25762,LOF,0.049996885185279005,0.33028638631153057,0.6197167285031904
25763,LOF,0.01708387996745659,0.259936255570731,0.7229798644618123
25764,GOF,0.06340679091618685,0.6996565761799043,0.23693663290390893
25765,GOF,0.03693187342281178,0.7379649482291076,0.2251031783480806
25766,GOF,0.08506456077951156,0.7440368578947054,0.1708985813257831
25767,LOF,0.1608906230357832,0.40782100011955785,0.431288376844659
25768,LOF,0.11681801937058552,0.039004839780881824,0.8441771408485327
25769,LOF,0.05528681817750573,0.062106810872636246,0.8826063709498579
25770,LOF,0.318161863635538,0.11582056575901807,0.5660175706054439
25771,LOF,0.061036285093901126,0.05111137400338009,0.8878523409027187
25772,LOF,0.019142194976957464,0.04977404282296881,0.9310837622000736
25773,LOF,0.06422340687039259,0.0594768603298521,0.8762997327997551
25774,LOF,0.03140877628499492,0.12160063567188109,0.8469905880431241
25775,LOF,0.06522381342637543,0.055121135106524444,0.8796550514671001
25776,LOF,0.07302349019813678,0.03404109549398183,0.8929354143078814
25777,LOF,0.3590373705496069,0.09374313606914222,0.5472194933812509
25778,LOF,0.0713662229567181,0.047054133518395734,0.8815796435248862
25779,GOF,0.4392307714271559,0.504751706807876,0.056017521764968055
25780,GOF,0.342131922397602,0.5450166767815853,0.11285140082081271
25781,GOF,0.11115077311961294,0.7395772317757405,0.1492719951046464
25782,GOF,0.1969736685908363,0.679983033510702,0.12304329789846183
25783,GOF,0.024547975761954954,0.6250681110134053,0.3503839132246397
25784,Neutral,0.552437256306651,0.39379017774647435,0.053772565946874545
25785,Neutral,0.5380650872422084,0.3853425555154004,0.07659235724239119
25786,GOF,0.030174205395768997,0.6765772006281768,0.2932485939760542
25787,Neutral,0.7153938541862827,0.2430158418325157,0.04159030398120152
25788,LOF,0.0556338930358073,0.06053256265513559,0.8838335443090571
25789,GOF,0.20747228578513555,0.5982491146633431,0.1942785995515213
25790,GOF,0.27888332657772247,0.595529840720943,0.1255868327013345
25791,GOF,0.16373246582204481,0.5886849839494261,0.24758255022852893
25792,GOF,0.4032827650025197,0.416172551844149,0.18054468315333141
25793,GOF,0.27880351276999865,0.4033769694693679,0.3178195177606335
25794,GOF,0.32767818333982485,0.42144653630966733,0.2508752803505079
25795,GOF,0.05462058142410217,0.6442035742684158,0.30117584430748207
25796,Neutral,0.5521364335417581,0.3479936047991772,0.09986996165906467
25797,GOF,0.08390482160467659,0.46707875377303254,0.44901642462229086
25798,LOF,0.011352347102337111,0.46724007743560425,0.5214075754620586
25799,LOF,0.008881826685501481,0.40429654071361504,0.5868216326008835
25800,GOF,0.04567400158500168,0.564809063189405,0.38951693522559333
25801,GOF,0.2815255360713191,0.5730611374763412,0.14541332645233973
25802,GOF,0.0810934647736015,0.5746928885943867,0.34421364663201187
25803,GOF,0.047909639511544214,0.48912210869378603,0.46296825179466977
25804,LOF,0.03761251744679874,0.4188080441582351,0.5435794383949663
25805,GOF,0.13758728160122738,0.47994416336361573,0.3824685550351569
25806,GOF,0.14655154911371715,0.4983846668213357,0.35506378406494715
25807,GOF,0.017624827879200805,0.5378578547847844,0.4445173173360148
25808,GOF,0.11590717286526339,0.4522874696944556,0.4318053574402811
25809,GOF,0.0195442355319115,0.5370477205636908,0.4434080439043977
25810,GOF,0.021385153674728347,0.5380784360769776,0.4405364102482941
25811,Neutral,0.5055558677803439,0.4076753521374082,0.08676878008224792
25812,GOF,0.03914891291156034,0.5351729836824463,0.42567810340599344
25813,Neutral,0.6047443378272955,0.2569667426210524,0.13828891955165207
25814,GOF,0.1360944935731395,0.5555427304273174,0.30836277599954304
25815,GOF,0.27108832423511,0.4871554901969681,0.24175618556792203
25816,GOF,0.021153246190315424,0.6343258995565134,0.3445208542531712
25817,GOF,0.19710316763796693,0.6509720423040152,0.15192479005801787
25818,GOF,0.0367852893268819,0.4827508148706112,0.480463895802507
25819,GOF,0.36709329132871077,0.42720932154618535,0.20569738712510394
25820,GOF,0.20554253622694876,0.5326354376362155,0.26182202613683575
25821,GOF,0.06031059373534804,0.6155078951617808,0.3241815111028712
25822,GOF,0.23572988705784378,0.45465211208256967,0.30961800085958663
25823,LOF,0.03131789109855026,0.40822934359162133,0.5604527653098285
25824,LOF,0.07930734655354868,0.4423140848940841,0.47837856855236716
25825,LOF,0.03103717021165251,0.4508694319148467,0.5180933978735008
25826,LOF,0.010095930684481558,0.4291528030590365,0.5607512662564819
25827,GOF,0.015707317316397247,0.5156462668860494,0.4686464157975533
25828,LOF,0.01085600746861771,0.43727939151571543,0.5518646010156668
25829,GOF,0.006116168606879836,0.5031674395358237,0.4907163918572965
25830,LOF,0.04127753720928625,0.21987681361347777,0.7388456491772359
25831,GOF,0.14119119149266682,0.696153751002683,0.1626550575046502
25832,GOF,0.033427247237460433,0.6279291830283812,0.3386435697341584
25833,GOF,0.10842119364157252,0.6241092494807614,0.2674695568776662
25834,GOF,0.03769925116770102,0.61272429471262,0.3495764541196789
25835,GOF,0.08841577939555635,0.558986244780159,0.3525979758242847
25836,GOF,0.04214055475951652,0.5696637384891268,0.3881957067513567
25837,LOF,0.020900787637166716,0.46463450823627145,0.5144647041265619
25838,GOF,0.08386017813499728,0.6565141878366223,0.2596256340283804
25839,GOF,0.3015925458420531,0.475020693073929,0.22338676108401784
25840,GOF,0.22589096383814833,0.5209470498346728,0.2531619863271789
25841,GOF,0.263282368488841,0.5043160553634982,0.23240157614766066
25842,GOF,0.1684656126149968,0.5681194796187328,0.2634149077662704
25843,GOF,0.23205534299684588,0.5868425959283416,0.18110206107481247
25844,GOF,0.0554303206483173,0.5769015253800114,0.36766815397167146
25845,LOF,0.012878739141150891,0.4185319653165291,0.5685892955423201
25846,GOF,0.08737001597248534,0.6740459956026946,0.23858398842482004
25847,GOF,0.12964226135359957,0.6621434717723517,0.2082142668740489
25848,GOF,0.03727682316423591,0.6151182738059544,0.3476049030298098
25849,GOF,0.010455606487925215,0.5097131786577767,0.4798312148542982
25850,GOF,0.023507121156665603,0.5267766922668051,0.44971618657652934
25851,LOF,0.019374225589836258,0.44286952262028917,0.5377562517898745
25852,GOF,0.12720333628339264,0.5220398288764209,0.35075683484018655
25853,GOF,0.340218913247271,0.5505699344947537,0.10921115225797531
25854,GOF,0.016779238208973223,0.6342345609272829,0.3489862008637439
25855,GOF,0.03981062355783995,0.542538900728461,0.41765047571369895
25856,GOF,0.22302326267435443,0.5103968042917788,0.26657993303386684
25857,LOF,0.03300042774585728,0.4783694010597749,0.48863017119436775
25858,GOF,0.01738028704668621,0.5445050361102459,0.4381146768430679
25859,GOF,0.00903729387339195,0.5336109467705639,0.4573517593560441
25860,GOF,0.33247000198164917,0.5286963185098483,0.13883367950850256
25861,GOF,0.3602396014658916,0.5309771315396454,0.10878326699446292
25862,GOF,0.08117296785643087,0.7420672700057158,0.17675976213785322
25863,GOF,0.09190449623456036,0.7496156594892383,0.15847984427620146
25864,GOF,0.18994662125279901,0.6971726995375032,0.11288067920969791
25865,GOF,0.06659162608756967,0.7581498715717782,0.17525850234065238
25866,GOF,0.06124263176515794,0.783415511143373,0.15534185709146892
25867,GOF,0.0874140242582677,0.7730706053564279,0.13951537038530432
25868,GOF,0.25298285246643964,0.5880296745098638,0.15898747302369662
25869,Neutral,0.7057491157366721,0.2450433957764504,0.04920748848687743
25870,LOF,0.2481803113651536,0.20191093836590132,0.5499087502689451
25871,GOF,0.25316606634162914,0.557176538141805,0.18965739551656585
25872,GOF,0.0972058114150923,0.5486301958586355,0.3541639927262723
25873,GOF,0.16831529625447697,0.537653190675641,0.294031513069882
25874,LOF,0.02048833268484241,0.06290271392644503,0.9166089533887126
25875,LOF,0.09694477348278105,0.056731088384158926,0.8463241381330601
25876,LOF,0.023562397184124544,0.065933726619942,0.9105038761959335
25877,Neutral,0.5043725457813969,0.05934895215482148,0.4362785020637816
25878,LOF,0.21779039224157412,0.10282145883997551,0.6793881489184503
25879,LOF,0.10196852590085284,0.13889727122767415,0.759134202871473
25880,LOF,0.022377374387630662,0.02778457236683777,0.9498380532455316
25881,LOF,0.1828617567080486,0.24416339916274207,0.5729748441292093
25882,LOF,0.07442317084681024,0.018367620266589595,0.9072092088866001
25883,LOF,0.08218957018492966,0.04023633552610331,0.8775740942889672
25884,LOF,0.041604503740884174,0.047223420819970705,0.9111720754391452
25885,LOF,0.055261405295117486,0.02487922402296349,0.919859370681919
25886,LOF,0.39897461488020114,0.08984330203087025,0.5111820830889287
25887,LOF,0.18214107812477867,0.13701826025961178,0.6808406616156095
25888,LOF,0.06744715311997568,0.12465761382790658,0.8078952330521177
25889,LOF,0.04675481691205095,0.040677894160969424,0.9125672889269796
25890,LOF,0.05169771502433203,0.15943618676413396,0.7888660982115341
25891,LOF,0.05297654545332039,0.06573949272853317,0.8812839618181465
25892,LOF,0.10563580067928642,0.020206952761326495,0.8741572465593872
25893,LOF,0.3066010767546482,0.013855884299501024,0.6795430389458508
25894,LOF,0.17325707070718704,0.006974081207699139,0.8197688480851139
25895,LOF,0.23198325210635817,0.01556429925694826,0.7524524486366936
25896,LOF,0.04933700312148285,0.017492277986946865,0.9331707188915704
25897,LOF,0.2500264722186169,0.01282887239291775,0.7371446553884653
25898,Neutral,0.7585227474763317,0.009012931745855593,0.23246432077781265
25899,LOF,0.31010450065202727,0.027311607502116617,0.6625838918458561
25900,LOF,0.47338395677190526,0.01395786650479928,0.5126581767232955
25901,LOF,0.056455436623252996,0.010334649710403989,0.9332099136663429
25902,LOF,0.20908690413568895,0.008289247292645038,0.7826238485716661
25903,Neutral,0.5726293815386574,0.023352033249883525,0.40401858521145917
25904,LOF,0.2782950022842375,0.031951912106533246,0.6897530856092292
25905,LOF,0.026783120560975492,0.31965269544981073,0.6535641839892138
25906,LOF,0.027007698143231305,0.07222706787611893,0.9007652339806498
25907,LOF,0.012797312416757132,0.32389960874445217,0.6633030788387907
25908,LOF,0.012661641054683858,0.21878540590949525,0.7685529530358209
25909,LOF,0.014496746958140886,0.15101291813660303,0.834490334905256
25910,LOF,0.05380035599899506,0.12730599998664327,0.8188936440143617
25911,LOF,0.12198158944871211,0.05248063600422264,0.8255377745470652
25912,LOF,0.034541512122833906,0.09485536746752232,0.8706031204096438
25913,LOF,0.2713796011483658,0.031779213760847226,0.696841185090787
25914,LOF,0.024712093084644855,0.14797932222092414,0.827308584694431
25915,Neutral,0.3953113754510296,0.22631547361222032,0.37837315093675006
25916,LOF,0.062155664068208875,0.25317632420636327,0.6846680117254279
25917,LOF,0.061427100326994236,0.06121955182708716,0.8773533478459186
25918,LOF,0.030912765140432206,0.0845509040733126,0.8845363307862553
25919,LOF,0.02567346037138035,0.0934383819283695,0.8808881577002502
25920,GOF,0.10162462002130596,0.5513422916995598,0.34703308827913426
25921,LOF,0.03839179616883761,0.03586772199164538,0.9257404818395171
25922,LOF,0.05101198827621381,0.022627319846203753,0.9263606918775824
25923,LOF,0.4191925966058104,0.021070903429533442,0.5597364999646561
25924,LOF,0.04529050241285349,0.029378579583501735,0.9253309180036446
25925,LOF,0.07499774663037037,0.03637127607271981,0.8886309772969099
25926,LOF,0.05327749820052084,0.020877990500195773,0.9258445112992834
25927,LOF,0.0843659821869419,0.050639033870504765,0.8649949839425533
25928,LOF,0.027882923099861984,0.026490321655261932,0.9456267552448762
25929,Neutral,0.559818869962253,0.024921783489232414,0.41525934654851443
25930,LOF,0.06807269587537648,0.01763122111279282,0.9142960830118307
25931,LOF,0.03817134176462791,0.02179525305308166,0.9400334051822904
25932,LOF,0.031418918924767274,0.01889968901448607,0.9496813920607468
25933,LOF,0.03976607030865534,0.012575971813987938,0.9476579578773568
25934,LOF,0.02740262346345589,0.01461227017483613,0.957985106361708
25935,LOF,0.07464818713347854,0.032256634545390295,0.8930951783211312
25936,LOF,0.0483985851999457,0.018772360538012546,0.9328290542620417
25937,LOF,0.03869823281311604,0.029033605490960068,0.9322681616959237
25938,LOF,0.07154842331573387,0.03859992026131466,0.8898516564229515
25939,LOF,0.04372952401678545,0.013926017222686786,0.9423444587605276
25940,LOF,0.02691398109639078,0.3858841802970901,0.5872018386065191
25941,LOF,0.15026521947164034,0.0933821509120972,0.7563526296162624
25942,LOF,0.013129637723193513,0.04663508786200542,0.940235274414801
25943,LOF,0.32351711961743135,0.08754996929415902,0.5889329110884096
25944,Neutral,0.5180241715977524,0.04522107030481943,0.4367547580974282
25945,LOF,0.06159049535426159,0.031078228282979077,0.9073312763627593
25946,LOF,0.03894337721310061,0.14234048287066184,0.8187161399162376
25947,LOF,0.11531232097563338,0.1761863711548939,0.7085013078694727
25948,LOF,0.4090507809293195,0.015181237692734634,0.5757679813779458
25949,LOF,0.0812930480848087,0.06528821650186083,0.8534187354133306
25950,GOF,0.24286629610109253,0.4450329435458265,0.31210076035308104
25951,LOF,0.30103465755374315,0.21176072477861468,0.48720461766764217
25952,LOF,0.04894024075304973,0.47110140628314273,0.4799583529638075
25953,LOF,0.1439845272161555,0.10782708634666585,0.7481883864371787
25954,LOF,0.35015163221249124,0.2721924943565581,0.37765587343095064
25955,LOF,0.06134784364555747,0.07649848417550129,0.8621536721789412
25956,LOF,0.19504502359430836,0.05568600246534352,0.7492689739403482
25957,LOF,0.049026254516056376,0.024884169383411512,0.926089576100532
25958,LOF,0.058789912026971584,0.03519813419817943,0.906011953774849
25959,LOF,0.06506686026597412,0.4054317038120303,0.5295014359219956
25960,LOF,0.020946095361703006,0.055014749898770546,0.9240391547395266
25961,LOF,0.048486464308174784,0.04348696140154647,0.9080265742902788
25962,LOF,0.06554708591642572,0.03534532559149928,0.899107588492075
25963,LOF,0.062088864664721785,0.18387269717758326,0.754038438157695
25964,LOF,0.03749545788284852,0.17460684233583354,0.7878976997813179
25965,Neutral,0.4804628239433996,0.08038081386891073,0.4391563621876896
25966,Neutral,0.36423352468006887,0.3242767024900701,0.3114897728298612
25967,LOF,0.014750447718318887,0.11510874444024516,0.8701408078414359
25968,LOF,0.03893762729281057,0.4357025127488801,0.5253598599583094
25969,LOF,0.028441606904749,0.06125969792527148,0.9102986951699794
25970,LOF,0.06659492896544493,0.06066540684735379,0.8727396641872013
25971,LOF,0.0864560634014185,0.02719370558171326,0.8863502310168683
25972,LOF,0.08493355781185104,0.041784273326769567,0.8732821688613793
25973,LOF,0.08895005709133982,0.010870292248681725,0.9001796506599785
25974,LOF,0.2501635663162207,0.019276392096833236,0.7305600415869461
25975,LOF,0.05333995555180843,0.031994353079142876,0.9146656913690486
25976,LOF,0.04013784821799108,0.02695052515973218,0.9329116266222767
25977,LOF,0.1298604344307625,0.1327713899083974,0.73736817566084
25978,LOF,0.11697132994428068,0.1255123925231393,0.7575162775325801
25979,LOF,0.12134648286704935,0.10565638777623944,0.7729971293567113
25980,LOF,0.15363427607640925,0.16356782904077743,0.6827978948828133
25981,LOF,0.18649317742461,0.15836654099432584,0.6551402815810641
25982,LOF,0.3673179844749887,0.10815671939004837,0.5245252961349629
25983,LOF,0.34954631212838644,0.09850434323393378,0.5519493446376798
25984,LOF,0.05474114555512003,0.09543206199010477,0.8498267924547751
25985,LOF,0.019436595677674282,0.31848983733793784,0.6620735669843879
25986,LOF,0.02449605468104327,0.30960397847248694,0.6658999668464698
25987,LOF,0.08284251375933671,0.11712540759988622,0.800032078640777
25988,LOF,0.12231685998774917,0.09142868046449247,0.7862544595477584
25989,LOF,0.02497550785131647,0.14688993902170128,0.8281345531269824
25990,LOF,0.03592607656261591,0.12615744237741924,0.8379164810599649
25991,GOF,0.1221173898990882,0.4580095313726616,0.41987307872825025
25992,LOF,0.2751752040045503,0.29940182847134755,0.4254229675241021
25993,LOF,0.02243184396749198,0.12152179913950216,0.8560463568930059
25994,LOF,0.015270764944444739,0.14799994792388582,0.8367292871316694
25995,LOF,0.024624257605858263,0.18464475174618417,0.7907309906479575
25996,GOF,0.18694469689196896,0.571684075083506,0.24137122802452493
25997,GOF,0.06567327371273585,0.5526196639649446,0.38170706232231966
25998,Neutral,0.6053531469482321,0.022302709394175353,0.37234414365759255
25999,LOF,0.14886138622100412,0.1441955909583053,0.7069430228206904
26000,LOF,0.11337717153647252,0.031972084891923803,0.8546507435716038
26001,LOF,0.1907589685474062,0.0331111670021541,0.7761298644504396
26002,LOF,0.13841807431071518,0.03353372803240646,0.8280481976568784
26003,GOF,0.009976768284237955,0.7112907388780487,0.27873249283771323
26004,GOF,0.02406521412107011,0.7573142799566028,0.21862050592232693
26005,GOF,0.009869426183449064,0.6151510362016593,0.37497953761489156
26006,Neutral,0.5048050296228564,0.321748839019412,0.17344613135773154
26007,GOF,0.01677841765235096,0.6552210878012844,0.32800049454636465
26008,GOF,0.02079672565615701,0.6547741327673179,0.32442914157652514
26009,GOF,0.031378628723129263,0.7203830835829667,0.24823828769390416
26010,GOF,0.024795307227125217,0.807561112871035,0.16764357990183973
26011,GOF,0.009302351491543775,0.5609768506063018,0.4297207979021544
26012,GOF,0.02044186721251131,0.6543919263504969,0.32516620643699173
26013,GOF,0.015533732749717548,0.7344992714692096,0.2499669957810729
26014,LOF,0.037954593105339544,0.21706556056993326,0.7449798463247271
26015,LOF,0.19999589663881714,0.010198608204256013,0.7898054951569269
26016,LOF,0.268727690180578,0.04916746619974497,0.6821048436196769
26017,LOF,0.17776101142937759,0.09187119389344114,0.7303677946771812
26018,LOF,0.0802542454004261,0.0312934187396999,0.8884523358598739
26019,LOF,0.08052450764455525,0.023190401103086133,0.8962850912523586
26020,LOF,0.05563434153143664,0.13376484717494674,0.8106008112936166
26021,LOF,0.053751767045688334,0.16346228072890673,0.782785952225405
26022,LOF,0.009684417707756921,0.07192319861281524,0.9183923836794279
26023,LOF,0.10649587887884236,0.02207892355810234,0.8714251975630553
26024,LOF,0.028509402658929983,0.12230049264296566,0.8491901046981043
26025,LOF,0.14387118287004547,0.0861333243518123,0.7699954927781423
26026,LOF,0.3044099149699553,0.016028543091450277,0.6795615419385944
26027,LOF,0.07739911357555727,0.016786747432448654,0.905814138991994
26028,LOF,0.17889108803185266,0.09688351095210841,0.7242254010160389
26029,LOF,0.09822660516060894,0.1477326253603706,0.7540407694790204
26030,LOF,0.03288773155715741,0.06002513768941949,0.9070871307534232
26031,LOF,0.03799406307178272,0.1255206669777612,0.8364852699504561
26032,LOF,0.08208487181529993,0.05660859005999187,0.8613065381247081
26033,LOF,0.1368288792771009,0.06371069388277162,0.7994604268401275
26034,LOF,0.057972122636519165,0.11751230380844002,0.8245155735550407
26035,LOF,0.039396708188462304,0.10376885542042046,0.8568344363911172
26036,LOF,0.058477450906908285,0.12245926464717324,0.8190632844459186
26037,LOF,0.03134835125978274,0.10042995962285356,0.8682216891173636
26038,LOF,0.07718170724194076,0.05089638402315357,0.8719219087349056
26039,LOF,0.07939195711904543,0.10834086033006904,0.8122671825508855
26040,LOF,0.24601516624663086,0.09210184128713654,0.6618829924662326
26041,LOF,0.031285782820917915,0.09372908914537349,0.8749851280337086
26042,LOF,0.03163734606348453,0.09471705624951206,0.8736455976870035
26043,LOF,0.07507010415494249,0.0664639583031575,0.8584659375418999
26044,LOF,0.03145501891885784,0.06412690245850138,0.9044180786226408
26045,LOF,0.10507188809290982,0.08438880972317366,0.8105393021839166
26046,LOF,0.07882211983356757,0.06989165210167737,0.8512862280647551
26047,LOF,0.11360283211001553,0.08131534361249594,0.8050818242774884
26048,LOF,0.06320620372775969,0.05825274986366571,0.8785410464085747
26049,Neutral,0.9506153362064897,0.00938269600361774,0.040001967789892595
26050,Neutral,0.9284517349135594,0.010468579014418774,0.06107968607202197
26051,GOF,0.04759267448989637,0.48361201415649685,0.4687953113536066
26052,GOF,0.05604486390217446,0.5227996377914274,0.4211554983063981
26053,LOF,0.06370354633667694,0.21348227957498045,0.7228141740883426
26054,LOF,0.05931850831584722,0.046499962207758073,0.8941815294763948
26055,LOF,0.07408248155495767,0.03588725704314483,0.8900302614018974
26056,LOF,0.06447359451076344,0.0416906410243237,0.8938357644649129
26057,LOF,0.032256784294619464,0.019278649311600116,0.9484645663937804
26058,LOF,0.03249700006363411,0.017249432774793984,0.9502535671615719
26059,LOF,0.27060400339301816,0.06060379639454084,0.6687922002124411
26060,LOF,0.027102600649746865,0.3292097769195982,0.643687622430655
26061,LOF,0.01953720494998064,0.027982811894766795,0.9524799831552526
26062,LOF,0.0121527889198274,0.042281599783642564,0.9455656112965299
26063,LOF,0.02180838976138562,0.020563541731121335,0.9576280685074932
26064,LOF,0.02426310544520793,0.025384873512626076,0.950352021042166
26065,LOF,0.025076291252067184,0.023443004186881475,0.9514807045610514
26066,LOF,0.020283094050248546,0.021798808897738504,0.9579180970520129
26067,LOF,0.025644272573356795,0.017009368864354484,0.9573463585622888
26068,LOF,0.04772098822035106,0.061387359114128556,0.8908916526655204
26069,LOF,0.2754147334515235,0.04512550328348571,0.6794597632649907
26070,LOF,0.4108962210200036,0.030686122468350587,0.5584176565116459
26071,LOF,0.02220036103251077,0.026273094226670173,0.9515265447408191
26072,LOF,0.02499341209339515,0.04281634724484249,0.9321902406617624
26073,LOF,0.02303829151059186,0.02117984787729708,0.9557818606121111
26074,Neutral,0.9315243268463116,0.007854262853691242,0.06062141029999716
26075,LOF,0.04666384915810801,0.030788415884158336,0.9225477349577336
26076,LOF,0.04219554291476765,0.016761119511769115,0.9410433375734633
26077,LOF,0.009492876782037817,0.04961063874726256,0.9408964844706996
26078,LOF,0.015258075663869745,0.0246559679577085,0.9600859563784219
26079,LOF,0.052992066745915306,0.035224399442975875,0.9117835338111089
26080,LOF,0.05297471824672008,0.035332552750277274,0.9116927290030027
26081,LOF,0.03760119665246733,0.013695424847690782,0.948703378499842
26082,LOF,0.01908534507623934,0.04037716832001654,0.9405374866037441
26083,LOF,0.14128734074235377,0.023345820085937597,0.8353668391717086
26084,LOF,0.02555156690430771,0.033601809989612964,0.9408466231060792
26085,LOF,0.022618083230642565,0.030184386711995005,0.9471975300573624
26086,LOF,0.022342669769571617,0.02444831211721828,0.9532090181132102
26087,LOF,0.02437750879956647,0.01639069658496572,0.9592317946154679
26088,LOF,0.019718134028130385,0.0451234847239532,0.9351583812479163
26089,LOF,0.04793655618506775,0.042478597654634055,0.9095848461602982
26090,LOF,0.046091277304345785,0.03460172902362888,0.9193069936720253
26091,LOF,0.03990410663397141,0.011621624296936863,0.9484742690690917
26092,LOF,0.028204934522824646,0.018239479309753653,0.9535555861674216
26093,LOF,0.040344147137818365,0.01169113760249463,0.947964715259687
26094,LOF,0.04599930044190692,0.010730021126295541,0.9432706784317975
26095,LOF,0.052297133634466905,0.03628535494185848,0.9114175114236746
26096,LOF,0.017254901233070104,0.025017606459814518,0.9577274923071153
26097,LOF,0.010899105162954724,0.09999766587024186,0.8891032289668034
26098,LOF,0.06887755975633915,0.02970555488335387,0.901416885360307
26099,LOF,0.024781412009254683,0.03057459864740766,0.9446439893433377
26100,LOF,0.026404604969995315,0.029094933846769595,0.9445004611832349
26101,LOF,0.054702908019029384,0.026060099661911567,0.9192369923190591
26102,LOF,0.026745696150768508,0.022547356766791437,0.9507069470824402
26103,Neutral,0.8881692279554568,0.0364995774851183,0.07533119455942487
26104,LOF,0.06848352750511782,0.05651762093605367,0.8749988515588286
26105,LOF,0.2062518758659215,0.30662864290984515,0.48711948122423343
26106,LOF,0.19118532868742266,0.15371576737751572,0.6550989039350616
26107,LOF,0.22419641705534304,0.1437526633069385,0.6320509196377184
26108,LOF,0.2601747344834008,0.16070394499997837,0.5791213205166208
26109,LOF,0.061846717367692476,0.1370233042944384,0.8011299783378691
26110,LOF,0.26256767900434985,0.009138384495136103,0.728293936500514
26111,LOF,0.4688848362491134,0.018456715271466004,0.5126584484794207
26112,LOF,0.037977089421383656,0.010537818061007535,0.9514850925176088
26113,LOF,0.05615889475762189,0.017479351094977225,0.926361754147401
26114,LOF,0.01869316828724893,0.030974435919098806,0.9503323957936524
26115,LOF,0.08382217216952259,0.04979873072426991,0.8663790971062075
26116,LOF,0.04712393829714698,0.05383427078202792,0.8990417909208251
26117,LOF,0.3563578140783336,0.07394599753154658,0.5696961883901197
26118,LOF,0.034437769378601144,0.04585437537406025,0.9197078552473386
26119,LOF,0.022162862777000004,0.05481749426075427,0.9230196429622456
26120,LOF,0.027581125943282617,0.030843448677090417,0.9415754253796269
26121,LOF,0.06751283915217238,0.12041449529061514,0.8120726655572125
26122,LOF,0.06641312445579459,0.046092742231689875,0.8874941333125157
