feature0,prediction,LoGoFunc_Neutral,LoGoFunc_GOF,LoGoFunc_LOF
25546,Neutral,0.5838647859970173,0.07142613823038091,0.34470907577260185
25547,Neutral,0.498770114222596,0.10945537261916022,0.39177451315824374
25548,LOF,0.4438269108137146,0.11018159887483304,0.4459914903114523
25549,LOF,0.4116799125876195,0.10928097716301848,0.4790391102493622
25550,LOF,0.3905100378476556,0.10851930604242846,0.500970656109916
25551,LOF,0.3095557599921591,0.10602688659190047,0.5844173534159405
25552,LOF,0.27688115002188446,0.1386669452135419,0.5844519047645736
25553,Neutral,0.7608147934160595,0.05467391825503717,0.18451128832890326
25554,LOF,0.31612667096773667,0.10917437055073262,0.5746989584815307
25555,LOF,0.26501022593146384,0.11131934406946645,0.6236704299990696
25556,LOF,0.447392322074253,0.1045603385884659,0.44804733933728114
25557,LOF,0.2489849330965658,0.11901116251874544,0.6320039043846888
25558,LOF,0.3127243962022433,0.11045771377714445,0.5768178900206122
25559,LOF,0.3021826874634179,0.05367508796716667,0.6441422245694154
25560,LOF,0.10095113693278361,0.16065157989660955,0.7383972831706068
25561,LOF,0.06946410017953969,0.2915382776097084,0.638997622210752
25562,LOF,0.03657139398936293,0.1034025291577578,0.8600260768528792
25563,LOF,0.006853041431107957,0.21607582246240958,0.7770711361064825
25564,LOF,0.07921111998578109,0.06225793549334299,0.8585309445208759
25565,LOF,0.18587513775853926,0.13356281395714167,0.6805620482843191
25566,GOF,0.06612774745266868,0.7205425007735305,0.21332975177380073
25567,LOF,0.04535261179011676,0.1118841217019351,0.8427632665079482
25568,LOF,0.07141235339856228,0.08550161872667328,0.8430860278747645
25569,LOF,0.06888612506406869,0.0850834425144248,0.8460304324215066
25570,LOF,0.031309904510029754,0.10929005744765125,0.8594000380423189
25571,LOF,0.03086792518889695,0.10458758214611354,0.8645444926649896
25572,LOF,0.057234435033185864,0.12273272878497,0.8200328361818441
25573,LOF,0.07461977719144579,0.12090357330935131,0.8044766494992028
25574,LOF,0.09650488937669627,0.23632466742496988,0.6671704431983337
25575,LOF,0.028141331049036013,0.11239713667379712,0.8594615322771669
25576,LOF,0.025443842780577108,0.1539984796714638,0.820557677547959
25577,LOF,0.029258862060328572,0.1241086007593328,0.8466325371803387
25578,LOF,0.28843628025059115,0.08908165364171698,0.622482066107692
25579,LOF,0.2903227263252259,0.08711328899270115,0.622563984682073
25580,LOF,0.028901820706859614,0.08662219637575552,0.8844759829173849
25581,LOF,0.04537730176471944,0.12222919317513332,0.8323935050601473
25582,LOF,0.04537730176471944,0.12222919317513332,0.8323935050601473
25583,LOF,0.03954095367800676,0.09679355339686889,0.8636654929251244
25584,Neutral,0.782261129995596,0.07784654855244838,0.13989232145195554
25585,LOF,0.027596202834267072,0.11025221661049374,0.8621515805552392
25586,LOF,0.02533241381133541,0.10374827489168105,0.8709193112969835
25587,LOF,0.02570944637864826,0.10769908846611773,0.866591465155234
25588,LOF,0.030775651949557826,0.08308387566250258,0.8861404723879396
25589,Neutral,0.650476062323101,0.16171937764038483,0.18780456003651427
25590,LOF,0.06745059358086485,0.11578058672789808,0.8167688196912369
25591,LOF,0.11618487668803522,0.08143625034770571,0.802378872964259
25592,LOF,0.10006027179794728,0.18673494575960078,0.713204782442452
25593,LOF,0.1513671705875849,0.3431193957409923,0.5055134336714228
25594,LOF,0.04761090187809636,0.05035695525549918,0.9020321428664044
25595,LOF,0.0574989692664718,0.031458548472993876,0.9110424822605343
25596,LOF,0.15574808372314206,0.01528395499680599,0.8289679612800519
25597,LOF,0.11393221350160422,0.008505230238753688,0.8775625562596421
25598,LOF,0.05468613116611086,0.03181632477599362,0.9134975440578954
25599,GOF,0.02574505112008416,0.5821713220859899,0.392083626793926
25600,GOF,0.17114868640120448,0.43189763977749435,0.39695367382130126
25601,LOF,0.040431844985483405,0.3908061771338169,0.5687619778806997
25602,LOF,0.034441988916637106,0.07067666089569553,0.8948813501876673
25603,LOF,0.06930180928109349,0.05387802032611839,0.8768201703927881
25604,LOF,0.06845676605591933,0.11317534225060301,0.8183678916934777
25605,LOF,0.07553438896717908,0.17556973984688626,0.7488958711859348
25606,Neutral,0.5215533845154045,0.1922484133820276,0.28619820210256786
25607,LOF,0.04311004804017327,0.17065752477153742,0.7862324271882892
25608,LOF,0.06516915162496825,0.0950383706263669,0.839792477748665
25609,GOF,0.12182873584016514,0.5599749806149222,0.3181962835449127
25610,LOF,0.022904915885817122,0.06042435346999819,0.9166707306441846
25611,LOF,0.016892861071023814,0.05747192568573145,0.9256352132432447
25612,LOF,0.07834333475366972,0.05944979044828865,0.8622068747980417
25613,LOF,0.07241432999564333,0.06409131047390089,0.8634943595304557
25614,LOF,0.025717975106949034,0.05662976220556817,0.9176522626874829
25615,LOF,0.07585850005374702,0.06540596437983025,0.8587355355664228
25616,LOF,0.08799770403683396,0.052537422553004455,0.8594648734101616
25617,LOF,0.06346368540249829,0.06209234139294378,0.8744439732045579
25618,LOF,0.07915896249311592,0.16119311151737029,0.7596479259895137
25619,LOF,0.01612946610544909,0.08895890655797069,0.8949116273365803
25620,LOF,0.057660123658814004,0.05893351783559306,0.883406358505593
25621,LOF,0.08590376684805313,0.07223074413004532,0.8418654890219016
25622,LOF,0.09948929489480078,0.07502379495068624,0.8254869101545129
25623,LOF,0.08216788324534123,0.05486234086582149,0.8629697758888374
25624,LOF,0.02396452006712096,0.059670912749642584,0.9163645671832366
25625,LOF,0.072415580410992,0.059130253072751514,0.8684541665162565
25626,LOF,0.05270462695408501,0.04628412644831696,0.9010112465975979
25627,Neutral,0.8629956665322097,0.037077567970501275,0.0999267654972889
25628,LOF,0.16402035976158919,0.09738438561632518,0.7385952546220856
25629,LOF,0.06333962637341183,0.08311329849837863,0.8535470751282095
25630,LOF,0.25013350363615144,0.09690413506520604,0.6529623612986425
25631,Neutral,0.46231224084463773,0.08413590169430844,0.453551857461054
25632,LOF,0.021353498993043948,0.05872686339341543,0.9199196376135407
25633,LOF,0.2881109428912918,0.02011127956321144,0.6917777775454969
25634,LOF,0.0488255641911943,0.0383113871104016,0.9128630486984042
25635,LOF,0.03235769905155066,0.02517767166396537,0.9424646292844839
25636,GOF,0.025836530934374092,0.5833350675795856,0.39082840148604037
25637,GOF,0.030122927760480603,0.4943767971473304,0.47550027509218906
25638,GOF,0.016720892733549826,0.5700834126438604,0.4131956946225897
25639,LOF,0.02287718495353563,0.4148347078213299,0.5622881072251344
25640,Neutral,0.8490434967064817,0.11995300177335358,0.031003501520164782
25641,LOF,0.1237299357164606,0.3075096017398697,0.5687604625436696
25642,LOF,0.12159481020001237,0.19518847608464435,0.6832167137153433
25643,Neutral,0.40313889678560044,0.21539900631129616,0.38146209690310345
25644,GOF,0.008842736145940885,0.678670356176767,0.31248690767729215
25645,GOF,0.009637363029711342,0.63865211901571,0.3517105179545786
25646,GOF,0.016075061235634364,0.49542868984404126,0.48849624892032445
25647,LOF,0.009368313392806015,0.42277313896306473,0.5678585476441292
25648,LOF,0.010773418454669424,0.4189256661822723,0.5703009153630583
25649,LOF,0.007661472016073276,0.300772500148269,0.6915660278356577
25650,GOF,0.024354455411956268,0.6161015170650598,0.35954402752298403
25651,LOF,0.00866059340573558,0.4428541898277347,0.5484852167665296
25652,GOF,0.007562879850946736,0.5715053414580494,0.4209317786910039
25653,GOF,0.02464612474733873,0.6716877224934353,0.30366615275922604
25654,GOF,0.00769549729611906,0.500570280325945,0.491734222377936
25655,GOF,0.06897855344641927,0.7490435681168126,0.18197787843676805
25656,LOF,0.22970633807640614,0.23829619743872837,0.5319974644848654
25657,LOF,0.02714839400156355,0.2622091691123302,0.7106424368861063
25658,LOF,0.185513087512609,0.2383569083437198,0.5761300041436712
25659,LOF,0.28926880878440986,0.328652220206711,0.38207897100887905
25660,LOF,0.0270923793920302,0.21251122787036963,0.7603963927376001
25661,LOF,0.05547425600408762,0.1414580403333312,0.8030677036625812
25662,LOF,0.021405512099095646,0.09591670734965016,0.8826777805512542
25663,LOF,0.025159231980850263,0.0838262949970174,0.8910144730221324
25664,LOF,0.0719362330466902,0.1420343386355223,0.7860294283177875
25665,LOF,0.04049774171442739,0.06898686799185534,0.8905153902937172
25666,LOF,0.06113337406593396,0.11185517544737592,0.8270114504866901
25667,LOF,0.05723521308470323,0.1049064826302306,0.8378583042850661
25668,LOF,0.019967739076484817,0.11812902658322028,0.8619032343402948
25669,LOF,0.01940867026451228,0.12127572043221163,0.8593156093032761
25670,LOF,0.10230405052250127,0.08201019360309096,0.8156857558744078
25671,LOF,0.07376998571105452,0.08213435610733356,0.8440956581816119
25672,LOF,0.03829435145913481,0.10371533755705821,0.857990310983807
25673,LOF,0.07182780848634007,0.10252390628996864,0.8256482852236912
25674,LOF,0.06520527607716368,0.12982738551892886,0.8049673384039076
25675,LOF,0.06324267978860029,0.13775105047172095,0.7990062697396788
25676,LOF,0.016561921978239882,0.12074831480434486,0.8626897632174153
25677,LOF,0.01787311030204145,0.16388369619407067,0.8182431935038877
25678,LOF,0.1525153985439081,0.18649009860913576,0.6609945028469562
25679,LOF,0.12042697360151267,0.15387748568526394,0.7256955407132233
25680,LOF,0.017354752345970594,0.22293643904774146,0.7597088086062879
25681,LOF,0.028386475912011835,0.20700312665321458,0.7646103974347735
25682,LOF,0.07103976352825557,0.12218346746747663,0.8067767690042678
25683,LOF,0.06954499129887805,0.13576449414285446,0.7946905145582676
25684,LOF,0.02329180369680404,0.1365476621915526,0.8401605341116434
25685,LOF,0.09912546156680598,0.17482548819435473,0.7260490502388394
25686,LOF,0.057725150503742266,0.29288284646442875,0.649392003031829
25687,LOF,0.11034532166266939,0.27420118778582636,0.6154534905515042
25688,LOF,0.4033049069624841,0.029839696815509624,0.5668553962220062
25689,LOF,0.24441644205157767,0.02902659436231212,0.7265569635861102
25690,LOF,0.3324047669691509,0.030636044507204006,0.636959188523645
25691,Neutral,0.7072146711108362,0.03178192870035693,0.26100340018880674
25692,LOF,0.3717602016987368,0.012555001190395406,0.6156847971108679
25693,LOF,0.0545624735622718,0.41297637384593305,0.532461152591795
25694,LOF,0.09798295004944789,0.018438305432498678,0.8835787445180533
25695,LOF,0.10278351787039793,0.012373615057230856,0.8848428670723711
25696,LOF,0.09451157221091917,0.018858810249671877,0.886629617539409
25697,LOF,0.04947894928538489,0.06312434653213857,0.8873967041824765
25698,LOF,0.29957355438092925,0.1541112135409182,0.5463152320781526
25699,LOF,0.3747401559590063,0.1376072192695713,0.4876526247714224
25700,LOF,0.06376581588513604,0.018342489415770994,0.917891694699093
25701,LOF,0.1603692466526692,0.07759105810437095,0.7620396952429599
25702,GOF,0.21617659141224593,0.701038949997149,0.08278445859060514
25703,LOF,0.017249497498758575,0.3441956450186731,0.6385548574825682
25704,LOF,0.02905695111862968,0.2604862808963743,0.7104567679849959
25705,LOF,0.020419789752726045,0.18687023806579062,0.7927099721814834
25706,GOF,0.09074200353233378,0.557527604402214,0.35173039206545226
25707,GOF,0.08776289301558084,0.4643573053137977,0.4478798016706214
25708,GOF,0.043806190044273614,0.5298043730325781,0.42638943692314824
25709,LOF,0.055138642294641556,0.112468867671798,0.8323924900335604
25710,LOF,0.012084396533293998,0.2597727086164052,0.7281428948503007
25711,LOF,0.01680570357550046,0.1642543669717433,0.8189399294527562
25712,LOF,0.011236780598679693,0.3043225687636904,0.6844406506376298
25713,LOF,0.015542376971378778,0.14667413455245693,0.8377834884761644
25714,LOF,0.06075192650628034,0.16444017321680168,0.774807900276918
25715,LOF,0.010328476693753445,0.21815796934684153,0.7715135539594049
25716,LOF,0.010097044544651388,0.23403626072428038,0.7558666947310682
25717,LOF,0.01177203772890327,0.1629833721645723,0.8252445901065244
25718,LOF,0.01101728794668288,0.12156930921238225,0.8674134028409348
25719,LOF,0.024006244136653972,0.16439046995662712,0.8116032859067189
25720,LOF,0.028152074150488402,0.09139842854209836,0.8804494973074133
25721,LOF,0.010549469660425501,0.1924854947824258,0.7969650355571487
25722,LOF,0.011011576161757288,0.18314746936367493,0.8058409544745677
25723,LOF,0.01949918002682615,0.1310522810816991,0.8494485388914746
25724,LOF,0.034472587970450906,0.29568516018012114,0.6698422518494279
25725,LOF,0.010147351642922266,0.1778356832512019,0.8120169651058758
25726,LOF,0.011213220565132073,0.19038211150398204,0.7984046679308859
25727,LOF,0.012889728010110306,0.17634156802087558,0.810768703969014
25728,LOF,0.009881711256063573,0.21608470592514928,0.7740335828187871
25729,LOF,0.010192388541196303,0.2140209875056357,0.775786623953168
25730,LOF,0.010750125279303064,0.21563242107034297,0.7736174536503541
25731,LOF,0.01155138652926676,0.2315727155107659,0.7568758979599673
25732,LOF,0.01125611673465778,0.11097933079180872,0.8777645524735334
25733,LOF,0.01618666412001603,0.12942439712258688,0.8543889387573972
25734,LOF,0.0126076822719794,0.2526553296584972,0.7347369880695234
25735,LOF,0.010452656633482736,0.1419880818010283,0.8475592615654891
25736,LOF,0.010946825595622097,0.14974561320275767,0.8393075612016202
25737,LOF,0.011876264656442889,0.16532077803343798,0.8228029573101192
25738,LOF,0.011388809465854608,0.19779049593584275,0.7908206945983027
25739,LOF,0.01695648867820796,0.15353250553338899,0.829511005788403
25740,LOF,0.027702087646132453,0.2065211606313077,0.7657767517225599
25741,LOF,0.013517251459168426,0.2143429326079158,0.7721398159329157
25742,LOF,0.10691359351995362,0.12423052169725195,0.7688558847827945
25743,LOF,0.04725442462975748,0.03704291168326898,0.9157026636869735
25744,Neutral,0.656507337471227,0.15217178500481615,0.19132087752395682
25745,LOF,0.05575799196115869,0.07687977029716611,0.8673622377416753
25746,LOF,0.03454996151517583,0.10716092420922033,0.858289114275604
25747,LOF,0.015876288988694674,0.11213602124323623,0.8719876897680691
25748,LOF,0.10927694158394652,0.19189029855915263,0.6988327598569009
25749,LOF,0.025541813964943698,0.114111317405181,0.8603468686298754
25750,LOF,0.05023851469976109,0.10358223993640016,0.8461792453638388
25751,LOF,0.08507382054194865,0.1323049138144905,0.7826212656435608
25752,GOF,0.11762684929187746,0.6939779533551945,0.18839519735292812
25753,LOF,0.03213571188268273,0.38105422560184843,0.5868100625154689
25754,GOF,0.02586524164294025,0.7575773657832996,0.21655739257376017
25755,LOF,0.03184006714622235,0.35196974598084596,0.6161901868729316
25756,GOF,0.04252498811974266,0.4811056154073453,0.47636939647291204
25757,GOF,0.020242594032488678,0.8623217402407398,0.11743566572677142
25758,GOF,0.030952099119944343,0.8428835228532027,0.12616437802685296
25759,GOF,0.018318262904401524,0.7587784837390646,0.2229032533565338
25760,LOF,0.02342716233850171,0.3900420698193018,0.5865307678421964
25761,GOF,0.2915900384049812,0.6517299640018569,0.05667999759316188
25762,LOF,0.04731924482522279,0.44214539599961883,0.5105353591751585
25763,LOF,0.020072019247066555,0.2957080629066212,0.6842199178463123
25764,GOF,0.06949615254963788,0.7958044307743958,0.13469941667596644
25765,GOF,0.04120890463601106,0.805245476335292,0.153545619028697
25766,GOF,0.08200411167959296,0.8188228544279408,0.09917303389246616
25767,GOF,0.12753708375226014,0.6338646760621309,0.23859824018560882
25768,LOF,0.09334005054198685,0.05991685531159099,0.8467430941464221
25769,LOF,0.05413427022430657,0.05370318145282714,0.8921625483228662
25770,LOF,0.3142985660675331,0.055353212721860126,0.6303482212106067
25771,LOF,0.0534072506609956,0.036165195432246014,0.9104275539067583
25772,LOF,0.016489064239822614,0.04641739465231622,0.9370935411078611
25773,LOF,0.05527729868342649,0.03320712725803694,0.9115155740585367
25774,LOF,0.02951991605343726,0.09259381288325697,0.8778862710633057
25775,LOF,0.07237745737745961,0.02725170769652086,0.9003708349260195
25776,LOF,0.06778239922158664,0.027647927070228243,0.904569673708185
25777,Neutral,0.4897855677912474,0.03238583405044763,0.4778285981583051
25778,LOF,0.057561197995807396,0.044597011283876824,0.8978417907203157
25779,GOF,0.44953057097500326,0.46791234672391224,0.0825570823010844
25780,GOF,0.3834652841354731,0.46634327122980584,0.15019144463472098
25781,GOF,0.11836374159289345,0.6678387595144512,0.2137974988926554
25782,GOF,0.19887167585094065,0.614984970762507,0.18614335338655244
25783,GOF,0.02633241531814746,0.6989526833813998,0.2747149013004527
25784,Neutral,0.6456163925845462,0.27236267054593183,0.08202093686952197
25785,Neutral,0.6260746218502392,0.2597341898149024,0.11419118833485836
25786,GOF,0.023609788798599672,0.6997601974562484,0.2766300137451519
25787,Neutral,0.8031872514932012,0.1301065959005394,0.06670615260625945
25788,LOF,0.05205266266638302,0.051050154387141534,0.8968971829464755
25789,GOF,0.2033554500227907,0.5591512645400225,0.2374932854371868
25790,GOF,0.24658100047442533,0.5208938557578159,0.2325251437677587
25791,GOF,0.14458314062290867,0.5190123480957741,0.3364045112813171
25792,GOF,0.36705145325481714,0.37255449732625545,0.2603940494189274
25793,LOF,0.23648733763718185,0.3634736956823666,0.40003896668045147
25794,GOF,0.299971348615667,0.4316567519355712,0.2683718994487619
25795,GOF,0.06441159302224023,0.5313597331371634,0.40422867384059635
25796,Neutral,0.5358877408484416,0.2769250106066845,0.18718724854487387
25797,LOF,0.08037512148785368,0.44017080761221505,0.47945407089993114
25798,LOF,0.010242719696960417,0.47515823171100663,0.514599048592033
25799,LOF,0.009721799320664413,0.4625760735924845,0.527702127086851
25800,GOF,0.03676453936691128,0.5824205023434355,0.3808149582896533
25801,GOF,0.23748626122284355,0.5755723582267317,0.18694138055042475
25802,GOF,0.05107688705204479,0.5506475799747604,0.3982755329731947
25803,GOF,0.03798075842440386,0.4828646782154844,0.4791545633601117
25804,GOF,0.03409352143669789,0.5081571068549613,0.45774937170834085
25805,GOF,0.073450363047509,0.5159003202726563,0.41064931667983473
25806,GOF,0.10183436834005546,0.49269280915386104,0.4054728225060835
25807,LOF,0.018656682560734345,0.4784391226890418,0.5029041947502239
25808,LOF,0.07153776552097028,0.4586996936949749,0.4697625407840548
25809,LOF,0.016739298931761973,0.4175622861360048,0.5656984149322332
25810,LOF,0.019630540482699237,0.4262780476477227,0.5540914118695781
25811,Neutral,0.5573648847022847,0.33065863220681974,0.1119764830908955
25812,LOF,0.03497162272970095,0.4707790416473729,0.4942493356229261
25813,Neutral,0.6174004472776112,0.1683216494029962,0.21427790331939253
25814,GOF,0.11276373478788862,0.5299864662651118,0.3572497989469996
25815,GOF,0.29141529875834504,0.4462717997238363,0.2623129015178187
25816,GOF,0.017097921975030052,0.5038394686421469,0.479062609382823
25817,GOF,0.20768021308578946,0.5688907644379226,0.223429022476288
25818,LOF,0.031138170622513433,0.4296514770159849,0.5392103523615017
25819,Neutral,0.371600345569613,0.33023124657266373,0.29816840785772325
25820,GOF,0.17336073055361262,0.4726388303605498,0.35400043908583745
25821,GOF,0.053750259742743035,0.5435037392060464,0.40274600105121044
25822,GOF,0.2707612335870296,0.4265310655033999,0.30270770090957055
25823,GOF,0.03653508027889917,0.5047232768239286,0.4587416428971723
25824,LOF,0.0976599888361613,0.42140425592770914,0.4809357552361296
25825,LOF,0.037384043253870694,0.436006515905514,0.5266094408406153
25826,LOF,0.012194854860476579,0.4375051647327016,0.5502999804068219
25827,GOF,0.02083395071530356,0.49532528034718526,0.4838407689375112
25828,LOF,0.014567798952716905,0.44459066439903566,0.5408415366482474
25829,LOF,0.008062145528867167,0.4560448294941318,0.5358930249770011
25830,LOF,0.028769933101917992,0.09556550586082013,0.8756645610372619
25831,GOF,0.19020648853090072,0.572983874629844,0.2368096368392554
25832,GOF,0.03494943154737842,0.5320176137544531,0.4330329546981684
25833,GOF,0.11531957488548873,0.5424814428468371,0.3421989822676742
25834,GOF,0.042844302617835534,0.5282650639234326,0.42889063345873174
25835,GOF,0.10273924948353588,0.5042579458873316,0.3930028046291324
25836,GOF,0.04553793816309351,0.525366015120754,0.42909604671615253
25837,LOF,0.024440975614707313,0.4630124452109239,0.5125465791743689
25838,GOF,0.08743206066366699,0.5799455302839014,0.3326224090524316
25839,GOF,0.3365862820953593,0.3760082726228037,0.287405445281837
25840,GOF,0.25028041245980054,0.46479002855977297,0.2849295589804265
25841,GOF,0.29043026309907255,0.41359391824141784,0.2959758186595096
25842,GOF,0.1608291970162656,0.4939889143331863,0.3451818886505482
25843,GOF,0.198984865499927,0.5619164868091875,0.23909864769088554
25844,GOF,0.061266993339198814,0.48540183846792,0.453331168192881
25845,GOF,0.01400638175050224,0.5124205319477395,0.47357308630175815
25846,GOF,0.11394894089550964,0.5416985136946514,0.34435254540983895
25847,GOF,0.10353028725526373,0.59499943509671,0.30147027764802614
25848,GOF,0.040824762154484766,0.5030127822780833,0.45616245556743196
25849,LOF,0.012853751465974209,0.474596317646597,0.5125499308874288
25850,LOF,0.020712401821357977,0.4778456379505038,0.5014419602281383
25851,LOF,0.01638911918523795,0.46836390443267734,0.5152469763820847
25852,LOF,0.15015015298495019,0.4191068127483588,0.430743034266691
25853,GOF,0.366665636751702,0.43025774856200394,0.2030766146862941
25854,GOF,0.019686656506087526,0.5786645794428668,0.4016487640510456
25855,LOF,0.04557102214242816,0.46888713344473854,0.4855418444128333
25856,GOF,0.24328860999112822,0.45157465569621486,0.3051367343126568
25857,LOF,0.04010791572511906,0.46008183831465305,0.49981024596022794
25858,GOF,0.01884455791553292,0.5829901841804888,0.3981652579039784
25859,GOF,0.011346809358423774,0.5890156525049374,0.3996375381366389
25860,GOF,0.34578594361606074,0.4612619735448447,0.1929520828390946
25861,GOF,0.3347286314976102,0.5343877832008512,0.13088358530153862
25862,GOF,0.0660461997236636,0.6318992332473788,0.30205456702895755
25863,GOF,0.06990869861526618,0.6515588752153052,0.2785324261694285
25864,GOF,0.14201718416232237,0.6593011221697387,0.19868169366793892
25865,GOF,0.07095109511474242,0.6942638763593532,0.23478502852590435
25866,GOF,0.05896859694632262,0.7016897275449193,0.23934167550875796
25867,GOF,0.07867249968037804,0.7165723960227852,0.20475510429683688
25868,GOF,0.23179970505741918,0.5003029885693542,0.26789730637322673
25869,Neutral,0.7230359026660752,0.19680796667641792,0.0801561306575069
25870,LOF,0.22299464258361146,0.05971867800683775,0.7172866794095507
25871,GOF,0.15179346151007292,0.559841891169034,0.2883646473208931
25872,GOF,0.06902287279393868,0.47625920968391566,0.4547179175221457
25873,GOF,0.11557939121317788,0.4890017757938803,0.3954188329929417
25874,LOF,0.019588833675637227,0.06450248599352042,0.9159086803308425
25875,LOF,0.0509138468037942,0.18748584932326243,0.7616003038729434
25876,LOF,0.02525929651616124,0.046195082237623884,0.9285456212462149
25877,LOF,0.3856845770564933,0.1300321970870171,0.48428322585648964
25878,LOF,0.14043162167075887,0.21134595884760957,0.6482224194816316
25879,LOF,0.08088102370617734,0.23884135001812262,0.6802776262757
25880,LOF,0.023781168627681048,0.022838758633704718,0.9533800727386144
25881,LOF,0.2617761818597386,0.12430960756670849,0.6139142105735529
25882,LOF,0.05430126964630961,0.022324062619091454,0.923374667734599
25883,LOF,0.0767986744765794,0.024796981791072203,0.8984043437323483
25884,LOF,0.04116880765863064,0.04573257252267012,0.9130986198186993
25885,LOF,0.057660034712278416,0.02991985021048973,0.9124201150772318
25886,LOF,0.2160496117757776,0.054874916770022895,0.7290754714541996
25887,LOF,0.22423888276633433,0.1118993832847878,0.6638617339488778
25888,LOF,0.097808130841801,0.051865286868669445,0.8503265822895296
25889,LOF,0.03897553758139996,0.03747461042127227,0.9235498519973279
25890,LOF,0.0815976190369143,0.07296853001037618,0.8454338509527095
25891,LOF,0.06962650750003482,0.04575906286766702,0.8846144296322981
25892,LOF,0.09658470287280616,0.038126829065792366,0.8652884680614015
25893,LOF,0.32562062857267876,0.030549937491567373,0.6438294339357538
25894,LOF,0.18845969140900956,0.014131964161394436,0.797408344429596
25895,LOF,0.23854061453001602,0.015939890363462585,0.7455194951065215
25896,LOF,0.04766918866471175,0.026159055821966877,0.9261717555133213
25897,LOF,0.24032830458978663,0.028936755320048926,0.7307349400901645
25898,Neutral,0.7612625967373315,0.020997530412757776,0.21773987284991064
25899,LOF,0.2302019767320537,0.05944448849293562,0.7103535347750107
25900,Neutral,0.5871064281076365,0.022915167024672375,0.3899784048676911
25901,LOF,0.046638009532587545,0.01530274304833057,0.938059247419082
25902,LOF,0.1933552923630755,0.01764553147539254,0.7889991761615319
25903,Neutral,0.5794028127368005,0.05725612242931775,0.36334106483388184
25904,LOF,0.34289926011291,0.038846410629510254,0.6182543292575798
25905,GOF,0.03775671409197009,0.548935231565968,0.41330805434206186
25906,LOF,0.023668574835744673,0.10631942846066281,0.8700119967035925
25907,LOF,0.01282496130277347,0.48020346528958213,0.5069715734076443
25908,LOF,0.014959777893369223,0.3318888243506453,0.6531513977559855
25909,LOF,0.0199405367758863,0.2273775366934131,0.7526819265307005
25910,LOF,0.02368468486586931,0.3608032171459598,0.6155120979881709
25911,LOF,0.06353549331296571,0.052409865050626364,0.8840546416364079
25912,LOF,0.02699472794622059,0.1027401512099282,0.8702651208438511
25913,LOF,0.23119541695099496,0.0251690647302921,0.7436355183187129
25914,LOF,0.026934898129704777,0.060187755425500034,0.9128773464447952
25915,Neutral,0.4573312216253348,0.28046035400074076,0.2622084243739244
25916,LOF,0.04459288208977137,0.3605173382841894,0.5948897796260393
25917,LOF,0.0519233419659379,0.044729029895492635,0.9033476281385695
25918,LOF,0.03125143372474769,0.03626930904314375,0.9324792572321084
25919,LOF,0.03014258054132595,0.036574747035217896,0.9332826724234562
25920,GOF,0.11786479981062417,0.4882487808688082,0.39388641932056756
25921,LOF,0.03749658826532588,0.020616580726150146,0.941886831008524
25922,LOF,0.050781310919378514,0.01349348951240201,0.9357251995682195
25923,LOF,0.3689786341765635,0.02485518706185572,0.6061661787615806
25924,LOF,0.04472756079708401,0.02135829592408117,0.9339141432788348
25925,LOF,0.08367117949062446,0.031715725273836426,0.884613095235539
25926,LOF,0.06381923418909097,0.020611587975591313,0.9155691778353177
25927,LOF,0.0865438959647819,0.08208048446985293,0.8313756195653652
25928,LOF,0.02668292822080536,0.014191765819588753,0.9591253059596058
25929,LOF,0.47255441637728635,0.023529430937617432,0.5039161526850962
25930,LOF,0.08047150878631833,0.016988158895314655,0.902540332318367
25931,LOF,0.03237708540268194,0.010714684275927963,0.95690823032139
25932,LOF,0.032203511808480134,0.011307727819493723,0.9564887603720261
25933,LOF,0.04090923940262756,0.00895238297287278,0.9501383776244996
25934,LOF,0.029530292429364058,0.012895697054052682,0.9575740105165832
25935,LOF,0.07968797284280359,0.02579714071893312,0.8945148864382633
25936,LOF,0.042991672578939856,0.010703306891418558,0.9463050205296416
25937,LOF,0.03665344598046764,0.018211851090528967,0.9451347029290035
25938,LOF,0.0703949280898434,0.03398662576584351,0.8956184461443131
25939,LOF,0.03588215221531622,0.012124580683124933,0.9519932671015587
25940,GOF,0.03083788374369322,0.616554867258032,0.3526072489982749
25941,LOF,0.21070770260077154,0.034862941028923906,0.7544293563703045
25942,LOF,0.019766931193294507,0.018210549795789326,0.9620225190109161
25943,LOF,0.36080004398575527,0.0274771758841149,0.6117227801301298
25944,Neutral,0.49676577325917654,0.016583244491809767,0.4866509822490137
25945,LOF,0.07724616784575278,0.03024688459819795,0.8925069475560493
25946,LOF,0.02635020180526501,0.21524140848774215,0.7584083897069929
25947,LOF,0.12689382142101843,0.1938147265880033,0.6792914519909783
25948,LOF,0.40116302761953226,0.025618020049157163,0.5732189523313105
25949,LOF,0.11002416269277443,0.0568377893662751,0.8331380479409504
25950,GOF,0.15688532398118202,0.5071505125577636,0.3359641634610544
25951,LOF,0.20104287331906673,0.2211003856152294,0.5778567410657038
25952,LOF,0.0338139673284339,0.46199515245518524,0.5041908802163809
25953,LOF,0.1308003597744,0.23323111017106657,0.6359685300545334
25954,Neutral,0.3786718816629483,0.37101700904904406,0.25031110928800765
25955,LOF,0.04597244859710478,0.18632042798455994,0.7677071234183352
25956,LOF,0.2122560220974666,0.08660592022954554,0.7011380576729879
25957,LOF,0.04325313952949305,0.028394917087442323,0.9283519433830646
25958,LOF,0.079654399549358,0.03318803924585954,0.8871575612047824
25959,LOF,0.12030922633315025,0.41730163524333536,0.4623891384235143
25960,LOF,0.02604863374282196,0.07399862615282767,0.8999527401043503
25961,LOF,0.08531404615520008,0.045740418028627196,0.8689455358161727
25962,LOF,0.04410225931850964,0.06118228364502471,0.8947154570364657
25963,LOF,0.04495521227369336,0.23916412168119788,0.7158806660451088
25964,LOF,0.028867234368514075,0.2539112050078971,0.7172215606235889
25965,Neutral,0.5212049182538449,0.06606770339190449,0.41272737835425066
25966,GOF,0.27704591815204,0.39866561157788327,0.32428847027007685
25967,LOF,0.01172020579094707,0.17822373848684844,0.8100560557222045
25968,LOF,0.05425785552946032,0.39727596820032135,0.5484661762702183
25969,LOF,0.025135506821607388,0.0678924869141438,0.9069720062642487
25970,LOF,0.06167421747209822,0.04426022729289283,0.8940655552350089
25971,LOF,0.10483781277144777,0.026891128906967463,0.8682710583215847
25972,LOF,0.09126824322733872,0.0349293180028695,0.8738024387697918
25973,LOF,0.09659679043157146,0.015103286252933243,0.8882999233154953
25974,LOF,0.33645135516601293,0.030942783224050387,0.6326058616099367
25975,LOF,0.04250893489037809,0.03360695196322021,0.9238841131464017
25976,LOF,0.040576273982159274,0.02577928345118796,0.9336444425666528
25977,LOF,0.12134765492662314,0.1405120851708065,0.7381402599025703
25978,LOF,0.18370335301905164,0.11763932478946992,0.6986573221914784
25979,LOF,0.17644471480270835,0.08906353646126858,0.7344917487360231
25980,LOF,0.21243991189781658,0.19124443211954945,0.5963156559826339
25981,LOF,0.21243991189781658,0.19124443211954945,0.5963156559826339
25982,LOF,0.39365544007313963,0.09368524473864223,0.5126593151882181
25983,LOF,0.3910009124971567,0.10329821797115507,0.5057008695316882
25984,LOF,0.03464884250917176,0.0819950242303843,0.883356133260444
25985,LOF,0.019711857000393223,0.36618299997028997,0.6141051430293168
25986,LOF,0.02561116868643142,0.3835126029183048,0.5908762283952638
25987,LOF,0.08465414745586014,0.0740989074915056,0.8412469450526342
25988,LOF,0.07034803780711776,0.07745394737411439,0.8521980148187679
25989,LOF,0.02488780770484711,0.15222331588416171,0.8228888764109912
25990,LOF,0.03527742479349153,0.1585349812990429,0.8061875939074655
25991,LOF,0.20690707525684338,0.3305281991327251,0.4625647256104315
25992,LOF,0.37013834211579366,0.20431327538072971,0.4255483825034766
25993,LOF,0.03483427000721761,0.08899450232418392,0.8761712276685986
25994,LOF,0.022693845730024993,0.11675922080363256,0.8605469334663424
25995,LOF,0.03159639284094357,0.1096476700964774,0.858755937062579
25996,GOF,0.18645498996964094,0.47652744370300854,0.3370175663273506
25997,LOF,0.08166523728476201,0.455615788421068,0.4627189742941701
25998,Neutral,0.49616371787743113,0.02742705771691591,0.476409224405653
25999,LOF,0.0972573046479696,0.41966934965676284,0.48307334569526766
26000,LOF,0.05578377964988412,0.035159670336233594,0.9090565500138823
26001,LOF,0.1407740768799915,0.04424505542736465,0.8149808676926439
26002,LOF,0.08779217710277543,0.049209150598238716,0.8629986722989857
26003,GOF,0.00851275404931915,0.8010816875239221,0.19040555842675883
26004,GOF,0.01843813850724544,0.8103339510147037,0.1712279104780509
26005,GOF,0.009783256910343768,0.6982264550420808,0.2919902880475754
26006,GOF,0.432424179308334,0.4641322519262093,0.10344356876545661
26007,GOF,0.013302985685883192,0.7809203202752887,0.20577669403882815
26008,GOF,0.010936201358729443,0.7711216148508862,0.2179421837903844
26009,GOF,0.019352662455869918,0.8304878801223187,0.15015945742181142
26010,GOF,0.016708192169469237,0.8242174959051599,0.1590743119253709
26011,GOF,0.00800789816198285,0.6837117061955577,0.30828039564245957
26012,GOF,0.012988126451163796,0.7836514334372872,0.2033604401115491
26013,GOF,0.011125235564667888,0.8145824479980891,0.17429231643724297
26014,LOF,0.04577747783252657,0.10335263994008248,0.8508698822273909
26015,LOF,0.1958976472968223,0.007332012059289326,0.7967703406438883
26016,LOF,0.30768515300221105,0.024592503600131283,0.6677223433976578
26017,LOF,0.17816658700857926,0.041046283373530563,0.7807871296178902
26018,LOF,0.08241626615140178,0.020306975330443122,0.897276758518155
26019,LOF,0.08240147938697238,0.014305876352608124,0.9032926442604196
26020,LOF,0.09350668201480011,0.03332893708054598,0.8731643809046539
26021,LOF,0.0797201219036116,0.046045516549970765,0.8742343615464176
26022,LOF,0.01632004534259976,0.02436619852912076,0.9593137561282795
26023,LOF,0.17265159250920745,0.017525242004155193,0.8098231654866374
26024,LOF,0.03794170575758599,0.047441106552627954,0.9146171876897862
26025,LOF,0.21412952518397482,0.044931635235132945,0.7409388395808922
26026,LOF,0.4142890343415132,0.00959785612013618,0.5761131095383506
26027,LOF,0.08545017916012732,0.010175504246535813,0.9043743165933369
26028,LOF,0.20103907478645042,0.10028029806076728,0.6986806271527823
26029,LOF,0.11560498259846035,0.1711683623429266,0.713226655058613
26030,LOF,0.034115022425154254,0.03949860567772059,0.9263863718971252
26031,LOF,0.0318795980417453,0.1432786272164311,0.8248417747418236
26032,LOF,0.0746231528549398,0.04223762962820139,0.8831392175168588
26033,LOF,0.18971459819384157,0.058411512930656696,0.7518738888755018
26034,LOF,0.04721737234842188,0.11462919277841405,0.8381534348731641
26035,LOF,0.03695720980825041,0.13318401809807237,0.8298587720936772
26036,LOF,0.049900457352414114,0.1188970228648244,0.8312025197827616
26037,LOF,0.031166400789274157,0.09616154375065912,0.8726720554600667
26038,LOF,0.07310591220994625,0.04044982446109331,0.8864442633289604
26039,LOF,0.06618506735251707,0.12933193978613855,0.8044829928613444
26040,LOF,0.3572466251212597,0.08547431813662948,0.5572790567421109
26041,LOF,0.03165707970697825,0.10191946207980343,0.8664234582132183
26042,LOF,0.031510285198600864,0.09207116200891069,0.8764185527924885
26043,LOF,0.07232809627764292,0.055367825089680696,0.8723040786326764
26044,LOF,0.03153269534241724,0.055090198796003916,0.9133771058615788
26045,LOF,0.09578621655152669,0.09823058243567674,0.8059832010127966
26046,LOF,0.07929922481814292,0.059570911721852124,0.861129863460005
26047,LOF,0.11325550395062499,0.057093748183135194,0.8296507478662397
26048,LOF,0.06746525125053654,0.04353744866136897,0.8889973000880944
26049,Neutral,0.9426816342961727,0.007771078027031199,0.0495472876767961
26050,Neutral,0.9205772432235514,0.008842981892503035,0.07057977488394555
26051,GOF,0.04211400897203431,0.6037865024845763,0.3540994885433893
26052,GOF,0.03293315270980907,0.6505719834051438,0.3164948638850471
26053,LOF,0.040085944842538704,0.36868961945985906,0.5912244356976022
26054,LOF,0.06599916624357363,0.05572968679205817,0.8782711469643683
26055,LOF,0.06746912207657542,0.06297892832248982,0.8695519496009348
26056,LOF,0.05398341979513022,0.07101435616735281,0.875002224037517
26057,LOF,0.028881963402372476,0.045655113478206354,0.9254629231194211
26058,LOF,0.028849507468001526,0.04289415272051298,0.9282563398114855
26059,LOF,0.3878776494384445,0.0818751353501479,0.5302472152114076
26060,LOF,0.03165135090469317,0.35605519739482744,0.6122934517004794
26061,LOF,0.02151045566818234,0.059819805195828905,0.9186697391359887
26062,LOF,0.016072504297661046,0.0529554319084806,0.9309720637938582
26063,LOF,0.024219790615674534,0.046242357898307856,0.9295378514860175
26064,LOF,0.02734254440427412,0.04841302941482386,0.9242444261809021
26065,LOF,0.027033780875329486,0.04256839661366893,0.9303978225110014
26066,LOF,0.021601391326994776,0.05772529480051065,0.9206733138724946
26067,LOF,0.024136869669573336,0.041226697491015644,0.934636432839411
26068,LOF,0.04880624906909306,0.06879315565084124,0.8824005952800658
26069,LOF,0.42024252268734064,0.05077499689938798,0.5289824804132714
26070,Neutral,0.5959687966194795,0.030778353723813587,0.37325284965670696
26071,LOF,0.023110362796916865,0.060399986983941105,0.916489650219142
26072,LOF,0.027329042111207368,0.0798532719431809,0.8928176859456116
26073,LOF,0.0260121580894314,0.03949806985068979,0.9344897720598789
26074,Neutral,0.8948775139641877,0.013197939857715207,0.09192454617809724
26075,LOF,0.04731713095222302,0.05031305218604244,0.9023698168617346
26076,LOF,0.035838040738877974,0.03831531899668988,0.9258466402644322
26077,LOF,0.01155599587472237,0.07867425103344561,0.909769753091832
26078,LOF,0.015665630373811502,0.051211765891327254,0.9331226037348613
26079,LOF,0.050339192007119136,0.050364157697894055,0.8992966502949867
26080,LOF,0.050339192007119136,0.050364157697894055,0.8992966502949867
26081,LOF,0.03238162684255608,0.035608069944891726,0.9320103032125523
26082,LOF,0.023640069196311505,0.05580091810386109,0.9205590126998275
26083,LOF,0.1016212528762278,0.04966124755468396,0.8487174995690883
26084,LOF,0.027903143704108062,0.06267275418903451,0.9094241021068574
26085,LOF,0.021750328620291373,0.06007622335125302,0.9181734480284555
26086,LOF,0.02323966497384422,0.05547204397035612,0.9212882910557998
26087,LOF,0.025023327429713676,0.04630134575349439,0.9286753268167919
26088,LOF,0.025026804090853408,0.08785118706727195,0.8871220088418746
26089,LOF,0.045990870138971955,0.048836995034833984,0.9051721348261941
26090,LOF,0.04260018940997907,0.0440458485183935,0.9133539620716274
26091,LOF,0.0406965873869806,0.02708203815333227,0.9322213744596872
26092,LOF,0.0276036130674774,0.04048263592921275,0.9319137510033098
26093,LOF,0.03969519935472422,0.026505302249444314,0.9337994983958314
26094,LOF,0.044680636461948545,0.022690474752364215,0.9326288887856872
26095,LOF,0.04503466381106635,0.06576013096375441,0.8892052052251792
26096,LOF,0.020051833849332533,0.04631202850951001,0.9336361376411575
26097,LOF,0.012122243319948944,0.12343888762534719,0.8644388690547039
26098,LOF,0.060229337635268096,0.042011089785697425,0.8977595725790345
26099,LOF,0.023420667656244905,0.08036506021446377,0.8962142721292914
26100,LOF,0.023420667656244905,0.08036506021446377,0.8962142721292914
26101,LOF,0.05939390627250902,0.06456348842341629,0.8760426053040747
26102,LOF,0.024857872302380457,0.05656105856823633,0.9185810691293832
26103,Neutral,0.8229197048241591,0.0712177887478076,0.10586250642803346
26104,LOF,0.04689460987527929,0.0889628373391575,0.8641425527855633
26105,LOF,0.37659508797082736,0.10404727881030955,0.5193576332188631
26106,LOF,0.18065375744872222,0.0535060339671991,0.7658402085840788
26107,LOF,0.28377269826247203,0.06719909687150599,0.649028204866022
26108,LOF,0.21145623097160185,0.050757994551037605,0.7377857744773606
26109,LOF,0.07878735658594471,0.11253842632085019,0.8086742170932052
26110,LOF,0.2803826831399365,0.03563396317791241,0.6839833536821511
26111,LOF,0.46371232110885047,0.03596819468295469,0.5003194842081949
26112,LOF,0.047373664897076964,0.02741714844875127,0.9252091866541718
26113,LOF,0.059286134605465335,0.054304955822002135,0.8864089095725326
26114,LOF,0.026479668582254083,0.03685794438170035,0.9366623870360455
26115,LOF,0.12132769297539506,0.07286290120258009,0.8058094058220249
26116,LOF,0.08057571502927088,0.07352021938015478,0.8459040655905744
26117,LOF,0.23194045515058556,0.15943496297166956,0.6086245818777448
26118,LOF,0.032783427448846034,0.05911970717057828,0.9080968653805758
26119,LOF,0.023383338739728837,0.1792337507273492,0.797382910532922
26120,LOF,0.028805440772755334,0.06902777691865691,0.9021667823085878
26121,LOF,0.04865698473967267,0.17974442926353995,0.7715985859967874
26122,LOF,0.059178679545948916,0.17275491429315204,0.768066406160899
