feature0,prediction,LoGoFunc_Neutral,LoGoFunc_GOF,LoGoFunc_LOF
25546,Neutral,0.6682906985797727,0.05560197575048664,0.2761073256697406
25547,Neutral,0.5099557428834414,0.09996275250853663,0.3900815046080221
25548,Neutral,0.5253935257770644,0.08124265616745514,0.3933638180554803
25549,LOF,0.4366476263663831,0.08412613805903595,0.479226235574581
25550,LOF,0.3592736649859984,0.1264802305657789,0.5142461044482227
25551,LOF,0.30995283423370057,0.13782039612139574,0.5522267696449037
25552,LOF,0.251298670198929,0.12797728287940333,0.6207240469216676
25553,Neutral,0.813565016513556,0.04542567522570142,0.1410093082607427
25554,LOF,0.2911175161962975,0.11897297850675106,0.5899095052969514
25555,LOF,0.24461672136707246,0.1124589776962584,0.6429243009366692
25556,Neutral,0.45222956000587544,0.10248482154389525,0.44528561845022935
25557,LOF,0.23776894460043507,0.12080999658269029,0.6414210588168747
25558,LOF,0.30734781281849916,0.11587575168639622,0.5767764354951046
25559,LOF,0.1709778258825684,0.11930551957347124,0.7097166545439604
25560,LOF,0.15016103985117416,0.1000553012157406,0.7497836589330853
25561,LOF,0.15714116916446114,0.10359069445832056,0.7392681363772182
25562,LOF,0.06985969036727097,0.07178357951146098,0.858356730121268
25563,LOF,0.022231284096800672,0.11522574014258362,0.8625429757606157
25564,LOF,0.22127661198718518,0.10622931483803437,0.6724940731747804
25565,LOF,0.22391882229602356,0.1408294884962027,0.6352516892077738
25566,GOF,0.09562346276932918,0.6947071886786006,0.2096693485520702
25567,LOF,0.037731506038056056,0.1311541587701631,0.8311143351917808
25568,LOF,0.06240597701556692,0.0663864769287214,0.8712075460557116
25569,LOF,0.060475187511931275,0.06749040962293643,0.8720344028651323
25570,LOF,0.024484636651200712,0.09584618066784445,0.8796691826809547
25571,LOF,0.02360747021010374,0.10154621806966098,0.8748463117202353
25572,LOF,0.059441063150031045,0.11362155708114274,0.8269373797688262
25573,LOF,0.05479049174010358,0.08377194547453684,0.8614375627853595
25574,LOF,0.053048773251739824,0.18247914769387552,0.7644720790543847
25575,LOF,0.02094492067564926,0.11266450380499367,0.866390575519357
25576,LOF,0.03273188173915755,0.14702516179573982,0.8202429564651027
25577,LOF,0.029484255470271836,0.11115234088527844,0.8593634036444496
25578,LOF,0.2978740001299258,0.07548487390213134,0.6266411259679427
25579,LOF,0.13535958546611482,0.08023324705289361,0.7844071674809915
25580,LOF,0.01799598057130227,0.07433212817753315,0.9076718912511644
25581,LOF,0.05586596911827724,0.06326555661583896,0.8808684742658837
25582,LOF,0.05573694658892021,0.06099186959564846,0.8832711838154313
25583,LOF,0.01814823946928013,0.07825854357174164,0.9035932169589782
25584,Neutral,0.674473532250864,0.10521855438689989,0.22030791336223607
25585,LOF,0.028930079941024693,0.1210420601300646,0.8500278599289108
25586,LOF,0.016550215877704205,0.06528772005045536,0.9181620640718404
25587,LOF,0.016436519894870435,0.0590897145925484,0.9244737655125811
25588,LOF,0.018912535709568336,0.06986950175700529,0.9112179625334264
25589,Neutral,0.5070225776693071,0.2021258807958583,0.29085154153483456
25590,LOF,0.04681623339131764,0.10664247639469561,0.8465412902139868
25591,LOF,0.09983267958263417,0.05104154269143034,0.8491257777259356
25592,LOF,0.05270462077856459,0.12750807950914175,0.8197872997122936
25593,LOF,0.1330728234788209,0.2540936465406184,0.6128335299805607
25594,LOF,0.05079188907179095,0.12348298768873378,0.8257251232394752
25595,LOF,0.04903976128595729,0.08886386876002465,0.862096369954018
25596,LOF,0.10829906515507927,0.05668918657504139,0.8350117482698795
25597,LOF,0.08305218746687867,0.06135681251825077,0.8555910000148707
25598,LOF,0.05255971237128089,0.09348185072389317,0.8539584369048259
25599,LOF,0.020670961072897304,0.4869602478823301,0.4923687910447727
25600,GOF,0.17381255867122694,0.49919805430845227,0.326989387020321
25601,LOF,0.038896864156013906,0.39034447365696634,0.5707586621870198
25602,LOF,0.0327530501963979,0.054858994446706874,0.9123879553568952
25603,LOF,0.036525515918946566,0.02897925754249433,0.9344952265385591
25604,LOF,0.03720494076209283,0.06875723077696504,0.8940378284609422
25605,LOF,0.04005856914827998,0.1957861853452828,0.7641552455064373
25606,LOF,0.42669244824538227,0.09333888967438972,0.479968662080228
25607,LOF,0.022792418560488234,0.1844078379835752,0.7927997434559365
25608,LOF,0.031815899646956886,0.08563164055607006,0.882552459796973
25609,GOF,0.14204097646135025,0.5387620098476591,0.3191970136909906
25610,LOF,0.015183146799154399,0.02717974565450288,0.9576371075463428
25611,LOF,0.01400826669315547,0.03070881649927131,0.9552829168075732
25612,LOF,0.04942752066882468,0.04148294519633633,0.9090895341348391
25613,LOF,0.04703047413044947,0.040578842031699855,0.9123906838378507
25614,LOF,0.020833580958355646,0.02404579610070713,0.9551206229409372
25615,LOF,0.041659767786660244,0.03732373656490141,0.9210164956484382
25616,LOF,0.045978514829216,0.02730750639638365,0.9267139787744004
25617,LOF,0.04281419157070122,0.03360119827857835,0.9235846101507206
25618,LOF,0.049446575178448623,0.034650333663583485,0.9159030911579679
25619,LOF,0.01491606413857883,0.030076091669529778,0.9550078441918914
25620,LOF,0.05890007412281506,0.03962382418840895,0.901476101688776
25621,LOF,0.0531960918317968,0.032605627981701295,0.9141982801865018
25622,LOF,0.06551151801800255,0.03185694863789516,0.9026315333441024
25623,LOF,0.0715306264196016,0.026622857659339125,0.9018465159210594
25624,LOF,0.017870672121650964,0.03251832430268777,0.9496110035756612
25625,LOF,0.0704909755930492,0.035123509271574635,0.8943855151353762
25626,LOF,0.05000905012123323,0.03853223106644154,0.9114587188123252
25627,Neutral,0.8949255993472639,0.020362733024914675,0.08471166762782138
25628,LOF,0.1269245226392134,0.06468013609742315,0.8083953412633634
25629,LOF,0.06418720657011275,0.04663750170409951,0.8891752917257878
25630,LOF,0.274988829826163,0.07512194623879025,0.6498892239350468
25631,Neutral,0.5521004494168243,0.06534816709945027,0.38255138348372547
25632,LOF,0.027841190679951777,0.06422156889219548,0.9079372404278527
25633,LOF,0.1894748436638603,0.03851027724653764,0.7720148790896021
25634,LOF,0.03719482691758791,0.0809160008205094,0.8818891722619028
25635,LOF,0.036745872885076546,0.04645321051242708,0.9168009166024964
25636,LOF,0.03563057356736408,0.4577355223819459,0.5066339040506899
25637,GOF,0.060477170146664205,0.48909829094367885,0.45042453890965684
25638,LOF,0.0320631421177809,0.29710562976329524,0.6708312281189239
25639,LOF,0.02931537432182205,0.357026905506183,0.6136577201719949
25640,Neutral,0.8064117866608622,0.15134076240061706,0.04224745093852078
25641,LOF,0.05498691059810329,0.4463695202910622,0.49864356911083463
25642,LOF,0.03948984956715096,0.1529499198460278,0.8075602305868211
25643,LOF,0.22994910345873842,0.15492825852323372,0.6151226380180278
25644,LOF,0.02014515276340574,0.47193998805880205,0.5079148591777922
25645,LOF,0.019039633744025317,0.42023872036062393,0.5607216458953508
25646,LOF,0.05474659261172517,0.3380841855464256,0.6071692218418492
25647,LOF,0.022461514465758666,0.2625933189222696,0.7149451666119717
25648,LOF,0.02817648684325747,0.2452050670834394,0.7266184460733032
25649,LOF,0.01580747559595033,0.24222400195967664,0.7419685224443731
25650,LOF,0.055513058148866784,0.41857448072847814,0.5259124611226551
25651,LOF,0.015239157606530298,0.27737478687185957,0.70738605552161
25652,LOF,0.029382265323604065,0.26891993451317814,0.7016978001632177
25653,LOF,0.0776661058088855,0.41794117820591925,0.5043927159851952
25654,LOF,0.02362464149960565,0.20248652590044122,0.7738888325999531
25655,LOF,0.227996088627433,0.3851860957660596,0.3868178156065074
25656,LOF,0.2715548469807478,0.04069374927815818,0.687751403741094
25657,LOF,0.0735616296886354,0.04963798079528062,0.876800389516084
25658,LOF,0.4008684795114352,0.047508652458217275,0.5516228680303474
25659,Neutral,0.5389218238434943,0.0759373506233439,0.38514082553316187
25660,LOF,0.02790811279032102,0.08192586814630452,0.8901660190633746
25661,LOF,0.0981517919788086,0.0570586509032955,0.8447895571178959
25662,LOF,0.033267336135139006,0.032201926863609266,0.9345307370012518
25663,LOF,0.04273864975394503,0.04318301677635843,0.9140783334696965
25664,LOF,0.14457077414960534,0.05261600854429566,0.8028132173060989
25665,LOF,0.05606510171135094,0.03011752834565553,0.9138173699429936
25666,LOF,0.08518594870078329,0.07339450619709571,0.841419545102121
25667,LOF,0.07120094275273688,0.036602165629575585,0.8921968916176877
25668,LOF,0.03815252953252129,0.0455830749889072,0.9162643954785714
25669,LOF,0.03464347304221459,0.05015896607061066,0.9151975608871747
25670,LOF,0.14644965260341275,0.046801010252735045,0.8067493371438523
25671,LOF,0.1024492885393621,0.032033409400988276,0.8655173020596496
25672,LOF,0.0528107858082437,0.04207200843851174,0.9051172057532446
25673,LOF,0.08257924958695488,0.04227487138933041,0.8751458790237148
25674,LOF,0.06983494945502744,0.05423828035798209,0.8759267701869905
25675,LOF,0.11635144758546549,0.04725652339687327,0.8363920290176612
25676,LOF,0.01803009523010846,0.05006111565245118,0.9319087891174402
25677,LOF,0.027065639508271115,0.06638789813138316,0.9065464623603459
25678,LOF,0.1852660655405982,0.05269135493647088,0.762042579522931
25679,LOF,0.12544946486126868,0.07745176357551709,0.7970987715632143
25680,LOF,0.0319250650482827,0.10854718742316365,0.8595277475285535
25681,LOF,0.05316928129880603,0.09834158674581385,0.8484891319553801
25682,LOF,0.1407305656054534,0.06498368305418134,0.7942857513403652
25683,LOF,0.12310582721025091,0.08521818688170578,0.7916759859080434
25684,LOF,0.04339055308056436,0.06443159479556404,0.8921778521238716
25685,LOF,0.13400341986017392,0.043508640863581624,0.8224879392762444
25686,LOF,0.07878583989503928,0.09008196772320935,0.8311321923817514
25687,LOF,0.13068570503319835,0.08304524386649702,0.7862690511003047
25688,LOF,0.2934857144652302,0.035139029642827814,0.671375255891942
25689,LOF,0.22888357325571343,0.03621623982648258,0.734900186917804
25690,LOF,0.35967162186237733,0.0268791261379092,0.6134492519997135
25691,Neutral,0.6851504345446564,0.02268033760649755,0.292169227848846
25692,LOF,0.2933207237142654,0.01062456561684849,0.6960547106688862
25693,LOF,0.04411484676650864,0.4713981912644362,0.48448696196905516
25694,LOF,0.12275705235767925,0.019656957273275703,0.8575859903690449
25695,LOF,0.11856937561599631,0.017950412563889694,0.863480211820114
25696,LOF,0.12064257921984581,0.009316656220918934,0.8700407645592353
25697,LOF,0.12556142132580445,0.02835480062292906,0.8460837780512664
25698,LOF,0.31505392332357607,0.24546379458798734,0.4394822820884366
25699,LOF,0.4159508019381365,0.04357103202445281,0.5404781660374107
25700,LOF,0.05252629115487409,0.007524573022888776,0.939949135822237
25701,LOF,0.15678994233255364,0.04749154553829242,0.7957185121291539
25702,GOF,0.1580400110353353,0.5690419505647506,0.2729180383999141
25703,LOF,0.01641443202777906,0.17054038095376614,0.8130451870184549
25704,LOF,0.04774488390966589,0.12109858733171831,0.8311565287586158
25705,LOF,0.05527062493851945,0.19652926933188103,0.7482001057295995
25706,LOF,0.09556515017702229,0.3702624523886078,0.53417239743437
25707,LOF,0.08485034472155245,0.3034354940578884,0.6117141612205592
25708,LOF,0.030148534705755917,0.2583998990165882,0.7114515662776558
25709,LOF,0.056209034380987746,0.04423629804561181,0.8995546675734004
25710,LOF,0.01120729529080743,0.1506318599267387,0.8381608447824538
25711,LOF,0.018697111396097397,0.10396108432874293,0.8773418042751596
25712,LOF,0.013026883531409723,0.19003829048526424,0.796934825983326
25713,LOF,0.017594069647460554,0.08655019837510791,0.8958557319774316
25714,LOF,0.06647288651720176,0.08863110262704538,0.8448960108557527
25715,LOF,0.009830515668041936,0.15631074835226688,0.8338587359796911
25716,LOF,0.014315362099896251,0.11682435567629194,0.8688602822238117
25717,LOF,0.012879331975548252,0.08230722581500607,0.9048134422094457
25718,LOF,0.011821317671603677,0.1059959234187917,0.8821827589096046
25719,LOF,0.018143111066699056,0.08479432592405613,0.8970625630092447
25720,LOF,0.021377873169463876,0.07238636424716068,0.9062357625833755
25721,LOF,0.014721497780869583,0.11940512348946479,0.8658733787296656
25722,LOF,0.0128734145241738,0.12473940314283062,0.8623871823329956
25723,LOF,0.02159303792496198,0.047952771138577745,0.9304541909364602
25724,LOF,0.024463003492500184,0.09061262021981334,0.8849243762876865
25725,LOF,0.011271451390052206,0.07321200923730595,0.9155165393726419
25726,LOF,0.014480882042497333,0.10126726005410012,0.8842518579034025
25727,LOF,0.01293643449353341,0.07811642757718261,0.908947137929284
25728,LOF,0.009455031619030331,0.11877296388142766,0.8717720044995421
25729,LOF,0.009619282000136653,0.12023832993376465,0.8701423880660987
25730,LOF,0.01262994124380947,0.09102425912192803,0.8963457996342624
25731,LOF,0.019088598072842727,0.10645626592534367,0.8744551360018136
25732,LOF,0.01312433533548441,0.09117607374623578,0.8956995909182799
25733,LOF,0.015068665832038189,0.08108772985992568,0.903843604308036
25734,LOF,0.012704037948718713,0.13681078680890407,0.8504851752423773
25735,LOF,0.013082377106498727,0.09281266814478145,0.8941049547487199
25736,LOF,0.013646827632651532,0.11157034852877307,0.8747828238385754
25737,LOF,0.019916029348446756,0.09013277794316021,0.889951192708393
25738,LOF,0.01273951421609656,0.11036389681184976,0.8768965889720538
25739,LOF,0.01975924695132124,0.09445385653655482,0.885786896512124
25740,LOF,0.0255450410968166,0.11072114130414318,0.8637338175990402
25741,LOF,0.014556644229343664,0.115883460070026,0.8695598957006303
25742,LOF,0.11104553250974003,0.0870228052351957,0.8019316622550642
25743,LOF,0.03322405123342974,0.02431626198022977,0.9424596867863406
25744,Neutral,0.6292119088799697,0.17674751922880264,0.19404057189122773
25745,LOF,0.08349294714276224,0.06779574805510663,0.8487113048021311
25746,LOF,0.045990771060759786,0.07965708989426434,0.8743521390449758
25747,LOF,0.02103641969630892,0.03594705763684777,0.9430165226668433
25748,LOF,0.10292068226695154,0.05337277527430675,0.8437065424587417
25749,LOF,0.02796972544562185,0.07675332254392896,0.8952769520104491
25750,LOF,0.0879179535057073,0.08208325605554088,0.8299987904387519
25751,LOF,0.0928554526965721,0.05015558576031975,0.8569889615431082
25752,GOF,0.1049786380422698,0.6859576008221716,0.20906376113555852
25753,LOF,0.019064917687510254,0.26912293317660047,0.7118121491358892
25754,GOF,0.012032748079779101,0.7858566707507633,0.20211058116945757
25755,LOF,0.02660826547715743,0.38057813214536645,0.592813602377476
25756,LOF,0.0411939285867072,0.3654253699730374,0.5933807014402555
25757,GOF,0.014949139056444696,0.8503513548392796,0.13469950610427575
25758,GOF,0.030601480101759504,0.8316949488873399,0.13770357101090058
25759,GOF,0.011509390369786323,0.5575336423506029,0.4309569672796109
25760,LOF,0.012216327708617329,0.22976929438229576,0.758014377909087
25761,GOF,0.25778296593261407,0.6454278720675309,0.09678916199985502
25762,LOF,0.035101118011861554,0.2530078270448689,0.7118910549432694
25763,LOF,0.01391815519704599,0.19632081048768124,0.7897610343152728
25764,GOF,0.06799514375726315,0.6451806320654856,0.28682422417725123
25765,GOF,0.040641179614166224,0.7711176710809439,0.18824114930488986
25766,GOF,0.06305981623794958,0.7905655812859947,0.14637460247605563
25767,GOF,0.17855213743382917,0.4320085826323513,0.38943927993381944
25768,LOF,0.090579171441654,0.060426547882280836,0.8489942806760651
25769,LOF,0.0636016367288279,0.06602630531393983,0.8703720579572322
25770,LOF,0.2874548123965606,0.08473411556279388,0.6278110720406456
25771,LOF,0.036764626246502986,0.05018545167723173,0.9130499220762652
25772,LOF,0.01635384968285731,0.03324165152469495,0.9504044987924478
25773,LOF,0.04275361461354603,0.09083012778753728,0.8664162575989166
25774,LOF,0.026917448484042924,0.07655728334818336,0.8965252681677737
25775,LOF,0.04279899198555266,0.04752860431838094,0.9096724036960663
25776,LOF,0.06716196507888948,0.026923161758477334,0.9059148731626332
25777,LOF,0.3224016317149565,0.05169465101599504,0.6259037172690485
25778,LOF,0.06437895479313932,0.04976369093368661,0.885857354273174
25779,GOF,0.3530525413914671,0.6026295222602401,0.04431793634829285
25780,GOF,0.29630488165985513,0.6294742351633945,0.07422088317675044
25781,GOF,0.1427979762563178,0.7464331931839887,0.11076883055969343
25782,GOF,0.20848895519695254,0.7223506608672954,0.06916038393575206
25783,GOF,0.031436784575789724,0.662834399426938,0.3057288159972722
25784,GOF,0.47836210816570945,0.4835668129190152,0.03807107891527535
25785,GOF,0.4327936586130863,0.5295774296270609,0.0376289117598529
25786,GOF,0.028686673873106614,0.7879233902796129,0.18338993584728047
25787,Neutral,0.6386422561259969,0.3389271841675113,0.022430559706491715
25788,LOF,0.04945872806477515,0.10835677276762856,0.8421844991675963
25789,GOF,0.19542938396628107,0.6681565032253642,0.13641411280835478
25790,GOF,0.21318971784032684,0.6812430082397222,0.10556727391995104
25791,GOF,0.14430616095285262,0.6842683015161742,0.1714255375309731
25792,GOF,0.3296431796371205,0.542388762764714,0.12796805759816557
25793,GOF,0.24688631008787065,0.5525948300383935,0.20051885987373583
25794,GOF,0.2891570575123822,0.5454793721079635,0.16536357037965427
25795,GOF,0.06906329602033971,0.710315533073488,0.22062117090617223
25796,Neutral,0.5181769215509039,0.40270865770345077,0.07911442074564534
25797,GOF,0.08735608511098837,0.5637465949772884,0.3488973199117231
25798,GOF,0.009048628150166669,0.5192319154291315,0.47171945642070184
25799,LOF,0.006999294236868089,0.4179934744710181,0.575007231292114
25800,GOF,0.03386022782131243,0.6040375274060267,0.3621022447726609
25801,GOF,0.1871589152822113,0.6891678757761759,0.12367320894161277
25802,GOF,0.07664175172958132,0.6953618064277154,0.22799644184270332
25803,GOF,0.03406743392542531,0.5797523518361186,0.38618021423845605
25804,GOF,0.034958686313654334,0.48337532359421803,0.4816659900921277
25805,GOF,0.09751025285746148,0.6038017560634945,0.2986879910790441
25806,GOF,0.09008663345274323,0.6004213008595249,0.30949206568773174
25807,GOF,0.01963375806106059,0.6231777555224539,0.3571884864164856
25808,GOF,0.08223094662958055,0.641085717038831,0.2766833363315884
25809,GOF,0.018210122464590004,0.5957817666685843,0.3860081108668256
25810,GOF,0.016975118596943815,0.6303562620324339,0.3526686193706224
25811,GOF,0.4403617218814526,0.4813159418077418,0.0783223363108057
25812,GOF,0.03125076607908959,0.6522492603736276,0.3164999735472828
25813,Neutral,0.4837522943985403,0.42688148300672546,0.08936622259473426
25814,GOF,0.11561491764343487,0.6699310574151996,0.2144540249413656
25815,GOF,0.18218040661360013,0.6465768201975657,0.17124277318883413
25816,GOF,0.021829329943067032,0.7251550601896593,0.25301560986727367
25817,GOF,0.22772109248479241,0.6475726262767708,0.12470628123843683
25818,GOF,0.05077183434945156,0.6966753920720792,0.2525527735784692
25819,GOF,0.33149197576589895,0.532637039461013,0.13587098477308804
25820,GOF,0.17147202734928318,0.6178108596084579,0.21071711304225885
25821,GOF,0.05693384892934079,0.6918119193502725,0.2512542317203868
25822,GOF,0.2035489070008249,0.5872162163824045,0.20923487661677048
25823,GOF,0.03395295615039149,0.5566888026831356,0.4093582411664729
25824,GOF,0.08628950156824278,0.6189409111484858,0.2947695872832714
25825,GOF,0.03683284850549164,0.6160333630335091,0.34713378846099935
25826,GOF,0.015244422290661473,0.5912309412432817,0.39352463646605695
25827,GOF,0.023097529382185237,0.6057378036919209,0.371164666925894
25828,GOF,0.013080800426108215,0.5423464759322255,0.44457272364166633
25829,GOF,0.005208161302636516,0.5790301822611641,0.4157616564361994
25830,LOF,0.033768174558996174,0.28249423837010146,0.6837375870709024
25831,GOF,0.22756695395930443,0.6583902429486591,0.11404280309203638
25832,GOF,0.03172783499032114,0.7244321534436826,0.24384001156599636
25833,GOF,0.11833558748868016,0.7311842463515908,0.15048016615972887
25834,GOF,0.030507692145472574,0.7505134543230121,0.21897885353151533
25835,GOF,0.06544797897998134,0.7740491401740326,0.16050288084598613
25836,GOF,0.030559725499893907,0.7056324222353964,0.2638078522647097
25837,GOF,0.030290066800506246,0.6314858342390112,0.33822409896048256
25838,GOF,0.10296470405108912,0.7721772677978962,0.12485802815101459
25839,GOF,0.2579824684898357,0.6068346360104151,0.13518289549974935
25840,GOF,0.24892471671747055,0.6227645042070696,0.12831077907545985
25841,GOF,0.23704564988258361,0.6332546331650417,0.1296997169523747
25842,GOF,0.14314065393009734,0.7330158460526094,0.12384350001729336
25843,GOF,0.20354571093839002,0.7074358699066073,0.08901841915500273
25844,GOF,0.0660011861916029,0.7358239855149549,0.19817482829344218
25845,GOF,0.01611151632507008,0.5261921888965019,0.45769629477842805
25846,GOF,0.12164803362955313,0.7451258551854276,0.13322611118501906
25847,GOF,0.09716228162269018,0.8025200799676382,0.10031763840967163
25848,GOF,0.038819071279116386,0.7259913126665488,0.2351896160543348
25849,GOF,0.011351214458107063,0.6284378193168326,0.3602109662250603
25850,GOF,0.018706375678449176,0.6626135415710592,0.31868008275049164
25851,GOF,0.015498549045592749,0.5477350784755672,0.43676637247884
25852,GOF,0.14974353019301834,0.5673302247434432,0.2829262450635386
25853,GOF,0.3334923374518603,0.5868376277905145,0.07967003475762512
25854,GOF,0.022625862191444412,0.6420983232254753,0.3352758145830802
25855,GOF,0.03370062443025643,0.5797966629775305,0.3865027125922131
25856,GOF,0.22659999283856017,0.5698200564091012,0.20357995075233873
25857,GOF,0.039231044442018505,0.5396525424542831,0.42111641310369846
25858,GOF,0.021229872224445563,0.5697585151602652,0.4090116126152893
25859,GOF,0.010669053475134836,0.5413235558112913,0.4480073907135738
25860,GOF,0.3362855208659569,0.5868504079006436,0.07686407123339944
25861,GOF,0.40515699095813984,0.5224295054025334,0.07241350363932676
25862,GOF,0.08559411313489566,0.7875096801618208,0.12689620670328347
25863,GOF,0.08244541851815337,0.7832511798371172,0.13430340164472934
25864,GOF,0.18104078586998876,0.7526052352300108,0.06635397890000037
25865,GOF,0.07679927764685655,0.8122948831757171,0.11090583917742627
25866,GOF,0.054759378714431955,0.7989192788297166,0.14632134245585146
25867,GOF,0.07944007531857626,0.822883560868554,0.09767636381286986
25868,GOF,0.22161833098646763,0.6887911496741352,0.08959051933939707
25869,Neutral,0.7015444807345678,0.2568224268756867,0.041633092389745587
25870,GOF,0.2813612353045336,0.4108141496705432,0.30782461502492325
25871,GOF,0.21861041243857243,0.6681660379992956,0.113223549562132
25872,GOF,0.07455585092463739,0.6717199551506637,0.25372419392469886
25873,GOF,0.10465223123205061,0.6969730042963141,0.19837476447163518
25874,LOF,0.014162065504900142,0.11703325673056546,0.8688046777645344
25875,LOF,0.0903021584793878,0.04258728955900189,0.8671105519616102
25876,LOF,0.03418315027056375,0.028897172718803935,0.9369196770106324
25877,Neutral,0.49632024814310727,0.03859080089230338,0.4650889509645895
25878,LOF,0.24181404884788568,0.08605172702547222,0.6721342241266421
25879,LOF,0.08986351391831279,0.09034484731552975,0.8197916387661575
25880,LOF,0.03981365311764379,0.013343548151689207,0.9468427987306669
25881,LOF,0.17059864062984306,0.129979601533218,0.6994217578369388
25882,LOF,0.0627778704306793,0.01651625681569897,0.9207058727536217
25883,LOF,0.0636025107259553,0.019299603178357886,0.9170978860956868
25884,LOF,0.031117874590126302,0.029738824286612887,0.9391433011232609
25885,LOF,0.057660776049715055,0.010876966842624472,0.9314622571076604
25886,LOF,0.2518029436039598,0.03771901964353992,0.7104780367525002
25887,LOF,0.1545099015691438,0.06932090885064861,0.7761691895802076
25888,LOF,0.06224038603207057,0.06181741400765421,0.8759421999602752
25889,LOF,0.03912297546812869,0.02032597732780569,0.9405510472040657
25890,LOF,0.045589552645668614,0.1606241370926503,0.7937863102616811
25891,LOF,0.04020751673677013,0.05517757159625604,0.9046149116669737
25892,LOF,0.07697178186143716,0.02159918970559355,0.9014290284329692
25893,LOF,0.23839198499665679,0.01933470119015643,0.7422733138131868
25894,LOF,0.18068006347942878,0.010473334268983808,0.8088466022515874
25895,LOF,0.1849598825679594,0.022078429779409554,0.7929616876526311
25896,LOF,0.04899650751902293,0.020803907690069397,0.9301995847909076
25897,LOF,0.2572633445380524,0.01209019497108601,0.7306464604908616
25898,Neutral,0.7115143462850669,0.010154574455258917,0.2783310792596742
25899,LOF,0.21119144028927242,0.018837534306694787,0.7699710254040327
25900,LOF,0.4414893529492824,0.011474107016771247,0.5470365400339464
25901,LOF,0.04840858577090843,0.011252767539278261,0.9403386466898134
25902,LOF,0.1433577356968359,0.01373082968483349,0.8429114346183306
25903,Neutral,0.5819255826171461,0.02828150624516988,0.38979291113768405
25904,LOF,0.3007964996598296,0.041545223126148445,0.657658277214022
25905,LOF,0.02598433642848033,0.32304387211268276,0.6509717914588369
25906,LOF,0.03318497970810891,0.07202978584376406,0.894785234448127
25907,LOF,0.014603432732132377,0.33492922496044064,0.650467342307427
25908,LOF,0.010005111997217443,0.24730936593550365,0.7426855220672789
25909,LOF,0.013758333987316575,0.11982277245848,0.8664188935542033
25910,LOF,0.04869220340041681,0.14506104260275285,0.8062467539968304
25911,LOF,0.18045659904905859,0.031948053586085996,0.7875953473648554
25912,LOF,0.04586407638400838,0.05540298994606202,0.8987329336699297
25913,LOF,0.3264241844848476,0.026562449670052772,0.6470133658450996
25914,LOF,0.020624264225217716,0.05513575646937157,0.9242399793054107
25915,Neutral,0.5820115796491164,0.1355016336284832,0.2824867867224004
25916,LOF,0.07454655103634868,0.18788163003366198,0.7375718189299892
25917,LOF,0.06422048399687152,0.04300750294086437,0.8927720130622642
25918,LOF,0.021120454804601722,0.033634799151202516,0.9452447460441958
25919,LOF,0.019132015691561057,0.03605309577907047,0.9448148885293686
25920,GOF,0.10148480907262719,0.513445867467941,0.38506932345943173
25921,LOF,0.024981275112924837,0.03589571404880799,0.9391230108382671
25922,LOF,0.03276765976696537,0.026712716951426223,0.9405196232816084
25923,LOF,0.47687098738619726,0.03915782451077462,0.48397118810302814
25924,LOF,0.033952173993863626,0.04709910028270339,0.918948725723433
25925,LOF,0.07527144557037235,0.04607040394474544,0.8786581504848823
25926,LOF,0.0532494027526091,0.040290617726179506,0.9064599795212113
25927,LOF,0.056436954206553314,0.13769847879448005,0.8058645669989667
25928,LOF,0.017002145067120642,0.05652733926169326,0.926470515671186
25929,Neutral,0.5947577968837763,0.04211425956872301,0.3631279435475007
25930,LOF,0.07336206120657827,0.034158196386509916,0.8924797424069117
25931,LOF,0.024092228164090807,0.033762828601702446,0.9421449432342067
25932,LOF,0.02937039942636167,0.029674681722814997,0.9409549188508234
25933,LOF,0.039913354821981745,0.02000076690459878,0.9400858782734195
25934,LOF,0.024435230059354246,0.020958453335033638,0.954606316605612
25935,LOF,0.06420490860104862,0.05846385546177083,0.8773312359371804
25936,LOF,0.043918528775976046,0.024566922627839285,0.9315145485961847
25937,LOF,0.026639672529558657,0.03948958259584637,0.933870744874595
25938,LOF,0.06947762676596322,0.059130777087683474,0.8713915961463534
25939,LOF,0.040753468076785634,0.021538322194714986,0.9377082097284994
25940,LOF,0.03752475980198056,0.33402456512866613,0.6284506750693533
25941,LOF,0.1896946158486712,0.10555842657416875,0.70474695757716
25942,LOF,0.013395305886031328,0.035614542279061454,0.9509901518349073
25943,LOF,0.31145105056787653,0.05433199102280381,0.6342169584093197
25944,Neutral,0.49968567858552476,0.022108005790485948,0.4782063156239893
25945,LOF,0.07252974690801692,0.02000427670378739,0.9074659763881958
25946,LOF,0.03240050419012936,0.11894139909539986,0.8486580967144708
25947,LOF,0.12724938595114063,0.16480068235821196,0.7079499316906473
25948,LOF,0.3493809894319296,0.008630929006720873,0.6419880815613495
25949,LOF,0.11942651477019117,0.03588309109985428,0.8446903941299545
25950,GOF,0.32812063794129664,0.3444792363089129,0.3274001257497904
25951,LOF,0.17775306837985547,0.27553567535272655,0.546711256267418
25952,LOF,0.046128115104537945,0.4337755352501423,0.5200963496453197
25953,LOF,0.13518380949156988,0.1173669605902097,0.7474492299182204
25954,Neutral,0.42211814062590786,0.17688041938883053,0.40100143998526155
25955,LOF,0.050785300463703074,0.08022260679540892,0.868992092740888
25956,LOF,0.1612246957392998,0.09962856724521225,0.7391467370154879
25957,LOF,0.03759327009801954,0.032567346069237925,0.9298393838327426
25958,LOF,0.05593497132579794,0.026980169375448806,0.9170848592987532
25959,LOF,0.06983775886438805,0.31045957610313396,0.619702665032478
25960,LOF,0.015602351594632096,0.050267367607102695,0.9341302807982653
25961,LOF,0.04197894007453106,0.0264718232284291,0.9315492366970398
25962,LOF,0.048249611172703204,0.025363044369036948,0.9263873444582599
25963,LOF,0.04444185848742849,0.20372117655282362,0.7518369649597479
25964,LOF,0.0329630420021418,0.15113858628151394,0.8158983717163442
25965,LOF,0.43082487279780196,0.06413737387709072,0.5050377533251074
25966,Neutral,0.5038633997869965,0.1959181891606831,0.3002184110523204
25967,LOF,0.016427998580112402,0.1165359491469597,0.8670360522729279
25968,LOF,0.038370658033812684,0.3833490027741742,0.578280339192013
25969,LOF,0.03620169031775316,0.056735599751569346,0.9070627099306774
25970,LOF,0.05808702359758497,0.061051010841731645,0.8808619655606833
25971,LOF,0.065439112721286,0.019886380893124115,0.9146745063855899
25972,LOF,0.06279415533449559,0.02980109233045126,0.9074047523350531
25973,LOF,0.07633891113415939,0.009818206241703983,0.9138428826241367
25974,LOF,0.18908932410624305,0.013487197869488548,0.7974234780242685
25975,LOF,0.0466361392548026,0.029112232750298027,0.9242516279948995
25976,LOF,0.043815325383178026,0.01545958183967554,0.9407250927771464
25977,LOF,0.14394004169294553,0.10233846702620533,0.7537214912808492
25978,LOF,0.15204324957316603,0.0868952081162295,0.7610615423106044
25979,LOF,0.14009865356604037,0.08887139712933384,0.7710299493046258
25980,LOF,0.23624169856273292,0.10489715828002912,0.6588611431572379
25981,LOF,0.27101826491642517,0.1030894452593275,0.6258922898242473
25982,LOF,0.43191664696314036,0.06788825240319718,0.5001951006336626
25983,LOF,0.4105802586087495,0.07885898412763868,0.5105607572636117
25984,LOF,0.04679329223451338,0.04572334570799051,0.9074833620574961
25985,LOF,0.03629980828480375,0.29115206480612876,0.6725481269090675
25986,LOF,0.0454138049231774,0.35477805448559924,0.5998081405912234
25987,LOF,0.08487310476120298,0.07169932714402216,0.8434275680947748
25988,LOF,0.15058242299261446,0.06070109623416,0.7887164807732254
25989,LOF,0.03246543979218254,0.12325182108778143,0.844282739120036
25990,LOF,0.03882528147519252,0.17506230295482025,0.7861124155699872
25991,LOF,0.13691254632391964,0.24014898255583778,0.6229384711202427
25992,LOF,0.30434199187046923,0.13756370572821305,0.5580943024013177
25993,LOF,0.022027800475038172,0.07145043672474681,0.906521762800215
25994,LOF,0.017081537955339707,0.09211172567040495,0.8908067363742554
25995,LOF,0.021999758567706883,0.20798016155670712,0.770020079875586
25996,GOF,0.3077023670885395,0.3927571750928712,0.29954045781858935
25997,LOF,0.08537672677587949,0.37213651148730453,0.542486761736816
25998,Neutral,0.5132195512944362,0.026490010572575873,0.4602904381329881
25999,LOF,0.08440864997583887,0.09575413470803572,0.8198372153161253
26000,LOF,0.1348122868188513,0.051448805049197084,0.8137389081319517
26001,LOF,0.19972571983132892,0.05617703277538691,0.7440972473932842
26002,LOF,0.11855564394135533,0.04951491014822191,0.8319294459104228
26003,GOF,0.010104175160611618,0.5898712241315105,0.4000246007078779
26004,GOF,0.02153431659483674,0.6846342825527897,0.2938314008523736
26005,LOF,0.0061890133895526845,0.4621871097608845,0.5316238768495628
26006,Neutral,0.49820271156292384,0.25689143253024377,0.2449058559068323
26007,GOF,0.019364446689824698,0.5431371838541713,0.43749836945600395
26008,GOF,0.018028033847449356,0.6165193583574149,0.3654526077951357
26009,GOF,0.020888712548533826,0.6931709603416429,0.28594032710982314
26010,GOF,0.019445927578100958,0.6267817289996068,0.3537723434222923
26011,LOF,0.0065674342161343826,0.4411741188586689,0.5522584469251967
26012,GOF,0.012765508142396888,0.5399515539822661,0.44728293787533696
26013,GOF,0.01926078941630912,0.6140867753625989,0.366652435221092
26014,LOF,0.041392416250573515,0.11351251562094321,0.8450950681284833
26015,LOF,0.14958353739853306,0.01534282391323993,0.835073638688227
26016,LOF,0.18772384204966805,0.06666335522635243,0.7456128027239796
26017,LOF,0.20477126917011995,0.09927230284130009,0.6959564279885798
26018,LOF,0.07922243944020667,0.04028518498250138,0.880492375577292
26019,LOF,0.07499392858408008,0.0326396494231548,0.8923664219927651
26020,LOF,0.06658843846467953,0.11128275333042588,0.8221288082048945
26021,LOF,0.04275585486044327,0.119368647398178,0.8378754977413788
26022,LOF,0.010927594216518902,0.0392419845349385,0.9498304212485427
26023,LOF,0.07178877497768511,0.026130319507594764,0.9020809055147202
26024,LOF,0.028949833764790517,0.11631845524659175,0.8547317109886178
26025,LOF,0.15076581391188923,0.09910292868377103,0.7501312574043397
26026,LOF,0.3232475830540299,0.02949692674989794,0.6472554901960722
26027,LOF,0.059192402914725266,0.02045183003529603,0.9203557670499787
26028,LOF,0.1638298062707809,0.06398699098195534,0.7721832027472637
26029,LOF,0.07222953376999634,0.15328660195096735,0.7744838642790363
26030,LOF,0.023732226069965983,0.03488536211973341,0.9413824118103006
26031,LOF,0.02714293586235133,0.11087863921225932,0.8619784249253893
26032,LOF,0.06303695824184816,0.053050514620254445,0.8839125271378974
26033,LOF,0.08843557585513791,0.05196795258688651,0.8595964715579756
26034,LOF,0.046441365488666314,0.1333904789432212,0.8201681555681124
26035,LOF,0.027720619764973815,0.12825448787377383,0.8440248923612523
26036,LOF,0.038127323267091916,0.14828948246152304,0.813583194271385
26037,LOF,0.021910401390240728,0.10150637378129214,0.8765832248284671
26038,LOF,0.05954320617835061,0.0548956211042719,0.8855611727173774
26039,LOF,0.051985745054680704,0.1266937814349708,0.8213204735103485
26040,LOF,0.20915840333855054,0.09343379893697405,0.6974077977244754
26041,LOF,0.02261517351345892,0.09549145777468143,0.8818933687118596
26042,LOF,0.02110460154805344,0.08952067552767519,0.8893747229242713
26043,LOF,0.06063611182641242,0.06399539825972304,0.8753684899138645
26044,LOF,0.019768069141992993,0.046421141697939976,0.9338107891600671
26045,LOF,0.07105953504480046,0.0842374155602112,0.8447030493949883
26046,LOF,0.05681042225033306,0.05361555115028518,0.8895740265993817
26047,LOF,0.0725296877886827,0.055767417463783185,0.871702894747534
26048,LOF,0.043207230612942155,0.03173580801270476,0.9250569613743531
26049,Neutral,0.9657921384623483,0.005532272695408812,0.028675588842242777
26050,Neutral,0.9508142858699566,0.007137869407692208,0.04204784472235119
26051,LOF,0.042934396878098795,0.2548273858952928,0.7022382172266084
26052,LOF,0.0640061248635779,0.3000107138008798,0.6359831613355423
26053,LOF,0.058487794650017126,0.1342336628542376,0.8072785424957453
26054,LOF,0.04914870621340769,0.01725267766994619,0.9335986161166461
26055,LOF,0.06780265820448544,0.015038734475778715,0.917158607319736
26056,LOF,0.05878517361742016,0.016820519489125565,0.9243943068934544
26057,LOF,0.02929549935246482,0.011099906162483884,0.9596045944850512
26058,LOF,0.03017759438535718,0.009431513243971028,0.9603908923706719
26059,LOF,0.2666571774467066,0.0213636717412167,0.7119791508120767
26060,LOF,0.03786600243930526,0.17662659358760918,0.7855074039730856
26061,LOF,0.016122863788314578,0.011402591564708612,0.9724745446469769
26062,LOF,0.009908155490564785,0.017248139872124153,0.9728437046373111
26063,LOF,0.019101536390988348,0.010300001346366132,0.9705984622626456
26064,LOF,0.0187782182924314,0.02034899995895092,0.9608727817486176
26065,LOF,0.024890029914948666,0.011833630882535414,0.963276339202516
26066,LOF,0.020198157121243603,0.010557743797171119,0.9692440990815853
26067,LOF,0.026066716539613136,0.0087421966215969,0.96519108683879
26068,LOF,0.04269680904116327,0.02760991034395213,0.9296932806148847
26069,LOF,0.258778356398511,0.020024621637498248,0.7211970219639908
26070,LOF,0.39206078499141833,0.017346228578345873,0.5905929864302357
26071,LOF,0.019096535005314108,0.011920431657281391,0.9689830333374044
26072,LOF,0.018046339292222355,0.017134393337783674,0.9648192673699939
26073,LOF,0.01964232353855332,0.011280822904832948,0.9690768535566137
26074,Neutral,0.9195627564688289,0.005841943623680016,0.07459529990749111
26075,LOF,0.04469992496212062,0.013033754479929832,0.9422663205579497
26076,LOF,0.03593887600655944,0.009492502712746312,0.9545686212806941
26077,LOF,0.009118699488496746,0.013896137603640016,0.9769851629078633
26078,LOF,0.013430687153961944,0.009816839384536022,0.9767524734615021
26079,LOF,0.06123802503938786,0.015923823028334477,0.9228381519322777
26080,LOF,0.05980819207101124,0.015940250558111813,0.9242515573708768
26081,LOF,0.0349628440221305,0.006690062913215731,0.9583470930646538
26082,LOF,0.012691649656034218,0.013960356854067782,0.9733479934898981
26083,LOF,0.1712199566936425,0.014665691718267152,0.8141143515880903
26084,LOF,0.03762486856726487,0.010881282192365367,0.9514938492403698
26085,LOF,0.03377499188167709,0.010460901852221892,0.9557641062661011
26086,LOF,0.019586152883645746,0.010507609991056323,0.9699062371252979
26087,LOF,0.02268859210994113,0.008057784336264228,0.9692536235537945
26088,LOF,0.01503909614771444,0.02233057061171796,0.9626303332405676
26089,LOF,0.041717583088291585,0.020702393503449955,0.9375800234082584
26090,LOF,0.04178466180735014,0.016581237035412418,0.9416341011572374
26091,LOF,0.03178056479035057,0.006448579799718185,0.9617708554099311
26092,LOF,0.02199855810702501,0.007947574833597591,0.9700538670593774
26093,LOF,0.03229375188278984,0.006335209739869769,0.9613710383773403
26094,LOF,0.03497180933779795,0.0057223014534072345,0.9593058892087949
26095,LOF,0.03555850930924807,0.013273083074076791,0.9511684076166752
26096,LOF,0.014609488268705166,0.011024884385273806,0.9743656273460211
26097,LOF,0.010760926694330472,0.03502720500238366,0.9542118683032859
26098,LOF,0.07851409309888535,0.010906087842389462,0.9105798190587252
26099,LOF,0.01938473898542221,0.012079518778551674,0.968535742236026
26100,LOF,0.021333615023681706,0.011751605896402104,0.9669147790799163
26101,LOF,0.045019119999066805,0.014397847042948672,0.9405830329579846
26102,LOF,0.019592462927980867,0.012486512498062513,0.9679210245739566
26103,Neutral,0.8835695043414727,0.01789342644516022,0.09853706921336713
26104,LOF,0.08034572193907843,0.02371080163205525,0.8959434764288663
26105,LOF,0.1872151869495023,0.26192966016110086,0.5508551528893968
26106,LOF,0.17527479824230466,0.12303021202575745,0.7016949897319378
26107,LOF,0.21736788594708295,0.08820804784367617,0.6944240662092409
26108,LOF,0.2252919110170681,0.09531038412750403,0.6793977048554278
26109,LOF,0.09050662870612107,0.05425253114516412,0.8552408401487148
26110,LOF,0.20715629448054984,0.007678415233567059,0.7851652902858831
26111,Neutral,0.5011017734706992,0.03116129330155653,0.46773693322774434
26112,LOF,0.03252349303767759,0.007651545904310712,0.9598249610580116
26113,LOF,0.06056798923673936,0.01731340718111186,0.9221186035821488
26114,LOF,0.02417331956098939,0.02927256385436805,0.9465541165846426
26115,LOF,0.08176482499702022,0.05556462527844904,0.8626705497245307
26116,LOF,0.05992754820115549,0.063698922768048,0.8763735290307965
26117,LOF,0.4531498447177711,0.04153042410472586,0.5053197311775031
26118,LOF,0.031840876214225086,0.023709801646034312,0.9444493221397406
26119,LOF,0.023175394511548025,0.03803291860615429,0.9387916868822977
26120,LOF,0.023904942750548424,0.018438202965697387,0.9576568542837541
26121,LOF,0.03936618361249174,0.07522809888533342,0.8854057175021748
