feature0,prediction,LoGoFunc_Neutral,LoGoFunc_GOF,LoGoFunc_LOF
25546,Neutral,0.5236744621949266,0.20681566129001436,0.269509876515059
25547,Neutral,0.43781811869524967,0.2336000883181115,0.3285817929866389
25548,LOF,0.3386358850153356,0.2348556941814491,0.42650842080321527
25549,LOF,0.3249779891051038,0.23852009062090404,0.43650192027399215
25550,LOF,0.3568974407951241,0.232809200689718,0.41029335851515786
25551,LOF,0.2815035593355614,0.25470173001517304,0.4637947106492656
25552,LOF,0.23793543112288376,0.23125702523361183,0.5308075436435044
25553,Neutral,0.7064772453194568,0.13741922261070713,0.15610353206983615
25554,LOF,0.30417408624240644,0.1750660923481664,0.5207598214094271
25555,LOF,0.22135619423781233,0.20306532743531108,0.5755784783268766
25556,LOF,0.3684791426385418,0.15132077120655188,0.48020008615490645
25557,LOF,0.23351872340688382,0.20934340023829734,0.5571378763548188
25558,LOF,0.271458125395007,0.25947900402635427,0.46906287057863877
25559,LOF,0.3423041729038656,0.04022784401801149,0.6174679830781229
25560,LOF,0.02699383447894874,0.425815687166177,0.5471904783548742
25561,LOF,0.02879587437631079,0.3878124500933038,0.5833916755303854
25562,LOF,0.026814815901671906,0.23788098781667613,0.7353041962816519
25563,LOF,0.009245174241392425,0.22738477472945084,0.7633700510291568
25564,LOF,0.07033798990580356,0.07434062745476254,0.8553213826394338
25565,LOF,0.149029223987722,0.23138659247730722,0.6195841835349708
25566,GOF,0.045469260442891825,0.6554887389954869,0.2990420005616212
25567,LOF,0.047054179542053085,0.024174485095993688,0.9287713353619533
25568,LOF,0.040343465066837295,0.03255551752165401,0.9271010174115087
25569,LOF,0.05806867072230504,0.030253685626040278,0.9116776436516547
25570,LOF,0.07204088502028727,0.04085682334032031,0.8871022916393925
25571,LOF,0.07204088502028727,0.04085682334032031,0.8871022916393925
25572,LOF,0.08892979593480227,0.02812890353539467,0.882941300529803
25573,LOF,0.0957734707480684,0.07159487268862504,0.8326316565633065
25574,LOF,0.22933825529137897,0.18624502461575015,0.5844167200928709
25575,LOF,0.07204088502028727,0.04085682334032031,0.8871022916393925
25576,LOF,0.03465489031713203,0.049027340717799496,0.9163177689650684
25577,LOF,0.039480172851392374,0.03357497475367956,0.9269448523949281
25578,LOF,0.2185038248805784,0.07186646641405782,0.7096297087053638
25579,LOF,0.20976647214685387,0.06825018401753867,0.7219833438356074
25580,LOF,0.07204088502028727,0.04085682334032031,0.8871022916393925
25581,LOF,0.03718063487881807,0.05106148728308937,0.9117578778380926
25582,LOF,0.03718063487881807,0.05106148728308937,0.9117578778380926
25583,LOF,0.07204088502028727,0.04085682334032031,0.8871022916393925
25584,Neutral,0.7085696426274074,0.010365359563266856,0.28106499780932587
25585,LOF,0.04413644974339557,0.0357465183565712,0.9201170319000334
25586,LOF,0.07204088502028727,0.04085682334032031,0.8871022916393925
25587,LOF,0.07204088502028727,0.04085682334032031,0.8871022916393925
25588,LOF,0.07204088502028727,0.04085682334032031,0.8871022916393925
25589,Neutral,0.7015607960207481,0.04011796225689646,0.25832124172235543
25590,LOF,0.0833992051439106,0.02584960804350252,0.8907511868125869
25591,LOF,0.16599238124099602,0.015364436645869587,0.8186431821131344
25592,LOF,0.3461720984903071,0.08227797473757825,0.5715499267721146
25593,LOF,0.29440623606734606,0.1643731800639888,0.5412205838686651
25594,LOF,0.026624920389096564,0.0688518663443729,0.9045232132665305
25595,LOF,0.030826576541141567,0.04282245555158865,0.9263509679072699
25596,LOF,0.13847114974721292,0.01729140726322976,0.8442374429895574
25597,LOF,0.13010615060953906,0.014806721226473734,0.8550871281639872
25598,LOF,0.027869907080463736,0.0485363268815234,0.9235937660380128
25599,GOF,0.021414421587365198,0.5251092624639097,0.45347631594872523
25600,GOF,0.08936424584875369,0.6043753977070656,0.30626035644418076
25601,LOF,0.04906583355079294,0.39374561135435276,0.5571885550948544
25602,LOF,0.09626833319656118,0.02382248092119538,0.8799091858822435
25603,LOF,0.08702185196834407,0.05428636960075884,0.8586917784308971
25604,LOF,0.09850974991581353,0.13147522117702493,0.7700150289071616
25605,LOF,0.19513910946630272,0.11326004404157122,0.691600846492126
25606,Neutral,0.6194588495788237,0.0464214011172187,0.3341197493039576
25607,LOF,0.055876687413348815,0.10256136452176197,0.8415619480648893
25608,LOF,0.039339995563844314,0.1907652752346286,0.7698947292015271
25609,GOF,0.09716473945095006,0.664954143717154,0.23788111683189594
25610,LOF,0.040991207782812136,0.15438299274881814,0.8046257994683698
25611,LOF,0.040991207782812136,0.15438299274881814,0.8046257994683698
25612,LOF,0.034119531854275964,0.07572459290033685,0.8901558752453873
25613,LOF,0.039513939131807355,0.08965192734542483,0.8708341335227678
25614,LOF,0.040991207782812136,0.15438299274881814,0.8046257994683698
25615,LOF,0.05573635005703063,0.1420658791680962,0.8021977707748732
25616,LOF,0.040991207782812136,0.15438299274881814,0.8046257994683698
25617,LOF,0.040991207782812136,0.15438299274881814,0.8046257994683698
25618,LOF,0.10731755563250257,0.36385682463513563,0.5288256197323618
25619,LOF,0.040991207782812136,0.15438299274881814,0.8046257994683698
25620,LOF,0.040991207782812136,0.15438299274881814,0.8046257994683698
25621,LOF,0.07664466594267128,0.11026448699257506,0.8130908470647537
25622,LOF,0.07232368416731806,0.10093508167857658,0.8267412341541053
25623,LOF,0.08424846299683662,0.06496094910024033,0.850790587902923
25624,LOF,0.040991207782812136,0.15438299274881814,0.8046257994683698
25625,LOF,0.06874618042975637,0.06846924676878567,0.8627845728014579
25626,LOF,0.024057013681193454,0.087797014600951,0.8881459717178555
25627,Neutral,0.8545240755023247,0.046360671608442816,0.09911525288923251
25628,LOF,0.10640061496286989,0.19565117822712202,0.697948206810008
25629,LOF,0.027842927091005203,0.15847695551163613,0.8136801173973586
25630,LOF,0.28827425920863875,0.12623897438450818,0.585486766406853
25631,LOF,0.3128690834036854,0.1760543237207058,0.5110765928756088
25632,LOF,0.02487052658769865,0.09305550585135423,0.8820739675609471
25633,LOF,0.054536794671244095,0.08719352825837338,0.8582696770703826
25634,LOF,0.0412684242632384,0.04845472660607214,0.9102768491306895
25635,LOF,0.054536794671244095,0.08719352825837338,0.8582696770703826
25636,GOF,0.018935676709273562,0.7035476114168457,0.2775167118738807
25637,GOF,0.01591670494220749,0.6340344542527082,0.3500488408050843
25638,GOF,0.010503670772425264,0.650365066909042,0.33913126231853274
25639,GOF,0.02223992581697528,0.5374148503202488,0.4403452238627758
25640,Neutral,0.7698602372778458,0.1800947478998973,0.05004501482225683
25641,GOF,0.046829792279911145,0.6651956949590607,0.2879745127610282
25642,GOF,0.06152613132655157,0.48102717271811374,0.4574466959553346
25643,LOF,0.2614205065754803,0.3319796897706869,0.40659980365383275
25644,LOF,0.014425325294299544,0.3077510757674679,0.6778235989382325
25645,LOF,0.012075259223935552,0.36325278220257445,0.62467195857349
25646,LOF,0.019480523746163363,0.4228595323335701,0.5576599439202665
25647,LOF,0.012535408311679659,0.2831450988980489,0.7043194927902715
25648,LOF,0.018085177107347222,0.25078757023153436,0.7311272526611183
25649,LOF,0.010982602249098779,0.1637003330450676,0.8253170647058337
25650,LOF,0.04981847227403961,0.29469387122166035,0.6554876565043002
25651,LOF,0.013596733425823829,0.2592186780165395,0.7271845885576367
25652,LOF,0.011428235261059688,0.34096423677943627,0.647607527959504
25653,LOF,0.03550572330786223,0.3382322204522009,0.6262620562399368
25654,LOF,0.009668443510073997,0.3438152148414618,0.6465163416484643
25655,GOF,0.07257300199265551,0.5184116903467858,0.4090153076605587
25656,GOF,0.19243209048636747,0.47881688761239244,0.32875102190124017
25657,GOF,0.03200586260434583,0.5058624347176935,0.4621317026779607
25658,GOF,0.0667450367547236,0.5992652291335541,0.3339897341117223
25659,GOF,0.19857956093757176,0.6275281327498257,0.17389230631260255
25660,LOF,0.038079266932007874,0.15742250938610808,0.804498223681884
25661,LOF,0.038079266932007874,0.15742250938610808,0.804498223681884
25662,LOF,0.038079266932007874,0.15742250938610808,0.804498223681884
25663,LOF,0.038079266932007874,0.15742250938610808,0.804498223681884
25664,LOF,0.0715950545597986,0.11298565212255686,0.8154192933176445
25665,LOF,0.030867149701108727,0.05241444058376635,0.9167184097151249
25666,LOF,0.06851504374803519,0.10508770679991762,0.8263972494520472
25667,LOF,0.038079266932007874,0.15742250938610808,0.804498223681884
25668,LOF,0.038079266932007874,0.15742250938610808,0.804498223681884
25669,LOF,0.038079266932007874,0.15742250938610808,0.804498223681884
25670,LOF,0.10421904275989836,0.06822393687837693,0.8275570203617247
25671,LOF,0.038079266932007874,0.15742250938610808,0.804498223681884
25672,LOF,0.01960064445804301,0.10391215343614155,0.8764872021058154
25673,LOF,0.06377279152076798,0.0822790146067485,0.8539481938724834
25674,LOF,0.057142772760857864,0.08352710469826556,0.8593301225408765
25675,LOF,0.06681422887248727,0.06629339924775704,0.8668923718797558
25676,LOF,0.038079266932007874,0.15742250938610808,0.804498223681884
25677,LOF,0.038079266932007874,0.15742250938610808,0.804498223681884
25678,LOF,0.08311148389227802,0.08214602886399541,0.8347424872437266
25679,LOF,0.13145187191406574,0.06006925441445651,0.8084788736714777
25680,LOF,0.038079266932007874,0.15742250938610808,0.804498223681884
25681,LOF,0.038079266932007874,0.15742250938610808,0.804498223681884
25682,LOF,0.038079266932007874,0.15742250938610808,0.804498223681884
25683,LOF,0.1063423641664707,0.05316787901166739,0.8404897568218619
25684,LOF,0.038079266932007874,0.15742250938610808,0.804498223681884
25685,LOF,0.04103783897153815,0.45516465006749457,0.5037975109609673
25686,GOF,0.02599954896208384,0.548108066637819,0.4258923844000972
25687,GOF,0.03215783632785128,0.7649472822901517,0.2028948813819971
25688,LOF,0.4051314333003949,0.04725714755494755,0.5476114191446575
25689,LOF,0.16669096408092166,0.055075809793000086,0.7782332261260781
25690,LOF,0.23736987356242903,0.08515681632593346,0.6774733101116375
25691,Neutral,0.6834014003634421,0.05211955384664803,0.26447904578990983
25692,LOF,0.15810957721081673,0.01280770880791976,0.8290827139812635
25693,GOF,0.05907123153158628,0.688178167985888,0.2527506004825256
25694,LOF,0.13334539501423384,0.02869387907278002,0.8379607259129861
25695,LOF,0.11297996873266256,0.019965305030595376,0.8670547262367421
25696,LOF,0.14441429378669654,0.022553721183715226,0.8330319850295882
25697,LOF,0.09536696225703584,0.23660386615464166,0.6680291715883225
25698,LOF,0.17376296136717687,0.34914745375706613,0.477089584875757
25699,GOF,0.22713214639351637,0.43919488681930147,0.33367296678718217
25700,LOF,0.05447194726350554,0.08670829321551358,0.8588197595209808
25701,LOF,0.18658619811907343,0.319422690717828,0.4939911111630986
25702,GOF,0.15443612025555775,0.74659246053341,0.09897141921103218
25703,LOF,0.02500272548873515,0.3905635816507322,0.5844336928605327
25704,LOF,0.0334836833183431,0.42398297748241015,0.5425333391992467
25705,LOF,0.02705863245044914,0.38623589280124243,0.5867054747483085
25706,GOF,0.10036315218434075,0.6259181199781508,0.27371872783750845
25707,GOF,0.10320460653298547,0.5675353714533489,0.32926002201366555
25708,LOF,0.04042697025527691,0.4123557789429049,0.5472172508018182
25709,LOF,0.02705863245044914,0.38623589280124243,0.5867054747483085
25710,LOF,0.020320928008059347,0.1461033965672982,0.8335756754246424
25711,LOF,0.02705863245044914,0.38623589280124243,0.5867054747483085
25712,LOF,0.02391870997942616,0.16647562148415168,0.809605668536422
25713,LOF,0.02705863245044914,0.38623589280124243,0.5867054747483085
25714,LOF,0.02705863245044914,0.38623589280124243,0.5867054747483085
25715,LOF,0.02705863245044914,0.38623589280124243,0.5867054747483085
25716,LOF,0.020158732519762596,0.07880882386281325,0.9010324436174242
25717,LOF,0.020084222269246176,0.11048326255942409,0.8694325151713297
25718,LOF,0.02705863245044914,0.38623589280124243,0.5867054747483085
25719,LOF,0.02705863245044914,0.38623589280124243,0.5867054747483085
25720,LOF,0.02705863245044914,0.38623589280124243,0.5867054747483085
25721,LOF,0.02705863245044914,0.38623589280124243,0.5867054747483085
25722,LOF,0.02705863245044914,0.38623589280124243,0.5867054747483085
25723,LOF,0.02705863245044914,0.38623589280124243,0.5867054747483085
25724,LOF,0.1043755637183647,0.3701916255471559,0.5254328107344793
25725,LOF,0.02705863245044914,0.38623589280124243,0.5867054747483085
25726,LOF,0.02705863245044914,0.38623589280124243,0.5867054747483085
25727,LOF,0.02705863245044914,0.38623589280124243,0.5867054747483085
25728,LOF,0.02705863245044914,0.38623589280124243,0.5867054747483085
25729,LOF,0.02705863245044914,0.38623589280124243,0.5867054747483085
25730,LOF,0.02705863245044914,0.38623589280124243,0.5867054747483085
25731,LOF,0.018431387126882776,0.2200126359687766,0.7615559769043406
25732,LOF,0.02705863245044914,0.38623589280124243,0.5867054747483085
25733,LOF,0.02705863245044914,0.38623589280124243,0.5867054747483085
25734,LOF,0.02333748830157272,0.1509077267383089,0.8257547849601183
25735,LOF,0.02705863245044914,0.38623589280124243,0.5867054747483085
25736,LOF,0.02705863245044914,0.38623589280124243,0.5867054747483085
25737,LOF,0.02705863245044914,0.38623589280124243,0.5867054747483085
25738,LOF,0.02705863245044914,0.38623589280124243,0.5867054747483085
25739,LOF,0.02705863245044914,0.38623589280124243,0.5867054747483085
25740,LOF,0.02705863245044914,0.38623589280124243,0.5867054747483085
25741,LOF,0.02705863245044914,0.38623589280124243,0.5867054747483085
25742,LOF,0.02705863245044914,0.38623589280124243,0.5867054747483085
25743,LOF,0.029236121995923202,0.1160329903199355,0.8547308876841412
25744,Neutral,0.5771039896537719,0.2141384496101914,0.20875756073603682
25745,LOF,0.030703515056581154,0.2094626989548977,0.7598337859885211
25746,LOF,0.024420044294653387,0.19424556590901482,0.7813343897963317
25747,LOF,0.03490834389650753,0.23006520450731235,0.7350264515961801
25748,LOF,0.10580921764337907,0.3252293787802369,0.568961403576384
25749,LOF,0.021255563614986893,0.2827179493434601,0.6960264870415529
25750,LOF,0.02348286791716532,0.2319898741253666,0.7445272579574681
25751,LOF,0.03490834389650753,0.23006520450731235,0.7350264515961801
25752,GOF,0.04006866002655782,0.8263041514631349,0.13362718851030747
25753,LOF,0.018372087409587484,0.4755891993514082,0.5060387132390044
25754,GOF,0.021772477513368627,0.8028287810515354,0.1753987414350958
25755,LOF,0.024469255821618092,0.3923945657415615,0.5831361784368204
25756,GOF,0.02814425523836896,0.5620224399047478,0.4098333048568833
25757,GOF,0.01867091043745795,0.8075702426879715,0.17375884687457038
25758,GOF,0.026613667027402914,0.8262238299542308,0.1471625030183662
25759,GOF,0.018665166957533227,0.7247466076498515,0.25658822539261533
25760,LOF,0.022432769823278402,0.4626502136486842,0.5149170165280375
25761,GOF,0.2656705072537913,0.6491842176215582,0.0851452751246505
25762,GOF,0.028541875020594368,0.5125994680038022,0.4588586569756034
25763,LOF,0.02090289562982863,0.4689941527021136,0.5101029516680579
25764,GOF,0.058356442685736115,0.8249048668183854,0.11673869049587864
25765,GOF,0.022176636065179705,0.8454509160079706,0.13237244792684968
25766,GOF,0.0645931218276715,0.8211324551068457,0.1142744230654826
25767,GOF,0.09517268930849643,0.7773363083217067,0.12749100236979682
25768,LOF,0.04054356296615886,0.25878539201041795,0.7006710450234233
25769,LOF,0.0333646344389406,0.2986184007103144,0.6680169648507449
25770,LOF,0.2550343285685224,0.08101346525734962,0.663952206174128
25771,LOF,0.05995385599473414,0.06289030883865507,0.8771558351666108
25772,LOF,0.0333646344389406,0.2986184007103144,0.6680169648507449
25773,LOF,0.05742257647601872,0.09810498231546778,0.8444724412085135
25774,LOF,0.01701576300948581,0.157409636700343,0.8255746002901712
25775,LOF,0.06615353151918954,0.05672387048082947,0.877122597999981
25776,LOF,0.0333646344389406,0.2986184007103144,0.6680169648507449
25777,LOF,0.27296922307421995,0.057916274998958836,0.6691145019268212
25778,LOF,0.0333646344389406,0.2986184007103144,0.6680169648507449
25779,GOF,0.4165377966996534,0.4625954086132134,0.1208667946871331
25780,Neutral,0.46275204633785577,0.43938396333997565,0.0978639903221687
25781,GOF,0.23253923813449764,0.6461413487663102,0.12131941309919218
25782,GOF,0.21323792176860681,0.6126333219056246,0.17412875632576852
25783,GOF,0.0278969402725769,0.5394660832582371,0.4326369764691861
25784,Neutral,0.6504737742575333,0.28360600989167484,0.06592021585079193
25785,Neutral,0.641064662756174,0.23467895062506897,0.12425638661875697
25786,GOF,0.02163190591044893,0.797202270138987,0.18116582395056396
25787,Neutral,0.8636067142260524,0.09263961214405673,0.043753673629890875
25788,LOF,0.03694514003185885,0.1105055744836825,0.8525492854844587
25789,GOF,0.16538914365123628,0.6799324837835603,0.1546783725652034
25790,GOF,0.191303042277138,0.587904288530608,0.22079266919225393
25791,GOF,0.12299291572250581,0.5515485782107297,0.32545850606676446
25792,GOF,0.35701791600718297,0.4382703111327245,0.20471177286009254
25793,GOF,0.3446744895153408,0.5421099926811649,0.11321551780349436
25794,GOF,0.23535845519840579,0.5708917511926622,0.19374979360893202
25795,GOF,0.06472144970272074,0.7789774417934189,0.15630110850386048
25796,Neutral,0.5294773500756769,0.3059374693299687,0.16458518059435448
25797,GOF,0.085160666562004,0.5500376427511263,0.36480169068686963
25798,GOF,0.014939868347951198,0.5484768593697901,0.4365832722822587
25799,GOF,0.01507885732266671,0.49965892258420985,0.4852622200931233
25800,GOF,0.06382476723010655,0.7374816852966913,0.1986935474732021
25801,GOF,0.2708771801458644,0.5994860380242985,0.1296367818298372
25802,GOF,0.08289529744076703,0.7136878702680993,0.20341683229113366
25803,GOF,0.09311998935341953,0.6680613708799529,0.2388186397666275
25804,GOF,0.05181741225649488,0.5749092993953078,0.3732732883481973
25805,GOF,0.1282343154238194,0.7435264499026358,0.1282392346735447
25806,GOF,0.16039829933331692,0.6071158881730122,0.23248581249367084
25807,GOF,0.02269911148106251,0.650105350218784,0.3271955383001534
25808,GOF,0.09305902093792133,0.7232507631429959,0.18369021591908288
25809,GOF,0.017481971586923432,0.5562167037760652,0.4263013246370115
25810,GOF,0.020190325061487546,0.6715748106690999,0.3082348642694126
25811,Neutral,0.5001618190478283,0.4080496139479685,0.0917885670042031
25812,GOF,0.058042206458631736,0.6086556987236695,0.33330209481769874
25813,Neutral,0.6553803851699793,0.2387513029500716,0.10586831187994894
25814,GOF,0.1501109756648904,0.7125175783904023,0.13737144594470732
25815,GOF,0.24619987591150055,0.6396811552714937,0.11411896881700571
25816,GOF,0.02799123270199727,0.820900297273435,0.15110847002456773
25817,GOF,0.1496956498822238,0.7155552154869853,0.1347491346307908
25818,GOF,0.06578474092367323,0.6311694507647938,0.30304580831153305
25819,GOF,0.3439683653846534,0.4904800068020815,0.16555162781326513
25820,GOF,0.1801118493564439,0.5812458825161728,0.23864226812738334
25821,GOF,0.05392913866585438,0.7049601623042367,0.24111069902990898
25822,GOF,0.26793005706974166,0.5165944541749679,0.21547548875529052
25823,GOF,0.04445959076606166,0.6577824756724631,0.2977579335614752
25824,GOF,0.10405266347211149,0.47018901590751744,0.42575832062037117
25825,LOF,0.038894826020373835,0.4798394595914416,0.4812657143881846
25826,GOF,0.011823676575070803,0.6059245423148684,0.3822517811100608
25827,GOF,0.02194948054780075,0.7331707555432002,0.24487976390899885
25828,GOF,0.016784340005524315,0.6783084214548837,0.3049072385395919
25829,GOF,0.01028794791601786,0.49809373472361373,0.4916183173603685
25830,LOF,0.09006875125136748,0.3160590098040621,0.5938722389445704
25831,GOF,0.11356257040555214,0.7874459975172916,0.09899143207715623
25832,GOF,0.03700128599879641,0.754245147423321,0.2087535665778825
25833,GOF,0.12823589746847744,0.7224807642169815,0.14928333831454116
25834,GOF,0.04909628302467779,0.7537154933875426,0.19718822358777963
25835,GOF,0.1459993879738538,0.7005687648886834,0.1534318471374629
25836,GOF,0.05861868050391987,0.7062526260825274,0.23512869341355278
25837,GOF,0.0318665097118729,0.6561313764354529,0.31200211385267423
25838,GOF,0.1370846960364338,0.6997238863797582,0.16319141758380812
25839,GOF,0.3860897608497117,0.4912132535317323,0.12269698561855596
25840,GOF,0.15425785093286287,0.690178985678731,0.15556316338840612
25841,GOF,0.17116853110103294,0.6655223281159843,0.16330914078298261
25842,GOF,0.38562898930283057,0.46199631625832127,0.15237469443884805
25843,GOF,0.28693988791367003,0.5759527000092979,0.13710741207703211
25844,GOF,0.10881045200259287,0.5613800277600555,0.3298095202373517
25845,GOF,0.02342140511765559,0.6094496022009885,0.36712899268135585
25846,GOF,0.07518616894870732,0.7716238441897991,0.1531899868614936
25847,GOF,0.19038780329956392,0.6957441617545699,0.11386803494586625
25848,GOF,0.07954891278890579,0.7481393633276362,0.1723117238834581
25849,GOF,0.014664236819276739,0.7161074820948802,0.2692282810858429
25850,GOF,0.02561081657823516,0.801246210954724,0.17314297246704075
25851,GOF,0.01789837461833717,0.6989869191981174,0.28311470618354545
25852,GOF,0.09212181127999694,0.6651629856728376,0.24271520304716554
25853,GOF,0.3249260371664664,0.5530191866927202,0.12205477614081334
25854,GOF,0.01531072369655815,0.7108812496758832,0.2738080266275587
25855,LOF,0.05086594080060534,0.43643848351932246,0.5126955756800723
25856,GOF,0.29111569067348486,0.4837192712507169,0.22516503807579824
25857,GOF,0.053807368518608734,0.6245074797472165,0.3216851517341748
25858,GOF,0.030619619087480114,0.7368605857737757,0.23251979513874416
25859,GOF,0.014557667553973237,0.6584173443642545,0.3270249880817724
25860,GOF,0.3441475517892332,0.5272551168202455,0.12859733139052132
25861,GOF,0.20029033407682642,0.7114623220391699,0.08824734388400363
25862,GOF,0.1415679405421484,0.7159000550840491,0.1425320043738024
25863,GOF,0.1495671106014738,0.695252480081418,0.15518040931710825
25864,GOF,0.2559601446038139,0.6390245027187226,0.1050153526774635
25865,GOF,0.08350376941193588,0.8113876928802337,0.10510853770783053
25866,GOF,0.10027336425103661,0.7490447238080239,0.15068191194093947
25867,GOF,0.11901687630164867,0.7735539824309114,0.10742914126743987
25868,GOF,0.19423835043285384,0.6638025506750618,0.14195909889208444
25869,Neutral,0.7606140598498676,0.19477011763884697,0.04461582251128532
25870,LOF,0.2169520684276338,0.3240647759143506,0.45898315565801556
25871,GOF,0.08948491607315062,0.6301590048446964,0.28035607908215293
25872,GOF,0.22085840352095856,0.4494007576333038,0.3297408388457376
25873,GOF,0.18065080701765585,0.5496764517780249,0.26967274120431933
25874,LOF,0.03694514003185885,0.1105055744836825,0.8525492854844587
25875,LOF,0.09937721625326576,0.393175502685282,0.5074472810614522
25876,LOF,0.030574684275883002,0.08818437172365688,0.88124094400046
25877,Neutral,0.4138570488217627,0.21278513562558357,0.3733578155526537
25878,GOF,0.17961261558207517,0.4366060020997887,0.3837813823181361
25879,GOF,0.0780510217858785,0.5300073607392208,0.3919416174749007
25880,LOF,0.03857900965084563,0.13058762453813094,0.8308333658110234
25881,LOF,0.3893722347955424,0.16997386572956275,0.4406538994748948
25882,LOF,0.10203132429857156,0.0432879092054104,0.8546807664960181
25883,LOF,0.0741726364539097,0.08806517678783872,0.8377621867582516
25884,LOF,0.08327026812292176,0.09548397554535455,0.8212457563317237
25885,LOF,0.09655147876408877,0.048810674550451044,0.8546378466854602
25886,LOF,0.19611653579897925,0.19243809285605662,0.6114453713449641
25887,LOF,0.40549745831770106,0.10656847104172712,0.4879340706405719
25888,LOF,0.20135714853589848,0.12037928070238373,0.6782635707617178
25889,LOF,0.10522969079299,0.0667434900207432,0.8280268191862669
25890,LOF,0.06421639198753633,0.07137892725097746,0.8644046807614862
25891,LOF,0.061814220078287456,0.03518506978130387,0.9030007101404087
25892,LOF,0.10542546357417941,0.05532363175769146,0.8392509046681291
25893,LOF,0.30816121743087926,0.050388280761128584,0.6414505018079921
25894,LOF,0.15736318046392475,0.02585925379011143,0.8167775657459637
25895,LOF,0.16170441277730174,0.022066152448507757,0.8162294347741905
25896,LOF,0.04304717530615544,0.01682132062556051,0.9401315040682842
25897,LOF,0.16935329850355216,0.052693549448427794,0.7779531520480201
25898,Neutral,0.6647692720938103,0.05633738345235678,0.278893344453833
25899,LOF,0.21755240974711618,0.09978134605994937,0.6826662441929345
25900,Neutral,0.7063020926125345,0.04258215756063362,0.2511157498268318
25901,LOF,0.08266410602268472,0.04647612587149809,0.8708597681058171
25902,LOF,0.1048601880560808,0.029821238938530576,0.8653185730053887
25903,Neutral,0.5289917737813354,0.07605567745774022,0.3949525487609244
25904,LOF,0.23947687332212306,0.09274675225746327,0.6677763744204137
25905,LOF,0.018800408121515618,0.3713686236678988,0.6098309682105855
25906,LOF,0.026187982775367033,0.06923407414934714,0.9045779430752858
25907,LOF,0.013576646690636553,0.3582507660297168,0.6281725872796466
25908,LOF,0.019835889665629065,0.20318454648046183,0.7769795638539092
25909,LOF,0.03638556196817056,0.14768578155592418,0.8159286564759053
25910,LOF,0.016259954885746043,0.48720560523724804,0.49653443987700596
25911,LOF,0.13774398330473953,0.021190453489635223,0.8410655632056252
25912,LOF,0.03916603056684304,0.08712383726809884,0.8737101321650581
25913,LOF,0.2194588546297569,0.035922667110284454,0.7446184782599586
25914,LOF,0.058187369392227836,0.14601179098798028,0.7958008396197919
25915,GOF,0.410395881182963,0.4398631570914614,0.1497409617255755
25916,GOF,0.040356006844899914,0.7021286229463557,0.25751537020874443
25917,LOF,0.023541091771501224,0.12983602276477585,0.8466228854637229
25918,LOF,0.058187369392227836,0.14601179098798028,0.7958008396197919
25919,LOF,0.058187369392227836,0.14601179098798028,0.7958008396197919
25920,GOF,0.21461107264713888,0.6303283928831154,0.15506053446974577
25921,LOF,0.04575577674939776,0.1294905970346262,0.824753626215976
25922,LOF,0.04449471078244625,0.11992963090860137,0.8355756583089523
25923,LOF,0.198123477388828,0.19311735303572286,0.6087591695754491
25924,LOF,0.05451898820298233,0.041808133858773314,0.9036728779382442
25925,LOF,0.042374434212861016,0.05199691787179466,0.9056286479153443
25926,LOF,0.04134165026250514,0.04042394047855162,0.9182344092589432
25927,LOF,0.09108015689810162,0.24933478624565758,0.6595850568562408
25928,LOF,0.03406614595452233,0.045506399219298575,0.920427454826179
25929,LOF,0.32945835449848293,0.18457898429554412,0.4859626612059729
25930,LOF,0.0741726364539097,0.08806517678783872,0.8377621867582516
25931,LOF,0.03103204924846564,0.034452947082660494,0.9345150036688739
25932,LOF,0.0741726364539097,0.08806517678783872,0.8377621867582516
25933,LOF,0.0741726364539097,0.08806517678783872,0.8377621867582516
25934,LOF,0.0741726364539097,0.08806517678783872,0.8377621867582516
25935,LOF,0.028223756047776875,0.051271939776335776,0.9205043041758874
25936,LOF,0.0741726364539097,0.08806517678783872,0.8377621867582516
25937,LOF,0.060729073165572134,0.06870119833420145,0.8705697285002265
25938,LOF,0.05055048866157542,0.12679997103431537,0.8226495403041091
25939,LOF,0.0741726364539097,0.08806517678783872,0.8377621867582516
25940,GOF,0.016064459708089552,0.7292461529088534,0.2546893873830571
25941,LOF,0.25232452630870533,0.049045238891862804,0.6986302347994319
25942,LOF,0.031712795418859234,0.013427180319738375,0.9548600242614024
25943,LOF,0.3371124605335499,0.028091413818167866,0.6347961256482823
25944,LOF,0.4691857501476724,0.022053649659075854,0.5087606001932516
25945,LOF,0.20345498750869473,0.0789336415006346,0.7176113709906707
25946,LOF,0.017130111590207418,0.13580290345028748,0.8470669849595052
25947,LOF,0.0808163884067421,0.29267297315596935,0.6265106384372885
25948,LOF,0.4099433718929471,0.01115565825857344,0.5789009698484795
25949,LOF,0.10361405226602076,0.022434706930100225,0.873951240803879
25950,LOF,0.4102894759200784,0.1198772791583,0.4698332449216216
25951,LOF,0.27093832471211027,0.2950847809619742,0.4339768943259155
25952,LOF,0.055535022414935645,0.4438860459254155,0.500578931659649
25953,LOF,0.17194478573274202,0.3800595325998668,0.4479956816673911
25954,GOF,0.45254831678522245,0.4630859828359493,0.08436570037882828
25955,LOF,0.057746429879253415,0.3823383447866271,0.5599152253341195
25956,LOF,0.13106574315203265,0.13275361765128962,0.7361806391966778
25957,LOF,0.052714645450653866,0.027987208350611754,0.9192981461987343
25958,LOF,0.08720279832102765,0.043631155826806205,0.8691660458521662
25959,LOF,0.13058130193407835,0.20191038639850506,0.6675083116674165
25960,LOF,0.03396504590771136,0.07957524180156954,0.8864597122907192
25961,LOF,0.08720279832102765,0.043631155826806205,0.8691660458521662
25962,LOF,0.03434905043310215,0.17056821160946273,0.7950827379574351
25963,LOF,0.04180886082327518,0.2655530603512263,0.6926380788254985
25964,LOF,0.04730617201703731,0.14099984376061664,0.811693984222346
25965,Neutral,0.47747154877955994,0.14818496244888318,0.3743434887715568
25966,LOF,0.11016841627344791,0.389754552063935,0.5000770316626171
25967,LOF,0.02422905227346127,0.3480909157612401,0.6276800319652986
25968,GOF,0.03877379486907482,0.6659166568395394,0.2953095482913859
25969,LOF,0.024511320267433204,0.11022930237741198,0.8652593773551548
25970,LOF,0.04506865844276884,0.025728657377200634,0.9292026841800305
25971,LOF,0.08335811593615673,0.04158096794312046,0.8750609161207229
25972,LOF,0.08335811593615673,0.04158096794312046,0.8750609161207229
25973,LOF,0.12307161794967175,0.016852334276311356,0.8600760477740168
25974,Neutral,0.5548994864595788,0.059954889126382645,0.3851456244140386
25975,LOF,0.07899330379910896,0.07817524817586943,0.8428314480250216
25976,LOF,0.032277581849408314,0.03322060230519884,0.9345018158453927
25977,LOF,0.029816926703464423,0.3798280361291505,0.590355037167385
25978,LOF,0.2939011206569293,0.12252871008316728,0.5835701692599033
25979,LOF,0.2336699630847946,0.12207928746454266,0.6442507494506627
25980,LOF,0.22817246699926041,0.1477534853075936,0.6240740476931459
25981,LOF,0.22817246699926041,0.1477534853075936,0.6240740476931459
25982,Neutral,0.47799608877227434,0.06169654674266135,0.4603073644850644
25983,Neutral,0.5655328907508844,0.08661824511311998,0.34784886413599553
25984,LOF,0.034258193796907734,0.2501421182658892,0.7155996879372031
25985,LOF,0.02650751949738481,0.48409154025135487,0.4894009402512604
25986,GOF,0.07024099692687273,0.46913031679146744,0.4606286862816599
25987,LOF,0.10679236698187304,0.13092389077397185,0.7622837422441552
25988,LOF,0.034258193796907734,0.2501421182658892,0.7155996879372031
25989,LOF,0.034258193796907734,0.2501421182658892,0.7155996879372031
25990,LOF,0.034258193796907734,0.2501421182658892,0.7155996879372031
25991,LOF,0.22410871754428685,0.3586527923259394,0.41723849012977376
25992,Neutral,0.4129467017365309,0.3639122001240195,0.2231410981394496
25993,LOF,0.047926676133135226,0.13953007916295784,0.812543244703907
25994,LOF,0.047926676133135226,0.13953007916295784,0.812543244703907
25995,LOF,0.047926676133135226,0.13953007916295784,0.812543244703907
25996,LOF,0.1464511708210153,0.2752545052195559,0.5782943239594288
25997,LOF,0.11382321476652581,0.4175185426059724,0.46865824262750183
25998,LOF,0.4865379563295673,0.015125761549584543,0.4983362821208481
25999,LOF,0.2130302151574069,0.30582110270499907,0.4811486821375941
26000,LOF,0.07793161515428895,0.043802463993906963,0.8782659208518041
26001,LOF,0.1009246012451855,0.14715927572664797,0.7519161230281665
26002,LOF,0.05616777946919988,0.08893002149736545,0.8549021990334346
26003,GOF,0.009991772414055113,0.5798452045623449,0.4101630230236001
26004,GOF,0.020239571240429185,0.7042583277828672,0.2755021009767036
26005,GOF,0.010532526925875021,0.5186027742930219,0.4708646987811031
26006,Neutral,0.5273427629270705,0.28722507399644565,0.18543216307648372
26007,GOF,0.02114469954675067,0.7348674169211893,0.24398788353206016
26008,GOF,0.016553306391016535,0.6654615614860833,0.31798513212290025
26009,GOF,0.04051682687437484,0.6976783845471747,0.26180478857845035
26010,GOF,0.014430826549243497,0.7836952917163402,0.2018738817344164
26011,GOF,0.01018430308550739,0.5960743818195289,0.39374131509496363
26012,GOF,0.017797690801283992,0.6165119918257055,0.36569031737301044
26013,GOF,0.012887739034409373,0.6882631687531312,0.2988490922124593
26014,LOF,0.03901734105955344,0.36652665181444305,0.5944560071260035
26015,LOF,0.22366066592460335,0.011129143931107288,0.7652101901442894
26016,LOF,0.41822324918952886,0.04808230317197147,0.5336944476384996
26017,LOF,0.3157267678231678,0.047680728583375735,0.6365925035934564
26018,LOF,0.09384936489865257,0.03552188840593792,0.8706287466954095
26019,LOF,0.09384936489865257,0.03552188840593792,0.8706287466954095
26020,LOF,0.1259937858060913,0.13241617755584514,0.7415900366380636
26021,LOF,0.10305398696333842,0.13511795601799617,0.7618280570186654
26022,LOF,0.027821651696165763,0.03949300311334992,0.9326853451904844
26023,LOF,0.23826412040719502,0.07129843576684879,0.6904374438259561
26024,LOF,0.06445409630443207,0.13104241388677323,0.8045034898087947
26025,LOF,0.29159478887229506,0.09136830918184861,0.6170369019458564
26026,Neutral,0.5268585539547328,0.013217406152437937,0.4599240398928293
26027,LOF,0.09384936489865257,0.03552188840593792,0.8706287466954095
26028,LOF,0.23877414317003282,0.0679350600688523,0.6932907967611149
26029,GOF,0.06689302818915824,0.5509965582216413,0.38211041358920056
26030,LOF,0.02883650215559977,0.13950828636544177,0.8316552114789585
26031,LOF,0.018127835776024583,0.4007368123710244,0.5811353518529511
26032,LOF,0.04448852733024102,0.1819933763181658,0.7735180963515932
26033,GOF,0.1900797044400222,0.43105360051613306,0.37886669504384474
26034,LOF,0.02566111671349786,0.3161604074140373,0.6581784758724647
26035,LOF,0.019787030013644815,0.38868697076537545,0.5915259992209797
26036,LOF,0.02326656482190136,0.28665220984894973,0.690081225329149
26037,LOF,0.015871096999445323,0.26343344477711195,0.7206954582234427
26038,LOF,0.04448852733024102,0.1819933763181658,0.7735180963515932
26039,LOF,0.03685570521753693,0.3750218440942777,0.5881224506881854
26040,GOF,0.2356698701470968,0.5729672601436232,0.1913628697092801
26041,LOF,0.016644531423773815,0.22645039921417373,0.7569050693620525
26042,LOF,0.01569042819287769,0.24025195629496762,0.7440576155121548
26043,LOF,0.04448852733024102,0.1819933763181658,0.7735180963515932
26044,LOF,0.029728825715927068,0.16395464824344552,0.8063165260406274
26045,LOF,0.04695590576175814,0.3580218688945431,0.5950222253436988
26046,LOF,0.04448852733024102,0.1819933763181658,0.7735180963515932
26047,LOF,0.04448852733024102,0.1819933763181658,0.7735180963515932
26048,LOF,0.08398853286213713,0.20487898588141118,0.7111324812564517
26049,Neutral,0.9104882106860621,0.05332465985780361,0.03618712945613434
26050,Neutral,0.893204807377041,0.06280505210719202,0.04399014051576685
26051,GOF,0.01913388597815779,0.739211447850544,0.24165466617129802
26052,GOF,0.023226064156620332,0.6897678036946345,0.2870061321487451
26053,GOF,0.049644516128360246,0.47719575191016195,0.4731597319614779
26054,LOF,0.04730505705369576,0.027860056330526718,0.9248348866157775
26055,LOF,0.053301871184394306,0.01821668935582889,0.9284814394597768
26056,LOF,0.041844235705271654,0.028521546329599204,0.9296342179651291
26057,LOF,0.0800050402013978,0.09069913395747252,0.8292958258411297
26058,LOF,0.0800050402013978,0.09069913395747252,0.8292958258411297
26059,LOF,0.29447311862613873,0.06850486607110991,0.6370220153027514
26060,LOF,0.09889457355114653,0.31742848950642777,0.5836769369424256
26061,LOF,0.0359059198825105,0.029478819368884347,0.9346152607486051
26062,LOF,0.024925847211481722,0.025329042097534664,0.9497451106909836
26063,LOF,0.0800050402013978,0.09069913395747252,0.8292958258411297
26064,LOF,0.03877229216604255,0.018620778059026514,0.9426069297749309
26065,LOF,0.0800050402013978,0.09069913395747252,0.8292958258411297
26066,LOF,0.0800050402013978,0.09069913395747252,0.8292958258411297
26067,LOF,0.0800050402013978,0.09069913395747252,0.8292958258411297
26068,LOF,0.040265128360712596,0.04566797205121334,0.9140668995880741
26069,LOF,0.432584548980161,0.024497962819725598,0.5429174882001133
26070,Neutral,0.679406278422823,0.008952131710630702,0.3116415898665464
26071,LOF,0.0800050402013978,0.09069913395747252,0.8292958258411297
26072,LOF,0.03383462158457762,0.060322845444467865,0.9058425329709545
26073,LOF,0.0800050402013978,0.09069913395747252,0.8292958258411297
26074,Neutral,0.9602767381604091,0.0077853565631852,0.03193790527640574
26075,LOF,0.03568640900412338,0.02960141004051608,0.9347121809553605
26076,LOF,0.0800050402013978,0.09069913395747252,0.8292958258411297
26077,LOF,0.02379810848437135,0.06381819143766922,0.9123837000779594
26078,LOF,0.02664813108226122,0.04098725767097511,0.9323646112467636
26079,LOF,0.039427078859995815,0.03618937876492782,0.9243835423750765
26080,LOF,0.039427078859995815,0.03618937876492782,0.9243835423750765
26081,LOF,0.0800050402013978,0.09069913395747252,0.8292958258411297
26082,LOF,0.04484873951347077,0.028423721521448307,0.926727538965081
26083,LOF,0.0800050402013978,0.09069913395747252,0.8292958258411297
26084,LOF,0.0800050402013978,0.09069913395747252,0.8292958258411297
26085,LOF,0.0800050402013978,0.09069913395747252,0.8292958258411297
26086,LOF,0.0800050402013978,0.09069913395747252,0.8292958258411297
26087,LOF,0.0800050402013978,0.09069913395747252,0.8292958258411297
26088,LOF,0.04304344571083874,0.07472102004785879,0.8822355342413026
26089,LOF,0.047414151007115254,0.024865973352772366,0.9277198756401124
26090,LOF,0.041512820849107304,0.021967914475963867,0.936519264674929
26091,LOF,0.0800050402013978,0.09069913395747252,0.8292958258411297
26092,LOF,0.0800050402013978,0.09069913395747252,0.8292958258411297
26093,LOF,0.0800050402013978,0.09069913395747252,0.8292958258411297
26094,LOF,0.0800050402013978,0.09069913395747252,0.8292958258411297
26095,LOF,0.07463185839331134,0.03518450632359727,0.8901836352830914
26096,LOF,0.039612383212388774,0.030865695141964578,0.9295219216456467
26097,LOF,0.02482651379253563,0.06998033148796264,0.9051931547195017
26098,LOF,0.0375410395394381,0.023855913660275996,0.9386030468002858
26099,LOF,0.0800050402013978,0.09069913395747252,0.8292958258411297
26100,LOF,0.0800050402013978,0.09069913395747252,0.8292958258411297
26101,LOF,0.0800050402013978,0.09069913395747252,0.8292958258411297
26102,LOF,0.0800050402013978,0.09069913395747252,0.8292958258411297
26103,Neutral,0.7343601771220045,0.08050552756169917,0.18513429531629647
26104,LOF,0.0268118022519522,0.04254278223472779,0.93064541551332
26105,LOF,0.19851764912584466,0.0950886825056086,0.7063936683685467
26106,LOF,0.17630662192430127,0.06883821656163464,0.7548551615140641
26107,LOF,0.27304622552487506,0.06247293938954894,0.6644808350855759
26108,LOF,0.1363688098246965,0.05953735052572462,0.8040938396495788
26109,LOF,0.0723056328320441,0.12772954084232474,0.7999648263256312
26110,LOF,0.3001025675985936,0.02355540859844534,0.676342023802961
26111,LOF,0.3121066598347264,0.1984022085121048,0.4894911316531687
26112,LOF,0.09474238683860316,0.056942805856351676,0.8483148073050452
26113,LOF,0.09474238683860316,0.056942805856351676,0.8483148073050452
26114,LOF,0.045205295076477026,0.014410876606617211,0.9403838283169057
26115,LOF,0.1565607965296471,0.033630538564945245,0.8098086649054076
26116,LOF,0.08423782856091191,0.039823488544111635,0.8759386828949765
26117,LOF,0.19089262532503598,0.19826720773063972,0.6108401669443243
26118,LOF,0.06264992340597984,0.0854954057320956,0.8518546708619245
26119,LOF,0.028595879747396313,0.23723830040088975,0.7341658198517139
26120,LOF,0.06264992340597984,0.0854954057320956,0.8518546708619245
26121,LOF,0.044126624815954085,0.23259156960802468,0.7232818055760212
26122,LOF,0.06103151397006396,0.2664909722430827,0.6724775137868534
26123,LOF,0.050006127859370156,0.31296120823532075,0.6370326639053091
