feature0,prediction,LoGoFunc_Neutral,LoGoFunc_GOF,LoGoFunc_LOF
25546,Neutral,0.6064266329557436,0.05504372470333124,0.33852964234092514
25547,Neutral,0.46243013023210405,0.09252568945519152,0.4450441803127045
25548,Neutral,0.465616380344478,0.07528202166462102,0.45910159799090106
25549,LOF,0.4023331984483084,0.07541655336410538,0.5222502481875863
25550,LOF,0.3371857270203433,0.1104815805373824,0.5523326924422743
25551,LOF,0.28378038834246005,0.12424785595867471,0.5919717556988652
25552,LOF,0.25123670223070105,0.12363514682098665,0.6251281509483123
25553,Neutral,0.7947401073694594,0.044845293307480286,0.16041459932306035
25554,LOF,0.2849906745459531,0.11107435413198792,0.603934971322059
25555,LOF,0.2427523225386644,0.107381735024199,0.6498659424371366
25556,LOF,0.42535438239861234,0.09293205394299497,0.4817135636583927
25557,LOF,0.2330003576196394,0.11227263506781442,0.6547270073125462
25558,LOF,0.2837075931295579,0.10778967310260425,0.6085027337678379
25559,LOF,0.2342226657895081,0.1277702445947109,0.638007089615781
25560,LOF,0.1714502050010044,0.1117189701443042,0.7168308248546914
25561,LOF,0.1627120638510543,0.1275819435500577,0.7097059925988879
25562,LOF,0.07462619137338337,0.07333610494660209,0.8520377036800145
25563,LOF,0.025017874618126993,0.13567389940819288,0.8393082259736802
25564,LOF,0.2142136512943388,0.1282865212758255,0.6574998274298357
25565,LOF,0.19520082480631556,0.15312804849707007,0.6516711266966144
25566,GOF,0.10347357560497966,0.6763283617326451,0.22019806266237513
25567,LOF,0.039838294020755734,0.18238369858333758,0.7777780073959067
25568,LOF,0.06335342922975906,0.08995108762968232,0.8466954831405586
25569,LOF,0.05902751154643931,0.09567290350405111,0.8452995849495095
25570,LOF,0.02954053990991202,0.11824171396776567,0.8522177461223224
25571,LOF,0.02810813601224669,0.1231564583939323,0.848735405593821
25572,LOF,0.0640945705319802,0.14829703966211244,0.7876083898059074
25573,LOF,0.06130949257998321,0.11567637295283291,0.823014134467184
25574,LOF,0.05861601483751014,0.24737574975794288,0.694008235404547
25575,LOF,0.024086134165628836,0.14193857605175736,0.8339752897826137
25576,LOF,0.031047727000880914,0.1807274655982092,0.7882248074009098
25577,LOF,0.03177651609813129,0.14069322745337481,0.827530256448494
25578,LOF,0.31845601839829435,0.10652735752513513,0.5750166240765705
25579,LOF,0.1477974084627348,0.11429706997750606,0.7379055215597591
25580,LOF,0.021305037042312205,0.10052693587180442,0.8781680270858834
25581,LOF,0.056688797144581936,0.08400750442578198,0.859303698429636
25582,LOF,0.0563704618382018,0.0829161768210051,0.860713361340793
25583,LOF,0.024018803269664043,0.09747056206051288,0.8785106346698232
25584,Neutral,0.7072844569463095,0.12789946404285335,0.16481607901083706
25585,LOF,0.02635408065222288,0.18500596222424595,0.7886399571235311
25586,LOF,0.01862746325986345,0.09083096143943444,0.8905415753007021
25587,LOF,0.01829893127868838,0.07736116643083178,0.9043399022904799
25588,LOF,0.021822018902930375,0.08473280772150471,0.893445173375565
25589,Neutral,0.49233678411342174,0.2552271159964617,0.2524360998901164
25590,LOF,0.05113655680862494,0.14889949575381117,0.7999639474375639
25591,LOF,0.09895689401977913,0.07455811943819145,0.8264849865420295
25592,LOF,0.057704832816779225,0.17340302358964543,0.7688921435935753
25593,LOF,0.1284226638205292,0.3066016681163747,0.5649756680630962
25594,LOF,0.05046616024753595,0.0746223023029662,0.8749115374494979
25595,LOF,0.045871909960427316,0.05571293338064341,0.8984151566589292
25596,LOF,0.1070819748967777,0.02973480410949092,0.8631832209937315
25597,LOF,0.08047104274687707,0.037288357115377195,0.8822406001377459
25598,LOF,0.048567427015591184,0.058700335768415816,0.8927322372159929
25599,GOF,0.021104366723053884,0.4933128788748249,0.48558275440212123
25600,GOF,0.16614456735964372,0.5187303907464642,0.31512504189389207
25601,LOF,0.036035420998022684,0.4112430811726686,0.5527214978293087
25602,LOF,0.03266713355815517,0.05821120345253111,0.9091216629893136
25603,LOF,0.031240122240893564,0.036433608373135154,0.9323262693859713
25604,LOF,0.03284593306958951,0.0712825595997876,0.8958715073306229
25605,LOF,0.036165891792557685,0.18493887483916835,0.778895233368274
25606,LOF,0.4326543178576908,0.11410415182845879,0.4532415303138505
25607,LOF,0.026387445985116064,0.1682018284684824,0.8054107255464015
25608,LOF,0.04004673920561324,0.06968361074716577,0.890269650047221
25609,GOF,0.1747342427522681,0.5232247991760359,0.30204095807169595
25610,LOF,0.01636752320410363,0.029492909784374535,0.9541395670115218
25611,LOF,0.013799224244723306,0.03263409154259839,0.9535666842126782
25612,LOF,0.04844032249516606,0.047911886503441165,0.9036477910013927
25613,LOF,0.04581466449689419,0.047670602834135385,0.9065147326689703
25614,LOF,0.02211027771349099,0.02603477432109224,0.9518549479654168
25615,LOF,0.04309149844298528,0.04637189542794311,0.9105366061290716
25616,LOF,0.04928873823721007,0.02840268487470487,0.922308576888085
25617,LOF,0.04016882022251434,0.0402289583690678,0.9196022214084179
25618,LOF,0.049231837463696554,0.03557963086189495,0.9151885316744084
25619,LOF,0.013859211851267454,0.03339641818305312,0.9527443699656793
25620,LOF,0.058885644764828105,0.045225465735817406,0.8958888894993545
25621,LOF,0.057659123910677526,0.043996569214573136,0.8983443068747494
25622,LOF,0.06651498833206469,0.037120426047115976,0.8963645856208193
25623,LOF,0.07320196018459439,0.030100457020709223,0.8966975827946964
25624,LOF,0.0188746451384016,0.035843338616519116,0.9452820162450792
25625,LOF,0.06118142157634429,0.042548117769911374,0.8962704606537444
25626,LOF,0.048497475578458855,0.04644048790682691,0.9050620365147142
25627,Neutral,0.8948486898147816,0.020481882825316492,0.08466942735990174
25628,LOF,0.15653649568833963,0.06341687684906826,0.7800466274625921
25629,LOF,0.0700936508187171,0.05706790663402017,0.8728384425472627
25630,LOF,0.26565260492851156,0.07913601978504725,0.6552113752864412
25631,Neutral,0.5433781659157986,0.06497842147837,0.39164341260583135
25632,LOF,0.026314448235200183,0.07044593037217962,0.9032396213926202
25633,LOF,0.15770954188561,0.04117715489075559,0.8011133032236345
25634,LOF,0.03385810778650201,0.09443972301405207,0.871702169199446
25635,LOF,0.03544777676215199,0.0419442603666342,0.9226079628712138
25636,LOF,0.03311595525965428,0.4708091959746893,0.4960748487656563
25637,GOF,0.07374655109047289,0.5163553368295898,0.4098981120799373
25638,LOF,0.026881521356098115,0.36109999066932347,0.6120184879745784
25639,LOF,0.03202626460919233,0.38612226433514674,0.5818514710556609
25640,Neutral,0.769631546136053,0.18624652956408408,0.04412192429986299
25641,GOF,0.06221872302560166,0.498522371008628,0.4392589059657703
25642,LOF,0.046858224783536274,0.18217255266120796,0.7709692225552558
25643,LOF,0.18820880311001403,0.14822608014496588,0.6635651167450202
25644,LOF,0.02592383457186821,0.47136416591113905,0.5027119995169927
25645,LOF,0.030002451896913775,0.40949152022793317,0.5605060278751529
25646,LOF,0.06364074613540766,0.3353812041664305,0.6009780496981618
25647,LOF,0.03307008670850877,0.2680781904635642,0.6988517228279271
25648,LOF,0.041113779261005096,0.2704552875928309,0.6884309331461639
25649,LOF,0.01833972566631135,0.2374630181758851,0.7441972561578035
25650,LOF,0.05129500983743677,0.40198450968102384,0.5467204804815394
25651,LOF,0.020123605040473877,0.2925455261737053,0.6873308687858207
25652,LOF,0.04034733560934196,0.27124434529232627,0.6884083190983318
25653,LOF,0.09768993153424262,0.4096736266593356,0.49263644180642185
25654,LOF,0.0285591136614077,0.24706612026658625,0.7243747660720061
25655,GOF,0.2136134938341307,0.4044190600448525,0.3819674461210169
25656,LOF,0.36180844654868244,0.060483342306027,0.5777082111452905
25657,LOF,0.06618286169484225,0.06453443814982324,0.8692827001553344
25658,LOF,0.33923356692155004,0.05805961066230608,0.6027068224161439
25659,Neutral,0.48497883860393354,0.08072433358681366,0.4342968278092527
25660,LOF,0.02273287786051265,0.07920442233009432,0.898062699809393
25661,LOF,0.09634198892509065,0.058570405342896585,0.8450876057320128
25662,LOF,0.03466470287231974,0.03531702345246996,0.9300182736752103
25663,LOF,0.044863164093069584,0.04928423160020208,0.9058526043067283
25664,LOF,0.13986495244479552,0.06969175928754803,0.7904432882676565
25665,LOF,0.055773399980533975,0.03299756861867806,0.911229031400788
25666,LOF,0.09305496379056473,0.0686738728927357,0.8382711633166996
25667,LOF,0.07408201124123237,0.039970667981544666,0.885947320777223
25668,LOF,0.036813581570607226,0.04893130059198628,0.9142551178374064
25669,LOF,0.032389755032073496,0.05006340823290744,0.917546836735019
25670,LOF,0.14864301420868875,0.056344335978782766,0.7950126498125284
25671,LOF,0.11664661950296788,0.0356666613615771,0.8476867191354551
25672,LOF,0.050233019452087004,0.04412015432162107,0.9056468262262919
25673,LOF,0.08100154932767935,0.0538072571747836,0.865191193497537
25674,LOF,0.07055332860927846,0.0640358547167858,0.8654108166739357
25675,LOF,0.1276384607361795,0.06019291249524713,0.8121686267685734
25676,LOF,0.018943504405797604,0.05460564620052166,0.9264508493936807
25677,LOF,0.02642518328163313,0.06541217985274031,0.9081626368656266
25678,LOF,0.195517375594331,0.05798925879641238,0.7464933656092566
25679,LOF,0.12706541893592446,0.07744259976385383,0.7954919813002217
25680,LOF,0.033563399674960116,0.11497100331396481,0.8514655970110752
25681,LOF,0.05553731828983076,0.10782597554959925,0.83663670616057
25682,LOF,0.14281039858772426,0.08247756233434932,0.7747120390779263
25683,LOF,0.11623010796366519,0.09154010947656747,0.7922297825597673
25684,LOF,0.04307707596940539,0.07278298247216387,0.8841399415584308
25685,LOF,0.1386318201810038,0.05037255388086917,0.810995625938127
25686,LOF,0.07805441048386481,0.08064002030265416,0.841305569213481
25687,LOF,0.12347409409150589,0.08841145933164483,0.7881144465768493
25688,LOF,0.33879103645424785,0.027887965280046684,0.6333209982657053
25689,LOF,0.2693535329517096,0.03324008245448728,0.6974063845938031
25690,LOF,0.3399922319082603,0.028516006202708194,0.6314917618890314
25691,Neutral,0.7171421050546933,0.02225976304246514,0.2605981319028414
25692,LOF,0.3515524660938208,0.00935777377134031,0.6390897601348389
25693,LOF,0.052369610472521234,0.39783822457152396,0.5497921649559547
25694,LOF,0.1192047493401798,0.01511711525715577,0.8656781354026645
25695,LOF,0.11517109058992078,0.01440622599522563,0.8704226834148536
25696,LOF,0.12482006273560849,0.008599607005147038,0.8665803302592444
25697,LOF,0.09077602264641933,0.04237122921991398,0.8668527481336666
25698,LOF,0.3553174677453355,0.1675926307915399,0.4770899014631246
25699,LOF,0.4590686893204061,0.04036874743706603,0.5005625632425279
25700,LOF,0.07498820204270369,0.009059948185415261,0.915951849771881
25701,LOF,0.15903140554237116,0.057456081650247307,0.7835125128073817
25702,GOF,0.19307669333943023,0.5709563270664916,0.2359669795940782
25703,LOF,0.015982680750132202,0.14237710316930915,0.8416402160805586
25704,LOF,0.04134992622176361,0.10073882824431253,0.8579112455339238
25705,LOF,0.048627933969472244,0.17009570035587637,0.7812763656746514
25706,LOF,0.09960988531811325,0.41836713919050356,0.4820229754913831
25707,LOF,0.09962013099060177,0.35531525002563413,0.5450646189837641
25708,LOF,0.031416199125873775,0.30166929632824824,0.666914504545878
25709,LOF,0.0644305429935629,0.047042180344547206,0.8885272766618899
25710,LOF,0.011600920778402754,0.1526938100317581,0.8357052691898391
25711,LOF,0.018589907423572204,0.10922940370124658,0.8721806888751812
25712,LOF,0.013410433693283706,0.20418148878937276,0.7824080775173435
25713,LOF,0.018288902234344595,0.10228996658223725,0.8794211311834182
25714,LOF,0.07320898891380392,0.09284024155917771,0.8339507695270183
25715,LOF,0.011528883459016212,0.1577764794542217,0.830694637086762
25716,LOF,0.012738503438743633,0.11696239940183668,0.8702990971594198
25717,LOF,0.012186305990455996,0.0866478378529284,0.9011658561566155
25718,LOF,0.012846690832290956,0.11116465001116885,0.8759886591565402
25719,LOF,0.01906847805653861,0.09192571488772852,0.889005807055733
25720,LOF,0.02361219847347465,0.08117917515578543,0.89520862637074
25721,LOF,0.015080723882852098,0.13085274938343544,0.8540665267337124
25722,LOF,0.014210981302823512,0.1474683912495495,0.838320627447627
25723,LOF,0.02231050687699873,0.050305725753306184,0.9273837673696951
25724,LOF,0.032825081527527535,0.10002942609662083,0.8671454923758515
25725,LOF,0.012044893989202414,0.07655616040663374,0.9113989456041639
25726,LOF,0.016077468777192315,0.12545753687528888,0.8584649943475188
25727,LOF,0.013429097144019471,0.09662074284458029,0.8899501600114003
25728,LOF,0.009968363224511927,0.1340325819713249,0.855999054804163
25729,LOF,0.01030492652581542,0.13266200992295402,0.8570330635512305
25730,LOF,0.014428654740362586,0.09252747321030014,0.8930438720493372
25731,LOF,0.01914034720442246,0.11995780686668331,0.8609018459288943
25732,LOF,0.014321398110743004,0.09302929678159394,0.8926493051076632
25733,LOF,0.015962752922183687,0.08388647107416643,0.9001507760036498
25734,LOF,0.011880057770849703,0.1328872240647244,0.8552327181644259
25735,LOF,0.014203836526859309,0.09828595134581364,0.8875102121273271
25736,LOF,0.015446018302401249,0.10815986149930024,0.8763941201982984
25737,LOF,0.01212057801056944,0.09592022505954473,0.8919591969298858
25738,LOF,0.01232304043655522,0.1215797609349669,0.8660971986284778
25739,LOF,0.02090124946046382,0.08986318453237128,0.8892355660071648
25740,LOF,0.02709968564760912,0.13317294328022664,0.8397273710721642
25741,LOF,0.014774849763018228,0.12884688263319913,0.8563782676037827
25742,LOF,0.1179043771417479,0.09955973930088491,0.7825358835573673
25743,LOF,0.03347688437935332,0.03916493547116577,0.9273581801494809
25744,Neutral,0.5778915316334584,0.1981843242402279,0.22392414412631367
25745,LOF,0.07133779018266792,0.07392571022486746,0.8547364995924647
25746,LOF,0.04350215092441923,0.09416974257161531,0.8623281065039655
25747,LOF,0.020667326082756322,0.060591160166487766,0.918741513750756
25748,LOF,0.0915226685845288,0.08647807591137746,0.8219992555040938
25749,LOF,0.025367859546452178,0.08441991189322035,0.8902122285603274
25750,LOF,0.09076422439628026,0.09042198969713307,0.8188137859065866
25751,LOF,0.10175768646066363,0.09665205631149235,0.8015902572278439
25752,GOF,0.11294692882780451,0.6226617403064265,0.26439133086576894
25753,LOF,0.020656289506727217,0.2712739098008245,0.7080698006924483
25754,GOF,0.0118041479191296,0.7672206790311167,0.22097517304975375
25755,LOF,0.021251220737203924,0.38248022489012673,0.5962685543726693
25756,LOF,0.0480309501278899,0.3463820246430457,0.6055870252290644
25757,GOF,0.014654585689161326,0.8119396674094536,0.17340574690138513
25758,GOF,0.026271666441511445,0.7995003596448251,0.17422797391366357
25759,GOF,0.01060895721805585,0.554319267007581,0.435071775774363
25760,LOF,0.011435472553330269,0.25511486239455833,0.7334496650521115
25761,GOF,0.27021110832080186,0.6243622397960337,0.10542665188316444
25762,LOF,0.04124840217213406,0.23824453047705904,0.7205070673508069
25763,LOF,0.013816855170541126,0.1891083993889208,0.7970747454405381
25764,GOF,0.07473872337915795,0.5897156456457017,0.3355456309751405
25765,GOF,0.03984456434756336,0.7131616655135552,0.2469937701388814
25766,GOF,0.06455360346886316,0.731014294320762,0.2044321022103748
25767,GOF,0.16007653125294985,0.5639709771503341,0.27595249159671603
25768,LOF,0.10539957596472505,0.06545016838808068,0.8291502556471942
25769,LOF,0.05665301056939905,0.05715158674371426,0.8861954026868868
25770,LOF,0.3364395947264708,0.0920609914444842,0.571499413829045
25771,LOF,0.04269725593483092,0.04818038619450704,0.9091223578706621
25772,LOF,0.019210044929459404,0.042786630447962035,0.9380033246225785
25773,LOF,0.04668733861948011,0.09759551281042633,0.8557171485700935
25774,LOF,0.02911297925272612,0.07562390000026696,0.8952631207470069
25775,LOF,0.04845953650838416,0.047711944727795094,0.9038285187638208
25776,LOF,0.07763418607128215,0.024683398345778946,0.8976824155829388
25777,LOF,0.3776680452011917,0.05916685612888889,0.5631650986699194
25778,LOF,0.06948372155957998,0.04717280827226184,0.8833434701681581
25779,GOF,0.34979152950738673,0.6122064149858665,0.03800205550674667
25780,GOF,0.30363354744202714,0.6387926306738566,0.05757382188411639
25781,GOF,0.115497076647912,0.7887707875971557,0.09573213575493233
25782,GOF,0.1863255574531125,0.7475915491335366,0.06608289341335082
25783,GOF,0.021431206223601847,0.6321653009937233,0.3464034927826749
25784,GOF,0.46895487235772826,0.4921641677798136,0.038880959862458174
25785,GOF,0.43622068218796856,0.5297985625415602,0.03398075527047118
25786,GOF,0.022321217266120786,0.7831770366721812,0.1945017460616981
25787,Neutral,0.6101241978432795,0.3683071998782538,0.021568602278466683
25788,LOF,0.0516254140278589,0.12831679557703762,0.8200577903951035
25789,GOF,0.18490783594206753,0.7039277375245508,0.1111644265333817
25790,GOF,0.2071181003840749,0.7081553558925971,0.08472654372332794
25791,GOF,0.1717538330619792,0.6986083473300643,0.1296378196079565
25792,GOF,0.35596592198459814,0.5453404521376606,0.09869362587774116
25793,GOF,0.24007141851996894,0.5651279833150321,0.19480059816499895
25794,GOF,0.2849312829203873,0.5615437698437339,0.15352494723587887
25795,GOF,0.0799916388518324,0.7015522586468405,0.21845610250132716
25796,Neutral,0.5337753789252715,0.39419346682287465,0.07203115425185388
25797,GOF,0.07461008213210908,0.5761650874666172,0.34922483040127367
25798,GOF,0.008224528015610329,0.5264777539673511,0.4652977180170387
25799,LOF,0.006812005968769633,0.41035246875573456,0.5828355252754959
25800,GOF,0.02871949012279334,0.625206313383839,0.34607419649336774
25801,GOF,0.19169246550244126,0.6854499568219792,0.12285757767557944
25802,GOF,0.06630178614859099,0.7137735998234821,0.2199246140279268
25803,GOF,0.032057065201179354,0.5860597026791793,0.3818832321196414
25804,GOF,0.028239570181825765,0.5033294904612639,0.4684309393569105
25805,GOF,0.07838621599228947,0.6350242721392785,0.286589511868432
25806,GOF,0.0884137400594804,0.639391530788015,0.27219472915250464
25807,GOF,0.01642347553068635,0.6414926195539171,0.34208390491539653
25808,GOF,0.07354839001010287,0.6563348547437131,0.27011675524618395
25809,GOF,0.018498535685300903,0.628822990050474,0.35267847426422516
25810,GOF,0.01687458850271509,0.6379120962310442,0.3452133152662408
25811,GOF,0.4409105235702648,0.4890612740053353,0.07002820242439975
25812,GOF,0.035104880583250946,0.6589389805198502,0.3059561388968989
25813,Neutral,0.46561005810475947,0.4434278363753974,0.09096210551984305
25814,GOF,0.11196153450761266,0.6884434906206972,0.19959497487169026
25815,GOF,0.17477918220019684,0.6488330782858958,0.17638773951390738
25816,GOF,0.020583032515629582,0.7134352902485643,0.265981677235806
25817,GOF,0.19970609328243458,0.6830755398852701,0.11721836683229542
25818,GOF,0.04853543808816515,0.6610004830129786,0.29046407889885617
25819,GOF,0.35174445501385804,0.5197441632074394,0.1285113817787025
25820,GOF,0.16095525375694816,0.6400526587982529,0.19899208744479904
25821,GOF,0.055351551605955285,0.6976081527254816,0.2470402956685631
25822,GOF,0.19427600942468287,0.5975045822910372,0.2082194082842799
25823,GOF,0.030546831197886933,0.5314979182367227,0.4379552505653905
25824,GOF,0.08165589472112589,0.5968759251918225,0.3214681800870515
25825,GOF,0.03344700542453888,0.5806227703736662,0.38593022420179496
25826,GOF,0.013405491116005553,0.5498371370999838,0.43675737178401064
25827,GOF,0.017868616976275297,0.6198018699836987,0.3623295130400259
25828,GOF,0.01092796098122097,0.5506874000040584,0.4383846390147207
25829,GOF,0.005778459878068194,0.5919917566084228,0.4022297835135091
25830,LOF,0.032980257163732984,0.35439793975059547,0.6126218030856716
25831,GOF,0.19364705631385748,0.7032559685246901,0.10309697516145237
25832,GOF,0.029922452234916838,0.7108124937422903,0.2592650540227928
25833,GOF,0.10640634964410349,0.7375831948128038,0.15601045554309284
25834,GOF,0.03306013280056198,0.7194460199307331,0.2474938472687049
25835,GOF,0.06881513315750798,0.7708467734461133,0.16033809339637878
25836,GOF,0.0350712578575746,0.7155473313343518,0.2493814108080736
25837,GOF,0.028322616943251205,0.6029471447772439,0.36873023827950496
25838,GOF,0.08360171617427088,0.7813016530508355,0.13509663077489356
25839,GOF,0.2753033958529965,0.6039366740605955,0.12075993008640801
25840,GOF,0.21191713879628704,0.6678211461892493,0.12026171501446373
25841,GOF,0.2443482985041545,0.6441551361281398,0.11149656536770572
25842,GOF,0.1575823156682719,0.718610182227058,0.1238075021046702
25843,GOF,0.22723059740322402,0.6880167518028478,0.08475265079392827
25844,GOF,0.06648497030615656,0.7249183741561497,0.20859665553769385
25845,LOF,0.015437598610356377,0.48753126101792604,0.4970311403717175
25846,GOF,0.11301950374370287,0.7559176053248157,0.1310628909314815
25847,GOF,0.10042708884475833,0.801132006709889,0.09844090444535275
25848,GOF,0.032055502109938856,0.721039905673722,0.24690459221633923
25849,GOF,0.010797098672351546,0.617559272787463,0.3716436285401854
25850,GOF,0.022761054002666547,0.6779429272878844,0.2992960187094492
25851,GOF,0.017040212284500877,0.5552087498764495,0.4277510378390495
25852,GOF,0.15716726996822394,0.5963618445411053,0.24647088549067067
25853,GOF,0.34087185565761774,0.5957103797877696,0.06341776455461264
25854,GOF,0.020382138114926993,0.6760699816437992,0.303547880241274
25855,GOF,0.03216944876005627,0.6040989785190823,0.3637315727208615
25856,GOF,0.2179148903262466,0.5898852681387666,0.1921998415349868
25857,GOF,0.03299389269502228,0.5554454572068331,0.41156065009814446
25858,GOF,0.01760227051026909,0.5577861845756371,0.42461154491409375
25859,GOF,0.010113245502648404,0.53650052464849,0.4533862298488617
25860,GOF,0.3403283773939516,0.5893858301841053,0.07028579242194312
25861,GOF,0.406828975234925,0.5317157552656431,0.06145526949943179
25862,GOF,0.07563013416248295,0.8046285164040069,0.11974134943351013
25863,GOF,0.0769682706702198,0.8038573567999251,0.11917437252985505
25864,GOF,0.17548334094168422,0.749448293848854,0.07506836520946175
25865,GOF,0.0834965653057203,0.8153430386563434,0.10116039603793645
25866,GOF,0.06458237507768314,0.8212431430050233,0.1141744819172936
25867,GOF,0.07918807554147181,0.8372508116911164,0.08356111276741188
25868,GOF,0.25556071125687635,0.6613065925222233,0.08313269622090026
25869,Neutral,0.6734660369893121,0.29285301530900193,0.03368094770168598
25870,GOF,0.28147372001354504,0.4149712107771354,0.30355506920931946
25871,GOF,0.1925989244561494,0.6780283922869366,0.129372683256914
25872,GOF,0.0646297425799908,0.6807946540958288,0.2545756033241805
25873,GOF,0.11305271730519752,0.7151868297656523,0.1717604529291502
25874,LOF,0.01766766953763253,0.13228658525123996,0.8500457452111275
25875,LOF,0.09580775837754539,0.0315663306630981,0.8726259109593565
25876,LOF,0.03549733642405987,0.03445598034686848,0.9300466832290717
25877,Neutral,0.4905321375818638,0.03393700888402991,0.4755308535341063
25878,LOF,0.22947138943418005,0.061968936592027735,0.7085596739737922
25879,LOF,0.09392440738844678,0.06623269080936285,0.8398429018021905
25880,LOF,0.022945537776610223,0.014606265800949132,0.9624481964224405
25881,LOF,0.16668966171901553,0.1257477426831909,0.7075625955977936
25882,LOF,0.06560124945044007,0.01571685717836896,0.918681893371191
25883,LOF,0.08281876891520851,0.018621146733093334,0.8985600843516981
25884,LOF,0.034014344585028174,0.029489823522669805,0.9364958318923021
25885,LOF,0.06849946230895158,0.0119661733377535,0.9195343643532948
25886,LOF,0.26750677376061804,0.03376228696940431,0.6987309392699776
25887,LOF,0.16193765080992015,0.07218987983206802,0.7658724693580119
25888,LOF,0.07254237542768499,0.06182058283063235,0.8656370417416828
25889,LOF,0.04384050746227903,0.020483845519767452,0.9356756470179535
25890,LOF,0.05267774351762251,0.1645021118408393,0.7828201446415382
25891,LOF,0.04085757436284764,0.05828309146015489,0.9008593341769974
25892,LOF,0.08449207809474416,0.0242403414379319,0.891267580467324
25893,LOF,0.21585865100828552,0.021748908529480436,0.7623924404622341
25894,LOF,0.16649073779732718,0.011914771273604125,0.8215944909290688
25895,LOF,0.19541705671171739,0.020650332189364098,0.7839326110989184
25896,LOF,0.04651290017572079,0.025918350487924187,0.927568749336355
25897,LOF,0.2413868253357017,0.013424245430150535,0.7451889292341478
25898,Neutral,0.702907800873072,0.010875167303622802,0.2862170318233051
25899,LOF,0.20209863512847112,0.025240952724128414,0.7726604121474004
25900,LOF,0.42715793170609867,0.017849158654694153,0.5549929096392072
25901,LOF,0.0450131028145372,0.015168726327672716,0.9398181708577902
25902,LOF,0.15250515716669155,0.01421176716386744,0.8332830756694409
25903,Neutral,0.5433037445809753,0.030383337913580763,0.4263129175054439
25904,LOF,0.26600323411245835,0.05909015132449607,0.6749066145630456
25905,LOF,0.025977788654626906,0.3101463032855556,0.6638759080598176
25906,LOF,0.032252562652194734,0.06278205167850785,0.9049653856692973
25907,LOF,0.016848244225753605,0.331887804366006,0.6512639514082404
25908,LOF,0.013055058041484574,0.2329241126653108,0.7540208292932046
25909,LOF,0.014804222884177919,0.12102181099433494,0.8641739661214872
25910,LOF,0.05086968295003158,0.10706160084477821,0.8420687162051902
25911,LOF,0.16037166570485087,0.024552963137148404,0.8150753711580008
25912,LOF,0.043170692240543554,0.04048922832514741,0.916340079434309
25913,LOF,0.2877135906342351,0.022165261207675188,0.6901211481580897
25914,LOF,0.022167404204809456,0.07784248361381686,0.8999901121813737
25915,Neutral,0.5230316370594903,0.24857486401102344,0.22839349892948635
25916,LOF,0.07169944515271207,0.29720510060243055,0.6310954542448575
25917,LOF,0.06682308765122145,0.059676932279940594,0.873499980068838
25918,LOF,0.027902444662151433,0.050299260610692634,0.9217982947271558
25919,LOF,0.023848853873306524,0.057190308698041106,0.9189608374286524
25920,GOF,0.10161795269731629,0.5458137603423876,0.3525682869602961
25921,LOF,0.022471358271169174,0.03231049077480337,0.9452181509540275
25922,LOF,0.031505151236116406,0.023808826022936182,0.9446860227409474
25923,LOF,0.4050373806500425,0.023896293428276733,0.5710663259216807
25924,LOF,0.03654163119304161,0.03987581797501803,0.9235825508319403
25925,LOF,0.06663311850651066,0.030896446118018506,0.9024704353754709
25926,LOF,0.048548293800517596,0.024281715545567326,0.927169990653915
25927,LOF,0.06370503527670406,0.08100793685571554,0.8552870278675804
25928,LOF,0.019101051949544135,0.039857270402634044,0.9410416776478218
25929,Neutral,0.5258447852518668,0.025699885443786524,0.4484553293043466
25930,LOF,0.05413780066679238,0.022212991481143873,0.9236492078520637
25931,LOF,0.02507319409542744,0.025332397745888448,0.949594408158684
25932,LOF,0.02753329468821687,0.021452982147588083,0.951013723164195
25933,LOF,0.037639031120031134,0.0150198861795263,0.9473410827004425
25934,LOF,0.02554199178505709,0.01855256021422859,0.9559054480007142
25935,LOF,0.06169941165034719,0.033782126027015885,0.904518462322637
25936,LOF,0.047521541670680865,0.019577508746544355,0.9329009495827747
25937,LOF,0.024789370601914655,0.02984165301343017,0.9453689763846552
25938,LOF,0.0612113287693339,0.03748344006755888,0.9013052311631072
25939,LOF,0.03998468861706649,0.015585370526577444,0.944429940856356
25940,LOF,0.030243720352043348,0.37618370535589035,0.5935725742920662
25941,LOF,0.19992350731489456,0.09894130254320553,0.7011351901419
25942,LOF,0.015241265980467596,0.03709260034793841,0.9476661336715939
25943,LOF,0.30716974640174066,0.06689584688353398,0.6259344067147254
25944,Neutral,0.48814483972548894,0.0245730662932342,0.48728209398127675
25945,LOF,0.06632583629902127,0.023336013125599974,0.9103381505753788
25946,LOF,0.0296479668809461,0.13091840223824283,0.839433630880811
25947,LOF,0.1130531404833735,0.22022286930019136,0.6667239902164351
25948,LOF,0.3988368934709218,0.009910848408403379,0.5912522581206748
25949,LOF,0.10178707818656303,0.037689041656130164,0.8605238801573069
25950,LOF,0.29283391891779254,0.3448984541092061,0.36226762697300136
25951,LOF,0.21433203871650905,0.20632622372377493,0.5793417375597161
25952,LOF,0.042975912390116264,0.4204640364616361,0.5365600511482476
25953,LOF,0.13827500757194805,0.09121236202974091,0.7705126303983111
25954,Neutral,0.4334937363454365,0.1459829471367961,0.42052331651776736
25955,LOF,0.05534483448945145,0.07371157065349188,0.8709435948570567
25956,LOF,0.16636523595812225,0.1111957225228628,0.722439041519015
25957,LOF,0.042534731683076615,0.03437389851905148,0.9230913697978719
25958,LOF,0.06213420895507227,0.029409181388947162,0.9084566096559805
25959,LOF,0.0762470791054226,0.3693624867412195,0.554390434153358
25960,LOF,0.01843247040297575,0.05541196713502597,0.9261555624619984
25961,LOF,0.051840146732103756,0.03218375464214881,0.9159760986257475
25962,LOF,0.06269388735496409,0.02747560797506567,0.9098305046699703
25963,LOF,0.05416416351841281,0.17478603432432288,0.7710498021572644
25964,LOF,0.04005513070151417,0.1538188698116764,0.8061259994868094
25965,Neutral,0.45590831388609504,0.08978844212331234,0.45430324399059263
25966,Neutral,0.47554439080343536,0.10545520727717754,0.4190004019193871
25967,LOF,0.01266685308952054,0.0609409784749911,0.9263921684354883
25968,LOF,0.032490271377697104,0.39153753977853517,0.5759721888437678
25969,LOF,0.03369047015695594,0.054051623386137886,0.9122579064569062
25970,LOF,0.05906353409755455,0.06379393264521564,0.8771425332572298
25971,LOF,0.07915319168727314,0.01695188754950736,0.9038949207632196
25972,LOF,0.07884566097765826,0.022366461692772507,0.8987878773295691
25973,LOF,0.07947971258996578,0.010157262326981118,0.910363025083053
25974,LOF,0.1966144887747876,0.016229549404330065,0.7871559618208824
25975,LOF,0.04922447237714096,0.030234785113690897,0.9205407425091682
25976,LOF,0.042633113528232874,0.01700072996412685,0.9403661565076403
25977,LOF,0.1470206858402936,0.0992510562411258,0.7537282579185804
25978,LOF,0.15157880623753522,0.08196224220633688,0.7664589515561279
25979,LOF,0.1393446387602663,0.08030179115927047,0.7803535700804632
25980,LOF,0.23193900930986372,0.09837506435456982,0.6696859263355665
25981,LOF,0.26149110026505507,0.0959005761607089,0.642608323574236
25982,LOF,0.41428762247419537,0.057473079871445766,0.528239297654359
25983,LOF,0.3980749733463374,0.06431656267213781,0.5376084639815248
25984,LOF,0.04968852847300761,0.04701568402791426,0.9032957874990781
25985,LOF,0.03492261215719456,0.20989014369094433,0.7551872441518611
25986,LOF,0.04294529777743224,0.26097660590576455,0.6960780963168033
25987,LOF,0.08183084560143004,0.07180940857283262,0.8463597458257374
25988,LOF,0.13497331135441734,0.056674458683790556,0.8083522299617922
25989,LOF,0.02824169386147689,0.1120666486766107,0.8596916574619125
25990,LOF,0.03849055588599427,0.13690830781694402,0.8246011362970617
25991,LOF,0.13151461296236772,0.33128636580995524,0.537199021227677
25992,LOF,0.2822992824750465,0.17821152587905342,0.5394891916459001
25993,LOF,0.023319249687471167,0.09525605148911222,0.8814246988234166
25994,LOF,0.016840193070101563,0.14168542956900188,0.8414743773608966
25995,LOF,0.026950496956068434,0.27608506076557593,0.6969644422783556
25996,GOF,0.2806511841713866,0.5022072214182272,0.2171415944103863
25997,GOF,0.07116116062485811,0.4763717220440926,0.4524671173310494
25998,Neutral,0.5531321499488375,0.019596655404309153,0.4272711946468534
25999,LOF,0.10610636445225086,0.09447992597179365,0.7994137095759556
26000,LOF,0.17028167617335532,0.04605664358291385,0.7836616802437308
26001,LOF,0.20273361769117176,0.04037093294717098,0.7568954493616572
26002,LOF,0.1449062251975768,0.04737950685877486,0.8077142679436483
26003,GOF,0.010006155552630873,0.5702153005405423,0.41977854390682673
26004,GOF,0.019294832864131348,0.6329876756557272,0.3477174914801414
26005,LOF,0.007881581715252332,0.4252558542591925,0.5668625640255552
26006,Neutral,0.5367851866683861,0.21269019982316403,0.25052461350844984
26007,GOF,0.019618575132840238,0.5322353691157633,0.4481460557513966
26008,GOF,0.016657920464836145,0.6129698811670723,0.3703721983680915
26009,GOF,0.019557851448703343,0.6486809531353893,0.3317611954159073
26010,GOF,0.026748894907641606,0.6234876110788218,0.34976349401353657
26011,LOF,0.006675032310871385,0.4527957695155631,0.5405291981735655
26012,GOF,0.012039894560967756,0.5547635092820353,0.43319659615699707
26013,GOF,0.0165314477093692,0.6132041588339816,0.37026439345664924
26014,LOF,0.047340732210397,0.10423309542108976,0.8484261723685133
26015,LOF,0.18971402732196008,0.010140177876071998,0.8001457948019679
26016,LOF,0.21328076971784524,0.05552050767240697,0.7311987226097478
26017,LOF,0.22841217843324396,0.09676844560433749,0.6748193759624186
26018,LOF,0.08950840020611374,0.0312774768609044,0.8792141229329818
26019,LOF,0.08448463765434869,0.023675550526036225,0.8918398118196151
26020,LOF,0.07546658601286213,0.10827323987787774,0.8162601741092601
26021,LOF,0.043206156969675814,0.11345037942628453,0.8433434636040397
26022,LOF,0.010212774438751758,0.03534715260709853,0.9544400729541498
26023,LOF,0.10840271011319293,0.020884364675116097,0.870712925211691
26024,LOF,0.031559976299141215,0.12458395728103394,0.8438560664198249
26025,LOF,0.1671077723323387,0.09629517127119994,0.7365970563964613
26026,LOF,0.32152128602007407,0.027976710366274887,0.6505020036136511
26027,LOF,0.08016012819111742,0.01563991217618528,0.9041999596326973
26028,LOF,0.1489906290981986,0.06862532906828721,0.7823840418335143
26029,LOF,0.08123531433357696,0.20774093974864155,0.7110237459177815
26030,LOF,0.025171399156878344,0.07265590727618332,0.9021726935669383
26031,LOF,0.028905040228169563,0.15085342693529263,0.8202415328365379
26032,LOF,0.06943488888134447,0.07895948714516988,0.8516056239734856
26033,LOF,0.12312789145881076,0.09945928251544305,0.7774128260257461
26034,LOF,0.05111472942254404,0.1771956907487613,0.7716895798286947
26035,LOF,0.02940140798153239,0.15623782577225723,0.8143607662462103
26036,LOF,0.04863492497773452,0.18690722007418517,0.7644578549480804
26037,LOF,0.024324750357205646,0.12490256187412427,0.8507726877686701
26038,LOF,0.06451184819975887,0.08308246466864,0.8524056871316011
26039,LOF,0.056480925529431965,0.1640696796215296,0.7794493948490385
26040,LOF,0.2074478686182925,0.13785874156271355,0.6546933898189939
26041,LOF,0.02415757857376834,0.12094054918362145,0.8549018722426102
26042,LOF,0.02319256107594762,0.11235797485660284,0.8644494640674496
26043,LOF,0.0644836631500901,0.09912664466197711,0.8363896921879327
26044,LOF,0.020627470701306765,0.08980364301386796,0.8895688862848253
26045,LOF,0.06991968945137335,0.10892030801055648,0.8211600025380702
26046,LOF,0.06588109143848651,0.098278970646567,0.8358399379149466
26047,LOF,0.09362940976558878,0.10735009754400122,0.79902049269041
26048,LOF,0.052093722476490856,0.05118423573735766,0.8967220417861516
26049,Neutral,0.9595399122098467,0.008728519179824562,0.03173156861032885
26050,Neutral,0.9447185520960508,0.011133922120753693,0.0441475257831955
26051,LOF,0.04559153200072981,0.2028279635031128,0.7515805044961574
26052,LOF,0.06551307830680997,0.24653697767480268,0.6879499440183874
26053,LOF,0.0557474611688211,0.1340467481571375,0.8102057906740414
26054,LOF,0.055383123637487035,0.018439598488231467,0.9261772778742815
26055,LOF,0.07662349228358485,0.014833217346138357,0.9085432903702768
26056,LOF,0.0644889524760996,0.01600846885138989,0.9195025786725105
26057,LOF,0.02964419050585462,0.01127821121280133,0.9590775982813441
26058,LOF,0.03076281492191614,0.008864730951366914,0.9603724541267169
26059,LOF,0.31982920840625106,0.022909162860168746,0.6572616287335801
26060,LOF,0.038713374717032525,0.18250932451298751,0.77877730076998
26061,LOF,0.017471525778699117,0.010848558053121717,0.9716799161681793
26062,LOF,0.010640934476257368,0.016899853497012795,0.9724592120267299
26063,LOF,0.023160781709870747,0.011612934327563317,0.9652262839625659
26064,LOF,0.021162583355710026,0.020964184754500056,0.9578732318897899
26065,LOF,0.025343548384015712,0.00985778279847306,0.9647986688175112
26066,LOF,0.02186336007167619,0.010664292256638834,0.9674723476716849
26067,LOF,0.02990977230833695,0.008345245997151293,0.9617449816945117
26068,LOF,0.04807296089775143,0.03251196973932427,0.9194150693629244
26069,LOF,0.2632111175931925,0.019254779460361943,0.7175341029464456
26070,LOF,0.3885650464043529,0.01639110959237493,0.5950438440032723
26071,LOF,0.025727569994914833,0.011364794696977642,0.9629076353081075
26072,LOF,0.024497856156696442,0.01739131522798926,0.9581108286153143
26073,LOF,0.02613271881568907,0.010465590126681535,0.9634016910576293
26074,Neutral,0.9089092880748602,0.005384168423400529,0.08570654350173919
26075,LOF,0.046089113443142815,0.014230811631317206,0.93968007492554
26076,LOF,0.04780796614914585,0.008326575338296404,0.9438654585125578
26077,LOF,0.010499528653871656,0.01866916460745983,0.9708313067386686
26078,LOF,0.014375886434458683,0.01162443369004365,0.9739996798754977
26079,LOF,0.061603801611592734,0.01664302540837462,0.9217531729800327
26080,LOF,0.06009915882349861,0.01673109554791758,0.9231697456285839
26081,LOF,0.0356999870873493,0.005932576327804015,0.9583674365848467
26082,LOF,0.015070327154643558,0.015612308588627005,0.9693173642567294
26083,LOF,0.13253169733979023,0.012163384982108326,0.8553049176781015
26084,LOF,0.03009999808607112,0.010918663815618639,0.9589813380983102
26085,LOF,0.02612891567505336,0.010168633661128025,0.9637024506638185
26086,LOF,0.024480794185821244,0.01043195361694545,0.9650872521972332
26087,LOF,0.028900593949275685,0.007878947514761654,0.9632204585359626
26088,LOF,0.016015934401924108,0.027990286659161347,0.9559937789389146
26089,LOF,0.046726216731241284,0.023068572315168907,0.9302052109535899
26090,LOF,0.045035098794485924,0.017543649458864993,0.9374212517466491
26091,LOF,0.0387315638999884,0.006107312905258103,0.9551611231947535
26092,LOF,0.02845442400895499,0.007517906106339318,0.9640276698847056
26093,LOF,0.040800354299192,0.005669252911448997,0.9535303927893589
26094,LOF,0.0437798535012588,0.006105098479162572,0.9501150480195787
26095,LOF,0.04426412231105027,0.01220170666901491,0.9435341710199348
26096,LOF,0.017924160339810397,0.011933963309213732,0.9701418763509759
26097,LOF,0.012559894351707372,0.03973198541709757,0.947708120231195
26098,LOF,0.07322150093645821,0.009911000640324933,0.9168674984232169
26099,LOF,0.026176403946849048,0.011294826455714385,0.9625287695974367
26100,LOF,0.02900297866052194,0.011100207359457118,0.9598968139800209
26101,LOF,0.05766954295961779,0.013205906825494019,0.9291245502148882
26102,LOF,0.024962909293047716,0.012880882863873525,0.9621562078430788
26103,Neutral,0.8870756898984568,0.018348978533656513,0.09457533156788667
26104,LOF,0.08146804664813656,0.024728553495485528,0.893803399856378
26105,LOF,0.17926032727825147,0.31887493577619386,0.5018647369455547
26106,LOF,0.21125792700207285,0.13743059038482758,0.6513114826130996
26107,LOF,0.21444268728138657,0.10831900771644855,0.6772383050021649
26108,LOF,0.26272321592185804,0.14512310719908963,0.5921536768790523
26109,LOF,0.10433305302690503,0.06644629904336981,0.8292206479297252
26110,LOF,0.26732231252550986,0.00826677566007408,0.7244109118144161
26111,Neutral,0.4949563865439238,0.021703414224432966,0.4833401992316433
26112,LOF,0.0359874437377363,0.007668863268532592,0.9563436929937312
26113,LOF,0.06349913400432974,0.015841235699460512,0.9206596302962098
26114,LOF,0.025054638410680105,0.018367673961086777,0.9565776876282333
26115,LOF,0.09739273832317412,0.03648170790184708,0.8661255537749788
26116,LOF,0.06768741953836843,0.031640337669702874,0.9006722427919287
26117,LOF,0.44555578607597535,0.0450051339864049,0.5094390799376197
26118,LOF,0.03818592270434416,0.025591546276385827,0.9362225310192701
26119,LOF,0.024545166518856857,0.03461669524897658,0.9408381382321664
26120,LOF,0.03119283674656128,0.022194087558171434,0.9466130756952673
26121,LOF,0.04277636578000644,0.07630761644141804,0.8809160177785756
26122,LOF,0.04717396604420424,0.038763633152302614,0.9140624008034932
