feature0,prediction,LoGoFunc_Neutral,LoGoFunc_GOF,LoGoFunc_LOF
25546,Neutral,0.6361599837124245,0.053323000039384776,0.3105170162481906
25547,Neutral,0.4762916706926617,0.08838858857498076,0.43531974073235746
25548,Neutral,0.48226863838886525,0.07253222461988187,0.44519913699125285
25549,LOF,0.42166038996603933,0.07311674788919022,0.5052228621447705
25550,LOF,0.35446565889563886,0.09798728784926271,0.5475470532550984
25551,LOF,0.31196988554104643,0.10871123970945974,0.579318874749494
25552,LOF,0.26951249448238274,0.10791813516776151,0.6225693703498557
25553,Neutral,0.8039368430577609,0.042641086076192034,0.153422070866047
25554,LOF,0.3129743625470757,0.09689754995128233,0.5901280875016419
25555,LOF,0.2645479927029642,0.09200585830365418,0.6434461489933817
25556,LOF,0.44827944350558646,0.08475478045420497,0.46696577604020867
25557,LOF,0.25647220137959764,0.09789937960429164,0.6456284190161108
25558,LOF,0.32215179568576685,0.09559549040448817,0.582252713909745
25559,LOF,0.27811494021360883,0.14253850446286737,0.5793465553235239
25560,LOF,0.17083044248189044,0.09967937923697057,0.729490178281139
25561,LOF,0.1489639100933249,0.11438505562409147,0.7366510342825836
25562,LOF,0.07078046482917162,0.07725498689426255,0.8519645482765658
25563,LOF,0.022491818388017084,0.13991986268558831,0.8375883189263946
25564,LOF,0.2216343682175802,0.10638375483686638,0.6719818769455534
25565,LOF,0.20128261977901243,0.14687999754627898,0.6518373826747087
25566,GOF,0.09366554841470216,0.7067161300971015,0.19961832148819633
25567,LOF,0.041965420493153195,0.15497489436880668,0.8030596851380402
25568,LOF,0.06380238358383306,0.08053288202535037,0.8556647343908166
25569,LOF,0.06109847336548369,0.08326305479626078,0.8556384718382555
25570,LOF,0.02890031742139657,0.11007532314305067,0.8610243594355529
25571,LOF,0.027182308698862574,0.114044714683227,0.8587729766179104
25572,LOF,0.060938641313252134,0.13444888267814786,0.8046124760086001
25573,LOF,0.055656210338076446,0.1050896179706926,0.8392541716912308
25574,LOF,0.05449302038081654,0.21772175869122598,0.7277852209279575
25575,LOF,0.023742820924201918,0.1291364886718962,0.8471206904039018
25576,LOF,0.031145799851254652,0.16578649196804224,0.8030677081807032
25577,LOF,0.0320146333087584,0.13508178805245855,0.8329035786387831
25578,LOF,0.2996673145795944,0.09250084331133042,0.6078318421090751
25579,LOF,0.13855000681717344,0.09930435342955075,0.7621456397532758
25580,LOF,0.021408073122998885,0.08875898516218253,0.8898329417148186
25581,LOF,0.05777290354069064,0.07437641331333704,0.8678506831459724
25582,LOF,0.05756482616596915,0.07333896435138881,0.869096209482642
25583,LOF,0.022724152418930738,0.08817603998977057,0.8890998075912986
25584,Neutral,0.6906778295548129,0.10987449706124164,0.19944767338394542
25585,LOF,0.028937541623135967,0.1429421737997202,0.8281202845771438
25586,LOF,0.018493997348486873,0.08330001186606766,0.8982059907854455
25587,LOF,0.017894795102674485,0.07239964360165783,0.9097055612956677
25588,LOF,0.021681782846105137,0.07913229094164484,0.89918592621225
25589,Neutral,0.5258866236094017,0.20539324380411456,0.26872013258648364
25590,LOF,0.052031570315231736,0.13181808296331451,0.8161503467214537
25591,LOF,0.10694986274678728,0.06463981273559878,0.828410324517614
25592,LOF,0.05633415085876417,0.15382764811981678,0.789838201021419
25593,LOF,0.13554409086510882,0.2700839282852934,0.5943719808495977
25594,LOF,0.05980010708174439,0.12215731195142106,0.8180425809668345
25595,LOF,0.05492762867308582,0.08848222917874998,0.8565901421481642
25596,LOF,0.11190597158220805,0.04932720502990114,0.8387668233878908
25597,LOF,0.09247255775423686,0.05958142346269498,0.8479460187830682
25598,LOF,0.05673175455875463,0.09472145801428267,0.8485467874269628
25599,LOF,0.024111105860701972,0.4593406846651314,0.5165482094741666
25600,GOF,0.1875944537928804,0.4829880271261054,0.3294175190810142
25601,LOF,0.045507846274244826,0.40187312467572994,0.5526190290500252
25602,LOF,0.030109286512446005,0.06788436549716291,0.9020063479903911
25603,LOF,0.031934661381415354,0.03596753671418677,0.932097801904398
25604,LOF,0.032109831436301924,0.07741190153709603,0.890478267026602
25605,LOF,0.03294351400957038,0.19280385515839413,0.7742526308320355
25606,LOF,0.4123386537333081,0.11306861020921083,0.47459273605748126
25607,LOF,0.024546824640465034,0.1862120571865323,0.7892411181730027
25608,LOF,0.031110299185270116,0.08485202469075796,0.8840376761239719
25609,GOF,0.13132665217183778,0.5498872763220923,0.3187860715060698
25610,LOF,0.015526469632973806,0.0333472860778798,0.9511262442891465
25611,LOF,0.013567675474523144,0.03884932682708292,0.9475829976983939
25612,LOF,0.0443198415377283,0.04898914047678292,0.9066910179854887
25613,LOF,0.04227139839755702,0.04704849536271015,0.910680106239733
25614,LOF,0.021708154002822024,0.030206449121867075,0.948085396875311
25615,LOF,0.03864620018751048,0.0489592068068359,0.9123945930056535
25616,LOF,0.04847294325693989,0.03503354616542657,0.9164935105776336
25617,LOF,0.04312902149064646,0.04651027094433021,0.9103607075650233
25618,LOF,0.043389470683196256,0.0417015306189309,0.9149089986978729
25619,LOF,0.013040778350807204,0.03827417183640036,0.9486850498127924
25620,LOF,0.06235381599540175,0.05245632609222206,0.8851898579123763
25621,LOF,0.049485583464988624,0.041699386044559694,0.9088150304904518
25622,LOF,0.05725308117962575,0.03949478596331813,0.9032521328570562
25623,LOF,0.06845508365532116,0.03175310740353838,0.8997918089411405
25624,LOF,0.01813584523258949,0.040417867714580676,0.94144628705283
25625,LOF,0.05908473380382992,0.04536580302650177,0.8955494631696683
25626,LOF,0.045626901351774087,0.04815026812129225,0.9062228305269336
25627,Neutral,0.8988292516034532,0.021635785525629447,0.07953496287091724
25628,LOF,0.12659377607479813,0.06666624086446395,0.806739983060738
25629,LOF,0.061971624037328296,0.05075554240732758,0.8872728335553441
25630,LOF,0.275514236136154,0.07877371928952077,0.6457120445743252
25631,Neutral,0.5548383726176774,0.06603781606531224,0.3791238113170104
25632,LOF,0.024968423128303625,0.06593174874809127,0.9090998281236051
25633,LOF,0.1607650656951613,0.037317071482050504,0.8019178628227881
25634,LOF,0.033177876168190776,0.08196021954602827,0.8848619042857809
25635,LOF,0.03502357128416491,0.04307907102700113,0.9218973576888339
25636,LOF,0.03490801573667573,0.4168275406373991,0.5482644436259251
25637,LOF,0.06891008938164049,0.4326564657434062,0.4984334448749534
25638,LOF,0.030166517987176397,0.3116397867822144,0.6581936952306092
25639,LOF,0.03156123412995024,0.34951306635664803,0.6189256995134018
25640,Neutral,0.8055030076203459,0.14948544763667287,0.04501154474298124
25641,GOF,0.06484139900303938,0.46894797913830977,0.466210621858651
25642,LOF,0.04411289180203006,0.17300501825073705,0.782882089947233
25643,LOF,0.1808618528938508,0.13535254936033672,0.6837855977458125
25644,LOF,0.024138305816013627,0.42969053934211004,0.5461711548418763
25645,LOF,0.026211446868563165,0.36729108063974614,0.6064974724916906
25646,LOF,0.05559389070864273,0.30830690040220626,0.6360992088891511
25647,LOF,0.025306126206890368,0.24672982475869745,0.7279640490344123
25648,LOF,0.034783146877594984,0.22781623077162566,0.7374006223507793
25649,LOF,0.018384412472585585,0.22161425954923714,0.7600013279781772
25650,LOF,0.054855887996255,0.37478940865509797,0.5703547033486469
25651,LOF,0.01892461861581462,0.25424773646338084,0.7268276449208045
25652,LOF,0.03684635241492809,0.25174580628136023,0.7114078413037117
25653,LOF,0.09454060279856175,0.3797733330769144,0.5256860641245239
25654,LOF,0.027092540042057904,0.2264700933929064,0.7464373665650358
25655,LOF,0.22273881170832055,0.3546388533005794,0.42262233499109997
25656,LOF,0.34341473912286763,0.05272806620712556,0.6038571946700068
25657,LOF,0.06733737869485193,0.05501947728313872,0.8776431440220093
25658,LOF,0.3268173110538098,0.063147415221785,0.6100352737244051
25659,Neutral,0.5119462337909225,0.08235568136656843,0.40569808484250913
25660,LOF,0.020399755548988485,0.08364544354331264,0.8959548009076989
25661,LOF,0.10021823865500486,0.05924937046328881,0.8405323908817064
25662,LOF,0.0343207077428902,0.03500218609429972,0.93067710616281
25663,LOF,0.04625915030536882,0.045941314209797794,0.9077995354848335
25664,LOF,0.1454394303070737,0.06387205772962237,0.790688511963304
25665,LOF,0.05467036177329827,0.03269943228789178,0.91263020593881
25666,LOF,0.09965890279412032,0.07153187249141245,0.8288092247144673
25667,LOF,0.0763628782385943,0.03934341502934221,0.8842937067320635
25668,LOF,0.0387791589078321,0.04928602929624519,0.9119348117959227
25669,LOF,0.032825392692310836,0.05382867581811746,0.9133459314895718
25670,LOF,0.14733143657949324,0.05791293215686278,0.7947556312636439
25671,LOF,0.11854114320084742,0.03579183595467054,0.8456670208444821
25672,LOF,0.05022800473889405,0.043965841039152895,0.9058061542219531
25673,LOF,0.07875636715227283,0.04863751340073514,0.8726061194469922
25674,LOF,0.0677991938108264,0.056295941748112595,0.875904864441061
25675,LOF,0.12334112752980061,0.057096549284340624,0.8195623231858588
25676,LOF,0.01981250861529405,0.053571570560263654,0.9266159208244423
25677,LOF,0.026128582538064597,0.07205065150070965,0.9018207659612258
25678,LOF,0.22742566155261834,0.06341037594979022,0.7091639624975915
25679,LOF,0.12154056584348384,0.07956915556830088,0.7988902785882154
25680,LOF,0.0304641873226875,0.11838851557582045,0.8511472971014922
25681,LOF,0.05002595113553883,0.11298388272028276,0.8369901661441784
25682,LOF,0.15127720776610276,0.07388890652804797,0.7748338857058492
25683,LOF,0.11194518799385385,0.08784256299804966,0.8002122490080964
25684,LOF,0.04588620856934878,0.07168857122916832,0.882425220201483
25685,LOF,0.1330737850239871,0.047256899852480536,0.8196693151235324
25686,LOF,0.08040458839724275,0.08335678309592569,0.8362386285068316
25687,LOF,0.11950087744701861,0.08679184067795466,0.7937072818750268
25688,LOF,0.2941567435159112,0.03355243656798317,0.6722908199161056
25689,LOF,0.22134625602720862,0.03714871841777245,0.7415050255550188
25690,LOF,0.3230254938223176,0.029359411542392976,0.6476150946352895
25691,Neutral,0.6883423459352042,0.022212663194488,0.2894449908703078
25692,LOF,0.3303477292786018,0.01047528046230615,0.659176990259092
25693,LOF,0.04824568826950658,0.4153746339765469,0.5363796777539466
25694,LOF,0.11857084799350182,0.017021601929393997,0.8644075500771042
25695,LOF,0.11236399522417906,0.01569147264522495,0.871944532130596
25696,LOF,0.1309914841044416,0.008147458278904032,0.8608610576166544
25697,LOF,0.08860264428908671,0.030768162159029687,0.8806291935518836
25698,LOF,0.34210279886225964,0.19231467227870092,0.4655825288590395
25699,LOF,0.4387176716571367,0.038257434335994045,0.5230248940068692
25700,LOF,0.07823956319505179,0.008586269892557438,0.9131741669123908
25701,LOF,0.1535356900729786,0.04592850661431407,0.8005358033127074
25702,GOF,0.1783399499330316,0.5640807409845877,0.2575793090823807
25703,LOF,0.016835060397925736,0.16162552808758357,0.8215394115144907
25704,LOF,0.043561168618116396,0.11260018180860618,0.8438386495732775
25705,LOF,0.05235048455136748,0.15156919385976234,0.7960803215888703
25706,LOF,0.10031058637511264,0.4182602642156167,0.4814291494092707
25707,LOF,0.10309311127799792,0.3408895958438996,0.5560172928781024
25708,LOF,0.032647387602991074,0.29082728329683,0.6765253291001788
25709,LOF,0.07380731267793542,0.04208851869216621,0.8841041686298984
25710,LOF,0.011678306677017879,0.15751859374669663,0.8308030995762855
25711,LOF,0.020417745267707857,0.09702449872398636,0.8825577560083058
25712,LOF,0.013596995388336561,0.18362558457126796,0.8027774200403954
25713,LOF,0.020066088767513535,0.08306282701638833,0.8968710842160982
25714,LOF,0.08133859181155903,0.07983141915082445,0.8388299890376165
25715,LOF,0.012097478489469465,0.13526331284725251,0.852639208663278
25716,LOF,0.012795541129036322,0.12488713658561557,0.8623173222853482
25717,LOF,0.011994252036454116,0.08385668171055911,0.9041490662529869
25718,LOF,0.012658265030375664,0.10735955321194278,0.8799821817576816
25719,LOF,0.019236653423369075,0.08323570897483007,0.8975276376018008
25720,LOF,0.024811427550179635,0.0725795888337373,0.9026089836160831
25721,LOF,0.015747335363725145,0.11674866963146434,0.8675039950048106
25722,LOF,0.01527676698337926,0.12413746947312128,0.8605857635434995
25723,LOF,0.024640166473038235,0.042868952558960734,0.9324908809680009
25724,LOF,0.035487438695978514,0.0898431338697081,0.8746694274343134
25725,LOF,0.012348996157659674,0.07061502199504216,0.9170359818472982
25726,LOF,0.017144238007938257,0.1008881845496468,0.8819675774424148
25727,LOF,0.014290425293226227,0.07768106466788703,0.9080285100388867
25728,LOF,0.01060101801303259,0.1217834141756282,0.8676155678113392
25729,LOF,0.01115992602084395,0.11797146479578562,0.8708686091833704
25730,LOF,0.014817064461678036,0.08875692118405008,0.8964260143542719
25731,LOF,0.019154714764030974,0.1187333323802622,0.8621119528557069
25732,LOF,0.015736054757907795,0.07833438582605225,0.90592955941604
25733,LOF,0.01748200945261927,0.07817930781155814,0.9043386827358225
25734,LOF,0.012244339526343299,0.124250796234316,0.8635048642393407
25735,LOF,0.014437106567988058,0.09165492203704122,0.8939079713949707
25736,LOF,0.01600752122915828,0.10628019957491552,0.8777122791959261
25737,LOF,0.012771280551700856,0.08813619438891677,0.8990925250593824
25738,LOF,0.013103508680298201,0.11088071755347745,0.8760157737662243
25739,LOF,0.02243990481457079,0.0848811250105677,0.8926789701748614
25740,LOF,0.027979506701599707,0.1201818034854502,0.85183868981295
25741,LOF,0.015618175539263762,0.12065382676111593,0.8637279976996203
25742,LOF,0.12780262041527804,0.09058732258159087,0.7816100570031311
25743,LOF,0.031827778114432985,0.03485812955593917,0.9333140923296279
25744,Neutral,0.5924867293580688,0.16811549075435137,0.23939777988757982
25745,LOF,0.07044428219814268,0.07027598781813013,0.8592797299837271
25746,LOF,0.04055267363545573,0.08154560119492993,0.8779017251696144
25747,LOF,0.023215317594087743,0.044847622426589864,0.9319370599793224
25748,LOF,0.08971527478834741,0.06440507042396824,0.8458796547876843
25749,LOF,0.02495012013947463,0.08623222128203994,0.8888176585784854
25750,LOF,0.08681000256424637,0.08026850457342889,0.8329214928623249
25751,LOF,0.1005110285448438,0.0672281198461591,0.8322608516089971
25752,GOF,0.11350336252888284,0.6706544993015987,0.21584213816951853
25753,LOF,0.02004339367786814,0.2698974790319398,0.710059127290192
25754,GOF,0.010293469435315542,0.7899432431893192,0.19976328737536517
25755,LOF,0.022449932080259916,0.41661320792376044,0.5609368599959796
25756,LOF,0.04413297956721732,0.3806051197813808,0.5752619006514019
25757,GOF,0.0135198016621207,0.8519529317282312,0.13452726660964803
25758,GOF,0.028957924785461185,0.8130354387094548,0.15800663650508406
25759,GOF,0.010619520095379986,0.5826734330890114,0.40670704681560854
25760,LOF,0.01203082904704387,0.2705924262440687,0.7173767447088875
25761,GOF,0.27723935969699365,0.6370489350724141,0.08571170523059218
25762,LOF,0.040411912330212366,0.27275387392566114,0.6868342137441265
25763,LOF,0.013534623881873015,0.2094880385760698,0.7769773375420572
25764,GOF,0.0771299871212623,0.6346169059834535,0.28825310689528416
25765,GOF,0.03898459674340857,0.7491429008382733,0.2118725024183183
25766,GOF,0.06514270673533466,0.7501060211848929,0.18475127207977243
25767,GOF,0.15589942786297517,0.5707625001604674,0.2733380719765575
25768,LOF,0.12043206551184978,0.0657243020440126,0.8138436324441376
25769,LOF,0.061363423078193625,0.06282075669779925,0.8758158202240071
25770,LOF,0.342280100973613,0.08617165782761664,0.5715482411987703
25771,LOF,0.04002760760338156,0.04912261746923196,0.9108497749273864
25772,LOF,0.019969870999700108,0.0386145279288179,0.941415601071482
25773,LOF,0.046509710492254594,0.09353450367896184,0.8599557858287835
25774,LOF,0.029463498962872092,0.0745178782005504,0.8960186228365775
25775,LOF,0.05207743916916507,0.04829927118839808,0.8996232896424369
25776,LOF,0.07964808763984098,0.024187170138749443,0.8961647422214095
25777,LOF,0.3788349954597522,0.05242737117943358,0.5687376333608142
25778,LOF,0.07566882450623752,0.04500903010877598,0.8793221453849865
25779,GOF,0.39134200274085884,0.5585742696379099,0.050083727621231325
25780,GOF,0.29901141609773196,0.6145864138994528,0.08640217000281512
25781,GOF,0.12999036578697346,0.7520590070744504,0.11795062713857601
25782,GOF,0.2139242949635951,0.7059951681779137,0.0800805368584911
25783,GOF,0.02148644278644796,0.5881436925074728,0.39036986470607943
25784,Neutral,0.5292067372227626,0.43351045061247045,0.037282812164767
25785,Neutral,0.4941708445612582,0.4666429191502516,0.03918623628849031
25786,GOF,0.02630134268210625,0.728919980007099,0.24477867731079456
25787,Neutral,0.6611356289821935,0.3118213452013101,0.02704302581649651
25788,LOF,0.05253735027040759,0.09874543312363666,0.8487172166059558
25789,GOF,0.20962144639413502,0.633920235452473,0.15645831815339198
25790,GOF,0.22290965839731353,0.6594275483130756,0.1176627932896109
25791,GOF,0.1674584418855543,0.6503626342311132,0.1821789238833326
25792,GOF,0.378023347817569,0.4937195685400939,0.12825708364233715
25793,GOF,0.26240839954085365,0.5188591725062784,0.2187324279528679
25794,GOF,0.2900604559619629,0.5247975953995084,0.18514194863852879
25795,GOF,0.090059872456615,0.664672890528556,0.24526723701482903
25796,Neutral,0.6000329984593198,0.32078415320571,0.07918284833497018
25797,GOF,0.09304648764134614,0.511157808453434,0.39579570390521995
25798,LOF,0.009604907195525966,0.47979405656007784,0.5106010362443962
25799,LOF,0.007401046998104695,0.35292492439692824,0.639674028604967
25800,GOF,0.03603055232964744,0.5373806770937372,0.42658877057661543
25801,GOF,0.21942748172197346,0.6219284418394343,0.15864407643859224
25802,GOF,0.08206408572854909,0.6390539249797523,0.27888198929169855
25803,GOF,0.03621225727542649,0.5265307982443168,0.4372569444802567
25804,LOF,0.03164766389038089,0.44758658193365836,0.5207657541759608
25805,GOF,0.10323469505156865,0.5669120859378274,0.32985321901060394
25806,GOF,0.0969717667960812,0.5402402859963791,0.3627879472075397
25807,GOF,0.01972612580578838,0.5791177805073207,0.40115609368689104
25808,GOF,0.08211399161367336,0.5990629275081508,0.31882308087817574
25809,GOF,0.018248246308749137,0.5437200122513778,0.4380317414398731
25810,GOF,0.0171062962701876,0.5779742689478623,0.4049194347819501
25811,Neutral,0.46064538864359666,0.45276770221790996,0.08658690913849336
25812,GOF,0.030410308788078707,0.5956400983865348,0.37394959282538653
25813,Neutral,0.5234952565477486,0.361913622267396,0.1145911211848554
25814,GOF,0.10535887016477892,0.6301762102243618,0.26446491961085933
25815,GOF,0.1756034727749365,0.6145245394271907,0.2098719877978729
25816,GOF,0.019544135170556788,0.669180219008268,0.31127564582117523
25817,GOF,0.22644657963638132,0.6442064031471794,0.12934701721643935
25818,GOF,0.05386883498026258,0.6122393705745024,0.333891794445235
25819,GOF,0.33586638621882536,0.507485629236503,0.15664798454467171
25820,GOF,0.174612183495011,0.5949840859366334,0.23040373056835545
25821,GOF,0.05764702622877958,0.6445089027607978,0.29784407101042265
25822,GOF,0.2104841204565708,0.5536981329844801,0.2358177465589491
25823,GOF,0.03591192741344719,0.49247261315478225,0.47161545943177047
25824,GOF,0.08569469423120796,0.541726516598777,0.372578789170015
25825,GOF,0.036964826307172405,0.538105494215013,0.4249296794778146
25826,GOF,0.01558735956104493,0.5310316232023045,0.45338101723665064
25827,GOF,0.02554278202291043,0.5748828086513821,0.3995744093257075
25828,LOF,0.013861042878361839,0.4918492418011132,0.49428971532052496
25829,GOF,0.006206773763910863,0.5408773429408036,0.4529158832952856
25830,LOF,0.03090704307996939,0.2851489894937058,0.6839439674263248
25831,GOF,0.23056334246362128,0.6292617932786644,0.1401748642577143
25832,GOF,0.03882826021419319,0.6440561693648619,0.31711557042094485
25833,GOF,0.13032506561241122,0.6793286301214196,0.19034630426616905
25834,GOF,0.038014060256833716,0.6501554193546834,0.3118305203884831
25835,GOF,0.07988025043170972,0.7091670930559735,0.21095265651231693
25836,GOF,0.04107404221655973,0.6285586450773388,0.3303673127061014
25837,GOF,0.030085789059581203,0.5547360199300805,0.4151781910103383
25838,GOF,0.09780469638057027,0.7445245896313557,0.15767071398807417
25839,GOF,0.3281441639145288,0.5201196162520496,0.15173621983342162
25840,GOF,0.2726293273582632,0.5836179274496086,0.14375274519212822
25841,GOF,0.2540632395329468,0.6005238774831547,0.14541288298389843
25842,GOF,0.18735347051412446,0.6699128173661995,0.14273371211967611
25843,GOF,0.25821577877438245,0.6407746567067526,0.10100956451886509
25844,GOF,0.0721448393349511,0.6642306304441473,0.26362453022090154
25845,LOF,0.018084430122890665,0.4347158739986199,0.5471996958784895
25846,GOF,0.13439638509400714,0.7066898078785195,0.15891380702747335
25847,GOF,0.12083660664737783,0.7590047690294403,0.12015862432318189
25848,GOF,0.04131406229338993,0.6714350697612625,0.2872508679453476
25849,GOF,0.012621488926828878,0.5734840393500592,0.4138944717231119
25850,GOF,0.02393826538394448,0.626628238113282,0.34943349650277344
25851,GOF,0.019603720446089372,0.5136504540864073,0.46674582546750343
25852,GOF,0.19204838084061854,0.5172356312268401,0.2907159879325412
25853,GOF,0.3670786841342986,0.5587599499844902,0.07416136588121117
25854,GOF,0.024366141541340102,0.6021473071200762,0.3734865513385836
25855,GOF,0.03645548589363052,0.530068914030032,0.4334756000763375
25856,GOF,0.24426707283337826,0.5128878111329707,0.24284511603365103
25857,LOF,0.03732865051229346,0.47352357547695456,0.489147774010752
25858,GOF,0.01982910684906432,0.5104131348325448,0.4697577583183909
25859,LOF,0.01023014829372223,0.48201902259705465,0.5077508291092231
25860,GOF,0.3832679050355794,0.5344759968439584,0.08225609812046226
25861,GOF,0.4529202978435868,0.47394101342942885,0.0731386887269843
25862,GOF,0.09164347246580473,0.7571435072208125,0.1512130203133828
25863,GOF,0.08600991894786728,0.752307950130123,0.16168213092200973
25864,GOF,0.20969570347516453,0.7106365147546914,0.07966778177014415
25865,GOF,0.09248924905301417,0.7847346397248454,0.1227761112221405
25866,GOF,0.05955266406444105,0.7569636648154473,0.1834836711201116
25867,GOF,0.08759012737565096,0.8036774136335073,0.10873245899084172
25868,GOF,0.26806371502418497,0.6293819991211625,0.10255428585465241
25869,Neutral,0.724682884899283,0.23754937984248262,0.03776773525823451
25870,GOF,0.2869118851313683,0.3576033490776715,0.3554847657909603
25871,GOF,0.2435415979979303,0.5836178844288739,0.17284051757319588
25872,GOF,0.07810323957748795,0.6253654752195763,0.29653128520293576
25873,GOF,0.1275959525806701,0.6688537354915698,0.20355031192776007
25874,LOF,0.01725679265564829,0.11130988577967271,0.871433321564679
25875,LOF,0.0944405438013931,0.04002675975967348,0.8655326964389334
25876,LOF,0.03568834413215732,0.02885918788120471,0.935452467986638
25877,Neutral,0.47957502375446254,0.047023829488685186,0.47340114675685224
25878,LOF,0.19531173590456374,0.08877405369322243,0.7159142104022138
25879,LOF,0.08505551691014668,0.08078086556653277,0.8341636175233206
25880,LOF,0.022662474677419192,0.014114590160472255,0.9632229351621086
25881,LOF,0.17240480694364488,0.11126909502015606,0.7163260980361991
25882,LOF,0.06438507597354866,0.016421972011044724,0.9191929520154065
25883,LOF,0.07913809472012108,0.0191074619836731,0.9017544432962058
25884,LOF,0.03311081653230916,0.028444258902070124,0.9384449245656208
25885,LOF,0.06542307772151829,0.011496492526785177,0.9230804297516965
25886,LOF,0.24971378319266213,0.03780329509602603,0.7124829217113118
25887,LOF,0.17052982666746716,0.05985414939831878,0.7696160239342141
25888,LOF,0.07392121478246491,0.05433371212931955,0.8717450730882155
25889,LOF,0.043214505204907216,0.019566930429871638,0.9372185643652212
25890,LOF,0.05117500374530269,0.1423678800605631,0.8064571161941343
25891,LOF,0.03960572521659408,0.05075564708867644,0.9096386276947296
25892,LOF,0.09688527090011913,0.022067495475151223,0.8810472336247297
25893,LOF,0.2420322778891557,0.020886378282893525,0.7370813438279509
25894,LOF,0.1774966083207947,0.011683793817061678,0.8108195978621436
25895,LOF,0.21037303646989677,0.020105458861541442,0.7695215046685618
25896,LOF,0.05064453147082788,0.023222885039653973,0.9261325834895182
25897,LOF,0.2557517608067871,0.012348123987535802,0.7319001152056772
25898,Neutral,0.6910551018070206,0.009726914216831946,0.2992179839761475
25899,LOF,0.1972886557132704,0.021003611743312136,0.7817077325434174
25900,LOF,0.4224155514621117,0.015228139913376683,0.5623563086245117
25901,LOF,0.04613433146266309,0.012730767347508434,0.9411349011898286
25902,LOF,0.1663365523216703,0.012555140519907892,0.8211083071584218
25903,Neutral,0.5747049351865918,0.028135770728569386,0.39715929408483874
25904,LOF,0.27074243678969495,0.04882402836978087,0.6804335348405243
25905,LOF,0.024481470710108245,0.34401965147126806,0.6314988778186237
25906,LOF,0.02986913454023759,0.08205815096340491,0.8880727144963576
25907,LOF,0.013768346397329824,0.36278681045926775,0.6234448431434024
25908,LOF,0.009557309625254595,0.2682535651943989,0.7221891251803466
25909,LOF,0.013302093440698623,0.1446450398059039,0.8420528667533974
25910,LOF,0.04490684183480601,0.14611877898706743,0.8089743791781265
25911,LOF,0.1772067759485486,0.018193895842598784,0.8045993282088526
25912,LOF,0.049614069547363145,0.03972528141296852,0.9106606490396684
25913,LOF,0.3176093005301235,0.018523978897453997,0.6638667205724225
25914,LOF,0.020781563632170093,0.06288868160612729,0.9163297547617025
25915,Neutral,0.5696595545810176,0.19919941707515187,0.23114102834383055
25916,LOF,0.09222931796783794,0.25452559434595773,0.6532450876862044
25917,LOF,0.06838670223076992,0.050063531341720036,0.88154976642751
25918,LOF,0.02591394133980664,0.0436472076523318,0.9304388510078616
25919,LOF,0.02218115163509687,0.04939902105902727,0.9284198273058758
25920,GOF,0.10475811717155731,0.5221213192168566,0.37312056361158613
25921,LOF,0.02487143039246005,0.029427005704891346,0.9457015639026486
25922,LOF,0.03538906109199788,0.02159653521284004,0.943014403695162
25923,LOF,0.4063822170509295,0.025124602962814775,0.5684931799862558
25924,LOF,0.03418064532446806,0.03488306269156687,0.930936291983965
25925,LOF,0.06448993879143153,0.02976287431650787,0.9057471868920606
25926,LOF,0.04630983077827956,0.026176358480182974,0.9275138107415374
25927,LOF,0.04980691628999229,0.11070241391712825,0.8394906697928795
25928,LOF,0.017614442892235807,0.03990447859561728,0.9424810785121468
25929,Neutral,0.5310808187867835,0.027027212487198148,0.4418919687260183
25930,LOF,0.05208472493300093,0.023087287514656444,0.9248279875523426
25931,LOF,0.024037173658959906,0.026245150419214044,0.949717675921826
25932,LOF,0.026905049506259483,0.02077977749357219,0.9523151730001684
25933,LOF,0.03701235668015499,0.014783706908165188,0.9482039364116798
25934,LOF,0.025057976540586453,0.017917540859254812,0.9570244826001587
25935,LOF,0.05441760285934287,0.03541829700069307,0.9101641001399642
25936,LOF,0.046167275483713646,0.019913921345031657,0.9339188031712546
25937,LOF,0.02586010973432399,0.02774390156856105,0.9463959886971148
25938,LOF,0.058430150625823706,0.0374837691169049,0.9040860802572714
25939,LOF,0.04246309978644545,0.015653985851020482,0.9418829143625341
25940,LOF,0.02688273747279235,0.3675549431743938,0.6055623193528139
25941,LOF,0.1837071925419761,0.10376595575790849,0.7125268517001154
25942,LOF,0.014509695116548559,0.034541589220779836,0.9509487156626717
25943,LOF,0.3001921659652145,0.05429645018825866,0.6455113838465268
25944,LOF,0.48649033859956353,0.024758272232836376,0.48875138916760025
25945,LOF,0.06185978568077674,0.02287020175657101,0.9152700125626523
25946,LOF,0.02664823775061981,0.11414988920628118,0.859201873043099
25947,LOF,0.10753325272412367,0.23208051448971168,0.6603862327861647
25948,LOF,0.42829554637179373,0.0077945890158573495,0.5639098646123489
25949,LOF,0.11746193774099022,0.026940640995629518,0.8555974212633803
25950,GOF,0.30552478040675324,0.37165549870958936,0.3228197208836574
25951,LOF,0.2172110044431351,0.23140844345503897,0.5513805521018259
25952,LOF,0.0463740616786064,0.4082330432261972,0.5453928950951964
25953,LOF,0.15092742834025497,0.0922908696229479,0.7567817020367972
25954,Neutral,0.4504134840812685,0.15200732235296255,0.3975791935657689
25955,LOF,0.053493154829641405,0.08160064627789121,0.8649061988924674
25956,LOF,0.17526713358871984,0.11033399471878888,0.7143988716924914
25957,LOF,0.04090157805518094,0.029949136057541254,0.9291492858872777
25958,LOF,0.06270270434373197,0.026073607698984844,0.9112236879572831
25959,LOF,0.07700982594867703,0.351676790518857,0.571313383532466
25960,LOF,0.015963434820316067,0.050722608524343245,0.9333139566553407
25961,LOF,0.05284033118397957,0.028046637477195536,0.9191130313388249
25962,LOF,0.06037669287267771,0.028051450406242857,0.9115718567210794
25963,LOF,0.052834972444444864,0.20089161689095003,0.7462734106646051
25964,LOF,0.040632165067709954,0.16441636127390938,0.7949514736583807
25965,LOF,0.45362466691754577,0.08473962657325737,0.46163570650919694
25966,Neutral,0.5188513620507818,0.161913203526116,0.3192354344231022
25967,LOF,0.01758118011930824,0.09860766158397054,0.8838111582967213
25968,LOF,0.029053374638976746,0.41891287884697986,0.5520337465140434
25969,LOF,0.027177774387723688,0.06474954959115255,0.9080726760211238
25970,LOF,0.05429432636151847,0.06195190762026472,0.8837537660182168
25971,LOF,0.07597308642571786,0.018306989824043912,0.9057199237502384
25972,LOF,0.07422164607861977,0.024442389568079505,0.9013359643533008
25973,LOF,0.06984789178407468,0.009846358973737769,0.9203057492421876
25974,LOF,0.20165179268279065,0.015980247218330395,0.782367960098879
25975,LOF,0.043043045585015635,0.027577371330287516,0.9293795830846968
25976,LOF,0.040716880857210286,0.015976773972968553,0.9433063451698211
25977,LOF,0.15898314508158853,0.08622353370975909,0.7547933212086524
25978,LOF,0.14135820797539564,0.061237925732448656,0.7974038662921556
25979,LOF,0.13110608051183745,0.06100267406747538,0.8078912454206871
25980,LOF,0.2084351367846738,0.07576903679340104,0.7157958264219252
25981,LOF,0.23876933102893377,0.07366674707717145,0.6875639218938948
25982,LOF,0.3971850476359884,0.05268695169463802,0.5501280006693736
25983,LOF,0.38640404754437735,0.0576602089113461,0.5559357435442764
25984,LOF,0.050412061795155394,0.04314103899520676,0.9064468992096377
25985,LOF,0.034554435981993335,0.25051279599998133,0.7149327680180253
25986,LOF,0.042288752756010003,0.28313286474863314,0.6745783824953568
25987,LOF,0.0742749884492146,0.060913712176293364,0.864811299374492
25988,LOF,0.14555924460743425,0.04636202261928422,0.8080787327732816
25989,LOF,0.02903903499939554,0.09122173670611133,0.879739228294493
25990,LOF,0.04090071434347116,0.10548597992973766,0.8536133057267912
25991,LOF,0.121700132475776,0.3279194197040642,0.5503804478201598
25992,LOF,0.31197868186307204,0.19604573826035807,0.49197557987656976
25993,LOF,0.021925994731353832,0.0859796562742898,0.8920943489943564
25994,LOF,0.016445799142807752,0.11879569519970454,0.8647585056574878
25995,LOF,0.02386334164174079,0.24264820873816909,0.7334884496200901
25996,GOF,0.26442164213730673,0.48646099376350554,0.24911736409918778
25997,LOF,0.07788263350068722,0.4463117058061227,0.4758056606931899
25998,Neutral,0.5242990544780917,0.02126431681947571,0.45443662870243257
25999,LOF,0.11441744451437189,0.09553730282137492,0.7900452526642532
26000,LOF,0.1420589160638446,0.0437290845533031,0.8142119993828523
26001,LOF,0.1875192152169185,0.045224248926060834,0.7672565358570206
26002,LOF,0.13541385289899271,0.04508378992332153,0.8195023571776858
26003,GOF,0.010629937391257891,0.6043123614774888,0.3850577011312533
26004,GOF,0.018588522571855556,0.6676764923671641,0.3137349850609804
26005,LOF,0.0072944780422784265,0.4696154684630928,0.5230900534946288
26006,Neutral,0.5252217722393439,0.25540511086780493,0.21937311689285122
26007,GOF,0.020146300314157553,0.5534792036896851,0.42637449599615734
26008,GOF,0.015461487052774493,0.6298655753675658,0.35467293757965973
26009,GOF,0.022334385650041113,0.6898364437027179,0.287829170647241
26010,GOF,0.022106150750040778,0.665101728159956,0.3127921210900032
26011,LOF,0.006363255961880519,0.4507602989170814,0.542876445121038
26012,GOF,0.012393308660259878,0.5542825630509876,0.4333241282887526
26013,GOF,0.017541579609379125,0.6292248448845048,0.3532335755061161
26014,LOF,0.04465775690427974,0.10331683059924686,0.8520254124964733
26015,LOF,0.18173379001982934,0.008780883820515287,0.8094853261596554
26016,LOF,0.23215565856462206,0.04777319519584034,0.7200711462395376
26017,LOF,0.25964664867359055,0.07844584458580553,0.6619075067406038
26018,LOF,0.09138577786261241,0.02377080437519095,0.8848434177621965
26019,LOF,0.08752304137575877,0.018673839868667805,0.8938031187555734
26020,LOF,0.0740707979356699,0.09383291703799182,0.8320962850263384
26021,LOF,0.04745605703568323,0.10242337932843372,0.8501205636358831
26022,LOF,0.011480119185296591,0.032809859442748134,0.9557100213719553
26023,LOF,0.10764698184615881,0.01693704387627466,0.8754159742775666
26024,LOF,0.03394381243898059,0.1027638678512184,0.8632923197098009
26025,LOF,0.166201562357256,0.0728627229461253,0.7609357146966188
26026,LOF,0.3661685977519061,0.025579979550458008,0.608251422697636
26027,LOF,0.08408818885498581,0.01311065651495005,0.9028011546300642
26028,LOF,0.1783723154849136,0.0659968875495835,0.7556307969655028
26029,LOF,0.07634628805818355,0.21438254425604697,0.7092711676857695
26030,LOF,0.024106489563711513,0.06352549039813496,0.9123680200381535
26031,LOF,0.027040162512110343,0.15451744661473757,0.8184423908731521
26032,LOF,0.06515112029604044,0.07308907186698729,0.8617598078369723
26033,LOF,0.11536283380667564,0.0899788053562066,0.7946583608371177
26034,LOF,0.043113415629756284,0.1815941826442208,0.7752924017260229
26035,LOF,0.026325508489348743,0.18010005157335807,0.7935744399372932
26036,LOF,0.03835619095987247,0.1990740136958551,0.7625697953442724
26037,LOF,0.021621662944482156,0.1354812223095071,0.8428971147460107
26038,LOF,0.06103108758850475,0.07445122047985162,0.8645176919316437
26039,LOF,0.04967501469362545,0.16985365411200212,0.7804713311943724
26040,LOF,0.17830621252001738,0.15992869168133556,0.6617650957986471
26041,LOF,0.02181906543645481,0.12583551258149409,0.8523454219820512
26042,LOF,0.0202858107983116,0.11844874545225378,0.8612654437494345
26043,LOF,0.06075378987535072,0.08765072014652159,0.8515954899781277
26044,LOF,0.01928453338175903,0.07943040279027065,0.9012850638279704
26045,LOF,0.06801864873642287,0.11042412045824285,0.8215572308053343
26046,LOF,0.06273764818821127,0.08671329621004362,0.8505490556017451
26047,LOF,0.08437469927492597,0.09167886688069994,0.823946433844374
26048,LOF,0.05125321527816084,0.04651901587245075,0.9022277688493884
26049,Neutral,0.9605703490964762,0.008005692991818707,0.031423957911705186
26050,Neutral,0.9434403980739942,0.010386737940869155,0.04617286398513666
26051,LOF,0.0589783553802543,0.27893779733597185,0.6620838472837739
26052,LOF,0.07358588621028629,0.31517845247543497,0.6112356613142789
26053,LOF,0.057705297672466564,0.11384632696864644,0.8284483753588869
26054,LOF,0.05175344494645541,0.01667530710700389,0.9315712479465407
26055,LOF,0.07308815578377283,0.014328682858392266,0.9125831613578349
26056,LOF,0.06144720730535406,0.01575790160265538,0.9227948910919906
26057,LOF,0.029009510904959006,0.011671686959786256,0.9593188021352547
26058,LOF,0.029583548130149306,0.009471705466037084,0.9609447464038136
26059,LOF,0.2987224367598182,0.02182053683338536,0.6794570264067964
26060,LOF,0.03833449291817676,0.17418733681139262,0.7874781702704307
26061,LOF,0.017824298084420074,0.010040411197085285,0.9721352907184947
26062,LOF,0.010562164201687702,0.016407108124189152,0.973030727674123
26063,LOF,0.021847952895968217,0.011522046677609381,0.9666300004264226
26064,LOF,0.024046002196999997,0.019537471058299335,0.9564165267447007
26065,LOF,0.02331959952321274,0.010420779689045426,0.9662596207877419
26066,LOF,0.020701920297739394,0.01086961807111141,0.9684284616311493
26067,LOF,0.027419531936002765,0.008862325538487861,0.9637181425255094
26068,LOF,0.04586074867060217,0.02672313587170841,0.9274161154576894
26069,LOF,0.2642926513987884,0.01768034118787487,0.7180270074133368
26070,LOF,0.3895141746748138,0.014404823021562254,0.596081002303624
26071,LOF,0.022571487759848703,0.012124733248308676,0.9653037789918425
26072,LOF,0.02092186313050942,0.01500520498273888,0.9640729318867517
26073,LOF,0.02362069643132509,0.010304250434499956,0.966075053134175
26074,Neutral,0.9039680749942061,0.00570401254988367,0.09032791245591046
26075,LOF,0.045358068494135546,0.013851389050084904,0.9407905424557795
26076,LOF,0.046235690298294226,0.009212618781392868,0.9445516909203129
26077,LOF,0.009721552662671048,0.01624527157604955,0.9740331757612795
26078,LOF,0.012613187709160242,0.010979380263138152,0.9764074320277016
26079,LOF,0.060734334253131204,0.016648920662907404,0.9226167450839614
26080,LOF,0.06001848117287023,0.016661079395556857,0.9233204394315729
26081,LOF,0.034615270389577416,0.006322348567435228,0.9590623810429874
26082,LOF,0.013644071193624778,0.015724276109318806,0.9706316526970564
26083,LOF,0.13167020020826978,0.012949460909602892,0.8553803388821274
26084,LOF,0.027033548874483445,0.012159830202778261,0.9608066209227384
26085,LOF,0.023374494275903223,0.011540983267555255,0.9650845224565414
26086,LOF,0.02316336494237347,0.011840914926456414,0.9649957201311702
26087,LOF,0.02750944754202401,0.008042174220929454,0.9644483782370465
26088,LOF,0.015415513470459344,0.023633122736413086,0.9609513637931276
26089,LOF,0.043486168177467636,0.020636372126722095,0.9358774596958103
26090,LOF,0.042845281830483944,0.016854060629061522,0.9403006575404546
26091,LOF,0.037640681683328805,0.005987606518038812,0.9563717117986325
26092,LOF,0.02543138323503242,0.008179049698307914,0.9663895670666596
26093,LOF,0.03794594198087059,0.0058131093893717505,0.9562409486297577
26094,LOF,0.03994953005620951,0.006176878726042014,0.9538735912177486
26095,LOF,0.03872496030581007,0.012864653034672874,0.9484103866595172
26096,LOF,0.018534243426629227,0.01249919427482876,0.9689665622985421
26097,LOF,0.011760798348250194,0.032374492730121975,0.9558647089216279
26098,LOF,0.07463793669790873,0.010666740150014295,0.9146953231520769
26099,LOF,0.02358327486898033,0.011706080269383452,0.9647106448616362
26100,LOF,0.025905234971021356,0.011409459672496316,0.9626853053564824
26101,LOF,0.05447448750761932,0.014666876261284783,0.9308586362310959
26102,LOF,0.02428228642726345,0.013018232107534512,0.962699481465202
26103,Neutral,0.8889229219761773,0.017942085586142974,0.09313499243767964
26104,LOF,0.07701095549700769,0.023738803714057635,0.8992502407889348
26105,LOF,0.21257232351871705,0.28632745368052176,0.5011002228007613
26106,LOF,0.21273354641333483,0.11472697172272327,0.6725394818639419
26107,LOF,0.2322096775233931,0.08355806239723716,0.6842322600793698
26108,LOF,0.27829815244103256,0.1085613106722892,0.6131405368866782
26109,LOF,0.0921343211501365,0.05900834739166995,0.8488573314581936
26110,LOF,0.2597817732730007,0.008850925633132998,0.7313673010938663
26111,Neutral,0.5253132687714799,0.023470757908598344,0.4512159733199217
26112,LOF,0.03429055470832149,0.0073248177988755004,0.958384627492803
26113,LOF,0.06230618924620079,0.016006874423471196,0.921686936330328
26114,LOF,0.02498818576234322,0.02759913720993227,0.9474126770277246
26115,LOF,0.08808276336611848,0.05328841712211995,0.8586288195117615
26116,LOF,0.06673054421898687,0.05636294305030259,0.8769065127307105
26117,LOF,0.4276011700086894,0.041739563708796626,0.5306592662825139
26118,LOF,0.03540885594949456,0.024188080525496775,0.9404030635250086
26119,LOF,0.019444928566167485,0.051547564546918764,0.9290075068869137
26120,LOF,0.02892407424416534,0.02094530514143497,0.9501306206143997
26121,LOF,0.04067756500898557,0.07727783429915795,0.8820446006918564
