feature0,prediction,LoGoFunc_Neutral,LoGoFunc_GOF,LoGoFunc_LOF
25546,Neutral,0.609206428100528,0.15999321263951521,0.23080035925995668
25547,Neutral,0.4759642780093123,0.23126882730639428,0.29276689468429334
25548,Neutral,0.38857497898748106,0.26014275782305196,0.351282263189467
25549,LOF,0.35474766714566847,0.25791785354776575,0.3873344793065658
25550,LOF,0.31224461323211156,0.2726147011361952,0.41514068563169326
25551,LOF,0.22970841037189027,0.2769594687424209,0.4933321208856889
25552,LOF,0.20577480617233496,0.3158799562130613,0.47834523761460374
25553,Neutral,0.7590052876271783,0.12047233653295451,0.12052237583986707
25554,LOF,0.24215510907004512,0.2721269928504989,0.485717898079456
25555,LOF,0.18661117054211712,0.27095085368962113,0.5424379757682617
25556,LOF,0.35308585446496155,0.25904004327584645,0.38787410225919206
25557,LOF,0.19321471469656554,0.26773980285673626,0.5390454824466983
25558,LOF,0.23552608718367313,0.3102550727421955,0.45421884007413144
25559,LOF,0.2670155881740399,0.054600578891868645,0.6783838329340914
25560,LOF,0.06989099749405055,0.21233923800664814,0.7177697644993012
25561,LOF,0.05929109296329795,0.33029274919760204,0.6104161578391
25562,LOF,0.04527831830325349,0.12836031365995534,0.826361368036791
25563,LOF,0.008489892639351022,0.24995999256614718,0.7415501147945018
25564,LOF,0.06568022515402491,0.07754751971316225,0.8567722551328127
25565,LOF,0.20402076706552483,0.11507991508792169,0.6808993178465534
25566,GOF,0.06746276246512799,0.6764109901656746,0.2561262473691974
25567,LOF,0.038456377984195905,0.062427989122733,0.8991156328930712
25568,LOF,0.06198656970441131,0.055038346411727855,0.8829750838838609
25569,LOF,0.06517377891178215,0.056503715967639125,0.8783225051205786
25570,LOF,0.0250512219842185,0.0803492890371669,0.8945994889786145
25571,LOF,0.02502106550390055,0.07472828081899754,0.9002506536771019
25572,LOF,0.03959314643315509,0.0746213227987082,0.8857855307681367
25573,LOF,0.07299114404107543,0.10983320437946999,0.8171756515794546
25574,LOF,0.10260439753863995,0.21610429047196247,0.6812913119893976
25575,LOF,0.02488254040172584,0.08095163855962341,0.8941658210386508
25576,LOF,0.017201014746187265,0.12144183413180787,0.861357151122005
25577,LOF,0.02197280327780596,0.0834409569621252,0.8945862397600688
25578,LOF,0.31014736534895354,0.08166448837266775,0.6081881462783786
25579,LOF,0.3088559279353452,0.07758859350379499,0.6135554785608598
25580,LOF,0.028238758529554084,0.06521967641387806,0.9065415650565678
25581,LOF,0.03834289456178266,0.09733082064903235,0.8643262847891849
25582,LOF,0.03834289456178266,0.09733082064903235,0.8643262847891849
25583,LOF,0.030247530103004464,0.07044923659963526,0.8993032332973602
25584,Neutral,0.8149351938727251,0.037805163309610215,0.14725964281766474
25585,LOF,0.0239136727939305,0.06912593822731888,0.9069603889787506
25586,LOF,0.02540483441853535,0.07148523379562764,0.903109931785837
25587,LOF,0.026060348123004423,0.0734811440195209,0.9004585078574747
25588,LOF,0.03155374602936716,0.0523881941190078,0.916058059851625
25589,Neutral,0.6777250028910963,0.12650205746778315,0.19577293964112047
25590,LOF,0.06406670515658236,0.07898826737554661,0.8569450274678709
25591,LOF,0.13160182311335025,0.05028091996846861,0.818117256918181
25592,LOF,0.10647116836983349,0.13911397629487218,0.7544148553352943
25593,LOF,0.1413744669594538,0.3456172726873419,0.5130082603532042
25594,LOF,0.038526626087739546,0.07568821731377623,0.8857851565984842
25595,LOF,0.04961213285055195,0.054215379282314784,0.8961724878671332
25596,LOF,0.12533921320198896,0.020085991280238094,0.8545747955177728
25597,LOF,0.09189163930905285,0.010346118307747475,0.8977622423831997
25598,LOF,0.05483775063041534,0.05205928818316687,0.8931029611864177
25599,GOF,0.03196652351557812,0.5807124048506995,0.3873210716337223
25600,GOF,0.22312286340857912,0.4670976315816305,0.30977950500979057
25601,LOF,0.07084708692105263,0.3244521347561171,0.6047007783228303
25602,LOF,0.0462357340226658,0.04469534748144264,0.9090689184958916
25603,LOF,0.06412169718930187,0.029777327322603707,0.9061009754880944
25604,LOF,0.06341682299438385,0.10264123781076105,0.833941939194855
25605,LOF,0.09226206815523666,0.1277100641571495,0.7800278676876138
25606,Neutral,0.5864206128951427,0.1299017787632877,0.2836776083415696
25607,LOF,0.04377918362193006,0.13549979282679062,0.8207210235512793
25608,LOF,0.055489305773825603,0.12392048423623588,0.8205902099899385
25609,GOF,0.14526426671880024,0.5953901883290299,0.2593455449521698
25610,LOF,0.014451464339125948,0.1270078604859098,0.8585406751749642
25611,LOF,0.013902271101101687,0.12652432340638042,0.8595734054925179
25612,LOF,0.06307515187815753,0.09239400188894005,0.8445308462329024
25613,LOF,0.047604621864499916,0.10591445426536752,0.8464809238701326
25614,LOF,0.021979779132646732,0.1382966484999531,0.8397235723674001
25615,LOF,0.042057162969466724,0.10640591794705918,0.8515369190834741
25616,LOF,0.052376648866047815,0.1176496921807462,0.829973658953206
25617,LOF,0.05188955355869729,0.12614853010327803,0.8219619163380247
25618,GOF,0.048831045886283085,0.504353817233018,0.4468151368806989
25619,LOF,0.01254228389457859,0.2699364169378879,0.7175212991675335
25620,LOF,0.047875889318998444,0.11650438136329344,0.8356197293177081
25621,LOF,0.08754726534675761,0.1024654075418969,0.8099873271113456
25622,LOF,0.07770019396401384,0.10117111057077736,0.8211286954652088
25623,LOF,0.06170464548172337,0.07073876602260681,0.8675565884956697
25624,LOF,0.021748493176322305,0.16268984884447169,0.815561657979206
25625,LOF,0.05400061039404502,0.08203342274234778,0.8639659668636073
25626,LOF,0.03368102947820739,0.10436465275591732,0.8619543177658754
25627,Neutral,0.875447968441308,0.041033429270115156,0.08351860228857678
25628,LOF,0.18226824646196746,0.10753935966974487,0.7101923938682877
25629,LOF,0.05640736113491938,0.09529603522233117,0.8482966036427495
25630,LOF,0.25362999474498693,0.08426363690260795,0.6621063683524052
25631,LOF,0.45502470985942056,0.06326943099183915,0.4817058591487404
25632,LOF,0.022681708858957095,0.04476105472427655,0.9325572364167662
25633,LOF,0.28677556122677506,0.02472056658023969,0.6885038721929853
25634,LOF,0.05464086699780429,0.03405346133562085,0.911305671666575
25635,LOF,0.036856774046506634,0.023588821214474972,0.9395544047390184
25636,GOF,0.03099593882612674,0.6658148426939814,0.3031892184798918
25637,GOF,0.02982019324775762,0.5481113547258654,0.42206845202637694
25638,GOF,0.017345445997108997,0.6689241647151486,0.3137303892877425
25639,LOF,0.020056989544751973,0.47900096446586643,0.5009420459893816
25640,Neutral,0.8627730955698614,0.09830979494676143,0.03891710948337713
25641,LOF,0.13220025240611483,0.332118984654747,0.5356807629391382
25642,LOF,0.12965646291472413,0.2092681524538074,0.6610753846314685
25643,LOF,0.3280333572819631,0.32526729651746256,0.3466993462005744
25644,LOF,0.008973602491594106,0.4132007914805819,0.577825606027824
25645,LOF,0.012499528482681946,0.3846452494520612,0.6028552220652568
25646,LOF,0.016755366941397124,0.25347056282501734,0.7297740702335855
25647,LOF,0.011143407349459547,0.18607238379581542,0.802784208854725
25648,LOF,0.014669000633023373,0.22688799902571247,0.7584430003412641
25649,LOF,0.008879928408809573,0.11767874410031488,0.8734413274908756
25650,LOF,0.03367245766174786,0.3770047432693537,0.5893227990688984
25651,LOF,0.009864844321959592,0.20574359421755306,0.7843915614604873
25652,LOF,0.0071288548059676455,0.3681500709159853,0.624721074278047
25653,LOF,0.0245080885477873,0.4065935957346856,0.568898315717527
25654,LOF,0.007194521302060374,0.32923309064266193,0.6635723880552777
25655,GOF,0.08474238075289871,0.5595410074778138,0.3557166117692876
25656,LOF,0.23033929263617023,0.2799207605632048,0.48973994680062505
25657,LOF,0.026340408719584797,0.39571287201859806,0.5779467192618172
25658,LOF,0.15953140227451215,0.4080803895099029,0.4323882082155848
25659,GOF,0.20631527477061556,0.4973475995421073,0.2963371256872773
25660,LOF,0.015928623352228624,0.3268816893850204,0.657189687262751
25661,LOF,0.04864262806215503,0.22922983989712897,0.722127532040716
25662,LOF,0.021155743756822654,0.13059451572340214,0.8482497405197752
25663,LOF,0.019785494099206966,0.11319324718909951,0.8670212587116934
25664,LOF,0.058301517716992275,0.2133605693353212,0.7283379129476866
25665,LOF,0.032072610803866135,0.12576344051343716,0.8421639486826966
25666,LOF,0.05287785563434905,0.18232846244456433,0.7647936819210867
25667,LOF,0.0499531684364653,0.1629713701413705,0.7870754614221642
25668,LOF,0.01842452735690344,0.1815498154701792,0.8000256571729173
25669,LOF,0.017529358718210524,0.18479547360495222,0.7976751676768373
25670,LOF,0.0877019521154009,0.1708174606202904,0.7414805872643087
25671,LOF,0.07865848913914669,0.09842391215378739,0.8229175987070658
25672,LOF,0.025331746770084276,0.195660077342791,0.7790081758871247
25673,LOF,0.067325302248747,0.1530682936771941,0.7796064040740589
25674,LOF,0.055468599141851524,0.1895802684718102,0.7549511323863383
25675,LOF,0.046255234515157166,0.22081247138834237,0.7329322940965004
25676,LOF,0.01613165471452971,0.15593793359921498,0.8279304116862554
25677,LOF,0.014499108106949524,0.24509445734937546,0.7404064345436749
25678,LOF,0.1528115199821498,0.18076303193652168,0.6664254480813284
25679,LOF,0.09794309430416451,0.1536953804422959,0.7483615252535396
25680,LOF,0.015718395367095,0.29950235461524255,0.6847792500176625
25681,LOF,0.02558578341437894,0.27288269978802654,0.7015315167975945
25682,LOF,0.05778125778948751,0.16514284109240265,0.7770759011181098
25683,LOF,0.06150277886070091,0.13885173876264933,0.7996454823766498
25684,LOF,0.02056405791173132,0.16759005517269193,0.8118458869155768
25685,LOF,0.08860207560288867,0.1778814148082655,0.7335165095888457
25686,LOF,0.04757395230318823,0.2884120365654325,0.6640140111313793
25687,LOF,0.05651482073630514,0.31138302248927024,0.6321021567744246
25688,LOF,0.4019674146938775,0.047142076341996096,0.5508905089641264
25689,LOF,0.21487671475077433,0.051185091831739006,0.7339381934174866
25690,LOF,0.32241240743648586,0.041141542066818276,0.6364460504966959
25691,Neutral,0.6974880623456512,0.04795092394384255,0.2545610137105061
25692,LOF,0.3731109085038232,0.01623034639740403,0.6106587450987727
25693,GOF,0.07528308898200145,0.47603960958347713,0.4486773014345214
25694,LOF,0.10090187652244406,0.02867778358738254,0.8704203398901734
25695,LOF,0.08731791188770638,0.018484684497117237,0.8941974036151764
25696,LOF,0.08732972729071913,0.028750726879875208,0.8839195458294056
25697,LOF,0.05853500038509628,0.20670105244782605,0.7347639471670778
25698,LOF,0.30161473772821507,0.17979466115277967,0.5185906011190052
25699,Neutral,0.396447501340639,0.22843714310940988,0.3751153555499511
25700,LOF,0.0711833572794148,0.034809299388757736,0.8940073433318275
25701,LOF,0.17418845794510465,0.13016252528580358,0.6956490167690916
25702,GOF,0.12154172286316912,0.7760185715681672,0.10243970556866372
25703,LOF,0.012098411274944649,0.3572376450735335,0.6306639436515219
25704,LOF,0.018908974226945277,0.28809124524605373,0.6929997805270011
25705,LOF,0.022312434884713614,0.19159370635146952,0.786093858763817
25706,GOF,0.11614645854399254,0.4696871727495642,0.41416636870644324
25707,GOF,0.07795518458755597,0.46634647181912875,0.4556983435933152
25708,GOF,0.0323979969137914,0.5575153315427579,0.41008667154345074
25709,LOF,0.06329254935380883,0.1160641245646696,0.8206433260815216
25710,LOF,0.013775685473283367,0.166697973856535,0.8195263406701816
25711,LOF,0.017296197761169124,0.16771179951318743,0.8149920027256434
25712,LOF,0.012492670989105488,0.196850597540774,0.7906567314701206
25713,LOF,0.0188857036917854,0.16877818577532833,0.8123361105328863
25714,LOF,0.06388858869471363,0.18291346058475894,0.7531979507205273
25715,LOF,0.013025487971433155,0.23114995871787752,0.7558245533106893
25716,LOF,0.011294445318417425,0.15778397940615443,0.8309215752754281
25717,LOF,0.014782322422939424,0.10324159793205172,0.8819760796450088
25718,LOF,0.012845145830794883,0.12091756695696938,0.8662372872122357
25719,LOF,0.019500074803647204,0.1801256449488674,0.8003742802474854
25720,LOF,0.02407927369415981,0.10263450173829361,0.8732862245675466
25721,LOF,0.01259349358412198,0.2010382076947224,0.7863682987211557
25722,LOF,0.013823376583506106,0.19949128610752703,0.7866853373089667
25723,LOF,0.022091422489853314,0.15153760962007712,0.8263709678900696
25724,LOF,0.04746982703596906,0.3134289371980236,0.6391012357660073
25725,LOF,0.012617291243328072,0.19549328784045372,0.7918894209162182
25726,LOF,0.013284218813057662,0.20547907793296558,0.7812367032539768
25727,LOF,0.015857578407143847,0.1890391427039561,0.7951032788889001
25728,LOF,0.012490756244086413,0.22271176309061225,0.7647974806653014
25729,LOF,0.013009229499134172,0.22910308242167013,0.7578876880791957
25730,LOF,0.013745988779480231,0.22499479915022091,0.7612592120702988
25731,LOF,0.011071001674555162,0.15379652099290017,0.8351324773325446
25732,LOF,0.013419772392446122,0.09887734420989486,0.8877028833976591
25733,LOF,0.012553935356516636,0.11361652167339886,0.8738295429700845
25734,LOF,0.012786622671226912,0.19415034861573188,0.7930630287130412
25735,LOF,0.012852640566910547,0.12402903456749777,0.8631183248655917
25736,LOF,0.012137931189535005,0.13769435414564332,0.8501677146648217
25737,LOF,0.013588503792753188,0.1816936511978867,0.80471784500936
25738,LOF,0.014096455273456756,0.20545599056616912,0.7804475541603743
25739,LOF,0.018571577447285437,0.16545905296082378,0.8159693695918907
25740,LOF,0.03337195990529606,0.20451633571058772,0.7621117043841161
25741,LOF,0.016977227565248845,0.22432933728195917,0.758693435152792
25742,LOF,0.08892245072963982,0.13702900132601134,0.7740485479443489
25743,LOF,0.022396111175003033,0.06472416163949969,0.9128797271854971
25744,Neutral,0.5174606702337722,0.2889566637640608,0.19358266600216692
25745,LOF,0.03142076084976376,0.17465897012062503,0.7939202690296113
25746,LOF,0.01892731052726008,0.24064377916803076,0.7404289103047091
25747,LOF,0.013661214400609972,0.16879596630344884,0.8175428192959411
25748,LOF,0.07024799484631675,0.2677435997046303,0.6620084054490529
25749,LOF,0.013123846024637864,0.2677329568153356,0.7191431971600265
25750,LOF,0.025754377360425476,0.23024538691453825,0.7440002357250364
25751,LOF,0.08683734097372814,0.2683887062382685,0.6447739527880034
25752,GOF,0.07458539171944442,0.7434715694285795,0.1819430388519761
25753,LOF,0.01789998637207519,0.4075830136277896,0.5745170000001353
25754,GOF,0.017253719947953196,0.7447029311382266,0.23804334891382026
25755,LOF,0.02394822001511412,0.32556430403858794,0.6504874759462981
25756,GOF,0.02976878502023635,0.5473681580545693,0.4228630569251943
25757,GOF,0.016749794681839573,0.8416269316525706,0.14162327366558983
25758,GOF,0.023692556228861454,0.824775893849807,0.15153154992133164
25759,GOF,0.0161066485611573,0.7092649056775971,0.2746284457612455
25760,LOF,0.017082203179162377,0.43975449235484576,0.5431633044659919
25761,GOF,0.19556350129478636,0.7410909745767305,0.06334552412848322
25762,GOF,0.0342730187444767,0.4861946847205293,0.4795322965349939
25763,LOF,0.010206009156497624,0.34169751640071155,0.6480964744427907
25764,GOF,0.06017905160766018,0.8092419794166262,0.13057896897571367
25765,GOF,0.028216965405443415,0.8129943337962463,0.15878870079831034
25766,GOF,0.06348373776987574,0.8470476358088049,0.08946862642131928
25767,GOF,0.08929184253689593,0.772285874961149,0.13842228250195504
25768,LOF,0.07054302916626115,0.12519621633213837,0.8042607545016005
25769,LOF,0.056078321031361456,0.050437701179511865,0.8934839777891267
25770,LOF,0.44328703475137915,0.055587978678570946,0.5011249865700499
25771,LOF,0.06183340838773816,0.03308713615917906,0.9050794554530829
25772,LOF,0.01872675368347911,0.045076330831863895,0.9361969154846569
25773,LOF,0.06408680217808951,0.023440150767119708,0.9124730470547907
25774,LOF,0.03394680714189851,0.07696013009356113,0.8890930627645404
25775,LOF,0.08407525962408052,0.01921839862263727,0.8967063417532822
25776,LOF,0.06914937553673182,0.02481728296705748,0.9060333414962107
25777,LOF,0.42750043574668883,0.02926772937956271,0.5432318348737484
25778,LOF,0.059771923430685395,0.04095478049962688,0.8992732960696876
25779,Neutral,0.5224060521788519,0.34308673533628964,0.13450721248485842
25780,Neutral,0.4619747143071198,0.35144922630325054,0.18657605938962973
25781,GOF,0.16269000982790519,0.5710079555008413,0.2663020346712536
25782,GOF,0.2501327383973118,0.4689589541864771,0.28090830741621103
25783,GOF,0.028479148660373047,0.5427672272380936,0.42875362410153334
25784,Neutral,0.6983168272721195,0.16715211221158963,0.13453106051629093
25785,Neutral,0.6902384099638772,0.08796550072705663,0.2217960893090662
25786,LOF,0.029453277525299082,0.4833734399830676,0.4871732824916335
25787,Neutral,0.8267100024162133,0.05224974882962082,0.121040248754166
25788,LOF,0.07040284266301758,0.027603952426391833,0.9019932049105905
25789,GOF,0.2861964341982062,0.3608651525021826,0.3529384132996111
25790,LOF,0.29348411707233396,0.35029269109469907,0.356223191832967
25791,LOF,0.1756658984453778,0.2931360659445621,0.5311980356100601
25792,Neutral,0.4294554593348053,0.18829766815262144,0.38224687251257317
25793,LOF,0.29239011504804463,0.24811164115246326,0.459498243799492
25794,Neutral,0.3984588438206969,0.2570160376708016,0.3445251185085014
25795,GOF,0.09725810729891415,0.501715096561106,0.40102679613997977
25796,Neutral,0.6306543455879636,0.15019963166681463,0.21914602274522185
25797,LOF,0.11602358760679961,0.3139197197675673,0.5700566926256332
25798,LOF,0.015417895817153637,0.3425171583734337,0.6420649458094128
25799,LOF,0.014014809767444712,0.3332279564983724,0.6527572337341829
25800,LOF,0.054505439901415126,0.44269335738644733,0.5028012027121375
25801,GOF,0.31454762890683946,0.41800730630712823,0.26744506478603225
25802,GOF,0.07852118172193946,0.46263904649792426,0.45883977178013635
25803,LOF,0.05611588141990286,0.425128210238127,0.5187559083419702
25804,LOF,0.04307367046326572,0.4167174342476616,0.5402088952890728
25805,GOF,0.11121698115529043,0.44962610719900264,0.43915691164570697
25806,LOF,0.15626379390334277,0.4065025267574437,0.4372336793392136
25807,LOF,0.025312714974593968,0.444531663686924,0.530155621338482
25808,LOF,0.11333807315550885,0.39040544296915997,0.4962564838753312
25809,LOF,0.024204848705985806,0.3777709967378971,0.598024154556117
25810,LOF,0.02825790746500723,0.3871821659379095,0.5845599265970833
25811,Neutral,0.6579414531957131,0.20204498075138663,0.14001356605290013
25812,LOF,0.046044064420109776,0.30341764308990204,0.6505382924899882
25813,Neutral,0.6577929819457023,0.060026626731388304,0.2821803913229093
25814,LOF,0.21136859530808122,0.26477923560945404,0.5238521690824648
25815,Neutral,0.4088250028495447,0.22672220263403006,0.3644527945164252
25816,LOF,0.023370798983398475,0.34745013069309605,0.6291790703235055
25817,GOF,0.2837002334286899,0.3649081980550703,0.35139156851623987
25818,LOF,0.04572016328484232,0.33290559310557927,0.6213742436095784
25819,Neutral,0.43249234778704787,0.29018315832368097,0.27732449388927116
25820,LOF,0.2303945621881024,0.37379113975851136,0.3958142980533862
25821,GOF,0.07302470031857168,0.4664277906069446,0.46054750907448366
25822,LOF,0.31518826164975944,0.3143786463335542,0.3704330920166863
25823,LOF,0.04894705089811009,0.43577180571647944,0.5152811433854104
25824,LOF,0.1145663942754958,0.2981387904584722,0.5872948152660321
25825,LOF,0.04537418130176686,0.3310471455302945,0.6235786731679387
25826,LOF,0.014560905189371857,0.38387160673695975,0.6015674880736683
25827,LOF,0.026427886827596836,0.46164733270052,0.5119247804718832
25828,LOF,0.01784936835825921,0.38740376194891085,0.5947468696928299
25829,LOF,0.010457214004751938,0.40647315434705433,0.5830696316481938
25830,LOF,0.041250368743776675,0.05439911761786848,0.9043505136383548
25831,GOF,0.19187908070535703,0.5155410784528586,0.2925798408417844
25832,GOF,0.03610600316733638,0.519085681887124,0.44480831494553974
25833,GOF,0.1314432145275798,0.5058571613341031,0.3626996241383171
25834,GOF,0.050793317628050214,0.5082798351619622,0.4409268472099876
25835,GOF,0.15505115335098218,0.4448181742640015,0.4001306723850163
25836,GOF,0.0575051834913414,0.4911489823444235,0.4513458341642352
25837,LOF,0.03452492548517303,0.4118819524608009,0.5535931220540261
25838,GOF,0.12106993947735897,0.4852464508805327,0.39368360964210836
25839,Neutral,0.4124397537131605,0.273011716078157,0.3145485302086825
25840,LOF,0.30103797222102574,0.3413931095326911,0.35756891824628323
25841,LOF,0.33815701593816594,0.3094539358085387,0.3523890482532955
25842,LOF,0.23235906317462027,0.3362720622860058,0.4313688745393739
25843,GOF,0.2638616946040475,0.4275574568618915,0.3085808485340609
25844,LOF,0.1039585534199656,0.3233816257633556,0.5726598208166788
25845,LOF,0.02082982190115606,0.394892531879892,0.584277646218952
25846,GOF,0.13844034230229504,0.45543719429970175,0.4061224633980033
25847,GOF,0.16184495023421414,0.44172399241951804,0.3964310573462677
25848,LOF,0.0487065938008838,0.35303224047556975,0.5982611657235464
25849,LOF,0.014060641054062455,0.34988966977158265,0.6360496891743549
25850,LOF,0.03071871471699983,0.4471092388278267,0.5221720464551735
25851,LOF,0.02448065614753605,0.40627059478948613,0.5692487490629778
25852,LOF,0.15889531435050236,0.3393278703356141,0.5017768153138835
25853,Neutral,0.40600952848361005,0.3309908206047227,0.26299965091166727
25854,LOF,0.030415349717512752,0.4582371546304612,0.511347495652026
25855,LOF,0.052724983309632704,0.30599639868700024,0.641278618003367
25856,LOF,0.2857267329461697,0.3061952705470114,0.40807799650681886
25857,LOF,0.04641059595007291,0.33546637934267803,0.6181230247072491
25858,LOF,0.024055597895707635,0.460684068259117,0.5152603338451753
25859,LOF,0.013419081997512827,0.46561143835612706,0.5209694796463602
25860,Neutral,0.3981863739213416,0.30731097800865886,0.29450264806999943
25861,GOF,0.37597092765271634,0.45441943785474004,0.1696096344925438
25862,GOF,0.0751444483278866,0.49299336809519856,0.4318621835769149
25863,GOF,0.08122231258949623,0.5379098589553614,0.3808678284551425
25864,GOF,0.2091862380740573,0.5063033825478348,0.2845103793781078
25865,GOF,0.09569974365045458,0.5887552779303966,0.31554497841914886
25866,GOF,0.0804087558792961,0.57249336661989,0.34709787750081383
25867,GOF,0.10170905115836283,0.6317428373863117,0.2665481114553254
25868,LOF,0.2572524509991422,0.3692882353353499,0.373459313665508
25869,Neutral,0.7758602147047953,0.12107075058120423,0.1030690347140005
25870,LOF,0.2887124072421123,0.026020756472081585,0.6852668362858061
25871,LOF,0.15799321775019287,0.3921367046993068,0.4498700775505004
25872,LOF,0.08989153060233092,0.3244297831104253,0.5856786862872437
25873,LOF,0.178723463248801,0.3373906490940492,0.4838858876571499
25874,LOF,0.028426167664442913,0.03427062501730699,0.93730320731825
25875,LOF,0.04538622648325581,0.1960318851515693,0.7585818883651748
25876,LOF,0.02726616094676938,0.05799062820761275,0.9147432108456179
25877,LOF,0.40226445643139713,0.14908358563033514,0.44865195793826773
25878,LOF,0.16156311587051,0.27490575956963637,0.5635311245598535
25879,LOF,0.06718739287806931,0.30499924005428597,0.6278133670676447
25880,LOF,0.023388713032189146,0.024334040252653157,0.9522772467151577
25881,LOF,0.40209121402346826,0.13303515085673268,0.46487363511979896
25882,LOF,0.08486383225159401,0.02089762313743683,0.8942385446109691
25883,LOF,0.10337670534698319,0.025638743481563447,0.8709845511714533
25884,LOF,0.061384328803078064,0.04829497758812973,0.8903206936087922
25885,LOF,0.07789825604474085,0.024701719621766448,0.8974000243334928
25886,LOF,0.24887667336696165,0.06486898714896121,0.6862543394840772
25887,LOF,0.35422635247792916,0.10346063076534097,0.5423130167567299
25888,LOF,0.1346306678191049,0.049615037964611364,0.8157542942162838
25889,LOF,0.06326786331470405,0.04486305781671706,0.8918690788685789
25890,LOF,0.06540652754375252,0.10309663216636691,0.8314968402898806
25891,LOF,0.06617237428402015,0.0591616952717625,0.8746659304442173
25892,LOF,0.10146286451596148,0.04942549637887117,0.8491116391051673
25893,LOF,0.30510920087878535,0.04136981572107052,0.6535209834001441
25894,LOF,0.15681813127024966,0.018969092072042663,0.8242127766577078
25895,LOF,0.2241139921580191,0.016942606781071755,0.7589434010609091
25896,LOF,0.043283781135348365,0.026706360073809818,0.9300098587908417
25897,LOF,0.20645436457704883,0.04255483352125658,0.7509908019016946
25898,Neutral,0.7355683863928911,0.027322191024087006,0.23710942258302192
25899,LOF,0.19316734417701537,0.16390323174367716,0.6429294240793074
25900,Neutral,0.8534340342721951,0.02606078896809442,0.12050517675971052
25901,LOF,0.05338920398893399,0.03296476767877968,0.9136460283322864
25902,LOF,0.1770219096218609,0.027780713562981337,0.7951973768151577
25903,Neutral,0.5638887879597688,0.08789033089670496,0.34822088114352623
25904,LOF,0.3435222974354684,0.08574027980614761,0.570737422758384
25905,LOF,0.035893934409922536,0.3471598637291444,0.6169462018609331
25906,LOF,0.02717277509895197,0.07147464317144286,0.9013525817296052
25907,LOF,0.0138972386409336,0.3077524998164824,0.678350261542584
25908,LOF,0.0186128932594945,0.1811224517796179,0.8002646549608876
25909,LOF,0.02045906605956215,0.17634876431911936,0.8031921696213185
25910,LOF,0.0348185314377068,0.33711811907679534,0.6280633494854978
25911,LOF,0.07845896557739512,0.023273433720313073,0.898267600702292
25912,LOF,0.03719662386434871,0.0727646379008332,0.8900387382348182
25913,LOF,0.23342084339529084,0.016966655831220874,0.7496125007734883
25914,LOF,0.02241444469980087,0.24417540559818085,0.7334101497020182
25915,GOF,0.39691074141808763,0.42358626620127676,0.17950299238063566
25916,GOF,0.02686532452879895,0.6435185431879675,0.3296161322832335
25917,LOF,0.029417525282882686,0.10954935253146492,0.8610331221856524
25918,LOF,0.025764983033328734,0.13326406549504158,0.8409709514716297
25919,LOF,0.02486812834531312,0.11726726140150896,0.857864610253178
25920,GOF,0.16922047234760243,0.5339570968584458,0.29682243079395165
25921,LOF,0.033589074223450165,0.030694268105474803,0.935716657671075
25922,LOF,0.04760460430515638,0.017380299526355336,0.9350150961684883
25923,LOF,0.3738843459595783,0.03383601203225164,0.5922796420081701
25924,LOF,0.045112790998820235,0.018093550628028685,0.936793658373151
25925,LOF,0.07908843252081649,0.030823515179016145,0.8900880523001674
25926,LOF,0.0526402632562876,0.02554242968020793,0.9218173070635045
25927,LOF,0.07619251185816013,0.1299201030830673,0.7938873850587725
25928,LOF,0.026631799120370787,0.01784658440029386,0.9555216164793353
25929,LOF,0.4736993373607132,0.03114302516411582,0.495157637475171
25930,LOF,0.09643373492584122,0.017915314779051474,0.8856509502951073
25931,LOF,0.03532576193094551,0.013638676962953534,0.9510355611061009
25932,LOF,0.03860573716010483,0.014184944561037131,0.947209318278858
25933,LOF,0.04724895481426932,0.0113479008860959,0.9414031442996347
25934,LOF,0.03367952787129718,0.017969890354834133,0.9483505817738687
25935,LOF,0.08435329183964603,0.026268745843516423,0.8893779623168376
25936,LOF,0.04912773245811615,0.013097746565072456,0.9377745209768114
25937,LOF,0.03934056872026559,0.025508989711593464,0.9351504415681409
25938,LOF,0.08136112838049477,0.05138420320224732,0.867254668417258
25939,LOF,0.040108983704719554,0.01606362365550788,0.9438273926397726
25940,GOF,0.021430411013962418,0.5508017225718491,0.4277678664141886
25941,LOF,0.22585725737393625,0.016730104849369567,0.7574126377766941
25942,LOF,0.02317844970022387,0.008767397382711681,0.9680541529170645
25943,LOF,0.428644406123205,0.020388704172442096,0.5509668897043529
25944,Neutral,0.5228048914670511,0.009483984491093589,0.4677111240418553
25945,LOF,0.10127170605906599,0.03639724518454842,0.8623310487563856
25946,LOF,0.0345489226114705,0.25722369613390095,0.7082273812546286
25947,LOF,0.11057665287347758,0.22979312505507304,0.6596302220714494
25948,LOF,0.43601095761080005,0.008224288418489097,0.5557647539707109
25949,LOF,0.13651921404209463,0.01677841340837097,0.8467023725495343
25950,GOF,0.13437593981216264,0.6295022195167445,0.23612184067109285
25951,LOF,0.16834292470704065,0.3491894086243734,0.4824676666685861
25952,GOF,0.02311097978821485,0.7146424849212145,0.2622465352905706
25953,LOF,0.131538764273079,0.40563346750558044,0.4628277682213407
25954,GOF,0.25615924151134034,0.5866611552136672,0.15717960327499247
25955,LOF,0.042322391849811666,0.25914976375767546,0.6985278443925129
25956,LOF,0.19870507555966765,0.06293517949605522,0.7383597449442771
25957,LOF,0.04683316255741674,0.02738399180147858,0.9257828456411047
25958,LOF,0.0817594804165074,0.02650473158970973,0.891735787993783
25959,LOF,0.15594652143771764,0.30423792299428465,0.5398155555679977
25960,LOF,0.03203264140107082,0.06665100219979223,0.901316356399137
25961,LOF,0.08503245856188296,0.046154367015583904,0.8688131744225331
25962,LOF,0.07281228063238936,0.02957256483879744,0.8976151545288132
25963,LOF,0.07418406628852942,0.10977444244371667,0.8160414912677539
25964,LOF,0.02670132447260017,0.2962834910629472,0.6770151844644525
25965,LOF,0.47742927466423896,0.04503908766164289,0.4775316376741181
25966,LOF,0.24420346543238322,0.37328293120395,0.3825136033636668
25967,LOF,0.013370774273682412,0.1807186374504115,0.8059105882759061
25968,LOF,0.04908576128064837,0.4567781103143839,0.49413612840496773
25969,LOF,0.014007544050235323,0.09537973177433952,0.8906127241754251
25970,LOF,0.04745672967196016,0.03282595456213363,0.9197173157659062
25971,LOF,0.08051059242317954,0.0241753656089395,0.895314041967881
25972,LOF,0.0697202816201066,0.028744148465880994,0.9015355699140125
25973,LOF,0.09159936792383629,0.019664662849720363,0.8887359692264433
25974,LOF,0.311506766739201,0.04303384972714597,0.6454593835336531
25975,LOF,0.044506337009457754,0.04858810881470684,0.9069055541758355
25976,LOF,0.03937046634075745,0.05254010035478988,0.9080894333044527
25977,LOF,0.0779333693717884,0.19448698383760168,0.7275796467906099
25978,LOF,0.19878559053665185,0.10123113790614782,0.6999832715572004
25979,LOF,0.17611661834684683,0.1091730815816729,0.7147103000714803
25980,LOF,0.19680500760189854,0.17562358123457816,0.6275714111635232
25981,LOF,0.19680500760189854,0.17562358123457816,0.6275714111635232
25982,LOF,0.391181275975793,0.09007783973337524,0.5187408842908318
25983,LOF,0.3735682357929208,0.1062952885089919,0.5201364756980873
25984,LOF,0.028620807914141906,0.17529845394927984,0.7960807381365783
25985,LOF,0.020104473704828957,0.36356375928720275,0.6163317670079683
25986,LOF,0.028024370669100285,0.383472722685326,0.5885029066455737
25987,LOF,0.09311576784486204,0.09788663192469133,0.8089976002304466
25988,LOF,0.05183699523774414,0.1967922680491018,0.7513707367131541
25989,LOF,0.019557605387055605,0.1983827704347993,0.782059624178145
25990,LOF,0.027119817650956918,0.16279303190824257,0.8100871504408005
25991,LOF,0.13957546693181352,0.26051601245543016,0.5999085206127565
25992,LOF,0.324438676466558,0.23501447521098537,0.44054684832245666
25993,LOF,0.026506592381304893,0.08132507983992082,0.8921683277787742
25994,LOF,0.015520799495289424,0.10418558994259465,0.880293610562116
25995,LOF,0.023447955649678713,0.10565824102306204,0.8708938033272593
25996,LOF,0.11242494762687412,0.37205279173646894,0.515522260636657
25997,LOF,0.054148340654758986,0.43268754054882963,0.5131641187964114
25998,LOF,0.44322933238035306,0.013721653514601046,0.5430490141050459
25999,LOF,0.11409927761660879,0.353719119202304,0.5321816031810872
26000,LOF,0.06442280026629908,0.03589273216115581,0.8996844675725452
26001,LOF,0.1364765469932289,0.0690709865237867,0.7944524664829844
26002,LOF,0.07461326705785044,0.08156898101107149,0.8438177519310781
26003,GOF,0.010207365799845214,0.6860882862425408,0.3037043479576141
26004,GOF,0.028402148185670325,0.742161943685709,0.2294359081286207
26005,GOF,0.012216121730682709,0.5060617173062217,0.4817221609630955
26006,Neutral,0.5131096476616936,0.28901909365282963,0.19787125868547673
26007,GOF,0.022380439666212903,0.6517503967642503,0.3258691635695367
26008,GOF,0.015646820766284816,0.6419652343066727,0.3423879449270424
26009,GOF,0.029378987902976984,0.6738030308248693,0.2968179812721538
26010,GOF,0.011769347446917421,0.8022000065770766,0.18603064597600596
26011,GOF,0.007702320960544442,0.5466592545445661,0.4456384244948895
26012,GOF,0.01740122123532274,0.5466731987243237,0.4359255800403537
26013,GOF,0.01122833518314344,0.6480351082079329,0.34073655660892377
26014,LOF,0.037893494381563676,0.13646067288913816,0.8256458327292981
26015,LOF,0.23965449039411504,0.007298457291317796,0.7530470523145671
26016,LOF,0.33137606172892053,0.028590842935196106,0.6400330953358834
26017,LOF,0.283636822655826,0.047564918306244694,0.6687982590379293
26018,LOF,0.09144409331775627,0.022169463656620626,0.8863864430256232
26019,LOF,0.09289295143698527,0.013823084492223515,0.8932839640707911
26020,LOF,0.10544237238162603,0.05287120912291911,0.8416864184954549
26021,LOF,0.09948935626612337,0.06838058777870465,0.832130055955172
26022,LOF,0.02091383948364735,0.03336722750522879,0.9457189330111239
26023,LOF,0.19296180591311102,0.01595259990145766,0.7910855941854313
26024,LOF,0.041763602530674744,0.07578638891735517,0.8824500085519702
26025,LOF,0.3025788764807371,0.06242310783688055,0.6349980156823823
26026,Neutral,0.49363055123248106,0.013108342467493673,0.49326110630002534
26027,LOF,0.09338502264709525,0.012465417200898336,0.8941495601520065
26028,LOF,0.2810948462254328,0.0541072468481666,0.6647979069264006
26029,LOF,0.10131076482511052,0.21238322275846905,0.6863060124164204
26030,LOF,0.03523462497832413,0.046770964568342795,0.9179944104533332
26031,LOF,0.02306441275258956,0.1894903834858659,0.7874452037615446
26032,LOF,0.11426007624919228,0.05323371327201292,0.8325062104787948
26033,LOF,0.27187571261425186,0.07730945853319736,0.6508148288525507
26034,LOF,0.046569862795125636,0.14352299922081782,0.8099071379840566
26035,LOF,0.037637065793924555,0.17515514743262167,0.7872077867734537
26036,LOF,0.05080819231104568,0.1522554007671891,0.7969364069217654
26037,LOF,0.02775592571036349,0.131806199180426,0.8404378751092105
26038,LOF,0.11105052073344254,0.05037122196252508,0.8385782573040323
26039,LOF,0.059890242421205,0.15708706159124272,0.7830226959875524
26040,Neutral,0.46766782430892734,0.11844919694260732,0.41388297874846536
26041,LOF,0.02835633153610493,0.13730805053336295,0.8343356179305322
26042,LOF,0.029282743045907167,0.119633766099698,0.8510834908543948
26043,LOF,0.10732692468445534,0.0653761782479007,0.8272968970676439
26044,LOF,0.030824518598471514,0.058032046779046956,0.9111434346224815
26045,LOF,0.0733939666143447,0.1449495357628426,0.7816564976228126
26046,LOF,0.11901680445115863,0.07358680319900811,0.8073963923498332
26047,LOF,0.12881048823023095,0.0715246486467185,0.7996648631230505
26048,LOF,0.07703802399254311,0.05390834875271506,0.8690536272547419
26049,Neutral,0.9236421991060089,0.01225631629359484,0.06410148460039637
26050,Neutral,0.8970141002164052,0.01409513625840513,0.0888907635251896
26051,GOF,0.03302492885261917,0.6424756240475175,0.32449944709986334
26052,GOF,0.021431113181466788,0.5613585314713325,0.41721035534720075
26053,LOF,0.05432816659204709,0.3630778031643241,0.5825940302436289
26054,LOF,0.058766350198543156,0.07132478995829933,0.8699088598431576
26055,LOF,0.053929548939823276,0.0539179234780049,0.8921525275821718
26056,LOF,0.04402572915220234,0.060135199380273674,0.8958390714675241
26057,LOF,0.02968487471248568,0.0543009931877531,0.9160141320997611
26058,LOF,0.02968492834724128,0.046721539220216504,0.9235935324325422
26059,Neutral,0.4776676564415613,0.0720966225169436,0.4502357210414951
26060,LOF,0.029735751718041038,0.3634855620489157,0.6067786862330432
26061,LOF,0.024380577322349904,0.0718204932163973,0.9037989294612527
26062,LOF,0.01678566857559783,0.052283989815786726,0.9309303416086154
26063,LOF,0.026201023009074027,0.050730286715536185,0.9230686902753898
26064,LOF,0.028106999662146744,0.06681004977055907,0.905082950567294
26065,LOF,0.029369140140119637,0.0373551147866542,0.9332757450732262
26066,LOF,0.02337830223710664,0.057880780701160116,0.9187409170617333
26067,LOF,0.025696359549642788,0.041249115402967614,0.9330545250473896
26068,LOF,0.049675822371134826,0.09261446577979174,0.8577097118490734
26069,LOF,0.39684603675439556,0.06788655504297592,0.5352674082026285
26070,Neutral,0.6097881037215412,0.04002843937866487,0.35018345689979397
26071,LOF,0.025591760699399203,0.056680141502037554,0.9177280977985633
26072,LOF,0.02782821961671814,0.08745182762332938,0.8847199527599524
26073,LOF,0.02893560210483093,0.03459370827205164,0.9364706896231175
26074,Neutral,0.9647447705597827,0.014723222994692125,0.0205320064455252
26075,LOF,0.03502323892125021,0.059068000924878065,0.9059087601538717
26076,LOF,0.03897481602370221,0.034716825831602384,0.9263083581446955
26077,LOF,0.013484248946110836,0.08620253344572158,0.9003132176081676
26078,LOF,0.0180863599309337,0.06364670956624324,0.9182669305028232
26079,LOF,0.05487080952464684,0.06168881215368258,0.8834403783216705
26080,LOF,0.05487080952464684,0.06168881215368258,0.8834403783216705
26081,LOF,0.03435084581250447,0.033499094379073724,0.9321500598084217
26082,LOF,0.026862140510457887,0.05339716392718871,0.9197406955623533
26083,LOF,0.07397540654074153,0.05086207419811478,0.8751625192611437
26084,LOF,0.02451267259037624,0.05717336888790187,0.9183139585217218
26085,LOF,0.02451267259037624,0.05717336888790187,0.9183139585217218
26086,LOF,0.02582932926870522,0.06427405025709496,0.9098966204741997
26087,LOF,0.027079578021667397,0.04975021439991627,0.9231702075784164
26088,LOF,0.029902900979268093,0.1339797685578943,0.8361173304628376
26089,LOF,0.04762458778879048,0.05618691963205293,0.8961884925791566
26090,LOF,0.04324182572397073,0.0481725518466684,0.9085856224293608
26091,LOF,0.04223088504907018,0.023258374314697083,0.9345107406362329
26092,LOF,0.029248618742370263,0.04267500729851839,0.9280763739591115
26093,LOF,0.04166616613600159,0.0245640736547779,0.9337697602092204
26094,LOF,0.04739347955545606,0.02064882686838622,0.9319576935761577
26095,LOF,0.05765969147721608,0.06198497983174092,0.8803553286910429
26096,LOF,0.026920326695549026,0.03971212972658706,0.9333675435778639
26097,LOF,0.011604926095697842,0.15322325816229318,0.8351718157420089
26098,LOF,0.05215506406193024,0.04145189277300619,0.9063930431650635
26099,LOF,0.026503633870046443,0.08581827339789388,0.8876780927320597
26100,LOF,0.026503633870046443,0.08581827339789388,0.8876780927320597
26101,LOF,0.050956412561452065,0.06555648545724509,0.8834871019813029
26102,LOF,0.02727005665838647,0.0584895490713899,0.9142403942702237
26103,Neutral,0.7984523869583618,0.07970591153256038,0.12184170150907776
26104,LOF,0.041678000258257804,0.10754679927580117,0.8507752004659409
26105,LOF,0.2910216179129616,0.0811563577321297,0.6278220243549087
26106,LOF,0.2006954900867508,0.042230000917900384,0.7570745089953488
26107,LOF,0.27933171380676397,0.06744659642408256,0.6532216897691535
26108,LOF,0.1893774133753325,0.055863359269753526,0.754759227354914
26109,LOF,0.05305717807818462,0.10091894728972488,0.8460238746320904
26110,LOF,0.25337769223824774,0.05492033198513131,0.691701975776621
26111,LOF,0.3848834739025691,0.08827177280419148,0.5268447532932394
26112,LOF,0.03910690243195816,0.04406488166564269,0.9168282159023992
26113,LOF,0.050387004059487484,0.11366203619060808,0.8359509597499044
26114,LOF,0.033758725261689534,0.02682035269980307,0.9394209220385074
26115,LOF,0.19849584602653922,0.055834397165765604,0.7456697568076952
26116,LOF,0.10299544432643291,0.058892422382374944,0.8381121332911922
26117,LOF,0.3073539483536421,0.18033783907798392,0.5123082125683739
26118,LOF,0.0459097749333284,0.04147829079890551,0.9126119342677662
26119,LOF,0.033755250860424184,0.13360820739265847,0.8326365417469173
26120,LOF,0.03677898655959713,0.07235118960544358,0.8908698238349593
26121,LOF,0.07662725668803377,0.11460530685084752,0.8087674364611187
26122,LOF,0.08845401185758844,0.12474074228157872,0.7868052458608329
