feature0,prediction,LoGoFunc_Neutral,LoGoFunc_GOF,LoGoFunc_LOF
25546,Neutral,0.6150943022270647,0.0587375919068262,0.32616810586610906
25547,Neutral,0.5032255474564917,0.09155227911941163,0.40522217342409655
25548,Neutral,0.4908979241067173,0.08306432512998002,0.4260377507633027
25549,LOF,0.43686859940031453,0.0855253709203117,0.4776060296793739
25550,LOF,0.38500252815509883,0.09098261279547255,0.5240148590494286
25551,LOF,0.32708538593111386,0.10474214385288981,0.5681724702159963
25552,LOF,0.29628136387506937,0.11325265231594196,0.5904659838089886
25553,Neutral,0.798214124992905,0.04910862286128729,0.15267725214580766
25554,LOF,0.3369904184758443,0.10046096483990034,0.5625486166842554
25555,LOF,0.2917660602146243,0.09510293254309819,0.6131310072422774
25556,Neutral,0.47732672047969193,0.08776486435803676,0.43490841516227124
25557,LOF,0.27821376977583107,0.09992467331470539,0.6218615569094634
25558,LOF,0.33861337160397187,0.09495126060789197,0.5664353677881362
25559,LOF,0.24337488551450842,0.08869187539313426,0.6679332390923574
25560,LOF,0.10068402092549228,0.1710124978313299,0.7283034812431778
25561,LOF,0.12304838029139499,0.21691130161408517,0.6600403180945198
25562,LOF,0.040562426913869645,0.11813225341992951,0.8413053196662009
25563,LOF,0.013929597457851096,0.17975940339076607,0.8063109991513827
25564,LOF,0.10388327996603948,0.12596821388801244,0.7701485061459481
25565,LOF,0.16945445763832528,0.14310637646614413,0.6874391658955306
25566,GOF,0.05856324439733448,0.6377681582648674,0.3036685973377981
25567,LOF,0.0346206122863454,0.15831017306010914,0.8070692146535454
25568,LOF,0.05440176352278425,0.0951881558380226,0.8504100806391932
25569,LOF,0.059611760351172785,0.08537636022742805,0.8550118794213991
25570,LOF,0.028554124697173233,0.11772432216717527,0.8537215531356515
25571,LOF,0.025564717028935532,0.12161399624692716,0.8528212867241374
25572,LOF,0.06326732355625822,0.1619817602324814,0.7747509162112605
25573,LOF,0.06874388302208857,0.108969194088497,0.8222869228894144
25574,LOF,0.059526057482537455,0.2389060383438952,0.7015679041735673
25575,LOF,0.025051540873807808,0.1263340467434294,0.8486144123827628
25576,LOF,0.028572296867656572,0.18523017758967553,0.7861975255426679
25577,LOF,0.03309695210208884,0.1476897029297193,0.8192133449681919
25578,LOF,0.2771878587634371,0.1036524612863644,0.6191596799501985
25579,LOF,0.17585575141933632,0.10078718263176184,0.7233570659489019
25580,LOF,0.021867759041468253,0.08462548995393464,0.8935067510045972
25581,LOF,0.04745337037057455,0.09126668046787123,0.8612799491615543
25582,LOF,0.04709167146949071,0.08933082038867285,0.8635775081418365
25583,LOF,0.02644847235226493,0.09927061013879562,0.8742809175089394
25584,Neutral,0.7129077204608932,0.126015804828505,0.1610764747106018
25585,LOF,0.020205324555301444,0.18475684179257268,0.7950378336521259
25586,LOF,0.01803637069441074,0.08963805536821128,0.8923255739373781
25587,LOF,0.017672540050191782,0.08184170279204701,0.9004857571577612
25588,LOF,0.022237679472879055,0.07682057591563397,0.900941744611487
25589,Neutral,0.5283992014117198,0.23379746579493466,0.23780333279334556
25590,LOF,0.04612309766031858,0.1280663649652832,0.8258105373743981
25591,LOF,0.07639086889935827,0.07818225218130986,0.8454268789193319
25592,LOF,0.056083713040500145,0.14875685115476708,0.7951594358047328
25593,LOF,0.10563943776920433,0.31066712010247827,0.5836934421283174
25594,LOF,0.05768409210269916,0.07041692422026173,0.871898983677039
25595,LOF,0.05735792101882545,0.04254790024587005,0.9000941787353044
25596,LOF,0.11594516472013328,0.0257824492226491,0.8582723860572177
25597,LOF,0.08658115200627062,0.028344140225747126,0.8850747077679822
25598,LOF,0.053726386408484886,0.046142067844920066,0.9001315457465952
25599,LOF,0.021980560386806305,0.3531455813005137,0.6248738583126799
25600,LOF,0.15763922630521007,0.39591200905244905,0.446448764642341
25601,LOF,0.03812481217448235,0.3212783823790169,0.6405968054465007
25602,LOF,0.027171081796053202,0.07642767800817155,0.8964012401957753
25603,LOF,0.03721416228101433,0.06674521910706453,0.8960406186119212
25604,LOF,0.04071870979549708,0.09801141746808248,0.8612698727364205
25605,LOF,0.02810588118990838,0.18740914319666835,0.7844849756134233
25606,Neutral,0.42299972512603307,0.16179348373411104,0.4152067911398559
25607,LOF,0.026166130759375333,0.23374492352962764,0.740088945710997
25608,LOF,0.034390782000327774,0.12808971079387774,0.8375195072057945
25609,GOF,0.1468203793855846,0.43939899090906104,0.4137806297053543
25610,LOF,0.014893336785519722,0.06406180541844615,0.9210448577960341
25611,LOF,0.013368461085284564,0.06783422948596843,0.9187973094287469
25612,LOF,0.045019867345860505,0.07212370413949173,0.8828564285146479
25613,LOF,0.041880045093346155,0.07344555911799241,0.8846743957886614
25614,LOF,0.023424120318151876,0.05787773791806466,0.9186981417637834
25615,LOF,0.037721557696900186,0.07889890983692714,0.8833795324661726
25616,LOF,0.05125791968167458,0.07065327545711872,0.8780888048612067
25617,LOF,0.04267708053024059,0.07539209736008093,0.8819308221096785
25618,LOF,0.04891892069638873,0.09806602699628747,0.8530150523073239
25619,LOF,0.012536898794397119,0.07647069025375836,0.9109924109518446
25620,LOF,0.05163681827182309,0.07961390813735192,0.8687492735908251
25621,LOF,0.05618464444717151,0.07328971370543332,0.8705256418473951
25622,LOF,0.05897956757601751,0.08086613371317908,0.8601542987108033
25623,LOF,0.05869948413842316,0.05045226645457284,0.890848249407004
25624,LOF,0.019605467329298208,0.06652055842052502,0.9138739742501768
25625,LOF,0.06021250315284183,0.07203762357614892,0.8677498732710092
25626,LOF,0.04590018141509868,0.06629236497112927,0.8878074536137721
25627,Neutral,0.8927037410081549,0.02461550469546794,0.08268075429637725
25628,LOF,0.15509002063383162,0.07060524758233565,0.7743047317838327
25629,LOF,0.06882870967040573,0.06446427190592027,0.866707018423674
25630,LOF,0.26331989917435195,0.08716778288956928,0.6495123179360788
25631,Neutral,0.5344520245176096,0.07100727679864036,0.39454069868375014
25632,LOF,0.0301085286579066,0.07558428639127199,0.8943071849508214
25633,LOF,0.2092555549246851,0.04735851891119271,0.7433859261641222
25634,LOF,0.04246755453876871,0.08667639805412615,0.8708560474071052
25635,LOF,0.037514793747018785,0.03964555743212399,0.9228396488208573
25636,GOF,0.03494026142768057,0.5577515155644798,0.40730822300783975
25637,GOF,0.06298798012360625,0.5830662802314458,0.3539457396449479
25638,LOF,0.029686083919799783,0.46513126457974646,0.5051826515004537
25639,LOF,0.03222076052567896,0.4813330445459041,0.4864461949284171
25640,Neutral,0.8628197833495246,0.07946263256588858,0.057717584084586826
25641,LOF,0.08356922232908032,0.42886563165323527,0.48756514601768436
25642,LOF,0.06251306755843235,0.16610090773638117,0.7713860247051865
25643,LOF,0.24036356469738898,0.12129640271651562,0.6383400325860954
25644,GOF,0.00987808278452588,0.5901009149692025,0.4000210022462717
25645,GOF,0.011112848364960487,0.5674958120299379,0.4213913396051016
25646,LOF,0.028666057778918674,0.40352711576196953,0.5678068264591118
25647,LOF,0.011227194000381231,0.33014090088213,0.6586319051174888
25648,LOF,0.013104627612032873,0.4099362002836837,0.5769591721042834
25649,LOF,0.008040100168563295,0.31760774518079216,0.6743521546506445
25650,GOF,0.021016393210346207,0.565665096727763,0.41331851006189085
25651,LOF,0.00894589846841457,0.4164568111040676,0.574597290427518
25652,LOF,0.012981466139273073,0.41042933726270653,0.5765891965980204
25653,GOF,0.040719814083626286,0.5790938382853451,0.3801863476310287
25654,LOF,0.009885856317276153,0.3134529807675557,0.6766611629151682
25655,GOF,0.13254340504639245,0.6046431153410361,0.2628134796125715
25656,LOF,0.3155828843991322,0.13407448868362065,0.5503426269172472
25657,LOF,0.057272721039601675,0.10845578229503425,0.8342714966653642
25658,LOF,0.3254597953260622,0.17235183519707198,0.502188369476866
25659,Neutral,0.4336033575594414,0.16113815643273632,0.4052584860078222
25660,LOF,0.02327139643253489,0.1134221803004721,0.863306423266993
25661,LOF,0.08865956438285652,0.0679907846235803,0.8433496509935632
25662,LOF,0.0336833547829915,0.03662221676295773,0.9296944284540508
25663,LOF,0.03932429914469591,0.03948022189956479,0.9211954789557394
25664,LOF,0.12821180099088766,0.07514429758295035,0.796643901426162
25665,LOF,0.057643600618283816,0.03251070250382995,0.9098456968778863
25666,LOF,0.096854796457291,0.07779353907011756,0.8253516644725915
25667,LOF,0.0756236738168346,0.04335673292148205,0.8810195932616834
25668,LOF,0.03660496855992413,0.05457418854461466,0.9088208428954612
25669,LOF,0.030546756760614132,0.05214432411334307,0.9173089191260427
25670,LOF,0.13355474034903914,0.052386673439880606,0.8140585862110803
25671,LOF,0.10202819812551789,0.04030682670174121,0.8576649751727409
25672,LOF,0.050531220991029024,0.04948963667543231,0.8999791423335387
25673,LOF,0.09242121756852532,0.051091754762631746,0.8564870276688429
25674,LOF,0.07653808491064643,0.06467545856832228,0.8587864565210314
25675,LOF,0.10877653468187379,0.08348857393571203,0.8077348913824143
25676,LOF,0.018234443611267324,0.057703111350103094,0.9240624450386296
25677,LOF,0.021946298039188353,0.07273680230358158,0.9053168996572301
25678,LOF,0.1912978479072068,0.08902678482207642,0.7196753672707168
25679,LOF,0.11704514631574825,0.09261010950793676,0.7903447441763151
25680,LOF,0.030733624034854565,0.1203552102774024,0.8489111656877429
25681,LOF,0.047036349038040506,0.12008788659328147,0.8328757643686779
25682,LOF,0.12421263502870714,0.08170579611855724,0.7940815688527357
25683,LOF,0.11470008012461219,0.10242879939304561,0.7828711204823422
25684,LOF,0.03660933863481795,0.0674035510714142,0.8959871102937679
25685,LOF,0.12397655526754943,0.06563471980013823,0.8103887249323124
25686,LOF,0.07373319543187269,0.1034094446413801,0.8228573599267472
25687,LOF,0.13293132161982185,0.10608620084682066,0.7609824775333575
25688,LOF,0.3988714298414291,0.04636054734367487,0.554768022814896
25689,LOF,0.27521931913649605,0.05512829540080089,0.669652385462703
25690,LOF,0.33317910005883383,0.03497648374893083,0.6318444161922354
25691,Neutral,0.7035346306969702,0.03354470552284154,0.2629206637801882
25692,LOF,0.3406100068528968,0.0136957934418788,0.6456941997052245
25693,LOF,0.04081232962010821,0.4234168115119034,0.5357708588679884
25694,LOF,0.11665176729838567,0.01735752623467375,0.8659907064669407
25695,LOF,0.1119473950503465,0.009759596929052818,0.8782930080206006
25696,LOF,0.1327658408792362,0.01113267801889806,0.8561014811018658
25697,LOF,0.06744515587968408,0.12789512127995636,0.8046597228403596
25698,LOF,0.2981871084791357,0.23295922516818673,0.46885366635267745
25699,LOF,0.4488012850250453,0.04288121366089223,0.5083175013140625
25700,LOF,0.08759773176953342,0.013074153282451085,0.8993281149480155
25701,LOF,0.1890576325780722,0.05324000658762659,0.7577023608343012
25702,GOF,0.16172992908313585,0.6381666176130386,0.20010345330382553
25703,LOF,0.015210643588487267,0.1521838661543855,0.8326054902571272
25704,LOF,0.03597032553257101,0.16258920912758154,0.8014404653398475
25705,LOF,0.03478737838087848,0.0947123404944906,0.870500281124631
25706,LOF,0.13433365461416258,0.31554974227410537,0.5501166031117322
25707,LOF,0.09232016438821622,0.253263176369355,0.6544166592424288
25708,LOF,0.046170803692043405,0.2518309738330072,0.7019982224749494
25709,LOF,0.05917590293523741,0.030363118713824695,0.910460978350938
25710,LOF,0.013018551352987667,0.10546932105237422,0.8815121275946382
25711,LOF,0.018325095540201786,0.06868694217216299,0.9129879622876352
25712,LOF,0.015260593948697379,0.15562734308220827,0.8291120629690943
25713,LOF,0.01713594706404461,0.06817924670537483,0.9146848062305806
25714,LOF,0.06581632972155595,0.05279534695490095,0.881388323323543
25715,LOF,0.011580020937796707,0.09399522562559053,0.8944247534366129
25716,LOF,0.01239314919880373,0.07747025259446222,0.9101365982067341
25717,LOF,0.016811894295135004,0.0724027633053499,0.9107853423995153
25718,LOF,0.010905517961232498,0.07331619902097374,0.9157782830177938
25719,LOF,0.01980162725081888,0.061006970507271045,0.91919140224191
25720,LOF,0.023773489819601482,0.04923127232468164,0.9269952378557168
25721,LOF,0.01299914636757425,0.0934675719107095,0.8935332817217163
25722,LOF,0.01344440373317092,0.07018614488251006,0.916369451384319
25723,LOF,0.02244598736192132,0.03571228202475828,0.9418417306133204
25724,LOF,0.030660525635268398,0.0616708375001167,0.9076686368646149
25725,LOF,0.011212610664482543,0.05539538319140904,0.9333920061441084
25726,LOF,0.015130101402900737,0.07894931563616547,0.9059205829609337
25727,LOF,0.012242474122432408,0.06016309283036993,0.9275944330471977
25728,LOF,0.0098104144685185,0.0685594479368046,0.9216301375946769
25729,LOF,0.009975138085869554,0.0697597927626808,0.9202650691514497
25730,LOF,0.013111178626665455,0.06953243578947342,0.9173563855838611
25731,LOF,0.02346403231346882,0.06592901540304025,0.910606952283491
25732,LOF,0.013390136491457505,0.04274839457689799,0.9438614689316446
25733,LOF,0.01679160498016333,0.039197082241013675,0.944011312778823
25734,LOF,0.013395955633022814,0.09303763489536394,0.8935664094716131
25735,LOF,0.011444711909084308,0.05102073804686605,0.9375345500440496
25736,LOF,0.012020034962118219,0.05847416942614309,0.9295057956117387
25737,LOF,0.011345265867990933,0.06845586745529743,0.9201988666767116
25738,LOF,0.011141700229787645,0.06632719232907001,0.9225311074411423
25739,LOF,0.018957960024446916,0.05533331954775802,0.925708720427795
25740,LOF,0.02590458345312662,0.07319741538592328,0.9008980011609502
25741,LOF,0.014409339708339507,0.07624402741040237,0.9093466328812582
25742,LOF,0.10799910713248524,0.054198200207467476,0.8378026926600474
25743,LOF,0.03720777501925959,0.04970101985118932,0.9130912051295511
25744,Neutral,0.6213276078809692,0.20483106974958962,0.1738413223694412
25745,LOF,0.058282140650676904,0.07663142798969719,0.8650864313596259
25746,LOF,0.04006957658851578,0.09970099596059696,0.8602294274508874
25747,LOF,0.02747377176455995,0.08602749985336425,0.8864987283820758
25748,LOF,0.13399236900724495,0.1320099925116246,0.7339976384811304
25749,LOF,0.027547164516564564,0.10138873756023947,0.871064097923196
25750,LOF,0.06803223732188025,0.10101886515151601,0.8309488975266038
25751,LOF,0.10329113474206242,0.1356823904669212,0.7610264747910164
25752,GOF,0.10621877974623449,0.6496383196317851,0.24414290062198032
25753,LOF,0.028702137207197276,0.3264765084015029,0.6448213543912998
25754,GOF,0.01544162497363132,0.8225086644239369,0.16204971060243176
25755,LOF,0.026561058553972495,0.3847166694530737,0.5887222719929539
25756,LOF,0.05091102116801137,0.39545871138862826,0.5536302674433604
25757,GOF,0.021170363507830775,0.8786786412065599,0.10015099528560925
25758,GOF,0.030080102709239515,0.8176507962937579,0.15226910099700258
25759,GOF,0.0122457577513361,0.6516735094400582,0.3360807328086057
25760,LOF,0.016705598088129426,0.3577508261002031,0.6255435758116675
25761,GOF,0.2811632149431313,0.6420271824401124,0.07680960261675641
25762,LOF,0.0474302605417809,0.3408819218464828,0.6116878176117362
25763,LOF,0.01565055043052918,0.22467776089112437,0.7596716886783463
25764,GOF,0.07208394110354191,0.6805590337904437,0.24735702510601437
25765,GOF,0.03942110223031416,0.7853181934064903,0.17526070436319552
25766,GOF,0.0655612955300931,0.8188647121237683,0.11557399234613862
25767,GOF,0.14792832244490894,0.5399012652960163,0.31217041225907477
25768,LOF,0.10610901731456743,0.06396200669464513,0.8299289759907875
25769,LOF,0.04423212419616833,0.06383316186536796,0.8919347139384637
25770,LOF,0.29499759765525846,0.10828345934496647,0.5967189429997751
25771,LOF,0.052021345317685534,0.06174799578096141,0.8862306589013531
25772,LOF,0.01735454565356989,0.05335101561126691,0.9292944387351633
25773,LOF,0.055025860884613136,0.07396612798951684,0.87100801112587
25774,LOF,0.02820187723051774,0.11363209126989163,0.8581660314995906
25775,LOF,0.05704807229836258,0.062039455282743974,0.8809124724188936
25776,LOF,0.059984040940648985,0.03687906464739419,0.9031368944119568
25777,LOF,0.33233689668728805,0.08570583260204519,0.5819572707106667
25778,LOF,0.059512949003138874,0.06019559864704564,0.8802914523498155
25779,GOF,0.37898636622131054,0.5722541023395527,0.048759531439136715
25780,GOF,0.335013127653686,0.5920313437049126,0.07295552864140135
25781,GOF,0.12127404239935743,0.7760077918194225,0.10271816578122014
25782,GOF,0.20552635524881388,0.7212134600722099,0.07326018467897621
25783,GOF,0.021266824633247864,0.6374045524451339,0.34132862292161825
25784,Neutral,0.5178534971663148,0.4434978447961538,0.03864865803753152
25785,GOF,0.4742243936100356,0.47771562849432014,0.048059977895644326
25786,GOF,0.031226450927398786,0.7535052244912899,0.2152683245813113
25787,Neutral,0.661888108888534,0.3107507096736275,0.027361181437838375
25788,LOF,0.057324856180070057,0.09560501213141676,0.8470701316885132
25789,GOF,0.20567401976821686,0.6542471895796701,0.14007879065211312
25790,GOF,0.2697478401991617,0.6486298166438843,0.081622343156954
25791,GOF,0.14511906771545602,0.7006580375360718,0.15422289474847217
25792,GOF,0.36344988871333944,0.5213042205057093,0.11524589078095115
25793,GOF,0.22207166048516436,0.5436872324266158,0.2342411070882199
25794,GOF,0.2872536919171857,0.5283110612862492,0.18443524679656512
25795,GOF,0.06682540370750538,0.6732607091181142,0.2599138871743805
25796,Neutral,0.5144660819905523,0.4152734454184976,0.07026047259095013
25797,GOF,0.07523617492177799,0.5933219526981959,0.3314418723800262
25798,GOF,0.00913832353158925,0.5306060857456647,0.46025559072274597
25799,LOF,0.006745116977849367,0.45145549681690894,0.5417993862052416
25800,GOF,0.033715115335004056,0.6171502477534114,0.3491346369115845
25801,GOF,0.23911615630150726,0.6601619966125475,0.10072184708594523
25802,GOF,0.06628268388975087,0.6961346190865297,0.2375826970237193
25803,GOF,0.03969099951358631,0.6084482819236152,0.3518607185627985
25804,GOF,0.03606049125570309,0.5324752482284745,0.4314642605158224
25805,GOF,0.1270568752966513,0.6056954634057012,0.2672476612976474
25806,GOF,0.13067650099804198,0.6131210164231131,0.256202482578845
25807,GOF,0.020218099306899575,0.6597337634433691,0.32004813724973136
25808,GOF,0.11573660863336865,0.6360139352874223,0.248249456079209
25809,GOF,0.020306876093204695,0.6546902525089711,0.3250028713978242
25810,GOF,0.018967490801686415,0.646779123360711,0.3342533858376025
25811,Neutral,0.49137758648524077,0.4432618869750886,0.06536052653967056
25812,GOF,0.03962286570606801,0.632457684528853,0.32791944976507903
25813,Neutral,0.5467272387089943,0.34805791912814155,0.10521484216286406
25814,GOF,0.13890264250206882,0.6594046492659812,0.20169270823195007
25815,GOF,0.2287222950907587,0.5913583514292847,0.17991935347995663
25816,GOF,0.020294092464968085,0.6656144187111559,0.3140914888238761
25817,GOF,0.23504244293865356,0.6432614201020161,0.12169613695933025
25818,GOF,0.04668442067045189,0.5869029763829513,0.3664126029465969
25819,GOF,0.37655948895806407,0.47145994886793374,0.15198056217400222
25820,GOF,0.22429526644433834,0.5884329671074563,0.18727176644820545
25821,GOF,0.06575835464674959,0.6825161870809169,0.2517254582723334
25822,GOF,0.2554986845289772,0.5299183715656104,0.21458294390541244
25823,GOF,0.03530167864062248,0.5204942215508553,0.44420409980852216
25824,GOF,0.08837105486688242,0.5419386364618487,0.369690308671269
25825,GOF,0.03407107716625279,0.5513889220020685,0.41454000083167875
25826,GOF,0.013012310984911915,0.5353857308215006,0.45160195819358745
25827,GOF,0.02217704932729326,0.5895796894476634,0.3882432612250435
25828,GOF,0.014743080122433428,0.5233295730603496,0.4619273468172171
25829,GOF,0.006903833809391918,0.5562470019297853,0.43684916426082293
25830,LOF,0.04820401947599281,0.24895014466247928,0.7028458358615278
25831,GOF,0.17994138500392284,0.6857832411782581,0.1342753738178192
25832,GOF,0.03167336646738974,0.689272276272893,0.2790543572597173
25833,GOF,0.11569809503363203,0.7014581302990491,0.1828437746673188
25834,GOF,0.03564870208877653,0.690934729050559,0.27341656886066457
25835,GOF,0.0823827049570669,0.7055269274374564,0.21209036760547678
25836,GOF,0.044816195341087654,0.665003836989674,0.2901799676692383
25837,GOF,0.0220559465502445,0.5328890392718022,0.4450550141779534
25838,GOF,0.07747802786970104,0.7323791365832547,0.19014283554704425
25839,GOF,0.31793609906304343,0.5389990149504355,0.14306488598652106
25840,GOF,0.2282722940164508,0.570342664619158,0.2013850413643913
25841,GOF,0.2268160407832133,0.5908201863411732,0.18236377287561356
25842,GOF,0.1824952130856083,0.6582045908580301,0.1593001960563616
25843,GOF,0.21345272911870536,0.6585768796304425,0.12797039125085205
25844,GOF,0.0525419738865074,0.6874763924655736,0.2599816336479191
25845,GOF,0.0124980537183025,0.5066263149340495,0.480875631347648
25846,GOF,0.10528170546918461,0.7324227535605058,0.16229554097030957
25847,GOF,0.12418982549917812,0.7413200990618768,0.13449007543894526
25848,GOF,0.033989431528745624,0.681904552652684,0.2841060158185703
25849,GOF,0.009527051824071334,0.5621772686701514,0.4282956795057771
25850,GOF,0.020470499461928984,0.6333479323953648,0.3461815681427063
25851,GOF,0.01603470874564062,0.5404329280551179,0.4435323631992415
25852,GOF,0.16744911187456699,0.5801544047429485,0.2523964833824846
25853,GOF,0.32966000338578144,0.5954809066055065,0.07485909000871212
25854,GOF,0.016212690445531724,0.6142839745285956,0.3695033350258726
25855,GOF,0.03347430500511636,0.6033862590611133,0.3631394359337703
25856,GOF,0.21095209104301854,0.5713546235497616,0.2176932854072199
25857,GOF,0.031201041588802134,0.5047720215288171,0.4640269368823809
25858,GOF,0.017164610340384814,0.5739452683756989,0.4088901212839163
25859,GOF,0.01021008929645402,0.558884466390738,0.4309054443128081
25860,GOF,0.35826783915943883,0.5511961453984563,0.09053601544210492
25861,GOF,0.3756503039783461,0.541245477792608,0.08310421822904589
25862,GOF,0.0729782066902451,0.7799928692562214,0.14702892405353343
25863,GOF,0.08524071484915399,0.7847736533816476,0.1299856317691983
25864,GOF,0.19889956465610628,0.7228371374269064,0.07826329791698744
25865,GOF,0.07362910304628853,0.798531670194999,0.1278392267587126
25866,GOF,0.05711116645383477,0.813571590647054,0.12931724289911128
25867,GOF,0.07736656309533373,0.8123690844327685,0.11026435247189773
25868,GOF,0.2507320312720883,0.6463638494576225,0.10290411927028909
25869,Neutral,0.6808136883875257,0.2774693774928406,0.04171693411963364
25870,LOF,0.36155715901753205,0.23158243391947686,0.4068604070629911
25871,GOF,0.23595209086586824,0.6148953896343136,0.14915251949981828
25872,GOF,0.08929214983105956,0.6279427998486825,0.28276505032025795
25873,GOF,0.16869598444932044,0.6179297057546917,0.21337430979598784
25874,LOF,0.023408322859174935,0.1187199296211766,0.8578717475196485
25875,LOF,0.08592622630616081,0.06411808563485745,0.8499556880589817
25876,LOF,0.030321503026671234,0.04830471390791798,0.9213737830654108
25877,Neutral,0.5171068347934168,0.07238413440524658,0.4105090308013366
25878,LOF,0.2294060357338535,0.12663417445125338,0.6439597898148931
25879,LOF,0.09604136174835566,0.12927516481153428,0.77468347344011
25880,LOF,0.024790336688305395,0.027377523397808197,0.9478321399138865
25881,LOF,0.17566583696975507,0.19873204320003424,0.6256021198302107
25882,LOF,0.08050066591352349,0.022574353344468664,0.8969249807420079
25883,LOF,0.08068503406242736,0.03168428575454811,0.8876306801830246
25884,LOF,0.042969492685750656,0.04623090403900609,0.9107996032752432
25885,LOF,0.06762270869077112,0.01741035091492154,0.9149669403943073
25886,LOF,0.3590436748301163,0.05636930074242028,0.5845870244274635
25887,LOF,0.15650383276558022,0.12233940019664917,0.7211567670377705
25888,LOF,0.06775438646906341,0.09965210211657823,0.8325935114143583
25889,LOF,0.05144427164461811,0.032920225253085536,0.9156355031022965
25890,LOF,0.045923049115681965,0.13778159440630958,0.8162953564780084
25891,LOF,0.04275679513973701,0.05498797333495667,0.9022552315253063
25892,LOF,0.10828864098438135,0.02496494841064243,0.8667464106049763
25893,LOF,0.258576485578227,0.019875857968646448,0.7215476564531266
25894,LOF,0.17978751703230073,0.010431093830660803,0.8097813891370383
25895,LOF,0.19507573046442386,0.02407132085098561,0.7808529486845905
25896,LOF,0.04867370950018468,0.02911688443439441,0.922209406065421
25897,LOF,0.2273730950189507,0.016817654815759846,0.7558092501652894
25898,Neutral,0.7277298767074997,0.01161876753289174,0.2606513557596085
25899,LOF,0.2532020144238923,0.03387916842882081,0.712918817147287
25900,LOF,0.44518428812185307,0.01797681013598887,0.5368389017421581
25901,LOF,0.057606019785580186,0.013412480042433464,0.9289815001719863
25902,LOF,0.16768297414590638,0.012291771476182854,0.8200252543779107
25903,Neutral,0.5139528447774777,0.0317127707954403,0.4543343844270819
25904,LOF,0.2841900318880675,0.05815275404641784,0.6576572140655146
25905,LOF,0.025973709387611146,0.2952234791613395,0.6788028114510495
25906,LOF,0.022664933760463857,0.06287348840830413,0.9144615778312319
25907,LOF,0.013186288398882726,0.31174173288145246,0.6750719787196648
25908,LOF,0.011210651659597868,0.20226909163620224,0.7865202567041999
25909,LOF,0.014285408147712711,0.13144185296701705,0.8542727388852702
25910,LOF,0.04278048198633732,0.11081362140746777,0.8464058966061948
25911,LOF,0.12870620952871833,0.03203314492713011,0.8392606455441515
25912,LOF,0.03872882901018903,0.04922233419207249,0.9120488367977385
25913,LOF,0.26804945708059574,0.024379189250614698,0.7075713536687894
25914,LOF,0.026009056987974427,0.10215384408837583,0.8718370989236498
25915,Neutral,0.4230834100758399,0.2453457418787855,0.3315708480453746
25916,LOF,0.06594138904592384,0.2890137905276177,0.6450448204264584
25917,LOF,0.06389904814702008,0.058920466674673815,0.877180485178306
25918,LOF,0.03620800389555275,0.06168644703814324,0.902105549066304
25919,LOF,0.02954537442852227,0.064655572440449,0.9057990531310286
25920,GOF,0.07789238250879736,0.5076823495410757,0.41442526795012696
25921,LOF,0.028838970967575355,0.017995003350732643,0.953166025681692
25922,LOF,0.04047817854472476,0.012084140696186046,0.9474376807590892
25923,LOF,0.3895388394569362,0.01482611857857311,0.5956350419644907
25924,LOF,0.03948900954113179,0.023296437096230426,0.9372145533626378
25925,LOF,0.06779847919054338,0.023639717099907476,0.9085618037095492
25926,LOF,0.048303452039705395,0.017392824552262886,0.9343037234080317
25927,LOF,0.07028795778043168,0.05006356702842123,0.8796484751911472
25928,LOF,0.023284722331624545,0.023963667581324306,0.9527516100870511
25929,Neutral,0.5174911433975208,0.01624642943972588,0.4662624271627533
25930,LOF,0.05902176035835296,0.0120796950645676,0.9288985445770794
25931,LOF,0.03118506845094566,0.015302481526074605,0.9535124500229798
25932,LOF,0.02838028596649894,0.012778162949041952,0.958841551084459
25933,LOF,0.03815872749165989,0.008710402612987831,0.9531308698953522
25934,LOF,0.024709553848480344,0.009449079640710697,0.965841366510809
25935,LOF,0.0653642890720845,0.027897019151567937,0.9067386917763475
25936,LOF,0.04927886057166365,0.011702446862726189,0.9390186925656102
25937,LOF,0.03008301480107532,0.018837241489324485,0.9510797437096002
25938,LOF,0.06269827919567264,0.030088732145345746,0.9072129886589817
25939,LOF,0.03968646977799897,0.008004350169260209,0.9523091800527408
25940,LOF,0.023509331814028672,0.371901520741719,0.6045891474442524
25941,LOF,0.17525935490132036,0.0784173992293219,0.7463232458693577
25942,LOF,0.01949733377993216,0.03129580560204584,0.9492068606180221
25943,LOF,0.3416062175586612,0.0552066514321163,0.6031871310092225
25944,Neutral,0.4890609732833848,0.030528624149357846,0.48041040256725737
25945,LOF,0.0826689189962785,0.020170731086591533,0.8971603499171299
25946,LOF,0.023201343983948367,0.13826240550817018,0.8385362505078815
25947,LOF,0.12857943248275536,0.17978433003767516,0.6916362374795695
25948,LOF,0.464224769999732,0.02345747233008949,0.5123177576701785
25949,LOF,0.09849778682367692,0.0852995746234584,0.8162026385528647
25950,GOF,0.2741571736218067,0.43292336395994846,0.29291946241824474
25951,LOF,0.2934301651202689,0.19139666299056574,0.5151731718891654
25952,LOF,0.051578724991525694,0.4732488195918914,0.47517245541658293
25953,LOF,0.13604845130898485,0.10658252148692393,0.7573690272040913
25954,Neutral,0.40689633434691397,0.19059704629884522,0.4025066193542409
25955,LOF,0.059325514808715805,0.08227436727834786,0.8584001179129364
25956,LOF,0.1863309335873387,0.07666978443610518,0.7369992819765562
25957,LOF,0.04625293454079155,0.027360651204126556,0.9263864142550818
25958,LOF,0.05409009320011574,0.03435261064822992,0.9115572961516543
25959,LOF,0.060762476969290866,0.3465303717786918,0.5927071512520173
25960,LOF,0.02101791579189907,0.06935743637178472,0.9096246478363162
25961,LOF,0.04765083587835789,0.04083194475694364,0.9115172193646984
25962,LOF,0.06171330339247816,0.030379311715481985,0.9079073848920399
25963,LOF,0.05383971941732208,0.14877748636055485,0.797382794222123
25964,LOF,0.03240520439085825,0.1313106287310724,0.8362841668780693
25965,LOF,0.43462358866117057,0.08121803227848788,0.4841583790603415
25966,Neutral,0.4558975334271211,0.16671065695700155,0.3773918096158773
25967,LOF,0.013126598310803421,0.07165797310479226,0.9152154285844044
25968,LOF,0.03609412291065702,0.4746175627519704,0.4892883143373726
25969,LOF,0.020904743803058023,0.059173472295596594,0.9199217839013454
25970,LOF,0.05814865100572186,0.061947662224797785,0.8799036867694804
25971,LOF,0.06641900129777749,0.018375601671443895,0.9152053970307786
25972,LOF,0.07872321582673178,0.026856789575418028,0.8944199945978502
25973,LOF,0.10129955323553085,0.007474290183714752,0.8912261565807544
25974,LOF,0.23331699478815074,0.019104970504582115,0.7475780347072671
25975,LOF,0.05225693682752276,0.027766493178418422,0.9199765699940589
25976,LOF,0.05550624569087756,0.016497997749889845,0.9279957565592325
25977,LOF,0.14021364431506017,0.10168754890511796,0.7580988067798219
25978,LOF,0.10175026724040201,0.0693485016661585,0.8289012310934395
25979,LOF,0.10225925565569573,0.06966089975821468,0.8280798445860895
25980,LOF,0.126988285306663,0.09892618404818701,0.77408553064515
25981,LOF,0.15448456469615426,0.09621318480236739,0.7493022505014784
25982,LOF,0.32445200703777793,0.057510372941463994,0.618037620020758
25983,LOF,0.3207797249056271,0.05576707193810203,0.6234532031562708
25984,LOF,0.052143314378318116,0.07787389772920757,0.8699827878924743
25985,LOF,0.023292692377969885,0.265148315558187,0.7115589920638431
25986,LOF,0.03397423844067362,0.2642908910478695,0.7017348705114569
25987,LOF,0.07144510595336244,0.09062684076229366,0.8379280532843439
25988,LOF,0.12148616855464575,0.07640087146162897,0.8021129599837252
25989,LOF,0.028771716080687893,0.12349883330357232,0.8477294506157398
25990,LOF,0.035531583805428806,0.15514589053302635,0.8093225256615448
25991,GOF,0.16650687078458698,0.42764660176093094,0.40584652745448213
25992,Neutral,0.3914647530149016,0.24601292166064612,0.3625223253244523
25993,LOF,0.025639196997703714,0.08202420936999705,0.8923365936322991
25994,LOF,0.017691484141646136,0.14801015761974584,0.834298358238608
25995,LOF,0.02660196738469296,0.20897959944363076,0.7644184331716763
25996,GOF,0.23924799560134066,0.5856270254203237,0.1751249789783356
25997,GOF,0.10611090656250552,0.5580725326972596,0.3358165607402349
25998,Neutral,0.5615703887908713,0.012756014199645086,0.42567359700948354
25999,LOF,0.11200115485333446,0.1385203167458415,0.749478528400824
26000,LOF,0.16875294310114616,0.03524153814584061,0.7960055187530132
26001,LOF,0.2029986278512034,0.03739334979633272,0.7596080223524638
26002,LOF,0.17563784714474173,0.03681049659370984,0.7875516562615484
26003,GOF,0.008522041640090225,0.6711627238965663,0.32031523446334337
26004,GOF,0.02267817150859422,0.7243468551856928,0.25297497330571306
26005,GOF,0.007735905612884499,0.5494498466811086,0.44281424770600697
26006,Neutral,0.4651646683128258,0.3030614174046586,0.23177391428251565
26007,GOF,0.016038095584142816,0.5883610160720615,0.39560088834379575
26008,GOF,0.015807148577304874,0.6086989046167798,0.37549394680591536
26009,GOF,0.021360185974520773,0.6519010048063894,0.32673880921909
26010,GOF,0.021402768768906844,0.7110777631959329,0.2675194680351603
26011,GOF,0.006915829096629276,0.5310682899455674,0.46201588095780327
26012,GOF,0.013341946454537127,0.6035311624681736,0.3831268910772893
26013,GOF,0.01401938222568691,0.6782726209769572,0.30770799679735594
26014,LOF,0.044553401202453574,0.17982766874391767,0.7756189300536288
26015,LOF,0.19158930378426284,0.017296747523633117,0.791113948692104
26016,LOF,0.2145895254130351,0.07474285150896036,0.7106676230780045
26017,LOF,0.17441754922118918,0.11883907851984714,0.7067433722589636
26018,LOF,0.07847755078560942,0.07404558444114567,0.847476864773245
26019,LOF,0.07407877117827012,0.05028657778010195,0.8756346510416279
26020,LOF,0.05250049758092922,0.1611598095173062,0.7863396929017646
26021,LOF,0.04841476807742856,0.17100068702893348,0.780584544893638
26022,LOF,0.011710749097186474,0.07966622816506036,0.9086230227377533
26023,LOF,0.09814912678059448,0.04799111178310746,0.853859761436298
26024,LOF,0.02582598762292148,0.1488246310627145,0.8253493813143641
26025,LOF,0.131979148929918,0.13280254007188846,0.7352183109981936
26026,LOF,0.28873183398374147,0.03141549734557598,0.6798526686706825
26027,LOF,0.0747894363698515,0.03613295946729507,0.8890776041628534
26028,LOF,0.16142358170898025,0.0929697349346035,0.7456066833564163
26029,LOF,0.07956506653399753,0.14361710880937312,0.7768178246566294
26030,LOF,0.028252066617183526,0.05400082578507833,0.9177471075977381
26031,LOF,0.03369173564864097,0.1133921881065245,0.8529160762448347
26032,LOF,0.07083056852424642,0.0655972116041863,0.8635722198715672
26033,LOF,0.11405525783048127,0.07534072651833074,0.8106040156511879
26034,LOF,0.04993377973642214,0.1254597177170558,0.8246065025465221
26035,LOF,0.033592061658584096,0.10978647352904089,0.856621464812375
26036,LOF,0.049487076354690525,0.13308994646008993,0.8174229771852195
26037,LOF,0.028477073311680146,0.09118961208252295,0.8803333146057969
26038,LOF,0.06744917076820608,0.0630957325493112,0.8694550966824827
26039,LOF,0.07128319291866417,0.11655846580879795,0.8121583412725379
26040,LOF,0.20538332474919133,0.11476991387008316,0.6798467613807255
26041,LOF,0.028445399224378557,0.08370267466863776,0.8878519261069837
26042,LOF,0.02817985262544706,0.08470585175451859,0.8871142956200343
26043,LOF,0.06551972746316045,0.08333392282171563,0.8511463497151239
26044,LOF,0.025106859688495388,0.06859407687200986,0.9062990634394946
26045,LOF,0.08191418936567198,0.08340439217481588,0.8346814184595122
26046,LOF,0.06877669688083335,0.08561141845076531,0.8456118846684013
26047,LOF,0.098425080114547,0.09701135486048632,0.8045635650249667
26048,LOF,0.0485630174819829,0.05909533021888723,0.8923416522991298
26049,Neutral,0.9513457990188107,0.008413901910478569,0.040240299070710896
26050,Neutral,0.9313946088048023,0.009712531249697185,0.0588928599455004
26051,LOF,0.048934769674132864,0.36446868965921897,0.5865965406666482
26052,LOF,0.07291386964446896,0.3139091640975374,0.6131769662579937
26053,LOF,0.053188393747875,0.14904743220942107,0.7977641740427039
26054,LOF,0.05883530295872703,0.039086055651331886,0.902078641389941
26055,LOF,0.07412330538302901,0.024218039503383453,0.9016586551135877
26056,LOF,0.06317104868277942,0.03231376001175027,0.9045151913054702
26057,LOF,0.03079680873089066,0.0168332154950056,0.9523699757741036
26058,LOF,0.03172152504052127,0.014803535381728829,0.9534749395777499
26059,LOF,0.2636153397929381,0.050647145172940986,0.685737515034121
26060,LOF,0.02857405200673106,0.23558016466212464,0.7358457833311444
26061,LOF,0.01842968527675657,0.01878574877296073,0.9627845659502826
26062,LOF,0.01139476422008742,0.027416416584296714,0.9611888191956158
26063,LOF,0.0223859427417643,0.015662984562735707,0.9619510726955001
26064,LOF,0.025230027552368132,0.02285591459011904,0.9519140578575129
26065,LOF,0.024876034072474858,0.019791656854233262,0.9553323090732918
26066,LOF,0.02065415253208249,0.015401970153861992,0.9639438773140556
26067,LOF,0.02571027708770632,0.01244841630947623,0.9618413066028173
26068,LOF,0.047642806010311775,0.0634087255538163,0.8889484684358719
26069,LOF,0.2601777652001593,0.03877497992657696,0.7010472548732638
26070,LOF,0.3987756902625524,0.02404673578522994,0.5771775739522177
26071,LOF,0.0223581501241224,0.020169340215939753,0.9574725096599378
26072,LOF,0.024248669064585584,0.02662943246799452,0.9491218984674199
26073,LOF,0.024296370137977984,0.014942565083627768,0.9607610647783943
26074,Neutral,0.9089641679533015,0.007363852406872997,0.08367197963982553
26075,LOF,0.04284993082426811,0.024142890058321168,0.9330071791174107
26076,LOF,0.042862457811372344,0.01331195332737219,0.9438255888612554
26077,LOF,0.009562423842047111,0.029925611490811424,0.9605119646671415
26078,LOF,0.014679303997530794,0.018197877908600838,0.9671228180938685
26079,LOF,0.05602280780149485,0.031854141814387234,0.912123050384118
26080,LOF,0.054337480192768566,0.03186173319558093,0.9138007866116504
26081,LOF,0.034584144501911926,0.011162627758347492,0.9542532277397406
26082,LOF,0.01902148451158009,0.027223018668969857,0.95375549681945
26083,LOF,0.12902472230669676,0.01940088800044276,0.8515743896928604
26084,LOF,0.026148631488598445,0.023248506248391386,0.95060286226301
26085,LOF,0.021767934563021004,0.022004746378861725,0.9562273190581172
26086,LOF,0.023630218978210174,0.015791968510100857,0.960577812511689
26087,LOF,0.024812902649448052,0.01156239164180001,0.963624705708752
26088,LOF,0.017641914229972605,0.03300931509961427,0.9493487706704131
26089,LOF,0.047141868023549124,0.04142178831894939,0.9114363436575015
26090,LOF,0.04600435815317419,0.031709761173142045,0.9222858806736838
26091,LOF,0.04030132292590018,0.010051918185785033,0.9496467588883147
26092,LOF,0.026428467483089697,0.013875407810461853,0.9596961247064486
26093,LOF,0.03847419435151668,0.009663960154435798,0.9518618454940475
26094,LOF,0.04445361751076572,0.010771393753656974,0.9447749887355773
26095,LOF,0.05510756439641691,0.021891718991842984,0.9230007166117402
26096,LOF,0.02156847999855784,0.01760649437521702,0.9608250256262251
26097,LOF,0.010166694692300618,0.057826805734468315,0.932006499573231
26098,LOF,0.07496501700427065,0.021091036058618264,0.903943946937111
26099,LOF,0.025432681953497464,0.021732766798053006,0.9528345512484495
26100,LOF,0.027317171900259993,0.020114620807534823,0.9525682072922053
26101,LOF,0.055382896095020756,0.02238364693981041,0.9222334569651688
26102,LOF,0.026488466506995302,0.01738148423982194,0.9561300492531827
26103,Neutral,0.8898689302429712,0.030445939049217004,0.07968513070781165
26104,LOF,0.06905162599132597,0.05964533971744169,0.8713030342912323
26105,LOF,0.22339213454860243,0.22310897654755554,0.553498888903842
26106,LOF,0.17371651319399334,0.13848031888564566,0.687803167920361
26107,LOF,0.25230000443843487,0.09511569134159893,0.6525843042199663
26108,LOF,0.22564654445271928,0.15390440766550276,0.620449047881778
26109,LOF,0.0834154072842644,0.15214131186632562,0.7644432808494099
26110,LOF,0.24845174810819812,0.008644143364618355,0.7429041085271836
26111,LOF,0.4595825072494275,0.01903742402869973,0.5213800687218728
26112,LOF,0.038101066288897194,0.008324723352443594,0.9535742103586592
26113,LOF,0.05587569694578372,0.015363653988949844,0.9287606490652665
26114,LOF,0.019956928240874267,0.016775111451902944,0.9632679603072227
26115,LOF,0.07394208365605569,0.03561248775109953,0.8904454285928448
26116,LOF,0.05351578423579908,0.025483277909245955,0.921000937854955
26117,LOF,0.38977276374407205,0.05873515263739867,0.5514920836185293
26118,LOF,0.0379056063162582,0.031232502566380414,0.9308618911173614
26119,LOF,0.023478358937756252,0.049746014539193736,0.92677562652305
26120,LOF,0.02901158117362196,0.02326644824640046,0.9477219705799775
26121,LOF,0.053014704812401454,0.0802846634576523,0.8667006317299463
26122,LOF,0.05078480478318407,0.04180876749383378,0.9074064277229822
