feature0,prediction,LoGoFunc_Neutral,LoGoFunc_GOF,LoGoFunc_LOF
25546,Neutral,0.6431825842664928,0.06416144369668182,0.2926559720368253
25547,Neutral,0.4858129840914473,0.10703335371778654,0.4071536621907662
25548,Neutral,0.48972770476270294,0.09296303898279577,0.4173092562545013
25549,LOF,0.42679264078740947,0.09134865815704622,0.48185870105554435
25550,LOF,0.35269257847789787,0.12306481223485811,0.5242426092872441
25551,LOF,0.3079342296243501,0.1324960342663943,0.5595697361092556
25552,LOF,0.2537205032008157,0.12993917247275186,0.6163403243264325
25553,Neutral,0.8102410241106613,0.050308678423071684,0.13945029746626694
25554,LOF,0.28923674079156203,0.12432891105775755,0.5864343481506804
25555,LOF,0.24398074624483043,0.1166922929292027,0.6393269608259667
25556,Neutral,0.44942863149993745,0.10737721565502249,0.44319415284504005
25557,LOF,0.23484549509446823,0.1200644377013698,0.645090067204162
25558,LOF,0.3032677862431844,0.1196631577279508,0.5770690560288648
25559,LOF,0.16833709047982878,0.1330168617191816,0.6986460478009897
25560,LOF,0.1577323628843809,0.09191569925113648,0.7503519378644826
25561,LOF,0.15452328577183955,0.09818326522471797,0.7472934490034425
25562,LOF,0.0799555774147627,0.07086446482963882,0.8491799577555985
25563,LOF,0.023305042141867745,0.11817112725821999,0.8585238305999123
25564,LOF,0.22798714091008018,0.11533401853308903,0.6566788405568308
25565,LOF,0.2185817026570671,0.14628491853113293,0.6351333788118
25566,GOF,0.09305610852074023,0.7071459858832203,0.19979790559603938
25567,LOF,0.038603596887827336,0.12130138405662501,0.8400950190555476
25568,LOF,0.06370304430792054,0.0658365973260165,0.870460358366063
25569,LOF,0.06086048864564182,0.06620156692546132,0.8729379444288968
25570,LOF,0.027263167931101215,0.09736998935742165,0.8753668427114771
25571,LOF,0.026558280119064213,0.10449144772619608,0.8689502721547396
25572,LOF,0.06419957751758532,0.11156908879161495,0.8242313336907997
25573,LOF,0.05776473509275098,0.08162852290618659,0.8606067420010624
25574,LOF,0.05582404220641095,0.1861950791147959,0.7579808786787932
25575,LOF,0.02216105858899881,0.10992451574633995,0.8679144256646611
25576,LOF,0.03297683759057313,0.14091768941651378,0.8261054729929131
25577,LOF,0.0299755826788556,0.10669792985541628,0.8633264874657282
25578,LOF,0.2915368563967763,0.07810695624277657,0.6303561873604471
25579,LOF,0.13771410161446596,0.08231160955318702,0.7799742888323471
25580,LOF,0.019332812187979973,0.07413109164705889,0.9065360961649611
25581,LOF,0.056373595696746256,0.060908635924374115,0.8827177683788796
25582,LOF,0.056316239717495276,0.06002811668868494,0.8836556435938198
25583,LOF,0.02052933756663213,0.08187392079560878,0.8975967416377592
25584,Neutral,0.6740314244810054,0.10195088151378512,0.2240176940052095
25585,LOF,0.030587592541396893,0.10350693217061903,0.865905475287984
25586,LOF,0.0174193197254454,0.06499427891490696,0.9175864013596475
25587,LOF,0.017306135537556732,0.05874483794262437,0.9239490265198189
25588,LOF,0.020255593475605738,0.06837491734532941,0.9113694891790648
25589,Neutral,0.5253667910396619,0.18283417654317927,0.29179903241715893
25590,LOF,0.048716173582826754,0.09692648473599143,0.8543573416811818
25591,LOF,0.09957049746829985,0.05001183389582515,0.850417668635875
25592,LOF,0.05370888086316991,0.12413602926946403,0.8221550898673661
25593,LOF,0.13313660434941513,0.235430059264808,0.6314333363857767
25594,LOF,0.05178483424647459,0.11032388821416318,0.8378912775393621
25595,LOF,0.04771424140402254,0.07970702002132539,0.8725787385746521
25596,LOF,0.10449516635806609,0.04764951947285466,0.8478553141690792
25597,LOF,0.07968464469502604,0.051439747806820195,0.8688756074981537
25598,LOF,0.05199698228919622,0.0805613479665697,0.8674416697442341
25599,GOF,0.021459333086899544,0.5179823913945849,0.4605582755185156
25600,GOF,0.16961668050518283,0.524129686794515,0.30625363270030226
25601,LOF,0.03851082128212153,0.4102364620915997,0.5512527166262787
25602,LOF,0.028660661106242387,0.07634149417109864,0.8949978447226591
25603,LOF,0.028343864668313467,0.04281283040442304,0.9288433049272634
25604,LOF,0.03041219121856943,0.08616604319223885,0.8834217655891917
25605,LOF,0.033458910230989146,0.22995854157252626,0.7365825481964845
25606,LOF,0.38829755177907505,0.13161788429008262,0.48008456393084237
25607,LOF,0.020956347053379083,0.21536160005747768,0.7636820528891433
25608,LOF,0.03143872244774275,0.0664419765344115,0.9021193010178457
25609,GOF,0.1411689759325343,0.5229073380020806,0.3359236860653853
25610,LOF,0.01428496172635106,0.029264157390138566,0.9564508808835104
25611,LOF,0.013069550759493984,0.0347434408804174,0.9521870083600885
25612,LOF,0.04460430868642075,0.042861470364308034,0.9125342209492713
25613,LOF,0.043747707240512704,0.044020257381672145,0.9122320353778152
25614,LOF,0.01919872380089302,0.026739410790227135,0.9540618654088798
25615,LOF,0.04509692860676495,0.039515253518019336,0.9153878178752158
25616,LOF,0.0454339386472542,0.030047433373048434,0.9245186279796974
25617,LOF,0.038478927228703774,0.03916056928171219,0.9223605034895841
25618,LOF,0.047413390623062324,0.037845355682822435,0.9147412536941152
25619,LOF,0.014152138801371578,0.034310873055708145,0.9515369881429202
25620,LOF,0.0575235509550011,0.04758272430926168,0.8948937247357373
25621,LOF,0.0520099308309054,0.038124408292793246,0.9098656608763015
25622,LOF,0.05965027313443961,0.033829154797247955,0.9065205720683124
25623,LOF,0.06795850600570855,0.02862794078225503,0.9034135532120365
25624,LOF,0.016736445678241167,0.03472125824817042,0.9485422960735883
25625,LOF,0.06362203145709115,0.03919151884540163,0.8971864496975072
25626,LOF,0.04469436648358738,0.04011684698865899,0.9151887865277536
25627,Neutral,0.8935546115731685,0.019435914266512953,0.08700947416031858
25628,LOF,0.12726175560343517,0.06533485055748375,0.8074033938390811
25629,LOF,0.06401187406622381,0.0422545418648189,0.8937335840689572
25630,LOF,0.27685153183757155,0.07757200216620477,0.6455764659962236
25631,Neutral,0.5413693935244759,0.06047129860558455,0.39815930786993964
25632,LOF,0.02794731761418972,0.06273924256283597,0.9093134398229743
25633,LOF,0.20999103533642757,0.036482264268315315,0.7535267003952572
25634,LOF,0.033948514449745476,0.07684954189785612,0.8892019436523984
25635,LOF,0.034135556422756,0.04448285690728718,0.921381586669957
25636,LOF,0.03327477604599627,0.4826567333250637,0.48406849062894003
25637,GOF,0.06965838468909338,0.5167067306361794,0.4136348846747272
25638,LOF,0.031397917005284735,0.3344840905663733,0.634117992428342
25639,LOF,0.03028197512826343,0.3742713541753076,0.5954466706964291
25640,Neutral,0.8027945958144693,0.15169735057280448,0.04550805361272617
25641,LOF,0.05418681684144198,0.4472734574974871,0.49853972566107096
25642,LOF,0.042667117419985044,0.15138272221789878,0.8059501603621162
25643,LOF,0.20986346566448733,0.1479321182387518,0.6422044160967609
25644,LOF,0.022302375824231557,0.4519553185713881,0.5257423056043803
25645,LOF,0.022062393580734706,0.4030325506519832,0.5749050557672821
25646,LOF,0.0556170382607892,0.32085806306588566,0.6235248986733251
25647,LOF,0.02505944646430363,0.2452003460058241,0.7297402075298723
25648,LOF,0.03301333146338463,0.22457399874906014,0.7424126697875552
25649,LOF,0.015550475416551716,0.2385112517801324,0.7459382728033158
25650,LOF,0.04969368490000382,0.40077468245888886,0.5495316326411073
25651,LOF,0.015808632197859596,0.26371436411056043,0.72047700369158
25652,LOF,0.029065203628336606,0.26315002605033766,0.7077847703213258
25653,LOF,0.07710399150594514,0.3876249599338965,0.5352710485601584
25654,LOF,0.024266126877726765,0.19020589390506012,0.7855279792172131
25655,GOF,0.23438934836381428,0.3911636664290453,0.37444698520714037
25656,LOF,0.27275824582468683,0.04746833531874166,0.6797734188565715
25657,LOF,0.07317072972697751,0.053777774869108376,0.873051495403914
25658,LOF,0.38356767393511704,0.05164275891160026,0.5647895671532828
25659,Neutral,0.5304002730028713,0.07196519709493032,0.39763452990219833
25660,LOF,0.02582326997310703,0.08049439680700328,0.8936823332198898
25661,LOF,0.09151761488471508,0.05910746978861503,0.8493749153266698
25662,LOF,0.031850291202513606,0.03185160234994097,0.9362981064475454
25663,LOF,0.03999765551657499,0.04372540195913509,0.9162769425242899
25664,LOF,0.131494438326015,0.04982668181009755,0.8186788798638874
25665,LOF,0.054187045292896,0.03026198796274911,0.9155509667443548
25666,LOF,0.08806983870244503,0.07040546354218882,0.8415246977553661
25667,LOF,0.06678097023820272,0.03478930717949612,0.8984297225823012
25668,LOF,0.03513501602157368,0.0487136075315306,0.9161513764468957
25669,LOF,0.0318884316967801,0.05383463343714348,0.9142769348660764
25670,LOF,0.13121827507566153,0.047832081300870626,0.8209496436234679
25671,LOF,0.09819971695367845,0.0308898034747735,0.870910479571548
25672,LOF,0.051459731970123164,0.04236400348809479,0.906176264541782
25673,LOF,0.083852717547886,0.038319554869414546,0.8778277275826993
25674,LOF,0.07187867945939075,0.046850245417347294,0.881271075123262
25675,LOF,0.11530953651832898,0.04958953592259226,0.8351009275590787
25676,LOF,0.01823391354357496,0.05010764072383011,0.9316584457325948
25677,LOF,0.024766765462967796,0.06718367028719993,0.9080495642498322
25678,LOF,0.18925248713060475,0.05482457360387807,0.7559229392655172
25679,LOF,0.12154799685650448,0.08215744835127207,0.7962945547922234
25680,LOF,0.03195862890015467,0.10901261726505478,0.8590287538347906
25681,LOF,0.05020069112883403,0.10134392502309782,0.8484553838480681
25682,LOF,0.12962227930729278,0.06828298789237863,0.8020947328003285
25683,LOF,0.1168492904180578,0.0940820342186997,0.7890686753632425
25684,LOF,0.040561692955056954,0.06828706399950828,0.8911512430454348
25685,LOF,0.13699506406614229,0.04877552629274446,0.8142294096411131
25686,LOF,0.07277149458894142,0.09002752064978596,0.8372009847612727
25687,LOF,0.11465106702540592,0.09440992074095297,0.7909390122336412
25688,LOF,0.28895420641831554,0.036209566574036414,0.6748362270076481
25689,LOF,0.2343260161863098,0.0401673116811126,0.7255066721325776
25690,LOF,0.35819637505451296,0.028726387038190738,0.6130772379072962
25691,Neutral,0.6984675295525266,0.02369600744889945,0.27783646299857395
25692,LOF,0.2804827752184763,0.013129588678170986,0.7063876361033528
25693,LOF,0.048254848910009564,0.4592087184080071,0.4925364326819833
25694,LOF,0.12093749131796847,0.018015911433016275,0.8610465972490153
25695,LOF,0.12097094848939893,0.015743136986942834,0.8632859145236582
25696,LOF,0.1135191948992736,0.008691817028971855,0.8777889880717547
25697,LOF,0.13690778624011354,0.033093389242835405,0.8299988245170511
25698,LOF,0.32941196380964555,0.24128730560343772,0.4293007305869167
25699,LOF,0.4458279310112259,0.04290416661912406,0.51126790236965
25700,LOF,0.06054144009919122,0.008507444635287202,0.9309511152655215
25701,LOF,0.15377877737925044,0.05263428048677384,0.7935869421339756
25702,GOF,0.17259464678410047,0.5457215349716085,0.2816838182442911
25703,LOF,0.01582811534322734,0.16931186734968728,0.8148600173070853
25704,LOF,0.04416376558563242,0.12720405226094544,0.8286321821534222
25705,LOF,0.056846880096008294,0.1829308585201862,0.7602222613838054
25706,LOF,0.09386389479621604,0.3765215277172284,0.5296145774865556
25707,LOF,0.08605141543221245,0.2986936547516251,0.6152549298161625
25708,LOF,0.03145789224771922,0.25052957940721055,0.7180125283450702
25709,LOF,0.0579345347693877,0.041332818188839736,0.9007326470417726
25710,LOF,0.011581406582789264,0.1343524719919026,0.8540661214253081
25711,LOF,0.018868930828244222,0.10077231455091966,0.8803587546208362
25712,LOF,0.013542642267907216,0.19923565338221177,0.7872217043498811
25713,LOF,0.018420565964316998,0.08487166727593537,0.8967077667597477
25714,LOF,0.07268661280055977,0.08154325922825711,0.8457701279711832
25715,LOF,0.010375420597136411,0.1479336299041153,0.8416909494987483
25716,LOF,0.013920159263239808,0.11558755534498134,0.8704922853917788
25717,LOF,0.013844512152837126,0.07906228563471271,0.9070932022124502
25718,LOF,0.012256258068087769,0.09900948030434932,0.8887342616275629
25719,LOF,0.01974276210869654,0.07430702176187062,0.9059502161294329
25720,LOF,0.022700104131895594,0.07003811210520844,0.907261783762896
25721,LOF,0.015476989044460706,0.10766339280110554,0.8768596181544338
25722,LOF,0.013134224273838629,0.12601680393592385,0.8608489717902374
25723,LOF,0.02243014103002729,0.04513478396894375,0.9324350750010291
25724,LOF,0.022543579403723875,0.0800106619069678,0.8974457586893084
25725,LOF,0.011704286365051985,0.06844068273983055,0.9198550308951173
25726,LOF,0.014464070438328641,0.09751758239500634,0.8880183471666651
25727,LOF,0.013258160413063054,0.0732941177948851,0.9134477217920518
25728,LOF,0.009851769565955954,0.10977879029454844,0.8803694401394956
25729,LOF,0.010292063087469976,0.10668794846214713,0.8830199884503829
25730,LOF,0.01361036377828923,0.08088562382658668,0.905504012395124
25731,LOF,0.020304430286383707,0.10873585353740908,0.8709597161762072
25732,LOF,0.014832419047623807,0.08807139776345832,0.8970961831889179
25733,LOF,0.01575701305933344,0.0710971165767678,0.9131458703638988
25734,LOF,0.013034009011425192,0.12147017267509648,0.8654958183134783
25735,LOF,0.013533366729848204,0.08520666061420777,0.901259972655944
25736,LOF,0.013853266761941664,0.11370658197414003,0.8724401512639184
25737,LOF,0.0209631716625263,0.08966327477269567,0.889373553564778
25738,LOF,0.013090922799266833,0.11058265978190146,0.8763264174188318
25739,LOF,0.019806317699631787,0.09062713338460196,0.8895665489157663
25740,LOF,0.025489500771746925,0.10390756057089835,0.8706029386573546
25741,LOF,0.015394493088777708,0.10577980325300368,0.8788257036582185
25742,LOF,0.1189041055121949,0.0791192310482159,0.8019766634395892
25743,LOF,0.03317017323206342,0.02932073168832112,0.9375090950796154
25744,Neutral,0.5895213169166312,0.21272873046206983,0.19774995262129882
25745,LOF,0.08642727867929326,0.06547397660559201,0.8480987447151147
25746,LOF,0.04347641428541313,0.07962684972499624,0.8768967359895907
25747,LOF,0.024055001046134825,0.0455875927853637,0.9303574061685015
25748,LOF,0.10797410178128904,0.06734666609725778,0.8246792321214532
25749,LOF,0.025407461236242018,0.07600762787154608,0.8985849108922119
25750,LOF,0.07429270599367307,0.0831799273883106,0.8425273666180163
25751,LOF,0.0949507316931629,0.061842029815359086,0.8432072384914779
25752,GOF,0.10071439175731982,0.6793224260345329,0.21996318220814742
25753,LOF,0.018828257113411004,0.27652158462160287,0.704650158264986
25754,GOF,0.010997151613939488,0.7683608560933739,0.22064199229268652
25755,LOF,0.022986617557753487,0.3786076490126425,0.598405733429604
25756,LOF,0.04135017413333347,0.37268624202604134,0.5859635838406252
25757,GOF,0.013210239771429632,0.849451160210744,0.13733860001782647
25758,GOF,0.029654417622963263,0.8242798110818838,0.14606577129515297
25759,GOF,0.01123327057513432,0.5420793347318439,0.4466873946930219
25760,LOF,0.012938274601357967,0.23339945255464664,0.7536622728439953
25761,GOF,0.2567813895398331,0.653139919662981,0.09007869079718601
25762,LOF,0.0337474283429207,0.2794614951504178,0.6867910765066615
25763,LOF,0.013792741144164606,0.1971688239274473,0.7890384349283882
25764,GOF,0.0720290515413172,0.6429549876172869,0.2850159608413959
25765,GOF,0.04115339160738713,0.7607446626496434,0.19810194574296955
25766,GOF,0.0616941890711119,0.7786560265204394,0.15964978440844874
25767,GOF,0.1495669047731512,0.4595341712330333,0.39089892399381543
25768,LOF,0.09203641011313814,0.06634797076848582,0.841615619118376
25769,LOF,0.07008927633224105,0.06383485291305553,0.8660758707547034
25770,LOF,0.2980281232286384,0.07871757564670376,0.6232543011246579
25771,LOF,0.037564107681867506,0.046465289543642437,0.91597060277449
25772,LOF,0.01643074044079512,0.0334802805565619,0.9500889790026429
25773,LOF,0.04571074079731875,0.08015891523040759,0.8741303439722736
25774,LOF,0.028599989874958664,0.06973484695502506,0.9016651631700163
25775,LOF,0.04533870128863012,0.04341243029156907,0.9112488684198007
25776,LOF,0.07189697719382482,0.026325154407322943,0.9017778683988522
25777,LOF,0.3450019328359164,0.04793916351417189,0.6070589036499118
25778,LOF,0.07462547164112886,0.048554808230764246,0.8768197201281069
25779,GOF,0.36693770487985994,0.5956048337440403,0.03745746137609984
25780,GOF,0.29885983132317945,0.6334612579711224,0.06767891070569813
25781,GOF,0.1376120943863942,0.7537801283789302,0.10860777723467566
25782,GOF,0.21306625909604857,0.7217909009349617,0.06514283996898959
25783,GOF,0.027098974895019362,0.6491907841150762,0.32371024098990453
25784,GOF,0.4783143400665236,0.48660236525075584,0.03508329468272039
25785,GOF,0.4442704924839992,0.5201828890321266,0.03554661848387423
25786,GOF,0.024806806236106482,0.7731648052903821,0.2020283884735113
25787,Neutral,0.6280425336229365,0.3502228534241621,0.021734612952901407
25788,LOF,0.046203758223929275,0.10952233454946299,0.8442739072266077
25789,GOF,0.1997890299534746,0.6735261936628012,0.12668477638372427
25790,GOF,0.21426321113639132,0.6921281900465377,0.09360859881707102
25791,GOF,0.16541309455802242,0.6719415457183749,0.1626453597236027
25792,GOF,0.34367205684751495,0.5284874902019028,0.12784045295058227
25793,GOF,0.2377878963081351,0.5574703131919442,0.20474179049992083
25794,GOF,0.28257730308994716,0.5477225741254087,0.16970012278464405
25795,GOF,0.07641165588176274,0.7024919535622117,0.22109639055602548
25796,Neutral,0.5268665896951228,0.3989111336114756,0.07422227669340166
25797,GOF,0.08888542277210647,0.5658090177024427,0.3453055595254508
25798,GOF,0.008663402067395107,0.5245609673350103,0.4667756305975945
25799,LOF,0.007243637498925943,0.41605793237068667,0.5766984301303875
25800,GOF,0.03284621892239981,0.6097822873823765,0.35737149369522375
25801,GOF,0.18539146767669434,0.6942729163320169,0.12033561599128872
25802,GOF,0.07271460575156702,0.6845526357298871,0.24273275851854587
25803,GOF,0.03408748789299519,0.5923509358796311,0.37356157622737374
25804,GOF,0.0316797423983735,0.4953179814360815,0.47300227616554497
25805,GOF,0.09651676024433117,0.6113461382300476,0.2921371015256213
25806,GOF,0.09914603475589029,0.5932993000764443,0.30755466516766544
25807,GOF,0.017635448445732133,0.6287974559429828,0.3535670956112851
25808,GOF,0.08228177094415143,0.6580866478155489,0.25963158124029967
25809,GOF,0.016917215952291773,0.6072702848827879,0.3758124991649203
25810,GOF,0.0163034211967989,0.6304470933305812,0.3532494854726198
25811,GOF,0.4358760026048534,0.4886184651323787,0.07550553226276793
25812,GOF,0.03062196372344518,0.6371149779603456,0.3322630583162093
25813,Neutral,0.48254026753493406,0.4272246215696,0.09023511089546597
25814,GOF,0.11750803568362712,0.6520079112125557,0.23048405310381717
25815,GOF,0.19148734901675082,0.6309952528728212,0.1775173981104279
25816,GOF,0.02161055166818921,0.6956186305393346,0.2827708177924762
25817,GOF,0.22653344799020583,0.6561322682664904,0.11733428374330385
25818,GOF,0.05052340058177023,0.6790172929454275,0.2704593064728023
25819,GOF,0.34966808190483745,0.5246414103351826,0.12569050775997997
25820,GOF,0.19617067138004127,0.6087524972286271,0.19507683139133158
25821,GOF,0.060235477370038204,0.6811346209800105,0.2586299016499513
25822,GOF,0.20724634764873756,0.5935689300378124,0.1991847223134499
25823,GOF,0.03623917683719226,0.534248011046698,0.4295128121161097
25824,GOF,0.0885906667111242,0.6255557399437967,0.2858535933450791
25825,GOF,0.03944279638940482,0.6186194713697014,0.34193773224089385
25826,GOF,0.016524999637029344,0.6010137614018964,0.3824612389610742
25827,GOF,0.023776546022828166,0.6110809580742241,0.36514249590294773
25828,GOF,0.012067314687119232,0.5338846912997084,0.4540479940131723
25829,GOF,0.0056175401640896445,0.5682296043919677,0.4261528554439427
25830,LOF,0.03296598510634663,0.276227198182093,0.6908068167115603
25831,GOF,0.2261717079538248,0.6493871909567515,0.12444110108942377
25832,GOF,0.031199312649691988,0.7392482127721361,0.2295524745781719
25833,GOF,0.1143511088894835,0.7479439597997887,0.1377049313107279
25834,GOF,0.030962537766893387,0.7604263318412797,0.20861113039182683
25835,GOF,0.06344320921949069,0.7966553115321034,0.13990147924840596
25836,GOF,0.03229708676194068,0.7304959402678738,0.23720697297018548
25837,GOF,0.02518655240640736,0.61700985796203,0.3578035896315626
25838,GOF,0.08753518611687518,0.7870218191482035,0.1254429947349214
25839,GOF,0.2931281313109901,0.600256133146394,0.10661573554261596
25840,GOF,0.25739258839342194,0.6090712023455639,0.13353620926101417
25841,GOF,0.24586790245004542,0.6349178275894659,0.1192142699604886
25842,GOF,0.14293232347181367,0.7444389236035066,0.11262875292467976
25843,GOF,0.20619835348855778,0.7104140314924674,0.0833876150189749
25844,GOF,0.05710423263980441,0.7440589574509737,0.1988368099092219
25845,GOF,0.015272515939368434,0.5105952727320977,0.4741322113285339
25846,GOF,0.12962507635631057,0.7230393123201423,0.14733561132354703
25847,GOF,0.09849273447364869,0.8076976696813576,0.0938095958449937
25848,GOF,0.03720031464201068,0.7195306987253766,0.2432689866326128
25849,GOF,0.010605344809416974,0.6059654628614168,0.3834291923291664
25850,GOF,0.019484682696392558,0.6643896909295258,0.3161256263740816
25851,GOF,0.015413209753012191,0.5460765040232386,0.4385102862237492
25852,GOF,0.16037003605675723,0.5840755393981342,0.2555544245451087
25853,GOF,0.3334684040510047,0.6014564677015272,0.06507512824746811
25854,GOF,0.02059742999890305,0.6219321085950001,0.35747046140609684
25855,GOF,0.03494893385025128,0.5734875708134228,0.39156349533632595
25856,GOF,0.2230306596812596,0.5794666296301693,0.19750271068857103
25857,GOF,0.036352841372674326,0.5099895871389413,0.45365757148838454
25858,GOF,0.019567587385862915,0.5486637450150208,0.4317686675991163
25859,GOF,0.010378271438036936,0.5171269857043191,0.47249474285764387
25860,GOF,0.3377267579582195,0.5864385170463772,0.07583472499540328
25861,GOF,0.40154200798998385,0.529352435382767,0.06910555662724918
25862,GOF,0.0827839410188174,0.7894957139712402,0.12772034500994242
25863,GOF,0.0892444117144383,0.7887291494568971,0.12202643882866446
25864,GOF,0.21451975544909244,0.7241978121357064,0.06128243241520105
25865,GOF,0.0911601253470213,0.8037336750530513,0.10510619959992738
25866,GOF,0.05960586957275964,0.8034129704201123,0.13698116000712804
25867,GOF,0.07664495438972505,0.826592185472438,0.09676286013783705
25868,GOF,0.2222855055481737,0.6812038287864519,0.0965106656653746
25869,Neutral,0.7054722553171623,0.2575884265538746,0.0369393181289632
25870,GOF,0.28677591716886885,0.4072161258247607,0.3060079570063705
25871,GOF,0.22452711612851015,0.6697227945772971,0.10575008929419262
25872,GOF,0.07963339715568535,0.6511331903111075,0.2692334125332072
25873,GOF,0.12333748476155082,0.6953137677727406,0.1813487474657086
25874,LOF,0.013725243561030855,0.11344081994904033,0.8728339364899287
25875,LOF,0.09037897886171757,0.0508118889246251,0.8588091322136573
25876,LOF,0.03647735930307958,0.03637953530967653,0.9271431053872439
25877,Neutral,0.5174344357960089,0.04808790146997481,0.43447766273401633
25878,LOF,0.22224048406109878,0.10696863516307827,0.6707908807758229
25879,LOF,0.09904378092568569,0.10198795479061731,0.7989682642836969
25880,LOF,0.04344775704908836,0.016610685283489822,0.9399415576674218
25881,LOF,0.17208819347903329,0.13346804762585374,0.694443758895113
25882,LOF,0.06268282608893809,0.017939755012031645,0.9193774188990302
25883,LOF,0.06627670483224882,0.01973447595937152,0.9139888192083796
25884,LOF,0.03091793164970159,0.027657620210196153,0.9414244481401023
25885,LOF,0.06004773842747059,0.01197617213184002,0.9279760894406893
25886,LOF,0.25903576038005793,0.038059992237177424,0.7029042473827647
25887,LOF,0.16104636743201337,0.06852586602002704,0.7704277665479597
25888,LOF,0.06806137489271151,0.06274811346967867,0.8691905116376099
25889,LOF,0.03975060878825838,0.020396774855115027,0.9398526163566266
25890,LOF,0.05118825333245538,0.15194427067701102,0.7968674759905335
25891,LOF,0.03906633153323578,0.04710797505089217,0.913825693415872
25892,LOF,0.08475789769664087,0.021132627716189397,0.8941094745871698
25893,LOF,0.2609530947462287,0.01827550382187764,0.7207714014318938
25894,LOF,0.1758261657682869,0.011615761625240724,0.8125580726064723
25895,LOF,0.19748150316137392,0.023012745644645217,0.7795057511939808
25896,LOF,0.051837954422425,0.022042868663357123,0.9261191769142177
25897,LOF,0.2656996097250441,0.012168994253243397,0.7221313960217125
25898,Neutral,0.6967721609926857,0.010642713188856536,0.29258512581845775
25899,LOF,0.21079832909695895,0.02237488844794371,0.7668267824550974
25900,LOF,0.4549601487744364,0.012831137931832208,0.5322087132937313
25901,LOF,0.05273036104898454,0.01228394849900288,0.9349856904520125
25902,LOF,0.16364713261598768,0.014182500983088292,0.822170366400924
25903,Neutral,0.5716673203075275,0.026993790226562578,0.40133888946591
25904,LOF,0.333601834163142,0.04285057783022131,0.6235475880066367
25905,LOF,0.024489048342636512,0.3152635971932804,0.660247354464083
25906,LOF,0.03244108797663978,0.07509356352371487,0.8924653484996453
25907,LOF,0.014192156342288738,0.336548435586463,0.6492594080712483
25908,LOF,0.010400587817178309,0.2581207670963222,0.7314786450864995
25909,LOF,0.012778736615163338,0.11883371072576462,0.868387552659072
25910,LOF,0.048692434328009064,0.13284611809527797,0.818461447576713
25911,LOF,0.18699958456966326,0.031670984480634976,0.7813294309497018
25912,LOF,0.04906073491067808,0.05578545501789551,0.8951538100714264
25913,LOF,0.3319024913497257,0.025506459120076742,0.6425910495301976
25914,LOF,0.018756222989848657,0.05992725774423157,0.9213165192659197
25915,Neutral,0.5898488223349956,0.14351898023574955,0.2666321974292548
25916,LOF,0.08774807301814398,0.19000759630799136,0.7222443306738646
25917,LOF,0.06140184580779398,0.044840729005259275,0.8937574251869468
25918,LOF,0.02001816168307407,0.03549948063211212,0.9444823576848139
25919,LOF,0.0180936424320071,0.03525357989110674,0.9466527776768862
25920,GOF,0.10314964760014864,0.5132185070111485,0.38363184538870293
25921,LOF,0.025494543653041764,0.03727058858881958,0.9372348677581386
25922,LOF,0.03396925509840991,0.029240080908351444,0.9367906639932387
25923,LOF,0.4563685746940836,0.03772549275432797,0.5059059325515883
25924,LOF,0.039719996147097224,0.04369464953141956,0.9165853543214832
25925,LOF,0.07176720029346038,0.0397720033403418,0.8884607963661978
25926,LOF,0.051421870811078976,0.03511769482681743,0.9134604343621036
25927,LOF,0.06423145444332222,0.1394548389123633,0.7963137066443146
25928,LOF,0.02005848519580199,0.05145259416379672,0.9284889206404012
25929,Neutral,0.5813329488274038,0.04022327719119369,0.37844377398140244
25930,LOF,0.07154392570767071,0.031402692407654045,0.8970533818846752
25931,LOF,0.025678479158766084,0.03213119686919588,0.9421903239720381
25932,LOF,0.028874896141885754,0.028058782515906665,0.9430663213422076
25933,LOF,0.03772730656271795,0.019750051225251603,0.9425226422120305
25934,LOF,0.024007466640241143,0.021482876905241723,0.9545096564545171
25935,LOF,0.06246496037334097,0.05018380395911006,0.887351235667549
25936,LOF,0.04537157155368842,0.025821757178440537,0.9288066712678711
25937,LOF,0.028691492562112578,0.03714106170702703,0.9341674457308604
25938,LOF,0.06358385417134767,0.05327778203506839,0.883138363793584
25939,LOF,0.04071797076426096,0.021914499312299884,0.9373675299234391
25940,LOF,0.026951107106559992,0.3404869499750355,0.6325619429184045
25941,LOF,0.18591066372927925,0.1027813009886894,0.7113080352820313
25942,LOF,0.01383356829515823,0.038202515937059846,0.9479639157677818
25943,LOF,0.2899244217518043,0.05296531360050024,0.6571102646476955
25944,Neutral,0.4984540089639594,0.022467686095352407,0.47907830494068815
25945,LOF,0.07774446436303954,0.023680560952632896,0.8985749746843277
25946,LOF,0.03505859288273868,0.11562004090160648,0.8493213662156549
25947,LOF,0.11091327319376935,0.16885123131353935,0.7202354954926913
25948,LOF,0.3558401628681393,0.008271339967772604,0.6358884971640881
25949,LOF,0.12213028735679332,0.035354309006920034,0.8425154036362866
25950,Neutral,0.34224443851987835,0.3386999302986191,0.31905563118150254
25951,LOF,0.20970273744441326,0.2612953227701973,0.5290019397853895
25952,LOF,0.05024055122341649,0.41567895012299916,0.5340804986535844
25953,LOF,0.15414906010159823,0.10870271748967626,0.7371482224087256
25954,LOF,0.40378327028099986,0.17559648549924,0.4206202442197601
25955,LOF,0.05226443639360961,0.08055018932986924,0.8671853742765212
25956,LOF,0.17119909365283062,0.10201240179344884,0.7267885045537206
25957,LOF,0.037649848315053164,0.031414612700823574,0.9309355389841233
25958,LOF,0.0560495594960011,0.03217696562478408,0.9117734748792148
25959,LOF,0.06172558003047917,0.3720397648676067,0.5662346551019141
25960,LOF,0.015621840753333019,0.061268236217867623,0.9231099230287994
25961,LOF,0.043594917354345036,0.03203011959174628,0.9243749630539086
25962,LOF,0.06385662836189475,0.022195459841719042,0.9139479117963862
25963,LOF,0.04593597963480875,0.19580549755333534,0.7582585228118558
25964,LOF,0.032069956265345194,0.144790615409796,0.8231394283248588
25965,LOF,0.45975878999212844,0.06519922098907854,0.47504198901879297
25966,Neutral,0.5116562494563773,0.16734854923239256,0.32099520131123016
25967,LOF,0.018508215369933464,0.1005034039049945,0.880988380725072
25968,LOF,0.036591539055090445,0.3924628482631355,0.570945612681774
25969,LOF,0.03806379025416138,0.06450988768125222,0.8974263220645864
25970,LOF,0.059472191852138645,0.05837341922316367,0.8821543889246978
25971,LOF,0.06639122820984343,0.0206212917651065,0.9129874800250499
25972,LOF,0.06797399776804396,0.03234886151112016,0.8996771407208359
25973,LOF,0.08205539162596844,0.010182243245182146,0.9077623651288494
25974,LOF,0.1905509959785263,0.01598035115163918,0.7934686528698346
25975,LOF,0.04850698557564967,0.02770306174628659,0.9237899526780639
25976,LOF,0.04338377119519782,0.01695764919395703,0.9396585796108451
25977,LOF,0.15243746021060275,0.08502231753849655,0.7625402222509008
25978,LOF,0.1550160916528297,0.08058237346007861,0.7644015348870916
25979,LOF,0.14499552157228457,0.0797938250042397,0.7752106534234757
25980,LOF,0.2317996405789113,0.09769990989034362,0.670500449530745
25981,LOF,0.2650187862855541,0.09441259307266263,0.6405686206417833
25982,LOF,0.4216894025906087,0.06655652308281917,0.5117540743265722
25983,LOF,0.41004023814622137,0.07376001095883618,0.5161997508949424
25984,LOF,0.0484176500147587,0.0433040863699145,0.9082782636153268
25985,LOF,0.040365498561344595,0.2836212973687153,0.6760132040699401
25986,LOF,0.044559704911056236,0.3228215633639256,0.6326187317250181
25987,LOF,0.08470154346905673,0.07000018214828234,0.8452982743826609
25988,LOF,0.16141081968653911,0.05488351610460151,0.7837056642088593
25989,LOF,0.03732204422859585,0.11362608362176922,0.8490518721496348
25990,LOF,0.04348620248708957,0.1615488860050799,0.7949649115078306
25991,LOF,0.11600400951617244,0.2500525822214465,0.633943408262381
25992,LOF,0.2742508031051004,0.1498885599496249,0.5758606369452747
25993,LOF,0.02182870660657518,0.07419934817125513,0.9039719452221697
25994,LOF,0.016184224365306712,0.08602925505204859,0.8977865205826447
25995,LOF,0.021821459905248322,0.18469494115228227,0.7934835989424694
25996,GOF,0.311773218162616,0.39555192552217433,0.2926748563152096
25997,LOF,0.07450723611874774,0.3746102720328536,0.5508824918483988
25998,Neutral,0.5105081121416863,0.024039887102300476,0.4654520007560131
25999,LOF,0.11678921785161045,0.08764452627061538,0.7955662558777741
26000,LOF,0.1526442986537089,0.05328380152808096,0.7940718998182101
26001,LOF,0.1934083318653476,0.05158422664359172,0.7550074414910607
26002,LOF,0.12766608770407956,0.04756821266533115,0.8247656996305892
26003,GOF,0.010417966659877787,0.5758832894044822,0.41369874393564
26004,GOF,0.02185188906572906,0.6702334332704352,0.30791467766383573
26005,LOF,0.006441979294699033,0.45441539142521625,0.5391426292800847
26006,Neutral,0.5102386100347909,0.2545668043729565,0.23519458559225268
26007,GOF,0.02074934936968405,0.5245471438658449,0.45470350676447097
26008,GOF,0.017068032805891992,0.5890726407980553,0.3938593263960527
26009,GOF,0.02032165013599266,0.6798725493949619,0.29980580046904554
26010,GOF,0.02462113170310565,0.6273475343517035,0.34803133394519076
26011,LOF,0.006584992014962892,0.43354532860731787,0.5598696793777194
26012,GOF,0.012818436152370355,0.5432157269110123,0.44396583693661734
26013,GOF,0.017471241035289083,0.5956484917931516,0.38688026717155943
26014,LOF,0.04246747514215893,0.10547784292547562,0.8520546819323653
26015,LOF,0.15683418458538675,0.016429083778042617,0.8267367316365707
26016,LOF,0.2105814261903644,0.06344959820760532,0.7259689756020302
26017,LOF,0.23585269616688387,0.09061515158938334,0.6735321522437329
26018,LOF,0.0840217083477895,0.03768616811306952,0.8782921235391411
26019,LOF,0.07859093885992437,0.029497947255137966,0.8919111138849377
26020,LOF,0.07331130337801367,0.10699044287324877,0.8196982537487376
26021,LOF,0.05298558245419752,0.1030324065289943,0.8439820110168081
26022,LOF,0.011319724395810643,0.03750266836339847,0.951177607240791
26023,LOF,0.0676010024308286,0.024307161177501074,0.9080918363916703
26024,LOF,0.032233786993114986,0.11084976644238768,0.8569164465644973
26025,LOF,0.14847762026044567,0.09742848627333335,0.7540938934662211
26026,LOF,0.33422407211535143,0.026944716843925035,0.6388312110407235
26027,LOF,0.06303564258230554,0.018653437918252996,0.9183109194994414
26028,LOF,0.17623620789494038,0.06500850350248966,0.7587552886025699
26029,LOF,0.05850070079262085,0.1874151433495155,0.7540841558578636
26030,LOF,0.0207093785159957,0.05166231353869817,0.9276283079453062
26031,LOF,0.02422901815390127,0.1358574473251642,0.8399135345209345
26032,LOF,0.06287328632638726,0.08450207285064096,0.8526246408229718
26033,LOF,0.07662902961461286,0.08730063491239129,0.8360703354729959
26034,LOF,0.03490584320929016,0.16194561785573125,0.8031485389349786
26035,LOF,0.02316226758952302,0.1522589740393171,0.8245787583711599
26036,LOF,0.03216543251461669,0.1723483149531357,0.7954862525322476
26037,LOF,0.019164107543356804,0.12728689158285503,0.8535490008737882
26038,LOF,0.05934741774210444,0.08865310416802616,0.8519994780898695
26039,LOF,0.04376901490289005,0.15241702595138462,0.8038139591457253
26040,LOF,0.19386745019695337,0.13102404050579067,0.675108509297256
26041,LOF,0.019497721033221522,0.11585861595875198,0.8646436630080264
26042,LOF,0.01816755652605059,0.10865412128699235,0.8731783221869571
26043,LOF,0.059084335259112844,0.10311326155348044,0.8378024031874067
26044,LOF,0.016946491734752073,0.06455424318146653,0.9184992650837814
26045,LOF,0.06185569598846012,0.10264957852684445,0.8354947254846954
26046,LOF,0.05340787305900327,0.08417207157710724,0.8624200553638895
26047,LOF,0.0708494215910011,0.08700469974014662,0.8421458786688523
26048,LOF,0.04212962724908818,0.041888401132243396,0.9159819716186683
26049,Neutral,0.9688110162059458,0.006631635396137766,0.024557348397916377
26050,Neutral,0.9534152787319711,0.008252923226783958,0.03833179804124495
26051,LOF,0.049555218125491636,0.28152509889619226,0.6689196829783162
26052,LOF,0.06639061999410968,0.3053974867463323,0.628211893259558
26053,LOF,0.05430907239222991,0.1271993044065532,0.8184916232012169
26054,LOF,0.054792472932128994,0.0182868002505076,0.9269207268173635
26055,LOF,0.07387134359163106,0.015624833966925893,0.910503822441443
26056,LOF,0.06046087420363291,0.017367267590219247,0.9221718582061479
26057,LOF,0.03039338298215662,0.012404787522262616,0.9572018294955809
26058,LOF,0.03145094109121174,0.010111305915123363,0.9584377529936648
26059,LOF,0.29206552583196904,0.023089205628393623,0.6848452685396373
26060,LOF,0.041954130230888884,0.1897269963370132,0.7683188734320979
26061,LOF,0.01840996350258535,0.01090799481991196,0.9706820416775027
26062,LOF,0.010862043634793298,0.016395926519676047,0.9727420298455307
26063,LOF,0.020629691274975086,0.011980173568561176,0.9673901351564638
26064,LOF,0.02272209896876614,0.023854283812846586,0.9534236172183873
26065,LOF,0.02598321186339552,0.013172280631352628,0.9608445075052519
26066,LOF,0.020310959111354474,0.012130538324951071,0.9675585025636944
26067,LOF,0.027092576337382056,0.009522840970809594,0.9633845826918084
26068,LOF,0.0483605209584122,0.028785665194682394,0.9228538138469055
26069,LOF,0.2843528345341572,0.019534165734113974,0.6961129997317289
26070,LOF,0.42761176206406,0.017024377616528315,0.5553638603194117
26071,LOF,0.020771123150748787,0.012448893427271202,0.9667799834219799
26072,LOF,0.018910384124391378,0.018668475772312985,0.9624211401032956
26073,LOF,0.021196360681279988,0.012348250230732046,0.9664553890879879
26074,Neutral,0.9111607775507085,0.005933866516768495,0.08290535593252313
26075,LOF,0.04768577728502882,0.014503099412372676,0.9378111233025985
26076,LOF,0.03935180905577249,0.009454023213158564,0.9511941677310689
26077,LOF,0.009583245882427621,0.015372311842309984,0.9750444422752624
26078,LOF,0.015024305641439292,0.010910669727768458,0.9740650246307923
26079,LOF,0.06378924251668262,0.017413080966259306,0.9187976765170579
26080,LOF,0.06272562710822369,0.017447410746784266,0.9198269621449919
26081,LOF,0.0367047563058951,0.007207287577360839,0.956087956116744
26082,LOF,0.01402422109573251,0.015396148007255242,0.9705796308970123
26083,LOF,0.20033277646174077,0.014843474898959453,0.7848237486392998
26084,LOF,0.04494952152553505,0.011943732413015667,0.9431067460614493
26085,LOF,0.039466930716137535,0.011410573360478331,0.9491224959233842
26086,LOF,0.020594523516404735,0.011796650318876991,0.9676088261647182
26087,LOF,0.024348473683314876,0.008658301682191425,0.9669932246344938
26088,LOF,0.016713976498592267,0.02184404328824482,0.961441980213163
26089,LOF,0.04350832233304329,0.022804683554992815,0.9336869941119638
26090,LOF,0.043340901975611704,0.0179919677281752,0.9386671302962132
26091,LOF,0.034224497233150075,0.0069808925867836415,0.9587946101800664
26092,LOF,0.022937236244327006,0.008778010199570823,0.9682847535561021
26093,LOF,0.0352043623191505,0.006659067523385203,0.9581365701574642
26094,LOF,0.03672575852017914,0.007005527458918906,0.956268714020902
26095,LOF,0.04183192175760498,0.01411214878255969,0.9440559294598353
26096,LOF,0.018370299612116187,0.011831964614953935,0.9697977357729299
26097,LOF,0.01245916019069418,0.0340719611626566,0.9534688786466492
26098,LOF,0.08262166161839421,0.011651323179074203,0.9057270152025315
26099,LOF,0.021120013243822768,0.013205003605107209,0.9656749831510701
26100,LOF,0.023039873336202273,0.012759918208805275,0.9642002084549923
26101,LOF,0.04881710972089168,0.01581206813186844,0.93537082214724
26102,LOF,0.021227687827583053,0.013849689022640528,0.9649226231497764
26103,Neutral,0.8834609410865886,0.019869481997563332,0.09666957691584803
26104,LOF,0.08641346463835337,0.024402891299166993,0.8891836440624796
26105,LOF,0.1988074079862114,0.2636388560659676,0.537553735947821
26106,LOF,0.1868909628204687,0.11562393237985553,0.6974851047996757
26107,LOF,0.24044986264826146,0.07585185808537737,0.6836982792663612
26108,LOF,0.2525496571246751,0.08307557935579271,0.6643747635195323
26109,LOF,0.09663777146415797,0.04834155253552805,0.855020676000314
26110,LOF,0.20407024432548562,0.007366732173700356,0.7885630235008141
26111,Neutral,0.5028364482106045,0.030599596871145062,0.46656395491825053
26112,LOF,0.03143341569817513,0.00797588580137185,0.9605906985004531
26113,LOF,0.06091255682328705,0.01771071365917402,0.9213767295175389
26114,LOF,0.025532273233522248,0.027823371611803108,0.9466443551546747
26115,LOF,0.08572704149374998,0.049458062986098957,0.8648148955201511
26116,LOF,0.06841376463287792,0.06059452483106123,0.8709917105360607
26117,LOF,0.43386130934085454,0.04611004328618556,0.52002864737296
26118,LOF,0.03252270872783782,0.027076009906881117,0.9404012813652811
26119,LOF,0.022221895300124864,0.03778471961036964,0.9399933850895056
26120,LOF,0.02504605321010765,0.02234301906209585,0.9526109277277965
26121,LOF,0.049021709613889394,0.08786149463517245,0.8631167957509382
26122,LOF,0.0408317298794211,0.044357496828844156,0.9148107732917348
