feature0,prediction,LoGoFunc_Neutral,LoGoFunc_GOF,LoGoFunc_LOF
25546,Neutral,0.6768496629040894,0.05764335611451984,0.26550698098139064
25547,Neutral,0.4991029464933743,0.10327989243683738,0.39761716106978845
25548,Neutral,0.5212391238115873,0.08607840005623767,0.392682476132175
25549,LOF,0.4336003963129264,0.0872420631693044,0.4791575405177692
25550,LOF,0.3608942434023624,0.12941413218319664,0.5096916244144409
25551,LOF,0.30732538860987246,0.1428050886354378,0.5498695227546897
25552,LOF,0.2440299822698566,0.1406158055752608,0.6153542121548826
25553,Neutral,0.8146539002803038,0.04549146284642897,0.1398546368732672
25554,LOF,0.2892465171845127,0.13186839019045565,0.5788850926250315
25555,LOF,0.24107534542899625,0.12430956834877095,0.6346150862222328
25556,Neutral,0.4542626193597337,0.10449907413638578,0.4412383065038805
25557,LOF,0.2263952238290727,0.1298454871909323,0.643759288979995
25558,LOF,0.27921350533255523,0.12986312421340404,0.5909233704540408
25559,LOF,0.18358059117970746,0.1307617777461217,0.6856576310741708
25560,LOF,0.14562188264434142,0.09656152873732612,0.7578165886183325
25561,LOF,0.14062176462722367,0.12050006621665686,0.7388781691561195
25562,LOF,0.07889364625419772,0.07556700585431635,0.845539347891486
25563,LOF,0.022093538203135622,0.1102924329400691,0.8676140288567953
25564,LOF,0.21900166793823594,0.11098743113076771,0.6700109009309962
25565,LOF,0.21720934337782855,0.13459626002480574,0.6481943965973658
25566,GOF,0.09967297139210976,0.6861469823694818,0.21418004623840836
25567,LOF,0.03605656514381132,0.11638704445186772,0.847556390404321
25568,LOF,0.05784207983458722,0.0673187287003043,0.8748391914651086
25569,LOF,0.05819464444812389,0.06857315610095754,0.8732321994509186
25570,LOF,0.027392000071436617,0.0934185069498252,0.8791894929787382
25571,LOF,0.026666861824898323,0.09506382165572742,0.8782693165193743
25572,LOF,0.06305192282205455,0.1116318904899406,0.8253161866880048
25573,LOF,0.057500549652023676,0.08008165726789049,0.8624177930800858
25574,LOF,0.05187513871237987,0.17194525005442027,0.7761796112331998
25575,LOF,0.02224773287586511,0.11401998981041722,0.8637322773137177
25576,LOF,0.03624905841085267,0.14946286209291262,0.8142880794962347
25577,LOF,0.02978093015804975,0.09998437153167318,0.870234698310277
25578,LOF,0.28324004049131246,0.07896530300568591,0.6377946565030016
25579,LOF,0.1312055881682452,0.08490159600071433,0.7838928158310404
25580,LOF,0.019189836038597623,0.07400179989277161,0.9068083640686309
25581,LOF,0.0543373254986624,0.06376117326893868,0.8819015012323989
25582,LOF,0.05431754707457559,0.06272343387117109,0.8829590190542532
25583,LOF,0.02020865386104041,0.07536266425133202,0.9044286818876276
25584,Neutral,0.6674472395220316,0.09653456674334783,0.2360181937346206
25585,LOF,0.03290096180138143,0.11567765531019822,0.8514213828884204
25586,LOF,0.017502608703700247,0.06459290444408552,0.9179044868522142
25587,LOF,0.017010253432686237,0.0578146697133583,0.9251750768539554
25588,LOF,0.019525090354035105,0.06726175797909058,0.9132131516668743
25589,Neutral,0.5010954375207497,0.20332368863285882,0.29558087384639153
25590,LOF,0.04785097937505455,0.10042440255959399,0.8517246180653516
25591,LOF,0.09432010883911728,0.05696633115484319,0.8487135600060395
25592,LOF,0.051783195681057,0.12223062542582538,0.8259861788931175
25593,LOF,0.13612974871049,0.24475359620855444,0.6191166550809556
25594,LOF,0.049814255658622845,0.10856921439097565,0.8416165299504015
25595,LOF,0.045358423331366485,0.07795285209453862,0.876688724574095
25596,LOF,0.10552557779012835,0.0442878187820812,0.8501866034277905
25597,LOF,0.08094903619270438,0.060661121960741804,0.8583898418465538
25598,LOF,0.04806981913493759,0.08035980351008158,0.8715703773549809
25599,GOF,0.020018016807342272,0.5419269719552977,0.43805501123736
25600,GOF,0.16886099616149935,0.5350059841454925,0.29613301969300815
25601,LOF,0.0394922233265908,0.4047286946106568,0.5557790820627524
25602,LOF,0.031184845064492595,0.052134574877653245,0.9166805800578541
25603,LOF,0.037110813202405175,0.02757479259993257,0.9353143941976623
25604,LOF,0.03915985294972096,0.05139064707735644,0.9094494999729227
25605,LOF,0.040088807156033614,0.1608934865783076,0.7990177062656587
25606,LOF,0.4152390116003579,0.10252672535419355,0.4822342630454486
25607,LOF,0.02526029301333831,0.16127121197907668,0.8134684950075851
25608,LOF,0.03641769508315444,0.07187393219042558,0.8917083727264201
25609,GOF,0.1541539085599448,0.5335664846768848,0.3122796067631703
25610,LOF,0.015298356448211635,0.027385134954416072,0.9573165085973723
25611,LOF,0.015487961848012972,0.03146879694590688,0.9530432412060802
25612,LOF,0.04800998250477114,0.03700563450105617,0.9149843829941726
25613,LOF,0.04492171536117975,0.03765164129559293,0.9174266433432274
25614,LOF,0.022291159674469846,0.02633632785603851,0.9513725124694916
25615,LOF,0.04616769274350199,0.0355033649965659,0.918328942259932
25616,LOF,0.04659710402439115,0.026396115976000962,0.9270067799996079
25617,LOF,0.0446558102244161,0.03486719204789811,0.9204769977276859
25618,LOF,0.05276894676614678,0.031118189560389694,0.9161128636734635
25619,LOF,0.015207288243578122,0.028959672003861535,0.9558330397525604
25620,LOF,0.06350484256056271,0.037467723006116005,0.8990274344333213
25621,LOF,0.053569078919764604,0.031824640898841856,0.9146062801813937
25622,LOF,0.06096860168250859,0.03135443847419843,0.9076769598432929
25623,LOF,0.07250832354434557,0.026633091230420104,0.9008585852252343
25624,LOF,0.019615755462414865,0.03290500111998606,0.9474792434175991
25625,LOF,0.06646308584125211,0.03904854491598119,0.8944883692427665
25626,LOF,0.04806149175835558,0.03560315629657118,0.9163353519450733
25627,Neutral,0.8875694343186845,0.022224062781429476,0.090206502899886
25628,LOF,0.12752482564732492,0.06037785310632476,0.8120973212463504
25629,LOF,0.06347136493361083,0.044712555909011895,0.8918160791573774
25630,LOF,0.2680646643553596,0.07575872584298983,0.6561766098016506
25631,Neutral,0.5271884966494866,0.06402930929128789,0.4087821940592254
25632,LOF,0.02583792516479905,0.06246767530308892,0.911694399532112
25633,LOF,0.20213179214403157,0.034900080035101054,0.7629681278208673
25634,LOF,0.0346359992373674,0.0764236142030782,0.8889403865595544
25635,LOF,0.0392655139705041,0.04255604019466926,0.9181784458348267
25636,GOF,0.03775905664169505,0.5092487255854229,0.45299221777288196
25637,GOF,0.07685421953685709,0.46335074599849024,0.45979503446465275
25638,LOF,0.04392168372950781,0.2839651223810696,0.6721131938894227
25639,LOF,0.03491296271661917,0.3303079682076643,0.6347790690757165
25640,Neutral,0.8103242261653457,0.1448737281074255,0.04480204572722888
25641,LOF,0.05246312216306609,0.45567413296978787,0.49186274486714593
25642,LOF,0.04041199745709514,0.15005537903008043,0.8095326235128245
25643,LOF,0.19276613313851496,0.16941575975184495,0.63781810710964
25644,LOF,0.02050977020375606,0.4816048854748453,0.4978853443213985
25645,LOF,0.0210716980895087,0.42382131078194196,0.5551069911285492
25646,LOF,0.051963059799152556,0.3307759791199256,0.6172609610809219
25647,LOF,0.02159376305959432,0.27083827102619434,0.7075679659142113
25648,LOF,0.029674715381342563,0.24422381889650405,0.7261014657221534
25649,LOF,0.014899777324797159,0.24096352800816273,0.7441366946670401
25650,LOF,0.05807260931783653,0.419767467287967,0.5221599233941966
25651,LOF,0.01705637262980046,0.2746651748315177,0.7082784525386818
25652,LOF,0.02932097555339014,0.27495783209978997,0.6957211923468198
25653,LOF,0.08345952585511696,0.4153026134535057,0.5012378606913773
25654,LOF,0.023961672020416314,0.20024771524327825,0.7757906127363053
25655,LOF,0.22972499301966828,0.3806154410583925,0.3896595659219392
25656,LOF,0.29837103940687987,0.045255310590906664,0.6563736500022135
25657,LOF,0.0766502488861609,0.05294435241527745,0.8704053986985616
25658,LOF,0.40248461823890086,0.04730323519687178,0.5502121465642273
25659,Neutral,0.5534295865557268,0.06593123792875476,0.3806391755155185
25660,LOF,0.026245132262915964,0.0741452657345321,0.8996096020025519
25661,LOF,0.09594004433728172,0.05422702063220994,0.8498329350305083
25662,LOF,0.032804605666125315,0.030042123300661028,0.9371532710332137
25663,LOF,0.039511019607929514,0.04207294780680267,0.9184160325852677
25664,LOF,0.14447810123016597,0.054272416710717315,0.8012494820591167
25665,LOF,0.05376342470146991,0.027776981732322917,0.9184595935662071
25666,LOF,0.08997644693100505,0.06746778450340228,0.8425557685655927
25667,LOF,0.0645393775841448,0.039191935122729296,0.8962686872931259
25668,LOF,0.03701371516879155,0.04027718205120047,0.922709102780008
25669,LOF,0.03515548109894368,0.05212343418000997,0.9127210847210464
25670,LOF,0.14605247809508357,0.04368671169276304,0.8102608102121535
25671,LOF,0.09654744105305171,0.030198921615963648,0.8732536373309846
25672,LOF,0.05515239640828197,0.03743291726392607,0.9074146863277919
25673,LOF,0.08174347559854293,0.03817008548775504,0.880086438913702
25674,LOF,0.06959206460611612,0.046021665129705694,0.884386270264178
25675,LOF,0.1215885231286267,0.04478558413662804,0.8336258927347452
25676,LOF,0.018543714843835712,0.04747986656198662,0.9339764185941778
25677,LOF,0.026506176236609665,0.0626348279894564,0.9108589957739339
25678,LOF,0.18418858069676666,0.04975656367644354,0.7660548556267899
25679,LOF,0.12281815736459992,0.07065614195142435,0.8065257006839758
25680,LOF,0.031124847248749844,0.10682580515588916,0.862049347595361
25681,LOF,0.04824755960625327,0.09316598522969083,0.8585864551640559
25682,LOF,0.13629393961059133,0.05585644685771339,0.8078496135316952
25683,LOF,0.12214593535711744,0.07485995693349921,0.8029941077093834
25684,LOF,0.03986179507189591,0.05654285353528203,0.903595351392822
25685,LOF,0.13077307073500338,0.04438740916805573,0.824839520096941
25686,LOF,0.07419082817853967,0.09231233649694652,0.8334968353245138
25687,LOF,0.1144921776818999,0.07974579839258929,0.8057620239255108
25688,LOF,0.2889428105406694,0.035413004552756075,0.6756441849065745
25689,LOF,0.2164958841359851,0.04220191729760575,0.7413021985664092
25690,LOF,0.3346604523462648,0.037174306371385184,0.6281652412823501
25691,Neutral,0.6883468641062476,0.03311448222462666,0.2785386536691257
25692,LOF,0.2727260197413251,0.012072431057338861,0.715201549201336
25693,GOF,0.051502396873544694,0.490028699887794,0.45846890323866124
25694,LOF,0.1228598812276339,0.02208309522393294,0.8550570235484332
25695,LOF,0.12520815337270289,0.018914740121594848,0.8558771065057023
25696,LOF,0.11786646736139673,0.010824497277385596,0.8713090353612176
25697,LOF,0.12044369907388056,0.027235613789759913,0.8523206871363594
25698,LOF,0.3524033938223127,0.2582660784353103,0.3893305277423769
25699,LOF,0.4070505218050607,0.043525106884608,0.5494243713103313
25700,LOF,0.05058908417114466,0.011463864678218852,0.9379470511506366
25701,LOF,0.1622738662789938,0.05651886419695009,0.7812072695240561
25702,GOF,0.17087596480406186,0.5552885132032457,0.2738355219926925
25703,LOF,0.015186971077657685,0.15156256286626713,0.8332504660560751
25704,LOF,0.04839666501025505,0.11214601680479552,0.8394573181849494
25705,LOF,0.05843188770300684,0.1741619489542524,0.7674061633427408
25706,LOF,0.09550061989472935,0.34017959738636605,0.5643197827189047
25707,LOF,0.09512999166266564,0.2873888653673654,0.617481142969969
25708,LOF,0.032167725437949,0.2653640840013373,0.7024681905607137
25709,LOF,0.05718008685516733,0.04072560595670103,0.9020943071881318
25710,LOF,0.012187699851391402,0.12911352274045984,0.8586987774081488
25711,LOF,0.01925632861811296,0.08938650466104354,0.8913571667208434
25712,LOF,0.013352108491475681,0.171418398955289,0.8152294925532353
25713,LOF,0.01821364237609475,0.07611827466580148,0.9056680829581036
25714,LOF,0.06961157366705692,0.07540369733315047,0.8549847289997926
25715,LOF,0.01036169655764076,0.12973641423886434,0.859901889203495
25716,LOF,0.014153248561626306,0.10580645774409272,0.880040293694281
25717,LOF,0.012685789159299759,0.07460295522179301,0.9127112556189073
25718,LOF,0.011462967380407012,0.09562329880948013,0.8929137338101129
25719,LOF,0.018836300431128376,0.07579854449638086,0.9053651550724908
25720,LOF,0.020720082597673967,0.06734514064354417,0.9119347767587818
25721,LOF,0.015176266860373036,0.0972233728791678,0.8876003602604593
25722,LOF,0.012899160133427475,0.11122585616336705,0.8758749837032054
25723,LOF,0.022586323165769716,0.04446673200727993,0.9329469448269504
25724,LOF,0.023181303996755158,0.0792432870078748,0.8975754089953701
25725,LOF,0.011692625494740578,0.06836854184251072,0.9199388326627488
25726,LOF,0.01436876294156082,0.09576024561556906,0.8898709914428701
25727,LOF,0.013140777722475839,0.07896031202299865,0.9078989102545256
25728,LOF,0.009612575175015271,0.10487548160116265,0.8855119432238222
25729,LOF,0.009890233567687296,0.10504019670269521,0.8850695697296175
25730,LOF,0.013646089956351271,0.07868081501581575,0.907673095027833
25731,LOF,0.021338501425013888,0.11202600148323205,0.8666354970917541
25732,LOF,0.014781089765872451,0.07872942289508648,0.9064894873390411
25733,LOF,0.015670283565484392,0.06941523690097924,0.9149144795335363
25734,LOF,0.01314941615911045,0.1259041347002197,0.8609464491406699
25735,LOF,0.013335931142879738,0.07635693417337244,0.9103071346837477
25736,LOF,0.014425979458733178,0.09792419530958925,0.8876498252316777
25737,LOF,0.02078070772823154,0.07851995692093801,0.9006993353508305
25738,LOF,0.013287737689687568,0.10653072152164365,0.8801815407886688
25739,LOF,0.01972915786792651,0.07641066523006311,0.9038601769020104
25740,LOF,0.02708586756768622,0.09083366371588826,0.8820804687164255
25741,LOF,0.01479598620330012,0.10371156000776229,0.8814924537889376
25742,LOF,0.11073599006792809,0.07709361008172703,0.8121703998503449
25743,LOF,0.034306667442798394,0.027072576869202867,0.9386207556879989
25744,Neutral,0.6026892893172795,0.19554512357780462,0.20176558710491588
25745,LOF,0.0899865461986726,0.06316677746447356,0.8468466763368538
25746,LOF,0.041736924012006044,0.07240086712565541,0.8858622088623386
25747,LOF,0.023643569333391328,0.03359832376907749,0.9427581068975311
25748,LOF,0.10426444332974767,0.04687655785744179,0.8488589988128106
25749,LOF,0.026630360494362248,0.06695653576516623,0.9064131037404716
25750,LOF,0.08187184489722482,0.06792656523089591,0.8502015898718792
25751,LOF,0.10158131778645653,0.045412793400115045,0.8530058888134284
25752,GOF,0.10866324160198038,0.6647140341155263,0.22662272428249322
25753,LOF,0.018846517056265475,0.2702816363828431,0.7108718465608914
25754,GOF,0.010161900023219246,0.7558282441490146,0.23400985582776604
25755,LOF,0.021333710191291076,0.37716018408565255,0.6015061057230564
25756,LOF,0.04031679105506745,0.3693389458129364,0.5903442631319962
25757,GOF,0.014724660085334853,0.8451655197426367,0.14010982017202842
25758,GOF,0.031272754515927884,0.8131367999248824,0.15559044555918958
25759,GOF,0.011546191206892216,0.5266671120263038,0.461786696766804
25760,LOF,0.014153415516552555,0.23898043613133496,0.7468661483521125
25761,GOF,0.2921016555375181,0.6169139876940467,0.09098435676843528
25762,LOF,0.03921778026616649,0.25957645854406636,0.7012057611897672
25763,LOF,0.01294252920434582,0.20643974577018984,0.7806177250254643
25764,GOF,0.07513844428227763,0.6294401376024927,0.2954214181152296
25765,GOF,0.04404740372299089,0.7402408823313142,0.21571171394569494
25766,GOF,0.05860833171630805,0.7704202693467153,0.17097139893697666
25767,GOF,0.16861484236334798,0.4601025450102903,0.37128261262636175
25768,LOF,0.09055333177798978,0.06573761413528079,0.8437090540867294
25769,LOF,0.0665862515263652,0.06237108564854251,0.8710426628250922
25770,LOF,0.2758638794275809,0.07857736246086668,0.6455587581115525
25771,LOF,0.04009311463065383,0.04505634054832051,0.9148505448210257
25772,LOF,0.016633756799582816,0.0301530237957973,0.9532132194046199
25773,LOF,0.04311325515467839,0.07638754970551548,0.880499195139806
25774,LOF,0.02826606278777095,0.07333993895302272,0.8983939982592064
25775,LOF,0.047968164685650426,0.045823520682456445,0.9062083146318931
25776,LOF,0.07343404023413509,0.024605434307546862,0.9019605254583182
25777,LOF,0.34128576931939586,0.051874496028327305,0.6068397346522769
25778,LOF,0.06349152764729443,0.0488331719245937,0.8876753004281118
25779,GOF,0.37105152786154216,0.5887855508601035,0.04016292127835433
25780,GOF,0.2953453890281606,0.6406235542067668,0.06403105676507262
25781,GOF,0.1363743176191485,0.7618013154460325,0.10182436693481897
25782,GOF,0.19095471049176652,0.7398109182337519,0.06923437127448166
25783,GOF,0.030025030006042966,0.6491044807698003,0.3208704892241567
25784,GOF,0.4781185632059512,0.48215727986991025,0.03972415692413852
25785,GOF,0.40823308416805054,0.5550228211084165,0.036744094723533086
25786,GOF,0.02395855188904382,0.7559538202898435,0.2200876278211126
25787,Neutral,0.6494651643619707,0.32564261302824826,0.024892222609781082
25788,LOF,0.046781121585758034,0.0954704899326276,0.8577483884816143
25789,GOF,0.19663228105628008,0.6731296496670689,0.1302380692766511
25790,GOF,0.20168136451424123,0.702408793771795,0.09590984171396386
25791,GOF,0.1435222729273912,0.676067876468057,0.18040985060455172
25792,GOF,0.3081206020806173,0.5560191279239356,0.13586026999544717
25793,GOF,0.2520058556414819,0.5443803668967755,0.2036137774617427
25794,GOF,0.3052816107230483,0.5378800564570838,0.156838332819868
25795,GOF,0.08037819753792409,0.6991858620428552,0.2204359404192208
25796,Neutral,0.5425837566626955,0.3790947587302905,0.07832148460701398
25797,GOF,0.0928512976630783,0.5394036232801299,0.36774507905679177
25798,GOF,0.009165107628610324,0.5020068918225554,0.48882800054883424
25799,LOF,0.006928593413747625,0.3879484041136941,0.6051230024725583
25800,GOF,0.030485880871258204,0.5649879147264353,0.4045262044023064
25801,GOF,0.18450951222666873,0.6950461820320325,0.12044430574129866
25802,GOF,0.07187738073906359,0.698857616972226,0.2292650022887104
25803,GOF,0.03411193973957234,0.5700797598367644,0.3958083004236632
25804,LOF,0.031117818471430844,0.46960340092643943,0.4992787806021296
25805,GOF,0.09886098583710531,0.5979576722759594,0.3031813418869353
25806,GOF,0.08710654531737626,0.5793298388909023,0.3335636157917215
25807,GOF,0.021661838666493228,0.626471439701159,0.3518667216323479
25808,GOF,0.07552214363789538,0.6255206490382254,0.2989572073238792
25809,GOF,0.017794339738443743,0.576114958598565,0.4060907016629912
25810,GOF,0.01594205430256001,0.6074292258849118,0.3766287198125282
25811,GOF,0.42380616543145005,0.4853683037917741,0.09082553077677581
25812,GOF,0.029823722441294637,0.6221310575184712,0.3480452200402342
25813,Neutral,0.5271914629674803,0.37621940384396,0.09658913318855962
25814,GOF,0.10599221941719576,0.6627861802880584,0.23122160029474603
25815,GOF,0.1849781887305754,0.6182799946590775,0.19674181661034715
25816,GOF,0.02140083254788747,0.686226819279355,0.29237234817275753
25817,GOF,0.23032265833868912,0.6152957789359591,0.15438156272535183
25818,GOF,0.05370105779341436,0.6645693666036121,0.2817295756029734
25819,GOF,0.35666131773383836,0.49680169590546513,0.14653698636069665
25820,GOF,0.18843040532711744,0.583193388898321,0.22837620577456166
25821,GOF,0.06098154313487396,0.6567278107075641,0.2822906461575619
25822,GOF,0.21523606717393695,0.5699756253057918,0.2147883075202712
25823,GOF,0.033896128692269566,0.530866054866784,0.4352378164409465
25824,GOF,0.09551570101302741,0.5995496639762342,0.30493463501073825
25825,GOF,0.03777725001335114,0.5994097699843467,0.3628129800023022
25826,GOF,0.01573487269834111,0.5759082675124187,0.40835685978924013
25827,GOF,0.024111056381409257,0.5926365841253922,0.3832523594931986
25828,GOF,0.013086591917236847,0.5249539961845658,0.46195941189819734
25829,GOF,0.005852653563237353,0.5542009798038809,0.4399463666328818
25830,LOF,0.03271942724163676,0.28436879311003355,0.6829117796483297
25831,GOF,0.23465861123927953,0.6521895606340965,0.11315182812662397
25832,GOF,0.029151154731676832,0.7048663650580758,0.26598248021024734
25833,GOF,0.09966352481602823,0.7302355155528885,0.17010095963108332
25834,GOF,0.028620001475686208,0.7317124744882504,0.23966752403606362
25835,GOF,0.060019946182275095,0.7634118984773105,0.17656815534041445
25836,GOF,0.028766286743232884,0.6891457792986789,0.2820879339580881
25837,GOF,0.02239822104369907,0.6382641800543818,0.3393375989019192
25838,GOF,0.08229455076267395,0.7887372283680146,0.12896822086931134
25839,GOF,0.27184667829318016,0.5853183052452862,0.14283501646153368
25840,GOF,0.24168774295457604,0.6086954411330161,0.14961681591240775
25841,GOF,0.2343038397370018,0.6177507275938723,0.14794543266912596
25842,GOF,0.1350750704838503,0.7424537437079031,0.12247118580824659
25843,GOF,0.18611238562317897,0.72257261858784,0.09131499578898084
25844,GOF,0.05518119076235645,0.7459157209465109,0.19890308829113265
25845,GOF,0.016314124384231604,0.5355067734497287,0.4481791021660397
25846,GOF,0.11787155000923788,0.7413841222148239,0.14074432777593832
25847,GOF,0.09133368424635568,0.8118870444865981,0.09677927126704611
25848,GOF,0.03485942232094918,0.7234443712336923,0.24169620644535836
25849,GOF,0.010034218892494184,0.6143943550162051,0.3755714260913009
25850,GOF,0.01932411775440488,0.6731428107799201,0.3075330714656749
25851,GOF,0.015112736243072241,0.5522536093088289,0.43263365444809887
25852,GOF,0.16508482403748345,0.5770261564758058,0.2578890194867108
25853,GOF,0.34128840430850266,0.5815347836269545,0.07717681206454279
25854,GOF,0.020546258603044668,0.6237978738259164,0.355655867571039
25855,GOF,0.03253170344913607,0.5616679802889896,0.4058003162618743
25856,GOF,0.2237385660899857,0.5508176437538476,0.22544379015616675
25857,GOF,0.036897689892552266,0.5119057984959287,0.451196511611519
25858,GOF,0.021207877214253466,0.5242424470455632,0.4545496757401834
25859,GOF,0.011230023357584227,0.49838090494204595,0.49038907170036977
25860,GOF,0.3532938836891226,0.5637617596548771,0.0829443566560003
25861,GOF,0.42020205702893465,0.5019800692762437,0.07781787369482165
25862,GOF,0.07175382171605223,0.7871299582172201,0.14111622006672758
25863,GOF,0.07579438412863268,0.7955822731507114,0.12862334272065595
25864,GOF,0.19387275158004427,0.7413118579685473,0.06481539045140847
25865,GOF,0.08228453350016528,0.7958839219800647,0.12183154451976992
25866,GOF,0.050806783090167396,0.8040548433829509,0.14513837352688178
25867,GOF,0.07053498733918293,0.8316064835154389,0.0978585291453782
25868,GOF,0.25703816524684775,0.6459375903986099,0.0970242443545425
25869,Neutral,0.7168610145125764,0.24068945852152093,0.04244952696590252
25870,GOF,0.2733284662691588,0.39599287836229596,0.3306786553685452
25871,GOF,0.2095771532188255,0.6523402123896944,0.1380826343914802
25872,GOF,0.07477589091172838,0.6307372076961784,0.29448690139209327
25873,GOF,0.09780557277651826,0.6875345921171012,0.2146598351063805
25874,LOF,0.01393219994472275,0.10443254173168845,0.8816352583235889
25875,LOF,0.08619423547698797,0.03979064173074254,0.8740151227922694
25876,LOF,0.03448822635222902,0.027221823046969244,0.9382899506008018
25877,Neutral,0.5012430951801513,0.03735098967369696,0.4614059151461517
25878,LOF,0.22709802558348724,0.08030632197339313,0.6925956524431196
25879,LOF,0.08758269713084983,0.07969272522551353,0.8327245776436366
25880,LOF,0.04094769015010682,0.013308726565980906,0.9457435832839123
25881,LOF,0.15716702675925368,0.12143713060504828,0.721395842635698
25882,LOF,0.06359005758576074,0.016544357662103677,0.9198655847521356
25883,LOF,0.06268354112969379,0.018437863958215273,0.918878594912091
25884,LOF,0.03135841277889375,0.028147316603679483,0.9404942706174267
25885,LOF,0.06040804855922847,0.011413228625441186,0.9281787228153302
25886,LOF,0.25117568181672806,0.03471640862661548,0.7141079095566565
25887,LOF,0.14394792777277637,0.0672328735604821,0.7888191986667416
25888,LOF,0.057060615753815075,0.06006120942933985,0.882878174816845
25889,LOF,0.03911537766036853,0.019488783025223094,0.9413958393144083
25890,LOF,0.0475511875816753,0.15177694170917228,0.8006718707091525
25891,LOF,0.03844888422801597,0.05190238572154251,0.9096487300504416
25892,LOF,0.08606600379813227,0.024388942776754224,0.8895450534251135
25893,LOF,0.24432155110734766,0.020855696627663425,0.7348227522649889
25894,LOF,0.17419555989781704,0.01186736420323914,0.8139370758989438
25895,LOF,0.1933041046523448,0.024868130046636367,0.7818277653010187
25896,LOF,0.04986004978748301,0.022912129296806423,0.9272278209157107
25897,LOF,0.2635340183104798,0.014733230760314572,0.7217327509292056
25898,Neutral,0.7100891061137602,0.009977313124945496,0.2799335807612944
25899,LOF,0.2268567116039338,0.02210713090873594,0.7510361574873303
25900,LOF,0.4564287660418561,0.012189629208653253,0.5313816047494907
25901,LOF,0.054952654913157394,0.012109659513307194,0.9329376855735355
25902,LOF,0.16886685801527127,0.014653570381376272,0.8164795716033525
25903,Neutral,0.5913742406539672,0.031245991880101128,0.37737976746593177
25904,LOF,0.3145439008763203,0.04517297085868353,0.6402831282649962
25905,LOF,0.02534809582059827,0.32964090091065484,0.6450110032687468
25906,LOF,0.028870729986960306,0.08575150353947865,0.8853777664735609
25907,LOF,0.013683631320808931,0.3117837114486366,0.6745326572305544
25908,LOF,0.009842287216621318,0.24255468426288093,0.7476030285204978
25909,LOF,0.012561316907246848,0.13214386999423677,0.8552948130985165
25910,LOF,0.05172373647858716,0.14187142124538552,0.8064048422760274
25911,LOF,0.17919265645788632,0.02735812999473123,0.7934492135473824
25912,LOF,0.04650336511346742,0.0473983057803228,0.9060983291062098
25913,LOF,0.3332378808469011,0.02392265458898389,0.642839464564115
25914,LOF,0.021474320399178782,0.04887504500216441,0.9296506345986567
25915,Neutral,0.5977470791173541,0.13444121228357006,0.26781170859907577
25916,LOF,0.09943580006107733,0.19686079435141263,0.7037034055875101
25917,LOF,0.06717993364831847,0.03498535152331467,0.8978347148283669
25918,LOF,0.02229416053296871,0.028085998779667158,0.949619840687364
25919,LOF,0.02020874313629733,0.03134052013594036,0.9484507367277624
25920,GOF,0.10957868390496568,0.5103492723160228,0.3800720437790116
25921,LOF,0.02595871597951223,0.0373640955410551,0.9366771884794326
25922,LOF,0.03524051482343199,0.027106342393049068,0.937653142783519
25923,Neutral,0.48299455399073205,0.03785523014877214,0.4791502158604958
25924,LOF,0.03742539991120471,0.04555462636497423,0.917019973723821
25925,LOF,0.07083057522158613,0.0402781590246665,0.8888912657537473
25926,LOF,0.05124159788792416,0.03509782043045459,0.9136605816816213
25927,LOF,0.056198081267140425,0.14974376506736184,0.7940581536654977
25928,LOF,0.01931878087041541,0.05559103274301421,0.9250901863865704
25929,Neutral,0.5971782300975494,0.03998912493340774,0.36283264496904283
25930,LOF,0.07583225372825134,0.03417449717173479,0.8899932491000138
25931,LOF,0.02518738780648876,0.03585634699587912,0.9389562651976321
25932,LOF,0.029653353959926562,0.030063817834008022,0.9402828282060655
25933,LOF,0.040328260053712185,0.018903921659379777,0.940767818286908
25934,LOF,0.02417929926198976,0.022463510633182554,0.9533571901048277
25935,LOF,0.06039180481613589,0.05220114061895605,0.8874070545649081
25936,LOF,0.044778315560217045,0.02578609563027613,0.9294355888095067
25937,LOF,0.02776936159758157,0.03671911184475607,0.9355115265576623
25938,LOF,0.0639870929156814,0.05593029033660818,0.8800826167477105
25939,LOF,0.041502796452134574,0.02176113706561664,0.9367360664822487
25940,LOF,0.03524752795870775,0.3329852628907745,0.6317672091505178
25941,LOF,0.19242310075346872,0.09258470124554646,0.7149921980009849
25942,LOF,0.013002554166395562,0.03166536840242997,0.9553320774311744
25943,LOF,0.30974344181589347,0.05424161691340385,0.6360149412707027
25944,LOF,0.48497487611327833,0.020262518945970268,0.4947626049407513
25945,LOF,0.07267697195779324,0.018565266236362978,0.9087577618058438
25946,LOF,0.030020143589673864,0.10958726892450678,0.8603925874858193
25947,LOF,0.10945661212075919,0.16871371219251527,0.7218296756867256
25948,LOF,0.3543769502848832,0.007941556317501023,0.6376814933976157
25949,LOF,0.12609006091119604,0.03841634741000818,0.8354935916787957
25950,GOF,0.33155144834675154,0.33482101402889614,0.33362753762435243
25951,LOF,0.2002259847040595,0.2724246920969827,0.5273493231989578
25952,LOF,0.04367631911923574,0.45123261186453406,0.5050910690162301
25953,LOF,0.15389979142308646,0.10488604020882968,0.7412141683680838
25954,Neutral,0.42180113454464596,0.2007791256324499,0.37741973982290417
25955,LOF,0.06495331627784062,0.08498045819481362,0.8500662255273458
25956,LOF,0.1639213246976964,0.11487272358409926,0.7212059517182043
25957,LOF,0.041562858387817314,0.02810984645185881,0.930327295160324
25958,LOF,0.05541282750727689,0.02701496204708101,0.9175722104456422
25959,LOF,0.06883168872115179,0.3345901715038422,0.5965781397750061
25960,LOF,0.016400137691103225,0.05083087861190515,0.9327689836969916
25961,LOF,0.04226014402308573,0.02654076630853858,0.9311990896683757
25962,LOF,0.05477587436244954,0.03236236137352374,0.9128617642640267
25963,LOF,0.04471914499344615,0.19204266965828426,0.7632381853482697
25964,LOF,0.032963889713926164,0.1539463350007629,0.8130897752853109
25965,LOF,0.45295999535584325,0.05869730230854921,0.48834270233560767
25966,Neutral,0.506635894810562,0.1728991413243079,0.32046496386513
25967,LOF,0.01682353740580511,0.11264536122069185,0.8705311013735031
25968,LOF,0.03442512996022337,0.3965723059723279,0.5690025640674486
25969,LOF,0.03318657205392331,0.06116156494382237,0.9056518630022543
25970,LOF,0.05521295761413802,0.05775610058680977,0.8870309417990522
25971,LOF,0.06666232724771907,0.020045055583881245,0.9132926171683996
25972,LOF,0.06471210796336282,0.03102096160421232,0.9042669304324249
25973,LOF,0.08018489635146808,0.009421578291356673,0.9103935253571752
25974,LOF,0.18718403598153627,0.015607972784463625,0.7972079912340001
25975,LOF,0.04559416187387316,0.027189412292301086,0.9272164258338257
25976,LOF,0.04356989325600712,0.01654389526356042,0.9398862114804325
25977,LOF,0.14883235622634866,0.09021573052093874,0.7609519132527126
25978,LOF,0.14366737114040037,0.1025320747249454,0.7538005541346543
25979,LOF,0.13012050546519474,0.10663669826412762,0.7632427962706776
25980,LOF,0.22070295637304715,0.12564597373211112,0.6536510698948417
25981,LOF,0.2523990984689259,0.12307880579137671,0.6245220957396974
25982,LOF,0.41217478225313825,0.08572866658742592,0.5020965511594359
25983,LOF,0.3894566538889453,0.09921541168597325,0.5113279344250814
25984,LOF,0.046274215572379776,0.04952408256233637,0.9042017018652839
25985,LOF,0.03767754084693119,0.2720272364521824,0.6902952227008864
25986,LOF,0.0456343091064236,0.31461107120989407,0.6397546196836824
25987,LOF,0.09250646526033059,0.06917151237952274,0.8383220223601467
25988,LOF,0.15765460410159207,0.05587818904620147,0.7864672068522065
25989,LOF,0.03403955677900641,0.11340732599406292,0.8525531172269306
25990,LOF,0.03916333458647555,0.16475811134997803,0.7960785540635464
25991,LOF,0.14080158367870585,0.24813895573900277,0.6110594605822913
25992,LOF,0.32835828085043095,0.14648108582092847,0.5251606333286406
25993,LOF,0.025074025979716,0.07851518152379922,0.8964107924964849
25994,LOF,0.01915716547891878,0.08101966821617974,0.8998231663049014
25995,LOF,0.02405841407498239,0.17326985098937553,0.8026717349356421
25996,Neutral,0.3671278817297027,0.36480691365020057,0.26806520462009686
25997,LOF,0.0966772877850639,0.3837596823462899,0.5195630298686462
25998,Neutral,0.5109410671822068,0.026625699647126473,0.46243323317066676
25999,LOF,0.096480244567162,0.10720949919197355,0.7963102562408645
26000,LOF,0.1379314677045977,0.042796796536498406,0.819271735758904
26001,LOF,0.19957651012323918,0.0506460040431727,0.749777485833588
26002,LOF,0.12670979587338407,0.04099067232459247,0.8322995318020235
26003,GOF,0.010481499479481904,0.5866039060763611,0.40291459444415695
26004,GOF,0.021147636521650307,0.692288763945676,0.28656359953267363
26005,LOF,0.006296808910352047,0.43987726544009703,0.5538259256495509
26006,Neutral,0.537914027671012,0.21981662843346464,0.24226934389552332
26007,GOF,0.021630139803189282,0.511591564155314,0.4667782960414967
26008,GOF,0.017883078045124526,0.6097307810328727,0.37238614092200273
26009,GOF,0.01950899594225407,0.6768132582991419,0.3036777457586041
26010,GOF,0.020521394920097226,0.6295802460574452,0.34989835902245753
26011,LOF,0.006465055441365702,0.42646073018599034,0.567074214372644
26012,GOF,0.0113030449087798,0.5692358034046378,0.4194611516865824
26013,GOF,0.01748640063017197,0.6117607480818673,0.3707528512879607
26014,LOF,0.041935105794148234,0.12083346783740988,0.8372314263684419
26015,LOF,0.1455843569254424,0.015509351273916755,0.8389062918006409
26016,LOF,0.1912231638404103,0.05704907344246113,0.7517277627171285
26017,LOF,0.2072892088383337,0.09144126985201212,0.7012695213096541
26018,LOF,0.07866865187788415,0.03995211775120365,0.8813792303709121
26019,LOF,0.07568799901598242,0.032143430065055205,0.8921685709189625
26020,LOF,0.06421765323326832,0.09880413180499995,0.8369782149617317
26021,LOF,0.044468456325377784,0.10415816074446951,0.8513733829301526
26022,LOF,0.010645896994278151,0.04125816045501891,0.9480959425507028
26023,LOF,0.06747437051625271,0.026230716181460688,0.9062949133022866
26024,LOF,0.027255880042466943,0.111681499375517,0.8610626205820161
26025,LOF,0.14534671650138886,0.09654459063620843,0.7581086928624027
26026,LOF,0.3126950742385464,0.03107492445517691,0.6562300013062766
26027,LOF,0.058080319031474294,0.020083594333611003,0.9218360866349148
26028,LOF,0.1649370656864469,0.06298449474020483,0.7720784395733484
26029,LOF,0.06760184608541644,0.14633256674983836,0.7860655871647453
26030,LOF,0.021897421917518,0.030388104835598048,0.9477144732468838
26031,LOF,0.025226066634943735,0.10518957337518123,0.869584359989875
26032,LOF,0.06918678368643692,0.0473903449412664,0.8834228713722967
26033,LOF,0.09435779693533669,0.04675449492558059,0.8588877081390827
26034,LOF,0.04048565330010268,0.12640152997989998,0.8331128167199974
26035,LOF,0.02501304345680543,0.12128358270400234,0.8537033738391923
26036,LOF,0.03710427749345293,0.1359532918646326,0.8269424306419145
26037,LOF,0.021278229880899596,0.09515156668548366,0.8835702034336167
26038,LOF,0.06579573814587171,0.04954364097834669,0.8846606208757817
26039,LOF,0.05093594841979286,0.11831376792484916,0.8307502836553581
26040,LOF,0.2159738761739195,0.09706120173723659,0.686964922088844
26041,LOF,0.02181766299667112,0.0862219574831167,0.8919603795202122
26042,LOF,0.02007878655220944,0.08256557837355373,0.8973556350742368
26043,LOF,0.06719352701041045,0.05697761182265601,0.8758288611669336
26044,LOF,0.019113285555531167,0.03961878874089291,0.9412679257035759
26045,LOF,0.06889767579276256,0.07562097339091946,0.855481350816318
26046,LOF,0.06221786666682668,0.04726707529340916,0.8905150580397642
26047,LOF,0.08574026139220947,0.04915008488061042,0.8651096537271801
26048,LOF,0.04410855807617124,0.0279117554773328,0.927979686446496
26049,Neutral,0.96532681763393,0.005292610160887011,0.029380572205182892
26050,Neutral,0.9503903230740784,0.006647245142959727,0.04296243178296189
26051,LOF,0.051341995009895544,0.27225203691690364,0.6764059680732009
26052,LOF,0.07161912858665408,0.34498676576524423,0.5833941056481017
26053,LOF,0.06295301193692848,0.15529542869771448,0.7817515593653571
26054,LOF,0.052544091458257496,0.01631260016306587,0.9311433083786766
26055,LOF,0.07118315826216236,0.014786093744912432,0.9140307479929253
26056,LOF,0.06241545938169864,0.0167481683252464,0.9208363722930549
26057,LOF,0.0338168823184948,0.011636734254739168,0.9545463834267661
26058,LOF,0.034395411025584466,0.009447569900181788,0.9561570190742338
26059,LOF,0.28215882705609036,0.019668247519899335,0.6981729254240102
26060,LOF,0.04214875655016916,0.1697408299016201,0.7881104135482108
26061,LOF,0.016849253745137825,0.01226114074088325,0.9708896055139788
26062,LOF,0.010057426115700725,0.018285368118096383,0.9716572057662028
26063,LOF,0.01985381967280251,0.010019499624718308,0.9701266807024793
26064,LOF,0.021936456676514983,0.024904262584078466,0.9531592807394065
26065,LOF,0.026906563540696156,0.010612410441822763,0.962481026017481
26066,LOF,0.020104920966873725,0.010326587171942422,0.9695684918611839
26067,LOF,0.027324733028119462,0.007954675002904591,0.964720591968976
26068,LOF,0.04305467602128792,0.025004839844180466,0.9319404841345317
26069,LOF,0.26631710112157775,0.01626067722480683,0.7174222216536154
26070,LOF,0.39784688444147354,0.013928243690500925,0.5882248718680255
26071,LOF,0.02015344435246797,0.011305149395565425,0.9685414062519666
26072,LOF,0.0189919737093533,0.020826367196007268,0.9601816590946395
26073,LOF,0.019723458953606127,0.013198753804969161,0.9670777872414247
26074,Neutral,0.9102964720872305,0.0050677068566849235,0.08463582105608458
26075,LOF,0.04626435769361664,0.012813961469393391,0.94092168083699
26076,LOF,0.03783948635781584,0.008340564230319727,0.9538199494118644
26077,LOF,0.009782698317804506,0.013481635095482945,0.9767356665867125
26078,LOF,0.015236860040909688,0.010546389982970325,0.9742167499761198
26079,LOF,0.06636609976472907,0.01520490476557252,0.9184289954696984
26080,LOF,0.06560696799755493,0.015213215844215977,0.9191798161582291
26081,LOF,0.03567943625831981,0.006046660407169074,0.958273903334511
26082,LOF,0.013053114135472225,0.014360286039780746,0.9725865998247472
26083,LOF,0.1830990083778355,0.01359644757378125,0.8033045440483833
26084,LOF,0.043533114666476525,0.012037856829734739,0.9444290285037887
26085,LOF,0.039030022619550984,0.011455445031239853,0.9495145323492092
26086,LOF,0.02141007402655145,0.010742616567549277,0.9678473094058992
26087,LOF,0.023352802380488084,0.00840012332848105,0.9682470742910309
26088,LOF,0.015561800488352349,0.024980784417831563,0.9594574150938161
26089,LOF,0.04147769272485198,0.019729160175910254,0.9387931470992378
26090,LOF,0.041275173644953776,0.0161072815923431,0.9426175447627031
26091,LOF,0.033206543965210084,0.00575839790416848,0.9610350581306215
26092,LOF,0.021421274472014803,0.007686222380539953,0.9708925031474454
26093,LOF,0.03439514177653374,0.0052989247482624815,0.9603059334752038
26094,LOF,0.03408576701142378,0.005902864333718106,0.960011368654858
26095,LOF,0.03712606131295759,0.01224088431838087,0.9506330543686614
26096,LOF,0.015892336181871785,0.011066720734686928,0.9730409430834412
26097,LOF,0.012315889292222703,0.040690011435846454,0.9469940992719308
26098,LOF,0.08299671317035866,0.010955998445620169,0.9060472883840213
26099,LOF,0.020210180990269083,0.011784364592681026,0.96800545441705
26100,LOF,0.02222267389133296,0.011454858348305319,0.9663224677603618
26101,LOF,0.04552873524965778,0.01748157565144455,0.9369896890988976
26102,LOF,0.020263494043007764,0.01296077718406185,0.9667757287729304
26103,Neutral,0.8789870750757318,0.017565321159893774,0.10344760376437456
26104,LOF,0.08386526602700127,0.021918223784799684,0.894216510188199
26105,LOF,0.19343436617310486,0.2596432747033507,0.5469223591235445
26106,LOF,0.1604659016357496,0.1292613592407116,0.7102727391235387
26107,LOF,0.23357836232580528,0.08039919898285436,0.6860224386913404
26108,LOF,0.22763658960720695,0.08861270098166384,0.6837507094111293
26109,LOF,0.07903690661557765,0.06530664401538097,0.8556564493690414
26110,LOF,0.2022144125529409,0.006735760296148957,0.7910498271509101
26111,Neutral,0.49954215251532924,0.026241313648485757,0.47421653383618495
26112,LOF,0.03498272663577646,0.007024072371127517,0.957993200993096
26113,LOF,0.0682396127908673,0.01549614916944934,0.9162642380396834
26114,LOF,0.023759288843368014,0.026870015455449456,0.9493706957011826
26115,LOF,0.08842509327635809,0.05049912755556914,0.8610757791680728
26116,LOF,0.06326108466894574,0.053344910910436596,0.8833940044206178
26117,LOF,0.4573828417424257,0.04218729688163333,0.5004298613759409
26118,LOF,0.03328826109934411,0.02416793331349709,0.9425438055871588
26119,LOF,0.022787201137909635,0.03233895403036954,0.9448738448317208
26120,LOF,0.023980266867212347,0.018830921932172912,0.9571888112006147
26121,LOF,0.041696129704402556,0.07343223750455262,0.8848716327910447
26122,LOF,0.04359242891715872,0.031309107751559685,0.9250984633312815
