feature0,prediction,LoGoFunc_Neutral,LoGoFunc_GOF,LoGoFunc_LOF
25546,Neutral,0.6084446230838795,0.05794315655940642,0.333612220356714
25547,Neutral,0.48445458022434124,0.09023405202334342,0.4253113677523153
25548,Neutral,0.49531762639102045,0.07070195115318455,0.43398042245579505
25549,LOF,0.42072524952047285,0.07009556866224609,0.5091791818172811
25550,LOF,0.3660192788083943,0.09987436021858567,0.53410636097302
25551,LOF,0.3225273347643563,0.10986882459806623,0.5676038406375775
25552,LOF,0.2749011535950994,0.11175521833714291,0.6133436280677577
25553,Neutral,0.7842004685081131,0.04502899505612523,0.17077053643576165
25554,LOF,0.30977352719948514,0.1004317852618833,0.5897946875386315
25555,LOF,0.26528231494236515,0.09664653848727127,0.6380711465703636
25556,LOF,0.43246575830456674,0.08496439623570395,0.48256984545972925
25557,LOF,0.2563891017953591,0.101849331497002,0.641761566707639
25558,LOF,0.30094592591193375,0.09542393804856171,0.6036301360395046
25559,LOF,0.2554045938179614,0.15090761811259387,0.5936877880694448
25560,LOF,0.16995235943519507,0.12111200139565012,0.7089356391691548
25561,LOF,0.1604659073801999,0.14003612701249493,0.6994979656073051
25562,LOF,0.07726336680341758,0.08079345122669795,0.8419431819698845
25563,LOF,0.027829993695686474,0.14871395763195866,0.8234560486723548
25564,LOF,0.19991452100587712,0.14047124206875394,0.6596142369253689
25565,LOF,0.20566529967779057,0.12743496520478512,0.6668997351174243
25566,GOF,0.09301216400984723,0.6963116208713159,0.21067621511883675
25567,LOF,0.04112556065737197,0.18270627342455742,0.7761681659180706
25568,LOF,0.059592350281004056,0.09304336684414229,0.8473642828748535
25569,LOF,0.05917998528475785,0.09214288885096318,0.8486771258642789
25570,LOF,0.02715152532766633,0.11775055972116111,0.8550979149511727
25571,LOF,0.025098736625341782,0.1262204339164764,0.8486808294581818
25572,LOF,0.06493589693568068,0.13966255269340708,0.7954015503709123
25573,LOF,0.06263863584466253,0.11087454108289212,0.8264868230724454
25574,LOF,0.06106669279183685,0.23054330290440767,0.7083900043037555
25575,LOF,0.02236904802600913,0.13965729299795807,0.8379736589760329
25576,LOF,0.029331210500381937,0.17635562415188882,0.7943131653477292
25577,LOF,0.03296827552363082,0.12927837846153922,0.83775334601483
25578,LOF,0.2956027388377477,0.11311460215311435,0.591282659009138
25579,LOF,0.14166921007437877,0.11839113224991138,0.7399396576757099
25580,LOF,0.019839163481905675,0.09756169734409471,0.8825991391739995
25581,LOF,0.053332849299683696,0.08847706529277474,0.8581900854075415
25582,LOF,0.05315878880590809,0.0862935907971151,0.8605476203969769
25583,LOF,0.02181837463618447,0.09988284299052631,0.8782987823732892
25584,Neutral,0.6849606827934163,0.13820925022884176,0.17683006697774198
25585,LOF,0.021336924119796596,0.17999396307468613,0.7986691128055173
25586,LOF,0.01674634586516391,0.09179354749293206,0.891460106641904
25587,LOF,0.016520352431425512,0.08101071790146272,0.9024689296671119
25588,LOF,0.019839278860954136,0.08969009702647922,0.8904706241125666
25589,Neutral,0.4939569741483176,0.24076962633927404,0.2652733995124083
25590,LOF,0.051161430599015276,0.14146780449451254,0.8073707649064722
25591,LOF,0.08920363034781784,0.07527074122043874,0.8355256284317435
25592,LOF,0.053895815557222115,0.16472816400049056,0.7813760204422874
25593,LOF,0.1187981817659197,0.29979854179577825,0.5814032764383021
25594,LOF,0.047232550178763745,0.07800298958760661,0.8747644602336295
25595,LOF,0.04742864745187629,0.05448976810124476,0.8980815844468789
25596,LOF,0.098914652276587,0.024418911735010537,0.8766664359884025
25597,LOF,0.0853863128625947,0.028260717627523364,0.886352969509882
25598,LOF,0.045279476662866525,0.05702647824725088,0.8976940450898826
25599,LOF,0.018515412311994803,0.4843880695316545,0.4970965181563507
25600,GOF,0.13956193538623807,0.5274427214298874,0.3329953431838745
25601,LOF,0.03543561768637416,0.37956431653979494,0.5850000657738309
25602,LOF,0.0343901933193448,0.05887447793193639,0.9067353287487189
25603,LOF,0.03494039140526816,0.033151121845996945,0.9319084867487349
25604,LOF,0.035900099340849104,0.07413949717290225,0.8899604034862486
25605,LOF,0.03550805833412859,0.19171250460950923,0.7727794370563623
25606,LOF,0.40890444328142755,0.11345557799785891,0.47763997872071356
25607,LOF,0.029891471769944358,0.15789511713403756,0.8122134110960181
25608,LOF,0.03671855992937788,0.07384171694274261,0.8894397231278796
25609,GOF,0.13990505378102816,0.5280134748907643,0.33208147132820753
25610,LOF,0.01575059276376516,0.02983887399241781,0.954410533243817
25611,LOF,0.014603938634593545,0.029574006362342652,0.9558220550030637
25612,LOF,0.05092924512034312,0.04389035024210916,0.9051804046375477
25613,LOF,0.04974600746970053,0.042800632447144105,0.9074533600831552
25614,LOF,0.022458347261678772,0.02702552557038013,0.950516127167941
25615,LOF,0.047246019834263485,0.042969722693146285,0.9097842574725902
25616,LOF,0.05068543283233095,0.028217237463071802,0.9210973297045973
25617,LOF,0.044786948099071175,0.03351953452112702,0.9216935173798018
25618,LOF,0.04679704011588163,0.03656858516846403,0.9166343747156545
25619,LOF,0.013617317739570782,0.035149190993617456,0.9512334912668118
25620,LOF,0.06144294983148184,0.03919226686845867,0.8993647833000594
25621,LOF,0.06130900818552802,0.036259957890857335,0.9024310339236147
25622,LOF,0.0663031280876901,0.03517824346196771,0.8985186284503421
25623,LOF,0.07131243095359159,0.030867355724715963,0.8978202133216925
25624,LOF,0.019248516092540836,0.035784968363236365,0.9449665155442227
25625,LOF,0.06298056184974672,0.0352386519710155,0.9017807861792377
25626,LOF,0.04940691532022991,0.040874953921574135,0.909718130758196
25627,Neutral,0.8967953601937324,0.021675874099755445,0.08152876570651221
25628,LOF,0.16638070056064025,0.06655298799225697,0.7670663114471028
25629,LOF,0.06331739452074955,0.05274634727895228,0.8839362582002981
25630,LOF,0.2844851464099443,0.07168275517620969,0.643832098413846
25631,Neutral,0.5481654906951611,0.07137598202979997,0.38045852727503904
25632,LOF,0.023508599733855034,0.07015004431719453,0.9063413559489505
25633,LOF,0.18282007720426627,0.04135839674797433,0.7758215260477593
25634,LOF,0.03551291234333308,0.09434822281625753,0.8701388648404093
25635,LOF,0.035553934875183865,0.045958003561344156,0.9184880615634718
25636,LOF,0.03269346887676055,0.44325552543231617,0.5240510056909233
25637,GOF,0.07195812046105889,0.5191836152007552,0.40885826433818595
25638,LOF,0.0306769013266415,0.39117831998885705,0.5781447786845014
25639,LOF,0.03097777475204944,0.3989115325737886,0.570110692674162
25640,Neutral,0.7557009531069232,0.19576448547646372,0.04853456141661311
25641,GOF,0.06498223977423598,0.5119794665819969,0.42303829364376705
25642,LOF,0.05562981107061971,0.18305474580941303,0.7613154431199672
25643,LOF,0.20452843101786622,0.18354543305766785,0.6119261359244659
25644,GOF,0.024547719353758046,0.48840673496950265,0.4870455456767393
25645,LOF,0.024954729942293464,0.4624936334018284,0.5125516366558781
25646,LOF,0.05697066677223888,0.37738169519319703,0.5656476380345641
25647,LOF,0.028169722006429546,0.3096838462249141,0.6621464317686563
25648,LOF,0.030473901461474842,0.30437282470270494,0.6651532738358202
25649,LOF,0.017190466284658198,0.2638738623424001,0.7189356713729417
25650,LOF,0.04930021377089387,0.4538902472988589,0.4968095389302472
25651,LOF,0.018496095784362208,0.3342341865211856,0.6472697176944522
25652,LOF,0.033010941318544075,0.292051477643205,0.674937581038251
25653,GOF,0.08318509143256836,0.4779578507385852,0.4388570578288464
25654,LOF,0.021040725379423218,0.2697053406318555,0.7092539339887213
25655,GOF,0.2404481772137436,0.45934004584406635,0.30021177694219003
25656,LOF,0.3697663559418474,0.07674738410648765,0.553486259951665
25657,LOF,0.06716735171196558,0.07136062658537569,0.8614720217026587
25658,LOF,0.3717976845008211,0.07817900601781234,0.5500233094813666
25659,Neutral,0.5175093936344923,0.10624809943919045,0.37624250692631717
25660,LOF,0.022686208376859765,0.08975502403241838,0.8875587675907218
25661,LOF,0.09642997874540515,0.061290271103526375,0.8422797501510686
25662,LOF,0.03539777632465548,0.03270467672316516,0.9318975469521794
25663,LOF,0.04427247864947789,0.04318336829488866,0.9125441530556334
25664,LOF,0.1307478894938736,0.06338886322992882,0.8058632472761976
25665,LOF,0.05903481634393776,0.0311388558139624,0.9098263278420998
25666,LOF,0.10244055507016932,0.07009647684719764,0.8274629680826331
25667,LOF,0.07220170207340836,0.04189017436604503,0.8859081235605467
25668,LOF,0.038073890461756514,0.05066656530181592,0.9112595442364276
25669,LOF,0.034394340154695585,0.04951094006206291,0.9160947197832415
25670,LOF,0.15051781811843037,0.051606245239893093,0.7978759366416766
25671,LOF,0.11989775701856523,0.03366175902347332,0.8464404839579615
25672,LOF,0.05303778373317375,0.04264935788757022,0.904312858379256
25673,LOF,0.08142282489122736,0.04759840484271079,0.8709787702660619
25674,LOF,0.0683480293826645,0.05714567303547159,0.8745062975818638
25675,LOF,0.1149718796738281,0.05452574587664756,0.8305023744495243
25676,LOF,0.019569952669429787,0.052672717963028845,0.9277573293675413
25677,LOF,0.026073835474272628,0.06823656409797159,0.9056896004277557
25678,LOF,0.2086376862489594,0.0589565074025446,0.7324058063484961
25679,LOF,0.12615534243298143,0.08114292253739659,0.792701735029622
25680,LOF,0.03439268383598566,0.11617280580300185,0.8494345103610126
25681,LOF,0.05336900561130293,0.10699137498160288,0.8396396194070942
25682,LOF,0.15253035705756643,0.07053805247927661,0.776931590463157
25683,LOF,0.1229693566654713,0.08716351475679389,0.7898671285777347
25684,LOF,0.04476434055458478,0.0649178351551457,0.8903178242902694
25685,LOF,0.13577763101851859,0.05556987273164575,0.8086524962498356
25686,LOF,0.07746525462028875,0.08901640534376437,0.8335183400359468
25687,LOF,0.12453586780127113,0.09730130091717809,0.7781628312815507
25688,LOF,0.3552120672465744,0.034807929829800764,0.6099800029236248
25689,LOF,0.258380479304822,0.041246471383437955,0.70037304931174
25690,LOF,0.35551959966488955,0.031726215519991906,0.6127541848151185
25691,Neutral,0.7244357362811195,0.024889246213876948,0.25067501750500343
25692,LOF,0.3553075645738512,0.009650645032278186,0.6350417903938707
25693,LOF,0.05586944769836,0.410076568748531,0.5340539835531091
25694,LOF,0.11791990640013598,0.016230864870850608,0.8658492287290134
25695,LOF,0.12099007828609054,0.01426512748634096,0.8647447942275684
25696,LOF,0.1193161923119584,0.009022715414383587,0.8716610922736581
25697,LOF,0.0869832252903551,0.04586365390156855,0.8671531208080764
25698,LOF,0.3377705209500764,0.15171324935371527,0.5105162296962084
25699,LOF,0.479021044571168,0.03944708218249151,0.48153187324634056
25700,LOF,0.07720002558583318,0.009112230935608884,0.913687743478558
25701,LOF,0.20593975720794638,0.0478000914992239,0.7462601512928296
25702,GOF,0.19399453985188245,0.5673517507908079,0.23865370935730967
25703,LOF,0.016065929524302112,0.1325069950866424,0.8514270753890556
25704,LOF,0.0404024288951902,0.09881828850167712,0.8607792826031327
25705,LOF,0.048579889545639306,0.1484459618838754,0.8029741485704852
25706,LOF,0.11292338378146624,0.4310861085092077,0.4559905077093261
25707,LOF,0.09431303658178727,0.37247753262824823,0.5332094307899645
25708,LOF,0.04050476292047393,0.33793053340841245,0.6215647036711137
25709,LOF,0.06681253053541042,0.045004253723379566,0.8881832157412101
25710,LOF,0.011110173083545385,0.16536891660016037,0.8235209103162943
25711,LOF,0.019911149415818674,0.08669066795676489,0.8933981826274164
25712,LOF,0.013939262580019254,0.19283587276163347,0.7932248646583473
25713,LOF,0.019561361252128658,0.08047723500949248,0.899961403738379
25714,LOF,0.07640351727603197,0.09066263552768107,0.8329338471962869
25715,LOF,0.01158447701925676,0.1418979191868244,0.8465176037939188
25716,LOF,0.01042805160593335,0.122319096588016,0.8672528518060507
25717,LOF,0.014049765998108688,0.08286166993227212,0.9030885640696191
25718,LOF,0.01175209787698554,0.10490116138488116,0.8833467407381334
25719,LOF,0.01950493009412976,0.08267494001105731,0.8978201298948129
25720,LOF,0.02446641861548774,0.06919523537053687,0.9063383460139754
25721,LOF,0.013960791679449623,0.11832418456306963,0.8677150237574808
25722,LOF,0.015128987997547666,0.1277492227054329,0.8571217892970195
25723,LOF,0.02337249906080785,0.04941669588324077,0.9272108050559514
25724,LOF,0.03174625774990352,0.08200875833185925,0.8862449839182371
25725,LOF,0.011958305982905648,0.07298498309543364,0.9150567109216606
25726,LOF,0.01615914032680593,0.10468157453661701,0.879159285136577
25727,LOF,0.01241124127629386,0.08075342446953845,0.9068353342541676
25728,LOF,0.010468314842954074,0.11655567977789974,0.8729760053791462
25729,LOF,0.010835919082940546,0.11663391391397258,0.8725301670030869
25730,LOF,0.014206570781487564,0.09489666038903476,0.8908967688294777
25731,LOF,0.018040812581147522,0.1147601652711748,0.8671990221476777
25732,LOF,0.014602462763590389,0.08115718576568023,0.9042403514707295
25733,LOF,0.016234954029941063,0.07399816899347676,0.9097668769765821
25734,LOF,0.009861826905986687,0.13143312628614165,0.8587050468078717
25735,LOF,0.012245855076642099,0.08997739758149695,0.8977767473418609
25736,LOF,0.013516368024952763,0.10447437769049303,0.8820092542845542
25737,LOF,0.012519938636540794,0.08001587174703201,0.9074641896164273
25738,LOF,0.01197175827232943,0.11804495055710873,0.8699832911705618
25739,LOF,0.021638558733947755,0.08242554448254642,0.8959358967835058
25740,LOF,0.02685491774379766,0.12715858106250563,0.8459865011936967
25741,LOF,0.015658761401910266,0.125319608637527,0.8590216299605627
25742,LOF,0.12231760689555254,0.08870963667037124,0.7889727564340763
25743,LOF,0.03917470231814989,0.03941821837201099,0.9214070793098392
25744,Neutral,0.560943121840653,0.23390989997135586,0.20514697818799116
25745,LOF,0.06760683197015611,0.06671195730245834,0.8656812107273856
25746,LOF,0.04478893283638366,0.08261378908220932,0.872597278081407
25747,LOF,0.020690797541603766,0.0604105598562987,0.9188986426020975
25748,LOF,0.09569699717776523,0.08331967418917026,0.8209833286330646
25749,LOF,0.026070894231192916,0.08146251004661192,0.8924665957221951
25750,LOF,0.08548187087126657,0.08057780168340123,0.8339403274453322
25751,LOF,0.09034688860925422,0.09708079374390861,0.8125723176468371
25752,GOF,0.12002705731341425,0.6278925088866434,0.2520804337999423
25753,LOF,0.022890363847364228,0.2565712688242247,0.720538367328411
25754,GOF,0.01303932723976773,0.7966706909707613,0.19028998178947112
25755,LOF,0.023774723391776727,0.3813905069183426,0.5948347696898807
25756,LOF,0.049333569679740855,0.35076867978882537,0.5998977505314339
25757,GOF,0.0174369972931609,0.8379496990750505,0.14461330363178862
25758,GOF,0.027599557664823124,0.8144812044233444,0.1579192379118325
25759,GOF,0.010784350201957187,0.6030104635087403,0.38620518628930256
25760,LOF,0.012951050460985974,0.2519874579355191,0.7350614916034951
25761,GOF,0.27972656570935744,0.6223713391559519,0.09790209513469061
25762,LOF,0.04511622516541318,0.2614944150508304,0.6933893597837564
25763,LOF,0.014275323842204885,0.18429975255942316,0.801424923598372
25764,GOF,0.08459223256220766,0.6254442362863283,0.2899635311514641
25765,GOF,0.03241229075922712,0.7451846810226906,0.2224030282180822
25766,GOF,0.06385078153876711,0.7350286810546105,0.2011205374066224
25767,GOF,0.15422212559188206,0.5476641759574034,0.29811369845071456
25768,LOF,0.10691883883763094,0.06490290733968229,0.8281782538226868
25769,LOF,0.056731851870581364,0.06772846757558676,0.8755396805538319
25770,LOF,0.33222870836917656,0.11377664718758987,0.5539946444432335
25771,LOF,0.04835248564501175,0.05192445883459358,0.8997230555203947
25772,LOF,0.01886759925438437,0.04534342761115784,0.9357889731344579
25773,LOF,0.04737690789274733,0.10011257897246248,0.8525105131347902
25774,LOF,0.03003187591200555,0.08202756311690466,0.8879405609710898
25775,LOF,0.04934034065078034,0.044654758285861136,0.9060049010633584
25776,LOF,0.0786987390478916,0.0261089280477257,0.8951923329043827
25777,LOF,0.36788568485623124,0.06508609197947819,0.5670282231642906
25778,LOF,0.07042869004935481,0.05134862050805336,0.8782226894425917
25779,GOF,0.3616818103745402,0.5981736849654584,0.040144504660001475
25780,GOF,0.3064415948448787,0.6287094099033136,0.06484899525180773
25781,GOF,0.121826697955798,0.784817251579536,0.09335605046466604
25782,GOF,0.18161290043699385,0.7505438271596702,0.06784327240333582
25783,GOF,0.019948619741290387,0.6725109200740073,0.30754046018470244
25784,GOF,0.4665745794662609,0.4968468390864639,0.03657858144727516
25785,GOF,0.4621272412694841,0.5022603222149039,0.035612436515611925
25786,GOF,0.02431286108257061,0.7647592640765772,0.2109278748408522
25787,Neutral,0.6298138890796157,0.3476374357917967,0.022548675128587735
25788,LOF,0.058530547058486114,0.10930334920540487,0.832166103736109
25789,GOF,0.20050647857865012,0.6821147228214565,0.11737879859989331
25790,GOF,0.19322316926543467,0.7131534799010505,0.09362335083351495
25791,GOF,0.16453609064373428,0.6865650917811847,0.14889881757508097
25792,GOF,0.3527065346243603,0.5352043289791765,0.11208913639646323
25793,GOF,0.23213184374476958,0.5649797578965228,0.20288839835870762
25794,GOF,0.29679746431158827,0.5423228108318456,0.1608797248565661
25795,GOF,0.08386396357833849,0.6669663407814511,0.2491696956402105
25796,Neutral,0.5391604824289642,0.38479022479821223,0.07604929277282342
25797,GOF,0.07891590288670132,0.5536006168668767,0.36748348024642197
25798,GOF,0.008696170155529516,0.5278275802713973,0.46347624957307315
25799,LOF,0.0070291462036363925,0.4176941905227508,0.5752766632736127
25800,GOF,0.03029458977938002,0.6084354187673525,0.3612699914532675
25801,GOF,0.1985807328587296,0.6817327463888729,0.11968652075239745
25802,GOF,0.05642182052235099,0.7130729810312929,0.23050519844635597
25803,GOF,0.03422194840233941,0.591251660849838,0.3745263907478226
25804,GOF,0.031186951878778024,0.5140991680844729,0.45471388003674923
25805,GOF,0.08953833519922838,0.6199489961487861,0.29051266865198555
25806,GOF,0.10361889413028773,0.6218300129780086,0.27455109289170376
25807,GOF,0.016385882729434087,0.6260968083535763,0.3575173089169898
25808,GOF,0.0742395911744354,0.6505860460139026,0.2751743628116621
25809,GOF,0.017981706522369214,0.631983379878062,0.3500349135995689
25810,GOF,0.0163079762096826,0.6357956175266983,0.34789640626361906
25811,GOF,0.44833982821607105,0.48774431565039217,0.06391585613353663
25812,GOF,0.03174758874787561,0.6547236835919618,0.31352872766016276
25813,Neutral,0.4982319738936926,0.416849898846658,0.08491812725964931
25814,GOF,0.10812431893070408,0.6989611580445323,0.1929145230247637
25815,GOF,0.17693860524363403,0.6604721002349085,0.1625892945214574
25816,GOF,0.018960799735141035,0.7184216695820762,0.2626175306827829
25817,GOF,0.21050802212291372,0.6651827609219607,0.12430921695512548
25818,GOF,0.04735919218086692,0.6445791979094584,0.30806160990967474
25819,GOF,0.32203996726280143,0.5499227528091647,0.12803727992803382
25820,GOF,0.1468991785714029,0.652821948315144,0.2002788731134532
25821,GOF,0.04832995643754868,0.7018368310850782,0.24983321247737303
25822,GOF,0.18462489693320672,0.601302534328051,0.21407256873874228
25823,GOF,0.025827253867984817,0.5337924817604351,0.4403802643715801
25824,GOF,0.06646519704230415,0.5936861872334398,0.33984861572425606
25825,GOF,0.025543276735674376,0.5698612843719476,0.4045954388923781
25826,GOF,0.009515721974583925,0.5409434579041387,0.44954082012127733
25827,GOF,0.020336247339614803,0.6137150582075491,0.36594869445283607
25828,GOF,0.011079930734990242,0.5376762296254595,0.4512438396395502
25829,GOF,0.005991278817923789,0.5915333789872684,0.40247534219480796
25830,LOF,0.03140574244561865,0.3040320698080415,0.6645621877463399
25831,GOF,0.20547752917515547,0.672436885977515,0.12208558484732952
25832,GOF,0.030790608037307127,0.6874273619876866,0.2817820299750063
25833,GOF,0.12100471679064084,0.7006543671539885,0.1783409160553706
25834,GOF,0.03942769672795586,0.6974229410252378,0.2631493622468063
25835,GOF,0.081046980535063,0.7513480611361804,0.16760495832875666
25836,GOF,0.03895040716217574,0.6920371565890089,0.2690124362488154
25837,GOF,0.027488666281122245,0.5720236928884391,0.40048764083043853
25838,GOF,0.08516744474297906,0.7493447447598311,0.16548781049718975
25839,GOF,0.2982659631975107,0.5532218834661874,0.1485121533363019
25840,GOF,0.219523492178624,0.6291093487356006,0.1513671590857753
25841,GOF,0.24767143822644666,0.6157040062887356,0.1366245554848178
25842,GOF,0.17868332495578454,0.6995098147868994,0.121806860257316
25843,GOF,0.23187659698461752,0.6780688303135337,0.09005457270184875
25844,GOF,0.06684196212739593,0.7181348751782626,0.2150231626943416
25845,LOF,0.015420230002110794,0.48751764050656804,0.49706212949132117
25846,GOF,0.12128569141000944,0.7184127160751043,0.16030159251488627
25847,GOF,0.11190874200908456,0.7857689463067381,0.1023223116841773
25848,GOF,0.03589824127542639,0.7137815414918197,0.2503202172327538
25849,GOF,0.01097339895836808,0.5890025991671883,0.4000240018744436
25850,GOF,0.019401467081751052,0.6460566942342376,0.3345418386840114
25851,GOF,0.015613622576816314,0.5488460015169585,0.4355403759062252
25852,GOF,0.16714253748526678,0.5665689000421902,0.2662885624725431
25853,GOF,0.345470888823668,0.5937425499996343,0.060786561176697625
25854,GOF,0.018651316935100578,0.63311339592794,0.34823528713695945
25855,GOF,0.032485235809626235,0.6231551863960924,0.34435957779428134
25856,GOF,0.23181348686947714,0.5706046957994919,0.19758181733103097
25857,GOF,0.030111142260624776,0.5345351062286238,0.43535375151075156
25858,GOF,0.015815435707340703,0.5872184372670316,0.39696612702562767
25859,GOF,0.008967437432959755,0.5738484089101658,0.4171841536568745
25860,GOF,0.34151704397700067,0.5827219891955798,0.07576096682741941
25861,GOF,0.4301337776258972,0.49692872258764376,0.07293749978645911
25862,GOF,0.08537293958084957,0.784572824808017,0.1300542356111333
25863,GOF,0.08247163412468457,0.7998611290188243,0.1176672368564912
25864,GOF,0.20035157544831086,0.7267296585437427,0.07291876600794639
25865,GOF,0.08260525025766077,0.8107356045602797,0.10665914518205956
25866,GOF,0.06093631473616573,0.8176249579566133,0.1214387273072209
25867,GOF,0.08067839234973961,0.8239440481399936,0.09537755951026684
25868,GOF,0.26239682274841014,0.6550619191036234,0.08254125814796631
25869,Neutral,0.694837218031282,0.27054507857579563,0.034617703392922416
25870,GOF,0.30602371151909535,0.39147605669913393,0.3025002317817708
25871,GOF,0.20730680635689858,0.6300835068203344,0.16260968682276702
25872,GOF,0.07590272895781665,0.6701757447742345,0.25392152626794895
25873,GOF,0.135010378469072,0.6897454832638095,0.17524413826711863
25874,LOF,0.017537026685775788,0.1153875143459646,0.8670754589682595
25875,LOF,0.1024247260630316,0.0321695983417591,0.8654056755952094
25876,LOF,0.037255962653914475,0.03872099241305945,0.9240230449330261
25877,Neutral,0.5390756707251606,0.039024390255263774,0.42189993901957556
25878,LOF,0.2626322212586493,0.07372402024720094,0.6636437584941498
25879,LOF,0.09439401304830355,0.08265399480375414,0.8229519921479423
25880,LOF,0.024243591467491186,0.01692558405625095,0.9588308244762579
25881,LOF,0.19154770445787983,0.10429149799768711,0.7041607975444331
25882,LOF,0.07031018763541684,0.016410985253076892,0.9132788271115062
25883,LOF,0.08066682482603742,0.018740612585658598,0.9005925625883039
25884,LOF,0.03801975710328376,0.030740177769378547,0.9312400651273377
25885,LOF,0.07309934346316763,0.012473533682448069,0.9144271228543843
25886,LOF,0.27563154152182145,0.03354328748153286,0.6908251709966456
25887,LOF,0.15842162147721833,0.05861949672565629,0.7829588817971254
25888,LOF,0.06462784206370611,0.05774646353237091,0.877625694403923
25889,LOF,0.05007506375624517,0.021046267018510974,0.928878669225244
25890,LOF,0.05747819693341031,0.1180202488923802,0.8245015541742095
25891,LOF,0.04789502774738095,0.0448824107150197,0.9072225615375994
25892,LOF,0.09283440382119303,0.019829983166968976,0.8873356130118379
25893,LOF,0.24998537123491632,0.015677664701531535,0.7343369640635521
25894,LOF,0.1899695723695057,0.01042966316680219,0.7996007644636921
25895,LOF,0.20010268084408384,0.018712457058056957,0.7811848620978592
25896,LOF,0.05008452881859224,0.028338043796110792,0.9215774273852969
25897,LOF,0.23250078924278153,0.012046740631862833,0.7554524701253555
25898,Neutral,0.6997056893521086,0.009333759401682412,0.29096055124620906
25899,LOF,0.21034553912794307,0.024810365978044386,0.7648440948940126
25900,LOF,0.4333648431468475,0.016642593286154164,0.5499925635669983
25901,LOF,0.05145755152256383,0.01326528829989489,0.9352771601775413
25902,LOF,0.15245045836453675,0.014771005873091561,0.8327785357623716
25903,Neutral,0.5138248209088623,0.024410061238400987,0.4617651178527368
25904,LOF,0.2808574042944156,0.05982736762313546,0.659315228082449
25905,LOF,0.02332973776029326,0.3207647743730516,0.6559054878666551
25906,LOF,0.024354989681370554,0.062233001578635185,0.9134120087399943
25907,LOF,0.013804701940878683,0.3260024025433562,0.6601928955157651
25908,LOF,0.010959696789865631,0.23718564255832347,0.7518546606518108
25909,LOF,0.01351573252841941,0.11839249926842738,0.8680917682031531
25910,LOF,0.05182961621619467,0.13977292137708489,0.8083974624067205
25911,LOF,0.17566035524354662,0.02833781269913379,0.7960018320573196
25912,LOF,0.044524974209395614,0.04534080717511539,0.9101342186154889
25913,LOF,0.2910029467337451,0.02335687344146208,0.6856401798247929
25914,LOF,0.021478703191169176,0.09084038755200671,0.8876809092568241
25915,Neutral,0.5086501578739557,0.2539620606694205,0.23738778145662376
25916,LOF,0.07062808519314495,0.3290027986812278,0.6003691161256273
25917,LOF,0.066806489865071,0.06313858894782338,0.8700549211871057
25918,LOF,0.02905261283036307,0.05635216655806827,0.9145952206115687
25919,LOF,0.024775586611751808,0.0612257962533027,0.9139986171349456
25920,GOF,0.09446867183962271,0.505879198144711,0.39965213001566613
25921,LOF,0.02775718995441624,0.022966888809072848,0.9492759212365109
25922,LOF,0.03602846077853327,0.016362557537428483,0.9476089816840383
25923,LOF,0.4230735862897972,0.018677984104620026,0.5582484296055827
25924,LOF,0.03642132572983889,0.028347793799220124,0.935230880470941
25925,LOF,0.07354907625825081,0.023701726195846234,0.9027491975459029
25926,LOF,0.054888863531499736,0.019946898633161382,0.9251642378353389
25927,LOF,0.07247389204471691,0.07314542219626746,0.8543806857590155
25928,LOF,0.021370577688910236,0.030539107344654138,0.9480903149664356
25929,Neutral,0.5388936743988736,0.020202099792682685,0.44090422580844374
25930,LOF,0.061245943593137134,0.018118896656377788,0.920635159750485
25931,LOF,0.030431429293813716,0.018518910136013967,0.9510496605701724
25932,LOF,0.0305747363976526,0.017362854563934067,0.9520624090384133
25933,LOF,0.04282683393638215,0.011553587729005287,0.9456195783346126
25934,LOF,0.028111878559551193,0.013952328861107552,0.9579357925793414
25935,LOF,0.06394009089026811,0.027697225336147758,0.908362683773584
25936,LOF,0.051201472112180596,0.016131401105166164,0.9326671267826533
25937,LOF,0.02999611721205311,0.024203006738118038,0.9458008760498288
25938,LOF,0.06878204769448414,0.029259667553711472,0.9019582847518043
25939,LOF,0.041765513039705916,0.011859246054136503,0.9463752409061575
25940,LOF,0.033801418314919486,0.38986778614849443,0.5763307955365861
25941,LOF,0.18091813265730344,0.09992019400640216,0.7191616733362943
25942,LOF,0.016946026632434566,0.03461923673988583,0.9484347366276796
25943,LOF,0.3303808755861674,0.05438164344529603,0.6152374809685366
25944,LOF,0.48215441050857716,0.028948133937037466,0.4888974555543853
25945,LOF,0.06807601305967861,0.02506274129618048,0.906861245644141
25946,LOF,0.026697473925833964,0.12775669344096566,0.8455458326332004
25947,LOF,0.12026727646562117,0.23725866586053762,0.6424740576738411
25948,LOF,0.4011907965773408,0.010922772992247507,0.5878864304304117
25949,LOF,0.09522307643299353,0.04816906879115891,0.8566078547758476
25950,GOF,0.24583996129099608,0.4205982244179459,0.33356181429105797
25951,LOF,0.23133945878375192,0.2187227781296387,0.5499377630866094
25952,LOF,0.04389512403294206,0.4162681068470563,0.5398367691200017
25953,LOF,0.13802778043083527,0.10888147995587759,0.7530907396132872
25954,Neutral,0.44325718819037563,0.17041576738471687,0.3863270444249074
25955,LOF,0.06232529480376312,0.07833117447126049,0.8593435307249764
25956,LOF,0.17311672008341575,0.1268231783836053,0.7000601015329789
25957,LOF,0.03635841404139512,0.03467737341095523,0.9289642125476495
25958,LOF,0.06241788437781112,0.029135603972662488,0.9084465116495263
25959,LOF,0.06492065157875292,0.3723958201138613,0.5626835283073858
25960,LOF,0.01816477543956342,0.058604725617415386,0.9232304989430212
25961,LOF,0.051158220777430256,0.030898394620945863,0.917943384601624
25962,LOF,0.05705386779295481,0.03292347523107548,0.9100226569759697
25963,LOF,0.047368175510887886,0.18974744962080067,0.7628843748683115
25964,LOF,0.03315050440500495,0.1520962682946128,0.8147532273003822
25965,LOF,0.43160496024251843,0.08898999210346033,0.47940504765402125
25966,Neutral,0.4738489892210265,0.09101933586186955,0.43513167491710397
25967,LOF,0.012991409648858913,0.05762421075012432,0.9293843796010167
25968,LOF,0.02451908870635169,0.4858948642785927,0.48958604701505576
25969,LOF,0.025353072379311163,0.0599182764074579,0.914728651213231
25970,LOF,0.061887442855332556,0.055268550476619084,0.8828440066680483
25971,LOF,0.07493641892699844,0.016216715892406326,0.9088468651805952
25972,LOF,0.07831157987767558,0.020265797165138436,0.901422622957186
25973,LOF,0.07586109521354444,0.010765539092309791,0.9133733656941457
25974,LOF,0.2015841933016401,0.015310582730197836,0.7831052239681621
25975,LOF,0.04956757921741141,0.03419740182283615,0.9162350189597523
25976,LOF,0.04414956439158992,0.01652868532238594,0.939321750286024
25977,LOF,0.14796905447987904,0.1051115210066983,0.7469194245134227
25978,LOF,0.14767686727612783,0.07212155959791548,0.7802015731259567
25979,LOF,0.13673245538412268,0.07661673366743378,0.7866508109484436
25980,LOF,0.1984317908947459,0.09946525757005013,0.7021029515352039
25981,LOF,0.23174504730942017,0.0968202964130572,0.6714346562775225
25982,LOF,0.4128214680520353,0.05663852308214631,0.5305400088658183
25983,LOF,0.3980277673124128,0.0643081431861505,0.5376640895014367
25984,LOF,0.05171817601997425,0.0487122737808067,0.8995695501992191
25985,LOF,0.02908251173609176,0.24331109736679427,0.727606390897114
25986,LOF,0.039961814821102705,0.2964122004207174,0.6636259847581799
25987,LOF,0.09037623305680939,0.06516689598306459,0.8444568709601261
25988,LOF,0.14604795019269853,0.04871060127434908,0.8052414485329524
25989,LOF,0.030500211847397204,0.09419038036929224,0.8753094077833106
25990,LOF,0.03781350183287667,0.1268944584266111,0.8352920397405124
25991,LOF,0.14753300771038408,0.3063805560593956,0.5460864362302204
25992,LOF,0.339173261582918,0.17310378203191232,0.4877229563851696
25993,LOF,0.0245096402032037,0.09563685729763259,0.8798535024991636
25994,LOF,0.017753594577602443,0.13442001722065,0.8478263882017476
25995,LOF,0.025941727673703802,0.24814987383036083,0.7259083984959354
25996,GOF,0.26318258632099173,0.479988364690308,0.2568290489887003
25997,GOF,0.07897956675705337,0.47362528177049934,0.44739515147244724
25998,Neutral,0.5310146452415084,0.017856366830825834,0.45112898792766576
25999,LOF,0.1075624670583052,0.12241354936310951,0.7700239835785853
26000,LOF,0.18886374007265805,0.03845809645579991,0.7726781634715421
26001,LOF,0.18724972016658578,0.03445719782217831,0.7782930820112359
26002,LOF,0.16126326423462004,0.04312289584240729,0.7956138399229726
26003,GOF,0.010320136323347225,0.5711107117181925,0.4185691519584604
26004,GOF,0.023370828334048077,0.6391831507317718,0.3374460209341802
26005,LOF,0.008212472462598049,0.4316108976359372,0.5601766299014648
26006,Neutral,0.5546548816934987,0.19898865085381257,0.2463564674526887
26007,GOF,0.023346664381218664,0.5356424576557659,0.4410108779630154
26008,GOF,0.0191775844819819,0.5925422137651644,0.38828020175285366
26009,GOF,0.02499710371819132,0.6350189233748025,0.33998397290700627
26010,GOF,0.029678257083182145,0.6268130013820531,0.34350874153476463
26011,LOF,0.006954307105621468,0.45016433302493347,0.5428813598694451
26012,GOF,0.015281831933360591,0.573075848836245,0.4116423192303945
26013,GOF,0.021269913925818135,0.6184774210062501,0.36025266506793185
26014,LOF,0.040734333749526556,0.1270273043804236,0.83223836187005
26015,LOF,0.205020762524264,0.008928838736765178,0.7860503987389709
26016,LOF,0.21972500438766326,0.04384946452840874,0.7364255310839279
26017,LOF,0.2252368970426564,0.07715409695764497,0.6976090059996987
26018,LOF,0.09483293157843692,0.026133833304342186,0.879033235117221
26019,LOF,0.09060031496653657,0.019889671672127476,0.889510013361336
26020,LOF,0.06847476875690942,0.10536463366865093,0.8261605975744397
26021,LOF,0.04470000283330893,0.12376837345908805,0.8315316237076031
26022,LOF,0.011829835824411099,0.03624870855611048,0.9519214556194784
26023,LOF,0.11554629345567366,0.018043372173495116,0.8664103343708313
26024,LOF,0.028564969054239615,0.12411235059030415,0.8473226803554563
26025,LOF,0.15767460433974123,0.09382744930706474,0.748497946353194
26026,LOF,0.32367096913242477,0.02615615098016702,0.6501728798874082
26027,LOF,0.08872124782762549,0.012952552732569041,0.8983261994398054
26028,LOF,0.15458683181356114,0.06697533405018904,0.7784378341362498
26029,LOF,0.07819170688582336,0.2086307458371334,0.7131775472770433
26030,LOF,0.027640636170917995,0.08009907010011832,0.8922602937289636
26031,LOF,0.033355035316502225,0.15264749536383995,0.8139974693196579
26032,LOF,0.06888085895805224,0.09193687111572124,0.8391822699262265
26033,LOF,0.11554409811726932,0.112882094915896,0.7715738069668346
26034,LOF,0.05013160341955761,0.16591150028568094,0.7839568962947614
26035,LOF,0.029060020007343604,0.15721468332732333,0.813725296665333
26036,LOF,0.04404347371155011,0.1869331142552574,0.7690234120331925
26037,LOF,0.024448232605737336,0.12248456745639015,0.8530671999378725
26038,LOF,0.0625810617668206,0.09449963797865668,0.8429193002545228
26039,LOF,0.05654165222309012,0.15604062418991546,0.7874177235869945
26040,LOF,0.1951943440580998,0.16186465502838995,0.6429410009135103
26041,LOF,0.02471299678168168,0.11969319280248646,0.8555938104158318
26042,LOF,0.02471367956335266,0.11166107422106122,0.8636252462155861
26043,LOF,0.06256925444097898,0.10938383061582627,0.8280469149431947
26044,LOF,0.021908018005588593,0.09303586240552311,0.8850561195888883
26045,LOF,0.07861826718036914,0.10843293698393965,0.8129487958356911
26046,LOF,0.06358647751838457,0.10688720998105067,0.8295263125005646
26047,LOF,0.08801929673131766,0.11483805516033856,0.7971426481083438
26048,LOF,0.05304895917668916,0.05871344684850721,0.8882375939748037
26049,Neutral,0.9629000694702695,0.009373817747428058,0.027726112782302362
26050,Neutral,0.9477467250037486,0.012035533190242814,0.0402177418060086
26051,LOF,0.04455807182784446,0.3053135477947746,0.650128380377381
26052,LOF,0.06938874352767811,0.3337774036825036,0.5968338527898183
26053,LOF,0.06124599301823959,0.14533393324621963,0.7934200737355408
26054,LOF,0.056156554291386745,0.01780486165352369,0.9260385840550897
26055,LOF,0.06941691113451408,0.01457941212623428,0.9160036767392516
26056,LOF,0.060339966169862536,0.015805049172698628,0.9238549846574388
26057,LOF,0.030171144123050823,0.010778504648236145,0.959050351228713
26058,LOF,0.031223929312070582,0.008716032516120416,0.960060038171809
26059,LOF,0.3060906042241751,0.02265514819469097,0.671254247581134
26060,LOF,0.027751877242723107,0.19076799124193586,0.781480131515341
26061,LOF,0.018307627412908478,0.009946037650228307,0.9717463349368632
26062,LOF,0.011175606203426105,0.01689903443954745,0.9719253593570265
26063,LOF,0.02326294363642859,0.010967929984419738,0.9657691263791517
26064,LOF,0.02318036941945207,0.016467341343872812,0.960352289236675
26065,LOF,0.02507907395261834,0.009477368683483145,0.9654435573638985
26066,LOF,0.021831390624540883,0.009878996971985876,0.9682896124034733
26067,LOF,0.028754362641262,0.007752160530770664,0.9634934768279673
26068,LOF,0.048679104294838245,0.028767865513507938,0.9225530301916538
26069,LOF,0.2539365032690035,0.017883864236554914,0.7281796324944416
26070,LOF,0.3868165710821542,0.016019944588318572,0.5971634843295271
26071,LOF,0.024770557271136723,0.01149407390645656,0.9637353688224067
26072,LOF,0.02417684854948909,0.01607771798484537,0.9597454334656657
26073,LOF,0.02531935099883767,0.009219610624311887,0.9654610383768505
26074,Neutral,0.9114225360872696,0.0054381025141172455,0.08313936139861292
26075,LOF,0.04514144625190692,0.014380506566777872,0.9404780471813151
26076,LOF,0.04426447178428691,0.007915610271939943,0.9478199179437732
26077,LOF,0.009101301728413674,0.017915245846071615,0.9729834524255148
26078,LOF,0.013951554760337131,0.010788890896374807,0.9752595543432881
26079,LOF,0.061465664381467465,0.01687405995986307,0.9216602756586695
26080,LOF,0.06023021696711795,0.016893611280295727,0.9228761717525863
26081,LOF,0.036371774743516265,0.005891402408006141,0.9577368228484776
26082,LOF,0.017344494192043685,0.015091280017135318,0.967564225790821
26083,LOF,0.1338726921570391,0.011661574113508827,0.8544657337294521
26084,LOF,0.028339674346896333,0.011062350194971454,0.9605979754581322
26085,LOF,0.024661321013433313,0.010537348520989032,0.9648013304655777
26086,LOF,0.02365633219927115,0.01031765400397877,0.9660260137967501
26087,LOF,0.0280400111373032,0.007190551247153867,0.964769437615543
26088,LOF,0.015690047650262943,0.025331516288953006,0.9589784360607839
26089,LOF,0.046150229184913405,0.022383230294257647,0.931466540520829
26090,LOF,0.044583714712206825,0.017030468794812462,0.9383858164929807
26091,LOF,0.040046520076387586,0.005699654540212134,0.9542538253834003
26092,LOF,0.02783909381588942,0.007683534029130181,0.9644773721549803
26093,LOF,0.043153646946864875,0.005340140218649993,0.9515062128344851
26094,LOF,0.04479297841637826,0.005670436918795939,0.9495365846648258
26095,LOF,0.04641024058526423,0.012495486594076656,0.9410942728206592
26096,LOF,0.02021396691904081,0.010487443829517157,0.9692985892514421
26097,LOF,0.011628559466495821,0.032730367638876,0.9556410728946283
26098,LOF,0.06784201067562572,0.010625037739326,0.9215329515850483
26099,LOF,0.025322912899591182,0.011667401454696223,0.9630096856457127
26100,LOF,0.027583065701470098,0.011378373779270933,0.961038560519259
26101,LOF,0.05546112306862567,0.011313626366335618,0.9332252505650386
26102,LOF,0.02649424280736059,0.012881596201888328,0.9606241609907511
26103,Neutral,0.8865286669153468,0.016253105743127088,0.09721822734152612
26104,LOF,0.0783050688441114,0.021993530358920623,0.899701400796968
26105,LOF,0.21389802808839328,0.27895366489426826,0.5071483070173385
26106,LOF,0.21224085529159986,0.12628330738032703,0.6614758373280731
26107,LOF,0.2710337019199879,0.08383035311925606,0.645135944960756
26108,LOF,0.23292578172348943,0.12761682489083323,0.6394573933856774
26109,LOF,0.11539416971934045,0.07093478837248653,0.813671041908173
26110,LOF,0.25128840937257335,0.006528509231362954,0.7421830813960637
26111,LOF,0.489687526667029,0.015591434850140425,0.4947210384828307
26112,LOF,0.03279753252583873,0.007319974406063764,0.9598824930680975
26113,LOF,0.05108983128137024,0.015371868066599476,0.9335383006520303
26114,LOF,0.030185099964284003,0.02033536558567062,0.9494795344500453
26115,LOF,0.10358969175616939,0.04257144303727146,0.8538388652065592
26116,LOF,0.06727330553199153,0.038379702674463854,0.8943469917935445
26117,LOF,0.4278286471289705,0.043498190814475875,0.5286731620565536
26118,LOF,0.03715549565215232,0.023115520339230648,0.939728984008617
26119,LOF,0.02107420445197461,0.033190884852095856,0.9457349106959295
26120,LOF,0.030308326461998814,0.02163225077063079,0.9480594227673703
26121,LOF,0.049798824549996575,0.08389427741253483,0.8663068980374686
26122,LOF,0.04291289839148985,0.03859533349580216,0.9184917681127079
