feature0,prediction,LoGoFunc_Neutral,LoGoFunc_GOF,LoGoFunc_LOF
25546,Neutral,0.6601258082104241,0.056431928719874895,0.28344226306970105
25547,Neutral,0.4947127855014093,0.09922366040325359,0.40606355409533723
25548,Neutral,0.49585132098080664,0.08175019848195565,0.4223984805372378
25549,LOF,0.42178008125636457,0.08422481439061773,0.4939951043530177
25550,LOF,0.3708830408040868,0.1247431035944566,0.5043738556014566
25551,LOF,0.31010204739898795,0.13584302741390247,0.5540549251871096
25552,LOF,0.24837602492074545,0.13363579046764534,0.6179881846116092
25553,Neutral,0.8119854150157602,0.04510559718326167,0.14290898780097833
25554,LOF,0.29314342832954066,0.12409069850048828,0.5827658731699711
25555,LOF,0.24562580247496796,0.11795081541960338,0.6364233821054287
25556,LOF,0.43630731438306936,0.10461919003263527,0.4590734955842954
25557,LOF,0.23174148259758248,0.12155701584542647,0.646701501556991
25558,LOF,0.297876539916137,0.1205223618699781,0.581601098213885
25559,LOF,0.18403217812261216,0.14055511282600916,0.6754127090513786
25560,LOF,0.15790663638750738,0.09668652573302984,0.7454068378794628
25561,LOF,0.15025558238276548,0.11868243396963034,0.7310619836476041
25562,LOF,0.07175219568306843,0.0757738609206343,0.8524739433962973
25563,LOF,0.02256610141476605,0.10913885159617817,0.8682950469890558
25564,LOF,0.20993251689326217,0.11423559288314275,0.6758318902235951
25565,LOF,0.22727401693485752,0.13239675280115992,0.6403292302639826
25566,GOF,0.09792713856490955,0.6900582348711503,0.21201462656394016
25567,LOF,0.03715559402624979,0.12403660619277995,0.8388077997809702
25568,LOF,0.06162965147484516,0.06849860986525913,0.8698717386598958
25569,LOF,0.06203548745391341,0.06866591017180947,0.8692986023742771
25570,LOF,0.026431842955908388,0.09343070981536622,0.8801374472287253
25571,LOF,0.026034419341734193,0.0983959388713254,0.8755696417869403
25572,LOF,0.06518167722961365,0.11410420362950087,0.8207141191408854
25573,LOF,0.058192276172964914,0.08336058700958718,0.858447136817448
25574,LOF,0.05534142394554234,0.17216526638551427,0.7724933096689434
25575,LOF,0.022789620125074222,0.11725966682011804,0.8599507130548076
25576,LOF,0.034097115344709,0.14734071583297662,0.8185621688223145
25577,LOF,0.02897345665276135,0.10074966675939502,0.8702768765878437
25578,LOF,0.3075229319270989,0.07831565089926092,0.6141614171736401
25579,LOF,0.13927243872872244,0.08483089231373403,0.7758966689575435
25580,LOF,0.019463281409537857,0.07234734586621815,0.9081893727242439
25581,LOF,0.05648661384884748,0.06540453274301468,0.8781088534081379
25582,LOF,0.056418760832359284,0.06452646692080848,0.8790547722468324
25583,LOF,0.020535650601378685,0.07432485276244528,0.905139496636176
25584,Neutral,0.6740942131913252,0.09710073963303198,0.22880504717564268
25585,LOF,0.03365581790795608,0.11596582278640527,0.8503783593056385
25586,LOF,0.018052751906417627,0.06499781482270572,0.9169494332708767
25587,LOF,0.01727553551309132,0.05749091503921677,0.9252335494476919
25588,LOF,0.020656458679480898,0.06745341803432481,0.9118901232861943
25589,Neutral,0.5065673039469634,0.2042422591108454,0.28919043694219115
25590,LOF,0.048125573623077726,0.10376603110063624,0.8481083952762861
25591,LOF,0.09524156445105743,0.056043261781065744,0.8487151737678769
25592,LOF,0.05892673655751707,0.1283563535593088,0.8127169098831741
25593,LOF,0.13594199007203978,0.2643473512690936,0.5997106586588666
25594,LOF,0.05074398038676635,0.11118115931201876,0.8380748603012149
25595,LOF,0.05144872509781862,0.08126751725597081,0.8672837576462107
25596,LOF,0.10422219725939288,0.045362823317295,0.850414979423312
25597,LOF,0.08056432357113377,0.05892692893073725,0.860508747498129
25598,LOF,0.050945935539914326,0.08537275005923184,0.8636813144008538
25599,GOF,0.01887481044200233,0.5252989417071197,0.45582624785087805
25600,GOF,0.17234602508825025,0.4935982513881632,0.3340557235235866
25601,LOF,0.03844304842277742,0.3833925523361687,0.5781643992410539
25602,LOF,0.029722583528205875,0.05162717924215124,0.9186502372296429
25603,LOF,0.03579908088694633,0.027223303031899338,0.9369776160811544
25604,LOF,0.03733512459369012,0.054069304241265354,0.9085955711650446
25605,LOF,0.04392347197296503,0.18452068439160133,0.7715558436354336
25606,Neutral,0.4523856702516753,0.10205203652182267,0.4455622932265019
25607,LOF,0.026494263394754986,0.183329213316932,0.7901765232883131
25608,LOF,0.03232725415538642,0.0761316965561502,0.8915410492884633
25609,GOF,0.15711223594017712,0.5476295642891167,0.2952581997707061
25610,LOF,0.015414287159838787,0.0297664745842779,0.9548192382558833
25611,LOF,0.015147216779410291,0.03222756120869858,0.9526252220118911
25612,LOF,0.050117197908071,0.04011021548287564,0.9097725866090534
25613,LOF,0.046002125550951685,0.041551487606839,0.9124463868422092
25614,LOF,0.02184334950316714,0.028891338828613656,0.9492653116682193
25615,LOF,0.046191655516378764,0.036827182464622646,0.9169811620189987
25616,LOF,0.0467059573190744,0.026938393298624297,0.9263556493823013
25617,LOF,0.0451051696583325,0.035052397439136324,0.9198424329025313
25618,LOF,0.05733494299997019,0.03367022249443453,0.9089948345055954
25619,LOF,0.015115186167616687,0.033112811830817684,0.9517720020015655
25620,LOF,0.06510027196708629,0.038766659115666055,0.8961330689172478
25621,LOF,0.049686765729433514,0.033547284928692515,0.9167659493418739
25622,LOF,0.061408648009764456,0.03373867486752093,0.9048526771227146
25623,LOF,0.0764533400118333,0.029940856322826465,0.8936058036653403
25624,LOF,0.018768890369877517,0.037264270406259334,0.9439668392238632
25625,LOF,0.06309261873142362,0.0413935301435453,0.895513851125031
25626,LOF,0.04613205123917375,0.0382625642949466,0.9156053844658796
25627,Neutral,0.8913616324215444,0.02094818378452082,0.08769018379393473
25628,LOF,0.12812082891695226,0.05956719177256178,0.8123119793104859
25629,LOF,0.06554172628844547,0.044343999067474014,0.8901142746440805
25630,LOF,0.2823931899483987,0.07324195684215608,0.6443648532094453
25631,Neutral,0.5322187137156444,0.06129515685984918,0.4064861294245065
25632,LOF,0.02731861688945863,0.059202946656864625,0.9134784364536768
25633,LOF,0.20133947996914595,0.03272400712022095,0.7659365129106331
25634,LOF,0.03328938267597379,0.07686573764204874,0.8898448796819776
25635,LOF,0.04058081965864426,0.04209068935382251,0.9173284909875332
25636,GOF,0.03362467916793794,0.48358880784964997,0.482786512982412
25637,GOF,0.0706465423653582,0.47835318341415467,0.45100027422048716
25638,LOF,0.042763708645769505,0.2842237432050104,0.6730125481492202
25639,LOF,0.034381682832155196,0.32677811904503296,0.6388401981228119
25640,Neutral,0.80891242182022,0.14695760964865096,0.044129968531129125
25641,LOF,0.05276354183372458,0.43962664530771,0.5076098128585654
25642,LOF,0.03894094368857935,0.14710487332454086,0.8139541829868797
25643,LOF,0.17808586666175125,0.1514996476265834,0.6704144857116654
25644,LOF,0.02070436825267609,0.46813237877301406,0.51116325297431
25645,LOF,0.020258926004891462,0.44815400416205803,0.5315870698330505
25646,LOF,0.05520006371113832,0.34215354588897157,0.6026463903998901
25647,LOF,0.02123976169674607,0.27326799641477395,0.7054922418884799
25648,LOF,0.027229959686040892,0.24886817777762207,0.723901862536337
25649,LOF,0.014311851254416828,0.23895606309976394,0.7467320856458192
25650,LOF,0.050667359605502844,0.411035858080599,0.5382967823138981
25651,LOF,0.015385326410516225,0.2718490540567424,0.7127656195327413
25652,LOF,0.030019198832839208,0.2575732104256155,0.7124075907415452
25653,LOF,0.0764076648321374,0.3784684260104511,0.5451239091574115
25654,LOF,0.02419790733647374,0.19632481857012535,0.7794772740934008
25655,LOF,0.22237766959713107,0.36351556822700504,0.414106762175864
25656,LOF,0.29682678660232875,0.04511014000179234,0.6580630733958789
25657,LOF,0.07302148407363428,0.05245418335940118,0.8745243325669646
25658,LOF,0.3640454240130604,0.04580660357601578,0.5901479724109238
25659,Neutral,0.5294058898839061,0.06762077095057298,0.4029733391655209
25660,LOF,0.02640085641855427,0.07928903336950453,0.8943101102119412
25661,LOF,0.10014720711465404,0.05806556867908313,0.8417872242062627
25662,LOF,0.0313335889246514,0.03178258985585334,0.9368838212194953
25663,LOF,0.03825630535472139,0.04505582556105458,0.916687869084224
25664,LOF,0.14261370486717104,0.05642446188131002,0.8009618332515189
25665,LOF,0.05329455613039018,0.031605370458161,0.9151000734114487
25666,LOF,0.09220333808267223,0.0759925576104031,0.8318041043069246
25667,LOF,0.06699491344527457,0.044437980183721214,0.8885671063710042
25668,LOF,0.036679769626873325,0.04415921474976986,0.919161015623357
25669,LOF,0.03499385834477828,0.05281401912298511,0.9121921225322366
25670,LOF,0.1479460071258961,0.043418212300931514,0.8086357805731723
25671,LOF,0.09857164346206199,0.0305980393764998,0.8708303171614382
25672,LOF,0.05365767841453369,0.04096876895515596,0.9053735526303104
25673,LOF,0.07569495131972745,0.04051106702810556,0.8837939816521669
25674,LOF,0.06689888182269661,0.0507466449866255,0.882354473190678
25675,LOF,0.11232975979524103,0.0466809664951949,0.8409892737095641
25676,LOF,0.017955398116810687,0.04985909431503595,0.9321855075681534
25677,LOF,0.02555056671548921,0.06691645616531693,0.9075329771191939
25678,LOF,0.18120901853775848,0.061068852811675345,0.7577221286505662
25679,LOF,0.12280887494855235,0.07966542405508605,0.7975257009963616
25680,LOF,0.02885514183786861,0.1075767954800503,0.8635680626820812
25681,LOF,0.04763953005686428,0.09831625798432847,0.8540442119588072
25682,LOF,0.14326501430501423,0.06194935806293136,0.7947856276320544
25683,LOF,0.1220531542769048,0.08164751832996411,0.7962993273931311
25684,LOF,0.041145124825967605,0.06378402261879343,0.8950708525552389
25685,LOF,0.13647922066878465,0.04643286754355392,0.8170879117876615
25686,LOF,0.07425258721488741,0.09061259208586085,0.8351348206992518
25687,LOF,0.11780174470075294,0.07887674986753215,0.8033215054317149
25688,LOF,0.3017474241402502,0.03745304397326189,0.6607995318864879
25689,LOF,0.22782609722143626,0.04898165973208326,0.7231922430464804
25690,LOF,0.33633423681127655,0.0372230769994967,0.6264426861892267
25691,Neutral,0.686325283944307,0.03471716126781214,0.27895755478788076
25692,LOF,0.28960102521155806,0.011077288208670473,0.6993216865797715
25693,LOF,0.04323791408773757,0.459976290953298,0.4967857949589643
25694,LOF,0.12368045044406403,0.022910741850996834,0.8534088077049392
25695,LOF,0.12707468419000226,0.018126245111564115,0.8547990706984335
25696,LOF,0.13742137895852363,0.009368247395158567,0.8532103736463178
25697,LOF,0.11269208025465242,0.02430018569398025,0.8630077340513674
25698,LOF,0.3174107362036551,0.23978026451869394,0.4428089992776509
25699,LOF,0.42840921865693893,0.04964753309204189,0.5219432482510191
25700,LOF,0.05104282833664363,0.010646119872354904,0.9383110517910015
25701,LOF,0.16748728502806945,0.06411051127337633,0.7684022036985543
25702,GOF,0.17247396517604813,0.5465130645289261,0.2810129702950258
25703,LOF,0.015483243150283101,0.1604828114817115,0.8240339453680054
25704,LOF,0.04693965417663956,0.11216696597230212,0.8408933798510584
25705,LOF,0.0586923936531522,0.17038110046512056,0.7709265058817272
25706,LOF,0.09717202362636661,0.3456472980237284,0.557180678349905
25707,LOF,0.09824207367549943,0.2802456744606665,0.6215122518638341
25708,LOF,0.031213132567292145,0.26770122571193133,0.7010856417207766
25709,LOF,0.05920780853740082,0.039247090816147606,0.9015451006464515
25710,LOF,0.011882786116104412,0.12323343704420585,0.8648837768396896
25711,LOF,0.0190055017609607,0.08476046489981144,0.896234033339228
25712,LOF,0.012909420760325183,0.17582509157746481,0.81126548766221
25713,LOF,0.018775244879366992,0.07481204688890594,0.906412708231727
25714,LOF,0.0698325472765174,0.07004801411752469,0.860119438605958
25715,LOF,0.010613303102797352,0.12649422184794193,0.8628924750492607
25716,LOF,0.015131952881216626,0.10963030227602887,0.8752377448427544
25717,LOF,0.013509700693399266,0.07466284602726528,0.9118274532793356
25718,LOF,0.011592629547856151,0.10669250272324164,0.8817148677289022
25719,LOF,0.017929057672554663,0.07713385965733514,0.9049370826701101
25720,LOF,0.021605148785422818,0.06518226324997071,0.9132125879646064
25721,LOF,0.0150688349748998,0.10107694997522462,0.8838542150498755
25722,LOF,0.013120129269750504,0.115257105080105,0.8716227656501445
25723,LOF,0.022128514951497,0.04252842093313233,0.9353430641153707
25724,LOF,0.023066206702731684,0.07628007664490401,0.9006537166523643
25725,LOF,0.011520203407207835,0.06479249518244581,0.9236873014103463
25726,LOF,0.01409502211570978,0.08976870808988281,0.8961362697944074
25727,LOF,0.012819531396076285,0.07710261531669212,0.9100778532872316
25728,LOF,0.009718805132429004,0.09766032504208984,0.8926208698254812
25729,LOF,0.009970146495121884,0.097807808510779,0.8922220449940991
25730,LOF,0.013410348108463756,0.07563611472580621,0.9109535371657301
25731,LOF,0.020975093994057267,0.10472635235352334,0.8742985536524194
25732,LOF,0.014866949695168106,0.07928304683918688,0.9058500034656449
25733,LOF,0.016007830152306547,0.07057044570513867,0.9134217241425548
25734,LOF,0.013140776632011757,0.1179652641451319,0.8688939592228563
25735,LOF,0.013108528540688537,0.07660626995298288,0.9102852015063285
25736,LOF,0.013562431484337297,0.09969911668738131,0.8867384518282814
25737,LOF,0.01970825742482642,0.0761057274195853,0.9041860151555883
25738,LOF,0.013490591739249276,0.10625458595389138,0.8802548223068594
25739,LOF,0.02001164797396095,0.07648655862066686,0.9035017934053722
25740,LOF,0.02576048010224416,0.09152142695923203,0.8827180929385239
25741,LOF,0.01532196861012857,0.09196476218483735,0.8927132692050341
25742,LOF,0.11944095904165176,0.06914859339593683,0.8114104475624114
25743,LOF,0.03777054306253806,0.031122723131283416,0.9311067338061786
25744,Neutral,0.5532933280319876,0.21776640544816195,0.22894026651985036
25745,LOF,0.09179295705114011,0.0678137668630749,0.840393276085785
25746,LOF,0.043103551707818946,0.07614170484330392,0.8807547434488772
25747,LOF,0.02283046844918073,0.03673046988820258,0.9404390616626166
25748,LOF,0.11844212433906448,0.051539065917203516,0.8300188097437321
25749,LOF,0.02818613916200072,0.07587838709261409,0.8959354737453853
25750,LOF,0.08902005267083721,0.07911315705856758,0.8318667902705952
25751,LOF,0.10144017149471661,0.051161720682602684,0.8473981078226807
25752,GOF,0.11261505941489339,0.6704158892351713,0.2169690513499353
25753,LOF,0.021636765634113812,0.25955241827138054,0.7188108160945057
25754,GOF,0.010986963621916241,0.7703339992659242,0.21867903711215958
25755,LOF,0.025444397473242807,0.3803696431090021,0.594185959417755
25756,LOF,0.04140471325010532,0.35256261937687533,0.6060326673730194
25757,GOF,0.015293684782206203,0.8325035280170054,0.1522027872007884
25758,GOF,0.030408123137606696,0.8199273421748843,0.14966453468750887
25759,GOF,0.012884987389198261,0.520682463356515,0.46643254925428673
25760,LOF,0.012354855678140108,0.22312101536654952,0.7645241289553104
25761,GOF,0.27607182898032795,0.6018457719981017,0.12208239902157023
25762,LOF,0.035123599055926574,0.26651665004886843,0.6983597508952049
25763,LOF,0.01402049505250207,0.19310743137052966,0.7928720735769683
25764,GOF,0.06453784273768585,0.6291366838192483,0.306325473443066
25765,GOF,0.04321297141977216,0.7476204169734687,0.20916661160675917
25766,GOF,0.06302818906209033,0.763309156640691,0.17366265429721875
25767,GOF,0.17911863085123425,0.44607779132069975,0.374803577828066
25768,LOF,0.0901277047175247,0.06335841296404696,0.8465138823184283
25769,LOF,0.06769706395551468,0.06368323858559906,0.8686196974588862
25770,LOF,0.27019725897675395,0.08129792664804315,0.6485048143752029
25771,LOF,0.04301572149636247,0.04375078429391394,0.9132334942097237
25772,LOF,0.016526957686418188,0.03138640421894747,0.9520866380946342
25773,LOF,0.04565977854135517,0.0750725031068463,0.8792677183517984
25774,LOF,0.027829437875958946,0.07460200612883602,0.897568555995205
25775,LOF,0.04561179250239367,0.044209938529350234,0.9101782689682562
25776,LOF,0.07179829649840717,0.02321511013409648,0.9049865933674963
25777,LOF,0.324876053001164,0.04624975251705116,0.6288741944817848
25778,LOF,0.06685150259110362,0.04806614776257586,0.8850823496463205
25779,GOF,0.35319525878811864,0.6020092190734208,0.04479552213846053
25780,GOF,0.3034435620745762,0.6260776182347301,0.07047881969069375
25781,GOF,0.13469656212050563,0.7561792294342361,0.10912420844525833
25782,GOF,0.19222615083092276,0.7368248789326508,0.07094897023642636
25783,GOF,0.029487809851359317,0.6377170321291821,0.33279515801945875
25784,GOF,0.48041821543891955,0.4810976028670238,0.03848418169405658
25785,GOF,0.3697486280169746,0.5910696352705054,0.039181736712519934
25786,GOF,0.027077415994889265,0.7700603316263301,0.20286225237878075
25787,Neutral,0.6455485528956251,0.32974378828772016,0.024707658816654696
25788,LOF,0.045675107999731665,0.1042516512502677,0.8500732407500006
25789,GOF,0.20542391465564178,0.6506405285116786,0.14393555683267947
25790,GOF,0.1979519998848445,0.695501220500998,0.10654677961415743
25791,GOF,0.128343396194572,0.6893238288252541,0.1823327749801739
25792,GOF,0.30178361238949253,0.5612696733279874,0.13694671428252014
25793,GOF,0.25455159728867066,0.5514870258383047,0.19396137687302467
25794,GOF,0.3179808959657856,0.5219740162638545,0.1600450877703598
25795,GOF,0.07259079596725795,0.6960774651470109,0.23133173888573114
25796,Neutral,0.5278571546721921,0.3887848084032702,0.08335803692453779
25797,GOF,0.08826805392558383,0.5618061245842226,0.3499258214901936
25798,LOF,0.009335946498111838,0.4919399212911238,0.4987241322107644
25799,LOF,0.0066204582572477935,0.40013104710433967,0.5932484946384126
25800,GOF,0.03003213033205614,0.5850444249714232,0.3849234446965206
25801,GOF,0.1787178516697909,0.6971692373931027,0.1241129109371063
25802,GOF,0.0744943311063877,0.7093607434195734,0.21614492547403882
25803,GOF,0.03511896846248607,0.5772309876891512,0.3876500438483628
25804,LOF,0.032879940164604785,0.47933479562971715,0.48778526420567825
25805,GOF,0.09987245003466709,0.6050822188798866,0.29504533108544634
25806,GOF,0.09755805042072511,0.596640775899529,0.3058011736797459
25807,GOF,0.01948183017810698,0.643184313137208,0.3373338566846851
25808,GOF,0.08150511287264262,0.6407069480719312,0.2777879390554262
25809,GOF,0.01794828765070731,0.5739158763090834,0.40813583604020937
25810,GOF,0.015294493317551193,0.6000924454080734,0.3846130612743754
25811,GOF,0.4474084962308791,0.47321260593472614,0.0793788978343947
25812,GOF,0.029239959173730495,0.635603877462819,0.3351561633634505
25813,Neutral,0.5069843019332989,0.3937101877843045,0.09930551028239663
25814,GOF,0.11912743268892194,0.6449385107050174,0.2359340566060608
25815,GOF,0.20945338856035986,0.6070010928171206,0.18354551862251967
25816,GOF,0.023232758081579458,0.731524424239388,0.24524281767903258
25817,GOF,0.2429732721324757,0.6228773417641018,0.13414938610342245
25818,GOF,0.048435216678582936,0.6738995852591021,0.27766519806231504
25819,GOF,0.36282279202810985,0.48905926590737464,0.14811794206451542
25820,GOF,0.17630714532265432,0.6042761162723748,0.21941673840497095
25821,GOF,0.05640417156171825,0.6713292402608186,0.272266588177463
25822,GOF,0.21361216679065925,0.5713800589190863,0.21500777429025447
25823,GOF,0.032148252582778945,0.5241029083130802,0.44374883910414076
25824,GOF,0.08801731062705033,0.6005486831008602,0.3114340062720895
25825,GOF,0.03490392836666213,0.5992148016367846,0.3658812699965531
25826,GOF,0.01538973360532398,0.5815689555116624,0.4030413108830137
25827,GOF,0.021661674952043915,0.5928296141049814,0.3855087109429747
25828,GOF,0.012500963715048817,0.5170673725487978,0.47043166373615347
25829,GOF,0.00555827463932908,0.5734880817542071,0.4209536436064639
25830,LOF,0.03283526252440663,0.2805925683515499,0.6865721691240435
25831,GOF,0.2153571617366424,0.6730461971069457,0.11159664115641196
25832,GOF,0.031059110916840698,0.7154817485433697,0.25345914053978963
25833,GOF,0.10762069489894602,0.7393753595874062,0.15300394551364785
25834,GOF,0.03110596592192197,0.7322918075259238,0.2366022265521542
25835,GOF,0.0633132416397193,0.7694739561983615,0.16721280216191942
25836,GOF,0.02916166684104145,0.6931484333280279,0.2776898998309307
25837,GOF,0.027841674990015157,0.6000698823882774,0.37208844262170737
25838,GOF,0.0871622536205091,0.7658014120090874,0.14703633437040362
25839,GOF,0.29396404387522324,0.5553262636161886,0.15070969250858823
25840,GOF,0.23987914049014342,0.6166274503399982,0.1434934091698583
25841,GOF,0.21758416702963984,0.6438413442490311,0.13857448872132908
25842,GOF,0.1305340971375617,0.7496751342402945,0.11979076862214373
25843,GOF,0.19145759083399919,0.726706098847663,0.08183631031833768
25844,GOF,0.06201388736592282,0.7502101021295471,0.18777601050453
25845,GOF,0.015611573620132603,0.5250000415852417,0.45938838479462574
25846,GOF,0.12697982777831368,0.7550626977851035,0.11795747443658279
25847,GOF,0.09724660183037416,0.8078714327681247,0.09488196540150123
25848,GOF,0.03384320232116371,0.7255344274280106,0.24062237025082586
25849,GOF,0.010061749574826463,0.6089192778388254,0.38101897258634815
25850,GOF,0.020644683901612428,0.6770684597062924,0.3022868563920952
25851,GOF,0.016924581445990433,0.5466242321701532,0.4364511863838563
25852,GOF,0.15405715313791177,0.5562237841093625,0.2897190627527258
25853,GOF,0.32800665268415036,0.590029287050751,0.08196406026509864
25854,GOF,0.02200925726244393,0.6117435455978388,0.36624719713971726
25855,GOF,0.031105424864939255,0.5745911615166133,0.39430341361844745
25856,GOF,0.23479831072778948,0.5693299954633736,0.19587169380883704
25857,GOF,0.03551121641310608,0.5301725332065159,0.434316250380378
25858,GOF,0.02080942251833133,0.5274793642398901,0.4517112132417787
25859,GOF,0.010207607572140745,0.5099485712102164,0.4798438212176427
25860,GOF,0.35975985552938533,0.5651730433560704,0.07506710111454426
25861,GOF,0.4049177489176389,0.516250304011576,0.07883194707078507
25862,GOF,0.08364602929890419,0.7807577657956536,0.13559620490544222
25863,GOF,0.07710219202926406,0.7837182953348387,0.13917951263589734
25864,GOF,0.18898632896157808,0.7362455359023088,0.07476813513611309
25865,GOF,0.08723217520920237,0.7998293679617755,0.11293845682902219
25866,GOF,0.06080099525814039,0.7948780772648977,0.144320927476962
25867,GOF,0.08125446567772522,0.8276084142048229,0.09113712011745177
25868,GOF,0.246168509852725,0.6607880368424324,0.09304345330484262
25869,Neutral,0.7132254455040062,0.24234722288167912,0.04442733161431461
25870,GOF,0.28251506119892134,0.40239565125221016,0.31508928754886856
25871,GOF,0.22608294333631632,0.653491864119385,0.12042519254429863
25872,GOF,0.07175956698958022,0.6864710089636512,0.24176942404676857
25873,GOF,0.09914125924576152,0.711695866645687,0.18916287410855154
25874,LOF,0.013722409750900758,0.11535318716832248,0.8709244030807768
25875,LOF,0.09588475091704284,0.045849573283763746,0.8582656757991936
25876,LOF,0.03710297790899042,0.02812523410306459,0.9347717879879449
25877,Neutral,0.4969894661234701,0.041485118226168474,0.4615254156503614
25878,LOF,0.218059314799612,0.09413043416397031,0.6878102510364177
25879,LOF,0.09055105747032766,0.09709938366192239,0.81234955886775
25880,LOF,0.040598960481065545,0.014023702641171289,0.945377336877763
25881,LOF,0.15690947059392973,0.1155055877031891,0.7275849417028811
25882,LOF,0.0616982207380615,0.017503855659711527,0.9207979236022269
25883,LOF,0.06325586715208559,0.01999430143283636,0.916749831415078
25884,LOF,0.030258120644484725,0.030230736099544544,0.9395111432559706
25885,LOF,0.060228744592983725,0.011177532661819237,0.9285937227451969
25886,LOF,0.24909169976835646,0.0390704247556043,0.7118378754760393
25887,LOF,0.14061569320955603,0.06902296057797669,0.7903613462124675
25888,LOF,0.0625806590605888,0.05802672517359807,0.8793926157658132
25889,LOF,0.03853121394694167,0.022411505500799844,0.9390572805522585
25890,LOF,0.04822425866215277,0.14612308059588155,0.8056526607419656
25891,LOF,0.037703164992894285,0.05051390964615133,0.9117829253609545
25892,LOF,0.07406295581157174,0.02495852294495722,0.9009785212434711
25893,LOF,0.22647097543423125,0.020204804328972915,0.7533242202367958
25894,LOF,0.16196697343756863,0.012629078199209692,0.8254039483632216
25895,LOF,0.1850437593353268,0.02346099200821101,0.7914952486564621
25896,LOF,0.046028462395399046,0.026021772523855517,0.9279497650807454
25897,LOF,0.245148087941502,0.016401156825937988,0.73845075523256
25898,Neutral,0.7117935115309164,0.010777077067634424,0.27742941140144906
25899,LOF,0.2213386440389188,0.025575341542420634,0.7530860144186605
25900,LOF,0.47206556933384325,0.01271048297428668,0.5152239476918701
25901,LOF,0.045928440116287744,0.012338140296866269,0.9417334195868459
25902,LOF,0.15791360639092636,0.01515535471362495,0.8269310388954488
25903,Neutral,0.6061998066856596,0.03146763056061005,0.3623325627537303
25904,LOF,0.3002778689459817,0.04792355379684433,0.651798577257174
25905,LOF,0.024369109544106544,0.3327357145744711,0.6428951758814223
25906,LOF,0.02997249313567894,0.08892794820250745,0.8810995586618137
25907,LOF,0.013559147841230173,0.3243693781040825,0.6620714740546875
25908,LOF,0.009809787258016194,0.26254355001259233,0.7276466627293915
25909,LOF,0.012138546235958338,0.1299829846048052,0.8578784691592364
25910,LOF,0.04888536694632529,0.14102428114170365,0.810090351911971
25911,LOF,0.1711441368541031,0.027560584269542443,0.8012952788763544
25912,LOF,0.043917117672893136,0.04940847431260479,0.906674408014502
25913,LOF,0.3526013912684041,0.023595339144060153,0.6238032695875357
25914,LOF,0.020884940383337526,0.044969292757842845,0.9341457668588197
25915,Neutral,0.5860879453148276,0.13197551753485423,0.28193653715031813
25916,LOF,0.08975724899722365,0.20211390142349467,0.7081288495792817
25917,LOF,0.06642676412848836,0.0344399515568399,0.8991332843146718
25918,LOF,0.022215754893518642,0.025929266449716902,0.9518549786567644
25919,LOF,0.019784589289661456,0.02894306663820128,0.9512723440721372
25920,GOF,0.11075561471882002,0.4954493766129509,0.39379500866822903
25921,LOF,0.026111957110735166,0.034715293901415006,0.9391727489878499
25922,LOF,0.03491230437764342,0.025015016475034662,0.940072679147322
25923,Neutral,0.49429143636036976,0.035938627368015875,0.4697699362716145
25924,LOF,0.036260131447103244,0.041322732242787055,0.9224171363101097
25925,LOF,0.07140198834650674,0.038820554356140964,0.8897774572973522
25926,LOF,0.052547005971461995,0.03449950781294548,0.9129534862155926
25927,LOF,0.05826878486264893,0.13959515879348947,0.8021360563438616
25928,LOF,0.018769465894258857,0.05077083015434026,0.9304597039514008
25929,Neutral,0.6029524739407451,0.03835309431382841,0.3586944317454263
25930,LOF,0.07290408644333236,0.03164356700433811,0.8954523465523294
25931,LOF,0.02473758524565382,0.03301608471782601,0.9422463300365201
25932,LOF,0.027772768886868932,0.02803567724084038,0.9441915538722907
25933,LOF,0.03939836717792248,0.017222549693892256,0.9433790831281853
25934,LOF,0.02461507753256989,0.01967912758672029,0.9557057948807097
25935,LOF,0.06269951875489994,0.049998853779033806,0.8873016274660663
25936,LOF,0.04391976373301151,0.023508302448233324,0.9325719338187551
25937,LOF,0.027775901202992438,0.03731184771613708,0.9349122510808705
25938,LOF,0.06344567301808404,0.05266771221775055,0.8838866147641655
25939,LOF,0.04266045780777422,0.018868580898192155,0.9384709612940337
25940,LOF,0.03492859376132647,0.3340114021582074,0.631060004080466
25941,LOF,0.18427395593241566,0.08902348724375356,0.7267025568238308
25942,LOF,0.012678559146450852,0.03485395094544373,0.9524674899081055
25943,LOF,0.3161572654755687,0.05873930994870433,0.625103424575727
25944,Neutral,0.4944095570603178,0.021676145365192367,0.4839142975744898
25945,LOF,0.07126487772813998,0.019375263318903508,0.9093598589529565
25946,LOF,0.03183027672590899,0.11856763955744042,0.8496020837166507
25947,LOF,0.11478372898266218,0.1574678641032871,0.7277484069140507
25948,LOF,0.37725360826562976,0.0074686865612382785,0.615277705173132
25949,LOF,0.1287226038393403,0.035150767323502675,0.8361266288371569
25950,Neutral,0.34462177867941424,0.3180653755024158,0.33731284581817
25951,LOF,0.20329722608357217,0.2714155322289899,0.5252872416874379
25952,LOF,0.04904559059077558,0.4723146471618081,0.4786397622474164
25953,LOF,0.15290105988823807,0.1116569186968152,0.7354420214149467
25954,Neutral,0.4313598118104974,0.19248611664242918,0.37615407154707337
25955,LOF,0.070606443015186,0.08302066135761452,0.8463728956271995
25956,LOF,0.1570098709705521,0.10747666208054846,0.7355134669488994
25957,LOF,0.03679580224397254,0.028913698239213633,0.9342904995168139
25958,LOF,0.056839526475891106,0.026263872416875517,0.9168966011072334
25959,LOF,0.07415306984345418,0.33427926363823346,0.5915676665183124
25960,LOF,0.015307727007758898,0.046520063156723336,0.9381722098355177
25961,LOF,0.04248173301878279,0.026367148570909753,0.9311511184103074
25962,LOF,0.05850713013195687,0.03330062888349908,0.9081922409845441
25963,LOF,0.04427105666985637,0.20400325147021728,0.7517256918599263
25964,LOF,0.03611094482005193,0.15166994475540443,0.8122191104245435
25965,LOF,0.446757141280467,0.05817362436556314,0.49506923435396993
25966,Neutral,0.5423709331963112,0.1493478966438685,0.30828117015982026
25967,LOF,0.01756732397004251,0.09968573387472006,0.8827469421552375
25968,LOF,0.036994320960544454,0.36887125793732234,0.5941344211021332
25969,LOF,0.03857313151631085,0.07035453426761203,0.8910723342160771
25970,LOF,0.05280989217867998,0.05898747363894126,0.8882026341823788
25971,LOF,0.061924074313795575,0.02408295281660858,0.9139929728695959
25972,LOF,0.06443596817765,0.03453725533597298,0.901026776486377
25973,LOF,0.0730962226562936,0.011472414322602069,0.9154313630211043
25974,LOF,0.18449992841757876,0.016233286899531615,0.7992667846828896
25975,LOF,0.042283022286241194,0.027705539613010356,0.9300114381007484
25976,LOF,0.040861626383168495,0.01650185079209047,0.942636522824741
25977,LOF,0.16042977484662668,0.09211338611344659,0.7474568390399267
25978,LOF,0.14360886215154153,0.09474786186319868,0.7616432759852598
25979,LOF,0.1317679456263681,0.0958231380908433,0.7724089162827885
25980,LOF,0.24210575296136286,0.12231154688834198,0.6355827001502952
25981,LOF,0.27670722657885993,0.12049690713867187,0.6027958662824682
25982,LOF,0.404503804522733,0.07259553676636632,0.5229006587109006
25983,LOF,0.37916962121602316,0.08144595482385504,0.5393844239601218
25984,LOF,0.04730622393769342,0.048589779798921505,0.9041039962633851
25985,LOF,0.0357675954000345,0.28439019261870957,0.6798422119812559
25986,LOF,0.04587738962647889,0.30942149464742635,0.6447011157260948
25987,LOF,0.09073498406711392,0.06402579808626212,0.845239217846624
25988,LOF,0.15700826645886598,0.06228185854297569,0.7807098749981584
25989,LOF,0.03516354156976678,0.12105270562169416,0.8437837528085391
25990,LOF,0.03690047142207439,0.16329134292337102,0.7998081856545546
25991,LOF,0.13064530531700094,0.24888009764545233,0.6204745970375468
25992,LOF,0.3004830231972636,0.14813949093011816,0.5513774858726184
25993,LOF,0.022490314308368016,0.0784974318050316,0.8990122538866004
25994,LOF,0.01875149379428375,0.07788034414511576,0.9033681620606004
25995,LOF,0.023925543563532187,0.16005753475984924,0.8160169216766185
25996,GOF,0.29780762861643933,0.39801552818435887,0.30417684319920185
25997,LOF,0.08768822027388186,0.36340506601575256,0.5489067137103656
25998,Neutral,0.5045900634231886,0.02942446596323527,0.46598547061357615
25999,LOF,0.10130997516494986,0.10067571895203306,0.7980143058830171
26000,LOF,0.13747343140315343,0.0412570047167072,0.8212695638801393
26001,LOF,0.19342717393099662,0.043864712160286444,0.7627081139087168
26002,LOF,0.11723739485110991,0.038183951303156764,0.8445786538457334
26003,GOF,0.010129581879529411,0.6048205031314063,0.3850499149890641
26004,GOF,0.02090641272583194,0.7168186526466682,0.2622749346274998
26005,LOF,0.006202288517775441,0.4421085790093804,0.5516891324728442
26006,Neutral,0.5446889536244168,0.22629330844447956,0.2290177379311036
26007,GOF,0.020740237459027765,0.5198167372179485,0.4594430253230237
26008,GOF,0.01880199627890004,0.6318943401323547,0.3493036635887453
26009,GOF,0.01985070462664255,0.7043578896188487,0.2757914057545088
26010,GOF,0.02247175035946973,0.6618232431258864,0.3157050065146439
26011,LOF,0.006351799225330309,0.4234548677219023,0.5701933330527674
26012,GOF,0.01269075047322355,0.5519194494988133,0.4353898000279632
26013,GOF,0.0176222750643796,0.605492185214275,0.3768855397213454
26014,LOF,0.039844134490378505,0.10842183567957943,0.8517340298300421
26015,LOF,0.14257980510281623,0.017180575299317366,0.8402396195978665
26016,LOF,0.18166375383738206,0.06435029128121521,0.7539859548814027
26017,LOF,0.19898090187960527,0.09743174554804138,0.7035873525723534
26018,LOF,0.07358329413897591,0.04166942746695398,0.8847472783940702
26019,LOF,0.0705395291002306,0.03384416646734587,0.8956163044324235
26020,LOF,0.06164285345636221,0.1052650861682175,0.8330920603754203
26021,LOF,0.04367604647292406,0.11445064760202697,0.841873305925049
26022,LOF,0.010441163632056195,0.04247343520570494,0.9470854011622388
26023,LOF,0.0643613253154931,0.02723523674845341,0.9084034379360535
26024,LOF,0.02609204856157071,0.11676853937299878,0.8571394120654304
26025,LOF,0.14614784551882776,0.09123279484274924,0.762619359638423
26026,LOF,0.30601206047292234,0.029298649284320792,0.6646892902427568
26027,LOF,0.05842901698794931,0.02136501131224582,0.9202059716998048
26028,LOF,0.17481084776719066,0.05937093598425782,0.7658182162485514
26029,LOF,0.07047282680498572,0.14177630763468718,0.7877508655603271
26030,LOF,0.020920864100578324,0.03219093879672115,0.9468881971027004
26031,LOF,0.02489850811285843,0.10511067048081503,0.8699908214063266
26032,LOF,0.06280731006051524,0.049468987161213354,0.8877237027782715
26033,LOF,0.08282650367536187,0.04918301757421156,0.8679904787504265
26034,LOF,0.04147558286344032,0.1232708166651741,0.8352536004713856
26035,LOF,0.02539379327488943,0.1184509605211163,0.8561552462039943
26036,LOF,0.03728379352086492,0.13329394640898207,0.8294222600701531
26037,LOF,0.020646933763396227,0.0970706288028665,0.8822824374337371
26038,LOF,0.059861424028709996,0.051192069630051955,0.8889465063412381
26039,LOF,0.04934649265269917,0.11933021505011886,0.8313232922971819
26040,LOF,0.20190986847404657,0.08636384144737456,0.7117262900785789
26041,LOF,0.021464233625937582,0.09051597390042912,0.8880197924736334
26042,LOF,0.019109304033166605,0.08644695684887374,0.8944437391179596
26043,LOF,0.0613222775739938,0.05943730920203549,0.8792404132239707
26044,LOF,0.01965688418198739,0.04094121019618524,0.9394019056218275
26045,LOF,0.06685293014158257,0.07933887309691713,0.8538081967615002
26046,LOF,0.05639855073151866,0.049797353773559955,0.8938040954949215
26047,LOF,0.07343609916422567,0.05123572703866191,0.8753281737971124
26048,LOF,0.04526712464516458,0.029178912220679806,0.9255539631341557
26049,Neutral,0.9665775555235161,0.005390691017251106,0.028031753459232887
26050,Neutral,0.9494846613379189,0.007002086177158633,0.043513252484922514
26051,LOF,0.04805551270740795,0.2815758899979653,0.6703685972946267
26052,LOF,0.0708081738127648,0.31799108996020575,0.6112007362270295
26053,LOF,0.06240483286668631,0.13908494635895924,0.7985102207743544
26054,LOF,0.04979198865739536,0.01686818012594852,0.9333398312166561
26055,LOF,0.06904319970067685,0.016202350375913912,0.9147544499234093
26056,LOF,0.05710336281284745,0.01837606794943293,0.9245205692377196
26057,LOF,0.031244941335357733,0.011977970309094596,0.9567770883555476
26058,LOF,0.032280686423130533,0.0100317604329707,0.9576875531438986
26059,LOF,0.2682362831136333,0.020696963408042408,0.7110667534783244
26060,LOF,0.04591448211126023,0.17201541352082533,0.7820701043679144
26061,LOF,0.016103431639377226,0.012165520504409904,0.9717310478562129
26062,LOF,0.009958616088048771,0.017243824246059258,0.972797559665892
26063,LOF,0.019985097928017042,0.010050644393196112,0.9699642576787868
26064,LOF,0.022129009614626088,0.023761362070134517,0.9541096283152394
26065,LOF,0.024484308586616016,0.010718925398170423,0.9647967660152136
26066,LOF,0.020043681430005164,0.010233732777438996,0.9697225857925559
26067,LOF,0.028072915345658266,0.008705141283207162,0.9632219433711345
26068,LOF,0.0454744551592406,0.027821262990241364,0.926704281850518
26069,LOF,0.25735290510849873,0.019055441907014064,0.7235916529844872
26070,LOF,0.39146089075241475,0.016148887674916738,0.5923902215726685
26071,LOF,0.02055756786528308,0.011294098111781437,0.9681483340229355
26072,LOF,0.018448895657311566,0.020736990334919964,0.9608141140077685
26073,LOF,0.019918491336877026,0.013526704270215276,0.9665548043929078
26074,Neutral,0.9047015611756876,0.005546486184985623,0.08975195263932688
26075,LOF,0.044679349140260755,0.01410587373551675,0.9412147771242224
26076,LOF,0.03628672864002704,0.008653574949412789,0.9550596964105602
26077,LOF,0.009111312489045096,0.012216492063385714,0.9786721954475691
26078,LOF,0.013756906504891857,0.010862513569575724,0.9753805799255325
26079,LOF,0.05863215911557823,0.016100918922904574,0.9252669219615173
26080,LOF,0.05792369369085602,0.016111879626647167,0.9259644266824968
26081,LOF,0.03649227590892862,0.006712714058047212,0.9567950100330243
26082,LOF,0.013580927266879952,0.013836830896851154,0.9725822418362687
26083,LOF,0.18224419232586425,0.014353121989111978,0.8034026856850237
26084,LOF,0.042913665064920926,0.011856757276374173,0.945229577658705
26085,LOF,0.03833823584898238,0.011376548554432524,0.9502852155965851
26086,LOF,0.020520074315755775,0.01120874141961328,0.9682711842646309
26087,LOF,0.023093533813655268,0.008579172363141282,0.9683272938232035
26088,LOF,0.01617984694688401,0.021751632463630134,0.9620685205894858
26089,LOF,0.04153212095392117,0.020612507965090333,0.9378553710809885
26090,LOF,0.041327971409358774,0.0169180571715318,0.9417539714191093
26091,LOF,0.031768431511031106,0.006280254238146959,0.9619513142508219
26092,LOF,0.021593102218283363,0.007778062175451173,0.9706288356062653
26093,LOF,0.032379285512437406,0.006045166103894507,0.9615755483836681
26094,LOF,0.03249927561007929,0.006037641335626572,0.9614630830542941
26095,LOF,0.037326016367249845,0.013175444282391943,0.9494985393503583
26096,LOF,0.0163969481359815,0.010979703519608967,0.9726233483444094
26097,LOF,0.011355017472056621,0.03741935697597705,0.9512256255519663
26098,LOF,0.07987667458325837,0.012184361128304948,0.9079389642884367
26099,LOF,0.020645364316423227,0.011965903665225333,0.9673887320183514
26100,LOF,0.022941269471293633,0.01167745127126377,0.9653812792574425
26101,LOF,0.0453204716668605,0.016195990537577764,0.9384835377955617
26102,LOF,0.01973457895693857,0.01475039166619309,0.9655150293768683
26103,Neutral,0.8818922018112383,0.01844286508910809,0.09966493309965381
26104,LOF,0.07837027195871764,0.02253970758497064,0.8990900204563117
26105,LOF,0.19511305172957982,0.27892792460012095,0.5259590236702992
26106,LOF,0.15262731769486043,0.12516633442977476,0.7222063478753649
26107,LOF,0.2354837134017114,0.08068029744229914,0.6838359891559895
26108,LOF,0.22898369570389293,0.08887860781661032,0.6821376964794967
26109,LOF,0.08070116422594921,0.06133099067938755,0.8579678450946634
26110,LOF,0.22225855455286744,0.006279445585301947,0.7714619998618306
26111,Neutral,0.5159119527170677,0.023410737414127896,0.4606773098688044
26112,LOF,0.035091405365432815,0.006620860106876352,0.9582877345276908
26113,LOF,0.06305134753015229,0.013695238523881142,0.9232534139459665
26114,LOF,0.025030034460860093,0.028438788544691892,0.946531176994448
26115,LOF,0.09075002337483597,0.04346113725992838,0.8657888393652357
26116,LOF,0.06387954794414483,0.05466431590919175,0.8814561361466633
26117,LOF,0.45992790729498506,0.04244958949986808,0.4976225032051469
26118,LOF,0.03221463188493141,0.021438241499642394,0.9463471266154262
26119,LOF,0.02512016807876601,0.03083763773503842,0.9440421941861955
26120,LOF,0.024691733025306584,0.01835053731639781,0.9569577296582955
26121,LOF,0.03995630168454063,0.08798616444385612,0.8720575338716032
