feature0,prediction,LoGoFunc_Neutral,LoGoFunc_GOF,LoGoFunc_LOF
25546,Neutral,0.6165311033722628,0.05547173089105972,0.3279971657366776
25547,Neutral,0.4936965546568598,0.0918179392488805,0.4144855060942596
25548,Neutral,0.4814053771583112,0.07684411524015172,0.4417505076015371
25549,LOF,0.43730717324899226,0.07569519976852557,0.4869976269824822
25550,LOF,0.35975923819634853,0.1086605761980898,0.5315801856055618
25551,LOF,0.3174063072437141,0.1182372365023812,0.5643564562539047
25552,LOF,0.2724851517268484,0.1172659545175072,0.6102488937556443
25553,Neutral,0.7894065544319021,0.0458432757200124,0.16475016984808538
25554,LOF,0.3258984105421673,0.10640062953590736,0.5677009599219254
25555,LOF,0.27473500494616643,0.10128043765344907,0.6239845574003845
25556,LOF,0.4435585613387165,0.09000117167038565,0.4664402669908979
25557,LOF,0.26662656600787904,0.10679962406215475,0.6265738099299661
25558,LOF,0.32542249615333596,0.10591081526742598,0.568666688579238
25559,LOF,0.2707160167331119,0.13348015946994,0.595803823796948
25560,LOF,0.1275139815189813,0.1146135628902877,0.7578724555907309
25561,LOF,0.11249910608184242,0.13480717838623252,0.7526937155319251
25562,LOF,0.052207218875337524,0.08200572908044128,0.8657870520442211
25563,LOF,0.015550993644664732,0.132030301838853,0.8524187045164823
25564,LOF,0.12399301710414358,0.10810552685220526,0.7679014560436511
25565,LOF,0.2181126054213693,0.13765325538137568,0.644234139197255
25566,GOF,0.07346346122032538,0.6417579437445735,0.2847785950351011
25567,LOF,0.04341855553188069,0.18319288842607612,0.7733885560420433
25568,LOF,0.05938047525331273,0.1051692679458788,0.8354502568008084
25569,LOF,0.060062156877442444,0.1036742936482171,0.8362635494743405
25570,LOF,0.028326492451796192,0.138209911500623,0.8334635960475807
25571,LOF,0.02828925619588574,0.1419996555766683,0.8297110882274459
25572,LOF,0.07100249133585029,0.15851601989703568,0.7704814887671141
25573,LOF,0.06233559261917283,0.12360901348586117,0.814055393894966
25574,LOF,0.05977502774677814,0.24605558217327253,0.6941693900799494
25575,LOF,0.02276079703402465,0.15317096098698338,0.824068241978992
25576,LOF,0.03051185171873691,0.20007403077559313,0.76941411750567
25577,LOF,0.033072193278977494,0.15229906492034823,0.8146287418006742
25578,LOF,0.2979661481968034,0.12242355763915273,0.5796102941640439
25579,LOF,0.1869087578709426,0.12114482861850158,0.6919464135105559
25580,LOF,0.020435667927322508,0.1090900634875215,0.8704742685851561
25581,LOF,0.05234017676570449,0.09719088688227828,0.8504689363520171
25582,LOF,0.05215332657995096,0.09480258529797483,0.8530440881220743
25583,LOF,0.024353181882717363,0.1194993329356917,0.8561474851815909
25584,Neutral,0.6847282483301992,0.15300420910451146,0.1622675425652893
25585,LOF,0.021218135535337117,0.19229323315837868,0.7864886313062841
25586,LOF,0.018158216434713693,0.10201776467201965,0.8798240188932666
25587,LOF,0.018201468903733295,0.09402114636496915,0.8877773847312976
25588,LOF,0.021201641133360264,0.10028310755307443,0.8785152513135652
25589,Neutral,0.5355848186372907,0.24367835936706372,0.2207368219956456
25590,LOF,0.050046400069537096,0.15696869204053035,0.7929849078899326
25591,LOF,0.0874389091470902,0.08518105043478102,0.8273800404181288
25592,LOF,0.05557287572738754,0.19827778188144604,0.7461493423911664
25593,LOF,0.12478303720072266,0.30566578077265466,0.5695511820266227
25594,LOF,0.047857200995476856,0.10433061386117239,0.8478121851433508
25595,LOF,0.04767337695826949,0.06431322881745305,0.8880133942242775
25596,LOF,0.09550760146412564,0.03340485589411425,0.8710875426417601
25597,LOF,0.07988011023681724,0.04297927023369566,0.8771406195294872
25598,LOF,0.048480392740983695,0.06901293623628027,0.8825066710227361
25599,LOF,0.021938742715670593,0.41923786467443735,0.558823392609892
25600,GOF,0.17932024671574132,0.4420944996959903,0.3785852535882683
25601,LOF,0.04017779651804328,0.34200473636521833,0.6178174671167385
25602,LOF,0.03472580231701563,0.05815177335636428,0.9071224243266202
25603,LOF,0.038109586206632094,0.044064736615030645,0.9178256771783373
25604,LOF,0.037053963783336946,0.09369572021722695,0.869250315999436
25605,LOF,0.0309848720163663,0.19275511204185322,0.7762600159417806
25606,LOF,0.39203872855356353,0.129234297642705,0.4787269738037314
25607,LOF,0.03062732496576651,0.1837008767428865,0.7856717982913469
25608,LOF,0.040231572357073586,0.10166281657813289,0.8581056110647935
25609,GOF,0.138264443299299,0.5398284152908417,0.3219071414098594
25610,LOF,0.015592300354155608,0.05266259758953946,0.9317451020563049
25611,LOF,0.013177961822765696,0.05627550299401398,0.9305465351832204
25612,LOF,0.04486546397951002,0.08076579392736195,0.874368742093128
25613,LOF,0.04164321979065204,0.07589979571465026,0.8824569844946977
25614,LOF,0.021519542172067002,0.04738567964072495,0.931094778187208
25615,LOF,0.042398728879292934,0.07497992810524784,0.8826213430154592
25616,LOF,0.0469192325871325,0.05223874196277083,0.9008420254500966
25617,LOF,0.03844168439339393,0.06245986724809186,0.8990984483585142
25618,LOF,0.042671143461168605,0.07241461035321443,0.884914246185617
25619,LOF,0.012656830373018114,0.062409237110965354,0.9249339325160166
25620,LOF,0.05235347810799484,0.06893187020496307,0.8787146516870421
25621,LOF,0.0642782189017857,0.060264831231794165,0.8754569498664202
25622,LOF,0.06533013756695759,0.07033324459111594,0.8643366178419264
25623,LOF,0.06571922726807203,0.05766595260021068,0.8766148201317172
25624,LOF,0.017482069352630605,0.06325167822901856,0.9192662524183508
25625,LOF,0.0602435820208683,0.06300723346151917,0.8767491845176125
25626,LOF,0.045385576909060976,0.07363190943840295,0.8809825136525361
25627,Neutral,0.8889128019574924,0.0222779722411679,0.08880922580133965
25628,LOF,0.15857389858141208,0.05519956771484855,0.7862265337037393
25629,LOF,0.06780831596577594,0.049002744546661,0.8831889394875629
25630,LOF,0.30708338900311116,0.06659475058256065,0.6263218604143282
25631,Neutral,0.5633720683982967,0.06633623206274578,0.37029169953895746
25632,LOF,0.028512155861503054,0.07658271890636403,0.894905125232133
25633,LOF,0.19809187037447504,0.05184856906741667,0.7500595605581084
25634,LOF,0.03421104304849423,0.11428063810560042,0.8515083188459053
25635,LOF,0.03257793144728804,0.05000204046314127,0.9174200280895708
25636,LOF,0.03503199599561145,0.46404816639200464,0.5009198376123839
25637,GOF,0.05675196636604942,0.5478987497926728,0.3953492838412778
25638,LOF,0.02794617399409484,0.42106602946886784,0.5509877965370372
25639,LOF,0.029711787026622666,0.44963937958541356,0.5206488333879637
25640,Neutral,0.8499056855002004,0.10064774768407143,0.049446566815728274
25641,GOF,0.0852526203878638,0.46463631336439964,0.4501110662477365
25642,LOF,0.07246737439392709,0.16713332603317566,0.7603992995728974
25643,LOF,0.20125961526343103,0.1286770710326784,0.6700633137038906
25644,GOF,0.013233040502120631,0.5502122658999303,0.4365546935979491
25645,GOF,0.014340077378379267,0.5112414733864544,0.47441844923516635
25646,LOF,0.03685865202837264,0.3580680258202276,0.6050733221513999
25647,LOF,0.01662447862927876,0.27646416905153376,0.7069113523191874
25648,LOF,0.019122188574278255,0.305235112352998,0.6756426990727238
25649,LOF,0.010774755639354127,0.25470030858241605,0.7345249357782297
25650,LOF,0.031348558711687756,0.48341248278400545,0.48523895850430676
25651,LOF,0.011716205843286405,0.3086816256334991,0.6796021685232145
25652,LOF,0.01791192783891843,0.2970584874232987,0.6850295847377827
25653,LOF,0.05629623716204863,0.45835719646846595,0.48534656636948525
25654,LOF,0.012991471271457443,0.22473890918745035,0.7622696195410923
25655,GOF,0.1700696969938389,0.4600153524523412,0.3699149505538199
25656,LOF,0.3596975893133641,0.07305780813637809,0.5672446025502579
25657,LOF,0.06283997967240096,0.082726123865035,0.854433896462564
25658,LOF,0.325013782461786,0.09071657658058857,0.5842696409576255
25659,Neutral,0.4794734435447169,0.11026552871943501,0.41026102773584827
25660,LOF,0.023309167405298727,0.09918957754279568,0.8775012550519057
25661,LOF,0.09664601630332008,0.060020257399576664,0.8433337262971033
25662,LOF,0.036008963024777504,0.03366296207765715,0.9303280748975653
25663,LOF,0.041195627448175315,0.04433408201535235,0.9144702905364724
25664,LOF,0.13995353817839876,0.06078681595082369,0.7992596458707776
25665,LOF,0.0633542831985554,0.02900863318395937,0.9076370836174852
25666,LOF,0.09554023728711909,0.06896315108620889,0.8354966116266721
25667,LOF,0.0792920042446645,0.03964650633436304,0.8810614894209724
25668,LOF,0.036830303765785825,0.049509615470828,0.9136600807633862
25669,LOF,0.03251295425476233,0.04379869265205143,0.9236883530931863
25670,LOF,0.16586861533746303,0.050635838478373614,0.7834955461841633
25671,LOF,0.12268702645713876,0.03644466089446505,0.8408683126483962
25672,LOF,0.054660214845738395,0.04194722782489422,0.9033925573293673
25673,LOF,0.0788035284120936,0.052321565341594455,0.8688749062463119
25674,LOF,0.06636569850879498,0.062322744393078514,0.8713115570981265
25675,LOF,0.11741774593507796,0.06200059405593158,0.8205816600089905
25676,LOF,0.019621922298712482,0.05626320059065829,0.9241148771106291
25677,LOF,0.025409346835262813,0.06605335132769592,0.9085373018370413
25678,LOF,0.20607501975641787,0.07177688069433724,0.7221480995492447
25679,LOF,0.11941841781810887,0.07698138240751186,0.8036001997743794
25680,LOF,0.03318059957327642,0.11388304209420165,0.8529363583325219
25681,LOF,0.04938305897815773,0.10587600731665843,0.8447409337051839
25682,LOF,0.1421597075257428,0.0753542290969455,0.7824860633773117
25683,LOF,0.11781240023666709,0.08255456021809651,0.7996330395452365
25684,LOF,0.04167174637200321,0.06533334469221797,0.8929949089357787
25685,LOF,0.12830528650071296,0.07795487232702096,0.793739841172266
25686,LOF,0.09397247085241638,0.10007349556907709,0.8059540335785066
25687,LOF,0.13392497113182789,0.10686233300127,0.7592126958669021
25688,LOF,0.373430039585824,0.05245370044797171,0.5741162599662043
25689,LOF,0.2676903527284069,0.056738615915645135,0.675571031355948
25690,LOF,0.3300920936602573,0.0435222653761761,0.6263856409635666
25691,Neutral,0.7092822743206266,0.03662769813803766,0.2540900275413358
25692,LOF,0.3472092177701415,0.013918424024128503,0.63887235820573
25693,LOF,0.04605370250976852,0.40156123231005453,0.5523850651801769
25694,LOF,0.11376636040300087,0.015066439755621974,0.8711671998413771
25695,LOF,0.11805038400793888,0.013644509138591247,0.8683051068534697
25696,LOF,0.15458044872688845,0.009446049845950294,0.8359735014271613
25697,LOF,0.09392233168641241,0.04482866324575075,0.8612490050678367
25698,LOF,0.3471653886858774,0.15864067520160344,0.494193936112519
25699,Neutral,0.5689230367481949,0.04447923685010628,0.3865977264016988
25700,LOF,0.08164201656914123,0.010315981159196175,0.9080420022716627
25701,LOF,0.20212965248716466,0.04463861103023829,0.7532317364825971
25702,GOF,0.17968332064912398,0.6015821376310302,0.2187345417198458
25703,LOF,0.01794894866282319,0.13028156146634134,0.8517694898708355
25704,LOF,0.04021095323681264,0.0997178957942125,0.8600711509689748
25705,LOF,0.046707796650942726,0.15601094828278092,0.7972812550662765
25706,LOF,0.10820531927645358,0.439572202123568,0.45222247859997844
25707,LOF,0.09461315381040658,0.39239219280990795,0.5129946533796855
25708,LOF,0.03969704767173028,0.33843904953210463,0.6218639027961652
25709,LOF,0.06897700716387821,0.047378484785252896,0.883644508050869
25710,LOF,0.012147746878936197,0.1694836935227243,0.8183685595983395
25711,LOF,0.02108362530741038,0.08606041858958152,0.892855956103008
25712,LOF,0.014708264121436084,0.19366544117842466,0.7916262947001392
25713,LOF,0.019141603347314323,0.08261951093447198,0.8982388857182136
25714,LOF,0.07735259686539897,0.08105737029643817,0.8415900328381629
25715,LOF,0.011806521004495796,0.14209812919470685,0.8460953498007974
25716,LOF,0.011474756729319071,0.10924488581579464,0.8792803574548863
25717,LOF,0.015605953888822776,0.07106891828251188,0.9133251278286653
25718,LOF,0.011259896338817304,0.08805825450439231,0.9006818491567903
25719,LOF,0.020240674861276765,0.07988633289741146,0.8998729922413117
25720,LOF,0.024600764099554553,0.07474938819983201,0.9006498477006134
25721,LOF,0.013829745827564218,0.10905689870145115,0.8771133554709846
25722,LOF,0.01434914823890035,0.11694397303706322,0.8687068787240365
25723,LOF,0.02372058128416985,0.05011886400295588,0.9261605547128743
25724,LOF,0.031329484308376884,0.08723493708934428,0.8814355786022788
25725,LOF,0.011755892549902175,0.07937079474060735,0.9088733127094903
25726,LOF,0.016089578612450924,0.11250761039852307,0.8714028109890259
25727,LOF,0.012670613278660337,0.08625471500261508,0.9010746717187245
25728,LOF,0.010169131421498032,0.11257741169727516,0.8772534568812269
25729,LOF,0.010412795703136753,0.11415524724985991,0.8754319570470034
25730,LOF,0.013829845424457147,0.09350341017517334,0.8926667444003695
25731,LOF,0.01903697783860297,0.10629317929670912,0.8746698428646879
25732,LOF,0.013895115792576965,0.08047297025936209,0.905631913948061
25733,LOF,0.016390487527529245,0.07565739203586952,0.9079521204366012
25734,LOF,0.010484481997651006,0.12019183313931872,0.8693236848630301
25735,LOF,0.012062763756573943,0.08665440344312565,0.9012828328003004
25736,LOF,0.012823856382622153,0.11084852845039317,0.8763276151669847
25737,LOF,0.012208779518781208,0.0845714659644124,0.9032197545168064
25738,LOF,0.011856913429700362,0.11755850548229899,0.8705845810880007
25739,LOF,0.02081144399510768,0.08471421773395263,0.8944743382709397
25740,LOF,0.026734527599783467,0.1294446715113014,0.8438208008889152
25741,LOF,0.015328771434852865,0.1272906174443941,0.8573806111207531
25742,LOF,0.12144290278812142,0.08522800066751937,0.7933290965443591
25743,LOF,0.03606021778818227,0.05688928134371134,0.9070505008681063
25744,Neutral,0.5650147741569632,0.2558249952214378,0.1791602306215989
25745,LOF,0.06188666546980223,0.0794272319430231,0.8586861025871747
25746,LOF,0.04228777530089218,0.10613663070524745,0.8515755939938604
25747,LOF,0.019250701114919513,0.07922703755954053,0.90152226132554
25748,LOF,0.11584121212329687,0.1289771704825597,0.7551816173941435
25749,LOF,0.02479598978486874,0.09645657541012186,0.8787474348050094
25750,LOF,0.0680168958552969,0.11330230461415104,0.8186807995305521
25751,LOF,0.07858844691708217,0.1450990097568952,0.7763125433260226
25752,GOF,0.11867612037656372,0.6242333284364523,0.25709055118698393
25753,LOF,0.02240522433253622,0.25907938805559483,0.7185153876118691
25754,GOF,0.015560507772795973,0.7980929148019499,0.18634657742525418
25755,LOF,0.02364786884088359,0.3722615393921027,0.6040905917670136
25756,LOF,0.0502336442883507,0.33831893263863144,0.6114474230730178
25757,GOF,0.019460753263699428,0.8232603750902738,0.15727887164602655
25758,GOF,0.03621649145450574,0.7734058097987145,0.19037769874677973
25759,GOF,0.011831097336021248,0.5838831821472616,0.40428572051671713
25760,LOF,0.015083558448829892,0.26895830298906764,0.7159581385621026
25761,GOF,0.2695850813796209,0.6267018592168309,0.10371305940354812
25762,LOF,0.04853402379459983,0.2646103857653141,0.6868555904400862
25763,LOF,0.014617964724752786,0.22650410350798922,0.7588779317672579
25764,GOF,0.08364688990767931,0.613322795478441,0.30303031461387964
25765,GOF,0.03661057969276706,0.7227134238067624,0.2406759965004705
25766,GOF,0.0753735576400997,0.7442319973891991,0.18039444497070123
25767,GOF,0.13066426126754294,0.586372297632212,0.28296344110024507
25768,LOF,0.10899448356474851,0.05085820562679119,0.8401473108084604
25769,LOF,0.05525786357012384,0.06532467033143777,0.8794174660984385
25770,LOF,0.28675549929900845,0.10012429651472818,0.6131202041862635
25771,LOF,0.04981547711292655,0.050346330742963824,0.8998381921441095
25772,LOF,0.017779844620627372,0.04929561460498225,0.9329245407743905
25773,LOF,0.04927785723178658,0.0922675916290163,0.8584545511391971
25774,LOF,0.028827461901538773,0.08483306778864942,0.8863394703098117
25775,LOF,0.04718386779329702,0.053445994972523586,0.8993701372341794
25776,LOF,0.07404728099326373,0.029265700874268524,0.8966870181324678
25777,LOF,0.35128207607755724,0.0687064172047227,0.58001150671772
25778,LOF,0.07286277254661064,0.049996892322147955,0.8771403351312415
25779,GOF,0.3484610460191801,0.6042205592512101,0.047318394729609824
25780,GOF,0.33361929569158344,0.5890613390949603,0.07731936521345648
25781,GOF,0.13781536535996528,0.7615867016017005,0.10059793303833423
25782,GOF,0.20828121409008687,0.7134221099177601,0.07829667599215306
25783,GOF,0.023703577633717506,0.6424856083347263,0.3338108140315562
25784,Neutral,0.4897788126093566,0.46467305427071726,0.04554813311992626
25785,GOF,0.47256087542150366,0.4892249171155597,0.03821420746293666
25786,GOF,0.030569239408013486,0.7562099993648778,0.21322076122710873
25787,Neutral,0.6559521575289509,0.3158046076753337,0.02824323479571548
25788,LOF,0.05441957146189273,0.0992800558812326,0.8463003726568746
25789,GOF,0.22294153758397067,0.6319769993469764,0.14508146306905295
25790,GOF,0.2142316832239501,0.6795469188829086,0.1062213978931412
25791,GOF,0.15044197335531923,0.6967079341910452,0.15285009245363557
25792,GOF,0.3362705698334561,0.5440995399639658,0.11962989020257812
25793,GOF,0.24398584914182905,0.5403775394378023,0.21563661142036855
25794,GOF,0.32101169880056357,0.5127543162898229,0.1662339849096135
25795,GOF,0.08897025921146007,0.664151139987874,0.24687860080066598
25796,Neutral,0.5488904262190419,0.3680452470506898,0.08306432673026824
25797,GOF,0.08195515574585664,0.5359922347664445,0.3820526094876988
25798,GOF,0.00906241709577408,0.5242518744710889,0.46668570843313695
25799,LOF,0.007844040000610937,0.43210382168434164,0.5600521383150474
25800,GOF,0.033245462366008255,0.5960266145796451,0.3707279230543467
25801,GOF,0.20955815576963382,0.6699177277888158,0.1205241164415504
25802,GOF,0.05855024799691071,0.7006860158599786,0.24076373614311064
25803,GOF,0.03460066192658387,0.585674846418803,0.37972449165461314
25804,GOF,0.03404011455042796,0.5210302586444625,0.44492962680510945
25805,GOF,0.09663450656549649,0.6018054338067631,0.3015600596277406
25806,GOF,0.1107996237968293,0.6056082643862173,0.28359211181695343
25807,GOF,0.02048312430675376,0.6094671962887572,0.37004967940448896
25808,GOF,0.09242100875627349,0.612766199438217,0.29481279180550946
25809,GOF,0.018283212380553825,0.6172476219339155,0.3644691656855307
25810,GOF,0.018011054339143226,0.6305717089942608,0.351417236666596
25811,Neutral,0.4748304288952636,0.4548989839813428,0.07027058712339343
25812,GOF,0.03528563232550114,0.615238800512786,0.34947556716171274
25813,Neutral,0.5149780582514506,0.373463765936044,0.11155817581250534
25814,GOF,0.11856907105741143,0.6464718725558672,0.23495905638672132
25815,GOF,0.20020773485890064,0.610828848709237,0.1889634164318623
25816,GOF,0.02208281708247356,0.6789184554048555,0.2989987275126709
25817,GOF,0.24553394735943831,0.6124254283770387,0.14204062426352299
25818,GOF,0.053121293093831186,0.591323265272935,0.3555554416332337
25819,GOF,0.36685692416200566,0.46142481173708116,0.17171826410091315
25820,GOF,0.16330990863544737,0.593139767049546,0.24355032431500673
25821,GOF,0.051910876214130874,0.6543626300318923,0.29372649375397675
25822,GOF,0.20355510727518522,0.5254284895603445,0.27101640316447045
25823,GOF,0.028979992421545357,0.5087190756004103,0.46230093197804434
25824,GOF,0.07287569886243211,0.529973526068401,0.3971507750691669
25825,GOF,0.028258987365652615,0.5335852690594985,0.4381557435748489
25826,GOF,0.010751305347314034,0.5182772988573584,0.47097139579532765
25827,GOF,0.021471971109647617,0.5841838697282463,0.3943441591621062
25828,GOF,0.012942928328519567,0.51169668606425,0.47536038560723043
25829,GOF,0.006361319780681574,0.5541842882709007,0.4394543919484178
25830,LOF,0.0380960807478038,0.3053012214095005,0.6566026978426956
25831,GOF,0.17654195483799096,0.6727594483372424,0.1506985968247665
25832,GOF,0.029533698723745234,0.6618267433324145,0.30863955794384024
25833,GOF,0.12463976221368177,0.6777392338291426,0.1976210039571757
25834,GOF,0.03814277915408681,0.6685749667799993,0.2932822540659139
25835,GOF,0.08398644032465943,0.7249216137419616,0.19109194593337903
25836,GOF,0.044579626324338845,0.6535961154198492,0.30182425825581194
25837,GOF,0.02568358090734542,0.5332236941484272,0.44109272494422747
25838,GOF,0.08819415729169651,0.724584185740363,0.1872216569679405
25839,GOF,0.2725959597106969,0.5748808506563158,0.15252318963298728
25840,GOF,0.21804150994807983,0.5946984947408812,0.18725999531103898
25841,GOF,0.23594523574664947,0.5972309329942961,0.1668238312590544
25842,GOF,0.17324676547059176,0.6708066104290289,0.15594662410037935
25843,GOF,0.22633259299102032,0.662731901902672,0.11093550510630779
25844,GOF,0.06710430071384522,0.6691440163486277,0.2637516829375271
25845,GOF,0.015132763706562564,0.5100796756393188,0.4747875606541187
25846,GOF,0.12057914473787155,0.7176975509551778,0.16172330430695053
25847,GOF,0.10490958756065079,0.7768838465678266,0.11820656587152259
25848,GOF,0.03648096334335957,0.6673782881616453,0.29614074849499494
25849,GOF,0.011292259369449909,0.5633254279453848,0.42538231268516535
25850,GOF,0.02202498775597468,0.653068448786787,0.32490656345723823
25851,GOF,0.017798544411024745,0.5471143949646922,0.435087060624283
25852,GOF,0.1634739666810374,0.5623666817686257,0.27415935155033694
25853,GOF,0.34141996962632953,0.584647216806629,0.07393281356704158
25854,GOF,0.020010993430483022,0.6277036875703905,0.35228531899912646
25855,GOF,0.031916991872794995,0.5818338605773233,0.38624914754988166
25856,GOF,0.22176240566123342,0.5644183603110486,0.21381923402771796
25857,GOF,0.03207497686369801,0.5153647046688321,0.4525603184674699
25858,GOF,0.017815047408682862,0.5756625104650311,0.4065224421262861
25859,GOF,0.010035483974876505,0.5565504021467714,0.4334141138783521
25860,GOF,0.35067271038557946,0.5688859387117008,0.08044135090271977
25861,GOF,0.4101884816584755,0.5158636334316775,0.07394788490984708
25862,GOF,0.0849189257904561,0.7596850835634583,0.1553959906460856
25863,GOF,0.08349259992585653,0.7652393336650972,0.1512680664090462
25864,GOF,0.18645911181324235,0.7225257417236051,0.09101514646315245
25865,GOF,0.09280630930923162,0.7787127615471516,0.1284809291436168
25866,GOF,0.06758015179847127,0.7803778343407388,0.1520420138607898
25867,GOF,0.08397200797735456,0.7991647038371729,0.11686328818547267
25868,GOF,0.25137763427815,0.6530491020718889,0.095573263649961
25869,Neutral,0.6911390991336486,0.27096782337062614,0.037893077495725194
25870,GOF,0.30545841285764325,0.35006602411685595,0.3444755630255008
25871,GOF,0.19125308885327294,0.6455511628783925,0.16319574826833452
25872,GOF,0.07827404157386082,0.6395003179095788,0.2822256405165603
25873,GOF,0.14055961177221024,0.637798061508078,0.2216423267197118
25874,LOF,0.018502265139310164,0.1121888983461023,0.8693088365145876
25875,LOF,0.11451642192576358,0.03453859854913722,0.8509449795250993
25876,LOF,0.039328935341740576,0.043295380620461815,0.9173756840377976
25877,Neutral,0.5370140689162786,0.038086212612257336,0.42489971847146396
25878,LOF,0.2566415753406047,0.06049565368800536,0.6828627709713898
25879,LOF,0.10837640924104389,0.06326665101523993,0.8283569397437162
25880,LOF,0.024012468977858376,0.020175013971885352,0.9558125170502564
25881,LOF,0.1828601748976984,0.10234937480242541,0.7147904502998762
25882,LOF,0.07171349891683584,0.015205110704246912,0.9130813903789173
25883,LOF,0.08290634885388458,0.015806533850931566,0.901287117295184
25884,LOF,0.03926250582215068,0.027935052678371597,0.9328024414994777
25885,LOF,0.06481243991272002,0.01074259369493942,0.9244449663923405
25886,LOF,0.3381807744000328,0.027793685655704194,0.634025539944263
25887,LOF,0.16268667201423834,0.05750996458404938,0.7798033634017123
25888,LOF,0.07567270992768262,0.04923806651506058,0.8750892235572568
25889,LOF,0.05113344217478607,0.017572065108736105,0.9312944927164779
25890,LOF,0.05187137229510668,0.1204703693714991,0.8276582583333941
25891,LOF,0.04337447582107362,0.04979032868349413,0.9068351954954323
25892,LOF,0.09931787417468299,0.01995899432106443,0.8807231315042525
25893,LOF,0.27845600389464054,0.015879384913770677,0.7056646111915887
25894,LOF,0.19157435373266615,0.009342685019827799,0.799082961247506
25895,LOF,0.21115201709480724,0.018313608498695323,0.7705343744064974
25896,LOF,0.0477559310308457,0.01950953849996222,0.932734530469192
25897,LOF,0.2569332116214788,0.011444106560686554,0.7316226818178346
25898,Neutral,0.7039252956128736,0.009192308745798,0.2868823956413284
25899,LOF,0.26618000361291494,0.025695247836503256,0.7081247485505818
25900,LOF,0.4489435328545936,0.01640149750390976,0.5346549696414967
25901,LOF,0.056735771009876694,0.011668973588432585,0.9315952554016907
25902,LOF,0.1742666760063066,0.01059151330702165,0.8151418106866718
25903,Neutral,0.5317917790881557,0.026240745856137865,0.4419674750557064
25904,LOF,0.2858001585016655,0.048420051137173535,0.665779790361161
25905,LOF,0.023782431837514977,0.30779954036488355,0.6684180277976014
25906,LOF,0.02587809594512261,0.06833118977961944,0.9057907142752579
25907,LOF,0.013916843596617828,0.3039905884809141,0.6820925679224681
25908,LOF,0.01073301446761911,0.21950988028932342,0.7697571052430574
25909,LOF,0.01301725266736619,0.12952120891079222,0.8574615384218417
25910,LOF,0.046950091122841806,0.11636790398129934,0.8366820048958589
25911,LOF,0.15433200403942382,0.03007158714903078,0.8155964088115453
25912,LOF,0.040687554316675145,0.04293195262736382,0.9163804930559609
25913,LOF,0.2959406434476543,0.025246314014441752,0.678813042537904
25914,LOF,0.021085416140775096,0.13040790467659916,0.8485066791826258
25915,Neutral,0.42222327383727487,0.3601001552873587,0.21767657087536635
25916,LOF,0.06152229540166183,0.3946652685594045,0.5438124360389337
25917,LOF,0.058485099996343715,0.08221494231159783,0.8592999576920585
25918,LOF,0.02878701204370208,0.0795415907508876,0.8916713972054103
25919,LOF,0.02364659502744685,0.0836369793811857,0.8927164255913675
25920,GOF,0.10699021922017976,0.4711791285683909,0.4218306522114293
25921,LOF,0.029005863594019902,0.026679454536663053,0.9443146818693171
25922,LOF,0.03916868200824873,0.019382059503678346,0.9414492584880728
25923,LOF,0.4266850494995815,0.022602063886338453,0.55071288661408
25924,LOF,0.03453056649071948,0.03714837824033235,0.9283210552689483
25925,LOF,0.06451789238364387,0.026030598342219536,0.9094515092741366
25926,LOF,0.04750733733580694,0.020556673619507655,0.9319359890446854
25927,LOF,0.0781092501228597,0.06880491985690249,0.8530858300202379
25928,LOF,0.02168094190431289,0.034209729711239596,0.9441093283844475
25929,Neutral,0.5566401604769371,0.024602137238774777,0.4187577022842881
25930,LOF,0.056514528150457675,0.019333615455389988,0.9241518563941523
25931,LOF,0.03086138817770768,0.020657435216783256,0.948481176605509
25932,LOF,0.02713413416012568,0.01982095770941728,0.9530449081304571
25933,LOF,0.037879735520656016,0.013362541453892676,0.9487577230254512
25934,LOF,0.023649245820631055,0.01619762422020052,0.9601531299591685
25935,LOF,0.05889688902311589,0.03076998454542807,0.910333126431456
25936,LOF,0.04648863444201649,0.020072003197692447,0.9334393623602911
25937,LOF,0.027262584725451,0.023557036838954125,0.9491803784355949
25938,LOF,0.06228483708238113,0.03169217343702765,0.9060229894805912
25939,LOF,0.03757087859390788,0.0125885719689724,0.9498405494371197
25940,LOF,0.032386550127441315,0.37210629878480184,0.5955071510877569
25941,LOF,0.18155170351834157,0.08306344447077628,0.7353848520108821
25942,LOF,0.01803274562042921,0.03167790249377503,0.9502893518857958
25943,LOF,0.31124186362405715,0.052540040354720006,0.6362180960212228
25944,LOF,0.4810294734146443,0.025288526104282893,0.49368200048107275
25945,LOF,0.06930395962211505,0.022811625349572876,0.907884415028312
25946,LOF,0.02890981679727504,0.11271931671562767,0.8583708664870974
25947,LOF,0.1246138569405836,0.2062296029665911,0.6691565400928254
25948,LOF,0.4295359333042628,0.010342242078748617,0.5601218246169886
25949,LOF,0.10481450960410583,0.04621161708504693,0.8489738733108472
25950,GOF,0.27138806713644953,0.446467955711443,0.2821439771521075
25951,LOF,0.2664387478872957,0.2383419656872296,0.49521928642547464
25952,LOF,0.04276726922395506,0.4448049691055675,0.5124277616704774
25953,LOF,0.13490538195708415,0.11573579172166178,0.7493588263212541
25954,Neutral,0.4378066953863257,0.20418528115162857,0.3580080234620458
25955,LOF,0.05728854680185798,0.09003903336691303,0.8526724198312291
25956,LOF,0.17281246623062868,0.09079985510905669,0.7363876786603146
25957,LOF,0.04342438661250743,0.031328073599504666,0.9252475397879879
25958,LOF,0.06301262099135566,0.02712803872509587,0.9098593402835485
25959,LOF,0.07040710389369167,0.35914849223990275,0.5704444038664056
25960,LOF,0.019469941200414075,0.05001507313493699,0.9305149856646489
25961,LOF,0.052282498561748623,0.028884532971449366,0.918832968466802
25962,LOF,0.05300431813049205,0.0345023647822999,0.912493317087208
25963,LOF,0.05343464346064555,0.19368976926721998,0.7528755872721345
25964,LOF,0.03454155885075076,0.14298091117559153,0.8224775299736576
25965,Neutral,0.46864408376700595,0.08608755959070483,0.4452683566422893
25966,Neutral,0.4665545542168926,0.09993131587739068,0.4335141299057167
25967,LOF,0.014637255506602956,0.06260402929452065,0.9227587151988763
25968,GOF,0.03800929489896115,0.4935555578630624,0.4684351472379766
25969,LOF,0.025168733685405568,0.06402111288511475,0.9108101534294797
25970,LOF,0.06425633409660514,0.05620450254152051,0.8795391633618743
25971,LOF,0.07573263298368853,0.015298394727039108,0.9089689722892723
25972,LOF,0.0733951811499825,0.0209624074684655,0.9056424113815521
25973,LOF,0.09539022874706068,0.00829880351220518,0.8963109677407342
25974,LOF,0.20282233175245792,0.017497215684010404,0.7796804525635316
25975,LOF,0.057596959539066385,0.028580880781752655,0.913822159679181
25976,LOF,0.0475247801906563,0.014797314881019853,0.9376779049283238
25977,LOF,0.15664419035935107,0.09404127809061243,0.7493145315500365
25978,LOF,0.1458854343194891,0.04286312802595167,0.8112514376545592
25979,LOF,0.13475920338735445,0.04401190121053847,0.8212288954021071
25980,LOF,0.19062068093438778,0.06078074014830209,0.7485985789173101
25981,LOF,0.22392432225303682,0.058589117349758656,0.7174865603972045
25982,LOF,0.38841414159095833,0.040470080319868144,0.5711157780891736
25983,LOF,0.38500080733738945,0.0407562632838835,0.574242929378727
25984,LOF,0.052122514704831036,0.0510469128676401,0.8968305724275288
25985,LOF,0.025175022614625318,0.22228711475335308,0.7525378626320216
25986,LOF,0.042699485503404445,0.24372138275280253,0.713579131743793
25987,LOF,0.07872591096732938,0.0631911470136282,0.8580829420190426
25988,LOF,0.13486673416234674,0.052835820405064376,0.8122974454325889
25989,LOF,0.029898879474899897,0.1035485576145268,0.8665525629105733
25990,LOF,0.037035629303756486,0.13649890171590923,0.8264654689803344
25991,LOF,0.1958882443035154,0.29748535082756,0.5066264048689246
25992,LOF,0.3762281802820473,0.15212955240242923,0.47164226731552356
25993,LOF,0.024815398306985734,0.06692875826916321,0.9082558434238511
25994,LOF,0.018831200899527757,0.10020144654624204,0.8809673525542302
25995,LOF,0.027996277157333622,0.17569756651968071,0.7963061563229856
25996,GOF,0.2966843548919739,0.4659938374972484,0.23732180761077765
25997,GOF,0.10390018339074707,0.4956112961325246,0.4004885204767283
25998,Neutral,0.5190898331406587,0.024506013689055906,0.4564041531702855
25999,LOF,0.11889244969163479,0.10790248385453763,0.7732050664538277
26000,LOF,0.17735639731874225,0.027281476573004258,0.7953621261082534
26001,LOF,0.19600701403917392,0.03153547172426779,0.7724575142365582
26002,LOF,0.12424070484591272,0.033059464910863395,0.8426998302432239
26003,GOF,0.010897866407314612,0.5689937048945256,0.4201084286981598
26004,GOF,0.02383260454901143,0.6292309162217914,0.3469364792291972
26005,LOF,0.00891121156159027,0.43720868057584067,0.553880107862569
26006,Neutral,0.5106258267161623,0.22191517118911094,0.2674590020947267
26007,GOF,0.02136682687055445,0.49826105288741473,0.4803721202420308
26008,GOF,0.020227222913748052,0.5567652887524347,0.4230074883338172
26009,GOF,0.024508043933315248,0.6063460677127648,0.36914588835392004
26010,GOF,0.0274817163287458,0.5926946636454495,0.3798236200258046
26011,LOF,0.007545082967404211,0.4286931463106751,0.5637617707219208
26012,GOF,0.017513554821027736,0.5310021744783038,0.45148427070066854
26013,GOF,0.024074633924979532,0.5685365264123667,0.40738883966265366
26014,LOF,0.04212131385699857,0.14362210544910012,0.8142565806939013
26015,LOF,0.24793474117793146,0.008139236702612136,0.7439260221194564
26016,LOF,0.2456706893591449,0.03737905183851907,0.716950258802336
26017,LOF,0.2658354197281905,0.05628246039125718,0.6778821198805524
26018,LOF,0.1113312607869404,0.03331637218565056,0.8553523670274091
26019,LOF,0.10558679259634428,0.025346563022311367,0.8690666443813443
26020,LOF,0.06597563849026776,0.07985179609141885,0.8541725654183134
26021,LOF,0.04649273365291633,0.09533630788671353,0.8581709584603702
26022,LOF,0.011983586797777963,0.03368452785888753,0.9543318853433345
26023,LOF,0.1245068258872733,0.020083313611969248,0.8554098605007575
26024,LOF,0.031246037772616253,0.0979093636365962,0.8708445985907876
26025,LOF,0.18177410823566517,0.08088317307714786,0.737342718687187
26026,LOF,0.360206985951665,0.01927178586648446,0.6205212281818506
26027,LOF,0.10024818458420857,0.01384734103960624,0.885904474376185
26028,LOF,0.15501173570634907,0.06964839649748678,0.7753398677961643
26029,LOF,0.07148149262984077,0.18646483725855714,0.742053670111602
26030,LOF,0.02281900515940101,0.06308655649739106,0.9140944383432079
26031,LOF,0.027443880393519915,0.13928581359210115,0.8332703060143788
26032,LOF,0.06326436019444738,0.06410447594882542,0.8726311638567271
26033,LOF,0.11163315133833498,0.08448934794767972,0.8038775007139852
26034,LOF,0.0428614913965875,0.15057085727335368,0.8065676513300588
26035,LOF,0.025618549304114346,0.13754504755062064,0.836836403145265
26036,LOF,0.037558600381550004,0.16541149376143183,0.7970299058570182
26037,LOF,0.02167642248834288,0.1164232816200996,0.8619002958915576
26038,LOF,0.05858077869317814,0.06868797873324062,0.8727312425735813
26039,LOF,0.05633911660411726,0.14166232480748547,0.8019985585883973
26040,LOF,0.18657135084030255,0.14617113638097198,0.6672575127787255
26041,LOF,0.022828198174463535,0.10312558947124195,0.8740462123542946
26042,LOF,0.022282800627698163,0.10235028667922935,0.8753669126930725
26043,LOF,0.058736382624308296,0.08208069537857782,0.8591829219971139
26044,LOF,0.019403035364740036,0.07586006596574044,0.9047368986695195
26045,LOF,0.0680075860619692,0.09751797429739585,0.8344744396406351
26046,LOF,0.06070645075472255,0.0818586671679232,0.8574348820773542
26047,LOF,0.08471651164172754,0.08549822802396555,0.8297852603343069
26048,LOF,0.045731121055471426,0.05053369251742377,0.9037351864271048
26049,Neutral,0.9585784631249751,0.008229793891966082,0.03319174298305894
26050,Neutral,0.9439198159942388,0.010480726625956092,0.04559945737980507
26051,LOF,0.04123599829644277,0.248417977466455,0.7103460242371022
26052,LOF,0.06562985044377351,0.2834774415332348,0.6508927080229917
26053,LOF,0.0579307359632598,0.12749874189464241,0.8145705221420978
26054,LOF,0.05790405577518633,0.018739338149141062,0.9233566060756726
26055,LOF,0.07692288486735256,0.015549667717153449,0.9075274474154941
26056,LOF,0.0594264424397344,0.016856067477686337,0.9237174900825793
26057,LOF,0.03485924955748173,0.011103153027989206,0.954037597414529
26058,LOF,0.03573847045940085,0.008555442210132462,0.9557060873304666
26059,LOF,0.3194241359167534,0.02543542908241337,0.6551404350008333
26060,LOF,0.0333916901320269,0.158463351043124,0.808144958824849
26061,LOF,0.02081694107415091,0.010814117273668716,0.9683689416521805
26062,LOF,0.012407668856025117,0.019760128616723455,0.9678322025272514
26063,LOF,0.024147320586024222,0.012321564678456147,0.9635311147355197
26064,LOF,0.023886502408903623,0.017802472859325316,0.9583110247317711
26065,LOF,0.026151099897385684,0.011032843513591404,0.9628160565890229
26066,LOF,0.022335240485860896,0.01165451064305416,0.966010248871085
26067,LOF,0.029284442254550114,0.008455930736734911,0.962259627008715
26068,LOF,0.04915685790296682,0.03234802595359597,0.9184951161434373
26069,LOF,0.2537349380961327,0.018653641912505518,0.7276114199913617
26070,LOF,0.39495559772107497,0.015416182492349174,0.5896282197865759
26071,LOF,0.025345867849656454,0.011842445881585279,0.9628116862687582
26072,LOF,0.02459127964324345,0.017282637155037087,0.9581260832017195
26073,LOF,0.026766027966303937,0.010465924002996898,0.9627680480306992
26074,Neutral,0.9121711261873369,0.005534852213195534,0.08229402159946755
26075,LOF,0.04675268056480749,0.01551867637780623,0.9377286430573863
26076,LOF,0.04470216871033871,0.008885740808798849,0.9464120904808624
26077,LOF,0.009232244051932586,0.01916644519279433,0.9716013107552731
26078,LOF,0.014683537869336497,0.010779426336161638,0.9745370357945019
26079,LOF,0.06394204818914266,0.01846002285611445,0.9175979289547428
26080,LOF,0.06226833691411195,0.018553993748812614,0.9191776693370755
26081,LOF,0.03987130551999105,0.006347103543163072,0.9537815909368459
26082,LOF,0.018079051362917296,0.01515468423313503,0.9667662644039475
26083,LOF,0.13308658421676717,0.012118287531432037,0.8547951282518009
26084,LOF,0.02818454708852012,0.012091224424369005,0.9597242284871109
26085,LOF,0.02348212050508855,0.01172847679607775,0.9647894026988337
26086,LOF,0.02620991059884294,0.011386520421433033,0.9624035689797239
26087,LOF,0.03011950449600436,0.00783682450411296,0.9620436709998827
26088,LOF,0.017810463741187908,0.02602609277706538,0.9561634434817468
26089,LOF,0.0471394243417117,0.023822609565005443,0.9290379660932828
26090,LOF,0.04538525580513491,0.01839804485283783,0.9362166993420273
26091,LOF,0.04237163969343023,0.006405206979966334,0.9512231533266036
26092,LOF,0.02918188517081481,0.008136986650249669,0.9626811281789356
26093,LOF,0.04291799134850889,0.0061306776744033615,0.9509513309770878
26094,LOF,0.04454252764327459,0.00690524278164728,0.9485522295750782
26095,LOF,0.048418201275205255,0.012905150971305556,0.9386766477534891
26096,LOF,0.021078057375326406,0.011025951633912607,0.9678959909907611
26097,LOF,0.012143773977240908,0.03458647036550611,0.953269755657253
26098,LOF,0.07119304581481692,0.011192230954687948,0.9176147232304951
26099,LOF,0.025716916750857386,0.012582720741863422,0.9617003625072792
26100,LOF,0.02810162100227161,0.01215617949637252,0.9597421995013559
26101,LOF,0.059060987947489325,0.011343113024429802,0.9295958990280809
26102,LOF,0.027744580930548858,0.01377438148439488,0.9584810375850562
26103,Neutral,0.8903501463056889,0.01782920654921184,0.09182064714509919
26104,LOF,0.08347877485088259,0.026593843880749923,0.8899273812683675
26105,LOF,0.22481560832609976,0.2793845996184493,0.495799792055451
26106,LOF,0.19986220525105972,0.10695101711853783,0.6931867776304025
26107,LOF,0.2603730593678352,0.07014256686727288,0.6694843737648919
26108,LOF,0.2326348085429704,0.12755820056822403,0.6398069908888055
26109,LOF,0.0899620457690376,0.08907367748575924,0.8209642767452031
26110,LOF,0.26285233157887955,0.006408746516255012,0.7307389219048653
26111,LOF,0.4686028197106191,0.01758121151829202,0.5138159687710889
26112,LOF,0.03479725216006373,0.008103887327760103,0.9570988605121762
26113,LOF,0.05940499842167798,0.01449523885123687,0.926099762727085
26114,LOF,0.029737930693978513,0.02758237975685868,0.9426796895491628
26115,LOF,0.10689063698790523,0.06933931415415891,0.8237700488579358
26116,LOF,0.0662295188123495,0.06302716783152318,0.8707433133561274
26117,LOF,0.4476006937359867,0.05586458819733974,0.49653471806667365
26118,LOF,0.03756474326749556,0.028174978418534048,0.9342602783139703
26119,LOF,0.02218785553517406,0.03974600913222201,0.938066135332604
26120,LOF,0.03118107321251218,0.027914156082888865,0.9409047707045989
26121,LOF,0.0559417773517799,0.08745886487649525,0.8565993577717249
26122,LOF,0.0455257125411659,0.03970913665032066,0.9147651508085134
