feature0,prediction,LoGoFunc_Neutral,LoGoFunc_GOF,LoGoFunc_LOF
25546,Neutral,0.5715103108023855,0.052346057916766255,0.3761436312808482
25547,Neutral,0.47681807702412654,0.07869650671056116,0.4444854162653123
25548,Neutral,0.48420696928149987,0.07276677703902416,0.44302625367947596
25549,LOF,0.42498599032491385,0.07232158668085789,0.5026924229942282
25550,LOF,0.3600619946255539,0.09256412693661444,0.5473738784378316
25551,LOF,0.30392749253146806,0.09474672631300383,0.6013257811555281
25552,LOF,0.27899964674669747,0.10151614011877344,0.6194842131345291
25553,Neutral,0.7661976278961333,0.05592272251948673,0.17787964958438
25554,LOF,0.31181213048379414,0.08430830498853822,0.6038795645276677
25555,LOF,0.266141689087937,0.08426486833123092,0.6495934425808321
25556,LOF,0.4445945366196537,0.079501567145412,0.47590389623493423
25557,LOF,0.2452581556751704,0.08923454249310053,0.6655073018317291
25558,LOF,0.3109213850163137,0.08448018760525028,0.6045984273784359
25559,LOF,0.24351575414794166,0.030983982158831858,0.7255002636932265
25560,LOF,0.10958476255642237,0.11469281472310537,0.7757224227204722
25561,LOF,0.08553025348400066,0.1789233800737794,0.7355463664422198
25562,LOF,0.041107567314517764,0.07552863307917412,0.8833637996063082
25563,LOF,0.0074245434310184445,0.16329298032961234,0.8292824762393692
25564,LOF,0.0734110876836197,0.09213457363274177,0.8344543386836384
25565,LOF,0.20142796575890876,0.17335096019563373,0.6252210740454575
25566,GOF,0.07448904805099045,0.7823292262246127,0.14318172572439689
25567,LOF,0.05115152536893672,0.13373141720339227,0.815117057427671
25568,LOF,0.06553542622016714,0.09789546851328518,0.8365691052665477
25569,LOF,0.06478648101030095,0.08490533109086643,0.8503081878988327
25570,LOF,0.02874673349516767,0.12530999092705292,0.8459432755777794
25571,LOF,0.0281235299665363,0.13425304873023602,0.8376234213032278
25572,LOF,0.06452603359810767,0.18498262093807488,0.7504913454638175
25573,LOF,0.06982385380735129,0.12130893713842131,0.8088672090542274
25574,LOF,0.10414612281529237,0.21657531621474127,0.6792785609699663
25575,LOF,0.026407564220440206,0.14091922565238052,0.8326732101271793
25576,LOF,0.03104835289292051,0.22525005075142762,0.7437015963556519
25577,LOF,0.0350168638724135,0.16182882236409893,0.8031543137634876
25578,LOF,0.29812314737330353,0.0798972260779819,0.6219796265487146
25579,LOF,0.20544139674713482,0.08086885480929643,0.7136897484435687
25580,LOF,0.025670884828270814,0.0786617017888548,0.8956674133828745
25581,LOF,0.04307272227523846,0.10761670839923389,0.8493105693255276
25582,LOF,0.04284485321265192,0.102935956097821,0.8542191906895271
25583,LOF,0.03521226062336998,0.08709029916177549,0.8776974402148544
25584,Neutral,0.7532805230106603,0.09589866059448741,0.15082081639485231
25585,LOF,0.026364486505225212,0.1840179104638859,0.7896176030308889
25586,LOF,0.024272650487122883,0.10208823066136538,0.8736391188515117
25587,LOF,0.023276888812975197,0.10419324681612309,0.8725298643709017
25588,LOF,0.028675808646943374,0.07933745664393636,0.8919867347091203
25589,Neutral,0.6178604906730758,0.18462902638129902,0.19751048294562515
25590,LOF,0.06759638338694281,0.1269509697677865,0.8054526468452707
25591,LOF,0.10743610204964509,0.0790921439852318,0.8134717539651232
25592,LOF,0.08826351885200454,0.1699723792882375,0.7417641018597579
25593,LOF,0.1510320848212633,0.30781468215964347,0.5411532330190932
25594,LOF,0.04138284122818062,0.07768087160827138,0.880936287163548
25595,LOF,0.0434859947288872,0.030711637946435704,0.925802367324677
25596,LOF,0.12090066983991464,0.016879929168807425,0.862219400991278
25597,LOF,0.08815551994533338,0.019132153287329878,0.8927123267673367
25598,LOF,0.04993230803077696,0.030999739026620655,0.9190679529426025
25599,LOF,0.0246507236326772,0.4187962707408562,0.5565530056264666
25600,LOF,0.14547766773757112,0.3928812583966636,0.46164107386576525
25601,LOF,0.042706809513515305,0.30688428758900443,0.6504089028974802
25602,LOF,0.028378833239786235,0.07170376505648567,0.899917401703728
25603,LOF,0.06536523469013723,0.07190611290487312,0.8627286524049897
25604,LOF,0.055707005357933846,0.14026341076723906,0.804029583874827
25605,LOF,0.05879779422221291,0.16276546974060593,0.7784367360371811
25606,Neutral,0.44642973923768725,0.2555219394374222,0.2980483213248906
25607,LOF,0.03592252257797052,0.2276800454336369,0.7363974319883926
25608,LOF,0.04594916557532509,0.09243638682944515,0.8616144475952298
25609,GOF,0.20979567712837782,0.5338555992294992,0.25634872364212297
25610,LOF,0.02288465860399985,0.07213606736535076,0.9049792740306494
25611,LOF,0.015749026248169803,0.0769704526574346,0.9072805210943956
25612,LOF,0.07236681420466684,0.08774236754797672,0.8398908182473565
25613,LOF,0.060271613332864425,0.09379421794370124,0.8459341687234343
25614,LOF,0.026901150055838045,0.07587927550987744,0.8972195744342846
25615,LOF,0.06730796016537224,0.06494932085630582,0.8677427189783219
25616,LOF,0.0695145737561611,0.07921828192487744,0.8512671443189616
25617,LOF,0.05279353831521013,0.09280471735900891,0.8544017443257811
25618,LOF,0.059422429224338165,0.1586426335383492,0.7819349372373126
25619,LOF,0.014855993937765405,0.12392689905806209,0.8612171070041725
25620,LOF,0.05168065739621148,0.09167924123314632,0.8566401013706422
25621,LOF,0.08450862682047404,0.08817009262208571,0.8273212805574403
25622,LOF,0.1014607484194104,0.09903022228280164,0.7995090292977879
25623,LOF,0.0822544592267255,0.07113227474602511,0.8466132660272494
25624,LOF,0.024232235650559958,0.07183790193535602,0.903929862414084
25625,LOF,0.0752284210583296,0.08471751998344977,0.8400540589582206
25626,LOF,0.061562164526846534,0.0832824317396829,0.8551554037334705
25627,Neutral,0.8705528723988624,0.03425670467354127,0.09519042292759651
25628,LOF,0.19359543179482355,0.07762211131005754,0.7287824568951189
25629,LOF,0.05914071205551863,0.09973168712412703,0.8411276008203542
25630,LOF,0.2661805788380097,0.098042720754322,0.6357767004076683
25631,Neutral,0.5260079363549981,0.06881174338065785,0.405180320264344
25632,LOF,0.02472523090987288,0.11447935880080728,0.8607954102893198
25633,LOF,0.1859246742662868,0.05997149312768083,0.7541038326060323
25634,LOF,0.04360413583432024,0.07865979784929356,0.8777360663163862
25635,LOF,0.033481635151125295,0.04621761303430603,0.9203007518145686
25636,GOF,0.03374087025935154,0.5188042860818416,0.4474548436588069
25637,GOF,0.03155462516860856,0.49570121209068463,0.4727441627407069
25638,LOF,0.020986210910108615,0.4122666836796596,0.5667471054102318
25639,LOF,0.028361365400390564,0.3742601505537337,0.5973784840458758
25640,Neutral,0.7733148122726541,0.17156318419381278,0.05512200353353301
25641,LOF,0.11872730994207899,0.3672103535244193,0.5140623365335018
25642,LOF,0.133333210522033,0.2069392898628581,0.6597274996151089
25643,LOF,0.407131217451597,0.09392057144596748,0.49894821110243537
25644,GOF,0.008162887929841295,0.6833679281626928,0.308469183907466
25645,GOF,0.010308475783245162,0.6669523756125361,0.3227391486042188
25646,LOF,0.016535296975153168,0.40853141400811455,0.5749332890167324
25647,LOF,0.008599263757490077,0.3396353848124148,0.6517653514300952
25648,LOF,0.01325048480688374,0.37847926439352453,0.6082702507995918
25649,LOF,0.008106437567047207,0.27862419967782565,0.7132693627551271
25650,GOF,0.028139183298471565,0.5914852500696468,0.3803755666318816
25651,LOF,0.010081775273176689,0.3997644998932625,0.5901537248335609
25652,GOF,0.007459243189639032,0.5294375074862767,0.46310324932408425
25653,GOF,0.0264501332878305,0.695278294816235,0.27827157189593443
25654,LOF,0.009824507324363616,0.45206862364999384,0.5381068690256424
25655,GOF,0.08189237030128646,0.7442012367087224,0.1739063929899913
25656,LOF,0.2047313059445015,0.13176264461898834,0.6635060494365101
25657,LOF,0.03000026288458029,0.14970041435722783,0.8202993227581918
25658,LOF,0.21576176275824976,0.18897900876144955,0.5952592284803007
25659,LOF,0.30710391231536377,0.29880961332370026,0.3940864743609359
25660,LOF,0.022942641142948684,0.16586042089428243,0.8111969379627689
25661,LOF,0.06495515899409092,0.10986190502658187,0.8251829359793271
25662,LOF,0.025908463357162518,0.06444649724095147,0.9096450394018861
25663,LOF,0.030193084252851655,0.058820080727133954,0.9109868350200144
25664,LOF,0.08971250665452679,0.11954398671090644,0.7907435066345668
25665,LOF,0.04623227930448992,0.05843973870313374,0.8953279819923763
25666,LOF,0.06723034974717718,0.09144412177891495,0.8413255284739077
25667,LOF,0.0551422880058076,0.07274867369085307,0.8721090383033393
25668,LOF,0.02780346898175652,0.0946205634572128,0.8775759675610307
25669,LOF,0.018881943789151732,0.0809745958043708,0.9001434604064774
25670,LOF,0.10928688029679716,0.08195591992077028,0.8087571997824325
25671,LOF,0.07712108502897336,0.06174914641715746,0.8611297685538692
25672,LOF,0.038170548981917615,0.09638009465667527,0.8654493563614072
25673,LOF,0.07234702921110395,0.07675563749890656,0.8508973332899895
25674,LOF,0.06602225630257333,0.09929271569461938,0.8346850280028073
25675,LOF,0.06373100651898414,0.11103285216363344,0.8252361413173825
25676,LOF,0.015113388301460976,0.0974497377930785,0.8874368739054606
25677,LOF,0.014821099949661047,0.12842414852396222,0.8567547515263768
25678,LOF,0.18234572270512656,0.12737105300904822,0.6902832242858252
25679,LOF,0.10604195798004863,0.13839040536364247,0.7555676366563089
25680,LOF,0.01991908798758319,0.17401054253299242,0.8060703694794245
25681,LOF,0.03222117284593819,0.15660613373773394,0.8111726934163279
25682,LOF,0.09179632133139051,0.11280824730119297,0.7953954313674165
25683,LOF,0.08903687778431649,0.12605112441157343,0.7849119978041101
25684,LOF,0.02250578561359703,0.10077205898996675,0.8767221553964363
25685,LOF,0.09912592255361169,0.14961471133074739,0.751259366115641
25686,LOF,0.052474069339707594,0.28617833523584113,0.6613475954244513
25687,LOF,0.0999256612051453,0.24843015912393554,0.651644179670919
25688,LOF,0.43094556116955895,0.020750898231508514,0.5483035405989325
25689,LOF,0.24694397346466201,0.025985931367702494,0.7270700951676355
25690,LOF,0.32079249712959296,0.02261601211305242,0.6565914907573546
25691,Neutral,0.7350184622991952,0.02019705607278404,0.2447844816280207
25692,LOF,0.32421313570303495,0.011837052130584842,0.6639498121663802
25693,LOF,0.04662325923528465,0.41256890839773724,0.540807832366978
25694,LOF,0.10084518980725929,0.017248379264892887,0.8819064309278479
25695,LOF,0.09912249166148182,0.009712597778901462,0.8911649105596167
25696,LOF,0.101350203647443,0.024545041047162045,0.874104755305395
25697,LOF,0.03980963396981213,0.07370712586245178,0.8864832401677359
25698,LOF,0.27179843812952464,0.16332495949629233,0.5648766023741829
25699,LOF,0.37593302967167497,0.0703778953289279,0.5536890749993971
25700,LOF,0.059383876914023796,0.014116738382936611,0.9264993847030395
25701,LOF,0.16600128786416132,0.059559954284248984,0.7744387578515898
25702,GOF,0.23263607900155062,0.6321893731239362,0.13517454787451308
25703,LOF,0.018143129300352313,0.21648815816804437,0.7653687125316033
25704,LOF,0.03364653256180399,0.17194392275512832,0.7944095446830678
25705,LOF,0.031545587567182634,0.08598044629298988,0.8824739661398275
25706,LOF,0.11942310811049446,0.43889335753061803,0.4416835343588874
25707,LOF,0.10602833048178226,0.2925671485429926,0.6014045209752251
25708,LOF,0.047596137936189574,0.3581738263958422,0.5942300356679682
25709,LOF,0.06725688496934695,0.04984457086683316,0.8828985441638199
25710,LOF,0.01949051745563988,0.16456736223903748,0.8159421203053228
25711,LOF,0.0195727641113719,0.0890477528082699,0.8913794830803582
25712,LOF,0.019305962816262363,0.20431998007126984,0.7763740571124678
25713,LOF,0.018061643282740812,0.0760657521470313,0.9058726045702279
25714,LOF,0.0737180809883339,0.06612148352623078,0.8601604354854353
25715,LOF,0.011437958270165739,0.13189057505275611,0.8566714666770782
25716,LOF,0.013961120150686786,0.14315576006092914,0.8428831197883839
25717,LOF,0.020372923354577643,0.08597890219070219,0.8936481744547201
25718,LOF,0.01115098634343685,0.0581850416863944,0.9306639719701688
25719,LOF,0.022832622633856794,0.0986641316030204,0.8785032457631229
25720,LOF,0.029371345595505628,0.052254315588612994,0.9183743388158814
25721,LOF,0.011124662383428447,0.09558157324016725,0.8932937643764042
25722,LOF,0.013120015035689483,0.07758947258458672,0.9092905123797237
25723,LOF,0.02412141413838312,0.05361846608845621,0.9222601197731608
25724,LOF,0.03421226140729049,0.1069034653476614,0.8588842732450481
25725,LOF,0.01101805958477128,0.09144716726804243,0.8975347731471864
25726,LOF,0.01678434388020656,0.1379268736316627,0.8452887824881308
25727,LOF,0.013917957206446499,0.08011518061279098,0.9059668621807625
25728,LOF,0.01059626631170743,0.10873761625587718,0.8806661174324154
25729,LOF,0.011027475370955827,0.10622207805239385,0.8827504465766504
25730,LOF,0.014495927840902001,0.10837766823499463,0.8771264039241035
25731,LOF,0.02265981719360418,0.14779322732096292,0.8295469554854329
25732,LOF,0.014234418015531759,0.05359951798637486,0.9321660639980933
25733,LOF,0.014953906459648579,0.06855705956737232,0.9164890339729792
25734,LOF,0.015690397253471117,0.1704799555170609,0.8138296472294679
25735,LOF,0.010863585509985643,0.07033435351586155,0.9188020609741528
25736,LOF,0.01217380725004434,0.06938999482080808,0.9184361979291475
25737,LOF,0.013634948420002556,0.10052159483764639,0.8858434567423511
25738,LOF,0.011957979518440858,0.09278113232298474,0.8952608881585745
25739,LOF,0.019696260985377835,0.08192741779246306,0.898376321222159
25740,LOF,0.03052684289808382,0.10228566852358399,0.8671874885783322
25741,LOF,0.014002066754441963,0.10938782125941462,0.8766101119861434
25742,LOF,0.10491117935333663,0.07632420414015363,0.8187646165065098
25743,LOF,0.04532672099845367,0.05422842385961591,0.9004448551419303
25744,Neutral,0.6200045338573101,0.22731941398084643,0.1526760521618435
25745,LOF,0.06162037536277107,0.07072469557540846,0.8676549290618205
25746,LOF,0.04149419800221182,0.10733241263094571,0.8511733893668426
25747,LOF,0.014176401024410874,0.17421673525861445,0.8116068637169748
25748,LOF,0.07539281505353229,0.23339588234734354,0.6912113025991242
25749,LOF,0.02899630320068401,0.10077398616719178,0.8702297106321242
25750,LOF,0.06779855118711377,0.10073234361817246,0.8314691051947138
25751,LOF,0.0859476450705434,0.20237191835315474,0.7116804365763019
25752,GOF,0.1332414134099835,0.6607706245145631,0.20598796207545356
25753,LOF,0.039200480287055056,0.394639900386204,0.566159619326741
25754,GOF,0.029060589094066645,0.7672295308682664,0.2037098800376671
25755,LOF,0.042105506536749104,0.3452734450892101,0.6126210483740407
25756,LOF,0.07759413568882916,0.4318685439487615,0.4905373203624093
25757,GOF,0.023713202058134417,0.8360815430945571,0.14020525484730859
25758,GOF,0.03625243940747016,0.8169105374362269,0.14683702315630295
25759,GOF,0.017487070008428116,0.7031069986413797,0.2794059313501922
25760,LOF,0.02633810887630212,0.4196862012060274,0.5539756899176705
25761,GOF,0.3078343396523721,0.6132452563936696,0.07892040395395827
25762,LOF,0.058153322931509314,0.42020700436013875,0.521639672708352
25763,LOF,0.02205123243136491,0.3358729580127351,0.6420758095558999
25764,GOF,0.07860438043770435,0.7363120001870408,0.18508361937525492
25765,GOF,0.04381443639187209,0.7828895514874775,0.17329601212065046
25766,GOF,0.10252735598417706,0.7664706631672036,0.13100198084861922
25767,GOF,0.11982271257908626,0.48986783367295944,0.3903094537479543
25768,LOF,0.08724748650638207,0.0373521019300821,0.8754004115635359
25769,LOF,0.04734022508507112,0.0825070580086492,0.8701527169062797
25770,LOF,0.39996232558148664,0.09462590147640094,0.5054117729421124
25771,LOF,0.068832247265244,0.042348402062014255,0.8888193506727418
25772,LOF,0.018458676228467842,0.06138160680415951,0.9201597169673728
25773,LOF,0.06959533745371617,0.04857677351225043,0.8818278890340335
25774,LOF,0.02533498200090242,0.1425460857571273,0.8321189322419702
25775,LOF,0.08279106663072479,0.04109529260849695,0.8761136407607784
25776,LOF,0.06808398812516918,0.037219476736924884,0.8946965351379058
25777,Neutral,0.5871047308693769,0.0924622997128326,0.32043296941779054
25778,LOF,0.06013966690462382,0.05568397853963855,0.8841763545557376
25779,GOF,0.4354333977936856,0.49184153831794214,0.07272506388837216
25780,GOF,0.35286104732326745,0.5213425274774021,0.12579642519933057
25781,GOF,0.14540896613438783,0.698457040528503,0.1561339933371091
25782,GOF,0.20572230453733018,0.6565346773333706,0.1377430181292992
25783,GOF,0.024916944540378547,0.6566013006915054,0.31848175476811624
25784,Neutral,0.5490826302740534,0.3685333974679297,0.08238397225801715
25785,Neutral,0.5450448468682543,0.3716096607353619,0.08334549239638371
25786,GOF,0.028377396112570473,0.6676149960123674,0.3040076078750621
25787,Neutral,0.7326027309125135,0.21401267750712052,0.053384591580366084
25788,LOF,0.04825926269374856,0.07176666358861697,0.8799740737176344
25789,GOF,0.22825026528851675,0.6014343749130028,0.1703153597984805
25790,GOF,0.27347436611371284,0.5379917954006516,0.1885338384856355
25791,GOF,0.15968802271054244,0.5394128220765374,0.3008991552129202
25792,Neutral,0.3917636803570087,0.3770583431387902,0.23117797650420116
25793,GOF,0.23742988542999477,0.4086722323156328,0.3538978822543724
25794,GOF,0.29650137778346336,0.4404662964977989,0.2630323257187377
25795,GOF,0.06733912490875804,0.6024540579240796,0.33020681716716244
25796,Neutral,0.4958932884173239,0.3776322735739075,0.12647443800876854
25797,GOF,0.08234402066468974,0.49239714486793273,0.4252588344673775
25798,GOF,0.013046857523719561,0.51783018054426,0.4691229619320205
25799,LOF,0.011225467513179769,0.45013920975896354,0.5386353227278567
25800,GOF,0.04332098385561821,0.5866004295090123,0.37007858663536963
25801,GOF,0.22939199407259267,0.5929536779283716,0.17765432799903566
25802,GOF,0.0748792054382321,0.5789753156047286,0.34614547895703934
25803,GOF,0.055484865912791385,0.4978240953884189,0.44669103869878973
25804,LOF,0.04659420490374726,0.45629849673842826,0.4971072983578244
25805,GOF,0.11345852742430705,0.46962210643502983,0.4169193661406632
25806,GOF,0.13180993405937874,0.5270617519503442,0.34112831399027704
25807,GOF,0.022037142848421266,0.5111342648839433,0.4668285922676354
25808,GOF,0.11948478390098766,0.4945912894639765,0.3859239266350357
25809,GOF,0.022663027448920885,0.49180050090169547,0.4855364716493836
25810,GOF,0.024459972998224087,0.4993929631480803,0.47614706385369565
25811,Neutral,0.48111438652600624,0.4191627403374333,0.09972287313656046
25812,GOF,0.04396211829939124,0.5504545487349431,0.4055833329656656
25813,Neutral,0.5766332166727427,0.25446540182969657,0.16890138149756076
25814,GOF,0.1507807689479501,0.5122635692898816,0.3369556617621683
25815,GOF,0.28242251893073533,0.4863617720755209,0.23121570899374386
25816,GOF,0.021610931468394445,0.5754242567412748,0.4029648117903308
25817,GOF,0.1900951129148145,0.6305303820183872,0.17937450506679825
25818,GOF,0.04076986046531782,0.5254038187285851,0.4338263208060972
25819,GOF,0.38550369012465907,0.4104657635845249,0.20403054629081613
25820,GOF,0.19478361364810778,0.5200030471485502,0.2852133392033419
25821,GOF,0.06131137874337729,0.6134079474861875,0.32528067377043507
25822,GOF,0.22321828867338936,0.5113715301680226,0.265410181158588
25823,LOF,0.04190507660614832,0.4693036727691579,0.48879125062469375
25824,GOF,0.09295423021840642,0.4786556127677587,0.4283901570138348
25825,GOF,0.03823555141640997,0.4960585247543295,0.4657059238292606
25826,LOF,0.013653554314354253,0.4772098159636728,0.5091366297219729
25827,GOF,0.023696065770383582,0.5008773893162453,0.47542654491337116
25828,LOF,0.015495300331859072,0.43480808079235683,0.5496966188757841
25829,GOF,0.009463163952392368,0.5050609209237111,0.48547591512389643
25830,LOF,0.03369598402244439,0.2134156363047593,0.7528883796727963
25831,GOF,0.17909489673060094,0.6265020014640224,0.19440310180537676
25832,GOF,0.044504164410510125,0.6273236023741793,0.32817223321531047
25833,GOF,0.14071012193818058,0.6117694429854992,0.24752043507632018
25834,GOF,0.05618941744402826,0.6258614985058144,0.3179490840501573
25835,GOF,0.10597796670724942,0.5507084678448582,0.34331356544789243
25836,GOF,0.06081612913840185,0.5899224229820121,0.3492614478795861
25837,LOF,0.02961717190673198,0.456632242487114,0.513750585606154
25838,GOF,0.10863816346557971,0.62485866012705,0.26650317640737026
25839,GOF,0.32648147370041886,0.44049682551352093,0.2330217007860603
25840,GOF,0.27558612493790025,0.4800411240421138,0.244372751019986
25841,GOF,0.3022279976431184,0.4622271948079687,0.23554480754891283
25842,GOF,0.21136933129714014,0.5356521896008254,0.2529784791020344
25843,GOF,0.27169206259439277,0.5489134542709231,0.17939448313468412
25844,GOF,0.0688148408063839,0.5820872638005081,0.349097895393108
25845,LOF,0.016784011114584635,0.46192343422179655,0.5212925546636189
25846,GOF,0.10963575191249882,0.638863013201237,0.2515012348862643
25847,GOF,0.1483410746814296,0.6101707242114088,0.24148820110716152
25848,GOF,0.05294034922566135,0.5710363876192642,0.37602326315507445
25849,LOF,0.01616779867281991,0.4773319432735785,0.5065002580536015
25850,GOF,0.028836894304554325,0.5461051882475466,0.42505791744789917
25851,LOF,0.025341271456262093,0.4602148970555517,0.5144438314881862
25852,GOF,0.15137700846790184,0.4848041661978436,0.36381882533425464
25853,GOF,0.3364500800265519,0.5320026456336512,0.13154727433979707
25854,GOF,0.022072130022693846,0.6573029337178281,0.32062493625947813
25855,GOF,0.047519375788124964,0.5714169240438155,0.3810637001680595
25856,GOF,0.22728125512650627,0.5194525286219125,0.25326621625158124
25857,GOF,0.04060224615984106,0.5040547814444111,0.4553429723957479
25858,GOF,0.020699471243128636,0.5527749740283406,0.4265255547285307
25859,GOF,0.011333212065041433,0.547083146653289,0.4415836412816696
25860,GOF,0.29877199850123837,0.5584862511594813,0.14274175033928027
25861,GOF,0.31985449944822125,0.5593684362989132,0.12077706425286551
25862,GOF,0.06626060862177768,0.7223067653075768,0.21143262607064559
25863,GOF,0.07393149663113806,0.7375243560119533,0.18854414735690866
25864,GOF,0.14270285735690996,0.701058877698553,0.15623826494453688
25865,GOF,0.06477706673367557,0.7131072841034123,0.22211564916291207
25866,GOF,0.05813338043837323,0.7654260619432919,0.17644055761833494
25867,GOF,0.07517680069164634,0.7712691906713979,0.15355400863695567
25868,GOF,0.18431904165397764,0.6379606241662972,0.17772033417972516
25869,Neutral,0.6598747198923992,0.2689336082797669,0.07119167182783386
25870,LOF,0.23019156635535243,0.19788813723026613,0.5719202964143815
25871,GOF,0.18524323878399346,0.5935756736433545,0.22118108757265212
25872,GOF,0.07765693150831132,0.5411723588074823,0.38117070968420647
25873,GOF,0.15386999889261868,0.509122381628563,0.33700761947881824
25874,LOF,0.01973060240099663,0.07539797490771155,0.9048714226912918
25875,LOF,0.050504686617615056,0.1923412774515323,0.7571540359308527
25876,LOF,0.022254198330972277,0.08939265031329051,0.8883531513557372
25877,LOF,0.379050287438587,0.19750556421110496,0.423444148350308
25878,LOF,0.12404689868798217,0.28703684389213485,0.588916257419883
25879,LOF,0.07356335909388617,0.3047992793007678,0.6216373616053461
25880,LOF,0.02171572128940392,0.04573132393223547,0.9325529547783605
25881,LOF,0.19141646815500893,0.12204612236340101,0.68653740948159
25882,LOF,0.06431150555985939,0.018085726823427732,0.9176027676167129
25883,LOF,0.08734787332766095,0.032121281707530876,0.8805308449648082
25884,LOF,0.03679824527883011,0.03764008419313343,0.9255616705280364
25885,LOF,0.056826888757018794,0.02051541524381735,0.9226576959991638
25886,LOF,0.3264248637079849,0.07640126227585843,0.5971738740161566
25887,LOF,0.2026512572707161,0.11663955321258483,0.6807091895166991
25888,LOF,0.0805414255414724,0.06910279842653619,0.8503557760319915
25889,LOF,0.03585115757493916,0.04167718852406736,0.9224716539009934
25890,LOF,0.07392872786110846,0.11537378314236836,0.8106974889965232
25891,LOF,0.06803964198703083,0.0592537030616328,0.8727066549513364
25892,LOF,0.0967691289487769,0.03882476882528153,0.8644061022259416
25893,LOF,0.3212767079312163,0.027438385684587265,0.6512849063841966
25894,LOF,0.19874225981854346,0.009653483685116489,0.79160425649634
25895,LOF,0.24160571259373714,0.018920815537457007,0.7394734718688059
25896,LOF,0.04922577692894254,0.020467413181210627,0.9303068098898468
25897,LOF,0.2559384540194112,0.027723707075774824,0.716337838904814
25898,Neutral,0.7967051165036779,0.017798087309387388,0.18549679618693465
25899,LOF,0.2077804812800551,0.05823520367068177,0.7339843150492632
25900,Neutral,0.6165082098274502,0.014289386059295781,0.36920240411325406
25901,LOF,0.046724881877111685,0.013719471515645834,0.9395556466072424
25902,LOF,0.2091530687428097,0.015983998227992225,0.7748629330291981
25903,Neutral,0.6212920459977682,0.059512522241627404,0.3191954317606044
25904,LOF,0.2588934590570391,0.0370298527539624,0.7040766881889984
25905,LOF,0.03403627779627044,0.37053352971676407,0.5954301924869655
25906,LOF,0.02890723229415449,0.059868826840477736,0.9112239408653678
25907,LOF,0.012752187965159952,0.3778720873236628,0.6093757247111773
25908,LOF,0.015608429533149335,0.23920950484152717,0.7451820656253235
25909,LOF,0.018202969493680766,0.11394106739127866,0.8678559631150407
25910,LOF,0.02466922193079889,0.4309071905223277,0.5444235875468735
25911,LOF,0.059188970025122654,0.05266001547028772,0.8881510145045896
25912,LOF,0.02955963564683218,0.10818538191980709,0.8622549824333607
25913,LOF,0.22395290791834502,0.03476843585361185,0.7412786562280431
25914,LOF,0.02257058471758402,0.09491446993889498,0.882514945343521
25915,Neutral,0.4179050845818655,0.36036848702432533,0.22172642839380913
25916,GOF,0.03603713023099843,0.5148268627253179,0.4491360070436836
25917,LOF,0.04473371318478523,0.06460447534053314,0.8906618114746816
25918,LOF,0.0282978551517048,0.05376010383200951,0.9179420410162856
25919,LOF,0.025648745970932866,0.058698334647889434,0.9156529193811777
25920,GOF,0.13207663115473736,0.48190519321480785,0.3860181756304547
25921,LOF,0.03246575236390147,0.02607395717332891,0.9414602904627697
25922,LOF,0.0445828716857179,0.018928957418387782,0.9364881708958943
25923,LOF,0.38374480995479293,0.02308789805830223,0.5931672919869048
25924,LOF,0.04639242569597095,0.024713611064530662,0.9288939632394982
25925,LOF,0.06888293418462532,0.031099519564995647,0.900017546250379
25926,LOF,0.05177937561661715,0.020839082119415448,0.9273815422639673
25927,LOF,0.07078372674403466,0.04831312051651404,0.8809031527394512
25928,LOF,0.024915875720203953,0.019693044809454736,0.9553910794703413
25929,Neutral,0.5335291279356095,0.029430266675622898,0.43704060538876766
25930,LOF,0.06444040717221342,0.01759946932340584,0.9179601235043806
25931,LOF,0.030300173963978005,0.016440310216270845,0.9532595158197511
25932,LOF,0.02814739109278736,0.017101692811779697,0.954750916095433
25933,LOF,0.03777765884434297,0.011116617950450205,0.9511057232052067
25934,LOF,0.026289237353706175,0.016759367146152053,0.9569513955001419
25935,LOF,0.06710051252262712,0.03075639827857087,0.902143089198802
25936,LOF,0.044021587328775404,0.020291912740847285,0.9356864999303774
25937,LOF,0.03716466870347162,0.02105840577256067,0.9417769255239676
25938,LOF,0.061177116377486455,0.03757206424244106,0.9012508193800725
25939,LOF,0.040485329214564963,0.011119596507557807,0.9483950742778772
25940,LOF,0.028378214511955917,0.44915898480131455,0.5224628006867296
25941,LOF,0.18257001849338614,0.045585671825703736,0.7718443096809101
25942,LOF,0.017084027181956365,0.01836113211950274,0.9645548406985409
25943,LOF,0.3542683384765299,0.033902488093698294,0.6118291734297718
25944,LOF,0.46207795909106386,0.018287228906421645,0.5196348120025144
25945,LOF,0.06617822738533873,0.020475184917247192,0.9133465876974141
25946,LOF,0.04648188712431047,0.13985189328036718,0.8136662195953223
25947,LOF,0.17496391276128476,0.18494003644346058,0.6400960507952547
25948,LOF,0.40889420370637675,0.01846359784984593,0.5726421984437774
25949,LOF,0.12513859682085668,0.04917815219150998,0.8256832509876333
25950,GOF,0.24960746949681215,0.45902741938433195,0.29136511111885594
25951,LOF,0.2567656150774165,0.10639699325468918,0.6368373916678943
25952,LOF,0.06001085143323671,0.4376491911013016,0.5023399574654617
25953,LOF,0.14286337819218706,0.09449751320932386,0.762639108598489
25954,Neutral,0.4020946406279293,0.22182763367164962,0.3760777257004209
25955,LOF,0.07163474217248511,0.11533063700540039,0.8130346208221145
25956,LOF,0.2338718964776699,0.04827707217374006,0.7178510313485901
25957,LOF,0.047623586738089155,0.018412470275448796,0.9339639429864621
25958,LOF,0.06844208448346084,0.025082030770573926,0.9064758847459652
25959,LOF,0.1057695546039506,0.28240709320006285,0.6118233521959866
25960,LOF,0.02544302636461342,0.052454288171149284,0.9221026854642372
25961,LOF,0.05765073920140104,0.03589359265977677,0.9064556681388222
25962,LOF,0.052968254636776124,0.04208824159768953,0.9049435037655343
25963,LOF,0.057644214304400546,0.15849893912182825,0.7838568465737712
25964,LOF,0.03749943339492033,0.15250200525724747,0.8099985613478322
25965,Neutral,0.5096205035575503,0.06739475714432197,0.4229847392981278
25966,GOF,0.3015756450219726,0.3677141530294327,0.33071020194859474
25967,LOF,0.015306048248771142,0.1334462883782121,0.8512476633730168
25968,LOF,0.05982966525295476,0.36423910552081284,0.5759312292262325
25969,LOF,0.024609412229261454,0.050143065015005886,0.9252475227557327
25970,LOF,0.06539577280131025,0.06185476080905091,0.8727494663896389
25971,LOF,0.09046169315590427,0.025868447922643874,0.8836698589214519
25972,LOF,0.09088812081335344,0.02696595955882837,0.8821459196278182
25973,LOF,0.08415457106308458,0.012094105181181064,0.9037513237557344
25974,LOF,0.295694666449703,0.03060391723167323,0.6737014163186239
25975,LOF,0.05003015483600197,0.028513439068339304,0.9214564060956587
25976,LOF,0.03562997191287632,0.021351751895008153,0.9430182761921155
25977,LOF,0.12291625848101585,0.0936769468598513,0.783406794659133
25978,LOF,0.17236250835772912,0.10482814868203931,0.7228093429602316
25979,LOF,0.1641098835008073,0.0858663821069243,0.7500237343922684
25980,LOF,0.21476550826514135,0.19021891855037035,0.5950155731844884
25981,LOF,0.2557151892178332,0.1766549816580963,0.5676298291240706
25982,LOF,0.4381138058636718,0.09754804728332198,0.46433814685300606
25983,LOF,0.43080004570989616,0.08658784139608326,0.4826121128940206
25984,LOF,0.047227394871214114,0.07501072778196524,0.8777618773468207
25985,LOF,0.02410712294687192,0.21818786463157308,0.7577050124215551
25986,LOF,0.0333056625601916,0.23373820287530517,0.7329561345645033
25987,LOF,0.09379907157494127,0.052717410960948355,0.8534835174641104
25988,LOF,0.10574737581361597,0.05245541542425673,0.8417972087621274
25989,LOF,0.02483333416509141,0.07521329372408303,0.8999533721108255
25990,LOF,0.03536893912073642,0.064991181308238,0.8996398795710256
25991,LOF,0.22560535618940475,0.2571457893786381,0.5172488544319572
25992,LOF,0.39078098150725515,0.1755194024930357,0.4336996159997092
25993,LOF,0.03310801388174394,0.05999065944513088,0.9069013266731252
25994,LOF,0.021042432344479167,0.08231508961784956,0.8966424780376713
25995,LOF,0.0362924611115603,0.07811316611285547,0.8855943727755842
25996,GOF,0.2862066238171357,0.3962038844889655,0.3175894916938989
25997,LOF,0.13135479493100677,0.39822916386829904,0.4704160412006942
25998,Neutral,0.5163481788070355,0.03879282113883384,0.44485900005413065
25999,LOF,0.10069549207310238,0.1835928285805675,0.7157116793463301
26000,LOF,0.08276793499535876,0.03667332387124994,0.8805587411333913
26001,LOF,0.18232188075027006,0.048101938872126916,0.769576180377603
26002,LOF,0.11263654000818747,0.05093492263777566,0.8364285373540369
26003,GOF,0.013409828028771652,0.7043534906181783,0.28223668135305
26004,GOF,0.03607106071079793,0.7203673596911868,0.24356157959801517
26005,GOF,0.014106852838767643,0.5418576767363633,0.444035470424869
26006,Neutral,0.5477573891666175,0.31735332064588273,0.1348892901874998
26007,GOF,0.02827458232435023,0.6739323937761433,0.29779302389950635
26008,GOF,0.022700593034984718,0.6471908753535387,0.33010853161147674
26009,GOF,0.04021940093111743,0.7186492667821087,0.24113133228677383
26010,GOF,0.029458926269872093,0.7586940244250278,0.21184704930510026
26011,GOF,0.01322192722333757,0.5068863406933435,0.479891732083319
26012,GOF,0.026064952449794135,0.5969631179706075,0.37697192957959846
26013,GOF,0.01728724057265824,0.7402714844666798,0.24244127496066212
26014,LOF,0.04441239739450446,0.15464488551014163,0.8009427170953539
26015,LOF,0.19239983018655907,0.006438935944417019,0.8011612338690239
26016,LOF,0.3333015792302114,0.02911495989513798,0.6375834608746507
26017,LOF,0.23705859504672824,0.045591635942465646,0.7173497690108062
26018,LOF,0.10333878855049738,0.019761113602849954,0.8769000978466526
26019,LOF,0.09985226371989024,0.012210537843452645,0.8879371984366571
26020,LOF,0.08929175155994176,0.05220091042777141,0.8585073380122868
26021,LOF,0.07760061230297478,0.06391234458760726,0.858487043109418
26022,LOF,0.01535070274852395,0.027648247385618854,0.9570010498658572
26023,LOF,0.15070765118621984,0.012477143220262518,0.8368152055935175
26024,LOF,0.038338085674565384,0.0613676263706439,0.9002942879547907
26025,LOF,0.18832363180181466,0.04044090259873187,0.7712354655994534
26026,LOF,0.3685509614637598,0.007800275468508321,0.6236487630677319
26027,LOF,0.10297487971847948,0.008830486077535511,0.888194634203985
26028,LOF,0.22287444033617962,0.07862568752969772,0.6984998721341227
26029,LOF,0.12081171930407444,0.1243288121097731,0.7548594685861524
26030,LOF,0.037395569245315695,0.028172072978473784,0.9344323577762106
26031,LOF,0.04080797007244238,0.09381479899350402,0.8653772309340537
26032,LOF,0.07941074777886126,0.019051438463764708,0.9015378137573741
26033,LOF,0.1275746622275946,0.020725178706366466,0.8517001590660389
26034,LOF,0.07383782450732479,0.09210564751019204,0.8340565279824832
26035,LOF,0.046348700434876516,0.0767875062003274,0.8768637933647961
26036,LOF,0.06607085277897747,0.09207663885172994,0.8418525083692926
26037,LOF,0.04061461318151579,0.0758538981339072,0.8835314886845771
26038,LOF,0.07799916176194684,0.01881961069213858,0.9031812275459146
26039,LOF,0.09194797502095825,0.08315417528194508,0.8248978496970967
26040,LOF,0.2303519030032366,0.05831630453995653,0.7113317924568068
26041,LOF,0.03985761076284136,0.0713535096288254,0.8887888796083333
26042,LOF,0.03981584827235587,0.0693866538243299,0.8907974979033142
26043,LOF,0.07756626947001449,0.026535013628614407,0.895898716901371
26044,LOF,0.042153863196091684,0.036086956323156734,0.9217591804807514
26045,LOF,0.11105427368717384,0.05852906106763651,0.8304166652451896
26046,LOF,0.08682556614239738,0.028640004336069808,0.8845344295215328
26047,LOF,0.11142516688653131,0.03686781256191622,0.8517070205515525
26048,LOF,0.0573777454829914,0.036767614924892424,0.9058546395921162
26049,Neutral,0.9441194594939445,0.006089663192809298,0.04979087731324628
26050,Neutral,0.9225582011967915,0.006297466742757124,0.07114433206045127
26051,GOF,0.03892748358250915,0.5138678158261526,0.4472047005913384
26052,GOF,0.03720938050825358,0.653616873488946,0.3091737460028004
26053,LOF,0.0704147165243473,0.3338112343062701,0.5957740491693827
26054,LOF,0.0595256254074905,0.058074322889528594,0.8824000517029809
26055,LOF,0.06757358579098237,0.052043233669776645,0.880383180539241
26056,LOF,0.05979740880369918,0.06588430715320716,0.8743182840430938
26057,LOF,0.027215767262485754,0.02612400673443817,0.9466602260030761
26058,LOF,0.026910501757359165,0.021893132655270785,0.9511963655873701
26059,LOF,0.3162787494552654,0.061715679787374564,0.6220055707573601
26060,LOF,0.03981914350205897,0.26676126835709535,0.6934195881408457
26061,LOF,0.020545423974549497,0.05202345526970039,0.9274311207557501
26062,LOF,0.016138880772083315,0.05326809315022527,0.9305930260776915
26063,LOF,0.02288538876338538,0.02630615498770331,0.9508084562489113
26064,LOF,0.02786521906759416,0.032299452492362844,0.9398353284400429
26065,LOF,0.026132136014536844,0.028283310629406616,0.9455845533560565
26066,LOF,0.02042469420090563,0.03284179938820353,0.9467335064108907
26067,LOF,0.022407066628589448,0.02117657287273492,0.9564163604986757
26068,LOF,0.05069792497534057,0.06993943578382397,0.8793626392408354
26069,LOF,0.42294879747439074,0.0570554622895909,0.5199957402360184
26070,Neutral,0.6675756921868186,0.02710949064661478,0.3053148171665667
26071,LOF,0.02303390104461561,0.03359581577156793,0.9433702831838164
26072,LOF,0.02849230420620388,0.05784789276463914,0.913659803029157
26073,LOF,0.025175722954531268,0.0269247279312967,0.947899549114172
26074,Neutral,0.8716809972753945,0.011815492829678453,0.116503509894927
26075,LOF,0.04307594197087703,0.05466723750740212,0.9022568205217207
26076,LOF,0.040975588603806325,0.019932268151407265,0.9390921432447864
26077,LOF,0.011769571593080631,0.06683626967610816,0.9213941587308112
26078,LOF,0.015943043344987178,0.04139296451548801,0.9426639921395248
26079,LOF,0.051268595918489646,0.051325771929634126,0.8974056321518762
26080,LOF,0.051268595918489646,0.051325771929634126,0.8974056321518762
26081,LOF,0.030119101271243228,0.017034093973784244,0.9528468047549724
26082,LOF,0.025845054491702234,0.05490304803516325,0.9192518974731346
26083,LOF,0.12208937484848108,0.028326526828450608,0.8495840983230682
26084,LOF,0.025507145238240367,0.03901034974526509,0.9354825050164945
26085,LOF,0.021477938631811865,0.034459849472578796,0.9440622118956093
26086,LOF,0.021881141885073032,0.0381689289614367,0.9399499291534903
26087,LOF,0.024283438077567054,0.026555805371165603,0.9491607565512673
26088,LOF,0.026742675431962404,0.0692253536892553,0.9040319708787822
26089,LOF,0.047511997206968706,0.05750845653513386,0.8949795462578973
26090,LOF,0.044749201067173505,0.04910270513097196,0.9061480938018546
26091,LOF,0.03744278198973024,0.01614633368751457,0.9464108843227551
26092,LOF,0.028106340555000223,0.02221509133130291,0.949678568113697
26093,LOF,0.03824271215940993,0.014123008873384996,0.9476342789672051
26094,LOF,0.041816341495412385,0.014110780093182403,0.9440728784114051
26095,LOF,0.04463527096392013,0.0409249890965054,0.9144397399395745
26096,LOF,0.020832375441600413,0.03571510057333494,0.9434525239850646
26097,LOF,0.013189320410125159,0.10600114407318509,0.8808095355166897
26098,LOF,0.059348367127792734,0.04001723043602141,0.9006344024361859
26099,LOF,0.02309283578744309,0.041132947659840643,0.9357742165527163
26100,LOF,0.023841916319227566,0.03648931882833024,0.9396687648524422
26101,LOF,0.05478606791651406,0.03985162214288455,0.9053623099406013
26102,LOF,0.025081172730057572,0.026319894197680455,0.9485989330722621
26103,Neutral,0.8643686357169413,0.05145275163008349,0.08417861265297515
26104,LOF,0.05122635394868236,0.09542573093138601,0.8533479151199316
26105,LOF,0.2963803601950175,0.2204207924550881,0.48319884734989443
26106,LOF,0.15652481628420095,0.11681522357848229,0.7266599601373168
26107,LOF,0.2708681646593518,0.1176836515916727,0.6114481837489756
26108,LOF,0.1788242252528523,0.12002937235335963,0.7011464023937881
26109,LOF,0.07622157089072618,0.09271739465814684,0.8310610344511269
26110,LOF,0.242849983843678,0.04674501075514834,0.7104050054011737
26111,LOF,0.4412666979976724,0.041587704798055486,0.5171455972042721
26112,LOF,0.04174687427264042,0.027391074405987433,0.9308620513213721
26113,LOF,0.056322716092612767,0.06297598388755597,0.8807013000198313
26114,LOF,0.024728993978710787,0.027739668672586808,0.9475313373487023
26115,LOF,0.10556940470086747,0.04360150738795103,0.8508290879111816
26116,LOF,0.058933148257549646,0.045862410511923704,0.8952044412305267
26117,LOF,0.24684364713201462,0.10589505354176411,0.6472612993262212
26118,LOF,0.039131423465085656,0.04890433492204096,0.9119642416128734
26119,LOF,0.024579867838699324,0.0752142771617763,0.9002058549995244
26120,LOF,0.03036398088344921,0.04348240855472344,0.9261536105618273
26121,LOF,0.05151131908354823,0.10528043352407077,0.8432082473923809
26122,LOF,0.0583991256395945,0.05884512001392109,0.8827557543464843
