feature0,prediction,LoGoFunc_Neutral,LoGoFunc_GOF,LoGoFunc_LOF
25546,Neutral,0.6422572382515066,0.06247572747936523,0.29526703426912804
25547,Neutral,0.49915147599356935,0.10986113136377564,0.390987392642655
25548,Neutral,0.5033202416220984,0.09217471494158369,0.40450504343631777
25549,LOF,0.4242744805435918,0.0949620902522466,0.48076342920416165
25550,LOF,0.34677918372724503,0.128159251558107,0.525061564714648
25551,LOF,0.3030180900033733,0.14334776643604083,0.5536341435605858
25552,LOF,0.2766173420371674,0.14922739813126448,0.574155259831568
25553,Neutral,0.7979613204681032,0.051907476268355734,0.150131203263541
25554,LOF,0.31282528229400786,0.14036931338353337,0.5468054043224587
25555,LOF,0.2711605180698791,0.13170550530373207,0.5971339766263888
25556,Neutral,0.45173997769496416,0.1164267689003202,0.4318332534047156
25557,LOF,0.27092923526466817,0.13837742235514697,0.5906933423801849
25558,LOF,0.31933070230532684,0.1312072060646396,0.5494620916300336
25559,LOF,0.24832559542858584,0.1369192767392182,0.6147551278321959
25560,LOF,0.12720512093084668,0.11528566300364046,0.7575092160655129
25561,LOF,0.13339765848892354,0.15641559085992707,0.7101867506511494
25562,LOF,0.0453773801732796,0.08356340100531529,0.871059218821405
25563,LOF,0.014790429389806929,0.15619233236321425,0.8290172382469789
25564,LOF,0.11878262613286321,0.10635751984940645,0.7748598540177303
25565,LOF,0.1846718112644155,0.13628630527448826,0.6790418834610962
25566,GOF,0.05590989394993739,0.665884955564072,0.27820515048599054
25567,LOF,0.04289812075445974,0.16583959108005672,0.7912622881654836
25568,LOF,0.05864556414211601,0.08642585868664651,0.8549285771712374
25569,LOF,0.06049644731221435,0.07750183735274885,0.8620017153350368
25570,LOF,0.030467310339231824,0.12234317980880291,0.8471895098519653
25571,LOF,0.02757966741376679,0.12512496566839607,0.8472953669178372
25572,LOF,0.06927496073552299,0.14063432070885898,0.7900907185556181
25573,LOF,0.05847287328913862,0.10898463313429424,0.8325424935765672
25574,LOF,0.056743344016332846,0.25409140047956663,0.6891652555041006
25575,LOF,0.02358568480102315,0.12529437379593628,0.8511199414030406
25576,LOF,0.03207141393210849,0.17086769118586312,0.7970608948820284
25577,LOF,0.03694359317724377,0.14333399650035397,0.8197224103224022
25578,LOF,0.2804169543833826,0.10435052365179524,0.615232521964822
25579,LOF,0.17700101519593575,0.10196701954522336,0.721031965258841
25580,LOF,0.021456452178607425,0.08818280716124036,0.8903607406601523
25581,LOF,0.05010218676485298,0.07926045327781377,0.8706373599573332
25582,LOF,0.04968614574613328,0.0766923110725426,0.8736215431813241
25583,LOF,0.026187965000180887,0.09950626488904595,0.8743057701107732
25584,Neutral,0.7006879350438504,0.15215070830805905,0.1471613566480905
25585,LOF,0.02325388821867644,0.1738799299443539,0.8028661818369697
25586,LOF,0.018257678066204666,0.09439409194692183,0.8873482299868736
25587,LOF,0.018254604630611376,0.08147912517754644,0.9002662701918422
25588,LOF,0.021852480028530505,0.09194191163239453,0.886205608339075
25589,Neutral,0.5160591739198801,0.28185741071260445,0.2020834153675156
25590,LOF,0.051345629064152555,0.1388688569769843,0.8097855139588632
25591,LOF,0.08683339008746623,0.06880657890650092,0.8443600310060327
25592,LOF,0.05795869230235932,0.1641826799988839,0.7778586276987567
25593,LOF,0.10479257735632364,0.3150431395473877,0.5801642830962886
25594,LOF,0.05060121693037733,0.07175565709884948,0.8776431259707732
25595,LOF,0.049245026020253005,0.04425331790457214,0.906501656075175
25596,LOF,0.11388504863096553,0.02515758216621666,0.8609573692028177
25597,LOF,0.08803786309330879,0.03140137679801258,0.8805607601086787
25598,LOF,0.046062971856447955,0.05063338095735814,0.9033036471861938
25599,LOF,0.028002612607614098,0.3903335923417503,0.5816637950506355
25600,GOF,0.18212980666369458,0.4271142308102883,0.3907559625260171
25601,LOF,0.04761453029861189,0.3093519848728768,0.6430334848285112
25602,LOF,0.031027116225317942,0.07253892928298272,0.8964339544916994
25603,LOF,0.03931558020661548,0.04510338835190826,0.9155810314414762
25604,LOF,0.04231365949180407,0.08675897097399825,0.8709273695341977
25605,LOF,0.03394441357793355,0.18476293385477557,0.781292652567291
25606,LOF,0.41911307856867386,0.12508612338284839,0.4558007980484779
25607,LOF,0.027767621151396023,0.18187268968871315,0.7903596891598909
25608,LOF,0.03856262400854472,0.10574844028646421,0.855688935704991
25609,GOF,0.13333385670851622,0.49803339767797344,0.36863274561351045
25610,LOF,0.015853897479280347,0.04721376241095696,0.9369323401097628
25611,LOF,0.013315316781636836,0.059346800831927705,0.9273378823864356
25612,LOF,0.04722758155741165,0.05563844154738032,0.897133976895208
25613,LOF,0.046214109360986834,0.05462130877094535,0.8991645818680678
25614,LOF,0.023616114377925244,0.04319842581865999,0.9331854598034148
25615,LOF,0.04713340108367774,0.05688862808649851,0.8959779708298237
25616,LOF,0.05228068881084773,0.04867940419893274,0.8990399069902196
25617,LOF,0.04110481365283392,0.05833475684344283,0.9005604295037233
25618,LOF,0.04817676335420547,0.07921092120450254,0.872612315441292
25619,LOF,0.01316563021040726,0.056963720786787776,0.929870649002805
25620,LOF,0.05765476336920418,0.06519486125978728,0.8771503753710084
25621,LOF,0.06134265437088708,0.05482270849262489,0.883834637136488
25622,LOF,0.07154630509495903,0.06177698068612196,0.8666767142189189
25623,LOF,0.06869640480740963,0.042404004394847705,0.8888995907977426
25624,LOF,0.020038410184242704,0.04874380496339294,0.9312177848523644
25625,LOF,0.0627564721244152,0.058572264000054435,0.8786712638755304
25626,LOF,0.04863482893936912,0.053178930220150716,0.89818624084048
25627,Neutral,0.8848920243121541,0.018823063870318922,0.09628491181752687
25628,LOF,0.1510793088234155,0.05448423104051415,0.7944364601360703
25629,LOF,0.06602099758379716,0.03438495741822857,0.8995940449979742
25630,LOF,0.2646017417687214,0.05542152761887021,0.6799767306124085
25631,Neutral,0.5490836025627172,0.046477088065803224,0.4044393093714796
25632,LOF,0.02585969636828937,0.07481776851609573,0.8993225351156149
25633,LOF,0.19345248640346185,0.04942069436296517,0.757126819233573
25634,LOF,0.03684663057365346,0.08697475432357347,0.8761786151027731
25635,LOF,0.0365338509836565,0.0450220282940621,0.9184441207222814
25636,LOF,0.03726855477925995,0.47719467421461076,0.4855367710061292
25637,LOF,0.05391119007569307,0.4621574360629112,0.48393137386139573
25638,LOF,0.03251756438208422,0.3788465688591083,0.5886358667588075
25639,LOF,0.034647982234958796,0.42020913589627734,0.5451428818687638
25640,Neutral,0.8302333182743725,0.11944168297838122,0.05032499874724626
25641,LOF,0.0754012448344229,0.4583005503035674,0.46629820486200985
25642,LOF,0.06775885437336855,0.1833283783595665,0.7489127672670649
25643,LOF,0.2557000875101559,0.14504057161566017,0.5992593408741839
25644,GOF,0.012238365325788779,0.5096340330669654,0.47812760160724577
25645,LOF,0.01561701563827675,0.4794681865764623,0.5049147977852609
25646,LOF,0.04188119886459573,0.31423412128156036,0.643884679853844
25647,LOF,0.017178714484577955,0.24049169336982162,0.7423295921456003
25648,LOF,0.018606221345040145,0.2962657808728235,0.6851279977821363
25649,LOF,0.010854768342214261,0.22963819555368653,0.7595070361040992
25650,LOF,0.027709928344700378,0.4582119460737358,0.5140781255815638
25651,LOF,0.01228461569217514,0.2970063708316709,0.690709013476154
25652,LOF,0.01844637647020634,0.3065035711440871,0.6750500523857065
25653,GOF,0.05050162154302344,0.47662404094946464,0.47287433750751184
25654,LOF,0.013403579603684223,0.21705388389511232,0.7695425365012033
25655,GOF,0.15540610666212307,0.47369011316446363,0.37090378017341324
25656,LOF,0.3167849428040912,0.12354044072138606,0.5596746164745228
25657,LOF,0.05421622399111766,0.12198986388496792,0.8237939121239144
25658,LOF,0.29857908606039096,0.14333062431541954,0.5580902896241896
25659,Neutral,0.4481543571952322,0.13328053697168302,0.41856510583308476
25660,LOF,0.023571840945258864,0.1157466875048547,0.8606814715498865
25661,LOF,0.09544920804498144,0.06899107604520104,0.8355597159098175
25662,LOF,0.03576797326559069,0.03667973311614544,0.9275522936182639
25663,LOF,0.042267564407346504,0.048910177643779126,0.9088222579488744
25664,LOF,0.13965477212291327,0.07651647696688148,0.7838287509102052
25665,LOF,0.06272766896736676,0.028914862656352406,0.9083574683762808
25666,LOF,0.10084343603961675,0.07441943223650122,0.8247371317238821
25667,LOF,0.0734404319101329,0.053143380721266884,0.8734161873686002
25668,LOF,0.03824362486901231,0.061439158615205706,0.900317216515782
25669,LOF,0.03116474015599849,0.059309620897069815,0.9095256389469316
25670,LOF,0.14895150659101333,0.06756881995189104,0.7834796734570957
25671,LOF,0.12602972420684944,0.043708001614390535,0.8302622741787601
25672,LOF,0.05124286517518451,0.04317591498123145,0.905581219843584
25673,LOF,0.08723783085998135,0.054997183864106375,0.8577649852759123
25674,LOF,0.07381377845788065,0.06639656013889306,0.8597896614032263
25675,LOF,0.10644732959753742,0.07810345231669556,0.815449218085767
25676,LOF,0.019936207928876546,0.06381055824551948,0.9162532338256039
25677,LOF,0.024757405482553427,0.07943696081737979,0.8958056337000667
25678,LOF,0.19424562073903903,0.09249434157375411,0.7132600376872069
25679,LOF,0.11935518527068169,0.09346997534469421,0.7871748393846241
25680,LOF,0.032552924986074906,0.1310266283220183,0.8364204466919067
25681,LOF,0.04901205728493812,0.12318624346665041,0.8278016992484114
25682,LOF,0.1466585279260347,0.09174037529788619,0.761601096776079
25683,LOF,0.11731814867278295,0.09371090724807342,0.7889709440791437
25684,LOF,0.04130697905963026,0.07589090556335906,0.8828021153770107
25685,LOF,0.1459322578659289,0.07250800566978045,0.7815597364642906
25686,LOF,0.08395630339155724,0.10791250837317855,0.8081311882352642
25687,LOF,0.12986372743308142,0.11401228446109107,0.7561239881058275
25688,LOF,0.41704097321089467,0.04491463290862103,0.5380443938804843
25689,LOF,0.2766115210556477,0.048771753276574854,0.6746167256677775
25690,LOF,0.31267349455744403,0.03407908124295532,0.6532474241996007
25691,Neutral,0.6888186854836158,0.02961440343140726,0.28156691108497706
25692,LOF,0.34482296225973796,0.013252867418747804,0.6419241703215143
25693,LOF,0.03832678736867678,0.40400111727455845,0.5576720953567648
25694,LOF,0.13033514556674244,0.0189383550698535,0.850726499363404
25695,LOF,0.12221909325195786,0.014948001244613582,0.8628329055034285
25696,LOF,0.14057453909691273,0.012499324616604138,0.8469261362864832
25697,LOF,0.08259080089540997,0.07513967778228388,0.842269521322306
25698,LOF,0.31890275948460167,0.18745048845799422,0.49364675205740416
25699,Neutral,0.5397150770037678,0.03068669440188282,0.4295982285943495
25700,LOF,0.09132935218786019,0.008275334814883137,0.9003953129972567
25701,LOF,0.19498769323840331,0.04214889247201706,0.7628634142895796
25702,GOF,0.19113854503758315,0.6111561322931603,0.19770532266925642
25703,LOF,0.015593803398273971,0.15085219577832723,0.8335540008233988
25704,LOF,0.03955501895501122,0.13888944469346817,0.8215555363515206
25705,LOF,0.04257766374468544,0.10995045972135263,0.8474718765339619
25706,LOF,0.1468953893702167,0.38891876666439834,0.464185843965385
25707,LOF,0.09131899061803005,0.31889157775909516,0.5897894316228748
25708,LOF,0.048407739228012704,0.31380304379723806,0.6377892169747492
25709,LOF,0.06915033188208253,0.03604376956595752,0.89480589855196
25710,LOF,0.013246499219564091,0.10947478370779308,0.8772787170726429
25711,LOF,0.021333818806790156,0.06704352782405247,0.9116226533691575
25712,LOF,0.016246687201423055,0.1355735607794082,0.8481797520191687
25713,LOF,0.019834566318047867,0.06712559109718173,0.9130398425847703
25714,LOF,0.08022136031565415,0.05146460300583943,0.8683140366785065
25715,LOF,0.01238754488860354,0.09692877009981037,0.8906836850115861
25716,LOF,0.011213642529113877,0.08789224027398693,0.900894117196899
25717,LOF,0.014924827201026038,0.06515706830238606,0.919918104496588
25718,LOF,0.01213952097527126,0.06569702152778922,0.9221634574969395
25719,LOF,0.021796041716934285,0.057181790878375785,0.9210221674046899
25720,LOF,0.02651390435641436,0.05020380120867085,0.9232822944349148
25721,LOF,0.014295760072152615,0.08571706598740873,0.8999871739404386
25722,LOF,0.015170459680144358,0.07899764588313538,0.9058318944367203
25723,LOF,0.02603209177965083,0.03406046102267655,0.9399074471976727
25724,LOF,0.031656067927892266,0.06048180745486304,0.9078621246172448
25725,LOF,0.012469830550659748,0.05518823840130539,0.9323419310480349
25726,LOF,0.016499235328737535,0.0769767998335986,0.9065239648376638
25727,LOF,0.01292397670149801,0.058846869721962194,0.9282291535765398
25728,LOF,0.010888025676436005,0.07529968232727538,0.9138122919962887
25729,LOF,0.011357920123911742,0.0717271201684171,0.9169149597076711
25730,LOF,0.014414300879433472,0.07206719903447974,0.9135185000860868
25731,LOF,0.021554665774884754,0.07944710543758422,0.898998228787531
25732,LOF,0.014419764795527552,0.05689737199086184,0.9286828632136106
25733,LOF,0.017714855821643186,0.04826119629162806,0.9340239478867288
25734,LOF,0.011488895084220472,0.09125903915857783,0.8972520657572017
25735,LOF,0.012734827289075731,0.06138216171829822,0.9258830109926259
25736,LOF,0.013938909580000065,0.07252853513770843,0.9135325552822915
25737,LOF,0.012458793613270952,0.06989176106683546,0.9176494453198936
25738,LOF,0.012541193152760961,0.07226757980421478,0.9151912270430242
25739,LOF,0.022009780690286983,0.05499790695037165,0.9229923123593413
25740,LOF,0.028484418299821446,0.08582461440350932,0.8856909672966692
25741,LOF,0.016316522577383686,0.0723276523869989,0.9113558250356175
25742,LOF,0.12037425024287055,0.0528016235856217,0.8268241261715078
25743,LOF,0.034420831651328414,0.07495946247787505,0.8906197058707964
25744,Neutral,0.5696454126643807,0.2585984351310185,0.17175615220460067
25745,LOF,0.06045747193757473,0.10417063313131758,0.8353718949311076
25746,LOF,0.036069433931138914,0.13977825646291736,0.8241523096059438
25747,LOF,0.020275775379201555,0.09801301883603152,0.8817112057847668
25748,LOF,0.10757909161918197,0.17823731109802707,0.7141835972827909
25749,LOF,0.023168688870434967,0.12299113400658135,0.8538401771229838
25750,LOF,0.0608166571264375,0.12977438145850437,0.8094089614150581
25751,LOF,0.0802101410365118,0.16392247953521785,0.7558673794282703
25752,GOF,0.10462348686743717,0.6718752190690811,0.22350129406348185
25753,LOF,0.02228513967268166,0.29907773369070834,0.67863712663661
25754,GOF,0.013487523304771681,0.7904937694674163,0.19601870722781192
25755,LOF,0.023700961607247883,0.3777426081714369,0.5985564302213152
25756,LOF,0.04577493046348885,0.346848879128954,0.6073761904075571
25757,GOF,0.019543764355245723,0.8674298917560935,0.11302634388866079
25758,GOF,0.030575576855722382,0.7805621833839981,0.18886223976027958
25759,GOF,0.010821109718018973,0.6033478317479861,0.38583105853399485
25760,LOF,0.01387154247582344,0.2926927043101428,0.6934357532140337
25761,GOF,0.24787519247063114,0.6565284485262511,0.09559635900311768
25762,LOF,0.046460792935550915,0.2593747502142795,0.6941644568501696
25763,LOF,0.014429440783490063,0.21138669669650312,0.7741838625200068
25764,GOF,0.07359776561137334,0.654525434660425,0.2718767997282016
25765,GOF,0.035920019511700776,0.7318933940609174,0.23218658642738174
25766,GOF,0.07435274619884771,0.7734855964401817,0.15216165736097048
25767,GOF,0.16901893510804036,0.5752341410828888,0.25574692380907077
25768,LOF,0.1120437436957667,0.05633111357369731,0.831625142730536
25769,LOF,0.049062012430856256,0.06594149415811885,0.8849964934110248
25770,LOF,0.3103878338670203,0.1250431411410599,0.5645690249919197
25771,LOF,0.04488803650778787,0.04963910023923217,0.90547286325298
25772,LOF,0.018503724203444566,0.04575247145741994,0.9357438043391354
25773,LOF,0.05443314656745631,0.07833801514918061,0.8672288382833632
25774,LOF,0.025674201798539843,0.10286013460475535,0.8714656635967049
25775,LOF,0.05110018272351668,0.05204031985292531,0.896859497423558
25776,LOF,0.0702381112980273,0.02855641142951742,0.9012054772724553
25777,LOF,0.3496828018315205,0.0817204601527687,0.5685967380157108
25778,LOF,0.06886415895175481,0.04715110696333986,0.8839847340849054
25779,GOF,0.40418655502302836,0.5352908560735579,0.06052258890341374
25780,GOF,0.3278608798586546,0.5746405792471773,0.0974985408941682
25781,GOF,0.12396624480021975,0.7566128400360468,0.11942091516373353
25782,GOF,0.20189776878978957,0.6999181355838224,0.09818409562638802
25783,GOF,0.02411156439491924,0.5933938612783951,0.38249457432668565
25784,Neutral,0.5368525765419476,0.4117262866919269,0.05142113676612535
25785,Neutral,0.5079786161546856,0.4382957579357913,0.053725625909523185
25786,GOF,0.028015415129786864,0.7273757337029703,0.2446088511672428
25787,Neutral,0.701534281238896,0.26306753823295653,0.03539818052814744
25788,LOF,0.051762017577350654,0.07668505146441974,0.8715529309582296
25789,GOF,0.2365992819909882,0.5973913841504982,0.1660093338585136
25790,GOF,0.26827712795183983,0.6219211165209432,0.10980175552721691
25791,GOF,0.14517880903734162,0.6690712379217645,0.18574995304089387
25792,GOF,0.36152248998465364,0.49736673586217056,0.1411107741531758
25793,GOF,0.2455063338043397,0.5105333815249403,0.24396028467071987
25794,GOF,0.31160380573689256,0.47115686813057867,0.21723932613252872
25795,GOF,0.0791972491014187,0.6634116607887877,0.2573910901097936
25796,Neutral,0.5328235179511174,0.35511423489345256,0.1120622471554301
25797,GOF,0.08600228650284066,0.5597126086807479,0.35428510481641134
25798,GOF,0.008884858178731619,0.5088112142574306,0.4823039275638376
25799,LOF,0.007287790381375833,0.41021132939726823,0.5825008802213558
25800,GOF,0.03136944411248357,0.5784544043387612,0.3901761515487552
25801,GOF,0.23207997327071264,0.645506210331581,0.1224138163977064
25802,GOF,0.06097218457944652,0.6811080132918801,0.2579198021286733
25803,GOF,0.03689965679811677,0.5677817924270232,0.39531855077486006
25804,GOF,0.037332111513030425,0.5025159154358114,0.46015197305115807
25805,GOF,0.11636558681492035,0.5573158599360017,0.32631855324907794
25806,GOF,0.11976729413938961,0.5493068787023617,0.33092582715824864
25807,GOF,0.019458498947627908,0.6072127143924879,0.3733287866598843
25808,GOF,0.09939334906045241,0.5812305461091299,0.31937610483041773
25809,GOF,0.01927692053154415,0.6016934916677363,0.3790295878007195
25810,GOF,0.019280130002482895,0.5977613399069168,0.3829585300906003
25811,Neutral,0.49537086178205564,0.4213806195932784,0.08324851862466598
25812,GOF,0.036960348891890746,0.6047577425244411,0.35828190858366804
25813,Neutral,0.5678220569702519,0.30598975786141897,0.1261881851683291
25814,GOF,0.1351791824152137,0.610452865607852,0.25436795197693424
25815,GOF,0.20153290867656282,0.5708133702223027,0.22765372110113447
25816,GOF,0.02168344537902382,0.639118001110315,0.33919855351066114
25817,GOF,0.24562593719143141,0.5994044439007543,0.15496961890781424
25818,GOF,0.05377000880166568,0.549966841868492,0.3962631493298423
25819,Neutral,0.4180691824037067,0.41665162316134946,0.1652791944349439
25820,GOF,0.19578183182402853,0.5482736474494981,0.2559445207264733
25821,GOF,0.055493235427763896,0.6299691013554157,0.3145376632168203
25822,GOF,0.2237959858542759,0.5099965371921682,0.26620747695355595
25823,LOF,0.03479161104690949,0.4771795099871578,0.48802887896593256
25824,GOF,0.07828060805810881,0.5121053172954307,0.4096140746464605
25825,GOF,0.031397644873017404,0.5064846805880477,0.462117674538935
25826,GOF,0.012093170278803907,0.4966668749878537,0.49123995473334237
25827,GOF,0.023619855224835562,0.5621171736306729,0.41426297114449145
25828,LOF,0.014594873952812216,0.4761557269528635,0.5092493990943243
25829,GOF,0.006319080846866095,0.5069157031302799,0.486765216022854
25830,LOF,0.03452342315824132,0.2873984239262742,0.6780781529154845
25831,GOF,0.2053411047445661,0.6390515369890178,0.1556073582664162
25832,GOF,0.031221169632948676,0.6529806321292996,0.31579819823775174
25833,GOF,0.12768457934003816,0.6642955514382154,0.20801986922174637
25834,GOF,0.03752999121423191,0.6474140946086183,0.31505591417714973
25835,GOF,0.08195092566421903,0.6769106775177592,0.24113839681802174
25836,GOF,0.04620268762214271,0.6171178639037395,0.3366794484741178
25837,GOF,0.023094998836565173,0.5234933851283552,0.45341161603507973
25838,GOF,0.0743891939694208,0.7195903363420159,0.20602046968856336
25839,GOF,0.28387454921573807,0.548672247530467,0.16745320325379492
25840,GOF,0.2357925992954807,0.5782107817551773,0.18599661894934205
25841,GOF,0.23443104068509005,0.5744260404023823,0.19114291891252772
25842,GOF,0.2200404530455975,0.6023676828147353,0.1775918641396673
25843,GOF,0.24898923210907387,0.6157919899830532,0.135218777907873
25844,GOF,0.05961141547087101,0.6362358353228348,0.3041527492062942
25845,LOF,0.013090143965701143,0.46249715970273775,0.5244126963315612
25846,GOF,0.1309872145121622,0.6778585996991706,0.19115418578866716
25847,GOF,0.13741467676526534,0.7066931860462329,0.1558921371885017
25848,GOF,0.03561434485628809,0.6489070771913419,0.31547857795236994
25849,GOF,0.010231065750468574,0.5411991961081741,0.4485697381413572
25850,GOF,0.0230483151008614,0.6432441071018306,0.3337075777973081
25851,GOF,0.017115610403370892,0.5436088762267384,0.43927551336989074
25852,GOF,0.17473582033515972,0.5261694504361766,0.29909472922866365
25853,GOF,0.36315763233113285,0.5468554372309057,0.08998693043796142
25854,GOF,0.019303294479689422,0.5988247086522024,0.38187199686810824
25855,GOF,0.03420959855296997,0.5454142778468606,0.4203761236001695
25856,GOF,0.2193266041202915,0.5182323450956537,0.2624410507840547
25857,LOF,0.03226377261692132,0.47492807943641574,0.49280814794666294
25858,GOF,0.016980811400373816,0.5344717236454379,0.4485474649541883
25859,GOF,0.01046575720237497,0.5171115337421124,0.4724227090555126
25860,GOF,0.36904730205347075,0.5322414885038788,0.09871120944265041
25861,GOF,0.40309329461425064,0.5118381046542279,0.08506860073152149
25862,GOF,0.09512520617733773,0.751308856857953,0.1535659369647094
25863,GOF,0.10102806794215674,0.7529958407345665,0.14597609132327688
25864,GOF,0.23446106631318028,0.6835600702823864,0.08197886340443324
25865,GOF,0.09575025478689718,0.7731407237031716,0.13110902150993112
25866,GOF,0.06326318609539877,0.7757153544782102,0.16102145942639104
25867,GOF,0.08800022189457629,0.7929141655428451,0.11908561256257871
25868,GOF,0.2558381262728747,0.6287528120554565,0.1154090616716687
25869,Neutral,0.719990392630221,0.23155412598741226,0.048455481382366626
25870,LOF,0.30036879863144034,0.2541337891433987,0.4454974122251609
25871,GOF,0.23898727766596733,0.5670732684261203,0.19393945390791242
25872,GOF,0.08811796459624756,0.6146231683761487,0.2972588670276037
25873,GOF,0.15089139155753148,0.6088645453424008,0.24024406310006766
25874,LOF,0.018389723983705256,0.10239796722037006,0.8792123087959247
25875,LOF,0.10079270066184565,0.03635183004054898,0.8628554692976054
25876,LOF,0.03394155821221649,0.034832041111220124,0.9312264006765635
25877,Neutral,0.5223010315963287,0.03844431905243289,0.4392546493512383
25878,LOF,0.23493664124998573,0.06995859816315643,0.6951047605868579
25879,LOF,0.09778366056695104,0.07047137787063185,0.8317449615624171
25880,LOF,0.023063066069856815,0.019825726598499124,0.957111207331644
25881,LOF,0.17605810963144117,0.1526701807581652,0.6712717096103936
25882,LOF,0.0686910484835664,0.016990001405476383,0.9143189501109573
25883,LOF,0.0775763533316479,0.02550071279377072,0.8969229338745813
25884,LOF,0.04040285417485144,0.03533873622761894,0.9242584095975295
25885,LOF,0.06259431919622689,0.013623580333372801,0.9237821004704003
25886,LOF,0.3181909795984183,0.04770324347864474,0.634105776922937
25887,LOF,0.15894759885017787,0.08752971716185276,0.7535226839879694
25888,LOF,0.06913534937699072,0.07210506164701648,0.8587595889759927
25889,LOF,0.049276954889444016,0.02442636930533746,0.9262966758052186
25890,LOF,0.04427074438587555,0.1280790230892207,0.8276502325249038
25891,LOF,0.03972341188316401,0.06040874983537587,0.8998678382814601
25892,LOF,0.10152425639624281,0.014947555282303182,0.883528188321454
25893,LOF,0.2795677552494328,0.01188263362225784,0.7085496111283094
25894,LOF,0.18488440451099483,0.00644165410375811,0.8086739413852472
25895,LOF,0.20438933414249105,0.015100314192888509,0.7805103516646205
25896,LOF,0.05193617094848271,0.01475675023970995,0.9333070788118073
25897,LOF,0.2629533345946631,0.009187963398898923,0.7278587020064381
25898,Neutral,0.7461376997078211,0.007118819147029173,0.24674348114514977
25899,LOF,0.26686602963023487,0.01814331589495065,0.7149906544748145
25900,LOF,0.45892044561185297,0.012430573066126535,0.5286489813220205
25901,LOF,0.06426046632634806,0.008116864150764829,0.9276226695228872
25902,LOF,0.18886416617529797,0.007975157158684404,0.8031606766660175
25903,Neutral,0.531372893866714,0.022800882036972628,0.4458262240963134
25904,LOF,0.31655553846880247,0.02923455657913945,0.6542099049520581
25905,LOF,0.025824196203255396,0.27237372901360074,0.7018020747831438
25906,LOF,0.022554261093140782,0.060826504331492795,0.9166192345753664
25907,LOF,0.015735889813732976,0.2930298026389907,0.6912343075472763
25908,LOF,0.011226437145220541,0.21218327007514648,0.776590292779633
25909,LOF,0.013609952735171389,0.11165275159213205,0.8747372956726966
25910,LOF,0.05021113514010156,0.11459995357628167,0.8351889112836168
25911,LOF,0.13271278410429266,0.04052635176187504,0.8267608641338323
25912,LOF,0.04552307055072623,0.05209699959018103,0.9023799298590927
25913,LOF,0.31345077840524743,0.027200378362237643,0.659348843232515
25914,LOF,0.021255046606681947,0.12460841708229488,0.8541365363110233
25915,Neutral,0.39035465419985915,0.37164103431493783,0.23800431148520296
25916,LOF,0.0585192644141743,0.3716227004218686,0.5698580351639572
25917,LOF,0.05593187275459606,0.07174480066737393,0.87232332657803
25918,LOF,0.03038623580424483,0.07559443925599339,0.8940193249397618
25919,LOF,0.022873980429352164,0.07774016560094078,0.899385853969707
25920,GOF,0.089363862726637,0.5223385439709781,0.388297593302385
25921,LOF,0.03151748747146494,0.019682463705088738,0.9488000488234463
25922,LOF,0.04261284541110688,0.012638108886422184,0.944749045702471
25923,LOF,0.43412777108462,0.014183165169993774,0.5516890637453862
25924,LOF,0.044076586273029794,0.029849328211773843,0.9260740855151963
25925,LOF,0.0783519334277374,0.019184448559446763,0.9024636180128159
25926,LOF,0.054918112489838314,0.014392847032190577,0.9306890404779712
25927,LOF,0.07713250074784256,0.06042066113561737,0.86244683811654
25928,LOF,0.02485917738527332,0.028518634703550358,0.9466221879111762
25929,Neutral,0.5697317317191763,0.015301296500949498,0.4149669717798742
25930,LOF,0.069029408617104,0.012382836493644963,0.9185877548892509
25931,LOF,0.033286605943560206,0.018909133216890067,0.9478042608395497
25932,LOF,0.03187186673779912,0.013964737609698626,0.9541633956525023
25933,LOF,0.04459637903297421,0.00935897274619117,0.9460446482208347
25934,LOF,0.02802175862878955,0.010385948706080086,0.9615922926651305
25935,LOF,0.0678940148293004,0.023365701393698125,0.9087402837770016
25936,LOF,0.058144119028470095,0.013860282633992025,0.9279955983375378
25937,LOF,0.030800897894113492,0.02349448906153886,0.9457046130443477
25938,LOF,0.06795278209297177,0.025921234939994566,0.9061259829670336
25939,LOF,0.04540392589271918,0.009563037441736255,0.9450330366655446
25940,LOF,0.029347073048350603,0.34453171012828904,0.6261212168233604
25941,LOF,0.1893778885142542,0.09482785566753824,0.7157942558182077
25942,LOF,0.018043167567572994,0.030999584115341726,0.9509572483170853
25943,LOF,0.28771196022195017,0.059263010415565365,0.6530250293624844
25944,LOF,0.4650401224708192,0.03373215036908154,0.5012277271600993
25945,LOF,0.07286790319099441,0.02234062828538293,0.9047914685236226
25946,LOF,0.026710274167797542,0.10977058467376385,0.8635191411584386
25947,LOF,0.1146354223811532,0.21387770625125765,0.6714868713675892
25948,LOF,0.40656100095927217,0.01793665693594235,0.5755023421047855
25949,LOF,0.09995733338832549,0.07592414063758009,0.8241185259740944
25950,GOF,0.321361782645076,0.39526553023501326,0.2833726871199108
25951,LOF,0.22629614789250826,0.22998975260213986,0.5437140995053519
25952,LOF,0.046877438218014676,0.4199172494977158,0.5332053122842695
25953,LOF,0.1333515729963044,0.10899617140051333,0.7576522556031823
25954,Neutral,0.43341626932040267,0.18117676352818227,0.3854069671514149
25955,LOF,0.06786939763298822,0.0845721031311074,0.8475584992359043
25956,LOF,0.18706625890397932,0.09356012429728194,0.7193736167987388
25957,LOF,0.04176442651598613,0.034642906386961235,0.9235926670970527
25958,LOF,0.06190055665458946,0.02625422627350279,0.9118452170719077
25959,LOF,0.07255833709635863,0.36641249244953494,0.5610291704541065
25960,LOF,0.02143609456228123,0.056297310290349845,0.922266595147369
25961,LOF,0.05278296392501928,0.03324126813278705,0.9139757679421937
25962,LOF,0.05215061353152779,0.03618510451439185,0.9116642819540802
25963,LOF,0.04738639756115019,0.20884494466085152,0.7437686577779984
25964,LOF,0.03374380826005863,0.14864997071930944,0.8176062210206321
25965,LOF,0.41591609725736267,0.08139121979525221,0.502692682947385
25966,LOF,0.3750679703821886,0.22167928088123806,0.40325274873657335
25967,LOF,0.011756752751491694,0.09645853957008178,0.8917847076784264
25968,GOF,0.02926587837485297,0.5340246113193601,0.4367095103057869
25969,LOF,0.022017675496506132,0.07192033043103205,0.9060619940724618
25970,LOF,0.05632038867958205,0.05808624690105061,0.8855933644193673
25971,LOF,0.08437107507414138,0.01535694685110195,0.9002719780747567
25972,LOF,0.09029292568035081,0.021483903936050045,0.8882231703835992
25973,LOF,0.09174769080910822,0.005256999785992527,0.9029953094048994
25974,LOF,0.2166716305590945,0.013974766489784591,0.7693536029511209
25975,LOF,0.05778474401760064,0.01848142484655976,0.9237338311358396
25976,LOF,0.04515378696831611,0.011816199387549424,0.9430300136441344
25977,LOF,0.14840891273803333,0.09396491597451333,0.7576261712874534
25978,LOF,0.15125030651636037,0.048244850885593105,0.8005048425980466
25979,LOF,0.14451307080859718,0.05029235633653449,0.8051945728548683
25980,LOF,0.19472454169032002,0.06447264786227784,0.7408028104474021
25981,LOF,0.2280615258862116,0.062065061384669086,0.7098734127291193
25982,LOF,0.42814433754607406,0.041281259238305314,0.5305744032156205
25983,LOF,0.4075183264190601,0.04252659756195977,0.5499550760189801
25984,LOF,0.05281003063520825,0.07223707375802882,0.8749528956067629
25985,LOF,0.024766461918421454,0.2775888224803486,0.69764471560123
25986,LOF,0.03546164836652009,0.2895395268107957,0.6749988248226843
25987,LOF,0.08019233265609074,0.09593382765467444,0.8238738396892349
25988,LOF,0.12530729112813863,0.0872399307217075,0.7874527781501539
25989,LOF,0.028977923587949796,0.153404895634869,0.8176171807771812
25990,LOF,0.03659683060792213,0.18041584537929048,0.7829873240127874
25991,LOF,0.20627981160535933,0.31963220774418893,0.47408798065045177
25992,LOF,0.35399386457127374,0.20214005534724,0.44386608008148626
25993,LOF,0.022896393130657895,0.07857479715941929,0.8985288097099229
25994,LOF,0.01644266422298287,0.11353371179648805,0.870023623980529
25995,LOF,0.025811487994881345,0.20316347001480545,0.7710250419903132
25996,GOF,0.254789829600235,0.5360511354797924,0.2091590349199726
25997,GOF,0.11503939060333698,0.5329308980688224,0.35202971132784044
25998,Neutral,0.5382923550684522,0.0174103688221906,0.4442972761093572
25999,LOF,0.14306487331177023,0.09349588779935167,0.7634392388888782
26000,LOF,0.17282016654345614,0.028816790791088093,0.7983630426654558
26001,LOF,0.17075614551655832,0.03473059269653329,0.7945132617869084
26002,LOF,0.15254929457230532,0.028463735958072882,0.8189869694696218
26003,GOF,0.010092774078327243,0.5752407373607246,0.41466648856094834
26004,GOF,0.026286928782992183,0.6495139340280437,0.32419913718896404
26005,LOF,0.008625048027912573,0.45465070001866564,0.5367242519534217
26006,Neutral,0.48896872895408244,0.26116530615770445,0.24986596488821305
26007,GOF,0.020113865316383678,0.5087430758900442,0.47114305879357216
26008,GOF,0.020445679792030515,0.5452334795580477,0.4343208406499218
26009,GOF,0.024817392949697478,0.5674914705125345,0.407691136537768
26010,GOF,0.027227111778149612,0.6001772578824451,0.3725956303394053
26011,LOF,0.008540308239376725,0.4565458987881322,0.5349137929724911
26012,GOF,0.016373914944313044,0.5291456265478234,0.4544804585078635
26013,GOF,0.021041510254034352,0.5685579113871836,0.410400578358782
26014,LOF,0.04220511197731585,0.1335329889022932,0.8242618991203909
26015,LOF,0.2248160522296699,0.01216324031676797,0.7630207074535622
26016,LOF,0.2591676701907645,0.050106984686992914,0.6907253451222426
26017,LOF,0.21423357458815218,0.08667292001511467,0.6990935053967332
26018,LOF,0.10226701457306038,0.04861785041668524,0.8491151350102543
26019,LOF,0.09716813676759711,0.035673845145501475,0.8671580180869014
26020,LOF,0.06467702523150357,0.10204978517147299,0.8332731895970233
26021,LOF,0.051213085721837685,0.13275251187655823,0.8160344024016041
26022,LOF,0.011666385536950378,0.05310720155566856,0.9352264129073812
26023,LOF,0.12160497428819358,0.02683144707113048,0.851563578640676
26024,LOF,0.031897064723422984,0.13873200766625757,0.8293709276103195
26025,LOF,0.14305599642372283,0.11593347355201873,0.7410105300242585
26026,LOF,0.3231029433617555,0.02404627650342764,0.6528507801348169
26027,LOF,0.09154976734011117,0.02126929622332976,0.887180936436559
26028,LOF,0.14020056589957625,0.09651769312952162,0.7632817409709021
26029,LOF,0.06338393786694829,0.17092268090987553,0.7656933812231762
26030,LOF,0.02415900330403377,0.05522497099221869,0.9206160257037476
26031,LOF,0.027305683414297725,0.13610847825371078,0.8365858383319915
26032,LOF,0.063820793620695,0.05740558460282505,0.8787736217764799
26033,LOF,0.11969566612794322,0.063404647342055,0.8168996865300017
26034,LOF,0.04390489404316897,0.1423123697410822,0.8137827362157489
26035,LOF,0.02604132586557593,0.1283089525559628,0.8456497215784612
26036,LOF,0.037284624035326015,0.14995682034539873,0.8127585556192753
26037,LOF,0.021875539863153465,0.11259998593730312,0.8655244741995434
26038,LOF,0.0607527473727916,0.054053870989513475,0.885193381637695
26039,LOF,0.05119647284527805,0.1424530984916517,0.8063504286630703
26040,LOF,0.1887565075178557,0.10797775203379886,0.7032657404483454
26041,LOF,0.02259182223078494,0.10204424663253073,0.8753639311366843
26042,LOF,0.021228768134955316,0.10591038399819373,0.8728608478668509
26043,LOF,0.06004758773562852,0.06618671627037177,0.8737656959939997
26044,LOF,0.019592740247310076,0.06330400559948351,0.9171032541532064
26045,LOF,0.07335322080754611,0.09612412252362465,0.8305226566688292
26046,LOF,0.062107326812927494,0.06797763706475023,0.8699150361223222
26047,LOF,0.0906259676673314,0.07680287454783002,0.8325711577848386
26048,LOF,0.05254967750999552,0.04593698254432619,0.9015133399456784
26049,Neutral,0.955745858247027,0.006739884908606284,0.0375142568443668
26050,Neutral,0.9405205387672736,0.008294051992260163,0.05118540924046611
26051,LOF,0.0423859789679251,0.26648819999693985,0.6911258210351351
26052,LOF,0.06604666428301455,0.24261250586120334,0.6913408298557822
26053,LOF,0.05800596117805087,0.12250078334954421,0.8194932554724049
26054,LOF,0.05647004558234955,0.025909943481835694,0.9176200109358147
26055,LOF,0.07271331076548614,0.0186115740997057,0.9086751151348081
26056,LOF,0.05894560544608795,0.020905174297372337,0.9201492202565398
26057,LOF,0.03240311614115093,0.012300248426772476,0.9552966354320765
26058,LOF,0.032793526259860636,0.010469278570575074,0.9567371951695642
26059,LOF,0.29180828086607236,0.03418309164081812,0.6740086274931095
26060,LOF,0.0323861251946291,0.1897205545627754,0.7778933202425955
26061,LOF,0.018644199742651284,0.012605755782985641,0.9687500444743632
26062,LOF,0.011384111135188463,0.018785786219407782,0.9698301026454037
26063,LOF,0.022506302662309248,0.013424956850844676,0.964068740486846
26064,LOF,0.02643264289586619,0.019222671685547636,0.9543446854185862
26065,LOF,0.025766759140543768,0.013729347601136367,0.9605038932583198
26066,LOF,0.021564421301546132,0.011748518503963188,0.9666870601944907
26067,LOF,0.027117237328975488,0.008706109426314054,0.9641766532447105
26068,LOF,0.04747444754600394,0.03754283693342678,0.9149827155205693
26069,LOF,0.2879971285204243,0.022891831359431455,0.6891110401201442
26070,LOF,0.4353712193760114,0.016608897847236383,0.5480198827767522
26071,LOF,0.024214754886068876,0.013596093059368585,0.9621891520545626
26072,LOF,0.023822701817662884,0.01809422010311803,0.9580830780792191
26073,LOF,0.02619922591605614,0.012765613586526696,0.9610351604974171
26074,Neutral,0.9072667729255924,0.006603364970719829,0.08612986210368791
26075,LOF,0.04698650156709459,0.01632609063942852,0.9366874077934768
26076,LOF,0.04486900216224766,0.009439549986158062,0.9456914478515943
26077,LOF,0.00922816093345211,0.01933090206796046,0.9714409369985875
26078,LOF,0.014025410486155873,0.013459381959110787,0.9725152075547333
26079,LOF,0.0581023240612745,0.01946113946508171,0.9224365364736438
26080,LOF,0.05759593998790855,0.019471380655832444,0.9229326793562591
26081,LOF,0.03738186457752129,0.007647419700355082,0.9549707157221237
26082,LOF,0.017802910395332147,0.019043965799224044,0.9631531238054437
26083,LOF,0.13469974962082265,0.014664092979258875,0.8506361573999184
26084,LOF,0.02844873378213852,0.013363260577378737,0.9581880056404827
26085,LOF,0.02352006482551155,0.012851731507573579,0.9636282036669148
26086,LOF,0.025944938598422902,0.01198555083083914,0.9620695105707379
26087,LOF,0.027031290275572124,0.008700582733640204,0.9642681269907876
26088,LOF,0.01658457605472956,0.026884954914987914,0.9565304690302825
26089,LOF,0.04471760584505526,0.02671347928301008,0.9285689148719347
26090,LOF,0.0426541311982374,0.02077088284771068,0.936574985954052
26091,LOF,0.039777858319445476,0.0072035877714788235,0.9530185539090756
26092,LOF,0.027480259077083985,0.009538472087749484,0.9629812688351665
26093,LOF,0.03858675038993527,0.00700817817007654,0.9544050714399882
26094,LOF,0.04384828062260894,0.008140410316002154,0.948011309061389
26095,LOF,0.05318742668930845,0.01642028204450415,0.9303922912661873
26096,LOF,0.021433431926551755,0.013730288719579136,0.9648362793538691
26097,LOF,0.01079948775775119,0.039529068556717346,0.9496714436855314
26098,LOF,0.06785987228100077,0.012890165127661142,0.9192499625913381
26099,LOF,0.025434034006580074,0.015722478995830708,0.9588434869975891
26100,LOF,0.027385020785841273,0.01457500553897892,0.9580399736751798
26101,LOF,0.0630881016437276,0.015162391346383246,0.9217495070098892
26102,LOF,0.026360385692973755,0.014775216662365193,0.9588643976446611
26103,Neutral,0.8833041899435843,0.02393776960568751,0.09275804045072827
26104,LOF,0.06990140478466732,0.039845867176972014,0.8902527280383608
26105,LOF,0.22853232154489309,0.24877540529797282,0.5226922731571341
26106,LOF,0.17750759765057053,0.13718611107690667,0.6853062912725227
26107,LOF,0.2197446941826029,0.09560073969302975,0.6846545661243673
26108,LOF,0.23781928557315232,0.1319444496190398,0.6302362648078078
26109,LOF,0.10047883276043926,0.0885300825698899,0.8109910846696708
26110,LOF,0.2645464879506659,0.007342330067069105,0.728111181982265
26111,LOF,0.4585130304637473,0.020310396077330463,0.5211765734589222
26112,LOF,0.03205089220863097,0.008425696154097058,0.9595234116372718
26113,LOF,0.05361888966081449,0.01693619430020211,0.9294449160389834
26114,LOF,0.028964881192595434,0.01942323781391702,0.9516118809934876
26115,LOF,0.09319250835974768,0.047262394978733406,0.859545096661519
26116,LOF,0.07448975495320727,0.04619037036208232,0.8793198746847104
26117,LOF,0.40994943740328166,0.05271631639686971,0.5373342461998486
26118,LOF,0.03614610125335673,0.02571578573835691,0.9381381130082864
26119,LOF,0.022070608900998233,0.03602802225416282,0.9419013688448391
26120,LOF,0.030850193953795218,0.022323670670250886,0.9468261353759538
26121,LOF,0.05636208914142799,0.08200554410103042,0.8616323667575416
