feature0,prediction,LoGoFunc_Neutral,LoGoFunc_GOF,LoGoFunc_LOF
25546,Neutral,0.6314985785211205,0.05217225765232285,0.3163291638265566
25547,Neutral,0.5010142903334084,0.08836654671831222,0.41061916294827944
25548,Neutral,0.5064847358234241,0.07724953545034456,0.41626572872623135
25549,LOF,0.4383617548163698,0.08106027789736937,0.4805779672862607
25550,LOF,0.38362786139395105,0.08806208388866192,0.528310054717387
25551,LOF,0.3177210787035911,0.10247285927027404,0.5798060620261347
25552,LOF,0.2834093472559993,0.10820212835657037,0.6083885243874303
25553,Neutral,0.7968021344474999,0.04360981640780104,0.159588049144699
25554,LOF,0.32505069340488957,0.10125274649105365,0.5736965601040568
25555,LOF,0.2843357114398212,0.0928247594405825,0.6228395291195964
25556,LOF,0.45477647295581014,0.08898410493787293,0.45623942210631696
25557,LOF,0.2684445470549299,0.09964794661537175,0.6319075063296984
25558,LOF,0.32849340768681345,0.09690608492810084,0.5746005073850857
25559,LOF,0.24505975298917382,0.058969226923936316,0.6959710200868898
25560,LOF,0.1019249914570528,0.15610823240611235,0.7419667761368347
25561,LOF,0.10795857041299127,0.21115696169280687,0.6808844678942019
25562,LOF,0.042252945204414645,0.09828967555852657,0.8594573792370588
25563,LOF,0.013020534467226941,0.15893385849327155,0.8280456070395015
25564,LOF,0.10819092436586207,0.10279526779359699,0.789013807840541
25565,LOF,0.1929856882704184,0.13576085468721133,0.6712534570423702
25566,GOF,0.06261250083601833,0.6442879936459323,0.29309950551804936
25567,LOF,0.03477138088341868,0.15166237514771072,0.8135662439688706
25568,LOF,0.05629596546151156,0.09066996463482276,0.8530340699036657
25569,LOF,0.06201099654914912,0.08293848630187878,0.8550505171489721
25570,LOF,0.027638279331794278,0.11235997131955797,0.8600017493486477
25571,LOF,0.024981042250267142,0.11422483743341451,0.8607941203163184
25572,LOF,0.06685950534219388,0.14928619237700747,0.7838543022807987
25573,LOF,0.06320836767429287,0.10869291619311224,0.828098716132595
25574,LOF,0.06291769123840492,0.2129717400385613,0.7241105687230338
25575,LOF,0.02308707335671744,0.13320372788854956,0.8437091987547329
25576,LOF,0.02605605467175167,0.19891352914600535,0.775030416182243
25577,LOF,0.031226470291195962,0.15194071442695012,0.8168328152818539
25578,LOF,0.2891077582242989,0.10691121851712705,0.6039810232585741
25579,LOF,0.1906756220451963,0.10114328638687256,0.7081810915679311
25580,LOF,0.021279073655516904,0.081673801318771,0.8970471250257122
25581,LOF,0.04861062752362665,0.09225124988441324,0.8591381225919602
25582,LOF,0.04821274880272613,0.0896197868898344,0.8621674643074394
25583,LOF,0.02502427141951397,0.09993416315745547,0.8750415654230305
25584,Neutral,0.721338120291682,0.13389490675628646,0.14476697295203153
25585,LOF,0.02170328972169398,0.171983486360701,0.8063132239176051
25586,LOF,0.018035045318800413,0.09500631842545922,0.8869586362557403
25587,LOF,0.01813003834514823,0.07624233867222625,0.9056276229826256
25588,LOF,0.021575267441995075,0.08312529757663166,0.8952994349813732
25589,Neutral,0.5127741366028393,0.24342095484653523,0.2438049085506254
25590,LOF,0.04334799521384168,0.1308800734119113,0.825771931374247
25591,LOF,0.08144123154513781,0.07326149143021073,0.8452972770246514
25592,LOF,0.0566667978433675,0.16103363337264504,0.7822995687839874
25593,LOF,0.11969696458140185,0.2803256066896116,0.5999774287289865
25594,LOF,0.05621952614797302,0.0745184317967052,0.8692620420553218
25595,LOF,0.05641376811080077,0.04092437368980695,0.9026618581993923
25596,LOF,0.128837553555711,0.021736184777515953,0.8494262616667729
25597,LOF,0.0853045286497925,0.026897235860615445,0.8877982354895921
25598,LOF,0.05163099347967916,0.048774462913058786,0.8995945436072621
25599,LOF,0.025408658468774614,0.37047134928085745,0.6041199922503679
25600,LOF,0.17455914624639826,0.399781781022667,0.4256590727309349
25601,LOF,0.04468867093726981,0.28752133035610355,0.6677899987066267
25602,LOF,0.026662336064249125,0.07512103512200193,0.8982166288137491
25603,LOF,0.03445871986038468,0.05857067206053082,0.9069706080790845
25604,LOF,0.03601886425557488,0.09461854661494626,0.8693625891294788
25605,LOF,0.029098155373411302,0.20182629461531915,0.7690755500112695
25606,LOF,0.3799215196130994,0.16058525364724469,0.4594932267396559
25607,LOF,0.026279213752207802,0.21407628175633647,0.7596445044914558
25608,LOF,0.03356790279937619,0.12352281119008604,0.8429092860105377
25609,GOF,0.13951325775068535,0.49203255783982386,0.36845418440949074
25610,LOF,0.015536440086152545,0.0493888068211114,0.9350747530927361
25611,LOF,0.013045849601996853,0.062132019396202644,0.9248221310018006
25612,LOF,0.043688879405167726,0.06706357266939666,0.8892475479254357
25613,LOF,0.04234087856060394,0.06925587252587136,0.8884032489135247
25614,LOF,0.02356252460035987,0.049285788162125706,0.9271516872375143
25615,LOF,0.04022403350172429,0.05657902555482111,0.9031969409434546
25616,LOF,0.05580126985772801,0.055839020668102916,0.8883597094741691
25617,LOF,0.04038445381370918,0.06583002066790415,0.8937855255183867
25618,LOF,0.049302216865745305,0.08518563347988282,0.865512149654372
25619,LOF,0.01278214685108696,0.060033457307061805,0.9271843958418512
25620,LOF,0.056143473133204294,0.06970760111763176,0.8741489257491639
25621,LOF,0.061267825870822364,0.055175759563707454,0.8835564145654702
25622,LOF,0.0646449204300729,0.06483024236281093,0.8705248372071162
25623,LOF,0.05837980264976247,0.04640383071249785,0.8952163666377397
25624,LOF,0.020209319622871515,0.05369719980235611,0.9260934805747725
25625,LOF,0.05777567732629245,0.05993454264717213,0.8822897800265354
25626,LOF,0.04465499480953985,0.06419253238276294,0.8911524728076973
25627,Neutral,0.892230734298935,0.02657724202846387,0.08119202367260132
25628,LOF,0.1476042346981275,0.06605281534286245,0.78634294995901
25629,LOF,0.06623505563515542,0.07168136551381299,0.8620835788510316
25630,LOF,0.28163812936553984,0.07674481271682113,0.641617057917639
25631,Neutral,0.5554849717546194,0.07094786879700958,0.37356715944837104
25632,LOF,0.028970356355827453,0.07641629240434106,0.8946133512398315
25633,LOF,0.22904566595564263,0.04480535590315158,0.7261489781412058
25634,LOF,0.04268310568603042,0.09230911767988839,0.8650077766340813
25635,LOF,0.040462448933568186,0.03879452675578711,0.9207430243106447
25636,GOF,0.03447177395004431,0.5094713699132286,0.456056856136727
25637,GOF,0.05407597068188732,0.5217668444915416,0.4241571848265711
25638,LOF,0.0358036286174878,0.4483245542495009,0.5158718171330113
25639,LOF,0.032095376176113306,0.47301645589466396,0.49488816792922286
25640,Neutral,0.8638888901820143,0.0742385687723501,0.06187254104563553
25641,LOF,0.0827541597654636,0.4016482718424696,0.5155975683920668
25642,LOF,0.06674842023109356,0.1789096217797871,0.7543419579891194
25643,LOF,0.20381705434451236,0.1410400006181244,0.6551429450373633
25644,GOF,0.010096509083785796,0.6398782656051951,0.3500252253110192
25645,GOF,0.011710952187701773,0.6246853438606265,0.3636037039516718
25646,LOF,0.035630197525838916,0.457703225391152,0.5066665770830092
25647,LOF,0.012167650750093316,0.34470348546043655,0.6431288637894701
25648,LOF,0.014208775379857142,0.4414078153140628,0.5443834093060801
25649,LOF,0.00818975726308781,0.33457542525362743,0.6572348174832848
25650,GOF,0.021084865005185086,0.6225427115416241,0.35637242345319076
25651,LOF,0.00908378941597345,0.44800361850815784,0.5429125920758686
25652,LOF,0.015366904845218255,0.4283841130579884,0.5562489820967933
25653,GOF,0.041865482747374366,0.6183517990502575,0.33978271820236816
25654,LOF,0.010874226509492513,0.31483613449660824,0.6742896389938993
25655,GOF,0.11891500129360781,0.6349753356819714,0.24610966302442086
25656,LOF,0.3356451193679438,0.12631279372873344,0.5380420869033228
25657,LOF,0.05138923433281057,0.11793422791231985,0.8306765377548695
25658,LOF,0.32471457506855694,0.17146429238857433,0.5038211325428686
25659,Neutral,0.462950112588319,0.1667830134473976,0.3702668739642833
25660,LOF,0.023187284306279893,0.11516500275401836,0.8616477129397018
25661,LOF,0.08261225356283866,0.07043895550375391,0.8469487909334075
25662,LOF,0.0326435945282844,0.03522296473462386,0.9321334407370918
25663,LOF,0.03821173267893171,0.04407161405343435,0.917716653267634
25664,LOF,0.13235939110057923,0.06933930060631369,0.7983013082931072
25665,LOF,0.06221105360697946,0.03194996147717315,0.9058389849158474
25666,LOF,0.09718088264874468,0.07507804465116351,0.8277410727000918
25667,LOF,0.07120828968579761,0.05308668719754698,0.8757050231166553
25668,LOF,0.03763625910393612,0.059668711660616935,0.902695029235447
25669,LOF,0.02958416466728304,0.060127940786576455,0.9102878945461405
25670,LOF,0.12040666021662297,0.06502459198291619,0.8145687478004608
25671,LOF,0.09570371250385303,0.04418003209104047,0.8601162554051065
25672,LOF,0.04963441513997022,0.047605443964369255,0.9027601408956605
25673,LOF,0.09072807716160397,0.04830526008088244,0.8609666627575134
25674,LOF,0.07388613910535165,0.06227893520210899,0.8638349256925394
25675,LOF,0.110894231298392,0.07829964749456848,0.8108061212070394
25676,LOF,0.017253820660546832,0.060130307131206304,0.9226158722082469
25677,LOF,0.021601118498668876,0.07710082419680674,0.9012980573045244
25678,LOF,0.19734234795988398,0.09085488479168698,0.711802767248429
25679,LOF,0.11925005199850208,0.08889851868394544,0.7918514293175525
25680,LOF,0.030743582342772177,0.12477969126939831,0.8444767263878294
25681,LOF,0.045771397394951695,0.11810430226478005,0.8361243003402682
25682,LOF,0.12268961524325818,0.0909940479800303,0.7863163367767115
25683,LOF,0.11288001881067211,0.100054844900889,0.7870651362884389
25684,LOF,0.03490589792648156,0.0775946595689553,0.8874994425045633
25685,LOF,0.11225626097131008,0.0737601756304751,0.8139835633982149
25686,LOF,0.07161950631122689,0.11335611565892978,0.8150243780298433
25687,LOF,0.11239143015742523,0.11282466715709634,0.7747839026854784
25688,LOF,0.4100598570705469,0.05255340467989937,0.5373867382495539
25689,LOF,0.3002312830060121,0.04792690993320141,0.6518418070607865
25690,LOF,0.318171845151501,0.03612691993230121,0.6457012349161978
25691,Neutral,0.7137155622394045,0.031525098842189604,0.25475933891840585
25692,LOF,0.3599777441654027,0.012570298048425197,0.6274519577861722
25693,LOF,0.039479654847900184,0.4313347819400847,0.5291855632120152
25694,LOF,0.11289661456006247,0.01878132327118735,0.8683220621687501
25695,LOF,0.11411310071852614,0.012867239242816715,0.873019660038657
25696,LOF,0.13527255360346158,0.011890503981030885,0.8528369424155076
25697,LOF,0.0722689994915095,0.15544025029122646,0.772290750217264
25698,LOF,0.3123549205851779,0.21206974272472445,0.4755753366900976
25699,Neutral,0.48795546131501544,0.040497796861262744,0.4715467418237217
25700,LOF,0.08783318792867041,0.01325408942218363,0.898912722649146
25701,LOF,0.19690011797408474,0.05856762333754895,0.7445322586883664
25702,GOF,0.1828544217869774,0.6361701330274482,0.18097544518557437
25703,LOF,0.01830525626365759,0.16183316567494915,0.8198615780613933
25704,LOF,0.03698710269256639,0.1550988901639013,0.8079140071435323
25705,LOF,0.03880100296428595,0.0870793482228833,0.8741196488128307
25706,LOF,0.14939962684596642,0.3252027061216631,0.5253976670323706
25707,LOF,0.09427110781011623,0.2475569191039453,0.6581719730859384
25708,LOF,0.05032007204279967,0.2210181181746157,0.7286618097825847
25709,LOF,0.05998392238634198,0.02919401814080743,0.9108220594728506
25710,LOF,0.012812267998334669,0.1051260306436948,0.8820617013579706
25711,LOF,0.02045408867589523,0.06294896711081796,0.9165969442132869
25712,LOF,0.015867545007086287,0.14974982337908677,0.8343826316138269
25713,LOF,0.0175263337290355,0.06566663326232008,0.9168070330086444
25714,LOF,0.07347322673609262,0.04633713124109725,0.8801896420228101
25715,LOF,0.011695032611604492,0.09532339079976976,0.8929815765886256
25716,LOF,0.012391919675338219,0.08849097738856894,0.8991171029360928
25717,LOF,0.015428174507737938,0.0654661252255048,0.9191057002667572
25718,LOF,0.011297617379066384,0.0637114517727683,0.9249909308481653
25719,LOF,0.021361687363512426,0.05672369327381017,0.9219146193626774
25720,LOF,0.02395201841106049,0.04725291006976913,0.9287950715191704
25721,LOF,0.013091675842976278,0.08498887028960532,0.9019194538674185
25722,LOF,0.013825135319152491,0.07445756426124861,0.9117173004195989
25723,LOF,0.023449670505867146,0.03127764765489493,0.9452726818392378
25724,LOF,0.03350616397403342,0.05808119228867619,0.9084126437372904
25725,LOF,0.011383689115868522,0.053296926916290295,0.9353193839678412
25726,LOF,0.015335415910915593,0.07272718391666862,0.9119374001724159
25727,LOF,0.012245720622237838,0.053657293864877435,0.9340969855128848
25728,LOF,0.009984190778765866,0.0701055540008149,0.9199102552204191
25729,LOF,0.010179433845915494,0.06894773497171126,0.9208728311823733
25730,LOF,0.01296120511978049,0.06749884219988762,0.919539952680332
25731,LOF,0.021046599833796212,0.07133357577459264,0.9076198243916112
25732,LOF,0.01316979189568044,0.042412154927905045,0.9444180531764146
25733,LOF,0.01744680113965058,0.04591357043153623,0.9366396284288133
25734,LOF,0.012876625078418438,0.08843577845839391,0.8986875964631876
25735,LOF,0.011449648388961757,0.056569382321193594,0.9319809692898448
25736,LOF,0.012490892073633134,0.06790138813022235,0.9196077197961444
25737,LOF,0.011629109996218459,0.06575656097311838,0.9226143290306632
25738,LOF,0.011434696932131972,0.06669179627485287,0.921873506793015
25739,LOF,0.02106614514084614,0.05196481895734894,0.9269690359018048
25740,LOF,0.02680114579664956,0.0738270276580529,0.8993718265452976
25741,LOF,0.015262642065527122,0.07218871918894315,0.9125486387455297
25742,LOF,0.1122396543080153,0.052077780984142216,0.8356825647078425
25743,LOF,0.03979155468964966,0.050250168469295975,0.9099582768410545
25744,Neutral,0.618682116487071,0.23932497195700397,0.14199291155592508
25745,LOF,0.06463897784123665,0.07800213911491576,0.8573588830438476
25746,LOF,0.04263670925409341,0.10607105539869474,0.851292235347212
25747,LOF,0.023161872600498505,0.08493294764111761,0.8919051797583839
25748,LOF,0.13586792234013767,0.1450012915638753,0.719130786095987
25749,LOF,0.025377964931788292,0.09780546837844833,0.8768165666897633
25750,LOF,0.06775994971144879,0.10359327306920682,0.8286467772193443
25751,LOF,0.09562342778308865,0.15395768184004885,0.7504188903768625
25752,GOF,0.1088509583304156,0.6573557430294685,0.23379329864011592
25753,LOF,0.027791558264418294,0.29545579632745766,0.6767526454081241
25754,GOF,0.014696267770531126,0.8066289105129022,0.1786748217165667
25755,LOF,0.02931873303906086,0.3874334773458949,0.5832477896150443
25756,LOF,0.051467058912107455,0.37607227089471884,0.5724606701931737
25757,GOF,0.020158404276131723,0.8705282199295749,0.1093133757942934
25758,GOF,0.028220743326603837,0.8103984876705788,0.16138076900281748
25759,GOF,0.01140712363402069,0.6233137818811267,0.3652790944848526
25760,LOF,0.017396403354185658,0.3159542000340096,0.6666493966118048
25761,GOF,0.2640982236175422,0.6536485201199072,0.0822532562625507
25762,LOF,0.04632281281270495,0.2956542278592135,0.6580229593280815
25763,LOF,0.016582602552088658,0.21484582030777416,0.7685715771401371
25764,GOF,0.06740637698136495,0.6823435595874555,0.2502500634311796
25765,GOF,0.034442558037108814,0.7703584870884342,0.19519895487445693
25766,GOF,0.06722623601814405,0.8028047434307538,0.12996902055110204
25767,GOF,0.15242913790849685,0.537744814660993,0.30982604743051023
25768,LOF,0.10369047399975075,0.06256558174658772,0.8337439442536615
25769,LOF,0.04285549219571388,0.0794912465107744,0.8776532612935116
25770,LOF,0.29824061749093106,0.12000508152449306,0.5817543009845759
25771,LOF,0.045966723664209314,0.06258343235381439,0.8914498439819762
25772,LOF,0.017256167417346358,0.05445720952563538,0.9282866230570181
25773,LOF,0.04980306067035969,0.08884144247132603,0.8613554968583143
25774,LOF,0.027156997935800786,0.11753743515057344,0.8553055669136258
25775,LOF,0.055585213886352194,0.06355003272409994,0.880864753389548
25776,LOF,0.061782869927068926,0.03186522170683831,0.9063519083660927
25777,LOF,0.31067915179950745,0.09555362642442382,0.5937672217760687
25778,LOF,0.060496842575574764,0.05235826245178395,0.8871448949726413
25779,GOF,0.4114130855840192,0.5445041835863105,0.044082730829670326
25780,GOF,0.35678612451324665,0.5772412498628963,0.06597262562385725
25781,GOF,0.12325022456333709,0.7720198440180309,0.10472993141863189
25782,GOF,0.1926307491006615,0.7321612120189832,0.07520803888035521
25783,GOF,0.023128703125501224,0.6487797639907249,0.3280915328837738
25784,Neutral,0.5378793850321433,0.426999928893117,0.03512068607473967
25785,Neutral,0.4912487727571807,0.46292422366465746,0.045827003578161905
25786,GOF,0.036308563242456744,0.7569339012643509,0.20675753549319226
25787,Neutral,0.6982938100718015,0.27458729133569615,0.027118898592502372
25788,LOF,0.06387729199721998,0.07921970836778704,0.856902999634993
25789,GOF,0.22855561285692433,0.6178236644448521,0.15362072269822358
25790,GOF,0.2694394690044529,0.6410964994333156,0.08946403156223148
25791,GOF,0.15034853749844906,0.6794468674299173,0.1702045950716336
25792,GOF,0.38634685060577034,0.4866145136368382,0.12703863575739147
25793,GOF,0.2860146452032057,0.48993649706345405,0.22404885773334016
25794,GOF,0.3371595539541886,0.4639212445914319,0.1989192014543794
25795,GOF,0.0737737449555664,0.6614983728465464,0.26472788219788723
25796,Neutral,0.5351681092014565,0.3870973026843732,0.07773458811417028
25797,GOF,0.09948663040031469,0.5649870678935123,0.335526301706173
25798,GOF,0.01072427159428399,0.5145865230422065,0.47468920536350945
25799,LOF,0.007689177120403103,0.4167072944277176,0.5756035284518793
25800,GOF,0.04041656706986417,0.6056665676396569,0.35391686529047905
25801,GOF,0.2419019814709091,0.6485762806360097,0.1095217378930812
25802,GOF,0.06277516103525041,0.700721023801018,0.2365038151637316
25803,GOF,0.04179480973972273,0.5982466708882654,0.3599585193720117
25804,GOF,0.03734243892742691,0.5267720861353946,0.43588547493717844
25805,GOF,0.12375960840471571,0.599812543949314,0.2764278476459703
25806,GOF,0.15062452203720966,0.5916102753245768,0.2577652026382136
25807,GOF,0.023262761221068753,0.6546993077337052,0.322037931045226
25808,GOF,0.11687232975063461,0.6052609856067664,0.27786668464259895
25809,GOF,0.02231518316848615,0.6371184976085456,0.3405663192229683
25810,GOF,0.021642809041572772,0.6342653198003583,0.3440918711580689
25811,Neutral,0.5223691410804623,0.41287613662750583,0.06475472229203189
25812,GOF,0.0440947761813136,0.6375842302022336,0.3183209936164528
25813,Neutral,0.601249631625551,0.3013171490364281,0.09743321933802097
25814,GOF,0.14285170623949758,0.6292152918875058,0.22793300187299667
25815,GOF,0.2539666913217939,0.5570992199402732,0.18893408873793274
25816,GOF,0.021725599961509454,0.6559870016059471,0.3222873984325434
25817,GOF,0.2574197047509391,0.6052278602910952,0.13735243495796576
25818,GOF,0.057714323986804685,0.5629406329350078,0.37934504307818745
25819,GOF,0.39140783794788886,0.4427020119780961,0.16589015007401506
25820,GOF,0.20315322237301967,0.5789031357628469,0.2179436418641334
25821,GOF,0.07181472449422129,0.6475048804076183,0.28068039509816045
25822,GOF,0.24586397364691365,0.5172316240649035,0.23690440228818277
25823,GOF,0.0366086296269355,0.5080871990963881,0.45530417127667644
25824,GOF,0.09986836106883829,0.5257668470448108,0.37436479188635086
25825,GOF,0.036249239046205764,0.5486121763569207,0.41513858459687364
25826,GOF,0.01369194610701587,0.5192998355857309,0.4670082183072532
25827,GOF,0.024210066213228604,0.5701127020784469,0.40567723170832437
25828,GOF,0.016375621631226994,0.49557540514473514,0.4880489732240379
25829,GOF,0.007255580005887437,0.5489359805159076,0.4438084394782048
25830,LOF,0.04953265097895754,0.29798016998233967,0.6524871790387028
25831,GOF,0.18505571512737443,0.6821604966117093,0.13278378826091627
25832,GOF,0.039695844206592126,0.6812269569671594,0.27907719882624854
25833,GOF,0.14237706772573014,0.6707893540631948,0.18683357821107505
25834,GOF,0.04563277463915068,0.6742305725184129,0.28013665284243633
25835,GOF,0.10746038454306074,0.6749559972038934,0.2175836182530458
25836,GOF,0.04693484377108465,0.6388988710741625,0.31416628515475276
25837,GOF,0.023684261571538676,0.5338115610292303,0.442504177399231
25838,GOF,0.08429444305292158,0.7256194095750099,0.19008614737206833
25839,GOF,0.299322434286976,0.5436907487136486,0.1569868169993752
25840,GOF,0.2378714709460252,0.5814124312084374,0.18071609784553727
25841,GOF,0.22904268617874454,0.5906902462825987,0.1802670675386567
25842,GOF,0.19643047988440146,0.6342729099131266,0.16929661020247186
25843,GOF,0.22924570139239098,0.6457631622619263,0.12499113634568268
25844,GOF,0.06608771538162994,0.644424826696922,0.28948745792144803
25845,LOF,0.014333494278369345,0.46189116117377477,0.523775344547856
25846,GOF,0.10798768904028914,0.7131062005233773,0.17890611043633353
25847,GOF,0.12951149030553188,0.7265132936170015,0.1439752160774668
25848,GOF,0.04038726985134737,0.6575431423086394,0.30206958784001325
25849,GOF,0.011071673825833519,0.5569581926459652,0.43197013352820135
25850,GOF,0.026175683707749003,0.6408600612984735,0.3329642549937775
25851,GOF,0.019927721286287326,0.5368401443410845,0.4432321343726282
25852,GOF,0.17817099261085942,0.5349901388267908,0.2868388685623497
25853,GOF,0.36388187668580674,0.5655001212500258,0.07061800206416738
25854,GOF,0.021569544721651585,0.6173164895909091,0.3611139656874393
25855,GOF,0.03904084605929219,0.5732574679153306,0.3877016860253771
25856,GOF,0.25751346609744025,0.5068921954443072,0.23559433845825262
25857,GOF,0.03724002905394898,0.4912527182308098,0.4715072527152413
25858,GOF,0.019628672412319675,0.542542910142264,0.43782841744541634
25859,GOF,0.011440836012020611,0.5272420533265617,0.4613171106614176
25860,GOF,0.40213580279501726,0.5006056301526289,0.09725856705235372
25861,GOF,0.3871674970110843,0.5254309722588634,0.08740153073005222
25862,GOF,0.08588126268636315,0.7564485483787473,0.15767018893488935
25863,GOF,0.09353236755669468,0.7613856626694122,0.14508196977389315
25864,GOF,0.2103157081724008,0.7060380468915669,0.08364624493603215
25865,GOF,0.08818071777563692,0.7722912389701098,0.13952804325425333
25866,GOF,0.071798127409541,0.7913087006965059,0.1368931718939531
25867,GOF,0.10198714628495047,0.7912286060618847,0.10678424765316487
25868,GOF,0.3236553975632577,0.5701767860016077,0.10616781643513452
25869,Neutral,0.7190192829125044,0.23440141989662597,0.04657929719086974
25870,LOF,0.34074487555924954,0.24520622348421817,0.4140489009565323
25871,GOF,0.2642425005362107,0.5830952028181147,0.15266229664567474
25872,GOF,0.08828382960141698,0.6055886745904423,0.30612749580814064
25873,GOF,0.16438385342186737,0.6039879374896342,0.2316282090884984
25874,LOF,0.025629623317020483,0.10102423695943992,0.8733461397235397
25875,LOF,0.09156293073061543,0.05064971723614472,0.8577873520332397
25876,LOF,0.027213215571915837,0.04694305405636783,0.9258437303717163
25877,Neutral,0.520470468187281,0.06296754213841702,0.4165619896743019
25878,LOF,0.2342283458630259,0.10358523108706934,0.6621864230499047
25879,LOF,0.08284709795322573,0.10993724229195811,0.8072156597548161
25880,LOF,0.02514729061178665,0.026971270049202856,0.9478814393390106
25881,LOF,0.17381095497302002,0.18549007655472186,0.6406989684722582
25882,LOF,0.07620070541570008,0.021050989643150986,0.902748304941149
25883,LOF,0.07920815244966624,0.0301371089918347,0.8906547385584992
25884,LOF,0.04229976482189767,0.04485249597234179,0.9128477392057606
25885,LOF,0.06502950613349495,0.017872307439647978,0.917098186426857
25886,LOF,0.3128777080453824,0.055552612361577096,0.6315696795930404
25887,LOF,0.17620100278886824,0.10499104923214046,0.7188079479789912
25888,LOF,0.07031037295870758,0.09229341394072264,0.8373962131005698
25889,LOF,0.05334008046658302,0.030702270165492873,0.9159576493679242
25890,LOF,0.0491884050254178,0.11823434813021093,0.8325772468443713
25891,LOF,0.03939785991680637,0.05953695275028766,0.901065187332906
25892,LOF,0.10411066841158619,0.023853682153856116,0.8720356494345577
25893,LOF,0.2770846331708498,0.018362430468617314,0.7045529363605328
25894,LOF,0.1770235472964155,0.009869106039103763,0.8131073466644807
25895,LOF,0.1957543192719997,0.02523426174367346,0.7790114189843269
25896,LOF,0.04996292715738829,0.030567949947186736,0.919469122895425
25897,LOF,0.22647631933201612,0.016991476916613152,0.7565322037513706
25898,Neutral,0.7322743418060296,0.012129403032401453,0.2555962551615689
25899,LOF,0.25766339514834463,0.03606619309956765,0.7062704117520877
25900,LOF,0.43878504218609105,0.017549294777547884,0.5436656630363611
25901,LOF,0.05755654381230923,0.01574100977228721,0.9267024464154036
25902,LOF,0.17312581031753232,0.01343207742442585,0.813442112258042
25903,Neutral,0.49576313038466185,0.03637342273697911,0.4678634468783592
25904,LOF,0.2563192750302124,0.0696458046741046,0.6740349202956831
25905,LOF,0.025924519590484873,0.28618701104255245,0.6878884693669627
25906,LOF,0.023522392289440572,0.06184250296186064,0.9146351047486988
25907,LOF,0.014357288398811596,0.293891533025207,0.6917511785759815
25908,LOF,0.011977539530023429,0.20282509851105682,0.7851973619589198
25909,LOF,0.014105772562990157,0.1309405680648993,0.8549536593721107
25910,LOF,0.0458135754093867,0.10319096972228842,0.850995454868325
25911,LOF,0.1404533666468818,0.03068177689816824,0.82886485645495
25912,LOF,0.04001591557892903,0.04901497840833958,0.9109691060127314
25913,LOF,0.2809920057953003,0.02174612433126676,0.6972618698734329
25914,LOF,0.024774669370620346,0.11686300603241062,0.858362324596969
25915,Neutral,0.43235824523937827,0.2811861254255248,0.28645562933509694
25916,LOF,0.06313387282534233,0.2996070338631126,0.6372590933115451
25917,LOF,0.0698110932625903,0.05967109473857532,0.8705178119988344
25918,LOF,0.034428099651614544,0.06259218564438365,0.9029797147040018
25919,LOF,0.027408525004556723,0.06594216243793151,0.9066493125575118
25920,GOF,0.0732848435698741,0.5108084302393849,0.41590672619074087
25921,LOF,0.03418411814964848,0.020111344854123792,0.9457045369962277
25922,LOF,0.04509257554563701,0.013320427368783978,0.941586997085579
25923,LOF,0.38301471512498847,0.018435719289231697,0.5985495655857798
25924,LOF,0.041492388152911286,0.02486905115913064,0.9336385606879581
25925,LOF,0.06434023148430967,0.026740821400073965,0.9089189471156163
25926,LOF,0.0476182421345258,0.018097549306336974,0.9342842085591373
25927,LOF,0.06950063488863728,0.058088353710033805,0.8724110114013288
25928,LOF,0.024491773835691507,0.027745078637496284,0.9477631475268121
25929,Neutral,0.5252878726737755,0.020011045260094625,0.4547010820661298
25930,LOF,0.05778932493125224,0.01451305968651085,0.9276976153822368
25931,LOF,0.034434541989406486,0.01817943522219641,0.9473860227883971
25932,LOF,0.028399519587933002,0.015538613788219321,0.9560618666238476
25933,LOF,0.038792279262106405,0.009980723451255636,0.951226997286638
25934,LOF,0.024505408125600703,0.01140129359923677,0.9640932982751624
25935,LOF,0.06409544410830427,0.03296733023633615,0.9029372256553596
25936,LOF,0.04789444923701009,0.01440655019791395,0.9376990005650759
25937,LOF,0.029575002285834567,0.023797677676067382,0.9466273200380981
25938,LOF,0.06249823313603494,0.03568074452910473,0.9018210223348603
25939,LOF,0.03991855863898747,0.010075883090011985,0.9500055582710005
25940,LOF,0.029322800689016694,0.3483385538434214,0.6223386454675618
25941,LOF,0.17762875903097972,0.07202649902778145,0.7503447419412388
25942,LOF,0.01741048274360486,0.0374084096289511,0.945181107627444
25943,LOF,0.3154443461355552,0.05311425314139431,0.6314414007230505
25944,LOF,0.46285081817506807,0.027403271422987818,0.5097459104019442
25945,LOF,0.07418203437541336,0.029237766742836457,0.8965801988817501
25946,LOF,0.02631620255741462,0.13115502348466448,0.8425287739579209
25947,LOF,0.12113375400382169,0.17304471187275222,0.7058215341234261
25948,LOF,0.4372971635242496,0.020180146688213878,0.5425226897875366
25949,LOF,0.09895713146467021,0.07771560612702241,0.8233272624083073
25950,GOF,0.29063120802179687,0.3823459963204643,0.32702279565773873
25951,LOF,0.25662593702807385,0.22242193487433826,0.5209521280975878
25952,LOF,0.049114065177278066,0.4374473795476493,0.5134385552750727
25953,LOF,0.1428603454537089,0.1047457757604267,0.7523938787858644
25954,Neutral,0.43932017890154396,0.18161070154007067,0.3790691195583853
25955,LOF,0.068641697969623,0.08102456769058293,0.850333734339794
25956,LOF,0.20834838459245544,0.08367252942252526,0.7079790859850194
25957,LOF,0.04010766041284172,0.028031301597119737,0.9318610379900385
25958,LOF,0.056333264891731585,0.02785237575083732,0.9158143593574312
25959,LOF,0.06985495152202925,0.33486047368296373,0.5952845747950071
25960,LOF,0.02349360214798463,0.05987567579234577,0.9166307220596697
25961,LOF,0.04881616591873603,0.03410376697900172,0.9170800671022623
25962,LOF,0.06462621835832581,0.029468125796890798,0.9059056558447834
25963,LOF,0.0553127448623271,0.15564176190443982,0.789045493233233
25964,LOF,0.03514507835035245,0.136754535844197,0.8281003858054505
25965,LOF,0.43730809804494175,0.07612037041648909,0.4865715315385692
25966,Neutral,0.43258012502961507,0.19205502544123967,0.3753648495291453
25967,LOF,0.013584254786129185,0.07533504431082304,0.9110807009030478
25968,GOF,0.03139069777376977,0.5355983868585292,0.433010915367701
25969,LOF,0.020703063267101602,0.06752210565562485,0.9117748310772734
25970,LOF,0.06081841462046683,0.0640196668112724,0.8751619185682608
25971,LOF,0.07366513386541969,0.019330658654234573,0.9070042074803458
25972,LOF,0.08084900661751213,0.02979533841401721,0.8893556549684707
25973,LOF,0.09667658208907108,0.008185764455441323,0.8951376534554877
25974,LOF,0.22582802495124737,0.021994303713681367,0.7521776713350714
25975,LOF,0.05082355812138489,0.03153866005426603,0.9176377818243491
25976,LOF,0.04803427133188386,0.017773026577520293,0.9341927020905959
25977,LOF,0.15086876724858655,0.08886276290495507,0.7602684698464585
25978,LOF,0.11397956405908262,0.07471039379434026,0.811310042146577
25979,LOF,0.1125561092507626,0.06816951896624282,0.8192743717829946
25980,LOF,0.13529570923431555,0.09949120133379616,0.7652130894318881
25981,LOF,0.1673290832596638,0.09655279977190802,0.7361181169684282
25982,LOF,0.3611363759799874,0.05766185502545066,0.581201768994562
25983,LOF,0.34333198695401757,0.056985914957964005,0.5996820980880185
25984,LOF,0.0483021819151045,0.0752642667613781,0.8764335513235175
25985,LOF,0.023784283327332418,0.2801806553948555,0.6960350612778121
25986,LOF,0.03189493153165252,0.30040787157858023,0.6676971968897673
25987,LOF,0.0753429287997606,0.09263368859528694,0.8320233826049526
25988,LOF,0.11943489230025367,0.07281818252777958,0.8077469251719668
25989,LOF,0.028450814519184495,0.14659725256019734,0.8249519329206182
25990,LOF,0.03359256064208004,0.1733128665241187,0.7930945728338012
25991,LOF,0.1908190426581804,0.38641155056805526,0.4227694067737643
25992,LOF,0.3445517506019101,0.2583369173564526,0.3971113320416372
25993,LOF,0.025101554532907765,0.08262358988033403,0.8922748555867582
25994,LOF,0.017525893627055856,0.12309822101097091,0.8593758853619732
25995,LOF,0.025831023859183188,0.22083448692796007,0.7533344892128568
25996,GOF,0.2236040245615917,0.613730223567434,0.16266575187097435
25997,GOF,0.09028861197729288,0.5951554783403771,0.3145559096823301
25998,Neutral,0.5646558445382049,0.014097443282221931,0.42124671217957305
25999,LOF,0.1218727759788555,0.15726233876886167,0.7208648852522829
26000,LOF,0.1713577762565127,0.03600909372837138,0.7926331300151159
26001,LOF,0.18878991792149044,0.0442099256590355,0.7670001564194742
26002,LOF,0.1624274494543418,0.03907387293201155,0.7984986776136468
26003,GOF,0.008324117103762317,0.6699897426853656,0.3216861402108721
26004,GOF,0.021179612985858996,0.7222246270371777,0.2565957599769632
26005,GOF,0.00814478942495849,0.5353424761209996,0.45651273445404184
26006,Neutral,0.48760423665881525,0.2993742512870708,0.2130215120541138
26007,GOF,0.015328614135828388,0.5670198358143651,0.41765155004980653
26008,GOF,0.01556691840714186,0.6273529865493747,0.3570800950434835
26009,GOF,0.021972322157577513,0.6559693693323696,0.32205830851005285
26010,GOF,0.02237830719822505,0.6874544850088001,0.2901672077929748
26011,GOF,0.006831792164124046,0.525083581322487,0.468084626513389
26012,GOF,0.01367555556267631,0.6041643402442153,0.3821601041931083
26013,GOF,0.015023718484920151,0.6732983348002379,0.31167794671484184
26014,LOF,0.050965140005467535,0.18292183225710848,0.766113027737424
26015,LOF,0.2148952335786335,0.01634016410005376,0.7687646023213128
26016,LOF,0.22668921649880558,0.06761384142549705,0.7056969420756973
26017,LOF,0.18385654259882558,0.10757334976619254,0.708570107634982
26018,LOF,0.08735122922166545,0.07004004994560312,0.8426087208327314
26019,LOF,0.08121175393716687,0.049451070682419995,0.8693371753804131
26020,LOF,0.054661703571694364,0.1518937077179849,0.7934445887103208
26021,LOF,0.0444173296178799,0.16460789021167377,0.7909747801704464
26022,LOF,0.011953048993269846,0.0784312985051348,0.9096156525015953
26023,LOF,0.11147324174617143,0.04983617885687706,0.8386905793969515
26024,LOF,0.02897256299334951,0.14006322787976108,0.8309642091268895
26025,LOF,0.15419285995207752,0.1414608414931639,0.7043462985547587
26026,LOF,0.29934313385013633,0.03342837449827012,0.6672284916515936
26027,LOF,0.08494875115065816,0.03636801030881771,0.8786832385405241
26028,LOF,0.17260814982858974,0.0836606935493215,0.7437311566220888
26029,LOF,0.07522959057038918,0.1471426968250889,0.7776277126045219
26030,LOF,0.02665264779925668,0.05684906100449152,0.9164982911962518
26031,LOF,0.030351027004310274,0.11711474996773026,0.8525342230279596
26032,LOF,0.07537453779954423,0.06081197729881938,0.8638134849016365
26033,LOF,0.11773506524535668,0.07051958862671452,0.8117453461279288
26034,LOF,0.04554739112255716,0.13115263642108,0.8232999724563629
26035,LOF,0.032089077372079715,0.11169329429330839,0.856217628334612
26036,LOF,0.0448566560052576,0.13462657318789192,0.8205167708068506
26037,LOF,0.026966331254452826,0.0970751616217659,0.8759585071237813
26038,LOF,0.07226660307679125,0.06029098941497994,0.8674424075082287
26039,LOF,0.06924980372121103,0.11630955625203407,0.8144406400267549
26040,LOF,0.21279109647014524,0.11024561727866632,0.6769632862511884
26041,LOF,0.02789653877179396,0.0864433195045685,0.8856601417236376
26042,LOF,0.02691226190187085,0.08415678170517567,0.8889309563929535
26043,LOF,0.07067213822991653,0.07497334032267682,0.8543545214474066
26044,LOF,0.02304527885817515,0.07163957432513646,0.9053151468166883
26045,LOF,0.08731192044785921,0.08688908512251964,0.8257989944296211
26046,LOF,0.07483864254843066,0.07651160722575964,0.8486497502258098
26047,LOF,0.10653579791778633,0.08654161361253276,0.806922588469681
26048,LOF,0.049784200158688625,0.06028962211166594,0.8899261777296456
26049,Neutral,0.9523870156489864,0.007891028532271152,0.0397219558187425
26050,Neutral,0.9320728727536141,0.009246847700867455,0.05868027954551853
26051,LOF,0.0507870186644789,0.3495227515123235,0.5996902298231976
26052,LOF,0.07483153791942103,0.3488177947394444,0.5763506673411345
26053,LOF,0.05355968867037692,0.16681643832515972,0.7796238730044632
26054,LOF,0.06092991224232659,0.037228109898147135,0.9018419778595262
26055,LOF,0.07649850234229098,0.024964058267068764,0.8985374393906403
26056,LOF,0.06483348493750482,0.032082021128107964,0.9030844939343873
26057,LOF,0.03191712987701182,0.015004690489636199,0.953078179633352
26058,LOF,0.03253028730046895,0.013255432691939972,0.9542142800075911
26059,LOF,0.27691149845984053,0.04451555955936545,0.678572941980794
26060,LOF,0.028721194694605625,0.24035698478852333,0.730921820516871
26061,LOF,0.01946566287465028,0.01655521725498006,0.9639791198703697
26062,LOF,0.011883252517368392,0.026273271668568063,0.9618434758140635
26063,LOF,0.02181713194694926,0.017286449866372827,0.960896418186678
26064,LOF,0.027339571710993323,0.024100255491152713,0.948560172797854
26065,LOF,0.025877175746971886,0.017939430122019782,0.9561833941310083
26066,LOF,0.02109211704066419,0.01671473815679148,0.9621931448025443
26067,LOF,0.026717942587682827,0.011134410227031249,0.962147647185286
26068,LOF,0.04734357528455528,0.05474108513046172,0.897915339584983
26069,LOF,0.2735261239926458,0.03571032995646188,0.6907635460508923
26070,LOF,0.406208652290893,0.0231024888560846,0.5706888588530223
26071,LOF,0.022792810612798007,0.01773496858848875,0.9594722207987132
26072,LOF,0.023955857650096852,0.024218430638503503,0.9518257117113997
26073,LOF,0.02411032538097104,0.016936304786701908,0.9589533698323272
26074,Neutral,0.9062881417638319,0.007699491635865007,0.08601236660030301
26075,LOF,0.044640456853367434,0.02234002619828076,0.9330195169483518
26076,LOF,0.045643414679517144,0.012104120610784778,0.942252464709698
26077,LOF,0.009699981075220781,0.02397517721771888,0.9663248417070603
26078,LOF,0.01623237360123417,0.01681756515872359,0.9669500612400421
26079,LOF,0.05763294212805196,0.02922389404306006,0.913143163828888
26080,LOF,0.055962125327538324,0.029334556034406937,0.9147033186380548
26081,LOF,0.03718252205744892,0.0102345028656757,0.9525829750768753
26082,LOF,0.019104199610457995,0.02531673238883979,0.9555790680007021
26083,LOF,0.13679816455626137,0.020320460351994925,0.8428813750917437
26084,LOF,0.02746294529117493,0.01897718568757041,0.9535598690212547
26085,LOF,0.0226741634879837,0.01812477942610835,0.9592010570859081
26086,LOF,0.026452787129183118,0.015899049204396963,0.9576481636664199
26087,LOF,0.025125810545480454,0.011036459754029308,0.9638377297004903
26088,LOF,0.016917856342759323,0.03091571412074946,0.9521664295364913
26089,LOF,0.047308465487578735,0.037204457417188114,0.915487077095233
26090,LOF,0.04647497564860124,0.029764357258091487,0.9237606670933073
26091,LOF,0.041388013266088784,0.009616597238835706,0.9489953894950754
26092,LOF,0.02658534021682255,0.012413879763583543,0.961000780019594
26093,LOF,0.03767271272226641,0.009235246563304845,0.9530920407144287
26094,LOF,0.04079271417374934,0.010094041871117622,0.9491132439551331
26095,LOF,0.0547587780669787,0.02286192578366191,0.9223792961493593
26096,LOF,0.02067226511562771,0.01983471531304143,0.9594930195713308
26097,LOF,0.01027041037935767,0.060209496725110404,0.929520092895532
26098,LOF,0.07913842150425421,0.021357684040438543,0.8995038944553073
26099,LOF,0.024032618473928208,0.021341536791922917,0.954625844734149
26100,LOF,0.025531105593995015,0.019833236933488825,0.9546356574725161
26101,LOF,0.060684420033868314,0.021389917608990363,0.9179256623571415
26102,LOF,0.02617209621285644,0.02020085139640992,0.9536270523907336
26103,Neutral,0.886858940113382,0.03324709142696722,0.07989396845965079
26104,LOF,0.06764006424215414,0.05289538240836934,0.8794645533494766
26105,LOF,0.2386049379371196,0.2291088763688709,0.5322861856940094
26106,LOF,0.16190628310098285,0.13231368959430256,0.7057800273047146
26107,LOF,0.24587116181540902,0.08492435834533672,0.6692044798392542
26108,LOF,0.24480486284296138,0.12703234183618903,0.6281627953208495
26109,LOF,0.08720233327528519,0.13789574181616368,0.7749019249085511
26110,LOF,0.24925274660313798,0.00852767005152203,0.74221958334534
26111,LOF,0.460836420330139,0.020500625568745524,0.5186629541011154
26112,LOF,0.03361778463001775,0.008473460295985,0.9579087550739973
26113,LOF,0.04998711806993856,0.01827139146907013,0.9317414904609913
26114,LOF,0.020511834151176817,0.015653655756239594,0.9638345100925835
26115,LOF,0.08014645851008512,0.03446736318940893,0.8853861783005058
26116,LOF,0.056327543533906156,0.026473118713301082,0.9171993377527928
26117,LOF,0.4050932165312334,0.05664715373244432,0.5382596297363222
26118,LOF,0.040657838877626806,0.02865774943017609,0.9306844116921971
26119,LOF,0.024578374932673005,0.04101979876360169,0.9344018263037254
26120,LOF,0.0287707122552319,0.023520235320180796,0.9477090524245873
26121,LOF,0.059374078195371625,0.08825365752975721,0.8523722642748712
26122,LOF,0.05241832434862451,0.042188704549492445,0.905392971101883
