feature0,prediction,LoGoFunc_Neutral,LoGoFunc_GOF,LoGoFunc_LOF
25546,Neutral,0.6198492004727882,0.1053758583735412,0.2747749411536706
25547,Neutral,0.5035105601921188,0.1534302916836775,0.3430591481242037
25548,LOF,0.3584356801921803,0.1769276818220322,0.46463663798578747
25549,LOF,0.3490471655421562,0.1692126902299217,0.4817401442279221
25550,LOF,0.39253246570503675,0.11624487305642041,0.49122266123854286
25551,LOF,0.31525128743799496,0.13345880091786194,0.5512899116441432
25552,LOF,0.23994112944175539,0.1614931196358161,0.5985657509224285
25553,Neutral,0.8085110464801767,0.05574284164094462,0.13574611187887864
25554,LOF,0.3127014378441648,0.11539187423806054,0.5719066879177747
25555,LOF,0.22409156941521338,0.14082711679075746,0.6350813137940292
25556,LOF,0.3883747450175618,0.07344955302596218,0.5381757019564761
25557,LOF,0.23104518312550446,0.14566846670925107,0.6232863501652445
25558,LOF,0.3086068433177939,0.13502285689570512,0.5563702997865009
25559,LOF,0.2614556754930548,0.07279387682610013,0.6657504476808452
25560,LOF,0.03055792437227825,0.38504280584121336,0.5843992697865084
25561,LOF,0.03163528298821716,0.34989404153645726,0.6184706754753255
25562,LOF,0.02788914690220358,0.22450486651293677,0.7476059865848597
25563,LOF,0.011200950510221241,0.18862886995287498,0.8001701795369037
25564,LOF,0.06605088330065939,0.06090171693464676,0.8730473997646938
25565,LOF,0.3311238201598941,0.1717178527671086,0.4971583270729973
25566,GOF,0.039671769372518796,0.6829658915380572,0.277362339089424
25567,LOF,0.04916631980253278,0.02005186821938942,0.9307818119780779
25568,LOF,0.041361630240544095,0.03047921819078817,0.9281591515686677
25569,LOF,0.06367751764906,0.02251263160324669,0.9138098507476934
25570,LOF,0.07604297457151687,0.033600443770972516,0.8903565816575105
25571,LOF,0.07604297457151687,0.033600443770972516,0.8903565816575105
25572,LOF,0.09406538742657532,0.021451450669850252,0.8844831619035745
25573,LOF,0.11351014535000671,0.058564952639207024,0.8279249020107863
25574,LOF,0.2740067950460301,0.16834561481768953,0.5576475901362803
25575,LOF,0.07604297457151687,0.033600443770972516,0.8903565816575105
25576,LOF,0.03879930161324052,0.030751838617754313,0.9304488597690053
25577,LOF,0.04560113249801089,0.020520498619940833,0.9338783688820483
25578,LOF,0.2104203743228121,0.05685874709822623,0.7327208785789617
25579,LOF,0.20574477725509327,0.05310621089532066,0.741149011849586
25580,LOF,0.07604297457151687,0.033600443770972516,0.8903565816575105
25581,LOF,0.044266985926221566,0.03491485883239947,0.920818155241379
25582,LOF,0.044266985926221566,0.03491485883239947,0.920818155241379
25583,LOF,0.07604297457151687,0.033600443770972516,0.8903565816575105
25584,Neutral,0.6982243296608293,0.00999436912881801,0.2917813012103528
25585,LOF,0.051647704647262274,0.031920158573708654,0.9164321367790291
25586,LOF,0.07604297457151687,0.033600443770972516,0.8903565816575105
25587,LOF,0.07604297457151687,0.033600443770972516,0.8903565816575105
25588,LOF,0.07604297457151687,0.033600443770972516,0.8903565816575105
25589,Neutral,0.7199907293766921,0.047312185718385344,0.23269708490492266
25590,LOF,0.10149332250493279,0.027726442194738278,0.870780235300329
25591,LOF,0.24120336473021178,0.014243109462666544,0.7445535258071218
25592,LOF,0.3443577461670886,0.0632262411582121,0.5924160126746993
25593,LOF,0.26493030327869665,0.11958145569329359,0.6154882410280098
25594,LOF,0.030001001480909558,0.09346809106610966,0.8765309074529808
25595,LOF,0.03534570574737878,0.04743779742793861,0.9172164968246825
25596,LOF,0.13149373942697368,0.02423924238780672,0.8442670181852197
25597,LOF,0.1338750396424467,0.015116157373448218,0.8510088029841051
25598,LOF,0.031616399191691846,0.05805540800212309,0.910328192806185
25599,GOF,0.02280601830136876,0.4987145231614404,0.4784794585371908
25600,GOF,0.09468118784386192,0.5726092112693216,0.33270960088681645
25601,GOF,0.04034232361916202,0.5536554440603821,0.4060022323204559
25602,LOF,0.08828067819468355,0.02842778878658688,0.8832915330187296
25603,LOF,0.08452830061715941,0.05152141307299997,0.8639502863098407
25604,LOF,0.08023385776693903,0.14914754817183076,0.7706185940612302
25605,LOF,0.1773683102480487,0.11140539668367631,0.711226293068275
25606,Neutral,0.5666066637725058,0.05606925203722105,0.3773240841902732
25607,LOF,0.051708373882718726,0.1244130888433549,0.8238785372739263
25608,LOF,0.03564728722721846,0.2239433014741171,0.7404094112986644
25609,GOF,0.09680418399376345,0.7168656771979575,0.1863301388082791
25610,LOF,0.04363726640350321,0.16092498179884368,0.7954377517976532
25611,LOF,0.04363726640350321,0.16092498179884368,0.7954377517976532
25612,LOF,0.030415653114472276,0.07639416169560541,0.8931901851899222
25613,LOF,0.03716480672976707,0.07809267279375164,0.8847425204764814
25614,LOF,0.04363726640350321,0.16092498179884368,0.7954377517976532
25615,LOF,0.05468764329887041,0.13820976467013057,0.807102592030999
25616,LOF,0.04363726640350321,0.16092498179884368,0.7954377517976532
25617,LOF,0.04363726640350321,0.16092498179884368,0.7954377517976532
25618,LOF,0.11485543726147014,0.3835440483399915,0.5016005143985383
25619,LOF,0.04363726640350321,0.16092498179884368,0.7954377517976532
25620,LOF,0.04363726640350321,0.16092498179884368,0.7954377517976532
25621,LOF,0.0766029890101571,0.11503053075843057,0.8083664802314123
25622,LOF,0.07493711886705026,0.11210278323046377,0.8129600979024859
25623,LOF,0.08946803979570721,0.0744291039855595,0.8361028562187334
25624,LOF,0.04363726640350321,0.16092498179884368,0.7954377517976532
25625,LOF,0.07981114837247985,0.05646678169631961,0.8637220699312006
25626,LOF,0.028416804572109017,0.06501433394337225,0.9065688614845187
25627,Neutral,0.8304745846200482,0.0664181929280966,0.10310722245185529
25628,LOF,0.11685654624172197,0.20355230733017213,0.6795911464281059
25629,LOF,0.03132584777521939,0.15975715076074623,0.8089170014640344
25630,LOF,0.29408972844181275,0.14529165701107738,0.5606186145471099
25631,LOF,0.2967171868815105,0.1873123345060594,0.5159704786124301
25632,LOF,0.028607868295674004,0.0818074950800029,0.8895846366243231
25633,LOF,0.05797620219209695,0.07261926545792305,0.8694045323499799
25634,LOF,0.04661007627284958,0.028362827693563044,0.9250270960335873
25635,LOF,0.05797620219209695,0.07261926545792305,0.8694045323499799
25636,GOF,0.02227997142545501,0.7074618381220883,0.2702581904524566
25637,GOF,0.015001103413034102,0.7030031588533169,0.281995737733649
25638,GOF,0.00972145264447326,0.6733160422917285,0.3169625050637983
25639,GOF,0.02265255196510001,0.5863232237471723,0.3910242242877276
25640,Neutral,0.7443143198193061,0.20369643390141437,0.05198924627927948
25641,GOF,0.04071923217888715,0.746185627122804,0.21309514069830887
25642,GOF,0.05746449830561653,0.4742892588234952,0.4682462428708883
25643,LOF,0.24957228864211461,0.3575679220798541,0.3928597892780314
25644,LOF,0.01811901132366952,0.3369597578057122,0.6449212308706184
25645,LOF,0.013452849813806862,0.4461879144358268,0.5403592357503664
25646,GOF,0.025052662554471,0.4998056693331543,0.4751416681123747
25647,LOF,0.014704744334708862,0.2763723866045225,0.7089228690607686
25648,LOF,0.02193357023126738,0.2449991045010023,0.7330673252677302
25649,LOF,0.012752268331864863,0.1508864427401269,0.8363612889280083
25650,LOF,0.06336301633586607,0.2999732100756678,0.6366637735884662
25651,LOF,0.016657570414658877,0.26698673155215524,0.7163556980331859
25652,LOF,0.012434549638623291,0.38569350664020474,0.6018719437211719
25653,LOF,0.03974927686888132,0.38262560101351484,0.5776251221176039
25654,LOF,0.010746587785277338,0.39991741811803166,0.589335994096691
25655,GOF,0.08373381282445831,0.5742399810087507,0.3420262061667909
25656,GOF,0.20241269479655546,0.4733368528427955,0.32425045236064903
25657,LOF,0.042767710713498934,0.39745767039500907,0.5597746188914919
25658,GOF,0.07548470644174093,0.5233077309083207,0.40120756264993845
25659,GOF,0.4266024315106039,0.4607144498330481,0.11268311865634799
25660,LOF,0.0383760541940066,0.17460740038916914,0.7870165454168242
25661,LOF,0.0383760541940066,0.17460740038916914,0.7870165454168242
25662,LOF,0.0383760541940066,0.17460740038916914,0.7870165454168242
25663,LOF,0.0383760541940066,0.17460740038916914,0.7870165454168242
25664,LOF,0.07239012671314334,0.1212146423265881,0.8063952309602684
25665,LOF,0.03160820916212709,0.06455848204792745,0.9038333087899455
25666,LOF,0.06912964969059149,0.12880507334868868,0.8020652769607198
25667,LOF,0.0383760541940066,0.17460740038916914,0.7870165454168242
25668,LOF,0.0383760541940066,0.17460740038916914,0.7870165454168242
25669,LOF,0.0383760541940066,0.17460740038916914,0.7870165454168242
25670,LOF,0.08183141515835511,0.1131124246791907,0.8050561601624542
25671,LOF,0.0383760541940066,0.17460740038916914,0.7870165454168242
25672,LOF,0.02137210256657877,0.1071926740174573,0.8714352234159639
25673,LOF,0.0665027817984387,0.0838466437896043,0.8496505744119569
25674,LOF,0.06014292183815489,0.09236656137447338,0.8474905167873718
25675,LOF,0.06399099083492395,0.0810339610041064,0.8549750481609696
25676,LOF,0.0383760541940066,0.17460740038916914,0.7870165454168242
25677,LOF,0.0383760541940066,0.17460740038916914,0.7870165454168242
25678,LOF,0.08151000581603726,0.06669412062471637,0.8517958735592464
25679,LOF,0.11381806671020611,0.07395822729003959,0.8122237059997542
25680,LOF,0.0383760541940066,0.17460740038916914,0.7870165454168242
25681,LOF,0.0383760541940066,0.17460740038916914,0.7870165454168242
25682,LOF,0.0383760541940066,0.17460740038916914,0.7870165454168242
25683,LOF,0.09029187054081551,0.06134489891119189,0.8483632305479926
25684,LOF,0.0383760541940066,0.17460740038916914,0.7870165454168242
25685,LOF,0.04114325216381328,0.39160945993103397,0.5672472879051528
25686,GOF,0.02400916419918899,0.5047674226946358,0.47122341310617516
25687,GOF,0.02556205750602182,0.792335539740882,0.1821024027530961
25688,LOF,0.404164218886008,0.07358636894476218,0.5222494121692298
25689,LOF,0.18840626964451077,0.07334589001821024,0.7382478403372791
25690,LOF,0.2568342420984483,0.07076144085810383,0.6724043170434479
25691,Neutral,0.6812538804306874,0.03958764230504517,0.27915847726426746
25692,LOF,0.1933765272932821,0.013724979311484935,0.792898493395233
25693,GOF,0.10006485459635511,0.619572538072179,0.2803626073314659
25694,LOF,0.13486091664373606,0.028926198488419486,0.8362128848678444
25695,LOF,0.10449850320242066,0.0371053082820167,0.8583961885155628
25696,LOF,0.10360115238995468,0.04394740266252102,0.8524514449475243
25697,LOF,0.08533513314538219,0.15564872905770416,0.7590161377969137
25698,GOF,0.1384233557426283,0.4675794599548404,0.39399718430253144
25699,LOF,0.22206080348340065,0.341905692748374,0.43603350376822525
25700,LOF,0.05915164913835033,0.07033250596887834,0.8705158448927713
25701,LOF,0.1892411035257528,0.2797399300359893,0.531018966438258
25702,GOF,0.15603347103940268,0.7414406280739353,0.10252590088666202
25703,LOF,0.026603629646850924,0.40810407339456556,0.5652922969585835
25704,LOF,0.029627400655033845,0.434991695454457,0.5353809038905092
25705,LOF,0.026264862391342476,0.40254964973672813,0.5711854878719295
25706,GOF,0.09470290908377155,0.596643649816715,0.30865344109951337
25707,GOF,0.10545291700096036,0.5241354415699845,0.3704116414290552
25708,LOF,0.04056338858419794,0.402408125922729,0.557028485493073
25709,LOF,0.026264862391342476,0.40254964973672813,0.5711854878719295
25710,LOF,0.01595882224137203,0.20765169791754215,0.7763894798410859
25711,LOF,0.026264862391342476,0.40254964973672813,0.5711854878719295
25712,LOF,0.018404277318949693,0.2315190772163277,0.7500766454647226
25713,LOF,0.026264862391342476,0.40254964973672813,0.5711854878719295
25714,LOF,0.026264862391342476,0.40254964973672813,0.5711854878719295
25715,LOF,0.026264862391342476,0.40254964973672813,0.5711854878719295
25716,LOF,0.014388754853906508,0.15935484874538186,0.8262563964007117
25717,LOF,0.015606612157971841,0.1870719605389038,0.7973214273031244
25718,LOF,0.026264862391342476,0.40254964973672813,0.5711854878719295
25719,LOF,0.026264862391342476,0.40254964973672813,0.5711854878719295
25720,LOF,0.026264862391342476,0.40254964973672813,0.5711854878719295
25721,LOF,0.026264862391342476,0.40254964973672813,0.5711854878719295
25722,LOF,0.026264862391342476,0.40254964973672813,0.5711854878719295
25723,LOF,0.026264862391342476,0.40254964973672813,0.5711854878719295
25724,LOF,0.09967120874853554,0.3794232382100899,0.5209055530413745
25725,LOF,0.026264862391342476,0.40254964973672813,0.5711854878719295
25726,LOF,0.026264862391342476,0.40254964973672813,0.5711854878719295
25727,LOF,0.026264862391342476,0.40254964973672813,0.5711854878719295
25728,LOF,0.026264862391342476,0.40254964973672813,0.5711854878719295
25729,LOF,0.026264862391342476,0.40254964973672813,0.5711854878719295
25730,LOF,0.026264862391342476,0.40254964973672813,0.5711854878719295
25731,LOF,0.01344302192583253,0.3496092568838614,0.6369477211903061
25732,LOF,0.026264862391342476,0.40254964973672813,0.5711854878719295
25733,LOF,0.026264862391342476,0.40254964973672813,0.5711854878719295
25734,LOF,0.01866233862717971,0.19114466686346854,0.7901929945093519
25735,LOF,0.026264862391342476,0.40254964973672813,0.5711854878719295
25736,LOF,0.026264862391342476,0.40254964973672813,0.5711854878719295
25737,LOF,0.026264862391342476,0.40254964973672813,0.5711854878719295
25738,LOF,0.026264862391342476,0.40254964973672813,0.5711854878719295
25739,LOF,0.026264862391342476,0.40254964973672813,0.5711854878719295
25740,LOF,0.026264862391342476,0.40254964973672813,0.5711854878719295
25741,LOF,0.026264862391342476,0.40254964973672813,0.5711854878719295
25742,LOF,0.026264862391342476,0.40254964973672813,0.5711854878719295
25743,LOF,0.027581866004731035,0.0945601021914362,0.8778580318038327
25744,Neutral,0.5926100578655399,0.1660679773512125,0.2413219647832475
25745,LOF,0.03502000970565789,0.18295037617589183,0.7820296141184503
25746,LOF,0.026161900272492933,0.17000276606464207,0.8038353336628649
25747,LOF,0.03773908562364277,0.20642243334045957,0.7558384810358977
25748,LOF,0.10991087600372854,0.2919342185704733,0.5981549054257982
25749,LOF,0.02117194950382796,0.28146005867996804,0.6973679918162039
25750,LOF,0.02421815547908788,0.20113857303212615,0.774643271488786
25751,LOF,0.03773908562364277,0.20642243334045957,0.7558384810358977
25752,GOF,0.0512830226011428,0.8527356422789182,0.095981335119939
25753,GOF,0.017686693491448278,0.5271552229239952,0.45515808358455645
25754,GOF,0.02057924171701495,0.8696188583830516,0.10980189989993336
25755,LOF,0.02476089022130274,0.4162892360385691,0.5589498737401282
25756,GOF,0.02633167875709079,0.5798816216205448,0.39378669962236457
25757,GOF,0.017640873340206406,0.8682724407751401,0.11408668588465355
25758,GOF,0.027493389535288786,0.8118371348953841,0.16066947556932704
25759,GOF,0.017771885961893524,0.7299498033089002,0.2522783107292062
25760,LOF,0.022016115183482586,0.4362661583839591,0.5417177264325583
25761,GOF,0.279042284956691,0.6260614214840405,0.09489629355926847
25762,LOF,0.02799491001641199,0.4708704968721695,0.5011345931114185
25763,LOF,0.019769885506467806,0.43649466456959296,0.5437354499239393
25764,GOF,0.05533213351783966,0.8611787315898423,0.08348913489231817
25765,GOF,0.021350494890587476,0.8272835173376653,0.1513659877717474
25766,GOF,0.06125111569832743,0.8151551436368681,0.12359374066480443
25767,GOF,0.08895879774736928,0.7592421589249714,0.15179904332765926
25768,LOF,0.03713841915299569,0.29193437755749396,0.6709272032895104
25769,LOF,0.03597291778158137,0.2875385886288079,0.6764884935896107
25770,LOF,0.26409493473498424,0.18529594435836785,0.5506091209066478
25771,LOF,0.05870092401830631,0.13759503557214844,0.8037040404095452
25772,LOF,0.03597291778158137,0.2875385886288079,0.6764884935896107
25773,LOF,0.05461132292656729,0.13778256273984513,0.8076061143335875
25774,LOF,0.016953338827514743,0.17009424912607343,0.8129524120464118
25775,LOF,0.07164126969443835,0.09958526476505175,0.8287734655405098
25776,LOF,0.03597291778158137,0.2875385886288079,0.6764884935896107
25777,LOF,0.2752225880423105,0.1163092298108264,0.6084681821468632
25778,LOF,0.03597291778158137,0.2875385886288079,0.6764884935896107
25779,GOF,0.41385703045169925,0.4304610285848885,0.1556819409634122
25780,Neutral,0.4867072320799644,0.3925471759313962,0.12074559198863948
25781,GOF,0.28242571920110326,0.5521698134612738,0.16540446733762304
25782,GOF,0.22104131154597373,0.5701892122113492,0.20876947624267708
25783,LOF,0.03114983549435607,0.4211892765433308,0.5476608879623132
25784,Neutral,0.6783894553973375,0.23915592893575255,0.08245461566691004
25785,Neutral,0.6639901990056513,0.17542874762272825,0.16058105337162054
25786,GOF,0.023794637748020347,0.6902352103283879,0.2859701519235918
25787,Neutral,0.8678113072122526,0.07842399605258661,0.05376469673516067
25788,LOF,0.038108169867609024,0.10646525070558467,0.8554265794268063
25789,GOF,0.148948738455942,0.6884255049967222,0.1626257565473358
25790,GOF,0.20100865856833888,0.611143720321041,0.1878476211106201
25791,GOF,0.1242492198551825,0.5456777185913847,0.3300730615534328
25792,GOF,0.37882401233721696,0.41709096597965667,0.2040850216831263
25793,GOF,0.3985004529218809,0.4558150410204561,0.14568450605766298
25794,GOF,0.21651416886396324,0.5875150355994027,0.19597079553663413
25795,GOF,0.055126875426897724,0.7734298229935799,0.17144330157952242
25796,Neutral,0.5451521386930345,0.23688428734288094,0.21796357396408453
25797,GOF,0.08167652395996632,0.4728618853983708,0.44546159064166296
25798,LOF,0.014490800754882818,0.489583784645232,0.49592541459988515
25799,LOF,0.015602224794113917,0.44411392389118304,0.540283851314703
25800,GOF,0.06921239681608471,0.6349346058717144,0.29585299731220105
25801,GOF,0.28088816088899354,0.5707955332821579,0.14831630582884864
25802,GOF,0.08203709778676345,0.6704773008204803,0.24748560139275627
25803,GOF,0.09859424311308101,0.5925757227813266,0.3088300341055925
25804,GOF,0.048697375599774315,0.5006082202533467,0.4506944041468789
25805,GOF,0.09979520990752896,0.7245517596904094,0.17565303040206168
25806,GOF,0.14138766541165984,0.5898354611618667,0.2687768734264735
25807,GOF,0.01896272935900282,0.6100193131541846,0.37101795748681254
25808,GOF,0.07552774011519636,0.709176085382648,0.21529617450215563
25809,GOF,0.0163736269650865,0.4925245909885276,0.4911017820463859
25810,GOF,0.01911370410248604,0.5844014545120382,0.39648484138547574
25811,Neutral,0.5393128974975877,0.34456918645062606,0.11611791605178615
25812,GOF,0.057694756937503894,0.4996657454087275,0.44263949765376853
25813,Neutral,0.6832290917715029,0.1985706153219895,0.11820029290650758
25814,GOF,0.15203671117742365,0.6616431651496693,0.18632012367290707
25815,GOF,0.27834396022158514,0.5762370783330595,0.14541896144535535
25816,GOF,0.026536724290401013,0.7732251619027379,0.2002381138068611
25817,GOF,0.13984467309233936,0.6933733697666397,0.16678195714102087
25818,GOF,0.06414952994467171,0.5349780501073277,0.4008724199480006
25819,GOF,0.36171705471030724,0.4412809012310659,0.19700204405862684
25820,GOF,0.20503925247813862,0.46068110154542313,0.3342796459764382
25821,GOF,0.0536156693285589,0.605433232029264,0.3409510986421771
25822,GOF,0.2901725863520416,0.5149946111733023,0.19483280247465617
25823,GOF,0.04655001738247606,0.5698806348551985,0.38356934776232543
25824,LOF,0.09840023443122592,0.414794478677302,0.4868052868914721
25825,LOF,0.03505337868384987,0.398170901650095,0.5667757196660551
25826,GOF,0.011380764749111196,0.5044577111462735,0.4841615241046153
25827,GOF,0.018858364784174304,0.68976699884738,0.2913746363684456
25828,GOF,0.014580532822938514,0.5888991201940679,0.39652034698299377
25829,LOF,0.01025842865796559,0.3912202968393992,0.5985212745026353
25830,LOF,0.09334746855656378,0.3123911026951495,0.5942614287482867
25831,GOF,0.1213806190343052,0.7750506011048262,0.10356877986086856
25832,GOF,0.0393785503284947,0.6877565231505122,0.27286492652099315
25833,GOF,0.14419553771463867,0.6746421186945635,0.18116234359079786
25834,GOF,0.057071129760606416,0.6755585115324749,0.26737035870691883
25835,GOF,0.15655025883906767,0.6580765813187321,0.18537315984220015
25836,GOF,0.06616191376199389,0.6691016273028758,0.2647364589351302
25837,GOF,0.03196177926225831,0.5689035074390746,0.39913471329866707
25838,GOF,0.13817387142810178,0.6587998176902976,0.2030263108816007
25839,GOF,0.41169534407778313,0.4624194183058509,0.12588523761636594
25840,GOF,0.14924785458036052,0.6909703624192534,0.159781783000386
25841,GOF,0.1732098940877493,0.652966223710059,0.1738238822021917
25842,Neutral,0.41483016848407306,0.3910735676356189,0.19409626388030798
25843,GOF,0.3083810310190273,0.5150852738638695,0.17653369511710318
25844,GOF,0.111676248286914,0.4617024217251524,0.4266213299879337
25845,GOF,0.025292615676721034,0.5139009898607996,0.46080639446247934
25846,GOF,0.08068081041932311,0.7700000934257208,0.14931909615495598
25847,GOF,0.22803340569685795,0.6348462848291404,0.13712030947400156
25848,GOF,0.08777354075759984,0.6938505576878828,0.21837590155451736
25849,GOF,0.015088450551340359,0.5912486452616652,0.39366290418699446
25850,GOF,0.02637173866832806,0.7226748117605504,0.25095344957112165
25851,GOF,0.017851718254226642,0.5656190549903388,0.41652922675543447
25852,GOF,0.20534865598181132,0.6465957379124855,0.1480556061057032
25853,GOF,0.3476671385788886,0.45734301775875297,0.19498984366235853
25854,GOF,0.01585291871794608,0.5435280830241539,0.44061899825789996
25855,LOF,0.048441392551731875,0.3175548605805829,0.6340037468676853
25856,GOF,0.36533469445105576,0.36682289778560884,0.2678424077633355
25857,GOF,0.04914509373668995,0.5411009815476605,0.4097539247156494
25858,GOF,0.030760991666526998,0.6823516471188689,0.286887361214604
25859,GOF,0.013251590744321305,0.5389575864958512,0.4477908227598274
25860,GOF,0.4253416091955754,0.45037527951473805,0.12428311128968664
25861,GOF,0.24722395227083593,0.6538422426960762,0.09893380503308788
25862,GOF,0.1737104262231844,0.6281343751049164,0.1981551986718992
25863,GOF,0.1900716692795495,0.608857924353157,0.20107040636729337
25864,GOF,0.36684210291111957,0.44838083784585475,0.18477705924302562
25865,GOF,0.09914643376479955,0.7584124703944864,0.14244109584071393
25866,GOF,0.11448112538805158,0.6121648007864839,0.2733540738254645
25867,GOF,0.12930027989022844,0.7261973876975262,0.14450233241224525
25868,GOF,0.2289870836872908,0.5791432504350402,0.19186966587766907
25869,Neutral,0.8406163576570237,0.10996209492163692,0.04942154742133942
25870,LOF,0.22555708095630175,0.31861548726333455,0.4558274317803636
25871,GOF,0.09329955166715523,0.7053476038094576,0.20135284452338698
25872,GOF,0.2205307041333135,0.5043699333841378,0.27509936248254874
25873,GOF,0.18874871064419593,0.6136998214396114,0.19755146791619257
25874,LOF,0.038108169867609024,0.10646525070558467,0.8554265794268063
25875,LOF,0.12187289542099926,0.3623955981572681,0.5157315064217327
25876,LOF,0.02286588518092343,0.20305839507061862,0.7740757197484579
25877,Neutral,0.3733268464440718,0.25940790857075813,0.36726524498517
25878,GOF,0.14503234766405057,0.538081115377808,0.31688653695814145
25879,GOF,0.08305423270407318,0.5236582004728554,0.3932875668230714
25880,LOF,0.043370006920880194,0.11439128308951983,0.8422387099895999
25881,LOF,0.3947459705971646,0.19360409986509583,0.41164992953773955
25882,LOF,0.11105167523142195,0.04612965319424977,0.8428186715743283
25883,LOF,0.07465566139085332,0.09293526972798405,0.8324090688811626
25884,LOF,0.08090726086785759,0.11819107267715043,0.800901666454992
25885,LOF,0.08909568217101219,0.05913422225214172,0.851770095576846
25886,LOF,0.18236228045010827,0.21299079793646225,0.6046469216134294
25887,LOF,0.36428727081859574,0.14242824219591502,0.4932844869854893
25888,LOF,0.19011267701913162,0.1344195635788254,0.675467759402043
25889,LOF,0.0996868027983131,0.07581013370557058,0.8245030634961162
25890,LOF,0.07167741492172985,0.0995785700382081,0.8287440150400621
25891,LOF,0.06371776687957607,0.05231231780949918,0.8839699153109247
25892,LOF,0.10398929960416324,0.053887634925850685,0.8421230654699862
25893,LOF,0.3032897098955787,0.04685416086285227,0.649856129241569
25894,LOF,0.15228250684734596,0.04377140260081321,0.8039460905518409
25895,LOF,0.16498672603721443,0.031825601442441766,0.8031876725203438
25896,LOF,0.04602280306708506,0.027428354278534864,0.9265488426543802
25897,LOF,0.29507360451020054,0.0397827544718635,0.6651436410179359
25898,Neutral,0.6568609665610088,0.08201211652875198,0.2611269169102392
25899,LOF,0.1893607244400641,0.1068241845007552,0.7038150910591806
25900,Neutral,0.6644556455291608,0.041165763606285974,0.2943785908645532
25901,LOF,0.08044644937507554,0.048833763438798916,0.8707197871861254
25902,LOF,0.10118235706806694,0.025264357898396532,0.8735532850335366
25903,Neutral,0.4904134867705586,0.07137646753409542,0.43821004569534594
25904,LOF,0.24437710046202887,0.09466918693580248,0.6609537126021686
25905,LOF,0.0143835383257734,0.4852495793399608,0.5003668823342659
25906,LOF,0.023797311284615947,0.09216823171282278,0.8840344570025613
25907,LOF,0.011935250623475281,0.3763650536249667,0.611699695751558
25908,LOF,0.01794263184224071,0.24714879056562625,0.734908577592133
25909,LOF,0.037922995007368114,0.1434452888008328,0.8186317161917991
25910,LOF,0.01870276459523806,0.4056408246587942,0.5756564107459677
25911,LOF,0.173358855469298,0.017912284074910197,0.8087288604557918
25912,LOF,0.04299394297315442,0.07363287668739292,0.8833731803394528
25913,LOF,0.22949623799980087,0.027936435182138324,0.7425673268180608
25914,LOF,0.05957609841576495,0.15196798763963215,0.788455913944603
25915,Neutral,0.4258016541148085,0.4150374232087946,0.1591609226763969
25916,GOF,0.04593801241818256,0.7015664894236635,0.252495498158154
25917,LOF,0.02421542491871558,0.1324623606817543,0.8433222143995301
25918,LOF,0.05957609841576495,0.15196798763963215,0.788455913944603
25919,LOF,0.05957609841576495,0.15196798763963215,0.788455913944603
25920,GOF,0.17784936008250105,0.6554872431301627,0.16666339678733616
25921,LOF,0.03515495606950095,0.2504430825194015,0.7144019614110975
25922,LOF,0.034200021894227356,0.24481804824318587,0.7209819298625867
25923,LOF,0.17999984735794533,0.2149371810381321,0.6050629716039225
25924,LOF,0.04904915836748855,0.10560934025714948,0.8453415013753619
25925,LOF,0.032019207277089894,0.11528846582896841,0.8526923268939417
25926,LOF,0.03230598166067896,0.0898816936460433,0.8778123246932779
25927,LOF,0.07847873578304605,0.28073002747489323,0.6407912367420607
25928,LOF,0.030722935028976432,0.10173609471596037,0.8675409702550633
25929,LOF,0.3057507783595797,0.2033584921678576,0.4908907294725627
25930,LOF,0.07465566139085332,0.09293526972798405,0.8324090688811626
25931,LOF,0.03629773741113047,0.07189837983285628,0.8918038827560133
25932,LOF,0.07465566139085332,0.09293526972798405,0.8324090688811626
25933,LOF,0.07465566139085332,0.09293526972798405,0.8324090688811626
25934,LOF,0.07465566139085332,0.09293526972798405,0.8324090688811626
25935,LOF,0.030953547185770265,0.1108599676070677,0.8581864852071619
25936,LOF,0.07465566139085332,0.09293526972798405,0.8324090688811626
25937,LOF,0.04318240108807856,0.08796421024905604,0.8688533886628653
25938,LOF,0.03865805582328632,0.1316180980671272,0.8297238461095864
25939,LOF,0.07465566139085332,0.09293526972798405,0.8324090688811626
25940,GOF,0.015042764230542755,0.7162746948924714,0.26868254087698584
25941,LOF,0.24535072621532283,0.04313938425303924,0.7115098895316379
25942,LOF,0.038744812046051,0.019806514333607018,0.941448673620342
25943,LOF,0.3294014590773676,0.028638562479803932,0.6419599784428284
25944,LOF,0.45753748904190095,0.024614995800091778,0.5178475151580073
25945,LOF,0.20730410775204333,0.06147909028526589,0.7312168019626909
25946,LOF,0.021245553698980364,0.050684930146052964,0.9280695161549667
25947,GOF,0.05983172687802408,0.49455675830617946,0.44561151481579653
25948,LOF,0.36340864312843896,0.013822538628452603,0.6227688182431084
25949,LOF,0.10782780519389396,0.025766598022791232,0.8664055967833147
25950,LOF,0.36289001403340443,0.19983124531605884,0.4372787406505367
25951,GOF,0.16106332287481742,0.520855816022105,0.31808086110307754
25952,GOF,0.049546797051451284,0.48388249301192005,0.46657070993662875
25953,GOF,0.14195565103209387,0.46094044559489356,0.3971039033730126
25954,Neutral,0.45364656299784994,0.4315544162493092,0.1147990207528409
25955,LOF,0.059700615663032926,0.3073483586386523,0.6329510256983147
25956,LOF,0.11562533252323193,0.18393990685728648,0.7004347606194816
25957,LOF,0.05198103947026618,0.06651158935026456,0.8815073711794692
25958,LOF,0.08933953121201618,0.039153777665197315,0.8715066911227864
25959,LOF,0.11940943351883429,0.28244482351057587,0.5981457429705898
25960,LOF,0.03343628218957759,0.09404497186355866,0.8725187459468637
25961,LOF,0.08933953121201618,0.039153777665197315,0.8715066911227864
25962,LOF,0.03828550744924886,0.17582048655705507,0.7858940059936961
25963,LOF,0.04385545618293452,0.26198680555860754,0.6941577382584578
25964,LOF,0.0433680404336828,0.1489120579894099,0.8077199015769072
25965,Neutral,0.6846997871840368,0.09835557287300961,0.21694463994295354
25966,LOF,0.1056473513675267,0.3775042127473043,0.516848435885169
25967,LOF,0.020942523868130638,0.3998532244514859,0.5792042516803835
25968,GOF,0.06825270977800382,0.6736463660736127,0.2581009241483835
25969,LOF,0.026652983947712164,0.06808929836832192,0.9052577176839659
25970,LOF,0.04790625721712881,0.046174145250565915,0.9059195975323052
25971,LOF,0.08698419821764744,0.03431340599413536,0.8787023957882173
25972,LOF,0.08698419821764744,0.03431340599413536,0.8787023957882173
25973,LOF,0.12544049018690936,0.03193577736665611,0.8426237324464345
25974,Neutral,0.5608754148458808,0.06937622005365021,0.369748365100469
25975,LOF,0.08175875513415981,0.07364308773083303,0.8445981571350072
25976,LOF,0.03945585812092528,0.03748257924660043,0.9230615626324743
25977,LOF,0.026169504314412208,0.3928791681628826,0.5809513275227053
25978,LOF,0.29120188361421945,0.1058576738691302,0.6029404425166504
25979,LOF,0.2359169811684963,0.10622483202944406,0.6578581868020597
25980,LOF,0.24205472265660258,0.12514451592126022,0.6328007614221371
25981,LOF,0.24205472265660258,0.12514451592126022,0.6328007614221371
25982,Neutral,0.47604371829028475,0.06141104545953606,0.4625452362501791
25983,Neutral,0.5485779229683716,0.07709438908915779,0.37432768794247073
25984,LOF,0.03474320343750547,0.24573055195424792,0.7195262446082467
25985,GOF,0.028892494590085357,0.5380348032902658,0.4330727021196489
25986,GOF,0.05449028513184163,0.555912135125641,0.3895975797425174
25987,LOF,0.0959306661386632,0.15826910662626803,0.7458002272350688
25988,LOF,0.03474320343750547,0.24573055195424792,0.7195262446082467
25989,LOF,0.03474320343750547,0.24573055195424792,0.7195262446082467
25990,LOF,0.03474320343750547,0.24573055195424792,0.7195262446082467
25991,LOF,0.2759580451669705,0.3551916711274223,0.36885028370560724
25992,Neutral,0.4067176136934648,0.3350725502475866,0.25820983605894854
25993,LOF,0.04618714258974319,0.15499111067373192,0.798821746736525
25994,LOF,0.04618714258974319,0.15499111067373192,0.798821746736525
25995,LOF,0.04618714258974319,0.15499111067373192,0.798821746736525
25996,LOF,0.11289566736347499,0.37904266948846416,0.5080616631480608
25997,GOF,0.09514250286997332,0.5993535609047327,0.3055039362252941
25998,Neutral,0.5203510484067152,0.02410089805104809,0.4555480535422368
25999,LOF,0.22570182647866333,0.30817388149146796,0.4661242920298686
26000,LOF,0.09152799954984668,0.03338620915181973,0.8750857912983335
26001,LOF,0.10412270305219615,0.14858608953029442,0.7472912074175094
26002,LOF,0.06333217859059613,0.09903887949402473,0.8376289419153791
26003,GOF,0.010059482733753596,0.5652825900327109,0.4246579272335356
26004,GOF,0.019294562127172576,0.6563500234779605,0.32435541439486687
26005,GOF,0.011071851585874707,0.517627071334331,0.47130107707979446
26006,Neutral,0.5225771972751964,0.22744057212828145,0.2499822305965223
26007,GOF,0.018950375537338908,0.6626440321168524,0.3184055923458087
26008,GOF,0.015883914911167307,0.5884075469661396,0.39570853812269313
26009,GOF,0.03674144794778317,0.7177054411131099,0.24555311093910692
26010,GOF,0.013996182660446417,0.7666464168394836,0.21935740050006994
26011,GOF,0.010686382074912884,0.5886557724953643,0.4006578454297228
26012,GOF,0.017896930519478594,0.6305232476290241,0.35157982185149717
26013,GOF,0.01129600721928956,0.7167020151495339,0.2720019776311766
26014,LOF,0.05150661043177239,0.3652934702091961,0.5831999193590315
26015,LOF,0.20751834659774618,0.02488934139124052,0.7675923120110133
26016,LOF,0.3927319102021405,0.062354720503926105,0.5449133692939333
26017,LOF,0.333605462939902,0.05886483427007957,0.6075297027900184
26018,LOF,0.0964994065865278,0.024685829166230123,0.8788147642472421
26019,LOF,0.0964994065865278,0.024685829166230123,0.8788147642472421
26020,LOF,0.13375612751337476,0.12542163861471312,0.7408222338719123
26021,LOF,0.1104165303796244,0.13783742519572004,0.7517460444246554
26022,LOF,0.02840473595725989,0.038924195697629754,0.9326710683451103
26023,LOF,0.23461908339232734,0.045654904428739235,0.7197260121789334
26024,LOF,0.058900268589367956,0.11294489848839873,0.8281548329222334
26025,LOF,0.321643489241118,0.09992789253104739,0.5784286182278346
26026,Neutral,0.5205474926071697,0.015619184951840878,0.46383332244098946
26027,LOF,0.0964994065865278,0.024685829166230123,0.8788147642472421
26028,LOF,0.34545219371861624,0.06556085262991486,0.5889869536514689
26029,GOF,0.04732772827176503,0.6246925907369215,0.32797968099131347
26030,LOF,0.02517770059706277,0.1539288899913221,0.8208934094116151
26031,LOF,0.017255752407474227,0.35982291005743006,0.6229213375350957
26032,LOF,0.041962916926460606,0.1950581816993284,0.762978901374211
26033,GOF,0.18902354409322047,0.4628802971230958,0.34809615878368383
26034,LOF,0.02281217982438844,0.30181233520575845,0.675375484969853
26035,LOF,0.019102394398387776,0.3974153896625565,0.5834822159390557
26036,LOF,0.021748939532505538,0.31073051265510626,0.6675205478123882
26037,LOF,0.01509846431190458,0.24223424930912005,0.7426672863789754
26038,LOF,0.041962916926460606,0.1950581816993284,0.762978901374211
26039,LOF,0.03524623104348277,0.32454156235957216,0.640212206596945
26040,GOF,0.22796972541626484,0.5936212770132175,0.1784089975705175
26041,LOF,0.015767928471303008,0.2333750433618683,0.7508570281668286
26042,LOF,0.01473950299585447,0.23229304222212707,0.7529674547820184
26043,LOF,0.041962916926460606,0.1950581816993284,0.762978901374211
26044,LOF,0.027736572602220455,0.19742385629623185,0.7748395711015477
26045,LOF,0.04241668831490904,0.29879479106966506,0.6587885206154259
26046,LOF,0.041962916926460606,0.1950581816993284,0.762978901374211
26047,LOF,0.041962916926460606,0.1950581816993284,0.762978901374211
26048,LOF,0.06856270780928372,0.18391615717776735,0.7475211350129488
26049,Neutral,0.9069499098327282,0.047753233396103385,0.04529685677116853
26050,Neutral,0.8917610662336801,0.0500150362494906,0.058223897516829236
26051,GOF,0.02020934929737659,0.7353133495112277,0.24447730119139566
26052,GOF,0.0223526370494299,0.7808762815404232,0.19677108141014682
26053,LOF,0.04135419694136532,0.4438637500466882,0.5147820530119466
26054,LOF,0.046339612648325416,0.03909607178745536,0.9145643155642192
26055,LOF,0.04951944142736113,0.029918594862904952,0.920561963709734
26056,LOF,0.040288156605040405,0.03685332151499704,0.9228585218799626
26057,LOF,0.08215894852599805,0.08777962356487272,0.8300614279091292
26058,LOF,0.08215894852599805,0.08777962356487272,0.8300614279091292
26059,LOF,0.2486497462901179,0.17850551571488918,0.5728447379949929
26060,LOF,0.09628282338257778,0.3882709341391115,0.5154462424783107
26061,LOF,0.041032454106380574,0.03820329119407095,0.9207642546995485
26062,LOF,0.02937318986104571,0.03341220917265789,0.9372146009662964
26063,LOF,0.08215894852599805,0.08777962356487272,0.8300614279091292
26064,LOF,0.03690486447343569,0.027588240900451828,0.9355068946261125
26065,LOF,0.08215894852599805,0.08777962356487272,0.8300614279091292
26066,LOF,0.08215894852599805,0.08777962356487272,0.8300614279091292
26067,LOF,0.08215894852599805,0.08777962356487272,0.8300614279091292
26068,LOF,0.04114690465804525,0.05563544096133668,0.9032176543806181
26069,LOF,0.40868129123313124,0.03502149882744334,0.5562972099394254
26070,Neutral,0.6519639770107027,0.01703702657157518,0.33099899641772196
26071,LOF,0.08215894852599805,0.08777962356487272,0.8300614279091292
26072,LOF,0.02933935719776256,0.05739645049050594,0.9132641923117314
26073,LOF,0.08215894852599805,0.08777962356487272,0.8300614279091292
26074,Neutral,0.9520105894290573,0.01679107495795217,0.03119833561299059
26075,LOF,0.04786823885548644,0.04098090783159376,0.9111508533129197
26076,LOF,0.08215894852599805,0.08777962356487272,0.8300614279091292
26077,LOF,0.031178189533667248,0.07630395033925033,0.8925178601270826
26078,LOF,0.027344254130112874,0.05066179717788029,0.9219939486920069
26079,LOF,0.04155012536188342,0.04524467782248173,0.9132051968156347
26080,LOF,0.04155012536188342,0.04524467782248173,0.9132051968156347
26081,LOF,0.08215894852599805,0.08777962356487272,0.8300614279091292
26082,LOF,0.032649819756834696,0.037164692928334235,0.9301854873148311
26083,LOF,0.08215894852599805,0.08777962356487272,0.8300614279091292
26084,LOF,0.08215894852599805,0.08777962356487272,0.8300614279091292
26085,LOF,0.08215894852599805,0.08777962356487272,0.8300614279091292
26086,LOF,0.08215894852599805,0.08777962356487272,0.8300614279091292
26087,LOF,0.08215894852599805,0.08777962356487272,0.8300614279091292
26088,LOF,0.03589226251365378,0.07076203330674129,0.8933457041796049
26089,LOF,0.045161520858640024,0.028461905647226206,0.9263765734941337
26090,LOF,0.040161094341185734,0.025958510870098244,0.933880394788716
26091,LOF,0.08215894852599805,0.08777962356487272,0.8300614279091292
26092,LOF,0.08215894852599805,0.08777962356487272,0.8300614279091292
26093,LOF,0.08215894852599805,0.08777962356487272,0.8300614279091292
26094,LOF,0.08215894852599805,0.08777962356487272,0.8300614279091292
26095,LOF,0.07952535673621715,0.04169834079878523,0.8787763024649977
26096,LOF,0.03937347374859805,0.03139864745077953,0.9292278788006224
26097,LOF,0.030744476410529183,0.04981952613505614,0.9194359974544146
26098,LOF,0.04476391169253945,0.02793916517130674,0.9272969231361539
26099,LOF,0.08215894852599805,0.08777962356487272,0.8300614279091292
26100,LOF,0.08215894852599805,0.08777962356487272,0.8300614279091292
26101,LOF,0.08215894852599805,0.08777962356487272,0.8300614279091292
26102,LOF,0.08215894852599805,0.08777962356487272,0.8300614279091292
26103,Neutral,0.7426317585346403,0.06594583342559733,0.1914224080397625
26104,LOF,0.0300987203395974,0.0656077215533086,0.9042935581070941
26105,LOF,0.18362786626716568,0.09449857380634787,0.7218735599264866
26106,LOF,0.17818671191323962,0.06890953620153664,0.7529037518852236
26107,LOF,0.2484531510174623,0.062010167989379354,0.6895366809931582
26108,LOF,0.1289985746239588,0.07425301861963843,0.7967484067564028
26109,LOF,0.08363252647605823,0.12755296043302264,0.7888145130909191
26110,LOF,0.28721511519201554,0.024209913003926952,0.6885749718040575
26111,LOF,0.29792861571203,0.24746027635008502,0.454611107937885
26112,LOF,0.09160660766320615,0.049590121185466345,0.8588032711513276
26113,LOF,0.09160660766320615,0.049590121185466345,0.8588032711513276
26114,LOF,0.05229135851110862,0.01126761311576435,0.936441028373127
26115,LOF,0.13914467270197978,0.022572666799814893,0.8382826604982052
26116,LOF,0.08212818471317418,0.027003073797484983,0.8908687414893408
26117,LOF,0.17128380816596744,0.21267386956720477,0.6160423222668278
26118,LOF,0.06119930196728045,0.0893546464593495,0.84944605157337
26119,LOF,0.030003644833274536,0.2808097989609201,0.6891865562058054
26120,LOF,0.06119930196728045,0.0893546464593495,0.84944605157337
26121,LOF,0.04926094432691108,0.28294066088235476,0.6677983947907341
26122,LOF,0.06568848632488924,0.27013199142299504,0.6641795222521156
26123,LOF,0.05378648100025177,0.30716877511783064,0.6390447438819176
