feature0,prediction,LoGoFunc_Neutral,LoGoFunc_GOF,LoGoFunc_LOF
25546,Neutral,0.6393732230268019,0.05715447977277389,0.3034722972004243
25547,Neutral,0.5450279560165903,0.07964689418615087,0.37532514979725895
25548,Neutral,0.5316219834845843,0.07640297249084886,0.39197504402456684
25549,Neutral,0.48302124298698645,0.072987531599881,0.44399122541313246
25550,LOF,0.40369616098483935,0.09035118425740009,0.5059526547577606
25551,LOF,0.3420125489028368,0.10619486062162667,0.5517925904755366
25552,LOF,0.3154897481924191,0.11239614326031826,0.5721141085472626
25553,Neutral,0.7909715671509902,0.05300170814612988,0.15602672470287998
25554,LOF,0.3434265569014755,0.1036099323627095,0.5529635107358151
25555,LOF,0.2987791698709506,0.09562581632077097,0.6055950138082784
25556,Neutral,0.49254646105051686,0.0885684931370494,0.41888504581243374
25557,LOF,0.2848535452486764,0.10183337177464143,0.6133130829766822
25558,LOF,0.34464480166725314,0.09795467644118573,0.5574005218915612
25559,LOF,0.2491135278645988,0.05170910348898345,0.6991773686464177
25560,LOF,0.09363089660881471,0.14999582401232478,0.7563732793788605
25561,LOF,0.10095652110435141,0.20136501328865494,0.6976784656069936
25562,LOF,0.037793623302124,0.094970856429589,0.8672355202682871
25563,LOF,0.00925669938996094,0.1476548192346881,0.8430884813753511
25564,LOF,0.08493407729113911,0.09560822218524787,0.819457700523613
25565,LOF,0.19640383267857925,0.15226592817306345,0.6513302391483573
25566,GOF,0.058118862176156486,0.6992876068273876,0.2425935309964559
25567,LOF,0.053644229512491,0.16769596089195726,0.7786598095955518
25568,LOF,0.06267238929130403,0.09516154154840806,0.8421660691602879
25569,LOF,0.061458745896143224,0.09001177756817443,0.8485294765356824
25570,LOF,0.02693674011382781,0.13725954636432786,0.8358037135218442
25571,LOF,0.026534729128914653,0.1454035167039054,0.82806175416718
25572,LOF,0.05425584520531297,0.19166149578669098,0.7540826590079962
25573,LOF,0.062484822053454486,0.1214103522254187,0.8161048257211269
25574,LOF,0.06302844826635864,0.24982415913878486,0.6871473925948565
25575,LOF,0.02274278049685126,0.16319606195413663,0.814061157549012
25576,LOF,0.023337318446867462,0.21840229358200963,0.7582603879711229
25577,LOF,0.028870907651353372,0.17250904980227486,0.7986200425463719
25578,LOF,0.31198344938809836,0.10088506384093883,0.5871314867709628
25579,LOF,0.22626134405742618,0.09995478749457644,0.6737838684479973
25580,LOF,0.023847356701900885,0.09936332566838561,0.8767893176297135
25581,LOF,0.050956944862361256,0.0955974930752097,0.853445562062429
25582,LOF,0.049996407915024584,0.09409622439229448,0.8559073676926809
25583,LOF,0.029691375695698328,0.11286881037924978,0.8574398139250519
25584,Neutral,0.7048372479972295,0.13298233278729626,0.16218041921547413
25585,LOF,0.022674366841135076,0.19027653795439228,0.7870490952044726
25586,LOF,0.02012680678751243,0.12402687165898128,0.8558463215535063
25587,LOF,0.020175093663677538,0.10830912206904536,0.8715157842672772
25588,LOF,0.024224064251206563,0.10097223002096334,0.8748037057278301
25589,Neutral,0.5390516783276745,0.22724441821671287,0.23370390345561268
25590,LOF,0.05291430960837946,0.13130956277537598,0.8157761276162446
25591,LOF,0.07637486246601727,0.08836695934201283,0.8352581781919699
25592,LOF,0.06489006551491444,0.17078147796172666,0.764328456523359
25593,LOF,0.10032293882003061,0.29597255265520583,0.6037045085247635
25594,LOF,0.05737528624316724,0.03348725411157309,0.9091374596452596
25595,LOF,0.0605973113250014,0.022119046775801857,0.9172836418991969
25596,LOF,0.12353665768439354,0.016060390692079946,0.8604029516235265
25597,LOF,0.08171464883529896,0.016900002760793478,0.9013853484039075
25598,LOF,0.05546021853621005,0.023701817318744052,0.920837964145046
25599,LOF,0.027067293657390624,0.39346883516764103,0.5794638711749683
25600,LOF,0.19744420741832802,0.357977815202141,0.4445779773795309
25601,LOF,0.04490658311931209,0.3069491446160527,0.6481442722646353
25602,LOF,0.032998539074423384,0.07075711570301099,0.8962443452225656
25603,LOF,0.04986299063739497,0.07182889344481845,0.8783081159177865
25604,LOF,0.050288913582085044,0.12899136900127584,0.8207197174166392
25605,LOF,0.04266734286104739,0.20703175650466274,0.7503009006342899
25606,Neutral,0.4284215773300168,0.22223293569566047,0.34934548697432277
25607,LOF,0.028516406981543167,0.24273430285874387,0.728749290159713
25608,LOF,0.04403404806970958,0.09161919018676604,0.8643467617435244
25609,GOF,0.14733934037574795,0.5842359442249542,0.26842471539929774
25610,LOF,0.0185450911120663,0.05797212151545708,0.9234827873724767
25611,LOF,0.013214942050444371,0.06159928303278257,0.925185774916773
25612,LOF,0.047624615711379915,0.06914119550638222,0.8832341887822378
25613,LOF,0.0467275136696636,0.06314330917036637,0.89012917715997
25614,LOF,0.022622748246053058,0.052350644996718494,0.9250266067572284
25615,LOF,0.04476906791752905,0.056539907425154745,0.8986910246573161
25616,LOF,0.06028045629199665,0.0622738350614859,0.8774457086465175
25617,LOF,0.045949957586427156,0.0683844627572553,0.8856655796563175
25618,LOF,0.04546704393795296,0.09075903158726388,0.8637739244747831
25619,LOF,0.013939727340189537,0.07361754648587969,0.9124427261739307
25620,LOF,0.04843991140209663,0.0646593249354345,0.886900763662469
25621,LOF,0.06397577310812078,0.05631205602642793,0.8797121708654513
25622,LOF,0.07444108897775766,0.0637254045529991,0.8618335064692433
25623,LOF,0.06116742957033601,0.06153436865307288,0.877298201776591
25624,LOF,0.02078075489920123,0.06018110289029749,0.9190381422105012
25625,LOF,0.05989602089057925,0.05920734933231016,0.8808966297771107
25626,LOF,0.048464526171850174,0.057285208882820675,0.8942502649453292
25627,Neutral,0.8804120773211352,0.02399331964891396,0.09559460302995071
25628,LOF,0.16680516398309808,0.07261973013625544,0.7605751058806465
25629,LOF,0.06943182121193517,0.0643667937159894,0.8662013850720753
25630,LOF,0.2718995924843008,0.07812064037240975,0.6499797671432894
25631,Neutral,0.537458771437751,0.05780238314536703,0.40473884541688193
25632,LOF,0.02968744531829605,0.12509749962768463,0.8452150550540193
25633,LOF,0.23617675569073218,0.07554999424282012,0.6882732500664478
25634,LOF,0.04312372254743574,0.12747952360225684,0.8293967538503074
25635,LOF,0.038881981493713136,0.06283292991571092,0.8982850885905759
25636,GOF,0.03162989158780928,0.5492948219138196,0.4190752864983711
25637,GOF,0.05250409912193274,0.5326558933749731,0.4148400075030941
25638,LOF,0.026256079473135144,0.4725032619412423,0.5012406585856226
25639,LOF,0.032037942920370203,0.4541196895300346,0.5138423675495952
25640,Neutral,0.8419735153972469,0.0987905758894041,0.059235908713349134
25641,LOF,0.10729270314020084,0.40257661139961154,0.49013068546018757
25642,LOF,0.09070483397029656,0.16012267593692314,0.7491724900927803
25643,LOF,0.32940421979645046,0.10246663267817656,0.568129147525373
25644,GOF,0.010544463809499886,0.635604254386535,0.3538512818039652
25645,GOF,0.011947022828230314,0.5893475247762662,0.3987054523955034
25646,LOF,0.024863676630992426,0.41897977846420803,0.5561565449047995
25647,LOF,0.010768993517528249,0.30134145515172556,0.6878895513307463
25648,LOF,0.01272779947637113,0.38176822411562145,0.6055039764080075
25649,LOF,0.008408465565360066,0.28574277873079995,0.7058487557038399
25650,GOF,0.028942388926454975,0.6022989836539949,0.36875862741955007
25651,LOF,0.010216325982158502,0.3896392005390509,0.6001444734787907
25652,LOF,0.012035857860648787,0.4471547220410713,0.5408094200982799
25653,GOF,0.0395126913990075,0.6081589442050616,0.35232836439593085
25654,LOF,0.011281539672008201,0.2888879464752276,0.6998305138527642
25655,GOF,0.11977942278025887,0.6073414655067989,0.27287911171294227
25656,LOF,0.259205146173784,0.08840127531533772,0.6523935785108783
25657,LOF,0.033985124343103336,0.10106852982735288,0.8649463458295439
25658,LOF,0.3118349138630302,0.13740009573565404,0.5507649904013158
25659,Neutral,0.49579553623319,0.14636093557333069,0.35784352819347925
25660,LOF,0.022156460598225805,0.09719811028333415,0.8806454291184401
25661,LOF,0.06824489116793762,0.06602404189192854,0.8657310669401339
25662,LOF,0.02804322942448639,0.036681755563922155,0.9352750150115915
25663,LOF,0.030188421004408095,0.035135046977579326,0.9346765320180126
25664,LOF,0.1101709539393609,0.05975477854207657,0.8300742675185626
25665,LOF,0.061148208813023804,0.028542417378514217,0.910309373808462
25666,LOF,0.0739598145606281,0.049367825382432305,0.8766723600569396
25667,LOF,0.06366802748901244,0.0400325918524726,0.8962993806585149
25668,LOF,0.029376034115655817,0.0494067497307785,0.9212172161535656
25669,LOF,0.0221750109457449,0.04563202037330762,0.9321929686809475
25670,LOF,0.1196930892505473,0.04397083447956646,0.8363360762698863
25671,LOF,0.0919665572976283,0.036031661527749545,0.8720017811746222
25672,LOF,0.052147918080804864,0.04186465811367599,0.9059874238055191
25673,LOF,0.08664248590113162,0.03883406122656272,0.8745234528723056
25674,LOF,0.0831628788691038,0.05192769324238749,0.8649094278885088
25675,LOF,0.07963066469231452,0.06444012020246737,0.8559292151052181
25676,LOF,0.017072908183988336,0.053241013639968256,0.9296860781760433
25677,LOF,0.016713209387825542,0.07653493133510861,0.9067518592770659
25678,LOF,0.1662259369984786,0.10189225275961464,0.7318818102419067
25679,LOF,0.1077802941485317,0.10133295958042728,0.790886746271041
25680,LOF,0.025661577106964848,0.12236414799800019,0.851974274895035
25681,LOF,0.039005382792419045,0.10779526433040777,0.8531993528771733
25682,LOF,0.11170063926452811,0.06552676729941496,0.822772593436057
25683,LOF,0.10513746146126371,0.09083782510352637,0.8040247134352099
25684,LOF,0.028402927820438524,0.05779975944666163,0.9137973127328999
25685,LOF,0.11870985642009,0.07518160013226827,0.8061085434476417
25686,LOF,0.07805450000817651,0.11690226625804144,0.8050432337337821
25687,LOF,0.13412257916199494,0.11651148114897746,0.7493659396890276
25688,LOF,0.42115785790897364,0.033215559812790986,0.5456265822782354
25689,LOF,0.2859243036434768,0.04406809597540764,0.6700076003811156
25690,LOF,0.3487842478084498,0.027223810335102714,0.6239919418564475
25691,Neutral,0.7075174082302506,0.026950674034775014,0.2655319177349744
25692,LOF,0.35421895535267517,0.011351234600609918,0.6344298100467148
25693,GOF,0.04182460572490058,0.4940981485492953,0.464077245725804
25694,LOF,0.10967870549241616,0.01700785474448446,0.8733134397630993
25695,LOF,0.09871467573655725,0.008223165513492298,0.8930621587499505
25696,LOF,0.11778647093028272,0.011552641032753795,0.8706608880369634
25697,LOF,0.06081564820733179,0.06735214186305453,0.8718322099296137
25698,LOF,0.24894793962499526,0.25773399587688817,0.49331806449811666
25699,LOF,0.4564877051382606,0.02661250985060051,0.5168997850111389
25700,LOF,0.06464944091633977,0.008650208924620194,0.9267003501590401
25701,LOF,0.1842782538478226,0.027510458183667635,0.7882112879685098
25702,GOF,0.1873082219099024,0.6436339575331359,0.16905782055696186
25703,LOF,0.017948710580979216,0.1549887637245266,0.8270625256944941
25704,LOF,0.036137068660977656,0.13964872405073517,0.8242142072882871
25705,LOF,0.04025556262203877,0.07453827041747191,0.8852061669604894
25706,LOF,0.10699438400542909,0.4388787094141307,0.4541269065804402
25707,LOF,0.08348627277701756,0.38434721336118804,0.5321665138617944
25708,LOF,0.03768977245515263,0.371000308772049,0.5913099187727985
25709,LOF,0.07063703918977775,0.030892328772573825,0.8984706320376484
25710,LOF,0.015488538037887335,0.11632116108193159,0.8681903008801811
25711,LOF,0.0209142547352047,0.06679819929199508,0.9122875459728003
25712,LOF,0.016928641191029884,0.15419456093076747,0.8288767978782026
25713,LOF,0.01793276230733611,0.06193880622842328,0.9201284314642405
25714,LOF,0.07776237897255499,0.044510490843121774,0.8777271301843234
25715,LOF,0.011255804409828745,0.09359997681446508,0.8951442187757063
25716,LOF,0.011685298469563976,0.08767287342411734,0.9006418281063188
25717,LOF,0.018084051947765054,0.05745603466981234,0.9244599133824226
25718,LOF,0.011158241153514145,0.04120321821818746,0.9476385406282983
25719,LOF,0.02261302600966079,0.05692434694895204,0.9204626270413871
25720,LOF,0.027618256471396294,0.04160439675009627,0.9307773467785074
25721,LOF,0.011124089601598509,0.05126963060554,0.9376062797928615
25722,LOF,0.012599055151117214,0.04614198852672377,0.9412589563221591
25723,LOF,0.02546661414773851,0.031526951310939265,0.9430064345413222
25724,LOF,0.03267835271282963,0.0608617326604457,0.9064599146267248
25725,LOF,0.011360896743073955,0.057711482400778995,0.9309276208561471
25726,LOF,0.01616627843825209,0.06811180850907259,0.9157219130526753
25727,LOF,0.013745283828567262,0.04511222646776534,0.9411424897036674
25728,LOF,0.010211952693161027,0.06283022406314578,0.9269578232436931
25729,LOF,0.010512063703592138,0.062037551540454455,0.9274503847559534
25730,LOF,0.013877629490815642,0.06174047490021203,0.9243818956089724
25731,LOF,0.020531115389576037,0.0849545380818402,0.8945143465285837
25732,LOF,0.012413616454148317,0.04286727930158636,0.9447191042442653
25733,LOF,0.014595105726817124,0.05011112089411133,0.9352937733790716
25734,LOF,0.012088486729400797,0.11234143620203514,0.8755700770685642
25735,LOF,0.01092077784827679,0.04960344621503056,0.9394757759366927
25736,LOF,0.012230111712725913,0.05342560429351458,0.9343442839937596
25737,LOF,0.012195317253765318,0.08913076645829564,0.8986739162879391
25738,LOF,0.012140967832126532,0.08899877618225481,0.8988602559856187
25739,LOF,0.021094202465858324,0.05953709711417131,0.9193687004199703
25740,LOF,0.030458715832353152,0.10437325209192203,0.8651680320757248
25741,LOF,0.015269687209222801,0.08833691556200045,0.8963933972287769
25742,LOF,0.12206978797591925,0.06780472051461933,0.8101254915094613
25743,LOF,0.04762873663644088,0.062039132597728114,0.8903321307658311
25744,Neutral,0.6417460513445975,0.23675604405772468,0.12149790459767776
25745,LOF,0.06776718580302293,0.08189865106573432,0.8503341631312427
25746,LOF,0.04636849675615336,0.11940471607636853,0.834226787167478
25747,LOF,0.01816491554792512,0.1301662398972275,0.8516688445548473
25748,LOF,0.12391993796853484,0.2035710704637151,0.6725089915677501
25749,LOF,0.029358264512369853,0.10562164533078566,0.8650200901568444
25750,LOF,0.07758180253604119,0.12118113981112383,0.8012370576528349
25751,LOF,0.11037019888704797,0.14673961669305513,0.7428901844198968
25752,GOF,0.1288173388127961,0.6343673301803302,0.23681533100687355
25753,LOF,0.029476121123329473,0.40207715070233996,0.5684467281743305
25754,GOF,0.02023829383996956,0.8037310749760206,0.1760306311840098
25755,LOF,0.031790526102371965,0.3919560403015521,0.576253433596076
25756,LOF,0.06793993389672709,0.43684112807225406,0.4952189380310188
25757,GOF,0.02018145141418671,0.8726395980038066,0.10717895058200659
25758,GOF,0.02907751114298467,0.8189333797046279,0.15198910915238756
25759,GOF,0.011443290517116813,0.6851926868838881,0.30336402259899503
25760,LOF,0.019126035905117154,0.39209750649363356,0.5887764576012492
25761,GOF,0.2846771591142637,0.6096440426065909,0.10567879827914539
25762,LOF,0.052361821734644286,0.3487084019041003,0.5989297763612554
25763,LOF,0.01728190195575255,0.26398441815913376,0.7187336798851137
25764,GOF,0.06646619897025725,0.7097082394128944,0.22382556161684838
25765,GOF,0.035969604792638464,0.7828677139131756,0.18116268129418603
25766,GOF,0.08455210660163821,0.7441589025642951,0.17128899083406665
25767,LOF,0.12300279756725889,0.4124384125356685,0.46455878989707267
25768,LOF,0.11016326766070701,0.042172257375185124,0.8476644749641078
25769,LOF,0.054098102961262,0.06826657637048511,0.877635320668253
25770,LOF,0.3474492803060634,0.1205550629898776,0.531995656704059
25771,LOF,0.0626147766558397,0.06098556962816533,0.8763996537159948
25772,LOF,0.018709276170426357,0.053776835572116495,0.9275138882574572
25773,LOF,0.06651813817275994,0.06509472994245093,0.8683871318847891
25774,LOF,0.02854593778873664,0.1322702595448037,0.8391838026664598
25775,LOF,0.06495795471173557,0.07128009956964608,0.8637619457186183
25776,LOF,0.07582363573344827,0.03633194547644865,0.8878444187901031
25777,LOF,0.3583178358118566,0.10304387256820512,0.5386382916199383
25778,LOF,0.07414353501623626,0.05221174695734079,0.873644718026423
25779,GOF,0.4288783474840505,0.5265455575057729,0.04457609501017662
25780,GOF,0.3443048053641842,0.5735473709699384,0.08214782366587742
25781,GOF,0.11445042612834114,0.769656022649703,0.11589355122195583
25782,GOF,0.18606503275400163,0.7240968466192845,0.0898381206267138
25783,GOF,0.02578895283711912,0.6699270351999287,0.30428401196295224
25784,Neutral,0.5421523061642061,0.41814767452426,0.039700019311534
25785,Neutral,0.5140878206563513,0.4329610665129762,0.05295111283067248
25786,GOF,0.033009544744668676,0.7114837740552347,0.2555066812000965
25787,Neutral,0.689480099783074,0.2769084783706232,0.03361142184630268
25788,LOF,0.05709420927249321,0.07376967608494556,0.8691361146425612
25789,GOF,0.20521947466871054,0.6428527388930243,0.15192778643826524
25790,GOF,0.24708388918733923,0.6505301030266146,0.10238600778604609
25791,GOF,0.16156685074299595,0.6293373176384516,0.20909583161855233
25792,GOF,0.37698917444262847,0.46727823765883025,0.15573258789854127
25793,GOF,0.29083116150971305,0.4266618449415406,0.2825069935487463
25794,GOF,0.3415142904139657,0.42970448418475815,0.22878122540127613
25795,GOF,0.06431471710966448,0.6751981648915858,0.26048711799874985
25796,Neutral,0.5434616414378952,0.3849043909843813,0.07163396757772357
25797,GOF,0.07820558072922935,0.5175045692493683,0.4042898500214023
25798,LOF,0.010836095402852176,0.49082720634898214,0.49833669824816573
25799,LOF,0.009280036091716192,0.43508327848389916,0.5556366854243846
25800,GOF,0.04512409370492344,0.6186644692003123,0.3362114370947643
25801,GOF,0.2666330446948182,0.6312461850511105,0.1021207702540714
25802,GOF,0.07848205395189427,0.6419957288120259,0.2795222172360797
25803,GOF,0.04388178559040015,0.544742624110725,0.41137559029887477
25804,LOF,0.04359757235902108,0.46522682326606873,0.4911756043749102
25805,GOF,0.12318373973909995,0.54071923213181,0.33609702812909015
25806,GOF,0.13627342495843822,0.5771374734139183,0.2865891016276435
25807,GOF,0.01971231082483043,0.5980229370651743,0.3822647521099953
25808,GOF,0.10285075441303101,0.5434242480872489,0.35372499749972014
25809,GOF,0.0197731366707996,0.5852258786041877,0.3950009847250127
25810,GOF,0.02126570244019104,0.5881150331634543,0.39061926439635475
25811,Neutral,0.47709616731829463,0.4484318937096697,0.07447193897203565
25812,GOF,0.03804235745791367,0.615097536742678,0.3468601057994084
25813,Neutral,0.5665535747174045,0.31381779421982525,0.11962863106277033
25814,GOF,0.12214245224962414,0.6280688497345946,0.24978869801578119
25815,GOF,0.25458596608390144,0.5549704856659381,0.19044354825016047
25816,GOF,0.02091354926024903,0.6797032528322696,0.29938319790748136
25817,GOF,0.20275304068406555,0.6638920464752514,0.13335491284068302
25818,GOF,0.04413421718029057,0.528741603718656,0.42712417910105344
25819,GOF,0.38459826176676554,0.4444496110647937,0.17095212716844074
25820,GOF,0.20579563187256894,0.5626208780096849,0.23158349011774626
25821,GOF,0.05879717331182839,0.6486588953567235,0.29254393133144807
25822,GOF,0.25104970672295807,0.4825684274488295,0.2663818658282125
25823,LOF,0.029225955193027606,0.4466158887469983,0.5241581560599741
25824,GOF,0.08140750153787879,0.4725494618729214,0.4460430365891998
25825,LOF,0.02944983160473227,0.4844048842995934,0.4861452840956743
25826,LOF,0.010204064295311531,0.45215951341110555,0.5376364222935829
25827,GOF,0.018316235376096335,0.5365076893678308,0.44517607525607283
25828,LOF,0.010490209725730254,0.4527392292030909,0.5367705610711788
25829,GOF,0.006003459707487801,0.5263340636875214,0.46766247660499066
25830,LOF,0.03725390016546643,0.263893105105723,0.6988529947288107
25831,GOF,0.13300919400453518,0.7176693186109978,0.14932148738446704
25832,GOF,0.02997840676164516,0.6382850466253303,0.3317365466130245
25833,GOF,0.11489860949281991,0.6519062101129763,0.23319518039420373
25834,GOF,0.03559561043049465,0.6291280601787324,0.335276329390773
25835,GOF,0.0944962913850565,0.5945385904679071,0.3109651181470364
25836,GOF,0.04346861431054232,0.6072123067901081,0.34931907889934954
25837,LOF,0.01982695139336549,0.4802949001926625,0.49987814841397205
25838,GOF,0.08098519161477963,0.6792052313834511,0.23980957700176916
25839,GOF,0.2706337158731506,0.5326326848816446,0.1967335992452048
25840,GOF,0.20571483694436146,0.5585444230472812,0.23574074000835726
25841,GOF,0.22223065126033026,0.56130136560519,0.2164679831344799
25842,GOF,0.16301934515253247,0.6004604787992326,0.23652017604823503
25843,GOF,0.216576119479827,0.6262364821269896,0.1571873983931835
25844,GOF,0.05285948070522962,0.6065587089542426,0.340581810340528
25845,LOF,0.01197365654540117,0.45554816843855683,0.5324781750160421
25846,GOF,0.08580304951352535,0.7079804472724843,0.20621650321399024
25847,GOF,0.11826408642510923,0.6892394822142978,0.19249643136059308
25848,GOF,0.03434322952605407,0.6357021928609715,0.3299545776129744
25849,GOF,0.00990400397769455,0.5333495884435046,0.456746407578801
25850,GOF,0.024061057585969582,0.5520514350242662,0.4238875073897643
25851,LOF,0.018999567203032686,0.463752380110796,0.5172480526861712
25852,GOF,0.1407615056281244,0.5589068691073774,0.3003316252644982
25853,GOF,0.32784595793258337,0.5784701961183178,0.09368384594909876
25854,GOF,0.016454414548045145,0.6456516586658124,0.3378939267861425
25855,GOF,0.040345825901830314,0.5832506914577078,0.376403482640462
25856,GOF,0.23516293592599302,0.5471958205990552,0.21764124347495178
25857,GOF,0.03277198274628704,0.512376836455321,0.454851180798392
25858,GOF,0.0181924845389447,0.5587348064292462,0.423072709031809
25859,GOF,0.009327196748703751,0.549807167524101,0.4408656357271953
25860,GOF,0.32552687960505194,0.5591489117365872,0.11532420865836078
25861,GOF,0.36564863529269176,0.53185330358972,0.10249806111758812
25862,GOF,0.08576174840107714,0.7656548282157882,0.14858342338313463
25863,GOF,0.08382631523511173,0.7724851547901035,0.14368852997478485
25864,GOF,0.15912960591089215,0.7418726966512871,0.09899769743782087
25865,GOF,0.06720053757454758,0.7757300062236397,0.15706945620181278
25866,GOF,0.0582508874842609,0.7912337960398438,0.1505153164758953
25867,GOF,0.08064466744047462,0.7906784901393317,0.12867684242019367
25868,GOF,0.2540591039857107,0.6080045516919657,0.13793634432232366
25869,Neutral,0.684913877035455,0.27067012816448727,0.04441599480005777
25870,LOF,0.2968514074829546,0.24809913933195576,0.4550494531850896
25871,GOF,0.23560674006298438,0.5979652328659565,0.1664280270710591
25872,GOF,0.09051838075898963,0.5967282211654774,0.3127533980755328
25873,GOF,0.15036560176553354,0.6095934751752761,0.24004092305919045
25874,LOF,0.021350218835334802,0.07736138159953918,0.901288399565126
25875,LOF,0.08169412256097523,0.06705553602322882,0.8512503414157959
25876,LOF,0.02505974624266431,0.05997737582222439,0.9149628779351113
25877,Neutral,0.5139850217136608,0.06333267837664576,0.4226822999096935
25878,LOF,0.22356045877809222,0.12154442244626151,0.6548951187756463
25879,LOF,0.0911517608745399,0.15978527827344846,0.7490629608520116
25880,LOF,0.02259890324600076,0.023836571709683542,0.9535645250443157
25881,LOF,0.1963193165825989,0.21239952395488912,0.591281159462512
25882,LOF,0.08484301081285715,0.014910412403205772,0.9002465767839369
25883,LOF,0.09004421992201181,0.03481717804080362,0.8751386020371845
25884,LOF,0.0456779993176623,0.04162536363286852,0.9126966370494691
25885,LOF,0.0638070195683813,0.02021883341164567,0.915974147019973
25886,LOF,0.39729857804078983,0.08024399331141283,0.5224574286477974
25887,LOF,0.18067881323720847,0.12258925166642089,0.6967319350963707
25888,LOF,0.06961597714676765,0.10758391744415692,0.8228001054090754
25889,LOF,0.04708485830285473,0.035617957575751126,0.9172971841213942
25890,LOF,0.04878845967020353,0.16615151000794753,0.7850600303218488
25891,LOF,0.05075190614007959,0.06255450662683577,0.8866935872330846
25892,LOF,0.09955147720174519,0.017786230156285176,0.8826622926419696
25893,LOF,0.2953579905689039,0.01363322424053306,0.6910087851905631
25894,LOF,0.1635382618660217,0.0075776896935935,0.8288840484403848
25895,LOF,0.20112305813956044,0.016457654187854984,0.7824192876725846
25896,LOF,0.04672923270278821,0.017516775474950272,0.9357539918222615
25897,LOF,0.24165095571067777,0.014085795037151448,0.7442632492521707
25898,Neutral,0.7467567708077809,0.00962719017451501,0.24361603901770404
25899,LOF,0.29279679833918393,0.03090609108997378,0.6762971105708423
25900,LOF,0.47099565880350835,0.013841686679448299,0.5151626545170434
25901,LOF,0.050714739758826004,0.010619152252768552,0.9386661079884054
25902,LOF,0.18561206188467952,0.008375992490998841,0.8060119456243217
25903,Neutral,0.5633964034712612,0.02357109674432421,0.4130324997844147
25904,LOF,0.272501420320758,0.0362284369270711,0.6912701427521709
25905,LOF,0.02580360812748829,0.3183008491109028,0.6558955427616089
25906,LOF,0.023245552918283056,0.07283975382069562,0.9039146932610214
25907,LOF,0.014551490164054475,0.32380205938548884,0.6616464504504567
25908,LOF,0.012340751154486365,0.21702629918244895,0.7706329496630647
25909,LOF,0.013878658649412283,0.15666749950125103,0.8294538418493367
25910,LOF,0.056877256092817,0.1273370365715974,0.8157857073355856
25911,LOF,0.12211761858286319,0.051663019135043446,0.8262193622820935
25912,LOF,0.03827851774741595,0.09170366346711012,0.8700178187854738
25913,LOF,0.2573758449126458,0.033299309347722524,0.7093248457396316
25914,LOF,0.028342814451875097,0.10662939260812333,0.8650277929400015
25915,Neutral,0.4082331562904294,0.20516746048674553,0.3865993832228251
25916,LOF,0.06400712892047979,0.2292744868129589,0.7067183842665613
25917,LOF,0.07193189719543647,0.050170887865612045,0.8778972149389515
25918,LOF,0.035645860385330165,0.05926550074381006,0.9050886388708599
25919,LOF,0.028971094975749928,0.06424430391898932,0.9067846011052608
25920,GOF,0.12053224119272529,0.5110589524922555,0.36840880631501915
25921,LOF,0.03465330467927745,0.030668630227753405,0.9346780650929691
25922,LOF,0.049039599257322763,0.01984516607037928,0.931115234672298
25923,LOF,0.41251788269245176,0.01956151404309867,0.5679206032644495
25924,LOF,0.04089517722446809,0.027318162094900927,0.931786660680631
25925,LOF,0.07464424949810801,0.027926561011165772,0.8974291894907261
25926,LOF,0.05411370831617299,0.018550742533984158,0.927335549149843
25927,LOF,0.0751258497355653,0.05750913095377311,0.8673650193106616
25928,LOF,0.025675530260098802,0.025494592028023098,0.9488298777118782
25929,Neutral,0.5512121091850749,0.02306762945095591,0.4257202613639692
25930,LOF,0.06717559525037589,0.015121979052934857,0.9177024256966893
25931,LOF,0.03408378354037154,0.020920869373333494,0.9449953470862948
25932,LOF,0.031641744502384245,0.01676013491927652,0.9515981205783393
25933,LOF,0.0405034176637567,0.011376610313644961,0.9481199720225982
25934,LOF,0.02663253952617518,0.013072732831699027,0.9602947276421259
25935,LOF,0.06783730408753373,0.028925805850518602,0.9032368900619477
25936,LOF,0.04792086281579654,0.01857099728048545,0.933508139903718
25937,LOF,0.03765833428579285,0.02470483341829629,0.9376368322959108
25938,LOF,0.06641805445359072,0.032896609844047214,0.9006853357023621
25939,LOF,0.04281960459972304,0.0123195322113781,0.944860863188899
25940,LOF,0.023300556674546957,0.4204449034418671,0.556254539883586
25941,LOF,0.14441467425881072,0.08876117168185366,0.7668241540593357
25942,LOF,0.01291241193924958,0.03375052896997395,0.9533370590907765
25943,LOF,0.30748101203377715,0.0771896347176373,0.6153293532485855
25944,Neutral,0.49575984518481236,0.04223248154540972,0.462007673269778
25945,LOF,0.06140805719272608,0.025251013505137008,0.9133409293021368
25946,LOF,0.03332599179443245,0.14688229063963068,0.8197917175659369
25947,LOF,0.12412775250009289,0.19231927238430327,0.6835529751156039
25948,LOF,0.42658960917265315,0.012259517274799927,0.561150873552547
25949,LOF,0.09804273698478413,0.06453746818959667,0.8374197948256191
25950,GOF,0.23844657423846685,0.4367560848401108,0.3247973409214224
25951,LOF,0.3269478792236914,0.2231279969409488,0.44992412383535996
25952,GOF,0.05855815189471446,0.4837865126385017,0.4576553354667839
25953,LOF,0.15545663370825047,0.11835254725525633,0.7261908190364933
25954,LOF,0.3610107132674278,0.2687573081140411,0.3702319786185312
25955,LOF,0.05853719140531101,0.0918916743612553,0.8495711342334337
25956,LOF,0.19873349960933623,0.06149835379166295,0.7397681465990009
25957,LOF,0.05169664171921279,0.023055036761058252,0.9252483215197289
25958,LOF,0.05901790595779708,0.03401817687268858,0.9069639171695144
25959,LOF,0.06238262087378898,0.426903730764253,0.5107136483619581
25960,LOF,0.02025164175703975,0.05903157560671041,0.9207167826362499
25961,LOF,0.048450377396403684,0.04225432300244297,0.9092952996011534
25962,LOF,0.06212167142566822,0.03830348960598376,0.899574838968348
25963,LOF,0.05440496028457796,0.1956078320085534,0.7499872077068687
25964,LOF,0.03549420940338927,0.17137665052676918,0.7931291400698416
25965,LOF,0.4558786427592165,0.07890871055600347,0.4652126466847801
25966,Neutral,0.3633850045961188,0.3404719506451154,0.2961430447587659
25967,LOF,0.01466821445869297,0.11118046122374377,0.8741513243175633
25968,LOF,0.03845928265674376,0.4571602694620654,0.5043804478811909
25969,LOF,0.02457651746596603,0.06199936996616566,0.9134241125678684
25970,LOF,0.0597697678653375,0.045127992569285666,0.8951022395653767
25971,LOF,0.0826581517805377,0.022220266176836718,0.8951215820426257
25972,LOF,0.08281985124210878,0.03351897145366871,0.8836611773042224
25973,LOF,0.08420811555948342,0.010128106285989055,0.9056637781545276
25974,LOF,0.2586894393841941,0.019001355421277278,0.7223092051945287
25975,LOF,0.0515217158032849,0.030997139631669654,0.9174811445650455
25976,LOF,0.037248086768953734,0.02337598911331056,0.9393759241177357
25977,LOF,0.1375059722414209,0.12001382238823854,0.7424802053703404
25978,LOF,0.11723839957723473,0.13558659195444137,0.747175008468324
25979,LOF,0.11631762155005579,0.12081468438021467,0.7628676940697295
25980,LOF,0.15222919308594673,0.1779003185294601,0.6698704883845931
25981,LOF,0.18661166694132747,0.1714484489952261,0.6419398840634464
25982,LOF,0.3909203926827001,0.10660378434301522,0.5024758229742846
25983,LOF,0.37224896496294213,0.10890058125190331,0.5188504537851546
25984,LOF,0.05404225881288858,0.10683048559797066,0.8391272555891408
25985,LOF,0.020381373670632242,0.3486867093867599,0.6309319169426079
25986,LOF,0.024962169882167273,0.34044445155104397,0.6345933785667889
25987,LOF,0.08705874185342684,0.12788770813986278,0.7850535500067103
25988,LOF,0.11333203988417369,0.10639379601931033,0.7802741640965161
25989,LOF,0.025900382451237717,0.1911788019150944,0.7829208156336679
25990,LOF,0.037963381407152566,0.161350418950024,0.8006861996428235
25991,GOF,0.12439277586487546,0.47206764055672445,0.4035395835784001
25992,LOF,0.3048047272874673,0.30612853039647925,0.3890667423160533
25993,LOF,0.02205767867217355,0.12152291453016646,0.85641940679766
25994,LOF,0.015230657631806106,0.14367411284014617,0.8410952295280477
25995,LOF,0.02348940717924744,0.1769169102458364,0.799593682574916
25996,GOF,0.17916589570136374,0.5972216289038084,0.22361247539482784
25997,GOF,0.05622467908012114,0.5918754235612401,0.3518998973586387
25998,Neutral,0.5808520858784884,0.024616744801527268,0.3945311693199844
25999,LOF,0.14408420668846947,0.14454008855411804,0.7113757047574125
26000,LOF,0.11006234111902066,0.029285964695107036,0.8606516941858724
26001,LOF,0.18939810659036116,0.033327619025655036,0.7772742743839838
26002,LOF,0.1415329163570841,0.03436159010572786,0.8241054935371881
26003,GOF,0.009684025331896048,0.6718961307483872,0.3184198439197167
26004,GOF,0.024576887144673914,0.7203409271896732,0.2550821856656529
26005,GOF,0.009394345935900937,0.5850192422248223,0.4055864118392768
26006,Neutral,0.510561692675209,0.31223477975655184,0.17720352756823923
26007,GOF,0.01920612847008982,0.642818245934772,0.3379756255951381
26008,GOF,0.023742017352320517,0.6370714478401492,0.3391865348075301
26009,GOF,0.03227967676927306,0.7001456108516112,0.2675747123791159
26010,GOF,0.023177929237695887,0.767581764490128,0.20924030627217607
26011,GOF,0.009590926066416806,0.5545660356344078,0.43584303829917537
26012,GOF,0.021297208974692904,0.6523918369064187,0.3263109541188884
26013,GOF,0.01837147636404092,0.7166442967664867,0.26498422686947226
26014,LOF,0.038321822220300596,0.22929920438168697,0.7323789733980125
26015,LOF,0.17810422648717217,0.009085216918326164,0.8128105565945016
26016,LOF,0.2467519441200118,0.041470485858664696,0.7117775700213236
26017,LOF,0.17938315000997423,0.09222297424293326,0.7283938757470925
26018,LOF,0.07448807860319258,0.02755451188208539,0.8979574095147219
26019,LOF,0.07404453593844243,0.021017030179271867,0.9049384338822857
26020,LOF,0.054031931154053074,0.10486063799132946,0.8411074308546174
26021,LOF,0.05179626865046457,0.15089520709683601,0.7973085242526994
26022,LOF,0.009721988404419223,0.05964618199287858,0.9306318296027022
26023,LOF,0.10525978666295763,0.018866923380265053,0.8758732899567773
26024,LOF,0.027751823376788123,0.11153398945753654,0.8607141871656754
26025,LOF,0.14058539960458258,0.08099418533942977,0.7784204150559878
26026,LOF,0.32865443900185776,0.015018157520595229,0.656327403477547
26027,LOF,0.07222948024652114,0.014273526920387159,0.9134969928330917
26028,LOF,0.1903878613153159,0.08862636747102812,0.720985771213656
26029,LOF,0.10881670001103262,0.16012515915756725,0.7310581408314002
26030,LOF,0.03463692207335296,0.06403368299205857,0.9013293949345885
26031,LOF,0.04046850981428862,0.1304087190943254,0.8291227710913861
26032,LOF,0.07972387890738204,0.05904552350947903,0.8612305975831389
26033,LOF,0.12886549884331594,0.06477672228551934,0.8063577788711647
26034,LOF,0.06258061428150997,0.12804317326321607,0.8093762124552739
26035,LOF,0.04224301538191634,0.11384573893491826,0.8439112456831653
26036,LOF,0.061963354478783435,0.1343070582109635,0.803729587310253
26037,LOF,0.034315549026982084,0.10581079281899147,0.8598736581540264
26038,LOF,0.07566085576065415,0.05300214754238167,0.8713369966969642
26039,LOF,0.08613250173205163,0.12159586300362077,0.7922716352643276
26040,LOF,0.21047341805585276,0.09909519434938831,0.6904313875947589
26041,LOF,0.03254915441171271,0.10574330066490584,0.8617075449233814
26042,LOF,0.03288952802701579,0.10752900028481084,0.8595814716881733
26043,LOF,0.07329363620328791,0.06999987248006828,0.8567064913166438
26044,LOF,0.031384438631105724,0.06647420953013226,0.9021413518387621
26045,LOF,0.10191027226701375,0.09188258100051108,0.8062071467324753
26046,LOF,0.07764799408876515,0.0734236488834567,0.8489283570277781
26047,LOF,0.1102857472466383,0.08508894207609553,0.8046253106772662
26048,LOF,0.0584422152686514,0.04680968563120688,0.8947480991001416
26049,Neutral,0.9518028824869914,0.009333490807761722,0.03886362670524685
26050,Neutral,0.9345509006237618,0.010727460086731878,0.054721639289506324
26051,GOF,0.04268023136339424,0.5117442987004575,0.4455754699361483
26052,GOF,0.05674562215111524,0.5152634803904101,0.4279908974584747
26053,LOF,0.06806015927554339,0.21163246744262112,0.7203073732818355
26054,LOF,0.05877318071736999,0.04694593504587208,0.894280884236758
26055,LOF,0.07908568121598167,0.03365271254201641,0.8872616062420018
26056,LOF,0.06666970477200711,0.04269605819841839,0.8906342370295744
26057,LOF,0.033718906490545736,0.01923559124548469,0.9470455022639696
26058,LOF,0.03387657093575123,0.01715646631969939,0.9489669627445495
26059,LOF,0.28185673442741127,0.0565012851769245,0.6616419803956642
26060,LOF,0.026518787100221666,0.34759570673640344,0.6258855061633748
26061,LOF,0.018804307639043755,0.02461760853739322,0.9565780838235629
26062,LOF,0.01199487602776092,0.03719067963332558,0.9508144443389135
26063,LOF,0.02361355308045663,0.019313127424838476,0.9570733194947049
26064,LOF,0.02527652687587085,0.02149924659260985,0.9532242265315194
26065,LOF,0.02694514858283026,0.022337642314796166,0.9507172091023737
26066,LOF,0.022136144529303094,0.021268918046879,0.9565949374238178
26067,LOF,0.026372160673344747,0.016043708949951847,0.9575841303767034
26068,LOF,0.0493143226356787,0.058309006614189314,0.8923766707501319
26069,LOF,0.2864392793338843,0.042348867688364614,0.671211852977751
26070,LOF,0.4359861466268097,0.02703155129060783,0.5369823020825825
26071,LOF,0.023630197007911122,0.026061238904546893,0.9503085640875419
26072,LOF,0.025447625747598488,0.03527946217940038,0.9392729120730012
26073,LOF,0.025866326313231616,0.02042845519829228,0.953705218488476
26074,Neutral,0.9266924585123334,0.008714250208714134,0.0645932912789526
26075,LOF,0.045531148037269965,0.03155488217725365,0.9229139697854764
26076,LOF,0.041365985846490386,0.016240495654518065,0.9423935184989916
26077,LOF,0.00953657010832874,0.03947296084467302,0.9509904690469982
26078,LOF,0.01597165029377564,0.021778600390789733,0.9622497493154346
26079,LOF,0.05555214532303735,0.036186354091962414,0.9082615005850003
26080,LOF,0.05553689126989558,0.036326348991777425,0.9081367597383271
26081,LOF,0.03792423055714084,0.013261836443724462,0.9488139329991347
26082,LOF,0.020615010840259643,0.033959078417393186,0.9454259107423472
26083,LOF,0.15009540886228886,0.02252332245977274,0.8273812686779384
26084,LOF,0.027122953735896363,0.032904937577937915,0.9399721086861657
26085,LOF,0.022821229675393642,0.029864626215725717,0.9473141441088807
26086,LOF,0.02359279145311371,0.02387663667705352,0.9525305718698327
26087,LOF,0.02586667882270756,0.016066784229936956,0.9580665369473556
26088,LOF,0.02113620678785718,0.03966610318733029,0.9391976900248125
26089,LOF,0.04814116852820788,0.044607102840095704,0.9072517286316963
26090,LOF,0.046497965041936276,0.034162750126257246,0.9193392848318065
26091,LOF,0.043906495962282424,0.011216358258795033,0.9448771457789226
26092,LOF,0.030374919265695795,0.017803497817101437,0.9518215829172026
26093,LOF,0.043617623991817664,0.011292635821629279,0.945089740186553
26094,LOF,0.051594763036360757,0.0104106058993104,0.9379946310643289
26095,LOF,0.05584636766786806,0.02543223145620827,0.9187214008759238
26096,LOF,0.018106492903181025,0.023763760252729686,0.9581297468440892
26097,LOF,0.01096929487307033,0.08419981872864317,0.9048308863982865
26098,LOF,0.06956232786556836,0.03063840785380697,0.8997992642806246
26099,LOF,0.02716554904770916,0.02924207477088883,0.943592376181402
26100,LOF,0.02844785058660051,0.02673762694478129,0.9448145224686183
26101,LOF,0.06208764120001113,0.02627122703698614,0.9116411317630028
26102,LOF,0.02877280769620763,0.021736352050858384,0.9494908402529341
26103,Neutral,0.8885389999281808,0.036371868383673386,0.07508913168814602
26104,LOF,0.07125536177521166,0.05503421179906681,0.8737104264257215
26105,LOF,0.18929386051941843,0.29542181530569234,0.5152843241748892
26106,LOF,0.1665649429371125,0.1623419110706919,0.6710931459921957
26107,LOF,0.2149650250554363,0.13087223227576117,0.6541627426688025
26108,LOF,0.23001792526781972,0.1802753304943801,0.5897067442378001
26109,LOF,0.052871810094201756,0.14091585762835418,0.806212332277444
26110,LOF,0.26421073191776817,0.008416816420382677,0.7273724516618492
26111,LOF,0.4687573695969825,0.0178296574321868,0.5134129729708308
26112,LOF,0.0372497862109541,0.010639845621456348,0.9521103681675895
26113,LOF,0.05241401291604378,0.016924822757443527,0.9306611643265127
26114,LOF,0.018761251128210563,0.03141950022849841,0.949819248643291
26115,LOF,0.08831171849849423,0.04747581934247358,0.8642124621590321
26116,LOF,0.048756132246686734,0.05786258074431278,0.8933812870090005
26117,LOF,0.3702936498484845,0.06461905416244938,0.565087295989066
26118,LOF,0.039303617550175224,0.04042708879061474,0.92026929365921
26119,LOF,0.022887312530935844,0.052854931588058894,0.9242577558810052
26120,LOF,0.034136524847809664,0.026996056268312384,0.938867418883878
26121,LOF,0.07030767192355519,0.10219509800545465,0.8274972300709903
26122,LOF,0.06648876218864389,0.04766467614351225,0.8858465616678439
