feature0,prediction,LoGoFunc_Neutral,LoGoFunc_GOF,LoGoFunc_LOF
25546,Neutral,0.6039052580118709,0.05639112994654652,0.3397036120415826
25547,Neutral,0.45517118832198467,0.09499018356082478,0.44983862811719055
25548,LOF,0.4564896062439998,0.07890356202045627,0.46460683173554385
25549,LOF,0.3792189335810221,0.08387859248784033,0.5369024739311375
25550,LOF,0.3179791281462032,0.11412250926637452,0.5678983625874223
25551,LOF,0.27681685109888315,0.12174127056668187,0.601441878334435
25552,LOF,0.2441854897632057,0.1201620679517254,0.6356524422850689
25553,Neutral,0.7902605418464599,0.04541570220322908,0.16432375595031093
25554,LOF,0.28228393254595796,0.10981817114995904,0.6078978963040831
25555,LOF,0.23851907047267634,0.10193506322415326,0.6595458663031705
25556,LOF,0.4233557592230653,0.09369832056888705,0.4829459202080476
25557,LOF,0.22566487956648948,0.10855121254633253,0.665783907887178
25558,LOF,0.2826662620614273,0.10600130271890644,0.6113324352196663
25559,LOF,0.162616116908599,0.10643773163131993,0.7309461514600811
25560,LOF,0.180711712754472,0.10231224081146069,0.7169760464340672
25561,LOF,0.17038116428396313,0.10900823373048209,0.7206106019855548
25562,LOF,0.08363227436965202,0.0694596146578643,0.8469081109724836
25563,LOF,0.024852936665594755,0.13889416820823033,0.836252895126175
25564,LOF,0.2339820749226367,0.1304598384766624,0.6355580866007009
25565,LOF,0.20396452139703897,0.15064256856368,0.645392910039281
25566,GOF,0.09421647217926911,0.7268063865863307,0.1789771412344002
25567,LOF,0.04117703373978998,0.14171880737924694,0.8171041588809631
25568,LOF,0.0624417391692993,0.0697858546598345,0.8677724061708662
25569,LOF,0.060226103435571395,0.0702797873378151,0.8694941092266135
25570,LOF,0.027089824502681714,0.09542240175911405,0.8774877737382043
25571,LOF,0.02679412034088348,0.09979391068939211,0.8734119689697244
25572,LOF,0.06501094719658194,0.11730217543251723,0.8176868773709007
25573,LOF,0.06107863619510417,0.08547365662192667,0.8534477071829693
25574,LOF,0.05893655396415311,0.19734724256401637,0.7437162034718305
25575,LOF,0.02319573810316994,0.11113785704505086,0.8656664048517791
25576,LOF,0.03116865574072162,0.1421594127718199,0.8266719314874585
25577,LOF,0.03054796782072144,0.11344000029408743,0.856012031885191
25578,LOF,0.2933701860227866,0.07631946158820495,0.6303103523890085
25579,LOF,0.142698850757521,0.0794608474307116,0.7778403018117674
25580,LOF,0.018919735227391418,0.07772285621327474,0.9033574085593339
25581,LOF,0.0536392106649302,0.06426101721692043,0.8820997721181494
25582,LOF,0.05356881124728249,0.06189221000526624,0.8845389787474512
25583,LOF,0.021616331570178407,0.07621230062707295,0.9021713678027485
25584,Neutral,0.6838071161833165,0.099612970766226,0.21657991305045748
25585,LOF,0.024834994807635655,0.12602893456645656,0.8491360706259078
25586,LOF,0.018160542405069112,0.06262128647672907,0.9192181711182018
25587,LOF,0.017762903256873876,0.06011197827420381,0.9221251184689223
25588,LOF,0.020760828433913064,0.06664658607406723,0.9125925854920196
25589,Neutral,0.5129595837405332,0.1897476279219857,0.2972927883374812
25590,LOF,0.05004384415636624,0.1118481197642462,0.8381080360793876
25591,LOF,0.10233326367176285,0.05381073395959206,0.8438560023686451
25592,LOF,0.05935245858631384,0.12167022649332666,0.8189773149203595
25593,LOF,0.14443551791199313,0.25615134723052113,0.5994131348574857
25594,LOF,0.05809235803560717,0.1055542069594875,0.8363534350049054
25595,LOF,0.054818399077654636,0.07794699247304562,0.8672346084492998
25596,LOF,0.11203548512453954,0.042248550349939414,0.845715964525521
25597,LOF,0.08350893473209764,0.051127229388736053,0.8653638358791663
25598,LOF,0.054891638587873944,0.07835777171433986,0.8667505896977861
25599,GOF,0.020375811986913014,0.5164153713931772,0.4632088166199098
25600,GOF,0.17161632477802757,0.5216078849420507,0.30677579027992175
25601,LOF,0.03749752466509455,0.4334042064816277,0.5290982688532777
25602,LOF,0.035112860798247665,0.06575074594717295,0.8991363932545794
25603,LOF,0.02722460850973325,0.032933682495259534,0.9398417089950072
25604,LOF,0.03202853696668267,0.07782056605034866,0.8901508969829686
25605,LOF,0.03343144734102428,0.18483644828600487,0.7817321043729709
25606,LOF,0.377906066214266,0.10990299418419107,0.5121909396015429
25607,LOF,0.024393611542515372,0.1911609677025746,0.7844454207549101
25608,LOF,0.03594865333680339,0.07329069076083904,0.8907606559023576
25609,GOF,0.1618032832190486,0.49800805657125574,0.3401886602096956
25610,LOF,0.01494149582991265,0.030851286999048867,0.9542072171710384
25611,LOF,0.013025596514677272,0.03659545608834066,0.950378947396982
25612,LOF,0.046052353675538185,0.05045290611042098,0.9034947402140407
25613,LOF,0.044795160107661124,0.051135602269773754,0.9040692376225651
25614,LOF,0.02179305091452578,0.028430570061648834,0.9497763790238254
25615,LOF,0.04542975929584398,0.05022582521604996,0.9043444154881061
25616,LOF,0.04722648922738762,0.03305713823834134,0.919716372534271
25617,LOF,0.04040372467303636,0.045822292412643885,0.9137739829143198
25618,LOF,0.05278257318604133,0.04160139997217721,0.9056160268417814
25619,LOF,0.012895430705797333,0.03633513148368714,0.9507694378105155
25620,LOF,0.06072527324340878,0.04907978084031817,0.8901949459162731
25621,LOF,0.055880594687005604,0.04043643265337517,0.9036829726596193
25622,LOF,0.06240714982591741,0.038954064524490316,0.8986387856495922
25623,LOF,0.07055017652675372,0.032107505204167504,0.8973423182690788
25624,LOF,0.0187250605270694,0.038773111543449354,0.9425018279294812
25625,LOF,0.06355942393056455,0.04338785237213659,0.8930527236972988
25626,LOF,0.047229708530045524,0.04650683294594021,0.9062634585240142
25627,Neutral,0.8991995596336411,0.01595188177854649,0.08484855858781237
25628,LOF,0.13406479424105633,0.05521720392793955,0.8107180018310041
25629,LOF,0.06215440034501324,0.040381565613176906,0.8974640340418097
25630,LOF,0.2799360986895962,0.06893613178778281,0.6511277695226211
25631,Neutral,0.5609777341022296,0.05909453356393198,0.3799277323338383
25632,LOF,0.02591438210347749,0.05994919056201724,0.9141364273345052
25633,LOF,0.19325832545424135,0.0321691208102413,0.7745725537355174
25634,LOF,0.03365304021384431,0.07264156012485759,0.893705399661298
25635,LOF,0.0375216902379026,0.04118838309975244,0.921289926662345
25636,LOF,0.03380228792386805,0.412263228154922,0.5539344839212099
25637,LOF,0.08541469675706513,0.4556549527711007,0.4589303504718341
25638,LOF,0.028812225037726628,0.3016587785378069,0.6695289964244664
25639,LOF,0.029459569558279837,0.3259779075167738,0.6445625229249463
25640,Neutral,0.8088721109697307,0.14442943957517773,0.04669844945509167
25641,GOF,0.0667035269197183,0.4803798812099003,0.4529165918703813
25642,LOF,0.04062069248632067,0.16197025048865746,0.797409057025022
25643,LOF,0.22734852278873746,0.18798955539434742,0.5846619218169151
25644,LOF,0.022137716751841414,0.45676541841881996,0.5210968648293386
25645,LOF,0.023205041535129076,0.3916594859549784,0.5851354725098926
25646,LOF,0.04973406471783224,0.3093890878756368,0.6408768474065311
25647,LOF,0.023468420702197033,0.2461162201615217,0.7304153591362813
25648,LOF,0.03358040486568441,0.23171358506304907,0.7347060100712666
25649,LOF,0.017358597344349,0.2337227142481633,0.7489186884074878
25650,LOF,0.05078589876109937,0.4004286487720667,0.5487854524668339
25651,LOF,0.017702507413420967,0.25093101224920944,0.7313664803373696
25652,LOF,0.0330835464227731,0.23980937114709072,0.7271070824301361
25653,LOF,0.08142027437997526,0.3941714580275539,0.524408267592471
25654,LOF,0.02514708423452644,0.2184501010777154,0.7564028146877582
25655,LOF,0.22623019648265946,0.3727156499477955,0.4010541535695451
25656,LOF,0.2885180406838981,0.049694719871489004,0.661787239444613
25657,LOF,0.061898116351141244,0.05511818965977293,0.8829836939890857
25658,LOF,0.37230101173849406,0.06651463675448843,0.5611843515070175
25659,Neutral,0.5213458793965465,0.0969802194280983,0.38167390117535527
25660,LOF,0.021808760269589764,0.08731559916489683,0.8908756405655135
25661,LOF,0.0869806837794076,0.061632968862361255,0.8513863473582312
25662,LOF,0.03301335495694994,0.03381473146017667,0.9331719135828734
25663,LOF,0.04239121307718648,0.04835914128021864,0.909249645642595
25664,LOF,0.13391036578205406,0.06756491542559942,0.7985247187923465
25665,LOF,0.05241407059848518,0.03057042281733476,0.9170155065841801
25666,LOF,0.0836607661844048,0.07936875843302313,0.8369704753825722
25667,LOF,0.06562001038278299,0.037007271757026124,0.8973727178601909
25668,LOF,0.03603552332475258,0.048393154213763175,0.9155713224614842
25669,LOF,0.03168784438186576,0.051183031677271576,0.9171291239408627
25670,LOF,0.133604266490684,0.060732259019574415,0.8056634744897415
25671,LOF,0.09635415726323347,0.03469731744602009,0.8689485252907465
25672,LOF,0.05054663668167165,0.042623317140737624,0.9068300461775907
25673,LOF,0.07802089924537506,0.04946601894368836,0.8725130818109366
25674,LOF,0.06727917424004547,0.05707691140194425,0.8756439143580104
25675,LOF,0.11155723897790666,0.05535519896123554,0.8330875620608579
25676,LOF,0.01785561867496092,0.05056654175389168,0.9315778395711475
25677,LOF,0.02340670953756371,0.07041228315189575,0.9061810073105404
25678,LOF,0.1819872729889932,0.07039305049243649,0.7476196765185703
25679,LOF,0.11409608649606715,0.0916604011339951,0.7942435123699377
25680,LOF,0.03247559119772618,0.11138089270705964,0.8561435160952142
25681,LOF,0.05022065242976531,0.10591936913102946,0.8438599784392052
25682,LOF,0.12860899261015907,0.07577996014926906,0.7956110472405719
25683,LOF,0.10901277874192475,0.10210790879816439,0.7888793124599107
25684,LOF,0.0422737107930948,0.07550771740493353,0.8822185718019717
25685,LOF,0.13220876629382458,0.04555224884250205,0.8222389848636734
25686,LOF,0.06984282523279871,0.08657521491996736,0.8435819598472339
25687,LOF,0.1155412707320188,0.08884469187043913,0.7956140373975422
25688,LOF,0.31702306653157025,0.03356232320147481,0.6494146102669549
25689,LOF,0.23562549898320026,0.037429295327751765,0.7269452056890481
25690,LOF,0.3451579362501418,0.02952571268679854,0.6253163510630597
25691,Neutral,0.7062778183300489,0.02352941494010978,0.27019276672984144
25692,LOF,0.29652076424106877,0.010987518345606254,0.6924917174133249
25693,LOF,0.05368743531450884,0.4345193194354722,0.511793245250019
25694,LOF,0.11742760409410243,0.01720203788019745,0.8653703580257002
25695,LOF,0.11458330990747442,0.01611029973875372,0.8693063903537719
25696,LOF,0.10352926334094154,0.00997650118758443,0.886494235471474
25697,LOF,0.11959767370894046,0.032303512820545915,0.8480988134705136
25698,LOF,0.3494153348482099,0.17744565631501666,0.47313900883677334
25699,LOF,0.45593571311533565,0.0377248788413994,0.5063394080432649
25700,LOF,0.06342301264507161,0.00757814885346586,0.9289988385014626
25701,LOF,0.14765132416630128,0.04690016815284866,0.80544850768085
25702,GOF,0.17969573887837767,0.552029708355571,0.2682745527660514
25703,LOF,0.018070319776612966,0.1654201992216463,0.8165094810017407
25704,LOF,0.04855469032757447,0.10358856472327105,0.8478567449491545
25705,LOF,0.07083887127212485,0.18866789667692288,0.7404932320509523
25706,LOF,0.09022232064426726,0.4184119885388064,0.4913656908169263
25707,LOF,0.08541446939489275,0.30683954299781957,0.6077459876072876
25708,LOF,0.032804523573998025,0.283055132789714,0.684140343636288
25709,LOF,0.06280730536787138,0.04285760159570793,0.8943350930364207
25710,LOF,0.013222395728533454,0.1276710743863553,0.8591065298851113
25711,LOF,0.01887642177174171,0.09489363845046898,0.8862299397777893
25712,LOF,0.0146423866650096,0.17488985387001577,0.8104677594649747
25713,LOF,0.019702742812614138,0.07969530360988106,0.9006019535775048
25714,LOF,0.07136511786507645,0.07933889818382056,0.8492959839511028
25715,LOF,0.011464645274820866,0.13236429210356257,0.8561710626216165
25716,LOF,0.014328702202440185,0.1218322873297537,0.8638390104678062
25717,LOF,0.014457893161920539,0.08142023010928416,0.9041218767287953
25718,LOF,0.012907560311046992,0.09471686988128583,0.8923755698076672
25719,LOF,0.017959055632737163,0.0754546480302448,0.906586296337018
25720,LOF,0.022572565276462946,0.06972613022662694,0.9077013044969101
25721,LOF,0.015489891182643887,0.10887836076804466,0.8756317480493115
25722,LOF,0.014582888499136684,0.11607486651840694,0.8693422449824564
25723,LOF,0.02359702966150815,0.04387211546140971,0.9325308548770821
25724,LOF,0.02408538901003306,0.08102412159182774,0.8948904893981392
25725,LOF,0.012293160048329806,0.06715891190741542,0.9205479280442549
25726,LOF,0.015289414716647853,0.10239522916529696,0.8823153561180551
25727,LOF,0.012883529127949331,0.07932747407114389,0.9077889968009067
25728,LOF,0.010207243498954632,0.11283672084890012,0.8769560356521452
25729,LOF,0.010758881802048334,0.10706744338843822,0.8821736748095135
25730,LOF,0.014069407276813238,0.08190130143675053,0.9040292912864362
25731,LOF,0.019880618084312296,0.11162395240636666,0.868495429509321
25732,LOF,0.014737853040401885,0.08201659586163089,0.9032455510979672
25733,LOF,0.015485531771421729,0.07843909846370135,0.906075369764877
25734,LOF,0.012913629055201076,0.11782168974528252,0.8692646811995164
25735,LOF,0.014253542545562268,0.08515599033673894,0.9005904671176987
25736,LOF,0.015058368205055255,0.10770565499182969,0.8772359768031152
25737,LOF,0.02129533393949617,0.08270767558113439,0.8959969904793694
25738,LOF,0.012763613371932221,0.10469486228702196,0.8825415243410458
25739,LOF,0.021132679714822477,0.07622337788049076,0.9026439424046867
25740,LOF,0.02800544289184923,0.10988794859556697,0.8621066085125838
25741,LOF,0.016012185009251525,0.10849689547872331,0.8754909195120251
25742,LOF,0.11695771576379521,0.07960259777844536,0.8034396864577594
25743,LOF,0.029989702666352973,0.03378075625006543,0.9362295410835817
25744,Neutral,0.5949512320091163,0.1881104166039039,0.21693835138697984
25745,LOF,0.07760886547129457,0.0727205348345093,0.849670599694196
25746,LOF,0.03866144956197677,0.09139202025675268,0.8699465301812704
25747,LOF,0.021749783357220803,0.041946587169436514,0.9363036294733426
25748,LOF,0.09402881567149175,0.0640204264627947,0.8419507578657136
25749,LOF,0.026378451397318536,0.07888151871236444,0.894740029890317
25750,LOF,0.07839304209999835,0.08229606062549852,0.8393108972745031
25751,LOF,0.08252996485741795,0.06445827301582957,0.8530117621267524
25752,GOF,0.1115855541853106,0.6457678688484378,0.24264657696625147
25753,LOF,0.01879575175505542,0.2918338821790933,0.6893703660658513
25754,GOF,0.01177016333082112,0.7971016238487514,0.1911282128204276
25755,LOF,0.020723457371102906,0.4104093596041548,0.5688671830247422
25756,LOF,0.0393912084844228,0.38635410940596654,0.5742546821096107
25757,GOF,0.013566288681252568,0.8411085623119311,0.14532514900681642
25758,GOF,0.02961519531873709,0.8289788592556183,0.14140594542564455
25759,GOF,0.011420754832621722,0.5627257342011234,0.42585351096625484
25760,LOF,0.011743736326864391,0.2547434159293956,0.7335128477437399
25761,GOF,0.2784031151374333,0.6272384971573386,0.09435838770522809
25762,LOF,0.0353262553842736,0.2834768144148221,0.6811969302009043
25763,LOF,0.01294548240645188,0.20777659324138384,0.7792779243521643
25764,GOF,0.07114619140498431,0.6368605638634712,0.2919932447315444
25765,GOF,0.03991800227524265,0.762274624396417,0.19780737332834045
25766,GOF,0.0605920317125353,0.7395172244230743,0.19989074386439032
25767,GOF,0.14342859170646097,0.5800505935799746,0.2765208147135645
25768,LOF,0.08756200913971493,0.06739779849228172,0.8450401923680034
25769,LOF,0.07039700256398801,0.06273138627325926,0.8668716111627528
25770,LOF,0.31561356062299534,0.08457854288327064,0.5998078964937341
25771,LOF,0.037306843936377655,0.04490002608812531,0.917793129975497
25772,LOF,0.016460312520812998,0.03465126667284621,0.9488884208063408
25773,LOF,0.04856067027929625,0.09103210813407814,0.8604072215866255
25774,LOF,0.029812977542929203,0.07531108216138382,0.894875940295687
25775,LOF,0.04581102126599487,0.047502604901899594,0.9066863738321055
25776,LOF,0.06705351187637819,0.025039563111824793,0.907906925011797
25777,LOF,0.36486012492545145,0.0563994972482958,0.5787403778262526
25778,LOF,0.06506629988037677,0.04753085125092255,0.8874028488687007
25779,GOF,0.3996637592298459,0.5590657475876186,0.041270493182535534
25780,GOF,0.32815212379582565,0.5958097708740604,0.0760381053301139
25781,GOF,0.14679268839265192,0.7505992251911356,0.10260808641621254
25782,GOF,0.21846706167796118,0.7168090461860944,0.06472389213594451
25783,GOF,0.02508051244451756,0.6305960281984885,0.34432345935699393
25784,Neutral,0.524968860277504,0.4382043844190325,0.036826755303463535
25785,GOF,0.4651022005340223,0.49488834791592523,0.04000945155005246
25786,GOF,0.03012479817171975,0.7527797265147473,0.2170954753135328
25787,Neutral,0.6621987605001584,0.3111458641285919,0.02665537537124972
25788,LOF,0.04832346610614952,0.10143966452974748,0.8502368693641029
25789,GOF,0.22659463352715362,0.6335617921699204,0.13984357430292596
25790,GOF,0.2338795371597662,0.6494255101752123,0.11669495266502151
25791,GOF,0.16710507288869864,0.6624473538333328,0.17044757327796853
25792,GOF,0.37121948640756913,0.5032871494086173,0.1254933641838136
25793,GOF,0.22671994235660586,0.5326824427421766,0.24059761490121748
25794,GOF,0.3108571995301028,0.5060983440851639,0.18304445638473327
25795,GOF,0.08991401755249762,0.6903707851815145,0.2197151972659879
25796,Neutral,0.5790965778683241,0.3428642134493199,0.07803920868235596
25797,GOF,0.09462337875729862,0.5302150482847603,0.3751615729579411
25798,LOF,0.009438738970367939,0.47627662506424395,0.5142846359653881
25799,LOF,0.00788284236705542,0.3655673636442381,0.6265497939887065
25800,GOF,0.036231687580751445,0.5728399952014985,0.39092831721775
25801,GOF,0.21359123783630396,0.6637519698251747,0.12265679233852134
25802,GOF,0.07269170374558642,0.6847508861567807,0.2425574100976328
25803,GOF,0.03683131860052712,0.5786710011383094,0.3844976802611635
25804,LOF,0.03172873621944387,0.47248320578814645,0.49578805799240966
25805,GOF,0.10289511964207222,0.5890994151938649,0.30800546516406296
25806,GOF,0.10631432319125199,0.5848246650546614,0.30886101175408665
25807,GOF,0.018277426961934462,0.6312016157230032,0.3505209573150624
25808,GOF,0.08574275001299728,0.6426347522299953,0.27162249775700736
25809,GOF,0.01791887520390815,0.5645562758572652,0.4175248489388267
25810,GOF,0.017789403754976386,0.5981531305569926,0.384057465688031
25811,Neutral,0.4817535300351333,0.4371037485199961,0.08114272144487061
25812,GOF,0.03234031304756199,0.6159963395140257,0.35166334743841227
25813,Neutral,0.5240382571786028,0.37690194734696325,0.09905979547443391
25814,GOF,0.11963321865799861,0.6422357655331905,0.23813101580881094
25815,GOF,0.19623193944956444,0.622362418703719,0.18140564184671668
25816,GOF,0.02086009736923071,0.6921968707257493,0.28694303190501996
25817,GOF,0.24501023685891388,0.6271189576288966,0.12787080551218963
25818,GOF,0.05675643172305259,0.6568073003648776,0.28643626791206983
25819,GOF,0.3853094591755759,0.48570273277123077,0.12898780805319338
25820,GOF,0.19203726827239884,0.6032361284240773,0.2047266033035239
25821,GOF,0.0622099098405253,0.6617220345121386,0.2760680556473361
25822,GOF,0.21648383106203914,0.5703952090003339,0.21312095993762692
25823,GOF,0.03435889474392967,0.5255190528218013,0.440122052434269
25824,GOF,0.09417640383049922,0.5893336423298392,0.3164899538396615
25825,GOF,0.03738223331458179,0.5910092501197237,0.37160851656569455
25826,GOF,0.015293140965616148,0.571140478968203,0.4135663800661808
25827,GOF,0.022918061657412742,0.5939156880688776,0.38316625027370965
25828,GOF,0.01308166697317652,0.5104337140163883,0.4764846190104352
25829,GOF,0.006071705530636829,0.5632265898510143,0.4307017046183489
25830,LOF,0.036375622041294534,0.27714821419211155,0.6864761637665939
25831,GOF,0.2396961737931286,0.638910085547371,0.12139374065950044
25832,GOF,0.03569850838295706,0.7034329609089233,0.26086853070811966
25833,GOF,0.14090948199385406,0.7006209577196544,0.15846956028649153
25834,GOF,0.035740159167882375,0.7126978332122746,0.2515620076198429
25835,GOF,0.09121188691646744,0.7466414911135886,0.1621466219699438
25836,GOF,0.03900378810063625,0.6879369601503018,0.2730592517490621
25837,GOF,0.03010326699393208,0.5816979113207661,0.3881988216853018
25838,GOF,0.1056254880474004,0.754562812989279,0.13981169896332069
25839,GOF,0.331616114458874,0.5400788369031464,0.1283050486379796
25840,GOF,0.2814830115018819,0.5755120575849447,0.14300493091317346
25841,GOF,0.28055469348126677,0.5874084322031515,0.13203687431558173
25842,GOF,0.19136423458356464,0.6857261190920623,0.12290964632437308
25843,GOF,0.26547515668412514,0.6447319134590249,0.08979292985684996
25844,GOF,0.0794905494189779,0.6933795984720716,0.2271298521089504
25845,LOF,0.01754441300960553,0.4578903979793624,0.5245651890110321
25846,GOF,0.1523632474533524,0.6945752042804327,0.15306154826621501
25847,GOF,0.1241699934866624,0.7618113054202024,0.11401870109313521
25848,GOF,0.04166049049133682,0.6698631534708727,0.2884763560377904
25849,GOF,0.011683313614463784,0.5523704026558917,0.4359462837296446
25850,GOF,0.022739302496930593,0.638844583819958,0.33841611368311136
25851,GOF,0.019134869167394705,0.5038359510014953,0.47702917983111004
25852,GOF,0.17799017801451106,0.5104282164381401,0.3115816055473488
25853,GOF,0.36421629816760814,0.5581170919951313,0.07766660983726056
25854,GOF,0.025178959994700156,0.602399671036427,0.3724213689688728
25855,GOF,0.03948500077754681,0.5381078734281359,0.42240712579431716
25856,GOF,0.2532018501124042,0.5202700088288553,0.2265281410587405
25857,GOF,0.03967563954006857,0.49582976533398404,0.4644945951259475
25858,GOF,0.021826507115442643,0.5177371667663416,0.4604363261182158
25859,GOF,0.01094134827478831,0.49479684454585415,0.4942618071793574
25860,GOF,0.38330825528335055,0.5312303205617399,0.08546142415490945
25861,GOF,0.43745867681563916,0.48892349740920815,0.07361782577515265
25862,GOF,0.09126985877445133,0.7622656787249701,0.1464644625005786
25863,GOF,0.08889330552798856,0.7620332545883732,0.14907343988363825
25864,GOF,0.22159943251410064,0.7080285820697477,0.07037198541615168
25865,GOF,0.09670030499208432,0.7870563955495168,0.11624329945839888
25866,GOF,0.06542539669358707,0.7736956716809106,0.16087893162550235
25867,GOF,0.0973005880199853,0.7973826141333579,0.10531679784665691
25868,GOF,0.25795892521025415,0.6363389942716762,0.1057020805180696
25869,Neutral,0.7268144029976691,0.2307177116585181,0.042467885343812864
25870,GOF,0.29235993363729296,0.3740958487050958,0.3335442176576112
25871,GOF,0.2202673284669282,0.6385185366533241,0.14121413487974754
25872,GOF,0.08185242312578235,0.6299171448937433,0.2882304319804744
25873,GOF,0.12842922130805595,0.6483193547536232,0.22325142393832073
25874,LOF,0.015458855580074508,0.11062846480874607,0.8739126796111795
25875,LOF,0.09096633600673493,0.04015757219016976,0.8688760918030952
25876,LOF,0.03506044498608059,0.027664541461735234,0.9372750135521841
25877,Neutral,0.517151327447551,0.042978299631762716,0.4398703729206864
25878,LOF,0.20924306946461055,0.08926161831027045,0.7014953122251191
25879,LOF,0.09106516445322646,0.08609746879097309,0.8228373667558004
25880,LOF,0.03965600884145814,0.015165865819817579,0.9451781253387244
25881,LOF,0.18333777193700196,0.12040588188516757,0.6962563461778304
25882,LOF,0.06328806679078884,0.018269285212903292,0.9184426479963079
25883,LOF,0.068175588337708,0.01943006460184378,0.9123943470604482
25884,LOF,0.03076631292642139,0.03206006433161307,0.9371736227419656
25885,LOF,0.06071514186481059,0.011267287749864956,0.9280175703853245
25886,LOF,0.2592854079642532,0.03841782086528954,0.7022967711704572
25887,LOF,0.1488971850312554,0.06911706656423963,0.7819857484045051
25888,LOF,0.06439763506697296,0.05631569203477111,0.8792866728982559
25889,LOF,0.04163844277192665,0.021060228735313186,0.9373013284927602
25890,LOF,0.04372002007070124,0.14620226750682014,0.8100777124224786
25891,LOF,0.040424449356570955,0.04906581416930622,0.9105097364741227
25892,LOF,0.09079844586008216,0.018954029119371288,0.8902475250205466
25893,LOF,0.2480969330471245,0.01688269892280208,0.7350203680300734
25894,LOF,0.1827534541538678,0.009456935306990833,0.8077896105391413
25895,LOF,0.1993284174459304,0.018820564171909575,0.7818510183821599
25896,LOF,0.05227577612266774,0.020862999228713822,0.9268612246486184
25897,LOF,0.268978912143227,0.009372586751952017,0.7216485011048209
25898,Neutral,0.6974189980551826,0.007948769165597907,0.2946322327792195
25899,LOF,0.22509500384503217,0.01790513694299575,0.7569998592119722
25900,LOF,0.446742052703302,0.012991967839037423,0.5402659794576606
25901,LOF,0.05550976449775778,0.011268013229269073,0.9332222222729731
25902,LOF,0.16847235352029843,0.012926864281797937,0.8186007821979036
25903,Neutral,0.568043338979178,0.02344013827927873,0.40851652274154326
25904,LOF,0.3148703404537195,0.0416783046335951,0.6434513549126856
25905,LOF,0.02437414805713718,0.3298196197912587,0.6458062321516042
25906,LOF,0.030561647367918138,0.07683940020845755,0.8925989524236243
25907,LOF,0.01454053366180183,0.33602840621369656,0.6494310601245016
25908,LOF,0.010292547034615383,0.25509660027088826,0.7346108526944962
25909,LOF,0.012814831446626684,0.14412662194214396,0.8430585466112294
25910,LOF,0.047169287667235736,0.1271795642497085,0.8256511480830557
25911,LOF,0.18786549366229058,0.019124265635586255,0.7930102407021231
25912,LOF,0.05059837326722361,0.03570180790022908,0.9136998188325474
25913,LOF,0.32693015724235425,0.018658222212407056,0.6544116205452387
25914,LOF,0.020517913439187095,0.05629792348448099,0.923184163076332
25915,Neutral,0.5794862183878428,0.15205116979117073,0.2684626118209865
25916,LOF,0.07796105425327104,0.20737436122709044,0.7146645845196385
25917,LOF,0.061368185580524905,0.04210480497921849,0.8965270094402567
25918,LOF,0.020697190228775142,0.034247122462181076,0.9450556873090437
25919,LOF,0.019459268564253847,0.035413168556081766,0.9451275628796645
25920,GOF,0.10384374868919742,0.5814909178314994,0.3146653334793031
25921,LOF,0.025688652143173556,0.027707865714373954,0.9466034821424525
25922,LOF,0.034527497288459386,0.019733537485233706,0.9457389652263068
25923,LOF,0.42771184271833224,0.024423187574290992,0.5478649697073767
25924,LOF,0.0400648603819091,0.03553250579834771,0.9244026338197431
25925,LOF,0.07257634716509016,0.02804906844646562,0.8993745843884442
25926,LOF,0.050421595496390206,0.02538496970108146,0.9241934348025284
25927,LOF,0.059748783533308765,0.10909420137148308,0.8311570150952081
25928,LOF,0.018156847546523882,0.03746827594211381,0.9443748765113623
25929,Neutral,0.5474735156241847,0.025686009288066323,0.426840475087749
25930,LOF,0.06940674139370637,0.023718002726749232,0.9068752558795444
25931,LOF,0.026789851692115608,0.022120153223192766,0.9510899950846915
25932,LOF,0.02782583087832918,0.020329395995618626,0.9518447731260521
25933,LOF,0.03890408645199758,0.014132170896124908,0.9469637426518775
25934,LOF,0.024657707740564715,0.016872192992554172,0.958470099266881
25935,LOF,0.06327687193089848,0.03531511470531225,0.9014080133637892
25936,LOF,0.04567574444073717,0.01747632170509989,0.936847933854163
25937,LOF,0.025993266688560536,0.0277864602797209,0.9462202730317185
25938,LOF,0.06342249978140135,0.03800832046156382,0.8985691797570349
25939,LOF,0.039416276261889094,0.015007975306760051,0.9455757484313508
25940,LOF,0.03132537065438333,0.3597732537297839,0.6089013756158328
25941,LOF,0.18812631571197397,0.12567187799181284,0.6862018062962131
25942,LOF,0.014141163222882497,0.03611168686353555,0.949747149913582
25943,LOF,0.3135922381727092,0.062065129270717945,0.6243426325565729
25944,Neutral,0.5003083125155637,0.02646777212249199,0.4732239153619443
25945,LOF,0.07270440965558053,0.02194558846085573,0.9053500018835637
25946,LOF,0.029327423647303646,0.11138286748568985,0.8592897088670066
25947,LOF,0.09155739697821061,0.20836503624769184,0.7000775667740976
25948,LOF,0.3578336733008291,0.009379324440861871,0.632787002258309
25949,LOF,0.12488723866167162,0.03949512643253068,0.8356176349057977
25950,GOF,0.28906484648884595,0.3991942641322542,0.3117408893788999
25951,LOF,0.21664911839999898,0.2623057351409883,0.5210451464590127
25952,LOF,0.043011360612064245,0.44426314083441837,0.5127254985535175
25953,LOF,0.15343221195679443,0.11047941849168512,0.7360883695515203
25954,Neutral,0.4809282375055239,0.1739978273342897,0.3450739351601865
25955,LOF,0.05607257276884855,0.08373981255380886,0.8601876146773426
25956,LOF,0.16368158035560337,0.1082050810013855,0.7281133386430111
25957,LOF,0.03556315865942057,0.02678320816143155,0.9376536331791477
25958,LOF,0.05805064901906265,0.03046439446577329,0.911484956515164
25959,LOF,0.06817621902044803,0.3544321075152883,0.5773916734642636
25960,LOF,0.0162045629258313,0.05689084536556456,0.9269045917086043
25961,LOF,0.042759845021411974,0.030215513572812307,0.9270246414057757
25962,LOF,0.0534365301632423,0.027130196927010942,0.9194332729097467
25963,LOF,0.046853383388346444,0.20759764907753994,0.7455489675341137
25964,LOF,0.034373755042480185,0.1516327783741473,0.8139934665833726
25965,LOF,0.44954335627195596,0.062247182898083904,0.4882094608299602
25966,Neutral,0.522255553571194,0.17165548216395077,0.30608896426485516
25967,LOF,0.0191645843678039,0.10314286875607906,0.8776925468761171
25968,LOF,0.025696654374501048,0.42739751786543095,0.546905827760068
25969,LOF,0.027105299321733344,0.06270626016130774,0.9101884405169589
25970,LOF,0.05982351577784079,0.06796525003876522,0.872211234183394
25971,LOF,0.061704893540636095,0.018419301664556992,0.9198758047948069
25972,LOF,0.06989976256974627,0.024212139123440807,0.9058880983068129
25973,LOF,0.07179399797618638,0.009851268076332024,0.9183547339474816
25974,LOF,0.18634950760588792,0.014708648318004848,0.7989418440761071
25975,LOF,0.04258038489063688,0.0259452753414225,0.9314743397679407
25976,LOF,0.045748872500770386,0.015447130244204648,0.938803997255025
25977,LOF,0.15508477492723563,0.07354646314584537,0.771368761926919
25978,LOF,0.15194306927456516,0.062394869399972554,0.7856620613254623
25979,LOF,0.1405154973919147,0.06450906833258603,0.7949754342754991
25980,LOF,0.22506022826172697,0.07562870198112993,0.6993110697571431
25981,LOF,0.2538995300292388,0.07388319285407138,0.6722172771166897
25982,LOF,0.40220368007327867,0.050661477848502584,0.5471348420782187
25983,LOF,0.39225746364020947,0.05718406931984736,0.5505584670399432
25984,LOF,0.04738890792891042,0.04749258269987041,0.9051185093712191
25985,LOF,0.03823965816996151,0.25712584588849463,0.7046344959415438
25986,LOF,0.04950927551434592,0.27165105661355665,0.6788396678720975
25987,LOF,0.08438296761669047,0.06682093453471652,0.848796097848593
25988,LOF,0.14758543177070155,0.05827158593852037,0.7941429822907781
25989,LOF,0.03281997045599113,0.12254522427990634,0.8446348052641025
25990,LOF,0.04312849035479858,0.1486093257278465,0.808262183917355
25991,LOF,0.13016266689210756,0.2863285574512637,0.5835087756566287
25992,LOF,0.27226522850811463,0.18068092030445246,0.547053851187433
25993,LOF,0.021437620993384813,0.08484093107945785,0.8937214479271572
25994,LOF,0.016442298949907147,0.11163637765101113,0.8719213233990818
25995,LOF,0.02264640412945044,0.2292909115827904,0.7480626842877591
25996,GOF,0.29534482868993106,0.4380814705471513,0.2665737007629176
25997,LOF,0.0801920526543415,0.3876195403852615,0.532188406960397
25998,Neutral,0.5130769987559317,0.02485156616207796,0.46207143508199033
25999,LOF,0.09856412794665602,0.09152695330645459,0.8099089187468893
26000,LOF,0.14116244360148703,0.04903836916773094,0.809799187230782
26001,LOF,0.19147244527393803,0.056698129364158356,0.7518294253619037
26002,LOF,0.12904967466525247,0.04662271124337074,0.8243276140913768
26003,GOF,0.010426434237703354,0.5917430254625734,0.39783054029972326
26004,GOF,0.019026223454422148,0.6775162269419793,0.30345754960359844
26005,LOF,0.007019277381958645,0.4506737144850986,0.5423070081329427
26006,Neutral,0.5391441326629829,0.23792738526310736,0.22292848207390978
26007,GOF,0.020690631542993863,0.5287111754227152,0.45059819303429094
26008,GOF,0.015584805387095037,0.6137711774576239,0.370644017155281
26009,GOF,0.020626588226023666,0.6926905719458942,0.28668283982808207
26010,GOF,0.020888364387720623,0.6380531290529327,0.3410585065593467
26011,LOF,0.006684802842632821,0.4493092432343099,0.5440059539230574
26012,GOF,0.012294551624682262,0.5373585673707867,0.450346881004531
26013,GOF,0.019250998033358613,0.62619474943643,0.3545542525302113
26014,LOF,0.04129656807577408,0.09815655473544611,0.8605468771887798
26015,LOF,0.17351147680008278,0.013947498815555208,0.8125410243843619
26016,LOF,0.20667151873531106,0.06167013970559582,0.731658341559093
26017,LOF,0.23797240010203463,0.09505258239964971,0.6669750174983157
26018,LOF,0.0911262819962308,0.034266281839667304,0.8746074361641019
26019,LOF,0.08576203561837278,0.02661112160920765,0.8876268427724197
26020,LOF,0.06913550319708116,0.10714804420632003,0.8237164525965988
26021,LOF,0.050531779526561016,0.11118850973210283,0.8382797107413361
26022,LOF,0.011850987273936674,0.03729095504455921,0.9508580576815041
26023,LOF,0.07770919687246218,0.020037903703175933,0.9022528994243619
26024,LOF,0.03190263567220936,0.1156430524225969,0.8524543119051937
26025,LOF,0.1626464876834036,0.08876121634746999,0.7485922959691265
26026,LOF,0.31342493767001806,0.02605762566891362,0.6605174366610683
26027,LOF,0.07022086360537454,0.015975832158769628,0.9138033042358559
26028,LOF,0.1653767099331436,0.06806634133237602,0.7665569487344803
26029,LOF,0.07302751879307871,0.21303553019564514,0.7139369510112761
26030,LOF,0.022662700515712942,0.05880421558146354,0.9185330839028236
26031,LOF,0.02663407149732676,0.15670638643889875,0.8166595420637746
26032,LOF,0.06625544559347711,0.09586983491557965,0.8378747194909432
26033,LOF,0.08380504268398892,0.08859000436216692,0.8276049529538442
26034,LOF,0.04434690900520009,0.18028296080789713,0.7753701301869028
26035,LOF,0.025882904195206276,0.16765263792113075,0.8064644578836629
26036,LOF,0.03683260215204395,0.19178173399257256,0.7713856638553835
26037,LOF,0.021791139923183125,0.14129070661551513,0.8369181534613017
26038,LOF,0.06182346911606595,0.0975915819684287,0.8405849489155055
26039,LOF,0.05181899820586438,0.17912886092516012,0.7690521408689756
26040,LOF,0.1889892464688012,0.14143794965022033,0.6695728038809785
26041,LOF,0.022005131338684262,0.12735217353085967,0.8506426951304561
26042,LOF,0.020357596471765087,0.12055600202317221,0.8590864015050627
26043,LOF,0.06327821878164336,0.11080898811078765,0.825912793107569
26044,LOF,0.01982148513050848,0.07194582782042742,0.908232687049064
26045,LOF,0.0706217297715378,0.11411091450727148,0.8152673557211908
26046,LOF,0.05676546384450814,0.08878605263067206,0.8544484835248198
26047,LOF,0.07566531979755761,0.09449153970010697,0.8298431405023354
26048,LOF,0.0522381763375423,0.04146931799904234,0.9062925056634152
26049,Neutral,0.9675379429729916,0.007633024572864601,0.024829032454143713
26050,Neutral,0.9508191657154793,0.010087368800398547,0.03909346548412196
26051,LOF,0.04743449353294374,0.30958998465710513,0.6429755218099511
26052,LOF,0.06801058648294965,0.35816595799179596,0.5738234555252544
26053,LOF,0.06133054250395061,0.11707343382996632,0.8215960236660831
26054,LOF,0.052331815568272926,0.015467756736094934,0.9322004276956322
26055,LOF,0.07747016963961294,0.013154671601180579,0.9093751587592065
26056,LOF,0.06595549174139127,0.014771879983223782,0.9192726282753849
26057,LOF,0.03180001557640233,0.011637158856168615,0.956562825567429
26058,LOF,0.033276154921339694,0.009200408332189604,0.9575234367464708
26059,LOF,0.299848857899662,0.021484357638276084,0.678666784462062
26060,LOF,0.04241174879905286,0.1810271887818133,0.7765610624191338
26061,LOF,0.02012418824323516,0.010191947373896695,0.9696838643828682
26062,LOF,0.0113183826690802,0.01591415250976036,0.9727674648211594
26063,LOF,0.022255605487285966,0.010547353358525946,0.967197041154188
26064,LOF,0.02237283840571727,0.018988878528425495,0.9586382830658573
26065,LOF,0.02639427593529621,0.01029224507465195,0.9633134789900519
26066,LOF,0.02243767256499338,0.010930085185722764,0.9666322422492839
26067,LOF,0.027637052247719698,0.008124580566727772,0.9642383671855526
26068,LOF,0.04668978756923446,0.02611875371873548,0.9271914587120301
26069,LOF,0.286240886656881,0.017514972111145846,0.6962441412319731
26070,LOF,0.40456812776329654,0.01506406906953666,0.5803678031671669
26071,LOF,0.022697008118314595,0.010782035603602275,0.9665209562780832
26072,LOF,0.023530379112197058,0.01586824903552908,0.9606013718522739
26073,LOF,0.022577224448895032,0.009277253533733727,0.9681455220173714
26074,Neutral,0.9202017001906839,0.00504896506430052,0.07474933474501572
26075,LOF,0.04665778762187264,0.01338377898469931,0.939958433393428
26076,LOF,0.04319513120238259,0.008366417902358661,0.9484384508952588
26077,LOF,0.010137276009343109,0.014414842393114908,0.975447881597542
26078,LOF,0.01358613801000476,0.010563451838655053,0.9758504101513402
26079,LOF,0.06337632430500288,0.015002116547345082,0.921621559147652
26080,LOF,0.06212069666700564,0.015025525016817762,0.9228537783161767
26081,LOF,0.03468921561680329,0.00559227424719483,0.959718510136002
26082,LOF,0.015179023290387885,0.014916555151450838,0.9699044215581611
26083,LOF,0.18504616907314905,0.012288618894637764,0.8026652120322132
26084,LOF,0.04668366396121878,0.010164201992705752,0.9431521340460756
26085,LOF,0.041461749691513554,0.009543323517105774,0.9489949267913805
26086,LOF,0.02157128640670151,0.009479402777203067,0.9689493108160955
26087,LOF,0.025927149049870656,0.007379575773516114,0.9666932751766132
26088,LOF,0.016900650884927152,0.02138276968571603,0.9617165794293567
26089,LOF,0.04485719813955922,0.019740289867335892,0.935402511993105
26090,LOF,0.04480821286738541,0.01606984441518094,0.9391219427174337
26091,LOF,0.03536770395227243,0.005673562798664179,0.9589587332490633
26092,LOF,0.023600600183284116,0.007020120118236311,0.9693792796984795
26093,LOF,0.034690812931542754,0.005314477379631044,0.9599947096888262
26094,LOF,0.03703119807897767,0.005538180874738126,0.9574306210462842
26095,LOF,0.04371708297814547,0.011451346096441405,0.9448315709254131
26096,LOF,0.018868932232209035,0.010267727816932571,0.9708633399508584
26097,LOF,0.012266749497689609,0.03016223710565781,0.9575710133966526
26098,LOF,0.08038490766864462,0.009726542012481436,0.909888550318874
26099,LOF,0.022496135511694944,0.010360210406287974,0.967143654082017
26100,LOF,0.025035286879940454,0.009969761517707303,0.9649949516023522
26101,LOF,0.05267347854872003,0.013583475916115587,0.9337430455351644
26102,LOF,0.021880429254314878,0.011578602807442981,0.9665409679382422
26103,Neutral,0.8853801762357137,0.01648191382710566,0.09813790993718073
26104,LOF,0.08410238794361219,0.02128430287071112,0.8946133091856766
26105,LOF,0.2130894798619618,0.27613546716933457,0.5107750529687036
26106,LOF,0.17108158280402014,0.1124718906089555,0.7164465265870243
26107,LOF,0.209881428036709,0.08607722182568348,0.7040413501376075
26108,LOF,0.25011620187606437,0.09933068754538295,0.6505531105785527
26109,LOF,0.09791259121886677,0.05734904695371096,0.8447383618274222
26110,LOF,0.2137884615940856,0.008611963880646709,0.7775995745252676
26111,Neutral,0.49606576687647824,0.02364058232407969,0.48029365079944214
26112,LOF,0.03381806514313356,0.009137875136257655,0.9570440597206088
26113,LOF,0.06655597603045196,0.021145591630218598,0.9122984323393295
26114,LOF,0.027045051440328597,0.027050607999492153,0.9459043405601794
26115,LOF,0.08151324700492807,0.055267250683513375,0.8632195023115586
26116,LOF,0.06658221335928122,0.05777288191326687,0.8756449047274519
26117,LOF,0.4362363828120515,0.03945837015401734,0.5243052470339312
26118,LOF,0.03402373063984711,0.023572537033524972,0.9424037323266279
26119,LOF,0.021901108074297182,0.03832494023284109,0.9397739516928616
26120,LOF,0.02558988904053117,0.019250852620470108,0.9551592583389987
26121,LOF,0.042261149095148415,0.07951768334968297,0.8782211675551685
26122,LOF,0.0432028545491412,0.03767018429167192,0.9191269611591869
