feature0,prediction,LoGoFunc_Neutral,LoGoFunc_GOF,LoGoFunc_LOF
25546,Neutral,0.624318948920938,0.057229727901852614,0.3184513231772095
25547,Neutral,0.5062755728018488,0.0879528345664982,0.405771592631653
25548,Neutral,0.513417145210509,0.07862078220789936,0.4079620725815917
25549,LOF,0.455570295536484,0.07861874780153112,0.4658109566619849
25550,LOF,0.3858909764494349,0.09551608480137899,0.5185929387491861
25551,LOF,0.3315599625920521,0.10506481309502391,0.563375224312924
25552,LOF,0.3044109789143567,0.11161526530155841,0.5839737557840848
25553,Neutral,0.8000924511428074,0.04976021380864018,0.15014733504855232
25554,LOF,0.35605690787811844,0.1040726011202284,0.5398704910016532
25555,LOF,0.3061626296974636,0.0996130851558953,0.594224285146641
25556,Neutral,0.49284273379236454,0.08855858272427213,0.4185986834833633
25557,LOF,0.28902570477614714,0.10382479400757706,0.6071495012162759
25558,LOF,0.35380063676851314,0.09751661328933783,0.548682749942149
25559,LOF,0.2245939513753577,0.062327958330505,0.7130780902941373
25560,LOF,0.08742974697631695,0.148888975062448,0.7636812779612351
25561,LOF,0.09675532456163222,0.21638987198652893,0.6868548034518388
25562,LOF,0.03732207009433794,0.10733973772877071,0.8553381921768913
25563,LOF,0.010085578861599286,0.15299987040629873,0.8369145507321021
25564,LOF,0.08774332320296759,0.11264569786958456,0.7996109789274479
25565,LOF,0.1594651970422735,0.14521053608019768,0.6953242668775289
25566,GOF,0.0664504792539532,0.649361515446607,0.28418800529943977
25567,LOF,0.042658500585746884,0.17171532036350445,0.7856261790507486
25568,LOF,0.06129179164292731,0.0953032130709058,0.8434049952861669
25569,LOF,0.061709230342208876,0.09082615339320929,0.8474646162645818
25570,LOF,0.02970039636505677,0.13647388413453243,0.8338257195004108
25571,LOF,0.026337811681575982,0.14242327737929852,0.8312389109391255
25572,LOF,0.062209296167575104,0.18217892979322448,0.7556117740392005
25573,LOF,0.056815148550258696,0.13573394161792246,0.8074509098318189
25574,LOF,0.05966979650077618,0.22498349558202027,0.7153467079172036
25575,LOF,0.02671512727384573,0.14588842700981955,0.8273964457163347
25576,LOF,0.02774456322090139,0.21478671176698683,0.7574687250121118
25577,LOF,0.032254185772200225,0.16098062467764243,0.8067651895501574
25578,LOF,0.312967557819267,0.1095502498654264,0.5774821923153066
25579,LOF,0.2026341971692217,0.10618401499524378,0.6911817878355345
25580,LOF,0.023748075543030427,0.10009049931336121,0.8761614251436084
25581,LOF,0.049172691820518234,0.09629784771506779,0.854529460464414
25582,LOF,0.048762380822080814,0.09372769887191647,0.8575099203060027
25583,LOF,0.029196776108099218,0.10249343014044596,0.8683097937514547
25584,Neutral,0.7142113627466794,0.13137098596670407,0.1544176512866165
25585,LOF,0.02216211973219913,0.2149801628275249,0.7628577174402761
25586,LOF,0.0196962347201988,0.10665923737841215,0.873644527901389
25587,LOF,0.01976503120677543,0.09935082579200379,0.8808841430012206
25588,LOF,0.023437861694129217,0.09572850063611318,0.8808336376697575
25589,Neutral,0.5218481101928423,0.2332275266379769,0.24492436316918081
25590,LOF,0.04791670315572518,0.14284366982271773,0.8092396270215572
25591,LOF,0.08546476744045431,0.07856802908285963,0.8359672034766861
25592,LOF,0.06529463963421193,0.18418257628183993,0.7505227840839482
25593,LOF,0.10695851049595946,0.3000459454347591,0.5929955440692815
25594,LOF,0.058434497836914845,0.04622872630574404,0.8953367758573412
25595,LOF,0.056642318517160124,0.030107771593584912,0.9132499098892549
25596,LOF,0.13434756049309998,0.01859998738575666,0.8470524521211433
25597,LOF,0.09308798120350861,0.01950689835914918,0.8874051204373423
25598,LOF,0.05482168157634006,0.03134350356819816,0.9138348148554619
25599,LOF,0.024004885552360664,0.3404452952087789,0.6355498192388603
25600,LOF,0.17744644301036766,0.38238162848483803,0.4401719285047943
25601,LOF,0.03900754005507602,0.29026890083242585,0.6707235591124981
25602,LOF,0.029766257297953513,0.08386932028396889,0.8863644224180774
25603,LOF,0.04525321918737442,0.07642026594551626,0.8783265148671093
25604,LOF,0.04682181446747732,0.13428851586268117,0.8188896696698414
25605,LOF,0.032213204722052094,0.23107825720113775,0.7367085380768101
25606,Neutral,0.4247035871051449,0.21739622879433845,0.3579001841005166
25607,LOF,0.028086761763987007,0.2677253218190348,0.7041879164169781
25608,LOF,0.03963180820585922,0.15463739327715442,0.8057307985169865
25609,GOF,0.1730832629743214,0.5370524568212338,0.2898642802044448
25610,LOF,0.017314942371649857,0.05542929862989773,0.9272557589984524
25611,LOF,0.014566739996338328,0.06237784269751072,0.923055417306151
25612,LOF,0.0498244034315076,0.06687411154067682,0.8833014850278155
25613,LOF,0.04563269616747112,0.06875790921029189,0.8856093946222371
25614,LOF,0.02777356569166216,0.047962337694164074,0.9242640966141739
25615,LOF,0.043551812412245865,0.0631546172397076,0.8932935703480465
25616,LOF,0.06232211829106998,0.05974693039365534,0.8779309513152747
25617,LOF,0.04636519810027282,0.059917992719653874,0.8937168091800732
25618,LOF,0.058246783653405056,0.08569741229012084,0.8560558040564741
25619,LOF,0.014524690626507594,0.060878837861718965,0.9245964715117735
25620,LOF,0.06286920776286822,0.06955106749920634,0.8675797247379256
25621,LOF,0.0670909300121466,0.06036839324305485,0.8725406767447986
25622,LOF,0.06974909009190015,0.06500266365965451,0.8652482462484454
25623,LOF,0.060652079764202,0.04233851917792886,0.8970094010578691
25624,LOF,0.0229417804686684,0.05993880817688146,0.9171194113544501
25625,LOF,0.06657677997865952,0.057905589139787474,0.8755176308815531
25626,LOF,0.05090731969884798,0.06335593520245181,0.8857367450987002
25627,Neutral,0.8820711824257698,0.024737230128189246,0.09319158744604099
25628,LOF,0.16327237492361774,0.06992863690648551,0.7667989881698967
25629,LOF,0.06955604980404569,0.06705631314526525,0.863387637050689
25630,LOF,0.2771288064173406,0.07768429166394204,0.6451869019187174
25631,Neutral,0.5493185292067567,0.07081894748155401,0.3798625233116893
25632,LOF,0.03365385965443698,0.0920664439114069,0.874279696434156
25633,LOF,0.23742072095223346,0.06984520751530252,0.692734071532464
25634,LOF,0.043547432696467506,0.11246313923850892,0.8439894280650235
25635,LOF,0.04402038751331119,0.05863183045405695,0.8973477820326319
25636,GOF,0.03162212185135038,0.5363751238761829,0.4320027542724666
25637,GOF,0.05681509628748509,0.5152141296054387,0.42797077410707635
25638,GOF,0.03418067014269054,0.5029932476740574,0.46282608218325216
25639,LOF,0.033190080553965946,0.48163218987323025,0.4851777295728038
25640,Neutral,0.862313085615219,0.08477308623261313,0.05291382815216786
25641,GOF,0.0823409220168317,0.4665013538810351,0.4511577241021331
25642,LOF,0.07561503823504599,0.18806492082789772,0.7363200409370563
25643,LOF,0.2984432557239784,0.1311029650545989,0.5704537792214227
25644,GOF,0.011028030763726665,0.619101251809074,0.3698707174271994
25645,GOF,0.012142260858207864,0.6295928757342474,0.3582648634075447
25646,LOF,0.030556299540257084,0.41262347197956856,0.5568202284801743
25647,LOF,0.01287724347274084,0.3283211729431377,0.6588015835841213
25648,LOF,0.015323979205672073,0.39642443085790513,0.5882515899364228
25649,LOF,0.009283187570300508,0.2977929549179533,0.6929238575117461
25650,GOF,0.02211460399517586,0.5980095245976449,0.3798758714071793
25651,LOF,0.009794782152073413,0.40351765776986026,0.5866875600780663
25652,LOF,0.013681251872659752,0.42392599740920817,0.562392750718132
25653,GOF,0.03903433755673626,0.6027476182178194,0.3582180442254443
25654,LOF,0.010931033055790457,0.2970446812693979,0.6920242856748117
25655,GOF,0.11467093392343962,0.6474202906740015,0.23790877540255886
25656,LOF,0.3327191452180414,0.1726156558603224,0.49466519892163624
25657,LOF,0.05487190386592557,0.11398985602614288,0.8311382401079316
25658,LOF,0.3372073312829238,0.1716993599335776,0.4910933087834987
25659,Neutral,0.4356051625175815,0.20560727686410332,0.3587875606183152
25660,LOF,0.019682927053527036,0.11735589164772572,0.8629611812987472
25661,LOF,0.08398334079346371,0.06939139038055296,0.8466252688259833
25662,LOF,0.030344168277223988,0.03838362419893418,0.9312722075238418
25663,LOF,0.03427009079477486,0.04069211790601815,0.925037791299207
25664,LOF,0.12507660435043177,0.07133759070504544,0.8035858049445228
25665,LOF,0.06764885477916124,0.03063211081358861,0.9017190344072502
25666,LOF,0.09494974649926334,0.05842005805530151,0.8466301954454352
25667,LOF,0.06473824292930715,0.04008041100112809,0.8951813460695648
25668,LOF,0.033071558117250974,0.0501833142646978,0.9167451276180512
25669,LOF,0.027033912809868412,0.050154988988739935,0.9228110982013916
25670,LOF,0.12708764999840308,0.0433449215175625,0.8295674284840345
25671,LOF,0.10204337769169004,0.042774909093292506,0.8551817132150173
25672,LOF,0.05580850526387305,0.045681688293318,0.8985098064428089
25673,LOF,0.09959759823427168,0.048638384632614676,0.8517640171331137
25674,LOF,0.08481842421243246,0.06243716250210621,0.8527444132854614
25675,LOF,0.10578067302809309,0.07234676797098927,0.8218725590009177
25676,LOF,0.01555689530617631,0.06051819491226954,0.9239249097815542
25677,LOF,0.020141244771401254,0.07642717262010314,0.9034315826084955
25678,LOF,0.16956606832413382,0.08530939282210236,0.7451245388537638
25679,LOF,0.12119594038009952,0.08973123686615168,0.7890728227537489
25680,LOF,0.02795424732036852,0.13148188475160338,0.8405638679280281
25681,LOF,0.04619721994289146,0.12608940885187184,0.8277133712052367
25682,LOF,0.12937558848047834,0.08094338708281014,0.7896810244367115
25683,LOF,0.11336750864274851,0.08631784603438768,0.8003146453228638
25684,LOF,0.03307706274491711,0.07216545541038741,0.8947574818446955
25685,LOF,0.10243490665855289,0.07893383992199528,0.8186312534194519
25686,LOF,0.07058729208014294,0.11784515053267257,0.8115675573871846
25687,LOF,0.11976161727664948,0.11520264179385845,0.765035740929492
25688,LOF,0.4123685983226696,0.038079727393036306,0.5495516742842942
25689,LOF,0.30097171101951653,0.049208064225789175,0.6498202247546943
25690,LOF,0.3477837668852288,0.03564967383702459,0.6165665592777466
25691,Neutral,0.7131580598252087,0.0344981755634767,0.2523437646113146
25692,LOF,0.3339748537435493,0.0144887650712989,0.6515363811851519
25693,LOF,0.04137996420063802,0.46599853518186796,0.4926215006174941
25694,LOF,0.11589721360097974,0.016891651648069515,0.8672111347509508
25695,LOF,0.10956050089140455,0.010822974709722004,0.8796165243988735
25696,LOF,0.12792240806634625,0.012865635918317074,0.8592119560153367
25697,LOF,0.061722611765542786,0.10473410009540471,0.8335432881390525
25698,LOF,0.27510937482018244,0.23405844874301304,0.49083217643680466
25699,LOF,0.4489529987543789,0.03591245451508179,0.5151345467305394
25700,LOF,0.07930509392799386,0.011652796017137998,0.9090421100548681
25701,LOF,0.1562251231629963,0.03146913480450261,0.812305742032501
25702,GOF,0.15874573232313452,0.6310366637030909,0.21021760397377467
25703,LOF,0.016526845464168296,0.16350684254306072,0.819966311992771
25704,LOF,0.03748484756071349,0.16445019617181725,0.7980649562674693
25705,LOF,0.03992270630477252,0.1050101103016059,0.8550671833936216
25706,LOF,0.12061701998856489,0.3559152590573707,0.5234677209540644
25707,LOF,0.0817005860090249,0.2926890087352119,0.6256104052557633
25708,LOF,0.03921209703509491,0.28005361460696065,0.6807342883579444
25709,LOF,0.07292052786577449,0.030476275953558864,0.8966031961806665
25710,LOF,0.013454367776728362,0.12018403684517188,0.8663615953780998
25711,LOF,0.02000232027970117,0.07568274419946838,0.9043149355208305
25712,LOF,0.015934132294733987,0.1682303800139858,0.8158354876912801
25713,LOF,0.01801201251601548,0.07978549515057995,0.9022024923334047
25714,LOF,0.07243715560836529,0.058725790555724744,0.8688370538359099
25715,LOF,0.012048353798621708,0.11127364011290679,0.8766780060884715
25716,LOF,0.011541759280353076,0.0997047398094038,0.8887535009102431
25717,LOF,0.016788742091083053,0.08611525478013761,0.8970960031287792
25718,LOF,0.011175976551211836,0.07356967393072715,0.9152543495180611
25719,LOF,0.02149844646832579,0.0732139374937647,0.9052876160379096
25720,LOF,0.026578726773151543,0.05654529700324877,0.9168759762235997
25721,LOF,0.013547739790923236,0.08821765170821048,0.8982346085008662
25722,LOF,0.0139018949639534,0.06716618448986834,0.9189319205461782
25723,LOF,0.025878371668384338,0.03914665560240816,0.9349749727292075
25724,LOF,0.03353303501559174,0.06570683894060834,0.9007601260438
25725,LOF,0.011342833611991504,0.06053517443881074,0.9281219919491979
25726,LOF,0.01577475909289671,0.08506249816412902,0.8991627427429743
25727,LOF,0.012507442150976635,0.06428540085979698,0.9232071569892263
25728,LOF,0.01017623028828055,0.07289926179210703,0.9169245079196124
25729,LOF,0.010424221680574617,0.06970099926936481,0.9198747790500605
25730,LOF,0.01382728455685092,0.07300525930101974,0.9131674561421294
25731,LOF,0.022452090627591955,0.07842673615049911,0.8991211732219089
25732,LOF,0.012421183155794978,0.04395828473464887,0.9436205321095561
25733,LOF,0.01690936692545428,0.045095537679832036,0.9379950953947138
25734,LOF,0.011970901162710327,0.11101797209172541,0.8770111267455644
25735,LOF,0.011084127770745697,0.052512286921304295,0.9364035853079501
25736,LOF,0.011823764385330856,0.054326797595846466,0.9338494380188227
25737,LOF,0.011955877896216792,0.07365064048206423,0.9143934816217189
25738,LOF,0.01201412761819641,0.07203683505420994,0.9159490373275937
25739,LOF,0.02052313058757776,0.05720001819686929,0.9222768512155529
25740,LOF,0.031180346846483624,0.08484878759550571,0.8839708655580107
25741,LOF,0.015111669913289496,0.0824925954090104,0.9023957346777002
25742,LOF,0.12147744973258195,0.062471114877759255,0.8160514353896589
25743,LOF,0.037021026587009113,0.04909326675217002,0.9138857066608208
25744,Neutral,0.597266429087491,0.2367094261268632,0.16602414478564587
25745,LOF,0.07102481792770267,0.0648666103279428,0.8641085717443544
25746,LOF,0.04602895839910788,0.08792356945224523,0.8660474721486469
25747,LOF,0.025253465139678275,0.07864980281015214,0.8960967320501696
25748,LOF,0.12014869967621314,0.12384682662369642,0.7560044737000904
25749,LOF,0.030212658937441426,0.08204972822899224,0.8877376128335662
25750,LOF,0.07267597557853556,0.10470848692653903,0.8226155374949254
25751,LOF,0.1008150847262054,0.12769324961757156,0.7714916656562231
25752,GOF,0.10839989303203384,0.6381311857924351,0.25346892117553105
25753,LOF,0.02869899321680889,0.37762989894837684,0.5936711078348142
25754,GOF,0.01594013304812943,0.8321170915119978,0.15194277543987275
25755,LOF,0.028140277202502232,0.43448679243806704,0.5373729303594308
25756,LOF,0.057883289879754315,0.40251655688131205,0.5396001532389336
25757,GOF,0.02328343276539963,0.8756841977853633,0.10103236944923706
25758,GOF,0.029184746941387688,0.8234611472546994,0.14735410580391278
25759,GOF,0.011711341747764304,0.6166998621036284,0.37158879614860735
25760,LOF,0.015744296653495807,0.36550562456457875,0.6187500787819254
25761,GOF,0.2699753122966324,0.6581116120271018,0.07191307567626594
25762,LOF,0.05209801475327389,0.36675411412439823,0.5811478711223279
25763,LOF,0.01767978536544458,0.28261393477395014,0.6997062798606053
25764,GOF,0.0722939716162023,0.7083101672442166,0.21939586113958107
25765,GOF,0.03631913315135101,0.7783852964257849,0.1852955704228641
25766,GOF,0.061027673878911066,0.793124502206926,0.145847823914163
25767,GOF,0.15616298067310636,0.5416014908085548,0.3022355285183389
25768,LOF,0.11187103343602656,0.05284784205047792,0.8352811245134955
25769,LOF,0.0493352328278171,0.05602580386496695,0.8946389633072159
25770,LOF,0.3295127366772018,0.10824294819997494,0.5622443151228232
25771,LOF,0.05175378323339181,0.05158996227503687,0.8966562544915714
25772,LOF,0.019517714143192658,0.047815531924090535,0.9326667539327168
25773,LOF,0.05630146960725381,0.08645253147014616,0.8572459989226
25774,LOF,0.03000545994092648,0.10833279520630118,0.8616617448527722
25775,LOF,0.05486646008887648,0.07441202232742103,0.8707215175837024
25776,LOF,0.06645883084802628,0.03291224351241776,0.9006289256395559
25777,LOF,0.3428142053079434,0.09198396181443076,0.5652018328776258
25778,LOF,0.06337153331074098,0.05319262668358488,0.8834358400056741
25779,GOF,0.39897183697738037,0.5415208940162918,0.05950726900632785
25780,GOF,0.35393587972006096,0.5448526252075357,0.10121149507240337
25781,GOF,0.10594041047883863,0.7607772568344432,0.13328233268671819
25782,GOF,0.19562259836309032,0.710101904747275,0.09427549688963466
25783,GOF,0.024900508110223783,0.6441981326383404,0.3309013592514359
25784,Neutral,0.5326894416552768,0.42426779336041115,0.04304276498431196
25785,Neutral,0.517244116925856,0.4324208657358251,0.050335017338318876
25786,GOF,0.034984746675150453,0.7081907658960056,0.256824487428844
25787,Neutral,0.6833907786770629,0.2841739563705855,0.03243526495235151
25788,LOF,0.05346819456102217,0.08175603411233773,0.8647757713266401
25789,GOF,0.1858184183590879,0.6385277154710478,0.17565386616986425
25790,GOF,0.27040257737005213,0.6214276169254719,0.10816980570447605
25791,GOF,0.14090989984436234,0.6735425156426658,0.1855475845129719
25792,GOF,0.3637009951085634,0.5023229979784538,0.13397600691298275
25793,GOF,0.2504393435846307,0.47959870553731415,0.2699619508780551
25794,GOF,0.31124329994607086,0.45992744220979453,0.22882925784413455
25795,GOF,0.06085283937651968,0.6361696815973147,0.3029774790261657
25796,Neutral,0.5456265653176444,0.3650745747342648,0.08929885994809077
25797,GOF,0.07894761170513968,0.5347423521310236,0.3863100361638367
25798,LOF,0.009814662824969015,0.48490949975260483,0.5052758374224261
25799,LOF,0.007242974362135936,0.438564132433149,0.554192893204715
25800,GOF,0.032403748676331466,0.6038544558923125,0.36374179543135615
25801,GOF,0.22410926778409956,0.663145303813786,0.11274542840211445
25802,GOF,0.0667544319180934,0.6561494661202083,0.27709610196169826
25803,GOF,0.04074411205128862,0.5655414548104091,0.39371443313830234
25804,GOF,0.03639588934920142,0.4926036201181268,0.4710004905326718
25805,GOF,0.12687652819224432,0.5648397128107776,0.3082837589969781
25806,GOF,0.14737640653626233,0.5640000138968854,0.28862357956685236
25807,GOF,0.02264579319867694,0.6138147255141538,0.3635394812871694
25808,GOF,0.12104815975624826,0.55952760612096,0.31942423412279175
25809,GOF,0.020131294766544166,0.6081505519586381,0.37171815327481783
25810,GOF,0.019797332576322258,0.609280531369702,0.3709221360539757
25811,Neutral,0.5266624071504517,0.406728934790507,0.06660865805904137
25812,GOF,0.04427900251486894,0.6022558045079891,0.3534651929771418
25813,Neutral,0.5957059025034503,0.2977606513817999,0.10653344611474959
25814,GOF,0.15372555781498695,0.6059461026130198,0.24032833957199315
25815,GOF,0.2523459456590071,0.5436933618966785,0.20396069244431447
25816,GOF,0.022398775594085336,0.6554083327185881,0.32219289168732657
25817,GOF,0.2319681871232353,0.6263595506589521,0.1416722622178126
25818,GOF,0.054865259673881686,0.5341301159098616,0.4110046244162566
25819,GOF,0.39599960858400984,0.4320042319535545,0.17199615946243563
25820,GOF,0.2224802471311563,0.551135450939007,0.22638430192983672
25821,GOF,0.07262287346730938,0.6308098106898105,0.2965673158428802
25822,GOF,0.2888345289891981,0.47840413023435496,0.23276134077644692
25823,LOF,0.036541678633838365,0.4609997658438836,0.502458555522278
25824,GOF,0.09581956399214152,0.4808306192658299,0.4233498167420286
25825,GOF,0.03418999371985986,0.49843687251088603,0.4673731337692542
25826,LOF,0.012470103700201452,0.4608988099433392,0.5266310863564594
25827,GOF,0.020636233546864106,0.5210542090267004,0.45830955742643537
25828,LOF,0.013933842151224413,0.44319657023954645,0.5428695876092291
25829,LOF,0.006872335173072077,0.4807149273975003,0.5124127374294275
25830,LOF,0.0402504385342496,0.2650306007420094,0.694718960723741
25831,GOF,0.1474127266016065,0.7114140765108633,0.1411731968875301
25832,GOF,0.03819928818613603,0.6612090673083199,0.3005916445055441
25833,GOF,0.13013708955034556,0.6640070145787667,0.20585589587088793
25834,GOF,0.04216853893203493,0.6620035643507773,0.29582789671718784
25835,GOF,0.1067836644174103,0.6628452618919664,0.23037107369062348
25836,GOF,0.04869066594756355,0.6344123904968898,0.31689694355554654
25837,GOF,0.024476939409686843,0.5177815292038433,0.45774153138646984
25838,GOF,0.08388174174247871,0.698030859042262,0.2180873992152592
25839,GOF,0.32727978378668476,0.50692847529953,0.16579174091378526
25840,GOF,0.23484613177374558,0.5653415083922739,0.19981235983398046
25841,GOF,0.23350449197475073,0.5646312284919061,0.2018642795333432
25842,GOF,0.18399153502369098,0.6255142414003655,0.19049422357594345
25843,GOF,0.22048223854082427,0.6237740846875611,0.15574367677161466
25844,GOF,0.06081491275688466,0.6287083549194785,0.31047673232363676
25845,LOF,0.014762809893586125,0.45547182065785713,0.5297653694485568
25846,GOF,0.09236018961639948,0.7015266096957505,0.20611320068784997
25847,GOF,0.13326952780808882,0.6934689581906317,0.17326151400127962
25848,GOF,0.03485379743454692,0.6277363249399183,0.3374098776255348
25849,GOF,0.010336884876714057,0.515972254879066,0.47369086024422
25850,GOF,0.02394003273495498,0.585377794565862,0.3906821726991829
25851,LOF,0.0183684831819735,0.48467974876187137,0.4969517680561551
25852,GOF,0.13548419284771576,0.563529051327092,0.3009867558251924
25853,GOF,0.31853770944096105,0.5875720110465537,0.09389027951248524
25854,GOF,0.01769174279441503,0.58813851563449,0.3941697415710949
25855,GOF,0.03846060255001376,0.5668625574566919,0.3946768399932943
25856,GOF,0.22381538645555965,0.5381237533370378,0.23806086020740252
25857,LOF,0.03706888260537005,0.47353427500316153,0.48939684239146836
25858,GOF,0.02066617039627788,0.5236313987109339,0.4557024308927881
25859,GOF,0.012314037548917486,0.5071995543348896,0.48048640811619275
25860,GOF,0.3893578292090635,0.5121867813890066,0.09845538940192976
25861,GOF,0.36763745789476915,0.5382918088232023,0.09407073328202854
25862,GOF,0.08148521833123944,0.7723257292668972,0.1461890524018634
25863,GOF,0.087146510932005,0.7647527483451898,0.14810074072280516
25864,GOF,0.196364510618721,0.7175853503155839,0.08605013906569516
25865,GOF,0.07169197820241772,0.7756997716279022,0.15260825016968002
25866,GOF,0.062403644258498085,0.7907298304206667,0.14686652532083508
25867,GOF,0.07725970945701227,0.7931417376332828,0.12959855290970484
25868,GOF,0.2854194886389221,0.5981609963193094,0.11641951504176863
25869,Neutral,0.6982470530106343,0.25404008371791603,0.04771286327144959
25870,LOF,0.31860286388723125,0.24729609963953356,0.43410103647323517
25871,GOF,0.2159497780864646,0.5978947877553941,0.18615543415814134
25872,GOF,0.08399764255151268,0.5781045483668572,0.3378978090816302
25873,GOF,0.1653683462913857,0.5746940592497739,0.2599375944588404
25874,LOF,0.0227637735522444,0.09477840206347986,0.8824578243842758
25875,LOF,0.08546331416050039,0.0566671912949724,0.8578694945445272
25876,LOF,0.02796133596517061,0.04521939262941919,0.9268192714054102
25877,Neutral,0.5151972074804234,0.06604445538868801,0.41875833713088856
25878,LOF,0.23470094168074646,0.1033869249624845,0.6619121333567691
25879,LOF,0.09494743697570371,0.10833037635900693,0.7967221866652894
25880,LOF,0.02187526330471803,0.0198467060748589,0.958278030620423
25881,LOF,0.17802298278460862,0.18776401546234825,0.6342130017530432
25882,LOF,0.0914391576638025,0.02392944101353948,0.8846314013226582
25883,LOF,0.0935413497764181,0.03699817356653033,0.8694604766570516
25884,LOF,0.04486016311953023,0.04719897257658987,0.9079408643038798
25885,LOF,0.07469916911880677,0.015570829321914222,0.909730001559279
25886,LOF,0.365752575372733,0.0722737697390344,0.5619736548882327
25887,LOF,0.18537301710984533,0.12037787276444926,0.6942491101257054
25888,LOF,0.07051318254595772,0.10418439520505059,0.8253024222489916
25889,LOF,0.056724770059980535,0.03390766802971201,0.9093675619103073
25890,LOF,0.05086634589710549,0.15890665316198244,0.790227000940912
25891,LOF,0.042342296563348515,0.07833387979228154,0.87932382364437
25892,LOF,0.10582876579162968,0.021589758380943482,0.8725814758274267
25893,LOF,0.27545662811610266,0.015440946523831973,0.7091024253600654
25894,LOF,0.17325107860550673,0.008152200494885336,0.818596720899608
25895,LOF,0.2053902044594859,0.01872516476671784,0.7758846307737963
25896,LOF,0.04919256682664085,0.02059111795346361,0.9302163152198955
25897,LOF,0.24464244927665382,0.013406412668691121,0.7419511380546551
25898,Neutral,0.7167538762367938,0.009657802687364393,0.2735883210758419
25899,LOF,0.24380228307630245,0.027424031690349144,0.7287736852333483
25900,LOF,0.4804258599938847,0.016070044893735574,0.5035040951123797
25901,LOF,0.05634357298222451,0.012405987398988178,0.9312504396187874
25902,LOF,0.20984793704205573,0.010342273679519442,0.7798097892784247
25903,Neutral,0.5268064849531022,0.02563238978134335,0.4475611252655544
25904,LOF,0.24406461554398187,0.04303767486964601,0.7128977095863722
25905,LOF,0.024280720141133343,0.34514590070917817,0.6305733791496885
25906,LOF,0.02161196199959819,0.07646467798766587,0.9019233600127359
25907,LOF,0.013006331115247747,0.36461796968176924,0.622375699202983
25908,LOF,0.011034151379293089,0.24523614282322223,0.7437297057974848
25909,LOF,0.012545293379485343,0.18601584555410997,0.8014388610664047
25910,LOF,0.053931220367332444,0.11007822846736981,0.8359905511652977
25911,LOF,0.10273093884991358,0.030580094000712776,0.8666889671493737
25912,LOF,0.03288374672297381,0.05709799962641351,0.9100182536506127
25913,LOF,0.2526923305284035,0.023166847383019006,0.7241408220885776
25914,LOF,0.025509494485309158,0.12091718033119453,0.8535733251834963
25915,Neutral,0.42145569296236884,0.26322777696067384,0.3153165300769574
25916,LOF,0.06635735875856581,0.30143653177985386,0.6322061094615803
25917,LOF,0.07122216019284532,0.06528565803766082,0.8634921817694939
25918,LOF,0.0343386314702166,0.08453756832410121,0.8811238002056822
25919,LOF,0.029713073582016306,0.09082534511209352,0.8794615813058901
25920,GOF,0.1029559090659153,0.5134676457942148,0.3835764451398699
25921,LOF,0.03536653536774714,0.026061941080110115,0.9385715235521427
25922,LOF,0.04762623690518506,0.014711304243746693,0.9376624588510682
25923,LOF,0.3891005442617139,0.01612373147189501,0.594775724266391
25924,LOF,0.046714029716780264,0.02336570664194396,0.9299202636412758
25925,LOF,0.0682820877491361,0.024315157363909778,0.9074027548869541
25926,LOF,0.04853355851342793,0.017293478651716335,0.9341729628348557
25927,LOF,0.07874750697649845,0.04810964269809665,0.873142850325405
25928,LOF,0.027412943562090064,0.02085234411337477,0.9517347123245351
25929,Neutral,0.5268147124228766,0.017656609005839364,0.45552867857128415
25930,LOF,0.06317914748598939,0.01208815015907985,0.9247327023549307
25931,LOF,0.036274120863413806,0.017240016667996162,0.9464858624685901
25932,LOF,0.03120702654246293,0.014199182498206715,0.9545937909593304
25933,LOF,0.041656990552243325,0.009486531770683817,0.9488564776770729
25934,LOF,0.02723133034732737,0.010593147783322852,0.9621755218693497
25935,LOF,0.06421477458594158,0.028290501342324623,0.9074947240717338
25936,LOF,0.048833866556836136,0.013159749249313648,0.9380063841938502
25937,LOF,0.033355940479788126,0.018555168536379545,0.9480888909838323
25938,LOF,0.06486317865356325,0.030403600240286304,0.9047332211061504
25939,LOF,0.04406549128462901,0.008761139018803793,0.9471733696965671
25940,LOF,0.024675934232297973,0.3815477971655026,0.5937762686021995
25941,LOF,0.1318959235291857,0.08000462715843891,0.7880994493123755
25942,LOF,0.012833611134776391,0.04020638706565575,0.9469600017995677
25943,LOF,0.29433403104626876,0.05761164978241348,0.6480543191713177
25944,Neutral,0.4951183735466406,0.03281978253297086,0.4720618439203884
25945,LOF,0.055766716212998356,0.024303683617480084,0.9199296001695215
25946,LOF,0.03158726203376496,0.15530280319766354,0.8131099347685715
25947,LOF,0.11246178610828532,0.21622495404348258,0.6713132598482322
25948,LOF,0.41280068695084987,0.01666189222258645,0.5705374208265638
25949,LOF,0.08959186635547679,0.0629329939513584,0.8474751396931648
25950,GOF,0.29565117333491225,0.4515307829587029,0.2528180437063847
25951,LOF,0.2666780884562349,0.21780275856567805,0.515519152978087
25952,GOF,0.0626929081318498,0.4879791623595696,0.4493279295085805
25953,LOF,0.14835982688024976,0.10531065465429124,0.7463295184654589
25954,Neutral,0.42919316096788956,0.22882465196444837,0.341982187067662
25955,LOF,0.06673818895771966,0.10345720026927192,0.8298046107730085
25956,LOF,0.20647578491074944,0.061676064368761864,0.7318481507204887
25957,LOF,0.04477684857541848,0.025804903348484978,0.9294182480760964
25958,LOF,0.056850517822548144,0.02592627324092036,0.9172232089365315
25959,LOF,0.08200027317853428,0.28756196017256996,0.6304377666488958
25960,LOF,0.022054276876592057,0.05185767301183359,0.9260880501115742
25961,LOF,0.04712064448400249,0.03327217081717549,0.919607184698822
25962,LOF,0.060489383635308425,0.030618203112694403,0.9088924132519971
25963,LOF,0.05545835445942643,0.1689237200533841,0.7756179254871894
25964,LOF,0.03607918867072321,0.13598022471033508,0.8279405866189418
25965,LOF,0.4422626891000276,0.0733538414502907,0.48438346944968186
25966,Neutral,0.42306232465618804,0.19152575701207464,0.3854119183317374
25967,LOF,0.012876395262941232,0.07545181306002327,0.9116717916770354
25968,LOF,0.033240741642113915,0.382827224173061,0.5839320341848251
25969,LOF,0.022685001914684984,0.05558963981386414,0.9217253582714509
25970,LOF,0.0535576485953094,0.07105776009754904,0.8753845913071415
25971,LOF,0.070066589363432,0.025839707703128878,0.9040937029334392
25972,LOF,0.07619038288371974,0.032130800583197255,0.8916788165330829
25973,LOF,0.10154353986723474,0.009172043880820617,0.8892844162519445
25974,LOF,0.23123334752770788,0.020875742189386426,0.7478909102829057
25975,LOF,0.05009717706757175,0.02975918173442323,0.920143641198005
25976,LOF,0.043376018404001085,0.01902356654405585,0.9376004150519431
25977,LOF,0.14445343443968786,0.09320372204496359,0.7623428435153484
25978,LOF,0.11134474227017065,0.0865546393086621,0.8021006184211672
25979,LOF,0.11016359707876769,0.08026030072837805,0.8095761021928544
25980,LOF,0.15087822657039177,0.1109413027427115,0.7381804706868967
25981,LOF,0.1838704656115805,0.10656853057787483,0.7095610038105445
25982,LOF,0.3442489010536801,0.07279489088114853,0.5829562080651713
25983,LOF,0.33211685291930465,0.06987346838910886,0.5980096786915865
25984,LOF,0.04692963859606129,0.092451640603074,0.8606187208008648
25985,LOF,0.020417950083213857,0.31931495507496305,0.6602670948418231
25986,LOF,0.02695183945127933,0.3154352569296823,0.6576129036190385
25987,LOF,0.07774933733677121,0.10029539586553812,0.8219552667976907
25988,LOF,0.10979812710806974,0.09380598334675082,0.7963958895451794
25989,LOF,0.02461161571743777,0.15893737763833313,0.8164510066442291
25990,LOF,0.03460703192227946,0.13900281061997863,0.826390157457742
25991,GOF,0.13354912235856436,0.48491134061078184,0.3815395370306537
25992,LOF,0.34683187747684346,0.2839929283455476,0.369175194177609
25993,LOF,0.023067119868877127,0.09867671119096091,0.878256168940162
25994,LOF,0.015450150125773266,0.13410166181069957,0.8504481880635271
25995,LOF,0.025095497028483883,0.2012497696651244,0.7736547333063917
25996,GOF,0.17577265884726292,0.6531400878492439,0.1710872533034931
25997,GOF,0.07768580554205283,0.5900108572100944,0.33230333724785277
25998,Neutral,0.5550754425810157,0.018476558989872906,0.42644799842911135
25999,LOF,0.1285174268348082,0.16738253412419402,0.7041000390409977
26000,LOF,0.14460901572523163,0.04625736964402068,0.8091336146307476
26001,LOF,0.1754847870354465,0.03763845533387984,0.7868767576306737
26002,LOF,0.1375436961478652,0.04798785472164492,0.8144684491304899
26003,GOF,0.010034599442731372,0.6768190429874084,0.31314635756986026
26004,GOF,0.022086701130007814,0.7288268247498663,0.249086474120126
26005,GOF,0.009037041755291136,0.5412246269256722,0.44973833131903657
26006,Neutral,0.5110780941315296,0.28318099930728735,0.20574090656118302
26007,GOF,0.017462372198383345,0.6084459710330126,0.37409165676860423
26008,GOF,0.0215484914567504,0.626076373099187,0.35237513544406257
26009,GOF,0.026590855619280207,0.6820053098863641,0.29140383449435553
26010,GOF,0.026854156160496478,0.724009500502488,0.2491363433370155
26011,GOF,0.009010693298476436,0.551412933262518,0.43957637343900563
26012,GOF,0.015994124900896734,0.6337456197772756,0.35026025532182775
26013,GOF,0.01805983140005359,0.6899333361482466,0.29200683245169967
26014,LOF,0.05236053815979727,0.18142672091102105,0.7662127409291816
26015,LOF,0.1666232692086645,0.009483673321876364,0.8238930574694592
26016,LOF,0.2394337123089165,0.046604940471161885,0.7139613472199217
26017,LOF,0.1792355758251551,0.08921679957485909,0.7315476245999858
26018,LOF,0.07933595844283164,0.037756887379438255,0.8829071541777301
26019,LOF,0.07635670384370165,0.026068059790831495,0.8975752363654669
26020,LOF,0.0547559951335287,0.11880837014711887,0.8264356347193523
26021,LOF,0.042328099973035875,0.1382399816929723,0.8194319183339919
26022,LOF,0.010994760214285559,0.052719137334298206,0.9362861024514162
26023,LOF,0.10433132235826846,0.024923094490821664,0.8707455831509099
26024,LOF,0.02666067335711065,0.11258796829051976,0.8607513583523696
26025,LOF,0.1512064811796232,0.09092460920095875,0.7578689096194181
26026,LOF,0.294536361439597,0.020195992158880866,0.685267646401522
26027,LOF,0.07607595866261659,0.019740392136441635,0.9041836492009419
26028,LOF,0.15805760525006493,0.08623384039429526,0.7557085543556398
26029,LOF,0.09066022723443787,0.15719696030735433,0.7521428124582078
26030,LOF,0.03120150232393376,0.04709832717434429,0.921700170501722
26031,LOF,0.037901722549574246,0.12745963947104869,0.8346386379793772
26032,LOF,0.07875365911963547,0.04076592037157676,0.8804804205087877
26033,LOF,0.1323066642980673,0.047274877802068314,0.8204184578998645
26034,LOF,0.05436598058589718,0.13500680591746742,0.8106272134966355
26035,LOF,0.03872094046002714,0.11039094996658799,0.8508881095733848
26036,LOF,0.056681451785358085,0.13728432423430015,0.8060342239803417
26037,LOF,0.03248757366496245,0.09314511384870444,0.874367312486333
26038,LOF,0.07562364301754604,0.03964874391006999,0.8847276130723839
26039,LOF,0.0780860304650683,0.11692540667363235,0.8049885628612993
26040,LOF,0.24163301768826473,0.0789353422410233,0.6794316400707121
26041,LOF,0.032562918130277396,0.08760938172351487,0.8798277001462078
26042,LOF,0.031437057787251844,0.09107319534987426,0.877489746862874
26043,LOF,0.07441300580141832,0.05120750123494007,0.8743794929636416
26044,LOF,0.027267871263817894,0.06054375125757174,0.9121883774786103
26045,LOF,0.09326251205679162,0.08997579508309818,0.8167616928601102
26046,LOF,0.07800783452814294,0.05453842955392614,0.867453735917931
26047,LOF,0.11328590706923192,0.06876107742146903,0.8179530155092991
26048,LOF,0.052821942790816256,0.05571126088639583,0.8914667963227878
26049,Neutral,0.954589835422736,0.00731221551688953,0.038097949060374434
26050,Neutral,0.9357617746261175,0.008111371539856251,0.056126853834026214
26051,LOF,0.052202564098623463,0.43934095610159324,0.5084564797997834
26052,GOF,0.06894867763261468,0.4762174715167715,0.45483385085061395
26053,LOF,0.06591715715845094,0.16134127135476223,0.7727415714867869
26054,LOF,0.0553056813202617,0.04267101103336152,0.9020233076463767
26055,LOF,0.07093972633935157,0.03038131575937604,0.8986789579012725
26056,LOF,0.0619274292069135,0.03725913829275211,0.9008134325003344
26057,LOF,0.0298770063660229,0.01887909288007294,0.9512439007539042
26058,LOF,0.030179786721612766,0.01733747374110626,0.9524827395372809
26059,LOF,0.2817440490282445,0.053192878929959546,0.665063072041796
26060,LOF,0.028392830045818874,0.2692411479784536,0.7023660219757275
26061,LOF,0.018055693208411182,0.02356283781924141,0.9583814689723475
26062,LOF,0.011028361112870522,0.036921874859642254,0.9520497640274871
26063,LOF,0.02051348996531697,0.01766549954098124,0.9618210104937018
26064,LOF,0.02531495422461733,0.0268167222467026,0.94786832352868
26065,LOF,0.023975053602173852,0.022085741440214447,0.9539392049576116
26066,LOF,0.01950248398675495,0.02028366254427884,0.9602138534689661
26067,LOF,0.024158991496827487,0.015841383294390644,0.9599996252087819
26068,LOF,0.046377551408876914,0.060659447154908584,0.8929630014362147
26069,LOF,0.2799165626599052,0.036375591259684925,0.6837078460804098
26070,LOF,0.38298257792682533,0.02677492070517011,0.5902425013680046
26071,LOF,0.020949590653969716,0.022642275657706826,0.9564081336883236
26072,LOF,0.022242725030962803,0.03588491776012525,0.9418723572089118
26073,LOF,0.022476363535458975,0.01851688690344142,0.9590067495610995
26074,Neutral,0.9124847998021628,0.008299490810713883,0.07921570938712326
26075,LOF,0.044583341933906444,0.02530910341706818,0.9301075546490253
26076,LOF,0.04419116687274417,0.016295137123492388,0.9395136960037634
26077,LOF,0.009734065589864026,0.039702113820435696,0.9505638205897002
26078,LOF,0.013612081632365117,0.02296866313072611,0.9634192552369086
26079,LOF,0.054898455996423345,0.03165921693819942,0.9134423270653773
26080,LOF,0.05337523172561993,0.031748912076807294,0.9148758561975727
26081,LOF,0.03440173581615022,0.01252962301106605,0.9530686411727838
26082,LOF,0.018606906865148577,0.032336109769457104,0.9490569833653945
26083,LOF,0.13027851497718096,0.020954699942488966,0.8487667850803301
26084,LOF,0.02558017430641408,0.028106389421612837,0.946313436271973
26085,LOF,0.02113357683377846,0.02607385688961531,0.9527925662766062
26086,LOF,0.023733998255233327,0.020906489269833642,0.9553595124749331
26087,LOF,0.02443997411012515,0.015658101275278294,0.9599019246145966
26088,LOF,0.017111649521790995,0.040535932867196825,0.9423524176110121
26089,LOF,0.045635189668574466,0.0429803015816963,0.9113845087497293
26090,LOF,0.044770376411381936,0.03389185915908465,0.9213377644295333
26091,LOF,0.0373017263459411,0.012045219983823996,0.9506530536702349
26092,LOF,0.02490827161498425,0.015504339928567463,0.9595873884564483
26093,LOF,0.03562475755136619,0.010612119958492702,0.9537631224901412
26094,LOF,0.04110066259523823,0.01281828982145665,0.946081047583305
26095,LOF,0.05218446644298593,0.025912907960076552,0.9219026255969376
26096,LOF,0.020075148679174426,0.018029217016157367,0.9618956343046683
26097,LOF,0.009761065001801973,0.0715364758189803,0.9187024591792178
26098,LOF,0.07767825394547932,0.024115940828953925,0.8982058052255668
26099,LOF,0.023610161023474924,0.02656191478570137,0.9498279241908237
26100,LOF,0.025486151601560744,0.024698504997812835,0.9498153434006265
26101,LOF,0.05628308985347873,0.023660982035307924,0.9200559281112133
26102,LOF,0.024004965286899636,0.019790070863988606,0.9562049638491117
26103,Neutral,0.8855570412808523,0.03517372670145437,0.07926923201769319
26104,LOF,0.06527643832421291,0.05865301276193926,0.8760705489138478
26105,LOF,0.23108877521806642,0.2617809300328924,0.5071302947490413
26106,LOF,0.18632665801356352,0.12554949776835705,0.6881238442180794
26107,LOF,0.2485122398591236,0.1243947146619402,0.6270930454789362
26108,LOF,0.26029963833187614,0.14090430666002826,0.5987960550080955
26109,LOF,0.08592765875631389,0.1377494377744412,0.7763229034692448
26110,LOF,0.22510825903340656,0.007540108562414846,0.7673516324041786
26111,LOF,0.44571649001943003,0.017401526701523146,0.5368819832790468
26112,LOF,0.03206023831281014,0.007999790040332732,0.9599399716468572
26113,LOF,0.052591497613495776,0.013661794351633899,0.9337467080348704
26114,LOF,0.01591285482393749,0.017445851865459588,0.966641293310603
26115,LOF,0.08070023409566139,0.03659365173668808,0.8827061141676505
26116,LOF,0.04687663480650437,0.027987478799791955,0.9251358863937038
26117,LOF,0.3932973607771678,0.058221635914040774,0.5484810033087915
26118,LOF,0.03910151602548298,0.039170027663811224,0.9217284563107059
26119,LOF,0.023672577219840417,0.04870421529295799,0.9276232074872016
26120,LOF,0.027899535427898556,0.028512781172490273,0.9435876833996111
26121,LOF,0.0584252817013457,0.09597618765836002,0.8455985306402942
26122,LOF,0.05100097793133037,0.04274286733607357,0.9062561547325961
