feature0,prediction,LoGoFunc_Neutral,LoGoFunc_GOF,LoGoFunc_LOF
25546,Neutral,0.6551795795809271,0.055795425120548366,0.28902499529852455
25547,Neutral,0.5011180447537135,0.09708753657421383,0.40179441867207266
25548,Neutral,0.5070670517223577,0.08122233690245152,0.4117106113751908
25549,LOF,0.4369944637097195,0.08612306796856141,0.47688246832171916
25550,LOF,0.3672627090518288,0.12075570295317524,0.511981587994996
25551,LOF,0.30363739683535457,0.13621232272948328,0.5601502804351621
25552,LOF,0.24609557934601886,0.12713618460412746,0.6267682360498537
25553,Neutral,0.8147021262706396,0.044584490615335357,0.140713383114025
25554,LOF,0.29185355658853884,0.11958272031823054,0.5885637230932307
25555,LOF,0.2381221257777859,0.1128285374750815,0.6490493367471326
25556,LOF,0.44973687101438076,0.09851925938821184,0.4517438695974074
25557,LOF,0.22687460892430972,0.11700131047908754,0.6561240805966028
25558,LOF,0.2949211127069471,0.11735380326535312,0.5877250840276999
25559,LOF,0.18306150143880545,0.11635704633191732,0.7005814522292771
25560,LOF,0.1648289288461188,0.09707760979314506,0.7380934613607363
25561,LOF,0.1612645605445074,0.12366407159367448,0.7150713678618181
25562,LOF,0.07405864570096618,0.0738437731220271,0.8520975811770067
25563,LOF,0.02237108706535511,0.11179237689118783,0.865836536043457
25564,LOF,0.2239278205309949,0.11403522371723672,0.6620369557517685
25565,LOF,0.23613016019933605,0.12701247569468915,0.6368573641059747
25566,GOF,0.10400623267556205,0.68180403309587,0.214189734228568
25567,LOF,0.03643489370625282,0.12076083251463447,0.8428042737791128
25568,LOF,0.05767638089870772,0.06629220746778576,0.8760314116335065
25569,LOF,0.05614060907064598,0.06885722819246477,0.8750021627368892
25570,LOF,0.02657322103019572,0.09273976728509074,0.8806870116847134
25571,LOF,0.0262872505437807,0.09581317163532121,0.8778995778208981
25572,LOF,0.06397235465767553,0.11589906426546331,0.8201285810768613
25573,LOF,0.053106939281214606,0.08682627635177219,0.8600667843670132
25574,LOF,0.05062559807471652,0.17833976836120496,0.7710346335640785
25575,LOF,0.022651084246068823,0.11366832040799973,0.8636805953459314
25576,LOF,0.03431127364324367,0.1526811249312639,0.8130076014254923
25577,LOF,0.030148864539600344,0.10707038551362309,0.8627807499467766
25578,LOF,0.2823897159948957,0.07982160374213672,0.6377886802629675
25579,LOF,0.1256017393533225,0.0852311076449655,0.789167153001712
25580,LOF,0.0192483829635233,0.07451327597679158,0.9062383410596851
25581,LOF,0.051692870708849877,0.06484120624075354,0.8834659230503966
25582,LOF,0.05175681374776014,0.06405658994629655,0.8841865963059433
25583,LOF,0.020104912378529943,0.07629448847120901,0.9036005991502611
25584,Neutral,0.6640006140227648,0.09989446469762628,0.23610492127960905
25585,LOF,0.03533816240440635,0.11200563556060132,0.8526562020349924
25586,LOF,0.018065801258507853,0.06525997558413027,0.9166742231573619
25587,LOF,0.017095788359209965,0.0577731571672003,0.9251310544735897
25588,LOF,0.02038491155823865,0.0684716779399835,0.9111434105017778
25589,Neutral,0.48717975316038625,0.19349443703295816,0.3193258098066556
25590,LOF,0.04937400360446195,0.09846770200311525,0.8521582943924227
25591,LOF,0.09449521369545776,0.055041390691124834,0.8504633956134174
25592,LOF,0.05477408608034936,0.12800797564519484,0.8172179382744558
25593,LOF,0.14128684081778112,0.2499799800086761,0.6087331791735429
25594,LOF,0.05032811605522091,0.10885510493868465,0.8408167790060945
25595,LOF,0.045373980131435517,0.07929784301464196,0.8753281768539226
25596,LOF,0.10406578843093169,0.04755872073234114,0.8483754908367271
25597,LOF,0.0840349292595961,0.05657532836486594,0.859389742375538
25598,LOF,0.04816621511625769,0.0846290135650603,0.8672047713186819
25599,GOF,0.021093932576462096,0.5463245017279998,0.4325815656955381
25600,GOF,0.17596808119203486,0.5139182400742573,0.3101136787337077
25601,LOF,0.04177644924979666,0.39500903663800424,0.563214514112199
25602,LOF,0.03492729987745923,0.05037075981136278,0.914701940311178
25603,LOF,0.0371793484927571,0.02944221702028965,0.9333784344869533
25604,LOF,0.03731838161829379,0.05427510501840982,0.9084065133632965
25605,LOF,0.04433127598938052,0.15818116475120553,0.797487559259414
25606,LOF,0.43319701811620537,0.09199867040479248,0.47480431147900226
25607,LOF,0.025878752864234585,0.15304016565459239,0.8210810814811731
25608,LOF,0.03644936152082812,0.06796370265817621,0.8955869358209957
25609,GOF,0.15969585746918433,0.5334983971157297,0.30680574541508604
25610,LOF,0.015144075793159602,0.026082923521340128,0.9587730006855003
25611,LOF,0.01449489745870342,0.031154395597142306,0.9543507069441542
25612,LOF,0.044685536288832324,0.03736016862167916,0.9179542950894884
25613,LOF,0.042551937213474,0.03835562212993113,0.9190924406565949
25614,LOF,0.0205544597295065,0.026577047481036183,0.9528684927894573
25615,LOF,0.04313050436621346,0.03317662723088629,0.9236928684029001
25616,LOF,0.0441799902134542,0.025468003541769754,0.9303520062447761
25617,LOF,0.04057765296170413,0.033948060249032075,0.9254742867892639
25618,LOF,0.04892002268605957,0.03149280166349493,0.9195871756504455
25619,LOF,0.01466840746937615,0.02921437791888871,0.9561172146117352
25620,LOF,0.06059573512148178,0.03625612380542744,0.9031481410730907
25621,LOF,0.04830157027512777,0.030658443863600587,0.9210399858612716
25622,LOF,0.060526036827034405,0.03043089471729582,0.9090430684556697
25623,LOF,0.07157697910490245,0.02922780380440895,0.8991952170906886
25624,LOF,0.01780857288491457,0.03503872582649635,0.947152701288589
25625,LOF,0.06516925360477485,0.03705650837950549,0.8977742380157197
25626,LOF,0.045079802580836395,0.036348208762349975,0.9185719886568136
25627,Neutral,0.8865915774825693,0.023198366460674746,0.09021005605675596
25628,LOF,0.1304075644723133,0.06914265340682428,0.8004497821208625
25629,LOF,0.06336196564606131,0.045193981495977635,0.891444052857961
25630,LOF,0.27502535564864394,0.08005294646759481,0.6449216978837612
25631,Neutral,0.5460121237581418,0.06697911625400936,0.3870087599878489
25632,LOF,0.02791928879190091,0.05947032340550801,0.9126103878025912
25633,LOF,0.1913384590477181,0.03607592234548383,0.7725856186067981
25634,LOF,0.033622322252265524,0.08131545257345756,0.8850622251742769
25635,LOF,0.041051482824916975,0.04252696766630879,0.9164215495087742
25636,GOF,0.03717275466316294,0.4826147275003232,0.4802125178365138
25637,GOF,0.07130833037184195,0.47843986593752036,0.45025180369063766
25638,LOF,0.03617277472453938,0.2782591204476791,0.6855681048277815
25639,LOF,0.03214658405979082,0.33314582716448266,0.6347075887757265
25640,Neutral,0.8155846679050084,0.14537188886944297,0.03904344322554864
25641,LOF,0.05270372230540612,0.41911480302879883,0.528181474665795
25642,LOF,0.04187696102643472,0.14678908322985693,0.8113339557437084
25643,LOF,0.20356531351021856,0.1685584905439678,0.6278761959458137
25644,LOF,0.021024135968039218,0.4687255347801364,0.5102503292518245
25645,LOF,0.019217751006847736,0.44603115080321054,0.5347510981899418
25646,LOF,0.05077646712230937,0.34615012613293783,0.6030734067447528
25647,LOF,0.021589322405625548,0.2520066117187516,0.7264040658756228
25648,LOF,0.02966169269755785,0.25661956250949164,0.7137187447929505
25649,LOF,0.015042423113461987,0.24838933926835738,0.7365682376181807
25650,LOF,0.049736123437764686,0.4173769092586317,0.5328869673036036
25651,LOF,0.016801985780054988,0.27418189210192195,0.709016122118023
25652,LOF,0.03250839508457693,0.2661208825804001,0.701370722335023
25653,LOF,0.08812785641675443,0.39289270442670765,0.518979439156538
25654,LOF,0.02435197542621848,0.20259754438730054,0.773050480186481
25655,LOF,0.23060875892821844,0.35548383308906395,0.4139074079827176
25656,LOF,0.299437745058235,0.04172663523917762,0.6588356197025874
25657,LOF,0.07723418785683198,0.05066283643620996,0.872102975706958
25658,LOF,0.3482726313877645,0.050220630344336846,0.6015067382678986
25659,Neutral,0.5115441446500241,0.06708828619187439,0.4213675691581015
25660,LOF,0.02561314226080424,0.07992230659437227,0.8944645511448235
25661,LOF,0.09337826639959958,0.059246149392891294,0.847375584207509
25662,LOF,0.03257842004613514,0.03155915303205241,0.9358624269218124
25663,LOF,0.03954358959083143,0.04459467792092007,0.9158617324882484
25664,LOF,0.13915337820587625,0.05044905907203385,0.8103975627220898
25665,LOF,0.053258525282903306,0.03120482232589085,0.9155366523912059
25666,LOF,0.08992916131471165,0.06842903451754798,0.8416418041677405
25667,LOF,0.06504005481745684,0.0452505575941626,0.8897093875883807
25668,LOF,0.03687669471316857,0.044500032390632306,0.9186232728961992
25669,LOF,0.033611656501423455,0.052827426840359376,0.9135609166582171
25670,LOF,0.1400795968485571,0.04207286771182876,0.8178475354396141
25671,LOF,0.09392455273961264,0.03075124473523088,0.8753242025251564
25672,LOF,0.0534354505577361,0.04163696792009903,0.9049275815221649
25673,LOF,0.08443332307305597,0.036679550349933046,0.878887126577011
25674,LOF,0.07144749789931984,0.04716131569766343,0.8813911864030167
25675,LOF,0.12292968435410563,0.04534438132157819,0.8317259343243162
25676,LOF,0.01856319333875055,0.048113941876271604,0.9333228647849778
25677,LOF,0.0259447355822415,0.06336107637106243,0.9106941880466961
25678,LOF,0.17539934877500798,0.05750766957499016,0.7670929816500018
25679,LOF,0.12086255822546656,0.0762971833975892,0.8028402583769442
25680,LOF,0.0304755602320275,0.1080938224984335,0.861430617269539
25681,LOF,0.048636936343190613,0.09993027324141253,0.8514327904153968
25682,LOF,0.1363323483227647,0.0626876978331609,0.8009799538440744
25683,LOF,0.1250650912772959,0.07228226414645973,0.8026526445762444
25684,LOF,0.04245987432612562,0.06677086055432332,0.890769265119551
25685,LOF,0.12876046102737565,0.04898217385063765,0.8222573651219867
25686,LOF,0.07043678454434092,0.08403931328348543,0.8455239021721737
25687,LOF,0.11339339706214398,0.07744907850199742,0.8091575244358586
25688,LOF,0.3084946725958689,0.037237765705307777,0.6542675616988234
25689,LOF,0.23103864012181222,0.045671555073138054,0.7232898048050498
25690,LOF,0.35100296983912815,0.034724730361626245,0.6142722997992456
25691,Neutral,0.6857447746962189,0.03471049353058776,0.27954473177319344
25692,LOF,0.2804509918354297,0.010715600109608854,0.7088334080549615
25693,GOF,0.04789481314940926,0.4774155332157695,0.4746896536348212
25694,LOF,0.1320008466085976,0.020656849506930256,0.8473423038844721
25695,LOF,0.1291007825323172,0.016563365068230338,0.8543358523994525
25696,LOF,0.12876107955588495,0.009427381010082461,0.8618115394340325
25697,LOF,0.11165273693557981,0.025490826655918012,0.8628564364085022
25698,LOF,0.33561096440260985,0.261737125859216,0.40265190973817405
25699,LOF,0.4295862036983345,0.04238935587785584,0.5280244404238097
25700,LOF,0.04911735513333389,0.010319270885305171,0.9405633739813609
25701,LOF,0.15953397130566457,0.05833549236968123,0.7821305363246542
25702,GOF,0.1868430836593337,0.5501413316106265,0.26301558473003983
25703,LOF,0.015776038881252057,0.15029256655674442,0.8339313945620036
25704,LOF,0.04788868251407747,0.11015822508889876,0.8419530923970238
25705,LOF,0.05836837819161856,0.19008860353495108,0.7515430182734304
25706,LOF,0.08967462603749365,0.3398712158520453,0.570454158110461
25707,LOF,0.09080405740772934,0.2749920495083184,0.6342038930839522
25708,LOF,0.029944343922632618,0.2600239671444126,0.7100316889329547
25709,LOF,0.05394837440738185,0.0410325825643653,0.905019043028253
25710,LOF,0.01144469763987068,0.12738491856027728,0.861170383799852
25711,LOF,0.018468573900895305,0.08465027574053646,0.8968811503585682
25712,LOF,0.012877578824680356,0.17541834999410108,0.8117040711812186
25713,LOF,0.017595356212601828,0.07418083635983982,0.9082238074275583
25714,LOF,0.06348298619067921,0.07202900046645073,0.8644880133428701
25715,LOF,0.010096108155715515,0.1262933125169111,0.8636105793273735
25716,LOF,0.013601282021981418,0.09959483161052432,0.8868038863674942
25717,LOF,0.012803428997545715,0.07482740738539433,0.9123691636170599
25718,LOF,0.011081377429318457,0.09780775210654195,0.8911108704641397
25719,LOF,0.018405825738170317,0.07134536816435579,0.910248806097474
25720,LOF,0.020456497887029315,0.06407005966255534,0.9154734424504154
25721,LOF,0.01470508367808307,0.09976032961686197,0.8855345867050549
25722,LOF,0.012820643824734341,0.11188319615159437,0.8752961600236714
25723,LOF,0.021008542171580696,0.04341959936008246,0.9355718584683369
25724,LOF,0.02393701625377687,0.07570035137374734,0.9003626323724758
25725,LOF,0.011217642354664404,0.06508844455215206,0.9236939130931836
25726,LOF,0.01355845735485701,0.09455399642599902,0.891887546219144
25727,LOF,0.012416741880826533,0.07618203934117707,0.9114012187779965
25728,LOF,0.009316936289302377,0.09981655044436377,0.8908665132663338
25729,LOF,0.009684254959258154,0.10076758767973103,0.8895481573610108
25730,LOF,0.01308708932501043,0.07726978231391522,0.9096431283610742
25731,LOF,0.020748501442486935,0.10456314739743512,0.874688351160078
25732,LOF,0.014528123613283147,0.07841193093935131,0.9070599454473656
25733,LOF,0.015254643552427012,0.06838956086697834,0.9163557955805947
25734,LOF,0.01305847041049679,0.1172878453472388,0.8696536842422643
25735,LOF,0.012757169107247203,0.07271686815337475,0.914525962739378
25736,LOF,0.013393257545659051,0.09456169668066304,0.892045045773678
25737,LOF,0.019656288756358668,0.0767669164498864,0.9035767947937549
25738,LOF,0.012694029502976677,0.10441153537873979,0.8828944351182835
25739,LOF,0.01887852833440675,0.07897047911112615,0.9021509925544672
25740,LOF,0.026009142893898652,0.09275718967319878,0.8812336674329027
25741,LOF,0.014111105037696803,0.09734229645399395,0.8885465985083092
25742,LOF,0.10860027948829995,0.07791564217969629,0.8134840783320038
25743,LOF,0.034457799170899125,0.03301457384686524,0.9325276269822358
25744,Neutral,0.5255040582672159,0.2165901931827561,0.25790574855002807
25745,LOF,0.08303154898881496,0.06606943753120735,0.8508990134799778
25746,LOF,0.04143734000721083,0.07386359488752611,0.884699065105263
25747,LOF,0.023471307678379596,0.039727901381355984,0.9368007909402644
25748,LOF,0.1052359338463222,0.05574038245321424,0.8390236837004637
25749,LOF,0.026750083053935284,0.07325719097015994,0.8999927259759049
25750,LOF,0.0795612552303408,0.07495806747174587,0.8454806772979133
25751,LOF,0.09612107615891981,0.05615739114016359,0.8477215327009167
25752,GOF,0.10788558630836535,0.6756799966037579,0.2164344170878767
25753,LOF,0.01965679183710784,0.2697900204770761,0.7105531876858161
25754,GOF,0.00980515794207437,0.7547885232290622,0.23540631882886354
25755,LOF,0.022991014973522513,0.3805631744833144,0.596445810543163
25756,LOF,0.04004180881362666,0.3711096913530364,0.5888484998333369
25757,GOF,0.013841726687521297,0.8321634926694227,0.15399478064305605
25758,GOF,0.030171187720034475,0.8196587996860094,0.15017001259395618
25759,GOF,0.012136620374655441,0.528879568537586,0.45898381108775854
25760,LOF,0.012860512532107723,0.22749185890414486,0.7596476285637473
25761,GOF,0.27588779029143307,0.6095330116425347,0.1145791980660322
25762,LOF,0.034284055299027325,0.2684185306845796,0.6972974140163931
25763,LOF,0.013242822986860383,0.20181446924681087,0.7849427077663287
25764,GOF,0.07555616931050299,0.6187891337538599,0.305654696935637
25765,GOF,0.04221715321888191,0.7526463370963449,0.2051365096847731
25766,GOF,0.05682370271242002,0.7790977151849096,0.16407858210267046
25767,GOF,0.17148012559520368,0.4391969064247757,0.3893229679800207
25768,LOF,0.0937820955403485,0.06334932227746407,0.8428685821821875
25769,LOF,0.06271150284818625,0.06125650027410335,0.8760319968777105
25770,LOF,0.2857390010536803,0.08541995907522021,0.6288410398710995
25771,LOF,0.039710493021092926,0.04562565088213311,0.9146638560967739
25772,LOF,0.01650760607203504,0.03345243600918084,0.9500399579187842
25773,LOF,0.0464583278000721,0.07619044767758067,0.8773512245223473
25774,LOF,0.028293370220688344,0.07686575058361964,0.8948408791956921
25775,LOF,0.047601006790348496,0.04761752564568948,0.904781467563962
25776,LOF,0.06892468286802822,0.02624488471442114,0.9048304324175507
25777,LOF,0.3492540902399103,0.05024082988909218,0.6005050798709975
25778,LOF,0.06351773235931917,0.04795533213212711,0.8885269355085538
25779,GOF,0.35543009028472666,0.5963875588482501,0.048182350867023195
25780,GOF,0.2821999389607523,0.6461194037846023,0.07168065725464538
25781,GOF,0.13070284560136147,0.7668079095305487,0.10248924486808975
25782,GOF,0.18972959502588208,0.7349884089955776,0.07528199597854025
25783,GOF,0.029076695461418275,0.6475490424401865,0.3233742620983951
25784,GOF,0.4629527665704905,0.49314137582655554,0.04390585760295391
25785,GOF,0.38031534942638007,0.5791665183985393,0.04051813217508058
25786,GOF,0.024524736951029736,0.7760500971540875,0.19942516589488288
25787,Neutral,0.6532325720769552,0.32247273054782305,0.02429469737522184
25788,LOF,0.0465683500313064,0.11007113667006503,0.8433605132986286
25789,GOF,0.19102998744970098,0.6583995223735732,0.15057049017672572
25790,GOF,0.18578877160552168,0.7018881668310584,0.11232306156341988
25791,GOF,0.1157775374928746,0.6998603427356747,0.1843621197714508
25792,GOF,0.2824442717336192,0.5777874505481639,0.1397682777182169
25793,GOF,0.24104142797327796,0.5669594218043039,0.1919991502224181
25794,GOF,0.31240212854783556,0.5165266849277685,0.1710711865243959
25795,GOF,0.07836298441670538,0.7007193966643692,0.22091761891892533
25796,Neutral,0.5085207130104462,0.4036707499951037,0.08780853699444999
25797,GOF,0.09379349218336944,0.5577068479013452,0.3484996599152854
25798,GOF,0.009227780799520002,0.5207928868770365,0.4699793323234435
25799,LOF,0.006624422050919272,0.4074007847932361,0.5859747931558446
25800,GOF,0.028042446249807177,0.5852307821468379,0.38672677160335506
25801,GOF,0.17121288875456678,0.6861998777444365,0.14258723350099686
25802,GOF,0.080438730283051,0.7053177852242793,0.21424348449266972
25803,GOF,0.032990797937050884,0.5722099913349588,0.3947992107279903
25804,GOF,0.03237409179968533,0.49253761201457,0.47508829618574466
25805,GOF,0.0894219089392067,0.637434891490217,0.2731431995705762
25806,GOF,0.09007673413957644,0.6093859343517877,0.30053733150863576
25807,GOF,0.0181450164482361,0.6363156656257074,0.3455393179260564
25808,GOF,0.06948324926199678,0.6456759324298107,0.28484081830819247
25809,GOF,0.016007283586641434,0.5953115562915187,0.3886811601218399
25810,GOF,0.014671251219779842,0.6203826837891692,0.3649460649910511
25811,GOF,0.4248673481500897,0.486283163581284,0.08884948826862629
25812,GOF,0.029249703547138906,0.6159965721096643,0.3547537243431968
25813,Neutral,0.4949879158554105,0.3947370117401728,0.11027507240441656
25814,GOF,0.11228944202300266,0.6371163765399293,0.25059418143706813
25815,GOF,0.18112085324760582,0.6115814448988225,0.20729770185357177
25816,GOF,0.02322812081647828,0.7170359024051283,0.25973597677839333
25817,GOF,0.23879584067603157,0.623614530594362,0.13758962872960642
25818,GOF,0.048280381753935994,0.6808200915782053,0.2708995266678586
25819,GOF,0.37368062222592435,0.48890953471050247,0.13740984306357307
25820,GOF,0.17252769774965004,0.6055109436062271,0.22196135864412286
25821,GOF,0.057422754505977495,0.6643538271948164,0.2782234182992061
25822,GOF,0.2027344240303536,0.5777359693414925,0.21952960662815393
25823,GOF,0.03401932901761859,0.5243183736321684,0.44166229735021295
25824,GOF,0.09390867057052925,0.6094199253353747,0.29667140409409604
25825,GOF,0.0387514237954977,0.6134331753891349,0.34781540081536755
25826,GOF,0.015207942228490815,0.579153503145876,0.40563855462563314
25827,GOF,0.02371466707989932,0.6118104125575011,0.3644749203625995
25828,GOF,0.013340172893838603,0.5520776946113916,0.43458213249476974
25829,GOF,0.005886950375018378,0.5801955403789103,0.4139175092460713
25830,LOF,0.03305356539668418,0.27752051965125235,0.6894259149520634
25831,GOF,0.23256907020839673,0.6452949708200904,0.12213595897151283
25832,GOF,0.02753511817711254,0.6982481866725107,0.2742166951503767
25833,GOF,0.1018730533093429,0.7361203379497967,0.16200660874086045
25834,GOF,0.027264304872634613,0.7181476518812555,0.25458804324611
25835,GOF,0.05885533982053938,0.7499724893380718,0.1911721708413889
25836,GOF,0.030980924706630192,0.6791472380265599,0.28987183726680993
25837,GOF,0.024642859834262322,0.6231341703034328,0.3522229698623049
25838,GOF,0.0798881604120703,0.7782788515900542,0.1418329879978757
25839,GOF,0.2888243649796663,0.5586197215989291,0.15255591342140465
25840,GOF,0.2697131364580365,0.599469600841136,0.13081726270082739
25841,GOF,0.2475672858137783,0.6248798324117729,0.1275528817744488
25842,GOF,0.12801186046604723,0.7443997596370087,0.12758837989694416
25843,GOF,0.19563142106988388,0.7231827966703629,0.08118578225975309
25844,GOF,0.05604674075527674,0.7522818238234524,0.19167143542127077
25845,GOF,0.014627161856612296,0.5454466380845003,0.4399262000588875
25846,GOF,0.11425368520887152,0.7554181071580928,0.13032820763303576
25847,GOF,0.08543695185553464,0.8186857179000797,0.09587733024438562
25848,GOF,0.03514379856370337,0.7350365289977854,0.22981967243851137
25849,GOF,0.010926730555724275,0.646613038437746,0.34246023100652967
25850,GOF,0.018886819992483775,0.6790845274369631,0.3020286525705531
25851,GOF,0.015791169845027854,0.5710916231765834,0.4131172069783888
25852,GOF,0.15330214272039117,0.5659888269356185,0.28070903034399053
25853,GOF,0.32775964247466916,0.5919155310070471,0.08032482651828386
25854,GOF,0.020793565038849982,0.619884264534712,0.359322170426438
25855,GOF,0.03298221051527058,0.5759805480439398,0.39103724144078955
25856,GOF,0.22044966827639043,0.5650352261763336,0.21451510554727596
25857,GOF,0.03777340754694438,0.5295882487614516,0.432638343691604
25858,GOF,0.02118486527043431,0.5279610738983347,0.450854060831231
25859,GOF,0.010637975647851634,0.5032010029831957,0.4861610213689526
25860,GOF,0.3548735083582419,0.5637366587795895,0.08138983286216853
25861,GOF,0.4106954796215841,0.5141590113151109,0.07514550906330496
25862,GOF,0.08101206707065813,0.7770544176250095,0.14193351530433249
25863,GOF,0.07986282892575966,0.7850961876121088,0.13504098346213156
25864,GOF,0.18559256335270224,0.745697328044299,0.06871010860299877
25865,GOF,0.07712557437432462,0.8104657146172642,0.11240871100841107
25866,GOF,0.0529874647174009,0.7939765915925286,0.1530359436900704
25867,GOF,0.07569258001399279,0.8243567066103636,0.09995071337564368
25868,GOF,0.24024547909923044,0.6607798385496111,0.09897468235115855
25869,Neutral,0.7099293657758979,0.24763978498232717,0.04243084924177497
25870,GOF,0.28103428686385773,0.39372956817921756,0.3252361449569247
25871,GOF,0.21387600831666637,0.6526309398808537,0.13349305180247992
25872,GOF,0.07423048432067894,0.6668657079596864,0.2589038077196347
25873,GOF,0.10716420440522452,0.7081269009843548,0.18470889461042075
25874,LOF,0.014678718842123498,0.11969843434368657,0.86562284681419
25875,LOF,0.09886549800902612,0.04152002013286025,0.8596144818581136
25876,LOF,0.03360639295604448,0.02840083965615302,0.9379927673878026
25877,Neutral,0.49382051298531715,0.03717128187546237,0.46900820513922054
25878,LOF,0.21457770024355416,0.0893109550187923,0.6961113447376537
25879,LOF,0.08451666069027673,0.08855598046296129,0.8269273588467619
25880,LOF,0.041147654887650424,0.01404440519727572,0.9448079399150738
25881,LOF,0.1667529332907581,0.10713122456239524,0.7261158421468467
25882,LOF,0.06568678168715675,0.017677069089250413,0.9166361492235928
25883,LOF,0.06544458977907375,0.020015552325489135,0.914539857895437
25884,LOF,0.0320120346379596,0.029309489098151533,0.9386784762638888
25885,LOF,0.06592561204913394,0.013248282849176606,0.9208261051016894
25886,LOF,0.2667989673091388,0.039379385856562366,0.6938216468342989
25887,LOF,0.1562385050465004,0.06208184724220258,0.781679647711297
25888,LOF,0.06167611362647968,0.05618756374219256,0.8821363226313278
25889,LOF,0.04045635466636644,0.022155963935310746,0.9373876813983227
25890,LOF,0.050289534076213956,0.13932718996657792,0.8103832759572082
25891,LOF,0.039484989246269114,0.05864464470882887,0.9018703660449021
25892,LOF,0.08134864272290247,0.024374179742867458,0.8942771775342302
25893,LOF,0.24835217287944403,0.019543151996465374,0.7321046751240905
25894,LOF,0.1837501431432373,0.013965286462632865,0.8022845703941298
25895,LOF,0.19597485624684172,0.02293428071653126,0.7810908630366271
25896,LOF,0.047963720883497624,0.022828032039507277,0.9292082470769951
25897,LOF,0.2654986363256049,0.015615632978817321,0.7188857306955777
25898,Neutral,0.6924895290153705,0.011556144882756804,0.2959543261018726
25899,LOF,0.20365254435578653,0.023923576562932647,0.7724238790812809
25900,LOF,0.46886827381917967,0.012276487720109152,0.5188552384607111
25901,LOF,0.046155802008511375,0.011904179621637607,0.9419400183698511
25902,LOF,0.15184684915923125,0.01505206824470993,0.8331010825960588
25903,Neutral,0.56718371073178,0.03221265488012414,0.4006036343880958
25904,LOF,0.30122303296000347,0.04575276687172059,0.653024200168276
25905,LOF,0.02345711402198246,0.34122595167726877,0.6353169343007488
25906,LOF,0.03111713141324264,0.08934393101848795,0.8795389375682694
25907,LOF,0.014305895627077387,0.3220725994414306,0.663621504931492
25908,LOF,0.009639188490810486,0.26999954117679575,0.7203612703323937
25909,LOF,0.012928408059866723,0.13162491707455476,0.8554466748655786
25910,LOF,0.0504471870591479,0.1317687981585307,0.8177840147823214
25911,LOF,0.18819310162637298,0.025199153128564314,0.7866077452450627
25912,LOF,0.051908562255325995,0.04532192472728332,0.9027695130173907
25913,LOF,0.3380958060089037,0.021560825021105626,0.6403433689699908
25914,LOF,0.021153474389116064,0.04815719358013916,0.9306893320307448
25915,Neutral,0.5738027465615985,0.13932837722660435,0.28686887621179724
25916,LOF,0.0763297227199907,0.2047528771613852,0.718917400118624
25917,LOF,0.06452546062522067,0.036164645698289935,0.8993098936764894
25918,LOF,0.02270781685578013,0.028879552871526163,0.9484126302726936
25919,LOF,0.02031067885077894,0.030988666910150335,0.9487006542390707
25920,GOF,0.11430395393988022,0.5177829695046762,0.36791307655544375
25921,LOF,0.027400163649679725,0.032265516025078995,0.9403343203252413
25922,LOF,0.03824027596295804,0.023116350640416807,0.9386433733966252
25923,Neutral,0.498603416255966,0.03219660301509173,0.4691999807289422
25924,LOF,0.03984965629190891,0.037615473840233615,0.9225348698678575
25925,LOF,0.07471366879036809,0.03451836340908229,0.8907679678005496
25926,LOF,0.053124817905679494,0.031367513998856775,0.9155076680954636
25927,LOF,0.056975301124066034,0.14203895434827682,0.8009857445276573
25928,LOF,0.019280082280553893,0.0512142982817049,0.9295056194377413
25929,Neutral,0.61957711927997,0.03403438212938127,0.34638849859064885
25930,LOF,0.07811674571512246,0.028737081482325885,0.8931461728025516
25931,LOF,0.025730237191029664,0.0315457290384253,0.942724033770545
25932,LOF,0.029920294542927984,0.024984422681188875,0.9450952827758833
25933,LOF,0.041303172689772495,0.01620427722927307,0.9424925500809543
25934,LOF,0.02674122874608298,0.01821204492265944,0.9550467263312575
25935,LOF,0.06513135189037526,0.04600788159453403,0.8888607665150907
25936,LOF,0.04675765653101934,0.022012563296543428,0.9312297801724372
25937,LOF,0.028024037187479384,0.0317883727251979,0.9401875900873227
25938,LOF,0.0688328570420163,0.04827448298518495,0.8828926599727986
25939,LOF,0.04344447640672209,0.01815427437464902,0.9384012492186289
25940,LOF,0.03399111173941263,0.33797068524400037,0.628038203016587
25941,LOF,0.1883055506596615,0.08976391656156515,0.7219305327787734
25942,LOF,0.013540322479080654,0.033617501106118095,0.9528421764148013
25943,LOF,0.3046507002032915,0.06166836140457621,0.6336809383921324
25944,Neutral,0.5034564065590676,0.021084953655804255,0.4754586397851281
25945,LOF,0.07037020461608982,0.020096063283231384,0.9095337321006789
25946,LOF,0.03125991978130433,0.0913736181403366,0.8773664620783591
25947,LOF,0.10470883468194368,0.17231897528786574,0.7229721900301905
25948,LOF,0.3633921745726551,0.007890171392291577,0.6287176540350534
25949,LOF,0.13022095087646732,0.03564191664721862,0.8341371324763142
25950,Neutral,0.34223875122964004,0.3306021950785956,0.32715905369176435
25951,LOF,0.1925273714880933,0.2715730632467584,0.5358995652651484
25952,GOF,0.0424658152880521,0.49093093080057715,0.4666032539113707
25953,LOF,0.1480767424035008,0.0996430242798198,0.7522802333166795
25954,Neutral,0.43135059010900234,0.18953749917310356,0.37911191071789413
25955,LOF,0.07262822565703735,0.07110898738218902,0.8562627869607736
25956,LOF,0.16219058057882296,0.11109403147792118,0.7267153879432559
25957,LOF,0.035563776635337746,0.02895671612151926,0.935479507243143
25958,LOF,0.05563513624285439,0.026003362563362394,0.9183615011937832
25959,LOF,0.07286042368991741,0.31012758729105366,0.6170119890190289
25960,LOF,0.015184864272785871,0.048258701504397275,0.9365564342228169
25961,LOF,0.04208299607468359,0.025895741011784323,0.932021262913532
25962,LOF,0.05180755554438435,0.030791168740636674,0.917401275714979
25963,LOF,0.044917302250421225,0.19879630775154733,0.7562863899980314
25964,LOF,0.0316134361476508,0.152637207263464,0.8157493565888851
25965,LOF,0.45123895193911734,0.050203175888244245,0.49855787217263836
25966,Neutral,0.5122806402054662,0.17088336239868648,0.31683599739584734
25967,LOF,0.017260407528060656,0.09664366334250848,0.8860959291294309
25968,LOF,0.030990092514105394,0.38765922395146446,0.5813506835344302
25969,LOF,0.030523639180114682,0.06969687450707915,0.8997794863128061
25970,LOF,0.054912319333625524,0.0661966137823574,0.878891066884017
25971,LOF,0.06332441698402219,0.02465300838634678,0.9120225746296311
25972,LOF,0.0635819847393313,0.03469410114373818,0.9017239141169304
25973,LOF,0.07640749731382014,0.008924868524244392,0.9146676341619354
25974,LOF,0.18980608025865964,0.014025685775284099,0.7961682339660562
25975,LOF,0.04555074458514695,0.024647218358813613,0.9298020370560395
25976,LOF,0.04308032443420129,0.014367006440282838,0.9425526691255158
25977,LOF,0.15136550724197534,0.08876169770253965,0.759872795055485
25978,LOF,0.13999728941151893,0.10750999842246955,0.7524927121660115
25979,LOF,0.1292354983512993,0.11274621349401316,0.7580182881546875
25980,LOF,0.20544898829869288,0.1374186367405188,0.6571323749607882
25981,LOF,0.23626601560589294,0.13536894822241963,0.6283650361716875
25982,LOF,0.3930099564169541,0.08391792016013462,0.5230721234229113
25983,LOF,0.3747536324561342,0.09629013618683656,0.5289562313570292
25984,LOF,0.0453266699493253,0.047364594621960875,0.9073087354287138
25985,LOF,0.03666370461023635,0.26601184725990373,0.6973244481298599
25986,LOF,0.04603018749638118,0.33058214827344634,0.6233876642301724
25987,LOF,0.08945538666257097,0.06541878825856795,0.8451258250788611
25988,LOF,0.1582829880643241,0.06299310818817601,0.7787239037474999
25989,LOF,0.034711608635701545,0.11409691375550202,0.8511914776087964
25990,LOF,0.03933211705724033,0.1532998683917588,0.8073680145510009
25991,LOF,0.13695104104528813,0.25525304945222865,0.6077959095024832
25992,LOF,0.3176121943317837,0.15589804309023417,0.5264897625779821
25993,LOF,0.023692906662367123,0.07597944230412754,0.9003276510335052
25994,LOF,0.01925106736016537,0.07821895204695559,0.9025299805928791
25995,LOF,0.025523332545981475,0.16148726522969833,0.8129894022243201
25996,GOF,0.3467355386489631,0.3782231827941841,0.27504127855685273
25997,LOF,0.08442681640916543,0.37160376015649205,0.5439694234343424
25998,Neutral,0.5355452464223948,0.028776051211325204,0.43567870236628015
25999,LOF,0.10336275947284904,0.09586823427950475,0.8007690062476461
26000,LOF,0.13972711011420114,0.04157813292163259,0.8186947569641663
26001,LOF,0.19984677810122467,0.04702509997527142,0.753128121923504
26002,LOF,0.11388460124442523,0.04509939455356987,0.8410160042020048
26003,GOF,0.011292784939579324,0.6152312679034689,0.3734759471569517
26004,GOF,0.021895098443542888,0.7046374761620616,0.2734674253943954
26005,LOF,0.006561980310866551,0.4500091946857465,0.5434288250033869
26006,Neutral,0.5318474943220197,0.24942764939137685,0.2187248562866034
26007,GOF,0.0215662254453363,0.5217677971193979,0.45666597743526577
26008,GOF,0.017948346142804435,0.6291610104514637,0.3528906434057319
26009,GOF,0.019815838729771062,0.682942551993097,0.2972416092771321
26010,GOF,0.025033271861704377,0.6655365734806827,0.3094301546576129
26011,LOF,0.006373894451064489,0.42543902947098505,0.5681870760779505
26012,GOF,0.012290272274333425,0.5810432789207801,0.4066664488048865
26013,GOF,0.018398115331249094,0.6068774366093783,0.3747244480593726
26014,LOF,0.03866748733795319,0.10486214689969596,0.8564703657623508
26015,LOF,0.1575002705851058,0.016787681510278405,0.8257120479046158
26016,LOF,0.18082617792902594,0.06066496212602522,0.7585088599449489
26017,LOF,0.2144543703604385,0.09969377627064602,0.6858518533689155
26018,LOF,0.07664923507311731,0.04484560643278194,0.8785051584941008
26019,LOF,0.0739994767374752,0.034732787253174996,0.8912677360093497
26020,LOF,0.05683886289572356,0.11243575633638504,0.8307253807678915
26021,LOF,0.0409343809435357,0.11640992137242828,0.8426556976840359
26022,LOF,0.011054497135150167,0.04230017564870168,0.9466453272161482
26023,LOF,0.06972652783705374,0.027794315315103495,0.9024791568478427
26024,LOF,0.029160978275190805,0.11377564632113285,0.8570633754036763
26025,LOF,0.15413807762049636,0.08328677236573429,0.7625751500137694
26026,LOF,0.34188066797859373,0.02646256219575995,0.6316567698256463
26027,LOF,0.059256893531309786,0.020989168903656586,0.9197539375650338
26028,LOF,0.17447595309031105,0.06286009886335062,0.7626639480463384
26029,LOF,0.06473972346935944,0.15140545905360933,0.7838548174770311
26030,LOF,0.022660877068024866,0.03312996554375426,0.9442091573882208
26031,LOF,0.023879398770042824,0.1116045893280328,0.8645160119019244
26032,LOF,0.06755089784327038,0.05188154799389982,0.8805675541628298
26033,LOF,0.09066111636374448,0.050460090051975506,0.85887879358428
26034,LOF,0.042491614279298755,0.13536623485633206,0.8221421508643691
26035,LOF,0.023962338920770616,0.1285406905280223,0.8474969705512071
26036,LOF,0.03522609769879853,0.14348059694500498,0.8212933053561966
26037,LOF,0.020224383607437547,0.10916790459529595,0.8706077117972664
26038,LOF,0.06409601850425162,0.05374373022409468,0.8821602512716538
26039,LOF,0.04745017372279115,0.12904336408505215,0.8235064621921567
26040,LOF,0.1982723491888482,0.09145835315416416,0.7102692976569877
26041,LOF,0.020841718854382695,0.09828280672019186,0.8808754744254255
26042,LOF,0.0188665177108547,0.09359681017812485,0.8875366721110205
26043,LOF,0.06499109167736078,0.06270856512670003,0.8723003431959393
26044,LOF,0.019228998784058836,0.044803577599101835,0.9359674236168393
26045,LOF,0.068141310674852,0.08720839744896715,0.8446502918761809
26046,LOF,0.05971452458731094,0.054322478664152164,0.8859629967485368
26047,LOF,0.07950078905919787,0.05722575569933171,0.8632734552414704
26048,LOF,0.04786718787341085,0.031118732196746587,0.9210140799298425
26049,Neutral,0.9678765972470917,0.005181520948608641,0.026941881804299624
26050,Neutral,0.9539452979198684,0.006770390598678243,0.03928431148145352
26051,LOF,0.04996473797268312,0.24614974194869285,0.7038855200786241
26052,LOF,0.06853571156627286,0.3009510584500236,0.6305132299837034
26053,LOF,0.06622316158160754,0.1542828781219565,0.7794939602964359
26054,LOF,0.05052767565431432,0.018866660569358578,0.9306056637763273
26055,LOF,0.06884315741882832,0.017763851598899337,0.9133929909822722
26056,LOF,0.05749960806391955,0.020409536483501977,0.9220908554525786
26057,LOF,0.030837777203235064,0.012994288418368713,0.9561679343783963
26058,LOF,0.032016069727478016,0.010519003532776138,0.9574649267397459
26059,LOF,0.28217323233836916,0.023902853579809157,0.6939239140818216
26060,LOF,0.04393485089793789,0.16833423251648688,0.7877309165855754
26061,LOF,0.016674860946050207,0.012849971338736268,0.9704751677152136
26062,LOF,0.00967594573982517,0.018554033895803488,0.9717700203643712
26063,LOF,0.019369373778796294,0.010557299231238415,0.9700733269899654
26064,LOF,0.020296466049171565,0.025958742826853308,0.9537447911239751
26065,LOF,0.02435849164519151,0.01186045739830354,0.963781050956505
26066,LOF,0.019819240067611318,0.011098485714197663,0.969082274218191
26067,LOF,0.027674179683104184,0.009001779088760802,0.9633240412281349
26068,LOF,0.04347620627179643,0.032064585002475,0.9244592087257286
26069,LOF,0.25299536010530455,0.019922528489418764,0.7270821114052767
26070,LOF,0.3838957912221632,0.017718737001400735,0.5983854717764361
26071,LOF,0.01999899270382769,0.012325280897684246,0.9676757263984881
26072,LOF,0.017755376037680765,0.02189979040971464,0.9603448335526046
26073,LOF,0.019045785779612266,0.014807482802111633,0.9661467314182761
26074,Neutral,0.9142145080421273,0.005809677747481546,0.07997581421039111
26075,LOF,0.04479887626803252,0.015204193335628205,0.9399969303963392
26076,LOF,0.03566320538796331,0.008711739949593579,0.9556250546624431
26077,LOF,0.008978538575213758,0.012860560808053723,0.9781609006167324
26078,LOF,0.01384644958913606,0.01199554854053025,0.9741580018703336
26079,LOF,0.06294877583546521,0.017517339322186597,0.9195338848423482
26080,LOF,0.06206239299236806,0.01753173818660532,0.9204058688210266
26081,LOF,0.033529588251884256,0.006663876514296346,0.9598065352338193
26082,LOF,0.013005828133570317,0.013704652846443293,0.9732895190199864
26083,LOF,0.1768418561422251,0.01531272415466438,0.8078454197031105
26084,LOF,0.03943249319808198,0.012090488149122157,0.9484770186527959
26085,LOF,0.035464073603617294,0.011613233109441953,0.9529226932869407
26086,LOF,0.019582746890763142,0.012115701955408913,0.968301551153828
26087,LOF,0.02246411657415864,0.00903007365454976,0.9685058097712915
26088,LOF,0.015614856986365692,0.025039312535150036,0.9593458304784843
26089,LOF,0.04043717722243178,0.024429818476340393,0.9351330043012279
26090,LOF,0.040590017719424755,0.019273345326566844,0.9401366369540085
26091,LOF,0.03130251827057258,0.006621311170468962,0.9620761705589584
26092,LOF,0.021401043466736002,0.007976266605398017,0.9706226899278659
26093,LOF,0.032447496481265894,0.006351103400463563,0.9612014001182706
26094,LOF,0.0329156976070049,0.005944389722603424,0.9611399126703917
26095,LOF,0.040189442424180356,0.01576195905330961,0.94404859852251
26096,LOF,0.016429259115535676,0.011859000013748053,0.9717117408707162
26097,LOF,0.011923444381948787,0.04104742025497733,0.9470291353630738
26098,LOF,0.07513429268317914,0.012999064916808271,0.9118666424000125
26099,LOF,0.0201114865221616,0.012200080994723054,0.9676884324831154
26100,LOF,0.022188803629835732,0.011864211732274154,0.9659469846378902
26101,LOF,0.04537297144041783,0.018214283281267608,0.9364127452783145
26102,LOF,0.019420771201294623,0.014413076808301777,0.9661661519904036
26103,Neutral,0.8784715672106547,0.020266888180443546,0.10126154460890181
26104,LOF,0.07978321567284442,0.02657848430359699,0.8936383000235587
26105,LOF,0.21199873417501958,0.26398856220105416,0.5240127036239263
26106,LOF,0.15239673099817944,0.13168092392608702,0.7159223450757335
26107,LOF,0.24422556824857028,0.08544689235146442,0.6703275393999654
26108,LOF,0.21458444595654083,0.0893760883197461,0.6960394657237132
26109,LOF,0.08203647970440375,0.061476252307748065,0.8564872679878482
26110,LOF,0.2207395930757641,0.007203909664947618,0.7720564972592883
26111,Neutral,0.5204966471932703,0.022439265021060743,0.45706408778566904
26112,LOF,0.03335330408428738,0.0075317682367680334,0.9591149276789447
26113,LOF,0.06214836516439548,0.017226096544093704,0.9206255382915108
26114,LOF,0.02764028538464411,0.030258703219704267,0.9421010113956517
26115,LOF,0.0929384576896677,0.054070915302193025,0.8529906270081392
26116,LOF,0.06308868343225175,0.0581095365220545,0.8788017800456936
26117,LOF,0.4514079551939453,0.046248078895538065,0.5023439659105167
26118,LOF,0.033844706073866394,0.022897971904680053,0.9432573220214535
26119,LOF,0.023990271890680342,0.033652797039757425,0.9423569310695622
26120,LOF,0.02482654448158302,0.01832382189621994,0.9568496336221971
26121,LOF,0.04131780798277335,0.08455555261279225,0.8741266394044344
