feature0,prediction,LoGoFunc_Neutral,LoGoFunc_GOF,LoGoFunc_LOF
25546,Neutral,0.5694751700916457,0.05126878713182573,0.3792560427765284
25547,LOF,0.4423481586681324,0.0859025331570236,0.471749308174844
25548,Neutral,0.48146217536017066,0.07756574378472045,0.4409720808551089
25549,LOF,0.40958034683670685,0.07916764474571318,0.5112520084175799
25550,LOF,0.37695758486240893,0.07834568690771723,0.5446967282298738
25551,LOF,0.3187855333839389,0.07688598230928138,0.6043284843067798
25552,LOF,0.26997807628754017,0.10482124171782199,0.6252006819946379
25553,Neutral,0.7854491699372683,0.041775104066589706,0.17277572599614213
25554,LOF,0.30433738679958416,0.08732289521898215,0.6083397179814336
25555,LOF,0.2590941635131623,0.09002573998171214,0.6508800965051256
25556,LOF,0.44753466739138353,0.07486564247253341,0.4775996901360829
25557,LOF,0.24154618995508786,0.09380778156666242,0.6646460284782497
25558,LOF,0.30802702663522485,0.0842148619719031,0.607758111392872
25559,LOF,0.25026659508253263,0.03479891758835868,0.7149344873291087
25560,LOF,0.10911409050509556,0.11668837795374025,0.7741975315411641
25561,LOF,0.08536134559076057,0.19038028930847364,0.7242583651007658
25562,LOF,0.039694135780749186,0.06913620210102468,0.8911696621182262
25563,LOF,0.007768181241037865,0.15834743862987358,0.8338843801290885
25564,LOF,0.06859951078495552,0.07367539107212628,0.8577250981429183
25565,LOF,0.1933885022498542,0.18065608343712075,0.625955414313025
25566,GOF,0.06728989955730075,0.7697062224597453,0.16300387798295404
25567,LOF,0.045811248396621776,0.11742724419547296,0.8367615074079052
25568,LOF,0.07004305674998923,0.10048945604933172,0.829467487200679
25569,LOF,0.06822411839697326,0.09094734948304689,0.8408285321199799
25570,LOF,0.028859387662521625,0.10340262765395176,0.8677379846835266
25571,LOF,0.028379556028839764,0.11085778451248786,0.8607626594586725
25572,LOF,0.05584946066912911,0.15995337343479188,0.7841971658960789
25573,LOF,0.06526960497682281,0.11079225255027174,0.8239381424729055
25574,LOF,0.08951722130114342,0.19733560208580034,0.7131471766130564
25575,LOF,0.026866475887371736,0.1229968688897056,0.8501366552229227
25576,LOF,0.025894708816665876,0.20852502298408845,0.7655802681992457
25577,LOF,0.029424591180046773,0.1446139372814917,0.8259614715384617
25578,LOF,0.2983008979692543,0.07667464580528437,0.6250244562254613
25579,LOF,0.20483108388488216,0.07970515576398342,0.7154637603511345
25580,LOF,0.02688402434266716,0.07335600974776812,0.8997599659095648
25581,LOF,0.04533859326220951,0.1064708041676858,0.8481906025701047
25582,LOF,0.04533859326220951,0.1064708041676858,0.8481906025701047
25583,LOF,0.035730591921945255,0.07948636553310455,0.8847830425449502
25584,Neutral,0.7378914716875015,0.08912060567710453,0.172987922635394
25585,LOF,0.025293706060856208,0.1599960805688686,0.8147102133702753
25586,LOF,0.024949272738654407,0.09018197800625893,0.8848687492550867
25587,LOF,0.02416861479562454,0.09547934813732346,0.880352037067052
25588,LOF,0.02931512259787279,0.07372474702775844,0.8969601303743688
25589,Neutral,0.6117059061153455,0.1705623849732707,0.21773170891138383
25590,LOF,0.06183384568920106,0.1155272139203906,0.8226389403904084
25591,LOF,0.10923314340226424,0.08911887969339348,0.8016479769043423
25592,LOF,0.09310125854897469,0.16822418158488575,0.7386745598661396
25593,LOF,0.1446708050108151,0.2987779705097989,0.556551224479386
25594,LOF,0.041850704085715465,0.07793710144603054,0.880212194468254
25595,LOF,0.04784658351094259,0.03224733268776756,0.9199060838012898
25596,LOF,0.13239105299484663,0.019576672795430197,0.848032274209723
25597,LOF,0.09529089555215717,0.01760552053457976,0.887103583913263
25598,LOF,0.051585436363435655,0.03115925207574181,0.9172553115608224
25599,LOF,0.02356535227246776,0.48578045343529164,0.49065419429224055
25600,LOF,0.14220569251085266,0.3798035936025398,0.4779907138866076
25601,LOF,0.0440624513673672,0.30363071391537244,0.6523068347172603
25602,LOF,0.02601801142863705,0.08519987628738909,0.8887821122839739
25603,LOF,0.059899623614248394,0.08733415349828634,0.8527662228874654
25604,LOF,0.050515064415698196,0.13843613413662087,0.811048801447681
25605,LOF,0.05592642847834779,0.2020738314262848,0.7419997400953674
25606,Neutral,0.4302003815784056,0.3097906694564147,0.2600089489651795
25607,LOF,0.03870526221231738,0.19761144485184648,0.7636832929358361
25608,LOF,0.049952514538294614,0.10821570508072968,0.8418317803809756
25609,GOF,0.1726822636994399,0.5567142456893222,0.270603490611238
25610,LOF,0.022386081846606114,0.0779136227286764,0.8997002954247174
25611,LOF,0.01597704062677473,0.07584215451336015,0.9081808048598652
25612,LOF,0.06822401179334511,0.08814905586607591,0.8436269323405791
25613,LOF,0.05952153291798565,0.09615469324942494,0.8443237738325894
25614,LOF,0.02609598886722975,0.07547961841510482,0.8984243927176655
25615,LOF,0.07113018824786366,0.06801386796005643,0.8608559437920799
25616,LOF,0.07081906765791748,0.07889844919465745,0.850282483147425
25617,LOF,0.05586943469432316,0.08998105778667784,0.854149507518999
25618,LOF,0.06600564073739716,0.19889422268346327,0.7351001365791396
25619,LOF,0.01493118638620121,0.12961623584745574,0.855452577766343
25620,LOF,0.05073184942704813,0.08580724483822177,0.86346090573473
25621,LOF,0.09410223814103785,0.07930628710139422,0.8265914747575679
25622,LOF,0.10887069545383289,0.08090322297529923,0.8102260815708678
25623,LOF,0.08805973733528781,0.057462271057112595,0.8544779916075996
25624,LOF,0.023747033170467648,0.07081412698234997,0.9054388398471823
25625,LOF,0.08381262393794588,0.0771156299963252,0.8390717460657289
25626,LOF,0.06698153936103059,0.08242812369973282,0.8505903369392366
25627,Neutral,0.8738138148600091,0.03154564216343946,0.09464054297655142
25628,LOF,0.17248461212414176,0.08111809546424857,0.7463972924116096
25629,LOF,0.05977633824814025,0.08374356697907316,0.8564800947727865
25630,LOF,0.2703525015185938,0.09725349757002527,0.632394000911381
25631,Neutral,0.49634192828453094,0.0721961778195612,0.431461893895908
25632,LOF,0.022826722993823996,0.09559666942971685,0.8815766075764592
25633,LOF,0.1801416143316187,0.05663374318578434,0.7632246424825968
25634,LOF,0.04235291670222032,0.09217440420243961,0.8654726790953401
25635,LOF,0.031261236655292665,0.045808358279403744,0.9229304050653037
25636,GOF,0.027983831419061984,0.5115556480109402,0.4604605205699978
25637,LOF,0.026824156525024803,0.45081459175136007,0.5223612517236152
25638,LOF,0.015978946106749266,0.48422430300096836,0.4997967508922822
25639,LOF,0.022499738781047666,0.35136830538762637,0.6261319558313259
25640,Neutral,0.8168358461659724,0.15002278977031336,0.033141364063714124
25641,LOF,0.12116236250766367,0.3720847994151566,0.5067528380771797
25642,LOF,0.14224439797798677,0.22553126933829987,0.6322243326837134
25643,Neutral,0.4379473513288438,0.16938774710675428,0.39266490156440176
25644,GOF,0.008730623015014767,0.7065451918896937,0.28472418509529146
25645,GOF,0.009940439575543348,0.6696371770185262,0.32042238340593043
25646,LOF,0.016078308296533075,0.4888545976439581,0.4950670940595089
25647,LOF,0.00865923278266152,0.39476576080139475,0.5965750064159437
25648,LOF,0.012272508040921672,0.4310074425189912,0.5567200494400871
25649,LOF,0.008994641223235405,0.3493707833945189,0.6416345753822458
25650,GOF,0.02827065061602699,0.6187374732329444,0.3529918761510287
25651,LOF,0.008926076749237481,0.44530407668491045,0.545769846565852
25652,GOF,0.007851989644561498,0.5971212704149835,0.395026739940455
25653,GOF,0.0285162592690061,0.6876136686912085,0.2838700720397853
25654,GOF,0.010144284392466764,0.5374259771707381,0.4524297384367951
25655,GOF,0.07213682698985195,0.7183680658410857,0.2094951071690623
25656,LOF,0.22600981783482582,0.21924243587819048,0.5547477462869838
25657,LOF,0.023980125000537148,0.2011130744626186,0.7749068005368442
25658,LOF,0.17422209419000229,0.2327429068540829,0.5930349989559148
25659,LOF,0.2872791547702224,0.34605410380051205,0.36666674142926553
25660,LOF,0.021448746066892625,0.21069030462882965,0.7678609493042777
25661,LOF,0.06082670927042315,0.13523768450854948,0.8039356062210272
25662,LOF,0.026161706033836215,0.08057888747756958,0.8932594064885943
25663,LOF,0.030395353304517904,0.07546008400961647,0.8941445626858656
25664,LOF,0.08257346390791546,0.1367145759512609,0.7807119601408237
25665,LOF,0.046125452332774264,0.06570737058298541,0.8881671770842402
25666,LOF,0.06223828067714466,0.11488453427374412,0.8228771850491112
25667,LOF,0.05410901471926195,0.09562551176901908,0.850265473511719
25668,LOF,0.028031144353188386,0.1151284319120316,0.8568404237347801
25669,LOF,0.01943583010797152,0.10027734681387368,0.8802868230781549
25670,LOF,0.10563595515805366,0.09189889716637865,0.8024651476755678
25671,LOF,0.07806445517827544,0.08004778327728336,0.8418877615444412
25672,LOF,0.04069771501673282,0.10102380415922266,0.8582784808240446
25673,LOF,0.07242421395585007,0.09890451972919456,0.8286712663149554
25674,LOF,0.06684579152320257,0.12370732337752706,0.8094468850992704
25675,LOF,0.059464666291357694,0.13937384068718012,0.8011614930214622
25676,LOF,0.014826378005941497,0.12848210439339147,0.856691517600667
25677,LOF,0.014752217845819059,0.15772467596740286,0.8275231061867782
25678,LOF,0.15318529005924705,0.1668865642141042,0.6799281457266488
25679,LOF,0.10296094441761212,0.16176682797833747,0.7352722276040503
25680,LOF,0.01880011475984595,0.21365230724178935,0.7675475779983646
25681,LOF,0.029936381727218193,0.19337512825644346,0.7766884900163383
25682,LOF,0.09251005817236217,0.13605323539411662,0.7714367064335211
25683,LOF,0.08364719543116587,0.15261718265653257,0.7637356219123016
25684,LOF,0.02188151917171214,0.13031069688842076,0.8478077839398671
25685,LOF,0.11674798775036922,0.1538256498591632,0.7294263623904677
25686,LOF,0.05931955470691012,0.23124676309131256,0.7094336822017773
25687,LOF,0.10571289177768003,0.2553685969068233,0.6389185113154966
25688,LOF,0.39386506105381985,0.028546562761328297,0.5775883761848518
25689,LOF,0.22132538051404949,0.029473304057203754,0.7492013154287468
25690,LOF,0.3310928681186432,0.026033508959401135,0.6428736229219557
25691,Neutral,0.7319694328495102,0.025322616830149282,0.24270795032034045
25692,LOF,0.3063725609411242,0.01270992396843289,0.680917515090443
25693,LOF,0.0470689856427661,0.4006028809945981,0.5523281333626359
25694,LOF,0.10794628892813789,0.017045664610743576,0.8750080464611185
25695,LOF,0.10912903679442298,0.00744394392278732,0.8834270192827898
25696,LOF,0.10083268560854412,0.025723103343157756,0.8734442110482982
25697,LOF,0.04538454769492001,0.0712864916852642,0.8833289606198158
25698,LOF,0.2758545642737908,0.1885244062424849,0.5356210294837243
25699,LOF,0.393767923628572,0.05733751823275322,0.5488945581386748
25700,LOF,0.05661740270429737,0.012904847318984806,0.9304777499767178
25701,LOF,0.1593354859611634,0.045031568277765895,0.7956329457610708
25702,GOF,0.236751696747129,0.6467265249996634,0.11652177825320754
25703,LOF,0.02056483125488255,0.24930104305817463,0.7301341256869428
25704,LOF,0.034952230059400465,0.18522994158119466,0.7798178283594049
25705,LOF,0.030456294888117203,0.09662946972524869,0.872914235386634
25706,LOF,0.12062925132646461,0.4142922720953982,0.4650784765781371
25707,LOF,0.1097952489658936,0.33311998168568874,0.5570847693484177
25708,LOF,0.0535137813991146,0.38571910108944507,0.5607671175114403
25709,LOF,0.06707276309733849,0.0590731505666483,0.8738540863360132
25710,LOF,0.018951590715323728,0.17094313225557775,0.8101052770290985
25711,LOF,0.01938969678584851,0.09350830009593745,0.8871020031182141
25712,LOF,0.019561957988999377,0.21241518624378672,0.7680228557672139
25713,LOF,0.017827250252606276,0.08868725379429203,0.8934854959531018
25714,LOF,0.07206978635660538,0.08144141064073152,0.8464888030026632
25715,LOF,0.011614210759801315,0.13730146113607483,0.8510843281041238
25716,LOF,0.013294438913009665,0.1614179751531514,0.825287585933839
25717,LOF,0.018852331311486448,0.09682857092399161,0.8843190977645219
25718,LOF,0.01147298196084391,0.06498437150261321,0.9235426465365429
25719,LOF,0.023856727380282484,0.10333727484995028,0.8728059977697672
25720,LOF,0.029853400805387214,0.05540641376950431,0.9147401854251085
25721,LOF,0.011308923618485168,0.1106614516394639,0.8780296247420509
25722,LOF,0.013002696349074468,0.09073877047289612,0.8962585331780294
25723,LOF,0.02320946501633378,0.06302980619754703,0.9137607287861192
25724,LOF,0.037409094973772726,0.13409262742966746,0.8284982775965598
25725,LOF,0.011349700178135795,0.10016152820870615,0.888488771613158
25726,LOF,0.017040950864792084,0.1448891816000485,0.8380698675351596
25727,LOF,0.014031875631371035,0.09157939426929519,0.8943887300993337
25728,LOF,0.010843090210628683,0.12036301120833377,0.8687938985810375
25729,LOF,0.011154330956631993,0.11635670489392998,0.8724889641494381
25730,LOF,0.014570044478028387,0.12103523197883582,0.8643947235431358
25731,LOF,0.01982306393905242,0.14560522738749834,0.8345717086734493
25732,LOF,0.014455343550547273,0.06291651353947758,0.9226281429099751
25733,LOF,0.01566488879860968,0.07755886028976386,0.9067762509116265
25734,LOF,0.01562153971292868,0.16958260144484733,0.814795858842224
25735,LOF,0.011104451650553985,0.07777061877821967,0.9111249295712264
25736,LOF,0.012099386347354217,0.07993667481010487,0.9079639388425409
25737,LOF,0.01308847441027067,0.10371386011212969,0.8831976654775997
25738,LOF,0.01225665300653969,0.10246254538579098,0.8852808016076694
25739,LOF,0.01949981029668362,0.08711214887482009,0.8933880408284963
25740,LOF,0.0316968447357803,0.11413430797984957,0.8541688472843701
25741,LOF,0.014579432018190114,0.1272503110491748,0.858170256932635
25742,LOF,0.10485315935898984,0.07984973783151104,0.8152971028094991
25743,LOF,0.04755900263456194,0.053596227892575954,0.8988447694728621
25744,Neutral,0.6383540915049924,0.21868542195218277,0.14296048654282484
25745,LOF,0.06254789449292239,0.09522694084385724,0.8422251646632205
25746,LOF,0.03996676366497665,0.13604076575006377,0.8239924705849595
25747,LOF,0.014472292138402548,0.17619523727547523,0.8093324705861222
25748,LOF,0.08035284673893255,0.21524702714818558,0.7044001261128818
25749,LOF,0.02997408500189876,0.12603746958556408,0.8439884454125371
25750,LOF,0.06515781238184057,0.1234647725979036,0.8113774150202558
25751,LOF,0.08527111275945957,0.18796011795808673,0.7267687692824536
25752,GOF,0.1506659006831772,0.6443214703538307,0.20501262896299222
25753,LOF,0.038706460161142674,0.41949472619444855,0.5417988136444087
25754,GOF,0.030876865797801106,0.7774712139357042,0.1916519202664947
25755,LOF,0.04555602987842566,0.35752521752845884,0.5969187525931156
25756,LOF,0.07141102101261375,0.44426135711683823,0.48432762187054806
25757,GOF,0.02564642989784343,0.843465753837863,0.13088781626429355
25758,GOF,0.03457612862746499,0.8105604955298771,0.15486337584265794
25759,GOF,0.019964235035499833,0.7010527579357906,0.2789830070287095
25760,LOF,0.025390626184525058,0.44717739354997366,0.5274319802655013
25761,GOF,0.30436065664934375,0.6157645786094391,0.07987476474121717
25762,LOF,0.05622582601892801,0.44385633736435676,0.49991783661671507
25763,LOF,0.021641618359305774,0.3793991022800882,0.598959279360606
25764,GOF,0.07789844913641202,0.7383842683213282,0.18371728254225972
25765,GOF,0.044352729407421715,0.7906913896983139,0.16495588089426425
25766,GOF,0.10444231673548461,0.7554684151028661,0.14008926816164924
25767,GOF,0.13449271571403512,0.48256284926418835,0.38294443502177655
25768,LOF,0.09404954624400036,0.04020411477943913,0.8657463389765605
25769,LOF,0.04933563463265801,0.09499533339810795,0.855669031969234
25770,LOF,0.3987018247284246,0.08174544949962213,0.5195527257719533
25771,LOF,0.05259972961683175,0.044660237309252504,0.9027400330739157
25772,LOF,0.019125132930439055,0.0722550607240642,0.9086198063454968
25773,LOF,0.05446824008502578,0.05537880285422848,0.8901529570607457
25774,LOF,0.026455144187791425,0.13317619724759905,0.8403686585646095
25775,LOF,0.06618133216292987,0.037454297776037176,0.8963643700610329
25776,LOF,0.06745678701013225,0.045489103975954216,0.8870541090139136
25777,Neutral,0.5206970994481062,0.09288803530222632,0.3864148652496675
25778,LOF,0.06032297055851209,0.073046504391389,0.866630525050099
25779,GOF,0.4398913883287242,0.47871320956077185,0.0813954021105038
25780,GOF,0.32752772580980566,0.5259206488834491,0.14655162530674512
25781,GOF,0.11511755740545723,0.6959590521465933,0.1889233904479495
25782,GOF,0.17754989957297412,0.6460700902989149,0.17638001012811094
25783,GOF,0.024679458132615184,0.7533389793286617,0.2219815625387231
25784,Neutral,0.5620949039114488,0.3492082349371578,0.08869686115139341
25785,Neutral,0.5387279625212815,0.36529032316077453,0.09598171431794399
25786,GOF,0.0230399920458411,0.7168975213532842,0.2600624866008748
25787,Neutral,0.7376334719491485,0.20429562243633312,0.05807090561451836
25788,LOF,0.04739103248166211,0.07208405857873716,0.8805249089396008
25789,GOF,0.221588671858983,0.5728524857366434,0.20555884240437367
25790,GOF,0.2628472062808719,0.5073503479296824,0.22980244578944578
25791,GOF,0.14280227627433562,0.5017378337066807,0.35545989001898365
25792,Neutral,0.36494871028315545,0.3510058334518662,0.2840454562649783
25793,GOF,0.2306061309549501,0.3999923104312714,0.36940155861377855
25794,GOF,0.2912243140084265,0.4569008745004508,0.2518748114911228
25795,GOF,0.06428958462574647,0.5934681010699151,0.34224231430433855
25796,Neutral,0.48235379234627507,0.3700198345318885,0.1476263731218365
25797,LOF,0.06921759643900856,0.4531373281352345,0.47764507542575707
25798,GOF,0.011784243461835087,0.4981777494553957,0.4900380070827691
25799,LOF,0.0108163317543201,0.4832887700002028,0.5058948982454772
25800,GOF,0.03503930757714759,0.5564131207868732,0.40854757163597927
25801,GOF,0.2230009168001954,0.5847819228690719,0.19221716033073258
25802,GOF,0.06282946731109475,0.5145662105128846,0.4226043221760207
25803,GOF,0.049776929403873314,0.47616638462873645,0.4740566859673901
25804,GOF,0.04099074722417341,0.4837039201823096,0.4753053325935171
25805,GOF,0.09121742518203543,0.5042856112390564,0.40449696357890824
25806,GOF,0.12088961204348844,0.4837474906020511,0.39536289735446056
25807,GOF,0.020041547712605325,0.4958208513867497,0.48413760090064506
25808,GOF,0.09455373301164514,0.4576298151869196,0.4478164518014353
25809,LOF,0.019383867787081784,0.45650136196946883,0.5241147702434493
25810,LOF,0.022026971693189838,0.47226614210424,0.5057068862025701
25811,Neutral,0.47921074439846034,0.4105269020564074,0.11026235354513232
25812,GOF,0.040113322642222254,0.4840714628336326,0.475815214524145
25813,Neutral,0.5611831115130058,0.240846555026523,0.1979703334604712
25814,GOF,0.13846450255606088,0.5086701806241438,0.3528653168197953
25815,GOF,0.2566218922405284,0.4890865264327267,0.254291581326745
25816,GOF,0.02012267820672446,0.5499311715202718,0.4299461502730037
25817,GOF,0.1724516125499811,0.6381384403805738,0.18940994706944514
25818,LOF,0.03762811276334434,0.4791629861569736,0.483208901079682
25819,GOF,0.33354055283072626,0.43274894749798787,0.23371049967128582
25820,GOF,0.18704769336258759,0.5338216287409303,0.27913067789648216
25821,GOF,0.0661836984931064,0.570590993460708,0.36322530804618564
25822,GOF,0.2278523370829681,0.4901103894673872,0.28203727344964463
25823,GOF,0.03944656495002645,0.48665249998792715,0.47390093506204645
25824,LOF,0.09090188683667483,0.4220069341000032,0.48709117906332206
25825,LOF,0.03950310472571116,0.42204739387571927,0.5384495013985695
25826,LOF,0.013774173389845278,0.431457665902536,0.5547681607076188
25827,LOF,0.020252593343317662,0.4763477411554091,0.5033996655012732
25828,LOF,0.01448318171428087,0.4116140381426102,0.5739027801431089
25829,LOF,0.009919730987832427,0.4440716645577007,0.546008604454467
25830,LOF,0.03535964798855178,0.11187418853843985,0.8527661634730085
25831,GOF,0.17186719308159384,0.6391923862807458,0.18894042063766048
25832,GOF,0.041599417538029794,0.599434350727412,0.3589662317345581
25833,GOF,0.12620530162057003,0.606939898615256,0.266854799764174
25834,GOF,0.04972653844697306,0.6065496569466727,0.3437238046063542
25835,GOF,0.0955310274696682,0.5386840909691194,0.3657848815612123
25836,GOF,0.05836800610310466,0.5808885265385814,0.360743467358314
25837,GOF,0.02625907485167137,0.49398199994543485,0.4797589252028937
25838,GOF,0.08851262384308808,0.6183189356206646,0.29316844053624735
25839,GOF,0.33097486691966566,0.42822085415835665,0.24080427892197775
25840,GOF,0.21166152578567374,0.5412822883618275,0.24705618585249886
25841,GOF,0.2532851719414102,0.4832789742837971,0.2634358537747927
25842,GOF,0.18111132674904715,0.5373341651632547,0.2815545080876982
25843,GOF,0.22703166378314224,0.5845523224324409,0.18841601378441677
25844,GOF,0.059005482077571,0.534187663706999,0.40680685421542995
25845,GOF,0.01672458484229662,0.5463539814884592,0.43692143366924424
25846,GOF,0.1049531643982761,0.6242257476570486,0.27082108794467513
25847,GOF,0.11562998439424971,0.6038177650654604,0.28055225054029
25848,GOF,0.046665243047802514,0.5359123710086497,0.4174223859435477
25849,GOF,0.015120839526755636,0.5063528697047005,0.47852629076854386
25850,GOF,0.026540869902244926,0.5251541630854811,0.448304967012274
25851,GOF,0.021940251699735812,0.4994626964798223,0.4785970518204418
25852,GOF,0.13835033955682782,0.46939395447479954,0.3922557059683727
25853,GOF,0.30603162356791,0.546317145482401,0.1476512309496889
25854,GOF,0.019160716599356798,0.6557924359014824,0.3250468474991608
25855,GOF,0.04052849450503568,0.5009403800747125,0.4585311254202519
25856,GOF,0.19182143430552465,0.5113226338509491,0.29685593184352616
25857,GOF,0.036314490400897424,0.5186948948816262,0.4449906147174764
25858,GOF,0.018860097145537012,0.6036072366008695,0.3775326662535936
25859,GOF,0.010781558739446135,0.6069878240656043,0.3822306171949496
25860,GOF,0.2688534329513985,0.5645316425042145,0.166614924544387
25861,GOF,0.3014684727140136,0.5748730914721386,0.12365843581384779
25862,GOF,0.06266960844055304,0.7029560820194545,0.23437430953999255
25863,GOF,0.06848679728734251,0.7165737644671748,0.21493943824548264
25864,GOF,0.14884997668043795,0.6741079532904382,0.1770420700291239
25865,GOF,0.07432944022760644,0.6578677354473418,0.26780282432505187
25866,GOF,0.053099594212749096,0.732535264069824,0.21436514171742693
25867,GOF,0.07066845560546126,0.7525381751017264,0.17679336929281236
25868,GOF,0.1793412111428367,0.5852995852399501,0.23535920361721321
25869,Neutral,0.6700100828295048,0.25646686493432935,0.07352305223616586
25870,LOF,0.22504721629405183,0.0826690845545142,0.692283699151434
25871,GOF,0.1770454586064429,0.5864841602081371,0.23647038118542
25872,GOF,0.06784352649783887,0.5135023438031437,0.4186541296990174
25873,GOF,0.13947477324942117,0.48794177678971323,0.37258344996086556
25874,LOF,0.01943962874171605,0.0762333172856762,0.9043270539726078
25875,LOF,0.050898152410115256,0.19679666580052999,0.7523051817893548
25876,LOF,0.022839165497128465,0.09362678647891498,0.8835340480239566
25877,LOF,0.3610189156444325,0.2135879426238318,0.42539314173173576
25878,LOF,0.12995593455165358,0.2674747335537858,0.6025693318945606
25879,LOF,0.0809147743174744,0.2751384486604406,0.643946777022085
25880,LOF,0.022595937899258043,0.04821782295913631,0.9291862391416056
25881,LOF,0.18581482323441229,0.12451959188467193,0.6896655848809158
25882,LOF,0.061316590535016584,0.020639448863083297,0.9180439606019002
25883,LOF,0.08445021231933214,0.03556367844524118,0.8799861092354267
25884,LOF,0.03578467668526053,0.04036650405652191,0.9238488192582176
25885,LOF,0.054231361283344756,0.026258131253649418,0.9195105074630058
25886,LOF,0.3247714530656433,0.08512650905965682,0.5901020378746998
25887,LOF,0.1937916614382936,0.12162854777672116,0.6845797907849852
25888,LOF,0.07415610743851547,0.06693261970905216,0.8589112728524324
25889,LOF,0.033373234644933976,0.04326070759356349,0.9233660577615026
25890,LOF,0.07290047297339634,0.10273311376591623,0.8243664132606875
25891,LOF,0.06680047175959349,0.0588130109055056,0.8743865173349009
25892,LOF,0.0944036175965238,0.035628155673324974,0.8699682267301512
25893,LOF,0.31469571335586344,0.02861586582477177,0.6566884208193647
25894,LOF,0.19975099672494673,0.0108383238456963,0.7894106794293569
25895,LOF,0.2594050773440593,0.015301267135201437,0.7252936555207393
25896,LOF,0.05141057862627258,0.020696627830059704,0.9278927935436676
25897,LOF,0.2274445790601252,0.032006917905075746,0.740548503034799
25898,Neutral,0.7987460304831182,0.02020044905954637,0.18105352045733542
25899,LOF,0.21486609747325172,0.05727656744991706,0.7278573350768313
25900,Neutral,0.6436120358345827,0.015308680307475168,0.3410792838579421
25901,LOF,0.045188980793663215,0.013482480585293997,0.9413285386210428
25902,LOF,0.2005757911281715,0.015707369844741793,0.7837168390270867
25903,Neutral,0.6107951904129957,0.05361063325239296,0.3355941763346113
25904,LOF,0.2603169966777737,0.03289865941612988,0.7067843439060963
25905,LOF,0.03344275233903734,0.377826484663235,0.5887307629977276
25906,LOF,0.026426184771672166,0.0758784389852715,0.8976953762430564
25907,LOF,0.013893405428321385,0.34532458650898173,0.640782008062697
25908,LOF,0.016056370066669923,0.24783591174695843,0.7361077181863717
25909,LOF,0.018348486928831616,0.12425971171611029,0.8573918013550581
25910,GOF,0.021544824069612625,0.4899688000311988,0.4884863758991887
25911,LOF,0.05407947331111798,0.06465456173490018,0.8812659649539818
25912,LOF,0.026585378401652184,0.11096811439507417,0.8624465072032738
25913,LOF,0.2188206240177354,0.03530436166250812,0.7458750143197566
25914,LOF,0.02395948819165047,0.08650407880413029,0.8895364330042191
25915,GOF,0.39016739882213236,0.40851502950399077,0.20131757167387693
25916,GOF,0.03558628760618284,0.49196630145041065,0.47244741094340653
25917,LOF,0.048376550155252065,0.06598071816375467,0.8856427316809933
25918,LOF,0.03111809495954819,0.053009507538115605,0.9158723975023362
25919,LOF,0.027832256367784223,0.056975401180387006,0.9151923424518288
25920,GOF,0.12569469678461287,0.6492361713048653,0.22506913191052183
25921,LOF,0.029403911134755368,0.02652542581392339,0.9440706630513213
25922,LOF,0.03980547900543836,0.01817929672811044,0.9420152242664511
25923,LOF,0.38637016039057276,0.02289564702231027,0.590734192587117
25924,LOF,0.04257875056984534,0.026541947610509542,0.9308793018196451
25925,LOF,0.07267128124520399,0.032825714803443214,0.8945030039513528
25926,LOF,0.055356554117435036,0.02065596231379829,0.9239874835687666
25927,LOF,0.07279922166417357,0.05729393113107642,0.86990684720475
25928,LOF,0.022344905009920365,0.018803876360086447,0.9588512186299931
25929,Neutral,0.5355217015259556,0.028301632137638602,0.4361766663364058
25930,LOF,0.06428618964201961,0.017984862585899798,0.9177289477720807
25931,LOF,0.026258079020512522,0.015352401351587731,0.9583895196278999
25932,LOF,0.027652311185967,0.015638004738425595,0.9567096840756074
25933,LOF,0.03784768083922217,0.01019651966228929,0.9519557994984886
25934,LOF,0.02608741061329528,0.014642854112509587,0.9592697352741951
25935,LOF,0.0703039865514751,0.032290426332661375,0.8974055871158636
25936,LOF,0.043775085265538485,0.016673536981829717,0.9395513777526319
25937,LOF,0.0325999088671722,0.020321499085551576,0.9470785920472762
25938,LOF,0.06468848078510628,0.04069325542813135,0.8946182637867625
25939,LOF,0.04061931929702655,0.010652101714165078,0.9487285789888085
25940,GOF,0.02781028167217797,0.5098570063501866,0.4623327119776354
25941,LOF,0.18275983526330242,0.03853428544268009,0.7787058792940176
25942,LOF,0.017249107209356917,0.018062628605130224,0.964688264185513
25943,LOF,0.3769020582243644,0.03055777206637737,0.5925401697092583
25944,LOF,0.48247243426384073,0.0186848481215753,0.498842717614584
25945,LOF,0.06859870114062964,0.024764685926921853,0.9066366129324486
25946,LOF,0.04216811365733339,0.15714314537920623,0.8006887409634604
25947,LOF,0.15902725968440493,0.21795677502411445,0.6230159652914806
25948,LOF,0.39220650982220256,0.026755387807096548,0.581038102370701
25949,LOF,0.13570524017823393,0.05776578105855989,0.8065289787632062
25950,GOF,0.19864154897165007,0.40570564974866086,0.39565280127968905
25951,LOF,0.22092052359589856,0.08883653315552441,0.6902429432485769
25952,LOF,0.03539912597560058,0.3788887304479879,0.5857121435764115
25953,LOF,0.1242512926164962,0.11346952426441385,0.76227918311909
25954,Neutral,0.4104186666666086,0.19622665678291756,0.39335467655047385
25955,LOF,0.060042377834721786,0.1050923926975742,0.834865229467704
25956,LOF,0.2255622898439672,0.051180584082259346,0.7232571260737733
25957,LOF,0.05287289627097417,0.021687566672754344,0.9254395370562716
25958,LOF,0.06410615719021966,0.02926198665982518,0.9066318561499552
25959,LOF,0.11249802893689684,0.4158746774284398,0.4716272936346632
25960,LOF,0.023749620592407084,0.06097546936485094,0.9152749100427419
25961,LOF,0.05310034324198815,0.03972814373672811,0.9071715130212838
25962,LOF,0.04955899317564645,0.06059853851110473,0.8898424683132489
25963,LOF,0.06365068656159685,0.12522707364051533,0.8111222397978878
25964,LOF,0.035424114826149725,0.17496762419850204,0.7896082609753482
25965,Neutral,0.5076959031482863,0.06576871215606908,0.42653538469564467
25966,GOF,0.28735815424739247,0.37572348071788836,0.3369183650347193
25967,LOF,0.014002363148050936,0.14054060941809213,0.845457027433857
25968,LOF,0.05311447801906609,0.40158809373143245,0.5452974282495014
25969,LOF,0.02475476117832795,0.06467779411195264,0.9105674447097193
25970,LOF,0.05574983456867619,0.06435190596087725,0.8798982594704466
25971,LOF,0.08739512892236874,0.02302286722064046,0.8895820038569908
25972,LOF,0.09070115262893047,0.025368810495138477,0.8839300368759311
25973,LOF,0.09696916283525196,0.013192961064902005,0.889837876099846
25974,LOF,0.33743508169759895,0.03004838573742482,0.6325165325649762
25975,LOF,0.04967715752546277,0.030482364854778624,0.9198404776197586
25976,LOF,0.03990563605414173,0.019941514377440874,0.9401528495684175
25977,LOF,0.1263667312782433,0.09770862337452738,0.7759246453472292
25978,LOF,0.1791591082346018,0.11317635247265827,0.70766453929274
25979,LOF,0.16952666688843668,0.08074097149388841,0.7497323616176749
25980,LOF,0.21968194891604648,0.17576969379573634,0.6045483572882171
25981,LOF,0.25765230754514945,0.16600372201816482,0.5763439704366858
25982,Neutral,0.45947634841620516,0.09709507738788128,0.4434285741959136
25983,LOF,0.4294417735366535,0.08637498791314159,0.48418323855020473
25984,LOF,0.04874534277734426,0.07445533707604197,0.8767993201466138
25985,LOF,0.024418346040605252,0.22356159705036643,0.7520200569090283
25986,LOF,0.03239473123707461,0.2428685476617636,0.7247367211011618
25987,LOF,0.09145969621613231,0.055876922273189036,0.8526633815106787
25988,LOF,0.10790172693417015,0.050029464695546935,0.842068808370283
25989,LOF,0.026388336079586745,0.07963093207300152,0.8939807318474117
25990,LOF,0.03670814363991589,0.060699165873773366,0.9025926904863107
25991,LOF,0.244235340023302,0.24761864024492608,0.5081460197317719
25992,LOF,0.3756548619909798,0.1787262223811614,0.44561891562785877
25993,LOF,0.03457210400253199,0.07886372822682063,0.8865641677706474
25994,LOF,0.021795640666832466,0.11004047665707789,0.8681638826760896
25995,LOF,0.03847952678663221,0.09574600656827557,0.8657744666450922
25996,GOF,0.2326044832733474,0.3993693735083662,0.36802614321828636
25997,LOF,0.1038576235466613,0.42331044162005826,0.47283193483328045
25998,LOF,0.47191034759551126,0.029537142804896655,0.4985525095995921
25999,LOF,0.10560091278496433,0.23744484823727588,0.6569542389777598
26000,LOF,0.06224553974027554,0.04359700637476105,0.8941574538849635
26001,LOF,0.1553359804720695,0.049622663930812744,0.7950413555971177
26002,LOF,0.08741938163234278,0.05597786619376353,0.8566027521738937
26003,GOF,0.011795975488907198,0.7121062315585193,0.27609779295257353
26004,GOF,0.027823584880751265,0.7269977078306523,0.24517870728859653
26005,GOF,0.01107142985644775,0.5631363673206821,0.4257922028228703
26006,Neutral,0.5048801785846234,0.33751211506436696,0.15760770635100965
26007,GOF,0.02124954071845006,0.6610831473235858,0.31766731195796416
26008,GOF,0.015964362702943758,0.6737335411833408,0.3103020961137155
26009,GOF,0.032704658429295104,0.7381647445654465,0.22913059700525842
26010,GOF,0.02466340726482235,0.7644500839108357,0.21088650882434198
26011,GOF,0.011101781834588913,0.511892858077933,0.477005360087478
26012,GOF,0.01866563183800437,0.6948733411782022,0.2864610269837934
26013,GOF,0.013957583262256788,0.7612129516520878,0.22482946508565538
26014,LOF,0.042466287951686985,0.1645767226907238,0.7929569893575892
26015,LOF,0.21342449070538927,0.007294475821477676,0.779281033473133
26016,LOF,0.3481377368583155,0.026634770725067588,0.6252274924166169
26017,LOF,0.23018516766445563,0.03792905899815508,0.7318857733373894
26018,LOF,0.10123850578432667,0.019462324555002956,0.8792991696606705
26019,LOF,0.09915267362160102,0.013379582799186955,0.8874677435792121
26020,LOF,0.08983988625499177,0.03994263325161745,0.8702174804933909
26021,LOF,0.08354936674032279,0.05115004634422669,0.8653005869154504
26022,LOF,0.015657248440337463,0.026740255745105232,0.9576024958145574
26023,LOF,0.16075158462967226,0.014636471220315144,0.8246119441500127
26024,LOF,0.04073287339486282,0.050546741861528154,0.908720384743609
26025,LOF,0.17446210806233994,0.042235220943412415,0.7833026709942476
26026,LOF,0.3730751783843932,0.007900254373756379,0.6190245672418504
26027,LOF,0.10081617295808705,0.009406912759420152,0.8897769142824928
26028,LOF,0.22406434994321472,0.06562526348162782,0.7103103865751574
26029,LOF,0.11810423418510761,0.1233716261740161,0.7585241396408763
26030,LOF,0.034345193674381234,0.024466299988968335,0.9411885063366504
26031,LOF,0.040701893865847494,0.07824878594809404,0.8810493201860584
26032,LOF,0.08216003471832013,0.02002599721485953,0.8978139680668203
26033,LOF,0.1289423827022467,0.024947571293708806,0.8461100460040445
26034,LOF,0.06452230814623432,0.06852739324691758,0.8669502986068481
26035,LOF,0.04743697487757121,0.07187624400099625,0.8806867811214325
26036,LOF,0.06258023207743721,0.06846080298672061,0.8689589649358421
26037,LOF,0.040162807893705375,0.07022911767172826,0.8896080744345664
26038,LOF,0.0812971048244102,0.01955032021488613,0.8991525749607038
26039,LOF,0.09131715937464016,0.07470379054296436,0.8339790500823955
26040,LOF,0.23897477732709457,0.031817318971936785,0.7292079037009688
26041,LOF,0.03975874891743808,0.06614208400401761,0.8940991670785443
26042,LOF,0.03963448128930693,0.062426860588595375,0.8979386581220976
26043,LOF,0.08040653404394213,0.025956252204690413,0.8936372137513674
26044,LOF,0.041021525016881735,0.02714280902027039,0.931835665962848
26045,LOF,0.12175174872049885,0.053232425812108665,0.8250158254673925
26046,LOF,0.08655818142987808,0.027391968176563943,0.8860498503935579
26047,LOF,0.11558349063333581,0.03599970594483162,0.8484168034218326
26048,LOF,0.06824276988419124,0.02487787837041842,0.9068793517453904
26049,Neutral,0.944066989269372,0.00603735802684279,0.04989565270378523
26050,Neutral,0.9150765774427423,0.006339327810606536,0.07858409474665125
26051,GOF,0.03969127273289969,0.500838164797721,0.45947056246937934
26052,GOF,0.040398701437758894,0.6108643122831894,0.34873698627905175
26053,LOF,0.05479440310261843,0.38000146903028453,0.5652041278670971
26054,LOF,0.06433953182657788,0.050103524924952667,0.8855569432484693
26055,LOF,0.06141634430911729,0.04476845947907271,0.89381519621181
26056,LOF,0.056506186822391176,0.05211438712090817,0.8913794260567006
26057,LOF,0.02718150953326011,0.02597759286096555,0.9468408976057744
26058,LOF,0.02719486639210353,0.0218183449914642,0.9509867886164324
26059,LOF,0.35167440229462316,0.05784827966244839,0.5904773180429284
26060,LOF,0.04318105305977653,0.2855593065724831,0.6712596403677404
26061,LOF,0.020997747013606963,0.04077837997870838,0.9382238730076846
26062,LOF,0.016051481627513298,0.04100862210059659,0.9429398962718901
26063,LOF,0.02309784235611276,0.027397526762493924,0.9495046308813933
26064,LOF,0.02792137278447833,0.029567313047453067,0.9425113141680685
26065,LOF,0.027282921025838163,0.025222591516812897,0.947494487457349
26066,LOF,0.020752125615548195,0.02993504780033339,0.9493128265841183
26067,LOF,0.02263626072858299,0.021882866287502505,0.9554808729839145
26068,LOF,0.057785905319843664,0.05852209119761736,0.883692003482539
26069,LOF,0.41289696434494255,0.055484344161214685,0.5316186914938428
26070,Neutral,0.6361551240489565,0.026925433911551135,0.3369194420394924
26071,LOF,0.023114028610236332,0.03096965514265765,0.9459163162471059
26072,LOF,0.02837030064075078,0.041810748230905435,0.9298189511283438
26073,LOF,0.025619959238801584,0.024455741445806825,0.9499242993153916
26074,Neutral,0.8780136244601193,0.010610405663905536,0.11137596987597517
26075,LOF,0.0467095243588642,0.04652724055617839,0.9067632350849575
26076,LOF,0.042716506569951636,0.020091819699504413,0.9371916737305439
26077,LOF,0.012215708595341481,0.05450325154555039,0.933281039859108
26078,LOF,0.015867870928878095,0.03742113410347525,0.9467109949676467
26079,LOF,0.05347637353005734,0.04527788056918902,0.9012457459007536
26080,LOF,0.05347637353005734,0.04527788056918902,0.9012457459007536
26081,LOF,0.0301536657428913,0.017802754566804285,0.9520435796903045
26082,LOF,0.025796635198713988,0.043026701809128584,0.9311766629921575
26083,LOF,0.11749115071406321,0.029503436073473405,0.8530054132124634
26084,LOF,0.025538275594716563,0.03368387904862215,0.9407778453566613
26085,LOF,0.021842818354908856,0.030330588353959267,0.947826593291132
26086,LOF,0.021957182847351545,0.03282862971065591,0.9452141874419925
26087,LOF,0.024498124840719938,0.02621522442573316,0.949286650733547
26088,LOF,0.0279012773392116,0.05150631695369949,0.9205924057070888
26089,LOF,0.0447021939603942,0.04697897555928121,0.9083188304803247
26090,LOF,0.042360845923931106,0.042656035552022645,0.9149831185240462
26091,LOF,0.03652054396202853,0.017041819342065095,0.9464376366959064
26092,LOF,0.028949054810717873,0.02106990769519757,0.9499810374940846
26093,LOF,0.03959187204618689,0.015067646986407402,0.9453404809674056
26094,LOF,0.041864988081584516,0.013325084023058195,0.9448099278953573
26095,LOF,0.045746543286294974,0.0510184396733329,0.9032350170403721
26096,LOF,0.020979123683210966,0.03438944526417301,0.944631431052616
26097,LOF,0.013179537902422352,0.09965788661151931,0.8871625754860584
26098,LOF,0.06747958183560615,0.03089073393739541,0.9016296842269984
26099,LOF,0.023865087281629817,0.04100305521597996,0.9351318575023901
26100,LOF,0.024370913913367896,0.0392163744753121,0.93641271161132
26101,LOF,0.053957755955808887,0.03764658576865816,0.9083956582755329
26102,LOF,0.024923157555165446,0.030220671638214187,0.9448561708066204
26103,Neutral,0.8684742025224177,0.04678830364687216,0.08473749383071012
26104,LOF,0.05085582587230139,0.07529414685196288,0.8738500272757358
26105,LOF,0.3475162776340836,0.18388503550871757,0.46859868685719863
26106,LOF,0.14934534833780103,0.11964537486522492,0.731009276796974
26107,LOF,0.27014185796652135,0.09707571368011463,0.632782428353364
26108,LOF,0.1869899131826137,0.12894593797995565,0.6840641488374305
26109,LOF,0.07296275535090853,0.11121513695030129,0.81582210769879
26110,LOF,0.24237382492537476,0.06922538169648768,0.6884007933781375
26111,LOF,0.4826530354734586,0.03334228157343942,0.48400468295310206
26112,LOF,0.04185640022126422,0.027248739309674887,0.9308948604690609
26113,LOF,0.057446971919890774,0.07070480371115348,0.8718482243689558
26114,LOF,0.02386013940764886,0.03534547017318633,0.9407943904191649
26115,LOF,0.10599348391644821,0.0455122580197966,0.8484942580637552
26116,LOF,0.05948114263555758,0.040868920804619055,0.8996499365598235
26117,LOF,0.23538266334951738,0.10877331220157445,0.6558440244489082
26118,LOF,0.03813096075300767,0.04687913070547259,0.9149899085415196
26119,LOF,0.02279438065782995,0.12646176975377985,0.8507438495883902
26120,LOF,0.028247525467297634,0.050204421835233465,0.921548052697469
26121,LOF,0.04567974197298227,0.1269096567395262,0.8274106012874916
26122,LOF,0.061743137617611556,0.10338966359038353,0.8348671987920049
