feature0,prediction,LoGoFunc_Neutral,LoGoFunc_GOF,LoGoFunc_LOF
25546,Neutral,0.6262337880409511,0.06070645910099028,0.3130597528580587
25547,Neutral,0.5006711547610374,0.10080180227588356,0.39852704296307895
25548,Neutral,0.4986687087647946,0.08626726751277165,0.4150640237224338
25549,LOF,0.43100784125766084,0.09000942140355303,0.478982737338786
25550,LOF,0.3576237184012747,0.10613918556107324,0.5362370960376521
25551,LOF,0.3048823448463275,0.11852504793635063,0.576592607217322
25552,LOF,0.2713438650589249,0.12179119034346533,0.6068649445976098
25553,Neutral,0.7895772578181247,0.051133891936382896,0.15928885024549239
25554,LOF,0.3115249629488244,0.11410056614478477,0.5743744709063908
25555,LOF,0.27226205435871,0.10899431719205635,0.6187436284492337
25556,Neutral,0.45509861926361617,0.10083154210650952,0.4440698386298742
25557,LOF,0.25748284885734773,0.11621716566756118,0.626299985475091
25558,LOF,0.30899370421447225,0.11233533193033043,0.5786709638551973
25559,LOF,0.2341146850328347,0.04671708362612595,0.7191682313410392
25560,LOF,0.07837351324359784,0.15670044439935363,0.7649260423570486
25561,LOF,0.10050088213443341,0.2089215341467553,0.6905775837188114
25562,LOF,0.03723930335024376,0.1212615861857492,0.841499110464007
25563,LOF,0.009677878308552457,0.17433119305889327,0.8159909286325543
25564,LOF,0.08675002220380587,0.1357729411750573,0.7774770366211368
25565,LOF,0.16173252147849382,0.13088707943941374,0.7073803990820925
25566,GOF,0.06645343633123249,0.6390121893229994,0.294534374345768
25567,LOF,0.039845376953656614,0.15089187877262167,0.8092627442737218
25568,LOF,0.06097981036634172,0.0909626830067004,0.8480575066269579
25569,LOF,0.06045676262560404,0.08439650404661446,0.8551467333277815
25570,LOF,0.029025350186150864,0.1357761942598098,0.8351984555540393
25571,LOF,0.026203695226062064,0.13757737762828331,0.8362189271456545
25572,LOF,0.058469096243497505,0.18372667559396838,0.757804228162534
25573,LOF,0.059144787724065645,0.11829850544892016,0.8225567068270141
25574,LOF,0.05577635109315861,0.23546882932498642,0.708754819581855
25575,LOF,0.025075233833963498,0.14199426297325138,0.832930503192785
25576,LOF,0.02671644869465825,0.20891723071003507,0.7643663205953067
25577,LOF,0.03138234237559656,0.161967198303127,0.8066504593212765
25578,LOF,0.3037909688127864,0.10640462856138772,0.5898044026258259
25579,LOF,0.19574805296641487,0.10245423731155893,0.7017977097220262
25580,LOF,0.022373682973071296,0.09879779503141929,0.8788285219955094
25581,LOF,0.04889967212788746,0.08862599597648475,0.8624743318956278
25582,LOF,0.04860806622892833,0.08706737202552811,0.8643245617455435
25583,LOF,0.02894145290339293,0.09634249716946557,0.8747160499271415
25584,Neutral,0.7079716459804717,0.13162434580618165,0.16040400821334674
25585,LOF,0.022579960054083064,0.19884450805971451,0.7785755318862025
25586,LOF,0.018335129654230453,0.10206985870402635,0.8795950116417433
25587,LOF,0.01831540813119205,0.09149525525042299,0.890189336618385
25588,LOF,0.02218853487106687,0.08816286022754927,0.8896486049013839
25589,Neutral,0.48714379736907143,0.26037844052230336,0.25247776210862516
25590,LOF,0.044503298211986404,0.1404534300487016,0.815043271739312
25591,LOF,0.08292010896137285,0.07703523072030881,0.8400446603183184
25592,LOF,0.0644894961151335,0.16872912413225327,0.7667813797526133
25593,LOF,0.09868912762948093,0.3079793265510464,0.5933315458194727
25594,LOF,0.056983132765543724,0.055159301240342525,0.8878575659941137
25595,LOF,0.055310309526704224,0.034469895353300646,0.9102197951199951
25596,LOF,0.11563411853308064,0.021244444827803514,0.8631214366391158
25597,LOF,0.09167699988525213,0.022968843096089382,0.8853541570186584
25598,LOF,0.054105881830754536,0.037924097542158204,0.9079700206270873
25599,LOF,0.02178156604075167,0.36605347260389537,0.612164961355353
25600,GOF,0.14164023988205712,0.4370896803422808,0.42127007977566205
25601,LOF,0.03496055274932852,0.3230834220381308,0.6419560252125407
25602,LOF,0.025650716621423136,0.07631296526857961,0.8980363181099973
25603,LOF,0.03817172071581693,0.06159983006302469,0.9002284492211584
25604,LOF,0.03972158858853741,0.12322576053235781,0.8370526508791047
25605,LOF,0.03256076100502398,0.20235053988377447,0.7650886991112016
25606,Neutral,0.4341935204439913,0.15088452684467468,0.41492195271133414
25607,LOF,0.026791460400584687,0.23069580824043132,0.742512731358984
25608,LOF,0.03438780554925725,0.1487481622329126,0.8168640322178301
25609,GOF,0.13797680409718557,0.4999965587219972,0.3620266371808171
25610,LOF,0.016871620019357027,0.057179165745313294,0.9259492142353296
25611,LOF,0.014317049604706557,0.0649295504418683,0.9207533999534252
25612,LOF,0.05086534935274664,0.06281783471741383,0.8863168159298396
25613,LOF,0.04619662186262054,0.06455883880309184,0.8892445393342875
25614,LOF,0.024924145553785537,0.05102430948742233,0.9240515449587922
25615,LOF,0.04824857200759559,0.05446825258308707,0.8972831754093175
25616,LOF,0.05745234574616061,0.058244448642798395,0.884303205611041
25617,LOF,0.04614008294199342,0.0625326795371554,0.8913272375208512
25618,LOF,0.0554704116880195,0.0885284137622019,0.8560011745497785
25619,LOF,0.013978864232909179,0.0634114676878441,0.9226096680792468
25620,LOF,0.05871618921755082,0.07110054122976292,0.8701832695526863
25621,LOF,0.07035969184143653,0.05863881307825261,0.8710014950803109
25622,LOF,0.07069963333772926,0.06246814072068749,0.8668322259415834
25623,LOF,0.0656542298492539,0.04441904611626545,0.8899267240344807
25624,LOF,0.021071511001301037,0.0595175086499657,0.9194109803487333
25625,LOF,0.06922332997805715,0.05931618105053491,0.8714604889714079
25626,LOF,0.051812209204460495,0.061741720188475985,0.8864460706070635
25627,Neutral,0.8844527351244378,0.027499757618365823,0.08804750725719646
25628,LOF,0.16323258523616088,0.06917937825846367,0.7675880365053754
25629,LOF,0.0758074995947463,0.06894731096880538,0.8552451894364483
25630,LOF,0.26988913841306894,0.07534813261366854,0.6547627289732624
25631,Neutral,0.5404770306008297,0.06678157339337155,0.39274139600579866
25632,LOF,0.031665820900375945,0.08661671414643857,0.8817174649531855
25633,LOF,0.2057320879016872,0.06251436386289215,0.7317535482354206
25634,LOF,0.04147063352250921,0.11017005971667057,0.8483593067608203
25635,LOF,0.03714563332088977,0.052528286783797444,0.9103260798953127
25636,GOF,0.0282127313380957,0.5898943623017024,0.38189290636020184
25637,GOF,0.05716707590515617,0.5621383515230575,0.3806945725717864
25638,GOF,0.031730396972144394,0.5168247173376468,0.45144488569020885
25639,GOF,0.031814420119316164,0.5240744616464117,0.444111118234272
25640,Neutral,0.8545857756211095,0.08924419207307328,0.056170032305817255
25641,LOF,0.09317203470914812,0.45287112522870837,0.4539568400621435
25642,LOF,0.08788421140627144,0.18797400912882778,0.7241417794649009
25643,LOF,0.3138272578136947,0.12844928330914276,0.5577234588771627
25644,GOF,0.010162838345899882,0.6368754672963587,0.35296169435774144
25645,GOF,0.011516847205639155,0.6187063592537393,0.3697767935406216
25646,LOF,0.02786637290961981,0.46871903533706727,0.5034145917533128
25647,LOF,0.012216739926921658,0.36955435043022206,0.6182289096428563
25648,LOF,0.014272177902375404,0.4383464784524886,0.547381343645136
25649,LOF,0.00840218695856753,0.3148544038111977,0.6767434092302348
25650,GOF,0.021722175560149923,0.6015810205755966,0.3766968038642536
25651,LOF,0.008557066664434993,0.43390395653611724,0.5575389767994477
25652,LOF,0.013466428972722686,0.4446240341485716,0.5419095368787058
25653,GOF,0.03855260815913339,0.5963842349480696,0.36506315689279706
25654,LOF,0.010572876911765939,0.3190655754976457,0.6703615475905883
25655,GOF,0.12165183979290287,0.6379411917279187,0.24040696847917845
25656,LOF,0.3540185031042526,0.1576847055724728,0.4882967913232746
25657,LOF,0.051033558780618625,0.11710622396203979,0.8318602172573415
25658,LOF,0.3193358817636094,0.16582181366680213,0.5148423045695885
25659,Neutral,0.4692804508541608,0.175621186281025,0.3550983628648143
25660,LOF,0.02243491019948516,0.12987770931304823,0.8476873804874666
25661,LOF,0.085023045690545,0.07437130414902735,0.8406056501604278
25662,LOF,0.03138731554680544,0.04158561107811794,0.9270270733750766
25663,LOF,0.0371000962415523,0.046135780218777296,0.9167641235396705
25664,LOF,0.12593555751307606,0.07305672241466679,0.8010077200722572
25665,LOF,0.05908678205320358,0.034447376516621143,0.9064658414301752
25666,LOF,0.09844295991604757,0.06565121670856966,0.8359058233753829
25667,LOF,0.0718146827175653,0.041435954162161705,0.8867493631202731
25668,LOF,0.03512202136848125,0.05310772363153882,0.9117702549999799
25669,LOF,0.028099776284708555,0.05181956599610717,0.9200806577191843
25670,LOF,0.1257256500460454,0.04950760791586075,0.8247667420380939
25671,LOF,0.1008705650030063,0.046574702322353376,0.8525547326746404
25672,LOF,0.04784702412784893,0.05276944902937626,0.8993835268427749
25673,LOF,0.09768757827598491,0.052620675160305545,0.8496917465637095
25674,LOF,0.08272707081300161,0.06841719638530096,0.8488557328016973
25675,LOF,0.11187759968519793,0.07413557568599304,0.813986824628809
25676,LOF,0.01723156337109906,0.06819090930776249,0.9145775273211385
25677,LOF,0.022209923821706785,0.07996652591018842,0.8978235502681049
25678,LOF,0.1809457787050825,0.09000379903703791,0.7290504222578796
25679,LOF,0.12136806631974054,0.09510590164940143,0.7835260320308579
25680,LOF,0.028703827377886147,0.13647388793894924,0.8348222846831647
25681,LOF,0.04540105110141578,0.13086467046494277,0.8237342784336413
25682,LOF,0.12233414493757418,0.08925594684372544,0.7884099082187004
25683,LOF,0.11482721208748135,0.09929663011180856,0.7858761578007101
25684,LOF,0.035545181976346645,0.0779857630578455,0.886469054965808
25685,LOF,0.11189588406090838,0.0675886472196536,0.8205154687194379
25686,LOF,0.07364548030698316,0.11122933522565039,0.8151251844673665
25687,LOF,0.13571173116146693,0.11952662900231358,0.7447616398362196
25688,LOF,0.42312083455532534,0.04463352745917733,0.5322456379854973
25689,LOF,0.3066023696456102,0.04867868641831032,0.6447189439360794
25690,LOF,0.35096782649853286,0.035201029315659826,0.6138311441858073
25691,Neutral,0.7217218780302834,0.03338516942271386,0.24489295254700263
25692,LOF,0.36445276940023597,0.01297099157987397,0.62257623901989
25693,LOF,0.04331014106988093,0.41438690038332854,0.5423029585467906
25694,LOF,0.1220417877590454,0.01891102632878423,0.8590471859121703
25695,LOF,0.11496884604663944,0.01171601475300445,0.8733151392003562
25696,LOF,0.14238225966283907,0.012882216369890856,0.8447355239672701
25697,LOF,0.06463970964825856,0.10548447996173413,0.8298758103900072
25698,LOF,0.29905040096504565,0.21576668300505247,0.4851829160299018
25699,LOF,0.41469673414298885,0.039046888783262464,0.5462563770737486
25700,LOF,0.06967682265677093,0.01180795476372657,0.9185152225795025
25701,LOF,0.15452310038219794,0.03986920870389423,0.8056076909139078
25702,GOF,0.15160726121524543,0.6730891652333131,0.17530357355144152
25703,LOF,0.01720299740351485,0.15407476484536628,0.8287222377511189
25704,LOF,0.03705146545212895,0.15996755824733003,0.802980976300541
25705,LOF,0.03240265101763889,0.11056216462644913,0.8570351843559121
25706,LOF,0.12601997913408536,0.4088104470241689,0.4651695738417457
25707,LOF,0.08345049675742927,0.33757610166428675,0.578973401578284
25708,LOF,0.03767752891102459,0.30465515288464123,0.6576673182043342
25709,LOF,0.06259682786419264,0.032805566656114955,0.9045976054796924
25710,LOF,0.012981990786222307,0.12138188927447877,0.8656361199392989
25711,LOF,0.01815573520524139,0.08130839129967701,0.9005358734950816
25712,LOF,0.015764233513203146,0.17408006485816266,0.8101557016286343
25713,LOF,0.016419730992337584,0.0819622099193624,0.9016180590883001
25714,LOF,0.0651829405063807,0.06151265863927388,0.8733044008543454
25715,LOF,0.011164617860474938,0.11671861245212053,0.8721167696874046
25716,LOF,0.012057107786174887,0.10375341922506766,0.8841894729887575
25717,LOF,0.015994618735228477,0.08691828134039724,0.8970870999243743
25718,LOF,0.01051706628889674,0.07948324709050926,0.909999686620594
25719,LOF,0.020028907581250196,0.069846741832892,0.9101243505858579
25720,LOF,0.023635508721433142,0.059400005573457704,0.9169644857051092
25721,LOF,0.012178390799162274,0.09756178428952292,0.8902598249113148
25722,LOF,0.01281120045914993,0.07181709048845535,0.9153717090523948
25723,LOF,0.022523395997038582,0.039688746301006474,0.9377878577019549
25724,LOF,0.030940404629745268,0.06829332033161903,0.9007662750386356
25725,LOF,0.010880360847328187,0.06333760558668615,0.9257820335659855
25726,LOF,0.01460980869182915,0.10014016471162968,0.8852500265965411
25727,LOF,0.01167941550358082,0.06878577819580328,0.9195348063006159
25728,LOF,0.009471077454030306,0.08304495946646619,0.9074839630795034
25729,LOF,0.009722776666664368,0.08281304836934444,0.9074641749639911
25730,LOF,0.01298989545632071,0.08638226236855924,0.9006278421751199
25731,LOF,0.021706306521541048,0.08384405007135201,0.894449643407107
25732,LOF,0.012180480116554409,0.04898848088743931,0.9388310389960063
25733,LOF,0.016431503348133893,0.0478598477635544,0.9357086488883117
25734,LOF,0.012193807842153454,0.11088563431431461,0.876920557843532
25735,LOF,0.010846068956484198,0.054574747597283875,0.9345791834462319
25736,LOF,0.011673760746832887,0.057314908111173346,0.9310113311419937
25737,LOF,0.011430789591282124,0.07628156111626362,0.9122876492924543
25738,LOF,0.01120449648863953,0.07407024209851448,0.9147252614128459
25739,LOF,0.01956026968576158,0.057546975522281864,0.9228927547919565
25740,LOF,0.02478683963734754,0.08862505258682932,0.8865881077758231
25741,LOF,0.013813076547624387,0.09134129711164839,0.8948456263407273
25742,LOF,0.10618331669676791,0.06756315965413197,0.8262535236491
25743,LOF,0.039657210720017155,0.04726109669835474,0.9130816925816282
25744,Neutral,0.6099146295063406,0.23078094626903967,0.1593044242246198
25745,LOF,0.06774190660709183,0.06501267509185059,0.8672454183010577
25746,LOF,0.04431396668592864,0.08746511853415491,0.8682209147799165
25747,LOF,0.02603058886812612,0.07121686062736375,0.9027525505045102
25748,LOF,0.14126591918149536,0.11597186163972037,0.7427622191787844
25749,LOF,0.028643034106234477,0.0832386931237141,0.8881182727700515
25750,LOF,0.07282643654799853,0.09867908603887975,0.8284944774131217
25751,LOF,0.10626718293366993,0.10861987678013302,0.785112940286197
25752,GOF,0.09815192938090346,0.656243179820262,0.24560489079883457
25753,LOF,0.02481731909231609,0.3703451027982169,0.604837578109467
25754,GOF,0.015756784229547273,0.8255988781725029,0.15864433759794994
25755,LOF,0.026043473218852992,0.4244845984038595,0.5494719283772874
25756,LOF,0.0502839538390489,0.4084077308986355,0.5413083152623156
25757,GOF,0.02264327996455317,0.8740734952383199,0.10328322479712686
25758,GOF,0.026285740001116675,0.8327709913433797,0.14094326865550363
25759,GOF,0.01257636751395934,0.6350146323365606,0.3524090001494799
25760,LOF,0.014380634329452103,0.36493715574227736,0.6206822099282705
25761,GOF,0.26263953410596264,0.6700689938682911,0.06729147202574627
25762,LOF,0.04462018656044028,0.3406990904988198,0.6146807229407399
25763,LOF,0.01607171339709265,0.2617415679145229,0.7221867186883844
25764,GOF,0.06530037416566699,0.7172127787070879,0.21748684712724511
25765,GOF,0.033249271688230206,0.7966585151986134,0.1700922131131564
25766,GOF,0.05791382977026656,0.8146338309504441,0.12745233927928942
25767,GOF,0.1391976966493851,0.546535133919567,0.31426716943104793
25768,LOF,0.10823952026176456,0.06408357425774096,0.8276769054804944
25769,LOF,0.047512795512432565,0.06199433589764904,0.8904928685899183
25770,LOF,0.3106082157529809,0.11385247897268498,0.5755393052743342
25771,LOF,0.05324376354192606,0.0600718110363488,0.8866844254217252
25772,LOF,0.017651283633258505,0.04972728806026228,0.9326214283064791
25773,LOF,0.053024737801260366,0.07882701275425513,0.8681482494444845
25774,LOF,0.027551095864184673,0.1221713615163965,0.8502775426194188
25775,LOF,0.056839919730192145,0.07374707611250428,0.8694130041573035
25776,LOF,0.062025083896429904,0.03509316289553203,0.902881753208038
25777,LOF,0.34476879428492796,0.1076782962837063,0.5475529094313657
25778,LOF,0.05812915420272543,0.05590959833244413,0.8859612474648303
25779,GOF,0.38618922382753657,0.5582527033262712,0.05555807284619225
25780,GOF,0.37201877220676416,0.5470122322228823,0.08096899557035353
25781,GOF,0.11201137777249984,0.7768989135448376,0.11108970868266259
25782,GOF,0.1794056047785565,0.7332438006377412,0.0873505945837023
25783,GOF,0.024995442551252838,0.6067743955314722,0.36823016191727487
25784,Neutral,0.5262479323280495,0.43713514087700317,0.036616926794947394
25785,Neutral,0.49442017749274264,0.4571316751402973,0.048448147366960057
25786,GOF,0.03519094179265987,0.7552225920333302,0.20958646617401
25787,Neutral,0.6658637950705885,0.3059986500490712,0.028137554880340344
25788,LOF,0.05397448687774382,0.08188829830287218,0.8641372148193841
25789,GOF,0.2041408674089642,0.6432391588122282,0.15261997377880765
25790,GOF,0.2767973794828131,0.6286778640104614,0.09452475650672552
25791,GOF,0.13837675945881564,0.6898160171837784,0.1718072233574059
25792,GOF,0.3442234413386046,0.5276214749434264,0.12815508371796905
25793,GOF,0.263152354928616,0.5041435109377045,0.23270413413367955
25794,GOF,0.3221930636226269,0.47285749202093674,0.20494944435643628
25795,GOF,0.05592038375047641,0.6687082898025218,0.27537132644700163
25796,Neutral,0.5250065961996219,0.3922893726250231,0.08270403117535496
25797,GOF,0.0782757995665581,0.5531622003202599,0.3685620001131821
25798,GOF,0.009714515149078269,0.512670569373193,0.4776149154777287
25799,LOF,0.007377404830763502,0.43258530356814323,0.5600372916010933
25800,GOF,0.032765108814829164,0.5926895069066459,0.37454538427852496
25801,GOF,0.2402401556413714,0.6516272144460626,0.10813262991256596
25802,GOF,0.06718381030887499,0.6723233361968245,0.26049285349430057
25803,GOF,0.04121561095365119,0.5701918208799714,0.3885925681663774
25804,GOF,0.04012996236130165,0.5037992251405656,0.4560708124981327
25805,GOF,0.13326101956009684,0.5873523360480843,0.2793866443918188
25806,GOF,0.15520080165482572,0.5792742921036347,0.2655249062415396
25807,GOF,0.02305624504277,0.6371868443621551,0.33975691059507496
25808,GOF,0.11222799422432454,0.5980743934816843,0.28969761229399116
25809,GOF,0.022788279961581313,0.6354983683680302,0.3417133516703886
25810,GOF,0.021478510395200906,0.6295782960838485,0.34894319352095055
25811,Neutral,0.5190824751993715,0.41449797050848325,0.06641955429214537
25812,GOF,0.04120536043715562,0.6046283476850519,0.3541662918777925
25813,Neutral,0.5896922734634118,0.3080350894354068,0.10227263710118134
25814,GOF,0.1417447366790657,0.6151249805358188,0.24313028278511556
25815,GOF,0.25830575043509296,0.5297075011187554,0.21198674844615162
25816,GOF,0.02335912302596558,0.6450279034130034,0.33161297356103114
25817,GOF,0.21690239419670962,0.642052343169259,0.14104526263403147
25818,GOF,0.056422209864551306,0.5628240515649903,0.38075373857045836
25819,GOF,0.39006919255905376,0.44783329349601164,0.16209751394493466
25820,GOF,0.21792402592820168,0.5597502208425886,0.2223257532292096
25821,GOF,0.07520044646307218,0.6277863148298313,0.2970132387070965
25822,GOF,0.2843338186993662,0.4908731410210311,0.2247930402796026
25823,LOF,0.03429159490705934,0.4763447397366031,0.48936366535633774
25824,GOF,0.10351628451346472,0.4913911857808217,0.4050925297057137
25825,GOF,0.03506727857402927,0.5106331340523789,0.45429958737359194
25826,LOF,0.013205585066528757,0.48622111516200683,0.5005732997714644
25827,GOF,0.022107214739424595,0.5530046995189065,0.4248880857416689
25828,LOF,0.016116710741817548,0.4617459416517553,0.522137347606427
25829,GOF,0.0070778864761032465,0.5179516244896539,0.4749704890342427
25830,LOF,0.041913908864461,0.27238112125008107,0.6857049698854578
25831,GOF,0.13964252578510436,0.7103817179950404,0.14997575621985534
25832,GOF,0.03479071305324956,0.680591505627615,0.28461778131913557
25833,GOF,0.12918937972108063,0.6810194249624225,0.18979119531649677
25834,GOF,0.03932936289519004,0.6798531832716255,0.28081745383318446
25835,GOF,0.09589041365091068,0.684485649748969,0.2196239366001204
25836,GOF,0.04768398900290804,0.6391540572235733,0.3131619537735187
25837,GOF,0.02379373423092118,0.5230128578063847,0.45319340796269414
25838,GOF,0.08142102465927363,0.7220122191068986,0.1965667562338278
25839,GOF,0.26455465885170687,0.5705329022370205,0.16491243891127255
25840,GOF,0.19599162139955056,0.5879901222884598,0.21601825631198954
25841,GOF,0.20598036196205935,0.5893053001527851,0.20471433788515545
25842,GOF,0.18010427987402383,0.6371686092619544,0.18272711086402182
25843,GOF,0.21958413920626835,0.6394852206025115,0.14093064019122017
25844,GOF,0.059031482380268924,0.6371761607890166,0.3037923568307143
25845,LOF,0.014684478688406385,0.4736006046956897,0.5117149166159038
25846,GOF,0.0893278174202909,0.7042566504589634,0.20641553212074584
25847,GOF,0.1222554190584487,0.7212610724692169,0.1564835084723344
25848,GOF,0.03748095562387707,0.6406538032644595,0.32186524111166354
25849,GOF,0.010642514020823751,0.5154043273305507,0.4739531586486255
25850,GOF,0.02183144454413049,0.6018097988399991,0.37635875661587054
25851,LOF,0.017779041677583103,0.4891358162539403,0.4930851420684767
25852,GOF,0.1484601328157459,0.5726653973187055,0.27887446986554876
25853,GOF,0.3476124861328518,0.5742288808859332,0.07815863298121506
25854,GOF,0.018289853726800316,0.5791628733185306,0.4025472729546692
25855,GOF,0.03633021171759217,0.554318249353771,0.40935153892863685
25856,GOF,0.24450418783255234,0.5244005841954198,0.2310952279720279
25857,LOF,0.03477090270114255,0.47248534010446464,0.4927437571943929
25858,GOF,0.019165442630794186,0.5538517449069241,0.42698281246228165
25859,GOF,0.010983978026504438,0.5360595192594498,0.45295650271404575
25860,GOF,0.3980657127815671,0.5142339415430929,0.08770034567533996
25861,GOF,0.3538698340990618,0.5554119857572138,0.09071818014372447
25862,GOF,0.07843647716466896,0.7809753823361835,0.14058814049914753
25863,GOF,0.07762672827558109,0.7773170224996502,0.14505624922476873
25864,GOF,0.1603872237984817,0.7545388136131498,0.08507396258836862
25865,GOF,0.06402181704713153,0.7805810362661058,0.15539714668676274
25866,GOF,0.05864359229260373,0.8001221383741921,0.1412342693332041
25867,GOF,0.08278326689097498,0.7981757976885974,0.11904093542042764
25868,GOF,0.2890882746630171,0.6043105375160713,0.10660118782091155
25869,Neutral,0.7051740412460923,0.24949172147767573,0.0453342372762319
25870,LOF,0.33181452877098333,0.24580388865634153,0.4223815825726752
25871,GOF,0.21244677809634424,0.6281693673904477,0.15938385451320797
25872,GOF,0.08736571316832473,0.622891882226596,0.28974240460507933
25873,GOF,0.16326260832447703,0.6115050522054593,0.22523233947006366
25874,LOF,0.023118191070717095,0.09572305286856869,0.8811587560607141
25875,LOF,0.08639906277968173,0.06232845110550311,0.8512724861148151
25876,LOF,0.02732588415362379,0.04062280888550814,0.932051306960868
25877,Neutral,0.5521919100786662,0.07019922527052438,0.3776088646508093
25878,LOF,0.22943964826687818,0.11952002265954058,0.6510403290735811
25879,LOF,0.08458022373932429,0.12266986414399751,0.7927499121166781
25880,LOF,0.02230961772837085,0.020974083582125762,0.9567162986895035
25881,LOF,0.18488860569495238,0.175557553472093,0.6395538408329546
25882,LOF,0.08985485278166602,0.021601619644318053,0.888543527574016
25883,LOF,0.08648744026761955,0.03498871945107068,0.8785238402813098
25884,LOF,0.0477404878021306,0.044906539198728904,0.9073529729991405
25885,LOF,0.07159499593546931,0.014954531033600836,0.9134504730309299
25886,LOF,0.3621024913060202,0.06156820052504604,0.5763293081689338
25887,LOF,0.18872894953045977,0.12132690685765762,0.6899441436118826
25888,LOF,0.0694577009874299,0.09418130881439488,0.8363609901981753
25889,LOF,0.05534245332486134,0.0324309282827754,0.9122266183923632
25890,LOF,0.054693906468563626,0.14632852693842655,0.7989775665930098
25891,LOF,0.04442210221010247,0.0560346555724111,0.8995432422174864
25892,LOF,0.10537736612752528,0.018189247601664366,0.8764333862708102
25893,LOF,0.28564871432522565,0.013604599937489402,0.7007466857372848
25894,LOF,0.16990294037402304,0.008112756590278873,0.8219843030356981
25895,LOF,0.1999973444279457,0.016198172505747625,0.7838044830663067
25896,LOF,0.051095479519152394,0.02297723328568685,0.9259272871951608
25897,LOF,0.2289984518060411,0.01270976130658039,0.7582917868873785
25898,Neutral,0.7128906105200268,0.008698370607423253,0.27841101887255004
25899,LOF,0.260762537235654,0.02571255773547882,0.7135249050288671
25900,LOF,0.44916462584754774,0.014396328511936392,0.5364390456405158
25901,LOF,0.059967979567001665,0.01094306649086585,0.9290889539421324
25902,LOF,0.2029743500898593,0.009994964960684355,0.7870306849494563
25903,Neutral,0.4962199407055247,0.022560601933432043,0.48121945736104305
25904,LOF,0.2651101888792201,0.04663178494580445,0.6882580261749756
25905,LOF,0.025726570047932096,0.301496158269933,0.6727772716821349
25906,LOF,0.02291806253231074,0.0684941335981814,0.9085878038695079
25907,LOF,0.014973290812343875,0.3362654328139481,0.648761276373708
25908,LOF,0.012490176258763485,0.22473090090302153,0.762778922838215
25909,LOF,0.013844767824217183,0.1589460636484227,0.82720916852736
25910,LOF,0.04720771938931957,0.10881242336716164,0.8439798572435188
25911,LOF,0.1327535874764343,0.031651890783305964,0.8355945217402598
25912,LOF,0.0407618070106039,0.05152032126111426,0.9077178717282818
25913,LOF,0.26702884114874864,0.02524411830582336,0.707727040545428
25914,LOF,0.02440596695341927,0.11553534211818405,0.8600586909283966
25915,Neutral,0.4463821965805421,0.2351135160819789,0.3185042873374789
25916,LOF,0.06576533785053489,0.2804484365262334,0.6537862256232316
25917,LOF,0.06855616485693831,0.06018203697128409,0.8712617981717775
25918,LOF,0.0338237056166877,0.0727832667986758,0.8933930275846366
25919,LOF,0.028110531200773434,0.07585385448102146,0.8960356143182051
25920,GOF,0.08626587329117139,0.4921807879639964,0.42155333874483225
25921,LOF,0.03160148148296889,0.02052061925409135,0.9478778992629399
25922,LOF,0.042577466030840186,0.01367568808735778,0.943746845881802
25923,LOF,0.40057949508110596,0.015166882786954185,0.5842536221319398
25924,LOF,0.04054295876366103,0.02178216336741525,0.9376748778689238
25925,LOF,0.06971673677056894,0.02269470460394311,0.907588558625488
25926,LOF,0.04684471169855038,0.017794680020241767,0.9353606082812079
25927,LOF,0.06963296697120394,0.050179790087980826,0.8801872429408152
25928,LOF,0.024636453772095866,0.01904332412443206,0.9563202221034721
25929,Neutral,0.5252633249837984,0.01701912965009113,0.45771754536611053
25930,LOF,0.05477896735485039,0.01199330393312094,0.9332277287120286
25931,LOF,0.03344681733931885,0.015100223313846568,0.9514529593468347
25932,LOF,0.02838148901984043,0.013377003862456834,0.9582415071177027
25933,LOF,0.037812502484682535,0.008579642124145359,0.9536078553911721
25934,LOF,0.02430382943599278,0.010271538212984961,0.9654246323510223
25935,LOF,0.06416559186322177,0.030827494865274148,0.9050069132715042
25936,LOF,0.04870425102276764,0.013539988766643606,0.9377557602105888
25937,LOF,0.03078198512932684,0.020873639340345022,0.9483443755303281
25938,LOF,0.06373555740858583,0.02964863627120688,0.9066158063202073
25939,LOF,0.038636810390398645,0.00864801509886239,0.952715174510739
25940,LOF,0.025027742401846326,0.3735950098184341,0.6013772477797195
25941,LOF,0.1691016141420597,0.0919736928412736,0.7389246930166667
25942,LOF,0.018189498664494808,0.0309571567553835,0.9508533445801217
25943,LOF,0.31748972160817857,0.05826011869298789,0.6242501596988336
25944,Neutral,0.49271515720591763,0.029643546701050315,0.4776412960930321
25945,LOF,0.08137689699634372,0.019334839529960117,0.8992882634736962
25946,LOF,0.027743298718287564,0.1483349232133212,0.8239217780683912
25947,LOF,0.13210557610857984,0.19074863087588062,0.6771457930155395
25948,LOF,0.4582591885537313,0.014797833398346005,0.5269429780479227
25949,LOF,0.10767787615040234,0.06725503057926625,0.8250670932703313
25950,GOF,0.25719280749445367,0.4588519778955293,0.2839552146100171
25951,LOF,0.26347581346225835,0.20338606992206193,0.5331381166156797
25952,LOF,0.05076747932425897,0.4536246135728256,0.4956079071029154
25953,LOF,0.14237102201462773,0.11052776665470329,0.747101211330669
25954,Neutral,0.39322493273121073,0.24084005156089203,0.3659350157078973
25955,LOF,0.056551223141499136,0.0977408178173207,0.8457079590411801
25956,LOF,0.21943493107561787,0.07581553556221814,0.7047495333621641
25957,LOF,0.044239070812651264,0.028749372011355155,0.9270115571759935
25958,LOF,0.05664066725697929,0.028193899610773447,0.9151654331322473
25959,LOF,0.076588635611967,0.3152267590320278,0.6081846053560052
25960,LOF,0.023730914330465,0.054216102334206887,0.922052983335328
25961,LOF,0.048132918412386136,0.0356265696961648,0.916240511891449
25962,LOF,0.0646403556707062,0.032882827091880576,0.9024768172374132
25963,LOF,0.05047221104748323,0.16150023265183863,0.7880275563006781
25964,LOF,0.03558929441225096,0.12825303954522427,0.8361576660425248
25965,LOF,0.43312749575298315,0.0830251387123695,0.4838473655346475
25966,Neutral,0.4491745422699956,0.1548317072777165,0.39599375045228796
25967,LOF,0.012325418462319698,0.07465212529036326,0.9130224562473171
25968,LOF,0.03747166743057913,0.42728871157227366,0.5352396209971472
25969,LOF,0.023152723719438634,0.06282289786933504,0.9140243784112263
25970,LOF,0.055668126341753325,0.057823431649237,0.8865084420090097
25971,LOF,0.07429182688283906,0.020953887345528405,0.9047542857716324
25972,LOF,0.0808998382065832,0.02656999491305663,0.8925301668803602
25973,LOF,0.08210925868583395,0.010966305821483054,0.906924435492683
25974,LOF,0.22372215616324845,0.021126215273612085,0.7551516285631394
25975,LOF,0.04330538582323111,0.03510811050169202,0.9215865036750769
25976,LOF,0.03777675148284059,0.02295615551289842,0.9392670930042609
25977,LOF,0.14607263800722434,0.09930241466197832,0.7546249473307973
25978,LOF,0.10192112214971628,0.08589686377943934,0.8121820140708444
25979,LOF,0.10467152188457635,0.08447806728610854,0.8108504108293152
25980,LOF,0.12602535476199758,0.11690061491856893,0.7570740303194334
25981,LOF,0.15701971863472353,0.11405618124501321,0.7289241001202632
25982,LOF,0.33277125585652145,0.07607017475687401,0.5911585693866045
25983,LOF,0.3278649750075749,0.07210117813825975,0.6000338468541654
25984,LOF,0.05548648559670193,0.0721433838751738,0.8723701305281242
25985,LOF,0.02217956277307411,0.27359474437796916,0.7042256928489566
25986,LOF,0.02991548136358271,0.27411127645739025,0.6959732421790271
25987,LOF,0.08381121133654497,0.09198614028710039,0.8242026483763546
25988,LOF,0.12854069241838412,0.07570835831292587,0.7957509492686902
25989,LOF,0.029629807239175975,0.14319131025740905,0.827178882503415
25990,LOF,0.041443689836655535,0.12909493964062652,0.829461370522718
25991,GOF,0.1824430608932498,0.46924859613872383,0.3483083429680264
25992,LOF,0.33681081171176874,0.3010102350342167,0.36217895325401456
25993,LOF,0.024699164495121124,0.08914799248125173,0.8861528430236272
25994,LOF,0.01749411636907957,0.1224038734058235,0.8601020102250968
25995,LOF,0.028343471321694534,0.18598625050383139,0.7856702781744741
25996,GOF,0.23207028432230103,0.5989164561256632,0.16901325955203578
25997,GOF,0.09809436285656224,0.6133766685653239,0.28852896857811394
25998,Neutral,0.5675504841904044,0.015579020959732738,0.4168704948498628
25999,LOF,0.11920382624742704,0.15307768238173314,0.7277184913708399
26000,LOF,0.1477154760147247,0.0298433179416547,0.8224412060436207
26001,LOF,0.1742233458785878,0.031410576173855495,0.7943660779475568
26002,LOF,0.16325846008283632,0.03015376965172615,0.8065877702654376
26003,GOF,0.009607436986300334,0.6445463512992153,0.3458462117144842
26004,GOF,0.022729376450839577,0.7130201775838743,0.26425044596528613
26005,GOF,0.00879466138770126,0.5318231610068297,0.4593821776054691
26006,Neutral,0.5017176102428696,0.26970876915629527,0.2285736206008351
26007,GOF,0.018266452168717234,0.5848823531215986,0.39685119470968416
26008,GOF,0.020962842035307013,0.6085046948819615,0.3705324630827316
26009,GOF,0.025196167269663578,0.6478509307204162,0.3269529020099201
26010,GOF,0.023776859084034856,0.6886083098874128,0.28761483102855234
26011,GOF,0.008106539864057018,0.5450256744944296,0.4468677856415134
26012,GOF,0.015973316098065495,0.6287330427967539,0.3552936411051806
26013,GOF,0.016455343503863917,0.6843597616827941,0.299184894813342
26014,LOF,0.0496839767723009,0.15797762388856537,0.7923383993391339
26015,LOF,0.1514322835412212,0.010378418123288427,0.8381892983354905
26016,LOF,0.19920191319359157,0.047944987789621016,0.7528530990167874
26017,LOF,0.1528873848066219,0.09615255028468918,0.750960064908689
26018,LOF,0.06574007054303121,0.048621561140565706,0.8856383683164032
26019,LOF,0.0628277558336596,0.03306025908873738,0.904111985077603
26020,LOF,0.044638395790467834,0.11938720702898575,0.8359743971805464
26021,LOF,0.0386682049009383,0.13727120213080193,0.8240605929682597
26022,LOF,0.008925545710555432,0.060946374818927194,0.9301280794705173
26023,LOF,0.08784378735863116,0.030027855369048645,0.8821283572723202
26024,LOF,0.022865982313866075,0.11801681191345009,0.8591172057726838
26025,LOF,0.13295782925116476,0.11050547185865933,0.7565366988901759
26026,LOF,0.2846611102223434,0.020033958030783543,0.6953049317468731
26027,LOF,0.06442069532835092,0.023350081394342453,0.9122292232773066
26028,LOF,0.16458278732859125,0.08918650863373825,0.7462307040376704
26029,LOF,0.0855480152748827,0.14009425365867287,0.7743577310664443
26030,LOF,0.028396196525877927,0.05311321842524877,0.9184905850488734
26031,LOF,0.03559079559159964,0.11061317224013296,0.8537960321682675
26032,LOF,0.07449009413094719,0.05565642864811105,0.8698534772209419
26033,LOF,0.11581927861693686,0.06309143886076303,0.8210892825223002
26034,LOF,0.05326333202496032,0.11284795119323371,0.833888716781806
26035,LOF,0.03461358882210715,0.09732388417460353,0.8680625270032893
26036,LOF,0.049501043647886295,0.12144082761133693,0.8290581287407768
26037,LOF,0.029134556805164476,0.08725062135919368,0.8836148218356418
26038,LOF,0.07259091167026975,0.05350213022240118,0.8739069581073291
26039,LOF,0.07268284192501114,0.10526378583229984,0.822053372242689
26040,LOF,0.22001044591381766,0.09915553040973332,0.680834023676449
26041,LOF,0.029418369456669428,0.08176187789251561,0.8888197526508149
26042,LOF,0.028032963065700474,0.08535183970687611,0.8866151972274233
26043,LOF,0.06995081506836089,0.06769236986519071,0.8623568150664483
26044,LOF,0.025165502155472568,0.0671376607782362,0.9076968370662913
26045,LOF,0.0835295340002335,0.07970427928179835,0.8367661867179681
26046,LOF,0.07432785324880345,0.07182615659936405,0.8538459901518325
26047,LOF,0.10947319438558678,0.08860896329253122,0.801917842321882
26048,LOF,0.051384967540356846,0.056370001535184636,0.8922450309244586
26049,Neutral,0.9559795612682107,0.007170528812017701,0.0368499099197715
26050,Neutral,0.9349119838890695,0.008351061376624468,0.05673695473430598
26051,LOF,0.05506391243538224,0.3503642224669981,0.5945718650976196
26052,LOF,0.07466667561851797,0.3556171636345747,0.5697161607469073
26053,LOF,0.058472079197060475,0.15331005620851615,0.7882178645944234
26054,LOF,0.0629565820654953,0.03941755417018631,0.8976258637643184
26055,LOF,0.08052862624946706,0.027399495478733743,0.8920718782717991
26056,LOF,0.0677491575713447,0.034471243556195845,0.8977795988724595
26057,LOF,0.03158528693815717,0.016584593851119534,0.9518301192107232
26058,LOF,0.03215507756754833,0.01447988370632234,0.9533650387261294
26059,LOF,0.30255433935065007,0.0459625652036363,0.6514830954457136
26060,LOF,0.029327557857799152,0.2786374909003573,0.6920349512418437
26061,LOF,0.019385258070684364,0.01890332167375479,0.9617114202555609
26062,LOF,0.011678664587106759,0.02698511733367438,0.9613362180792188
26063,LOF,0.02198553936935764,0.015920801982681042,0.9620936586479615
26064,LOF,0.026642240402956444,0.021621174296983188,0.9517365853000603
26065,LOF,0.024475803904580977,0.021228021950140483,0.9542961741452786
26066,LOF,0.02036320728834556,0.01770283230164756,0.9619339604100068
26067,LOF,0.025971552034568763,0.01357069591333647,0.9604577520520947
26068,LOF,0.050757362846366956,0.06196273780021159,0.8872798993534214
26069,LOF,0.29803371163740716,0.036493159619499234,0.6654731287430936
26070,LOF,0.4382218805232103,0.02579046229851656,0.535987657178273
26071,LOF,0.02199194590871308,0.020246924597298974,0.9577611294939878
26072,LOF,0.02481807052632063,0.026680420873398645,0.9485015086002808
26073,LOF,0.02384655437404832,0.015536214794248564,0.9606172308317031
26074,Neutral,0.9159604278681656,0.007826371080429363,0.07621320105140508
26075,LOF,0.04415936756845828,0.025779082116945785,0.930061550314596
26076,LOF,0.04592390369576864,0.015582509552753311,0.938493586751478
26077,LOF,0.010059076101899544,0.029847702209910124,0.9600932216881904
26078,LOF,0.014469035858819755,0.018452956655914208,0.9670780074852661
26079,LOF,0.05851650559152518,0.03213577630515876,0.909347718103316
26080,LOF,0.056997091517329054,0.0321097599659354,0.9108931485167354
26081,LOF,0.03654703160445979,0.011322823557032916,0.9521301448385073
26082,LOF,0.01902753539437402,0.029582892503041892,0.9513895721025841
26083,LOF,0.1355678460810409,0.018950271042550943,0.8454818828764081
26084,LOF,0.02728216914672832,0.026847309298335287,0.9458705215549364
26085,LOF,0.022454153989983544,0.025442826984046138,0.9521030190259704
26086,LOF,0.024321390676009646,0.018107327552549964,0.9575712817714402
26087,LOF,0.025245436522150534,0.012865602041612483,0.9618889614362369
26088,LOF,0.01665378449829867,0.03394178574944542,0.9494044297522559
26089,LOF,0.048084146076919326,0.03913088403267267,0.912784969890408
26090,LOF,0.0467139121488874,0.03157949090798918,0.9217065969431234
26091,LOF,0.03888673723336324,0.010347450377898986,0.9507658123887377
26092,LOF,0.026286046924215056,0.013646510725273146,0.9600674423505118
26093,LOF,0.03669624661741701,0.009603841089730569,0.9536999122928523
26094,LOF,0.0417445191870039,0.011149829314182468,0.9471056514988136
26095,LOF,0.057972059103792696,0.021773129350265104,0.9202548115459422
26096,LOF,0.022495208020113667,0.016035830816801697,0.9614689611630846
26097,LOF,0.010318894907081492,0.06293082383097236,0.9267502812619463
26098,LOF,0.07751425007802841,0.023289815504738992,0.8991959344172324
26099,LOF,0.024494069045463463,0.02349801838453413,0.9520079125700023
26100,LOF,0.026592119679787814,0.021673384039577075,0.951734496280635
26101,LOF,0.05784794176060338,0.022059381454042855,0.9200926767853537
26102,LOF,0.025706915154926308,0.01728010298154682,0.9570129818635269
26103,Neutral,0.8909198333928241,0.030637229448997792,0.07844293715817816
26104,LOF,0.07320964338342222,0.05757891009299252,0.8692114465235853
26105,LOF,0.2398188264236607,0.2486856805875664,0.511495492988773
26106,LOF,0.20437830392232997,0.12306780026904235,0.6725538958086276
26107,LOF,0.27862439923316357,0.10403310895016374,0.6173424918166728
26108,LOF,0.23010270100352526,0.1683467352513563,0.6015505637451184
26109,LOF,0.09148606942529731,0.10872125871337744,0.7997926718613253
26110,LOF,0.2540671387180705,0.007175233433381713,0.7387576278485477
26111,LOF,0.45434061445930807,0.01715942313835624,0.5284999624023358
26112,LOF,0.03558781481648768,0.0073914120214075485,0.9570207731621048
26113,LOF,0.0553544280381762,0.012957273580323518,0.9316882983815002
26114,LOF,0.02170558993077511,0.020362988721014504,0.9579314213482104
26115,LOF,0.07824898040770441,0.039703346024476185,0.8820476735678193
26116,LOF,0.05614806087157303,0.03050744385001136,0.9133444952784155
26117,LOF,0.40049972313889215,0.04994437769259638,0.5495558991685114
26118,LOF,0.0432396301093935,0.03256910968134456,0.924191260209262
26119,LOF,0.025351082568454263,0.04573375289443264,0.928915164537113
26120,LOF,0.0310467010309391,0.024971303541666098,0.9439819954273948
26121,LOF,0.056423107331266514,0.08510164640924363,0.85847524625949
26122,LOF,0.05567877169931428,0.04226875589063088,0.9020524724100548
