feature0,prediction,LoGoFunc_Neutral,LoGoFunc_GOF,LoGoFunc_LOF
25546,Neutral,0.6742023583817023,0.05485801437541235,0.2709396272428854
25547,Neutral,0.5087858944997804,0.09819711275908999,0.39301699274112956
25548,Neutral,0.5078176479491564,0.08061069566610403,0.4115716563847395
25549,LOF,0.44425677595677876,0.07963940864998109,0.47610381539324004
25550,LOF,0.3705436197667817,0.1168787733195754,0.5125776069136428
25551,LOF,0.30876401229897144,0.12609202664572716,0.5651439610553014
25552,LOF,0.2519897443510271,0.1207440696999227,0.6272661859490503
25553,Neutral,0.8130786935903537,0.04103130830695314,0.14588999810269315
25554,LOF,0.3048207351546218,0.10762751633169963,0.5875517485136786
25555,LOF,0.2507010484264417,0.10433032660481613,0.6449686249687421
25556,Neutral,0.46069178354201795,0.09168786714707591,0.44762034931090616
25557,LOF,0.2401748425182881,0.10576626599607979,0.6540588914856321
25558,LOF,0.3070407916726723,0.10436360875172464,0.588595599575603
25559,LOF,0.17836949544881403,0.12633723747633474,0.6952932670748512
25560,LOF,0.15313184847483782,0.09767162140003119,0.749196530125131
25561,LOF,0.14725237910176173,0.12194982483071183,0.7307977960675265
25562,LOF,0.07191451111095702,0.07429101944283222,0.8537944694462106
25563,LOF,0.020664508637974855,0.11419132921939552,0.8651441621426297
25564,LOF,0.23086194105622013,0.11128398807353976,0.6578540708702402
25565,LOF,0.21725710771523374,0.125239374377221,0.6575035179075451
25566,GOF,0.09263576642682256,0.7034170534550943,0.2039471801180831
25567,LOF,0.0372587648624011,0.11959415322232385,0.8431470819152751
25568,LOF,0.058637460321782346,0.06859226897235883,0.8727702707058589
25569,LOF,0.05908457654127916,0.0656669875482023,0.8752484359105185
25570,LOF,0.026738551699217763,0.10023540312818806,0.8730260451725941
25571,LOF,0.025507616509456266,0.09923227101204071,0.8752601124785031
25572,LOF,0.061217341518797305,0.12145578913295052,0.8173268693482522
25573,LOF,0.05878200273738871,0.08203402041868102,0.8591839768439303
25574,LOF,0.058136564087465384,0.16655984220896622,0.7753035937035684
25575,LOF,0.021746234852266188,0.12160637982309774,0.856647385324636
25576,LOF,0.03372854088833201,0.15163731013289636,0.8146341489787717
25577,LOF,0.029720728215558784,0.11162018762627648,0.8586590841581648
25578,LOF,0.277693721451333,0.08200303609423043,0.6403032424544367
25579,LOF,0.12154633058373308,0.08750860005127764,0.7909450693649893
25580,LOF,0.018413583173808614,0.07498120230893636,0.9066052145172551
25581,LOF,0.052925901932245806,0.06579407324601934,0.8812800248217348
25582,LOF,0.0529029391620185,0.0637222926500924,0.8833747681878891
25583,LOF,0.018871624278947084,0.07761878722713922,0.9035095884939137
25584,Neutral,0.6415502666237447,0.11052751920753866,0.2479222141687166
25585,LOF,0.0377237681242024,0.12065951494446363,0.8416167169313339
25586,LOF,0.017413509206169533,0.06647436657227355,0.916112124221557
25587,LOF,0.016574142463367133,0.05887822971588975,0.9245476278207431
25588,LOF,0.01894509547902938,0.06925863090076459,0.911796273620206
25589,Neutral,0.48912462062079526,0.2153847144474578,0.295490664931747
25590,LOF,0.04668823918674232,0.10258044009623443,0.8507313207170233
25591,LOF,0.09488678810707027,0.056818015696025244,0.8482951961969045
25592,LOF,0.054292667911597585,0.13318020690704413,0.8125271251813583
25593,LOF,0.1384809427557203,0.2508967323379127,0.610622324906367
25594,LOF,0.04876890165553592,0.1061758842810746,0.8450552140633896
25595,LOF,0.04781559690748618,0.08391807479122057,0.8682663283012932
25596,LOF,0.09670562260722002,0.04307564657184453,0.8602187308209355
25597,LOF,0.08165041504306106,0.055537424992936006,0.8628121599640028
25598,LOF,0.048810246036551076,0.07916077681026001,0.8720289771531889
25599,GOF,0.020555731392840483,0.5486127879856662,0.4308314806214934
25600,GOF,0.18370214024991996,0.5248758779303063,0.29142198181977375
25601,LOF,0.04080621525857061,0.3934150898220761,0.5657786949193533
25602,LOF,0.030993948235652765,0.05353833407994527,0.9154677176844019
25603,LOF,0.03678138759165725,0.028148698412046223,0.9350699139962966
25604,LOF,0.03682375195015864,0.05177121455725988,0.9114050334925815
25605,LOF,0.04234661383080502,0.17861759743520286,0.779035788733992
25606,LOF,0.42814389722778345,0.09550646595776043,0.47634963681445625
25607,LOF,0.024328719389844843,0.17201182325182926,0.8036594573583259
25608,LOF,0.03429291333439481,0.06696297887694407,0.8987441077886612
25609,GOF,0.14327995606570554,0.5203917964391852,0.33632824749510914
25610,LOF,0.014700308405002544,0.028695821803532383,0.9566038697914651
25611,LOF,0.014674189101999307,0.03231519320466054,0.9530106176933401
25612,LOF,0.04632876725171554,0.03696026282793086,0.9167109699203536
25613,LOF,0.04342004002108111,0.03811827183206604,0.9184616881468528
25614,LOF,0.021072860198315193,0.028193013299191293,0.9507341265024934
25615,LOF,0.04356846230246661,0.03746046882203683,0.9189710688754965
25616,LOF,0.043075609599000315,0.02728284312134855,0.9296415472796511
25617,LOF,0.04325565226622836,0.03466470933596127,0.9220796383978103
25618,LOF,0.04678951885524511,0.034066626525025574,0.9191438546197294
25619,LOF,0.014557205579930068,0.030741762486729513,0.9547010319333404
25620,LOF,0.061250932706348606,0.039244771298266375,0.8995042959953851
25621,LOF,0.05166120343090973,0.032164592047750254,0.91617420452134
25622,LOF,0.060874560485059376,0.033706134558179404,0.9054193049567612
25623,LOF,0.0725323473510003,0.030238858072540065,0.8972287945764597
25624,LOF,0.018263529399871723,0.03765948616984547,0.9440769844302829
25625,LOF,0.06353620100493956,0.04282574452490332,0.8936380544701571
25626,LOF,0.045689773746187275,0.037518708282898675,0.916791517970914
25627,Neutral,0.8928407875250208,0.022406631667538444,0.0847525808074407
25628,LOF,0.13027017385457434,0.05938524481478311,0.8103445813306426
25629,LOF,0.06088382341233462,0.04675276695402944,0.8923634096336359
25630,LOF,0.27680148118101416,0.07392960154694134,0.6492689172720444
25631,Neutral,0.5451818544806158,0.06456500181630384,0.3902531437030803
25632,LOF,0.0301790551094833,0.06512701506466412,0.9046939298258526
25633,LOF,0.20396969302440238,0.03389272588655338,0.7621375810890442
25634,LOF,0.034468195947971694,0.07225032553479223,0.8932814785172362
25635,LOF,0.042676087221262475,0.04168201143026782,0.9156419013484698
25636,GOF,0.03509047852982083,0.48570191938597235,0.4792076020842068
25637,GOF,0.06273290663390561,0.4755062082445237,0.4617608851215706
25638,LOF,0.04563140333126549,0.279257134627109,0.6751114620416255
25639,LOF,0.032360118611523686,0.3396563246313642,0.6279835567571121
25640,Neutral,0.8115914021205123,0.14945479676846565,0.0389538011110221
25641,LOF,0.053795568954149685,0.44320465847980856,0.5029997725660418
25642,LOF,0.04057383542720003,0.15142828527643593,0.807997879296364
25643,LOF,0.21907743633049528,0.15241169099672128,0.6285108726727835
25644,LOF,0.022331393559245388,0.48270030840742667,0.4949682980333281
25645,LOF,0.019988482839241695,0.4462830799030928,0.5337284372576655
25646,LOF,0.05547295355868086,0.3408964199905192,0.6036306264508
25647,LOF,0.02538140614953902,0.25645527021667197,0.718163323633789
25648,LOF,0.030167869556741733,0.25606611739754687,0.7137660130457114
25649,LOF,0.015294536836316553,0.2526506085104003,0.7320548546532832
25650,LOF,0.04834840105316814,0.40526080421063726,0.5463907947361946
25651,LOF,0.016340145560116894,0.26560386509492206,0.7180559893449611
25652,LOF,0.031218863283078033,0.2666292736374643,0.7021518630794575
25653,LOF,0.08082421865549969,0.38135979958699895,0.5378159817575014
25654,LOF,0.02392279202584703,0.20406362858368957,0.7720135793904634
25655,LOF,0.21816737392853905,0.35688613309488443,0.42494649297657644
25656,LOF,0.2977363545961494,0.043709806127143154,0.6585538392767074
25657,LOF,0.07276546885349548,0.05050752468448226,0.8767270064620222
25658,LOF,0.3572414553739834,0.052601133450911275,0.5901574111751053
25659,Neutral,0.5285831612258179,0.06798820204262856,0.4034286367315535
25660,LOF,0.024160794657569023,0.0802109913478326,0.8956282139945982
25661,LOF,0.09445645971563726,0.05963379171561276,0.8459097485687501
25662,LOF,0.031079794516849234,0.03236331341651655,0.9365568920666342
25663,LOF,0.03872594483409306,0.04462218781912065,0.9166518673467863
25664,LOF,0.1476801397058223,0.05432236110629243,0.7979974991878851
25665,LOF,0.05564609279610322,0.029134542725326465,0.9152193644785703
25666,LOF,0.09340623564136917,0.07068568495976714,0.8359080793988636
25667,LOF,0.0655166192940372,0.044113230499920275,0.8903701502060425
25668,LOF,0.03734676392391516,0.04209162539897478,0.9205616106771102
25669,LOF,0.03346953596117613,0.05077667697642746,0.9157537870623964
25670,LOF,0.14762244346116996,0.04260018276036401,0.8097773737784659
25671,LOF,0.09197570143030079,0.03182626220377025,0.876198036365929
25672,LOF,0.05449860312448016,0.04068701503241417,0.9048143818431056
25673,LOF,0.0871425608100886,0.038580528822754936,0.8742769103671564
25674,LOF,0.07310811744928963,0.04860249502304453,0.8782893875276658
25675,LOF,0.12498071206950535,0.0458812732482599,0.8291380146822348
25676,LOF,0.017760777755201018,0.048461669681303235,0.9337775525634958
25677,LOF,0.024882594009069472,0.06369598114203277,0.9114214248488978
25678,LOF,0.17190020376603304,0.05527898484417907,0.772820811389788
25679,LOF,0.12489026422473658,0.07746968707866901,0.7976400486965943
25680,LOF,0.028070786795792946,0.10637231749298334,0.8655568957112237
25681,LOF,0.045972169053578434,0.09544032591725655,0.8585875050291649
25682,LOF,0.14043614440510288,0.059573425572126304,0.7999904300227708
25683,LOF,0.12247218674119473,0.0728997803229366,0.8046280329358687
25684,LOF,0.04105024436045895,0.06358161482801819,0.8953681408115228
25685,LOF,0.12858322026234337,0.04828686223863962,0.823129917499017
25686,LOF,0.07060891955913506,0.08459519051277956,0.8447958899280854
25687,LOF,0.10630707485477996,0.08412534337126593,0.8095675817739542
25688,LOF,0.2854678332165318,0.03179414724962688,0.6827380195338413
25689,LOF,0.2104340475500984,0.04016020933675505,0.7494057431131464
25690,LOF,0.34291571856383013,0.0317085098294257,0.6253757716067443
25691,Neutral,0.6685246814509141,0.030850274540431703,0.30062504400865414
25692,LOF,0.29063067536009446,0.010716523176052865,0.6986528014638527
25693,GOF,0.04812927978138,0.4778386436896865,0.47403207652893337
25694,LOF,0.13050973252942158,0.022084027058193897,0.8474062404123847
25695,LOF,0.12266370657342354,0.017289053998980657,0.8600472394275958
25696,LOF,0.1187497666614023,0.01017888783940888,0.8710713454991887
25697,LOF,0.12085315787267456,0.02782411555841117,0.8513227265689143
25698,LOF,0.3275113870162807,0.2644388947143393,0.40804971826937997
25699,LOF,0.3844224532430255,0.045457225061459716,0.5701203216955147
25700,LOF,0.04970604322295648,0.011033106464200982,0.9392608503128426
25701,LOF,0.15921289057210214,0.05950523294594498,0.7812818764819529
25702,GOF,0.1746650642879978,0.5321881817873214,0.2931467539246807
25703,LOF,0.01677316175588133,0.16267123528812918,0.8205556029559896
25704,LOF,0.04987381072249139,0.10957143529485457,0.840554753982654
25705,LOF,0.05629327724978641,0.18055608549206711,0.7631506372581466
25706,LOF,0.08995860417827489,0.34555753172618575,0.5644838640955394
25707,LOF,0.09808492344192081,0.26855760981714616,0.6333574667409331
25708,LOF,0.028999446329489722,0.2582927360377678,0.7127078176327425
25709,LOF,0.05539961221274124,0.04147426634989676,0.9031261214373619
25710,LOF,0.011320965887038402,0.12062339874279913,0.8680556353701625
25711,LOF,0.019336577862921457,0.08159575215812519,0.8990676699789534
25712,LOF,0.012387968511002783,0.16528803919629761,0.8223239922926996
25713,LOF,0.018187826325341324,0.07524184460636048,0.9065703290682983
25714,LOF,0.06520656904650728,0.07016918686789898,0.8646242440855938
25715,LOF,0.010154405607881868,0.1299137527452744,0.8599318416468437
25716,LOF,0.014629456891178602,0.10356054665486969,0.8818099964539516
25717,LOF,0.012467912249437711,0.07321038253826023,0.9143217052123019
25718,LOF,0.011250181451894,0.10162935972218536,0.8871204588259206
25719,LOF,0.017869090853103724,0.07669016785258473,0.9054407412943115
25720,LOF,0.02098527352927816,0.06538318773805381,0.913631538732668
25721,LOF,0.014965976775055283,0.10709435911940769,0.8779396641055369
25722,LOF,0.012875212972990805,0.11775455374485562,0.8693702332821536
25723,LOF,0.0228775729318966,0.043591959847865895,0.9335304672202375
25724,LOF,0.021751883136322637,0.07938713548977026,0.8988609813739072
25725,LOF,0.011237014364157239,0.06643502182158527,0.9223279638142574
25726,LOF,0.014016162255016906,0.08990134292303716,0.8960824948219459
25727,LOF,0.013068091793793007,0.07367778159728895,0.913254126608918
25728,LOF,0.00945353763539572,0.10072356232853498,0.8898229000360692
25729,LOF,0.009747222548076837,0.10141164754871235,0.8888411299032107
25730,LOF,0.013908201336152825,0.07912857039013063,0.9069632282737166
25731,LOF,0.02147740991293156,0.10736909863498935,0.871153491452079
25732,LOF,0.01425931832043724,0.0823490017904284,0.9033916798891343
25733,LOF,0.014864189084417598,0.06700009280914215,0.9181357181064402
25734,LOF,0.012959627481067812,0.11890397306123959,0.8681363994576926
25735,LOF,0.013144922832502997,0.07836609828559192,0.908488978881905
25736,LOF,0.013639515492086005,0.0985756566644256,0.8877848278434884
25737,LOF,0.020339127211074733,0.07746166194058915,0.9021992108483361
25738,LOF,0.0132043003419742,0.10839037996791233,0.8784053196901134
25739,LOF,0.019508306818309375,0.07486288321350976,0.9056288099681808
25740,LOF,0.026023083954945625,0.0911995951960311,0.8827773208490234
25741,LOF,0.01421771613633176,0.0995048567065149,0.8862774271571534
25742,LOF,0.11147237874182547,0.0725438497480002,0.8159837715101743
25743,LOF,0.03621694959061727,0.03079960678509558,0.9329834436242872
25744,Neutral,0.5642260887303934,0.22523574195368892,0.2105381693159177
25745,LOF,0.09175725272294169,0.0585348904323324,0.8497078568447259
25746,LOF,0.03988687990535079,0.06945791575500829,0.8906552043396408
25747,LOF,0.0230755467351641,0.03433569475378004,0.9425887585110558
25748,LOF,0.11020859385952626,0.053989552361621576,0.8358018537788523
25749,LOF,0.02540339927670061,0.06354967940750705,0.9110469213157923
25750,LOF,0.08734807324872537,0.07177669810435858,0.8408752286469161
25751,LOF,0.09515805497513387,0.05261012974222458,0.8522318152826416
25752,GOF,0.10096901198153423,0.6821518722877978,0.21687911573066793
25753,LOF,0.019027156125699232,0.26193750339057714,0.7190353404837235
25754,GOF,0.00981982177177841,0.7644841091256915,0.22569606910253007
25755,LOF,0.022785726749342212,0.3849933783154177,0.5922208949352401
25756,LOF,0.039111552282159276,0.3638058343282327,0.5970826133896081
25757,GOF,0.01464770345446124,0.8219659748841478,0.16338632166139108
25758,GOF,0.030399311914067622,0.822346546329074,0.14725414175685847
25759,GOF,0.012043310712573736,0.5319324186777026,0.45602427060972356
25760,LOF,0.015223627877087238,0.2240993953801494,0.7606769767427635
25761,GOF,0.2767503298755641,0.6162718139809253,0.1069778561435106
25762,LOF,0.035817904690630516,0.2610818529225552,0.7031002423868143
25763,LOF,0.013887101032171096,0.18976830051641236,0.7963445984514166
25764,GOF,0.069094049465812,0.6138883035882865,0.3170176469459014
25765,GOF,0.04212477907212552,0.7479555862044074,0.20991963472346709
25766,GOF,0.05798233911842937,0.7762272842368727,0.16579037664469806
25767,GOF,0.1636717224486892,0.44188530506111784,0.39444297249019306
25768,LOF,0.09901305317300552,0.05931578295321323,0.8416711638737813
25769,LOF,0.06642647735954538,0.06464673750502554,0.868926785135429
25770,LOF,0.29570724960337963,0.08705685920282977,0.6172358911937906
25771,LOF,0.04116442787884145,0.04706709179704584,0.9117684803241127
25772,LOF,0.015903527584023983,0.03327202801649233,0.9508244443994837
25773,LOF,0.04848029702989505,0.08650048446049872,0.8650192185096063
25774,LOF,0.02841891769173504,0.07894206710917957,0.8926390151990854
25775,LOF,0.04603365053083619,0.04770638800482793,0.9062599614643359
25776,LOF,0.07059326936997189,0.025117776456236002,0.9042889541737922
25777,LOF,0.36216667224538246,0.05404289176740238,0.5837904359872153
25778,LOF,0.05861113885159765,0.05185744450023268,0.8895314166481697
25779,GOF,0.3563650010059855,0.5959869728081746,0.04764802618584001
25780,GOF,0.3172044902110836,0.6075145028084903,0.0752810069804261
25781,GOF,0.13901866941068505,0.7490726635695888,0.11190866701972614
25782,GOF,0.20716237648348987,0.7205580494168112,0.07227957409969883
25783,GOF,0.029695861705573243,0.6406647464050614,0.3296393918893654
25784,Neutral,0.48068336717774174,0.47400108744526875,0.045315545376989515
25785,GOF,0.38276542978662587,0.5703874645860799,0.046847105627294286
25786,GOF,0.024849024945456665,0.772305153351806,0.20284582170273735
25787,Neutral,0.6380724760001302,0.3359810735678819,0.025946450431987806
25788,LOF,0.04945336498740709,0.10778891440353862,0.8427577206090544
25789,GOF,0.20005493341567784,0.6470834390859277,0.15286162749839446
25790,GOF,0.20265579347651197,0.6949788740607908,0.10236533246269727
25791,GOF,0.1307149677218937,0.6971716807976769,0.17211335148042953
25792,GOF,0.2959696165956915,0.5705654982462898,0.13346488515801883
25793,GOF,0.2415609857752945,0.5762781382814484,0.1821608759432571
25794,GOF,0.31994757578391797,0.4972134444387959,0.18283897977728616
25795,GOF,0.07872446447978765,0.6961918854157816,0.22508365010443077
25796,Neutral,0.5484789476695444,0.3704921914831053,0.08102886084735023
25797,GOF,0.08844446917418146,0.5204264799515222,0.3911290508742962
25798,GOF,0.00898791607802622,0.5042766085899325,0.48673547533204126
25799,LOF,0.006509737436395466,0.4034092654864457,0.5900809970771589
25800,GOF,0.03291688412639167,0.5710333536938825,0.3960497621797259
25801,GOF,0.17196288335296583,0.6834478399800764,0.14458927666695778
25802,GOF,0.07227314598165469,0.702384698510638,0.2253421555077072
25803,GOF,0.03436986571030853,0.562489478744349,0.40314065554534245
25804,GOF,0.03374059161432044,0.48762875380129456,0.47863065458438503
25805,GOF,0.09536176502812213,0.6013911033863827,0.30324713158549527
25806,GOF,0.08904910527985993,0.5953200677774456,0.31563082694269456
25807,GOF,0.019682541388606242,0.628235416861649,0.35208204174974495
25808,GOF,0.07819164966284994,0.6252891016096795,0.2965192487274705
25809,GOF,0.01757857325917288,0.5774748572509963,0.4049465694898307
25810,GOF,0.01579739849002598,0.6175190092816806,0.3666835922282934
25811,GOF,0.4453002104388643,0.47034173351346265,0.0843580560476731
25812,GOF,0.02930879388823417,0.6279425741699828,0.34274863194178307
25813,Neutral,0.5073842565878907,0.3907733123517857,0.10184243106032359
25814,GOF,0.10880359309386389,0.6448286006149775,0.24636780629115865
25815,GOF,0.18861649342927558,0.5997846813464296,0.21159882522429468
25816,GOF,0.022644400202584923,0.709477601315428,0.26787799848198707
25817,GOF,0.22538810800219664,0.6243191475547167,0.15029274444308657
25818,GOF,0.04870551746520383,0.6585909526444408,0.2927035298903555
25819,GOF,0.3457798320171912,0.4819861161128884,0.17223405186992038
25820,GOF,0.1715991875372063,0.5960033498332984,0.23239746262949537
25821,GOF,0.05750069944696359,0.6598417654938266,0.2826575350592099
25822,GOF,0.2094312014516617,0.5670948047897487,0.2234739937585895
25823,GOF,0.030724995182618686,0.5263939878673916,0.44288101694998977
25824,GOF,0.08739338034893711,0.6055003836448436,0.3071062360062194
25825,GOF,0.03536573224316777,0.6065613948804907,0.3580728728763416
25826,GOF,0.014828172983265697,0.5889678477147683,0.39620397930196594
25827,GOF,0.022862468488232823,0.6104183121044257,0.3667192194073415
25828,GOF,0.012939726746009865,0.5364932034086222,0.45056706984536804
25829,GOF,0.005229565291387619,0.5718552918392309,0.4229151428693814
25830,LOF,0.033371458941073004,0.28046281477451535,0.6861657262844116
25831,GOF,0.230155974848732,0.648854238622493,0.12098978652877497
25832,GOF,0.02877059154056642,0.6880589605154417,0.28317044794399177
25833,GOF,0.10606347856882403,0.7203773564350214,0.17355916499615456
25834,GOF,0.029759738369725813,0.710742548663939,0.25949771296633517
25835,GOF,0.061751528875571234,0.7418337661296805,0.19641470499474808
25836,GOF,0.02794364901835736,0.6642575130921118,0.3077988378895307
25837,GOF,0.023466639371864974,0.611748215252134,0.36478514537600104
25838,GOF,0.08535224440405018,0.7672409979971676,0.14740675759878225
25839,GOF,0.2540508496879559,0.5704952794081922,0.17545387090385195
25840,GOF,0.23299972990456672,0.6160578304379014,0.1509424396575319
25841,GOF,0.2227113122276514,0.6255314340694595,0.15175725370288903
25842,GOF,0.13047070891746093,0.735556277240085,0.13397301384245405
25843,GOF,0.1934810617917198,0.7124489285751207,0.09407000963315958
25844,GOF,0.059038944673627185,0.7435772067215125,0.19738384860486038
25845,GOF,0.015541040455668426,0.5306133220124815,0.4538456375318502
25846,GOF,0.12691810176269547,0.7451793442406588,0.1279025539966456
25847,GOF,0.08672465685280525,0.8165836669184046,0.0966916762287901
25848,GOF,0.03411027256347261,0.7341000352069529,0.2317896922295744
25849,GOF,0.009921789888965239,0.6185030726590405,0.3715751374519944
25850,GOF,0.01909245820860335,0.679047646534059,0.30185989525733753
25851,GOF,0.015205111704356945,0.5676315721856167,0.41716331611002627
25852,GOF,0.15144125024870464,0.5820616043697827,0.26649714538151265
25853,GOF,0.3245573964385052,0.5844268774018395,0.09101572615965524
25854,GOF,0.02254296516366532,0.6127826045409152,0.36467443029541946
25855,GOF,0.03583237516201934,0.5774384603204191,0.38672916451756156
25856,GOF,0.22470455826747415,0.5540463205211992,0.2212491212113267
25857,GOF,0.039245712431756376,0.5063936410054374,0.4543606465628063
25858,GOF,0.021114377113327067,0.5203614232571291,0.4585241996295438
25859,GOF,0.010595087121336711,0.4972430308135228,0.49216188206514044
25860,GOF,0.33836026820704346,0.576321867700958,0.08531786409199858
25861,GOF,0.41156684094277207,0.5095960326500223,0.07883712640720571
25862,GOF,0.07696260505505163,0.7657149416032102,0.1573224533417381
25863,GOF,0.08100616976769481,0.7710865353323645,0.14790729489994073
25864,GOF,0.17434731462021302,0.7493418283570924,0.07631085702269459
25865,GOF,0.0781249813097138,0.7956536063861814,0.12622141230410472
25866,GOF,0.0579787176992189,0.7793934065494186,0.16262787575136256
25867,GOF,0.08631355472189513,0.802125592021981,0.11156085325612376
25868,GOF,0.25531429807138956,0.6341787079479996,0.11050699398061094
25869,Neutral,0.7038279322213902,0.24874333692652598,0.04742873085208381
25870,GOF,0.27838357447486717,0.40551679005224917,0.3160996354728837
25871,GOF,0.2221505091515374,0.6472434669410649,0.13060602390739762
25872,GOF,0.07456895802409456,0.6576099456963184,0.2678210962795871
25873,GOF,0.10483805065292846,0.6872590488925058,0.20790290045456572
25874,LOF,0.01426937585073172,0.12228632069565687,0.8634443034536113
25875,LOF,0.08966194538003325,0.042459622516006254,0.8678784321039605
25876,LOF,0.03238786260366606,0.02777798055719562,0.9398341568391383
25877,Neutral,0.48861361369092843,0.04119957063789395,0.4701868156711776
25878,LOF,0.22896397802428864,0.09352080335198268,0.6775152186237288
25879,LOF,0.09197443185216739,0.08505212745678405,0.8229734406910486
25880,LOF,0.04071773902358635,0.014057511232363883,0.9452247497440498
25881,LOF,0.17035668476094376,0.11478000367158674,0.7148633115674695
25882,LOF,0.06295238406105837,0.01690413389196387,0.9201434820469778
25883,LOF,0.06515957736584367,0.020382314464291354,0.9144581081698651
25884,LOF,0.03156453144544564,0.030417681545792902,0.9380177870087615
25885,LOF,0.0610040061872033,0.012312747971168424,0.9266832458416283
25886,LOF,0.26052710932349493,0.041771336188185126,0.6977015544883199
25887,LOF,0.15370861920324067,0.06347737947017504,0.7828140013265842
25888,LOF,0.06289133178172852,0.05789966991126691,0.8792089983070045
25889,LOF,0.03871853526914885,0.022007142472438,0.9392743222584131
25890,LOF,0.048813178821676934,0.1425935342943475,0.8085932868839755
25891,LOF,0.03790815661916933,0.054643671563534654,0.9074481718172961
25892,LOF,0.07749635951781621,0.023652948661050804,0.8988506918211331
25893,LOF,0.24059221736478317,0.019228564318293277,0.7401792183169236
25894,LOF,0.1690712844266744,0.012678700123633207,0.8182500154496923
25895,LOF,0.201888583620542,0.022791084653737158,0.7753203317257208
25896,LOF,0.045362052826983815,0.022925506151594815,0.9317124410214214
25897,LOF,0.2707877383244358,0.013897189993864568,0.7153150716816996
25898,Neutral,0.7013698783843648,0.010152885847675722,0.28847723576795936
25899,LOF,0.20046878769047288,0.021972744934868796,0.7775584673746583
25900,LOF,0.4669768033208399,0.012412715972598694,0.5206104807065615
25901,LOF,0.04502102369109455,0.011549731303631539,0.9434292450052739
25902,LOF,0.15446107663004577,0.014093535429207445,0.8314453879407468
25903,Neutral,0.5967439711496706,0.031039422574030463,0.3722166062762989
25904,LOF,0.29700752594192065,0.041441379301224546,0.6615510947568549
25905,LOF,0.024664753027419835,0.3281006543654313,0.6472345926071489
25906,LOF,0.031357403756635004,0.08788455451650669,0.8807580417268582
25907,LOF,0.014489719214907985,0.3215806254686494,0.6639296553164425
25908,LOF,0.00980893839573676,0.2512249175377417,0.7389661440665216
25909,LOF,0.012854205977209196,0.13845896204655128,0.8486868319762396
25910,LOF,0.05249043667658644,0.1275284918316824,0.8199810714917312
25911,LOF,0.1937424211748637,0.02686786823699402,0.7793897105881423
25912,LOF,0.04212058828370552,0.04839521494908154,0.9094841967672129
25913,LOF,0.33593034187363335,0.022174952451954392,0.6418947056744122
25914,LOF,0.019766199643688743,0.0473043467688123,0.9329294535874989
25915,Neutral,0.5881605380718833,0.13207958022182043,0.2797598817062963
25916,LOF,0.07980429688675969,0.20217774099407324,0.7180179621191671
25917,LOF,0.06193121838701457,0.03586226863101755,0.9022065129819679
25918,LOF,0.021497046396606614,0.028370105321723037,0.9501328482816703
25919,LOF,0.018638187488711298,0.030132156194666308,0.9512296563166224
25920,GOF,0.10103636367118259,0.5019844350171038,0.39697920131171366
25921,LOF,0.026207904978821396,0.03475271683074336,0.9390393781904353
25922,LOF,0.034931583161885556,0.026101030278132865,0.9389673865599815
25923,LOF,0.4744673699823618,0.03380172781381268,0.49173090220382554
25924,LOF,0.03679091757206883,0.04067814878607708,0.9225309336418541
25925,LOF,0.07517276369698164,0.03780774452081278,0.8870194917822056
25926,LOF,0.05292492638908912,0.03204318147718826,0.9150318921337226
25927,LOF,0.05459046872106658,0.1424473313511304,0.802962199927803
25928,LOF,0.019993013766806258,0.048448838124866604,0.931558148108327
25929,Neutral,0.587966412224958,0.035867348590547236,0.37616623918449477
25930,LOF,0.07918527635964902,0.030042677716719708,0.8907720459236312
25931,LOF,0.027128655149713753,0.03316393755335495,0.9397074072969313
25932,LOF,0.03066782285450548,0.027268963348295355,0.9420632137971992
25933,LOF,0.04052930044363115,0.016631066766780722,0.942839632789588
25934,LOF,0.025200621055823307,0.01905334285431082,0.9557460360898659
25935,LOF,0.06544345016028107,0.04774686487023836,0.8868096849694806
25936,LOF,0.04691035054255483,0.022351202829815335,0.9307384466276297
25937,LOF,0.029131596504777476,0.03582790076606525,0.9350405027291573
25938,LOF,0.06851652151116476,0.05224574536690745,0.8792377331219277
25939,LOF,0.04442128777689841,0.01852399802038234,0.9370547142027194
25940,LOF,0.035762281826661343,0.342245060221946,0.6219926579513927
25941,LOF,0.18302331580096232,0.0928951769593038,0.724081507239734
25942,LOF,0.013382535624638203,0.03370382588535343,0.9529136384900084
25943,LOF,0.3186897540586288,0.05539046034439009,0.6259197855969811
25944,Neutral,0.5051805086684434,0.022096238992735932,0.4727232523388207
25945,LOF,0.06958515565352932,0.019345733305913458,0.9110691110405573
25946,LOF,0.02892411471928046,0.10397322886440889,0.8671026564163107
25947,LOF,0.1070159869955238,0.18115276183486279,0.7118312511696134
25948,LOF,0.34929338747744354,0.008299437721342246,0.6424071748012141
25949,LOF,0.11911100048951254,0.038264092362249404,0.8426249071482381
25950,GOF,0.3148268959255712,0.36440266927418175,0.320770434800247
25951,LOF,0.19349531595220665,0.2731129927363067,0.5333916913114867
25952,GOF,0.04829666606956641,0.49742099661209244,0.4542823373183411
25953,LOF,0.14668353168965134,0.1117052596570145,0.7416112086533341
25954,Neutral,0.40304053677981894,0.1974222028601577,0.39953726036002346
25955,LOF,0.05683382363538489,0.08032220856840294,0.8628439677962122
25956,LOF,0.14895017051423495,0.11866187100947659,0.7323879584762883
25957,LOF,0.03375510289828186,0.03252383617077425,0.9337210609309438
25958,LOF,0.054927847289624555,0.025831587305869406,0.9192405654045059
25959,LOF,0.07139513711840598,0.31504298275569287,0.6135618801259012
25960,LOF,0.014810486638175444,0.04923149835998072,0.9359580150018437
25961,LOF,0.04151355585552351,0.02578023511533914,0.9327062090291374
25962,LOF,0.052609206272261365,0.03328396464026289,0.9141068290874758
25963,LOF,0.04358321652379852,0.20366740231186956,0.7527493811643319
25964,LOF,0.03008613390900782,0.168996644631,0.8009172214599922
25965,LOF,0.45136345519870996,0.05641514776505265,0.49222139703623735
25966,Neutral,0.4941712850097023,0.19176106196844947,0.31406765302184836
25967,LOF,0.017327903939928804,0.1082981430749198,0.8743739529851513
25968,LOF,0.03308593003485252,0.3753708690573267,0.5915432009078208
25969,LOF,0.03501578223024931,0.06298657633301279,0.9019976414367379
25970,LOF,0.05745320315928043,0.061393118198456074,0.8811536786422635
25971,LOF,0.06429290241292293,0.022813533146328967,0.912893564440748
25972,LOF,0.06547176970103126,0.03223860152865137,0.9022896287703175
25973,LOF,0.06828013430336888,0.010222525886950731,0.9214973398096804
25974,LOF,0.1841288479684534,0.01655422735975469,0.7993169246717918
25975,LOF,0.04271411230638429,0.026740795662615408,0.9305450920310003
25976,LOF,0.039219636250004034,0.01673633457110714,0.9440440291788889
25977,LOF,0.15750126651863272,0.08269139825807757,0.7598073352232897
25978,LOF,0.1475729632708667,0.10645729968811805,0.7459697370410152
25979,LOF,0.132528308199291,0.10563658267289697,0.761835109127812
25980,LOF,0.22361563084734645,0.1272778086244737,0.6491065605281799
25981,LOF,0.255205920808522,0.12449998787497635,0.6202940913165017
25982,LOF,0.4126203979011054,0.08082037233463839,0.5065592297642562
25983,LOF,0.380617913030646,0.09453095777576796,0.524851129193586
25984,LOF,0.04758344067104553,0.04844952338669737,0.9039670359422571
25985,LOF,0.038504399580612594,0.2735829374628115,0.6879126629565758
25986,LOF,0.043061255374468366,0.3144056858584926,0.642533058767039
25987,LOF,0.08813899248268917,0.06604422064721793,0.8458167868700928
25988,LOF,0.15545017896018948,0.061113167238366205,0.7834366538014444
25989,LOF,0.03569229570877771,0.12174391294252365,0.8425637913486986
25990,LOF,0.03882149813393627,0.17501377095462178,0.7861647309114419
25991,LOF,0.12216689204797965,0.26412437311721004,0.6137087348348104
25992,LOF,0.2975029284392662,0.15594178433246864,0.5465552872282652
25993,LOF,0.022757199239704443,0.07673118607650273,0.9005116146837929
25994,LOF,0.018055058641471295,0.07623118860037062,0.9057137527581581
25995,LOF,0.02371926099555933,0.1582234349038854,0.8180573041005553
25996,GOF,0.3105380527171832,0.39651813686623444,0.2929438104165823
25997,LOF,0.07979919996346703,0.3728459446107958,0.5473548554257371
25998,Neutral,0.5161153004245739,0.027727150230534566,0.45615754934489156
25999,LOF,0.09539639151158333,0.09650424465268982,0.8080993638357268
26000,LOF,0.13453409086970286,0.0420293544480167,0.8234365546822804
26001,LOF,0.19293692371923493,0.042893789110315245,0.76416928717045
26002,LOF,0.11407715537158403,0.04124124076326519,0.8446816038651508
26003,GOF,0.011972153018223835,0.5654901997279776,0.42253764725379844
26004,GOF,0.021346298189078954,0.6510706131851174,0.3275830886258036
26005,LOF,0.007110604413319595,0.4220362822139141,0.5708531133727662
26006,Neutral,0.5388439393025419,0.21346516638020513,0.24769089431725294
26007,GOF,0.022431887100693586,0.5037413550521053,0.4738267578472011
26008,GOF,0.018963828459502896,0.6102666435742042,0.3707695279662929
26009,GOF,0.01860807394910772,0.6480997302695723,0.3332921957813201
26010,GOF,0.025053115604684803,0.6158081959718942,0.359138688423421
26011,LOF,0.0068776293255227985,0.4157430031517802,0.5773793675226969
26012,GOF,0.013061657630425112,0.5281748649328443,0.45876347743673057
26013,GOF,0.02157574572231591,0.5924449565082116,0.3859792977694725
26014,LOF,0.04192087480963171,0.1142935852762122,0.8437855399141562
26015,LOF,0.15885514167035716,0.016532092340229856,0.824612765989413
26016,LOF,0.19950391081348404,0.05975124793353234,0.7407448412529837
26017,LOF,0.20533715793539292,0.09263984293901556,0.7020229991255914
26018,LOF,0.07503572973028196,0.042580915906982535,0.8823833543627355
26019,LOF,0.07172550496448017,0.03438953816056561,0.8938849568749543
26020,LOF,0.0660032944775944,0.10595027515759749,0.8280464303648082
26021,LOF,0.04263450853642919,0.10654696693670802,0.8508185245268627
26022,LOF,0.010929844032136286,0.044544256292140476,0.9445258996757233
26023,LOF,0.06499812938538234,0.027449705806050568,0.9075521648085672
26024,LOF,0.02941035967527735,0.11649554598425538,0.8540940943404672
26025,LOF,0.1500847573292752,0.09465876784913134,0.7552564748215935
26026,LOF,0.33931398600098733,0.028575022963984203,0.6321109910350283
26027,LOF,0.05904162782619212,0.02189552431177821,0.9190628478620296
26028,LOF,0.17463988671427977,0.06169373431675951,0.7636663789689606
26029,LOF,0.06222380389349805,0.16882832834165135,0.7689478677648506
26030,LOF,0.021970368763313455,0.03474924917453874,0.9432803820621477
26031,LOF,0.024561069471202093,0.11226882381530687,0.8631701067134911
26032,LOF,0.07022818297777465,0.05113840958047671,0.8786334074417487
26033,LOF,0.09167531935281514,0.050317299691255556,0.8580073809559292
26034,LOF,0.04043995716523317,0.14188163682553712,0.8176784060092297
26035,LOF,0.02329655129652069,0.13278215725122322,0.8439212914522561
26036,LOF,0.03417566711953977,0.15220763760636694,0.8136166952740932
26037,LOF,0.01981203619043593,0.10527514272711139,0.8749128210824526
26038,LOF,0.0660122040788924,0.05320555774550225,0.8807822381756054
26039,LOF,0.04796146397226433,0.13374641456026365,0.818292121467472
26040,LOF,0.22336189890654473,0.10403827613088142,0.6725998249625739
26041,LOF,0.020701705763287014,0.09717215938282597,0.882126134853887
26042,LOF,0.018770104431442315,0.09273051374271735,0.8884993818258402
26043,LOF,0.06552328606892902,0.06253082857887969,0.8719458853521912
26044,LOF,0.01845372112482821,0.047784989586159315,0.9337612892890125
26045,LOF,0.06730063488163449,0.08529408025741927,0.8474052848609461
26046,LOF,0.06125320661739879,0.052496317003895135,0.886250476378706
26047,LOF,0.07841350724397661,0.054645684352092425,0.8669408084039311
26048,LOF,0.045136652514654305,0.03180742623081115,0.9230559212545345
26049,Neutral,0.9692979414877484,0.005658340085446502,0.02504371842680512
26050,Neutral,0.9568948387997117,0.007135873282028024,0.035969287918260213
26051,LOF,0.04873310711122171,0.26891190027138945,0.6823549926173889
26052,LOF,0.06721782801460355,0.3112806523810743,0.6215015196043222
26053,LOF,0.05891605251888949,0.14768011020546123,0.7934038372756492
26054,LOF,0.0490928545729637,0.018647459190623807,0.9322596862364124
26055,LOF,0.06318642766932625,0.017056811158817846,0.9197567611718559
26056,LOF,0.055263725484347034,0.018969585456141268,0.9257666890595116
26057,LOF,0.030327569606843623,0.0118439079511557,0.9578285224420007
26058,LOF,0.031166358566880933,0.009664871256491552,0.9591687701766275
26059,LOF,0.27846174206032187,0.022193197142618866,0.6993450607970593
26060,LOF,0.04385655720743595,0.17628339366315596,0.7798600491294081
26061,LOF,0.016769245784842873,0.012032939245490008,0.9711978149696671
26062,LOF,0.009961055085968578,0.018063305359517855,0.9719756395545136
26063,LOF,0.019256974088667177,0.010411491606997067,0.9703315343043357
26064,LOF,0.02252575120756732,0.026713446526877013,0.9507608022655557
26065,LOF,0.024492037028783387,0.010857214119133641,0.964650748852083
26066,LOF,0.01969768236162075,0.01050681213987221,0.9697955054985071
26067,LOF,0.02733725049225035,0.008723729426432712,0.9639390200813169
26068,LOF,0.04331880350495256,0.028090299756144115,0.9285908967389033
26069,LOF,0.26770215032870714,0.018194620536725485,0.7141032291345674
26070,LOF,0.41264387580320516,0.016023309197870386,0.5713328149989244
26071,LOF,0.019935259143473077,0.011881057620386347,0.9681836832361405
26072,LOF,0.018069570323643022,0.02177017362438379,0.9601602560519731
26073,LOF,0.019180603606406894,0.014558512841617225,0.9662608835519758
26074,Neutral,0.9181395736589059,0.005580839107021083,0.07627958723407312
26075,LOF,0.04339126325398153,0.014088604199425304,0.9425201325465933
26076,LOF,0.03636582350016594,0.008591213336104207,0.9550429631637299
26077,LOF,0.009406755407507987,0.012720282498921005,0.977872962093571
26078,LOF,0.01442254974173314,0.011371151307928736,0.9742062989503381
26079,LOF,0.06102772757714284,0.016205946633659464,0.9227663257891978
26080,LOF,0.060376299388404504,0.016217353670929285,0.9234063469406663
26081,LOF,0.0357192475935051,0.0066717403363150025,0.9576090120701799
26082,LOF,0.013639490853779399,0.014183934054682934,0.9721765750915378
26083,LOF,0.18091250693559432,0.014072898118409276,0.8050145949459964
26084,LOF,0.04342899899426621,0.012425155891844982,0.9441458451138889
26085,LOF,0.03968694598479105,0.01188182616214763,0.9484312278530613
26086,LOF,0.021162018314764094,0.011328484476902973,0.9675094972083329
26087,LOF,0.023137801770818738,0.008317548231198109,0.9685446499979832
26088,LOF,0.016142001609991036,0.023875465603089268,0.9599825327869198
26089,LOF,0.04034651757181174,0.022515902909262604,0.9371375795189256
26090,LOF,0.03985438416532197,0.017893274913556384,0.9422523409211216
26091,LOF,0.03163697412518869,0.00636478120051528,0.9619982446742961
26092,LOF,0.02181231776974,0.007823262459190914,0.970364419771069
26093,LOF,0.03283012739211189,0.005814014533614523,0.9613558580742736
26094,LOF,0.03262104366381478,0.006079615399298485,0.9612993409368867
26095,LOF,0.03640498456106675,0.014319593177866005,0.9492754222610673
26096,LOF,0.01716673512930464,0.011696862006553616,0.9711364028641416
26097,LOF,0.011877333820113816,0.03818055836675211,0.9499421078131342
26098,LOF,0.08125672667654933,0.012278745470071722,0.9064645278533789
26099,LOF,0.020501097458431237,0.011743469618292774,0.967755432923276
26100,LOF,0.022373218039550145,0.011495008014349235,0.9661317739461005
26101,LOF,0.04536149869804973,0.017193551407831086,0.9374449498941192
26102,LOF,0.01981789764879755,0.01413836220729226,0.9660437401439103
26103,Neutral,0.8838329636789113,0.018624927665218744,0.0975421086558699
26104,LOF,0.07794397282249073,0.024198395369911675,0.8978576318075977
26105,LOF,0.22573158493295986,0.25058421481503607,0.523684200252004
26106,LOF,0.17786030733314667,0.12475839733301146,0.6973812953338419
26107,LOF,0.25924974420380864,0.08394971260625639,0.6568005431899349
26108,LOF,0.2440853494984325,0.08947429683669277,0.6664403536648748
26109,LOF,0.08499355413899114,0.061405798820599294,0.8536006470404096
26110,LOF,0.2078864510652805,0.006518219014711607,0.7855953299200079
26111,Neutral,0.5158312530238186,0.021653445208820697,0.46251530176736066
26112,LOF,0.03231539295496282,0.006279102925964452,0.9614055041190727
26113,LOF,0.059805783402623325,0.014437196870094104,0.9257570197272825
26114,LOF,0.024731592280539384,0.028559706530188866,0.9467087011892716
26115,LOF,0.08924179224563125,0.049813711653587896,0.8609444961007808
26116,LOF,0.06525124044370909,0.05820714435920979,0.8765416151970812
26117,LOF,0.4711704045365657,0.03839479253966177,0.4904348029237725
26118,LOF,0.0321631549210079,0.021388987302815327,0.9464478577761768
26119,LOF,0.023968173474012942,0.030945603181594922,0.9450862233443921
26120,LOF,0.025620799373854208,0.017353184349294185,0.9570260162768516
26121,LOF,0.04043899896249361,0.08257086168075868,0.8769901393567477
