feature0,prediction,LoGoFunc_Neutral,LoGoFunc_GOF,LoGoFunc_LOF
25546,Neutral,0.6400477341906181,0.0652075872924145,0.29474467851696745
25547,Neutral,0.5211270836584802,0.1001466155965613,0.37872630074495856
25548,Neutral,0.48387771474326285,0.09027824310284702,0.42584404215389005
25549,LOF,0.4398867973481775,0.08892806559663836,0.47118513705518417
25550,LOF,0.32847554228904313,0.1348757827247315,0.5366486749862255
25551,LOF,0.2844017603022771,0.1512858004518274,0.5643124392458955
25552,LOF,0.25055742394682473,0.1462246191394023,0.603217956913773
25553,Neutral,0.7932310901888138,0.05730245620267434,0.14946645360851185
25554,LOF,0.2837693878200575,0.13813886584672241,0.57809174633322
25555,LOF,0.24330272552073823,0.13132874191445898,0.6253685325648027
25556,LOF,0.43341592693830144,0.10985473257798205,0.4567293404837165
25557,LOF,0.24260578152221804,0.13872514132775707,0.6186690771500248
25558,LOF,0.2955360940895227,0.1339575807744161,0.5705063251360611
25559,LOF,0.29512798988824823,0.11418049213781423,0.5906915179739376
25560,LOF,0.12862800978835062,0.15028859106607106,0.7210833991455783
25561,LOF,0.13015297930766004,0.2149237751323399,0.65492324556
25562,LOF,0.0461546117585245,0.09532037030461107,0.8585250179368644
25563,LOF,0.014047463708455438,0.16355354915972703,0.8223989871318175
25564,LOF,0.11095843307305878,0.12749874188305965,0.7615428250438816
25565,LOF,0.18109719430267399,0.14235951373900152,0.6765432919583245
25566,GOF,0.058098911383636306,0.6298674837780436,0.31203360483832
25567,LOF,0.037045323833734566,0.18428387786393635,0.7786707983023291
25568,LOF,0.053787587557148436,0.09896113860859955,0.847251273834252
25569,LOF,0.064548631958483,0.09103970487099672,0.8444116631705202
25570,LOF,0.03095721593806934,0.1254566049041379,0.8435861791577928
25571,LOF,0.027244531210619736,0.13100151825136386,0.8417539505380165
25572,LOF,0.06377415419847861,0.16240312901582182,0.7738227167856996
25573,LOF,0.06145344801662981,0.12376195890231718,0.814784593081053
25574,LOF,0.062005950219455944,0.25313475986896905,0.6848592899115751
25575,LOF,0.024188740357033518,0.12970921531925533,0.8461020443237111
25576,LOF,0.028388016045468027,0.1965564581978867,0.7750555257566453
25577,LOF,0.032385685656136115,0.1574135235734199,0.8102007907704439
25578,LOF,0.30295336413172996,0.11539103976975937,0.5816555960985108
25579,LOF,0.1901601174668031,0.11280849331828881,0.697031389214908
25580,LOF,0.02128580967167006,0.09362983747681965,0.8850843528515103
25581,LOF,0.04569900781650956,0.09258594352419373,0.8617150486592967
25582,LOF,0.045590653406668624,0.09078184792847736,0.863627498664854
25583,LOF,0.024092475804126063,0.11115184514376407,0.8647556790521099
25584,Neutral,0.6984649094126602,0.15956676697634964,0.14196832361099032
25585,LOF,0.021125571184251672,0.19121131586555243,0.787663112950196
25586,LOF,0.017891193503516277,0.10348165213656094,0.8786271543599228
25587,LOF,0.01833183205480995,0.08863819573049196,0.8930299722146982
25588,LOF,0.02159662541360411,0.09903677063572847,0.8793666039506675
25589,Neutral,0.492398840402312,0.2907829028809071,0.21681825671678098
25590,LOF,0.04584812151261928,0.1576142530548724,0.7965376254325084
25591,LOF,0.07723171379691626,0.08160449852636316,0.8411637876767205
25592,LOF,0.05970749346383523,0.1793723386395878,0.7609201678965769
25593,LOF,0.10282795666225222,0.34249032613698466,0.5546817172007631
25594,LOF,0.05487695298454791,0.060218006922774556,0.8849050400926775
25595,LOF,0.05346902083236006,0.042302490307976635,0.9042284888596633
25596,LOF,0.11942385285215167,0.022730249193387526,0.8578458979544608
25597,LOF,0.09188723510707524,0.028790373861052463,0.8793223910318724
25598,LOF,0.0511245389622414,0.048205721772120465,0.9006697392656382
25599,LOF,0.0271647385429246,0.3710244146651552,0.6018108467919203
25600,LOF,0.21377902029651624,0.3797353569341238,0.4064856227693599
25601,LOF,0.0436796666559914,0.3112821366887647,0.6450381966552439
25602,LOF,0.029474342683906075,0.07201566789853726,0.8985099894175567
25603,LOF,0.037170569136608995,0.053629926690305516,0.9091995041730856
25604,LOF,0.03572268131375062,0.08976184693538722,0.8745154717508621
25605,LOF,0.03090511022025793,0.19000563744264162,0.7790892523371004
25606,LOF,0.3841292167665479,0.13869585788834085,0.47717492534511136
25607,LOF,0.027728084183265743,0.19376107866093964,0.7785108371557947
25608,LOF,0.04006553622346527,0.11428945464671285,0.845645009129822
25609,GOF,0.122265034920438,0.5022893543954391,0.3754456106841229
25610,LOF,0.01534760520653923,0.04777424566302325,0.9368781491304374
25611,LOF,0.013124106565785365,0.05622993556548314,0.9306459578687315
25612,LOF,0.05139655531160549,0.05069758018612659,0.8979058645022678
25613,LOF,0.048676485478648404,0.05172054088898582,0.8996029736323657
25614,LOF,0.02228185736887892,0.04554440277595859,0.9321737398551624
25615,LOF,0.044030127943736785,0.05931751567147236,0.8966523563847909
25616,LOF,0.050040427094331166,0.05064307709950765,0.8993164958061611
25617,LOF,0.04078371385426625,0.05723249940870491,0.9019837867370288
25618,LOF,0.052146011619277406,0.07538032726417164,0.872473661116551
25619,LOF,0.012776367516888008,0.05796368127722865,0.9292599512058832
25620,LOF,0.056595975183761645,0.06407802062273364,0.8793260041935047
25621,LOF,0.06278499702932334,0.050217522033161315,0.8869974809375153
25622,LOF,0.0660554113633491,0.06283360361027049,0.8711109850263804
25623,LOF,0.06750771491523642,0.038495046731790925,0.8939972383529727
25624,LOF,0.019284477128314888,0.04944173779192891,0.9312737850797561
25625,LOF,0.06151005793861265,0.056614345863351956,0.8818755961980353
25626,LOF,0.05276611914446098,0.05051904136713416,0.8967148394884049
25627,Neutral,0.8855316590160077,0.020900671778008115,0.09356766920598403
25628,LOF,0.1438515942507647,0.04904526891729982,0.8071031368319355
25629,LOF,0.07241521099599516,0.04014463166065643,0.8874401573433484
25630,LOF,0.27090001826250587,0.058379512457503,0.6707204692799912
25631,Neutral,0.5637035046109424,0.05082829002045312,0.38546820536860443
25632,LOF,0.027451401704407647,0.07988600619130695,0.8926625921042853
25633,LOF,0.19599693398601933,0.05053880638210185,0.7534642596318788
25634,LOF,0.039515846146626656,0.09221190493333672,0.8682722489200366
25635,LOF,0.038097563910712916,0.051209864147945254,0.9106925719413418
25636,GOF,0.03988751592199703,0.48746446745316857,0.4726480166248344
25637,GOF,0.052043578617424924,0.49858542273960815,0.4493709986429669
25638,LOF,0.03208399734724829,0.4053357671957043,0.5625802354570475
25639,LOF,0.03197973972696006,0.431377610853414,0.536642649419626
25640,Neutral,0.8569028519582942,0.0860536026161991,0.0570435454255067
25641,LOF,0.08411026141468961,0.4304857616371706,0.4854039769481398
25642,LOF,0.0648637404576326,0.17896232006896548,0.7561739394734018
25643,LOF,0.22441902452276646,0.1272574697839077,0.6483235056933259
25644,GOF,0.009098979023930703,0.6074365042654228,0.38346451671064635
25645,GOF,0.01163172879317474,0.5681843215116842,0.4201839496951411
25646,LOF,0.03462474452003546,0.4138194997980755,0.5515557556818891
25647,LOF,0.012787766730700338,0.3376586466075847,0.6495535866617149
25648,LOF,0.013653920340979028,0.4011374439146705,0.5852086357443506
25649,LOF,0.008315330438867528,0.3149213801156141,0.6767632894455183
25650,GOF,0.021738288377192924,0.5795788026142265,0.39868290900858055
25651,LOF,0.00869188288836827,0.3974162719373233,0.5938918451743084
25652,LOF,0.015710396273463996,0.39283605842651065,0.5914535453000254
25653,GOF,0.03988515865153381,0.5789464272468071,0.3811684141016592
25654,LOF,0.010609463317144211,0.276015445314283,0.7133750913685728
25655,GOF,0.1397570843944698,0.5802793783649087,0.2799635372406214
25656,LOF,0.33797104215299123,0.12590999671176795,0.5361189611352408
25657,LOF,0.044612310730316525,0.1262916314607512,0.8290960578089324
25658,LOF,0.3060216794180631,0.16500928561373965,0.5289690349681972
25659,Neutral,0.45348063939647926,0.17845066428282555,0.36806869632069517
25660,LOF,0.024179954275609015,0.10488415588865181,0.8709358898357392
25661,LOF,0.09218009675839195,0.06505110709194525,0.8427687961496627
25662,LOF,0.03348594547490601,0.03354194010180553,0.9329721144232884
25663,LOF,0.041650103124072434,0.04390116778261739,0.9144487290933102
25664,LOF,0.13610809006048638,0.06706476303805048,0.7968271469014632
25665,LOF,0.06138885544399266,0.02791896944668198,0.9106921751093253
25666,LOF,0.10169213282643039,0.0678593301888123,0.8304485369847573
25667,LOF,0.07132124190041599,0.05296852133863902,0.875710236760945
25668,LOF,0.03537449627779392,0.056984500268047744,0.9076410034541583
25669,LOF,0.029141801957430994,0.05576936535257282,0.9150888326899962
25670,LOF,0.14541700111796657,0.06378633775821294,0.7907966611238205
25671,LOF,0.11435402539701005,0.038553239924568904,0.8470927346784209
25672,LOF,0.049527319061613215,0.043359717086272134,0.9071129638521147
25673,LOF,0.08766580663058812,0.04904278767374443,0.8632914056956674
25674,LOF,0.07556629747824105,0.0605981399694681,0.863835562552291
25675,LOF,0.1077452965586209,0.07925616740369135,0.8129985360376877
25676,LOF,0.01928374928028569,0.056383750968681576,0.9243324997510327
25677,LOF,0.02366274896469018,0.07342597203597685,0.9029112789993329
25678,LOF,0.1852248901882809,0.08167392333382142,0.7331011864778977
25679,LOF,0.12420901554957432,0.07979391288199365,0.795997071568432
25680,LOF,0.03155129544940278,0.11178419396125636,0.8566645105893408
25681,LOF,0.04625106311737838,0.10477495698918761,0.8489739798934339
25682,LOF,0.1342821394770975,0.0787759412429159,0.7869419192799867
25683,LOF,0.11778224234688572,0.08451551751448351,0.7977022401386308
25684,LOF,0.04077032427188704,0.07087169580885169,0.8883579799192614
25685,LOF,0.1261568283992764,0.08541259724719603,0.7884305743535275
25686,LOF,0.08416068447348557,0.12993771178901709,0.7859016037374974
25687,LOF,0.12903282537268057,0.13600080184362523,0.7349663727836943
25688,LOF,0.4112007742412033,0.04510530083113248,0.5436939249276642
25689,LOF,0.279996499993731,0.04788795255520365,0.6721155474510654
25690,LOF,0.3283901902538792,0.03207904098808791,0.6395307687580329
25691,Neutral,0.721334522629109,0.02985208979321025,0.2488133875776808
25692,LOF,0.36913304400156144,0.013039485517658812,0.6178274704807798
25693,LOF,0.04189686203947032,0.3859586736340542,0.5721444643264755
25694,LOF,0.12162551293998897,0.024523928753858632,0.8538505583061524
25695,LOF,0.11365263260520345,0.018890327437004042,0.8674570399577927
25696,LOF,0.11411300175765504,0.016401676628199215,0.8694853216141458
25697,LOF,0.09082332553719098,0.07621760501282204,0.832959069449987
25698,LOF,0.3409632219989953,0.20521080709940462,0.4538259709016002
25699,Neutral,0.51880043034518,0.027772538380445844,0.4534270312743742
25700,LOF,0.0942739101219311,0.008960237210571908,0.896765852667497
25701,LOF,0.18536328041808192,0.04651645071105273,0.7681202688708654
25702,GOF,0.17729768623512784,0.6171810822302345,0.2055212315346376
25703,LOF,0.017572911687040647,0.13721385423361396,0.8452132340793453
25704,LOF,0.03736501559230668,0.13550198375457273,0.8271330006531206
25705,LOF,0.04324295992281981,0.10655430895409687,0.8502027311230833
25706,LOF,0.15210115604110824,0.315193829229103,0.5327050147297888
25707,LOF,0.1099694558101225,0.2528414501653552,0.6371890940245224
25708,LOF,0.051069388366044514,0.2442606000005731,0.7046700116333825
25709,LOF,0.06978916841464568,0.033955501766761986,0.8962553298185924
25710,LOF,0.013155666908573994,0.1052977937598601,0.8815465393315659
25711,LOF,0.02142775171482372,0.06535614402613132,0.913216104259045
25712,LOF,0.016188559066890512,0.14638015990865932,0.8374312810244502
25713,LOF,0.020358357449425813,0.0653856184783999,0.9142560240721743
25714,LOF,0.0793190616704601,0.04943459916660436,0.8712463391629355
25715,LOF,0.012539657462455238,0.09513327041359992,0.8923270721239449
25716,LOF,0.012527150416338576,0.08472076176572207,0.9027520878179394
25717,LOF,0.01623562847399036,0.0650482069874012,0.9187161645386085
25718,LOF,0.011923315255983384,0.06182840834641062,0.9262482763976059
25719,LOF,0.02164909577639081,0.056463637925783516,0.9218872662978257
25720,LOF,0.02567276381557618,0.048069984255575356,0.9262572519288484
25721,LOF,0.014392255221280745,0.08088351381332164,0.9047242309653977
25722,LOF,0.014789099554353183,0.07643059901460453,0.9087803014310424
25723,LOF,0.02596215612386012,0.03400490535777432,0.9400329385183654
25724,LOF,0.03430999156583273,0.0562271586994121,0.9094628497347551
25725,LOF,0.012705704810712686,0.05259903740589892,0.9346952577833884
25726,LOF,0.016539402831091222,0.07167678129751545,0.9117838158713933
25727,LOF,0.013005247500377553,0.058434740910113046,0.9285600115895093
25728,LOF,0.010613245815893147,0.07288915678062734,0.9164975974034795
25729,LOF,0.011092125876602306,0.07169036595630815,0.9172175081670895
25730,LOF,0.014272098161492682,0.0701598063051549,0.9155680955333525
25731,LOF,0.021973914718200902,0.07850313875668717,0.8995229465251119
25732,LOF,0.014287637621915122,0.051413844245332144,0.9342985181327527
25733,LOF,0.01815070742667313,0.04566840494139435,0.9361808876319325
25734,LOF,0.011947757480754186,0.08923655233266478,0.8988156901865809
25735,LOF,0.012577757553561724,0.05714101704980177,0.9302812253966366
25736,LOF,0.013537549482268312,0.07153847073249421,0.9149239797852375
25737,LOF,0.012469993822711658,0.06698688748530184,0.9205431186919866
25738,LOF,0.012425018304375474,0.07631323901010405,0.9112617426855205
25739,LOF,0.021776751826580003,0.05415424988861709,0.9240689982848028
25740,LOF,0.028342203664438084,0.07964248560058974,0.8920153107349721
25741,LOF,0.017008922991910348,0.07061498255194415,0.9123760944561454
25742,LOF,0.11765880786302879,0.04853198184961501,0.8338092102873561
25743,LOF,0.039736573254784094,0.06499911013548237,0.8952643166097336
25744,Neutral,0.6029941502084945,0.25577660937520075,0.14122924041630486
25745,LOF,0.06544939422604232,0.08794237482913869,0.846608230944819
25746,LOF,0.04057945368293064,0.11640401756394209,0.8430165287531272
25747,LOF,0.021138474589196,0.09169850893959207,0.8871630164712119
25748,LOF,0.12327130202262324,0.15526551375561629,0.7214631842217605
25749,LOF,0.026929303125841363,0.11287608520778816,0.8601946116663705
25750,LOF,0.07007812700810007,0.11861051061298947,0.8113113623789104
25751,LOF,0.08555747272062798,0.13602694693594272,0.7784155803434294
25752,GOF,0.10629844594971899,0.6439472394221947,0.2497543146280863
25753,LOF,0.02614776134501192,0.2900681814700148,0.6837840571849733
25754,GOF,0.01388519967323691,0.8110502522277713,0.17506454809899188
25755,LOF,0.026943329472852752,0.3667237246372761,0.6063329458898711
25756,LOF,0.05012857453388126,0.3662487523494667,0.5836226731166521
25757,GOF,0.019974861524422835,0.869141208331279,0.11088393014429826
25758,GOF,0.03223126786015618,0.8005383436658196,0.1672303884740243
25759,GOF,0.010913129648644286,0.5981264796677642,0.39096039068359134
25760,LOF,0.017194136614753927,0.29106549194719306,0.691740371438053
25761,GOF,0.24899640896217118,0.6715871937777189,0.07941639726010997
25762,LOF,0.04285727062707465,0.29164069735818865,0.6655020320147367
25763,LOF,0.01384348322102279,0.20866732272687336,0.7774891940521038
25764,GOF,0.07974612120224611,0.6430939633601029,0.277159915437651
25765,GOF,0.03314570578385204,0.7551171136810696,0.21173718053507828
25766,GOF,0.07174732024319527,0.7852775287531241,0.14297515100368072
25767,GOF,0.15814604295463916,0.5580869790418859,0.28376697800347495
25768,LOF,0.10853044582458879,0.058573685694185744,0.8328958684812254
25769,LOF,0.04815725554578086,0.07349405609731734,0.8783486883569018
25770,LOF,0.32206753623434187,0.11356344690267274,0.5643690168629854
25771,LOF,0.05372100128295085,0.05593088797891671,0.8903481107381325
25772,LOF,0.018089045033005763,0.05101101232524659,0.9308999426417477
25773,LOF,0.059245817452319736,0.0905260348056548,0.8502281477420254
25774,LOF,0.026874623799278775,0.10266254250279248,0.8704628336979288
25775,LOF,0.055082408845344835,0.05900227651520317,0.885915314639452
25776,LOF,0.0700544888127903,0.03222545171960521,0.8977200594676045
25777,LOF,0.3129952892398814,0.09895856930878873,0.5880461414513299
25778,LOF,0.06692618663643345,0.05046871933038344,0.8826050940331831
25779,GOF,0.38699766185485507,0.5644989243509511,0.04850341379419393
25780,GOF,0.32559711778433553,0.5932261650925154,0.08117671712314917
25781,GOF,0.11633619267918854,0.7754641230690996,0.10819968425171177
25782,GOF,0.18641491786613407,0.7280589931937853,0.08552608894008078
25783,GOF,0.022420702588205905,0.6254138222785635,0.3521654751332306
25784,Neutral,0.5111392027606207,0.4406553005595466,0.04820549667983267
25785,Neutral,0.48269877434037445,0.472521546791336,0.04477967886828943
25786,GOF,0.028628696026694,0.7443748402762849,0.2269964636970212
25787,Neutral,0.6787129011089427,0.29246435716147734,0.028822741729579958
25788,LOF,0.04955185857872118,0.08638199280499995,0.8640661486162788
25789,GOF,0.207415326907298,0.6422387229523013,0.15034595014040072
25790,GOF,0.24141888478430534,0.6630924554145284,0.09548865980116628
25791,GOF,0.14351619205291605,0.699725810343589,0.15675799760349501
25792,GOF,0.3498290649358782,0.5312346138092735,0.11893632125484829
25793,GOF,0.2792248158495526,0.4981136286382188,0.2226615555122287
25794,GOF,0.3204074163181929,0.48100833850700503,0.19858424517480203
25795,GOF,0.07038855679451046,0.6760290025415602,0.25358244066392943
25796,Neutral,0.5225122316229633,0.38672003966651636,0.0907677287105203
25797,GOF,0.0843479923269334,0.563046742316495,0.35260526535657166
25798,GOF,0.008917256877720048,0.5214198289969916,0.46966291412528827
25799,LOF,0.007265860507397377,0.42734509736013765,0.565389042132465
25800,GOF,0.035843320409195745,0.5936835166299751,0.37047316296082916
25801,GOF,0.23317949803253393,0.660523138135052,0.10629736383241402
25802,GOF,0.06015598568476473,0.7019482836730933,0.2378957306421421
25803,GOF,0.03421383243256435,0.5800767906070853,0.38570937696035035
25804,GOF,0.03649984133174414,0.527896426383131,0.435603732285125
25805,GOF,0.1172974029058373,0.5820820394272024,0.3006205576669604
25806,GOF,0.13016861173217417,0.5866220040923462,0.2832093841754796
25807,GOF,0.020940243374383785,0.6353457797234494,0.3437139769021668
25808,GOF,0.10464784408829644,0.6092947652356633,0.2860573906760403
25809,GOF,0.020498958030439867,0.6222248402363314,0.35727620173322877
25810,GOF,0.01957564021961691,0.6177629248173782,0.36266143496300485
25811,Neutral,0.5111320488798926,0.412554796699213,0.07631315442089448
25812,GOF,0.03666521943878709,0.6231038841397939,0.3402308964214189
25813,Neutral,0.5564000475485401,0.3284748886260313,0.11512506382542853
25814,GOF,0.1391512157747787,0.6469611597609598,0.2138876244642614
25815,GOF,0.21958615361503597,0.5765754032709554,0.20383844311400867
25816,GOF,0.020625483052703578,0.6458264066708798,0.33354811027641673
25817,GOF,0.24477413033248854,0.5916973817475538,0.1635284879199576
25818,GOF,0.05277389481406032,0.5573266718625692,0.38989943332337035
25819,GOF,0.3923154153404799,0.44288106757074724,0.1648035170887727
25820,GOF,0.19590914623969344,0.5694553027421981,0.23463555101810848
25821,GOF,0.05569141157526217,0.6534778018145702,0.29083078661016765
25822,GOF,0.23276039788154396,0.5316657320891027,0.23557387002935334
25823,GOF,0.033379431895145466,0.5087159493544785,0.45790461875037597
25824,GOF,0.08498238469360746,0.5386395454844927,0.3763780698218999
25825,GOF,0.03246097468282077,0.5419905356657825,0.4255484896513967
25826,GOF,0.012084301218030401,0.5254729095918514,0.46244278919011816
25827,GOF,0.023501752237751847,0.574084085102611,0.40241416265963714
25828,LOF,0.014435014741405594,0.4909141916003617,0.4946507936582327
25829,GOF,0.006484556628959047,0.5483859455456379,0.44512949782540306
25830,LOF,0.037397372116385136,0.3063517251723501,0.6562509027112648
25831,GOF,0.18012020136425286,0.6566304916411694,0.16324930699457782
25832,GOF,0.03237915629966819,0.6634854412146763,0.3041354024856555
25833,GOF,0.13593573371493872,0.6662683694484048,0.19779589683665658
25834,GOF,0.03707538631974015,0.6676598442035663,0.2952647694766936
25835,GOF,0.09119032316914957,0.67629474431383,0.2325149325170204
25836,GOF,0.04906795131802212,0.6275184303841048,0.32341361829787313
25837,GOF,0.02325042951442858,0.5276500437620132,0.44909952672355824
25838,GOF,0.07706939871674513,0.7254374613681797,0.1974931399150751
25839,GOF,0.2699869111553756,0.5581930136771976,0.1718200751674268
25840,GOF,0.2226800715473328,0.5670959239808935,0.21022400447177372
25841,GOF,0.22119949996265245,0.5686953544072513,0.21010514563009622
25842,GOF,0.20951757024668602,0.6282308511595568,0.16225157859375713
25843,GOF,0.23501722678547748,0.6339677640390516,0.13101500917547082
25844,GOF,0.05915775652627844,0.6441485955901834,0.2966936478835381
25845,LOF,0.012893023639856303,0.4655957929550246,0.521511183405119
25846,GOF,0.10354460049216459,0.699054188505299,0.19740121100253633
25847,GOF,0.14088752476694175,0.7232455831118653,0.13586689212119296
25848,GOF,0.03477358340161391,0.6647675259667817,0.30045889063160436
25849,GOF,0.010260127695863003,0.5475099619943682,0.4422299103097688
25850,GOF,0.023657380689803578,0.6736588081286738,0.30268381118152254
25851,GOF,0.017359449033726725,0.5566811655993139,0.4259593853669594
25852,GOF,0.1766511893945629,0.5402735540317215,0.28307525657371574
25853,GOF,0.36847334565706136,0.5467135890519903,0.08481306529094834
25854,GOF,0.01942124472199352,0.5952638858224257,0.38531486945558074
25855,GOF,0.03641721234836561,0.5367808844131274,0.426801903238507
25856,GOF,0.23075918223567288,0.4915746489406393,0.2776661688236877
25857,LOF,0.03295916169789468,0.4586931145937909,0.5083477237083144
25858,GOF,0.01747013832356307,0.5419179095772004,0.4406119520992365
25859,GOF,0.010497277261030417,0.533877161224149,0.45562556151482064
25860,GOF,0.3819045791952551,0.5199207990582728,0.098174621746472
25861,GOF,0.4022749682337157,0.5042649183456871,0.0934601134205972
25862,GOF,0.0825760262218609,0.7538657237893571,0.16355824998878202
25863,GOF,0.08412759839722066,0.7593000040702155,0.15657239753256386
25864,GOF,0.2029139497625952,0.7005804022856379,0.09650564795176694
25865,GOF,0.08123952966029423,0.7666215564536121,0.15213891388609369
25866,GOF,0.05556280232335496,0.7811427371321004,0.16329446054454475
25867,GOF,0.08113073993077259,0.7974132572507254,0.12145600281850201
25868,GOF,0.24342124127498307,0.6461766000736346,0.11040215865138224
25869,Neutral,0.7038388252490367,0.24881591939280112,0.04734525535816202
25870,LOF,0.3022053651939396,0.27382939494878383,0.4239652398572765
25871,GOF,0.23273219716712984,0.5896244870040821,0.177643315828788
25872,GOF,0.09324367199897077,0.6071260132842348,0.2996303147167944
25873,GOF,0.16247716891815536,0.6128949874991606,0.22462784358268412
25874,LOF,0.0199923345586428,0.10899675289381178,0.8710109125475455
25875,LOF,0.09523146310390364,0.05252204066925471,0.8522464962268416
25876,LOF,0.034686398678421146,0.04068353982826023,0.9246300614933186
25877,Neutral,0.5351095418841307,0.053397530572596184,0.41149292754327305
25878,LOF,0.2325999441821205,0.0991819548976661,0.6682181009202134
25879,LOF,0.09111810332792199,0.0943882597442664,0.8144936369278116
25880,LOF,0.023320926458094686,0.022766227529911743,0.9539128460119936
25881,LOF,0.18091900768731495,0.13678414492620905,0.682296847386476
25882,LOF,0.07232436562386141,0.018669613462046524,0.909006020914092
25883,LOF,0.08165280713420098,0.02495923826589049,0.8933879545999086
25884,LOF,0.03914163845355317,0.04196826199838742,0.9188900995480594
25885,LOF,0.06632432964866489,0.014851673847889218,0.918823996503446
25886,LOF,0.31856085803451767,0.04241948366825073,0.6390196582972316
25887,LOF,0.16708305354737554,0.0813088392526475,0.751608107199977
25888,LOF,0.0730582675950328,0.07389650924030053,0.8530452231646667
25889,LOF,0.05109796493227361,0.02996052952209634,0.91894150554563
25890,LOF,0.04031059001070726,0.15105570087155562,0.8086337091177371
25891,LOF,0.03387044422239541,0.07101458100945224,0.8951149747681523
25892,LOF,0.1083078861262696,0.015903687748730747,0.8757884261249997
25893,LOF,0.2894710770297642,0.012918444132774001,0.6976104788374617
25894,LOF,0.1894394536468247,0.0071104544522978845,0.8034500919008775
25895,LOF,0.21027273084812567,0.016000184929953826,0.7737270842219206
25896,LOF,0.05479888107125191,0.015847761671570055,0.929353357257178
25897,LOF,0.24949900906777414,0.010367134478697627,0.7401338564535282
25898,Neutral,0.7264222493398987,0.007024096546913417,0.2665536541131879
25899,LOF,0.29201530465679065,0.019510152223607222,0.6884745431196021
25900,LOF,0.465010056718789,0.012882988038476775,0.5221069552427343
25901,LOF,0.06945840258199379,0.009008491045969114,0.921533106372037
25902,LOF,0.18279329173112377,0.009073370545476602,0.8081333377233997
25903,Neutral,0.5162835846568569,0.023828189446328217,0.45988822589681494
25904,LOF,0.3259666285043508,0.03359379933541739,0.6404395721602317
25905,LOF,0.02338499320728189,0.3066461612445103,0.6699688455482079
25906,LOF,0.025659642467108133,0.0665187205151925,0.9078216370176994
25907,LOF,0.01651283669908619,0.3414588086122202,0.6420283546886936
25908,LOF,0.011063499746177874,0.23648809071290353,0.7524484095409186
25909,LOF,0.013451836178194907,0.11613038384578599,0.8704177799760192
25910,LOF,0.04904600447427449,0.11887337757145443,0.8320806179542711
25911,LOF,0.12886893093027985,0.04527843404602037,0.8258526350236998
25912,LOF,0.03667619776665137,0.062281909879243945,0.9010418923541047
25913,LOF,0.2717653906715962,0.02762235225962765,0.7006122570687762
25914,LOF,0.025092578605226797,0.10367571923582666,0.8712317021589466
25915,Neutral,0.4287854499282251,0.2829037449056956,0.2883108051660793
25916,LOF,0.06371509302486841,0.27336988389537903,0.6629150230797525
25917,LOF,0.06402372365007555,0.05627783527832057,0.8796984410716039
25918,LOF,0.03410350871710729,0.05715329472570827,0.9087431965571845
25919,LOF,0.02639749271550486,0.060108027016487986,0.9134944802680072
25920,GOF,0.08883445488696841,0.5034486056489408,0.40771693946409077
25921,LOF,0.029895336976095102,0.017493337987881215,0.9526113250360236
25922,LOF,0.0447427616044315,0.011510335111336383,0.9437469032842322
25923,LOF,0.42097634485639696,0.013027399439826155,0.5659962557037769
25924,LOF,0.03985233620283732,0.022520866325643436,0.9376267974715192
25925,LOF,0.07472249157949144,0.016825790948057046,0.9084517174724515
25926,LOF,0.05188298164583491,0.013698220739711914,0.9344187976144531
25927,LOF,0.07200459450321314,0.05756644013465638,0.8704289653621305
25928,LOF,0.023430660761308182,0.02595338789231092,0.9506159513463809
25929,Neutral,0.5349320902223471,0.014150722287561467,0.4509171874900914
25930,LOF,0.06717385456510051,0.011351009745269343,0.9214751356896301
25931,LOF,0.03403822911719457,0.015304702008677309,0.9506570688741283
25932,LOF,0.033311147877063206,0.012389801517913978,0.9542990506050228
25933,LOF,0.044742912536342466,0.007945773728059805,0.9473113137355977
25934,LOF,0.02853479009580027,0.00939127178749369,0.962073938116706
25935,LOF,0.07010035088192584,0.020784264366770014,0.9091153847513043
25936,LOF,0.05530764570623776,0.012322703600330864,0.9323696506934314
25937,LOF,0.029373170900453147,0.023767195192876605,0.9468596339066703
25938,LOF,0.06948000521921648,0.024083201569662864,0.9064367932111208
25939,LOF,0.04564110577435584,0.008505008384938558,0.9458538858407055
25940,LOF,0.0299274241631515,0.3617890000369525,0.608283575799896
25941,LOF,0.17259630118994354,0.0878013898915227,0.7396023089185337
25942,LOF,0.018573370847964482,0.0357127882411504,0.9457138409108852
25943,LOF,0.31961381220516544,0.055755190401038435,0.6246309973937962
25944,Neutral,0.49078814663957004,0.03160392606389389,0.47760792729653606
25945,LOF,0.08163404277100979,0.023708376839104678,0.8946575803898855
25946,LOF,0.028206609848561614,0.0933296970830008,0.8784636930684375
25947,LOF,0.1253063338646679,0.18447981790891485,0.6902138482264172
25948,LOF,0.4665187357607402,0.01617103473321781,0.517310229506042
25949,LOF,0.09844026122211867,0.06841157141104082,0.8331481673668404
25950,GOF,0.30952759869349894,0.3871156117427304,0.30335678956377066
25951,LOF,0.24763906831864962,0.21669232237901778,0.5356686093023325
25952,LOF,0.0460359747452109,0.4427921536140359,0.5111718716407533
25953,LOF,0.13716654562629352,0.1105052071847477,0.7523282471889587
25954,Neutral,0.4256106119493845,0.17795261204216947,0.39643677600844596
25955,LOF,0.06368934577686085,0.08091946656312887,0.8553911876600102
25956,LOF,0.19139093901602094,0.07059596257537519,0.738013098408604
25957,LOF,0.0374000223798045,0.02997898183726698,0.9326209957829285
25958,LOF,0.0633179942138992,0.026351635790811952,0.9103303699952889
25959,LOF,0.06371076331060917,0.31227528389985193,0.624013952789539
25960,LOF,0.019492523362946414,0.06191647195724012,0.9185910046798136
25961,LOF,0.051590074024585,0.031878588061228785,0.9165313379141862
25962,LOF,0.04957991818892084,0.03857852323702753,0.9118415585740517
25963,LOF,0.048295821240808945,0.2076322006316769,0.7440719781275141
25964,LOF,0.033953067954225105,0.14597030044955953,0.8200766315962154
25965,LOF,0.4438139079214659,0.07696097228703515,0.4792251197914988
25966,Neutral,0.43334986712817747,0.17007281731902343,0.3965773155527991
25967,LOF,0.012600006453608868,0.07404378487097325,0.9133562086754179
25968,GOF,0.031196981186377256,0.5207589184704382,0.44804410034318465
25969,LOF,0.022141281165403193,0.062300291920109614,0.9155584269144873
25970,LOF,0.06633445939070932,0.06453347789582589,0.8691320627134648
25971,LOF,0.08338057809720134,0.015370327215632893,0.9012490946871657
25972,LOF,0.08367928416439133,0.023741556682237194,0.8925791591533715
25973,LOF,0.09981321398533324,0.00583789703986014,0.8943488889748066
25974,LOF,0.24496320793361123,0.01400673952816683,0.7410300525382219
25975,LOF,0.06185462512091027,0.018998735306455457,0.9191466395726344
25976,LOF,0.04946963699281436,0.013641330916487842,0.9368890320906978
25977,LOF,0.15384003699731985,0.09053675819549856,0.7556232048071815
25978,LOF,0.12127381634872254,0.05550304799270315,0.8232231356585744
25979,LOF,0.11974794417085621,0.052423777772554817,0.8278282780565889
25980,LOF,0.15845927705573823,0.06954573610474671,0.7719949868395151
25981,LOF,0.19241977686353526,0.06720493474034646,0.7403752883961182
25982,LOF,0.3847624357977074,0.043078749530211256,0.5721588146720814
25983,LOF,0.38227315275343454,0.04064523351182499,0.5770816137347404
25984,LOF,0.05321095540407751,0.07108042590081974,0.8757086186951027
25985,LOF,0.024310061653606264,0.2947289659468037,0.68096097239959
25986,LOF,0.03666755159263531,0.29525445254423005,0.6680779958631348
25987,LOF,0.07435271288622347,0.09909079065945886,0.8265564964543177
25988,LOF,0.12810300039829142,0.08699562255909053,0.784901377042618
25989,LOF,0.02800741771856423,0.1519906823933194,0.8200018998881163
25990,LOF,0.03764844524152857,0.18298255264937413,0.7793690021090972
25991,LOF,0.20308731647446554,0.3937238965408567,0.4031887869846778
25992,LOF,0.35852896251648547,0.2414426009555856,0.400028436527929
25993,LOF,0.024331260490002605,0.0838869673469884,0.8917817721630089
25994,LOF,0.01712708019629136,0.12224629404920673,0.8606266257545019
25995,LOF,0.02690012517264804,0.2209315152085215,0.7521683596188304
25996,GOF,0.2628560708857718,0.5621121585849762,0.1750317705292519
25997,GOF,0.10024237327123942,0.5709786126359326,0.32877901409282795
25998,Neutral,0.540675350104482,0.014681489469689559,0.44464316042582847
25999,LOF,0.12779152096816676,0.15771194016781043,0.7144965388640229
26000,LOF,0.14974334133380474,0.0368826122148886,0.8133740464513067
26001,LOF,0.17085446307670632,0.03948415162881495,0.7896613852944787
26002,LOF,0.13322642510057103,0.04059649265675747,0.8261770822426715
26003,GOF,0.009683539997133912,0.632630097489654,0.35768636251321195
26004,GOF,0.028094487885188694,0.7066274619793527,0.26527805013545863
26005,GOF,0.007716092202856286,0.5079158929257347,0.484368014871409
26006,Neutral,0.5056445229917292,0.27358179532442134,0.22077368168384948
26007,GOF,0.019498392087761687,0.555459678683732,0.42504192922850614
26008,GOF,0.018190041534346946,0.6023356954493772,0.3794742630162759
26009,GOF,0.025160188025312516,0.652159417985288,0.3226803939893995
26010,GOF,0.02420657228645712,0.6459681270558826,0.3298253006576604
26011,GOF,0.007486372787550628,0.5025300210660101,0.4899836061464393
26012,GOF,0.014971946319133504,0.5914404010793957,0.3935876526014707
26013,GOF,0.01872233291312753,0.6484053459693819,0.33287232111749065
26014,LOF,0.04123057099729197,0.1543479545964886,0.8044214744062194
26015,LOF,0.2878279890879582,0.011941265516541275,0.7002307453955005
26016,LOF,0.2408265266572678,0.057213635399618774,0.7019598379431133
26017,LOF,0.22576087933292577,0.08831457107919118,0.6859245495878831
26018,LOF,0.11388558912403798,0.05184920109773304,0.8342652097782289
26019,LOF,0.10709890724426749,0.04149696961903032,0.8514041231367022
26020,LOF,0.06673931191900763,0.1271505639236815,0.8061101241573109
26021,LOF,0.05386748530146154,0.1370529432452625,0.8090795714532759
26022,LOF,0.013465646896621815,0.06361909028207484,0.9229152628213033
26023,LOF,0.1393533997980657,0.03067022681658072,0.8299763733853535
26024,LOF,0.0342962602735131,0.14909115274804405,0.8166125869784427
26025,LOF,0.15434672648129152,0.1167274113049255,0.7289258622137829
26026,LOF,0.3151826104984841,0.027817356389936213,0.6570000331115797
26027,LOF,0.1052840773390871,0.024609593975565693,0.8701063286853473
26028,LOF,0.131360986357287,0.09489156955445181,0.7737474440882611
26029,LOF,0.07263761230044614,0.13281565330649533,0.7945467343930586
26030,LOF,0.025237794012831275,0.051379309969016185,0.9233828960181525
26031,LOF,0.0301554985219979,0.11134996284337983,0.8584945386346222
26032,LOF,0.06897474521146414,0.05547740673506241,0.8755478480534734
26033,LOF,0.1203924758436121,0.06253918346011593,0.817068340696272
26034,LOF,0.050757103688542714,0.12222675160106553,0.8270161447103919
26035,LOF,0.029037421361359315,0.1001977595182204,0.8707648191204201
26036,LOF,0.042154985069273995,0.121023105610065,0.8368219093206609
26037,LOF,0.025636460835146608,0.08493632946646261,0.8894272096983908
26038,LOF,0.06575575428428887,0.052508258959477284,0.8817359867562339
26039,LOF,0.057975052886166244,0.11014240200991987,0.8318825451039139
26040,LOF,0.20160311923385274,0.1050847860944014,0.6933120946717459
26041,LOF,0.025721131508798976,0.08108011271381334,0.8931987557773876
26042,LOF,0.024576328851880238,0.08076432791939821,0.8946593432287216
26043,LOF,0.06468292858629793,0.0634314572867324,0.8718856141269697
26044,LOF,0.02150939360807168,0.062323538001960326,0.9161670683899681
26045,LOF,0.07508460145872366,0.08031434283638762,0.8446010557048887
26046,LOF,0.06745485909784685,0.0640137377316349,0.8685314031705182
26047,LOF,0.09487197455977149,0.07072168374742965,0.8344063416927988
26048,LOF,0.04918083785651551,0.04971092297594079,0.9011082391675437
26049,Neutral,0.9541745510551011,0.006665831059422703,0.039159617885476214
26050,Neutral,0.9367286774149748,0.007872426443414076,0.05539889614161131
26051,LOF,0.0349915974741661,0.3513427658443171,0.6136656366815167
26052,LOF,0.060762260368885816,0.35727356326018345,0.5819641763709307
26053,LOF,0.0553095282783225,0.15597860206559047,0.788711869656087
26054,LOF,0.0614972963969246,0.035538132968302,0.9029645706347734
26055,LOF,0.08098666841876144,0.02405506494932296,0.8949582666319156
26056,LOF,0.06358270757084857,0.028114677928790868,0.9083026145003606
26057,LOF,0.03227932346389762,0.015103722292908607,0.9526169542431938
26058,LOF,0.03260899134032566,0.013321610539085161,0.9540693981205892
26059,LOF,0.29261536920273085,0.03700411467630086,0.6703805161209683
26060,LOF,0.03414198710682256,0.2217278504014143,0.7441301624917632
26061,LOF,0.017565785371446596,0.017985536829037932,0.9644486777995155
26062,LOF,0.011206913435371396,0.027542136306349118,0.9612509502582796
26063,LOF,0.023847983567517946,0.01703756340244877,0.9591144530300334
26064,LOF,0.024784901775333986,0.02682637013254937,0.9483887280921166
26065,LOF,0.026839245899894896,0.017064581204317038,0.9560961728957881
26066,LOF,0.022849517802993904,0.015589479792603169,0.961561002404403
26067,LOF,0.028495196063648108,0.01119086429131128,0.9603139396450407
26068,LOF,0.05034517693134683,0.05193239105126876,0.8977224320173846
26069,LOF,0.2522093207671254,0.031113545811021392,0.7166771334218532
26070,LOF,0.4380398795131219,0.02382073106506484,0.5381393894218132
26071,LOF,0.025497805862723294,0.018316543582081905,0.9561856505551948
26072,LOF,0.024451119808725635,0.026348387290458474,0.9492004929008159
26073,LOF,0.026304573036105033,0.015929003989921718,0.9577664229739732
26074,Neutral,0.9047577743296487,0.007796117868439941,0.08744610780191134
26075,LOF,0.04286285735274392,0.021698281298967968,0.9354388613482881
26076,LOF,0.04620756432983789,0.011719987777066317,0.9420724478930959
26077,LOF,0.009370144428493637,0.027490331307759616,0.9631395242637467
26078,LOF,0.01447827552605192,0.01886291505189758,0.9666588094220504
26079,LOF,0.055465918514393434,0.02495579561770701,0.9195782858678996
26080,LOF,0.05391992860548916,0.025089767522464366,0.9209903038720465
26081,LOF,0.036835833088211554,0.00939290430382837,0.95377126260796
26082,LOF,0.017076121423491776,0.02758702569610553,0.9553368528804027
26083,LOF,0.139099415856355,0.01904972666707595,0.8418508574765691
26084,LOF,0.02883155393821122,0.018318886744730124,0.9528495593170587
26085,LOF,0.023674108910954433,0.01753356353698388,0.9587923275520616
26086,LOF,0.0278277928629471,0.015076338786535774,0.9570958683505171
26087,LOF,0.02787188115288859,0.010934853577850932,0.9611932652692604
26088,LOF,0.01745123358508794,0.03408364602913928,0.9484651203857727
26089,LOF,0.046713872974611895,0.03674900282853266,0.9165371241968555
26090,LOF,0.044461175328360615,0.02759960303268061,0.9279392216389588
26091,LOF,0.041796584486102975,0.00868409624616768,0.9495193192677294
26092,LOF,0.027477914448822315,0.012226678072144595,0.9602954074790331
26093,LOF,0.03972833186012228,0.00950443501380833,0.9507672331260693
26094,LOF,0.044439012140596604,0.010017504920030933,0.9455434829393725
26095,LOF,0.05625602034327632,0.022124074509645476,0.9216199051470783
26096,LOF,0.020290461313634812,0.020202547224902556,0.9595069914614627
26097,LOF,0.009524105531048453,0.06137568055180301,0.9291002139171486
26098,LOF,0.07246670261026411,0.01741089145094595,0.91012240593879
26099,LOF,0.026000858948330822,0.020304604616356817,0.9536945364353124
26100,LOF,0.02837616929619788,0.018962023672934293,0.9526618070308678
26101,LOF,0.060924524532184735,0.019430773487874826,0.9196447019799403
26102,LOF,0.027786137323126105,0.0194207446207174,0.9527931180561565
26103,Neutral,0.8834598531645919,0.029103726602676787,0.08743642023273134
26104,LOF,0.06996447606855048,0.04443708239246797,0.8855984415389816
26105,LOF,0.21063006378651636,0.29804457909508086,0.4913253571184028
26106,LOF,0.18212303368032237,0.16462652707047246,0.6532504392492051
26107,LOF,0.22850803573549727,0.10098289360695598,0.6705090706575468
26108,LOF,0.23947863763958896,0.1391387152497339,0.6213826471106771
26109,LOF,0.08574455985067696,0.12007567698831474,0.7941797631610082
26110,LOF,0.2929263965711883,0.007781711293662394,0.6992918921351493
26111,LOF,0.47066339858005835,0.022495444402891043,0.5068411570170506
26112,LOF,0.034302599594990615,0.00921457901162554,0.9564828213933838
26113,LOF,0.057213494476346986,0.017158022972796057,0.925628482550857
26114,LOF,0.02195707754689981,0.02221707547759637,0.9558258469755038
26115,LOF,0.08570893651498497,0.05486245637033106,0.8594286071146839
26116,LOF,0.06401669448357347,0.052283334774064515,0.883699970742362
26117,LOF,0.4168386345531256,0.05115303234735799,0.5320083330995165
26118,LOF,0.04131462905948196,0.027719831484904336,0.9309655394556137
26119,LOF,0.024602105844891208,0.03647466019545462,0.9389232339596543
26120,LOF,0.03191044249581866,0.025738840771586984,0.9423507167325944
26121,LOF,0.053621377515680906,0.08875267586198939,0.8576259466223297
26122,LOF,0.05522751594171621,0.04196116407826569,0.9028113199800182
