feature0,prediction,LoGoFunc_Neutral,LoGoFunc_GOF,LoGoFunc_LOF
25546,Neutral,0.663857783333123,0.05906417525326069,0.27707804141361647
25547,Neutral,0.5023103945664271,0.10608117758858734,0.39160842784498556
25548,Neutral,0.4932376503081168,0.09273868189081283,0.4140236678010703
25549,LOF,0.4187286185328789,0.09427433945451646,0.4869970420126046
25550,LOF,0.3674727639259235,0.1280243881014291,0.5045028479726474
25551,LOF,0.3053802138565734,0.13908399467863772,0.5555357914647889
25552,LOF,0.2509028164180326,0.1367041748786347,0.6123930087033328
25553,Neutral,0.8061877592349317,0.045477896377295934,0.1483343443877724
25554,LOF,0.2941154344541817,0.12651295328799347,0.5793716122578247
25555,LOF,0.24431339328288187,0.11864634700901439,0.6370402597081037
25556,LOF,0.43747811234891676,0.10456883153737531,0.45795305611370796
25557,LOF,0.23251144709560806,0.12340712042278398,0.6440814324816079
25558,LOF,0.298622387001551,0.1215753352881899,0.579802277710259
25559,LOF,0.19641692764738253,0.13950092044639895,0.6640821519062186
25560,LOF,0.15595485122160851,0.0940695143290109,0.7499756344493806
25561,LOF,0.1555623970591136,0.10229699305384257,0.7421406098870439
25562,LOF,0.0731063792381675,0.08123363529633328,0.8456599854654993
25563,LOF,0.020831989755222494,0.10932471737097922,0.8698432928737982
25564,LOF,0.22859484056409501,0.1037828573730053,0.6676223020628997
25565,LOF,0.2335991771386537,0.1363724068781426,0.6300284159832037
25566,GOF,0.08112480426732988,0.7327198476966604,0.18615534803600964
25567,LOF,0.037848563058824385,0.1197834226375261,0.8423680143036494
25568,LOF,0.0635159232002149,0.06610765453823654,0.8703764222615484
25569,LOF,0.05966380390685132,0.06611032985894287,0.8742258662342057
25570,LOF,0.027663230054570175,0.09956197790053423,0.8727747920448955
25571,LOF,0.026839661795459154,0.1041042938835926,0.8690560443209482
25572,LOF,0.06147906216882014,0.11631940292686795,0.8222015349043119
25573,LOF,0.05262974677676037,0.08314011312942902,0.8642301400938107
25574,LOF,0.05480011152118034,0.17874418352355084,0.7664557049552688
25575,LOF,0.023037921512400465,0.11761568931059845,0.8593463891770011
25576,LOF,0.03457559248964592,0.1537784936165482,0.8116459138938059
25577,LOF,0.030992609213760076,0.1038456752439079,0.8651617155423321
25578,LOF,0.31692822420272515,0.07223194397995326,0.6108398318173216
25579,LOF,0.14643327483405763,0.07914396837692575,0.7744227567890166
25580,LOF,0.020245870021277604,0.07602549036584966,0.9037286396128728
25581,LOF,0.05710805167415352,0.06191145206818491,0.8809804962576616
25582,LOF,0.056880539641834794,0.060233636732957396,0.8828858236252078
25583,LOF,0.021015778983097227,0.07839413803622552,0.9005900829806772
25584,Neutral,0.6677112300517584,0.0958611923448951,0.2364275776033465
25585,LOF,0.027411848658863557,0.12645941312347062,0.8461287382176659
25586,LOF,0.01839188017765075,0.0657933570253988,0.9158147627969504
25587,LOF,0.01774565509966444,0.061085990247464056,0.9211683546528716
25588,LOF,0.021211082253067,0.06954732044066188,0.9092415973062711
25589,Neutral,0.5100196327192134,0.1803550937852307,0.3096252734955559
25590,LOF,0.049875189802667606,0.10537754982389672,0.8447472603734356
25591,LOF,0.09790703579185621,0.05190228259145474,0.850190681616689
25592,LOF,0.05872497725371979,0.1211691839444107,0.8201058388018694
25593,LOF,0.1347878059554183,0.23495157219182541,0.6302606218527562
25594,LOF,0.04748602900231081,0.11402506621048573,0.8384889047872034
25595,LOF,0.045343507618800835,0.08114124276551463,0.8735152496156844
25596,LOF,0.10507741249993244,0.044542996494247034,0.8503795910058206
25597,LOF,0.08327451632085414,0.054412191614534804,0.862313292064611
25598,LOF,0.04573915615672381,0.08364454303609384,0.8706163008071823
25599,GOF,0.02153559489646058,0.5076793184982236,0.47078508660531593
25600,GOF,0.1899126692376272,0.48248374810783956,0.32760358265453315
25601,LOF,0.03981434942993024,0.3780796027972254,0.5821060477728444
25602,LOF,0.03336121382126016,0.05286539796083653,0.9137733882179032
25603,LOF,0.034539799356500055,0.03143056180914737,0.9340296388343525
25604,LOF,0.036002823536374795,0.06244475582890637,0.9015524206347187
25605,LOF,0.04395026086744871,0.18336942963512254,0.7726803094974288
25606,Neutral,0.45588727076727525,0.08966168070997219,0.4544510485227524
25607,LOF,0.024341182006070983,0.17575757179764773,0.7999012461962812
25608,LOF,0.03433773608828112,0.07463939880940768,0.8910228651023111
25609,GOF,0.14211857200094621,0.5274479882797094,0.3304334397193444
25610,LOF,0.014868131766737637,0.027817487914778383,0.9573143803184839
25611,LOF,0.014883075538711155,0.03063188043474208,0.9544850440265469
25612,LOF,0.04763486089242987,0.03804317008703091,0.9143219690205392
25613,LOF,0.04368555048251252,0.03708725279643832,0.9192271967210491
25614,LOF,0.02200993438108911,0.025553024460313142,0.9524370411585977
25615,LOF,0.04688018442858199,0.03707901176570129,0.9160408038057166
25616,LOF,0.05019910417935038,0.026314007684758323,0.9234868881358913
25617,LOF,0.04379835312642599,0.033237907624460626,0.9229637392491135
25618,LOF,0.05137115403803496,0.03313976350049235,0.9154890824614726
25619,LOF,0.014931659938555879,0.028842070379059136,0.9562262696823851
25620,LOF,0.06434771502254799,0.03705074108619772,0.8986015438912542
25621,LOF,0.054077949375003764,0.03165958766267681,0.9142624629623195
25622,LOF,0.06078826546166181,0.03083842305525366,0.9083733114830845
25623,LOF,0.07125482539622181,0.028841416948283478,0.8999037576554947
25624,LOF,0.018951350532898783,0.03480805431489857,0.9462405951522026
25625,LOF,0.06503734576766655,0.04053442693163224,0.8944282273007012
25626,LOF,0.04875329082276132,0.03574512910280562,0.915501580074433
25627,Neutral,0.8903940840381346,0.022485012502291932,0.08712090345957342
25628,LOF,0.13050166180260866,0.06065348482086452,0.8088448533765268
25629,LOF,0.061806809525491654,0.040477637771038875,0.8977155527034695
25630,LOF,0.26734348424473264,0.0763972846028672,0.6562592311524001
25631,Neutral,0.5592212530626891,0.06266064283314574,0.37811810410416513
25632,LOF,0.029223108436841526,0.06558563318480984,0.9051912583783486
25633,LOF,0.19924886513602,0.037422104832170636,0.7633290300318094
25634,LOF,0.03617085935202648,0.08420341180823517,0.8796257288397383
25635,LOF,0.036842915672389884,0.04484779372045209,0.918309290607158
25636,GOF,0.03469532121260111,0.5010985430925523,0.46420613569484664
25637,GOF,0.05991805250774587,0.5009834370887156,0.4390985104035385
25638,LOF,0.03149248772906819,0.2994268329054199,0.669080679365512
25639,LOF,0.030463305316046085,0.3468080396595647,0.6227286550243892
25640,Neutral,0.8066190028104632,0.1482309616863717,0.04515003550316521
25641,LOF,0.04926006009921364,0.39959712157004584,0.5511428183307405
25642,LOF,0.03933871529240507,0.1430321691879614,0.8176291155196335
25643,LOF,0.19145086094221128,0.16570306582000768,0.642846073237781
25644,LOF,0.02174540844297281,0.46946311424520865,0.5087914773118185
25645,LOF,0.02061579562024048,0.41313757069550894,0.5662466336842507
25646,LOF,0.05507483912780875,0.3343540733565029,0.6105710875156883
25647,LOF,0.023871669423779253,0.26656516347789505,0.7095631670983257
25648,LOF,0.02961583978454528,0.24435073190282783,0.7260334283126268
25649,LOF,0.01596686706121027,0.2447236010030237,0.739309531935766
25650,LOF,0.05528830165092911,0.41114741755170153,0.5335642807973693
25651,LOF,0.015788017560713043,0.28030551333794335,0.7039064691013435
25652,LOF,0.03018506146224002,0.2661725222632322,0.7036424162745278
25653,LOF,0.08177716465388023,0.41228785911088117,0.5059349762352385
25654,LOF,0.024522870379407573,0.21403548151929772,0.7614416481012947
25655,GOF,0.19828345824117985,0.40620890342001476,0.3955076383388054
25656,LOF,0.28238390814027947,0.04288339267590465,0.674732699183816
25657,LOF,0.07681379961578529,0.054197367470758144,0.8689888329134565
25658,LOF,0.4073719543422785,0.04463684080227091,0.5479912048554506
25659,Neutral,0.525734862619164,0.06376071410326911,0.41050442327756687
25660,LOF,0.026970852738166153,0.07338057807995696,0.8996485691818769
25661,LOF,0.09595695396891543,0.05346189069120517,0.8505811553398794
25662,LOF,0.033523851298448586,0.029769988921250122,0.9367061597803014
25663,LOF,0.04018083722537562,0.04206293500468664,0.9177562277699378
25664,LOF,0.1451506476992868,0.05497035735291293,0.7998789949478003
25665,LOF,0.05554716856118441,0.0289748305218643,0.9154780009169512
25666,LOF,0.08969974227545885,0.07119805511050503,0.8391022026140361
25667,LOF,0.06736188224213033,0.03541626266418967,0.8972218550936799
25668,LOF,0.038002565705070344,0.04237301121577362,0.919624423079156
25669,LOF,0.035596245628674486,0.049301599982359896,0.9151021543889656
25670,LOF,0.1323082301685986,0.04679644520215935,0.820895324629242
25671,LOF,0.09588693122978666,0.030034136642955223,0.8740789321272581
25672,LOF,0.05486630210944373,0.04075292082239069,0.9043807770681656
25673,LOF,0.08594314069863382,0.03840225370136713,0.8756546055999991
25674,LOF,0.07353025177587519,0.047010049465340285,0.8794596987587846
25675,LOF,0.1252300732807968,0.04889347765058251,0.8258764490686208
25676,LOF,0.01766652906937475,0.046537671527602985,0.9357957994030223
25677,LOF,0.02719013604882838,0.06474449248483843,0.9080653714663333
25678,LOF,0.18703795218816605,0.047093082166610595,0.7658689656452234
25679,LOF,0.12896433459380244,0.06982178968448735,0.8012138757217102
25680,LOF,0.030609733334099967,0.10321100515958093,0.8661792615063191
25681,LOF,0.048690144395501254,0.09531861337706853,0.8559912422274302
25682,LOF,0.13898500172701977,0.05959171833456677,0.8014232799384134
25683,LOF,0.12015352030656794,0.07955262776527564,0.8002938519281564
25684,LOF,0.041959590104794456,0.05995242312592413,0.8980879867692814
25685,LOF,0.1300956136183797,0.05041272778293333,0.819491658598687
25686,LOF,0.07126811738380458,0.09292231330987209,0.8358095693063234
25687,LOF,0.10854399635619945,0.08416465332928341,0.8072913503145172
25688,LOF,0.3189184002303909,0.03366469933288364,0.6474169004367254
25689,LOF,0.2165503348433888,0.04427527641685224,0.739174388739759
25690,LOF,0.3723794638459736,0.030182218119693363,0.597438318034333
25691,Neutral,0.70936028523182,0.021472578954768194,0.2691671358134118
25692,LOF,0.30676232618618815,0.010949457683990057,0.6822882161298218
25693,LOF,0.04333617676108941,0.45812727027462585,0.4985365529642848
25694,LOF,0.12155557701363665,0.019828120177851096,0.8586163028085122
25695,LOF,0.11562851896049303,0.018894338455262363,0.8654771425842446
25696,LOF,0.13481119321771806,0.009345661185731281,0.8558431455965506
25697,LOF,0.1283768924793353,0.02690401074455702,0.8447190967761077
25698,LOF,0.360992484800938,0.21937419215276122,0.41963332304630085
25699,LOF,0.41597299463668824,0.04049211119518256,0.5435348941681292
25700,LOF,0.05158897556382127,0.008078427130205366,0.9403325973059733
25701,LOF,0.1592916085685078,0.049890899763050396,0.7908174916684418
25702,GOF,0.17325166754947705,0.5587596916093027,0.2679886408412202
25703,LOF,0.017773916953047003,0.1547350968828658,0.8274909861640872
25704,LOF,0.04887924434760054,0.11200878083457055,0.8391119748178288
25705,LOF,0.054450069244530684,0.18103354145035438,0.764516389305115
25706,LOF,0.08996965236256765,0.3532670999711787,0.5567632476662536
25707,LOF,0.09017028891884364,0.2900426132613744,0.6197870978197818
25708,LOF,0.03052274416530417,0.2768630213541766,0.6926142344805191
25709,LOF,0.05773644462339298,0.039451392684500854,0.9028121626921062
25710,LOF,0.012087180924655869,0.12201208390071729,0.865900735174627
25711,LOF,0.01888430317678964,0.08944828574011686,0.8916674110830936
25712,LOF,0.013190508522695175,0.1709498591291658,0.815859632348139
25713,LOF,0.018626808134220556,0.07630209213485603,0.9050710997309235
25714,LOF,0.06732607530530184,0.07650408378946338,0.8561698409052347
25715,LOF,0.010437738279297643,0.12941614493709624,0.8601461167836061
25716,LOF,0.015385342974463716,0.09979524174620812,0.8848194152793281
25717,LOF,0.01358043800101527,0.0806625210162604,0.9057570409827245
25718,LOF,0.012019866716929365,0.0951018167841796,0.892878316498891
25719,LOF,0.018043910533458603,0.07678645914278907,0.9051696303237524
25720,LOF,0.020944837973496035,0.06453233295739613,0.9145228290691078
25721,LOF,0.015597230845152984,0.09265217656262541,0.8917505925922216
25722,LOF,0.013083962110059981,0.11012644825422764,0.8767895896357124
25723,LOF,0.0213191764098,0.04248320683062245,0.9361976167595776
25724,LOF,0.023096965068256356,0.07752025895038071,0.899382775981363
25725,LOF,0.011394695425168131,0.06311063776033654,0.9254946668144953
25726,LOF,0.014518786776099754,0.08586117914647921,0.899620034077421
25727,LOF,0.013208841165307576,0.07183896186436216,0.9149521969703301
25728,LOF,0.009571946786753856,0.10164893422511292,0.8887791189881331
25729,LOF,0.010039595487197635,0.10062027416291384,0.8893401303498886
25730,LOF,0.01295575360206588,0.07326306937659793,0.9137811770213362
25731,LOF,0.023180404174261586,0.10835854721373657,0.8684610486120019
25732,LOF,0.014527181603444466,0.08923357468074211,0.8962392437158133
25733,LOF,0.015807161239771515,0.07515397121397704,0.9090388675462514
25734,LOF,0.014006410543250126,0.12513768930123817,0.8608559001555117
25735,LOF,0.013492717532239414,0.076940905787473,0.9095663766802877
25736,LOF,0.013521728883564222,0.11538575082953571,0.8710925202869
25737,LOF,0.021610926635060864,0.07789657863621839,0.9004924947287207
25738,LOF,0.012933636615054868,0.11589748378934868,0.8711688795955965
25739,LOF,0.019815561515803833,0.08136854884623933,0.8988158896379568
25740,LOF,0.02619172986688695,0.09685807748358381,0.8769501926495292
25741,LOF,0.014410234757604043,0.10180677279525047,0.8837829924471455
25742,LOF,0.11015730712556089,0.07816708302978291,0.8116756098446561
25743,LOF,0.03598247424589514,0.028053733515376617,0.9359637922387283
25744,Neutral,0.6079873175117881,0.1829174965181602,0.2090951859700516
25745,LOF,0.0865055450646191,0.06066071637910158,0.8528337385562793
25746,LOF,0.04464281673294203,0.06937935639595062,0.8859778268711074
25747,LOF,0.02333470009378735,0.03570463626685785,0.9409606636393548
25748,LOF,0.11259635170856205,0.05217841135935697,0.835225236932081
25749,LOF,0.030341335185029024,0.06960499341972035,0.9000536713952507
25750,LOF,0.09271327165624557,0.07649922722673118,0.8307875011170233
25751,LOF,0.0992819271457995,0.052043147903596834,0.8486749249506037
25752,GOF,0.10166667407958434,0.6690537218437628,0.2292796040766528
25753,LOF,0.01947525435233366,0.2677684630416952,0.7127562826059712
25754,GOF,0.011085373562963526,0.7675192854852764,0.22139534095176014
25755,LOF,0.02500779993059301,0.384965224751657,0.5900269753177498
25756,LOF,0.041442234169789205,0.36630130235236796,0.5922564634778428
25757,GOF,0.014501240179417854,0.8456244525135306,0.13987430730705147
25758,GOF,0.02931492399617813,0.8102730841269477,0.16041199187687413
25759,GOF,0.011576195139513197,0.5198235346425231,0.4686002702179637
25760,LOF,0.013637000092154718,0.22653196341752752,0.7598310364903178
25761,GOF,0.27424182097302646,0.6137029847998386,0.11205519422713492
25762,LOF,0.03665626658902445,0.25345833712978194,0.7098853962811935
25763,LOF,0.015079935597773724,0.19312430117102247,0.7917957632312037
25764,GOF,0.07624098015643312,0.6284704589003783,0.29528856094318856
25765,GOF,0.04425004043714617,0.7370709476213019,0.21867901194155195
25766,GOF,0.06509700764122694,0.7850316455627945,0.1498713467959784
25767,GOF,0.15718049907027765,0.44020788768533187,0.4026116132443905
25768,LOF,0.08813892655943799,0.07186611338852701,0.839994960052035
25769,LOF,0.06419514571672685,0.06377817461462304,0.8720266796686501
25770,LOF,0.2534533033949467,0.08748068308447435,0.6590660135205788
25771,LOF,0.03932467536201585,0.04619681626710822,0.914478508370876
25772,LOF,0.016157313877480338,0.03483958837374625,0.9490030977487734
25773,LOF,0.04449862701594953,0.09201067882809247,0.8634906941559579
25774,LOF,0.028200295328687678,0.07441288366194622,0.8973868210093662
25775,LOF,0.047368475275706506,0.045872207283554664,0.9067593174407388
25776,LOF,0.0648060247841426,0.029468846591212825,0.9057251286246445
25777,LOF,0.32714887991219704,0.05525842393667461,0.6175926961511283
25778,LOF,0.06424871512540457,0.0520337594498681,0.8837175254247273
25779,GOF,0.3582065384899651,0.601094861446136,0.040698600063898874
25780,GOF,0.2789533152792644,0.649200099803682,0.07184658491705365
25781,GOF,0.13727336838069693,0.7539275757403582,0.10879905587894478
25782,GOF,0.19287079879987135,0.7344682335117811,0.07266096768834739
25783,GOF,0.028641687165806454,0.660547547370523,0.31081076546367037
25784,GOF,0.4736378338883499,0.4868310394677305,0.03953112664391964
25785,GOF,0.45725747568964636,0.5047498372285524,0.037992687081801355
25786,GOF,0.033773981733629374,0.7713738144228052,0.1948522038435654
25787,Neutral,0.6303428429548392,0.34708142405324016,0.0225757329919206
25788,LOF,0.047754480959172105,0.11721702962642748,0.8350284894144003
25789,GOF,0.1957047639222738,0.674655954151201,0.12963928192652516
25790,GOF,0.20596451073683142,0.6924581099488509,0.10157737931431772
25791,GOF,0.14693611287361832,0.6901310464403997,0.16293284068598202
25792,GOF,0.3189642141702003,0.5544113539513706,0.12662443187842906
25793,GOF,0.24413572283552382,0.5586095684707071,0.19725470869376918
25794,GOF,0.30470251632788403,0.543224565107307,0.15207291856480903
25795,GOF,0.07461039614452494,0.7187351778240976,0.20665442603137757
25796,Neutral,0.5327701786711411,0.39484755897081214,0.07238226235804686
25797,GOF,0.07992644587997538,0.5930299823043862,0.32704357181563853
25798,GOF,0.008995587885152359,0.536901907737052,0.45410250437779565
25799,LOF,0.007104882596512086,0.4197126322803615,0.5731824851231264
25800,GOF,0.028638687955684743,0.6126427987919205,0.35871851325239473
25801,GOF,0.20334683647345855,0.6743336426360824,0.12231952089045901
25802,GOF,0.0730470893307023,0.7176479753102453,0.20930493535905242
25803,GOF,0.032867528757594154,0.6159063541429822,0.3512261170994236
25804,GOF,0.030531507513010824,0.5178663957902798,0.45160209669670925
25805,GOF,0.09254962545176852,0.6354633752308586,0.2719869993173728
25806,GOF,0.09027492614171165,0.6072593009469104,0.30246577291137805
25807,GOF,0.01955611930855887,0.6499400479824858,0.3305038327089554
25808,GOF,0.07772917437432647,0.6565650184276455,0.2657058071980281
25809,GOF,0.017887636726993176,0.6058347220955144,0.3762776411774924
25810,GOF,0.016266446565505178,0.6407463365309013,0.3429872169035936
25811,GOF,0.43143948603209403,0.4890902701794442,0.07947024378846185
25812,GOF,0.02884079477355639,0.6613610802515943,0.3097981249748492
25813,Neutral,0.49521059885425595,0.4130156601628317,0.09177374098291237
25814,GOF,0.11509594524975131,0.6656498869417343,0.21925416780851434
25815,GOF,0.19263971905970886,0.6249294679926936,0.1824308129475976
25816,GOF,0.023395515111079044,0.7056068921474593,0.2709975927414616
25817,GOF,0.23058428532678168,0.6380274413038106,0.13138827336940767
25818,GOF,0.05133201837901601,0.7034956068871336,0.2451723747338504
25819,GOF,0.35335968991802724,0.5116859676235711,0.13495434245840165
25820,GOF,0.17406971283706152,0.6245646998211375,0.201365587341801
25821,GOF,0.05484451827645736,0.6967514973742398,0.24840398434930278
25822,GOF,0.2175868334482367,0.5835082876861563,0.19890487886560712
25823,GOF,0.03174368680284719,0.5792294644548882,0.3890268487422646
25824,GOF,0.08462114016383854,0.6438600375727541,0.27151882226340734
25825,GOF,0.03345787311195662,0.6415072864368098,0.32503484045123354
25826,GOF,0.015484260052552032,0.6174811778196759,0.36703456212777213
25827,GOF,0.024736652940292272,0.6410700156987459,0.3341933313609619
25828,GOF,0.012999683262238621,0.5581916337905177,0.42880868294724367
25829,GOF,0.005465392454241609,0.5966422149332868,0.39789239261247156
25830,LOF,0.03244685545176097,0.3247909469683078,0.6427621975799312
25831,GOF,0.19480392429768556,0.697922115249308,0.1072739604530064
25832,GOF,0.02881354066794621,0.7468100195756149,0.22437643975643906
25833,GOF,0.10366871725720618,0.7643398381231619,0.13199144461963194
25834,GOF,0.02751110890724725,0.7655255241852327,0.20696336690752012
25835,GOF,0.058929732045708054,0.7965926002187604,0.1444776677355316
25836,GOF,0.030052499726962778,0.7335218478654915,0.2364256524075458
25837,GOF,0.026871507682790945,0.6436959779919843,0.3294325143252248
25838,GOF,0.08871982038456937,0.7898937105403984,0.1213864690750322
25839,GOF,0.22082141871783123,0.6420542782003488,0.13712430308182003
25840,GOF,0.20957777475643366,0.664274221614384,0.1261480036291824
25841,GOF,0.22364835605496547,0.6531564766522434,0.1231951672927911
25842,GOF,0.13091315837005868,0.7593372618628692,0.10974957976707202
25843,GOF,0.18230655989285077,0.7369478136128335,0.08074562649431581
25844,GOF,0.056528138424446296,0.7534072942441561,0.19006456733139765
25845,GOF,0.014904812216657674,0.5371018911559384,0.4479932966274039
25846,GOF,0.10828263158685028,0.7588787226195411,0.13283864579360874
25847,GOF,0.09538050463460568,0.8142715400481813,0.090347955317213
25848,GOF,0.03503985783007379,0.7393083807264557,0.22565176144347052
25849,GOF,0.01079683670390013,0.6512605644997588,0.3379425987963411
25850,GOF,0.02045170130403333,0.6862633347190639,0.29328496397690285
25851,GOF,0.016826023789930204,0.5765207507573292,0.4066532254527405
25852,GOF,0.1487642381146395,0.573023952792876,0.27821180909248455
25853,GOF,0.33064645573665286,0.6009397432789649,0.06841380098438228
25854,GOF,0.023809392764921024,0.6520402708494126,0.32415033638566626
25855,GOF,0.0318978916984267,0.5820700462879518,0.3860320620136215
25856,GOF,0.24305597984508762,0.5572903949408705,0.19965362521404192
25857,GOF,0.038115684491259696,0.5537161094346079,0.40816820607413234
25858,GOF,0.022385874297021727,0.5625061316957963,0.41510799400718207
25859,GOF,0.011130808714665525,0.539607381094228,0.44926181019110645
25860,GOF,0.35016006069071465,0.5770030606484694,0.07283687866081591
25861,GOF,0.38027244131233345,0.5490503194653612,0.07067723922230527
25862,GOF,0.08206495044541112,0.7917873191160384,0.12614773043855051
25863,GOF,0.07778344983100878,0.790498858434733,0.13171769173425807
25864,GOF,0.1725103160917539,0.7552160496640197,0.0722736342442264
25865,GOF,0.08450991765122087,0.8134231415306437,0.10206694081813553
25866,GOF,0.05635023077743691,0.8034122385849984,0.14023753063756447
25867,GOF,0.08048015168703332,0.8277512232516393,0.09176862506132748
25868,GOF,0.23459341233388117,0.6668658798827095,0.09854070778340944
25869,Neutral,0.6909894611783632,0.2667124220231798,0.04229811679845703
25870,GOF,0.2652556308343258,0.4457461731198806,0.2889981960457937
25871,GOF,0.1978506839704193,0.6834618728295054,0.11868744320007533
25872,GOF,0.07569769766524959,0.673502404796894,0.2507998975378563
25873,GOF,0.10665030778106148,0.7178139051533551,0.17553578706558343
25874,LOF,0.01362011510365449,0.12704224643605963,0.8593376384602858
25875,LOF,0.07894987302770808,0.04267807741459929,0.8783720495576925
25876,LOF,0.034051582994119214,0.02741576225463877,0.9385326547512419
25877,Neutral,0.51134269854323,0.0396905152775196,0.44896678617925045
25878,LOF,0.21704500991595524,0.0910212431858475,0.6919337468981973
25879,LOF,0.08561856414362765,0.09157604167965695,0.8228053941767154
25880,LOF,0.04153381995416975,0.01313253175330252,0.9453336482925276
25881,LOF,0.17595265918699066,0.13110531992238134,0.692942020890628
25882,LOF,0.06072349696436605,0.01748995824002714,0.9217865447956068
25883,LOF,0.0663220180131797,0.017825242702486133,0.9158527392843342
25884,LOF,0.03206457673675208,0.03111191465384774,0.9368235086094001
25885,LOF,0.05831303974569168,0.012344827165115398,0.9293421330891929
25886,LOF,0.2676208608455191,0.03355995132419935,0.6988191878302815
25887,LOF,0.14593272796309142,0.07304328601064373,0.7810239860262649
25888,LOF,0.06400293393081632,0.06358564366769288,0.8724114224014908
25889,LOF,0.04074688594038177,0.021556265777295015,0.9376968482823232
25890,LOF,0.047632262080595046,0.15181380074592812,0.8005539371734769
25891,LOF,0.03904085623710293,0.05326565736449687,0.9076934863984003
25892,LOF,0.08239839868859435,0.02094562806937923,0.8966559732420265
25893,LOF,0.25279536875080516,0.017751097790982627,0.7294535334582122
25894,LOF,0.18449031501786636,0.010186498008077617,0.805323186974056
25895,LOF,0.18534995698501525,0.020140155255007643,0.7945098877599771
25896,LOF,0.05044372046128952,0.020406452819220735,0.9291498267194898
25897,LOF,0.263960094720502,0.012339899324957307,0.7237000059545406
25898,Neutral,0.7109813834766356,0.00936852185365945,0.27965009466970486
25899,LOF,0.2358622613229786,0.022417923010817204,0.7417198156662042
25900,LOF,0.46443857750371853,0.013076020020931835,0.5224854024753497
25901,LOF,0.048215321304682944,0.011221509071454666,0.9405631696238624
25902,LOF,0.158364344674934,0.013074374847461916,0.828561280477604
25903,Neutral,0.5830003890723688,0.02741262273154425,0.38958698819608695
25904,LOF,0.3144479742039203,0.03766906849200408,0.6478829573040756
25905,LOF,0.025190602292830117,0.3238378731928331,0.6509715245143367
25906,LOF,0.030720248213863422,0.06909281452336491,0.9001869372627717
25907,LOF,0.014867389820019868,0.31138937906546194,0.6737432311145182
25908,LOF,0.010169970120170997,0.2517488340728908,0.7380811958069382
25909,LOF,0.01295318325385352,0.10994785839745162,0.8770989583486948
25910,LOF,0.050566208121080404,0.13645684224464055,0.812976949634279
25911,LOF,0.17773853114238145,0.03115277505527602,0.7911086938023425
25912,LOF,0.04402027620722305,0.056720057716841556,0.8992596660759353
25913,LOF,0.340476024823724,0.02210896036110112,0.6374150148151748
25914,LOF,0.019677261402314072,0.04852643595762669,0.9317963026400593
25915,Neutral,0.6006020781278266,0.12937886072661764,0.27001906114555574
25916,LOF,0.07979442482502641,0.16210681826007756,0.7580987569148961
25917,LOF,0.06160111755158352,0.037375027960323624,0.9010238544880929
25918,LOF,0.021733205769808157,0.028425535642857318,0.9498412585873346
25919,LOF,0.018383290082245318,0.031363407440649034,0.9502533024771056
25920,GOF,0.10781448665680052,0.5084627961858348,0.3837227171573646
25921,LOF,0.025505756207317865,0.04008493864358448,0.9344093051490976
25922,LOF,0.03339132555998548,0.028342259485724483,0.9382664149542901
25923,Neutral,0.498571574839434,0.03635535450761983,0.4650730706529462
25924,LOF,0.034729467653236076,0.04684198527904269,0.9184285470677211
25925,LOF,0.0711125369323124,0.04125215164927943,0.8876353114184082
25926,LOF,0.0515263134590042,0.035410094654859746,0.913063591886136
25927,LOF,0.05680276142277321,0.13289260853959012,0.8103046300376368
25928,LOF,0.017242077522523037,0.05154898230135903,0.9312089401761179
25929,Neutral,0.6083320825770686,0.03896112183427146,0.3527067955886599
25930,LOF,0.07226048822558484,0.031267765485826014,0.896471746288589
25931,LOF,0.0233702190420477,0.033682601598724465,0.9429471793592278
25932,LOF,0.026908116513226464,0.027413529216088812,0.9456783542706847
25933,LOF,0.03735386161667501,0.017772452097575758,0.9448736862857492
25934,LOF,0.023479840982032905,0.020332966162999306,0.9561871928549679
25935,LOF,0.06275312486686728,0.05341984383112294,0.8838270313020097
25936,LOF,0.042068938865658545,0.02339339582933904,0.9345376653050024
25937,LOF,0.027072255769049123,0.036634004504909334,0.9362937397260416
25938,LOF,0.06474360793723609,0.05407579044410603,0.8811806016186577
25939,LOF,0.04158757037559488,0.02031797541671903,0.938094454207686
25940,LOF,0.036678979081893735,0.34841007415205916,0.6149109467660472
25941,LOF,0.20546769187913108,0.090901492800427,0.7036308153204419
25942,LOF,0.013665214812058674,0.037364909194444254,0.948969875993497
25943,LOF,0.3292541702732225,0.05371197233903247,0.617033857387745
25944,LOF,0.48842779905639544,0.021448136774405116,0.4901240641691993
25945,LOF,0.07692419894764402,0.021520915446076642,0.9015548856062794
25946,LOF,0.030877440875383667,0.10638245899456683,0.8627401001300495
25947,LOF,0.1262313613620642,0.16712299211403217,0.7066456465239035
25948,LOF,0.3731395362598962,0.0077975565438732465,0.6190629071962306
25949,LOF,0.127212469990608,0.03540946768189643,0.8373780623274956
25950,Neutral,0.34441748127027166,0.33132497542416794,0.3242575433055604
25951,LOF,0.19770856601594147,0.24727509165716122,0.5550163423268972
25952,LOF,0.046278219351530564,0.46197644697310275,0.49174533367536655
25953,LOF,0.14788194116622516,0.11035961931611993,0.741758439517655
25954,Neutral,0.42939633881304085,0.18001227117933533,0.39059139000762383
25955,LOF,0.06222985438638273,0.07309888836449326,0.8646712572491241
25956,LOF,0.15460617213809028,0.11927636218435224,0.7261174656775575
25957,LOF,0.038956711546218645,0.02693950996452485,0.9341037784892564
25958,LOF,0.05317004101066938,0.02510837811390816,0.9217215808754226
25959,LOF,0.0664320167174694,0.31416750200486926,0.6194004812776613
25960,LOF,0.01486721076505771,0.05122783976238844,0.9339049494725538
25961,LOF,0.03990034945266294,0.025064455029057554,0.9350351955182795
25962,LOF,0.05497254380365316,0.023766555337019206,0.9212609008593277
25963,LOF,0.043243636573152326,0.176867824264806,0.7798885391620416
25964,LOF,0.031939982043859234,0.15571333828220962,0.8123466796739311
25965,LOF,0.4181618975855439,0.06476062694969709,0.5170774754647591
25966,Neutral,0.5132416430688209,0.1803579422281325,0.3064004147030465
25967,LOF,0.01664787262652154,0.11433595663851717,0.8690161707349613
25968,LOF,0.03525534393850196,0.3963262302490401,0.5684184258124579
25969,LOF,0.033618461309195866,0.0624879529004095,0.9038935857903947
25970,LOF,0.05998074637658925,0.06245453126542742,0.8775647223579833
25971,LOF,0.06468258929670359,0.02080550766486511,0.9145119030384313
25972,LOF,0.06490053753758718,0.03094291401387514,0.9041565484485377
25973,LOF,0.07560047207649445,0.011425752238641165,0.9129737756848644
25974,LOF,0.17861929282259636,0.01637714336253764,0.805003563814866
25975,LOF,0.04485232583327679,0.029180119331182527,0.9259675548355406
25976,LOF,0.04377629342780653,0.019184642610188807,0.9370390639620048
25977,LOF,0.1619052312722523,0.09563116346137616,0.7424636052663717
25978,LOF,0.15567449284056203,0.09447323205118956,0.7498522751082484
25979,LOF,0.14204313428833984,0.09676967267934912,0.7611871930323111
25980,LOF,0.22343360865548675,0.11542439888882199,0.6611419924556912
25981,LOF,0.25572885210052687,0.11349107463507441,0.6307800732643987
25982,LOF,0.4172146886849324,0.08233541145184956,0.5004498998632181
25983,LOF,0.39875636497849143,0.09039367764994163,0.510849957371567
25984,LOF,0.047832479191311554,0.052541569199696304,0.8996259516089921
25985,LOF,0.03983307767136154,0.26939351743122336,0.690773404897415
25986,LOF,0.04807494253658605,0.3110608354298949,0.6408642220335191
25987,LOF,0.0815900113135245,0.0709481768995896,0.8474618117868858
25988,LOF,0.15642096789463714,0.060703535168865744,0.7828754969364972
25989,LOF,0.03630583572404572,0.1254529944276655,0.8382411698482887
25990,LOF,0.040480403923711,0.15679244474597606,0.8027271513303129
25991,LOF,0.12458881237037177,0.22630610111889132,0.649105086510737
25992,LOF,0.2734625125964491,0.13528128665248132,0.5912562007510695
25993,LOF,0.02255460001034147,0.06879944399376867,0.9086459559958898
25994,LOF,0.018586109875275356,0.0850024282133871,0.8964114619113376
25995,LOF,0.023024379408499156,0.18526230144414207,0.7917133191473588
25996,GOF,0.3271490331933451,0.39384368443749346,0.2790072823691614
25997,LOF,0.09486004649887692,0.3496118463128393,0.5555281071882837
25998,Neutral,0.5216086450181828,0.027104678949002096,0.451286676032815
25999,LOF,0.09223246504570538,0.1037722498365389,0.8039952851177556
26000,LOF,0.13881674849367953,0.0516712697591157,0.8095119817472047
26001,LOF,0.20945709862256143,0.04981211318618022,0.7407307881912584
26002,LOF,0.12790765929140616,0.052099261826350746,0.819993078882243
26003,GOF,0.010694993070825404,0.5913493888647853,0.3979556180643893
26004,GOF,0.019741064473963073,0.687447050814257,0.2928118847117798
26005,LOF,0.0067535919695015136,0.45183293161545557,0.5414134764150429
26006,Neutral,0.48950638952889175,0.2508255924803319,0.25966801799077616
26007,GOF,0.02134080408224338,0.5218020328132991,0.4568571631044575
26008,GOF,0.01984993177920501,0.5851049616312407,0.3950451065895542
26009,GOF,0.02152319263316233,0.6734556599026346,0.30502114746420306
26010,GOF,0.021363391242553223,0.6400079035586265,0.3386287051988204
26011,LOF,0.0067581496730365846,0.43590340850517806,0.5573384418217854
26012,GOF,0.013321757206217397,0.5567915108635852,0.42988673193019733
26013,GOF,0.019429966616030876,0.6090098459141104,0.3715601874698587
26014,LOF,0.04407936886225299,0.12662796490010872,0.8292926662376382
26015,LOF,0.16003150863937646,0.014028370055396087,0.8259401213052273
26016,LOF,0.1917336427963718,0.055260187863090796,0.7530061693405373
26017,LOF,0.21038012821308902,0.09162033077798579,0.6979995410089251
26018,LOF,0.07827778899457524,0.03530080468487699,0.8864214063205477
26019,LOF,0.07592423567514532,0.028020269748138517,0.8960554945767161
26020,LOF,0.06816041534397144,0.1043177634552992,0.8275218212007294
26021,LOF,0.045240652913074185,0.10383064821464938,0.8509286988722765
26022,LOF,0.011924175630527162,0.040993618872064756,0.9470822054974081
26023,LOF,0.06915175864062725,0.022455908188176957,0.9083923331711958
26024,LOF,0.03125195121604495,0.10657920403693619,0.8621688447470188
26025,LOF,0.15215377271048364,0.08866583906046692,0.7591803882290495
26026,LOF,0.3370435985699697,0.026751395324375815,0.6362050061056546
26027,LOF,0.060833911659525536,0.01825358946572688,0.9209124988747476
26028,LOF,0.1691598327636627,0.059757017785094076,0.7710831494512431
26029,LOF,0.0700851703253216,0.1730107795851769,0.7569040500895015
26030,LOF,0.0225032054770612,0.03634449767641401,0.9411522968465247
26031,LOF,0.025411759578890962,0.11713870860019056,0.8574495318209184
26032,LOF,0.0679408300454098,0.05497352327508792,0.8770856466795022
26033,LOF,0.09210641766487311,0.05163638531286025,0.8562571970222667
26034,LOF,0.04306545370272879,0.14765368115183,0.8092808651454413
26035,LOF,0.02531673581742739,0.1326588473442008,0.8420244168383718
26036,LOF,0.037532861617442764,0.15616918992757764,0.8062979484549796
26037,LOF,0.02066749402164917,0.10701044663624826,0.8723220593421026
26038,LOF,0.06422103217362764,0.05586373599411363,0.8799152318322587
26039,LOF,0.04992103450741723,0.13217960560031816,0.8178993598922647
26040,LOF,0.21788805075471032,0.10115513308528801,0.6809568161600018
26041,LOF,0.021438564123785985,0.09581908660321985,0.8827423492729941
26042,LOF,0.01971979513465922,0.0916071154583976,0.8886730894069432
26043,LOF,0.06527576623090826,0.06302396260693885,0.8717002711621529
26044,LOF,0.02004428505336051,0.048042207909595395,0.9319135070370441
26045,LOF,0.06907877735029277,0.08642887170810304,0.8444923509416041
26046,LOF,0.06057127559479413,0.05136856148226372,0.8880601629229422
26047,LOF,0.08059363132919234,0.05334589022605016,0.8660604784447575
26048,LOF,0.0456081345722993,0.03173908455823231,0.9226527808694683
26049,Neutral,0.9679751323773838,0.005688981499438425,0.026335886123178005
26050,Neutral,0.9545239516535927,0.006996380761068735,0.03847966758533849
26051,LOF,0.049048485717797165,0.2587885998406494,0.6921629144415535
26052,LOF,0.06570927335743483,0.3050034053923795,0.6292873212501857
26053,LOF,0.058083014635078235,0.1469243070797536,0.7949926782851683
26054,LOF,0.05200817486322835,0.01746760730423871,0.930524217832533
26055,LOF,0.07124008903116946,0.015052093073264522,0.9137078178955661
26056,LOF,0.06248790875937533,0.01677673014431656,0.920735361096308
26057,LOF,0.029465891408676153,0.012246501291066391,0.9582876073002575
26058,LOF,0.0299703451948327,0.01020904019961502,0.9598206146055522
26059,LOF,0.27804924325534386,0.022344145405910683,0.6996066113387455
26060,LOF,0.04263793710089567,0.18243086528038457,0.7749311976187198
26061,LOF,0.017916132532856902,0.01236630633601699,0.9697175611311262
26062,LOF,0.009550935123815472,0.01800124913840661,0.9724478157377779
26063,LOF,0.018610323722412565,0.01038115036544646,0.9710085259121409
26064,LOF,0.02062303064843829,0.02579416486243862,0.9535828044891231
26065,LOF,0.022813385889022254,0.01190499122053151,0.9652816228904462
26066,LOF,0.019061288719946872,0.01052855091378521,0.9704101603662678
26067,LOF,0.025571723040220096,0.008995882045458146,0.9654323949143218
26068,LOF,0.04723392321826545,0.027704693315765094,0.9250613834659694
26069,LOF,0.25993160359550344,0.017668425828098987,0.7223999705763976
26070,LOF,0.4120054568258089,0.015253421835710454,0.5727411213384807
26071,LOF,0.018952043886805024,0.011694531410923295,0.9693534247022716
26072,LOF,0.018775313594828487,0.017483756444314772,0.9637409299608567
26073,LOF,0.01853900263328618,0.011094121265996624,0.9703668761007171
26074,Neutral,0.9138854975858743,0.0056204900839620904,0.08049401233016355
26075,LOF,0.047286539372984174,0.012580426640470616,0.9401330339865451
26076,LOF,0.036682769069103456,0.00911536566427804,0.9542018652666184
26077,LOF,0.009220244780102532,0.013089680015797418,0.9776900752041001
26078,LOF,0.013941063205623092,0.012160764424835583,0.9738981723695412
26079,LOF,0.0614992932936032,0.014594463724087117,0.9239062429823098
26080,LOF,0.06012251633039448,0.014654448654249377,0.9252230350153562
26081,LOF,0.03397115277187393,0.007249925218858752,0.9587789220092674
26082,LOF,0.013892514799741969,0.013803062026723932,0.9723044231735342
26083,LOF,0.17844203342556972,0.01397049351697477,0.8075874730574555
26084,LOF,0.04141226953156229,0.011973712933350884,0.9466140175350868
26085,LOF,0.0376812975729236,0.011447585840555356,0.950871116586521
26086,LOF,0.019507656167048255,0.011416308610661624,0.9690760352222901
26087,LOF,0.02230461088405175,0.008804321768433524,0.9688910673475147
26088,LOF,0.01652099271951536,0.022864487122298858,0.9606145201581858
26089,LOF,0.044045418186147656,0.02029592691171011,0.9356586549021422
26090,LOF,0.04342061484216618,0.016590252742330388,0.9399891324155034
26091,LOF,0.029757481415593458,0.006404078615492953,0.9638384399689137
26092,LOF,0.020716201224702163,0.008148187964328195,0.9711356108109696
26093,LOF,0.031239930775990847,0.006711000272717976,0.9620490689512913
26094,LOF,0.03376665019099641,0.006294346364548997,0.9599390034444545
26095,LOF,0.04060653031679585,0.013253474066284285,0.9461399956169199
26096,LOF,0.016732397457895752,0.011454596068903429,0.9718130064732008
26097,LOF,0.011212908549068194,0.037424888702888334,0.9513622027480435
26098,LOF,0.07936858216333907,0.011027311786580351,0.9096041060500806
26099,LOF,0.020193524639300124,0.012161744714429483,0.9676447306462703
26100,LOF,0.022309915077133362,0.011895206317005153,0.9657948786058616
26101,LOF,0.0432716860318346,0.01554665222176088,0.9411816617464045
26102,LOF,0.01895886984537204,0.012229923059662412,0.9688112070949655
26103,Neutral,0.8825590061936863,0.0180370068896453,0.0994039869166684
26104,LOF,0.07808089688398219,0.0229168845992522,0.8990022185167655
26105,LOF,0.2001483686424938,0.2771393282076837,0.5227123031498225
26106,LOF,0.16762736862329589,0.122932472536865,0.7094401588398391
26107,LOF,0.217482820498645,0.08836675839872551,0.6941504211026296
26108,LOF,0.2315156327152913,0.10350838207970119,0.6649759852050076
26109,LOF,0.09011469551776917,0.055942680156673114,0.8539426243255577
26110,LOF,0.2094558900135332,0.007314340965140983,0.7832297690213258
26111,Neutral,0.5034276509109269,0.027198786883248706,0.46937356220582444
26112,LOF,0.03265043977247779,0.00715750691287463,0.9601920533146476
26113,LOF,0.06361999153159166,0.015832096452089287,0.9205479120163191
26114,LOF,0.026133228188748248,0.03446262713414301,0.9394041446771089
26115,LOF,0.086348824442511,0.05360497526892345,0.8600462002885655
26116,LOF,0.06227995939620336,0.0622722854836462,0.8754477551201504
26117,LOF,0.4561444079806431,0.0383080276376976,0.5055475643816593
26118,LOF,0.035013300221621815,0.024275255546392253,0.9407114442319859
26119,LOF,0.02237556298282395,0.03402862172309356,0.9435958152940825
26120,LOF,0.024873858081223152,0.019967030031002583,0.9551591118877742
26121,LOF,0.03775811141259361,0.08045964275740458,0.8817822458300019
