feature0,prediction,LoGoFunc_Neutral,LoGoFunc_GOF,LoGoFunc_LOF
25546,Neutral,0.612028075185594,0.054203283592873235,0.3337686412215329
25547,Neutral,0.4828642863119911,0.07721803977914417,0.43991767390886477
25548,Neutral,0.5049479201692294,0.07357160339179242,0.4214804764389781
25549,LOF,0.4304816896343135,0.07604047784204389,0.49347783252364275
25550,LOF,0.38303960267106524,0.09233932575919318,0.5246210715697416
25551,LOF,0.3302823558308377,0.09503123011870664,0.5746864140504556
25552,LOF,0.288856799192962,0.1073460391712169,0.6037971616358212
25553,Neutral,0.7766945565593629,0.0557619924537157,0.16754345098692147
25554,LOF,0.3144209820749368,0.09516360690706613,0.5904154110179971
25555,LOF,0.2610220871849001,0.09633646597395853,0.6426414468411413
25556,LOF,0.43858355333438787,0.08723360360176961,0.4741828430638425
25557,LOF,0.24563009673783331,0.09404641288014212,0.6603234903820245
25558,LOF,0.31145382394760396,0.08927136171830263,0.5992748143340934
25559,LOF,0.2879679247027479,0.03875028862265833,0.6732817866745937
25560,LOF,0.10655191593237048,0.11264617866682806,0.7808019054008014
25561,LOF,0.0930713302096821,0.18313473213513498,0.723793937655183
25562,LOF,0.040673104721258554,0.06378785643503722,0.8955390388437042
25563,LOF,0.008142254666315227,0.15850881167368022,0.8333489336600046
25564,LOF,0.07760220374651428,0.08932348152864146,0.8330743147248442
25565,LOF,0.20846116368069117,0.12226437761060142,0.6692744587087074
25566,GOF,0.07539239618534091,0.7710021099718075,0.15360549384285152
25567,LOF,0.05574610705857213,0.16368764184361773,0.7805662510978102
25568,LOF,0.06246236974405273,0.12369666270185105,0.8138409675540963
25569,LOF,0.06155739124401145,0.11043759344778276,0.8280050153082058
25570,LOF,0.02980458670214158,0.14534753593484231,0.8248478773630161
25571,LOF,0.02893852968760839,0.15362581973056005,0.8174356505818317
25572,LOF,0.06264836817270047,0.23634865239365746,0.7010029794336421
25573,LOF,0.07553803866305595,0.1520034999829439,0.7724584613540002
25574,LOF,0.09695963538134848,0.2554080249583274,0.6476323396603242
25575,LOF,0.027285605344824194,0.1685379634178839,0.8041764312372919
25576,LOF,0.030414284953632766,0.28710979900107275,0.6824759160452946
25577,LOF,0.03338205685572547,0.21227858268424943,0.7543393604600251
25578,LOF,0.28556438871847695,0.09666143278463393,0.6177741784968891
25579,LOF,0.19478829724405056,0.09777745892189688,0.7074342438340525
25580,LOF,0.025693723254812114,0.09473537319116376,0.8795709035540241
25581,LOF,0.04088312254403386,0.13250351354508533,0.8266133639108808
25582,LOF,0.04048887417942676,0.12880109690577776,0.8307100289147955
25583,LOF,0.03568529871257674,0.10626529823440266,0.8580494030530206
25584,Neutral,0.7177113190206419,0.12589752769043872,0.1563911532889196
25585,LOF,0.027747673058584797,0.22575998491087226,0.7464923420305429
25586,LOF,0.024307455298495408,0.12475002970637093,0.8509425149951337
25587,LOF,0.023798190712505222,0.12390809801944375,0.8522937112680511
25588,LOF,0.02930434170922753,0.09438002133088236,0.8763156369598901
25589,Neutral,0.5943746960722529,0.2146395343203706,0.1909857696073765
25590,LOF,0.06334307227027579,0.17725782477706234,0.7593991029526618
25591,LOF,0.0906440795434289,0.1053434832933834,0.8040124371631877
25592,LOF,0.08946259982660869,0.1989148952890769,0.7116225048843143
25593,LOF,0.1598476469213448,0.3282944903150979,0.5118578627635574
25594,LOF,0.04285733316864801,0.060135896053830205,0.8970067707775219
25595,LOF,0.04481848584246725,0.028179584832836675,0.9270019293246962
25596,LOF,0.11842493479076001,0.01603298424252875,0.8655420809667113
25597,LOF,0.08893950297073402,0.019518292184523656,0.8915422048447423
25598,LOF,0.04848991648563342,0.026600033874857567,0.9249100496395091
25599,LOF,0.023612566412122976,0.4075394058947153,0.5688480276931617
25600,LOF,0.16674419113119113,0.38719903852161136,0.44605677034719743
25601,LOF,0.0433749848821869,0.3047301909751538,0.6518948241426593
25602,LOF,0.029997356121242946,0.0825457653308381,0.887456878547919
25603,LOF,0.05709705603274819,0.0689895564736985,0.8739133874935533
25604,LOF,0.056796567694355066,0.13738080927460042,0.8058226230310446
25605,LOF,0.05285945508172422,0.1641350314753809,0.7830055134428948
25606,Neutral,0.41684598366670866,0.24539553362758126,0.33775848270571
25607,LOF,0.03275822238067642,0.22744690865263523,0.7397948689666884
25608,LOF,0.05212246229867774,0.09122752284252675,0.8566500148587954
25609,GOF,0.1949941039412974,0.5437531514951072,0.26125274456359543
25610,LOF,0.02454724777171742,0.08992103481037707,0.8855317174179056
25611,LOF,0.016325804401138667,0.09635025269257232,0.887323942906289
25612,LOF,0.07484800459344984,0.1081046567199534,0.8170473386865967
25613,LOF,0.06141271985746603,0.11110470102431161,0.8274825791182223
25614,LOF,0.02816280802721125,0.08984890148696152,0.8819882904858272
25615,LOF,0.0634176246472536,0.088514234975107,0.8480681403776394
25616,LOF,0.07723389388839687,0.10060854465577901,0.8221575614558242
25617,LOF,0.05707348703490177,0.10988345704042282,0.8330430559246755
25618,LOF,0.06574079440082803,0.19596210105707565,0.7382971045420964
25619,LOF,0.015579216331569959,0.14045634397940018,0.8439644396890299
25620,LOF,0.05249518909248122,0.10985186253468178,0.837652948372837
25621,LOF,0.0860266849099828,0.10412234446757453,0.8098509706224426
25622,LOF,0.09487767710936404,0.11967044480058298,0.7854518780900529
25623,LOF,0.08332839409298902,0.08493546862314899,0.831736137283862
25624,LOF,0.026253577968305814,0.08616156951125341,0.8875848525204407
25625,LOF,0.07947948322131597,0.10024902660181088,0.8202714901768732
25626,LOF,0.06220970751876933,0.10707683572549886,0.8307134567557318
25627,Neutral,0.8771472240678193,0.028303684749176862,0.09454909118300378
25628,LOF,0.1858753775998026,0.06793240710978933,0.746192215290408
25629,LOF,0.06413712784247047,0.07515105139619467,0.860711820761335
25630,LOF,0.2815136659442932,0.07746609195811309,0.6410202420975937
25631,Neutral,0.5010345819345976,0.0577298824843168,0.4412355355810857
25632,LOF,0.02648308129311225,0.15137796548383428,0.8221389532230535
25633,LOF,0.19501794934154146,0.08302947538284892,0.7219525752756096
25634,LOF,0.04023951375004944,0.13002796266907377,0.8297325235808769
25635,LOF,0.03330395170464658,0.06196776970227291,0.9047282785930805
25636,GOF,0.03233612615170577,0.5443454409611095,0.4233184328871847
25637,GOF,0.03814243406161369,0.5203990737367791,0.4414584922016072
25638,LOF,0.022108067996279145,0.4303313202843853,0.5475606117193356
25639,LOF,0.03139562388076342,0.41227867543603774,0.556325700683199
25640,Neutral,0.78794205129139,0.15849960471218486,0.05355834399642508
25641,LOF,0.1369570978518848,0.33645220820637506,0.5265906939417401
25642,LOF,0.12448084535403539,0.2120858030070246,0.6634333516389399
25643,LOF,0.4043697465245917,0.0841167888882986,0.5115134645871097
25644,GOF,0.008107014742173874,0.7402531948809549,0.25163979037687134
25645,GOF,0.00959006560674332,0.7213179367306932,0.2690919976625635
25646,LOF,0.016941596795175616,0.47806130199397046,0.5049971012108538
25647,LOF,0.008556191123657467,0.3534596691716934,0.637984139704649
25648,LOF,0.013763647891330787,0.43709028087039026,0.549146071238279
25649,LOF,0.008832193961003846,0.2992978349950926,0.6918699710439036
25650,GOF,0.031163732698997377,0.6458003702584354,0.32303589704256713
25651,LOF,0.009754647754191484,0.44803552839413613,0.5422098238516725
25652,GOF,0.00850582794836535,0.4998697647972035,0.4916244072544312
25653,GOF,0.03434358396896288,0.7019748120948766,0.26368160393616064
25654,LOF,0.010928128080635752,0.3886554823116355,0.6004163896077287
25655,GOF,0.11540872680459364,0.7243817044906409,0.16020956870476558
25656,LOF,0.1887031972953204,0.09829457685753776,0.7130022258471419
25657,LOF,0.031010165919970502,0.10553700602100087,0.8634528280590288
25658,LOF,0.2069875594682724,0.15684409291158039,0.6361683476201473
25659,LOF,0.30774465736419193,0.22655664208682438,0.46569870054898366
25660,LOF,0.021580391043583377,0.13806211956628378,0.8403574893901328
25661,LOF,0.06134538741869511,0.08535819603217223,0.8532964165491327
25662,LOF,0.025739188899411358,0.05233833516524695,0.9219224759353417
25663,LOF,0.029990721372993422,0.0485095450713032,0.9214997335557034
25664,LOF,0.08567583482943723,0.08054402754969478,0.833780137620868
25665,LOF,0.04616601618318721,0.04724266438536125,0.9065913194314517
25666,LOF,0.06926567583611479,0.06451996739968827,0.866214356764197
25667,LOF,0.053062253753528674,0.057159563422582604,0.8897781828238887
25668,LOF,0.025749680536253993,0.07074275610527994,0.9035075633584662
25669,LOF,0.017932872687653534,0.0638377596253295,0.918229367687017
25670,LOF,0.11915507296730697,0.056373968345413514,0.8244709586872796
25671,LOF,0.0770851750470595,0.05042030068242844,0.8724945242705121
25672,LOF,0.037561043802743575,0.07403893903651294,0.8884000171607435
25673,LOF,0.07021011235576625,0.05383440672660332,0.8759554809176303
25674,LOF,0.06517001407789574,0.07159657031430076,0.8632334156078034
25675,LOF,0.06167022068104175,0.08351030091917608,0.8548194783997822
25676,LOF,0.015017658996424687,0.07773099760758022,0.907251343395995
25677,LOF,0.014076733838971591,0.10010656093277097,0.8858167052282574
25678,LOF,0.17691561658551083,0.09059929569391292,0.7324850877205762
25679,LOF,0.10772395485270672,0.10869831379713103,0.7835777313501622
25680,LOF,0.01892130502385233,0.14501659518821503,0.8360620997879326
25681,LOF,0.029840192837791858,0.13023177878563963,0.8399280283765685
25682,LOF,0.09215013516150096,0.09057319547436989,0.817276669364129
25683,LOF,0.0877519121162784,0.10522295002776118,0.8070251378559604
25684,LOF,0.022388448356750766,0.08506699981692521,0.8925445518263241
25685,LOF,0.10407482780712342,0.14321146705470875,0.7527137051381678
25686,LOF,0.05316971009269105,0.2800798123726393,0.6667504775346696
25687,LOF,0.10223040377198989,0.24059261845134597,0.6571769777766641
25688,LOF,0.4370272778061757,0.02116600583365276,0.5418067163601716
25689,LOF,0.2480656221363564,0.02788089508155022,0.7240534827820934
25690,LOF,0.3567020204588878,0.017503082515089845,0.6257948970260223
25691,Neutral,0.7457954743688505,0.017087187921993957,0.23711733770915538
25692,LOF,0.34687162837270763,0.00934540373224318,0.6437829678950493
25693,LOF,0.04588365402476699,0.44770760561843115,0.5064087403568018
25694,LOF,0.10130457037854575,0.02156148433495756,0.8771339452864968
25695,LOF,0.10612692668198914,0.009374318213403014,0.8844987551046077
25696,LOF,0.09715287445306243,0.022574079031213293,0.8802730465157244
25697,LOF,0.04642215988125803,0.07652052803974328,0.8770573120789988
25698,LOF,0.2783130485794918,0.2124595161237895,0.5092274352967188
25699,LOF,0.33619099193851254,0.06262625402475151,0.6011827540367358
25700,LOF,0.053562619019702946,0.0132112985006316,0.9332260824796654
25701,LOF,0.14579235075275393,0.054827538637542104,0.7993801106097039
25702,GOF,0.23870606569116806,0.6269610092893029,0.1343329250195291
25703,LOF,0.018583737382372244,0.1941304211764487,0.7872858414411791
25704,LOF,0.03589168400250247,0.16540397315182312,0.7987043428456744
25705,LOF,0.03053547445874701,0.09530994588142516,0.8741545796598277
25706,GOF,0.11155995549988465,0.48020633609512775,0.4082337084049877
25707,LOF,0.10515285846921096,0.33985445193241043,0.5549926895983786
25708,LOF,0.04469113443844464,0.41223618678569346,0.543072678775862
25709,LOF,0.06665627121577504,0.054694828747861184,0.8786489000363638
25710,LOF,0.018732162788562122,0.1801750992457757,0.8010927379656622
25711,LOF,0.01874856077510845,0.10218791475431387,0.8790635244705777
25712,LOF,0.018027894722948905,0.21719219326175773,0.7647799120152934
25713,LOF,0.017581055080369487,0.0818948490141708,0.9005240959054598
25714,LOF,0.0706361001783567,0.07602089523195059,0.8533430045896927
25715,LOF,0.01147060276264782,0.13656901283627565,0.8519603844010766
25716,LOF,0.013887060406293273,0.13939279392724663,0.8467201456664601
25717,LOF,0.019873594920932356,0.10115292155020796,0.8789734835288597
25718,LOF,0.010969184634766737,0.06547739590354405,0.9235534194616892
25719,LOF,0.0230397870258372,0.10891499475169869,0.8680452182224642
25720,LOF,0.028975243869070366,0.05803206381514972,0.9129926923157798
25721,LOF,0.011222282391343744,0.10096742999172148,0.8878102876169348
25722,LOF,0.012947547731427922,0.08732572357880221,0.8997267286897699
25723,LOF,0.023491445253079248,0.060676415308211724,0.915832139438709
25724,LOF,0.035251508292525185,0.11662736708194958,0.8481211246255254
25725,LOF,0.010951786075502989,0.10193552528834827,0.8871126886361487
25726,LOF,0.01626656535935206,0.14525773228451688,0.838475702356131
25727,LOF,0.01394095691699468,0.08885513170727868,0.8972039113757266
25728,LOF,0.01061201809751545,0.12131615132925767,0.8680718305732268
25729,LOF,0.010842914980570275,0.11870628592241807,0.8704507990970117
25730,LOF,0.014455840683688033,0.11424393595100038,0.8713002233653115
25731,LOF,0.021291097735544946,0.1576891299913847,0.8210197722730704
25732,LOF,0.014278736535255583,0.05559997413259107,0.9301212893321534
25733,LOF,0.015287499715962287,0.07778745397101554,0.9069250463130222
25734,LOF,0.01381895080055821,0.17965912000365925,0.8065219291957826
25735,LOF,0.010733879345182419,0.07572509183575285,0.9135410288190646
25736,LOF,0.012108772622851201,0.07454589058851711,0.9133453367886316
25737,LOF,0.012989567312308633,0.10955562648300245,0.8774548062046889
25738,LOF,0.011941498441259264,0.10443543645567169,0.883623065103069
25739,LOF,0.01884777122407617,0.0951524373717091,0.8859997914042148
25740,LOF,0.03009201640895908,0.11080966132512614,0.8590983222659148
25741,LOF,0.014001420586594633,0.11642192921296914,0.8695766502004363
25742,LOF,0.09950190590781448,0.08890631397341558,0.8115917801187699
25743,LOF,0.048789831913358436,0.05677319107417155,0.8944369770124699
25744,Neutral,0.6165294428683022,0.23277235879063973,0.15069819834105805
25745,LOF,0.059571294616614284,0.0717873035317187,0.868641401851667
25746,LOF,0.039354644020079224,0.11669191907463448,0.8439534369052862
25747,LOF,0.018872243032802195,0.12533015738220576,0.855797599584992
25748,LOF,0.09381861498771261,0.17287546633562445,0.733305918676663
25749,LOF,0.02758893587079927,0.09902533767732602,0.8733857264518746
25750,LOF,0.06607430623403937,0.10613631333884023,0.8277893804271204
25751,LOF,0.11402845756867311,0.15563418581004845,0.7303373566212783
25752,GOF,0.13554398078773144,0.6518161175165721,0.21263990169569663
25753,LOF,0.03475639817910506,0.4098854995179432,0.5553581023029518
25754,GOF,0.02675370654906255,0.7695600111806217,0.20368628227031588
25755,LOF,0.03619286620873362,0.35286153044036883,0.6109456033508975
25756,LOF,0.07202121625900232,0.4337082846162785,0.4942704991247192
25757,GOF,0.02181096488061347,0.84776104781522,0.1304279873041665
25758,GOF,0.031661350318926376,0.816938079950097,0.15140056973097654
25759,GOF,0.01684654988967021,0.6922357593420657,0.29091769076826407
25760,LOF,0.021219235600768813,0.4178578380947221,0.5609229263045091
25761,GOF,0.29335098717131414,0.6112609348336463,0.0953880779950396
25762,LOF,0.06106837232731702,0.4069623195461823,0.5319693081265007
25763,LOF,0.019111559816245596,0.33990371922214924,0.6409847209616052
25764,GOF,0.07233712694550042,0.7327184885462292,0.19494438450827037
25765,GOF,0.04450105445850877,0.7841203109133591,0.1713786346281322
25766,GOF,0.10437459543869125,0.7434209237992856,0.15220448076202303
25767,GOF,0.1298443732668278,0.489836995163447,0.3803186315697253
25768,LOF,0.0932407380120108,0.0390815382137194,0.8676777237742698
25769,LOF,0.04621131008108477,0.07051017498770437,0.8832785149312108
25770,LOF,0.39954379934546175,0.10600233467100297,0.49445386598353536
25771,LOF,0.06557787447835042,0.04513798431635382,0.8892841412052958
25772,LOF,0.01755198156046921,0.05137447503719297,0.9310735434023377
25773,LOF,0.07179908074717149,0.0463225533074524,0.8818783659453762
25774,LOF,0.025700405752237296,0.1370468521526231,0.8372527420951396
25775,LOF,0.0853462774629743,0.03859919526897235,0.8760545272680533
25776,LOF,0.06634736212545193,0.032155803360588875,0.9014968345139592
25777,Neutral,0.546196768221021,0.07763308706315054,0.37617014471582844
25778,LOF,0.05814995139384259,0.047853286081000805,0.8939967625251566
25779,GOF,0.40302991860986526,0.5458793586101686,0.051090722779966215
25780,GOF,0.33993714458473473,0.5698259178143006,0.0902369376009648
25781,GOF,0.12201855422169669,0.7577681167686953,0.12021332900960799
25782,GOF,0.1871981922539209,0.6992023468890384,0.1135994608570407
25783,GOF,0.024328559337387083,0.6860947950442514,0.28957664561836144
25784,Neutral,0.5202076182131031,0.41822656996621155,0.061565811820685365
25785,Neutral,0.5082067857816716,0.4174342838498705,0.07435893036845795
25786,GOF,0.026803282874641062,0.7358012192121444,0.23739549791321451
25787,Neutral,0.6907293531733639,0.26329792892246257,0.04597271790417347
25788,LOF,0.05307379341084903,0.0840619341074285,0.8628642724817225
25789,GOF,0.21904435873374845,0.6384826382812483,0.14247300298500332
25790,GOF,0.2825614816790983,0.5737918877980499,0.14364663052285187
25791,GOF,0.14053132767212256,0.6149204849076805,0.2445481874201969
25792,GOF,0.3282644853322963,0.47295912363507814,0.1987763910326256
25793,GOF,0.24826427417723568,0.45599001716147036,0.29574570866129396
25794,GOF,0.29430130069218446,0.4891223611585743,0.21657633814924135
25795,GOF,0.06416186954908373,0.640161627646422,0.2956765028044941
25796,Neutral,0.4769459927511504,0.4256750130627507,0.09737899418609883
25797,GOF,0.074629975491343,0.5461919213152395,0.3791781031934176
25798,GOF,0.011154944399169359,0.5614687794634016,0.4273762761374291
25799,GOF,0.009670482858467219,0.4971448083128173,0.49318470882871546
25800,GOF,0.03534653298616342,0.6551389567979976,0.3095145102158388
25801,GOF,0.22211483444088562,0.6576100320953743,0.12027513346374008
25802,GOF,0.06431055091022894,0.6746141182066655,0.26107533088310564
25803,GOF,0.04859130448620207,0.5944373878531214,0.3569713076606766
25804,GOF,0.03757315961455597,0.5128872505760289,0.449539589809415
25805,GOF,0.10756901426538837,0.5380825596707133,0.3543484260638984
25806,GOF,0.13420788298446207,0.593209478341076,0.27258263867446203
25807,GOF,0.018795205424750026,0.6013177880341767,0.3798870065410732
25808,GOF,0.10029074968628128,0.5492499848390346,0.3504592654746841
25809,GOF,0.019140207108256962,0.5624612100118881,0.4183985828798549
25810,GOF,0.02066007670007687,0.5582036718059665,0.42113625149395645
25811,GOF,0.4404249193077613,0.4807947465598458,0.07878033413239291
25812,GOF,0.038352178297498055,0.6371110786498558,0.32453674305264607
25813,Neutral,0.5602794910293897,0.31429481983502006,0.12542568913559024
25814,GOF,0.13450468108724867,0.6090086739867404,0.256486644926011
25815,GOF,0.2542202353508192,0.5751918738916115,0.17058789075756925
25816,GOF,0.01884000798537445,0.6497735084650328,0.33138648354959277
25817,GOF,0.1831441429876747,0.6656847800776712,0.1511710769346541
25818,GOF,0.039416055071972385,0.5970891130240426,0.36349483190398507
25819,GOF,0.3524603453441216,0.4636973317920655,0.183842322863813
25820,GOF,0.1907513694442863,0.5870877216067254,0.22216090894898824
25821,GOF,0.06372467516994723,0.6672001080730053,0.2690752167570474
25822,GOF,0.24190416013790378,0.5344985964647337,0.22359724339736242
25823,GOF,0.04256280925677307,0.5283167896668995,0.4291204010763275
25824,GOF,0.08632125179630828,0.5318813746493447,0.381797373554347
25825,GOF,0.03299109021487435,0.5417427982284917,0.425266111556634
25826,GOF,0.012191330418952167,0.5331978883671473,0.4546107812139004
25827,GOF,0.0224124216928286,0.565422701447218,0.41216487685995357
25828,LOF,0.015254916859047667,0.4912109478063604,0.4935341353345919
25829,GOF,0.008887496944695114,0.5594672969449392,0.4316452061103657
25830,LOF,0.03713055942114,0.2574030250663619,0.7054664155124981
25831,GOF,0.1459585320470475,0.6978978924393392,0.15614357551361327
25832,GOF,0.04024189177723227,0.6992989427283759,0.26045916549439196
25833,GOF,0.1215821811078696,0.6790039761879594,0.19941384270417092
25834,GOF,0.04468961111729899,0.702918382489321,0.25239200639337994
25835,GOF,0.09917219390732436,0.6265684459387673,0.27425936015390845
25836,GOF,0.056865488165505206,0.6712043666826273,0.27193014515186764
25837,GOF,0.027540414417049856,0.5281704875887827,0.44428909799416744
25838,GOF,0.09674552731128637,0.6930906019384674,0.21016387075024617
25839,GOF,0.2979038758401515,0.496539913127778,0.20555621103207058
25840,GOF,0.21561672858631845,0.5701232127770716,0.21426005863661007
25841,GOF,0.25770609480627893,0.5392027024916101,0.2030912027021111
25842,GOF,0.16287297257582503,0.6300684811689633,0.2070585462552117
25843,GOF,0.21857771627098113,0.6273925762708609,0.15402970745815794
25844,GOF,0.06271028747404282,0.6585678123125807,0.27872190021337656
25845,GOF,0.01601248081883535,0.528556648099387,0.45543087108177766
25846,GOF,0.09351775151186764,0.7041804266037013,0.20230182188443094
25847,GOF,0.1104779091168352,0.711540379055602,0.17798171182756284
25848,GOF,0.047607557765128705,0.6568013833925042,0.2955910588423671
25849,GOF,0.014195093925319658,0.5647896243664248,0.42101528170825553
25850,GOF,0.02753753029234026,0.6460234030426603,0.32643906666499956
25851,GOF,0.025585610409531744,0.546261928597437,0.4281524609930313
25852,GOF,0.14120893548364546,0.5439060696074294,0.31488499490892524
25853,GOF,0.30040910648874564,0.5853267445627418,0.11426414894851256
25854,GOF,0.02104437959697805,0.699242210625057,0.27971340977796494
25855,GOF,0.04239004637271797,0.624827922173122,0.3327820314541601
25856,GOF,0.20088275266572203,0.6001417922686505,0.19897545506562747
25857,GOF,0.03585729184678332,0.5738286379818551,0.39031407017136155
25858,GOF,0.019412393639855686,0.6197392347185069,0.3608483716416374
25859,GOF,0.010680283260353224,0.606516008524683,0.38280370821496384
25860,GOF,0.2762929045840441,0.6082495824116048,0.11545751300435114
25861,GOF,0.2919013374822322,0.607323532483919,0.10077513003384876
25862,GOF,0.06566131283598421,0.7680547405680496,0.16628394659596624
25863,GOF,0.0708759097344789,0.7746975124948836,0.15442657777063748
25864,GOF,0.14211280122899864,0.7364775350525855,0.12140966371841591
25865,GOF,0.06785754836393394,0.763930667539989,0.16821178409607707
25866,GOF,0.06236002837416851,0.7952676918169992,0.14237227980883232
25867,GOF,0.07777228074482209,0.7927846638016147,0.12944305545356327
25868,GOF,0.18092174107906253,0.6794810369052147,0.1395972220157228
25869,Neutral,0.6453143550311373,0.29725604313468446,0.05742960183417824
25870,LOF,0.2381331237527829,0.2719489752112678,0.48991790103594934
25871,GOF,0.1695193832744437,0.6765762264983578,0.15390439022719854
25872,GOF,0.08644341129515966,0.6190821949737525,0.29447439373108786
25873,GOF,0.1521321329212478,0.606323968371601,0.24154389870715123
25874,LOF,0.022113205097870233,0.08933699231753567,0.8885498025845942
25875,LOF,0.04664454093620966,0.20651139522293413,0.7468440638408562
25876,LOF,0.020237599238322523,0.13166819688163414,0.8480942038800433
25877,LOF,0.38203667421623566,0.22525932764669035,0.39270399813707396
25878,LOF,0.13377555801855542,0.32264386789181654,0.543580574089628
25879,LOF,0.06896484985897508,0.3132997520353051,0.61773539810572
25880,LOF,0.020788637775264573,0.05601643680033112,0.9231949254244043
25881,LOF,0.21742390309148965,0.16774132093851632,0.614834775969994
25882,LOF,0.0708737349049722,0.023363010387591955,0.9057632547074358
25883,LOF,0.07952253945596371,0.03852476242658868,0.8819526981174477
25884,LOF,0.04465494489685373,0.04723568828542089,0.9081093668177252
25885,LOF,0.05774345157071281,0.026441152030127958,0.9158153963991592
25886,LOF,0.34552810631167963,0.10587110958984162,0.5486007840984787
25887,LOF,0.20354387423173265,0.17041271852786513,0.6260434072404023
25888,LOF,0.08293546940744868,0.0904792721007456,0.8265852584918058
25889,LOF,0.03469527431900356,0.054666739265473545,0.9106379864155228
25890,LOF,0.06665875198330928,0.1266642036776564,0.8066770443390344
25891,LOF,0.06258593112840857,0.06408008674114082,0.8733339821304507
25892,LOF,0.09597369331234588,0.039535826999482306,0.8644904796881718
25893,LOF,0.31116451435465997,0.0296158414813706,0.6592196441639695
25894,LOF,0.19204516062509772,0.011437338577916118,0.7965175007969861
25895,LOF,0.23532668434815218,0.021877131284144206,0.7427961843677036
25896,LOF,0.04670352040361359,0.023338114129169262,0.9299583654672172
25897,LOF,0.2431233272148068,0.03483706198554885,0.7220396107996443
25898,Neutral,0.8021974509220504,0.021839898645837363,0.17596265043211223
25899,LOF,0.21110093028887672,0.06134049820334515,0.7275585715077781
25900,Neutral,0.5947157933251517,0.019667181114096113,0.38561702556075217
25901,LOF,0.044532226424844994,0.014687801467474228,0.9407799721076808
25902,LOF,0.1752866799303614,0.017615992470922864,0.8070973275987158
25903,Neutral,0.628194555780241,0.06922952147077534,0.30257592274898365
25904,LOF,0.2683041757343745,0.042223139155313574,0.6894726851103119
25905,LOF,0.04081971513283369,0.3599014098199378,0.5992788750472285
25906,LOF,0.024404359648148907,0.06229323277925124,0.9133024075725998
25907,LOF,0.012591107902878837,0.40515625153601803,0.5822526405611032
25908,LOF,0.013862121363416219,0.26099509964320944,0.7251427789933743
25909,LOF,0.01692533641871778,0.11992833649920909,0.8631463270820731
25910,LOF,0.025626359582218736,0.37121810202043387,0.6031555383973475
25911,LOF,0.0571396305012378,0.07061537563637071,0.8722449938623914
25912,LOF,0.027601990127582014,0.14898627239457102,0.8234117374778469
25913,LOF,0.2202205624851485,0.048688171986561786,0.7310912655282897
25914,LOF,0.022279231472386685,0.07960787819272877,0.8981128903348845
25915,Neutral,0.45592895516235593,0.2597873315299477,0.28428371330769636
25916,LOF,0.033639663932058715,0.45975755636352905,0.5066027797044121
25917,LOF,0.04488919379572605,0.05319932926279795,0.9019114769414761
25918,LOF,0.02688944266057654,0.04941573588732609,0.9236948214520972
25919,LOF,0.02482570729056657,0.053341422522757476,0.9218328701866758
25920,GOF,0.1236235156479158,0.5452830057487879,0.33109347860329635
25921,LOF,0.03405207564802868,0.0282289558324354,0.9377189685195358
25922,LOF,0.046022655262998785,0.020607862858306812,0.9333694818786945
25923,LOF,0.38933983378852766,0.02409543106554717,0.5865647351459251
25924,LOF,0.04540274091088154,0.026817402886400075,0.9277798562027183
25925,LOF,0.06968764275502545,0.03430329083525635,0.8960090664097182
25926,LOF,0.05310174392328973,0.02183772088574044,0.9250605351909698
25927,LOF,0.0798015909567895,0.051357654689667825,0.8688407543535428
25928,LOF,0.025377666360981165,0.021701340507047848,0.9529209931319711
25929,Neutral,0.5398594108790169,0.029328414109317125,0.43081217501166597
25930,LOF,0.06465668630665714,0.018015024722715604,0.9173282889706271
25931,LOF,0.0332361566549769,0.01834435137811583,0.9484194919669073
25932,LOF,0.028080401105509665,0.01667780657004628,0.9552417923244442
25933,LOF,0.037470090205068536,0.010759951588144008,0.9517699582067874
25934,LOF,0.026070619087227572,0.015110474253381885,0.9588189066593905
25935,LOF,0.06587820552081129,0.03478317219937861,0.8993386222798101
25936,LOF,0.04358440104344425,0.018985433643367224,0.9374301653131886
25937,LOF,0.03529879628872374,0.02403200362484746,0.9406692000864288
25938,LOF,0.06230696126609953,0.04559945133537402,0.8920935873985265
25939,LOF,0.04046375650864477,0.011496407795028562,0.9480398356963265
25940,GOF,0.02395706593398679,0.4972308780277926,0.4788120560382207
25941,LOF,0.17903127597433946,0.06427889822578586,0.7566898257998748
25942,LOF,0.016499358222679145,0.032074084454788314,0.9514265573225326
25943,LOF,0.385428845075558,0.053762663516842925,0.560808491407599
25944,Neutral,0.4882039526860037,0.03260144244970722,0.479194604864289
25945,LOF,0.08068644490192363,0.030356474356620682,0.8889570807414557
25946,LOF,0.045004116832832786,0.10853246044873989,0.8464634227184273
25947,LOF,0.1694418298439009,0.1946493376411772,0.6359088325149218
25948,LOF,0.4107364955510941,0.013146552210393986,0.576116952238512
25949,LOF,0.1320514272779565,0.04372099487695977,0.8242275778450838
25950,GOF,0.22994774226225323,0.487556328438411,0.28249592929933576
25951,LOF,0.2324824572006357,0.12723775654815103,0.6402797862512133
25952,LOF,0.05204292126384261,0.44009512744970025,0.5078619512864572
25953,LOF,0.1498647021969078,0.1025343655041026,0.7476009322989896
25954,Neutral,0.38183016989513296,0.25452816132599604,0.36364166877887105
25955,LOF,0.07422546728279879,0.10846308142162348,0.8173114512955778
25956,LOF,0.2317196965209451,0.03437786025027346,0.7339024432287815
25957,LOF,0.05006396758856314,0.014859085380574203,0.9350769470308626
25958,LOF,0.06324930218715695,0.02413223439788327,0.9126184634149598
25959,LOF,0.10972655377607009,0.2872713666100992,0.6030020796138307
25960,LOF,0.02784497436147938,0.05076816503236186,0.9213868606061588
25961,LOF,0.05431449124545517,0.03540479161819918,0.9102807171363457
25962,LOF,0.05943037470470327,0.04048170168417899,0.9000879236111178
25963,LOF,0.059777449549055756,0.1566568649295613,0.783565685521383
25964,LOF,0.03372584648881914,0.13879765053184626,0.8274765029793346
25965,Neutral,0.5493429014157951,0.04990958664014995,0.4007475119440549
25966,LOF,0.2968326027864713,0.3409301421161463,0.36223725509738236
25967,LOF,0.014219908116862901,0.13655076082631665,0.8492293310568204
25968,LOF,0.04410250935059031,0.4472201702628415,0.5086773203865682
25969,LOF,0.021202583569375707,0.07042139901230358,0.9083760174183206
25970,LOF,0.06499777936635778,0.04057988913839892,0.8944223314952433
25971,LOF,0.08406428729594179,0.017994000298628212,0.89794171240543
25972,LOF,0.08262504395888841,0.020536426895331732,0.8968385291457799
25973,LOF,0.08375215762310777,0.012732725694400848,0.9035151166824914
25974,LOF,0.3226020623267765,0.03657598927064703,0.6408219484025766
25975,LOF,0.04760332260520694,0.034205780329861886,0.9181908970649312
25976,LOF,0.03694240886858123,0.025071717789013306,0.9379858733424055
25977,LOF,0.13514214988025064,0.11109531462786615,0.7537625354918832
25978,LOF,0.17196162593359043,0.09717142278385335,0.7308669512825562
25979,LOF,0.15412618275117768,0.07889739690191849,0.7669764203469038
25980,LOF,0.19814460808592038,0.16979109925954394,0.6320642926545357
25981,LOF,0.24116759214384098,0.157831430013422,0.6010009778427371
25982,LOF,0.43589381710150266,0.08460557430441809,0.4795006085940791
25983,LOF,0.3966362732731994,0.07519760087528093,0.5281661258515196
25984,LOF,0.043903288701884785,0.0909928305409567,0.8651038807571586
25985,LOF,0.022316749798368576,0.2828533305927625,0.6948299196088689
25986,LOF,0.02852415286083662,0.294109308593394,0.6773665385457693
25987,LOF,0.08679116665315562,0.07318960689132893,0.8400192264555155
25988,LOF,0.09364157377090417,0.06983559346011932,0.8365228327689765
25989,LOF,0.0231889146212329,0.10429260677168616,0.8725184786070809
25990,LOF,0.032072775780010186,0.09253246717015111,0.8753947570498388
25991,LOF,0.2286945300241939,0.30136090667429777,0.46994456330150836
25992,Neutral,0.4276463036897527,0.17366656604644,0.3986871302638072
25993,LOF,0.03313208318792168,0.059659770304064365,0.9072081465080141
25994,LOF,0.020782070189408277,0.08088066580946932,0.8983372640011225
25995,LOF,0.03768321449901789,0.07586942432618644,0.8864473611747956
25996,GOF,0.3041698710799828,0.40487305679590424,0.2909570721241129
25997,LOF,0.1180340664797313,0.43651046310561237,0.4454554704146563
25998,Neutral,0.5308809530736359,0.029680733566466284,0.43943831335989786
25999,LOF,0.10576569138066567,0.10278680112193794,0.7914475074973963
26000,LOF,0.08277153250741391,0.027621032521949272,0.8896074349706369
26001,LOF,0.18453294746257376,0.03848518579525498,0.7769818667421712
26002,LOF,0.09912591583424393,0.035447671455960506,0.8654264127097956
26003,GOF,0.012519779336692108,0.6402188541735837,0.34726136648972405
26004,GOF,0.032422494118210125,0.6452083034102001,0.3223692024715898
26005,LOF,0.013478895629623101,0.4757139423979216,0.5108071619724553
26006,Neutral,0.5717466997936189,0.24402318260985048,0.18423011759653052
26007,GOF,0.024560312705848544,0.5790923833847688,0.3963473039093827
26008,GOF,0.021518995712005537,0.5488771346589165,0.4296038696290778
26009,GOF,0.041494843209510315,0.6533520410215437,0.30515311576894605
26010,GOF,0.024027049494372094,0.692814419872491,0.2831585306331368
26011,LOF,0.011245248096034928,0.4412256871327999,0.547529064771165
26012,GOF,0.022696298577185407,0.5160481882983954,0.46125551312441915
26013,GOF,0.01636566582934338,0.6806914329870392,0.3029429011836174
26014,LOF,0.050550298747969055,0.1627536221285699,0.786696079123461
26015,LOF,0.2115589779622808,0.010044812508938532,0.7783962095287806
26016,LOF,0.32886606514060446,0.042263697514826726,0.6288702373445688
26017,LOF,0.21558351895392588,0.06250278414986049,0.7219136968962138
26018,LOF,0.09821209346039175,0.02905965166623509,0.8727282548733732
26019,LOF,0.09454779162739706,0.017741093213541892,0.887711115159061
26020,LOF,0.08722595663218666,0.06732393728631532,0.8454501060814981
26021,LOF,0.0702102532316553,0.08308388183388306,0.8467058649344616
26022,LOF,0.013313849795139542,0.044194188805344224,0.9424919613995163
26023,LOF,0.14611588733341915,0.01764081738977402,0.8362432952768069
26024,LOF,0.040097005119385874,0.07211894440649738,0.8877840504741168
26025,LOF,0.1883240837525676,0.04693388833278267,0.7647420279146498
26026,LOF,0.38251324623812644,0.010552397702902764,0.6069343560589708
26027,LOF,0.09772051290877165,0.012224815460564123,0.8900546716306642
26028,LOF,0.22028225968907666,0.08205712067058034,0.697660619640343
26029,LOF,0.09938956481421611,0.1497003979971932,0.7509100371885908
26030,LOF,0.03252777467140675,0.031235690647572464,0.9362365346810207
26031,LOF,0.03619897769574255,0.10829150566808167,0.8555095166361757
26032,LOF,0.09720058590335384,0.017909212944160514,0.8848902011524856
26033,LOF,0.14037504020648192,0.01850076272210393,0.8411241970714142
26034,LOF,0.06227658835975461,0.1034993428195253,0.83422406882072
26035,LOF,0.04245796077058726,0.08913160788506462,0.8684104313443481
26036,LOF,0.06162335260270428,0.10413883863252728,0.8342378087647685
26037,LOF,0.03601805020921775,0.0884690864991961,0.8755128632915863
26038,LOF,0.0958578118093073,0.017795011012803372,0.8863471771778894
26039,LOF,0.09016050187921049,0.09622852800002037,0.8136109701207691
26040,LOF,0.2562347017732336,0.051907392719069585,0.6918579055076969
26041,LOF,0.03614962657060891,0.08604200954287729,0.8778083638865138
26042,LOF,0.03577566393083485,0.08428965054328594,0.8799346855258793
26043,LOF,0.09385519494141029,0.02494862741044238,0.8811961776481474
26044,LOF,0.03823369357972881,0.03882687782049292,0.9229394285997782
26045,LOF,0.10845010184822403,0.07105517028113763,0.8204947278706383
26046,LOF,0.10302686591050438,0.02695758723075845,0.8700155468587372
26047,LOF,0.1298708350740279,0.03317106997903264,0.8369580949469394
26048,LOF,0.0572403661825408,0.03121420185549566,0.9115454319619635
26049,Neutral,0.9434019547217956,0.004988300903837011,0.051609744374367404
26050,Neutral,0.9167061846110511,0.005087967645680601,0.07820584774326828
26051,GOF,0.04186596346049054,0.5225929232142791,0.43554111332523043
26052,GOF,0.04092294056131079,0.6151454866826335,0.3439315727560559
26053,LOF,0.060188708434630506,0.37883075304082625,0.5609805385245433
26054,LOF,0.05783245837473622,0.07381030514723073,0.868357236478033
26055,LOF,0.07024818918221082,0.0610381850243646,0.8687136257934247
26056,LOF,0.06042916193853319,0.07750310108572438,0.8620677369757423
26057,LOF,0.02752783313294932,0.02563481896943001,0.9468373478976206
26058,LOF,0.02743212414424452,0.022224203018392126,0.9503436728373633
26059,LOF,0.3405388453644864,0.07487796878175723,0.5845831858537563
26060,LOF,0.03759948814118345,0.2914347057628077,0.6709658060960089
26061,LOF,0.019542078896022545,0.06458034933289479,0.9158775717710826
26062,LOF,0.015447119746320103,0.06132423403038793,0.923228646223292
26063,LOF,0.02331312544150068,0.026225457768122632,0.9504614167903767
26064,LOF,0.02527244210819368,0.03582297290769454,0.9389045849841118
26065,LOF,0.027140031793376453,0.028124564884848813,0.9447354033217746
26066,LOF,0.0208210176563041,0.03259746123955315,0.9465815211041428
26067,LOF,0.02339701245354533,0.021116656368162755,0.9554863311782918
26068,LOF,0.052400844671205975,0.06777291288796837,0.8798262424408256
26069,LOF,0.4143863385111875,0.05715754341812909,0.5284561180706834
26070,Neutral,0.6430552987939029,0.024480289019680433,0.33246441218641665
26071,LOF,0.023162598027045525,0.03666902298871519,0.9401683789842393
26072,LOF,0.026599393534476903,0.06655249141464116,0.9068481150508818
26073,LOF,0.02506199240992077,0.02880523596708724,0.946132771622992
26074,Neutral,0.874803375022039,0.01158926614135463,0.11360735883660632
26075,LOF,0.04074242025142403,0.05389021973121886,0.9053673600173572
26076,LOF,0.0427377581983229,0.019363688222528562,0.9378985535791485
26077,LOF,0.010386068536262583,0.07012466517535285,0.9194892662883845
26078,LOF,0.014774535123715245,0.04971940605822953,0.9355060588180552
26079,LOF,0.05206857866012216,0.05011606151940606,0.8978153598204718
26080,LOF,0.05206857866012216,0.05011606151940606,0.8978153598204718
26081,LOF,0.030418924196035185,0.0177834159054515,0.9517976598985133
26082,LOF,0.023437233200534497,0.058031267439941275,0.9185314993595243
26083,LOF,0.12522741951066158,0.029875565310135455,0.844897015179203
26084,LOF,0.02706102168754424,0.039539539953878995,0.9333994383585767
26085,LOF,0.022330181436094138,0.03447152521292282,0.9431982933509832
26086,LOF,0.0224355888862082,0.03664719426372651,0.9409172168500652
26087,LOF,0.025177607267583602,0.02585902707579161,0.9489633656566249
26088,LOF,0.027112367307429292,0.07231380976363112,0.9005738229289395
26089,LOF,0.04729396382575885,0.0705758591926655,0.8821301769815756
26090,LOF,0.04448729355220654,0.05983274110899381,0.8956799653387997
26091,LOF,0.03741220938416226,0.016852997786910212,0.9457347928289275
26092,LOF,0.02824383595114704,0.02256811206995872,0.9491880519788942
26093,LOF,0.040200375496317386,0.014067559959176645,0.945732064544506
26094,LOF,0.044544603640862976,0.01446227174341368,0.9409931246157234
26095,LOF,0.04224547311730384,0.05012479116761946,0.9076297357150767
26096,LOF,0.018944256298520736,0.041821313956707795,0.9392344297447716
26097,LOF,0.012488240727881654,0.12315580252190779,0.8643559567502105
26098,LOF,0.06197010180213887,0.042472095277188135,0.8955578029206729
26099,LOF,0.02386771736650899,0.04224327443031468,0.9338890082031762
26100,LOF,0.02443568184603451,0.037367435289979725,0.9381968828639857
26101,LOF,0.05700327224462702,0.0420394380986925,0.9009572896566805
26102,LOF,0.025316020246987873,0.027481109598966876,0.9472028701540451
26103,Neutral,0.871253191535161,0.05079786473268465,0.07794894373215426
26104,LOF,0.050951069311067965,0.09068181622496868,0.8583671144639634
26105,LOF,0.27238623345925,0.2400789150633324,0.48753485147741754
26106,LOF,0.15501522871871581,0.16032182540218382,0.6846629458791004
26107,LOF,0.25663076270887497,0.1551020748935927,0.5882671623975323
26108,LOF,0.18406153575832188,0.1616511465348681,0.6542873177068099
26109,LOF,0.06586426466357201,0.1370309612166037,0.7971047741198242
26110,LOF,0.27682063650823263,0.027778297421520888,0.6954010660702464
26111,LOF,0.4446977988504227,0.03891603453408938,0.516386166615488
26112,LOF,0.03865591482171446,0.023884185472861107,0.9374598997054244
26113,LOF,0.05469523903864072,0.05302837450123967,0.8922763864601195
26114,LOF,0.022108846513461382,0.026964742009643942,0.9509264114768947
26115,LOF,0.11976881982954453,0.05426585278873656,0.8259653273817189
26116,LOF,0.053273671977179984,0.0528662093141891,0.8938601187086309
26117,LOF,0.31625441087091577,0.12322620228878138,0.5605193868403028
26118,LOF,0.04149782037904391,0.055556762988949814,0.9029454166320062
26119,LOF,0.024394011041127078,0.08665074630292308,0.8889552426559499
26120,LOF,0.032954206632535454,0.049512423639116614,0.9175333697283479
26121,LOF,0.05220431874264031,0.11058792113511565,0.8372077601222441
26122,LOF,0.06327491696387527,0.07687829955242108,0.8598467834837037
