feature0,prediction,LoGoFunc_Neutral,LoGoFunc_GOF,LoGoFunc_LOF
25546,Neutral,0.6137345160973501,0.04227667571239602,0.343988808190254
25547,Neutral,0.5037710085408438,0.063529369247638,0.43269962221151825
25548,Neutral,0.505808666097465,0.05767810605499036,0.43651322784754465
25549,LOF,0.4414717784529065,0.055723450095100435,0.502804771451993
25550,LOF,0.3932304695663147,0.061809654447181755,0.5449598759865036
25551,LOF,0.3299570996783346,0.06557178542857409,0.6044711148930912
25552,LOF,0.3074216797553989,0.07202919027450776,0.6205491299700934
25553,Neutral,0.7831312714211739,0.03697439292261842,0.1798943356562077
25554,LOF,0.3229304828410674,0.06484992227903497,0.6122195948798976
25555,LOF,0.282222076091688,0.06549690857862367,0.6522810153296885
25556,LOF,0.4528256923236029,0.06277748550504272,0.4843968221713543
25557,LOF,0.26549458100651535,0.06445099401427552,0.6700544249792091
25558,LOF,0.31492300754075886,0.06305540001686989,0.6220215924423712
25559,LOF,0.22701055106765286,0.036170870661988416,0.7368185782703588
25560,LOF,0.0891037157874048,0.20338663227360848,0.7075096519389867
25561,LOF,0.08274622966190902,0.3069725371168682,0.6102812332212227
25562,LOF,0.03279398555149494,0.12640458076026864,0.8408014336882363
25563,LOF,0.006198456943437374,0.2099110818825821,0.7838904611739805
25564,LOF,0.07242144017245161,0.12380612308476395,0.8037724367427844
25565,LOF,0.2070702309410875,0.13540849906647995,0.6575212699924325
25566,GOF,0.06800984774042075,0.782988448579118,0.1490017036804612
25567,LOF,0.046605754931521096,0.1774941982823363,0.7759000467861427
25568,LOF,0.06295859294198226,0.12481603131339786,0.81222537574462
25569,LOF,0.06615346560354321,0.11414602766977576,0.8197005067266812
25570,LOF,0.024747592446859486,0.1835754130147546,0.7916769945383859
25571,LOF,0.024373307980159787,0.19489959648533148,0.7807270955345087
25572,LOF,0.051522837868045575,0.2504555061409196,0.6980216559910349
25573,LOF,0.06594992689076346,0.1562724189735711,0.7777776541356656
25574,LOF,0.08319234017238421,0.27436788147861374,0.642439778349002
25575,LOF,0.0252345670546267,0.19682888471839888,0.7779365482269744
25576,LOF,0.024096114313922556,0.27570294450065447,0.7002009411854231
25577,LOF,0.02762226067837728,0.22544654627832916,0.7469311930432935
25578,LOF,0.28894214787231337,0.1264633883266065,0.5845944638010802
25579,LOF,0.1999127620412359,0.1256973386734422,0.6743898992853218
25580,LOF,0.02285454621709557,0.12331409480409189,0.8538313589788126
25581,LOF,0.047034289970974565,0.13258041163688752,0.8203852983921378
25582,LOF,0.04637853871965892,0.12844225234896503,0.825179208931376
25583,LOF,0.031180403133013162,0.13752606531874537,0.8312935315482415
25584,Neutral,0.6939109245686503,0.15372283360678,0.15236624182456962
25585,LOF,0.023850474891669568,0.2287312712486636,0.7474182538596668
25586,LOF,0.021234035841795708,0.15143737171444155,0.8273285924437628
25587,LOF,0.020170747883313096,0.1493221360507946,0.8305071160658922
25588,LOF,0.02567524900846745,0.1180966255541253,0.8562281254374072
25589,Neutral,0.5736028463075766,0.2361354723401966,0.19026168135222676
25590,LOF,0.05371346206693728,0.17318437548285162,0.7731021624502111
25591,LOF,0.10744544430163877,0.1087185963891844,0.7838359593091768
25592,LOF,0.07487780924915888,0.22000385924408214,0.705118331506759
25593,LOF,0.11648055337444047,0.3512871081942179,0.5322323384313417
25594,LOF,0.04534606047640892,0.03913266617794583,0.9155212733456454
25595,LOF,0.045497879933417786,0.023349582448742516,0.9311525376178397
25596,LOF,0.12580536793333125,0.016479669850143513,0.8577149622165252
25597,LOF,0.08811308402858063,0.013757341798305461,0.8981295741731139
25598,LOF,0.048331308020872085,0.024743177947187788,0.9269255140319401
25599,LOF,0.02862900597243306,0.39389449384034586,0.5774765001872211
25600,LOF,0.1668055188086192,0.38004936729139854,0.4531451138999823
25601,LOF,0.04681491372472844,0.30401194649890706,0.6491731397763644
25602,LOF,0.0328522692383465,0.07274407089069934,0.8944036598709543
25603,LOF,0.04629462964669135,0.07354193577888479,0.8801634345744239
25604,LOF,0.05681754633371573,0.13661156222478715,0.8065708914414972
25605,LOF,0.04877267248094017,0.17760121655764408,0.7736261109614158
25606,Neutral,0.40389520243407273,0.24818056020241394,0.3479242373635133
25607,LOF,0.03097694793266086,0.2573932985614667,0.7116297535058724
25608,LOF,0.048610601674707855,0.0774962266327547,0.8738931716925376
25609,GOF,0.21816378967377176,0.49178440891347286,0.2900518014127553
25610,LOF,0.019707731810138147,0.08294014774794004,0.8973521204419219
25611,LOF,0.013681213439179243,0.09074468337864076,0.89557410318218
25612,LOF,0.05720942577539184,0.09621739043641657,0.8465731837881916
25613,LOF,0.05278219010417611,0.08991320067995527,0.8573046092158686
25614,LOF,0.023325896805598354,0.07507674893783142,0.9015973542565702
25615,LOF,0.05125209564168947,0.06333711083390373,0.8854107935244068
25616,LOF,0.06477269963444614,0.09324243433601041,0.8419848660295435
25617,LOF,0.04639081485269665,0.09968960976293384,0.8539195753843696
25618,LOF,0.050382874943261914,0.15844235026734166,0.7911747747893965
25619,LOF,0.013834788235551987,0.10607750663646869,0.8800877051279793
25620,LOF,0.04784406807618373,0.09286442840776298,0.8592915035160533
25621,LOF,0.0759508995551597,0.07670782140359478,0.8473412790412456
25622,LOF,0.08228212466727618,0.09180799274905029,0.8259098825836735
25623,LOF,0.0664934723102164,0.08337739066630291,0.8501291370234807
25624,LOF,0.022691564189008157,0.08213968228641523,0.8951687535245766
25625,LOF,0.06824804046811517,0.08221085660441854,0.8495411029274663
25626,LOF,0.05459458625164625,0.08316780055818945,0.8622376131901643
25627,Neutral,0.8827459626170706,0.025918017729767998,0.09133601965316138
25628,LOF,0.20267963466881864,0.06672820985831333,0.7305921554728679
25629,LOF,0.07132630043557117,0.07391860888320506,0.8547550906812237
25630,LOF,0.29696912176720486,0.07840879586385385,0.6246220823689413
25631,Neutral,0.5356112970857919,0.05267831535593128,0.4117103875582768
25632,LOF,0.03140099919447431,0.14557050033197658,0.8230285004735493
25633,LOF,0.21218615093594625,0.07860181788520776,0.7092120311788459
25634,LOF,0.04452735609122407,0.1185101796632678,0.8369624642455081
25635,LOF,0.034183886065275296,0.06798412412621098,0.8978319898085136
25636,GOF,0.04075480332215785,0.5427985690221754,0.4164466276556667
25637,GOF,0.03715798214862845,0.5723881930852932,0.39045382476607843
25638,GOF,0.021434774034505336,0.507878763362055,0.47068646260343966
25639,LOF,0.03448250309744343,0.4622639950396269,0.5032535018629296
25640,Neutral,0.8081756531716601,0.14153656767579828,0.05028777915254177
25641,LOF,0.13126512133847573,0.2978901378243621,0.5708447408371622
25642,LOF,0.12354864177731727,0.14599873464745794,0.7304526235752247
25643,LOF,0.3060668177935974,0.08032872611980262,0.6136044560866001
25644,GOF,0.01000888702748106,0.6152359600333047,0.3747551529392142
25645,GOF,0.014068121018437848,0.5664706632642287,0.41946121571733347
25646,LOF,0.022561666386881434,0.4125028757302732,0.5649354578828454
25647,LOF,0.009626778457823563,0.3232489990992942,0.6671242224428822
25648,LOF,0.015615267672698985,0.3671552668825976,0.6172294654447034
25649,LOF,0.009369391512403938,0.3046413630336708,0.6859892454539253
25650,GOF,0.03784993053533776,0.5461501103837736,0.4159999590808886
25651,LOF,0.011626739850047047,0.37769518115837636,0.6106780789915766
25652,LOF,0.011824822279800012,0.4195884958463501,0.5685866818738499
25653,GOF,0.047278633238575306,0.5622298672813246,0.3904914994801001
25654,LOF,0.011581505170980555,0.32157372860157935,0.66684476622744
25655,GOF,0.14955811279345232,0.6006539330104939,0.24978795419605374
25656,LOF,0.22156064639115397,0.05772278714452895,0.720716566464317
25657,LOF,0.03470757417601925,0.07187333867787438,0.8934190871461064
25658,LOF,0.2712638715434275,0.08663321107382535,0.642102917382747
25659,LOF,0.39994802892085857,0.08969028713026903,0.5103616839488725
25660,LOF,0.02285971657038295,0.10605973902435693,0.8710805444052601
25661,LOF,0.0763147841536993,0.06787705598463163,0.8558081598616691
25662,LOF,0.028843415504793697,0.04111923453370619,0.9300373499615002
25663,LOF,0.03166321939960667,0.04058233723971234,0.9277544433606809
25664,LOF,0.09716806069803466,0.061665841240728804,0.8411660980612364
25665,LOF,0.06050614280475923,0.03386296309186024,0.9056308941033805
25666,LOF,0.07614356443811619,0.05453579476985855,0.8693206407920252
25667,LOF,0.06209055044091354,0.047609338890831965,0.8903001106682547
25668,LOF,0.029963876478482972,0.060498386467012624,0.9095377370545044
25669,LOF,0.02161005180795006,0.05618598122260539,0.9222039669694445
25670,LOF,0.12165999863916403,0.04730588091434727,0.8310341204464887
25671,LOF,0.09278548084082552,0.04008415242318125,0.8671303667359932
25672,LOF,0.051802333627005766,0.05439932192666873,0.8937983444463256
25673,LOF,0.08034302230878627,0.04503553558944586,0.874621442101768
25674,LOF,0.08003302628467056,0.05745559258223161,0.8625113811330978
25675,LOF,0.0743384785310247,0.07068557017060986,0.8549759512983655
25676,LOF,0.01686879808499772,0.06631562938923176,0.9168155725257706
25677,LOF,0.016490499887422815,0.08825546505731653,0.8952540350552608
25678,LOF,0.16526198005350387,0.09614601230212205,0.7385920076443739
25679,LOF,0.11150969870588406,0.09507479073787883,0.793415510556237
25680,LOF,0.02803415667642185,0.12659180984415394,0.8453740334794242
25681,LOF,0.04458800649776408,0.11721547704157756,0.8381965164606584
25682,LOF,0.11873833641772022,0.07268669100229953,0.8085749725799802
25683,LOF,0.09938193438492088,0.08495890309196794,0.8156591625231111
25684,LOF,0.027884779240358676,0.0631737948755861,0.9089414258840552
25685,LOF,0.11337946948344926,0.10653003002170887,0.7800905004948419
25686,LOF,0.08502215759983738,0.16998194578115983,0.7449958966190028
25687,LOF,0.12671968323091537,0.15032032711808366,0.722959989651001
25688,LOF,0.4631029971218629,0.02545179729149749,0.5114452055866396
25689,LOF,0.2919231539665956,0.03567603138210353,0.6724008146513009
25690,LOF,0.3722657968145392,0.02462097494348068,0.6031132282419801
25691,Neutral,0.7353778086543454,0.02213011935763095,0.24249207198802356
25692,LOF,0.35837148856635626,0.011706101201394998,0.6299224102322488
25693,GOF,0.04132803712900342,0.5107586037420587,0.4479133591289379
25694,LOF,0.11518241794147203,0.017787918565068117,0.8670296634934599
25695,LOF,0.10913578758034234,0.00794050246110506,0.8829237099585525
25696,LOF,0.11256121050887326,0.011427612932433079,0.8760111765586938
25697,LOF,0.04742338571825627,0.07678392167975646,0.8757926926019873
25698,LOF,0.2615443021878576,0.256769226535094,0.48168647127704844
25699,LOF,0.43253465066596075,0.03195587793744902,0.5355094713965902
25700,LOF,0.0589975337202571,0.009600683367878074,0.9314017829118648
25701,LOF,0.21197486991503844,0.027623269053413183,0.7604018610315484
25702,GOF,0.18151944911759818,0.6203791246948248,0.19810142618757698
25703,LOF,0.01666829738651465,0.16344374977508883,0.8198879528383965
25704,LOF,0.03519312009801573,0.1198733679362228,0.8449335119657614
25705,LOF,0.040845839100916013,0.07838470171832486,0.8807694591807591
25706,GOF,0.08987887481819848,0.48748171380513317,0.42263941137666833
25707,LOF,0.07976160257436314,0.4073583158999873,0.5128800815256496
25708,LOF,0.03060507474025561,0.4059559679929696,0.5634389572667747
25709,LOF,0.07807434335544852,0.03810030675954331,0.8838253498850082
25710,LOF,0.016702321436885686,0.1533949966420891,0.8299026819210251
25711,LOF,0.019202143167342367,0.08434974280582215,0.8964481140268354
25712,LOF,0.017768607031991384,0.2089629400806247,0.7732684528873839
25713,LOF,0.018718139461358887,0.07204893556972466,0.9092329249689164
25714,LOF,0.08337948502547854,0.05479825088752922,0.8618222640869921
25715,LOF,0.011668593248924188,0.11199423985058939,0.8763371669004865
25716,LOF,0.012063901045425136,0.10514998857509973,0.8827861103794752
25717,LOF,0.01913007204790609,0.07390720255870145,0.9069627253933925
25718,LOF,0.011454833715708507,0.05332706681518367,0.9352180994691078
25719,LOF,0.021437604603325288,0.07234903092105918,0.9062133644756155
25720,LOF,0.02827212460206531,0.050408589374325,0.9213192860236096
25721,LOF,0.011610555116749686,0.06992007837200107,0.9184693665112492
25722,LOF,0.013272151279356591,0.05777585513626046,0.9289519935843829
25723,LOF,0.025095719727116796,0.040311985250810374,0.9345922950220727
25724,LOF,0.03238702834402553,0.0823659763706221,0.8852469952853524
25725,LOF,0.010949964709914358,0.07018973840652745,0.9188602968835581
25726,LOF,0.01619497198772942,0.0867028367047736,0.8971021913074969
25727,LOF,0.0131566057069619,0.05762326347610117,0.9292201308169369
25728,LOF,0.010799483280982822,0.07402335314900348,0.9151771635700137
25729,LOF,0.010698655928822149,0.07817488718116547,0.9111264568900123
25730,LOF,0.014444415101857922,0.07188715304964848,0.9136684318484936
25731,LOF,0.018324471636062472,0.10176337257303351,0.879912155790904
25732,LOF,0.01376803775624212,0.046968131105770035,0.9392638311379878
25733,LOF,0.014382924742889613,0.06142325604168512,0.9241938192154254
25734,LOF,0.012762866177102601,0.13813025885531197,0.8491068749675854
25735,LOF,0.011112029293827338,0.061377412849209764,0.927510557856963
25736,LOF,0.012467232885189288,0.067234540015638,0.9202982270991727
25737,LOF,0.012711784279071246,0.11380225702000046,0.8734859587009283
25738,LOF,0.012364025321068048,0.10183876380444326,0.8857972108744886
25739,LOF,0.02017727723325639,0.07391200703637936,0.9059107157303643
25740,LOF,0.03152023759851827,0.10714553094186562,0.8613342314596162
25741,LOF,0.015542917692774473,0.10238319777061058,0.882073884536615
25742,LOF,0.1189570439842369,0.07439244463947535,0.8066505113762877
25743,LOF,0.046799187075741766,0.06301324553464727,0.890187567389611
25744,Neutral,0.5921114703104065,0.2771926746821825,0.13069585500741115
25745,LOF,0.07202801440049243,0.1032966652430293,0.8246753203564782
25746,LOF,0.04647738417318913,0.1347885111506235,0.8187341046761872
25747,LOF,0.018040157003661617,0.13186949563653466,0.8500903473598038
25748,LOF,0.09522667863171623,0.22153196942746792,0.6832413519408158
25749,LOF,0.025129561677818112,0.11326889386343937,0.8616015444587425
25750,LOF,0.06627638396900463,0.1370121506933245,0.7967114653376709
25751,LOF,0.10761771348015638,0.17127447036130525,0.7211078161585384
25752,GOF,0.12390667441501277,0.638250255243146,0.23784307034184124
25753,LOF,0.03221497333708977,0.32167734402244225,0.646107682640468
25754,GOF,0.01973635755568985,0.7810828675030046,0.19918077494130565
25755,LOF,0.03242182271678828,0.32874761938913777,0.638830557894074
25756,LOF,0.06617663892327573,0.39937712554201815,0.5344462355347062
25757,GOF,0.01658556288092905,0.8644796030441564,0.11893483407491459
25758,GOF,0.026734600303170996,0.7920254677040168,0.18123993199281216
25759,GOF,0.012378931893561953,0.6532127804035799,0.3344082877028582
25760,LOF,0.015987049947409696,0.3872534759915001,0.5967594740610903
25761,GOF,0.2738012384916844,0.6330986211496381,0.09310014035867752
25762,LOF,0.050892874051031864,0.3250026337615204,0.6241044921874478
25763,LOF,0.014480987118237561,0.26860875703102155,0.716910255850741
25764,GOF,0.0596495058638958,0.7061500812442497,0.23420041289185448
25765,GOF,0.031875448355946495,0.7684504446716488,0.1996741069724047
25766,GOF,0.09535482901957659,0.7306918492509628,0.17395332172946068
25767,LOF,0.16055940109596828,0.38989593821886365,0.4495446606851681
25768,LOF,0.12538526559221955,0.03497655528090357,0.8396381791268769
25769,LOF,0.053733157314104274,0.06215806774419321,0.8841087749417026
25770,LOF,0.3765373776135463,0.13066138910098266,0.492801233285471
25771,LOF,0.07253721707008551,0.05088254614690913,0.8765802367830055
25772,LOF,0.018763724301063926,0.04978669203607509,0.931449583662861
25773,LOF,0.07655918828425125,0.05960379257738632,0.8638370191383625
25774,LOF,0.028701939455496622,0.12924673125508052,0.842051329289423
25775,LOF,0.079837714267825,0.048081642676058606,0.8720806430561163
25776,LOF,0.07108945390673245,0.03237333864932125,0.8965372074439463
25777,Neutral,0.521533213736957,0.08376948990107151,0.3946972963619714
25778,LOF,0.07069272589265099,0.04926478796295904,0.8800424861443901
25779,GOF,0.4073002344135366,0.5463304102414213,0.04636935534504209
25780,GOF,0.3340883861553853,0.5730574533390848,0.09285416050553001
25781,GOF,0.10904118632707463,0.7702429798144357,0.12071583385848961
25782,GOF,0.1685147879075726,0.7326815898317577,0.09880362226066967
25783,GOF,0.022329803460084827,0.6796090180129306,0.2980611785269846
25784,Neutral,0.5318903584667428,0.41872670696701525,0.049382934566241904
25785,Neutral,0.526005306078757,0.40659050396311575,0.06740418995812734
25786,GOF,0.024745750521667997,0.7019911238793455,0.27326312559898647
25787,Neutral,0.7217976071431437,0.2348055438878219,0.0433968489690343
25788,LOF,0.06420758345570228,0.07724522169136756,0.8585471948529302
25789,GOF,0.2196197876434501,0.6205189244883837,0.15986128786816628
25790,GOF,0.2539172159957875,0.6203109235961843,0.12577186040802826
25791,GOF,0.12787942676227343,0.6494062417113703,0.22271433152635645
25792,GOF,0.33418525106801916,0.49486470566033497,0.17095004327164587
25793,GOF,0.2687804866528933,0.4515649918956342,0.27965452145147246
25794,GOF,0.33092497302792656,0.4289467451423608,0.24012828182971266
25795,GOF,0.05916663633432135,0.6552605241240126,0.28557283954166607
25796,Neutral,0.5289233715738203,0.3836839453682491,0.08739268305793069
25797,GOF,0.0806831809951579,0.4979978850781015,0.4213189339267405
25798,GOF,0.009954733590385918,0.49992438824764907,0.49012087816196503
25799,LOF,0.008537895655647793,0.43895265554781004,0.5525094487965423
25800,GOF,0.03810859416370405,0.5926677460578175,0.3692236597784786
25801,GOF,0.24479889512812994,0.6322801508041472,0.12292095406772283
25802,GOF,0.06847397227819435,0.6206574473309528,0.31086858039085286
25803,GOF,0.04223884870139155,0.5064111342140619,0.45135001708454636
25804,LOF,0.03881650153872476,0.4383379352598051,0.5228455632014701
25805,GOF,0.10087910234139398,0.5273950852549507,0.3717258124036553
25806,GOF,0.12446202018815716,0.5533837784986906,0.3221542013131523
25807,GOF,0.019019023492990127,0.5750113994795878,0.405969577027422
25808,GOF,0.10556967394549135,0.5186327513178003,0.37579757473670844
25809,GOF,0.019060336857533694,0.5572599327999183,0.423679730342548
25810,GOF,0.020933653773374625,0.5559345676524511,0.42313177857417433
25811,Neutral,0.4928008630921692,0.43005892232946397,0.07714021457836684
25812,GOF,0.03778134704864177,0.558716333816493,0.4035023191348653
25813,Neutral,0.6076076352679265,0.26482602346695017,0.1275663412651233
25814,GOF,0.13013322220469634,0.5775121939235658,0.2923545838717379
25815,GOF,0.27886273623783214,0.5172231434789201,0.2039141202832479
25816,GOF,0.020682121906117828,0.6700330520662315,0.3092848260276505
25817,GOF,0.19502326814785512,0.6656430899787392,0.1393336418734057
25818,GOF,0.034859935863049175,0.5428971296774606,0.42224293445949035
25819,GOF,0.34407681222559705,0.4751369279143903,0.18078625986001265
25820,GOF,0.1763641779854181,0.5717442831737628,0.25189153884081905
25821,GOF,0.058407135386268696,0.6394144313058463,0.302178433307885
25822,GOF,0.23787363705721581,0.5013072417073848,0.2608191212353994
25823,LOF,0.03382232782694789,0.455734688333697,0.5104429838393552
25824,GOF,0.07105756844126675,0.4805949308267582,0.4483475007319752
25825,GOF,0.028639785314322163,0.4906153728577926,0.48074484182788524
25826,LOF,0.010059453337967912,0.4688309068053786,0.5211096398566535
25827,GOF,0.01955745629880341,0.5251880309335646,0.45525451276763207
25828,LOF,0.013809443791345683,0.43560073218823825,0.550589824020416
25829,GOF,0.007291824412841655,0.5128521268595019,0.4798560487276565
25830,LOF,0.03685680777270798,0.28222864167719436,0.6809145505500976
25831,GOF,0.12931549827711952,0.7102738528313668,0.1604106488915136
25832,GOF,0.032969544975178657,0.6678733412244799,0.29915711380034143
25833,GOF,0.10104726685722468,0.6642661342146438,0.23468659892813148
25834,GOF,0.03862782823416105,0.6606439906124272,0.30072818115341193
25835,GOF,0.09781155312499827,0.5986079370963537,0.30358050977864787
25836,GOF,0.04698848971886944,0.6226602790797816,0.3303512312013489
25837,GOF,0.026469745426272256,0.5175994067083747,0.45593084786535315
25838,GOF,0.08576739192884912,0.6776058139010533,0.23662679417009744
25839,GOF,0.2804487708098664,0.5060872083858988,0.21346402080423477
25840,GOF,0.22238207650878164,0.5413920905344572,0.23622583295676103
25841,GOF,0.25321465685567685,0.5214351766588237,0.2253501664854994
25842,GOF,0.17008867730321042,0.5831923915013466,0.246718931195443
25843,GOF,0.22767941877088174,0.5999716025006281,0.17234897872849014
25844,GOF,0.0637798536704107,0.6051623963653884,0.33105774996420095
25845,LOF,0.014530040412120913,0.47251527843101593,0.5129546811568632
25846,GOF,0.08738104323028875,0.6887180753564709,0.22390088141324027
25847,GOF,0.10662251873401286,0.6957815120520942,0.197595969213893
25848,GOF,0.03789468210464888,0.6228861546774718,0.33921916321787937
25849,GOF,0.011288106298693116,0.5282627852061461,0.4604491084951608
25850,GOF,0.024854810208100448,0.5965394514660145,0.37860573832588507
25851,GOF,0.020900606166304264,0.4961296046753679,0.48296978915832783
25852,GOF,0.13182240930920736,0.55523852099481,0.3129390696959826
25853,GOF,0.31370788919605724,0.5896340590964765,0.09665805170746629
25854,GOF,0.019180636552015,0.6650271154072753,0.31579224804070966
25855,GOF,0.04353423002002678,0.5864966580512576,0.3699691119287157
25856,GOF,0.24286838305703023,0.5517648319569103,0.2053667849860594
25857,GOF,0.038832556509125656,0.5305956123707534,0.4305718311201209
25858,GOF,0.01870741234379693,0.5728739492729631,0.40841863838324005
25859,GOF,0.010189759319486657,0.5601581605529607,0.4296520801275526
25860,GOF,0.31188343610155317,0.5704792980123496,0.11763726588609716
25861,GOF,0.32857060804159094,0.5803512761607547,0.09107811579765442
25862,GOF,0.06608622879663271,0.7696402741839881,0.1642734970193793
25863,GOF,0.06971164423293404,0.7756685616034384,0.1546197941636275
25864,GOF,0.13962508844996907,0.7651300846160558,0.09524482693397521
25865,GOF,0.06468959097621424,0.7804336176577903,0.15487679136599558
25866,GOF,0.05593858483817059,0.8082785786628112,0.13578283649901823
25867,GOF,0.07496920224913817,0.7975824097119113,0.1274483880389506
25868,GOF,0.23827980258251721,0.6282252981706794,0.13349489924680338
25869,Neutral,0.68611370624621,0.26335383748542057,0.05053245626836944
25870,LOF,0.25456390569801096,0.2634553815365244,0.48198071276546456
25871,GOF,0.2141823877042802,0.6252219249612921,0.16059568733442772
25872,GOF,0.08456537892148056,0.5968654619780112,0.31856915910050826
25873,GOF,0.15870232665375034,0.5799278046041937,0.2613698687420559
25874,LOF,0.023118051233690953,0.0807176740757399,0.8961642746905693
25875,LOF,0.07145194445407779,0.07745956492239064,0.8510884906235314
25876,LOF,0.026183163347284526,0.07636751920542754,0.8974493174472878
25877,Neutral,0.5144627193089364,0.0757960691187816,0.40974121157228205
25878,LOF,0.2647888144413223,0.13190597616444596,0.6033052093942318
25879,LOF,0.13874890435837833,0.1558029752160515,0.7054481204255701
25880,LOF,0.022542120502354417,0.03302894196650138,0.9444289375311443
25881,LOF,0.20712457751191463,0.2104667299483563,0.582408692539729
25882,LOF,0.07609547981644094,0.019064314798411846,0.9048402053851472
25883,LOF,0.0831132956677385,0.04167778419838498,0.8752089201338766
25884,LOF,0.04462888704230471,0.0399371819179296,0.9154339310397657
25885,LOF,0.0593608702959549,0.024786673385999203,0.9158524563180459
25886,LOF,0.3641391208987674,0.10120372291570946,0.5346571561855231
25887,LOF,0.19674772990572678,0.14859537112490634,0.6546568989693669
25888,LOF,0.07906714167909105,0.10504789055827551,0.8158849677626334
25889,LOF,0.03898260826789786,0.04609571064913346,0.9149216810829687
25890,LOF,0.06148108002940417,0.13930665927681077,0.799212260693785
25891,LOF,0.0585690070583673,0.06336591240929407,0.8780650805323387
25892,LOF,0.10072095141208116,0.03049235459528911,0.8687866939926298
25893,LOF,0.30048530838016313,0.017165656912738095,0.6823490347070987
25894,LOF,0.17283436941586564,0.008697771090827729,0.8184678594933066
25895,LOF,0.2144411015835539,0.02076289275258642,0.7647960056638597
25896,LOF,0.044270716258176974,0.021106765546616304,0.9346225181952067
25897,LOF,0.22124229577689206,0.0158268773323928,0.7629308268907152
25898,Neutral,0.7484508425375934,0.01207521359155378,0.23947394387085288
25899,LOF,0.22020516655173317,0.0398536527489326,0.7399411806993342
25900,Neutral,0.5799436034583003,0.014240488013170249,0.40581590852852945
25901,LOF,0.056961382133243345,0.01293946503280897,0.9300991528339477
25902,LOF,0.1630357187598602,0.012371084095780424,0.8245931971443594
25903,Neutral,0.5898707197594265,0.03090351559546316,0.3792257646451103
25904,LOF,0.25002242202396785,0.04280462548610878,0.7071729524899234
25905,LOF,0.027826934876167362,0.37222921144087723,0.5999438536829554
25906,LOF,0.023388064290548887,0.07121110744647287,0.9054008282629783
25907,LOF,0.010741657392406519,0.4224293953121877,0.5668289472954058
25908,LOF,0.01170290112056533,0.280784588817843,0.7075125100615917
25909,LOF,0.014907490862836485,0.14688087289035345,0.8382116362468099
25910,LOF,0.029336570435531777,0.3522944503529438,0.6183689792115244
25911,LOF,0.07427205540238539,0.05639333904118283,0.8693346055564317
25912,LOF,0.035114354811713815,0.10840245621562461,0.8564831889726616
25913,LOF,0.2445283387668332,0.0522616436033242,0.7032100176298426
25914,LOF,0.026004221695287908,0.11520066296898178,0.8587951153357303
25915,Neutral,0.4176731807619997,0.19174106824130235,0.390585750996698
25916,LOF,0.0550868100005062,0.2764808919563317,0.6684322980431621
25917,LOF,0.05538046976292783,0.05009974353174535,0.894519786705327
25918,LOF,0.03346337684435466,0.06655205288021195,0.8999845702754334
25919,LOF,0.029782776190399284,0.06744062318160639,0.9027766006279945
25920,GOF,0.12288298196239662,0.49247165794275183,0.38464536009485156
25921,LOF,0.033028222651753626,0.029112827631563518,0.9378589497166828
25922,LOF,0.04962302658244176,0.020025891029156324,0.9303510823884019
25923,LOF,0.3863285891442295,0.021168644850937744,0.5925027660048326
25924,LOF,0.036461040894719014,0.026296543574871028,0.9372424155304099
25925,LOF,0.06877457242008941,0.038266285969784014,0.8929591416101266
25926,LOF,0.05118073180112214,0.02210093437417116,0.9267183338247067
25927,LOF,0.0786912403896369,0.052943139410156076,0.8683656202002069
25928,LOF,0.024958314805470484,0.022481045186905826,0.9525606400076236
25929,Neutral,0.5348668311275616,0.02393653392461032,0.44119663494782807
25930,LOF,0.06547897784836366,0.01606278160356946,0.918458240548067
25931,LOF,0.030706206106258186,0.017942752243164634,0.951351041650577
25932,LOF,0.027934002216749788,0.015568352874709633,0.9564976449085406
25933,LOF,0.036800381883165104,0.009865802621792411,0.9533338154950425
25934,LOF,0.024494452591522692,0.01268697277505946,0.9628185746334178
25935,LOF,0.0691671260681819,0.031618777830311855,0.8992140961015063
25936,LOF,0.04366035191272671,0.01731496997516834,0.939024678112105
25937,LOF,0.03427147341608971,0.023607935196399928,0.9421205913875104
25938,LOF,0.06752848975973004,0.03742323233904254,0.8950482779012274
25939,LOF,0.042906687770838635,0.010731121610287898,0.9463621906188735
25940,LOF,0.02256494428506895,0.4282588750846417,0.5491761806302893
25941,LOF,0.15534050149973544,0.10491578851515386,0.7397437099851107
25942,LOF,0.01326923974784769,0.044561639895293714,0.9421691203568587
25943,LOF,0.31600436888160627,0.09483483739449629,0.5891607937238975
25944,Neutral,0.48762151837060846,0.05539698507258431,0.4569814965568072
25945,LOF,0.06471877205614808,0.03924995517627768,0.8960312727675742
25946,LOF,0.03367163714618892,0.15469848453106277,0.8116298783227484
25947,LOF,0.1217238687453529,0.1387068384362039,0.7395692928184433
25948,LOF,0.38251024128664296,0.013411154926174378,0.6040786037871827
25949,LOF,0.09737713797510213,0.04617646148686965,0.8564464005380282
25950,GOF,0.2014065668809754,0.47483084055219593,0.32376259256682866
25951,LOF,0.26430118188991036,0.18349846729011374,0.5522003508199759
25952,LOF,0.0662311578042269,0.4403891978922562,0.4933796443035169
25953,LOF,0.14836109342862602,0.10720442357238963,0.7444344829989843
25954,LOF,0.3231637787299394,0.24403938797865118,0.43279683329140944
25955,LOF,0.060836856041534125,0.09817024439651409,0.8409928995619518
25956,LOF,0.2117758887649871,0.06921715783491038,0.7190069534001025
25957,LOF,0.05261618012991083,0.026255705531988777,0.9211281143381004
25958,LOF,0.057025285684983405,0.02744479198486029,0.9155299223301562
25959,LOF,0.07149761663241555,0.37209815327884627,0.5564042300887383
25960,LOF,0.022331241861694297,0.054094697139613145,0.9235740609986927
25961,LOF,0.04699352860517249,0.03627465040229674,0.9167318209925307
25962,LOF,0.07380527806858747,0.04098284180093311,0.8852118801304795
25963,LOF,0.06561069860172855,0.18480650082324562,0.7495828005750258
25964,LOF,0.034676230399853514,0.16574883613109423,0.7995749334690523
25965,Neutral,0.48234339181598335,0.07783908711580045,0.43981752106821626
25966,LOF,0.3473375958423392,0.24416759307014507,0.4084948110875157
25967,LOF,0.015753481998089895,0.07676129636225618,0.9074852216396538
25968,LOF,0.050084317172206426,0.406320167120227,0.5435955157075665
25969,LOF,0.025829178749751252,0.05351730063140328,0.9206535206188455
25970,LOF,0.06826566469686261,0.06114885217792803,0.8705854831252093
25971,LOF,0.08776880630635799,0.02994525718782391,0.8822859365058181
25972,LOF,0.08540055642424481,0.03369898228837046,0.8809004612873848
25973,LOF,0.10079338281953695,0.01087061672438322,0.8883360004560799
25974,LOF,0.30925721608304124,0.017946140392085738,0.672796643524873
25975,LOF,0.06140255275106202,0.03532918817705982,0.9032682590718781
25976,LOF,0.04087992061249895,0.026517573967380588,0.9326025054201204
25977,LOF,0.13226199080486417,0.14348416261954378,0.724253846575592
25978,LOF,0.12772360767300842,0.11824301924721144,0.7540333730797801
25979,LOF,0.13055445220796452,0.09624774055571839,0.773197807236317
25980,LOF,0.15007277833112062,0.19111549978717388,0.6588117218817056
25981,LOF,0.1796757390784322,0.18291021488979597,0.6374140460317719
25982,LOF,0.38113522156158236,0.10218623326291476,0.5166785451755028
25983,LOF,0.3601777947189819,0.09657487878983721,0.5432473264911808
25984,LOF,0.04613936022301912,0.1122886801385979,0.841571959638383
25985,LOF,0.023355779010790566,0.3495793572926858,0.6270648636965236
25986,LOF,0.0254838298976686,0.3374658134251343,0.6370503566771971
25987,LOF,0.07986371035807041,0.13612581986048855,0.7840104697814411
25988,LOF,0.11381202460847084,0.0904820729612268,0.7957059024303024
25989,LOF,0.025765498971945407,0.16513851055721743,0.8090959904708372
25990,LOF,0.03323563605546973,0.15764472324730122,0.8091196406972291
25991,LOF,0.16309900328000795,0.3755471332433533,0.46135386347663887
25992,LOF,0.31172270210625597,0.2723035107909875,0.4159737871027564
25993,LOF,0.02594323483622852,0.08583410631787264,0.8882226588458989
25994,LOF,0.017658321761670124,0.11229544892306882,0.8700462293152611
25995,LOF,0.031146731944359556,0.13273426754125614,0.8361190005143844
25996,GOF,0.21773816621981762,0.523747833739039,0.25851400004114333
25997,GOF,0.08505420695291209,0.4993183868427399,0.4156274062043479
25998,Neutral,0.6452584481405067,0.031228326544466178,0.3235132253150271
25999,LOF,0.15872999143677374,0.07961202792321934,0.7616579806400068
26000,LOF,0.09269931060825912,0.03028436134426196,0.877016328047479
26001,LOF,0.1820975759896739,0.03485393153865995,0.7830484924716661
26002,LOF,0.12710232395169171,0.03571980946359704,0.8371778665847113
26003,GOF,0.010525698787641143,0.6682234576097544,0.32125084360260436
26004,GOF,0.026281460364133282,0.6913671578679348,0.28235138176793184
26005,GOF,0.012913875877762998,0.5551951352526833,0.4318909888695537
26006,Neutral,0.5084088753872055,0.269153360906286,0.22243776370650842
26007,GOF,0.021018577179963825,0.6154862938196687,0.36349512900036757
26008,GOF,0.02167886341541748,0.5828751682170449,0.3954459683675376
26009,GOF,0.03598285167055685,0.6675369705561472,0.296480177773296
26010,GOF,0.022397905391174068,0.7284646785785363,0.24913741603028963
26011,GOF,0.010477536739939062,0.5475792212458567,0.44194324201420426
26012,GOF,0.01839087821337631,0.5769650464811275,0.4046440753054963
26013,GOF,0.016187104545575048,0.7269432707425717,0.25686962471185326
26014,LOF,0.04426446770531873,0.15936854654363736,0.7963669857510439
26015,LOF,0.17433581238953802,0.011641659770262412,0.8140225278401996
26016,LOF,0.2622770383041976,0.05063319021058659,0.6870897714852159
26017,LOF,0.16555149365428468,0.0989798548552998,0.7354686514904156
26018,LOF,0.08965433779720992,0.03473266876493935,0.8756129934378508
26019,LOF,0.08957374010119576,0.022412177324338468,0.8880140825744659
26020,LOF,0.06516221010697436,0.10013493766036081,0.8347028522326648
26021,LOF,0.05831853405292667,0.13760384562252334,0.80407762032455
26022,LOF,0.01090918352675018,0.06940888333502726,0.9196819331382226
26023,LOF,0.11673386267515486,0.02064829867660482,0.8626178386482403
26024,LOF,0.030374288692358503,0.11692657575350261,0.8526991355541389
26025,LOF,0.15260165518904698,0.06985482620493987,0.7775435186060132
26026,LOF,0.3410402065905766,0.013076219704830213,0.6458835737045933
26027,LOF,0.08389051932423144,0.015268426598072815,0.9008410540776958
26028,LOF,0.19311713058215682,0.08920584273972026,0.7176770266781229
26029,LOF,0.1288682867177387,0.15630648128465768,0.7148252319976035
26030,LOF,0.03480326077123381,0.057350059794139846,0.9078466794346264
26031,LOF,0.04609366562140537,0.1321611908240093,0.8217451435545853
26032,LOF,0.082142321239125,0.04362940950250863,0.8742282692583663
26033,LOF,0.13415516723352927,0.04834216119149819,0.8175026715749726
26034,LOF,0.07248352348055517,0.1305910421145268,0.7969254344049179
26035,LOF,0.04754937860304994,0.11234637165476044,0.8401042497421896
26036,LOF,0.07025495299904283,0.13159005712493368,0.7981549898760234
26037,LOF,0.037256348710250006,0.11044645560267596,0.8522971956870741
26038,LOF,0.07808250548688313,0.03898291002754556,0.8829345844855713
26039,LOF,0.0950212852301938,0.1203500717008992,0.784628643068907
26040,LOF,0.2286101504550073,0.07646918857479061,0.694920660970202
26041,LOF,0.03830369048137981,0.09855387699075391,0.8631424325278663
26042,LOF,0.03890367781850792,0.10026787424103144,0.8608284479404607
26043,LOF,0.07515582038995938,0.0527712917142858,0.8720728878957548
26044,LOF,0.032739340209230736,0.061966466631724774,0.9052941931590445
26045,LOF,0.10274755998786388,0.088965557948032,0.808286882064104
26046,LOF,0.08009039937761113,0.05446281106261914,0.8654467895597697
26047,LOF,0.11576017199561153,0.0648366017307362,0.8194032262736523
26048,LOF,0.054261770261748575,0.05364392783010938,0.892094301908142
26049,Neutral,0.9463867377448945,0.009086668800592184,0.044526593454513326
26050,Neutral,0.926830927479433,0.009851131205943294,0.06331794131462377
26051,LOF,0.06594844790117882,0.3864110444593668,0.5476405076394544
26052,LOF,0.06302780136836127,0.44415913805071566,0.4928130605809231
26053,LOF,0.05174099778466484,0.35180031081221996,0.5964586914031152
26054,LOF,0.051921840726072185,0.0644313233497085,0.8836468359242194
26055,LOF,0.07549241824572717,0.052715465395164404,0.8717921163591085
26056,LOF,0.06392446666989932,0.06344756239785529,0.8726279709322453
26057,LOF,0.03216820897614483,0.02465324684498052,0.9431785441788746
26058,LOF,0.032351235334278326,0.02222113641358376,0.945427628252138
26059,LOF,0.3418126043851932,0.07035676513494697,0.5878306304798598
26060,LOF,0.032879289727697804,0.3076616672078189,0.6594590430644833
26061,LOF,0.0172800756143956,0.038195862146507255,0.9445240622390971
26062,LOF,0.013125129330469054,0.0490289995953383,0.9378458710741926
26063,LOF,0.023011378018748842,0.022757347613591373,0.9542312743676599
26064,LOF,0.02258899059202553,0.025829192353897284,0.9515818170540772
26065,LOF,0.0267632913389438,0.026037175743363696,0.9471995329176924
26066,LOF,0.02105929670294306,0.02693070251058888,0.952010000786468
26067,LOF,0.025182830375565433,0.021342243169367635,0.9534749264550668
26068,LOF,0.05197970322875678,0.06109564650403499,0.8869246502672081
26069,LOF,0.4150413133356691,0.04476272264050311,0.5401959640238277
26070,Neutral,0.6396031267388838,0.02400479711835374,0.3363920761427624
26071,LOF,0.02405134229883598,0.02926330964282135,0.9466853480583427
26072,LOF,0.023890667220786584,0.04674489018541818,0.9293644425937954
26073,LOF,0.02537406319832488,0.023187450345020885,0.9514384864566543
26074,Neutral,0.878148667896274,0.010974810819404268,0.11087652128432182
26075,LOF,0.04332604763240711,0.03980765366443387,0.916866298703159
26076,LOF,0.04530898983106499,0.018688600531995125,0.9360024096369398
26077,LOF,0.009906733310801195,0.05561857882665962,0.9344746878625392
26078,LOF,0.013573937618968903,0.031225542159156423,0.9552005202218746
26079,LOF,0.05430544276795073,0.038256216408915356,0.907438340823134
26080,LOF,0.05430544276795073,0.038256216408915356,0.907438340823134
26081,LOF,0.0359520623699141,0.016149146822463076,0.947898790807623
26082,LOF,0.020687976240975445,0.04453764299094437,0.9347743807680803
26083,LOF,0.14050611966877496,0.027344580150065304,0.8321493001811597
26084,LOF,0.027032187647679635,0.032170331677613684,0.9407974806747066
26085,LOF,0.02360599446095459,0.02923149358283664,0.9471625119562088
26086,LOF,0.02354933359615774,0.029572559938545094,0.9468781064652972
26087,LOF,0.02473177982535384,0.02038717757020923,0.9548810426044368
26088,LOF,0.023177138128916912,0.050146893363407205,0.9266759685076758
26089,LOF,0.04785206095259602,0.05195862445205474,0.9001893145953492
26090,LOF,0.04531643203692158,0.04243937930096942,0.9122441886621089
26091,LOF,0.03809313803356091,0.013859463320571901,0.9480473986458673
26092,LOF,0.028945284674145866,0.02012716988418134,0.9509275454416727
26093,LOF,0.038403505210236284,0.013254856157842398,0.9483416386319213
26094,LOF,0.04548085702623644,0.013344497028826596,0.941174645944937
26095,LOF,0.03633386274763762,0.03604929931447084,0.9276168379378915
26096,LOF,0.018548862310379673,0.029543451477304743,0.9519076862123155
26097,LOF,0.0109375606118422,0.1086029743478642,0.8804594650402937
26098,LOF,0.0581276925839818,0.040682975389409425,0.9011893320266088
26099,LOF,0.0255365152225336,0.03737711368276279,0.9370863710947036
26100,LOF,0.02653555002448387,0.03481513583697308,0.938649314138543
26101,LOF,0.06133217022464589,0.03149916620733964,0.9071686635680145
26102,LOF,0.02689922846902726,0.02710705041713118,0.9459937211138416
26103,Neutral,0.8791369700953546,0.045384865750969484,0.07547816415367604
26104,LOF,0.05256499463350173,0.07414947907778682,0.8732855262887115
26105,LOF,0.22668864514448145,0.24950156717714317,0.5238097876783753
26106,LOF,0.16320821210510808,0.14656413189926584,0.6902276559956261
26107,LOF,0.24681912616680335,0.1293674854396959,0.6238133883935008
26108,LOF,0.21584878734106888,0.18254268841449572,0.6016085242444353
26109,LOF,0.05807473668721901,0.15522294688715726,0.7867023164256238
26110,LOF,0.29858939379863847,0.01838289163088459,0.6830277145704768
26111,Neutral,0.48730246945413225,0.037513885046091835,0.47518364549977593
26112,LOF,0.037175211522360224,0.017668643469094948,0.9451561450085448
26113,LOF,0.06021403504254956,0.03614826493481741,0.9036377000226331
26114,LOF,0.021463760274709896,0.026676237099319437,0.9518600026259707
26115,LOF,0.09419962794724465,0.03898119668073781,0.8668191753720176
26116,LOF,0.05224620645757937,0.06086899699035991,0.8868847965520609
26117,LOF,0.31056311223749566,0.07425975386359489,0.6151771338989094
26118,LOF,0.0386135601974956,0.042562900273872654,0.9188235395286318
26119,LOF,0.022927861536251794,0.051107209915523116,0.9259649285482251
26120,LOF,0.027352888376227177,0.02712075278019005,0.9455263588435828
26121,LOF,0.05198242365594668,0.09969147177758517,0.8483261045664682
26122,LOF,0.05702245378848154,0.04502779277986731,0.8979497534316512
