feature0,prediction,LoGoFunc_Neutral,LoGoFunc_GOF,LoGoFunc_LOF
25546,Neutral,0.5994197160596055,0.05583125495504433,0.3447490289853502
25547,LOF,0.4389353648661735,0.09787573900389458,0.4631888961299318
25548,LOF,0.456002951653585,0.08077149728580363,0.4632255510606114
25549,LOF,0.3947997549526026,0.07779224152662419,0.5274080035207731
25550,LOF,0.31472040048466343,0.1039053602378496,0.581374239277487
25551,LOF,0.27654269784523333,0.11148937930473832,0.6119679228500283
25552,LOF,0.2432889360499119,0.11569523276553696,0.6410158311845512
25553,Neutral,0.7911337501189059,0.04427596331354657,0.16459028656754762
25554,LOF,0.27602413962844674,0.10821637433953996,0.6157594860320132
25555,LOF,0.23810875562878628,0.10043671494523729,0.6614545294259765
25556,LOF,0.403939159179871,0.09276448496580499,0.5032963558543241
25557,LOF,0.22828888060873065,0.10533671340523498,0.6663744059860344
25558,LOF,0.278777032070166,0.10273912207917112,0.6184838458506629
25559,LOF,0.26349223134060606,0.13700276233159112,0.5995050063278028
25560,LOF,0.17546150459996313,0.10718272234755552,0.7173557730524812
25561,LOF,0.15924236699754193,0.12100103163275398,0.719756601369704
25562,LOF,0.07462810681113882,0.07813469468841389,0.8472371985004473
25563,LOF,0.023296694333731004,0.14529229077383854,0.8314110148924305
25564,LOF,0.21785624981290425,0.1272760776333716,0.6548676725537241
25565,LOF,0.22269807589435947,0.1422466522843989,0.6350552718212417
25566,GOF,0.09152987747196176,0.7348674342796288,0.1736026882484095
25567,LOF,0.046102858307478595,0.13666314206535718,0.8172339996271643
25568,LOF,0.06586546447515887,0.07651390232657813,0.8576206331982631
25569,LOF,0.06163475098028659,0.07952383616975446,0.858841412849959
25570,LOF,0.02784618029965614,0.1004300940301972,0.8717237256701467
25571,LOF,0.026296898718750294,0.10406788067209416,0.8696352206091555
25572,LOF,0.05996284512710216,0.12090330521124126,0.8191338496616566
25573,LOF,0.056859250536793964,0.0970944450446522,0.8460463044185538
25574,LOF,0.05892575682928105,0.2098848787579923,0.7311893644127266
25575,LOF,0.0236513562966899,0.12312106916733158,0.8532275745359785
25576,LOF,0.030663367977149043,0.15164009413450413,0.8176965378883468
25577,LOF,0.029911498087722498,0.12144488966686784,0.8486436122454096
25578,LOF,0.3140633469412831,0.08727836244769377,0.5986582906110232
25579,LOF,0.14293652018865274,0.09244666705563978,0.7646168127557076
25580,LOF,0.020968809424244197,0.08381148408217066,0.8952197064935852
25581,LOF,0.057499939974699384,0.07135541252235336,0.8711446475029473
25582,LOF,0.057471410342136625,0.06863493134840418,0.8738936583094591
25583,LOF,0.022958444522876,0.08519473618112547,0.8918468192959985
25584,Neutral,0.7137115259787373,0.11464131271710037,0.17164716130416233
25585,LOF,0.030219604575904325,0.14608096518845068,0.823699430235645
25586,LOF,0.01848061280305122,0.07347370849376368,0.908045678703185
25587,LOF,0.017820658223437515,0.06410886067095285,0.9180704811056096
25588,LOF,0.02009530149068699,0.07118135637971525,0.9087233421295977
25589,Neutral,0.5159007252067831,0.21648146689965148,0.26761780789356543
25590,LOF,0.046324221258273866,0.12431096797794147,0.8293648107637847
25591,LOF,0.09734348117676718,0.06130627467810686,0.841350244145126
25592,LOF,0.061550402233700736,0.14273708086127884,0.7957125169050204
25593,LOF,0.15469966711085673,0.2595957388160033,0.58570459407314
25594,LOF,0.05128035145202696,0.08593574366383179,0.8627839048841413
25595,LOF,0.05159326682010039,0.06349686694452542,0.8849098662353743
25596,LOF,0.09792282368044941,0.031716983794640295,0.8703601925249103
25597,LOF,0.08491650935148187,0.04064420685169527,0.8744392837968228
25598,LOF,0.05192667486643283,0.062186698103797726,0.8858866270297695
25599,LOF,0.017567386969164874,0.48220257075874895,0.5002300422720861
25600,GOF,0.16426465200736232,0.5164743797570168,0.3192609682356208
25601,LOF,0.037692440381252156,0.4094103684229906,0.5528971911957573
25602,LOF,0.036834302078456164,0.06379128699900205,0.8993744109225418
25603,LOF,0.033644051202635854,0.03245526591177666,0.9339006828855875
25604,LOF,0.03504124318213098,0.07388185894484556,0.8910768978730234
25605,LOF,0.037659886433131354,0.19433324702476018,0.7680068665421084
25606,Neutral,0.45829369094793204,0.11611482879993225,0.4255914802521357
25607,LOF,0.026851520163016427,0.1672524499600057,0.8058960298769778
25608,LOF,0.03581168095001108,0.07083588520290925,0.8933524338470797
25609,GOF,0.15261242817591997,0.5390987653862503,0.3082888064378298
25610,LOF,0.015993093956390963,0.030557911196416723,0.9534489948471924
25611,LOF,0.013529031981770813,0.03668849939906958,0.9497824686191596
25612,LOF,0.045313799019792336,0.04943488762810628,0.9052513133521014
25613,LOF,0.042276364554778866,0.04691794784108832,0.9108056876041327
25614,LOF,0.02218904934586761,0.027549871156093902,0.9502610794980385
25615,LOF,0.037494434503031464,0.05222441742362935,0.9102811480733392
25616,LOF,0.053739526092596995,0.03188249162222117,0.9143779822851819
25617,LOF,0.04204764557442142,0.04715220781085329,0.9108001466147252
25618,LOF,0.04636884171946226,0.03941049616734296,0.9142206621131947
25619,LOF,0.013246933773285051,0.03596928856747651,0.9507837776592385
25620,LOF,0.06261987493904153,0.049589024757472705,0.8877911003034857
25621,LOF,0.05177471474962241,0.04411908660223386,0.9041061986481438
25622,LOF,0.05855903576337402,0.04005296779951457,0.9013879964371113
25623,LOF,0.06538309934383492,0.0332686564757441,0.9013482441804209
25624,LOF,0.018833352813203853,0.036895080124297125,0.9442715670624989
25625,LOF,0.05746723821516242,0.04556811227973933,0.8969646495050982
25626,LOF,0.04488866135526716,0.04556280751589534,0.9095485311288375
25627,Neutral,0.8915923881947659,0.01804471955848344,0.09036289224675051
25628,LOF,0.1552887406726723,0.05602962917283304,0.7886816301544948
25629,LOF,0.0643472188120357,0.04764621632816431,0.8880065648597999
25630,LOF,0.2850821547336927,0.07682371095265447,0.6380941343136527
25631,Neutral,0.5573891985097426,0.06193772806923629,0.38067307342102125
25632,LOF,0.02554097076623745,0.05505826638242563,0.9194007628513369
25633,LOF,0.15772338558062263,0.03189755248458204,0.8103790619347954
25634,LOF,0.036789532189682984,0.07054102467900371,0.8926694431313132
25635,LOF,0.036186149649073886,0.03501840917481258,0.9287954411761135
25636,LOF,0.02978682572323502,0.4662377133300693,0.5039754609466957
25637,GOF,0.07089572599051562,0.5043077016641347,0.4247965723453497
25638,LOF,0.029455329659384747,0.3789281561157368,0.5916165142248784
25639,LOF,0.029396229502278756,0.3909197746821685,0.5796839958155527
25640,Neutral,0.7781242754769586,0.17883572335483158,0.04304000116820991
25641,GOF,0.06606190016120587,0.4914586253108761,0.4424794745279181
25642,LOF,0.04589314865889689,0.17561016273297625,0.7784966886081269
25643,LOF,0.18425824963795526,0.1471728466138388,0.6685689037482059
25644,LOF,0.025775844085777176,0.4564636232321336,0.5177605326820892
25645,LOF,0.028336608961618014,0.3984861268383199,0.5731772642000621
25646,LOF,0.07209622844466218,0.33213531593006745,0.5957684556252704
25647,LOF,0.030490337624274284,0.2590228507135059,0.7104868116622197
25648,LOF,0.043354622657240306,0.2435763917749723,0.7130689855677874
25649,LOF,0.02024441956321723,0.23582871633076535,0.7439268641060174
25650,LOF,0.05822828964808035,0.38972032444229826,0.5520513859096213
25651,LOF,0.020945995022557125,0.2817050748853945,0.6973489300920482
25652,LOF,0.040724638480517626,0.2675621404658913,0.6917132210535912
25653,LOF,0.0976533536164819,0.391034257092275,0.5113123892912431
25654,LOF,0.03169717097428894,0.22917483226756205,0.739127996758149
25655,GOF,0.24169346062014727,0.38710131509893336,0.3712052242809194
25656,LOF,0.3196387583278569,0.052554713841996406,0.6278065278301467
25657,LOF,0.0703412828089767,0.05160022111909261,0.8780584960719306
25658,LOF,0.35676807534510746,0.049969582560704655,0.5932623420941878
25659,Neutral,0.5262547223147015,0.06738924925197544,0.4063560284333231
25660,LOF,0.02211375375115878,0.08101881044043786,0.8968674358084033
25661,LOF,0.09813958702970256,0.059030579476560256,0.8428298334937371
25662,LOF,0.034610046498514964,0.03547598981655042,0.9299139636849345
25663,LOF,0.04596347637829274,0.050028623434616566,0.9040079001870907
25664,LOF,0.14041331938920823,0.059902950750787796,0.7996837298600039
25665,LOF,0.05528311435537974,0.029669938793684212,0.9150469468509361
25666,LOF,0.09570409013587451,0.06605356390301735,0.8382423459611081
25667,LOF,0.0746522991724275,0.039613590510765934,0.8857341103168067
25668,LOF,0.03712546780804326,0.04950456046223762,0.9133699717297191
25669,LOF,0.03293229346900233,0.05034897580326542,0.9167187307277324
25670,LOF,0.15222619595328035,0.05700190306440534,0.7907719009823143
25671,LOF,0.11506344259539689,0.03712035181155806,0.8478162055930452
25672,LOF,0.05579015883006466,0.04090162146567151,0.9033082197042639
25673,LOF,0.08278965480371626,0.04942675699481819,0.8677835882014654
25674,LOF,0.07353050018177874,0.05917145061314433,0.867298049205077
25675,LOF,0.12625038787030068,0.054822898458168866,0.8189267136715305
25676,LOF,0.0191949128174142,0.05354920286339696,0.9272558843191888
25677,LOF,0.024694668637881913,0.07181060795160968,0.9034947234105084
25678,LOF,0.19726037948868066,0.06309273380196248,0.739646886709357
25679,LOF,0.11595752055777092,0.08247319044218711,0.8015692890000419
25680,LOF,0.03244396918305625,0.12142712259873827,0.8461289082182055
25681,LOF,0.04948676169996446,0.11374372281364206,0.8367695154863933
25682,LOF,0.1499558304504401,0.07391216072171859,0.7761320088278413
25683,LOF,0.12112959674870498,0.09425101698828325,0.7846193862630118
25684,LOF,0.04344781489765437,0.0723685373325565,0.8841836477697891
25685,LOF,0.12989951522803173,0.04660771565016087,0.8234927691218074
25686,LOF,0.07803428295168423,0.07636076460646327,0.8456049524418524
25687,LOF,0.11473494440006426,0.08055776463916255,0.8047072909607733
25688,LOF,0.3108253249641748,0.04043263233847985,0.6487420426973454
25689,LOF,0.24362969251335143,0.041065875822387105,0.7153044316642615
25690,LOF,0.34635645445886815,0.03220221435382983,0.621441331187302
25691,Neutral,0.7025173618006234,0.02616641207647456,0.271316226122902
25692,LOF,0.3587657990127595,0.011271427341601357,0.6299627736456391
25693,LOF,0.04909491245791085,0.41562479382148687,0.5352802937206023
25694,LOF,0.11409237672694725,0.02095889252232089,0.8649487307507319
25695,LOF,0.12081155227786909,0.017701933106750927,0.8614865146153801
25696,LOF,0.13490849583156458,0.011726405084394173,0.8533650990840412
25697,LOF,0.08778343762270766,0.03460982429490327,0.877606738082389
25698,LOF,0.3523871229043431,0.1853147760691437,0.4622981010265133
25699,LOF,0.47955259721125487,0.03925057698858476,0.48119682580016043
25700,LOF,0.0765201543182093,0.008105016554961597,0.915374829126829
25701,LOF,0.1387032553195581,0.04595850133040864,0.8153382433500332
25702,GOF,0.1583291753086393,0.5994193048185121,0.24225151987284851
25703,LOF,0.01610638123537631,0.16665859847022468,0.817235020294399
25704,LOF,0.040767183473008214,0.10256532364959782,0.856667492877394
25705,LOF,0.050819756079213886,0.1598203052311713,0.7893599386896147
25706,GOF,0.09995512669116749,0.4822076192590154,0.4178372540498171
25707,LOF,0.09801889631129425,0.3917048698348826,0.5102762338538231
25708,LOF,0.031561367034715404,0.33500816944337547,0.6334304635219092
25709,LOF,0.07035314332646561,0.045060905566805275,0.8845859511067291
25710,LOF,0.011374632901478802,0.1501114926625557,0.8385138744359656
25711,LOF,0.020076763823973668,0.1036937650004539,0.8762294711755724
25712,LOF,0.013687139309659323,0.1960751543114355,0.7902377063789051
25713,LOF,0.019506323451575977,0.09050789405813055,0.8899857824902935
25714,LOF,0.08029504052309629,0.08739926763460751,0.8323056918422961
25715,LOF,0.012049410477405514,0.1465509615761205,0.841399627946474
25716,LOF,0.013545791458766684,0.12838231841266734,0.858071890128566
25717,LOF,0.011948961111812395,0.08484076740065895,0.9032102714875287
25718,LOF,0.013235884663346196,0.10264995043035378,0.8841141649063
25719,LOF,0.02005979370747833,0.0811330347231925,0.8988071715693292
25720,LOF,0.02534045031986174,0.07318356791490713,0.9014759817652312
25721,LOF,0.017116185565672893,0.12366044998731468,0.8592233644470123
25722,LOF,0.014979510228774594,0.1356551204846549,0.8493653692865706
25723,LOF,0.02390622420608807,0.04674330413862663,0.9293504716552853
25724,LOF,0.03211610417127275,0.09335349560244265,0.8745304002262847
25725,LOF,0.012272783400057989,0.06913570198536095,0.918591514614581
25726,LOF,0.015745936162107017,0.11376364227692426,0.8704904215609688
25727,LOF,0.01396208826668884,0.08073045291718531,0.905307458816126
25728,LOF,0.010225632121083681,0.12497196930751077,0.8648023985714055
25729,LOF,0.01062453649690961,0.11927786641203192,0.8700975970910584
25730,LOF,0.014883999515843755,0.08860433039361788,0.8965116700905384
25731,LOF,0.019343885375804212,0.11508804299538881,0.865568071628807
25732,LOF,0.015387678256987435,0.0860263764146645,0.898585945328348
25733,LOF,0.01718684331612601,0.0820175860458562,0.9007955706380179
25734,LOF,0.012029109362450668,0.12603184829271874,0.8619390423448307
25735,LOF,0.015136117778600336,0.09500421758455263,0.889859664636847
25736,LOF,0.016546738085152952,0.10535107801705124,0.8781021838977958
25737,LOF,0.012739310763565116,0.0833155011280161,0.9039451881084188
25738,LOF,0.012896373959004316,0.11394973623762962,0.8731538898033661
25739,LOF,0.022149983082278057,0.08393021852062452,0.8939197983970973
25740,LOF,0.0273127941477448,0.12114040852034495,0.8515467973319103
25741,LOF,0.015006453662217731,0.11743834804968167,0.8675551982881006
25742,LOF,0.12774622824740722,0.09005496400691167,0.7821988077456811
25743,LOF,0.0336724835724097,0.04139465861424697,0.9249328578133432
25744,Neutral,0.5680530199307876,0.19034156216659556,0.24160541790261683
25745,LOF,0.08567155847383412,0.07246811810155643,0.8418603234246094
25746,LOF,0.043980867363500105,0.08429366442352475,0.8717254682129751
25747,LOF,0.02148467879655716,0.06047636340190702,0.9180389578015358
25748,LOF,0.09414744668706353,0.08684575226764821,0.8190068010452883
25749,LOF,0.02704716164313316,0.08616694107817767,0.8867858972786892
25750,LOF,0.09246158542632137,0.0890828027720783,0.8184556118016003
25751,LOF,0.09213195233226737,0.09353348966937743,0.8143345579983552
25752,GOF,0.12383674703512293,0.6325954469807298,0.2435678059841473
25753,LOF,0.019517354408958614,0.2603312183529187,0.7201514272381228
25754,GOF,0.011943021123643637,0.7757903442475309,0.2122666346288255
25755,LOF,0.02158317530062674,0.38294416118987695,0.5954726635094963
25756,LOF,0.042190657722328224,0.34807101062027385,0.6097383316573979
25757,GOF,0.014610600070475993,0.8261221202038526,0.1592672797256713
25758,GOF,0.0321731051409009,0.7782161979252334,0.18961069693386562
25759,GOF,0.011153793939676025,0.5528735671310151,0.43597263892930893
25760,LOF,0.012183566704321757,0.25438678489618877,0.7334296483994895
25761,GOF,0.2780636431210175,0.6123101334653056,0.10962622341367688
25762,LOF,0.03845475940461447,0.24722103961377517,0.7143242009816103
25763,LOF,0.013975417042620666,0.18784353526059655,0.7981810476967829
25764,GOF,0.07044973805375512,0.6093400935509228,0.32021016839532207
25765,GOF,0.04093192364551203,0.7265479346800581,0.23252014167443
25766,GOF,0.06865747532784541,0.7185510271389784,0.21279149753317605
25767,GOF,0.1384278015664675,0.5652947793036684,0.2962774191298641
25768,LOF,0.11725580245297702,0.0679391141097539,0.814805083437269
25769,LOF,0.060501965183961795,0.056065072199049916,0.8834329626169883
25770,LOF,0.32667920421326835,0.08413147800898176,0.5891893177777499
25771,LOF,0.041324091178582684,0.04199078572035956,0.9166851231010578
25772,LOF,0.018766644219519745,0.039072624385161236,0.9421607313953191
25773,LOF,0.044216115060565,0.09130629043796737,0.8644775945014678
25774,LOF,0.029490450578524768,0.06801413998396175,0.9024954094375136
25775,LOF,0.04914761327491023,0.04350891058265196,0.9073434761424378
25776,LOF,0.07883333594630691,0.02370240883099063,0.8974642552227026
25777,LOF,0.3527996488828195,0.05481920601396183,0.5923811451032188
25778,LOF,0.07376481290316785,0.04445078112703687,0.8817844059697952
25779,GOF,0.3793074734684353,0.583490672389585,0.03720185414197965
25780,GOF,0.32024701992294574,0.621700946763954,0.05805203331310024
25781,GOF,0.13906500997726493,0.7761524384105429,0.08478255161219209
25782,GOF,0.20643070259637597,0.725039698394054,0.06852959900957008
25783,GOF,0.0245711809859031,0.6693462012623067,0.30608261775179013
25784,Neutral,0.5077797145790535,0.4587048825760903,0.03351540284485633
25785,GOF,0.4599919121839681,0.5057991476302859,0.03420894018574599
25786,GOF,0.027494022375138587,0.7577484120971971,0.21475756552766434
25787,Neutral,0.6252620194187019,0.3522238806306476,0.022514099950650655
25788,LOF,0.05502193825976733,0.11745718057077319,0.8275208811694594
25789,GOF,0.19469932605180518,0.6946268523670537,0.11067382158114115
25790,GOF,0.21907410956945336,0.6947544989020027,0.0861713915285438
25791,GOF,0.16425882354673693,0.7006679955026818,0.13507318095058143
25792,GOF,0.3462045207579403,0.5477394826978618,0.10605599654419791
25793,GOF,0.26279465850050615,0.5412312033120268,0.19597413818746715
25794,GOF,0.29200454091174666,0.5278464818685495,0.18014897721970377
25795,GOF,0.08299429312204215,0.6867473024876977,0.23025840439026019
25796,Neutral,0.5684859128417572,0.3572824745489755,0.07423161260926717
25797,GOF,0.08548037791048828,0.548174017212422,0.3663456048770898
25798,GOF,0.00903457324179139,0.5168957409843461,0.4740696857738625
25799,LOF,0.007982463466159889,0.40250912107523956,0.5895084154586006
25800,GOF,0.033100935894999614,0.6168587290913922,0.35004033501360826
25801,GOF,0.20913470603091777,0.6725897187167168,0.11827557525236539
25802,GOF,0.08189452156988403,0.6931260890191283,0.2249793894109877
25803,GOF,0.03371303568106239,0.5827620488687302,0.3835249154502075
25804,GOF,0.030098928937770362,0.5292814446515174,0.44061962641071223
25805,GOF,0.10089984982244103,0.6114132433016037,0.2876869068759552
25806,GOF,0.10244085766413079,0.6092837472443138,0.28827539509155553
25807,GOF,0.019535075275162204,0.6382215913053801,0.3422433334194578
25808,GOF,0.0805887859351645,0.6564176647888917,0.2629935492759438
25809,GOF,0.019288326781447384,0.604479168622063,0.3762325045964897
25810,GOF,0.017072144348550554,0.6258160318413164,0.357111823810133
25811,GOF,0.46613106278443084,0.4675692550154104,0.06629968220015878
25812,GOF,0.030929841904502493,0.6442217488629697,0.32484840923252783
25813,Neutral,0.5117513267282535,0.40259071386845013,0.08565795940329637
25814,GOF,0.11720169935227255,0.6775325676040543,0.20526573304367296
25815,GOF,0.18392546940610785,0.6441170242893604,0.17195750630453183
25816,GOF,0.021387337501370667,0.6994149665098931,0.2791976959887363
25817,GOF,0.22662772772486806,0.6584584839069273,0.11491378836820466
25818,GOF,0.05516727386418929,0.653632122334979,0.2912006038008316
25819,GOF,0.36448538169956224,0.5112913857158868,0.12422323258455092
25820,GOF,0.17945221203064635,0.6232112210380789,0.19733656693127483
25821,GOF,0.061226891072113356,0.6796158922192649,0.2591572167086219
25822,GOF,0.2261792704576261,0.5756204741750178,0.19820025536735608
25823,GOF,0.03876636242853281,0.5308560741969282,0.43037756337453914
25824,GOF,0.09760405952327404,0.601055261992896,0.30134067848382984
25825,GOF,0.04249716122635595,0.5983788053725096,0.3591240334011345
25826,GOF,0.015946109679615624,0.5691202537107016,0.41493363660968274
25827,GOF,0.023182933716277908,0.5986817142648535,0.37813535201886855
25828,GOF,0.013781875574983282,0.5342816868018601,0.4519364376231566
25829,GOF,0.006558106242413037,0.5878886346878293,0.4055532590697577
25830,LOF,0.03002314120527676,0.3190033801633411,0.6509734786313821
25831,GOF,0.21317870658285576,0.6765763947894166,0.11024489862772756
25832,GOF,0.036615833914455644,0.705291084666903,0.2580930814186413
25833,GOF,0.12457132997717922,0.7228798852385578,0.15254878478426281
25834,GOF,0.03533392088504129,0.7098134042860843,0.25485267482887436
25835,GOF,0.07623999783602921,0.7641676199834945,0.15959238218047636
25836,GOF,0.035151102457136124,0.7128445383737397,0.25200435916912406
25837,GOF,0.028913115851557272,0.6085415773112526,0.36254530683719016
25838,GOF,0.09582224114475286,0.7808489619802937,0.12332879687495353
25839,GOF,0.2981200380201916,0.582352071631482,0.11952789034832645
25840,GOF,0.25590101921960634,0.6263920785244573,0.11770690225593637
25841,GOF,0.22500948701810275,0.6595488808594185,0.1154416321224788
25842,GOF,0.1809067489694455,0.6950831008850563,0.12401015014549811
25843,GOF,0.25017870645025964,0.6637894878645044,0.08603180568523591
25844,GOF,0.06964214917566024,0.7066287057604486,0.22372914506389124
25845,GOF,0.018318045415520158,0.49956070191945096,0.4821212526650288
25846,GOF,0.13255674892179503,0.7234807860757885,0.14396246500241655
25847,GOF,0.11041742531380092,0.7820004476748338,0.10758212701136514
25848,GOF,0.04390428876818491,0.6944322818189808,0.2616634294128343
25849,GOF,0.012205568751874559,0.5772828673940764,0.410511563854049
25850,GOF,0.021575703478685072,0.6655505415878381,0.31287375493347686
25851,GOF,0.018825832006241223,0.5527213840470858,0.42845278394667285
25852,GOF,0.15633814056394899,0.5780978373650074,0.26556402207104357
25853,GOF,0.3454021672920757,0.5879381016197638,0.06665973108816042
25854,GOF,0.023747824854193664,0.6233409812500847,0.3529111938957216
25855,GOF,0.03372714759695103,0.5706577587416755,0.39561509366137354
25856,GOF,0.24367836052405636,0.5589002345748932,0.19742140490105053
25857,GOF,0.03543859329994473,0.5077368665612019,0.4568245401388534
25858,GOF,0.019679691369472188,0.5493945010586239,0.43092580757190385
25859,GOF,0.010206192503168073,0.5307252766866591,0.4590685308101729
25860,GOF,0.36989366968874593,0.5617004347789663,0.06840589553228789
25861,GOF,0.4068728456203176,0.5186124009888746,0.07451475339080768
25862,GOF,0.09488977566768306,0.7695276267413234,0.13558259759099356
25863,GOF,0.0885575471098669,0.7901973924914037,0.12124506039872938
25864,GOF,0.16598206311832725,0.7579870024484044,0.07603093443326828
25865,GOF,0.0842654963526421,0.7945157924385164,0.12121871120884149
25866,GOF,0.06643866747576131,0.8028092757734242,0.1307520567508145
25867,GOF,0.09205420298714946,0.8122690838690285,0.09567671314382202
25868,GOF,0.2722228056313899,0.6354309490895083,0.09234624527910175
25869,Neutral,0.7016308260897952,0.26430659460406364,0.03406257930614106
25870,GOF,0.30246512871502923,0.38804258501112243,0.3094922862738484
25871,GOF,0.20682121369934675,0.65304941087623,0.14012937542442327
25872,GOF,0.07767808161106705,0.6756955377423544,0.24662638064657844
25873,GOF,0.12118096420072418,0.7163107456201684,0.1625082901791074
25874,LOF,0.01655345781837206,0.12114307944550952,0.8623034627361184
25875,LOF,0.1050884041477345,0.029351320628778443,0.8655602752234871
25876,LOF,0.03530952533290727,0.03394565671248362,0.930744817954609
25877,Neutral,0.5042867110011742,0.03706783796291739,0.4586454510359084
25878,LOF,0.23464506534318597,0.06349847818492396,0.7018564564718901
25879,LOF,0.10784558846826782,0.0665039792579671,0.8256504322737651
25880,LOF,0.022276766417398786,0.01606692631502348,0.9616563072675778
25881,LOF,0.15958971000256875,0.10581317270371063,0.7345971172937207
25882,LOF,0.06213729280740585,0.01572448011948709,0.9221382270731071
25883,LOF,0.08143080932493263,0.0197076307589379,0.8988615599161295
25884,LOF,0.033055061353131236,0.02987107459147171,0.9370738640553972
25885,LOF,0.06287252556860715,0.012510910360765657,0.9246165640706273
25886,LOF,0.2474296816133934,0.033957448720257064,0.7186128696663495
25887,LOF,0.15646765278594704,0.061120718757831434,0.7824116284562216
25888,LOF,0.07331788489868542,0.05768847919508789,0.8689936359062267
25889,LOF,0.04156682759653683,0.020208338592471304,0.9382248338109919
25890,LOF,0.046489363968502756,0.1495867361123115,0.8039238999191858
25891,LOF,0.03722768373796805,0.05498243314306578,0.9077898831189662
25892,LOF,0.0987628245506394,0.020767073688220433,0.8804701017611402
25893,LOF,0.2427852246810759,0.01910731806638733,0.7381074572525368
25894,LOF,0.18081191266116442,0.011106349362092848,0.8080817379767428
25895,LOF,0.21866471663838488,0.018189519757822983,0.7631457636037922
25896,LOF,0.05184629547330416,0.022451969472633348,0.9257017350540625
25897,LOF,0.27229441505321067,0.011106367960930494,0.7165992169858588
25898,Neutral,0.7054145672224351,0.008886689695772634,0.2856987430817924
25899,LOF,0.20917807119152446,0.02080960187959474,0.7700123269288808
25900,LOF,0.4461589714256533,0.01526340348608125,0.5385776250882655
25901,LOF,0.04937535229665029,0.011847184011082468,0.9387774636922672
25902,LOF,0.1635352553388615,0.012664392325802182,0.8238003523353364
25903,Neutral,0.5473218494524081,0.026937341251346895,0.425740809296245
25904,LOF,0.2711612899354395,0.045304859813811986,0.6835338502507485
25905,LOF,0.026221857006612514,0.35701235573243983,0.6167657872609476
25906,LOF,0.030395524074678076,0.08740080217093439,0.8822036737543875
25907,LOF,0.01585886080638868,0.35562690879512837,0.6285142303984829
25908,LOF,0.011177017099545012,0.27586042766417374,0.7129625552362812
25909,LOF,0.013928409129832547,0.14247326311651545,0.843598327753652
25910,LOF,0.049240664096183696,0.12350570626019793,0.8272536296436184
25911,LOF,0.18344038679721375,0.018536249830014822,0.7980233633727716
25912,LOF,0.05185687959732134,0.03564761127302535,0.9124955091296534
25913,LOF,0.3065746057220117,0.018289986334905632,0.6751354079430827
25914,LOF,0.021480315332596447,0.07512814291671045,0.9033915417506931
25915,Neutral,0.5219152794220132,0.2551031498391602,0.22298157073882655
25916,LOF,0.08285457261059459,0.3158602260504445,0.6012852013389608
25917,LOF,0.06942295446269868,0.056549748725394776,0.8740272968119065
25918,LOF,0.025952026679207846,0.04951537578756131,0.9245325975332309
25919,LOF,0.02388636207101789,0.055798267132693334,0.9203153707962888
25920,GOF,0.10731099543678008,0.48953297763709547,0.4031560269261245
25921,LOF,0.022569690957851548,0.030564024903647395,0.946866284138501
25922,LOF,0.031208146702510237,0.022890373226155974,0.9459014800713337
25923,LOF,0.40237025800432025,0.027991526654502483,0.5696382153411772
25924,LOF,0.03510788427505708,0.03792170815741883,0.9269704075675241
25925,LOF,0.06531956355869067,0.032257211366385964,0.9024232250749233
25926,LOF,0.045575232257702145,0.02841996209419153,0.9260048056481063
25927,LOF,0.060319062874840734,0.09405375118477481,0.8456271859403844
25928,LOF,0.017504302532275664,0.04070935833676043,0.9417863391309639
25929,Neutral,0.5155628758237384,0.030665779774762075,0.4537713444014995
25930,LOF,0.050610909013133996,0.025249161650698917,0.9241399293361671
25931,LOF,0.024216328153641612,0.02344796433945794,0.9523357075069004
25932,LOF,0.025955958826634182,0.020442999690038238,0.9536010414833276
25933,LOF,0.036984808277291434,0.015017039771867214,0.9479981519508415
25934,LOF,0.023878161678149285,0.01917585383370785,0.9569459844881429
25935,LOF,0.05494678434739043,0.04021489663257559,0.904838319020034
25936,LOF,0.04188245227633589,0.021411174434293537,0.9367063732893707
25937,LOF,0.024264959854494436,0.03264169812045405,0.9430933420250516
25938,LOF,0.05815198467507546,0.04192421766333253,0.8999237976615921
25939,LOF,0.04088248777620616,0.015774867277372054,0.9433426449464218
25940,LOF,0.03247446927599981,0.38277547848987653,0.5847500522341237
25941,LOF,0.16961254319020913,0.10147770489601245,0.7289097519137784
25942,LOF,0.015156453465762592,0.035765281998286776,0.9490782645359506
25943,LOF,0.30594492446358845,0.061369033997953626,0.6326860415384581
25944,LOF,0.4839582072854104,0.024504409950700873,0.49153738276388875
25945,LOF,0.06421229734953446,0.024259082354227014,0.9115286202962386
25946,LOF,0.027454322975557343,0.12577257123572913,0.8467731057887136
25947,LOF,0.11375179434868274,0.27575189883118884,0.6104963068201285
25948,LOF,0.4293662174250262,0.008445776722486018,0.5621880058524877
25949,LOF,0.1101268913060161,0.0336761630424675,0.8561969456515164
25950,GOF,0.2720104256204512,0.36585462442964223,0.36213494994990664
25951,LOF,0.20007542020484625,0.21747020500107714,0.5824543747940767
25952,LOF,0.04001892161801494,0.42612886421475116,0.5338522141672339
25953,LOF,0.14747735877757046,0.09942810343928965,0.75309453778314
25954,Neutral,0.466887729651937,0.15026698191724083,0.3828452884308222
25955,LOF,0.058535119712237384,0.08368436422350717,0.8577805160642554
25956,LOF,0.16341351652153638,0.10916305593026479,0.7274234275481989
25957,LOF,0.038652546279378135,0.03493294761528882,0.926414506105333
25958,LOF,0.06338864325994112,0.03069318994934065,0.9059181667907182
25959,LOF,0.07695432523566464,0.3854456765244626,0.5375999982398728
25960,LOF,0.017031476340416112,0.05594003826691934,0.9270284853926646
25961,LOF,0.05153817550601215,0.03307878882723947,0.9153830356667483
25962,LOF,0.0639680612900847,0.02859692311314689,0.9074350155967684
25963,LOF,0.045083991416818056,0.1880975822120525,0.7668184263711294
25964,LOF,0.03973435898026051,0.14957838609705013,0.8106872549226892
25965,Neutral,0.469514496161688,0.08195181643945665,0.44853368739885546
25966,Neutral,0.5038509519343106,0.15095328904383892,0.3451957590218504
25967,LOF,0.012458541859146167,0.08161479181539087,0.9059266663254629
25968,LOF,0.02846346378261539,0.42873168017527685,0.5428048560421077
25969,LOF,0.03024466427057289,0.05621250078079742,0.9135428349486298
25970,LOF,0.06251249031794674,0.05645989399940181,0.8810276156826513
25971,LOF,0.0772976167828744,0.016075295781323117,0.9066270874358024
25972,LOF,0.07369205313316363,0.02183145205041103,0.9044764948164254
25973,LOF,0.06908094067081447,0.012460304055376485,0.9184587552738092
25974,LOF,0.19795375881673244,0.019863766381134774,0.7821824748021328
25975,LOF,0.04597614113831013,0.03557704082808457,0.9184468180336053
25976,LOF,0.04171593645648912,0.019365792639129402,0.9389182709043814
25977,LOF,0.1527765905365767,0.0929355251750766,0.7542878842883467
25978,LOF,0.14936115452735474,0.06067569598081493,0.7899631494918302
25979,LOF,0.1412315100671516,0.059398335330983515,0.7993701546018649
25980,LOF,0.2291085314930948,0.0723376963344946,0.6985537721724107
25981,LOF,0.2621788611555291,0.07048212815154788,0.667339010692923
25982,LOF,0.4038063220322023,0.0485764837008446,0.5476171942669531
25983,LOF,0.39215158997443594,0.05597635429193978,0.5518720557336242
25984,LOF,0.050338491761270275,0.04288196038497879,0.9067795478537509
25985,LOF,0.03524679942692964,0.22114830088387466,0.7436048996891957
25986,LOF,0.03922156275925892,0.26471618177564893,0.6960622554650922
25987,LOF,0.08046457415984848,0.06519114693121175,0.8543442789089397
25988,LOF,0.1480638499584467,0.051309628140174666,0.8006265219013785
25989,LOF,0.02961344868848918,0.08765943132597559,0.8827271199855351
25990,LOF,0.04338055316566943,0.10472614355779358,0.851893303276537
25991,LOF,0.13400841887699594,0.3233458041645889,0.5426457769584152
25992,LOF,0.32182716068783007,0.16941313711202757,0.5087597022001423
25993,LOF,0.023474826938460914,0.08562856635286231,0.8908966067086769
25994,LOF,0.017556672161671113,0.12440556403454643,0.8580377638037824
25995,LOF,0.026296200783224866,0.24981714566017288,0.7238866535566022
25996,GOF,0.30485419615784093,0.4725791208329436,0.22256668300921548
25997,LOF,0.08141753024665266,0.4504558461337256,0.46812662361962176
25998,Neutral,0.5518510659320922,0.024729655354717533,0.4234192787131903
25999,LOF,0.10698943367847677,0.11770826544876002,0.7753023008727632
26000,LOF,0.15881816668442922,0.05372217133392481,0.787459661981646
26001,LOF,0.18734001369911432,0.05745533088189308,0.7552046554189925
26002,LOF,0.14147760052188277,0.048465062337668764,0.8100573371404486
26003,GOF,0.009738584929877994,0.5905858702144131,0.39967554485570883
26004,GOF,0.017697448659856223,0.6575599949833729,0.32474255635677085
26005,LOF,0.007610072712774256,0.456769845845842,0.5356200814413837
26006,Neutral,0.53166398697512,0.24019019663493787,0.2281458163899421
26007,GOF,0.02167667394019338,0.5522320379316832,0.42609128812812336
26008,GOF,0.015799672566044125,0.638751339210266,0.34544898822369
26009,GOF,0.020918728822734628,0.6818362277561745,0.2972450434210909
26010,GOF,0.02349259476959533,0.6585408795570109,0.3179665256733937
26011,LOF,0.006648523636510401,0.46859655066023803,0.5247549257032514
26012,GOF,0.013581870080087773,0.5788911269491774,0.40752700297073485
26013,GOF,0.019125725909602598,0.6103733609719785,0.3705009131184189
26014,LOF,0.04069617391637569,0.10539016548988983,0.8539136605937344
26015,LOF,0.20604670838885425,0.00872411800613284,0.7852291736050129
26016,LOF,0.2158614942440478,0.04767576709186684,0.7364627386640853
26017,LOF,0.23546894745057284,0.07397141355454531,0.6905596389948818
26018,LOF,0.0927526755784579,0.024848423585067916,0.8823989008364742
26019,LOF,0.08839757181755273,0.019005197888410208,0.8925972302940371
26020,LOF,0.07032212938745658,0.0958034550805145,0.8338744155320289
26021,LOF,0.04839547569736587,0.09423363856445127,0.8573708857381829
26022,LOF,0.010822894813442228,0.0327730381292824,0.9564040670572754
26023,LOF,0.10647589091235435,0.017038944563496982,0.8764851645241486
26024,LOF,0.03564642332399312,0.098567242094728,0.8657863345812788
26025,LOF,0.16312126230059207,0.08356112552672106,0.7533176121726869
26026,LOF,0.32454631539154394,0.022952015607345076,0.6525016690011111
26027,LOF,0.08271530421694373,0.012822864041448372,0.9044618317416079
26028,LOF,0.16851018453758923,0.06570732425791292,0.7657824912044978
26029,LOF,0.0724341354000968,0.2065561856731264,0.7210096789267767
26030,LOF,0.02307313560234715,0.06473095569235685,0.9121959087052961
26031,LOF,0.027534409420476236,0.14885578784383513,0.8236098027356886
26032,LOF,0.0692575030598347,0.07762407345459921,0.8531184234855661
26033,LOF,0.11948758735762914,0.09778856630116567,0.7827238463412053
26034,LOF,0.043321609630794455,0.1855534416453187,0.7711249487238868
26035,LOF,0.026781203974823614,0.16426267920304083,0.8089561168221355
26036,LOF,0.0433168852328056,0.1957359396013253,0.7609471751658691
26037,LOF,0.02260472631354377,0.1341768872531698,0.8432183864332864
26038,LOF,0.06430299084653189,0.08224973123042599,0.8534472779230422
26039,LOF,0.05077097843304379,0.169257454186077,0.7799715673808792
26040,LOF,0.19971973716100813,0.1541969621904436,0.6460833006485482
26041,LOF,0.02369743424950402,0.12645009072325522,0.8498524750272408
26042,LOF,0.022569768438986337,0.11749849814705395,0.8599317334139597
26043,LOF,0.06354066441799061,0.09540016366298638,0.841059171919023
26044,LOF,0.020904006996850178,0.08132278940091602,0.8977732036022339
26045,LOF,0.07686092450800014,0.11238308377989135,0.8107559917121085
26046,LOF,0.06493124525142188,0.09397472235791167,0.8410940323906664
26047,LOF,0.08800772998031002,0.09719141079117224,0.8148008592285177
26048,LOF,0.05117013054051157,0.04383508739003171,0.9049947820694568
26049,Neutral,0.9598897364999072,0.008295148900784704,0.03181511459930811
26050,Neutral,0.9464734052731107,0.010750602274049476,0.042775992452839876
26051,LOF,0.04944148753665702,0.2942056109990331,0.6563529014643099
26052,LOF,0.0690524535666617,0.33655111508725843,0.5943964313460799
26053,LOF,0.049325589636128056,0.13225864384389593,0.8184157665199759
26054,LOF,0.057939477113906734,0.017041658646409955,0.9250188642396833
26055,LOF,0.0788607612983291,0.014536499869986065,0.906602738831685
26056,LOF,0.066772664721493,0.016700098080517006,0.9165272371979901
26057,LOF,0.029668031652099355,0.012333342327481152,0.9579986260204194
26058,LOF,0.03067476703336525,0.009812805879187416,0.9595124270874473
26059,LOF,0.3109010979249489,0.0205727845592884,0.6685261175157627
26060,LOF,0.036417476719440664,0.16452193864022083,0.7990605846403385
26061,LOF,0.0171764532206958,0.010369534623971955,0.9724540121553322
26062,LOF,0.010244527882286905,0.016079740680726526,0.9736757314369866
26063,LOF,0.023042418270331946,0.012271244183485977,0.9646863375461819
26064,LOF,0.02139307512723976,0.02104160961104295,0.9575653152617174
26065,LOF,0.025115663595792034,0.010819916111019234,0.9640644202931886
26066,LOF,0.021114028025375767,0.0119840920913798,0.9669018798832445
26067,LOF,0.029253277291875077,0.008715839590361218,0.9620308831177637
26068,LOF,0.04697535251450604,0.028717965387788393,0.9243066820977056
26069,LOF,0.24984193108787814,0.017922472857387465,0.7322355960547344
26070,LOF,0.3968432458070912,0.01609209053984446,0.5870646636530644
26071,LOF,0.024856679128423414,0.012604007769941647,0.962539313101635
26072,LOF,0.02040951757900426,0.015534208104711782,0.9640562743162839
26073,LOF,0.024683183077625577,0.0113869615148944,0.96392985540748
26074,Neutral,0.9098873808425915,0.0054592676514186285,0.08465335150598981
26075,LOF,0.04475687620097108,0.014781607496917861,0.940461516302111
26076,LOF,0.04969777453758419,0.008758208755075905,0.94154401670734
26077,LOF,0.010415215058318765,0.016549526025910193,0.973035258915771
26078,LOF,0.0137528387521671,0.011211781761054734,0.9750353794867782
26079,LOF,0.05975107746284974,0.016614225336366126,0.9236346972007843
26080,LOF,0.05904533676297996,0.016643323350212905,0.924311339886807
26081,LOF,0.038927218787917744,0.006314444099288058,0.9547583371127942
26082,LOF,0.014362692340790037,0.01575107977930137,0.9698862278799086
26083,LOF,0.13664614506757994,0.01313205252867024,0.8502218024037498
26084,LOF,0.030712668257233372,0.012537199753613634,0.9567501319891529
26085,LOF,0.0264401654051532,0.012011745958352193,0.9615480886364945
26086,LOF,0.02399328465276529,0.011895267434867813,0.9641114479123669
26087,LOF,0.02857799947819277,0.008164123089516894,0.9632578774322903
26088,LOF,0.015301128376190727,0.022346937268603068,0.9623519343552063
26089,LOF,0.045539503870985314,0.02281182352694285,0.9316486726020717
26090,LOF,0.04394627220446686,0.01772075766325019,0.9383329701322829
26091,LOF,0.04015453939082411,0.006301393082052109,0.9535440675271237
26092,LOF,0.027127855545838454,0.008707663168885969,0.9641644812852754
26093,LOF,0.04074700820726885,0.006025575015331337,0.9532274167773999
26094,LOF,0.04230571270579045,0.0064074275374311745,0.9512868597567784
26095,LOF,0.041264959819266415,0.013265847697169071,0.9454691924835645
26096,LOF,0.01878803356064005,0.01272612259443424,0.9684858438449258
26097,LOF,0.011616414466388562,0.03380959514560539,0.9545739903880059
26098,LOF,0.07292974181073061,0.009886786684017095,0.9171834715052523
26099,LOF,0.025657412362190993,0.012367652814176676,0.9619749348236324
26100,LOF,0.02844444059970217,0.011797443902622563,0.9597581154976752
26101,LOF,0.06077876772853235,0.01489689782390908,0.9243243344475585
26102,LOF,0.025330414578459963,0.013976506306770456,0.9606930791147695
26103,Neutral,0.8844219677828113,0.018295866297957198,0.09728216591923158
26104,LOF,0.08346145396257079,0.023364048702744857,0.8931744973346842
26105,LOF,0.19841674846743615,0.3187550870963354,0.48282816443622834
26106,LOF,0.1967997146616415,0.13223380963837691,0.6709664756999816
26107,LOF,0.23358822737314913,0.09514589578171141,0.6712658768451395
26108,LOF,0.23076384492878044,0.12964147077949564,0.6395946842917238
26109,LOF,0.10106029812316991,0.06286414616994451,0.8360755557068855
26110,LOF,0.29580200385703764,0.00800870633007681,0.6961892898128856
26111,LOF,0.47139340279635233,0.0220149154941586,0.506591681709489
26112,LOF,0.03273201209165139,0.006607378303468652,0.9606606096048801
26113,LOF,0.053887547626681645,0.012996015852107669,0.9331164365212107
26114,LOF,0.02657929733448905,0.021352359572661916,0.952068343092849
26115,LOF,0.09446673893759427,0.04478207601227088,0.8607511850501348
26116,LOF,0.06429698313254092,0.03853202788795197,0.897170988979507
26117,LOF,0.42403460211712896,0.04167100603323546,0.5342943918496356
26118,LOF,0.037007751167963156,0.023677692211401896,0.9393145566206349
26119,LOF,0.022045097619218832,0.030985561688945014,0.9469693406918362
26120,LOF,0.02909208394746267,0.020538302825848728,0.9503696132266887
26121,LOF,0.03970894423272329,0.07120939507151414,0.8890816606957626
