feature0,prediction,LoGoFunc_Neutral,LoGoFunc_GOF,LoGoFunc_LOF
25546,Neutral,0.6812705452323433,0.0551556919056044,0.26357376286205236
25547,Neutral,0.5194725463047605,0.09904492236274168,0.3814825313324979
25548,Neutral,0.5184811947792011,0.08115287633689784,0.4003659288839011
25549,LOF,0.44767395293069473,0.08246818796102681,0.46985785910827854
25550,LOF,0.37820847732220153,0.12594563246074383,0.4958458902170546
25551,LOF,0.3121911122575749,0.136826917275169,0.550981970467256
25552,LOF,0.24915709027999422,0.13169833817408344,0.6191445715459223
25553,Neutral,0.8189154976478351,0.04243153685569976,0.13865296549646522
25554,LOF,0.2959744900240944,0.12223659478552858,0.581788915190377
25555,LOF,0.24521792660479666,0.11925676277553365,0.6355253106196697
25556,Neutral,0.4498842696591921,0.10622783888498548,0.4438878914558224
25557,LOF,0.2377796129291524,0.12153883224227065,0.6406815548285769
25558,LOF,0.2987215904298479,0.12111474068755575,0.5801636688825963
25559,LOF,0.16630253654810145,0.1261511644318118,0.7075462990200868
25560,LOF,0.16314825685889206,0.0943637709631713,0.7424879721779366
25561,LOF,0.151459178308796,0.11652416687053747,0.7320166548206666
25562,LOF,0.0706569837559094,0.07321199336573382,0.8561310228783569
25563,LOF,0.022073039316517575,0.11380317894207537,0.864123781741407
25564,LOF,0.23301435358782155,0.1164118994783644,0.650573746933814
25565,LOF,0.21338902212847524,0.13680056629192372,0.6498104115796012
25566,GOF,0.09784923018969958,0.6997609036160956,0.20238986619420496
25567,LOF,0.03732788328052416,0.13908120962011059,0.8235909070993653
25568,LOF,0.05978329472814432,0.07825408421421817,0.8619626210576375
25569,LOF,0.05861066379553452,0.0751520741499022,0.8662372620545634
25570,LOF,0.02677930543987388,0.10376208070360989,0.8694586138565161
25571,LOF,0.02591079810195262,0.10472667128573591,0.8693625306123115
25572,LOF,0.058921937234057455,0.12037767725522998,0.8207003855107127
25573,LOF,0.05531241185204704,0.08891700267943917,0.8557705854685139
25574,LOF,0.05709626086255764,0.1834279993251542,0.7594757398122881
25575,LOF,0.022623104874787144,0.12595809472345876,0.851418800401754
25576,LOF,0.0341300920325974,0.16223286411664636,0.8036370438507563
25577,LOF,0.028625494160075246,0.11134517352582414,0.8600293323141006
25578,LOF,0.29919257895172435,0.08453234666249616,0.6162750743857794
25579,LOF,0.1286890243576312,0.09254750040912608,0.7787634752332427
25580,LOF,0.018683190139390585,0.07994879279969251,0.9013680170609168
25581,LOF,0.05628908159575581,0.07043654662597815,0.8732743717782661
25582,LOF,0.0562221604206961,0.0699180676969653,0.8738597718823385
25583,LOF,0.019690604534913923,0.08247066687548367,0.8978387285896023
25584,Neutral,0.6654600995967083,0.09358835354856083,0.24095154685473102
25585,LOF,0.033696760527859165,0.13159398135284878,0.834709258119292
25586,LOF,0.018345128240595122,0.0683813794732137,0.9132734922861913
25587,LOF,0.017373851124287305,0.061424637950504346,0.9212015109252083
25588,LOF,0.019404638212640633,0.07156270668468895,0.9090326551026703
25589,Neutral,0.5030126072775309,0.1974932091053494,0.29949418361711966
25590,LOF,0.04793643434086505,0.10689482358202525,0.8451687420771098
25591,LOF,0.09835559780544638,0.06003955146458138,0.8416048507299723
25592,LOF,0.05619863408978984,0.13877343912756146,0.8050279267826487
25593,LOF,0.12485268311583919,0.2404014194828253,0.6347458974013355
25594,LOF,0.04715135162797225,0.10747108556699926,0.8453775628050284
25595,LOF,0.0461108332511486,0.07510745215081957,0.8787817145980318
25596,LOF,0.09601174543629303,0.04337083604197693,0.8606174185217299
25597,LOF,0.08239123599787833,0.05107379146720535,0.8665349725349163
25598,LOF,0.04929571105566103,0.0810680178797771,0.8696362710645619
25599,GOF,0.02035390586034255,0.5355449043478697,0.44410118979178764
25600,GOF,0.18960594099785283,0.4912371337431232,0.31915692525902395
25601,LOF,0.04162905427413,0.4014952242868604,0.5568757214390097
25602,LOF,0.031555771239498306,0.05545443868681005,0.9129897900736915
25603,LOF,0.03660939428863268,0.029565922724033536,0.9338246829873338
25604,LOF,0.032152238917517846,0.05409062837083775,0.9137571327116444
25605,LOF,0.039177496466744975,0.17730487478506987,0.7835176287481851
25606,LOF,0.4230232965395958,0.10284189191843841,0.4741348115419659
25607,LOF,0.02431153465918441,0.17114701699898097,0.8045414483418346
25608,LOF,0.03694102932611625,0.07363768177999899,0.8894212888938847
25609,GOF,0.16052241443531748,0.54497185656337,0.2945057290013126
25610,LOF,0.015756702721118395,0.02601288138672166,0.9582304158921601
25611,LOF,0.01523788910067628,0.029147734645177024,0.9556143762541467
25612,LOF,0.04685809984574319,0.03726262721556396,0.9158792729386928
25613,LOF,0.04442015098362615,0.03715819031570879,0.9184216587006651
25614,LOF,0.022561079196557504,0.025532270269340115,0.9519066505341024
25615,LOF,0.04465597935496267,0.03189084261279411,0.9234531780322432
25616,LOF,0.04635077459700423,0.024501051158311932,0.9291481742446838
25617,LOF,0.044062224408851276,0.03343652424547296,0.9225012513456757
25618,LOF,0.052324722392558,0.030136445600601865,0.9175388320068402
25619,LOF,0.014870298134846912,0.02702101490672583,0.9581086869584273
25620,LOF,0.06321707437882948,0.03492849277408383,0.9018544328470868
25621,LOF,0.05417413795699734,0.028185739816829643,0.917640122226173
25622,LOF,0.06402273349534032,0.029519650447886896,0.9064576160567729
25623,LOF,0.0766182391713227,0.026882039140084597,0.8964997216885927
25624,LOF,0.019200145891794893,0.034021042296274506,0.9467788118119306
25625,LOF,0.06758886165190081,0.03768207936531117,0.8947290589827881
25626,LOF,0.04599726680039385,0.03530604960813489,0.9186966835914712
25627,Neutral,0.8862011176318243,0.020126444337152917,0.09367243803102275
25628,LOF,0.14674319461369711,0.060600247005148565,0.7926565583811542
25629,LOF,0.060305851662367446,0.04351459469034277,0.8961795536472897
25630,LOF,0.27347684116999993,0.07169078483614791,0.6548323739938523
25631,Neutral,0.5305572007640892,0.06179941927738134,0.4076433799585294
25632,LOF,0.026825369940094025,0.0544592601974182,0.9187153698624878
25633,LOF,0.18134417182097215,0.035512664877579994,0.7831431633014478
25634,LOF,0.0333375167262229,0.07763505607344068,0.8890274272003366
25635,LOF,0.039739903124084014,0.04099655623651681,0.9192635406393992
25636,GOF,0.041563761067415106,0.48725768764933086,0.47117855128325403
25637,GOF,0.07931463432405647,0.47057143574044774,0.4501139299354957
25638,LOF,0.04546143934484452,0.2878992027933486,0.6666393578618068
25639,LOF,0.0362392208120481,0.3435956117827073,0.6201651674052445
25640,Neutral,0.8187585882796518,0.1393461447930524,0.04189526692729602
25641,LOF,0.05149564618432331,0.4536988918963286,0.494805461919348
25642,LOF,0.04117631532463087,0.14610774550745886,0.8127159391679103
25643,LOF,0.18273142760194444,0.1720451144365883,0.6452234579614672
25644,LOF,0.021897598738023112,0.45423566601510723,0.5238667352468696
25645,LOF,0.020558870385398168,0.4297681684220029,0.549672961192599
25646,LOF,0.054059524683923076,0.3413590213836114,0.6045814539324655
25647,LOF,0.022739790626030466,0.25648369840710605,0.7207765109668636
25648,LOF,0.031229904935265,0.23168515493634614,0.7370849401283889
25649,LOF,0.015725900291033715,0.2255638638443966,0.7587102358645696
25650,LOF,0.05401721631465881,0.4084503322053781,0.5375324514799631
25651,LOF,0.01691896078418013,0.2656623688602938,0.7174186703555261
25652,LOF,0.030802573668492792,0.25929264425145604,0.7099047820800511
25653,LOF,0.08147220251269478,0.39861439702617485,0.5199134004611303
25654,LOF,0.025008134980462664,0.20543129809171648,0.7695605669278208
25655,LOF,0.22433833677070286,0.3782868570655594,0.39737480616373766
25656,LOF,0.28974368100523323,0.04164920434656977,0.668607114648197
25657,LOF,0.07988969800896316,0.049527915266656904,0.8705823867243799
25658,LOF,0.3628374648158763,0.043653575561318075,0.5935089596228056
25659,Neutral,0.51599276947503,0.06473630175733833,0.41927092876763167
25660,LOF,0.023829989843105553,0.08026461720689525,0.8959053929499993
25661,LOF,0.0908224412144454,0.057781895857332274,0.8513956629282224
25662,LOF,0.031018188347646074,0.0317695969451339,0.9372122147072199
25663,LOF,0.03658001410684926,0.04471719837047276,0.9187027875226779
25664,LOF,0.1314526184915205,0.05757326901513749,0.810974112493342
25665,LOF,0.05204032002708649,0.0319834471560556,0.9159762328168579
25666,LOF,0.09044909843522407,0.07532807811081257,0.8342228234539633
25667,LOF,0.06259109864914411,0.04379178834619871,0.8936171130046573
25668,LOF,0.03703720935324061,0.044046393271037564,0.9189163973757218
25669,LOF,0.034608055893823146,0.051152716709873335,0.9142392273963036
25670,LOF,0.14555105710415087,0.039291566391391516,0.8151573765044576
25671,LOF,0.08722687643125977,0.03154385810108642,0.8812292654676537
25672,LOF,0.05390910395467318,0.04457261340742356,0.9015182826379033
25673,LOF,0.0832450939021865,0.03806365360099046,0.8786912524968231
25674,LOF,0.07185260748878644,0.048189340719690756,0.8799580517915228
25675,LOF,0.11609956857916341,0.046391516526379434,0.8375089148944571
25676,LOF,0.018145050259399918,0.04823538295634503,0.933619566784255
25677,LOF,0.024277087618082907,0.06301778532809174,0.9127051270538254
25678,LOF,0.16895946845810264,0.05537884648573899,0.7756616850561584
25679,LOF,0.1312866536795243,0.07241197768791852,0.7963013686325572
25680,LOF,0.028700543071061624,0.10632332461841347,0.864976132310525
25681,LOF,0.047939334041731785,0.0967122429767068,0.8553484229815616
25682,LOF,0.14346885751337532,0.06320812342178515,0.7933230190648395
25683,LOF,0.12769423238975772,0.0816029448584189,0.7907028227518234
25684,LOF,0.04048148650972378,0.06348452588519721,0.8960339876050789
25685,LOF,0.13927401073114626,0.04774785069456341,0.8129781385742905
25686,LOF,0.07337905258257789,0.09095815056896174,0.8356627968484603
25687,LOF,0.10904166459165217,0.08549451752828625,0.8054638178800616
25688,LOF,0.30963252640579875,0.04134153444649634,0.649025939147705
25689,LOF,0.22788998654729897,0.05336269533450571,0.7187473181181953
25690,LOF,0.3614724060163624,0.035345137886792236,0.6031824560968454
25691,Neutral,0.6934713850391006,0.035206540823435835,0.2713220741374637
25692,LOF,0.28973917143014405,0.010785276177325645,0.6994755523925303
25693,LOF,0.04864103958291376,0.47254998938554904,0.47880897103153736
25694,LOF,0.1230344166118124,0.020160925816833087,0.8568046575713545
25695,LOF,0.12180152940985833,0.01857182382256074,0.8596266467675808
25696,LOF,0.12178014460360448,0.009783841847322974,0.8684360135490724
25697,LOF,0.12211226632846775,0.02639460051018661,0.8514931331613457
25698,LOF,0.34530100981085105,0.25163018671468096,0.40306880347446805
25699,LOF,0.43218372033056046,0.043109663454344395,0.5247066162150952
25700,LOF,0.05268812081025896,0.010922370407003609,0.9363895087827374
25701,LOF,0.16800852141532546,0.05594041831619471,0.7760510602684799
25702,GOF,0.173658004352338,0.5811854475478873,0.2451565480997747
25703,LOF,0.016102553937163155,0.15905050318769712,0.8248469428751397
25704,LOF,0.049295967674339886,0.11501574636453424,0.835688285961126
25705,LOF,0.05734224470349504,0.18444169727244633,0.7582160580240587
25706,LOF,0.09097164809056252,0.35788586979346176,0.5511424821159757
25707,LOF,0.10586148931374771,0.294189998127497,0.5999485125587553
25708,LOF,0.03086504616553691,0.26969446200238095,0.6994404918320822
25709,LOF,0.055143557952896195,0.04088396475682334,0.9039724772902804
25710,LOF,0.011262723669511147,0.12783443162087466,0.8609028447096141
25711,LOF,0.018118954455932968,0.08987384205168025,0.8920072034923867
25712,LOF,0.013178366530063022,0.1740700660502575,0.8127515674196796
25713,LOF,0.01790932319400901,0.07900918389350142,0.9030814929124896
25714,LOF,0.06942122174751617,0.07704636365195834,0.8535324146005255
25715,LOF,0.010223637048321854,0.13567063774819085,0.8541057252034874
25716,LOF,0.013205322513622464,0.1182857344470256,0.868508943039352
25717,LOF,0.012813984695624992,0.07969532287078225,0.9074906924335928
25718,LOF,0.011500191676216697,0.10813298761351223,0.8803668207102711
25719,LOF,0.01795212398299667,0.08460487027103449,0.8974430057459688
25720,LOF,0.02106712379702774,0.07093627099117963,0.9079966052117927
25721,LOF,0.01611822477810276,0.10090965909753395,0.8829721161243632
25722,LOF,0.01358075669044751,0.1257892390377581,0.8606300042717944
25723,LOF,0.02157576355434579,0.044622111422838145,0.933802125022816
25724,LOF,0.023867975615557802,0.08072284634609164,0.8954091780383505
25725,LOF,0.011424732347989816,0.06832226931625743,0.9202529983357527
25726,LOF,0.01436198076335062,0.10186099691768513,0.8837770223189643
25727,LOF,0.012710140225700675,0.08229714609477094,0.9049927136795284
25728,LOF,0.009525843003309007,0.10373511582806472,0.8867390411686263
25729,LOF,0.009823867326497655,0.1079587961799072,0.8822173364935952
25730,LOF,0.013329186035789396,0.07708135902391176,0.9095894549402989
25731,LOF,0.021749133391622363,0.11732414751706353,0.8609267190913142
25732,LOF,0.014519775629260035,0.0869437259079768,0.8985364984627631
25733,LOF,0.015655906520287536,0.07151771233857399,0.9128263811411386
25734,LOF,0.013278861909112585,0.11852264523267136,0.8681984928582162
25735,LOF,0.013415713245590594,0.07990717309053748,0.9066771136638719
25736,LOF,0.013883882155930352,0.11407540879836307,0.8720407090457066
25737,LOF,0.020211878448008706,0.07906304180387382,0.9007250797481176
25738,LOF,0.013128241602889987,0.10931478181455252,0.8775569765825575
25739,LOF,0.018859542919640346,0.07685776323680302,0.9042826938435568
25740,LOF,0.02564097949382611,0.09162859945433195,0.882730421051842
25741,LOF,0.014369521980354296,0.10257453357503853,0.8830559444446071
25742,LOF,0.10942537376202276,0.07624263895955444,0.8143319872784228
25743,LOF,0.03739300341716678,0.029888666211957945,0.9327183303708753
25744,Neutral,0.5818941792825081,0.20332944840982617,0.21477637230766577
25745,LOF,0.08329694142735951,0.061156973758599284,0.8555460848140412
25746,LOF,0.04111969851057805,0.06733880304882028,0.8915414984406017
25747,LOF,0.02325930631283123,0.035312469416924,0.9414282242702448
25748,LOF,0.09630535299560726,0.05180439833050858,0.8518902486738842
25749,LOF,0.02694039587044138,0.06449804425910911,0.9085615598704495
25750,LOF,0.08238680091316575,0.07407918778254301,0.8435340113042912
25751,LOF,0.09790600667294748,0.04910889640667836,0.8529850969203742
25752,GOF,0.11582384987311299,0.6645435254034481,0.21963262472343897
25753,LOF,0.020161563258299934,0.24954599997800483,0.7302924367636953
25754,GOF,0.009896659267242598,0.7533665186162093,0.23673682211654815
25755,LOF,0.022080931187523176,0.3691082179614252,0.6088108508510517
25756,LOF,0.03959615157283138,0.3566505836020659,0.6037532648251027
25757,GOF,0.01522451561581524,0.8206839615995584,0.1640915227846265
25758,GOF,0.0315531099146487,0.8186897451421344,0.1497571449432169
25759,GOF,0.012549373670646975,0.5142987163889565,0.4731519099403965
25760,LOF,0.013946793908586021,0.22897552477533975,0.7570776813160742
25761,GOF,0.293948045074063,0.590872363793418,0.11517959113251895
25762,LOF,0.0351119021493317,0.2544639161787557,0.7104241816719127
25763,LOF,0.014245569877400907,0.19017528298747183,0.7955791471351273
25764,GOF,0.08042215363545308,0.6075121027589498,0.31206574360559713
25765,GOF,0.04540970774531522,0.7314683005648576,0.2231219916898271
25766,GOF,0.06592087355378223,0.768327566155153,0.16575156029106491
25767,GOF,0.1738785196639734,0.43628112381629,0.3898403565197366
25768,LOF,0.09264245049295682,0.06461314718132191,0.8427444023257212
25769,LOF,0.06333115381422755,0.05917924256627707,0.8774896036194954
25770,LOF,0.26134781376298233,0.08715772642283943,0.6514944598141782
25771,LOF,0.041924126525660105,0.04553549453753873,0.9125403789368012
25772,LOF,0.01695157288307831,0.030818551557525203,0.9522298755593965
25773,LOF,0.0459393251675303,0.07606484975707062,0.8779958250753992
25774,LOF,0.026467618777930007,0.0714533475891124,0.9020790336329576
25775,LOF,0.04361466993398611,0.044763103917939966,0.911622226148074
25776,LOF,0.06739304396449106,0.023002965973745276,0.9096039900617637
25777,LOF,0.34890653992047155,0.04802373244953069,0.6030697276299977
25778,LOF,0.061298437377299037,0.04896256727005745,0.8897389953526434
25779,GOF,0.36411300762666265,0.5919300622277157,0.043956930145621714
25780,GOF,0.2962465103582277,0.6347561597540522,0.0689973298877202
25781,GOF,0.13608817822076744,0.7600367288902273,0.10387509288900527
25782,GOF,0.18955163574364792,0.741316037230354,0.06913232702599809
25783,GOF,0.026352152537027735,0.6436082279551755,0.33003961950779687
25784,Neutral,0.4874392322562591,0.47246580182688064,0.04009496591686034
25785,GOF,0.36208222054649336,0.5949753932151071,0.042942386238399494
25786,GOF,0.02411106315322067,0.7653139875528265,0.2105749492939529
25787,Neutral,0.6400959793163384,0.3349767597697266,0.024927260913935007
25788,LOF,0.047845465075638874,0.10638101171026683,0.8457735232140943
25789,GOF,0.19725982907855166,0.6516051078751538,0.15113506304629448
25790,GOF,0.21562916932612194,0.6787153325887326,0.10565549808514546
25791,GOF,0.1372006154519477,0.6721081848127886,0.19069119973526366
25792,GOF,0.3022707174133941,0.5543128624637386,0.14341642012286726
25793,GOF,0.2526865697956596,0.5570255965895361,0.19028783361480434
25794,GOF,0.31103494088033823,0.5166737160251147,0.17229134309454716
25795,GOF,0.07644000282539258,0.6986883241152597,0.22487167305934772
25796,Neutral,0.5365895196386155,0.38655235306667546,0.07685812729470914
25797,GOF,0.08954131362147151,0.5441270598288286,0.3663316265496999
25798,GOF,0.009037237354380175,0.501666663067633,0.4892960995779868
25799,LOF,0.006645686170943136,0.3904169847304559,0.602937329098601
25800,GOF,0.030718865575392194,0.5790902123946595,0.39019092202994815
25801,GOF,0.1635950453469845,0.6939943519249686,0.14241060272804681
25802,GOF,0.07652371461642603,0.6945253461198796,0.22895093926369428
25803,GOF,0.03607147040388556,0.5753272295398744,0.38860130005624005
25804,GOF,0.030331611461462703,0.49396693416432164,0.47570145437421574
25805,GOF,0.09651421669336605,0.6113086606231051,0.29217712268352886
25806,GOF,0.09817516477812202,0.5811281372670569,0.32069669795482103
25807,GOF,0.0199225205098741,0.6298446273136987,0.35023285217642725
25808,GOF,0.07919362524688515,0.6360818941937124,0.28472448055940247
25809,GOF,0.016698603369803392,0.5609852243937731,0.4223161722364236
25810,GOF,0.015708513335172238,0.5985680361441905,0.38572345052063717
25811,GOF,0.4413809406605103,0.47272009351803873,0.08589896582145103
25812,GOF,0.029391580954849023,0.5955587646374066,0.37504965440774424
25813,Neutral,0.5252440627804812,0.3760516704117066,0.0987042668078122
25814,GOF,0.11112721042209306,0.6275448773596622,0.26132791221824475
25815,GOF,0.19932990377671198,0.5825319618350602,0.21813813438822788
25816,GOF,0.02652242256140487,0.7177180426291708,0.2557595348094244
25817,GOF,0.24751096244763687,0.6071529341810378,0.14533610337132544
25818,GOF,0.04987628182498477,0.6587364562133482,0.29138726196166714
25819,GOF,0.36820288043855376,0.49093864515981706,0.1408584744016292
25820,GOF,0.18846937146528697,0.5944437982921629,0.2170868302425501
25821,GOF,0.05868225511216075,0.6472559377051678,0.2940618071826715
25822,GOF,0.2329614757729613,0.5460671487606934,0.22097137546634527
25823,GOF,0.033225111008393586,0.5412529574658002,0.42552193152580625
25824,GOF,0.08945710142375164,0.59722392732465,0.31331897125159835
25825,GOF,0.03615235207648023,0.5933055147725174,0.3705421331510023
25826,GOF,0.015886543003043124,0.5622939226779301,0.42181953431902675
25827,GOF,0.02516021838235569,0.6008206321351245,0.3740191494825198
25828,GOF,0.013956395756773324,0.5365700433035744,0.44947356093965224
25829,GOF,0.005669310085227219,0.5626940679967437,0.43163662191802904
25830,LOF,0.03047071723038833,0.26439640989163643,0.7051328728779751
25831,GOF,0.23133311239885596,0.6395249469253649,0.12914194067577928
25832,GOF,0.028190033701991274,0.6938599938169104,0.27794997248109826
25833,GOF,0.10467941057517188,0.7322474788141767,0.16307311061065138
25834,GOF,0.02840260326889125,0.7098222493398558,0.261775147391253
25835,GOF,0.05884247102264014,0.7708327911814687,0.1703247377958912
25836,GOF,0.03266978890982244,0.6715988263862939,0.29573138470388377
25837,GOF,0.02476524235342485,0.6045199610748196,0.3707147965717555
25838,GOF,0.08636949019454063,0.7549364121673232,0.15869409763813616
25839,GOF,0.2869139061234838,0.5588818494167365,0.1542042444597797
25840,GOF,0.2541537889757819,0.6032234011751885,0.1426228098490296
25841,GOF,0.2542046021844226,0.604603693064017,0.14119170475156045
25842,GOF,0.14726391634752056,0.7231545396464781,0.1295815440060014
25843,GOF,0.21740499279897724,0.6884330618300843,0.09416194537093829
25844,GOF,0.05725251055833316,0.7440774975527569,0.1986699918889101
25845,GOF,0.014750717843718593,0.5316942055081103,0.4535550766481711
25846,GOF,0.11606526399859618,0.7461177734024642,0.13781696259893966
25847,GOF,0.10179940672274594,0.7884017874799578,0.10979880579729619
25848,GOF,0.032309574636517326,0.6999233750499163,0.26776705031356646
25849,GOF,0.00999246758172994,0.6099735698853379,0.38003396253293226
25850,GOF,0.018772542314404034,0.6607066822540703,0.3205207754315257
25851,GOF,0.015190336496323774,0.5511088127975152,0.433700850706161
25852,GOF,0.15610330112943477,0.5597762890396163,0.28412040983094894
25853,GOF,0.34657068105362976,0.5723164261832597,0.08111289276311055
25854,GOF,0.021455932187008007,0.6026231008548872,0.3759209669581048
25855,GOF,0.031185728962906414,0.5369948804521281,0.4318193905849655
25856,GOF,0.22970563246323436,0.5356857128615842,0.23460865467518155
25857,GOF,0.03899296568801667,0.5079014796603811,0.4531055546516022
25858,GOF,0.021163832223260157,0.5094537727384144,0.4693823950383255
25859,LOF,0.010936837233780743,0.48481807068850963,0.5042450920777096
25860,GOF,0.3599220207113533,0.5516545105740117,0.08842346871463509
25861,GOF,0.42076809525371545,0.5040674074135799,0.07516449733270475
25862,GOF,0.07105300265586266,0.7802838265799515,0.14866317076418592
25863,GOF,0.07325491377578927,0.7865289068325867,0.14021617939162415
25864,GOF,0.19475847633424784,0.7322985069064627,0.07294301675928942
25865,GOF,0.07520780602558842,0.8184154244094033,0.10637676956500822
25866,GOF,0.04914754709308282,0.7981571474951323,0.1526953054117849
25867,GOF,0.07538211316363758,0.824679655716012,0.0999382311203504
25868,GOF,0.2495893772275425,0.6429331874941322,0.10747743527832536
25869,Neutral,0.7195410010642267,0.23400930390933333,0.04644969502644
25870,GOF,0.30336631422900445,0.3668191039086797,0.32981458186231577
25871,GOF,0.22896588325248501,0.6482865756956249,0.12274754105189024
25872,GOF,0.07475630979601953,0.6603766798272757,0.26486701037670474
25873,GOF,0.11017563858105138,0.7073292349294105,0.1824951264895382
25874,LOF,0.014109914997116384,0.11826881839477092,0.8676212666081126
25875,LOF,0.09211761214718148,0.04361305517053048,0.864269332682288
25876,LOF,0.03534290148075883,0.031244448347970286,0.933412650171271
25877,Neutral,0.5014513112267838,0.04376723360918577,0.4547814551640304
25878,LOF,0.23888848601836896,0.09244569899773653,0.6686658149838944
25879,LOF,0.09066289384198957,0.0878098056015885,0.8215273005564219
25880,LOF,0.04331081887826506,0.01554321689366001,0.9411459642280751
25881,LOF,0.15818488525853985,0.12200203006692768,0.7198130846745324
25882,LOF,0.0591109744081232,0.016282067485710337,0.9246069581061666
25883,LOF,0.06541390840464086,0.019241635909583717,0.9153444556857754
25884,LOF,0.028864067556367747,0.029671828807927143,0.9414641036357051
25885,LOF,0.05691559834619278,0.011009452368044471,0.9320749492857628
25886,LOF,0.2520945020354517,0.03883616444572287,0.7090693335188255
25887,LOF,0.14828699761803768,0.06768196428867428,0.7840310380932881
25888,LOF,0.06377802099881742,0.061352459904688204,0.8748695190964945
25889,LOF,0.037134463898888595,0.020315647149454642,0.9425498889516567
25890,LOF,0.048465176934331854,0.14436672164168118,0.807168101423987
25891,LOF,0.0404588983529078,0.05520183964393277,0.9043392620031594
25892,LOF,0.08319856069627578,0.02329896234040213,0.8935024769633221
25893,LOF,0.24389306324362578,0.01832351415205778,0.7377834226043164
25894,LOF,0.18948117937296832,0.012802383584805442,0.7977164370422262
25895,LOF,0.20166322542189863,0.022529370809306306,0.7758074037687951
25896,LOF,0.049821431050880466,0.021514414432654793,0.9286641545164647
25897,LOF,0.2622784713105226,0.013889596862628965,0.7238319318268484
25898,Neutral,0.6945583189010464,0.011370954940468414,0.29407072615848523
25899,LOF,0.20726291306852632,0.021359349823098974,0.7713777371083748
25900,LOF,0.46058799857722577,0.012119540743157903,0.5272924606796164
25901,LOF,0.05340449345422341,0.011150743429695454,0.9354447631160812
25902,LOF,0.15798524374700598,0.013630965830804764,0.8283837904221893
25903,Neutral,0.5906619093639601,0.029251684708137618,0.3800864059279023
25904,LOF,0.3030575940076933,0.04161032779835323,0.6553320781939534
25905,LOF,0.025041710131884755,0.3343464958833807,0.6406117939847346
25906,LOF,0.032626426640379624,0.07946385046884269,0.8879097228907776
25907,LOF,0.014195914194905734,0.32466905332046897,0.6611350324846251
25908,LOF,0.009838844967797076,0.2515695883410043,0.7385915666911986
25909,LOF,0.01362063207897771,0.13121189686297466,0.8551674710580476
25910,LOF,0.04858818513628769,0.14749171317022292,0.8039201016934894
25911,LOF,0.18100906549427592,0.023403144346415904,0.7955877901593081
25912,LOF,0.04624386914152281,0.04519363432818874,0.9085624965302884
25913,LOF,0.334917687102996,0.02155320152910512,0.6435291113678988
25914,LOF,0.021052237415786604,0.05287922726263866,0.9260685353215747
25915,Neutral,0.5490903068150024,0.1597623174318348,0.29114737575316285
25916,LOF,0.08131602041070596,0.225777203839606,0.6929067757496881
25917,LOF,0.06531412968482446,0.04059775188628484,0.8940881184288908
25918,LOF,0.022361574651740504,0.032095773616868724,0.9455426517313908
25919,LOF,0.01998657918601934,0.03527995677383327,0.9447334640401472
25920,GOF,0.1072681464005326,0.5028690808933038,0.3898627727061636
25921,LOF,0.026282874167271906,0.03483090229374822,0.9388862235389799
25922,LOF,0.033989434649981116,0.02573611168160947,0.9402744536684094
25923,Neutral,0.492307018364239,0.0370284146427149,0.4706645669930461
25924,LOF,0.03932354898843035,0.04614615582208635,0.9145302951894833
25925,LOF,0.07429806282308217,0.03766161522120818,0.8880403219557096
25926,LOF,0.05087858849759741,0.0332932906645293,0.9158281208378732
25927,LOF,0.061014551966476094,0.1501699805845582,0.7888154674489658
25928,LOF,0.019452215702260876,0.05315902048515693,0.9273887638125822
25929,Neutral,0.6111758548520948,0.039553971288659964,0.3492701738592452
25930,LOF,0.07878823595788666,0.03253665853490062,0.8886751055072126
25931,LOF,0.02636806166831796,0.03470044580949368,0.9389314925221883
25932,LOF,0.029063042120388943,0.028751068175289204,0.9421858897043219
25933,LOF,0.03919657085882837,0.01983951554586889,0.9409639135953028
25934,LOF,0.025890655919152676,0.021353037026789368,0.9527563070540579
25935,LOF,0.06346615847372683,0.05006013237460652,0.8864737091516666
25936,LOF,0.04460404092107304,0.025775060747754732,0.9296208983311721
25937,LOF,0.027365511113704177,0.038484931364608226,0.9341495575216876
25938,LOF,0.06570402422264426,0.051629976176613246,0.8826659996007424
25939,LOF,0.042640247441795134,0.02130031210077156,0.9360594404574332
25940,LOF,0.03858416971556315,0.3372615937321296,0.6241542365523073
25941,LOF,0.18412953089175388,0.0933585500183541,0.722511919089892
25942,LOF,0.012968058603026198,0.032414821689249126,0.9546171197077247
25943,LOF,0.2893325048167326,0.05986670874100069,0.6508007864422667
25944,Neutral,0.49266255406959164,0.02126447236210749,0.4860729735683007
25945,LOF,0.07252097426287896,0.017702936737185773,0.9097760889999353
25946,LOF,0.033576924740657856,0.09824575186275981,0.8681773233965824
25947,LOF,0.10594242189602311,0.1894414451155087,0.7046161329884683
25948,LOF,0.35877724676639067,0.008217938246430436,0.6330048149871789
25949,LOF,0.13123959938309376,0.03897666123237498,0.8297837393845312
25950,LOF,0.3252816700148384,0.3353920877974298,0.3393262421877317
25951,LOF,0.199110946878069,0.31104117054949215,0.4898478825724389
25952,LOF,0.04495764206325853,0.4710508020163568,0.4839915559203846
25953,LOF,0.14991515542872647,0.11161949208253635,0.7384653524887372
25954,Neutral,0.41909996341133565,0.18885178853512663,0.3920482480535378
25955,LOF,0.07237535552682324,0.08170820298540907,0.8459164414877678
25956,LOF,0.16866968634808818,0.12208514949658068,0.7092451641553312
25957,LOF,0.03671098967370628,0.03034081480973709,0.9329481955165566
25958,LOF,0.05376623848836536,0.026379567247247947,0.9198541942643866
25959,LOF,0.06880029319196734,0.30981090809572487,0.6213887987123078
25960,LOF,0.014240055524839562,0.05201725187468349,0.9337426926004768
25961,LOF,0.039737555114399865,0.02577290418771834,0.9344895406978817
25962,LOF,0.061888976308722136,0.033508486297886775,0.904602537393391
25963,LOF,0.041734946328180006,0.21901936226261218,0.7392456914092079
25964,LOF,0.030477138049075106,0.1666364853430693,0.8028863766078557
25965,LOF,0.4625526632652036,0.06458345302716677,0.47286388370762955
25966,Neutral,0.5248255445432898,0.1632914867524399,0.31188296870427046
25967,LOF,0.017836840506362202,0.10720859275709298,0.8749545667365449
25968,LOF,0.03323581431623762,0.38092640988166576,0.5858377758020967
25969,LOF,0.03573760913742455,0.06444813829001068,0.8998142525725648
25970,LOF,0.056638732877563,0.0652137037643502,0.8781475633580867
25971,LOF,0.060816050016840595,0.022109994408524763,0.9170739555746347
25972,LOF,0.062360406508185744,0.029793700517401413,0.9078458929744128
25973,LOF,0.07417563641037143,0.011182286043611699,0.9146420775460169
25974,LOF,0.20412161270974577,0.014893245610356258,0.780985141679898
25975,LOF,0.04648548988256107,0.028027852120652577,0.9254866579967863
25976,LOF,0.04246385985922792,0.0166772848503572,0.940858855290415
25977,LOF,0.14484964966640884,0.08676818575694198,0.7683821645766491
25978,LOF,0.1406190907498968,0.10089679643759152,0.7584841128125116
25979,LOF,0.1296306848786682,0.1075534853606244,0.7628158297607075
25980,LOF,0.20675093217068138,0.13523803483435734,0.6580110329949613
25981,LOF,0.23954361815851624,0.1323207957012934,0.6281355861401904
25982,LOF,0.40680900618002197,0.0877788282245307,0.5054121655954473
25983,LOF,0.3885707390665621,0.09481194466200299,0.516617316271435
25984,LOF,0.046822234587985324,0.05193195141210996,0.9012458139999048
25985,LOF,0.040250286889619485,0.28395839022147124,0.6757913228889092
25986,LOF,0.05208314489347673,0.3206200468318734,0.62729680827465
25987,LOF,0.08960827861671636,0.0661779662079773,0.8442137551753064
25988,LOF,0.16276412875400395,0.06492055401970391,0.7723153172262922
25989,LOF,0.03709038121644507,0.11790189421297613,0.8450077245705787
25990,LOF,0.038027580340550655,0.18539865885720275,0.7765737608022466
25991,LOF,0.13555384148641805,0.24141344704733061,0.6230327114662513
25992,LOF,0.28046665467155596,0.14982286490645136,0.5697104804219927
25993,LOF,0.021853812859299177,0.08516537811162152,0.8929808090290794
25994,LOF,0.017397343530612935,0.0931296908482811,0.8894729656211059
25995,LOF,0.023566090118267782,0.18212664252642857,0.7943072673553037
25996,GOF,0.3203160328049076,0.3827988323382799,0.29688513485681267
25997,LOF,0.09024553751785346,0.3775818267328206,0.5321726357493259
25998,Neutral,0.5243379107858255,0.028397364040941973,0.4472647251732325
25999,LOF,0.10587032511855815,0.08566919563985412,0.8084604792415877
26000,LOF,0.12056319861654956,0.048901083711604856,0.8305357176718456
26001,LOF,0.18849163410516953,0.05286777502820629,0.7586405908666242
26002,LOF,0.11830920796311312,0.04438790511152363,0.8373028869253633
26003,GOF,0.010493905118303058,0.5860849829340808,0.403421111947616
26004,GOF,0.020617910532817203,0.6899178042431111,0.2894642852240717
26005,LOF,0.006286886571639424,0.4485829657371232,0.5451301476912375
26006,Neutral,0.5235519550686327,0.2419085715594131,0.23453947337195427
26007,GOF,0.02022327940449865,0.5319786039568686,0.4477981166386327
26008,GOF,0.01918563512223126,0.6396982563441816,0.34111610853358704
26009,GOF,0.021763202128064364,0.6899322712564938,0.28830452661544187
26010,GOF,0.022387578819986004,0.6490922649689159,0.328520156211098
26011,LOF,0.006718011496214292,0.4158200216593174,0.5774619668444683
26012,GOF,0.012997901506734877,0.5618349859881875,0.4251671125050776
26013,GOF,0.01943228182933795,0.62335514877653,0.3572125693941321
26014,LOF,0.04137816323780987,0.11644619830914174,0.8421756384530484
26015,LOF,0.14183064374840224,0.017639005654626942,0.8405303505969708
26016,LOF,0.1921842211459057,0.06447279930567919,0.743342979548415
26017,LOF,0.2154761428337002,0.1042235873966613,0.6803002697696384
26018,LOF,0.07726995579067285,0.04327229846913893,0.8794577457401882
26019,LOF,0.07397171903767172,0.0351152250402086,0.8909130559221197
26020,LOF,0.0613660598765029,0.10759954105398747,0.8310343990695096
26021,LOF,0.04402574739766061,0.11469783113455892,0.8412764214677805
26022,LOF,0.01096031785779227,0.04431080628414235,0.9447288758580653
26023,LOF,0.06848780124967113,0.028617627907282922,0.902894570843046
26024,LOF,0.03213976619126146,0.12505527952051032,0.8428049542882281
26025,LOF,0.14461034964865332,0.10549634453744537,0.7498933058139012
26026,LOF,0.3210516900672736,0.03479183183327703,0.6441564780994494
26027,LOF,0.057756755136785444,0.02216598591710307,0.9200772589461116
26028,LOF,0.17450588298966827,0.06312627094292439,0.7623678460674074
26029,LOF,0.06874711660739898,0.1643430900623379,0.7669097933302632
26030,LOF,0.02169326982991726,0.03330537713327431,0.9450013530368083
26031,LOF,0.02478125815307309,0.11051221388933763,0.8647065279575893
26032,LOF,0.06637883805518563,0.050775253595634874,0.8828459083491795
26033,LOF,0.08706571547860309,0.051338031728521895,0.861596252792875
26034,LOF,0.04323706890645792,0.13603485737392693,0.8207280737196151
26035,LOF,0.025626184050921548,0.13068924435983703,0.8436845715892414
26036,LOF,0.037682125719717054,0.1481266836464575,0.8141911906338254
26037,LOF,0.021061944046791833,0.10447477364395079,0.8744632823092574
26038,LOF,0.06253896168636992,0.054019046235480775,0.8834419920781493
26039,LOF,0.04739814387719149,0.1277860164499928,0.8248158396728158
26040,LOF,0.2060779868692737,0.09201833685342786,0.7019036762772984
26041,LOF,0.021701690537787605,0.09933461549870966,0.8789636939635028
26042,LOF,0.019745237491959427,0.09452611210438086,0.8857286504036598
26043,LOF,0.06337167935473588,0.062407580470591355,0.8742207401746728
26044,LOF,0.018942333337464673,0.04551486864776951,0.9355427980147659
26045,LOF,0.0668395372139169,0.08506021370171214,0.848100249084371
26046,LOF,0.060006344189179155,0.05225404342760355,0.8877396123832173
26047,LOF,0.07723321468865636,0.053519905432450034,0.8692468798788936
26048,LOF,0.042774730421155746,0.032415795272180005,0.9248094743066643
26049,Neutral,0.9692572217836269,0.005277404244704303,0.02546537397166865
26050,Neutral,0.9548201458217325,0.006596578473397207,0.03858327570487037
26051,LOF,0.04900805960570341,0.2651493720524904,0.6858425683418061
26052,LOF,0.06541247128634953,0.29874705487739567,0.6358404738362547
26053,LOF,0.06034010541263173,0.14117965599128865,0.7984802385960796
26054,LOF,0.0490080479006698,0.017301613493007524,0.9336903386063228
26055,LOF,0.06841119812531492,0.01690280575115202,0.914685996123533
26056,LOF,0.0586285352053607,0.01955061658440572,0.9218208482102336
26057,LOF,0.032438686885819135,0.012785253213258031,0.9547760599009228
26058,LOF,0.03326813996601979,0.010179534947376142,0.956552325086604
26059,LOF,0.2804760004149748,0.023334000145054132,0.6961899994399711
26060,LOF,0.04993760511956843,0.15880294453251306,0.7912594503479186
26061,LOF,0.016255226265488247,0.012112672687971168,0.9716321010465405
26062,LOF,0.010017203554088172,0.01709638406704309,0.9728864123788687
26063,LOF,0.02008160690008838,0.010333188764003666,0.9695852043359079
26064,LOF,0.020782344077939514,0.023283028197554814,0.9559346277245058
26065,LOF,0.024132429217687504,0.010996918180108608,0.964870652602204
26066,LOF,0.019605943638744766,0.010526152441630151,0.9698679039196252
26067,LOF,0.028026354576721774,0.008886453091087305,0.963087192332191
26068,LOF,0.04245592136735065,0.027961779200019663,0.9295822994326296
26069,LOF,0.26206053737586366,0.019698275977741556,0.7182411866463949
26070,LOF,0.40268540154740423,0.015888994562932173,0.5814256038896636
26071,LOF,0.02020442672548712,0.01160059757192318,0.9681949757025898
26072,LOF,0.017903117316789795,0.02116812476878093,0.9609287579144292
26073,LOF,0.01992001613080325,0.013554549605628375,0.9665254342635684
26074,Neutral,0.9117576761396197,0.005737524190139323,0.08250479967024085
26075,LOF,0.045276099176194476,0.013636056588022947,0.9410878442357825
26076,LOF,0.03682821456157892,0.008906916332685987,0.9542648691057352
26077,LOF,0.009306478046463798,0.012718701598674487,0.9779748203548618
26078,LOF,0.014062818465832402,0.012106820973258756,0.9738303605609089
26079,LOF,0.057648915410463436,0.01666174863583625,0.9256893359537002
26080,LOF,0.05708516040456844,0.01657255166466864,0.926342287930763
26081,LOF,0.035065373605736,0.006446123189199628,0.9584885032050643
26082,LOF,0.013422724653182902,0.013833477720896124,0.972743797625921
26083,LOF,0.17752873323299173,0.014476236949283345,0.807995029817725
26084,LOF,0.04309705473061512,0.012504623077068115,0.9443983221923167
26085,LOF,0.0395298427668685,0.011865483596227178,0.9486046736369043
26086,LOF,0.020589135111897427,0.01145546319642062,0.9679554016916819
26087,LOF,0.024008847185486362,0.0087127786923391,0.9672783741221744
26088,LOF,0.016335164256141524,0.023494214214868553,0.96017062152899
26089,LOF,0.04057815311732887,0.020754337545083514,0.9386675093375876
26090,LOF,0.040601730681560866,0.017813110522869605,0.9415851587955695
26091,LOF,0.03152186494334636,0.006159731960775626,0.9623184030958779
26092,LOF,0.022450262789215945,0.008147449196441805,0.9694022880143423
26093,LOF,0.03391096709949918,0.005924738084421074,0.9601642948160797
26094,LOF,0.03159484700870967,0.006260739453245661,0.9621444135380447
26095,LOF,0.04002184832941981,0.014514784870778983,0.9454633667998011
26096,LOF,0.016835407710642927,0.011581616944601534,0.9715829753447557
26097,LOF,0.011627250443830678,0.03931006345448383,0.9490626861016854
26098,LOF,0.07303614188589123,0.01291390891424084,0.9140499491998679
26099,LOF,0.0201057809790579,0.012809196204756554,0.9670850228161855
26100,LOF,0.02215302885546262,0.0121659822524054,0.9656809888921318
26101,LOF,0.04455902072539898,0.017570852016819783,0.9378701272577813
26102,LOF,0.019454800653730397,0.013962777338800738,0.9665824220074689
26103,Neutral,0.8820234024155252,0.018911705542964258,0.09906489204151056
26104,LOF,0.07807442672079971,0.02414303990383927,0.8977825333753611
26105,LOF,0.21274210265362564,0.28583899827241993,0.5014188990739544
26106,LOF,0.17950130702581174,0.14217525302065798,0.6783234399535304
26107,LOF,0.24144926783993337,0.08180094351973674,0.6767497886403299
26108,LOF,0.22888495039556092,0.09019113337203664,0.6809239162324024
26109,LOF,0.08370899781718352,0.06804880494875366,0.8482421972340628
26110,LOF,0.20439450065695422,0.006266591967573625,0.7893389073754722
26111,Neutral,0.5334025925489598,0.024277420664045722,0.44231998678699436
26112,LOF,0.03268673775401706,0.007244485838560063,0.9600687764074229
26113,LOF,0.06211101104412952,0.015226291003395108,0.9226626979524755
26114,LOF,0.025311806138526675,0.026213298271609425,0.9484748955898639
26115,LOF,0.09500887876429227,0.04680894241951858,0.8581821788161892
26116,LOF,0.06242608329456175,0.05523045457282268,0.8823434621326155
26117,LOF,0.45561834383118327,0.04045278208780925,0.5039288740810075
26118,LOF,0.03329512998071024,0.023531146804459564,0.9431737232148303
26119,LOF,0.02486079252920507,0.0316485855756394,0.9434906218951555
26120,LOF,0.024183903168690405,0.018124319827743037,0.9576917770035666
26121,LOF,0.040143176445134446,0.08117210693391208,0.8786847166209535
