feature0,prediction,LoGoFunc_Neutral,LoGoFunc_GOF,LoGoFunc_LOF
25546,Neutral,0.6860371165427269,0.06115780071990526,0.25280508273736796
25547,Neutral,0.4998507425484957,0.11589511793248447,0.38425413951901977
25548,Neutral,0.5061915391290971,0.0949555082736387,0.3988529525972642
25549,LOF,0.4368955473158855,0.09760212939920232,0.46550232328491215
25550,LOF,0.38062725374223183,0.12020026077491354,0.49917248548285464
25551,LOF,0.3237675930700503,0.13478716410089533,0.5414452428290543
25552,LOF,0.2544816396201282,0.13106304263774354,0.6144553177421282
25553,Neutral,0.8227123772983745,0.043590656949238235,0.13369696575238715
25554,LOF,0.3017476163509749,0.1166059090865019,0.5816464745625232
25555,LOF,0.24925554360987723,0.111787149424185,0.6389573069659378
25556,Neutral,0.46306364061403416,0.10179423603840743,0.4351421233475583
25557,LOF,0.24105118480858115,0.1158377020381481,0.6431111131532707
25558,LOF,0.315481858901968,0.11552253489253021,0.5689956062055018
25559,LOF,0.17456104157810404,0.12665681696587205,0.6987821414560239
25560,LOF,0.1683434416079041,0.09837135427262342,0.7332852041194725
25561,LOF,0.1557198874139522,0.12175672578360446,0.7225233868024432
25562,LOF,0.07309230823569456,0.07200629400916127,0.8549013977551442
25563,LOF,0.02197336913092474,0.11179185661245684,0.8662347742566184
25564,LOF,0.23292371540658097,0.11119280965087458,0.6558834749425445
25565,LOF,0.2362998435008898,0.13181863206423525,0.631881524434875
25566,GOF,0.09634109857300045,0.6977051081710883,0.20595379325591118
25567,LOF,0.039406813350684494,0.11618063077173973,0.8444125558775758
25568,LOF,0.05784350706727438,0.07090633117837884,0.8712501617543468
25569,LOF,0.05662758464897926,0.07099903827795985,0.8723733770730608
25570,LOF,0.027585761652206876,0.09271306817741819,0.879701170170375
25571,LOF,0.027590994781738213,0.09644166120431022,0.8759673440139516
25572,LOF,0.06222607143682805,0.11964835238148504,0.818125576181687
25573,LOF,0.055883497293396374,0.08474285078808146,0.8593736519185221
25574,LOF,0.059090971231320955,0.17223316502465003,0.7686758637440291
25575,LOF,0.02366203290578695,0.11502478898438345,0.8613131781098295
25576,LOF,0.03398939302917339,0.15474817509030075,0.8112624318805258
25577,LOF,0.030437220229228165,0.10865125515870888,0.8609115246120629
25578,LOF,0.2969088379605552,0.07761026252280284,0.6254808995166419
25579,LOF,0.13665011815737846,0.08332383339073238,0.7800260484518892
25580,LOF,0.019958713671309497,0.0719244205503955,0.9081168657782951
25581,LOF,0.053229367069268146,0.06659659607169847,0.8801740368590334
25582,LOF,0.053293754694724825,0.06517770227887497,0.8815285430264003
25583,LOF,0.02045986442210135,0.07445715639460972,0.905082979183289
25584,Neutral,0.6515330839897453,0.09650083025696707,0.2519660857532876
25585,LOF,0.03353312606154855,0.12197934318663109,0.8444875307518205
25586,LOF,0.018825101051472882,0.0623877685831388,0.9187871303653883
25587,LOF,0.01825776586943722,0.0572182114609593,0.9245240226696034
25588,LOF,0.021171528185888685,0.06642604089592336,0.9124024309181881
25589,Neutral,0.48380856453829285,0.1967648813224075,0.31942655413929955
25590,LOF,0.050644350472722595,0.10316515572019687,0.8461904938070807
25591,LOF,0.09445795347081713,0.057331776240151455,0.8482102702890314
25592,LOF,0.056520597098465415,0.13086436930871287,0.8126150335928217
25593,LOF,0.13245489452132714,0.2425697087928641,0.6249753966858087
25594,LOF,0.050181691776068085,0.11135824002681977,0.8384600681971122
25595,LOF,0.04967802299809568,0.07916547136175654,0.8711565056401478
25596,LOF,0.09558446023153308,0.0430091468009787,0.8614063929674883
25597,LOF,0.08245874140721744,0.05875267067665358,0.858788587916129
25598,LOF,0.04994099237871659,0.08116875200011858,0.8688902556211647
25599,GOF,0.02163096521455435,0.5374986068797075,0.44087042790573816
25600,GOF,0.15948655443221446,0.5187069116739372,0.3218065338938484
25601,LOF,0.039168155906108726,0.38404931592840635,0.5767825281654849
25602,LOF,0.031832742726507414,0.044606040821119665,0.9235612164523729
25603,LOF,0.04077267341243709,0.0269222145815522,0.9323051120060107
25604,LOF,0.03864461903881487,0.056885188570355384,0.9044701923908297
25605,LOF,0.04213799491913722,0.17197287548565468,0.7858891295952081
25606,LOF,0.43254826401543317,0.09096433844381648,0.47648739754075053
25607,LOF,0.024878750452171132,0.1670873941723335,0.8080338553754953
25608,LOF,0.0340316581746582,0.07917874753941777,0.8867895942859241
25609,GOF,0.15362702248549406,0.5475567615447959,0.2988162159697099
25610,LOF,0.01582071540178027,0.025930685294378752,0.958248599303841
25611,LOF,0.015347391439461705,0.02890719643336649,0.9557454121271717
25612,LOF,0.0499118470056883,0.0370883386538118,0.9129998143404999
25613,LOF,0.04643561089592309,0.03854012457661351,0.9150242645274633
25614,LOF,0.022255586184160715,0.025903428204894784,0.9518409856109445
25615,LOF,0.04438437887712331,0.03457478558560707,0.9210408355372696
25616,LOF,0.045524802601837264,0.024719410571385797,0.9297557868267768
25617,LOF,0.04307432548554677,0.03202612966410036,0.9248995448503529
25618,LOF,0.05084836485386451,0.031456094717079434,0.917695540429056
25619,LOF,0.0152773406789875,0.02862197871478653,0.956100680606226
25620,LOF,0.06102411031247731,0.03627387715522383,0.9027020125322989
25621,LOF,0.05036754866755901,0.030320676705981587,0.9193117746264594
25622,LOF,0.06268464774272581,0.030284207220008397,0.9070311450372658
25623,LOF,0.07319506096155742,0.02717699148658912,0.8996279475518534
25624,LOF,0.01880092735388359,0.03438164120355731,0.9468174314425591
25625,LOF,0.06529449284956826,0.03787450578296273,0.8968310013674691
25626,LOF,0.04699546668353566,0.03738651768299151,0.9156180156334728
25627,Neutral,0.8865958401349382,0.0228976813762513,0.09050647848881034
25628,LOF,0.13012551228489178,0.06610329483674099,0.8037711928783673
25629,LOF,0.06031279917545045,0.047415221575095146,0.8922719792494543
25630,LOF,0.2706795703014369,0.07635827414178077,0.6529621555567824
25631,Neutral,0.5443256890348858,0.07031727119954406,0.3853570397655702
25632,LOF,0.027572794401772426,0.060615397279733925,0.9118118083184937
25633,LOF,0.21270065943554514,0.03529345789425105,0.7520058826702039
25634,LOF,0.03484079631031559,0.08080779205539881,0.8843514116342857
25635,LOF,0.04205306996325814,0.04410565324512171,0.9138412767916201
25636,LOF,0.03608498805323099,0.4727317521262845,0.49118325982048455
25637,LOF,0.058154531507284724,0.4653990843633745,0.47644638412934076
25638,LOF,0.03477489628893772,0.29355214628489823,0.6716729574261641
25639,LOF,0.03390968618806477,0.32004423693881223,0.6460460768731231
25640,Neutral,0.8176364538923915,0.1398782725707882,0.042485273536820446
25641,LOF,0.05013694500538837,0.45941734728786554,0.49044570770674617
25642,LOF,0.03957360504151855,0.14685276494479768,0.8135736300136837
25643,LOF,0.19136655982899406,0.1645886205270215,0.6440448196439844
25644,LOF,0.021814096625380378,0.4467096487587953,0.5314762546158244
25645,LOF,0.021265883013262953,0.41664520840927666,0.5620889085774604
25646,LOF,0.05660722364007368,0.33786748508714476,0.6055252912727815
25647,LOF,0.020693146042569593,0.23623455137126406,0.7430723025861663
25648,LOF,0.02675188327207405,0.22587585041104566,0.7473722663168803
25649,LOF,0.015586177216791473,0.23030243729835484,0.7541113854848536
25650,LOF,0.05204802190427565,0.4073563367553586,0.5405956413403658
25651,LOF,0.01647211637544434,0.25713966458905774,0.726388219035498
25652,LOF,0.029092599155424986,0.2635326665917782,0.7073747342527967
25653,LOF,0.08896096289771534,0.3823832599923838,0.5286557771099009
25654,LOF,0.023523227038337282,0.20219855984723806,0.7742782131144247
25655,LOF,0.2430110820658341,0.3577663025080862,0.3992226154260796
25656,LOF,0.28510422565262705,0.03944843323805953,0.6754473411093135
25657,LOF,0.07285900651153868,0.04945362072765581,0.8776873727608056
25658,LOF,0.3680976703973713,0.045026848237713434,0.5868754813649153
25659,Neutral,0.5367800004274007,0.06384399227772154,0.39937600729487777
25660,LOF,0.025681174747406874,0.07948555313864182,0.8948332721139513
25661,LOF,0.09547562377854844,0.05813941703478538,0.8463849591866661
25662,LOF,0.03197838615874752,0.030028732341749128,0.9379928814995033
25663,LOF,0.039290752435119494,0.04349167966737067,0.9172175678975099
25664,LOF,0.1360957588229705,0.051564937739225,0.8123393034378045
25665,LOF,0.05562466916083055,0.02743993659541313,0.9169353942437565
25666,LOF,0.09287404645382172,0.07400936915617548,0.8331165843900028
25667,LOF,0.06913931416286705,0.04306305695731123,0.8877976288798216
25668,LOF,0.03875848341765267,0.04334386487123881,0.9178976517111085
25669,LOF,0.03558331636638455,0.054097917183377454,0.9103187664502379
25670,LOF,0.13842048147395306,0.040655414029407505,0.8209241044966394
25671,LOF,0.09606823170150006,0.029492159702554047,0.8744396085959458
25672,LOF,0.05570433321200131,0.038039440611758506,0.9062562261762402
25673,LOF,0.08239778344737995,0.035395291244255056,0.8822069253083649
25674,LOF,0.06815081253399369,0.043960888068485034,0.8878882993975212
25675,LOF,0.12083353388246171,0.044205190115982146,0.8349612760015562
25676,LOF,0.018632544332831836,0.04866093635479791,0.9327065193123703
25677,LOF,0.02523180848432307,0.06254483031405851,0.9122233612016185
25678,LOF,0.17040124977458707,0.05750277451281293,0.7720959757125999
25679,LOF,0.1189773660279404,0.07183149352020554,0.809191140451854
25680,LOF,0.03003593899421505,0.1113491961663557,0.8586148648394292
25681,LOF,0.052446627904624225,0.10304507100611342,0.8445083010892623
25682,LOF,0.14944201693023135,0.05798135939214611,0.7925766236776226
25683,LOF,0.11489434156645406,0.07830978075938648,0.8067958776741594
25684,LOF,0.04250032807146286,0.06117959075356901,0.896320081174968
25685,LOF,0.1280728581646424,0.046127802851547155,0.8257993389838104
25686,LOF,0.07850669184618722,0.08153477511334818,0.8399585330404645
25687,LOF,0.10563783228482893,0.07655848706961188,0.8178036806455592
25688,LOF,0.2938339106150554,0.03744568829338677,0.6687204010915578
25689,LOF,0.21277492999716105,0.04692340980728748,0.7403016601955514
25690,LOF,0.33581793587459974,0.03301893341236611,0.6311631307130341
25691,Neutral,0.6688820019573682,0.03347010746299474,0.2976478905796371
25692,LOF,0.28474581515246217,0.009927089927804483,0.7053270949197332
25693,GOF,0.05074424703940846,0.482739008532207,0.46651674442838453
25694,LOF,0.12943780514858674,0.022594470069371025,0.8479677247820423
25695,LOF,0.12545263507763948,0.017917754568833606,0.8566296103535269
25696,LOF,0.1080935665867409,0.010055417116698072,0.881851016296561
25697,LOF,0.12460902615392712,0.02767226243789223,0.8477187114081806
25698,LOF,0.3407907368794033,0.2634394265421861,0.3957698365784106
25699,LOF,0.39876454516155196,0.045249224555701184,0.5559862302827469
25700,LOF,0.05264449632840704,0.010381739142158326,0.9369737645294347
25701,LOF,0.1656528669979596,0.06347980012632566,0.7708673328757147
25702,GOF,0.18215773812099406,0.541054691875062,0.2767875700039439
25703,LOF,0.01619239108058518,0.15520064030354977,0.828606968615865
25704,LOF,0.05067492620966414,0.11200125204849747,0.8373238217418384
25705,LOF,0.06734304882303323,0.19232314758197966,0.7403338035949871
25706,LOF,0.09442807270953504,0.3644715498357542,0.5411003774547106
25707,LOF,0.08801640347581643,0.28396497632171863,0.6280186202024649
25708,LOF,0.03043979794944419,0.2596891309746309,0.709871071075925
25709,LOF,0.05876176787112117,0.040167690643979424,0.9010705414848994
25710,LOF,0.012864042679469558,0.13117021804743773,0.8559657392730927
25711,LOF,0.019420285737431958,0.08609913453309155,0.8944805797294766
25712,LOF,0.013622832277109535,0.18423511976541593,0.8021420479574746
25713,LOF,0.018887318382227448,0.07800051864438746,0.903112162973385
25714,LOF,0.07183503876060111,0.0737378684584457,0.8544270927809532
25715,LOF,0.010701451807968543,0.1320373767851219,0.8572611714069096
25716,LOF,0.013563711110056411,0.11501320839439538,0.8714230804955482
25717,LOF,0.013467602727050729,0.07636127934358579,0.9101711179293634
25718,LOF,0.01137148908276293,0.10862249798204215,0.8800060129351949
25719,LOF,0.01866611185694771,0.08137772968629603,0.8999561584567561
25720,LOF,0.02147120662658054,0.06951758374575212,0.9090112096276673
25721,LOF,0.015906365957306243,0.10344944413794778,0.8806441899047459
25722,LOF,0.013415595191483151,0.12316128973682672,0.8634231150716901
25723,LOF,0.023147495139227977,0.04449371307352378,0.9323587917872481
25724,LOF,0.024548454404600104,0.08232939691160525,0.8931221486837947
25725,LOF,0.012189096973659637,0.06847609146444533,0.9193348115618949
25726,LOF,0.01472430535485068,0.09658133049514937,0.8886943641499999
25727,LOF,0.013305861201790817,0.07815762157285658,0.9085365172253526
25728,LOF,0.009843020969705102,0.10624035163194918,0.8839166273983458
25729,LOF,0.01007835116866344,0.10679307237101805,0.8831285764603186
25730,LOF,0.013726695723334103,0.08041132483816005,0.9058619794385059
25731,LOF,0.021622375393490365,0.11139023669966261,0.866987387906847
25732,LOF,0.014852832643856433,0.08624994720357597,0.8988972201525676
25733,LOF,0.016246267251535752,0.07218184397077895,0.9115718887776854
25734,LOF,0.012698254271430055,0.1262327891614985,0.8610689565670715
25735,LOF,0.014111714577216434,0.07571398113015247,0.9101743042926311
25736,LOF,0.014288294770601413,0.10360111375670832,0.8821105914726902
25737,LOF,0.020172510602872614,0.0814821843036079,0.8983453050935195
25738,LOF,0.013609546434605707,0.11196060265152853,0.8744298509138657
25739,LOF,0.020276027429956905,0.07915966709818827,0.9005643054718548
25740,LOF,0.026843493150053337,0.09524886617900136,0.8779076406709454
25741,LOF,0.015296025405146223,0.10037305593546483,0.8843309186593891
25742,LOF,0.1225088976869107,0.07592518294481808,0.8015659193682713
25743,LOF,0.03484600442027499,0.03006742792759503,0.93508656765213
25744,Neutral,0.5823761913732981,0.1949336674125241,0.22269014121417768
25745,LOF,0.08986786729252899,0.065031202253206,0.845100930454265
25746,LOF,0.04088197105304604,0.07169679657949724,0.8874212323674566
25747,LOF,0.022128180234687177,0.03618369684376766,0.9416881229215452
25748,LOF,0.10541893519757795,0.05180591142540595,0.8427751533770161
25749,LOF,0.026057946525982024,0.07102547379731441,0.9029165796767036
25750,LOF,0.08439899851462004,0.07499938412575326,0.8406016173596267
25751,LOF,0.09966853879136785,0.05191790365173157,0.8484135575569005
25752,GOF,0.10732705403120164,0.670643730301359,0.2220292156674393
25753,LOF,0.018375976792353987,0.270900544859061,0.710723478348585
25754,GOF,0.010428160172631852,0.7717431566149202,0.21782868321244794
25755,LOF,0.022879559865482794,0.4030951909946737,0.5740252491398434
25756,LOF,0.03904526420378324,0.3753741798520267,0.5855805559441901
25757,GOF,0.014547869763202579,0.8392150176374678,0.14623711259932964
25758,GOF,0.029836106984771373,0.8312446396354867,0.13891925337974192
25759,GOF,0.011330622543870728,0.5245022568157284,0.464167120640401
25760,LOF,0.012310979646290394,0.22974082606040444,0.7579481942933052
25761,GOF,0.26685752107579963,0.6131365980598257,0.1200058808643747
25762,LOF,0.035004754948271224,0.27114776123533496,0.6938474838163938
25763,LOF,0.012289678984635554,0.2005303030002339,0.7871800180151306
25764,GOF,0.08016261120760089,0.6232948756361533,0.2965425131562459
25765,GOF,0.04831427016162607,0.7516324794720761,0.20005325036629779
25766,GOF,0.0605275099525098,0.7679438580385513,0.1715286320089388
25767,GOF,0.1989478630746052,0.42587680362989644,0.3751753332954983
25768,LOF,0.09225470896802043,0.06482444013085754,0.842920850901122
25769,LOF,0.061584606861219006,0.05895663649580369,0.8794587566429773
25770,LOF,0.271258050066471,0.08057807206892094,0.648163877864608
25771,LOF,0.04129666029086445,0.04294391214286291,0.9157594275662727
25772,LOF,0.016787329117323425,0.030078752735313574,0.9531339181473629
25773,LOF,0.043982783507418265,0.08096608571205013,0.8750511307805315
25774,LOF,0.026786332088850912,0.07264210887483057,0.9005715590363186
25775,LOF,0.04520717514195085,0.046917518825557,0.9078753060324922
25776,LOF,0.07112452588040626,0.023540695275520367,0.9053347788440734
25777,LOF,0.3203223120159986,0.04944284135780025,0.6302348466262011
25778,LOF,0.062268976382672335,0.048289117055909235,0.8894419065614184
25779,GOF,0.37251149752174795,0.583234918151267,0.04425358432698498
25780,GOF,0.3057671387276839,0.6260251166915206,0.06820774458079558
25781,GOF,0.15978057966893153,0.7370110545805386,0.10320836575052984
25782,GOF,0.21534377895283352,0.7128194004880447,0.07183682055912174
25783,GOF,0.029560109744875124,0.6358635299224928,0.334576360332632
25784,Neutral,0.49037077236455334,0.46732262579882516,0.042306601836621514
25785,GOF,0.396783319338036,0.5585831157974956,0.04463356486446842
25786,GOF,0.026651321620891143,0.7455741384131006,0.2277745399660083
25787,Neutral,0.6479745947851691,0.32688829883070875,0.025137106384122188
25788,LOF,0.047646106009728295,0.10178333224546242,0.8505705617448092
25789,GOF,0.1997651331291423,0.6488434321716089,0.15139143469924898
25790,GOF,0.21775605684038715,0.6708676698628387,0.1113762732967741
25791,GOF,0.13166581585694395,0.6745173013736037,0.19381688276945233
25792,GOF,0.3035256504240117,0.5457647038951433,0.150709645680845
25793,GOF,0.25617249740932585,0.5530525934694577,0.19077490912121647
25794,GOF,0.32700151158389923,0.5131773250081574,0.15982116340794328
25795,GOF,0.07928248419004726,0.6937370416292373,0.22698047418071537
25796,Neutral,0.5161505868293715,0.39302842623761086,0.09082098693301766
25797,GOF,0.09621345152624916,0.5247229990448541,0.37906354942889675
25798,LOF,0.009645345937282702,0.4841601949770798,0.5061944590856375
25799,LOF,0.006920769806935144,0.3812822371929246,0.6117969930001402
25800,GOF,0.03141739089693272,0.5689348540724024,0.3996477550306649
25801,GOF,0.18316173150088744,0.6798725657179968,0.1369657027811157
25802,GOF,0.09186672859517074,0.6766687543045473,0.23146451710028199
25803,GOF,0.036943801516003724,0.5579826978411778,0.4050735006428184
25804,LOF,0.03440438318489435,0.4700061867774559,0.49558943003764977
25805,GOF,0.09761073251241499,0.5864988671318421,0.3158904003557429
25806,GOF,0.10185457040083366,0.5752221993079218,0.32292323029124453
25807,GOF,0.019906242872512307,0.6042131564692085,0.3758806006582792
25808,GOF,0.08514874846629039,0.6226781264202227,0.29217312511348686
25809,GOF,0.017460863339169738,0.5711757603006549,0.4113633763601755
25810,GOF,0.016591170439946856,0.6068362922892923,0.3765725372707609
25811,GOF,0.43849762117627245,0.4748844461296273,0.08661793269410024
25812,GOF,0.03006139148240437,0.5891367265896477,0.3808018819279479
25813,Neutral,0.5072201132588011,0.3886825501619197,0.10409733657927922
25814,GOF,0.11682302859877972,0.6193604878101944,0.2638164835910259
25815,GOF,0.21589263724806293,0.5804748176368367,0.20363254511510043
25816,GOF,0.02336861439584152,0.7003934568708535,0.276237928733305
25817,GOF,0.24167526255806246,0.6067979636256484,0.15152677381628915
25818,GOF,0.05499896034076889,0.6523056393672371,0.2926954002919941
25819,GOF,0.35452192960994783,0.4952081104374694,0.1502699599525828
25820,GOF,0.19179796002834926,0.5772955191772322,0.23090652079441862
25821,GOF,0.05995798591478115,0.648935061687821,0.2911069523973978
25822,GOF,0.21827012416781785,0.5535846167745363,0.2281452590576459
25823,GOF,0.0346279782615706,0.5159417813150249,0.4494302404234045
25824,GOF,0.09399575933278712,0.5840392487985459,0.32196499186866706
25825,GOF,0.035708358410635174,0.5878471206930448,0.37644452089632
25826,GOF,0.015381223530063232,0.5684370817593183,0.4161816947106185
25827,GOF,0.022534351551541137,0.5849890308142264,0.39247661763423264
25828,GOF,0.013073869155354046,0.5121718081063424,0.47475432273830354
25829,GOF,0.005680970266625813,0.5566202906693203,0.4376987390640538
25830,LOF,0.031966981767681306,0.2801853764143192,0.6878476418179994
25831,GOF,0.2343094090231462,0.6368290513672067,0.12886153960964716
25832,GOF,0.030976424314208856,0.6963361539128285,0.27268742177296257
25833,GOF,0.11070076629878864,0.7301335605427599,0.15916567315845148
25834,GOF,0.029945229773658877,0.7170042215513537,0.25305054867498755
25835,GOF,0.06629462859546742,0.7605772056530645,0.17312816575146803
25836,GOF,0.031021257897385697,0.6847233642767279,0.2842553778258865
25837,GOF,0.02459784125668729,0.5955548437491776,0.37984731499413504
25838,GOF,0.08860174252145823,0.7626128881444582,0.1487853693340836
25839,GOF,0.30566154630198217,0.54831850037903,0.14601995331898796
25840,GOF,0.26127443854861826,0.5888806092637203,0.14984495218766133
25841,GOF,0.2512767227753957,0.6085479094095317,0.14017536781507248
25842,GOF,0.14875058396735702,0.723340656476475,0.12790875955616793
25843,GOF,0.20931299850268018,0.701006831126636,0.0896801703706838
25844,GOF,0.06440395821554129,0.7423152437378332,0.1932807980466255
25845,GOF,0.016519592362942405,0.5297452607250595,0.4537351469119982
25846,GOF,0.12078005721153913,0.7390497096498412,0.14017023313861957
25847,GOF,0.0919573358568162,0.8005168267752009,0.10752583736798295
25848,GOF,0.03625156981454155,0.7082496900693951,0.2554987401160633
25849,GOF,0.010633406058462233,0.6075913805446973,0.38177521339684045
25850,GOF,0.02057919491703665,0.6732750865954084,0.3061457184875551
25851,GOF,0.016434777824176346,0.5443836011796722,0.43918162099615143
25852,GOF,0.16324962684456543,0.5791754714938566,0.257574901661578
25853,GOF,0.34062708761753885,0.572488744001651,0.08688416838081021
25854,GOF,0.02343684690208268,0.5786587539580502,0.39790439913986714
25855,GOF,0.031534417960263704,0.5495099138337356,0.4189556682060008
25856,GOF,0.23497765533662424,0.5427161103675768,0.222306234295799
25857,GOF,0.038549697343101666,0.4980078695836345,0.4634424330732637
25858,GOF,0.021934704681650995,0.5000590753714151,0.4780062199469338
25859,LOF,0.011152523565080926,0.4768507840300557,0.5119966924048635
25860,GOF,0.3577707431584253,0.5609344962338981,0.08129476060767654
25861,GOF,0.4218905713852413,0.5084685973888776,0.06964083122588116
25862,GOF,0.08116731915369436,0.7531128345158179,0.16571984633048786
25863,GOF,0.08418102500611263,0.7716994081893739,0.14411956680451335
25864,GOF,0.20507747053135064,0.7203372060441229,0.07458532342452648
25865,GOF,0.08219870296747508,0.7995608351694657,0.11824046186305927
25866,GOF,0.05508570897999995,0.7707643609395748,0.17414993008042523
25867,GOF,0.08640757444012888,0.807288216741237,0.1063042088186342
25868,GOF,0.25752282220319583,0.6346690796038698,0.10780809819293448
25869,Neutral,0.7135643467408124,0.24043336151768457,0.04600229174150292
25870,GOF,0.28938721818404844,0.3957166159572858,0.3148961658586657
25871,GOF,0.20991539412331026,0.6513774725613821,0.13870713331530773
25872,GOF,0.08170115828367142,0.6477912684259137,0.27050757329041486
25873,GOF,0.12170353203784597,0.688399353137305,0.1898971148248489
25874,LOF,0.013900095698279005,0.11077379620298146,0.8753261080987395
25875,LOF,0.08809201570565652,0.04535208701698246,0.8665558972773612
25876,LOF,0.035411611493884276,0.03411553534140414,0.9304728531647116
25877,Neutral,0.48579468487981864,0.04183345294489432,0.472371862175287
25878,LOF,0.22350801290789654,0.09295115316034046,0.6835408339317631
25879,LOF,0.07732612199708946,0.09857114710031047,0.8241027309026
25880,LOF,0.04183829725787121,0.01604363776438942,0.9421180649777394
25881,LOF,0.1602413601549533,0.1181783974112416,0.7215802424338051
25882,LOF,0.05920890591911724,0.01629950708611567,0.9244915869947671
25883,LOF,0.06384672945020707,0.019917123373171825,0.916236147176621
25884,LOF,0.03087026458138877,0.030419959591162647,0.9387097758274486
25885,LOF,0.05872718169311254,0.013057171656752305,0.9282156466501352
25886,LOF,0.2661896542622194,0.040533909802772175,0.6932764359350084
25887,LOF,0.15318840477014722,0.06396596693843791,0.7828456282914149
25888,LOF,0.06181149877770359,0.05946707224394979,0.8787214289783466
25889,LOF,0.039281160973908526,0.02101666818947433,0.9397021708366171
25890,LOF,0.05525527511641754,0.150097081671974,0.7946476432116084
25891,LOF,0.04143525828621065,0.058745240530971264,0.8998195011828181
25892,LOF,0.07911385741998725,0.026381823199993916,0.8945043193800188
25893,LOF,0.2295266206763411,0.023153150434142178,0.7473202288895168
25894,LOF,0.17360115226604275,0.013907332413323809,0.8124915153206334
25895,LOF,0.19716795938433165,0.026837623587009436,0.7759944170286589
25896,LOF,0.04642413776913082,0.025602155075023638,0.9279737071558456
25897,LOF,0.26101732802150884,0.015763493632721306,0.7232191783457699
25898,Neutral,0.6990015712608946,0.011836624055271269,0.2891618046838343
25899,LOF,0.2136296845240212,0.025869288420517726,0.760501027055461
25900,LOF,0.4652633855545838,0.013362311077707033,0.5213743033677092
25901,LOF,0.05660767794462546,0.012736345107451518,0.9306559769479231
25902,LOF,0.16822831375913716,0.015427801918932392,0.8163438843219304
25903,Neutral,0.5794376098973356,0.03397939523014397,0.3865829948725204
25904,LOF,0.2998788307964444,0.04915359530018796,0.6509675739033676
25905,LOF,0.026362229712149247,0.33810261309864575,0.635535157189205
25906,LOF,0.031646967883228426,0.09356111502191213,0.8747919170948594
25907,LOF,0.013594098797379887,0.33492595172508516,0.6514799494775348
25908,LOF,0.009070891136910352,0.26038823378445364,0.7305408750786361
25909,LOF,0.01310183418300263,0.12616256331474596,0.8607356025022515
25910,LOF,0.04692608405107741,0.13272626161847956,0.820347654330443
25911,LOF,0.19397593400644247,0.027544421746575593,0.7784796442469819
25912,LOF,0.045170277381266485,0.04779432217704811,0.9070354004416854
25913,LOF,0.34069385337813485,0.02251310586914933,0.6367930407527157
25914,LOF,0.021050305469767612,0.052472082629804545,0.9264776119004278
25915,Neutral,0.5996726164019172,0.14211225101213992,0.258215132585943
25916,LOF,0.09096361798683739,0.2081246773692858,0.7009117046438768
25917,LOF,0.06608219847744574,0.03619778430601356,0.8977200172165406
25918,LOF,0.02305616241700496,0.02897113282148983,0.9479727047615053
25919,LOF,0.02062200628486677,0.03107303659334032,0.9483049571217929
25920,GOF,0.11779089934635126,0.5206363904191956,0.3615727102344532
25921,LOF,0.0302550531382072,0.035828343509747666,0.9339166033520451
25922,LOF,0.037762582628660855,0.02630752406224432,0.9359298933090948
25923,Neutral,0.4926135885316476,0.03571088489943179,0.4716755265689206
25924,LOF,0.038554064130725874,0.04312929858894765,0.9183166372803265
25925,LOF,0.0758596204057369,0.03690222382547512,0.8872381557687881
25926,LOF,0.054387664810541456,0.032937877620292495,0.9126744575691661
25927,LOF,0.06170936985969099,0.15589131797982123,0.7823993121604879
25928,LOF,0.02115090766728379,0.05243432289304208,0.926414769439674
25929,Neutral,0.6161294577492704,0.0376495223743615,0.34622101987636805
25930,LOF,0.07690574630969868,0.03172082714701197,0.8913734265432894
25931,LOF,0.02803163541832165,0.03754808125173027,0.934420283329948
25932,LOF,0.02982871164919199,0.028779568022618537,0.9413917203281894
25933,LOF,0.04090932003050345,0.01596042334941534,0.9431302566200812
25934,LOF,0.02577591626639637,0.019945473279283706,0.9542786104543199
25935,LOF,0.06713206419835716,0.04906275650187094,0.8838051792997719
25936,LOF,0.04372881317073662,0.024399763202770697,0.9318714236264927
25937,LOF,0.029689964224038662,0.03776150558596585,0.9325485301899955
25938,LOF,0.06793041148738888,0.0537356881140645,0.8783339003985468
25939,LOF,0.04351289321617445,0.020753581491337814,0.9357335252924878
25940,LOF,0.03374582169122944,0.330935138209904,0.6353190400988666
25941,LOF,0.19131875209551927,0.0882362948550229,0.7204449530494578
25942,LOF,0.013022245601073087,0.03390665417281243,0.9530711002261145
25943,LOF,0.3123061489542918,0.05717874951534217,0.630515101530366
25944,Neutral,0.5063237312779452,0.02230199056524751,0.4713742781568073
25945,LOF,0.07595763183675235,0.018667206508123233,0.9053751616551243
25946,LOF,0.029605204412286926,0.11249818994479269,0.8578966056429204
25947,LOF,0.1207621822030967,0.16415984623500832,0.7150779715618951
25948,LOF,0.3706080136823282,0.008288802894936208,0.6211031834227356
25949,LOF,0.1219854710314088,0.040804509304781585,0.8372100196638095
25950,GOF,0.3360705721991454,0.33905672775577217,0.3248727000450824
25951,LOF,0.19304044685086297,0.2911655741185023,0.5157939790306347
25952,GOF,0.041783999080970614,0.4891566168323279,0.46905938408670145
25953,LOF,0.1582017247802322,0.10623179071784973,0.7355664845019182
25954,Neutral,0.42101938534672334,0.19759123194726844,0.38138938270600825
25955,LOF,0.05856414615637308,0.08019098007986163,0.8612448737637652
25956,LOF,0.16876933836738536,0.11679384052298403,0.7144368211096306
25957,LOF,0.03737333185907279,0.03182752090482951,0.9307991472360977
25958,LOF,0.052984835497225054,0.027367425586413363,0.9196477389163616
25959,LOF,0.0695157204956423,0.3174640341332215,0.6130202453711362
25960,LOF,0.015385224215576277,0.05231650617886822,0.9322982696055554
25961,LOF,0.04056657972413172,0.02806964003603054,0.9313637802398377
25962,LOF,0.05662520699514521,0.031112232213845056,0.9122625607910098
25963,LOF,0.042024052466558985,0.19141792450957526,0.7665580230238658
25964,LOF,0.032980082426958844,0.16261819196169539,0.8044017256113457
25965,LOF,0.45697538809056715,0.05800418732171188,0.485020424587721
25966,Neutral,0.512249946650768,0.16861301953705207,0.31913703381218
25967,LOF,0.017739083933068334,0.10821752317625083,0.8740433928906808
25968,LOF,0.03413666496501668,0.39410934895501804,0.5717539860799652
25969,LOF,0.031816626790013756,0.0687545269672365,0.8994288462427499
25970,LOF,0.05745504504379976,0.061939617350105274,0.8806053376060949
25971,LOF,0.06915234811451049,0.02173036749226716,0.9091172843932224
25972,LOF,0.06568644066178413,0.034214988869072954,0.900098570469143
25973,LOF,0.07099367410630164,0.01044962435649149,0.9185567015372069
25974,LOF,0.1944818771697478,0.016115533296256868,0.7894025895339954
25975,LOF,0.045554627359101284,0.027561298655957238,0.9268840739849414
25976,LOF,0.04136883193715486,0.017113803990751054,0.9415173640720941
25977,LOF,0.1475713893072233,0.086310743977513,0.7661178667152638
25978,LOF,0.14167540269757753,0.09514398057333717,0.7631806167290852
25979,LOF,0.13131145427879143,0.0985093123196281,0.7701792334015805
25980,LOF,0.21126087945113303,0.1217403858559602,0.6669987346929067
25981,LOF,0.24399852052405682,0.1211159083522333,0.6348855711237099
25982,LOF,0.39562720091967746,0.08981661351431985,0.5145561855660027
25983,LOF,0.37305003085674066,0.0999600713710386,0.5269898977722207
25984,LOF,0.04846463414120075,0.04573488911130674,0.9058004767474924
25985,LOF,0.04282031830599146,0.27292440146732705,0.6842552802266815
25986,LOF,0.04487865687870225,0.30060717448457813,0.6545141686367195
25987,LOF,0.07889339163025874,0.06802457462771946,0.8530820337420217
25988,LOF,0.162908975836743,0.06184002311728592,0.775251001045971
25989,LOF,0.03385706692023877,0.11738049138881158,0.8487624416909496
25990,LOF,0.03886532572559998,0.16821919791831816,0.7929154763560818
25991,LOF,0.13039210518338018,0.2320975578590288,0.637510336957591
25992,LOF,0.30595828730622115,0.14069103093930527,0.5533506817544737
25993,LOF,0.02276144215508847,0.08142274452729474,0.8958158133176167
25994,LOF,0.018658586908040724,0.07962752055444108,0.9017138925375181
25995,LOF,0.02405295597875419,0.17944866869619944,0.7964983753250463
25996,GOF,0.3157874066574464,0.39958426307439376,0.28462833026815976
25997,LOF,0.08835618010226798,0.37589568392885236,0.5357481359688796
25998,Neutral,0.5230384583196563,0.02957069682118693,0.44739084485915676
25999,LOF,0.09858322606429058,0.10177201342039903,0.7996447605153105
26000,LOF,0.13286182862615548,0.045174482955182275,0.8219636884186623
26001,LOF,0.20865240328423906,0.04859564788396252,0.7427519488317984
26002,LOF,0.12252365966359008,0.04163753023289648,0.8358388101035135
26003,GOF,0.011041796784252616,0.5886065909272199,0.40035161228852756
26004,GOF,0.02279923225082023,0.6980934387918948,0.2791073289572849
26005,LOF,0.006722037061377236,0.4434416575988669,0.5498363053397559
26006,Neutral,0.5247521360606894,0.23171786275168438,0.24353000118762622
26007,GOF,0.021061563793286987,0.5174947100338817,0.4614437261728313
26008,GOF,0.018316494796059797,0.6316301569971158,0.3500533482068245
26009,GOF,0.020401984814446505,0.682257795421929,0.29734021976362446
26010,GOF,0.02261815611185268,0.646880326844273,0.3305015170438744
26011,LOF,0.0065499827166286845,0.4231710182453371,0.5702789990380341
26012,GOF,0.012059696706099245,0.5691787875850366,0.4187615157088643
26013,GOF,0.018853983668970543,0.6189710280254274,0.36217498830560213
26014,LOF,0.045177803755184515,0.11650629102422655,0.8383159052205889
26015,LOF,0.14386776289842537,0.016745629695252572,0.8393866074063221
26016,LOF,0.18455200571816263,0.0649908144054137,0.7504571798764237
26017,LOF,0.20521658262170403,0.10300149618756076,0.6917819211907352
26018,LOF,0.07571380438088474,0.04103156309584044,0.8832546325232747
26019,LOF,0.0721664353516254,0.032638200897489124,0.8951953637508856
26020,LOF,0.06816174438751946,0.10710128450339372,0.8247369711090868
26021,LOF,0.045763685425837725,0.11041860891594486,0.8438177056582175
26022,LOF,0.011457160583387579,0.04322444007690807,0.9453183993397044
26023,LOF,0.06581727651817103,0.026126498921385865,0.9080562245604431
26024,LOF,0.03081388538947406,0.11218311711264414,0.8570029974978819
26025,LOF,0.14078444911110993,0.08916422062426542,0.7700513302646247
26026,LOF,0.29822239770237063,0.030158274970004673,0.6716193273276246
26027,LOF,0.05799097662807411,0.020471020255673014,0.9215380031162528
26028,LOF,0.1729911024575484,0.06404361501368587,0.7629652825287658
26029,LOF,0.07564476216649822,0.1368442463764238,0.7875109914570779
26030,LOF,0.02290683663882665,0.0327014578388418,0.9443917055223315
26031,LOF,0.027688114634592805,0.0970705194958885,0.8752413658695188
26032,LOF,0.06635446182953932,0.050183467531069934,0.8834620706393906
26033,LOF,0.08976960753806489,0.046603899653429114,0.8636264928085061
26034,LOF,0.04361604312792461,0.11894380166304293,0.8374401552090324
26035,LOF,0.026648300167477778,0.11166141060420573,0.8616902892283165
26036,LOF,0.03869988603973772,0.13148039341612722,0.829819720544135
26037,LOF,0.021258137466562757,0.09004237464496764,0.8886994878884696
26038,LOF,0.0625114679677604,0.051649917580632365,0.8858386144516073
26039,LOF,0.051640875550924725,0.11004286692580732,0.8383162575232679
26040,LOF,0.2009427711471103,0.09413183057247922,0.7049253982804106
26041,LOF,0.02200740815870189,0.0832682090740703,0.8947243827672279
26042,LOF,0.020478811883504585,0.07816722186770417,0.9013539662487913
26043,LOF,0.06372710010757217,0.05922931232540845,0.8770435875670194
26044,LOF,0.02066546917431479,0.042402734854366,0.9369317959713191
26045,LOF,0.07583703971493985,0.07137844620629753,0.8527845140787625
26046,LOF,0.05944103685365892,0.047691578492678036,0.892867384653663
26047,LOF,0.07772525625749403,0.04931105200614759,0.8729636917363585
26048,LOF,0.04653166284432651,0.02870121472688777,0.9247671224287857
26049,Neutral,0.9672250830195814,0.005266874456935241,0.0275080425234832
26050,Neutral,0.95155929455352,0.006517247835498699,0.04192345761098128
26051,LOF,0.04800517307036412,0.2822178250804409,0.669777001849195
26052,LOF,0.06297684102264073,0.31445596637569556,0.6225671926016637
26053,LOF,0.06358774224501454,0.14689479471469205,0.7895174630402935
26054,LOF,0.04895093878385796,0.017388114982624728,0.9336609462335174
26055,LOF,0.06836162779387132,0.016144782287590434,0.9154935899185381
26056,LOF,0.0597930454296711,0.01852009122886836,0.9216868633414604
26057,LOF,0.0320637709979665,0.011590034529551822,0.9563461944724817
26058,LOF,0.03289993525300358,0.009407324303306503,0.95769274044369
26059,LOF,0.29225353537826804,0.019892830235979687,0.6878536343857523
26060,LOF,0.04947916740390229,0.16450972195673713,0.7860111106393606
26061,LOF,0.016985243063846474,0.01184382587449325,0.9711709310616603
26062,LOF,0.010345758834679622,0.017082661074336897,0.9725715800909835
26063,LOF,0.020276672932461114,0.009716213606496533,0.9700071134610423
26064,LOF,0.021224247854206745,0.023908460940182535,0.9548672912056108
26065,LOF,0.024847286773563557,0.010415700147460252,0.9647370130789762
26066,LOF,0.02012922543892326,0.00979274033855523,0.9700780342225215
26067,LOF,0.027702379998053188,0.007954362156662976,0.9643432578452839
26068,LOF,0.04467832628452607,0.028904236683794653,0.9264174370316793
26069,LOF,0.26008001924616775,0.01858147675409871,0.7213385039997335
26070,LOF,0.40310315895537724,0.0164102718106519,0.5804865692339708
26071,LOF,0.02023045780008132,0.01071147602504401,0.9690580661748747
26072,LOF,0.01845219304974586,0.02051134242897222,0.961036464521282
26073,LOF,0.01987166475145949,0.013232863157975987,0.9668954720905645
26074,Neutral,0.9138706610418679,0.005874760687267101,0.08025457827086505
26075,LOF,0.04623402214787116,0.013721211286522908,0.9400447665656059
26076,LOF,0.03795792381254062,0.007782116228201775,0.9542599599592576
26077,LOF,0.009314701135725243,0.012999930601567365,0.9776853682627075
26078,LOF,0.013910184051586182,0.011664796598490661,0.9744250193499232
26079,LOF,0.061698844567620904,0.01588636859947658,0.9224147868329026
26080,LOF,0.06055541783003745,0.01592640512808382,0.9235181770418787
26081,LOF,0.03512165355167372,0.005941329132190202,0.9589370173161361
26082,LOF,0.012873928390338078,0.013922527396261044,0.9732035442134008
26083,LOF,0.17637863846284474,0.01423190879232528,0.80938945274483
26084,LOF,0.04293371051326894,0.012229446343971172,0.94483684314276
26085,LOF,0.03901863337810209,0.01135957561404249,0.9496217910078555
26086,LOF,0.02155578063812272,0.010609971777054233,0.9678342475848232
26087,LOF,0.02509376338591531,0.008044938337485073,0.9668612982765995
26088,LOF,0.015901258865461364,0.023620919540521857,0.9604778215940167
26089,LOF,0.04071003483220284,0.020486962918712704,0.9388030022490844
26090,LOF,0.04069133958690901,0.01697581303213639,0.9423328473809546
26091,LOF,0.032373073129940914,0.0058541418894096165,0.9617727849806494
26092,LOF,0.022471695541473147,0.00714740166021791,0.970380902798309
26093,LOF,0.035526186248117896,0.005526915941582042,0.9589468978103002
26094,LOF,0.03446116294196282,0.006034326215867328,0.9595045108421699
26095,LOF,0.036162445817217725,0.013897200988543286,0.9499403531942391
26096,LOF,0.0160987090757108,0.010697308915529339,0.9732039820087599
26097,LOF,0.012070492046773351,0.035770805177356986,0.9521587027758697
26098,LOF,0.08201509312546171,0.012039485354602196,0.9059454215199361
26099,LOF,0.02112799476225257,0.012021176016887536,0.96685082922086
26100,LOF,0.02337384668779171,0.011545618064705266,0.965080535247503
26101,LOF,0.047100654345856655,0.016680380951089487,0.9362189647030539
26102,LOF,0.020527152025661428,0.01347269362966418,0.9660001543446745
26103,Neutral,0.8766641981441106,0.01854718450418526,0.1047886173517041
26104,LOF,0.07926552582827767,0.023120253177226845,0.8976142209944955
26105,LOF,0.19907529055537163,0.28083286649977296,0.5200918429448553
26106,LOF,0.17051409523925584,0.12571695405375188,0.7037689507069922
26107,LOF,0.2402960441858262,0.0863754725538304,0.6733284832603434
26108,LOF,0.22314941773298028,0.09366912250861333,0.6831814597584064
26109,LOF,0.08691107728723725,0.05899834969947802,0.8540905730132846
26110,LOF,0.2119604510684586,0.007494452275338629,0.7805450966562026
26111,Neutral,0.5271469044716736,0.02300710895233355,0.44984598657599295
26112,LOF,0.034839381873794664,0.006980538791932842,0.9581800793342725
26113,LOF,0.060604623268039066,0.015921900613260282,0.9234734761187007
26114,LOF,0.02553354613720249,0.03034166208305365,0.944124791779744
26115,LOF,0.0924955953806713,0.05464414825557305,0.8528602563637557
26116,LOF,0.059899403596808176,0.059271763551923526,0.8808288328512683
26117,LOF,0.4521116184031157,0.04112727595263824,0.506761105644246
26118,LOF,0.03290509394903689,0.022371324313712655,0.9447235817372505
26119,LOF,0.0235847469331904,0.03503539815201876,0.9413798549147908
26120,LOF,0.02606973292516633,0.017425983417745768,0.956504283657088
26121,LOF,0.03960213943867526,0.08017980988386189,0.8802180506774628
