feature0,prediction,LoGoFunc_Neutral,LoGoFunc_GOF,LoGoFunc_LOF
25546,Neutral,0.6155052011267319,0.057278772387147875,0.3272160264861202
25547,Neutral,0.5073132336061192,0.0935592406001244,0.39912752579375627
25548,Neutral,0.5010471839737196,0.08309359928007888,0.41585921674620135
25549,LOF,0.44224141098965386,0.08358575115095876,0.4741728378593874
25550,LOF,0.38694121780632823,0.1019834979592677,0.5110752842344041
25551,LOF,0.33934317668865893,0.1125810788651818,0.5480757444461593
25552,LOF,0.30961521794820723,0.11753134517295744,0.5728534368788353
25553,Neutral,0.7900118693756024,0.05214806551610789,0.15784006510828974
25554,LOF,0.34606128759376914,0.10699216392391572,0.5469465484823152
25555,LOF,0.3002247976053564,0.1028232182481201,0.5969519841465235
25556,Neutral,0.47056326942058946,0.09628678946445571,0.43314994111495486
25557,LOF,0.28849444211913344,0.1086008318551155,0.6029047260257511
25558,LOF,0.3426431157733319,0.10576828881652008,0.551588595410148
25559,LOF,0.2204055723897188,0.05219956919440756,0.7273948584158737
25560,LOF,0.08967345301709095,0.15645415093411202,0.7538723960487971
25561,LOF,0.1020876544544449,0.20995141140649173,0.6879609341390633
25562,LOF,0.03670700642060592,0.12062195406038143,0.8426710395190127
25563,LOF,0.00965711289863179,0.1664111273528224,0.8239317597485457
25564,LOF,0.09463336750227748,0.1354431311382936,0.7699235013594289
25565,LOF,0.1791567154114593,0.14618520793224118,0.6746580766562995
25566,GOF,0.059012950587686026,0.6495378757199582,0.29144917369235585
25567,LOF,0.04476386085522703,0.16437233043888758,0.7908638087058854
25568,LOF,0.05868088983486834,0.09129657362595255,0.8500225365391791
25569,LOF,0.0581558461233682,0.08369670779070161,0.8581474460859303
25570,LOF,0.02832626563754643,0.12548174953825753,0.846191984824196
25571,LOF,0.02768710279401975,0.1279152614519266,0.8443976357540536
25572,LOF,0.058943836618489044,0.16430589008546448,0.7767502732960465
25573,LOF,0.06495056959422145,0.11686140454505756,0.818188025860721
25574,LOF,0.07344673865408258,0.24136837448262505,0.6851848868632924
25575,LOF,0.026334494564310904,0.14533079723842504,0.8283347081972642
25576,LOF,0.026830352335268648,0.20785786758998603,0.7653117800747454
25577,LOF,0.03303795174060855,0.15406135629838855,0.8129006919610028
25578,LOF,0.29079529415852445,0.09244303130719,0.6167616745342855
25579,LOF,0.2060513925327322,0.09314350340405818,0.7008051040632095
25580,LOF,0.02353068717665208,0.09064636793039729,0.8858229448929505
25581,LOF,0.048336369878820416,0.09217956352676795,0.8594840665944116
25582,LOF,0.04782990449623293,0.08949536198099178,0.8626747335227753
25583,LOF,0.026912293359942073,0.093213200992209,0.8798745056478489
25584,Neutral,0.7158560057398071,0.11093681055994394,0.1732071837002489
25585,LOF,0.020909077363578547,0.17278715955863863,0.8063037630777828
25586,LOF,0.0193847378390746,0.10198843515080817,0.8786268270101173
25587,LOF,0.019720680870551968,0.08716953835256981,0.8931097807768782
25588,LOF,0.023320187638874713,0.08378305409638905,0.8928967582647364
25589,Neutral,0.5336368331463115,0.24197752612511217,0.22438564072857636
25590,LOF,0.05162137619810359,0.12909591292858055,0.819282710873316
25591,LOF,0.08115158909811207,0.08396505644884339,0.8348833544530445
25592,LOF,0.06707719392301272,0.17196218512558012,0.7609606209514072
25593,LOF,0.10368002422450949,0.315707530277736,0.5806124454977545
25594,LOF,0.055855043625481236,0.04496706727412823,0.8991778891003906
25595,LOF,0.05474423292073608,0.028814125877403726,0.9164416412018601
25596,LOF,0.121719455536158,0.01963545070128227,0.8586450937625597
25597,LOF,0.09163383451688835,0.023285347535606772,0.8850808179475048
25598,LOF,0.050986563242982626,0.030718140501213256,0.9182952962558042
25599,LOF,0.026722938334383342,0.36597535625830335,0.6073017054073133
25600,LOF,0.17784870067418448,0.3748666383534923,0.4472846609723233
25601,LOF,0.04389348359732686,0.28766946438962476,0.6684370520130484
25602,LOF,0.03217956628610887,0.07982360928339452,0.8879968244304965
25603,LOF,0.04449771221395173,0.06647286930256179,0.8890294184834865
25604,LOF,0.042595833278456646,0.1326067914273922,0.8247973752941512
25605,LOF,0.03290233786149841,0.23929263370701168,0.72780502843149
25606,Neutral,0.46673198654383025,0.21927181496003395,0.3139961984961358
25607,LOF,0.027519103138741733,0.26361068363127094,0.7088702132299873
25608,LOF,0.038458754043247514,0.14231297715177793,0.8192282688049746
25609,GOF,0.18354384828709155,0.5219689902007735,0.29448716151213494
25610,LOF,0.01743192115191972,0.06073126471855567,0.9218368141295246
25611,LOF,0.013436667083935337,0.05895819318369366,0.927605139732371
25612,LOF,0.04529887459885663,0.07139539046167989,0.8833057349394635
25613,LOF,0.04313581085943703,0.07127819375337595,0.8855859953871871
25614,LOF,0.023042439314750564,0.054608440040092604,0.9223491206451568
25615,LOF,0.0433203971055444,0.059927139010565005,0.8967524638838906
25616,LOF,0.0561827786039683,0.06345833120111552,0.8803588901949162
25617,LOF,0.04819209650188801,0.06714372988764737,0.8846641736104646
25618,LOF,0.05158971936243876,0.0974021191389943,0.8510081614985668
25619,LOF,0.014807579095163208,0.07408813848570028,0.9111042824191365
25620,LOF,0.0538766202619838,0.06517300090328504,0.8809503788347313
25621,LOF,0.07022226288145014,0.0500890423897801,0.8796886947287699
25622,LOF,0.07524179799652997,0.0692420768041418,0.8555161251993283
25623,LOF,0.06392429888958767,0.05483844196326299,0.8812372591471493
25624,LOF,0.0231056441535052,0.06443454163970193,0.9124598142067928
25625,LOF,0.06810770013542337,0.060999710584834804,0.8708925892797419
25626,LOF,0.04694194049352937,0.06284263450634753,0.8902154250001232
25627,Neutral,0.8855581768788033,0.023945785061611487,0.0904960380595851
25628,LOF,0.17324859759366062,0.07254568157883351,0.7542057208275058
25629,LOF,0.07335672816561487,0.06335974552127806,0.8632835263131071
25630,LOF,0.27736454032172586,0.0780867140966595,0.6445487455816147
25631,Neutral,0.542922358488293,0.06110712294762804,0.39597051856407894
25632,LOF,0.03234024841403529,0.08622984879964632,0.8814299027863183
25633,LOF,0.22029473356553467,0.06771926646405226,0.7119859999704131
25634,LOF,0.04282252833286859,0.1265985699730795,0.8305789016940519
25635,LOF,0.040914645108772164,0.05522773790033692,0.9038576169908908
25636,GOF,0.02949839153638664,0.5466960241798747,0.4238055842837386
25637,GOF,0.05095602515451493,0.5113521274541435,0.4376918473913415
25638,GOF,0.027457593843563815,0.4879795235208706,0.4845628826355655
25639,LOF,0.03274539241626391,0.44882419738156104,0.5184304102021751
25640,Neutral,0.8524934386538091,0.08458908956269497,0.06291747178349584
25641,LOF,0.110478131784588,0.42345607921961376,0.46606578899579826
25642,LOF,0.09314193111423692,0.16905786645431126,0.7378002024314517
25643,LOF,0.28981779266044705,0.10699389220112845,0.6031883151384245
25644,GOF,0.010666823953307186,0.6532142464915871,0.3361189295551057
25645,GOF,0.013050727587910106,0.6285894264145847,0.35835984599750526
25646,LOF,0.02943345038230191,0.4481240647164296,0.5224424849012684
25647,LOF,0.012282486468351261,0.3503142998756417,0.6374032136560072
25648,LOF,0.013461899854759814,0.41653403808669326,0.5700040620585469
25649,LOF,0.008746582146455222,0.34349046902935865,0.6477629488241862
25650,GOF,0.023056901746130336,0.6015636310253085,0.37537946722856114
25651,LOF,0.010584731428276421,0.4327121769198355,0.5567030916518881
25652,LOF,0.013310609356112791,0.4548110831513679,0.5318783074925193
25653,GOF,0.03851049916830594,0.6014369824892577,0.3600525183424364
25654,LOF,0.011174690181138496,0.3267855775805445,0.6620397322383171
25655,GOF,0.10062615017571495,0.6290464594557077,0.2703273903685773
25656,LOF,0.34891509262467685,0.13705377410068476,0.5140311332746383
25657,LOF,0.053996785571840435,0.12350401997901238,0.8224991944491472
25658,LOF,0.3228090999079363,0.16109524255038238,0.5160956575416813
25659,Neutral,0.5103908629298095,0.16120423574609832,0.32840490132409217
25660,LOF,0.02152932749029883,0.1089300872331408,0.8695405852765604
25661,LOF,0.06595519527320638,0.07640894264742462,0.857635862079369
25662,LOF,0.030041900094605986,0.03871753508657322,0.9312405648188209
25663,LOF,0.035727743322901295,0.03939477879226441,0.9248774778848342
25664,LOF,0.12134165121061172,0.07175578321096641,0.8069025655784219
25665,LOF,0.06178032475564843,0.031070687145912188,0.9071489880984395
25666,LOF,0.07735862128493519,0.06207409044781921,0.8605672882672456
25667,LOF,0.07087659410882663,0.04001193986040583,0.8891114660307676
25668,LOF,0.03058500125497629,0.052144103968461794,0.917270894776562
25669,LOF,0.022773886040745817,0.05277899650890606,0.9244471174503482
25670,LOF,0.128087196343071,0.03771853878461843,0.8341942648723105
25671,LOF,0.10104807863457697,0.03796193529836027,0.8609899860670628
25672,LOF,0.05272296221306652,0.04703551035243846,0.9002415274344951
25673,LOF,0.092084211181417,0.04754458011450854,0.8603712087040745
25674,LOF,0.09407396934981711,0.06178309858894904,0.8441429320612339
25675,LOF,0.08095148696233177,0.07267232966624679,0.8463761833714215
25676,LOF,0.01677463873268837,0.05829714675908163,0.92492821450823
25677,LOF,0.017425162929091968,0.08788537998366762,0.8946894570872405
25678,LOF,0.18384331871905904,0.10017586680755433,0.7159808144733867
25679,LOF,0.11400698527596446,0.09371631157162161,0.7922767031524138
25680,LOF,0.026533632741509425,0.13914890695382484,0.8343174603046658
25681,LOF,0.04086958722283361,0.12845428399921782,0.8306761287779486
25682,LOF,0.111680246781279,0.08046647216811888,0.8078532810506022
25683,LOF,0.09912705126414768,0.10791989025670774,0.7929530584791445
25684,LOF,0.029596460052818605,0.06957457126803887,0.9008289686791425
25685,LOF,0.11740237813541585,0.07161531278162485,0.8109823090829593
25686,LOF,0.06523348172724194,0.11552913616687228,0.8192373821058858
25687,LOF,0.12478110655613728,0.12082576205472634,0.7543931313891364
25688,LOF,0.41838437721116334,0.03630356634147253,0.5453120564473641
25689,LOF,0.28628906211467825,0.04836757552432845,0.6653433623609935
25690,LOF,0.3556887925285749,0.02928887339744728,0.6150223340739779
25691,Neutral,0.7170925121375361,0.0300828706684666,0.2528246171939971
25692,LOF,0.3238514201277877,0.014088972498755495,0.6620596073734568
25693,GOF,0.04948851107642038,0.4820655234852228,0.46844596543835687
25694,LOF,0.12491746555546282,0.016219998294955663,0.8588625361495814
25695,LOF,0.11144215249168192,0.011817020093787807,0.8767408274145303
25696,LOF,0.10218769910061969,0.013829747645307615,0.8839825532540727
25697,LOF,0.0575397943336523,0.12723952276944406,0.8152206828969035
25698,LOF,0.2420133470448303,0.2713295304084645,0.48665712254670507
25699,Neutral,0.5015612303980751,0.04174047578153187,0.45669829382039306
25700,LOF,0.07867940665598608,0.011910797863286405,0.9094097954807276
25701,LOF,0.1841867292900196,0.03588719258082001,0.7799260781291604
25702,GOF,0.18644299819135185,0.61803783138936,0.19551917041928812
25703,LOF,0.016466865684295447,0.14693785838945186,0.8365952759262527
25704,LOF,0.03392563631444913,0.13368295974463615,0.8323914039409147
25705,LOF,0.04267533752610037,0.07781093632207381,0.8795137261518259
25706,GOF,0.12374148464174982,0.4595870075363393,0.4166715078219108
25707,LOF,0.08332080846819669,0.364800743858771,0.5518784476730324
25708,LOF,0.041018393313281484,0.3698020604175022,0.5891795462692163
25709,LOF,0.07733227373940169,0.028508733158765936,0.8941589931018323
25710,LOF,0.01501851847648941,0.11981125109704789,0.8651702304264627
25711,LOF,0.02108232528696637,0.06693740289738717,0.9119802718156464
25712,LOF,0.017883709657080277,0.1446099860469909,0.8375063042959289
25713,LOF,0.017874754939644518,0.06106064925765264,0.9210645958027027
25714,LOF,0.07824756995210186,0.0450207464611294,0.8767316835867687
25715,LOF,0.011250859313784969,0.0931695172083689,0.8955796234778463
25716,LOF,0.011371471245127227,0.08108588181574558,0.9075426469391272
25717,LOF,0.0178633200167973,0.05772603451022292,0.9244106454729798
25718,LOF,0.011424139656906333,0.04090882662321807,0.9476670337198755
25719,LOF,0.02156128443619312,0.05541382146791996,0.9230248940958868
25720,LOF,0.026124226631941597,0.03771037053697458,0.9361654028310837
25721,LOF,0.011184644827225266,0.05152085216995425,0.9372945030028204
25722,LOF,0.012686780275791884,0.044161459787454026,0.943151759936754
25723,LOF,0.02554541304043234,0.031018065258875956,0.9434365217006917
25724,LOF,0.031745622506400124,0.056516921247258885,0.9117374562463411
25725,LOF,0.011419066085862739,0.054917699890877705,0.9336632340232595
25726,LOF,0.01745595120416388,0.06417975968928781,0.9183642891065482
25727,LOF,0.013555526461309217,0.04446837420327717,0.9419760993354136
25728,LOF,0.010204844331975348,0.06148837826964631,0.9283067773983783
25729,LOF,0.010623935750895845,0.061203263623175325,0.9281728006259288
25730,LOF,0.013958130407405088,0.06413683784686505,0.9219050317457299
25731,LOF,0.02023301244503791,0.07555048509466038,0.9042165024603017
25732,LOF,0.012757601455170032,0.04226480058102368,0.9449775979638063
25733,LOF,0.013985593257438698,0.04757182672013984,0.9384425800224214
25734,LOF,0.012803897943807973,0.09997253967589799,0.8872235623802941
25735,LOF,0.011106052884354354,0.04374536373937365,0.9451485833762721
25736,LOF,0.012611499593802882,0.04863284335369968,0.9387556570524974
25737,LOF,0.012428571577663725,0.0798420121966826,0.9077294162256537
25738,LOF,0.0120911693021832,0.08156767950832014,0.9063411511894967
25739,LOF,0.02144226526373872,0.05680370525966697,0.9217540294765942
25740,LOF,0.02994715578943565,0.10534299103826328,0.8647098531723011
25741,LOF,0.015371309663078762,0.08926960670183295,0.8953590836350883
25742,LOF,0.1269270635554293,0.06348990910278687,0.8095830273417838
25743,LOF,0.04483128981993534,0.05265583086691638,0.9025128793131482
25744,Neutral,0.6290143883959506,0.224267165909831,0.1467184456942184
25745,LOF,0.07021632614657002,0.07162587439151794,0.858157799461912
25746,LOF,0.048838722278575955,0.09856928204840296,0.8525919956730211
25747,LOF,0.020774413042173017,0.09868459751460915,0.8805409894432179
25748,LOF,0.1274532009435801,0.15075633978046932,0.7217904592759506
25749,LOF,0.034054628247414044,0.08707238789659312,0.8788729838559929
25750,LOF,0.08702112635820693,0.10713844172946087,0.8058404319123322
25751,LOF,0.11186987324476592,0.12314003003547,0.7649900967197641
25752,GOF,0.10561110084601819,0.640554727022787,0.25383417213119464
25753,LOF,0.028943640838194472,0.3767236660556734,0.5943326931061322
25754,GOF,0.01908236917956892,0.8079360759467868,0.17298155487364425
25755,LOF,0.03596898713449174,0.41150313304042485,0.5525278798250834
25756,LOF,0.061839043661390994,0.41056169701585354,0.5275992593227554
25757,GOF,0.02096618999853512,0.8870428790612235,0.09199093094024124
25758,GOF,0.024891625616019434,0.8126938010859829,0.1624145732979977
25759,GOF,0.011866268811676782,0.6685365427272519,0.31959718846107116
25760,LOF,0.018968219956874408,0.3846582971298671,0.5963734829132585
25761,GOF,0.27117298287310015,0.6557079774555019,0.07311903967139796
25762,LOF,0.053200918961288896,0.3605004378422613,0.5862986431964498
25763,LOF,0.017365164672412888,0.2690722376946859,0.7135625976329012
25764,GOF,0.06641884314423441,0.7069679262024378,0.22661323065332795
25765,GOF,0.03632547993133076,0.7800449389962758,0.18362958107239336
25766,GOF,0.06309212634596438,0.804540599106525,0.13236727454751065
25767,GOF,0.1660689890372214,0.4204673503248253,0.41346366063795337
25768,LOF,0.11275722721435276,0.0386528825252338,0.8485898902604134
25769,LOF,0.053430971192173785,0.06520832173587841,0.8813607070719478
25770,LOF,0.31578780637664877,0.10217395753077496,0.5820382360925762
25771,LOF,0.05897504205821898,0.050426465922974735,0.8905984920188063
25772,LOF,0.01849349642708825,0.05262036817999077,0.9288861353929211
25773,LOF,0.06304304323335158,0.08023162296684443,0.856725333799804
25774,LOF,0.03122630228121691,0.12813380328963017,0.840639894429153
25775,LOF,0.06645077351019676,0.07026161006628474,0.8632876164235185
25776,LOF,0.07350999687835709,0.03630577333177879,0.890184229789864
25777,LOF,0.3640158565164886,0.10658185754511232,0.5294022859383991
25778,LOF,0.0737928644320776,0.04977564388117705,0.8764314916867454
25779,GOF,0.4214624924260315,0.5341959268870932,0.04434158068687525
25780,GOF,0.3134186005575015,0.5854173559093483,0.10116404353315021
25781,GOF,0.10810802577399356,0.7653865310518058,0.1265054431742006
25782,GOF,0.18140920670270996,0.7302149133577456,0.08837587993954452
25783,GOF,0.023481144119136096,0.6714108400764071,0.3051080158044569
25784,Neutral,0.5268912085507422,0.4285428193159198,0.044565972133337954
25785,Neutral,0.5391416733727548,0.4077216997225987,0.053136626904646406
25786,GOF,0.03845459769133958,0.728822524798684,0.23272287750997628
25787,Neutral,0.7013406752208268,0.2681727394621439,0.03048658531702924
25788,LOF,0.05363845702878261,0.08611128219127706,0.8602502607799403
25789,GOF,0.21392673507744728,0.6276855260269076,0.15838773889564506
25790,GOF,0.2743520916802934,0.6198917355375242,0.10575617278218229
25791,GOF,0.1491685065013912,0.646787904549001,0.20404358894960783
25792,GOF,0.3563838283481176,0.4884009317937272,0.15521523985815525
25793,GOF,0.2816702046122208,0.4461473662713552,0.27218242911642393
25794,GOF,0.2977971393348118,0.45812734398102417,0.24407551668416388
25795,GOF,0.0600244282745702,0.6545776953512762,0.2853978763741536
25796,Neutral,0.5333884285441166,0.3796847596550494,0.08692681180083406
25797,GOF,0.07491496680255913,0.5414765799964075,0.3836084532010334
25798,GOF,0.0102412775722161,0.5192333038139426,0.4705254186138414
25799,LOF,0.008194723370440587,0.44259397185920574,0.5492113047703536
25800,GOF,0.03912434594989472,0.6150667098683479,0.34580894418175734
25801,GOF,0.2603087411487618,0.6286285244356035,0.11106273441563479
25802,GOF,0.07792089193175845,0.639449891993268,0.28262921607497365
25803,GOF,0.04470320803985762,0.5361303063571597,0.41916648560298264
25804,LOF,0.038683221302332295,0.4740431671847621,0.48727361151290566
25805,GOF,0.12598390128542175,0.5658708209668217,0.3081452777477564
25806,GOF,0.13845533389316736,0.5772862344147459,0.28425843169208675
25807,GOF,0.02062584109169018,0.6227227383939267,0.3566514205143832
25808,GOF,0.1161798740562089,0.5403547166324623,0.3434654093113289
25809,GOF,0.019474370895465495,0.6171261825869733,0.3633994465175613
25810,GOF,0.021545307854241587,0.6144413185681585,0.36401337357759994
25811,Neutral,0.4909118918166715,0.43791740365880827,0.07117070452452032
25812,GOF,0.03713167210103647,0.5996071166431126,0.3632612112558508
25813,Neutral,0.5813843809058464,0.2960925117854705,0.12252310730868309
25814,GOF,0.13114155377982384,0.6163115411416764,0.25254690507849975
25815,GOF,0.24437787482295584,0.547324701566558,0.2082974236104861
25816,GOF,0.02179228595504926,0.6833692325597617,0.294838481485189
25817,GOF,0.1987706557255862,0.671670019183318,0.1295593250910957
25818,GOF,0.048806384210320124,0.5339462929447654,0.41724732284491456
25819,GOF,0.3974995899163934,0.433662392738253,0.16883801734535367
25820,GOF,0.22997767764004332,0.566340238845856,0.20368208351410066
25821,GOF,0.0636853073071591,0.665151968322786,0.27116272437005495
25822,GOF,0.24569734039185004,0.5003035566453884,0.2539991029627616
25823,LOF,0.03301835850289336,0.45074445000154667,0.5162371914955599
25824,GOF,0.08910557856208898,0.4850802783651736,0.4258141430727374
25825,GOF,0.03349369003940946,0.4928536183802511,0.47365269158033957
25826,LOF,0.011847658307058955,0.46579735249657783,0.5223549891963633
25827,GOF,0.021983178444301952,0.5668226964799515,0.4111941250757466
25828,GOF,0.013186390812930902,0.49839303387195,0.4884205753151191
25829,GOF,0.006938921265516346,0.5246821605985087,0.468378918135975
25830,LOF,0.04189206059780576,0.2814752363437392,0.676632703058455
25831,GOF,0.13498295747247685,0.7086698960293906,0.15634714649813264
25832,GOF,0.028156965894328687,0.6525868694881507,0.3192561646175206
25833,GOF,0.10843894829468288,0.6667259143910654,0.2248351373142518
25834,GOF,0.03193552116867121,0.6448844013729874,0.32318007745834143
25835,GOF,0.07667116166379839,0.6543690122326773,0.26895982610352437
25836,GOF,0.04360674440555086,0.6241792933965704,0.3322139621978787
25837,GOF,0.02226447325871727,0.5266219890785188,0.45111353766276396
25838,GOF,0.07974841335172746,0.7023442145112873,0.21790737213698522
25839,GOF,0.31032716814027295,0.5291085917408808,0.16056424011884635
25840,GOF,0.20530507608646215,0.5881499539311714,0.20654496998236646
25841,GOF,0.21643059823465957,0.5784148416246684,0.205154560140672
25842,GOF,0.17015709371060692,0.634782092770463,0.1950608135189301
25843,GOF,0.21762489798743856,0.6430828189060727,0.13929228310648867
25844,GOF,0.05162713597024707,0.6189931065745121,0.32937975745524073
25845,LOF,0.012068687698927464,0.4662764979612636,0.521654814339809
25846,GOF,0.08557885648203632,0.702367425130432,0.21205371838753162
25847,GOF,0.13121420011620666,0.7068717120258029,0.16191408785799033
25848,GOF,0.03335279888420832,0.6376830713596064,0.32896412975618516
25849,GOF,0.010513183346740288,0.5441267020880567,0.44536011456520297
25850,GOF,0.023980295764174528,0.553405542318306,0.4226141619175195
25851,LOF,0.019466122195008484,0.47311599231741736,0.5074178854875742
25852,GOF,0.14512159053895704,0.5648595463014451,0.2900188631595978
25853,GOF,0.3349947849461946,0.5597758654553938,0.10522934959841153
25854,GOF,0.016403487079255406,0.6312795886252279,0.35231692429551664
25855,GOF,0.039396195299163723,0.5993040615910503,0.36129974310978585
25856,GOF,0.23292403383588733,0.5571382016368852,0.20993776452722746
25857,GOF,0.03521298453401408,0.512601296959359,0.45218571850662687
25858,GOF,0.017306615223246842,0.5944275466229856,0.3882658381537676
25859,GOF,0.009235681606464064,0.5842696581646569,0.40649466022887903
25860,GOF,0.33264601556219286,0.5719783610505101,0.09537562338729698
25861,GOF,0.39262950312782724,0.5279372249508859,0.07943327192128685
25862,GOF,0.08752587495658615,0.7669888093699886,0.1454853156734251
25863,GOF,0.08761254648195609,0.7770722653115615,0.13531518820648258
25864,GOF,0.17964080792118264,0.7385796863438197,0.08177950573499772
25865,GOF,0.07326848198112944,0.7835183437460539,0.14321317427281668
25866,GOF,0.05968398964537141,0.7968258652415338,0.1434901451130949
25867,GOF,0.07711874194632297,0.7972715129917484,0.1256097450619286
25868,GOF,0.25490617243670805,0.6302342369950679,0.1148595905682241
25869,Neutral,0.6997591873991397,0.259915499835449,0.04032531276541137
25870,LOF,0.3136792956567314,0.26460482967472254,0.4217158746685461
25871,GOF,0.22474767668265272,0.6123208337129676,0.1629314896043796
25872,GOF,0.09418720346586458,0.6195179153945489,0.2862948811395865
25873,GOF,0.15191161447066154,0.6186723039977826,0.22941608153155574
25874,LOF,0.021644531956960342,0.09277825792730286,0.8855772101157368
25875,LOF,0.0773309155550549,0.06042421156823467,0.8622448728767105
25876,LOF,0.020480154347853472,0.06633522708223437,0.9131846185699122
25877,Neutral,0.5147578482722304,0.06003274017567926,0.42520941155209036
25878,LOF,0.21253595998323052,0.11247351246898989,0.6749905275477797
25879,LOF,0.09927371148440493,0.12156563858950305,0.779160649926092
25880,LOF,0.022847099051855894,0.023647332834919845,0.9535055681132242
25881,LOF,0.2115764714455032,0.19553068762219042,0.5928928409323063
25882,LOF,0.09177750352157259,0.023665548124636195,0.8845569483537912
25883,LOF,0.08864064620457153,0.035356318059864326,0.8760030357355643
25884,LOF,0.048523352189339924,0.04290917210182268,0.9085674757088373
25885,LOF,0.07415849102104201,0.014838835531616704,0.9110026734473412
25886,LOF,0.412061452472478,0.08080825046777461,0.5071302970597473
25887,LOF,0.179236905762319,0.12678718637442443,0.6939759078632565
25888,LOF,0.07235927295575907,0.1086752284831132,0.8189654985611278
25889,LOF,0.04799491416117697,0.03548516657715518,0.9165199192616679
25890,LOF,0.04879574370026389,0.16590881126782692,0.7852954450319092
25891,LOF,0.04438768594442896,0.07740235982869008,0.878209954226881
25892,LOF,0.12228694637012054,0.020546411981602935,0.8571666416482766
25893,LOF,0.30788854995832593,0.015193162611235284,0.6769182874304388
25894,LOF,0.18592378581962435,0.009629236927420608,0.8044469772529549
25895,LOF,0.21975126837014136,0.02017129134024924,0.7600774402896093
25896,LOF,0.05504638829346517,0.023932387922887512,0.9210212237836474
25897,LOF,0.24523208847464592,0.015959695016797146,0.7388082165085569
25898,Neutral,0.7338670300169698,0.010468630573451432,0.2556643394095787
25899,LOF,0.2957491671834021,0.03763203623611013,0.6666187965804877
25900,Neutral,0.49326991027115247,0.020332230491472435,0.48639785923737505
25901,LOF,0.07063694067321244,0.013472038645666254,0.9158910206811214
25902,LOF,0.21621405804706237,0.011103785069867068,0.7726821568830706
25903,Neutral,0.565842997194573,0.02691747875532371,0.40723952405010316
25904,LOF,0.28947669453757086,0.046099362587984305,0.664423942874445
25905,LOF,0.023539772980638713,0.3250419922715934,0.6514182347477679
25906,LOF,0.02465276785593419,0.08135979205243875,0.8939874400916271
25907,LOF,0.01309419589114311,0.3410412061270579,0.645864597981799
25908,LOF,0.011365501084759689,0.2396361696845005,0.7489983292307398
25909,LOF,0.01343050357214936,0.19098973224196922,0.7955797641858814
25910,LOF,0.04918659503934176,0.11895131585063462,0.8318620891100236
25911,LOF,0.10677937384135143,0.03777751669179276,0.8554431094668558
25912,LOF,0.036867110194864605,0.0758285321523977,0.8873043576527377
25913,LOF,0.2772187591067874,0.029008938171310523,0.6937723027219022
25914,LOF,0.026817704244443803,0.135789160141679,0.8373931356138772
25915,Neutral,0.3942512408046965,0.25967935547212,0.34606940372318346
25916,LOF,0.055601118313003434,0.2797838406218202,0.6646150410651763
25917,LOF,0.06570620543984373,0.06810914569909853,0.8661846488610576
25918,LOF,0.034918551418642446,0.08307381411254139,0.882007634468816
25919,LOF,0.02934846921986273,0.08909374867195968,0.8815577821081776
25920,GOF,0.09531365669191028,0.5213730501473697,0.38331329316072005
25921,LOF,0.0375183647665916,0.024000839281719245,0.9384807959516891
25922,LOF,0.04593071812861308,0.01581241443528715,0.9382568674360998
25923,LOF,0.4088420658910816,0.014962109791332326,0.5761958243175861
25924,LOF,0.044564355493622504,0.02754015046380716,0.9278954940425703
25925,LOF,0.07108673789733379,0.024370282448936402,0.9045429796537298
25926,LOF,0.050797698285358746,0.0157407653092766,0.9334615364053647
25927,LOF,0.07747452820232342,0.04943114094952919,0.8730943308481474
25928,LOF,0.028564602931806286,0.020322895277957446,0.9511125017902363
25929,Neutral,0.5403578399706035,0.017068653091099388,0.4425735069382972
25930,LOF,0.06705977576996033,0.011783959408610841,0.9211562648214289
25931,LOF,0.03809432178435455,0.01827323912673171,0.9436324390889137
25932,LOF,0.03323568752213515,0.015125589713658644,0.9516387227642061
25933,LOF,0.04261924439238133,0.009884235762351371,0.9474965198452673
25934,LOF,0.028232169865604093,0.012044152885153656,0.9597236772492423
25935,LOF,0.06693342599356875,0.024636114088236304,0.9084304599181948
25936,LOF,0.05102564701676657,0.01501275608333015,0.9339615968999033
25937,LOF,0.0375555020476689,0.019832741104728806,0.9426117568476023
25938,LOF,0.06765188529983854,0.028828027044154658,0.9035200876560069
25939,LOF,0.043171156723465234,0.009837775707291446,0.9469910675692433
25940,LOF,0.025682035502036547,0.37985471074975985,0.5944632537482036
25941,LOF,0.17029305709995032,0.08936918876977654,0.7403377541302731
25942,LOF,0.014719771225758627,0.031039526556618,0.9542407022176235
25943,LOF,0.29645837038102374,0.08748993313807457,0.6160516964809016
25944,Neutral,0.5086753207390063,0.04787349110701239,0.44345118815398127
25945,LOF,0.06495118832800743,0.02357644885395764,0.911472362818035
25946,LOF,0.03404393310034868,0.17228470484005334,0.793671362059598
25947,LOF,0.11212754667130846,0.20103713913333948,0.686835314195352
25948,LOF,0.4005383142082393,0.01702442018501365,0.582437265606747
25949,LOF,0.08196088633053125,0.07048739651973807,0.8475517171497308
25950,GOF,0.24954930396597377,0.48997785347859557,0.26047284255543063
25951,LOF,0.2550421986734047,0.23696489602850032,0.507992905298095
25952,GOF,0.057278838197457806,0.5137909025340301,0.42893025926851197
25953,LOF,0.13689258665219908,0.11971769739778683,0.743389715950014
25954,LOF,0.3377774874906374,0.270308337939942,0.3919141745694206
25955,LOF,0.0657733982171551,0.08594107170012649,0.8482855300827185
25956,LOF,0.19520589990420575,0.05421907061046041,0.7505750294853338
25957,LOF,0.048796976126973854,0.022792250086617085,0.928410773786409
25958,LOF,0.0584350932803131,0.029870344455761127,0.9116945622639258
25959,LOF,0.05677184267509731,0.35278434521304725,0.5904438121118555
25960,LOF,0.019380411331830022,0.054810203928228704,0.9258093847399413
25961,LOF,0.046959106810286824,0.039157557459658765,0.9138833357300545
25962,LOF,0.0598167373124331,0.044514621641205586,0.8956686410463613
25963,LOF,0.046408791618493934,0.20772772626927266,0.7458634821122334
25964,LOF,0.03530601368619404,0.15815935326833885,0.8065346330454671
25965,LOF,0.4452610251892861,0.07558771634755015,0.47915125846316364
25966,LOF,0.40569323755663117,0.18622470855391415,0.40808205388945473
25967,LOF,0.014264813488748047,0.07421251914473209,0.9115226673665198
25968,LOF,0.035407961887718366,0.45325673035805464,0.511335307754227
25969,LOF,0.01910110071472745,0.07449084135027612,0.9064080579349963
25970,LOF,0.05571712264201316,0.0726031107443462,0.8716797666136408
25971,LOF,0.07568126410017537,0.028041335601917947,0.8962774002979067
25972,LOF,0.07521299489964871,0.036155180613458404,0.8886318244868929
25973,LOF,0.09660405593493576,0.010996390230057435,0.8923995538350067
25974,LOF,0.2739493105630618,0.019985416778515692,0.7060652726584224
25975,LOF,0.051589018429044536,0.03563080587416089,0.9127801756967946
25976,LOF,0.04179891472142246,0.022771701741931903,0.9354293835366456
25977,LOF,0.14068072041204938,0.09342720172083964,0.765892077867111
25978,LOF,0.11681394669470739,0.09000209792373394,0.7931839553815586
25979,LOF,0.11895822677737125,0.08631628650466146,0.7947254867179672
25980,LOF,0.14171393989973355,0.10716585039809119,0.7511202097021753
25981,LOF,0.1757754140703685,0.10441347564219086,0.7198111102874407
25982,LOF,0.35890470286380727,0.07938973479848953,0.5617055623377033
25983,LOF,0.36697206403999866,0.0712662641302728,0.5617616718297285
25984,LOF,0.05381823961039778,0.09367275352868107,0.8525090068609212
25985,LOF,0.02147599049537239,0.33077837641350993,0.6477456330911177
25986,LOF,0.02750517961611524,0.3087381610452101,0.6637566593386747
25987,LOF,0.08852592551323357,0.12389766361214968,0.7875764108746167
25988,LOF,0.12285442829152737,0.09190871105406173,0.785236860654411
25989,LOF,0.026147863618457275,0.17931305980550857,0.7945390765760342
25990,LOF,0.039558059999444645,0.1374422717131075,0.822999668287448
25991,GOF,0.12562512669631304,0.48841944377243,0.3859554295312569
25992,LOF,0.2786869048910534,0.32803184088032966,0.393281254228617
25993,LOF,0.02453315908816944,0.12629374303049384,0.8491730978813367
25994,LOF,0.015434480743443026,0.1574626284697994,0.8271028907867575
25995,LOF,0.0265633056032458,0.20928644531582363,0.7641502490809305
25996,GOF,0.1797356761920851,0.6276454599463215,0.19261886386159344
25997,GOF,0.06168792183756193,0.6131961591619909,0.3251159190004472
25998,Neutral,0.5863211746870997,0.018267397854665034,0.3954114274582353
25999,LOF,0.14831688580585123,0.14484069555434217,0.7068424186398066
26000,LOF,0.12118499790846761,0.0404998494451369,0.8383151526463954
26001,LOF,0.18729973257165006,0.041431213831680073,0.7712690535966699
26002,LOF,0.15119886321658935,0.04677745468598158,0.802023682097429
26003,GOF,0.010176018249850177,0.6818327898086087,0.3079911919415412
26004,GOF,0.02498348127599012,0.7090859988870575,0.2659305198369523
26005,GOF,0.01026019895679,0.5637240936929817,0.4260157073502283
26006,Neutral,0.519609696769731,0.2808172957128017,0.19957300751746732
26007,GOF,0.022873614512261133,0.5996349961709561,0.3774913893167827
26008,GOF,0.02466526456634525,0.6094060097921484,0.36592872564150636
26009,GOF,0.028777610994627608,0.6666979552931425,0.30452443371223
26010,GOF,0.02292742720210405,0.7535436693985211,0.22352890339937467
26011,GOF,0.009476035119768007,0.5276372063836989,0.4628867584965331
26012,GOF,0.018429136849989033,0.6117656689533056,0.36980519419670527
26013,GOF,0.01657196652890569,0.6917682560194303,0.29165977745166405
26014,LOF,0.04002330985847934,0.19497394775135085,0.7650027423901697
26015,LOF,0.14434941553497993,0.010504513845452125,0.8451460706195679
26016,LOF,0.23426087916288563,0.04789480013343441,0.7178443207036799
26017,LOF,0.16458811863168094,0.09040703801769909,0.74500484335062
26018,LOF,0.07766585341148913,0.03456459591091472,0.8877695506775961
26019,LOF,0.07748508024555122,0.026935311440408657,0.8955796083140403
26020,LOF,0.0551154945434167,0.12485737363535362,0.8200271318212295
26021,LOF,0.05077169370439308,0.15061456503366252,0.7986137412619444
26022,LOF,0.010137718558311467,0.06693193280136749,0.922930348640321
26023,LOF,0.10465791406951262,0.024456479094642856,0.8708856068358445
26024,LOF,0.03278515784851944,0.12280512929601613,0.8444097128554645
26025,LOF,0.13152854439911935,0.09497707254969022,0.7734943830511904
26026,LOF,0.30327008584861675,0.018258189678197815,0.6784717244731855
26027,LOF,0.07757668605145678,0.019252227402629316,0.9031710865459138
26028,LOF,0.16391734147698422,0.08653575046396357,0.7495469080590523
26029,LOF,0.0997843317541205,0.15477905515964213,0.7454366130862374
26030,LOF,0.0291701202274221,0.0554201979124949,0.9154096818600831
26031,LOF,0.03742250868151454,0.12705504048376548,0.83552245083472
26032,LOF,0.08080550730741232,0.043535448741996025,0.8756590439505916
26033,LOF,0.1276701266310666,0.047939729954095144,0.8243901434148383
26034,LOF,0.05798567543258558,0.12852478077499926,0.8134895437924151
26035,LOF,0.03550570249446544,0.10658628597771709,0.8579080115278175
26036,LOF,0.05541921147910107,0.13787905622066168,0.8067017323002372
26037,LOF,0.03068550886242556,0.09358346502519385,0.8757310261123806
26038,LOF,0.07667614794492823,0.03989742000422976,0.883426432050842
26039,LOF,0.07410052456841525,0.11543228538124924,0.8104671900503355
26040,LOF,0.22687241348839463,0.08272333484756614,0.6904042516640393
26041,LOF,0.02942815654382977,0.09360101506390528,0.876970828392265
26042,LOF,0.029611499065563634,0.09143073003587603,0.8789577708985602
26043,LOF,0.07534008350999684,0.056006752351340464,0.8686531641386627
26044,LOF,0.02738332209012086,0.07097132543352093,0.9016453524763581
26045,LOF,0.09069280916265118,0.09033421681944351,0.8189729740179053
26046,LOF,0.07872878085113681,0.0595733772947358,0.8616978418541275
26047,LOF,0.11476006366163381,0.06931399179392243,0.8159259445444437
26048,LOF,0.05455053762345684,0.05722800745912624,0.8882214549174169
26049,Neutral,0.9563681916870869,0.007786307593861697,0.03584550071905143
26050,Neutral,0.9386938040310971,0.009226946730959343,0.05207924923794369
26051,LOF,0.04254438068390948,0.4705076277562006,0.48694799155989005
26052,GOF,0.06361780743629263,0.4786944899269441,0.45768770263676317
26053,LOF,0.07096772023577191,0.1681781104895723,0.7608541692746559
26054,LOF,0.055561248245116,0.04293038733896375,0.9015083644159203
26055,LOF,0.07256014203726585,0.027527998945068747,0.8999118590176655
26056,LOF,0.06317813027918917,0.034242738851882254,0.9025791308689285
26057,LOF,0.03112561587469906,0.017576696711915897,0.951297687413385
26058,LOF,0.03142103332635191,0.015516482682536362,0.9530624839911117
26059,LOF,0.2782677743260922,0.04299210398108119,0.6787401216928267
26060,LOF,0.02554879194016274,0.2880647616058643,0.6863864464539731
26061,LOF,0.01741093807031928,0.023465149981885963,0.9591239119477947
26062,LOF,0.011760373616664476,0.0381981290640408,0.9500414973192948
26063,LOF,0.020809895284846648,0.018282077257292625,0.9609080274578607
26064,LOF,0.02338622172262387,0.023552034606284807,0.9530617436710914
26065,LOF,0.02375173135974686,0.021497622623072168,0.9547506460171811
26066,LOF,0.019838751124333726,0.019199017915170202,0.960962230960496
26067,LOF,0.025300089297659065,0.015597598440531059,0.95910231226181
26068,LOF,0.04832592094305732,0.05476778839892756,0.8969062906580151
26069,LOF,0.27122587295917805,0.033050567651976656,0.6957235593888453
26070,LOF,0.40334314765957074,0.02189813886388408,0.5747587134765452
26071,LOF,0.021445862023592013,0.021966474843073625,0.9565876631333342
26072,LOF,0.022013827690703456,0.029311964246743923,0.9486742080625525
26073,LOF,0.022597205054990487,0.01761940314223646,0.9597833918027731
26074,Neutral,0.9206330523204775,0.007489983229472675,0.07187696445004971
26075,LOF,0.04264573796524168,0.027928852282791548,0.9294254097519669
26076,LOF,0.04528354185534669,0.01617924170084844,0.9385372164438047
26077,LOF,0.010448335711414408,0.03985993760611491,0.9496917266824706
26078,LOF,0.016946597090575298,0.02180467552396885,0.961248727385456
26079,LOF,0.05386122680120664,0.029985738898464037,0.9161530343003293
26080,LOF,0.0538424035012506,0.030169118192153534,0.9159884783065958
26081,LOF,0.0347404584494068,0.01160801965153963,0.9536515218990536
26082,LOF,0.020247891940813185,0.03558559134401596,0.9441665167151708
26083,LOF,0.14369327651950675,0.018752265564085876,0.8375544579164073
26084,LOF,0.025060768083733483,0.029764676662792318,0.9451745552534742
26085,LOF,0.02192814050244535,0.028081609174909317,0.9499902503226453
26086,LOF,0.023117438824015017,0.021232235062063055,0.955650326113922
26087,LOF,0.023668681720994136,0.014053037336579996,0.9622782809424258
26088,LOF,0.01889530945198312,0.038174396710236716,0.9429302938377802
26089,LOF,0.04668334887308504,0.03753904302305584,0.9157776081038591
26090,LOF,0.0456183688702796,0.02870690588039255,0.9256747252493279
26091,LOF,0.03923345771633188,0.01057172858548248,0.9501948136981856
26092,LOF,0.025874837580717604,0.016369257861360714,0.9577559045579217
26093,LOF,0.041115977294225316,0.00999843622927645,0.9488855864764982
26094,LOF,0.046993850630477146,0.009642157474861867,0.9433639918946609
26095,LOF,0.055046539254157534,0.023995996615625854,0.9209574641302167
26096,LOF,0.018494681320216748,0.020019719861256644,0.9614855988185266
26097,LOF,0.011674158660049139,0.0707367970337557,0.9175890443061953
26098,LOF,0.06904523353102203,0.023787587776194084,0.907167178692784
26099,LOF,0.0252460948481008,0.02557764579710645,0.9491762593547927
26100,LOF,0.02735706846341133,0.023693518405278297,0.9489494131313103
26101,LOF,0.05724790311916246,0.0231244446984671,0.9196276521823705
26102,LOF,0.02661259601248039,0.019045355190768026,0.9543420487967516
26103,Neutral,0.8911571220339847,0.029395207187573286,0.07944767077844209
26104,LOF,0.06760197323893206,0.051810010686946295,0.8805880160741217
26105,LOF,0.1890328717967636,0.29010868480580626,0.5208584433974301
26106,LOF,0.16505774554887773,0.13900607859353248,0.6959361758575898
26107,LOF,0.2096097962192821,0.12007279512097281,0.6703174086597451
26108,LOF,0.22255227274601366,0.16590495115749915,0.6115427760964871
26109,LOF,0.06719291523410541,0.15782557206455752,0.774981512701337
26110,LOF,0.2438130033611103,0.008484724712501274,0.7477022719263883
26111,LOF,0.4673357092444325,0.016875398458696757,0.5157888922968707
26112,LOF,0.03774422650146499,0.008788620044446239,0.9534671534540887
26113,LOF,0.05717284132030781,0.014053746645556517,0.9287734120341358
26114,LOF,0.017478903139033948,0.019483660364992765,0.9630374364959734
26115,LOF,0.0781594309598141,0.031812663413406495,0.8900279056267795
26116,LOF,0.04513997901133837,0.031853169879161376,0.9230068511095002
26117,LOF,0.36240795121105684,0.05845023013767696,0.5791418186512661
26118,LOF,0.03986229128734202,0.03737743239976533,0.9227602763128928
26119,LOF,0.021679901679429354,0.05137830518031935,0.9269417931402513
26120,LOF,0.02935750924996355,0.02587915047879864,0.9447633402712379
26121,LOF,0.05863861465996498,0.10075774461918366,0.8406036407208514
26122,LOF,0.05257487321318497,0.043579472840680214,0.9038456539461348
