feature0,prediction,LoGoFunc_Neutral,LoGoFunc_GOF,LoGoFunc_LOF
25546,Neutral,0.6213880341354341,0.05694014639161496,0.3216718194729509
25547,Neutral,0.5146718038044811,0.08669786617349193,0.39863033002202697
25548,Neutral,0.5035214274137237,0.08277210776686134,0.4137064648194149
25549,LOF,0.4438329002564474,0.08034569129533599,0.4758214084482166
25550,LOF,0.3925498334120304,0.10226195793919421,0.5051882086487754
25551,LOF,0.3495682858774158,0.10983215437084996,0.5405995597517342
25552,LOF,0.2947535195396211,0.12036907894458375,0.5848774015157953
25553,Neutral,0.7840643077790406,0.052217179898285025,0.16371851232267431
25554,LOF,0.3338051958697399,0.10782259412766877,0.5583722100025913
25555,LOF,0.2906285096870153,0.10219690903856864,0.607174581274416
25556,Neutral,0.47050449051697724,0.09420724909020946,0.4352882603928134
25557,LOF,0.28657320039842255,0.10919158375318871,0.6042352158483888
25558,LOF,0.3419782922315738,0.10421277088844198,0.5538089368799842
25559,LOF,0.24377852318849216,0.0631012317730121,0.6931202450384958
25560,LOF,0.08255672526761883,0.1685880928110079,0.7488551819213732
25561,LOF,0.09923913807626017,0.2327358421790584,0.6680250197446814
25562,LOF,0.03538623950421915,0.12103021850903974,0.8435835419867411
25563,LOF,0.009571100949855882,0.1640326271455636,0.8263962719045804
25564,LOF,0.08630554181421475,0.1294444267989595,0.7842500313868258
25565,LOF,0.1583717806961721,0.14681462472930074,0.6948135945745272
25566,GOF,0.06130162631221324,0.6186469689802474,0.32005140470753934
25567,LOF,0.045865371415091796,0.1635412742176428,0.7905933543672654
25568,LOF,0.06229390380585539,0.08831091329093908,0.8493951829032055
25569,LOF,0.0657649068714364,0.08473710541660948,0.8494979877119542
25570,LOF,0.02901210588923358,0.12945321834311407,0.8415346757676523
25571,LOF,0.026083172224155106,0.13104302845029472,0.8428737993255501
25572,LOF,0.06503492281957281,0.170337868713762,0.7646272084666653
25573,LOF,0.06504869196862112,0.12218789500017538,0.8127634130312035
25574,LOF,0.06168147340513681,0.22830160373199504,0.7100169228628682
25575,LOF,0.025996692534204,0.13819476936976957,0.8358085380960264
25576,LOF,0.028234642419718542,0.1943201185598088,0.7774452390204727
25577,LOF,0.03385659157265879,0.15085037434042312,0.8152930340869182
25578,LOF,0.3353260934760167,0.09728331649357184,0.5673905900304115
25579,LOF,0.22087406332041434,0.09423348221069987,0.6848924544688859
25580,LOF,0.02343958806420238,0.09442341872570773,0.8821369932100899
25581,LOF,0.051479109596912556,0.09178162122903723,0.8567392691740502
25582,LOF,0.05113802226698078,0.08999808176532881,0.8588638959676904
25583,LOF,0.028417223380188948,0.09546870260314697,0.8761140740166641
25584,Neutral,0.7155192861911449,0.12327000873660103,0.1612107050722541
25585,LOF,0.023377791977573555,0.20983075209977115,0.7667914559226552
25586,LOF,0.019583393391773386,0.09690302670314856,0.8835135799050782
25587,LOF,0.019519927842026233,0.09142431792385952,0.8890557542341142
25588,LOF,0.023377001057197432,0.0831018104227476,0.8935211885200549
25589,Neutral,0.5155017238032488,0.2537409106732406,0.23075736552351064
25590,LOF,0.04622480229314033,0.13551417640242192,0.8182610213044378
25591,LOF,0.08445962372502376,0.07899762731546128,0.8365427489595149
25592,LOF,0.06478530371094872,0.1604140113055164,0.7748006849835348
25593,LOF,0.10891927583590992,0.3106643696923108,0.5804163544717793
25594,LOF,0.05428014723587347,0.043529128061164574,0.9021907247029619
25595,LOF,0.05876879410386863,0.027637127029194585,0.9135940788669367
25596,LOF,0.12387856457511265,0.016652662206316785,0.8594687732185706
25597,LOF,0.10027242680482927,0.017573844242073842,0.882153728953097
25598,LOF,0.053730593126621866,0.028953634132005267,0.9173157727413729
25599,LOF,0.025582501815096307,0.33187693493943893,0.6425405632454648
25600,LOF,0.17240649714738515,0.3853922603560563,0.4422012424965587
25601,LOF,0.04452142050618287,0.28121961964744224,0.674258959846375
25602,LOF,0.03135930232644858,0.06997798941742925,0.8986627082561222
25603,LOF,0.04177684937477001,0.06994787161224268,0.8882752790129873
25604,LOF,0.043550828882383895,0.12167157589080542,0.8347775952268108
25605,LOF,0.03175986825348689,0.22614324843436123,0.7420968833121518
25606,Neutral,0.4292591217882283,0.19213326145704468,0.37860761675472704
25607,LOF,0.028110871436576295,0.24988427689530238,0.7220048516681213
25608,LOF,0.03911218159425709,0.15367411497950728,0.8072137034262356
25609,GOF,0.14886841066441334,0.5458680511800805,0.3052635381555062
25610,LOF,0.018188826185359643,0.060801708055086924,0.9210094657595533
25611,LOF,0.015193873916879468,0.06519060843189373,0.9196155176512267
25612,LOF,0.04892992229752222,0.07251340624859326,0.8785566714538846
25613,LOF,0.046036824626143356,0.0774680012904413,0.8764951740834154
25614,LOF,0.026268658599618626,0.05067784717535121,0.9230534942250301
25615,LOF,0.043901228658485586,0.07123765413808031,0.8848611172034341
25616,LOF,0.05887711997443056,0.06446484320768632,0.8766580368178831
25617,LOF,0.046728740406559964,0.06602521261012256,0.8872460469833175
25618,LOF,0.059458222731408474,0.08802205094858369,0.8525197263200078
25619,LOF,0.014485494685838533,0.0734773132522454,0.912037192061916
25620,LOF,0.0634436981994493,0.0732944552493413,0.8632618465512095
25621,LOF,0.06556260124322548,0.06475811470753465,0.8696792840492399
25622,LOF,0.06999513884484587,0.07090868164459724,0.859096179510557
25623,LOF,0.06866129002718398,0.0481406507833655,0.8831980591894505
25624,LOF,0.02214248084209495,0.06504409942250847,0.9128134197353966
25625,LOF,0.06721170897538369,0.06486784043651621,0.8679204505881
25626,LOF,0.047463723498340944,0.07375293803715408,0.8787833384645051
25627,Neutral,0.8896508987672371,0.024878113913646766,0.08547098731911609
25628,LOF,0.15432213301608244,0.07028219813111278,0.7753956688528049
25629,LOF,0.06533238421422326,0.061025787960606225,0.8736418278251704
25630,LOF,0.3033558211678163,0.0752840202805316,0.6213601585516522
25631,Neutral,0.5408264953552779,0.06603017781616982,0.3931433268285521
25632,LOF,0.032957978821220146,0.08240258347087662,0.8846394377079032
25633,LOF,0.21078076022575712,0.06822962869886416,0.7209896110753787
25634,LOF,0.04335602235397036,0.10760916169526788,0.8490348159507617
25635,LOF,0.03652611445937846,0.05212868908836039,0.9113451964522611
25636,GOF,0.03157424839274147,0.561626428655004,0.40679932295225446
25637,GOF,0.06155336439238875,0.5449527910941471,0.3934938445134643
25638,GOF,0.036694380165016985,0.48872747633991387,0.4745781434950693
25639,GOF,0.03705585240750914,0.4887746203434984,0.47416952724899253
25640,Neutral,0.8488213056045659,0.0993190941754562,0.0518596002199779
25641,LOF,0.10073779703127653,0.43439843039792475,0.4648637725707986
25642,LOF,0.0905295940769614,0.1817006915979471,0.7277697143250914
25643,LOF,0.2611483409598428,0.12547881064782246,0.6133728483923349
25644,GOF,0.010783815302772545,0.6162215606975325,0.37299462399969496
25645,GOF,0.011424962697456638,0.6156671501010287,0.37290788720151463
25646,LOF,0.025047404739846603,0.4222032625402618,0.5527493327198916
25647,LOF,0.012949192511968289,0.3386641659654056,0.6483866415226262
25648,LOF,0.014887732623235774,0.4192426227447793,0.565869644631985
25649,LOF,0.00897075773292787,0.3085748968583242,0.6824543454087479
25650,GOF,0.023015399704000544,0.6005234949301075,0.376461105365892
25651,LOF,0.009057498772770902,0.4142742703199106,0.5766682309073184
25652,LOF,0.013544389851888456,0.41580588679351,0.5706497233546016
25653,GOF,0.03774523098956315,0.581464758450112,0.3807900105603248
25654,LOF,0.010615266421497347,0.31660428636217625,0.6727804472163263
25655,GOF,0.12661706315509463,0.6145975761137736,0.2587853607311318
25656,LOF,0.33696024672648106,0.14330068532980478,0.5197390679437142
25657,LOF,0.051400297250352424,0.11185568296890568,0.836744019780742
25658,LOF,0.30099553582436467,0.16870529327996092,0.5302991708956744
25659,Neutral,0.45143004653860636,0.1847099096909712,0.3638600437704224
25660,LOF,0.019875314600381413,0.12077194412619942,0.8593527412734191
25661,LOF,0.0832862229831475,0.07275722058200386,0.8439565564348488
25662,LOF,0.028773181395633344,0.04253310586264291,0.9286937127417237
25663,LOF,0.03283071674172924,0.04583787833572148,0.9213314049225493
25664,LOF,0.11316663061398857,0.07965477305247022,0.8071785963335413
25665,LOF,0.06201384077429815,0.03501858556723541,0.9029675736584664
25666,LOF,0.09009670068991482,0.06460811435138274,0.8452951849587024
25667,LOF,0.07137528837316186,0.042719667155453556,0.8859050444713845
25668,LOF,0.0313065794843226,0.05326000404137724,0.9154334164743002
25669,LOF,0.025572985467894643,0.051773635168902356,0.9226533793632029
25670,LOF,0.12374479973347095,0.04686162983246369,0.8293935704340654
25671,LOF,0.10469247659751815,0.04536621549116137,0.8499413079113205
25672,LOF,0.05061356677359514,0.05175933087308605,0.8976271023533188
25673,LOF,0.08575408233355908,0.0540070920046776,0.8602388256617634
25674,LOF,0.07534460725104977,0.07044517454390326,0.854210218205047
25675,LOF,0.09150965027825067,0.07993364316238619,0.8285567065593631
25676,LOF,0.01663880876602236,0.0633611287748253,0.9200000624591523
25677,LOF,0.01992439420239728,0.08164224314009329,0.8984333626575094
25678,LOF,0.18494199611246506,0.08824737170798767,0.7268106321795472
25679,LOF,0.11460660760686758,0.09536450639357288,0.7900288859995594
25680,LOF,0.026059226893248497,0.14289111532743462,0.8310496577793168
25681,LOF,0.04016582234820173,0.13877680626060937,0.8210573713911888
25682,LOF,0.12033797740319964,0.08717732090768927,0.7924847016891112
25683,LOF,0.10526456913382533,0.09334247829721055,0.8013929525689641
25684,LOF,0.030560295464937486,0.07574187127495606,0.8936978332601065
25685,LOF,0.11279972745141104,0.07847648746766815,0.8087237850809207
25686,LOF,0.07162477187213405,0.12286224323333131,0.8055129848945346
25687,LOF,0.1294539564159796,0.13163816407986312,0.7389078795041573
25688,LOF,0.4065006532979732,0.041010343442098474,0.5524890032599283
25689,LOF,0.29030718900380237,0.0531416002813623,0.6565512107148352
25690,LOF,0.3299787153854597,0.03430288353595876,0.6357184010785815
25691,Neutral,0.716282988122948,0.03125024543612612,0.25246676644092597
25692,LOF,0.38394268207599896,0.013514888122241128,0.6025424298017599
25693,LOF,0.04559967344829476,0.467171159031107,0.4872291675205981
25694,LOF,0.1151330140825977,0.018497467410704016,0.8663695185066983
25695,LOF,0.10668072493849629,0.011156377202519052,0.8821628978589846
25696,LOF,0.14577871072776025,0.01283730015131801,0.8413839891209217
25697,LOF,0.06164102392351072,0.08956257502732175,0.8487964010491676
25698,LOF,0.25595314935806823,0.2509430824149426,0.49310376822698915
25699,LOF,0.4531827681592846,0.034942528638623065,0.5118747032020924
25700,LOF,0.07977436166033032,0.012079989929814083,0.9081456484098556
25701,LOF,0.15263361158206779,0.03656271520855747,0.8108036732093749
25702,GOF,0.19079527556622436,0.6191364164966652,0.19006830793711044
25703,LOF,0.019044859936757485,0.15276776809401768,0.8281873719692249
25704,LOF,0.038166493383496175,0.1764616804562551,0.7853718261602487
25705,LOF,0.03550050423413073,0.09958484216316177,0.8649146536027074
25706,LOF,0.12775042085557733,0.33803879912654855,0.5342107800178741
25707,LOF,0.09159942550937203,0.29110348876198705,0.617297085728641
25708,LOF,0.040074375124467695,0.26810476480772627,0.691820860067806
25709,LOF,0.07308896856533184,0.027813663922706122,0.8990973675119621
25710,LOF,0.014527403434370046,0.1075929685067113,0.8778796280589187
25711,LOF,0.018889396755687782,0.07214706465348558,0.9089635385908266
25712,LOF,0.016707308674363378,0.16024366545994762,0.8230490258656891
25713,LOF,0.017474612855010355,0.07490460536157942,0.9076207817834103
25714,LOF,0.07425416884627754,0.0525458921082131,0.8731999390455094
25715,LOF,0.011826907635753246,0.10024522595017775,0.887927866414069
25716,LOF,0.012733174345372852,0.08990629890557764,0.8973605267490496
25717,LOF,0.01615072162230807,0.07502959192642075,0.9088196864512712
25718,LOF,0.010885926565363514,0.06586234334636369,0.9232517300882729
25719,LOF,0.020094557724491858,0.06589636790022116,0.914009074375287
25720,LOF,0.024460531993170654,0.05076968876131772,0.9247697792455115
25721,LOF,0.01317916187661549,0.08047200605920503,0.9063488320641794
25722,LOF,0.013165138812424407,0.06257259153404102,0.9242622696535346
25723,LOF,0.023448748636670493,0.03557850535450092,0.9409727460088285
25724,LOF,0.031747765907153364,0.059992766810927516,0.9082594672819192
25725,LOF,0.011278089802029078,0.05570816904991792,0.933013741148053
25726,LOF,0.015089647397314505,0.07837844872510974,0.9065319038775758
25727,LOF,0.012685094822509357,0.05958360841794801,0.9277312967595426
25728,LOF,0.009957320590039941,0.0660967121182959,0.9239459672916642
25729,LOF,0.010343383776994211,0.06443977448925274,0.9252168417337531
25730,LOF,0.013347459191538109,0.06773938754197162,0.9189131532664903
25731,LOF,0.021048366799368442,0.07622216342942553,0.9027294697712059
25732,LOF,0.012328987539624614,0.041734330102978695,0.9459366823573967
25733,LOF,0.016482446128098044,0.04227103305802356,0.9412465208138783
25734,LOF,0.012491350828361484,0.10233909052141858,0.8851695586502198
25735,LOF,0.011425427065846639,0.049859420884312104,0.9387151520498412
25736,LOF,0.01160994389576899,0.053181217770187854,0.9352088383340431
25737,LOF,0.011776973148198318,0.0704480958835458,0.9177749309682558
25738,LOF,0.011371336480870364,0.06706305543784387,0.9215656080812858
25739,LOF,0.019509968986039686,0.05142040380405174,0.9290696272099086
25740,LOF,0.02816495041990309,0.07974872187897292,0.892086327701124
25741,LOF,0.014774212068858684,0.07601603959933151,0.9092097483318098
25742,LOF,0.12036510985551302,0.05677329105465444,0.8228615990898325
25743,LOF,0.04222234097632697,0.04491009611693375,0.9128675629067393
25744,Neutral,0.6204568846782303,0.19430994881104768,0.18523316651072183
25745,LOF,0.06841378448794837,0.06484483974091071,0.866741375771141
25746,LOF,0.0473550881358348,0.0847150236993346,0.8679298881648306
25747,LOF,0.024456042416554215,0.08066534658180548,0.8948786110016402
25748,LOF,0.13820993860603123,0.12234435951820848,0.7394457018757602
25749,LOF,0.031231189558218294,0.08055899744667981,0.8882098129951019
25750,LOF,0.07872828706574572,0.09686938627436276,0.8244023266598915
25751,LOF,0.1078124062143117,0.12549695350621592,0.7666906402794724
25752,GOF,0.10828401922358664,0.6333513017758429,0.2583646790005705
25753,LOF,0.029063010985743105,0.3372512147415683,0.6336857742726887
25754,GOF,0.016464289374421605,0.8137620953761223,0.169773615249456
25755,LOF,0.031956366441470284,0.40553636623482264,0.562507267323707
25756,LOF,0.059831010694493716,0.38723836733405065,0.5529306219714557
25757,GOF,0.025249043301749843,0.877842518918825,0.09690843777942505
25758,GOF,0.03173628894795854,0.8290997301334824,0.139163980918559
25759,GOF,0.01322011188904449,0.614469624872186,0.37231026323876953
25760,LOF,0.018671807050240696,0.3543782782045768,0.6269499147451826
25761,GOF,0.2712906674014405,0.6499225252876434,0.07878680731091615
25762,LOF,0.05270590468143356,0.34078220475132637,0.6065118905672401
25763,LOF,0.018729531540783047,0.2638665899288565,0.7174038785303605
25764,GOF,0.08140726751206001,0.6966878736428083,0.22190485884513161
25765,GOF,0.03965906640070057,0.7697284232083035,0.190612510390996
25766,GOF,0.06676076761978553,0.8080079572314562,0.1252312751487584
25767,GOF,0.16034953249494444,0.49337961837255656,0.3462708491324991
25768,LOF,0.11967205248882806,0.05141762641161253,0.8289103210995595
25769,LOF,0.052697463862866493,0.0588932410584837,0.8884092950786497
25770,LOF,0.31303595535730727,0.10841785938139872,0.5785461852612941
25771,LOF,0.055606615159706434,0.05549023475008401,0.8889031500902095
25772,LOF,0.018140688487081433,0.04881349439758614,0.9330458171153325
25773,LOF,0.052517602154138865,0.09073393195677551,0.8567484658890856
25774,LOF,0.028837528996517026,0.11779594788362437,0.8533665231198585
25775,LOF,0.05974380876200212,0.0728814051505,0.867374786087498
25776,LOF,0.07246613187494444,0.03236190852152575,0.8951719596035298
25777,LOF,0.35068890902257904,0.0913170707444451,0.557994020232976
25778,LOF,0.06300741372064067,0.05386762475677373,0.8831249615225856
25779,GOF,0.3842385002865983,0.5516422388902549,0.0641192608231467
25780,GOF,0.35978795312239353,0.5424662734104807,0.09774577346712578
25781,GOF,0.09790890620431507,0.7607974375826658,0.14129365621301906
25782,GOF,0.18444690161255628,0.7164094909497379,0.09914360743770573
25783,GOF,0.02575579231060619,0.6098686471133399,0.36437556057605397
25784,Neutral,0.5224658203809586,0.43618712275032,0.04134705686872149
25785,Neutral,0.5094412979356422,0.4401222467548273,0.05043645530953051
25786,GOF,0.033523647837103675,0.7235406965502744,0.2429356556126219
25787,Neutral,0.6787041655748851,0.2905285095672795,0.030767324857835406
25788,LOF,0.05387059969281106,0.08576584624023591,0.860363554066953
25789,GOF,0.18896408738299067,0.613510109998952,0.1975258026180574
25790,GOF,0.27036209450093257,0.6109510473585151,0.11868685814055231
25791,GOF,0.13544156604770383,0.674883455245816,0.18967497870648
25792,GOF,0.34962958852718284,0.4988348421176512,0.15153556935516588
25793,GOF,0.2789433830226048,0.44713613562419835,0.2739204813531967
25794,GOF,0.31923856791445854,0.4635093251151241,0.21725210697041725
25795,GOF,0.05623362986753921,0.6382350622798914,0.3055313078525695
25796,Neutral,0.5346079632921762,0.3754592293626288,0.08993280734519506
25797,GOF,0.07143481755846139,0.5339080343509424,0.39465714809059627
25798,GOF,0.009291779191519071,0.5043484841611542,0.4863597366473268
25799,LOF,0.007423078742266442,0.43166654238461877,0.5609103788731148
25800,GOF,0.034823703379821436,0.6095032930178022,0.3556730036023764
25801,GOF,0.23024541074430457,0.6552285277493823,0.11452606150631303
25802,GOF,0.06911985528820451,0.6547502412287264,0.2761299034830691
25803,GOF,0.037672947310515015,0.540957599121224,0.421369453568261
25804,GOF,0.03482374725126561,0.4903999703378577,0.47477628241087666
25805,GOF,0.11943393499824465,0.5847209400828808,0.29584512491887466
25806,GOF,0.1492712032436001,0.5631797940717382,0.2875490026846616
25807,GOF,0.022218377765469952,0.5972873658828186,0.3804942563517115
25808,GOF,0.11218589462021171,0.5604164353946255,0.32739766998516273
25809,GOF,0.02143827238850583,0.6048588633115717,0.3737028642999224
25810,GOF,0.021386453579753363,0.6016361506477466,0.37697739577249995
25811,Neutral,0.5214875308706479,0.41045624510748185,0.06805622402187024
25812,GOF,0.04512691561841759,0.6038791620176216,0.3509939223639608
25813,Neutral,0.5947161564356022,0.2980481568310707,0.10723568673332708
25814,GOF,0.15468521196444643,0.6048190422084554,0.2404957458270982
25815,GOF,0.2514832340167342,0.5354046751504206,0.21311209083284516
25816,GOF,0.0201926910836295,0.6400535312229055,0.3397537776934649
25817,GOF,0.23124723316309181,0.633500895894996,0.13525187094191213
25818,GOF,0.043399668516453035,0.5389602396909338,0.41764009179261335
25819,GOF,0.3878329360433309,0.4484651901280779,0.16370187382859108
25820,GOF,0.22087274606651996,0.5601011121142738,0.2190261418192063
25821,GOF,0.07437948674682056,0.6460068559132461,0.27961365733993315
25822,GOF,0.2897695576073046,0.4844220180767296,0.22580842431596582
25823,LOF,0.03226166545210303,0.48355798696560737,0.4841803475822895
25824,GOF,0.09420023037913115,0.48922146645954456,0.4165783031613242
25825,GOF,0.03088251199158593,0.5096111825031368,0.4595063055052774
25826,LOF,0.011333217620989862,0.4891895003665909,0.49947728201241903
25827,GOF,0.02072358603005831,0.5344183154028764,0.44485809856706515
25828,LOF,0.01447032698347376,0.4515091069507931,0.5340205660657331
25829,LOF,0.0067701860764942294,0.49118851168946903,0.5020413022340368
25830,LOF,0.04207313392143385,0.28675627734338455,0.6711705887351817
25831,GOF,0.14173743207160985,0.7164587087048865,0.14180385922350366
25832,GOF,0.03693997845932857,0.6805718955542711,0.2824881259864004
25833,GOF,0.12357226189587366,0.6871168292843323,0.18931090881979418
25834,GOF,0.0413039379320399,0.6716520005075242,0.28704406156043605
25835,GOF,0.09588376526765782,0.6676096789618221,0.23650655577052004
25836,GOF,0.045422700304083304,0.6296323686469952,0.3249449310489216
25837,GOF,0.025233520650802754,0.5206663966678539,0.45410008268134333
25838,GOF,0.08326194739240778,0.7302136539909144,0.18652439861667788
25839,GOF,0.30392026664595684,0.541019933510144,0.1550597998438992
25840,GOF,0.2222484372936161,0.5777945412822232,0.19995702142416083
25841,GOF,0.2117753117118863,0.5880704055817643,0.2001542827063495
25842,GOF,0.17506296409301841,0.6442014732722816,0.18073556263469978
25843,GOF,0.21767815750851022,0.6537446339055547,0.12857720858593508
25844,GOF,0.05182508240428097,0.6301325895287339,0.31804232806698507
25845,LOF,0.014011331247420296,0.4602666491852679,0.5257220195673118
25846,GOF,0.08557715988699548,0.7167725076763587,0.19765033243664576
25847,GOF,0.1269162949617976,0.7149733093753796,0.15811039566282284
25848,GOF,0.03218786733872171,0.6355379716126978,0.3322741610485806
25849,GOF,0.01036486011532739,0.5169735531002259,0.47266158678444686
25850,GOF,0.023712950580655406,0.574889154170123,0.40139789524922154
25851,LOF,0.01826085861552815,0.48716845516221374,0.494570686222258
25852,GOF,0.1332259003494805,0.5688196292382859,0.29795447041223366
25853,GOF,0.32920523984505357,0.5828871947652313,0.08790756538971513
25854,GOF,0.019836235371566646,0.5839111544408652,0.39625261018756813
25855,GOF,0.03564034852053728,0.5498427940361489,0.4145168574433139
25856,GOF,0.2105066725982512,0.545233189142615,0.24426013825913384
25857,LOF,0.03385436018787285,0.4687290087822856,0.49741663102984157
25858,GOF,0.01982054551796279,0.5204530571870418,0.45972639729499537
25859,GOF,0.011800954803202413,0.49941296050295586,0.4887860846938416
25860,GOF,0.3891502509939457,0.5166536119802908,0.0941961370257635
25861,GOF,0.3747967855313069,0.5325120163812416,0.09269119808745144
25862,GOF,0.07287369888282608,0.7812421844622786,0.14588411665489534
25863,GOF,0.07415566290983225,0.7798177942743788,0.14602654281578886
25864,GOF,0.18734477606647698,0.7231363119784041,0.0895189119551189
25865,GOF,0.06656523991364484,0.7711089827897751,0.16232577729658001
25866,GOF,0.05669897724260861,0.7949384931341752,0.14836252962321622
25867,GOF,0.07270839453414088,0.7981161647420194,0.12917544072383957
25868,GOF,0.27107456806104807,0.6080202734603712,0.12090515847858067
25869,Neutral,0.6939521272149657,0.25883624050008336,0.04721163228495101
25870,LOF,0.3150093828829523,0.2717351220161027,0.413255495100945
25871,GOF,0.22654950891831327,0.6038202175809976,0.16963027350068918
25872,GOF,0.08166752162011223,0.5775835127822672,0.3407489655976206
25873,GOF,0.15666909148465707,0.5697904562306411,0.2735404522847018
25874,LOF,0.02069575188107237,0.10119393795608438,0.8781103101628432
25875,LOF,0.08412231218703572,0.056406612983209224,0.8594710748297552
25876,LOF,0.026130140286118216,0.04508601755628309,0.9287838421575987
25877,Neutral,0.4971180978033219,0.07066156055776412,0.43222034163891404
25878,LOF,0.21066712807811075,0.1122139238403175,0.6771189480815717
25879,LOF,0.09028467449411044,0.12239166341546866,0.7873236620904208
25880,LOF,0.02147306753405195,0.022098988597137274,0.9564279438688108
25881,LOF,0.18205149850996907,0.1809492825619708,0.63699921892806
25882,LOF,0.09067240655647302,0.024657172411836722,0.8846704210316902
25883,LOF,0.08349676730043305,0.03835336872568627,0.8781498639738807
25884,LOF,0.04657895400296404,0.05067774742083895,0.902743298576197
25885,LOF,0.06914954952452466,0.015215802865529534,0.9156346476099458
25886,LOF,0.34063937529303373,0.07362155734633981,0.5857390673606264
25887,LOF,0.18642645459268578,0.1289223461705707,0.6846511992367434
25888,LOF,0.06847264900354055,0.09565285616639442,0.8358744948300652
25889,LOF,0.05072492957656639,0.034935116159528226,0.9143399542639054
25890,LOF,0.049618531074677535,0.14764607494586865,0.8027353939794538
25891,LOF,0.03860338581779504,0.06865484052486774,0.8927417736573372
25892,LOF,0.10564500538932604,0.01915639592043182,0.8751985986902421
25893,LOF,0.2856924648265651,0.01430934321319076,0.6999981919602442
25894,LOF,0.1737190928605455,0.007654460337768147,0.8186264468016864
25895,LOF,0.21021189846862282,0.01715571635903313,0.7726323851723441
25896,LOF,0.05135365232312124,0.021681357871596356,0.9269649898052824
25897,LOF,0.24532019565999125,0.013042216111283643,0.7416375882287252
25898,Neutral,0.7235927887158097,0.007886882214471258,0.268520329069719
25899,LOF,0.282237308297999,0.023469648418913976,0.694293043283087
25900,LOF,0.45690311605121864,0.018421475587004476,0.5246754083617768
25901,LOF,0.06067885838657492,0.011239161659777407,0.9280819799536476
25902,LOF,0.17858424567401912,0.01073818291868015,0.8106775714073007
25903,Neutral,0.5269274287790541,0.02524383972110293,0.4478287314998431
25904,LOF,0.2852694539583285,0.04106642283545301,0.6736641232062185
25905,LOF,0.0239679229918309,0.31902066759956216,0.657011409408607
25906,LOF,0.02283346125778545,0.07526105826057895,0.9019054804816357
25907,LOF,0.014424138557727253,0.348600258317595,0.6369756031246778
25908,LOF,0.011354836196161037,0.2354310135085692,0.7532141502952697
25909,LOF,0.012616073141881052,0.18777714627199776,0.7996067805861211
25910,LOF,0.05015492974354302,0.117786583239447,0.8320584870170099
25911,LOF,0.10869257585550168,0.03235947712340257,0.8589479470210959
25912,LOF,0.02895629507471275,0.06487835813946309,0.9061653467858243
25913,LOF,0.2607543259230495,0.02537868910597321,0.7138669849709773
25914,LOF,0.02490543388273212,0.11455272183307591,0.860541844284192
25915,Neutral,0.4162435468142232,0.2467569348734849,0.3369995183122919
25916,LOF,0.06450389981974668,0.27428541357664776,0.6612106866036056
25917,LOF,0.07018505366070209,0.06390508723843828,0.8659098591008597
25918,LOF,0.03176835725489669,0.07479252193786814,0.8934391208072351
25919,LOF,0.026867832682644067,0.08298741216387974,0.8901447551534761
25920,GOF,0.09008012135476265,0.48214369714453337,0.42777618150070407
25921,LOF,0.03336652695921067,0.02629399586312462,0.9403394771776646
25922,LOF,0.04225193550488683,0.015548422519583757,0.9421996419755294
25923,LOF,0.4178640657267073,0.016078973893164553,0.5660569603801281
25924,LOF,0.042652600594702335,0.024991999910724167,0.9323553994945735
25925,LOF,0.07135224379914784,0.024192269389835173,0.904455486811017
25926,LOF,0.05063320079277352,0.017367993512713096,0.9319988056945134
25927,LOF,0.08456580496016994,0.04156327814187162,0.8738709168979585
25928,LOF,0.02734594035635635,0.02109065719291229,0.9515634024507312
25929,Neutral,0.548860051096671,0.018339894416702158,0.4328000544866268
25930,LOF,0.06240603569568034,0.012674343233155236,0.9249196210711645
25931,LOF,0.03490819187623177,0.01792134026201646,0.9471704678617519
25932,LOF,0.030497887262010734,0.01476117017691419,0.9547409425610751
25933,LOF,0.03961498028969745,0.009946905627561047,0.9504381140827415
25934,LOF,0.026362838568288215,0.011275595112938996,0.9623615663187727
25935,LOF,0.06792494330343392,0.02986913976321548,0.9022059169333505
25936,LOF,0.048101283076165964,0.014111247868859228,0.9377874690549747
25937,LOF,0.0344730877964867,0.021234103422382754,0.9442928087811305
25938,LOF,0.06883910033160558,0.0307606261047007,0.9004002735636937
25939,LOF,0.03965846202623072,0.009266277175880133,0.9510752607978891
25940,LOF,0.024319706858714492,0.36806496409584527,0.6076153290454402
25941,LOF,0.1329936448809376,0.08754087534165972,0.7794654797774028
25942,LOF,0.012693042424575989,0.03974549571725736,0.9475614618581667
25943,LOF,0.30215839587985244,0.06517180573831281,0.6326697983818348
25944,LOF,0.46824514987117827,0.03768202856860536,0.4940728215602164
25945,LOF,0.0608079339973799,0.022676029227827448,0.9165160367747925
25946,LOF,0.03206733770253245,0.15425827773665476,0.8136743845608128
25947,LOF,0.12060032456812968,0.2214886101531407,0.6579110652787297
25948,LOF,0.4461757456303094,0.015354093898640323,0.5384701604710502
25949,LOF,0.07866248841632477,0.0697112388353976,0.8516262727482776
25950,GOF,0.29563641186560785,0.4743167117481701,0.23004687638622207
25951,LOF,0.2783632041855304,0.21182254746525533,0.5098142483492143
25952,GOF,0.07053702902924874,0.495726594841067,0.43373637612968424
25953,LOF,0.15183469265868488,0.10015829751278175,0.7480070098285335
25954,Neutral,0.4150952780117222,0.2098014609094799,0.3751032610787979
25955,LOF,0.06458256775184026,0.07601965784922081,0.8593977743989389
25956,LOF,0.22239494999405915,0.061169132945262106,0.7164359170606788
25957,LOF,0.044577989935791505,0.023172376433366233,0.9322496336308421
25958,LOF,0.05301007932380303,0.03151801876285208,0.9154719019133449
25959,LOF,0.07006725481842202,0.27702626620167853,0.6529064789798995
25960,LOF,0.018545025855817562,0.05916364534354802,0.9222913288006344
25961,LOF,0.043650947089074896,0.04020614240114322,0.9161429105097819
25962,LOF,0.05380786727090311,0.03721700184344299,0.9089751308856538
25963,LOF,0.047965709960645316,0.19462784305689662,0.7574064469824581
25964,LOF,0.03432137965798987,0.12503770945736475,0.8406409108846454
25965,LOF,0.427776858041007,0.07351445265761836,0.4987086893013746
25966,Neutral,0.4164238906688663,0.18877382883881483,0.3948022804923189
25967,LOF,0.013090971097276548,0.07706731612475079,0.9098417127779728
25968,LOF,0.03418539342301956,0.39766118478580964,0.5681534217911708
25969,LOF,0.026154491860523366,0.059482054544795916,0.9143634535946807
25970,LOF,0.056145769444236035,0.06992119828875054,0.8739330322670134
25971,LOF,0.0682688464848187,0.02704095549886504,0.9046901980163162
25972,LOF,0.07365468983073681,0.03231527685881436,0.894030033310449
25973,LOF,0.08312430333011146,0.009359183775130316,0.9075165128947581
25974,LOF,0.2293417560333238,0.01873633668090455,0.7519219072857717
25975,LOF,0.04316850511172283,0.03122761148668192,0.9256038834015952
25976,LOF,0.04144411904124827,0.019041014143227907,0.9395148668155239
25977,LOF,0.13961249423584426,0.09032951409446416,0.7700579916696916
25978,LOF,0.1106606444436208,0.09390541084943164,0.7954339447069475
25979,LOF,0.1077786580060119,0.09024573332900174,0.8019756086649864
25980,LOF,0.13558176874966946,0.10990012181444181,0.7545181094358888
25981,LOF,0.1655381510283628,0.10682828917168352,0.7276335597999537
25982,LOF,0.33426516670321277,0.07852145769341135,0.5872133756033759
25983,LOF,0.3269849427698268,0.07675997098240175,0.5962550862477713
25984,LOF,0.04690349918755947,0.09950416496365941,0.8535923358487811
25985,LOF,0.020654486917167935,0.32892387200596984,0.6504216410768622
25986,LOF,0.029075085064940612,0.33779354087721714,0.6331313740578423
25987,LOF,0.07561122939528259,0.11354043224995332,0.810848338354764
25988,LOF,0.11684118354364886,0.10640129372520801,0.7767575227311432
25989,LOF,0.023496429503049334,0.19886663674133914,0.7776369337556115
25990,LOF,0.03260617420105601,0.16959064592880033,0.7978031798701436
25991,GOF,0.11831559913368483,0.5217459046144637,0.35993849625185154
25992,LOF,0.3031422715185072,0.3034110640056045,0.39344666447588833
25993,LOF,0.022592734142308307,0.11495812430505567,0.862449141552636
25994,LOF,0.014906179985045913,0.15629724757705038,0.8287965724379036
25995,LOF,0.024199890564150797,0.24942940568114522,0.726370703754704
25996,GOF,0.1789622748792434,0.6674699020135096,0.1535678231072471
25997,GOF,0.0637943390481453,0.647661980391646,0.28854368056020874
25998,Neutral,0.5587874932702214,0.01550778063758592,0.4257047260921926
25999,LOF,0.13533831037152882,0.13958950222520353,0.7250721874032676
26000,LOF,0.14534242256313903,0.036096744689186916,0.818560832747674
26001,LOF,0.16501983228250247,0.03769772868299738,0.7972824390345002
26002,LOF,0.14158561422185267,0.034604303628880916,0.8238100821492664
26003,GOF,0.010501202581536787,0.6711273604609203,0.318371436957543
26004,GOF,0.02384532157688229,0.7359345348012978,0.2402201436218199
26005,GOF,0.010677827946668975,0.5643890321545344,0.4249331398987966
26006,Neutral,0.4915354272511287,0.29482442775784967,0.21364014499102152
26007,GOF,0.020599741880129318,0.6144453280286862,0.36495493009118435
26008,GOF,0.021738402908562295,0.6482429336448782,0.33001866344655945
26009,GOF,0.02775153151212666,0.7048042345834924,0.26744423390438093
26010,GOF,0.024716942544196867,0.7392569196966928,0.2360261377591101
26011,GOF,0.009503614069256127,0.56853183380298,0.42196455212776396
26012,GOF,0.017275004179783025,0.6500189050652275,0.33270609075498947
26013,GOF,0.01785120954751386,0.7056593966443314,0.2764893938081547
26014,LOF,0.04650658520724128,0.16855209524526182,0.7849413195474969
26015,LOF,0.17890206966215627,0.009037839872040883,0.812060090465803
26016,LOF,0.24230525594189115,0.04062060763240219,0.7170741364257067
26017,LOF,0.1680405576165499,0.07367194322200202,0.7582874991614481
26018,LOF,0.07120487523832672,0.0365244091728644,0.892270715588809
26019,LOF,0.06822153828197546,0.026578139036093077,0.9052003226819315
26020,LOF,0.055555749179242074,0.10097332099652385,0.843470929824234
26021,LOF,0.04597508874266829,0.12296156194226371,0.8310633493150679
26022,LOF,0.010878037850923322,0.04612179661011043,0.9430001655389664
26023,LOF,0.09981700866088655,0.024825791319352284,0.8753572000197611
26024,LOF,0.028545003726089802,0.09325225286877793,0.8782027434051323
26025,LOF,0.1464258869404903,0.10447465005348726,0.7490994630060225
26026,LOF,0.2776600118368151,0.018692992013993895,0.7036469961491911
26027,LOF,0.06907525427106134,0.019115790953265013,0.9118089547756736
26028,LOF,0.1400763162821366,0.09416587831164556,0.7657578054062179
26029,LOF,0.08912801664420422,0.15125224398228584,0.7596197393735099
26030,LOF,0.0344878376808913,0.04781021064349375,0.9177019516756149
26031,LOF,0.039100539752040045,0.1161537594443041,0.844745700803656
26032,LOF,0.08112409866068243,0.042087907269722155,0.8767879940695955
26033,LOF,0.13754848439419565,0.04914676687063919,0.8133047487351652
26034,LOF,0.05630161867294968,0.12187242303330471,0.8218259582937455
26035,LOF,0.03922173366145004,0.10563841184842286,0.8551398544901271
26036,LOF,0.05661861999032528,0.1341828484653975,0.8091985315442772
26037,LOF,0.0311845996100561,0.09341876421856574,0.8753966361713783
26038,LOF,0.07723005043624229,0.041086741344717445,0.8816832082190403
26039,LOF,0.07242079436885641,0.11323025447325531,0.8143489511578883
26040,LOF,0.24741157198368643,0.08272372164058497,0.6698647063757285
26041,LOF,0.032336941222605865,0.08928148490175715,0.878381573875637
26042,LOF,0.03203036253766357,0.09017214271329392,0.8777974947490426
26043,LOF,0.07475212256806013,0.055734204765857095,0.8695136726660827
26044,LOF,0.02829522630691462,0.06298057641744692,0.9087241972756386
26045,LOF,0.08360869565935611,0.08983327750362348,0.8265580268370204
26046,LOF,0.07846402455801431,0.057660177874135216,0.8638757975678505
26047,LOF,0.11452927417982454,0.06774787935205676,0.8177228464681188
26048,LOF,0.04934722629220413,0.05216761093478946,0.8984851627730065
26049,Neutral,0.9554751437423753,0.006763551241070042,0.03776130501655485
26050,Neutral,0.9324707168877188,0.007843934134892571,0.05968534897738857
26051,LOF,0.04770130725565966,0.4598591636572504,0.4924395290870898
26052,LOF,0.06648079980467857,0.4600875400334084,0.47343166016191307
26053,LOF,0.06188567124496033,0.14913613012256713,0.7889781986324725
26054,LOF,0.06251839503574794,0.037876614117003035,0.8996049908472491
26055,LOF,0.07915628215488184,0.02717539540056544,0.8936683224445526
26056,LOF,0.06917759235212388,0.032123412270875173,0.8986989953770008
26057,LOF,0.03061222811158972,0.01657358974968436,0.9528141821387259
26058,LOF,0.031327924976322696,0.015174216676964667,0.9534978583467126
26059,LOF,0.2996197807763046,0.05327519819479171,0.6471050210289037
26060,LOF,0.030969192421065467,0.2824902972296137,0.6865405103493208
26061,LOF,0.018019455581026682,0.01868712712150065,0.9632934172974728
26062,LOF,0.011502612280978269,0.028940724525419032,0.9595566631936028
26063,LOF,0.021139078157277447,0.016086359423944423,0.962774562418778
26064,LOF,0.025697490865714365,0.022164372197126737,0.9521381369371589
26065,LOF,0.024446284379006037,0.019337231103947947,0.956216484517046
26066,LOF,0.019761717420750422,0.017298882218093635,0.9629394003611559
26067,LOF,0.024660700510469955,0.013775483368018093,0.961563816121512
26068,LOF,0.04880189109709735,0.05695744572725082,0.8942406631756519
26069,LOF,0.29100563329413887,0.03579895218844046,0.6731954145174206
26070,LOF,0.40919730050195846,0.025847689873081618,0.56495500962496
26071,LOF,0.02133324362520245,0.020609766453504527,0.958056989921293
26072,LOF,0.02419039629309265,0.028824078876344326,0.946985524830563
26073,LOF,0.023419718843862986,0.01588509075037278,0.9606951904057642
26074,Neutral,0.9176776458344553,0.0076831309543788215,0.07463922321116576
26075,LOF,0.04451862149909012,0.023904177221554298,0.9315772012793557
26076,LOF,0.04435173991765548,0.014907180360349041,0.9407410797219956
26077,LOF,0.010416706642491799,0.032280826370177436,0.9573024669873308
26078,LOF,0.01456371877097429,0.020416065110402393,0.9650202161186232
26079,LOF,0.057682988244125155,0.030181482891861164,0.9121355288640136
26080,LOF,0.05562102914633806,0.030255207194802094,0.9141237636588598
26081,LOF,0.03294392591347192,0.011406456568396296,0.9556496175181317
26082,LOF,0.01934465647671274,0.02947281952875989,0.9511825239945274
26083,LOF,0.12273482971384982,0.018933855170116212,0.858331315116034
26084,LOF,0.025820585325226336,0.02496357999501419,0.9492158346797596
26085,LOF,0.021646954972860708,0.023297550289093027,0.9550554947380462
26086,LOF,0.0237126675279751,0.018720746286746474,0.9575665861852785
26087,LOF,0.023837698472225978,0.013872833461955043,0.9622894680658189
26088,LOF,0.018851856195943158,0.0407436080370868,0.94040453576697
26089,LOF,0.04858960746515041,0.03912664212614605,0.9122837504087035
26090,LOF,0.04757409467098371,0.031045040524389615,0.9213808648046267
26091,LOF,0.037932236124113346,0.010554310525896053,0.9515134533499905
26092,LOF,0.02501573625051586,0.014122963831420442,0.9608612999180637
26093,LOF,0.036322711984419,0.009372069005618756,0.9543052190099622
26094,LOF,0.04251835386627563,0.011040846737944383,0.94644079939578
26095,LOF,0.05467710156945873,0.021505957417610317,0.923816941012931
26096,LOF,0.022675204482709172,0.016848174291590502,0.9604766212257003
26097,LOF,0.010462525385724274,0.06419060621849387,0.925346868395782
26098,LOF,0.07836975579117345,0.02200428134280871,0.8996259628660178
26099,LOF,0.02508030600995873,0.024223079699145653,0.9506966142908957
26100,LOF,0.026367876259113337,0.022606950120702716,0.9510251736201839
26101,LOF,0.054322819310495686,0.021572166702023797,0.9241050139874806
26102,LOF,0.02520190783430862,0.01812130602572079,0.9566767861399706
26103,Neutral,0.8852403041633498,0.029772624054214995,0.08498707178243518
26104,LOF,0.07419120366218766,0.055047864032040573,0.8707609323057718
26105,LOF,0.22663581344815287,0.24217086002415042,0.5311933265276968
26106,LOF,0.20057009391104752,0.13201366241302667,0.6674162436759259
26107,LOF,0.23493376160086635,0.11117126877030317,0.6538949696288305
26108,LOF,0.2381363655415309,0.1653995781495075,0.5964640563089616
26109,LOF,0.08013630465789984,0.1372767794021235,0.7825869159399766
26110,LOF,0.26207037609784,0.007198851327610601,0.7307307725745493
26111,LOF,0.4679753045034783,0.017325177071635302,0.5146995184248864
26112,LOF,0.034254836956613945,0.007895249966594992,0.9578499130767911
26113,LOF,0.0526401869950059,0.01262657529224505,0.9347332377127491
26114,LOF,0.01620078767355584,0.016610512813253007,0.9671886995131912
26115,LOF,0.0764914778485948,0.030028715521197263,0.8934798066302079
26116,LOF,0.04667705543300078,0.025797689105532023,0.9275252554614671
26117,LOF,0.3760336379298942,0.05966014992417478,0.5643062121459311
26118,LOF,0.03960685646589556,0.03595746045156492,0.9244356830825394
26119,LOF,0.02339018189783987,0.04969840536843687,0.9269114127337233
26120,LOF,0.030326220685184792,0.026366400991853247,0.943307378322962
26121,LOF,0.05329757822435963,0.09456103974569151,0.8521413820299489
26122,LOF,0.052356171781696256,0.043471066974995136,0.9041727612433086
