feature0,prediction,LoGoFunc_Neutral,LoGoFunc_GOF,LoGoFunc_LOF
25546,Neutral,0.5396728239662106,0.16544116276381884,0.2948860132699705
25547,Neutral,0.44093664069629607,0.2335721720183113,0.32549118728539267
25548,LOF,0.3136775712448782,0.22113216014412695,0.4651902686109949
25549,LOF,0.2998284428296683,0.22188747636209147,0.47828408080824025
25550,LOF,0.26634357966581396,0.2877180870874026,0.4459383332467834
25551,LOF,0.20988559973033857,0.28881296631449355,0.5013014339551679
25552,LOF,0.1912979780415807,0.26079874106293494,0.5479032808954843
25553,Neutral,0.7196259892777348,0.11905099139733405,0.161323019324931
25554,LOF,0.2520063764555149,0.20629904271020605,0.5416945808342791
25555,LOF,0.1737310659345512,0.21810598609802356,0.6081629479674252
25556,LOF,0.32464879167719213,0.19844273859824632,0.47690846972456147
25557,LOF,0.18849722093661397,0.21618967010338186,0.5953131089600041
25558,LOF,0.23916634280968332,0.2720648170776836,0.4887688401126331
25559,LOF,0.30850167369569387,0.06319155571378339,0.6283067705905228
25560,LOF,0.03481065554194804,0.2655442028636135,0.6996451415944385
25561,LOF,0.027552226565330743,0.3488767184464951,0.6235710549881742
25562,LOF,0.036414937102044395,0.11336211819006099,0.8502229447078946
25563,LOF,0.010348290029750781,0.20586478283272067,0.7837869271375285
25564,LOF,0.06828588121268436,0.060383033366554865,0.8713310854207609
25565,LOF,0.16312885478543387,0.12803305740634513,0.708838087808221
25566,GOF,0.04010115350868348,0.6432026510940176,0.3166961953972989
25567,LOF,0.04480214051004094,0.030987035155123334,0.9242108243348358
25568,LOF,0.05401207750085558,0.03774880540984161,0.9082391170893029
25569,LOF,0.05907951245858575,0.028376228990415406,0.9125442585509987
25570,LOF,0.06288619605932803,0.03471197957135649,0.9024018243693154
25571,LOF,0.05900089777606763,0.031422013010540734,0.9095770892133916
25572,LOF,0.07295030267708129,0.014917129927736378,0.9121325673951823
25573,LOF,0.07435657425943823,0.05917837414312858,0.8664650515974331
25574,LOF,0.1313679540042739,0.09005735097271017,0.7785746950230159
25575,LOF,0.06455005159583138,0.03557142877740946,0.8998785196267591
25576,LOF,0.03150348486919276,0.034504015960789114,0.9339924991700181
25577,LOF,0.04563937132697958,0.017176999761133238,0.9371836289118872
25578,LOF,0.2670570978054736,0.07237619694803599,0.6605667052464904
25579,LOF,0.2603174679388976,0.06994225741026579,0.6697402746508365
25580,LOF,0.06341935449642426,0.028171617868156935,0.9084090276354188
25581,LOF,0.032152622655106405,0.06999353403167131,0.8978538433132223
25582,LOF,0.032152622655106405,0.06999353403167131,0.8978538433132223
25583,LOF,0.05962228060252425,0.034180132773263025,0.9061975866242128
25584,Neutral,0.7446546206680315,0.016840066555838897,0.23850531277612957
25585,LOF,0.03746813477597942,0.023429102881536792,0.9391027623424838
25586,LOF,0.06224001407424918,0.02655502322942101,0.9112049626963298
25587,LOF,0.060069942119581055,0.03053682348109552,0.9093932343993233
25588,LOF,0.0586211433659416,0.024409439428595046,0.9169694172054633
25589,Neutral,0.6880885776874812,0.03654186880860944,0.2753695535039093
25590,LOF,0.0758636158020773,0.027492787889896685,0.896643596308026
25591,LOF,0.11266390878313809,0.018998642635482812,0.8683374485813792
25592,LOF,0.19760914771864646,0.07889034009471031,0.7235005121866432
25593,LOF,0.17739472578606238,0.1864485382278222,0.6361567359861154
25594,LOF,0.028941115584117157,0.0946659100496588,0.876392974366224
25595,LOF,0.03700347938508051,0.06127810550978319,0.9017184151051363
25596,LOF,0.1278357199111644,0.024034509873323055,0.8481297702155125
25597,LOF,0.11352312561938775,0.01687772679113963,0.8695991475894727
25598,LOF,0.04008766957192054,0.08213081776191226,0.8777815126661672
25599,GOF,0.024377009642290875,0.6017607694951318,0.3738622208625773
25600,GOF,0.15033206011108524,0.5392194848218131,0.31044845506710167
25601,LOF,0.060328702465668245,0.2431925192258387,0.696478778308493
25602,LOF,0.0815323518799954,0.02316916849663202,0.8952984796233726
25603,LOF,0.07444526793740079,0.03389185170193796,0.8916628803606612
25604,LOF,0.10480037890797968,0.08980135094791347,0.8053982701441069
25605,LOF,0.1750873574764394,0.06903130412005483,0.7558813384035058
25606,Neutral,0.6047319425747711,0.09171369122839906,0.3035543661968299
25607,LOF,0.05628541017267375,0.10370275589138926,0.8400118339359369
25608,LOF,0.046833496168408914,0.1627813805675862,0.7903851232640048
25609,GOF,0.1031921811475387,0.613285982831236,0.2835218360212252
25610,LOF,0.028169296077752443,0.07554976627596958,0.8962809376462779
25611,LOF,0.02917247730690745,0.07380831298457047,0.8970192097085221
25612,LOF,0.05481891107409452,0.0817596569705196,0.8634214319553858
25613,LOF,0.04596482474369245,0.09324793257275846,0.860787242683549
25614,LOF,0.038649787275311764,0.12290769323881666,0.8384425194858716
25615,LOF,0.05614646390908842,0.14042557565401628,0.8034279604368953
25616,LOF,0.0267384654255083,0.10974089997865882,0.863520634595833
25617,LOF,0.026139621761249347,0.12069509837441103,0.8531652798643397
25618,LOF,0.16105491488036175,0.39020483904934156,0.44874024607029683
25619,LOF,0.034050696803820314,0.24278014618005686,0.7231691570161228
25620,LOF,0.026721892884822965,0.11599359007221029,0.8572845170429667
25621,LOF,0.07022837348234497,0.11316975809368893,0.8166018684239661
25622,LOF,0.06593518069879453,0.11544782723379632,0.8186169920674091
25623,LOF,0.07652876183931895,0.07016131225468793,0.8533099259059932
25624,LOF,0.03437308212369036,0.1767894722423272,0.7888374456339825
25625,LOF,0.04791736005248816,0.08701618303934382,0.8650664569081681
25626,LOF,0.029788576769278135,0.07099275944655908,0.8992186637841628
25627,Neutral,0.844244646472441,0.04586256663931905,0.10989278688823997
25628,LOF,0.12866436028609457,0.10970482881036417,0.7616308109035412
25629,LOF,0.031423296542839665,0.11305197691862832,0.8555247265385321
25630,LOF,0.3190050643197875,0.06350677298953555,0.617488162690677
25631,LOF,0.30203907057676993,0.08936291730914378,0.6085980121140863
25632,LOF,0.02714788073860459,0.0693482898831065,0.9035038293782889
25633,LOF,0.1405781811876736,0.09817080595459274,0.7612510128577337
25634,LOF,0.04768106947292401,0.05322606272877247,0.8990928677983036
25635,LOF,0.03987596698312824,0.061125647022167155,0.8989983859947047
25636,GOF,0.027655577265481773,0.5774650568771766,0.3948793658573416
25637,GOF,0.02124043801244754,0.5698844956010041,0.4088750663865484
25638,GOF,0.009035964093392756,0.6546551813316557,0.3363088545749517
25639,LOF,0.022287321426337738,0.42602845730610417,0.551684221267558
25640,Neutral,0.8114547793756648,0.15514168446257015,0.03340353616176513
25641,LOF,0.054385566354743724,0.4238529934480719,0.5217614401971843
25642,LOF,0.05099379385761688,0.2926540467611557,0.6563521593812274
25643,LOF,0.3377709019880102,0.30821695843890756,0.3540121395730823
25644,LOF,0.013852829414480204,0.2618052855658975,0.7243418850196224
25645,LOF,0.011947394988960365,0.2846864582490095,0.7033661467620302
25646,LOF,0.022651562312693597,0.20641241889278583,0.7709360187945207
25647,LOF,0.016039703844282063,0.11731210099588081,0.866648195159837
25648,LOF,0.021958291394034667,0.15988341900271438,0.818158289603251
25649,LOF,0.013116185953159653,0.08180947503853382,0.9050743390083065
25650,LOF,0.049359221053028784,0.22672330232729404,0.7239174766196772
25651,LOF,0.013947171827421655,0.12752293111425914,0.8585298970583192
25652,LOF,0.01036100951796621,0.2826520814790002,0.7069869090030336
25653,LOF,0.03264652013679835,0.3136125345528419,0.6537409453103598
25654,LOF,0.009517082689360837,0.25764499999647106,0.7328379173141681
25655,LOF,0.10354879205455733,0.2942977370307602,0.6021534709146825
25656,LOF,0.11897073275597637,0.29397638095587775,0.5870528862881459
25657,LOF,0.031028604975886623,0.4012869896658819,0.5676844053582315
25658,GOF,0.10630915872334537,0.46703276664382254,0.4266580746328322
25659,GOF,0.17213211312344542,0.5583333244372563,0.2695345624392983
25660,LOF,0.04150835980463449,0.23214262192746485,0.7263490182679007
25661,LOF,0.03192726565236606,0.250202646892988,0.7178700874546459
25662,LOF,0.026919244303857854,0.08842677886282202,0.8846539768333201
25663,LOF,0.029671940421795485,0.06509547735014423,0.9052325822280602
25664,LOF,0.06502484842796045,0.12126137232577655,0.813713779246263
25665,LOF,0.02841742040551029,0.05223958456304422,0.9193429950314453
25666,LOF,0.05905428457761602,0.07943348696677743,0.8615122284556066
25667,LOF,0.027457755344749403,0.12675056102204227,0.8457916836332083
25668,LOF,0.030639650752331497,0.14108177721557807,0.8282785720320904
25669,LOF,0.02586936418014068,0.1518250004138119,0.8223056354060475
25670,LOF,0.08954566842202781,0.07534386876394665,0.8351104628140256
25671,LOF,0.032840743990083104,0.05948046624033475,0.9076787897695822
25672,LOF,0.021284708667282964,0.10140908911665313,0.8773062022160638
25673,LOF,0.06498688804857845,0.06699487045597506,0.8680182414954465
25674,LOF,0.05344456340327789,0.09650844205764772,0.8500469945390744
25675,LOF,0.04762680553751786,0.07849825153346017,0.8738749429290219
25676,LOF,0.027234536713215542,0.09298265192642331,0.8797828113603611
25677,LOF,0.03571806563185761,0.1621312211474543,0.802150713220688
25678,LOF,0.07561956903551353,0.11199916241613737,0.8123812685483491
25679,LOF,0.09709403643605045,0.10454087395595117,0.7983650896079983
25680,LOF,0.04488943146430845,0.19659847745889406,0.7585120910767975
25681,LOF,0.044043125013579806,0.2143760738545468,0.7415808011318734
25682,LOF,0.02961617706584917,0.11750115768799943,0.8528826652461514
25683,LOF,0.08724068191245685,0.06187985301676887,0.8508794650707743
25684,LOF,0.027910588847726465,0.12498192784291548,0.8471074833093581
25685,LOF,0.036493317856873125,0.38097555112897336,0.5825311310141535
25686,LOF,0.026136121815068233,0.37728510198464216,0.5965787762002895
25687,GOF,0.05704935189856376,0.5056261117667851,0.4373245363346511
25688,LOF,0.33962478375277794,0.059946333512683345,0.6004288827345386
25689,LOF,0.15444646829696657,0.05417668813801874,0.7913768435650148
25690,LOF,0.21887063396082465,0.0634763276519285,0.7176530383872469
25691,Neutral,0.6965687506213991,0.08246490260972918,0.22096634676887172
25692,LOF,0.1851039037868687,0.012639816819387101,0.8022562793937441
25693,GOF,0.06135513270596304,0.6422846033450514,0.2963602639489856
25694,LOF,0.11172405423314449,0.023566645382688246,0.8647093003841673
25695,LOF,0.09051243070769809,0.01601007193071684,0.8934774973615851
25696,LOF,0.11561931328218168,0.025019081868321216,0.8593616048494971
25697,LOF,0.07206063755482196,0.14377330717864997,0.784166055266528
25698,LOF,0.23367965916089606,0.2471078323980126,0.5192125084410913
25699,GOF,0.2629338567042352,0.3988734277898461,0.3381927155059187
25700,LOF,0.04335991896860118,0.06630935734625332,0.8903307236851455
25701,LOF,0.2116619683371145,0.20381141521120305,0.5845266164516825
25702,GOF,0.21659856377563483,0.6857711417267676,0.0976302944975975
25703,LOF,0.026352389142593344,0.3266356157729174,0.6470119950844891
25704,LOF,0.03621641807044746,0.39959159128439287,0.5641919906451597
25705,LOF,0.03209763836411126,0.4066033080177911,0.5612990536180976
25706,GOF,0.11066117687413658,0.5705500834586003,0.3187887396672631
25707,GOF,0.08312285786349839,0.5498174390230784,0.36705970311342306
25708,GOF,0.03430898541586828,0.6085483867067046,0.35714262787742707
25709,LOF,0.02476851353690778,0.382246254808929,0.5929852316541632
25710,LOF,0.015445441245838474,0.1869031394108842,0.7976514193432773
25711,LOF,0.02551195422924485,0.4032770250260438,0.5712110207447113
25712,LOF,0.015070684814164183,0.2867804814831317,0.6981488337027041
25713,LOF,0.026059497558542807,0.4010162357316139,0.5729242667098433
25714,LOF,0.0324554058840491,0.39763750173121454,0.5699070923847364
25715,LOF,0.02667528038767352,0.42320594448624943,0.5501187751260771
25716,LOF,0.01353001751109986,0.18038573744561434,0.8060842450432858
25717,LOF,0.015304151755485221,0.1403741702485275,0.8443216779959873
25718,LOF,0.02052182500219572,0.25492364965847897,0.7245545253393254
25719,LOF,0.02443133412447462,0.41634498281811566,0.5592236830574097
25720,LOF,0.027385038737907704,0.32285109714597005,0.6497638641161223
25721,LOF,0.024890441110504875,0.3833668757118062,0.591742683177689
25722,LOF,0.02504561723075208,0.37876044951377413,0.5961939332554738
25723,LOF,0.02483649038021469,0.41852868048018277,0.5566348291396025
25724,LOF,0.06477322769054694,0.4642807264014071,0.4709460459080458
25725,LOF,0.02457384159905157,0.39107332238049164,0.5843528360204568
25726,LOF,0.024366813249693108,0.42186831345727976,0.5537648732930271
25727,LOF,0.02440352879157561,0.42677941822275683,0.5488170529856675
25728,LOF,0.024119619463288833,0.42884431568883974,0.5470360648478715
25729,LOF,0.024176311232993995,0.4214763632890708,0.5543473254779351
25730,LOF,0.024391573627021178,0.4226045200931875,0.5530039062797913
25731,LOF,0.012275275434324396,0.20150407581144733,0.7862206487542283
25732,LOF,0.0219967636332254,0.21147310918579562,0.7665301271809789
25733,LOF,0.020215761083694408,0.24133204784043247,0.738452191075873
25734,LOF,0.017864125603310594,0.2200127170638645,0.7621231573328249
25735,LOF,0.02078176711953777,0.2607328592128491,0.7184853736676131
25736,LOF,0.019840347603184507,0.2618837778772458,0.7182758745195698
25737,LOF,0.024608314949645584,0.39485604691067877,0.5805356381396757
25738,LOF,0.0244231127332274,0.412635634144453,0.5629412531223196
25739,LOF,0.024693406139858362,0.40107645616026893,0.5742301376998727
25740,LOF,0.03319571839114453,0.35148186181444,0.6153224197944155
25741,LOF,0.03195272649790068,0.37034835704953156,0.5976989164525677
25742,LOF,0.034243320588923196,0.3389756135009902,0.6267810659100866
25743,LOF,0.030254211309255607,0.05094124388297859,0.9188045448077657
25744,Neutral,0.5888971235727033,0.18010991219553427,0.23099296423176235
25745,LOF,0.04648073653235121,0.11529573797277229,0.8382235254948766
25746,LOF,0.02313297245351982,0.1617260942041857,0.8151409333422945
25747,LOF,0.02589277550241205,0.09515922060886886,0.8789480038887191
25748,LOF,0.1574817410846307,0.12089773817249339,0.7216205207428759
25749,LOF,0.020833747489223918,0.1331622013137102,0.8460040511970659
25750,LOF,0.025646790175704835,0.12453839701399028,0.8498148128103049
25751,LOF,0.03424647934861523,0.3462100483786091,0.6195434722727757
25752,GOF,0.054033654799499294,0.7308628885585202,0.2151034566419805
25753,LOF,0.013945416578237948,0.42188522567460734,0.5641693577471547
25754,GOF,0.01841954091552201,0.748332373876269,0.23324808520820897
25755,LOF,0.02398807868932455,0.3309870272737129,0.6450248940369626
25756,GOF,0.03069100667792157,0.5384980505245822,0.43081094279749627
25757,GOF,0.015530773262540497,0.8257060591974946,0.1587631675399649
25758,GOF,0.02090598423352673,0.8560875750087996,0.12300644075767372
25759,GOF,0.017213058520260435,0.7214913021172611,0.26129563936247835
25760,LOF,0.019688537115649007,0.3939073903648774,0.5864040725194736
25761,GOF,0.185165240597524,0.7248458531798888,0.08998890622258714
25762,LOF,0.03565943296123132,0.45301594150407937,0.5113246255346893
25763,LOF,0.023513619735172523,0.28335006103063454,0.6931363192341929
25764,GOF,0.061626078954965614,0.8102667716320912,0.1281071494129431
25765,GOF,0.019290154004270137,0.827665034852373,0.15304481114335672
25766,GOF,0.05707864964610954,0.8387765155005634,0.10414483485332697
25767,GOF,0.0630928548571919,0.8546400075778345,0.08226713756497354
25768,LOF,0.04383327705327996,0.2105679484563904,0.7455987744903295
25769,LOF,0.023000066716830945,0.26660170588833926,0.7103982273948298
25770,LOF,0.3063349318771458,0.0899428323698995,0.6037222357529547
25771,LOF,0.05063630284121216,0.04770938051312558,0.9016543166456622
25772,LOF,0.027560017270719037,0.1605741105612611,0.8118658721680199
25773,LOF,0.04780845994970372,0.05394966354404917,0.8982418765062472
25774,LOF,0.01833221717639049,0.16546147595506125,0.8162063068685482
25775,LOF,0.06508629385277481,0.04567498618109877,0.8892387199661265
25776,LOF,0.033428381405470595,0.09991475763264855,0.8666568609618808
25777,LOF,0.3291105101987922,0.06380324408613365,0.6070862457150741
25778,LOF,0.026049603312639124,0.2092406762215392,0.7647097204658216
25779,GOF,0.42415436986043337,0.5150972109632584,0.060748419176308216
25780,Neutral,0.4753367107001538,0.4406372281149023,0.08402606118494398
25781,GOF,0.17409115933021369,0.7114653856032979,0.11444345506648854
25782,GOF,0.2429484603020946,0.6642993379934142,0.09275220170449117
25783,GOF,0.02587409022377109,0.8039956482323454,0.1701302615438835
25784,Neutral,0.6336196353160415,0.3284500679222352,0.03793029676172338
25785,Neutral,0.7037670056735529,0.19340242842415736,0.10283056590228981
25786,GOF,0.021839503953023098,0.788496504095524,0.18966399195145292
25787,Neutral,0.8569925535561354,0.09575633855576743,0.04725110788809722
25788,LOF,0.02882296620587301,0.05293301232496261,0.9182440214691644
25789,GOF,0.19455175056742857,0.5790773490494637,0.22637090038310775
25790,GOF,0.14037631678611387,0.6660502496955553,0.19357343351833084
25791,GOF,0.1433224577620879,0.5127730964920418,0.3439044457458702
25792,Neutral,0.39631809803192636,0.34849491375192776,0.255186988216146
25793,GOF,0.16052953256821123,0.4652321721168853,0.3742382953149034
25794,GOF,0.21079296326901298,0.5516228891325136,0.23758414759847346
25795,GOF,0.06066865419146287,0.7062505049356632,0.23308084087287398
25796,Neutral,0.5309905595311009,0.2957210570546852,0.17328838341421385
25797,GOF,0.0833128410395087,0.5824880603598764,0.3341990986006149
25798,GOF,0.013002022410783133,0.5674199746627077,0.4195780029265093
25799,GOF,0.011365508931219296,0.5445809001854744,0.4440535908833063
25800,GOF,0.04645343951154184,0.7378171763436083,0.21572938414484988
25801,GOF,0.19246783207124404,0.6709901013522209,0.13654206657653511
25802,GOF,0.06576544839560858,0.6588386143755267,0.27539593722886474
25803,GOF,0.05342735519135215,0.6340214082133152,0.31255123659533257
25804,GOF,0.03705112405378968,0.5991459556889905,0.3638029202572197
25805,GOF,0.09956563427942801,0.668370655759516,0.23206370996105602
25806,GOF,0.1168456027433263,0.6249582581308487,0.2581961391258251
25807,GOF,0.018755742648484616,0.600549219628887,0.3806950377226283
25808,GOF,0.09189109282071825,0.5532482017627496,0.3548607054165321
25809,GOF,0.018629288851313618,0.5147860416729834,0.466584669475703
25810,GOF,0.020765505157860496,0.5301958227105811,0.44903867213155835
25811,Neutral,0.5912161353202089,0.33727340776322323,0.07151045691656785
25812,GOF,0.048262326019086706,0.5184279753744647,0.43330969860644863
25813,Neutral,0.7442577123702148,0.10757779073812808,0.14816449689165728
25814,GOF,0.26174457831709214,0.4877728208998695,0.25048260078303847
25815,GOF,0.40957800330749145,0.43224861510343005,0.15817338158907857
25816,GOF,0.025620799527785627,0.6364999208133623,0.33787927965885206
25817,GOF,0.21017162523832272,0.6466011514021544,0.143227223359523
25818,GOF,0.046612917703521606,0.5441195992968161,0.40926748299966226
25819,GOF,0.3085530616158774,0.49023285570033553,0.2012140826837871
25820,GOF,0.1716694776789039,0.5576835888527452,0.2706469334683509
25821,GOF,0.05279207584018928,0.6461035474508119,0.3011043767089989
25822,GOF,0.2129265965587908,0.514765523900737,0.27230787954047203
25823,GOF,0.04175456375512456,0.6297459566457475,0.328499479599128
25824,GOF,0.10295494304532277,0.4697646380986528,0.4272804188560244
25825,LOF,0.03914260051155208,0.478220870066336,0.4826365294221119
25826,GOF,0.012918429365424866,0.5792398178869834,0.4078417527475916
25827,GOF,0.01918326007940881,0.6532662962140172,0.3275504437065739
25828,GOF,0.012726459256043208,0.5977449893827567,0.3895285513612001
25829,GOF,0.008365845436587426,0.5413369567728112,0.45029719779060123
25830,LOF,0.07190911330370438,0.09432794784512272,0.8337629388511729
25831,GOF,0.12414266521949648,0.7352579224328125,0.140599412347691
25832,GOF,0.03639848418523642,0.7250537689398723,0.2385477468748913
25833,GOF,0.13544778883934058,0.6890033341766472,0.17554887698401228
25834,GOF,0.05414392785743764,0.7218425616033625,0.22401351053919988
25835,GOF,0.13394697116185467,0.6536392733473801,0.21241375549076516
25836,GOF,0.05106853867924564,0.6836114607086214,0.2653200006121329
25837,GOF,0.03356504570559844,0.5486672378952008,0.41776771639920085
25838,GOF,0.12767757878139277,0.6666829945509142,0.20563942666769305
25839,GOF,0.3801851412187025,0.40847137994428995,0.21134347883700763
25840,GOF,0.21222948137443032,0.5751053859719684,0.2126651326536013
25841,GOF,0.24375448928008797,0.5426103732861914,0.21363513743372056
25842,GOF,0.3247128951238915,0.41169891408194426,0.2635881907941642
25843,GOF,0.2643920668160835,0.5783190963133623,0.1572888368705542
25844,GOF,0.13254746970113354,0.4456944996349935,0.421758030663873
25845,GOF,0.02472959545769322,0.5737701964392459,0.4015002081030608
25846,GOF,0.1018944024465803,0.696060070899155,0.20204552665426462
25847,GOF,0.16295265275054438,0.640871501493439,0.1961758457560167
25848,GOF,0.051288893856831864,0.5891118991502686,0.35959920699289954
25849,GOF,0.012892218774423201,0.5871585322471388,0.3999492489784381
25850,GOF,0.029712305287430088,0.6731401840583452,0.2971475106542247
25851,GOF,0.02009394159508398,0.604451859018384,0.3754541993865319
25852,GOF,0.1150342992044136,0.5364242833321802,0.34854141746340617
25853,GOF,0.3274309805503179,0.49547655473820335,0.17709246471147883
25854,GOF,0.013485018613679737,0.6454811678575093,0.3410338135288109
25855,LOF,0.044131179633347443,0.4442264430400863,0.5116423773265663
25856,GOF,0.2690060618514238,0.43959684652145764,0.2913970916271185
25857,GOF,0.035246967045115825,0.49928283802303836,0.4654701949318458
25858,GOF,0.02097515224411192,0.6769109958649334,0.30211385189095463
25859,GOF,0.010729130502570888,0.680916522619802,0.30835434687762714
25860,GOF,0.36849178543550826,0.43616152814296383,0.1953466864215279
25861,GOF,0.24826544003574919,0.6600896085533712,0.09164495141087964
25862,GOF,0.08662070149920308,0.7396719504540988,0.17370734804669816
25863,GOF,0.10000639483338868,0.7147047862472403,0.185288818919371
25864,GOF,0.20824609734614846,0.6898815759144329,0.1018723267394187
25865,GOF,0.08847543905746398,0.8078311453371162,0.10369341560541985
25866,GOF,0.08713871200796713,0.7714896956310534,0.1413715923609794
25867,GOF,0.10721655672415831,0.7875536895356899,0.10522975374015178
25868,GOF,0.21935980650250292,0.5877481530276186,0.19289204046987848
25869,Neutral,0.7413991347948898,0.19467369408395868,0.06392717112115158
25870,LOF,0.12236920873235832,0.065315358537258,0.8123154327303836
25871,GOF,0.09142678566760183,0.5707123994249098,0.3378608149074882
25872,GOF,0.10387193164298829,0.5147294474082359,0.3813986209487758
25873,GOF,0.13895568837127406,0.6247418944781714,0.23630241715055453
25874,LOF,0.03085315216390815,0.05075002801943245,0.9183968198166594
25875,LOF,0.06771946796082629,0.25524396472147337,0.6770365673177002
25876,LOF,0.02370557551308946,0.11273487011918362,0.863559554367727
25877,LOF,0.3623436805105125,0.24885166121263286,0.38880465827685456
25878,GOF,0.16602036291189612,0.4324119489569487,0.4015676881311552
25879,LOF,0.08387538941149576,0.4015093821241051,0.5146152284643991
25880,LOF,0.02725437189954385,0.09867820090769658,0.8740674271927595
25881,LOF,0.36276844672111624,0.1386715498025782,0.4985600034763055
25882,LOF,0.09967729896619687,0.01852506984802984,0.8817976311857733
25883,LOF,0.07535550034008684,0.044753541480081135,0.879890958179832
25884,LOF,0.07875838380698778,0.044127409992855464,0.8771142062001568
25885,LOF,0.09569833181127237,0.02393824182948529,0.8803634263592424
25886,LOF,0.23245407139710306,0.13423909634193465,0.6333068322609623
25887,LOF,0.38101081922167757,0.09661766267867414,0.5223715180996482
25888,LOF,0.17064643222208778,0.0718266529015019,0.7575269148764104
25889,LOF,0.08294440150335322,0.046713499221159645,0.8703420992754871
25890,LOF,0.05351480331919079,0.08639860005600308,0.8600865966248061
25891,LOF,0.05457823635945456,0.02782165501100684,0.9176001086295386
25892,LOF,0.09416015142877125,0.05052070189966585,0.855319146671563
25893,LOF,0.33212268570475484,0.04121048883305018,0.626666825462195
25894,LOF,0.14410159571871548,0.014228464300341347,0.8416699399809432
25895,LOF,0.17114476561021788,0.013697298046209462,0.8151579363435727
25896,LOF,0.047533816933927886,0.018258854861821067,0.9342073282042511
25897,LOF,0.19250996392428296,0.045953298642635615,0.7615367374330814
25898,Neutral,0.6573194691896302,0.026666872723036982,0.3160136580873328
25899,LOF,0.21928011869078864,0.14594458169669108,0.6347752996125202
25900,Neutral,0.7965157629842411,0.032216343089965876,0.17126789392579297
25901,LOF,0.07735974920064223,0.030122815872083743,0.892517434927274
25902,LOF,0.11930051369940169,0.02643529840849932,0.854264187892099
25903,Neutral,0.5377138542929456,0.0791574041709049,0.38312874153614945
25904,LOF,0.28738493519942615,0.07834388882280659,0.6342711759777673
25905,LOF,0.014674117922732089,0.4049596572612981,0.5803662248159698
25906,LOF,0.026148482798009708,0.05782685276584526,0.916024664436145
25907,LOF,0.01171891708949639,0.3055412245499593,0.6827398583605443
25908,LOF,0.016890993270592288,0.18392907887510745,0.7991799278543003
25909,LOF,0.02648113689648636,0.14877375083054886,0.8247451122729648
25910,LOF,0.012023942843482297,0.49261949195081006,0.49535656520570764
25911,LOF,0.0758191953336255,0.0346600224241385,0.889520782242236
25912,LOF,0.031886770778846454,0.0825469883327943,0.8855662408883592
25913,LOF,0.1971275659381836,0.031792612117331275,0.7710798219444851
25914,LOF,0.05256117734209389,0.1780469863081547,0.7693918363497514
25915,Neutral,0.5005886435582713,0.3350479049031965,0.1643634515385322
25916,GOF,0.04148224262852165,0.7017476332829693,0.25677012408850913
25917,LOF,0.029115124995663672,0.12273499555002843,0.848149879454308
25918,LOF,0.04974973238649585,0.08424363975440956,0.8660066278590947
25919,LOF,0.05168556073668342,0.054107949926304036,0.8942064893370125
25920,GOF,0.19157378796982508,0.539366047968508,0.269060164061667
25921,LOF,0.053451618898631315,0.0681479862866783,0.8784003948146905
25922,LOF,0.045354209043465835,0.053776382276368134,0.900869408680166
25923,LOF,0.23248709652155197,0.13587348810657457,0.6316394153718734
25924,LOF,0.06292693238731016,0.025458649098098775,0.911614418514591
25925,LOF,0.05227619483909362,0.06071141903432583,0.8870123861265806
25926,LOF,0.0367026135743344,0.04317366615774516,0.9201237202679203
25927,LOF,0.10325724673687742,0.10928623359180421,0.7874565196713182
25928,LOF,0.03963262078175589,0.031015069457922585,0.9293523097603216
25929,LOF,0.33875674187458493,0.12666103118639457,0.5345822269390205
25930,LOF,0.07428109556537349,0.04266893724965172,0.8830499671849747
25931,LOF,0.04647284192726358,0.020353772962685344,0.933173385110051
25932,LOF,0.07903877882726687,0.030168137449321033,0.890793083723412
25933,LOF,0.08212542837549004,0.02682133661548008,0.8910532350090299
25934,LOF,0.07635697471957799,0.03900482834972405,0.8846381969306979
25935,LOF,0.03865407904457434,0.05466766960843888,0.9066782513469868
25936,LOF,0.0834688112675788,0.026038604438174254,0.8904925842942469
25937,LOF,0.055386150746345626,0.043468423958912206,0.9011454252947422
25938,LOF,0.05076166532918276,0.11858227740739968,0.8306560572634175
25939,LOF,0.06288305803493739,0.04514719803421718,0.8919697439308454
25940,GOF,0.027215265686440143,0.57728279094233,0.39550194337122974
25941,LOF,0.17592518763190898,0.059204623920032645,0.7648701884480583
25942,LOF,0.033655918771429524,0.010063851666303752,0.9562802295622667
25943,LOF,0.4466317452943435,0.03637387922862292,0.5169943754770336
25944,Neutral,0.5165890494430466,0.025269489257825854,0.45814146129912753
25945,LOF,0.17311354276738242,0.15259922148070296,0.6742872357519146
25946,LOF,0.01839534272144365,0.25184773686371065,0.7297569204148457
25947,LOF,0.08298512134657854,0.14125204591910825,0.7757628327343133
25948,LOF,0.39758646947355586,0.007338501111517308,0.5950750294149268
25949,LOF,0.14482610365257464,0.012036785172947808,0.8431371111744774
25950,GOF,0.2539368458672718,0.4690193593856131,0.2770437947471151
25951,LOF,0.18541707852987466,0.24585543232510546,0.5687274891450199
25952,GOF,0.04154659129787744,0.5091181741782551,0.44933523452386753
25953,LOF,0.16924004957874766,0.31193002431698125,0.5188299261042711
25954,Neutral,0.5115937585479573,0.33423595715381904,0.15417028429822358
25955,LOF,0.05059950311548927,0.18883551963689765,0.7605649772476131
25956,LOF,0.14564165958501302,0.12219640375304663,0.7321619366619403
25957,LOF,0.03427383790446107,0.04115048890773191,0.9245756731878071
25958,LOF,0.08377334356573385,0.03726218902443198,0.8789644674098342
25959,LOF,0.14387829891831222,0.4151755421334985,0.44094615894818934
25960,LOF,0.029718160579277737,0.08249783908195789,0.8877840003387643
25961,LOF,0.0738897142077117,0.08812888005072925,0.8379814057415591
25962,LOF,0.049799519751152536,0.07657114281379654,0.8736293374350509
25963,LOF,0.03650400765168184,0.16909924454945666,0.7943967477988614
25964,LOF,0.07188771128389854,0.13430601975098372,0.7938062689651179
25965,Neutral,0.4695638439262517,0.10136666732185023,0.42906948875189815
25966,LOF,0.20187338855309486,0.3454657599358277,0.4526608515110775
25967,LOF,0.02477301935495081,0.15585005745165398,0.8193769231933952
25968,LOF,0.06310081720510859,0.36655918888432953,0.5703399939105619
25969,LOF,0.02031908811410909,0.07196809870358932,0.9077128131823016
25970,LOF,0.04472817203558189,0.03355212298330587,0.9217197049811122
25971,LOF,0.08315132045446812,0.0570712915715201,0.8597773879740117
25972,LOF,0.1137123221489699,0.057118802347789745,0.8291688755032404
25973,LOF,0.1320721060572976,0.012204589831290377,0.8557233041114121
25974,LOF,0.35110937196259145,0.04344320393588804,0.6054474241015205
25975,LOF,0.06925367866388216,0.03860061932438107,0.8921457020117367
25976,LOF,0.0320535636541503,0.07212807887327838,0.8958183574725713
25977,LOF,0.035791896062628475,0.2916652435091469,0.6725428604282246
25978,LOF,0.2613700070529757,0.09979951512132389,0.6388304778257005
25979,LOF,0.21423188499451826,0.13589231111032526,0.6498758038951565
25980,LOF,0.2724213220799058,0.18371662969524172,0.5438620482248524
25981,LOF,0.2724213220799058,0.18371662969524172,0.5438620482248524
25982,Neutral,0.4996393553878063,0.09203643472018522,0.40832420989200857
25983,Neutral,0.5191498654914528,0.09421185013526995,0.38663828437327724
25984,LOF,0.033644041941139236,0.263806585928964,0.7025493721298968
25985,LOF,0.023579171677404975,0.4802266674924793,0.49619416083011586
25986,GOF,0.03843233510922388,0.5207594842890626,0.4408081806017135
25987,LOF,0.06552471996603086,0.13028608583860893,0.8041891941953603
25988,LOF,0.030217431405659415,0.26834376225278916,0.7014388063415514
25989,LOF,0.0246221643310515,0.27887587256598334,0.6965019631029651
25990,LOF,0.03148562249877346,0.19971078764256137,0.7688035898586653
25991,LOF,0.17569292325515712,0.30584523836325156,0.5184618383815913
25992,LOF,0.29720226627138624,0.23650213618037633,0.46629559754823735
25993,LOF,0.03863715418170285,0.08388325407462298,0.8774795917436741
25994,LOF,0.038713137946647914,0.0848833973427431,0.8764034647106089
25995,LOF,0.03962831434359591,0.11369775720944957,0.8466739284469545
25996,LOF,0.12369780502251228,0.30908910317294497,0.5672130918045428
25997,LOF,0.06701826187006034,0.39869835586010155,0.5342833822698382
25998,LOF,0.4903686995670412,0.014418642355414403,0.4952126580775443
25999,LOF,0.14210138896284663,0.4161593779075608,0.4417392331295926
26000,LOF,0.0724008931631705,0.022194080759016382,0.9054050260778131
26001,LOF,0.11072020654176622,0.08753209645134276,0.801747697006891
26002,LOF,0.08373037893789798,0.046353649271291604,0.8699159717908104
26003,GOF,0.012351677108179023,0.7094251557834679,0.27822316710835315
26004,GOF,0.041453857802832804,0.7969817085442024,0.16156443365296475
26005,GOF,0.013880737212632891,0.5430989721814004,0.4430202906059668
26006,Neutral,0.5224591154463375,0.311521650799495,0.1660192337541676
26007,GOF,0.020930305927570166,0.7067948387760621,0.27227485529636775
26008,GOF,0.020187039502745606,0.6603857647626175,0.3194271957346369
26009,GOF,0.04406433722781907,0.6632431247876818,0.292692537984499
26010,GOF,0.012358816949891103,0.8291016909920622,0.15853949205804682
26011,GOF,0.009064679762485133,0.61601334120403,0.37492197903348484
26012,GOF,0.017796298518025347,0.5550413254457477,0.42716237603622703
26013,GOF,0.012367703559549,0.7180054951054469,0.2696268013350041
26014,LOF,0.0518342918581008,0.12632070626007952,0.8218450018818196
26015,LOF,0.2011091749288068,0.010328539003328538,0.7885622860678646
26016,LOF,0.34933152694108416,0.04513933548483747,0.6055291375740782
26017,LOF,0.27083484020342014,0.05877062021010528,0.6703945395864747
26018,LOF,0.0782084221630507,0.05562723444218072,0.8661643433947686
26019,LOF,0.08269694492415935,0.025977339901414247,0.8913257151744263
26020,LOF,0.11890479765918692,0.06998825542518086,0.8111069469156323
26021,LOF,0.11058530628163818,0.09092446914864867,0.7984902245697131
26022,LOF,0.025415144016732585,0.02893861200857554,0.9456462439746918
26023,LOF,0.16661942996160775,0.03598692600852474,0.7973936440298675
26024,LOF,0.04048157154626871,0.11217710260922237,0.8473413258445089
26025,LOF,0.259543385530764,0.14776694893616557,0.5926896655330705
26026,LOF,0.4691720790660565,0.0293996098647976,0.5014283110691459
26027,LOF,0.08857295674246494,0.02193601918143198,0.889491024076103
26028,LOF,0.17758280013882438,0.12262342531954112,0.6997937745416345
26029,LOF,0.06161871447103647,0.387469008959392,0.5509122765695716
26030,LOF,0.028668793145622994,0.09933888781285947,0.8719923190415176
26031,LOF,0.016527176856476252,0.30955545678687285,0.673917366356651
26032,LOF,0.04755953440971723,0.18203105060171532,0.7704094149885674
26033,LOF,0.1233407394016509,0.41434684521897425,0.46231241537937495
26034,LOF,0.02870594336409921,0.23753863139626633,0.7337554252396346
26035,LOF,0.024638189018866344,0.3026265993289808,0.6727352116521529
26036,LOF,0.031222957846235275,0.2485662037322862,0.7202108384214786
26037,LOF,0.01950091634542061,0.221619611115654,0.7588794725389254
26038,LOF,0.04628464679631734,0.1714188894338779,0.7822964637698048
26039,LOF,0.04300778237213281,0.27342392357656914,0.683568294051298
26040,GOF,0.20436849771766888,0.5566756319078374,0.23895587037449373
26041,LOF,0.023426750360652053,0.21745808133835617,0.7591151683009919
26042,LOF,0.02444880078830647,0.19703589953934136,0.7785152996723522
26043,LOF,0.04387702906640069,0.22721087429868683,0.7289120966349124
26044,LOF,0.028119551994916482,0.17095171259034397,0.8009287354147396
26045,LOF,0.05916486297078247,0.26416045587645925,0.6766746811527582
26046,LOF,0.05023415516379483,0.26039429919603607,0.6893715456401691
26047,LOF,0.060687403074801444,0.2391621908837091,0.7001504060414895
26048,LOF,0.0758120326039375,0.16961986629219306,0.7545681011038695
26049,Neutral,0.9130636618120382,0.04914377720977422,0.03779256097818752
26050,Neutral,0.8893475014066671,0.0587151934328743,0.05193730516045852
26051,GOF,0.02368476416858635,0.6408276719250632,0.3354875639063505
26052,GOF,0.023727608032774815,0.4915286204122602,0.484743771554965
26053,LOF,0.05175647301504456,0.315543831633076,0.6326996953518795
26054,LOF,0.05818591221039099,0.03881606689824037,0.9029980208913687
26055,LOF,0.04818825289060713,0.02756502979943152,0.9242467173099614
26056,LOF,0.03893318963119356,0.031228655436951736,0.9298381549318546
26057,LOF,0.0650865478191075,0.09127330331669456,0.843640148864198
26058,LOF,0.06530249400594147,0.0777673077814369,0.8569301982126215
26059,LOF,0.4616108703782915,0.07194722570465442,0.46644190391705403
26060,LOF,0.053526906059273904,0.32371299681273663,0.6227600971279895
26061,LOF,0.03495282575707252,0.082316419282875,0.8827307549600525
26062,LOF,0.027255865663647988,0.041741459486832236,0.9310026748495197
26063,LOF,0.06717605328715391,0.06723758404771178,0.8655863626651343
26064,LOF,0.03827225520654768,0.03849740741653477,0.9232303373769176
26065,LOF,0.06957412288779148,0.04745754515581887,0.8829683319563897
26066,LOF,0.07413259687331489,0.06271972639856097,0.8631476767281241
26067,LOF,0.07488510892426074,0.056985567040368605,0.8681293240353706
26068,LOF,0.05045339920761968,0.06567862365742928,0.8838679771349509
26069,LOF,0.3501973737170906,0.039944305757757564,0.6098583205251518
26070,Neutral,0.5452402303345592,0.02652337452075853,0.42823639514468237
26071,LOF,0.061578517499569455,0.07301304745000545,0.8654084350504252
26072,LOF,0.042641299688032513,0.0841595278539761,0.8731991724579914
26073,LOF,0.0720346626827512,0.0336503747390126,0.8943149625782363
26074,Neutral,0.9587104060470764,0.011832354833271618,0.029457239119652107
26075,LOF,0.03110284639061417,0.03758542158406929,0.9313117320253166
26076,LOF,0.07385365100520933,0.050695616705827715,0.8754507322889629
26077,LOF,0.02540164580744192,0.08416275947871507,0.890435594713843
26078,LOF,0.023545605377817108,0.06143683634066252,0.9150175582815203
26079,LOF,0.04822719983339124,0.03704830622494189,0.9147244939416668
26080,LOF,0.04822719983339124,0.03704830622494189,0.9147244939416668
26081,LOF,0.0725522196741312,0.06530141282483808,0.8621463675010308
26082,LOF,0.036326845516414276,0.04067772161471754,0.9229954328688682
26083,LOF,0.07286454410676847,0.05136519164999969,0.8757702642432319
26084,LOF,0.06267508301174277,0.0761918891492595,0.8611330278389978
26085,LOF,0.06267508301174277,0.0761918891492595,0.8611330278389978
26086,LOF,0.06453733070632826,0.08943673783433152,0.8460259314593402
26087,LOF,0.06554584787135352,0.0658756726812182,0.8685784794474284
26088,LOF,0.036075067860383336,0.15432813132231274,0.8095968008173039
26089,LOF,0.043063124642131696,0.033759843580436495,0.9231770317774317
26090,LOF,0.038769142621505014,0.028804106530336798,0.9324267508481581
26091,LOF,0.07710476971368292,0.03279900097074556,0.8900962293155715
26092,LOF,0.07068392734594801,0.08100718967102523,0.8483088829830266
26093,LOF,0.0761088776888517,0.032438830411207306,0.8914522918999409
26094,LOF,0.0778888975854927,0.030478115308935374,0.891632987105572
26095,LOF,0.07098712332912747,0.04336883835619797,0.8856440383146746
26096,LOF,0.03846879805773922,0.03134424277894293,0.9301869591633178
26097,LOF,0.021402847857459214,0.1064373807375771,0.8721597714049637
26098,LOF,0.04844854547351363,0.02465914586432777,0.9268923086621585
26099,LOF,0.07798679814702882,0.06726607449539639,0.8547471273575749
26100,LOF,0.07798679814702882,0.06726607449539639,0.8547471273575749
26101,LOF,0.060447710256012616,0.14194173246473107,0.7976105572792563
26102,LOF,0.0644641175685145,0.06826817199798857,0.867267710433497
26103,Neutral,0.7744735392275608,0.09052158513474155,0.13500487563769759
26104,LOF,0.0373549582172886,0.06289595352764588,0.8997490882550655
26105,LOF,0.17637728555826485,0.07884981382028794,0.7447729006214472
26106,LOF,0.17350519402048487,0.035342690293598454,0.7911521156859167
26107,LOF,0.2867127519826992,0.04440900575042386,0.668878242266877
26108,LOF,0.1521305000420268,0.0590282450868626,0.7888412548711107
26109,LOF,0.06856809554488745,0.08410437789979561,0.8473275265553171
26110,LOF,0.29615010289496496,0.026159119822384853,0.6776907772826501
26111,LOF,0.3727011548959902,0.13223964633489513,0.4950591987691147
26112,LOF,0.08735461194218098,0.028771490028605094,0.8838738980292139
26113,LOF,0.08947478846959718,0.08377942887232805,0.8267457826580747
26114,LOF,0.03569566091247413,0.02334033724205566,0.9409640018454701
26115,LOF,0.17230782256247973,0.04663890302074246,0.7810532744167779
26116,LOF,0.10263891705542579,0.0521141900882489,0.8452468928563253
26117,LOF,0.29854825831034204,0.17313608990323753,0.5283156517864205
26118,LOF,0.06615883106373191,0.02985890927234972,0.9039822596639183
26119,LOF,0.04119707807904206,0.126354079016144,0.832448842904814
26120,LOF,0.06116435416855685,0.042888843209888915,0.8959468026215541
26121,LOF,0.07389142486242269,0.10182475955462617,0.8242838155829513
26122,LOF,0.08846476158951,0.1345650058138951,0.7769702325965949
26123,LOF,0.06988808109872316,0.16759202215257135,0.7625198967487056
