feature0,prediction,LoGoFunc_Neutral,LoGoFunc_GOF,LoGoFunc_LOF
25546,Neutral,0.598238949931329,0.16126063345321706,0.24050041661545402
25547,Neutral,0.4813896501641917,0.23206206936649762,0.28654828046931063
25548,LOF,0.36791106472541873,0.24775565683176187,0.38433327844281934
25549,LOF,0.33052794588966705,0.25158152433886466,0.41789052977146823
25550,LOF,0.29160421866237757,0.24968419682606394,0.4587115845115586
25551,LOF,0.21252851038138448,0.24921629015243535,0.5382551994661802
25552,LOF,0.21022782737157386,0.2772882909512464,0.5124838816771797
25553,Neutral,0.7528620874990537,0.11830925996394881,0.12882865253699746
25554,LOF,0.23251929687703574,0.2530494744343463,0.514431228688618
25555,LOF,0.18994691320700857,0.24561547873940348,0.564437608053588
25556,LOF,0.33516261929886687,0.245416122756857,0.41942125794427615
25557,LOF,0.19124721417801732,0.24045479326906227,0.5682979925529205
25558,LOF,0.22824850690780024,0.27606338573026834,0.49568810736193153
25559,LOF,0.22930012763582436,0.0776740054479497,0.6930258669162259
25560,LOF,0.06503772841218419,0.19200067524673897,0.7429615963410768
25561,LOF,0.051318198239209134,0.31573151933822113,0.6329502824225698
25562,LOF,0.03505990259800135,0.11019358158312528,0.8547465158188734
25563,LOF,0.007046162481244947,0.22011763821919186,0.7728361992995632
25564,LOF,0.061657222153728375,0.05955099247856279,0.8787917853677089
25565,LOF,0.19618645267258406,0.12103193024968224,0.6827816170777338
25566,GOF,0.0683083124735606,0.6203762132763552,0.31131547425008427
25567,LOF,0.040166486274563915,0.07569565840429347,0.8841378553211426
25568,LOF,0.06633554865586669,0.06324660763083884,0.8704178437132946
25569,LOF,0.07178800255329193,0.06052393211935207,0.867688065327356
25570,LOF,0.02621027366436849,0.09079293551748828,0.8829967908181433
25571,LOF,0.02616448709528906,0.08296073138455781,0.8908747815201531
25572,LOF,0.041097199273971416,0.0835329536357907,0.8753698470902379
25573,LOF,0.06943430147059601,0.10969976486882366,0.8208659336605802
25574,LOF,0.1036625325206339,0.23090702237058244,0.6654304451087837
25575,LOF,0.02599049420098398,0.09164861203452282,0.8823608937644933
25576,LOF,0.017829497360455002,0.1318856886753266,0.8502848139642184
25577,LOF,0.021949773820665545,0.08901406133188959,0.8890361648474449
25578,LOF,0.30762912707836604,0.08062743767300314,0.6117434352486308
25579,LOF,0.3049755518142591,0.07799114584334231,0.6170333023423986
25580,LOF,0.030028797938902247,0.07617317373460644,0.8937980283264914
25581,LOF,0.041606600765668196,0.10171013380528346,0.8566832654290483
25582,LOF,0.041606600765668196,0.10171013380528346,0.8566832654290483
25583,LOF,0.03135671043879045,0.08168996488001204,0.8869533246811975
25584,Neutral,0.813275807730305,0.045198758928656844,0.14152543334103812
25585,LOF,0.025818115419194952,0.08166830299732548,0.8925135815834796
25586,LOF,0.026388810284501935,0.08432641768943672,0.8892847720260614
25587,LOF,0.02726407852301881,0.08756600071653144,0.8851699207604499
25588,LOF,0.032633095423935846,0.06106541294188206,0.9063014916341822
25589,Neutral,0.659547797114525,0.15090189426788064,0.18955030861759434
25590,LOF,0.06747325071882505,0.084987385116862,0.8475393641643129
25591,LOF,0.1364220053157709,0.047279706255464495,0.8162982884287646
25592,LOF,0.10512770243450276,0.1467010910810371,0.7481712064844601
25593,LOF,0.13705882208714573,0.3614047623681229,0.5015364155447313
25594,LOF,0.039823624487096865,0.05804386547183159,0.9021325100410716
25595,LOF,0.04948164199496866,0.039642869168128814,0.9108754888369026
25596,LOF,0.12941027342571515,0.016685763890656315,0.8539039626836284
25597,LOF,0.09563843656259437,0.008269273797916496,0.8960922896394892
25598,LOF,0.05337208923043476,0.04070350408953573,0.9059244066800295
25599,GOF,0.029769837578383033,0.592365827383566,0.377864335038051
25600,GOF,0.20419221804380225,0.43276438212484614,0.36304339983135164
25601,LOF,0.06303213234239986,0.31882333741526975,0.6181445302423305
25602,LOF,0.0565511840040922,0.0642660457871688,0.8791827702087389
25603,LOF,0.07580589230520383,0.04593962164207406,0.878254486052722
25604,LOF,0.07569527764971712,0.12999183906730274,0.7943128832829802
25605,LOF,0.10956990280128018,0.16814153291046252,0.7222885642882574
25606,Neutral,0.6594059729077046,0.15327881943418672,0.18731520765810863
25607,LOF,0.0475612395527345,0.15852937068723308,0.7939093897600323
25608,LOF,0.05487285408197916,0.08895944320562413,0.8561677027123967
25609,GOF,0.14463893753600057,0.5255103934862251,0.3298506689777744
25610,LOF,0.014057741742685353,0.11486692156614035,0.8710753366911742
25611,LOF,0.013596781829465544,0.11025036261211724,0.8761528555584172
25612,LOF,0.059373196942442405,0.10420543433676034,0.8364213687207972
25613,LOF,0.04614843947559525,0.10560997836636989,0.8482415821580348
25614,LOF,0.021207502407050872,0.1211942200019634,0.8575982775909857
25615,LOF,0.040987749681934714,0.11049960274183064,0.8485126475762347
25616,LOF,0.05107037459630484,0.10706639443673349,0.8418632309669616
25617,LOF,0.051028663684519006,0.11592634504052728,0.8330449912749536
25618,LOF,0.04729901821877807,0.4481377241987927,0.5045632575824291
25619,LOF,0.01223424556933676,0.24560707736015447,0.7421586770705088
25620,LOF,0.04675018585958328,0.11176546968578568,0.8414843444546309
25621,LOF,0.08807666411400361,0.11528774448263418,0.7966355914033623
25622,LOF,0.0804818411904814,0.11291904362642191,0.8065991151830967
25623,LOF,0.06326949775882959,0.08172517189276313,0.8550053303484073
25624,LOF,0.02090500484752551,0.1504079575372846,0.8286870376151899
25625,LOF,0.05670998390141856,0.08770246951449405,0.8555875465840874
25626,LOF,0.035343608725593376,0.09178162923455745,0.8728747620398492
25627,Neutral,0.8661472128779074,0.042554599330296664,0.09129818779179612
25628,LOF,0.1749425736193134,0.10771294714271434,0.7173444792379722
25629,LOF,0.05920372143060754,0.0920492023542141,0.8487470762151783
25630,LOF,0.25124833606919145,0.08652912434252906,0.6622225395882795
25631,Neutral,0.467813506324226,0.06712629212306853,0.4650602015527054
25632,LOF,0.02464020021572749,0.03949896496572099,0.9358608348185515
25633,LOF,0.2759649706830776,0.020238091070870438,0.7037969382460518
25634,LOF,0.059866358492274674,0.03102007404041685,0.9091135674673085
25635,LOF,0.03752862225462217,0.020012717071241252,0.9424586606741366
25636,GOF,0.029595753666309642,0.6951398531628433,0.2752643931708471
25637,GOF,0.02950758777099084,0.5815014858802644,0.3889909263487447
25638,GOF,0.017669919768785496,0.7046228881574748,0.27770719207373973
25639,GOF,0.019448081698777306,0.49180331077510125,0.48874860752612137
25640,Neutral,0.870927572992934,0.08871552214193099,0.04035690486513485
25641,LOF,0.1242417880377776,0.25243724306844895,0.6233209688937735
25642,LOF,0.11784460721029387,0.16416507732858993,0.7179903154611162
25643,LOF,0.33986270383801714,0.21368633613238697,0.44645096002959583
25644,LOF,0.007589927800166538,0.4683308395249958,0.5240792326748377
25645,LOF,0.010696613642317164,0.4445371553410595,0.5447662310166235
25646,LOF,0.013430175801906374,0.3140003716102696,0.672569452587824
25647,LOF,0.00988365966602085,0.2133025108058968,0.7768138295280822
25648,LOF,0.012933516523416809,0.276032460595331,0.7110340228812522
25649,LOF,0.007901320907201656,0.15627919681338628,0.835819482279412
25650,LOF,0.025827448149695405,0.4266243880445735,0.547548163805731
25651,LOF,0.00874262553829915,0.23763123227248098,0.7536261421892199
25652,LOF,0.006346725513610423,0.40590604936981617,0.5877472251165734
25653,LOF,0.019342923146724224,0.4631176184593356,0.5175394583939402
25654,LOF,0.006116196469776885,0.37294003445745594,0.620943769072767
25655,GOF,0.06100772423304123,0.6038594663734256,0.3351328093935331
25656,LOF,0.20434213542107194,0.35385692207927316,0.4418009424996549
25657,LOF,0.02344024762427902,0.4446931436879459,0.531866608687775
25658,LOF,0.14253594327590105,0.37863292643008545,0.47883113029401353
25659,GOF,0.22678279177868202,0.4984275165725716,0.2747896916487464
25660,LOF,0.015682160505669108,0.31585472452615876,0.6684631149681722
25661,LOF,0.048304395512333835,0.2252743402853594,0.7264212642023067
25662,LOF,0.021114298080473774,0.13097422000215217,0.8479114819173741
25663,LOF,0.020072787991735706,0.10723660680618792,0.8726906052020764
25664,LOF,0.05865873647498751,0.20546019677463112,0.7358810667503812
25665,LOF,0.032139394126888536,0.11931294068114781,0.8485476651919636
25666,LOF,0.05452445843160374,0.17253587749702065,0.7729396640713756
25667,LOF,0.05105352893477001,0.16396919644423844,0.7849772746209916
25668,LOF,0.018546699722549624,0.17708198709069162,0.8043713131867588
25669,LOF,0.017799321880999093,0.18416764914520925,0.7980330289737917
25670,LOF,0.09012501748322442,0.13431451505513994,0.7755604674616356
25671,LOF,0.07856328920355486,0.0999898767469137,0.8214468340495314
25672,LOF,0.025308671413851073,0.1921570397151327,0.7825342888710162
25673,LOF,0.06640067934181113,0.14372830857245292,0.789871012085736
25674,LOF,0.05555993059418175,0.18582361521666696,0.7586164541891512
25675,LOF,0.04421269879950864,0.20261263831549367,0.7531746628849977
25676,LOF,0.015989011008341825,0.1569101138733963,0.8271008751182619
25677,LOF,0.014709584285120605,0.22344121819039675,0.7618491975244825
25678,LOF,0.13513608119281775,0.18581883842202057,0.6790450803851616
25679,LOF,0.09918977906290333,0.1513035401381281,0.7495066807989685
25680,LOF,0.01603554822877211,0.28928464304053064,0.6946798087306972
25681,LOF,0.025884634889919794,0.2686003183934206,0.7055150467166595
25682,LOF,0.05687049516301358,0.1614750786533471,0.7816544261836393
25683,LOF,0.06232915826626733,0.126079867144189,0.8115909745895437
25684,LOF,0.020702585227166347,0.16905035091298418,0.8102470638598495
25685,LOF,0.08176682509929153,0.22705257757737696,0.6911805973233315
25686,LOF,0.05044031408370638,0.3235462069670597,0.626013478949234
25687,LOF,0.05790299107506434,0.3863987047374,0.5556983041875357
25688,LOF,0.4224213133177713,0.04138558534470191,0.5361931013375267
25689,LOF,0.22365027577557794,0.04346318319157379,0.7328865410328483
25690,LOF,0.34521008486844723,0.037959131995018054,0.6168307831365347
25691,Neutral,0.7232814558205696,0.041897542759168765,0.2348210014202617
25692,LOF,0.3530359116778273,0.014906532622606461,0.6320575556995662
25693,GOF,0.07584716541955713,0.5150317083713379,0.409121126209105
25694,LOF,0.11456314814215397,0.02645342023078461,0.8589834316270615
25695,LOF,0.09497171345321767,0.017082673994447007,0.8879456125523353
25696,LOF,0.08940293487498614,0.03200141367352539,0.8785956514514883
25697,LOF,0.05622412787981417,0.21891917298263977,0.7248566991375461
25698,LOF,0.2921982955056268,0.2025692963573563,0.5052324081370169
25699,LOF,0.36658009044984596,0.2606309391301755,0.3727889704199786
25700,LOF,0.07300721783920984,0.04019461640268185,0.8867981657581083
25701,LOF,0.1704585318876269,0.16038751153043104,0.6691539565819421
25702,GOF,0.12985281002873772,0.7688291252898924,0.10131806468136978
25703,LOF,0.011874543655180604,0.36543143834036584,0.6226940180044536
25704,LOF,0.017559754768975033,0.28487201899405584,0.6975682262369691
25705,LOF,0.024952123607207537,0.1696310869468407,0.8054167894459517
25706,GOF,0.14975515891263935,0.4335730627569912,0.41667177833036934
25707,LOF,0.10754159019082545,0.43001194468508064,0.46244646512409393
25708,GOF,0.04289839966155173,0.4950611764531507,0.4620404238852975
25709,LOF,0.06866247343721991,0.10352515632082132,0.8278123702419588
25710,LOF,0.015303048294054607,0.14559997008013628,0.8390969816258091
25711,LOF,0.01952842506073261,0.1469106189050616,0.8335609560342058
25712,LOF,0.014398932272674138,0.16646098887760147,0.8191400788497244
25713,LOF,0.021349548188803937,0.14844311991193743,0.8302073318992585
25714,LOF,0.07046129742429832,0.16141204279416366,0.768126659781538
25715,LOF,0.014556593628978147,0.20375447089634627,0.7816889354746756
25716,LOF,0.012567091924644258,0.13005545963127718,0.8573774484440785
25717,LOF,0.016318568281268018,0.08430470226706414,0.8993767294516678
25718,LOF,0.014184940912918829,0.10524249348867983,0.8805725655984014
25719,LOF,0.02154954976244149,0.1588993966957663,0.8195510535417921
25720,LOF,0.02680898064877193,0.09079168797556228,0.8823993313756658
25721,LOF,0.013701378804312521,0.18509761070321126,0.8012010104924762
25722,LOF,0.015025078488361331,0.1817491145010802,0.8032258070105583
25723,LOF,0.024459948494753577,0.1332627053797388,0.8422773461255076
25724,LOF,0.05300124887357922,0.3072253693891996,0.6397733817372211
25725,LOF,0.013760776190896547,0.17930480780860633,0.8069344160004971
25726,LOF,0.014798559093757468,0.1759957505065179,0.8092056903997247
25727,LOF,0.017288781833655696,0.16193173343792516,0.8207794847284192
25728,LOF,0.013801222388934385,0.1994023443772937,0.7867964332337718
25729,LOF,0.014440184796495645,0.20711366721073787,0.7784461479927666
25730,LOF,0.015125107182732989,0.2042798012436645,0.7805950915736026
25731,LOF,0.011968575262825278,0.12619745300467058,0.8618339717325041
25732,LOF,0.014667231099748917,0.08818379076617597,0.8971489781340752
25733,LOF,0.013771006601172442,0.10104781358902463,0.8851811798098029
25734,LOF,0.01442223286313131,0.16162206689059883,0.8239557002462699
25735,LOF,0.01409457161316121,0.11188509500991892,0.87402033337692
25736,LOF,0.013284700878840988,0.1250701098112522,0.8616451893099067
25737,LOF,0.014953267122518737,0.15882874114954412,0.8262179917279371
25738,LOF,0.015453241356159844,0.18161372244423457,0.8029330361996057
25739,LOF,0.021047572381134295,0.14486183000369465,0.834090597615171
25740,LOF,0.03585528636628516,0.17716828218761152,0.7869764314461033
25741,LOF,0.018747914244648622,0.1961099813226431,0.7851421044327083
25742,LOF,0.09764368076460624,0.12068619185100128,0.7816701273843925
25743,LOF,0.027855776598695876,0.057977711775014804,0.9141665116262893
25744,Neutral,0.574595363637681,0.24530253215531225,0.18010210420700667
25745,LOF,0.03720676890033871,0.14475933366146515,0.8180338974381962
25746,LOF,0.02074602273012001,0.2106097511383852,0.7686442261314947
25747,LOF,0.015064637241759863,0.13597982727609684,0.8489555354821433
25748,LOF,0.07233257378957723,0.21094276189453431,0.7167246643158885
25749,LOF,0.014239849873598014,0.2054453119305898,0.7803148381958122
25750,LOF,0.030889702757938748,0.1863742049035208,0.7827360923385404
25751,LOF,0.09855738439522156,0.21419359912723604,0.6872490164775423
25752,GOF,0.07458936090012347,0.7215456259231132,0.2038650131767632
25753,LOF,0.017450671260497413,0.4054915860764227,0.5770577426630799
25754,GOF,0.016592524004894967,0.7478888474621194,0.23551862853298572
25755,LOF,0.021410840628541122,0.33436205526402035,0.6442271041074384
25756,GOF,0.028964936738195387,0.5440184694020899,0.4270165938597147
25757,GOF,0.015752162351247954,0.8394672149312881,0.144780622717464
25758,GOF,0.023982379249417193,0.8281524227234198,0.14786519802716297
25759,GOF,0.015012336581672076,0.707569299451931,0.27741836396639696
25760,LOF,0.016304542649936436,0.4470131353095651,0.5366823220404986
25761,GOF,0.22853521062726892,0.7114802541119175,0.05998453526081356
25762,GOF,0.035410350547067655,0.5008147276060251,0.4637749218469074
25763,LOF,0.010737351889904309,0.3218669695665106,0.6673956785435852
25764,GOF,0.05413447874662757,0.8101258399442235,0.13573968130914893
25765,GOF,0.030468911677794582,0.808374348128893,0.16115674019331236
25766,GOF,0.06579720981618697,0.8484441695698517,0.08575862061396128
25767,GOF,0.0915204906407852,0.7135950393672255,0.19488446999198944
25768,LOF,0.0767383829205257,0.11294114658956413,0.8103204704899102
25769,LOF,0.05196855859850183,0.06624356955679647,0.8817878718447018
25770,LOF,0.43004583818592906,0.07223306021000997,0.497721101604061
25771,LOF,0.055743580736585883,0.044423248659968495,0.8998331706034456
25772,LOF,0.017438683748219427,0.05253647867215553,0.9300248375796252
25773,LOF,0.059060956853906034,0.030909808063870718,0.9100292350822231
25774,LOF,0.031102944884759762,0.09759435428089658,0.8713027008343436
25775,LOF,0.0799269795333709,0.027630192365697193,0.892442828100932
25776,LOF,0.0654668030358007,0.031118268874428527,0.9034149280897709
25777,LOF,0.40494693636061396,0.03215279068743189,0.5629002729519541
25778,LOF,0.05584967192183509,0.05155709546176385,0.892593232616401
25779,Neutral,0.525082056592806,0.3349348109192462,0.1399831324879477
25780,Neutral,0.4429841543080167,0.3463594296006755,0.2106564160913078
25781,GOF,0.18837471858571758,0.5540683677661928,0.2575569136480895
25782,GOF,0.2731440573588154,0.46078168968985356,0.266074252951331
25783,GOF,0.027638821872329678,0.5652156211295192,0.40714555699815114
25784,Neutral,0.7000228568165028,0.1703697308226003,0.12960741236089704
25785,Neutral,0.7045387830529041,0.09230216602785125,0.20315905091924474
25786,GOF,0.0300327946176087,0.4887844323255477,0.48118277305684365
25787,Neutral,0.8296434002961077,0.05235593561497904,0.11800066408891328
25788,LOF,0.06880689924262393,0.02703740358010997,0.9041556971772661
25789,LOF,0.2885485801537979,0.3516591432712765,0.35979227657492563
25790,LOF,0.2899628244386337,0.32845726692484783,0.3815799086365184
25791,LOF,0.19828100449192088,0.28283867948258584,0.5188803160254932
25792,Neutral,0.4605913384802003,0.17078897045341568,0.368619691066384
25793,LOF,0.27761415163480163,0.22671817025193344,0.495667678113265
25794,Neutral,0.3866936980570999,0.2322742812793558,0.3810320206635443
25795,GOF,0.09645094323114078,0.4720564985603658,0.43149255820849336
25796,Neutral,0.6278706103916979,0.1433262282434195,0.22880316136488252
25797,LOF,0.12136293385696943,0.2836470595942103,0.5949900065488202
25798,LOF,0.015723006911322494,0.33599096534177486,0.6482860277469026
25799,LOF,0.014492337847036768,0.3156879155884538,0.6698197465645094
25800,LOF,0.053333058587256316,0.411547429393029,0.5351195120197146
25801,GOF,0.3046054567457644,0.4080546057575718,0.2873399374966639
25802,LOF,0.08170633349218226,0.4458031957497469,0.47249047075807077
25803,LOF,0.06090734551436443,0.39828499646077903,0.5408076580248566
25804,LOF,0.04618910660614382,0.4035233245627915,0.5502875688310647
25805,LOF,0.12407467645679639,0.4271339653812188,0.44879135816198473
25806,LOF,0.1524568731087871,0.38317527809989976,0.46436784879131315
25807,LOF,0.02656705493784134,0.41716801069841963,0.556264934363739
25808,LOF,0.1275680032477812,0.352828151663609,0.5196038450886099
25809,LOF,0.02469371061657124,0.3308061097065228,0.644500179676906
25810,LOF,0.029662438631355773,0.34566052821198007,0.6246770331566641
25811,Neutral,0.6540974878224294,0.18908788385806277,0.15681462831950788
25812,LOF,0.0454447500680085,0.34528145056905296,0.6092737993629386
25813,Neutral,0.6433578092634744,0.06659144159438365,0.290050749142142
25814,LOF,0.19474659393631097,0.26792225109843376,0.5373311549652552
25815,LOF,0.35553670525862974,0.23499058162299974,0.40947271311837047
25816,LOF,0.022535112729561824,0.3319346588264636,0.6455302284439746
25817,LOF,0.27414899799686027,0.35381149755361513,0.37203950444952455
25818,LOF,0.044072767140705696,0.3210038544167869,0.6349233784425073
25819,Neutral,0.4363048850081292,0.25462064947603874,0.30907446551583206
25820,LOF,0.23063794810475893,0.3497215734963807,0.41964047839886043
25821,LOF,0.07542765958601626,0.4380210487503541,0.4865512916636297
25822,LOF,0.2866608207178631,0.28932263173446127,0.4240165475476757
25823,LOF,0.04994178563627964,0.41444412157917865,0.5356140927845416
25824,LOF,0.1080545473233359,0.3025498659866967,0.5893955866899674
25825,LOF,0.04621335583095284,0.3236503292884521,0.6301363148805951
25826,LOF,0.015141912486621504,0.35740147228014946,0.627456615233229
25827,LOF,0.026517121275898087,0.4412277249888592,0.5322551537352427
25828,LOF,0.017619095955249315,0.35149339567684934,0.6308875083679013
25829,LOF,0.010489376975091603,0.3845633373680175,0.6049472856568908
25830,LOF,0.03958619433081381,0.05052651085108513,0.909887294818101
25831,GOF,0.22135257376745765,0.46030553923585193,0.3183418869966904
25832,GOF,0.035414116870404064,0.4908812012817663,0.47370468184782955
25833,GOF,0.12901658807180344,0.479303393920051,0.3916800180081455
25834,GOF,0.04814909980042081,0.48460583686676334,0.4672450633328159
25835,LOF,0.14995879716329322,0.42170072582870133,0.4283404770080055
25836,LOF,0.060087188059329076,0.44914141154326065,0.4907714003974103
25837,LOF,0.030447958278771572,0.39057106639459455,0.578980975326634
25838,GOF,0.11707712907978496,0.45085011722408036,0.4320727536961347
25839,Neutral,0.4124513603488337,0.24958069400613633,0.33796794564502997
25840,LOF,0.30564295048104867,0.3191001083390702,0.37525694117988107
25841,LOF,0.3325161621905466,0.28487670946448795,0.3826071283449654
25842,LOF,0.2482744583035786,0.312970554042442,0.43875498765397947
25843,GOF,0.2818533360407877,0.38771748256406346,0.3304291813951487
25844,LOF,0.0998121320975648,0.3014296841041501,0.598758183798285
25845,LOF,0.02018706788423281,0.3737603443740042,0.606052587741763
25846,LOF,0.15437214163869395,0.40226268918696423,0.44336516917434177
25847,LOF,0.16128714708053127,0.4128617041215951,0.42585114879787356
25848,LOF,0.04599042228459651,0.3299234820673977,0.6240860956480059
25849,LOF,0.013777692417903288,0.32788067787533537,0.6583416297067614
25850,LOF,0.03139768421899067,0.4085815944905475,0.5600207212904619
25851,LOF,0.024020803317467955,0.38561734862946906,0.5903618480530631
25852,LOF,0.15100425704588655,0.3225571413279206,0.5264386016261928
25853,Neutral,0.4043824406202142,0.3100481741440192,0.28556938523576664
25854,LOF,0.028935409109268513,0.4559935515768666,0.5150710393138648
25855,LOF,0.051503262371491915,0.30533515150280355,0.6431615861257045
25856,LOF,0.25872687675903777,0.3204189800599591,0.4208541431810031
25857,LOF,0.04575477851538633,0.3265367824391699,0.6277084390454438
25858,LOF,0.023906712810669545,0.45322681045178337,0.5228664767375472
25859,LOF,0.013330368852655537,0.46027640686235616,0.5263932242849882
25860,Neutral,0.3878141212813083,0.27237300590688085,0.3398128728118109
25861,GOF,0.39619496365508045,0.4191287131816067,0.18467632316331273
25862,GOF,0.07750663772370152,0.4751875078798284,0.4473058543964701
25863,GOF,0.08745365955771518,0.49313282830151667,0.419413512140768
25864,GOF,0.2163150027045888,0.49108255588928096,0.29260244140613023
25865,GOF,0.08769961916733206,0.5688354670857952,0.34346491374687277
25866,GOF,0.07375715856051625,0.5685842550136294,0.3576585864258543
25867,GOF,0.09269777738812139,0.6121034569511642,0.2951987656607144
25868,LOF,0.25019075051812206,0.3578513175053677,0.39195793197651035
25869,Neutral,0.7663124379681091,0.11933451954935241,0.1143530424825385
25870,LOF,0.298535802893282,0.026957866442421787,0.6745063306642962
25871,LOF,0.1740373385872337,0.36884187553468095,0.45712078587808547
25872,LOF,0.09291553331263429,0.29772388693880075,0.609360579748565
25873,LOF,0.15575458862644045,0.32980752957707354,0.514437881796486
25874,LOF,0.027431174808598385,0.031372900173368676,0.941195925018033
25875,LOF,0.03285038944835814,0.271451505824004,0.6956981047276378
25876,LOF,0.02378619545071337,0.09306223115562859,0.883151573393658
25877,LOF,0.3430696680372462,0.20903303120959565,0.4478973007531582
25878,LOF,0.10427595231571235,0.353852642113338,0.5418714055709496
25879,LOF,0.046415608445283564,0.3614832607285399,0.5921011308261765
25880,LOF,0.02129391070642636,0.03952598207679871,0.9391801072167749
25881,LOF,0.4071144806858282,0.15858219553989522,0.43430332377427655
25882,LOF,0.09219871197042868,0.023102713212243643,0.8846985748173277
25883,LOF,0.10174573524400798,0.029084695686849443,0.8691695690691427
25884,LOF,0.062102292635770946,0.04701901724025148,0.8908786901239777
25885,LOF,0.0804277918652141,0.023733682164653148,0.8958385259701328
25886,LOF,0.23880148746842028,0.07247810026597057,0.6887204122656092
25887,LOF,0.32074870494409935,0.131511527611061,0.5477397674448397
25888,LOF,0.1426279124376325,0.05436717399953399,0.8030049135628335
25889,LOF,0.06484118484431511,0.043014791998822285,0.8921440231568627
25890,LOF,0.06681496480250285,0.10512381356571633,0.828061221631781
25891,LOF,0.0638648142259665,0.0641505099970368,0.8719846757769968
25892,LOF,0.10893788037492151,0.048502271652368846,0.8425598479727096
25893,LOF,0.3253529161715678,0.03473701702325281,0.6399100668051794
25894,LOF,0.1662833590466523,0.018606602901592172,0.8151100380517554
25895,LOF,0.22198193596480056,0.01876628463161001,0.7592517794035893
25896,LOF,0.042681587952566616,0.029260821468838762,0.9280575905785946
25897,LOF,0.225168943582877,0.0362801348450721,0.7385509215720509
25898,Neutral,0.7330556728042461,0.02540497244411249,0.24153935475164126
25899,LOF,0.19680624963171056,0.12069235165665691,0.6825013987116325
25900,Neutral,0.8246600386279104,0.03069331351565558,0.144646647856434
25901,LOF,0.056261882739382395,0.026211921930494653,0.9175261953301229
25902,LOF,0.17033451218686005,0.022961527915256,0.8067039598978839
25903,Neutral,0.5482887777676727,0.072831634729545,0.3788795875027823
25904,LOF,0.3281560547734849,0.0766192748881137,0.5952246703384014
25905,LOF,0.039840275093625116,0.402751633158662,0.5574080917477128
25906,LOF,0.02934314984103843,0.06596725808735666,0.9046895920716048
25907,LOF,0.013654624980804516,0.3195896674477982,0.6667557075713973
25908,LOF,0.019408690685075076,0.18967985967793224,0.7909114496369928
25909,LOF,0.021064026580367788,0.18822176717985684,0.7907142062397753
25910,LOF,0.04042327368083789,0.304423742137269,0.6551529841818932
25911,LOF,0.07838910967454786,0.029658386707051804,0.8919525036184004
25912,LOF,0.03545537548704834,0.09201179077910794,0.8725328337338438
25913,LOF,0.24110450355337196,0.019718414054042472,0.7391770823925856
25914,LOF,0.022624599244078492,0.19993659565319064,0.7774388051027309
25915,GOF,0.3712132015207596,0.41888353636622144,0.20990326211301888
25916,GOF,0.02379146105874795,0.5930830080662459,0.38312553087500606
25917,LOF,0.03107954523006162,0.1096811198176401,0.8592393349522983
25918,LOF,0.027189429354701724,0.10229177193786092,0.8705187987074374
25919,LOF,0.02666575471854055,0.09371500552993277,0.8796192397515266
25920,GOF,0.18261672603616538,0.49121551500534083,0.32616775895849376
25921,LOF,0.032829153583966174,0.03568289194456038,0.9314879544714734
25922,LOF,0.04561944316024184,0.01965248731438095,0.9347280695253772
25923,LOF,0.3678247741888738,0.03204019086274511,0.6001350349483809
25924,LOF,0.04458466696486315,0.02223057808807656,0.9331847549470602
25925,LOF,0.08147834562397809,0.03740910851926186,0.8811125458567601
25926,LOF,0.05340643181215551,0.029491759199062287,0.9171018089887822
25927,LOF,0.07501927389709173,0.12534996816658364,0.7996307579363247
25928,LOF,0.025148848163041568,0.0217976971160626,0.9530534547208958
25929,LOF,0.4665340374632939,0.02971773870452313,0.503748223832183
25930,LOF,0.09693058876509202,0.019048760918306346,0.8840206503166017
25931,LOF,0.034359489556405394,0.015176849825019833,0.9504636606185748
25932,LOF,0.03763852812961726,0.014171391325213048,0.9481900805451697
25933,LOF,0.047384680979602536,0.011688107806147067,0.9409272112142504
25934,LOF,0.033507925609183274,0.017294582755796036,0.9491974916350207
25935,LOF,0.08454645377291777,0.03176111773628097,0.8836924284908013
25936,LOF,0.04950385556179218,0.013893699086831558,0.9366024453513762
25937,LOF,0.03759182910929027,0.028977154649015374,0.9334310162416943
25938,LOF,0.07598831766750985,0.05420702476618053,0.8698046575663098
25939,LOF,0.04027490242602624,0.015943112286327086,0.9437819852876467
25940,GOF,0.021230982177675474,0.4897012875633919,0.48906773025893263
25941,LOF,0.2532467576416669,0.014944167225050826,0.7318090751332823
25942,LOF,0.025914908160531734,0.008956149484750342,0.9651289423547178
25943,LOF,0.4413445555778731,0.01804894935775019,0.5406064950643767
25944,Neutral,0.5254305549335088,0.009506712954787982,0.46506273211170324
25945,LOF,0.10002058697924868,0.026021217236708152,0.8739581957840432
25946,LOF,0.032424003994841355,0.21754203421618476,0.750033961788974
25947,LOF,0.11033222240153505,0.24876204840198374,0.6409057291964811
25948,LOF,0.37798046063055124,0.005394789345941439,0.6166247500235073
25949,LOF,0.11320796459074606,0.011553689075363601,0.8752383463338903
25950,GOF,0.12795415468569385,0.6047507529920959,0.2672950923222103
25951,LOF,0.1651481651039367,0.3224783166106179,0.5123735182854454
25952,GOF,0.025124669246396412,0.6690894370010103,0.30578589375259324
25953,LOF,0.12703350203167935,0.39003471222552516,0.4829317857427955
25954,GOF,0.25489722188342506,0.5927131976693648,0.15238958044721027
25955,LOF,0.03831481566297936,0.2229646835947666,0.738720500742254
25956,LOF,0.22185349415555267,0.04866516954163604,0.7294813363028113
25957,LOF,0.04617277887084544,0.026486500256474723,0.9273407208726798
25958,LOF,0.08028659829195961,0.02571967606955216,0.8939937256384881
25959,LOF,0.1632504801845631,0.3141547758212726,0.5225947439941643
25960,LOF,0.03025501214994382,0.06665320789801861,0.9030917799520375
25961,LOF,0.08319022082047464,0.04134446749968556,0.8754653116798398
25962,LOF,0.07149221577589658,0.04031590857329094,0.8881918756508126
25963,LOF,0.06143324307314833,0.1541219413227395,0.7844448156041122
25964,LOF,0.030616540789579132,0.34739307941995035,0.6219903797904706
25965,LOF,0.4475683450748542,0.04987406730665519,0.5025575876184907
25966,GOF,0.23317496048590636,0.4062600561760236,0.3605649833380701
25967,LOF,0.012548605850788366,0.20865228591729484,0.7787991082319168
25968,GOF,0.05391444911242505,0.49037344021071755,0.4557121106768574
25969,LOF,0.01674516067768358,0.11147164708425898,0.8717831922380574
25970,LOF,0.047547825881020606,0.03428578088620259,0.9181663932327768
25971,LOF,0.08562555035657211,0.020230240959070726,0.8941442086843572
25972,LOF,0.07323536513170621,0.025298591170891973,0.9014660436974018
25973,LOF,0.10474926720098858,0.01614611261217301,0.8791046201868384
25974,LOF,0.3252745038051399,0.038270532896861595,0.6364549632979984
25975,LOF,0.04536001906707713,0.0427606177164362,0.9118793632164865
25976,LOF,0.04167846439997135,0.04249248585356749,0.9158290497464613
25977,LOF,0.07566208724511822,0.21001348621239713,0.7143244265424847
25978,LOF,0.2090204173266187,0.08630576876654308,0.7046738139068383
25979,LOF,0.17559116318556037,0.09975790382758766,0.7246509329868519
25980,LOF,0.19717729117659608,0.17286496330742668,0.6299577455159773
25981,LOF,0.19717729117659608,0.17286496330742668,0.6299577455159773
25982,LOF,0.4150380369346752,0.08307991489903184,0.501882048166293
25983,LOF,0.39274789225786233,0.09377745649758543,0.5134746512445523
25984,LOF,0.029179831314433143,0.19518982090727677,0.7756303477782901
25985,LOF,0.021541572109556414,0.35148559616005026,0.6269728317303933
25986,LOF,0.028456281734432,0.36816002289978883,0.6033836953657792
25987,LOF,0.09710986585360105,0.10218129397112291,0.8007088401752761
25988,LOF,0.05293602753357613,0.2210492110242807,0.7260147614421432
25989,LOF,0.019816199116507623,0.23194409765369478,0.7482397032297976
25990,LOF,0.027012636164168054,0.18413967366722714,0.7888476901686048
25991,LOF,0.12970783801373056,0.27449036573944363,0.5958017962468257
25992,LOF,0.29916643616813837,0.24499794993573523,0.45583561389612637
25993,LOF,0.02600332010386853,0.07172356446880489,0.9022731154273265
25994,LOF,0.014958568254411208,0.09172421809410666,0.8933172136514821
25995,LOF,0.022396629686091817,0.0927555286147519,0.8848478416991562
25996,LOF,0.10544425050386076,0.3419295475583473,0.552626201937792
25997,LOF,0.049242927368567765,0.4360628415794612,0.5146942310519711
25998,LOF,0.43449118939975817,0.011789373340066644,0.5537194372601751
25999,LOF,0.13118827366614974,0.2927582102212024,0.5760535161126479
26000,LOF,0.05749331165271083,0.0500673278260187,0.8924393605212705
26001,LOF,0.12683228022623838,0.07939132402477964,0.7937763957489821
26002,LOF,0.07964401616412295,0.09613706661525809,0.824218917220619
26003,GOF,0.00863379541516089,0.6681488660817607,0.3232173385030783
26004,GOF,0.025661307133449773,0.7381369727194453,0.23620172014710486
26005,GOF,0.010874459214322625,0.4951971904732658,0.4939283503124114
26006,Neutral,0.4843190509004568,0.3194348639673869,0.19624608513215624
26007,GOF,0.016919768061423226,0.616550756981314,0.36652947495726274
26008,GOF,0.013563574172063492,0.6224566482049358,0.3639797776230006
26009,GOF,0.02559672215853863,0.6905979490842212,0.2838053287572402
26010,GOF,0.011354487468673683,0.8005011701295347,0.1881443424017916
26011,GOF,0.007636791617870552,0.543604080745841,0.44875912763628845
26012,GOF,0.015579100598359744,0.5516832326641329,0.4327376667375074
26013,GOF,0.010186415155569844,0.668947227966834,0.3208663568775962
26014,LOF,0.046527589735131075,0.11257265679450813,0.8408997534703608
26015,LOF,0.19245828150011746,0.0068785206590490115,0.8006631978408335
26016,LOF,0.3101957464193685,0.02908922300335479,0.6607150305772767
26017,LOF,0.25791779877070997,0.04839410341817003,0.69368809781112
26018,LOF,0.09108625281788751,0.01774095348934273,0.8911727936927698
26019,LOF,0.0931886102871571,0.011419985130353635,0.8953914045824891
26020,LOF,0.09275589388686381,0.048771516189399254,0.858472589923737
26021,LOF,0.08308274173211695,0.05947529998037138,0.8574419582875118
26022,LOF,0.019209920400703327,0.028618315010877225,0.9521717645884195
26023,LOF,0.18963503087529962,0.013116817531047315,0.797248151593653
26024,LOF,0.03807886468931857,0.07484672570852174,0.8870744096021597
26025,LOF,0.3063424223116705,0.0472858238844248,0.6463717538039047
26026,Neutral,0.5129167953119903,0.009069551318899909,0.4780136533691099
26027,LOF,0.09490271799423523,0.010337560554186205,0.8947597214515786
26028,LOF,0.2778617618581988,0.05657303069842639,0.6655652074433748
26029,LOF,0.11202149759035486,0.22224367433530456,0.6657348280743406
26030,LOF,0.034562629016172776,0.04361131420436475,0.9218260567794625
26031,LOF,0.023249980805581327,0.18921467646370269,0.7875353427307159
26032,LOF,0.1203765835666834,0.05133627755481836,0.8282871388784983
26033,LOF,0.29396936307508276,0.07399480760425452,0.6320358293206626
26034,LOF,0.04814139362006498,0.14347281095832995,0.8083857954216052
26035,LOF,0.03879955757535501,0.16305330460373868,0.7981471378209064
26036,LOF,0.05418188145811607,0.1427220735270118,0.8030960450148722
26037,LOF,0.029795523898245063,0.12477381607087926,0.8454306600308756
26038,LOF,0.11890239225910783,0.04907948828418876,0.8320181194567033
26039,LOF,0.05945487444705663,0.16983265643235854,0.7707124691205849
26040,Neutral,0.4963026475425922,0.11507717412577796,0.38862017833162993
26041,LOF,0.028745448040049075,0.1334157384780467,0.8378388134819043
26042,LOF,0.030323682246723754,0.11799018632273797,0.8516861314305383
26043,LOF,0.11380220156742123,0.062440075177228375,0.8237577232553505
26044,LOF,0.031644838967129066,0.05471227842375422,0.9136428826091169
26045,LOF,0.07054664323327554,0.1528504543124512,0.7766029024542732
26046,LOF,0.12424920485794684,0.07011497264825588,0.8056358224937974
26047,LOF,0.1340028976548323,0.06772155443735457,0.7982755479078131
26048,LOF,0.07405757178539661,0.05439019478162432,0.871552233432979
26049,Neutral,0.9286442476931314,0.012422669405493336,0.05893308290137526
26050,Neutral,0.9070448614524469,0.014117955336349242,0.07883718321120395
26051,GOF,0.03757758848017018,0.6042984935813827,0.35812391793844717
26052,GOF,0.02260937302274299,0.5175049200935534,0.4598857068837036
26053,LOF,0.05778937060891327,0.33058225722676005,0.6116283721643266
26054,LOF,0.058841848629735516,0.08255515147736504,0.8586029998928995
26055,LOF,0.05458306947729524,0.06276267892030829,0.8826542516023965
26056,LOF,0.04429161471245059,0.07087153969130999,0.8848368455962394
26057,LOF,0.02984985223294107,0.056338273262957386,0.9138118745041015
26058,LOF,0.029918685208738045,0.047607888903838366,0.9224734258874234
26059,Neutral,0.48416436190876583,0.10674442934080017,0.40909120875043387
26060,LOF,0.028262900610096255,0.38964148753659517,0.5820956118533085
26061,LOF,0.02307281077558823,0.081226588198846,0.8957006010255657
26062,LOF,0.01705725814983472,0.061618025779079814,0.9213247160710853
26063,LOF,0.026153358162079178,0.05458189017758912,0.9192647516603317
26064,LOF,0.027437504946906728,0.07184430399685351,0.9007181910562397
26065,LOF,0.02897439338096598,0.041747933787549096,0.9292776728314849
26066,LOF,0.023657057506053895,0.06395494472079974,0.9123879977731464
26067,LOF,0.02587255854837825,0.046478083295977364,0.9276493581556443
26068,LOF,0.05160912083342672,0.10265462101146963,0.8457362581551037
26069,LOF,0.39790098623176845,0.066710064745722,0.5353889490225096
26070,Neutral,0.6295843603813019,0.04679511389886763,0.32362052571983035
26071,LOF,0.025391693905996646,0.062156381622098945,0.9124519244719044
26072,LOF,0.02680837027388196,0.09876787200646969,0.8744237577196484
26073,LOF,0.028822522035937593,0.04237720445452779,0.9288002735095345
26074,Neutral,0.9660586120837253,0.01649237323981955,0.017449014676455113
26075,LOF,0.03443455969386712,0.06536585081864689,0.900199589487486
26076,LOF,0.039604488048412996,0.03928242740968608,0.9211130845419009
26077,LOF,0.012967737762980176,0.09297897366579219,0.8940532885712276
26078,LOF,0.01756130814156331,0.07097942053447066,0.9114592713239661
26079,LOF,0.05540496358468618,0.07402193960064474,0.8705730968146691
26080,LOF,0.05540496358468618,0.07402193960064474,0.8705730968146691
26081,LOF,0.0350026838861022,0.037327989045803533,0.9276693270680942
26082,LOF,0.025423570206536083,0.06481740548134075,0.9097590243121232
26083,LOF,0.07427582021093657,0.06319334649459103,0.8625308332944723
26084,LOF,0.024299752558851525,0.060805681533551606,0.9148945659075969
26085,LOF,0.024299752558851525,0.060805681533551606,0.9148945659075969
26086,LOF,0.025478023948242973,0.07212528078899211,0.902396695262765
26087,LOF,0.02668494996036271,0.05860682181595913,0.9147082282236781
26088,LOF,0.026807848744727424,0.15760051348010803,0.8155916377751646
26089,LOF,0.04795236285088326,0.05917404882580901,0.8928735883233078
26090,LOF,0.04424883595343781,0.05259246807298015,0.903158695973582
26091,LOF,0.042654156508482664,0.02776841098837896,0.9295774325031384
26092,LOF,0.029014831662614066,0.0453084371541145,0.9256767311832713
26093,LOF,0.0418391260963198,0.02957773817499269,0.9285831357286877
26094,LOF,0.047735643430319045,0.024397853689479738,0.9278665028802012
26095,LOF,0.05316635606858878,0.08458406939826126,0.8622495745331499
26096,LOF,0.024920759791641305,0.049440227214455984,0.9256390129939027
26097,LOF,0.011526083870011276,0.16145447549370112,0.8270194406362876
26098,LOF,0.05660024628098999,0.044835846706951156,0.8985639070120589
26099,LOF,0.026117966429856566,0.09494585546726916,0.8789361781028742
26100,LOF,0.026117966429856566,0.09494585546726916,0.8789361781028742
26101,LOF,0.05127110747887423,0.0780406765658845,0.8706882159552412
26102,LOF,0.02691039360931843,0.06253207944985004,0.9105575269408315
26103,Neutral,0.8010889151704383,0.08977091535650857,0.10914016947305297
26104,LOF,0.04209814640468175,0.12848927540619617,0.8294125781891221
26105,LOF,0.30315844704596295,0.08931213769466645,0.6075294152593707
26106,LOF,0.178045556329673,0.048002852437524904,0.7739515912328021
26107,LOF,0.2460687594543421,0.07140458525912424,0.6825266552865337
26108,LOF,0.19085459955259737,0.05580056557871254,0.7533448348686901
26109,LOF,0.04907999363972326,0.16849603330866877,0.782423973051608
26110,LOF,0.260181725604269,0.058824333080718626,0.6809939413150123
26111,LOF,0.39264551685321386,0.07654578221994317,0.530808700926843
26112,LOF,0.03934666080782214,0.040927643029897334,0.9197256961622805
26113,LOF,0.05265531851112354,0.10904940173998794,0.8382952797488885
26114,LOF,0.03238818522409632,0.023979558752681252,0.9436322560232224
26115,LOF,0.19583881595444413,0.049691133516648785,0.7544700505289071
26116,LOF,0.09381958248948827,0.045732331703408985,0.8604480858071026
26117,LOF,0.28563572670589665,0.1606427929603819,0.5537214803337215
26118,LOF,0.042268442096899714,0.04119803213171238,0.916533525771388
26119,LOF,0.029488438836010548,0.11945811475841166,0.8510534464055778
26120,LOF,0.03470702423125998,0.06817051978085052,0.8971224559878894
26121,LOF,0.06766071774598584,0.1034462748408304,0.8288930074131838
26122,LOF,0.08197442928211472,0.11243554320007389,0.8055900275178114
