feature0,prediction,LoGoFunc_Neutral,LoGoFunc_GOF,LoGoFunc_LOF
25546,Neutral,0.49430872290893274,0.09541378386484477,0.41027749322622237
25547,LOF,0.3457773728470592,0.20038485008969267,0.4538377770632482
25548,LOF,0.29366740251754286,0.18477194699897453,0.5215606504834825
25549,LOF,0.256932826546487,0.2673619132738535,0.4757052601796595
25550,LOF,0.27054048043144563,0.15113833620756342,0.5783211833609909
25551,LOF,0.21025013408348092,0.2192631346886928,0.5704867312278263
25552,LOF,0.21339080366124452,0.1982989726987073,0.5883102236400483
25553,Neutral,0.7493342851988214,0.10894077752462462,0.14172493727655391
25554,LOF,0.2215426376082238,0.19814209143714687,0.5803152709546293
25555,LOF,0.23921021954172106,0.15083236749212411,0.6099574129661548
25556,LOF,0.38798510091809896,0.127821476407074,0.4841934226748271
25557,LOF,0.2579804490210498,0.14379631925413489,0.5982232317248154
25558,LOF,0.22237357724493628,0.1286767330147093,0.6489496897403544
25559,LOF,0.3229841085922153,0.03396543105992569,0.643050460347859
25560,LOF,0.07980195374199019,0.38407960774260014,0.5361184385154097
25561,LOF,0.08594175805189698,0.3116789027160697,0.6023793392320332
25562,LOF,0.04431238582762722,0.23535893490313406,0.7203286792692387
25563,LOF,0.02806319628019728,0.2990074164013512,0.6729293873184515
25564,LOF,0.053757577163270995,0.1756083462474132,0.7706340765893157
25565,LOF,0.2318891225353182,0.32492089879429503,0.4431899786703868
25566,GOF,0.14835796714168334,0.6786381951591152,0.17300383769920147
25567,LOF,0.02835899465282695,0.0768516473098041,0.894789358037369
25568,LOF,0.06414103229324447,0.09837347095875966,0.8374854967479958
25569,LOF,0.04878140368211175,0.11463533781549921,0.836583258502389
25570,LOF,0.053757577163270995,0.1756083462474132,0.7706340765893157
25571,LOF,0.053757577163270995,0.1756083462474132,0.7706340765893157
25572,LOF,0.06823267921293993,0.1351836269706955,0.7965836938163646
25573,LOF,0.17632388510172617,0.285245505307565,0.5384306095907088
25574,GOF,0.09337136838143692,0.7928183297378716,0.11381030188069155
25575,LOF,0.053757577163270995,0.1756083462474132,0.7706340765893157
25576,LOF,0.021973694361071043,0.20436765894152834,0.7736586466974007
25577,LOF,0.026388491734911614,0.18492577748550307,0.7886857307795854
25578,LOF,0.09463713848910163,0.3437280650745241,0.5616347964363743
25579,LOF,0.08256805329731408,0.32867828876748517,0.5887536579352007
25580,LOF,0.053757577163270995,0.1756083462474132,0.7706340765893157
25581,LOF,0.05563359331708169,0.20803921685473592,0.7363271898281823
25582,LOF,0.05563359331708169,0.20803921685473592,0.7363271898281823
25583,LOF,0.053757577163270995,0.1756083462474132,0.7706340765893157
25584,Neutral,0.7658627275124451,0.0934973183070866,0.14063995418046832
25585,LOF,0.03156825603728679,0.11020513254272445,0.8582266114199887
25586,LOF,0.053757577163270995,0.1756083462474132,0.7706340765893157
25587,LOF,0.053757577163270995,0.1756083462474132,0.7706340765893157
25588,LOF,0.053757577163270995,0.1756083462474132,0.7706340765893157
25589,GOF,0.40327265245554605,0.4327707862556738,0.16395656128878022
25590,LOF,0.054533860891924,0.24471849339376997,0.700747645714306
25591,LOF,0.057861521579683974,0.11840001191913976,0.8237384665011762
25592,GOF,0.22457323913207414,0.47877793696772514,0.29664882390020086
25593,GOF,0.0795011242651655,0.6310632842400015,0.28943559149483306
25594,LOF,0.06435106689076212,0.09469793556579843,0.8409509975434395
25595,LOF,0.08808268926178642,0.08066023295519308,0.8312570777830206
25596,LOF,0.16262572701796985,0.03295016479727283,0.8044241081847574
25597,LOF,0.118696233937408,0.07231513528521731,0.8089886307773746
25598,LOF,0.05169142893553246,0.08945883072152386,0.8588497403429437
25599,GOF,0.015418471196268066,0.7042843416172043,0.28029718718652763
25600,GOF,0.1091685759886376,0.7165789448187639,0.1742524791925985
25601,GOF,0.025327895186649112,0.5893092080400512,0.3853628967732998
25602,LOF,0.07498477933266663,0.1043003572838514,0.820714863383482
25603,LOF,0.053757577163270995,0.1756083462474132,0.7706340765893157
25604,LOF,0.08760580613476922,0.2337136315610625,0.6786805623041682
25605,LOF,0.21485164052014985,0.29066825994894974,0.4944800995309003
25606,Neutral,0.6217408273219153,0.09723757729657877,0.28102159538150595
25607,LOF,0.05015637979509422,0.15953681095063366,0.7903068092542721
25608,LOF,0.04505507218415257,0.1405927475681405,0.814352180247707
25609,GOF,0.10791716360634059,0.6575466678955699,0.23453616849808961
25610,LOF,0.053757577163270995,0.1756083462474132,0.7706340765893157
25611,LOF,0.053757577163270995,0.1756083462474132,0.7706340765893157
25612,LOF,0.07544145523879517,0.06115786266441164,0.8634006820967932
25613,LOF,0.0907431879317911,0.08108130038070946,0.8281755116874994
25614,LOF,0.053757577163270995,0.1756083462474132,0.7706340765893157
25615,LOF,0.06258583973071132,0.1662097386454739,0.7712044216238148
25616,LOF,0.053757577163270995,0.1756083462474132,0.7706340765893157
25617,LOF,0.053757577163270995,0.1756083462474132,0.7706340765893157
25618,GOF,0.11388738986452601,0.4516862242094981,0.4344263859259759
25619,LOF,0.053757577163270995,0.1756083462474132,0.7706340765893157
25620,LOF,0.053757577163270995,0.1756083462474132,0.7706340765893157
25621,LOF,0.08351079032278845,0.08214783416919903,0.8343413755080126
25622,LOF,0.08425515158803955,0.0802816814022613,0.8354631670096991
25623,LOF,0.09347381019461397,0.05644720672163364,0.8500789830837523
25624,LOF,0.053757577163270995,0.1756083462474132,0.7706340765893157
25625,LOF,0.08960774984808355,0.061401721161501985,0.8489905289904144
25626,LOF,0.05834441705594825,0.09041729244332007,0.8512382905007316
25627,Neutral,0.7012409503239356,0.2129899972500367,0.08576905242602778
25628,LOF,0.07918675286472303,0.3989212443112255,0.5218920028240515
25629,LOF,0.04082131698977494,0.2524034576459098,0.7067752253643151
25630,Neutral,0.3803919565212071,0.31010074981020647,0.3095072936685865
25631,GOF,0.21728685353143518,0.4367484968059594,0.34596464966260543
25632,LOF,0.024808987653835685,0.10835466518433394,0.8668363471618303
25633,LOF,0.053757577163270995,0.1756083462474132,0.7706340765893157
25634,LOF,0.05328896704657745,0.11642756552201756,0.830283467431405
25635,LOF,0.053757577163270995,0.1756083462474132,0.7706340765893157
25636,GOF,0.03604180681316547,0.5955439303777256,0.368414262809109
25637,GOF,0.040958086163103376,0.5641001037880666,0.3949418100488299
25638,GOF,0.017845344552573153,0.6299391511627699,0.3522155042846569
25639,GOF,0.043196061060008124,0.6236037797674641,0.3332001591725279
25640,Neutral,0.764638601341271,0.12393705496690194,0.11142434369182713
25641,GOF,0.07330591347481705,0.7232670391580922,0.2034270473670908
25642,GOF,0.053096629761101036,0.49176520490004816,0.4551381653388508
25643,LOF,0.3206575124413821,0.16226887020802053,0.5170736173505974
25644,LOF,0.018586716285158508,0.4715660845784404,0.509847199136401
25645,GOF,0.012695969176800201,0.5790912473264347,0.4082127834967652
25646,GOF,0.027192530801786678,0.6124237223389107,0.3603837468593025
25647,LOF,0.01481190451007533,0.41765592872516605,0.5675321667647587
25648,LOF,0.014674474450595382,0.40949322956424583,0.5758322959851588
25649,LOF,0.015943505905978195,0.2663279840558389,0.7177285100381828
25650,GOF,0.02963436389042696,0.5612155994511162,0.40915003665845684
25651,LOF,0.0188117288742138,0.4213227697794976,0.5598655013462887
25652,LOF,0.017694021907577018,0.42915735186881737,0.5531486262236056
25653,LOF,0.06101028384829129,0.42226113489075995,0.5167285812609487
25654,LOF,0.01478412549240271,0.34067511565845654,0.6445407588491407
25655,GOF,0.03803941491227065,0.618300661617505,0.3436599234702243
25656,LOF,0.1582755045900213,0.26395254298976306,0.5777719524202156
25657,LOF,0.06070582284044687,0.08408847260347911,0.8552057045560739
25658,LOF,0.07588664988859213,0.40504693003967823,0.5190664200717297
25659,GOF,0.2016724791168839,0.6441574555862738,0.15417006529684243
25660,LOF,0.053757577163270995,0.1756083462474132,0.7706340765893157
25661,LOF,0.053757577163270995,0.1756083462474132,0.7706340765893157
25662,LOF,0.053757577163270995,0.1756083462474132,0.7706340765893157
25663,LOF,0.053757577163270995,0.1756083462474132,0.7706340765893157
25664,LOF,0.0755124939937972,0.1748484674721588,0.7496390385340441
25665,LOF,0.06090201749935097,0.14516520832802718,0.793932774172622
25666,LOF,0.08303382404879721,0.12858385933931166,0.7883823166118911
25667,LOF,0.053757577163270995,0.1756083462474132,0.7706340765893157
25668,LOF,0.053757577163270995,0.1756083462474132,0.7706340765893157
25669,LOF,0.053757577163270995,0.1756083462474132,0.7706340765893157
25670,LOF,0.09159743312301899,0.09217334646699783,0.8162292204099831
25671,LOF,0.053757577163270995,0.1756083462474132,0.7706340765893157
25672,LOF,0.047645200464736595,0.08763782384961032,0.8647169756856531
25673,LOF,0.07074408830223165,0.12804191539228968,0.8012139963054787
25674,LOF,0.060498170996128996,0.12969754368504657,0.8098042853188243
25675,LOF,0.07592107194632289,0.09784611484468894,0.8262328132089882
25676,LOF,0.053757577163270995,0.1756083462474132,0.7706340765893157
25677,LOF,0.053757577163270995,0.1756083462474132,0.7706340765893157
25678,LOF,0.07099450317403834,0.08988787745422334,0.8391176193717383
25679,LOF,0.11436271571562757,0.09957763642266322,0.7860596478617092
25680,LOF,0.053757577163270995,0.1756083462474132,0.7706340765893157
25681,LOF,0.053757577163270995,0.1756083462474132,0.7706340765893157
25682,LOF,0.053757577163270995,0.1756083462474132,0.7706340765893157
25683,LOF,0.08103003967566902,0.06726783413251133,0.8517021261918196
25684,LOF,0.053757577163270995,0.1756083462474132,0.7706340765893157
25685,LOF,0.04531288748109557,0.1927650875653035,0.7619220249536008
25686,LOF,0.020691826024619723,0.40718788615592333,0.5721202878194569
25687,GOF,0.031066207724138192,0.6009682434957563,0.3679655487801055
25688,LOF,0.23551286353222214,0.3524195260813526,0.4120676103864253
25689,LOF,0.09405754662271051,0.36016699148333503,0.5457754618939545
25690,LOF,0.13884256491562175,0.37377155265321116,0.4873858824311671
25691,Neutral,0.6465241642029089,0.17568858522140396,0.177787250575687
25692,LOF,0.09684857211556282,0.07267576029431079,0.8304756675901264
25693,GOF,0.07008497580714919,0.7020488961740354,0.22786612801881534
25694,LOF,0.18130780057590234,0.03312365520580868,0.785568544218289
25695,LOF,0.1239163876557544,0.06064018950162371,0.8154434228426218
25696,LOF,0.14558125786211507,0.059029026717148825,0.795389715420736
25697,LOF,0.07032960447647842,0.2536629973055312,0.6760073982179903
25698,LOF,0.07624714660490316,0.28438605543121015,0.6393667979638867
25699,GOF,0.06503276352130058,0.5008222041908191,0.43414503228788026
25700,LOF,0.053757577163270995,0.1756083462474132,0.7706340765893157
25701,GOF,0.07322636334728931,0.6901304593850833,0.2366431772676274
25702,GOF,0.22665347385348306,0.585086532382896,0.18825999376362101
25703,LOF,0.02876598803190097,0.12466549307846221,0.8465685188896369
25704,LOF,0.053757577163270995,0.1756083462474132,0.7706340765893157
25705,LOF,0.053757577163270995,0.1756083462474132,0.7706340765893157
25706,GOF,0.1097333899222836,0.6950689266867534,0.19519768339096305
25707,GOF,0.10322414613709752,0.7136334764831646,0.18314237737973807
25708,GOF,0.03199759789709599,0.5913816295588761,0.37662077254402787
25709,LOF,0.053757577163270995,0.1756083462474132,0.7706340765893157
25710,LOF,0.024597701405135633,0.19119243872944428,0.7842098598654201
25711,LOF,0.053757577163270995,0.1756083462474132,0.7706340765893157
25712,LOF,0.02934096560720357,0.2226368388272306,0.7480221955655658
25713,LOF,0.053757577163270995,0.1756083462474132,0.7706340765893157
25714,LOF,0.053757577163270995,0.1756083462474132,0.7706340765893157
25715,LOF,0.053757577163270995,0.1756083462474132,0.7706340765893157
25716,LOF,0.022279057464430624,0.14805168631594443,0.8296692562196248
25717,LOF,0.018817234163551577,0.2942181346731195,0.6869646311633288
25718,LOF,0.053757577163270995,0.1756083462474132,0.7706340765893157
25719,LOF,0.053757577163270995,0.1756083462474132,0.7706340765893157
25720,LOF,0.053757577163270995,0.1756083462474132,0.7706340765893157
25721,LOF,0.053757577163270995,0.1756083462474132,0.7706340765893157
25722,LOF,0.053757577163270995,0.1756083462474132,0.7706340765893157
25723,LOF,0.053757577163270995,0.1756083462474132,0.7706340765893157
25724,LOF,0.1582755045900213,0.26395254298976306,0.5777719524202156
25725,LOF,0.053757577163270995,0.1756083462474132,0.7706340765893157
25726,LOF,0.053757577163270995,0.1756083462474132,0.7706340765893157
25727,LOF,0.053757577163270995,0.1756083462474132,0.7706340765893157
25728,LOF,0.053757577163270995,0.1756083462474132,0.7706340765893157
25729,LOF,0.053757577163270995,0.1756083462474132,0.7706340765893157
25730,LOF,0.053757577163270995,0.1756083462474132,0.7706340765893157
25731,LOF,0.022228806404772115,0.31434921378314984,0.6634219798120781
25732,LOF,0.053757577163270995,0.1756083462474132,0.7706340765893157
25733,LOF,0.053757577163270995,0.1756083462474132,0.7706340765893157
25734,LOF,0.03123764261906634,0.15315446939770608,0.8156078879832276
25735,LOF,0.053757577163270995,0.1756083462474132,0.7706340765893157
25736,LOF,0.053757577163270995,0.1756083462474132,0.7706340765893157
25737,LOF,0.053757577163270995,0.1756083462474132,0.7706340765893157
25738,LOF,0.053757577163270995,0.1756083462474132,0.7706340765893157
25739,LOF,0.053757577163270995,0.1756083462474132,0.7706340765893157
25740,LOF,0.053757577163270995,0.1756083462474132,0.7706340765893157
25741,LOF,0.053757577163270995,0.1756083462474132,0.7706340765893157
25742,LOF,0.053757577163270995,0.1756083462474132,0.7706340765893157
25743,LOF,0.02365730862159893,0.13147432701156592,0.8448683643668352
25744,GOF,0.18676766805208486,0.6594659570053857,0.15376637494252943
25745,GOF,0.01687885354511419,0.6010783704337095,0.3820427760211764
25746,GOF,0.014341160236377217,0.5290510456798365,0.45660779408378627
25747,LOF,0.053757577163270995,0.1756083462474132,0.7706340765893157
25748,LOF,0.08256805329731408,0.32867828876748517,0.5887536579352007
25749,GOF,0.018968355284443336,0.6840844044972788,0.2969472402182778
25750,GOF,0.01475244377532189,0.6255118866055024,0.35973566961917564
25751,LOF,0.053757577163270995,0.1756083462474132,0.7706340765893157
25752,LOF,0.051518433723099506,0.42617580039739245,0.522305765879508
25753,LOF,0.020499556367787913,0.17802835592778687,0.8014720877044252
25754,GOF,0.021753837261385005,0.7099823817577545,0.2682637809808605
25755,LOF,0.02934458185588814,0.1606983497603513,0.8099570683837606
25756,LOF,0.0412543475831025,0.2979178173524312,0.6608278350644662
25757,GOF,0.016321808216842825,0.7289150999715467,0.2547630918116104
25758,GOF,0.02700591426524301,0.7644586378652217,0.2085354478695353
25759,LOF,0.020095586711108025,0.4575742796670678,0.5223301336218242
25760,LOF,0.027721259305403968,0.1692213042815679,0.8030574364130281
25761,GOF,0.32402968014570216,0.5463342761882926,0.12963604366600529
25762,LOF,0.05249515986108929,0.1469160290032137,0.800588811135697
25763,LOF,0.01761447650199619,0.19067470850970883,0.7917108149882949
25764,GOF,0.042625068715667715,0.8137487305758945,0.14362620070843787
25765,GOF,0.018806659845581202,0.5099123619684359,0.4712809781859828
25766,GOF,0.06501582842740566,0.626468253676015,0.30851591789657923
25767,GOF,0.12457671874107305,0.5812193341368425,0.29420394712208464
25768,LOF,0.053757577163270995,0.1756083462474132,0.7706340765893157
25769,LOF,0.053757577163270995,0.1756083462474132,0.7706340765893157
25770,Neutral,0.5455778891248938,0.08611264350505317,0.36830946737005305
25771,LOF,0.06596773902704406,0.11530789491719518,0.8187243660557607
25772,LOF,0.053757577163270995,0.1756083462474132,0.7706340765893157
25773,LOF,0.07628136948920544,0.13381616612362443,0.7899024643871702
25774,LOF,0.04774705244036413,0.10427245279033019,0.8479804947693057
25775,LOF,0.07268661591466415,0.2545738173776516,0.6727395667076842
25776,LOF,0.053757577163270995,0.1756083462474132,0.7706340765893157
25777,LOF,0.21745757131229274,0.08737642664436827,0.6951660020433389
25778,LOF,0.053757577163270995,0.1756083462474132,0.7706340765893157
25779,Neutral,0.4616393070260534,0.19606736529274413,0.3422933276812024
25780,Neutral,0.6702760257911238,0.12129867529656228,0.20842529891231404
25781,GOF,0.3302427464975093,0.48434227174821154,0.18541498175427923
25782,GOF,0.22388075886946412,0.5321617964983023,0.24395744463223357
25783,GOF,0.07782705042615391,0.7084302212936723,0.2137427282801738
25784,Neutral,0.5071990068672133,0.36258983701474173,0.13021115611804493
25785,Neutral,0.5434001547575691,0.3257389312333325,0.13086091400909844
25786,GOF,0.08021178471749078,0.6970289447895756,0.22275927049293356
25787,Neutral,0.7427277150531274,0.17775099958237112,0.0795212853645014
25788,LOF,0.053757577163270995,0.1756083462474132,0.7706340765893157
25789,GOF,0.1974336900032693,0.5671632908028695,0.23540301919386117
25790,LOF,0.21877307482759842,0.35913882466008645,0.4220881005123151
25791,GOF,0.11049501536510402,0.6737271995556381,0.21577778507925796
25792,GOF,0.2056888129343485,0.570250795766253,0.2240603912993985
25793,Neutral,0.5532400650882449,0.25162924328888875,0.19513069162286645
25794,GOF,0.36800994199619935,0.4306723193298095,0.20131773867399108
25795,GOF,0.05288058234675793,0.8198544630046293,0.12726495464861298
25796,Neutral,0.5257478968594137,0.1556679299383357,0.31858417320225046
25797,GOF,0.19488565911864966,0.5243248148932752,0.28078952598807505
25798,GOF,0.027510761530276536,0.8075514678039044,0.16493777066581908
25799,GOF,0.03118422306323512,0.5672659548419736,0.4015498220947912
25800,GOF,0.07361251357131535,0.7224325721976207,0.2039549142310638
25801,GOF,0.23404390147069706,0.5305526947454506,0.23540340378385233
25802,GOF,0.25442527717898167,0.5686237337528842,0.17695098906813403
25803,GOF,0.21192663800420064,0.5453290288770878,0.24274433311871163
25804,GOF,0.1026640241257861,0.7358480324129055,0.16148794346130838
25805,GOF,0.1267041981236921,0.782886044879419,0.09040975699688887
25806,GOF,0.233295082052706,0.6023779859156464,0.16432693203164764
25807,GOF,0.04249193745297336,0.7643781327755339,0.19312992977149268
25808,GOF,0.12289813582973937,0.7829663146233935,0.09413554954686709
25809,GOF,0.04469022668708022,0.7714749673235056,0.18383480598941412
25810,GOF,0.0476207807314457,0.7903684541829036,0.16201076508565077
25811,Neutral,0.44388205779861617,0.38072365764602256,0.17539428455536127
25812,GOF,0.16927753620435956,0.6775990535767235,0.15312341021891704
25813,Neutral,0.5626708288402761,0.26621686892386387,0.17111230223585996
25814,GOF,0.12915358635377555,0.7226490495321914,0.14819736411403292
25815,GOF,0.2552350409082663,0.46810972486370866,0.276655234228025
25816,GOF,0.07289709926714918,0.7724543340015864,0.15464856673126443
25817,GOF,0.21414454125028595,0.5870421801943083,0.19881327855540576
25818,GOF,0.11732036336709671,0.7315371519830282,0.15114248464987523
25819,Neutral,0.405393304444009,0.3238508872317292,0.2707558083242618
25820,GOF,0.2501669227500303,0.566040057477336,0.1837930197726338
25821,GOF,0.0927643811537407,0.7530120154116718,0.15422360343458735
25822,Neutral,0.438828767859862,0.3511899715173153,0.20998126062282282
25823,GOF,0.09478308113349188,0.8021151903370884,0.1031017285294197
25824,LOF,0.12013947711007543,0.4078753518523683,0.4719851710375563
25825,GOF,0.06363855298072146,0.5279045612837693,0.4084568857355092
25826,GOF,0.023519002118645417,0.7107089223364859,0.26577207554486876
25827,GOF,0.029593025307295608,0.7346493837551447,0.23575759093755977
25828,GOF,0.026221555715887395,0.6907257048629827,0.28305273942112996
25829,GOF,0.022564597398053804,0.6067185370086033,0.3707168655933429
25830,GOF,0.11388738986452601,0.4516862242094981,0.4344263859259759
25831,GOF,0.1535766125532074,0.722926283299749,0.12349710414704378
25832,GOF,0.07579443946286825,0.6341697059743809,0.29003585456275083
25833,GOF,0.2095090337347369,0.5306076954305865,0.25988327083467655
25834,GOF,0.08761365963514708,0.6605004975722554,0.25188584279259746
25835,GOF,0.2270404717895448,0.5189209524471623,0.25403857576329286
25836,GOF,0.08534869495998129,0.6526883803868633,0.2619629246531554
25837,GOF,0.05864901578279029,0.6678974402408772,0.2734535439763325
25838,GOF,0.3064356052472906,0.5270060591145173,0.1665583356381921
25839,GOF,0.3113130822777882,0.46660815232882064,0.22207876539339116
25840,GOF,0.17872713306650942,0.5729079568085698,0.24836491012492073
25841,GOF,0.24943362739885222,0.5274622058466788,0.22310416675446906
25842,GOF,0.14524834553764338,0.6342458261052462,0.2205058283571105
25843,GOF,0.3153035974054542,0.3930350917734986,0.2916613108210472
25844,GOF,0.16781093457455118,0.5208935232326212,0.31129554219282757
25845,GOF,0.02972007708480152,0.6259369400528532,0.3443429828623453
25846,GOF,0.11422501670532732,0.7166728184969959,0.16910216479767673
25847,GOF,0.08929292652341685,0.7463423553649576,0.1643647181116256
25848,GOF,0.10342255758208387,0.7548177439501665,0.14175969846774958
25849,GOF,0.029959316178610536,0.7762408727988704,0.1937998110225191
25850,GOF,0.043848540354874475,0.713759509396065,0.2423919502490604
25851,GOF,0.03024169365289844,0.786634135754684,0.18312417059241765
25852,GOF,0.22896390467489428,0.5402095061721081,0.23082658915299775
25853,Neutral,0.4449924407228174,0.4255466408767292,0.1294609184004534
25854,GOF,0.018370396024960284,0.771003867043694,0.21062573693134573
25855,LOF,0.09657803619622442,0.4431172960238697,0.46030466777990586
25856,Neutral,0.5277446441967606,0.168239436976753,0.3040159188264864
25857,GOF,0.10001291682781913,0.7079774567224542,0.19200962644972677
25858,GOF,0.04936201976199017,0.7972171611362473,0.15342081910176256
25859,GOF,0.029670183482828637,0.7281046945851094,0.2422251219320619
25860,Neutral,0.5268077149521432,0.2800968662399595,0.19309541880789727
25861,GOF,0.3440176685499448,0.4502276385287873,0.20575469292126797
25862,GOF,0.22424098323872446,0.6059914563207008,0.16976756044057484
25863,GOF,0.28912033217761457,0.448140614426828,0.26273905339555753
25864,GOF,0.21343405197653015,0.421978716866146,0.36458723115732383
25865,GOF,0.11764408585911179,0.7070803919334187,0.17527552220746956
25866,GOF,0.18499431524165533,0.6078902879438481,0.20711539681449656
25867,GOF,0.2547914882128626,0.5626367124142715,0.1825717993728659
25868,GOF,0.3782351650233561,0.469539899558733,0.15222493541791085
25869,Neutral,0.7460511282265246,0.18800008245914052,0.0659487893143348
25870,GOF,0.22457323913207414,0.47877793696772514,0.29664882390020086
25871,GOF,0.08947054312705303,0.6131149008322044,0.2974145560407425
25872,GOF,0.23346808283743142,0.49756089349724997,0.26897102366531866
25873,GOF,0.23780155646727819,0.5474608304103289,0.2147376131223929
25874,LOF,0.053757577163270995,0.1756083462474132,0.7706340765893157
25875,GOF,0.0643665379052151,0.733058381611478,0.202575080483307
25876,LOF,0.025614178936499494,0.3638650972098028,0.6105207238536977
25877,Neutral,0.46399206424613015,0.40748654620276786,0.128521389551102
25878,GOF,0.14412965266032524,0.6749094119523725,0.18096093538730224
25879,GOF,0.0543031616727189,0.7744766763366258,0.17122016199065518
25880,LOF,0.053757577163270995,0.1756083462474132,0.7706340765893157
25881,GOF,0.32187365875392926,0.4815322993934009,0.19659404185266982
25882,LOF,0.08227477503099716,0.18978815345150554,0.7279370715174973
25883,LOF,0.053757577163270995,0.1756083462474132,0.7706340765893157
25884,LOF,0.06787946689496427,0.14764089392856278,0.784479639176473
25885,LOF,0.06647183118112707,0.1406164103176999,0.792911758501173
25886,LOF,0.08256805329731408,0.32867828876748517,0.5887536579352007
25887,GOF,0.1484052691964923,0.5702021477446351,0.2813925830588726
25888,LOF,0.22294822399519051,0.3526989288789753,0.4243528471258342
25889,LOF,0.08737295313144099,0.08912712334712032,0.8234999235214386
25890,LOF,0.0819371664036825,0.119104463059646,0.7989583705366715
25891,LOF,0.048215605746541546,0.1257781530678169,0.8260062411856416
25892,LOF,0.05642403343385794,0.22697598277422035,0.7165999837919218
25893,LOF,0.09151707902022731,0.4035643246717766,0.5049185963079961
25894,LOF,0.05282197409887973,0.26099016788920953,0.6861878580119108
25895,LOF,0.07086301162273442,0.23601510971596235,0.6931218786613033
25896,LOF,0.055893604746623506,0.24759864106729165,0.6965077541860848
25897,LOF,0.12975952168175742,0.2827804407560552,0.5874600375621875
25898,Neutral,0.37995140528827864,0.2506025092955994,0.36944608541612195
25899,LOF,0.09463713848910163,0.3437280650745241,0.5616347964363743
25900,Neutral,0.9299723651075398,0.015131505109401039,0.054896129783059334
25901,LOF,0.053757577163270995,0.1756083462474132,0.7706340765893157
25902,LOF,0.08552096789049381,0.14460363746095597,0.7698753946485503
25903,GOF,0.18539447269796688,0.4802939249538856,0.33431160234814744
25904,LOF,0.17845918734804567,0.31713983469090756,0.5044009779610468
25905,GOF,0.0393832654452037,0.6523592732301479,0.30825746132464843
25906,LOF,0.02370893525812038,0.11232130400907836,0.8639697607328012
25907,LOF,0.016434924705913682,0.463265421568077,0.5202996537260093
25908,LOF,0.020030715611122706,0.45069195069479007,0.5292773336940872
25909,LOF,0.053757577163270995,0.1756083462474132,0.7706340765893157
25910,LOF,0.030853718392748152,0.28725488524049164,0.6818913963667603
25911,LOF,0.06991940369681464,0.13388289405544204,0.7961977022477432
25912,LOF,0.02350022034805814,0.3019574899285105,0.6745422897234313
25913,LOF,0.0874328963131102,0.2688338744068259,0.6437332292800638
25914,LOF,0.053757577163270995,0.1756083462474132,0.7706340765893157
25915,GOF,0.40923646471017844,0.45829928714658197,0.1324642481432397
25916,GOF,0.042618139137362725,0.5919056976229267,0.3654761632397106
25917,LOF,0.047299101566419775,0.09096561786592999,0.8617352805676503
25918,LOF,0.053757577163270995,0.1756083462474132,0.7706340765893157
25919,LOF,0.053757577163270995,0.1756083462474132,0.7706340765893157
25920,GOF,0.07432697145486376,0.6813751885090954,0.24429784003604094
25921,LOF,0.0428853770209675,0.22254027800508333,0.7345743449739491
25922,LOF,0.0362897959268862,0.2585528148880775,0.7051573891850362
25923,LOF,0.08338403787932376,0.32541135301363006,0.5912046091070462
25924,LOF,0.04211701966146001,0.11286738205485324,0.8450155982836868
25925,LOF,0.047477491493213175,0.12636057531088585,0.8261619331959009
25926,LOF,0.047645200464736595,0.08763782384961032,0.8647169756856531
25927,GOF,0.03298601578178058,0.6716340391125669,0.2953799451056526
25928,LOF,0.02337710039453281,0.12003075824102419,0.8565921413644431
25929,LOF,0.27678899860938505,0.2860752428352546,0.43713575855536035
25930,LOF,0.053757577163270995,0.1756083462474132,0.7706340765893157
25931,LOF,0.02716156700633459,0.12168887530012694,0.8511495576935385
25932,LOF,0.053757577163270995,0.1756083462474132,0.7706340765893157
25933,LOF,0.053757577163270995,0.1756083462474132,0.7706340765893157
25934,LOF,0.053757577163270995,0.1756083462474132,0.7706340765893157
25935,LOF,0.047832450108540384,0.08784881105356132,0.8643187388378983
25936,LOF,0.053757577163270995,0.1756083462474132,0.7706340765893157
25937,LOF,0.030782854499846406,0.1666978990436986,0.802519246456455
25938,LOF,0.06362009488405984,0.10295930573170753,0.8334205993842325
25939,LOF,0.053757577163270995,0.1756083462474132,0.7706340765893157
25940,LOF,0.02060549524125357,0.31469250405710547,0.664702000701641
25941,GOF,0.09576803108655149,0.5949966642044986,0.3092353047089499
25942,LOF,0.030716491096047162,0.11228831460739938,0.8569951942965535
25943,GOF,0.18667544002049355,0.6111212098668786,0.20220335011262783
25944,Neutral,0.36602750403957807,0.3486059254341767,0.28536657052624526
25945,GOF,0.11388738986452601,0.4516862242094981,0.4344263859259759
25946,LOF,0.026732288095601346,0.1425139748889849,0.8307537370154137
25947,GOF,0.05649828586725889,0.5338122239989058,0.40968949013383515
25948,LOF,0.36572762292992145,0.04439428845747317,0.5898780886126054
25949,LOF,0.07808243520287199,0.14674760981622081,0.7751699549809072
25950,GOF,0.22588955598062327,0.44527853395503497,0.3288319100643417
25951,LOF,0.18904930499645345,0.3031926734940264,0.5077580215095202
25952,LOF,0.03447484160356858,0.41710644855815937,0.548418709838272
25953,GOF,0.07470493898065593,0.5628327675024156,0.3624622935169284
25954,GOF,0.293490312517777,0.44310346746335955,0.2634062200188635
25955,LOF,0.028548793687083233,0.3948555685375185,0.5765956377753982
25956,GOF,0.0330232709611163,0.5906581425256606,0.37631858651322303
25957,LOF,0.0864644288422055,0.06160372101295982,0.8519318501448346
25958,LOF,0.053757577163270995,0.1756083462474132,0.7706340765893157
25959,GOF,0.054658947798232806,0.6903239866045954,0.2550170655971719
25960,LOF,0.03031426706995069,0.1676088618392727,0.8020768710907766
25961,LOF,0.053757577163270995,0.1756083462474132,0.7706340765893157
25962,LOF,0.08267045538842842,0.0811442826212697,0.836185261990302
25963,LOF,0.02933237681866591,0.43556496340932593,0.5351026597720081
25964,LOF,0.053757577163270995,0.1756083462474132,0.7706340765893157
25965,Neutral,0.6616673911498946,0.10669943696979092,0.2316331718803144
25966,LOF,0.09463713848910163,0.3437280650745241,0.5616347964363743
25967,LOF,0.032348182874020213,0.18589112584263756,0.7817606912833422
25968,GOF,0.10425867885614708,0.5422936343210756,0.35344768682277733
25969,LOF,0.038309690234310474,0.11470762506576992,0.8469826846999196
25970,LOF,0.027069003274240368,0.1317569732864095,0.8411740234393501
25971,LOF,0.053757577163270995,0.1756083462474132,0.7706340765893157
25972,LOF,0.053757577163270995,0.1756083462474132,0.7706340765893157
25973,LOF,0.08776500313721207,0.1291577793381934,0.7830772175245945
25974,Neutral,0.46635869831942955,0.38229083949913567,0.1513504621814349
25975,LOF,0.053757577163270995,0.1756083462474132,0.7706340765893157
25976,LOF,0.026508020680750442,0.1599402080025627,0.8135517713166869
25977,LOF,0.027506579964400108,0.40558979409223717,0.5669036259433627
25978,LOF,0.2087851604528141,0.22928663217479625,0.5619282073723896
25979,LOF,0.2022876217138249,0.16812875527286567,0.6295836230133095
25980,LOF,0.16037530305740955,0.34930082080026137,0.4903238761423292
25981,LOF,0.16037530305740955,0.34930082080026137,0.4903238761423292
25982,LOF,0.3872251670397151,0.12149403202957629,0.49128080093070864
25983,Neutral,0.542457658711477,0.1410542839060091,0.31648805738251395
25984,LOF,0.053757577163270995,0.1756083462474132,0.7706340765893157
25985,GOF,0.023805549147018604,0.7673655076552703,0.20882894319771117
25986,GOF,0.04463004117544743,0.7284847469235349,0.2268852119010177
25987,LOF,0.06329394465518845,0.11456631236601858,0.822139742978793
25988,LOF,0.053757577163270995,0.1756083462474132,0.7706340765893157
25989,LOF,0.053757577163270995,0.1756083462474132,0.7706340765893157
25990,LOF,0.053757577163270995,0.1756083462474132,0.7706340765893157
25991,GOF,0.1015408061195576,0.7607057626856703,0.13775343119477235
25992,GOF,0.17788167746861086,0.5697307940038883,0.25238752852750085
25993,LOF,0.053757577163270995,0.1756083462474132,0.7706340765893157
25994,LOF,0.053757577163270995,0.1756083462474132,0.7706340765893157
25995,LOF,0.053757577163270995,0.1756083462474132,0.7706340765893157
25996,GOF,0.07176806042209663,0.5668131166184993,0.3614188229594042
25997,GOF,0.05514096208071316,0.7773469814707707,0.1675120564485161
25998,LOF,0.24544080651312028,0.3711824369018002,0.3833767565850795
25999,GOF,0.329132570078079,0.35065544996792225,0.32021197995399875
26000,LOF,0.06157228289803369,0.07961580035453455,0.8588119167474318
26001,LOF,0.1717193105331974,0.31605910466396697,0.5122215848028356
26002,LOF,0.07393918486277053,0.22554321689927528,0.7005175982379542
26003,LOF,0.02563313464767269,0.42608304887940474,0.5482838164729225
26004,GOF,0.06957792265785101,0.5594614975480781,0.37096057979407093
26005,GOF,0.022969229730773647,0.5581023964503341,0.41892837381889225
26006,Neutral,0.6616333488596852,0.2007652036319581,0.13760144750835662
26007,GOF,0.06315568307820348,0.5272757679063296,0.40956854901546697
26008,GOF,0.029803236308730656,0.6001925851104047,0.37000417858086465
26009,GOF,0.046050007325581024,0.7442115510764272,0.20973844159799176
26010,GOF,0.024499189509567722,0.7400863253531649,0.2354144851372674
26011,GOF,0.018193572662531018,0.5545061493852776,0.4273002779521912
26012,GOF,0.025936390231477757,0.7453943486396857,0.22866926112883668
26013,GOF,0.01816433973383049,0.6592054097977614,0.32263025046840804
26014,LOF,0.07354728443949121,0.2230455794909751,0.7034071360695336
26015,LOF,0.1759025210005334,0.056585732031351074,0.7675117469681154
26016,Neutral,0.36103757578487333,0.319699696233573,0.31926272798155364
26017,GOF,0.22645300685124634,0.5627924198776036,0.21075457327114994
26018,LOF,0.053757577163270995,0.1756083462474132,0.7706340765893157
26019,LOF,0.053757577163270995,0.1756083462474132,0.7706340765893157
26020,LOF,0.08865350411500439,0.3942019078338505,0.5171445880511452
26021,GOF,0.07629856179437311,0.558641481928448,0.36505995627717897
26022,LOF,0.022532501113640642,0.17348472482508664,0.8039827740612726
26023,LOF,0.1582755045900213,0.26395254298976306,0.5777719524202156
26024,GOF,0.03151894915771751,0.5114155394241658,0.4570655114181165
26025,LOF,0.18219586865093237,0.33356170708554783,0.4842424242635197
26026,Neutral,0.4466550253067994,0.19513442854418486,0.35821054614901576
26027,LOF,0.053757577163270995,0.1756083462474132,0.7706340765893157
26028,LOF,0.27443833836662423,0.12057948792477864,0.6049821737085972
26029,GOF,0.04639947570782682,0.8208759648877153,0.13272455940445788
26030,LOF,0.020944840824294046,0.13183109105908078,0.8472240681166253
26031,GOF,0.01773687379486396,0.6290561889819566,0.3532069372231796
26032,LOF,0.053757577163270995,0.1756083462474132,0.7706340765893157
26033,LOF,0.1582755045900213,0.26395254298976306,0.5777719524202156
26034,LOF,0.037573596736270934,0.4585888861895709,0.5038375170741581
26035,GOF,0.019150476406741918,0.6620386034733429,0.3188109201199153
26036,LOF,0.017683714443594373,0.3877147215881397,0.5946015639682658
26037,LOF,0.013350601300851778,0.4404472088615052,0.546202189837643
26038,LOF,0.053757577163270995,0.1756083462474132,0.7706340765893157
26039,GOF,0.032196581200379944,0.6052519282747335,0.3625514905248865
26040,GOF,0.20395568371486958,0.561285806528903,0.2347585097562273
26041,LOF,0.015806917872371436,0.3306456583083732,0.6535474238192553
26042,LOF,0.013259439127457298,0.4638802613909593,0.5228602994815834
26043,LOF,0.053757577163270995,0.1756083462474132,0.7706340765893157
26044,LOF,0.02430935725125232,0.15796124925531632,0.8177293934934314
26045,LOF,0.06302907048588784,0.4137148310778589,0.5232560984362533
26046,LOF,0.053757577163270995,0.1756083462474132,0.7706340765893157
26047,LOF,0.053757577163270995,0.1756083462474132,0.7706340765893157
26048,LOF,0.0645474431171001,0.13355114439406437,0.8019014124888355
26049,Neutral,0.9001448252429378,0.05874296164928794,0.04111221310777419
26050,Neutral,0.8553322028076601,0.07048406485065904,0.07418373234168076
26051,GOF,0.044760161478267654,0.6630510743361246,0.2921887641856076
26052,GOF,0.05434129188284794,0.6982111188676725,0.24744758924947938
26053,LOF,0.03138770793620796,0.1547181698492281,0.8138941222145639
26054,LOF,0.062108250446901526,0.1368778338319082,0.8010139157211902
26055,LOF,0.06538502535101126,0.13007218356374708,0.8045427910852417
26056,LOF,0.04749453141690125,0.10698927718300778,0.8455161914000909
26057,LOF,0.053757577163270995,0.1756083462474132,0.7706340765893157
26058,LOF,0.053757577163270995,0.1756083462474132,0.7706340765893157
26059,Neutral,0.5528222695011333,0.23585169715014281,0.2113260333487238
26060,GOF,0.1206533670053356,0.7565452995937373,0.12280133340092718
26061,LOF,0.03710851323788447,0.17745025127212616,0.7854412354899895
26062,LOF,0.02980925097292962,0.11734037254527006,0.8528503764818003
26063,LOF,0.053757577163270995,0.1756083462474132,0.7706340765893157
26064,LOF,0.03625092572256919,0.09384368925671932,0.8699053850207114
26065,LOF,0.053757577163270995,0.1756083462474132,0.7706340765893157
26066,LOF,0.053757577163270995,0.1756083462474132,0.7706340765893157
26067,LOF,0.053757577163270995,0.1756083462474132,0.7706340765893157
26068,LOF,0.05092208296866023,0.14134996095873362,0.8077279560726061
26069,LOF,0.26076431529347205,0.14736861278962712,0.5918670719169008
26070,Neutral,0.6399967725081591,0.0759171183777203,0.2840861091141205
26071,LOF,0.053757577163270995,0.1756083462474132,0.7706340765893157
26072,LOF,0.027850338521224073,0.17440486735282595,0.7977447941259499
26073,LOF,0.053757577163270995,0.1756083462474132,0.7706340765893157
26074,Neutral,0.9183668947654422,0.03210722873555855,0.04952587649899916
26075,LOF,0.04784394435580082,0.18745706309729882,0.7646989925469004
26076,LOF,0.053757577163270995,0.1756083462474132,0.7706340765893157
26077,LOF,0.03591935429196914,0.23185698192636894,0.7322236637816619
26078,LOF,0.023908180101274764,0.21193982777931486,0.7641519921194103
26079,LOF,0.0474625557904728,0.1537495921599627,0.7987878520495645
26080,LOF,0.0474625557904728,0.1537495921599627,0.7987878520495645
26081,LOF,0.053757577163270995,0.1756083462474132,0.7706340765893157
26082,LOF,0.035384361162143135,0.11310016915927723,0.8515154696785795
26083,LOF,0.053757577163270995,0.1756083462474132,0.7706340765893157
26084,LOF,0.053757577163270995,0.1756083462474132,0.7706340765893157
26085,LOF,0.053757577163270995,0.1756083462474132,0.7706340765893157
26086,LOF,0.053757577163270995,0.1756083462474132,0.7706340765893157
26087,LOF,0.053757577163270995,0.1756083462474132,0.7706340765893157
26088,LOF,0.036822804464659104,0.22602814345385697,0.7371490520814838
26089,LOF,0.06630838057755199,0.11657030907285255,0.8171213103495955
26090,LOF,0.048358699496654646,0.09984226518220601,0.8517990353211392
26091,LOF,0.053757577163270995,0.1756083462474132,0.7706340765893157
26092,LOF,0.053757577163270995,0.1756083462474132,0.7706340765893157
26093,LOF,0.053757577163270995,0.1756083462474132,0.7706340765893157
26094,LOF,0.053757577163270995,0.1756083462474132,0.7706340765893157
26095,LOF,0.08913531030851661,0.2083141950232351,0.7025504946682483
26096,LOF,0.03313377465790895,0.12404346941521951,0.8428227559268714
26097,LOF,0.03137262440251346,0.19102473586589674,0.7776026397315898
26098,LOF,0.054352584509188374,0.1192149693577508,0.8264324461330608
26099,LOF,0.053757577163270995,0.1756083462474132,0.7706340765893157
26100,LOF,0.053757577163270995,0.1756083462474132,0.7706340765893157
26101,LOF,0.053757577163270995,0.1756083462474132,0.7706340765893157
26102,LOF,0.053757577163270995,0.1756083462474132,0.7706340765893157
26103,Neutral,0.6506282233638444,0.17339631268331085,0.17597546395284458
26104,LOF,0.05145038144131635,0.061012797844107014,0.8875368207145766
26105,GOF,0.13148913574874818,0.46848964349982236,0.4000212207514296
26106,LOF,0.12764198587453035,0.20258372570090866,0.669774288424561
26107,LOF,0.15080400035996044,0.29561666725722757,0.553579332382812
26108,LOF,0.08783350250882167,0.3158637812592476,0.5963027162319308
26109,LOF,0.06625963972032971,0.07957633499210942,0.8541640252875609
26110,LOF,0.26165857127266123,0.05865100929103428,0.6796904194363045
26111,LOF,0.2780784555035261,0.32020031283288697,0.40172123166358686
26112,LOF,0.053757577163270995,0.1756083462474132,0.7706340765893157
26113,LOF,0.053757577163270995,0.1756083462474132,0.7706340765893157
26114,LOF,0.037179965356966035,0.17272555308619425,0.7900944815568397
26115,LOF,0.08159907464232302,0.25143332722484996,0.6669675981328271
26116,LOF,0.053757577163270995,0.1756083462474132,0.7706340765893157
26117,LOF,0.09463713848910163,0.3437280650745241,0.5616347964363743
26118,LOF,0.053757577163270995,0.1756083462474132,0.7706340765893157
26119,LOF,0.04477832654587455,0.18126245341628464,0.7739592200378408
26120,LOF,0.053757577163270995,0.1756083462474132,0.7706340765893157
26121,LOF,0.0995748705789543,0.2384665315410053,0.6619585978800404
26122,LOF,0.1013508129528886,0.17057993478364003,0.7280692522634713
26123,LOF,0.06971278468271712,0.23337936532418913,0.6969078499930937
26124,LOF,0.04643171459713785,0.18339931922394562,0.7701689661789165
