feature0,prediction,LoGoFunc_Neutral,LoGoFunc_GOF,LoGoFunc_LOF
25546,Neutral,0.5499914472308238,0.16353921742789754,0.28646933534127855
25547,Neutral,0.4411198431386785,0.21604228457487787,0.3428378722864435
25548,LOF,0.34437543852566255,0.18706558761609446,0.4685589738582431
25549,LOF,0.3237544114160882,0.19303388286938,0.4832117057145318
25550,LOF,0.2955062275609534,0.26998203218683997,0.4345117402522067
25551,LOF,0.2138329760563668,0.2689330969201167,0.5172339270235164
25552,LOF,0.1901877698106145,0.2421762228350951,0.5676360073542903
25553,Neutral,0.7220413468219968,0.12542110649434166,0.15253754668366143
25554,LOF,0.24451406131241318,0.20051285870502722,0.5549730799825596
25555,LOF,0.16768528364612065,0.20819042656759396,0.6241242897862853
25556,LOF,0.3192783996947793,0.20136309850113693,0.4793585018040838
25557,LOF,0.19049077506799325,0.20701921132365705,0.6024900136083496
25558,LOF,0.2435503926619865,0.27699034349854973,0.4794592638394637
25559,LOF,0.29914219683489107,0.0664960213115343,0.6343617818535746
25560,LOF,0.03757282636668479,0.24013428843217796,0.7222928852011373
25561,LOF,0.026820274528576177,0.3548116179786848,0.618368107492739
25562,LOF,0.034655057126668026,0.11766670029186846,0.8476782425814635
25563,LOF,0.010717206165572276,0.20258482458209914,0.7866979692523286
25564,LOF,0.06636736007715194,0.05982309889973493,0.873809541023113
25565,LOF,0.15098695048557265,0.13272887710957687,0.7162841724048505
25566,GOF,0.045583878446071355,0.6407702986366867,0.31364582291724197
25567,LOF,0.04711001203992233,0.031057200813070295,0.9218327871470073
25568,LOF,0.05583671907748964,0.038297456592886546,0.9058658243296238
25569,LOF,0.0628768876906514,0.026763554359803644,0.910359557949545
25570,LOF,0.06166630193758312,0.03339025909076942,0.9049434389716474
25571,LOF,0.058673347936496284,0.030539294824497788,0.910787357239006
25572,LOF,0.07528265680221347,0.014261738595880202,0.9104556046019063
25573,LOF,0.07528297359360996,0.06165902232928325,0.8630580040771068
25574,LOF,0.12534757683919526,0.08565609642695543,0.7889963267338493
25575,LOF,0.06453775605890277,0.034944170983473195,0.9005180729576241
25576,LOF,0.032709461841350415,0.03385048002161891,0.9334400581370307
25577,LOF,0.04674138840124888,0.016307018939884114,0.936951592658867
25578,LOF,0.26737619945091734,0.07407785001979188,0.6585459505292909
25579,LOF,0.25856714163208805,0.07073668753430067,0.6706961708336113
25580,LOF,0.0628414618869829,0.028337597144063083,0.908820940968954
25581,LOF,0.03364904547191519,0.06792635465873416,0.8984245998693506
25582,LOF,0.03364904547191519,0.06792635465873416,0.8984245998693506
25583,LOF,0.05931930473144726,0.034303976566097544,0.9063767187024552
25584,Neutral,0.7434604844695982,0.0158375266959887,0.24070198883441302
25585,LOF,0.035819387917846814,0.020000439071289983,0.9441801730108633
25586,LOF,0.06289989095222016,0.026827670845245694,0.9102724382025341
25587,LOF,0.06014720453521852,0.030307872100679385,0.9095449233641021
25588,LOF,0.058932361567027684,0.024020501807647754,0.9170471366253246
25589,Neutral,0.7156144656040984,0.03572657822301839,0.24865895617288322
25590,LOF,0.07846386625330053,0.027095008922796204,0.8944411248239033
25591,LOF,0.11195030958830851,0.018888600147644936,0.8691610902640466
25592,LOF,0.20975705673979095,0.0828944298989709,0.7073485133612382
25593,LOF,0.16694998355768612,0.1864646255141908,0.6465853909281232
25594,LOF,0.029139159086307622,0.09294735552307963,0.8779134853906128
25595,LOF,0.0391610166026666,0.06448797553006023,0.8963510078672733
25596,LOF,0.13003364199175593,0.025104746573572544,0.8448616114346714
25597,LOF,0.11427314370927649,0.01560090989137688,0.8701259463993467
25598,LOF,0.041274677577845933,0.08787512201461406,0.8708502004075399
25599,GOF,0.02611272224333291,0.653396858653996,0.320490419102671
25600,GOF,0.15314001310073985,0.5151958569330239,0.33166412996623623
25601,LOF,0.05431784031711207,0.2832107351802603,0.6624714245026276
25602,LOF,0.08249349736643694,0.023517600358834146,0.893988902274729
25603,LOF,0.07627917173850374,0.03167068171884676,0.8920501465426495
25604,LOF,0.10964821840215432,0.08248152097704446,0.8078702606208013
25605,LOF,0.18078607689252593,0.07253594494667463,0.7466779781607995
25606,Neutral,0.6257907108367855,0.08694945483177664,0.2872598343314379
25607,LOF,0.0600661094182624,0.10180397531859926,0.8381299152631384
25608,LOF,0.044691961753685325,0.17842045238667373,0.776887585859641
25609,GOF,0.10133489922875842,0.6219861537177089,0.27667894705353263
25610,LOF,0.028065970659288432,0.07524574265598011,0.8966882866847314
25611,LOF,0.02925330841889938,0.07361582350647027,0.8971308680746303
25612,LOF,0.05536515689743257,0.07871985575933836,0.865914987343229
25613,LOF,0.04904417885111787,0.08978440139478529,0.8611714197540968
25614,LOF,0.038163712456268074,0.12254886059882666,0.8392874269449052
25615,LOF,0.05642520756154713,0.14054997456782867,0.8030248178706242
25616,LOF,0.0268737399410635,0.10884054755795247,0.864285712500984
25617,LOF,0.026113934907473456,0.12427335908943936,0.8496127060030872
25618,LOF,0.15987974781451977,0.39233644416954894,0.4477838080159312
25619,LOF,0.03394042000334334,0.23315731398903042,0.7329022660076263
25620,LOF,0.026747978708245676,0.11473433935584212,0.858517681935912
25621,LOF,0.0706826652763482,0.12135208667694593,0.8079652480467059
25622,LOF,0.06519835212329787,0.11737061759202685,0.8174310302846753
25623,LOF,0.07648193407719485,0.07371365862315239,0.8498044072996528
25624,LOF,0.03350409673576194,0.17461782957102606,0.7918780736932121
25625,LOF,0.04822053817993805,0.0868426360499135,0.8649368257701485
25626,LOF,0.03128866835295748,0.07012744092327232,0.8985838907237701
25627,Neutral,0.8469085181792695,0.045763121017843224,0.1073283608028872
25628,LOF,0.1111562546829009,0.1222728532730798,0.7665708920440193
25629,LOF,0.03059798286287239,0.10997203151429523,0.8594299856228325
25630,LOF,0.27662610105786206,0.08102293231994355,0.6423509666221944
25631,LOF,0.2956430704903161,0.08347059979557658,0.6208863297141074
25632,LOF,0.02700071383339965,0.06704897123014264,0.9059503149364577
25633,LOF,0.14718393160962356,0.09318358864721284,0.7596324797431635
25634,LOF,0.04936959279213885,0.05543167367860452,0.8951987335292566
25635,LOF,0.03925713666641768,0.0590462657516425,0.9016965975819399
25636,GOF,0.02676865999416056,0.5711564847469817,0.40207485525885783
25637,GOF,0.026032826210889398,0.5622552379140532,0.41171193587505744
25638,GOF,0.008697774072457067,0.6211016818136539,0.37020054411388903
25639,LOF,0.02100661095239244,0.39041908191245467,0.5885743071351529
25640,Neutral,0.8072778440985575,0.15939494708453622,0.033327208816906206
25641,LOF,0.06161677676225024,0.45625742781944534,0.4821257954183044
25642,LOF,0.05579469331332086,0.29788583024127807,0.6463194764454011
25643,LOF,0.3241306935170055,0.33125264405669164,0.3446166624263029
25644,LOF,0.013887522804457264,0.24908364701788652,0.7370288301776562
25645,LOF,0.011896523112473061,0.2902082290998722,0.6978952477876547
25646,LOF,0.020871084014745862,0.20116192186899276,0.7779669941162614
25647,LOF,0.015486446993821495,0.11758302438620731,0.8669305286199712
25648,LOF,0.021437026885681578,0.1527276786454418,0.8258352944688766
25649,LOF,0.013012740472901357,0.08070936154731109,0.9062778979797876
25650,LOF,0.054928388026490575,0.21745118725012696,0.7276204247233824
25651,LOF,0.013876035693858422,0.12332672789405698,0.8627972364120845
25652,LOF,0.010341191639746552,0.27249507821203534,0.7171637301482181
25653,LOF,0.03158835362193952,0.29304029209031196,0.6753713542877485
25654,LOF,0.00955842672830481,0.27559210037317156,0.7148494728985236
25655,LOF,0.09395053861498238,0.3296636857026476,0.57638577568237
25656,LOF,0.12306519641832322,0.2967059466651524,0.5802288569165244
25657,LOF,0.032497676109993115,0.4005021652501014,0.5670001586399055
25658,GOF,0.09976727546950527,0.4675821217971828,0.43265060273331196
25659,GOF,0.17845897479189504,0.5459509420225912,0.2755900831855138
25660,LOF,0.042421725116556945,0.22358675376659637,0.7339915211168467
25661,LOF,0.031852346863747834,0.24468269880219476,0.7234649543340573
25662,LOF,0.027194286281136126,0.08736063024576668,0.8854450834730971
25663,LOF,0.02995903677416056,0.06450416106252192,0.9055368021633177
25664,LOF,0.0683455070596213,0.11800118268890218,0.8136533102514766
25665,LOF,0.030227920319436996,0.0540379830044537,0.9157340966761093
25666,LOF,0.06050131808210749,0.08628748640093961,0.8532111955169528
25667,LOF,0.027731735740029847,0.1286039603613899,0.8436643038985803
25668,LOF,0.030921642774405275,0.14152432841525647,0.8275540288103382
25669,LOF,0.025968744668232027,0.15064021270953976,0.8233910426222282
25670,LOF,0.08847750711608648,0.08713285965303243,0.824389633230881
25671,LOF,0.033110004011191366,0.057995890108184296,0.9088941058806244
25672,LOF,0.02231411530407467,0.09823585788309692,0.8794500268128284
25673,LOF,0.06325773735291688,0.06961197523250613,0.867130287414577
25674,LOF,0.05149791001216893,0.0993485206197272,0.8491535693681038
25675,LOF,0.04887312173513393,0.07845668502630862,0.8726701932385575
25676,LOF,0.02748608183863544,0.09159504989523945,0.880918868266125
25677,LOF,0.036057889071013025,0.15780886495871016,0.8061332459702769
25678,LOF,0.0804036285143566,0.09492100859064223,0.8246753628950012
25679,LOF,0.09638506811437651,0.09384691952368666,0.8097680123619369
25680,LOF,0.046039360302789066,0.19076137411617836,0.7631992655810326
25681,LOF,0.045803251808868066,0.20412624979208668,0.7500704983990453
25682,LOF,0.030369670687400065,0.11318732856698917,0.8564430007456109
25683,LOF,0.08560402628368516,0.05662419978404059,0.8577717739322742
25684,LOF,0.02851313675535393,0.12351294856263267,0.8479739146820134
25685,LOF,0.0384087406854773,0.3925785088011641,0.5690127505133585
25686,LOF,0.034744113134641104,0.41577737785223084,0.549478509013128
25687,GOF,0.05421990000394644,0.5256552394549883,0.42012486054106524
25688,LOF,0.3303298251097259,0.06561027207027344,0.6040599028200005
25689,LOF,0.14400172159577307,0.052231461476505404,0.8037668169277215
25690,LOF,0.22151693658111726,0.058585112262438094,0.7198979511564446
25691,Neutral,0.6720066290727192,0.07344030401585419,0.2545530669114266
25692,LOF,0.18742560165990607,0.011609435804638297,0.8009649625354557
25693,GOF,0.06373265198242123,0.6131853401158396,0.3230820079017392
25694,LOF,0.11236729374658191,0.02360054038964743,0.8640321658637707
25695,LOF,0.08969039551684843,0.0162833620251836,0.8940262424579679
25696,LOF,0.11549320415871753,0.025970997288428124,0.8585357985528543
25697,LOF,0.06805331945459839,0.1365233841361033,0.7954232964092982
25698,LOF,0.24578759615980467,0.2588566972376826,0.4953557066025128
25699,GOF,0.25668166420552874,0.4177330699898876,0.32558526580458363
25700,LOF,0.04243047536216597,0.065988211263021,0.891581313374813
25701,LOF,0.18853577906217672,0.22632826217629995,0.5851359587615234
25702,GOF,0.2155396928132136,0.6864037447471021,0.09805656243968412
25703,LOF,0.023558806747475763,0.3167364311333696,0.6597047621191546
25704,LOF,0.034416278482515675,0.40158565227147963,0.5639980692460048
25705,LOF,0.032253424222735465,0.41260009285894067,0.5551464829183238
25706,GOF,0.11294092957211858,0.5915636054919056,0.29549546493597584
25707,GOF,0.09315999913473447,0.5532722540921623,0.3535677467731033
25708,GOF,0.03806786651466206,0.6266581584432341,0.33527397504210393
25709,LOF,0.024628379905082435,0.38257471039735474,0.5927969096975627
25710,LOF,0.016175966699776282,0.18899001972057813,0.7948340135796456
25711,LOF,0.02543094419245527,0.4066827129750691,0.5678863428324756
25712,LOF,0.015024082699474285,0.2877758951333586,0.697200022167167
25713,LOF,0.02615286425714657,0.40474876447068503,0.5690983712721684
25714,LOF,0.032486997925618016,0.40366640964349976,0.5638465924308822
25715,LOF,0.026673528840946762,0.42525943104161773,0.5480670401174355
25716,LOF,0.013585886774824791,0.18789724717504894,0.7985168660501264
25717,LOF,0.0161398011316746,0.1371151950075238,0.8467450038608016
25718,LOF,0.020737138089819807,0.25848846563784106,0.7207743962723391
25719,LOF,0.024607672847468773,0.41836609809487313,0.5570262290576581
25720,LOF,0.02734725911011796,0.3261587803810471,0.646493960508835
25721,LOF,0.024849422246663623,0.3848636926178222,0.5902868851355141
25722,LOF,0.025034558064635247,0.3810402729734681,0.5939251689618967
25723,LOF,0.024964629150362506,0.4183622987128969,0.5566730721367406
25724,GOF,0.06333465931302447,0.4831950934407897,0.4534702472461858
25725,LOF,0.02461565695965225,0.3922376467552133,0.5831466962851345
25726,LOF,0.02463658615303597,0.4258321059936029,0.5495313078533611
25727,LOF,0.024487844444138592,0.42775820278219,0.5477539527736714
25728,LOF,0.024218988380349648,0.42900346967442765,0.5467775419452227
25729,LOF,0.024568566413014335,0.4254451565615105,0.5499862770254751
25730,LOF,0.02454493123691027,0.4239637896191431,0.5514912791439467
25731,LOF,0.012552036166013893,0.20508109893653204,0.7823668648974541
25732,LOF,0.022046252381740874,0.21514498097368165,0.7628087666445775
25733,LOF,0.02033476470175809,0.24552581256817568,0.7341394227300662
25734,LOF,0.018900089293448552,0.21494366514677113,0.7661562455597803
25735,LOF,0.021093144346688627,0.26445206029209134,0.71445479536122
25736,LOF,0.020003291328683843,0.26490689254888633,0.7150898161224298
25737,LOF,0.024658403355123683,0.3966994910707451,0.5786421055741312
25738,LOF,0.024575482123248248,0.41493264523810913,0.5604918726386425
25739,LOF,0.024946938042430658,0.4054918704981528,0.5695611914594165
25740,LOF,0.03294837223208245,0.3596711922541446,0.607380435513773
25741,LOF,0.032065214247830404,0.37832965923804374,0.5896051265141258
25742,LOF,0.034261660486647395,0.34378007361058777,0.6219582659027648
25743,LOF,0.02974056645822133,0.04777257210539089,0.9224868614363878
25744,Neutral,0.5760858941819139,0.17246358346363921,0.25145052235444687
25745,LOF,0.0448238845822152,0.11079207588863611,0.8443840395291488
25746,LOF,0.023172336016851668,0.1558707502858296,0.8209569136973187
25747,LOF,0.026026436720242647,0.09497430306124059,0.8789992602185168
25748,LOF,0.15956253813634327,0.11375543469552259,0.7266820271681342
25749,LOF,0.021900241005115808,0.15181351317044542,0.8262862458244389
25750,LOF,0.024922292651223334,0.12381147879604329,0.8512662285527334
25751,LOF,0.033650132597959785,0.3514510222895823,0.614898845112458
25752,GOF,0.04888369927760787,0.7560270686371182,0.19508923208527387
25753,LOF,0.013439099639580414,0.41850374710484933,0.5680571532555703
25754,GOF,0.018769246206340177,0.7689626968933487,0.2122680569003112
25755,LOF,0.021716772281790357,0.32625725890538315,0.6520259688128265
25756,GOF,0.029404633281840224,0.5207490221292771,0.4498463445888826
25757,GOF,0.01552202490181577,0.834040896519974,0.15043707857821015
25758,GOF,0.01986745237707575,0.8489953589845439,0.1311371886383803
25759,GOF,0.016380835198439494,0.7235324708858085,0.2600866939157519
25760,LOF,0.017898144296260923,0.39152814729534696,0.5905737084083921
25761,GOF,0.19823851975251255,0.7220005450632037,0.0797609351842838
25762,LOF,0.0351156271916683,0.43410182274519454,0.5307825500631372
25763,LOF,0.02049333614802599,0.28750632671397963,0.6920003371379944
25764,GOF,0.061990845518847135,0.8103431350801884,0.12766601940096448
25765,GOF,0.017564503096268426,0.8201201506296785,0.1623153462740531
25766,GOF,0.05601171938003993,0.8459981554237486,0.09799012519621147
25767,GOF,0.0629334434722773,0.8592783315321756,0.07778822499554706
25768,LOF,0.0427433532869666,0.20447600691263768,0.7527806398003957
25769,LOF,0.023305154320782024,0.27130324350239937,0.7053916021768185
25770,LOF,0.2849229227669998,0.09778933357879387,0.6172877436542064
25771,LOF,0.05074930085855074,0.048988279326734184,0.900262419814715
25772,LOF,0.027631140206050068,0.15982885649700485,0.8125400032969452
25773,LOF,0.04883114126704519,0.05160767435033544,0.8995611843826194
25774,LOF,0.018905389089766324,0.1649283487606361,0.8161662621495975
25775,LOF,0.06311618860248974,0.044709427708119046,0.8921743836893913
25776,LOF,0.03371405846860667,0.09923949854862742,0.8670464429827659
25777,LOF,0.3512646686416987,0.06705904564421428,0.5816762857140869
25778,LOF,0.026087933105390867,0.2118683042281974,0.7620437626664117
25779,GOF,0.4143903421436092,0.5211894425161323,0.06442021534025857
25780,Neutral,0.45954016994402946,0.45306841050894714,0.0873914195470233
25781,GOF,0.19120104143138164,0.6914203432801637,0.11737861528845467
25782,GOF,0.25153973627141113,0.6526538456383469,0.09580641809024197
25783,GOF,0.028227885424655392,0.783759716017309,0.18801239855803556
25784,Neutral,0.629712007312878,0.33109419550115354,0.039193797185968264
25785,Neutral,0.6923627952869208,0.19636107957635335,0.11127612513672593
25786,GOF,0.023232740685957844,0.7903079943435776,0.18645926497046456
25787,Neutral,0.8411657642822497,0.11031666034508955,0.04851757537266091
25788,LOF,0.028612532704080956,0.052298715020098294,0.9190887522758208
25789,GOF,0.18076731642853305,0.6034807726677657,0.21575191090370133
25790,GOF,0.14097653369044943,0.6708996459907854,0.1881238203187651
25791,GOF,0.14231219479741694,0.5227721155561668,0.3349156896464162
25792,Neutral,0.4198123755980685,0.3421592299039253,0.23802839449800622
25793,GOF,0.17032496859269436,0.4493929968210833,0.3802820345862224
25794,GOF,0.19939318349707857,0.5546820227309716,0.24592479377194998
25795,GOF,0.057384873082362384,0.68776406189305,0.25485106502458765
25796,Neutral,0.5448725005984028,0.3011210156444512,0.15400648375714607
25797,GOF,0.10026508771819596,0.5542433463799898,0.3454915659018141
25798,GOF,0.013020912978961808,0.5778198018620303,0.40915928515900796
25799,GOF,0.012534449894724934,0.5410420684243396,0.4464234816809355
25800,GOF,0.05275850642949784,0.7213505809645316,0.22589091260597047
25801,GOF,0.18944063512249373,0.6826062963204407,0.12795306855706556
25802,GOF,0.06965145123126,0.6960731651548026,0.2342753836139373
25803,GOF,0.05311264391742566,0.652937683004075,0.2939496730784994
25804,GOF,0.0413311018261201,0.6257345058597213,0.3329343923141585
25805,GOF,0.12199328363144678,0.6496690317610967,0.2283376846074564
25806,GOF,0.11274881952683569,0.6479826904591595,0.2392684900140049
25807,GOF,0.018075943661591015,0.6212563198447912,0.3606677364936176
25808,GOF,0.09735890258532671,0.5576313658575214,0.345009731557152
25809,GOF,0.019400967574695182,0.5020486449599432,0.47855038746536166
25810,GOF,0.022538648041193623,0.5379827759237207,0.4394785760350856
25811,Neutral,0.6061157396538818,0.3182824656792378,0.07560179466688041
25812,GOF,0.052820814981334445,0.534152191507074,0.41302699351159156
25813,Neutral,0.7206725319898345,0.11623073673762953,0.163096731272536
25814,GOF,0.26759562290598066,0.46554248732994663,0.26686188976407277
25815,GOF,0.4123704859222773,0.4285470656658627,0.15908244841186006
25816,GOF,0.02413315394837744,0.6130889610283206,0.362777885023302
25817,GOF,0.21310754927320993,0.6463668628554644,0.1405255878713257
25818,GOF,0.04695041573421581,0.545242606652542,0.40780697761324225
25819,GOF,0.3275295187319591,0.48450681134557094,0.18796366992246988
25820,GOF,0.19336970950845525,0.5721636842374074,0.23446660625413748
25821,GOF,0.05720517070425912,0.659515732251704,0.28327909704403686
25822,GOF,0.20258788054960564,0.5227062151234829,0.27470590432691144
25823,GOF,0.04499792076509073,0.6315552084323901,0.32344687080251916
25824,GOF,0.0931430122359346,0.48803922052323406,0.4188177672408314
25825,GOF,0.04115479798906359,0.4869076320570399,0.4719375699538965
25826,GOF,0.012596018498391613,0.5709686641394381,0.4164353173621703
25827,GOF,0.019855172826229898,0.6495683340063022,0.33057649316746784
25828,GOF,0.013604778555979885,0.5963438821918221,0.3900513392521981
25829,GOF,0.008573480968759433,0.5469765747960511,0.44444994423518946
25830,LOF,0.07438650119262681,0.09336028523785944,0.8322532135695138
25831,GOF,0.13268226786711626,0.7353028754737514,0.13201485665913235
25832,GOF,0.03551701715371422,0.7316194506063148,0.2328635322399711
25833,GOF,0.13928630753543897,0.6990605602189665,0.16165313224559455
25834,GOF,0.05452779674629157,0.7218297051362479,0.22364249811746065
25835,GOF,0.11562010204213152,0.6827823552498175,0.20159754270805097
25836,GOF,0.05351465463888611,0.6855692076673358,0.26091613769377814
25837,GOF,0.030839811113318835,0.5670835929750545,0.4020765959116266
25838,GOF,0.11206110576780144,0.6936063455348758,0.19433254869732294
25839,GOF,0.3822841668764248,0.41631224179203524,0.20140359133153998
25840,GOF,0.23000812489059935,0.565560239738765,0.20443163537063563
25841,GOF,0.26171912159460436,0.5285689950562115,0.20971188334918411
25842,GOF,0.34641808327163676,0.39959593661663606,0.25398598011172724
25843,GOF,0.26821742772725254,0.5846612800693091,0.1471212922034384
25844,GOF,0.13720019064895633,0.4471784202294723,0.4156213891215714
25845,GOF,0.02386116711708745,0.5790640075724987,0.3970748253104139
25846,GOF,0.10774010040140297,0.6581713062410544,0.2340885933575428
25847,GOF,0.20739171070102572,0.618973927211803,0.17363436208717128
25848,GOF,0.04880419292393472,0.6005604015668473,0.35063540550921807
25849,GOF,0.013058513771652208,0.5827138502792475,0.4042276359491004
25850,GOF,0.027877336344724064,0.6835007551969976,0.2886219084582783
25851,GOF,0.021679301744265557,0.6227354377809081,0.3555852604748263
25852,GOF,0.12058512180372742,0.5325483971840329,0.34686648101223955
25853,GOF,0.333993996096907,0.498151653136822,0.16785435076627103
25854,GOF,0.013700659086802423,0.6422925681358707,0.3440067727773269
25855,LOF,0.04516813288433361,0.44789504444203465,0.5069368226736317
25856,GOF,0.25205490452376234,0.4834443024199221,0.26450079305631546
25857,GOF,0.03553967386139417,0.5132848186783363,0.45117550746026946
25858,GOF,0.023016251486158996,0.6741646167300217,0.3028191317838195
25859,GOF,0.012643008241645349,0.6889613208384289,0.2983956709199258
25860,Neutral,0.4004787880260779,0.3956798836057798,0.2038413283681423
25861,GOF,0.24792260982569853,0.6681039699925722,0.08397342018172933
25862,GOF,0.08933345037248881,0.7519102371506663,0.15875631247684485
25863,GOF,0.09466751614390553,0.7389886256498199,0.16634385820627445
25864,GOF,0.21725937218542482,0.6895825808366614,0.09315804697791377
25865,GOF,0.09197115303837887,0.7980096402512238,0.11001920671039729
25866,GOF,0.08819995227853696,0.779333364450336,0.13246668327112712
25867,GOF,0.10879181621823156,0.7915031091797617,0.0997050746020066
25868,GOF,0.20442146242204165,0.6168587850455318,0.1787197525324265
25869,Neutral,0.7423182633936273,0.20107932320147376,0.056602413404899
25870,LOF,0.12552585089728846,0.06759298806754786,0.8068811610351637
25871,GOF,0.09396082069273402,0.5885089467937271,0.3175302325135388
25872,GOF,0.1063928759335205,0.534568880830774,0.35903824323570543
25873,GOF,0.13857085414075127,0.6268283091712267,0.234600836688022
25874,LOF,0.030819838325220547,0.05123792267723986,0.9179422389975396
25875,LOF,0.058156571908747096,0.2610802859675295,0.6807631421237234
25876,LOF,0.022693842168198506,0.12101632635219063,0.8562898314796108
25877,LOF,0.3546246118538396,0.27203918853553705,0.37333619961062325
25878,LOF,0.1473382198834987,0.42315964315782084,0.42950213695868034
25879,LOF,0.08849102076451493,0.4122105722244979,0.49929840701098727
25880,LOF,0.027592209695354582,0.09720225682324009,0.8752055334814054
25881,LOF,0.3638416822164807,0.14034378679234413,0.49581453099117523
25882,LOF,0.09397393899169834,0.017746044407538256,0.8882800166007634
25883,LOF,0.07479137336047607,0.04613839931509779,0.8790702273244261
25884,LOF,0.07356007496809722,0.047615140397620805,0.878824784634282
25885,LOF,0.09496010348647867,0.02420631328980092,0.8808335832237205
25886,LOF,0.22660526177556767,0.13851305188862773,0.6348816863358046
25887,LOF,0.3870919104648397,0.09694168754005053,0.5159664019951098
25888,LOF,0.1708956410600928,0.06713178454121994,0.7619725743986872
25889,LOF,0.08005546822555194,0.047472263809346285,0.8724722679651018
25890,LOF,0.055608247094022706,0.09398707667383308,0.8504046762321442
25891,LOF,0.055677369678629844,0.028762709352682058,0.915559920968688
25892,LOF,0.09291856943485642,0.05919335092011949,0.8478880796450241
25893,LOF,0.33261893745159515,0.039361678204955584,0.6280193843434494
25894,LOF,0.14857414225945692,0.013176368559807358,0.8382494891807357
25895,LOF,0.17247830502962494,0.014644889401459122,0.812876805568916
25896,LOF,0.05103271205196744,0.016748820768891517,0.932218467179141
25897,LOF,0.19982581346167574,0.04397133567252803,0.7562028508657962
25898,Neutral,0.653593701139585,0.025470851234375463,0.3209354476260395
25899,LOF,0.22540891501436666,0.1480918599145269,0.6264992250711066
25900,Neutral,0.7791106226725203,0.03519327736990201,0.18569609995757771
25901,LOF,0.0777173573881451,0.030550318733551355,0.8917323238783036
25902,LOF,0.11679801807543497,0.026652204609648757,0.8565497773149162
25903,Neutral,0.5590873994410394,0.07322065956455438,0.3676919409944062
25904,LOF,0.2815496071481472,0.07492517049768929,0.6435252223541635
25905,LOF,0.01466600309380173,0.40381332920549395,0.5815206677007043
25906,LOF,0.02465444085255407,0.056427229819022054,0.9189183293284238
25907,LOF,0.011809932565436276,0.30460644866827713,0.6835836187662866
25908,LOF,0.01744970729649238,0.17338403977093142,0.8091662529325762
25909,LOF,0.026938359266538106,0.14767371791224285,0.8253879228212191
25910,GOF,0.011652630556850953,0.4983019960740324,0.4900453733691168
25911,LOF,0.07517049804520785,0.03486428914381989,0.8899652128109723
25912,LOF,0.03652879953033339,0.07979965666791,0.8836715438017566
25913,LOF,0.19945606883872688,0.03276132824487297,0.7677826029164001
25914,LOF,0.05290674418497064,0.1825346436146111,0.7645586122004181
25915,Neutral,0.4987101858122398,0.34645285398546866,0.15483696020229157
25916,GOF,0.041740366710083104,0.6832641889127333,0.2749954443771835
25917,LOF,0.03073834849200328,0.12420483733351027,0.8450568141744863
25918,LOF,0.05009617179359276,0.08669121051871927,0.863212617687688
25919,LOF,0.05202385682340905,0.054076196383512944,0.8938999467930779
25920,GOF,0.19717788010931506,0.521499184740341,0.28132293515034396
25921,LOF,0.05460173269549369,0.0718972915272633,0.8735009757772431
25922,LOF,0.048364292915656165,0.05593355555648969,0.8957021515278542
25923,LOF,0.22752076783819566,0.14036541795190655,0.6321138142098979
25924,LOF,0.07151569656723648,0.027654167503230586,0.900830135929533
25925,LOF,0.05202876082021246,0.05737409324658837,0.8905971459331992
25926,LOF,0.035564321042280495,0.0414880765795438,0.9229476023781756
25927,LOF,0.09588499257075146,0.11675677999782093,0.7873582274314277
25928,LOF,0.0408689373246117,0.03632245285128327,0.922808609824105
25929,LOF,0.3464336347404841,0.13017901771618587,0.52338734754333
25930,LOF,0.07446276059117202,0.044347893449387485,0.8811893459594404
25931,LOF,0.04607141296058594,0.022555676222570896,0.931372910816843
25932,LOF,0.07877531608921223,0.032389959729921154,0.8888347241808665
25933,LOF,0.08253416182113152,0.028253569517010517,0.8892122686618579
25934,LOF,0.07542902859894865,0.042349959463102,0.8822210119379493
25935,LOF,0.039499146806360755,0.053643084520065165,0.9068577686735741
25936,LOF,0.08329159860223766,0.027644519101716804,0.8890638822960456
25937,LOF,0.054691102536494604,0.04728337548373132,0.898025521979774
25938,LOF,0.05294454428103247,0.11048049713192709,0.8365749585870405
25939,LOF,0.06399352726406486,0.04760701629120184,0.8883994564447333
25940,GOF,0.02389380724173584,0.5786330009209257,0.3974731918373385
25941,LOF,0.1811453148428988,0.05206738727814513,0.766787297878956
25942,LOF,0.0325843623229761,0.010344668483647474,0.9570709691933765
25943,LOF,0.47305150835036525,0.04029920695651461,0.48664928469312013
25944,Neutral,0.5448278344936253,0.025994656329643217,0.4291775091767315
25945,LOF,0.1813307525810113,0.14159901341311937,0.6770702340058693
25946,LOF,0.01903030620683125,0.22652542521354968,0.7544442685796191
25947,LOF,0.07718407985222872,0.13915851791605816,0.7836574022317131
25948,LOF,0.39546523308519826,0.006922167065426008,0.5976125998493758
25949,LOF,0.14787395451818985,0.012429253276612725,0.8396967922051974
25950,GOF,0.22410640873866328,0.5015575335946878,0.27433605766664904
25951,LOF,0.21094641171646789,0.2498380245053737,0.5392155637781585
25952,GOF,0.04443195592525841,0.5368388329012997,0.4187292111734419
25953,LOF,0.14770035490764324,0.34498625406691386,0.5073133910254428
25954,Neutral,0.5086605801322476,0.349143032507472,0.14219638736028037
25955,LOF,0.054197260163543176,0.1697022541723481,0.7761004856641087
25956,LOF,0.12858782449084802,0.1445640882556952,0.7268480872534568
25957,LOF,0.034753829710342604,0.0394715630199614,0.9257746072696961
25958,LOF,0.08069293560554103,0.03693517690414184,0.8823718874903171
25959,LOF,0.13151681097774642,0.4121673931466527,0.4563157958756009
25960,LOF,0.029161126162863295,0.07884080165015171,0.891998072186985
25961,LOF,0.0721566723922376,0.08507219150914036,0.8427711360986221
25962,LOF,0.048025313762672814,0.07677527914192624,0.8751994070954009
25963,LOF,0.03732358097559978,0.17531905281832708,0.7873573662060732
25964,LOF,0.06989538383610881,0.13488134685524242,0.7952232693086488
25965,LOF,0.4483525428219374,0.09229083443989998,0.45935662273816263
25966,LOF,0.19804816597198674,0.3554836361180002,0.44646819791001313
25967,LOF,0.02565632102255967,0.14674732457213618,0.8275963544053041
25968,LOF,0.07002800017456332,0.3800466398628868,0.54992535996255
25969,LOF,0.018711346359966526,0.07647499383461871,0.9048136598054147
25970,LOF,0.04306903543439494,0.03163192335775925,0.9252990412078457
25971,LOF,0.08607101040886221,0.04938375341347744,0.8645452361776603
25972,LOF,0.11512902474826836,0.05365145514074262,0.831219520110989
25973,LOF,0.13346388158973083,0.012609529674532945,0.8539265887357361
25974,LOF,0.358277029178394,0.04246307950086614,0.5992598913207399
25975,LOF,0.07042724948202077,0.03848112193056408,0.8910916285874151
25976,LOF,0.032837670792911326,0.07076977344710987,0.8963925557599788
25977,LOF,0.03315747394053025,0.2898197431193096,0.6770227829401602
25978,LOF,0.2751377439908204,0.101062906495922,0.6237993495132576
25979,LOF,0.2178255173327267,0.14218974410207502,0.6399847385651983
25980,LOF,0.27696534549812357,0.17759782045269118,0.5454368340491853
25981,LOF,0.27696534549812357,0.17759782045269118,0.5454368340491853
25982,Neutral,0.4882129818522752,0.09962666816282634,0.4121603499848984
25983,Neutral,0.5201620520265561,0.10515975874114443,0.3746781892322995
25984,LOF,0.03287779273481073,0.27851143647509596,0.6886107707900933
25985,LOF,0.020657942437722232,0.48472688142927,0.49461517613300787
25986,GOF,0.031981823030247936,0.5174336043652442,0.45058457260450785
25987,LOF,0.06627122010692223,0.13558063099839635,0.7981481488946814
25988,LOF,0.029413416596789293,0.27888092203536896,0.6917056613678417
25989,LOF,0.025265822805323558,0.2713027420697401,0.7034314351249363
25990,LOF,0.032392171238735036,0.18198902872303657,0.7856188000382284
25991,LOF,0.2015875969206014,0.2832106522889122,0.5152017507904864
25992,LOF,0.304229364927442,0.23015123634017517,0.46561939873238267
25993,LOF,0.03884889739200514,0.0871297454286513,0.8740213571793436
25994,LOF,0.03866775424003053,0.08942221096265508,0.8719100347973143
25995,LOF,0.039571787555990605,0.11534399255771416,0.8450842198862953
25996,LOF,0.1299556638844402,0.2935874107213849,0.5764569253941748
25997,LOF,0.06697189834614475,0.42793792727923036,0.5050901743746249
25998,Neutral,0.4979409990141597,0.01466363545336593,0.48739536553247437
25999,LOF,0.14060821739114357,0.36168344798296564,0.49770833462589076
26000,LOF,0.0825580246145713,0.02142291636204554,0.8960190590233831
26001,LOF,0.12213364998774251,0.08883538657008447,0.789030963442173
26002,LOF,0.08196580153312238,0.047382155773972444,0.8706520426929051
26003,GOF,0.01236859153309843,0.7146470642030784,0.2729843442638231
26004,GOF,0.046330024515962236,0.8007454526416369,0.15292452284240096
26005,GOF,0.01566152705355877,0.5656121315983134,0.418726341348128
26006,Neutral,0.5397299911972709,0.2921777962059071,0.16809221259682178
26007,GOF,0.02578023262312643,0.7340464565657009,0.2401733108111728
26008,GOF,0.018871712914649428,0.6551234735334577,0.3260048135518929
26009,GOF,0.041316190557342446,0.6821348399515126,0.2765489694911451
26010,GOF,0.012995791345169927,0.844984318748279,0.14201988990655104
26011,GOF,0.009313514300546909,0.594550853668437,0.39613563203101615
26012,GOF,0.01671814218711052,0.556696018259416,0.42658583955347346
26013,GOF,0.011954946758215365,0.7275365280024907,0.2605085252392939
26014,LOF,0.053030722200621515,0.12789503772964592,0.8190742400697326
26015,LOF,0.20427793747143816,0.009156378614708019,0.786565683913854
26016,LOF,0.36282238311339227,0.03674556335403739,0.6004320535325702
26017,LOF,0.3186988678348783,0.05522482381895893,0.6260763083461628
26018,LOF,0.07718757000755319,0.05306452166098399,0.8697479083314629
26019,LOF,0.08265132566103459,0.026024289936558566,0.8913243844024069
26020,LOF,0.11817794741029067,0.06365169664182355,0.8181703559478858
26021,LOF,0.11072669505261869,0.0904959077834965,0.7987773971638849
26022,LOF,0.024426916731782575,0.029763340274000943,0.9458097429942165
26023,LOF,0.1621268080090972,0.037396399434268805,0.800476792556634
26024,LOF,0.04220863620839193,0.10576970719427542,0.8520216565973325
26025,LOF,0.28852770987860044,0.14102667029315136,0.5704456198282483
26026,Neutral,0.4860193617591278,0.031050749708013203,0.48292988853285884
26027,LOF,0.08791887162169847,0.022131593731723544,0.8899495346465781
26028,LOF,0.18525471612432948,0.12043707175526683,0.6943082121204037
26029,LOF,0.06278973936536211,0.40429215299559884,0.5329181076390391
26030,LOF,0.02573231781742212,0.09787240563780412,0.8763952765447738
26031,LOF,0.015365053870213205,0.3183070448953884,0.6663279012343984
26032,LOF,0.04480787055372073,0.1801740859015828,0.7750180435446965
26033,LOF,0.12020882497877872,0.40778395660168976,0.47200721841953147
26034,LOF,0.025815916249323317,0.2277097221522973,0.7464743615983794
26035,LOF,0.023621441226394358,0.320515812825972,0.6558627459476336
26036,LOF,0.0290329769932773,0.25153113564022705,0.7194358873664957
26037,LOF,0.018995432879283153,0.21123857618607486,0.7697659909346419
26038,LOF,0.04440144629704862,0.1665296692463691,0.7890688844565823
26039,LOF,0.03966007058749258,0.2824499169635415,0.677890012448966
26040,GOF,0.1994206909922942,0.5597824430670227,0.24079686594068303
26041,LOF,0.022874526843959735,0.2100352945988288,0.7670901785572114
26042,LOF,0.02446298676522606,0.2089036208881364,0.7666333923466375
26043,LOF,0.04220118403067531,0.2255270367749006,0.7322717791944241
26044,LOF,0.02612696511856454,0.166310320793556,0.8075627140878794
26045,LOF,0.058968672589807314,0.28458019574569515,0.6564511316644975
26046,LOF,0.04782236471075258,0.2541163855875351,0.6980612497017123
26047,LOF,0.05812637453878264,0.2324694545527554,0.709404170908462
26048,LOF,0.06884671243412009,0.1769298451894834,0.7542234423763965
26049,Neutral,0.9125563848539524,0.04675977966742299,0.04068383547862463
26050,Neutral,0.8901590135040842,0.05527774950689497,0.05456323698902078
26051,GOF,0.02140114069682787,0.644853797285447,0.3337450620177251
26052,GOF,0.023021726730623054,0.5057768934599366,0.4712013798094403
26053,LOF,0.04905470566608626,0.2960371648648859,0.6549081294690279
26054,LOF,0.060242386377275615,0.036455778878585914,0.9033018347441384
26055,LOF,0.05183664856042641,0.029085464531212142,0.9190778869083616
26056,LOF,0.041396315948280936,0.031402442763213335,0.9272012412885058
26057,LOF,0.0645320659969001,0.09684576358657146,0.8386221704165285
26058,LOF,0.06516729030095297,0.07625375446093209,0.858578955238115
26059,LOF,0.40527351562742836,0.07696351840655473,0.5177629659660169
26060,LOF,0.06840106164745233,0.3132158739950677,0.61838306435748
26061,LOF,0.03474021728693667,0.07041624826505243,0.894843534448011
26062,LOF,0.026708951146278748,0.04032947476401296,0.9329615740897084
26063,LOF,0.06886594944669873,0.06364834536018306,0.8674857051931182
26064,LOF,0.03621950375551338,0.04094248374027196,0.9228380125042147
26065,LOF,0.07124051648518534,0.04499616599475239,0.8837633175200623
26066,LOF,0.07547175722236177,0.060555896623811896,0.8639723461538263
26067,LOF,0.07753668031583998,0.05417938419448503,0.8682839354896749
26068,LOF,0.05098732713813624,0.05758775809370223,0.8914249147681615
26069,LOF,0.34066170391951406,0.04010138676703914,0.6192369093134468
26070,Neutral,0.5456138444780223,0.026389652711548372,0.42799650281042917
26071,LOF,0.06317972634079722,0.07315619025381921,0.8636640834053836
26072,LOF,0.040330972135827425,0.08121366220837081,0.8784553656558018
26073,LOF,0.07326202488689065,0.03254348658560596,0.8941944885275034
26074,Neutral,0.9611819372058776,0.011138507361709717,0.027679555432412618
26075,LOF,0.03115637762903642,0.036842079741847486,0.9320015426291162
26076,LOF,0.07387858769351366,0.04824232486833876,0.8778790874381476
26077,LOF,0.023886243818194045,0.08014620973699212,0.8959675464448138
26078,LOF,0.0238864658674852,0.06295268798399312,0.9131608461485217
26079,LOF,0.05109684886917834,0.03476277833125477,0.9141403727995668
26080,LOF,0.05109684886917834,0.03476277833125477,0.9141403727995668
26081,LOF,0.07468877255385854,0.062264074601401466,0.86304715284474
26082,LOF,0.03482038479413362,0.04032304915842762,0.9248565660474387
26083,LOF,0.07347843841387643,0.05032428040714225,0.8761972811789814
26084,LOF,0.06234581012648554,0.07338896821391899,0.8642652216595955
26085,LOF,0.06234581012648554,0.07338896821391899,0.8642652216595955
26086,LOF,0.06624806374969813,0.08221328926033848,0.8515386469899634
26087,LOF,0.06670290464719703,0.05904696631472857,0.8742501290380744
26088,LOF,0.03617554378039484,0.14107320440893475,0.8227512518106704
26089,LOF,0.044373252756905034,0.030092200274332608,0.9255345469687623
26090,LOF,0.03934194395679346,0.02621943976010663,0.9344386162830999
26091,LOF,0.07879417278677729,0.03123735767316973,0.889968469540053
26092,LOF,0.07203669381071437,0.0766927341366758,0.8512705720526097
26093,LOF,0.0791479666895187,0.030477331247995086,0.8903747020624861
26094,LOF,0.07987591624683614,0.028320916977781642,0.8918031667753823
26095,LOF,0.07164772390296782,0.039921853963763514,0.8884304221332686
26096,LOF,0.03793664156027678,0.02934275019647415,0.9327206082432491
26097,LOF,0.021315998442079664,0.09120216132516419,0.8874818402327561
26098,LOF,0.05136770291718737,0.022750719492277208,0.9258815775905354
26099,LOF,0.0800121430437599,0.06801514886262061,0.8519727080936195
26100,LOF,0.0800121430437599,0.06801514886262061,0.8519727080936195
26101,LOF,0.06242193755642067,0.14319532838557308,0.7943827340580062
26102,LOF,0.06640500962600818,0.06678214332186022,0.8668128470521315
26103,Neutral,0.7769986158129996,0.08975214566289755,0.1332492385241029
26104,LOF,0.038668245554219015,0.0581256277861796,0.9032061266596014
26105,LOF,0.18969626669367007,0.0820435632264468,0.7282601700798831
26106,LOF,0.1778676480329975,0.03404874506076927,0.7880836069062332
26107,LOF,0.29699726563918866,0.041445626696841785,0.6615571076639695
26108,LOF,0.16420208127062802,0.05894480589452156,0.7768531128348504
26109,LOF,0.07441610692851515,0.08176565747064057,0.8438182356008442
26110,LOF,0.28604998805199194,0.026629644875537404,0.6873203670724706
26111,LOF,0.35532851279230776,0.12022252623299598,0.5244489609746963
26112,LOF,0.08805016482961511,0.02732914546945851,0.8846206897009263
26113,LOF,0.08995962681677927,0.08035812855648346,0.8296822446267373
26114,LOF,0.03608400535782724,0.023653930413133323,0.9402620642290395
26115,LOF,0.17985555890555013,0.04432905745467091,0.775815383639779
26116,LOF,0.09513208379413925,0.050373250565034444,0.8544946656408262
26117,LOF,0.2939023180787004,0.17410549902641223,0.5319921828948874
26118,LOF,0.06779617455344576,0.029627222295114282,0.90257660315144
26119,LOF,0.041449520666954516,0.12647033932046675,0.8320801400125788
26120,LOF,0.060412223576643144,0.043027021432514495,0.8965607549908424
26121,LOF,0.07832003451588258,0.09954838045929798,0.8221315850248193
26122,LOF,0.08731046069258382,0.13399976759252247,0.7786897717148938
