feature0,prediction,LoGoFunc_Neutral,LoGoFunc_GOF,LoGoFunc_LOF
25546,Neutral,0.641653389385825,0.05907225727156059,0.2992743533426144
25547,Neutral,0.5360082267553093,0.0911940457401806,0.37279772750450996
25548,Neutral,0.5287148910383641,0.07794656032608951,0.3933385486355465
25549,Neutral,0.4704442908304963,0.07980578315439472,0.44974992601510905
25550,LOF,0.383667504638267,0.0933494605611414,0.5229830348005916
25551,LOF,0.32066606840456247,0.10487505280204716,0.5744588787933904
25552,LOF,0.2950029374778564,0.10555716065525723,0.5994399018668863
25553,Neutral,0.7953324389753254,0.04930175810514581,0.15536580291952876
25554,LOF,0.32654631783857174,0.10171510842029016,0.5717385737411381
25555,LOF,0.28216171038628707,0.09555234139596917,0.6222859482177437
25556,Neutral,0.47042728820642254,0.08752171713350912,0.4420509946600682
25557,LOF,0.27080658697355997,0.10041982929929062,0.6287735837271495
25558,LOF,0.3387722438871461,0.09526426459988124,0.5659634915129726
25559,LOF,0.28320111060990544,0.07821287083039093,0.6385860185597036
25560,LOF,0.1070335171042177,0.15277677084423083,0.7401897120515514
25561,LOF,0.1270171630491653,0.2114079850605042,0.6615748518903305
25562,LOF,0.04480215691563752,0.11287612548173998,0.8423217176026225
25563,LOF,0.013484677329143773,0.17587121067051972,0.8106441120003366
25564,LOF,0.09152737806836557,0.12647978440263088,0.7819928375290036
25565,LOF,0.1850384321931995,0.16113010035509942,0.6538314674517011
25566,GOF,0.05803733513950044,0.6779217229526857,0.2640409419078138
25567,LOF,0.03486389490041934,0.16496267717257404,0.8001734279270067
25568,LOF,0.061015336009914455,0.08840421855720879,0.8505804454328768
25569,LOF,0.05684504996813077,0.08311917950349847,0.8600357705283707
25570,LOF,0.027320974043767016,0.1297714553859235,0.8429075705703095
25571,LOF,0.024268883274691424,0.133330374795052,0.8424007419302565
25572,LOF,0.060495052686734524,0.16749499568018458,0.772009951633081
25573,LOF,0.05735248867222161,0.11969861826951021,0.8229488930582681
25574,LOF,0.05606421816853824,0.23751992959204962,0.7064158522394122
25575,LOF,0.023133092899753366,0.13912171872917037,0.8377451883710764
25576,LOF,0.026382248015692094,0.19056186436291778,0.7830558876213902
25577,LOF,0.03048311355735472,0.1522739719324561,0.8172429145101892
25578,LOF,0.29035724149191816,0.1091775271093101,0.6004652313987718
25579,LOF,0.18262245903143454,0.10655998670476574,0.7108175542637998
25580,LOF,0.021847479449913446,0.09090178279317472,0.8872507377569119
25581,LOF,0.046546544384476196,0.08822500000915515,0.8652284556063686
25582,LOF,0.046299921594626266,0.08615080514434702,0.8675492732610267
25583,LOF,0.025321431491574238,0.11000401659302819,0.8646745519153975
25584,Neutral,0.6985030217301412,0.14021922910484025,0.16127774916501855
25585,LOF,0.01875172032472947,0.1907318458230651,0.7905164338522055
25586,LOF,0.017465990698296244,0.09851214389684342,0.8840218654048604
25587,LOF,0.01761417472246964,0.08555225586101026,0.89683356941652
25588,LOF,0.02132917719171267,0.0840506159738028,0.8946202068344846
25589,Neutral,0.5107920913185465,0.2573390944840489,0.23186881419740454
25590,LOF,0.047846990078346995,0.1292514803907213,0.8229015295309318
25591,LOF,0.07262149542076582,0.07500789573330095,0.8523706088459332
25592,LOF,0.05702472040386097,0.16568703105275193,0.7772882485433871
25593,LOF,0.09629026317568229,0.3119022164994829,0.5918075203248349
25594,LOF,0.0589457593819538,0.06544029727115043,0.8756139433468957
25595,LOF,0.061435406129798135,0.03766017821092327,0.9009044156592786
25596,LOF,0.1263946032870325,0.026222578352573987,0.8473828183603934
25597,LOF,0.08880485204225122,0.025281937372490893,0.885913210585258
25598,LOF,0.055461160369026354,0.04422376671074132,0.9003150729202324
25599,LOF,0.021707343179094014,0.3779993903536642,0.6002932664672418
25600,LOF,0.164401572543028,0.41498704964495303,0.42061137781201896
25601,LOF,0.0392482796712342,0.322982367143056,0.6377693531857098
25602,LOF,0.02464608042018009,0.08058967204687575,0.894764247532944
25603,LOF,0.040398004071363944,0.06705684469231442,0.8925451512363215
25604,LOF,0.04045880683475727,0.10787253786305945,0.8516686553021833
25605,LOF,0.03163547575749686,0.18395892132884362,0.7844056029136595
25606,Neutral,0.42725649593427484,0.15834331233652654,0.4144001917291987
25607,LOF,0.02532413926222071,0.22463624231866455,0.7500396184191147
25608,LOF,0.034355213938141095,0.1303653238618295,0.8352794622000294
25609,GOF,0.13376279444705894,0.45242975197547974,0.4138074535774613
25610,LOF,0.016025956569987117,0.06201629501729109,0.9219577484127217
25611,LOF,0.01370995300753582,0.06805142123023568,0.9182386257622286
25612,LOF,0.04975781797425499,0.06693072137914693,0.8833114606465982
25613,LOF,0.04687877388582761,0.06563416721536425,0.8874870588988082
25614,LOF,0.022887713377479326,0.053872710263759095,0.9232395763587616
25615,LOF,0.04153798047190513,0.07105293019148537,0.8874090893366094
25616,LOF,0.05340389277978031,0.0642426235958354,0.8823534836243844
25617,LOF,0.04383834038281319,0.07185631426203508,0.8843053453551518
25618,LOF,0.05026572823981066,0.09064562794512628,0.8590886438150631
25619,LOF,0.012975933708894896,0.07009027536298092,0.9169337909281241
25620,LOF,0.05468441253921205,0.07833134454567402,0.8669842429151139
25621,LOF,0.061898907999380415,0.06677943289920109,0.8713216591014185
25622,LOF,0.060194761438875234,0.07942698262463713,0.8603782559364876
25623,LOF,0.0643958466475052,0.04917431716588363,0.8864298361866111
25624,LOF,0.020477947328732565,0.06145884363909828,0.9180632090321692
25625,LOF,0.06508809915059718,0.07090447083649756,0.8640074300129053
25626,LOF,0.04740083488116019,0.06741909038057334,0.8851800747382665
25627,Neutral,0.890893576689502,0.022348076927840646,0.08675834638265738
25628,LOF,0.14973040674682794,0.05736152656954146,0.7929080666836306
25629,LOF,0.06500450951109993,0.05949414666028686,0.8755013438286132
25630,LOF,0.24425521937531955,0.074856108204944,0.6808886724197364
25631,Neutral,0.5199616924210232,0.06042514667604978,0.419613160902927
25632,LOF,0.029146155263645782,0.08396208427384068,0.8868917604625135
25633,LOF,0.20399174655251584,0.0554004035204968,0.7406078499269874
25634,LOF,0.04524679207231576,0.09794158741719773,0.8568116205104864
25635,LOF,0.03748379044876978,0.047681181148728095,0.9148350284025022
25636,GOF,0.030738066829683865,0.5509542825921502,0.418307650578166
25637,GOF,0.05967978859591229,0.5649083035310822,0.3754119078730054
25638,GOF,0.03217337755924902,0.4932840098812874,0.47454261255946345
25639,LOF,0.03570660848062599,0.4680020752222019,0.4962913162971721
25640,Neutral,0.8485718657163892,0.08856633485780704,0.06286179942580361
25641,LOF,0.08360750812545725,0.4199856795884281,0.4964068122861147
25642,LOF,0.06428677150531635,0.17050452027154353,0.76520870822314
25643,LOF,0.2233207962950205,0.12084194925601383,0.6558372544489657
25644,GOF,0.009530482293142415,0.6032497689134512,0.3872197487934064
25645,GOF,0.01082673693435378,0.5772483481466295,0.41192491491901667
25646,LOF,0.031573801546233515,0.41839047990289885,0.5500357185508676
25647,LOF,0.011708414880329032,0.34386733169486805,0.6444242534248029
25648,LOF,0.013951309322624776,0.4076644862468626,0.5783842044305125
25649,LOF,0.008311614711241123,0.3173368917900302,0.6743514934987286
25650,GOF,0.0214146563782874,0.5648176271052062,0.4137677165165064
25651,LOF,0.00836606795313784,0.41254180889453834,0.5790921231523237
25652,LOF,0.013429752414980716,0.41639367332669996,0.5701765742583192
25653,GOF,0.03751368018189509,0.5630169876559875,0.3994693321621174
25654,LOF,0.010079288333426476,0.3158970735927651,0.6740236380738085
25655,GOF,0.1148691134399581,0.59195108454581,0.293179802014232
25656,LOF,0.328241097058539,0.11259481634677723,0.5591640865946839
25657,LOF,0.05129118263094629,0.0967624128377347,0.8519464045313191
25658,LOF,0.3210988292687915,0.14793907256486077,0.5309620981663477
25659,Neutral,0.42905350918599955,0.14582024420018197,0.4251262466138186
25660,LOF,0.024037268523769143,0.1124257646609045,0.8635369668153263
25661,LOF,0.08988527526101678,0.07003991669312987,0.8400748080458533
25662,LOF,0.032470794229415456,0.03628427086220451,0.9312449349083799
25663,LOF,0.037061424716747504,0.03965785797364018,0.9232807173096123
25664,LOF,0.13520227003994276,0.07544442787856398,0.7893533020814932
25665,LOF,0.0615006188871822,0.03321642355635604,0.9052829575564618
25666,LOF,0.10012315909113916,0.07876031395260422,0.8211165269562566
25667,LOF,0.07647175954872969,0.044574838983592505,0.8789534014676778
25668,LOF,0.03552638095411484,0.056919073648670125,0.907554545397215
25669,LOF,0.029899202871973923,0.05302299396998365,0.9170778031580423
25670,LOF,0.14269333343223456,0.05547662898726269,0.8018300375805028
25671,LOF,0.1069587843429086,0.0395821819011263,0.8534590337559651
25672,LOF,0.0529759808195492,0.048858385463300305,0.8981656337171506
25673,LOF,0.09062127009650622,0.04551331683853012,0.8638654130649636
25674,LOF,0.07641556423115241,0.058985742604864506,0.864598693163983
25675,LOF,0.10992422656405991,0.07706430933952886,0.8130114640964113
25676,LOF,0.0185811652308343,0.058963339743391206,0.9224554950257744
25677,LOF,0.02241108927702062,0.07613546922492913,0.9014534414980502
25678,LOF,0.2099023839421848,0.09688418617324972,0.6932134298845654
25679,LOF,0.12047717673262785,0.0960130652748213,0.7835097579925508
25680,LOF,0.029122907516342455,0.12551483360460503,0.8453622588790525
25681,LOF,0.04285825567307191,0.12346853634866134,0.8336732079782667
25682,LOF,0.1303325851951038,0.08295837346199576,0.7867090413429004
25683,LOF,0.11975822140629575,0.10030296150857904,0.7799388170851252
25684,LOF,0.03809383388821202,0.06737002652336233,0.8945361395884256
25685,LOF,0.11445584468172458,0.0771432634696611,0.8084008918486143
25686,LOF,0.08174053650521032,0.11990377840778234,0.7983556850870073
25687,LOF,0.12535426307714437,0.12867734410212645,0.7459683928207292
25688,LOF,0.39130185036412385,0.04218664264058904,0.5665115069952871
25689,LOF,0.27468475496616623,0.04793796696710572,0.677377278066728
25690,LOF,0.3375487360800148,0.02955952110919609,0.6328917428107891
25691,Neutral,0.7100836214433425,0.02923717565733903,0.2606792028993185
25692,LOF,0.36426418351340173,0.01082132534117035,0.624914491145428
25693,LOF,0.04779762600799387,0.3934694070433358,0.5587329669486704
25694,LOF,0.11920885674431422,0.01797469772889501,0.8628164455267908
25695,LOF,0.11378358482746313,0.009746662270218085,0.8764697529023188
25696,LOF,0.1568774924309966,0.011625498966783348,0.8314970086022201
25697,LOF,0.0658092824331149,0.11977682314223821,0.814413894424647
25698,LOF,0.32718910360927334,0.2252602624657427,0.4475506339249839
25699,LOF,0.44091086825675957,0.04688646952914537,0.512202662214095
25700,LOF,0.0811671071217405,0.014188013118246308,0.9046448797600133
25701,LOF,0.18284293852550634,0.05446555507886909,0.7626915063956246
25702,GOF,0.14117520278969786,0.6618712633621994,0.1969535338481029
25703,LOF,0.01673071549287028,0.16246060166918566,0.8208086828379442
25704,LOF,0.03439400847597102,0.15789360050866003,0.8077123910153688
25705,LOF,0.034780149162020865,0.09545294115117184,0.8697669096868074
25706,LOF,0.14462397538915472,0.3242339104928414,0.5311421141180038
25707,LOF,0.09481914046575428,0.2645071269993906,0.6406737325348552
25708,LOF,0.044173939923989776,0.25941552415071406,0.6964105359252961
25709,LOF,0.0671957676465076,0.032575976381202534,0.9002282559722898
25710,LOF,0.013347814189505558,0.10997753370976367,0.8766746521007307
25711,LOF,0.018704518598674922,0.07527216801281987,0.9060233133885053
25712,LOF,0.017291248689884714,0.16233128026583774,0.8203774710442776
25713,LOF,0.017526550577784638,0.07520412479344618,0.9072693246287692
25714,LOF,0.07301854882864979,0.054052801792856583,0.8729286493784936
25715,LOF,0.011731529400656193,0.10575056803590518,0.8825179025634386
25716,LOF,0.012942078757684692,0.08063580283264951,0.9064221184096659
25717,LOF,0.01777342696051956,0.07030634561035923,0.911920227429121
25718,LOF,0.01116046898950287,0.07281644321322298,0.9160230877972741
25719,LOF,0.02026211556789856,0.06937169136571471,0.9103661930663868
25720,LOF,0.023205286634149367,0.05537003471052919,0.9214246786553215
25721,LOF,0.013427035442345508,0.09453570020500161,0.892037264352653
25722,LOF,0.013868737719166142,0.07027697695516974,0.915854285325664
25723,LOF,0.023263422267139417,0.0369869804614283,0.9397495972714324
25724,LOF,0.03101282811771976,0.06677827900062556,0.9022088928816547
25725,LOF,0.011398291897265937,0.0611832490290938,0.9274184590736403
25726,LOF,0.014904396110192158,0.08521682987848014,0.8998787740113278
25727,LOF,0.012476454759471338,0.0685673724486065,0.9189561727919221
25728,LOF,0.009993990980846044,0.07482402439732562,0.9151819846218284
25729,LOF,0.010431844146082888,0.0762278020218731,0.9133403538320439
25730,LOF,0.013095047952215487,0.07515243752582831,0.9117525145219562
25731,LOF,0.024346143476131513,0.07196826785833577,0.9036855886655327
25732,LOF,0.013093065890416684,0.04709983564723245,0.9398070984623509
25733,LOF,0.017201194012503446,0.04350632458994385,0.9392924813975526
25734,LOF,0.012540449269917996,0.09918711554478431,0.8882724351852977
25735,LOF,0.01176991551442415,0.056176439332009435,0.9320536451535664
25736,LOF,0.012428517337185767,0.06365316367158373,0.9239183189912304
25737,LOF,0.01179657740585699,0.07508183767311519,0.9131215849210279
25738,LOF,0.011872880419738318,0.07325665460111037,0.9148704649791513
25739,LOF,0.019682491958352814,0.057357068598415134,0.9229604394432321
25740,LOF,0.028037644146022014,0.07839178514897392,0.893570570705004
25741,LOF,0.01503860754604901,0.08118640527244296,0.9037749871815081
25742,LOF,0.11083858872158128,0.057185894439763456,0.8319755168386552
25743,LOF,0.03896545553910807,0.04917321316691325,0.9118613312939786
25744,Neutral,0.6459061758331344,0.18438504861821237,0.1697087755486533
25745,LOF,0.06829531794781603,0.06261416217438108,0.869090519877803
25746,LOF,0.0435744532183758,0.07914683461274714,0.8772787121688771
25747,LOF,0.027016470370992928,0.07546439116823357,0.8975191384607734
25748,LOF,0.13888896089565228,0.11918496072574154,0.7419260783786062
25749,LOF,0.03056695028627914,0.08344448295391399,0.8859885667598068
25750,LOF,0.07449456158030617,0.0877502883082473,0.8377551501114464
25751,LOF,0.09957509771769026,0.12030348826536116,0.7801214140169487
25752,GOF,0.10398110622735805,0.6696655044235897,0.22635338934905216
25753,LOF,0.029058412733411264,0.3099836165299947,0.660957970736594
25754,GOF,0.014448217231560031,0.8299056335765845,0.15564614919185554
25755,LOF,0.028387302178410206,0.38468794041919646,0.5869247574023932
25756,LOF,0.052428413771417375,0.3704223233947975,0.5771492628337851
25757,GOF,0.02038722897006405,0.8823292159254668,0.09728355510446915
25758,GOF,0.028777058622986726,0.8288044411958686,0.14241850018114466
25759,GOF,0.011773988507630435,0.6508282441471644,0.3373977673452052
25760,LOF,0.01599933892301999,0.32992017376807103,0.6540804873089089
25761,GOF,0.2872813951161537,0.6386423725541713,0.07407623232967495
25762,LOF,0.04578065850040977,0.315083043157971,0.6391362983416193
25763,LOF,0.015587505972933338,0.22302328089670262,0.761389213130364
25764,GOF,0.07959372287630369,0.6896187723644063,0.23078750475929008
25765,GOF,0.033867654478301396,0.7766404404631326,0.18949190505856583
25766,GOF,0.062427393828734135,0.8171907783874997,0.12038182778376631
25767,GOF,0.15010280838916912,0.5515581358548621,0.29833905575596864
25768,LOF,0.10806533656104295,0.05827638187643372,0.8336582815625233
25769,LOF,0.04524031206475361,0.06615188180141947,0.888607806133827
25770,LOF,0.30561383883509935,0.10739746321065526,0.5869886979542455
25771,LOF,0.05743284201282308,0.060958340990982705,0.8816088169961943
25772,LOF,0.01711425159969467,0.0522338732019878,0.9306518751983176
25773,LOF,0.05955559194275402,0.07454593265048828,0.8658984754067577
25774,LOF,0.029876836776148115,0.11836508349174761,0.8517580797321043
25775,LOF,0.0577218080824603,0.06389590032217056,0.8783822915953691
25776,LOF,0.06120193698474423,0.03736575558991666,0.9014323074253392
25777,LOF,0.3296723849946144,0.10079752757921921,0.5695300874261664
25778,LOF,0.06002064190304451,0.06157156116259176,0.8784077969343638
25779,GOF,0.3658167804961576,0.5854911177342839,0.04869210176955849
25780,GOF,0.33795557476684235,0.5937166903979844,0.06832773483517329
25781,GOF,0.1219632258505931,0.777549446546942,0.10048732760246493
25782,GOF,0.18703763654845432,0.7372677396927809,0.07569462375876482
25783,GOF,0.022719175203250987,0.6542384145816983,0.3230424102150507
25784,Neutral,0.5321987230957193,0.4316669317455174,0.036134345158763376
25785,GOF,0.47327995566997166,0.47997584952829714,0.04674419480173126
25786,GOF,0.03186354549379846,0.7601893266977789,0.20794712780842253
25787,Neutral,0.6633665619496593,0.31093951005901693,0.025693927991323796
25788,LOF,0.05347161018321275,0.09425767709832641,0.8522707127184608
25789,GOF,0.17763407845672471,0.6869128637561471,0.1354530577871282
25790,GOF,0.2507194200505177,0.6533639513887862,0.09591662856069602
25791,GOF,0.13615999219414257,0.706427145743061,0.15741286206279653
25792,GOF,0.345813768085231,0.5372033458040244,0.11698288611074456
25793,GOF,0.24662627672952567,0.5294717265538736,0.22390199671660074
25794,GOF,0.295467157885245,0.5211206110975815,0.18341223101717358
25795,GOF,0.06980370990324898,0.6438747714890453,0.28632151860770577
25796,Neutral,0.4871536846479445,0.4379787960558202,0.07486751929623538
25797,GOF,0.07812097924705864,0.5655519093505856,0.3563271114023557
25798,GOF,0.009407799723660407,0.5286712077811385,0.46192099249520113
25799,LOF,0.007047282560256895,0.45742367833177333,0.5355290391079698
25800,GOF,0.03302424471590401,0.5984453169735147,0.3685304383105814
25801,GOF,0.22112712254223021,0.6711642394753954,0.10770863798237441
25802,GOF,0.06240984185667395,0.6838480405091802,0.2537421176341457
25803,GOF,0.04196791797717638,0.5897085705831363,0.3683235114396873
25804,GOF,0.03607406655319569,0.5357359364194182,0.428189997027386
25805,GOF,0.12238277299955733,0.610148558524864,0.26746866847557865
25806,GOF,0.13046702112842898,0.5944511129057684,0.2750818659658026
25807,GOF,0.021339954877494488,0.6508132508379203,0.3278467942845853
25808,GOF,0.11005870919918062,0.5931197520357908,0.2968215387650286
25809,GOF,0.02016574616653545,0.6355589308802633,0.34427532295320123
25810,GOF,0.018703539798451845,0.6320311229422864,0.34926533725926195
25811,Neutral,0.5116534918242309,0.42525122994651177,0.06309527822925726
25812,GOF,0.04287531614630638,0.6163002808220397,0.340824403031654
25813,Neutral,0.5589849108165027,0.342299842582448,0.09871524660104943
25814,GOF,0.14150071068298603,0.6497822011897678,0.20871708812724604
25815,GOF,0.23150544515095214,0.5887386978004985,0.17975585704854938
25816,GOF,0.021335759473825117,0.6855039545114155,0.2931602860147593
25817,GOF,0.2369479181626681,0.6483372604420133,0.1147148213953186
25818,GOF,0.045921596602183076,0.5797498458807322,0.3743285575170846
25819,GOF,0.3857315320579065,0.47405806771281256,0.14021040022928097
25820,GOF,0.2231414070757537,0.5798353718219074,0.1970232211023388
25821,GOF,0.06945392236952008,0.6719587075044627,0.2585873701260172
25822,GOF,0.2487231027445244,0.5327804780073894,0.2184964192480863
25823,GOF,0.03771429941669058,0.5251582753385199,0.43712742524478954
25824,GOF,0.09185594644043249,0.5432708322656318,0.3648732212939357
25825,GOF,0.03519415331177378,0.5422804418228808,0.42252540486534534
25826,GOF,0.014921578476254445,0.5263880273311449,0.45869039419260066
25827,GOF,0.026806274511167894,0.5677006090648681,0.4054931164239641
25828,GOF,0.018403182730600848,0.4910558026618346,0.49054101460756466
25829,GOF,0.00731711705773467,0.5425221357464937,0.4501607471957717
25830,LOF,0.04312198475654559,0.2614991953660353,0.6953788198774192
25831,GOF,0.1873220945486276,0.6764021370684845,0.1362757683828879
25832,GOF,0.03440015400589366,0.6792382906265811,0.2863615553675251
25833,GOF,0.12485728202180513,0.6786267072205641,0.19651601075763087
25834,GOF,0.04109910180009,0.672567743525829,0.28633315467408094
25835,GOF,0.10363010221274738,0.6788581257007936,0.2175117720864591
25836,GOF,0.04755154004261707,0.6434858931778881,0.30896256677949496
25837,GOF,0.023733963026738147,0.5452055082993778,0.431060528673884
25838,GOF,0.08044809444332736,0.727451983747856,0.1920999218088167
25839,GOF,0.30735089041859864,0.5416460031365653,0.151003106444836
25840,GOF,0.2247070927340792,0.5924497544680132,0.18284315279790758
25841,GOF,0.203242531265709,0.6148995134915093,0.18185795524278173
25842,GOF,0.18073408425658236,0.6424481716825821,0.17681774406083564
25843,GOF,0.21790422083796812,0.6590104140486288,0.12308536511340298
25844,GOF,0.05598047346407792,0.6646456066318014,0.2793739199041206
25845,GOF,0.013740865124730347,0.5138013710002448,0.47245776387502497
25846,GOF,0.10079401887297354,0.7011336060519751,0.19807237507505146
25847,GOF,0.11440058718150847,0.7513231505029329,0.1342762623155587
25848,GOF,0.03309543583431151,0.6577690712317983,0.30913549293389025
25849,GOF,0.009946568086007038,0.5557901685692849,0.43426326334470805
25850,GOF,0.021863908008462843,0.6199797943916594,0.3581562975998779
25851,GOF,0.01660705171739382,0.5361899513223853,0.44720299696022076
25852,GOF,0.16891978298543514,0.5617752286226935,0.2693049883918714
25853,GOF,0.33275685755909057,0.5904914911682332,0.07675165127267616
25854,GOF,0.01827803930040238,0.5949091652637872,0.38681279543581026
25855,GOF,0.03630800510164849,0.5748103445712514,0.3888816503271002
25856,GOF,0.2170950332205223,0.5624750305476729,0.22042993623180474
25857,GOF,0.034386266665507065,0.48926606698171804,0.476347666352775
25858,GOF,0.020312178768382955,0.5750781881586301,0.404609633072987
25859,GOF,0.01133861152154667,0.5556924020250423,0.432968986453411
25860,GOF,0.3757500923597165,0.5319885902441165,0.09226131739616705
25861,GOF,0.3763709070569452,0.5514934985877915,0.0721355943552633
25862,GOF,0.07744055525391225,0.7824113237760223,0.14014812097006532
25863,GOF,0.08497617943465925,0.7811397523384676,0.1338840682268732
25864,GOF,0.19505091225222135,0.72505503014949,0.07989405759828865
25865,GOF,0.07949388082988658,0.7820966132985934,0.1384095058715201
25866,GOF,0.06173284621699304,0.8072321806436829,0.13103497313932413
25867,GOF,0.08319922416867705,0.8142470150809274,0.1025537607503955
25868,GOF,0.25327334024192616,0.6429840252247633,0.10374263453331059
25869,Neutral,0.6959541476438055,0.26052199077746635,0.04352386157872813
25870,LOF,0.32950621068719166,0.25489267595129284,0.41560111336151545
25871,GOF,0.2151309839132088,0.6199943046109562,0.16487471147583507
25872,GOF,0.09278665607161285,0.6079256119319338,0.2992877319964533
25873,GOF,0.16807551408349344,0.6068700360137752,0.2250544499027313
25874,LOF,0.023194931783627637,0.1181915447908621,0.8586135234255102
25875,LOF,0.083708854086703,0.05968619686192119,0.8566049490513759
25876,LOF,0.02989173473320668,0.050756990701166634,0.9193512745656267
25877,Neutral,0.5277535275092785,0.07072421923570885,0.4015222532550128
25878,LOF,0.22178492514461107,0.1120801349008755,0.6661349399545134
25879,LOF,0.0914922055962101,0.1165320407336344,0.7919757536701554
25880,LOF,0.024370492977934262,0.02826256599988446,0.9473669410221813
25881,LOF,0.17620520741777007,0.18411506968297486,0.639679722899255
25882,LOF,0.08155331351063388,0.024016773152394432,0.8944299133369717
25883,LOF,0.07649614570559839,0.032632872564308496,0.8908709817300932
25884,LOF,0.042871316915508904,0.047723002114412334,0.9094056809700789
25885,LOF,0.06818142878645832,0.018351120344524456,0.9134674508690172
25886,LOF,0.35143107421908204,0.05986806960907194,0.588700856171846
25887,LOF,0.16820593028870853,0.10610854271419755,0.725685526997094
25888,LOF,0.06924691867990007,0.09466897084059249,0.8360841104795075
25889,LOF,0.05327464414862313,0.031089666994951932,0.915635688856425
25890,LOF,0.047748902238967286,0.13688235301419086,0.815368744746842
25891,LOF,0.036697793434541125,0.05349149658372049,0.9098107099817384
25892,LOF,0.10481974885632173,0.02566471307640521,0.869515538067273
25893,LOF,0.2858583771547131,0.018436306971988618,0.6957053158732983
25894,LOF,0.17740685603463535,0.01028195077588781,0.8123111931894769
25895,LOF,0.1987142927605296,0.022356684941818677,0.7789290222976517
25896,LOF,0.05081634788881364,0.025984889161912883,0.9231987629492735
25897,LOF,0.23067311572202165,0.017111879689666033,0.7522150045883123
25898,Neutral,0.716122575599652,0.012291319711107725,0.2715861046892403
25899,LOF,0.2723735909018645,0.031874186882033084,0.6957522222161024
25900,LOF,0.4843797348652875,0.01860920197022514,0.49701106316448745
25901,LOF,0.05876028183709161,0.013310885117178607,0.9279288330457299
25902,LOF,0.17519854664181764,0.012534913251796183,0.8122665401063861
25903,Neutral,0.4942248414794479,0.03301145443913695,0.4727637040814151
25904,LOF,0.2904459767564356,0.060379709661513424,0.649174313582051
25905,LOF,0.027633314455182245,0.28817222776734336,0.6841944577774743
25906,LOF,0.022370250954212963,0.0647204101818921,0.9129093388638949
25907,LOF,0.014330181531708126,0.33113635071252484,0.6545334677557669
25908,LOF,0.011475888902075466,0.22841805369140086,0.7601060574065237
25909,LOF,0.014389384360563064,0.1412756773796517,0.8443349382597852
25910,LOF,0.04217118177338834,0.10650824751841574,0.8513205707081959
25911,LOF,0.14074122854259916,0.03402379792597895,0.8252349735314218
25912,LOF,0.041515968008372345,0.05236872228710364,0.9061153097045241
25913,LOF,0.2872897968320216,0.023601718368532067,0.6891084847994463
25914,LOF,0.024725604433981148,0.11385175076065676,0.8614226448053621
25915,Neutral,0.42244618699154723,0.28219879569865586,0.2953550173097969
25916,LOF,0.0659313242997255,0.30136608688789623,0.6327025888123783
25917,LOF,0.06453142177530648,0.05935218523831168,0.8761163929863819
25918,LOF,0.0351629089818825,0.06269800427233976,0.9021390867457777
25919,LOF,0.02794237400593035,0.06665341451618888,0.9054042114778807
25920,GOF,0.07892324847005115,0.48145788450326205,0.4396188670266869
25921,LOF,0.0314022173662559,0.01703828681932191,0.9515594958144222
25922,LOF,0.04314361663484796,0.01152436713729403,0.9453320162278579
25923,LOF,0.39918983525143076,0.014617177382786775,0.5861929873657825
25924,LOF,0.040491196818014843,0.023168430057721505,0.9363403731242638
25925,LOF,0.07062378334800813,0.02225202148866002,0.9071241951633318
25926,LOF,0.04979795046364213,0.016180103409004318,0.9340219461273536
25927,LOF,0.06895258755677862,0.05019308587363936,0.880854326569582
25928,LOF,0.02404622353359499,0.020996752114234837,0.9549570243521702
25929,Neutral,0.5227742650676392,0.01608613336519341,0.4611396015671673
25930,LOF,0.05915923036855517,0.011887611218288532,0.9289531584131564
25931,LOF,0.03257871632264224,0.015139214207069153,0.9522820694702887
25932,LOF,0.02975449695576257,0.012920206632508946,0.9573252964117284
25933,LOF,0.038433552441789705,0.008628980270988913,0.9529374672872214
25934,LOF,0.024983344385195116,0.009702857988993572,0.9653137976258114
25935,LOF,0.0661493418361728,0.028070096556226783,0.9057805616076003
25936,LOF,0.046732452529169834,0.012244948385203739,0.9410225990856265
25937,LOF,0.031298644098922,0.020118134609929315,0.9485832212911488
25938,LOF,0.06398022502377256,0.029127982055970822,0.9068917929202566
25939,LOF,0.038314812260963255,0.008504040417649237,0.9531811473213876
25940,LOF,0.027324776653008486,0.37367026137301673,0.5990049619739747
25941,LOF,0.1737376589384529,0.08651866047451723,0.7397436805870299
25942,LOF,0.01850958409497198,0.037383204586435244,0.9441072113185929
25943,LOF,0.3357371535545474,0.058123539975848515,0.606139306469604
25944,LOF,0.47699417954136036,0.031696023686986145,0.4913097967716535
25945,LOF,0.08274223531966984,0.021214541733217025,0.8960432229471131
25946,LOF,0.025146339734035274,0.13229638524323947,0.8425572750227251
25947,LOF,0.12832306905255944,0.19120170656453403,0.6804752243829065
25948,LOF,0.46434115265473686,0.018408759156714256,0.5172500881885489
25949,LOF,0.09701891962485425,0.07418145661228362,0.8287996237628621
25950,GOF,0.27543871694102945,0.42255464451385627,0.3020066385451143
25951,LOF,0.25762017143259297,0.22021868522717158,0.5221611433402354
25952,LOF,0.053743075958551836,0.44850975142485444,0.49774717261659385
25953,LOF,0.13116713093229773,0.10719174039833658,0.7616411286693656
25954,Neutral,0.4040040057927661,0.2157712529019699,0.3802247413052639
25955,LOF,0.05928630090754095,0.08957219528071983,0.8511415038117391
25956,LOF,0.20977232964719114,0.08310677881099325,0.7071208915418156
25957,LOF,0.0433940292260993,0.029095617778778046,0.9275103529951226
25958,LOF,0.05584980916621453,0.02902877131503428,0.9151214195187513
25959,LOF,0.06736363901659412,0.3248492774347109,0.607787083548695
25960,LOF,0.020944508283136754,0.06534196019888208,0.9137135315179811
25961,LOF,0.048205333778939534,0.036121415680782996,0.9156732505402776
25962,LOF,0.05671527289512083,0.03211010322897329,0.911174623875906
25963,LOF,0.05210789618410751,0.14677995729062046,0.8011121465252721
25964,LOF,0.03195036051015144,0.12138842286445121,0.8466612166253975
25965,LOF,0.42917334083064523,0.0862340456898711,0.4845926134794835
25966,Neutral,0.4698135270505026,0.15253864104390244,0.37764783190559503
25967,LOF,0.013360883242735454,0.0832054430599529,0.9034336736973116
25968,LOF,0.03393176451984187,0.4677776433726425,0.4982905921075156
25969,LOF,0.02266565143053893,0.05494405435796079,0.9223902942115003
25970,LOF,0.05800802882686602,0.0642689152496776,0.8777230559234563
25971,LOF,0.07391422844695994,0.01882998606191928,0.9072557854911207
25972,LOF,0.07669371737320534,0.02730332595909751,0.8960029566676972
25973,LOF,0.08521590129654147,0.009265206812976188,0.9055188918904823
25974,LOF,0.23856035510576376,0.02236997388763363,0.7390696710066027
25975,LOF,0.04895441362129753,0.03137134735243577,0.9196742390262667
25976,LOF,0.04852268357544495,0.019203034332865927,0.9322742820916892
25977,LOF,0.14571115236466342,0.09850775721096154,0.7557810904243749
25978,LOF,0.10169103400855894,0.08050994359964542,0.8177990223917957
25979,LOF,0.10050306793816499,0.07863190578686012,0.8208650262749749
25980,LOF,0.12697215684785743,0.11336121007086329,0.7596666330812794
25981,LOF,0.15242342343182883,0.10848515819572653,0.7390914183724446
25982,LOF,0.31177062448251114,0.06374757829446452,0.6244817972230243
25983,LOF,0.30954386824280766,0.0623818762192409,0.6280742555379514
25984,LOF,0.0491055688802097,0.07634162201421446,0.8745528091055759
25985,LOF,0.025793850025002316,0.2531976168891,0.7210085330858977
25986,LOF,0.03419932909144949,0.2614565829453586,0.7043440879631918
25987,LOF,0.0723475100385937,0.08890429653575488,0.8387481934256514
25988,LOF,0.11567054459746406,0.07429656687409818,0.8100328885284378
25989,LOF,0.02770463766182698,0.1269840649119532,0.8453112974262198
25990,LOF,0.035959853010469965,0.16007801650377043,0.8039621304857595
25991,GOF,0.1653148514431605,0.4396695586685298,0.39501558988830976
25992,LOF,0.36496950753617596,0.2694747116042836,0.36555578085954044
25993,LOF,0.023333758701570922,0.09032943957894281,0.8863368017194864
25994,LOF,0.016670129681456307,0.1447043771976485,0.8386254931208951
25995,LOF,0.024308172434752636,0.20264662229152824,0.7730452052737191
25996,GOF,0.2280516824373941,0.5964342247167613,0.1755140928458446
25997,GOF,0.1025228259565211,0.5852653404386418,0.31221183360483706
25998,Neutral,0.5722604906657307,0.012830849828500983,0.4149086595057683
25999,LOF,0.122742253401084,0.14168359415352993,0.735574152445386
26000,LOF,0.17400142632076152,0.03744011301802005,0.7885584606612184
26001,LOF,0.18678193021428413,0.03683815395543455,0.7763799158302813
26002,LOF,0.1615710468855964,0.04123912463229959,0.797189828482104
26003,GOF,0.00917574085955726,0.6469950871055586,0.34382917203488417
26004,GOF,0.02151174878282359,0.7102168484806901,0.26827140273648636
26005,GOF,0.008761165101453671,0.5448678997864398,0.4463709351121066
26006,Neutral,0.4766300317134656,0.312173617947458,0.2111963503390764
26007,GOF,0.01810695114167879,0.5764142282277407,0.40547882063058055
26008,GOF,0.017111923483369075,0.6030660340702872,0.3798220424463437
26009,GOF,0.023058815743597322,0.6642064894323527,0.3127346948240498
26010,GOF,0.023448181848975107,0.690899364352407,0.2856524537986179
26011,GOF,0.008162381008003445,0.5284573153314206,0.46338030366057587
26012,GOF,0.015167383112827724,0.6138125926631065,0.3710200242240656
26013,GOF,0.016120448159894583,0.6718971026734657,0.31198244916663975
26014,LOF,0.04030915562204935,0.18467702419536267,0.7750138201825879
26015,LOF,0.2329601177988814,0.016784065277139472,0.7502558169239792
26016,LOF,0.22286151633063817,0.06836525179611332,0.7087732318732485
26017,LOF,0.1801674912003775,0.10790792540141375,0.7119245833982086
26018,LOF,0.07532337125658346,0.07121776156142749,0.853458867181989
26019,LOF,0.07195387621800053,0.051337463424158555,0.8767086603578409
26020,LOF,0.05395576205216207,0.1370699102844353,0.8089743276634026
26021,LOF,0.04832150366034975,0.1703014084525482,0.781377087887102
26022,LOF,0.011589761198325851,0.07052775759028564,0.9178824812113885
26023,LOF,0.10196923380662902,0.0477894817693521,0.8502412844240189
26024,LOF,0.02815157087250625,0.13380846231730806,0.8380399668101857
26025,LOF,0.1335267777539822,0.13789601505100285,0.728577207195015
26026,LOF,0.2954615550084811,0.03323719051048251,0.6713012544810365
26027,LOF,0.07177836513023411,0.03958038962208738,0.8886412452476785
26028,LOF,0.15505341456173288,0.09211986646660392,0.7528267189716632
26029,LOF,0.07615015413568564,0.15259737658716077,0.7712524692771536
26030,LOF,0.02846839803114771,0.05509622258925876,0.9164353793795935
26031,LOF,0.033943005608385625,0.12030170294861202,0.8457552914430023
26032,LOF,0.06718882064193744,0.06713248494459292,0.8656786944134697
26033,LOF,0.10736790103602245,0.0770579611744056,0.8155741377895719
26034,LOF,0.048722187014020965,0.12977039317026867,0.8215074198157103
26035,LOF,0.0340454919983626,0.11491598387545865,0.8510385241261788
26036,LOF,0.04814306504475112,0.13959079865177187,0.8122661363034769
26037,LOF,0.029675966781671257,0.0965968332021377,0.8737272000161911
26038,LOF,0.06457377126309215,0.06540357549917727,0.8700226532377305
26039,LOF,0.06358685038148047,0.12182955452767467,0.8145835950908448
26040,LOF,0.19673753242372718,0.11269715460537523,0.6905653129708975
26041,LOF,0.029030272642209302,0.08915778479073122,0.8818119425670595
26042,LOF,0.028323507825010686,0.08918296665040744,0.8824935255245818
26043,LOF,0.06271452634193621,0.08163707272654354,0.8556484009315202
26044,LOF,0.02360017443509044,0.06934588453817232,0.9070539410267372
26045,LOF,0.07488544051303529,0.08541192936735718,0.8397026301196074
26046,LOF,0.06516222145272899,0.0849610862321703,0.8498766923151008
26047,LOF,0.09459448382602909,0.09644367547555076,0.8089618406984203
26048,LOF,0.04603990604600718,0.05495457149535786,0.8990055224586351
26049,Neutral,0.9541509783461102,0.008722861201828675,0.037126160452061296
26050,Neutral,0.9325243711076892,0.010284751520704783,0.057190877371606136
26051,LOF,0.054550104560248926,0.2915123335706169,0.6539375618691341
26052,LOF,0.07982926609821847,0.2698586565081638,0.6503120773936177
26053,LOF,0.05627934325098756,0.14248753621711643,0.801233120531896
26054,LOF,0.0572226151748454,0.03757994009141323,0.9051974447337413
26055,LOF,0.07624145807581707,0.024772548172404034,0.8989859937517789
26056,LOF,0.062464409180565554,0.033133060780855456,0.9044025300385788
26057,LOF,0.031616127319619124,0.017643054113855652,0.9507408185665253
26058,LOF,0.032274784139346376,0.015578946298855256,0.9521462695617984
26059,LOF,0.2650893620164749,0.04883703752365422,0.686073600459871
26060,LOF,0.028622918703531126,0.2536919761681608,0.7176851051283081
26061,LOF,0.019629908572499757,0.019815259940889274,0.9605548314866109
26062,LOF,0.011448051834549257,0.02900447612622244,0.9595474720392284
26063,LOF,0.022183017220413746,0.01697539278652933,0.9608415899930569
26064,LOF,0.023477720124556872,0.0249751587699502,0.951547121105493
26065,LOF,0.02492585038874168,0.020754867006307083,0.9543192826049511
26066,LOF,0.02038741169831712,0.017225869159386883,0.962386719142296
26067,LOF,0.025000899112903253,0.012935739065512727,0.962063361821584
26068,LOF,0.04820565306773219,0.05793230909263187,0.8938620378396359
26069,LOF,0.2550608457013402,0.03918361412948611,0.7057555401691737
26070,LOF,0.3940618558329269,0.02519294740381993,0.5807451967632532
26071,LOF,0.02257780354886104,0.021421120153620323,0.9560010762975186
26072,LOF,0.02316764086723216,0.028601547421127454,0.9482308117116403
26073,LOF,0.024485725692783372,0.015845572635089157,0.9596687016721275
26074,Neutral,0.9055108301252857,0.008068381977713477,0.08642078789700076
26075,LOF,0.04423087106001483,0.023062670374294353,0.9327064585656909
26076,LOF,0.044523450603369465,0.013790665797662086,0.9416858835989683
26077,LOF,0.009577617537728159,0.03302914489576213,0.9573932375665098
26078,LOF,0.014262137068264891,0.019523153193099833,0.9662147097386352
26079,LOF,0.05435493401546746,0.03168861487834321,0.9139564511061894
26080,LOF,0.053140155853123504,0.03184630490817065,0.9150135392387058
26081,LOF,0.03529592599907955,0.011657101376485058,0.9530469726244355
26082,LOF,0.019487743220573058,0.029486269220817585,0.9510259875586093
26083,LOF,0.1326591668860756,0.020990800291686394,0.846350032822238
26084,LOF,0.02616454499015777,0.025793268334521276,0.948042186675321
26085,LOF,0.022079608354024567,0.023790972861167006,0.9541294187848085
26086,LOF,0.024791910812323077,0.016230854740961247,0.9589772344467157
26087,LOF,0.025102056217732687,0.012121531249622381,0.9627764125326449
26088,LOF,0.018963159124862457,0.03467922967694284,0.9463576111981946
26089,LOF,0.04647136873756942,0.036649983859751,0.9168786474026795
26090,LOF,0.04556862248695563,0.030138680874712012,0.9242926966383325
26091,LOF,0.039181102708552705,0.010497347004547401,0.9503215502868998
26092,LOF,0.02679148015693729,0.014562467364783144,0.9586460524782796
26093,LOF,0.03739164697810108,0.01000707510744144,0.9526012779144576
26094,LOF,0.04184865497700961,0.011235914031036295,0.9469154309919542
26095,LOF,0.054174783792360605,0.028115495094977468,0.9177097211126619
26096,LOF,0.023148834482455756,0.018765932928728593,0.9580852325888155
26097,LOF,0.010312434520285286,0.057957102585383447,0.9317304628943313
26098,LOF,0.07161547151649696,0.02248493163387059,0.9058995968496325
26099,LOF,0.02562642255120051,0.02462961802630993,0.9497439594224896
26100,LOF,0.0274157982450846,0.02212838433341386,0.9504558174215016
26101,LOF,0.05466668155456305,0.02294783972775205,0.922385478717685
26102,LOF,0.027018913274923593,0.01841137335117644,0.9545697133739
26103,Neutral,0.8831559938243138,0.035013276250391745,0.08183072992529447
26104,LOF,0.0640370278542556,0.0606661897803725,0.875296782365372
26105,LOF,0.23730457068822838,0.23047038457763264,0.5322250447341389
26106,LOF,0.16738355717604747,0.1293098583334262,0.7033065844905263
26107,LOF,0.25505691496320115,0.09015725185897666,0.6547858331778221
26108,LOF,0.2178452647766748,0.13460062618804303,0.6475541090352822
26109,LOF,0.07597783411720944,0.15458208260802883,0.7694400832747617
26110,LOF,0.29715416875387934,0.007889665341807085,0.6949561659043136
26111,LOF,0.4673813981051752,0.021518637167299175,0.5110999647275255
26112,LOF,0.03764015164081157,0.008738949944079612,0.9536208984151089
26113,LOF,0.05630983786179497,0.015477602318997235,0.9282125598192078
26114,LOF,0.01956574093855516,0.01769246830312426,0.9627417907583206
26115,LOF,0.07716795456393262,0.041604594945642476,0.8812274504904248
26116,LOF,0.057408770405159466,0.029100177991348092,0.9134910516034923
26117,LOF,0.39362446903422305,0.059478577332939805,0.5468969536328372
26118,LOF,0.039024565533417675,0.03535506250234594,0.9256203719642363
26119,LOF,0.023787006866154398,0.04906106600312403,0.9271519271307215
26120,LOF,0.029711081452554182,0.025174873864139448,0.9451140446833064
26121,LOF,0.05791104076039256,0.07594328256931668,0.8661456766702907
26122,LOF,0.05429693508626154,0.04048508459447999,0.9052179803192586
