feature0,prediction,LoGoFunc_Neutral,LoGoFunc_GOF,LoGoFunc_LOF
25546,Neutral,0.6279998329060418,0.05011307394589751,0.32188709314806074
25547,Neutral,0.5185674823033176,0.0879441830611016,0.3934883346355808
25548,Neutral,0.5064430558487174,0.07594329335659902,0.41761365079468354
25549,LOF,0.4437944727404054,0.07890336822381172,0.47730215903578294
25550,LOF,0.3915187493777878,0.09218154109326264,0.5162997095289495
25551,LOF,0.32828004274263617,0.10799782135633931,0.5637221359010245
25552,LOF,0.29708577101693634,0.11704022788042945,0.5858740011026343
25553,Neutral,0.7851605521920121,0.04969596586801161,0.16514348193997644
25554,LOF,0.334474059392483,0.10775721249573718,0.5577687281117798
25555,LOF,0.28991135976816146,0.0979680971928425,0.6121205430389961
25556,Neutral,0.46003568684936896,0.0921604522025152,0.44780386094811575
25557,LOF,0.2860524364427194,0.10326404007255131,0.6106835234847293
25558,LOF,0.34175378970845044,0.10232355245330962,0.55592265783824
25559,LOF,0.2739835513120375,0.04497936904099591,0.6810370796469665
25560,LOF,0.09551454445267032,0.14785224737364566,0.7566332081736841
25561,LOF,0.09410105321585878,0.2168980236890582,0.689000923095083
25562,LOF,0.03482435507716609,0.11902379550553131,0.8461518494173026
25563,LOF,0.009561835855434008,0.14979299704043075,0.8406451671041353
25564,LOF,0.09004223301501772,0.12246006918189735,0.7874976978030849
25565,LOF,0.17890343566499625,0.12624430121960833,0.6948522631153954
25566,GOF,0.06767508073764537,0.6502913805276804,0.2820335387346741
25567,LOF,0.045930292985444765,0.16872019372498415,0.7853495132895711
25568,LOF,0.05880495879248555,0.09812598516945317,0.8430690560380613
25569,LOF,0.06017188341406312,0.0923891491608766,0.8474389674250603
25570,LOF,0.03049340211374303,0.1373546001204437,0.8321519977658133
25571,LOF,0.02729951287453378,0.13844953376010366,0.8342509533653625
25572,LOF,0.06197641627686521,0.20340744186981416,0.7346161418533206
25573,LOF,0.06671772491193742,0.1337770956814249,0.7995051794066377
25574,LOF,0.0702070982350458,0.23313885859440292,0.6966540431705511
25575,LOF,0.02693921553792277,0.14659971455763468,0.8264610699044426
25576,LOF,0.028495727225111626,0.23092967830289565,0.7405745944719928
25577,LOF,0.03459592287886552,0.17627305721650607,0.7891310199046284
25578,LOF,0.30057852424174275,0.10543801285926653,0.5939834628989907
25579,LOF,0.20541036500259383,0.10094606116656434,0.6936435738308419
25580,LOF,0.024108776365941758,0.10138865759741099,0.8745025660366472
25581,LOF,0.05007329416554142,0.09706955179863115,0.8528571540358275
25582,LOF,0.04964064220019131,0.09498858138610741,0.8553707764137012
25583,LOF,0.028178782488141575,0.10430156078976813,0.8675196567220902
25584,Neutral,0.7293604842513943,0.12648928306513096,0.14415023268347474
25585,LOF,0.022625392871151027,0.22306164120572694,0.7543129659231219
25586,LOF,0.019972993165899615,0.10739593477559096,0.8726310720585095
25587,LOF,0.019982542063620976,0.1017640992698117,0.8782533586665673
25588,LOF,0.02351832878572732,0.09234864201377074,0.884133029200502
25589,Neutral,0.5407456975720087,0.2446487101558621,0.21460559227212914
25590,LOF,0.048600812431442555,0.1657248698615329,0.7856743177070247
25591,LOF,0.08043496231045107,0.09069060579552274,0.8288744318940261
25592,LOF,0.06297732814718492,0.18275489760862698,0.7542677742441881
25593,LOF,0.11383374741473802,0.32122900689547507,0.5649372456897869
25594,LOF,0.052421881922746855,0.045185656709279376,0.9023924613679737
25595,LOF,0.05666338212999257,0.027187184207937663,0.9161494336620697
25596,LOF,0.11859257348955975,0.01631849851655808,0.8650889279938823
25597,LOF,0.09181398678331651,0.020360622227628467,0.8878253909890549
25598,LOF,0.047943550037602194,0.029680458827087232,0.9223759911353104
25599,LOF,0.026895451680078546,0.346335526941548,0.6267690213783735
25600,LOF,0.18766767858865963,0.3501322507736142,0.4622000706377261
25601,LOF,0.04247388187729314,0.27228953983299503,0.6852365782897117
25602,LOF,0.032667265468594886,0.07723434876540283,0.8900983857660023
25603,LOF,0.041759899197771934,0.07284993455314191,0.8853901662490862
25604,LOF,0.0416861285604273,0.12694561367631585,0.831368257763257
25605,LOF,0.03551306279912599,0.22939006954799507,0.7350968676528788
25606,Neutral,0.4155824743401435,0.23278463482343084,0.3516328908364257
25607,LOF,0.02888147518800269,0.26920119792648767,0.7019173268855096
25608,LOF,0.03875124879742882,0.1682034810390393,0.7930452701635319
25609,GOF,0.1782784223992816,0.5260248943265221,0.29569668327419635
25610,LOF,0.01724943672100971,0.05162266157489124,0.9311279017040991
25611,LOF,0.015119653686638482,0.05551331998691223,0.9293670263264493
25612,LOF,0.046343273376153765,0.06817240046959415,0.8854843261542521
25613,LOF,0.04517252822624775,0.0703697379519033,0.884457733821849
25614,LOF,0.02613013202257268,0.04654049591037272,0.9273293720670547
25615,LOF,0.04191879564652545,0.05626151778471714,0.9018196865687574
25616,LOF,0.059545582109227585,0.05544820520093392,0.8850062126898385
25617,LOF,0.04566407841340038,0.06009429018017525,0.8942416314064243
25618,LOF,0.055713341570019434,0.07649108301865931,0.8677955754113211
25619,LOF,0.01488847547627617,0.06373738615342726,0.9213741383702966
25620,LOF,0.06161228575524444,0.06612611301000874,0.8722616012347468
25621,LOF,0.06183652900859996,0.0518214868749338,0.8863419841164663
25622,LOF,0.06631466559696826,0.06611794442923964,0.867567389973792
25623,LOF,0.0596379204280267,0.046754244837513094,0.8936078347344603
25624,LOF,0.021011650392058785,0.05890857639948933,0.9200797732084519
25625,LOF,0.06255354226921281,0.05538360293447318,0.882062854796314
25626,LOF,0.04673308576801067,0.058846627911573794,0.8944202863204155
25627,Neutral,0.8851220065672024,0.024819492687123735,0.09005850074567387
25628,LOF,0.16887329885715285,0.06771219882861874,0.7634145023142284
25629,LOF,0.06772874384998366,0.0730287010128984,0.859242555137118
25630,LOF,0.2750554918357434,0.07868861002779601,0.6462558981364606
25631,Neutral,0.5337395296890218,0.05997358062930892,0.4062868896816693
25632,LOF,0.029774114060847637,0.09446400020101588,0.8757618857381364
25633,LOF,0.20004317108919534,0.06559516830001383,0.7343616606107909
25634,LOF,0.04203893444511676,0.13702700330194525,0.8209340622529381
25635,LOF,0.03645264637030699,0.049893596289151486,0.9136537573405416
25636,GOF,0.031243382546105765,0.5495977290967466,0.4191588883571477
25637,GOF,0.05661156368411003,0.5342102276943106,0.40917820862157944
25638,GOF,0.03152341306577726,0.495412188588784,0.4730643983454388
25639,LOF,0.03048346056362446,0.45296629258785887,0.5165502468485167
25640,Neutral,0.8499164116361537,0.09552173076312223,0.05456185760072395
25641,GOF,0.12298844240156212,0.476131994504988,0.40087956309344974
25642,LOF,0.09433949177052173,0.1947636569266291,0.7108968513028492
25643,LOF,0.30328153713989414,0.11558935201568583,0.58112911084442
25644,GOF,0.011656024215074138,0.6303345790084234,0.3580093967765025
25645,GOF,0.011195428490243055,0.6384753429991307,0.35032922851062626
25646,LOF,0.028825869192291156,0.44793025846255125,0.5232438723451575
25647,LOF,0.012341896161637523,0.34187958828157655,0.6457785155567859
25648,LOF,0.014278172294550997,0.42100961669109777,0.5647122110143512
25649,LOF,0.009629270531563752,0.3045652519148041,0.6858054775536321
25650,GOF,0.022777672759771054,0.6176764688616453,0.35954585837858366
25651,LOF,0.010403268328380158,0.42357736142695757,0.5660193702446622
25652,LOF,0.014856178286891238,0.4458035659497197,0.5393402557633891
25653,GOF,0.0361770248328697,0.6300073448758091,0.3338156302913211
25654,LOF,0.010669427594408006,0.3523125131859221,0.6370180592196699
25655,GOF,0.12524259953611802,0.6176687270134654,0.25708867345041647
25656,LOF,0.35369415606168786,0.14485244064643377,0.5014534032918783
25657,LOF,0.06119912675120741,0.12362318663969361,0.815177686609099
25658,LOF,0.32079376642607865,0.16895979011256138,0.51024644346136
25659,Neutral,0.479712909237899,0.17551403244588423,0.3447730583162169
25660,LOF,0.02072768475929248,0.12202802675556979,0.8572442884851377
25661,LOF,0.07779648235480842,0.0766971553193417,0.84550636232585
25662,LOF,0.02782931434693229,0.03895159505358733,0.9332190905994804
25663,LOF,0.034006934225681164,0.04554257132188286,0.920450494452436
25664,LOF,0.11039961443950094,0.06964623816034055,0.8199541474001585
25665,LOF,0.05785799718181657,0.0303507053203074,0.911791297497876
25666,LOF,0.07559998673958213,0.06168109340548183,0.8627189198549361
25667,LOF,0.06789186600431311,0.04136359816348863,0.8907445358321981
25668,LOF,0.03250787566077534,0.05211136357059584,0.9153807607686288
25669,LOF,0.026508369441572338,0.05041998112696502,0.9230716494314626
25670,LOF,0.12864479122529454,0.04273891680494647,0.828616291969759
25671,LOF,0.09299388805478791,0.0453371025571012,0.8616690093881108
25672,LOF,0.047788680928901296,0.04669509151343331,0.9055162275576653
25673,LOF,0.07328110557297675,0.05169350298799133,0.8750253914390319
25674,LOF,0.0714689857186955,0.06656711567245978,0.8619638986088447
25675,LOF,0.08636169299715639,0.07429080418024928,0.8393475028225943
25676,LOF,0.015918684616084453,0.06384430745237132,0.9202370079315442
25677,LOF,0.01972900210524074,0.08414903627073242,0.8961219616240269
25678,LOF,0.15662884708715608,0.09650525367545648,0.7468658992373876
25679,LOF,0.11142369346490008,0.0860228266342066,0.8025534799008933
25680,LOF,0.026537778308286956,0.13633828321596383,0.8371239384757493
25681,LOF,0.04334752645145374,0.13228354679212198,0.8243689267564243
25682,LOF,0.11442776996445932,0.08525797290559291,0.8003142571299477
25683,LOF,0.09939548619848111,0.09397141525703641,0.8066330985444825
25684,LOF,0.03155047525328687,0.07538898165245808,0.8930605430942551
25685,LOF,0.11226754427740514,0.07600556930632552,0.8117268864162693
25686,LOF,0.07586187952039301,0.10733975082754554,0.8167983696520613
25687,LOF,0.12779440431734887,0.12229270979970278,0.7499128858829482
25688,LOF,0.41829642199866185,0.034915592398283374,0.5467879856030547
25689,LOF,0.28077101708776997,0.046777920459768536,0.6724510624524616
25690,LOF,0.36791858709698444,0.032910830761218444,0.5991705821417971
25691,Neutral,0.7036755530460874,0.03337859512506634,0.2629458518288463
25692,LOF,0.39447610381318027,0.014281650033311824,0.591242246153508
25693,LOF,0.04127060349654956,0.46259670930049474,0.4961326872029557
25694,LOF,0.1191442261944701,0.016630074683178273,0.8642256991223517
25695,LOF,0.1218469980836193,0.010124508516928777,0.8680284933994519
25696,LOF,0.1597793371292149,0.013426268790663113,0.8267943940801219
25697,LOF,0.05096101515743964,0.12916190125646562,0.8198770835860947
25698,LOF,0.27565919786969667,0.24311886084268194,0.4812219412876213
25699,LOF,0.4599683995873353,0.04366872153375117,0.4963628788789136
25700,LOF,0.07713374389074935,0.011766687890729627,0.911099568218521
25701,LOF,0.17722716305980157,0.037343471123867766,0.7854293658163307
25702,GOF,0.1999225298555775,0.6324343452233366,0.16764312492108588
25703,LOF,0.019073126757693522,0.15867281533030805,0.8222540579119985
25704,LOF,0.03875488984960547,0.1781028411762403,0.7831422689741542
25705,LOF,0.03732530850660503,0.09605310741216806,0.8666215840812269
25706,LOF,0.11169549478508696,0.3652751001697906,0.5230294050451224
25707,LOF,0.08212008304306855,0.2785972000955747,0.6392827168613568
25708,LOF,0.04455537765163412,0.26616751035442254,0.6892771119939435
25709,LOF,0.0681089597071751,0.030708340304667806,0.9011826999881571
25710,LOF,0.013023896701140885,0.11170415986552501,0.8752719434333341
25711,LOF,0.020320664414476535,0.07088674883648566,0.9087925867490377
25712,LOF,0.015101894933322636,0.16221090572629035,0.822687199340387
25713,LOF,0.01858166452520178,0.08185033340825296,0.8995680020665452
25714,LOF,0.07104666175303274,0.055181064142142904,0.8737722741048244
25715,LOF,0.012637390484968616,0.10587713792278167,0.8814854715922497
25716,LOF,0.011729245297079532,0.09824593771900594,0.8900248169839146
25717,LOF,0.016786740782180832,0.07635399413061097,0.9068592650872082
25718,LOF,0.011501885645925117,0.07122385175204726,0.9172742626020277
25719,LOF,0.022157779273645622,0.068767771478944,0.9090744492474104
25720,LOF,0.026235061478288583,0.05501987783569716,0.9187450606860141
25721,LOF,0.013951248231497761,0.08479906741412978,0.9012496843543724
25722,LOF,0.01426928549121887,0.06566478450358335,0.9200659300051979
25723,LOF,0.02564704862600045,0.03696418306417317,0.9373887683098264
25724,LOF,0.03628241299383844,0.06610673728694437,0.8976108497192171
25725,LOF,0.012375891302369825,0.060721098242698036,0.9269030104549321
25726,LOF,0.016739554717516425,0.08340291985989975,0.8998575254225839
25727,LOF,0.0132335466457573,0.06371275848545216,0.9230536948687905
25728,LOF,0.010544122576661088,0.06881411871628043,0.9206417587070586
25729,LOF,0.010724682767489275,0.06781915201998771,0.921456165212523
25730,LOF,0.0139187341663123,0.07033218233431598,0.9157490834993718
25731,LOF,0.020554063898715162,0.07612145581574707,0.9033244802855379
25732,LOF,0.013117073593211567,0.04308102786296507,0.9438018985438233
25733,LOF,0.017913233061917493,0.0414244455572942,0.9406623213807882
25734,LOF,0.013057225328523174,0.10825769568139752,0.8786850789900793
25735,LOF,0.011656396308699834,0.05027759336184077,0.9380660103294595
25736,LOF,0.012498466041035078,0.05364915542439541,0.9338523785345696
25737,LOF,0.012811209899224074,0.07106478453820296,0.916124005562573
25738,LOF,0.011994217617532983,0.0691178420923717,0.9188879402900954
25739,LOF,0.020105913731609002,0.05206104774152785,0.927833038526863
25740,LOF,0.028701049331618992,0.08120409379459124,0.8900948568737898
25741,LOF,0.01498153015582575,0.0798566506245168,0.9051618192196574
25742,LOF,0.11760270099472657,0.0575068421727459,0.8248904568325276
25743,LOF,0.04326251630079123,0.04940799883463923,0.9073294848645695
25744,Neutral,0.6114200493142271,0.22808085336018008,0.16049909732559287
25745,LOF,0.06372673092210268,0.06756406502907708,0.8687092040488202
25746,LOF,0.04364721608126909,0.08642156101400872,0.8699312229047221
25747,LOF,0.026488949099378756,0.07443574100820141,0.8990753098924199
25748,LOF,0.13749192324995188,0.11647552678783389,0.7460325499622144
25749,LOF,0.028083961169284622,0.08123656425849994,0.8906794745722155
25750,LOF,0.07341696650644144,0.09920583806564129,0.8273771954279173
25751,LOF,0.10872201651716208,0.13272387635371316,0.7585541071291246
25752,GOF,0.10195300857024937,0.6157392743866248,0.28230771704312585
25753,LOF,0.029795914188844516,0.3755783799688639,0.5946257058422916
25754,GOF,0.017925075635717817,0.8072262683634143,0.174848656000868
25755,LOF,0.029021203024424395,0.3988577396266071,0.5721210573489685
25756,LOF,0.05807701138913237,0.40494133573014307,0.5369816528807245
25757,GOF,0.0235068317933512,0.8740005009428263,0.10249266726382243
25758,GOF,0.029440203884020997,0.8110892947909142,0.15947050132506463
25759,GOF,0.01237203071511935,0.6162963432130436,0.371331626071837
25760,LOF,0.016286942916200326,0.3498740703106811,0.6338389867731186
25761,GOF,0.28528635669122726,0.6370424141522177,0.07767122915655503
25762,LOF,0.05274712381428934,0.3529601900188128,0.5942926861668979
25763,LOF,0.018656193605385195,0.2603000480224865,0.7210437583721283
25764,GOF,0.07849461209124486,0.6908772207133093,0.23062816719544585
25765,GOF,0.033335507324603705,0.7695908808181003,0.19707361185729586
25766,GOF,0.07130538772274275,0.7927754596899343,0.13591915258732293
25767,GOF,0.1403142036474374,0.4965524415831474,0.3631333547694153
25768,LOF,0.11067639270254795,0.047804445887368506,0.8415191614100834
25769,LOF,0.05349165711870367,0.06214028334049741,0.8843680595407989
25770,LOF,0.31699169606958466,0.10251157285725285,0.5804967310731626
25771,LOF,0.052163181842778246,0.05114127415643203,0.8966955440007897
25772,LOF,0.019782870873463452,0.05049836386994457,0.9297187652565919
25773,LOF,0.05399418413382124,0.08073823775910763,0.8652675781070712
25774,LOF,0.030444488306244865,0.1225515780786206,0.8470039336151345
25775,LOF,0.05678747386216676,0.05995134554863423,0.883261180589199
25776,LOF,0.07167155268226624,0.0337452774046952,0.8945831699130384
25777,LOF,0.34386485781747617,0.09838948034364697,0.5577456618388769
25778,LOF,0.06816455527817271,0.0561559305601942,0.875679514161633
25779,GOF,0.38037225384087875,0.5787044130073211,0.040923333151800176
25780,GOF,0.36632309493386656,0.5539140558170569,0.07976284924907667
25781,GOF,0.11067434359438011,0.783428055244596,0.10589760116102392
25782,GOF,0.1807235320254905,0.7408533437859052,0.0784231241886044
25783,GOF,0.024193559938916163,0.6258578434420213,0.34994859661906247
25784,Neutral,0.5294306653207358,0.4306873516282073,0.03988198305105677
25785,Neutral,0.5016033527248105,0.4524493701639456,0.04594727711124385
25786,GOF,0.03294152251891089,0.7529559524813195,0.21410252499976962
25787,Neutral,0.6799219874807586,0.29205613848615003,0.0280218740330914
25788,LOF,0.05266795286026218,0.0863375212040388,0.860994525935699
25789,GOF,0.19505098758797337,0.6610138330390467,0.1439351793729798
25790,GOF,0.25460807156835197,0.6470495345774135,0.09834239385423456
25791,GOF,0.14777484343868597,0.6768074125658217,0.17541774399549245
25792,GOF,0.349649652040238,0.5219244138127257,0.12842593414703618
25793,GOF,0.2552547239387381,0.4716773185015835,0.27306795755967833
25794,GOF,0.3125338611090964,0.47131540608142014,0.2161507328094835
25795,GOF,0.05389608538967151,0.6862407280307059,0.25986318657962254
25796,Neutral,0.505714534245461,0.4158507723574779,0.07843469339706098
25797,GOF,0.07778820586282977,0.5554499832395838,0.36676181089758625
25798,GOF,0.010686905682482362,0.512470020312347,0.4768430740051706
25799,LOF,0.008154256028678107,0.42945827231753797,0.5623874716537839
25800,GOF,0.03773355137604097,0.6314463116408423,0.3308201369831167
25801,GOF,0.22852590711213522,0.6835726933319938,0.08790139955587094
25802,GOF,0.06330810415373798,0.715296487111032,0.22139540873523
25803,GOF,0.042055286796755395,0.5942623397720873,0.3636823734311574
25804,GOF,0.037068886697314576,0.49729477850989345,0.46563633479279193
25805,GOF,0.13628910297444513,0.5894946328874484,0.2742162641381065
25806,GOF,0.13838127409491835,0.6240925274293125,0.23752619847576908
25807,GOF,0.021599284411839798,0.6457621149496662,0.33263860063849404
25808,GOF,0.11286014758643573,0.6085183205125805,0.27862153190098377
25809,GOF,0.01858920956393,0.6355794573370502,0.3458313330990198
25810,GOF,0.020436618552904188,0.655756651231247,0.32380673021584866
25811,Neutral,0.5048634372072967,0.4226934466336987,0.07244311615900464
25812,GOF,0.038242393060421515,0.62366319577645,0.33809441116312844
25813,Neutral,0.5788492673653107,0.3193240075826594,0.10182672505202998
25814,GOF,0.13774882926857454,0.6396914974786242,0.22255967325280132
25815,GOF,0.2742172611338074,0.5417435190801143,0.18403921978607826
25816,GOF,0.022638455511296306,0.6700664005725094,0.3072951439161942
25817,GOF,0.21538157914186987,0.6548514202460157,0.12976700061211438
25818,GOF,0.04908841174094704,0.5702759877838742,0.38063560047517864
25819,GOF,0.38236249127453753,0.4581653373645071,0.15947217136095534
25820,GOF,0.20819775162238444,0.5819954595571835,0.20980678882043213
25821,GOF,0.05987173811518537,0.6749875573585982,0.26514070452621646
25822,GOF,0.26995957661743153,0.5120090326516218,0.21803139073094666
25823,GOF,0.035521341110669735,0.5010105009380278,0.4634681579513024
25824,GOF,0.09913486621734181,0.5224550255870405,0.37841010819561777
25825,GOF,0.036761917246275505,0.5438211090542606,0.41941697369946385
25826,GOF,0.013516412228224936,0.518998440736051,0.46748514703572397
25827,GOF,0.023519223856284143,0.5611147255864872,0.4153660505572285
25828,LOF,0.015747524550009485,0.48907293625369347,0.49517953919629715
25829,GOF,0.006925737251541557,0.5378149889136687,0.4552592738347897
25830,LOF,0.04491307455110685,0.2902524986378517,0.6648344268110414
25831,GOF,0.1388099666652112,0.7287092450579092,0.13248078827687962
25832,GOF,0.03377323085169429,0.6940396255708394,0.27218714357746626
25833,GOF,0.1154380557713059,0.6966605610487812,0.18790138317991287
25834,GOF,0.03691573107021663,0.6949402120704185,0.26814405685936493
25835,GOF,0.08800796025185512,0.668369499567874,0.2436225401802709
25836,GOF,0.044047971987125796,0.6527005854771539,0.3032514425357202
25837,GOF,0.021619699380847648,0.5432148827566634,0.43516541786248897
25838,GOF,0.08141667399234413,0.7391408462730255,0.1794424797346305
25839,GOF,0.29742706674634306,0.5507304255177969,0.15184250773586006
25840,GOF,0.21263693756286622,0.5856248902046415,0.20173817223249227
25841,GOF,0.22046342557489468,0.5874235396571734,0.1921130347679319
25842,GOF,0.1800613516969371,0.6549451954539424,0.1649934528491205
25843,GOF,0.22378651765380636,0.6529083823959734,0.12330509995022025
25844,GOF,0.0653559138858632,0.6487394839957553,0.2859046021183815
25845,LOF,0.013447777124047135,0.45368925299196655,0.5328629698839864
25846,GOF,0.09400040607856582,0.7203135975310849,0.1856859963903492
25847,GOF,0.1143478359759929,0.7442777134941022,0.14137445052990485
25848,GOF,0.03664789080221089,0.6395073185863233,0.32384479061146576
25849,GOF,0.011046810448440197,0.5343186679816593,0.4546345215699006
25850,GOF,0.02469400183981809,0.5954773471482472,0.37982865101193475
25851,LOF,0.018393378188967004,0.48559777763654133,0.49600884417449154
25852,GOF,0.13403658000850988,0.5865856866745539,0.2793777333169362
25853,GOF,0.3317990007603228,0.5844362903246829,0.08376470891499418
25854,GOF,0.01963100508055625,0.6346532080476683,0.34571578687177534
25855,GOF,0.03996138367733778,0.5946297435035254,0.36540887281913687
25856,GOF,0.2495337308572164,0.5467443191342735,0.20372195000851015
25857,GOF,0.035833925071551365,0.49326603418649445,0.47090004074195413
25858,GOF,0.019412249903248427,0.5271439227023078,0.45344382739444383
25859,GOF,0.010381999133198674,0.5140522043448356,0.47556579652196573
25860,GOF,0.4005952164210878,0.5164970300437013,0.08290775353521092
25861,GOF,0.3632717844057135,0.5504147744419025,0.08631344115238408
25862,GOF,0.07988816667499948,0.7929928011344628,0.12711903219053763
25863,GOF,0.07845325838756104,0.7999441040576409,0.12160263755479801
25864,GOF,0.1586695989001606,0.7637248504293266,0.07760555067051284
25865,GOF,0.07042588680048933,0.7960453225410421,0.13352879065846854
25866,GOF,0.06220906979843216,0.8031042556935148,0.13468667450805316
25867,GOF,0.08761163479245113,0.8059322502334826,0.1064561149740663
25868,GOF,0.27749911683465256,0.6153760084779678,0.10712487468737958
25869,Neutral,0.6916192758952467,0.2651318722353637,0.04324885186938949
25870,LOF,0.34518570484899846,0.2507170142818825,0.4040972808691191
25871,GOF,0.21880269221676416,0.6354911838802146,0.1457061239030212
25872,GOF,0.09032416544693458,0.6168694135239001,0.2928064210291652
25873,GOF,0.17290237692004093,0.6018218778919029,0.2252757451880562
25874,LOF,0.02159069078652832,0.09594698283789795,0.8824623263755736
25875,LOF,0.09065476876306539,0.06801825070315835,0.8413269805337763
25876,LOF,0.02440113576596983,0.04713767775589088,0.9284611864781394
25877,Neutral,0.49102650074534676,0.06743419910425816,0.44153930015039494
25878,LOF,0.22483674919060032,0.10438606914067057,0.6707771816687291
25879,LOF,0.09661167015436871,0.1511802669378236,0.7522080629078077
25880,LOF,0.023206546851377595,0.022983043886690348,0.953810409261932
25881,LOF,0.2066085467894355,0.1733753381731259,0.6200161150374386
25882,LOF,0.09555905343774782,0.022489294982775965,0.8819516515794763
25883,LOF,0.08963056822344952,0.03352456027618653,0.8768448715003639
25884,LOF,0.04539812012635157,0.04260631923581542,0.911995560637833
25885,LOF,0.07171059737290802,0.0160178660725461,0.912271536554546
25886,LOF,0.3452802962443334,0.07094100509725178,0.5837786986584149
25887,LOF,0.18513913557963593,0.1151920626473094,0.6996688017730546
25888,LOF,0.07255091651093355,0.0907169996731978,0.8367320838158687
25889,LOF,0.04486240077948984,0.037466351558081555,0.9176712476624286
25890,LOF,0.05236531942348093,0.15294713562258697,0.7946875449539321
25891,LOF,0.04229383739538084,0.08090823555262498,0.8767979270519942
25892,LOF,0.1201489397025426,0.024278592606855016,0.8555724676906025
25893,LOF,0.3023676150440902,0.01684910364004419,0.6807832813158656
25894,LOF,0.1815545601795108,0.009144292158523378,0.8093011476619658
25895,LOF,0.21453809556479958,0.019648214772866116,0.7658136896623342
25896,LOF,0.055107930732948195,0.02236374638628671,0.922528322880765
25897,LOF,0.2423194149406432,0.016482942143028454,0.7411976429163284
25898,Neutral,0.7266765799114057,0.010744552707397437,0.26257886738119685
25899,LOF,0.30545338411938555,0.02772035271890046,0.666826263161714
25900,Neutral,0.502208895274622,0.01829676392157567,0.47949434080380243
25901,LOF,0.07222590256085944,0.01190162031975898,0.9158724771193815
25902,LOF,0.18625953820501298,0.011248878181717792,0.8024915836132693
25903,Neutral,0.5429375848976951,0.028244274985999948,0.428818140116305
25904,LOF,0.2947155940135112,0.04309191349224564,0.6621924924942432
25905,LOF,0.02492888296963048,0.32288081185808293,0.6521903051722866
25906,LOF,0.02036270486935233,0.07960415943195076,0.9000331356986969
25907,LOF,0.012833059656216034,0.3608296526083158,0.6263372877354682
25908,LOF,0.010747216071045729,0.2580268679838272,0.7312259159451271
25909,LOF,0.01271784903553843,0.18333268197137959,0.803949468993082
25910,LOF,0.04860632215064095,0.1205337427302053,0.8308599351191538
25911,LOF,0.12150871661241948,0.038144454707446505,0.840346828680134
25912,LOF,0.03153279663248645,0.06722217879266945,0.9012450245748441
25913,LOF,0.26583191679394397,0.024516919636143254,0.7096511635699128
25914,LOF,0.02756572201997752,0.11773966340511673,0.8546946145749058
25915,Neutral,0.4088104253588065,0.2401984480748657,0.35099112656632775
25916,LOF,0.06584182136037817,0.2540683015321489,0.6800898771074729
25917,LOF,0.07189963410553482,0.06174815586065079,0.8663522100338144
25918,LOF,0.035328507250489194,0.08080442554162673,0.883867067207884
25919,LOF,0.029956356884669435,0.08587110890046207,0.8841725342148684
25920,GOF,0.0750143596796232,0.5369227004897797,0.38806293983059714
25921,LOF,0.03389597051270426,0.025246216603296612,0.9408578128839992
25922,LOF,0.044222686830913925,0.01447958221608563,0.9412977309530004
25923,LOF,0.41222806604665,0.014915818400192748,0.5728561155531572
25924,LOF,0.04743679783144695,0.022724578275448926,0.9298386238931041
25925,LOF,0.07411288099397442,0.02527499748785844,0.9006121215181672
25926,LOF,0.053840560721237996,0.014884468382990242,0.9312749708957717
25927,LOF,0.08117148499322938,0.03791770195255749,0.880910813054213
25928,LOF,0.026737320575887763,0.018130169437582257,0.95513250998653
25929,Neutral,0.5414274509178255,0.017002937989339027,0.44156961109283543
25930,LOF,0.06552239469657593,0.012202347660684681,0.9222752576427393
25931,LOF,0.03524617675724741,0.016269758628447786,0.9484840646143047
25932,LOF,0.03129933683154405,0.01258026259739145,0.9561204005710646
25933,LOF,0.04114175775937474,0.008416105661989347,0.950442136578636
25934,LOF,0.029001812283249728,0.010369308444747302,0.960628879272003
25935,LOF,0.07000716926303721,0.0269889340695087,0.9030038966674541
25936,LOF,0.04864584806465125,0.011649906762249754,0.939704245173099
25937,LOF,0.034347106347757346,0.016542344786793103,0.9491105488654494
25938,LOF,0.06926310983548953,0.02978980643731703,0.9009470837271935
25939,LOF,0.04247440220776906,0.008330461376970535,0.9491951364152604
25940,LOF,0.023322038614265104,0.3716391848122417,0.6050387765734931
25941,LOF,0.15594835852387853,0.09202685519581738,0.752024786280304
25942,LOF,0.013236656196397925,0.038528658824008674,0.9482346849795935
25943,LOF,0.3155810387468884,0.06552465954057107,0.6188943017125405
25944,Neutral,0.5008639432603375,0.03555560028874945,0.463580456450913
25945,LOF,0.06320165758957243,0.0234475039238516,0.9133508384865758
25946,LOF,0.0340273107288783,0.15433401034520047,0.8116386789259211
25947,LOF,0.12442985762270821,0.2105585383472869,0.6650116040300049
25948,LOF,0.439646891794979,0.013578613181813873,0.5467744950232072
25949,LOF,0.0699456871931796,0.07494764667414049,0.8551066661326798
25950,GOF,0.25240531436241165,0.49726298307679906,0.25033170256078935
25951,LOF,0.23235910646890215,0.21164371871804588,0.555997174813052
25952,GOF,0.06409742160009807,0.48025102047889867,0.45565155792100337
25953,LOF,0.1340363864458356,0.10330954522772519,0.7626540683264391
25954,LOF,0.38666842736229545,0.22629737607667902,0.38703419656102556
25955,LOF,0.06051710681243874,0.08579609281012913,0.8536868003774322
25956,LOF,0.18990677172285936,0.0644036496837152,0.7456895785934253
25957,LOF,0.045023015330112735,0.02284408140030463,0.9321329032695826
25958,LOF,0.054919647199091,0.03005623240603539,0.9150241203948736
25959,LOF,0.061542098604075834,0.3185668182564406,0.6198910831394836
25960,LOF,0.018796491592521152,0.05029083638595237,0.9309126720215266
25961,LOF,0.04588162070719175,0.038966818792003186,0.915151560500805
25962,LOF,0.0606051786673044,0.0366947988909498,0.9027000224417459
25963,LOF,0.04940420912124516,0.20119178646063887,0.749404004418116
25964,LOF,0.0319255727918263,0.13846321144597154,0.8296112157622022
25965,LOF,0.42716375629729303,0.0610400901952542,0.5117961535074527
25966,LOF,0.40806743846407456,0.1772539485067728,0.4146786130291526
25967,LOF,0.014348518764114228,0.06042514824948206,0.9252263329864037
25968,LOF,0.03998028576724767,0.4503077174777578,0.5097119967549946
25969,LOF,0.026117168199842323,0.06206399433136361,0.911818837468794
25970,LOF,0.055440730308881844,0.06929222863363149,0.8752670410574868
25971,LOF,0.0736344368009601,0.02674715418563734,0.8996184090134025
25972,LOF,0.07442433544476934,0.03242876366732594,0.8931469008879047
25973,LOF,0.10054955002355769,0.009949085555728605,0.8895013644207137
25974,LOF,0.22864505944693458,0.021236355280925837,0.7501185852721396
25975,LOF,0.0473936416049025,0.03079589074721016,0.9218104676478874
25976,LOF,0.0430185779668353,0.024333658436012193,0.9326477635971526
25977,LOF,0.1522497758433603,0.09270252925930239,0.7550476948973373
25978,LOF,0.12075437861370598,0.0906557249512733,0.7885898964350208
25979,LOF,0.12292403157375803,0.0872971472509696,0.7897788211752723
25980,LOF,0.14679716594739475,0.10307177119630938,0.7501310628562959
25981,LOF,0.17787995471809373,0.0988435130051151,0.7232765322767911
25982,LOF,0.3397650174959297,0.07687481379736791,0.5833601687067025
25983,LOF,0.32661819356037564,0.07066406022811472,0.6027177462115095
25984,LOF,0.0502967532043801,0.10238615929505719,0.8473170875005628
25985,LOF,0.01908777720686451,0.3335814052013342,0.6473308175918012
25986,LOF,0.03057077790782691,0.3097026386512443,0.6597265834409287
25987,LOF,0.08062606423809232,0.110493116265629,0.8088808194962787
25988,LOF,0.11453683664449517,0.10346492991239298,0.7819982334431117
25989,LOF,0.024507398403865066,0.185541349413261,0.789951252182874
25990,LOF,0.03566793150545854,0.1515605845055018,0.8127714839890396
25991,GOF,0.13031208158053043,0.504339915852833,0.3653480025666365
25992,LOF,0.33923413978766415,0.2816342981744065,0.3791315620379293
25993,LOF,0.023436199492935683,0.11779465895153071,0.8587691415555337
25994,LOF,0.015091282813137194,0.15337604153675816,0.8315326756501046
25995,LOF,0.02486922784280947,0.24726691445223356,0.727863857704957
25996,GOF,0.18177911400263733,0.6682160936502382,0.15000479234712458
25997,GOF,0.07273884982181861,0.6296147994657079,0.2976463507124735
25998,Neutral,0.5585211374321069,0.017314870467403466,0.42416399210048966
25999,LOF,0.14418995261046366,0.17925602396984536,0.6765540234196911
26000,LOF,0.14991499557513807,0.042708140643877006,0.8073768637809849
26001,LOF,0.17877959202165808,0.038827166160350875,0.7823932418179911
26002,LOF,0.1594597396780843,0.043469697808636326,0.7970705625132793
26003,GOF,0.010816090217640061,0.6716289840552588,0.3175549257271011
26004,GOF,0.02671561965279699,0.7319001922116206,0.24138418813558246
26005,GOF,0.00970711072011266,0.5741557707568505,0.41613711852303675
26006,Neutral,0.5037986623178576,0.309321947143031,0.1868793905391113
26007,GOF,0.02013256526061093,0.6457262420809321,0.33414119265845693
26008,GOF,0.021150853256520694,0.6451530286621897,0.33369611808128974
26009,GOF,0.025520736216022438,0.6947319777067773,0.27974728607720034
26010,GOF,0.025599183513022518,0.7368421842883116,0.2375586321986658
26011,GOF,0.009176558551509928,0.5704855767019269,0.4203378647465632
26012,GOF,0.015985102495157933,0.6477210709986475,0.3362938265061946
26013,GOF,0.018440521201091943,0.6869781196936078,0.29458135910530026
26014,LOF,0.039921350422619684,0.16101470663271322,0.7990639429446671
26015,LOF,0.22010415437861638,0.009831158481893613,0.77006468713949
26016,LOF,0.25868925681175586,0.04246733866138927,0.6988434045268549
26017,LOF,0.18001227712279297,0.08022247645342202,0.7397652464237849
26018,LOF,0.07858401903627935,0.03671704625016987,0.8846989347135509
26019,LOF,0.0751797813912917,0.02667120217666769,0.8981490164320406
26020,LOF,0.05894776343047185,0.11547518513271426,0.8255770514368139
26021,LOF,0.04794523757835492,0.14369915645610581,0.8083556059655392
26022,LOF,0.009525428083842125,0.061156406142741315,0.9293181657734165
26023,LOF,0.10722983123873783,0.024390079815177056,0.8683800889460851
26024,LOF,0.03051178814658955,0.10607388970880365,0.8634143221446068
26025,LOF,0.1210166639611162,0.10594062181988385,0.773042714219
26026,LOF,0.2960276821509492,0.01970456968464991,0.6842677481644008
26027,LOF,0.0784434272331416,0.01902175356744459,0.9025348191994138
26028,LOF,0.1607276262809203,0.08553214351052972,0.75374023020855
26029,LOF,0.10032618316949447,0.1430337773046314,0.7566400395258741
26030,LOF,0.031772868936083186,0.04894317220352821,0.9192839588603886
26031,LOF,0.040848396963264706,0.11626471208908373,0.8428868909476515
26032,LOF,0.0827456295101086,0.04659661935592222,0.8706577511339693
26033,LOF,0.14145927992775525,0.054096693566096976,0.8044440265061478
26034,LOF,0.06328337690707812,0.11992650582121732,0.8167901172717047
26035,LOF,0.03904190405323797,0.10067228746561407,0.860285808481148
26036,LOF,0.059892598784970864,0.12577255247119506,0.814334848743834
26037,LOF,0.03398848737546879,0.08621883682687843,0.8797926757976527
26038,LOF,0.07863415843154788,0.04474925428492086,0.8766165872835313
26039,LOF,0.08396941975646423,0.10862674531170687,0.8074038349318289
26040,LOF,0.266106270842775,0.07788282990425774,0.6560108992529673
26041,LOF,0.033701455982510835,0.08425679940049716,0.882041744616992
26042,LOF,0.03355774504466164,0.0853505451286512,0.8810917098266872
26043,LOF,0.07589956272822815,0.061869759870961924,0.8622306774008098
26044,LOF,0.02778423811903218,0.06332412542737204,0.9088916364535958
26045,LOF,0.09374836742622568,0.08468928467421698,0.8215623478995573
26046,LOF,0.08081316615458142,0.06485793878184194,0.8543288950635766
26047,LOF,0.1191652557114838,0.07623648127936276,0.8045982630091534
26048,LOF,0.05234753378628402,0.05587153070715069,0.8917809355065653
26049,Neutral,0.9537475412563035,0.00662892317256153,0.03962353557113495
26050,Neutral,0.9387210567617794,0.007804901569921939,0.05347404166829861
26051,LOF,0.05389166556145586,0.41852484400778095,0.5275834904307632
26052,GOF,0.07589541003427644,0.4700441819808547,0.4540604079848689
26053,LOF,0.06959820302931403,0.16614831637355584,0.76425348059713
26054,LOF,0.053630221613169805,0.045096011528420916,0.9012737668584093
26055,LOF,0.0726673367784639,0.029829910832823547,0.8975027523887125
26056,LOF,0.06200344688285014,0.03733979533007336,0.9006567577870765
26057,LOF,0.029473463257592994,0.01835232327384448,0.9521742134685626
26058,LOF,0.030072415934229654,0.017183044976369598,0.9527445390894008
26059,LOF,0.26297661240132414,0.04466705168035398,0.6923563359183219
26060,LOF,0.02813614168483406,0.28709343480403027,0.6847704235111357
26061,LOF,0.015521852077193794,0.02065380534375866,0.9638243425790475
26062,LOF,0.011208645981855775,0.03207095971230214,0.9567203943058421
26063,LOF,0.021670293111299564,0.016258627271811068,0.9620710796168894
26064,LOF,0.023963744398559122,0.020875713615217926,0.955160541986223
26065,LOF,0.024860274048506725,0.020110950243116123,0.9550287757083772
26066,LOF,0.020781590803974258,0.017815519651795498,0.9614028895442301
26067,LOF,0.025907307988097695,0.015032746284611377,0.959059945727291
26068,LOF,0.044687376906300716,0.0541362661511215,0.9011763569425777
26069,LOF,0.24280294169669916,0.03188876511440574,0.7253082931888951
26070,LOF,0.35189601808053855,0.020485145378836864,0.6276188365406244
26071,LOF,0.02169304206365623,0.02110263760918674,0.957204320327157
26072,LOF,0.023613103748363593,0.027025011747148935,0.9493618845044876
26073,LOF,0.023274625994146748,0.015865610705734563,0.9608597633001188
26074,Neutral,0.9160318897320842,0.007001424953674426,0.07696668531424133
26075,LOF,0.04121967169388917,0.026162703671465823,0.9326176246346449
26076,LOF,0.04229705843836615,0.01642413451286894,0.9412788070487649
26077,LOF,0.009175077429598175,0.033740245336613836,0.9570846772337881
26078,LOF,0.013944811248982445,0.02017457578069165,0.9658806129703258
26079,LOF,0.049937948829397324,0.027238905274732467,0.9228231458958702
26080,LOF,0.04991740976666444,0.027227360762161635,0.9228552294711738
26081,LOF,0.03398628170202082,0.012550632362662838,0.9534630859353163
26082,LOF,0.01951639852273285,0.029851896045223248,0.9506317054320439
26083,LOF,0.1315986007304596,0.019664034433412372,0.848737364836128
26084,LOF,0.02628231929985318,0.026107987126943025,0.9476096935732038
26085,LOF,0.022356053141684085,0.02410367691122543,0.9535402699470905
26086,LOF,0.02276745049634397,0.019982462356370117,0.9572500871472859
26087,LOF,0.024005802422001656,0.014993243365882643,0.9610009542121156
26088,LOF,0.017452926729998992,0.03454904405667629,0.9479980292133247
26089,LOF,0.04491491373390332,0.03480231024890491,0.9202827760171918
26090,LOF,0.04384376852650003,0.02712177334909404,0.929034458124406
26091,LOF,0.03748724584607495,0.011553344312207175,0.9509594098417179
26092,LOF,0.026899389067582595,0.015731342981737343,0.9573692679506801
26093,LOF,0.037940389274164446,0.010505033730286146,0.9515545769955495
26094,LOF,0.04212983580357213,0.012061720931838845,0.945808443264589
26095,LOF,0.05402369236512603,0.025439995963542576,0.9205363116713314
26096,LOF,0.017111493452691175,0.019726235883544645,0.9631622706637641
26097,LOF,0.010566944873378668,0.0705811907786428,0.9188518643479785
26098,LOF,0.06671751775217179,0.024287389295817526,0.9089950929520106
26099,LOF,0.02400373484214855,0.026007570936589824,0.9499886942212616
26100,LOF,0.02590061315484447,0.02475660170255223,0.9493427851426032
26101,LOF,0.05378750649923002,0.022863836722515855,0.9233486567782542
26102,LOF,0.02501543127263778,0.019801579129337624,0.9551829895980245
26103,Neutral,0.8874219256871912,0.032497455000419645,0.0800806193123892
26104,LOF,0.06142722845613963,0.055940541189341546,0.8826322303545188
26105,LOF,0.21312722327456948,0.2468175405722056,0.5400552361532249
26106,LOF,0.19326769798812052,0.12922958596505096,0.6775027160468285
26107,LOF,0.24112142975777454,0.12473418759944783,0.6341443826427777
26108,LOF,0.22643622824634252,0.17041728349313418,0.6031464882605233
26109,LOF,0.0797308090962972,0.13800209949637185,0.7822670914073309
26110,LOF,0.26414714057448074,0.008171040217279109,0.7276818192082402
26111,LOF,0.4577385218519188,0.019522362653553435,0.5227391154945278
26112,LOF,0.03545945660451544,0.008329611174731062,0.9562109322207534
26113,LOF,0.05531791025026102,0.0132945761182775,0.9313875136314614
26114,LOF,0.016919127030178425,0.02010985361572695,0.9629710193540947
26115,LOF,0.08243419849346408,0.030673528678274744,0.8868922728282612
26116,LOF,0.04684361352579049,0.02615167908632044,0.9270047073878891
26117,LOF,0.36443983169053784,0.05691536251791368,0.5786448057915484
26118,LOF,0.03816144908856944,0.03164674711652304,0.9301918037949075
26119,LOF,0.023565387314452433,0.05593642339247837,0.9204981892930691
26120,LOF,0.02967665344933415,0.025166961200921687,0.9451563853497442
26121,LOF,0.05775048070994511,0.09883275161196482,0.84341676767809
26122,LOF,0.052240868582205856,0.0446339725626984,0.9031251588550956
