feature0,prediction,LoGoFunc_Neutral,LoGoFunc_GOF,LoGoFunc_LOF
25546,Neutral,0.6298557009202939,0.06845257447633438,0.30169172460337185
25547,Neutral,0.4777315383593213,0.11832562670251764,0.40394283493816113
25548,Neutral,0.4893382293736972,0.09661167864946196,0.4140500919768409
25549,LOF,0.41494852701864227,0.09868537394261478,0.486366099038743
25550,LOF,0.35480981632615194,0.13479201884663994,0.5103981648272081
25551,LOF,0.31178313886259146,0.13963255470735214,0.5485843064300565
25552,LOF,0.26266341433645585,0.13424114805949222,0.6030954376040519
25553,Neutral,0.8039811157717465,0.04965649804889996,0.14636238617935365
25554,LOF,0.30008071233925626,0.12753789271343752,0.5723813949473061
25555,LOF,0.25557636571925163,0.12422902749454631,0.6201946067862022
25556,LOF,0.4335475128527942,0.11167516980424252,0.45477731734296334
25557,LOF,0.2455714263236648,0.12836653194443487,0.6260620417319003
25558,LOF,0.3048003212286449,0.12657659815885364,0.5686230806125014
25559,LOF,0.18352096184468764,0.13682139341078392,0.6796576447445284
25560,LOF,0.16452771221805465,0.09922292800533668,0.7362493597766088
25561,LOF,0.15908048047373138,0.10163144632300085,0.7392880732032678
25562,LOF,0.07895533400865787,0.06978691453323281,0.8512577514581093
25563,LOF,0.021935480770640507,0.12505794999813807,0.8530065692312213
25564,LOF,0.2251628331897899,0.10825884517210702,0.666578321638103
25565,LOF,0.212343693075386,0.14619322519040345,0.6414630817342105
25566,GOF,0.0810475227992076,0.7148178218745208,0.20413465532627167
25567,LOF,0.03717225130047439,0.12723746365808958,0.8355902850414361
25568,LOF,0.061686050990644385,0.06450808803735517,0.8738058609720004
25569,LOF,0.05957566150853146,0.06489955222768004,0.8755247862637885
25570,LOF,0.025104349227629733,0.0898431432098818,0.8850525075624884
25571,LOF,0.024197031296938034,0.09366591221852553,0.8821370564845364
25572,LOF,0.05976065925586737,0.10997044790462836,0.8302688928395042
25573,LOF,0.05668221051497439,0.07948967513083521,0.8638281143541904
25574,LOF,0.05692876726604015,0.1853752258067138,0.757696006927246
25575,LOF,0.020882446184259856,0.10413907580874066,0.8749784780069995
25576,LOF,0.032583248013214265,0.13864968808886283,0.828767063897923
25577,LOF,0.030353495398637277,0.1028785978237322,0.8667679067776306
25578,LOF,0.29344989770844154,0.07437102704929545,0.632179075242263
25579,LOF,0.12948110523484088,0.0801813352835227,0.7903375594816364
25580,LOF,0.019321166446640593,0.07090439248323102,0.9097744410701283
25581,LOF,0.05747581511615104,0.060160738169016445,0.8823634467148325
25582,LOF,0.05719327762702354,0.059372997068878504,0.883433725304098
25583,LOF,0.01989366539602677,0.07491935788206079,0.9051869767219125
25584,Neutral,0.65221019822922,0.1145759685056329,0.2332138332651471
25585,LOF,0.030521609706061933,0.11207334325202198,0.8574050470419161
25586,LOF,0.017028983354143618,0.059635981379353824,0.9233350352665026
25587,LOF,0.016568179980739242,0.0557403114588515,0.9276915085604093
25588,LOF,0.019333287820316982,0.06518541272246196,0.915481299457221
25589,Neutral,0.5082073840750313,0.2036000406519346,0.28819257527303405
25590,LOF,0.04751657557327607,0.09953294115313066,0.8529504832735932
25591,LOF,0.0999398650134007,0.04868692932416766,0.8513732056624317
25592,LOF,0.05692804480683516,0.117345594382532,0.8257263608106329
25593,LOF,0.12814691282013022,0.25051310246570435,0.6213399847141655
25594,LOF,0.052206614607590754,0.10279641726508924,0.8449969681273201
25595,LOF,0.048672829807592875,0.07674752106906026,0.8745796491233468
25596,LOF,0.10597303601805268,0.0442863466157515,0.8497406173661958
25597,LOF,0.0817733852693645,0.05091694299736634,0.8673096717332691
25598,LOF,0.05018246494373221,0.07836281332708049,0.8714547217291874
25599,GOF,0.020790281048372963,0.5073449990983424,0.47186471985328465
25600,GOF,0.1729220565765012,0.5108825178806633,0.31619542554283564
25601,LOF,0.0399576075590407,0.4020338160611541,0.5580085763798052
25602,LOF,0.03288001412760337,0.07440728986078791,0.8927126960116087
25603,LOF,0.029051998239932233,0.04170571486730101,0.9292422868927667
25604,LOF,0.03443430842968495,0.08226570805181416,0.8832999835185009
25605,LOF,0.03297649991440536,0.23530862906331573,0.731714871022279
25606,LOF,0.3991132606134851,0.1317230489633897,0.4691636904231251
25607,LOF,0.02219307330970582,0.2174713151669004,0.7603356115233938
25608,LOF,0.03456720803179257,0.06812125643886059,0.8973115355293468
25609,GOF,0.14834479575375575,0.5175945926573798,0.3340606115888644
25610,LOF,0.013931870132647062,0.02843539349883871,0.9576327363685141
25611,LOF,0.013060568508943531,0.033568257700024404,0.953371173791032
25612,LOF,0.046534240346520955,0.04286939867847627,0.9105963609750027
25613,LOF,0.04427685061865022,0.04427922867000297,0.9114439207113467
25614,LOF,0.018716093205862084,0.02798863487476888,0.953295271919369
25615,LOF,0.04441674253782718,0.04296936812248989,0.9126138893396829
25616,LOF,0.04550582199654595,0.02911873674467192,0.925375441258782
25617,LOF,0.03963339030774567,0.03676844740578933,0.9235981622864651
25618,LOF,0.04839875979976522,0.037532614756256105,0.9140686254439786
25619,LOF,0.013554164861758184,0.03327814091598837,0.9531676942222536
25620,LOF,0.059882877031840184,0.045060828047121464,0.8950562949210384
25621,LOF,0.05244808621160301,0.03681049620913479,0.9107414175792622
25622,LOF,0.06023233105592402,0.0316823901429641,0.9080852788011118
25623,LOF,0.07010575040636477,0.02770373176870675,0.9021905178249285
25624,LOF,0.017299804896830775,0.03547840958079515,0.9472217855223741
25625,LOF,0.06044331781358442,0.039704341332883065,0.8998523408535325
25626,LOF,0.044788796279776485,0.04356170485135833,0.9116494988688653
25627,Neutral,0.8935159927064266,0.021605950304731045,0.08487805698884233
25628,LOF,0.12208247404106497,0.06073696850835299,0.8171805574505822
25629,LOF,0.05792714589382254,0.04108328688630759,0.9009895672198699
25630,LOF,0.28661786620961266,0.07289484456136923,0.6404872892290181
25631,Neutral,0.558512715020843,0.05426081184872689,0.38722647313043007
25632,LOF,0.030182117089629285,0.0583919278221898,0.9114259550881809
25633,LOF,0.20281365011294303,0.03267597673805056,0.7645103731490064
25634,LOF,0.034446087231617684,0.07522238689621132,0.890331525872171
25635,LOF,0.03461804248863081,0.04117008958819828,0.924211867923171
25636,LOF,0.03136487013848693,0.4676733066651304,0.5009618231963826
25637,GOF,0.06745009086767877,0.49189539344343675,0.4406545156888843
25638,LOF,0.030164784450009828,0.3218690620831251,0.647966153466865
25639,LOF,0.02827333395010572,0.36337109287902464,0.6083555731708697
25640,Neutral,0.8115508282145129,0.14249388045671443,0.04595529132877266
25641,LOF,0.07107508634816677,0.39339477525910777,0.5355301383927255
25642,LOF,0.04753851040056746,0.1375855703246877,0.8148759192747449
25643,LOF,0.20219764632638565,0.14079170364498014,0.6570106500286342
25644,GOF,0.02135844915349167,0.5064489085639925,0.47219264228251584
25645,LOF,0.02012619462229969,0.4502761240621597,0.5295976813155406
25646,LOF,0.052842500491450464,0.3501683973798786,0.596989102128671
25647,LOF,0.02244349882111091,0.2870189992504467,0.6905375019284424
25648,LOF,0.0335558844239366,0.24611079623088414,0.7203333193451793
25649,LOF,0.016796804770508517,0.2547638612700908,0.7284393339594006
25650,LOF,0.049609481546815735,0.44112127922680233,0.509269239226382
25651,LOF,0.016061895140959067,0.2909734327831544,0.6929646720758865
25652,LOF,0.03118331634829638,0.2777106156362428,0.6911060680154608
25653,LOF,0.07898921361878412,0.4315365524883631,0.4894742338928529
25654,LOF,0.023911156060677796,0.20647638469017376,0.7696124592491485
25655,GOF,0.20565911574782827,0.41018467373364564,0.38415621051852594
25656,LOF,0.2588058113750006,0.05593225908691357,0.6852619295380858
25657,LOF,0.07820865996434916,0.05404652400677439,0.8677448160288763
25658,LOF,0.39237972572024654,0.057282200162083276,0.5503380741176702
25659,Neutral,0.5617155033771026,0.07555297778867362,0.36273151883422383
25660,LOF,0.026625146391972335,0.08718701124993315,0.8861878423580947
25661,LOF,0.09607003724210471,0.05863459424569877,0.8452953685121967
25662,LOF,0.03219900976285179,0.03266004142351739,0.9351409488136309
25663,LOF,0.04106883802347256,0.04603916903716621,0.9128919929393613
25664,LOF,0.14038180038094225,0.05562998024444455,0.8039882193746132
25665,LOF,0.05244155438684434,0.03175231697693278,0.9158061286362229
25666,LOF,0.08764557540009166,0.0681953716055457,0.8441590529943627
25667,LOF,0.06697364645739474,0.038163119945002134,0.894863233597603
25668,LOF,0.037806718402764936,0.05006128560436134,0.9121319959928738
25669,LOF,0.03477120692329723,0.05643337468209392,0.9087954183946089
25670,LOF,0.13833154340791684,0.05201553615017997,0.8096529204419032
25671,LOF,0.10106791591619403,0.03289972123982647,0.8660323628439796
25672,LOF,0.052964294971489224,0.04275651586865308,0.9042791891598577
25673,LOF,0.08268602588840533,0.03999891850631127,0.8773150556052833
25674,LOF,0.07011791769671141,0.04903015671077664,0.8808519255925119
25675,LOF,0.11531248062772417,0.049182626136718914,0.8355048932355569
25676,LOF,0.017826088732137594,0.05181881281573611,0.9303550984521263
25677,LOF,0.027358990256942186,0.06810261321534661,0.9045383965277112
25678,LOF,0.18482137150904288,0.056950222797711884,0.7582284056932452
25679,LOF,0.11732008296006056,0.08398305476168323,0.7986968622782562
25680,LOF,0.031918469747255915,0.11205284908880529,0.8560286811639387
25681,LOF,0.05073835793716894,0.10280003465319641,0.8464616074096346
25682,LOF,0.14219641173503908,0.06613202150689812,0.7916715667580628
25683,LOF,0.11364989221270627,0.09325947595130347,0.7930906318359904
25684,LOF,0.043277931479954034,0.0668391370983757,0.8898829314216702
25685,LOF,0.11967346335093507,0.04933770733104223,0.8309888293180226
25686,LOF,0.07827135359596851,0.08928224908233222,0.8324463973216992
25687,LOF,0.12113732979501192,0.08707512189703391,0.7917875483079543
25688,LOF,0.32078111056169034,0.03301499534445543,0.6462038940938543
25689,LOF,0.2299303453448847,0.03957768336453955,0.7304919712905757
25690,LOF,0.36635403872471184,0.03008937094626382,0.6035565903290243
25691,Neutral,0.7039292430266755,0.024308606851798288,0.2717621501215262
25692,LOF,0.3084330089519298,0.0110134284908188,0.6805535625572513
25693,LOF,0.04868693673086656,0.4667700215195761,0.4845430417495575
25694,LOF,0.12108136890413379,0.016749013139645916,0.8621696179562203
25695,LOF,0.11848488842196774,0.017662473664544487,0.8638526379134877
25696,LOF,0.11736991369509851,0.009208496067239483,0.8734215902376621
25697,LOF,0.13580225369483337,0.03291390141612811,0.8312838448890385
25698,LOF,0.33322609766120864,0.21205996193840762,0.4547139404003838
25699,LOF,0.3959392481004514,0.04539685823730095,0.5586638936622477
25700,LOF,0.05823444137610559,0.007877248504405413,0.9338883101194889
25701,LOF,0.15425253533904906,0.054284406756549206,0.7914630579044017
25702,GOF,0.19251125277995407,0.5525873915303559,0.25490135568969013
25703,LOF,0.017948203566965637,0.1635635033143834,0.8184882931186509
25704,LOF,0.049327676185276705,0.12863355338703505,0.8220387704276882
25705,LOF,0.05594750328728002,0.19706292302835365,0.7469895736843664
25706,LOF,0.09496992905092756,0.37738952578999607,0.5276405451590763
25707,LOF,0.08549893151285115,0.29229577232097753,0.6222052961661713
25708,LOF,0.03178763850243083,0.2609846570284832,0.707227704469086
25709,LOF,0.05946102449955404,0.040631705074902824,0.8999072704255432
25710,LOF,0.011514760235326535,0.13817736251346255,0.8503078772512108
25711,LOF,0.01841746074918855,0.09483367445406565,0.8867488647967459
25712,LOF,0.01399788310158559,0.17699976326480754,0.809002353633607
25713,LOF,0.018077429319247433,0.08257435151658815,0.8993482191641644
25714,LOF,0.07191337132276182,0.07679720229575651,0.8512894263814818
25715,LOF,0.010600397343204046,0.13835279724095575,0.8510468054158403
25716,LOF,0.015422223600272946,0.11365195568808822,0.8709258207116388
25717,LOF,0.012969870917442323,0.07090932907934501,0.9161208000032126
25718,LOF,0.012814718020170646,0.09115055194416519,0.8960347300356643
25719,LOF,0.019836453319348066,0.07240386956057676,0.9077596771200751
25720,LOF,0.02174634417943993,0.06913716068128391,0.9091164951392762
25721,LOF,0.015112834380282162,0.10362228306453022,0.8812648825551875
25722,LOF,0.013274872352893648,0.12128658085986628,0.8654385467872402
25723,LOF,0.022909285588061747,0.04387591088370344,0.9332148035282348
25724,LOF,0.023170895971079842,0.08013397502186391,0.8966951290070563
25725,LOF,0.012169771185377676,0.06260837433748002,0.9252218544771423
25726,LOF,0.014991415780593874,0.09080897468221301,0.894199609537193
25727,LOF,0.013644268928281949,0.07054512499491893,0.915810606076799
25728,LOF,0.009689908984948516,0.1075639971144966,0.8827460939005548
25729,LOF,0.00984172084160157,0.10462576222125726,0.8855325169371412
25730,LOF,0.013360309270260684,0.07979681094865207,0.9068428797810874
25731,LOF,0.018727060143497756,0.10589913780411701,0.8753738020523851
25732,LOF,0.014588470220081341,0.07983461351964918,0.9055769162602694
25733,LOF,0.016298032018900344,0.0698796729681832,0.9138222950129165
25734,LOF,0.012768044984048398,0.12393086843959446,0.8633010865763571
25735,LOF,0.013574105324257998,0.0782165931309083,0.9082093015448337
25736,LOF,0.014933923876882433,0.10451094637070374,0.8805551297524138
25737,LOF,0.021218209810650927,0.08482229140711253,0.8939594987822366
25738,LOF,0.013743864811013041,0.10490375945088778,0.8813523757380992
25739,LOF,0.020752661196944848,0.08746447210583602,0.8917828666972191
25740,LOF,0.02732908194792763,0.0955546484067565,0.877116269645316
25741,LOF,0.015703138909774407,0.10364956676422717,0.8806472943259984
25742,LOF,0.11507622332693644,0.07952140281958217,0.8054023738534815
25743,LOF,0.0337314078592708,0.03246385910435684,0.9338047330363722
25744,Neutral,0.5996173136425235,0.2106470400491013,0.18973564630837528
25745,LOF,0.08913688714242182,0.07408860946380752,0.8367745033937707
25746,LOF,0.04075393783880844,0.08585543562942301,0.8733906265317685
25747,LOF,0.021549538678570474,0.0483487106411533,0.9301017506802762
25748,LOF,0.10002578187372083,0.07705345911408827,0.8229207590121909
25749,LOF,0.026220785308613506,0.08523184003192558,0.8885473746594608
25750,LOF,0.08649785251550059,0.08597735296563443,0.8275247945188651
25751,LOF,0.09393328527279282,0.06940478433974287,0.8366619303874644
25752,GOF,0.09886146061183199,0.6669411695501907,0.23419736983797734
25753,LOF,0.020137087018485246,0.26832014557838796,0.7115427674031268
25754,GOF,0.01045804193559508,0.7817176695898946,0.20782428847451026
25755,LOF,0.023250679695107267,0.3921915063473497,0.5845578139575429
25756,LOF,0.041060562676605475,0.3788973414301544,0.5800420958932402
25757,GOF,0.012526656017030008,0.8490411790716409,0.13843216491132895
25758,GOF,0.030919835341983757,0.8327637783151156,0.13631638634290066
25759,GOF,0.011810032855861099,0.5645152297734328,0.42367473737070604
25760,LOF,0.011792039893275224,0.23700515301148037,0.7512028070952445
25761,GOF,0.24625634074403444,0.6746639116635185,0.07907974759244724
25762,LOF,0.037325880721448226,0.28149653619476944,0.6811775830837823
25763,LOF,0.013010080081117372,0.19545429321047922,0.7915356267084034
25764,GOF,0.07573033957316426,0.6356489255974411,0.2886207348293946
25765,GOF,0.037757886095655176,0.7595786793701184,0.20266343453422647
25766,GOF,0.05704801687366613,0.770018117810033,0.1729338653163008
25767,GOF,0.17243170109654243,0.4546360091972257,0.3729322897062318
25768,LOF,0.09094515413811545,0.0690000172751332,0.8400548285867513
25769,LOF,0.06976699727776915,0.06555888101624295,0.8646741217059879
25770,LOF,0.2729039653945618,0.08538702724556371,0.6417090073598745
25771,LOF,0.03927505666984503,0.04613129086253281,0.9145936524676221
25772,LOF,0.01664303468038621,0.03498774269623798,0.9483692226233759
25773,LOF,0.047960557413158925,0.08685810091014283,0.8651813416766981
25774,LOF,0.027942989093878132,0.07524529614219064,0.8968117147639312
25775,LOF,0.04837123850052656,0.04275493016986733,0.9088738313296062
25776,LOF,0.073016276122134,0.026771245522423975,0.900212478355442
25777,LOF,0.31330300705252395,0.051112941026748356,0.6355840519207276
25778,LOF,0.06827646626598129,0.05035033844805788,0.8813731952859608
25779,GOF,0.37402543337532,0.591947953121095,0.03402661350358496
25780,GOF,0.29049521835602826,0.6391023036927804,0.07040247795119133
25781,GOF,0.14480645460321445,0.7654826441646656,0.0897109012321198
25782,GOF,0.2147911235705727,0.725949557332841,0.059259319096586424
25783,GOF,0.028379192534044778,0.6778910016613505,0.29372980580460467
25784,Neutral,0.48665005037475884,0.4808484545284181,0.032501495096823034
25785,GOF,0.45381564294767684,0.5083738603110362,0.037810496741287065
25786,GOF,0.029289540472351088,0.7788711865174318,0.19183927301021705
25787,Neutral,0.6382599489816565,0.3388854897495076,0.022854561268836032
25788,LOF,0.04912597753235954,0.10769394537352352,0.843180077094117
25789,GOF,0.19669078698217007,0.6735879830042326,0.12972123001359734
25790,GOF,0.22437305239075533,0.6739626854871229,0.10166426212212173
25791,GOF,0.16682587268327206,0.6826747915616947,0.15049933575503324
25792,GOF,0.33958017184151035,0.5491689057402767,0.11125092241821291
25793,GOF,0.27822876986217127,0.533310267005959,0.18846096313186983
25794,GOF,0.29946587157355287,0.5465397433772364,0.15399438504921076
25795,GOF,0.07031468492281492,0.6978565662612114,0.23182874881597385
25796,Neutral,0.5213347510656775,0.40688375235453267,0.07178149657978983
25797,GOF,0.08814669465282095,0.5830694456478269,0.3287838596993521
25798,GOF,0.009523721922561106,0.5379372136336786,0.4525390644437604
25799,LOF,0.00731294075278775,0.4369493646279873,0.555737694619225
25800,GOF,0.03355820709076588,0.6223166982931017,0.3441250946161324
25801,GOF,0.19930356143047687,0.6785337776330861,0.12216266093643711
25802,GOF,0.07745567139978742,0.7064366368945281,0.21610769170568467
25803,GOF,0.03693994055353323,0.5985974147500369,0.36446264469642975
25804,GOF,0.03308548901991713,0.504396696899281,0.462517814080802
25805,GOF,0.1021432631479991,0.6071454316878239,0.29071130516417704
25806,GOF,0.10627059625405018,0.5959014673831201,0.2978279363628297
25807,GOF,0.020645671399645137,0.6350932274267671,0.3442611011735879
25808,GOF,0.09023150569794743,0.6558976924577516,0.2538708018443009
25809,GOF,0.018276747851690017,0.6126248949695122,0.36909835717879785
25810,GOF,0.01688779746982492,0.6504905483046429,0.3326216542255322
25811,GOF,0.439581321188008,0.481568288482512,0.07885039032947999
25812,GOF,0.02988362900135699,0.6576670011891323,0.31244936980951066
25813,Neutral,0.4715240182979931,0.4361645512338072,0.09231143046819955
25814,GOF,0.10941001536419306,0.6529330503320399,0.23765693430376703
25815,GOF,0.17670667598030207,0.6282942021390789,0.19499912188061905
25816,GOF,0.023058400511080445,0.7139169884588421,0.26302461103007735
25817,GOF,0.2250550601020512,0.6444188370786442,0.13052610281930446
25818,GOF,0.05177943706419441,0.6768586184074853,0.27136194452832046
25819,GOF,0.36059884805886777,0.5013012676135282,0.1380998843276039
25820,GOF,0.19355028716888506,0.6152174511594309,0.19123226167168397
25821,GOF,0.05852756834935433,0.7018557438240739,0.23961668782657175
25822,GOF,0.21324475648711164,0.5774689248655296,0.2092863186473586
25823,GOF,0.036281195670427965,0.556627460965292,0.40709134336427993
25824,GOF,0.09287197046108787,0.6267476389225434,0.28038039061636866
25825,GOF,0.03689248781879188,0.6367586855436054,0.32634882663760273
25826,GOF,0.016863583984072412,0.617936188343309,0.3652002276726186
25827,GOF,0.023426350340254178,0.632225268795545,0.34434838086420083
25828,GOF,0.013383233659198253,0.5498376860417464,0.4367790802990553
25829,GOF,0.005633783725912097,0.5916422124496681,0.4027240038244199
25830,LOF,0.03511982764180003,0.30249025762412707,0.6623899147340728
25831,GOF,0.22345733895501907,0.6614002852382243,0.11514237580675664
25832,GOF,0.03268775498061391,0.7451708716755958,0.2221413733437902
25833,GOF,0.12379738251220965,0.7371131872430476,0.13908943024474263
25834,GOF,0.03405560355147402,0.7548540680441554,0.2110903284043706
25835,GOF,0.077899272745681,0.7831932611863877,0.13890746606793153
25836,GOF,0.037258170541502676,0.7323111633723501,0.2304306660861471
25837,GOF,0.02571610062603821,0.6253880296182689,0.3488958697556928
25838,GOF,0.10468258642094747,0.7677076701480285,0.127609743431024
25839,GOF,0.28061752343341684,0.5939564649340854,0.12542601163249778
25840,GOF,0.2312108206868489,0.630480314520169,0.13830886479298204
25841,GOF,0.24412389983024682,0.6382299102556885,0.1176461899140647
25842,GOF,0.15429319341895648,0.7285601736880829,0.11714663289296055
25843,GOF,0.22188450663852896,0.6991559734411239,0.07895951992034715
25844,GOF,0.06323600312702785,0.731135958376716,0.20562803849625627
25845,GOF,0.015792643032996122,0.5389920871820856,0.4452152697849182
25846,GOF,0.131158776320881,0.7201364608508205,0.1487047628282984
25847,GOF,0.09566366494778715,0.7984345517142887,0.10590178333792422
25848,GOF,0.03563412945747208,0.7158374912581502,0.24852837928437768
25849,GOF,0.010156298625906645,0.620006653759695,0.36983704761439834
25850,GOF,0.020385905938418436,0.6823243103210684,0.29728978374051307
25851,GOF,0.016292640514245615,0.5686102997034318,0.4150970597823226
25852,GOF,0.1537868424097084,0.5553065261052859,0.29090663148500573
25853,GOF,0.35413413392041826,0.5760783764114201,0.0697874896681617
25854,GOF,0.023583790713336016,0.6511589250569202,0.3252572842297439
25855,GOF,0.03717297598010467,0.5893557870057982,0.37347123701409723
25856,GOF,0.23402166165395732,0.552543671136494,0.2134346672095487
25857,GOF,0.0400839000184574,0.524310060863099,0.43560603911844364
25858,GOF,0.021388708943806654,0.5657829498311135,0.4128283412250797
25859,GOF,0.01057267642025284,0.5351336380907397,0.4542936854890075
25860,GOF,0.35008745720050505,0.5688311080474492,0.08108143475204568
25861,GOF,0.3957185707518161,0.5418367710134269,0.06244465823475705
25862,GOF,0.08424255423814808,0.7949416852488856,0.12081576051296633
25863,GOF,0.08853552625511053,0.7836827072305049,0.12778176651438442
25864,GOF,0.18147073769126576,0.7497105789503731,0.06881868335836117
25865,GOF,0.07457314117425932,0.8080989954988854,0.11732786332685523
25866,GOF,0.06013759427118054,0.7936053589316621,0.14625704679715737
25867,GOF,0.08875175549850203,0.8123512035873672,0.09889704091413062
25868,GOF,0.2284603555193043,0.6630277151111338,0.10851192936956196
25869,Neutral,0.7000718837374451,0.2558518081507237,0.04407630811183103
25870,GOF,0.2761023184502606,0.4324880406729631,0.2914096408767764
25871,GOF,0.20092445685702318,0.6854593626421593,0.11361618050081748
25872,GOF,0.08037527476889865,0.6720149533207906,0.2476097719103107
25873,GOF,0.1107971623619406,0.7152846958947097,0.17391814174334985
25874,LOF,0.014604119537324236,0.11325489304160773,0.8721409874210682
25875,LOF,0.09598501481901343,0.047451992915943736,0.8565629922650428
25876,LOF,0.03485495546511742,0.03330786986070452,0.9318371746741781
25877,Neutral,0.5043937272953656,0.045812524667966266,0.44979374803666816
25878,LOF,0.19715254096741341,0.09978711474810008,0.7030603442844865
25879,LOF,0.08941790094400329,0.09500646960251435,0.8155756294534824
25880,LOF,0.037390301790106904,0.016492353816324554,0.9461173443935685
25881,LOF,0.17565144593423926,0.11755964378012092,0.7067889102856398
25882,LOF,0.0619341722975762,0.017467409483267735,0.920598418219156
25883,LOF,0.06783358763341965,0.01893082733631118,0.9132355850302691
25884,LOF,0.03181991662887856,0.027104440352633888,0.9410756430184875
25885,LOF,0.060657998868935706,0.010969189850989476,0.9283728112800748
25886,LOF,0.2601203062489107,0.03556690579940689,0.7043127879516823
25887,LOF,0.1435151874436828,0.06886182073755094,0.7876229918187663
25888,LOF,0.06688867141493014,0.05905574776471597,0.8740555808203538
25889,LOF,0.04016304554353055,0.019969208580993342,0.9398677458754762
25890,LOF,0.048215456270401524,0.1532970050737155,0.798487538655883
25891,LOF,0.0388070163988559,0.055260904016363736,0.9059320795847803
25892,LOF,0.08555670302870154,0.02141651036600755,0.8930267866052909
25893,LOF,0.24224707388814667,0.020132883574025973,0.7376200425378273
25894,LOF,0.1739244442049383,0.011982005641746698,0.814093550153315
25895,LOF,0.19236366892743434,0.022785405849665208,0.7848509252229005
25896,LOF,0.05254745673050738,0.01758178762482877,0.9298707556446638
25897,LOF,0.2854864043397517,0.013376500906512689,0.7011370947537356
25898,Neutral,0.7009387762231762,0.010533726634849772,0.28852749714197395
25899,LOF,0.21813298354544297,0.018881253081164947,0.762985763373392
25900,LOF,0.4626541828730692,0.01328076849925792,0.524065048627673
25901,LOF,0.05371106176291777,0.011502285864254646,0.9347866523728277
25902,LOF,0.1557068163644885,0.013245201920617138,0.8310479817148945
25903,Neutral,0.6111321493585038,0.02980900970129102,0.3590588409402052
25904,LOF,0.3217684821623238,0.03572597713747404,0.6425055407002022
25905,LOF,0.03080103471814686,0.2840722631717348,0.6851267021101183
25906,LOF,0.0344261498334318,0.0678544510016513,0.8977193991649169
25907,LOF,0.01639490521693074,0.3111563676941075,0.6724487270889618
25908,LOF,0.011433697760649524,0.2365108871285833,0.7520554151107671
25909,LOF,0.013064810285490436,0.11543245429680458,0.871502735417705
25910,LOF,0.049330550651907855,0.12856304978494906,0.822106399563143
25911,LOF,0.184822442883957,0.02968551429142491,0.7854920428246182
25912,LOF,0.05085402412195665,0.05836812516204566,0.8907778507159977
25913,LOF,0.33900345005330895,0.024917989788362578,0.6360785601583283
25914,LOF,0.019741597198134057,0.06050130657800134,0.9197570962238646
25915,Neutral,0.5806789626433947,0.14959645846533182,0.26972457889127344
25916,LOF,0.084153442163994,0.19354442057461654,0.7223021372613896
25917,LOF,0.060553792591235396,0.04279568424772196,0.8966505231610427
25918,LOF,0.02113135859810271,0.0365373874299987,0.9423312539718987
25919,LOF,0.01806917684638061,0.03760011831801248,0.944330704835607
25920,GOF,0.10626888795832753,0.5254802701917346,0.36825084184993784
25921,LOF,0.025234391384063627,0.03522927345279122,0.9395363351631452
25922,LOF,0.033483442645215064,0.026123068273020522,0.9403934890817645
25923,Neutral,0.48179102662888595,0.0373507757219104,0.4808581976492037
25924,LOF,0.03683669625614956,0.04355998783166907,0.9196033159121813
25925,LOF,0.07394230951985478,0.03948197540545383,0.8865757150746915
25926,LOF,0.05306939679245948,0.035548694995126244,0.9113819082124143
25927,LOF,0.05616783431630057,0.15232967159147104,0.7915024940922283
25928,LOF,0.018028427232448633,0.0458868405038532,0.9360847322636983
25929,Neutral,0.5951099396373829,0.0403868903548177,0.3645031700077994
25930,LOF,0.07065409079908241,0.03352171964851353,0.8958241895524041
25931,LOF,0.023904440076308438,0.029622377076225153,0.9464731828474663
25932,LOF,0.02743679834191288,0.027112813397245472,0.9454503882608416
25933,LOF,0.03725354541918292,0.01924425198013838,0.9435022026006786
25934,LOF,0.024125820261957587,0.019108463653608482,0.9567657160844338
25935,LOF,0.06508337094337464,0.050725120463636246,0.884191508592989
25936,LOF,0.04443088844412131,0.02274577857191105,0.9328233329839677
25937,LOF,0.027240573998942325,0.03971809448882652,0.9330413315122312
25938,LOF,0.06590974950046931,0.05103360622942852,0.8830566442701021
25939,LOF,0.03814719566862323,0.021495785091208655,0.9403570192401682
25940,LOF,0.030429957308724224,0.3426791200566055,0.6268909226346703
25941,LOF,0.1841190656647487,0.11275299332477905,0.7031279410104722
25942,LOF,0.013104243034537576,0.034703490326396844,0.9521922666390656
25943,LOF,0.2940185874215724,0.05654256944223272,0.6494388431361949
25944,Neutral,0.5023657112245324,0.02235713852010762,0.47527715025536
25945,LOF,0.07635106218390093,0.021759336070838027,0.9018896017452611
25946,LOF,0.034894813546046156,0.12082127670632678,0.8442839097476271
25947,LOF,0.10818036585585719,0.18381892080374654,0.7080007133403963
25948,LOF,0.3756656043861242,0.008133882227999528,0.6162005133858762
25949,LOF,0.11265615669339571,0.03479570259280646,0.8525481407137978
25950,GOF,0.3069473637170105,0.35591609259579954,0.33713654368719
25951,LOF,0.2114726981776386,0.2605216038346052,0.5280056979877561
25952,LOF,0.04493875006978273,0.43249648805118956,0.5225647618790278
25953,LOF,0.15391486640497234,0.10976264505998466,0.7363224885350429
25954,Neutral,0.44391431257932257,0.16104452311613623,0.3950411643045411
25955,LOF,0.049953310742011967,0.07428812247551733,0.8757585667824708
25956,LOF,0.16381080128385223,0.11782503883822576,0.718364159877922
25957,LOF,0.039555582858799995,0.03369823966076653,0.9267461774804334
25958,LOF,0.057729557690089944,0.030454422025156358,0.9118160202847537
25959,LOF,0.07015783433887217,0.3643797156639197,0.5654624499972082
25960,LOF,0.0160969597381572,0.05278423191445807,0.9311188083473847
25961,LOF,0.04324763148588351,0.030293409520950304,0.9264589589931662
25962,LOF,0.055690381311782756,0.023306876426689674,0.9210027422615277
25963,LOF,0.04756106571503884,0.2188213993495567,0.7336175349354046
25964,LOF,0.033145651775028116,0.1513049579894192,0.8155493902355526
25965,LOF,0.4371484000559337,0.06341107114978323,0.4994405287942831
25966,Neutral,0.5074439255552161,0.15656000883394489,0.335996065610839
25967,LOF,0.017950707312127518,0.10041376312746438,0.881635529560408
25968,LOF,0.03406084462257204,0.41111145345959993,0.554827701917828
25969,LOF,0.03752541324208435,0.06529483878680242,0.8971797479711132
25970,LOF,0.06368916247035236,0.06471561493984487,0.8715952225898028
25971,LOF,0.06769508302565817,0.023395441895715217,0.9089094750786265
25972,LOF,0.06918369361965994,0.0342124411832856,0.8966038651970544
25973,LOF,0.07192539757269621,0.00841066370798665,0.9196639387193171
25974,LOF,0.19617975916932573,0.01495954069050102,0.7888607001401732
25975,LOF,0.04732591465159271,0.024804918755749417,0.927869166592658
25976,LOF,0.042645808527308274,0.01603847561621487,0.9413157158564769
25977,LOF,0.14085581769806074,0.09227312514558185,0.7668710571563574
25978,LOF,0.1507710020507326,0.07811956357070579,0.7711094343785616
25979,LOF,0.14253052870934943,0.07735349601197077,0.7801159752786799
25980,LOF,0.22056642985427521,0.10352553229723013,0.6759080378484947
25981,LOF,0.2519929705856488,0.10059776490530963,0.6474092645090416
25982,LOF,0.4162718422492155,0.07070886469429175,0.5130192930564927
25983,LOF,0.3917160058557541,0.0785625373871388,0.5297214567571071
25984,LOF,0.050968803214050985,0.04495791290289925,0.9040732838830497
25985,LOF,0.038693834931775334,0.27827538940966445,0.6830307756585603
25986,LOF,0.04631532212234082,0.3200847287090653,0.6335999491685939
25987,LOF,0.0866149580539548,0.06716967557861302,0.8462153663674321
25988,LOF,0.15346331010517195,0.058072614353814375,0.7884640755410136
25989,LOF,0.03693694245483692,0.11432319013600582,0.8487398674091573
25990,LOF,0.03895163595840738,0.15355435252406582,0.8074940115175268
25991,LOF,0.11883565476935103,0.23204784100234105,0.6491165042283078
25992,LOF,0.3136565317656827,0.13751026110278686,0.5488332071315305
25993,LOF,0.022576121107469517,0.06491929414614375,0.9125045847463866
25994,LOF,0.01773820369455065,0.07760502880717936,0.9046567674982698
25995,LOF,0.025264388790016773,0.16716643972932274,0.8075691714806604
25996,GOF,0.29761855764264955,0.3769964746023883,0.3253849677549622
25997,LOF,0.07920774170541144,0.3431991620652849,0.5775930962293037
25998,Neutral,0.5445722913852357,0.023270475020787402,0.43215723359397684
25999,LOF,0.11499633774823102,0.07828103435557017,0.8067226278961988
26000,LOF,0.14145037305533475,0.04883267021654745,0.8097169567281178
26001,LOF,0.19019065929565498,0.05086864321807591,0.7589406974862691
26002,LOF,0.11500562367841997,0.049526290263157705,0.8354680860584223
26003,GOF,0.009911105804062374,0.5851287568388699,0.40496013735706776
26004,GOF,0.018381065037415475,0.665848142605642,0.3157707923569425
26005,LOF,0.006600112209371538,0.4687620115298246,0.5246378762608038
26006,Neutral,0.5025142107362792,0.25496425166538783,0.2425215375983329
26007,GOF,0.018592008383988442,0.5379814410136993,0.4434265506023123
26008,GOF,0.016286718188491867,0.5956179825101745,0.3880952993013335
26009,GOF,0.019794534323160144,0.6768508045211233,0.30335466115571647
26010,GOF,0.02074455595157011,0.6321794389496639,0.34707600509876607
26011,LOF,0.006453994036024919,0.4350273641162309,0.5585186418477441
26012,GOF,0.012197914804855424,0.5420263450653161,0.4457757401298284
26013,GOF,0.017933979031266492,0.6145470825491809,0.3675189384195526
26014,LOF,0.04209342685574871,0.10298815624594616,0.8549184168983052
26015,LOF,0.1707787035531762,0.015750747643942332,0.8134705488028815
26016,LOF,0.2035162120069201,0.06307953059377772,0.7334042573993023
26017,LOF,0.22537577280547846,0.09681037494019075,0.6778138522543307
26018,LOF,0.08289285460616937,0.037059663539180825,0.8800474818546499
26019,LOF,0.07872569795337113,0.03001256535278873,0.8912617366938402
26020,LOF,0.06264248375010646,0.11451689505085631,0.8228406211990372
26021,LOF,0.042509281312273516,0.11365370127130013,0.8438370174164264
26022,LOF,0.010862617288845565,0.038150830112162804,0.9509865525989917
26023,LOF,0.06706847204053917,0.02426791141784169,0.9086636165416192
26024,LOF,0.030578112972542232,0.12847796176668477,0.840943925260773
26025,LOF,0.15510767224131428,0.1067639658991674,0.7381283618595182
26026,LOF,0.32623069321143855,0.030796511428377703,0.6429727953601837
26027,LOF,0.06364842274446102,0.018717128786325348,0.9176344484692136
26028,LOF,0.15759641741742786,0.06725721117092828,0.7751463714116438
26029,LOF,0.06887277764606259,0.17871030174005945,0.7524169206138779
26030,LOF,0.02046651765951973,0.048899658324770334,0.93063382401571
26031,LOF,0.024755452340460213,0.132084281065725,0.8431602665938147
26032,LOF,0.06536569373007857,0.0824904347089936,0.8521438715609277
26033,LOF,0.08017698943876668,0.08413846340144142,0.835684547159792
26034,LOF,0.03811644239433576,0.15641291081375763,0.8054706467919065
26035,LOF,0.024274926505716266,0.13940924108709837,0.8363158324071853
26036,LOF,0.03609262492316809,0.16286998736524508,0.8010373877115868
26037,LOF,0.0206128348234342,0.11907945427188371,0.860307710904682
26038,LOF,0.06106935720896303,0.08525737542085057,0.8536732673701865
26039,LOF,0.049372431392254744,0.14393714813345101,0.8066904204742943
26040,LOF,0.19265826009029632,0.1349658036638181,0.6723759362458855
26041,LOF,0.021436914958342542,0.10765402270950485,0.8709090623321526
26042,LOF,0.019968841646469053,0.10397433348510961,0.8760568248684214
26043,LOF,0.06152593465143195,0.09952260218394596,0.8389514631646222
26044,LOF,0.018492111175045824,0.06101044023131314,0.920497448593641
26045,LOF,0.06490951030722945,0.10229988132105945,0.832790608371711
26046,LOF,0.05776067317652368,0.0811759202890532,0.861063406534423
26047,LOF,0.07358154425916831,0.08410738049719121,0.8423110752436405
26048,LOF,0.04108961515146357,0.039339016412532644,0.9195713684360037
26049,Neutral,0.9673224476522099,0.006878812146723669,0.025798740201066386
26050,Neutral,0.9535588606693018,0.00883413023431845,0.03760700909637965
26051,LOF,0.05307005579253316,0.2759709561692135,0.6709589880382534
26052,LOF,0.06718142899083497,0.30570679933997713,0.6271117716691879
26053,LOF,0.05885663115713819,0.1251507620920352,0.8159926067508266
26054,LOF,0.049683744117308914,0.01779092858471464,0.9325253272979764
26055,LOF,0.07005223088641938,0.014879861879485586,0.915067907234095
26056,LOF,0.0585324163417939,0.016170749046056837,0.9252968346121493
26057,LOF,0.031173860845225734,0.011612838702269023,0.9572133004525053
26058,LOF,0.03247030137915267,0.009478147976903311,0.9580515506439441
26059,LOF,0.2790712807296597,0.021200382126328847,0.6997283371440115
26060,LOF,0.04670488238846595,0.18062148719164392,0.7726736304198901
26061,LOF,0.01898465595814825,0.01113783038407227,0.9698775136577794
26062,LOF,0.010624143110958354,0.016519315865797652,0.9728565410232439
26063,LOF,0.020589625030900886,0.011341456703058275,0.9680689182660409
26064,LOF,0.02196962845843117,0.02385144173387736,0.9541789298076915
26065,LOF,0.02654824278815375,0.011568657644252963,0.9618830995675932
26066,LOF,0.020550434053948987,0.011356713113515306,0.9680928528325358
26067,LOF,0.028119610467968518,0.008625049122808788,0.9632553404092228
26068,LOF,0.04637770806382284,0.027154042926365755,0.9264682490098114
26069,LOF,0.27935502943086465,0.017309314258723396,0.703335656310412
26070,LOF,0.4129138241491263,0.014500958612679297,0.5725852172381943
26071,LOF,0.021452468248176988,0.011466946206991648,0.9670805855448312
26072,LOF,0.021279945116533548,0.01718037304522064,0.9615396818382458
26073,LOF,0.020268591361494382,0.010864866943823699,0.9688665416946819
26074,Neutral,0.9056790166640322,0.005530551898824051,0.08879043143714375
26075,LOF,0.04558073656225274,0.013928441467178178,0.940490821970569
26076,LOF,0.039891396779877034,0.009180507632494865,0.950928095587628
26077,LOF,0.010295454962939526,0.014042160902552997,0.9756623841345075
26078,LOF,0.013027137416926673,0.01161593038270192,0.9753569322003713
26079,LOF,0.06136578772262082,0.016373609111443126,0.922260603165936
26080,LOF,0.06053353115417976,0.01638806532709427,0.923078403518726
26081,LOF,0.03407396964005376,0.006784971463710736,0.9591410588962354
26082,LOF,0.013865233238804283,0.014810562522218905,0.9713242042389769
26083,LOF,0.18604438237479926,0.014241770097821373,0.7997138475273794
26084,LOF,0.040869184248324864,0.010660572381054246,0.948470243370621
26085,LOF,0.03731960208119384,0.010094992324015527,0.9525854055947905
26086,LOF,0.02030031006746627,0.010485596136361427,0.9692140937961724
26087,LOF,0.023518932664247795,0.007949616734229835,0.9685314506015225
26088,LOF,0.016102492590936882,0.021479636984611403,0.9624178704244518
26089,LOF,0.042934633293396196,0.020020027529688428,0.9370453391769153
26090,LOF,0.04273224711395135,0.01610038048061901,0.9411673724054296
26091,LOF,0.03181535105611386,0.006485323618472873,0.9616993253254132
26092,LOF,0.021973920606562464,0.007798738370444928,0.9702273410229927
26093,LOF,0.03464855222699088,0.006304367174027264,0.9590470805989818
26094,LOF,0.037820673911658734,0.006286238877469464,0.9558930872108719
26095,LOF,0.040299248897124225,0.013151977188555406,0.9465487739143205
26096,LOF,0.018215787620062558,0.01172044619969048,0.9700637661802469
26097,LOF,0.012622200824361362,0.031588830119480306,0.9557889690561584
26098,LOF,0.0818829881008346,0.010491718874266177,0.9076252930248992
26099,LOF,0.020842998171066152,0.011925342396165727,0.9672316594327681
26100,LOF,0.02329534529668491,0.011766186549402166,0.964938468153913
26101,LOF,0.04506385443393688,0.015042636564145945,0.9398935090019171
26102,LOF,0.020351888257218096,0.012184065939217531,0.9674640458035645
26103,Neutral,0.880226577121101,0.01802246592249012,0.10175095695640884
26104,LOF,0.08128270965379314,0.022185249981514037,0.8965320403646928
26105,LOF,0.21188539710634194,0.23327349525035873,0.5548411076432993
26106,LOF,0.19159861352354274,0.11434493964731451,0.6940564468291428
26107,LOF,0.24070131533530714,0.07508264522472771,0.6842160394399652
26108,LOF,0.25117751280023193,0.08927270214676591,0.6595497850530021
26109,LOF,0.09033805718662126,0.05618661536947605,0.8534753274439028
26110,LOF,0.2262140676814989,0.008125737377599078,0.7656601949409019
26111,Neutral,0.5052324172628324,0.03304407354681867,0.46172350919034894
26112,LOF,0.030848145853904045,0.007781594396607697,0.9613702597494883
26113,LOF,0.05914347164882385,0.018207175994747957,0.9226493523564283
26114,LOF,0.0251536767901527,0.03164828294664086,0.9431980402632065
26115,LOF,0.08140053408063766,0.05818532394516779,0.8604141419741945
26116,LOF,0.06610132789310696,0.06635878752550489,0.8675398845813881
26117,LOF,0.4269463886609492,0.04148065346042463,0.5315729578786261
26118,LOF,0.032328627855778426,0.02550737987833739,0.9421639922658843
26119,LOF,0.021966670734065694,0.034589821726590364,0.9434435075393439
26120,LOF,0.025212877934718984,0.020383992540812496,0.9544031295244686
26121,LOF,0.048741209685258295,0.08400545606835019,0.8672533342463914
