feature0,prediction,LoGoFunc_Neutral,LoGoFunc_GOF,LoGoFunc_LOF
25546,Neutral,0.667514905462109,0.05210980664471483,0.28037528789317623
25547,Neutral,0.49777260733141665,0.10147232503977653,0.4007550676288068
25548,Neutral,0.5030182472825285,0.07947302842871057,0.41750872428876085
25549,LOF,0.42051577164199044,0.08030659830816167,0.49917763004984794
25550,LOF,0.3593918000543087,0.11640819035730626,0.5242000095883851
25551,LOF,0.29149047326978966,0.12823113786808218,0.5802783888621281
25552,LOF,0.24605553305090114,0.12497026123760262,0.6289742057114962
25553,Neutral,0.8029175277466812,0.04081484696589549,0.1562676252874232
25554,LOF,0.286176809701531,0.11482858364318208,0.5989946066552869
25555,LOF,0.23888066851679374,0.10970967189847074,0.6514096595847355
25556,LOF,0.4355090290361232,0.10048160752724271,0.4640093634366341
25557,LOF,0.2311578127657273,0.11042693321063546,0.6584152540236373
25558,LOF,0.2960604348382891,0.10845820813866543,0.5954813570230455
25559,LOF,0.18077269476242033,0.1373847658825014,0.6818425393550783
25560,LOF,0.16269153907734726,0.09372399689029215,0.7435844640323604
25561,LOF,0.14905277928029118,0.11715597296092352,0.7337912477587852
25562,LOF,0.07116594578100657,0.07173882572308807,0.8570952284959054
25563,LOF,0.022976741225527307,0.10943230795590343,0.8675909508185692
25564,LOF,0.23997782198821901,0.1145729362705944,0.6454492417411866
25565,LOF,0.2280809688343564,0.13673474211534736,0.6351842890502962
25566,GOF,0.09296658513802836,0.7112229790931722,0.19581043576879945
25567,LOF,0.03559742482026317,0.11890225712010241,0.8455003180596343
25568,LOF,0.05769286875810361,0.06348875911136889,0.8788183721305275
25569,LOF,0.061777259653162074,0.062064784224436884,0.8761579561224011
25570,LOF,0.02807739039433298,0.08460678137762055,0.8873158282280466
25571,LOF,0.026803456075374887,0.0861539868789574,0.8870425570456677
25572,LOF,0.06632511188211142,0.10586421269359558,0.8278106754242931
25573,LOF,0.05581611654315044,0.07511623570288517,0.8690676477539644
25574,LOF,0.0558401136862143,0.16653371840620487,0.7776261679075808
25575,LOF,0.022083725667159385,0.1076134661660922,0.8703028081667485
25576,LOF,0.03814535235189729,0.13562287353105987,0.826231774117043
25577,LOF,0.031445164201345285,0.09519775317851872,0.8733570826201359
25578,LOF,0.2942915334479263,0.07071005344320096,0.6349984131088727
25579,LOF,0.1377961849516445,0.07453329153308057,0.787670523515275
25580,LOF,0.018781755704230064,0.06628483840788547,0.9149334058878845
25581,LOF,0.0557890806232518,0.059180112354831796,0.8850308070219164
25582,LOF,0.05548963977712218,0.05826177423600038,0.8862485859868773
25583,LOF,0.02012741478324092,0.06709581298829888,0.9127767722284602
25584,Neutral,0.6729887245419788,0.09547628567916891,0.23153498977885226
25585,LOF,0.03583693113099495,0.10804500620570932,0.8561180626632956
25586,LOF,0.018101508786751097,0.05944444182865629,0.9224540493845926
25587,LOF,0.017306202914766863,0.05285417241289298,0.92983962467234
25588,LOF,0.019968063929758816,0.06291615940244652,0.9171157766677948
25589,Neutral,0.48809614286104236,0.18453741781978972,0.32736643931916787
25590,LOF,0.050566395885661336,0.09389631363761199,0.8555372904767266
25591,LOF,0.09671774706078498,0.049237406774616785,0.8540448461645982
25592,LOF,0.05792204944871344,0.11689552875910432,0.8251824217921823
25593,LOF,0.13351572695496342,0.2429491134864768,0.6235351595585598
25594,LOF,0.04679407651247866,0.11703288053281398,0.8361730429547074
25595,LOF,0.0456586293683451,0.08444026056477488,0.86990111006688
25596,LOF,0.09732391224726984,0.04448449545875362,0.8581915922939766
25597,LOF,0.08256681742481381,0.06088825058080393,0.8565449319943823
25598,LOF,0.046785953122445954,0.08782034480160093,0.8653937020759531
25599,GOF,0.019916406157576297,0.5416598410468982,0.4384237527955255
25600,GOF,0.17746814555345655,0.5326938196360775,0.28983803481046594
25601,LOF,0.03854445569375843,0.40121156687917203,0.5602439774270694
25602,LOF,0.034804083702379016,0.0474283142451589,0.917767602052462
25603,LOF,0.035636927147239456,0.027665680881797824,0.9366973919709626
25604,LOF,0.03490173633951959,0.052741019602413855,0.9123572440580665
25605,LOF,0.043252827316561514,0.17179265322229087,0.7849545194611476
25606,LOF,0.4109913350317134,0.09533912676396851,0.49366953820431814
25607,LOF,0.025487824483147254,0.15630703941033444,0.8182051361065182
25608,LOF,0.03340542258192915,0.07774825670538052,0.8888463207126904
25609,GOF,0.1556026818012126,0.5506260117651679,0.29377130643361954
25610,LOF,0.015913497539199586,0.0258057682579221,0.9582807342028784
25611,LOF,0.014609219461962057,0.028063104012941546,0.9573276765250964
25612,LOF,0.04745541708215188,0.03607535058013136,0.9164692323377168
25613,LOF,0.04533749284503391,0.03689682722586841,0.9177656799290977
25614,LOF,0.022113956139432074,0.026046460176137907,0.95183958368443
25615,LOF,0.04766396497990432,0.03291771223225059,0.9194183227878451
25616,LOF,0.04456571295122727,0.02478542313018666,0.930648863918586
25617,LOF,0.042604627390957564,0.032265253873545244,0.9251301187354972
25618,LOF,0.05278830672635218,0.03063313382265083,0.916578559450997
25619,LOF,0.014867050759232742,0.028903499125916228,0.956229450114851
25620,LOF,0.06430947507763432,0.033868798736981134,0.9018217261853846
25621,LOF,0.053797096953680325,0.02861126760664559,0.9175916354396741
25622,LOF,0.06409210285475139,0.02961545221244341,0.9062924449328053
25623,LOF,0.08098607260044817,0.025730584138586844,0.893283343260965
25624,LOF,0.01906650499937045,0.034740939935622765,0.9461925550650069
25625,LOF,0.06566523156521355,0.03660275685542351,0.897732011579363
25626,LOF,0.046200341359888056,0.03653326572452126,0.9172663929155906
25627,Neutral,0.8873737762052261,0.020927070054830552,0.09169915373994338
25628,LOF,0.13212222637558602,0.05985316235866969,0.8080246112657444
25629,LOF,0.05890369798799135,0.042175777576704765,0.8989205244353039
25630,LOF,0.2771276403069426,0.07246230810367091,0.6504100515893865
25631,Neutral,0.533244411183662,0.06309891499320419,0.40365667382313386
25632,LOF,0.02759550854986782,0.05653791834766291,0.9158665731024693
25633,LOF,0.2059271612446249,0.03397376278267999,0.7600990759726951
25634,LOF,0.032760640943835406,0.08347242126155334,0.8837669377946112
25635,LOF,0.040217487635055095,0.04377814486790278,0.9160043674970422
25636,GOF,0.03862580065659436,0.4822820634213318,0.4790921359220738
25637,GOF,0.07009914693125308,0.4673161042755607,0.46258474879318623
25638,LOF,0.040219782702981544,0.2837685053329862,0.6760117119640322
25639,LOF,0.03290356633203502,0.32797720773664457,0.6391192259313204
25640,Neutral,0.8160196194540627,0.14326415934780506,0.04071622119813226
25641,LOF,0.05551617215816126,0.45052622260152136,0.4939576052403174
25642,LOF,0.04239384657805941,0.13931731084885063,0.8182888425730899
25643,LOF,0.20765627358423328,0.1647470515055204,0.6275966749102464
25644,LOF,0.019670289818170796,0.45589247419981366,0.5244372359820155
25645,LOF,0.019181211112827917,0.43070532738683737,0.5501134615003348
25646,LOF,0.046193428364310805,0.33282159971858255,0.6209849719171066
25647,LOF,0.02136246666210089,0.261475771995748,0.717161761342151
25648,LOF,0.027515747312678262,0.23659969012895352,0.7358845625583682
25649,LOF,0.01561517612425671,0.22605295221971416,0.7583318716560291
25650,LOF,0.0512624507338046,0.42201965566766403,0.5267178935985313
25651,LOF,0.01652863667265956,0.26711146842711375,0.7163598949002267
25652,LOF,0.0286875509560163,0.25931088623843024,0.7120015628055535
25653,LOF,0.07436064658843139,0.39473973982053573,0.5308996135910329
25654,LOF,0.023188680788901635,0.19921640798405071,0.7775949112270476
25655,LOF,0.21221455819293567,0.36960077449933193,0.41818466730773235
25656,LOF,0.28438117126765533,0.044736507120438335,0.6708823216119064
25657,LOF,0.07259512167072064,0.0509787877566527,0.8764260905726267
25658,LOF,0.3749946935573824,0.04536385531586282,0.5796414511267548
25659,Neutral,0.5400239255345459,0.06528437996183097,0.3946916945036232
25660,LOF,0.025553972293090636,0.07827886482492027,0.8961671628819892
25661,LOF,0.09551716299715245,0.05746121184355364,0.8470216251592939
25662,LOF,0.032129286992186194,0.03194823850143348,0.9359224745063803
25663,LOF,0.03893568959991323,0.046566671733693776,0.9144976386663929
25664,LOF,0.13841828329373168,0.055911398621763295,0.8056703180845051
25665,LOF,0.055124452907984726,0.028667769462181598,0.9162077776298337
25666,LOF,0.08962674125085583,0.07579604253059305,0.8345772162185511
25667,LOF,0.06294343438183628,0.04272875682797128,0.8943278087901925
25668,LOF,0.03646764680362686,0.043466309431272394,0.9200660437651007
25669,LOF,0.034170652520125404,0.05296830433090069,0.912861043148974
25670,LOF,0.14077043194639446,0.04313585472404896,0.8160937133295565
25671,LOF,0.09529991173962846,0.03173224549172389,0.8729678427686476
25672,LOF,0.05667659215613214,0.03854631660684292,0.904777091237025
25673,LOF,0.08600531298650153,0.03722141970340125,0.8767732673100972
25674,LOF,0.07347548026732052,0.046529251920954834,0.8799952678117245
25675,LOF,0.1196904788445045,0.04768073826636598,0.8326287828891296
25676,LOF,0.018125009280455892,0.05167807200059034,0.9301969187189538
25677,LOF,0.026238081846602448,0.06418081751170858,0.909581100641689
25678,LOF,0.17054493451558037,0.05674067543184199,0.7727143900525776
25679,LOF,0.12948302337131656,0.07149292080915681,0.7990240558195267
25680,LOF,0.030189856699245347,0.11466572461349252,0.8551444186872621
25681,LOF,0.04934583579695485,0.10532573517385735,0.8453284290291878
25682,LOF,0.14577239035562875,0.06335285179983435,0.7908747578445369
25683,LOF,0.1294779352689276,0.0744984776487686,0.7960235870823038
25684,LOF,0.04307053684567584,0.06361672007612014,0.8933127430782041
25685,LOF,0.1312885253116192,0.05339521068716764,0.8153162640012132
25686,LOF,0.06831466755842065,0.09948581233155769,0.8321995201100216
25687,LOF,0.10143764334945844,0.08730903446325373,0.8112533221872877
25688,LOF,0.3023073750175979,0.040630396342983356,0.6570622286394187
25689,LOF,0.2189975978473353,0.04821576641670964,0.7327866357359551
25690,LOF,0.3445109715764824,0.03708212677160293,0.6184069016519147
25691,Neutral,0.6800480616297248,0.03630456332744592,0.28364737504282933
25692,LOF,0.29101224830098915,0.01165451369359011,0.6973332380054208
25693,LOF,0.04413537842143993,0.434251778418935,0.5216128431596251
25694,LOF,0.12140617801631877,0.02231275068065167,0.8562810713030294
25695,LOF,0.12244102600615735,0.018448455212151705,0.8591105187816909
25696,LOF,0.12550998172483382,0.00994726414532083,0.8645427541298453
25697,LOF,0.12643581625358152,0.028652852918334432,0.844911330828084
25698,LOF,0.3375868226984748,0.24743497512623622,0.4149782021752891
25699,LOF,0.4205756049193608,0.041642019437892426,0.5377823756427469
25700,LOF,0.05076566498524478,0.011741287660196664,0.9374930473545586
25701,LOF,0.16363772868235843,0.0623680133264225,0.7739942579912191
25702,GOF,0.1788833097895674,0.529407030451632,0.29170965975880064
25703,LOF,0.016986590306666504,0.15473295586917565,0.8282804538241578
25704,LOF,0.04930315679835447,0.11418407642077996,0.8365127667808656
25705,LOF,0.05960430763956412,0.20529249427152083,0.735103198088915
25706,LOF,0.09170654619907523,0.373030506086277,0.5352629477146478
25707,LOF,0.08436594243234366,0.2986736481951004,0.6169604093725559
25708,LOF,0.031042115422855197,0.26665979311223875,0.7022980914649061
25709,LOF,0.054335593656520964,0.044473203513992844,0.9011912028294862
25710,LOF,0.011481677175674148,0.1357179081424683,0.8528004146818575
25711,LOF,0.018277630402732142,0.09581804851972818,0.8859043210775397
25712,LOF,0.012878108476294493,0.18206136057314745,0.805060530950558
25713,LOF,0.017765814264262582,0.08440595100617015,0.8978282347295672
25714,LOF,0.06633589677799553,0.08290467408454018,0.8507594291374643
25715,LOF,0.009910305720392374,0.14205058622522637,0.8480391080543813
25716,LOF,0.01403612706651824,0.11482356986926708,0.8711403030642146
25717,LOF,0.011848860293827349,0.08703095211714516,0.9011201875890276
25718,LOF,0.011179843615473882,0.11521742457474388,0.8736027318097822
25719,LOF,0.0182796211633163,0.0824812782033803,0.8992391006333035
25720,LOF,0.02079799112803207,0.07700570951524299,0.902196299356725
25721,LOF,0.015515090833097815,0.10519283830617138,0.8792920708607307
25722,LOF,0.012852420140584082,0.12088998833753799,0.866257591521878
25723,LOF,0.022084574713704293,0.04900333665940899,0.9289120886268867
25724,LOF,0.023733446762867302,0.08625183683171199,0.8900147164054206
25725,LOF,0.011233400875352849,0.07241364768744692,0.9163529514372003
25726,LOF,0.014162211463043318,0.10160496790038537,0.8842328206365714
25727,LOF,0.012784073169958235,0.08359120920118922,0.9036247176288524
25728,LOF,0.00921552787464639,0.1105487845268464,0.8802356875985072
25729,LOF,0.009482265633535311,0.1124621639397715,0.8780555704266931
25730,LOF,0.01302567100542556,0.08754776287598122,0.8994265661185933
25731,LOF,0.02063376538967801,0.12030101599591952,0.8590652186144025
25732,LOF,0.014605799048896525,0.0923947061859689,0.8929994947651345
25733,LOF,0.015278883743595758,0.07581212723742817,0.9089089890189761
25734,LOF,0.012544917310373225,0.1297348564920279,0.8577202261975989
25735,LOF,0.012753298745739848,0.07894561709302504,0.9083010841612351
25736,LOF,0.013036174349186745,0.10750316262202096,0.8794606630287924
25737,LOF,0.019908032484669227,0.08577442661213477,0.8943175409031962
25738,LOF,0.012404120727014708,0.11763114414034867,0.8699647351326367
25739,LOF,0.019190617985708223,0.08606350220796698,0.8947458798063247
25740,LOF,0.025608456762595107,0.10143265179693799,0.8729588914404669
25741,LOF,0.014645303235763803,0.10495720173624923,0.880397495027987
25742,LOF,0.11626912524691882,0.08168715993357735,0.8020437148195039
25743,LOF,0.03564013375909382,0.030699433485266703,0.9336604327556396
25744,Neutral,0.5661180226239482,0.2076069705233471,0.22627500685270474
25745,LOF,0.08198917786736376,0.06452229221957452,0.8534885299130617
25746,LOF,0.042637144493833136,0.07680041239623106,0.8805624431099358
25747,LOF,0.023428781241448593,0.03861328825174093,0.9379579305068104
25748,LOF,0.11275383763011126,0.056097868866483866,0.8311482935034048
25749,LOF,0.026705814311758534,0.07243695448254098,0.9008572312057004
25750,LOF,0.08751233553058108,0.08013797015068438,0.8323496943187345
25751,LOF,0.10817100800227085,0.055367059628131064,0.8364619323695981
25752,GOF,0.11237689934194349,0.6734415957723645,0.21418150488569201
25753,LOF,0.01795244582874214,0.27258858536927877,0.7094589688019791
25754,GOF,0.010347986242535497,0.7710490240435371,0.21860298971392736
25755,LOF,0.02164627318431631,0.3863296178669888,0.592024108948695
25756,LOF,0.03858959049790608,0.37078943010536214,0.5906209793967317
25757,GOF,0.016055911424146377,0.8291128082947465,0.1548312802811071
25758,GOF,0.028042631044342205,0.8278031603948651,0.14415420856079258
25759,GOF,0.011206076749324216,0.533360496573922,0.4554334266767537
25760,LOF,0.012558726659398818,0.22884205350961567,0.7585992198309855
25761,GOF,0.2790273813055391,0.6098035886298226,0.11116903006463837
25762,LOF,0.035797348953660324,0.26629415526000744,0.6979084957863323
25763,LOF,0.014076357029746196,0.1989296122906716,0.7869940306795822
25764,GOF,0.0748502287936164,0.6453293975767401,0.27982037362964357
25765,GOF,0.04659555536840098,0.7478569614002439,0.20554748323135502
25766,GOF,0.061828830898253966,0.7684971853484276,0.16967398375331846
25767,GOF,0.19796754193174232,0.4248723911759877,0.37716006689226994
25768,LOF,0.0923499976223333,0.06078232697735182,0.8468676754003148
25769,LOF,0.06327143118611411,0.05990334290087575,0.8768252259130102
25770,LOF,0.27899589689837684,0.08107059997389654,0.6399335031277267
25771,LOF,0.043465219479382734,0.04457073780819009,0.9119640427124271
25772,LOF,0.01657633574291441,0.032815655169437394,0.9506080090876482
25773,LOF,0.045475422032245305,0.07648764608541055,0.878036931882344
25774,LOF,0.027566550305242618,0.07364881587211672,0.8987846338226406
25775,LOF,0.04610133045342518,0.048867810012970636,0.9050308595336043
25776,LOF,0.07061495224610265,0.025735177268610517,0.9036498704852869
25777,LOF,0.3551633359901933,0.04941810078552291,0.5954185632242838
25778,LOF,0.06366032251000352,0.04827459474221226,0.8880650827477842
25779,GOF,0.36520465445560435,0.5887691152611826,0.046026230283212975
25780,GOF,0.30122522346895386,0.6240382253050498,0.07473655122599625
25781,GOF,0.1369506633313822,0.7516115527540193,0.11143778391459852
25782,GOF,0.18891568519981206,0.7360931513230251,0.07499116347716275
25783,GOF,0.030824147401024207,0.637332158214866,0.33184369438410977
25784,GOF,0.47796796840890104,0.47943877345290825,0.042593258138190745
25785,GOF,0.38424509554199754,0.5680141124753705,0.04774079198263198
25786,GOF,0.023202858677686518,0.761671507462776,0.2151256338595373
25787,Neutral,0.6500997492907735,0.3210251174141639,0.028875133295062454
25788,LOF,0.0467628781285249,0.10548088992215579,0.8477562319493194
25789,GOF,0.18049780176586663,0.6578579530008247,0.16164424523330861
25790,GOF,0.18477427335563215,0.7052101383141065,0.11001558833026125
25791,GOF,0.12861271113247602,0.6770462516677216,0.1943410371998024
25792,GOF,0.284264628426411,0.564939803760258,0.15079556781333103
25793,GOF,0.23916911753017875,0.5649080406206727,0.1959228418491486
25794,GOF,0.29263658924992764,0.5362554218236878,0.17110798892638454
25795,GOF,0.07270126529655499,0.7004745192041135,0.22682421549933146
25796,Neutral,0.5334664306808691,0.38359872145845064,0.08293484786068024
25797,GOF,0.0898500136118577,0.5491020007119977,0.36104798567614454
25798,GOF,0.00952307938584509,0.5033588500456354,0.4871180705685195
25799,LOF,0.006841170072002607,0.3890512573352172,0.6041075725927801
25800,GOF,0.031739570576534884,0.5941908463046566,0.3740695831188085
25801,GOF,0.16910498515690017,0.691939982910156,0.13895503193294378
25802,GOF,0.08000931293370958,0.6998073923311138,0.2201832947351766
25803,GOF,0.0352961590938924,0.5828257134317739,0.3818781274743336
25804,LOF,0.03189839009738653,0.4787471317859859,0.4893544781166277
25805,GOF,0.09606961707828492,0.5967003485531401,0.307230034368575
25806,GOF,0.09360445200658524,0.5884845020236551,0.3179110459697595
25807,GOF,0.01939799408986829,0.6337176426585144,0.34688436325161737
25808,GOF,0.07492683410944981,0.6443645911121608,0.28070857477838934
25809,GOF,0.016438656210266384,0.5754305487371938,0.4081307950525398
25810,GOF,0.01583925549958593,0.6080490143145784,0.37611173018583566
25811,GOF,0.4284016882290394,0.48323617916240735,0.08836213260855337
25812,GOF,0.02802925462830123,0.6013130560295146,0.37065768934218424
25813,Neutral,0.4971166568509074,0.38667828243180263,0.11620506071729005
25814,GOF,0.1116096544707705,0.6206570948465505,0.267733250682679
25815,GOF,0.18299760294758513,0.5886038762977441,0.22839852075467065
25816,GOF,0.023344367850782744,0.6947120229519601,0.2819436091972572
25817,GOF,0.23969105246813877,0.6127368971888048,0.14757205034305634
25818,GOF,0.0538559750444257,0.6648759210095746,0.28126810394599966
25819,GOF,0.34019716905041564,0.501494662539621,0.15830816840996337
25820,GOF,0.17600758948946635,0.5977458737131938,0.2262465367973398
25821,GOF,0.05894393966707875,0.6642786747964384,0.27677738553648273
25822,GOF,0.21000633384911688,0.5634748835391059,0.2265187826117773
25823,GOF,0.03264384441357073,0.5301837340921662,0.4371724214942632
25824,GOF,0.08802949739368102,0.5994086931541892,0.31256180945212975
25825,GOF,0.03835484228588197,0.5883178483750379,0.3733273093390802
25826,GOF,0.01710494536018443,0.5682710428108821,0.4146240118289336
25827,GOF,0.025398265402256093,0.5986027218647116,0.37599901273303227
25828,GOF,0.013914488253441963,0.5230731820614168,0.46301232968514117
25829,GOF,0.005882354046113838,0.5587978987708744,0.4353197471830117
25830,LOF,0.03227726279430429,0.2910548742404152,0.6766678629652806
25831,GOF,0.22605667813834127,0.6400386448406763,0.13390467702098244
25832,GOF,0.02792847163793229,0.6969303797172921,0.2751411486447757
25833,GOF,0.10005388522650017,0.7257178161574775,0.1742282986160222
25834,GOF,0.028018589930009975,0.7144099821765901,0.25757142789339993
25835,GOF,0.058442612377987056,0.7687637704823217,0.17279361713969124
25836,GOF,0.02845526419904628,0.6878083436739626,0.28373639212699103
25837,GOF,0.023185852452847225,0.5941575888995635,0.38265655864758935
25838,GOF,0.08420978111442716,0.7588017703274947,0.15698844855807792
25839,GOF,0.27822090250316417,0.5465169758374407,0.17526212165939517
25840,GOF,0.2337435774681784,0.6145899748638995,0.15166644766792217
25841,GOF,0.23261041220899306,0.6223232659948059,0.14506632179620096
25842,GOF,0.12884761309781453,0.7376941382426463,0.1334582486595392
25843,GOF,0.19022716819350646,0.705322725491623,0.10445010631487052
25844,GOF,0.05788668227851148,0.7473301274709289,0.19478319025055962
25845,GOF,0.01403396163161639,0.5278377715207611,0.45812826684762253
25846,GOF,0.11295547621483508,0.7447738442873175,0.14227067949784727
25847,GOF,0.08413627609138437,0.8087307514997298,0.10713297240888588
25848,GOF,0.03373931479634701,0.7203769472835969,0.2458837379200562
25849,GOF,0.010403391389369831,0.6141371325323532,0.3754594760782769
25850,GOF,0.018527010385438716,0.670382885227138,0.3110901043874233
25851,GOF,0.015475864293178208,0.5556334949861329,0.42889064072068883
25852,GOF,0.15615183578643296,0.568515160807853,0.2753330034057139
25853,GOF,0.33233814635094616,0.5825762802646891,0.08508557338436468
25854,GOF,0.019905308570196407,0.624502794595186,0.3555918968346175
25855,GOF,0.03310298660202879,0.5409632263627724,0.4259337870351989
25856,GOF,0.2285512287445151,0.5380510707326729,0.23339770052281208
25857,GOF,0.037496982075483555,0.504980224511204,0.4575227934133125
25858,GOF,0.019477961537820842,0.5149986179446712,0.4655234205175079
25859,LOF,0.010604267774730737,0.4858618161411404,0.5035339160841289
25860,GOF,0.35211089368189,0.5585328730552627,0.08935623326284728
25861,GOF,0.40435034057626595,0.5189087865578002,0.07674087286593387
25862,GOF,0.07424005531701613,0.7694922593951509,0.15626768528783302
25863,GOF,0.0719453140290105,0.7720950666377677,0.1559596193332218
25864,GOF,0.1939230044822742,0.7274472538004502,0.07862974171727569
25865,GOF,0.07635930326564672,0.8045033171825231,0.11913737955183014
25866,GOF,0.05164456073479849,0.7846344360355619,0.16372100322963976
25867,GOF,0.07552174416865554,0.8130310995509228,0.11144715628042184
25868,GOF,0.24723669866150036,0.6411020009026869,0.11166130043581272
25869,Neutral,0.7190615864791656,0.23348214511877663,0.04745626840205769
25870,GOF,0.2863703643968136,0.3880978651058133,0.32553177049737314
25871,GOF,0.2042517061100335,0.656524370243538,0.13922392364642844
25872,GOF,0.06748900878923626,0.6647891660739977,0.2677218251367661
25873,GOF,0.09562076736066422,0.7100688502201871,0.19431038241914872
25874,LOF,0.013762748681804587,0.11930128930451375,0.8669359620136816
25875,LOF,0.09090650295867514,0.04042777028474526,0.8686657267565796
25876,LOF,0.03315669363369012,0.028162058502033474,0.9386812478642764
25877,Neutral,0.5050464719509294,0.037411184572491145,0.45754234347657946
25878,LOF,0.22755758341411095,0.08616582248993608,0.686276594095953
25879,LOF,0.09019252516960076,0.08403953638189944,0.8257679384484998
25880,LOF,0.04169707997592636,0.014061324219208759,0.9442415958048649
25881,LOF,0.16210378279279605,0.11690899511921911,0.7209872220879849
25882,LOF,0.06272510206988999,0.016679182058055356,0.9205957158720546
25883,LOF,0.0639764787019308,0.020291727504959667,0.9157317937931096
25884,LOF,0.030125602181328568,0.029460007565883732,0.9404143902527877
25885,LOF,0.059789083426969994,0.011201798569533015,0.9290091180034971
25886,LOF,0.2778700774317525,0.03822022844010125,0.6839096941281462
25887,LOF,0.15216778685972884,0.06867548575158235,0.7791567273886888
25888,LOF,0.06805285491697835,0.05955176553732983,0.8723953795456918
25889,LOF,0.03871787147892723,0.019901525737991598,0.9413806027830812
25890,LOF,0.04931945155857023,0.14763520157390134,0.8030453468675284
25891,LOF,0.03830439690717471,0.05542005276544253,0.9062755503273828
25892,LOF,0.08469858899247702,0.023117368023445446,0.8921840429840776
25893,LOF,0.2315058770197607,0.01996776005647414,0.7485263629237653
25894,LOF,0.1753528254668444,0.011172056035384842,0.8134751184977708
25895,LOF,0.1805784220802339,0.025250960366308618,0.7941706175534575
25896,LOF,0.04640392455435345,0.022094203787223887,0.9315018716584227
25897,LOF,0.2536573933094432,0.014198533005166524,0.7321440736853903
25898,Neutral,0.7020765092764596,0.010209641446431451,0.28771384927710897
25899,LOF,0.2158911327713744,0.021492787772403616,0.762616079456222
25900,LOF,0.4745059880393168,0.012427576157552094,0.513066435803131
25901,LOF,0.05191546729181882,0.012312149352389501,0.9357723833557916
25902,LOF,0.156351947117187,0.014292832623016317,0.8293552202597967
25903,Neutral,0.5813068582991402,0.028964918489059965,0.38972822321179984
25904,LOF,0.3078018811442479,0.04080350616722648,0.6513946126885255
25905,LOF,0.023994700038063525,0.3213703692148541,0.6546349307470823
25906,LOF,0.029407540417180196,0.087224367396218,0.8833680921866018
25907,LOF,0.013444789625977251,0.3168163248654975,0.6697388855085252
25908,LOF,0.009674462933688172,0.24063967167357492,0.749685865392737
25909,LOF,0.012824579850605483,0.1268497196192302,0.8603257005301643
25910,LOF,0.052229151014611425,0.1355909774480303,0.8121798715373582
25911,LOF,0.18145211923243085,0.027825273433424606,0.7907226073341445
25912,LOF,0.04403228065412231,0.04629095545526015,0.9096767638906176
25913,LOF,0.33836796030986116,0.023765991458466404,0.6378660482316724
25914,LOF,0.02169226444854787,0.050137099213743076,0.9281706363377091
25915,Neutral,0.5599225159488334,0.140893576196714,0.2991839078544526
25916,LOF,0.09264533558054511,0.1941203218604815,0.7132343425589733
25917,LOF,0.06634592396854451,0.03757420850596972,0.8960798675254857
25918,LOF,0.02382054278334862,0.029576572152345704,0.9466028850643056
25919,LOF,0.02046825028838905,0.031118647794211522,0.9484131019173994
25920,GOF,0.11641472282874613,0.48692315744056824,0.3966621197306856
25921,LOF,0.02617927868538659,0.03295847015643236,0.9408622511581811
25922,LOF,0.03519513275472226,0.026455901687974587,0.9383489655573031
25923,Neutral,0.482602664233472,0.03497049069030203,0.4824268450762261
25924,LOF,0.03907663772004476,0.03861309184192419,0.922310270438031
25925,LOF,0.07136540746967823,0.04077473927454131,0.8878598532557804
25926,LOF,0.05218034515251907,0.03427972530475788,0.9135399295427231
25927,LOF,0.062786437623685,0.15194839634383042,0.7852651660324845
25928,LOF,0.018683540695617926,0.052511282365509566,0.9288051769388724
25929,Neutral,0.5981960376548268,0.03701113882244411,0.3647928235227291
25930,LOF,0.07442227604307636,0.030470597954274856,0.8951071260026487
25931,LOF,0.024668057871815512,0.03125298095197489,0.9440789611762095
25932,LOF,0.02814887425592533,0.026205977106919215,0.9456451486371555
25933,LOF,0.03900229036672478,0.018217352356421853,0.9427803572768534
25934,LOF,0.02416027276481334,0.019545194611604887,0.9562945326235819
25935,LOF,0.06175497498434867,0.0486036930101661,0.8896413320054851
25936,LOF,0.04252464283726977,0.023172462914494214,0.9343028942482361
25937,LOF,0.027315865306685366,0.03533186637436467,0.93735226831895
25938,LOF,0.06423916204782643,0.05098127000669569,0.8847795679454779
25939,LOF,0.04183649213615161,0.01987740097208764,0.9382861068917608
25940,LOF,0.040141567605667595,0.31942347818241507,0.6404349542119173
25941,LOF,0.18792925186287052,0.09455120739782821,0.7175195407393014
25942,LOF,0.013589017247069221,0.03298734669757141,0.9534236360553594
25943,LOF,0.3215981494344458,0.060402487981126504,0.6179993625844277
25944,Neutral,0.4928490123162248,0.023459622019141927,0.4836913656646334
25945,LOF,0.07419443199846676,0.01858849573894418,0.9072170722625891
25946,LOF,0.0294584994353945,0.10252517012753833,0.8680163304370672
25947,LOF,0.10531097090954306,0.16844000280949578,0.7262490262809612
25948,LOF,0.3557393970861188,0.008664224139534911,0.6355963787743462
25949,LOF,0.11388233171338538,0.03863154308166813,0.8474861252049464
25950,GOF,0.3163719580422033,0.34598732382342545,0.3376407181343713
25951,LOF,0.18489331354429864,0.2978402492538326,0.5172664372018688
25952,LOF,0.04628121274382096,0.47006237430724895,0.48365641294893014
25953,LOF,0.1526465627820512,0.10930322842339191,0.738050208794557
25954,Neutral,0.42713700143604894,0.1999512108267165,0.37291178773723455
25955,LOF,0.06527107887713839,0.08070114718021001,0.8540277739426516
25956,LOF,0.15312901672298784,0.12078384101567881,0.7260871422613333
25957,LOF,0.03590405893671431,0.031741314974729776,0.932354626088556
25958,LOF,0.05318798993936697,0.02593949334008147,0.9208725167205516
25959,LOF,0.06954727834046849,0.3097564846310694,0.6206962370284622
25960,LOF,0.014845695965547526,0.04901771530229208,0.9361365887321604
25961,LOF,0.040000870811712295,0.025164092004744242,0.9348350371835434
25962,LOF,0.055700949285216066,0.034441663090203266,0.9098573876245806
25963,LOF,0.044778003332742636,0.1942984961236906,0.7609235005435667
25964,LOF,0.03150317289966085,0.1516420862129656,0.8168547408873736
25965,LOF,0.45754948399441336,0.06653533076375924,0.47591518524182747
25966,Neutral,0.5206589968897388,0.17959331134222953,0.2997476917680316
25967,LOF,0.017085793372541992,0.1090835151348266,0.8738306914926314
25968,LOF,0.03419368955972176,0.36505893134156986,0.6007473790987085
25969,LOF,0.03499753285928006,0.06124541137964697,0.903757055761073
25970,LOF,0.05499932904685605,0.05970168397516249,0.8852989869779815
25971,LOF,0.060721496855396205,0.022381558833934452,0.9168969443106694
25972,LOF,0.06077444852338095,0.033275858387910404,0.9059496930887087
25973,LOF,0.07596344943785036,0.009870047250528577,0.9141665033116211
25974,LOF,0.1794716196776103,0.015102127840739017,0.8054262524816506
25975,LOF,0.04643331959249482,0.026366096851661452,0.9272005835558438
25976,LOF,0.04238902977426723,0.014081668231178285,0.9435293019945545
25977,LOF,0.1472502833075577,0.08417477518115478,0.7685749415112875
25978,LOF,0.14299235765099236,0.10422389211024735,0.7527837502387604
25979,LOF,0.134045636164185,0.10401880401058435,0.7619355598252306
25980,LOF,0.21998155443148668,0.12788111055072646,0.6521373350177869
25981,LOF,0.25258481507496866,0.12642713318070573,0.6209880517443257
25982,LOF,0.42004481601515264,0.08472245351347922,0.4952327304713682
25983,LOF,0.39802750480944565,0.09680822013010272,0.5051642750604516
25984,LOF,0.047222047637948954,0.052227031637997356,0.9005509207240537
25985,LOF,0.038592622940281325,0.29463679478591864,0.6667705822738
25986,LOF,0.04291022469538613,0.3325125150646217,0.6245772602399922
25987,LOF,0.0815182007206192,0.06936503858990355,0.8491167606894773
25988,LOF,0.15919143679878447,0.0640963778596876,0.7767121853415279
25989,LOF,0.03260966151200346,0.1278639305197523,0.8395264079682443
25990,LOF,0.03553849807858357,0.18420664151957833,0.780254860401838
25991,LOF,0.15008696404522603,0.2376645302534634,0.6122485057013105
25992,LOF,0.34051529850572604,0.13533378310949934,0.5241509183847746
25993,LOF,0.022757505253434406,0.07295402397814305,0.9042884707684224
25994,LOF,0.01872736714658175,0.0763966967613098,0.9048759360921085
25995,LOF,0.024187722534520735,0.16329785905988256,0.8125144184055967
25996,GOF,0.3280111767152343,0.3735231787359386,0.29846564454882707
25997,LOF,0.08862207836233864,0.36998919766193544,0.5413887239757258
25998,Neutral,0.5169119594342428,0.02548971969398326,0.45759832087177393
25999,LOF,0.09480652840503376,0.09236462096371024,0.812828850631256
26000,LOF,0.12808685744374756,0.046666391936965645,0.8252467506192869
26001,LOF,0.20345231726580218,0.04917478285222589,0.7473728998819719
26002,LOF,0.11103346378988248,0.043970345243734346,0.8449961909663832
26003,GOF,0.011127738902549632,0.5808818280105522,0.40799043308689814
26004,GOF,0.0204903630844053,0.6867350224522827,0.292774614463312
26005,LOF,0.006494859160385948,0.444045199356428,0.5494599414831861
26006,Neutral,0.5276143800541164,0.2365901583261362,0.23579546161974738
26007,GOF,0.02114943343746248,0.514837864793439,0.46401270176909865
26008,GOF,0.019247758109053846,0.634047700531482,0.3467045413594642
26009,GOF,0.0206092166144133,0.6922780806638353,0.2871127027217513
26010,GOF,0.021339663673225845,0.6504722118661842,0.32818812446058987
26011,LOF,0.006703225361733237,0.42175543854296044,0.5715413360953064
26012,GOF,0.012310122777985162,0.5348911961685113,0.4527986810535036
26013,GOF,0.020765365190623504,0.61869502729399,0.36053960751538666
26014,LOF,0.040693421866633425,0.1101333665651028,0.8491732115682638
26015,LOF,0.15568166378285667,0.016736791781309386,0.8275815444358339
26016,LOF,0.18502953851051357,0.06495223182209804,0.7500182296673883
26017,LOF,0.21962067093465737,0.1012938428973977,0.679085486167945
26018,LOF,0.07857440696619612,0.04267653543162012,0.8787490576021838
26019,LOF,0.07451129810806782,0.03493556192291079,0.8905531399690213
26020,LOF,0.0657049529208742,0.11156175760153013,0.8227332894775956
26021,LOF,0.048598153745196264,0.12141571765361918,0.8299861286011846
26022,LOF,0.01082027378489172,0.0424372853936652,0.946742440821443
26023,LOF,0.06686948578828476,0.02698239170144821,0.906148122510267
26024,LOF,0.031522153232440134,0.1157468899723379,0.852730956795222
26025,LOF,0.14399450544063544,0.09402606243071295,0.7619794321286516
26026,LOF,0.321245034054585,0.03226917421505781,0.6464857917303573
26027,LOF,0.059692160317173025,0.02118550974615325,0.9191223299366736
26028,LOF,0.1666421291080622,0.06389435684707688,0.769463514044861
26029,LOF,0.06793888236941982,0.14989832983767776,0.7821627877929025
26030,LOF,0.020834659308194853,0.03515660578254143,0.9440087349092636
26031,LOF,0.02654693133152063,0.10512475201714355,0.8683283166513358
26032,LOF,0.06272627012307432,0.04741097671567135,0.8898627531612543
26033,LOF,0.07968967624263726,0.047341105374080955,0.8729692183832818
26034,LOF,0.04173430588104697,0.13084308355545543,0.8274226105634976
26035,LOF,0.025370209543292513,0.11870243570096821,0.8559273547557392
26036,LOF,0.03739449102689558,0.13836692175081564,0.8242385872222888
26037,LOF,0.02087673571015236,0.09257047422395379,0.8865527900658938
26038,LOF,0.059896430556096475,0.04971232128677827,0.8903912481571252
26039,LOF,0.047859989246932376,0.12120782981768376,0.8309321809353839
26040,LOF,0.20292963857419616,0.08369416901130683,0.713376192414497
26041,LOF,0.021402786587400045,0.08668651342778844,0.8919106999848115
26042,LOF,0.020180020884513265,0.0836417933024991,0.8961781858129877
26043,LOF,0.060557930685228176,0.05756403690310346,0.8818780324116683
26044,LOF,0.018324718097778362,0.04639495654890265,0.935280325353319
26045,LOF,0.06885404433912187,0.07758621291283518,0.8535597427480429
26046,LOF,0.05631579204149227,0.04871758257125977,0.8949666253872479
26047,LOF,0.0747429224641577,0.05006219254180555,0.8751948849940367
26048,LOF,0.041430666075048715,0.036140666850281424,0.92242866707467
26049,Neutral,0.9682867085018491,0.0051607485827726085,0.026552542915378143
26050,Neutral,0.9512551660274896,0.0064154811348230215,0.042329352837687496
26051,LOF,0.04966813495962128,0.25680573557148206,0.6935261294688966
26052,LOF,0.0715816391411135,0.2906687241645013,0.6377496366943852
26053,LOF,0.06234182455607983,0.14264605585821655,0.7950121195857037
26054,LOF,0.048071068244575646,0.016906490752755642,0.9350224410026686
26055,LOF,0.06472552237979232,0.015303172194267637,0.91997130542594
26056,LOF,0.05484992625005772,0.017671257825655675,0.9274788159242865
26057,LOF,0.028710163416061356,0.012254620869320514,0.959035215714618
26058,LOF,0.029998442711089233,0.009779079805385024,0.9602224774835258
26059,LOF,0.27207116898139017,0.020427576971884086,0.7075012540467258
26060,LOF,0.04574343737816362,0.17314201817866823,0.7811145444431681
26061,LOF,0.01564781805021635,0.01133456577487877,0.9730176161749049
26062,LOF,0.009500175037305504,0.01670005491900179,0.9737997700436927
26063,LOF,0.018072176929410374,0.00987345433320101,0.9720543687373886
26064,LOF,0.020951676382696464,0.023230672899977815,0.9558176507173257
26065,LOF,0.022527225500451123,0.010628760930793572,0.9668440135687554
26066,LOF,0.018251032714386804,0.010193868727631535,0.9715550985579817
26067,LOF,0.025527358049513036,0.008368367320812076,0.9661042746296749
26068,LOF,0.04150336875893739,0.026723489304172825,0.9317731419368899
26069,LOF,0.2511881012196017,0.018230389164087892,0.7305815096163104
26070,LOF,0.3762906448836602,0.01541586436782424,0.6082934907485155
26071,LOF,0.01829905583679306,0.011047801675726707,0.9706531424874802
26072,LOF,0.016775045809892482,0.02169229689523306,0.9615326572948744
26073,LOF,0.01827261974177063,0.013702234321233972,0.9680251459369953
26074,Neutral,0.9162875939600934,0.005443189507116494,0.07826921653278998
26075,LOF,0.04452247312846059,0.013274471015474416,0.9422030558560651
26076,LOF,0.03500055827926529,0.008472150602826613,0.9565272911179081
26077,LOF,0.008818612559820655,0.013170653487360812,0.9780107339528185
26078,LOF,0.013250515300503344,0.012080723178428078,0.9746687615210685
26079,LOF,0.06116573542661719,0.01589184724790887,0.9229424173254739
26080,LOF,0.06040228156328088,0.015903119343053457,0.9236945990936656
26081,LOF,0.03281593930614238,0.006396878600011445,0.9607871820938463
26082,LOF,0.012757880605886143,0.01368460785061251,0.9735575115435013
26083,LOF,0.17555695976684949,0.013173584459669414,0.8112694557734811
26084,LOF,0.04259468218259122,0.012274400153483984,0.9451309176639249
26085,LOF,0.037224219241573035,0.011756646220756143,0.951019134537671
26086,LOF,0.01893148055728703,0.011018277404922557,0.9700502420377904
26087,LOF,0.02162589450467487,0.008467645116380722,0.9699064603789445
26088,LOF,0.015800429453612864,0.023227546970956435,0.9609720235754308
26089,LOF,0.040021405391565054,0.021022962251959758,0.9389556323564752
26090,LOF,0.039611657805139776,0.017065965953281245,0.9433223762415789
26091,LOF,0.02964350455017132,0.006031278798097158,0.9643252166517314
26092,LOF,0.019880770205508044,0.007804090195661401,0.9723151395988305
26093,LOF,0.03099169081296462,0.0056461658092370115,0.9633621433777982
26094,LOF,0.030741711902716497,0.005945277814763953,0.9633130102825195
26095,LOF,0.03689814711401497,0.012737582318651354,0.9503642705673335
26096,LOF,0.015097867004843156,0.010960255487395276,0.9739418775077616
26097,LOF,0.011501687528146403,0.03819026029104927,0.9503080521808044
26098,LOF,0.07493232028324477,0.011523120762085825,0.9135445589546694
26099,LOF,0.01882117174545895,0.011754683160144982,0.969424145094396
26100,LOF,0.020681407079453224,0.0114469256228981,0.9678716672976486
26101,LOF,0.0421348969722554,0.016309810701499963,0.9415552923262447
26102,LOF,0.01860144930452987,0.013230440199453202,0.9681681104960169
26103,Neutral,0.874355089383295,0.017731181412798305,0.10791372920390668
26104,LOF,0.08027295549963052,0.0228178544515064,0.8969091900488632
26105,LOF,0.21234714254482687,0.2644413891004093,0.5232114683547637
26106,LOF,0.157615294196573,0.13085679438937148,0.7115279114140555
26107,LOF,0.23565637413977567,0.08375405144436907,0.6805895744158553
26108,LOF,0.21079416001572712,0.09181275933342739,0.6973930806508454
26109,LOF,0.07614727378371583,0.05927781761614132,0.8645749086001429
26110,LOF,0.2166076899095442,0.006535928982734237,0.7768563811077215
26111,Neutral,0.5100102572734394,0.021293926924461092,0.46869581580209957
26112,LOF,0.03301643499426863,0.006880834311171343,0.96010273069456
26113,LOF,0.06253826815844254,0.015257906654592005,0.9222038251869654
26114,LOF,0.02500796088078798,0.02895841250948382,0.9460336266097281
26115,LOF,0.08873638010812637,0.05863917636679967,0.852624443525074
26116,LOF,0.05968520067885867,0.06199803446838978,0.8783167648527515
26117,LOF,0.45973304859961295,0.044322026842930344,0.49594492455745665
26118,LOF,0.03134518493172655,0.02593634564328398,0.9427184694249895
26119,LOF,0.024003662493662942,0.03388965038762177,0.9421066871187153
26120,LOF,0.023610053524701528,0.019181009201193294,0.957208937274105
26121,LOF,0.04151408166965578,0.08217912889428905,0.8763067894360552
