feature0,prediction,LoGoFunc_Neutral,LoGoFunc_GOF,LoGoFunc_LOF
25546,Neutral,0.5726017338563392,0.10173854880496254,0.3256597173386983
25547,Neutral,0.4299957663967158,0.1743004171267775,0.3957038164765068
25548,LOF,0.3270164180976344,0.21233308651128158,0.4606504953910839
25549,LOF,0.29928242334974986,0.2745279628694773,0.4261896137807729
25550,LOF,0.2709103320739653,0.15488969994365356,0.574199967982381
25551,LOF,0.2207124720899082,0.21710406878210964,0.5621834591279822
25552,LOF,0.22630767377383834,0.14565351328553441,0.6280388129406271
25553,Neutral,0.7587233169239281,0.1058793888599218,0.13539729421615007
25554,LOF,0.23565576277397043,0.12688496984890726,0.6374592673771222
25555,LOF,0.2558125281652728,0.10274514370748201,0.6414423281272452
25556,LOF,0.3492715973594577,0.10328343784993525,0.547444964790607
25557,LOF,0.2691603959477547,0.1021947574656716,0.6286448465865737
25558,LOF,0.23047834910697387,0.10824397476153283,0.6612776761314934
25559,LOF,0.32227116182814114,0.030865397221689093,0.6468634409501698
25560,LOF,0.07516206908013986,0.38779121766313507,0.5370467132567252
25561,LOF,0.07813858234206779,0.3439365822520769,0.5779248354058553
25562,LOF,0.04276369088330375,0.21939885582839394,0.7378374532883023
25563,LOF,0.02879996534853424,0.3083405774144068,0.6628594572370591
25564,LOF,0.05293122769204259,0.17547861896880568,0.7715901533391517
25565,LOF,0.24872062147943017,0.22487786260734258,0.5264015159132273
25566,GOF,0.06914044490509849,0.7962198414333181,0.13463971366158345
25567,LOF,0.030474847057439212,0.09276392271945247,0.8767612302231083
25568,LOF,0.06399087694349866,0.10205357470461002,0.8339555483518913
25569,LOF,0.04984331566816798,0.09898790456051748,0.8511687797713144
25570,LOF,0.05293122769204259,0.17547861896880568,0.7715901533391517
25571,LOF,0.05293122769204259,0.17547861896880568,0.7715901533391517
25572,LOF,0.06697964851904453,0.11446613177734988,0.8185542197036056
25573,LOF,0.17719792498233303,0.27139025320611293,0.551411821811554
25574,GOF,0.09433382922900473,0.8025481242673869,0.10311804650360827
25575,LOF,0.05293122769204259,0.17547861896880568,0.7715901533391517
25576,LOF,0.020948909864936572,0.21533970281169557,0.763711387323368
25577,LOF,0.02613588825690621,0.1456942692415406,0.8281698425015531
25578,LOF,0.09552045437110306,0.34414764672957115,0.5603318988993258
25579,LOF,0.0801050529835919,0.3278183713881019,0.5920765756283063
25580,LOF,0.05293122769204259,0.17547861896880568,0.7715901533391517
25581,LOF,0.061825876380676624,0.20385820396706822,0.7343159196522552
25582,LOF,0.061825876380676624,0.20385820396706822,0.7343159196522552
25583,LOF,0.05293122769204259,0.17547861896880568,0.7715901533391517
25584,Neutral,0.775834154259949,0.0678195806724787,0.1563462650675723
25585,LOF,0.035105954782877265,0.11271200677516648,0.8521820384419563
25586,LOF,0.05293122769204259,0.17547861896880568,0.7715901533391517
25587,LOF,0.05293122769204259,0.17547861896880568,0.7715901533391517
25588,LOF,0.05293122769204259,0.17547861896880568,0.7715901533391517
25589,Neutral,0.44436054017798937,0.36519895253844337,0.19044050728356732
25590,LOF,0.059012715249319204,0.1924406048438928,0.748546679906788
25591,LOF,0.06760931090609934,0.09190415405314707,0.8404865350407535
25592,GOF,0.2168843242657838,0.4846304894461083,0.2984851862881078
25593,GOF,0.06859339707670704,0.720537347331817,0.21086925559147604
25594,LOF,0.06421159568688342,0.1116547579660306,0.8241336463470859
25595,LOF,0.08489672302778367,0.08686359697658183,0.8282396799956345
25596,LOF,0.16410387502227064,0.025148194378953673,0.8107479305987758
25597,LOF,0.11665761527707297,0.07423710370402703,0.8091052810189001
25598,LOF,0.0477684757282943,0.13600485108590732,0.8162266731857984
25599,GOF,0.013610952925657319,0.5946450241738203,0.39174402290052246
25600,GOF,0.08545732800751447,0.7587043677520044,0.15583830424048103
25601,GOF,0.021744673059481887,0.5146323908378319,0.4636229361026862
25602,LOF,0.07185270445853732,0.08900146516337103,0.8391458303780917
25603,LOF,0.05293122769204259,0.17547861896880568,0.7715901533391517
25604,LOF,0.0848231912328045,0.24801941883471076,0.6671573899324847
25605,LOF,0.22543876544785715,0.3526537193615624,0.42190751519058034
25606,Neutral,0.655683465577082,0.12087514647511369,0.22344138794780435
25607,LOF,0.04913716193135014,0.20639448040831426,0.7444683576603356
25608,LOF,0.05198890974080102,0.13359807374110377,0.8144130165180952
25609,GOF,0.124621942263048,0.7246951395693336,0.15068291816761833
25610,LOF,0.05293122769204259,0.17547861896880568,0.7715901533391517
25611,LOF,0.05293122769204259,0.17547861896880568,0.7715901533391517
25612,LOF,0.06889943282437858,0.06756587518749753,0.8635346919881238
25613,LOF,0.08502153416036541,0.08034544377635702,0.8346330220632775
25614,LOF,0.05293122769204259,0.17547861896880568,0.7715901533391517
25615,LOF,0.06852176567361919,0.13804490440671296,0.7934333299196679
25616,LOF,0.05293122769204259,0.17547861896880568,0.7715901533391517
25617,LOF,0.05293122769204259,0.17547861896880568,0.7715901533391517
25618,GOF,0.11093609108283523,0.454588905448539,0.4344750034686257
25619,LOF,0.05293122769204259,0.17547861896880568,0.7715901533391517
25620,LOF,0.05293122769204259,0.17547861896880568,0.7715901533391517
25621,LOF,0.08157326622205185,0.1060243981670113,0.8124023356109369
25622,LOF,0.08139659325453932,0.09321735383833217,0.8253860529071284
25623,LOF,0.09548421722931613,0.05199298314677105,0.8525227996239129
25624,LOF,0.05293122769204259,0.17547861896880568,0.7715901533391517
25625,LOF,0.08765044053464938,0.05136734013242033,0.8609822193329304
25626,LOF,0.05905731109329082,0.08329655047925476,0.8576461384274545
25627,Neutral,0.7266599254781151,0.18807573074319198,0.08526434377869299
25628,LOF,0.09315213547526231,0.4143874977084755,0.4924603668162622
25629,LOF,0.04123958281784961,0.24329031477924618,0.7154701024029043
25630,Neutral,0.36698484381143476,0.29893640466512145,0.3340787515234438
25631,GOF,0.2210199656211051,0.44989205483735273,0.3290879795415422
25632,LOF,0.021606680112316673,0.11449572258667139,0.863897597301012
25633,LOF,0.05293122769204259,0.17547861896880568,0.7715901533391517
25634,LOF,0.06562767191668258,0.11699114897332849,0.8173811791099889
25635,LOF,0.05293122769204259,0.17547861896880568,0.7715901533391517
25636,GOF,0.035351809710873094,0.627255535992085,0.3373926542970419
25637,GOF,0.039904957471637574,0.602442261188179,0.35765278134018347
25638,GOF,0.016850692514017083,0.6322175317224527,0.3509317757635303
25639,GOF,0.04171530863323171,0.6442036780376652,0.3140810133291031
25640,Neutral,0.7470863537327959,0.1533573584153853,0.09955628785181886
25641,GOF,0.07357363150805914,0.7786035448239662,0.14782282366797458
25642,LOF,0.07176014106897521,0.3660833093919502,0.5621565495390746
25643,LOF,0.31180811907923517,0.16835392484511635,0.5198379560756485
25644,GOF,0.016535472392294578,0.5279739754246204,0.45549055218308504
25645,GOF,0.013132137701600727,0.6346519322592258,0.35221593003917356
25646,GOF,0.023164091132680236,0.6175221608838424,0.3593137479834774
25647,LOF,0.013113022472194145,0.4461704896471908,0.5407164878806151
25648,LOF,0.013818566736116599,0.42812549642100334,0.55805593684288
25649,LOF,0.013259556837552191,0.263426063652117,0.7233143795103307
25650,GOF,0.033043133963041545,0.5576171702798752,0.4093396957570832
25651,LOF,0.01889709905904038,0.43805180907181157,0.5430510918691481
25652,LOF,0.014392141954478247,0.49141194965591245,0.49419590838960925
25653,GOF,0.04575435520768888,0.5469622345646526,0.40728341022765846
25654,GOF,0.012055473156500927,0.49795040604151547,0.4899941208019835
25655,GOF,0.03846760264322009,0.6759026378055444,0.28562975955123554
25656,LOF,0.1511427748358491,0.27117591803750796,0.577681307126643
25657,LOF,0.05717960667926007,0.08985682527502994,0.8529635680457099
25658,LOF,0.07251597208767191,0.39586149345624483,0.5316225344560832
25659,GOF,0.2588150060460636,0.6268997190845159,0.11428527486942039
25660,LOF,0.05293122769204259,0.17547861896880568,0.7715901533391517
25661,LOF,0.05293122769204259,0.17547861896880568,0.7715901533391517
25662,LOF,0.05293122769204259,0.17547861896880568,0.7715901533391517
25663,LOF,0.05293122769204259,0.17547861896880568,0.7715901533391517
25664,LOF,0.07611985678905302,0.1987834518451725,0.7250966913657744
25665,LOF,0.06543679184030425,0.19101739212527977,0.7435458160344159
25666,LOF,0.07985131782760438,0.15801862742946177,0.7621300547429339
25667,LOF,0.05293122769204259,0.17547861896880568,0.7715901533391517
25668,LOF,0.05293122769204259,0.17547861896880568,0.7715901533391517
25669,LOF,0.05293122769204259,0.17547861896880568,0.7715901533391517
25670,LOF,0.09148170039654659,0.10605364326788363,0.8024646563355697
25671,LOF,0.05293122769204259,0.17547861896880568,0.7715901533391517
25672,LOF,0.04498842608044941,0.10222654712699622,0.8527850267925543
25673,LOF,0.07189648441772452,0.11343658642131624,0.8146669291609593
25674,LOF,0.058022592865777954,0.1238031828757783,0.8181742242584438
25675,LOF,0.07398379409113685,0.10302189239789103,0.8229943135109722
25676,LOF,0.05293122769204259,0.17547861896880568,0.7715901533391517
25677,LOF,0.05293122769204259,0.17547861896880568,0.7715901533391517
25678,LOF,0.07843453410516141,0.07332697744850905,0.8482384884463295
25679,LOF,0.11067730253392616,0.08206126645624548,0.8072614310098284
25680,LOF,0.05293122769204259,0.17547861896880568,0.7715901533391517
25681,LOF,0.05293122769204259,0.17547861896880568,0.7715901533391517
25682,LOF,0.05293122769204259,0.17547861896880568,0.7715901533391517
25683,LOF,0.0819997847480163,0.06020322532773062,0.857796989924253
25684,LOF,0.05293122769204259,0.17547861896880568,0.7715901533391517
25685,LOF,0.04071305864453323,0.21176683770883634,0.7475201036466304
25686,LOF,0.022929960864542468,0.4120438806284795,0.565026158506978
25687,GOF,0.023942719009185657,0.6812905044139205,0.2947667765768938
25688,LOF,0.2689223767473441,0.20882269717789256,0.5222549260747633
25689,LOF,0.11603104845690153,0.21678998706160177,0.6671789644814966
25690,LOF,0.18245780514874876,0.20256854080336728,0.614973654047884
25691,Neutral,0.6923847264100864,0.13404378157424585,0.17357149201566782
25692,LOF,0.14533200982814598,0.056854572251373615,0.7978134179204804
25693,GOF,0.09399696954752684,0.6293010140711074,0.27670201638136577
25694,LOF,0.2101701997723237,0.030536842909396414,0.7592929573182798
25695,LOF,0.15113871899633474,0.05307363590673375,0.7957876450969315
25696,LOF,0.1484537552213566,0.04717040782653804,0.8043758369521055
25697,LOF,0.0701876939973257,0.2556364905863011,0.6741758154163731
25698,LOF,0.06915564625542527,0.2736254700507302,0.6572188836938445
25699,GOF,0.06521827052332495,0.588982304858802,0.345799424617873
25700,LOF,0.05293122769204259,0.17547861896880568,0.7715901533391517
25701,GOF,0.07109585016786213,0.6631716528795173,0.26573249695262063
25702,GOF,0.28085048770533433,0.5129206703493918,0.20622884194527377
25703,LOF,0.028309318097521477,0.11178447150307032,0.8599062103994082
25704,LOF,0.05293122769204259,0.17547861896880568,0.7715901533391517
25705,LOF,0.05293122769204259,0.17547861896880568,0.7715901533391517
25706,GOF,0.05737667862900911,0.7942288770001117,0.14839444437087912
25707,GOF,0.05302814075086276,0.6820266760491569,0.26494518319998045
25708,GOF,0.022668671193177132,0.5606345078154262,0.4166968209913967
25709,LOF,0.05293122769204259,0.17547861896880568,0.7715901533391517
25710,LOF,0.02332171747721826,0.2100227452269493,0.7666555372958324
25711,LOF,0.05293122769204259,0.17547861896880568,0.7715901533391517
25712,LOF,0.028702522491340185,0.22544772935951002,0.7458497481491498
25713,LOF,0.05293122769204259,0.17547861896880568,0.7715901533391517
25714,LOF,0.05293122769204259,0.17547861896880568,0.7715901533391517
25715,LOF,0.05293122769204259,0.17547861896880568,0.7715901533391517
25716,LOF,0.021981191215865486,0.10264447157742308,0.8753743372067113
25717,LOF,0.018635782954182105,0.33677555361281913,0.6445886634329987
25718,LOF,0.05293122769204259,0.17547861896880568,0.7715901533391517
25719,LOF,0.05293122769204259,0.17547861896880568,0.7715901533391517
25720,LOF,0.05293122769204259,0.17547861896880568,0.7715901533391517
25721,LOF,0.05293122769204259,0.17547861896880568,0.7715901533391517
25722,LOF,0.05293122769204259,0.17547861896880568,0.7715901533391517
25723,LOF,0.05293122769204259,0.17547861896880568,0.7715901533391517
25724,LOF,0.1511427748358491,0.27117591803750796,0.577681307126643
25725,LOF,0.05293122769204259,0.17547861896880568,0.7715901533391517
25726,LOF,0.05293122769204259,0.17547861896880568,0.7715901533391517
25727,LOF,0.05293122769204259,0.17547861896880568,0.7715901533391517
25728,LOF,0.05293122769204259,0.17547861896880568,0.7715901533391517
25729,LOF,0.05293122769204259,0.17547861896880568,0.7715901533391517
25730,LOF,0.05293122769204259,0.17547861896880568,0.7715901533391517
25731,LOF,0.023997096963037378,0.29568001463124466,0.680322888405718
25732,LOF,0.05293122769204259,0.17547861896880568,0.7715901533391517
25733,LOF,0.05293122769204259,0.17547861896880568,0.7715901533391517
25734,LOF,0.031413729734564355,0.17015278704214226,0.7984334832232934
25735,LOF,0.05293122769204259,0.17547861896880568,0.7715901533391517
25736,LOF,0.05293122769204259,0.17547861896880568,0.7715901533391517
25737,LOF,0.05293122769204259,0.17547861896880568,0.7715901533391517
25738,LOF,0.05293122769204259,0.17547861896880568,0.7715901533391517
25739,LOF,0.05293122769204259,0.17547861896880568,0.7715901533391517
25740,LOF,0.05293122769204259,0.17547861896880568,0.7715901533391517
25741,LOF,0.05293122769204259,0.17547861896880568,0.7715901533391517
25742,LOF,0.05293122769204259,0.17547861896880568,0.7715901533391517
25743,LOF,0.02375998271660459,0.14057862449680136,0.8356613927865941
25744,GOF,0.33190184800172906,0.33942764960966854,0.3286705023886024
25745,GOF,0.016972585198550133,0.6432468006934189,0.3397806141080311
25746,GOF,0.014652881990343956,0.6118258352652877,0.37352128274436847
25747,LOF,0.05293122769204259,0.17547861896880568,0.7715901533391517
25748,LOF,0.0801050529835919,0.3278183713881019,0.5920765756283063
25749,GOF,0.01746786947695869,0.5802301281382216,0.4023020023848198
25750,GOF,0.015034472948155428,0.5946583242558494,0.39030720279599507
25751,LOF,0.05293122769204259,0.17547861896880568,0.7715901533391517
25752,LOF,0.07881356429510072,0.4030847241300883,0.518101711574811
25753,LOF,0.02077081718496862,0.18579448301992924,0.7934346997951021
25754,GOF,0.030339019357444597,0.5602344241517152,0.40942655649084025
25755,LOF,0.028704990036319867,0.17077203011922004,0.80052297984446
25756,LOF,0.04187912574492873,0.2889990323549583,0.669121841900113
25757,GOF,0.023300010920689125,0.6005359176675277,0.37616407141178315
25758,GOF,0.027452709230179437,0.6705849287834718,0.3019623619863489
25759,LOF,0.022939020676741067,0.39548502850271505,0.5815759508205439
25760,LOF,0.028317418886102178,0.17029409744016,0.8013884836737378
25761,GOF,0.3666039822508169,0.46204858901018975,0.17134742873899328
25762,LOF,0.05374276770228293,0.1614140743192924,0.7848431579784246
25763,LOF,0.017151358410970582,0.23547248008033686,0.7473761615086926
25764,GOF,0.0483113116699072,0.8007539196740898,0.15093476865600297
25765,LOF,0.026706434992572445,0.4483823611059811,0.5249112039014464
25766,GOF,0.08026638430183643,0.5589943126278967,0.3607393030702669
25767,GOF,0.1435563800718258,0.5804779912838829,0.2759656286442914
25768,LOF,0.05293122769204259,0.17547861896880568,0.7715901533391517
25769,LOF,0.05293122769204259,0.17547861896880568,0.7715901533391517
25770,Neutral,0.6183598561147436,0.06733090124324143,0.3143092426420149
25771,LOF,0.06861144907277461,0.08455541157673781,0.8468331393504875
25772,LOF,0.05293122769204259,0.17547861896880568,0.7715901533391517
25773,LOF,0.07150275116682454,0.1499336032054752,0.7785636456277002
25774,LOF,0.04488338718464113,0.10927845054086935,0.8458381622744895
25775,LOF,0.07246276427538041,0.22470295576710475,0.7028342799575149
25776,LOF,0.05293122769204259,0.17547861896880568,0.7715901533391517
25777,LOF,0.2402389918304499,0.09063181128755075,0.6691291968819993
25778,LOF,0.05293122769204259,0.17547861896880568,0.7715901533391517
25779,Neutral,0.4126423366870728,0.31440672823782917,0.27295093507509793
25780,Neutral,0.510655308719975,0.26028002147586193,0.22906466980416318
25781,GOF,0.3056492633310718,0.5136018969370482,0.18074883973188008
25782,GOF,0.19164142685016292,0.5662933671101987,0.2420652060396382
25783,GOF,0.04698560241120025,0.7188804117828883,0.23413398580591155
25784,Neutral,0.4953895375685201,0.4077714438081502,0.09683901862332972
25785,Neutral,0.5735026624241487,0.3008418865625719,0.1256554510132795
25786,GOF,0.05641394725179336,0.7575093010651917,0.18607675168301502
25787,Neutral,0.7119509392956975,0.20339741839654282,0.08465164230775979
25788,LOF,0.05293122769204259,0.17547861896880568,0.7715901533391517
25789,GOF,0.16652511863773614,0.6468016691671512,0.18667321219511263
25790,GOF,0.1899617339440119,0.5017878286253317,0.3082504374306564
25791,GOF,0.11017410362547965,0.6772643792107944,0.2125615171637259
25792,GOF,0.20668590864151595,0.5853982515787751,0.20791583977970887
25793,Neutral,0.4559626974630391,0.3547018202062904,0.18933548233067055
25794,GOF,0.18226387959666887,0.5993244941839366,0.21841162621939458
25795,GOF,0.048618969729283944,0.7710540615844784,0.18032696868623763
25796,Neutral,0.3807756601124977,0.27270516664899697,0.3465191732385053
25797,GOF,0.1340009497026628,0.552142478783034,0.313856571514303
25798,GOF,0.02294613782880985,0.7435190090847548,0.2335348530864353
25799,GOF,0.024612324471639874,0.59085507169823,0.3845326038301301
25800,GOF,0.05623838465944655,0.7569379269919518,0.1868236883486016
25801,GOF,0.187739339666058,0.6024098467005389,0.20985081363340305
25802,GOF,0.13636851448684073,0.6606644726934685,0.20296701281969076
25803,GOF,0.1405798140507023,0.5658632562653264,0.29355692968397123
25804,GOF,0.07655348261200488,0.6932853273000277,0.23016119008796757
25805,GOF,0.12253785748395556,0.7938166422383608,0.08364550027768365
25806,GOF,0.2288078589664792,0.6002997568012461,0.17089238423227462
25807,GOF,0.03069006653748467,0.6080584561070305,0.3612514773554849
25808,GOF,0.13792848300384428,0.7501827536726354,0.11188876332352037
25809,GOF,0.0339210550490573,0.5808970819405886,0.385181863010354
25810,GOF,0.0384437775490058,0.7150897412090088,0.24646648124198534
25811,GOF,0.4187072668287466,0.45396300424498043,0.127329728926273
25812,GOF,0.08441022328177444,0.6715763754168833,0.24401340130134222
25813,Neutral,0.49248282549419364,0.3394698321465093,0.16804734235929705
25814,GOF,0.11265549822766002,0.7155990359803348,0.1717454657920051
25815,GOF,0.1879112707690263,0.5635217053453417,0.24856702388563195
25816,GOF,0.038978478455464594,0.700374571612307,0.26064694993222837
25817,GOF,0.1622857423350512,0.5877417197910152,0.24997253787393367
25818,GOF,0.05476905467990523,0.58118623823573,0.36404470708436476
25819,GOF,0.325627130315695,0.34655624233532933,0.3278166273489757
25820,GOF,0.16260051679155121,0.5525967132190663,0.28480276998938236
25821,GOF,0.05337947878707705,0.7273686398689279,0.2192518813439951
25822,GOF,0.24731056444036825,0.5303062039248617,0.22238323163477
25823,GOF,0.050927330271395295,0.6760155104692516,0.27305715925935303
25824,GOF,0.07246526511921615,0.4683638481525986,0.4591708867281851
25825,GOF,0.03929242980557781,0.5424696486758473,0.41823792151857486
25826,GOF,0.015163859791658636,0.6150991973481508,0.3697369428601906
25827,GOF,0.027988944172449147,0.7068999997458206,0.2651110560817303
25828,GOF,0.02112093627844273,0.6237343723423556,0.3551446913792017
25829,GOF,0.01703184818263363,0.5886690014187593,0.3942991503986071
25830,GOF,0.11093609108283523,0.454588905448539,0.4344750034686257
25831,GOF,0.1783489256628389,0.6053592473584175,0.21629182697874372
25832,GOF,0.04704541361709597,0.644450867094319,0.30850371928858494
25833,GOF,0.1322226595458322,0.5790689524003148,0.2887083880538531
25834,GOF,0.04579118932143903,0.6458537396992663,0.3083550709792947
25835,GOF,0.14308279822209394,0.6325566209002572,0.22436058087764885
25836,GOF,0.05534488243700163,0.667132469228353,0.27752264833464535
25837,GOF,0.028937952038378997,0.7109686209791718,0.26009342698244925
25838,GOF,0.16391246556250288,0.6964345797812079,0.13965295465628916
25839,GOF,0.23963303046443538,0.5646299816146422,0.19573698792092242
25840,GOF,0.14646706624347958,0.5235387026150161,0.32999423114150417
25841,GOF,0.18972393406297633,0.4948547197228159,0.3154213462142077
25842,GOF,0.15588189107166858,0.6214198544576187,0.22269825447071273
25843,GOF,0.24185121020800157,0.413330641465706,0.3448181483262924
25844,GOF,0.08319103771820653,0.6784015438923859,0.23840741838940752
25845,GOF,0.018971143881108442,0.553280330730538,0.42774852538835356
25846,GOF,0.12768215712888376,0.6156710188497316,0.2566468240213848
25847,GOF,0.08716530294184739,0.7807480308981142,0.1320866661600385
25848,GOF,0.07149630834131566,0.7472215217732976,0.18128216988538684
25849,GOF,0.017999439660536142,0.7016552869826427,0.2803452733568211
25850,GOF,0.025119913793062842,0.7531215338801719,0.22175855232676514
25851,GOF,0.017129954256309466,0.7308979094898973,0.2519721362537931
25852,GOF,0.2229747858423293,0.5341147479620165,0.24291046619565423
25853,GOF,0.23759172927733838,0.6295295369526099,0.13287873377005155
25854,GOF,0.014519837056380349,0.6778418837337753,0.3076382792098444
25855,LOF,0.05889619658305635,0.4448745508159822,0.49622925260096157
25856,Neutral,0.3605437026322917,0.30133282744788403,0.3381234699198242
25857,GOF,0.06718035167983218,0.6114889037880706,0.3213307445320972
25858,GOF,0.022438037730535525,0.7339972772797629,0.2435646849897016
25859,GOF,0.015324597896074292,0.6636761292822694,0.32099927282165636
25860,GOF,0.3880924210562934,0.4014105322955036,0.2104970466482031
25861,GOF,0.3143481711246347,0.47961763090386406,0.20603419797150113
25862,GOF,0.10747032248052106,0.6961686051042569,0.19636107241522205
25863,GOF,0.13011232214671853,0.5426674966876252,0.32722018116565627
25864,GOF,0.1879000035885594,0.5021575857249991,0.3099424106864415
25865,GOF,0.0831019672849987,0.7196816241733822,0.19721640854161915
25866,GOF,0.0872255136953217,0.7588494951988981,0.15392499110578017
25867,GOF,0.13904979987872887,0.7165580927933578,0.14439210732791335
25868,GOF,0.18182152998909773,0.5775141391755886,0.2406643308353137
25869,Neutral,0.6994213251821818,0.23306395989629514,0.06751471492152306
25870,GOF,0.2168843242657838,0.4846304894461083,0.2984851862881078
25871,GOF,0.05424025819924853,0.6932768146479076,0.2524829271528438
25872,GOF,0.0960416280552483,0.6199572739133952,0.28400109803135654
25873,GOF,0.13241708733288043,0.5464573126458533,0.3211256000212664
25874,LOF,0.05293122769204259,0.17547861896880568,0.7715901533391517
25875,GOF,0.05384884087593104,0.6964322542570279,0.24971890486704104
25876,LOF,0.027639879819957223,0.34411088719234434,0.6282492329876985
25877,GOF,0.34487611891727094,0.48094504534162624,0.1741788357411028
25878,GOF,0.0802889683748875,0.751229909434921,0.16848112219019157
25879,GOF,0.042815416782792694,0.7816741572844124,0.17551042593279484
25880,LOF,0.05293122769204259,0.17547861896880568,0.7715901533391517
25881,GOF,0.36436598570660583,0.4129221998088841,0.22271181448450994
25882,LOF,0.06916656264568752,0.18510209670925523,0.7457313406450573
25883,LOF,0.05293122769204259,0.17547861896880568,0.7715901533391517
25884,LOF,0.06481349291170893,0.17993746216912584,0.7552490449191652
25885,LOF,0.06075760135669976,0.13791734359087213,0.801325055052428
25886,LOF,0.0801050529835919,0.3278183713881019,0.5920765756283063
25887,GOF,0.17591855069091233,0.5073957844270199,0.3166856648820677
25888,LOF,0.22942987418545716,0.2454447231271569,0.525125402687386
25889,LOF,0.0899688656808082,0.08834260277056548,0.8216885315486263
25890,LOF,0.07036496889128724,0.16476758799434138,0.7648674431143714
25891,LOF,0.044435647433913636,0.12644251697726833,0.8291218355888181
25892,LOF,0.07469251331066273,0.25749759820890133,0.6678098884804359
25893,LOF,0.12214380742258502,0.3374015042225739,0.5404546883548411
25894,LOF,0.07127179740716569,0.2725963231120917,0.6561318794807426
25895,LOF,0.0890913672264931,0.27324572255692753,0.6376629102165794
25896,LOF,0.06341545323878922,0.24509305095619405,0.6914914958050168
25897,LOF,0.1499567807903659,0.2932968054337698,0.5567464137758642
25898,LOF,0.3618065251706243,0.22359805435838162,0.41459542047099407
25899,LOF,0.09552045437110306,0.34414764672957115,0.5603318988993258
25900,Neutral,0.9181267966344916,0.013898541592970918,0.06797466177253743
25901,LOF,0.05293122769204259,0.17547861896880568,0.7715901533391517
25902,LOF,0.08316178206152512,0.14229383602281867,0.7745443819156562
25903,GOF,0.2132380335028739,0.41392135387864637,0.37284061261847984
25904,LOF,0.17942726805833967,0.3182078363456316,0.5023648955960288
25905,GOF,0.02759159800894881,0.7273775816479516,0.2450308203430996
25906,LOF,0.02341811745501419,0.10995707611188096,0.8666248064331049
25907,LOF,0.014303421442119277,0.4844253309528741,0.5012712476050065
25908,LOF,0.015332978395317422,0.4840541803716043,0.5006128412330783
25909,LOF,0.05293122769204259,0.17547861896880568,0.7715901533391517
25910,LOF,0.027086142565941298,0.3019939780562649,0.670919879377794
25911,LOF,0.06213744163654451,0.19026304469428285,0.7475995136691727
25912,LOF,0.02118174790556639,0.31964091953164125,0.6591773325627923
25913,LOF,0.07988640979795149,0.35382544337562205,0.5662881468264264
25914,LOF,0.05293122769204259,0.17547861896880568,0.7715901533391517
25915,GOF,0.25564390625977895,0.5778437061829391,0.16651238755728195
25916,GOF,0.03199971973676685,0.5891543889628545,0.37884589130037855
25917,LOF,0.044571746738997026,0.09396903217714404,0.8614592210838589
25918,LOF,0.05293122769204259,0.17547861896880568,0.7715901533391517
25919,LOF,0.05293122769204259,0.17547861896880568,0.7715901533391517
25920,GOF,0.08826096737261503,0.7235724739233909,0.18816655870399415
25921,LOF,0.0350261521358767,0.2793261647366127,0.6856476831275106
25922,LOF,0.031142166014052907,0.31057736268421154,0.6582804713017356
25923,LOF,0.08328749466172077,0.3272526235408287,0.5894598817974506
25924,LOF,0.040858659189635015,0.12295288425740807,0.836188456552957
25925,LOF,0.04407879927352204,0.18907437477468106,0.766846825951797
25926,LOF,0.04498842608044941,0.10222654712699622,0.8527850267925543
25927,GOF,0.02739113479549288,0.605582751488681,0.3670261137158261
25928,LOF,0.02295721712798522,0.13171672810196824,0.8453260547700465
25929,LOF,0.27430761140401266,0.28877358894342753,0.43691879965255975
25930,LOF,0.05293122769204259,0.17547861896880568,0.7715901533391517
25931,LOF,0.025545964229088135,0.12651635296500754,0.8479376828059043
25932,LOF,0.05293122769204259,0.17547861896880568,0.7715901533391517
25933,LOF,0.05293122769204259,0.17547861896880568,0.7715901533391517
25934,LOF,0.05293122769204259,0.17547861896880568,0.7715901533391517
25935,LOF,0.04609009250468564,0.09238920345296317,0.8615207040423511
25936,LOF,0.05293122769204259,0.17547861896880568,0.7715901533391517
25937,LOF,0.032401659103449575,0.14055282534674948,0.827045515549801
25938,LOF,0.0598655728608971,0.0985020287375548,0.8416323984015481
25939,LOF,0.05293122769204259,0.17547861896880568,0.7715901533391517
25940,LOF,0.027403592670425966,0.2985071923350735,0.6740892149945005
25941,LOF,0.1345886678712867,0.3647080155586674,0.500703316570046
25942,LOF,0.029895397890392365,0.11359961720992343,0.8565049848996842
25943,LOF,0.28362984518335377,0.29929343355330673,0.4170767212633395
25944,Neutral,0.4203008743299898,0.22678300563179954,0.35291612003821055
25945,GOF,0.11093609108283523,0.454588905448539,0.4344750034686257
25946,LOF,0.02371784728722284,0.0994449123240878,0.8768372403886894
25947,GOF,0.05395766092281353,0.6379926875624703,0.3080496515147162
25948,LOF,0.38811355667002373,0.03344543006562438,0.5784410132643519
25949,LOF,0.07311221438562765,0.13230088063259318,0.7945869049817792
25950,GOF,0.25033971540391003,0.48133214003748054,0.26832814455860937
25951,LOF,0.16308127745789688,0.3539072856850594,0.48301143685704373
25952,LOF,0.036345428992882886,0.4097944531142888,0.5538601178928284
25953,GOF,0.08767674445495613,0.6123724317883326,0.2999508237567112
25954,GOF,0.31689202706809455,0.477541410186279,0.2055665627456264
25955,LOF,0.027905142406923274,0.38498501359348924,0.5871098439995874
25956,LOF,0.04450437177934995,0.4049071354819832,0.5505884927386668
25957,LOF,0.08218485804506133,0.07663651742116326,0.8411786245337755
25958,LOF,0.05293122769204259,0.17547861896880568,0.7715901533391517
25959,GOF,0.06404045444380078,0.7312827962564089,0.20467674929979038
25960,LOF,0.030930106353559635,0.1842613255552294,0.7848085680912109
25961,LOF,0.05293122769204259,0.17547861896880568,0.7715901533391517
25962,LOF,0.08195687635128363,0.0960188797989174,0.8220242438497989
25963,LOF,0.039301903254626354,0.3620826388926081,0.5986154578527656
25964,LOF,0.05293122769204259,0.17547861896880568,0.7715901533391517
25965,Neutral,0.7030929762550152,0.06805899248930418,0.22884803125568068
25966,LOF,0.09552045437110306,0.34414764672957115,0.5603318988993258
25967,LOF,0.031710641181601586,0.2178599943037569,0.7504293645146415
25968,LOF,0.16849103893130227,0.4055684677305678,0.42594049333813006
25969,LOF,0.03839321847988284,0.09528467649130709,0.86632210502881
25970,LOF,0.02666562792991734,0.14771975877130655,0.8256146132987761
25971,LOF,0.05293122769204259,0.17547861896880568,0.7715901533391517
25972,LOF,0.05293122769204259,0.17547861896880568,0.7715901533391517
25973,LOF,0.08963542277398338,0.09280628492785256,0.8175582922981641
25974,Neutral,0.5323662610091983,0.3129242283586965,0.15470951063210525
25975,LOF,0.05293122769204259,0.17547861896880568,0.7715901533391517
25976,LOF,0.024194296980026567,0.1733877381863167,0.8024179648336567
25977,LOF,0.02845433971588255,0.31412798553097626,0.6574176747531413
25978,LOF,0.18621017508198978,0.2830775853702027,0.5307122395478074
25979,LOF,0.1985379251861337,0.21328975433249434,0.588172320481372
25980,LOF,0.1575238470790731,0.354047487664827,0.4884286652560998
25981,LOF,0.1575238470790731,0.354047487664827,0.4884286652560998
25982,LOF,0.4130653207795679,0.10115586734543662,0.48577881187499555
25983,Neutral,0.5969542379653303,0.11243769981401681,0.29060806222065294
25984,LOF,0.05293122769204259,0.17547861896880568,0.7715901533391517
25985,GOF,0.017234420801851256,0.7664894748759576,0.21627610432219102
25986,GOF,0.028217909480726645,0.6987064367482357,0.27307565377103765
25987,LOF,0.06447458325810788,0.10740688681537926,0.8281185299265129
25988,LOF,0.05293122769204259,0.17547861896880568,0.7715901533391517
25989,LOF,0.05293122769204259,0.17547861896880568,0.7715901533391517
25990,LOF,0.05293122769204259,0.17547861896880568,0.7715901533391517
25991,GOF,0.10838914315146982,0.7683083053102857,0.1233025515382443
25992,GOF,0.22359544532774087,0.5782547675564331,0.19814978711582604
25993,LOF,0.05293122769204259,0.17547861896880568,0.7715901533391517
25994,LOF,0.05293122769204259,0.17547861896880568,0.7715901533391517
25995,LOF,0.05293122769204259,0.17547861896880568,0.7715901533391517
25996,GOF,0.08033564933224353,0.5056670240515668,0.41399732661618954
25997,GOF,0.06792023025534123,0.7388507476318072,0.19322902211285167
25998,GOF,0.2644092764080645,0.40822572688992215,0.32736499670201347
25999,GOF,0.28498693799977015,0.5195141063145239,0.19549895568570605
26000,LOF,0.0599930780656882,0.09788437747996617,0.8421225444543455
26001,LOF,0.1512014860162406,0.3099505708875418,0.5388479430962176
26002,LOF,0.07330375155185617,0.23003018347672521,0.6966660649714186
26003,LOF,0.029270762802342934,0.46859810386575573,0.5021311333319013
26004,GOF,0.07224480604790488,0.6031831294820862,0.324572064470009
26005,GOF,0.024075457887542864,0.5149584252665614,0.46096611684589583
26006,Neutral,0.7325733169968169,0.1335837690125775,0.13384291399060555
26007,GOF,0.07146766497041851,0.5660554048861779,0.3624769301434037
26008,GOF,0.0419504230215648,0.4908024097582565,0.4672471672201788
26009,GOF,0.059497190652337405,0.7053483586064178,0.23515445074124486
26010,GOF,0.02679566514312384,0.6998678532472689,0.2733364816096072
26011,GOF,0.020308821256141495,0.519020032931764,0.4606711458120946
26012,GOF,0.03003106176682211,0.6820874339656282,0.2878815042675496
26013,GOF,0.019569870419535885,0.6909521342357806,0.2894779953446835
26014,LOF,0.07348146932837832,0.21655599849221466,0.7099625321794071
26015,LOF,0.1962973179682842,0.05297038450491273,0.750732297526803
26016,GOF,0.33768983125164764,0.3592917064772984,0.30301846227105383
26017,GOF,0.3140292182874694,0.36336359459994977,0.3226071871125809
26018,LOF,0.05293122769204259,0.17547861896880568,0.7715901533391517
26019,LOF,0.05293122769204259,0.17547861896880568,0.7715901533391517
26020,LOF,0.08983199543117956,0.33194887784326654,0.578219126725554
26021,GOF,0.08278958379370151,0.5709475815383412,0.3462628346679572
26022,LOF,0.022945602244406012,0.1772303878694301,0.7998240098861639
26023,LOF,0.1511427748358491,0.27117591803750796,0.577681307126643
26024,GOF,0.03683941470104155,0.5785019157044763,0.3846586695944822
26025,LOF,0.15933195145083046,0.40534392087174803,0.43532412767742146
26026,Neutral,0.4889613833343943,0.08587917989705371,0.4251594367685521
26027,LOF,0.05293122769204259,0.17547861896880568,0.7715901533391517
26028,LOF,0.24719062109854076,0.15570602331345676,0.5971033555880025
26029,GOF,0.031224140488190798,0.7443024482094498,0.22447341130235945
26030,LOF,0.021004451886592727,0.12445424662431796,0.8545413014890894
26031,GOF,0.01412563386257674,0.6229649568636095,0.3629094092738137
26032,LOF,0.05293122769204259,0.17547861896880568,0.7715901533391517
26033,LOF,0.1511427748358491,0.27117591803750796,0.577681307126643
26034,GOF,0.0199029725327526,0.5090747524761505,0.47102227499109695
26035,GOF,0.015108540300847049,0.7195152952751744,0.2653761644239785
26036,LOF,0.013835636357395212,0.43246572159934354,0.5536986420432612
26037,LOF,0.011135680704466447,0.47982159156682624,0.5090427277287074
26038,LOF,0.05293122769204259,0.17547861896880568,0.7715901533391517
26039,GOF,0.02398302272696883,0.6489093395637933,0.3271076377092379
26040,GOF,0.21558235262028297,0.5631193636696438,0.22129828371007332
26041,LOF,0.013302532683668286,0.34437337167284615,0.6423240956434856
26042,LOF,0.011567253177398071,0.43883626914873414,0.5495964776738678
26043,LOF,0.05293122769204259,0.17547861896880568,0.7715901533391517
26044,LOF,0.023909701642405797,0.17427848726280273,0.8018118110947915
26045,LOF,0.04881050370975866,0.47163276434734713,0.4795567319428943
26046,LOF,0.05293122769204259,0.17547861896880568,0.7715901533391517
26047,LOF,0.05293122769204259,0.17547861896880568,0.7715901533391517
26048,LOF,0.05227879654322052,0.14938413884951227,0.7983370646072673
26049,Neutral,0.9015538505957685,0.05537319342853224,0.04307295597569925
26050,Neutral,0.8725809828335791,0.06681921153687,0.06059980562955089
26051,GOF,0.026109492729360896,0.6049914989263357,0.3688990083443033
26052,GOF,0.028384935180167818,0.6826146185610159,0.2890004462588163
26053,LOF,0.03215290052639083,0.19856679236909838,0.7692803071045109
26054,LOF,0.05866333534348556,0.13126746349481133,0.8100692011617031
26055,LOF,0.06931353917889803,0.07245475607543836,0.8582317047456637
26056,LOF,0.04575891307038092,0.11466806924147555,0.8395730176881435
26057,LOF,0.05293122769204259,0.17547861896880568,0.7715901533391517
26058,LOF,0.05293122769204259,0.17547861896880568,0.7715901533391517
26059,Neutral,0.5502042549807551,0.1728522698367728,0.27694347518247214
26060,GOF,0.1343233926053173,0.7552214531307043,0.11045515426397823
26061,LOF,0.03933257682492396,0.1520797101187404,0.8085877130563356
26062,LOF,0.03159830789087561,0.11203986269791917,0.8563618294112052
26063,LOF,0.05293122769204259,0.17547861896880568,0.7715901533391517
26064,LOF,0.0392388214681047,0.08908508388616643,0.8716760946457289
26065,LOF,0.05293122769204259,0.17547861896880568,0.7715901533391517
26066,LOF,0.05293122769204259,0.17547861896880568,0.7715901533391517
26067,LOF,0.05293122769204259,0.17547861896880568,0.7715901533391517
26068,LOF,0.05076002461249447,0.11912812392733338,0.8301118514601722
26069,LOF,0.21987503730232213,0.2037100632205559,0.576414899477122
26070,Neutral,0.6061555513504704,0.0613563632554993,0.33248808539403024
26071,LOF,0.05293122769204259,0.17547861896880568,0.7715901533391517
26072,LOF,0.026911188090488748,0.24018637068368703,0.7329024412258243
26073,LOF,0.05293122769204259,0.17547861896880568,0.7715901533391517
26074,Neutral,0.9231207973180459,0.029114439362287775,0.04776476331966633
26075,LOF,0.04436168985589788,0.24444697275829763,0.7111913373858045
26076,LOF,0.05293122769204259,0.17547861896880568,0.7715901533391517
26077,LOF,0.030494408519323748,0.29249834082067067,0.6770072506600056
26078,LOF,0.02289089554218253,0.2590796194763427,0.7180294849814748
26079,LOF,0.0447310568258535,0.20240462267764278,0.7528643204965038
26080,LOF,0.0447310568258535,0.20240462267764278,0.7528643204965038
26081,LOF,0.05293122769204259,0.17547861896880568,0.7715901533391517
26082,LOF,0.03345715766107653,0.10726756641155044,0.859275275927373
26083,LOF,0.05293122769204259,0.17547861896880568,0.7715901533391517
26084,LOF,0.05293122769204259,0.17547861896880568,0.7715901533391517
26085,LOF,0.05293122769204259,0.17547861896880568,0.7715901533391517
26086,LOF,0.05293122769204259,0.17547861896880568,0.7715901533391517
26087,LOF,0.05293122769204259,0.17547861896880568,0.7715901533391517
26088,LOF,0.032771543320073565,0.2645979389722915,0.702630517707635
26089,LOF,0.061539927695483734,0.12482498914632528,0.8136350831581911
26090,LOF,0.04631065173991736,0.10755293215800589,0.8461364161020767
26091,LOF,0.05293122769204259,0.17547861896880568,0.7715901533391517
26092,LOF,0.05293122769204259,0.17547861896880568,0.7715901533391517
26093,LOF,0.05293122769204259,0.17547861896880568,0.7715901533391517
26094,LOF,0.05293122769204259,0.17547861896880568,0.7715901533391517
26095,LOF,0.10475328822769275,0.14490327485194354,0.7503434369203638
26096,LOF,0.036370347026391886,0.10053482579687617,0.8630948271767319
26097,LOF,0.02846758703369946,0.24215512062504835,0.7293772923412521
26098,LOF,0.053865252725477764,0.12165624896031697,0.8244784983142052
26099,LOF,0.05293122769204259,0.17547861896880568,0.7715901533391517
26100,LOF,0.05293122769204259,0.17547861896880568,0.7715901533391517
26101,LOF,0.05293122769204259,0.17547861896880568,0.7715901533391517
26102,LOF,0.05293122769204259,0.17547861896880568,0.7715901533391517
26103,Neutral,0.657283392003858,0.17403909953963992,0.16867750845650206
26104,LOF,0.048029961272886244,0.07022602932715302,0.8817440093999608
26105,GOF,0.12542056937870505,0.46424007150633095,0.41033935911496383
26106,LOF,0.10767626549550101,0.19702739156043889,0.69529634294406
26107,LOF,0.1306050815596252,0.2832130858607011,0.5861818325796737
26108,LOF,0.07966695861886101,0.2658319556698596,0.6545010857112794
26109,LOF,0.06594247005173953,0.08488571867009213,0.8491718112781683
26110,LOF,0.26697286266507353,0.06471937877649674,0.6683077585584297
26111,LOF,0.2903970849302177,0.3414212512533792,0.3681816638164031
26112,LOF,0.05293122769204259,0.17547861896880568,0.7715901533391517
26113,LOF,0.05293122769204259,0.17547861896880568,0.7715901533391517
26114,LOF,0.036591663196567405,0.10459430219257618,0.8588140346108564
26115,LOF,0.1063908941550225,0.13004636126525007,0.7635627445797273
26116,LOF,0.05293122769204259,0.17547861896880568,0.7715901533391517
26117,LOF,0.09552045437110306,0.34414764672957115,0.5603318988993258
26118,LOF,0.05293122769204259,0.17547861896880568,0.7715901533391517
26119,LOF,0.044667378732946475,0.17172379046012692,0.7836088308069267
26120,LOF,0.05293122769204259,0.17547861896880568,0.7715901533391517
26121,LOF,0.09790641221375937,0.1550628336323851,0.7470307541538554
26122,LOF,0.08759461345684331,0.179733203789858,0.7326721827532988
26123,LOF,0.06780615286640494,0.2028259099148991,0.7293679372186959
26124,LOF,0.0452724087316519,0.17855530547049983,0.7761722857978481
