feature0,prediction,LoGoFunc_Neutral,LoGoFunc_GOF,LoGoFunc_LOF
25546,Neutral,0.6044302058749563,0.05502400008267201,0.3405457940423716
25547,Neutral,0.4852290035550901,0.07607939104096713,0.43869160540394275
25548,Neutral,0.5137943324370718,0.06936289448707361,0.4168427730758545
25549,LOF,0.45084456382869953,0.067356373376813,0.4817990627944875
25550,LOF,0.38033669728872893,0.07054482379683345,0.5491184789144375
25551,LOF,0.3155354186722361,0.0801394820957548,0.604325099232009
25552,LOF,0.295975976579075,0.08844440560234858,0.6155796178185764
25553,Neutral,0.7730494654387791,0.04574646170732186,0.18120407285389903
25554,LOF,0.30917397644755623,0.07995671087462097,0.6108693126778229
25555,LOF,0.26878438389448833,0.08198024445976071,0.6492353716457508
25556,LOF,0.4427108887878103,0.07545612663861861,0.481832984573571
25557,LOF,0.2553302372362716,0.08104420647483848,0.66362555628889
25558,LOF,0.3038333738538784,0.076176796443185,0.6199898297029365
25559,LOF,0.25331604935209046,0.030111481531437712,0.7165724691164719
25560,LOF,0.0997930295272947,0.1740640525150687,0.7261429179576366
25561,LOF,0.08055762298353286,0.2667162216292167,0.6527261553872504
25562,LOF,0.0335235414816784,0.09952702334750077,0.8669494351708209
25563,LOF,0.006572456545616277,0.20317704447838375,0.790250498976
25564,LOF,0.06830937800738542,0.10061150327547659,0.8310791187171379
25565,LOF,0.19000427233070652,0.14166003229918112,0.6683356953701124
25566,GOF,0.07000972526116576,0.8194186358776514,0.11057163886118296
25567,LOF,0.0481010779356837,0.18866080966835466,0.7632381123959617
25568,LOF,0.06129593749308859,0.12262879628627808,0.8160752662206333
25569,LOF,0.06368575511079437,0.11705387393817694,0.8192603709510288
25570,LOF,0.02537115868699246,0.1668737364194751,0.8077551048935324
25571,LOF,0.02543702608495168,0.17371271951754844,0.8008502543974998
25572,LOF,0.054297666200885955,0.24358735706795573,0.7021149767311584
25573,LOF,0.06990871629415453,0.15411843188830765,0.7759728518175378
25574,LOF,0.08791597738325796,0.2629475176907136,0.6491365049260284
25575,LOF,0.024126725448007938,0.1916440519253679,0.7842292226266242
25576,LOF,0.026077019875214123,0.29638804777929095,0.677534932345495
25577,LOF,0.028256524919194642,0.21622222224305593,0.7555212528377494
25578,LOF,0.282691820456694,0.12125868787667284,0.5960494916666331
25579,LOF,0.20150610902561936,0.11927002885672436,0.6792238621176563
25580,LOF,0.022509858705305523,0.12337549819412737,0.8541146431005672
25581,LOF,0.045271672028473466,0.13725286587203855,0.817475462099488
25582,LOF,0.04469642752323487,0.13309003986611614,0.8222135326106489
25583,LOF,0.030914373798144774,0.12984210754008482,0.8392435186617704
25584,Neutral,0.6861093783048241,0.13986651565831498,0.17402410603686083
25585,LOF,0.023745332182060964,0.24760096145242583,0.7286537063655132
25586,LOF,0.020675590005465726,0.15133632989147447,0.8279880801030598
25587,LOF,0.01962921435280961,0.1518438675879805,0.8285269180592097
25588,LOF,0.025415478454974966,0.11565128052966181,0.8589332410153633
25589,Neutral,0.5367067892480747,0.2556237311920323,0.20766947955989296
25590,LOF,0.05750918227402524,0.17029988722861558,0.7721909304973592
25591,LOF,0.10140453719457167,0.11285197039160852,0.7857434924138197
25592,LOF,0.07237323985768909,0.2236305702830348,0.703996189859276
25593,LOF,0.12696553234974337,0.36719561489802016,0.5058388527522365
25594,LOF,0.04748879562634157,0.04004183473993329,0.9124693696337252
25595,LOF,0.047453423586440044,0.02261784741564011,0.9299287289979199
25596,LOF,0.11595474031187661,0.01643530840540586,0.8676099512827175
25597,LOF,0.08278135463514115,0.014104498374535594,0.9031141469903232
25598,LOF,0.047536360943657256,0.024798016305162592,0.9276656227511803
25599,LOF,0.02988960248543828,0.39208709880064113,0.5780232987139206
25600,LOF,0.16297335485499737,0.38339635152591467,0.4536302936190879
25601,LOF,0.04776461197679224,0.29038514270169863,0.6618502453215092
25602,LOF,0.029513868864930033,0.07279233751182963,0.8976937936232404
25603,LOF,0.04869537173978617,0.08724539311221505,0.8640592351479989
25604,LOF,0.05130302503900366,0.13000281201439753,0.8186941629465987
25605,LOF,0.048818046580305315,0.19616451958858921,0.7550174338311053
25606,Neutral,0.37425828427856345,0.2643802524813098,0.36136146324012686
25607,LOF,0.028532307908559536,0.25958216321529964,0.7118855288761409
25608,LOF,0.04987620688572849,0.07786233879925032,0.8722614543150211
25609,GOF,0.203922807371942,0.5045290819530415,0.2915481106750165
25610,LOF,0.02121622592887048,0.07408694226683274,0.9046968318042969
25611,LOF,0.015449242770963148,0.07966848202821376,0.9048822752008231
25612,LOF,0.06308617960166878,0.09328872832528308,0.8436250920730483
25613,LOF,0.05576079773008804,0.09138815985921432,0.8528510424106978
25614,LOF,0.02528259350242364,0.07037800533251186,0.9043394011650645
25615,LOF,0.05507977232418073,0.06566897151917943,0.8792512561566399
25616,LOF,0.0683847038921698,0.07620491041867244,0.8554103856891577
25617,LOF,0.05200886969363437,0.08117894157261187,0.8668121887337538
25618,LOF,0.05007513596111202,0.14885056257732981,0.8010743014615581
25619,LOF,0.014680189046861289,0.10113033723113685,0.8841894737220019
25620,LOF,0.04998902164319954,0.08093735999487017,0.8690736183619304
25621,LOF,0.08079829667667063,0.07956747525516514,0.8396342280681643
25622,LOF,0.08730316744550151,0.09266402136175202,0.8200328111927465
25623,LOF,0.07212857783772918,0.08459788185304397,0.8432735403092269
25624,LOF,0.0240188511084272,0.07883958680976103,0.8971415620818118
25625,LOF,0.07538060344268399,0.09070298403076414,0.8339164125265519
25626,LOF,0.05943767170220475,0.08815071160368529,0.8524116166941099
25627,Neutral,0.8802966246198602,0.025667341829776417,0.0940360335503633
25628,LOF,0.1931556129557713,0.06963840061940756,0.7372059864248212
25629,LOF,0.07040724815147095,0.07167280664070236,0.8579199452078268
25630,LOF,0.3003664498136563,0.08862467206365154,0.6110088781226921
25631,Neutral,0.5083774871464495,0.05234819178114761,0.439274321072403
25632,LOF,0.034435072291904394,0.14198806664369687,0.8235768610643988
25633,LOF,0.19235503444800303,0.07422769703545691,0.7334172685165401
25634,LOF,0.04549136068863933,0.11793375909745295,0.8365748802139078
25635,LOF,0.03490569267951262,0.06761085831353988,0.8974834490069475
25636,GOF,0.032746001061123305,0.5524691145468101,0.4147848843920665
25637,GOF,0.03807853520382043,0.5807566492467087,0.38116481554947085
25638,GOF,0.020383965876834678,0.5132498782709414,0.466366155852224
25639,LOF,0.029715153954061473,0.47073091716303156,0.4995539288829069
25640,Neutral,0.7900906614236616,0.15289780956734883,0.05701152900898964
25641,LOF,0.12495068488056806,0.2964068638048757,0.5786424513145563
25642,LOF,0.10743976879139719,0.15821946329337494,0.7343407679152278
25643,LOF,0.3357838647991593,0.08417216532273229,0.5800439698781084
25644,GOF,0.010462891676721644,0.6788057898421097,0.3107313184811687
25645,GOF,0.01387173563996686,0.5947505530296421,0.39137771133039095
25646,LOF,0.022630553292687886,0.42358219072029485,0.5537872559870173
25647,LOF,0.010004553448216652,0.3260830376100484,0.6639124089417349
25648,LOF,0.015232816715909273,0.3715587165646052,0.6132084667194855
25649,LOF,0.00911507082609348,0.2861310633941066,0.7047538657797999
25650,GOF,0.03637811299195796,0.5845031472394115,0.37911873976863053
25651,LOF,0.011679832456148004,0.40920901047684877,0.5791111570670032
25652,LOF,0.01181867506330487,0.4186330095573217,0.5695483153793734
25653,GOF,0.04683502818884655,0.5757953927414368,0.3773695790697168
25654,LOF,0.011197702741997832,0.3326979716362007,0.6561043256218015
25655,GOF,0.13568606192414912,0.6218564274027972,0.2424575106730537
25656,LOF,0.22351090746955343,0.06642466619970054,0.7100644263307461
25657,LOF,0.0349185904676984,0.06301674994677328,0.9020646595855284
25658,LOF,0.2533762636360269,0.07481130541718503,0.6718124309467881
25659,LOF,0.41207120022924193,0.08854924684506128,0.49937955292569675
25660,LOF,0.02380941721177771,0.09660177982096126,0.879588802967261
25661,LOF,0.07734082781954893,0.06044513577435165,0.8622140364060995
25662,LOF,0.029495984140244895,0.04007378687567744,0.9304302289840778
25663,LOF,0.03315262056767834,0.03773955858477211,0.9291078208475496
25664,LOF,0.09280956042858832,0.06303023247522405,0.8441602070961876
25665,LOF,0.05778509719988862,0.03425444245462079,0.9079604603454905
25666,LOF,0.06983802143884094,0.05317309223270178,0.8769888863284573
25667,LOF,0.06304041871222042,0.04575081877606335,0.8912087625117163
25668,LOF,0.03055945664762186,0.05793293222608096,0.9115076111262972
25669,LOF,0.021038186152913713,0.05244404875761105,0.9265177650894751
25670,LOF,0.11693501670646321,0.048508547908185456,0.8345564353853513
25671,LOF,0.08998482475441592,0.0382912014954396,0.8717239737501444
25672,LOF,0.05084170110654447,0.05393346253081645,0.895224836362639
25673,LOF,0.07924004066566306,0.046419632487960764,0.8743403268463761
25674,LOF,0.0779463546003248,0.06004562556151612,0.862008019838159
25675,LOF,0.07096663050177354,0.07308898867438182,0.8559443808238446
25676,LOF,0.01659185707388379,0.06580082896042076,0.9176073139656955
25677,LOF,0.016279007025243767,0.08200449646225993,0.9017164965124963
25678,LOF,0.17302198900857996,0.08799724233927696,0.738980768652143
25679,LOF,0.10769576331650284,0.09435727116287344,0.7979469655206237
25680,LOF,0.024828249169885137,0.12611306460788152,0.8490586862222332
25681,LOF,0.03995372992343935,0.11261560190851352,0.8474306681680471
25682,LOF,0.1174774342752749,0.06785818454333124,0.8146643811813938
25683,LOF,0.09163045759954615,0.08661383955242381,0.82175570284803
25684,LOF,0.027397364310681533,0.06039855879799269,0.9122040768913258
25685,LOF,0.12616702780725284,0.10115485726906492,0.7726781149236823
25686,LOF,0.07873993635413885,0.15295760891512553,0.7683024547307356
25687,LOF,0.14381422047321135,0.12943057179910897,0.7267552077276797
25688,LOF,0.4838044179408595,0.02223732021080159,0.4939582618483389
25689,LOF,0.2989757943749401,0.03609761574696063,0.6649265898780993
25690,LOF,0.3849751582373528,0.021406787179415916,0.5936180545832314
25691,Neutral,0.7409480458594816,0.0201656227166605,0.23888633142385798
25692,LOF,0.35916543254531136,0.009436635647291634,0.6313979318073969
25693,GOF,0.0364073518979834,0.546288643299858,0.41730400480215846
25694,LOF,0.10973976420940101,0.02248979613836689,0.8677704396522321
25695,LOF,0.10679891965465994,0.008260190541888016,0.8849408898034521
25696,LOF,0.1168964565186568,0.012227273329578448,0.8708762701517647
25697,LOF,0.05269962176394,0.06116028194341352,0.8861400962926466
25698,LOF,0.23040948773098432,0.24284665276319625,0.5267438595058195
25699,LOF,0.3875668873258345,0.03417875734911324,0.5782543553250522
25700,LOF,0.05916053655651769,0.01065699999986316,0.9301824634436191
25701,LOF,0.1937120479836955,0.026810655401916125,0.7794772966143884
25702,GOF,0.20912698852761313,0.6324670370075215,0.15840597446486543
25703,LOF,0.019132396708131733,0.1766972782813547,0.8041703250105136
25704,LOF,0.03635090010637358,0.1218109465629231,0.8418381533307033
25705,LOF,0.03661967502854406,0.07808944402372608,0.8852908809477299
25706,GOF,0.09291616353385491,0.4671466512468404,0.43993718521930475
25707,LOF,0.08989887593048554,0.42628464183158593,0.4838164822379284
25708,LOF,0.03191766824602259,0.4128120595236169,0.5552702722303606
25709,LOF,0.07474397565282657,0.03686026643803726,0.8883957579091362
25710,LOF,0.01765175842018416,0.15189274173704378,0.8304554998427721
25711,LOF,0.019885946207538897,0.08254848839945028,0.8975655653930108
25712,LOF,0.018531825906033667,0.18776050388238816,0.7937076702115782
25713,LOF,0.018377426334368695,0.06576357968725002,0.9158589939783812
25714,LOF,0.08124829059397899,0.05364736967271174,0.8651043397333094
25715,LOF,0.011789961261089167,0.09722997277345528,0.8909800659654555
25716,LOF,0.012252734054486824,0.10565970416685076,0.8820875617786624
25717,LOF,0.020137041234772647,0.06863703011253869,0.9112259286526887
25718,LOF,0.011488402814779872,0.04782271873341416,0.9406888784518059
25719,LOF,0.022641284434190553,0.06866201578471412,0.9086966997810954
25720,LOF,0.028905645730136258,0.04259102891025978,0.928503325359604
25721,LOF,0.011427973049040587,0.07186196118069225,0.9167100657702673
25722,LOF,0.012960401738747039,0.058464371976320303,0.9285752262849326
25723,LOF,0.0236967454049124,0.03967795054587719,0.9366253040492104
25724,LOF,0.032900293764200346,0.07750959576414035,0.8895901104716593
25725,LOF,0.011119012828029753,0.06430398365396733,0.924577003518003
25726,LOF,0.01670952045633508,0.08848898482792701,0.8948014947157378
25727,LOF,0.013478278700466582,0.0535387835298874,0.9329829377696459
25728,LOF,0.010897133562988846,0.0721512998545726,0.9169515665824385
25729,LOF,0.011058031009832877,0.07118163829943189,0.9177603306907351
25730,LOF,0.014752265830816702,0.07384254213033731,0.911405192038846
25731,LOF,0.018964693694601884,0.10775405150411638,0.8732812548012817
25732,LOF,0.014143888366691578,0.046097847615239426,0.939758264018069
25733,LOF,0.014911844950185792,0.05439054318119538,0.9306976118686188
25734,LOF,0.012647589860768077,0.11967510247088829,0.8676773076683435
25735,LOF,0.011233827843754603,0.05277194243864962,0.9359942297175958
25736,LOF,0.012297801311387831,0.06040504331785813,0.927297155370754
25737,LOF,0.013246391505661599,0.09609848944517121,0.8906551190491673
25738,LOF,0.01267075505360073,0.09274048461403904,0.8945887603323603
25739,LOF,0.02028941416592585,0.07536398610356035,0.9043465997305138
25740,LOF,0.033120353556410236,0.09901487198158881,0.867864774462001
25741,LOF,0.015352007422018645,0.10463773091977716,0.8800102616582043
25742,LOF,0.11452735248347863,0.06856009824937781,0.8169125492671436
25743,LOF,0.04688938981850679,0.0703052533160804,0.8828053568654128
25744,Neutral,0.6073624198324639,0.25834985894058377,0.13428772122695237
25745,LOF,0.06226876623629975,0.09835225135808934,0.8393789824056108
25746,LOF,0.04325897724557439,0.14268022428787355,0.814060798466552
25747,LOF,0.018404203634640195,0.12505617634024416,0.8565396200251157
25748,LOF,0.0987329662309678,0.19222205115321223,0.70904498261582
25749,LOF,0.023977080935578193,0.1220120048023073,0.8540109142621145
25750,LOF,0.06149060648238374,0.13320624620003646,0.8053031473175798
25751,LOF,0.13150826518767555,0.1650474237772414,0.7034443110350832
25752,GOF,0.11993766362141105,0.6423336136794768,0.23772872269911216
25753,LOF,0.03785566910608262,0.35470840222663874,0.6074359286672786
25754,GOF,0.020268945563728182,0.7681439235047651,0.21158713093150663
25755,LOF,0.033981971841350836,0.36106742311991896,0.6049506050387301
25756,LOF,0.06518660766070296,0.4405450442837791,0.4942683480555178
25757,GOF,0.016828208394557023,0.8637143059578227,0.11945748564762018
25758,GOF,0.026978908565625796,0.7729233598888535,0.20009773154552069
25759,GOF,0.013146994792543226,0.6468003667075403,0.34005263849991657
25760,LOF,0.01852793927898011,0.4293926072576158,0.5520794534634041
25761,GOF,0.2817462849109079,0.6200994472438967,0.09815426784519536
25762,LOF,0.05108990387655848,0.37140454197532885,0.5775055541481127
25763,LOF,0.014668265044712506,0.27634760910549006,0.7089841258497973
25764,GOF,0.06503966881414903,0.6928580652709125,0.2421022659149385
25765,GOF,0.03798547601097762,0.7700278428408868,0.19198668114813566
25766,GOF,0.09218037272689059,0.7385407677224545,0.16927885955065494
25767,LOF,0.17879273539227244,0.39133722102269264,0.42987004358503494
25768,LOF,0.1144768243646296,0.034189775273536255,0.8513334003618342
25769,LOF,0.04990924642640662,0.06701191632960155,0.8830788372439918
25770,LOF,0.4075221474923806,0.11357157501357264,0.4789062774940468
25771,LOF,0.06547502752353548,0.05476296796759979,0.8797620045088647
25772,LOF,0.01886201021295183,0.05041469393626804,0.9307232958507801
25773,LOF,0.07348033527422428,0.05430349268248691,0.8722161720432888
25774,LOF,0.027425154423957723,0.13137810671348812,0.8411967388625541
25775,LOF,0.07310044399295604,0.051886051369283134,0.8750135046377608
25776,LOF,0.06972762542877892,0.03300898963218776,0.8972633849390332
25777,Neutral,0.5520995526391251,0.07513226601021744,0.37276818135065737
25778,LOF,0.061426168393929635,0.04820744952303857,0.8903663820830316
25779,GOF,0.4163248671747619,0.5410185086351813,0.04265662419005678
25780,GOF,0.341233068011805,0.5683763799038832,0.09039055208431175
25781,GOF,0.12051140621110075,0.7646138636385386,0.1148747301503606
25782,GOF,0.19183846552641676,0.7120802149345085,0.09608131953907488
25783,GOF,0.024031048909074076,0.678528309741798,0.2974406413491279
25784,Neutral,0.5570251800054588,0.3942472847997723,0.04872753519476889
25785,Neutral,0.5216934927668357,0.40386798788477674,0.07443851934838745
25786,GOF,0.026217014291964918,0.7042222436902815,0.26956074201775365
25787,Neutral,0.7051217685737178,0.25710007287432257,0.03777815855195966
25788,LOF,0.0638698473714092,0.07332434962633419,0.8628058030022565
25789,GOF,0.2094058841091447,0.6614937951258355,0.12910032076501973
25790,GOF,0.25035301991477227,0.6237911702977782,0.12585580978744967
25791,GOF,0.13167396429625064,0.6480276580599497,0.22029837764379973
25792,GOF,0.3315552460663106,0.5002111691435702,0.16823358479011913
25793,GOF,0.2327510828452764,0.49290500115342045,0.2743439160013032
25794,GOF,0.31580499296556813,0.4590906212051434,0.22510438582928843
25795,GOF,0.05238483568367087,0.6574530483347866,0.2901621159815427
25796,Neutral,0.5183354612864197,0.396542601092285,0.0851219376212953
25797,GOF,0.09091746003236391,0.515666176442385,0.3934163635252511
25798,GOF,0.01052749032733289,0.5200041914219239,0.46946831825074314
25799,LOF,0.008588311248141883,0.45183731519008047,0.5395743735617776
25800,GOF,0.041346157777945036,0.6350798571897743,0.3235739850322807
25801,GOF,0.2432428940430471,0.6384472746950209,0.11830983126193188
25802,GOF,0.0749522970698708,0.6205518255786437,0.3044958773514854
25803,GOF,0.047959043644818594,0.5491480052822464,0.40289295107293494
25804,LOF,0.04436042433461008,0.4771742497408939,0.47846532592449603
25805,GOF,0.10725392014875237,0.5187626174599993,0.37398346239124847
25806,GOF,0.12601659858022177,0.5663375670417806,0.30764583437799764
25807,GOF,0.019464347038028403,0.5672131966462602,0.41332245631571124
25808,GOF,0.11236066191019162,0.5300811887684005,0.3575581493214079
25809,GOF,0.019287414550252596,0.5521863581300713,0.42852622731967605
25810,GOF,0.020083299733323484,0.5437316807649635,0.436185019501713
25811,Neutral,0.498974734688706,0.4336304664605325,0.06739479885076138
25812,GOF,0.03485311072618437,0.6019011275177203,0.36324576175609535
25813,Neutral,0.552376138153092,0.30712466191746823,0.14049919992943982
25814,GOF,0.1212508517609893,0.5986163645118642,0.2801327837271465
25815,GOF,0.2581842041613803,0.5555757736457365,0.18624002219288324
25816,GOF,0.018266245851294508,0.6531569437173826,0.3285768104313229
25817,GOF,0.17883265894283853,0.6843490944072086,0.13681824664995282
25818,GOF,0.03346899893748428,0.577477502676461,0.38905349838605474
25819,GOF,0.34543766488576594,0.48706875119639154,0.1674935839178424
25820,GOF,0.17046373281612762,0.6027934047348249,0.2267428624490475
25821,GOF,0.05524669478666024,0.6497545549933686,0.2949987502199711
25822,GOF,0.2186297519149453,0.5370492208439958,0.244321027241059
25823,GOF,0.03907192553063184,0.48988457707283434,0.47104349739653373
25824,GOF,0.07439677682680033,0.5208180912513629,0.40478513192183674
25825,GOF,0.03174245396891027,0.5135069669403577,0.4547505790907321
25826,LOF,0.010555952189683705,0.4934245329228405,0.4960195148874759
25827,GOF,0.01864717345506059,0.541282957527247,0.44006986901769246
25828,LOF,0.014062646998849902,0.44329898744786883,0.5426383655532812
25829,GOF,0.007508526779317646,0.5445116747781711,0.44797979844251135
25830,LOF,0.04065500348314138,0.24528786142345185,0.7140571350934067
25831,GOF,0.13884104638925612,0.7002492296564313,0.1609097239543125
25832,GOF,0.034146977735849585,0.67698153373022,0.28887148853393046
25833,GOF,0.10844612327348815,0.6757771587443656,0.21577671798214615
25834,GOF,0.039978661148885306,0.6719222536748607,0.28809908517625393
25835,GOF,0.10256791383007392,0.6332631934387596,0.26416889273116634
25836,GOF,0.05460868773869339,0.6644674282917107,0.2809238839695959
25837,GOF,0.02664557936160867,0.5098733623446355,0.4634810582937557
25838,GOF,0.0978897810810735,0.6973783264624281,0.20473189245649825
25839,GOF,0.32159138112208097,0.4850530121882142,0.19335560668970472
25840,GOF,0.25078017979811634,0.5325311940319539,0.21668862616992982
25841,GOF,0.28914524562578264,0.5133152019802039,0.19753955239401358
25842,GOF,0.17421704364390148,0.611965922729566,0.21381703362653257
25843,GOF,0.22385286483615194,0.6186506907060014,0.15749644445784663
25844,GOF,0.06637003893934039,0.6679983224077889,0.26563163865287076
25845,LOF,0.014308553804495916,0.4917102229769794,0.49398122321852456
25846,GOF,0.09815148849378094,0.7049991490769979,0.19684936242922105
25847,GOF,0.11520311728235998,0.697712422467049,0.18708446025059106
25848,GOF,0.04249035234803873,0.6613206272626063,0.29618902038935496
25849,GOF,0.012463263686410812,0.5356206706220381,0.45191606569155107
25850,GOF,0.02212923095566144,0.6343915327903052,0.34347923625403337
25851,GOF,0.019861089436467128,0.5333991874401883,0.44673972312334465
25852,GOF,0.11946604856532793,0.57719079141524,0.3033431600194321
25853,GOF,0.316562585730301,0.5989969886584543,0.08444042561124468
25854,GOF,0.02047736414023231,0.690999341147046,0.28852329471272176
25855,GOF,0.04607510438236192,0.6195123359966181,0.33441255962101996
25856,GOF,0.2372919143018834,0.5736940840378126,0.18901400166030394
25857,GOF,0.03941242647058744,0.543845792139819,0.41674178138959356
25858,GOF,0.02035939082011965,0.6112472704400905,0.3683933387397898
25859,GOF,0.011313890313180818,0.6029703255756316,0.3857157841111876
25860,GOF,0.3057489619231454,0.5940936031281113,0.10015743494874331
25861,GOF,0.32544566994046414,0.5887689230110115,0.08578540704852433
25862,GOF,0.06785065731525426,0.77289112310362,0.15925821958112582
25863,GOF,0.07574051118524991,0.7885613091437051,0.13569817967104497
25864,GOF,0.14090821037124285,0.7593184659121637,0.09977332371659345
25865,GOF,0.06395314985466628,0.7919799970932879,0.14406685305204592
25866,GOF,0.05892497006309334,0.8203726425982543,0.12070238733865252
25867,GOF,0.07488219076495914,0.8138288339650026,0.11128897527003814
25868,GOF,0.19969985470768548,0.6620743719823524,0.13822577330996214
25869,Neutral,0.665040459585007,0.2842545332630016,0.050705007151991374
25870,LOF,0.29307210797894534,0.23712554195278415,0.4698023500682705
25871,GOF,0.22433383954793615,0.620775659167595,0.15489050128446896
25872,GOF,0.09353436346449735,0.586378949535273,0.3200866870002296
25873,GOF,0.16557946859030537,0.5415244706435263,0.2928960607661683
25874,LOF,0.023958962904879585,0.08012617375566075,0.8959148633394596
25875,LOF,0.0721826284280636,0.07612597492287308,0.8516913966490633
25876,LOF,0.026718311920406267,0.06278960576799193,0.9104920823116018
25877,Neutral,0.5091920237674616,0.0714752379789527,0.4193327382535857
25878,LOF,0.22119037810474348,0.1239231030898028,0.6548865188054538
25879,LOF,0.12832326131266716,0.1363520532577398,0.7353246854295932
25880,LOF,0.022193607684762674,0.029022092531248725,0.9487842997839886
25881,LOF,0.18771492744125795,0.24019324102865838,0.5720918315300837
25882,LOF,0.0744538068391714,0.025611290982073806,0.8999349021787548
25883,LOF,0.08629719586143252,0.04528293233078164,0.8684198718077858
25884,LOF,0.04564726543301196,0.05734871858836418,0.8970040159786239
25885,LOF,0.05932672182018536,0.031668202581539094,0.9090050755982755
25886,LOF,0.3629462982896595,0.10755239387732207,0.5295013078330184
25887,LOF,0.17117388109576978,0.19336735116882992,0.6354587677354002
25888,LOF,0.07207059632822975,0.11646453760976701,0.8114648660620032
25889,LOF,0.04012456606106214,0.05320194706343976,0.906673486875498
25890,LOF,0.06935762249475354,0.12338045550834188,0.8072619219969046
25891,LOF,0.07275841832970441,0.04513556958123311,0.8821060120890624
25892,LOF,0.09960564648709835,0.026750121648982314,0.8736442318639193
25893,LOF,0.29914226855060166,0.016409706048256707,0.6844480254011417
25894,LOF,0.17845616550865212,0.008216009911879013,0.813327824579469
25895,LOF,0.2201358857713207,0.018986290282892962,0.7608778239457864
25896,LOF,0.04632753739736896,0.02351528870384332,0.9301571738987878
25897,LOF,0.25037834396785774,0.018391785736934906,0.7312298702952074
25898,Neutral,0.7901231712754094,0.01294506921186888,0.19693175951272165
25899,LOF,0.24312613480316841,0.04518936280127222,0.7116845023955594
25900,Neutral,0.5782458042532184,0.01600557047678453,0.40574862526999717
25901,LOF,0.04996980986878754,0.01334791747827396,0.9366822726529386
25902,LOF,0.16490718598804485,0.01320350800900495,0.8218893060029502
25903,Neutral,0.6217844051563475,0.03147865668114281,0.34673693816250983
25904,LOF,0.24733538241172623,0.04625687046280087,0.7064077471254728
25905,LOF,0.0300141271427015,0.37521030036347053,0.5947755724938281
25906,LOF,0.025356309836434648,0.06860150978502476,0.9060421803785406
25907,LOF,0.01210109706541886,0.40396857098758854,0.5839303319469926
25908,LOF,0.01181903469517449,0.26037032028089396,0.7278106450239314
25909,LOF,0.01497570273452591,0.13448875561030182,0.8505355416551722
25910,LOF,0.027204161437759906,0.3217598226281109,0.6510360159341292
25911,LOF,0.07592286142727983,0.06177322946630884,0.8623039091064112
25912,LOF,0.03985427556099469,0.1184327599895343,0.8417129644494711
25913,LOF,0.27319975585832584,0.05318741478612832,0.6736128293555458
25914,LOF,0.026758713571743274,0.11414170689394797,0.8590995795343088
25915,Neutral,0.4180054048719559,0.18796001435927473,0.3940345807687693
25916,LOF,0.04981578785802947,0.2633237513812633,0.6868604607607074
25917,LOF,0.05707579642198238,0.055881268916938,0.8870429346610795
25918,LOF,0.03510686279153847,0.06534620553851701,0.8995469316699445
25919,LOF,0.03137468559730665,0.0671991890415781,0.9014261253611152
25920,GOF,0.09969279770968285,0.5045214745561848,0.3957857277341324
25921,LOF,0.03309056527871756,0.03089974873641155,0.936009685984871
25922,LOF,0.048238492632324464,0.019033136843002854,0.9327283705246726
25923,LOF,0.38750340395320915,0.020402816298719297,0.5920937797480715
25924,LOF,0.04005974703262973,0.027213116257294966,0.9327271367100752
25925,LOF,0.0668919041570707,0.032440336557441815,0.9006677592854875
25926,LOF,0.04898051697668938,0.018877234163055888,0.9321422488602548
25927,LOF,0.07623659038312453,0.05718695071854347,0.8665764588983319
25928,LOF,0.025587374681088355,0.022099553278329465,0.9523130720405822
25929,Neutral,0.5371118926659689,0.023552079981809575,0.43933602735222144
25930,LOF,0.06872915523172032,0.015560676608904233,0.9157101681593753
25931,LOF,0.03217327575427963,0.018531005171373453,0.9492957190743468
25932,LOF,0.02769069125436467,0.014533185736177243,0.957776123009458
25933,LOF,0.038336346763918824,0.01027262224964799,0.9513910309864332
25934,LOF,0.026076760251456117,0.01300205777962667,0.9609211819689173
25935,LOF,0.06640769540798677,0.02899074124892059,0.9046015633430927
25936,LOF,0.04348596525047012,0.01610043958441861,0.9404135951651114
25937,LOF,0.03473363851095478,0.022023310926326284,0.9432430505627188
25938,LOF,0.06343448265024117,0.03486297323105375,0.9017025441187051
25939,LOF,0.04273037037038428,0.010044622298367504,0.9472250073312483
25940,LOF,0.02445414417316249,0.4613255724199179,0.5142202834069197
25941,LOF,0.14144758152806,0.10589876972486195,0.752653648747078
25942,LOF,0.013236885855008719,0.043875873349673584,0.9428872407953176
25943,LOF,0.3275235517199843,0.10322478018918271,0.5692516680908329
25944,Neutral,0.5045433294836867,0.054470165718079055,0.44098650479823426
25945,LOF,0.06986063091807601,0.041718557744171256,0.8884208113377527
25946,LOF,0.03858831802529107,0.12729867095414946,0.8341130110205596
25947,LOF,0.14059306826939558,0.13510495949940352,0.724301972231201
25948,LOF,0.3826316724185397,0.013967987561655036,0.6034003400198052
25949,LOF,0.0983186854691789,0.0615690176910404,0.8401122968397806
25950,GOF,0.20199731546961253,0.4217825762437558,0.37622010828663155
25951,LOF,0.23428453345443004,0.13576846558123892,0.629947000964331
25952,LOF,0.051797651954947954,0.3774086644446974,0.5707936836003547
25953,LOF,0.15440358218856975,0.09934936815762042,0.74624704965381
25954,LOF,0.3660839793992837,0.21570264276043677,0.4182133778402795
25955,LOF,0.06784802657637207,0.09059973226118115,0.8415522411624466
25956,LOF,0.19913784999491185,0.06372245375118393,0.7371396962539042
25957,LOF,0.05548764832361104,0.019239820380486737,0.9252725312959023
25958,LOF,0.05769938483162527,0.02768523762451013,0.9146153775438646
25959,LOF,0.07902940919472423,0.3835428185155501,0.5374277722897256
25960,LOF,0.023057975215797496,0.054400597768759905,0.9225414270154426
25961,LOF,0.0483309826029046,0.03676523975015777,0.9149037776469375
25962,LOF,0.062384112838458926,0.03956443701531641,0.8980514501462246
25963,LOF,0.06799870734243262,0.17945978758993222,0.7525415050676352
25964,LOF,0.03366307901372319,0.15601245027865482,0.810324470707622
25965,Neutral,0.45852932826828074,0.0840045540776393,0.45746611765408013
25966,LOF,0.3327456317348702,0.26943533621213117,0.3978190320529986
25967,LOF,0.01658902277991149,0.08483143672079552,0.8985795404992931
25968,LOF,0.04835732433445726,0.42536831665274544,0.5262743590127973
25969,LOF,0.025036789450172924,0.06395225955722353,0.9110109509926037
25970,LOF,0.06091461119945099,0.058350137979644626,0.8807352508209044
25971,LOF,0.08407970656766155,0.02948077615973816,0.8864395172726002
25972,LOF,0.08115306586895041,0.03212303864972712,0.8867238954813225
25973,LOF,0.0889002862979992,0.009677543109361714,0.9014221705926391
25974,LOF,0.3141782819272508,0.019523795645275746,0.6662979224274734
25975,LOF,0.055261939596304516,0.0395357438842787,0.9052023165194168
25976,LOF,0.04515863363369812,0.021867346563008625,0.9329740198032933
25977,LOF,0.12997411181243687,0.16385718672028046,0.7061687014672826
25978,LOF,0.13259546328355,0.11356321694690692,0.7538413197695432
25979,LOF,0.1342789705458158,0.09568322636626626,0.770037803087918
25980,LOF,0.1407738790860839,0.1974738123093343,0.6617523086045818
25981,LOF,0.174131211977855,0.18961205492739416,0.6362567330947507
25982,LOF,0.39207653915362145,0.10221082935306132,0.5057126314933172
25983,LOF,0.37334692884228937,0.09244658315032854,0.5342064880073821
25984,LOF,0.04388478030378998,0.1134401172583871,0.842675102437823
25985,LOF,0.021647894974192096,0.3562442220795922,0.6221078829462157
25986,LOF,0.02622416769856922,0.3236211620943125,0.6501546702071183
25987,LOF,0.0848248757208737,0.09955375687537613,0.8156213674037501
25988,LOF,0.10547958498826676,0.09208909680991063,0.8024313182018226
25989,LOF,0.024484071048272948,0.17388500899790377,0.8016309199538232
25990,LOF,0.03306902942480558,0.16022199852286562,0.8067089720523287
25991,LOF,0.1614227008030408,0.40543991342007707,0.4331373857768821
25992,LOF,0.3247706496850662,0.28566932746340185,0.389560022851532
25993,LOF,0.027737339925619255,0.08624480319112837,0.8860178568832523
25994,LOF,0.018992985164525356,0.11615271015700311,0.8648543046784716
25995,LOF,0.031536925721507646,0.13554050470924348,0.8329225695692488
25996,GOF,0.24540624049106072,0.5296824560967844,0.22491130341215473
25997,GOF,0.08598685333795211,0.5269946128154652,0.38701853384658264
25998,Neutral,0.636770185262614,0.035847659736588204,0.32738215500079787
25999,LOF,0.1545193332225907,0.08884290132371984,0.7566377654536895
26000,LOF,0.10625986639964766,0.030524942414880907,0.8632151911854714
26001,LOF,0.20379098107188304,0.034543414777148805,0.7616656041509682
26002,LOF,0.11440315573510199,0.03272612627177657,0.8528707179931214
26003,GOF,0.009152292172285708,0.6502418616231037,0.3406058462046105
26004,GOF,0.024750816733177562,0.6635807063537209,0.3116684769131016
26005,GOF,0.01071176968741855,0.5085145672250698,0.48077366308751157
26006,Neutral,0.5221950631990705,0.26529798858440823,0.21250694821652122
26007,GOF,0.018250213152499636,0.5943860835526295,0.387363703294871
26008,GOF,0.018072027976257708,0.5730493392009737,0.40887863282276865
26009,GOF,0.03291885004559305,0.654516957472324,0.31256419248208295
26010,GOF,0.023583202360978304,0.7157157423285581,0.26070105531046367
26011,GOF,0.009356333544634577,0.5002494737783174,0.49039419267704804
26012,GOF,0.0173725334219113,0.5545106122864125,0.42811685429167606
26013,GOF,0.014485548300869096,0.6832907935701176,0.3022236581290134
26014,LOF,0.047060036608200004,0.1724644761846417,0.7804754872071583
26015,LOF,0.1832399731331226,0.011457534647836849,0.8053024922190406
26016,LOF,0.2745161030775652,0.053001098253722664,0.6724827986687122
26017,LOF,0.16600619282649415,0.10585948432886506,0.7281343228446406
26018,LOF,0.09414722059221042,0.04015974271709729,0.8656930366906923
26019,LOF,0.09117326150584915,0.025367861467234683,0.8834588770269163
26020,LOF,0.06400705820124578,0.10358360037408695,0.8324093414246674
26021,LOF,0.05574535331410214,0.1499325161981136,0.7943221304877843
26022,LOF,0.011328536218628775,0.06601507505118276,0.9226563887301884
26023,LOF,0.12759057721553954,0.027963532810123225,0.8444458899743373
26024,LOF,0.0316730886508228,0.13800352337112864,0.8303233879780486
26025,LOF,0.157311870477993,0.07199493772826701,0.77069319179374
26026,LOF,0.33732073603019086,0.014760271824493802,0.6479189921453153
26027,LOF,0.0915062481958259,0.018258858291562968,0.8902348935126111
26028,LOF,0.19043290661401507,0.08647552997626966,0.7230915634097153
26029,LOF,0.12427016679814759,0.13563496780767087,0.7400948653941816
26030,LOF,0.03467942731079404,0.05216596258888317,0.9131546101003227
26031,LOF,0.04619201937471707,0.11121100680773545,0.8425969738175475
26032,LOF,0.08462469155478446,0.05154521779978322,0.8638300906454323
26033,LOF,0.1370846550317968,0.05501020879349988,0.8079051361747034
26034,LOF,0.07391272376065415,0.10797412265491617,0.8181131535844297
26035,LOF,0.04791697409681158,0.09293245805839058,0.8591505678447978
26036,LOF,0.0676511834890252,0.10908382064842916,0.8232649958625455
26037,LOF,0.03910751151210704,0.08945762803596817,0.8714348604519248
26038,LOF,0.08155760287282164,0.05016066828158765,0.8682817288455906
26039,LOF,0.09616872551620903,0.09652839221364341,0.8073028822701476
26040,LOF,0.2526177848684094,0.09735427088683307,0.6500279442447575
26041,LOF,0.03966632690359083,0.08147585572588249,0.8788578173705267
26042,LOF,0.03914686301485272,0.08441451489768521,0.876438622087462
26043,LOF,0.0790049149451122,0.060409056647003787,0.860586028407884
26044,LOF,0.03755441755912198,0.05515081958336352,0.9072947628575145
26045,LOF,0.12063911051861748,0.07016453587358416,0.8091963536077984
26046,LOF,0.08499621406569556,0.062005797724739964,0.8529979882095644
26047,LOF,0.10954811735766415,0.07447748322455214,0.8159743994177838
26048,LOF,0.05734397064970193,0.04869464257968199,0.893961386770616
26049,Neutral,0.9499104861771556,0.00801182024049284,0.042077693582351576
26050,Neutral,0.9299217499085274,0.008966124772991765,0.06111212531848078
26051,LOF,0.06315313857290145,0.3882248287034903,0.5486220327236083
26052,GOF,0.0607873037789921,0.492061729341456,0.4471509668795519
26053,LOF,0.06929612431602039,0.420308407563287,0.5103954681206926
26054,LOF,0.054774261469812506,0.07046502167196275,0.8747607168582247
26055,LOF,0.07624976318418536,0.059748940192399666,0.8640012966234151
26056,LOF,0.0642880493186704,0.06705625075888844,0.8686556999224413
26057,LOF,0.02812774282278817,0.02653203090971827,0.9453402262674935
26058,LOF,0.02798546134737891,0.023157038883500968,0.9488574997691201
26059,LOF,0.36680996817023537,0.07835748754430594,0.5548325442854587
26060,LOF,0.02856442175850985,0.3598225455022701,0.61161303273922
26061,LOF,0.01664825422509914,0.04569630744177633,0.9376554383331246
26062,LOF,0.013012878924161095,0.05612347214221588,0.9308636489336232
26063,LOF,0.023190435215878363,0.026807011110742074,0.9500025536733795
26064,LOF,0.024716191161046428,0.036778705839783175,0.9385051029991703
26065,LOF,0.0258889560135919,0.02741884032035658,0.9466922036660516
26066,LOF,0.021317704497709204,0.030245684092065857,0.948436611410225
26067,LOF,0.02347127247968458,0.021218205549244806,0.9553105219710707
26068,LOF,0.05423848478539949,0.07476586361815968,0.8709956515964408
26069,LOF,0.4322463956657704,0.0551293118427304,0.5126242924914993
26070,Neutral,0.6503200882192873,0.027975924756236194,0.3217039870244764
26071,LOF,0.022956926073667106,0.03192285545517386,0.9451202184711591
26072,LOF,0.02534615513480112,0.05890934083315263,0.9157445040320462
26073,LOF,0.024663830578984657,0.02629931385927675,0.9490368555617387
26074,Neutral,0.886066034584742,0.012285008241898583,0.10164895717335953
26075,LOF,0.04511522008362086,0.043543378011518655,0.9113414019048605
26076,LOF,0.04386749389883042,0.01887659124010574,0.937255914861064
26077,LOF,0.00998813645227108,0.055036760552235366,0.9349751029954937
26078,LOF,0.013872409804555381,0.037586644745591376,0.9485409454498531
26079,LOF,0.05432568592989699,0.04380324775172268,0.9018710663183804
26080,LOF,0.05432568592989699,0.04380324775172268,0.9018710663183804
26081,LOF,0.03351568425536436,0.016908571670883745,0.9495757440737518
26082,LOF,0.021353164957494113,0.04248468239377258,0.9361621526487333
26083,LOF,0.1471638731303817,0.028060224983762594,0.8247759018858556
26084,LOF,0.026907715718527715,0.031257598422576915,0.9418346858588954
26085,LOF,0.02276603250328843,0.02845554260030485,0.9487784248964067
26086,LOF,0.022653675140296446,0.030112900941298783,0.9472334239184047
26087,LOF,0.024711628259278345,0.023332438080835512,0.9519559336598862
26088,LOF,0.02514129896420365,0.0525091271042865,0.92234957393151
26089,LOF,0.049473777079262184,0.05716909720714386,0.893357125713594
26090,LOF,0.045946675572538676,0.04478964103188152,0.9092636833955797
26091,LOF,0.03842130315577259,0.017444644814882584,0.9441340520293449
26092,LOF,0.027654783184607276,0.021955357927691394,0.9503898588877013
26093,LOF,0.0402243014173426,0.014715576982738057,0.9450601215999193
26094,LOF,0.04641509573093322,0.013301039827792117,0.9402838644412748
26095,LOF,0.03935202518542715,0.04448126778380793,0.916166707030765
26096,LOF,0.01753771661882119,0.031187951402271857,0.9512743319789069
26097,LOF,0.011150272979870018,0.10847145767171966,0.8803782693484102
26098,LOF,0.06302160041455092,0.04421252295426033,0.8927658766311889
26099,LOF,0.02384248571012958,0.03648334032862088,0.9396741739612496
26100,LOF,0.024645672540501855,0.03449853056788702,0.9408557968916111
26101,LOF,0.05982797414791301,0.03137639078121671,0.9087956350708702
26102,LOF,0.026527737828784148,0.029286661644714638,0.9441856005265012
26103,Neutral,0.8750843009672561,0.04836460555849142,0.07655109347425251
26104,LOF,0.05291348552357117,0.08407640060915374,0.8630101138672751
26105,LOF,0.20700722264776622,0.2588986684417055,0.5340941089105282
26106,LOF,0.14122933912237332,0.14050310383408,0.7182675570435467
26107,LOF,0.22827462854677583,0.14510185080403326,0.626623520649191
26108,LOF,0.18853799686225448,0.17989042159066895,0.6315715815470766
26109,LOF,0.059449942581149696,0.1851057560261084,0.755444301392742
26110,LOF,0.3074471837366629,0.018104274752049104,0.6744485415112879
26111,LOF,0.4726430128572141,0.03377869163003567,0.49357829551275023
26112,LOF,0.03610459099369882,0.018546756018194246,0.945348652988107
26113,LOF,0.05732901873419778,0.044614260279983005,0.8980567209858192
26114,LOF,0.022389916747084796,0.025423574825150803,0.9521865084277644
26115,LOF,0.10058699353304083,0.03370214751812555,0.8657108589488336
26116,LOF,0.053280228435364556,0.05782302147484381,0.8888967500897917
26117,LOF,0.29022548586873637,0.08500194572619785,0.6247725684050658
26118,LOF,0.035225507100752944,0.04474059907586797,0.9200338938233791
26119,LOF,0.021210451188460287,0.0646074502601431,0.9141820985513966
26120,LOF,0.028378942226420577,0.036737804144559114,0.9348832536290202
26121,LOF,0.05331337236391161,0.1055975957365532,0.8410890318995352
26122,LOF,0.05798855800817086,0.05071921911200458,0.8912922228798247
