feature0,prediction,LoGoFunc_Neutral,LoGoFunc_GOF,LoGoFunc_LOF
25546,Neutral,0.636430092440533,0.06975436253441337,0.29381554502505364
25547,Neutral,0.503427857005756,0.11652675353091907,0.380045389463325
25548,Neutral,0.5000391316895094,0.10412636435023677,0.3958345039602539
25549,LOF,0.4355833395271411,0.1027404691156414,0.4616761913572174
25550,LOF,0.34055777870154913,0.13111570865922076,0.52832651263923
25551,LOF,0.2906984105721793,0.14504609186321862,0.564255497564602
25552,LOF,0.24907129653557267,0.1495292136076891,0.6013994898567383
25553,Neutral,0.7926177095295355,0.057702485494351786,0.14967980497611266
25554,LOF,0.2870843065478428,0.1402336844451427,0.5726820090070146
25555,LOF,0.25402110488799623,0.13113339292971243,0.6148455021822914
25556,LOF,0.4350574635354608,0.1190590653457292,0.44588347111881005
25557,LOF,0.24642910348321218,0.13792352952534018,0.6156473669914476
25558,LOF,0.3056006391174738,0.13123082440638054,0.5631685364761456
25559,LOF,0.24852942686895682,0.11729909838652444,0.6341714747445187
25560,LOF,0.12435779195575261,0.15312537554963476,0.7225168324946126
25561,LOF,0.12713079231973518,0.21742177212729555,0.6554474355529694
25562,LOF,0.04443620833563936,0.0973940159029051,0.8581697757614555
25563,LOF,0.01398940493656537,0.16490657926526592,0.8211040157981687
25564,LOF,0.10552286485670077,0.11704296010583186,0.7774341750374675
25565,LOF,0.18829363082481196,0.1350352387941193,0.6766711303810687
25566,GOF,0.06718783326347315,0.6504308224412817,0.2823813442952452
25567,LOF,0.04096860878797154,0.17788690515819272,0.7811444860538357
25568,LOF,0.05837463599938586,0.09200797472382095,0.8496173892767932
25569,LOF,0.06212957251235919,0.08473370798113045,0.8531367195065103
25570,LOF,0.03033163363333055,0.12074478135716053,0.8489235850095089
25571,LOF,0.027134463282189786,0.12462258514030161,0.8482429515775085
25572,LOF,0.06318003170967597,0.1524596497607192,0.7843603185296047
25573,LOF,0.060100814717794805,0.11710040702537165,0.8227987782568336
25574,LOF,0.06317129174412452,0.2650209375142588,0.6718077707416167
25575,LOF,0.023765982425014733,0.1279078843501069,0.8483261332248784
25576,LOF,0.0267107821438898,0.18869000276302536,0.7845992150930848
25577,LOF,0.03301238298344924,0.1433154961274065,0.8236721208891443
25578,LOF,0.3138479311759629,0.10833745594573752,0.5778146128782996
25579,LOF,0.19273130592745466,0.10473304220068215,0.7025356518718633
25580,LOF,0.022030695042593924,0.08812752199757543,0.8898417829598306
25581,LOF,0.050024734545441374,0.0842587231548459,0.8657165422997127
25582,LOF,0.04990825241897624,0.081955652977353,0.8681360946036707
25583,LOF,0.024453660026344467,0.1094677264699404,0.8660786135037151
25584,Neutral,0.7081505906363459,0.15285429752237412,0.13899511184128008
25585,LOF,0.02117243174110275,0.1820907637946988,0.7967368044641985
25586,LOF,0.018746921056954066,0.0963152837685243,0.8849377951745216
25587,LOF,0.01885730684298599,0.0805875946134158,0.9005550985435983
25588,LOF,0.022632550455674427,0.0936329372888141,0.8837345122555115
25589,Neutral,0.4958568456911338,0.30307495442806665,0.20106819988079958
25590,LOF,0.048807323780811616,0.14626460153641252,0.8049280746827759
25591,LOF,0.08685789206365777,0.07329638992588118,0.8398457180104612
25592,LOF,0.059131771885049644,0.17665739218469534,0.764210835930255
25593,LOF,0.1060909389536174,0.34488143841476365,0.5490276226316189
25594,LOF,0.05393968342890608,0.06424946047918316,0.8818108560919109
25595,LOF,0.054620840954156015,0.0404691699323966,0.9049099891134473
25596,LOF,0.11981570645290544,0.022861609349302522,0.857322684197792
25597,LOF,0.09120372914565741,0.028348376036415532,0.8804478948179271
25598,LOF,0.05446402504879899,0.04845219251557049,0.8970837824356305
25599,LOF,0.026796475948573203,0.38194944920485213,0.5912540748465747
25600,LOF,0.19521982419373565,0.36129648864037983,0.4434836871658844
25601,LOF,0.044391837443577345,0.2787631275894953,0.6768450349669273
25602,LOF,0.029554609050134184,0.07601119688092912,0.8944341940689366
25603,LOF,0.03670843466378929,0.05057755196877453,0.9127140133674362
25604,LOF,0.03741658326893779,0.09036633540767011,0.8722170813233922
25605,LOF,0.0314337817304484,0.1960689999978466,0.7724972182717049
25606,LOF,0.3971977545489115,0.145600038615722,0.45720220683536666
25607,LOF,0.02789281141031753,0.19106455374103337,0.7810426348486492
25608,LOF,0.037637360976759966,0.11894567596712556,0.8434169630561145
25609,GOF,0.1350326168769096,0.5102905246291177,0.3546768584939727
25610,LOF,0.014639335516597669,0.04648076251521806,0.9388799019681843
25611,LOF,0.012763234132873981,0.056077574811085946,0.9311591910560401
25612,LOF,0.045877965677018726,0.05904566463887567,0.8950763696841058
25613,LOF,0.04465919826212833,0.058860447930480876,0.8964803538073908
25614,LOF,0.021793069068836924,0.04391437196844781,0.9342925589627152
25615,LOF,0.04442505444073148,0.0573401733226951,0.8982347722365733
25616,LOF,0.04847208766349144,0.050446381527598165,0.9010815308089104
25617,LOF,0.04033347392098023,0.05674533951145193,0.9029211865675678
25618,LOF,0.04965740904738355,0.07413785793458082,0.8762047330180357
25619,LOF,0.012701156020967275,0.05551217676052024,0.9317866672185124
25620,LOF,0.05650450572841835,0.06201894847132963,0.881476545800252
25621,LOF,0.06339255988950065,0.05037504121464066,0.8862323988958586
25622,LOF,0.0667857670726215,0.0620447759754525,0.8711694569519259
25623,LOF,0.06843392262487333,0.04273301294443014,0.8888330644306964
25624,LOF,0.018374122092327954,0.05016893375750468,0.9314569441501673
25625,LOF,0.06055015678680314,0.05612380082923398,0.8833260423839628
25626,LOF,0.04756077243978769,0.05950455208002376,0.8929346754801886
25627,Neutral,0.883359063915102,0.0201298927708303,0.09651104331406765
25628,LOF,0.15515110671443957,0.050667652916156096,0.7941812403694044
25629,LOF,0.06619245921443022,0.04051660477969529,0.8932909360058746
25630,LOF,0.2894341029670449,0.05674113439242683,0.6538247626405281
25631,Neutral,0.5517160468806981,0.04905668541415639,0.39922726770514555
25632,LOF,0.025174936844570592,0.06574012678614405,0.9090849363692852
25633,LOF,0.19652737572614298,0.0473339112744886,0.7561387129993684
25634,LOF,0.03716181984070443,0.08905332979610585,0.8737848503631896
25635,LOF,0.037988208468286405,0.047529145029208165,0.9144826465025054
25636,GOF,0.037056525421518244,0.49581440165707846,0.4671290729214033
25637,GOF,0.055610775446919065,0.4945403836209448,0.4498488409321362
25638,LOF,0.031391743194957286,0.4208402693635951,0.5477679874414476
25639,LOF,0.03221761916099886,0.44439676330875133,0.5233856175302499
25640,Neutral,0.8585046771803028,0.08709195403120257,0.05440336878849466
25641,LOF,0.09024970054985564,0.4135210466604727,0.49622925278967167
25642,LOF,0.06260991815531197,0.16760979054875794,0.7697802912959301
25643,LOF,0.2173707749212631,0.14792783463891426,0.6347013904398225
25644,GOF,0.010132610997273412,0.607763912557648,0.3821034764450787
25645,GOF,0.012434849349832014,0.5658049362409225,0.4217602144092454
25646,LOF,0.03611127572952269,0.38393792302539625,0.579950801245081
25647,LOF,0.013263859081868149,0.3072263050531421,0.6795098358649898
25648,LOF,0.013973239966174746,0.3813333014204481,0.6046934586133772
25649,LOF,0.008325828708633284,0.26963482521701565,0.7220393460743512
25650,GOF,0.021906438852758038,0.5732136656379966,0.40487989550924547
25651,LOF,0.00822420075259006,0.3849905339267071,0.6067852653207028
25652,LOF,0.015121236964079436,0.3695256766946838,0.6153530863412369
25653,GOF,0.04145560834720765,0.5665741366473015,0.3919702550054907
25654,LOF,0.010134287045276734,0.28024044713315244,0.7096252658215708
25655,GOF,0.130086949685086,0.5931072860068635,0.27680576430805054
25656,LOF,0.3515304232622245,0.12704361266573658,0.5214259640720389
25657,LOF,0.05214774531846551,0.12175951325767485,0.8260927414238596
25658,LOF,0.3401189760721062,0.15346059029648823,0.5064204336314057
25659,Neutral,0.44397039870250327,0.16652295358292218,0.3895066477145745
25660,LOF,0.023257110645388844,0.11644574266610505,0.860297146688506
25661,LOF,0.09079828225065256,0.06834297865352673,0.8408587390958207
25662,LOF,0.03207418009942161,0.03566578530957565,0.9322600345910027
25663,LOF,0.039747176918206506,0.04591723142939344,0.9143355916524
25664,LOF,0.13429780955166593,0.07462636899439934,0.7910758214539347
25665,LOF,0.06488916146061813,0.029600706859684096,0.9055101316796977
25666,LOF,0.09681026012953187,0.07346821406071047,0.8297215258097577
25667,LOF,0.0696702200000692,0.05236331580098442,0.8779664641989465
25668,LOF,0.03444289172795408,0.05784649214854368,0.9077106161235022
25669,LOF,0.029347320346555066,0.056888079714199055,0.913764599939246
25670,LOF,0.14480047509163493,0.06937084958300141,0.7858286753253636
25671,LOF,0.1115156299290199,0.0423876219132599,0.8460967481577203
25672,LOF,0.04985018650069895,0.04407665968607645,0.9060731538132246
25673,LOF,0.08294896742120605,0.049933165272155994,0.8671178673066379
25674,LOF,0.07308702576360529,0.06290340873745312,0.8640095654989415
25675,LOF,0.09943286506105534,0.08200512869128875,0.818562006247656
25676,LOF,0.01909836311361607,0.061304997017542315,0.9195966398688417
25677,LOF,0.025276539709549822,0.07731838065714829,0.8974050796333018
25678,LOF,0.1815609708683603,0.08970689016401645,0.7287321389676232
25679,LOF,0.11744258775794197,0.08875483823012897,0.7938025740119291
25680,LOF,0.03166015103179676,0.12891207434695018,0.8394277746212531
25681,LOF,0.046801821796566744,0.12163694701918457,0.8315612311842487
25682,LOF,0.13374136379578097,0.08783779884189838,0.7784208373623206
25683,LOF,0.11121310752312095,0.1054816893162115,0.7833052031606675
25684,LOF,0.039456242095573836,0.07275353646204949,0.8877902214423766
25685,LOF,0.12014036217311418,0.09376002147092544,0.7860996163559604
25686,LOF,0.08567105290368542,0.1324739580551083,0.7818549890412063
25687,LOF,0.12539087899155238,0.1250169933746419,0.7495921276338057
25688,LOF,0.4306681297300131,0.03694344996325365,0.5323884203067333
25689,LOF,0.26773495145852316,0.04221565436104589,0.690049394180431
25690,LOF,0.3258493526859781,0.028750227016109145,0.6454004202979128
25691,Neutral,0.7186788767162748,0.026631653434478958,0.2546894698492462
25692,LOF,0.37462006404207326,0.010906889015384487,0.6144730469425422
25693,LOF,0.03849915011653107,0.39697945299301435,0.5645213968904547
25694,LOF,0.12440229711831935,0.0216620925123635,0.8539356103693172
25695,LOF,0.11692981999516827,0.016556419846190138,0.8665137601586416
25696,LOF,0.11564157441718062,0.01565852977700758,0.8686998958058119
25697,LOF,0.0895762752111308,0.07711417088870272,0.8333095539001665
25698,LOF,0.32069209455211106,0.20655690337059854,0.4727510020772905
25699,Neutral,0.522185777429001,0.030189540483203436,0.4476246820877956
25700,LOF,0.09089161708652699,0.008316386198557815,0.9007919967149152
25701,LOF,0.18490092888495555,0.039755451497463845,0.7753436196175805
25702,GOF,0.17575095806075822,0.6157446647459056,0.20850437719333625
25703,LOF,0.01647403833726261,0.14130294116524303,0.8422230204974943
25704,LOF,0.037737979061933845,0.13005501502834715,0.8322070059097191
25705,LOF,0.04110582480381179,0.1191468914550475,0.8397472837411407
25706,LOF,0.16947676091780664,0.32134527931791323,0.5091779597642802
25707,LOF,0.11417475410832673,0.2598248910081611,0.6260003548835121
25708,LOF,0.05482410181781007,0.24118455726447244,0.7039913409177174
25709,LOF,0.06769476510203325,0.03575630819465144,0.8965489267033153
25710,LOF,0.013318397361166159,0.10854596055941934,0.8781356420794145
25711,LOF,0.020803463672727316,0.06755604315207336,0.9116404931751994
25712,LOF,0.01612371656282591,0.14172212811463936,0.8421541553225347
25713,LOF,0.019468443470064187,0.07410390336522807,0.9064276531647079
25714,LOF,0.0799298478754454,0.05221543224664898,0.8678547198779056
25715,LOF,0.01275240334753331,0.10007580896974246,0.8871717876827242
25716,LOF,0.012358581423652874,0.08227626040534686,0.9053651581710004
25717,LOF,0.01559230967124678,0.06322289188654077,0.9211847984422125
25718,LOF,0.01184511136701125,0.066437691123963,0.9217171975090257
25719,LOF,0.021826867535840944,0.059844340265597123,0.9183287921985619
25720,LOF,0.025021642107048575,0.050928902982971,0.9240494549099804
25721,LOF,0.014456002044344203,0.08973902284449356,0.8958049751111622
25722,LOF,0.015576082313884484,0.08196772089866934,0.9024561967874463
25723,LOF,0.024889360570098367,0.0356543918603995,0.9394562475695021
25724,LOF,0.03250628251402091,0.05981434813964398,0.9076793693463351
25725,LOF,0.012535589777415335,0.058714087743610976,0.9287503224789736
25726,LOF,0.016491223596904046,0.07980572034043032,0.9037030560626657
25727,LOF,0.013167333827548611,0.06142054057562503,0.9254121255968265
25728,LOF,0.010942061825871407,0.0782493584557569,0.9108085797183717
25729,LOF,0.011326697423124655,0.07704873471536601,0.9116245678615094
25730,LOF,0.01476468688352754,0.07719801660080673,0.9080372965156657
25731,LOF,0.02193120283577716,0.07477305534420302,0.9032957418200198
25732,LOF,0.014511701949550825,0.05685251456142724,0.9286357834890219
25733,LOF,0.017644117021659324,0.04988346145187591,0.9324724215264647
25734,LOF,0.012707368906578647,0.09268528957373777,0.8946073415196836
25735,LOF,0.012545337886574146,0.06487515236178984,0.9225795097516359
25736,LOF,0.013706159183392151,0.0754194672704107,0.9108743735461972
25737,LOF,0.012431896111115002,0.07133018238945589,0.9162379214994291
25738,LOF,0.013146744039634744,0.0765914856915553,0.9102617702688099
25739,LOF,0.02107975325077879,0.054367426643696995,0.9245528201055243
25740,LOF,0.029017063518155015,0.09093124336309616,0.8800516931187489
25741,LOF,0.0167947092992618,0.07846751488119456,0.9047377758195436
25742,LOF,0.11556284235940105,0.053532609654553594,0.8309045479860453
25743,LOF,0.03800592327468786,0.06525915549507531,0.8967349212302368
25744,Neutral,0.5906207480459671,0.24857601247697456,0.1608032394770584
25745,LOF,0.058930256627736675,0.09485728126912563,0.8462124621031377
25746,LOF,0.0375705266612893,0.12828610190483072,0.83414337143388
25747,LOF,0.021018811619536427,0.09411143198811407,0.8848697563923494
25748,LOF,0.11632056384382856,0.15338152676594294,0.7302979093902284
25749,LOF,0.025244268734013475,0.11160491816523795,0.8631508131007486
25750,LOF,0.06358028715675168,0.12712183255167908,0.8092978802915693
25751,LOF,0.0849199085640359,0.14530178248313202,0.7697783089528321
25752,GOF,0.10019121698547431,0.6694668701602677,0.23034191285425792
25753,LOF,0.024412981997129577,0.3049292101318054,0.670657807871065
25754,GOF,0.014918350333680414,0.8163218554135473,0.1687597942527723
25755,LOF,0.028516137343339184,0.38081499725343393,0.5906688654032268
25756,LOF,0.05056367105957799,0.36044137005530236,0.5889949588851195
25757,GOF,0.020352087374639304,0.8713934433280236,0.10825446929733712
25758,GOF,0.03308667041580872,0.804199963634809,0.16271336594938224
25759,GOF,0.012115093571236177,0.644212679083671,0.3436722273450928
25760,LOF,0.015366046416448268,0.30866693584889043,0.6759670177346612
25761,GOF,0.27471237333655046,0.6490337222858605,0.07625390437758907
25762,LOF,0.042681173959406064,0.2864398611141649,0.6708789649264291
25763,LOF,0.015362663194129784,0.21432530833271374,0.7703120284731566
25764,GOF,0.0867741721039496,0.6591825206037161,0.25404330729233426
25765,GOF,0.03779875528462374,0.7692849869295431,0.19291625778583324
25766,GOF,0.07009636388397913,0.795638101608582,0.134265534507439
25767,GOF,0.15005931413543264,0.5534698357716809,0.29647085009288665
25768,LOF,0.1102312575909231,0.05871464517675238,0.8310540972323245
25769,LOF,0.050371507576563515,0.08170093173291279,0.8679275606905238
25770,LOF,0.29577400310990637,0.1231537581867971,0.5810722387032965
25771,LOF,0.04938912679556883,0.0588566319742319,0.8917542412301993
25772,LOF,0.019106688625863316,0.0541005582792914,0.9267927530948453
25773,LOF,0.05335723708111069,0.09475339901065377,0.8518893639082356
25774,LOF,0.02663812275224711,0.11300684766895776,0.8603550295787951
25775,LOF,0.05655329998035479,0.06510643572207944,0.8783402642975658
25776,LOF,0.07148300806959035,0.03423471104708566,0.8942822808833238
25777,LOF,0.3304137847340883,0.09740978955657081,0.572176425709341
25778,LOF,0.0652755671287549,0.05632662289324495,0.8783978099780001
25779,GOF,0.407323521921813,0.5389162625228454,0.0537602155553416
25780,GOF,0.335058959091454,0.5810337218530137,0.0839073190555323
25781,GOF,0.12242534132653107,0.7637642875495747,0.11381037112389428
25782,GOF,0.20288313501002245,0.7031712301914421,0.09394563479853536
25783,GOF,0.024397177573590452,0.6342076955905118,0.3413951268358978
25784,Neutral,0.5236934441540456,0.42274599942759605,0.05356055641835846
25785,Neutral,0.49706218473166913,0.4538765861699324,0.04906122909839854
25786,GOF,0.029814862437093637,0.7330561238896792,0.23712901367322708
25787,Neutral,0.6846240120124171,0.2835655687314569,0.03181041925612605
25788,LOF,0.054431886822648885,0.07794539480833862,0.8676227183690125
25789,GOF,0.20134632829079344,0.6326140642551397,0.1660396074540669
25790,GOF,0.2565164000953952,0.640553624658965,0.10292997524563978
25791,GOF,0.15759665952272073,0.6752632552374045,0.1671400852398748
25792,GOF,0.3589511856938605,0.5174407797942039,0.12360803451193561
25793,GOF,0.2789580004611487,0.5062762766558697,0.2147657228829816
25794,GOF,0.32965712311242634,0.47787681209918653,0.1924660647883871
25795,GOF,0.059361302577186845,0.6650582653827086,0.27558043204010463
25796,Neutral,0.5260699842174473,0.37797749126008406,0.0959525245224687
25797,GOF,0.08730945753883107,0.5801526299601335,0.33253791250103537
25798,GOF,0.008612332214392173,0.5408571078270792,0.45053055995852875
25799,LOF,0.007182864835780287,0.42332159302798306,0.5694955421362368
25800,GOF,0.03858958082689596,0.6055766647298979,0.35583375444320614
25801,GOF,0.23664236270516859,0.6361200500617176,0.12723758723311385
25802,GOF,0.063670631704099,0.6736351399374011,0.26269422835850004
25803,GOF,0.034466044692940775,0.5640095916790971,0.4015243636279621
25804,GOF,0.035791663876671403,0.5114989960089844,0.45270934011434405
25805,GOF,0.11888994381413909,0.5658664452272677,0.31524361095859327
25806,GOF,0.12253793201845914,0.5690785580448843,0.3083835099366565
25807,GOF,0.02071351816470695,0.6410068555862564,0.33827962624903657
25808,GOF,0.10149747408751103,0.6081649117261133,0.2903376141863756
25809,GOF,0.019505641558895098,0.6388208666596272,0.3416734917814778
25810,GOF,0.01919739358243029,0.6390457314700929,0.3417568749474769
25811,Neutral,0.5077862710392124,0.41487186995272746,0.07734185900806022
25812,GOF,0.0387607272879331,0.6276601641623945,0.3335791085496724
25813,Neutral,0.5717740969398977,0.3200597323847255,0.1081661706753768
25814,GOF,0.1369304588256164,0.6433961578933459,0.21967338328103772
25815,GOF,0.2232859714624744,0.5818244682337425,0.1948895603037832
25816,GOF,0.023593818408075756,0.6854031954225627,0.2910029861693617
25817,GOF,0.24044623227002146,0.6209243979143024,0.13862936981567608
25818,GOF,0.05229914872665805,0.5719869133108612,0.37571393796248076
25819,GOF,0.3985800006437368,0.4395212642049809,0.16189873515128236
25820,GOF,0.1841883747579509,0.5883160313716869,0.22749559387036228
25821,GOF,0.05348256725336478,0.6456041111764541,0.3009133215701812
25822,GOF,0.2302850200976443,0.5154917490957371,0.2542232308066186
25823,GOF,0.030860074366332795,0.5043700781498522,0.464769847483815
25824,GOF,0.07927704351943721,0.543320422994825,0.37740253348573777
25825,GOF,0.031192232536532055,0.5378742263317355,0.4309335411317324
25826,GOF,0.011108000014244853,0.52355668235117,0.4653353176345852
25827,GOF,0.02168625871234902,0.5943295254864325,0.38398421580121844
25828,GOF,0.014122212630481391,0.5061866948786706,0.479691092490848
25829,GOF,0.006363779577391475,0.5404809926900561,0.4531552277325524
25830,LOF,0.04498956417596682,0.26471031494270947,0.6903001208813238
25831,GOF,0.1791349486789311,0.6710113704427759,0.14985368087829293
25832,GOF,0.030545124269907315,0.6719200653004435,0.29753481042964924
25833,GOF,0.11990703565583644,0.6849271796546722,0.19516578468949122
25834,GOF,0.0354795640407872,0.6748730654757518,0.289647370483461
25835,GOF,0.08543143976576882,0.690178772753672,0.22438978748055918
25836,GOF,0.04252119178944323,0.6443703008940682,0.31310850731648865
25837,GOF,0.02141587469732709,0.5251829431646673,0.45340118213800557
25838,GOF,0.06788538819727569,0.7335204621959395,0.19859414960678473
25839,GOF,0.2865572341033185,0.5512681635636575,0.16217460233302397
25840,GOF,0.2340854454550094,0.5793720890606591,0.18654246548433137
25841,GOF,0.23313175691299362,0.5712005320548604,0.19566771103214603
25842,GOF,0.19152176935937312,0.6466587337933658,0.16181949684726105
25843,GOF,0.2152221172454027,0.6552522196275058,0.12952566312709146
25844,GOF,0.05759271601722657,0.6471147986564445,0.295292485326329
25845,LOF,0.01252112293949446,0.4773726120797484,0.5101062649807571
25846,GOF,0.09951917373331409,0.7092205930457566,0.19126023322092928
25847,GOF,0.13127011716543613,0.7209809782751458,0.14774890455941814
25848,GOF,0.03263179275287096,0.6551661976894083,0.31220200955772076
25849,GOF,0.00989739905034639,0.5465496409077962,0.44355296004185746
25850,GOF,0.022506899326646734,0.6547904805914084,0.32270262008194495
25851,GOF,0.01728918629984237,0.5419775723321172,0.44073324136804054
25852,GOF,0.17619174056418235,0.5657888717580133,0.25801938767780436
25853,GOF,0.34208443123848126,0.5735538342390776,0.0843617345224412
25854,GOF,0.02006710177735404,0.5904995123148001,0.3894333859078458
25855,GOF,0.03832265386126763,0.5548560312532788,0.4068213148854536
25856,GOF,0.24357043150921395,0.5146796336433768,0.24174993484740923
25857,LOF,0.03491580073827444,0.4685591573158505,0.49652504194587493
25858,GOF,0.017306003489458568,0.5419248742477518,0.44076912226278964
25859,GOF,0.010428260712795208,0.5211011697964825,0.4684705694907224
25860,GOF,0.38940270510278546,0.519219045740971,0.0913782491562435
25861,GOF,0.37841687704133053,0.5419206929193544,0.0796624300393151
25862,GOF,0.08588099218808673,0.777398785908164,0.1367202219037493
25863,GOF,0.09443005331758504,0.7641825083044134,0.14138743837800155
25864,GOF,0.21161862605049522,0.7075685819845992,0.08081279196490557
25865,GOF,0.09031886791050325,0.7858260214875019,0.12385511060199482
25866,GOF,0.06444202079951025,0.79407190821222,0.14148607098826968
25867,GOF,0.08433443933256324,0.8130809159636624,0.10258464470377444
25868,GOF,0.276115860286481,0.6262946098626885,0.09758952985083061
25869,Neutral,0.7044491055868218,0.24975007469393787,0.04580081971924016
25870,LOF,0.3369479245044865,0.23514175165895135,0.4279103238365621
25871,GOF,0.21518726821459574,0.6014741720826895,0.1833385597027148
25872,GOF,0.09012872168550483,0.62947265667685,0.2803986216376451
25873,GOF,0.15013842236125263,0.632989720459071,0.21687185717967636
25874,LOF,0.019682210543688464,0.10341782302319959,0.876899966433112
25875,LOF,0.0997240541090884,0.03933943993666533,0.8609365059542462
25876,LOF,0.03410865486826085,0.03888325476071919,0.9270080903710198
25877,Neutral,0.5549685812174171,0.044328422486320386,0.40070299629626244
25878,LOF,0.2468870914821302,0.08328456759950512,0.6698283409183647
25879,LOF,0.10373308919410369,0.08345825536751571,0.8128086554383805
25880,LOF,0.023540011921868182,0.02216406467475823,0.9542959234033735
25881,LOF,0.18997714062147908,0.13361475500731446,0.6764081043712065
25882,LOF,0.07577295378946064,0.01756848196978274,0.9066585642407566
25883,LOF,0.07851640943064722,0.024845936031216768,0.896637654538136
25884,LOF,0.04016065276734814,0.036500348651873384,0.9233389985807784
25885,LOF,0.06668099534331576,0.013087143076764052,0.9202318615799202
25886,LOF,0.31833412906820463,0.04061456822786975,0.6410513027039257
25887,LOF,0.17543350978875485,0.07964415588548653,0.7449223343257586
25888,LOF,0.06744187400337577,0.07144774039741393,0.8611103855992104
25889,LOF,0.048841483642689594,0.027252957405916205,0.9239055589513941
25890,LOF,0.041550568429600164,0.13345718088091443,0.8249922506894853
25891,LOF,0.03489486582695109,0.05993313836829398,0.9051719958047548
25892,LOF,0.10183138769582407,0.01790719294145629,0.8802614193627196
25893,LOF,0.27050475398993945,0.013175833359276311,0.7163194126507841
25894,LOF,0.18162478027476192,0.007576417527361103,0.810798802197877
25895,LOF,0.20208305857479647,0.01675015430868245,0.7811667871165211
25896,LOF,0.053433414073932615,0.015008462578062872,0.9315581233480046
25897,LOF,0.2428328734226994,0.010678151551629914,0.7464889750256707
25898,Neutral,0.7223431496614403,0.007372870254251969,0.2702839800843078
25899,LOF,0.2723339555952413,0.01844672792493028,0.7092193164798285
25900,LOF,0.4462627136337014,0.011395731571092962,0.5423415547952055
25901,LOF,0.06359510006724435,0.007988178476267167,0.9284167214564885
25902,LOF,0.18722043395480978,0.009014276029291208,0.803765290015899
25903,Neutral,0.49920614406765695,0.026789053665350268,0.47400480226699276
25904,LOF,0.3140683185312281,0.032752649228495696,0.6531790322402762
25905,LOF,0.024342055731193253,0.29154958791534813,0.6841083563534587
25906,LOF,0.024646809682280522,0.06006511168943155,0.915288078628288
25907,LOF,0.014896078727722377,0.3253032875130732,0.6598006337592044
25908,LOF,0.010961347406604873,0.22115417000906606,0.7678844825843291
25909,LOF,0.014049665583721347,0.11612129901851106,0.8698290353977676
25910,LOF,0.05153003435252182,0.12342540396540298,0.8250445616820752
25911,LOF,0.12387295258356823,0.05015908993315908,0.8259679574832728
25912,LOF,0.03883472654984626,0.0705066522283447,0.890658621221809
25913,LOF,0.27673681679903794,0.03227642105801216,0.69098676214295
25914,LOF,0.022694762824930916,0.10318788968923114,0.874117347485838
25915,Neutral,0.45579277424118725,0.2674410829184377,0.27676614284037493
25916,LOF,0.06396000622030962,0.27666600729781915,0.6593739864818712
25917,LOF,0.062469691927474404,0.05793607855520723,0.8795942295173184
25918,LOF,0.033345094633311326,0.05586630388150361,0.910788601485185
25919,LOF,0.025072113426231894,0.06024696286793597,0.9146809237058322
25920,GOF,0.08101587018643289,0.546877802400321,0.3721063274132462
25921,LOF,0.030829850035074605,0.016068595006216053,0.9531015549587094
25922,LOF,0.04402967746106943,0.010877344491403425,0.9450929780475271
25923,LOF,0.4104853600225043,0.012246314372702903,0.5772683256047929
25924,LOF,0.040801048681605855,0.02139917385810999,0.9377997774602842
25925,LOF,0.07248296673561877,0.017152132326741766,0.9103649009376394
25926,LOF,0.050949266527750114,0.013278513080901607,0.9357722203913482
25927,LOF,0.0704328030614407,0.056338189730898526,0.8732290072076607
25928,LOF,0.02367832798763495,0.023543015774619515,0.9527786562377456
25929,Neutral,0.5309273631088418,0.013150787596827036,0.4559218492943312
25930,LOF,0.062281276420395514,0.010799625414777714,0.9269190981648268
25931,LOF,0.032660121342224964,0.014366875258020865,0.9529730033997541
25932,LOF,0.03105838943673788,0.01213286027950117,0.956808750283761
25933,LOF,0.04081907807369832,0.0075431093758473846,0.9516378125504543
25934,LOF,0.027466852709386643,0.00919396506116818,0.9633391822294451
25935,LOF,0.06647127366227164,0.02028297038998372,0.9132457559477446
25936,LOF,0.05348171648654431,0.011646627821637001,0.9348716556918187
25937,LOF,0.030886296074062992,0.02100889010469239,0.9481048138212447
25938,LOF,0.06665213922063945,0.023567276720719083,0.9097805840586414
25939,LOF,0.04187077827853556,0.007892760408141903,0.9502364613133225
25940,LOF,0.026589309391918753,0.34896987543667524,0.624440815171406
25941,LOF,0.1800983223819013,0.09679063923020863,0.72311103838789
25942,LOF,0.017176298160803998,0.03410571232417205,0.948717989515024
25943,LOF,0.30964756582395775,0.05720439682931052,0.6331480373467318
25944,LOF,0.4776414364948489,0.03486565515291436,0.4874929083522367
25945,LOF,0.0774162808124371,0.02386110313953991,0.898722616048023
25946,LOF,0.03191189256583184,0.11029785718790187,0.8577902502462663
25947,LOF,0.1105644781648369,0.19047319944370458,0.6989623223914585
25948,LOF,0.43850304794731226,0.017920267745945836,0.5435766843067419
25949,LOF,0.10172279232961602,0.07535156627348445,0.8229256413968995
25950,GOF,0.3356197936774727,0.379171512936708,0.2852086933858193
25951,LOF,0.2440223480013356,0.23302481531011665,0.5229528366885478
25952,LOF,0.042914923344664464,0.4228794189336689,0.5342056577216665
25953,LOF,0.12734764360500242,0.10337427532384205,0.7692780810711556
25954,Neutral,0.4170255344940084,0.17532141296085577,0.40765305254513584
25955,LOF,0.059848983252643546,0.075986936932042,0.8641640798153144
25956,LOF,0.1846281648727558,0.08248942449383999,0.7328824106334042
25957,LOF,0.03946191808988899,0.029921193924316535,0.9306168879857944
25958,LOF,0.061541610324126354,0.031496095146221856,0.9069622945296517
25959,LOF,0.06657057711488858,0.3176767411482833,0.6157526817368281
25960,LOF,0.021669149534363857,0.05822611624640198,0.9201047342192341
25961,LOF,0.051331659228602555,0.03762002813466536,0.9110483126367321
25962,LOF,0.05591954291184985,0.03980537376601621,0.904275083322134
25963,LOF,0.051130714605689805,0.21131026997596106,0.7375590154183491
25964,LOF,0.03476058101114035,0.14537796498647057,0.8198614540023891
25965,LOF,0.41474494874675016,0.08065504633853912,0.5046000049147107
25966,Neutral,0.41405645082414716,0.17303970491030332,0.41290384426554955
25967,LOF,0.01215259133718993,0.07815785587584145,0.9096895527869687
25968,GOF,0.03195979614028373,0.5073127210802195,0.46072748277949677
25969,LOF,0.022170308156407716,0.06669972651894868,0.9111299653246436
25970,LOF,0.061609231381431505,0.06054626701233862,0.8778445016062298
25971,LOF,0.07967766662764622,0.015983067097629693,0.904339266274724
25972,LOF,0.0834660843154236,0.022619660862071185,0.8939142548225053
25973,LOF,0.0957647653711424,0.0060422549898044775,0.8981929796390531
25974,LOF,0.25130881091878376,0.016286866904249936,0.7324043221769663
25975,LOF,0.05723039456356692,0.01971002123371134,0.9230595842027218
25976,LOF,0.05131239380542287,0.012927305748083316,0.9357603004464939
25977,LOF,0.14694103522034058,0.09175578961571293,0.7613031751639464
25978,LOF,0.1177651022131875,0.05971815564323601,0.8225167421435765
25979,LOF,0.11535097482907568,0.05608373661146336,0.828565288559461
25980,LOF,0.15645625912587116,0.06684610590129557,0.7766976349728332
25981,LOF,0.18600597490547674,0.06491061437552514,0.7490834107189981
25982,LOF,0.382157084847974,0.05063026364833846,0.5672126515036875
25983,LOF,0.36551275825596563,0.05124757531494704,0.5832396664290874
25984,LOF,0.05462069095276642,0.07056011331867165,0.874819195728562
25985,LOF,0.025427206827893276,0.285999139094861,0.6885736540772456
25986,LOF,0.033138987475915586,0.290137170510725,0.6767238420133593
25987,LOF,0.08290000750984787,0.10631442273284102,0.8107855697573112
25988,LOF,0.132968132121641,0.08844801679164946,0.7785838510867096
25989,LOF,0.029973549630538665,0.1530269998385609,0.8169994505309005
25990,LOF,0.03888528279188183,0.18048428025165061,0.7806304369564675
25991,LOF,0.18684689421849004,0.3925801860862763,0.4205729196952337
25992,LOF,0.345690270060147,0.2351133922933818,0.41919633764647113
25993,LOF,0.023187666412562615,0.08507190880167531,0.891740424785762
25994,LOF,0.016734120601086408,0.11664437067036072,0.8666215087285528
25995,LOF,0.025479471726453495,0.2265968904494165,0.7479236378241301
25996,GOF,0.24685731645698164,0.5710329950401968,0.18210968850282158
25997,GOF,0.09983039270379777,0.5692347077219195,0.33093489957428274
25998,Neutral,0.5342809014041521,0.01727973562917018,0.44843936296667775
25999,LOF,0.11960662141172737,0.14977756088896185,0.7306158176993107
26000,LOF,0.156451073667045,0.031645169676936306,0.8119037566560188
26001,LOF,0.16895858853764947,0.03983013018870561,0.7912112812736448
26002,LOF,0.14375380597954024,0.037864144335200786,0.818382049685259
26003,GOF,0.010534992533519773,0.6289742291615489,0.36049077830493126
26004,GOF,0.024779104578761004,0.7130386419734105,0.26218225344782864
26005,GOF,0.008661070004811188,0.5288228651169765,0.4625160648782123
26006,Neutral,0.5208787145765627,0.25882587192771317,0.22029541349572426
26007,GOF,0.018581691443047905,0.5678092224038879,0.4136090861530643
26008,GOF,0.020503269003202384,0.6214065516729563,0.35809017932384135
26009,GOF,0.02534726791794099,0.6472299504150022,0.3274227816670568
26010,GOF,0.027567840739693122,0.6661846881156724,0.30624747114463446
26011,GOF,0.00763340474647606,0.5144933795665808,0.47787321568694313
26012,GOF,0.015774591440439252,0.585769404588711,0.3984560039708497
26013,GOF,0.02062977377610529,0.6480209400424441,0.33134928618145054
26014,LOF,0.04514761954720802,0.14630977727294342,0.8085426031798485
26015,LOF,0.24419176594408468,0.012722047255093183,0.7430861868008222
26016,LOF,0.2524063486034279,0.057722553742996355,0.6898710976535758
26017,LOF,0.2214093529619535,0.08687922284724364,0.6917114241908029
26018,LOF,0.10333835738279379,0.05642649712730762,0.8402351454898985
26019,LOF,0.09914163221329612,0.041996620760204,0.8588617470264999
26020,LOF,0.06123371037596488,0.1399487651125381,0.798817524511497
26021,LOF,0.04963748470437853,0.14647372193439603,0.8038887933612255
26022,LOF,0.01218152918147895,0.06205541518970415,0.9257630556288169
26023,LOF,0.1313394825505234,0.03101510850867505,0.8376454089408015
26024,LOF,0.030756673866307233,0.14216712787067975,0.8270761982630129
26025,LOF,0.13561179924289574,0.1159647613807392,0.748423439376365
26026,LOF,0.3286639925822733,0.024551067290196543,0.6467849401275302
26027,LOF,0.09543134211933639,0.024498320770633377,0.8800703371100302
26028,LOF,0.14856294919096344,0.10655526396984338,0.7448817868391933
26029,LOF,0.0743753592076097,0.1473016093410656,0.7783230314513246
26030,LOF,0.026606288611916266,0.05132593394372586,0.9220677774443578
26031,LOF,0.033716363344318975,0.11545529029220174,0.8508283463634793
26032,LOF,0.0664203642977884,0.05424180090587345,0.8793378347963382
26033,LOF,0.12074986413405467,0.061526888580858884,0.8177232472850865
26034,LOF,0.05069689354354238,0.12486102901225535,0.8244420774442023
26035,LOF,0.0319667221796691,0.11038617593039071,0.8576471018899402
26036,LOF,0.04723108254201978,0.13139789807486818,0.821371019383112
26037,LOF,0.02649937637663315,0.0975107169982547,0.8759899066251121
26038,LOF,0.062414913733017864,0.05152765452237655,0.8860574317446055
26039,LOF,0.06157607582263937,0.12164284326087955,0.816781080916481
26040,LOF,0.1948133132968674,0.08865787951990246,0.7165288071832302
26041,LOF,0.027752117038357053,0.08704276394680154,0.8852051190148416
26042,LOF,0.026867237946782318,0.08697218384491698,0.8861605782083006
26043,LOF,0.061615685815000744,0.060858506050697855,0.8775258081343014
26044,LOF,0.022349700756724294,0.06459618630236535,0.9130541129409104
26045,LOF,0.07783459312060798,0.08290988247103331,0.8392555244083588
26046,LOF,0.0638982224699039,0.06274122018496972,0.8733605573451263
26047,LOF,0.09190744567418224,0.07117266129494364,0.8369198930308741
26048,LOF,0.0476321546243167,0.04839825529452523,0.9039695900811582
26049,Neutral,0.9532100982146055,0.007781517321906016,0.03900838446348836
26050,Neutral,0.9329285967371727,0.009728024121115642,0.057343379141711816
26051,LOF,0.04016324251574812,0.3692139719801661,0.5906227855040858
26052,LOF,0.06617079484231365,0.3562440939970378,0.5775851111606486
26053,LOF,0.054760516015700096,0.1597443021644867,0.7854951818198131
26054,LOF,0.061752340423306025,0.03289826231786037,0.9053493972588337
26055,LOF,0.07773834420127732,0.02321539748643745,0.8990462583122851
26056,LOF,0.06381843512783636,0.02609185757314819,0.9100897072990154
26057,LOF,0.03484575743079395,0.014554099708712501,0.9506001428604935
26058,LOF,0.03525715235119832,0.01263441380614695,0.9521084338426548
26059,LOF,0.30262365491107845,0.03906023447849443,0.6583161106104272
26060,LOF,0.03461563359094803,0.21782981858681402,0.7475545478222381
26061,LOF,0.018905171837432067,0.01591773232035196,0.965177095842216
26062,LOF,0.0115911805399923,0.02432568796912998,0.9640831314908778
26063,LOF,0.024709234403460633,0.016858801979621942,0.9584319636169175
26064,LOF,0.025479640691091262,0.028521210835537873,0.945999148473371
26065,LOF,0.028259975007995843,0.016232642852886274,0.9555073821391179
26066,LOF,0.02316869310390563,0.014452317803197712,0.9623789890928967
26067,LOF,0.029232841575336618,0.010580822453449245,0.9601863359712142
26068,LOF,0.050040456678896963,0.04950896991533284,0.9004505734057703
26069,LOF,0.28304680008765526,0.027994747047604445,0.6889584528647403
26070,LOF,0.4493434348819956,0.02228245045881912,0.5283741146591853
26071,LOF,0.026730202005853507,0.017463872727167706,0.9558059252669787
26072,LOF,0.024762843996691333,0.021923986851420878,0.9533131691518878
26073,LOF,0.02732610088758786,0.01565748497155278,0.9570164141408594
26074,Neutral,0.9169701960142346,0.007761693725874653,0.07526811025989073
26075,LOF,0.04784060770818997,0.01990819802098491,0.932251194270825
26076,LOF,0.04488610065951702,0.011206710138459948,0.9439071892020231
26077,LOF,0.009371986308412263,0.0227989691048045,0.9678290445867833
26078,LOF,0.014479559138629463,0.01654823149772456,0.968972209363646
26079,LOF,0.06354766611024687,0.02475439570910725,0.9116979381806459
26080,LOF,0.06212995940979634,0.0247646798748707,0.913105360715333
26081,LOF,0.037951421856794995,0.009574483840053159,0.9524740943031518
26082,LOF,0.016723814165324532,0.023285758452699697,0.9599904273819758
26083,LOF,0.1331430663896615,0.018094194712472388,0.8487627388978661
26084,LOF,0.028994312390524142,0.017014307809089992,0.9539913798003858
26085,LOF,0.02454610526429343,0.016339925229814745,0.9591139695058918
26086,LOF,0.028057814266863955,0.014353603200939273,0.9575885825321969
26087,LOF,0.02790196154658079,0.010534546270208991,0.9615634921832102
26088,LOF,0.017463256276313302,0.031334645205210204,0.9512020985184765
26089,LOF,0.048429008760665,0.03337900806880966,0.9181919831705254
26090,LOF,0.04627377571100049,0.026170670779297467,0.9275555535097021
26091,LOF,0.043080290328130405,0.008683494723408151,0.9482362149484614
26092,LOF,0.028938763329099827,0.011475618894488424,0.9595856177764117
26093,LOF,0.0413440858543541,0.008995394363499349,0.9496605197821465
26094,LOF,0.044436558389867375,0.009735428070362845,0.9458280135397699
26095,LOF,0.05363018890733393,0.01954948963915235,0.9268203214535137
26096,LOF,0.020800690856120223,0.017752348627065716,0.961446960516814
26097,LOF,0.010262515482797429,0.049894807635611875,0.9398426768815907
26098,LOF,0.07425737409842682,0.016593863754737995,0.9091487621468352
26099,LOF,0.026603138450634296,0.018020395533438878,0.9553764660159269
26100,LOF,0.028871270849402202,0.017389370656695664,0.953739358493902
26101,LOF,0.05967344893886026,0.017572083749255608,0.9227544673118842
26102,LOF,0.0289337736626655,0.0186476625937922,0.9524185637435423
26103,Neutral,0.8879158748648075,0.028425760541360683,0.08365836459383172
26104,LOF,0.07615024286535713,0.04390771775411686,0.8799420393805261
26105,LOF,0.23246433112443468,0.27824591561607304,0.48928975325949237
26106,LOF,0.18938566104649457,0.14569995990764234,0.664914379045863
26107,LOF,0.24033276383824428,0.10807317358042236,0.6515940625813333
26108,LOF,0.2524957783948032,0.13026109620393445,0.6172431254012624
26109,LOF,0.08654437826597434,0.11307498364684485,0.8003806380871809
26110,LOF,0.25073883816100523,0.007444641716461515,0.7418165201225332
26111,LOF,0.45726155883332653,0.019634926292228932,0.5231035148744446
26112,LOF,0.03513806394276149,0.007653148557653086,0.9572087874995854
26113,LOF,0.05291216517367366,0.01572693676730568,0.9313608980590206
26114,LOF,0.02063357652559193,0.02260609593762421,0.956760327536784
26115,LOF,0.07990405793220863,0.054935176946536435,0.865160765121255
26116,LOF,0.06377588241982457,0.05311981949252674,0.8831042980876487
26117,LOF,0.42277615436805377,0.05136821562568752,0.5258556300062587
26118,LOF,0.042318129058595125,0.02857433479115744,0.9291075361502475
26119,LOF,0.02514038810405699,0.043173694779619375,0.9316859171163236
26120,LOF,0.033052802211232864,0.024945060590357632,0.9420021371984094
26121,LOF,0.05801165974317278,0.08573095183421744,0.8562573884226097
26122,LOF,0.0621478819692172,0.04530812593577598,0.8925439920950068
