feature0,prediction,LoGoFunc_Neutral,LoGoFunc_GOF,LoGoFunc_LOF
25546,Neutral,0.6074006926388754,0.16061468548983637,0.2319846218712882
25547,Neutral,0.4932691305315019,0.23007637680211737,0.27665449266638087
25548,Neutral,0.39478760086796805,0.24250505578848808,0.36270734334354393
25549,LOF,0.36771172517066764,0.2397227246394604,0.3925655501898719
25550,LOF,0.3359408848845309,0.2732193633500691,0.3908397517654
25551,LOF,0.2568765776698294,0.27775109019841415,0.4653723321317563
25552,LOF,0.22234732636734664,0.2961314651290841,0.4815212085035691
25553,Neutral,0.7553033775682503,0.12108082539158792,0.12361579704016186
25554,LOF,0.26632206472477715,0.2606399502194667,0.4730379850557561
25555,LOF,0.1973201482383517,0.26550399669246394,0.5371758550691843
25556,LOF,0.3770903910427471,0.24376210347127478,0.37914750548597814
25557,LOF,0.22123827270855734,0.2625464287282399,0.5162152985632027
25558,LOF,0.26942312222323317,0.30716900187504276,0.42340787590172413
25559,LOF,0.3067088395958275,0.045544357174193285,0.6477468032299792
25560,LOF,0.03944885868994062,0.1954954209072362,0.7650557204028232
25561,LOF,0.02775630889350186,0.34253378451744804,0.62970990658905
25562,LOF,0.033675931383530505,0.12207398340737992,0.8442500852090895
25563,LOF,0.008544120030749999,0.2110975472568296,0.7803583327124203
25564,LOF,0.051553774578205674,0.05810561723332253,0.8903406081884718
25565,LOF,0.16643801344761244,0.13730873055207682,0.6962532560003107
25566,GOF,0.04609174026530333,0.7550701911057458,0.1988380686289509
25567,LOF,0.04414412445055359,0.060029921067637174,0.8958259544818091
25568,LOF,0.060337712359773185,0.04872982598889922,0.8909324616513276
25569,LOF,0.06992953501171792,0.04258617270663613,0.8874842922816459
25570,LOF,0.0573233888751929,0.0494593020435939,0.8932173090812132
25571,LOF,0.055506390038734275,0.04764804213353831,0.8968455678277275
25572,LOF,0.07287537889783251,0.03939441774439933,0.8877302033577681
25573,LOF,0.07238948716096198,0.0811668191289311,0.8464436937101069
25574,LOF,0.09343698932315489,0.16955714094635047,0.7370058697304946
25575,LOF,0.057848005653019736,0.04928169580439413,0.8928702985425861
25576,LOF,0.03109789534943059,0.06937558343726757,0.8995265212133018
25577,LOF,0.04149164801075316,0.04604092269958161,0.9124674292896653
25578,LOF,0.25957172722580035,0.06214899316673062,0.678279279607469
25579,LOF,0.2557369450094191,0.06058564816504119,0.6836774068255396
25580,LOF,0.05943714925088764,0.048243287454325455,0.8923195632947869
25581,LOF,0.038568497646594306,0.07469990738009473,0.8867315949733109
25582,LOF,0.038568497646594306,0.07469990738009473,0.8867315949733109
25583,LOF,0.05664154292049589,0.050071576706732325,0.8932868803727717
25584,Neutral,0.7585276231930637,0.03165941898166978,0.20981295782526638
25585,LOF,0.035468059883255354,0.0439303709366315,0.920601569180113
25586,LOF,0.057279477857250176,0.04631906381184333,0.8964014583309065
25587,LOF,0.054355124261173095,0.05018190939531387,0.895462966343513
25588,LOF,0.054110340740116745,0.04545105623137593,0.9004386030285073
25589,Neutral,0.7036278074308846,0.07092320980295247,0.22544898276616296
25590,LOF,0.07993062073134576,0.05658537175140238,0.8634840075172519
25591,LOF,0.12180540887669505,0.033041345472909246,0.8451532456503957
25592,LOF,0.2187577265839653,0.08229622818659618,0.6989460452294386
25593,LOF,0.15714494174077212,0.2381112661491117,0.6047437921101162
25594,LOF,0.0385963377710859,0.07919848099916255,0.8822051812297517
25595,LOF,0.05843054199763163,0.05902393067685402,0.8825455273255144
25596,LOF,0.13190007450186475,0.02833457928722913,0.839765346210906
25597,LOF,0.11438751426479955,0.011204542465405547,0.8744079432697948
25598,LOF,0.05480377169525912,0.07470802230712727,0.8704882059976137
25599,GOF,0.02333049931401285,0.6562878831069942,0.3203816175789931
25600,GOF,0.12744102326183696,0.5730173673476343,0.29954160939052876
25601,LOF,0.048579604139184725,0.3507196182876586,0.6007007775731567
25602,LOF,0.049792060384017435,0.05768411103091854,0.8925238285850642
25603,LOF,0.056417840777068316,0.04860868191444828,0.8949734773084834
25604,LOF,0.07348822921064806,0.14057634132001703,0.7859354294693349
25605,LOF,0.13259504182760148,0.14549371543927317,0.7219112427331252
25606,Neutral,0.5555225980762741,0.1636402028394906,0.2808371990842353
25607,LOF,0.05441288876516531,0.17885398544131026,0.7667331257935245
25608,LOF,0.049876958604473616,0.14237322784148457,0.8077498135540419
25609,GOF,0.10323773615376279,0.6530948582638816,0.24366740558235564
25610,LOF,0.02483677479945184,0.08319979743433216,0.8919634277662161
25611,LOF,0.025906329566172597,0.08109516113993609,0.8929985092938914
25612,LOF,0.06299868188342418,0.06929368573597612,0.8677076323805997
25613,LOF,0.04809386576584746,0.07630876190181718,0.8755973723323353
25614,LOF,0.03258735053117506,0.11392492075295395,0.8534877287158711
25615,LOF,0.057676141254998516,0.0876200376620381,0.8547038210829633
25616,LOF,0.025453676719681594,0.10717054873037254,0.867375774549946
25617,LOF,0.025547493951915228,0.11215889577538761,0.8622936102726972
25618,LOF,0.1256756923493234,0.3151857254936497,0.5591385821570269
25619,LOF,0.027669464911020337,0.1896907334435256,0.7826398016454541
25620,LOF,0.024007242758891476,0.11245998009645648,0.8635327771446519
25621,LOF,0.0697701292296462,0.09869017060934131,0.8315397001610124
25622,LOF,0.06366168218612908,0.10497959355410462,0.8313587242597662
25623,LOF,0.07345648687035883,0.07260333220424312,0.853940180925398
25624,LOF,0.02768781848308496,0.15264362180689434,0.8196685597100206
25625,LOF,0.04519499648808536,0.08049281868298697,0.8743121848289277
25626,LOF,0.03228042248286571,0.0638735840275904,0.9038459934895439
25627,Neutral,0.8775664558315018,0.03507368184705777,0.0873598623214403
25628,LOF,0.13840926476504306,0.12018447172626381,0.7414062635086932
25629,LOF,0.06558241451888025,0.08726920408102441,0.8471483814000954
25630,LOF,0.3408118264528068,0.07380003259977783,0.5853881409474154
25631,LOF,0.39615396476694764,0.08065019199156337,0.523195843241489
25632,LOF,0.025665067238388507,0.0846036347662925,0.889731297995319
25633,LOF,0.17494071081887,0.05491334340453298,0.7701459457765971
25634,LOF,0.04693727227285114,0.049172031739846946,0.9038906959873019
25635,LOF,0.0420893705735445,0.05068201921200587,0.9072286102144497
25636,GOF,0.02297807361658405,0.6943399439563109,0.282681982427105
25637,GOF,0.027723515141178545,0.6097820864636373,0.3624943983951842
25638,GOF,0.012396158436072996,0.6943319350044916,0.2932719065594354
25639,GOF,0.021709234117001666,0.48961383764648025,0.488676928236518
25640,Neutral,0.8926534184442521,0.06460324680733426,0.04274333474841364
25641,LOF,0.07783810251545287,0.32619854558961875,0.5959633518949284
25642,LOF,0.07648572246948308,0.2507867736445847,0.6727275038859322
25643,Neutral,0.38478554576287105,0.26290458945963935,0.3523098647774896
25644,LOF,0.013909956290534792,0.32165533124942763,0.6644347124600375
25645,LOF,0.011889095729583589,0.3483651048092813,0.6397457994611352
25646,LOF,0.020575166490601926,0.2250393081628483,0.7543855253465498
25647,LOF,0.01439207696251707,0.14416759013180575,0.8414403329056771
25648,LOF,0.02004493006348118,0.18812119277774647,0.7918338771587723
25649,LOF,0.01236186427704744,0.09948070995384115,0.8881574257691115
25650,LOF,0.05466532096560032,0.2991390433760774,0.6461956356583224
25651,LOF,0.013744746831645168,0.16498722438447466,0.8212680287838802
25652,LOF,0.01054759911094371,0.31126258633217063,0.6781898145568857
25653,LOF,0.03702230388634641,0.3359518613670687,0.6270258347465848
25654,LOF,0.00955755651491681,0.27449823060909045,0.7159442128759927
25655,GOF,0.09915227380555657,0.5137440061459605,0.38710372004848287
25656,LOF,0.09236665022742326,0.4120436467122853,0.49558970306029143
25657,LOF,0.027615280694126155,0.3762206652294884,0.5961640540763854
25658,LOF,0.10264372052934699,0.4285870553331107,0.46876922413754224
25659,GOF,0.18006928788527218,0.5192978571058497,0.300632855008878
25660,LOF,0.04129513245571547,0.21881190337446396,0.7398929641698205
25661,LOF,0.03446541134842718,0.2077651895451751,0.7577693991063977
25662,LOF,0.03155646060199005,0.12012429951555233,0.8483192398824575
25663,LOF,0.03637837327603009,0.09941714219903809,0.8642044845249318
25664,LOF,0.06415450130313989,0.1781515504938001,0.7576939482030599
25665,LOF,0.03469741862462614,0.08477175771454856,0.8805308236608254
25666,LOF,0.059151920821487146,0.13569336648918204,0.8051547126893308
25667,LOF,0.03431742691923014,0.14140205330896444,0.8242805197718055
25668,LOF,0.036702072056145466,0.14589179240660896,0.8174061355372456
25669,LOF,0.03175781352581862,0.14961572872894097,0.8186264577452405
25670,LOF,0.08734285991048918,0.14694913170823595,0.7657080083812748
25671,LOF,0.035184767780248614,0.1031840275836386,0.8616312046361129
25672,LOF,0.026725741325154557,0.13300360311720363,0.8402706555576417
25673,LOF,0.0623977978288111,0.12067065410945625,0.8169315480617326
25674,LOF,0.05423343450822761,0.1514229722199012,0.7943435932718711
25675,LOF,0.050814381666942014,0.1335083334253636,0.8156772849076943
25676,LOF,0.03203361826946117,0.12365859531663204,0.8443077864139068
25677,LOF,0.040620776616622736,0.16444093610054372,0.7949382872828336
25678,LOF,0.0681316901002841,0.14993224320089982,0.7819360666988161
25679,LOF,0.08003049031471537,0.17236354720176184,0.7476059624835228
25680,LOF,0.044260235962123654,0.1834557045391053,0.7722840594987711
25681,LOF,0.04331357827223462,0.2080649520379597,0.7486214696898057
25682,LOF,0.034913812512770884,0.14656636718208974,0.8185198203051394
25683,LOF,0.0750776217713469,0.13826216194507882,0.7866602162835742
25684,LOF,0.03201570107084619,0.14650193718423904,0.8214823617449148
25685,LOF,0.06305775679843655,0.24529935731792638,0.6916428858836371
25686,LOF,0.051971845810122236,0.3379825704703349,0.6100455837195429
25687,LOF,0.07506290015013065,0.45318123537815197,0.47175586447171725
25688,LOF,0.39646569203989096,0.06327048077749464,0.5402638271826145
25689,LOF,0.19091094486534327,0.06155090045458095,0.7475381546800759
25690,LOF,0.2766347984973921,0.053023686811453606,0.6703415146911543
25691,Neutral,0.6736701655858277,0.06907953719462512,0.2572502972195473
25692,LOF,0.217626418264076,0.02520878849689739,0.7571647932390265
25693,GOF,0.0876997422997668,0.541668114626707,0.37063214307352627
25694,LOF,0.1024738900311131,0.017733578841272583,0.8797925311276144
25695,LOF,0.08343291902916751,0.01168334940051946,0.9048837315703129
25696,LOF,0.10304957724131772,0.019201481142079747,0.8777489416166024
25697,LOF,0.058254429176969436,0.11624280807470241,0.825502762748328
25698,LOF,0.3097941455941731,0.1837591376231636,0.5064467167826633
25699,LOF,0.3957251113671157,0.2029730926077895,0.40130179602509486
25700,LOF,0.04347252784808711,0.03781620417060401,0.9187112679813089
25701,LOF,0.23051544146835096,0.12225643054840986,0.6472281279832391
25702,GOF,0.21182556628201207,0.6736414579435862,0.11453297577440166
25703,LOF,0.025429981739447573,0.3277694083813503,0.6468006098792022
25704,LOF,0.055032492200167336,0.28368207678278756,0.6612854310170452
25705,LOF,0.03438440015667784,0.15865778930249932,0.8069578105408227
25706,LOF,0.18976943384330625,0.34509869123853454,0.46513187491815916
25707,LOF,0.1301500700201728,0.36808527222477,0.5017646577550573
25708,LOF,0.07063881953844357,0.40028027201368904,0.5290809084478674
25709,LOF,0.027359469365083728,0.1335859022430015,0.8390546283919148
25710,LOF,0.015748726389044523,0.12508330503573414,0.8591679685752213
25711,LOF,0.028460009792408952,0.15055646454466756,0.8209835256629235
25712,LOF,0.01665224274711286,0.156094005430928,0.827253751821959
25713,LOF,0.02925776082116545,0.15094500380609638,0.8197972353727382
25714,LOF,0.03448594580990631,0.16503320559581186,0.8004808485942817
25715,LOF,0.030032184639048796,0.16169384201847592,0.8082739733424754
25716,LOF,0.014990369380701762,0.10973763052634297,0.8752720000929554
25717,LOF,0.016768295181619146,0.07807253000623329,0.9051591748121477
25718,LOF,0.024212630821938457,0.09340905392572496,0.8823783152523367
25719,LOF,0.027472935009943883,0.1486255101630165,0.8239015548270395
25720,LOF,0.03133753090931531,0.1043912745615094,0.8642711945291753
25721,LOF,0.027532105248837868,0.13475763563214602,0.8377102591190161
25722,LOF,0.027560839329750283,0.13764156308209924,0.8347975975881504
25723,LOF,0.027843726123308293,0.15152999895093577,0.8206262749257559
25724,LOF,0.0835833738490058,0.21869700521933855,0.6977196209316556
25725,LOF,0.02733961067802664,0.13382580595018068,0.8388345833717927
25726,LOF,0.02708005222049007,0.16298405876730213,0.8099358890122078
25727,LOF,0.027437551477847592,0.15128794743184798,0.8212745010903045
25728,LOF,0.02727530959408138,0.15113205725019455,0.8215926331557241
25729,LOF,0.02696363385865904,0.1630280564589375,0.8100083096824034
25730,LOF,0.027494169600191392,0.1522320810461599,0.8202737493536486
25731,LOF,0.015077505867704892,0.10588597699721117,0.879036517135084
25732,LOF,0.02584837494280676,0.07597615460254269,0.8981754704546505
25733,LOF,0.023250917732276968,0.09255665805336749,0.8841924242143555
25734,LOF,0.018262500167155037,0.13184090041606378,0.8498965994167812
25735,LOF,0.02382756616979294,0.09399076221784208,0.8821816716123649
25736,LOF,0.023509250607700278,0.09491273869067289,0.8815780107016268
25737,LOF,0.027287459663799578,0.13760134501773452,0.8351111953184659
25738,LOF,0.027480662782871892,0.14935099841098806,0.8231683388061402
25739,LOF,0.027679018495504863,0.15388540067331502,0.8184355808311802
25740,LOF,0.03509884876927755,0.1479934707908514,0.816907680439871
25741,LOF,0.03428191640882956,0.16004233754035427,0.8056757460508163
25742,LOF,0.035302181944990414,0.13808419914454698,0.8266136189104626
25743,LOF,0.02055884375615244,0.0545183974314492,0.9249227588123984
25744,Neutral,0.39617917841306255,0.2771959683977856,0.32662485318915185
25745,LOF,0.031864059085938055,0.10966506959417735,0.8584708713198845
25746,LOF,0.01708247037070696,0.1938013846375968,0.7891161449916962
25747,LOF,0.02169766820653374,0.1378678348460206,0.8404344969474455
25748,LOF,0.1037191048620251,0.1848009902684872,0.7114799048694876
25749,LOF,0.017098897089831238,0.1625041957973013,0.8203969071128675
25750,LOF,0.01852280156164091,0.14482505240522314,0.836652146033136
25751,LOF,0.028226147850711193,0.32150696690680114,0.6502668852424878
25752,GOF,0.059153612685346836,0.7625469899235185,0.17829939739113454
25753,GOF,0.012374397103568639,0.493886090417416,0.4937395124790154
25754,GOF,0.015252726631874916,0.791382754916016,0.19336451845210909
25755,LOF,0.01891173502011393,0.4039995908104641,0.5770886741694219
25756,GOF,0.02284057038901154,0.6058541349756166,0.3713052946353718
25757,GOF,0.014096290353342096,0.855795995390842,0.13010771425581583
25758,GOF,0.023560407221676617,0.8336264290203383,0.14281316375798508
25759,GOF,0.014460331222130966,0.7220662995137949,0.2634733692640741
25760,LOF,0.016866178161772608,0.48062798522251104,0.5025058366157164
25761,GOF,0.2056425973927851,0.7355507295442139,0.05880667306300115
25762,GOF,0.028298857710581344,0.5086453127552739,0.4630558295341447
25763,LOF,0.0177982262696849,0.3846776074817329,0.5975241662485823
25764,GOF,0.05827880225077748,0.8237888074046879,0.11793239034453477
25765,GOF,0.01811039125606891,0.8280145088944536,0.15387509984947745
25766,GOF,0.06887671099665925,0.8466076751644339,0.08451561383890685
25767,GOF,0.09884113016604937,0.7093885077344819,0.19177036209946868
25768,LOF,0.07198912956095817,0.09195278769496287,0.8360580827440789
25769,LOF,0.02459439463630998,0.11552935893272613,0.8598762464309638
25770,LOF,0.34204351442543224,0.07149155551197232,0.5864649300625954
25771,LOF,0.05285588329475086,0.04351697679277426,0.9036271399124749
25772,LOF,0.02665603356306467,0.07100371163393475,0.9023402548030006
25773,LOF,0.051894433332577365,0.041095435135630555,0.9070101315317921
25774,LOF,0.02053797205506822,0.1293329750742156,0.8501290528707163
25775,LOF,0.06790751544957108,0.03270929468605943,0.8993831898643694
25776,LOF,0.02994503861288721,0.04913253205546795,0.9209224293316448
25777,LOF,0.37988576002314156,0.04526764473613124,0.5748465952407272
25778,LOF,0.02618296589031861,0.08985954385535018,0.8839574902543313
25779,GOF,0.4232230563616188,0.4766863876656598,0.10009055597272125
25780,Neutral,0.49151476766608254,0.36454794910543203,0.1439372832284854
25781,GOF,0.16182531357328905,0.6378310933558802,0.2003435930708308
25782,GOF,0.24382127893434624,0.5831899869424325,0.17298873412322122
25783,GOF,0.024885694151262166,0.677223713781824,0.2978905920669138
25784,Neutral,0.6253072937779046,0.2885988189824247,0.08609388723967072
25785,Neutral,0.678818791727228,0.15223521164466103,0.16894599662811086
25786,GOF,0.02044711884519829,0.6540644540197746,0.32548842713502707
25787,Neutral,0.8288372598554846,0.07282699294835762,0.09833574719615774
25788,LOF,0.027434074700405937,0.050491815136299065,0.922074110163295
25789,GOF,0.16257747907742284,0.4936990894005679,0.3437234315220092
25790,GOF,0.13705481337215217,0.46184316835248523,0.40110201827536246
25791,LOF,0.10568768980326242,0.3808642921476103,0.5134480180491272
25792,Neutral,0.37439040152502756,0.2583815485883418,0.36722804988663055
25793,LOF,0.1634395997711911,0.34370575554103894,0.49285464468777
25794,LOF,0.17555344930341116,0.3589817457734997,0.46546480492308906
25795,GOF,0.0657493731833504,0.5999755486529125,0.3342750781637371
25796,Neutral,0.5680641758557324,0.23480786313049187,0.19712796101377575
25797,LOF,0.08811485727948418,0.3729065885426247,0.5389785541778911
25798,LOF,0.013325308700477413,0.4126922570395074,0.5739824342600152
25799,LOF,0.012246376761431036,0.3810916524794284,0.6066619707591406
25800,GOF,0.04881193783660826,0.530612037354219,0.42057602480917283
25801,GOF,0.20623149612718933,0.5599126235816718,0.23385588029113868
25802,GOF,0.07336630266239517,0.5364950493421818,0.3901386479954231
25803,LOF,0.05234145024841284,0.43745282173473937,0.5102057280168478
25804,LOF,0.03875604586016925,0.4637581884715299,0.497485765668301
25805,GOF,0.11049328833734508,0.4946629309829329,0.39484378067972187
25806,LOF,0.11980914301257843,0.4229486254831222,0.4572422315042995
25807,LOF,0.01848615262149912,0.4640473144933924,0.5174665328851085
25808,LOF,0.08949797204597057,0.42083314793429194,0.48966888001973746
25809,LOF,0.017450706522333246,0.3952103789208406,0.5873389145568263
25810,LOF,0.022285065231622218,0.4040382237677955,0.5736767110005823
25811,Neutral,0.5364375876443517,0.29794489179055084,0.16561752056509751
25812,LOF,0.04309729584014271,0.42415313458778175,0.5327495695720754
25813,Neutral,0.6312460306665452,0.09652395710563152,0.27223001222782334
25814,GOF,0.19289679033945129,0.4265502681307827,0.38055294152976604
25815,GOF,0.3305459665471264,0.3928259243462234,0.2766281091066501
25816,LOF,0.021765127139503192,0.48692453214038434,0.49131034072011254
25817,GOF,0.19350954878398163,0.5721323288547858,0.23435812236123263
25818,LOF,0.048623386157147605,0.36292139718057426,0.5884552166622782
25819,Neutral,0.33837682976951167,0.3279490343368318,0.3336741358936566
25820,LOF,0.1993295087623223,0.38487239095008413,0.4157981002875935
25821,GOF,0.06208802797609492,0.49475864432837163,0.4431533276955334
25822,LOF,0.22801973170707363,0.29199475543018377,0.47998551286274266
25823,LOF,0.04714771632889571,0.4624026751568084,0.49044960851429603
25824,LOF,0.09227359951891369,0.314855212899397,0.5928711875816893
25825,LOF,0.04255149296161912,0.3312287418448866,0.6262197651934942
25826,LOF,0.01322455875661612,0.3800704259565556,0.6067050152868283
25827,GOF,0.017595541318804288,0.5140714865885895,0.46833297209260616
25828,LOF,0.012423483995208193,0.42068439698163873,0.5668921190231531
25829,LOF,0.009096447098520666,0.4141269034346022,0.5767766494668772
25830,LOF,0.067743307181341,0.0767961837428383,0.8554605090758206
25831,GOF,0.1502286572433011,0.6049930245103826,0.24477831824631638
25832,GOF,0.05137798477185881,0.5271469641399221,0.421475051088219
25833,GOF,0.19095463547950195,0.4634938455478347,0.3455515189726634
25834,GOF,0.06827493492509817,0.5115037128114969,0.42022135226340507
25835,LOF,0.15537974486056919,0.41703204694336954,0.42758820819606136
25836,LOF,0.06747256484487393,0.4400226262521247,0.49250480890300147
25837,LOF,0.03847716385932863,0.35467535184048365,0.6068474843001878
25838,LOF,0.16252242319751975,0.4096872005978938,0.42779037620458643
25839,Neutral,0.4144146425156475,0.2324261935917791,0.35315916389257335
25840,GOF,0.22103345503066962,0.40109386626524185,0.3778726787040884
25841,LOF,0.2619613106324405,0.3479965747351179,0.39004211463244165
25842,LOF,0.3327385437343839,0.2630970329604993,0.4041644233051167
25843,GOF,0.30133182404405795,0.4041301170256942,0.29453805893024787
25844,LOF,0.1559623509288919,0.2699335029795012,0.5741041460916069
25845,LOF,0.02825680058551903,0.39418835396360935,0.5775548454508717
25846,GOF,0.12054743890350911,0.5373221579216612,0.3421304031748298
25847,GOF,0.21072622444639225,0.44541782618359943,0.3438559493700083
25848,LOF,0.050601457941107084,0.41166763902424236,0.5377309030346507
25849,LOF,0.01411803335343581,0.40694462409040955,0.5789373425561546
25850,LOF,0.028760403378645542,0.4791083271402464,0.4921312694811081
25851,LOF,0.022776585489189427,0.4473053569596845,0.5299180575511261
25852,LOF,0.11787652668034782,0.43227235592498375,0.4498511173946685
25853,GOF,0.3400336536918786,0.35730157743037133,0.3026647688777501
25854,GOF,0.013000065562339153,0.5134316313623127,0.47356830307534825
25855,LOF,0.051692752522946875,0.30094401488738753,0.6473632325896657
25856,LOF,0.2899487241346155,0.26345550354792074,0.44659577231746383
25857,LOF,0.03769864052155967,0.3521070849093512,0.6101942745690893
25858,LOF,0.021495768403281386,0.48085412921080817,0.49765010238591034
25859,LOF,0.012049625786768726,0.49168762391101095,0.4962627503022204
25860,Neutral,0.39061955588527886,0.25067508382980636,0.3587053602849148
25861,GOF,0.2608541419716782,0.595607869318579,0.14353798870974274
25862,GOF,0.08776501135195752,0.5447024310183471,0.3675325576296954
25863,GOF,0.09472305362279147,0.5486626538310756,0.3566142925461328
25864,GOF,0.19487946828713026,0.5571627527319595,0.2479577789809102
25865,GOF,0.08064350429684358,0.6422134202803931,0.2771430754227634
25866,GOF,0.07832862115911952,0.6005078136813151,0.3211635651595654
25867,GOF,0.1131743084575716,0.6853157880246548,0.20150990351777362
25868,GOF,0.2279083751309971,0.4287348252024201,0.3433567996665828
25869,Neutral,0.7714894812798281,0.14052520691455112,0.08798531180562075
25870,LOF,0.11355100144256397,0.059237178986228115,0.8272118195712078
25871,GOF,0.06166831315473978,0.4818153391252597,0.4565163477200005
25872,LOF,0.09641157824690601,0.3447058899053774,0.5588825318477166
25873,LOF,0.14734656734090248,0.39972406833320806,0.4529293643258894
25874,LOF,0.03204494987151515,0.05493568649682957,0.9130193636316553
25875,LOF,0.05046917032367866,0.2596151561396986,0.6899156735366226
25876,LOF,0.01952631831708178,0.11379156808863092,0.8666821135942874
25877,LOF,0.3681376285107865,0.2285194693157324,0.4033429021734812
25878,LOF,0.1541378649513605,0.3573141180576151,0.4885480169910245
25879,LOF,0.07920264723045341,0.4133143204498934,0.5074830323196531
25880,LOF,0.029523808458951955,0.04407828271027884,0.9263979088307693
25881,LOF,0.4000933661595556,0.12948868267908542,0.470417951161359
25882,LOF,0.09890901596255025,0.01697507483451804,0.8841159092029318
25883,LOF,0.09285316270039887,0.040659040825985544,0.8664877964736156
25884,LOF,0.06969667069359048,0.049978156576416695,0.8803251727299928
25885,LOF,0.08729902993635145,0.024062298667773038,0.8886386713958756
25886,LOF,0.23508192809608885,0.09616624375285557,0.6687518281510556
25887,LOF,0.3674415569817187,0.11028692696732392,0.5222715160509572
25888,LOF,0.16084509152243492,0.058859558900246654,0.7802953495773184
25889,LOF,0.07552252667410009,0.05109377506329199,0.8733836982626079
25890,LOF,0.058631977395683155,0.09346307719893987,0.847904945405377
25891,LOF,0.05990590865553931,0.04362683468153886,0.8964672566629218
25892,LOF,0.09715795879374377,0.04482078912389103,0.8580212520823652
25893,LOF,0.35801581390951515,0.026213218843851638,0.6157709672466333
25894,LOF,0.1555652660559406,0.013019759604272362,0.8314149743397871
25895,LOF,0.1635953371070561,0.013994976112302385,0.8224096867806416
25896,LOF,0.0426754044276992,0.015913948071344965,0.9414106475009559
25897,LOF,0.21820696291543465,0.03300935999882422,0.7487836770857411
25898,Neutral,0.6921285389694707,0.021131080216408644,0.2867403808141207
25899,LOF,0.19880041696654657,0.09477730673836923,0.7064222762950841
25900,Neutral,0.7934440558077507,0.026745858006418044,0.17981008618583127
25901,LOF,0.06736752613709515,0.02287745038649401,0.9097550234764108
25902,LOF,0.10765871971481952,0.01857784843993897,0.8737634318452416
25903,Neutral,0.6192180599580912,0.05684800928396916,0.32393393075793964
25904,LOF,0.3205646825244359,0.05486527215521545,0.6245700453203487
25905,LOF,0.014242180061173042,0.41337060482446,0.572387215114367
25906,LOF,0.02241133329473869,0.10040010015507657,0.8771885665501847
25907,LOF,0.010466241716444318,0.33682341958741874,0.652710338696137
25908,LOF,0.016523012636041386,0.19472820362091783,0.7887487837430407
25909,LOF,0.028695502105443357,0.2230568475036988,0.7482476503908578
25910,LOF,0.026957924029796933,0.304842469527054,0.668199606443149
25911,LOF,0.07591581827040864,0.035948505784692546,0.8881356759448988
25912,LOF,0.03919448267101507,0.09690291711817828,0.8639026002108067
25913,LOF,0.22249139838554902,0.03050965786647489,0.746998943747976
25914,LOF,0.04291593994658699,0.16600573507260374,0.7910783249808092
25915,Neutral,0.4580569965131269,0.40520591531253025,0.13673708817434277
25916,GOF,0.034336003188949304,0.6264426123129256,0.33922138449812506
25917,LOF,0.036878819273086276,0.10359596485498625,0.8595252158719275
25918,LOF,0.04321827532211927,0.09226669006572924,0.8645150346121515
25919,LOF,0.044400856156542205,0.07217842648969258,0.8834207173537653
25920,GOF,0.24851616376766697,0.4964612960493175,0.2550225401830155
25921,LOF,0.054793489778578966,0.04800891358969589,0.8971975966317252
25922,LOF,0.04866591227470488,0.03649801262301979,0.9148360751022753
25923,LOF,0.3256844537297878,0.037537050639397565,0.6367784956308147
25924,LOF,0.07609749139181572,0.022113674133389508,0.9017888344747949
25925,LOF,0.07499590962997528,0.04371175722206859,0.8812923331479561
25926,LOF,0.04559685343627758,0.03284084265516553,0.9215623039085569
25927,LOF,0.08729329959432867,0.11458888378210128,0.79811781662357
25928,LOF,0.04023372308460229,0.024295235282162275,0.9354710416332354
25929,LOF,0.4476237688021792,0.033450611985728795,0.518925619212092
25930,LOF,0.08539827850689968,0.02148081269459567,0.8931209087985046
25931,LOF,0.04361919749379144,0.018545959476679346,0.9378348430295294
25932,LOF,0.08246323736593303,0.0138352297744514,0.9037015328596155
25933,LOF,0.08617448087230714,0.013171771984553963,0.900653747143139
25934,LOF,0.08135584824566619,0.01689078313847293,0.901753368615861
25935,LOF,0.056512343014567305,0.035871917955902645,0.90761573902953
25936,LOF,0.08585894628394951,0.013084492025027157,0.9010565616910234
25937,LOF,0.05454637857045473,0.02814105452263683,0.9173125669069083
25938,LOF,0.07565376059844055,0.06010666056695032,0.8642395788346092
25939,LOF,0.06990173154191939,0.019696117735722617,0.910402150722358
25940,GOF,0.024662917894020992,0.5421725997380913,0.43316448236788774
25941,LOF,0.18842337080327548,0.03209330753428112,0.7794833216624434
25942,LOF,0.03725444305936023,0.011415304272885368,0.9513302526677544
25943,LOF,0.469334878500306,0.02122462263178836,0.5094404988679055
25944,Neutral,0.5454557171661879,0.014115767169553432,0.44042851566425867
25945,LOF,0.24086707114281886,0.039944912823965555,0.7191880160332156
25946,LOF,0.016310020208589876,0.2471937065965803,0.7364962731948298
25947,LOF,0.0608645126012913,0.3901984205259795,0.5489370668727294
25948,LOF,0.34662249555015323,0.008893603751284273,0.6444839006985624
25949,LOF,0.11363418429478751,0.0163462875346988,0.8700195281705136
25950,GOF,0.19503010990523056,0.5929355403847263,0.2120343497100432
25951,GOF,0.1695558110601263,0.4350561831354426,0.395388005804431
25952,GOF,0.04508913346998376,0.6343453198216105,0.3205655467084057
25953,LOF,0.10401803967672885,0.41685837926648384,0.4791235810567872
25954,Neutral,0.458362953038379,0.4450968894440904,0.09654015751753073
25955,LOF,0.04634905316323307,0.2767324871000756,0.6769184597366914
25956,LOF,0.13027240655146138,0.08493623534596405,0.7847913581025746
25957,LOF,0.03290174410292558,0.026934585905142767,0.9401636699919316
25958,LOF,0.07218592847099753,0.026345920562402605,0.9014681509665999
25959,LOF,0.16084928579699598,0.31233490358463556,0.5268158106183685
25960,LOF,0.026083276885261325,0.0720581989962593,0.9018585241184793
25961,LOF,0.06927790380430117,0.04983015839304948,0.8808919378026494
25962,LOF,0.08058650542669729,0.02499493321634566,0.8944185613569571
25963,LOF,0.04915201182905987,0.10940089737406158,0.8414470907968785
25964,LOF,0.05512799087081111,0.2756819162166062,0.6691900929125827
25965,Neutral,0.5031521448640109,0.03938189971936062,0.45746595541662854
25966,GOF,0.2291672270896182,0.40255909560581093,0.3682736773045708
25967,LOF,0.01933177388752287,0.2105803732352091,0.770087852877268
25968,LOF,0.04656325698885646,0.40902504183808813,0.5444117011730554
25969,LOF,0.012102632166608064,0.09276840849432556,0.8951289593390664
25970,LOF,0.04398469209993934,0.042412298964346576,0.9136030089357141
25971,LOF,0.07858340465534999,0.033679107482906395,0.8877374878617436
25972,LOF,0.09796301222818503,0.03517047362459656,0.8668665141472184
25973,LOF,0.12309406613311338,0.015547352820080263,0.8613585810468064
25974,LOF,0.3503862516817142,0.034633555064903544,0.6149801932533822
25975,LOF,0.0706588199667765,0.032865575327180874,0.8964756047060426
25976,LOF,0.031227038841954085,0.06078317320585341,0.9079897879521925
25977,LOF,0.0554862808823961,0.1627583344041743,0.7817553847134295
25978,LOF,0.20559645803504156,0.07543052381715241,0.718973018147806
25979,LOF,0.17996697705663645,0.10185642289121262,0.7181766000521509
25980,LOF,0.19685919879597885,0.16498220837042196,0.6381585928335992
25981,LOF,0.19685919879597885,0.16498220837042196,0.6381585928335992
25982,LOF,0.380961785136995,0.07702261150776647,0.5420156033552385
25983,LOF,0.39382830866990687,0.09191262039057661,0.5142590709395165
25984,LOF,0.039159384373264716,0.2561989284021215,0.7046416872246138
25985,LOF,0.02489238422811388,0.44463136788466096,0.5304762478872251
25986,LOF,0.0342315266434062,0.43073246782450375,0.5350360055320901
25987,LOF,0.0727831949706985,0.09483893710522627,0.8323778679240752
25988,LOF,0.03289238475357166,0.2695652600344609,0.6975423552119675
25989,LOF,0.024650763446125747,0.3055977937349445,0.6697514428189297
25990,LOF,0.029480400137468797,0.255884826744793,0.7146347731177383
25991,LOF,0.18610381387852332,0.17964420672373674,0.63425197939774
25992,LOF,0.283955953362346,0.19279060353622227,0.5232534431014317
25993,LOF,0.03568880507333354,0.06777795691201605,0.8965332380146505
25994,LOF,0.036936200618080506,0.06792755481303236,0.8951362445688871
25995,LOF,0.03643832171500184,0.0823087883871557,0.8812528898978425
25996,LOF,0.12149803368984127,0.26272519913624665,0.6157767671739119
25997,LOF,0.06266736118578399,0.35097829525127344,0.5863543435629426
25998,LOF,0.4668370946803496,0.014275106895424432,0.5188877984242259
25999,LOF,0.138933223407464,0.3141462846005402,0.5469204919919959
26000,LOF,0.06897336080942419,0.03144203871630867,0.8995846004742672
26001,LOF,0.11402644155076967,0.07274894064707119,0.8132246178021592
26002,LOF,0.08255597501924274,0.0620813984163633,0.8553626265643939
26003,GOF,0.015149211045757331,0.6885289344973373,0.29632185445690534
26004,GOF,0.06354919114516266,0.7315453972801412,0.20490541157469622
26005,GOF,0.017659868451073424,0.5525163383881515,0.42982379316077496
26006,Neutral,0.5816759647179247,0.22646541760969313,0.19185861767238224
26007,GOF,0.03338600456105537,0.6806068786679978,0.28600711677094687
26008,GOF,0.01857870925599694,0.6490199636038532,0.3324013271401499
26009,GOF,0.040531209361318335,0.7166557541786327,0.24281303646004895
26010,GOF,0.014300220781069262,0.8219449585622624,0.16375482065666844
26011,GOF,0.010605868098453451,0.6245670004261871,0.36482713147535956
26012,GOF,0.02138387671427939,0.5815039262535239,0.3971121970321968
26013,GOF,0.012794057192312632,0.691432143325178,0.2957737994825094
26014,LOF,0.032039725535610214,0.25957843968163963,0.7083818347827502
26015,LOF,0.20924032621813216,0.008263036581023894,0.7824966372008441
26016,LOF,0.37119505934982544,0.031840273532684316,0.5969646671174902
26017,LOF,0.3218359419511983,0.04942977721441245,0.6287342808343893
26018,LOF,0.08292985367566968,0.030161460980034287,0.886908685344296
26019,LOF,0.08791990584894545,0.018058368089930322,0.8940217260611242
26020,LOF,0.107901626177438,0.0582139293218113,0.8338844445007506
26021,LOF,0.11362404648907636,0.06999745472137403,0.8163784987895496
26022,LOF,0.023820518048683004,0.03003616656043518,0.9461433153908818
26023,LOF,0.20484708419459946,0.02120034804328098,0.7739525677621195
26024,LOF,0.049367325728376696,0.08381858229957405,0.8668140919720493
26025,LOF,0.3759725300456022,0.07785570585835325,0.5461717640960445
26026,Neutral,0.5529965801062305,0.016289801646224702,0.43071361824754467
26027,LOF,0.09539146393842624,0.01610931836851078,0.8884992176930631
26028,LOF,0.2724688690078952,0.05350715006378716,0.6740239809283176
26029,LOF,0.0709422860285547,0.25570900670519175,0.6733487072662536
26030,LOF,0.027018292542971258,0.07224774187356442,0.9007339655834644
26031,LOF,0.016368016471675753,0.2245087634764821,0.7591232200518422
26032,LOF,0.06949996804575724,0.1316163999700831,0.7988836319841597
26033,LOF,0.21586232416891496,0.23427943739704263,0.5498582384340425
26034,LOF,0.037127876713779664,0.1516972808337832,0.8111748424524371
26035,LOF,0.024435274725429577,0.19552819624363588,0.7800365290309347
26036,LOF,0.037000544008884556,0.16911495858395428,0.7938844974071613
26037,LOF,0.01928145647817942,0.1279579505449056,0.852760592976915
26038,LOF,0.06853560347624975,0.12434581993584098,0.8071185765879093
26039,LOF,0.05267034507091821,0.18141070821011307,0.7659189467189688
26040,Neutral,0.37510215585282436,0.35517391408940097,0.2697239300577747
26041,LOF,0.021950496203337055,0.14452435921252177,0.8335251445841411
26042,LOF,0.023605182377538652,0.12177900688864662,0.8546158107338147
26043,LOF,0.06383978367867596,0.17221867090032608,0.763941545420998
26044,LOF,0.02805579602129976,0.11611666416077535,0.8558275398179249
26045,LOF,0.06597368921505277,0.16313733791073676,0.7708889728742104
26046,LOF,0.07900725168247892,0.18488020266438204,0.7361125456531391
26047,LOF,0.09087061344072074,0.16522998283274618,0.7438994037265331
26048,LOF,0.09718653400777774,0.07969630194596664,0.8231171640462557
26049,Neutral,0.936398307849857,0.021262650979085224,0.042339041171057835
26050,Neutral,0.9092103370747754,0.026223758951810075,0.06456590397341452
26051,GOF,0.0317375998147763,0.48587116142184905,0.4823912387633747
26052,LOF,0.026472223928782446,0.4389524513989838,0.5345753246722338
26053,LOF,0.043541815158265045,0.30591839361298345,0.6505397912287516
26054,LOF,0.07160341253194455,0.06458749431026037,0.8638090931577952
26055,LOF,0.06207301450388093,0.04591669893174695,0.8920102865643722
26056,LOF,0.048569671102784394,0.051698874060919026,0.8997314548362967
26057,LOF,0.0753220170802832,0.05751650886296875,0.867161474056748
26058,LOF,0.07512862681571007,0.049903359690114335,0.8749680134941756
26059,Neutral,0.5367738474619047,0.09752102814883963,0.3657051243892556
26060,LOF,0.060555007718136336,0.34721465612234453,0.5922303361595191
26061,LOF,0.032206718889272436,0.05681658763600649,0.9109766934747211
26062,LOF,0.024759744719156648,0.045132317800749895,0.9301079374800936
26063,LOF,0.07358217462151327,0.04266153370732779,0.883756291671159
26064,LOF,0.03690004889238183,0.047605188674385054,0.915494762433233
26065,LOF,0.0719877883622017,0.03396560223354715,0.8940466094042511
26066,LOF,0.07734879952099583,0.04108023167446766,0.8815709688045366
26067,LOF,0.07921824224428008,0.0368549267372319,0.8839268310184881
26068,LOF,0.06129490992894792,0.0919755404883235,0.8467295495827286
26069,LOF,0.42360592908946426,0.06653609136072963,0.509857979549806
26070,Neutral,0.6570126601435676,0.039137446833988766,0.30384989302244364
26071,LOF,0.07167665997056305,0.046100481077233274,0.8822228589522036
26072,LOF,0.03584038223018166,0.10797780350488385,0.8561818142649344
26073,LOF,0.07708539933451267,0.02819561634662907,0.8947189843188582
26074,Neutral,0.963595458063987,0.01665883880046763,0.019745703135545297
26075,LOF,0.0370225458307154,0.056648148756282574,0.9063293054130019
26076,LOF,0.07907390489233783,0.0371108515782189,0.8838152435294433
26077,LOF,0.022118759106303256,0.08787692631936843,0.8900043145743284
26078,LOF,0.021914292337518047,0.06309607532777359,0.9149896323347083
26079,LOF,0.061095237272485343,0.06682238401650357,0.8720823787110111
26080,LOF,0.061095237272485343,0.06682238401650357,0.8720823787110111
26081,LOF,0.07829298683865636,0.0408100044313438,0.8808970087299998
26082,LOF,0.03331411954419309,0.04928031979744265,0.9174055606583642
26083,LOF,0.07409687173063474,0.059184854162789804,0.8667182741065755
26084,LOF,0.06636208386381368,0.042999364355029775,0.8906385517811566
26085,LOF,0.06636208386381368,0.042999364355029775,0.8906385517811566
26086,LOF,0.0678663833585165,0.04932190182408988,0.8828117148173935
26087,LOF,0.0673840939042798,0.041818802408272446,0.8907971036874478
26088,LOF,0.033179969204822884,0.13818376044551056,0.8286362703496666
26089,LOF,0.050658136298806,0.05417629899350563,0.8951655647076883
26090,LOF,0.04618175627484222,0.046227703534719417,0.9075905401904384
26091,LOF,0.07748332778556538,0.026230053462594532,0.8962866187518402
26092,LOF,0.07552849086579325,0.04430853539475556,0.8801629737394512
26093,LOF,0.07788068710314604,0.02558223094721925,0.8965370819496347
26094,LOF,0.0789518260977316,0.025238285265078122,0.8958098886371904
26095,LOF,0.060835422376176736,0.06289277395392195,0.8762718036699013
26096,LOF,0.03542911785168772,0.04007543570810839,0.9244954464402039
26097,LOF,0.019793838510148147,0.13536539892831662,0.8448407625615352
26098,LOF,0.06454022585004586,0.03664642156474819,0.898813352585206
26099,LOF,0.07519107732211315,0.0588139144984574,0.8659950081794294
26100,LOF,0.07519107732211315,0.0588139144984574,0.8659950081794294
26101,LOF,0.0655551920492022,0.09475169903837545,0.8396931089124223
26102,LOF,0.07268750442334024,0.050739709619014646,0.8765727859576452
26103,Neutral,0.8024298450680809,0.08871416202665496,0.10885599290526404
26104,LOF,0.04798354327441226,0.09037454409303199,0.8616419126325556
26105,LOF,0.19772249068135025,0.09013726520451315,0.7121402441141366
26106,LOF,0.1574080153390043,0.03591473483915775,0.806677249821838
26107,LOF,0.2785194712469447,0.040640292698385615,0.6808402360546696
26108,LOF,0.16122835453164222,0.04558896788873439,0.7931826775796234
26109,LOF,0.07959315981137176,0.09048160524349656,0.8299252349451317
26110,LOF,0.3401331855979181,0.03559688637689547,0.6242699280251864
26111,LOF,0.349732606279437,0.11372712789102943,0.5365402658295336
26112,LOF,0.08610122462126807,0.03659842499112853,0.8773003503876035
26113,LOF,0.10904684452185909,0.09053461403607946,0.8004185414420614
26114,LOF,0.033871811703582895,0.035103019802367616,0.9310251684940495
26115,LOF,0.20736881624767553,0.0665113855617189,0.7261197981906055
26116,LOF,0.07540396011388917,0.11476326348643974,0.809832776399671
26117,LOF,0.25029863908855154,0.2041865846923748,0.5455147762190737
26118,LOF,0.0561873892756116,0.034803693598492,0.9090089171258965
26119,LOF,0.040894244459947514,0.1290087050347695,0.830097050505283
26120,LOF,0.05084201354183611,0.057334900025385716,0.8918230864327783
26121,LOF,0.07202930370262463,0.1062296897006698,0.8217410065967056
26122,LOF,0.07984961619634527,0.12748567926417753,0.7926647045394772
