feature0,prediction,LoGoFunc_Neutral,LoGoFunc_GOF,LoGoFunc_LOF
25546,Neutral,0.5999219491481064,0.11220560809563425,0.28787244275625934
25547,Neutral,0.4822141250710839,0.15274240805718214,0.36504346687173406
25548,LOF,0.34854949859934997,0.1527679394184231,0.4986825619822268
25549,LOF,0.33353047110605477,0.14821323970670558,0.5182562891872396
25550,LOF,0.3783281708360444,0.07794051912820142,0.5437313100357541
25551,LOF,0.29444911014425856,0.09184152633698045,0.6137093635187609
25552,LOF,0.24143317229653838,0.10292540145619576,0.655641426247266
25553,Neutral,0.7983425410853241,0.05529564987342947,0.1463618090412463
25554,LOF,0.2853054413944041,0.06520498495155587,0.64948957365404
25555,LOF,0.2138605245078223,0.08882747220621741,0.6973120032859602
25556,LOF,0.3814375470497468,0.05003979907509709,0.5685226538751561
25557,LOF,0.21779845908193238,0.1036712429854122,0.6785302979326555
25558,LOF,0.2695951534345743,0.11429781572994198,0.6161070308354838
25559,LOF,0.30928777684952435,0.027611257588616968,0.6631009655618587
25560,LOF,0.038407710322538605,0.2885314200183907,0.6730608696590706
25561,LOF,0.03936811089074157,0.23886975400130514,0.7217621351079533
25562,LOF,0.03185964364386204,0.22837889305435874,0.7397614633017793
25563,LOF,0.017983388407948542,0.13468036984705498,0.8473362417449964
25564,LOF,0.0699099548775949,0.07284336638105406,0.8572466787413511
25565,LOF,0.3398479133760022,0.1150656203753993,0.5450864662485986
25566,GOF,0.04189835324629545,0.6386736407622793,0.31942800599142523
25567,LOF,0.027743519430627105,0.11609113261822634,0.8561653479511466
25568,LOF,0.06409573061732078,0.0659201881532341,0.869984081229445
25569,LOF,0.06840666849111612,0.08095097494568644,0.8506423565631975
25570,LOF,0.05190371798889631,0.1331753299796532,0.8149209520314505
25571,LOF,0.05190371798889631,0.1331753299796532,0.8149209520314505
25572,LOF,0.06510493483165188,0.09554730155557482,0.8393477636127734
25573,LOF,0.16947064788054736,0.12632322104309707,0.7042061310763557
25574,GOF,0.23099455424466472,0.6528819206852601,0.11612352507007534
25575,LOF,0.05190371798889631,0.1331753299796532,0.8149209520314505
25576,LOF,0.023524550832051547,0.17383128766211797,0.8026441615058305
25577,LOF,0.02803722904299352,0.10902147426222274,0.8629412966947837
25578,LOF,0.10932727616775527,0.35850907112205543,0.5321636527101894
25579,LOF,0.09444290549164663,0.3272382163364475,0.5783188781719059
25580,LOF,0.05190371798889631,0.1331753299796532,0.8149209520314505
25581,LOF,0.061038001759922876,0.07718317157571622,0.8617788266643609
25582,LOF,0.061038001759922876,0.07718317157571622,0.8617788266643609
25583,LOF,0.05190371798889631,0.1331753299796532,0.8149209520314505
25584,Neutral,0.7263661925475396,0.02274672146295025,0.25088708598951004
25585,LOF,0.035390660190959725,0.12089674766278931,0.8437125921462509
25586,LOF,0.05190371798889631,0.1331753299796532,0.8149209520314505
25587,LOF,0.05190371798889631,0.1331753299796532,0.8149209520314505
25588,LOF,0.05190371798889631,0.1331753299796532,0.8149209520314505
25589,Neutral,0.6790672453427697,0.16940407631729917,0.15152867833993117
25590,LOF,0.0694314199076904,0.12615965724853415,0.8044089228437755
25591,LOF,0.09895613633393668,0.08163046217716151,0.8194134014889018
25592,GOF,0.2855528573267571,0.42013800251934413,0.29430914015389875
25593,GOF,0.1316569825676769,0.6132477625379741,0.2550952548943491
25594,LOF,0.053760919295495466,0.09449303571035159,0.8517460449941529
25595,LOF,0.05808727871852796,0.08297487671979192,0.8589378445616801
25596,LOF,0.14279045679041957,0.02469837035199914,0.8325111728575812
25597,LOF,0.1391771437631995,0.018814164907391667,0.8420086913294089
25598,LOF,0.04610094640521262,0.06534562974956369,0.8885534238452237
25599,LOF,0.024507826110911297,0.3133822194503556,0.662109954438733
25600,LOF,0.1077304909154631,0.4122741768598979,0.4799953322246389
25601,LOF,0.04190517048705857,0.4016661508714773,0.5564286786414642
25602,LOF,0.08046070283547067,0.06021281287603183,0.8593264842884974
25603,LOF,0.0878756430907348,0.08104882466970446,0.8310755322395607
25604,LOF,0.07512913323855412,0.22675354137130257,0.6981173253901433
25605,LOF,0.16997289858956527,0.20774816876662447,0.6222789326438103
25606,Neutral,0.5933055309521861,0.09147884793244289,0.31521562111537105
25607,LOF,0.05290909838324485,0.20842404347324156,0.7386668581435136
25608,LOF,0.04232180533940719,0.13882228440719174,0.8188559102534011
25609,GOF,0.12147587283248608,0.5986179905676484,0.27990613659986563
25610,LOF,0.04350663781929344,0.1327478427279661,0.8237455194527404
25611,LOF,0.04350663781929344,0.1327478427279661,0.8237455194527404
25612,LOF,0.08889411582745894,0.03531499624235802,0.875790887930183
25613,LOF,0.10940428676741511,0.036350980861726744,0.8542447323708582
25614,LOF,0.04350663781929344,0.1327478427279661,0.8237455194527404
25615,LOF,0.07061413741428602,0.10945492941647805,0.8199309331692358
25616,LOF,0.04350663781929344,0.1327478427279661,0.8237455194527404
25617,LOF,0.04350663781929344,0.1327478427279661,0.8237455194527404
25618,LOF,0.11629788252058135,0.36363922100414076,0.5200628964752779
25619,LOF,0.04350663781929344,0.1327478427279661,0.8237455194527404
25620,LOF,0.04350663781929344,0.1327478427279661,0.8237455194527404
25621,LOF,0.07922851364376787,0.09149019041425879,0.8292812959419733
25622,LOF,0.08020991438335351,0.07404274133585854,0.845747344280788
25623,LOF,0.09944369940584838,0.05865460254172153,0.8419016980524301
25624,LOF,0.04350663781929344,0.1327478427279661,0.8237455194527404
25625,LOF,0.07994417725835534,0.038425464814820086,0.8816303579268246
25626,LOF,0.05218225208892521,0.041578752041462094,0.9062389958696127
25627,Neutral,0.8415095806577216,0.0544957626583827,0.10399465668389572
25628,LOF,0.11850777062815002,0.26433451244907913,0.6171577169227709
25629,LOF,0.0383727177744141,0.15628527676503032,0.8053420054605556
25630,LOF,0.3262237972382261,0.11458761826251058,0.5591885844992635
25631,LOF,0.3254705242929474,0.2073422265732346,0.4671872491338179
25632,LOF,0.014678590180957837,0.2830149671935685,0.7023064426254737
25633,LOF,0.03632008515362654,0.23592006114847533,0.7277598536978982
25634,LOF,0.05024900235088351,0.09923012142904483,0.8505208762200717
25635,LOF,0.03632008515362654,0.23592006114847533,0.7277598536978982
25636,GOF,0.023819738754965843,0.6822956816759462,0.2938845795690878
25637,GOF,0.01901988870288922,0.6627351582331413,0.3182449530639694
25638,GOF,0.0104281833364504,0.6881978332874416,0.3013739833761081
25639,GOF,0.02630119199963639,0.5290078271949676,0.44469098080539593
25640,Neutral,0.7975033613420285,0.14245810564442915,0.060038533013542277
25641,GOF,0.04962812533195186,0.6551635434428325,0.2952083312252156
25642,LOF,0.060580720631096936,0.2998935064857529,0.6395257728831502
25643,LOF,0.24398244839547384,0.31143137925766307,0.44458617234686304
25644,LOF,0.016279097070411697,0.44343595896687904,0.5402849439627092
25645,GOF,0.012999143503974336,0.5647865958441965,0.42221426065182915
25646,GOF,0.020381831832087575,0.5856938975650458,0.39392427060286656
25647,LOF,0.01383665347319417,0.3543516470196843,0.6318116995071215
25648,LOF,0.02159889838129183,0.2947667378848358,0.6836343637338723
25649,LOF,0.011828188572720126,0.20804688794350468,0.7801249234837753
25650,LOF,0.05287697962975827,0.3892828378234156,0.5578401825468261
25651,LOF,0.016123815214715922,0.34590311278522806,0.637973072000056
25652,LOF,0.011936372391002365,0.4526491159445588,0.5354145116644389
25653,LOF,0.037319975486595124,0.48082466505517785,0.48185535945822705
25654,LOF,0.010269748776409082,0.4687223290078683,0.5210079222157226
25655,GOF,0.064094409143155,0.6335418831194634,0.3023637077373816
25656,LOF,0.17395908089577125,0.39301476282107084,0.43302615628315794
25657,LOF,0.04104929608193072,0.23818404044653826,0.7207666634715311
25658,LOF,0.10124340106836247,0.3090100600677994,0.5897465388638382
25659,Neutral,0.5721795838386401,0.246447296810566,0.18137311935079387
25660,LOF,0.03963981246829297,0.13649415948385038,0.8238660280478567
25661,LOF,0.03963981246829297,0.13649415948385038,0.8238660280478567
25662,LOF,0.03963981246829297,0.13649415948385038,0.8238660280478567
25663,LOF,0.03963981246829297,0.13649415948385038,0.8238660280478567
25664,LOF,0.07879505531773297,0.09420728528456586,0.8269976593977011
25665,LOF,0.055382550314816044,0.04758304675128332,0.8970344029339007
25666,LOF,0.07069950319904994,0.10610770476088488,0.8231927920400652
25667,LOF,0.03963981246829297,0.13649415948385038,0.8238660280478567
25668,LOF,0.03963981246829297,0.13649415948385038,0.8238660280478567
25669,LOF,0.03963981246829297,0.13649415948385038,0.8238660280478567
25670,LOF,0.10268060152866045,0.08693748110522158,0.8103819173661179
25671,LOF,0.03963981246829297,0.13649415948385038,0.8238660280478567
25672,LOF,0.04979900183854923,0.04317034668030059,0.9070306514811501
25673,LOF,0.07253214104749998,0.05340060019419771,0.8740672587583023
25674,LOF,0.0677579971573412,0.05795658497230156,0.8742854178703573
25675,LOF,0.06839948797871408,0.05811251840071907,0.8734879936205668
25676,LOF,0.03963981246829297,0.13649415948385038,0.8238660280478567
25677,LOF,0.03963981246829297,0.13649415948385038,0.8238660280478567
25678,LOF,0.09906391810168154,0.040272250936243904,0.8606638309620747
25679,LOF,0.1270510920348343,0.050569337624510116,0.8223795703406556
25680,LOF,0.03963981246829297,0.13649415948385038,0.8238660280478567
25681,LOF,0.03963981246829297,0.13649415948385038,0.8238660280478567
25682,LOF,0.03963981246829297,0.13649415948385038,0.8238660280478567
25683,LOF,0.09092003118536385,0.03836148220661131,0.8707184866080249
25684,LOF,0.03963981246829297,0.13649415948385038,0.8238660280478567
25685,LOF,0.03437070025593025,0.3461905197315228,0.6194387800125469
25686,LOF,0.022363475254938214,0.47283801771755296,0.5047985070275088
25687,GOF,0.031109710383802704,0.7411565701945046,0.22773371942169257
25688,LOF,0.3098878132052877,0.25582179480454714,0.4342903919901653
25689,LOF,0.12476274897490588,0.20678989035856382,0.6684473606665303
25690,LOF,0.2091534935726395,0.18797667972382104,0.6028698267035395
25691,Neutral,0.6338309555280264,0.06130748825293289,0.30486155621904076
25692,LOF,0.1803461359861446,0.021925035829020074,0.7977288281848353
25693,GOF,0.09095266481135846,0.6114356568003675,0.29761167838827396
25694,LOF,0.14006271155061195,0.03283764015893226,0.8270996482904557
25695,LOF,0.10879167264750468,0.046019423675469545,0.8451889036770257
25696,LOF,0.10224765257202474,0.06303400532859046,0.8347183420993848
25697,LOF,0.08253100092799981,0.17107759766921124,0.7463914014027889
25698,LOF,0.16217724977151593,0.17440239889839415,0.66342035133009
25699,GOF,0.09672320453115034,0.7544690562301453,0.14880773923870436
25700,LOF,0.03765533090199924,0.27414726229208564,0.6881974068059151
25701,GOF,0.09346518899270564,0.7284966731795478,0.17803813782774663
25702,GOF,0.2936331423116142,0.4319545654453798,0.274412292243006
25703,LOF,0.035643451417224185,0.11556193281273676,0.848794615770039
25704,LOF,0.049270818013251304,0.17358629792244423,0.7771428840643044
25705,LOF,0.02807318123983217,0.3477007216633508,0.6242260970968171
25706,GOF,0.10867873221471369,0.4963491889138687,0.3949720788714177
25707,LOF,0.13150872787653245,0.4113844065543893,0.4571068655690783
25708,LOF,0.04742035614254209,0.31334898447777365,0.6392306593796843
25709,LOF,0.02807318123983217,0.3477007216633508,0.6242260970968171
25710,LOF,0.01898372845555992,0.16339889962984547,0.8176173719145946
25711,LOF,0.02807318123983217,0.3477007216633508,0.6242260970968171
25712,LOF,0.022467125237248708,0.186151563909514,0.7913813108532372
25713,LOF,0.02807318123983217,0.3477007216633508,0.6242260970968171
25714,LOF,0.02807318123983217,0.3477007216633508,0.6242260970968171
25715,LOF,0.02807318123983217,0.3477007216633508,0.6242260970968171
25716,LOF,0.016744355025716907,0.15513374055145598,0.8281219044228271
25717,LOF,0.018064256490683692,0.19140052349183592,0.7905352200174803
25718,LOF,0.02807318123983217,0.3477007216633508,0.6242260970968171
25719,LOF,0.02807318123983217,0.3477007216633508,0.6242260970968171
25720,LOF,0.02807318123983217,0.3477007216633508,0.6242260970968171
25721,LOF,0.02807318123983217,0.3477007216633508,0.6242260970968171
25722,LOF,0.02807318123983217,0.3477007216633508,0.6242260970968171
25723,LOF,0.02807318123983217,0.3477007216633508,0.6242260970968171
25724,LOF,0.09517470068675124,0.35916764312869953,0.5456576561845492
25725,LOF,0.02807318123983217,0.3477007216633508,0.6242260970968171
25726,LOF,0.02807318123983217,0.3477007216633508,0.6242260970968171
25727,LOF,0.02807318123983217,0.3477007216633508,0.6242260970968171
25728,LOF,0.02807318123983217,0.3477007216633508,0.6242260970968171
25729,LOF,0.02807318123983217,0.3477007216633508,0.6242260970968171
25730,LOF,0.02807318123983217,0.3477007216633508,0.6242260970968171
25731,LOF,0.016320168657015778,0.3171356613287879,0.6665441700141963
25732,LOF,0.02807318123983217,0.3477007216633508,0.6242260970968171
25733,LOF,0.02807318123983217,0.3477007216633508,0.6242260970968171
25734,LOF,0.022447391793423754,0.15231428872534836,0.8252383194812279
25735,LOF,0.02807318123983217,0.3477007216633508,0.6242260970968171
25736,LOF,0.02807318123983217,0.3477007216633508,0.6242260970968171
25737,LOF,0.02807318123983217,0.3477007216633508,0.6242260970968171
25738,LOF,0.02807318123983217,0.3477007216633508,0.6242260970968171
25739,LOF,0.02807318123983217,0.3477007216633508,0.6242260970968171
25740,LOF,0.02807318123983217,0.3477007216633508,0.6242260970968171
25741,LOF,0.02807318123983217,0.3477007216633508,0.6242260970968171
25742,LOF,0.02807318123983217,0.3477007216633508,0.6242260970968171
25743,LOF,0.027566900647217507,0.08734434330364291,0.8850887560491395
25744,Neutral,0.6023117159109644,0.12951123797250547,0.2681770461165301
25745,LOF,0.03681639258695941,0.19717739913255242,0.766006208280488
25746,LOF,0.027275151520557473,0.18668658610800715,0.7860382623714354
25747,LOF,0.03879805214074361,0.21982488302144032,0.7413770648378161
25748,LOF,0.07065015391766312,0.31815073532293575,0.6111991107594011
25749,LOF,0.021362666543512095,0.2973908856679639,0.681246447788524
25750,LOF,0.023102378863234158,0.2152469005094639,0.761650720627302
25751,LOF,0.03879805214074361,0.21982488302144032,0.7413770648378161
25752,GOF,0.0616180050843421,0.7763994446588602,0.16198255025679759
25753,LOF,0.02154668757973342,0.2186967347420033,0.7597565776782633
25754,GOF,0.027009792516417382,0.7824775935940604,0.19051261388952226
25755,LOF,0.0292250168262876,0.17438576560962887,0.7963892175640835
25756,LOF,0.041916134937205675,0.30599853288743684,0.6520853321753576
25757,GOF,0.021758297569022762,0.7982093412986055,0.18003236113237162
25758,GOF,0.03382330549366573,0.7167030826468986,0.24947361185943573
25759,GOF,0.02083590538857502,0.5980182920316272,0.3811458025797978
25760,LOF,0.027450643717453743,0.17870689701822262,0.7938424592643237
25761,GOF,0.33806979094537526,0.4985591858486585,0.1633710232059661
25762,LOF,0.05053323010382593,0.17756941994371844,0.7718973499524557
25763,LOF,0.023757326787393583,0.1950715954175372,0.7811710777950691
25764,GOF,0.08249954778541085,0.7944104896315783,0.12308996258301075
25765,GOF,0.02668831907694894,0.7242385846600289,0.24907309626302213
25766,GOF,0.07833200316691492,0.739253383549612,0.18241461328347294
25767,GOF,0.10238325422263654,0.64455221109419,0.25306453468317347
25768,LOF,0.04992547301667669,0.1912958613778522,0.7587786656054711
25769,LOF,0.029960577425580875,0.47377814157242665,0.49626128100199246
25770,Neutral,0.7209971856709955,0.1214720806838326,0.15753073364517198
25771,LOF,0.05400337894778504,0.30046247752436545,0.6455341435278495
25772,LOF,0.029960577425580875,0.47377814157242665,0.49626128100199246
25773,LOF,0.05452331575574991,0.2715505834754464,0.6739261007688037
25774,LOF,0.0282774612404661,0.19380241134886395,0.77792012741067
25775,LOF,0.07546116124581952,0.19373884674982067,0.73079999200436
25776,LOF,0.029960577425580875,0.47377814157242665,0.49626128100199246
25777,LOF,0.21070466573479485,0.26698398005924334,0.5223113542059618
25778,LOF,0.029960577425580875,0.47377814157242665,0.49626128100199246
25779,Neutral,0.4954475560356689,0.3214520356042593,0.18310040836007183
25780,Neutral,0.5231921589281603,0.34160060877162784,0.13520723230021192
25781,GOF,0.3075235341060504,0.5099920673079641,0.18248439858598556
25782,GOF,0.305139116152995,0.49017602186828035,0.2046848619787246
25783,LOF,0.036904092360433426,0.43514994877798296,0.5279459588615836
25784,Neutral,0.7070235000895698,0.2103773017082795,0.08259919820215073
25785,Neutral,0.6830605234346618,0.17704014721951955,0.1398993293458187
25786,GOF,0.02950742079693798,0.6997817517960604,0.27071082740700164
25787,Neutral,0.8686209007675898,0.07807639127453592,0.05330270795787431
25788,LOF,0.04075965602842213,0.1519457106418999,0.807294633329678
25789,GOF,0.1749614632394465,0.6378302817668324,0.18720825499372115
25790,GOF,0.2357702803834886,0.5747769649780656,0.18945275463844582
25791,GOF,0.14202481912266168,0.5057920456643408,0.35218313521299743
25792,Neutral,0.42978176245790545,0.35507750743815253,0.21514073010394197
25793,Neutral,0.47938471744482836,0.39642630949318425,0.12418897306198731
25794,GOF,0.2323557644458776,0.6029767867162742,0.16466744883784815
25795,GOF,0.05888617976190353,0.769630681018414,0.17148313921968245
25796,Neutral,0.5604823721801523,0.18317923274638465,0.2563383950734631
25797,GOF,0.08791043243395337,0.48445084816903655,0.42763871939701004
25798,LOF,0.016340763413133955,0.4915824865718762,0.49207675001498985
25799,LOF,0.01708881640866953,0.42884458910342915,0.5540665944879014
25800,GOF,0.07072242319832939,0.6734825224623264,0.2557950543393442
25801,GOF,0.32720931786917884,0.5125059421356972,0.16028473999512388
25802,GOF,0.09217070839502936,0.6612843722126542,0.2465449193923163
25803,GOF,0.10200942069774382,0.5829875129398673,0.3150030663623888
25804,GOF,0.055211576625495605,0.49236234393506334,0.4524260794394409
25805,GOF,0.12243120847216371,0.6890508194097772,0.18851797211805907
25806,GOF,0.1500453344251638,0.5589710973560981,0.29098356821873816
25807,GOF,0.022894132529039588,0.571729960215506,0.40537590725545447
25808,GOF,0.08855538295112662,0.6712491097267751,0.2401955073220982
25809,LOF,0.018888865793619484,0.465624407839103,0.5154867263672774
25810,GOF,0.02283212936973492,0.5539433631598559,0.4232245074704092
25811,Neutral,0.5960623404288327,0.3025181775658585,0.10141948200530876
25812,GOF,0.063380667216776,0.5251510224956989,0.4114683102875252
25813,Neutral,0.6969901075676026,0.19019878265003728,0.11281110978236007
25814,GOF,0.17518909035111918,0.6386666550763722,0.18614425457250858
25815,GOF,0.3018534795398812,0.5696209881949038,0.12852553226521507
25816,GOF,0.030086141392163014,0.7513757824191735,0.21853807618866353
25817,GOF,0.15224814588618335,0.68854991316275,0.1592019409510665
25818,GOF,0.06231593361439011,0.5417380996417015,0.3959459667439084
25819,Neutral,0.4110779918455213,0.3754315649103869,0.21349044324409178
25820,GOF,0.21218711241302177,0.4586889712288239,0.32912391635815424
25821,GOF,0.05484016227655536,0.6160052552616911,0.3291545824617535
25822,GOF,0.3116120170401825,0.4856959470240078,0.20269203593580967
25823,GOF,0.04514774952766566,0.6147107510719463,0.3401414994003879
25824,LOF,0.10283346298713936,0.39722460938532794,0.4999419276275327
25825,LOF,0.034021719558144585,0.40629598638999315,0.5596822940518622
25826,LOF,0.012209407678597527,0.48954532266394224,0.49824526965746024
25827,GOF,0.02325854276444733,0.6989237422314245,0.27781771500412805
25828,GOF,0.01820008021606399,0.596885847842203,0.384914071941733
25829,LOF,0.011264490571069615,0.38402738248690993,0.6047081269420205
25830,LOF,0.10409064168547345,0.38867908100606563,0.5072302773084609
25831,GOF,0.14043803396278237,0.7585905317993312,0.1009714342378864
25832,GOF,0.04234172662484735,0.6815730749622282,0.2760851984129245
25833,GOF,0.14925284875634523,0.6516116672697103,0.1991354839739444
25834,GOF,0.06032082689857465,0.6595780507127202,0.28010112238870505
25835,GOF,0.17439594303991895,0.6490825579423862,0.1765214990176947
25836,GOF,0.07616341463309985,0.6514274799591456,0.2724091054077544
25837,GOF,0.03484678124813115,0.5637340336560372,0.40141918509583147
25838,GOF,0.15070379970482994,0.6416967925064982,0.20759940778867184
25839,GOF,0.4350868244776938,0.4406915053364231,0.12422167018588308
25840,GOF,0.17536368946960518,0.6643811886399426,0.1602551218904523
25841,GOF,0.20010915113335678,0.6284457361221056,0.17144511274453755
25842,Neutral,0.4462021408418636,0.3195766423996037,0.2342212167585327
25843,GOF,0.34306221447379737,0.445350682333874,0.21158710319232854
25844,GOF,0.11157591671224168,0.47247667249157344,0.41594741079618486
25845,GOF,0.0276601919014554,0.5279423579899231,0.44439745010862153
25846,GOF,0.09472860046900865,0.7610756671968334,0.14419573233415803
25847,GOF,0.2684968166219909,0.5901133159921164,0.14138986738589265
25848,GOF,0.09301904600248867,0.708001646713554,0.1989793072839573
25849,GOF,0.016042175233488585,0.6147725225840455,0.3691853021824661
25850,GOF,0.03413612273681548,0.6860730015577537,0.27979087570543076
25851,GOF,0.02134371932236673,0.5448769316253258,0.43377934905230753
25852,GOF,0.26127619592935775,0.5855194676803945,0.15320433639024772
25853,Neutral,0.400468661905685,0.3813471759434447,0.21818416215087022
25854,GOF,0.01966754176056664,0.5086897532085011,0.4716427050309322
25855,LOF,0.04903875347815494,0.3259872062929493,0.6249740402288957
25856,Neutral,0.3900242219476003,0.3472738052805302,0.2627019727718694
25857,GOF,0.05368250100410936,0.5465469146997175,0.3997705842961731
25858,GOF,0.03160007584301649,0.6854298802201618,0.28297004393682174
25859,GOF,0.014184356071840171,0.5395055447048488,0.446310099223311
25860,GOF,0.4325024374083502,0.44881104577752695,0.11868651681412279
25861,GOF,0.28737694153967297,0.6182378263870925,0.09438523207323463
25862,GOF,0.18660390360372178,0.622755347130478,0.19064074926580035
25863,GOF,0.21101377097521448,0.5617325209349794,0.22725370808980616
25864,GOF,0.41628662610063505,0.42752077254115745,0.15619260135820753
25865,GOF,0.11950029323195215,0.7615483959148025,0.11895131085324531
25866,GOF,0.11825554306977606,0.6524126919470975,0.2293317649831265
25867,GOF,0.1355211592100854,0.7070077077459987,0.15747113304391572
25868,GOF,0.24559975338032372,0.5575606234652101,0.1968396231544662
25869,Neutral,0.8350141791217756,0.11459819984540322,0.05038762103282126
25870,GOF,0.23712784349119106,0.4023957232412266,0.36047643326758233
25871,GOF,0.1208613814139706,0.6630723635553204,0.21606625503070892
25872,GOF,0.24007907037923834,0.473280540514102,0.28664038910665957
25873,GOF,0.21223054628188168,0.5625543696981832,0.22521508401993523
25874,LOF,0.04075965602842213,0.1519457106418999,0.807294633329678
25875,LOF,0.11776493496009947,0.38423540611203844,0.497999658927862
25876,LOF,0.02586145392900948,0.30934353961586153,0.6647950064551289
25877,GOF,0.33215811741487894,0.345165241010877,0.3226766415742441
25878,GOF,0.12224910538305744,0.6526078909432168,0.22514300367372586
25879,GOF,0.07433342255761922,0.5959132021365569,0.32975337530582394
25880,LOF,0.034674993236731615,0.16833383815203978,0.7969911686112287
25881,LOF,0.33187578349276003,0.28765789814053444,0.3804663183667056
25882,LOF,0.09213798346840489,0.059510846581961256,0.8483511699496338
25883,LOF,0.05019627782108903,0.12418002100165978,0.825623701177251
25884,LOF,0.062453688548942905,0.16936166213353065,0.7681846493175264
25885,LOF,0.0766461804526271,0.07023916279930509,0.8531146567480679
25886,LOF,0.07454051090962602,0.3395590256336251,0.5859004634567488
25887,LOF,0.3287061655380238,0.2127970537001841,0.458496780761792
25888,LOF,0.2224189477466196,0.18708042738949912,0.5905006248638813
25889,LOF,0.07939811682125102,0.10142750492960333,0.8191743782491456
25890,LOF,0.04803320047202935,0.30132061495045176,0.6506461845775189
25891,LOF,0.0470162115669375,0.17270352887987678,0.7802802595531857
25892,LOF,0.07919310751699088,0.13890826464272416,0.7818986278402851
25893,LOF,0.2704550245537361,0.15671641415508317,0.5728285612911808
25894,LOF,0.11890125985411577,0.13706232769875015,0.744036412447134
25895,LOF,0.13418434281872732,0.09762259868343837,0.7681930584978343
25896,LOF,0.06716758546590755,0.04620817871401539,0.8866242358200771
25897,LOF,0.24775737318129623,0.1001087913873108,0.652133835431393
25898,Neutral,0.5950154323069438,0.15295591982368842,0.25202864786936785
25899,LOF,0.09931123342336007,0.31359723038269355,0.5870915361939464
25900,Neutral,0.9201953687407957,0.01592525334738332,0.06387937791182098
25901,LOF,0.06565998169465148,0.11269641224762564,0.8216436060577228
25902,LOF,0.07661225108940439,0.05942837458349565,0.8639593743271
25903,Neutral,0.45736136046877085,0.17373975433386532,0.36889888519736386
25904,LOF,0.21900661177659506,0.2221795891098563,0.5588137991135486
25905,GOF,0.014996984930653956,0.5359764132974564,0.4490266017718897
25906,LOF,0.02139929412869236,0.09574130345643493,0.8828594024148727
25907,LOF,0.01418120848077625,0.3810568535035308,0.6047619380156929
25908,LOF,0.01943076542456571,0.25433339195523513,0.7262358426201991
25909,LOF,0.041479093857023974,0.11503067904331084,0.8434902270996653
25910,LOF,0.02196643228522965,0.30137950290343707,0.6766540648113332
25911,LOF,0.06746114988132176,0.05081224197993444,0.8817266081387438
25912,LOF,0.03381160389175747,0.13527452930443587,0.8309138668038067
25913,LOF,0.19366911992139307,0.10895097108256636,0.6973799089960405
25914,LOF,0.050957652327730064,0.15276749120325694,0.7962748564690129
25915,GOF,0.3504186044826683,0.5102322448418937,0.13934915067543804
25916,GOF,0.0416792811696386,0.6732857894380585,0.28503492939230296
25917,LOF,0.04349454882705938,0.0884934457785185,0.868012005394422
25918,LOF,0.050957652327730064,0.15276749120325694,0.7962748564690129
25919,LOF,0.050957652327730064,0.15276749120325694,0.7962748564690129
25920,GOF,0.17786649236764976,0.6541991754963774,0.1679343321359727
25921,LOF,0.023584948834400564,0.3671279304229759,0.6092871207426236
25922,LOF,0.022787362572859363,0.38721131857169383,0.5900013188554468
25923,LOF,0.0754117455519903,0.3390703179883952,0.5855179364596145
25924,LOF,0.03591824187990732,0.20309639482766426,0.7609853632924285
25925,LOF,0.03543751028875873,0.1709087710766013,0.7936537186346401
25926,LOF,0.033912513305486745,0.13146994673103907,0.8346175399634742
25927,GOF,0.052054750036082356,0.4999436939226627,0.44800155604125486
25928,LOF,0.023654363394215276,0.19991984066503324,0.7764257959407515
25929,LOF,0.19076182746541537,0.32409791412467776,0.4851402584099068
25930,LOF,0.05019627782108903,0.12418002100165978,0.825623701177251
25931,LOF,0.0276088317221197,0.13292848013668104,0.8394626881411993
25932,LOF,0.05019627782108903,0.12418002100165978,0.825623701177251
25933,LOF,0.05019627782108903,0.12418002100165978,0.825623701177251
25934,LOF,0.05019627782108903,0.12418002100165978,0.825623701177251
25935,LOF,0.034018115319973806,0.1477907047224965,0.8181911799575297
25936,LOF,0.05019627782108903,0.12418002100165978,0.825623701177251
25937,LOF,0.03518089500738485,0.13500098064786156,0.8298181243447535
25938,LOF,0.048644957540098566,0.1939712273769516,0.7573838150829499
25939,LOF,0.05019627782108903,0.12418002100165978,0.825623701177251
25940,GOF,0.014523229298285615,0.7175201100467435,0.26795666065497087
25941,LOF,0.2193551685058558,0.19469016410348466,0.5859546673906595
25942,LOF,0.03095324053532091,0.05294071911468759,0.9161060403499914
25943,LOF,0.2833004337465579,0.06286332146137083,0.6538362447920713
25944,LOF,0.4246140748023118,0.07218016367017382,0.5032057615275144
25945,LOF,0.1908381277325136,0.17225970668461604,0.6369021655828703
25946,LOF,0.021861186732052725,0.04890899382602799,0.9292298194419194
25947,LOF,0.08231210461212898,0.33568454657183805,0.5820033488160329
25948,LOF,0.3724941737723127,0.024545768716087265,0.6029600575116
25949,LOF,0.0886035328403134,0.07267150990207087,0.8387249572576158
25950,LOF,0.3440428436374782,0.16432800679862095,0.4916291495639009
25951,GOF,0.16652765724769245,0.561315278429409,0.2721570643228985
25952,GOF,0.047843079927267614,0.4991923257059925,0.4529645943667399
25953,GOF,0.13434604544055,0.5300056532884097,0.33564830127104045
25954,GOF,0.3991092853986088,0.4863655912811888,0.11452512332020248
25955,LOF,0.07248511474459952,0.1632326796482887,0.7642822056071118
25956,LOF,0.10374923470943485,0.2800559883252932,0.616194776965272
25957,LOF,0.05009390127942081,0.14506330476519597,0.8048427939553832
25958,LOF,0.08784014614526604,0.0588458338961278,0.8533140199586062
25959,LOF,0.13203213765917088,0.24527852920706317,0.6226893331337661
25960,LOF,0.034440594187424935,0.12350223501724385,0.8420571707953313
25961,LOF,0.08784014614526604,0.0588458338961278,0.8533140199586062
25962,LOF,0.037221418782801836,0.1811044918052851,0.7816740894119131
25963,LOF,0.03825624320777407,0.39106912212231576,0.5706746346699101
25964,LOF,0.05019627782108903,0.12418002100165978,0.825623701177251
25965,Neutral,0.705356540341549,0.0971034688804056,0.19753999077804538
25966,LOF,0.07341424057349348,0.45421178843130644,0.47237397099519995
25967,LOF,0.022646948465944932,0.45456494548192966,0.5227881060521254
25968,GOF,0.06346677514680413,0.7136531909602308,0.22288003389296504
25969,LOF,0.027965581943509555,0.0959860781414178,0.8760483399150726
25970,LOF,0.032711988825334035,0.08758749496062315,0.8797005162140428
25971,LOF,0.07799264754453342,0.06930769256472093,0.8526996598907457
25972,LOF,0.07799264754453342,0.06930769256472093,0.8526996598907457
25973,LOF,0.10974311132992277,0.08066257911749775,0.8095943095525794
25974,Neutral,0.6600552666577927,0.15097824481098626,0.18896648853122106
25975,LOF,0.07068009708638483,0.12954686472374574,0.7997730381898694
25976,LOF,0.0283795985318453,0.15486521083241253,0.8167551906357422
25977,LOF,0.03049723013743607,0.40973939966630324,0.5597633701962607
25978,LOF,0.26895756029343576,0.06673416746197781,0.6643082722445864
25979,LOF,0.23149181324683435,0.07497924787077614,0.6935289388823894
25980,LOF,0.22620862835277966,0.19005293799810413,0.5837384336491163
25981,LOF,0.22620862835277966,0.19005293799810413,0.5837384336491163
25982,LOF,0.45327417023895683,0.052978880940165854,0.49374694882087733
25983,Neutral,0.542282713313584,0.07713496530021989,0.38058232138619613
25984,LOF,0.03771445134357617,0.2784200976778718,0.683865450978552
25985,GOF,0.02514335920894712,0.6824621956483018,0.2923944451427511
25986,GOF,0.041704657711534115,0.6827959672784414,0.2754993750100244
25987,LOF,0.08170373167816841,0.23823025612441057,0.6800660121974211
25988,LOF,0.03771445134357617,0.2784200976778718,0.683865450978552
25989,LOF,0.03771445134357617,0.2784200976778718,0.683865450978552
25990,LOF,0.03771445134357617,0.2784200976778718,0.683865450978552
25991,GOF,0.25257421299940785,0.4087032402640261,0.33872254673656593
25992,Neutral,0.399526740111988,0.28544035893355457,0.3150329009544574
25993,LOF,0.049270818013251304,0.17358629792244423,0.7771428840643044
25994,LOF,0.049270818013251304,0.17358629792244423,0.7771428840643044
25995,LOF,0.049270818013251304,0.17358629792244423,0.7771428840643044
25996,LOF,0.10711530336278596,0.4033996027898061,0.4894850938474079
25997,GOF,0.10044719912761389,0.6279259099216494,0.27162689095073667
25998,Neutral,0.5208146970886032,0.046883950277847586,0.4323013526335492
25999,GOF,0.20160663816028587,0.4739442254979437,0.3244491363417704
26000,LOF,0.06745883397177278,0.1536030354852642,0.778938130542963
26001,GOF,0.07488681546625423,0.47026457381510384,0.45484861071864185
26002,LOF,0.048421384402683974,0.28952156247020494,0.662057053127111
26003,GOF,0.010426733171086132,0.6668707356913365,0.32270253113757746
26004,GOF,0.01901824141534915,0.6830399116795846,0.29794184690506625
26005,GOF,0.010436145896839959,0.6013545048062926,0.38820934929686746
26006,Neutral,0.5337922307080956,0.23944457928638488,0.22676319000551956
26007,GOF,0.01869472406965988,0.7079568026128932,0.27334847331744705
26008,GOF,0.016334154515485748,0.6067595197104001,0.3769063257741142
26009,GOF,0.0363829775508901,0.7517649649850231,0.2118520574640867
26010,GOF,0.014472774696027486,0.7686672859963154,0.21685993930765715
26011,GOF,0.010386707465812226,0.623771658606478,0.36584163392770974
26012,GOF,0.015841695895795718,0.7231790621550036,0.2609792419492007
26013,GOF,0.012995775768965193,0.7389122789527071,0.24809194527832773
26014,LOF,0.051386668244854904,0.29064223160150654,0.6579711001536387
26015,LOF,0.20657735636124253,0.04864283709060611,0.7447798065481513
26016,LOF,0.3327691765548269,0.15527790649583534,0.5119529169493378
26017,LOF,0.24269008258381528,0.2069409870297081,0.5503689303864767
26018,LOF,0.08974820314054209,0.05686418279602822,0.8533876140634297
26019,LOF,0.08974820314054209,0.05686418279602822,0.8533876140634297
26020,LOF,0.11189340461205527,0.3491002813850854,0.5390063140028594
26021,LOF,0.07902883360431558,0.43266706231252045,0.488304104083164
26022,LOF,0.02200496932474295,0.13166070052854797,0.8463343301467091
26023,LOF,0.19656848119080841,0.1629725906623897,0.6404589281468018
26024,LOF,0.044158622004955954,0.24197927406506253,0.7138621039299815
26025,LOF,0.3016482640069534,0.15319549102451605,0.5451562449685305
26026,Neutral,0.5329087939902066,0.03559229380101974,0.4314989122087737
26027,LOF,0.08974820314054209,0.05686418279602822,0.8533876140634297
26028,LOF,0.34215994457480214,0.06348939848576082,0.594350656939437
26029,GOF,0.04864293002374112,0.5641272748506859,0.38722979512557293
26030,LOF,0.026116318382920455,0.08823627550547586,0.8856474061116036
26031,LOF,0.017409625970577373,0.32808679074574265,0.65450358328368
26032,LOF,0.053149046799056875,0.15027186515646562,0.7965790880444774
26033,LOF,0.18734529434094366,0.34960672205437515,0.46304798360468125
26034,LOF,0.02280662278627038,0.2887897733910312,0.6884036038226985
26035,LOF,0.018739683650731375,0.4075978734218304,0.5736624429274383
26036,LOF,0.02203912409410397,0.2888472415257827,0.6891136343801133
26037,LOF,0.014720264102431022,0.2529282779689594,0.7323514579286096
26038,LOF,0.053149046799056875,0.15027186515646562,0.7965790880444774
26039,LOF,0.03547342741582628,0.3208271532151486,0.6436994193690251
26040,GOF,0.2692577653462866,0.5277645717944368,0.20297766285927657
26041,LOF,0.015855033382103353,0.21809307092005614,0.7660518956978404
26042,LOF,0.014559604766730842,0.23386748669106908,0.7515729085422
26043,LOF,0.053149046799056875,0.15027186515646562,0.7965790880444774
26044,LOF,0.026796999751072532,0.13901892508116775,0.8341840751677597
26045,LOF,0.045546464006546585,0.283114198160736,0.6713393378327174
26046,LOF,0.053149046799056875,0.15027186515646562,0.7965790880444774
26047,LOF,0.053149046799056875,0.15027186515646562,0.7965790880444774
26048,LOF,0.06653715977547359,0.1089704651183234,0.824492375106203
26049,Neutral,0.9086987758004239,0.04176331230078256,0.049537911898793516
26050,Neutral,0.8928438120652253,0.04150079209820414,0.06565539583657054
26051,GOF,0.01925135957385701,0.7209170748821434,0.25983156554399944
26052,GOF,0.02062908933323656,0.7503100541231681,0.2290608565435955
26053,LOF,0.05986364767056099,0.15271369566127943,0.7874226566681595
26054,LOF,0.06948830121019449,0.044044821524654,0.8864668772651516
26055,LOF,0.08029370374742338,0.03793587218776398,0.8817704240648127
26056,LOF,0.05694546558230203,0.041741848361084265,0.9013126860566139
26057,LOF,0.07731304756925052,0.1138030654013796,0.8088838870293699
26058,LOF,0.07731304756925052,0.1138030654013796,0.8088838870293699
26059,Neutral,0.6659029657573264,0.07937154308337072,0.2547254911593029
26060,GOF,0.28768932857492246,0.4235806995659457,0.28872997185913185
26061,LOF,0.047770995476426326,0.04737382379839328,0.9048551807251803
26062,LOF,0.03359752191087428,0.03686248124676101,0.9295399968423647
26063,LOF,0.07731304756925052,0.1138030654013796,0.8088838870293699
26064,LOF,0.048446281346107525,0.02984786514210772,0.9217058535117849
26065,LOF,0.07731304756925052,0.1138030654013796,0.8088838870293699
26066,LOF,0.07731304756925052,0.1138030654013796,0.8088838870293699
26067,LOF,0.07731304756925052,0.1138030654013796,0.8088838870293699
26068,LOF,0.08644262643702294,0.03238004492855552,0.8811773286344214
26069,LOF,0.2719887658942241,0.04578860674138254,0.6822226273643933
26070,Neutral,0.6240582245343926,0.02543841906517621,0.35050335640043107
26071,LOF,0.07731304756925052,0.1138030654013796,0.8088838870293699
26072,LOF,0.031680643175076045,0.07132637407059811,0.8969929827543258
26073,LOF,0.07731304756925052,0.1138030654013796,0.8088838870293699
26074,Neutral,0.9373200450890169,0.019979881493516555,0.04270007341746636
26075,LOF,0.06968625367415753,0.0676415188289625,0.8626722274968801
26076,LOF,0.07731304756925052,0.1138030654013796,0.8088838870293699
26077,LOF,0.033410328810910744,0.09456181659298589,0.8720278545961033
26078,LOF,0.029597511472652386,0.0741143436722752,0.8962881448550724
26079,LOF,0.0578408565160682,0.04431560767304139,0.8978435358108905
26080,LOF,0.0578408565160682,0.04431560767304139,0.8978435358108905
26081,LOF,0.07731304756925052,0.1138030654013796,0.8088838870293699
26082,LOF,0.031906340065487065,0.045732263489436424,0.9223613964450766
26083,LOF,0.07731304756925052,0.1138030654013796,0.8088838870293699
26084,LOF,0.07731304756925052,0.1138030654013796,0.8088838870293699
26085,LOF,0.07731304756925052,0.1138030654013796,0.8088838870293699
26086,LOF,0.07731304756925052,0.1138030654013796,0.8088838870293699
26087,LOF,0.07731304756925052,0.1138030654013796,0.8088838870293699
26088,LOF,0.03983458185090877,0.08135546258403528,0.878809955565056
26089,LOF,0.07036295576847115,0.028883564195020736,0.9007534800365081
26090,LOF,0.06151110096802334,0.02711853407313403,0.9113703649588426
26091,LOF,0.07731304756925052,0.1138030654013796,0.8088838870293699
26092,LOF,0.07731304756925052,0.1138030654013796,0.8088838870293699
26093,LOF,0.07731304756925052,0.1138030654013796,0.8088838870293699
26094,LOF,0.07731304756925052,0.1138030654013796,0.8088838870293699
26095,LOF,0.08310697434233107,0.04109062367812264,0.8758024019795463
26096,LOF,0.04445587111988442,0.03652554640966581,0.9190185824704499
26097,LOF,0.032578575872259194,0.06759499128135928,0.8998264328463815
26098,LOF,0.06293577152292673,0.023651919318430113,0.9134123091586431
26099,LOF,0.07731304756925052,0.1138030654013796,0.8088838870293699
26100,LOF,0.07731304756925052,0.1138030654013796,0.8088838870293699
26101,LOF,0.07731304756925052,0.1138030654013796,0.8088838870293699
26102,LOF,0.07731304756925052,0.1138030654013796,0.8088838870293699
26103,Neutral,0.7276746348925522,0.0941699614396647,0.1781554036677831
26104,LOF,0.05789336790938855,0.03816401986072693,0.9039426122298846
26105,GOF,0.09343302397886638,0.4735608222793814,0.43300615374175216
26106,LOF,0.13160847135218004,0.20464301362281076,0.6637485150250092
26107,LOF,0.19552358713968357,0.19899569291915753,0.6054807199411589
26108,LOF,0.07481996829042742,0.3984898772147426,0.52669015449483
26109,LOF,0.0770779750769283,0.07789836106598672,0.845023663857085
26110,LOF,0.3158297094894265,0.029753359182459,0.6544169313281146
26111,LOF,0.2623984689907617,0.3426961125767876,0.3949054184324507
26112,LOF,0.0899786615426083,0.057081725870202195,0.8529396125871894
26113,LOF,0.0899786615426083,0.057081725870202195,0.8529396125871894
26114,LOF,0.03746465075115255,0.028598788723093835,0.9339365605257537
26115,LOF,0.10529036323949534,0.05391682141518773,0.8407928153453169
26116,LOF,0.0699099548775949,0.07284336638105406,0.8572466787413511
26117,LOF,0.13867368841798827,0.19730180239962486,0.6640245091823869
26118,LOF,0.0766373692236437,0.08155096909225676,0.8418116616840996
26119,LOF,0.03463701258677678,0.23132374722894114,0.734039240184282
26120,LOF,0.0766373692236437,0.08155096909225676,0.8418116616840996
26121,LOF,0.055861122420111,0.20150452098452262,0.7426343565953664
26122,LOF,0.0699083469028244,0.20748489299551828,0.7226067601016573
26123,LOF,0.06352007732923359,0.20435653588425498,0.7321233867865116
26124,LOF,0.03668891338870295,0.27264191564527124,0.6906691709660258
