feature0,prediction,LoGoFunc_Neutral,LoGoFunc_GOF,LoGoFunc_LOF
25546,Neutral,0.6190912647513857,0.054488140376492605,0.3264205948721218
25547,Neutral,0.48920478557772673,0.08877933483890299,0.42201587958337045
25548,Neutral,0.4922746320808718,0.07373826931892756,0.4339870986002006
25549,LOF,0.4191853151250782,0.0756824752091401,0.5051322096657818
25550,LOF,0.35334470338950097,0.10683026443879022,0.5398250321717087
25551,LOF,0.3028442887912714,0.12284304473001502,0.5743126664787135
25552,LOF,0.26196274234107525,0.12238343711520829,0.6156538205437165
25553,Neutral,0.8011724278485207,0.04541479792761703,0.15341277422386226
25554,LOF,0.30991825985712074,0.10739446790659894,0.5826872722362804
25555,LOF,0.26096923005738787,0.1018663268137932,0.6371644431288189
25556,Neutral,0.4650531979275324,0.09008956907841972,0.4448572329940479
25557,LOF,0.25135769439619277,0.10505580155270973,0.6435865040510975
25558,LOF,0.3115796961040947,0.10206804417502637,0.586352259720879
25559,LOF,0.2359059015055685,0.15546126706762103,0.6086328314268105
25560,LOF,0.1851713549968369,0.11981616193009564,0.6950124830730675
25561,LOF,0.18094955187501893,0.14121805978299218,0.6778323883419888
25562,LOF,0.07442818783853457,0.08694716901868237,0.8386246431427831
25563,LOF,0.028900723908809402,0.15166112568645934,0.8194381504047312
25564,LOF,0.21394712396482937,0.1406007682579978,0.6454521077771729
25565,LOF,0.2133857495421946,0.1425765229508472,0.6440377275069581
25566,GOF,0.0760318839744842,0.6868074291923865,0.23716068683312935
25567,LOF,0.04004285836152171,0.19611787760740895,0.7638392640310694
25568,LOF,0.06181140918497995,0.09420221171838253,0.8439863790966375
25569,LOF,0.05706555653032147,0.09565611156344815,0.8472783319062305
25570,LOF,0.026966337871307443,0.1122727244237028,0.8607609377049897
25571,LOF,0.02622870490756089,0.12607347364548552,0.8476978214469536
25572,LOF,0.06355649496674574,0.14341423642626644,0.7930292686069877
25573,LOF,0.05915258725555306,0.1092041823202537,0.8316432304241933
25574,LOF,0.05585119135313411,0.2573566832766351,0.6867921253702308
25575,LOF,0.02164348606651973,0.13590785647619535,0.8424486574572849
25576,LOF,0.030031236538725692,0.17580876963853023,0.794159993822744
25577,LOF,0.03271990707132243,0.1311935026681175,0.83608659026056
25578,LOF,0.30452241802651786,0.10905455884444921,0.5864230231290328
25579,LOF,0.14381395548714243,0.1141967077158397,0.7419893367970178
25580,LOF,0.01981371439590968,0.09497313168985273,0.8852131539142375
25581,LOF,0.05216183626647653,0.08767727824329823,0.8601608854902253
25582,LOF,0.052035201143114,0.08655802490207905,0.8614067739548069
25583,LOF,0.021743860102092293,0.1045603089416806,0.8736958309562272
25584,Neutral,0.6764359580764713,0.14912963836349674,0.17443440356003206
25585,LOF,0.020077500091540978,0.17123892075871402,0.808683579149745
25586,LOF,0.016542804613991394,0.08478705889580601,0.8986701364902027
25587,LOF,0.016533236261373613,0.07667326042779192,0.9067935033108344
25588,LOF,0.019619624807357818,0.08611386005995947,0.8942665151326827
25589,Neutral,0.4991563772333445,0.2571436072306088,0.24370001553604662
25590,LOF,0.04892386970596948,0.13998194296717845,0.8110941873268521
25591,LOF,0.09294483758148911,0.07799420887039643,0.8290609535481145
25592,LOF,0.05614124739967991,0.16127469909497036,0.7825840535053498
25593,LOF,0.10784313986354041,0.3374430781676624,0.5547137819687973
25594,LOF,0.048943030098375834,0.07354475371108762,0.8775122161905364
25595,LOF,0.04630555027629742,0.05026688575032038,0.9034275639733822
25596,LOF,0.0987183573520974,0.027831727220392243,0.8734499154275103
25597,LOF,0.08292902157957888,0.03340200921556517,0.8836689692048559
25598,LOF,0.04745397201417835,0.053646511157832526,0.8988995168279892
25599,LOF,0.020259880497118122,0.46547182776231855,0.5142682917405634
25600,GOF,0.15889788171781843,0.5148372612094557,0.32626485707272573
25601,LOF,0.03962631455413437,0.38043375766402343,0.5799399277818423
25602,LOF,0.033805356884636276,0.06278275790507544,0.9034118852102883
25603,LOF,0.037310850510969495,0.038128029902609356,0.9245611195864211
25604,LOF,0.039177281528166595,0.08824561949289848,0.872577098978935
25605,LOF,0.03882695636819751,0.18314248162522004,0.7780305620065826
25606,LOF,0.40045441720132097,0.11983861589763216,0.4797069669010467
25607,LOF,0.03108755970615744,0.17102242092339448,0.7978900193704481
25608,LOF,0.04320157033948545,0.08130344839219536,0.8754949812683193
25609,GOF,0.162745444226856,0.4755596608820498,0.3616948948910943
25610,LOF,0.015688372555910775,0.03593920208678498,0.9483724253573043
25611,LOF,0.012996335163391394,0.036595865227132277,0.9504077996094763
25612,LOF,0.04212572525985626,0.059192278683310603,0.8986819960568332
25613,LOF,0.04158306651078921,0.056827606675828285,0.9015893268133827
25614,LOF,0.021990043726086542,0.03286900594873194,0.9451409503251816
25615,LOF,0.04262203709005347,0.04990829164987025,0.9074696712600763
25616,LOF,0.04485630532457762,0.03377285742598838,0.9213708372494339
25617,LOF,0.03955996276294502,0.0413459005392082,0.9190941366978469
25618,LOF,0.044460551850270896,0.04435581945218777,0.9111836286975413
25619,LOF,0.012438453894803872,0.04335108647250173,0.9442104596326943
25620,LOF,0.05529856136924066,0.04874947991886277,0.8959519587118965
25621,LOF,0.0600769747312355,0.04713702454588715,0.8927860007228775
25622,LOF,0.06320445812555991,0.04525667243726558,0.8915388694371745
25623,LOF,0.06612833188651251,0.036970320719664204,0.8969013473938233
25624,LOF,0.017329321966061358,0.043168655975632034,0.9395020220583066
25625,LOF,0.06122428973632962,0.04439365086745192,0.8943820593962184
25626,LOF,0.04388884827111401,0.05568380076284296,0.900427350966043
25627,Neutral,0.8928662476745851,0.020100071400611718,0.08703368092480307
25628,LOF,0.15524611047347436,0.06715264686265493,0.7776012426638707
25629,LOF,0.0613010902163151,0.052915596133402173,0.8857833136502826
25630,LOF,0.2645914030359873,0.07669651947219465,0.6587120774918181
25631,Neutral,0.5377291809979077,0.07830069006829529,0.38397012893379706
25632,LOF,0.02370879676492817,0.06632037011634354,0.9099708331187283
25633,LOF,0.14651302298543295,0.04370080078027082,0.8097861762342962
25634,LOF,0.030736200226319538,0.09685998964394606,0.8724038101297344
25635,LOF,0.03334486704145608,0.042929218141361684,0.9237259148171821
25636,LOF,0.03317179998681016,0.43252688689025603,0.5343013131229337
25637,GOF,0.07120227774892886,0.5250316673275955,0.4037660549234756
25638,LOF,0.03077322418517056,0.3696920891815976,0.5995346866332318
25639,LOF,0.029780364857405327,0.3823268787501015,0.5878927563924932
25640,Neutral,0.7655909399078196,0.18305346963617483,0.05135559045600561
25641,GOF,0.0760536139417409,0.5101830834411355,0.41376330261712363
25642,LOF,0.056951707408947776,0.19599123282573805,0.7470570597653142
25643,LOF,0.22859556577396478,0.14562794493481018,0.6257764892912251
25644,LOF,0.026568654215195466,0.44642375189241185,0.5270075938923927
25645,LOF,0.028182323726087772,0.4214954583660782,0.550322217907834
25646,LOF,0.07529188205037951,0.3155380036400215,0.609170114309599
25647,LOF,0.030817789561159912,0.2733733177670089,0.6958088926718312
25648,LOF,0.035021102677646895,0.2710909412010282,0.693887956121325
25649,LOF,0.01875883378172368,0.2349103980648933,0.7463307681533831
25650,LOF,0.054733674989977395,0.41434455931820224,0.5309217656918203
25651,LOF,0.021490115079726483,0.2787399587089838,0.6997699262112896
25652,LOF,0.034333877429533526,0.28649339117023914,0.6791727314002273
25653,LOF,0.09223464330320244,0.43731686297782774,0.47044849371896985
25654,LOF,0.022799937137339545,0.24523704437633828,0.7319630184863222
25655,GOF,0.2385783000432281,0.43009105663485087,0.331330643321921
25656,LOF,0.36187798615598166,0.07900784156429651,0.5591141722797218
25657,LOF,0.06072313048181747,0.0715967015518266,0.8676801679663558
25658,LOF,0.38134404722756926,0.0797062953520019,0.5389496574204289
25659,Neutral,0.5180975347517619,0.11446328209086892,0.3674391831573692
25660,LOF,0.02249377545273192,0.0940930412185934,0.8834131833286748
25661,LOF,0.0973627680426519,0.06053612956957245,0.8421011023877757
25662,LOF,0.035661665347823425,0.03278845070760763,0.931549883944569
25663,LOF,0.04675055727167516,0.04222403701721372,0.9110254057111111
25664,LOF,0.1314282252866621,0.06821094474085092,0.800360829972487
25665,LOF,0.05603159452615816,0.03195229383980281,0.9120161116340391
25666,LOF,0.09516796993565058,0.06734890695274916,0.8374831231116003
25667,LOF,0.07436171567403603,0.04153174181190377,0.8841065425140602
25668,LOF,0.03885315533603482,0.051380282385646965,0.9097665622783181
25669,LOF,0.032761846947755836,0.04713976407094628,0.9200983889812979
25670,LOF,0.15036767335636567,0.054447816227146575,0.7951845104164877
25671,LOF,0.12332222973162868,0.03452307453664013,0.8421546957317313
25672,LOF,0.04901090708190006,0.04431704758076829,0.9066720453373317
25673,LOF,0.07934594036988767,0.049647280647222965,0.8710067789828893
25674,LOF,0.06571452957160256,0.05961461752179236,0.8746708529066052
25675,LOF,0.1080086854548359,0.06284711595761128,0.829144198587553
25676,LOF,0.019938809785828317,0.05435736943917848,0.9257038207749932
25677,LOF,0.024860175714519678,0.06860387663898053,0.9065359476464998
25678,LOF,0.20546774038565296,0.07086218133607264,0.7236700782782745
25679,LOF,0.11834695929286634,0.08285539702642429,0.7987976436807094
25680,LOF,0.03418908448754279,0.12532274179785932,0.8404881737145978
25681,LOF,0.05110032110292049,0.11427593561367606,0.8346237432834035
25682,LOF,0.152770211453221,0.07419136281370772,0.7730384257330714
25683,LOF,0.11421141256678488,0.08824175509346192,0.7975468323397531
25684,LOF,0.043795853966940294,0.06463392697497453,0.8915702190580851
25685,LOF,0.12898159428359146,0.06319560321992315,0.8078228024964854
25686,LOF,0.07843069064978128,0.09634186291314652,0.8252274464370722
25687,LOF,0.115065731347583,0.0993166714747116,0.7856175971777054
25688,LOF,0.33549965666107123,0.037258611695143995,0.6272417316437847
25689,LOF,0.2577805631180558,0.043785081936081834,0.6984343549458624
25690,LOF,0.34046623755586763,0.03225034101305324,0.6272834214310792
25691,Neutral,0.7226183094639324,0.0253466181820889,0.2520350723539786
25692,LOF,0.3311297737505686,0.01025825422131684,0.6586119720281146
25693,LOF,0.04816682306555586,0.4036185084670813,0.5482146684673628
25694,LOF,0.1176739921947718,0.015723441558185104,0.8666025662470432
25695,LOF,0.11626801353077805,0.014417616965080893,0.8693143695041412
25696,LOF,0.1167760788923965,0.008923780276409615,0.874300140831194
25697,LOF,0.09000115932128247,0.04898737576214389,0.8610114649165737
25698,LOF,0.33817877101955157,0.16635791470486738,0.495463314275581
25699,Neutral,0.4961227142996882,0.0439580792559435,0.45991920644436846
25700,LOF,0.07924118677465375,0.008298250868464457,0.9124605623568819
25701,LOF,0.19306744858076952,0.05265227639130261,0.7542802750279278
25702,GOF,0.1687779591768292,0.5824456858592648,0.2487763549639059
25703,LOF,0.015064385856806568,0.1527935714467467,0.8321420426964468
25704,LOF,0.04121565767825998,0.10882037378676847,0.8499639685349715
25705,LOF,0.04820178512432678,0.16480344276599296,0.7869947721096803
25706,LOF,0.10218569321674394,0.4391473561086779,0.45866695067457813
25707,LOF,0.09401413184486128,0.36770441505210205,0.5382814531030367
25708,LOF,0.03876700823889669,0.33270100282812637,0.6285319889329769
25709,LOF,0.06447166412202061,0.050999656336185265,0.8845286795417941
25710,LOF,0.011836341042308345,0.18687186226960267,0.801291796688089
25711,LOF,0.020090399398656353,0.09733229391205196,0.8825773066892917
25712,LOF,0.013834588687728803,0.21787352962853548,0.7682918816837357
25713,LOF,0.019216730415003637,0.09448522368864491,0.8862980458963514
25714,LOF,0.0742169178995074,0.10160914474315509,0.8241739373573375
25715,LOF,0.011227972974759257,0.15461828081797355,0.8341537462072672
25716,LOF,0.01057426396049399,0.12656292340128547,0.8628628126382206
25717,LOF,0.014706270217430416,0.08582795381951404,0.8994657759630555
25718,LOF,0.011364095020621539,0.1008267464417216,0.8878091585376569
25719,LOF,0.01932241601550838,0.09145054297426897,0.8892270410102227
25720,LOF,0.02426912773087344,0.07711642770232163,0.8986144445668048
25721,LOF,0.013714512962344438,0.12777145144547944,0.8585140355921761
25722,LOF,0.013901570527076815,0.14303568380702164,0.8430627456659014
25723,LOF,0.0229281026917345,0.0556762995476019,0.9213955977606637
25724,LOF,0.03137118577780678,0.08887971245607637,0.8797491017661169
25725,LOF,0.011413091728526519,0.08208616463091736,0.9065007436405561
25726,LOF,0.015944236704070025,0.11319570581661074,0.8708600574793193
25727,LOF,0.011762168046742164,0.08878747211245983,0.8994503598407979
25728,LOF,0.0099480214184742,0.12412838433338093,0.8659235942481449
25729,LOF,0.010288396288079652,0.12750877968286545,0.8622028240290549
25730,LOF,0.01401865926107252,0.1079027991449502,0.8780785415939772
25731,LOF,0.019424441047106764,0.11929449701948475,0.8612810619334086
25732,LOF,0.013838563522483987,0.08711326857508685,0.899048167902429
25733,LOF,0.015798569425244328,0.07953627578022951,0.9046651547945261
25734,LOF,0.01016244271153123,0.1440935965446098,0.845743960743859
25735,LOF,0.011991051072719871,0.09637189337142067,0.8916370555558594
25736,LOF,0.013372588345790417,0.1203744139478644,0.8662529977063451
25737,LOF,0.012090921783952276,0.08759568855781913,0.9003133896582286
25738,LOF,0.011814995313871077,0.13190904511845933,0.8562759595676696
25739,LOF,0.020071348080110463,0.09585322126841733,0.8840754306514722
25740,LOF,0.02533203327609625,0.14647397422222744,0.8281939925016762
25741,LOF,0.014676638519666168,0.14781568440071968,0.8375076770796142
25742,LOF,0.12474814556294596,0.09971408325104657,0.7755377711860075
25743,LOF,0.037271687678172225,0.03844534326178484,0.9242829690600429
25744,Neutral,0.5610408406096287,0.24394437887202738,0.19501478051834392
25745,LOF,0.06190083057615065,0.06913571505072838,0.8689634543731208
25746,LOF,0.04332198483006895,0.08196876305380897,0.874709252116122
25747,LOF,0.01992716007967298,0.05911393265642352,0.9209589072639035
25748,LOF,0.09107158243342356,0.08218791990358863,0.826740497662988
25749,LOF,0.026009850698159778,0.0844658885641206,0.8895242607377196
25750,LOF,0.07837262256060819,0.08970515679163271,0.8319222206477591
25751,LOF,0.08721877042808773,0.10750525644431388,0.8052759731275984
25752,GOF,0.11351221247260528,0.627988493445056,0.25849929408233857
25753,LOF,0.02196713182731267,0.26452678886273895,0.7135060793099484
25754,GOF,0.012745972314753226,0.7954330071037019,0.191821020581545
25755,LOF,0.025235392756617115,0.36677038778427,0.6079942194591129
25756,LOF,0.04597885347580506,0.3362462473602444,0.6177748991639506
25757,GOF,0.015843183837935586,0.8379893177117057,0.14616749845035865
25758,GOF,0.026091506377428846,0.8106676483909623,0.16324084523160876
25759,GOF,0.010379596017563877,0.5933745721431379,0.3962458318392981
25760,LOF,0.013218402184691952,0.25428852905516974,0.7324930687601384
25761,GOF,0.2753778933331637,0.6266954090891005,0.09792669757773587
25762,LOF,0.0432709491503688,0.24381125957125213,0.7129177912783791
25763,LOF,0.014747072788018404,0.19160770502271818,0.7936452221892635
25764,GOF,0.08141605507148125,0.617700795172295,0.3008831497562237
25765,GOF,0.03602882718356921,0.7046406477700591,0.25933052504637166
25766,GOF,0.06799168231466009,0.7539557436234119,0.1780525740619281
25767,GOF,0.15758656003974114,0.5425167234093751,0.2998967165508838
25768,LOF,0.10331782348207229,0.06512672903326946,0.8315554474846583
25769,LOF,0.055712209663200514,0.07197151444043201,0.8723162758963675
25770,LOF,0.3386499271437746,0.1106545840126529,0.5506954888435724
25771,LOF,0.045729508535138706,0.05526382913551499,0.8990066623293462
25772,LOF,0.019084811191685164,0.049770235665742256,0.9311449531425726
25773,LOF,0.043185198038100975,0.11305169770274577,0.8437631042591532
25774,LOF,0.026985051392413792,0.08483446320714415,0.8881804854004419
25775,LOF,0.046016343076752286,0.05415135879250957,0.8998322981307382
25776,LOF,0.07706692635540031,0.026720548802936252,0.8962125248416634
25777,LOF,0.37237561933151847,0.0636401060587235,0.563984274609758
25778,LOF,0.06918192808995877,0.05194718808363372,0.8788708838264075
25779,GOF,0.3670624205507844,0.5902516722075375,0.042685907241678166
25780,GOF,0.3225860340805052,0.6066429207793368,0.07077104514015799
25781,GOF,0.12112783323309947,0.7719260772498792,0.10694608951702121
25782,GOF,0.19747013673255415,0.7198943017407123,0.08263556152673351
25783,GOF,0.02060791585961765,0.65045738230104,0.3289347018393423
25784,Neutral,0.48535634201460753,0.47227359286971626,0.042370065115676314
25785,Neutral,0.4909469945353751,0.46882191169000126,0.040231093774623625
25786,GOF,0.027251675905510413,0.743844467806678,0.22890385628781165
25787,Neutral,0.652312740616408,0.322761391961257,0.024925867422334973
25788,LOF,0.059305949643280766,0.10472676304765413,0.8359672873090651
25789,GOF,0.19720122051119043,0.6657542004720265,0.13704457901678316
25790,GOF,0.2082517337041283,0.6989613222053971,0.09278694409047465
25791,GOF,0.1628445891887194,0.6933604186285754,0.14379499218270514
25792,GOF,0.3732620837811306,0.5200815881492552,0.10665632806961416
25793,GOF,0.23581817152518034,0.5668835857815009,0.1972982426933187
25794,GOF,0.30549109926579815,0.5333742080534098,0.16113469268079206
25795,GOF,0.08853634964649577,0.6964230006875526,0.21504064966595163
25796,Neutral,0.5503430525238011,0.3716535324123806,0.07800341506381829
25797,GOF,0.08638471429147242,0.5384251113873659,0.37519017432116164
25798,GOF,0.009687811417904786,0.5212590655830013,0.46905312299909396
25799,LOF,0.0074872103432962744,0.4128816744077553,0.5796311152489485
25800,GOF,0.033073316228938235,0.6279499999872019,0.3389766837838599
25801,GOF,0.21574924576219723,0.6697013814375528,0.11454937280025003
25802,GOF,0.06335393097114596,0.6914706267248172,0.24517544230403687
25803,GOF,0.0381183173318386,0.5779675185052163,0.383914164162945
25804,GOF,0.03291245868039257,0.511787618999614,0.4552999223199935
25805,GOF,0.10402333242061071,0.5989883570517754,0.29698831052761376
25806,GOF,0.10505815132383217,0.6143712455622514,0.2805706031139163
25807,GOF,0.019609565697056325,0.6278518173014591,0.3525386170014846
25808,GOF,0.09281424663671808,0.6241939018892553,0.2829918514740267
25809,GOF,0.02015160027170773,0.6145288935782237,0.36531950615006853
25810,GOF,0.019610385598091497,0.6325794897992428,0.3478101246026658
25811,Neutral,0.4746012409904798,0.4576649018569629,0.06773385715255727
25812,GOF,0.03284736894893012,0.6547382608040353,0.3124143702470346
25813,Neutral,0.5213161724929594,0.391472342160235,0.08721148534680569
25814,GOF,0.11960698022268192,0.6789250154632017,0.20146800431411646
25815,GOF,0.18537554224289868,0.6385509607785562,0.1760734969785452
25816,GOF,0.02047685430054411,0.7000975854131583,0.2794255602862977
25817,GOF,0.22405311950703014,0.6374627376572274,0.13848414283574234
25818,GOF,0.05005594766832154,0.6389320877168906,0.31101196461478786
25819,GOF,0.3557848885016146,0.5032745621339029,0.14094054936448247
25820,GOF,0.1696330646516857,0.6088180631499089,0.2215488721984054
25821,GOF,0.05458004282885534,0.6800346996857665,0.2653852574853781
25822,GOF,0.2062545965720962,0.5763997396747377,0.2173456637531662
25823,GOF,0.030481618149012735,0.523044206511776,0.4464741753392113
25824,GOF,0.06807200566345052,0.5805013108482535,0.35142668348829603
25825,GOF,0.027817986329632588,0.5650463699652981,0.4071356437050694
25826,GOF,0.010319093620382148,0.5303051314145371,0.4593757749650808
25827,GOF,0.02483434848568789,0.5854228587823568,0.3897427927319553
25828,GOF,0.012053822448630966,0.5082976399952721,0.47964853755609693
25829,GOF,0.0062836167819893185,0.5714287984472441,0.42228758477076644
25830,LOF,0.034009671863459844,0.2974970655225576,0.6684932626139826
25831,GOF,0.2154838735820714,0.6582469163748808,0.1262692100430478
25832,GOF,0.03312007978761106,0.6717184750351809,0.295161445177208
25833,GOF,0.12204847044478491,0.6953294033283339,0.1826221262268811
25834,GOF,0.03931943715085711,0.6870413816548542,0.2736391811942887
25835,GOF,0.08427472814303329,0.7363323514938015,0.17939292036316531
25836,GOF,0.04250601991387013,0.6791858646318473,0.27830811545428263
25837,GOF,0.02887281617465399,0.5486223531300719,0.42250483069527417
25838,GOF,0.0872311904820598,0.7416063727142619,0.17116243680367846
25839,GOF,0.3042842204599589,0.5463850726341722,0.14933070690586892
25840,GOF,0.25742530949319886,0.5883573203603452,0.15421737014645606
25841,GOF,0.25815004537988784,0.5949718982721989,0.14687805634791326
25842,GOF,0.20029031930036637,0.6635988320902336,0.13611084860940004
25843,GOF,0.24699265192272427,0.6550908863261035,0.09791646175117243
25844,GOF,0.06454259302650142,0.6989555557952684,0.23650185117823022
25845,LOF,0.014597700548043237,0.47559620866186336,0.5098060907900934
25846,GOF,0.12868984443106302,0.698571642763083,0.17273851280585392
25847,GOF,0.11921733442791028,0.770005038808604,0.11077762676348571
25848,GOF,0.03545630400490097,0.6882668409279912,0.2762768550671079
25849,GOF,0.011565249194859973,0.5814300016740175,0.40700474913112256
25850,GOF,0.020594903923593894,0.6667452052036106,0.3126598908727955
25851,GOF,0.01640941202654093,0.5618042141680122,0.42178637380544687
25852,GOF,0.15396352082476997,0.5603667771090998,0.2856697020661303
25853,GOF,0.3638286326122491,0.5745885146828169,0.06158285270493404
25854,GOF,0.020803483500283878,0.6425542989979813,0.33664221750173484
25855,GOF,0.029094877150523783,0.5895482223098918,0.3813569005395844
25856,GOF,0.2191326777642728,0.567993613797437,0.21287370843829015
25857,GOF,0.02870620398423873,0.5178536285275986,0.45344016748816257
25858,GOF,0.016246935368055805,0.5641728128173078,0.4195802518146364
25859,GOF,0.009680273832607231,0.5446465385746306,0.4456731875927621
25860,GOF,0.3483621702164915,0.5654905503156166,0.08614727946789189
25861,GOF,0.43965842596052845,0.4860032731707645,0.07433830086870694
25862,GOF,0.0877078904471875,0.7799988909852951,0.13229321856751747
25863,GOF,0.08374344829087722,0.7802307031086099,0.13602584860051284
25864,GOF,0.20252478472337931,0.7098925895688682,0.08758262570775247
25865,GOF,0.0897491870021391,0.7903302078147627,0.11992060518309819
25866,GOF,0.05861082169905424,0.8020523624008746,0.1393368159000711
25867,GOF,0.08023866788756612,0.8191960169308301,0.10056531518160372
25868,GOF,0.23757009246945768,0.6689921291184008,0.09343777841214165
25869,Neutral,0.6933200283429685,0.2719699181238815,0.03471005353315005
25870,GOF,0.32321227584362283,0.3564346822517119,0.3203530419046653
25871,GOF,0.2148584984589037,0.6410808582951156,0.1440606432459806
25872,GOF,0.07971771035804524,0.6602066640592238,0.26007562558273084
25873,GOF,0.14011513107641374,0.6564215061107709,0.20346336281281524
25874,LOF,0.018357645837290826,0.11186096291447618,0.8697813912482331
25875,LOF,0.09649347640666017,0.03468342913890003,0.8688230944544397
25876,LOF,0.04108329516990433,0.03924848518719504,0.9196682196429006
25877,Neutral,0.513559714780912,0.03798857645396314,0.4484517087651249
25878,LOF,0.23753740176706084,0.07282100495246377,0.6896415932804754
25879,LOF,0.08679909855227974,0.08555792264029877,0.8276429788074214
25880,LOF,0.023280789002977795,0.01770976668186506,0.9590094443151571
25881,LOF,0.16440139061578923,0.11139857426963322,0.7242000351145775
25882,LOF,0.06799657635438836,0.013952859086367076,0.9180505645592446
25883,LOF,0.08448255823331746,0.01728760750095477,0.8982298342657277
25884,LOF,0.037122720415956836,0.027590060568039813,0.9352872190160034
25885,LOF,0.07012874838302463,0.010229869385140448,0.9196413822318349
25886,LOF,0.27032017611827985,0.031696637442882994,0.6979831864388372
25887,LOF,0.15461488492765393,0.06249858991035466,0.7828865251619914
25888,LOF,0.06520233977268962,0.05672362748340048,0.8780740327439099
25889,LOF,0.05365894303642632,0.019004502527279348,0.9273365544362944
25890,LOF,0.05951227613579854,0.12946018441703036,0.8110275394471712
25891,LOF,0.0435950689977563,0.043052053028340996,0.9133528779739027
25892,LOF,0.09276392214758696,0.020210223547290008,0.887025854305123
25893,LOF,0.2320685192694715,0.015724471251439682,0.7522070094790888
25894,LOF,0.17829208064017577,0.009766103177467176,0.8119418161823572
25895,LOF,0.20150016899411408,0.01822703060894218,0.7802728003969437
25896,LOF,0.04877987098424793,0.02601991218870956,0.9252002168270425
25897,LOF,0.241093180857652,0.011367136547524461,0.7475396825948235
25898,Neutral,0.6888312040378274,0.009294074782686117,0.3018747211794865
25899,LOF,0.21090974985504765,0.0250037330488152,0.7640865170961371
25900,LOF,0.4229853483598323,0.017455974096302035,0.5595586775438657
25901,LOF,0.05392347634707884,0.013311963949897346,0.9327645597030239
25902,LOF,0.1496142674127155,0.01343392191215405,0.8369518106751304
25903,Neutral,0.5024866810362807,0.02484084858722725,0.47267247037649207
25904,LOF,0.2781165988036452,0.051711134807771696,0.6701722663885831
25905,LOF,0.023271111522543544,0.29390504320220184,0.6828238452752546
25906,LOF,0.02294777767930188,0.06444217138161826,0.9126100509390799
25907,LOF,0.014617655672338045,0.3107066125062952,0.6746757318213668
25908,LOF,0.011244411644680319,0.2281531938774883,0.7606023944778313
25909,LOF,0.01436713828984098,0.11727808235127109,0.868354779358888
25910,LOF,0.04971494602588331,0.11979280720568972,0.830492246768427
25911,LOF,0.158007111646066,0.027157548538826293,0.8148353398151077
25912,LOF,0.038740476741489595,0.04236720842398055,0.9188923148345299
25913,LOF,0.2965277588080951,0.02656552419159527,0.6769067170003096
25914,LOF,0.019619188891373603,0.08805113763084772,0.8923296734777787
25915,Neutral,0.4974003114362731,0.2560320510864068,0.24656763747732013
25916,LOF,0.06318081645555215,0.3348827875188041,0.6019363960256437
25917,LOF,0.06270615814121956,0.06103790637528902,0.8762559354834913
25918,LOF,0.0255487198720837,0.05162424766850595,0.9228270324594103
25919,LOF,0.02231336828836487,0.05635074542508333,0.9213358862865517
25920,GOF,0.09470065028338787,0.4921028286639829,0.4131965210526292
25921,LOF,0.027364189469665963,0.029101215887653985,0.9435345946426801
25922,LOF,0.03577559277259389,0.019875692974703933,0.9443487142527022
25923,LOF,0.42272627217311304,0.021523319419754747,0.5557504084071322
25924,LOF,0.03877896775016228,0.03858096626625432,0.9226400659835835
25925,LOF,0.07202651290809198,0.029540277220133238,0.8984332098717747
25926,LOF,0.05445353961957452,0.022143640807091004,0.9234028195733345
25927,LOF,0.07136956525983482,0.0843488404836189,0.8442815942565463
25928,LOF,0.021887953886360976,0.0431497417369828,0.9349623043766562
25929,Neutral,0.5441090964017281,0.023397746699692596,0.43249315689857926
25930,LOF,0.05840517250696499,0.019277302841770573,0.9223175246512645
25931,LOF,0.030952643504441713,0.024253927214297463,0.9447934292812608
25932,LOF,0.028765875115746485,0.020648573750299756,0.9505855511339538
25933,LOF,0.03981940807184823,0.01374348983853846,0.9464371020896134
25934,LOF,0.02641354765735869,0.016538587946101812,0.9570478643965394
25935,LOF,0.06379798791515123,0.03563873097892709,0.9005632811059215
25936,LOF,0.0489188386441319,0.02043915102242687,0.9306420103334412
25937,LOF,0.028132158393902262,0.024991918710586227,0.9468759228955116
25938,LOF,0.06860992242788078,0.035591286669806585,0.8957987909023126
25939,LOF,0.03946430354751631,0.011981360169971133,0.9485543362825126
25940,LOF,0.034158448856109205,0.38806748976337724,0.5777740613805136
25941,LOF,0.17543067828197775,0.105466967361406,0.7191023543566163
25942,LOF,0.016217046192849315,0.03445379191444455,0.9493291618927061
25943,LOF,0.2998115542949332,0.05875668071285739,0.6414317649922092
25944,LOF,0.47958426860680453,0.026395564836033097,0.4940201665571623
25945,LOF,0.06781290502933836,0.02362424945559391,0.9085628455150677
25946,LOF,0.027904495859015343,0.11646000305038066,0.855635501090604
25947,LOF,0.10619059890475552,0.22415730874614426,0.6696520923491003
25948,LOF,0.3856216203885518,0.01134053268428727,0.6030378469271609
25949,LOF,0.10404451316311565,0.040239347359711936,0.8557161394771725
25950,GOF,0.2590275497450806,0.4055935152205129,0.33537893503440663
25951,LOF,0.2501706072912786,0.22781688315888238,0.522012509549839
25952,LOF,0.039473849333421365,0.4324265008774456,0.5280996497891329
25953,LOF,0.13098050451662793,0.11429872888192127,0.7547207666014509
25954,Neutral,0.4333606911359734,0.17047607488520533,0.3961632339788212
25955,LOF,0.06333275197557832,0.07903314165163225,0.8576341063727895
25956,LOF,0.16998126853377746,0.10572423441657212,0.7242944970496504
25957,LOF,0.03597453665624239,0.03353806236380518,0.9304874009799524
25958,LOF,0.06477089532377923,0.027616333936580875,0.90761277073964
25959,LOF,0.0732025627966399,0.3469184245573745,0.5798790126459856
25960,LOF,0.020149671059400253,0.052303911104464716,0.927546417836135
25961,LOF,0.05281616115921011,0.029917546846428094,0.9172662919943618
25962,LOF,0.06271419495471778,0.03136046522909228,0.9059253398161901
25963,LOF,0.0472223771625806,0.16763160759902176,0.7851460152383978
25964,LOF,0.038148372841658854,0.12436082366745785,0.8374908034908832
25965,LOF,0.4393401867132135,0.10087438647251894,0.45978542681426754
25966,Neutral,0.46770295325189637,0.10607963971989029,0.4262174070282133
25967,LOF,0.012286962902583463,0.06104615908682798,0.9266668780105884
25968,LOF,0.02815633646083212,0.4559839598726612,0.5158597036665067
25969,LOF,0.02386557706968651,0.055032032670484766,0.9211023902598288
25970,LOF,0.056129381448270954,0.054702735211785376,0.8891678833399438
25971,LOF,0.0796555746132647,0.01527813776041786,0.9050662876263175
25972,LOF,0.08097240208929724,0.019933471864589082,0.8990941260461137
25973,LOF,0.08230716148824292,0.009331466994784357,0.9083613715169727
25974,LOF,0.21115980777689972,0.0142614910385242,0.7745787011845762
25975,LOF,0.05209146568160143,0.031243943982932055,0.9166645903354665
25976,LOF,0.048156578705556306,0.015080179321972378,0.9367632419724714
25977,LOF,0.15406694953207375,0.09743236249758078,0.7485006879703454
25978,LOF,0.15083268026156746,0.07321914382546503,0.7759481759129675
25979,LOF,0.1349184801586443,0.07629976372951594,0.7887817561118398
25980,LOF,0.2014566362419339,0.10393031009487919,0.6946130536631869
25981,LOF,0.2342039533958796,0.10038441145860104,0.6654116351455194
25982,LOF,0.38795369316235284,0.0580086865093194,0.5540376203283277
25983,LOF,0.3970782010701431,0.06337454027196102,0.539547258657896
25984,LOF,0.05321929004308898,0.04553802972814954,0.9012426802287614
25985,LOF,0.027574955854837997,0.21904330483657397,0.753381739308588
25986,LOF,0.04696502361169836,0.2569336775975873,0.6961012987907144
25987,LOF,0.08740802599519971,0.06739310507476674,0.8451988689300335
25988,LOF,0.1433008073702392,0.0497525449926854,0.8069466476370754
25989,LOF,0.030986838113788273,0.09710096026774384,0.8719122016184678
25990,LOF,0.039238934428412565,0.1308685433613657,0.8298925222102218
25991,LOF,0.14741371603908426,0.2681019430870633,0.5844843408738525
25992,LOF,0.3579619912553896,0.1380656590026518,0.5039723497419586
25993,LOF,0.024009000741659597,0.08069557802327827,0.8952954212350621
25994,LOF,0.01729200857782776,0.1152236162700832,0.867484375152089
25995,LOF,0.025416890883219526,0.2137541512601452,0.7608289578566353
25996,GOF,0.3188593140195407,0.4193139526756719,0.2618267333047874
25997,LOF,0.08722219077072971,0.452476995316143,0.4603008139131274
25998,Neutral,0.514094298214721,0.016467291615342158,0.46943841016993676
25999,LOF,0.11551306161400246,0.13029825512793305,0.7541886832580644
26000,LOF,0.17428760644928812,0.04088721305526423,0.7848251804954476
26001,LOF,0.1959362182903442,0.03744210672898564,0.7666216749806702
26002,LOF,0.16815966582468928,0.04874968059490663,0.7830906535804041
26003,GOF,0.011548538587296467,0.5338115006014417,0.45463996081126185
26004,GOF,0.022685433713029543,0.5941380376022446,0.3831765286847259
26005,LOF,0.009023933427816275,0.3990596362967769,0.5919164302754069
26006,Neutral,0.526636590646008,0.19233766272656985,0.2810257466274222
26007,GOF,0.024923183582430068,0.5117710666300184,0.46330574978755146
26008,GOF,0.021428360523711228,0.5552589088513946,0.42331273062489416
26009,GOF,0.024550626882432165,0.5924693022823262,0.3829800708352416
26010,GOF,0.030301531075499575,0.5706105049203443,0.39908796400415614
26011,LOF,0.007907717048751178,0.40029987274466483,0.591792410206584
26012,GOF,0.015298634795033222,0.5276139263269998,0.457087438877967
26013,GOF,0.020783417082438374,0.5507891879871497,0.42842739493041193
26014,LOF,0.046052762704008716,0.11695236529649633,0.8369948719994948
26015,LOF,0.19308470596784413,0.008504473755106936,0.7984108202770489
26016,LOF,0.23106763018595353,0.04741746690659563,0.7215149029074508
26017,LOF,0.23916840154184832,0.08200229844915112,0.6788293000090005
26018,LOF,0.10412009479210697,0.02528359031582054,0.8705963148920725
26019,LOF,0.09873848750240101,0.01883308317952186,0.8824284293180771
26020,LOF,0.0716610764672829,0.09998180022238701,0.8283571233103301
26021,LOF,0.04767676141029696,0.11797441800684112,0.8343488205828619
26022,LOF,0.011883290903625629,0.03200223086163641,0.9561144782347379
26023,LOF,0.12102687816771276,0.01608981483965961,0.8628833069926276
26024,LOF,0.030860358457668262,0.11658180069995257,0.8525578408423792
26025,LOF,0.16907941567677995,0.10982842698670099,0.721092157336519
26026,LOF,0.34589928016871296,0.02809285535814825,0.6260078644731388
26027,LOF,0.09260906501992427,0.011939425777008517,0.8954515092030673
26028,LOF,0.13888169930413916,0.06863123753743722,0.7924870631584235
26029,LOF,0.07616852434962583,0.21589473603116313,0.707936739619211
26030,LOF,0.02818481168065158,0.07090625862348532,0.9009089296958631
26031,LOF,0.031335197364886866,0.16072340277068958,0.8079413998644236
26032,LOF,0.07041796087191762,0.07892279667034753,0.8506592424577348
26033,LOF,0.1228095685366204,0.10382000121835688,0.7733704302450227
26034,LOF,0.05074802499020898,0.1770435105452087,0.7722084644645822
26035,LOF,0.029782660089307772,0.16389537881886607,0.8063219610918262
26036,LOF,0.04467596820365021,0.19568184621996576,0.7596421855763841
26037,LOF,0.024285963463071842,0.13134205996368867,0.8443719765732395
26038,LOF,0.06393096769553228,0.08507142069928778,0.85099761160518
26039,LOF,0.06078706576587327,0.16993959107466827,0.7692733431594585
26040,LOF,0.2036516736417665,0.1444736382738647,0.6518746880843689
26041,LOF,0.02509132183816209,0.1268227995403809,0.8480858786214569
26042,LOF,0.025358846159387178,0.11966616392061857,0.8549749899199942
26043,LOF,0.0637676971544198,0.10157461748336694,0.8346576853622133
26044,LOF,0.022010995521865164,0.08632095322070975,0.8916680512574252
26045,LOF,0.07566255573827975,0.11295747352518985,0.8113799707365303
26046,LOF,0.0652984866560312,0.10011449172716361,0.8345870216168052
26047,LOF,0.09149279716399722,0.10513102231907663,0.803376180516926
26048,LOF,0.051766639646463906,0.05399202042826573,0.8942413399252703
26049,Neutral,0.9591178619781178,0.009081871098961086,0.03180026692292115
26050,Neutral,0.9430199157023824,0.011453912023149632,0.045526172274467966
26051,LOF,0.046082343827361254,0.31500481753028825,0.6389128386423506
26052,LOF,0.07345899073917543,0.3471386501698426,0.5794023590909819
26053,LOF,0.05695529267644593,0.1435638295038988,0.7994808778196553
26054,LOF,0.05816368420712799,0.017672753740954974,0.9241635620519171
26055,LOF,0.07377895380709855,0.014508334351956071,0.9117127118409453
26056,LOF,0.0614129758859611,0.015371840682334735,0.9232151834317042
26057,LOF,0.03265779942430132,0.012135376126182727,0.955206824449516
26058,LOF,0.03339968720449236,0.009211906430169933,0.9573884063653378
26059,LOF,0.3143842741631123,0.02254492570770629,0.6630708001291814
26060,LOF,0.02950104567260987,0.1870600680182115,0.7834388863091786
26061,LOF,0.018494640488260237,0.01103471878785583,0.970470640723884
26062,LOF,0.011671060349655945,0.017764476929411164,0.9705644627209328
26063,LOF,0.024319673881859103,0.011840902976684074,0.9638394231414569
26064,LOF,0.02465979951237161,0.018924381752419332,0.956415818735209
26065,LOF,0.026739696044089316,0.010411690636659225,0.9628486133192515
26066,LOF,0.023021892686901312,0.010322651334796009,0.9666554559783026
26067,LOF,0.029578185489809772,0.008543971279245624,0.9618778432309447
26068,LOF,0.05020450805144552,0.030338822775522523,0.9194566691730319
26069,LOF,0.27336667329517,0.018441795981265153,0.7081915307235648
26070,LOF,0.41287151709987746,0.015811011894281673,0.5713174710058408
26071,LOF,0.025230475495333134,0.012064448497186315,0.9627050760074805
26072,LOF,0.025026630026616144,0.015916157992289907,0.959057211981094
26073,LOF,0.027213017754239607,0.010187055237556898,0.9625999270082034
26074,Neutral,0.9114239050964721,0.005533843776870961,0.08304225112665692
26075,LOF,0.04438463160812501,0.01459991192389003,0.941015456467985
26076,LOF,0.04949971332454688,0.008530515245312691,0.9419697714301405
26077,LOF,0.009831514551549363,0.017250107213427405,0.9729183782350233
26078,LOF,0.01471913109192695,0.01059781785090733,0.9746830510571658
26079,LOF,0.06232290343271061,0.017826005718056526,0.9198510908492329
26080,LOF,0.06142697570177171,0.017847927072520472,0.9207250972257077
26081,LOF,0.03915069835669921,0.006077463394488124,0.9547718382488126
26082,LOF,0.01973305494470279,0.013759452178022828,0.9665074928772744
26083,LOF,0.14283208871258682,0.011821625736550365,0.8453462855508629
26084,LOF,0.03173458921188758,0.011209994812455009,0.9570554159756575
26085,LOF,0.02644052246694045,0.010749211180100677,0.9628102663529589
26086,LOF,0.02535050480604985,0.011076665508074632,0.9635728296858754
26087,LOF,0.030191698482502076,0.008261270531511001,0.9615470309859869
26088,LOF,0.016376622436855705,0.024505796302991885,0.9591175812601523
26089,LOF,0.04597375737438004,0.021872242872198674,0.9321539997534212
26090,LOF,0.04460921516214427,0.017039756777203558,0.9383510280606521
26091,LOF,0.0421166691364056,0.006158862946392468,0.951724467917202
26092,LOF,0.028363921389132955,0.007669102097592374,0.9639669765132746
26093,LOF,0.04390417922582809,0.005670188751369407,0.9504256320228025
26094,LOF,0.047524871271224824,0.006210667682806704,0.9462644610459684
26095,LOF,0.04645593950325468,0.01326348291265544,0.94028057758409
26096,LOF,0.02221845759318356,0.010359189461412784,0.9674223529454037
26097,LOF,0.012175270294059171,0.03140569610127647,0.9564190336046644
26098,LOF,0.0719271646748445,0.01062202711916667,0.9174508082059889
26099,LOF,0.025816214129850714,0.0119748369911363,0.962208948879013
26100,LOF,0.0282065246994953,0.011812504442588159,0.9599809708579166
26101,LOF,0.062115662439977064,0.011501139613910194,0.9263831979461127
26102,LOF,0.027088121537409696,0.01418564117384403,0.9587262372887464
26103,Neutral,0.8888841429919849,0.017690947035468328,0.09342490997254672
26104,LOF,0.07757364077172808,0.02544031137126884,0.8969860478570032
26105,LOF,0.20411118333847958,0.28598561394875144,0.509903202712769
26106,LOF,0.19218047664228805,0.1282118994872053,0.6796076238705067
26107,LOF,0.22520946177597126,0.083249351281996,0.6915411869420328
26108,LOF,0.2493743214683892,0.14981073944609222,0.6008149390855185
26109,LOF,0.1304938261693205,0.0742163356349622,0.7952898381957173
26110,LOF,0.2254926952150191,0.007130927077211926,0.767376377707769
26111,Neutral,0.5003604265198834,0.017052200646432977,0.48258737283368364
26112,LOF,0.034619089529704807,0.008549426670185796,0.9568314838001095
26113,LOF,0.056033158655745964,0.01632311676912771,0.9276437245751263
26114,LOF,0.02834989389356608,0.02141560147978219,0.9502345046266518
26115,LOF,0.09909683519700108,0.04285535459117839,0.8580478102118205
26116,LOF,0.06613741093237525,0.04212772969282342,0.8917348593748013
26117,LOF,0.4276543966472137,0.0514696500864416,0.5208759532663447
26118,LOF,0.03829523166589402,0.0266791969337419,0.9350255714003641
26119,LOF,0.020541302707845824,0.033833843302481,0.9456248539896732
26120,LOF,0.03058378001320412,0.025510006609079254,0.9439062133777166
26121,LOF,0.049241310595425566,0.08623105570638855,0.8645276336981859
26122,LOF,0.03987821411320405,0.03966091101356254,0.9204608748732334
