feature0,prediction,LoGoFunc_Neutral,LoGoFunc_GOF,LoGoFunc_LOF
25546,Neutral,0.6176010919540694,0.05531719128020983,0.3270817167657207
25547,Neutral,0.48607753457265684,0.09755331283726482,0.4163691525900784
25548,Neutral,0.4712004106518175,0.07964163409964689,0.4491579552485356
25549,LOF,0.3999791422078357,0.08207474118366564,0.5179461166084987
25550,LOF,0.3250621978075153,0.12356819023490882,0.551369611957576
25551,LOF,0.29389227984899857,0.131680622567749,0.5744270975832524
25552,LOF,0.2490619045592303,0.1323162292989988,0.618621866141771
25553,Neutral,0.7931998023977327,0.046436315407035175,0.16036388219523207
25554,LOF,0.2983060948298446,0.11757406300254913,0.5841198421676063
25555,LOF,0.24768916315551628,0.11032591143790049,0.6419849254065834
25556,LOF,0.43337003323722656,0.09569949859677827,0.4709304681659952
25557,LOF,0.22998027593643264,0.11768415579011826,0.6523355682734491
25558,LOF,0.29351746255672606,0.11488998274503916,0.5915925546982348
25559,LOF,0.20109621175976825,0.11362222103836181,0.68528156720187
25560,LOF,0.1769857461579496,0.11220092732349773,0.7108133265185527
25561,LOF,0.15372279172169206,0.13293286867481724,0.7133443396034908
25562,LOF,0.0731879447060198,0.08315977053560927,0.843652284758371
25563,LOF,0.02227527430745492,0.14879230566053325,0.8289324200320117
25564,LOF,0.24324608136680392,0.14789605606296666,0.6088578625702294
25565,LOF,0.19137545268934103,0.1500824958590113,0.6585420514516477
25566,GOF,0.09869050129442757,0.7040810856345402,0.19722841307103225
25567,LOF,0.041355742905629954,0.14461428088413472,0.8140299762102353
25568,LOF,0.062281037399432304,0.07908206439973865,0.8586368982008291
25569,LOF,0.06135824330012465,0.07749600935783721,0.8611457473420381
25570,LOF,0.025597775537033317,0.10478301790405677,0.86961920655891
25571,LOF,0.02323939704221104,0.11269724838679518,0.8640633545709937
25572,LOF,0.06237077249810194,0.13023180222574224,0.8073974252761558
25573,LOF,0.05940402494283705,0.0948462011842452,0.8457497738729177
25574,LOF,0.06427402136043493,0.19633791211295948,0.7393880665266057
25575,LOF,0.02160376567403577,0.12580351318617455,0.8525927211397897
25576,LOF,0.03204496053206163,0.16309621876553346,0.804858820702405
25577,LOF,0.03254870727640661,0.13241801688673865,0.8350332758368547
25578,LOF,0.3087684730316693,0.08782688213248523,0.6034046448358455
25579,LOF,0.14102619237288214,0.09306021439360994,0.7659135932335079
25580,LOF,0.01827902090321998,0.09012305461519694,0.8915979244815831
25581,LOF,0.05703485228402313,0.07187340808124597,0.8710917396347309
25582,LOF,0.05713922973467246,0.07083387359391675,0.8720268966714108
25583,LOF,0.019667770140617994,0.08633454333730328,0.8939976865220787
25584,Neutral,0.6919079566786426,0.10741654548778487,0.20067549783357252
25585,LOF,0.028231637569291965,0.13937196502849084,0.8323963974022172
25586,LOF,0.017259377861698035,0.07740857164606675,0.9053320504922352
25587,LOF,0.016595961393480994,0.0697438225341043,0.9136602160724148
25588,LOF,0.02030586790784718,0.07771923342495343,0.9019748986671993
25589,Neutral,0.5275213855398667,0.2017750585564225,0.27070355590371087
25590,LOF,0.04610841848067535,0.12857786518018433,0.8253137163391403
25591,LOF,0.09982723205119177,0.062002045336439666,0.8381707226123686
25592,LOF,0.0576342118377197,0.14566962963769822,0.7966961585245822
25593,LOF,0.1458308780510453,0.23266813700101335,0.6215009849479414
25594,LOF,0.057347486937296084,0.1293029087225414,0.8133496043401625
25595,LOF,0.05693228352712997,0.08972394675867479,0.8533437697141951
25596,LOF,0.11416268765796572,0.04745473097938376,0.8383825813626505
25597,LOF,0.0966010931868078,0.06040389141280811,0.842995015400384
25598,LOF,0.05714200934193359,0.0920605350646767,0.8507974555933897
25599,LOF,0.023536764280477088,0.4874629815928454,0.48900025412667747
25600,GOF,0.20506296324179257,0.48194203466789776,0.3129950020903097
25601,LOF,0.04256693785364565,0.385160469159001,0.5722725929873533
25602,LOF,0.03319852274748025,0.0676109123178331,0.8991905649346866
25603,LOF,0.030302192127478755,0.03880586149059429,0.9308919463819271
25604,LOF,0.0318494136850019,0.07980412685804174,0.8883464594569562
25605,LOF,0.0345565829241092,0.1980677739663792,0.7673756431095116
25606,LOF,0.4115581064470941,0.1131169286833671,0.47532496486953874
25607,LOF,0.024606489849746782,0.18129647933416163,0.7940970308160916
25608,LOF,0.03349017374499775,0.07048072946731758,0.8960290967876847
25609,GOF,0.13474057629677502,0.5051409497300717,0.3601184739731532
25610,LOF,0.015585753550726906,0.02905401657336318,0.9553602298759098
25611,LOF,0.013391191683304791,0.033637742512092984,0.9529710658046023
25612,LOF,0.05512056441434081,0.04511087377217216,0.8997685618134871
25613,LOF,0.05427768962628494,0.04464970967729502,0.90107260069642
25614,LOF,0.020872290231161814,0.026764130438746765,0.9523635793300913
25615,LOF,0.04454136467246225,0.04537016987633902,0.9100884654511987
25616,LOF,0.048455908844031795,0.030292936505914313,0.9212511546500539
25617,LOF,0.04118204965635355,0.041230779033969,0.9175871713096775
25618,LOF,0.05282671362030192,0.037455775939639994,0.9097175104400582
25619,LOF,0.012870778770094626,0.03517453431689663,0.9519546869130089
25620,LOF,0.06153113559345428,0.04452340991732125,0.8939454544892245
25621,LOF,0.053853450273726476,0.03742966147357995,0.9087168882526936
25622,LOF,0.06228560828345177,0.035540985917615925,0.9021734057989322
25623,LOF,0.07415990297472085,0.02738441817938909,0.8984556788458901
25624,LOF,0.018635277359331945,0.034859088033165064,0.9465056346075029
25625,LOF,0.06460902210958909,0.041052950893257216,0.8943380269971536
25626,LOF,0.049897698191605305,0.04229822601561339,0.9078040757927813
25627,Neutral,0.89417475303161,0.019927711688912636,0.08589753527947745
25628,LOF,0.12587627510822869,0.05955292538948791,0.8145707995022834
25629,LOF,0.06712178256388605,0.050252317892422786,0.8826258995436911
25630,LOF,0.30640172048358827,0.07731660706446108,0.6162816724519506
25631,Neutral,0.5633160519576759,0.06348945038417536,0.37319449765814877
25632,LOF,0.02598367765478961,0.07100333852627168,0.9030129838189386
25633,LOF,0.18533876850860426,0.040479433210882036,0.7741817982805137
25634,LOF,0.03253307393298202,0.08237106804523871,0.8850958580217793
25635,LOF,0.03608891370454348,0.04766527657858674,0.9162458097168698
25636,LOF,0.03436982359288033,0.4398813226735948,0.525748853733525
25637,LOF,0.07961616843250457,0.437906894208378,0.48247693735911756
25638,LOF,0.030763670826529477,0.32311997030991335,0.6461163588635571
25639,LOF,0.030494799795763406,0.35396494200024425,0.6155402582039923
25640,Neutral,0.8096392650739787,0.15060138443931093,0.039759350486710296
25641,LOF,0.07310803146315738,0.45121511571737,0.47567685281947275
25642,LOF,0.042086958275732486,0.15180744074353378,0.8061056009807337
25643,LOF,0.20966342620205142,0.14671059108335358,0.6436259827145951
25644,LOF,0.023897534967097595,0.4278602494059586,0.5482422156269438
25645,LOF,0.026418537468539404,0.3564504169554823,0.6171310455759783
25646,LOF,0.057855927227581504,0.278775417771703,0.6633686550007156
25647,LOF,0.02647764421851383,0.23422876614090077,0.7392935896405854
25648,LOF,0.03475715568286577,0.22266892920613487,0.7425739151109993
25649,LOF,0.018588310480762635,0.22245470885626367,0.7589569806629737
25650,LOF,0.050805050496235925,0.38956361496131786,0.5596313345424463
25651,LOF,0.018122958836063425,0.24436225338764006,0.7375147877762965
25652,LOF,0.03891670393735697,0.238928874401089,0.7221544216615541
25653,LOF,0.08871218317369564,0.371841431071022,0.5394463857552824
25654,LOF,0.02654689057619533,0.21343117231031064,0.7600219371134941
25655,LOF,0.20932087759093976,0.35957545906739813,0.431103663341662
25656,LOF,0.2519228419289616,0.04987101065430936,0.698206147416729
25657,LOF,0.05887830754247601,0.05574237418835918,0.8853793182691648
25658,LOF,0.3434151519227644,0.06040771677492552,0.5961771313023102
25659,Neutral,0.4923732795458281,0.08754772589646688,0.42007899455770503
25660,LOF,0.02129213772867563,0.08477592131509379,0.8939319409562305
25661,LOF,0.09137097675387444,0.06020824230271324,0.8484207809434122
25662,LOF,0.031492991028727595,0.03477283392939707,0.9337341750418754
25663,LOF,0.03970624522656221,0.04900139006413898,0.9112923647092989
25664,LOF,0.14903327686753756,0.06946147870238777,0.7815052444300746
25665,LOF,0.052733698607659786,0.03369952343257299,0.9135667779597673
25666,LOF,0.08746657717200773,0.07832474682739819,0.8342086760005941
25667,LOF,0.0651220983977903,0.03892515454650656,0.8959527470557033
25668,LOF,0.03508536309364962,0.04837137873136047,0.9165432581749899
25669,LOF,0.030016919829047396,0.050478050514472184,0.9195050296564805
25670,LOF,0.14968254927865102,0.06606622921575407,0.7842512215055949
25671,LOF,0.09526611698168165,0.03553583294552721,0.8691980500727913
25672,LOF,0.05169282580856838,0.04597594477522315,0.9023312294162086
25673,LOF,0.08197974514804926,0.04813890975941359,0.8698813450925371
25674,LOF,0.0707915505646178,0.05760908869496552,0.8715993607404167
25675,LOF,0.1185414935971616,0.05707906005687074,0.8243794463459677
25676,LOF,0.01731893849203345,0.055041408264169894,0.9276396532437966
25677,LOF,0.02379371141172988,0.07503416871463393,0.9011721198736361
25678,LOF,0.17088238850338924,0.07462332575037711,0.7544942857462336
25679,LOF,0.12468678655595866,0.08196400283260377,0.7933492106114376
25680,LOF,0.028574588516713774,0.12033374351909312,0.851091667964193
25681,LOF,0.04505560309539226,0.11146202698454268,0.8434823699200651
25682,LOF,0.1310236026142093,0.07099545667079686,0.7979809407149938
25683,LOF,0.12052737409942979,0.09749664025552109,0.7819759856450491
25684,LOF,0.04370168302933936,0.07250664124740508,0.8837916757232556
25685,LOF,0.12891462758456004,0.04662341836362798,0.824461954051812
25686,LOF,0.0727719283077343,0.086171769245447,0.8410563024468186
25687,LOF,0.11622358838002662,0.09257538235971496,0.7912010292602585
25688,LOF,0.32134352524789306,0.03154016199732625,0.6471163127547807
25689,LOF,0.22391720904625115,0.032351034804747596,0.7437317561490013
25690,LOF,0.3262237622483623,0.027930355754861514,0.6458458819967762
25691,Neutral,0.686992199578898,0.02265782842383679,0.29034997199726514
25692,LOF,0.2958458972274043,0.01217111137932288,0.6919829913932729
25693,LOF,0.055092376755873994,0.47177474574579625,0.47313287749832983
25694,LOF,0.12473616902883077,0.01486712629338322,0.8603967046777861
25695,LOF,0.11803848623152283,0.01473443800081,0.8672270757676671
25696,LOF,0.10407857978114511,0.009285290053854466,0.8866361301650003
25697,LOF,0.1269250415698468,0.03527761375936791,0.8377973446707853
25698,LOF,0.3499905871719772,0.18514058626393093,0.46486882656409195
25699,LOF,0.4524078390705139,0.041579872658464585,0.5060122882710215
25700,LOF,0.0662601400261701,0.009217011219968997,0.9245228487538609
25701,LOF,0.15015456452418757,0.04911021620898066,0.8007352192668317
25702,GOF,0.15985510916646994,0.5616437300064073,0.2785011608271227
25703,LOF,0.01612878741554765,0.16300255088703283,0.8208686616974195
25704,LOF,0.04679899900566726,0.1108952014334827,0.8423057995608499
25705,LOF,0.056194466182460046,0.18351889259076848,0.7602866412267714
25706,LOF,0.10543399636926827,0.4062399858701002,0.48832601776063156
25707,LOF,0.09090256751717897,0.30900852202878737,0.6000889104540337
25708,LOF,0.0306940647038603,0.27902852239077064,0.6902774129053691
25709,LOF,0.059616284554058305,0.03984650686092586,0.9005372085850157
25710,LOF,0.011298634853346569,0.13635240989676428,0.8523489552498891
25711,LOF,0.01728308074620794,0.08487436422270501,0.8978425550310871
25712,LOF,0.013018088768432422,0.1665088805226452,0.8204730307089224
25713,LOF,0.01788408345898706,0.07163034384099283,0.9104855727000202
25714,LOF,0.06885990322636429,0.07512604490764875,0.8560140518659869
25715,LOF,0.01079727109735382,0.12773453986926817,0.861468189033378
25716,LOF,0.013079695840587475,0.10642503880650409,0.8804952653529085
25717,LOF,0.012477066624706929,0.0684006066654806,0.9191223267098124
25718,LOF,0.011982418050084966,0.08514061237477222,0.9028769695751429
25719,LOF,0.017212236683757175,0.06960082936075304,0.9131869339554897
25720,LOF,0.021325337101860343,0.06263848844398176,0.916036174454158
25721,LOF,0.014503737440520298,0.1043134051603091,0.8811828573991706
25722,LOF,0.013227449709962183,0.11411561960697324,0.8726569306830645
25723,LOF,0.021274325757895556,0.03945381368153846,0.939271860560566
25724,LOF,0.022013979843574057,0.07721460880245518,0.9007714113539709
25725,LOF,0.011305756589799699,0.06154943222657817,0.9271448111836221
25726,LOF,0.014567355154462024,0.09166480924847344,0.8937678355970645
25727,LOF,0.012365447669887652,0.07098792868270144,0.9166466236474109
25728,LOF,0.009404151878803647,0.10476585038775789,0.8858299977334384
25729,LOF,0.009744945778317977,0.10028941066247597,0.8899656435592062
25730,LOF,0.013291715398560982,0.07164056221902737,0.9150677223824117
25731,LOF,0.01977129656704866,0.11014954952099817,0.8700791539119532
25732,LOF,0.014026525858381149,0.07349431656816699,0.9124791575734519
25733,LOF,0.015280388087533098,0.0651861293509077,0.9195334825615591
25734,LOF,0.012285469510906057,0.1192774335195631,0.8684370969695308
25735,LOF,0.013294428110143065,0.0767792474627419,0.909926324427115
25736,LOF,0.013888976709747274,0.09924104404434392,0.8868699792459089
25737,LOF,0.02025685446715456,0.08382630356572734,0.8959168419671182
25738,LOF,0.011526968700111394,0.10204539922881325,0.8864276320710753
25739,LOF,0.018705478780083298,0.07314204055973843,0.9081524806601782
25740,LOF,0.02500380293679515,0.10620888060314171,0.868787316460063
25741,LOF,0.014488501195603375,0.10939907977925326,0.8761124190251433
25742,LOF,0.11251440751422329,0.07975406161985689,0.8077315308659199
25743,LOF,0.029941070306765936,0.040593880879757786,0.9294650488134762
25744,Neutral,0.5813868648953644,0.19112628512543067,0.22748684997920499
25745,LOF,0.0713875596865235,0.08179649640447191,0.8468159439090046
25746,LOF,0.03699054023923789,0.10010375251678863,0.8629057072439735
25747,LOF,0.021177701721439977,0.050727391471741635,0.9280949068068184
25748,LOF,0.09096231643865844,0.07190917041107411,0.8371285131502675
25749,LOF,0.024600965615585155,0.09119038441599729,0.8842086499684176
25750,LOF,0.08338248134726359,0.0934240069054384,0.823193511747298
25751,LOF,0.0854582778943808,0.07364941078292361,0.8408923113226955
25752,GOF,0.11492160987739913,0.6601256520451354,0.2249527380774655
25753,LOF,0.019915538964154024,0.27570209294645276,0.7043823680893933
25754,GOF,0.01090642803556631,0.7801614964304401,0.20893207553399354
25755,LOF,0.02200880261435777,0.3855968756535617,0.5923943217320805
25756,LOF,0.04231553841994377,0.35032659212621536,0.6073578694538408
25757,GOF,0.01468299016883162,0.835941603461338,0.14937540636983054
25758,GOF,0.02837006946159126,0.81684625338827,0.15478367715013872
25759,GOF,0.010938642586776112,0.5545505749177564,0.43451078249546743
25760,LOF,0.012682281932256114,0.2505786445586979,0.736739073509046
25761,GOF,0.2742761345215661,0.6317026171450884,0.0940212483333456
25762,LOF,0.036376699052617645,0.25342998668986666,0.7101933142575156
25763,LOF,0.014211428995489585,0.19439026149431116,0.7913983095101992
25764,GOF,0.07371416236165848,0.6133822414827506,0.312903596155591
25765,GOF,0.033857745364339754,0.7544941824696623,0.211648072165998
25766,GOF,0.06897508227354075,0.7302039635031116,0.2008209542233477
25767,GOF,0.15927187811617785,0.5699918503025547,0.27073627158126734
25768,LOF,0.09687085302716521,0.06748623993022622,0.8356429070426086
25769,LOF,0.07334117158420135,0.062006304002697195,0.8646525244131014
25770,LOF,0.3230782462416808,0.09074122981984091,0.5861805239384782
25771,LOF,0.04224578447463435,0.049810491065335985,0.9079437244600297
25772,LOF,0.016355853149071373,0.03674242391357207,0.9469017229373565
25773,LOF,0.04977297321362543,0.09880495022725207,0.8514220765591224
25774,LOF,0.02943490680821781,0.07530947564032349,0.8952556175514588
25775,LOF,0.04978443121306891,0.0495029348985782,0.9007126338883529
25776,LOF,0.072707408543076,0.024335136489931925,0.9029574549669921
25777,LOF,0.36391457825725526,0.051063133488679545,0.5850222882540652
25778,LOF,0.06879558465190243,0.04627142442539806,0.8849329909226994
25779,GOF,0.3811203810290469,0.5708044960936768,0.04807512287727631
25780,GOF,0.32736249952880536,0.59790852449128,0.07472897597991462
25781,GOF,0.13033907681992193,0.7601509526230746,0.10950997055700352
25782,GOF,0.208305309578704,0.7172814710266793,0.07441321939461688
25783,GOF,0.02381842870121079,0.6566189371412523,0.3195626341575369
25784,Neutral,0.5233966088509331,0.4363064663452809,0.040296924803786036
25785,GOF,0.4733899094991151,0.48387298596544887,0.04273710453543611
25786,GOF,0.02583247386276256,0.7144212924873109,0.2597462336499265
25787,Neutral,0.6582600398694114,0.3135296843497241,0.0282102757808645
25788,LOF,0.05486311027756105,0.10000439582838071,0.8451324938940582
25789,GOF,0.2147810204163738,0.6627959484711834,0.12242303111244277
25790,GOF,0.23226016856256212,0.6613110843138947,0.10642874712354311
25791,GOF,0.1594130631991155,0.6720008115201449,0.16858612528073963
25792,GOF,0.36582134743966715,0.5152880813264186,0.11889057123391433
25793,GOF,0.25996909298091675,0.5349478760816272,0.2050830309374561
25794,GOF,0.30872654345005796,0.5137423847082201,0.17753107184172207
25795,GOF,0.08608133663281356,0.6707120086896359,0.24320665467755065
25796,Neutral,0.5810607960895691,0.3444608798490149,0.07447832406141612
25797,GOF,0.09217512671471625,0.5420932439453936,0.3657316293398902
25798,GOF,0.009033210286056163,0.4960915070828689,0.494875282631075
25799,LOF,0.007324382965896328,0.3907120946204963,0.6019635224136074
25800,GOF,0.031381380672767266,0.5708064933539632,0.3978121259732697
25801,GOF,0.21101151038399799,0.6469190314123263,0.1420694582036757
25802,GOF,0.06198180708251156,0.6708669834573966,0.26715120946009185
25803,GOF,0.03195178591881413,0.5738970833938307,0.3941511306873552
25804,GOF,0.027303455137493333,0.4958450706231304,0.4768514742393763
25805,GOF,0.08513015726273794,0.5992086227199303,0.31566122001733193
25806,GOF,0.08891216774151965,0.5812242166514029,0.3298636156070774
25807,GOF,0.017872757454797134,0.6122295277925723,0.3698977147526306
25808,GOF,0.07695217855726826,0.6279741240076937,0.29507369743503803
25809,GOF,0.017295915140565474,0.5703222909143697,0.4123817939450648
25810,GOF,0.016327483983312446,0.6071639739181858,0.3765085420985018
25811,Neutral,0.4638105856110704,0.44610740140042593,0.0900820129885037
25812,GOF,0.03256267546661442,0.6217756204826058,0.34566170405077973
25813,Neutral,0.52906150689717,0.36788690334757396,0.10305158975525594
25814,GOF,0.11637457692853731,0.6380925311873574,0.24553289188410535
25815,GOF,0.18656366842754232,0.6227493248090411,0.1906870067634166
25816,GOF,0.021917674021301625,0.6915890634935473,0.28649326248515106
25817,GOF,0.22945637902088145,0.6521339241836573,0.11840969679546119
25818,GOF,0.05526624016603703,0.6419209485882637,0.3028128112456993
25819,GOF,0.3583653965721307,0.4980738743949003,0.14356072903296896
25820,GOF,0.18354008146684234,0.603290027533866,0.21316989099929176
25821,GOF,0.06053586975358561,0.6617292941426228,0.2777348361037917
25822,GOF,0.24017103600559742,0.5475883244818419,0.21224063951256064
25823,GOF,0.0319682728703245,0.5119046913931953,0.4561270357364801
25824,GOF,0.09515955864945205,0.5677979747334865,0.3370424666170615
25825,GOF,0.034983889586997156,0.5656828829239138,0.39933322748908895
25826,GOF,0.014176350893609595,0.5379459679598988,0.4478776811464915
25827,GOF,0.0225237924017695,0.5881107290529987,0.3893654785452319
25828,GOF,0.013698055686166291,0.5060708315726024,0.48023111274123137
25829,GOF,0.006064160158913984,0.5702063227009718,0.42372951714011414
25830,LOF,0.034219553432918326,0.2993980878812246,0.666382358685857
25831,GOF,0.22046110528312696,0.6458974579031159,0.13364143681375718
25832,GOF,0.03735277131511179,0.6840434547420668,0.27860377394282126
25833,GOF,0.1295182044743305,0.711611581289338,0.15887021423633158
25834,GOF,0.03683098731163244,0.6972365959569141,0.2659324167314533
25835,GOF,0.08930096113897205,0.7383009270858921,0.17239811177513584
25836,GOF,0.04119447390253452,0.6730595845161508,0.2857459415813147
25837,GOF,0.02773326634673277,0.5758632252195088,0.3964035084337585
25838,GOF,0.09422621089552487,0.7642205323956403,0.14155325670883492
25839,GOF,0.3058733810163715,0.5520601810909023,0.14206643789272613
25840,GOF,0.2415928676069618,0.614547320272237,0.14385981212080118
25841,GOF,0.21669478229823244,0.647508510702168,0.13579670699959961
25842,GOF,0.17954149871600836,0.6881575998450337,0.13230090143895798
25843,GOF,0.2459578686850195,0.6633752373590429,0.0906668939559376
25844,GOF,0.07016240457732202,0.6938172828049125,0.23602031261776552
25845,LOF,0.017458798245151133,0.47204841377075835,0.5104927879840905
25846,GOF,0.12226220191214986,0.7236005667695409,0.15413723131830928
25847,GOF,0.11760154059120655,0.7594753000329534,0.12292315937584013
25848,GOF,0.0401884522800555,0.6885325091428341,0.27127903857711033
25849,GOF,0.011437451677889196,0.585433876630916,0.4031286716911949
25850,GOF,0.02331725188229797,0.637963471279363,0.3387192768383389
25851,GOF,0.020597127442988125,0.5173531261188796,0.46204974643813224
25852,GOF,0.16383814029292149,0.5367464205646792,0.2994154391423992
25853,GOF,0.3472592218486601,0.5778888859795909,0.07485189217174895
25854,GOF,0.022667173832297986,0.6148470449803057,0.3624857811873963
25855,GOF,0.03853348906570263,0.544430668242493,0.41703584269180455
25856,GOF,0.25794127018264607,0.5214133624086212,0.22064536740873267
25857,GOF,0.039012541173464685,0.49528979477753443,0.4656976640490009
25858,GOF,0.02023111265127968,0.5276247897530544,0.45214409759566593
25859,GOF,0.010338692096419804,0.4953347435523821,0.49432656435119815
25860,GOF,0.3815264986616627,0.5326554251353579,0.0858180762029793
25861,GOF,0.4215729119470877,0.5061078775331923,0.07231921051972003
25862,GOF,0.09379551423482979,0.7546994133832549,0.15150507238191538
25863,GOF,0.0909832047593635,0.7573832488445525,0.15163354639608398
25864,GOF,0.22444650821354514,0.6962076934959739,0.07934579829048098
25865,GOF,0.09317439406129675,0.7841428806198248,0.12268272531887851
25866,GOF,0.06351655838348144,0.753863834706695,0.1826196069098236
25867,GOF,0.09281911114688235,0.7968947673830253,0.11028612147009234
25868,GOF,0.28010246336676353,0.6153628692678884,0.10453466736534812
25869,Neutral,0.7245735350091836,0.22996831262639875,0.04545815236441756
25870,GOF,0.2949192448700138,0.35288033487156956,0.35220042025841664
25871,GOF,0.23411718166389706,0.6045817010800785,0.16130111725602447
25872,GOF,0.07754990307474931,0.6296466494762419,0.29280344744900877
25873,GOF,0.12653274058777916,0.6544482741870625,0.21901898522515842
25874,LOF,0.015316303538034523,0.1103700503520978,0.8743136461098677
25875,LOF,0.09015593915739772,0.04008837025621146,0.8697556905863908
25876,LOF,0.03529500203273199,0.028883343430249845,0.9358216545370183
25877,Neutral,0.49084410625020236,0.04606135338783297,0.4630945403619645
25878,LOF,0.19415708740251758,0.08473743372444217,0.7211054788730402
25879,LOF,0.08510084930722601,0.07839807558179242,0.8365010751109816
25880,LOF,0.04235373088074982,0.015561509353969041,0.942084759765281
25881,LOF,0.1785306989753572,0.11725126775291049,0.7042180332717324
25882,LOF,0.06427140423721983,0.01890320955448897,0.9168253862082911
25883,LOF,0.06784509650187884,0.02042310400343364,0.9117317994946875
25884,LOF,0.033982222039954255,0.03064800580035404,0.9353697721596917
25885,LOF,0.06288752304663968,0.012257958763932547,0.9248545181894279
25886,LOF,0.25280774506672976,0.04127030539257463,0.7059219495406955
25887,LOF,0.16431407622764635,0.07018212259313047,0.7655038011792232
25888,LOF,0.07366018092299331,0.06224308271842034,0.8640967363585863
25889,LOF,0.04259409336816594,0.02252091975471854,0.9348849868771156
25890,LOF,0.044890582444786,0.15145578459041928,0.8036536329647948
25891,LOF,0.03452715320597475,0.05259003643948266,0.9128828103545424
25892,LOF,0.08995802160453392,0.024529942501096517,0.8855120358943696
25893,LOF,0.27518256100518274,0.024240101423917967,0.7005773375708995
25894,LOF,0.17551584288305414,0.013343173022764781,0.8111409840941811
25895,LOF,0.2118612442925005,0.023530184029872878,0.7646085716776266
25896,LOF,0.05055175769239494,0.02607144224315435,0.9233768000644508
25897,LOF,0.2795501908686477,0.013741881660370554,0.7067079274709818
25898,Neutral,0.7251933669997588,0.012833257422814388,0.26197337557742695
25899,LOF,0.22220105771354545,0.023037722459982132,0.7547612198264725
25900,LOF,0.48055439571338227,0.017231149610297036,0.5022144546763208
25901,LOF,0.057737971033747365,0.014543586639192162,0.9277184423270605
25902,LOF,0.15853831759213713,0.01648204030501774,0.8249796421028451
25903,Neutral,0.5736053159794006,0.03251927395078866,0.39387541006981086
25904,LOF,0.3337272456626009,0.050660036344179066,0.61561271799322
25905,LOF,0.024265408098768797,0.31613288873715745,0.6596017031640738
25906,LOF,0.030296865614356884,0.07852251146203562,0.8911806229236074
25907,LOF,0.01451217054116757,0.32978008475912435,0.655707744699708
25908,LOF,0.010404305267441382,0.26632098008136185,0.7232747146511969
25909,LOF,0.01131009822796627,0.13764644994997055,0.8510434518220631
25910,LOF,0.048124858414832904,0.13520831847000567,0.8166668231151615
25911,LOF,0.1872794052280546,0.019622507199258035,0.7930980875726874
25912,LOF,0.052180789125339994,0.041800986889505176,0.9060182239851549
25913,LOF,0.32208406788107363,0.01874596880944773,0.6591699633094786
25914,LOF,0.019667066614241342,0.06914368237624605,0.9111892510095126
25915,Neutral,0.6065029374176633,0.16722872929053775,0.226268333291799
25916,LOF,0.08633372703676627,0.2490123423583381,0.6646539306048955
25917,LOF,0.06467589309514686,0.04850017910108313,0.88682392780377
25918,LOF,0.02011498766300886,0.03969040558188034,0.9401946067551108
25919,LOF,0.018421099847626143,0.04405791797122628,0.9375209821811477
25920,GOF,0.10281386738087593,0.546337265761455,0.35084886685766903
25921,LOF,0.025392879519200415,0.02778586317963071,0.9468212573011688
25922,LOF,0.032839661621572126,0.020320780833983657,0.9468395575444442
25923,LOF,0.4436494802338128,0.0217721496340223,0.5345783701321649
25924,LOF,0.03752290958099887,0.03247332875170837,0.9300037616672928
25925,LOF,0.0685588847390537,0.02717358569644519,0.9042675295645012
25926,LOF,0.049827736924874674,0.023955363319666797,0.9262168997554585
25927,LOF,0.060303984405907556,0.10620049799103252,0.83349551760306
25928,LOF,0.019125364361097255,0.03625002873690198,0.9446246069020008
25929,Neutral,0.5541923362610747,0.023727199607032356,0.42208046413189293
25930,LOF,0.07308718346870412,0.020720355236387225,0.9061924612949087
25931,LOF,0.02497272326809258,0.02292204839828149,0.952105228333626
25932,LOF,0.027648884836553898,0.018508395752270354,0.9538427194111758
25933,LOF,0.03654727977589172,0.01309777329114721,0.9503549469329611
25934,LOF,0.023990397121119087,0.014910654783639201,0.9610989480952417
25935,LOF,0.059364538378273365,0.0327557694189238,0.9078796922028027
25936,LOF,0.04466177016353305,0.016242439434965398,0.9390957904015016
25937,LOF,0.025466992443893745,0.029204235805290933,0.9453287717508153
25938,LOF,0.06064620282698193,0.03589351902684423,0.9034602781461738
25939,LOF,0.04061144938740396,0.013607543032600979,0.9457810075799951
25940,LOF,0.027156684793345317,0.4148404974977453,0.5580028177089094
25941,LOF,0.18061422251706238,0.1107853828682745,0.7086003946146632
25942,LOF,0.014372895782113381,0.03338114400740251,0.952245960210484
25943,LOF,0.30316409458774185,0.06109810518363906,0.635737800228619
25944,Neutral,0.4945614220731503,0.02320482180639834,0.4822337561204514
25945,LOF,0.07528209466517886,0.021186518285969767,0.9035313870488514
25946,LOF,0.030433353895677546,0.12107601903827477,0.8484906270660477
25947,LOF,0.10037882231734924,0.22599299521290828,0.6736281824697425
25948,LOF,0.3777186172258357,0.007505561850540865,0.6147758209236235
25949,LOF,0.13180893907496719,0.03798064094389199,0.8302104199811409
25950,GOF,0.26786985152624343,0.3669348355915227,0.3651953128822339
25951,LOF,0.20402608206350217,0.23609208573463136,0.5598818322018664
25952,LOF,0.04289811413959064,0.41777685257939523,0.5393250332810141
25953,LOF,0.14622766850701985,0.11288343691141167,0.7408888945815686
25954,Neutral,0.4354865072945662,0.1757909507100551,0.38872254199537853
25955,LOF,0.05520242349114102,0.08759852871404172,0.8571990477948171
25956,LOF,0.1691055631913893,0.10806254686726832,0.7228318899413424
25957,LOF,0.03739089154980251,0.03066266849345414,0.9319464399567434
25958,LOF,0.05889284740872661,0.028509920825062218,0.9125972317662112
25959,LOF,0.07025353436693221,0.387814752034852,0.5419317135982158
25960,LOF,0.01774858808592052,0.053434024597706374,0.928817387316373
25961,LOF,0.04532369982844345,0.029144770039655175,0.9255315301319014
25962,LOF,0.04995309482481632,0.02827698128952348,0.9217699238856603
25963,LOF,0.045824088976451106,0.1866436068147707,0.7675323042087782
25964,LOF,0.03322023747126583,0.1528279422250782,0.8139518203036561
25965,LOF,0.44860243425228097,0.07114198204360253,0.4802555837041166
25966,Neutral,0.5470392118451198,0.1673174872397371,0.28564330091514306
25967,LOF,0.01677424015226238,0.09963966993982072,0.883586089907917
25968,LOF,0.027001440661815604,0.43565744435737497,0.5373411149808095
25969,LOF,0.02719227298441304,0.07179456497042071,0.9010131620451662
25970,LOF,0.06272450711446508,0.0658878541447896,0.8713876387407453
25971,LOF,0.06508012457024909,0.018576361151202456,0.9163435142785484
25972,LOF,0.06957168905004797,0.02513622737954183,0.9052920835704101
25973,LOF,0.06394537939393176,0.009984653320801421,0.9260699672852669
25974,LOF,0.2002801996885316,0.01758722708160094,0.7821325732298675
25975,LOF,0.04074246471461178,0.030278371106726636,0.9289791641786617
25976,LOF,0.039708014676075744,0.017415813935581035,0.9428761713883432
25977,LOF,0.15903629122240917,0.08669424661255291,0.7542694621650379
25978,LOF,0.14703146024910949,0.06682476544667634,0.7861437743042141
25979,LOF,0.14036407485978472,0.06817017881242976,0.7914657463277854
25980,LOF,0.21805272056965697,0.08024862135182753,0.7016986580785155
25981,LOF,0.24762784389995848,0.07823876450347751,0.674133391596564
25982,LOF,0.3944519826297236,0.05698740031252487,0.5485606170577515
25983,LOF,0.3761766098830699,0.05995501949424515,0.563868370622685
25984,LOF,0.04497207338266725,0.04349636105986145,0.9115315655574714
25985,LOF,0.03563435577722182,0.2722285917402794,0.6921370524824988
25986,LOF,0.03914358907649067,0.29054473476674986,0.6703116761567595
25987,LOF,0.07948451078318415,0.06000714711753597,0.8605083420992797
25988,LOF,0.14426764142260523,0.05283182219728717,0.8029005363801076
25989,LOF,0.03354306024085,0.11419715396010573,0.8522597857990443
25990,LOF,0.04625037044948116,0.13045542156915957,0.8232942079813592
25991,LOF,0.10954448059502303,0.3266913582576624,0.5637641611473146
25992,LOF,0.25238023283744526,0.21688221561436197,0.5307375515481927
25993,LOF,0.021233446292294508,0.0763533944817834,0.902413159225922
25994,LOF,0.016436905211243164,0.09764409950767838,0.8859189952810784
25995,LOF,0.02224753365902573,0.2066862563385702,0.771066210002404
25996,GOF,0.27172217240666086,0.5079605915447838,0.2203172360485553
25997,GOF,0.07123360376919331,0.4648718462534908,0.46389454997731583
25998,Neutral,0.536940032300267,0.024107402185503196,0.43895256551422984
25999,LOF,0.10839028496454922,0.0924201282420215,0.7991895867934292
26000,LOF,0.1342819582624156,0.04134742807788023,0.8243706136597041
26001,LOF,0.19515813667110077,0.04779093168035516,0.7570509316485441
26002,LOF,0.14047925531083463,0.04091428195783908,0.8186064627313262
26003,GOF,0.010327973824311198,0.5639278170549542,0.4257442091207346
26004,GOF,0.018240636284174896,0.6374557846378488,0.34430357907797643
26005,LOF,0.007362014454765418,0.4391249928975805,0.553512992647654
26006,Neutral,0.5216238274048856,0.2266748671588418,0.2517013054362726
26007,GOF,0.020610371774238505,0.5152212383101146,0.4641683899156469
26008,GOF,0.015932968693749505,0.6033889757728953,0.38067805553335526
26009,GOF,0.019324274493580835,0.6740699125159406,0.30660581299047857
26010,GOF,0.020634258989567257,0.6465114704524345,0.3328542705579984
26011,LOF,0.006416609777354724,0.4240500492262446,0.5695333409964007
26012,GOF,0.013019704195170486,0.5410959369317059,0.4458843588731237
26013,GOF,0.020353381381946346,0.5838240227167385,0.39582259590131513
26014,LOF,0.04213750105794755,0.10967291943353033,0.8481895795085221
26015,LOF,0.1775071714884176,0.01285930402298726,0.809633524488595
26016,LOF,0.21337946511859976,0.052884662226128726,0.7337358726552715
26017,LOF,0.25080482747293215,0.08867936512792061,0.6605158073991472
26018,LOF,0.08704690282580045,0.030155079296563372,0.8827980178776361
26019,LOF,0.08271510768109042,0.02358491576505064,0.8936999765538589
26020,LOF,0.07340402921415665,0.11822304889490552,0.8083729218909378
26021,LOF,0.04834095380766701,0.10964833426796791,0.8420107119243652
26022,LOF,0.011393432905338997,0.03546831759034816,0.9531382495043128
26023,LOF,0.06980524772965517,0.019068710063139295,0.9111260422072055
26024,LOF,0.033706129331513804,0.1197590091482934,0.8465348615201929
26025,LOF,0.16348404094550495,0.07784834768385408,0.758667611370641
26026,LOF,0.32383283129789464,0.02641154962142924,0.6497556190806761
26027,LOF,0.06654740326892529,0.015025523916318504,0.9184270728147561
26028,LOF,0.18044607694047554,0.06397544855086033,0.7555784745086641
26029,LOF,0.06910835881881959,0.216832600664932,0.7140590405162484
26030,LOF,0.021708124520049544,0.06308713413089688,0.9152047413490536
26031,LOF,0.025569564590948134,0.15509555487978402,0.8193348805292678
26032,LOF,0.06416738926906342,0.10257605972293521,0.8332565510080013
26033,LOF,0.07961381615203812,0.09312249849144769,0.8272636853565142
26034,LOF,0.0436584664464821,0.1774217919823863,0.7789197415711315
26035,LOF,0.024285319825188653,0.16999820211014577,0.8057164780646656
26036,LOF,0.03661713642625415,0.19455043488617738,0.7688324286875684
26037,LOF,0.020202712600817005,0.14017552610626394,0.839621761292919
26038,LOF,0.05988810622996586,0.10627567892721303,0.8338362148428211
26039,LOF,0.048851459206529405,0.17398067316836743,0.7771678676251031
26040,LOF,0.2022529345767589,0.15946640608699006,0.638280659336251
26041,LOF,0.020809162481944025,0.13120869554197623,0.8479821419760798
26042,LOF,0.01899170067753513,0.12593846891644248,0.8550698304060225
26043,LOF,0.06037127433003311,0.12187414801921387,0.817754577650753
26044,LOF,0.019441303453395148,0.080773849488227,0.8997848470583779
26045,LOF,0.0605769384915141,0.12406961953924191,0.815353441969244
26046,LOF,0.05549280537066794,0.09451768997495977,0.8499895046543722
26047,LOF,0.07345513578794723,0.09753105554060713,0.8290138086714456
26048,LOF,0.04454438696475335,0.04442544291217615,0.9110301701230705
26049,Neutral,0.9673162313591095,0.007771552956102892,0.024912215684787523
26050,Neutral,0.9537866659311098,0.010113175844361479,0.03610015822452862
26051,LOF,0.048832249784206624,0.2741400276492408,0.6770277225665525
26052,LOF,0.06717340618801604,0.3219439066650748,0.6108826871469092
26053,LOF,0.0541575484780667,0.13835680900349845,0.8074856425184348
26054,LOF,0.05294247701935296,0.016696427685096032,0.930361095295551
26055,LOF,0.07941521381186753,0.014082976235589309,0.9065018099525431
26056,LOF,0.06606217102108089,0.015543077950214269,0.9183947510287048
26057,LOF,0.028913452740213307,0.013418738702849953,0.9576678085569368
26058,LOF,0.030011937783968018,0.010945946557835186,0.9590421156581967
26059,LOF,0.2862223400481961,0.020245920010851015,0.693531739940953
26060,LOF,0.035024700832252974,0.17116724704367572,0.7938080521240714
26061,LOF,0.018702831777759645,0.010711019287834607,0.9705861489344058
26062,LOF,0.010295078522671218,0.016821695911821956,0.9728832255655069
26063,LOF,0.020471643556884647,0.012284098108736667,0.9672442583343787
26064,LOF,0.023178396481693658,0.021359868479658633,0.9554617350386477
26065,LOF,0.02442156901490105,0.011611280786062704,0.9639671501990362
26066,LOF,0.02100564189066828,0.011876391130845444,0.9671179669784863
26067,LOF,0.025456933525366186,0.009816966618196766,0.964726099856437
26068,LOF,0.043141393306909165,0.02788422490152248,0.9289743817915683
26069,LOF,0.2495453956978263,0.018065784002077142,0.7323888203000964
26070,LOF,0.3809127613483105,0.014576052683641193,0.6045111859680483
26071,LOF,0.02154260572460792,0.01273395824225985,0.9657234360331322
26072,LOF,0.022301341317221217,0.01640350433018791,0.9612951543525907
26073,LOF,0.02115003084050446,0.011044537273198644,0.9678054318862969
26074,Neutral,0.9069055963014567,0.005551380556430947,0.08754302314211214
26075,LOF,0.04472043247153451,0.014848803280121527,0.9404307642483438
26076,LOF,0.04068282186327864,0.010389895579571968,0.9489272825571493
26077,LOF,0.01002171516939045,0.015904097389305736,0.9740741874413038
26078,LOF,0.013460822417119383,0.011682156292432466,0.974857021290448
26079,LOF,0.05911997907745789,0.016222116897639794,0.9246579040249022
26080,LOF,0.057516729528279166,0.01624603237517086,0.92623723809655
26081,LOF,0.03262151099810727,0.007080549085443383,0.9602979399164493
26082,LOF,0.013369676797343704,0.016736664702460807,0.9698936585001955
26083,LOF,0.19818597908644076,0.013581232893421594,0.7882327880201377
26084,LOF,0.044441668253417416,0.01254095624474826,0.9430173755018343
26085,LOF,0.03995172403155255,0.011882177641401483,0.948166098327046
26086,LOF,0.01876927981807788,0.011444510254903987,0.9697862099270183
26087,LOF,0.02431927497607588,0.008613918293709383,0.9670668067302147
26088,LOF,0.01475616669866532,0.022326805540584835,0.9629170277607498
26089,LOF,0.04323362320359165,0.021870767151140103,0.9348956096452682
26090,LOF,0.04252596711926195,0.017080507978039467,0.9403935249026987
26091,LOF,0.03353883088940183,0.006798526587927752,0.9596626425226704
26092,LOF,0.02239305087731026,0.00847926478992893,0.9691276843327609
26093,LOF,0.03290395399814347,0.006667929855215658,0.9604281161466409
26094,LOF,0.03572060614114595,0.0067529295989385155,0.9575264642599156
26095,LOF,0.04060770797430043,0.01301792673720703,0.9463743652884925
26096,LOF,0.01724866914785649,0.011942728796015918,0.9708086020561277
26097,LOF,0.010911845900719926,0.03282129683511018,0.9562668572641699
26098,LOF,0.07238429342824822,0.010188733669307271,0.9174269729024445
26099,LOF,0.02142680892000904,0.012959266495720986,0.96561392458427
26100,LOF,0.023531930531935027,0.012715774487117302,0.9637522949809477
26101,LOF,0.05204085005728951,0.01475447850125186,0.9332046714414587
26102,LOF,0.020501873174604553,0.01377642029156097,0.9657217065338346
26103,Neutral,0.8805472362507956,0.018545868098323634,0.10090689565088093
26104,LOF,0.0848311789768082,0.021829923025054754,0.8933388979981369
26105,LOF,0.2300825979370826,0.3142609113756794,0.455656490687238
26106,LOF,0.19076458720170733,0.11607136858418012,0.6931640442141125
26107,LOF,0.22224836526033173,0.08415642332603082,0.6935952114136374
26108,LOF,0.2905513101840558,0.10530924772124714,0.6041394420946972
26109,LOF,0.09463992835182998,0.05568006991113811,0.8496800017370318
26110,LOF,0.22348214219852205,0.00838775359604782,0.76813010420543
26111,Neutral,0.5062319397814684,0.025333807642824075,0.4684342525757075
26112,LOF,0.030788824892270403,0.009384085720177212,0.9598270893875523
26113,LOF,0.06223515732257858,0.020762910965844806,0.9170019317115766
26114,LOF,0.025317094573879952,0.030746781899713704,0.9439361235264063
26115,LOF,0.08807346322275068,0.055250919569552616,0.8566756172076967
26116,LOF,0.07169491915235458,0.0592164438484406,0.8690886369992048
26117,LOF,0.43248037985117027,0.04067921435454053,0.5268404057942891
26118,LOF,0.03197277805923051,0.025005817919915532,0.943021404020854
26119,LOF,0.022234433197423697,0.036692643295624015,0.9410729235069523
26120,LOF,0.025168129422087293,0.022536624119282315,0.9522952464586305
26121,LOF,0.04085156123563334,0.0810633582251449,0.8780850805392219
26122,LOF,0.044312660338594254,0.04131583735295225,0.9143715023084535
