feature0,prediction,LoGoFunc_Neutral,LoGoFunc_GOF,LoGoFunc_LOF
25546,Neutral,0.6104022262947687,0.060644421434560704,0.3289533522706705
25547,Neutral,0.5021069424381098,0.09525981395610152,0.4026332436057888
25548,Neutral,0.5278366964091772,0.08899582114163906,0.38316748244918364
25549,Neutral,0.4606168210618261,0.08888337477022035,0.4504998041679535
25550,LOF,0.3904968085102054,0.10048142912570777,0.5090217623640868
25551,LOF,0.33274163669991474,0.11353568990125001,0.5537226733988353
25552,LOF,0.3104028052510742,0.1169234684559397,0.5726737262929861
25553,Neutral,0.789669589039552,0.0506992117160468,0.15963119924440122
25554,LOF,0.3402308373296683,0.10937205482217335,0.5503971078481583
25555,LOF,0.3031678848177509,0.10143611548547786,0.5953959996967713
25556,Neutral,0.48041334222432813,0.09330012519647075,0.42628653257920107
25557,LOF,0.2929852732768199,0.10592099354712979,0.6010937331760503
25558,LOF,0.3445294697622216,0.10188905058033507,0.5535814796574433
25559,LOF,0.23985998714235882,0.047469254652094686,0.7126707582055465
25560,LOF,0.09210611349367143,0.1571664253296794,0.7507274611766491
25561,LOF,0.10338738047568873,0.20616502974138298,0.6904475897829283
25562,LOF,0.041413323107390064,0.11093832270105335,0.8476483541915565
25563,LOF,0.01009188423732741,0.16215864389924603,0.8277494718634266
25564,LOF,0.09431164650034404,0.11782900521098494,0.7878593482886711
25565,LOF,0.19867525985942844,0.15916317144267125,0.6421615686979003
25566,GOF,0.061981154185721365,0.6653628244293037,0.2726560213849749
25567,LOF,0.052051167997067035,0.164119739563211,0.783829092439722
25568,LOF,0.061304625274192275,0.0910538346709011,0.8476415400549067
25569,LOF,0.06096770175714162,0.08604012622314308,0.8529921720197152
25570,LOF,0.026278049352561537,0.12717063641618734,0.8465513142312512
25571,LOF,0.02536156161442134,0.13723498604949153,0.837403452336087
25572,LOF,0.05670764551143509,0.18348696255950753,0.7598053919290575
25573,LOF,0.06185261955930279,0.12705073756481886,0.8110966428758783
25574,LOF,0.07678681277889729,0.22259774928589676,0.700615437935206
25575,LOF,0.023683303005160583,0.1511948708041577,0.8251218261906816
25576,LOF,0.023846396873261302,0.21607763703619387,0.760075966090545
25577,LOF,0.02929281145322698,0.16294995628962902,0.807757232257144
25578,LOF,0.3100433609698762,0.09445244581669968,0.5955041932134241
25579,LOF,0.22063084585034598,0.09616767081570954,0.6832014833339445
25580,LOF,0.023552458258770347,0.0958218479778428,0.8806256937633868
25581,LOF,0.04786202060117901,0.08973141073012027,0.8624065686687007
25582,LOF,0.04749205379901845,0.08833560800645322,0.8641723381945283
25583,LOF,0.029080011534893858,0.10950460382330701,0.8614153846417991
25584,Neutral,0.7143641302196944,0.11228783957825113,0.17334803020205444
25585,LOF,0.022110065826213263,0.19600680526590614,0.7818831289078806
25586,LOF,0.020273307671357908,0.1102911772192311,0.869435515109411
25587,LOF,0.020234957199393243,0.09458992993889317,0.8851751128617136
25588,LOF,0.023825764282074256,0.0918731160572159,0.8843011196607098
25589,Neutral,0.5509923667287419,0.21305158041862177,0.23595605285263638
25590,LOF,0.05214237257581364,0.12780516654074153,0.8200524608834449
25591,LOF,0.08002154326159443,0.08304163522788403,0.8369368215105216
25592,LOF,0.06700999857025866,0.15160714270351097,0.7813828587262304
25593,LOF,0.11300920367690379,0.28083978377150853,0.6061510125515878
25594,LOF,0.05788309511422938,0.04405465003879053,0.8980622548469801
25595,LOF,0.0582239770674322,0.02855494462019051,0.9132210783123773
25596,LOF,0.12416722214633426,0.01765179059761694,0.8581809872560487
25597,LOF,0.08454456510083162,0.021910249634989568,0.8935451852641788
25598,LOF,0.053935898882361985,0.029357674959079438,0.9167064261585586
25599,LOF,0.028338422986338825,0.33938783248008325,0.6322737445335779
25600,LOF,0.18399530145176135,0.3355548793262147,0.4804498192220239
25601,LOF,0.04697579510108888,0.2597303408250822,0.6932938640738289
25602,LOF,0.03339909053869607,0.07532016429945249,0.8912807451618514
25603,LOF,0.05164883817561081,0.06800497843853742,0.8803461833858518
25604,LOF,0.05302792004483692,0.13420876798711795,0.8127633119680451
25605,LOF,0.04028752838447592,0.22253095773068485,0.7371815138848393
25606,Neutral,0.4522931823146571,0.22057055660000421,0.3271362610853387
25607,LOF,0.03149161498558171,0.2586209685289414,0.7098874164854768
25608,LOF,0.03884446760280755,0.12861354681192574,0.8325419855852666
25609,GOF,0.15872898656287762,0.539159999012559,0.30211101442456334
25610,LOF,0.017998023776470747,0.06051134455349278,0.9214906316700364
25611,LOF,0.012976096041174966,0.06017180983510855,0.9268520941237165
25612,LOF,0.04718885554679427,0.06685831641170566,0.8859528280415001
25613,LOF,0.04505955710771181,0.0688059348542445,0.8861345080380437
25614,LOF,0.02365187278622289,0.05151678359154411,0.9248313436222331
25615,LOF,0.0433970655237641,0.056990918324745024,0.8996120161514908
25616,LOF,0.0588600947602324,0.06280132096484008,0.8783385842749275
25617,LOF,0.045647215853969046,0.06515693334271716,0.8891958508033139
25618,LOF,0.04609314285994303,0.09398467195371318,0.8599221851863438
25619,LOF,0.014138149185106866,0.0766444919447774,0.9092173588701157
25620,LOF,0.05008186529765643,0.06278385643405525,0.8871342782682883
25621,LOF,0.062183408896976655,0.04744381254051664,0.8903727785625067
25622,LOF,0.07435863493454732,0.0598346268259981,0.8658067382394546
25623,LOF,0.06264908654591209,0.04100424775293676,0.8963466657011512
25624,LOF,0.021729235824298376,0.058824599308455294,0.9194461648672463
25625,LOF,0.06233592831871945,0.05290032592198891,0.8847637457592917
25626,LOF,0.04953985715834944,0.06101704456404069,0.8894430982776098
25627,Neutral,0.8839561006215463,0.025065960165652882,0.09097793921280091
25628,LOF,0.17948404255483888,0.07345152370041996,0.7470644337447411
25629,LOF,0.07790776931148587,0.06865776731742035,0.8534344633710937
25630,LOF,0.29317616188994744,0.07577909790420174,0.6310447402058508
25631,Neutral,0.5645132416462536,0.06355585313890548,0.37193090521484096
25632,LOF,0.030724264302548276,0.08831179619600396,0.8809639395014478
25633,LOF,0.23583289069700608,0.07114714789134707,0.6930199614116469
25634,LOF,0.04506090491348249,0.1342282562500639,0.8207108388364537
25635,LOF,0.042406214658673856,0.058967450034485516,0.8986263353068407
25636,GOF,0.03200692012686817,0.5812618789240738,0.3867312009490581
25637,GOF,0.04905675729895868,0.5224908170107457,0.4284524256902957
25638,LOF,0.024958889135439515,0.48280481727636376,0.4922362935881968
25639,LOF,0.03162404400427603,0.4558671754908365,0.5125087805048874
25640,Neutral,0.857121806589816,0.0766424987578767,0.06623569465230733
25641,LOF,0.10360625091084066,0.41039851042852493,0.48599523866063443
25642,LOF,0.09133613647382699,0.16759766342561516,0.7410662001005579
25643,LOF,0.3211235419570919,0.11124785272766634,0.5676286053152417
25644,GOF,0.010996061756299429,0.6528452570082218,0.3361586812354787
25645,GOF,0.011814321566218458,0.5915368410749263,0.3966488373588553
25646,LOF,0.025964360662070734,0.4348053615660412,0.5392302777718881
25647,LOF,0.01159774849286807,0.32579170211530883,0.6626105493918232
25648,LOF,0.012581821365352264,0.41766547284242034,0.5697527057922274
25649,LOF,0.008395813517592282,0.33911941507249177,0.652484771409916
25650,GOF,0.024802115433933493,0.5915683552978169,0.3836295292682496
25651,LOF,0.011045480863549152,0.4097060711183855,0.5792484480180654
25652,LOF,0.014168749968032673,0.44855693181751155,0.5372743182144558
25653,GOF,0.04225331956038268,0.5848418039632566,0.3729048764763609
25654,LOF,0.011567931350505059,0.32899032033358033,0.6594417483159146
25655,GOF,0.10896165469656804,0.6081113091205778,0.2829270361828541
25656,LOF,0.3253043504079224,0.1287124251714805,0.5459832244205971
25657,LOF,0.05102659701186938,0.13251689843739783,0.8164565045507327
25658,LOF,0.3119004975463657,0.18383672537120882,0.5042627770824255
25659,Neutral,0.5041421120495803,0.17918202601102667,0.31667586193939296
25660,LOF,0.020777400427702923,0.10658662378403937,0.8726359757882577
25661,LOF,0.06508491503024492,0.06972157001123466,0.8651935149585205
25662,LOF,0.028826629808285452,0.04027989511865958,0.930893475073055
25663,LOF,0.03083834975824985,0.03802751765472319,0.9311341325870269
25664,LOF,0.10158030147961122,0.06681259864032464,0.8316070998800642
25665,LOF,0.062140404156230206,0.030472852983193226,0.9073867428605765
25666,LOF,0.0692027630290287,0.05579217447459248,0.8750050624963789
25667,LOF,0.06282351277657708,0.04288647137694429,0.8942900158464786
25668,LOF,0.0314930506613894,0.05390391518206802,0.9146030341565426
25669,LOF,0.023247127221100068,0.05071370692928484,0.9260391658496151
25670,LOF,0.11832409103296392,0.04335026129103919,0.8383256476759968
25671,LOF,0.09252076610596024,0.04127502539960762,0.8662042084944321
25672,LOF,0.05396934253524902,0.04715346519806206,0.8988771922666889
25673,LOF,0.0909127628816103,0.04434779727117446,0.8647394398472151
25674,LOF,0.09134012221677996,0.057391751765407464,0.8512681260178125
25675,LOF,0.08261189817101969,0.0684142550819722,0.848973846747008
25676,LOF,0.01661384474259791,0.06437224009077191,0.9190139151666302
25677,LOF,0.016526327657135884,0.08562871204415508,0.8978449602987091
25678,LOF,0.16987025832966926,0.09458316999235554,0.7355465716779752
25679,LOF,0.11248890140590893,0.08599317525576086,0.8015179233383302
25680,LOF,0.027636021072256073,0.1310151957500275,0.8413487831777164
25681,LOF,0.041464515657736706,0.12289125355069233,0.835644230791571
25682,LOF,0.10713882926902915,0.07270041977682348,0.8201607509541474
25683,LOF,0.0986855507552161,0.0874305109296071,0.8138839383151769
25684,LOF,0.027601625427075723,0.06055238924642993,0.9118459853264944
25685,LOF,0.12614515459216238,0.08577378628648903,0.7880810591213486
25686,LOF,0.07144389080426734,0.12419337777111576,0.8043627314246169
25687,LOF,0.1196593012580843,0.12062865205264443,0.7597120466892712
25688,LOF,0.42718379816137847,0.03421204665701056,0.538604155181611
25689,LOF,0.2893704264136655,0.04515429735718942,0.6654752762291452
25690,LOF,0.3469649398966111,0.029682882964316804,0.6233521771390721
25691,Neutral,0.6934379337776785,0.02830151536764623,0.27826055085467527
25692,LOF,0.35563777461218965,0.013834187652396013,0.6305280377354142
25693,GOF,0.04218473738453101,0.4882481324015249,0.4695671302139442
25694,LOF,0.11372498345985231,0.016366191669559126,0.8699088248705885
25695,LOF,0.10262336801540238,0.011925613011672984,0.8854510189729247
25696,LOF,0.11418730265267009,0.012739371667767101,0.8730733256795629
25697,LOF,0.05466693188617184,0.10981870816819894,0.8355143599456293
25698,LOF,0.2572944857627589,0.28561005810697543,0.45709545613026564
25699,Neutral,0.4808971677284905,0.041023582780783066,0.47807924949072644
25700,LOF,0.07204035112513991,0.01339918791421596,0.9145604609606441
25701,LOF,0.1797093653066624,0.03638504517291461,0.7839055895204231
25702,GOF,0.19568744922255216,0.6268511791884674,0.17746137158898034
25703,LOF,0.017577590144188374,0.1506116556075177,0.8318107542482939
25704,LOF,0.03492102687032511,0.13316181755211945,0.8319171555775555
25705,LOF,0.04449059073820616,0.0713896290818946,0.8841197801798992
25706,LOF,0.11283265132869678,0.4340632547411122,0.453104093930191
25707,LOF,0.0851428197096153,0.35045978169868347,0.5643973985917012
25708,LOF,0.04066635315560517,0.34223569939203957,0.6170979474523552
25709,LOF,0.07531534690726849,0.03200926722107513,0.8926753858716564
25710,LOF,0.015081608003176655,0.11163960934330826,0.8732787826535151
25711,LOF,0.02094420777427916,0.06384654392986226,0.9152092482958586
25712,LOF,0.018145104062964854,0.15175227685604514,0.83010261908099
25713,LOF,0.01817476528732062,0.06095984175062375,0.9208653929620556
25714,LOF,0.07735574488626797,0.044177848432329345,0.8784664066814027
25715,LOF,0.01126644960883018,0.09655387088096856,0.8921796795102013
25716,LOF,0.01251829044962281,0.08196313411827867,0.9055185754320985
25717,LOF,0.018288955823960035,0.05425235570503912,0.9274586884710008
25718,LOF,0.011414177595574265,0.042341888905897414,0.9462439334985284
25719,LOF,0.021146873956990792,0.059772259223717046,0.9190808668192921
25720,LOF,0.027625349733759425,0.03983073768832397,0.9325439125779166
25721,LOF,0.011327484845129401,0.055144708800575176,0.9335278063542953
25722,LOF,0.012828117763138823,0.047428839476449096,0.9397430427604122
25723,LOF,0.02622158558695479,0.03213113809576907,0.9416472763172761
25724,LOF,0.032561825374705734,0.06530461098144735,0.9021335636438469
25725,LOF,0.011330150138634537,0.058611319935391294,0.9300585299259742
25726,LOF,0.016798264665309582,0.06538660703592278,0.9178151282987675
25727,LOF,0.013379362036063115,0.04754006150142219,0.9390805764625146
25728,LOF,0.010290658405788397,0.06361048933213415,0.9260988522620774
25729,LOF,0.010491986804230653,0.06299118045112785,0.9265168327446414
25730,LOF,0.014173905873228924,0.06411726051889335,0.9217088336078777
25731,LOF,0.02228747476344124,0.07456794941568631,0.9031445758208725
25732,LOF,0.012781928469078788,0.04259101481866811,0.944627056712253
25733,LOF,0.01427765327143537,0.04961945002118941,0.9361028967073753
25734,LOF,0.013186958283427561,0.10252439066237207,0.8842886510542003
25735,LOF,0.010860219518324495,0.04747835709014587,0.9416614233915296
25736,LOF,0.012387904393357851,0.05261054566274838,0.9350015499438937
25737,LOF,0.012207020450423904,0.08505294000653983,0.9027400395430364
25738,LOF,0.012034365059703851,0.08126781613622208,0.9066978188040742
25739,LOF,0.020845416624050282,0.05734418443019426,0.9218103989457554
25740,LOF,0.02936963319053258,0.10217593366823555,0.8684544331412319
25741,LOF,0.015410975524251597,0.08770949785762615,0.8968795266181223
25742,LOF,0.117851008495931,0.06404339445755752,0.8181055970465115
25743,LOF,0.03935177066099572,0.05177883584045951,0.9088693934985448
25744,Neutral,0.6325143584733156,0.21105168568109062,0.15643395584559389
25745,LOF,0.05929642182350086,0.0759571742207126,0.8647464039557866
25746,LOF,0.04489453154382868,0.10869559712894938,0.8464098713272219
25747,LOF,0.018085962641535145,0.0925951026801386,0.8893189346783262
25748,LOF,0.11323241410443124,0.14401290052646107,0.7427546853691077
25749,LOF,0.02708028951774556,0.08841222911007726,0.8845074813721772
25750,LOF,0.06513427829100396,0.1089084384722689,0.8259572832367272
25751,LOF,0.10548132014864174,0.11942906838691905,0.7750896114644391
25752,GOF,0.11540926430177452,0.6171609454174402,0.2674297902807854
25753,LOF,0.029124451270542022,0.3594100294415974,0.6114655192878606
25754,GOF,0.017555390481676824,0.7936434218218485,0.18880118769647464
25755,LOF,0.030925065982534854,0.35077157532402614,0.6183033586934391
25756,LOF,0.06230470021146272,0.42921436362283805,0.5084809361656992
25757,GOF,0.020494122167067766,0.8766527141817076,0.10285316365122452
25758,GOF,0.02668280501548921,0.8219652360464696,0.15135195893804113
25759,GOF,0.011533103504492603,0.6768211857497631,0.3116457107457443
25760,LOF,0.018537537165669214,0.36430384219852024,0.6171586206358105
25761,GOF,0.2630437858787505,0.6438036767186863,0.0931525374025632
25762,LOF,0.05305902258373959,0.363047141081871,0.5838938363343893
25763,LOF,0.016952404355474075,0.2585215032228193,0.7245260924217067
25764,GOF,0.0714071236060961,0.7086885868666248,0.21990428952727917
25765,GOF,0.033580579282823424,0.7714143075278573,0.19500511318931907
25766,GOF,0.08011417188769356,0.7666829650009663,0.15320286311134007
25767,LOF,0.13626678428769795,0.3935481505699345,0.4701850651423676
25768,LOF,0.10819752762792573,0.03542934468528195,0.8563731276867923
25769,LOF,0.056558157007610084,0.07336077767405712,0.870081065318333
25770,LOF,0.33177303031222344,0.12196990180217632,0.5462570678856002
25771,LOF,0.06804350257002519,0.04829680546801397,0.8836596919619607
25772,LOF,0.02020535573040593,0.05484492620707997,0.924949718062514
25773,LOF,0.067816169944516,0.07431000933934424,0.8578738207161397
25774,LOF,0.028457450443079384,0.12595199329824927,0.8455905562586713
25775,LOF,0.06849102301916896,0.055724818217508916,0.8757841587633222
25776,LOF,0.08060221675331784,0.03648586359176399,0.8829119196549182
25777,LOF,0.3438779217454165,0.11523544610657828,0.5408866321480053
25778,LOF,0.07648071101974703,0.05188058346369797,0.8716387055165551
25779,GOF,0.4210141090731123,0.5356103137092738,0.04337557721761389
25780,GOF,0.32660189064342415,0.580449962722819,0.09294814663375679
25781,GOF,0.11465732880775774,0.7692892597954297,0.11605341139681263
25782,GOF,0.19188880660586644,0.7309305783520526,0.07718061504208093
25783,GOF,0.025845360288921496,0.6583273552355662,0.31582728447551234
25784,Neutral,0.5276253866905202,0.4268154683390937,0.045559144970386184
25785,Neutral,0.5225325885394232,0.4232341869570931,0.05423322450348378
25786,GOF,0.04151147333747491,0.700647442198131,0.257841084464394
25787,Neutral,0.6861268919502439,0.28348093539773556,0.030392172652020565
25788,LOF,0.05885920158904305,0.08838476080253507,0.8527560376084219
25789,GOF,0.20197434458574337,0.6441445369403297,0.15388111847392694
25790,GOF,0.2675157309543409,0.6246935677417614,0.10779070130389773
25791,GOF,0.14447666952025817,0.6585143580986056,0.19700897238113624
25792,GOF,0.3446768090903476,0.5034009608435142,0.15192223006613817
25793,GOF,0.2781236643395509,0.477344687133482,0.24453164852696727
25794,GOF,0.2948065210616063,0.48747210339325703,0.2177213755451366
25795,GOF,0.06581747692749765,0.6867001332058961,0.24748238986660642
25796,Neutral,0.5065301523116776,0.40658776200230423,0.08688208568601828
25797,GOF,0.08445213849871608,0.5586141346058963,0.35693372689538766
25798,GOF,0.010770172951609794,0.5222238343280133,0.46700599272037696
25799,LOF,0.008519527512276604,0.44798261591085764,0.5434978565768658
25800,GOF,0.040146597136099506,0.6372637463624498,0.32258965650145077
25801,GOF,0.2498723687931141,0.6475046929480619,0.10262293825882408
25802,GOF,0.07990606437145296,0.6630105701388753,0.2570833654896717
25803,GOF,0.04725490895100373,0.5650692914106786,0.38767579963831766
25804,GOF,0.04125925382747276,0.4967477465311633,0.4619929996413639
25805,GOF,0.12918200326501586,0.5793838923082629,0.29143410442672124
25806,GOF,0.14306751054904848,0.5856932462418549,0.2712392432090965
25807,GOF,0.01950153067948093,0.627574119252701,0.35292435006781814
25808,GOF,0.12069039296895512,0.569374231382385,0.30993537564865997
25809,GOF,0.01973098186615379,0.6201162642205059,0.36015275391334034
25810,GOF,0.0206056291482747,0.6180423155872158,0.36135205526450953
25811,Neutral,0.4754434508968509,0.4484426521440993,0.07611389695904991
25812,GOF,0.033705525576601114,0.5905518800005221,0.3757425944228769
25813,Neutral,0.5569341102039639,0.31597881169748354,0.12708707809855255
25814,GOF,0.11709017003024817,0.6428091057274521,0.24010072424229972
25815,GOF,0.2329002240395018,0.5790150385095736,0.18808473745092458
25816,GOF,0.019569517860824247,0.6852548235848915,0.2951756585542842
25817,GOF,0.19118480201864713,0.6687945937490294,0.1400206042323234
25818,GOF,0.0434441550541101,0.545908714597734,0.41064713034815575
25819,GOF,0.34024902524954803,0.4820916166697232,0.17765935808072875
25820,GOF,0.18493421751064448,0.5942027364161706,0.220863046073185
25821,GOF,0.05394156967993724,0.6647716638574563,0.2812867664626064
25822,GOF,0.2310622246731654,0.5276929008758778,0.24124487445095677
25823,LOF,0.029866346918381043,0.4807619358947677,0.48937171718685124
25824,GOF,0.08058232392358955,0.5033817392335089,0.4160359368429015
25825,GOF,0.03068089571846621,0.5153458616734294,0.4539732426081044
25826,LOF,0.010744924663753768,0.4856577154786629,0.5035973598575834
25827,GOF,0.019700518838878626,0.5622688401974856,0.41803064096363585
25828,LOF,0.012539741006497497,0.49289043836559293,0.49456982062790966
25829,GOF,0.006123628419460541,0.5313755727164575,0.4625007988640819
25830,LOF,0.040367248075624834,0.2962345589020847,0.6633981930222904
25831,GOF,0.14314900862864655,0.717657098966298,0.13919389240505542
25832,GOF,0.03224057476783867,0.6616487325885285,0.30611069264363266
25833,GOF,0.1091997355994029,0.6778585730245168,0.21294169137608038
25834,GOF,0.037479376821570654,0.6602877732875108,0.3022328498909186
25835,GOF,0.08814062998784507,0.6390046130811642,0.2728547569309906
25836,GOF,0.04670134582159158,0.6196702883281314,0.33362836585027705
25837,GOF,0.024123103694421593,0.5158950153236483,0.45998188098193
25838,GOF,0.08648559447411608,0.711142972502365,0.20237143302351882
25839,GOF,0.3224918587375059,0.5181009536445679,0.15940718761792633
25840,GOF,0.21939537831720868,0.5753686909142323,0.205235930768559
25841,GOF,0.23975647248988746,0.5665414321616686,0.19370209534844396
25842,GOF,0.17232643322353666,0.5995669033541275,0.2281066634223359
25843,GOF,0.2241891734874069,0.6219204414852716,0.15389038502732155
25844,GOF,0.057492763673996264,0.6109657264301543,0.3315415098958494
25845,LOF,0.012512743403571149,0.45982788370204875,0.52765937289438
25846,GOF,0.09253966547336014,0.7110892474261366,0.19637108710050336
25847,GOF,0.1264131312284762,0.6871950371745447,0.18639183159697909
25848,GOF,0.03163815210483917,0.6310906998284156,0.33727114806674524
25849,GOF,0.00968732819205844,0.5344580501493397,0.4558546216586018
25850,GOF,0.026353747381142878,0.582673869642758,0.3909723829760992
25851,GOF,0.021537289538721534,0.49402632915470757,0.48443638130657085
25852,GOF,0.14844631865848273,0.553088280686491,0.29846540065502625
25853,GOF,0.31468111546725375,0.6009851373401801,0.0843337471925661
25854,GOF,0.01684476184690253,0.6400224831864494,0.3431327549666481
25855,GOF,0.03861586165509152,0.6197004830322614,0.34168365531264716
25856,GOF,0.2314142178952574,0.5792906473112347,0.18929513479350793
25857,GOF,0.033844250917341605,0.5362027633878048,0.4299529856948535
25858,GOF,0.01906197674479024,0.5779246590334596,0.4030133642217501
25859,GOF,0.009206095333037758,0.5752887754188739,0.41550512924808836
25860,GOF,0.35529431419400304,0.5592991939527033,0.08540649185329363
25861,GOF,0.38181207913959164,0.5448442939199895,0.07334362694041893
25862,GOF,0.08833451595187436,0.7579064025471921,0.15375908150093356
25863,GOF,0.08824307378342372,0.771844784178407,0.1399121420381692
25864,GOF,0.18790073089332737,0.7161713822082301,0.09592788689844257
25865,GOF,0.07693960782001691,0.7763475988707711,0.14671279330921194
25866,GOF,0.06491121025302264,0.7893610029483427,0.1457277867986348
25867,GOF,0.08196931018619716,0.7906154999216346,0.1274151898921682
25868,GOF,0.2722194105552103,0.6039598433095078,0.12382074613528175
25869,Neutral,0.6833382136872869,0.2740840186227019,0.042577767690011335
25870,LOF,0.31112723208332355,0.2645430324191002,0.42432973549757624
25871,GOF,0.25161239397446694,0.6015002620177343,0.14688734400779874
25872,GOF,0.09544863584867433,0.6085775920879358,0.2959737720633899
25873,GOF,0.1649799393720152,0.603277498862857,0.23174256176512784
25874,LOF,0.021799981602667003,0.09242520141610928,0.8857748169812236
25875,LOF,0.08164015065601202,0.063429391823109,0.854930457520879
25876,LOF,0.02119159600234403,0.07204435254419772,0.9067640514534583
25877,Neutral,0.503333530329806,0.059336167980263234,0.43733030168993076
25878,LOF,0.21555784821151616,0.11145725151325217,0.6729849002752316
25879,LOF,0.0979642718253705,0.12540765293913173,0.7766280752354977
25880,LOF,0.02349784232084728,0.02133495749097443,0.9551672001881784
25881,LOF,0.20327213648016185,0.2075337299642201,0.589194133555618
25882,LOF,0.09111362593027382,0.025608919425015572,0.8832774546447105
25883,LOF,0.08536518056188425,0.03809977107065665,0.8765350483674591
25884,LOF,0.0484950882798137,0.04630949088065176,0.9051954208395345
25885,LOF,0.07557341736813512,0.015778297795937507,0.9086482848359273
25886,LOF,0.395175312713845,0.086572394960602,0.518252292325553
25887,LOF,0.169924396093175,0.14208135916228007,0.687994244744545
25888,LOF,0.07234414736018537,0.11713587800245889,0.8105199746373557
25889,LOF,0.04999328894415909,0.0411373181697672,0.9088693928860737
25890,LOF,0.05728746983607982,0.1447391229152364,0.7979734072486837
25891,LOF,0.048084755975947725,0.07182722467254851,0.8800880193515037
25892,LOF,0.12557660635708606,0.023010397042436966,0.8514129966004769
25893,LOF,0.3007279156843243,0.016828742197597373,0.6824433421180784
25894,LOF,0.1855531039775952,0.00948017859275802,0.8049667174296466
25895,LOF,0.22629939991089212,0.020461157759667305,0.7532394423294405
25896,LOF,0.05450885361189178,0.025109800473115028,0.9203813459149932
25897,LOF,0.252680848181381,0.016906544375993638,0.7304126074426255
25898,Neutral,0.7375134318589393,0.011426076038374085,0.25106049210268666
25899,LOF,0.3071516568539419,0.03941955091830796,0.6534287922277501
25900,LOF,0.4891769917155019,0.016434392727651473,0.49438861555684677
25901,LOF,0.07141308626722967,0.014724048032010115,0.9138628657007601
25902,LOF,0.2165297834237862,0.011164885724712711,0.772305330851501
25903,Neutral,0.5971701937090705,0.029912311298345783,0.37291749499258375
25904,LOF,0.2937076042702966,0.04714444337385534,0.6591479523558482
25905,LOF,0.024064670924781036,0.3156124537341895,0.6603228753410295
25906,LOF,0.024968674069859087,0.07901075758024165,0.8960205683498993
25907,LOF,0.01311922028057234,0.32723222540580327,0.6596485543136243
25908,LOF,0.01120899767906799,0.23041653209777577,0.7583744702231563
25909,LOF,0.013255792381866013,0.17041962247129838,0.8163245851468357
25910,LOF,0.0560265026725427,0.13146606443478748,0.8125074328926697
25911,LOF,0.11496194909342262,0.03705010900998051,0.8479879418965968
25912,LOF,0.03091502059015289,0.08229512133809583,0.8867898580717513
25913,LOF,0.24934088765157017,0.028950452915259807,0.72170865943317
25914,LOF,0.026183600737197138,0.14258666233562017,0.8312297369271827
25915,Neutral,0.450075608820049,0.22386926721331363,0.3260551239666374
25916,LOF,0.06367553324695187,0.2698624572353771,0.666462009517671
25917,LOF,0.06677476408399978,0.06371365878268026,0.86951157713332
25918,LOF,0.03306238597018778,0.08428662448672905,0.8826509895430832
25919,LOF,0.027392811225649117,0.08656692130289835,0.8860402674714526
25920,GOF,0.09323617681502128,0.5377015286699032,0.3690622945150755
25921,LOF,0.03509920886032827,0.026750960227139107,0.9381498309125326
25922,LOF,0.045778757851768576,0.01859039148904816,0.9356308506591832
25923,LOF,0.40003134175380556,0.016399941590160977,0.5835687166560335
25924,LOF,0.041257039781563455,0.027704474744992123,0.9310384854734444
25925,LOF,0.07208197442625494,0.023774298889719693,0.9041437266840253
25926,LOF,0.05093313809985645,0.015705141220201713,0.9333617206799418
25927,LOF,0.06857283988451161,0.05072580344500782,0.8807013566704806
25928,LOF,0.026366775595434513,0.021231350339466,0.9524018740650996
25929,Neutral,0.5437441165684427,0.018369691364534802,0.43788619206702256
25930,LOF,0.06947023398439589,0.012610408615377483,0.9179193574002267
25931,LOF,0.03501232029551958,0.01866175639468504,0.9463259233097953
25932,LOF,0.031782922492020006,0.014825405843200799,0.9533916716647791
25933,LOF,0.04142920306702925,0.009467029647861546,0.9491037672851093
25934,LOF,0.027003691620117176,0.011317240316171763,0.9616790680637112
25935,LOF,0.06615762558711477,0.02715487147067739,0.9066875029422078
25936,LOF,0.0485538554531281,0.014622631825197862,0.9368235127216741
25937,LOF,0.03640396134797116,0.018092589428093983,0.9455034492239348
25938,LOF,0.06733685709183596,0.029849429669712896,0.902813713238451
25939,LOF,0.0440176561678111,0.010328181128715324,0.9456541627034737
25940,LOF,0.024515458042473934,0.39502781239805834,0.5804567295594677
25941,LOF,0.14572491804087187,0.08852876012226031,0.7657463218368679
25942,LOF,0.014156484204273572,0.03047757129989761,0.9553659444958288
25943,LOF,0.3028763019041633,0.08033251662251366,0.6167911814733231
25944,Neutral,0.5036310012602369,0.04347254307875436,0.4528964556610088
25945,LOF,0.05998748100706311,0.02778953600328712,0.9122229829896498
25946,LOF,0.03736553695980553,0.17772848357883908,0.7849059794613553
25947,LOF,0.11384919731352205,0.21336746287500238,0.6727833398114755
25948,LOF,0.4136342034295549,0.0134586151363632,0.5729071814340819
25949,LOF,0.09737626652835665,0.06362961253803977,0.8389941209336035
25950,GOF,0.23417806398869298,0.501885626759345,0.26393630925196204
25951,LOF,0.30274443883526286,0.21991892556951015,0.477336635595227
25952,GOF,0.05624138661412685,0.5405387747452,0.4032198386406732
25953,LOF,0.15352496784535438,0.1209152529147628,0.7255597792398828
25954,LOF,0.3644150800735518,0.2541766019999962,0.38140831792645197
25955,LOF,0.06606423440612601,0.09244433080644449,0.8414914347874295
25956,LOF,0.21361555765401946,0.0506995673443907,0.7356848750015899
25957,LOF,0.05362235679856187,0.02233956123750207,0.9240380819639361
25958,LOF,0.05744602794543058,0.02926893344068479,0.9132850386138845
25959,LOF,0.05911377430123846,0.33792217478734343,0.6029640509114181
25960,LOF,0.020647857431478844,0.05202694377088257,0.9273251987976386
25961,LOF,0.04802612762113215,0.03809189248493376,0.913881979893934
25962,LOF,0.06624050715570846,0.03813434867565524,0.8956251441686364
25963,LOF,0.0544590508350969,0.1840235411971673,0.7615174079677358
25964,LOF,0.03676188029764813,0.157963897333533,0.8052742223688188
25965,LOF,0.4523991476123061,0.07442236705537235,0.4731784853323216
25966,LOF,0.40039476350043784,0.19494908242328093,0.4046561540762813
25967,LOF,0.014727204560488042,0.08227296649647053,0.9029998289430413
25968,LOF,0.037535424098313015,0.4620478931253977,0.5004166827762893
25969,LOF,0.022811248554956382,0.06913894901528679,0.9080498024297569
25970,LOF,0.057197980375368,0.06188410776007925,0.8809179118645527
25971,LOF,0.08246411822647083,0.02399163673538434,0.8935442450381449
25972,LOF,0.0830274865384574,0.034908101680872314,0.8820644117806703
25973,LOF,0.08127171784352462,0.012408518810362779,0.9063197633461126
25974,LOF,0.26346595161572517,0.021683458855191098,0.7148505895290838
25975,LOF,0.051125713571478486,0.03793770893103945,0.9109365774974821
25976,LOF,0.03459205193671178,0.026230595345738805,0.9391773527175494
25977,LOF,0.13413208633197662,0.10091702652087417,0.7649508871471493
25978,LOF,0.11640465353366983,0.09539067453131907,0.7882046719350112
25979,LOF,0.11593773686377133,0.08701652954941613,0.7970457335868125
25980,LOF,0.1402862180451839,0.1110792227835059,0.7486345591713102
25981,LOF,0.17168263404009176,0.10726152641499447,0.7210558395449138
25982,LOF,0.3636623657078776,0.08092601605052742,0.555411618241595
25983,LOF,0.3645783655502375,0.07581703778644627,0.5596045966633162
25984,LOF,0.05798518825841139,0.10431423578799381,0.8377005759535948
25985,LOF,0.022153951636725108,0.32498372343707493,0.6528623249261999
25986,LOF,0.025420585656669867,0.344492040599532,0.6300873737437981
25987,LOF,0.09817956997897781,0.1253119833669419,0.7765084466540804
25988,LOF,0.11442493080408739,0.0994915685230894,0.7860835006728233
25989,LOF,0.027068281200011424,0.17870737290829958,0.7942243458916889
25990,LOF,0.04092728620132924,0.15265046491574938,0.8064222488829215
25991,GOF,0.11513358449135214,0.5165028801730751,0.36836353533557276
25992,LOF,0.29023211172049845,0.33800747326222225,0.3717604150172793
25993,LOF,0.022645465344431986,0.12380224175345673,0.8535522929021112
25994,LOF,0.015573146441411135,0.1444748008381912,0.8399520527203976
25995,LOF,0.025296325283617613,0.200702004519823,0.7740016701965593
25996,GOF,0.18522321908510553,0.6278917895242576,0.18688499139063694
25997,GOF,0.062320981560626286,0.6129169421493473,0.3247620762900264
25998,Neutral,0.5888796460891208,0.019502892638029807,0.39161746127284947
25999,LOF,0.14932263437018276,0.15872895082543625,0.691948414804381
26000,LOF,0.1442751871724963,0.03849859333389844,0.8172262194936053
26001,LOF,0.20078140780556875,0.03896523230823046,0.7602533598862008
26002,LOF,0.16464120233853613,0.04796780555612191,0.7873909921053419
26003,GOF,0.01039424210587115,0.6962033997648913,0.2934023581292375
26004,GOF,0.027761672709393326,0.7355671926893751,0.2366711346012316
26005,GOF,0.01002340664876958,0.6050220343840798,0.38495455896715064
26006,Neutral,0.5280433509660314,0.3128127677657263,0.15914388126824236
26007,GOF,0.019916644406021724,0.6381002581754078,0.34198309741857047
26008,GOF,0.02406927344815943,0.6472357768201475,0.32869494973169294
26009,GOF,0.028205181710994644,0.6985370795699835,0.27325773871902187
26010,GOF,0.024765115536192095,0.7893555025172341,0.18587938194657383
26011,GOF,0.009181359876419045,0.5633780335033959,0.42744060662018507
26012,GOF,0.020713597989487006,0.6551318936238167,0.3241545083866962
26013,GOF,0.01939693614035207,0.705108207355262,0.27549485650438593
26014,LOF,0.04029385151152005,0.18452305207522215,0.7751830964132579
26015,LOF,0.15795675695196754,0.009846636294782093,0.8321966067532504
26016,LOF,0.24183688344970555,0.044187645599517454,0.7139754709507768
26017,LOF,0.1867114456600673,0.09432893379559254,0.7189596205443401
26018,LOF,0.07551957329990744,0.03327793276785416,0.8912024939322385
26019,LOF,0.07583272950479812,0.02560441043650889,0.898562860058693
26020,LOF,0.05164810988381521,0.1075120929896257,0.8408397971265591
26021,LOF,0.04967131005389448,0.13680390006060236,0.813524789885503
26022,LOF,0.009720763612116913,0.07074097716998509,0.9195382592178979
26023,LOF,0.10502901673807971,0.02445343100591746,0.8705175522560028
26024,LOF,0.028349447118232684,0.11061841851573624,0.861032134366031
26025,LOF,0.1350585366258999,0.0847829309536527,0.7801585324204473
26026,LOF,0.3113819717994455,0.017177484854760644,0.671440543345794
26027,LOF,0.07237217369727665,0.01847153682744987,0.9091562894752735
26028,LOF,0.16371066652396116,0.09813479215106981,0.7381545413249689
26029,LOF,0.09110417034788945,0.15920140071741037,0.7496944289347001
26030,LOF,0.030742054097923823,0.0529478333767255,0.9163101125253507
26031,LOF,0.038942771484768206,0.1225618759619411,0.8384953525532908
26032,LOF,0.08087651660946614,0.04037110972584852,0.8787523736646853
26033,LOF,0.13758362618155476,0.04558836071540484,0.8168280131030404
26034,LOF,0.05429027674675364,0.12612658581331201,0.8195831374399344
26035,LOF,0.035305888980676416,0.1048666085950072,0.8598275024243164
26036,LOF,0.051406331020372904,0.13776726690190605,0.810826402077721
26037,LOF,0.031616680860323806,0.08855402361627651,0.8798292955233996
26038,LOF,0.07721220686783946,0.03712203166418325,0.8856657614679774
26039,LOF,0.07680877501682061,0.11479197481672243,0.8083992501664569
26040,LOF,0.2423228581436274,0.0758029386528713,0.6818742032035012
26041,LOF,0.030619552344973877,0.08872524841979938,0.8806551992352268
26042,LOF,0.03029234110971129,0.08802325512742526,0.8816844037628634
26043,LOF,0.07486327166361023,0.05256422189611902,0.8725725064402708
26044,LOF,0.026804737848060724,0.06897862308465058,0.9042166390672887
26045,LOF,0.08410198157155162,0.08693908338950528,0.8289589350389431
26046,LOF,0.07806713202742406,0.05609803073586988,0.8658348372367061
26047,LOF,0.11347522969822381,0.06513661800248398,0.8213881522992922
26048,LOF,0.052791948860702424,0.05519161206263705,0.8920164390766605
26049,Neutral,0.9551175571762363,0.006801061174924727,0.03808138164883901
26050,Neutral,0.9385017046515086,0.007777517713377026,0.053720777635114444
26051,LOF,0.05023316063637718,0.47135843575883857,0.47840840360478426
26052,GOF,0.06468641247483023,0.49585652887359677,0.4394570586515731
26053,LOF,0.06909118106706882,0.17127093669212062,0.7596378822408105
26054,LOF,0.05682260224684467,0.042968435495062754,0.9002089622580924
26055,LOF,0.07334066412682225,0.028472857707124443,0.8981864781660533
26056,LOF,0.0643815271877078,0.03553653433233216,0.9000819384799601
26057,LOF,0.034210748629408684,0.01860845450664563,0.9471807968639457
26058,LOF,0.03467993726158195,0.016065041349670725,0.9492550213887473
26059,LOF,0.28660502887920364,0.041540691705882836,0.6718542794149136
26060,LOF,0.025280113596566182,0.3218564660251674,0.6528634203782664
26061,LOF,0.019868720870797753,0.025951468092781774,0.9541798110364205
26062,LOF,0.013358581584147225,0.04041163099540861,0.9462297874204442
26063,LOF,0.02301995935615839,0.019504288137268937,0.9574757525065726
26064,LOF,0.024214590051617493,0.026057940705266226,0.9497274692431161
26065,LOF,0.026853568571083297,0.022307531605068265,0.9508388998238485
26066,LOF,0.021303441470089845,0.020255896580686814,0.9584406619492233
26067,LOF,0.027527656414302635,0.016292498973481433,0.956179844612216
26068,LOF,0.04918586878113536,0.05559261136831757,0.8952215198505471
26069,LOF,0.27970501080090676,0.035775460574291575,0.6845195286248017
26070,LOF,0.3933916271458947,0.025868601618033213,0.580739771236072
26071,LOF,0.023355852577596252,0.023768901028922196,0.9528752463934816
26072,LOF,0.02498211374249761,0.031213499536532158,0.9438043867209702
26073,LOF,0.024185025361801928,0.017915524896982962,0.9578994497412151
26074,Neutral,0.9208773509495907,0.007710654354400935,0.07141199469600851
26075,LOF,0.04477833260637125,0.030005751616297135,0.9252159157773315
26076,LOF,0.04412642580259901,0.01650570485623975,0.9393678693411613
26077,LOF,0.009397676016956692,0.04313951555031845,0.9474628084327248
26078,LOF,0.015626459838285364,0.022489883470912266,0.9618836566908022
26079,LOF,0.053660625229127346,0.030838221959300572,0.9155011528115721
26080,LOF,0.053660625229127346,0.030838221959300572,0.9155011528115721
26081,LOF,0.03840810182019438,0.013060671925681529,0.9485312262541241
26082,LOF,0.020900575878048232,0.03340169017206173,0.9456977339498901
26083,LOF,0.1423647570633871,0.01965571365909613,0.8379795292775167
26084,LOF,0.02632921249998864,0.029747607983998493,0.9439231795160129
26085,LOF,0.023009154338592627,0.027155672557043632,0.9498351731043638
26086,LOF,0.02373711514545333,0.02277855925728975,0.9534843255972568
26087,LOF,0.025748743064749988,0.015760715308593513,0.9584905416266566
26088,LOF,0.021604688604946007,0.04027614095133722,0.9381191704437168
26089,LOF,0.04801288573359969,0.03613176904641367,0.9158553452199866
26090,LOF,0.04605654551886496,0.028705103162236484,0.9252383513188986
26091,LOF,0.04367900217200635,0.010912853314309082,0.9454081445136846
26092,LOF,0.030063206572551227,0.017102823652048255,0.9528339697754005
26093,LOF,0.04283764177446447,0.010931857226415539,0.9462305009991201
26094,LOF,0.05020465052033038,0.009574953431606912,0.9402203960480626
26095,LOF,0.056170009257784495,0.026652866749808043,0.9171771239924076
26096,LOF,0.018660952332214025,0.02360632528488638,0.9577327223828996
26097,LOF,0.01156981357990227,0.08094457751743984,0.9074856089026578
26098,LOF,0.07102012460084249,0.026202932472365322,0.9027769429267922
26099,LOF,0.025935225621807577,0.02810662098335902,0.9459581533948334
26100,LOF,0.02778267859451596,0.025911568871689238,0.9463057525337948
26101,LOF,0.05999692023430787,0.024153282504077913,0.9158497972616142
26102,LOF,0.0281165281970862,0.020121494991834236,0.9517619768110795
26103,Neutral,0.8850712130376024,0.03157241870244284,0.08335636825995466
26104,LOF,0.06976515430217053,0.04939672306832035,0.8808381226295091
26105,LOF,0.20931717830376237,0.2579111034002036,0.5327717182960341
26106,LOF,0.18454504539079528,0.1292878900435053,0.6861670645656994
26107,LOF,0.2430527643238454,0.11830388145788612,0.6386433542182685
26108,LOF,0.23767789422662117,0.1392400808694481,0.6230820249039307
26109,LOF,0.06826886708735198,0.1507579472644229,0.7809731856482252
26110,LOF,0.2309595922639369,0.007989530314034673,0.7610508774220284
26111,LOF,0.46582241837539856,0.01721236369007748,0.516965217934524
26112,LOF,0.036066560013849044,0.008408880068961155,0.9555245599171899
26113,LOF,0.055717800072328454,0.014461064994549588,0.9298211349331219
26114,LOF,0.01757879959768038,0.019252467477605416,0.9631687329247142
26115,LOF,0.08938186722006139,0.031086954056654702,0.879531178723284
26116,LOF,0.048302777021830015,0.030992546774970164,0.9207046762031998
26117,LOF,0.3861453101906453,0.05970383934035972,0.5541508504689949
26118,LOF,0.039496264902387966,0.04062740102786598,0.9198763340697461
26119,LOF,0.023130310619565473,0.04746453162459885,0.9294051577558355
26120,LOF,0.03230515050345343,0.026263058274107385,0.9414317912224393
26121,LOF,0.06850319358194405,0.09359785650492178,0.8378989499131342
