feature0,prediction,LoGoFunc_Neutral,LoGoFunc_GOF,LoGoFunc_LOF
25546,Neutral,0.6141713267375053,0.05297336810514715,0.3328553051573475
25547,Neutral,0.4794222096586771,0.09025908184203447,0.4303187084992885
25548,Neutral,0.484836464012588,0.07066482995832808,0.444498706029084
25549,LOF,0.4293119282197847,0.07111093047281387,0.49957714130740144
25550,LOF,0.3355783429315376,0.10502188859019956,0.5593997684782629
25551,LOF,0.3266793289394552,0.11268338913859154,0.5606372819219533
25552,LOF,0.281711415777524,0.11688369067696408,0.6014048935455119
25553,Neutral,0.7955152694585037,0.04396056660382363,0.16052416393767263
25554,LOF,0.3225295697587422,0.10170327988734057,0.5757671503539172
25555,LOF,0.2750112907423167,0.09513141415638254,0.6298572951013007
25556,LOF,0.44273576788626234,0.08480729059006203,0.4724569415236756
25557,LOF,0.26561170771150155,0.10259045881899809,0.6317978334695002
25558,LOF,0.32105469906240347,0.09884137697114194,0.5801039239664546
25559,LOF,0.2861214623826133,0.13661975967933176,0.5772587779380549
25560,LOF,0.16951114969963427,0.10204520413343866,0.728443646166927
25561,LOF,0.16255107280282902,0.12382231918908677,0.7136266080080842
25562,LOF,0.06976285261316201,0.0869324268536371,0.8433047205332009
25563,LOF,0.029527691534190322,0.11770007582081067,0.8527722326449989
25564,LOF,0.19086929725380575,0.10515642590204288,0.7039742768441513
25565,LOF,0.21279353680726318,0.15971953887775683,0.6274869243149801
25566,GOF,0.0800207736198037,0.668300058629183,0.2516791677510133
25567,LOF,0.0422068785438665,0.19710638169801534,0.7606867397581182
25568,LOF,0.06075922892990801,0.10457275700762352,0.8346680140624686
25569,LOF,0.05796047306235974,0.10288611944505896,0.8391534074925813
25570,LOF,0.028097006193455225,0.11626160984089577,0.855641383965649
25571,LOF,0.02785226496903215,0.12317260617126563,0.8489751288597022
25572,LOF,0.06335535757322089,0.15119140289024413,0.7854532395365349
25573,LOF,0.05614269149661137,0.11832716573842862,0.8255301427649601
25574,LOF,0.051138628572603054,0.2713838429653941,0.6774775284620028
25575,LOF,0.02294201776948786,0.13582787504556224,0.84123010718495
25576,LOF,0.029687923363504655,0.1903613136204947,0.7799507630160007
25577,LOF,0.032054850332079825,0.1415226553445897,0.8264224943233306
25578,LOF,0.3175924658632713,0.11409861177679935,0.5683089223599295
25579,LOF,0.1444094434748884,0.11940301341360084,0.7361875431115108
25580,LOF,0.019324804171631352,0.09881562512628134,0.8818595707020872
25581,LOF,0.05173246431981722,0.09669367094403225,0.8515738647361506
25582,LOF,0.051462369124360086,0.09507396627170973,0.8534636646039302
25583,LOF,0.022297633048546654,0.10693308987045252,0.8707692770810007
25584,Neutral,0.7060078810557583,0.14399658876240823,0.14999553018183331
25585,LOF,0.023026813500276095,0.17783210694238208,0.7991410795573419
25586,LOF,0.016427413894239615,0.09081409188049143,0.8927584942252689
25587,LOF,0.016328336936331747,0.08192824412083476,0.9017434189428335
25588,LOF,0.01983845951292899,0.09229990332648286,0.8878616371605882
25589,Neutral,0.4797286883668085,0.2817564222555883,0.23851488937760332
25590,LOF,0.04535324880023543,0.14560034099224778,0.8090464102075169
25591,LOF,0.09077456419462974,0.08131174642553723,0.827913689379833
25592,LOF,0.0521240749933877,0.17964065690812892,0.7682352680984833
25593,LOF,0.11625512210898314,0.3511507281267972,0.5325941497642197
25594,LOF,0.04584605081497316,0.09315438900519678,0.86099956017983
25595,LOF,0.047937739286332146,0.06282338551984235,0.8892388751938255
25596,LOF,0.09918694261288273,0.03410691728825375,0.8667061400988636
25597,LOF,0.0822204261130404,0.041960021376618674,0.8758195525103408
25598,LOF,0.04620009423385141,0.06771163481728433,0.8860882709488643
25599,LOF,0.020375364316751896,0.4219801307521961,0.557644504931052
25600,GOF,0.18542784325671569,0.42686016575365443,0.38771199098962983
25601,LOF,0.03916726329563184,0.35721630903520907,0.6036164276691591
25602,LOF,0.03508233297035793,0.06690211534034693,0.8980155516892953
25603,LOF,0.0373527727652672,0.04292746023846396,0.9197197669962688
25604,LOF,0.03962785168124399,0.08658851563845989,0.8737836326802961
25605,LOF,0.03739745195628782,0.1861411669380441,0.7764613811056681
25606,LOF,0.4080593724507751,0.1279195557979591,0.4640210717512658
25607,LOF,0.02976783248544517,0.18831756460534554,0.7819146029092093
25608,LOF,0.04282634449543569,0.09620897648317676,0.8609646790213876
25609,GOF,0.1279370106812178,0.5551428733825545,0.31692011593622776
25610,LOF,0.014662886265367513,0.04676071599739222,0.9385763977372403
25611,LOF,0.012276157105677622,0.047898066801972464,0.9398257760923499
25612,LOF,0.04391460370092602,0.07342745452533334,0.8826579417737407
25613,LOF,0.04433033143999546,0.06879652645478482,0.8868731421052197
25614,LOF,0.020349148101765333,0.04202691160018463,0.93762394029805
25615,LOF,0.04330857872044689,0.06742632362206961,0.8892650976574835
25616,LOF,0.042708280116160055,0.04459234215221431,0.9126993777316257
25617,LOF,0.035505134968018125,0.05484533950131935,0.9096495255306626
25618,LOF,0.03909840061865943,0.059027350571847076,0.9018742488094935
25619,LOF,0.011633064684818478,0.056257876115442765,0.9321090591997389
25620,LOF,0.05308592751148728,0.06339457001547602,0.8835195024730367
25621,LOF,0.05743155354745473,0.057446114984835386,0.8851223314677099
25622,LOF,0.0639966497031049,0.054220127638793345,0.8817832226581018
25623,LOF,0.06960253323545557,0.052136149763566515,0.8782613170009779
25624,LOF,0.01638482930516805,0.055887723001991234,0.9277274476928407
25625,LOF,0.05994946385061103,0.052044901447092576,0.8880056347022963
25626,LOF,0.044606321026981394,0.06799378123123659,0.887399897741782
25627,Neutral,0.8859612451829324,0.02198618517857974,0.09205256963848779
25628,LOF,0.14400908835165963,0.06594832670402538,0.790042584944315
25629,LOF,0.06813096969421417,0.04655054986607038,0.8853184804397154
25630,LOF,0.25856436843593494,0.07351889918285284,0.6679167323812122
25631,Neutral,0.5351512058511309,0.0691131864659877,0.39573560768288146
25632,LOF,0.026288831827264474,0.07732112770743546,0.8963900404653001
25633,LOF,0.1433711547251119,0.04727344022784162,0.8093554050470465
25634,LOF,0.033879903749041686,0.10220618198025716,0.8639139142707011
25635,LOF,0.033741500650222266,0.04741069111957474,0.9188478082302031
25636,LOF,0.03479803007127187,0.44949703094969373,0.5157049389790342
25637,GOF,0.06851628229580362,0.5095142238336526,0.4219694938705437
25638,LOF,0.028350777740812256,0.3862953560072118,0.5853538662519758
25639,LOF,0.030732636639675903,0.4074744334588567,0.5617929299014675
25640,Neutral,0.8377146875312717,0.11401190371428234,0.0482734087544462
25641,GOF,0.08243447203091969,0.5020426587514137,0.41552286921766657
25642,LOF,0.06438137650788313,0.18356854338912437,0.7520500801029925
25643,LOF,0.21835794190515156,0.1168746516336667,0.6647674064611817
25644,LOF,0.027281050835924955,0.4810487904798455,0.4916701586842294
25645,LOF,0.028695532004365868,0.4128878705171261,0.558416597478508
25646,LOF,0.0747870904773365,0.31637362237416206,0.6088392871485014
25647,LOF,0.030779149887290923,0.27698079815983634,0.6922400519528727
25648,LOF,0.03419908200396761,0.2768359871190299,0.6889649308770025
25649,LOF,0.018027684876092232,0.22432397422531805,0.7576483408985897
25650,LOF,0.058100418265206205,0.3997514141014812,0.5421481676333126
25651,LOF,0.020815535508960883,0.27714205363567496,0.7020424108553641
25652,LOF,0.037391735066783616,0.2734115035914656,0.6891967613417509
25653,LOF,0.08711220544952564,0.44016229882430713,0.47272549572616723
25654,LOF,0.02186048148548987,0.25144840909017685,0.7266911094243332
25655,GOF,0.23870739516185902,0.40279970805101206,0.35849289678712887
25656,LOF,0.3800746882754039,0.0954720439559594,0.5244532677686367
25657,LOF,0.06425490476821825,0.08729645364926919,0.8484486415825125
25658,LOF,0.4011815711698271,0.07924282536768755,0.5195756034624853
25659,Neutral,0.5211436328183415,0.10424192976077003,0.37461443742088835
25660,LOF,0.02253601374510719,0.09233758437547604,0.8851264018794168
25661,LOF,0.09498406622309226,0.0610422849573985,0.8439736488195092
25662,LOF,0.03418409774598009,0.03367769588232697,0.932138206371693
25663,LOF,0.040832403743010615,0.0446283277254314,0.914539268531558
25664,LOF,0.13790976600573948,0.06207511206454909,0.8000151219297114
25665,LOF,0.061246674930252015,0.034106601352867603,0.9046467237168803
25666,LOF,0.08982723777521712,0.06684913157943641,0.8433236306453465
25667,LOF,0.07388761217258025,0.04007038128449451,0.8860420065429253
25668,LOF,0.03639122937713464,0.05066822765449941,0.9129405429683659
25669,LOF,0.03063866936403532,0.0473016462936762,0.9220596843422885
25670,LOF,0.15741184789088924,0.05699597189956121,0.7855921802095495
25671,LOF,0.11637235753115303,0.034487060196369594,0.8491405822724775
25672,LOF,0.05282012271385494,0.04666751995112833,0.9005123573350168
25673,LOF,0.0759825929977728,0.046740866016092425,0.8772765409861347
25674,LOF,0.06787366062853312,0.05617705732307672,0.8759492820483901
25675,LOF,0.10727107177561869,0.06023214086883649,0.8324967873555448
25676,LOF,0.01904938154784149,0.050019972055779356,0.9309306463963791
25677,LOF,0.024386757066421405,0.07066643251793762,0.904946810415641
25678,LOF,0.21714166263589207,0.06660976590328507,0.7162485714608229
25679,LOF,0.1282395920810786,0.08080059257669489,0.7909598153422264
25680,LOF,0.032308095996504256,0.12395335983486015,0.8437385441686356
25681,LOF,0.047671104003189094,0.1141176434671709,0.83821125252964
25682,LOF,0.1421772992389531,0.07512364222166455,0.7826990585393824
25683,LOF,0.12996611721777213,0.08916995529248685,0.780863927489741
25684,LOF,0.039090531692985445,0.06540229221862606,0.8955071760883886
25685,LOF,0.13350887793798438,0.06398103122068736,0.8025100908413283
25686,LOF,0.08378240906174587,0.10410373311126196,0.8121138578269921
25687,LOF,0.12590984856737142,0.1041573643838306,0.769932787048798
25688,LOF,0.33604260793032564,0.0450582022260931,0.6188991898435813
25689,LOF,0.2686722411412967,0.0493198826391921,0.6820078762195112
25690,LOF,0.34140183799947343,0.036366701375789096,0.6222314606247374
25691,Neutral,0.7195262540687836,0.033473923286385404,0.24699982264483103
25692,LOF,0.3852046099905114,0.01162993845796591,0.6031654515515228
25693,LOF,0.04885515684865399,0.4383082344780291,0.5128366086733169
25694,LOF,0.12486668084743877,0.020939512667354027,0.8541938064852073
25695,LOF,0.11731377424906814,0.02004741953921605,0.8626388062117157
25696,LOF,0.13200117815502707,0.011823138350408257,0.8561756834945647
25697,LOF,0.08288802178039915,0.05471275769537392,0.8623992205242269
25698,LOF,0.33821090207649096,0.16198601960700068,0.4998030783165083
25699,Neutral,0.5545623406646749,0.04230743659237432,0.40313022274295074
25700,LOF,0.07611011202815943,0.010300662716988008,0.9135892252548525
25701,LOF,0.20497225590955184,0.04854236276591615,0.746485381324532
25702,GOF,0.15516025084742932,0.6270452351644525,0.21779451398811808
25703,LOF,0.016829081780650245,0.14543105551632993,0.8377398627030199
25704,LOF,0.03788856746663144,0.10865871340347416,0.8534527191298944
25705,LOF,0.05372123690510511,0.14950220528245883,0.7967765578124361
25706,LOF,0.10421365030239592,0.4296189392976494,0.46616741039995463
25707,LOF,0.08987896597401308,0.373229921538362,0.5368911124876249
25708,LOF,0.03452180208756909,0.3366270090723427,0.6288511888400883
25709,LOF,0.06777026962121287,0.044710945926339875,0.8875187844524471
25710,LOF,0.011868529813539624,0.15997143746595258,0.8281600327205078
25711,LOF,0.021004833166165908,0.08513653128010623,0.8938586355537278
25712,LOF,0.013968530560717212,0.19087809662314814,0.7951533728161346
25713,LOF,0.019388272989868935,0.08318374871114366,0.8974279782989875
25714,LOF,0.07662279522021143,0.0789045766510262,0.8444726281287623
25715,LOF,0.011709428162049286,0.13947124758795865,0.848819324249992
25716,LOF,0.011707632166659012,0.09727177289263894,0.891020594940702
25717,LOF,0.014253110333380383,0.07213891627978082,0.9136079733868389
25718,LOF,0.011338348285269884,0.08963887242717211,0.899022779287558
25719,LOF,0.01931178111001194,0.07656937906351484,0.9041188398264732
25720,LOF,0.024255853706602368,0.07167305990248646,0.904071086390911
25721,LOF,0.014078654685319004,0.11372751781431314,0.8721938275003679
25722,LOF,0.014607030021480873,0.12292917757282057,0.8624637924056986
25723,LOF,0.02374987394875314,0.04921357253789338,0.9270365535133535
25724,LOF,0.03248863765133756,0.08456557215651528,0.8829457901921471
25725,LOF,0.011901750371113688,0.07821645447903758,0.9098817951498488
25726,LOF,0.016121435943709017,0.11234991570733023,0.8715286483489608
25727,LOF,0.011999183481850927,0.08282684184025867,0.9051739746778903
25728,LOF,0.01051873043205156,0.10580014171710544,0.883681127850843
25729,LOF,0.010569192814015433,0.1068049579901069,0.8826258491958777
25730,LOF,0.014285954501307067,0.09142839923899569,0.8942856462596973
25731,LOF,0.01942341368892237,0.09370694874598562,0.8868696375650921
25732,LOF,0.014765602202447041,0.07510078206957359,0.9101336157279794
25733,LOF,0.015775687470199043,0.07173214486822434,0.9124921676615766
25734,LOF,0.010419150314014953,0.11311776002944152,0.8764630896565435
25735,LOF,0.01190837415424285,0.08118507919297688,0.9069065466527804
25736,LOF,0.01330572027705824,0.09484190658879339,0.8918523731341483
25737,LOF,0.012282195823256787,0.07348407334808373,0.9142337308286594
25738,LOF,0.01226850216879705,0.11253139011658946,0.8752001077146137
25739,LOF,0.02024235543130291,0.08514653289908601,0.894611111669611
25740,LOF,0.027025545695729614,0.1207218594568288,0.8522525948474415
25741,LOF,0.015030251874586195,0.12190962919132088,0.8630601189340928
25742,LOF,0.12220957716356885,0.0861080741660495,0.7916823486703816
25743,LOF,0.03205694868559705,0.059851884908337975,0.9080911664060649
25744,Neutral,0.5014716769174661,0.29329688545768745,0.20523143762484647
25745,LOF,0.058006823922177195,0.08852742843779178,0.853465747640031
25746,LOF,0.038918843291697564,0.11102259581956839,0.850058560888734
25747,LOF,0.019179751578930378,0.08624367127888076,0.8945765771421887
25748,LOF,0.09090006821616405,0.1315662143963023,0.7775337173875336
25749,LOF,0.024427240550012344,0.10210895073910982,0.8734638087108778
25750,LOF,0.07795446421405097,0.10531690298795203,0.8167286327979969
25751,LOF,0.07681115868823464,0.1669547880681926,0.7562340532435727
25752,GOF,0.11395483822837922,0.6561406059433609,0.2299045558282599
25753,LOF,0.023161214731478204,0.26952108196177477,0.707317703306747
25754,GOF,0.012715052117830332,0.8103025154139326,0.17698243246823692
25755,LOF,0.024966957890388136,0.3742706378309894,0.6007624042786225
25756,LOF,0.054267472074574684,0.34885711873349456,0.5968754091919308
25757,GOF,0.01955947735825777,0.8527298449368577,0.1277106777048846
25758,GOF,0.033452324103630734,0.8111743048986932,0.1553733709976761
25759,GOF,0.01075351954238453,0.6265900895322423,0.3626563909253732
25760,LOF,0.01350585297058241,0.2837846522433341,0.7027094947860836
25761,GOF,0.2848291970924618,0.6151452985110795,0.10002550439645885
25762,LOF,0.0514359524844413,0.25225675774297046,0.6963072897725883
25763,LOF,0.014297830981672558,0.21519235893903166,0.7705098100792959
25764,GOF,0.08996567923920581,0.6607112661473997,0.2493230546133944
25765,GOF,0.03709109537653028,0.7424639895228886,0.22044491510058103
25766,GOF,0.07270097081052099,0.7379887006512225,0.18931032853825652
25767,GOF,0.13435287119716216,0.5297324955383623,0.3359146332644754
25768,LOF,0.11372119001533113,0.05669092421356324,0.8295878857711056
25769,LOF,0.059613571162011006,0.06442877104701526,0.8759576577909737
25770,LOF,0.32633330598182275,0.1090082762002153,0.5646584178179619
25771,LOF,0.05070122113609312,0.054116671606232666,0.8951821072576742
25772,LOF,0.01872086623115088,0.04606154683514452,0.9352175869337045
25773,LOF,0.04799259879327946,0.09694013177798932,0.8550672694287312
25774,LOF,0.0294701864433685,0.08361188235926302,0.8869179311973684
25775,LOF,0.05289455912305416,0.05420833397203716,0.8928971069049086
25776,LOF,0.08036577636133334,0.027551738611179422,0.8920824850274871
25777,LOF,0.3588417382871619,0.06501748900992951,0.5761407727029086
25778,LOF,0.07278276410873319,0.05007703213229493,0.8771402037589718
25779,GOF,0.36044783245431494,0.6026436988243563,0.03690846872132879
25780,GOF,0.3398885077815404,0.5961375926232034,0.06397389959525623
25781,GOF,0.1278256022137044,0.7788596157703288,0.0933147820159667
25782,GOF,0.19473539077405655,0.7337075876073218,0.0715570216186218
25783,GOF,0.022735187074040687,0.6647494889903315,0.31251532393562775
25784,Neutral,0.5009694177866044,0.4653151765806572,0.033715405632738435
25785,GOF,0.4681284271739976,0.5004831258769282,0.03138844694907425
25786,GOF,0.029395222722095497,0.7760237656088602,0.19458101166904437
25787,Neutral,0.6452946649094082,0.3346813096795405,0.02002402541105132
25788,LOF,0.06079371831042135,0.10948696483105518,0.8297193168585235
25789,GOF,0.21894417818661868,0.6708097577606255,0.11024606405275579
25790,GOF,0.21156466564334675,0.7130983028592387,0.07533703149741451
25791,GOF,0.174132725327393,0.682368766835051,0.14349850783755597
25792,GOF,0.3730044561579435,0.5185778512659036,0.10841769257615286
25793,GOF,0.2688223807079713,0.5601332070337066,0.171044412258322
25794,GOF,0.34209151187575343,0.5215998906195359,0.13630859750471064
25795,GOF,0.084822493670598,0.6803142222000775,0.23486328412932445
25796,Neutral,0.5692241934437188,0.3605829287544563,0.07019287780182493
25797,GOF,0.09763414642619354,0.5538110103146182,0.3485548432591883
25798,GOF,0.009930013657463356,0.5384531101805472,0.4516168761619894
25799,LOF,0.007959663330510028,0.424596980847309,0.567443355822181
25800,GOF,0.04393061511757879,0.6425985277036779,0.31347085717874346
25801,GOF,0.2256858757946134,0.673182826585343,0.10113129762004366
25802,GOF,0.07235027115817252,0.696598463985785,0.23105126485604255
25803,GOF,0.04196070798264541,0.6031860991756895,0.35485319284166494
25804,GOF,0.04013538858489732,0.5315685320102355,0.4282960794048673
25805,GOF,0.11199926665009055,0.6070259734184382,0.28097475993147114
25806,GOF,0.12709971101958153,0.6202365336672485,0.25266375531317004
25807,GOF,0.02521081340262612,0.6342471485610093,0.3405420380363647
25808,GOF,0.09221297185956583,0.6489273502458136,0.25885967789462055
25809,GOF,0.022706523334441033,0.6260062807689377,0.3512871958966214
25810,GOF,0.021751937007453228,0.6460767803201676,0.3321712826723792
25811,GOF,0.4489292564363932,0.49129865556882235,0.05977208799478443
25812,GOF,0.03469204239108409,0.663170637848754,0.30213731976016195
25813,Neutral,0.5265894884068104,0.3892582410024252,0.0841522705907644
25814,GOF,0.12094542984183486,0.6762492977684743,0.2028052723896907
25815,GOF,0.19681473116368112,0.6466116795485419,0.15657358928777707
25816,GOF,0.020907766425625595,0.7061642444141941,0.2729279891601804
25817,GOF,0.2326191777225688,0.6406013573778591,0.1267794648995722
25818,GOF,0.0583383722799,0.6312107369547147,0.3104508907653852
25819,GOF,0.3943115837659463,0.4792281355007372,0.12646028073331653
25820,GOF,0.1824650592030143,0.6015723099332382,0.21596263086374745
25821,GOF,0.06495274457494206,0.6687165381042328,0.26633071732082525
25822,GOF,0.22737034214755852,0.5486950753121744,0.22393458254026702
25823,GOF,0.030429417673520958,0.5222540830052196,0.4473164993212596
25824,GOF,0.08375097925962356,0.5868250618561056,0.32942395888427084
25825,GOF,0.03128864738392404,0.5807601707115949,0.387951181904481
25826,GOF,0.011051994882759356,0.5363553563083189,0.45259264880892186
25827,GOF,0.02151339994325416,0.5923598435666387,0.38612675649010714
25828,GOF,0.014675747751668168,0.5255737373780307,0.4597505148703012
25829,GOF,0.006664322897238422,0.5991861878223628,0.3941494892803987
25830,LOF,0.03843317255578222,0.33446851837608643,0.6270983090681314
25831,GOF,0.1996268803674149,0.6709208741568825,0.1294522454757026
25832,GOF,0.03417169744149283,0.6888195209380001,0.27700878162050696
25833,GOF,0.14704621910676394,0.6909121516908941,0.162041629202342
25834,GOF,0.04612041125228476,0.699750316714265,0.25412927203345026
25835,GOF,0.10608169578310925,0.7341965165799974,0.1597217876368935
25836,GOF,0.04657076888198396,0.6851860566947202,0.26824317442329587
25837,GOF,0.02910485620461871,0.5650182218788105,0.40587692191657077
25838,GOF,0.1028116113496305,0.7398726994338687,0.15731568921650074
25839,GOF,0.2983254695821095,0.5644098546129305,0.13726467580496002
25840,GOF,0.24347341804436617,0.5984394698753327,0.15808711208030124
25841,GOF,0.2625173659645887,0.5789361660258548,0.1585464680095565
25842,GOF,0.19822479673364973,0.6759483267668013,0.12582687649954896
25843,GOF,0.25650751797947713,0.6539307558439231,0.08956172617659988
25844,GOF,0.07376246187389175,0.7144799687101151,0.21175756941599316
25845,LOF,0.015632050160821337,0.49074797692758426,0.4936199729115943
25846,GOF,0.13042998218351848,0.7148793597493561,0.15469065806712531
25847,GOF,0.11955135460534982,0.7852089338383967,0.09523971155625335
25848,GOF,0.03845499278989061,0.7070106094853735,0.25453439772473585
25849,GOF,0.011315116011306001,0.5852646914710798,0.4034201925176142
25850,GOF,0.02298815703810437,0.6744229633823455,0.30258887957955016
25851,GOF,0.017108976417003326,0.5720333061124153,0.4108577174705815
25852,GOF,0.15679039852218032,0.5975649369736263,0.2456446645041934
25853,GOF,0.36519639857147496,0.5798181146450988,0.05498548678342623
25854,GOF,0.020739220915771107,0.659004484135815,0.3202562949484139
25855,GOF,0.03508629439794725,0.6022953842916002,0.3626183213104525
25856,GOF,0.24597562958072586,0.5577766972531918,0.1962476731660824
25857,GOF,0.03403558792984693,0.5276610896475812,0.43830332242257186
25858,GOF,0.016508463417601246,0.5640907742104777,0.4194007623719211
25859,GOF,0.009697666709072069,0.5407595721827637,0.44954276110816427
25860,GOF,0.37887375462887485,0.5498463350231927,0.07127991034793238
25861,GOF,0.4148057413308625,0.5177735672193556,0.06742069144978186
25862,GOF,0.0970146313985021,0.7694983409734593,0.13348702762803877
25863,GOF,0.0933054640267171,0.781108302226003,0.12558623374727979
25864,GOF,0.18757888048179125,0.7352472276066194,0.07717389191158926
25865,GOF,0.08603880827448192,0.7983410977500844,0.11562009397543364
25866,GOF,0.06220122006496337,0.8157819791312078,0.12201680080382889
25867,GOF,0.09410211003752808,0.8101272601379875,0.09577062982448437
25868,GOF,0.29083954820081853,0.629151226714827,0.08000922508435447
25869,Neutral,0.6881700126865516,0.2782604760251501,0.03356951128829815
25870,GOF,0.3274400426092823,0.3525468309492322,0.32001312644148555
25871,GOF,0.20942955604444416,0.6433599884234347,0.14721045553212125
25872,GOF,0.09111193299235287,0.6428708042654738,0.2660172627421734
25873,GOF,0.1458822463670551,0.6522087095389413,0.20190904409400356
25874,LOF,0.019524235654487132,0.11760965532995127,0.8628661090155616
25875,LOF,0.10477552536538966,0.03917381520147571,0.8560506594331346
25876,LOF,0.03846234525749693,0.04252687123312223,0.9190107835093808
25877,Neutral,0.5084009689156683,0.04330972832010624,0.4482893027642255
25878,LOF,0.24233859926030454,0.07726919568328836,0.6803922050564071
25879,LOF,0.08947769994328915,0.08854358042707562,0.8219787196296353
25880,LOF,0.022412057772230296,0.022331539040530153,0.9552564031872395
25881,LOF,0.19246686761072673,0.09478436670636434,0.7127487656829089
25882,LOF,0.07261658132326375,0.014164435721985768,0.9132189829547505
25883,LOF,0.08211315325744414,0.01563674585095128,0.9022501008916046
25884,LOF,0.038169308267994535,0.02461246007195473,0.9372182316600507
25885,LOF,0.07076228771858567,0.011122952751942321,0.9181147595294721
25886,LOF,0.27987071932226615,0.026292830193964094,0.6938364504837699
25887,LOF,0.1706964731095757,0.05482820606761727,0.7744753208228071
25888,LOF,0.06873993288471873,0.053512648767493606,0.8777474183477877
25889,LOF,0.049615320685882446,0.017465637118482848,0.9329190421956346
25890,LOF,0.05280165529629368,0.12643300376750738,0.8207653409361989
25891,LOF,0.043161482095215836,0.040381609430517475,0.9164569084742666
25892,LOF,0.1020586045733095,0.022175796652238493,0.875765598774452
25893,LOF,0.27779805120159723,0.01753221000358518,0.7046697387948175
25894,LOF,0.18446741539985817,0.010779850021563243,0.8047527345785785
25895,LOF,0.2097801293522047,0.021100395255938743,0.7691194753918567
25896,LOF,0.045633952840754735,0.020467863569407902,0.9338981835898374
25897,LOF,0.25104147205008304,0.013146022156806334,0.7358125057931106
25898,Neutral,0.7029740901627678,0.0101501458298772,0.28687576400735504
25899,LOF,0.2057054723163481,0.021666706205077928,0.7726278214785739
25900,LOF,0.44842622679968697,0.016765529032599577,0.5348082441677134
25901,LOF,0.05235700210913326,0.010928205367201954,0.9367147925236649
25902,LOF,0.15516735123287964,0.0132845876519658,0.8315480611151546
25903,Neutral,0.5293837234204717,0.037114705933917025,0.43350157064561134
25904,LOF,0.2946198170289285,0.04279974738047892,0.6625804355905927
25905,LOF,0.023132486039259003,0.32103892043541277,0.6558285935253282
25906,LOF,0.02226185390621735,0.07099684657381004,0.9067412995199726
25907,LOF,0.014468468014635997,0.31900862808163616,0.6665229039037277
25908,LOF,0.0101788856148241,0.22735723922012885,0.7624638751650471
25909,LOF,0.01322759241058026,0.1361253214006781,0.8506470861887415
25910,LOF,0.04771230530814765,0.13125833243497523,0.8210293622568772
25911,LOF,0.16629988900676923,0.03144726503112097,0.8022528459621098
25912,LOF,0.04416736100849992,0.04670215343345783,0.9091304855580422
25913,LOF,0.3184895509397765,0.022602581697881385,0.6589078673623421
25914,LOF,0.019253859310135076,0.13073981906620594,0.850006321623659
25915,Neutral,0.451229230036195,0.357680402871965,0.19109036709183994
25916,LOF,0.05742653029461472,0.40697891613668835,0.5355945535686969
25917,LOF,0.05824275602113024,0.08556165816235402,0.8561955858165157
25918,LOF,0.02767152223135515,0.07699208995184888,0.8953363878167959
25919,LOF,0.02282178373908682,0.08284969408529884,0.8943285221756143
25920,GOF,0.09413102547721301,0.5011155363364143,0.40475343818637277
25921,LOF,0.026089776540790532,0.03171254302706279,0.9421976804321467
25922,LOF,0.035671601278903384,0.02223175403554061,0.9420966446855559
25923,LOF,0.4232245376493119,0.024528056760708166,0.55224740558998
25924,LOF,0.03469970677512885,0.04514372903798852,0.9201565641868825
25925,LOF,0.06304188547194939,0.03245405435862428,0.9045040601694263
25926,LOF,0.04604581706336299,0.025582518771947577,0.9283716641646894
25927,LOF,0.06999847190546031,0.08235112328130548,0.8476504048132341
25928,LOF,0.020318671089810128,0.047468814634890014,0.9322125142752998
25929,Neutral,0.5433366094320274,0.027412662365395895,0.4292507282025765
25930,LOF,0.05405214446656899,0.02226586897355542,0.9236819865598755
25931,LOF,0.029109911306454874,0.02664654642905888,0.9442435422644863
25932,LOF,0.02613061873391821,0.022737167525402047,0.9511322137406798
25933,LOF,0.036950034332832254,0.016097748512395788,0.9469522171547718
25934,LOF,0.023958865648662907,0.019224573138500182,0.9568165612128369
25935,LOF,0.05656063131662549,0.03920124401126865,0.904238124672106
25936,LOF,0.04660486670567631,0.023877786179308927,0.9295173471150147
25937,LOF,0.02941374946776287,0.03526024728465338,0.9353260032475837
25938,LOF,0.060414004279759084,0.03728383385044685,0.902302161869794
25939,LOF,0.03731122033065409,0.01421995745842862,0.9484688222109173
25940,LOF,0.03165379589818181,0.393163299391535,0.5751829047102833
25941,LOF,0.16849587761769913,0.09707063980072292,0.7344334825815779
25942,LOF,0.01736492416737883,0.02972443076538878,0.9529106450672324
25943,LOF,0.29369165255200175,0.053330580588882216,0.652977766859116
25944,LOF,0.4569126738394219,0.02677252194836354,0.5163148042122147
25945,LOF,0.07139005883778295,0.02147748382183991,0.9071324573403772
25946,LOF,0.025579427233718505,0.13336919656456786,0.8410513762017137
25947,LOF,0.10729064337554295,0.22312147148998612,0.669587885134471
25948,LOF,0.42483033586324886,0.01059834268793468,0.5645713214488165
25949,LOF,0.09903570415243546,0.05242884248697099,0.8485354533605937
25950,GOF,0.2433945658848047,0.43172843115836196,0.32487700295683314
25951,LOF,0.2546781149065322,0.23444250395946145,0.5108793811340063
25952,LOF,0.04075140895339234,0.42532356360766177,0.5339250274389459
25953,LOF,0.13054214042405585,0.11377772989276795,0.7556801296831762
25954,Neutral,0.4291798411544688,0.19078153773018464,0.38003862111534675
25955,LOF,0.05392978767777644,0.08514149383278023,0.8609287184894434
25956,LOF,0.15646968762675395,0.09557988270239165,0.7479504296708543
25957,LOF,0.03525091927233438,0.03503913529745353,0.9297099454302121
25958,LOF,0.061280166200347444,0.023821909857466142,0.9148979239421864
25959,LOF,0.07989589214803995,0.324922741149307,0.595181366702653
25960,LOF,0.01965611288537139,0.0462817771666422,0.9340621099479864
25961,LOF,0.05191314373660447,0.02529197319030568,0.9227948830730899
25962,LOF,0.055486786671299984,0.031608421609257635,0.9129047917194423
25963,LOF,0.04578644387216722,0.1828338112866092,0.7713797448412237
25964,LOF,0.04253423054745156,0.1461197464642202,0.8113460229883281
25965,LOF,0.44469901151748853,0.0868995746724396,0.46840141381007183
25966,Neutral,0.45903711226013466,0.10642086365298462,0.43454202408688064
25967,LOF,0.013185803073416947,0.0632853972593176,0.9235287996672653
25968,LOF,0.03342172475394986,0.4698718794605532,0.49670639578549697
25969,LOF,0.027308765814825085,0.06464843475077268,0.9080427994344022
25970,LOF,0.06594934445891878,0.04838989593571142,0.8856607596053697
25971,LOF,0.07795868354044345,0.016429320639788157,0.9056119958197684
25972,LOF,0.07736801220587151,0.021554309123507257,0.9010776786706213
25973,LOF,0.09416021697322005,0.008046257882743215,0.8977935251440367
25974,LOF,0.21097497471582569,0.0169050697669906,0.7721199555171837
25975,LOF,0.05696975544790051,0.026019859563678763,0.9170103849884207
25976,LOF,0.05025288868865946,0.013640970284944601,0.936106141026396
25977,LOF,0.16092074618392746,0.10114987759510863,0.7379293762209639
25978,LOF,0.16214535228147262,0.0508981719415706,0.7869564757769569
25979,LOF,0.1453432569402594,0.05874815867207342,0.7959085843876672
25980,LOF,0.2153759306987968,0.07164305731455477,0.7129810119866484
25981,LOF,0.25090744840398993,0.0693399015647949,0.6797526500312151
25982,LOF,0.41329679502140293,0.047323714406250286,0.5393794905723468
25983,LOF,0.39721840976266526,0.052418403168532184,0.5503631870688026
25984,LOF,0.0509062338732217,0.05027996387464714,0.8988138022521313
25985,LOF,0.029061779778509416,0.2362891712716228,0.7346490489498678
25986,LOF,0.03983878468063558,0.27930930831964507,0.6808519069997194
25987,LOF,0.08943355944671272,0.07235207685021264,0.8382143637030748
25988,LOF,0.14333602996811196,0.05334760951797634,0.8033163605139118
25989,LOF,0.02968095473321115,0.09970404982113378,0.870614995445655
25990,LOF,0.03841407546807884,0.12975362778583704,0.831832296746084
25991,LOF,0.1800853334535436,0.29280315338923596,0.5271115131572205
25992,LOF,0.36968026736036536,0.16134868284081796,0.46897104979881665
25993,LOF,0.022712997140392665,0.07736240295515431,0.8999245999044531
25994,LOF,0.016979488596073757,0.11360037169023578,0.8694201397136905
25995,LOF,0.02486157655693661,0.19802675906773393,0.7771116643753294
25996,GOF,0.33295862788972924,0.43227489226394195,0.23476647984632887
25997,GOF,0.09132630059151503,0.48969380834575155,0.4189798910627335
25998,Neutral,0.5374573248669474,0.03053960482562131,0.43200307030743124
25999,LOF,0.11180675111320396,0.11813084173919143,0.7700624071476045
26000,LOF,0.15359666860007165,0.028141428826303053,0.8182619025736253
26001,LOF,0.20402871292139652,0.032334750963557854,0.7636365361150457
26002,LOF,0.11853843164312368,0.03306132341258279,0.8484002449442936
26003,GOF,0.010569231697182128,0.5574411856435895,0.4319895826592283
26004,GOF,0.022635000361999107,0.6197581067598116,0.3576068928781893
26005,LOF,0.008168831454161897,0.43017688400415,0.561654284541688
26006,Neutral,0.5080503489299605,0.22158703420040415,0.27036261686963525
26007,GOF,0.02336544881123105,0.5288699203887576,0.4477646308000115
26008,GOF,0.02219378396374912,0.5829698500953312,0.3948363659409197
26009,GOF,0.02381525055775805,0.6169816350833126,0.3592031143589293
26010,GOF,0.026637175962052968,0.6021003136907107,0.3712625103472364
26011,LOF,0.007050520772065233,0.4431621043525617,0.549787374875373
26012,GOF,0.017011282035818337,0.5530706058492926,0.42991811211488906
26013,GOF,0.023467610083111077,0.5749044064234153,0.4016279834934736
26014,LOF,0.038985516159599796,0.1375395450031721,0.8234749388372282
26015,LOF,0.25057800342208736,0.008255362528032403,0.7411666340498801
26016,LOF,0.22851091432156903,0.04268087114903304,0.7288082145293978
26017,LOF,0.22848597682149346,0.07578661749958958,0.695727405678917
26018,LOF,0.10329645524965111,0.029090952888173,0.867612591862176
26019,LOF,0.09927638693134716,0.022352699341946333,0.8783709137267066
26020,LOF,0.06939542836761395,0.09444774506040882,0.8361568265719772
26021,LOF,0.049054669463381086,0.11225570445097967,0.8386896260856391
26022,LOF,0.011580123040174693,0.0369476159773578,0.9514722609824676
26023,LOF,0.12411174474671126,0.018873131233722806,0.8570151240195659
26024,LOF,0.030964597051313814,0.10848722464563751,0.8605481783030485
26025,LOF,0.17703591539542593,0.08965313343922333,0.7333109511653508
26026,LOF,0.35414725373914646,0.022104055674090545,0.6237486905867629
26027,LOF,0.09450680130697083,0.013910494243551104,0.8915827044494782
26028,LOF,0.1527346277476744,0.07249988776822942,0.7747654844840961
26029,LOF,0.07548964713485694,0.19235130485984134,0.7321590480053017
26030,LOF,0.026822030447417777,0.060340736996293776,0.9128372325562885
26031,LOF,0.03240537935897226,0.14259701662957638,0.8249976040114513
26032,LOF,0.07213742503416239,0.058913493411571954,0.8689490815542656
26033,LOF,0.12831007636127814,0.07400753766364665,0.7976823859750751
26034,LOF,0.05057399641274789,0.15754393948509626,0.7918820641021559
26035,LOF,0.030714761679082218,0.14017568643405187,0.8291095518868659
26036,LOF,0.04462549019888541,0.17620582557687203,0.7791686842242426
26037,LOF,0.025673812191891937,0.11317960570386847,0.8611465821042396
26038,LOF,0.06550152697699743,0.06206192968208588,0.8724365433409167
26039,LOF,0.05867493285426194,0.14707698606324165,0.7942480810824963
26040,LOF,0.20121194926558264,0.12050373335091408,0.6782843173835033
26041,LOF,0.026383585762131855,0.10574556963820267,0.8678708445996655
26042,LOF,0.026200827633187696,0.09901335786465162,0.8747858145021608
26043,LOF,0.0644656517451615,0.07707454849153281,0.8584597997633057
26044,LOF,0.02248111674192091,0.07073006871639503,0.906788814541684
26045,LOF,0.08143905137697002,0.09726300672488071,0.8212979418981493
26046,LOF,0.06585109202796414,0.07622596146288724,0.8579229465091486
26047,LOF,0.08995669980891866,0.08164201489478186,0.8284012852962996
26048,LOF,0.05408482214586573,0.04803287631454172,0.8978823015395926
26049,Neutral,0.960830913983441,0.007741874058416877,0.031427211958142284
26050,Neutral,0.944369708060377,0.009873690436633477,0.04575660150298954
26051,LOF,0.04772672312436187,0.3227752009201642,0.6294980759554738
26052,LOF,0.060372322856052166,0.32190468939274414,0.6177229877512037
26053,LOF,0.05491990435015379,0.1186932071323469,0.8263868885174992
26054,LOF,0.05974828781049108,0.018329975354368044,0.9219217368351409
26055,LOF,0.0771849867155492,0.01426410744601275,0.908550905838438
26056,LOF,0.0666392165988618,0.0163538208704798,0.9170069625306585
26057,LOF,0.03235472432788974,0.010120684092402155,0.957524591579708
26058,LOF,0.03384753344870682,0.008252658059133064,0.9578998084921602
26059,LOF,0.2968830307972718,0.021844060813148616,0.6812729083895797
26060,LOF,0.029533572696383847,0.1628406363392947,0.8076257909643214
26061,LOF,0.018610369210995122,0.010187218843478158,0.9712024119455267
26062,LOF,0.01116434151277981,0.018207995420193936,0.9706276630670263
26063,LOF,0.023152024087063433,0.01111168204462618,0.9657362938683105
26064,LOF,0.02554763408822954,0.017470055417750735,0.9569823104940196
26065,LOF,0.025956407979206945,0.010740671102149905,0.9633029209186431
26066,LOF,0.021861762376333926,0.010400717801209377,0.9677375198224566
26067,LOF,0.028855099990993466,0.007749288972151553,0.9633956110368549
26068,LOF,0.05114041431511343,0.03108055153240176,0.9177790341524847
26069,LOF,0.2520193870602124,0.018154733787212923,0.7298258791525747
26070,LOF,0.40066125820491855,0.014042891113626235,0.5852958506814553
26071,LOF,0.024486045040740374,0.012970371191104085,0.9625435837681555
26072,LOF,0.022514220985169312,0.01669634006594442,0.9607894389488862
26073,LOF,0.02615674511816732,0.010622084980377953,0.9632211699014547
26074,Neutral,0.905573756205931,0.00495674254238772,0.08946950125168134
26075,LOF,0.04562628787693316,0.014642129146507256,0.9397315829765596
26076,LOF,0.04844102724064291,0.008027348401132726,0.9435316243582242
26077,LOF,0.009546978452052789,0.018097115536608706,0.9723559060113386
26078,LOF,0.014346837661663355,0.010149072844622499,0.975504089493714
26079,LOF,0.06448977449485215,0.01704932240289313,0.9184609031022548
26080,LOF,0.06320313160803352,0.017071113644555127,0.9197257547474114
26081,LOF,0.04043994871449841,0.005697439105563452,0.9538626121799381
26082,LOF,0.017051392267996998,0.014470914792862041,0.9684776929391409
26083,LOF,0.1294327698736035,0.011093225875378433,0.8594740042510182
26084,LOF,0.028954954886886312,0.010913969658567672,0.960131075454546
26085,LOF,0.024466703940028332,0.01028168280288963,0.9652516132570821
26086,LOF,0.026151329411844178,0.01081628892988311,0.9630323816582727
26087,LOF,0.029295236230468515,0.007475899977080816,0.9632288637924508
26088,LOF,0.016073156036952543,0.024929089126246643,0.9589977548368008
26089,LOF,0.04847310842009935,0.022540353840611906,0.9289865377392886
26090,LOF,0.046980497974264526,0.017372336867533564,0.9356471651582019
26091,LOF,0.04041185801238777,0.005578721140831411,0.9540094208467808
26092,LOF,0.027837965687280954,0.007560661244644249,0.9646013730680748
26093,LOF,0.041130287077047925,0.00547981903138028,0.9533898938915719
26094,LOF,0.04523574914810321,0.006198632120634809,0.948565618731262
26095,LOF,0.04383143081251074,0.012518945962745852,0.9436496232247434
26096,LOF,0.02045329183363183,0.010178546182710753,0.9693681619836574
26097,LOF,0.011829713849378237,0.034013745502649434,0.9541565406479724
26098,LOF,0.07495500333568898,0.00973759764498696,0.915307399019324
26099,LOF,0.02585569537443218,0.011038933427826483,0.9631053711977412
26100,LOF,0.027905795198356283,0.010542980119009147,0.9615512246826345
26101,LOF,0.057510577824147056,0.011044158168294882,0.9314452640075581
26102,LOF,0.026125329308688043,0.012644886820087194,0.9612297838712247
26103,Neutral,0.8899375296388925,0.016424902887374478,0.09363756747373318
26104,LOF,0.08598240075945689,0.024559226637840874,0.8894583726027021
26105,LOF,0.19535942752192514,0.27307670532292033,0.5315638671551546
26106,LOF,0.20931383252271488,0.13073404179482748,0.6599521256824576
26107,LOF,0.272638496823287,0.08196940548268454,0.6453920976940285
26108,LOF,0.23685265077601655,0.1308297515600934,0.63231759766389
26109,LOF,0.11733193415235611,0.0887860960610077,0.793881969786636
26110,LOF,0.2938274657139516,0.006441317458807795,0.6997312168272407
26111,Neutral,0.5081034989294422,0.017692306052549834,0.47420419501800803
26112,LOF,0.03385392901960399,0.008510954760179337,0.9576351162202167
26113,LOF,0.05464298177336475,0.015679683762813656,0.9296773344638216
26114,LOF,0.027705433061015305,0.027755048299209148,0.9445395186397755
26115,LOF,0.09497678702965089,0.06772061166771993,0.8373026013026291
26116,LOF,0.06957788917571558,0.055423509495971274,0.8749986013283132
26117,LOF,0.4422247387496454,0.05127510868041599,0.5065001525699386
26118,LOF,0.03829441428793291,0.02703708739510953,0.9346684983169576
26119,LOF,0.021868584466258122,0.042274728553219176,0.9358566869805226
26120,LOF,0.03186046029996506,0.025582277497721902,0.942557262202313
26121,LOF,0.04490540426995533,0.09402439038301798,0.8610702053470266
26122,LOF,0.03996335984151268,0.04928083480369397,0.9107558053547934
