feature0,prediction,LoGoFunc_Neutral,LoGoFunc_GOF,LoGoFunc_LOF
25546,Neutral,0.46126397888942644,0.12423899951452583,0.4144970215960477
25547,Neutral,0.4300994040870214,0.2353033944496891,0.3345972014632896
25548,LOF,0.3776638373608205,0.12897948702922576,0.4933566756099538
25549,LOF,0.31500390561480984,0.1837367295917303,0.5012593647934599
25550,LOF,0.23892781503784097,0.22658793928676652,0.5344842456753924
25551,LOF,0.19446809160789422,0.29763628992235447,0.5078956184697513
25552,LOF,0.17586305849631872,0.3299372571113699,0.4941996843923114
25553,Neutral,0.6945270881759128,0.16347609234298177,0.14199681948110546
25554,LOF,0.19006601991568178,0.25483296295138896,0.5551010171329293
25555,LOF,0.19263758254894367,0.2354146216750318,0.5719477957760245
25556,LOF,0.4254097813755378,0.14441276023714017,0.430177458387322
25557,LOF,0.1924321564115517,0.24718489377112704,0.5603829498173213
25558,LOF,0.18319733092932575,0.21693474165040702,0.5998679274202673
25559,LOF,0.2711394024458988,0.06173986303050361,0.6671207345235975
25560,GOF,0.059657204332676385,0.5645598273225811,0.3757829683447425
25561,GOF,0.05087544991443715,0.48349502274196215,0.46562952734360086
25562,LOF,0.04785228964936388,0.2685596429978352,0.683588067352801
25563,LOF,0.036384695081485854,0.2451880788675656,0.7184272260509484
25564,LOF,0.05463545998770053,0.17161064925940372,0.7737538907528958
25565,GOF,0.2178673417378388,0.4538706192158117,0.32826203904634954
25566,GOF,0.10765582233236017,0.6196402251449027,0.27270395252273716
25567,LOF,0.034965865654327535,0.2339145586666709,0.7311195756790015
25568,LOF,0.07210665449527995,0.08979070871883672,0.8381026367858834
25569,LOF,0.05334473881099357,0.18292634908779043,0.763728912101216
25570,LOF,0.05463545998770053,0.17161064925940372,0.7737538907528958
25571,LOF,0.05463545998770053,0.17161064925940372,0.7737538907528958
25572,LOF,0.060014344785272206,0.16736122665567937,0.7726244285590484
25573,LOF,0.0520553967134402,0.1975141421287041,0.7504304611578558
25574,GOF,0.06308856320989677,0.6853948033809351,0.2515166334091682
25575,LOF,0.05463545998770053,0.17161064925940372,0.7737538907528958
25576,LOF,0.02616469906850984,0.17516089844299304,0.7986744024884971
25577,LOF,0.026004085730430872,0.19466531809094742,0.7793305961786217
25578,LOF,0.09153576835104421,0.3276289433050106,0.5808352883439453
25579,LOF,0.07816473418295247,0.3066775014275397,0.6151577643895079
25580,LOF,0.05463545998770053,0.17161064925940372,0.7737538907528958
25581,LOF,0.0611942237612988,0.21943150584924936,0.7193742703894519
25582,LOF,0.0611942237612988,0.21943150584924936,0.7193742703894519
25583,LOF,0.05463545998770053,0.17161064925940372,0.7737538907528958
25584,Neutral,0.6524830307764375,0.07603073773891872,0.2714862314846438
25585,LOF,0.033597209940268706,0.15073182822300016,0.8156709618367312
25586,LOF,0.05463545998770053,0.17161064925940372,0.7737538907528958
25587,LOF,0.05463545998770053,0.17161064925940372,0.7737538907528958
25588,LOF,0.05463545998770053,0.17161064925940372,0.7737538907528958
25589,GOF,0.31804925469769174,0.4415149294259359,0.24043581587637228
25590,LOF,0.0498270354326353,0.20526347222456817,0.7449094923427965
25591,LOF,0.05933748188253886,0.1269087383215187,0.8137537797959424
25592,GOF,0.22557487149019168,0.48145491373154403,0.2929702147782641
25593,GOF,0.06435908730688764,0.6950514175786885,0.2405894951144238
25594,LOF,0.07776683813773212,0.09214189689996093,0.8300912649623069
25595,LOF,0.08205918593512868,0.0829560227109082,0.8349847913539632
25596,LOF,0.12571303408254883,0.07063414186893273,0.8036528240485185
25597,LOF,0.09857460547351667,0.13996578757904268,0.7614596069474407
25598,LOF,0.057779354760511076,0.0955338014849636,0.8466868437545254
25599,GOF,0.03516126385398251,0.5980900485674551,0.3667486875785623
25600,GOF,0.06959457641697023,0.586124886042239,0.3442805375407908
25601,GOF,0.028520505640564978,0.5531167944757751,0.4183626998836599
25602,LOF,0.0504069189436487,0.13837932604691744,0.8112137550094338
25603,LOF,0.05463545998770053,0.17161064925940372,0.7737538907528958
25604,LOF,0.10576869264621713,0.23467923537279595,0.659552071980987
25605,GOF,0.20845119540523588,0.5264867886462737,0.2650620159484903
25606,Neutral,0.6328424890957882,0.16430615005736424,0.20285136084684746
25607,GOF,0.025416281114542163,0.537287909835414,0.43729580905004395
25608,LOF,0.07157663163582385,0.15376379189973322,0.774659576464443
25609,GOF,0.06639436800955983,0.7224907442248433,0.21111488776559692
25610,LOF,0.05463545998770053,0.17161064925940372,0.7737538907528958
25611,LOF,0.05463545998770053,0.17161064925940372,0.7737538907528958
25612,LOF,0.07703136199514689,0.06539183144646288,0.8575768065583903
25613,LOF,0.08427523342117722,0.08244119177974334,0.8332835747990794
25614,LOF,0.05463545998770053,0.17161064925940372,0.7737538907528958
25615,LOF,0.0665036200687994,0.1733175495015594,0.7601788304296412
25616,LOF,0.05463545998770053,0.17161064925940372,0.7737538907528958
25617,LOF,0.05463545998770053,0.17161064925940372,0.7737538907528958
25618,GOF,0.11252023993283256,0.44928937803016783,0.43819038203699956
25619,LOF,0.05463545998770053,0.17161064925940372,0.7737538907528958
25620,LOF,0.05463545998770053,0.17161064925940372,0.7737538907528958
25621,LOF,0.06961468910337777,0.1549922605347145,0.7753930503619076
25622,LOF,0.07755178306314729,0.10069127960334154,0.8217569373335111
25623,LOF,0.0994144686781087,0.06814828800916935,0.8324372433127218
25624,LOF,0.05463545998770053,0.17161064925940372,0.7737538907528958
25625,LOF,0.09128580023582858,0.08860197513256447,0.8201122246316068
25626,LOF,0.06331260745774224,0.11008502436363483,0.8266023681786229
25627,Neutral,0.7225179026571416,0.1827130595795266,0.09476903776333179
25628,GOF,0.04119398501738725,0.5437512969671596,0.41505471801545313
25629,LOF,0.05162181712762586,0.2906664761386577,0.6577117067337164
25630,GOF,0.19400367859370526,0.5857934058328821,0.22020291557341268
25631,GOF,0.12424353284446449,0.653397430311922,0.22235903684361344
25632,LOF,0.03290899375928324,0.11245826566727482,0.8546327405734419
25633,LOF,0.05463545998770053,0.17161064925940372,0.7737538907528958
25634,LOF,0.06049497442332908,0.14319474031375354,0.7963102852629174
25635,LOF,0.05463545998770053,0.17161064925940372,0.7737538907528958
25636,GOF,0.0324651417724527,0.542580722691116,0.4249541355364312
25637,GOF,0.024100483827144557,0.4888335555168797,0.4870659606559758
25638,GOF,0.029313048686192677,0.5462464569690365,0.4244404943447708
25639,GOF,0.02677686350114871,0.5783371302891362,0.3948860062097151
25640,Neutral,0.6704806572560696,0.2389301503378864,0.09058919240604399
25641,GOF,0.06281224657128143,0.48375404743728745,0.4534337059914312
25642,LOF,0.03791314144911836,0.3363977366352298,0.6256891219156517
25643,LOF,0.34664599527180917,0.17192934599107504,0.48142465873711593
25644,GOF,0.040558242005266705,0.5967847071502972,0.36265705084443606
25645,GOF,0.04001355016181901,0.6576084829600956,0.3023779668780854
25646,GOF,0.08117211484596919,0.6689042238709426,0.24992366128308816
25647,LOF,0.03657368470598412,0.39614836543153137,0.5672779498624846
25648,GOF,0.03112565448161255,0.5073488340143982,0.4615255115039893
25649,LOF,0.03762509935110377,0.23489540314343096,0.7274794975054653
25650,GOF,0.09384282171701168,0.6255850078688419,0.28057217041414656
25651,GOF,0.04689589771785751,0.5953944918722552,0.3577096104098872
25652,GOF,0.08988195978727814,0.47003556355696674,0.4400824766557551
25653,GOF,0.26242735694462327,0.5117301710754907,0.2258424719798861
25654,LOF,0.03879927951933733,0.3645027765566916,0.596697943923971
25655,GOF,0.1614937918964235,0.5613213739850182,0.2771848341185583
25656,LOF,0.14033470777214216,0.23497939347147148,0.6246858987563864
25657,LOF,0.053403525575696394,0.09208654405703415,0.8545099303672694
25658,GOF,0.075800329332624,0.5429930094489228,0.38120666121845315
25659,GOF,0.18468687591817767,0.6352118049197856,0.18010131916203675
25660,LOF,0.05463545998770053,0.17161064925940372,0.7737538907528958
25661,LOF,0.05463545998770053,0.17161064925940372,0.7737538907528958
25662,LOF,0.05463545998770053,0.17161064925940372,0.7737538907528958
25663,LOF,0.05463545998770053,0.17161064925940372,0.7737538907528958
25664,LOF,0.07112182914147595,0.2078172351652521,0.7210609356932719
25665,LOF,0.07554782257825057,0.13922683578828704,0.7852253416334624
25666,LOF,0.07079042650963936,0.21101591785103274,0.7181936556393279
25667,LOF,0.05463545998770053,0.17161064925940372,0.7737538907528958
25668,LOF,0.05463545998770053,0.17161064925940372,0.7737538907528958
25669,LOF,0.05463545998770053,0.17161064925940372,0.7737538907528958
25670,LOF,0.09926722198177913,0.08606574730585073,0.8146670307123701
25671,LOF,0.05463545998770053,0.17161064925940372,0.7737538907528958
25672,LOF,0.05365379248755629,0.10664049656615494,0.8397057109462888
25673,LOF,0.06874932893012954,0.15290515907576402,0.7783455119941065
25674,LOF,0.06283621996222777,0.17525976628464338,0.7619040137531289
25675,LOF,0.07212233011477598,0.13134863664115642,0.7965290332440677
25676,LOF,0.05463545998770053,0.17161064925940372,0.7737538907528958
25677,LOF,0.05463545998770053,0.17161064925940372,0.7737538907528958
25678,LOF,0.07099936923341955,0.08513925189215604,0.8438613788744245
25679,LOF,0.10547566548149093,0.10477601993645212,0.7897483145820571
25680,LOF,0.05463545998770053,0.17161064925940372,0.7737538907528958
25681,LOF,0.05463545998770053,0.17161064925940372,0.7737538907528958
25682,LOF,0.05463545998770053,0.17161064925940372,0.7737538907528958
25683,LOF,0.0968428150527103,0.05533413716460697,0.8478230477826827
25684,LOF,0.05463545998770053,0.17161064925940372,0.7737538907528958
25685,LOF,0.05946089762816927,0.19430571661820284,0.7462333857536279
25686,LOF,0.04697896272155712,0.41086865005421985,0.5421523872242231
25687,GOF,0.04196196550727663,0.605009570856756,0.3530284636359673
25688,GOF,0.0959326373534282,0.6158616871329794,0.2882056755135924
25689,GOF,0.04689892798149168,0.5786516583788176,0.3744494136396908
25690,GOF,0.07645053702934225,0.5247097855864813,0.3988396773841764
25691,Neutral,0.4239247400287985,0.3781785958226516,0.19789666414854995
25692,LOF,0.10790733977502896,0.10638761039658486,0.7857050498283863
25693,GOF,0.08457989208847355,0.6161920101340659,0.2992280977774606
25694,LOF,0.1727206764666167,0.07470706927908388,0.7525722542542994
25695,LOF,0.12268595512346268,0.0908041765317404,0.7865098683447969
25696,LOF,0.1232315761201567,0.08538821843875942,0.7913802054410838
25697,LOF,0.08434366654166496,0.2641631388357398,0.6514931946225953
25698,LOF,0.08710635805603938,0.4351023049482361,0.4777913369957246
25699,GOF,0.07155961553145553,0.6183953651909858,0.3100450192775586
25700,LOF,0.05463545998770053,0.17161064925940372,0.7737538907528958
25701,GOF,0.058757780496045964,0.6168839157704926,0.32435830373346136
25702,GOF,0.12324561206568009,0.5502636859593836,0.3264907019749363
25703,LOF,0.030211692572820723,0.10413912580239545,0.8656491816247838
25704,LOF,0.05463545998770053,0.17161064925940372,0.7737538907528958
25705,LOF,0.05463545998770053,0.17161064925940372,0.7737538907528958
25706,GOF,0.07223493103797812,0.7220666395235603,0.20569842943846164
25707,GOF,0.10706587505880426,0.6423782066673263,0.2505559182738694
25708,GOF,0.042100947567109186,0.566720955310945,0.3911780971219458
25709,LOF,0.05463545998770053,0.17161064925940372,0.7737538907528958
25710,LOF,0.02740596788200712,0.20788452529870058,0.7647095068192923
25711,LOF,0.05463545998770053,0.17161064925940372,0.7737538907528958
25712,LOF,0.03609355336644568,0.21198881643938125,0.751917630194173
25713,LOF,0.05463545998770053,0.17161064925940372,0.7737538907528958
25714,LOF,0.05463545998770053,0.17161064925940372,0.7737538907528958
25715,LOF,0.05463545998770053,0.17161064925940372,0.7737538907528958
25716,LOF,0.023968599611662422,0.08170587594360058,0.894325524444737
25717,LOF,0.020047953747797415,0.24067548768900204,0.7392765585632006
25718,LOF,0.05463545998770053,0.17161064925940372,0.7737538907528958
25719,LOF,0.05463545998770053,0.17161064925940372,0.7737538907528958
25720,LOF,0.05463545998770053,0.17161064925940372,0.7737538907528958
25721,LOF,0.05463545998770053,0.17161064925940372,0.7737538907528958
25722,LOF,0.05463545998770053,0.17161064925940372,0.7737538907528958
25723,LOF,0.05463545998770053,0.17161064925940372,0.7737538907528958
25724,LOF,0.14033470777214216,0.23497939347147148,0.6246858987563864
25725,LOF,0.05463545998770053,0.17161064925940372,0.7737538907528958
25726,LOF,0.05463545998770053,0.17161064925940372,0.7737538907528958
25727,LOF,0.05463545998770053,0.17161064925940372,0.7737538907528958
25728,LOF,0.05463545998770053,0.17161064925940372,0.7737538907528958
25729,LOF,0.05463545998770053,0.17161064925940372,0.7737538907528958
25730,LOF,0.05463545998770053,0.17161064925940372,0.7737538907528958
25731,LOF,0.030638961392106277,0.23221165419270243,0.7371493844151914
25732,LOF,0.05463545998770053,0.17161064925940372,0.7737538907528958
25733,LOF,0.05463545998770053,0.17161064925940372,0.7737538907528958
25734,LOF,0.03236362176509166,0.22880069424525626,0.738835683989652
25735,LOF,0.05463545998770053,0.17161064925940372,0.7737538907528958
25736,LOF,0.05463545998770053,0.17161064925940372,0.7737538907528958
25737,LOF,0.05463545998770053,0.17161064925940372,0.7737538907528958
25738,LOF,0.05463545998770053,0.17161064925940372,0.7737538907528958
25739,LOF,0.05463545998770053,0.17161064925940372,0.7737538907528958
25740,LOF,0.05463545998770053,0.17161064925940372,0.7737538907528958
25741,LOF,0.05463545998770053,0.17161064925940372,0.7737538907528958
25742,LOF,0.05463545998770053,0.17161064925940372,0.7737538907528958
25743,LOF,0.024184472924323845,0.148901569918653,0.8269139571570231
25744,GOF,0.22947365192138983,0.5143652066490458,0.2561611414295644
25745,GOF,0.0640340757873438,0.59274751748912,0.34321840672353626
25746,GOF,0.039387539575311666,0.5567920772130072,0.40382038321168107
25747,LOF,0.05463545998770053,0.17161064925940372,0.7737538907528958
25748,LOF,0.07816473418295247,0.3066775014275397,0.6151577643895079
25749,GOF,0.039967633863620136,0.6542281357289427,0.30580423040743726
25750,GOF,0.04376271113077679,0.5931926704132933,0.36304461845592995
25751,LOF,0.05463545998770053,0.17161064925940372,0.7737538907528958
25752,GOF,0.2128904822553344,0.49661172193910436,0.29049779580556123
25753,LOF,0.021604357203189935,0.20386226512479372,0.7745333776720164
25754,GOF,0.0664868561309757,0.602133528782323,0.3313796150867014
25755,LOF,0.02893087348317946,0.20459967292054151,0.7664694535962789
25756,LOF,0.05189524657506997,0.32007246439339504,0.628032289031535
25757,GOF,0.03723234327429778,0.6712557340009743,0.2915119227247278
25758,GOF,0.06781016303853642,0.6049849280930067,0.3272049088684567
25759,GOF,0.04130741468229478,0.4793503713714181,0.4793422139462871
25760,LOF,0.029577726968113966,0.21591184095749563,0.7545104320743904
25761,GOF,0.30800391307567304,0.5457806502948962,0.14621543662943082
25762,LOF,0.05556071835786961,0.2074168808152811,0.7370224008268493
25763,LOF,0.018440705539485024,0.2696533660883336,0.7119059283721814
25764,GOF,0.07009832630157227,0.7634275276416668,0.166474146056761
25765,GOF,0.06901044070698184,0.6333572715083902,0.297632287784628
25766,GOF,0.1010939328067334,0.5085124870182641,0.39039358017500236
25767,GOF,0.12008569843844578,0.5498028633287322,0.330111438232822
25768,LOF,0.05463545998770053,0.17161064925940372,0.7737538907528958
25769,LOF,0.05463545998770053,0.17161064925940372,0.7737538907528958
25770,Neutral,0.544191382843104,0.0627982947198534,0.39301032243704254
25771,LOF,0.07746119700842684,0.12524383606801362,0.7972949669235596
25772,LOF,0.05463545998770053,0.17161064925940372,0.7737538907528958
25773,LOF,0.07759704953910379,0.137649047083438,0.7847539033774583
25774,LOF,0.05303482578131923,0.1498941995231276,0.7970709746955532
25775,LOF,0.07613895743228272,0.2318443134400925,0.6920167291276248
25776,LOF,0.05463545998770053,0.17161064925940372,0.7737538907528958
25777,LOF,0.23480257415676595,0.08226408639708763,0.6829333394461464
25778,LOF,0.05463545998770053,0.17161064925940372,0.7737538907528958
25779,Neutral,0.4522393454931629,0.263326135797222,0.2844345187096151
25780,Neutral,0.5811076907086019,0.18450759844893802,0.2343847108424601
25781,GOF,0.28343207314133884,0.5221628996090024,0.19440502724965872
25782,GOF,0.18870027246474952,0.5885189733829436,0.22278075415230697
25783,GOF,0.20302608474523612,0.44088662042192445,0.3560872948328394
25784,Neutral,0.45461088353034784,0.3976651758616698,0.14772394060798244
25785,Neutral,0.5244931618546876,0.3492913795333857,0.1262154586119267
25786,GOF,0.08976826912321997,0.5055458296158047,0.4046859012609752
25787,Neutral,0.7299682177665371,0.1578168220604394,0.11221496017302351
25788,LOF,0.05463545998770053,0.17161064925940372,0.7737538907528958
25789,GOF,0.281761324671406,0.49102813126448924,0.22721054406410487
25790,GOF,0.28791735056322637,0.42178679643421674,0.29029585300255695
25791,GOF,0.1940031917467216,0.6072463091086243,0.1987504991446541
25792,GOF,0.22998343194080278,0.5921201252697094,0.17789644278948769
25793,Neutral,0.44338359417895873,0.3741905659443663,0.18242583987667493
25794,GOF,0.3231555373526607,0.5032346494388059,0.17360981320853333
25795,GOF,0.11618117478951548,0.7142376016225191,0.16958122358796543
25796,Neutral,0.5675510557800133,0.21142602545262468,0.22102291876736205
25797,GOF,0.3317774264630647,0.45107104457932534,0.2171515289576099
25798,GOF,0.04442960034354267,0.7197353017461394,0.23583509791031798
25799,GOF,0.03530676425464615,0.6676466155193275,0.2970466202260264
25800,GOF,0.14552709795545843,0.551064200217101,0.30340870182744056
25801,GOF,0.22329225826367285,0.5689551319314263,0.20775260980490073
25802,GOF,0.2284554989313853,0.5594212043243979,0.2121232967442168
25803,GOF,0.20869152298597154,0.5368213761336861,0.2544871008803425
25804,GOF,0.13762698525123115,0.6883875609797107,0.17398545376905825
25805,GOF,0.14096750205911307,0.6373534830163141,0.22167901492457276
25806,GOF,0.27955710087657815,0.4048570674198016,0.3155858317036202
25807,GOF,0.054072567702667225,0.6832096868031456,0.262717745494187
25808,GOF,0.20248567172025259,0.6024596723547527,0.19505465592499457
25809,LOF,0.07689656417702967,0.44049472459988664,0.48260871122308363
25810,GOF,0.08572256559432562,0.4902505838149163,0.42402685059075806
25811,GOF,0.27289866835358684,0.569778721409961,0.1573226102364522
25812,GOF,0.2976746644158386,0.4421676672534596,0.2601576683307017
25813,Neutral,0.597902074862479,0.24409434442792116,0.15800358070959977
25814,GOF,0.18411226268928613,0.627524673075992,0.188363064234722
25815,Neutral,0.40601589657644244,0.38555898960572854,0.208425113817829
25816,GOF,0.11562148089127135,0.5097760275955908,0.37460249151313796
25817,GOF,0.298758996562778,0.4552432041634897,0.24599779927373228
25818,GOF,0.13725745579231946,0.6509278619742267,0.21181468223345395
25819,Neutral,0.4510974990411831,0.26462431446579043,0.2842781864930264
25820,GOF,0.2994727011808987,0.4419215167992761,0.2586057820198253
25821,GOF,0.18893327185801698,0.5832266718873121,0.22784005625467085
25822,Neutral,0.5034084098670528,0.3355840975977955,0.16100749253515173
25823,GOF,0.13787964816753046,0.6885022829985173,0.17361806883395223
25824,GOF,0.289428246275344,0.4379368414386363,0.27263491228601966
25825,GOF,0.18547054014747283,0.5497198541423255,0.2648096057102016
25826,GOF,0.050648931442555785,0.572852168019609,0.37649890053783525
25827,GOF,0.09118834611306831,0.49785145148549886,0.41096020240143283
25828,GOF,0.07355508893358649,0.5468004237801798,0.37964448728623373
25829,GOF,0.03849828370076464,0.5674094762744127,0.3940922400248227
25830,GOF,0.11252023993283256,0.44928937803016783,0.43819038203699956
25831,GOF,0.12320299637993894,0.7126760259618865,0.1641209776581745
25832,GOF,0.053964001579423666,0.6232170667575212,0.3228189316630551
25833,GOF,0.1535977250419126,0.5885793714678362,0.25782290349025117
25834,GOF,0.07083036135954106,0.6040510543477838,0.32511858429267504
25835,GOF,0.19034199421136558,0.564205224646504,0.24545278114213054
25836,GOF,0.05864075745051301,0.6503210603714917,0.2910381821779953
25837,GOF,0.04892378987358594,0.5803633682553193,0.3707128418710947
25838,GOF,0.17495792644932648,0.6146617376118104,0.2103803359388631
25839,GOF,0.24644456354004182,0.42168330463951514,0.331872131820443
25840,GOF,0.16775170626763922,0.6238828960282441,0.2083653977041166
25841,GOF,0.23194985730768358,0.550399766161524,0.21765037653079247
25842,GOF,0.18695434057420401,0.6243493728742172,0.18869628655157883
25843,GOF,0.2817220589963053,0.4332613915013198,0.2850165495023748
25844,GOF,0.1781365751261708,0.51163231785081,0.31023110702301915
25845,GOF,0.027608384545075103,0.6009289626254152,0.37146265282950974
25846,GOF,0.13789260506355616,0.6967976442075743,0.16530975072886964
25847,GOF,0.09012902616297189,0.6746614584708964,0.2352095153661317
25848,GOF,0.16198128192385464,0.5711001462624141,0.2669185718137313
25849,GOF,0.055891359407780644,0.5790927752579005,0.36501586533431885
25850,GOF,0.05429177699863178,0.6330922177907942,0.3126160052105741
25851,GOF,0.05339339802218628,0.5987085339295259,0.3478980680482878
25852,GOF,0.17777335081592346,0.6427396984354059,0.17948695074867063
25853,Neutral,0.37975519467887925,0.37809641969185964,0.24214838562926105
25854,GOF,0.03447258477743601,0.637289983142305,0.32823743208025896
25855,GOF,0.20511766157729358,0.489788937182979,0.30509340123972734
25856,Neutral,0.4192304643219365,0.3092771233151995,0.27149241236286403
25857,GOF,0.21287714017733583,0.539076611343555,0.24804624847910917
25858,GOF,0.08267988642995998,0.6065428234773161,0.3107772900927238
25859,GOF,0.04920772652731479,0.5768905867346064,0.3739016867380789
25860,GOF,0.373735576885145,0.4162745337322722,0.20998988938258278
25861,GOF,0.2740632593461753,0.4581367009105748,0.26780003974325
25862,GOF,0.17179054791875475,0.5920033455901835,0.23620610649106172
25863,GOF,0.24514812252541293,0.47977374979926507,0.27507812767532197
25864,GOF,0.16132896526053234,0.47840702520600115,0.36026400953346666
25865,GOF,0.14001960513741699,0.6065971075223479,0.25338328734023535
25866,GOF,0.19189344157226956,0.5608644302432688,0.24724212818446165
25867,GOF,0.17124232847454685,0.5434912472224684,0.2852664243029847
25868,GOF,0.31438887551115746,0.5304840965151532,0.15512702797368938
25869,Neutral,0.7300816694170169,0.18316183510059836,0.08675649548238469
25870,GOF,0.22557487149019168,0.48145491373154403,0.2929702147782641
25871,GOF,0.08182298765524687,0.6023784173984061,0.31579859494634693
25872,GOF,0.17917835543961905,0.5852809255404317,0.2355407190199494
25873,GOF,0.2129598717130088,0.5230888613188619,0.2639512669681293
25874,LOF,0.05463545998770053,0.17161064925940372,0.7737538907528958
25875,GOF,0.06557779385523566,0.6511068773506565,0.2833153287941077
25876,LOF,0.029057640000797077,0.30521186131224776,0.6657304986869551
25877,GOF,0.3401263297055483,0.4393501684028022,0.22052350189164938
25878,GOF,0.12985615465290956,0.6141274331941781,0.25601641215291243
25879,GOF,0.045039448202268496,0.49527476098854956,0.4596857908091819
25880,LOF,0.05463545998770053,0.17161064925940372,0.7737538907528958
25881,GOF,0.117224892412873,0.6722808628401343,0.21049424474699277
25882,LOF,0.07353772419276686,0.2152641488271566,0.7111981269800765
25883,LOF,0.05463545998770053,0.17161064925940372,0.7737538907528958
25884,LOF,0.07167013833596185,0.1655986809185758,0.7627311807454623
25885,LOF,0.07754834950163125,0.17079287237517596,0.7516587781231927
25886,LOF,0.07816473418295247,0.3066775014275397,0.6151577643895079
25887,GOF,0.04243189424918091,0.5687067088387314,0.38886139691208776
25888,GOF,0.07091846932737332,0.5623877976530096,0.3666937330196171
25889,LOF,0.08688958127451077,0.1366159063598266,0.7764945123656627
25890,LOF,0.043179989641365164,0.4222358887154729,0.5345841216431619
25891,LOF,0.06670264807826363,0.14046988249639947,0.792827469425337
25892,GOF,0.02922687928081727,0.5348286866288156,0.43594443409036726
25893,GOF,0.030976912957673214,0.6677139436474975,0.30130914339482934
25894,GOF,0.0261135690293649,0.4966842719385338,0.4772021590321014
25895,GOF,0.03343042159927648,0.536992920664074,0.42957665773664955
25896,LOF,0.0599705099932079,0.2713505406830028,0.6686789493237892
25897,GOF,0.03598235564665676,0.6945856113301149,0.26943203302322843
25898,GOF,0.2071595887305868,0.5098569416642967,0.28298346960511656
25899,LOF,0.09153576835104421,0.3276289433050106,0.5808352883439453
25900,Neutral,0.9163552290022525,0.020318515090690437,0.06332625590705687
25901,LOF,0.05463545998770053,0.17161064925940372,0.7737538907528958
25902,LOF,0.09200461604997077,0.21179147325016215,0.696203910699867
25903,GOF,0.08085380535962852,0.5155981002761745,0.403548094364197
25904,LOF,0.17113097887809167,0.3289119431411611,0.4999570779807473
25905,GOF,0.06399799944094922,0.6234886649132557,0.31251333564579514
25906,LOF,0.02582266149864862,0.1587693372789445,0.8154080012224069
25907,GOF,0.026623767966628166,0.5648222056046422,0.4085540264287296
25908,LOF,0.02466994549188026,0.4776158505903537,0.49771420391776605
25909,LOF,0.05463545998770053,0.17161064925940372,0.7737538907528958
25910,LOF,0.03583162172596353,0.41739012324434005,0.5467782550296963
25911,LOF,0.06881424169392254,0.1261723900823641,0.8050133682237134
25912,LOF,0.03385404762756753,0.2589961698596454,0.7071497825127872
25913,LOF,0.052524045588084926,0.4496527025329251,0.49782325187898996
25914,LOF,0.05463545998770053,0.17161064925940372,0.7737538907528958
25915,GOF,0.3274297931396608,0.4443682892736762,0.22820191758666306
25916,GOF,0.031449258419415316,0.5214830289787737,0.44706771260181094
25917,LOF,0.052473462411692824,0.1394073882175233,0.8081191493707839
25918,LOF,0.05463545998770053,0.17161064925940372,0.7737538907528958
25919,LOF,0.05463545998770053,0.17161064925940372,0.7737538907528958
25920,GOF,0.1108915341078611,0.6636731372005453,0.22543532869159344
25921,LOF,0.036639048895751,0.22040953536515417,0.7429514157390947
25922,LOF,0.03644424302802865,0.2193578044698376,0.7441979525021338
25923,LOF,0.08113292491411732,0.3068053043065433,0.6120617707793393
25924,LOF,0.03961937407596256,0.13802316068177822,0.8223574652422592
25925,LOF,0.050963632765746385,0.20675913467762985,0.7422772325566238
25926,LOF,0.05365379248755629,0.10664049656615494,0.8397057109462888
25927,GOF,0.028620847855139745,0.5748461653733435,0.39653298677151677
25928,LOF,0.021591605918091894,0.16188498324513417,0.8165234108367739
25929,LOF,0.2782591651304637,0.25392376989691007,0.4678170649726262
25930,LOF,0.05463545998770053,0.17161064925940372,0.7737538907528958
25931,LOF,0.02728767039281047,0.14993890116539618,0.8227734284417935
25932,LOF,0.05463545998770053,0.17161064925940372,0.7737538907528958
25933,LOF,0.05463545998770053,0.17161064925940372,0.7737538907528958
25934,LOF,0.05463545998770053,0.17161064925940372,0.7737538907528958
25935,LOF,0.061561713811230004,0.1014602169349962,0.8369780692537737
25936,LOF,0.05463545998770053,0.17161064925940372,0.7737538907528958
25937,LOF,0.03842143102610066,0.1371311955441598,0.8244473734297396
25938,LOF,0.08087429281776957,0.08594293500448803,0.8331827721777424
25939,LOF,0.05463545998770053,0.17161064925940372,0.7737538907528958
25940,LOF,0.038719357688386975,0.3542325137030219,0.607048128608591
25941,GOF,0.09364869380218165,0.6096723885425701,0.2966789176552483
25942,LOF,0.030542964202012045,0.1124967233348422,0.8569603124631456
25943,GOF,0.19480965236394063,0.4814954357507573,0.32369491188530203
25944,GOF,0.21611208331469556,0.525926902550569,0.25796101413473543
25945,GOF,0.11252023993283256,0.44928937803016783,0.43819038203699956
25946,LOF,0.022389378864047373,0.20313242191508937,0.7744781992208634
25947,GOF,0.10861558856813203,0.512919687063331,0.3784647243685369
25948,LOF,0.31685189171816375,0.08770487009284601,0.5954432381889901
25949,LOF,0.06793901340152514,0.20567800011033466,0.7263829864881403
25950,GOF,0.2505360945806953,0.44388993901226587,0.3055739664070388
25951,GOF,0.06561420207506112,0.4956220658507869,0.438763732074152
25952,GOF,0.030898278490756357,0.5234518759912375,0.44564984551800607
25953,GOF,0.05181445715722699,0.6300972656990474,0.31808827714372556
25954,GOF,0.1788451880225663,0.5520394453748292,0.26911536660260454
25955,GOF,0.03419352424766811,0.6396701116026029,0.3261363641497289
25956,GOF,0.0274405552164724,0.6067578090847825,0.36580163569874524
25957,LOF,0.07194291909931005,0.07863353168911347,0.8494235492115764
25958,LOF,0.05463545998770053,0.17161064925940372,0.7737538907528958
25959,GOF,0.03716016572079744,0.6709146519459247,0.29192518233327774
25960,LOF,0.031101237186241974,0.23137543930216467,0.7375233235115934
25961,LOF,0.05463545998770053,0.17161064925940372,0.7737538907528958
25962,LOF,0.10176201825569983,0.1059942682591191,0.7922437134851811
25963,GOF,0.03335877211622936,0.5541671239155215,0.4124741039682493
25964,LOF,0.05463545998770053,0.17161064925940372,0.7737538907528958
25965,Neutral,0.5444444005327208,0.28965341048380683,0.16590218898347237
25966,LOF,0.09153576835104421,0.3276289433050106,0.5808352883439453
25967,LOF,0.029452827755603435,0.19409789925328047,0.7764492729911161
25968,GOF,0.043902005050203,0.674793602020154,0.2813043929296429
25969,LOF,0.042192091140140955,0.10949484918888433,0.8483130596709747
25970,LOF,0.03980966096317241,0.12849472200775838,0.8316956170290691
25971,LOF,0.05463545998770053,0.17161064925940372,0.7737538907528958
25972,LOF,0.05463545998770053,0.17161064925940372,0.7737538907528958
25973,LOF,0.08053916439245346,0.16232857900793654,0.7571322565996099
25974,Neutral,0.544664730788779,0.21568970642065688,0.23964556279056412
25975,LOF,0.05463545998770053,0.17161064925940372,0.7737538907528958
25976,LOF,0.023608042193359477,0.14607127230720598,0.8303206854994345
25977,LOF,0.03200554155284349,0.44595265041802573,0.5220418080291308
25978,LOF,0.15879867673756481,0.3654147262659869,0.47578659699644843
25979,LOF,0.16547083697857545,0.24227830060449002,0.5922508624169345
25980,LOF,0.15749709286121946,0.3504088432252142,0.4920940639135662
25981,LOF,0.15749709286121946,0.3504088432252142,0.4920940639135662
25982,Neutral,0.45795765309004566,0.11168086676370312,0.43036148014625114
25983,Neutral,0.6005312847190335,0.13322957259217755,0.26623914268878895
25984,LOF,0.05463545998770053,0.17161064925940372,0.7737538907528958
25985,GOF,0.05275914217272826,0.6531196522167865,0.2941212056104852
25986,GOF,0.0787316693419051,0.6295795680812022,0.29168876257689275
25987,LOF,0.057259001914291806,0.14591611666491103,0.7968248814207971
25988,LOF,0.05463545998770053,0.17161064925940372,0.7737538907528958
25989,LOF,0.05463545998770053,0.17161064925940372,0.7737538907528958
25990,LOF,0.05463545998770053,0.17161064925940372,0.7737538907528958
25991,GOF,0.15068868587452358,0.613333681863798,0.23597763226167837
25992,GOF,0.09763974456438275,0.6097956057658739,0.2925646496697434
25993,LOF,0.05463545998770053,0.17161064925940372,0.7737538907528958
25994,LOF,0.05463545998770053,0.17161064925940372,0.7737538907528958
25995,LOF,0.05463545998770053,0.17161064925940372,0.7737538907528958
25996,GOF,0.1130537407521843,0.6489206118588439,0.23802564738897175
25997,GOF,0.09012825269306146,0.6953811237104599,0.21449062359647852
25998,GOF,0.12105796180252064,0.6240649302037087,0.2548771079937707
25999,Neutral,0.41621054121975776,0.362085231724635,0.22170422705560736
26000,LOF,0.05113165671640203,0.10233618994111301,0.846532153342485
26001,GOF,0.04728243988605993,0.5178346489741662,0.4348829111397738
26002,LOF,0.08787427592982079,0.2184154615727973,0.6937102624973819
26003,GOF,0.05511104390573748,0.511338664403977,0.43355029169028547
26004,GOF,0.10004693746524625,0.6119665534462231,0.28798650908853074
26005,GOF,0.039166116996652414,0.49585606173497937,0.4649778212683683
26006,Neutral,0.6158456451929792,0.17171512105617429,0.21243923375084642
26007,GOF,0.08693774938819515,0.6048773938961176,0.3081848567156873
26008,GOF,0.048371936578963826,0.5913596922717353,0.3602683711493009
26009,GOF,0.08173161495299752,0.7012638236207612,0.21700456142624117
26010,GOF,0.037501058549026293,0.6808374778926004,0.28166146355837335
26011,LOF,0.03011279926795502,0.46351919983101375,0.5063680009010313
26012,GOF,0.0375835147237543,0.647640839855284,0.3147756454209617
26013,LOF,0.04123096263683427,0.4330264787267844,0.5257425586363814
26014,LOF,0.08866821154922513,0.2286293006140439,0.6827024878367309
26015,LOF,0.15657424569924364,0.09396277745410662,0.7494629768466498
26016,GOF,0.21860253672405758,0.5047503499200733,0.2766471133558691
26017,GOF,0.18954939564798962,0.5760600782789554,0.2343905260730549
26018,LOF,0.05463545998770053,0.17161064925940372,0.7737538907528958
26019,LOF,0.05463545998770053,0.17161064925940372,0.7737538907528958
26020,GOF,0.03347288988336479,0.5082218024268422,0.4583053076897929
26021,GOF,0.049565874633999855,0.5204738223396468,0.4299603030263534
26022,LOF,0.02274526382043003,0.17460992648857585,0.802644809690994
26023,LOF,0.14033470777214216,0.23497939347147148,0.6246858987563864
26024,LOF,0.04506243640929695,0.46854083678888564,0.4863967268018173
26025,GOF,0.2449223803814374,0.44896627006603423,0.30611134955252844
26026,Neutral,0.6519355719571527,0.16938052857559308,0.17868389946725427
26027,LOF,0.05463545998770053,0.17161064925940372,0.7737538907528958
26028,LOF,0.2845940626625502,0.24363786337334867,0.4717680739641011
26029,GOF,0.08200776861557028,0.6302282791297191,0.2877639522547106
26030,LOF,0.02061618433800503,0.18735440902656184,0.7920294066354331
26031,GOF,0.04966279152922041,0.6089801896429923,0.34135701882778735
26032,LOF,0.05463545998770053,0.17161064925940372,0.7737538907528958
26033,LOF,0.14033470777214216,0.23497939347147148,0.6246858987563864
26034,GOF,0.06380512798036388,0.6573611656431461,0.27883370637648996
26035,GOF,0.045827304501256654,0.6114853206434259,0.3426873748553175
26036,LOF,0.03536543625950259,0.43980569408259423,0.5248288696579032
26037,GOF,0.032173893551497454,0.5575063556321169,0.41031975081638555
26038,LOF,0.05463545998770053,0.17161064925940372,0.7737538907528958
26039,GOF,0.13144489417319222,0.5741406127431382,0.2944144930836696
26040,GOF,0.15821211737582902,0.6456045549850549,0.19618332763911617
26041,LOF,0.03523296026000577,0.4391796439680169,0.5255873957719773
26042,GOF,0.027210616149724413,0.5761859812906877,0.39660340255958787
26043,LOF,0.05463545998770053,0.17161064925940372,0.7737538907528958
26044,LOF,0.024494205751129552,0.21593560233176873,0.7595701919171016
26045,GOF,0.2511337015232366,0.433781606016631,0.3150846924601323
26046,LOF,0.05463545998770053,0.17161064925940372,0.7737538907528958
26047,LOF,0.05463545998770053,0.17161064925940372,0.7737538907528958
26048,LOF,0.06679206790366965,0.133613094954003,0.7995948371423274
26049,Neutral,0.8913248475083535,0.07029730099293316,0.038377851498713395
26050,Neutral,0.8550012131868949,0.06709028716146558,0.07790849965163936
26051,GOF,0.07299718965113947,0.47187833690581876,0.45512447344304185
26052,GOF,0.05727468261719779,0.5805047421298796,0.36222057525292267
26053,LOF,0.034131458500627786,0.2026216332847434,0.7632469082146288
26054,LOF,0.07983966237331368,0.10002531501333745,0.8201350226133489
26055,LOF,0.07016742877171528,0.11852094979069261,0.8113116214375922
26056,LOF,0.05981036879241826,0.12452884433766237,0.8156607868699193
26057,LOF,0.05463545998770053,0.17161064925940372,0.7737538907528958
26058,LOF,0.05463545998770053,0.17161064925940372,0.7737538907528958
26059,Neutral,0.5563014549203168,0.24931226136446907,0.19438628371521413
26060,GOF,0.11428379900059579,0.6249873073408887,0.26072889365851554
26061,LOF,0.03197965630220399,0.225820414133589,0.7421999295642071
26062,LOF,0.023108677211129306,0.1603307789118107,0.8165605438770601
26063,LOF,0.05463545998770053,0.17161064925940372,0.7737538907528958
26064,LOF,0.029356180338434547,0.2035098861734028,0.7671339334881626
26065,LOF,0.05463545998770053,0.17161064925940372,0.7737538907528958
26066,LOF,0.05463545998770053,0.17161064925940372,0.7737538907528958
26067,LOF,0.05463545998770053,0.17161064925940372,0.7737538907528958
26068,LOF,0.057250141618545254,0.16058882986840614,0.7821610285130486
26069,LOF,0.2699801209557885,0.14095685745522393,0.5890630215889876
26070,Neutral,0.6483526741940331,0.09698390807743187,0.254663417728535
26071,LOF,0.05463545998770053,0.17161064925940372,0.7737538907528958
26072,LOF,0.026349063462619966,0.2482320287328086,0.7254189078045714
26073,LOF,0.05463545998770053,0.17161064925940372,0.7737538907528958
26074,Neutral,0.9123749396377351,0.036521244279981026,0.05110381608228382
26075,LOF,0.05978633681783238,0.1613010797903652,0.7789125833918025
26076,LOF,0.05463545998770053,0.17161064925940372,0.7737538907528958
26077,LOF,0.03303687690173196,0.2019703909730887,0.7649927321251793
26078,LOF,0.021966312039978415,0.251324429788273,0.7267092581717486
26079,LOF,0.05915925271379254,0.14395483283328245,0.796885914452925
26080,LOF,0.05915925271379254,0.14395483283328245,0.796885914452925
26081,LOF,0.05463545998770053,0.17161064925940372,0.7737538907528958
26082,LOF,0.02903126921293836,0.14982815092159513,0.8211405798654664
26083,LOF,0.05463545998770053,0.17161064925940372,0.7737538907528958
26084,LOF,0.05463545998770053,0.17161064925940372,0.7737538907528958
26085,LOF,0.05463545998770053,0.17161064925940372,0.7737538907528958
26086,LOF,0.05463545998770053,0.17161064925940372,0.7737538907528958
26087,LOF,0.05463545998770053,0.17161064925940372,0.7737538907528958
26088,LOF,0.03488633850264478,0.255413668561033,0.7096999929363222
26089,LOF,0.08303448073647358,0.12972365060863167,0.7872418686548948
26090,LOF,0.06193323844275708,0.11539105887539491,0.822675702681848
26091,LOF,0.05463545998770053,0.17161064925940372,0.7737538907528958
26092,LOF,0.05463545998770053,0.17161064925940372,0.7737538907528958
26093,LOF,0.05463545998770053,0.17161064925940372,0.7737538907528958
26094,LOF,0.05463545998770053,0.17161064925940372,0.7737538907528958
26095,LOF,0.033273078548256764,0.1258743065125063,0.8408526149392368
26096,LOF,0.030745090118507134,0.15851430905807012,0.8107406008234227
26097,LOF,0.0277215104296113,0.20218084275675793,0.7700976468136307
26098,LOF,0.0673879646464168,0.11110256350365481,0.8215094718499284
26099,LOF,0.05463545998770053,0.17161064925940372,0.7737538907528958
26100,LOF,0.05463545998770053,0.17161064925940372,0.7737538907528958
26101,LOF,0.05463545998770053,0.17161064925940372,0.7737538907528958
26102,LOF,0.05463545998770053,0.17161064925940372,0.7737538907528958
26103,Neutral,0.6618493271462841,0.17284024580406007,0.16531042704965582
26104,LOF,0.06478318995489865,0.07218166195611658,0.8630351480889846
26105,GOF,0.08054955524105563,0.6349536556207376,0.2844967891382069
26106,LOF,0.047537830198701864,0.37133556232698905,0.581126607474309
26107,GOF,0.0604930710873762,0.5716598212264055,0.3678471076862183
26108,GOF,0.04921780128165825,0.5808713366399115,0.36991086207843016
26109,LOF,0.051422133905398286,0.10144719344394203,0.8471306726506597
26110,LOF,0.21401697595341454,0.10202295469035248,0.6839600693562329
26111,GOF,0.11100297643842469,0.5574321113728169,0.3315649121887584
26112,LOF,0.05463545998770053,0.17161064925940372,0.7737538907528958
26113,LOF,0.05463545998770053,0.17161064925940372,0.7737538907528958
26114,LOF,0.03558156745149689,0.10524305349350113,0.8591753790550019
26115,LOF,0.034643382946738355,0.4245418444249009,0.5408147726283608
26116,LOF,0.05463545998770053,0.17161064925940372,0.7737538907528958
26117,LOF,0.09153576835104421,0.3276289433050106,0.5808352883439453
26118,LOF,0.05463545998770053,0.17161064925940372,0.7737538907528958
26119,LOF,0.03058847339215263,0.38489978160687965,0.5845117450009677
26120,LOF,0.05463545998770053,0.17161064925940372,0.7737538907528958
26121,GOF,0.044043876468889756,0.5653680505814319,0.3905880729496782
26122,GOF,0.03830767435262403,0.6850370269154648,0.2766552987319113
26123,GOF,0.03416941686308678,0.6940440533928468,0.27178652974406636
26124,LOF,0.040747441477998206,0.32984186804328414,0.6294106904787177
