feature0,prediction,LoGoFunc_Neutral,LoGoFunc_GOF,LoGoFunc_LOF
25546,Neutral,0.6333100519114688,0.059927900908443375,0.30676204718008776
25547,Neutral,0.5192373367619516,0.09481621550740484,0.3859464477306436
25548,Neutral,0.5059333735282628,0.07882784454175576,0.4152387819299813
25549,LOF,0.4457364931763996,0.07945204504586832,0.4748114617777322
25550,LOF,0.3444478951771175,0.11136788401462032,0.5441842208082622
25551,LOF,0.3023425536171456,0.1209276350852112,0.5767298112976431
25552,LOF,0.25565135198749145,0.11695115871686111,0.6273974892956474
25553,Neutral,0.7996988431013418,0.04591188192339871,0.15438927497525953
25554,LOF,0.2983439898585684,0.10654964317163149,0.5951063669698001
25555,LOF,0.24793980043034108,0.10162096478122482,0.6504392347884341
25556,Neutral,0.4611503672131311,0.08763354210377791,0.451216090683091
25557,LOF,0.23849273254685494,0.10549950097607694,0.6560077664770682
25558,LOF,0.31121687741013815,0.10387535172540588,0.584907770864456
25559,LOF,0.31472436716707314,0.14119251754083714,0.5440831152920897
25560,LOF,0.1667946060240026,0.10490640138192588,0.7282989925940716
25561,LOF,0.16166266444729557,0.11973219117606322,0.7186051443766412
25562,LOF,0.07309116896317465,0.08236164584353754,0.8445471851932879
25563,LOF,0.02544944955592813,0.14259463125037516,0.8319559191936967
25564,LOF,0.23353362566288363,0.126193101446563,0.6402732728905535
25565,LOF,0.2076550741311302,0.1464416968392353,0.6459032290296345
25566,GOF,0.10148372029074447,0.6993074199680972,0.19920885974115843
25567,LOF,0.04313686878535489,0.15168895603611104,0.8051741751785341
25568,LOF,0.06557518885758695,0.07762576710510917,0.8567990440373038
25569,LOF,0.05946541987209406,0.08082669953336219,0.8597078805945436
25570,LOF,0.02975382306489467,0.10688077383783197,0.8633654030972734
25571,LOF,0.02862118568329525,0.11030572276701844,0.8610730915496864
25572,LOF,0.060517375565300284,0.12460082123798924,0.8148818031967104
25573,LOF,0.06216997128241197,0.09772037659289311,0.840109652124695
25574,LOF,0.06263024869022485,0.20584259939326877,0.7315271519165064
25575,LOF,0.023960148234857415,0.12604279902915125,0.8499970527359914
25576,LOF,0.030571327695195397,0.1607698529924338,0.8086588193123708
25577,LOF,0.0317436303058716,0.1291813325733673,0.8390750371207611
25578,LOF,0.3100590834578018,0.0899113219490788,0.6000295945931194
25579,LOF,0.13451764664158516,0.09690030340880236,0.7685820499496125
25580,LOF,0.021150602117612115,0.0873407088529449,0.8915086890294429
25581,LOF,0.05535681077426662,0.07472829516315689,0.8699148940625764
25582,LOF,0.055224878597998774,0.07315360615311833,0.871621515248883
25583,LOF,0.023383460463068776,0.08712567844799658,0.8894908610889347
25584,Neutral,0.6920490230384148,0.10322892299229297,0.20472205396929227
25585,LOF,0.027160514597077395,0.14220562968003148,0.8306338557228911
25586,LOF,0.017836453035293253,0.07811535087878788,0.9040481960859189
25587,LOF,0.017525869595282947,0.07028084050069863,0.9121932899040184
25588,LOF,0.021686212772283088,0.07626477778900512,0.9020490094387118
25589,Neutral,0.5001546542417402,0.19772794477680702,0.3021174009814528
25590,LOF,0.045745482214391654,0.1248819899677509,0.8293725278178574
25591,LOF,0.09812366688484797,0.06308741075251753,0.8387889223626345
25592,LOF,0.05634596680091509,0.14053321388775927,0.8031208193113256
25593,LOF,0.14587133922928405,0.2531837527084593,0.6009449080622566
25594,LOF,0.05555540749530516,0.11752698592942996,0.826917606575265
25595,LOF,0.054074495069189855,0.08096287872859649,0.8649626262022136
25596,LOF,0.10837783271167621,0.043963720475696286,0.8476584468126275
25597,LOF,0.09028008877213083,0.05724374167164819,0.8524761695562211
25598,LOF,0.054721884943087024,0.08738755236819758,0.8578905626887154
25599,LOF,0.021027976297893557,0.48668507542964906,0.4922869482724573
25600,GOF,0.17559564199725633,0.5117509698926785,0.3126533881100651
25601,LOF,0.0400576638859589,0.4039713133726322,0.555971022741409
25602,LOF,0.037031663477830185,0.07122242837225677,0.8917459081499131
25603,LOF,0.03179879730391881,0.03547336330249902,0.9327278393935823
25604,LOF,0.03148481967621137,0.08165282015136055,0.886862360172428
25605,LOF,0.034571998002348434,0.20382573742354163,0.7616022645741101
25606,LOF,0.4103996680949959,0.12036817157026566,0.46923216033473847
25607,LOF,0.023755002122886625,0.1882508224170329,0.7879941754600804
25608,LOF,0.030801096164060883,0.07562635339267433,0.8935725504432649
25609,GOF,0.13343846142202492,0.512505953674876,0.3540555849030991
25610,LOF,0.01686886203270164,0.030720001837548028,0.9524111361297505
25611,LOF,0.014198037706639034,0.036601033887616555,0.9492009284057443
25612,LOF,0.05060376728314589,0.05222824802698531,0.8971679846898688
25613,LOF,0.045626406102733656,0.04984188655792692,0.9045317073393394
25614,LOF,0.022689226698931145,0.029057492342186537,0.9482532809588824
25615,LOF,0.0404111267592492,0.04951652130275076,0.910072351938
25616,LOF,0.053382352236875034,0.03335122236305418,0.9132664254000707
25617,LOF,0.04382036299725398,0.045506252377478996,0.910673384625267
25618,LOF,0.04698137671985088,0.040486356057141015,0.9125322672230081
25619,LOF,0.0134931554741813,0.03726950093429138,0.9492373435915274
25620,LOF,0.06698894912136932,0.04975755456527135,0.8832534963133594
25621,LOF,0.049085593922939805,0.04172866693564121,0.909185739141419
25622,LOF,0.060293898385560846,0.04094702440302959,0.8987590772114096
25623,LOF,0.07325062712715831,0.034324681579274395,0.8924246912935674
25624,LOF,0.018688947580675568,0.03904985430130931,0.9422611981180152
25625,LOF,0.06042978462764102,0.048587152346656164,0.8909830630257028
25626,LOF,0.04823395271900107,0.05004299226235781,0.9017230550186411
25627,Neutral,0.8956909529513082,0.018933582323388782,0.08537546472530311
25628,LOF,0.14580180768871848,0.053604655755974916,0.8005935365553065
25629,LOF,0.0653698934915675,0.046127842971262364,0.8885022635371702
25630,LOF,0.28918643093249674,0.07168204690121344,0.6391315221662899
25631,Neutral,0.5489961054580424,0.05890316154516552,0.39210073299679205
25632,LOF,0.02545218065791395,0.07316069356470863,0.9013871257773773
25633,LOF,0.17335897109860618,0.038335636147194305,0.7883053927541994
25634,LOF,0.03427537004597092,0.08356189707644317,0.8821627328775858
25635,LOF,0.03713573218738507,0.04324012355499916,0.9196241442576158
25636,LOF,0.03486850467876525,0.4276403228864629,0.5374911724347718
25637,LOF,0.07290704098366718,0.4350422372810878,0.492050721735245
25638,LOF,0.03268474068968394,0.318930492206007,0.6483847671043089
25639,LOF,0.030691904563392425,0.3325358123548446,0.6367722830817629
25640,Neutral,0.8121351947426803,0.14562358869617636,0.04224121656114334
25641,GOF,0.058591685235517124,0.49328554091586674,0.44812277384861626
25642,LOF,0.04134785913745605,0.16186021885654,0.7967919220060039
25643,LOF,0.1614993128960274,0.13786946583505524,0.7006312212689173
25644,LOF,0.01973320722363093,0.4759721627056786,0.5042946300706904
25645,LOF,0.02286605052732678,0.4121973685518232,0.56493658092085
25646,LOF,0.05371457857908061,0.33895284359674793,0.6073325778241714
25647,LOF,0.02420832511694006,0.2617054781198177,0.7140861967632423
25648,LOF,0.03297477882670504,0.24409114344975813,0.7229340777235368
25649,LOF,0.01730122631442671,0.233711542758205,0.7489872309273682
25650,LOF,0.054041467784890204,0.4372622275497501,0.5086963046653596
25651,LOF,0.01735303361919022,0.2721426788725224,0.7105042875082874
25652,LOF,0.03289060568801388,0.26007225906340975,0.7070371352485764
25653,LOF,0.08688332836151799,0.4225077086202483,0.4906089630182338
25654,LOF,0.02449472249899172,0.22640495280835907,0.7491003246926493
25655,GOF,0.22596062800208042,0.3958493967078825,0.378189975290037
25656,LOF,0.3525881151083886,0.053150630569912656,0.5942612543216989
25657,LOF,0.05917785812217797,0.05218450053605486,0.8886376413417671
25658,LOF,0.3309694637621951,0.06090376213527398,0.6081267741025309
25659,Neutral,0.5105757556312526,0.08149649236008052,0.4079277520086669
25660,LOF,0.022018924471215586,0.08367393314865879,0.8943071423801257
25661,LOF,0.09806806963408159,0.06087433812435111,0.8410575922415673
25662,LOF,0.037447238419064846,0.03530674926112523,0.92724601231981
25663,LOF,0.04815728468072447,0.05079431931326625,0.9010483960060093
25664,LOF,0.13979521983367027,0.06658193613138605,0.7936228440349437
25665,LOF,0.055359680328333424,0.0320869043871397,0.9125534152845268
25666,LOF,0.09109313587283983,0.0743795766845603,0.8345272874425999
25667,LOF,0.07534837672842225,0.04019857717570141,0.8844530460958763
25668,LOF,0.038789308500376214,0.049173294575946574,0.9120373969236772
25669,LOF,0.03372835506620372,0.0509317500499991,0.9153398948837973
25670,LOF,0.16611433563523667,0.06432451915341048,0.7695611452113528
25671,LOF,0.11486644832968151,0.03773776398533742,0.8473957876849811
25672,LOF,0.05107143177589585,0.04352475248817879,0.9054038157359252
25673,LOF,0.07614006204837792,0.04913859970549311,0.874721338246129
25674,LOF,0.06526916446387454,0.0552394942881917,0.8794913412479337
25675,LOF,0.11489245517394187,0.05790102310624942,0.8272065217198088
25676,LOF,0.020438041293686506,0.05463734366956656,0.9249246150367468
25677,LOF,0.027695794456216876,0.07375948807550399,0.8985447174682791
25678,LOF,0.21513910699878286,0.06009453521135508,0.724766357789862
25679,LOF,0.12371168469783689,0.08236082410088727,0.7939274912012758
25680,LOF,0.034687806585006656,0.12079026231309965,0.8445219311018937
25681,LOF,0.05640111787795461,0.11354225968977057,0.8300566224322748
25682,LOF,0.14638510168664162,0.07992156466246861,0.7736933336508898
25683,LOF,0.11912962866101923,0.09461672673046077,0.7862536446085199
25684,LOF,0.04602407903391232,0.07859337711988776,0.8753825438461998
25685,LOF,0.12542712643190632,0.04889877508239636,0.8256740984856973
25686,LOF,0.07974811796989996,0.07903263158767505,0.841219250442425
25687,LOF,0.11484495254367737,0.08390982357619774,0.8012452238801249
25688,LOF,0.31081288093987125,0.03405941919499764,0.6551276998651311
25689,LOF,0.23655619643140688,0.037752586668086965,0.7256912169005062
25690,LOF,0.3164805202336122,0.03164706230395019,0.6518724174624377
25691,Neutral,0.6760810170985994,0.022964543612899364,0.3009544392885013
25692,LOF,0.36801594335633975,0.010705704710120575,0.6212783519335396
25693,LOF,0.050019626819814936,0.4308666678287776,0.5191137053514076
25694,LOF,0.11042243672939456,0.015076277618866082,0.8745012856517393
25695,LOF,0.11450992916498917,0.013322099976866996,0.8721679708581438
25696,LOF,0.13626811384356938,0.007857717528012625,0.855874168628418
25697,LOF,0.08371552030233889,0.032154973053654536,0.8841295066440066
25698,LOF,0.3656576799082281,0.18468323321335572,0.44965908687841616
25699,LOF,0.3973615083853681,0.036251947116022504,0.5663865444986095
25700,LOF,0.07759489609636178,0.009951083520876931,0.9124540203827614
25701,LOF,0.1437940839060311,0.05615987907865905,0.8000460370153099
25702,GOF,0.18400534661641527,0.5650185269158235,0.2509761264677611
25703,LOF,0.015652862238697933,0.1587891959450065,0.8255579418162956
25704,LOF,0.04157779791972468,0.11947866814192933,0.838943533938346
25705,LOF,0.05290735169236292,0.14993434196716607,0.7971583063404709
25706,LOF,0.10861164340067928,0.40622469085708235,0.48516366574223835
25707,LOF,0.0906610401448197,0.30967510375799395,0.5996638560971864
25708,LOF,0.02810044779526349,0.2777189987063605,0.6941805534983759
25709,LOF,0.064592786531098,0.041243737057036926,0.8941634764118651
25710,LOF,0.011407542046031135,0.16297848097559503,0.8256139769783738
25711,LOF,0.019901317603492563,0.09914183768536054,0.8809568447111468
25712,LOF,0.013250806003689393,0.1824884429443178,0.8042607510519928
25713,LOF,0.01958707464549801,0.08145207362538201,0.89896085172912
25714,LOF,0.07708652187561213,0.08420701163437161,0.8387064664900163
25715,LOF,0.01151370272436761,0.1381174050808519,0.8503688921947805
25716,LOF,0.013737161394229164,0.11657178588302598,0.8696910527227448
25717,LOF,0.011540209316664751,0.07896438572095742,0.9094954049623779
25718,LOF,0.012754234193771884,0.09941483953952664,0.8878309262667016
25719,LOF,0.01897853180415299,0.0816419999342352,0.8993794682616117
25720,LOF,0.025044453119326907,0.06584778831970856,0.9091077585609645
25721,LOF,0.015079180470607283,0.11546569691620158,0.8694551226131911
25722,LOF,0.01390875086712196,0.12360182605670353,0.8624894230761746
25723,LOF,0.02329668224115205,0.04170074312715524,0.9350025746316926
25724,LOF,0.03454989672037489,0.09289838423006337,0.8725517190495617
25725,LOF,0.01169546265014079,0.07032141716889866,0.9179831201809605
25726,LOF,0.015798624576228985,0.10724816796872119,0.8769532074550498
25727,LOF,0.013449719597579127,0.07836825166997244,0.9081820287324484
25728,LOF,0.010077109946173952,0.11607026131253594,0.8738526287412901
25729,LOF,0.010531267552436623,0.11184810579249999,0.8776206266550634
25730,LOF,0.014155556106001289,0.08309171121913407,0.9027527326748647
25731,LOF,0.019216808300726106,0.10564326094743139,0.8751399307518425
25732,LOF,0.01509903318053618,0.07156632191188106,0.9133346449075829
25733,LOF,0.017215836099408636,0.0687256708321557,0.9140584930684357
25734,LOF,0.01101001586380099,0.11795194448478857,0.8710380396514104
25735,LOF,0.013892427427771428,0.08068913764130471,0.905418434930924
25736,LOF,0.01509708345869098,0.09532822073037485,0.8895746958109342
25737,LOF,0.012517239211410165,0.08033079139120729,0.9071519693973825
25738,LOF,0.012458213422890572,0.10270453032998951,0.8848372562471198
25739,LOF,0.021591631363858024,0.077346349452346,0.901062019183796
25740,LOF,0.025931677303003397,0.10950462072759166,0.8645637019694049
25741,LOF,0.014920233264880066,0.11020164883837263,0.8748781178967473
25742,LOF,0.1261030608961844,0.08225793663861505,0.7916390024652006
25743,LOF,0.031953889897757326,0.03302486785141344,0.9350212422508292
25744,Neutral,0.6047152071154417,0.16125002728253313,0.2340347656020252
25745,LOF,0.08362457610086609,0.06588177351456714,0.8504936503845667
25746,LOF,0.04050622074749256,0.08462652259755742,0.87486725665495
25747,LOF,0.022294453733281486,0.044237761478553045,0.9334677847881655
25748,LOF,0.09270139932944384,0.0692245231703262,0.83807407750023
25749,LOF,0.022882334776344767,0.07828608176106433,0.898831583462591
25750,LOF,0.08752642237506035,0.07708317385209967,0.83539040377284
25751,LOF,0.08718994008935585,0.0741990209577418,0.8386110389529025
25752,GOF,0.10720379700507847,0.65542083743246,0.2373753655624614
25753,LOF,0.01881673056538379,0.2725184308134218,0.7086648386211943
25754,GOF,0.011778908150017689,0.7904612272615057,0.19775986458847675
25755,LOF,0.024044358696049338,0.390399816297023,0.5855558250069277
25756,LOF,0.044740821680252466,0.3567799765399943,0.5984792017797533
25757,GOF,0.013710242995422754,0.8394274563944,0.14686230061017722
25758,GOF,0.029630030189488014,0.8024527367749341,0.16791723303557785
25759,GOF,0.011179657950139551,0.5610086767381124,0.427811665311748
25760,LOF,0.011329865672883742,0.2578201294762668,0.7308500048508494
25761,GOF,0.28826858546407513,0.6234240828176806,0.08830733171824436
25762,LOF,0.03835262329947054,0.2583847884880071,0.7032625882125224
25763,LOF,0.014939028910169327,0.1886429286217496,0.796418042468081
25764,GOF,0.08220700788871893,0.6256012775331654,0.2921917145781156
25765,GOF,0.039031052998548935,0.7529046810206173,0.20806426598083375
25766,GOF,0.07160470144268051,0.7593689969095935,0.16902630164772603
25767,GOF,0.14434561199780788,0.5789795222704615,0.27667486573173067
25768,LOF,0.1142604291187528,0.07512419357899543,0.8106153773022519
25769,LOF,0.05998418030367988,0.06158637153640487,0.8784294481599152
25770,LOF,0.3167789247830503,0.08978349631961016,0.5934375788973395
25771,LOF,0.039964138391980264,0.047957115341447476,0.9120787462665723
25772,LOF,0.01836688149404089,0.038505075189458,0.9431280433165011
25773,LOF,0.04876068187278744,0.09255687878627966,0.8586824393409329
25774,LOF,0.028339844041234588,0.07202931663038714,0.8996308393283783
25775,LOF,0.043435182878732874,0.04889181682052785,0.9076730003007393
25776,LOF,0.07835405170318738,0.024190100332404367,0.8974558479644081
25777,LOF,0.3657222266837726,0.05702022700907114,0.5772575463071563
25778,LOF,0.07234781577399665,0.04633658052452388,0.8813156037014794
25779,GOF,0.3791090881554504,0.5731397554165453,0.047751156428004225
25780,GOF,0.307684199927495,0.6145676983678997,0.07774810170460532
25781,GOF,0.15315713841756445,0.7408794050892684,0.10596345649316712
25782,GOF,0.21355446846807613,0.716369530356756,0.07007600117516781
25783,GOF,0.023565437158405825,0.6123301070752795,0.3641044557663148
25784,Neutral,0.5164003631559558,0.4445171438781135,0.039082492965930624
25785,GOF,0.46914439756419335,0.4920437964524217,0.03881180598338492
25786,GOF,0.028424112085000033,0.7397290403955186,0.2318468475194815
25787,Neutral,0.6408838052382841,0.332776204025477,0.026339990736238997
25788,LOF,0.05795699891590503,0.11055035601467325,0.8314926450694218
25789,GOF,0.2264548324303663,0.6516898324699197,0.12185533509971387
25790,GOF,0.22440640836299383,0.6683561341307058,0.10723745750630036
25791,GOF,0.19161446807305962,0.6485737183037087,0.1598118136232317
25792,GOF,0.37463987329962223,0.5091619703945159,0.11619815630586168
25793,GOF,0.2459384848069583,0.5470045487400949,0.207056966452947
25794,GOF,0.3046627744657014,0.5184965620292733,0.17684066350502536
25795,GOF,0.09684746529208521,0.6556618053906198,0.247490729317295
25796,Neutral,0.5585559199283222,0.3565621437017851,0.08488193636989264
25797,GOF,0.0964546742581857,0.5369458106631465,0.36659951507866784
25798,LOF,0.009621173734523257,0.48817866890484257,0.5022001573606343
25799,LOF,0.007163798829312958,0.3621708150550368,0.6306653861156502
25800,GOF,0.03251822602089,0.5604985086497606,0.40698326532934925
25801,GOF,0.21218767413496367,0.6432177362576221,0.14459458960741414
25802,GOF,0.07440248809682903,0.6693882319275265,0.25620927997564447
25803,GOF,0.03514687607810162,0.5696513392258213,0.39520178469607703
25804,LOF,0.03269313760268774,0.4752156180438328,0.4920912443534796
25805,GOF,0.10360766424918029,0.5767395196417968,0.31965281610902285
25806,GOF,0.09188164419299821,0.5937370549187946,0.3143813008882073
25807,GOF,0.01974381147027843,0.6056163862153962,0.3746398023143255
25808,GOF,0.08622883848263271,0.6367937569865633,0.27697740453080394
25809,GOF,0.019949198442422225,0.5583647535013414,0.42168604805623644
25810,GOF,0.01771825710123988,0.5917800070791087,0.3905017358196514
25811,GOF,0.45435837848924554,0.46046035495256893,0.0851812665581855
25812,GOF,0.03370797136878247,0.6296347834504373,0.3366572451807803
25813,Neutral,0.5129690779867501,0.3869881504330612,0.10004277158018868
25814,GOF,0.11810350612141852,0.6357905995648541,0.24610589431372742
25815,GOF,0.1929498116803159,0.6249862974652256,0.18206389085445862
25816,GOF,0.02206811037808588,0.6901123583724804,0.2878195312494337
25817,GOF,0.262298167144811,0.6106693187381267,0.1270325141170623
25818,GOF,0.059655937172748086,0.6127255573270921,0.3276185055001598
25819,GOF,0.355701416565422,0.49105596711636357,0.1532426163182145
25820,GOF,0.1880498237534154,0.5851002576537218,0.22684991859286283
25821,GOF,0.05845132718359559,0.6434950542195447,0.2980536185968598
25822,GOF,0.2087217066455397,0.5556529497060718,0.23562534364838852
25823,GOF,0.035486987572981826,0.5137701009747707,0.45074291145224754
25824,GOF,0.08609951605611468,0.5793652182126964,0.33453526573118897
25825,GOF,0.036068191862380604,0.5768172300695307,0.38711457806808874
25826,GOF,0.013685533965530504,0.5664250404633827,0.41988942557108677
25827,GOF,0.024927915913985712,0.5864017436952714,0.3886703403907427
25828,GOF,0.014365755086338094,0.5150352038404591,0.4705990410732027
25829,GOF,0.00618273005649918,0.5627106309273563,0.4311066390161445
25830,LOF,0.03474430250490603,0.3079148929606717,0.6573408045344223
25831,GOF,0.24935941735545258,0.6254770230538476,0.12516355959069986
25832,GOF,0.03598943394992165,0.6933341443087642,0.27067642174131423
25833,GOF,0.13080915603502888,0.7108663702849292,0.15832447368004193
25834,GOF,0.03756636142802893,0.6986575265579009,0.2637761120140702
25835,GOF,0.08713899873276726,0.7542413300698426,0.1586196711973899
25836,GOF,0.037641349961916114,0.6935303430843436,0.2688283069537402
25837,GOF,0.02943519762972084,0.5866105621447032,0.3839542402255759
25838,GOF,0.10022902151499499,0.7628911813220883,0.1368797971629165
25839,GOF,0.3193145670519959,0.5492633605596162,0.13142207238838793
25840,GOF,0.2573275534267435,0.6017386793271504,0.14093376724610604
25841,GOF,0.2646748997743409,0.6117258827874689,0.1235992174381902
25842,GOF,0.1879834976327712,0.6903429252366925,0.12167357713053625
25843,GOF,0.2585527975968592,0.6534940302099099,0.08795317219323089
25844,GOF,0.06913063728737864,0.7037390840027823,0.22713027870983918
25845,LOF,0.018359793421179105,0.476175808281256,0.5054643982975648
25846,GOF,0.13954853738004286,0.7111060700490761,0.14934539257088103
25847,GOF,0.12658421833863143,0.7682457347415846,0.10517004691978395
25848,GOF,0.04136921585772759,0.680973136402642,0.27765764773963036
25849,GOF,0.011787792103637845,0.5674834094814855,0.42072879841487665
25850,GOF,0.023287682991858422,0.6349225063520179,0.3417898106561236
25851,GOF,0.01953010065281614,0.5229856243382565,0.4574842750089273
25852,GOF,0.19450328694228328,0.5267311392809402,0.27876557377677647
25853,GOF,0.36667134754803243,0.5589192077199517,0.07440944473201576
25854,GOF,0.02512186389258996,0.6245727608778063,0.35030537522960375
25855,GOF,0.03635459570720057,0.548759472262258,0.41488593203054147
25856,GOF,0.22537547499290014,0.5435312133114042,0.23109331169569572
25857,LOF,0.03592821787085292,0.46957400017696177,0.49449778195218524
25858,GOF,0.020135578352434052,0.5177669243896602,0.4620974972579057
25859,LOF,0.01049505665000178,0.49249837962133836,0.49700656372866
25860,GOF,0.37556736963540116,0.5418702104408462,0.08256241992375261
25861,GOF,0.45474428972773373,0.4794036510422571,0.06585205923000922
25862,GOF,0.0945568038469414,0.7599423114717072,0.14550088468135136
25863,GOF,0.08487973678293344,0.7677118657950145,0.147408397422052
25864,GOF,0.2126455524493235,0.7150722682427227,0.07228217930795384
25865,GOF,0.09662789636623001,0.7866202304720907,0.11675187316167923
25866,GOF,0.06326402399296907,0.7775770125543965,0.15915896345263447
25867,GOF,0.09980887219235846,0.7957025462065074,0.10448858160113404
25868,GOF,0.2554651422278258,0.6467203785760316,0.0978144791961427
25869,Neutral,0.7013446824964046,0.2599591014626838,0.03869621604091161
25870,GOF,0.2899453864546192,0.35834177702920134,0.3517128365161795
25871,GOF,0.23368243971447517,0.6162142711231897,0.15010328916233517
25872,GOF,0.08672271221355944,0.6472706709991822,0.2660066167872584
25873,GOF,0.13396768856587546,0.6684886575269032,0.1975436539072213
25874,LOF,0.01828352539104395,0.12400191747258262,0.8577145571363735
25875,LOF,0.09975042003488382,0.036833101059009096,0.8634164789061072
25876,LOF,0.03915764931621968,0.023316976385538566,0.9375253742982418
25877,Neutral,0.4890702148933281,0.04217348155957858,0.46875630354709336
25878,LOF,0.21059414898176626,0.08055740664949589,0.7088484443687378
25879,LOF,0.09314291741108702,0.0762798646546792,0.8305772179342339
25880,LOF,0.025597755464395296,0.013971456958091209,0.9604307875775135
25881,LOF,0.17687636378287117,0.10927186622572388,0.713851769991405
25882,LOF,0.06415824842050834,0.01649674750990738,0.9193450040695843
25883,LOF,0.07819633962990795,0.019325576989564473,0.9024780833805276
25884,LOF,0.03101057242797541,0.03033216191878171,0.9386572656532429
25885,LOF,0.06402224083828793,0.011898417687757375,0.9240793414739548
25886,LOF,0.24645766544119488,0.03521740945092547,0.7183249251078797
25887,LOF,0.15705281064742793,0.062406928544564255,0.7805402608080078
25888,LOF,0.06957062775285039,0.055162962089046565,0.8752664101581031
25889,LOF,0.04194966547379604,0.022179279669395577,0.9358710548568083
25890,LOF,0.04753479834085676,0.1619281516334263,0.790537050025717
25891,LOF,0.040858697076729227,0.05896612862990127,0.9001751742933695
25892,LOF,0.09740810824412026,0.021603032971892273,0.8809888587839875
25893,LOF,0.27576906467289614,0.02012783619882163,0.7041030991282824
25894,LOF,0.1918094253769692,0.011809055040041917,0.7963815195829888
25895,LOF,0.21936117204632813,0.0211014418825195,0.7595373860711524
25896,LOF,0.05078149374466305,0.024870235541953608,0.9243482707133833
25897,LOF,0.27959474642743753,0.011761091897617844,0.7086441616749447
25898,Neutral,0.7223044828629978,0.010215629319960014,0.26747988781704224
25899,LOF,0.21910099457524784,0.02415748252049325,0.7567415229042589
25900,LOF,0.49311892559851,0.013651348837488152,0.4932297255640018
25901,LOF,0.05430197878374794,0.013275065227202834,0.9324229559890492
25902,LOF,0.16726006417328068,0.013858276433329842,0.8188816593933894
25903,Neutral,0.566651232273543,0.028671557768630788,0.40467720995782613
25904,LOF,0.27652993847211754,0.04983508764562459,0.6736349738822579
25905,LOF,0.025298142424416924,0.3298952102189013,0.6448066473566818
25906,LOF,0.03445239076067986,0.07993068089999389,0.8856169283393264
25907,LOF,0.015154962375642676,0.3426326155800252,0.6422124220443322
25908,LOF,0.010284699116106783,0.2565850050370272,0.7331302958468662
25909,LOF,0.012824582875906487,0.13228664693270184,0.8548887701913916
25910,LOF,0.04762956239178477,0.1396860012789194,0.8126844363292959
25911,LOF,0.1886827416063509,0.02189968093767473,0.7894175774559744
25912,LOF,0.04513040365489053,0.04376623997387307,0.9111033563712363
25913,LOF,0.318273667110198,0.017932742491905126,0.6637935903978969
25914,LOF,0.019259411021172904,0.05878436738091304,0.9219562215979139
25915,Neutral,0.5561026839691232,0.16966948799589454,0.27422782803498236
25916,LOF,0.08986621281467452,0.20939488987796293,0.7007388973073626
25917,LOF,0.06208731103096237,0.04529171170503601,0.8926209772640016
25918,LOF,0.023169180574221272,0.041702587796980786,0.935128231628798
25919,LOF,0.020734077224711107,0.046388515170224895,0.932877407605064
25920,GOF,0.10373681986419751,0.5288800161052248,0.3673831640305776
25921,LOF,0.023674545440357294,0.030674975916251263,0.9456504786433914
25922,LOF,0.03445709764488237,0.02322771722837116,0.9423151851267464
25923,LOF,0.4544374386638284,0.02620831555656556,0.519354245779606
25924,LOF,0.03599109669732587,0.039332388293348675,0.9246765150093254
25925,LOF,0.06826333959962685,0.03366055844081164,0.8980761019595614
25926,LOF,0.049818073434773784,0.02640546085858307,0.9237764657066432
25927,LOF,0.05997481754611337,0.10902300093065893,0.8310021815232278
25928,LOF,0.0175093437753829,0.04203623842548259,0.9404544177991346
25929,Neutral,0.5600434704129984,0.029122673397055474,0.41083385618994606
25930,LOF,0.05427297601203126,0.023991747214447523,0.9217352767735213
25931,LOF,0.02456142429055852,0.026392652548428003,0.9490459231610134
25932,LOF,0.028024431427697945,0.022136364269298502,0.9498392043030035
25933,LOF,0.03928610624236969,0.015864922559156665,0.9448489711984738
25934,LOF,0.025692204376583476,0.018389887341195815,0.9559179082822207
25935,LOF,0.05992968216004169,0.040172069350474994,0.8998982484894834
25936,LOF,0.047678723598276136,0.02028442736085287,0.932036849040871
25937,LOF,0.02615799340275811,0.028303081619117727,0.9455389249781242
25938,LOF,0.062109626774339295,0.04271923321399732,0.8951711400116634
25939,LOF,0.0442023245074526,0.015543740831797916,0.9402539346607495
25940,LOF,0.023879751358676787,0.40843782685047214,0.5676824217908512
25941,LOF,0.16917313804136078,0.10250732161039842,0.7283195403482409
25942,LOF,0.014193505474657154,0.03725291793125506,0.9485535765940878
25943,LOF,0.3053144229283685,0.06496188462181872,0.6297236924498127
25944,Neutral,0.49453678744774043,0.026778128724882586,0.4786850838273769
25945,LOF,0.06259229587416765,0.022841499028649674,0.9145662050971827
25946,LOF,0.0268653203953482,0.0946583300911973,0.8784763495134545
25947,LOF,0.11128404521510994,0.21191548801572063,0.6768004667691694
25948,LOF,0.4370927139912748,0.007768408133575365,0.5551388778751498
25949,LOF,0.12563238773774385,0.028666555236603053,0.8457010570256531
25950,GOF,0.2930155344642301,0.3717629309316478,0.335221534604122
25951,LOF,0.20172769543464866,0.23803611431956576,0.5602361902457855
25952,LOF,0.044812509680073026,0.45567730960087766,0.4995101807190492
25953,LOF,0.1415979574270089,0.09881518943802689,0.7595868531349642
25954,Neutral,0.4521677736797703,0.16739398625719862,0.3804382400630311
25955,LOF,0.05060970540065553,0.08550859114370149,0.863881703455643
25956,LOF,0.16596580310064396,0.11515289006163097,0.7188813068377251
25957,LOF,0.034828146206397265,0.028687652432861935,0.9364842013607408
25958,LOF,0.06042376002843168,0.028178804087334055,0.9113974358842343
25959,LOF,0.07590640763499115,0.37606571889617074,0.5480278734688381
25960,LOF,0.016242461758314865,0.05306698087371495,0.9306905573679702
25961,LOF,0.05029163970433587,0.030225190337301713,0.9194831699583623
25962,LOF,0.0643018381847245,0.02807211092968345,0.907626050885592
25963,LOF,0.051653526736924624,0.1883153774123261,0.7600310958507492
25964,LOF,0.03849086987128141,0.16136578935946938,0.8001433407692492
25965,LOF,0.44569614231639043,0.07021348027789584,0.4840903774057138
25966,Neutral,0.5003119000372026,0.18942049811627004,0.3102676018465274
25967,LOF,0.015433958189394964,0.12059893885298233,0.8639671029576228
25968,LOF,0.029277578235213424,0.424869737638813,0.5458526841259735
25969,LOF,0.027310555750452267,0.05990379340718308,0.9127856508423646
25970,LOF,0.05777573940030632,0.062167903278253424,0.8800563573214402
25971,LOF,0.07286915465471314,0.019104144739116733,0.9080267006061701
25972,LOF,0.07386477225393669,0.025003798259777145,0.9011314294862862
25973,LOF,0.06438555869721375,0.009190764223408235,0.9264236770793779
25974,LOF,0.2118883719840785,0.01667573602051221,0.7714358919954093
25975,LOF,0.04277931371574608,0.025696903720501287,0.9315237825637527
25976,LOF,0.04312551348131477,0.015796029814202032,0.9410784567044832
25977,LOF,0.16213231593668312,0.08205938830727207,0.7558082957560448
25978,LOF,0.1411064311583135,0.05934834537049131,0.7995452234711953
25979,LOF,0.1307319659765224,0.05965032589616841,0.8096177081273092
25980,LOF,0.2065448860972839,0.08068518577087647,0.7127699281318396
25981,LOF,0.23945987628321477,0.0786562865288445,0.6818838371879408
25982,LOF,0.3958448225475428,0.045192052201413896,0.5589631252510433
25983,LOF,0.3761642356309013,0.05271680085124773,0.571118963517851
25984,LOF,0.051253766808947866,0.047748066036548895,0.9009981671545032
25985,LOF,0.033802811643349286,0.24173560807018088,0.7244615802864698
25986,LOF,0.042655130724562604,0.2798595716623977,0.6774852976130397
25987,LOF,0.07704438153856909,0.06291409907150848,0.8600415193899223
25988,LOF,0.1509136783985063,0.04904513656193888,0.8000411850395548
25989,LOF,0.02926324773133533,0.09582043757985369,0.874916314688811
25990,LOF,0.0409454073159854,0.12392122646227145,0.8351333662217432
25991,LOF,0.11466692129067556,0.31391831232138007,0.5714147663879443
25992,LOF,0.28257249982280147,0.18945479144674005,0.5279727087304584
25993,LOF,0.02169582650164902,0.07945976829427472,0.8988444052040763
25994,LOF,0.01725421720249986,0.10422508111186037,0.8785207016856399
25995,LOF,0.02381957340024442,0.22676927570012434,0.7494111508996313
25996,GOF,0.27143830780247163,0.484008216468239,0.24455347572928926
25997,LOF,0.08028044407344342,0.4487596653949045,0.47095989053165227
25998,Neutral,0.5502363634653173,0.024014194466489114,0.42574944206819354
25999,LOF,0.10518294682442493,0.09397913343951395,0.8008379197360611
26000,LOF,0.1507201809756003,0.04880560998914027,0.8004742090352595
26001,LOF,0.19664284117077716,0.0489441230782873,0.7544130357509355
26002,LOF,0.13423375412255825,0.04910066181530712,0.8166655840621346
26003,GOF,0.011828303483630377,0.5798637808364071,0.4083079156799625
26004,GOF,0.02097026873341983,0.6599866573439013,0.31904307392267894
26005,LOF,0.00789984580797483,0.4557890640592506,0.5363110901327744
26006,Neutral,0.5428544519082003,0.24318501668087497,0.21396053141092472
26007,GOF,0.021249680756804973,0.5081300734251945,0.4706202458180006
26008,GOF,0.014807274812906812,0.6133323472736563,0.37186037791343696
26009,GOF,0.020958328746879203,0.6656863178587179,0.31335535339440307
26010,GOF,0.02263509511581268,0.6480768913471632,0.32928801353702414
26011,LOF,0.0067470605193920615,0.4377004267366169,0.5555525127439911
26012,GOF,0.012925016613270252,0.5469732778564258,0.44010170553030387
26013,GOF,0.020911653748853176,0.6048688394997421,0.3742195067514046
26014,LOF,0.04278181467421289,0.10719062929355262,0.8500275560322345
26015,LOF,0.2101544454173507,0.009974833312137799,0.7798707212705115
26016,LOF,0.2297263295217437,0.05633725261995058,0.7139364178583056
26017,LOF,0.2526066179453404,0.08834343491457335,0.6590499471400862
26018,LOF,0.08894278572097267,0.030431321539345576,0.8806258927396817
26019,LOF,0.08501012666825626,0.023807131857037516,0.8911827414747062
26020,LOF,0.0837120169788235,0.11222717686549322,0.8040608061556832
26021,LOF,0.048688242906715584,0.11410147651360168,0.8372102805796828
26022,LOF,0.011107072901093676,0.03942183495339429,0.949471092145512
26023,LOF,0.10071404992935727,0.02157317480046209,0.8777127752701807
26024,LOF,0.03520353295491929,0.11798516080891636,0.8468113062361643
26025,LOF,0.17146316542801623,0.08901499107145651,0.7395218435005272
26026,LOF,0.34211174341907985,0.028490146738328035,0.6293981098425921
26027,LOF,0.07899134874180881,0.016173544240009302,0.9048351070181818
26028,LOF,0.171817696211301,0.0613298905694922,0.7668524132192068
26029,LOF,0.07454850619813477,0.21505379148774187,0.7103977023141234
26030,LOF,0.023864772725185387,0.06655025682057036,0.9095849704542442
26031,LOF,0.026688742647228036,0.15461087837416038,0.8187003789786116
26032,LOF,0.06537295998528272,0.080683366822431,0.8539436731922863
26033,LOF,0.11457524067071313,0.0988005030303886,0.7866242562988982
26034,LOF,0.047405437830630226,0.18282294196391957,0.7697716202054501
26035,LOF,0.0267113616522099,0.16815737328161354,0.8051312650661766
26036,LOF,0.0409149049354675,0.19349812397690697,0.7655869710876255
26037,LOF,0.02330509661448709,0.13698909580749125,0.8397058075780217
26038,LOF,0.06134367973890442,0.08280666905061793,0.8558496512104777
26039,LOF,0.05173060084453312,0.17271416296726114,0.7755552361882057
26040,LOF,0.20388196384298388,0.1628403055948595,0.6332777305621565
26041,LOF,0.023368562365079733,0.12541299007469753,0.8512184475602228
26042,LOF,0.021628930472807003,0.12027385231836955,0.8580972172088235
26043,LOF,0.06101509841118705,0.09701389753474397,0.841971004054069
26044,LOF,0.020657506309080666,0.08270414253154262,0.8966383511593768
26045,LOF,0.07063899684925665,0.1143858479945451,0.8149751551561983
26046,LOF,0.06259972265381265,0.0953016405066994,0.8420986368394878
26047,LOF,0.08466825551693741,0.10092880522766932,0.8144029392553933
26048,LOF,0.048213198015751475,0.05068681436535759,0.9010999876188909
26049,Neutral,0.9632417859952397,0.007899505720170898,0.02885870828458942
26050,Neutral,0.9487145351913634,0.010096682169356075,0.041188782639280545
26051,LOF,0.04970758063312145,0.26548941196125814,0.6848030074056204
26052,LOF,0.06417671410040449,0.3139657041324769,0.6218575817671186
26053,LOF,0.05686662892225902,0.11601975935360424,0.8271136117241368
26054,LOF,0.05199616039955275,0.016610677850783215,0.9313931617496641
26055,LOF,0.07756901364201849,0.013719742603634826,0.9087112437543466
26056,LOF,0.06319898850002036,0.015207389174569493,0.9215936223254102
26057,LOF,0.027459167969302544,0.011364862060403233,0.9611759699702943
26058,LOF,0.028264923380149427,0.009383688765226413,0.9623513878546243
26059,LOF,0.29161305090146117,0.019758484395594987,0.6886284647029439
26060,LOF,0.04370840120118982,0.17981781980859954,0.7764737789902106
26061,LOF,0.01738976458967032,0.01041163004675215,0.9721986053635775
26062,LOF,0.010168209370062591,0.015939829747252176,0.9738919608826853
26063,LOF,0.021611734256496918,0.010998922007972967,0.9673893437355301
26064,LOF,0.022208648680973216,0.019801628424802282,0.9579897228942245
26065,LOF,0.02329821966604135,0.010241068769311775,0.9664607115646469
26066,LOF,0.020910521780750032,0.010403561620601645,0.9686859165986482
26067,LOF,0.027485499286868532,0.00837328842496067,0.9641412122881707
26068,LOF,0.0440258321603735,0.027954753750376635,0.9280194140892497
26069,LOF,0.23328585948624803,0.019054396897002144,0.7476597436167498
26070,LOF,0.3420478838086624,0.014540730040212028,0.6434113861511255
26071,LOF,0.02348694696208996,0.011504571439550772,0.9650084815983592
26072,LOF,0.0213035297775292,0.014211052914686583,0.9644854173077843
26073,LOF,0.024151920782666907,0.010137064167361287,0.9657110150499718
26074,Neutral,0.9146197391620163,0.005688220955641549,0.0796920398823421
26075,LOF,0.04459417161389308,0.013891633111247356,0.9415141952748596
26076,LOF,0.0438576891104846,0.008756948569704864,0.9473853623198104
26077,LOF,0.009534594202181725,0.01591404386208931,0.974551361935729
26078,LOF,0.012196682428861055,0.010863018318178808,0.9769402992529602
26079,LOF,0.05926620625140089,0.01589007446251993,0.9248437192860791
26080,LOF,0.05825674458710632,0.015853788055266976,0.9258894673576267
26081,LOF,0.03566165310016108,0.006180997566591031,0.9581573493332478
26082,LOF,0.013538237193803508,0.01548625667817664,0.9709755061280197
26083,LOF,0.13114661379083445,0.012529705297078742,0.8563236809120869
26084,LOF,0.030179816569278546,0.011243911443120936,0.9585762719876004
26085,LOF,0.025098247200591884,0.010693269472658433,0.9642084833267497
26086,LOF,0.023376343895875635,0.01104457841037228,0.965579077693752
26087,LOF,0.027877549040067326,0.007484231968811282,0.9646382189911215
26088,LOF,0.015494651981705746,0.021393831438383068,0.9631115165799112
26089,LOF,0.043610734433494946,0.020021877299971704,0.9363673882665333
26090,LOF,0.04299799177733841,0.015936635369611884,0.9410653728530496
26091,LOF,0.03832291167089401,0.005922223906547701,0.9557548644225582
26092,LOF,0.026623292249372994,0.007887365936887233,0.9654893418137398
26093,LOF,0.038111582535707574,0.005847102392989776,0.9560413150713026
26094,LOF,0.04222720248015119,0.006296246831454986,0.9514765506883938
26095,LOF,0.04266679973306555,0.012928219418312743,0.9444049808486217
26096,LOF,0.016695078461761208,0.012239739499333484,0.9710651820389052
26097,LOF,0.01117590867494732,0.030061037287808776,0.9587630540372439
26098,LOF,0.07385892905208306,0.009916398020594592,0.9162246729273223
26099,LOF,0.02453579826068797,0.011585174246935937,0.963879027492376
26100,LOF,0.026932390279139566,0.011215884891734043,0.9618517248291264
26101,LOF,0.05852144002643806,0.014187008615353444,0.9272915513582085
26102,LOF,0.02342553529666954,0.01225163942695661,0.9643228252763739
26103,Neutral,0.8866961041724231,0.017293196518125272,0.09601069930945164
26104,LOF,0.07848643638013368,0.022858134124046397,0.8986554294958199
26105,LOF,0.21688389465990612,0.3069576178983977,0.47615848744169614
26106,LOF,0.20383878398470226,0.11129551885862513,0.6848656971566726
26107,LOF,0.23062738116114948,0.08424595021778465,0.685126668621066
26108,LOF,0.2816176266007944,0.09943873019601711,0.6189436432031885
26109,LOF,0.10295030168552333,0.05903917704316778,0.8380105212713089
26110,LOF,0.2962161894581261,0.008371979441462438,0.6954118311004115
26111,Neutral,0.5110835426634851,0.021486631479368534,0.4674298258571465
26112,LOF,0.03383995115494958,0.00801574537176234,0.958144303473288
26113,LOF,0.057585449799726636,0.01668695244508984,0.9257275977551835
26114,LOF,0.025340790025707993,0.02846869576105943,0.9461905142132326
26115,LOF,0.08644959881848444,0.05842267109343839,0.8551277300880771
26116,LOF,0.0645983567196767,0.06082199556443142,0.8745796477158918
26117,LOF,0.4383394580925371,0.04224036617644355,0.5194201757310194
26118,LOF,0.035815944704903874,0.02474501257742793,0.9394390427176682
26119,LOF,0.02180737769980529,0.033446808132369416,0.9447458141678253
26120,LOF,0.029721773053505738,0.021229937257200085,0.9490482896892942
26121,LOF,0.03853839254170081,0.08102777546144409,0.8804338319968551
26122,LOF,0.03931088014037248,0.03704437629445415,0.9236447435651735
