feature0,prediction,LoGoFunc_Neutral,LoGoFunc_GOF,LoGoFunc_LOF
25546,Neutral,0.6216541377293261,0.05312930078419406,0.32521656148647976
25547,Neutral,0.5243458281856473,0.0910531328275235,0.38460103898682907
25548,Neutral,0.5143692096998598,0.08116580255447006,0.4044649877456702
25549,Neutral,0.46353768033815845,0.08110993348218941,0.455352386179652
25550,LOF,0.39871050917544554,0.09209245818156617,0.5091970326429883
25551,LOF,0.3459266343157542,0.10710973329701613,0.5469636323872297
25552,LOF,0.3093423778563034,0.11142570671732596,0.5792319154263705
25553,Neutral,0.7796680455368958,0.052011517761804,0.16832043670130026
25554,LOF,0.3380989680941471,0.10385734508880075,0.5580436868170522
25555,LOF,0.29338682364154006,0.09663377610935521,0.6099794002491048
25556,Neutral,0.46926114690749193,0.09761560756759924,0.43312324552490883
25557,LOF,0.2915283849705595,0.1044594669845746,0.604012148044866
25558,LOF,0.3466776451723723,0.09946343720945164,0.5538589176181761
25559,LOF,0.27093969709065624,0.04586552200615779,0.6831947809031861
25560,LOF,0.09534341423985476,0.13588403914973451,0.7687725466104108
25561,LOF,0.1023391840094822,0.19860358171849474,0.699057234272023
25562,LOF,0.03572992867815748,0.0962979160849044,0.867972155236938
25563,LOF,0.008608749262584764,0.15548741790021578,0.8359038328371995
25564,LOF,0.07922296893313904,0.10424636845269335,0.8165306626141676
25565,LOF,0.20149001934430794,0.17021525479512825,0.6282947258605638
25566,GOF,0.054966317725358996,0.7089328411828961,0.23610084109174487
25567,LOF,0.047198746408878625,0.18105421863931268,0.7717470349518086
25568,LOF,0.06396715537352853,0.09529115278107547,0.8407416918453959
25569,LOF,0.0633903694373435,0.09363825294418944,0.8429713776184671
25570,LOF,0.0262556406941332,0.13714574707672514,0.8365986122291417
25571,LOF,0.02581055650009121,0.1421119685995989,0.8320774749003099
25572,LOF,0.053814091734741214,0.20131649214349262,0.7448694161217662
25573,LOF,0.06358051972435867,0.13338167212510568,0.8030378081505356
25574,LOF,0.067487503193703,0.24493434737067218,0.6875781494356247
25575,LOF,0.023450922843876138,0.16343314344424126,0.8131159337118826
25576,LOF,0.023227875677814938,0.2288259790753368,0.7479461452468482
25577,LOF,0.027668153438667527,0.1845215112257495,0.787810335335583
25578,LOF,0.3159728159045514,0.09732184393148695,0.5867053401639616
25579,LOF,0.22325795924848693,0.10025810908313186,0.6764839316683812
25580,LOF,0.02266893211695678,0.09530870802614655,0.8820223598568967
25581,LOF,0.05049728934399484,0.09739876175793909,0.8521039488980661
25582,LOF,0.049950130219281075,0.0956973906936291,0.8543524790870899
25583,LOF,0.029020226763150987,0.11425988643385294,0.856719886802996
25584,Neutral,0.7105674720170697,0.12968954183774087,0.15974298614518936
25585,LOF,0.02116309826680815,0.1895976175869415,0.7892392841462503
25586,LOF,0.019735067283064317,0.12040400515420371,0.8598609275627319
25587,LOF,0.01990226268322939,0.10076407390047361,0.879333663416297
25588,LOF,0.02374659192980049,0.09849056939418792,0.8777628386760117
25589,Neutral,0.5257804517392614,0.24699809045640103,0.22722145780433764
25590,LOF,0.05130095156800122,0.1388246321569811,0.8098744162750177
25591,LOF,0.08177257014810328,0.0888457130333829,0.8293817168185138
25592,LOF,0.06430756055101668,0.16114811521370817,0.7745443242352752
25593,LOF,0.10575764460563562,0.28611233139493486,0.6081300239994295
25594,LOF,0.05571495853789227,0.033121492197234106,0.9111635492648736
25595,LOF,0.058638397276491235,0.021290117970319985,0.9200714847531888
25596,LOF,0.12195531787480117,0.014430558338543764,0.863614123786655
25597,LOF,0.0840506641961882,0.014216308488770268,0.9017330273150416
25598,LOF,0.05513406537314582,0.021494475591505146,0.9233714590353491
25599,LOF,0.02516412403800438,0.3828344836299539,0.5920013923320417
25600,LOF,0.19904444528889695,0.3603172988487991,0.4406382558623038
25601,LOF,0.04881333718658162,0.30051723948982023,0.6506694233235981
25602,LOF,0.037724543678284976,0.07527503389109778,0.8870004224306173
25603,LOF,0.04812019604289207,0.07718072783328728,0.8746990761238207
25604,LOF,0.04998526747902326,0.12742866302144493,0.8225860694995318
25605,LOF,0.038864014807770464,0.21787777409662154,0.743258211095608
25606,Neutral,0.4049690125337625,0.2454020290512423,0.34962895841499514
25607,LOF,0.02999857091043185,0.2572812234287527,0.7127202056608154
25608,LOF,0.04530144742109553,0.12813680335875224,0.8265617492201521
25609,GOF,0.15110700133193541,0.5868883822711535,0.262004616396911
25610,LOF,0.01859531245070479,0.054178276284260606,0.9272264112650347
25611,LOF,0.013908636680659461,0.05647290698475835,0.9296184563345823
25612,LOF,0.04893198644455827,0.06804994000945293,0.8830180735459889
25613,LOF,0.04737724757057151,0.06680243277063203,0.8858203196587965
25614,LOF,0.023185734175660166,0.04926220776099069,0.9275520580633491
25615,LOF,0.044976081891073987,0.057130202933584055,0.8978937151753419
25616,LOF,0.06130080071342241,0.05933261223602695,0.8793665870505507
25617,LOF,0.04769681957229661,0.06580474559502564,0.8864984348326777
25618,LOF,0.04868169968348637,0.08243746881237475,0.8688808315041389
25619,LOF,0.01486261705603577,0.0681050442746787,0.9170323386692855
25620,LOF,0.051938713566797856,0.057955582510826914,0.8901057039223752
25621,LOF,0.06403583346381556,0.05311704709897509,0.8828471194372094
25622,LOF,0.07359011827424874,0.06143328693967206,0.8649765947860791
25623,LOF,0.06103007790201816,0.05730312800223711,0.8816667940957448
25624,LOF,0.021536422330201862,0.05804690783938798,0.9204166698304102
25625,LOF,0.060251941168053595,0.05835172367469353,0.8813963351572529
25626,LOF,0.04861036581543354,0.05817450340827617,0.8932151307762902
25627,Neutral,0.8818599054913046,0.022223336093680476,0.09591675841501494
25628,LOF,0.17138107299952438,0.06758340300763972,0.7610355239928359
25629,LOF,0.05904507901093587,0.06605819776989388,0.8748967232191701
25630,LOF,0.2565217439643442,0.07960488901339999,0.6638733670222559
25631,Neutral,0.5194144330407938,0.061712838228724934,0.4188727287304813
25632,LOF,0.030232373204871026,0.13611306457436875,0.8336545622207603
25633,LOF,0.249006207068116,0.08248847901927166,0.6685053139126124
25634,LOF,0.04354022363871888,0.13828439368533674,0.8181753826759443
25635,LOF,0.03806509436914274,0.06319104097463653,0.8987438646562208
25636,GOF,0.029767561407786282,0.5556992899319319,0.4145331486602819
25637,GOF,0.047350047056869,0.5457496057907141,0.4069003471524169
25638,LOF,0.022411946502642943,0.4860754757794059,0.491512577717951
25639,LOF,0.03158789167932285,0.46256369541724135,0.5058484129034359
25640,Neutral,0.8451135075217162,0.08690873515099613,0.06797775732728781
25641,LOF,0.12299317977956022,0.3835268789437412,0.49347994127669864
25642,LOF,0.09949443792479805,0.17152574305167045,0.7289798190235316
25643,LOF,0.30737329660694584,0.1033882857981732,0.5892384175948809
25644,GOF,0.009666838214632155,0.6417492380733704,0.34858392371199753
25645,GOF,0.010502738259723346,0.6204874803244269,0.3690097814158496
25646,LOF,0.02503089557481793,0.41413897636082797,0.5608301280643541
25647,LOF,0.010793524686473039,0.28348618152575755,0.7057202937877695
25648,LOF,0.011404156721364297,0.3990531043618898,0.589542738916746
25649,LOF,0.008028573138094458,0.29856607942168234,0.6934053474402231
25650,GOF,0.02545359931495586,0.6144205344214587,0.36012586626358545
25651,LOF,0.009946295586224181,0.4005459798649421,0.5895077245488337
25652,LOF,0.012490466977147426,0.43130748828833976,0.5562020447345128
25653,GOF,0.040091906841255326,0.6144466417777772,0.3454614513809674
25654,LOF,0.011082652782856592,0.300921608433911,0.6879957387832324
25655,GOF,0.10120500747107881,0.6306613569705816,0.2681336355583397
25656,LOF,0.284316676869411,0.08027395574754687,0.6354093673830422
25657,LOF,0.03569202343806043,0.09371707382603713,0.8705909027359024
25658,LOF,0.3121445363161221,0.11889828807073911,0.5689571756131389
25659,Neutral,0.5068610562089845,0.1289582556485762,0.3641806881424394
25660,LOF,0.022681293514775207,0.09655476172908264,0.8807639447561423
25661,LOF,0.06833386637560435,0.063578272014809,0.8680878616095865
25662,LOF,0.02799187739308639,0.036726193625225174,0.9352819289816884
25663,LOF,0.02970500766165704,0.03548285664887322,0.9348121356894697
25664,LOF,0.1032697530274939,0.058299990066178656,0.8384302569063274
25665,LOF,0.06728255365762288,0.030171579335622728,0.9025458670067543
25666,LOF,0.07494795680143648,0.04856974159861406,0.8764823015999496
25667,LOF,0.06472838159462062,0.04063970739986002,0.8946319110055193
25668,LOF,0.028800035725963583,0.051944560906753416,0.9192554033672831
25669,LOF,0.02206623617213258,0.047030930982424834,0.9309028328454425
25670,LOF,0.12022872753298855,0.04700099717790519,0.8327702752891063
25671,LOF,0.09576164257290294,0.035022394477405586,0.8692159629496915
25672,LOF,0.054992526728552815,0.043677001136480015,0.9013304721349672
25673,LOF,0.09258562187888408,0.0380377833190833,0.8693765948020326
25674,LOF,0.08898643423672013,0.05056656524591831,0.8604470005173616
25675,LOF,0.08817116858860292,0.06499355156264205,0.8468352798487551
25676,LOF,0.01786169731969107,0.05331123650823842,0.9288270661720706
25677,LOF,0.016730787636797848,0.07594733177872325,0.9073218805844788
25678,LOF,0.174454912969952,0.09092328409783479,0.7346218029322131
25679,LOF,0.11552708519033623,0.09808620053218145,0.7863867142774824
25680,LOF,0.025082234511304216,0.1232117669649011,0.8517059985237947
25681,LOF,0.04004682083839837,0.10952075785718055,0.8504324213044211
25682,LOF,0.11068004380098977,0.06534733386914293,0.8239726223298672
25683,LOF,0.10305665232519416,0.08366906447037002,0.8132742832044358
25684,LOF,0.029006550011566976,0.054665128087481744,0.9163283219009513
25685,LOF,0.1296943076936055,0.07894765009547496,0.7913580422109194
25686,LOF,0.0796535659077117,0.12057891372590415,0.799767520366384
25687,LOF,0.15139252863397834,0.11760172550680362,0.7310057458592181
25688,LOF,0.42449795175075344,0.03126153900742362,0.5442405092418229
25689,LOF,0.2904361734799484,0.04194203149717739,0.6676217950228742
25690,LOF,0.3679023220196013,0.027705485517313066,0.6043921924630855
25691,Neutral,0.7035162034135821,0.02639097131955579,0.270092825266862
25692,LOF,0.3748529885897425,0.01051045857081763,0.6146365528394399
25693,GOF,0.03983963949056466,0.48452239142831777,0.4756379690811175
25694,LOF,0.10568227045582518,0.01783418568407752,0.8764835438600973
25695,LOF,0.10079926612591236,0.009023859192403484,0.890176874681684
25696,LOF,0.13634256774287623,0.011271560844640437,0.8523858714124833
25697,LOF,0.059806364633682316,0.07263132638074382,0.8675623089855738
25698,LOF,0.2552486169616663,0.24762536124240364,0.4971260217959301
25699,LOF,0.4515583221368781,0.028527672552135407,0.5199140053109865
25700,LOF,0.06169167448768418,0.008146082867114851,0.930162242645201
25701,LOF,0.17649617659665412,0.027045315394693258,0.7964585080086526
25702,GOF,0.1809314831681661,0.651920814535024,0.1671477022968097
25703,LOF,0.015992026893089303,0.18088803275338375,0.8031199403535271
25704,LOF,0.03418717473338188,0.14483252277898942,0.8209803024876287
25705,LOF,0.03792879331204728,0.07655294778370034,0.8855182589042525
25706,LOF,0.10611413328125595,0.43753668620169495,0.4563491805170492
25707,LOF,0.07691224356675089,0.3855365911364794,0.5375511652967697
25708,LOF,0.03796775148697923,0.3641121123405104,0.5979201361725105
25709,LOF,0.07392490079353196,0.034130810590620855,0.8919442886158473
25710,LOF,0.015032590132051655,0.13363986934467326,0.8513275405232752
25711,LOF,0.019761483233439493,0.06935632108530325,0.9108821956812573
25712,LOF,0.01714511023011982,0.18630800846304066,0.7965468813068395
25713,LOF,0.017387715344733604,0.06693200289094761,0.9156802817643187
25714,LOF,0.07744600989426004,0.04904169767170292,0.8735122924340372
25715,LOF,0.011033022221659047,0.1034972722536949,0.8854697055246461
25716,LOF,0.010805715582965931,0.10527003015435914,0.883924254262675
25717,LOF,0.016835008584596137,0.06366883296607134,0.9194961584493325
25718,LOF,0.010892300884336632,0.046820764241247224,0.9422869348744161
25719,LOF,0.02076440742580755,0.06556611868658137,0.9136694738876111
25720,LOF,0.026704381241457784,0.045660057282443524,0.9276355614760986
25721,LOF,0.011031001474180619,0.06002588662548982,0.9289431119003295
25722,LOF,0.012961074771571886,0.05112227669548748,0.9359166485329407
25723,LOF,0.025520204083482607,0.03405305087237628,0.9404267450441411
25724,LOF,0.031267029107727634,0.06774077417986124,0.9009921967124112
25725,LOF,0.010997885951619135,0.06489186963062218,0.9241102444177586
25726,LOF,0.015787208840029685,0.07398546587483701,0.9102273252851333
25727,LOF,0.013759331671849477,0.05070112512874224,0.9355395431994082
25728,LOF,0.010115793674511845,0.07147974844330028,0.9184044578821879
25729,LOF,0.010272710258392095,0.07080308601828118,0.9189242037233267
25730,LOF,0.013697832960218616,0.07058892631384286,0.9157132407259385
25731,LOF,0.0220490798876362,0.09483332231587141,0.8831175977964925
25732,LOF,0.01237279342281012,0.04870730886925675,0.9389198977079332
25733,LOF,0.014002386246546992,0.055778655159591156,0.9302189585938619
25734,LOF,0.012313314364884904,0.1300343457007665,0.8576523399343486
25735,LOF,0.010600344008961107,0.05732515692391419,0.9320744990671248
25736,LOF,0.011742805295640429,0.06357280268890939,0.9246843920154502
25737,LOF,0.011755857493997593,0.08944788073834245,0.89879626176766
25738,LOF,0.011810926141382986,0.09915369866779203,0.8890353751908251
25739,LOF,0.01993691773849875,0.06214508914573248,0.9179179931157687
25740,LOF,0.028461616289147413,0.11446406121114207,0.8570743224997106
25741,LOF,0.015017517723689516,0.09939279066420223,0.8855896916121082
25742,LOF,0.11746740777593356,0.06946823492037339,0.8130643573036931
25743,LOF,0.0446329035594049,0.057182360709483696,0.8981847357311115
25744,Neutral,0.6544538736867794,0.23884259894916152,0.10670352736405903
25745,LOF,0.06003000440653805,0.07651558775461018,0.8634544078388519
25746,LOF,0.04440276112204725,0.11342636353074183,0.8421708753472108
25747,LOF,0.017520315787789124,0.10555635599593886,0.8769233282162721
25748,LOF,0.11952580380980768,0.181870907527951,0.6986032886622413
25749,LOF,0.028131952682512767,0.1002885571049858,0.8715794902125015
25750,LOF,0.07151126726178221,0.12374035318984569,0.8047483795483721
25751,LOF,0.10290915305071123,0.13675994461192514,0.7603309023373637
25752,GOF,0.1226667274763823,0.6652745925360533,0.21205867998756456
25753,LOF,0.03166353674435277,0.3673542327256559,0.6009822305299913
25754,GOF,0.018987050198535842,0.7995782981665872,0.18143465163487688
25755,LOF,0.029979990646594543,0.35061898552441223,0.6194010238289932
25756,LOF,0.06512382603614336,0.406877675060687,0.5279984989031696
25757,GOF,0.020931270435897247,0.878477221150857,0.1005915084132457
25758,GOF,0.028844342551756934,0.8293593123962827,0.14179634505196043
25759,GOF,0.010636364372102303,0.6800554506158714,0.3093081850120263
25760,LOF,0.017438309853732122,0.3537409994359368,0.6288206907103311
25761,GOF,0.26614272965695046,0.6487368422920009,0.08512042805104864
25762,LOF,0.05184232488029731,0.32458893821620455,0.623568736903498
25763,LOF,0.015746531490954296,0.24072516625175294,0.7435283022572927
25764,GOF,0.0699205819201002,0.7181768194117565,0.2119025986681433
25765,GOF,0.03453781895697145,0.7606225837321875,0.20483959731084098
25766,GOF,0.08504738491061228,0.7508967558677997,0.16405585922158794
25767,LOF,0.15776312052945426,0.38988311308264884,0.452353766387897
25768,LOF,0.12871727823752688,0.036858373520192216,0.8344243482422808
25769,LOF,0.05761341971300271,0.06715281501247648,0.8752337652745208
25770,LOF,0.3182472873456015,0.12221672083532903,0.5595359918190694
25771,LOF,0.06089168411114032,0.05763203099316542,0.8814762848956942
25772,LOF,0.018848709478358275,0.052535482168750015,0.9286158083528917
25773,LOF,0.05838283782073457,0.06753052407228648,0.874086638106979
25774,LOF,0.029269636327069498,0.13411191910501258,0.8366184445679179
25775,LOF,0.06257387295111205,0.06482492115989627,0.8726012058889917
25776,LOF,0.08049100021763778,0.03495824568924524,0.8845507540931169
25777,LOF,0.34930668472465365,0.10979668354338203,0.5408966317319643
25778,LOF,0.0781290474583032,0.05121642487780307,0.8706545276638937
25779,GOF,0.41339639458608696,0.5421241043758345,0.044479501038078545
25780,GOF,0.35984305812551415,0.5516436615302419,0.08851328034424392
25781,GOF,0.12749621283418583,0.758569169776382,0.11393461738943221
25782,GOF,0.18544059905848312,0.7152269523704609,0.09933244857105594
25783,GOF,0.02535895169655694,0.6759070536220606,0.29873399468138245
25784,Neutral,0.5363771035064542,0.4248857919034012,0.03873710459014461
25785,Neutral,0.504432677970458,0.4269147362398534,0.06865258578968861
25786,GOF,0.04199607944993449,0.7105184030636138,0.24748551748645162
25787,Neutral,0.6948815387953559,0.27142893426770764,0.033689526936936616
25788,LOF,0.05807972067766257,0.07229625467185716,0.8696240246504803
25789,GOF,0.19367666720319732,0.6479854329729796,0.15833789982382293
25790,GOF,0.2747585523750777,0.624838772921473,0.10040267470344927
25791,GOF,0.1672955831868498,0.6323119447351572,0.20039247207799293
25792,GOF,0.37160400705739577,0.47890881224569365,0.14948718069691064
25793,GOF,0.2886121085386039,0.4463732831748728,0.2650146082865233
25794,GOF,0.31868262641541517,0.463796744091567,0.2175206294930179
25795,GOF,0.058055127866491085,0.6662779993742107,0.27566687275929813
25796,Neutral,0.5118471234608499,0.40430770591349774,0.08384517062565233
25797,GOF,0.08631088573753622,0.530239046865771,0.3834500673966928
25798,GOF,0.010933487299131486,0.4961008317088952,0.49296568099197324
25799,LOF,0.009123890904017107,0.44642786080129804,0.5444482482946849
25800,GOF,0.046574421631777545,0.59947188347526,0.35395369489296236
25801,GOF,0.26528674099931426,0.6358245596231036,0.09888869937758223
25802,GOF,0.0908865317467807,0.6175813184850236,0.2915321497681957
25803,GOF,0.051079921223947805,0.5170580874812059,0.43186199129484626
25804,LOF,0.04615080929757817,0.4531646373645713,0.5006845533378504
25805,GOF,0.14128258663499987,0.5347868450581136,0.3239305683068866
25806,GOF,0.14389870231842455,0.5567176080895835,0.29938368959199196
25807,GOF,0.019816253482780665,0.5884690032373053,0.391714743279914
25808,GOF,0.12950480177441306,0.504772492876558,0.36572270534902884
25809,GOF,0.020574293079820203,0.5759968020122743,0.4034289049079055
25810,GOF,0.023140749490796014,0.5718090122626096,0.40505023824659436
25811,Neutral,0.47460462555080857,0.45357599507710633,0.07181937937208506
25812,GOF,0.0379502352394956,0.603145350903334,0.35890441385717053
25813,Neutral,0.5497013800539264,0.32423747218739596,0.12606114775867755
25814,GOF,0.11594295526514209,0.60742836760948,0.27662867712537786
25815,GOF,0.24672717167043878,0.5480054070806993,0.2052674212488619
25816,GOF,0.019487193167810668,0.6910148100648061,0.28949799676738325
25817,GOF,0.20330539569814998,0.6752031011721266,0.12149150312972348
25818,GOF,0.044416282034108315,0.5464599570324571,0.4091237609334346
25819,GOF,0.4011663316597785,0.4312228851495981,0.16761078319062345
25820,GOF,0.2088646627293716,0.5705087893589803,0.22062654791164807
25821,GOF,0.05777130850182601,0.6611183663406013,0.28111032515757267
25822,GOF,0.23471217922418922,0.504788056028443,0.2604997647473679
25823,LOF,0.0315915729299103,0.4508501328425336,0.5175582942275561
25824,GOF,0.08011041279199264,0.48711272908564807,0.43277685812235933
25825,GOF,0.030284825839998475,0.4980041935110728,0.4717109806489287
25826,LOF,0.011019725791803993,0.4688081526171365,0.5201721215910595
25827,GOF,0.01998174329470796,0.5422916694875963,0.4377265872176957
25828,LOF,0.012994349803952147,0.4641289905900539,0.5228766596059939
25829,GOF,0.006344163116303467,0.53624014717553,0.45741568970816643
25830,LOF,0.040960588129768875,0.2470523814226033,0.7119870304476278
25831,GOF,0.13969628906369533,0.7131344071110308,0.1471693038252739
25832,GOF,0.030621972432011636,0.6482170890947103,0.32116093847327803
25833,GOF,0.11080053168140919,0.6561768594990991,0.23302260881949174
25834,GOF,0.03608271900461161,0.6466025892542058,0.3173146917411827
25835,GOF,0.09048412379761922,0.6256569158062724,0.2838589603961084
25836,GOF,0.044524630282771066,0.6346338305465643,0.32084153917066466
25837,GOF,0.02129392592542842,0.5103909378359547,0.468315136238617
25838,GOF,0.0838952501581538,0.693452335333234,0.22265241450861217
25839,GOF,0.2945076566602792,0.5147561668056945,0.1907361765340263
25840,GOF,0.2340642730687906,0.5469364349416823,0.21899929198952714
25841,GOF,0.2285835294955811,0.5491209426867311,0.22229552781768788
25842,GOF,0.16342652150708784,0.6150007221900424,0.22157275630286968
25843,GOF,0.22053550798973248,0.6194982770293385,0.15996621498092906
25844,GOF,0.05230262450375106,0.6277899086797598,0.31990746681648907
25845,LOF,0.012007843699023987,0.4707754583114486,0.5172166979895274
25846,GOF,0.09320810424478697,0.6953974770182351,0.21139441873697798
25847,GOF,0.1179203062600877,0.7037513754556245,0.17832831828428783
25848,GOF,0.03388893089202233,0.6516211218706388,0.31448994723733886
25849,GOF,0.00987508356095818,0.5431998780161421,0.4469250384228997
25850,GOF,0.024079065614380883,0.5695879164019088,0.40633301798371024
25851,LOF,0.019297650281792336,0.47554910268285744,0.5051532470353501
25852,GOF,0.1384026338079265,0.5495593053658824,0.31203806082619123
25853,GOF,0.3279529474849867,0.5839814706641857,0.08806558185082762
25854,GOF,0.01688747650014612,0.6579868199644315,0.32512570353542236
25855,GOF,0.034908693381371196,0.5817204515062008,0.38337085511242813
25856,GOF,0.22794475445501797,0.5561094552086709,0.21594579033631117
25857,GOF,0.030718492062883795,0.5037834706325588,0.46549803730455747
25858,GOF,0.017001315413933214,0.5663509906280493,0.41664769395801754
25859,GOF,0.00841528571207042,0.5565131759985421,0.4350715382893876
25860,GOF,0.3288224773870301,0.5535435443085712,0.11763397830439865
25861,GOF,0.35166170585427464,0.5561196944254457,0.09221859972027967
25862,GOF,0.07640003033558387,0.7676093530202187,0.1559906166441975
25863,GOF,0.07826539236326234,0.7784124654871885,0.1433221421495492
25864,GOF,0.1739308878399605,0.7341126789246031,0.0919564332354364
25865,GOF,0.07484742018737373,0.774880873576984,0.15027170623564212
25866,GOF,0.06052242241952059,0.7859248658230497,0.15355271175742966
25867,GOF,0.0798502917715052,0.783961196415214,0.13618851181328076
25868,GOF,0.22954857414007696,0.6304854911969736,0.1399659346629495
25869,Neutral,0.6843386891582812,0.268605857310569,0.04705545353114966
25870,LOF,0.31605599260173173,0.2183109405350152,0.465633066863253
25871,GOF,0.22437389837713242,0.6087618264630619,0.16686427515980565
25872,GOF,0.0926146179902841,0.6031726955154083,0.3042126864943076
25873,GOF,0.16227395566653033,0.5931404156096256,0.24458562872384412
25874,LOF,0.02203112271846376,0.07523073433643881,0.9027381429450975
25875,LOF,0.07693169495435764,0.07391564051900491,0.8491526645266374
25876,LOF,0.024465449729505127,0.06507023112760663,0.9104643191428884
25877,Neutral,0.49927446091775196,0.07369334316893104,0.4270321959133171
25878,LOF,0.19381897582788898,0.1334473383167098,0.6727336858554013
25879,LOF,0.09847309670056971,0.1512618155137729,0.7502650877856575
25880,LOF,0.022598990656873468,0.027428909067239386,0.9499721002758872
25881,LOF,0.19042707055138475,0.19291474223914834,0.6166581872094669
25882,LOF,0.08194270253546218,0.01843306934779617,0.8996242281167416
25883,LOF,0.08228137895665899,0.03936148652455328,0.8783571345187877
25884,LOF,0.04507062149976981,0.048911828457604334,0.9060175500426259
25885,LOF,0.05670786636173674,0.02433396975793041,0.9189581638803328
25886,LOF,0.38499729778016334,0.08572489187948402,0.5292778103403526
25887,LOF,0.1733746633377506,0.11749960766939366,0.7091257289928558
25888,LOF,0.06405010595543396,0.10590398338553504,0.8300459106590309
25889,LOF,0.04813542250483417,0.03799619972080293,0.9138683777743628
25890,LOF,0.0558212926426313,0.16251162137330527,0.7816670859840634
25891,LOF,0.05234390438890072,0.06253740489331233,0.8851186907177869
25892,LOF,0.10422391076236942,0.019271344297421063,0.8765047449402095
25893,LOF,0.2828750562958801,0.012677877684353604,0.7044470660197663
25894,LOF,0.15451078543976116,0.006691829281084019,0.8387973852791549
25895,LOF,0.19806624976135723,0.016032399777330685,0.785901350461312
25896,LOF,0.04534142463801501,0.017274748485221213,0.9373838268767639
25897,LOF,0.23483877002328535,0.012010662363489575,0.753150567613225
25898,Neutral,0.7413015718518832,0.007720800071103211,0.2509776280770136
25899,LOF,0.28540806624782056,0.030861319803262392,0.683730613948917
25900,Neutral,0.5011732711657467,0.01522972293021106,0.48359700590404214
25901,LOF,0.0531625502314308,0.009663163244424323,0.9371742865241449
25902,LOF,0.1815730662469167,0.0074402568730116084,0.8109866768800718
25903,Neutral,0.5654886515780156,0.02205441645269462,0.4124569319692897
25904,LOF,0.2544764846385093,0.033370539805390405,0.7121529755561002
25905,LOF,0.023844007291409917,0.33274284097775036,0.6434131517308398
25906,LOF,0.023531684996194884,0.0761223475601261,0.9003459674436789
25907,LOF,0.014352790875489012,0.32274603425958037,0.6629011748649306
25908,LOF,0.011949223608180444,0.21697142430292576,0.7710793520888939
25909,LOF,0.01480275371126172,0.15300486851962042,0.8321923777691179
25910,LOF,0.05263421131129088,0.1245088504406517,0.8228569382480573
25911,LOF,0.12974060010408606,0.05202201561676385,0.81823738427915
25912,LOF,0.03526315168430842,0.08570578715981218,0.8790310611558793
25913,LOF,0.24940431960494633,0.03481168131115016,0.7157839990839036
25914,LOF,0.027578884447710943,0.11529880226269494,0.8571223132895941
25915,Neutral,0.4416832883659627,0.20049684985580785,0.35781986177822933
25916,LOF,0.06917621834698559,0.2531809767212379,0.6776428049317765
25917,LOF,0.07010006481791663,0.05345038689981739,0.876449548282266
25918,LOF,0.032126887090885424,0.06578954693637519,0.9020835659727394
25919,LOF,0.027564621612339114,0.07088831140465635,0.9015470669830046
25920,GOF,0.09889986366972793,0.5406575062710111,0.360442630059261
25921,LOF,0.03384662982093438,0.030768856790819463,0.9353845133882462
25922,LOF,0.04745804604382012,0.02021018491085924,0.9323317690453206
25923,LOF,0.42054652088041466,0.02154541123352,0.5579080678860654
25924,LOF,0.03929892495382405,0.026996445593562277,0.9337046294526137
25925,LOF,0.07423329765831763,0.03417634485104422,0.8915903574906382
25926,LOF,0.05434793467450826,0.021146225225198465,0.9245058401002932
25927,LOF,0.07546309307656,0.05883733190775593,0.8656995750156841
25928,LOF,0.02481869919464596,0.02507019774109608,0.950111103064258
25929,Neutral,0.5562428374173306,0.02537419090229182,0.4183829716803775
25930,LOF,0.06790461720039358,0.01688854378601062,0.9152068390135958
25931,LOF,0.03342922839022988,0.019881363536697356,0.9466894080730728
25932,LOF,0.03176542719544141,0.016394370995469823,0.9518402018090887
25933,LOF,0.039874094444951595,0.01150079494946345,0.9486251106055849
25934,LOF,0.026610046398522214,0.01282061081863392,0.9605693427828439
25935,LOF,0.07364267501129779,0.03282379860855951,0.8935335263801427
25936,LOF,0.0475029274136473,0.01798113784211919,0.9345159347442334
25937,LOF,0.03632800264551551,0.02578443790700171,0.9378875594474827
25938,LOF,0.06905345775346765,0.03675714803997663,0.8941893942065557
25939,LOF,0.043778941703759316,0.012557076190594946,0.9436639821056457
25940,LOF,0.02377678727895271,0.40078562466659495,0.5754375880544523
25941,LOF,0.14603443728047785,0.08209768039428776,0.7718678823252344
25942,LOF,0.012757817830775457,0.03602615644445561,0.9512160257247689
25943,LOF,0.30724643763276577,0.07154246101293044,0.6212111013543038
25944,Neutral,0.5228802950211879,0.04271531245307286,0.4344043925257392
25945,LOF,0.060805447681703956,0.027597078308783198,0.9115974740095129
25946,LOF,0.0351363815496285,0.13076457093471214,0.8340990475156593
25947,LOF,0.12168203733200804,0.16938033894304375,0.7089376237249482
25948,LOF,0.4321430109520902,0.013182405849368282,0.5546745831985415
25949,LOF,0.07670393532724319,0.06831413320937732,0.8549819314633795
25950,GOF,0.2587867954756441,0.46315207300095657,0.27806113152339923
25951,LOF,0.33073238012168443,0.23033445194177937,0.4389331679365362
25952,GOF,0.06501723522476213,0.5173775587341768,0.417605206041061
25953,LOF,0.15870995268977642,0.1386680274358303,0.7026220198743933
25954,Neutral,0.36656335120328154,0.2780140981653346,0.3554225506313839
25955,LOF,0.061751400415296885,0.09527449674397577,0.8429741028407274
25956,LOF,0.21632680785310082,0.05842704609231996,0.7252461460545792
25957,LOF,0.050318493652627645,0.02306066030444864,0.9266208460429238
25958,LOF,0.06020223936651438,0.034540413613041575,0.905257347020444
25959,LOF,0.06194936731940641,0.437859062516992,0.5001915701636015
25960,LOF,0.019273436406308846,0.060494413446805714,0.9202321501468854
25961,LOF,0.049710142735019495,0.04462860235981864,0.9056612549051619
25962,LOF,0.06124083856923622,0.03634833566504053,0.9024108257657232
25963,LOF,0.06349549741518135,0.1813199988524637,0.755184503732355
25964,LOF,0.03574578223819864,0.16100326675979018,0.8032509510020112
25965,LOF,0.43383756567132553,0.09133197653343406,0.4748304577952404
25966,Neutral,0.37075983359681597,0.3186621005953254,0.3105780658078586
25967,LOF,0.014394935160723979,0.1127372010678816,0.8728678637713944
25968,LOF,0.0398905528611519,0.47215082412538345,0.48795862301346465
25969,LOF,0.026177596431211928,0.06639456179742573,0.9074278417713623
25970,LOF,0.06117270164275587,0.05040915744256599,0.8884181409146781
25971,LOF,0.08261208431642729,0.022617044135901983,0.8947708715476708
25972,LOF,0.08039651074175314,0.03470872506544463,0.8848947641928022
25973,LOF,0.0804126392911022,0.00997445865732575,0.909612902051572
25974,LOF,0.25770634754749977,0.017613008382974166,0.724680644069526
25975,LOF,0.053283588671858007,0.03200420206140877,0.9147122092667331
25976,LOF,0.03560124602238562,0.025081189711698714,0.9393175642659156
25977,LOF,0.13575246808711242,0.12292675087228375,0.7413207810406038
25978,LOF,0.11615200028184734,0.12306866873457488,0.7607793309835778
25979,LOF,0.11583004884173695,0.11204676162366325,0.7721231895345999
25980,LOF,0.14599330515529962,0.16659055791472768,0.6874161369299727
25981,LOF,0.17837345747887604,0.16144295548649645,0.6601835870346275
25982,LOF,0.3646650418218737,0.11358228924957886,0.5217526689285474
25983,LOF,0.35762872869214285,0.10883173169500306,0.5335395396128542
25984,LOF,0.05885982284581112,0.09895670077099573,0.8421834763831932
25985,LOF,0.020137522757376885,0.34043897953853186,0.6394234977040912
25986,LOF,0.028146175845089258,0.3218977267167192,0.6499560974381915
25987,LOF,0.09085286870537788,0.11810117050878303,0.7910459607858391
25988,LOF,0.12326662741745571,0.09121252527099039,0.7855208473115538
25989,LOF,0.028321841922461857,0.1639048352862447,0.8077733227912933
25990,LOF,0.040351123383953934,0.14022040877964786,0.8194284678363981
25991,GOF,0.1123865264125046,0.46140609605710536,0.42620737753039
25992,LOF,0.2745934133610166,0.31322307134887933,0.4121835152901041
25993,LOF,0.023483038840226535,0.12083902183215978,0.8556779393276136
25994,LOF,0.01637383265413474,0.14246777455713544,0.84115839278873
25995,LOF,0.024948729646669134,0.1932489707268217,0.781802299626509
25996,GOF,0.1753178449533262,0.5817438831373288,0.24293827190934483
25997,GOF,0.06801677261963998,0.5730243355654012,0.3589588918149588
25998,Neutral,0.5691006730816842,0.026675242697173834,0.40422408422114203
25999,LOF,0.13984034680497143,0.13500211151255254,0.725157541682476
26000,LOF,0.12129005584087063,0.030905174783682713,0.8478047693754466
26001,LOF,0.19811550597244368,0.02922310508797822,0.772661388939578
26002,LOF,0.14834081323412626,0.02951738367799712,0.8221418030878767
26003,GOF,0.009703953750942105,0.6724553701573622,0.31784067609169575
26004,GOF,0.023290719556516005,0.7368940332795767,0.23981524716390737
26005,GOF,0.00907388228492306,0.5866871371831386,0.40423898053193846
26006,Neutral,0.5088398076568309,0.3145711847875972,0.176589007555572
26007,GOF,0.017910299374715114,0.6237870955650316,0.35830260506025324
26008,GOF,0.02327868205065919,0.6242529683153552,0.3524683496339857
26009,GOF,0.02946001049029275,0.6876498184688719,0.28289017104083536
26010,GOF,0.022442948188208037,0.7584320002208016,0.21912505159099038
26011,GOF,0.009090418921479972,0.5439697388154577,0.4469398422630623
26012,GOF,0.01937648674397761,0.622858562502666,0.3577649507533564
26013,GOF,0.01933703226341798,0.6837239070741187,0.29693906066246345
26014,LOF,0.03577370414338224,0.2253291178636753,0.7388971779929425
26015,LOF,0.20285434980379619,0.009032634589258837,0.788113015606945
26016,LOF,0.24555140578458687,0.04285066295712975,0.7115979312582834
26017,LOF,0.1719627250213852,0.09644770670811743,0.7315895682704974
26018,LOF,0.07415679038341243,0.03098534891236805,0.8948578607042196
26019,LOF,0.07352429586317213,0.023948910932220197,0.9025267932046077
26020,LOF,0.05137586931964376,0.11620295631652036,0.8324211743638359
26021,LOF,0.051127339409048414,0.15091408408300663,0.7979585765079449
26022,LOF,0.009119294962989717,0.06904584898968208,0.9218348560473283
26023,LOF,0.10509885391285492,0.021583714212793845,0.8733174318743512
26024,LOF,0.02717798202443455,0.1246348434103835,0.848187174565182
26025,LOF,0.13050935582607923,0.08685733726802797,0.7826333069058927
26026,LOF,0.3133971769447921,0.014841550014134326,0.6717612730410736
26027,LOF,0.07192230078404219,0.016407463608100643,0.9116702356078572
26028,LOF,0.1778224867734723,0.09319973653386791,0.72897777669266
26029,LOF,0.1097773729240481,0.16289886153565303,0.7273237655402989
26030,LOF,0.03293489772462398,0.07495221674979875,0.8921128855255772
26031,LOF,0.04096704638515839,0.133431534704028,0.8256014189108136
26032,LOF,0.08092803781270162,0.062182215962168906,0.8568897462251295
26033,LOF,0.13889922806155333,0.06771504812266632,0.7933857238157804
26034,LOF,0.06471833108493437,0.12798838441974136,0.8072932844953242
26035,LOF,0.04087902721256896,0.11814172928228155,0.8409792435051495
26036,LOF,0.06128449437675873,0.13991612388513402,0.7987993817381073
26037,LOF,0.03211740130500171,0.10807846604499492,0.8598041326500034
26038,LOF,0.07500814742839133,0.055146450694220715,0.8698454018773879
26039,LOF,0.0812294218737617,0.11896388850815245,0.7998066896180858
26040,LOF,0.22082006165447474,0.09623850634642257,0.6829414319991027
26041,LOF,0.03225719059997401,0.09929931185291857,0.8684434975471074
26042,LOF,0.03161110256796789,0.10377030425786919,0.864618593174163
26043,LOF,0.07212966976638757,0.0739344469705432,0.8539358832630692
26044,LOF,0.02917405272595543,0.07621081640208296,0.8946151308719617
26045,LOF,0.0959597247304296,0.08807764793395534,0.8159626273356151
26046,LOF,0.07628312874607762,0.07792086253147791,0.8457960087224445
26047,LOF,0.10787718306897932,0.0889136749410153,0.8032091419900054
26048,LOF,0.056679483518991734,0.056775843681045,0.8865446727999633
26049,Neutral,0.9531104463408732,0.009968768889789498,0.03692078476933745
26050,Neutral,0.9382085556430676,0.011059282108184085,0.050732162248748415
26051,LOF,0.04336712195379347,0.46506605047561717,0.4915668275705893
26052,GOF,0.05852496820299084,0.4961472832377328,0.4453277485592763
26053,LOF,0.05841275785832895,0.23131283564777583,0.7102744064938952
26054,LOF,0.06003987975517032,0.0447395716895058,0.895220548555324
26055,LOF,0.07828898488929875,0.03598091782302389,0.8857300972876775
26056,LOF,0.06695889861538391,0.04338218641246322,0.8896589149721529
26057,LOF,0.033784989696896944,0.020026192159609393,0.9461888181434936
26058,LOF,0.03390402785302024,0.017695431074771614,0.9484005410722083
26059,LOF,0.2749246591788405,0.055975429496562826,0.6690999113245967
26060,LOF,0.02680423546512697,0.33377217933827996,0.639423585196593
26061,LOF,0.01863837599296557,0.02330691471580241,0.9580547092912319
26062,LOF,0.012271454378142957,0.03765441177558713,0.9500741338462699
26063,LOF,0.023058675210325306,0.0202305695029715,0.9567107552867032
26064,LOF,0.027020267044367764,0.021361679887843616,0.9516180530677886
26065,LOF,0.027172078248572745,0.02263698218722484,0.9501909395642024
26066,LOF,0.02102047824694514,0.022053219524845374,0.9569263022282094
26067,LOF,0.02688827903978136,0.016460341137653062,0.9566513798225655
26068,LOF,0.0506491875205896,0.05734151352459717,0.8920092989548132
26069,LOF,0.27986619274386215,0.04057513808583794,0.6795586691703
26070,LOF,0.39088338467690703,0.02627123891453579,0.5828453764085572
26071,LOF,0.02318880485296198,0.02596685604620213,0.9508443391008359
26072,LOF,0.02571696856006331,0.035151360397506916,0.9391316710424298
26073,LOF,0.024406735167999127,0.020136785351632908,0.9554564794803679
26074,Neutral,0.9258000968093362,0.007831489526873596,0.06636841366379033
26075,LOF,0.045713628337863244,0.029708873120053107,0.9245774985420836
26076,LOF,0.04289106444867462,0.016545620852363312,0.9405633146989621
26077,LOF,0.00938438770027719,0.037138410955131866,0.9534772013445909
26078,LOF,0.015606100079429279,0.02202325798941257,0.9623706419311581
26079,LOF,0.05498032127775728,0.03361640127891254,0.9114032774433303
26080,LOF,0.05492719047128818,0.0336478286972309,0.9114249808314809
26081,LOF,0.03867343334700411,0.013310102305946554,0.9480164643470493
26082,LOF,0.01952563104621379,0.037538188211477835,0.9429361807423083
26083,LOF,0.1464232016948703,0.023148068656988176,0.8304287296481415
26084,LOF,0.026600480011954687,0.033603421380560675,0.9397960986074846
26085,LOF,0.02280679123606201,0.029901999656460978,0.947291209107477
26086,LOF,0.024151598094081034,0.023045067652541933,0.9528033342533772
26087,LOF,0.02525650953863918,0.01582822879455767,0.9589152616668031
26088,LOF,0.020828563932014484,0.039072657349868235,0.9400987787181173
26089,LOF,0.04974109787323331,0.0408479890333134,0.9094109130934533
26090,LOF,0.04794368054298837,0.03318076660228104,0.9188755528547307
26091,LOF,0.04103290638564601,0.011046119199867532,0.9479209744144864
26092,LOF,0.030808919846111605,0.01766601091677843,0.95152506923711
26093,LOF,0.04299801164119262,0.011228537482729072,0.9457734508760783
26094,LOF,0.05012890720178059,0.010392146794597823,0.9394789460036216
26095,LOF,0.0555870330419173,0.03097487650364862,0.9134380904544341
26096,LOF,0.01760342844729843,0.02452694796305186,0.9578696235896497
26097,LOF,0.010861120106833287,0.08183294207794102,0.9073059378152256
26098,LOF,0.07068273617945871,0.030424368179013266,0.8988928956415281
26099,LOF,0.026713518995552663,0.030350474436038152,0.9429360065684091
26100,LOF,0.028066825334784076,0.0278868406694353,0.9440463339957806
26101,LOF,0.05857226196697093,0.02592747696435238,0.9155002610686767
26102,LOF,0.028332341578475664,0.02180483484265657,0.9498628235788678
26103,Neutral,0.887109052353079,0.037244704935970416,0.07564624271095054
26104,LOF,0.07047745758040136,0.05427168672440839,0.8752508556951902
26105,LOF,0.20096341943637241,0.29092786113537283,0.5081087194282548
26106,LOF,0.17307660810818143,0.14924650262873093,0.6776768892630876
26107,LOF,0.22427540768934925,0.1298062848692703,0.6459183074413805
26108,LOF,0.24272812923489367,0.15830792154684672,0.5989639492182597
26109,LOF,0.05675346900514209,0.15766396957126766,0.7855825614235902
26110,LOF,0.27974035943300163,0.009186081213583022,0.7110735593534153
26111,LOF,0.46887645244062465,0.019797223339115856,0.5113263242202595
26112,LOF,0.03778041265687897,0.01049181854119543,0.9517277688019257
26113,LOF,0.05471422539749384,0.01740538904475439,0.9278803855577518
26114,LOF,0.018231230028155108,0.033135904224282135,0.9486328657475627
26115,LOF,0.08486602707255511,0.053168916588481864,0.861965056338963
26116,LOF,0.045277786379539664,0.06344015713170595,0.8912820564887545
26117,LOF,0.3673448383323093,0.07104119608963243,0.5616139655780582
26118,LOF,0.03614461850617119,0.042250784511374866,0.9216045969824539
26119,LOF,0.021495446677210688,0.05876536459835074,0.9197391887244386
26120,LOF,0.029519398873397086,0.029436876520641937,0.9410437246059609
26121,LOF,0.06749168509325401,0.09943520571251158,0.8330731091942345
26122,LOF,0.06662677835904195,0.04778822944210994,0.8855849921988481
