feature0,prediction,LoGoFunc_Neutral,LoGoFunc_GOF,LoGoFunc_LOF
25546,Neutral,0.5693643587843632,0.15809130279317962,0.2725443384224572
25547,Neutral,0.45534967879804794,0.23012153988455222,0.3145287813173999
25548,LOF,0.37738261557899816,0.24074384794078532,0.3818735364802165
25549,LOF,0.3298194312413357,0.24560261172388045,0.4245779570347838
25550,LOF,0.3210737120130907,0.24199491823801728,0.436931369748892
25551,LOF,0.24498822192682007,0.2307754769992036,0.5242363010739762
25552,LOF,0.22524523413616587,0.2714143991458425,0.5033403667179916
25553,Neutral,0.7366806251239505,0.10827510667391958,0.15504426820212983
25554,LOF,0.2581000986169713,0.20701260399689791,0.5348872973861308
25555,LOF,0.2077492079304045,0.20426194435854783,0.5879888477110476
25556,LOF,0.37138535572991965,0.19305332172651224,0.43556132254356805
25557,LOF,0.18716049312399374,0.2395389304960718,0.5733005763799345
25558,LOF,0.23729591150587603,0.2501953588502465,0.5125087296438775
25559,LOF,0.2259061456680041,0.07743732512040451,0.6966565292115914
25560,LOF,0.06323966757273193,0.19019390945994236,0.7465664229673257
25561,LOF,0.04948306361762661,0.32375083223036116,0.6267661041520122
25562,LOF,0.035926298345320164,0.1140401674850367,0.8500335341696431
25563,LOF,0.007106855555655687,0.2258493036780608,0.7670438407662835
25564,LOF,0.06452802157156304,0.05845138535617279,0.8770205930722642
25565,LOF,0.16363843108558526,0.11924358995599292,0.7171179789584218
25566,GOF,0.0780653364477074,0.6493722641060792,0.2725623994462135
25567,LOF,0.041485971124559734,0.09362486326670168,0.8648891656087386
25568,LOF,0.07994269824019468,0.06932829059987948,0.8507290111599257
25569,LOF,0.0765983188760655,0.0607076785009595,0.862694002622975
25570,LOF,0.025730899680134145,0.08903274237747015,0.8852363579423957
25571,LOF,0.02548973378748158,0.08136619811082664,0.8931440681016919
25572,LOF,0.04562648672055108,0.0710445937302083,0.8833289195492406
25573,LOF,0.08156051661631279,0.10345049890105722,0.8149889844826301
25574,LOF,0.10984418820698762,0.2161964840810758,0.6739593277119367
25575,LOF,0.02547103405247522,0.09060668946846874,0.8839222764790561
25576,LOF,0.023675794305867297,0.1027666272697587,0.873557578424374
25577,LOF,0.03067198596612176,0.07421225311112299,0.8951157609227554
25578,LOF,0.304602689551982,0.07763346585926025,0.6177638445887578
25579,LOF,0.30472089107338757,0.07539430015160957,0.6198848087750028
25580,LOF,0.029574134969734003,0.07631047688475578,0.8941153881455102
25581,LOF,0.04390228735486771,0.10946013038266235,0.84663758226247
25582,LOF,0.04390228735486771,0.10946013038266235,0.84663758226247
25583,LOF,0.031045379540568106,0.07907418939919882,0.8898804310602332
25584,Neutral,0.8039445310854302,0.050191572343103764,0.14586389657146612
25585,LOF,0.02535421765449393,0.07075109132608579,0.9038946910194203
25586,LOF,0.026372558055979302,0.0818642648735023,0.8917631770705183
25587,LOF,0.0271850434852118,0.08630956535102867,0.8865053911637595
25588,LOF,0.03197823152180135,0.06238933009769954,0.9056324383804991
25589,Neutral,0.6768632538789991,0.13053514601643743,0.1926016001045635
25590,LOF,0.07230063367342798,0.07137273259621696,0.8563266337303551
25591,LOF,0.13309140869610595,0.051782840718742,0.8151257505851521
25592,LOF,0.10506089419304322,0.1491779507361556,0.7457611550708012
25593,LOF,0.14208574319473066,0.2968171967889011,0.5610970600163683
25594,LOF,0.04786678694782028,0.06057700304693065,0.8915562100052491
25595,LOF,0.056740588220007666,0.03547728269281371,0.9077821290871786
25596,LOF,0.1532015998208821,0.01443260135338001,0.8323657988257379
25597,LOF,0.11030501339174618,0.00763541430081101,0.8820595723074428
25598,LOF,0.05536788059098962,0.03618363331014707,0.9084484860988634
25599,GOF,0.0291080227301413,0.530504377177292,0.44038760009256667
25600,GOF,0.18663217364229828,0.48091363057578024,0.33245419578192154
25601,LOF,0.05391172770930512,0.2722305184993284,0.6738577537913665
25602,LOF,0.05360360648164595,0.07075192750322712,0.8756444660151269
25603,LOF,0.07379613070340722,0.04738003735460621,0.8788238319419864
25604,LOF,0.07560216958270352,0.1409033255776442,0.7834945048396523
25605,LOF,0.10222944209857325,0.1839626013007874,0.7138079566006393
25606,Neutral,0.5763923878566369,0.2065671310298177,0.21704048111354537
25607,LOF,0.04900923345215174,0.15934686559471747,0.7916439009531308
25608,LOF,0.06538773785519164,0.09987969479838779,0.8347325673464205
25609,GOF,0.1618831404042318,0.5541211155444954,0.2839957440512727
25610,LOF,0.014289400350880742,0.11726280985680872,0.8684477897923106
25611,LOF,0.013823040045170248,0.1149530276508777,0.8712239323039521
25612,LOF,0.05864777698032672,0.10303995667828875,0.8383122663413846
25613,LOF,0.0561949149550614,0.10651975399295968,0.8372853310519789
25614,LOF,0.021893114579058313,0.12434571517855858,0.8537611702423831
25615,LOF,0.0496575100151477,0.12917001961062502,0.8211724703742272
25616,LOF,0.053900807408457624,0.10757861168544154,0.8385205809061008
25617,LOF,0.05283836726413989,0.11327979563425142,0.8338818371016088
25618,LOF,0.04717085310057343,0.4369853598142533,0.5158437870851733
25619,LOF,0.012567078429157157,0.24302589055825946,0.7444070310125834
25620,LOF,0.04856519387123109,0.10920535372624578,0.8422294524025232
25621,LOF,0.07588816955512485,0.11239437432153233,0.8117174561233428
25622,LOF,0.079469695781409,0.09097030854607066,0.8295599956725204
25623,LOF,0.05798101364031804,0.09158341130599279,0.8504355750536892
25624,LOF,0.021195567605782225,0.15313572247452165,0.8256687099196961
25625,LOF,0.05649563424644883,0.07268086757107126,0.87082349818248
25626,LOF,0.03568000575965123,0.07149117056073753,0.8928288236796114
25627,Neutral,0.8624007025255069,0.04127704755771098,0.09632224991678197
25628,LOF,0.17039517656002418,0.09919803531882895,0.7304067881211469
25629,LOF,0.06619531387031864,0.09646581545753326,0.8373388706721482
25630,LOF,0.2364236431586063,0.08320961523371803,0.6803667416076757
25631,LOF,0.45856475755402165,0.07165946193168855,0.46977578051428986
25632,LOF,0.024655488898947888,0.034032562258407194,0.9413119488426449
25633,LOF,0.2770908548605837,0.019727085548756858,0.7031820595906594
25634,LOF,0.060169445336050925,0.030743969140128124,0.909086585523821
25635,LOF,0.03471344229622416,0.019663526591502348,0.9456230311122735
25636,GOF,0.03110974997440089,0.6719435526817664,0.29694669734383267
25637,GOF,0.034164715573993025,0.5316778905388785,0.43415739388712843
25638,GOF,0.020845015617004293,0.6352116285422862,0.3439433558407096
25639,LOF,0.025367663129011925,0.43634957661969054,0.5382827602512975
25640,Neutral,0.8770057496788981,0.08452576010381078,0.038468490217291124
25641,LOF,0.11918747842318392,0.31088386546490504,0.5699286561119111
25642,LOF,0.1200519655780588,0.1927522576419742,0.687195776779967
25643,LOF,0.37365211607216603,0.15481159640889045,0.4715362875189435
25644,GOF,0.007879338293023359,0.501663392169008,0.49045726953796864
25645,LOF,0.011577123662099365,0.44600947134794966,0.5424134049899509
25646,LOF,0.017290109902848995,0.28563918557562323,0.6970707045215278
25647,LOF,0.010814407513798899,0.21227469443841793,0.7769108980477831
25648,LOF,0.014058178726287876,0.25792127920211416,0.7280205420715979
25649,LOF,0.008488710994022345,0.14705900658885782,0.8444522824171198
25650,LOF,0.022193977055304754,0.4467254858879615,0.5310805370567337
25651,LOF,0.008012697388075592,0.23763075788870325,0.7543565447232211
25652,LOF,0.0061014828376585685,0.3988617746094848,0.5950367425528568
25653,LOF,0.019521435918352523,0.488470222739502,0.49200834134214555
25654,LOF,0.006796435970989138,0.3686380156954413,0.6245655483335696
25655,GOF,0.06344897387475021,0.6446972612319908,0.29185376489325887
25656,LOF,0.21860641926607974,0.344544638539572,0.4368489421943482
25657,LOF,0.025400175407982308,0.39038027196915276,0.584219552622865
25658,LOF,0.1507700001030231,0.4121909239326255,0.4370390759643514
25659,GOF,0.21563352495707236,0.5570875465162922,0.22727892852663548
25660,LOF,0.01603466474034553,0.31278149396917065,0.6711838412904838
25661,LOF,0.0517118239666272,0.2270768623722948,0.7212113136610779
25662,LOF,0.021542949335887903,0.12866696379326467,0.8497900868708473
25663,LOF,0.020518909803503186,0.10577798894620624,0.8737031012502906
25664,LOF,0.06292360247670961,0.20386802291661651,0.7332083746066738
25665,LOF,0.03671512768605995,0.11218193663643544,0.8511029356775046
25666,LOF,0.055882190044632185,0.14619508299311523,0.7979227269622524
25667,LOF,0.053187648088977635,0.16004190237476532,0.7867704495362571
25668,LOF,0.019126104073847322,0.17509698430537848,0.8057769116207741
25669,LOF,0.018262907082908036,0.17996338204210852,0.8017737108749834
25670,LOF,0.08569319398676721,0.11873288554032947,0.7955739204729032
25671,LOF,0.08161932692714445,0.09598489759726342,0.8223957754755922
25672,LOF,0.032446897915681096,0.1690101215575869,0.798542980526732
25673,LOF,0.0680046315633089,0.12145179035412143,0.8105435780825697
25674,LOF,0.05919272477897901,0.1550904178322669,0.7857168573887542
25675,LOF,0.05419701537784115,0.1743934113992682,0.7714095732228906
25676,LOF,0.016048611207609104,0.1502415881373881,0.8337098006550028
25677,LOF,0.014789066496989533,0.22517963778282998,0.7600312957201806
25678,LOF,0.1524727152748404,0.21079834792805746,0.6367289367971022
25679,LOF,0.10924574690228649,0.16335315915557483,0.7274010939421386
25680,LOF,0.01576109792711803,0.2914920283263512,0.6927468737465308
25681,LOF,0.025703076871943422,0.2600409833131466,0.71425593981491
25682,LOF,0.060816574924112424,0.1558506178359044,0.7833328072399832
25683,LOF,0.06197995392504187,0.12998609403603342,0.8080339520389248
25684,LOF,0.020921039876343868,0.17243728408919567,0.8066416760344604
25685,LOF,0.08633648311123389,0.21857611247865277,0.6950874044101133
25686,LOF,0.03832531852227677,0.34091562082993654,0.6207590606477867
25687,LOF,0.06192601940870104,0.32300790887865843,0.6150660717126406
25688,LOF,0.3942280582316745,0.04081387008256894,0.5649580716857565
25689,LOF,0.20220954019153797,0.039034945754152596,0.7587555140543094
25690,LOF,0.30685381864046307,0.0440486129179796,0.6490975684415573
25691,Neutral,0.7037188930602158,0.04678678209361783,0.24949432484616618
25692,LOF,0.37107005997031556,0.017568201636340867,0.6113617383933435
25693,GOF,0.07862758327842005,0.49199158947249194,0.4293808272490879
25694,LOF,0.0966738232614102,0.025548233726254768,0.877777943012335
25695,LOF,0.10506193703617377,0.01662416808870889,0.8783138948751174
25696,LOF,0.10727755187853708,0.02928578476399953,0.8634366633574634
25697,LOF,0.05213967992692453,0.22575524042785663,0.7221050796452189
25698,LOF,0.3266710142185464,0.17410932500566295,0.49921966077579066
25699,LOF,0.36590932983080793,0.259436104323092,0.3746545658461
25700,LOF,0.07094407435763934,0.042167761602053,0.8868881640403076
25701,LOF,0.15383835809020036,0.15624722573074262,0.6899144161790569
25702,GOF,0.14593185178918483,0.7726771436340226,0.08139100457679262
25703,LOF,0.010948784603987086,0.3822178707776055,0.6068333446184074
25704,LOF,0.01828356562353465,0.2860510983614953,0.69566533601497
25705,LOF,0.02549114976722041,0.1669293741962389,0.8075794760365407
25706,GOF,0.1292239307058854,0.4381792860779851,0.4325967832161296
25707,LOF,0.11538754902627256,0.40775927631304376,0.4768531746606836
25708,GOF,0.05747357628995698,0.47565801906102545,0.4668684046490176
25709,LOF,0.06856827203498898,0.10539068168632675,0.8260410462786842
25710,LOF,0.018748605351914485,0.14466374020453215,0.8365876544435533
25711,LOF,0.019517987610288706,0.14992760295792756,0.8305544094317837
25712,LOF,0.016954250830183454,0.19008425963695957,0.7929614895328571
25713,LOF,0.021275981464043657,0.1511143936043396,0.8276096249316167
25714,LOF,0.07262353806435372,0.16109033091785233,0.766286131017794
25715,LOF,0.01428620063399673,0.20990335269683663,0.7758104466691667
25716,LOF,0.01397774466796515,0.12276571267626209,0.8632565426557728
25717,LOF,0.017995684375389887,0.08082986300681276,0.9011744526177974
25718,LOF,0.01385627243548567,0.10437702988933771,0.8817666976751767
25719,LOF,0.021466666195507533,0.16201670427233936,0.816516629532153
25720,LOF,0.026725999277896584,0.0904990781244542,0.8827749225976493
25721,LOF,0.013529179168160885,0.18939890035847795,0.7970719204733612
25722,LOF,0.014937473409150142,0.1840642811967251,0.8009982453941247
25723,LOF,0.024382885592929865,0.13490313781172686,0.8407139765953432
25724,LOF,0.05296612486384684,0.32467529392600536,0.6223585812101479
25725,LOF,0.013640250040299565,0.18233292700442127,0.8040268229552793
25726,LOF,0.014416885728858212,0.18015051670874402,0.8054325975623977
25727,LOF,0.01696812669077896,0.16397850110047907,0.819053372208742
25728,LOF,0.0135804833542355,0.2045208115497609,0.7818987050960037
25729,LOF,0.014089664066781882,0.21066121501770013,0.775249120915518
25730,LOF,0.014951127703214176,0.2080874771496234,0.7769613951471624
25731,LOF,0.015492687151730649,0.12308268977056311,0.8614246230777063
25732,LOF,0.014441600773810181,0.08898449182385741,0.8965739074023323
25733,LOF,0.013529361903911552,0.1048544080389069,0.8816162300571815
25734,LOF,0.01846776353579312,0.142983334493449,0.8385489019707579
25735,LOF,0.013793457223135127,0.11707563452306315,0.8691309082538017
25736,LOF,0.013062802005577261,0.12362656687196825,0.8633106311224545
25737,LOF,0.014819342487324196,0.1593376724836269,0.8258429850290488
25738,LOF,0.015341138639840192,0.1817820852929578,0.802876776067202
25739,LOF,0.020963945801046966,0.14727865785296765,0.8317573963459854
25740,LOF,0.037351540398117014,0.173880226634461,0.7887682329674219
25741,LOF,0.018788044087440253,0.19501992074162003,0.7861920351709398
25742,LOF,0.10070722336671761,0.11613203544042479,0.7831607411928576
25743,LOF,0.027799948216619033,0.04959101833289451,0.9226090334504865
25744,Neutral,0.5630205106444913,0.2642900167194907,0.17268947263601805
25745,LOF,0.04288720776630472,0.16669100704485987,0.7904217851888355
25746,LOF,0.024959512651345744,0.22218641520185153,0.7528540721468027
25747,LOF,0.014394138909889737,0.128328930073338,0.8572769310167723
25748,LOF,0.07419735968579147,0.23224491434927202,0.6935577259649366
25749,LOF,0.015990487520224222,0.2156420149284451,0.7683674975513307
25750,LOF,0.03558971118908363,0.18444573058296773,0.7799645582279486
25751,LOF,0.09488907745506833,0.21027786121148584,0.6948330613334459
25752,GOF,0.08941784641975875,0.7310008091399108,0.1795813444403306
25753,LOF,0.018218489061013005,0.4117217320101362,0.5700597789288508
25754,GOF,0.020825011754762243,0.7276293615923266,0.2515456266529113
25755,LOF,0.023993050914150063,0.3643579578253021,0.6116489912605478
25756,GOF,0.030759894440886316,0.5168117739219874,0.4524283316371262
25757,GOF,0.014660065163379962,0.8575650170393055,0.1277749177973144
25758,GOF,0.027307566717919594,0.8463568998393,0.1263355334427805
25759,GOF,0.016369339528224024,0.7060642834474935,0.27756637702428255
25760,LOF,0.01734814313455434,0.4031495557150165,0.5795023011504291
25761,GOF,0.218270850706871,0.7145357631051612,0.06719338618796787
25762,LOF,0.03695066670955536,0.43591395319546145,0.5271353800949832
25763,LOF,0.014628790230624716,0.2875062408937357,0.6978649688756395
25764,GOF,0.06463926091712786,0.7792580281494675,0.15610271093340455
25765,GOF,0.03227940627196443,0.807188480044011,0.16053211368402442
25766,GOF,0.05825821950774504,0.851724311076738,0.09001746941551689
25767,GOF,0.07252110433660003,0.6944575032543583,0.23302139240904168
25768,LOF,0.07656756993011679,0.11163828129785106,0.8117941487720322
25769,LOF,0.05238988945105038,0.06629902319234014,0.8813110873566095
25770,LOF,0.3084143917417877,0.061651578835444115,0.6299340294227683
25771,LOF,0.06053478252402518,0.03375227440906389,0.9057129430669109
25772,LOF,0.016674870556784654,0.05394039357332233,0.929384735869893
25773,LOF,0.0650448715704585,0.02647092952758595,0.9084841989019555
25774,LOF,0.033639088510474556,0.08969505211954615,0.8766658593699792
25775,LOF,0.07632959499766315,0.025576383405635315,0.8980940215967015
25776,LOF,0.06638719993222338,0.03205392910183514,0.9015588709659415
25777,LOF,0.4467869087707784,0.033868374287906705,0.5193447169413148
25778,LOF,0.05479828404051585,0.05300211160259667,0.8921996043568875
25779,Neutral,0.5157508596391375,0.3495754709998896,0.134673669360973
25780,Neutral,0.4679650241294152,0.2943679537026947,0.2376670221678901
25781,GOF,0.17281024273646076,0.5024676362081398,0.3247221210553994
25782,GOF,0.2661149392612857,0.44842773049958956,0.28545733023912473
25783,GOF,0.034649165276983834,0.5412193516695314,0.42413148305348497
25784,Neutral,0.6736597898461258,0.192243990264454,0.1340962198894201
25785,Neutral,0.6976662512573678,0.10256643820862227,0.19976731053400998
25786,LOF,0.03566280882953927,0.4673188447438007,0.4970183464266602
25787,Neutral,0.8345371305738122,0.060678463680109054,0.10478440574607888
25788,LOF,0.0684996729677226,0.028364843971322353,0.9031354830609551
25789,GOF,0.30170655813719327,0.3901520340540401,0.30814140780876664
25790,LOF,0.28260859309686565,0.3457946639507951,0.3715967429523392
25791,LOF,0.2095844748704342,0.3446874933702622,0.4457280317593036
25792,Neutral,0.4557679554894472,0.2014699236991157,0.34276212081143714
25793,LOF,0.26167577862948227,0.22369780776861317,0.5146264136019046
25794,Neutral,0.41398795402080624,0.25030440087509,0.3357076451041039
25795,LOF,0.08201331296836095,0.4184855966749389,0.49950109035670015
25796,Neutral,0.6234398116733607,0.1480622308952564,0.22849795743138285
25797,LOF,0.1022166225226744,0.2992221584092646,0.5985612190680609
25798,LOF,0.015214880499784651,0.32708201621530886,0.6577031032849066
25799,LOF,0.013408792446884052,0.30835097915189724,0.6782402284012187
25800,LOF,0.05149012786788349,0.4064834100307806,0.542026462101336
25801,GOF,0.2967402403864416,0.3935665186059076,0.3096932410076508
25802,LOF,0.07284446585241834,0.42389418444415794,0.5032613497034237
25803,LOF,0.053034270933743105,0.364633505304872,0.5823322237613849
25804,LOF,0.04429104329999303,0.39198805638947715,0.5637209003105298
25805,LOF,0.1158412636755895,0.43609397254357,0.4480647637808404
25806,LOF,0.13643343369030367,0.3919892792813614,0.47157728702833485
25807,LOF,0.024551897590043836,0.39555718537218004,0.5798909170377762
25808,LOF,0.12346695233361617,0.35174947831471987,0.5247835693516639
25809,LOF,0.02488345352605063,0.3384541500026352,0.6366623964713142
25810,LOF,0.02998799277110804,0.33350379656902773,0.6365082106598642
25811,Neutral,0.6508769471933048,0.19859490910057723,0.15052814370611786
25812,LOF,0.055161310452372436,0.3344347941685101,0.6104038953791174
25813,Neutral,0.6761993689080176,0.08193530351278738,0.24186532757919516
25814,LOF,0.19940441910517676,0.34289262455693836,0.4577029563378848
25815,Neutral,0.3758187026302049,0.26571078993832986,0.3584705074314652
25816,LOF,0.023988168981016838,0.3638179775073468,0.6121938535116365
25817,GOF,0.3162869197181792,0.3971252191362083,0.2865878611456125
25818,LOF,0.04544848395199587,0.3148146925485685,0.6397368234994356
25819,Neutral,0.42002254864893473,0.2432104363229053,0.33676701502816
25820,LOF,0.2486520508444524,0.32972373137120864,0.4216242177843389
25821,LOF,0.08488136973905101,0.4117142431045139,0.5034043871564351
25822,LOF,0.30834943958567657,0.2757881503025296,0.4158624101117938
25823,LOF,0.05000262349855631,0.40010801457217093,0.5498893619292728
25824,LOF,0.12771489521259352,0.2877835524839466,0.5845015523034599
25825,LOF,0.05065755262523753,0.3083299663574557,0.6410124810173068
25826,LOF,0.01604610774164386,0.3428176149304472,0.6411362773279089
25827,LOF,0.027165501601917795,0.42042661361030537,0.5524078847877768
25828,LOF,0.019986900704269905,0.3544549993379225,0.6255580999578075
25829,LOF,0.010454286267875163,0.37579781606331386,0.613747897668811
25830,LOF,0.03946817994650409,0.0553494839389779,0.9051823361145179
25831,GOF,0.24406116101472364,0.4791929845873258,0.2767458543979507
25832,LOF,0.041191434231173205,0.4266867576354005,0.5321218081334262
25833,GOF,0.1422477874113025,0.4426160709671645,0.4151361416215329
25834,LOF,0.054991011153606315,0.4421819029802858,0.5028270858661078
25835,LOF,0.1524665459648477,0.3939792336001646,0.4535542204349876
25836,LOF,0.06594623562689249,0.4278055880576401,0.5062481763154674
25837,LOF,0.03934345348922105,0.362862177862498,0.5977943686482808
25838,GOF,0.14397406353717213,0.44582213335675697,0.41020380310607085
25839,Neutral,0.4469167392913701,0.2520846382998698,0.30099862240875996
25840,GOF,0.3291740678967956,0.34717302767036906,0.3236529044328353
25841,Neutral,0.360909488397192,0.3077314153783282,0.3313590962244798
25842,LOF,0.264730495682959,0.33395552998388167,0.40131397433315935
25843,GOF,0.2889539728590447,0.4086745095716597,0.30237151756929564
25844,LOF,0.10848755257800113,0.3338935112532369,0.5576189361687619
25845,LOF,0.02095104742373855,0.3968679331710137,0.5821810194052478
25846,GOF,0.16041135289267286,0.42738502897296593,0.4122036181343613
25847,GOF,0.18582575662073006,0.4215403193621899,0.39263392401708
25848,LOF,0.052758912838264366,0.34500721392356204,0.6022338732381736
25849,LOF,0.015298526999382816,0.3464961460820406,0.6382053269185767
25850,LOF,0.032558941135348164,0.4127460961487759,0.5546949627158759
25851,LOF,0.02614253960273083,0.39508694378737785,0.5787705166098913
25852,LOF,0.16623958536633127,0.33696447280329184,0.49679594183037684
25853,Neutral,0.4046077060579602,0.32665323979249883,0.268739054149541
25854,GOF,0.025807596132459993,0.49883709564045403,0.475355308227086
25855,LOF,0.06680252051623446,0.35583979506818497,0.5773576844155806
25856,LOF,0.31802695469799463,0.3212384510143549,0.36073459428765053
25857,LOF,0.05387167429741691,0.3535905977667264,0.5925377279358567
25858,GOF,0.031577926586403154,0.48483100526435424,0.48359106814924263
25859,GOF,0.015385788105546411,0.49845684514345834,0.4861573667509952
25860,Neutral,0.42839741629302064,0.2846628289075488,0.2869397547994305
25861,Neutral,0.41368858143807,0.4057425437288035,0.18056887483312647
25862,GOF,0.10042127488727351,0.5140952555310924,0.3854834695816341
25863,GOF,0.10018414779999314,0.5484606716365156,0.3513551805634913
25864,GOF,0.24923495860271433,0.5239046625533841,0.2268603788439017
25865,GOF,0.11306227962996607,0.5910136756183824,0.29592404475165146
25866,GOF,0.09335545341618869,0.6217541191926499,0.2848904273911614
25867,GOF,0.12085268920143523,0.6344627009164469,0.244684609882118
25868,GOF,0.282479376901503,0.40005690335406247,0.3174637197444345
25869,Neutral,0.759466747896068,0.14390354438059758,0.09662970772333433
25870,LOF,0.28714174329508463,0.028341543959795108,0.6845167127451203
25871,LOF,0.22129828207425495,0.3375783674683019,0.44112335045744316
25872,LOF,0.1039284790242613,0.28025077014375205,0.6158207508319867
25873,LOF,0.187287210277867,0.2669359133861111,0.5457768763360219
25874,LOF,0.02704574695552705,0.03384954290943631,0.9391047101350366
25875,LOF,0.02951974031044105,0.2792938474805164,0.6911864122090424
25876,LOF,0.021524534050468787,0.09366720351045701,0.8848082624390742
25877,LOF,0.32587978160628883,0.20971471002421552,0.4644055083694957
25878,LOF,0.10617231405390011,0.32543403933335957,0.5683936466127403
25879,LOF,0.04718231630596385,0.3228114736743329,0.6300062100197032
25880,LOF,0.02060016415555921,0.0395175662000648,0.9398822696443759
25881,LOF,0.36579444554133783,0.1285615208967616,0.5056440335619006
25882,LOF,0.0795121206697284,0.021336196230078108,0.8991516831001934
25883,LOF,0.09754370237330903,0.026062147023542568,0.8763941506031484
25884,LOF,0.06728164229379957,0.037417913785474925,0.8953004439207255
25885,LOF,0.0756745846588604,0.02498370969823556,0.8993417056429039
25886,LOF,0.2453087714756314,0.06095311549852118,0.6937381130258473
25887,LOF,0.3069237876122766,0.10960567969235704,0.5834705326953664
25888,LOF,0.1361005278393448,0.05027620438579417,0.813623267774861
25889,LOF,0.05984511806923024,0.034238692389179544,0.9059161895415901
25890,LOF,0.06170267434012966,0.09796283982006984,0.8403344858398005
25891,LOF,0.05881581123105422,0.0649118569064344,0.8762723318625114
25892,LOF,0.10777410160604993,0.043000889737918685,0.8492250086560315
25893,LOF,0.3489244467535616,0.03333093534955628,0.6177446178968821
25894,LOF,0.19394309282914302,0.017992505683657564,0.7880644014871995
25895,LOF,0.23472832194710314,0.01817154524767415,0.7471001328052228
25896,LOF,0.05098217319578341,0.032528037355024596,0.9164897894491919
25897,LOF,0.22460626679624848,0.0389812630496537,0.7364124701540978
25898,Neutral,0.7396572540826918,0.02238912987772457,0.2379536160395838
25899,LOF,0.21539178050589888,0.11401959335019152,0.6705886261439096
25900,Neutral,0.5956293288175899,0.02386897957963925,0.3805016916027708
25901,LOF,0.05341512918594885,0.024737801318203387,0.9218470694958478
25902,LOF,0.20111976323596933,0.019794582627180656,0.77908565413685
25903,Neutral,0.5720687788971018,0.05739685538578051,0.3705343657171177
25904,LOF,0.3409022919505183,0.06738081917603216,0.5917168888734495
25905,LOF,0.034711213841180616,0.3659047096700637,0.5993840764887556
25906,LOF,0.026436918141875043,0.062043226519804116,0.9115198553383208
25907,LOF,0.011881594232789094,0.3674465942728299,0.620671811494381
25908,LOF,0.01664660622089323,0.2180613912508355,0.7652920025282712
25909,LOF,0.02035911823651908,0.206583677426134,0.7730572043373469
25910,LOF,0.03713530896274489,0.2682073146062078,0.6946573764310473
25911,LOF,0.06128999423710391,0.03398185297643707,0.9047281527864591
25912,LOF,0.02997721758065015,0.08068371410001048,0.8893390683193394
25913,LOF,0.21382963887883852,0.022281984927978633,0.7638883761931827
25914,LOF,0.022459910163810007,0.19825627520938727,0.7792838146268027
25915,GOF,0.36787188547259364,0.4636700953158517,0.1684580192115546
25916,GOF,0.023993620831828735,0.6413693881834339,0.3346369909847373
25917,LOF,0.029843549687815375,0.10047333195494824,0.8696831183572364
25918,LOF,0.025980669223383247,0.10743227449217406,0.8665870562844428
25919,LOF,0.025872196196005063,0.09717583608118599,0.8769519677228089
25920,GOF,0.1693169051879474,0.4898256487466943,0.34085744606535817
25921,LOF,0.03896780694974372,0.025216860190349178,0.935815332859907
25922,LOF,0.050905784025964046,0.015884996603215643,0.9332092193708205
25923,LOF,0.381687590769532,0.03196716030682412,0.5863452489236438
25924,LOF,0.047846868122184506,0.023512063644045747,0.9286410682337697
25925,LOF,0.08613783621610621,0.04197948256876759,0.8718826812151262
25926,LOF,0.06661346535872528,0.024829161147037548,0.9085573734942372
25927,LOF,0.07637129240806727,0.09407688052871155,0.8295518270632211
25928,LOF,0.026010288055191948,0.016513507643725597,0.9574762043010825
25929,Neutral,0.486570198796428,0.029775596386002252,0.48365420481756977
25930,LOF,0.09514335648639621,0.019333425508257552,0.8855232180053462
25931,LOF,0.0349974309638806,0.011369261912151896,0.9536333071239674
25932,LOF,0.03688662687947868,0.015105412784682856,0.9480079603358385
25933,LOF,0.04797124117871327,0.01213050150757257,0.9398982573137142
25934,LOF,0.03197162797381846,0.018586370978671517,0.9494420010475101
25935,LOF,0.08251747437341703,0.033564300930014,0.8839182246965691
25936,LOF,0.04839675630334217,0.01448447620826411,0.9371187674883936
25937,LOF,0.03890669588615227,0.024890674917095932,0.9362026291967519
25938,LOF,0.07769891493989671,0.0473641695261532,0.8749369155339501
25939,LOF,0.03891407109796371,0.016362561283666345,0.9447233676183701
25940,GOF,0.030238655522730744,0.48634665775718544,0.483414686720084
25941,LOF,0.24136651640001947,0.01774348909804217,0.7408899945019385
25942,LOF,0.025095631779098352,0.008199447609652686,0.966704920611249
25943,LOF,0.3797995723978164,0.015576622150608687,0.6046238054515749
25944,Neutral,0.5277940888629286,0.011035605325828837,0.4611703058112427
25945,LOF,0.09886286971000151,0.027334655898241026,0.8738024743917575
25946,LOF,0.03309856539125395,0.22338961810015476,0.7435118165085913
25947,LOF,0.10403439509334184,0.30708607177752406,0.5888795331291342
25948,LOF,0.39555291561905803,0.005978098233520053,0.5984689861474219
25949,LOF,0.10769614243160074,0.01319290191133923,0.8791109556570601
25950,GOF,0.11614829813711901,0.6567242756215096,0.22712742624137136
25951,LOF,0.19818261155304634,0.29316131646390203,0.5086560719830515
25952,GOF,0.044354596777435,0.5654473702029025,0.3901980330196625
25953,LOF,0.13986478266434557,0.33023967278377614,0.5298955445518784
25954,GOF,0.3740923073473613,0.4315182658654033,0.19438942678723536
25955,LOF,0.0448988766298105,0.2409476958661458,0.7141534275040438
25956,LOF,0.2318043103792437,0.05544646936408217,0.712749220256674
25957,LOF,0.05252300921442267,0.023496283006860574,0.9239807077787167
25958,LOF,0.08064884233814835,0.025734253253129127,0.8936169044087225
25959,LOF,0.13599135648181726,0.33740529272691877,0.526603350791264
25960,LOF,0.03291062071808814,0.05996743637557435,0.9071219429063374
25961,LOF,0.0853292465171887,0.04084443032891646,0.8738263231538947
25962,LOF,0.06358333889500657,0.04171247177166473,0.8947041893333286
25963,LOF,0.0641577146901703,0.13613866616866246,0.7997036191411673
25964,LOF,0.027417451297752853,0.34365813916505034,0.6289244095371967
25965,Neutral,0.4785837189712985,0.04508467256774145,0.47633160846096007
25966,GOF,0.24049860236769485,0.41676965866527416,0.342731738967031
25967,LOF,0.013807551419142269,0.17437871280203193,0.8118137357788259
25968,GOF,0.07109363924406956,0.5177643988544776,0.4111419619014529
25969,LOF,0.018725199289573412,0.09897383465705727,0.8823009660533693
25970,LOF,0.047873714775012795,0.027629322842005862,0.9244969623829813
25971,LOF,0.08690834838723421,0.021338388125018988,0.8917532634877468
25972,LOF,0.07566763031041414,0.025165392235325143,0.8991669774542607
25973,LOF,0.10539272112305613,0.01546846671038329,0.8791388121665606
25974,LOF,0.38295515280809334,0.03532655374473343,0.5817182934471733
25975,LOF,0.04494943709688514,0.04352924452524812,0.9115213183778667
25976,LOF,0.036916886234193313,0.04120464558398534,0.9218784681818214
25977,LOF,0.09671979858343216,0.1775167137684032,0.7257634876481648
25978,LOF,0.18978120556117464,0.09877988428649526,0.7114389101523302
25979,LOF,0.17536001532645829,0.0827496442661944,0.7418903404073472
25980,LOF,0.19720159143480878,0.1874970623645143,0.615301346200677
25981,LOF,0.19720159143480878,0.1874970623645143,0.615301346200677
25982,LOF,0.4127062222714393,0.07701812342366585,0.5102756543048949
25983,LOF,0.39380709809922626,0.09481506859334833,0.5113778333074254
25984,LOF,0.028625266132026504,0.183991551171734,0.7873831826962395
25985,LOF,0.021302918468891173,0.3466129323151036,0.6320841492160052
25986,LOF,0.02685721659758739,0.39199946950166287,0.5811433139007497
25987,LOF,0.08987757705612003,0.09339924710998317,0.8167231758338968
25988,LOF,0.05243677772859535,0.2007428496395659,0.7468203726318386
25989,LOF,0.019624634982698744,0.21966506070096492,0.7607103043163363
25990,LOF,0.026741013368597702,0.17729813181033185,0.7959608548210704
25991,LOF,0.13907875482724397,0.21448479996751327,0.6464364452052428
25992,LOF,0.2980996700313293,0.21809369834933245,0.48380663161933823
25993,LOF,0.025964197020729482,0.07586875478953631,0.8981670481897341
25994,LOF,0.01524759668735402,0.09637279321368532,0.8883796100989607
25995,LOF,0.022992259882548063,0.09436569124228825,0.8826420488751637
25996,LOF,0.09377286745109627,0.3493617748611439,0.5568653576877599
25997,LOF,0.041919369619229756,0.4347793906842754,0.5233012396964949
25998,LOF,0.3686677362261435,0.011348403326271959,0.6199838604475845
25999,LOF,0.1435731921101696,0.37524202606131196,0.4811847818285184
26000,LOF,0.06040339881637825,0.04683564790129669,0.8927609532823251
26001,LOF,0.13116983136392465,0.07240962385106049,0.7964205447850149
26002,LOF,0.0780277355716566,0.08284967878052693,0.8391225856478164
26003,GOF,0.008953009254936837,0.664794230436011,0.3262527603090521
26004,GOF,0.020525094839229846,0.7298030050289407,0.24967190013182944
26005,LOF,0.010074872570429492,0.47909088067739425,0.5108342467521763
26006,Neutral,0.5082818201983743,0.30142427474054945,0.1902939050610762
26007,GOF,0.014818443389429838,0.6294835591848956,0.3556979974256746
26008,GOF,0.012226021405346921,0.6907764387357429,0.2969975398589101
26009,GOF,0.023179901577498746,0.7795219947504402,0.19729810367206105
26010,GOF,0.015205246751622253,0.824633439243866,0.16016131400451164
26011,LOF,0.008499461893910957,0.4733273824976585,0.5181731556084305
26012,GOF,0.01457925547323191,0.5964734032285258,0.38894734129824216
26013,GOF,0.009900695909354043,0.7092207305457113,0.28087857354493473
26014,LOF,0.05104900755819174,0.10876329102123006,0.8401877014205782
26015,LOF,0.19973936641687376,0.00784816732788591,0.7924124662552403
26016,LOF,0.3041288779028393,0.02728634753646566,0.668584774560695
26017,LOF,0.20564529366510884,0.04243594081416947,0.7519187655207217
26018,LOF,0.09002486745456406,0.016575393993810382,0.8933997385516256
26019,LOF,0.09016817391823076,0.010532191285021513,0.8992996347967477
26020,LOF,0.09721825462516373,0.04520462258767526,0.8575771227871609
26021,LOF,0.08351638753473764,0.05681224329870741,0.8596713691665548
26022,LOF,0.017928121956263723,0.027353663817435536,0.9547182142263007
26023,LOF,0.1902317818253344,0.012881271279127169,0.7968869468955384
26024,LOF,0.04191612810963065,0.05653078978842788,0.9015530821019414
26025,LOF,0.26866983785119525,0.05433697582085952,0.6769931863279453
26026,Neutral,0.49900780074720524,0.01285175370863649,0.48814044554415814
26027,LOF,0.09202249769563556,0.009733378671387035,0.8982441236329775
26028,LOF,0.24483359958873202,0.0635592929671747,0.6916071074440933
26029,LOF,0.09776523943937541,0.18408626486184948,0.7181484956987751
26030,LOF,0.03865644665568019,0.04419954907726542,0.9171440042670543
26031,LOF,0.02567306082627991,0.18713354081495487,0.7871933983587651
26032,LOF,0.1167514991608953,0.0521780492239394,0.8310704516151652
26033,LOF,0.28983876327306607,0.08002424743531518,0.6301369892916187
26034,LOF,0.04338073623939088,0.15533056975435755,0.8012886940062516
26035,LOF,0.033603939423579,0.18174403363932232,0.7846520269370986
26036,LOF,0.04728933330250918,0.1636920723497651,0.7890185943477257
26037,LOF,0.027946585718708165,0.14282852246386263,0.8292248918174292
26038,LOF,0.1153854004095045,0.05003395504545488,0.8345806445450407
26039,LOF,0.06235953174892142,0.17527505001442611,0.7623654182366525
26040,Neutral,0.4678003381768737,0.11457397536473263,0.4176256864583936
26041,LOF,0.02745694138816049,0.1464250427062935,0.826118015905546
26042,LOF,0.027822437853344338,0.12520155751566994,0.8469760046309858
26043,LOF,0.11163692795486978,0.06529531646445613,0.8230677555806741
26044,LOF,0.035318900233875856,0.05918668602129367,0.9054944137448305
26045,LOF,0.08907990908733004,0.12237611299240057,0.7885439779202694
26046,LOF,0.12207940179557424,0.0725071660340673,0.8054134321703585
26047,LOF,0.13437376446793087,0.07043604307457547,0.7951901924574937
26048,LOF,0.08042036901673118,0.06129644157827255,0.8582831894049963
26049,Neutral,0.9342041123295383,0.010616444237803082,0.0551794434326585
26050,Neutral,0.9070250057111078,0.011690069534681926,0.08128492475421027
26051,GOF,0.04831543283109303,0.5576612144808653,0.3940233526880416
26052,GOF,0.037997298421454946,0.5679561248103109,0.3940465767682341
26053,LOF,0.04768577834714844,0.30627017880836044,0.6460440428444911
26054,LOF,0.062222136369313175,0.06945437002186373,0.8683234936088231
26055,LOF,0.06907771807385173,0.05812262895335866,0.8727996529727896
26056,LOF,0.0541525783746839,0.07091038129570232,0.8749370403296138
26057,LOF,0.029493800875738167,0.06087276245332211,0.9096334366709398
26058,LOF,0.029481612822831266,0.05245092388016003,0.9180674632970086
26059,LOF,0.39228318698648307,0.09070161211331126,0.5170152009002057
26060,LOF,0.03624179948566141,0.3963051123123432,0.5674530882019954
26061,LOF,0.02302276590519153,0.08896367799001409,0.8880135561047944
26062,LOF,0.017125282458842796,0.06502289649040718,0.91785182105075
26063,LOF,0.025264909827130283,0.05730511369392804,0.9174299764789418
26064,LOF,0.031206090714001124,0.06176530363907202,0.9070286056469268
26065,LOF,0.028637021194419555,0.04431283591916423,0.9270501428864162
26066,LOF,0.022988316413735884,0.065976558972766,0.9110351246134982
26067,LOF,0.02506971220826226,0.048639946960323525,0.9262903408314143
26068,LOF,0.05221932262445674,0.07819293580972343,0.8695877415658199
26069,LOF,0.3770275711668108,0.06445114064108105,0.5585212881921081
26070,Neutral,0.5894108844030626,0.03650546028721179,0.37408365530972554
26071,LOF,0.024759950356104926,0.06506203035235786,0.9101780192915371
26072,LOF,0.03148679639392508,0.07964808610643476,0.8888651174996401
26073,LOF,0.028864854701169246,0.043555879763079806,0.9275792655357509
26074,Neutral,0.8789167035417801,0.014791734660566389,0.1062915617976535
26075,LOF,0.04501388957704991,0.060634318722969066,0.894351791699981
26076,LOF,0.0391086313379668,0.04231594285674283,0.9185754258052903
26077,LOF,0.013525664019038507,0.09108443468419779,0.8953899012967638
26078,LOF,0.018353090312135157,0.06531218877148824,0.9163347209163766
26079,LOF,0.05196418732114133,0.06614957649435851,0.8818862361845001
26080,LOF,0.05196418732114133,0.06614957649435851,0.8818862361845001
26081,LOF,0.03412427356342203,0.03958267650849052,0.9262930499280874
26082,LOF,0.027914145463854432,0.045952563381919616,0.9261332911542259
26083,LOF,0.07339701503799177,0.06459717488837591,0.8620058100736322
26084,LOF,0.023840834923101708,0.06396437926256848,0.9121947858143298
26085,LOF,0.023840834923101708,0.06396437926256848,0.9121947858143298
26086,LOF,0.02508395103022683,0.07450209522015169,0.9004139537496214
26087,LOF,0.02635738900560847,0.06036782222404533,0.9132747887703462
26088,LOF,0.027740115359207458,0.10035075901868776,0.8719091256221048
26089,LOF,0.04878470112352037,0.05030001776689183,0.9009152811095879
26090,LOF,0.044429806832675015,0.04388150334599363,0.9116886898213314
26091,LOF,0.042483517562699136,0.02878633672553288,0.9287301457117679
26092,LOF,0.029129668824151494,0.048800100093643294,0.9220702310822052
26093,LOF,0.041565421679022406,0.03075409267204179,0.9276804856489358
26094,LOF,0.0479519788600237,0.025796830188332176,0.9262511909516441
26095,LOF,0.05682378752669366,0.06050024573034221,0.8826759667429642
26096,LOF,0.024590648826533126,0.05602374271633866,0.9193856084571282
26097,LOF,0.013764089735032604,0.1420414775888567,0.8441944326761106
26098,LOF,0.05904794475672962,0.05395598479900728,0.886996070444263
26099,LOF,0.02557906806854425,0.09839782219839731,0.8760231097330584
26100,LOF,0.02557906806854425,0.09839782219839731,0.8760231097330584
26101,LOF,0.05126081388852491,0.08219934114697809,0.866539844964497
26102,LOF,0.02581564127394802,0.06663878122923143,0.9075455774968205
26103,Neutral,0.7993913205167967,0.09175841390743371,0.10885026557576945
26104,LOF,0.04421489188121694,0.10827863540962594,0.8475064727091572
26105,LOF,0.33307253118655517,0.08061083983406936,0.5863166289793754
26106,LOF,0.16684869391756657,0.05152837308956525,0.7816229329928682
26107,LOF,0.2690936277486515,0.06092915009697851,0.6699772221543701
26108,LOF,0.17858459927849063,0.0693624303847295,0.7520529703367799
26109,LOF,0.049624439315962436,0.15661210592870867,0.793763454755329
26110,LOF,0.2406290320790888,0.05533464038364691,0.7040363275372642
26111,LOF,0.41583636551542263,0.062159071232057536,0.5220045632525199
26112,LOF,0.03834841623919893,0.04453438165955344,0.9171172021012476
26113,LOF,0.052333424950809525,0.11640742039425382,0.8312591546549367
26114,LOF,0.031235948138109867,0.022927276276129803,0.9458367755857603
26115,LOF,0.15516174552466447,0.054619902425422584,0.790218352049913
26116,LOF,0.09635173713014523,0.04712651411070976,0.8565217487591451
26117,LOF,0.30428108747686944,0.15758298185378877,0.5381359306693418
26118,LOF,0.04437874126944701,0.03937355126221399,0.9162477074683391
26119,LOF,0.030988535281388018,0.13483784758948653,0.8341736171291254
26120,LOF,0.03699600411643333,0.06455665344452516,0.8984473424390415
26121,LOF,0.06437432108157022,0.12153150870030217,0.8140941702181275
26122,LOF,0.07950168902548349,0.12263382752748006,0.7978644834470364
