feature0,prediction,LoGoFunc_Neutral,LoGoFunc_GOF,LoGoFunc_LOF
25546,Neutral,0.5787411889246715,0.04972002618885728,0.3715387848864712
25547,Neutral,0.5077240539018921,0.07211301292984358,0.42016293316826436
25548,Neutral,0.5020390192621377,0.07085009805026458,0.42711088268759767
25549,LOF,0.454721287546894,0.07302047124302888,0.47225824121007703
25550,LOF,0.3765731620065169,0.0930151426563297,0.5304116953371534
25551,LOF,0.331202946850023,0.09373756060617847,0.5750594925437985
25552,LOF,0.28893466830406594,0.11093353000281378,0.6001318016931203
25553,Neutral,0.7810865620230105,0.05667057026698278,0.16224286771000668
25554,LOF,0.3214970964591823,0.09552188581309047,0.5829810177277274
25555,LOF,0.26579884046205,0.09931141247006356,0.6348897470678864
25556,LOF,0.4242921346157155,0.08906203902010949,0.4866458263641751
25557,LOF,0.2457446094859091,0.10088936188292195,0.653366028631169
25558,LOF,0.30901138149974067,0.09115721667665283,0.5998314018236066
25559,LOF,0.2900481928134765,0.03763227212355065,0.6723195350629728
25560,LOF,0.09257862541069699,0.11445704765737161,0.7929643269319314
25561,LOF,0.08454311800041225,0.17091000767579503,0.7445468743237926
25562,LOF,0.041453649738987595,0.06785217676866695,0.8906941734923455
25563,LOF,0.008385242955221002,0.15594709787702904,0.8356676591677499
25564,LOF,0.07175598301086288,0.09208513405217637,0.8361588829369608
25565,LOF,0.18446074282067254,0.12406092989946399,0.6914783272798635
25566,GOF,0.07562087883490996,0.7916348712693232,0.13274424989576672
25567,LOF,0.04631697217339054,0.16168559976820043,0.791997428058409
25568,LOF,0.05693276911503577,0.11179651528133534,0.8312707156036289
25569,LOF,0.05840739086836708,0.10667410681730444,0.8349185023143285
25570,LOF,0.02853647937853376,0.13815799428707054,0.8333055263343957
25571,LOF,0.028445694730249046,0.1479209332022843,0.8236333720674666
25572,LOF,0.05829165238112211,0.21983295030397595,0.7218753973149019
25573,LOF,0.06882832477432192,0.14599515512616948,0.7851765200995086
25574,LOF,0.09917099850809037,0.24557845695769928,0.6552505445342104
25575,LOF,0.026342014872019082,0.15735513425964873,0.8163028508683322
25576,LOF,0.029005644381013405,0.2679340930262641,0.7030602625927226
25577,LOF,0.03197081197639397,0.20081755878399632,0.7672116292396097
25578,LOF,0.2981843936570983,0.0948815257282341,0.6069340806146676
25579,LOF,0.21304677317183707,0.0972185305950839,0.6897346962330789
25580,LOF,0.025369830549428003,0.09688645620988437,0.8777437132406877
25581,LOF,0.04082818093307985,0.12247996438705808,0.8366918546798622
25582,LOF,0.040684945449772664,0.11911649091693823,0.8401985636332892
25583,LOF,0.0368856827959494,0.10416035038855766,0.8589539668154929
25584,Neutral,0.7122114356009077,0.12194890002370788,0.16583966437538442
25585,LOF,0.025715260698863752,0.22071294094235003,0.7535717983587863
25586,LOF,0.02436549789876327,0.11519555587233869,0.860438946228898
25587,LOF,0.023239475371372206,0.11569914262335201,0.8610613820052758
25588,LOF,0.029626613208996705,0.09273281976146724,0.8776405670295361
25589,Neutral,0.577408538826321,0.22013164972746707,0.2024598114462119
25590,LOF,0.05970908897030927,0.15227681107863555,0.7880140999510551
25591,LOF,0.10130738478669785,0.09512117509541548,0.8035714401178866
25592,LOF,0.09247480171843121,0.1866538788748666,0.7208713194067022
25593,LOF,0.14026708787803982,0.3507300625481097,0.5090028495738504
25594,LOF,0.04012180805856524,0.05963787186467573,0.900240320076759
25595,LOF,0.042823341756113936,0.029124577759997536,0.9280520804838884
25596,LOF,0.11698190884476091,0.017717060609403406,0.8653010305458357
25597,LOF,0.0888352710636925,0.02118479193554033,0.8899799370007672
25598,LOF,0.04564293264373507,0.028589725050676935,0.9257673423055881
25599,LOF,0.023580447072795784,0.40709650136005293,0.5693230515671512
25600,LOF,0.15658118046882996,0.39775895935090044,0.44565986018026943
25601,LOF,0.04651333533253691,0.3319182514690479,0.6215684131984152
25602,LOF,0.03502238655835654,0.089228113681159,0.8757494997604846
25603,LOF,0.053080559030835014,0.0770677153236041,0.8698517256455609
25604,LOF,0.05730735020306625,0.14435041429048479,0.798342235506449
25605,LOF,0.05547727592491147,0.1770742558856797,0.7674484681894088
25606,Neutral,0.427699963760224,0.2930343254838008,0.2792657107559751
25607,LOF,0.033281175628747675,0.24710168152619436,0.719617142845058
25608,LOF,0.04524937193143206,0.09911046941332943,0.8556401586552386
25609,GOF,0.17874055006869105,0.5652694269397257,0.2559900229915833
25610,LOF,0.02470051879506088,0.08990799226598907,0.88539148893895
25611,LOF,0.01678730212066314,0.09465713629696411,0.8885555615823727
25612,LOF,0.06620125539145821,0.10198291387172206,0.8318158307368198
25613,LOF,0.05664366092708285,0.11088659582978204,0.8324697432431352
25614,LOF,0.02851032758629381,0.08943602833401489,0.8820536440796912
25615,LOF,0.06133411433403714,0.09006890719232205,0.8485969784736409
25616,LOF,0.0773068250155193,0.10312294916579143,0.8195702258186893
25617,LOF,0.057945455334286466,0.11148548800709544,0.8305690566586181
25618,LOF,0.06627328337095743,0.20070905309152556,0.733017663537517
25619,LOF,0.015406353036125408,0.14479759823982477,0.8397960487240498
25620,LOF,0.0539238386138595,0.10989151072005418,0.8361846506660863
25621,LOF,0.08654265032546697,0.09807619717380879,0.8153811525007243
25622,LOF,0.09181179884104833,0.1187262048373886,0.7894619963215631
25623,LOF,0.08101648900035886,0.09217008023530171,0.8268134307643393
25624,LOF,0.025804929623853296,0.08696173881267816,0.8872333315634686
25625,LOF,0.07679072065595259,0.10717127955273134,0.8160379997913161
25626,LOF,0.05639187086804978,0.10222018448176869,0.8413879446501815
25627,Neutral,0.8708526659453493,0.027824344133277792,0.10132298992137292
25628,LOF,0.19717035779581582,0.06266432338054966,0.7401653188236346
25629,LOF,0.062446825211841084,0.07552475245587816,0.8620284223322807
25630,LOF,0.29524494492331826,0.0779917608244035,0.6267632942522782
25631,Neutral,0.5181933936784489,0.05540769720462751,0.42639890911692363
25632,LOF,0.02571568814241576,0.13365371052819644,0.8406306013293877
25633,LOF,0.19903776247934565,0.07250420203529395,0.7284580354853604
25634,LOF,0.0399731418744475,0.10779935010061781,0.8522275080249347
25635,LOF,0.03328010043885585,0.05525591648719206,0.911463983073952
25636,GOF,0.034180648361199197,0.5456836771912573,0.4201356744475435
25637,GOF,0.03465087630120088,0.5063730256143352,0.4589760980844638
25638,LOF,0.021717455859628847,0.44600504623520415,0.532277497905167
25639,LOF,0.030432704339121448,0.39988518579520227,0.5696821098656762
25640,Neutral,0.7782726666789822,0.17196934576159179,0.04975798755942595
25641,LOF,0.12344314730357003,0.39677401169424364,0.47978284100218643
25642,LOF,0.11683096021488952,0.25677911625800437,0.6263899235271061
25643,LOF,0.4083323551273477,0.10792262711897525,0.4837450177536771
25644,GOF,0.008099303807653759,0.7062637405111774,0.28563695568116876
25645,GOF,0.009787515610905951,0.6827333070371757,0.3074791773519183
25646,LOF,0.015446725497945273,0.44084296270186835,0.5437103118001864
25647,LOF,0.008181010675131443,0.34063191760728395,0.6511870717175845
25648,LOF,0.011740088536188735,0.40845208656887977,0.5798078248949315
25649,LOF,0.008464213425106342,0.2935525998556252,0.6979831867192685
25650,GOF,0.027050824753482996,0.6195461906794796,0.35340298456703756
25651,LOF,0.009437798309076244,0.4262080989666558,0.564354102724268
25652,LOF,0.008238684246364057,0.49576444412956294,0.495996871624073
25653,GOF,0.03054206280137384,0.6877459904692467,0.2817119467293794
25654,LOF,0.010806947864157914,0.4149581405823785,0.5742349115534636
25655,GOF,0.10576646294974343,0.698673451544564,0.19556008550569268
25656,LOF,0.18046411428703796,0.11615888881567253,0.7033769968972895
25657,LOF,0.028657628657718547,0.10925664671360907,0.8620857246286723
25658,LOF,0.19446787889453404,0.16231212876029805,0.643219992345168
25659,LOF,0.3064327485502493,0.217634975388314,0.47593227606143657
25660,LOF,0.02125707604991871,0.13901349597769114,0.83972942797239
25661,LOF,0.06257887523862167,0.09040150333788946,0.8470196214234889
25662,LOF,0.024828577768299387,0.054856188219926424,0.9203152340117742
25663,LOF,0.029047577280618003,0.04813014287127744,0.9228222798481046
25664,LOF,0.08610598425287391,0.08334798511107898,0.830546030636047
25665,LOF,0.04633573231753698,0.04229324859495945,0.9113710190875036
25666,LOF,0.06829827929245466,0.06165198980230522,0.8700497309052401
25667,LOF,0.05442864236128608,0.05773737239256566,0.8878339852461483
25668,LOF,0.02578926794366599,0.07206511830672092,0.9021456137496131
25669,LOF,0.01795810152593664,0.0643026967676647,0.9177392017063987
25670,LOF,0.12318274853109477,0.05506961704191443,0.8217476344269908
25671,LOF,0.0783193913892747,0.05172800941817435,0.8699525991925511
25672,LOF,0.03821357201509453,0.06578031664020395,0.8960061113447017
25673,LOF,0.07317020784193358,0.048341656748369335,0.8784881354096972
25674,LOF,0.06675676201467817,0.06645878228651776,0.866784455698804
25675,LOF,0.0656981796902846,0.08223773880157682,0.8520640815081385
25676,LOF,0.01512225322500897,0.0823761191940182,0.9025016275809729
25677,LOF,0.014013175386157498,0.10024531774973078,0.8857415068641118
25678,LOF,0.16159520062978538,0.0918929726969111,0.7465118266733035
25679,LOF,0.10632417531228,0.11009983099261808,0.7835759936951019
25680,LOF,0.018327704171054244,0.1483928856467012,0.8332794101822446
25681,LOF,0.028527702339283065,0.13319878810870678,0.8382735095520102
25682,LOF,0.09119708337208571,0.09468449468730866,0.8141184219406056
25683,LOF,0.08924319767778298,0.10623748239934616,0.8045193199228708
25684,LOF,0.021717055290111833,0.08755705298087763,0.8907258917290105
25685,LOF,0.0990423173481944,0.11955994859626376,0.7813977340555419
25686,LOF,0.07436647079224905,0.24820225295845824,0.6774312762492927
25687,LOF,0.10600233512207216,0.23401062409237103,0.6599870407855569
25688,LOF,0.439312836459484,0.022915477221750167,0.5377716863187658
25689,LOF,0.2477839364721038,0.030984737047634513,0.7212313264802617
25690,LOF,0.349616896033955,0.020080130734477435,0.6303029732315676
25691,Neutral,0.7453068425963443,0.01972710615083428,0.23496605125282138
25692,LOF,0.3696043922394245,0.010079381107037372,0.6203162266535381
25693,LOF,0.04291848482191195,0.45460989618774755,0.5024716189903404
25694,LOF,0.0997522234355606,0.02845030569676985,0.8717974708676696
25695,LOF,0.11308271148035476,0.010666653861053754,0.8762506346585915
25696,LOF,0.12844431917259372,0.027145523287340587,0.8444101575400658
25697,LOF,0.04523799492090557,0.07644239211678237,0.8783196129623121
25698,LOF,0.3038810816849093,0.1755902506752609,0.5205286676398299
25699,LOF,0.35088545814933425,0.06611932824221732,0.5829952136084485
25700,LOF,0.05501432083737265,0.013916609766483247,0.9310690693961442
25701,LOF,0.15841031544002718,0.05136309713151133,0.7902265874284615
25702,GOF,0.22309377896661997,0.6376375054462374,0.13926871558714252
25703,LOF,0.018259164641205475,0.21806091143200126,0.7636799239267933
25704,LOF,0.0338504581824114,0.17967635479795277,0.7864731870196358
25705,LOF,0.029582892970788994,0.09849064211209789,0.871926464917113
25706,GOF,0.11010557221477574,0.49271263562960876,0.3971817921556155
25707,LOF,0.10088048077943422,0.33732232942472673,0.561797189795839
25708,LOF,0.04459932919489343,0.3962559078198687,0.559144762985238
25709,LOF,0.06746438503700102,0.05698117447012991,0.875554440492869
25710,LOF,0.01913176180809183,0.19000185115060214,0.7908663870413061
25711,LOF,0.018412117591371315,0.10207363829221039,0.8795142441164182
25712,LOF,0.017276986404866145,0.25082902937781,0.7318939842173239
25713,LOF,0.017233140195200655,0.08586175799684025,0.896905101807959
25714,LOF,0.06887586221325087,0.08046263808346746,0.8506614997032816
25715,LOF,0.011122500284742327,0.13963400863631242,0.8492434910789453
25716,LOF,0.014216349589953855,0.1605562416867119,0.8252274087233343
25717,LOF,0.019484087537632297,0.1113990121727623,0.8691169002896054
25718,LOF,0.010490031422227626,0.0687016392058876,0.9208083293718847
25719,LOF,0.02250987380972896,0.11289679953166647,0.8645933266586044
25720,LOF,0.029278227366728946,0.06009814928078558,0.9106236233524855
25721,LOF,0.010823358376765735,0.10726354408150826,0.8819130975417261
25722,LOF,0.012592859547550277,0.09051922618995181,0.8968879142624979
25723,LOF,0.023329348415667594,0.06457941508668968,0.9120912364976428
25724,LOF,0.033803155114309716,0.12513267357634913,0.8410641713093412
25725,LOF,0.010352166612326241,0.10976190911294245,0.8798859242747313
25726,LOF,0.01581589423036209,0.1515811487348291,0.8326029570348088
25727,LOF,0.01313043000486091,0.09399155939300849,0.8928780106021305
25728,LOF,0.010044726785690789,0.12367257239318433,0.8662827008211248
25729,LOF,0.010355873602473883,0.12177322513050907,0.8678709012670169
25730,LOF,0.01391424443685135,0.11697421004048773,0.869111545522661
25731,LOF,0.021282953442357627,0.1675644673846316,0.8111525791730109
25732,LOF,0.013689312708251007,0.05756804183604142,0.9287426454557075
25733,LOF,0.014761155355490331,0.08045875744322327,0.9047800872012863
25734,LOF,0.014197371151445155,0.18478438753585794,0.8010182413126969
25735,LOF,0.010611404127202339,0.07887905986732899,0.9105095360054687
25736,LOF,0.011982575124910733,0.07756117043134775,0.9104562544437415
25737,LOF,0.012979357741072945,0.11034562787460764,0.8766750143843194
25738,LOF,0.011586761818710023,0.10869446929286254,0.8797187688884275
25739,LOF,0.018580854982836386,0.09509550671692198,0.8863236383002416
25740,LOF,0.027946622760151668,0.11596571856455104,0.8560876586752972
25741,LOF,0.01337632489359598,0.12175175790538649,0.8648719172010175
25742,LOF,0.10496752926396628,0.09033326532689653,0.8046992054091372
25743,LOF,0.05063385743917661,0.06282858783306638,0.8865375547277571
25744,Neutral,0.5985774150489899,0.24740087251446097,0.15402171243654914
25745,LOF,0.0597131553400164,0.0785057257284147,0.861781118931569
25746,LOF,0.039226009135325916,0.12300517061284745,0.8377688202518268
25747,LOF,0.018336741919733206,0.14788786700223164,0.8337753910780351
25748,LOF,0.09778808937718196,0.19812434149259978,0.7040875691302182
25749,LOF,0.028026208279378028,0.10804900405617783,0.8639247876644441
25750,LOF,0.06085413123180742,0.11239248414139999,0.8267533846267926
25751,LOF,0.12082151781228909,0.17612733794169783,0.703051144246013
25752,GOF,0.1271763327948593,0.6666657949006257,0.20615787230451504
25753,LOF,0.03813601403438473,0.4213645063041297,0.5404994796614857
25754,GOF,0.028605312443043634,0.7728427463379757,0.19855194121898068
25755,LOF,0.040605939040102255,0.3536192440930587,0.605774816866839
25756,LOF,0.07275653532223977,0.43760420672020306,0.48963925795755714
25757,GOF,0.022301463809979,0.8455524379977913,0.13214609819222964
25758,GOF,0.032075639866567474,0.8088040306739986,0.15912032945943386
25759,GOF,0.01810577084852419,0.7041300131270931,0.27776421602438267
25760,LOF,0.020907944758384648,0.4181390105321439,0.5609530447094714
25761,GOF,0.30787849869555955,0.6067238555674596,0.08539764573698083
25762,LOF,0.05892403717153179,0.4073621680098988,0.5337137948185694
25763,LOF,0.019661353957878394,0.3318418079638421,0.6484968380782795
25764,GOF,0.07585705407502799,0.7381154811433248,0.18602746478164714
25765,GOF,0.04186719292910884,0.7920772359539925,0.1660555711168986
25766,GOF,0.09833828211396078,0.7473246522023372,0.15433706568370203
25767,GOF,0.13217020311640804,0.5528518175401842,0.31497797934340777
25768,LOF,0.09426026181447426,0.03748948483198143,0.8682502533535444
25769,LOF,0.045806001367741815,0.07918308275856606,0.8750109158736921
25770,LOF,0.37707616624907503,0.09723912625295678,0.5256847074979683
25771,LOF,0.0675107430880199,0.04483078308329982,0.8876584738286801
25772,LOF,0.017304589378187542,0.05526213805216924,0.9274332725696431
25773,LOF,0.07454618800671894,0.045236665850237695,0.8802171461430432
25774,LOF,0.025236820465821763,0.13901575592997015,0.8357474236042082
25775,LOF,0.08133772391142716,0.039151662984897855,0.879510613103675
25776,LOF,0.06449629173201482,0.034893396846524656,0.9006103114214605
25777,Neutral,0.5391264308085584,0.08066804376829076,0.3802055254231507
25778,LOF,0.05965484434551198,0.05236761054659066,0.8879775451078974
25779,GOF,0.42877179350089933,0.5163667639287608,0.05486144257033976
25780,GOF,0.34936283652926436,0.5569181070158071,0.09371905645492849
25781,GOF,0.12654602287757838,0.7421944429880551,0.13125953413436628
25782,GOF,0.18254107516621118,0.7033334793985434,0.11412544543524539
25783,GOF,0.02341506640763172,0.6689701905711637,0.3076147430212045
25784,Neutral,0.5223637975998343,0.41340327709234,0.06423292530782575
25785,Neutral,0.50893376973168,0.40636585103201345,0.08470037923630641
25786,GOF,0.027309758480337173,0.7059812586703669,0.26670898284929595
25787,Neutral,0.7083024127285721,0.2461733289896727,0.04552425828175528
25788,LOF,0.053042063721975986,0.07836188474699063,0.8685960515310334
25789,GOF,0.19370518794368136,0.6371474349772102,0.16914737707910865
25790,GOF,0.2712358756591109,0.5810630036265961,0.147701120714293
25791,GOF,0.13983119773082733,0.5851589940464915,0.27500980822268106
25792,GOF,0.34016558606627273,0.4493067311768672,0.21052768275685999
25793,GOF,0.24796494356998963,0.4424292519992059,0.3096058044308045
25794,GOF,0.29470604558206587,0.4574898371381395,0.24780411727979468
25795,GOF,0.06693598881373007,0.63309428782187,0.29996972336439987
25796,Neutral,0.47236501837438927,0.41425165259086566,0.11338332903474516
25797,GOF,0.07784405090226193,0.5089262951854856,0.4132296539122525
25798,GOF,0.011736304886089732,0.5228755022477443,0.46538819286616595
25799,LOF,0.010792959161626314,0.4576472697537989,0.5315597710845748
25800,GOF,0.039657448782644156,0.6082278340202916,0.35211471719706416
25801,GOF,0.20735939474536022,0.6587221203746301,0.13391848488000957
25802,GOF,0.06608036738224513,0.624870982555059,0.3090486500626958
25803,GOF,0.04787943184774379,0.5496643531252219,0.40245621502703427
25804,LOF,0.040911098560768064,0.4775344826979269,0.48155441874130506
25805,GOF,0.10364285863504132,0.5257030243586057,0.3706541170063529
25806,GOF,0.12165000877994481,0.5627826769333675,0.3155673142866877
25807,GOF,0.018617443517565734,0.5598075911743832,0.42157496530805105
25808,GOF,0.09398926333893266,0.540244726001851,0.36576601065921643
25809,GOF,0.019743468755620615,0.5280676393642374,0.4521888918801419
25810,GOF,0.020633834878105554,0.5279277758605332,0.4514383892613613
25811,GOF,0.45005253182340993,0.4761955646817351,0.07375190349485504
25812,GOF,0.03912591696413351,0.5952761829777335,0.365597900058133
25813,Neutral,0.5665343769934631,0.28681751444670445,0.14664810855983249
25814,GOF,0.12062784407995546,0.5912932598662373,0.28807889605380727
25815,GOF,0.2869094390683178,0.5299618613058865,0.18312869962579564
25816,GOF,0.0217609680388762,0.6351493349292153,0.3430896970319085
25817,GOF,0.21070213636729138,0.6420793176679229,0.14721854596478576
25818,GOF,0.037120772434270394,0.5997383390991309,0.36314088846659875
25819,GOF,0.3713015978167392,0.45239811341672737,0.1763002887665334
25820,GOF,0.19079115454716572,0.5616273638818025,0.24758148157103188
25821,GOF,0.05765856152357642,0.6482397715538428,0.2941016669225809
25822,GOF,0.23074444955320034,0.5383886943828938,0.2308668560639058
25823,GOF,0.038082966961661545,0.522390642897566,0.43952639014077244
25824,GOF,0.0774316768097528,0.5205165533968527,0.40205176979339446
25825,GOF,0.032310828656346845,0.5296319225721382,0.438057248771515
25826,GOF,0.012310636169366396,0.5165775515083163,0.4711118123223173
25827,GOF,0.02175500911678382,0.5503703663847896,0.4278746244984265
25828,LOF,0.015504110838280086,0.4823897384595185,0.5021061507022013
25829,GOF,0.008892528482151347,0.5455571914503413,0.4455502800675073
25830,LOF,0.03430905400078137,0.23615186921284684,0.7295390767863719
25831,GOF,0.14964062792102129,0.6943896997694552,0.15596967230952355
25832,GOF,0.03861042343194985,0.6827132502015159,0.2786763263665342
25833,GOF,0.11298499354242585,0.6720850953252094,0.21492991113236473
25834,GOF,0.045632740916958646,0.6756592826357396,0.2787079764473018
25835,GOF,0.09550761595955713,0.6248014793497387,0.2796909046907041
25836,GOF,0.053835653122333335,0.659622073427397,0.2865422734502696
25837,GOF,0.027596086235934385,0.5174857135560159,0.45491820020804974
25838,GOF,0.09194837803405417,0.6808107166189987,0.22724090534694694
25839,GOF,0.27960917523088835,0.5092521535787797,0.21113867119033197
25840,GOF,0.2191228531289944,0.5640363557963306,0.21684079107467508
25841,GOF,0.2616828292950529,0.5389171378586517,0.19940003284629543
25842,GOF,0.16676780320616835,0.5950204614643247,0.23821173532950682
25843,GOF,0.21806627565437198,0.6136212384497883,0.16831248589583958
25844,GOF,0.060240311571586894,0.6226640827676287,0.31709560566078426
25845,GOF,0.01683983372773555,0.5172237640657498,0.4659364022065146
25846,GOF,0.08723999325228962,0.6962276007925775,0.21653240595513285
25847,GOF,0.10638742742942528,0.676242043002531,0.21737052956804362
25848,GOF,0.0440817641086425,0.6228501886264449,0.33306804726491257
25849,GOF,0.015231326641879843,0.5371105256833651,0.4476581476747549
25850,GOF,0.025677282234341132,0.6209317235910653,0.35339099417459363
25851,GOF,0.023809506075617392,0.522532658648101,0.4536578352762816
25852,GOF,0.13587355412815602,0.5282336613080514,0.33589278456379257
25853,GOF,0.3155061863715923,0.5728694110915171,0.11162440253689056
25854,GOF,0.021317174001354057,0.6619882965102913,0.3166945294883546
25855,GOF,0.04007997203548945,0.6016581010259938,0.35826192693851666
25856,GOF,0.21101461531158908,0.569486507070547,0.219498877617864
25857,GOF,0.03535490917080468,0.5383317343170556,0.4263133565121398
25858,GOF,0.020230448808461646,0.5959102152836764,0.3838593359078619
25859,GOF,0.011637078701093729,0.5951237440345489,0.39323917726435736
25860,GOF,0.27983258492664786,0.5946622480573183,0.12550516701603384
25861,GOF,0.31677155789913297,0.5848688215711361,0.0983596205297309
25862,GOF,0.06256673220120519,0.7596716108039118,0.17776165699488297
25863,GOF,0.07052048565902813,0.7610888019070384,0.16839071243393344
25864,GOF,0.14221757268859947,0.7294752810873599,0.1283071462240406
25865,GOF,0.06765730146634251,0.7608139994371408,0.1715286990965166
25866,GOF,0.05703757720646163,0.7868831175409523,0.15607930525258598
25867,GOF,0.0712453543517247,0.7971804719075611,0.13157417374071423
25868,GOF,0.1725249813333708,0.6715377494254579,0.15593726924117124
25869,Neutral,0.6573138687776778,0.2738656314917266,0.06882049973059558
25870,LOF,0.20885227516188343,0.24757300949762762,0.543574715340489
25871,GOF,0.19477483723029115,0.6318150917658769,0.173410071003832
25872,GOF,0.07974463750421383,0.5869626556322324,0.33329270686355367
25873,GOF,0.1438881160842021,0.5856299341378025,0.27048194977799545
25874,LOF,0.021333989547148637,0.08395914490688075,0.8947068655459707
25875,LOF,0.044100854101162594,0.19874629463974197,0.7571528512590955
25876,LOF,0.02119384246429505,0.10586406121553138,0.8729420963201736
25877,LOF,0.37999646741854565,0.21230858961736793,0.4076949429640864
25878,LOF,0.11945066160728461,0.29763164438298056,0.5829176940097348
25879,LOF,0.0659567850536971,0.3071680295545481,0.6268751853917548
25880,LOF,0.02123353202360415,0.0513649011068266,0.9274015668695692
25881,LOF,0.20741549332841486,0.15395557364327586,0.6386289330283094
25882,LOF,0.07659607253078765,0.019399394285816968,0.9040045331833954
25883,LOF,0.08648044314190143,0.03371893364340217,0.8798006232146963
25884,LOF,0.04566646629533831,0.037350357142670064,0.9169831765619916
25885,LOF,0.0628048861833698,0.02246076290869559,0.9147343509079345
25886,LOF,0.3469595206245396,0.08702233923572994,0.5660181401397304
25887,LOF,0.21001518906903957,0.1578220850503914,0.632162725880569
25888,LOF,0.0810479747078803,0.08663560622700657,0.8323164190651131
25889,LOF,0.03538194618755173,0.041322772489456816,0.9232952813229914
25890,LOF,0.07128601375332748,0.11056187532964824,0.8181521109170243
25891,LOF,0.06478951657755197,0.056096117947187656,0.8791143654752605
25892,LOF,0.09651862192852677,0.0405606574265298,0.8629207206449434
25893,LOF,0.3272960402417594,0.031111354207453985,0.6415926055507867
25894,LOF,0.18783530816137117,0.012122813252447314,0.8000418785861815
25895,LOF,0.2544818385416462,0.02299298343679686,0.7225251780215568
25896,LOF,0.04828456645452835,0.025232527262872846,0.9264829062825989
25897,LOF,0.23153534094383843,0.035820219871388205,0.7326444391847733
25898,Neutral,0.8036109591985637,0.023165356043559324,0.17322368475787683
25899,LOF,0.23943215782375776,0.07538177176609803,0.6851860704101441
25900,Neutral,0.6316927599130643,0.015344087495014052,0.3529631525919216
25901,LOF,0.04577273849445761,0.017146458493771066,0.9370808030117713
25902,LOF,0.17438604143671,0.022090075087673577,0.8035238834756165
25903,Neutral,0.6169386364275367,0.08038370966490417,0.30267765390755913
25904,LOF,0.27447700116815366,0.04875947958577515,0.6767635192460713
25905,LOF,0.03759100686766998,0.33627950314911537,0.6261294899832147
25906,LOF,0.0247751370256022,0.06777933979373045,0.9074455231806673
25907,LOF,0.011911814775020128,0.4204968300657037,0.5675913551592762
25908,LOF,0.014322083323503822,0.2659323851126361,0.7197455315638601
25909,LOF,0.016768998796400748,0.11499149845999751,0.8682395027436017
25910,LOF,0.024755749989388426,0.43424827751492,0.5409959724956915
25911,LOF,0.06078966074878332,0.06717855296906546,0.8720317862821513
25912,LOF,0.025136796740921702,0.1338601624972335,0.8410030407618447
25913,LOF,0.22614727827547026,0.044231410639257854,0.7296213110852718
25914,LOF,0.022073336911497807,0.08922519799261501,0.8887014650958871
25915,Neutral,0.39722705598116714,0.2949416496667684,0.3078312943520644
25916,LOF,0.0346355055126482,0.43330198671119097,0.5320625077761607
25917,LOF,0.04403068534642048,0.05559206274832172,0.9003772519052577
25918,LOF,0.025823308996320835,0.05072460252899385,0.9234520884746853
25919,LOF,0.023545517036845872,0.05742950650459159,0.9190249764585625
25920,GOF,0.1423986409345451,0.5550967493743443,0.30250460969111065
25921,LOF,0.03449375434868962,0.027910914221145503,0.9375953314301649
25922,LOF,0.045478580354641876,0.020555027460943082,0.933966392184415
25923,LOF,0.3813677658206296,0.028118552052137168,0.5905136821272333
25924,LOF,0.04485964414749081,0.02610940296595743,0.9290309528865518
25925,LOF,0.07160856936912798,0.03589784930269201,0.8924935813281799
25926,LOF,0.0531865798861574,0.023374493932139674,0.9234389261817029
25927,LOF,0.07846165570985275,0.054960854193445687,0.8665774900967016
25928,LOF,0.02587352364956038,0.02137849710119928,0.9527479792492405
25929,Neutral,0.5335948413993418,0.0342965089715053,0.432108649629153
25930,LOF,0.0669399824265102,0.02124696934414134,0.9118130482293486
25931,LOF,0.032068752561959034,0.019839824938987307,0.9480914224990538
25932,LOF,0.030038175176316424,0.018976150430329235,0.9509856743933544
25933,LOF,0.039004074902179886,0.012213459945606393,0.9487824651522138
25934,LOF,0.02803182190140788,0.017468631657095147,0.9544995464414969
25935,LOF,0.06819853320512462,0.036059972312417754,0.8957414944824577
25936,LOF,0.04557514935371514,0.020446882985597156,0.9339779676606876
25937,LOF,0.03636382709121943,0.02545912579806603,0.9381770471107145
25938,LOF,0.06139924334787275,0.04699891404414386,0.8916018426079834
25939,LOF,0.04281866663362937,0.013665373696097112,0.9435159596702736
25940,GOF,0.02368997258434689,0.4938237433570413,0.48248628405861177
25941,LOF,0.16923986978077563,0.06797500478544946,0.762785125433775
25942,LOF,0.016514229653626204,0.027598830905146053,0.9558869394412277
25943,LOF,0.39210251617484015,0.049284132790454876,0.5586133510347049
25944,Neutral,0.48612514398100626,0.029818427759304832,0.48405642825968903
25945,LOF,0.08746480970105187,0.028365348685388817,0.8841698416135593
25946,LOF,0.04186191435011708,0.11377490698773314,0.8443631786621498
25947,LOF,0.17856941653070585,0.20140793500435825,0.6200226484649359
25948,LOF,0.4325486158824163,0.013098857470463418,0.5543525266471204
25949,LOF,0.12522001825996357,0.04404715436150866,0.8307328273785278
25950,GOF,0.2231443287335434,0.4849068908284501,0.2919487804380066
25951,LOF,0.21741819757631556,0.12043857812527943,0.662143224298405
25952,LOF,0.04901353539096802,0.42011274897856127,0.5308737156304707
25953,LOF,0.14243392390509577,0.08955465206790317,0.7680114240270011
25954,Neutral,0.39046178186682146,0.2255430110843754,0.3839952070488032
25955,LOF,0.07074882465047598,0.09484844577687401,0.83440272957265
25956,LOF,0.2244697737651146,0.03675756464626548,0.73877266158862
25957,LOF,0.04822164318307757,0.017010291440951366,0.934768065375971
25958,LOF,0.06194380062292102,0.023912582582512883,0.9141436167945661
25959,LOF,0.10116641428196103,0.3062841085906915,0.5925494771273475
25960,LOF,0.0277585473008974,0.055123073996010324,0.9171183787030924
25961,LOF,0.051490033176040034,0.035238568043249464,0.9132713987807105
25962,LOF,0.060150518089312544,0.04015312438059532,0.8996963575300921
25963,LOF,0.057154205125552,0.15702391698918064,0.7858218778852673
25964,LOF,0.034803912278890604,0.1561024824187303,0.8090936053023791
25965,Neutral,0.5118951302991928,0.049359921969127016,0.43874494773168027
25966,LOF,0.2796942474817301,0.3559570787799309,0.36434867373833907
25967,LOF,0.013726769836723246,0.13441198547094171,0.851861244692335
25968,LOF,0.049897419790867016,0.45187038190049866,0.4982321983086343
25969,LOF,0.023382548402683678,0.06658134586282233,0.910036105734494
25970,LOF,0.06615906203912957,0.03995958782421288,0.8938813501366575
25971,LOF,0.08127115458184672,0.02094322830160191,0.8977856171165512
25972,LOF,0.07979823678539354,0.023107568981912595,0.8970941942326939
25973,LOF,0.08509507072467656,0.012230227801756408,0.902674701473567
25974,LOF,0.34465450294644756,0.036914701659129155,0.6184307953944234
25975,LOF,0.04948669099073045,0.03319291180121895,0.9173203972080505
25976,LOF,0.03310767606061999,0.027156903734845615,0.9397354202045344
25977,LOF,0.13319463333676584,0.10592064600459708,0.7608847206586371
25978,LOF,0.17129721131197204,0.10467931371646484,0.724023474971563
25979,LOF,0.15940647817716716,0.08655537081588349,0.7540381510069494
25980,LOF,0.1983957379502911,0.17594448451700148,0.6256597775327074
25981,LOF,0.23757692860619464,0.16634732044114006,0.5960757509526653
25982,Neutral,0.45378355947830507,0.09973558343038687,0.4464808570913081
25983,LOF,0.4349693534409709,0.08804815377011811,0.4769824927889109
25984,LOF,0.04207326037030491,0.08387596680945548,0.8740507728202397
25985,LOF,0.02204408670127321,0.2606333758250763,0.7173225374736505
25986,LOF,0.027760328910467386,0.2648571512834206,0.7073825198061121
25987,LOF,0.0801467672172354,0.06729185029548239,0.8525613824872822
25988,LOF,0.09892947732694464,0.06447680954011262,0.8365937131329428
25989,LOF,0.022250751042386368,0.09951238468117622,0.8782368642764374
25990,LOF,0.03046117941572411,0.08507183602071532,0.8844669845635605
25991,LOF,0.20576223490529144,0.3190862765269967,0.4751514885677118
25992,LOF,0.391687214891036,0.19055183479553384,0.41776095031343013
25993,LOF,0.032624291629017844,0.0658584787524401,0.9015172296185421
25994,LOF,0.020467371926812652,0.09083156927579318,0.8887010587973941
25995,LOF,0.036022614175306875,0.08275865117703166,0.8812187346476615
25996,GOF,0.2810083704131574,0.4184301259744315,0.30056150361241113
25997,GOF,0.127349519919701,0.44198005462236395,0.430670425457935
25998,Neutral,0.5212608084843672,0.040759633601219224,0.4379795579144136
25999,LOF,0.11057197452370576,0.10832288264137944,0.7811051428349147
26000,LOF,0.07813749144389022,0.0272934268041972,0.8945690817519125
26001,LOF,0.1944746597613945,0.0379178651902816,0.7676074750483239
26002,LOF,0.09513857459499164,0.03745314138425852,0.8674082840207499
26003,GOF,0.012647619774864909,0.6619894537172698,0.32536292650786525
26004,GOF,0.03241792000215457,0.662689456855037,0.30489262314280835
26005,GOF,0.01305351041077845,0.5071695264930687,0.47977696309615286
26006,Neutral,0.5523141556058305,0.2724007801486727,0.17528506424549684
26007,GOF,0.024365118765934016,0.6045979045645896,0.3710369766694764
26008,GOF,0.021938007809889117,0.5657274661243078,0.41233452606580306
26009,GOF,0.044272841310751286,0.6745637968517618,0.2811633618374869
26010,GOF,0.029377729260425284,0.6958865252555853,0.27473574548398944
26011,LOF,0.012773182046795279,0.4658868585879485,0.5213399593652562
26012,GOF,0.023260570491583463,0.544933530863438,0.43180589864497854
26013,GOF,0.016287459460468705,0.6903142599051093,0.293398280634422
26014,LOF,0.04732618029002277,0.14744210766047297,0.8052317120495043
26015,LOF,0.22638073720992247,0.008793399824865274,0.7648258629652123
26016,LOF,0.32341252150891536,0.044459388291211745,0.6321280901998729
26017,LOF,0.21077081926306312,0.06726573834979557,0.7219634423871413
26018,LOF,0.09936108584974414,0.033242450800217496,0.8673964633500383
26019,LOF,0.09619974290234994,0.020151698216271365,0.8836485588813787
26020,LOF,0.08505505406637974,0.07656250656477968,0.8383824393688406
26021,LOF,0.07234662532469519,0.09117929750753705,0.8364740771677678
26022,LOF,0.013643865256773358,0.04301285028515875,0.9433432844580679
26023,LOF,0.1522178436421315,0.019809840807119717,0.8279723155507488
26024,LOF,0.039184803504750065,0.07687329451584415,0.8839419019794057
26025,LOF,0.18600018324233683,0.057697915262234584,0.7563019014954286
26026,LOF,0.377355734760251,0.011555461618559379,0.6110888036211897
26027,LOF,0.09814715749640197,0.013107732947887743,0.8887451095557104
26028,LOF,0.22828091098184308,0.07887147532498975,0.6928476136931672
26029,LOF,0.11811596432872368,0.14723442289061345,0.7346496127806629
26030,LOF,0.03633235012114975,0.03354956319799307,0.9301180866808573
26031,LOF,0.04135582755583036,0.10037447541684986,0.8582696970273197
26032,LOF,0.09546391438549358,0.020136487899687833,0.8843995977148186
26033,LOF,0.1396256575511251,0.02127744438476395,0.8390968980641109
26034,LOF,0.0697732956346251,0.10201716752716387,0.8282095368382111
26035,LOF,0.046377329259034455,0.0846746301130306,0.8689480406279348
26036,LOF,0.06477720041608669,0.10243674594270506,0.8327860536412082
26037,LOF,0.03952745550567443,0.08458265198593298,0.8758898925083927
26038,LOF,0.09467101916499213,0.019713301226489486,0.8856156796085185
26039,LOF,0.0929796008901008,0.09275074009669375,0.8142696590132055
26040,LOF,0.25872858292073647,0.05947087598568055,0.681800541093583
26041,LOF,0.03953791848607362,0.08175361147030208,0.8787084700436243
26042,LOF,0.039343893549338954,0.08236294252462291,0.8782931639260381
26043,LOF,0.09395908979134296,0.028347023759478195,0.8776938864491789
26044,LOF,0.041152098422235085,0.040585391115080485,0.9182625104626845
26045,LOF,0.1094551296920957,0.06504964633321086,0.8254952239746934
26046,LOF,0.10465459359558911,0.02980616737781531,0.8655392390265956
26047,LOF,0.13630015869232656,0.03758879488980283,0.8261110464178706
26048,LOF,0.05539064177222493,0.034768126520670635,0.9098412317071044
26049,Neutral,0.949651519311191,0.005319241439068848,0.04502923924974024
26050,Neutral,0.9315809819063039,0.00560025751043638,0.06281876058325964
26051,GOF,0.04654823216488244,0.5117290897345139,0.4417226781006036
26052,GOF,0.03977091660914386,0.5874721060222513,0.37275697736860475
26053,LOF,0.06710695160138075,0.41365226843233804,0.5192407799662813
26054,LOF,0.05532163976432845,0.0682393005205063,0.8764390597151653
26055,LOF,0.06909762950543098,0.05876037890604771,0.8721419915885213
26056,LOF,0.05689919084389273,0.07090118828106416,0.8721996208750432
26057,LOF,0.028957526511770543,0.026445665757332926,0.9445968077308964
26058,LOF,0.028898905292607,0.023298523494727424,0.9478025712126656
26059,LOF,0.3368778065746874,0.07240360590343518,0.5907185875218774
26060,LOF,0.03852151181235422,0.3246352645079352,0.6368432236797107
26061,LOF,0.020302238928374378,0.057057365682379894,0.9226403953892458
26062,LOF,0.01650948766188511,0.05482725909997217,0.9286632532381427
26063,LOF,0.024009382541889692,0.02605001028418239,0.9499406071739279
26064,LOF,0.027310578256293044,0.0314977148033022,0.9411917069404047
26065,LOF,0.027722938652426043,0.027763578135845682,0.9445134832117282
26066,LOF,0.021556386399098616,0.03337624844806168,0.9450673651528398
26067,LOF,0.02465821676236525,0.02131183210070185,0.954029951136933
26068,LOF,0.05117589254112184,0.06638278800738869,0.8824413194514896
26069,LOF,0.39974534735723294,0.052000490740746946,0.5482541619020201
26070,Neutral,0.641119576376406,0.027201484216669708,0.3316789394069242
26071,LOF,0.023541336542117822,0.03593076781564714,0.9405278956422352
26072,LOF,0.027496310813357957,0.06240163564117394,0.9101020535454681
26073,LOF,0.02557975973414265,0.02771220067169188,0.9467080395941654
26074,Neutral,0.8776084041333317,0.011034537348954649,0.11135705851771373
26075,LOF,0.04161995320105956,0.0526227130699892,0.9057573337289513
26076,LOF,0.043633202638359805,0.019631848230077728,0.9367349491315624
26077,LOF,0.01156963662992616,0.06476347843112558,0.9236668849389482
26078,LOF,0.01606298208162092,0.04728017687038256,0.9366568410479965
26079,LOF,0.050501202899853916,0.04939320966078932,0.9001055874393568
26080,LOF,0.050501202899853916,0.04939320966078932,0.9001055874393568
26081,LOF,0.03166996737852925,0.018439331162533316,0.9498907014589374
26082,LOF,0.025512467333558587,0.04677116297095972,0.9277163696954818
26083,LOF,0.1263892850926428,0.028693416729819624,0.8449172981775376
26084,LOF,0.02777775142451427,0.04002787813710845,0.9321943704383772
26085,LOF,0.022974539175336747,0.035186128705443784,0.9418393321192194
26086,LOF,0.023290642246972224,0.03724407874504582,0.9394652790079819
26087,LOF,0.026062182086668505,0.026559002042122772,0.9473788158712088
26088,LOF,0.028790464788932997,0.07080862937020081,0.9004009058408663
26089,LOF,0.046213064574231986,0.0646531878279882,0.88913374759778
26090,LOF,0.04353763436743098,0.05520087454383301,0.901261491088736
26091,LOF,0.0381961682381034,0.017480695668629413,0.9443231360932671
26092,LOF,0.029380593160530995,0.023320926685196197,0.9472984801542729
26093,LOF,0.041152457093911424,0.014744408525078426,0.9441031343810102
26094,LOF,0.04337315483754686,0.015461441947040914,0.9411654032154122
26095,LOF,0.045323541422565485,0.04276224542243126,0.9119142131550032
26096,LOF,0.021431644432364394,0.03942322103462574,0.9391451345330099
26097,LOF,0.013771223513341816,0.1071427789825405,0.8790859975041178
26098,LOF,0.06089713075676871,0.04168216359235652,0.8974207056508748
26099,LOF,0.025271933411700906,0.04178820796614398,0.9329398586221552
26100,LOF,0.026009618773334287,0.03712379256156056,0.9368665886651051
26101,LOF,0.05888174571629891,0.04291617723962462,0.8982020770440765
26102,LOF,0.02653791619472781,0.027840211094234114,0.945621872711038
26103,Neutral,0.8739510114862209,0.04923521229942827,0.07681377621435083
26104,LOF,0.050950765094128485,0.09274468974685932,0.8563045451590122
26105,LOF,0.2828094817581017,0.2140877752238237,0.5031027430180746
26106,LOF,0.15344920267594522,0.1460771130056712,0.7004736843183835
26107,LOF,0.25579421411656855,0.12872620053779196,0.6154795853456395
26108,LOF,0.18643900425785753,0.13358960903615985,0.6799713867059827
26109,LOF,0.06623875468464341,0.13196628703440483,0.8017949582809517
26110,LOF,0.2749458763138574,0.02760305379799566,0.6974510698881469
26111,LOF,0.45012240487787336,0.03309335740461994,0.5167842377175067
26112,LOF,0.038118851966000525,0.02392301278990764,0.9379581352440918
26113,LOF,0.055535590136904366,0.05691721821020788,0.8875471916528878
26114,LOF,0.0223841973377203,0.026895488416816212,0.9507203142454634
26115,LOF,0.09703267097538032,0.0513269346151394,0.8516403944094803
26116,LOF,0.054729763513835426,0.05911775072152809,0.8861524857646366
26117,LOF,0.3181389255185972,0.117532581423702,0.5643284930577009
26118,LOF,0.04033250289257756,0.05371367515226892,0.9059538219551534
26119,LOF,0.026664465674144044,0.08588945960364905,0.8874460747222069
26120,LOF,0.0329163969866387,0.04727784538473684,0.9198057576286244
26121,LOF,0.05125497702874861,0.12232924702121573,0.8264157759500356
26122,LOF,0.06423688614125152,0.0710286003189045,0.864734513539844
