feature0,prediction,LoGoFunc_Neutral,LoGoFunc_GOF,LoGoFunc_LOF
25546,Neutral,0.5965904479606591,0.050074429068206215,0.35333512297113473
25547,Neutral,0.47936130888524797,0.08324091128478019,0.4373977798299718
25548,Neutral,0.4847672883837678,0.06726023295577764,0.4479724786604544
25549,LOF,0.4168940590756608,0.0711960971141327,0.5119098438102064
25550,LOF,0.3414286553651698,0.10621510211870062,0.5523562425161296
25551,LOF,0.2819187466576591,0.12276314678596215,0.5953181065563787
25552,LOF,0.25290282438095946,0.12580369044551365,0.6212934851735269
25553,Neutral,0.7795167582323835,0.04558147181932823,0.17490176994828818
25554,LOF,0.28552060112905314,0.11259808712211025,0.6018813117488366
25555,LOF,0.2481212304076409,0.1044676650337741,0.6474111045585851
25556,LOF,0.4328986027677185,0.0916065182089906,0.4754948790232908
25557,LOF,0.2423948020960885,0.1120920042255452,0.6455131936783663
25558,LOF,0.2918233049947083,0.10644553142590717,0.6017311635793845
25559,LOF,0.2511056184895119,0.13642014445142234,0.6124742370590658
25560,LOF,0.16414430629842167,0.11274539795593727,0.7231102957456411
25561,LOF,0.16319339562962973,0.14327960225517528,0.693527002115195
25562,LOF,0.07576680609681026,0.07864149129516154,0.8455917026080283
25563,LOF,0.028056097741895162,0.1154967339970083,0.8564471682610966
25564,LOF,0.1961817168064216,0.0911637499252818,0.7126545332682966
25565,LOF,0.21574619929572098,0.13739040127829666,0.6468633994259824
25566,GOF,0.08172561933592622,0.6544955777692032,0.2637788028948707
25567,LOF,0.04243105897550518,0.1910072775865995,0.7665616634378953
25568,LOF,0.05964007375043518,0.11432899491727253,0.8260309313322923
25569,LOF,0.06017285223101159,0.11135646079410404,0.8284706869748845
25570,LOF,0.027745239739535126,0.12455467411356061,0.8477000861469043
25571,LOF,0.027460761498991973,0.13322979762639817,0.8393094408746099
25572,LOF,0.06806975581874285,0.15236557328334913,0.7795646708979079
25573,LOF,0.05965286157418292,0.12773819607415002,0.8126089423516671
25574,LOF,0.05547194893121203,0.2527436719011166,0.6917843791676714
25575,LOF,0.022045426300011835,0.1462384946913293,0.8317160790086588
25576,LOF,0.028710632324391167,0.18996730851413504,0.7813220591614739
25577,LOF,0.03263383707326418,0.14292777552947414,0.8244383873972617
25578,LOF,0.2871821689843778,0.13519447163142734,0.5776233593841947
25579,LOF,0.18475369338249545,0.1314484500592509,0.6837978565582536
25580,LOF,0.01946175226619217,0.10661779192344174,0.8739204558103661
25581,LOF,0.05271985994470129,0.10554880753726889,0.8417313325180298
25582,LOF,0.05249894494039471,0.10456230225229482,0.8429387528073106
25583,LOF,0.023000314464452495,0.11900280409539249,0.857996881440155
25584,Neutral,0.6902734190939169,0.13903453367685525,0.17069204722922784
25585,LOF,0.02064166820509557,0.1892597061194329,0.7900986256754714
25586,LOF,0.01691863382513109,0.09966592308594698,0.883415443088922
25587,LOF,0.01660267354080085,0.08905305532900254,0.8943442711301965
25588,LOF,0.01943445602761554,0.09947047083670052,0.8810950731356839
25589,Neutral,0.4821018436621705,0.2611731985185321,0.2567249578192974
25590,LOF,0.05031725518019525,0.162505342457509,0.7871774023622957
25591,LOF,0.0938556206381251,0.09298404262322586,0.8131603367386491
25592,LOF,0.054520981027702684,0.19433862047234887,0.7511403984999485
25593,LOF,0.11135815104286433,0.3150008996169963,0.5736409493401394
25594,LOF,0.04551375280205728,0.09457905140986625,0.8599071957880765
25595,LOF,0.04626346169066836,0.06600350454375396,0.8877330337655777
25596,LOF,0.09573904051752855,0.0344400639630191,0.8698208955194524
25597,LOF,0.08528242621179491,0.04184450703756861,0.8728730667506366
25598,LOF,0.04536479740534015,0.07297695198100143,0.8816582506136584
25599,LOF,0.02242025424153559,0.43681758885905164,0.5407621568994128
25600,GOF,0.1711660562113298,0.4392852223411407,0.3895487214475295
25601,LOF,0.03764726335746177,0.3747053085852841,0.5876474280572541
25602,LOF,0.036481153976703484,0.06568474299898643,0.89783410302431
25603,LOF,0.034320951485825826,0.040039288520157784,0.9256397599940164
25604,LOF,0.03858879507475303,0.09520462858989868,0.8662065763353483
25605,LOF,0.039837822430804234,0.18352730239975548,0.7766348751694403
25606,LOF,0.41317057506156957,0.13381884673427996,0.45301057820415036
25607,LOF,0.031899038787433144,0.19223153869667262,0.7758694225158942
25608,LOF,0.04325583999394597,0.09641373121927922,0.8603304287867748
25609,GOF,0.14611193896202648,0.5279215856949635,0.32596647534300993
25610,LOF,0.015550982539615843,0.04715731059290525,0.9372917068674789
25611,LOF,0.012572344107047446,0.048386125950682986,0.9390415299422696
25612,LOF,0.03969859660728076,0.0748782411217026,0.8854231622710167
25613,LOF,0.03841602716221258,0.07051507610818165,0.8910688967296057
25614,LOF,0.021100842553483795,0.04201412448287915,0.936885032963637
25615,LOF,0.039643588040882506,0.06633566555364395,0.8940207464054735
25616,LOF,0.0472230692331805,0.04531733254335713,0.9074595982234623
25617,LOF,0.037498314863050705,0.05656189040467404,0.9059397947322753
25618,LOF,0.040336597704636455,0.05915581111417115,0.9005075911811924
25619,LOF,0.012184410533880146,0.05538832862955712,0.9324272608365627
25620,LOF,0.05176808164818354,0.06554946647305239,0.882682451878764
25621,LOF,0.055130412749620245,0.05309394405160982,0.89177564319877
25622,LOF,0.06259176013998194,0.05684809138282392,0.8805601484771941
25623,LOF,0.06528054153133923,0.05221771098217031,0.8825017474864904
25624,LOF,0.017176230402654234,0.05689355071865196,0.9259302188786939
25625,LOF,0.059912113712719914,0.05478533700471584,0.8853025492825642
25626,LOF,0.043425170202528514,0.06562453596379982,0.8909502938336716
25627,Neutral,0.8857170507088087,0.024401571615162373,0.08988137767602898
25628,LOF,0.15314251226706685,0.06729997156162336,0.7795575161713098
25629,LOF,0.06983106420638568,0.05020993784469993,0.8799589979489144
25630,LOF,0.2525637730105314,0.07596585758815651,0.6714703694013122
25631,Neutral,0.5218305055109937,0.07398957274318323,0.40417992174582307
25632,LOF,0.025778354663560574,0.07342287183427168,0.9007987735021677
25633,LOF,0.20684326687894508,0.0451125496230125,0.7480441834980424
25634,LOF,0.034987403867096374,0.09936308953428041,0.8656495065986233
25635,LOF,0.03456819314093238,0.052344539037995394,0.9130872678210723
25636,LOF,0.03694947047931677,0.4482505026763087,0.5148000268443745
25637,GOF,0.0639072458327323,0.4891976874160303,0.44689506675123725
25638,LOF,0.028851243017907743,0.38770579483402856,0.5834429621480637
25639,LOF,0.027167362411773973,0.4029537622289381,0.5698788753592879
25640,Neutral,0.8364992072366785,0.11731217912160805,0.046188613641713415
25641,GOF,0.07919441793709359,0.5039125181508038,0.4168930639121025
25642,LOF,0.06573421874404865,0.17238312723981156,0.7618826540161397
25643,LOF,0.20573316764675928,0.12601830813427764,0.668248524218963
25644,LOF,0.02399791959747237,0.4571215473116952,0.5188805330908325
25645,LOF,0.025357831449752538,0.41058527383143456,0.5640568947188129
25646,LOF,0.06505934970617709,0.29748751696218345,0.6374531333316396
25647,LOF,0.026594774748188277,0.24629853939837262,0.7271066858534391
25648,LOF,0.029999324182516718,0.2492407653932777,0.7207599104242055
25649,LOF,0.016984797564466844,0.21265276549532836,0.7703624369402048
25650,LOF,0.05220995406356626,0.3909149907560792,0.5568750551803545
25651,LOF,0.018977694483553343,0.27043498379677,0.7105873217196765
25652,LOF,0.03120947194714726,0.2578804365675764,0.7109100914852763
25653,LOF,0.08790606379091738,0.41900310748368075,0.49309082872540194
25654,LOF,0.020714600393407508,0.22847861096238795,0.7508067886442045
25655,GOF,0.22872186381363394,0.4039890038241913,0.36728913236217475
25656,LOF,0.37411502719063966,0.0912452137154013,0.5346397590939591
25657,LOF,0.06692279248040264,0.08388124092121521,0.8491959665983823
25658,LOF,0.3818875827325503,0.08846980884023824,0.5296426084272114
25659,Neutral,0.4978633541226896,0.12174714319781361,0.38038950267949667
25660,LOF,0.02244468168101175,0.09733286958400439,0.8802224487349839
25661,LOF,0.0915995788019178,0.061434574238517475,0.8469658469595648
25662,LOF,0.03391569069183109,0.03275938765645019,0.9333249216517189
25663,LOF,0.04199517041183759,0.0461185625994959,0.9118862669886665
25664,LOF,0.13192560552932103,0.06507283653871178,0.8030015579319673
25665,LOF,0.05666596419449043,0.031218810671765313,0.9121152251337442
25666,LOF,0.09363739959735999,0.0637532489822832,0.8426093514203568
25667,LOF,0.07265432134678144,0.04195543499980333,0.8853902436534152
25668,LOF,0.03646548376312435,0.052624456956098076,0.9109100592807776
25669,LOF,0.030425574534918492,0.04857768727638535,0.9209967381886962
25670,LOF,0.14392331916086915,0.0535271857751033,0.8025494950640275
25671,LOF,0.114472565439872,0.033941668167832804,0.8515857663922952
25672,LOF,0.05103890228652587,0.04374760485615827,0.9052134928573158
25673,LOF,0.08198478285282992,0.04748302078734824,0.8705321963598218
25674,LOF,0.0694737668728849,0.05721271155197278,0.8733135215751424
25675,LOF,0.10684305326947534,0.05906106249563717,0.8340958842348876
25676,LOF,0.01903478448647356,0.052922018648802686,0.9280431968647238
25677,LOF,0.023281766400956142,0.07413272044331849,0.9025855131557254
25678,LOF,0.20011325937295124,0.07177483511274435,0.7281119055143043
25679,LOF,0.1254883854111265,0.0738666155363844,0.8006449990524891
25680,LOF,0.03218725692555453,0.12581192005128577,0.8420008230231596
25681,LOF,0.04774340927866749,0.11036540150485115,0.8418911892164814
25682,LOF,0.13661731905004884,0.07336770455353903,0.790014976396412
25683,LOF,0.12494265187699158,0.08652321969443444,0.788534128428574
25684,LOF,0.04018166672160269,0.0693858330970898,0.8904325001813076
25685,LOF,0.12827897190738308,0.07585897832587742,0.7958620497667395
25686,LOF,0.08486511133642483,0.10047280482532842,0.8146620838382467
25687,LOF,0.11735212916318295,0.10909325015883119,0.7735546206779859
25688,LOF,0.3628416812834333,0.04703148557687634,0.5901268331396904
25689,LOF,0.26834031350262944,0.05009149376631232,0.6815681927310583
25690,LOF,0.35653670169837676,0.04140572904281783,0.6020575692588054
25691,Neutral,0.7113937952391228,0.038845630202672905,0.24976057455820422
25692,LOF,0.365014951897339,0.012843220129388568,0.6221418279732723
25693,LOF,0.04430468167124387,0.4478146930848253,0.5078806252439308
25694,LOF,0.1268884134696554,0.017925384277956435,0.8551862022523882
25695,LOF,0.12024337201650775,0.018603524080350688,0.8611531039031415
25696,LOF,0.13575593278997317,0.011881624315122526,0.8523624428949043
25697,LOF,0.09161105158850424,0.05930801160464045,0.8490809368068553
25698,LOF,0.3521012776859006,0.15618471530184674,0.49171400701225276
25699,Neutral,0.4934103488087352,0.04377887797908158,0.4628107732121832
25700,LOF,0.08034444450790161,0.01106816024851961,0.9085873952435788
25701,LOF,0.18364256358923586,0.039356065129617146,0.777001371281147
25702,GOF,0.17260763151258607,0.5883675103830095,0.23902485810440438
25703,LOF,0.016557117538662305,0.15364839993322152,0.8297944825281162
25704,LOF,0.03732593112998073,0.11070490173626742,0.8519691671337517
25705,LOF,0.05429890832713299,0.1516729143147342,0.7940281773581328
25706,LOF,0.10892155300146475,0.4290514640673399,0.4620269829311952
25707,LOF,0.10290505853172467,0.37025640297494633,0.526838538493329
25708,LOF,0.03680250754951056,0.3546692537516812,0.6085282386988083
25709,LOF,0.06952647257030474,0.04791649275805994,0.8825570346716353
25710,LOF,0.012215571273288746,0.15854243743115987,0.8292419912955515
25711,LOF,0.02216953903339174,0.08850337641059905,0.8893270845560093
25712,LOF,0.013647035018724446,0.2173985271037966,0.768954437877479
25713,LOF,0.019445151826057338,0.08715301259658707,0.8934018355773556
25714,LOF,0.07976198433542023,0.0868938738130971,0.8333441418514826
25715,LOF,0.011349866783680867,0.1456228573548434,0.8430272758614757
25716,LOF,0.012220812614359675,0.10520362459729764,0.8825755627883427
25717,LOF,0.015808907505995198,0.07217260246073483,0.9120184900332698
25718,LOF,0.011538016733900336,0.10060623914862753,0.8878557441174721
25719,LOF,0.020902972403570034,0.07862559791320967,0.9004714296832202
25720,LOF,0.02508015108838247,0.07463955515319791,0.9002802937584196
25721,LOF,0.01400877662540902,0.12270993625003063,0.8632812871245603
25722,LOF,0.01438561085032453,0.12883289224643765,0.8567814969032378
25723,LOF,0.024190827520764,0.0518760917107598,0.9239330807684761
25724,LOF,0.0357185782035943,0.08600922044121151,0.8782722013551941
25725,LOF,0.011950654072498276,0.07949291893139661,0.9085564269961052
25726,LOF,0.016099352341848887,0.12331534221702167,0.8605853054411294
25727,LOF,0.012078415978586748,0.09031085986546548,0.8976107241559477
25728,LOF,0.010480137259267648,0.11392816076142838,0.875591701979304
25729,LOF,0.01057003180473312,0.11462296107963262,0.8748070071156342
25730,LOF,0.013780418465244812,0.09804123975452772,0.8881783417802275
25731,LOF,0.01871290937187776,0.09957861738358399,0.8817084732445383
25732,LOF,0.014548681961304263,0.07536937914336495,0.9100819388953308
25733,LOF,0.017083785239857416,0.07121494895755329,0.9117012658025893
25734,LOF,0.010212287296128575,0.12255254774058992,0.8672351649632816
25735,LOF,0.01221311225470206,0.08036028813198903,0.907426599613309
25736,LOF,0.013425601484468775,0.10076796461855453,0.8858064338969768
25737,LOF,0.012457544470658718,0.07404411340844398,0.9134983421208973
25738,LOF,0.011743195543700196,0.1168860637052676,0.8713707407510323
25739,LOF,0.021020265978363605,0.0843983453142971,0.8945813887073393
25740,LOF,0.028034382145299956,0.13535124912279176,0.8366143687319084
25741,LOF,0.0143604380380296,0.1312086897942907,0.8544308721676798
25742,LOF,0.13543881858216145,0.08476683202394944,0.779794349393889
25743,LOF,0.03505740547129782,0.06444316336444159,0.9004994311642607
25744,Neutral,0.5386606937384328,0.27384375367748653,0.18749555258408054
25745,LOF,0.057633891421153154,0.0886206365812738,0.853745471997573
25746,LOF,0.04040729078614428,0.11366262238027634,0.8459300868335794
25747,LOF,0.018377187271642857,0.08913466493582638,0.8924881477925307
25748,LOF,0.113427602036647,0.1213389441586381,0.765233453804715
25749,LOF,0.025984213547185823,0.10835427061844301,0.8656615158343711
25750,LOF,0.07761428401422417,0.09433952168097173,0.8280461943048042
25751,LOF,0.08703161081341937,0.15035667079498502,0.7626117183915957
25752,GOF,0.12999531743320528,0.6447754313463024,0.22522925122049217
25753,LOF,0.020853569450950456,0.28970922968555723,0.6894372008634922
25754,GOF,0.01358978496779573,0.7992345482142165,0.18717566681798758
25755,LOF,0.02483306081584955,0.4071126486494084,0.5680542905347421
25756,LOF,0.04978857850677769,0.3587877196834577,0.5914237018097647
25757,GOF,0.017987057884939168,0.8355213391850788,0.14649160292998195
25758,GOF,0.02775748513448515,0.8032970502146729,0.16894546465084198
25759,GOF,0.011279675083485242,0.5961817903933343,0.39253853452318055
25760,LOF,0.014029682759073374,0.26849881043978513,0.7174715068011415
25761,GOF,0.2698151117630548,0.6291881695413649,0.10099671869558018
25762,LOF,0.04840684344600581,0.2597739947294026,0.6918191618245917
25763,LOF,0.014596560423744909,0.20612182512923408,0.779281614447021
25764,GOF,0.08895162015236305,0.6201613399726611,0.2908870398749757
25765,GOF,0.037884144520536,0.7222762879389999,0.23983956754046398
25766,GOF,0.06854337284279088,0.7491818878964477,0.1822747392607615
25767,GOF,0.14351417746673942,0.5171725780318781,0.33931324450138234
25768,LOF,0.10960022808573128,0.057826172685167446,0.8325735992291012
25769,LOF,0.0626206467831845,0.06812609080200241,0.8692532624148132
25770,LOF,0.3439203814811738,0.10616521282602775,0.5499144056927985
25771,LOF,0.0468373119274674,0.05218787245318032,0.9009748156193522
25772,LOF,0.018905255500470532,0.049590810594008404,0.9315039339055211
25773,LOF,0.048593707502649526,0.09381063583477127,0.8575956566625792
25774,LOF,0.02695440352160379,0.08594656057515095,0.8870990359032452
25775,LOF,0.0487036816390459,0.05583089411647882,0.8954654242444753
25776,LOF,0.07739418639475742,0.0283261572581704,0.8942796563470721
25777,LOF,0.3491090244856046,0.06341786821993668,0.5874731072944588
25778,LOF,0.07291554857426888,0.050033314275033616,0.8770511371506975
25779,GOF,0.368169890934991,0.5856392303539206,0.046190878711088505
25780,GOF,0.33006349981427646,0.5832932997763154,0.08664320040940822
25781,GOF,0.12571089292044052,0.7508306503214723,0.12345845675808706
25782,GOF,0.2005685619593132,0.7005281759429358,0.09890326209775113
25783,GOF,0.020835240278914393,0.6336779961899032,0.3454867635311824
25784,Neutral,0.5034352869830698,0.4556119948617929,0.0409527181551374
25785,GOF,0.4696757754442716,0.49554416946176216,0.03478005509396623
25786,GOF,0.02724745934329432,0.7490166952502366,0.22373584540646888
25787,Neutral,0.6639826100312994,0.31401059704882744,0.0220067929198731
25788,LOF,0.06034453183756947,0.10815440562516755,0.8315010625372631
25789,GOF,0.22477769123275737,0.6489872916393654,0.1262350171278772
25790,GOF,0.2208304898311182,0.6787413871190456,0.10042812304983614
25791,GOF,0.17263515836626972,0.6648310829705194,0.16253375866321085
25792,GOF,0.387932436165443,0.5009169941300027,0.11115056970455442
25793,GOF,0.2674844937797525,0.5366801801856529,0.19583532603459455
25794,GOF,0.31083732313201135,0.5283409093280297,0.16082176753995883
25795,GOF,0.08130112583793357,0.6644052041457682,0.2542936700162983
25796,Neutral,0.5534244713724095,0.35725957021590654,0.08931595841168402
25797,GOF,0.08067856417968566,0.5249997586285403,0.3943216771917742
25798,GOF,0.00972077915605521,0.5275007857810924,0.4627784350628524
25799,LOF,0.007883210812184216,0.418085788147871,0.5740310010399448
25800,GOF,0.032398094954581805,0.5967640175518275,0.3708378874935907
25801,GOF,0.2201281012577382,0.6428389059070945,0.13703299283516734
25802,GOF,0.062302978011651584,0.676409160654374,0.2612878613339745
25803,GOF,0.03812150539176222,0.5654346708827004,0.39644382372553744
25804,GOF,0.036197025739012956,0.4936992856101109,0.4701036886508761
25805,GOF,0.092977440796205,0.5814509486816879,0.32557161052210704
25806,GOF,0.11537196552459578,0.5851987052895059,0.29942932918589826
25807,GOF,0.018921794917256037,0.6035265852555334,0.3775516198272106
25808,GOF,0.08492288325128783,0.6013180468411838,0.3137590699075283
25809,GOF,0.019064452270860222,0.5852951799299008,0.395640367799239
25810,GOF,0.017926710139882784,0.5998708763441902,0.38220241351592704
25811,Neutral,0.46366779272774455,0.46255936620675164,0.07377284106550376
25812,GOF,0.035502793503922186,0.6362079312009827,0.328289275295095
25813,Neutral,0.5239170143476342,0.37758235198080253,0.09850063367156334
25814,GOF,0.13074691302704972,0.6598037362230107,0.20944935074993962
25815,GOF,0.20434408248225244,0.6191014747947747,0.1765544427229729
25816,GOF,0.018355325740261386,0.6933739794161194,0.2882706948436192
25817,GOF,0.2332845501498773,0.6370624106106803,0.1296530392394426
25818,GOF,0.055051658038335796,0.6206788647469978,0.32426947721466637
25819,GOF,0.37181513088191626,0.47169914803520335,0.15648572108288047
25820,GOF,0.17209925591659103,0.5898123326998239,0.23808841138358508
25821,GOF,0.05771254956226109,0.6448726935674238,0.29741475687031504
25822,GOF,0.22516443947283205,0.5271735585850331,0.24766200194213492
25823,GOF,0.03229419091773329,0.5005123946937793,0.46719341438848744
25824,GOF,0.08964921048992741,0.5494034204688099,0.3609473690412627
25825,GOF,0.03324889693193387,0.5534315284428295,0.41331957462523666
25826,GOF,0.01144861981653087,0.5243269342707426,0.46422444591272644
25827,GOF,0.0216570725157872,0.5841352135709146,0.3942077139132982
25828,GOF,0.012270515409344027,0.5068285087910176,0.48090097579963836
25829,GOF,0.006659894668577019,0.5712308635392578,0.4221092417921652
25830,LOF,0.03748835462208323,0.32081210271936156,0.6416995426585552
25831,GOF,0.19775711807018403,0.6668976081938118,0.13534527373600416
25832,GOF,0.031616780806904624,0.6825317442548979,0.28585147493819746
25833,GOF,0.1273904304955857,0.697372122181709,0.1752374473227053
25834,GOF,0.03901601298311407,0.695839449866521,0.26514453715036496
25835,GOF,0.08824128936722711,0.7372120768440649,0.17454663378870808
25836,GOF,0.04253850238601683,0.6823446884025732,0.27511680921141
25837,GOF,0.024604530574459032,0.5333565711449675,0.4420388982805736
25838,GOF,0.08585722313656402,0.724561566175327,0.18958121068810907
25839,GOF,0.27334047481846924,0.5708546925215786,0.15580483265995212
25840,GOF,0.22576296675480992,0.6068929450241828,0.16734408822100735
25841,GOF,0.25272838790397906,0.5928012865291122,0.15447032556690854
25842,GOF,0.19135192750103536,0.6621661229333342,0.14648194956563046
25843,GOF,0.26218365096645385,0.6354191098667284,0.10239723916681773
25844,GOF,0.06754944362045111,0.6906753324481989,0.24177522393135004
25845,LOF,0.01493023219531854,0.47937484215541804,0.5056949256492634
25846,GOF,0.13516315507913848,0.7070751539523654,0.15776169096849607
25847,GOF,0.12537097578530337,0.7643579958393751,0.11027102837532127
25848,GOF,0.036480039638870525,0.6743214038597706,0.28919855650135884
25849,GOF,0.011184215131257301,0.5705181254053547,0.4182976594633879
25850,GOF,0.021417951667345034,0.6629085778074265,0.31567347052522854
25851,GOF,0.016880985651111305,0.5461600886639736,0.4369589256849151
25852,GOF,0.17337087761490064,0.566461091197556,0.2601680311875434
25853,GOF,0.3852280414309136,0.5559296713247183,0.0588422872443682
25854,GOF,0.023403712718375713,0.6310448647866536,0.34555142249497073
25855,GOF,0.03541057710134807,0.5688410435632234,0.3957483793354285
25856,GOF,0.24301283061772416,0.5480808699548192,0.20890629942745667
25857,GOF,0.03329819365412725,0.4925085898681966,0.47419321647767604
25858,GOF,0.017902876667386942,0.5448609708506547,0.43723615248195835
25859,GOF,0.00969909382956268,0.5388956454602186,0.45140526071021886
25860,GOF,0.3870032535507343,0.5340845227986505,0.07891222365061523
25861,GOF,0.4149758713315846,0.5095743321590586,0.07544979650935683
25862,GOF,0.09232782431831497,0.7663120023310557,0.14136017335062942
25863,GOF,0.08862359573623552,0.7714090219552385,0.139967382308526
25864,GOF,0.180426190648253,0.7325068279717168,0.08706698138003022
25865,GOF,0.0852303242906365,0.7938814574545849,0.12088821825477863
25866,GOF,0.0656468290622143,0.7911209322401117,0.14323223869767404
25867,GOF,0.09320122112200913,0.8057942129725213,0.10100456590546965
25868,GOF,0.2679403610113914,0.6480328368453822,0.0840268021432265
25869,Neutral,0.6951855964976037,0.26824449149560653,0.036569912006789794
25870,Neutral,0.34469394618396515,0.3387298760562392,0.31657617775979563
25871,GOF,0.21095438535973185,0.6203521559398372,0.16869345870043084
25872,GOF,0.08563075825331996,0.6476809394233547,0.2666883023233254
25873,GOF,0.14379958110844052,0.6681464410862611,0.18805397780529837
25874,LOF,0.018619786624533625,0.12045032794467929,0.8609298854307871
25875,LOF,0.09635105621358062,0.033706036021217786,0.8699429077652016
25876,LOF,0.03664160226425236,0.042222160685450996,0.9211362370502968
25877,Neutral,0.5058908305443581,0.03615829300570775,0.4579508764499341
25878,LOF,0.22817577633182842,0.06349652245896066,0.7083277012092108
25879,LOF,0.08493999227990541,0.07313501419705451,0.8419249935230401
25880,LOF,0.023400076772089492,0.019027985036192088,0.9575719381917184
25881,LOF,0.1833639798984535,0.09781911942666048,0.718816900674886
25882,LOF,0.06671457686648213,0.015849983836282142,0.9174354392972357
25883,LOF,0.08614449190749422,0.017320092045071622,0.8965354160474341
25884,LOF,0.037564241882219594,0.027979617608969942,0.9344561405088103
25885,LOF,0.070425649074282,0.011316234341870941,0.9182581165838472
25886,LOF,0.3472378519857436,0.027641304790723388,0.6251208432235331
25887,LOF,0.15693508348739466,0.05863364037093715,0.7844312761416682
25888,LOF,0.06770007406184363,0.0524830130983117,0.8798169128398446
25889,LOF,0.0505798798536034,0.01843587506808156,0.930984245078315
25890,LOF,0.05678768749801938,0.1301221709285673,0.8130901415734133
25891,LOF,0.04730004754346808,0.04871195662368528,0.9039879958328466
25892,LOF,0.09995157733353831,0.02177740927959233,0.8782710133868694
25893,LOF,0.25435730404379264,0.016895696518049428,0.728746999438158
25894,LOF,0.18224941192598754,0.00968802413666787,0.8080625639373445
25895,LOF,0.22009919962289134,0.01880876435503711,0.7610920360220715
25896,LOF,0.046460754787306074,0.019080701942779537,0.9344585432699145
25897,LOF,0.2405392718712584,0.011742444158260059,0.7477182839704816
25898,Neutral,0.6943665466922253,0.010030288276836385,0.29560316503093836
25899,LOF,0.2413785557417783,0.019784115619938446,0.7388373286382832
25900,LOF,0.4287384088841734,0.015242099215873663,0.5560194918999529
25901,LOF,0.05896507664870727,0.011739707297820211,0.9292952160534724
25902,LOF,0.14859990392946237,0.012829147700755323,0.8385709483697824
25903,Neutral,0.5043712321931828,0.03307871039467045,0.46255005741214666
25904,LOF,0.27329382558697907,0.045227006652019223,0.6814791677610016
25905,LOF,0.0222141451707736,0.3041998369372459,0.6735860178919805
25906,LOF,0.02099277083145531,0.06681995027302293,0.9121872788955218
25907,LOF,0.013808791184623357,0.3191045311708369,0.6670866776445398
25908,LOF,0.011191868335884163,0.22518283531193253,0.7636252963521832
25909,LOF,0.014033062589663676,0.144889337903583,0.8410775995067533
25910,LOF,0.051576304826705145,0.128101411386145,0.8203222837871499
25911,LOF,0.1731278214726474,0.03231027776978429,0.7945619007575683
25912,LOF,0.04414419009002155,0.05442284667535868,0.9014329632346199
25913,LOF,0.28675312939267594,0.02794320362742931,0.6853036669798946
25914,LOF,0.020447125339268873,0.13200672494388924,0.847546149716842
25915,Neutral,0.4477648158713347,0.35561492312369153,0.1966202610049738
25916,LOF,0.061656571461454604,0.39551354226859753,0.5428298862699479
25917,LOF,0.05782249655778681,0.08716382383678113,0.8550136796054321
25918,LOF,0.027777971639028013,0.07766139747558416,0.8945606308853877
25919,LOF,0.022257079514306985,0.08383768460258476,0.8939052358831083
25920,GOF,0.09516809123637432,0.5082927532790271,0.39653915548459856
25921,LOF,0.027573173719076544,0.028572820445116148,0.9438540058358073
25922,LOF,0.03781396742307063,0.018774025836577526,0.9434120067403519
25923,LOF,0.40438908109238275,0.02180685035274581,0.5738040685548714
25924,LOF,0.036204637929269555,0.040332453001494024,0.9234629090692364
25925,LOF,0.06688746999881352,0.028760980062753887,0.9043515499384327
25926,LOF,0.04803410514011009,0.023220237927224604,0.9287456569326654
25927,LOF,0.07418705374298772,0.07936629083278811,0.8464466554242241
25928,LOF,0.021188886386284245,0.037220541320260876,0.9415905722934548
25929,Neutral,0.535834028613684,0.024081176615638987,0.4400847947706769
25930,LOF,0.05520884034070143,0.02086370889349194,0.9239274507658066
25931,LOF,0.030336478601312413,0.020938877497625456,0.948724643901062
25932,LOF,0.02677981158510738,0.02018103161549374,0.9530391567993989
25933,LOF,0.037695207523910694,0.014197638654961478,0.9481071538211278
25934,LOF,0.02508166828050504,0.017269854893662524,0.9576484768258324
25935,LOF,0.060007767101212944,0.03132612982141781,0.9086661030773693
25936,LOF,0.04661973612777898,0.020487389784394138,0.9328928740878268
25937,LOF,0.0302235867697867,0.028116238762576046,0.9416601744676372
25938,LOF,0.06267080601222427,0.033582083924319536,0.9037471100634561
25939,LOF,0.03954267072482232,0.01327153874101578,0.947185790534162
25940,LOF,0.035393436426239044,0.3934925059177763,0.5711140576559847
25941,LOF,0.19847382636180913,0.08414943473340156,0.7173767389047894
25942,LOF,0.01759543391192896,0.03114052613693795,0.9512640399511332
25943,LOF,0.3284541145052453,0.056757109786839156,0.6147887757079155
25944,Neutral,0.5032753876981899,0.027188171926219234,0.4695364403755909
25945,LOF,0.06502500799864244,0.024716007797373846,0.9102589842039837
25946,LOF,0.025327082085372515,0.12916183503270903,0.8455110828819185
25947,LOF,0.11823639069171571,0.211903268710263,0.6698603405980212
25948,LOF,0.4108370853776222,0.009698123069913888,0.579464791552464
25949,LOF,0.09924893346461867,0.05042360093421978,0.8503274656011615
25950,GOF,0.2567231668622609,0.40491638639997374,0.33836044673776544
25951,LOF,0.2715308336742956,0.23249359519371987,0.49597557113198454
25952,LOF,0.042071687858631045,0.443327294135196,0.514601018006173
25953,LOF,0.1305315370342977,0.11233175785319945,0.757136705112503
25954,LOF,0.4035631178633438,0.1771430835172746,0.41929379861938154
25955,LOF,0.05540663761410881,0.08478999005142926,0.859803372334462
25956,LOF,0.17020370637155136,0.11134191201921757,0.7184543816092309
25957,LOF,0.03836519659105832,0.03256467496042391,0.9290701284485178
25958,LOF,0.06327291558602274,0.027311814036201035,0.9094152703777763
25959,LOF,0.08594112053598092,0.3647574344164453,0.5493014450475737
25960,LOF,0.01880495484587672,0.05012770294355129,0.931067342210572
25961,LOF,0.05302049671092472,0.029077176372080137,0.9179023269169951
25962,LOF,0.060406351954477334,0.03391400540682283,0.9056796426386998
25963,LOF,0.045703624836644474,0.17526542105176776,0.7790309541115878
25964,LOF,0.036070711533550015,0.14790520704060078,0.8160240814258491
25965,LOF,0.4483655358249795,0.08900803964859105,0.4626264245264293
25966,Neutral,0.46088580569086546,0.10630089336562931,0.4328133009435052
25967,LOF,0.01341286201182516,0.060439612501316,0.9261475254868589
25968,GOF,0.030435884691518728,0.493278164953909,0.4762859503545723
25969,LOF,0.025186259419725774,0.06160846343850102,0.9132052771417732
25970,LOF,0.0584589240402699,0.05831668608932506,0.883224389870405
25971,LOF,0.07552685330632798,0.014986940323503848,0.9094862063701681
25972,LOF,0.07529889681929791,0.020030507147212037,0.90467059603349
25973,LOF,0.09114802087118858,0.008507014199849663,0.9003449649289617
25974,LOF,0.19741050926820025,0.019042299948676955,0.7835471907831227
25975,LOF,0.05114245191945035,0.025236986301134086,0.9236205617794156
25976,LOF,0.04430570885944896,0.01312133774489818,0.9425729533956528
25977,LOF,0.1578318689593329,0.08972928392526842,0.7524388471153985
25978,LOF,0.1562105572684689,0.05500223657421218,0.788787206157319
25979,LOF,0.13937257062270725,0.05769711203766084,0.802930317339632
25980,LOF,0.21320262092341247,0.07575392559004435,0.7110434534865432
25981,LOF,0.25035520067639444,0.0730039289921065,0.6766408703314991
25982,LOF,0.4368724743459812,0.044176032652355604,0.5189514930016632
25983,LOF,0.41676396249640313,0.049992463120011654,0.5332435743835853
25984,LOF,0.05338007491398363,0.049315961841325515,0.8973039632446909
25985,LOF,0.02923310653436154,0.2502030014481194,0.720563892017519
25986,LOF,0.04036949371205078,0.29077504271990046,0.6688554635680487
25987,LOF,0.08865896385439169,0.06735018006183646,0.8439908560837719
25988,LOF,0.1455316598523456,0.05659599507139444,0.7978723450762599
25989,LOF,0.030756696801300196,0.10594068672665442,0.8633026164720454
25990,LOF,0.03607579806165739,0.1416270763354372,0.8222971256029055
25991,LOF,0.1694931752577476,0.2926965699185724,0.5378102548236801
25992,LOF,0.36181056244441123,0.15989752581679556,0.47829191173879326
25993,LOF,0.023177032157745484,0.0640337344250162,0.9127892334172384
25994,LOF,0.017453112828420766,0.09584058747028786,0.8867062997012913
25995,LOF,0.02580049064460792,0.16971170409496641,0.8044878052604256
25996,GOF,0.30857562228177154,0.4317084629665284,0.2597159147517
25997,GOF,0.09221790303519357,0.48182963516309585,0.4259524618017106
25998,Neutral,0.5437666288506934,0.03114586066392423,0.42508751048538246
25999,LOF,0.10611110240951364,0.10911552523482243,0.784773372355664
26000,LOF,0.1544395699714699,0.02785424139306601,0.8177061886354641
26001,LOF,0.2011830908382324,0.03054666671779418,0.7682702424439734
26002,LOF,0.11920207314657573,0.03310669236046943,0.8476912344929547
26003,GOF,0.011556235051364851,0.5737131992114982,0.4147305657371369
26004,GOF,0.024352736254493593,0.6173965393019417,0.35825072444356454
26005,LOF,0.009252000181851542,0.4373255893117537,0.5534224105063947
26006,Neutral,0.5134159203105362,0.22102665046497044,0.26555742922449344
26007,GOF,0.02312362793166486,0.5285088083678736,0.4483675637004615
26008,GOF,0.021346873758584177,0.5753083520995106,0.40334477414190517
26009,GOF,0.027982541616086303,0.6220224599489533,0.3499949984349604
26010,GOF,0.031012552400675103,0.6023336065615832,0.3666538410377417
26011,LOF,0.007865479844179261,0.43516366406171136,0.5569708560941093
26012,GOF,0.01757993509313224,0.5651827951820185,0.4172372697248492
26013,GOF,0.022648666913989368,0.5968359040207363,0.3805154290652744
26014,LOF,0.04370232060256115,0.13671957170541674,0.8195781076920221
26015,LOF,0.21058871461176473,0.008350441990683409,0.7810608433975518
26016,LOF,0.24932106161679055,0.03536350431567468,0.7153154340675348
26017,LOF,0.24762379931878692,0.06208343824044596,0.6902927624407671
26018,LOF,0.10301354300887225,0.03011756071246899,0.8668688962786587
26019,LOF,0.09829918576921004,0.023056677591894694,0.8786441366388952
26020,LOF,0.06708801795328226,0.08554360636543669,0.8473683756812811
26021,LOF,0.046231779060990706,0.10295053255780277,0.8508176883812064
26022,LOF,0.011075642411593346,0.038178585914812935,0.9507457716735938
26023,LOF,0.12385209237029335,0.01849831159097419,0.8576495960387326
26024,LOF,0.027994691580222022,0.10436521858804641,0.8676400898317316
26025,LOF,0.16280748929385083,0.08025276739080851,0.7569397433153406
26026,LOF,0.3252676794591357,0.020210193990161683,0.6545221265507026
26027,LOF,0.09677865615520805,0.013662013084048111,0.8895593307607438
26028,LOF,0.14557939612131354,0.06273496128704201,0.7916856425916445
26029,LOF,0.08307684722952592,0.20400722257830012,0.7129159301921739
26030,LOF,0.0292628120848314,0.06606032957759175,0.9046768583375768
26031,LOF,0.03479863756624948,0.15613263683299242,0.8090687256007582
26032,LOF,0.07218538918314044,0.0687693748831644,0.8590452359336952
26033,LOF,0.13781721955478787,0.08512788957369273,0.7770548908715194
26034,LOF,0.05358721296242951,0.16548505660030113,0.7809277304372694
26035,LOF,0.03222144158119621,0.16621934331113183,0.8015592151076719
26036,LOF,0.048035067660206925,0.19072843723927002,0.761236495100523
26037,LOF,0.025911833127687325,0.13761552933347543,0.8364726375388373
26038,LOF,0.06679076990092589,0.07177242844555501,0.8614368016535191
26039,LOF,0.06515908241466174,0.17031764671043248,0.7645232708749058
26040,LOF,0.21847813331546734,0.14484493596604384,0.6366769307184889
26041,LOF,0.027012337614758686,0.12617413804235067,0.8468135243428906
26042,LOF,0.02690370805499431,0.12109684461515711,0.8519994473298484
26043,LOF,0.06596577324685933,0.08485044728588047,0.8491837794672603
26044,LOF,0.02329128005473838,0.07934641135713869,0.8973623085881229
26045,LOF,0.08311073616582453,0.10785091195703131,0.8090383518771442
26046,LOF,0.06824014911001579,0.08304683029224176,0.8487130205977425
26047,LOF,0.0971661627701644,0.08709195282376322,0.8157418844060724
26048,LOF,0.05367397786178997,0.055636767976601796,0.8906892541616083
26049,Neutral,0.9588218677617927,0.009205185352398917,0.031972946885808304
26050,Neutral,0.9427841577483522,0.011829703788874645,0.04538613846277315
26051,LOF,0.04856674514663691,0.30602583099286745,0.6454074238604957
26052,LOF,0.06396743172557827,0.325104274958672,0.6109282933157497
26053,LOF,0.0573900981342834,0.12974809646426114,0.8128618054014555
26054,LOF,0.053679679412568286,0.018706994297163947,0.9276133262902678
26055,LOF,0.0740147654139941,0.01512318865528121,0.9108620459307247
26056,LOF,0.05976406305191521,0.01653203581648974,0.9237039011315952
26057,LOF,0.033668059442844255,0.012132951075974207,0.9541989894811815
26058,LOF,0.03506474383822652,0.009222638766095302,0.9557126173956781
26059,LOF,0.31767427365086504,0.02601656492219139,0.6563091614269435
26060,LOF,0.03221158986994336,0.1939408719072649,0.7738475382227917
26061,LOF,0.018291040056270188,0.011042407762805018,0.9706665521809248
26062,LOF,0.011790568278903232,0.01956719707728785,0.9686422346438089
26063,LOF,0.024266154672235044,0.01239847580594331,0.9633353695218217
26064,LOF,0.02361802667561937,0.018544549712251113,0.9578374236121294
26065,LOF,0.027160294818504262,0.01143812346034142,0.9614015817211543
26066,LOF,0.023116445367461234,0.010864880310532942,0.9660186743220058
26067,LOF,0.03093064248304079,0.00870762725256889,0.9603617302643904
26068,LOF,0.04925844522664555,0.03436429848924983,0.9163772562841046
26069,LOF,0.2533914241095621,0.020300973142511933,0.7263076027479259
26070,LOF,0.3770917031060706,0.016656120006705383,0.606252176887224
26071,LOF,0.02509869660931808,0.013454772947087112,0.9614465304435948
26072,LOF,0.022547068248544338,0.018447252931386857,0.9590056788200688
26073,LOF,0.026801964511123648,0.010804817193777858,0.9623932182950985
26074,Neutral,0.9048183043464278,0.005631688898247659,0.08955000675532442
26075,LOF,0.045665619262928246,0.014787435237827598,0.9395469454992441
26076,LOF,0.04980278089109496,0.008889439588259008,0.941307779520646
26077,LOF,0.009456356512807903,0.019573952870324464,0.9709696906168677
26078,LOF,0.014457875445100622,0.01010674320015679,0.9754353813547425
26079,LOF,0.06185813076839737,0.017312000130989012,0.9208298691006137
26080,LOF,0.060519445270723726,0.017289936263462997,0.9221906184658133
26081,LOF,0.04133545341581399,0.0058428628881977505,0.9528216836959882
26082,LOF,0.0174125275330827,0.014120972523299233,0.9684664999436182
26083,LOF,0.14327489245983438,0.012501575932733194,0.8442235316074325
26084,LOF,0.030466609903311192,0.011680687353339216,0.9578527027433497
26085,LOF,0.02544536106961922,0.011269401914805324,0.9632852370155756
26086,LOF,0.027330738441796627,0.011343644202770637,0.9613256173554326
26087,LOF,0.030095866662668194,0.00804896342775826,0.9618551699095735
26088,LOF,0.015798583807413346,0.028039354293289145,0.9561620618992974
26089,LOF,0.04509323373233689,0.023000264319179772,0.9319065019484833
26090,LOF,0.044192034948997226,0.01867402129212941,0.9371339437588733
26091,LOF,0.04317193199491251,0.005994602265390635,0.9508334657396968
26092,LOF,0.029131760252736828,0.008138682308613759,0.9627295574386495
26093,LOF,0.04257637350753859,0.00593091970912448,0.9514927067833369
26094,LOF,0.045629544776543664,0.006250950436144513,0.9481195047873118
26095,LOF,0.048073729440527124,0.013913048020732835,0.93801322253874
26096,LOF,0.022052328885922106,0.010486631482298912,0.9674610396317789
26097,LOF,0.012199985264193778,0.03791116322513168,0.9498888515106745
26098,LOF,0.07234218063345874,0.01032058173702528,0.9173372376295159
26099,LOF,0.0267230293041474,0.012517442424324897,0.9607595282715277
26100,LOF,0.028868861520423925,0.012257663480065895,0.9588734749995101
26101,LOF,0.061599056800609266,0.01102185480297922,0.9273790883964116
26102,LOF,0.027715325936104273,0.01438598088292396,0.9578986931809718
26103,Neutral,0.8875733511240057,0.018530697704486458,0.09389595117150794
26104,LOF,0.08033790531286182,0.028156912773036426,0.8915051819141019
26105,LOF,0.21348059567279432,0.291137275505734,0.49538212882147165
26106,LOF,0.21994545714200872,0.12979853758463575,0.6502560052733555
26107,LOF,0.2727914522802187,0.07949188771796463,0.6477166600018165
26108,LOF,0.2300971927307471,0.12191778074335131,0.6479850265259015
26109,LOF,0.10120776665317369,0.07808934837927242,0.8207028849675538
26110,LOF,0.24205118980268403,0.00653761024084443,0.7514111999564715
26111,Neutral,0.5166203439593252,0.016713279975094277,0.4666663760655806
26112,LOF,0.03339119222699771,0.008525300443758238,0.9580835073292441
26113,LOF,0.053330349181785794,0.014629439159032968,0.9320402116591812
26114,LOF,0.029517028357869807,0.027216932507382236,0.9432660391347479
26115,LOF,0.09913233330474172,0.06966886363897805,0.8311988030562802
26116,LOF,0.06388368325913801,0.0554383090238357,0.8806780077170262
26117,LOF,0.4161599103491267,0.05156058396470601,0.5322795056861672
26118,LOF,0.037168248362566235,0.024724701712887983,0.9381070499245459
26119,LOF,0.020872421252242996,0.04085594547590107,0.9382716332718559
26120,LOF,0.029480249893256868,0.024964264388952773,0.9455554857177904
26121,LOF,0.04862127409013049,0.0849550910126028,0.8664236348972667
