feature0,prediction,LoGoFunc_Neutral,LoGoFunc_GOF,LoGoFunc_LOF
25546,Neutral,0.5075410275499319,0.08479673088044527,0.40766224156962283
25547,LOF,0.35961227617291824,0.20708938135553706,0.4332983424715447
25548,LOF,0.30902422100076027,0.16301039651687357,0.5279653824823661
25549,LOF,0.28164678531754356,0.21384340357626633,0.5045098111061901
25550,LOF,0.27799914551435695,0.1389553942458444,0.5830454602397986
25551,LOF,0.22222076369926316,0.18813241109436624,0.5896468252063706
25552,LOF,0.22988568643450102,0.2469132232700011,0.5232010902954979
25553,Neutral,0.735065234806837,0.12623825560034108,0.1386965095928218
25554,LOF,0.23838644147677038,0.21419877003591403,0.5474147884873156
25555,LOF,0.2549065789064749,0.17468256019711273,0.5704108608964125
25556,LOF,0.370772305900061,0.1454671724701241,0.48376052162981487
25557,LOF,0.25979272844181,0.1673210966246284,0.5728861749335615
25558,LOF,0.2383106392497635,0.13538817633548192,0.6263011844147545
25559,LOF,0.2989212376747172,0.046898859894840134,0.6541799024304427
25560,LOF,0.1067601466594821,0.3568914671562695,0.5363483861842484
25561,LOF,0.10620350952566647,0.28166933847239556,0.612127152001938
25562,LOF,0.05354503257715261,0.2743015981640494,0.672153369258798
25563,LOF,0.03383762072238181,0.25653395866077217,0.7096284206168461
25564,LOF,0.054249937236056554,0.17505004986826025,0.7707000128956832
25565,GOF,0.3242778677990142,0.3450891147973579,0.33063301740362794
25566,GOF,0.11903996285954474,0.6610392333674822,0.21992080377297302
25567,LOF,0.037450988795227874,0.15265926341230474,0.8098897477924673
25568,LOF,0.07060687324350176,0.08381279921476453,0.8455803275417337
25569,LOF,0.05589765988604724,0.1819113388615985,0.7621910012523542
25570,LOF,0.054249937236056554,0.17505004986826025,0.7707000128956832
25571,LOF,0.054249937236056554,0.17505004986826025,0.7707000128956832
25572,LOF,0.060592641534453734,0.16897379680226493,0.7704335616632813
25573,LOF,0.05139269320218728,0.18996418939706686,0.7586431174007459
25574,GOF,0.05355842694099243,0.7639192747482624,0.18252229831074532
25575,LOF,0.054249937236056554,0.17505004986826025,0.7707000128956832
25576,LOF,0.025567166057383822,0.16933771478633391,0.8050951191562823
25577,LOF,0.02560048386082214,0.19107429173367266,0.7833252244055052
25578,LOF,0.08809901192993153,0.34493609854326845,0.5669648895268
25579,LOF,0.07506745398503421,0.3288339308716025,0.5960986151433634
25580,LOF,0.054249937236056554,0.17505004986826025,0.7707000128956832
25581,LOF,0.06348459944853235,0.20486965557584014,0.7316457449756275
25582,LOF,0.06348459944853235,0.20486965557584014,0.7316457449756275
25583,LOF,0.054249937236056554,0.17505004986826025,0.7707000128956832
25584,Neutral,0.6984409842301973,0.12132487679367475,0.18023413897612797
25585,LOF,0.03532904089272671,0.1226708381260158,0.8420001209812575
25586,LOF,0.054249937236056554,0.17505004986826025,0.7707000128956832
25587,LOF,0.054249937236056554,0.17505004986826025,0.7707000128956832
25588,LOF,0.054249937236056554,0.17505004986826025,0.7707000128956832
25589,GOF,0.3413902314845705,0.37340337465259255,0.28520639386283697
25590,LOF,0.04984994412565627,0.2001469141600865,0.7500031417142571
25591,LOF,0.061832435158209555,0.1271618414120083,0.811005723429782
25592,GOF,0.22601041523743354,0.4801161802444969,0.29387340451806965
25593,GOF,0.07070894475072645,0.6879741982398685,0.24131685700940514
25594,LOF,0.08121292786352788,0.07459575886662312,0.8441913132698489
25595,LOF,0.08417092640507072,0.07494622830695162,0.8408828452879776
25596,LOF,0.14806240344183436,0.05080400236868004,0.8011335941894856
25597,LOF,0.10246144978744802,0.13866778752927775,0.7588707626832741
25598,LOF,0.05933287531477683,0.089699766451638,0.8509673582335852
25599,GOF,0.015483816221602213,0.5795159560363817,0.40500022774201605
25600,GOF,0.047279893487507677,0.7082591833069923,0.24446092320549997
25601,GOF,0.021189491151136535,0.5739931258545578,0.40481738299430575
25602,LOF,0.04993856459011423,0.1315385657275932,0.8185228696822925
25603,LOF,0.054249937236056554,0.17505004986826025,0.7707000128956832
25604,LOF,0.12101394802222815,0.20426124983058103,0.6747248021471908
25605,GOF,0.3083725708539242,0.35718717428182595,0.33444025486424983
25606,Neutral,0.6668473672971642,0.0992047500534707,0.23394788264936503
25607,LOF,0.06730542582647453,0.2237785211572105,0.7089160530163149
25608,LOF,0.0799247121435636,0.1314788342502468,0.7885964536061895
25609,GOF,0.06912795022427566,0.7634483297250753,0.16742372005064907
25610,LOF,0.054249937236056554,0.17505004986826025,0.7707000128956832
25611,LOF,0.054249937236056554,0.17505004986826025,0.7707000128956832
25612,LOF,0.07542409902067775,0.06382439740189098,0.8607515035774312
25613,LOF,0.08592469329793848,0.07549269494466539,0.8385826117573961
25614,LOF,0.054249937236056554,0.17505004986826025,0.7707000128956832
25615,LOF,0.06569968276830533,0.1667056500162936,0.7675946672154011
25616,LOF,0.054249937236056554,0.17505004986826025,0.7707000128956832
25617,LOF,0.054249937236056554,0.17505004986826025,0.7707000128956832
25618,GOF,0.11303884788709395,0.45069162089759934,0.4362695312153067
25619,LOF,0.054249937236056554,0.17505004986826025,0.7707000128956832
25620,LOF,0.054249937236056554,0.17505004986826025,0.7707000128956832
25621,LOF,0.07085254307890407,0.1368006161679953,0.7923468407531007
25622,LOF,0.07731443545509449,0.09412411785275077,0.8285614466921548
25623,LOF,0.10095566014267268,0.06482214349662153,0.8342221963607058
25624,LOF,0.054249937236056554,0.17505004986826025,0.7707000128956832
25625,LOF,0.09037385411723026,0.0722231098802754,0.8374030360024942
25626,LOF,0.06863938140863435,0.0818389840402774,0.8495216345510882
25627,Neutral,0.7828830467147808,0.11835929721285562,0.09875765607236354
25628,LOF,0.04192007375244932,0.41471527810785624,0.5433646481396944
25629,LOF,0.055757158502181096,0.2495273068755108,0.6947155346223082
25630,GOF,0.3423128946196164,0.34951999768086106,0.30816710769952255
25631,GOF,0.20037233428468082,0.4570164816181748,0.34261118409714425
25632,LOF,0.03419781496586262,0.11396739908329268,0.8518347859508447
25633,LOF,0.054249937236056554,0.17505004986826025,0.7707000128956832
25634,LOF,0.060728631622815735,0.1368419877424108,0.8024293806347735
25635,LOF,0.054249937236056554,0.17505004986826025,0.7707000128956832
25636,GOF,0.03608152728323189,0.5827718389936092,0.3811466337231589
25637,GOF,0.027571563342400428,0.5491981683329127,0.42323026832468685
25638,GOF,0.025525172390769544,0.6422109472097758,0.3322638803994546
25639,GOF,0.03485583502338779,0.6290867619547793,0.3360574030218329
25640,Neutral,0.744953208911833,0.17753758543397244,0.07750920565419456
25641,GOF,0.04780250179371289,0.5996315430076998,0.35256595519858724
25642,LOF,0.0442929536719097,0.4226288519544367,0.5330781943736536
25643,LOF,0.3230012445401266,0.15803955528433503,0.5189592001755384
25644,GOF,0.01781708666358002,0.6436303628139458,0.3385525505224743
25645,GOF,0.013593051358415497,0.6749509322108586,0.311456016430726
25646,GOF,0.028115793077093155,0.7280744360470424,0.2438097708758646
25647,LOF,0.015606612055717213,0.44610110261175323,0.5382922853325296
25648,GOF,0.014810094256411221,0.5091835748547257,0.476006330888863
25649,LOF,0.01699860219281876,0.33540562777534333,0.6475957700318379
25650,GOF,0.0314311850268978,0.6628623894451846,0.3057064255279176
25651,GOF,0.018073983139971838,0.5463285307929797,0.4355974860670484
25652,GOF,0.024934978987192703,0.4902213370888809,0.4848436839239265
25653,GOF,0.07919762042081224,0.6085680126662221,0.3122343669129657
25654,LOF,0.016387856623383528,0.4654009506840648,0.5182111926925517
25655,GOF,0.042870700331525353,0.6027278430253581,0.3544014566431165
25656,LOF,0.13186687408425177,0.2857928937714591,0.5823402321442892
25657,LOF,0.05082842120136927,0.08983221163324266,0.8593393671653881
25658,GOF,0.06575971149386219,0.4962095795764079,0.4380307089297299
25659,GOF,0.18441067686222598,0.6342176502653113,0.18137167287246264
25660,LOF,0.054249937236056554,0.17505004986826025,0.7707000128956832
25661,LOF,0.054249937236056554,0.17505004986826025,0.7707000128956832
25662,LOF,0.054249937236056554,0.17505004986826025,0.7707000128956832
25663,LOF,0.054249937236056554,0.17505004986826025,0.7707000128956832
25664,LOF,0.07740565941117838,0.14427859923497316,0.7783157413538484
25665,LOF,0.07830068960408967,0.12407705306951013,0.7976222573264002
25666,LOF,0.07618474476290431,0.14669033147180705,0.7771249237652886
25667,LOF,0.054249937236056554,0.17505004986826025,0.7707000128956832
25668,LOF,0.054249937236056554,0.17505004986826025,0.7707000128956832
25669,LOF,0.054249937236056554,0.17505004986826025,0.7707000128956832
25670,LOF,0.09897035142687352,0.08827770045428501,0.8127519481188414
25671,LOF,0.054249937236056554,0.17505004986826025,0.7707000128956832
25672,LOF,0.05657953153595858,0.10102360029443673,0.8423968681696048
25673,LOF,0.06733253300130508,0.1405087814157794,0.7921586855829155
25674,LOF,0.06105521197142343,0.1681537985595337,0.7707909894690429
25675,LOF,0.07162409867565787,0.11345421324121062,0.8149216880831315
25676,LOF,0.054249937236056554,0.17505004986826025,0.7707000128956832
25677,LOF,0.054249937236056554,0.17505004986826025,0.7707000128956832
25678,LOF,0.06944930894199718,0.08748170059831671,0.8430689904596861
25679,LOF,0.11293761020399418,0.12902049003405833,0.7580418997619475
25680,LOF,0.054249937236056554,0.17505004986826025,0.7707000128956832
25681,LOF,0.054249937236056554,0.17505004986826025,0.7707000128956832
25682,LOF,0.054249937236056554,0.17505004986826025,0.7707000128956832
25683,LOF,0.09445995380106251,0.06653700783816165,0.8390030383607758
25684,LOF,0.054249937236056554,0.17505004986826025,0.7707000128956832
25685,LOF,0.05863506206774229,0.22204433490034428,0.7193206030319135
25686,GOF,0.027373480283051765,0.5973823956337756,0.37524412408317265
25687,GOF,0.03998028181843891,0.7808270600204921,0.179192658161069
25688,GOF,0.18742032055991903,0.4642826395344513,0.3482970399056298
25689,LOF,0.11319400783323386,0.3738664725021505,0.5129395196646157
25690,GOF,0.14142864115194798,0.4304676723921891,0.4281036864558629
25691,Neutral,0.6349965950363842,0.20280841360655608,0.1621949913570598
25692,LOF,0.09093571986495126,0.09189012473472591,0.8171741554003227
25693,GOF,0.08214482701818342,0.6798358392908642,0.23801933369095232
25694,LOF,0.1935891479787721,0.04639731009898646,0.7600135419222415
25695,LOF,0.12767628335568568,0.08903097867053529,0.7832927379737791
25696,LOF,0.1540474958467646,0.058456378750396026,0.7874961254028394
25697,LOF,0.07759560562400848,0.26181945777621396,0.6605849365997776
25698,LOF,0.11963130077770368,0.3496764926648188,0.5306922065574775
25699,GOF,0.06699707605381452,0.5773325264102013,0.3556703975359842
25700,LOF,0.054249937236056554,0.17505004986826025,0.7707000128956832
25701,GOF,0.05546135283117741,0.6326036205499199,0.3119350266189027
25702,GOF,0.13625731847869332,0.6060366743488677,0.257706007172439
25703,LOF,0.030313947640405525,0.09240814550144887,0.8772779068581457
25704,LOF,0.054249937236056554,0.17505004986826025,0.7707000128956832
25705,LOF,0.054249937236056554,0.17505004986826025,0.7707000128956832
25706,GOF,0.09577264580319197,0.7009368491318932,0.20329050506491483
25707,GOF,0.08728544008591299,0.7376725219159171,0.1750420379981699
25708,GOF,0.03099143701134627,0.6600620799522897,0.308946483036364
25709,LOF,0.054249937236056554,0.17505004986826025,0.7707000128956832
25710,LOF,0.022740534267205043,0.17977709102743913,0.7974823747053558
25711,LOF,0.054249937236056554,0.17505004986826025,0.7707000128956832
25712,LOF,0.03094909283917777,0.21184164744127557,0.7572092597195467
25713,LOF,0.054249937236056554,0.17505004986826025,0.7707000128956832
25714,LOF,0.054249937236056554,0.17505004986826025,0.7707000128956832
25715,LOF,0.054249937236056554,0.17505004986826025,0.7707000128956832
25716,LOF,0.022978727033453116,0.1011376820995737,0.8758835908669731
25717,LOF,0.019050215219505753,0.23093926353671004,0.7500105212437842
25718,LOF,0.054249937236056554,0.17505004986826025,0.7707000128956832
25719,LOF,0.054249937236056554,0.17505004986826025,0.7707000128956832
25720,LOF,0.054249937236056554,0.17505004986826025,0.7707000128956832
25721,LOF,0.054249937236056554,0.17505004986826025,0.7707000128956832
25722,LOF,0.054249937236056554,0.17505004986826025,0.7707000128956832
25723,LOF,0.054249937236056554,0.17505004986826025,0.7707000128956832
25724,LOF,0.13186687408425177,0.2857928937714591,0.5823402321442892
25725,LOF,0.054249937236056554,0.17505004986826025,0.7707000128956832
25726,LOF,0.054249937236056554,0.17505004986826025,0.7707000128956832
25727,LOF,0.054249937236056554,0.17505004986826025,0.7707000128956832
25728,LOF,0.054249937236056554,0.17505004986826025,0.7707000128956832
25729,LOF,0.054249937236056554,0.17505004986826025,0.7707000128956832
25730,LOF,0.054249937236056554,0.17505004986826025,0.7707000128956832
25731,LOF,0.026474665038950376,0.25978978431405386,0.7137355506469958
25732,LOF,0.054249937236056554,0.17505004986826025,0.7707000128956832
25733,LOF,0.054249937236056554,0.17505004986826025,0.7707000128956832
25734,LOF,0.02841343981857217,0.19753489649262473,0.7740516636888032
25735,LOF,0.054249937236056554,0.17505004986826025,0.7707000128956832
25736,LOF,0.054249937236056554,0.17505004986826025,0.7707000128956832
25737,LOF,0.054249937236056554,0.17505004986826025,0.7707000128956832
25738,LOF,0.054249937236056554,0.17505004986826025,0.7707000128956832
25739,LOF,0.054249937236056554,0.17505004986826025,0.7707000128956832
25740,LOF,0.054249937236056554,0.17505004986826025,0.7707000128956832
25741,LOF,0.054249937236056554,0.17505004986826025,0.7707000128956832
25742,LOF,0.054249937236056554,0.17505004986826025,0.7707000128956832
25743,LOF,0.02237725809158636,0.13986187115227236,0.8377608707561413
25744,GOF,0.15126323387442778,0.6649121713798123,0.1838245947457599
25745,GOF,0.021258822642698582,0.5465871490123441,0.4321540283449574
25746,GOF,0.01616640583307136,0.5495432771685175,0.43429031699841125
25747,LOF,0.054249937236056554,0.17505004986826025,0.7707000128956832
25748,LOF,0.07506745398503421,0.3288339308716025,0.5960986151433634
25749,GOF,0.01800579902976927,0.6722879757348355,0.30970622523539537
25750,GOF,0.01758347161114448,0.6370923820611918,0.34532414632766373
25751,LOF,0.054249937236056554,0.17505004986826025,0.7707000128956832
25752,GOF,0.05758031009191647,0.5407818246226568,0.40163786528542667
25753,LOF,0.02007643012594462,0.19251927272066216,0.7874042971533932
25754,GOF,0.02599963690508793,0.6357585815720331,0.33824178152287887
25755,LOF,0.026031812755345305,0.17720904557150582,0.7967591416731488
25756,LOF,0.0557350864757005,0.2774893378057565,0.666775575718543
25757,GOF,0.017811091961582613,0.6707397508355276,0.31144915720288974
25758,GOF,0.024999012702939007,0.6980074853787563,0.2769935019183047
25759,GOF,0.02402769914290706,0.5179373536418075,0.4580349472152855
25760,LOF,0.02519585859442526,0.1834478717157009,0.7913562696898739
25761,GOF,0.24078737853608218,0.6070648132099151,0.15214780825400265
25762,LOF,0.059323490683502615,0.1830574341613457,0.7576190751551516
25763,LOF,0.017185945186929157,0.22842288789856047,0.7543911669145104
25764,GOF,0.044352212593074335,0.7658606210619019,0.1897871663450237
25765,GOF,0.022193909190955013,0.6700530485451466,0.30775304226389844
25766,GOF,0.041661893489718105,0.6420654974695569,0.31627260904072496
25767,GOF,0.1422272347921363,0.5958464268707465,0.26192633833711726
25768,LOF,0.054249937236056554,0.17505004986826025,0.7707000128956832
25769,LOF,0.054249937236056554,0.17505004986826025,0.7707000128956832
25770,Neutral,0.533109632676373,0.07766032748371635,0.3892300398399106
25771,LOF,0.0760692525915635,0.11748758739248738,0.8064431600159492
25772,LOF,0.054249937236056554,0.17505004986826025,0.7707000128956832
25773,LOF,0.07552998882663191,0.14850474141018663,0.7759652697631815
25774,LOF,0.0559571841109483,0.1350225816773883,0.8090202342116635
25775,LOF,0.07544997594298535,0.21003725079407634,0.7145127732629384
25776,LOF,0.054249937236056554,0.17505004986826025,0.7707000128956832
25777,LOF,0.23555224834915833,0.09207569245846439,0.6723720591923773
25778,LOF,0.054249937236056554,0.17505004986826025,0.7707000128956832
25779,Neutral,0.4548847752797388,0.33706653362290134,0.20804869109735996
25780,Neutral,0.6210812271987787,0.19092719060124227,0.18799158219997905
25781,GOF,0.2588802770949872,0.5762352084763585,0.16488451442865432
25782,GOF,0.19484423797850434,0.6220500633434968,0.183105698677999
25783,GOF,0.13799149964086105,0.6423221719432318,0.21968632841590707
25784,Neutral,0.519365156393852,0.3485405198583016,0.1320943237478464
25785,Neutral,0.5652334090550248,0.3091892856581209,0.12557730528685432
25786,GOF,0.06005057884392472,0.6316204699640632,0.30832895119201204
25787,Neutral,0.7447556902950702,0.1669863469091355,0.08825796279579431
25788,LOF,0.054249937236056554,0.17505004986826025,0.7707000128956832
25789,GOF,0.29300350611033726,0.5018735542859123,0.20512293960375053
25790,GOF,0.25882783913463664,0.47796181590870507,0.26321034495665846
25791,GOF,0.14760157357019776,0.7122960241110046,0.14010240231879753
25792,GOF,0.2886823192276001,0.5414129689336195,0.16990471183878045
25793,Neutral,0.46988209948000587,0.3356173247673843,0.19450057575260982
25794,GOF,0.34344059525612947,0.46861843535434433,0.1879409693895261
25795,GOF,0.06221938455886593,0.8134392600724627,0.12434135536867132
25796,Neutral,0.5753083782103823,0.24333687548328117,0.1813547463063365
25797,GOF,0.239639965878784,0.5655722436930287,0.19478779042818728
25798,GOF,0.027606340148490675,0.8330448522783858,0.13934880757312354
25799,GOF,0.028518470972126973,0.7066109104352508,0.26487061859262206
25800,GOF,0.08121291475383806,0.7093246019690015,0.2094624832771604
25801,GOF,0.26052244083142806,0.5617261261347091,0.1777514330338628
25802,GOF,0.21719902830435792,0.6288509200495254,0.15395005164611664
25803,GOF,0.2064097025808367,0.5769788548286242,0.216611442590539
25804,GOF,0.10368923352560973,0.7516234046674226,0.1446873618069677
25805,GOF,0.09628506164561633,0.7421942094228796,0.16152072893150402
25806,GOF,0.22537931438187322,0.5394177591510516,0.23520292646707514
25807,GOF,0.04143945032106119,0.7818081161648402,0.17675243351409858
25808,GOF,0.1225635882885071,0.7565585358094896,0.12087787590200333
25809,GOF,0.04251755608579365,0.6346858716736106,0.32279657224059577
25810,GOF,0.047648206772754324,0.644570170932456,0.3077816222947896
25811,GOF,0.3432693315181568,0.5160198837790955,0.14071078470274773
25812,GOF,0.2591445916056359,0.5891350358615719,0.15172037253279214
25813,Neutral,0.5945827326776497,0.27030531303797983,0.1351119542843704
25814,GOF,0.16146827037239614,0.6510573012691768,0.18747442835842712
25815,GOF,0.3407006321630821,0.4494277871703776,0.2098715806665402
25816,GOF,0.06217792129390777,0.7155227634562051,0.2222993152498872
25817,GOF,0.2068849255746812,0.5758698690678724,0.2172452053574463
25818,GOF,0.10317571161758049,0.7726126862457902,0.12421160213662927
25819,Neutral,0.38376973001728865,0.36750728484200224,0.24872298514070912
25820,GOF,0.23114331379242478,0.5833401128039327,0.1855165734036425
25821,GOF,0.10110981163323124,0.7412395601612463,0.1576506282055225
25822,Neutral,0.44272170037566033,0.4124656470708934,0.14481265255344636
25823,GOF,0.09622869072513986,0.7786864023132809,0.12508490696157928
25824,GOF,0.21878732002799567,0.5697215574499073,0.21149112252209695
25825,GOF,0.10503447163625819,0.7229990672450077,0.17196646111873404
25826,GOF,0.03250131244046947,0.7315402626189075,0.23595842494062305
25827,GOF,0.04502629268074692,0.7381226747447359,0.2168510325745172
25828,GOF,0.038876790104904954,0.75401204145339,0.20711116844170527
25829,GOF,0.029098966425127024,0.6407103193423661,0.33019071423250684
25830,GOF,0.11303884788709395,0.45069162089759934,0.4362695312153067
25831,GOF,0.12987297820960672,0.704433933668336,0.16569308812205738
25832,GOF,0.056682123290177744,0.6628774078129255,0.28044046889689683
25833,GOF,0.16563926202056767,0.5395129771936389,0.29484776078579356
25834,GOF,0.07115041837465062,0.6757454986740415,0.2531040829513079
25835,GOF,0.2566226078948174,0.5132573221673286,0.230120069937854
25836,GOF,0.0666798932608578,0.6724396899680323,0.2608804167711099
25837,GOF,0.051403914259927935,0.7215371839832518,0.22705890175682025
25838,GOF,0.19882661896282575,0.6757221958878693,0.12545118514930506
25839,GOF,0.2419731673333373,0.5061595847028936,0.25186724796376925
25840,GOF,0.1306800122148024,0.6420711750119003,0.22724881277329745
25841,GOF,0.1792914328130686,0.6047329575314073,0.21597560965552398
25842,GOF,0.19443169529509746,0.6266826070195278,0.17888569768537477
25843,LOF,0.28800888529076557,0.3507198598649022,0.3612712548443322
25844,GOF,0.20429230444668287,0.5396482079110065,0.25605948764231057
25845,GOF,0.030397545046950074,0.6375690789685697,0.33203337598448013
25846,GOF,0.14945339086144116,0.6546630331915065,0.19588357594705236
25847,GOF,0.09165747588417215,0.7262129683103321,0.1821295558054956
25848,GOF,0.09595755274062392,0.7409218858515233,0.1631205614078528
25849,GOF,0.03320296102980651,0.7296069759841737,0.23719006298601963
25850,GOF,0.04091247992290712,0.7086789869271917,0.2504085331499013
25851,GOF,0.03369033669123789,0.7246560940099069,0.24165356929885518
25852,GOF,0.22276004910538225,0.62454241981634,0.15269753107827774
25853,Neutral,0.40096966629545183,0.39396187172454344,0.20506846198000475
25854,GOF,0.023212051831181062,0.8003321266030887,0.17645582156573025
25855,GOF,0.13985997450756646,0.6135352154685608,0.2466048100238728
25856,Neutral,0.4955353818599714,0.270044799398609,0.23441981874141954
25857,GOF,0.12349039312946332,0.6869647153376633,0.18954489153287335
25858,GOF,0.0531592991751484,0.7526009493045215,0.1942397515203302
25859,GOF,0.030222305829950235,0.728465381342938,0.2413123128271117
25860,GOF,0.39673954410756457,0.42335213511174213,0.17990832078069327
25861,GOF,0.2899542905450674,0.48642072736465586,0.22362498209027665
25862,GOF,0.1961329605952906,0.6259581365155068,0.1779089028892026
25863,GOF,0.2466084367218168,0.46621615687862705,0.2871754063995561
25864,GOF,0.19230994143702812,0.5412084834284143,0.2664815751345575
25865,GOF,0.09342245208506599,0.7331547807699839,0.17342276714495033
25866,GOF,0.17968153952834306,0.6525026845379706,0.16781577593368632
25867,GOF,0.21351389154806488,0.6081820542795487,0.1783040541723864
25868,GOF,0.3695399054660317,0.4758086089801542,0.1546514855538142
25869,Neutral,0.7238208961506409,0.20359810207935458,0.07258100177000448
25870,GOF,0.22601041523743354,0.4801161802444969,0.29387340451806965
25871,GOF,0.07578656454478026,0.5767578120750474,0.34745562338017233
25872,GOF,0.20850931527087888,0.47733748373102547,0.3141532009980956
25873,GOF,0.20279934876198305,0.5469942586299109,0.25020639260810607
25874,LOF,0.054249937236056554,0.17505004986826025,0.7707000128956832
25875,GOF,0.04622203834772453,0.7333695902881011,0.22040837136417446
25876,LOF,0.027417969699730937,0.3274162601554829,0.6451657701447862
25877,Neutral,0.42264874566702093,0.3848741674479283,0.19247708688505083
25878,GOF,0.1349529240927218,0.6379394829190694,0.22710759298820873
25879,GOF,0.03999345185076702,0.6431104747087003,0.3168960734405326
25880,LOF,0.054249937236056554,0.17505004986826025,0.7707000128956832
25881,GOF,0.25908699974233,0.40566717903041777,0.3352458212272522
25882,LOF,0.08214553252501522,0.19110990497983338,0.7267445624951514
25883,LOF,0.054249937236056554,0.17505004986826025,0.7707000128956832
25884,LOF,0.0705141928954725,0.1483542445925518,0.7811315625119757
25885,LOF,0.07939038825290619,0.1691908819842547,0.7514187297628392
25886,LOF,0.07506745398503421,0.3288339308716025,0.5960986151433634
25887,LOF,0.08944635846826565,0.4242113011440836,0.48634234038765073
25888,LOF,0.1761780472476705,0.35971669303177084,0.46410525972055866
25889,LOF,0.08690962023667227,0.12308862108212902,0.7900017586811987
25890,LOF,0.11610281809909034,0.21037344924892237,0.6735237326519873
25891,LOF,0.06494168632023037,0.13756152211696843,0.7974967915628012
25892,LOF,0.08441954004840006,0.31662183385948006,0.5989586260921199
25893,LOF,0.07546995932719226,0.3743515813686631,0.5501784593041446
25894,LOF,0.07549695043289592,0.24662477075870692,0.677878278808397
25895,LOF,0.08560040950472332,0.26324661332686583,0.6511529771684109
25896,LOF,0.06344934351486017,0.2459824338514209,0.690568222633719
25897,LOF,0.11811577448948442,0.35992713708681495,0.5219570884237006
25898,LOF,0.3479731141500176,0.2918474101702581,0.3601794756797244
25899,LOF,0.08809901192993153,0.34493609854326845,0.5669648895268
25900,Neutral,0.9137499972469653,0.02277028026430907,0.06347972248872563
25901,LOF,0.054249937236056554,0.17505004986826025,0.7707000128956832
25902,LOF,0.09624043100000887,0.14807545090755012,0.755684118092441
25903,LOF,0.15652420599567843,0.36266674891982564,0.48080904508449596
25904,LOF,0.17698388282648514,0.3141204446580137,0.5088956725155012
25905,GOF,0.048489459251692464,0.6960517714541197,0.25545876929418787
25906,LOF,0.02427302858177198,0.11544931534819193,0.8602776560700361
25907,GOF,0.020596712837461326,0.6368555529098681,0.34254773425267054
25908,GOF,0.01882934033777553,0.5855805794863184,0.39559008017590613
25909,LOF,0.054249937236056554,0.17505004986826025,0.7707000128956832
25910,LOF,0.03443952795628952,0.34283596849254916,0.6227245035511613
25911,LOF,0.07175074494349662,0.12215682531945754,0.8060924297370459
25912,LOF,0.033337959725433616,0.3146176926406596,0.6520443476339068
25913,LOF,0.08947979948882287,0.2340795409318845,0.6764406595792927
25914,LOF,0.054249937236056554,0.17505004986826025,0.7707000128956832
25915,GOF,0.3154921140061715,0.5101325155731793,0.17437537042064927
25916,GOF,0.029670455716599552,0.529740843463089,0.44058870082031154
25917,LOF,0.05550125997668003,0.12313447409692001,0.8213642659263999
25918,LOF,0.054249937236056554,0.17505004986826025,0.7707000128956832
25919,LOF,0.054249937236056554,0.17505004986826025,0.7707000128956832
25920,GOF,0.07944748930703022,0.7336895745167257,0.1868629361762441
25921,LOF,0.033508810937883125,0.2216704450709758,0.7448207439911412
25922,LOF,0.03384744263655894,0.2176219004928495,0.7485306568705916
25923,LOF,0.07772145041066339,0.32535370023954935,0.5969248493497873
25924,LOF,0.040128078988321755,0.13140367472449427,0.8284682462871841
25925,LOF,0.05523163891240004,0.17192984181008283,0.7728385192775171
25926,LOF,0.05657953153595858,0.10102360029443673,0.8423968681696048
25927,GOF,0.020172869332084228,0.5258715310849672,0.45395559958294857
25928,LOF,0.02045309396641128,0.13595476985611962,0.8435921361774692
25929,LOF,0.268902809234718,0.286641821900537,0.44445536886474507
25930,LOF,0.054249937236056554,0.17505004986826025,0.7707000128956832
25931,LOF,0.026482622841808322,0.11580692571049338,0.8577104514476983
25932,LOF,0.054249937236056554,0.17505004986826025,0.7707000128956832
25933,LOF,0.054249937236056554,0.17505004986826025,0.7707000128956832
25934,LOF,0.054249937236056554,0.17505004986826025,0.7707000128956832
25935,LOF,0.06120791025649967,0.09195358290830871,0.8468385068351916
25936,LOF,0.054249937236056554,0.17505004986826025,0.7707000128956832
25937,LOF,0.037292703201853905,0.1277351158309081,0.8349721809672379
25938,LOF,0.07982540049114369,0.08437168152799841,0.8358029179808578
25939,LOF,0.054249937236056554,0.17505004986826025,0.7707000128956832
25940,LOF,0.027569058597666646,0.34438876955508935,0.628042171847244
25941,GOF,0.08960116608052567,0.635594127475865,0.27480470644360927
25942,LOF,0.028267824213988997,0.1053210501290256,0.8664111256569854
25943,GOF,0.165031935513594,0.5504326161879061,0.28453544829849997
25944,GOF,0.25788332442607825,0.4447698225081853,0.2973468530657363
25945,GOF,0.11303884788709395,0.45069162089759934,0.4362695312153067
25946,LOF,0.020579089618599916,0.15253142708691247,0.8268894832944876
25947,GOF,0.09665748445903358,0.519250825705224,0.38409168983574243
25948,LOF,0.3447659927750911,0.06403651281137003,0.5911974944135389
25949,LOF,0.07107938983930238,0.16378580893478606,0.7651348012259115
25950,GOF,0.22409188291266524,0.46893982506372284,0.306968292023612
25951,LOF,0.14417833979506575,0.2624408986766526,0.5933807615282816
25952,LOF,0.040816572066846274,0.41643819602369564,0.542745231909458
25953,GOF,0.057680186805670455,0.6063785717378762,0.3359412414564534
25954,GOF,0.23916765654213612,0.46576302336633757,0.2950693200915262
25955,GOF,0.041607021831356894,0.5659297127782676,0.39246326539037546
25956,GOF,0.03292004265664319,0.4872447492263477,0.4798352081170091
25957,LOF,0.06471026245648796,0.08947695494151885,0.8458127826019932
25958,LOF,0.054249937236056554,0.17505004986826025,0.7707000128956832
25959,GOF,0.04389635104794557,0.625894482296267,0.3302091666557875
25960,LOF,0.027356705687107758,0.20205959268070464,0.7705837016321876
25961,LOF,0.054249937236056554,0.17505004986826025,0.7707000128956832
25962,LOF,0.1006404864292886,0.08233748520198754,0.8170220283687237
25963,GOF,0.03673231140516705,0.5906105225675052,0.3726571660273278
25964,LOF,0.054249937236056554,0.17505004986826025,0.7707000128956832
25965,Neutral,0.5903494240841347,0.20186038771633366,0.20779018819953163
25966,LOF,0.08809901192993153,0.34493609854326845,0.5669648895268
25967,LOF,0.02863668084862482,0.15982096312844263,0.8115423560229325
25968,GOF,0.050073095061068176,0.6722529403806897,0.27767396455824206
25969,LOF,0.04173645036296154,0.11012915875589337,0.8481343908811451
25970,LOF,0.0369957888889836,0.12472770677414949,0.838276504336867
25971,LOF,0.054249937236056554,0.17505004986826025,0.7707000128956832
25972,LOF,0.054249937236056554,0.17505004986826025,0.7707000128956832
25973,LOF,0.08015020307386497,0.14510256990976034,0.7747472270163747
25974,Neutral,0.46508982552092887,0.29379430252186073,0.24111587195721038
25975,LOF,0.054249937236056554,0.17505004986826025,0.7707000128956832
25976,LOF,0.02267729223456102,0.14772811380620607,0.8295945939592329
25977,LOF,0.028668013580052696,0.4781881450395198,0.49314384138042766
25978,LOF,0.23093239435807253,0.24326079826880873,0.5258068073731188
25979,LOF,0.23527149021803273,0.20121090657871993,0.5635176032032473
25980,LOF,0.1609190881854879,0.34782981701065785,0.49125109480385437
25981,LOF,0.1609190881854879,0.34782981701065785,0.49125109480385437
25982,LOF,0.3892805881078738,0.125259322594008,0.4854600892981182
25983,Neutral,0.52519735382587,0.1511037347504103,0.32369891142371976
25984,LOF,0.054249937236056554,0.17505004986826025,0.7707000128956832
25985,GOF,0.033635234333341084,0.6954595626676359,0.27090520299902315
25986,GOF,0.04278701590761626,0.6675225347819654,0.2896904493104184
25987,LOF,0.056315203941289145,0.14733825352265997,0.7963465425360507
25988,LOF,0.054249937236056554,0.17505004986826025,0.7707000128956832
25989,LOF,0.054249937236056554,0.17505004986826025,0.7707000128956832
25990,LOF,0.054249937236056554,0.17505004986826025,0.7707000128956832
25991,GOF,0.08965598721973098,0.7577423930424086,0.1526016197378604
25992,GOF,0.12042562802977694,0.6516670915579004,0.22790728041232272
25993,LOF,0.054249937236056554,0.17505004986826025,0.7707000128956832
25994,LOF,0.054249937236056554,0.17505004986826025,0.7707000128956832
25995,LOF,0.054249937236056554,0.17505004986826025,0.7707000128956832
25996,GOF,0.05508269391041609,0.6832431034627325,0.26167420262685137
25997,GOF,0.072772936196566,0.7620496680633764,0.16517739574005771
25998,GOF,0.24492715710270246,0.3895174452101728,0.36555539768712464
25999,GOF,0.3127228022725861,0.47428072255880205,0.21299647516861175
26000,LOF,0.05103881256941034,0.09306198886744022,0.8558991985631493
26001,LOF,0.10106967238621067,0.41197197700625104,0.4869583506075383
26002,LOF,0.08180931039135055,0.21953408645243572,0.6986566031562137
26003,GOF,0.04266761877981378,0.5561814405918827,0.4011509406283035
26004,GOF,0.06964973026961177,0.6361664042619207,0.2941838654684675
26005,GOF,0.030207547536515226,0.5173004349864622,0.4524920174770226
26006,Neutral,0.638740246300427,0.2011561433568604,0.16010361034271256
26007,GOF,0.056946342397147486,0.6846920963347284,0.2583615612681241
26008,GOF,0.029129509520228053,0.7483598024341431,0.22251068804562887
26009,GOF,0.060508400821148556,0.7598395581005328,0.17965204107831856
26010,GOF,0.02680942635902507,0.762516502985469,0.21067407065550592
26011,GOF,0.021198312757260775,0.5491610180093022,0.42964066923343713
26012,GOF,0.02974306127013755,0.7482839607023614,0.22197297802750107
26013,GOF,0.02053271991677213,0.6493396270162719,0.3301276530669558
26014,LOF,0.08523357117860522,0.21178941761827477,0.70297701120312
26015,LOF,0.17876787337809089,0.0656735035133993,0.7555586231085099
26016,GOF,0.3161782532368335,0.3550780052981116,0.3287437414650548
26017,GOF,0.17037445796704656,0.6000805847195092,0.22954495731344424
26018,LOF,0.054249937236056554,0.17505004986826025,0.7707000128956832
26019,LOF,0.054249937236056554,0.17505004986826025,0.7707000128956832
26020,LOF,0.08585809030213108,0.38637653477499345,0.5277653749228755
26021,GOF,0.05954944889882232,0.480937207193542,0.4595133439076358
26022,LOF,0.020154600521369342,0.17272112308817386,0.8071242763904569
26023,LOF,0.13186687408425177,0.2857928937714591,0.5823402321442892
26024,LOF,0.042872639883749175,0.4688055811945287,0.4883217789217221
26025,GOF,0.2316093504150983,0.5333283286380786,0.23506232094682306
26026,Neutral,0.6094737504697879,0.24734276818520884,0.14318348134500333
26027,LOF,0.054249937236056554,0.17505004986826025,0.7707000128956832
26028,LOF,0.37834501664912773,0.15737002863629088,0.46428495471458137
26029,GOF,0.050301609726843194,0.7504549558133013,0.19924343445985548
26030,LOF,0.019911366833773526,0.16476526384674373,0.8153233693194828
26031,GOF,0.02033624139771535,0.6651076442074766,0.31455611439480813
26032,LOF,0.054249937236056554,0.17505004986826025,0.7707000128956832
26033,LOF,0.13186687408425177,0.2857928937714591,0.5823402321442892
26034,GOF,0.04210902645826239,0.6834279405629559,0.2744630329787817
26035,GOF,0.021157066655345152,0.6861432407686842,0.29269969257597067
26036,LOF,0.01767381575871779,0.48348076182768907,0.49884542241359314
26037,GOF,0.015707050504925216,0.575082234209348,0.40921071528572683
26038,LOF,0.054249937236056554,0.17505004986826025,0.7707000128956832
26039,GOF,0.04107918471908347,0.6847220733258261,0.2741987419550904
26040,GOF,0.18686476830378773,0.5582445880444135,0.2548906436517988
26041,LOF,0.016994636842739472,0.4820268980001534,0.5009784651571072
26042,GOF,0.013735702163038427,0.5186103767733035,0.4676539210636581
26043,LOF,0.054249937236056554,0.17505004986826025,0.7707000128956832
26044,LOF,0.023928202195884873,0.17419298764589924,0.8018788101582158
26045,GOF,0.07298151929156933,0.646010592008842,0.28100788869958876
26046,LOF,0.054249937236056554,0.17505004986826025,0.7707000128956832
26047,LOF,0.054249937236056554,0.17505004986826025,0.7707000128956832
26048,LOF,0.06602418564132101,0.13620378404514694,0.797772030313532
26049,Neutral,0.8959108433450362,0.06459380539459342,0.0394953512603704
26050,Neutral,0.8577104160961688,0.06521163350659494,0.0770779503972363
26051,GOF,0.05230162177131046,0.648586845961058,0.2991115322676316
26052,GOF,0.036026044866162066,0.6873894912803743,0.2765844638534637
26053,LOF,0.032450029788754615,0.22903824543786372,0.7385117247733817
26054,LOF,0.07746953350280597,0.10904544412399454,0.8134850223731994
26055,LOF,0.07366344709054605,0.1054037678501799,0.820932785059274
26056,LOF,0.06001844875895886,0.1132288178513369,0.8267527333897043
26057,LOF,0.054249937236056554,0.17505004986826025,0.7707000128956832
26058,LOF,0.054249937236056554,0.17505004986826025,0.7707000128956832
26059,Neutral,0.5539525014333775,0.2501621662106097,0.19588533235601283
26060,GOF,0.11772355902776459,0.6330592764750436,0.24921716449719186
26061,LOF,0.029625852067526562,0.2253840870304814,0.744990060901992
26062,LOF,0.020826865309754514,0.15093786097618478,0.8282352737140607
26063,LOF,0.054249937236056554,0.17505004986826025,0.7707000128956832
26064,LOF,0.028883637819950386,0.18566229288049388,0.7854540692995559
26065,LOF,0.054249937236056554,0.17505004986826025,0.7707000128956832
26066,LOF,0.054249937236056554,0.17505004986826025,0.7707000128956832
26067,LOF,0.054249937236056554,0.17505004986826025,0.7707000128956832
26068,LOF,0.06038471120116597,0.14950926594439573,0.7901060228544384
26069,LOF,0.27433631129506647,0.14235738854303007,0.5833063001619034
26070,Neutral,0.6300563048104194,0.08810705424485503,0.28183664094472555
26071,LOF,0.054249937236056554,0.17505004986826025,0.7707000128956832
26072,LOF,0.024633077298944893,0.19965712933259858,0.7757097933684566
26073,LOF,0.054249937236056554,0.17505004986826025,0.7707000128956832
26074,Neutral,0.9030585510416864,0.03912788075654498,0.057813568201768466
26075,LOF,0.062277352888822586,0.152792843356105,0.7849298037550725
26076,LOF,0.054249937236056554,0.17505004986826025,0.7707000128956832
26077,LOF,0.029161413604610456,0.1752428286131763,0.7955957577822133
26078,LOF,0.019708861716109374,0.26447132797946327,0.7158198103044274
26079,LOF,0.062003766887814324,0.1293167228340143,0.8086795102781713
26080,LOF,0.062003766887814324,0.1293167228340143,0.8086795102781713
26081,LOF,0.054249937236056554,0.17505004986826025,0.7707000128956832
26082,LOF,0.027093737028396132,0.13798293835635203,0.8349233246152519
26083,LOF,0.054249937236056554,0.17505004986826025,0.7707000128956832
26084,LOF,0.054249937236056554,0.17505004986826025,0.7707000128956832
26085,LOF,0.054249937236056554,0.17505004986826025,0.7707000128956832
26086,LOF,0.054249937236056554,0.17505004986826025,0.7707000128956832
26087,LOF,0.054249937236056554,0.17505004986826025,0.7707000128956832
26088,LOF,0.031335793124434366,0.2457086223897023,0.7229555844858634
26089,LOF,0.08276542109371186,0.11953090966735458,0.7977036692389337
26090,LOF,0.061464098464030364,0.10567129746464786,0.8328646040713218
26091,LOF,0.054249937236056554,0.17505004986826025,0.7707000128956832
26092,LOF,0.054249937236056554,0.17505004986826025,0.7707000128956832
26093,LOF,0.054249937236056554,0.17505004986826025,0.7707000128956832
26094,LOF,0.054249937236056554,0.17505004986826025,0.7707000128956832
26095,LOF,0.03196269347832019,0.13235334629641365,0.8356839602252661
26096,LOF,0.030715874376877728,0.17368507249628973,0.7955990531268325
26097,LOF,0.02681702481046042,0.16699665404620165,0.8061863211433379
26098,LOF,0.06788332787367818,0.10092629245987413,0.8311903796664477
26099,LOF,0.054249937236056554,0.17505004986826025,0.7707000128956832
26100,LOF,0.054249937236056554,0.17505004986826025,0.7707000128956832
26101,LOF,0.054249937236056554,0.17505004986826025,0.7707000128956832
26102,LOF,0.054249937236056554,0.17505004986826025,0.7707000128956832
26103,Neutral,0.6561573069541992,0.16527759434214945,0.17856509870365128
26104,LOF,0.06503132807816911,0.05870775139249822,0.8762609205293328
26105,GOF,0.14452788708959824,0.4754335964182328,0.38003851649216897
26106,LOF,0.10176860510047789,0.2275591584544444,0.6706722364450778
26107,LOF,0.10592523969519842,0.3947064661958964,0.49936829410890526
26108,LOF,0.11420479824314388,0.41348773157183993,0.47230747018501623
26109,LOF,0.0492255257564461,0.09467163928379252,0.8561028349597614
26110,LOF,0.2446427015246697,0.07406758425337548,0.6812897142219548
26111,LOF,0.21423061387001704,0.33199213123792004,0.4537772548920629
26112,LOF,0.054249937236056554,0.17505004986826025,0.7707000128956832
26113,LOF,0.054249937236056554,0.17505004986826025,0.7707000128956832
26114,LOF,0.03467423463027203,0.14805971962086106,0.8172660457488669
26115,LOF,0.07908478805719207,0.2559397179787647,0.6649754939640432
26116,LOF,0.054249937236056554,0.17505004986826025,0.7707000128956832
26117,LOF,0.08809901192993153,0.34493609854326845,0.5669648895268
26118,LOF,0.054249937236056554,0.17505004986826025,0.7707000128956832
26119,LOF,0.07410849266889344,0.27407188180038844,0.651819625530718
26120,LOF,0.054249937236056554,0.17505004986826025,0.7707000128956832
26121,LOF,0.10517430825123858,0.29466277216234105,0.6001629195864203
26122,LOF,0.1420786217328249,0.29701730751118866,0.5609040707559864
