feature0,prediction,LoGoFunc_Neutral,LoGoFunc_GOF,LoGoFunc_LOF
25546,Neutral,0.6751148761057257,0.0570068135301674,0.2678783103641069
25547,Neutral,0.5157605689565923,0.10723866884862433,0.3770007621947834
25548,Neutral,0.5183205542438051,0.0857409139869057,0.3959385317692892
25549,LOF,0.43546608557617356,0.0864382345941293,0.47809567982969714
25550,LOF,0.3716670749592133,0.12989688651651576,0.498436038524271
25551,LOF,0.3093557118071457,0.13952032453316443,0.5511239636596899
25552,LOF,0.24388408326765795,0.13315724379789037,0.6229586729344517
25553,Neutral,0.8226675375569001,0.04192492835049472,0.13540753409260514
25554,LOF,0.2915657099655027,0.12011634439606084,0.5883179456384365
25555,LOF,0.2373014281980326,0.11526884921016814,0.6474297225917993
25556,LOF,0.43859872504216196,0.10014758250764044,0.46125369245019754
25557,LOF,0.22708466145358996,0.11646565779971703,0.656449680746693
25558,LOF,0.2944844101676729,0.11930398571124641,0.5862116041210806
25559,LOF,0.1702813598639451,0.11737751367046191,0.7123411264655929
25560,LOF,0.15666598980840904,0.09895178642357881,0.7443822237680122
25561,LOF,0.1461298648461558,0.1228782419304192,0.7309918932234251
25562,LOF,0.07449599201868469,0.07588548281462935,0.8496185251666859
25563,LOF,0.022194686286754327,0.11715596563022253,0.8606493480830231
25564,LOF,0.21947816624388233,0.11727337005263487,0.6632484637034828
25565,LOF,0.23134603455809194,0.11976979001636562,0.6488841754255426
25566,GOF,0.10068394103782362,0.7065139695681322,0.1928020893940443
25567,LOF,0.03720624322343956,0.12974992451216513,0.8330438322643953
25568,LOF,0.06215925363416468,0.06939795720118515,0.8684427891646501
25569,LOF,0.06260647528397446,0.07121648016667984,0.8661770445493457
25570,LOF,0.026610863280837796,0.09081007719886779,0.8825790595202944
25571,LOF,0.025665455851074218,0.09605317350832891,0.8782813706405967
25572,LOF,0.0626444728632191,0.11819209310299737,0.8191634340337836
25573,LOF,0.057004904632492304,0.08388006158989815,0.8591150337776096
25574,LOF,0.055955249133046274,0.17717282064204445,0.7668719302249094
25575,LOF,0.02119612028091159,0.11545874438234634,0.8633451353367421
25576,LOF,0.03338819369599988,0.15291428370797688,0.8136975225960232
25577,LOF,0.03026631590611937,0.10586070423035916,0.8638729798635214
25578,LOF,0.3037188621977946,0.07973676689616045,0.616544370906045
25579,LOF,0.12546113506847725,0.08594136324177173,0.788597501689751
25580,LOF,0.018626670772411494,0.07197138418453505,0.9094019450430535
25581,LOF,0.05620884298375718,0.06782522620792425,0.8759659308083185
25582,LOF,0.05631931728300643,0.06604853130038903,0.8776321514166047
25583,LOF,0.01951071395334034,0.07722925342536281,0.903260032621297
25584,Neutral,0.6710514549065164,0.10915447354229377,0.2197940715511897
25585,LOF,0.03614214729173467,0.11508699577683684,0.8487708569314284
25586,LOF,0.017551567683967078,0.06779406815126217,0.9146543641647709
25587,LOF,0.016626194517273835,0.0580484719260221,0.9253253335567041
25588,LOF,0.019171008531133574,0.06696765581361486,0.9138613356552516
25589,Neutral,0.4953992464411182,0.19890300457908208,0.3056977489797998
25590,LOF,0.04842313459410642,0.09673641102439796,0.8548404543814957
25591,LOF,0.10243236309041519,0.055643523040643336,0.8419241138689415
25592,LOF,0.05318018940230248,0.130099647748611,0.8167201628490866
25593,LOF,0.14155069395010678,0.25505515114607363,0.6033941549038195
25594,LOF,0.04730255039590203,0.10454601944859478,0.8481514301555031
25595,LOF,0.044717119035301414,0.07877012605207556,0.876512754912623
25596,LOF,0.10860528400465441,0.04353426960231459,0.847860446393031
25597,LOF,0.0835747474056965,0.06129904739678831,0.8551262051975153
25598,LOF,0.04835718328334131,0.0838893364790263,0.8677534802376323
25599,GOF,0.02067916007029633,0.5512289160876344,0.4280919238420693
25600,GOF,0.17256897424187584,0.5220486032839512,0.3053824224741729
25601,LOF,0.03973951650143699,0.4084850017632683,0.5517754817352948
25602,LOF,0.03212337484177864,0.053097207822405054,0.9147794173358162
25603,LOF,0.037450498283227905,0.027756190618534026,0.934793311098238
25604,LOF,0.038621934988315273,0.05723672248399276,0.904141342527692
25605,LOF,0.04360503930973451,0.17180700399804696,0.7845879566922186
25606,LOF,0.41849719583326095,0.09974352630300505,0.4817592778637339
25607,LOF,0.024168853501800605,0.16957562814186714,0.8062555183563324
25608,LOF,0.035612216383520426,0.06883813750022305,0.8955496461162565
25609,GOF,0.15345749781085483,0.5419170653135267,0.30462543687561855
25610,LOF,0.016278888916667927,0.029880344644627913,0.9538407664387042
25611,LOF,0.01501999938168175,0.031883538584484034,0.9530964620338341
25612,LOF,0.04665114367742889,0.03985113290272521,0.9134977234198458
25613,LOF,0.04463601889629304,0.04059002325391917,0.9147739578497878
25614,LOF,0.0225594206700915,0.02765437885537332,0.9497862004745352
25615,LOF,0.044156381119017776,0.034633175317654114,0.9212104435633282
25616,LOF,0.04770678322868372,0.02764634599298233,0.924646870778334
25617,LOF,0.04568095341587178,0.037094884135268506,0.9172241624488597
25618,LOF,0.047883420015329616,0.03468878950426658,0.9174277904804039
25619,LOF,0.015769737926368092,0.030801033899394304,0.9534292281742376
25620,LOF,0.061906232234410025,0.04047613545750439,0.8976176323080857
25621,LOF,0.05120876203633103,0.03322892424588808,0.9155623137177809
25622,LOF,0.06183081360619167,0.034514425037769955,0.9036547613560384
25623,LOF,0.07106248527121929,0.02983648471899209,0.8991010300097886
25624,LOF,0.01963624988494337,0.038616261788663835,0.9417474883263928
25625,LOF,0.06193857566860941,0.039924265118748754,0.8981371592126417
25626,LOF,0.04552157704804268,0.038454380565458135,0.9160240423864991
25627,Neutral,0.8945009611280779,0.02125708998958411,0.08424194888233803
25628,LOF,0.12041100439301966,0.06459657404360654,0.8149924215633738
25629,LOF,0.05834314781438849,0.04270554603785591,0.8989513061477555
25630,LOF,0.26149269190960706,0.07467594147641708,0.6638313666139759
25631,Neutral,0.527259244646037,0.06951100266303485,0.4032297526909281
25632,LOF,0.02825482613379374,0.06170690961923684,0.9100382642469695
25633,LOF,0.20567762972558712,0.03553339083814627,0.7587889794362666
25634,LOF,0.03563409567773678,0.08518585774597623,0.879180046576287
25635,LOF,0.04042607073428402,0.04226981418917983,0.9173041150765361
25636,LOF,0.037790738484473625,0.4797204674510755,0.48248879406445105
25637,LOF,0.07616213650864628,0.46009007234695204,0.4637477911444017
25638,LOF,0.04967688491355013,0.282333054432603,0.6679900606538469
25639,LOF,0.03969355135779198,0.31724720167984305,0.643059246962365
25640,Neutral,0.8152908633420889,0.14141105565116047,0.04329808100675069
25641,LOF,0.048973054847000125,0.4712172041861935,0.4798097409668064
25642,LOF,0.04303794442028706,0.1543131916625379,0.8026488639171749
25643,LOF,0.19766313936379715,0.18479736809232625,0.6175394925438765
25644,LOF,0.023789746111481363,0.4741054474140803,0.5021048064744383
25645,LOF,0.019295420441411786,0.4294025922443375,0.5513019873142507
25646,LOF,0.04934558194243301,0.3425998986179251,0.608054519439642
25647,LOF,0.022798758273001686,0.2519601739559733,0.725241067771025
25648,LOF,0.028835466494618392,0.24537053790389862,0.7257939956014829
25649,LOF,0.014314187388801247,0.24976790822291775,0.7359179043882811
25650,LOF,0.051229208549036676,0.38840966757865064,0.5603611238723127
25651,LOF,0.016017993741120465,0.25976101036095706,0.7242209958979224
25652,LOF,0.02874467461198483,0.2599790470995833,0.7112762782884319
25653,LOF,0.07945718277451508,0.373574769061611,0.5469680481638739
25654,LOF,0.02357740185895382,0.20054904165182783,0.7758735564892183
25655,LOF,0.23202721611727625,0.34329100490200054,0.42468177898072323
25656,LOF,0.2746759162432552,0.04309477239268504,0.6822293113640598
25657,LOF,0.07205073737430125,0.04859777408247067,0.8793514885432282
25658,LOF,0.35256755313184307,0.04756869643527108,0.5998637504328859
25659,Neutral,0.5300403155156186,0.06970884765345096,0.4002508368309305
25660,LOF,0.023962953741515646,0.08000382318342553,0.8960332230750588
25661,LOF,0.08943974650896082,0.059814800847776926,0.8507454526432622
25662,LOF,0.03190576438234746,0.031065178347722298,0.9370290572699302
25663,LOF,0.03788307681070839,0.04380264970387621,0.9183142734854155
25664,LOF,0.13345566089363753,0.05616550669190209,0.8103788324144605
25665,LOF,0.054700764175716045,0.029026258513536064,0.9162729773107479
25666,LOF,0.08555449825138026,0.08142437318297638,0.8330211285656434
25667,LOF,0.0666101026357422,0.043617624428060185,0.8897722729361977
25668,LOF,0.038124685914788334,0.042505644139657774,0.9193696699455538
25669,LOF,0.03255801512496021,0.051283640905916215,0.9161583439691235
25670,LOF,0.13204391368154833,0.04556646607977261,0.822389620238679
25671,LOF,0.09628207423078547,0.029088757083663343,0.8746291686855512
25672,LOF,0.05195873461696009,0.039645697708485084,0.9083955676745549
25673,LOF,0.0858754437308215,0.036804133926723735,0.8773204223424548
25674,LOF,0.07442376980246637,0.04562162690006388,0.8799546032974698
25675,LOF,0.1295372058909533,0.04624758093575804,0.8242152131732887
25676,LOF,0.01803148912980647,0.04742079045581823,0.9345477204143753
25677,LOF,0.02478268287587347,0.06066870714268412,0.9145486099814424
25678,LOF,0.17336389108059122,0.05353134958288324,0.7731047593365256
25679,LOF,0.12843247335038127,0.0723101117035838,0.799257414946035
25680,LOF,0.030207788438330652,0.10649695584742336,0.8632952557142459
25681,LOF,0.049143101681282164,0.09403663464228652,0.8568202636764314
25682,LOF,0.13632349608913327,0.0612732058686221,0.8024032980422445
25683,LOF,0.1224394237267121,0.07330529945181363,0.8042552768214744
25684,LOF,0.04198593072849306,0.06398422922013296,0.894029840051374
25685,LOF,0.13968294386554245,0.04469095276511262,0.8156261033693448
25686,LOF,0.07314735930718042,0.08980241415940791,0.8370502265334117
25687,LOF,0.11622545438111583,0.08010557520631896,0.8036689704125652
25688,LOF,0.29321768224283423,0.034797331945559194,0.6719849858116066
25689,LOF,0.20723876022875354,0.04292258594899658,0.7498386538222499
25690,LOF,0.34727693190893355,0.0313291270196097,0.6213939410714567
25691,Neutral,0.6860540507662272,0.029769577897448662,0.2841763713363241
25692,LOF,0.29559085041217764,0.010015423467277166,0.6943937261205452
25693,LOF,0.04581915055698158,0.4642926127999234,0.48988823664309517
25694,LOF,0.12777819898672105,0.021171590530965036,0.851050210482314
25695,LOF,0.12274675872269959,0.017911459694513687,0.8593417815827867
25696,LOF,0.11553112868141968,0.01010652158208234,0.8743623497364981
25697,LOF,0.12840783352276988,0.025975569564293935,0.8456165969129361
25698,LOF,0.33546660975666953,0.26696086373927463,0.3975725265040558
25699,LOF,0.42280783257371884,0.04622708676003935,0.5309650806662418
25700,LOF,0.05264304027936172,0.01118181445698446,0.9361751452636538
25701,LOF,0.1630421147987807,0.06184393089500892,0.7751139543062104
25702,GOF,0.18619158201485034,0.5452964174323381,0.2685120005528116
25703,LOF,0.015575942752928387,0.15645883014807932,0.8279652270989923
25704,LOF,0.04639007765351665,0.11009875794814974,0.8435111643983335
25705,LOF,0.06160751062806186,0.17699202297183997,0.7614004664000982
25706,LOF,0.09104887968517364,0.3378714848132162,0.5710796355016101
25707,LOF,0.09082789203792567,0.26687091525472856,0.6423011927073456
25708,LOF,0.03182927872274521,0.26318642171955803,0.7049842995576968
25709,LOF,0.0586436010582869,0.03813875707927262,0.9032176418624406
25710,LOF,0.012049078077313997,0.12379686866336548,0.8641540532593206
25711,LOF,0.01882872952979247,0.09004326746986081,0.8911280030003468
25712,LOF,0.013161797403412997,0.17236935058688252,0.8144688520097044
25713,LOF,0.018764839558723195,0.07358943738831743,0.9076457230529593
25714,LOF,0.06784241744833738,0.07081035274893716,0.8613472298027256
25715,LOF,0.01020449651916075,0.13308526865736245,0.8567102348234767
25716,LOF,0.013853117477119148,0.10469941076779525,0.8814474717550855
25717,LOF,0.0132531680012959,0.07577272168379225,0.9109741103149119
25718,LOF,0.011455348257050421,0.10034269881427181,0.8882019529286778
25719,LOF,0.019005276106555818,0.07217218883493327,0.9088225350585108
25720,LOF,0.021836898423951968,0.06386725072172493,0.9142958508543232
25721,LOF,0.016073985190082983,0.09608986228919168,0.8878361525207252
25722,LOF,0.013988903260035879,0.11044902822862669,0.8755620685113376
25723,LOF,0.022261443397024728,0.04293843314974059,0.9348001234532347
25724,LOF,0.022556733889684127,0.07614778000702009,0.9012954861032957
25725,LOF,0.011626759734364406,0.06390844665284229,0.9244647936127933
25726,LOF,0.014193609173519169,0.09247715340324765,0.8933292374232332
25727,LOF,0.012856791730618109,0.0725636356144873,0.9145795726548945
25728,LOF,0.009455544769818735,0.10024241306107519,0.890302042169106
25729,LOF,0.009892256661262458,0.10015108290682695,0.8899566604319106
25730,LOF,0.013745501078294644,0.07638799444483915,0.9098665044768662
25731,LOF,0.020332947816571263,0.09913778154961239,0.8805292706338164
25732,LOF,0.014464715020087561,0.07241993944373223,0.9131153455361802
25733,LOF,0.01608115695804794,0.06426515511995258,0.9196536879219994
25734,LOF,0.013597172427987615,0.11638997501156356,0.8700128525604489
25735,LOF,0.013837852444708504,0.0684874584257461,0.9176746891295454
25736,LOF,0.014378355025613973,0.09178594507991408,0.893835699894472
25737,LOF,0.020704239187627625,0.07278080462871463,0.9065149561836576
25738,LOF,0.012926472524703974,0.10189129445782928,0.8851822330174668
25739,LOF,0.020133554254885413,0.07558670112874322,0.9042797446163714
25740,LOF,0.02712815974029461,0.09056546143006816,0.8823063788296371
25741,LOF,0.01470966330322285,0.09725441297681658,0.8880359237199605
25742,LOF,0.11086415622124275,0.0732176519341739,0.8159181918445833
25743,LOF,0.03465990963350519,0.031084629937257146,0.9342554604292376
25744,Neutral,0.5542750775034353,0.21215234626738794,0.23357257622917693
25745,LOF,0.07878228936770089,0.06400272067557182,0.8572149899567273
25746,LOF,0.0427149476521973,0.07369582562985788,0.8835892267179448
25747,LOF,0.022930482247721966,0.03509465819334863,0.9419748595589295
25748,LOF,0.10484801042924631,0.0550656793716796,0.8400863101990741
25749,LOF,0.026677196926321096,0.07188282711600744,0.9014399759576716
25750,LOF,0.08376256403182754,0.0729982149671566,0.8432392210010158
25751,LOF,0.10007143577466841,0.052830209773017785,0.8470983544523137
25752,GOF,0.1067350261532349,0.6886100605584058,0.20465491328835933
25753,LOF,0.018387315987638635,0.2664577761824611,0.7151549078299003
25754,GOF,0.010554761458402336,0.7779298758775549,0.2115153626640429
25755,LOF,0.022026542473984,0.3779077668483287,0.6000656906776873
25756,LOF,0.03947511553102695,0.35110405269533135,0.6094208317736417
25757,GOF,0.014051673289470068,0.8356389886476319,0.15030933806289815
25758,GOF,0.027068674306432138,0.8208296545351442,0.1521016711584235
25759,GOF,0.01147118466772082,0.5196248788593458,0.4689039364729334
25760,LOF,0.012403158002602218,0.22176289588317627,0.7658339461142215
25761,GOF,0.26487033586240066,0.6212184544029781,0.11391120973462117
25762,LOF,0.034410350924202825,0.24828775598305894,0.7173018930927382
25763,LOF,0.013539814532515494,0.1866410290163119,0.7998191564511725
25764,GOF,0.06856276883539152,0.6192623391740666,0.3121748919905418
25765,GOF,0.03912902924232707,0.7393184556070755,0.2215525151505973
25766,GOF,0.05572704143427566,0.7894350211803918,0.1548379373853327
25767,GOF,0.18628599476686286,0.4213299553909266,0.3923840498422105
25768,LOF,0.09264546431133656,0.060188889196814484,0.847165646491849
25769,LOF,0.06339214588755027,0.05621787567757367,0.8803899784348761
25770,LOF,0.2860049274470681,0.08112365245560872,0.6328714200973232
25771,LOF,0.04306177425218315,0.04038307029986529,0.9165551554479515
25772,LOF,0.015965013986482895,0.029291597473478464,0.9547433885400387
25773,LOF,0.04438827915705903,0.07108867574831333,0.8845230450946276
25774,LOF,0.028268605979609212,0.07071981362979288,0.9010115803905979
25775,LOF,0.047624148273941416,0.04270716345351679,0.9096686882725417
25776,LOF,0.07029140067019894,0.022388603169127788,0.9073199961606733
25777,LOF,0.3376085701054811,0.04678267244102595,0.6156087574534929
25778,LOF,0.06169544991617704,0.04543037222263803,0.892874177861185
25779,GOF,0.36385688065654626,0.5950069140261091,0.04113620531734471
25780,GOF,0.3063215378651016,0.625467643424097,0.06821081871080137
25781,GOF,0.14026841964427042,0.762527963346259,0.09720361700947051
25782,GOF,0.19514213521685486,0.73634426798792,0.0685135967952252
25783,GOF,0.02728063853625002,0.6430484274390917,0.3296709340246582
25784,GOF,0.4691397564601384,0.4914745169769451,0.039385726562916494
25785,GOF,0.3694634317253987,0.5892652688303011,0.04127129944430031
25786,GOF,0.026100262459425674,0.786296391830403,0.18760334571017126
25787,Neutral,0.6483688561598308,0.32735208842279295,0.024279055417376332
25788,LOF,0.04399708584031383,0.10684107296500812,0.849161841194678
25789,GOF,0.17840035014362,0.6795303764605167,0.14206927339586334
25790,GOF,0.19264850371762576,0.7071410423106346,0.10021045397173974
25791,GOF,0.13404422455305992,0.6841353792031073,0.18182039624383278
25792,GOF,0.30610095082653066,0.5617814733771205,0.13211757579634884
25793,GOF,0.24464196369788094,0.5732604914991688,0.1820975448029503
25794,GOF,0.31498404634118726,0.5239790017832039,0.16103695187560887
25795,GOF,0.07183549177078757,0.7118006534573231,0.21636385477188913
25796,Neutral,0.536445553116079,0.3900620900550169,0.073492356828904
25797,GOF,0.08849865091712811,0.5567557007889615,0.35474564829391025
25798,GOF,0.010018970992748894,0.5168085291531591,0.47317249985409204
25799,LOF,0.00674662028026059,0.3936346948996528,0.5996186848200865
25800,GOF,0.03154695116467664,0.5991034889957567,0.36934955983956663
25801,GOF,0.18528794872880122,0.6928228350124307,0.12188921625876813
25802,GOF,0.07549224856239092,0.7229093190474218,0.20159843239018715
25803,GOF,0.035738258540241805,0.5778912975986037,0.3863704438611545
25804,GOF,0.033911017583816504,0.48591157639633276,0.48017740601985065
25805,GOF,0.09050566099952805,0.6327522424652475,0.2767420965352244
25806,GOF,0.08614083427192992,0.6276249644772672,0.28623420125080273
25807,GOF,0.021080414500365855,0.662854197719021,0.31606538778061305
25808,GOF,0.07777516132870865,0.6487862451426222,0.2734385935286693
25809,GOF,0.017898092178210933,0.6022876120112977,0.3798142958104914
25810,GOF,0.01650606843361323,0.6243971190286486,0.35909681253773823
25811,GOF,0.4344455907099718,0.4845896825861878,0.08096472670384049
25812,GOF,0.029547995663481114,0.6327574374883509,0.3376945668481679
25813,Neutral,0.5065760487846208,0.4012399117034505,0.09218403951192862
25814,GOF,0.09975512283074203,0.662728845311374,0.237516031857884
25815,GOF,0.19189975970468284,0.6166877720313889,0.1914124682639283
25816,GOF,0.022883047736660785,0.7299029268868474,0.24721402537649184
25817,GOF,0.23030169396990205,0.6283141344815671,0.14138417154853072
25818,GOF,0.05497475928818656,0.6908556081819077,0.2541696325299059
25819,GOF,0.3707950421865889,0.48812956780465,0.14107539000876115
25820,GOF,0.1855943744757865,0.600411554331549,0.21399407119266456
25821,GOF,0.059906807899964595,0.6750293550099475,0.2650638370900879
25822,GOF,0.21405462925552007,0.5811950264535626,0.20475034429091735
25823,GOF,0.031208482173252474,0.515989019400719,0.45280249842602854
25824,GOF,0.09072700838159865,0.6121731013607633,0.297099890257638
25825,GOF,0.03441859368620184,0.6134965590646811,0.35208484724911704
25826,GOF,0.015276357173565366,0.5908739559882648,0.39384968683816984
25827,GOF,0.023525668063267995,0.6195399461586811,0.3569343857780509
25828,GOF,0.013970201407009835,0.5570640731229665,0.4289657254700237
25829,GOF,0.005387823779076638,0.5801792624277765,0.41443291379314695
25830,LOF,0.033440801187392816,0.29289347100055835,0.6736657278120488
25831,GOF,0.22108606073703538,0.662148710429053,0.11676522883391156
25832,GOF,0.03205493023322615,0.7060441089589835,0.2619009608077904
25833,GOF,0.1159021372534942,0.725344218220752,0.1587536445257539
25834,GOF,0.030180230966382473,0.7329149097235552,0.2369048593100624
25835,GOF,0.05897458189045565,0.7711159045977554,0.16990951351178898
25836,GOF,0.03069807547930431,0.6893837768669947,0.27991814765370104
25837,GOF,0.02440258062964647,0.6193521402643891,0.3562452791059644
25838,GOF,0.08378300148546344,0.7825043502032609,0.1337126483112756
25839,GOF,0.28461660627257757,0.5667870185838159,0.14859637514360644
25840,GOF,0.24057830462741397,0.6239103234417192,0.13551137193086688
25841,GOF,0.2363592258572248,0.6365243124030379,0.12711646173973737
25842,GOF,0.1283132628380955,0.7548457543441293,0.11684098281777508
25843,GOF,0.18172871257247222,0.72936925879929,0.08890202862823769
25844,GOF,0.05799450470562324,0.7607868009058407,0.18121869438853602
25845,GOF,0.015738319067943568,0.5446621943876631,0.43959948654439335
25846,GOF,0.12078635315052018,0.7563373724306607,0.12287627441881904
25847,GOF,0.0905464876206169,0.8206374948763143,0.0888160175030688
25848,GOF,0.03796173638195293,0.7382493985431827,0.22378886507486437
25849,GOF,0.010542428223908502,0.6194092956868866,0.3700482760892047
25850,GOF,0.021042020533008292,0.6724218190489123,0.3065361604180794
25851,GOF,0.01585252345572174,0.5634348797899769,0.42071259675430134
25852,GOF,0.1579160198764036,0.5683641708892045,0.2737198092343918
25853,GOF,0.34431127232761394,0.5760164955731351,0.07967223209925094
25854,GOF,0.02280202564988199,0.6244615660321365,0.3527364083179815
25855,GOF,0.0316099832606717,0.5675424541516231,0.40084756258770526
25856,GOF,0.23472461841255216,0.5518122565922615,0.21346312499518627
25857,GOF,0.03814047147596884,0.5198850969416261,0.44197443158240496
25858,GOF,0.020854676654277746,0.5168452485094079,0.46230007483631436
25859,LOF,0.010386105019451556,0.4919202288631345,0.49769366611741384
25860,GOF,0.3572272891943876,0.5673155905877912,0.07545712021782114
25861,GOF,0.411863076003951,0.5209942577152847,0.06714266628076421
25862,GOF,0.07874130468546478,0.7880078743955296,0.13325082091900572
25863,GOF,0.07853305638168312,0.7905645562154682,0.1309023874028488
25864,GOF,0.1695826079604799,0.7639371490789487,0.06648024296057134
25865,GOF,0.07603542877109784,0.8100821329322759,0.11388243829662624
25866,GOF,0.052543371368442116,0.8023174434570784,0.14513918517447946
25867,GOF,0.0772319727058812,0.8257760578447114,0.09699196944940743
25868,GOF,0.23387010010498138,0.6647570505185257,0.10137284937649292
25869,Neutral,0.7153738558069624,0.24185496446524493,0.042771179727792624
25870,GOF,0.28041856859540415,0.40693842356979354,0.3126430078348024
25871,GOF,0.22245672600521574,0.6570035490924193,0.12053972490236489
25872,GOF,0.07661112931462882,0.6672669058297297,0.25612196485564154
25873,GOF,0.11127986112470305,0.6899213777172263,0.19879876115807066
25874,LOF,0.014608604352367239,0.11803501736117268,0.8673563782864601
25875,LOF,0.09329515206935662,0.04583140567457182,0.8608734422560715
25876,LOF,0.031424498027433155,0.02984312905969325,0.9387323729128737
25877,Neutral,0.494090949335879,0.041875310929253805,0.4640337397348672
25878,LOF,0.21451468966525458,0.09059669729138352,0.694888613043362
25879,LOF,0.09209059015917945,0.092588507674177,0.8153209021666435
25880,LOF,0.043284360327550446,0.014407681772677287,0.9423079578997723
25881,LOF,0.16673080599036458,0.12463675445184146,0.708632439557794
25882,LOF,0.05905229354710126,0.016514473288673757,0.924433233164225
25883,LOF,0.06103331425498009,0.021350041640172693,0.9176166441048472
25884,LOF,0.03075320453666085,0.03082384026669398,0.9384229551966451
25885,LOF,0.05840458197761443,0.011573984944856909,0.9300214330775286
25886,LOF,0.25633868072546195,0.042439986624371574,0.7012213326501664
25887,LOF,0.1578914963361319,0.07133849857740865,0.7707700050864595
25888,LOF,0.0652372178538531,0.05798573614469968,0.8767770460014471
25889,LOF,0.03791084601018911,0.022467114491118746,0.939622039498692
25890,LOF,0.04982474602084769,0.1508545511809218,0.7993207027982305
25891,LOF,0.035417244425562516,0.05231297675712721,0.9122697788173103
25892,LOF,0.07958504823727619,0.0250315308546181,0.8953834209081056
25893,LOF,0.22705812033300932,0.020060471048467584,0.7528814086185232
25894,LOF,0.16698753420716825,0.014423868369599201,0.8185885974232325
25895,LOF,0.1895374449489175,0.023865847383096446,0.786596707667986
25896,LOF,0.0485047081217035,0.024689112121285,0.9268061797570114
25897,LOF,0.24674052688040923,0.015113178676875205,0.7381462944427155
25898,Neutral,0.6990974703942658,0.011356106186938551,0.2895464234187957
25899,LOF,0.20353460060101838,0.02321341790018564,0.773251981498796
25900,LOF,0.44720661513945503,0.013100206098689839,0.5396931787618551
25901,LOF,0.05009752863238343,0.01189211149709857,0.938010359870518
25902,LOF,0.16356903088625716,0.01469559012315481,0.821735378990588
25903,Neutral,0.5722277677844643,0.03037660864252326,0.3973956235730125
25904,LOF,0.31084990081888686,0.04567507601174076,0.6434750231693723
25905,LOF,0.023306312427379856,0.34336205005657383,0.6333316375160463
25906,LOF,0.030430956816659086,0.09424437248601464,0.8753246706973263
25907,LOF,0.014256684788309626,0.3219537128817587,0.6637896023299317
25908,LOF,0.009674468083320882,0.25499107853216796,0.7353344533845112
25909,LOF,0.011925306568243336,0.13619054551478918,0.8518841479169675
25910,LOF,0.05255296444107088,0.14073147073168274,0.8067155648272464
25911,LOF,0.18119913464943482,0.023802298713901316,0.7949985666366638
25912,LOF,0.04655659485877625,0.04112683246873886,0.912316572672485
25913,LOF,0.3411088514356374,0.020884505208503636,0.638006643355859
25914,LOF,0.021889014506716053,0.048262420908698846,0.9298485645845851
25915,Neutral,0.6005997073145963,0.12923951701270323,0.27016077567270036
25916,LOF,0.08988442016244699,0.1944988137590693,0.7156167660784837
25917,LOF,0.06546939657002016,0.03544098307327491,0.8990896203567049
25918,LOF,0.023417932453011013,0.02851879789928737,0.9480632696477015
25919,LOF,0.020920492278897408,0.03016169013145146,0.948917817589651
25920,GOF,0.10564301469324425,0.4823821115508338,0.411974873755922
25921,LOF,0.026911664834337216,0.03557980835647301,0.9375085268091898
25922,LOF,0.03563946185890052,0.02621991890136696,0.9381406192397325
25923,Neutral,0.48898648663313177,0.03513109973306498,0.47588241363380335
25924,LOF,0.03739695052214935,0.043945252264224875,0.9186577972136257
25925,LOF,0.07868631621333096,0.03757051949080177,0.8837431642958673
25926,LOF,0.055352779502651675,0.03379006984009195,0.9108571506572564
25927,LOF,0.06428426839650879,0.15422025481919874,0.7814954767842925
25928,LOF,0.020159490718328208,0.05830561246049316,0.9215348968211787
25929,Neutral,0.6067529236204507,0.03735819518033285,0.35588888119921636
25930,LOF,0.07476326921474782,0.03151332403939864,0.8937234067458536
25931,LOF,0.025951992098594723,0.0338382605412612,0.940209747360144
25932,LOF,0.029170774118566514,0.027788055946769245,0.9430411699346642
25933,LOF,0.038748015970954404,0.01769693290372303,0.9435550511253226
25934,LOF,0.024647256653032076,0.019854595031404954,0.955498148315563
25935,LOF,0.06626409310142704,0.04750931259439328,0.8862265943041796
25936,LOF,0.04518689333551364,0.023349332468632047,0.9314637741958542
25937,LOF,0.028580442440382065,0.03834000106723214,0.9330795564923858
25938,LOF,0.06859527628432129,0.0503614182290274,0.8810433054866512
25939,LOF,0.04209317142371433,0.01962462988797565,0.93828219868831
25940,LOF,0.04344211494078945,0.31782228289886505,0.6387356021603455
25941,LOF,0.1909020289380678,0.07820176820151786,0.7308962028604145
25942,LOF,0.012819190165466513,0.03320786411955596,0.9539729457149775
25943,LOF,0.3103882232152091,0.048810795834304095,0.6408009809504869
25944,Neutral,0.49032971920901913,0.01972843106320478,0.4899418497277761
25945,LOF,0.06842799442379961,0.018202489237459096,0.9133695163387414
25946,LOF,0.029608324662595633,0.10379061220641324,0.8666010631309911
25947,LOF,0.10501551037435386,0.15729676210375396,0.7376877275218922
25948,LOF,0.36003574699037466,0.008248835522117056,0.6317154174875083
25949,LOF,0.12596297958461283,0.037412885721176486,0.8366241346942107
25950,Neutral,0.346021428357742,0.3356039994040179,0.31837457223824
25951,LOF,0.19672481456964036,0.27657257740327146,0.5267026080270881
25952,GOF,0.04494427605763744,0.5175268376675812,0.43752888627478126
25953,LOF,0.14714220944788514,0.10801191179421853,0.7448458787578964
25954,Neutral,0.42698362968327075,0.19869935568758032,0.3743170146291489
25955,LOF,0.06400236225825348,0.07817358345968918,0.8578240542820574
25956,LOF,0.14193139775680355,0.11437263829241007,0.7436959639507864
25957,LOF,0.03596746927052461,0.029114262164195697,0.9349182685652797
25958,LOF,0.05526351607981152,0.02632160951132119,0.9184148744088674
25959,LOF,0.06761886167187445,0.3396314725942969,0.5927496657338287
25960,LOF,0.015435884739756014,0.04704267367927669,0.9375214415809674
25961,LOF,0.04080874259627448,0.025477974117172633,0.9337132832865529
25962,LOF,0.06037498988197739,0.03253135974119619,0.9070936503768264
25963,LOF,0.04327112920708455,0.19880572686589307,0.7579231439270224
25964,LOF,0.03230879035966545,0.1568693858710937,0.8108218237692407
25965,LOF,0.465459036719015,0.05494620118786949,0.4795947620931154
25966,Neutral,0.520468170883419,0.17785247741653232,0.3016793517000487
25967,LOF,0.01628934446627986,0.10296252733308518,0.8807481282006349
25968,LOF,0.03765187309041556,0.38544110450718533,0.5769070224023992
25969,LOF,0.03662443734011059,0.06818824740833848,0.8951873152515509
25970,LOF,0.05382321276663262,0.05777001533259594,0.8884067719007713
25971,LOF,0.0646086292115844,0.020568029563798766,0.9148233412246167
25972,LOF,0.060639775773794743,0.03162215986599284,0.9077380643602124
25973,LOF,0.07196295666520464,0.009919950653744137,0.9181170926810512
25974,LOF,0.17822523562980574,0.014041651535418687,0.8077331128347756
25975,LOF,0.04488661918923758,0.02716395144288219,0.9279494293678802
25976,LOF,0.04266747679861062,0.015442993801625672,0.9418895293997637
25977,LOF,0.15696254181596786,0.07299472859673706,0.770042729587295
25978,LOF,0.14163987326556532,0.10545663905022332,0.7529034876842114
25979,LOF,0.12636415253959024,0.1092979072310267,0.7643379402293831
25980,LOF,0.21739443293596195,0.12312663579668223,0.6594789312673558
25981,LOF,0.24962034767156208,0.12092804872597435,0.6294516036024637
25982,LOF,0.4099607203832835,0.08630661437285975,0.5037326652438567
25983,LOF,0.3866266045656026,0.09198688162294531,0.5213865138114521
25984,LOF,0.046252098956494014,0.04574367437128899,0.908004226672217
25985,LOF,0.04015521113352213,0.2745170585766318,0.6853277302898462
25986,LOF,0.05052264724243666,0.31498107592288926,0.6344962768346741
25987,LOF,0.0899714293356952,0.06668578055702115,0.8433427901072836
25988,LOF,0.1519062879378037,0.062203244785742184,0.7858904672764541
25989,LOF,0.033309850411144204,0.11230864108054647,0.8543815085083093
25990,LOF,0.03707909801768102,0.16983443809726584,0.7930864638850532
25991,LOF,0.15351099854078282,0.23708629518501645,0.6094027062742008
25992,LOF,0.32738720488754114,0.13564055598649313,0.5369722391259657
25993,LOF,0.02325059332380556,0.07826738666418744,0.898482020012007
25994,LOF,0.018836300313815998,0.08126566828537855,0.8998980314008055
25995,LOF,0.024731109346122982,0.16858771381827062,0.8066811768356064
25996,GOF,0.3403297470842339,0.38456525140727255,0.2751050015084936
25997,LOF,0.0918985003620748,0.37968649462258447,0.5284150050153408
25998,Neutral,0.5024999710747606,0.0315413100211294,0.4659587189041099
25999,LOF,0.09747991725858718,0.10207769376600631,0.8004423889754064
26000,LOF,0.12745863864700271,0.043029799774031444,0.8295115615789658
26001,LOF,0.19130457254479682,0.048432889025836326,0.7602625384293669
26002,LOF,0.1203335788231365,0.03907550965117839,0.8405909115256851
26003,GOF,0.011829482023129632,0.5845315432073269,0.40363897476954347
26004,GOF,0.02254973999682961,0.6874142974522092,0.29003596255096137
26005,LOF,0.007322788196286127,0.43461972325178644,0.5580574885519274
26006,Neutral,0.5650600103434538,0.21578929595095625,0.21915069370558998
26007,GOF,0.023670598677474782,0.5048212856420282,0.47150811568049705
26008,GOF,0.020519477243568743,0.6148082806220301,0.3646722421344011
26009,GOF,0.021696736472464208,0.702021983216238,0.27628128031129784
26010,GOF,0.0243576036170107,0.6284048121617601,0.3472375842212292
26011,LOF,0.0072205451876157815,0.39909270249523393,0.5936867523171502
26012,GOF,0.012883020744571013,0.5361465745996297,0.4509704046557993
26013,GOF,0.021495114598736,0.6220687305418123,0.3564361548594515
26014,LOF,0.041294337722157695,0.11532412393047409,0.8433815383473683
26015,LOF,0.14201886743524636,0.014467247037905325,0.8435138855268484
26016,LOF,0.17409559130405033,0.057232509056046474,0.7686718996399031
26017,LOF,0.20231490018613216,0.09199288438326358,0.7056922154306043
26018,LOF,0.0728177074186299,0.040665247111419556,0.8865170454699505
26019,LOF,0.06997882494409455,0.03243306405040667,0.8975881110054987
26020,LOF,0.06122574333231079,0.09772718154615476,0.8410470751215345
26021,LOF,0.0426488942561427,0.10166112286378805,0.8556899828800693
26022,LOF,0.011205661484307792,0.040169099489012816,0.9486252390266794
26023,LOF,0.06357880424477655,0.025669578634030576,0.9107516171211929
26024,LOF,0.02935025513597573,0.11152647014387046,0.8591232747201539
26025,LOF,0.15038800559172288,0.08920475530074581,0.7604072391075313
26026,LOF,0.3198194483466694,0.028476175667443968,0.6517043759858867
26027,LOF,0.05632729717382012,0.019127743291989272,0.9245449595341906
26028,LOF,0.1679191272725344,0.06567942047613039,0.7664014522513352
26029,LOF,0.06015257119992593,0.1403953320668383,0.7994520967332357
26030,LOF,0.019041748449575117,0.03520311927090493,0.94575513227952
26031,LOF,0.02183328612637091,0.10374967780365942,0.8744170360699697
26032,LOF,0.06240996783519413,0.04994550941186378,0.887644522752942
26033,LOF,0.08321352645808537,0.05035852037983914,0.8664279531620754
26034,LOF,0.03772350947141685,0.1240529154796026,0.8382235750489806
26035,LOF,0.02316274273486753,0.11787039585405536,0.858966861411077
26036,LOF,0.0349197239652045,0.13630303363450838,0.828777242400287
26037,LOF,0.01949989950470483,0.09145916516024323,0.8890409353350519
26038,LOF,0.059154963408198896,0.05259779149927168,0.8882472450925295
26039,LOF,0.04393932239032883,0.11653723738290218,0.8395234402267691
26040,LOF,0.19235387348576272,0.094851404081747,0.7127947224324902
26041,LOF,0.020239794668296642,0.08682679350066422,0.8929334118310391
26042,LOF,0.018284324879153338,0.08249897667823923,0.8992166984426074
26043,LOF,0.06028722506688599,0.06041188568266962,0.8793008892504445
26044,LOF,0.018406221355265765,0.04700746320180588,0.9345863154429284
26045,LOF,0.06479894606081636,0.07871797229817021,0.8564830816410135
26046,LOF,0.055290635287129804,0.05129218882014099,0.8934171758927292
26047,LOF,0.07367417263197995,0.05332949946455454,0.8729963279034656
26048,LOF,0.0416210747084031,0.029789108482555348,0.9285898168090416
26049,Neutral,0.9649579284983278,0.0055075575818586036,0.029534513919813564
26050,Neutral,0.9491744701464474,0.006833366350963529,0.04399216350258917
26051,LOF,0.050758270024828106,0.2757808011776263,0.6734609287975456
26052,LOF,0.06676918696313289,0.321479842094183,0.611750970942684
26053,LOF,0.054055144445245375,0.15117648117308746,0.7947683743816671
26054,LOF,0.05104035814830272,0.01810268132506616,0.930856960526631
26055,LOF,0.06961987832742306,0.017117816821659474,0.9132623048509175
26056,LOF,0.060141240984429065,0.019119516758274866,0.9207392422572961
26057,LOF,0.030463826662312093,0.011933283094895665,0.9576028902427922
26058,LOF,0.030991874881162413,0.00954865621651575,0.9594594689023219
26059,LOF,0.29623363734188884,0.02133774422518624,0.682428618432925
26060,LOF,0.04179661677998131,0.17013016709653378,0.7880732161234849
26061,LOF,0.015850592301946395,0.013012054220280995,0.9711373534777726
26062,LOF,0.010188096471278245,0.018370795647212237,0.9714411078815096
26063,LOF,0.019439922276745354,0.010318329288480529,0.9702417484347742
26064,LOF,0.019768208744535817,0.02454822515439188,0.9556835661010722
26065,LOF,0.024567257674929354,0.01078110539352852,0.9646516369315421
26066,LOF,0.019661693883348694,0.010436313896800227,0.9699019922198511
26067,LOF,0.026854407747518762,0.00884478681951844,0.9643008054329628
26068,LOF,0.04484894870694639,0.027423059772064735,0.9277279915209888
26069,LOF,0.26838580357754005,0.019789012090142753,0.7118251843323172
26070,LOF,0.40156911566836107,0.0170471403318304,0.5813837439998085
26071,LOF,0.01972061470743318,0.011705138367169753,0.9685742469253971
26072,LOF,0.017529247547424694,0.0214720219377856,0.9609987305147897
26073,LOF,0.018950009868797506,0.014411089954012087,0.9666389001771903
26074,Neutral,0.9201218939109639,0.005949918218434745,0.07392818787060126
26075,LOF,0.04885023150590683,0.01411746989203835,0.937032298602055
26076,LOF,0.03560903725965995,0.008823906381065583,0.9555670563592744
26077,LOF,0.009525707651705653,0.013068628771890899,0.9774056635764035
26078,LOF,0.01415300051469851,0.011451154921206852,0.9743958445640947
26079,LOF,0.06443870311998988,0.01603217848158426,0.9195291183984259
26080,LOF,0.06363473649436675,0.016042888658483988,0.9203223748471492
26081,LOF,0.03729494688866301,0.006746227710901945,0.9559588254004352
26082,LOF,0.013127674218018382,0.014105129062811354,0.9727671967191703
26083,LOF,0.1784186348321744,0.015349054507646806,0.8062323106601788
26084,LOF,0.042591820148786305,0.012246104978444097,0.9451620748727695
26085,LOF,0.03814563400746557,0.011681474757987507,0.9501728912345468
26086,LOF,0.020420285884465754,0.011563423172625428,0.9680162909429088
26087,LOF,0.0230620841838578,0.008687794375372048,0.96825012144077
26088,LOF,0.01552706614949696,0.02478851226222588,0.959684421588277
26089,LOF,0.043302907180779414,0.02264937569113737,0.9340477171280833
26090,LOF,0.04285668856397992,0.017890634330166997,0.939252677105853
26091,LOF,0.03305665821862024,0.0064282250132157775,0.9605151167681639
26092,LOF,0.020613163203298722,0.007957251795624242,0.971429585001077
26093,LOF,0.03326588741037359,0.005880456502850397,0.960853656086776
26094,LOF,0.0329894082909388,0.006178400041828271,0.9608321916672329
26095,LOF,0.03844953097010705,0.013951276439421208,0.9475991925904717
26096,LOF,0.016806796117592226,0.011621132220613005,0.9715720716617947
26097,LOF,0.011641495392185635,0.03973478138917308,0.9486237232186413
26098,LOF,0.08652564086285686,0.01277444845836523,0.900699910678778
26099,LOF,0.020343108110089953,0.012481538216209107,0.967175353673701
26100,LOF,0.022913212615217553,0.01220961808203709,0.9648771693027454
26101,LOF,0.04550070972046027,0.017988748839662932,0.9365105414398767
26102,LOF,0.020396569704650435,0.014841140689019424,0.9647622896063301
26103,Neutral,0.8790594219164622,0.019518175590270356,0.10142240249326734
26104,LOF,0.0781481510297238,0.023408859374817334,0.8984429895954589
26105,LOF,0.21347937184571505,0.26657386613289646,0.5199467620213885
26106,LOF,0.17309701273918,0.137012742808752,0.689890244452068
26107,LOF,0.23046853164392528,0.08839692871112803,0.6811345396449466
26108,LOF,0.22584206098752868,0.09351722176818969,0.6806407172442815
26109,LOF,0.09352004222111016,0.05866297053010503,0.8478169872487848
26110,LOF,0.2207686465918867,0.006733081225129286,0.7724982721829841
26111,Neutral,0.5137358550342581,0.021602898101670247,0.46466124686407156
26112,LOF,0.03512021856951727,0.006695499195920446,0.9581842822345624
26113,LOF,0.061414473653492896,0.015373079330962078,0.9232124470155451
26114,LOF,0.02753205337245451,0.03121179085026908,0.9412561557772764
26115,LOF,0.08844189622606234,0.05166110948611127,0.8598969942878263
26116,LOF,0.059732288215187695,0.05757046168235099,0.8826972501024613
26117,LOF,0.4611298162478218,0.04383353797175646,0.49503664578042167
26118,LOF,0.03322603688508814,0.023521986006474756,0.9432519771084372
26119,LOF,0.025016685160562,0.03850341420433163,0.9364799006351062
26120,LOF,0.024788383863669338,0.019118239587477822,0.9560933765488528
26121,LOF,0.04519579765354552,0.08700586651513574,0.8677983358313187
