feature0,prediction,LoGoFunc_Neutral,LoGoFunc_GOF,LoGoFunc_LOF
25546,Neutral,0.6149715472269809,0.05685147324767062,0.3281769795253486
25547,Neutral,0.5196585057575723,0.08766674054523635,0.3926747536971913
25548,Neutral,0.5169316506278814,0.0789241318551222,0.40414421751699636
25549,Neutral,0.4681854234244747,0.08095602598419287,0.4508585505913324
25550,LOF,0.3876053378944201,0.0961233253719479,0.516271336733632
25551,LOF,0.3419981548564354,0.10873906481413038,0.5492627803294342
25552,LOF,0.31022094019710966,0.1163757604824056,0.5734032993204848
25553,Neutral,0.7860539418260508,0.05082280574843423,0.16312325242551504
25554,LOF,0.344809206136087,0.10610836256559383,0.5490824312983191
25555,LOF,0.29821855680907566,0.09931640615191792,0.6024650370390063
25556,Neutral,0.4892910940127126,0.09574063712586198,0.41496826886142546
25557,LOF,0.2918219571390392,0.1064726142959227,0.6017054285650381
25558,LOF,0.34766236995770555,0.10006007187136401,0.5522775581709305
25559,LOF,0.2558166477654086,0.049941343681683,0.6942420085529084
25560,LOF,0.09554014121299717,0.1466095497825781,0.7578503090044246
25561,LOF,0.10646669900672454,0.19705527611624368,0.6964780248770317
25562,LOF,0.04127872001231882,0.11789339793915513,0.840827882048526
25563,LOF,0.0107476307126995,0.1653784554058569,0.8238739138814435
25564,LOF,0.09478405538561677,0.12983479786890137,0.7753811467454818
25565,LOF,0.19830587345217252,0.1698674503284297,0.6318266762193978
25566,GOF,0.060023761410140326,0.6807958209249386,0.25918041766492106
25567,LOF,0.04969414404267616,0.16124531514567172,0.7890605408116521
25568,LOF,0.05992166789764672,0.09380052405100726,0.846277808051346
25569,LOF,0.060592563033484835,0.08793887754216827,0.8514685594243468
25570,LOF,0.025585573204126914,0.12673015542213154,0.8476842713737415
25571,LOF,0.024843796835682396,0.1253286949788326,0.849827508185485
25572,LOF,0.05440518662915632,0.1727848915581632,0.7728099218126804
25573,LOF,0.06602047811912895,0.12253028544258028,0.8114492364382908
25574,LOF,0.0659531650702016,0.23821707327219155,0.6958297616576068
25575,LOF,0.02361045603532631,0.14286461802567776,0.833524925938996
25576,LOF,0.022924212181714306,0.21595117944187103,0.7611246083764147
25577,LOF,0.027851913786508278,0.16763926145217867,0.804508824761313
25578,LOF,0.29242166114762586,0.09392183932309413,0.6136564995292799
25579,LOF,0.21403379004435946,0.09472058650944704,0.6912456234461936
25580,LOF,0.022558301948773323,0.09036742022752904,0.8870742778236976
25581,LOF,0.048723664271517614,0.09366581939241751,0.8576105163360648
25582,LOF,0.04838009017316127,0.09170074471982677,0.8599191651070119
25583,LOF,0.029073749230647476,0.10793136488315233,0.8629948858862002
25584,Neutral,0.7134032318353127,0.11813412947725548,0.16846263868743178
25585,LOF,0.022002708359990446,0.1871680269194829,0.7908292647205267
25586,LOF,0.020234710049119198,0.10329027912852239,0.8764750108223585
25587,LOF,0.019870491894461294,0.08988206340925206,0.8902474446962867
25588,LOF,0.023484599164158806,0.08810902541027062,0.8884063754255705
25589,Neutral,0.5480046469165999,0.21560384331195623,0.23639150977144385
25590,LOF,0.050131894174554846,0.13765940456130982,0.8122087012641352
25591,LOF,0.07941809274500657,0.08511607819162331,0.8354658290633702
25592,LOF,0.06712651475075467,0.16757897725879078,0.7652945079904545
25593,LOF,0.10407448596209215,0.3058521255422749,0.5900733884956328
25594,LOF,0.05523470454496895,0.05001563081391368,0.8947496646411174
25595,LOF,0.05514170513216464,0.028635545943152558,0.9162227489246828
25596,LOF,0.12190974588628119,0.019376933011915707,0.8587133211018031
25597,LOF,0.08449307307459114,0.02445709876183947,0.8910498281635694
25598,LOF,0.0546727824997976,0.03217541967877176,0.9131517978214306
25599,LOF,0.025498748011112026,0.3421855407401927,0.6323157112486952
25600,LOF,0.1950884295511712,0.3452005325925635,0.45971103785626527
25601,LOF,0.04804738221147634,0.26695495880999415,0.6849976589785295
25602,LOF,0.031372931921576745,0.0734805245434217,0.8951465435350016
25603,LOF,0.05084605927581521,0.07028808417127937,0.8788658565529055
25604,LOF,0.04598498644643043,0.13486444491711236,0.8191505686364573
25605,LOF,0.03786878756800958,0.2079375920982498,0.7541936203337407
25606,Neutral,0.4706449864312231,0.21424934909832455,0.3151056644704524
25607,LOF,0.02726070439278177,0.2588746444930303,0.7138646511141878
25608,LOF,0.036426645563718725,0.13371688378558266,0.8298564706506985
25609,GOF,0.15309156077739253,0.5396149683491188,0.3072934708734885
25610,LOF,0.01874181419154301,0.06362904519211972,0.9176291406163374
25611,LOF,0.013664800997485013,0.06321630139438167,0.9231188976081334
25612,LOF,0.049492305532035596,0.07169867249916748,0.878809021968797
25613,LOF,0.04554086285839753,0.07367394943387788,0.8807851877077245
25614,LOF,0.023843415941622734,0.05516570111753562,0.9209908829408417
25615,LOF,0.04379192777072689,0.05288742946259922,0.903320642766674
25616,LOF,0.06343894879624622,0.06739644242836879,0.869164608775385
25617,LOF,0.04730348318809125,0.07149489211582301,0.8812016246960857
25618,LOF,0.04669475917123849,0.0963100633287628,0.8569951774999987
25619,LOF,0.014929596741885128,0.0726242920670631,0.9124461111910517
25620,LOF,0.05320985597812773,0.07406565833435408,0.8727244856875181
25621,LOF,0.06302621955174448,0.04898088395915059,0.8879928964891048
25622,LOF,0.07416656592731873,0.06261395534703831,0.8632194787256429
25623,LOF,0.0642386111986966,0.055659170020640684,0.8801022187806627
25624,LOF,0.021762917264862545,0.0651810036893292,0.9130560790458083
25625,LOF,0.06393838832160678,0.06290104997568258,0.8731605617027106
25626,LOF,0.0519427321097616,0.06942811776833213,0.8786291501219062
25627,Neutral,0.8816928358411918,0.026074700567386925,0.09223246359142129
25628,LOF,0.18597842016506788,0.06552822815030276,0.7484933516846293
25629,LOF,0.07864597773424656,0.07376657299887886,0.8475874492668746
25630,LOF,0.2977919516953768,0.08049712558662168,0.6217109227180015
25631,Neutral,0.5432477115855531,0.06096218339543898,0.39579010501900797
25632,LOF,0.0342602543050072,0.09841852515388776,0.8673212205411049
25633,LOF,0.2321632508394393,0.07311067126974193,0.6947260778908189
25634,LOF,0.043843333600993704,0.1313267227922725,0.8248299436067338
25635,LOF,0.040444909740549956,0.0614008364527362,0.8981542538067139
25636,GOF,0.03138716882491818,0.5563682993776289,0.4122445317974529
25637,GOF,0.050087974811520594,0.5117494746128713,0.43816255057560793
25638,LOF,0.02556130912192749,0.4764777922040803,0.4979608986739923
25639,LOF,0.03252114482561792,0.45237703599716017,0.515101819177222
25640,Neutral,0.8583642170963477,0.0808282023010493,0.06080758060260293
25641,LOF,0.11575762577960748,0.4387493022297276,0.445493071990665
25642,LOF,0.09792209382801538,0.18690257781761258,0.715175328354372
25643,LOF,0.3291336017467185,0.10688254847414783,0.5639838497791336
25644,GOF,0.010696143003458156,0.6571121135390458,0.33219174345749614
25645,GOF,0.011573956526586602,0.6362927266281624,0.352133316845251
25646,LOF,0.029568937118073846,0.4778537888351891,0.49257727404673707
25647,LOF,0.011570926982144066,0.34116904111655477,0.6472600319013012
25648,LOF,0.012488783799673742,0.42329295458518584,0.5642182616151404
25649,LOF,0.008475553577994366,0.3400661404686383,0.6514583059533674
25650,GOF,0.023190066458983784,0.626308932130763,0.35050100141025325
25651,LOF,0.010623913532468846,0.42750529177269614,0.561870794694835
25652,LOF,0.012610090946405236,0.4613379591199409,0.5260519499336539
25653,GOF,0.04049688127210923,0.6258121090129278,0.333691009714963
25654,LOF,0.011287856293985408,0.3565115714491978,0.6322005722568168
25655,GOF,0.09675203381910577,0.6571867260244061,0.24606124015648817
25656,LOF,0.338052851219132,0.1285318901067305,0.5334152586741375
25657,LOF,0.04844545338594683,0.1374440832086397,0.8141104634054135
25658,LOF,0.322881783643855,0.1670569774016729,0.5100612389544722
25659,Neutral,0.4962643428902604,0.18846192907092715,0.31527372803881254
25660,LOF,0.02288993650106452,0.11057340925776733,0.8665366542411682
25661,LOF,0.07036883042840562,0.07264695513549972,0.8569842144360947
25662,LOF,0.02871226447246633,0.038526474773893024,0.9327612607536407
25663,LOF,0.031058471400893153,0.03556977728816307,0.9333717513109437
25664,LOF,0.10404653758800919,0.06197902466755506,0.8339744377444357
25665,LOF,0.06369016620404315,0.02960079139570741,0.9067090424002495
25666,LOF,0.07299672993770197,0.05691358038319859,0.8700896896790995
25667,LOF,0.06705446008141101,0.04002602843501302,0.8929195114835758
25668,LOF,0.0300863991336862,0.05434826241354787,0.9155653384527659
25669,LOF,0.02260997920364694,0.05316701964144936,0.9242230011549036
25670,LOF,0.11557678457668764,0.03956706267414097,0.8448561527491714
25671,LOF,0.09239292215737491,0.038354103412278934,0.8692529744303462
25672,LOF,0.05141470268354672,0.045139973506906565,0.9034453238095467
25673,LOF,0.09157848923815916,0.041236732890015476,0.8671847778718255
25674,LOF,0.09395687066142663,0.05379886473480046,0.852244264603773
25675,LOF,0.08811703379859025,0.06499861229019442,0.8468843539112153
25676,LOF,0.01669359546345378,0.056340002235589964,0.9269664023009563
25677,LOF,0.01680987084735638,0.08823128880526798,0.8949588403473756
25678,LOF,0.17120956945069338,0.10467816912300609,0.7241122614263005
25679,LOF,0.1071467496684091,0.09043928822076243,0.8024139621108284
25680,LOF,0.024109674326021565,0.13024853733436026,0.8456417883396182
25681,LOF,0.037321683252453254,0.12279026378990682,0.83988805295764
25682,LOF,0.11394861016062627,0.07615751395262925,0.8098938758867444
25683,LOF,0.09589914691378032,0.0942466343872582,0.8098542186989616
25684,LOF,0.02874595478522672,0.06831946760196435,0.9029345776128089
25685,LOF,0.11284859316283637,0.08535235503684642,0.8017990518003173
25686,LOF,0.07381836309595748,0.12653962589152348,0.7996420110125191
25687,LOF,0.12296312930549501,0.12577862955658453,0.7512582411379204
25688,LOF,0.4064946218663101,0.03596382526299775,0.5575415528706921
25689,LOF,0.2812408017505212,0.045392200609416004,0.6733669976400628
25690,LOF,0.35450896421613626,0.03017764151376556,0.6153133942700982
25691,Neutral,0.7260355181321564,0.0321593583993203,0.24180512346852348
25692,LOF,0.3668329685703757,0.01508372626189339,0.6180833051677309
25693,LOF,0.04444112408633183,0.4762451071863708,0.4793137687272974
25694,LOF,0.12032120736887518,0.01484865308576129,0.8648301395453636
25695,LOF,0.10479542902900908,0.010541574507720825,0.8846629964632702
25696,LOF,0.13294733334696246,0.013132107194506958,0.8539205594585305
25697,LOF,0.05943167802894368,0.12266442392457386,0.8179038980464824
25698,LOF,0.25629024280190404,0.29252274444658144,0.45118701275151457
25699,LOF,0.4702422535351063,0.04394530137817208,0.48581244508672156
25700,LOF,0.07175225786947793,0.014299784826852076,0.91394795730367
25701,LOF,0.17232433891022278,0.036153179360450115,0.791522481729327
25702,GOF,0.18794584396323966,0.6268356721789541,0.1852184838578062
25703,LOF,0.01914103685378819,0.15090841835978513,0.8299505447864267
25704,LOF,0.035141949891219805,0.13292039849712994,0.8319376516116503
25705,LOF,0.03969741266932616,0.07552278646596342,0.8847798008647103
25706,LOF,0.11281923880480736,0.4279113635316479,0.4592693976635448
25707,LOF,0.08746623157523573,0.36026629695672785,0.5522674714680366
25708,LOF,0.03897976019963655,0.3475336713094732,0.6134865684908902
25709,LOF,0.07390704421119,0.02925299171216942,0.8968399640766406
25710,LOF,0.015132477617684239,0.1253099539070988,0.8595575684752169
25711,LOF,0.021231366551156552,0.07119213508658655,0.9075764983622568
25712,LOF,0.01807594234596789,0.15857635855920688,0.8233476990948252
25713,LOF,0.01849664348259773,0.05809954034449425,0.923403816172908
25714,LOF,0.07904920919750398,0.04589038644057241,0.8750604043619236
25715,LOF,0.011650343178937445,0.09142474077271799,0.8969249160483446
25716,LOF,0.013975173197071701,0.0898312657888137,0.8961935610141147
25717,LOF,0.017604608314381924,0.05858326834364507,0.9238121233419729
25718,LOF,0.011504072700364314,0.043759812153839873,0.9447361151457958
25719,LOF,0.02288842861474081,0.05647960964209324,0.920631961743166
25720,LOF,0.02640042793619122,0.038738874019471306,0.9348606980443376
25721,LOF,0.011705405562734538,0.05406576875985628,0.9342288256774092
25722,LOF,0.01321661780862277,0.046136425733867094,0.9406469564575101
25723,LOF,0.025784193971438378,0.030626005675729404,0.9435898003528322
25724,LOF,0.03298069592482473,0.05515711175187379,0.9118621923233016
25725,LOF,0.011725050943931581,0.05333570535255423,0.9349392437035141
25726,LOF,0.017156378077622,0.062433264372712766,0.9204103575496653
25727,LOF,0.013800667223956136,0.04424142419905618,0.9419579085769877
25728,LOF,0.01054131505400911,0.0645796256626112,0.9248790592833797
25729,LOF,0.010605572298855902,0.0653418423034913,0.9240525853976528
25730,LOF,0.014375587159932385,0.06496052338928475,0.9206638894507828
25731,LOF,0.021322860972882288,0.07811835491052968,0.900558784116588
25732,LOF,0.013301495082072467,0.041351812362677334,0.9453466925552502
25733,LOF,0.015210900836033069,0.04958234929329102,0.9352067498706759
25734,LOF,0.012677438145808207,0.10151497281435476,0.8858075890398371
25735,LOF,0.011334454380173508,0.0440674648952854,0.9445980807245411
25736,LOF,0.012810558888497341,0.0495561935596677,0.9376332475518351
25737,LOF,0.012474879947001732,0.07967336138651261,0.9078517586664856
25738,LOF,0.012467158162381463,0.08136589136474802,0.9061669504728705
25739,LOF,0.021049050191962192,0.06218868272165042,0.9167622670863873
25740,LOF,0.03001625362604725,0.10289096596075537,0.8670927804131974
25741,LOF,0.014933140610000525,0.08936071436117497,0.8957061450288244
25742,LOF,0.12028741872798798,0.06931401841581589,0.8103985628561962
25743,LOF,0.04292776035631645,0.05435625380917314,0.9027159858345105
25744,Neutral,0.6070222718832666,0.22886808675968912,0.16410964135704437
25745,LOF,0.06344175379781436,0.07651481150178951,0.8600434347003961
25746,LOF,0.04558076777587424,0.10033838677149837,0.8540808454526273
25747,LOF,0.019151570676808307,0.0947174199414285,0.8861310093817633
25748,LOF,0.11525928435203794,0.15786003666615214,0.7268806789818099
25749,LOF,0.029095930954358525,0.08634409079132556,0.8845599782543159
25750,LOF,0.06930184848228334,0.111637309695486,0.8190608418222306
25751,LOF,0.11731377607058892,0.13289375649584148,0.7497924674335695
25752,GOF,0.10266680331177368,0.6292692064129295,0.2680639902752968
25753,LOF,0.032568485410260584,0.35949185029001046,0.6079396642997289
25754,GOF,0.018587715817229587,0.7776727474715541,0.2037395367112163
25755,LOF,0.03320281146055136,0.35397672901744365,0.6128204595220049
25756,LOF,0.06659690034513162,0.4155762379555055,0.517826861699363
25757,GOF,0.020142874841910737,0.8756460991686049,0.1042110259894843
25758,GOF,0.026505991351651437,0.8188356926710945,0.15465831597725407
25759,GOF,0.012264544457164562,0.6512805926187164,0.3364548629241191
25760,LOF,0.01874624789336928,0.37049413254518176,0.610759619561449
25761,GOF,0.27463913976321974,0.6402225376574182,0.085138322579362
25762,LOF,0.05521639139661803,0.358726402471802,0.58605720613158
25763,LOF,0.0173901837661655,0.2596590299501004,0.7229507862837341
25764,GOF,0.07122902367449942,0.7059708049731693,0.2228001713523313
25765,GOF,0.03830835290913122,0.7625045118356351,0.1991871352552338
25766,GOF,0.06664772936831244,0.7845195909787059,0.14883267965298166
25767,LOF,0.14319947336135602,0.42256675125074766,0.4342337753878963
25768,LOF,0.11229603293000218,0.03552369339968163,0.8521802736703162
25769,LOF,0.05684609416476647,0.06470081215175005,0.8784530936834833
25770,LOF,0.33798058031869616,0.11125052189351374,0.55076889778779
25771,LOF,0.07091938582820402,0.05360076855604597,0.8754798456157501
25772,LOF,0.019833982277212014,0.05068262428244685,0.929483393440341
25773,LOF,0.0660084428394364,0.07981741741975726,0.8541741397408062
25774,LOF,0.028687517226560478,0.1261669888942343,0.8451454938792051
25775,LOF,0.06861966995155136,0.06532765409888965,0.8660526759495589
25776,LOF,0.07595806172223292,0.03687428368021652,0.8871676545975506
25777,LOF,0.33716834571332577,0.10639273835293124,0.5564389159337431
25778,LOF,0.07957375137555688,0.05003484737779693,0.8703914012466462
25779,GOF,0.43006603874707305,0.5293777102723397,0.04055625098058713
25780,GOF,0.3505397049736785,0.5692129518881661,0.08024734313815549
25781,GOF,0.11034072783115531,0.7787861697726091,0.11087310239623561
25782,GOF,0.19088105627394553,0.738939334754326,0.07017960897172841
25783,GOF,0.024776869302237173,0.681504669215822,0.2937184614819408
25784,Neutral,0.5421243412563305,0.4178484638927142,0.040027194850955475
25785,Neutral,0.5304779265091015,0.41880996431479445,0.050712109176104095
25786,GOF,0.033964193671008926,0.7317540208033487,0.23428178552564227
25787,Neutral,0.6970731087581499,0.27458272113453636,0.028344170107313604
25788,LOF,0.05729572249007378,0.08787995125011708,0.8548243262598091
25789,GOF,0.1925019162811579,0.6438435933277722,0.16365449039107
25790,GOF,0.2600932595671026,0.6417368132263982,0.09816992720649928
25791,GOF,0.14422760434984186,0.661406809088416,0.19436558656174227
25792,GOF,0.3632394838783194,0.4871668716195679,0.14959364450211265
25793,GOF,0.3038840784635399,0.43063925320284896,0.2654766683336111
25794,GOF,0.31755433344393713,0.4645007569862584,0.2179449095698045
25795,GOF,0.056432171192619715,0.6572980075880853,0.286269821219295
25796,Neutral,0.5418942767598837,0.3757240797484866,0.08238164349162973
25797,GOF,0.08729659927054931,0.5463880370676168,0.3663153636618339
25798,GOF,0.010660681036206468,0.5106616927987071,0.4786776261650866
25799,LOF,0.008380295652859897,0.44141811326169894,0.5502015910854412
25800,GOF,0.04151038729490009,0.620264594922941,0.338225017782159
25801,GOF,0.2577361685834114,0.6368449519219646,0.10541887949462404
25802,GOF,0.07741444436299151,0.6406553630137524,0.28193019262325614
25803,GOF,0.04557253480356475,0.5461000769087877,0.4083273882876476
25804,LOF,0.03811546624905804,0.47943497179711847,0.4824495619538234
25805,GOF,0.12501956818868032,0.5695418555468099,0.3054385762645097
25806,GOF,0.1451916763687642,0.5704816862554863,0.2843266373757493
25807,GOF,0.020389784310484344,0.6124625930164366,0.36714762267307904
25808,GOF,0.11619267190673123,0.5563951629645977,0.3274121651286711
25809,GOF,0.020023744307806006,0.5998786377586024,0.38009761793359176
25810,GOF,0.021953813860973847,0.596677125358811,0.3813690607802151
25811,Neutral,0.4996667482574388,0.4279843039120588,0.07234894783050239
25812,GOF,0.033268424735469884,0.5807249939640177,0.38600658130051246
25813,Neutral,0.5746697331659,0.30128846536454773,0.12404180146955246
25814,GOF,0.11128955865580963,0.6286010452032702,0.2601093961409201
25815,GOF,0.24878693961042095,0.5450923233546436,0.20612073703493544
25816,GOF,0.019694132209215648,0.6812393578677292,0.29906650992305533
25817,GOF,0.19451881454036482,0.6698329656519574,0.13564821980767777
25818,GOF,0.040829506015387165,0.5459169806608806,0.4132535133237322
25819,GOF,0.3621859314336905,0.46364217872373886,0.17417188984257062
25820,GOF,0.18809487137957367,0.5839488495145925,0.22795627910583388
25821,GOF,0.05777489932097687,0.6612557980093476,0.2809693026696756
25822,GOF,0.24066149088759026,0.49958330046751104,0.25975520864489876
25823,LOF,0.02917479699091895,0.44851726249266427,0.5223079405164168
25824,GOF,0.08366750353560802,0.48096547895848724,0.4353670175059049
25825,GOF,0.030099860615523794,0.48827838177289357,0.48162175761158266
25826,LOF,0.010431254026900247,0.46779527596006604,0.5217734700130336
25827,GOF,0.018599666337220305,0.5519810534218529,0.4294192802409268
25828,LOF,0.011590107144289008,0.485476208045294,0.502933684810417
25829,GOF,0.0063118777242700454,0.5165922243274857,0.47709589794824414
25830,LOF,0.03828391225917569,0.29314887820621205,0.6685672095346124
25831,GOF,0.1272289144371691,0.7298711819047484,0.1428999036580825
25832,GOF,0.03209139543496404,0.6892495498646528,0.27865905470038305
25833,GOF,0.11401920011048734,0.6910171205588936,0.19496367933061903
25834,GOF,0.0368082029813315,0.6840379881463489,0.2791538088723196
25835,GOF,0.08979413803098502,0.652175366339732,0.25803049562928304
25836,GOF,0.043169858749773644,0.6372129277354649,0.31961721351476147
25837,GOF,0.022599534130781907,0.5214838674445361,0.4559165984246819
25838,GOF,0.0846977465192903,0.721090288458905,0.19421196502180474
25839,GOF,0.28149538308644095,0.554320862440345,0.16418375447321418
25840,GOF,0.20085593381474653,0.591484629472761,0.20765943671249246
25841,GOF,0.22309683474575082,0.5741059471185929,0.20279721813565632
25842,GOF,0.15941786571502573,0.6264547439131517,0.21412739037182257
25843,GOF,0.21243940117595125,0.6417472080938305,0.14581339073021826
25844,GOF,0.05682720875690523,0.6282180090304645,0.31495478221263024
25845,LOF,0.012375252645772526,0.4753474372680606,0.5122773100861668
25846,GOF,0.08029636642234388,0.7229840819842789,0.19671955159337726
25847,GOF,0.12229559370510375,0.7128639117470292,0.16484049454786706
25848,GOF,0.03467697621708842,0.651547832559333,0.31377519122357855
25849,GOF,0.010221157729331524,0.554976481583123,0.43480236068754546
25850,GOF,0.02370603712887156,0.5555555405393648,0.4207384223317637
25851,LOF,0.01948655071132663,0.48511408818231455,0.4953993611063588
25852,GOF,0.13729932944438164,0.5652938306526262,0.2974068399029922
25853,GOF,0.34393606216401823,0.5628183229578126,0.09324561487816921
25854,GOF,0.01694676915768244,0.6421611600491384,0.34089207079317935
25855,GOF,0.03545303664351427,0.6069182333017977,0.357628730054688
25856,GOF,0.24690972188569393,0.555880743152072,0.1972095349622341
25857,GOF,0.03361821157042903,0.5367312456940313,0.42965054273553976
25858,GOF,0.016028748147704802,0.587910884518595,0.3960603673337002
25859,GOF,0.008698999009635095,0.5766714574388292,0.41462954355153564
25860,GOF,0.36028916508871583,0.5536811676143614,0.08602966729692271
25861,GOF,0.35304343762480345,0.5670709664274043,0.07988559594779222
25862,GOF,0.07910348515420126,0.7841197634653564,0.13677675138044249
25863,GOF,0.07976985372756,0.7861943139078629,0.13403583236457717
25864,GOF,0.15802795778153167,0.7608919082800157,0.0810801339384527
25865,GOF,0.06551079079984572,0.7954861594338766,0.13900304976627784
25866,GOF,0.05970595895989296,0.7959393611011031,0.14435467993900397
25867,GOF,0.08236703284539736,0.802233366632124,0.11539960052247857
25868,GOF,0.271610050426159,0.611861898406049,0.11652805116779197
25869,Neutral,0.6881273994504989,0.2726226304675363,0.03924997008196459
25870,LOF,0.3099730431337621,0.2838841110680474,0.40614284579819043
25871,GOF,0.23897774566903807,0.6075717414418189,0.15345051288914294
25872,GOF,0.09447449458967803,0.6133560874805307,0.2921694179297912
25873,GOF,0.1750514457310847,0.615599155301228,0.20934939896768717
25874,LOF,0.021298455569176294,0.09637780732692366,0.8823237371039001
25875,LOF,0.0795898699006695,0.07180936634362627,0.8486007637557041
25876,LOF,0.021807691171891994,0.07186913449580888,0.906323174332299
25877,Neutral,0.5040747011181841,0.06449122776887513,0.43143407111294074
25878,LOF,0.2044502988648242,0.12466302433301342,0.6708866768021623
25879,LOF,0.09597827739144625,0.13192654338929014,0.7720951792192637
25880,LOF,0.022141184919435213,0.024009516996621513,0.9538492980839433
25881,LOF,0.21570638195091418,0.1883859952372814,0.5959076228118044
25882,LOF,0.09378240505853608,0.026339224788766873,0.879878370152697
25883,LOF,0.0863276664003398,0.03975380434987073,0.8739185292497894
25884,LOF,0.05160352637426647,0.048106740504337976,0.9002897331213956
25885,LOF,0.0764031576316856,0.018364298606629213,0.9052325437616852
25886,LOF,0.3718857369785366,0.09629472589767142,0.5318195371237919
25887,LOF,0.20149922513383808,0.1348014757512277,0.6636992991149342
25888,LOF,0.07290254433145697,0.11416531408027576,0.8129321415882673
25889,LOF,0.05069490682643779,0.0415677713787317,0.9077373217948306
25890,LOF,0.053859456312764356,0.16439858571570504,0.7817419579715306
25891,LOF,0.04349362171610164,0.07938288607088587,0.8771234922130126
25892,LOF,0.11904002501979541,0.02378601422383873,0.8571739607563658
25893,LOF,0.3060572914659334,0.01615028141346634,0.6777924271206003
25894,LOF,0.18660151448572224,0.009330256318761833,0.804068229195516
25895,LOF,0.20877755003172693,0.0197506471093385,0.7714718028589346
25896,LOF,0.0563360435252007,0.02496786410949133,0.918696092365308
25897,LOF,0.25000697889986156,0.017962698772658908,0.7320303223274794
25898,Neutral,0.7248202215111276,0.011438694210467608,0.2637410842784048
25899,LOF,0.32815436738377457,0.038578380440217705,0.6332672521760078
25900,Neutral,0.4911517887327738,0.01935640768828361,0.4894918035789425
25901,LOF,0.07359590423038387,0.013791575620450981,0.912612520149165
25902,LOF,0.21687754602543785,0.011492841404371512,0.7716296125701907
25903,Neutral,0.5743166384715794,0.02883043974573424,0.3968529217826864
25904,LOF,0.2915415505784759,0.049960282660593644,0.6584981667609305
25905,LOF,0.023564784261645374,0.3259823893856228,0.6504528263527318
25906,LOF,0.02526776826061647,0.07817611717135414,0.8965561145680293
25907,LOF,0.01279406907414998,0.34130383631571987,0.6459020946101302
25908,LOF,0.011133234942452783,0.243406034568994,0.7454607304885532
25909,LOF,0.01315091519233133,0.17412674003439374,0.812722344773275
25910,LOF,0.055971803413067726,0.1215265090174427,0.8225016875694896
25911,LOF,0.11852662322840282,0.03548499452022197,0.8459883822513753
25912,LOF,0.0328226143651401,0.07354553972431264,0.8936318459105473
25913,LOF,0.26758540261026276,0.024968723342811673,0.7074458740469256
25914,LOF,0.0275360184048894,0.13168655656810688,0.8407774250270036
25915,Neutral,0.4555924032934336,0.21362605523779288,0.3307815414687737
25916,LOF,0.06438628330671829,0.247713343445929,0.6879003732473528
25917,LOF,0.06651592423415954,0.06242821604892012,0.8710558597169202
25918,LOF,0.03357718687563288,0.07847141984415847,0.8879513932802086
25919,LOF,0.028371663424686763,0.08496041202085426,0.8866679245544591
25920,GOF,0.09976202709795191,0.5753651974941908,0.32487277540785725
25921,LOF,0.03127371322084174,0.024435659523405432,0.9442906272557529
25922,LOF,0.03969961906223863,0.017023645568701326,0.94327673536906
25923,LOF,0.40057280478895224,0.015065520405686983,0.5843616748053608
25924,LOF,0.03752588233134023,0.02659709463128198,0.9358770230373779
25925,LOF,0.0738156620597889,0.026595009598712846,0.8995893283414982
25926,LOF,0.05332922808490971,0.015838774679086273,0.9308319972360041
25927,LOF,0.07666111818327151,0.045903298075744836,0.8774355837409836
25928,LOF,0.024815152301681274,0.02247435867373594,0.9527104890245828
25929,Neutral,0.5386805165256017,0.01656250358022789,0.4447569798941704
25930,LOF,0.06887245002921959,0.011693073067953938,0.9194344769028265
25931,LOF,0.03236097808666833,0.018030668293895585,0.9496083536194361
25932,LOF,0.031292163148060756,0.014467689587051925,0.9542401472648874
25933,LOF,0.03981576839629675,0.009620372525002039,0.9505638590787012
25934,LOF,0.026738358200450885,0.012127536632835003,0.9611341051667142
25935,LOF,0.06847841574117984,0.026948388731922457,0.9045731955268976
25936,LOF,0.04733408095959289,0.015081712405318873,0.9375842066350882
25937,LOF,0.03514003778950298,0.02117760787962849,0.9436823543308684
25938,LOF,0.06896302043752317,0.030007063326117134,0.9010299162363596
25939,LOF,0.04403589903637644,0.00987547323480151,0.9460886277288221
25940,LOF,0.022773667191352993,0.37237292148806245,0.6048534113205846
25941,LOF,0.15691633023693283,0.08325040848406065,0.7598332612790065
25942,LOF,0.013811678492875987,0.035212915022001585,0.9509754064851224
25943,LOF,0.31759440859526833,0.07717808416615903,0.6052275072385727
25944,Neutral,0.5042321433784178,0.04332769005496189,0.4524401665666203
25945,LOF,0.058982957465817124,0.02665478169172494,0.914362260842458
25946,LOF,0.035767586415283596,0.14538844625127176,0.8188439673334446
25947,LOF,0.10623359217653315,0.20665999967760512,0.6871064081458617
25948,LOF,0.4314586471549218,0.014313487879317743,0.5542278649657604
25949,LOF,0.08026462211462929,0.0722835271665454,0.8474518507188255
25950,GOF,0.22441609409066965,0.5299984788965995,0.24558542701273087
25951,LOF,0.27971478464853144,0.23731273587735152,0.4829724794741169
25952,GOF,0.05150287971483713,0.5243123639935714,0.42418475629159147
25953,LOF,0.14160095346313442,0.11643342847406649,0.7419656180627991
25954,LOF,0.33932907338580476,0.27008695013253226,0.39058397648166304
25955,LOF,0.0573021281819647,0.09119182981338354,0.8515060420046517
25956,LOF,0.2240045120260324,0.051511612212837544,0.72448387576113
25957,LOF,0.05132072520250035,0.02178407126293829,0.9268952035345613
25958,LOF,0.058243820089578714,0.028900920824863667,0.9128552590855576
25959,LOF,0.057797158247963186,0.3346802044690297,0.6075226372830073
25960,LOF,0.021683551599416047,0.05076102244821258,0.9275554259523713
25961,LOF,0.04826758701677963,0.03652234590966842,0.915210067073552
25962,LOF,0.058525251382645124,0.041127212193889144,0.9003475364234657
25963,LOF,0.05456870474027398,0.19245078385891257,0.7529805114008133
25964,LOF,0.03813630482418017,0.1594399684424078,0.8024237267334121
25965,Neutral,0.4601752741538732,0.0889418935131969,0.45088283233292975
25966,LOF,0.38101574088667434,0.19926268229616553,0.4197215768171601
25967,LOF,0.013351975028022031,0.07911253146114665,0.9075354935108313
25968,LOF,0.03324971927227928,0.43438537611259603,0.5323649046151248
25969,LOF,0.022166136782224167,0.0648891490230726,0.9129447141947032
25970,LOF,0.06376765617037071,0.06038589305016944,0.8758464507794599
25971,LOF,0.08417089657326896,0.025283296797707723,0.8905458066290233
25972,LOF,0.07945912148682178,0.03488970927475523,0.8856511692384229
25973,LOF,0.08354546638781501,0.013276481920271633,0.9031780516919133
25974,LOF,0.2623241388552141,0.02392619919927905,0.7137496619455069
25975,LOF,0.05425653675503101,0.04245450531268267,0.9032889579322864
25976,LOF,0.034767995611936456,0.02793456510041136,0.9372974392876522
25977,LOF,0.14427193493325474,0.10128303788397706,0.7544450271827682
25978,LOF,0.12032680650844188,0.10379966464848034,0.7758735288430778
25979,LOF,0.12123248881715562,0.09775578014548404,0.7810117310373603
25980,LOF,0.1517795441840855,0.10914448307749224,0.7390759727384223
25981,LOF,0.18126605915799335,0.10662897030199316,0.7121049705400136
25982,LOF,0.34753667399699406,0.08981394135336569,0.5626493846496403
25983,LOF,0.3601885891741876,0.08094801852221549,0.5588633923035969
25984,LOF,0.05330813350372001,0.09915101330637856,0.8475408531899016
25985,LOF,0.02104535436503206,0.3418651894253791,0.6370894562095889
25986,LOF,0.026055761515700097,0.3361274356422589,0.6378168028420409
25987,LOF,0.08636087056638048,0.12124368715664473,0.7923954422769748
25988,LOF,0.11906751936193956,0.09420285609017856,0.7867296245478819
25989,LOF,0.026110938224940525,0.1853682330704809,0.7885208287045786
25990,LOF,0.037129882548468315,0.15794741589811917,0.8049227015534125
25991,GOF,0.12064387482177627,0.5257286564314595,0.35362746874676426
25992,LOF,0.29991484762256604,0.32595791122105716,0.37412724115637674
25993,LOF,0.022616756893866434,0.1287765599226051,0.8486066831835284
25994,LOF,0.015486232104607008,0.15616079698876967,0.8283529709066233
25995,LOF,0.02439692999890245,0.20640809744329858,0.769194972557799
25996,GOF,0.17866013558201616,0.6284829961249093,0.19285686829307455
25997,GOF,0.0627412103779014,0.6140366723876826,0.32322211723441596
25998,Neutral,0.5893508060475278,0.01860751519733132,0.392041678755141
25999,LOF,0.1552561968474317,0.15326768558374218,0.6914761175688262
26000,LOF,0.13599434737650695,0.04476302754018452,0.8192426250833085
26001,LOF,0.18223996508716753,0.036890567232533505,0.780869467680299
26002,LOF,0.15834011037664195,0.04729792729990202,0.794361962323456
26003,GOF,0.010143643314004582,0.7080551963816112,0.2818011603043842
26004,GOF,0.022393799763823153,0.7415053649964074,0.2361008352397695
26005,GOF,0.009950655831437186,0.5917727384238857,0.39827660574467727
26006,Neutral,0.5276136775938561,0.3006684640812354,0.17171785832490852
26007,GOF,0.019228843219853964,0.6340232045195568,0.34674795226058924
26008,GOF,0.021534958000688907,0.65452173444069,0.32394330755862105
26009,GOF,0.02431847772478643,0.7087225208897069,0.2669590013855068
26010,GOF,0.02311737781559784,0.7877344987336783,0.18914812345072385
26011,GOF,0.008989438596234682,0.5522557908487713,0.43875477055499396
26012,GOF,0.019091491878223503,0.6545977497242225,0.32631075839755386
26013,GOF,0.017804257323577048,0.7189734352298801,0.2632223074465428
26014,LOF,0.03733916234832804,0.17875858364800362,0.7839022540036684
26015,LOF,0.1825867747651685,0.01064747253919035,0.8067657526956411
26016,LOF,0.24970328395843183,0.04805481070788741,0.7022419053336808
26017,LOF,0.18257098184205414,0.0923306472785391,0.7250983708794068
26018,LOF,0.07682044423612402,0.03720902417432902,0.8859705315895469
26019,LOF,0.07658950738113544,0.027405346471508038,0.8960051461473565
26020,LOF,0.05245929219715343,0.13065264147578234,0.8168880663270643
26021,LOF,0.04959312667617782,0.16118528089736295,0.7892215924264592
26022,LOF,0.009688509078772332,0.06756630048307845,0.9227451904381493
26023,LOF,0.11367169462756922,0.025146679828526537,0.8611816255439043
26024,LOF,0.028902108982143602,0.12426857043165691,0.8468293205861995
26025,LOF,0.13244036210653565,0.09613488598466007,0.7714247519088042
26026,LOF,0.3175497206108809,0.01719876270891535,0.6652515166802038
26027,LOF,0.07462937684295548,0.01970057296166665,0.9056700501953778
26028,LOF,0.1695974525646167,0.08286880931026482,0.7475337381251185
26029,LOF,0.10560040339870236,0.1497853579211619,0.7446142386801358
26030,LOF,0.03234990618770634,0.054355379491098275,0.9132947143211954
26031,LOF,0.03830862643978435,0.12410966307900943,0.8375817104812062
26032,LOF,0.08221680201158361,0.04539004411652083,0.8723931538718954
26033,LOF,0.14968551711396202,0.048685254135182515,0.8016292287508555
26034,LOF,0.05936285981597376,0.12254688605065885,0.8180902541333673
26035,LOF,0.03891591848523055,0.1053844313791191,0.8556996501356504
26036,LOF,0.0577616865627404,0.130696994774839,0.8115413186624206
26037,LOF,0.03248908284208227,0.0900689116618546,0.8774420054960631
26038,LOF,0.07851550128255509,0.042099807489672986,0.879384691227772
26039,LOF,0.07615998393168272,0.1118097624484763,0.812030253619841
26040,LOF,0.2542222365924888,0.07063478392133146,0.6751429794861797
26041,LOF,0.031504653051847534,0.08705149467345229,0.8814438522747001
26042,LOF,0.03090235797006539,0.08868653798469639,0.8804111040452381
26043,LOF,0.0746977891702295,0.05695800437247918,0.8683442064572913
26044,LOF,0.028618767856131804,0.06873503126393486,0.9026462008799333
26045,LOF,0.09092705667459808,0.08763223717108724,0.8214407061543146
26046,LOF,0.07883399646398506,0.06159114020249631,0.8595748633335186
26047,LOF,0.10873503163865868,0.07251355404051764,0.8187514143208238
26048,LOF,0.052518570171243645,0.057930766861084636,0.8895506629676717
26049,Neutral,0.9522679426739092,0.00693603607875671,0.040796021247334044
26050,Neutral,0.9355936615540558,0.007939916287909776,0.05646642215803436
26051,LOF,0.04766362916372149,0.4584537625925561,0.49388260824372243
26052,GOF,0.07375864416444652,0.4810271487067812,0.44521420712877224
26053,LOF,0.06991459943875555,0.18755913443966643,0.742526266121578
26054,LOF,0.05627445571117345,0.04538048945276826,0.8983450548360584
26055,LOF,0.071019767897973,0.028986478926958444,0.8999937531750685
26056,LOF,0.06358257614391,0.03631745010206403,0.9000999737540261
26057,LOF,0.033068669580828006,0.019603037095829716,0.9473282933233423
26058,LOF,0.03344600755424974,0.01732748789947749,0.9492265045462727
26059,LOF,0.25655187063361296,0.04972574582816884,0.6937223835382182
26060,LOF,0.025225512293269064,0.34313008085057606,0.631644406856155
26061,LOF,0.01834142576803676,0.02515568074148353,0.9565028934904797
26062,LOF,0.011966772550460738,0.038407934355219386,0.9496252930943199
26063,LOF,0.023146430722775137,0.020218465985506997,0.956635103291718
26064,LOF,0.024258043815395345,0.023352017174365552,0.9523899390102392
26065,LOF,0.026643286657859186,0.02379638580728034,0.9495603275348604
26066,LOF,0.021553044843318336,0.021098025364115505,0.957348929792566
26067,LOF,0.02766920551331483,0.017252966105320865,0.9550778283813643
26068,LOF,0.04952465157520408,0.06229936281005029,0.8881759856147456
26069,LOF,0.2608815514260279,0.03500196627028919,0.7041164823036828
26070,LOF,0.3992488931769996,0.022334935829296944,0.5784161709937035
26071,LOF,0.023800623609372115,0.0249915477841691,0.9512078286064587
26072,LOF,0.022024536036004707,0.033185532883626384,0.944789931080369
26073,LOF,0.024293031224949815,0.020474389004776203,0.9552325797702739
26074,Neutral,0.9157611510204938,0.008048738756076004,0.07619011022343017
26075,LOF,0.043506609283056226,0.03005927366399083,0.926434117052953
26076,LOF,0.04273640047679017,0.017487391104495653,0.9397762084187142
26077,LOF,0.008908826738161856,0.04155531349526574,0.9495358597665724
26078,LOF,0.014755146111583128,0.024357694690178358,0.9608871591982384
26079,LOF,0.05461532146850753,0.032139323948690186,0.9132453545828022
26080,LOF,0.05460701686236916,0.0322048182798489,0.913188164857782
26081,LOF,0.035964624377861444,0.013463847084581052,0.9505715285375574
26082,LOF,0.019964840942675095,0.038496315941364934,0.94153884311596
26083,LOF,0.1455066430996087,0.020746806047867723,0.8337465508525237
26084,LOF,0.027424562822313224,0.03520965260856729,0.9373657845691196
26085,LOF,0.023934438083512383,0.03274492194354199,0.9433206399729457
26086,LOF,0.023444594175806337,0.024140747640833474,0.9524146581833602
26087,LOF,0.02487053272277474,0.016425362685597848,0.9587041045916274
26088,LOF,0.019719245437628173,0.03869346363101715,0.9415872909313547
26089,LOF,0.04570420610755679,0.037298513806784714,0.9169972800856585
26090,LOF,0.045119822294753316,0.029303363346053716,0.9255768143591929
26091,LOF,0.04032347286794127,0.011334457490939876,0.948342069641119
26092,LOF,0.02833047297969767,0.01778370340665847,0.9538858236136438
26093,LOF,0.042079424244122955,0.010887982203403092,0.947032593552474
26094,LOF,0.04772623703638075,0.010578786084684702,0.9416949768789344
26095,LOF,0.05628974052768027,0.025489033630299907,0.9182212258420198
26096,LOF,0.017939017803703446,0.022421867848816467,0.9596391143474801
26097,LOF,0.010553529290093027,0.07892833780918182,0.9105181329007253
26098,LOF,0.07115241701476595,0.025166913326058755,0.9036806696591754
26099,LOF,0.02645022865529041,0.02775964418289145,0.9457901271618181
26100,LOF,0.02819415848239308,0.026189193858522506,0.9456166476590845
26101,LOF,0.05999043275544016,0.027221905342643266,0.9127876619019165
26102,LOF,0.028413237083695437,0.02130852603283143,0.950278236883473
26103,Neutral,0.8857580805333873,0.03244713095566511,0.08179478851094744
26104,LOF,0.06761514231507713,0.05592738409790258,0.8764574735870202
26105,LOF,0.198692400064095,0.26538781296943686,0.5359197869664681
26106,LOF,0.19422899540874183,0.12860337533178734,0.6771676292594708
26107,LOF,0.2350497580026358,0.10753530305380245,0.6574149389435616
26108,LOF,0.2613978817607121,0.1366577047844308,0.601944413454857
26109,LOF,0.06474949126125151,0.1580839819391174,0.777166526799631
26110,LOF,0.26922811457084583,0.008751281123805407,0.7220206043053488
26111,LOF,0.47702255131060517,0.01652452894554489,0.5064529197438499
26112,LOF,0.03683650787596898,0.00862928125508018,0.9545342108689507
26113,LOF,0.055646874297903055,0.0141199424334482,0.9302331832686488
26114,LOF,0.018090226211598948,0.02002349530786738,0.9618862784805337
26115,LOF,0.0848028594936602,0.03305725859657671,0.8821398819097631
26116,LOF,0.0480456567586692,0.03111159343666124,0.9208427498046695
26117,LOF,0.3606605727261957,0.06287497004295062,0.5764644572308536
26118,LOF,0.03764614171731656,0.04299109802232782,0.9193627602603557
26119,LOF,0.02225422417007261,0.053846181231017726,0.9238995945989097
26120,LOF,0.031793610376338134,0.027752632777484316,0.9404537568461776
26121,LOF,0.0711620458603928,0.09578940890239124,0.8330485452372159
26122,LOF,0.05753190665409026,0.04459110966283782,0.8978769836830719
