feature0,prediction,LoGoFunc_Neutral,LoGoFunc_GOF,LoGoFunc_LOF
25546,Neutral,0.605327517315166,0.05776997972260993,0.3369025029622241
25547,Neutral,0.4571309180668791,0.0967130155256278,0.44615606640749295
25548,LOF,0.448143944841105,0.07997429126192604,0.47188176389696884
25549,LOF,0.391616122933083,0.07993270465374855,0.5284511724131684
25550,LOF,0.32871228024672394,0.11170215326380463,0.5595855664894714
25551,LOF,0.29873446415359606,0.11610547579551601,0.585160060050888
25552,LOF,0.24527437282807793,0.11441399049765547,0.6403116366742666
25553,Neutral,0.796017065610718,0.04405713120977961,0.15992580317950242
25554,LOF,0.28565795364707147,0.10410989442160631,0.6102321519313222
25555,LOF,0.23703031083983153,0.1014671983061905,0.661502490853978
25556,LOF,0.43193756709862696,0.09324355715729435,0.47481887574407866
25557,LOF,0.22328024430582477,0.10592411227671995,0.6707956434174553
25558,LOF,0.2935988484721354,0.10236496429918893,0.6040361872286756
25559,LOF,0.19758325660904613,0.10908289254696864,0.6933338508439851
25560,LOF,0.18653761054911966,0.10224585641715479,0.7112165330337256
25561,LOF,0.1736392745279588,0.11988472951452504,0.7064759959575162
25562,LOF,0.07983015906975645,0.08156283520395831,0.8386070057262852
25563,LOF,0.026502253792699708,0.13839616893856288,0.8351015772687375
25564,LOF,0.2620306544220502,0.13175847457365897,0.6062108710042908
25565,LOF,0.1958095651672396,0.14293414753646225,0.6612562872962982
25566,GOF,0.09118039372583708,0.7172178880819323,0.19160171819223057
25567,LOF,0.039864960912281665,0.1416705261484312,0.8184645129392871
25568,LOF,0.06423274129062924,0.07445580766487704,0.8613114510444937
25569,LOF,0.06081987385271215,0.07736932737572327,0.8618107987715645
25570,LOF,0.027799059149014278,0.107895809165617,0.8643051316853688
25571,LOF,0.025853850408947745,0.11087785231135286,0.8632682972796993
25572,LOF,0.060705263340172046,0.13143171851932428,0.8078630181405037
25573,LOF,0.05688062476647087,0.09201871869270627,0.8511006565408229
25574,LOF,0.05916028857082729,0.19202584391953575,0.748813867509637
25575,LOF,0.022868315753598416,0.12522291627583879,0.8519087679705627
25576,LOF,0.03069301843731202,0.16361814065645472,0.8056888409062332
25577,LOF,0.032950376496976914,0.1305823581192147,0.8364672653838083
25578,LOF,0.3167791174669341,0.08575275381385081,0.5974681287192152
25579,LOF,0.13945277003921636,0.09176414869431401,0.7687830812664697
25580,LOF,0.0206725955861937,0.08869692098524071,0.8906304834285657
25581,LOF,0.060345728306607636,0.06926672892365401,0.8703875427697384
25582,LOF,0.0601680912653774,0.06861810399521621,0.8712138047394065
25583,LOF,0.020991718037917377,0.08571891545641859,0.8932893665056639
25584,Neutral,0.6889467347911299,0.11299194430687844,0.19806132090199163
25585,LOF,0.026703634823513057,0.13975845189460898,0.8335379132818779
25586,LOF,0.01840007516487293,0.07475351879645785,0.9068464060386692
25587,LOF,0.018063908124595695,0.06914023131454018,0.912795860560864
25588,LOF,0.021597431348460018,0.07731264546366792,0.9010899231878721
25589,Neutral,0.5362387917722171,0.19462416394330992,0.2691370442844729
25590,LOF,0.049841239475282295,0.12978050172803335,0.8203782587966844
25591,LOF,0.1055410165932657,0.06054257464381517,0.8339164087629192
25592,LOF,0.06419284317509776,0.14626979191908607,0.7895373649058162
25593,LOF,0.1573776163825221,0.25942270744813306,0.5831996761693449
25594,LOF,0.05582089320891362,0.11299751593035254,0.8311815908607337
25595,LOF,0.05103825260705238,0.08218990224755345,0.8667718451453941
25596,LOF,0.112215609304873,0.04829401241196653,0.8394903782831605
25597,LOF,0.08809846682724358,0.05555312868743562,0.8563484044853207
25598,LOF,0.05508677751182331,0.08180775124176065,0.863105471246416
25599,LOF,0.022687314917260042,0.48290425347747984,0.4944084316052601
25600,GOF,0.17131007782491153,0.4987611477541777,0.3299287744209108
25601,LOF,0.04159417458686278,0.39647436079519477,0.5619314646179424
25602,LOF,0.03199700479086246,0.068166652417,0.8998363427921375
25603,LOF,0.030404511024109813,0.03678797006663468,0.9328075189092555
25604,LOF,0.03144557852856233,0.08356304372264796,0.8849913777487898
25605,LOF,0.03541591271611579,0.2012241194565767,0.7633599678273075
25606,LOF,0.4134667320037368,0.1181968087368401,0.46833645925942313
25607,LOF,0.025390127831095066,0.18352535122874816,0.7910845209401568
25608,LOF,0.03070736083544796,0.0746289510452023,0.8946636881193498
25609,GOF,0.16430052333972403,0.5110640889916412,0.32463538766863465
25610,LOF,0.01535467074296398,0.029786893292626716,0.9548584359644094
25611,LOF,0.013338466803446648,0.03366408102755381,0.9529974521689994
25612,LOF,0.04910616633867981,0.04966491525459466,0.9012289184067255
25613,LOF,0.046794770229145,0.04957058572018211,0.903634644050673
25614,LOF,0.020437487004980378,0.029470050185930016,0.9500924628090897
25615,LOF,0.04299198897580397,0.04583197399232969,0.9111760370318663
25616,LOF,0.04803329922347461,0.031001203567381185,0.9209654972091442
25617,LOF,0.04236715138075542,0.043422990191873845,0.9142098584273707
25618,LOF,0.05316481918923903,0.038702040102481405,0.9081331407082797
25619,LOF,0.012756354670071097,0.03624271156964993,0.951000933760279
25620,LOF,0.06254534808178307,0.047917400245541746,0.8895372516726752
25621,LOF,0.056619534491127506,0.038251159843178804,0.9051293056656936
25622,LOF,0.062197821033916016,0.036112567069307294,0.9016896118967767
25623,LOF,0.07466533208247497,0.030130882949542175,0.8952037849679829
25624,LOF,0.018540255033163342,0.0375631486674126,0.9438965962994241
25625,LOF,0.06350950347839693,0.041146119724368886,0.8953443767972341
25626,LOF,0.047819939788822305,0.044738160376022754,0.907441899835155
25627,Neutral,0.8959811758758249,0.019341844352019348,0.08467697977215571
25628,LOF,0.13339332503060944,0.05595484128318488,0.8106518336862057
25629,LOF,0.0632353035963722,0.04721349121253958,0.8895512051910882
25630,LOF,0.27310290371626833,0.07080100935235274,0.6560960869313789
25631,Neutral,0.5621470465448077,0.05916645450677598,0.3786864989484162
25632,LOF,0.025046382389731465,0.061173424661468696,0.9137801929487999
25633,LOF,0.18763317794326398,0.03755959662705173,0.7748072254296843
25634,LOF,0.031820842655879276,0.07819243376128672,0.8899867235828339
25635,LOF,0.034670914494739295,0.042982649536953806,0.9223464359683069
25636,LOF,0.03474278905825323,0.4091309152636025,0.5561262956781442
25637,LOF,0.07086413102994876,0.443092656325091,0.48604321264496025
25638,LOF,0.02905690232523704,0.31567842331006024,0.6552646743647027
25639,LOF,0.029983354538154632,0.3635613633098082,0.6064552821520371
25640,Neutral,0.8085414543302119,0.1509475677584282,0.040510977911359956
25641,GOF,0.06420204715167965,0.47867062887921724,0.45712732396910316
25642,LOF,0.040503503719381,0.15798534652700946,0.8015111497536096
25643,LOF,0.20549238249708202,0.15509846755114154,0.6394091499517764
25644,LOF,0.024449681026792208,0.4435680023991406,0.5319823165740671
25645,LOF,0.026955614162224847,0.37339798619163656,0.5996463996461385
25646,LOF,0.05869268744760876,0.3036014781349293,0.6377058344174619
25647,LOF,0.027223463000830218,0.24461292471987117,0.7281636122792986
25648,LOF,0.03659361544718665,0.22548190023248366,0.7379244843203296
25649,LOF,0.01881012926017155,0.23378086397652326,0.7474090067633051
25650,LOF,0.056269088974429636,0.4013817178936362,0.5423491931319341
25651,LOF,0.018527352927248185,0.25145135306783345,0.7300212940049183
25652,LOF,0.04008003842177699,0.24236324587125577,0.7175567157069672
25653,LOF,0.09405270407089374,0.38504963658303903,0.5208976593460671
25654,LOF,0.02799838539510863,0.20903525821224384,0.7629663563926475
25655,LOF,0.23439259740037055,0.3394542492221743,0.42615315337745524
25656,LOF,0.26012235616596985,0.042957180458269316,0.6969204633757609
25657,LOF,0.06897478143383554,0.051961921501703014,0.8790632970644614
25658,LOF,0.34361316090176675,0.06103137786543422,0.595355461232799
25659,Neutral,0.5102108343449067,0.07682646515867056,0.4129627004964227
25660,LOF,0.022410577763525223,0.08195642133621908,0.8956330009002558
25661,LOF,0.09452709675760416,0.059006131495198615,0.8464667717471972
25662,LOF,0.032917033135799516,0.03342693809602856,0.9336560287681719
25663,LOF,0.041392575570198216,0.044553118371705114,0.9140543060580966
25664,LOF,0.137805383254973,0.06925676967514516,0.7929378470698819
25665,LOF,0.05537274274839515,0.030611416287820083,0.9140158409637847
25666,LOF,0.09140274356980506,0.07521180649089979,0.8333854499392953
25667,LOF,0.07136121666909988,0.03683767174972502,0.8918011115811751
25668,LOF,0.03688806984958315,0.046926657950763055,0.9161852721996537
25669,LOF,0.03291936500251401,0.048287208090269686,0.9187934269072162
25670,LOF,0.15165752755376086,0.060221874399031636,0.7881205980472075
25671,LOF,0.10359518965116174,0.03484722246749599,0.8615575878813424
25672,LOF,0.053203689515950364,0.04337697369708258,0.9034193367869671
25673,LOF,0.0787141340358403,0.05038072282189761,0.8709051431422622
25674,LOF,0.06716470030829479,0.05897871537384012,0.8738565843178652
25675,LOF,0.11839017120918223,0.0569091008640113,0.8247007279268065
25676,LOF,0.01815922596467831,0.05387731655333445,0.9279634574819873
25677,LOF,0.024848381425754875,0.06850388980332626,0.9066477287709189
25678,LOF,0.1976604405320581,0.06155618681452725,0.7407833726534145
25679,LOF,0.12470047403099449,0.08704312123232996,0.7882564047366756
25680,LOF,0.030597616227326284,0.1162134984861134,0.8531888852865603
25681,LOF,0.04977296266934538,0.10863083510893314,0.8415962022217215
25682,LOF,0.13563299260346154,0.07373959417048204,0.7906274132260563
25683,LOF,0.11571239812513126,0.09480425484276785,0.7894833470321009
25684,LOF,0.042571861051696934,0.06920503243492848,0.8882231065133747
25685,LOF,0.11869245700687808,0.053596004100460455,0.8277115388926614
25686,LOF,0.07409794801672137,0.08742686926753211,0.8384751827157465
25687,LOF,0.11961078433143567,0.09115354003131619,0.7892356756372482
25688,LOF,0.3093429345869619,0.03394201383235087,0.6567150515806872
25689,LOF,0.22607921584302654,0.034940872525854594,0.7389799116311188
25690,LOF,0.31046128550608093,0.028508802533976738,0.6610299119599423
25691,Neutral,0.675982349876865,0.022741160509019996,0.3012764896141149
25692,LOF,0.30534327868515326,0.011161938106749985,0.6834947832080968
25693,LOF,0.0538405426804765,0.43356881666778385,0.5125906406517396
25694,LOF,0.11054441805791133,0.017125270334894197,0.8723303116071944
25695,LOF,0.10917076734343652,0.01654943518005818,0.8742797974765054
25696,LOF,0.10183038487849363,0.009261039414629678,0.8889085757068768
25697,LOF,0.12497137366998244,0.034546226426904726,0.8404823999031128
25698,LOF,0.3606147392489718,0.18388646163631658,0.45549879911471164
25699,Neutral,0.4790654785293166,0.04626864043360385,0.47466588103707963
25700,LOF,0.06689563334475875,0.009363399051606018,0.9237409676036352
25701,LOF,0.1449753871614312,0.05911941838114778,0.795905194457421
25702,GOF,0.2022744688178743,0.5624176918478301,0.23530783933429564
25703,LOF,0.019746424523683206,0.15786302625693444,0.8223905492193824
25704,LOF,0.04788815090943888,0.1121448539363465,0.8399669951542146
25705,LOF,0.06113628664265876,0.1876113068842758,0.7512524064730653
25706,LOF,0.09372792981971073,0.41687770818350195,0.4893943619967872
25707,LOF,0.08146166711702714,0.3258959102985125,0.5926424225844604
25708,LOF,0.028574859761156424,0.2915954821314842,0.6798296581073593
25709,LOF,0.0620931851159406,0.04252645054036153,0.8953803643436979
25710,LOF,0.012097211130178039,0.1382272993427412,0.8496754895270807
25711,LOF,0.017743779584627344,0.09323379399533953,0.889022426420033
25712,LOF,0.014309296979534416,0.172367529388032,0.8133231736324336
25713,LOF,0.01830031400014425,0.08142297471481465,0.900276711285041
25714,LOF,0.07185106350664963,0.07817152690404715,0.8499774095893032
25715,LOF,0.010872299832328807,0.13245212715273358,0.8566755730149376
25716,LOF,0.01618179625983349,0.1261207586629186,0.857697445077248
25717,LOF,0.014262656463963776,0.07879447592232526,0.906942867613711
25718,LOF,0.012229664159814121,0.0918457831542308,0.8959245526859552
25719,LOF,0.01704502707174375,0.07608485137068506,0.9068701215575713
25720,LOF,0.0220411842982546,0.06677751281009742,0.911181302891648
25721,LOF,0.01439944005284067,0.1121288607359412,0.873471699211218
25722,LOF,0.013503694351861014,0.11811473796674603,0.868381567681393
25723,LOF,0.02186624200320769,0.04077600680691404,0.9373577511898783
25724,LOF,0.02187475864565748,0.08360815992162302,0.8945170814327195
25725,LOF,0.01136278042136104,0.06657362949895582,0.9220635900796832
25726,LOF,0.014360308065303543,0.0978569849164092,0.8877827070182873
25727,LOF,0.01247783252570265,0.0760740641894354,0.9114481032848619
25728,LOF,0.009604454506068266,0.11242629116164372,0.8779692543322879
25729,LOF,0.00997620308116131,0.10641227316842582,0.883611523750413
25730,LOF,0.013132910016934875,0.08179916443292541,0.9050679255501397
25731,LOF,0.02154714341956443,0.11887351511837618,0.8595793414620593
25732,LOF,0.01431911733678571,0.07909665026119986,0.9065842324020144
25733,LOF,0.015434471439452917,0.06994621783702047,0.9146193107235265
25734,LOF,0.012185937576752797,0.1213879194426337,0.8664261429806136
25735,LOF,0.013396389773731606,0.08426022783425738,0.902343382392011
25736,LOF,0.014078427937286753,0.10426553714048221,0.881656034922231
25737,LOF,0.0207309339843523,0.08632552132655295,0.8929435446890949
25738,LOF,0.011679006092578867,0.1067039308963864,0.8816170630110347
25739,LOF,0.02005311005775334,0.07669145690825598,0.9032554330339907
25740,LOF,0.025680750796761093,0.11267682140180874,0.8616424278014302
25741,LOF,0.014528367771381239,0.11445191852829094,0.8710197137003278
25742,LOF,0.11585289110500469,0.08400841907610421,0.800138689818891
25743,LOF,0.03262189081830658,0.036858974106076366,0.9305191350756171
25744,Neutral,0.584830863447437,0.1783824642107143,0.23678667234184866
25745,LOF,0.07559399412860326,0.0695590679767838,0.8548469378946129
25746,LOF,0.04089229533124813,0.09049223888799376,0.8686154657807582
25747,LOF,0.021583024117843706,0.05215768775351228,0.9262592881286441
25748,LOF,0.10412470525112182,0.0730048105319447,0.8228704842169334
25749,LOF,0.027923914721517302,0.08041776293488058,0.8916583223436022
25750,LOF,0.08624019558001132,0.08322263375621677,0.830537170663772
25751,LOF,0.08304702933222548,0.07632424817044173,0.8406287224973328
25752,GOF,0.1399501899936026,0.6430607204360506,0.21698908957034696
25753,LOF,0.01739790843069935,0.2723888673863948,0.7102132241829058
25754,GOF,0.011023729108681808,0.7839742609691756,0.20500200992214251
25755,LOF,0.021209910455915845,0.40383429453563285,0.5749557950084513
25756,LOF,0.045908464222047876,0.36597403261804695,0.5881175031599052
25757,GOF,0.014178775415591477,0.8443152722425955,0.14150595234181304
25758,GOF,0.03091783129605358,0.8199993378445538,0.14908283085939258
25759,GOF,0.012233518488604872,0.5485719851761752,0.4391944963352199
25760,LOF,0.012878806957813101,0.25440110414749467,0.7327200888946922
25761,GOF,0.27586728533708,0.6297597756032668,0.0943729390596532
25762,LOF,0.03701405283986305,0.25780435451982386,0.7051815926403132
25763,LOF,0.01252219587785445,0.19811455473985737,0.7893632493822882
25764,GOF,0.08298752009248445,0.6243829833007245,0.2926294966067911
25765,GOF,0.03949007199545249,0.7543197067838113,0.20619022122073613
25766,GOF,0.07315987585313716,0.7213963905064646,0.20544373364039828
25767,GOF,0.13314369947654928,0.568475290808193,0.2983810097152577
25768,LOF,0.09373665217951416,0.06782812851645365,0.8384352193040321
25769,LOF,0.07154152288133228,0.06111021356892428,0.8673482635497434
25770,LOF,0.30476511041634713,0.08397606179677318,0.6112588277868797
25771,LOF,0.04171441141951796,0.04675294747575114,0.9115326411047308
25772,LOF,0.015899767874832636,0.03591698758578835,0.948183244539379
25773,LOF,0.047307233522112045,0.08909350698490211,0.8635992594929858
25774,LOF,0.028485752506562035,0.06969659238307131,0.9018176551103666
25775,LOF,0.049283270535707586,0.04765094274266614,0.9030657867216262
25776,LOF,0.06719396439854664,0.023413798498520905,0.9093922371029325
25777,LOF,0.36148730242917526,0.052462001302563926,0.5860506962682608
25778,LOF,0.06588285057164282,0.04498596553931084,0.8891311838890464
25779,GOF,0.4010868037715326,0.551655059455123,0.04725813677334431
25780,GOF,0.3045244526760524,0.6202787598861406,0.07519678743780711
25781,GOF,0.16744988760471805,0.7292788475992884,0.10327126479599356
25782,GOF,0.22802011501947472,0.6961025625005081,0.07587732248001704
25783,GOF,0.024720988950586033,0.6096553539794489,0.365623657069965
25784,Neutral,0.5240351984261638,0.4362623168649274,0.03970248470890885
25785,GOF,0.4615585603146932,0.49816034690998484,0.04028109277532189
25786,GOF,0.025898143216334383,0.7262066737712235,0.24789518301244212
25787,Neutral,0.6549834688224151,0.31677585570839695,0.028240675469187935
25788,LOF,0.050241273337244666,0.10203807228633914,0.8477206543764162
25789,GOF,0.23638353937546036,0.6197101540388373,0.14390630658570225
25790,GOF,0.24839574513612026,0.6404856718247574,0.11111858303912238
25791,GOF,0.2029666665245247,0.6349041705103331,0.16212916296514224
25792,GOF,0.3726915413383392,0.4992957282365945,0.1280127304250663
25793,GOF,0.23022070528233726,0.5376865691852356,0.23209272553242713
25794,GOF,0.2927235977921108,0.5083966732687015,0.19887972893918765
25795,GOF,0.08661930707634838,0.662492070658538,0.25088862226511366
25796,Neutral,0.5640368790011707,0.35704854356953764,0.07891457742929169
25797,GOF,0.09113617489466913,0.5348485668050077,0.3740152583003232
25798,LOF,0.008982668210655385,0.49357356184437245,0.4974437699449722
25799,LOF,0.007506658243125986,0.3511911324967395,0.6413022092601346
25800,GOF,0.03579365840367617,0.5688383306707373,0.39536801092558665
25801,GOF,0.20032097381708242,0.6705345581018819,0.1291444680810357
25802,GOF,0.0711707943181631,0.6665866841742947,0.2622425215075421
25803,GOF,0.037961343296856936,0.5581315506346297,0.4039071060685133
25804,LOF,0.03296218168620387,0.44954274363593627,0.5174950746778599
25805,GOF,0.1056689783868787,0.5504219760980045,0.3439090455151168
25806,GOF,0.10112960980764711,0.5554869211094463,0.3433834690829066
25807,GOF,0.01921124758835034,0.6029839063428014,0.3778048460688483
25808,GOF,0.08138594071721604,0.6257360886099022,0.29287797067288185
25809,GOF,0.018665580291316593,0.559863635492166,0.42147078421651735
25810,GOF,0.01769714374948915,0.596902117096838,0.38540073915367273
25811,Neutral,0.4662864708475709,0.45843047952971944,0.07528304962270968
25812,GOF,0.034555730393131034,0.627508330983018,0.337935938623851
25813,Neutral,0.5154339053060387,0.3893631122484525,0.09520298244550887
25814,GOF,0.12438836211965607,0.6485271411932394,0.2270844966871045
25815,GOF,0.19538772671382423,0.6259518013470056,0.17866047193917026
25816,GOF,0.023369412582809702,0.6977774886439654,0.27885309877322495
25817,GOF,0.24656234135185887,0.6356354956539346,0.11780216299420651
25818,GOF,0.05498612748036864,0.6283161431677147,0.31669772935191676
25819,GOF,0.3693311353758633,0.48709278043551646,0.14357608418862017
25820,GOF,0.1968962655929293,0.5856901883062727,0.2174135461007979
25821,GOF,0.06194674204302268,0.6527391493270301,0.28531410862994716
25822,GOF,0.19010575698316387,0.581308283222104,0.22858595979473223
25823,GOF,0.035040505061898264,0.49549018790585136,0.4694693070322504
25824,GOF,0.08105212271698663,0.5730896629021296,0.3458582143808838
25825,GOF,0.035827426242839154,0.5672220645885299,0.39695050916863106
25826,GOF,0.014409519517667831,0.5395479790934682,0.446042501388864
25827,GOF,0.02379630981225894,0.5984437976896541,0.377759892498087
25828,GOF,0.014314288227651564,0.49397605715894777,0.49170965461340077
25829,GOF,0.006416339186906211,0.5550148239258883,0.43856883688720555
25830,LOF,0.03530659653879462,0.27318977905340763,0.6915036244077979
25831,GOF,0.25121049259430067,0.6318597554838179,0.11692975192188143
25832,GOF,0.03336649665964805,0.6776331212549124,0.28900038208543954
25833,GOF,0.12906099063309562,0.6994257899042182,0.17151321946268608
25834,GOF,0.03673754816802455,0.6868542428013585,0.27640820903061675
25835,GOF,0.08599869839597596,0.7392819304915986,0.17471937111242541
25836,GOF,0.03815097811381097,0.6743201053430995,0.28752891654308954
25837,GOF,0.027423094434365296,0.5403081628998527,0.43226874266578197
25838,GOF,0.10034321971200615,0.7468046652931603,0.1528521149948335
25839,GOF,0.314881405546007,0.5352982494670575,0.14982034498693547
25840,GOF,0.28689756640708486,0.5743032103713831,0.13879922322153213
25841,GOF,0.26596010025448713,0.6039816508393808,0.13005824890613207
25842,GOF,0.18560583724438517,0.6843334781761307,0.13006068457948414
25843,GOF,0.2654203307536337,0.6424923474049699,0.09208732184139642
25844,GOF,0.07334196482420342,0.6919681752759664,0.23468985989983016
25845,LOF,0.01686402864336206,0.4521949478398479,0.5309410235167901
25846,GOF,0.14371216145338697,0.7129197644040002,0.14336807414261274
25847,GOF,0.12164517162680882,0.7717622297731784,0.10659259860001279
25848,GOF,0.03995465514299645,0.689803840525048,0.27024150433195565
25849,GOF,0.011451093025157455,0.5667173735006532,0.42183153347418934
25850,GOF,0.021895176058211185,0.6382666205548397,0.3398382033869491
25851,GOF,0.017869743704934188,0.504476532947089,0.4776537233479768
25852,GOF,0.17539326170325026,0.5475480982091898,0.2770586400875599
25853,GOF,0.35188827204088413,0.5675379292769908,0.08057379868212508
25854,GOF,0.02330568602492345,0.6116202513744716,0.365074062600605
25855,GOF,0.036700859276665505,0.535158798518379,0.42814034220495556
25856,GOF,0.22586892878050518,0.5467338481778288,0.2273972230416661
25857,GOF,0.03855701424184018,0.48220191017393566,0.4792410755842241
25858,GOF,0.020942103275156124,0.5194094731324174,0.4596484235924266
25859,LOF,0.01115727174789547,0.4828602341512359,0.5059824941008686
25860,GOF,0.36064957315053514,0.5465046868792276,0.09284573997023719
25861,GOF,0.4351756730626819,0.4929180819099835,0.0719062450273346
25862,GOF,0.08773436265748627,0.7635225760272907,0.14874306131522308
25863,GOF,0.08948500435993692,0.7586653392677652,0.1518496563722977
25864,GOF,0.20027875889756866,0.7199061930324907,0.07981504806994066
25865,GOF,0.09143139590738653,0.7901612637039622,0.11840734038865129
25866,GOF,0.06791368358477366,0.7568739889073769,0.17521232750784957
25867,GOF,0.09669851336427926,0.7949169635832295,0.10838452305249117
25868,GOF,0.25334836061616856,0.6416313661636538,0.1050202732201776
25869,Neutral,0.7195253049978456,0.23783652214821938,0.042638172853934994
25870,GOF,0.30024731963006,0.36435558712001087,0.3353970932499292
25871,GOF,0.23127403302081373,0.6070436026391093,0.161682364340077
25872,GOF,0.0824522286678649,0.6391098901656161,0.27843788116651896
25873,GOF,0.13075381955347243,0.6560194762934993,0.2132267041530283
25874,LOF,0.015285426521028055,0.10858493258175782,0.8761296408972141
25875,LOF,0.09127300119813875,0.043319360505281956,0.8654076382965792
25876,LOF,0.032561732143491326,0.028183809733128142,0.9392544581233806
25877,Neutral,0.5182924084403003,0.04853543943709752,0.4331721521226021
25878,LOF,0.20928440855865166,0.09455108904709578,0.6961645023942525
25879,LOF,0.0963511672434297,0.09764961927402513,0.8059992134825451
25880,LOF,0.03859849159836357,0.015319819455535831,0.9460816889461006
25881,LOF,0.151393115938232,0.11545925163524436,0.7331476324265236
25882,LOF,0.056823678259445044,0.016807325877311652,0.9263689958632432
25883,LOF,0.06423744115400452,0.016842427838289063,0.9189201310077063
25884,LOF,0.03071228276046066,0.02647447255908606,0.9428132446804532
25885,LOF,0.05305526187956748,0.010687350915515847,0.9362573872049166
25886,LOF,0.259400603823316,0.032370920219417655,0.7082284759572663
25887,LOF,0.1324967241480353,0.06311416523628223,0.8043891106156825
25888,LOF,0.06367511639331834,0.053694774204338845,0.8826301094023429
25889,LOF,0.038292975570376725,0.018449889610969158,0.9432571348186541
25890,LOF,0.05082373482954952,0.1499348783649627,0.7992413868054877
25891,LOF,0.03562245993100711,0.048859727080975135,0.9155178129880177
25892,LOF,0.09446245401087447,0.022054917043141747,0.8834826289459838
25893,LOF,0.2467810643201637,0.022032259596305514,0.7311866760835307
25894,LOF,0.19753439404070786,0.011209341921183048,0.7912562640381091
25895,LOF,0.23128501134491714,0.022129312357272186,0.7465856762978106
25896,LOF,0.053167410635326075,0.023058499688852523,0.9237740896758213
25897,LOF,0.2589280620515157,0.011434308826590812,0.7296376291218936
25898,Neutral,0.7027186724698629,0.009608383253666484,0.28767294427647055
25899,LOF,0.2256777401359085,0.02169830538975964,0.7526239544743318
25900,LOF,0.49033704599835043,0.014379957728063567,0.49528299627358613
25901,LOF,0.05162162298788801,0.012679117339019266,0.9356992596730928
25902,LOF,0.1667029214547512,0.015803034872792592,0.8174940436724561
25903,Neutral,0.5891925309442434,0.029259275447507747,0.38154819360824876
25904,LOF,0.3176879023310008,0.0489605298334835,0.6333515678355156
25905,LOF,0.0267113722747313,0.3175768374386619,0.6557117902866069
25906,LOF,0.028402579874137003,0.07982497415391598,0.8917724459719469
25907,LOF,0.014080229706635401,0.33772642094545224,0.6481933493479123
25908,LOF,0.010154031509595745,0.2585388777759701,0.7313070907144342
25909,LOF,0.01235142621166302,0.12598832589562534,0.8616602478927117
25910,LOF,0.0493493785507935,0.127057153735602,0.8235934677136044
25911,LOF,0.19165544057281664,0.019177734993167606,0.7891668244340159
25912,LOF,0.04840474142759503,0.03548740511386934,0.9161078534585356
25913,LOF,0.32617496342090724,0.018698420535707774,0.655126616043385
25914,LOF,0.020020207758142693,0.0676171771147782,0.9123626151270792
25915,Neutral,0.5689546966313126,0.181186161219038,0.24985914214964938
25916,LOF,0.09196783967488772,0.22859771829379574,0.6794344420313165
25917,LOF,0.06296471732304436,0.05054392755553387,0.8864913551214217
25918,LOF,0.021926555801205186,0.042968730014971174,0.9351047141838236
25919,LOF,0.019270662774949116,0.04482199778106176,0.9359073394439891
25920,GOF,0.0997010596580583,0.5725033002161958,0.3277956401257459
25921,LOF,0.024431814899502535,0.025842218766032488,0.9497259663344649
25922,LOF,0.03433810015405558,0.01991390284902849,0.9457479969969159
25923,LOF,0.4436653772246411,0.024890381818362853,0.531444240956996
25924,LOF,0.03640654302020537,0.03066258169177223,0.9329308752880223
25925,LOF,0.07027426521253102,0.030020395618029,0.89970533916944
25926,LOF,0.049578085500231024,0.02569798098880623,0.9247239335109627
25927,LOF,0.061062212276385176,0.10114157948782562,0.8377962082357893
25928,LOF,0.018007072868163172,0.0359807540802093,0.9460121730516274
25929,Neutral,0.5500520286566853,0.026596506305074857,0.4233514650382398
25930,LOF,0.07294736398713808,0.023383601555154027,0.9036690344577079
25931,LOF,0.023586986430966576,0.022253605580531802,0.9541594079885017
25932,LOF,0.02867890665512644,0.019217192937341993,0.9521039004075315
25933,LOF,0.03845300511439448,0.013704215997168022,0.9478427788884375
25934,LOF,0.025109965616719236,0.015590798300995846,0.959299236082285
25935,LOF,0.06256685275799428,0.03658940133349624,0.9008437459085094
25936,LOF,0.04310067846345183,0.01769147453120443,0.9392078470053438
25937,LOF,0.025125842115915887,0.027463406896107947,0.9474107509879762
25938,LOF,0.06246922925836273,0.0406743393414319,0.8968564314002053
25939,LOF,0.04035771910593141,0.01441010401432403,0.9452321768797446
25940,LOF,0.02748595188305599,0.39398190136680755,0.5785321467501364
25941,LOF,0.17008956274508305,0.1111914424379416,0.7187189948169754
25942,LOF,0.01463431879504063,0.038111553836582025,0.9472541273683774
25943,LOF,0.30709242076866217,0.05682408166810017,0.6360834975632377
25944,Neutral,0.4884182604888745,0.024424771411332827,0.48715696809979264
25945,LOF,0.07336970017370698,0.023367566972825913,0.903262732853467
25946,LOF,0.0349430684248371,0.10792120664484296,0.85713572493032
25947,LOF,0.10059905496159141,0.2082005896478442,0.6912003553905643
25948,LOF,0.3609397155984405,0.008005838196388664,0.6310544462051708
25949,LOF,0.11752888588000308,0.03975532026789686,0.8427157938520999
25950,GOF,0.31474394553214124,0.37019983498456543,0.3150562194832933
25951,LOF,0.21864227423116658,0.232046371499516,0.5493113542693174
25952,LOF,0.041444576506514716,0.46067475794277674,0.4978806655507087
25953,LOF,0.14377123730627608,0.09905768381627858,0.7571710788774453
25954,Neutral,0.4374444498590591,0.17550181444049337,0.38705373570044754
25955,LOF,0.05723266127672257,0.0857743422126278,0.8569929965106496
25956,LOF,0.16499258449331336,0.10457087907621881,0.7304365364304678
25957,LOF,0.038511427074369387,0.027216629627770265,0.9342719432978605
25958,LOF,0.05955944162598282,0.030328504684112724,0.9101120536899043
25959,LOF,0.08122275665423591,0.3376395931922579,0.5811376501535062
25960,LOF,0.017580463316643626,0.047921114365094886,0.9344984223182615
25961,LOF,0.045131508209055496,0.03152774094435007,0.9233407508465945
25962,LOF,0.047391818023307275,0.02448296016724192,0.9281252218094509
25963,LOF,0.05176182651540416,0.16749202623176082,0.780746147252835
25964,LOF,0.031534712362038156,0.15407438921887068,0.8143908984190913
25965,Neutral,0.46839400615559285,0.06647228511325258,0.4651337087311545
25966,Neutral,0.5352051305759993,0.1764815020221639,0.28831336740183683
25967,LOF,0.01701045815634207,0.10048251625355083,0.8825070255901071
25968,LOF,0.026458341692035498,0.43472075677392763,0.538820901534037
25969,LOF,0.02500268618688608,0.0639234550157914,0.9110738587973226
25970,LOF,0.06631949907271159,0.059283837002466686,0.8743966639248216
25971,LOF,0.06325766488129182,0.018318495189678975,0.9184238399290292
25972,LOF,0.06916570610416833,0.025529623400552034,0.9053046704952795
25973,LOF,0.0630322893269239,0.009253587684048001,0.9277141229890281
25974,LOF,0.21095413943427704,0.016896375011734178,0.7721494855539888
25975,LOF,0.0408007945167138,0.02696805753650241,0.9322311479467839
25976,LOF,0.043532454696803516,0.015845598112172662,0.9406219471910239
25977,LOF,0.14380534578803514,0.08236650234865547,0.7738281518633094
25978,LOF,0.14564987460305895,0.05406582095014755,0.8002843044467935
25979,LOF,0.13495212774517096,0.05663154101796285,0.8084163312368662
25980,LOF,0.2258808374925288,0.07314735030153777,0.7009718122059335
25981,LOF,0.25424646263906314,0.07112245903222661,0.6746310783287103
25982,LOF,0.38957432143667453,0.047585205405706994,0.5628404731576185
25983,LOF,0.37535018764779765,0.05086048871885944,0.573789323633343
25984,LOF,0.04469859167319428,0.04593944976145901,0.9093619585653467
25985,LOF,0.03814248134210482,0.2656528927885659,0.6962046258693292
25986,LOF,0.045952172962026167,0.2904039441999046,0.6636438828380692
25987,LOF,0.07059571644213453,0.0683002099204119,0.8611040736374537
25988,LOF,0.15376284010318675,0.06218466333963022,0.784052496557183
25989,LOF,0.03200099665097632,0.12402400732607001,0.8439749960229537
25990,LOF,0.04495769059766296,0.15392137741416292,0.8011209319881741
25991,LOF,0.12080311657167518,0.33617736268281234,0.5430195207455125
25992,LOF,0.2904631224072276,0.2156366267501572,0.4939002508426152
25993,LOF,0.022957209286594258,0.08210433997973247,0.8949384507336733
25994,LOF,0.016600544787274546,0.11008108627373038,0.8733183689389952
25995,LOF,0.023854423155266785,0.23293385260041943,0.7432117242443138
25996,GOF,0.2970823699666862,0.4836165338343767,0.21930109619893723
25997,GOF,0.08384567805086716,0.4580940005073324,0.4580603214418004
25998,Neutral,0.5295195098620598,0.022378972728978163,0.4481015174089621
25999,LOF,0.10416790689076717,0.08292637690112965,0.8129057162081033
26000,LOF,0.16279467947883977,0.0435511341221058,0.7936541863990545
26001,LOF,0.19928887702294507,0.051248841205515504,0.7494622817715394
26002,LOF,0.14084524245592245,0.045473037741020565,0.8136817198030569
26003,GOF,0.011012744278893366,0.5795631099817818,0.4094241457393249
26004,GOF,0.022200333324999228,0.6565056240268791,0.32129404264812156
26005,LOF,0.008040320615707648,0.45671140911323743,0.5352482702710549
26006,Neutral,0.5539072798685235,0.23948879372948056,0.20660392640199599
26007,GOF,0.02319421384988603,0.5269279448532282,0.44987784129688574
26008,GOF,0.017374915053151283,0.6191524224342035,0.3634726625126453
26009,GOF,0.0260776481731031,0.682582959802281,0.2913393920246159
26010,GOF,0.023717707903587713,0.6492435255626208,0.32703876653379155
26011,LOF,0.0065578015528014845,0.45064304181680814,0.5427991566303904
26012,GOF,0.014449769482679226,0.5460106458888547,0.43953958462846615
26013,GOF,0.021809603345458353,0.6383700036199291,0.3398203930346126
26014,LOF,0.04044723060090218,0.09920541712331243,0.8603473522757854
26015,LOF,0.19502466190722637,0.014405688275421982,0.7905696498173516
26016,LOF,0.21488130347923093,0.05606102484690266,0.7290576716738664
26017,LOF,0.22884281967249567,0.09647913138880561,0.6746780489386986
26018,LOF,0.08664692281822178,0.03544705427666886,0.8779060229051093
26019,LOF,0.0825367784319451,0.028521048729028,0.888942172839027
26020,LOF,0.06888665917833683,0.10797356208214272,0.8231397787395204
26021,LOF,0.043055519764574654,0.1132559185070828,0.8436885617283426
26022,LOF,0.011090083048193169,0.03759029114175597,0.9513196258100509
26023,LOF,0.07364296027610058,0.02106044917277527,0.9052965905511241
26024,LOF,0.032720699512070364,0.11528652723617011,0.8519927732517595
26025,LOF,0.15540483060444144,0.08060195986415648,0.763993209531402
26026,LOF,0.3497760044091188,0.02722162225239745,0.6230023733384837
26027,LOF,0.06504789879820287,0.016807348350083566,0.9181447528517135
26028,LOF,0.17707009836509222,0.0624379265522186,0.7604919750826892
26029,LOF,0.07529756488873526,0.21608214402574413,0.7086202910855206
26030,LOF,0.02522220148781282,0.06163904791998294,0.9131387505922043
26031,LOF,0.0291967784497401,0.15592826764642992,0.81487495390383
26032,LOF,0.06826266409795712,0.09760620336372293,0.8341311325383199
26033,LOF,0.08592934192521727,0.09322226852821797,0.8208483895465648
26034,LOF,0.044931161441480114,0.18175440985381927,0.7733144287047006
26035,LOF,0.028806371304155438,0.16864430483136908,0.8025493238644754
26036,LOF,0.041717777030300024,0.19451020818337703,0.763772014786323
26037,LOF,0.023505646355643017,0.135147837533057,0.8413465161113001
26038,LOF,0.06320515446046432,0.09909702974166017,0.8376978157978755
26039,LOF,0.05629332335783534,0.17121585965507222,0.7724908169870925
26040,LOF,0.19222985446233573,0.15061385491798826,0.657156290619676
26041,LOF,0.02376996607686865,0.1262329340597684,0.8499970998633629
26042,LOF,0.02287426582845046,0.1184518640405407,0.8586738701310089
26043,LOF,0.06438132210563417,0.117514445149436,0.8181042327449299
26044,LOF,0.023444275540859028,0.07644434200987145,0.9001113824492696
26045,LOF,0.07204447020886964,0.11533401522000937,0.8126215145711211
26046,LOF,0.05706610437543451,0.09288623848975833,0.8500476571348071
26047,LOF,0.07662816280004957,0.09772088808689823,0.8256509491130523
26048,LOF,0.04864421708790927,0.04626324491747761,0.9050925379946131
26049,Neutral,0.9646024448883764,0.008190111938095497,0.02720744317352808
26050,Neutral,0.9516727860504064,0.010493403215355477,0.03783381073423815
26051,LOF,0.0505459966122226,0.25880782767643573,0.6906461757113417
26052,LOF,0.06775472104147656,0.32351874842283024,0.6087265305356931
26053,LOF,0.05706254420727774,0.12210235458920203,0.8208351012035201
26054,LOF,0.051523510526933394,0.017324960122906668,0.9311515293501599
26055,LOF,0.07676510969277023,0.015059973067611618,0.9081749172396182
26056,LOF,0.061604121371862365,0.016431735938455403,0.9219641426896823
26057,LOF,0.03053262242662626,0.013515704954871087,0.9559516726185027
26058,LOF,0.031500197316046086,0.010974218290097057,0.9575255843938569
26059,LOF,0.27809514901036053,0.021975820524875317,0.6999290304647642
26060,LOF,0.03936501552525533,0.18397849716458756,0.776656487310157
26061,LOF,0.019285355186388374,0.011066392197618702,0.969648252615993
26062,LOF,0.010798632970938348,0.017877990845900915,0.9713233761831607
26063,LOF,0.02164220107426029,0.011808730758742262,0.9665490681669974
26064,LOF,0.022706157282536193,0.019073752714282122,0.9582200900031815
26065,LOF,0.026058810418919238,0.011580979409648364,0.9623602101714324
26066,LOF,0.021713883893952804,0.011583290522956756,0.9667028255830904
26067,LOF,0.028084188805894653,0.009254384432724713,0.9626614267613807
26068,LOF,0.0450601970930121,0.027839225334434437,0.9271005775725534
26069,LOF,0.25065734075950524,0.019237384237654916,0.7301052750028398
26070,LOF,0.37621332717337713,0.016848052925129614,0.6069386199014932
26071,LOF,0.021310162901887537,0.012387983262990687,0.9663018538351217
26072,LOF,0.0226125660592481,0.015255418855099437,0.9621320150856524
26073,LOF,0.021105679304482983,0.010242418579982019,0.968651902115535
26074,Neutral,0.9001081976919119,0.005707522930043369,0.09418427937804488
26075,LOF,0.04501015509080084,0.014241803766311826,0.9407480411428873
26076,LOF,0.041554240043628364,0.009941876154935421,0.9485038838014364
26077,LOF,0.010805652305079396,0.015750619916467964,0.9734437277784528
26078,LOF,0.014391921160889587,0.010965013115521987,0.9746430657235885
26079,LOF,0.06004332698894909,0.01644007589027096,0.9235165971207799
26080,LOF,0.05938024947854502,0.016465055602168193,0.9241546949192868
26081,LOF,0.03359568727265732,0.006671786120434618,0.959732526606908
26082,LOF,0.01419353389097927,0.01586511856422298,0.9699413475447977
26083,LOF,0.18207837038397653,0.014011344917699063,0.8039102846983244
26084,LOF,0.046941757419685676,0.011926014629827845,0.9411322279504866
26085,LOF,0.04257577267928478,0.011395072219403148,0.946029155101312
26086,LOF,0.02031015054119698,0.011431202765995028,0.9682586466928079
26087,LOF,0.024036365728307005,0.007677270622877262,0.9682863636488157
26088,LOF,0.01595493906338909,0.021662230283497324,0.9623828306531135
26089,LOF,0.04423595138468979,0.021769705432090555,0.9339943431832196
26090,LOF,0.04386861367645205,0.01738469919437562,0.9387466871291723
26091,LOF,0.03483752499174015,0.006404179035400544,0.9587582959728592
26092,LOF,0.023813984070637794,0.008115683379878162,0.9680703325494842
26093,LOF,0.03336217795382223,0.006220261878005634,0.960417560168172
26094,LOF,0.035140537156731246,0.006402941720533102,0.9584565211227357
26095,LOF,0.045850506632876264,0.012687691179726242,0.9414618021873976
26096,LOF,0.018700591502256,0.012564211642417148,0.9687351968553268
26097,LOF,0.011476684606462171,0.033391404262447306,0.9551319111310905
26098,LOF,0.07234535293484426,0.009866175580377853,0.9177884714847779
26099,LOF,0.02157192849754041,0.011785227271363817,0.9666428442310957
26100,LOF,0.023804214577748704,0.011510672430957174,0.9646851129912941
26101,LOF,0.04909065889716346,0.014831630624073075,0.9360777104787634
26102,LOF,0.0210803535035003,0.0129908197808293,0.9659288267156705
26103,Neutral,0.8826548912991076,0.01905852910864391,0.0982865795922485
26104,LOF,0.08330373377421017,0.02328612371184057,0.8934101425139493
26105,LOF,0.21590084757093994,0.28727119356066794,0.4968279588683921
26106,LOF,0.20012529315596989,0.1079954262806919,0.6918792805633381
26107,LOF,0.21210294893258244,0.07581883214181684,0.7120782189256009
26108,LOF,0.3030517058843517,0.10183103050433225,0.5951172636113161
26109,LOF,0.11061935182820969,0.055310081794715256,0.8340705663770751
26110,LOF,0.22243619966475128,0.008279949015683416,0.7692838513195653
26111,Neutral,0.5217619249705128,0.02231660547802899,0.4559214695514582
26112,LOF,0.030214750122700938,0.008613603190257162,0.9611716466870418
26113,LOF,0.06134789863471343,0.020482242239687393,0.9181698591255992
26114,LOF,0.02614250983703989,0.02888354079257983,0.9449739493703803
26115,LOF,0.08255108035690348,0.06445381357236442,0.852995106070732
26116,LOF,0.06626668522324941,0.06260801459371466,0.8711253001830359
26117,LOF,0.42802321607066757,0.04079066710419841,0.5311861168251341
26118,LOF,0.031855879471850236,0.024562563896690523,0.9435815566314593
26119,LOF,0.0220148838146525,0.03187200855654592,0.9461131076288015
26120,LOF,0.02440850180369416,0.02065914166140753,0.9549323565348983
26121,LOF,0.03922782001325143,0.08137075879726334,0.8794014211894852
