feature0,prediction,LoGoFunc_Neutral,LoGoFunc_GOF,LoGoFunc_LOF
25546,Neutral,0.6292575653128,0.05178758048831256,0.3189548541988875
25547,Neutral,0.5268043965677438,0.08641228941940779,0.38678331401284843
25548,Neutral,0.5166201796958488,0.07229970072688514,0.4110801195772661
25549,Neutral,0.4634297885915475,0.07331732445053199,0.4632528869579206
25550,LOF,0.3818799655966382,0.09518757267587998,0.5229324617274818
25551,LOF,0.328042561380974,0.10681567738883102,0.565141761230195
25552,LOF,0.3032292844453366,0.10967170113268028,0.5870990144219831
25553,Neutral,0.7965698835194998,0.04399211660366553,0.15943799987683474
25554,LOF,0.33583229034715056,0.10111250626033905,0.5630552033925104
25555,LOF,0.29894112633812575,0.09311749765270184,0.6079413760091723
25556,Neutral,0.4659324520227227,0.09124237758785204,0.4428251703894253
25557,LOF,0.29073715539989914,0.09984959581483215,0.6094132487852687
25558,LOF,0.3417556586759205,0.09776816690534611,0.5604761744187333
25559,LOF,0.2930262877153201,0.058670013079684676,0.6483036992049952
25560,LOF,0.10840484569253182,0.1422066515811414,0.7493885027263268
25561,LOF,0.09918887901906019,0.21371112996699637,0.6870999910139434
25562,LOF,0.040554673758183245,0.10726993717315271,0.852175389068664
25563,LOF,0.012655024221342983,0.16296108830283923,0.8243838874758178
25564,LOF,0.09130137768966308,0.1123257644060778,0.796372857904259
25565,LOF,0.18339849590266294,0.13097855147581267,0.6856229526215245
25566,GOF,0.060476190760902396,0.6733026406986119,0.26622116854048566
25567,LOF,0.03308198211030216,0.15447614552216427,0.8124418723675336
25568,LOF,0.05406035023258127,0.09123786302636441,0.8547017867410545
25569,LOF,0.058227855432138216,0.08288452202143111,0.8588876225464307
25570,LOF,0.02805724206885513,0.11166100612032988,0.860281751810815
25571,LOF,0.025216965499077003,0.11730091493281168,0.8574821195681113
25572,LOF,0.06796249701625877,0.14930805614163795,0.7827294468421033
25573,LOF,0.061382380357057884,0.1157135398191537,0.8229040798237883
25574,LOF,0.06621881827867628,0.21806877221651952,0.7157124095048041
25575,LOF,0.023606449374981596,0.13058057756199165,0.8458129730630268
25576,LOF,0.028551437717078028,0.18575008997857892,0.785698472304343
25577,LOF,0.03279114359809327,0.14362625362852802,0.8235826027733788
25578,LOF,0.2883949655939983,0.10524414264089618,0.6063608917651054
25579,LOF,0.18610830577207088,0.10194452990209273,0.7119471643258365
25580,LOF,0.021643883487303252,0.0845971160647256,0.8937590004479711
25581,LOF,0.04597396372375714,0.08978080452484488,0.864245231751398
25582,LOF,0.045661590702458114,0.08823771060546634,0.8661006986920756
25583,LOF,0.0257191457935627,0.09970299990047371,0.8745778543059637
25584,Neutral,0.7080233165177849,0.1357950813460075,0.15618160213620755
25585,LOF,0.020527647179856938,0.1788558322177007,0.8006165206024424
25586,LOF,0.018105449896857348,0.09723608448253632,0.8846584656206062
25587,LOF,0.018197062063302676,0.0821768214149435,0.899626116521754
25588,LOF,0.02205620605733154,0.0854239354046282,0.8925198585380402
25589,Neutral,0.5270174215184011,0.2398940947853666,0.23308848369623225
25590,LOF,0.04597864719222002,0.1363166493765951,0.8177047034311848
25591,LOF,0.0740455043298784,0.07397900258841213,0.8519754930817095
25592,LOF,0.061015727679104535,0.16791409104284993,0.7710701812780455
25593,LOF,0.1256425679555267,0.2723732054694112,0.6019842265750621
25594,LOF,0.05871348521076015,0.07058153304531567,0.8707049817439242
25595,LOF,0.06735847684700855,0.04254067203495711,0.8901008511180344
25596,LOF,0.12328132839538114,0.024250047890245444,0.8524686237143734
25597,LOF,0.08913043303330409,0.02898589189237338,0.8818836750743226
25598,LOF,0.05541476888216254,0.04679085119964177,0.8977943799181957
25599,LOF,0.023963198365255546,0.3898221938127759,0.5862146078219685
25600,LOF,0.17655696547422509,0.3920920865107377,0.4313509480150373
25601,LOF,0.04133621219126255,0.30941944892325657,0.6492443388854808
25602,LOF,0.02708151926779416,0.08136497524291492,0.8915535054892909
25603,LOF,0.03396001845020153,0.06275597428870176,0.9032840072610968
25604,LOF,0.039127752378094106,0.10717678462707825,0.8536954629948276
25605,LOF,0.028103891539866328,0.2057972301641272,0.7660988782960064
25606,LOF,0.3858896802619202,0.1641466665200344,0.4499636532180454
25607,LOF,0.024512703856911993,0.21562853321559464,0.7598587629274933
25608,LOF,0.03668222813530421,0.11820797641516509,0.8451097954495307
25609,GOF,0.13925437924015657,0.4763068493269459,0.3844387714328976
25610,LOF,0.015101836899185534,0.05086897239597861,0.9340291907048359
25611,LOF,0.013187026501076265,0.059782626493135683,0.9270303470057879
25612,LOF,0.045241158568426476,0.06962010245435286,0.8851387389772207
25613,LOF,0.04322531989484519,0.0733091018904001,0.8834655782147548
25614,LOF,0.022832158684618922,0.04673711956539016,0.9304307217499909
25615,LOF,0.03982741067023404,0.0702125719673663,0.8899600173623996
25616,LOF,0.052760930159261955,0.05282526607865907,0.8944138037620789
25617,LOF,0.03987567641375759,0.060845427503988775,0.8992788960822535
25618,LOF,0.05016601231262179,0.07582627280860588,0.8740077148787723
25619,LOF,0.012586406166055756,0.05909495433531102,0.9283186394986332
25620,LOF,0.05369630141724634,0.06725882886915492,0.8790448697135987
25621,LOF,0.06358600973836848,0.05823130626554652,0.878182683996085
25622,LOF,0.0620776629262889,0.07249098884974574,0.8654313482239654
25623,LOF,0.06186290704358724,0.04236005858968109,0.8957770343667316
25624,LOF,0.020000585679589438,0.053500641114799914,0.9264987732056106
25625,LOF,0.06012070257365343,0.06384863641323098,0.8760306610131157
25626,LOF,0.04453707753735466,0.06597078054832736,0.8894921419143179
25627,Neutral,0.8915151722534601,0.022774961695320492,0.08570986605121933
25628,LOF,0.15661514629332607,0.054375372292166504,0.7890094814145074
25629,LOF,0.061924632368659194,0.057366921958178545,0.8807084456731622
25630,LOF,0.2576363394160663,0.06963678644397706,0.6727268741399567
25631,Neutral,0.5449479936487935,0.06300660025320082,0.3920454060980056
25632,LOF,0.03125653067563785,0.07586139599795205,0.8928820733264101
25633,LOF,0.2100585685577533,0.04890538524366492,0.7410360461985818
25634,LOF,0.04155633230966666,0.08893302280119926,0.8695106448891341
25635,LOF,0.03968231462741353,0.04358920959232166,0.9167284757802647
25636,GOF,0.031069356288761896,0.5373703105809898,0.4315603331302483
25637,GOF,0.04974970909801952,0.5270802859061097,0.4231700049958708
25638,GOF,0.03423040060278734,0.4846733860054146,0.4810962133917981
25639,LOF,0.0325615072687794,0.4770350928780267,0.49040339985319376
25640,Neutral,0.8566125920155743,0.0839615161719355,0.05942589181249012
25641,LOF,0.08626060027391536,0.4461388747789351,0.4676005249471495
25642,LOF,0.06757134201162675,0.18121700217717357,0.7512116558111996
25643,LOF,0.2211744253889887,0.1362106032773439,0.6426149713336673
25644,GOF,0.009855051324894198,0.6406762858015602,0.3494686628735456
25645,GOF,0.011007080507000548,0.6042236928573187,0.3847692266356809
25646,LOF,0.038011762905037334,0.43222012839791696,0.5297681086970457
25647,LOF,0.01174512790872883,0.35137857466535477,0.6368762974259163
25648,LOF,0.014127959170793104,0.4229467743464123,0.5629252664827946
25649,LOF,0.008818079102058183,0.3348741237132776,0.6563077971846643
25650,GOF,0.022370257932093615,0.5931133777856769,0.3845163642822295
25651,LOF,0.008674863693577289,0.43271018062636607,0.5586149556800567
25652,LOF,0.014490063388410978,0.4251406719818928,0.5603692646296962
25653,GOF,0.04001721004857535,0.5991608926091376,0.3608218973422871
25654,LOF,0.010451467517433808,0.3167401130369613,0.6728084194456049
25655,GOF,0.13372751843795125,0.6152050719867886,0.25106740957526
25656,LOF,0.3715612272006198,0.12453920488094064,0.5038995679184396
25657,LOF,0.05270846427011026,0.11668834352539982,0.83060319220449
25658,LOF,0.3342499679702587,0.14059401504316515,0.5251560169865761
25659,Neutral,0.46178923661340077,0.15275890847963752,0.38545185490696177
25660,LOF,0.02468796700645143,0.10790685646786673,0.8674051765256817
25661,LOF,0.09352449619872012,0.06462045193763558,0.8418550518636443
25662,LOF,0.0340857295140252,0.03169609876968632,0.9342181717162885
25663,LOF,0.040274213806787786,0.04041075625645356,0.9193150299367586
25664,LOF,0.13042760403385617,0.06532329093059501,0.8042491050355488
25665,LOF,0.06294687814537957,0.030521350884596777,0.9065317709700236
25666,LOF,0.10099225587835635,0.0694291587470279,0.8295785853746157
25667,LOF,0.07425718656975194,0.049194544139147735,0.8765482692911003
25668,LOF,0.035883465788820804,0.057309669273382116,0.9068068649377969
25669,LOF,0.03065045093675319,0.05592923852971028,0.9134203105335365
25670,LOF,0.13625364695585535,0.05238802128152879,0.811358331762616
25671,LOF,0.10982273124278347,0.03956634793006818,0.8506109208271484
25672,LOF,0.05174245667983431,0.04635893054045303,0.9018986127797126
25673,LOF,0.08938742734252741,0.04364867374740839,0.8669638989100643
25674,LOF,0.07396480013047925,0.05446309881580185,0.8715721010537189
25675,LOF,0.11252340602858091,0.06970044267162231,0.8177761512997969
25676,LOF,0.0187732640332304,0.05487106297385309,0.9263556729929165
25677,LOF,0.023070242538657203,0.06953234774945297,0.9073974097118898
25678,LOF,0.2042258163682612,0.08357511647941296,0.7121990671523258
25679,LOF,0.12672647043506036,0.07998272915138918,0.7932908004135504
25680,LOF,0.032716667363477225,0.11153133672447717,0.8557519959120455
25681,LOF,0.04901350021505511,0.1089388204747424,0.8420476793102026
25682,LOF,0.13388635797506138,0.07987240447700499,0.7862412375479337
25683,LOF,0.11865315401993452,0.08380393238454102,0.7975429135955244
25684,LOF,0.03883132895166226,0.06995382283547444,0.8912148482128633
25685,LOF,0.11599327760164765,0.07026626017550185,0.8137404622228505
25686,LOF,0.07971353956018758,0.10678847866960071,0.8134979817702117
25687,LOF,0.11624098008826687,0.10870254520386227,0.7750564747078709
25688,LOF,0.39708335952942775,0.04353051088525869,0.5593861295853135
25689,LOF,0.29806384664360036,0.041797545884349134,0.6601386074720504
25690,LOF,0.2991428451416087,0.03386173162698393,0.6669954232314073
25691,Neutral,0.6943276405207891,0.0310388192358273,0.27463354024338366
25692,LOF,0.36944357778586223,0.01251609495147405,0.6180403272626637
25693,LOF,0.03893526446737257,0.4359599923806348,0.5251047431519926
25694,LOF,0.11462044466854525,0.017322153926987695,0.8680574014044671
25695,LOF,0.11564807399917727,0.011850900445151299,0.8725010255556715
25696,LOF,0.16160417783227599,0.01030542518987084,0.8280903969778531
25697,LOF,0.06635460801507022,0.13203083234787172,0.8016145596370581
25698,LOF,0.3115664021905752,0.2223721611929974,0.4660614366164273
25699,LOF,0.44375566903081953,0.04146360852245559,0.5147807224467248
25700,LOF,0.08354509472146594,0.013653460668870979,0.9028014446096632
25701,LOF,0.18104682673694583,0.04935535564991535,0.769597817613139
25702,GOF,0.1592591044438494,0.6496747538905019,0.19106614166564873
25703,LOF,0.017907458274757038,0.16726727938425937,0.8148252623409836
25704,LOF,0.03599336246990637,0.16904780537158093,0.7949588321585126
25705,LOF,0.03648325602851034,0.08425963471441952,0.8792571092570701
25706,LOF,0.15604385282596142,0.33464356002972284,0.5093125871443157
25707,LOF,0.0937987640203075,0.25587793064018377,0.6503233053395088
25708,LOF,0.05005441533302714,0.24380245843441078,0.7061431262325621
25709,LOF,0.06252571304190296,0.027965042043558864,0.9095092449145382
25710,LOF,0.014358866081601076,0.10024567444280666,0.8853954594755922
25711,LOF,0.019420281903331768,0.06298469449266102,0.9175950236040071
25712,LOF,0.016743033943096324,0.12899033336860374,0.8542666326882999
25713,LOF,0.017010995022240637,0.06497709883539443,0.9180119061423649
25714,LOF,0.07145562252151322,0.046541571792994806,0.8820028056854919
25715,LOF,0.011473239952369624,0.08696701773767859,0.9015597423099518
25716,LOF,0.01381327478233913,0.07726482882012603,0.9089218963975347
25717,LOF,0.01664163810311508,0.06226870791814127,0.9210896539787438
25718,LOF,0.010670271788121195,0.05629005652825051,0.9330396716836282
25719,LOF,0.020097704059487444,0.05283729103086635,0.9270650049096462
25720,LOF,0.022823684710485573,0.043694040684798624,0.9334822746047159
25721,LOF,0.012874617345954091,0.0788811185938784,0.9082442640601674
25722,LOF,0.012897124349129534,0.07151853835329115,0.9155843372975794
25723,LOF,0.02289813281792486,0.030703252388428574,0.9463986147936465
25724,LOF,0.032148247016817816,0.05265723465311994,0.9151945183300622
25725,LOF,0.01129568400341789,0.048613950578943556,0.9400903654176385
25726,LOF,0.014425222985370849,0.07233203278309797,0.9132427442315312
25727,LOF,0.011579979972994921,0.0509373596641038,0.9374826603629014
25728,LOF,0.00956963645146338,0.06555286669298852,0.924877496855548
25729,LOF,0.010115056974278435,0.0656841696443911,0.9242007733813304
25730,LOF,0.012565871122009629,0.0650712618895224,0.922362866988468
25731,LOF,0.02223780372552515,0.06939998809864897,0.9083622081758258
25732,LOF,0.012709942629052938,0.04437341933147747,0.9429166380394697
25733,LOF,0.016939220862142244,0.044841662277862945,0.9382191168599948
25734,LOF,0.013304420102244661,0.08233446757502846,0.9043611123227269
25735,LOF,0.01118668042450455,0.055391101647928605,0.9334222179275667
25736,LOF,0.011984849179030714,0.07537829524973277,0.9126368555712365
25737,LOF,0.01141407113616504,0.05932817167016447,0.9292577571936704
25738,LOF,0.011270358809914711,0.06151669857465117,0.9272129426154341
25739,LOF,0.019429007525865075,0.04930435095816051,0.9312666415159744
25740,LOF,0.027019311552376246,0.07274786994631222,0.9002328185013116
25741,LOF,0.01477131378137732,0.07202269501744393,0.9132059912011788
25742,LOF,0.10749424544233985,0.04963782466067582,0.8428679298969843
25743,LOF,0.04416126425197368,0.05294893032733737,0.9028898054206889
25744,Neutral,0.6252982380249384,0.2157833820762881,0.15891837989877347
25745,LOF,0.06890697818084979,0.0704407537826969,0.8606522680364533
25746,LOF,0.04536255368797242,0.09637411524722903,0.8582633310647986
25747,LOF,0.024951121901730388,0.08250127131393857,0.892547606784331
25748,LOF,0.14656191682670142,0.13128645226148888,0.7221516309118097
25749,LOF,0.029125607633360976,0.0885916399991463,0.8822827523674929
25750,LOF,0.0709569135061384,0.0997512793276548,0.8292918071662068
25751,LOF,0.10198354873277539,0.1390835337421031,0.7589329175251215
25752,GOF,0.10468903445345847,0.6654945646386592,0.2298164009078823
25753,LOF,0.027051828588944875,0.3098997030330689,0.6630484683779861
25754,GOF,0.01549437592799367,0.810050444779548,0.1744551792924584
25755,LOF,0.027769735413244897,0.3841702902882881,0.5880599742984671
25756,LOF,0.05027831809148787,0.38535579342543513,0.564365888483077
25757,GOF,0.02067314451842858,0.8751755211946994,0.10415133428687189
25758,GOF,0.02749510581813673,0.8148055156962422,0.15769937848562113
25759,GOF,0.011506912262717802,0.6344521833207507,0.35404090441653163
25760,LOF,0.016916018123398435,0.30907166196522556,0.674012319911376
25761,GOF,0.2782620820914345,0.6390126945832133,0.08272522332535205
25762,LOF,0.04375187140002887,0.3118688588468298,0.6443792697531413
25763,LOF,0.015943982480926277,0.2269732624989653,0.7570827550201085
25764,GOF,0.0633026952191804,0.6878307439716168,0.24886656080920272
25765,GOF,0.03413584723957585,0.7760890125646079,0.1897751401958164
25766,GOF,0.07244853277075196,0.7976935616074895,0.1298579056217585
25767,GOF,0.13008691652390866,0.557466325505389,0.3124467579707023
25768,LOF,0.10398575535896773,0.060072278932239744,0.8359419657087925
25769,LOF,0.04398616515387004,0.07403622549262386,0.8819776093535061
25770,LOF,0.3020908975714742,0.11005190641174942,0.5878571960167763
25771,LOF,0.04726311505344388,0.05667319836483646,0.8960636865817196
25772,LOF,0.016702719963200954,0.05339921890832654,0.9298980611284725
25773,LOF,0.050718725028860955,0.0821490163866227,0.8671322585845164
25774,LOF,0.027653375340243536,0.11796700806441428,0.8543796165953422
25775,LOF,0.05654628569264876,0.05330344280537521,0.890150271501976
25776,LOF,0.062025652263218566,0.03149135669629776,0.9064829910404837
25777,LOF,0.34126803300785963,0.090764814823548,0.5679671521685924
25778,LOF,0.059866949523910556,0.050135897083317296,0.8899971533927721
25779,GOF,0.3798704226845392,0.572751189030783,0.04737838828467784
25780,GOF,0.3333585244298509,0.5952276066201495,0.07141386894999964
25781,GOF,0.132442804025887,0.7673751698885269,0.10018202608558607
25782,GOF,0.21087294816405477,0.7115917495008576,0.07753530233508767
25783,GOF,0.024746807038059482,0.6280087255002215,0.3472444674617192
25784,Neutral,0.517741125717576,0.43903498974359867,0.043223884538825245
25785,Neutral,0.4843700469054856,0.47325062961152525,0.04237932348298934
25786,GOF,0.03477033577881502,0.7648466472839646,0.20038301693722047
25787,Neutral,0.6578002253163668,0.314047465184445,0.02815230949918814
25788,LOF,0.06789505833233771,0.07984642250065485,0.8522585191670075
25789,GOF,0.22390766876812576,0.6258481812213118,0.1502441500105625
25790,GOF,0.2723697613293139,0.6437532360046997,0.08387700266598636
25791,GOF,0.16354122388271924,0.6919864891706006,0.14447228694668024
25792,GOF,0.3745802034629797,0.5195774390300512,0.10584235750696915
25793,GOF,0.27392781574337216,0.5010161412953031,0.22505604296132473
25794,GOF,0.3309991353829182,0.4951032035854077,0.173897661031674
25795,GOF,0.07470553652647462,0.6885037958454694,0.23679066762805595
25796,Neutral,0.5093404010054008,0.41960746663275705,0.07105213236184221
25797,GOF,0.08924383564867873,0.5573121391686555,0.35344402518266566
25798,GOF,0.010368934393275518,0.521871172833772,0.4677598927729524
25799,LOF,0.007905988210824747,0.41418725527823846,0.5779067565109367
25800,GOF,0.0457492475868211,0.595311560594647,0.35893919181853196
25801,GOF,0.23539587818293686,0.6575288054760385,0.10707531634102459
25802,GOF,0.07431836044395468,0.715858747101328,0.20982289245471722
25803,GOF,0.047600802074225,0.6095010578459913,0.34289814007978364
25804,GOF,0.03955756055409345,0.5038083063260675,0.45663413311983897
25805,GOF,0.13316656417325515,0.5936381613993942,0.27319527442735075
25806,GOF,0.1432291628844865,0.6127979712395925,0.24397286587592096
25807,GOF,0.023983670826653272,0.6511900668379242,0.32482626233542256
25808,GOF,0.12690105016739794,0.6160681147067556,0.25703083512584646
25809,GOF,0.022453512548880932,0.6683559689141061,0.30919051853701307
25810,GOF,0.022293734288239057,0.6660396943601727,0.31166657135158815
25811,Neutral,0.50391137113414,0.4307025305529706,0.06538609831288938
25812,GOF,0.0462500212217803,0.6250358803282574,0.3287140984499623
25813,Neutral,0.5507341989676913,0.3519638301542284,0.0973019708780803
25814,GOF,0.1454363309087124,0.6514643735031992,0.2030992955880884
25815,GOF,0.24861680373496778,0.5680123040723282,0.18337089219270408
25816,GOF,0.02272376776270068,0.6751704206024929,0.3021058116348064
25817,GOF,0.2528749172652075,0.6351960798756474,0.11192900285914524
25818,GOF,0.05269333470641342,0.5732178232828385,0.374088842010748
25819,GOF,0.37774691177664294,0.4667764050294997,0.1554766831938574
25820,GOF,0.20853021204431893,0.5852288640961033,0.20624092385957773
25821,GOF,0.06101426475051218,0.6739141550743377,0.26507158017515015
25822,GOF,0.2153116618285859,0.5496811961963052,0.2350071419751089
25823,GOF,0.0380739067725668,0.5135027353428059,0.4484233578846273
25824,GOF,0.08527027804574211,0.5390257586454018,0.3757039633088562
25825,GOF,0.036262983491278294,0.5450470038168703,0.41869001269185147
25826,GOF,0.013659995847015206,0.5319773017449412,0.4543627024080436
25827,GOF,0.02654363024172408,0.5777366364219765,0.39571973333629934
25828,GOF,0.018603050506823465,0.5067702691192718,0.4746266803739048
25829,GOF,0.007167917875900965,0.5412505881369077,0.45158149398719133
25830,LOF,0.04597428463715514,0.2900301772670303,0.6639955380958145
25831,GOF,0.2028221287586959,0.6579960881197342,0.13918178312156995
25832,GOF,0.03701608339309291,0.66469395579192,0.29828996081498704
25833,GOF,0.13542574499663929,0.6709090091111852,0.19366524589217557
25834,GOF,0.04292597108739914,0.6632503260903405,0.2938237028222604
25835,GOF,0.09236638514480518,0.6770981723196673,0.23053544253552746
25836,GOF,0.04513496253994147,0.6369264507393531,0.3179385867207054
25837,GOF,0.02230089724143365,0.5119226601793065,0.4657764425792598
25838,GOF,0.0830217934313785,0.7165605387848157,0.20041766778380593
25839,GOF,0.31225527846901185,0.537793908398683,0.14995081313230507
25840,GOF,0.2571607701765565,0.564122193240605,0.17871703658283852
25841,GOF,0.23420411153423895,0.564476760981139,0.20131912748462213
25842,GOF,0.19620366350002197,0.6347032004799992,0.16909313601997886
25843,GOF,0.23664361448223492,0.6359412578883792,0.127415127629386
25844,GOF,0.06467749957626248,0.6417577374021952,0.2935647630215424
25845,LOF,0.014190501792074654,0.4670559475123523,0.518753550695573
25846,GOF,0.1254631495746551,0.6757765703531113,0.19876028007223354
25847,GOF,0.11692032011908969,0.7383954615838848,0.14468421829702535
25848,GOF,0.03661298042938743,0.6547017700485162,0.30868524952209647
25849,GOF,0.009932665963060803,0.5482588186078294,0.44180851542910976
25850,GOF,0.024092632551579684,0.6339704061582342,0.341936961290186
25851,GOF,0.017988192810050152,0.5354027971029791,0.4466090100869707
25852,GOF,0.171909181096714,0.5595730487217331,0.26851777018155293
25853,GOF,0.3295333123720252,0.5940447936160246,0.07642189401195022
25854,GOF,0.02136555233659537,0.5914454736785275,0.38718897398487706
25855,GOF,0.04485229675035307,0.5694390520715464,0.3857086511781006
25856,GOF,0.2587199705268731,0.5243168161244783,0.21696321334864851
25857,LOF,0.04075026329110749,0.4753570655720324,0.48389267113685996
25858,GOF,0.02115325252224457,0.562623321492313,0.4162234259854425
25859,GOF,0.011887987556787374,0.5404796478048075,0.44763236463840517
25860,GOF,0.3697563066419618,0.5412921683132363,0.08895152504480182
25861,GOF,0.3867844265160097,0.5334205803072055,0.07979499317678487
25862,GOF,0.09077501273034458,0.7731115224297859,0.1361134648398696
25863,GOF,0.09670460579085072,0.7728482581760098,0.1304471360331395
25864,GOF,0.22448704970178346,0.6976460866823901,0.07786686361582644
25865,GOF,0.09166563389215454,0.7667724087496501,0.14156195735819543
25866,GOF,0.07230994381539345,0.7975055133985582,0.1301845427860484
25867,GOF,0.09538551792406813,0.7955495569158678,0.10906492516006416
25868,GOF,0.2777676474519752,0.6195189164262578,0.10271343612176694
25869,Neutral,0.6901332300933188,0.26810017484460613,0.04176659506207505
25870,LOF,0.36015505646492885,0.23919221536471955,0.40065272817035164
25871,GOF,0.24314570279570943,0.6012652527604788,0.15558904444381183
25872,GOF,0.09033130490257182,0.6424901176986745,0.26717857739875367
25873,GOF,0.16519648992766567,0.6274354982706415,0.20736801180169293
25874,LOF,0.024358881241258887,0.1046845390402822,0.870956579718459
25875,LOF,0.09751338280194151,0.06004938798207201,0.8424372292159864
25876,LOF,0.029758385139569382,0.05574176631909591,0.9144998485413347
25877,Neutral,0.5303262645109442,0.07696036870169708,0.3927133667873587
25878,LOF,0.2258272555183448,0.12852683661309258,0.6456459078685626
25879,LOF,0.09506219185182212,0.12138298930891553,0.7835548188392623
25880,LOF,0.024501258217950846,0.02754917420258966,0.9479495675794596
25881,LOF,0.20073033178306,0.1745692224569405,0.6247004457599995
25882,LOF,0.075297473225082,0.021937673355166835,0.9027648534197512
25883,LOF,0.07708542862711643,0.02786433313024155,0.8950502382426421
25884,LOF,0.045123958594411595,0.03968061798411959,0.9151954234214689
25885,LOF,0.06813932345042828,0.016140830485493935,0.9157198460640777
25886,LOF,0.35746480909669126,0.047288341598035626,0.5952468493052732
25887,LOF,0.182701642664587,0.1118009540210008,0.7054974033144121
25888,LOF,0.07508343028223109,0.0879767064788808,0.836939863238888
25889,LOF,0.055429972532769566,0.026513855827775955,0.9180561716394545
25890,LOF,0.04685149914081676,0.14281482249321376,0.8103336783659695
25891,LOF,0.03920218555948108,0.0738211123576118,0.8869767020829071
25892,LOF,0.10500164703142974,0.024678003535386843,0.8703203494331835
25893,LOF,0.27617649507380204,0.018850023255091525,0.7049734816711064
25894,LOF,0.18039651885671656,0.010506491142837323,0.809096990000446
25895,LOF,0.19766415262678336,0.025051244231618794,0.7772846031415979
25896,LOF,0.048251228590854234,0.02974168832829235,0.9220070830808536
25897,LOF,0.23543113305204408,0.017897191015354648,0.7466716759326014
25898,Neutral,0.7271461158975174,0.011755970992603615,0.26109791310987895
25899,LOF,0.2921135398217228,0.030401331039759866,0.6774851291385173
25900,LOF,0.46924236148725745,0.016629124371837216,0.5141285141409053
25901,LOF,0.05577633568044742,0.015656348856536852,0.9285673154630156
25902,LOF,0.16647210261033563,0.012497761264260592,0.8210301361254038
25903,Neutral,0.4977614712267992,0.034669792060367924,0.4675687367128328
25904,LOF,0.293459457811913,0.0631444404899789,0.643396101698108
25905,LOF,0.026144195602343254,0.28805612331548996,0.6857996810821667
25906,LOF,0.02187279634508231,0.06456671365725475,0.9135604899976629
25907,LOF,0.013979516995969027,0.2911483158207302,0.6948721671833008
25908,LOF,0.012485227857608784,0.19942552199814131,0.7880892501442499
25909,LOF,0.015040140266649559,0.13125448881495144,0.853705370918399
25910,LOF,0.0445525916461316,0.12436522174892266,0.8310821866049458
25911,LOF,0.15039078225963043,0.02723645888193688,0.8223727588584326
25912,LOF,0.04037309948558412,0.04629795438387673,0.9133289461305392
25913,LOF,0.2749579257069318,0.020266681882685014,0.7047753924103832
25914,LOF,0.025855509323400784,0.10774535328644237,0.8663991373901568
25915,Neutral,0.4433542254420791,0.2541302420041522,0.3025155325537688
25916,LOF,0.07258817182568626,0.25989082055678747,0.6675210076175263
25917,LOF,0.06689156383682536,0.06107323243718556,0.872035203725989
25918,LOF,0.03500149591396653,0.05443557578991118,0.9105629282961223
25919,LOF,0.026753280751171074,0.06354136008105488,0.9097053591677741
25920,GOF,0.09098596544799159,0.4754309542432903,0.43358308030871817
25921,LOF,0.03470315241603731,0.021285317062272133,0.9440115305216906
25922,LOF,0.0448883644289851,0.014609719235829075,0.9405019163351858
25923,LOF,0.37990593220415614,0.01827314763386623,0.6018209201619776
25924,LOF,0.040673632112779926,0.026195555314657604,0.9331308125725625
25925,LOF,0.06458479968488985,0.02568534997338317,0.9097298503417269
25926,LOF,0.0477617601438618,0.018982863653017015,0.9332553762031212
25927,LOF,0.07218640575543676,0.058489056405709394,0.8693245378388539
25928,LOF,0.023234677631565295,0.02753339929682878,0.9492319230716059
25929,Neutral,0.5041572798066515,0.019951393205234952,0.4758913269881136
25930,LOF,0.05514800461700559,0.015295027789442495,0.929556967593552
25931,LOF,0.032995250078741,0.019716571714457464,0.9472881782068014
25932,LOF,0.027210099318475,0.017832143951627653,0.9549577567298974
25933,LOF,0.037604165369360704,0.010798032350677535,0.9515978022799618
25934,LOF,0.02360965408848216,0.012540110685222471,0.9638502352262954
25935,LOF,0.06317179550873873,0.03143360015503705,0.9053946043362242
25936,LOF,0.04655967748248381,0.01513909813869968,0.9383012243788165
25937,LOF,0.03321486495052249,0.024959606433841295,0.9418255286156362
25938,LOF,0.06204003601609711,0.03177120765392681,0.906188756329976
25939,LOF,0.03916837621341023,0.01170256706312192,0.9491290567234678
25940,LOF,0.02598610746771197,0.3694149834980468,0.6045989090342413
25941,LOF,0.18159665371026612,0.06480988266179177,0.7535934636279421
25942,LOF,0.017596236636374586,0.036813079395676365,0.945590683967949
25943,LOF,0.2857921465024057,0.05303876093021395,0.6611690925673804
25944,Neutral,0.4859170710192611,0.028502917133158903,0.48558001184758
25945,LOF,0.07997204967693154,0.025136416762470838,0.8948915335605976
25946,LOF,0.024034927703263577,0.13773703943498364,0.8382280328617527
25947,LOF,0.11917139404761462,0.18731013878878366,0.6935184671636017
25948,LOF,0.4872953423795431,0.017193497000852292,0.49551116061960454
25949,LOF,0.08612188866577006,0.07807639592402355,0.8358017154102063
25950,GOF,0.2906588835901266,0.3900620423997443,0.31927907401012917
25951,LOF,0.24176522681008342,0.2178700192729093,0.5403647539170072
25952,LOF,0.048804035301356616,0.4390729463103381,0.5121230183883052
25953,LOF,0.15368549246739158,0.1100288013865356,0.7362857061460728
25954,Neutral,0.4218942632511988,0.172422676556149,0.40568306019265227
25955,LOF,0.0641244636925041,0.08536121559670301,0.8505143207107928
25956,LOF,0.1907417794455873,0.07696427618928828,0.7322939443651244
25957,LOF,0.04368938120809889,0.025403491363917712,0.9309071274279833
25958,LOF,0.05471192949127644,0.029298675698795462,0.915989394809928
25959,LOF,0.06413294004158293,0.33331246746765686,0.6025545924907602
25960,LOF,0.020817116688071662,0.05630313705163268,0.9228797462602957
25961,LOF,0.04795747188519023,0.03804640201295042,0.9139961261018593
25962,LOF,0.05875492730310629,0.030156619693088554,0.911088453003805
25963,LOF,0.051802036819581954,0.16187964857098547,0.7863183146094326
25964,LOF,0.03216818378541398,0.14526062757913963,0.8225711886354464
25965,LOF,0.4482605870235713,0.06994228050042829,0.48179713247600037
25966,Neutral,0.45135615979820054,0.18423846926192294,0.36440537093987646
25967,LOF,0.0137775742087265,0.07876945076276148,0.9074529750285121
25968,GOF,0.03789213319830685,0.5020743603184226,0.4600335064832707
25969,LOF,0.023153158271013486,0.05605880823429946,0.9207880334946871
25970,LOF,0.06272463642542828,0.06857695576608411,0.8686984078084875
25971,LOF,0.0736197625341624,0.017928720285164425,0.9084515171806732
25972,LOF,0.07858734476587982,0.02843933791659779,0.8929733173175225
25973,LOF,0.08646551593254663,0.008810300960104564,0.9047241831073488
25974,LOF,0.2437409386562072,0.023363500374772965,0.7328955609690198
25975,LOF,0.047857343058804125,0.03249748737062991,0.919645169570566
25976,LOF,0.05049046534540169,0.018360268518141033,0.9311492661364573
25977,LOF,0.13210092490043582,0.0988614279763113,0.769037647123253
25978,LOF,0.10610813171468966,0.07089008434592993,0.8230017839393805
25979,LOF,0.10797243000398987,0.06922587331625833,0.8228016966797517
25980,LOF,0.12663542154319307,0.10005844971247962,0.7733061287443272
25981,LOF,0.1547074020050077,0.09650676869767981,0.7487858292973124
25982,LOF,0.3305861787573693,0.06015042065710006,0.6092634005855305
25983,LOF,0.32514402713857615,0.0542646116512916,0.6205913612101323
25984,LOF,0.05008405821822661,0.08057514601534459,0.8693407957664288
25985,LOF,0.023926383002367036,0.24970666446129322,0.7263669525363396
25986,LOF,0.03302762214566812,0.2789086570623231,0.6880637207920088
25987,LOF,0.07700462034186362,0.08584566294722663,0.8371497167109098
25988,LOF,0.1253013144022489,0.07220115402715248,0.8024975315705987
25989,LOF,0.030737024643568547,0.1474420300615947,0.8218209452948367
25990,LOF,0.03676767490076609,0.18736360930639295,0.775868715792841
25991,LOF,0.18221808123099714,0.38325721712334876,0.43452470164565404
25992,Neutral,0.3972145933041125,0.24242397405064134,0.3603614326452462
25993,LOF,0.02588204397803895,0.07200698157093209,0.902110974451029
25994,LOF,0.018761225923976742,0.11330928819707876,0.8679294858789446
25995,LOF,0.02768337915381671,0.17898257195390835,0.7933340488922751
25996,GOF,0.26711263633650445,0.5630852102422008,0.16980215342129473
25997,GOF,0.11558652879799712,0.5617775350228671,0.3226359361791358
25998,Neutral,0.5831861040912287,0.014665286635282746,0.4021486092734885
25999,LOF,0.11720663728402723,0.1429707603688028,0.73982260234717
26000,LOF,0.17729063621560132,0.03808005259109434,0.7846293111933043
26001,LOF,0.1869062671686222,0.04105325358163414,0.7720404792497436
26002,LOF,0.157275530221204,0.04232584827598663,0.8003986215028095
26003,GOF,0.00846385742940905,0.6558509280083127,0.3356852145622783
26004,GOF,0.021419713145642616,0.7253518370067192,0.2532284498476379
26005,GOF,0.00773611914015406,0.5356634808878876,0.4566003999719582
26006,Neutral,0.4698982201794853,0.3019167482170376,0.2281850316034771
26007,GOF,0.015474744471505748,0.5792566967392161,0.40526855878927825
26008,GOF,0.014199520304752234,0.6287597194880847,0.3570407602071631
26009,GOF,0.020687411814869577,0.6698146726235991,0.30949791556153133
26010,GOF,0.021593710581167852,0.6726214321426978,0.3057848572761344
26011,GOF,0.00719676112172883,0.521127763882211,0.47167547499606005
26012,GOF,0.013452833145658993,0.6175762409420099,0.368970925912331
26013,GOF,0.015489498518085449,0.6960822053191185,0.2884282961627961
26014,LOF,0.04873941950527535,0.16834608494071637,0.7829144955540083
26015,LOF,0.23500935928247987,0.015201975510201483,0.7497886652073187
26016,LOF,0.23245849255069242,0.06804056368674509,0.6995009437625624
26017,LOF,0.1978312713856878,0.11657422539104352,0.6855945032232688
26018,LOF,0.07686519175895826,0.07021931105669817,0.8529154971843435
26019,LOF,0.07335165846052695,0.04833251209618304,0.87831582944329
26020,LOF,0.05248047304779145,0.14381625705356854,0.8037032698986399
26021,LOF,0.05025182751276253,0.16658055367104893,0.7831676188161887
26022,LOF,0.011887604471522555,0.06936598398511912,0.9187464115433583
26023,LOF,0.1078821586511996,0.047478401081884176,0.8446394402669162
26024,LOF,0.027548423539461905,0.13654186077508418,0.835909715685454
26025,LOF,0.14294126417483227,0.14722795307376263,0.7098307827514051
26026,LOF,0.30116023295783234,0.0325801422791516,0.666259624763016
26027,LOF,0.07544089796635833,0.03543740409389843,0.8891216979397432
26028,LOF,0.16202696073790118,0.08659710875051045,0.7513759305115884
26029,LOF,0.07789074947352725,0.13755745872142572,0.784551791805047
26030,LOF,0.026238597999357755,0.05896848636037727,0.914792915640265
26031,LOF,0.033446965523434416,0.10625764001760468,0.860295394458961
26032,LOF,0.06896895046256708,0.05802325368534212,0.8730077958520909
26033,LOF,0.11733408302957,0.0669557788106263,0.8157101381598038
26034,LOF,0.049886603000602624,0.11480862038525923,0.8353047766141382
26035,LOF,0.033124422784963234,0.10024838155685817,0.8666271956581787
26036,LOF,0.04690253667341309,0.12042494482383759,0.8326725185027493
26037,LOF,0.026811260644562646,0.08664646483560615,0.8865422745198311
26038,LOF,0.06617930539794491,0.05685391440095647,0.8769667802010985
26039,LOF,0.07191149040764801,0.10856579940257068,0.8195227101897813
26040,LOF,0.212981084602132,0.09657843564947834,0.6904404797483896
26041,LOF,0.026930859114124864,0.08050185825134175,0.8925672826345333
26042,LOF,0.026545413082817694,0.0804022596152792,0.8930523273019031
26043,LOF,0.06408152755486238,0.07382751132979146,0.8620909611153462
26044,LOF,0.02210431498691434,0.0730403738779113,0.9048553111351744
26045,LOF,0.08529912117061117,0.07507352299660966,0.8396273558327791
26046,LOF,0.06839316637591873,0.07658828925395936,0.8550185443701218
26047,LOF,0.10027379028367754,0.0847206191356796,0.8150055905806429
26048,LOF,0.05049176600877385,0.059213475026077225,0.890294758965149
26049,Neutral,0.9504150605438184,0.00802786793014273,0.04155707152603871
26050,Neutral,0.9296464484818414,0.009269204615646282,0.06108434690251221
26051,LOF,0.05113701115669541,0.3076251417132683,0.6412378471300363
26052,LOF,0.08082465413267931,0.31880301147520534,0.6003723343921155
26053,LOF,0.05567667389096131,0.14645232363990862,0.79787100246913
26054,LOF,0.061820393058259974,0.037506804086713086,0.9006728028550269
26055,LOF,0.0762560000540859,0.02596733209353492,0.8977766678523791
26056,LOF,0.06636383654806617,0.030775888752017186,0.9028602746999166
26057,LOF,0.030164735997033745,0.01565740003185735,0.9541778639711089
26058,LOF,0.03057745816863285,0.013743386535931119,0.9556791552954359
26059,LOF,0.2710481398521625,0.04771863358919077,0.6812332265586467
26060,LOF,0.03236174166257985,0.2274208078915309,0.7402174504458892
26061,LOF,0.020205514682780566,0.016285315458567866,0.9635091698586516
26062,LOF,0.012407193602116296,0.02594968276408138,0.9616431236338023
26063,LOF,0.021250076166913434,0.017916287291037572,0.9608336365420489
26064,LOF,0.026907614396267415,0.024304459082925816,0.9487879265208067
26065,LOF,0.025504388001470542,0.018037458778026594,0.9564581532205028
26066,LOF,0.020814408225929986,0.016587232830923206,0.9625983589431468
26067,LOF,0.02504737677887646,0.011738464698362533,0.963214158522761
26068,LOF,0.04997330277469977,0.05690849267321649,0.8931182045520837
26069,LOF,0.2740109781727427,0.03458688347133643,0.6914021383559209
26070,LOF,0.39742409790627675,0.024713110092697346,0.5778627920010259
26071,LOF,0.02273034467632324,0.01688179102675495,0.9603878642969217
26072,LOF,0.027177691999069595,0.022386898789385712,0.9504354092115446
26073,LOF,0.02366812827643638,0.015912820639766987,0.9604190510837967
26074,Neutral,0.9091423654938771,0.007757918670895152,0.08309971583522788
26075,LOF,0.0441572732306726,0.02264912002379975,0.9331936067455276
26076,LOF,0.043335883886079875,0.01253285223747182,0.9441312638764482
26077,LOF,0.009930319326584799,0.02495095513224013,0.9651187255411751
26078,LOF,0.014829646957538092,0.01687210625588814,0.9682982467865737
26079,LOF,0.05585667150725075,0.028280907841089716,0.9158624206516596
26080,LOF,0.05439336456330735,0.028328809361551317,0.9172778260751413
26081,LOF,0.03431837984231337,0.010197091951838579,0.9554845282058482
26082,LOF,0.019445683300058855,0.024359609748846475,0.9561947069510948
26083,LOF,0.12669618452607306,0.020056952180451327,0.8532468632934757
26084,LOF,0.02686670220903429,0.019690262710836792,0.9534430350801288
26085,LOF,0.02219845221256338,0.018424335285116673,0.9593772125023199
26086,LOF,0.024841790991674214,0.015973796522579405,0.9591844124857464
26087,LOF,0.02466866750033735,0.010770046759647156,0.9645612857400155
26088,LOF,0.019922310045925675,0.029474664726647146,0.9506030252274271
26089,LOF,0.0464568375108675,0.039398191578652,0.9141449709104804
26090,LOF,0.04538525453550179,0.03134238353891759,0.9232723619255805
26091,LOF,0.03929752852762646,0.009323996124387864,0.9513784753479856
26092,LOF,0.026149395665971124,0.012332269486985651,0.9615183348470432
26093,LOF,0.03544407985704936,0.009082435557926524,0.955473484585024
26094,LOF,0.03957521786359833,0.009626496810644005,0.9507982853257577
26095,LOF,0.05798596354400986,0.022912127810265838,0.9191019086457243
26096,LOF,0.021030577938298566,0.01969586574561722,0.9592735563160842
26097,LOF,0.010636442387727856,0.05621468526269041,0.9331488723495818
26098,LOF,0.07670417060576089,0.021367016290913175,0.901928813103326
26099,LOF,0.02447599841222884,0.020355857864669064,0.955168143723102
26100,LOF,0.025664248106306495,0.019736594016492318,0.9545991578772012
26101,LOF,0.05436315875722668,0.019831135117288377,0.925805706125485
26102,LOF,0.024904446187879965,0.019923849669718694,0.9551717041424014
26103,Neutral,0.8857223359512486,0.032794449789645554,0.08148321425910582
26104,LOF,0.0671894829905598,0.05878997955724681,0.8740205374521934
26105,LOF,0.2259114978037755,0.2359833738333543,0.5381051283628702
26106,LOF,0.1823485956627963,0.14771268176454166,0.6699387225726621
26107,LOF,0.23570884650879545,0.09609755349919108,0.6681935999920136
26108,LOF,0.24477091985957863,0.13403767344257286,0.6211914066978484
26109,LOF,0.09645209751269937,0.13623381792886669,0.767314084558434
26110,LOF,0.2914761336763797,0.00746441643703259,0.7010594498865876
26111,LOF,0.4698577067634726,0.01970046946022035,0.5104418237763071
26112,LOF,0.0355487424602719,0.007860412387814621,0.9565908451519135
26113,LOF,0.05884973948054146,0.01587509111777952,0.9252751694016791
26114,LOF,0.02035331072514894,0.019578761557942047,0.9600679277169089
26115,LOF,0.07859622001489489,0.04216594198992281,0.8792378379951823
26116,LOF,0.05582147034835461,0.027122481793190545,0.9170560478584547
26117,LOF,0.3906305058658735,0.053193675064297785,0.5561758190698286
26118,LOF,0.03786859087654286,0.026820839459152434,0.9353105696643047
26119,LOF,0.02365275576217502,0.03486120210858669,0.9414860421292384
26120,LOF,0.029137543963054263,0.023340272789472514,0.9475221832474732
26121,LOF,0.05944047561592177,0.08612321323762487,0.8544363111464532
26122,LOF,0.05268918930024178,0.03745099761812372,0.9098598130816345
