feature0,prediction,LoGoFunc_Neutral,LoGoFunc_GOF,LoGoFunc_LOF
25546,Neutral,0.600347197281001,0.048491058594365,0.35116174412463375
25547,Neutral,0.4841725785720264,0.08261358083992386,0.43321384058804974
25548,Neutral,0.5062566934699271,0.07474267882692746,0.4190006277031456
25549,LOF,0.44593715043720766,0.07207780552670942,0.48198504403608283
25550,LOF,0.38091355879387834,0.0757915311583974,0.5432949100477242
25551,LOF,0.319754166031188,0.08207058925028185,0.5981752447185301
25552,LOF,0.29561069449295757,0.09008410122880137,0.6143052042782411
25553,Neutral,0.7762530040761778,0.04500082495003425,0.17874617097378795
25554,LOF,0.32221279189329977,0.07956310682032343,0.5982241012863768
25555,LOF,0.27958563740569414,0.08430171376884285,0.6361126488254629
25556,LOF,0.44897400728154613,0.07962404677995921,0.47140194593849455
25557,LOF,0.266850902411161,0.0828709489437152,0.6502781486451238
25558,LOF,0.3245034981910936,0.07531650811105277,0.6001799936978537
25559,LOF,0.20712854777754516,0.039902967922595484,0.7529684842998594
25560,LOF,0.10188096880768265,0.1716207793576692,0.7264982518346481
25561,LOF,0.10284204773191445,0.24835615613789488,0.6488017961301907
25562,LOF,0.04068374351384757,0.09821071575506743,0.8611055407310849
25563,LOF,0.0067976209440135755,0.19697677932414082,0.7962255997318456
25564,LOF,0.08076065884709217,0.11285772001484586,0.8063816211380621
25565,LOF,0.19068782259244782,0.13737253937741156,0.6719396380301407
25566,GOF,0.08851167468673277,0.7498958652887441,0.16159246002452327
25567,LOF,0.04482933049118705,0.17888210452917758,0.7762885649796354
25568,LOF,0.06262205223159303,0.10445622865471291,0.832921719113694
25569,LOF,0.06966946500080345,0.09656964604572844,0.8337608889534681
25570,LOF,0.027775089694703103,0.1619830559534093,0.8102418543518876
25571,LOF,0.027557213973653537,0.16517505340602626,0.8072677326203203
25572,LOF,0.05581784549477298,0.22218004679210904,0.722002107713118
25573,LOF,0.07079514644145782,0.14344996884795144,0.7857548847105906
25574,LOF,0.07540932186402288,0.2548426126674208,0.6697480654685563
25575,LOF,0.02714370909385574,0.169353590552302,0.8035027003538422
25576,LOF,0.026487762640108367,0.24718800077725278,0.7263242365826388
25577,LOF,0.03027651614227937,0.20601486823979,0.7637086156179307
25578,LOF,0.30311590390612425,0.10797934393647295,0.5889047521574028
25579,LOF,0.21697664945411857,0.1063231184665449,0.6767002320793365
25580,LOF,0.024721670505428124,0.10935786202998363,0.8659204674645883
25581,LOF,0.04834016348106345,0.10878931029413663,0.8428705262248
25582,LOF,0.04794918331848353,0.106743425903712,0.8453073907778046
25583,LOF,0.033890094947915596,0.11830026989647982,0.8478096351556045
25584,Neutral,0.701489003221485,0.13658723344959553,0.1619237633289196
25585,LOF,0.02400785446304279,0.20374788003252342,0.7722442655044338
25586,LOF,0.022695592356832914,0.13985702831420338,0.8374473793289637
25587,LOF,0.021555605705843462,0.13333112964686514,0.8451132646472913
25588,LOF,0.027137282602837192,0.10540290576568315,0.8674598116314797
25589,Neutral,0.5286866410343659,0.2524524241208278,0.21886093484480632
25590,LOF,0.05374857625380147,0.1677808393428186,0.7784705844033798
25591,LOF,0.10890075321955278,0.09315617837945402,0.7979430684009932
25592,LOF,0.07693973797911131,0.19675673980722858,0.7263035222136601
25593,LOF,0.10594717664497229,0.3441894163013753,0.5498634070536524
25594,LOF,0.04378802231887304,0.03639979128914461,0.9198121863919825
25595,LOF,0.04283948914333979,0.01956644616407124,0.9375940646925889
25596,LOF,0.11562446391065628,0.014448707617930597,0.8699268284714132
25597,LOF,0.08797564134316867,0.012951297954629286,0.899073060702202
25598,LOF,0.048539662299058824,0.022268775210844517,0.9291915624900966
25599,LOF,0.028260071397233195,0.39910129482715995,0.5726386337756069
25600,LOF,0.1577546149867675,0.4049110019164921,0.43733438309674033
25601,LOF,0.045000686276281995,0.29561296306005125,0.6593863506636668
25602,LOF,0.031121146538580058,0.07406042589459319,0.8948184275668267
25603,LOF,0.04836897323040351,0.06849469432149179,0.8831363324481047
25604,LOF,0.054955872248540094,0.12232508914975465,0.8227190386017053
25605,LOF,0.05192994279640825,0.20589144985589206,0.7421786073476997
25606,Neutral,0.40863587836484433,0.23969747009240253,0.351666651542753
25607,LOF,0.028344657072795175,0.2730117031443992,0.6986436397828056
25608,LOF,0.05201215759464369,0.08235889844581744,0.8656289439595389
25609,GOF,0.2130299162624626,0.48567864514248116,0.30129143859505625
25610,LOF,0.020035412419116952,0.07587171397099247,0.9040928736098907
25611,LOF,0.013955338402059926,0.0797688597698764,0.9062758018280637
25612,LOF,0.05518941457442928,0.08505239037669132,0.8597581950488795
25613,LOF,0.04869266032599375,0.08222959469641024,0.869077744977596
25614,LOF,0.023597942640620897,0.07416174386988492,0.9022403134894942
25615,LOF,0.04978268449999362,0.06583804950420281,0.8843792659958036
25616,LOF,0.06590180573967792,0.07952766666677495,0.8545705275935472
25617,LOF,0.05004098215480014,0.08760160376497197,0.8623574140802278
25618,LOF,0.0482245020085254,0.1345879466077538,0.8171875513837208
25619,LOF,0.014136088352622629,0.09675767345623922,0.8891062381911382
25620,LOF,0.05190649057845294,0.08366986432948526,0.8644236450920618
25621,LOF,0.07001743634465164,0.06868854641613786,0.8612940172392105
25622,LOF,0.08537715221263699,0.07865206070166722,0.8359707870856957
25623,LOF,0.06186899251127721,0.07577543429578228,0.8623555731929404
25624,LOF,0.0226640327352265,0.07619861924849781,0.9011373480162757
25625,LOF,0.06875708101846466,0.08176337706383419,0.8494795419177011
25626,LOF,0.05705407775027043,0.07779854183079064,0.8651473804189388
25627,Neutral,0.8840468867546143,0.02246340141915726,0.09348971182622846
25628,LOF,0.19664729905506384,0.06631943698763858,0.7370332639572976
25629,LOF,0.06721294099262205,0.06564759087994608,0.8671394681274319
25630,LOF,0.29515216684750634,0.07520473425976675,0.6296430988927268
25631,Neutral,0.5129027336030243,0.051565267226160436,0.43553199917081536
25632,LOF,0.029397953118111504,0.14983298611799425,0.8207690607638942
25633,LOF,0.2101670021825373,0.08060236219329829,0.7092306356241643
25634,LOF,0.0427068702089517,0.126358475216417,0.8309346545746313
25635,LOF,0.03503534596583845,0.06788307867401606,0.8970815753601454
25636,GOF,0.04110146711596017,0.5319925630557394,0.4269059698283004
25637,GOF,0.04639771171423918,0.5332716381606974,0.42033065012506343
25638,LOF,0.022196355323829707,0.46311667021897446,0.5146869744571958
25639,LOF,0.038627924177267826,0.4332243593868126,0.5281477164359195
25640,Neutral,0.8206694999606907,0.12567816336070775,0.05365233667860158
25641,LOF,0.13441891363222508,0.30310219810913436,0.5624788882586406
25642,LOF,0.11647241705006724,0.15784674738962107,0.7256808355603117
25643,LOF,0.33691273856546883,0.08509645003245941,0.5779908114020718
25644,GOF,0.009754997671219552,0.6370827983852408,0.3531622039435396
25645,GOF,0.013590708579552942,0.5912348376098291,0.395174453810618
25646,LOF,0.024178305990153772,0.4023977647305652,0.5734239292792811
25647,LOF,0.01005262825152075,0.3085461893622193,0.68140118238626
25648,LOF,0.01526999124086686,0.36098293409879983,0.6237470746603333
25649,LOF,0.008660890311032055,0.2811342935640393,0.7102048161249286
25650,GOF,0.03561286730633418,0.5813482393123683,0.38303889338129754
25651,LOF,0.012237235894866364,0.3575344319684073,0.6302283321367264
25652,LOF,0.01268952867880334,0.4067622998241071,0.5805481714970896
25653,GOF,0.04901067126152085,0.5794652324237114,0.3715240963147677
25654,LOF,0.01109359056202147,0.30060071677922134,0.6883056926587572
25655,GOF,0.14084323638250912,0.5963178104229419,0.26283895319454903
25656,LOF,0.24240532614006008,0.056281016751157334,0.7013136571087826
25657,LOF,0.0351786384849207,0.07057354031748475,0.8942478211975946
25658,LOF,0.29301819563288684,0.08599018181520307,0.62099162255191
25659,LOF,0.3794664551736963,0.08971756866742459,0.5308159761588791
25660,LOF,0.0220894302500447,0.10077129586441291,0.8771392738855424
25661,LOF,0.07309778855615703,0.06395497622026848,0.8629472352235744
25662,LOF,0.029455400809660776,0.037750137059689534,0.9327944621306498
25663,LOF,0.031765539339271114,0.035471525136139076,0.9327629355245898
25664,LOF,0.10311693653324161,0.06265010328423709,0.8342329601825214
25665,LOF,0.060749167849186415,0.03268523996528568,0.906565592185528
25666,LOF,0.07500812134157557,0.05156859342899747,0.8734232852294269
25667,LOF,0.06078425438773267,0.0437217844943964,0.8954939611178709
25668,LOF,0.030979336717337835,0.054247177069082685,0.9147734862135793
25669,LOF,0.0220418622024835,0.05049929026026518,0.9274588475372514
25670,LOF,0.11550732236686209,0.04580228778504307,0.8386903898480949
25671,LOF,0.09177272819684172,0.03839279561500467,0.8698344761881536
25672,LOF,0.05225500662136289,0.051028947899872286,0.8967160454787647
25673,LOF,0.08393735011911915,0.04464978078635899,0.871412869094522
25674,LOF,0.08021663892182714,0.0603647085711458,0.8594186525070271
25675,LOF,0.08005122854346738,0.06596074743250901,0.8539880240240236
25676,LOF,0.016379447625755182,0.06258098317295921,0.9210395692012856
25677,LOF,0.01666891097250735,0.08695031232733057,0.8963807767001621
25678,LOF,0.16152798346164882,0.10052038395670965,0.7379516325816414
25679,LOF,0.10872144685247007,0.10236443181448096,0.788914121333049
25680,LOF,0.027434442785316194,0.1294678668322179,0.843097690382466
25681,LOF,0.043377697894707044,0.1144882869609395,0.8421340151443535
25682,LOF,0.12077450862624503,0.07043256964119884,0.8087929217325561
25683,LOF,0.09322460398686788,0.08690465848751427,0.8198707375256179
25684,LOF,0.027096362901196786,0.06220273700010655,0.9107009000986966
25685,LOF,0.12500794281828,0.09378004351631662,0.7812120136654033
25686,LOF,0.07637879968367817,0.13224930322548642,0.7913718970908354
25687,LOF,0.13398217165116255,0.12416860238002676,0.7418492259688108
25688,LOF,0.45142958355418605,0.032258444828516246,0.5163119716172977
25689,LOF,0.2631926176872032,0.045660129012157206,0.6911472533006396
25690,LOF,0.3784358729740556,0.0292675822416604,0.592296544784284
25691,Neutral,0.734759360134978,0.02725247353550109,0.23798816632952097
25692,LOF,0.3612113509866846,0.00976877243841954,0.6290198765748959
25693,GOF,0.0415874679716064,0.4797318675725975,0.4786806644557962
25694,LOF,0.11122963195852575,0.016129234727423284,0.8726411333140509
25695,LOF,0.1116115852455689,0.008104484594943662,0.8802839301594874
25696,LOF,0.10486437565839689,0.008617832959313865,0.8865177913822893
25697,LOF,0.05319724306566384,0.05936104022012396,0.8874417167142121
25698,LOF,0.255464784718373,0.22722297129153837,0.5173122439900887
25699,LOF,0.4028650485581487,0.02637143695270002,0.5707635144891513
25700,LOF,0.06252539758503642,0.008065799897685426,0.9294088025172782
25701,LOF,0.23130698148546014,0.024418405430230977,0.7442746130843089
25702,GOF,0.1785924407625081,0.661191875073133,0.16021568416435886
25703,LOF,0.016478743500426885,0.16624965418702065,0.8172716023125526
25704,LOF,0.03514925467352265,0.1412264945625272,0.8236242507639502
25705,LOF,0.04326491432927191,0.07988126205651966,0.8768538236142085
25706,GOF,0.09831412111322561,0.5155413266654176,0.3861445522213568
25707,LOF,0.09941928482123238,0.40530273104882936,0.49527798412993834
25708,LOF,0.03225512213073251,0.39288074247993376,0.5748641353893337
25709,LOF,0.07183231792712286,0.03309729976773501,0.8950703823051422
25710,LOF,0.015729270941308916,0.14791392571748338,0.8363568033412077
25711,LOF,0.02017384466583845,0.07353239104249076,0.9062937642916707
25712,LOF,0.016624079298492602,0.2026265238470329,0.7807493968544744
25713,LOF,0.01917169031831705,0.06398799762770056,0.9168403120539823
25714,LOF,0.08247339756013226,0.04999360972852477,0.8675329927113429
25715,LOF,0.011667523817542774,0.10686969079273549,0.8814627853897218
25716,LOF,0.010747783000379506,0.11265307426469492,0.8765991427349256
25717,LOF,0.01748040438103676,0.06779673995784506,0.9147228556611182
25718,LOF,0.011567135051135095,0.043468302143908094,0.9449645628049569
25719,LOF,0.0218480053469221,0.05966429920254393,0.9184876954505339
25720,LOF,0.028165018035554417,0.04090524861460317,0.9309297333498424
25721,LOF,0.011699173615156669,0.058695085192977225,0.929605741191866
25722,LOF,0.013437870253741886,0.049864071032305106,0.936698058713953
25723,LOF,0.0253394215391438,0.03493378627411434,0.9397267921867418
25724,LOF,0.033241559336806,0.07000360464237,0.8967548360208241
25725,LOF,0.011255319719023434,0.05954655396391666,0.92919812631706
25726,LOF,0.01696509683246036,0.07763392142064776,0.9054009817468919
25727,LOF,0.013486734095972987,0.05000356411484653,0.9365097017891805
25728,LOF,0.010799872278646747,0.06446369542136919,0.924736432299984
25729,LOF,0.010738973408402123,0.06837278453791881,0.920888242053679
25730,LOF,0.01458001766198438,0.06582384085436897,0.9195961414836467
25731,LOF,0.017296406824309014,0.10340434690524898,0.879299246270442
25732,LOF,0.01387593356849034,0.04177854383217976,0.9443455225993299
25733,LOF,0.014354695526359231,0.05412426335260378,0.9315210411210368
25734,LOF,0.012080532003291403,0.12996119561134656,0.857958272385362
25735,LOF,0.011192551527364888,0.05386108808316463,0.9349463603894704
25736,LOF,0.012393771041498134,0.0584084213463177,0.9291978076121842
25737,LOF,0.012672648090567468,0.10240411402181959,0.884923237887613
25738,LOF,0.012329068989852225,0.09743567779079176,0.890235253219356
25739,LOF,0.02121418422534408,0.06302703484798004,0.9157587809266758
25740,LOF,0.030505596831491514,0.1068743173775601,0.8626200857909484
25741,LOF,0.015733305286939638,0.10048423421797284,0.8837824604950876
25742,LOF,0.12643239713114438,0.06669674926160309,0.8068708536072526
25743,LOF,0.04749589797978422,0.0600077934728637,0.8924963085473522
25744,Neutral,0.6336119173897042,0.23572607945430518,0.13066200315599066
25745,LOF,0.0611228299397456,0.09032843706721837,0.848548732993036
25746,LOF,0.04095435987715138,0.12248674617862208,0.8365588939442264
25747,LOF,0.018421651262545385,0.12733948100401793,0.8542388677334366
25748,LOF,0.09951348470740864,0.20523402330421844,0.6952524919883728
25749,LOF,0.02319571351019699,0.1019751182025749,0.874829168287228
25750,LOF,0.05964124451169207,0.12883543106252984,0.8115233244257781
25751,LOF,0.09765740629026727,0.1533393074808366,0.7490032862288962
25752,GOF,0.12302977634971188,0.6500817199430848,0.22688850370720332
25753,LOF,0.03835776627385011,0.34919835834160506,0.6124438753845447
25754,GOF,0.020125253592280918,0.7872941566102363,0.19258058979748274
25755,LOF,0.03379405833752527,0.3298499161102623,0.6363560255522124
25756,LOF,0.06297270733811546,0.4096641334219087,0.5273631592399758
25757,GOF,0.017082898986082076,0.8738841987652739,0.10903290224864405
25758,GOF,0.027158795551254607,0.803866034235358,0.16897517021338745
25759,GOF,0.013515182408333574,0.681199333694931,0.3052854838967354
25760,LOF,0.017424892946197656,0.39191489196111146,0.5906602150926908
25761,GOF,0.27271014113352277,0.6423152356576926,0.08497462320878468
25762,LOF,0.0493362892205846,0.34736256024886825,0.6033011505305471
25763,LOF,0.01587850421853085,0.2612114849199564,0.7229100108615127
25764,GOF,0.06000739220408762,0.7327248977963746,0.20726770999953784
25765,GOF,0.029863785657893306,0.7798684669574637,0.19026774738464292
25766,GOF,0.08225159870830188,0.7443648482718878,0.1733835530198104
25767,LOF,0.16868344171277075,0.3854185560916868,0.4458980021955425
25768,LOF,0.12447810640277004,0.03786157333584912,0.8376603202613809
25769,LOF,0.05397658080277736,0.05895751735565264,0.88706590184157
25770,LOF,0.41415770093232124,0.11808197544209974,0.46776032362557907
25771,LOF,0.06946506630608372,0.054274537213318506,0.8762603964805978
25772,LOF,0.01932642421150885,0.04812962102026011,0.932543954768231
25773,LOF,0.0718490970958296,0.05741042990129748,0.870740473002873
25774,LOF,0.028137125377612825,0.11896429999327016,0.8528985746291171
25775,LOF,0.08367451640493728,0.046759295150846536,0.8695661884442162
25776,LOF,0.07566203129503184,0.03186131280402001,0.892476655900948
25777,Neutral,0.5504565621885855,0.07484926385786485,0.3746941739535496
25778,LOF,0.06969829983565184,0.04798042704104516,0.882321273123303
25779,GOF,0.44119297779844346,0.5071273192554261,0.05167970294613043
25780,GOF,0.3534928832838347,0.5419594032096643,0.10454771350650092
25781,GOF,0.10651979640458015,0.7523363624169945,0.14114384117842535
25782,GOF,0.17504414064038254,0.7162137581457664,0.10874210121385092
25783,GOF,0.024185177671361836,0.6598617035261239,0.31595311880251414
25784,Neutral,0.5378636396282432,0.4048542448159408,0.05728211555581588
25785,Neutral,0.5283140979607533,0.4005699912233726,0.071115910815874
25786,GOF,0.027672396128732447,0.6935094913729486,0.278818112498319
25787,Neutral,0.6922180084741386,0.26700896754720327,0.04077302397865817
25788,LOF,0.06921692809918265,0.07493208381650218,0.8558509880843153
25789,GOF,0.21176500278207822,0.6122367815282069,0.1759982156897149
25790,GOF,0.24286332450411247,0.6206799843795898,0.13645669111629763
25791,GOF,0.12335068197745758,0.6441141822026559,0.23253513581988647
25792,GOF,0.34156828548309454,0.47939296825556754,0.1790387462613378
25793,GOF,0.2745398198091109,0.43686321442192494,0.2885969657689641
25794,GOF,0.33821446600946936,0.41674856397796195,0.2450369700125687
25795,GOF,0.05350933625662576,0.6404717681927407,0.30601889555063366
25796,Neutral,0.5487526740066956,0.3535293260285311,0.09771799996477327
25797,GOF,0.08113987054219894,0.5072377733407697,0.4116223561170314
25798,LOF,0.009743543519369546,0.49505905339480266,0.49519740308582777
25799,LOF,0.008005003040000114,0.43023185456205487,0.561763142397945
25800,GOF,0.03647623456924558,0.5815247180094979,0.3819990474212566
25801,GOF,0.26691453575903956,0.5849904992516652,0.1480949649892952
25802,GOF,0.07473616451400215,0.5690775926741256,0.35618624281187233
25803,GOF,0.042082018958168384,0.4875176102182178,0.47040037082361386
25804,LOF,0.036507910378178514,0.42506902090391,0.5384230687179115
25805,GOF,0.1029716069078824,0.5080715219725713,0.38895687111954624
25806,GOF,0.12832714107050866,0.5125968129290903,0.3590760460004011
25807,GOF,0.020100984003054528,0.5587239342089748,0.4211750817879706
25808,GOF,0.10123871589849354,0.4871712573529599,0.4115900267485466
25809,GOF,0.018356806754704188,0.555760749388392,0.42588244385690377
25810,GOF,0.01844590309588991,0.5390460983227682,0.442507998581342
25811,Neutral,0.5015964175146184,0.4257804133033785,0.07262316918200316
25812,GOF,0.03629077488601609,0.5621360983829272,0.4015731267310567
25813,Neutral,0.590818403957556,0.27735440001497946,0.13182719602746445
25814,GOF,0.13962579290826752,0.5670657750958131,0.2933084319959193
25815,GOF,0.2659265728501551,0.5018023151565225,0.23227111199332243
25816,GOF,0.02164374829758091,0.6632735357195614,0.31508271598285775
25817,GOF,0.19701869769152258,0.6600454649644755,0.14293583734400203
25818,GOF,0.03588941760348287,0.5295215139889423,0.43458906840757483
25819,GOF,0.3646554815961653,0.43978929927498295,0.1955552191288517
25820,GOF,0.1902171922215753,0.5509624921442572,0.2588203156341675
25821,GOF,0.060638040994733244,0.6157746989918984,0.3235872600133684
25822,GOF,0.26223152269475364,0.4524746489528515,0.28529382835239475
25823,LOF,0.035908702047355245,0.4331528985151189,0.5309383994375259
25824,GOF,0.07750115279798964,0.4763160958999865,0.44618275130202395
25825,GOF,0.028926833856623865,0.49093512503246745,0.48013804111090863
25826,LOF,0.009952144718773379,0.47376410923970086,0.5162837460415257
25827,GOF,0.01838567615777008,0.5339837960684471,0.44763052777378276
25828,LOF,0.012578090354779655,0.4470014305052054,0.5404204791400149
25829,GOF,0.007177062500996613,0.5258133736610321,0.46700956383797126
25830,LOF,0.04051373642636217,0.27415881880890197,0.685327444764736
25831,GOF,0.134777840934459,0.7074281750590007,0.15779398400654018
25832,GOF,0.030580938114730834,0.6189470100754025,0.3504720518098666
25833,GOF,0.103408518242153,0.6103873524233724,0.28620412933447464
25834,GOF,0.037147861181943985,0.6071178535703179,0.355734285247738
25835,GOF,0.10004066305691629,0.5456375805512848,0.354321756391799
25836,GOF,0.04637347991379198,0.5804484702377246,0.37317804984848335
25837,LOF,0.026628207773429346,0.48651603445104824,0.4868557577755223
25838,GOF,0.10101742385824776,0.6472009724118528,0.2517816037298994
25839,GOF,0.2937593266760005,0.4790425370286865,0.2271981362953129
25840,GOF,0.21250962844390006,0.5277113521970513,0.2597790193590486
25841,GOF,0.26543384853320673,0.5066812876708872,0.2278848637959061
25842,GOF,0.17593524839998498,0.5952810707021245,0.22878368089789045
25843,GOF,0.24173898642358432,0.5811319414358487,0.1771290721405671
25844,GOF,0.06398514642885515,0.5941501744171688,0.341864679153976
25845,LOF,0.014002957598096367,0.4673884284890598,0.5186086139128439
25846,GOF,0.08757960265001012,0.6822072005509087,0.23021319679908123
25847,GOF,0.12396710413975093,0.6871533359946354,0.1888795598656137
25848,GOF,0.03664371907747927,0.6021834045828839,0.3611728763396369
25849,GOF,0.011183908457473846,0.520231690131332,0.46858440141119423
25850,GOF,0.027125365053946245,0.544107106300015,0.4287675286460387
25851,LOF,0.02379185490701801,0.46773846351857,0.5084696815744119
25852,GOF,0.12692993195551136,0.5447965498450776,0.328273518199411
25853,GOF,0.3411169036969821,0.5487820829763136,0.11010101332670426
25854,GOF,0.018508789252333967,0.6410472495932433,0.34044396115442277
25855,GOF,0.04609846210646478,0.5760509804413327,0.3778505574522025
25856,GOF,0.2577081747349282,0.497270680937148,0.24502114432792366
25857,GOF,0.03812365680028295,0.5097477943718844,0.45212854882783265
25858,GOF,0.01962900366214176,0.5746902291084536,0.40568076722940466
25859,GOF,0.010370926769964792,0.5818383413461677,0.4077907318838674
25860,GOF,0.3398614633029145,0.5293178940324624,0.13082064266462323
25861,GOF,0.3647533869482611,0.5288832684855225,0.10636334456621643
25862,GOF,0.07484965263519672,0.7500702454525703,0.17508010191223294
25863,GOF,0.07805788598983002,0.7654597044895287,0.15648240952064124
25864,GOF,0.1575694830980903,0.7407652666589444,0.1016652502429653
25865,GOF,0.07014092806927966,0.7664558145007765,0.16340325742994374
25866,GOF,0.059671768097259194,0.791698949874742,0.14862928202799883
25867,GOF,0.07660893199967157,0.7799560420993539,0.1434350259009744
25868,GOF,0.23063808781136125,0.6155568336237327,0.15380507856490605
25869,Neutral,0.6691193247397123,0.27300402034289667,0.05787665491739096
25870,LOF,0.27926968164193383,0.23100874819143444,0.48972157016663176
25871,GOF,0.25059662317500225,0.5811930922842857,0.16821028454071194
25872,GOF,0.09325127740306381,0.5853123096562348,0.32143641294070147
25873,GOF,0.16693589103733794,0.5607940031002467,0.2722701058624154
25874,LOF,0.024795234860672543,0.08079308660723868,0.8944116785320889
25875,LOF,0.07309189431816708,0.07482217856044303,0.8520859271213899
25876,LOF,0.027030819441535212,0.07837755889349855,0.8945916216649662
25877,Neutral,0.522120499912725,0.06084466548953508,0.41703483459774
25878,LOF,0.2505314665556283,0.11863818138083564,0.6308303520635361
25879,LOF,0.1285952522460596,0.13830325440312505,0.7331014933508152
25880,LOF,0.022897798859868895,0.03087272244382364,0.9462294786963076
25881,LOF,0.20070584039196357,0.22132520721317903,0.5779689523948573
25882,LOF,0.07685028084173649,0.021269675446575334,0.9018800437116882
25883,LOF,0.08206471779273548,0.04541317344882208,0.8725221087584424
25884,LOF,0.043281412161186146,0.05059176307381781,0.906126824764996
25885,LOF,0.05581820560114435,0.026139260983908282,0.9180425334149473
25886,LOF,0.33831092330793894,0.11387811563206196,0.547810961059999
25887,LOF,0.17457950544469397,0.16978790924412068,0.6556325853111854
25888,LOF,0.06979519507446934,0.11523344551303683,0.8149713594124939
25889,LOF,0.03830611119302475,0.05459743951534523,0.9070964492916301
25890,LOF,0.0631551577102965,0.14207654201363132,0.7947683002760721
25891,LOF,0.06433278561227114,0.055548431634545446,0.8801187827531834
25892,LOF,0.09938010972659903,0.027436780121464492,0.8731831101519365
25893,LOF,0.2909628830819427,0.016867832649754045,0.6921692842683033
25894,LOF,0.17388106371555287,0.008268196881751927,0.8178507394026951
25895,LOF,0.2106797397860924,0.019682795413360543,0.769637464800547
25896,LOF,0.04522839833960307,0.02191671913346604,0.9328548825269309
25897,LOF,0.2304332077008596,0.016151486495165845,0.7534153058039746
25898,Neutral,0.7478197685148528,0.011586078157925384,0.24059415332722192
25899,LOF,0.2631243066220914,0.04800105287863033,0.6888746404992783
25900,Neutral,0.5861167243022732,0.015418030448510443,0.3984652452492164
25901,LOF,0.05534735114815601,0.0130829525161613,0.9315696963356827
25902,LOF,0.1741508419442117,0.011547779573270916,0.8143013784825174
25903,Neutral,0.5842173526869145,0.03088605512554044,0.38489659218754513
25904,LOF,0.2549399991211757,0.04271206252457932,0.7023479383542449
25905,LOF,0.034060643332089434,0.280700980008955,0.6852383766589556
25906,LOF,0.026378600727133127,0.06099275556840381,0.912628643704463
25907,LOF,0.015131858085460201,0.3216553489131311,0.6632127930014087
25908,LOF,0.014376155563266416,0.22174856722752673,0.7638752772092069
25909,LOF,0.01626887307192734,0.13013453623771878,0.853596590690354
25910,LOF,0.04352111890163271,0.21722024709710414,0.7392586340012631
25911,LOF,0.0754747961230464,0.04536793865943617,0.8791572652175174
25912,LOF,0.03867476559118422,0.09456620878206665,0.8667590256267491
25913,LOF,0.26330042472883214,0.03852881329030205,0.6981707619808658
25914,LOF,0.025844230923222446,0.10610808367233508,0.8680476854044425
25915,Neutral,0.42651236513374585,0.19960711874685946,0.3738805161193947
25916,LOF,0.05706956340985397,0.25805738062410155,0.6848730559660444
25917,LOF,0.05752163275208057,0.04901197737206112,0.8934663898758582
25918,LOF,0.035744022428853287,0.06282820498081548,0.9014277725903311
25919,LOF,0.030611429759650685,0.0626481165675334,0.9067404536728159
25920,GOF,0.11454970428460749,0.5626604612589301,0.3227898344564624
25921,LOF,0.03755609979839541,0.03144038392857079,0.9310035162730337
25922,LOF,0.053442647501992895,0.01906739905016384,0.9274899534478434
25923,LOF,0.3986862209658196,0.017476143530605424,0.5838376355035749
25924,LOF,0.04181763055760929,0.022707147841170738,0.9354752216012199
25925,LOF,0.08275037158740338,0.031799411156618565,0.8854502172559782
25926,LOF,0.06246143417965668,0.018385908627313034,0.9191526571930302
25927,LOF,0.07573800035458444,0.041915927732096826,0.8823460719133186
25928,LOF,0.02776502201989877,0.021327625760882173,0.950907352219219
25929,Neutral,0.5353831003185425,0.020103271027767693,0.44451362865368976
25930,LOF,0.07071392946650248,0.014507856936439018,0.9147782135970585
25931,LOF,0.034844647903130195,0.017374453816641353,0.9477808982802284
25932,LOF,0.03211182954923277,0.014492302212864898,0.9533958682379022
25933,LOF,0.040635570938644026,0.009226028192558843,0.9501384008687972
25934,LOF,0.027540433593568392,0.011944233098784375,0.9605153333076473
25935,LOF,0.08759652944675424,0.02829851223718396,0.8841049583160618
25936,LOF,0.0496003600055755,0.015515512627649112,0.9348841273667754
25937,LOF,0.03747692470126861,0.021090885205252857,0.9414321900934786
25938,LOF,0.08009397511974939,0.03479442869190847,0.8851115961883422
25939,LOF,0.047818719751985365,0.009414965182623856,0.9427663150653909
25940,LOF,0.02521425289642579,0.4147282181142545,0.5600575289893198
25941,LOF,0.13473535696466546,0.1091357248029201,0.7561289182324143
25942,LOF,0.012636375335629273,0.05042581839848015,0.9369378062658905
25943,LOF,0.3192033374601934,0.11154553341176288,0.5692511291280438
25944,Neutral,0.48069367925781886,0.07006722966119021,0.4492390910809909
25945,LOF,0.06466023554512748,0.03761189189489596,0.8977278725599765
25946,LOF,0.034385226986162455,0.13002600170971615,0.8355887713041213
25947,LOF,0.14250616937656596,0.13132678925138586,0.7261670413720482
25948,LOF,0.37626588451001497,0.01586594957397937,0.6078681659160057
25949,LOF,0.098832757048265,0.05442444477415193,0.846742798177583
25950,GOF,0.1927871580317108,0.41708741039839503,0.3901254315698941
25951,LOF,0.2353087136467381,0.1810835968147872,0.5836076895384747
25952,LOF,0.055600234794536296,0.3896464620779133,0.5547533031275503
25953,LOF,0.12175323707003077,0.09924978943799116,0.778996973491978
25954,LOF,0.3111348042749454,0.23631633898948565,0.45254885673556894
25955,LOF,0.06335959921414316,0.07824097438435162,0.8583994264015051
25956,LOF,0.20953815160625533,0.06913473267317365,0.7213271157205711
25957,LOF,0.049573092348306334,0.02439501753111634,0.9260318901205773
25958,LOF,0.05591180443002948,0.032997225821937586,0.9110909697480329
25959,LOF,0.07734113116877059,0.4098906419607367,0.5127682268704927
25960,LOF,0.023372186546579753,0.061064546591105294,0.9155632668623148
25961,LOF,0.04724184402695016,0.04294528911468546,0.9098128668583645
25962,LOF,0.07449273705821265,0.036318971561713334,0.8891882913800739
25963,LOF,0.06728925671788914,0.18755164359290882,0.745159099689202
25964,LOF,0.0402374176566542,0.15362067163971915,0.8061419107036266
25965,Neutral,0.46608447263122754,0.08312592555661666,0.45078960181215594
25966,LOF,0.328377685958748,0.2590686760931786,0.4125536379480734
25967,LOF,0.015916790726508926,0.10053747622940419,0.8835457330440868
25968,LOF,0.04510759481152599,0.37625076891663495,0.5786416362718391
25969,LOF,0.027361593317028917,0.05677808161972306,0.915860325063248
25970,LOF,0.06771018745272146,0.06547675329252378,0.8668130592547547
25971,LOF,0.0893589665959084,0.035935274471525294,0.8747057589325663
25972,LOF,0.08474401556225915,0.040355826831204256,0.8749001576065366
25973,LOF,0.0948075765004561,0.008498908998003206,0.8966935145015407
25974,LOF,0.30535798000087205,0.017477365881290684,0.6771646541178373
25975,LOF,0.05402948804160235,0.02932957453222767,0.9166409374261699
25976,LOF,0.03716844401946271,0.022245480404536888,0.9405860755760004
25977,LOF,0.13507654334623534,0.12927000759569127,0.7356534490580734
25978,LOF,0.12761059675656594,0.13306155855408536,0.7393278446893488
25979,LOF,0.12690898350093585,0.1167054183284924,0.7563855981705717
25980,LOF,0.15014920760824715,0.21860239243707685,0.631248399954676
25981,LOF,0.18521586752959354,0.21076138820585327,0.6040227442645532
25982,LOF,0.38224193379491417,0.1280663470223653,0.4896917191827206
25983,LOF,0.36686967355855227,0.12962071764732172,0.503509608794126
25984,LOF,0.05468401753104024,0.11203048823655587,0.833285494232404
25985,LOF,0.019202462331715922,0.34886850785976214,0.631929029808522
25986,LOF,0.024039272075535054,0.3357281010709643,0.6402326268535007
25987,LOF,0.07991589503317725,0.13146199394365676,0.788622111023166
25988,LOF,0.11184853543185383,0.09338709388517724,0.7947643706829689
25989,LOF,0.024032402125883572,0.16332313503378257,0.8126444628403339
25990,LOF,0.03273558715376208,0.15253884447055896,0.814725568375679
25991,LOF,0.17398126936194208,0.3949104340221672,0.4311082966158907
25992,LOF,0.33123106601342955,0.2785569760200981,0.39021195796647234
25993,LOF,0.027024275994929212,0.08291686693683487,0.8900588570682361
25994,LOF,0.01773562575144435,0.10413324668666342,0.8781311275618922
25995,LOF,0.030699382420194436,0.12711316639024853,0.8421874511895571
25996,GOF,0.20402632148947508,0.5177955044791339,0.27817817403139083
25997,GOF,0.07630358496008133,0.4951624086273988,0.42853400641251993
25998,Neutral,0.6367294322315832,0.028492772719044875,0.33477779504937205
25999,LOF,0.14608214882975734,0.12252117198256078,0.7313966791876819
26000,LOF,0.10013927631871676,0.030167642971412077,0.8696930807098712
26001,LOF,0.1896064155740075,0.03353076811858462,0.7768628163074079
26002,LOF,0.13998389124607752,0.03570197556737012,0.8243141331865523
26003,GOF,0.010053217947760741,0.6944301208779402,0.29551666117429914
26004,GOF,0.022163283545550815,0.7098496050325596,0.2679871114218897
26005,GOF,0.012120912093951525,0.5795644894087594,0.4083145984972891
26006,Neutral,0.5234798282279909,0.29749479188650185,0.17902537988550746
26007,GOF,0.0199438143300464,0.6393354570674181,0.34072072860253555
26008,GOF,0.021953798749990715,0.6009692165724839,0.3770769846775254
26009,GOF,0.031450528267828994,0.6655969902738952,0.3029524814582758
26010,GOF,0.0227184538327707,0.7403583657121097,0.23692318045511965
26011,GOF,0.01051058385001197,0.5625463787569929,0.4269430373929951
26012,GOF,0.01720298747794402,0.6266303689836673,0.3561666435383885
26013,GOF,0.014361545384026364,0.7200174781252974,0.2656209764906763
26014,LOF,0.041716561797573194,0.17906080322522705,0.7792226349771999
26015,LOF,0.15428737903416503,0.010525054419117255,0.8351875665467177
26016,LOF,0.2686030685040844,0.05027887137456133,0.6811180601213542
26017,LOF,0.18705889922993882,0.11152572028835338,0.7014153804817078
26018,LOF,0.08689993076415131,0.03838948095669672,0.8747105882791519
26019,LOF,0.08688135836832844,0.02676176976373539,0.8863568718679361
26020,LOF,0.0627831031677331,0.10594120072211474,0.8312756961101522
26021,LOF,0.05818728120263328,0.14975848240556794,0.7920542363917987
26022,LOF,0.01010629203617327,0.0629002563286442,0.9269934516351825
26023,LOF,0.10919658353623726,0.023146231164327628,0.8676571852994351
26024,LOF,0.02858049291328153,0.11587021059924157,0.8555492964874769
26025,LOF,0.1519650361846084,0.084662804093211,0.7633721597221805
26026,LOF,0.32869551842790456,0.014505390005320952,0.6567990915667745
26027,LOF,0.08282107259874373,0.017232707470189762,0.8999462199310666
26028,LOF,0.17901737837793855,0.10418834383525183,0.7167942777868097
26029,LOF,0.11933338069843387,0.14626519797985119,0.7344014213217149
26030,LOF,0.035262371157922835,0.0631104153307543,0.9016272135113229
26031,LOF,0.04619931780251865,0.13360488196834028,0.8201958002291411
26032,LOF,0.08411825324713683,0.053446993422228396,0.8624347533306348
26033,LOF,0.14448914632872145,0.057246568220860196,0.7982642854504183
26034,LOF,0.07105655026396036,0.12564635098183283,0.8032970987542069
26035,LOF,0.048509354298782816,0.109091061478825,0.8423995842223921
26036,LOF,0.07366498795507756,0.1308880755390613,0.7954469365058611
26037,LOF,0.037695794195859084,0.10436680249302303,0.8579374033111179
26038,LOF,0.07829703227477307,0.04738079831469141,0.8743221694105356
26039,LOF,0.09533088613831842,0.11424396090092123,0.7904251529607603
26040,LOF,0.24176803073448136,0.08138104100637134,0.6768509282591473
26041,LOF,0.038607661136165386,0.096390435461739,0.8650019034020957
26042,LOF,0.03800665511067584,0.09704117921364035,0.8649521656756839
26043,LOF,0.07660752799888058,0.06191132618614754,0.8614811458149719
26044,LOF,0.03580681032295771,0.06892850823539826,0.895264681441644
26045,LOF,0.11488865114077104,0.08463433738042003,0.8004770114788089
26046,LOF,0.08133102214593729,0.06527337975925415,0.8533955980948085
26047,LOF,0.11586736485381177,0.07494028171462956,0.8091923534315587
26048,LOF,0.060074996647145246,0.05082079510941379,0.889104208243441
26049,Neutral,0.9487222821305809,0.010526652070042466,0.040751065799376665
26050,Neutral,0.9328422580692372,0.011876323993324927,0.055281417937437974
26051,LOF,0.06217792622533597,0.42943705174950814,0.5083850220251559
26052,GOF,0.05725922640060706,0.5089691775804667,0.43377159601892623
26053,LOF,0.055724077389998364,0.30331580649694373,0.640960116113058
26054,LOF,0.05780255796161029,0.056116505605836135,0.8860809364325536
26055,LOF,0.07458732196239305,0.047778649059624846,0.8776340289779822
26056,LOF,0.06390271923486712,0.05566434489744846,0.8804329358676845
26057,LOF,0.03335261593757414,0.02194420668317185,0.944703177379254
26058,LOF,0.03342074586572229,0.019958465025216306,0.9466207891090613
26059,LOF,0.3646276286677515,0.0695169478682584,0.5658554234639901
26060,LOF,0.024511883323543125,0.33905868546915857,0.6364294312072984
26061,LOF,0.01696519058226192,0.029124481187776025,0.953910328229962
26062,LOF,0.012612365508593022,0.039652234510817716,0.9477353999805892
26063,LOF,0.023424296115403854,0.019948443895478552,0.9566272599891176
26064,LOF,0.023431018100763444,0.02749650958220859,0.9490724723170281
26065,LOF,0.02699833854951274,0.02382055159169935,0.9491811098587879
26066,LOF,0.020109039191516576,0.024917208350888835,0.9549737524575945
26067,LOF,0.024108944309051496,0.018778322037962262,0.9571127336529863
26068,LOF,0.05490177415001529,0.05861900558698845,0.8864792202629963
26069,LOF,0.4369340548019482,0.04113144338073895,0.5219345018173129
26070,Neutral,0.6576359954247052,0.021611289980700225,0.3207527145945946
26071,LOF,0.023882595456126168,0.025956565029390675,0.9501608395144833
26072,LOF,0.026964484091998402,0.04273024896961563,0.930305266938386
26073,LOF,0.02562376834075745,0.020841644136363666,0.9535345875228788
26074,Neutral,0.8798854574433008,0.009273635211353567,0.11084090734534553
26075,LOF,0.04372084745267477,0.03253551131712906,0.9237436412301961
26076,LOF,0.04488991175574775,0.01771051190924463,0.9373995763350077
26077,LOF,0.009996036197225718,0.04611558990334295,0.9438883738994313
26078,LOF,0.013575475648069534,0.03009022082962579,0.9563343035223046
26079,LOF,0.05750223168833237,0.03323427937327675,0.9092634889383908
26080,LOF,0.05750223168833237,0.03323427937327675,0.9092634889383908
26081,LOF,0.03492787533262966,0.013741360105939258,0.951330764561431
26082,LOF,0.02153714416706465,0.03898355792111933,0.9394792979118161
26083,LOF,0.14412812998252483,0.02345418649758986,0.8324176835198853
26084,LOF,0.027877117855587535,0.03049828147432914,0.9416246006700834
26085,LOF,0.02409753668378339,0.02764395611021758,0.9482585072059991
26086,LOF,0.022983017873273587,0.025414626521892185,0.9516023556048343
26087,LOF,0.02460036672645769,0.018542538907926957,0.9568570943656153
26088,LOF,0.024255279872895563,0.04372418741740373,0.9320205327097008
26089,LOF,0.04766704033816648,0.042365715532693554,0.9099672441291399
26090,LOF,0.04552672809952252,0.03393874449752206,0.9205345274029555
26091,LOF,0.03781478233459765,0.012894703071703728,0.9492905145936986
26092,LOF,0.0297794932070682,0.017274380225686094,0.9529461265672456
26093,LOF,0.03927354548915687,0.013716769031713243,0.94700968547913
26094,LOF,0.04554848914902053,0.011732645389717942,0.9427188654612616
26095,LOF,0.03766171326806784,0.030893747412048356,0.9314445393198838
26096,LOF,0.019090137320652765,0.02717752787012065,0.9537323348092266
26097,LOF,0.010961228268052427,0.09171698479749757,0.89732178693445
26098,LOF,0.06506027453907695,0.032710174868294604,0.9022295505926284
26099,LOF,0.024804616589694586,0.03195251126661426,0.9432428721436912
26100,LOF,0.02579028210313671,0.030390757179642125,0.9438189607172212
26101,LOF,0.05924602216684389,0.026318392364978026,0.914435585468178
26102,LOF,0.027146724934467834,0.024579576952285166,0.948273698113247
26103,Neutral,0.8804457897599605,0.03956643188029857,0.07998777835974102
26104,LOF,0.05702417775302817,0.06782805512630206,0.8751477671206698
26105,LOF,0.24995199904566698,0.25012574141478333,0.4999222595395497
26106,LOF,0.154389400723067,0.1414916030856007,0.7041189961913323
26107,LOF,0.21139968340089169,0.13036737879779278,0.6582329378013156
26108,LOF,0.21291088581944181,0.16685312579703274,0.6202359883835254
26109,LOF,0.05365232144558868,0.16944130891363293,0.7769063696407783
26110,LOF,0.2452113134289441,0.013834188976095691,0.7409544975949603
26111,Neutral,0.5014197851519648,0.024935267831916734,0.4736449470161184
26112,LOF,0.038705008509682545,0.015801486994355303,0.9454935044959621
26113,LOF,0.05581349925655148,0.028730686975453418,0.9154558137679951
26114,LOF,0.02187344777536362,0.026324454096235433,0.9518020981284009
26115,LOF,0.09712182031266721,0.041241984525810106,0.8616361951615228
26116,LOF,0.052980148317094224,0.055394218453160095,0.8916256332297456
26117,LOF,0.3108023436608568,0.08169141628982914,0.607506240049314
26118,LOF,0.04122132330734227,0.04698768743272993,0.9117909892599279
26119,LOF,0.02158537978545751,0.07139150546033377,0.9070231147542087
26120,LOF,0.028025364495018985,0.035116557677236586,0.9368580778277444
26121,LOF,0.05677208472809197,0.11378832891047662,0.8294395863614314
26122,LOF,0.06779048560690729,0.05944146553471836,0.8727680488583743
