feature0,prediction,LoGoFunc_Neutral,LoGoFunc_GOF,LoGoFunc_LOF
25546,Neutral,0.6307767117862866,0.05775635922878352,0.31146692898492995
25547,Neutral,0.4909539003192219,0.09216762519017968,0.41687847449059834
25548,Neutral,0.5032876418245453,0.07855638173187368,0.41815597644358093
25549,LOF,0.4388547353623371,0.07954450402997752,0.48160076060768536
25550,LOF,0.33537290840300904,0.10845370780362565,0.5561733837933653
25551,LOF,0.2979166159845447,0.11575414541187809,0.5863292386035771
25552,LOF,0.26448768779353615,0.11749672134933946,0.6180155908571245
25553,Neutral,0.8074696794217999,0.04206859490859175,0.1504617256696084
25554,LOF,0.29696676593982313,0.10716813881847141,0.5958650952417054
25555,LOF,0.2538507711852507,0.10069932116101303,0.6454499076537363
25556,LOF,0.4417686174978734,0.08758926341021037,0.4706421190919161
25557,LOF,0.2427190774985033,0.10498972420430558,0.6522911982971912
25558,LOF,0.3058945371550207,0.10426666521110009,0.5898387976338793
25559,LOF,0.2970832764114989,0.1226338152327392,0.5802829083557619
25560,LOF,0.17976097681413333,0.10149385785709629,0.7187451653287705
25561,LOF,0.15743296517395927,0.12260568471778967,0.7199613501082511
25562,LOF,0.08058565971090563,0.08080101717464672,0.8386133231144476
25563,LOF,0.024581319822629753,0.1344851416888177,0.8409335384885527
25564,LOF,0.20879719225856247,0.108339197927155,0.6828636098142825
25565,LOF,0.20153769830424081,0.1539010602524237,0.6445612414433355
25566,GOF,0.09023973069751778,0.7192859452438923,0.19047432405858977
25567,LOF,0.040648039829815914,0.1404201663679076,0.8189317938022764
25568,LOF,0.06279349698035203,0.07162889574925509,0.8655776072703929
25569,LOF,0.06089996772116639,0.07516725219247729,0.8639327800863563
25570,LOF,0.028636920466386988,0.09676478301506,0.874598296518553
25571,LOF,0.027844048070379313,0.10495030668358606,0.8672056452460346
25572,LOF,0.06638164744007331,0.12176450652871838,0.8118538460312084
25573,LOF,0.056826449571000366,0.0886679375203432,0.8545056129086563
25574,LOF,0.06201557002176248,0.19959161693840327,0.7383928130398342
25575,LOF,0.023103137991911625,0.1210376111432346,0.8558592508648537
25576,LOF,0.034304819520345475,0.14873202761624582,0.8169631528634088
25577,LOF,0.03447661880268686,0.12370182877531646,0.8418215524219966
25578,LOF,0.31155695709096287,0.08600875729834863,0.6024342856106885
25579,LOF,0.13370636296634286,0.09192156690644145,0.7743720701272157
25580,LOF,0.020439989849010968,0.08496815559281026,0.8945918545581788
25581,LOF,0.05998852015128815,0.06766294345137076,0.8723485363973411
25582,LOF,0.059690333862256174,0.06643750937188536,0.8738721567658585
25583,LOF,0.023420631141252087,0.08296487672264136,0.8936144921361066
25584,Neutral,0.6648804172493948,0.11339148238039325,0.22172810037021198
25585,LOF,0.029551028638948054,0.14605581526543476,0.8243931560956171
25586,LOF,0.017751919392811993,0.07443708054255543,0.9078110000646326
25587,LOF,0.01712200868256347,0.06644998228972629,0.9164280090277103
25588,LOF,0.02081316063732222,0.0734189579395754,0.9057678814231025
25589,Neutral,0.5108264344614044,0.20759590622666468,0.28157765931193096
25590,LOF,0.04660571949839439,0.11468872494754856,0.838705555554057
25591,LOF,0.09893059553444286,0.056489873027517526,0.8445795314380397
25592,LOF,0.05570924789153839,0.136591529537382,0.8076992225710795
25593,LOF,0.15379256811741784,0.24961984577712668,0.5965875861054556
25594,LOF,0.052910729190166664,0.10447297156920332,0.84261629924063
25595,LOF,0.055262569948301435,0.07771092665110735,0.8670265034005911
25596,LOF,0.10993121302659986,0.045208571552930794,0.8448602154204693
25597,LOF,0.08739087118004851,0.055985486686287333,0.8566236421336643
25598,LOF,0.05471641853033659,0.07933014729793537,0.865953434171728
25599,GOF,0.02169324899842926,0.4967087786136775,0.4815979723878933
25600,GOF,0.16860331572017961,0.4832525054049739,0.3481441788748465
25601,LOF,0.04066671398426692,0.4265628687598836,0.5327704172558496
25602,LOF,0.03183589422301983,0.06039503747646073,0.9077690683005193
25603,LOF,0.032750999906126,0.036885430454192805,0.9303635696396813
25604,LOF,0.03254679987644923,0.07640111094518762,0.8910520891783632
25605,LOF,0.03698458312969857,0.1840657393725579,0.7789496774977436
25606,LOF,0.3985070165654227,0.10838454776037795,0.49310843567419954
25607,LOF,0.023122877333011837,0.17534690011283321,0.801530222554155
25608,LOF,0.03163107101444962,0.07927148581454206,0.8890974431710084
25609,GOF,0.14420736203151013,0.5143291503155059,0.34146348765298407
25610,LOF,0.016293523495348926,0.03152526728878235,0.9521812092158688
25611,LOF,0.013366925305686764,0.03598726548687995,0.9506458092074334
25612,LOF,0.05081534711878969,0.04628269711026161,0.9029019557709487
25613,LOF,0.04724055133713699,0.04699858697767183,0.9057608616851911
25614,LOF,0.02153531086298884,0.029428408025015167,0.949036281111996
25615,LOF,0.03948532037933151,0.04623388117811198,0.9142807984425565
25616,LOF,0.0527442635409332,0.03271068886241706,0.9145450475966498
25617,LOF,0.04318395033348723,0.045231672091321756,0.911584377575191
25618,LOF,0.04728673792388533,0.0392815319969602,0.9134317300791545
25619,LOF,0.012577289882281227,0.03760685135154507,0.9498158587661736
25620,LOF,0.0627561170451523,0.04816269061721456,0.889081192337633
25621,LOF,0.05227562762355424,0.04066427405138488,0.907060098325061
25622,LOF,0.062453114177050864,0.03740748310880125,0.9001394027141479
25623,LOF,0.07396587600853402,0.02798291941962754,0.8980512045718385
25624,LOF,0.01884725260413763,0.03651129611676084,0.9446414512791015
25625,LOF,0.06136340559181839,0.04424469431834639,0.8943919000898352
25626,LOF,0.04799648912663935,0.04530280922679658,0.906700701646564
25627,Neutral,0.8911649396121788,0.02045521874524308,0.08837984164257817
25628,LOF,0.14510935720566762,0.057396308733612345,0.79749433406072
25629,LOF,0.06432263680351068,0.0502223306999106,0.8854550324965786
25630,LOF,0.2961379428506317,0.07691721794001186,0.6269448392093565
25631,Neutral,0.5709154625698258,0.06764808423829813,0.3614364531918761
25632,LOF,0.027905254941091383,0.06328823747995503,0.9088065075789536
25633,LOF,0.16668800310428206,0.040098979038344154,0.7932130178573737
25634,LOF,0.032705090372677645,0.08399055215486774,0.8833043574724546
25635,LOF,0.03685164797519729,0.04271040514466156,0.9204379468801412
25636,LOF,0.03318335972267487,0.4299170721302786,0.5368995681470465
25637,LOF,0.0765757682021211,0.43965545328237526,0.4837687785155035
25638,LOF,0.0287183512671375,0.3385916183194991,0.6326900304133634
25639,LOF,0.02747169992100848,0.3440786264129559,0.6284496736660357
25640,Neutral,0.8189168069458725,0.1382689618767943,0.0428142311773332
25641,LOF,0.066055214176104,0.4517165093045962,0.48222827651929995
25642,LOF,0.04101504061730794,0.16051314161934715,0.7984718177633449
25643,LOF,0.18384032296611275,0.12754125092401034,0.6886184261098769
25644,LOF,0.020791043756669486,0.429188111083224,0.5500208451601064
25645,LOF,0.0239121083109826,0.3614956862157376,0.6145922054732798
25646,LOF,0.05425456857844642,0.2885877028068019,0.6571577286147516
25647,LOF,0.02327694510808744,0.23371705326999878,0.7430060016219138
25648,LOF,0.03558653483557185,0.21581732576717727,0.7485961393972509
25649,LOF,0.017503425901407254,0.20872742281578288,0.7737691512828099
25650,LOF,0.053038296718055024,0.379636146773314,0.567325556508631
25651,LOF,0.01721229947048235,0.24736686564847488,0.7354208348810427
25652,LOF,0.0342721436016001,0.22550208354952125,0.7402257728488787
25653,LOF,0.08936903981788903,0.38247234648817185,0.5281586136939391
25654,LOF,0.02564085834503807,0.20534304562339992,0.769016096031562
25655,LOF,0.21198363272571624,0.35706192428097877,0.4309544429933049
25656,LOF,0.36843049772340203,0.05264653416816036,0.5789229681084376
25657,LOF,0.071946942633395,0.05298903846976044,0.8750640188968446
25658,LOF,0.3472526145288486,0.06392686013684058,0.5888205253343108
25659,Neutral,0.5275337680921071,0.09484713826578194,0.3776190936421111
25660,LOF,0.021238816802175646,0.0794894723073151,0.8992717108905094
25661,LOF,0.0929659515445534,0.0595226284000274,0.8475114200554194
25662,LOF,0.035673995599993395,0.033336182695808736,0.9309898217041978
25663,LOF,0.04633055631185352,0.04544359900756298,0.9082258446805834
25664,LOF,0.14342324112035285,0.0639795307887171,0.7925972280909299
25665,LOF,0.05252308340721873,0.030546346463234213,0.916930570129547
25666,LOF,0.0934951858380631,0.07129050797431219,0.8352143061876246
25667,LOF,0.07171972763352703,0.03807703455389409,0.8902032378125788
25668,LOF,0.03780245583876277,0.047820164793449006,0.9143773793677882
25669,LOF,0.03253818524844953,0.0498797801571578,0.9175820345943927
25670,LOF,0.14835149160384073,0.054521046568327944,0.7971274618278312
25671,LOF,0.11416676687451825,0.03402085273905824,0.8518123803864236
25672,LOF,0.05211178064489498,0.04217316538640903,0.9057150539686961
25673,LOF,0.07567794570519482,0.04999188283103447,0.8743301714637706
25674,LOF,0.06478365740733513,0.05726401537125221,0.8779523272214126
25675,LOF,0.11965975171171361,0.05693723163096267,0.8234030166573237
25676,LOF,0.018752539436468315,0.053415111058901704,0.9278323495046299
25677,LOF,0.025739134907564826,0.06965339905566927,0.9046074660367659
25678,LOF,0.18223843670107856,0.06350926475448725,0.7542522985444342
25679,LOF,0.11736023261928319,0.08380637104462105,0.7988333963360957
25680,LOF,0.033512786106043316,0.12175482882182301,0.8447323850721336
25681,LOF,0.05384715251264095,0.11470067672291161,0.8314521707644476
25682,LOF,0.1450577234909427,0.07951190653832507,0.7754303699707322
25683,LOF,0.11339950173717696,0.09260713779778157,0.7939933604650414
25684,LOF,0.043741583328537524,0.07133134526674283,0.8849270714047196
25685,LOF,0.1205180948644469,0.05495898831190064,0.8245229168236525
25686,LOF,0.07572121777851303,0.08567378737493654,0.8386049948465504
25687,LOF,0.11964453394246029,0.09033705843494978,0.7900184076225899
25688,LOF,0.32792408270051926,0.033036373528930685,0.63903954377055
25689,LOF,0.24919402285402062,0.03494876009018859,0.7158572170557908
25690,LOF,0.32104644495897594,0.027722411578051814,0.6512311434629723
25691,Neutral,0.6863834703951224,0.022920055798958196,0.2906964738059195
25692,LOF,0.3563605594253842,0.01074919004272185,0.632890250531894
25693,LOF,0.05355893152759749,0.43936865180276435,0.5070724166696382
25694,LOF,0.11419872194741654,0.014600102560322918,0.8712011754922606
25695,LOF,0.1090759141627234,0.014432444516393002,0.8764916413208836
25696,LOF,0.1449767159975289,0.007789548265532482,0.8472337357369386
25697,LOF,0.09036830503214385,0.028205626258748843,0.8814260687091072
25698,LOF,0.34878608984733983,0.20295971067196186,0.4482541994806984
25699,LOF,0.4208958426156434,0.03649736873050069,0.542606788653856
25700,LOF,0.07346197509850175,0.008523013383721523,0.9180150115177766
25701,LOF,0.1360948289057666,0.056414085668597576,0.8074910854256359
25702,GOF,0.1808568436011986,0.5562546454340613,0.26288851096474014
25703,LOF,0.017689237434400446,0.1560210032702336,0.8262897592953659
25704,LOF,0.043784716190983876,0.11196769931258488,0.8442475844964311
25705,LOF,0.052972273047647504,0.1495123799544026,0.7975153469979498
25706,LOF,0.08655477985564793,0.4266788335366677,0.4867663866076844
25707,LOF,0.08512055284887513,0.339389104932563,0.5754903422185619
25708,LOF,0.029086775037362622,0.27825488673621407,0.6926583382264233
25709,LOF,0.06775097955767236,0.0420716366502306,0.8901773837920971
25710,LOF,0.012056882586267826,0.15235320083917783,0.8355899165745543
25711,LOF,0.018847249233450644,0.09805229172698703,0.8831004590395624
25712,LOF,0.013980459806072,0.188564839464296,0.7974547007296319
25713,LOF,0.018723150481719568,0.08453836540137835,0.8967384841169022
25714,LOF,0.0775764515645217,0.07998381460742167,0.8424397338280567
25715,LOF,0.011408030064538159,0.14154927255395897,0.8470426973815028
25716,LOF,0.01556816405293923,0.10779000138855682,0.8766418345585039
25717,LOF,0.012605763484872438,0.07802177091255688,0.9093724656025707
25718,LOF,0.01239285452794656,0.09368949414897788,0.8939176513230755
25719,LOF,0.019027993801882855,0.08228028034973288,0.8986917258483843
25720,LOF,0.023732785647254707,0.06471994186065867,0.9115472724920866
25721,LOF,0.015395009123444525,0.11312828811438846,0.871476702762167
25722,LOF,0.014964801305120295,0.11915893365374142,0.8658762650411382
25723,LOF,0.022907619494057355,0.04067228654306889,0.9364200939628736
25724,LOF,0.03369641187049036,0.09459991959036322,0.8717036685391465
25725,LOF,0.01180446534633249,0.07202571452720308,0.9161698201264644
25726,LOF,0.015935882709826314,0.09952949222550753,0.8845346250646663
25727,LOF,0.012922073475281298,0.07580332167608127,0.9112746048486373
25728,LOF,0.010116858833105606,0.11905540253302205,0.8708277386338724
25729,LOF,0.010670424377290965,0.11314867624353395,0.8761808993791751
25730,LOF,0.014137984202658537,0.08434620145393366,0.9015158143434078
25731,LOF,0.020496544050392886,0.1176593451657846,0.8618441107838224
25732,LOF,0.015349578088459558,0.07794589673841186,0.9067045251731287
25733,LOF,0.016187070243752318,0.07061342778077884,0.913199501975469
25734,LOF,0.012434176585930526,0.11591367193398087,0.8716521514800886
25735,LOF,0.013982256919583646,0.08354227510079396,0.9024754679796223
25736,LOF,0.01462847734328542,0.09687065063626436,0.8885008720204501
25737,LOF,0.012377563504951115,0.08204127208827455,0.9055811644067744
25738,LOF,0.01249350375147467,0.10719347329522771,0.8803130229532977
25739,LOF,0.020946099643922023,0.08010852098248847,0.8989453793735894
25740,LOF,0.02679817809163779,0.11571276755208065,0.8574890543562816
25741,LOF,0.014444878362861263,0.11669514013380741,0.8688599815033314
25742,LOF,0.12538467689325078,0.08650904435878101,0.7881062787479682
25743,LOF,0.03398143781724541,0.034064280841729695,0.9319542813410249
25744,Neutral,0.5693163243882798,0.19170251568950814,0.23898115992221203
25745,LOF,0.07926335677480885,0.0681503129962438,0.8525863302289473
25746,LOF,0.0415767782924107,0.08186537895518603,0.8765578427524032
25747,LOF,0.023165075528621615,0.046535273694841416,0.9302996507765369
25748,LOF,0.09510913616089894,0.06772847340015431,0.8371623904389468
25749,LOF,0.024793663925836984,0.08263368426769958,0.8925726518064634
25750,LOF,0.08238990470178545,0.07849802258575254,0.839112072712462
25751,LOF,0.09804333349093336,0.07224421327023586,0.8297124532388308
25752,GOF,0.11549828217648288,0.6481536141286052,0.2363481036949119
25753,LOF,0.01864001994625941,0.25411533622789395,0.7272446438258466
25754,GOF,0.011931824953834097,0.7720377523801417,0.21603042266602432
25755,LOF,0.02198366751298725,0.3860945015988543,0.5919218308881584
25756,LOF,0.043633301643603455,0.3497401220364288,0.6066265763199677
25757,GOF,0.01493145352474402,0.836146504452463,0.1489220420227931
25758,GOF,0.029251029415522503,0.8155355159434083,0.1552134546410692
25759,GOF,0.011329837049338118,0.5568263850691259,0.43184377788153605
25760,LOF,0.013079261903395943,0.251696995801668,0.735223742294936
25761,GOF,0.2667727752608474,0.6469942879710354,0.08623293676811723
25762,LOF,0.03585880861943745,0.2575607888405154,0.7065804025400472
25763,LOF,0.014278766707444024,0.19220901971966087,0.7935122135728951
25764,GOF,0.07621068544492426,0.6356676376206647,0.2881216769344111
25765,GOF,0.03716714947763013,0.7268242145959426,0.23600863592642726
25766,GOF,0.06687197388376119,0.7551389738753066,0.17798905224093237
25767,GOF,0.16298878047219112,0.5778589087702889,0.25915231075751993
25768,LOF,0.10874825451388377,0.07567007796237796,0.8155816675237383
25769,LOF,0.06194583887057664,0.0581937478163497,0.8798604133130737
25770,LOF,0.3117059138307026,0.0958892856316448,0.5924048005376525
25771,LOF,0.04181284769283865,0.04691143112643913,0.9112757211807223
25772,LOF,0.01876767206482596,0.036947091615556114,0.944285236319618
25773,LOF,0.046123455145434165,0.10570223630754583,0.84817430854702
25774,LOF,0.027358810934427505,0.07178082606357927,0.9008603630019932
25775,LOF,0.04953037746795072,0.04955608316333484,0.9009135393687145
25776,LOF,0.08177958638290117,0.023274965305742395,0.8949454483113565
25777,LOF,0.3744450467160732,0.05495086936281774,0.5706040839211091
25778,LOF,0.0782370208596515,0.042924199396451715,0.8788387797438969
25779,GOF,0.36810675589523284,0.5868928180550248,0.04500042604974233
25780,GOF,0.29899970605307613,0.6286553635911427,0.07234493035578113
25781,GOF,0.13796974872010445,0.7543080317596045,0.10772221952029089
25782,GOF,0.2055426103995934,0.722969982004271,0.07148740759613562
25783,GOF,0.024090194341432707,0.6060957375756709,0.3698140680828963
25784,Neutral,0.5031750736885378,0.46115043663170824,0.03567448967975402
25785,GOF,0.4526336029605728,0.5092586398456322,0.03810775719379505
25786,GOF,0.02681331152082405,0.7305514983661818,0.24263519011299411
25787,Neutral,0.6399960955172574,0.3344708794625848,0.02553302502015771
25788,LOF,0.05502209936348572,0.11055579030708555,0.8344221103294288
25789,GOF,0.2323636684831137,0.6513339515395875,0.11630237997729888
25790,GOF,0.22470685763621456,0.6682630856505398,0.10703005671324553
25791,GOF,0.1870820669824904,0.6761630856279363,0.13675484738957336
25792,GOF,0.37987630947971623,0.5217805124539593,0.0983431780663244
25793,GOF,0.23249388333732868,0.5698071478427738,0.19769896881989765
25794,GOF,0.30203612811738195,0.5372812926740166,0.1606825792086015
25795,GOF,0.08133337136642523,0.6546801768788254,0.2639864517547494
25796,Neutral,0.5692388079603174,0.3569591692497571,0.07380202278992552
25797,GOF,0.09049740149067229,0.5521835931312686,0.357319005378059
25798,GOF,0.00949011097200231,0.5029424277527518,0.4875674612752459
25799,LOF,0.007470371942137809,0.37693293854659476,0.6155966895112674
25800,GOF,0.03745434400214094,0.5865590162931144,0.37598663970474466
25801,GOF,0.2155271403439166,0.6469814159495071,0.13749144370657632
25802,GOF,0.08197891573102274,0.6777668975772405,0.24025418669173676
25803,GOF,0.03517947469474714,0.5823568895000788,0.38246363580517406
25804,GOF,0.031850587357844254,0.4878823378068853,0.48026707483527037
25805,GOF,0.09955221996785138,0.5763734680550803,0.32407431197706826
25806,GOF,0.09547352178263184,0.5999484612055644,0.3045780170118038
25807,GOF,0.018772195549092884,0.6203887385396007,0.3608390659113063
25808,GOF,0.08626318170337552,0.6455465833777513,0.26819023491887317
25809,GOF,0.01944318748404353,0.5776839137801958,0.4028728987357607
25810,GOF,0.01803221035055931,0.6218309086128174,0.3601368810366234
25811,GOF,0.4482162460678544,0.47706165317165233,0.07472210076049315
25812,GOF,0.03052936849733151,0.6254276464221862,0.34404298508048226
25813,Neutral,0.5017409743599928,0.39953378640988796,0.09872523923011922
25814,GOF,0.13332180175558972,0.6331511118822022,0.23352708636220815
25815,GOF,0.193130042268649,0.6397783744955621,0.1670915832357888
25816,GOF,0.020535125717834706,0.6982926454392222,0.2811722288429431
25817,GOF,0.24775463958671717,0.6292866792839861,0.12295868112929685
25818,GOF,0.05305772845688607,0.6359007466930076,0.31104152485010644
25819,GOF,0.3745159742830171,0.49786442579810447,0.12761959991887858
25820,GOF,0.1894159615501591,0.5979407160842546,0.21264332236558633
25821,GOF,0.05696849898022334,0.6563081807719748,0.2867233202478018
25822,GOF,0.2154045089514001,0.5780682464024692,0.20652724464613062
25823,GOF,0.03747074734963841,0.5216154308232125,0.4409138218271491
25824,GOF,0.08610480383564888,0.6043083091475969,0.3095868870167543
25825,GOF,0.03691741629942742,0.5910677500802218,0.3720148336203507
25826,GOF,0.015319714685205916,0.5709419107576116,0.41373837455718243
25827,GOF,0.023867229540508426,0.6097621958586288,0.36637057460086286
25828,GOF,0.014254712443746664,0.5308553811831039,0.4548899063731494
25829,GOF,0.006378993139440502,0.570259588995536,0.42336141786502357
25830,LOF,0.030620248599209615,0.306796493743466,0.6625832576573243
25831,GOF,0.24827054175137875,0.6249738456563887,0.12675561259223256
25832,GOF,0.0324530329123328,0.6873605521266474,0.28018641496101976
25833,GOF,0.12395165204833651,0.718322029436211,0.15772631851545232
25834,GOF,0.035012894840846735,0.6962708946877314,0.26871621047142175
25835,GOF,0.08280006761136333,0.7646232330174698,0.152576699371167
25836,GOF,0.040607972473682405,0.6992645335629443,0.2601274939633733
25837,GOF,0.028992474522045914,0.5735488539548732,0.39745867152308095
25838,GOF,0.10122278148568195,0.7712103323386204,0.1275668861756977
25839,GOF,0.3244039922492159,0.5535541595911663,0.12204184815961776
25840,GOF,0.26098655799471215,0.607063211953009,0.13195023005227885
25841,GOF,0.24362769283366054,0.6328656083718049,0.12350669879453452
25842,GOF,0.1953148384067445,0.6911877415762108,0.11349742001704483
25843,GOF,0.27439483691991745,0.6452713825389479,0.08033378054113473
25844,GOF,0.07276941418846504,0.7185835739148285,0.20864701189670629
25845,LOF,0.01652623462845735,0.4720032940423561,0.5114704713291865
25846,GOF,0.13217051480955963,0.7172582848640338,0.15057120032640664
25847,GOF,0.11730612925759498,0.7842411038885946,0.09845276685381048
25848,GOF,0.038844548277702486,0.7071894729819519,0.2539659787403456
25849,GOF,0.011683435766271783,0.5984066728522155,0.3899098913815127
25850,GOF,0.021866647085897317,0.6563602089713452,0.3217731439427575
25851,GOF,0.018808403805230457,0.527649706959025,0.45354188923574457
25852,GOF,0.1667922261842595,0.5466078921579632,0.2865998816577773
25853,GOF,0.348749786921993,0.5822093901154659,0.06904082296254108
25854,GOF,0.022357472472778032,0.6270529793757411,0.35058954815148086
25855,GOF,0.04133208012477811,0.5345796095850437,0.42408831029017824
25856,GOF,0.24208840379557175,0.5500218799781518,0.2078897162262765
25857,GOF,0.041272775722850714,0.4883208270921184,0.470406397185031
25858,GOF,0.019405731155541398,0.529400866089412,0.4511934027550466
25859,LOF,0.009755738708297363,0.49174137983083266,0.49850288146087
25860,GOF,0.3859125819707786,0.5342727847798149,0.0798146332494066
25861,GOF,0.44206073349366415,0.49180197949426396,0.06613728701207186
25862,GOF,0.09492921666495654,0.7697133467311068,0.13535743660393662
25863,GOF,0.08989301046284154,0.7757496908119398,0.1343572987252187
25864,GOF,0.22808656493016802,0.7050263699016315,0.06688706516820048
25865,GOF,0.09363565080028066,0.8011196359780449,0.10524471322167438
25866,GOF,0.06593893641365238,0.7784976198115977,0.15556344377474995
25867,GOF,0.09491299168232445,0.8106717006242768,0.09441530769339876
25868,GOF,0.2458922659492142,0.6620226851893017,0.09208504886148408
25869,Neutral,0.7148182185864986,0.24706061137342172,0.03812117004007976
25870,LOF,0.2579069427934542,0.37029800199666885,0.3717950552098769
25871,GOF,0.24724934104844723,0.6185701358692829,0.13418052308227
25872,GOF,0.08509167336574895,0.6586163286159319,0.2562919980183192
25873,GOF,0.1344197324435369,0.6859420570894351,0.17963821046702802
25874,LOF,0.01676660605844767,0.1244064456668463,0.8588269482747061
25875,LOF,0.09950012625570928,0.041933313809539394,0.8585665599347513
25876,LOF,0.03318417241416662,0.030233650794613123,0.9365821767912204
25877,Neutral,0.5021352754152826,0.049301274263002744,0.4485634503217147
25878,LOF,0.21401387140989656,0.09427921755681938,0.6917069110332841
25879,LOF,0.09407413942984157,0.0909066962651945,0.815019164304964
25880,LOF,0.02490172206746524,0.014832542161610292,0.9602657357709244
25881,LOF,0.16905767557508902,0.13748408043442048,0.6934582439904905
25882,LOF,0.06317572522545305,0.01743747443990853,0.9193868003346384
25883,LOF,0.0752095395177949,0.01994391010761199,0.9048465503745932
25884,LOF,0.03146953882178619,0.030866294438224282,0.9376641667399895
25885,LOF,0.058731430204806596,0.011420852025414006,0.9298477177697795
25886,LOF,0.2531322135540675,0.037567743751712984,0.7093000426942194
25887,LOF,0.1618948868064348,0.07246203933371513,0.76564307385985
25888,LOF,0.07616728592161993,0.06565566721904255,0.8581770468593376
25889,LOF,0.04070912061453998,0.021136981032838783,0.9381538983526212
25890,LOF,0.04785735934446513,0.15013259665315357,0.8020100440023813
25891,LOF,0.037305516571874156,0.05245652968868582,0.9102379537394399
25892,LOF,0.09090910809589581,0.023562367378558022,0.8855285245255462
25893,LOF,0.24984194328010503,0.023164984283063607,0.7269930724368314
25894,LOF,0.18195441734499831,0.011893257156074756,0.8061523254989268
25895,LOF,0.20947511061647503,0.022945943291918677,0.7675789460916063
25896,LOF,0.05033324818648341,0.02240344713486116,0.9272633046786555
25897,LOF,0.2676349127738894,0.012938845887640828,0.7194262413384699
25898,Neutral,0.7257967004235929,0.010412427123727011,0.26379087245268
25899,LOF,0.21402176433029266,0.022376233804574503,0.7636020018651328
25900,LOF,0.4800869255468013,0.015762493745353618,0.504150580707845
25901,LOF,0.04798058840560826,0.013241579222010632,0.9387778323723812
25902,LOF,0.15910438562297524,0.014370671203886855,0.8265249431731378
25903,Neutral,0.5837221094434418,0.030992072994312753,0.3852858175622455
25904,LOF,0.2915254956609278,0.04926370430866578,0.6592108000304063
25905,LOF,0.027831780241305913,0.32269086413703235,0.6494773556216619
25906,LOF,0.03077735309355672,0.07789212830424376,0.8913305186021995
25907,LOF,0.015165352949646453,0.34562190635159423,0.6392127406987593
25908,LOF,0.011138930045022347,0.256477460622706,0.7323836093322718
25909,LOF,0.012866337659475717,0.13902742578842725,0.848106236552097
25910,LOF,0.04657847514747085,0.1554636747414494,0.7979578501110798
25911,LOF,0.19053946520058915,0.017930880879353798,0.7915296539200571
25912,LOF,0.04956502008264086,0.041305911891847645,0.9091290680255115
25913,LOF,0.3147314988361631,0.017893690255642282,0.6673748109081946
25914,LOF,0.01968842598756927,0.06296025965718233,0.9173513143552484
25915,Neutral,0.5779100111729747,0.17526921548095886,0.24682077334606647
25916,LOF,0.08009069233971657,0.24343665504733808,0.6764726526129452
25917,LOF,0.06159310643988577,0.050230447062273705,0.8881764464978407
25918,LOF,0.022979123610053435,0.04137714063054079,0.9356437357594057
25919,LOF,0.020446570751279293,0.04730758540568449,0.9322458438430362
25920,GOF,0.1044950320054378,0.5715712130334075,0.32393375496115473
25921,LOF,0.023292823306421646,0.031080324612464214,0.9456268520811141
25922,LOF,0.03134678128160534,0.023197627323786076,0.9454555913946084
25923,LOF,0.43849486933313625,0.026882090673308285,0.5346230399935554
25924,LOF,0.03613122221264301,0.035534703562996116,0.9283340742243609
25925,LOF,0.0698409152030812,0.03109559028562793,0.8990634945112909
25926,LOF,0.04861863454691439,0.02589910679020096,0.9254822586628846
25927,LOF,0.056615762175471485,0.1024729355776941,0.8409113022468344
25928,LOF,0.01804332693276054,0.03826233350169443,0.9436943395655449
25929,Neutral,0.5490683451432011,0.029211618724908517,0.42172003613189035
25930,LOF,0.049519905583672356,0.025316439524577558,0.9251636548917501
25931,LOF,0.023445118572946136,0.023377560206485966,0.953177321220568
25932,LOF,0.026237248272152548,0.02003248714612499,0.9537302645817224
25933,LOF,0.03575280625336982,0.014925376680763838,0.9493218170658663
25934,LOF,0.024422812436889454,0.01801140328192137,0.9575657842811892
25935,LOF,0.06053884446047111,0.03816925170141855,0.9012919038381103
25936,LOF,0.045054480508138726,0.018840633587642455,0.9361048859042188
25937,LOF,0.024688147505760438,0.02759561201325878,0.9477162404809807
25938,LOF,0.06316269198638984,0.0397693077558595,0.8970680002577506
25939,LOF,0.040758645410559645,0.016176231514836988,0.9430651230746033
25940,LOF,0.024087333186760096,0.42149416398312023,0.5544185028301196
25941,LOF,0.1676779228054572,0.11393732742720013,0.7183847497673426
25942,LOF,0.013961575545528486,0.031236223887526136,0.9548022005669454
25943,LOF,0.29928371130693576,0.06288163835362201,0.6378346503394422
25944,Neutral,0.4933556663972272,0.026120054724315406,0.4805242788784574
25945,LOF,0.05936957096243944,0.023334957270535507,0.9172954717670251
25946,LOF,0.03199131094274299,0.10250332226993199,0.8655053667873251
25947,LOF,0.09923511933395956,0.23911423977105348,0.6616506408949869
25948,LOF,0.4341660659862836,0.007471914848305903,0.5583620191654105
25949,LOF,0.11394896178410376,0.027580407382752636,0.8584706308331437
25950,GOF,0.3162114825552748,0.34839994303757804,0.33538857440714714
25951,LOF,0.20961884195566774,0.21284093050079048,0.5775402275435417
25952,LOF,0.0466634702238284,0.4396165197015938,0.5137200100745778
25953,LOF,0.14928641396396153,0.09396185789833443,0.756751728137704
25954,Neutral,0.44886515467005367,0.14944110764646085,0.40169373768348554
25955,LOF,0.05371547346404911,0.07858402427345383,0.867700502262497
25956,LOF,0.16122019190801104,0.10482622987404716,0.7339535782179418
25957,LOF,0.0374343188886317,0.028488907439573864,0.9340767736717944
25958,LOF,0.06046514616561861,0.029373626562321658,0.9101612272720598
25959,LOF,0.06893543536441572,0.35437391666357165,0.5766906479720126
25960,LOF,0.016917432292219675,0.051649126859939616,0.9314334408478409
25961,LOF,0.05009483731505406,0.03159822125702162,0.9183069414279245
25962,LOF,0.06022887713311729,0.027442205754801875,0.9123289171120809
25963,LOF,0.04498264457218939,0.1968441051089873,0.7581732503188234
25964,LOF,0.036715547703802164,0.1511997609313556,0.8120846913648423
25965,LOF,0.4394191201975761,0.07986973811451463,0.4807111416879094
25966,Neutral,0.5284427276783831,0.1771472302942266,0.2944100420273904
25967,LOF,0.01723893665015352,0.11774324703279966,0.8650178163170469
25968,LOF,0.028786526110018168,0.4361736830362434,0.5350397908537384
25969,LOF,0.02519624265419157,0.06727539453069648,0.907528362815112
25970,LOF,0.057735486422529875,0.06017935508456185,0.8820851584929084
25971,LOF,0.06821761270817589,0.01889536071304402,0.9128870265787801
25972,LOF,0.0724143662492949,0.024634026052440656,0.9029516076982644
25973,LOF,0.06674358077671316,0.009103582500509255,0.9241528367227776
25974,LOF,0.2164687201068047,0.01645905931118912,0.7670722205820062
25975,LOF,0.04287537598335397,0.02713875142401037,0.9299858725926355
25976,LOF,0.04163644966653114,0.015365548088919162,0.9429980022445498
25977,LOF,0.14754952046294623,0.08750690924751572,0.764943570289538
25978,LOF,0.13370026475583674,0.05790021774430587,0.8083995174998574
25979,LOF,0.125841212712981,0.06318140821205237,0.8109773790749667
25980,LOF,0.19000911199867668,0.08165724969570182,0.7283336383056216
25981,LOF,0.21785638441655877,0.0797911521430407,0.7023524634404006
25982,LOF,0.3990472860106287,0.046968024517797934,0.5539846894715733
25983,LOF,0.37150674322046306,0.056346247032258115,0.5721470097472787
25984,LOF,0.05023326463511353,0.04514229880996872,0.9046244365549179
25985,LOF,0.03464839459158748,0.2715884919499128,0.6937631134584996
25986,LOF,0.04207554203526539,0.30353200346223114,0.6543924545025036
25987,LOF,0.0787587372237255,0.06378902398183281,0.8574522387944417
25988,LOF,0.14660693935107147,0.04914471617336907,0.8042483444755595
25989,LOF,0.028242455318782774,0.09448779322441583,0.8772697514568015
25990,LOF,0.03965008037738651,0.11405483626887682,0.8462950833537367
25991,LOF,0.11934956290633211,0.31280028363524315,0.5678501534584247
25992,LOF,0.28370811896842735,0.17792212785232828,0.5383697531792444
25993,LOF,0.023410130225281232,0.07107453431281546,0.9055153354619033
25994,LOF,0.017530104159040764,0.10312537930407523,0.8793445165368841
25995,LOF,0.026034398640089672,0.23147104336354923,0.7424945579963611
25996,GOF,0.2808465907997429,0.4611548804318968,0.25799852876836027
25997,LOF,0.08404026659491358,0.44995095549150066,0.4660087779135857
25998,Neutral,0.5374282178584975,0.025786881314155696,0.4367849008273469
25999,LOF,0.10557820147910772,0.09124286838286222,0.8031789301380301
26000,LOF,0.15312836574431488,0.04286472866126368,0.8040069055944215
26001,LOF,0.1967705670600309,0.04788988238929902,0.75533955055067
26002,LOF,0.14175562716532097,0.04608304096969615,0.8121613318649828
26003,GOF,0.00977182343206033,0.5867112047183974,0.4035169718495422
26004,GOF,0.0181543278054439,0.6685277931148411,0.313317879079715
26005,LOF,0.007293070351226466,0.46682420675887865,0.5258827228898949
26006,Neutral,0.5163026675791669,0.2552627241559714,0.22843460826486175
26007,GOF,0.019213551044939537,0.517196877571727,0.4635895713833333
26008,GOF,0.014061345724611674,0.6189739786499795,0.36696467562540885
26009,GOF,0.01946507023139171,0.6885767655417495,0.2919581642268589
26010,GOF,0.020279153779610426,0.6535131796226654,0.32620766659772416
26011,LOF,0.006061258536693585,0.4450459416872803,0.5488927997760261
26012,GOF,0.01162365101639433,0.566457099905689,0.42191924907791656
26013,GOF,0.016022272671191395,0.6397360814001453,0.34424164592866335
26014,LOF,0.04395224506660073,0.11428570571824027,0.841762049215159
26015,LOF,0.20230422533843934,0.010236110236765272,0.7874596644247954
26016,LOF,0.2162436293692386,0.055679815478547556,0.7280765551522138
26017,LOF,0.2526193723232003,0.09366194952481773,0.653718678151982
26018,LOF,0.08668385619249427,0.02843799915557357,0.8848781446519322
26019,LOF,0.08130675801840413,0.02254122876443344,0.8961520132171625
26020,LOF,0.08012656586913143,0.10401918583022532,0.8158542483006433
26021,LOF,0.04995947282158563,0.11846998593989726,0.8315705412385171
26022,LOF,0.011602105700141334,0.036073365870543876,0.9523245284293148
26023,LOF,0.10027471599721516,0.02020174710201839,0.8795235369007663
26024,LOF,0.03406062122135081,0.11977858255826349,0.8461607962203858
26025,LOF,0.16074937665344607,0.08751463158385368,0.7517359917627001
26026,LOF,0.33452960743888055,0.030071446889968868,0.6353989456711505
26027,LOF,0.07657205582222111,0.015543003649157025,0.9078849405286219
26028,LOF,0.16571699108963975,0.059563981047554886,0.7747190278628053
26029,LOF,0.07955854863384647,0.21290422735008013,0.7075372240160733
26030,LOF,0.02465101708976933,0.06192658559234968,0.9134223973178809
26031,LOF,0.02796951618996449,0.15168656087642557,0.82034392293361
26032,LOF,0.06176196693371631,0.07321886094661141,0.8650191721196722
26033,LOF,0.10554801232724492,0.0899565695630746,0.8044954181096805
26034,LOF,0.045224014200041275,0.18070465625283255,0.7740713295471261
26035,LOF,0.02796434370050417,0.16518253161178148,0.8068531246877143
26036,LOF,0.03958186162011163,0.1931311728439645,0.7672869655359239
26037,LOF,0.023350503638965184,0.14479134841663283,0.831858147944402
26038,LOF,0.05819505252524716,0.0753294053207235,0.8664755421540293
26039,LOF,0.053665606788244564,0.17430159209586818,0.7720328011158872
26040,LOF,0.17959723500715277,0.15004815442984587,0.6703546105630014
26041,LOF,0.023064783762291756,0.1332022763259504,0.8437329399117579
26042,LOF,0.02144890093044738,0.1278648189636484,0.8506862801059043
26043,LOF,0.05806462702695664,0.08666746070116983,0.8552679122718736
26044,LOF,0.02007932782315135,0.07594758520148215,0.9039730869753665
26045,LOF,0.07022869063995134,0.11729050708761558,0.8124808022724331
26046,LOF,0.059464232847130295,0.08500941764411779,0.855526349508752
26047,LOF,0.08006451401145644,0.09297029218251432,0.8269651938060293
26048,LOF,0.04512830194248171,0.04650200562916697,0.9083696924283513
26049,Neutral,0.9626149840281831,0.008410012145530553,0.028975003826286337
26050,Neutral,0.9485899829815271,0.010745837370420664,0.04066417964805233
26051,LOF,0.056516880426813305,0.25886338572404544,0.6846197338491413
26052,LOF,0.07453280395615669,0.30162586328718893,0.6238413327566543
26053,LOF,0.054601071130977084,0.1279254874667983,0.8174734414022247
26054,LOF,0.051463475372953864,0.01683471968398595,0.9317018049430601
26055,LOF,0.07095788477967355,0.014062640900124233,0.9149794743202022
26056,LOF,0.05910727428101506,0.01566717919290445,0.9252255465260805
26057,LOF,0.02820114724360818,0.012659155420582255,0.9591396973358096
26058,LOF,0.02877347047207348,0.010502973989658012,0.9607235555382684
26059,LOF,0.2868915944127612,0.020525751048041597,0.6925826545391973
26060,LOF,0.04192856995022486,0.17628929921005917,0.7817821308397159
26061,LOF,0.01812100665664086,0.011716139153175254,0.970162854190184
26062,LOF,0.010697861295581618,0.018072729370550523,0.9712294093338678
26063,LOF,0.021655842023258477,0.012384996116742854,0.9659591618599986
26064,LOF,0.02116173705734231,0.022460909060865456,0.9563773538817923
26065,LOF,0.024657763683586055,0.012198166171987554,0.9631440701444264
26066,LOF,0.020620752155591407,0.012467977896033919,0.9669112699483747
26067,LOF,0.027505818080027618,0.00961203320462883,0.9628821487153435
26068,LOF,0.04492184722946639,0.027422399125279953,0.9276557536452537
26069,LOF,0.26147484912937785,0.01843455356397994,0.7200905973066423
26070,LOF,0.38378777197829034,0.014130987208984348,0.6020812408127253
26071,LOF,0.02360795344491593,0.013354656735872512,0.9630373898192115
26072,LOF,0.02116693426370921,0.01674532093415329,0.9620877448021374
26073,LOF,0.02345612300043877,0.011980867615126725,0.9645630093844345
26074,Neutral,0.90465498557419,0.005868445778240542,0.08947656864756967
26075,LOF,0.04379679979723685,0.014546330786715975,0.9416568694160471
26076,LOF,0.04553252100704894,0.009846171400640334,0.9446213075923108
26077,LOF,0.01076344147620077,0.018824954594299063,0.9704116039295002
26078,LOF,0.01409721179337696,0.012650737950871795,0.9732520502557512
26079,LOF,0.05887681065920744,0.016949840527245023,0.9241733488135476
26080,LOF,0.057935422883438656,0.01698760406588714,0.9250769730506742
26081,LOF,0.03589382322433331,0.007080795256095914,0.9570253815195708
26082,LOF,0.0138961138014534,0.016727837346308696,0.9693760488522379
26083,LOF,0.12577260430326118,0.013321188740389681,0.8609062069563492
26084,LOF,0.02978908607249077,0.012506232780396469,0.9577046811471127
26085,LOF,0.02548355209405022,0.012042653276035015,0.9624737946299147
26086,LOF,0.023835681340933754,0.0131040973539422,0.9630602213051239
26087,LOF,0.02731792216276916,0.008772709197537781,0.9639093686396931
26088,LOF,0.016543144707221215,0.024141814834264395,0.9593150404585143
26089,LOF,0.04250183107883184,0.01998394887293603,0.937514220048232
26090,LOF,0.042221774342070445,0.016581547615514784,0.9411966780424148
26091,LOF,0.03825689589061317,0.006775982670718469,0.9549671214386685
26092,LOF,0.026943962300164957,0.00914919265846367,0.9639068450413714
26093,LOF,0.038703533229453614,0.006697603028508084,0.9545988637420383
26094,LOF,0.04338057954257941,0.006786176083285307,0.9498332443741353
26095,LOF,0.039180671038143274,0.01360986325261224,0.9472094657092445
26096,LOF,0.017624785277179845,0.013220455347020082,0.9691547593758
26097,LOF,0.011138811731315744,0.03336718507428688,0.9554940031943975
26098,LOF,0.06965860803489832,0.010212561741230346,0.9201288302238714
26099,LOF,0.02468479970991576,0.013230274290996118,0.9620849259990882
26100,LOF,0.026863329945018354,0.012479349928442053,0.9606573201265396
26101,LOF,0.05856797696629504,0.015145728452029774,0.9262862945816751
26102,LOF,0.02355401736133504,0.013889562024717996,0.962556420613947
26103,Neutral,0.8853319969989709,0.017815535699937764,0.09685246730109115
26104,LOF,0.07679101904617738,0.02228626619384352,0.9009227147599791
26105,LOF,0.21811784954449517,0.29737626149053353,0.48450588896497143
26106,LOF,0.2149800451751406,0.12405064636604411,0.6609693084588153
26107,LOF,0.2270968305958863,0.09366924694164881,0.679233922462465
26108,LOF,0.28156991971158535,0.11112463189155594,0.6073054483968587
26109,LOF,0.10613828531844012,0.05337811326159088,0.8404836014199689
26110,LOF,0.29673517136192584,0.007300039181875389,0.6959647894561988
26111,Neutral,0.5159105347915046,0.02197952627212454,0.46210993893637087
26112,LOF,0.03370352892321019,0.009395541123169739,0.9569009299536201
26113,LOF,0.0561743599566295,0.01880383905154003,0.9250218009918304
26114,LOF,0.026115265587025763,0.02841352558217647,0.9454712088307978
26115,LOF,0.08243083004119169,0.05377100790309407,0.8637981620557142
26116,LOF,0.06360231309692028,0.05991296197363904,0.8764847249294406
26117,LOF,0.4279775731589406,0.040509207586613714,0.5315132192544457
26118,LOF,0.03452542242202558,0.025311005410281907,0.9401635721676925
26119,LOF,0.022271253731837148,0.037307613896334454,0.9404211323718284
26120,LOF,0.027631408663329044,0.021618069711118494,0.9507505216255524
26121,LOF,0.039326660475928865,0.08254342775560299,0.878129911768468
26122,LOF,0.040684082175380956,0.04182303020205023,0.9174928876225688
