feature0,prediction,LoGoFunc_Neutral,LoGoFunc_GOF,LoGoFunc_LOF
25546,Neutral,0.6704441435976436,0.053160433201776665,0.27639542320057964
25547,Neutral,0.5220685243093552,0.09625922220042377,0.38167225349022094
25548,Neutral,0.5061734497057548,0.0830146849216096,0.4108118653726355
25549,LOF,0.4339882846160062,0.08116871003834597,0.4848430053456479
25550,LOF,0.3585403437881069,0.12384065343338084,0.5176190027785122
25551,LOF,0.30830595001279065,0.13508484414081387,0.5566092058463954
25552,LOF,0.25291917055615926,0.12735077076394447,0.6197300586798963
25553,Neutral,0.8067727083645538,0.04399433931702411,0.14923295231842193
25554,LOF,0.30147424175297055,0.11682765232022517,0.5816981059268043
25555,LOF,0.2531121643669416,0.11089500164930885,0.6359928339837495
25556,LOF,0.43898007824665397,0.1011997909589746,0.4598201307943715
25557,LOF,0.23531599189777058,0.1150926911834289,0.6495913169188006
25558,LOF,0.300925634994147,0.11433290790544541,0.5847414571004076
25559,LOF,0.1803111156990884,0.13022638326646258,0.689462501034449
25560,LOF,0.17178558655281853,0.09105762292482464,0.7371567905223569
25561,LOF,0.16202079920734133,0.09502330396404235,0.7429558968286163
25562,LOF,0.07762469063160857,0.07223514253257948,0.8501401668358121
25563,LOF,0.0234863159698985,0.11746507081970149,0.8590486132103999
25564,LOF,0.22653470093440856,0.10007199899349274,0.6733933000720986
25565,LOF,0.224380977034444,0.13888173037310694,0.636737292592449
25566,GOF,0.09567414518547089,0.6967552694473885,0.20757058536714065
25567,LOF,0.036639913864665634,0.131431903367395,0.8319281827679395
25568,LOF,0.06146120666727125,0.0682536876545177,0.870285105678211
25569,LOF,0.05731770821388251,0.06932492228206709,0.8733573695040505
25570,LOF,0.025141238979132875,0.09593923881410274,0.8789195222067644
25571,LOF,0.02466383826753689,0.10406087703604469,0.8712752846964185
25572,LOF,0.05936787599705598,0.11507982991696761,0.8255522940859764
25573,LOF,0.05857739052563951,0.08498974061931928,0.8564328688550411
25574,LOF,0.055304188342508914,0.1937252360775776,0.7509705755799135
25575,LOF,0.021077447859600994,0.11652527424657139,0.8623972778938276
25576,LOF,0.033491441452888945,0.14689010329118213,0.819618455255929
25577,LOF,0.028620662392570165,0.11291782130817044,0.8584615162992595
25578,LOF,0.28937521777363545,0.08110771999946549,0.6295170622268991
25579,LOF,0.12922458262619088,0.08536810936182607,0.785407308011983
25580,LOF,0.018093906077847936,0.07932472040888046,0.9025813735132715
25581,LOF,0.0542042877544118,0.06579114868265133,0.8800045635629369
25582,LOF,0.05370076547249063,0.06440273473679771,0.8818964997907117
25583,LOF,0.019546237039217797,0.08247407142988827,0.897979691530894
25584,Neutral,0.6667893413136314,0.10579056457166894,0.2274200941146996
25585,LOF,0.028003773103374447,0.11079399552215631,0.8612022313744693
25586,LOF,0.017268552513597168,0.06427905887363089,0.918452388612772
25587,LOF,0.016935285891585366,0.059733101759410885,0.9233316123490038
25588,LOF,0.02008447286796451,0.06826043452557323,0.9116550926064624
25589,Neutral,0.5122479366583744,0.20103398344341664,0.2867180798982089
25590,LOF,0.0486518084704865,0.1089570506814176,0.842391140848096
25591,LOF,0.09404124345415554,0.05453236880716956,0.8514263877386749
25592,LOF,0.05234412952936689,0.12911375258361868,0.8185421178870145
25593,LOF,0.1331655418190167,0.25231543424175923,0.6145190239392241
25594,LOF,0.04990566548044909,0.1205889586417105,0.8295053758778405
25595,LOF,0.04656479567646246,0.08512309228850042,0.8683121120350372
25596,LOF,0.10442584075590905,0.04917723057442464,0.8463969286696662
25597,LOF,0.07825570199931468,0.051901153037189084,0.8698431449634962
25598,LOF,0.04904556848980597,0.09031379497119675,0.8606406365389974
25599,GOF,0.020165737131578872,0.5218246163164636,0.45800964655195747
25600,GOF,0.16257246393693073,0.5132216665482289,0.32420586951484043
25601,LOF,0.03923304180805512,0.3941614315648604,0.5666055266270845
25602,LOF,0.030437525204869094,0.053526259780660605,0.9160362150144704
25603,LOF,0.03588916441429963,0.027406755836993004,0.9367040797487074
25604,LOF,0.037597291677856935,0.057912444486927075,0.904490263835216
25605,LOF,0.04283934147588017,0.1681290281108882,0.7890316304132317
25606,LOF,0.42091026188913555,0.09718724053851753,0.48190249757234704
25607,LOF,0.023708330985503956,0.16469048331932293,0.811601185695173
25608,LOF,0.034430659151334086,0.07824700452105111,0.8873223363276147
25609,GOF,0.14743391249914684,0.5392718165795999,0.3132942709212533
25610,LOF,0.01488477607669343,0.023825662106969722,0.9612895618163368
25611,LOF,0.014212729423523399,0.028888350640382702,0.9568989199360939
25612,LOF,0.05089836727827769,0.03686057769628173,0.9122410550254406
25613,LOF,0.046203771801941775,0.037417873511047285,0.916378354687011
25614,LOF,0.020607299246507064,0.022113615421143287,0.9572790853323497
25615,LOF,0.04322979878627289,0.03421346881402014,0.922556732399707
25616,LOF,0.046924000127525775,0.025296961547799406,0.9277790383246749
25617,LOF,0.04119488654770664,0.03188385446646711,0.9269212589858262
25618,LOF,0.05167682620296609,0.03091237611686497,0.9174107976801689
25619,LOF,0.01431395289779556,0.02812114398343195,0.9575649031187725
25620,LOF,0.06210022067047782,0.03784577269769189,0.9000540066318302
25621,LOF,0.05321317045785397,0.03321125502831976,0.9135755745138263
25622,LOF,0.06191254990488494,0.03252653556133252,0.9055609145337825
25623,LOF,0.07443055353480361,0.02574890276690139,0.899820543698295
25624,LOF,0.01818963303532518,0.029632500389788145,0.9521778665748867
25625,LOF,0.07065269789250433,0.03574065938119482,0.8936066427263007
25626,LOF,0.048826924895425394,0.034782709504835814,0.9163903655997389
25627,Neutral,0.8939331883752344,0.01977029362912145,0.08629651799564417
25628,LOF,0.14245365582363317,0.0628719342394615,0.7946744099369053
25629,LOF,0.06115536301649458,0.038855388321134575,0.8999892486623707
25630,LOF,0.2590379160594665,0.07126740217166003,0.6696946817688734
25631,Neutral,0.5554537262849074,0.060275503261620025,0.3842707704534725
25632,LOF,0.025547946765086975,0.06189437442273228,0.9125576788121808
25633,LOF,0.19124298414739335,0.03619452376620166,0.772562492086405
25634,LOF,0.032698180678207206,0.086425906598122,0.8808759127236708
25635,LOF,0.03450867817852235,0.04471876987637125,0.9207725519451063
25636,LOF,0.03702776007727863,0.46087204755269734,0.5021001923700241
25637,GOF,0.06306914636669705,0.49974716383218604,0.4371836898011168
25638,LOF,0.03236626830021565,0.2950432195202521,0.6725905121795323
25639,LOF,0.03149741239342513,0.34626801801257007,0.6222345695940048
25640,Neutral,0.8069722490644322,0.1468380525215483,0.04618969841401949
25641,LOF,0.059127236740014986,0.4183448759009485,0.5225278873590364
25642,LOF,0.041438056743376514,0.14263263983401878,0.8159293034226047
25643,LOF,0.23357484216209098,0.1505233164205737,0.6159018414173353
25644,LOF,0.022443723140193127,0.4496711439083265,0.5278851329514803
25645,LOF,0.02103723914541412,0.401350725035699,0.5776120358188869
25646,LOF,0.057170886769538354,0.33207586484498997,0.6107532483854717
25647,LOF,0.02270573433043068,0.25702976935624466,0.7202644963133246
25648,LOF,0.03217317012939906,0.23110429101094065,0.7367225388596603
25649,LOF,0.01587309838828994,0.23518679456582914,0.748940107045881
25650,LOF,0.057437989414968874,0.3968895472699886,0.5456724633150425
25651,LOF,0.016624713392775502,0.27461899279565904,0.7087562938115656
25652,LOF,0.028679072871713684,0.26469804382903955,0.7066228832992467
25653,LOF,0.0761907995166355,0.41107878252713137,0.5127304179562332
25654,LOF,0.023373771265413786,0.19566666335991809,0.7809595653746682
25655,LOF,0.25227583446086627,0.37096496977925764,0.3767591957598761
25656,LOF,0.28306282833017565,0.04620698756999856,0.6707301840998259
25657,LOF,0.07723885676872616,0.054131036805409725,0.8686301064258641
25658,LOF,0.42243378603327103,0.05458012151384966,0.5229860924528793
25659,Neutral,0.5290211118728094,0.07323220216791425,0.3977466859592764
25660,LOF,0.024899561301749012,0.08002331602127691,0.8950771226769741
25661,LOF,0.09815586246691184,0.05664928826203419,0.8451948492710539
25662,LOF,0.03331270263041694,0.031825203598393054,0.93486209377119
25663,LOF,0.04008455387842708,0.04336124658019967,0.9165541995413733
25664,LOF,0.13853209979553857,0.052850220661975096,0.8086176795424863
25665,LOF,0.05455172957979552,0.031108166940153024,0.9143401034800515
25666,LOF,0.09261936095369047,0.07010834802824974,0.8372722910180599
25667,LOF,0.06809065503965872,0.03444993543512868,0.8974594095252125
25668,LOF,0.03742515435933647,0.04534816050027613,0.9172266851403873
25669,LOF,0.033620478933598534,0.04929414500049971,0.9170853760659018
25670,LOF,0.13882499526403977,0.04722187131548443,0.8139531334204758
25671,LOF,0.10120573405995119,0.03020127698537714,0.8685929889546716
25672,LOF,0.05399066443852712,0.042442730084342184,0.9035666054771306
25673,LOF,0.08692476755176047,0.03925306038645581,0.8738221720617838
25674,LOF,0.07154029374719133,0.04924770027374978,0.8792120059790588
25675,LOF,0.12002221599010185,0.04642368394335244,0.8335541000665457
25676,LOF,0.01817732994075445,0.04924753140683482,0.9325751386524107
25677,LOF,0.02584353006969249,0.06349054433077447,0.9106659255995331
25678,LOF,0.18352456236479284,0.05653038763895266,0.7599450499962546
25679,LOF,0.12404985139855684,0.07871976864085584,0.7972303799605872
25680,LOF,0.03330784591038901,0.10348403700127866,0.8632081170883324
25681,LOF,0.053152536556091465,0.09678789774778936,0.8500595656961192
25682,LOF,0.1483406744520484,0.063148129364716,0.7885111961832356
25683,LOF,0.1219574912202278,0.07851358265387783,0.7995289261258943
25684,LOF,0.041555542987097675,0.0642997088610198,0.8941447481518825
25685,LOF,0.1354057930785479,0.04740828813721371,0.8171859187842384
25686,LOF,0.07375634645645761,0.09487616460778481,0.8313674889357575
25687,LOF,0.1251819277083137,0.08937655540560656,0.7854415168860798
25688,LOF,0.31303713349186996,0.03219350123450299,0.6547693652736271
25689,LOF,0.2242430405663358,0.03527967255132298,0.7404772868823412
25690,LOF,0.3728054691733342,0.029228917342761788,0.597965613483904
25691,Neutral,0.7057970520285269,0.02501510497414141,0.2691878429973318
25692,LOF,0.29019725766078946,0.009968402337686625,0.6998343400015239
25693,GOF,0.04186209063958194,0.4866669126010805,0.47147099675933757
25694,LOF,0.11881580818549921,0.02205214401447139,0.8591320478000293
25695,LOF,0.11540495665712659,0.019476652862901477,0.8651183904799719
25696,LOF,0.11138646750072102,0.009747650082102184,0.8788658824171768
25697,LOF,0.12325766022343507,0.029580273929261065,0.8471620658473039
25698,LOF,0.31012595808878274,0.23591680339086654,0.45395723852035086
25699,LOF,0.39305045651701775,0.043886806475597874,0.5630627370073844
25700,LOF,0.05145760817053339,0.007603858479362322,0.9409385333501044
25701,LOF,0.15702565027395354,0.05149975741525285,0.7914745923107935
25702,GOF,0.1968064282110947,0.5354259652511996,0.2677676065377058
25703,LOF,0.01688117490349304,0.16805833900353298,0.815060486092974
25704,LOF,0.05199078266348399,0.11371214011248437,0.8342970772240316
25705,LOF,0.05909496353953896,0.18942302094366809,0.751482015516793
25706,LOF,0.09286649130793855,0.37651401995403994,0.5306194887380214
25707,LOF,0.09397216257650107,0.31293178717838593,0.593096050245113
25708,LOF,0.030504447877994226,0.27491488740220205,0.6945806647198037
25709,LOF,0.05924102602203352,0.045275038449895465,0.895483935528071
25710,LOF,0.012749070138627116,0.14199332685613716,0.8452576030052357
25711,LOF,0.018188983170295676,0.09866147887024271,0.8831495379594617
25712,LOF,0.013489000407246675,0.19013619017595745,0.796374809416796
25713,LOF,0.017569279713071685,0.08558152572088386,0.8968491945660445
25714,LOF,0.07321312568080549,0.0837919125126303,0.8429949618065642
25715,LOF,0.010013189653972505,0.1500589278356543,0.8399278825103731
25716,LOF,0.014761758479723826,0.124066234438873,0.8611720070814032
25717,LOF,0.013623421226350067,0.08317337705886971,0.9032032017147802
25718,LOF,0.011859836928876549,0.10385345389352628,0.8842867091775971
25719,LOF,0.019010723861987953,0.08106956002165071,0.8999197161163613
25720,LOF,0.02141016251717171,0.07289205790049194,0.9056977795823364
25721,LOF,0.015601410799141187,0.10699338561733394,0.8774052035835249
25722,LOF,0.013270659317231771,0.13025439285770798,0.8564749478250602
25723,LOF,0.022424502969606634,0.04857802572492517,0.9289974713054682
25724,LOF,0.023463413592799364,0.08901863831359887,0.8875179480936018
25725,LOF,0.011320776965835135,0.07110243042586846,0.9175767926082965
25726,LOF,0.013906437759155213,0.10093994572798798,0.8851536165128567
25727,LOF,0.013009825998061622,0.07853323787682645,0.9084569361251119
25728,LOF,0.009666071684282218,0.11349130980301139,0.8768426185127064
25729,LOF,0.009938641906365604,0.11320852201108479,0.8768528360825496
25730,LOF,0.013242189937777418,0.08588371958301104,0.9008740904792115
25731,LOF,0.021527826245935515,0.11022880625706595,0.8682433674969985
25732,LOF,0.014279441360019492,0.08562126061046922,0.9000992980295113
25733,LOF,0.015877155096614335,0.07158992334026046,0.9125329215631252
25734,LOF,0.014003549922404613,0.12606366467273358,0.8599327854048618
25735,LOF,0.013650210867130174,0.08826781239831308,0.8980819767345567
25736,LOF,0.014028688028915035,0.11110479568183465,0.8748665162892503
25737,LOF,0.0205387205683447,0.08970865517351478,0.8897526242581405
25738,LOF,0.013267236023244557,0.10697176282338237,0.8797610011533731
25739,LOF,0.01902955171568749,0.0901890180230609,0.8907814302612516
25740,LOF,0.026474766610781256,0.10311068391885277,0.8704145494703659
25741,LOF,0.015293949654648233,0.10935730006643947,0.8753487502789122
25742,LOF,0.11875264551257457,0.08274395370393908,0.7985034007834864
25743,LOF,0.037062601388090664,0.023851538088215225,0.9390858605236941
25744,Neutral,0.6429452482243736,0.16480899578849012,0.19224575598713636
25745,LOF,0.08332793869186603,0.061326053144891354,0.8553460081632427
25746,LOF,0.04554770967152852,0.07249250415239977,0.8819597861760717
25747,LOF,0.022441322922066513,0.0353340954275298,0.9422245816504037
25748,LOF,0.1007941493884989,0.0541218506694071,0.8450839999420939
25749,LOF,0.02781352594260606,0.069778880198323,0.9024075938590709
25750,LOF,0.09308181117675403,0.07419501368232984,0.8327231751409162
25751,LOF,0.09955347783690494,0.052493744832032625,0.8479527773310624
25752,GOF,0.10218503354692916,0.6522319254158112,0.24558304103725953
25753,LOF,0.020273795050192292,0.2854907169409101,0.6942354880088976
25754,GOF,0.010212572025090096,0.785805179321011,0.2039822486538989
25755,LOF,0.022265462508668347,0.3804209473329531,0.5973135901583785
25756,LOF,0.03975505153472118,0.3855725741241397,0.574672374341139
25757,GOF,0.014130172398785812,0.8353912714570635,0.15047855614415065
25758,GOF,0.02739580610009702,0.8197759060136915,0.1528282878862115
25759,GOF,0.011871700144909634,0.538767087488251,0.44936121236683946
25760,LOF,0.012500778272718198,0.24429459388390454,0.7432046278433774
25761,GOF,0.24846483440141173,0.6523543117387167,0.09918085385987142
25762,LOF,0.03445714538656206,0.2750936415766604,0.6904492130367775
25763,LOF,0.012922540826498458,0.20549314772199875,0.7815843114515028
25764,GOF,0.06923067756710798,0.6309618002222073,0.2998075222106847
25765,GOF,0.038075337063405476,0.7821019201123701,0.1798227428242243
25766,GOF,0.06291985727964101,0.7773546451041663,0.15972549761619279
25767,GOF,0.17590535405433239,0.43445311824038196,0.3896415277052858
25768,LOF,0.09121918019902878,0.058257988179692764,0.8505228316212784
25769,LOF,0.06035746446456477,0.07003719663361462,0.8696053389018206
25770,LOF,0.27491259602939017,0.08951251827435677,0.6355748856962531
25771,LOF,0.03632712667525137,0.050174566634929314,0.9134983066898194
25772,LOF,0.01591465989364628,0.034406299239721314,0.9496790408666325
25773,LOF,0.04590796783498391,0.0843273286582837,0.8697647035067325
25774,LOF,0.026320210751432906,0.0767560325390964,0.8969237567094708
25775,LOF,0.04320575041452522,0.045603067788200224,0.9111911817972745
25776,LOF,0.06767119323148368,0.027288837272103128,0.9050399694964132
25777,LOF,0.364229169452777,0.04665710116086757,0.5891137293863554
25778,LOF,0.06445131925943395,0.050650620457879984,0.884898060282686
25779,GOF,0.3520207544948208,0.6105135591219978,0.03746568638318146
25780,GOF,0.2935449972910371,0.64026660204583,0.06618840066313289
25781,GOF,0.1484119349810366,0.7565265678545959,0.09506149716436735
25782,GOF,0.19908616198465987,0.7438657844219605,0.05704805359337956
25783,GOF,0.030272358624208573,0.6837725186557306,0.28595512272006074
25784,GOF,0.4610922852691454,0.504389730990242,0.03451798374061247
25785,GOF,0.43273253486253876,0.5318375961523447,0.03542986898511656
25786,GOF,0.027285903180598352,0.7978845177116277,0.17482957910777389
25787,Neutral,0.6349279408287182,0.34346571112438196,0.021606348046899787
25788,LOF,0.049239719985664926,0.1135104980279621,0.8372497819863729
25789,GOF,0.20282368142695764,0.6758457932412804,0.12133052533176189
25790,GOF,0.21291756252932162,0.6936117908378375,0.09347064663284071
25791,GOF,0.16663487582833533,0.6747135252114609,0.1586515989602038
25792,GOF,0.3312634373692101,0.5466557253074579,0.12208083732333201
25793,GOF,0.24758532766553404,0.5569982603112348,0.19541641202323112
25794,GOF,0.29337904051425584,0.5490441428641167,0.1575768166216273
25795,GOF,0.07516953437341665,0.7088191423223186,0.21601132330426476
25796,Neutral,0.5182855681802848,0.40974875285719187,0.07196567896252341
25797,GOF,0.08661987106141447,0.5656293752573882,0.3477507536811971
25798,GOF,0.008924786775888816,0.5257070266830255,0.4653681865410857
25799,LOF,0.007229248486338978,0.4229966814774056,0.5697740700362555
25800,GOF,0.0318964596050105,0.637110187352776,0.3309933530422135
25801,GOF,0.18295394466333761,0.7049463018017758,0.11209975353488662
25802,GOF,0.07473260594814732,0.7158032968031821,0.20946409724867046
25803,GOF,0.03580419102153671,0.6054512742339736,0.3587445347444897
25804,GOF,0.034973400744176285,0.5100946332243274,0.4549319660314964
25805,GOF,0.11384327421930583,0.6095410906153524,0.2766156351653417
25806,GOF,0.09035839135500343,0.6092178558302545,0.3004237528147421
25807,GOF,0.017816659778436505,0.6419843168295519,0.3401990233920115
25808,GOF,0.08251760122198395,0.6553531579177561,0.26212924086026007
25809,GOF,0.016376870406350153,0.6115908934138572,0.3720322361797927
25810,GOF,0.014976581843557544,0.6492577643436094,0.3357656538128331
25811,GOF,0.4228514275583724,0.5106312678539904,0.0665173045876372
25812,GOF,0.029394233173191592,0.6597466998471694,0.31085906697963905
25813,Neutral,0.48159789314502616,0.43423719657100845,0.0841649102839654
25814,GOF,0.11261062904366125,0.6627789595226669,0.22461041143367183
25815,GOF,0.18400247207597922,0.6502389574237869,0.16575857050023393
25816,GOF,0.0227177364991243,0.726943201644007,0.25033906185686866
25817,GOF,0.2312095666672754,0.641060296852766,0.12773013647995854
25818,GOF,0.05545787778372655,0.678912627480151,0.2656294947361224
25819,GOF,0.34897084379407683,0.5289553494845318,0.12207380672139141
25820,GOF,0.1982244191188223,0.6190627844681057,0.18271279641307195
25821,GOF,0.06418511956695439,0.6972720196253842,0.23854286080766152
25822,GOF,0.21587262830738052,0.5858516917716055,0.19827567992101403
25823,GOF,0.03519098412474869,0.5540950905835101,0.41071392529174117
25824,GOF,0.08864494597194808,0.6302425904655067,0.28111246356254516
25825,GOF,0.03684648573484964,0.6271803136558969,0.3359732006092535
25826,GOF,0.01684627890051676,0.5987740802130808,0.3843796408864025
25827,GOF,0.023445976905654878,0.6165280487002518,0.3600259743940934
25828,GOF,0.01337295655577482,0.542664730630247,0.4439623128139782
25829,GOF,0.005407373663278095,0.5878144368571983,0.40677818947952377
25830,LOF,0.03695101421692849,0.3053530294182576,0.6576959563648138
25831,GOF,0.21592205591100017,0.6849669734485118,0.09911097064048809
25832,GOF,0.029832894628474813,0.7279312924878633,0.24223581288366203
25833,GOF,0.10369159845681007,0.7509429322257738,0.14536546931741612
25834,GOF,0.029526008261296692,0.7503300552451807,0.22014393649352254
25835,GOF,0.06394509905643113,0.7818135481924691,0.15424135275109985
25836,GOF,0.03249275006911428,0.7052903664705115,0.2622168834603742
25837,GOF,0.028293442256334053,0.6466226021682974,0.3250839555753687
25838,GOF,0.09265952978200101,0.7851637772626654,0.12217669295533362
25839,GOF,0.2722673900211038,0.6196860149781829,0.10804659500071331
25840,GOF,0.23000419434679684,0.6399641698705842,0.13003163578261884
25841,GOF,0.22790500087866142,0.6577308734170512,0.1143641257042874
25842,GOF,0.14544967419017077,0.7449089543982093,0.1096413714116199
25843,GOF,0.20132056233097945,0.7228679139727003,0.07581152369632026
25844,GOF,0.061082707847789575,0.7413004780519824,0.1976168141002281
25845,GOF,0.017238776427835258,0.5293323909256694,0.45342883264649536
25846,GOF,0.1190695982845009,0.7527788375026917,0.1281515642128074
25847,GOF,0.09554595167185381,0.8022370055102174,0.10221704281792883
25848,GOF,0.03550597140085975,0.7114317485780757,0.2530622800210645
25849,GOF,0.010516895531806514,0.6018219028284205,0.3876612016397731
25850,GOF,0.0174627631927988,0.6633667680272692,0.31917046877993205
25851,GOF,0.01480726868561733,0.5525123644804745,0.4326803668339082
25852,GOF,0.16204801206555697,0.5700662931661723,0.26788569476827073
25853,GOF,0.3205428525780296,0.613797622860657,0.06565952456131335
25854,GOF,0.020578600932911455,0.6514818735648313,0.32793952550225713
25855,GOF,0.03451876443375311,0.5991914206550104,0.36628981491123647
25856,GOF,0.21797185842755307,0.5948101195539398,0.18721802201850712
25857,GOF,0.03858717670145215,0.5482727362227366,0.4131400870758111
25858,GOF,0.021936217524567512,0.57653967253862,0.4015241099368125
25859,GOF,0.010896879059637782,0.545471121325156,0.4436319996152062
25860,GOF,0.32607436822147484,0.598543574914925,0.07538205686360008
25861,GOF,0.4016144920576701,0.5298620759452223,0.06852343199710778
25862,GOF,0.08806656344476566,0.7903704515414509,0.12156298501378347
25863,GOF,0.0831784297448761,0.7874573535546671,0.12936421670045695
25864,GOF,0.18885608346775667,0.742768993760828,0.06837492277141521
25865,GOF,0.08779784449076036,0.8043403336977633,0.10786182181147641
25866,GOF,0.060753384814502494,0.8029686295025913,0.13627798568290633
25867,GOF,0.08491496399635082,0.8205148805211004,0.09457015548254886
25868,GOF,0.21839145015743314,0.6894669607929583,0.09214158904960847
25869,Neutral,0.7071913438885897,0.2529885671317094,0.039820088979700755
25870,GOF,0.2897965752220119,0.4276609344102888,0.2825424903676993
25871,GOF,0.21043877197054692,0.6739011351150003,0.11566009291445285
25872,GOF,0.07970620480672455,0.678156734935513,0.24213706025776247
25873,GOF,0.110177011089061,0.7158909183560896,0.17393207055484938
25874,LOF,0.014523242721173876,0.12078384973391583,0.8646929075449102
25875,LOF,0.08779584286397656,0.0425481881101194,0.869655969025904
25876,LOF,0.03177381143620592,0.028733413309205397,0.9394927752545887
25877,Neutral,0.5019832453362715,0.038345612711621894,0.45967114195210673
25878,LOF,0.23125710408367797,0.08544427748707183,0.6832986184292503
25879,LOF,0.0897970501424459,0.0845044703854651,0.8256984794720891
25880,LOF,0.04116919352886069,0.012911769410798236,0.9459190370603411
25881,LOF,0.17310077029294926,0.11793231500574615,0.7089669147013047
25882,LOF,0.0620153741088065,0.0161889040919827,0.9217957217992108
25883,LOF,0.0642914848894045,0.01794482289042003,0.9177636922201754
25884,LOF,0.030722814937101404,0.027772526128235026,0.9415046589346636
25885,LOF,0.059299335684438514,0.012069409711311426,0.92863125460425
25886,LOF,0.2643233646997003,0.033836062251685776,0.7018405730486139
25887,LOF,0.15872882102998556,0.060329534225471805,0.7809416447445426
25888,LOF,0.065532672951772,0.05304230447242056,0.8814250225758075
25889,LOF,0.0398623335859251,0.020027613127843086,0.9401100532862318
25890,LOF,0.043793441331112896,0.1617408672127609,0.7944656914561262
25891,LOF,0.03797457347176079,0.05294645293895097,0.9090789735892882
25892,LOF,0.08113615734005773,0.022701952980107815,0.8961618896798343
25893,LOF,0.24595314721056707,0.02075994596328738,0.7332869068261455
25894,LOF,0.18465319538524327,0.011621959368566033,0.8037248452461907
25895,LOF,0.20162231377669676,0.02363711734431706,0.7747405688789862
25896,LOF,0.048705581516910956,0.023746606760142168,0.927547811722947
25897,LOF,0.26602222411416127,0.013516317131098663,0.7204614587547401
25898,Neutral,0.711084613012108,0.010557967119030141,0.2783574198688618
25899,LOF,0.21095801971980954,0.022994030273367303,0.7660479500068232
25900,LOF,0.4454192689268907,0.012072357313850392,0.5425083737592589
25901,LOF,0.04638545109676023,0.012709846676580521,0.9409047022266593
25902,LOF,0.15089898725749135,0.015496979549810648,0.8336040331926979
25903,Neutral,0.6017861969109538,0.030350562112217715,0.36786324097682843
25904,LOF,0.2972608945426411,0.046750127500784944,0.655988977956574
25905,LOF,0.027144450004010733,0.3140928720402026,0.6587626779557867
25906,LOF,0.03237121704823108,0.07056795556477469,0.8970608273869943
25907,LOF,0.014844847260896759,0.3386592809658489,0.6464958717732543
25908,LOF,0.010534439943608377,0.24526992601948697,0.7441956340369047
25909,LOF,0.013048102949266413,0.1201410206531033,0.8668108763976302
25910,LOF,0.04702246692955561,0.15568882725783664,0.7972887058126077
25911,LOF,0.17008825875867242,0.030296170438709396,0.799615570802618
25912,LOF,0.044251279094357304,0.051486847199416895,0.9042618737062258
25913,LOF,0.33682286097745784,0.022236958135053404,0.6409401808874887
25914,LOF,0.020149652177614625,0.04673491728373203,0.9331154305386534
25915,Neutral,0.5734418716917133,0.14093728544788195,0.2856208428604048
25916,LOF,0.08578215378814007,0.196557392716672,0.7176604534951879
25917,LOF,0.06388130928018557,0.03787929766896621,0.8982393930508481
25918,LOF,0.021593907811131723,0.028532081087387702,0.9498740111014806
25919,LOF,0.019038884392867356,0.029683507673808385,0.9512776079333243
25920,GOF,0.10237823833360747,0.5034724409617413,0.39414932070465136
25921,LOF,0.026770661006484765,0.03535479589284008,0.9378745431006753
25922,LOF,0.03387631066873625,0.02934979702075172,0.936773892310512
25923,LOF,0.47083061644667074,0.03660318491314908,0.49256619864018025
25924,LOF,0.038006945150737596,0.04648082415611131,0.9155122306931511
25925,LOF,0.07077787411878615,0.040624106773649186,0.8885980191075646
25926,LOF,0.05050943899384458,0.03650496815103544,0.91298559285512
25927,LOF,0.06370406969985047,0.12310751891135488,0.8131884113887947
25928,LOF,0.017645012739117057,0.05414277155113124,0.9282122157097517
25929,Neutral,0.5927653796874162,0.039015797337257345,0.36821882297532654
25930,LOF,0.07290279509449492,0.032528835641222845,0.8945683692642822
25931,LOF,0.023976667305077665,0.031320067080311965,0.9447032656146104
25932,LOF,0.027977910158206394,0.0287776508152554,0.9432444390265383
25933,LOF,0.037089752486280304,0.019218475784397962,0.9436917717293217
25934,LOF,0.0229449086330038,0.02149939156812605,0.9555556997988702
25935,LOF,0.06132640496671596,0.054961851369914376,0.8837117436633697
25936,LOF,0.0421664174928162,0.02325897148065035,0.9345746110265334
25937,LOF,0.024980935711923027,0.03819627802482309,0.9368227862632539
25938,LOF,0.06204707355396889,0.05700281679229605,0.880950109653735
25939,LOF,0.04165713021935034,0.022103946865471583,0.9362389229151782
25940,LOF,0.031968279316127376,0.33750398416584054,0.6305277365180321
25941,LOF,0.16352790503022252,0.10041268240284132,0.7360594125669362
25942,LOF,0.013208400250545557,0.03266792583020864,0.9541236739192457
25943,LOF,0.29018747135494705,0.05147510938849418,0.6583374192565588
25944,Neutral,0.4978971982992129,0.021515882992689212,0.4805869187080979
25945,LOF,0.07543467292382156,0.0199354896544133,0.9046298374217652
25946,LOF,0.0317974514965889,0.11922598925166324,0.8489765592517478
25947,LOF,0.12118644893751282,0.17679861386974724,0.70201493719274
25948,LOF,0.37699301575975386,0.008519191311512818,0.6144877929287333
25949,LOF,0.11880422733188792,0.03806329786417619,0.8431324748039359
25950,GOF,0.3280821480313458,0.3447916462150499,0.32712620575360435
25951,LOF,0.2016987643401183,0.2621295281507953,0.5361717075090864
25952,LOF,0.04622783551561016,0.42533508604847914,0.5284370784359107
25953,LOF,0.15528860338988998,0.11739038632887089,0.7273210102812391
25954,Neutral,0.41652776025985483,0.18088548396776255,0.4025867557723826
25955,LOF,0.05620914097500731,0.07582961582605485,0.8679612431989377
25956,LOF,0.17023082236691178,0.11231665787730907,0.7174525197557793
25957,LOF,0.038870969945874925,0.03528141798818408,0.925847612065941
25958,LOF,0.054503401801259344,0.025593339166854502,0.9199032590318861
25959,LOF,0.07690065460288698,0.3357559561220588,0.5873433892750543
25960,LOF,0.016419123943699578,0.04742022758819486,0.9361606484681055
25961,LOF,0.04234107359569734,0.025796812399414497,0.9318621140048882
25962,LOF,0.05099631664554511,0.02286284875351263,0.9261408346009423
25963,LOF,0.05130910984350778,0.1927842350357328,0.7559066551207594
25964,LOF,0.032139758074045725,0.1538508585735169,0.8140093833524373
25965,LOF,0.4402713778490862,0.06978987767004252,0.4899387444808713
25966,Neutral,0.49728256735640636,0.184269495993672,0.3184479366499216
25967,LOF,0.016052906843353053,0.1066640697297021,0.8772830234269449
25968,LOF,0.041912288581335985,0.3731592997719391,0.5849284116467249
25969,LOF,0.03536966389314129,0.05591841432749914,0.9087119217793596
25970,LOF,0.06141438159159364,0.06685518840778813,0.8717304300006182
25971,LOF,0.06116425486252367,0.020257220177780196,0.9185785249596962
25972,LOF,0.06167871329988003,0.030457839810097087,0.9078634468900229
25973,LOF,0.07512166131196202,0.010076802805539624,0.9148015358824982
25974,LOF,0.186598421205596,0.014875066713585433,0.7985265120808186
25975,LOF,0.04428891663453167,0.030313288517152787,0.9253977948483155
25976,LOF,0.04501026182745783,0.01779041081009558,0.9371993273624466
25977,LOF,0.15121458027117693,0.07722379052721293,0.7715616292016102
25978,LOF,0.15009082505569665,0.07701049938447956,0.7728986755598238
25979,LOF,0.13469201836065117,0.08352174332568517,0.7817862383136637
25980,LOF,0.23551367774870538,0.09762583044401074,0.6668604918072839
25981,LOF,0.26724157835905593,0.09556829592653818,0.6371901257144059
25982,LOF,0.4098828030553828,0.06963164027913882,0.5204855566654784
25983,LOF,0.3922901356408186,0.07401867421219936,0.5336911901469821
25984,LOF,0.04691938842588307,0.04436332523844454,0.9087172863356723
25985,LOF,0.04229314451156496,0.28364164437207173,0.6740652111163633
25986,LOF,0.0479400956330596,0.32287047720609097,0.6291894271608494
25987,LOF,0.08907603048545588,0.06771600034465071,0.8432079691698934
25988,LOF,0.15203678930559175,0.05567466566396533,0.7922885450304429
25989,LOF,0.03505640875810427,0.1090171560432332,0.8559264351986625
25990,LOF,0.039635222896031094,0.1655158768208631,0.7948489002831058
25991,LOF,0.13181357159845633,0.2572968154628651,0.6108896129386787
25992,LOF,0.29298018400470593,0.15586681255660995,0.5511530034386841
25993,LOF,0.02149963163300547,0.06571087578039471,0.9127894925865998
25994,LOF,0.016864295963361666,0.08378347016451429,0.899352233872124
25995,LOF,0.02187348725873341,0.1833279646044492,0.7947985481368174
25996,GOF,0.3071227175423866,0.4041368619941599,0.2887404204634536
25997,LOF,0.08660015741543255,0.3762007045513421,0.5371991380332254
25998,Neutral,0.5233775781003348,0.02673711395267946,0.44988530794698567
25999,LOF,0.09482476067661788,0.0976358497793872,0.807539389543995
26000,LOF,0.14230449298854755,0.04613777252013886,0.8115577344913136
26001,LOF,0.19189877770901148,0.049880544538202704,0.7582206777527859
26002,LOF,0.1191571968629881,0.04313706721503378,0.8377057359219781
26003,GOF,0.011448179262256447,0.581972816158549,0.4065790045791946
26004,GOF,0.023221572334235278,0.6804049466666748,0.29637348099908983
26005,LOF,0.006823777248609045,0.4545931955686452,0.5385830271827456
26006,Neutral,0.5011417836521009,0.2656093276879003,0.2332488886599988
26007,GOF,0.022842646432161162,0.5264442213119863,0.4507131322558525
26008,GOF,0.017042038689645843,0.6224014472248254,0.36055651408552875
26009,GOF,0.01921766369904368,0.6890601355659309,0.29172220073502536
26010,GOF,0.02449509315727671,0.622817714429293,0.3526871924134303
26011,LOF,0.007537789578649968,0.4396160603198892,0.5528461501014609
26012,GOF,0.01319974974363011,0.55816105470411,0.42863919555225977
26013,GOF,0.020239438400976046,0.6193070967669508,0.3604534648320732
26014,LOF,0.040542181125149276,0.12201184657611941,0.8374459722987313
26015,LOF,0.15622380681214296,0.014195484892771108,0.829580708295086
26016,LOF,0.19720814906675857,0.06038251706930663,0.7424093338639347
26017,LOF,0.22038734670925067,0.08990009872501495,0.6897125545657344
26018,LOF,0.08486309729958588,0.04098598979095672,0.8741509129094573
26019,LOF,0.08110663699212314,0.0330502442208275,0.8858431187870494
26020,LOF,0.0696669008975514,0.10751139737095572,0.8228217017314928
26021,LOF,0.04877353058738643,0.1097304310180001,0.8414960383946135
26022,LOF,0.011910603470345168,0.04230369806877543,0.9457856984608793
26023,LOF,0.07297458627008772,0.02611521120854789,0.9009102025213643
26024,LOF,0.03303479282960145,0.11995074963189727,0.8470144575385012
26025,LOF,0.13802093591913675,0.10280117595846289,0.7591778881224003
26026,LOF,0.30279663323202377,0.033702864772696406,0.6635005019952799
26027,LOF,0.06297156089531641,0.0206238719172459,0.9164045671874377
26028,LOF,0.16701589145681647,0.061144626627924685,0.7718394819152588
26029,LOF,0.07016692404709854,0.16171609492004263,0.7681169810328589
26030,LOF,0.02268783772029837,0.03838992793722389,0.9389222343424778
26031,LOF,0.026095876918228265,0.11701798397433577,0.8568861391074359
26032,LOF,0.06774098776236627,0.05781243588745341,0.8744465763501803
26033,LOF,0.09104710855961759,0.06064713292138666,0.8483057585189958
26034,LOF,0.04345643148203946,0.13814043265978826,0.8184031358581723
26035,LOF,0.02594781930836081,0.13100117765099425,0.843051003040645
26036,LOF,0.03888734981006769,0.15097950994161688,0.8101331402483155
26037,LOF,0.02105770864234099,0.10620684418815916,0.8727354471694998
26038,LOF,0.06385830917904221,0.059440026577066304,0.8767016642438914
26039,LOF,0.0523909941651318,0.13340991298591873,0.8141990928489494
26040,LOF,0.21737738416327324,0.10819048245800003,0.6744321333787268
26041,LOF,0.02229669131389058,0.10213894278477308,0.8755643659013362
26042,LOF,0.02024905332688958,0.09498188602249008,0.8847690606506203
26043,LOF,0.06380291597235521,0.07093674606987888,0.8652603379577659
26044,LOF,0.020071739129158828,0.04780507806099019,0.932123182809851
26045,LOF,0.07714672988757998,0.0916302621812991,0.8312230079311209
26046,LOF,0.059678101123162575,0.05967240650604926,0.880649492370788
26047,LOF,0.08059214639449101,0.06363355812237297,0.8557742954831361
26048,LOF,0.0503915266123373,0.03330913049781408,0.9162993428898485
26049,Neutral,0.9689235720701647,0.005264208859967592,0.025812219069867706
26050,Neutral,0.953153253031833,0.006672136048238431,0.04017461091992868
26051,LOF,0.0477741671794524,0.27241158672170934,0.6798142460988382
26052,LOF,0.06838466791306637,0.3110965853681244,0.6205187467188091
26053,LOF,0.05852374783423539,0.13714698244038312,0.8043292697253815
26054,LOF,0.050447653333522136,0.017057392902513957,0.9324949537639639
26055,LOF,0.06900123163249632,0.015557707752096582,0.9154410606154071
26056,LOF,0.060162025800628884,0.01723109165137327,0.9226068825479979
26057,LOF,0.02978273661661601,0.011936686505984803,0.9582805768773992
26058,LOF,0.03018980386450054,0.00981577417814103,0.9599944219573583
26059,LOF,0.2807318455074847,0.022421296723773625,0.6968468577687418
26060,LOF,0.041351161701204016,0.18739598497222087,0.771252853326575
26061,LOF,0.017568620663266865,0.011950410641541398,0.9704809686951916
26062,LOF,0.01048624916391377,0.01806022177508735,0.9714535290609988
26063,LOF,0.018752759287263332,0.011014754836006118,0.9702324858767305
26064,LOF,0.019498231088008754,0.02330494020731273,0.9571968287046784
26065,LOF,0.025023014077852176,0.011348278366287138,0.9636287075558607
26066,LOF,0.018815746727379703,0.011058532088300417,0.97012572118432
26067,LOF,0.024486186081984416,0.00834410949609178,0.9671697044219237
26068,LOF,0.043092830468880926,0.029653380223120425,0.9272537893079987
26069,LOF,0.2669159554518087,0.018479403439200695,0.7146046411089907
26070,LOF,0.4109611392485454,0.015794687897728758,0.5732441728537259
26071,LOF,0.0187700246536426,0.011668796339243778,0.9695611790071135
26072,LOF,0.019197608745339403,0.019868328639617183,0.9609340626150435
26073,LOF,0.0194404927029016,0.010666578962744307,0.9698929283343541
26074,Neutral,0.9135815710334274,0.006215114503942469,0.08020331446263022
26075,LOF,0.043661517825928794,0.01374020578455535,0.9425982763895159
26076,LOF,0.03459327628017071,0.008924716017651662,0.9564820077021776
26077,LOF,0.009056247830604717,0.014804260508306827,0.9761394916610885
26078,LOF,0.014710701514033163,0.010247305818821675,0.9750419926671453
26079,LOF,0.060526147804128384,0.01640247728754477,0.9230713749083268
26080,LOF,0.05952854032976564,0.01641989473232184,0.9240515649379125
26081,LOF,0.03156036887056513,0.0070850001626731815,0.9613546309667618
26082,LOF,0.013037023470902725,0.016736948360247472,0.9702260281688498
26083,LOF,0.1705984365771195,0.014508602568282248,0.8148929608545983
26084,LOF,0.03854403222265978,0.011395480526857302,0.9500604872504829
26085,LOF,0.03449987021918234,0.010876055428728737,0.9546240743520891
26086,LOF,0.01928909179928075,0.010312227921510892,0.9703986802792083
26087,LOF,0.022733884580670247,0.007757369328887783,0.969508746090442
26088,LOF,0.015792386055252544,0.022498323064692273,0.9617092908800551
26089,LOF,0.04129406235470006,0.021618082674427327,0.9370878549708725
26090,LOF,0.041101136382172485,0.01717496898111691,0.9417238946367106
26091,LOF,0.030757927499284386,0.0062902511079920165,0.9629518213927235
26092,LOF,0.021270698919056946,0.00795012367073822,0.9707791774102049
26093,LOF,0.03159913637590383,0.0062479891127642535,0.9621528745113319
26094,LOF,0.033115286127426986,0.006030549920309396,0.9608541639522635
26095,LOF,0.04309289060763378,0.013347968001212443,0.9435591413911538
26096,LOF,0.016896263690402948,0.011875164002989385,0.9712285723066076
26097,LOF,0.011886708225535588,0.03418514794026813,0.9539281438341962
26098,LOF,0.07822794648416709,0.011268918354964139,0.9105031351608689
26099,LOF,0.019747327351322737,0.012216503630386429,0.9680361690182908
26100,LOF,0.021575589649054518,0.01192585597117376,0.9664985543797716
26101,LOF,0.044214387484367776,0.01457260346818348,0.9412130090474488
26102,LOF,0.019438012769047087,0.012607047622473264,0.9679549396084796
26103,Neutral,0.8811666737107715,0.01878173817679023,0.10005158811243817
26104,LOF,0.07869141311057506,0.023489076058091102,0.8978195108313339
26105,LOF,0.19269343505505773,0.2544162701081198,0.5528902948368225
26106,LOF,0.17417865984835232,0.13371733568836822,0.6921040044632794
26107,LOF,0.22617108264351687,0.08197652605964825,0.691852391296835
26108,LOF,0.22135248211027123,0.09755706337189823,0.6810904545178306
26109,LOF,0.0894099819882621,0.053167506406435305,0.8574225116053027
26110,LOF,0.2111860761929619,0.007214908254401161,0.781599015552637
26111,Neutral,0.5157410189789763,0.03060444136395345,0.4536545396570703
26112,LOF,0.03144802166026598,0.007566308465131437,0.9609856698746027
26113,LOF,0.06080823516118494,0.017245846527961843,0.9219459183108532
26114,LOF,0.025812729949579147,0.030604646946260604,0.9435826231041603
26115,LOF,0.08242948388309687,0.05552441448642149,0.8620461016304817
26116,LOF,0.06209361899587559,0.06468411388607219,0.8732222671180523
26117,LOF,0.4495509026358691,0.0386635165817729,0.511785580782358
26118,LOF,0.034694443667535164,0.021277727609484518,0.9440278287229803
26119,LOF,0.024747987990870874,0.031232850526906632,0.9440191614822224
26120,LOF,0.025144564078573347,0.017282943759573396,0.9575724921618531
26121,LOF,0.041068590628764466,0.07149140704001146,0.8874400023312241
