feature0,prediction,LoGoFunc_Neutral,LoGoFunc_GOF,LoGoFunc_LOF
25546,Neutral,0.6110709862804062,0.054226439262023744,0.33470257445756996
25547,Neutral,0.46283317583456035,0.0865814138932519,0.45058541027218785
25548,Neutral,0.48637165984365976,0.0716833797652064,0.44194496039113385
25549,LOF,0.4159205942488747,0.0743726391434303,0.509706766607695
25550,LOF,0.32252549140217424,0.10061710328542416,0.5768574053124016
25551,LOF,0.2965381249454438,0.10819745867013239,0.5952644163844238
25552,LOF,0.26070936467740474,0.10444762211384002,0.6348430132087552
25553,Neutral,0.7833970079575775,0.045904547569299854,0.17069844447312268
25554,LOF,0.3038043024303033,0.09416325441364652,0.6020324431560501
25555,LOF,0.26112874558825694,0.08808767006347464,0.6507835843482683
25556,LOF,0.4463515557883076,0.07826786420099721,0.47538058001069516
25557,LOF,0.24735244612497218,0.09252780183157168,0.6601197520434561
25558,LOF,0.2985912610411131,0.09088400050160503,0.6105247384572818
25559,LOF,0.2528878747140776,0.1348322547856759,0.6122798705002465
25560,LOF,0.17507840991471535,0.11108535449542421,0.7138362355898603
25561,LOF,0.1658677655889772,0.12593502196346376,0.7081972124475591
25562,LOF,0.0749212322114646,0.08081554949838439,0.844263218290151
25563,LOF,0.025499830009397574,0.15205137984724304,0.8224487901433594
25564,LOF,0.20952061294386684,0.1402487026710809,0.6502306843850522
25565,LOF,0.21363288215931872,0.13029653214806777,0.6560705856926136
25566,GOF,0.09722147068632848,0.6466085203769852,0.25617000893668623
25567,LOF,0.040914281120034875,0.17653935873060514,0.78254636014936
25568,LOF,0.06459805352000322,0.09257920554344884,0.842822740936548
25569,LOF,0.061534895246168675,0.098597720806529,0.8398673839473023
25570,LOF,0.02799522607106056,0.11614228634098515,0.8558624875879544
25571,LOF,0.026197955559271947,0.12481505991979783,0.8489869845209301
25572,LOF,0.061818351434876004,0.1359051341556861,0.8022765144094379
25573,LOF,0.06353483196739315,0.1152348949552395,0.8212302730773674
25574,LOF,0.06274783079086887,0.21834718524549304,0.718904983963638
25575,LOF,0.023169968726041677,0.13767875889709216,0.8391512723768663
25576,LOF,0.028871020003034372,0.17173890541955086,0.7993900745774147
25577,LOF,0.028849600985281006,0.1305577289893679,0.8405926700253511
25578,LOF,0.317188128359359,0.10879595406228933,0.5740159175783517
25579,LOF,0.1518147114307909,0.11557302512174901,0.7326122634474601
25580,LOF,0.019522768154386513,0.10271352956700391,0.8777637022786097
25581,LOF,0.05867404297375345,0.08512363750716435,0.8562023195190821
25582,LOF,0.05883167995237264,0.08447884986174936,0.856689470185878
25583,LOF,0.022272422444611445,0.1021731966754733,0.8755543808799152
25584,Neutral,0.7205730268864764,0.12305656994379587,0.15637040316972772
25585,LOF,0.0268456925479477,0.17543286098033048,0.7977214464717218
25586,LOF,0.017795317736775982,0.08949768824319719,0.8927069940200268
25587,LOF,0.01692729199604903,0.08229866230532974,0.9007740456986213
25588,LOF,0.020661620957466403,0.0892148239482614,0.8901235550942721
25589,Neutral,0.5178417091506392,0.20357222597351604,0.27858606487584475
25590,LOF,0.04525655013186065,0.14513583173517822,0.8096076181329612
25591,LOF,0.09939926195525747,0.0784371789892493,0.8221635590554931
25592,LOF,0.05587196832208634,0.1659300747810741,0.7781979568968395
25593,LOF,0.15250156475250015,0.26211690542060295,0.5853815298268968
25594,LOF,0.05018532463308093,0.0750339157955065,0.8747807595714127
25595,LOF,0.05022856331246035,0.05650497090099303,0.8932664657865467
25596,LOF,0.10598542119305498,0.02834802424407539,0.8656665545628697
25597,LOF,0.0801910381551058,0.034793492835773314,0.8850154690091209
25598,LOF,0.04859041093193795,0.05609483579927756,0.8953147532687844
25599,LOF,0.01834370899621883,0.4891087211670863,0.4925475698366949
25600,GOF,0.16171725913980278,0.5293727876107004,0.30890995324949677
25601,LOF,0.03647373428516459,0.40443545169945105,0.5590908140153844
25602,LOF,0.03579392894910264,0.059947681188933136,0.9042583898619643
25603,LOF,0.03379303283435277,0.03485872347731026,0.9313482436883369
25604,LOF,0.03657111092346914,0.07040959281485022,0.8930192962616806
25605,LOF,0.03604800403795276,0.1939660628286969,0.7699859331333504
25606,LOF,0.4181224092735323,0.1184137277219791,0.4634638630044887
25607,LOF,0.026386995299080403,0.17775675618389916,0.7958562485170204
25608,LOF,0.039323287984103075,0.06734237966464171,0.8933343323512553
25609,GOF,0.13708328207304166,0.5271100340390547,0.3358066838879037
25610,LOF,0.015958876911263624,0.029960934022432252,0.954080189066304
25611,LOF,0.01378779003348373,0.03392039634349181,0.9522918136230245
25612,LOF,0.05066059755817393,0.0505934476024757,0.8987459548393504
25613,LOF,0.04617573168039162,0.04999655571916925,0.9038277126004391
25614,LOF,0.023870680759294858,0.027008973533388336,0.9491203457073168
25615,LOF,0.04169850370307039,0.049715286881570925,0.9085862094153586
25616,LOF,0.0511882338952096,0.03152494915995782,0.9172868169448325
25617,LOF,0.04406469893579886,0.04239555701220865,0.9135397440519926
25618,LOF,0.049574187586590615,0.038041557217490356,0.912384255195919
25619,LOF,0.013654153301929007,0.03558514095049087,0.9507607057475801
25620,LOF,0.06149616121186178,0.04777602129865014,0.8907278174894881
25621,LOF,0.053841358909370834,0.041977711866265595,0.9041809292243634
25622,LOF,0.06253675975593039,0.03999786139436694,0.8974653788497026
25623,LOF,0.06765799822033876,0.03302181163744298,0.8993201901422183
25624,LOF,0.01869830510142089,0.03688548512093257,0.9444162097776466
25625,LOF,0.059528770137023575,0.04598549520910545,0.894485734653871
25626,LOF,0.048735979677252864,0.04864052735381657,0.9026234929689306
25627,Neutral,0.896469876316196,0.02049885656624583,0.08303126711755818
25628,LOF,0.1489575126824183,0.06312358901083703,0.7879188983067446
25629,LOF,0.07014835084891895,0.05371819054435348,0.8761334586067275
25630,LOF,0.2854836498605923,0.07969290595801849,0.6348234441813891
25631,Neutral,0.5771416188467472,0.0673503821784517,0.35550799897480123
25632,LOF,0.026738148728689418,0.06785827892521185,0.9054035723460987
25633,LOF,0.15084659145308577,0.04578802698894528,0.803365381557969
25634,LOF,0.03340945242418209,0.0965068156986052,0.8700837318772128
25635,LOF,0.03492860129652326,0.05052764336214723,0.9145437553413295
25636,LOF,0.03287216654241214,0.4470282523221792,0.5200995811354087
25637,GOF,0.07163699389560052,0.5018685674349802,0.4264944386694193
25638,LOF,0.029744769450774488,0.3660257128621386,0.604229517687087
25639,LOF,0.028115710637670342,0.38928035146294515,0.5826039378993844
25640,Neutral,0.776028901496832,0.18060390723018915,0.043367191272978875
25641,GOF,0.06229240726638874,0.49826247266120377,0.43944512007240744
25642,LOF,0.0478875190122977,0.18695649618798837,0.7651559847997138
25643,LOF,0.1910165075750359,0.19372254115884605,0.615260951266118
25644,LOF,0.027257815941345156,0.47157424300282536,0.5011679410558295
25645,LOF,0.029493736214885633,0.3904870248791432,0.5800192389059712
25646,LOF,0.06616499800147894,0.345208464645913,0.588626537352608
25647,LOF,0.03098602742872493,0.27995035741181684,0.6890636151594582
25648,LOF,0.04364583488444158,0.2695349833295294,0.686819181786029
25649,LOF,0.021003894623945626,0.25037295353978234,0.7286231518362719
25650,LOF,0.06141876247862205,0.4038397779739651,0.5347414595474129
25651,LOF,0.021222519273177313,0.30337290727374827,0.6754045734530745
25652,LOF,0.042346827447312795,0.2822749354896404,0.6753782370630468
25653,LOF,0.09728520532314125,0.39513573255321,0.5075790621236488
25654,LOF,0.0309815474676008,0.27055375251628777,0.6984647000161114
25655,GOF,0.2436050296504816,0.39218942869703777,0.36420554165248065
25656,LOF,0.3111193504265761,0.06439702389900775,0.6244836256744162
25657,LOF,0.05804145023540974,0.06447961642411526,0.8774789333404749
25658,LOF,0.32868932768439274,0.05869171422272828,0.6126189580928789
25659,Neutral,0.47757919324234016,0.08365007208422244,0.4387707346734373
25660,LOF,0.02183137633001876,0.08553966193976938,0.8926289617302119
25661,LOF,0.09457769219310883,0.0589271551843722,0.8464951526225188
25662,LOF,0.03432240887261142,0.03438201255702347,0.931295578570365
25663,LOF,0.04452047179742299,0.04694707457426388,0.908532453628313
25664,LOF,0.13711075948973384,0.06570537017655766,0.7971838703337086
25665,LOF,0.054277958542947764,0.031373813241703415,0.9143482282153488
25666,LOF,0.09362801285260709,0.0693912763011206,0.8369807108462722
25667,LOF,0.07019466973780676,0.03857507458452723,0.8912302556776661
25668,LOF,0.03753987096911342,0.04677525200705492,0.9156848770238316
25669,LOF,0.03203500810658698,0.048029725618430615,0.9199352662749823
25670,LOF,0.14587247902280293,0.061914373329676566,0.7922131476475205
25671,LOF,0.10912536765918761,0.03553366118767105,0.8553409711531413
25672,LOF,0.054971360130611525,0.044315735479580176,0.9007129043898083
25673,LOF,0.08508427622111012,0.05434550310803078,0.8605702206708591
25674,LOF,0.07164321401779947,0.06184134592252602,0.8665154400596745
25675,LOF,0.12463670140404277,0.05581631645947953,0.8195469821364777
25676,LOF,0.01922968936105525,0.0537008516382405,0.9270694590007041
25677,LOF,0.025436412121124827,0.07236841223181655,0.9021951756470586
25678,LOF,0.1889891159754131,0.06502910202484198,0.7459817819997449
25679,LOF,0.12926221879923605,0.08429221957864946,0.7864455616221144
25680,LOF,0.03241012377172196,0.12225073581168636,0.8453391404165916
25681,LOF,0.05309002786761101,0.11247749081860604,0.8344324813137829
25682,LOF,0.14324445348334158,0.07619355931316403,0.7805619872034945
25683,LOF,0.11681934856357488,0.10114729841838312,0.7820333530180419
25684,LOF,0.042495829229732406,0.07486335430941565,0.8826408164608518
25685,LOF,0.14440915913901017,0.05875569046102896,0.7968351503999609
25686,LOF,0.07981478225490594,0.08395476725755144,0.8362304504875427
25687,LOF,0.12318338751090495,0.095575068540341,0.781241543948754
25688,LOF,0.3172676007224971,0.028310169050916382,0.6544222302265866
25689,LOF,0.25901650363574485,0.030023297425663065,0.7109601989385921
25690,LOF,0.3229965331198136,0.0266427377188114,0.650360729161375
25691,Neutral,0.7070024978799099,0.019621298144889394,0.2733762039752006
25692,LOF,0.3219116188200136,0.008973437886230663,0.6691149432937558
25693,LOF,0.051649503258600765,0.4198469305286825,0.5285035662127167
25694,LOF,0.11966256133072181,0.014822858840214679,0.8655145798290634
25695,LOF,0.11498686394099868,0.015016384852068364,0.8699967512069329
25696,LOF,0.1317836250515402,0.009467834879135877,0.8587485400693239
25697,LOF,0.08509263558479735,0.04264111959100158,0.8722662448242011
25698,LOF,0.3551366799654825,0.1789656997780949,0.46589762025642256
25699,LOF,0.4632687439393389,0.03956608247772513,0.49716517358293605
25700,LOF,0.0745926834179241,0.0095671546161121,0.9158401619659637
25701,LOF,0.15129317649235455,0.04238970499440329,0.8063171185132423
25702,GOF,0.16471865286646095,0.5746049672400961,0.26067637989344294
25703,LOF,0.014757899629752994,0.163557529503079,0.821684570867168
25704,LOF,0.04114899028944035,0.10742774453085747,0.8514232651797022
25705,LOF,0.047980094777846705,0.15796840852079239,0.7940514967013609
25706,LOF,0.09689752025243345,0.43618881753724253,0.46691366221032404
25707,LOF,0.10589216435452349,0.3696820576608419,0.5244257779846346
25708,LOF,0.03230041389939016,0.33027136644634936,0.6374282196542604
25709,LOF,0.06707878689646221,0.05007096558497813,0.8828502475185597
25710,LOF,0.01128960645379678,0.17815044055433965,0.8105599529918636
25711,LOF,0.01924632736673599,0.11320596233119735,0.8675477103020666
25712,LOF,0.013736543785709281,0.2109386321057225,0.7753248241085682
25713,LOF,0.018573282756071067,0.09845853359635684,0.8829681836475722
25714,LOF,0.0743633838338536,0.09417915537684206,0.8314574607893044
25715,LOF,0.011351386270836249,0.16202821191808142,0.8266204018110824
25716,LOF,0.011814607718696168,0.12205676692875365,0.8661286253525502
25717,LOF,0.011849565052872286,0.09906089907631337,0.8890895358708144
25718,LOF,0.01165730878950115,0.12464289483214501,0.8636997963783537
25719,LOF,0.018774170415683338,0.1017579298820033,0.8794678997023134
25720,LOF,0.023973104433129264,0.08451044203987869,0.891516453526992
25721,LOF,0.014548680711972971,0.1423538952336633,0.8430974240543638
25722,LOF,0.0138123500324449,0.14874892165033632,0.8374387283172188
25723,LOF,0.023539172999118275,0.05294535668555273,0.9235154703153291
25724,LOF,0.03127371819840822,0.11730453477567779,0.851421747025914
25725,LOF,0.011594384808668302,0.08913167999422783,0.8992739351971039
25726,LOF,0.015219840212877218,0.1404025705714671,0.8443775892156555
25727,LOF,0.012835420638964206,0.10022371007056428,0.8869408692904714
25728,LOF,0.009370630244560191,0.1469613161805366,0.8436680535749033
25729,LOF,0.009713942709872301,0.14123037765328084,0.8490556796368469
25730,LOF,0.013651383585507576,0.10269670534064793,0.8836519110738446
25731,LOF,0.018662407898826595,0.12500569269211276,0.8563318994090607
25732,LOF,0.013609194247450024,0.09266598503181492,0.893724820720735
25733,LOF,0.015844319848007285,0.08670835352297665,0.8974473266290162
25734,LOF,0.011136819581295877,0.15532069991988867,0.8335424804988154
25735,LOF,0.01337593492683445,0.10209212166885474,0.8845319434043107
25736,LOF,0.014520820096969008,0.11345646491447124,0.8720227149885597
25737,LOF,0.012130253270063809,0.09833078777055977,0.8895389589593765
25738,LOF,0.011840884983057742,0.135660395039186,0.8524987199777563
25739,LOF,0.021213401297637487,0.09312399944129654,0.8856625992610658
25740,LOF,0.026076349903667043,0.1347301172608403,0.8391935328354926
25741,LOF,0.01431173022753943,0.13834798469529205,0.8473402850771685
25742,LOF,0.12336082048484441,0.10006065686486598,0.7765785226502896
25743,LOF,0.03385514019033522,0.03841109597551403,0.9277337638341508
25744,Neutral,0.5709810342425142,0.19861783966734792,0.23040112609013785
25745,LOF,0.07923862727547808,0.067377442315662,0.8533839304088598
25746,LOF,0.043368799300535145,0.08031885318095186,0.876312347518513
25747,LOF,0.020714727765677277,0.056407818771118126,0.9228774534632046
25748,LOF,0.09045483955279898,0.08733861877688001,0.8222065416703209
25749,LOF,0.025870785210968857,0.07883631092225023,0.895292903866781
25750,LOF,0.08596345110399314,0.08827991586473553,0.8257566330312713
25751,LOF,0.09696025873755103,0.09502606896764694,0.8080136722948019
25752,GOF,0.11225061763904003,0.6288640787188444,0.25888530364211554
25753,LOF,0.019751337260451602,0.2583675893301305,0.721881073409418
25754,GOF,0.011767318736045437,0.7650362289064745,0.2231964523574801
25755,LOF,0.022617467075399727,0.37792682825276785,0.5994557046718324
25756,LOF,0.04515932650082612,0.34231096313215836,0.6125297103670155
25757,GOF,0.01527598687333656,0.8135718656050406,0.17115214752162278
25758,GOF,0.03121820979008441,0.7934491602208653,0.17533262998905036
25759,GOF,0.011300836656399181,0.5614002479356778,0.4272989154079231
25760,LOF,0.012043720361386807,0.2467895410186753,0.7411667386199379
25761,GOF,0.2654624008443424,0.634292220885268,0.10024537827038953
25762,LOF,0.038197210128910676,0.2515653238128718,0.7102374660582175
25763,LOF,0.013239506487057786,0.19664381717923865,0.7901166763337036
25764,GOF,0.07667695001368102,0.6016101955506561,0.32171285443566283
25765,GOF,0.03631530388593866,0.7142989636302711,0.2493857324837902
25766,GOF,0.06613277475475572,0.7348831522967904,0.19898407294845405
25767,GOF,0.14847328182525799,0.5668793913304183,0.28464732684432364
25768,LOF,0.11251745395215221,0.06681080188690897,0.8206717441609389
25769,LOF,0.05903274097253924,0.05979276547654556,0.8811744935509153
25770,LOF,0.33644373411492884,0.10502313766569946,0.5585331282193718
25771,LOF,0.04342822455971696,0.05021126085166341,0.9063605145886197
25772,LOF,0.018292335832246303,0.041520706269301474,0.9401869578984523
25773,LOF,0.04533204282872688,0.10510773836162908,0.849560218809644
25774,LOF,0.02863235680312808,0.07538601342306564,0.8959816297738062
25775,LOF,0.04964359668279888,0.04800722467541905,0.9023491786417821
25776,LOF,0.07830807712731909,0.026110443735339505,0.8955814791373413
25777,LOF,0.3465224709925695,0.05790213230223985,0.5955753967051907
25778,LOF,0.07085981573842437,0.05049861979805323,0.8786415644635223
25779,GOF,0.3539508210228573,0.6033008715749252,0.04274830740221751
25780,GOF,0.3116129338080558,0.6219833364019434,0.06640372979000085
25781,GOF,0.1166557949870369,0.7814235346392329,0.10192067037373018
25782,GOF,0.18491945257233924,0.7478490771306263,0.06723147029703452
25783,GOF,0.02258670476384086,0.6483309211949277,0.32908237404123125
25784,GOF,0.4775437461497676,0.4854867602608928,0.03696949358933968
25785,GOF,0.4463032833642768,0.5194594029711791,0.03423731366454404
25786,GOF,0.027328338056447517,0.7648355124467547,0.2078361494967977
25787,Neutral,0.606749344774525,0.3715679956007857,0.021682659624689276
25788,LOF,0.058852200311522274,0.1283571098557851,0.8127906898326926
25789,GOF,0.19602135569043116,0.6882515542899424,0.1157270900196263
25790,GOF,0.22307085988603975,0.6895282651053787,0.08740087500858146
25791,GOF,0.1684494025069288,0.6866356883784073,0.14491490911466406
25792,GOF,0.35703153993717635,0.5352720518801575,0.10769640818266622
25793,GOF,0.2406782772628549,0.573099452426222,0.18622227031092317
25794,GOF,0.291126969555021,0.5459306584285402,0.1629423720164389
25795,GOF,0.08171702201326833,0.692518546122476,0.22576443186425563
25796,Neutral,0.5546474902765821,0.37315152528066137,0.07220098444275655
25797,GOF,0.08451764072087964,0.5663604548485107,0.3491219044306097
25798,GOF,0.009201343382743376,0.5166578703246292,0.4741407862926275
25799,LOF,0.007804549069945195,0.41266267729835726,0.5795327736316975
25800,GOF,0.03425593392852674,0.5977616065135148,0.36798245955795844
25801,GOF,0.21694410597223374,0.6698074201588204,0.11324847386894576
25802,GOF,0.07015795243173155,0.7056844715019035,0.22415757606636494
25803,GOF,0.03403135283364707,0.5951722051746952,0.37079644199165773
25804,GOF,0.029080389963087722,0.5208101337227652,0.4501094763141471
25805,GOF,0.09217587654291871,0.6151993741109008,0.2926247493461806
25806,GOF,0.10266743677347077,0.6098138967093526,0.2875186665171766
25807,GOF,0.019356560298779125,0.6360025093397403,0.3446409303614806
25808,GOF,0.08319283107022263,0.6539323771743273,0.26287479175545014
25809,GOF,0.018770315838954603,0.6102225770988524,0.37100710706219303
25810,GOF,0.017314936021992192,0.646339532953537,0.3363455310244709
25811,GOF,0.42150156158077795,0.5098175177747312,0.0686809206444908
25812,GOF,0.03169401290137509,0.653367742981674,0.31493824411695076
25813,Neutral,0.49910024973246997,0.4236367354033796,0.07726301486415034
25814,GOF,0.11397709383101516,0.6853521209452611,0.20067078522372364
25815,GOF,0.17667745120704234,0.6595350877695537,0.16378746102340397
25816,GOF,0.022653314555816567,0.7175938621324051,0.2597528233117784
25817,GOF,0.2152722470052046,0.6699971194405665,0.11473063355422888
25818,GOF,0.051316242784149944,0.6484922848383302,0.30019147237751975
25819,GOF,0.33977776201603344,0.542837138699925,0.11738509928404159
25820,GOF,0.17095663440858638,0.6344848148885704,0.19455855070284309
25821,GOF,0.06036725644981204,0.6796790184090274,0.25995372514116055
25822,GOF,0.2086403888684349,0.5855113398490053,0.20584827128255992
25823,GOF,0.03278725630087766,0.5377458357523183,0.42946690794680414
25824,GOF,0.0908337563474562,0.5987452388814115,0.3104210047711322
25825,GOF,0.03363271732938756,0.5883176030870981,0.3780496795835142
25826,GOF,0.014369077913873,0.5659821483608889,0.4196487737252382
25827,GOF,0.0206677914145303,0.615974740207443,0.3633574683780267
25828,GOF,0.012066170786270657,0.543033255695417,0.4449005735183124
25829,GOF,0.005945776794940749,0.5840669820397109,0.40998724116534835
25830,LOF,0.03453698307587341,0.32703892066210255,0.638424096262024
25831,GOF,0.1807395375905305,0.6931515687064675,0.1261088937030019
25832,GOF,0.0328271011393197,0.6998913922794936,0.26728150658118655
25833,GOF,0.11544096185422446,0.7296391502131727,0.15491988793260286
25834,GOF,0.033461686545125505,0.7101961513330617,0.2563421621218128
25835,GOF,0.07365965749982235,0.7520116414706621,0.17432870102951553
25836,GOF,0.0363732621482986,0.7049196980580525,0.2587070397936489
25837,GOF,0.025311060363135907,0.6103958658484868,0.3642930737883773
25838,GOF,0.088572697510633,0.7761019596950475,0.1353253427943195
25839,GOF,0.25331860131735,0.6119572876550202,0.1347241110276297
25840,GOF,0.20000582646609408,0.6722051539064614,0.12778901962744454
25841,GOF,0.21378376806054653,0.6670294945021911,0.11918673743726232
25842,GOF,0.16130096047524867,0.7105083514805598,0.12819068804419154
25843,GOF,0.22028017346171422,0.6913098459272421,0.08840998061104381
25844,GOF,0.061492731481957864,0.7161065178209602,0.22240075069708207
25845,GOF,0.016408964040663485,0.5135199804969934,0.4700710554623432
25846,GOF,0.10779499490338075,0.7445264663434836,0.1476785387531357
25847,GOF,0.10894209861903578,0.7910896757101676,0.09996822567079648
25848,GOF,0.039525264892508634,0.7000204790797421,0.26045425602774924
25849,GOF,0.011509873121162565,0.5985088010415195,0.3899813258373178
25850,GOF,0.022963175517554543,0.6622803927840899,0.31475643169835554
25851,GOF,0.019097499183588672,0.55836436464326,0.4225381361731514
25852,GOF,0.16012074121966755,0.6030672480127773,0.23681201076755512
25853,GOF,0.33837348916090626,0.597898305553531,0.06372820528556275
25854,GOF,0.023150715528120154,0.6501583943364119,0.32669089013546804
25855,GOF,0.0355184860237479,0.5856149321411769,0.37886658183507527
25856,GOF,0.23566649279011653,0.575175860279092,0.1891576469307915
25857,GOF,0.03464311579316688,0.5359258786384418,0.42943100556839137
25858,GOF,0.02149536302579449,0.5597718812064363,0.41873275576776914
25859,GOF,0.010266826615845796,0.5342106603868648,0.4555225129972894
25860,GOF,0.347027740226144,0.5861832362405041,0.06678902353335195
25861,GOF,0.3987621152707095,0.535545049009618,0.06569283571967256
25862,GOF,0.07973361683198786,0.7866752643211326,0.13359111884687963
25863,GOF,0.08230184091903281,0.79287415548963,0.12482400359133727
25864,GOF,0.17629488520815673,0.7515277653076834,0.07217734948415992
25865,GOF,0.07833910483183296,0.806286783436671,0.11537411173149612
25866,GOF,0.05482708532994516,0.80970684586585,0.13546606880420486
25867,GOF,0.07534003516934863,0.8327694299672563,0.0918905348633949
25868,GOF,0.2501038544198519,0.6553264296014552,0.094569715978693
25869,Neutral,0.662742999140208,0.3049282918286457,0.032328709031146326
25870,GOF,0.29599519560990245,0.37765901195877205,0.3263457924313255
25871,GOF,0.19786753388086803,0.6664487474870912,0.13568371863204087
25872,GOF,0.07024487387029096,0.6889168925895114,0.2408382335401975
25873,GOF,0.12043182699904723,0.7079813665604209,0.17158680644053184
25874,LOF,0.017978011666257183,0.13152269253086757,0.8504992958028752
25875,LOF,0.10319716658454854,0.03124670532479625,0.8655561280906551
25876,LOF,0.03676635128664344,0.031680935590753696,0.9315527131226028
25877,Neutral,0.49046993920427195,0.03727831123008122,0.4722517495656467
25878,LOF,0.22071694093075844,0.06323120037405087,0.7160518586951906
25879,LOF,0.10291985313239445,0.07015086152068571,0.8269292853469199
25880,LOF,0.024018555282710963,0.014275023497968794,0.9617064212193203
25881,LOF,0.18124392328411243,0.09669316716134296,0.7220629095545446
25882,LOF,0.06849998711941965,0.015103440008995873,0.9163965728715846
25883,LOF,0.08467412630984228,0.017402647553091313,0.8979232261370663
25884,LOF,0.035515982120965905,0.02767527523295053,0.9368087426460835
25885,LOF,0.06216173655366802,0.010853615731136248,0.9269846477151957
25886,LOF,0.2713821717711992,0.03126845506295842,0.6973493731658422
25887,LOF,0.1696316525097211,0.05685202996238126,0.7735163175278976
25888,LOF,0.0738138252694284,0.05343484118713975,0.8727513335434319
25889,LOF,0.04548095360317775,0.01903082521142245,0.9354882211853999
25890,LOF,0.04976790467659032,0.1503072443609126,0.799924850962497
25891,LOF,0.039206676952607294,0.060953451669425826,0.899839871377967
25892,LOF,0.08813210394852775,0.025799047819761268,0.8860688482317111
25893,LOF,0.22013285049591105,0.02285514479197683,0.7570120047121122
25894,LOF,0.16393469572563896,0.012832669878452243,0.8232326343959088
25895,LOF,0.21373531273995872,0.020726984318457962,0.7655377029415832
25896,LOF,0.04754070532735779,0.03143002062328856,0.9210292740493536
25897,LOF,0.263566913165665,0.013031629566289915,0.7234014572680451
25898,Neutral,0.7029939727258792,0.010296856038025007,0.2867091712360958
25899,LOF,0.18706000377925158,0.026768062943246868,0.7861719332775016
25900,LOF,0.4220543856051295,0.01812860087060975,0.5598170135242607
25901,LOF,0.04416398037744453,0.01563471584722166,0.9402013037753338
25902,LOF,0.15026605055917902,0.01584910452203424,0.8338848449187868
25903,Neutral,0.55208992698228,0.0306729095364399,0.41723716348128015
25904,LOF,0.24683330315049518,0.06563828386692279,0.6875284129825822
25905,LOF,0.028090833902920016,0.30521197621964075,0.6666971898774392
25906,LOF,0.0341101420213752,0.07104867664343277,0.894841181335192
25907,LOF,0.017019244621848412,0.3279592857703129,0.6550214696078388
25908,LOF,0.012653840552291535,0.23337569977421854,0.75397045967349
25909,LOF,0.015052654531539337,0.1298961086173439,0.8550512368511167
25910,LOF,0.05294223760578198,0.10978229508893401,0.8372754673052839
25911,LOF,0.1811623638237552,0.02318998294977901,0.7956476532264658
25912,LOF,0.04583927902148255,0.041710730196047506,0.9124499907824699
25913,LOF,0.28327005692593277,0.020143869956578894,0.6965860731174883
25914,LOF,0.021122638570189325,0.07818393032689111,0.9006934311029196
25915,Neutral,0.5372210142039072,0.25210172027254935,0.21067726552354343
25916,LOF,0.07307172727041326,0.2945418724912998,0.632386400238287
25917,LOF,0.0677976155808229,0.06274046359115665,0.8694619208280205
25918,LOF,0.027323785637946685,0.051702597001027,0.9209736173610263
25919,LOF,0.022622540859503888,0.059546982835977647,0.9178304763045185
25920,GOF,0.11830204267623551,0.5188633201402154,0.362834637183549
25921,LOF,0.02296762756034069,0.034261239976876495,0.9427711324627828
25922,LOF,0.031392164106705714,0.024771371549177645,0.9438364643441166
25923,LOF,0.4025583662053759,0.02780768920845752,0.5696339445861667
25924,LOF,0.03545706682147398,0.042595413636718586,0.9219475195418074
25925,LOF,0.06873615766274531,0.03398090571993362,0.8972829366173212
25926,LOF,0.05145567892195026,0.028876618629606554,0.9196677024484432
25927,LOF,0.06732265886943055,0.08020038368345425,0.8524769574471153
25928,LOF,0.01879675284246265,0.043251994765548606,0.9379512523919888
25929,Neutral,0.5228554613692197,0.02974282613882534,0.44740171249195493
25930,LOF,0.05034322817667538,0.026377628570477145,0.9232791432528474
25931,LOF,0.025271034296064795,0.02626015723896795,0.9484688084649673
25932,LOF,0.02576113399058353,0.02282043433829032,0.9514184316711262
25933,LOF,0.03589033304731133,0.015992561841965004,0.9481171051107237
25934,LOF,0.02424681895084899,0.02093538009135466,0.9548178009577964
25935,LOF,0.06076834074406537,0.03973458620393345,0.8994970730520011
25936,LOF,0.0429958701524667,0.022425172622409784,0.9345789572251235
25937,LOF,0.02675462954000471,0.029643171692268006,0.9436021987677272
25938,LOF,0.06158070741116823,0.04213642726834583,0.896282865320486
25939,LOF,0.04135714915777287,0.017153214485521363,0.9414896363567058
25940,LOF,0.028418075454150298,0.407326276060554,0.5642556484852957
25941,LOF,0.1905362461085522,0.09147559779954584,0.717988156091902
25942,LOF,0.016406669628908976,0.03635552319448926,0.9472378071766018
25943,LOF,0.3089547532269621,0.06076448111165287,0.6302807656613849
25944,LOF,0.4876000679473807,0.023453901400541734,0.48894603065207765
25945,LOF,0.06768580485829591,0.025335623647518037,0.9069785714941861
25946,LOF,0.026133782114972446,0.14021366922030987,0.8336525486647177
25947,LOF,0.1187241038928038,0.222174974473781,0.6591009216334152
25948,LOF,0.3957592393987676,0.009828067272958168,0.5944126933282743
25949,LOF,0.1049774045191769,0.03602160717705909,0.859000988303764
25950,GOF,0.26604051816425356,0.39939436121312527,0.3345651206226213
25951,LOF,0.21983875142660392,0.23466167846966887,0.5454995701037272
25952,LOF,0.045339932521650674,0.4297896205091779,0.5248704469691715
25953,LOF,0.13820350080918603,0.09763794552821191,0.7641585536626021
25954,Neutral,0.47064965972470896,0.16383364857984406,0.3655166916954469
25955,LOF,0.04717433386970977,0.08788688216262808,0.8649387839676622
25956,LOF,0.18124277841428607,0.11793825228483142,0.7008189693008825
25957,LOF,0.036646209865120974,0.03356638023397912,0.9297874099008998
25958,LOF,0.06306182751758169,0.0296575379053913,0.907280634577027
25959,LOF,0.06798550868943674,0.420857844228473,0.5111566470820903
25960,LOF,0.01733295902407979,0.05528807266775675,0.9273789683081635
25961,LOF,0.050748612333156765,0.0328160619286726,0.9164353257381705
25962,LOF,0.05997520057547687,0.027069863710707107,0.912954935713816
25963,LOF,0.05173424154098176,0.17014338510160817,0.7781223733574101
25964,LOF,0.03928416385237013,0.1575169416149353,0.8031988945326946
25965,Neutral,0.4882856763736624,0.07545046223640119,0.43626386138993634
25966,Neutral,0.49287736711454844,0.09793698104312977,0.4091856518423218
25967,LOF,0.012359862082088058,0.06194292801291449,0.9256972099049974
25968,LOF,0.03468314028783215,0.40188387651095137,0.5634329832012165
25969,LOF,0.029100265419824904,0.050690080733931185,0.9202096538462439
25970,LOF,0.06497044012591141,0.06116853271011409,0.8738610271639745
25971,LOF,0.08500747978527844,0.017174557837469254,0.8978179623772523
25972,LOF,0.0827543616336695,0.02370422296009771,0.8935414154062329
25973,LOF,0.07795362959237849,0.009642997022482438,0.9124033733851391
25974,LOF,0.18361185886436496,0.0160208277064205,0.8003673134292145
25975,LOF,0.04735930386549143,0.026081735818021486,0.926558960316487
25976,LOF,0.03977859699330767,0.016348213210884168,0.9438731897958083
25977,LOF,0.15911397345428538,0.10142386551877439,0.7394621610269403
25978,LOF,0.15781289915643787,0.07666194997034974,0.7655251508732123
25979,LOF,0.14350032396360413,0.07725299050749992,0.779246685528896
25980,LOF,0.2267883828797288,0.09610525643920313,0.677106360681068
25981,LOF,0.2585678609665437,0.09420349548810936,0.647228643545347
25982,LOF,0.4258631514682911,0.06140507262248167,0.5127317759092271
25983,LOF,0.4186887184388379,0.07065851776764609,0.510652763793516
25984,LOF,0.05338594171188711,0.04371956388298666,0.9028944944051264
25985,LOF,0.032975290294793055,0.23213145351458958,0.7348932561906174
25986,LOF,0.04310746283883306,0.2631529196664016,0.6937396174947654
25987,LOF,0.07845704967886984,0.06468864662887981,0.8568543036922504
25988,LOF,0.15402021866083807,0.0515110352557751,0.7944687460833869
25989,LOF,0.031950727705493946,0.08891405640978932,0.8791352158847167
25990,LOF,0.042145672308309505,0.111863661257907,0.8459906664337835
25991,LOF,0.143748790157682,0.3165169950044333,0.5397342148378846
25992,LOF,0.29534865758845896,0.1651298548929528,0.5395214875185882
25993,LOF,0.022548968327970507,0.0905286503805613,0.8869223812914682
25994,LOF,0.016703843239101474,0.12938524457181486,0.8539109121890837
25995,LOF,0.025073276435138916,0.26825733836367766,0.7066693852011835
25996,GOF,0.30636158752893566,0.46939517436821465,0.22424323810284957
25997,GOF,0.07802035253603745,0.4615403324215265,0.460439315042436
25998,Neutral,0.5678991791747047,0.017069124638290054,0.41503169618700536
25999,LOF,0.11235995366395775,0.0865052780938491,0.8011347682421931
26000,LOF,0.15302564095690865,0.05015685455899768,0.7968175044840937
26001,LOF,0.1972011104230183,0.04116160856712377,0.761637281009858
26002,LOF,0.15641251813939264,0.04732952410504061,0.7962579577555667
26003,GOF,0.010865922702291867,0.5376559445993492,0.4514781326983589
26004,GOF,0.019424323217838182,0.6048685766208475,0.37570710016131437
26005,LOF,0.008345440611361709,0.4107899866403826,0.5808645727482558
26006,Neutral,0.5228747892587209,0.21665589581719147,0.26046931492408765
26007,GOF,0.021552563038212853,0.5104757953643086,0.4679716415974785
26008,GOF,0.018830390850535964,0.5954714028401081,0.385698206309356
26009,GOF,0.021412331825651533,0.6419056510344302,0.3366820171399182
26010,GOF,0.023716073378224897,0.5929174267547848,0.38336649986699023
26011,LOF,0.007190048946625417,0.43112937989649724,0.5616805711568772
26012,GOF,0.01380231536763198,0.5288935871467143,0.45730409748565376
26013,GOF,0.019379655349555606,0.5932465844813317,0.3873737601691127
26014,LOF,0.044179712132238806,0.0960273508851265,0.8597929369826347
26015,LOF,0.1781112191007111,0.010022174695015347,0.8118666062042735
26016,LOF,0.2003482676486296,0.05013463392572261,0.7495170984256477
26017,LOF,0.22195064578726373,0.08352685839875558,0.6945224958139807
26018,LOF,0.09207830875055054,0.02863844568256454,0.8792832455668849
26019,LOF,0.08726708571332799,0.02211686904854077,0.8906160452381313
26020,LOF,0.07242120757324469,0.09997247983175434,0.8276063125950011
26021,LOF,0.04878913896941635,0.10232204171760685,0.8488888193129769
26022,LOF,0.01102088834265514,0.03629606926678815,0.9526830423905568
26023,LOF,0.10990964519487732,0.019764760638772343,0.8703255941663504
26024,LOF,0.03345261387275725,0.11533336174082555,0.8512140243864172
26025,LOF,0.16725710347312298,0.09047543614179285,0.7422674603850842
26026,LOF,0.335219153111862,0.028584950824116055,0.6361958960640219
26027,LOF,0.08210875007930662,0.015017857564947584,0.9028733923557458
26028,LOF,0.17086451690134596,0.06854264878159129,0.7605928343170627
26029,LOF,0.07562729495366172,0.19343052818321557,0.7309421768631227
26030,LOF,0.02643145320264501,0.0734608657703777,0.9001076810269772
26031,LOF,0.029571223415023558,0.14562150266641305,0.8248072739185633
26032,LOF,0.06768091741352304,0.08076665242052741,0.8515524301659495
26033,LOF,0.12174391887212511,0.09888809998620063,0.7793679811416743
26034,LOF,0.04528924560064319,0.17198661720973618,0.7827241371896208
26035,LOF,0.02889844904478945,0.16409005792937145,0.8070114930258391
26036,LOF,0.041887934821425034,0.1917194667221231,0.7663925984564518
26037,LOF,0.02449228551488768,0.1324036344664716,0.8431040800186407
26038,LOF,0.06283679400444366,0.08400271637484175,0.8531604896207147
26039,LOF,0.05315963335883576,0.16325056362644563,0.7835898030147186
26040,LOF,0.19218440474872392,0.1417721310325679,0.6660434642187082
26041,LOF,0.024463079060392558,0.1317562668713971,0.8437806540682103
26042,LOF,0.023625802185926303,0.11760294248628066,0.8587712553277931
26043,LOF,0.06242658026510662,0.09827692414329821,0.8392964955915951
26044,LOF,0.022717680977402437,0.09799781482114932,0.8792845042014482
26045,LOF,0.07307824920757928,0.11271169092187647,0.8142100598705443
26046,LOF,0.06309418435225383,0.09643528939722226,0.8404705262505239
26047,LOF,0.08520667726060269,0.10043097060678736,0.8143623521326099
26048,LOF,0.051645756023313644,0.049626759870390925,0.8987274841062955
26049,Neutral,0.9608317373998603,0.007903008579270994,0.03126525402086873
26050,Neutral,0.9449122312199857,0.011128554306452217,0.04395921447356208
26051,LOF,0.043986204486243755,0.20542204144277762,0.7505917540709787
26052,LOF,0.06518779818989073,0.2462116237401581,0.6886005780699512
26053,LOF,0.05096563839992327,0.14503292839726042,0.8040014332028163
26054,LOF,0.05713447624262425,0.01779429369688237,0.9250712300604933
26055,LOF,0.07182871762880777,0.014420037032715624,0.9137512453384765
26056,LOF,0.06019566278542206,0.016137928001681866,0.9236664092128961
26057,LOF,0.028809012816569536,0.01196114782595586,0.9592298393574745
26058,LOF,0.029722148835495933,0.00932724091937315,0.960950610245131
26059,LOF,0.32882224796131626,0.022649777945484617,0.6485279740931991
26060,LOF,0.0380528805381296,0.1584206399041923,0.8035264795576782
26061,LOF,0.016802356226096986,0.010583925567576502,0.9726137182063265
26062,LOF,0.011133289949607472,0.017875349940840717,0.9709913601095519
26063,LOF,0.021822142090282902,0.011580793806376817,0.9665970641033403
26064,LOF,0.02241740178968042,0.021369249557638522,0.9562133486526809
26065,LOF,0.024710206615408,0.010348187891407033,0.9649416054931851
26066,LOF,0.020338148903844055,0.011043668110154878,0.968618182986001
26067,LOF,0.028640251882818976,0.008151335568651446,0.9632084125485295
26068,LOF,0.04720746983652409,0.030446038562782978,0.9223464916006929
26069,LOF,0.2696373349600634,0.019762374708687077,0.7106002903312495
26070,LOF,0.4044159986989488,0.016134749195598447,0.5794492521054527
26071,LOF,0.023777326626951988,0.011692211458854703,0.9645304619141933
26072,LOF,0.021743351168456403,0.015736296844064676,0.962520351987479
26073,LOF,0.023921723340653307,0.010411019675595079,0.9656672569837516
26074,Neutral,0.9138209768600616,0.005800515872918048,0.0803785072670204
26075,LOF,0.04494674077206218,0.015288734305456787,0.939764524922481
26076,LOF,0.04710937954622441,0.008480014069723114,0.9444106063840525
26077,LOF,0.010333370752934452,0.018783309486089268,0.9708833197609763
26078,LOF,0.01372007888815748,0.01108916737763011,0.9751907537342123
26079,LOF,0.0618626602622385,0.017464342997893754,0.9206729967398678
26080,LOF,0.06062982186870677,0.017557521047550737,0.9218126570837425
26081,LOF,0.03790071576803707,0.00577504209132743,0.9563242421406355
26082,LOF,0.014558592347521333,0.015383339773556094,0.9700580678789226
26083,LOF,0.1289661744450667,0.013054206641231095,0.8579796189137022
26084,LOF,0.027426788794348716,0.011695214019639558,0.9608779971860116
26085,LOF,0.0238430898103268,0.011243655199228507,0.9649132549904448
26086,LOF,0.02320807903448651,0.01197392598798419,0.9648179949775294
26087,LOF,0.02857145108419334,0.00801966013215879,0.9634088887836478
26088,LOF,0.01623860597899301,0.024178403196630022,0.9595829908243769
26089,LOF,0.0461554310600161,0.023130231929146046,0.9307143370108379
26090,LOF,0.04471348504660682,0.01848361596146456,0.9368028989919287
26091,LOF,0.03838021936305515,0.005744360516526252,0.9558754201204187
26092,LOF,0.027471106025806057,0.008060552057961978,0.9644683419162321
26093,LOF,0.04132353581336684,0.0055602081417707346,0.9531162560448625
26094,LOF,0.04268091155254332,0.00605102380997952,0.9512680646374772
26095,LOF,0.04215191492629392,0.013868618990131771,0.9439794660835743
26096,LOF,0.018366393565213773,0.012304640814965908,0.9693289656198204
26097,LOF,0.012120529546035326,0.033700938704979984,0.9541785317489846
26098,LOF,0.07080115117334462,0.010938439963941077,0.9182604088627142
26099,LOF,0.024544714298365033,0.012557729305732441,0.9628975563959026
26100,LOF,0.027269979432780082,0.011815566643427967,0.9609144539237919
26101,LOF,0.061148255175753834,0.01486597757571886,0.9239857672485273
26102,LOF,0.024471630558236063,0.012977128987824044,0.9625512404539399
26103,Neutral,0.8898706861608562,0.017744803026271534,0.09238451081287238
26104,LOF,0.07849647284409322,0.02448249774616626,0.8970210294097406
26105,LOF,0.2012550762259892,0.3144106990371514,0.48433422473685933
26106,LOF,0.22140897017868383,0.12310539851387896,0.6554856313074372
26107,LOF,0.2440921195024429,0.08612547409110234,0.6697824064064547
26108,LOF,0.24243149597138683,0.11822168049281778,0.6393468235357954
26109,LOF,0.09828744181483944,0.07196609785810709,0.8297464603270535
26110,LOF,0.2498168072874798,0.008472670077735953,0.7417105226347842
26111,Neutral,0.4943585524749498,0.02327166434328114,0.48236978318176904
26112,LOF,0.03318143210886551,0.007965874641634408,0.9588526932495001
26113,LOF,0.05557772976930039,0.01715099774129708,0.9272712724894026
26114,LOF,0.027708684018469973,0.02040183007185525,0.9518894859096747
26115,LOF,0.10079384262903089,0.03908777635172634,0.8601183810192429
26116,LOF,0.0705215122656593,0.037988088163146284,0.8914903995711945
26117,LOF,0.4458472804861072,0.04720776604216869,0.506944953471724
26118,LOF,0.03894685654031132,0.025227689335880314,0.9358254541238085
26119,LOF,0.023209050805398975,0.04608706592501967,0.9307038832695814
26120,LOF,0.031033570321845096,0.022784896332952553,0.9461815333452024
26121,LOF,0.042229263064904383,0.0898965190812774,0.8678742178538182
26122,LOF,0.04291197707551965,0.046017001951368715,0.9110710209731115
