feature0,prediction,LoGoFunc_Neutral,LoGoFunc_GOF,LoGoFunc_LOF
25546,Neutral,0.6387101932774026,0.06487699715085293,0.29641280957174443
25547,Neutral,0.4836152997638384,0.11717424201859905,0.3992104582175625
25548,Neutral,0.4697916442452181,0.10105842772240864,0.42914992803237334
25549,LOF,0.40411199742876547,0.10236329090644615,0.4935247116647885
25550,LOF,0.36569392965976877,0.12194565322874301,0.5123604171114882
25551,LOF,0.2966015882775945,0.1405503426023963,0.5628480691200093
25552,LOF,0.2618885672997499,0.14821047353047442,0.5899009591697756
25553,Neutral,0.7963098868450914,0.05363738214014189,0.15005273101476663
25554,LOF,0.30557929788009813,0.1379055275726152,0.5565151745472866
25555,LOF,0.25890750067457347,0.13028407782273607,0.6108084215026904
25556,Neutral,0.455228250781083,0.11420002291734532,0.4305717263015717
25557,LOF,0.25185435651946303,0.13429988695799214,0.6138457565225448
25558,LOF,0.3058863482988919,0.128042249977429,0.5660714017236792
25559,LOF,0.24554394395089316,0.09922902901102817,0.6552270270380787
25560,LOF,0.1287121275962733,0.1401156777039445,0.7311721946997821
25561,LOF,0.12761483267526888,0.18479358455499095,0.6875915827697402
25562,LOF,0.05059281223497293,0.10346290331573696,0.84594428444929
25563,LOF,0.015613981925099107,0.15281527330514225,0.8315707447697586
25564,LOF,0.11939127944081014,0.11791593853017435,0.7626927820290155
25565,LOF,0.1964218217540803,0.1391932658850844,0.6643849123608352
25566,GOF,0.06307942891728571,0.6813177355006226,0.25560283558209157
25567,LOF,0.040411566368890164,0.17456329385442879,0.7850251397766811
25568,LOF,0.06004720595999313,0.09683015969742341,0.8431226343425835
25569,LOF,0.05958225831009596,0.08825643953761171,0.8521613021522924
25570,LOF,0.029514424711908634,0.12310494149257879,0.8473806337955126
25571,LOF,0.02873573622182269,0.12486079239323453,0.8464034713849428
25572,LOF,0.06844816227617087,0.13868606151729795,0.7928657762065311
25573,LOF,0.057337233809758824,0.11758774891560637,0.8250750172746347
25574,LOF,0.05868503043589787,0.24037761754501988,0.7009373520190821
25575,LOF,0.02352317155320713,0.12673806815211103,0.8497387602946819
25576,LOF,0.02780288836448466,0.17768086657522214,0.7945162450602932
25577,LOF,0.0319655503500717,0.13788374804548156,0.8301507016044467
25578,LOF,0.2955660232814492,0.11523931350703127,0.5891946632115196
25579,LOF,0.1966970500376623,0.10964417810293528,0.6936587718594024
25580,LOF,0.02106152605976861,0.09187455541794734,0.887063918522284
25581,LOF,0.04886473275858,0.08924102590157332,0.8618942413398466
25582,LOF,0.04879252069597584,0.08849122567883111,0.8627162536251931
25583,LOF,0.0257004720139094,0.10715855084368786,0.8671409771424028
25584,Neutral,0.6922168338681243,0.16112831765092034,0.14665484848095522
25585,LOF,0.023556022692226685,0.19125761111332362,0.7851863661944497
25586,LOF,0.017596164212217706,0.09829615416085255,0.8841076816269297
25587,LOF,0.01798535406225561,0.08731462538441923,0.8947000205533252
25588,LOF,0.021474993489107454,0.09427634221032755,0.884248664300565
25589,Neutral,0.49088443483636396,0.28667465675182036,0.2224409084118157
25590,LOF,0.04715740618062657,0.14833863838459904,0.8045039554347744
25591,LOF,0.0850149606835574,0.07766911614099452,0.837315923175448
25592,LOF,0.057793622652926174,0.16748946641853937,0.7747169109285345
25593,LOF,0.10696259487440682,0.32491434575013034,0.5681230593754629
25594,LOF,0.048060353961105286,0.0688679202410551,0.8830717257978395
25595,LOF,0.04588220230051996,0.04814161118803275,0.9059761865114474
25596,LOF,0.11474005639431532,0.02578542094369195,0.8594745226619926
25597,LOF,0.08537180152284835,0.028523464621203753,0.8861047338559479
25598,LOF,0.04704295782603502,0.05000619819667312,0.9029508439772919
25599,LOF,0.02377798917084825,0.41667224812411685,0.5595497627050348
25600,GOF,0.19585562435647685,0.415142703937383,0.3890016717061401
25601,LOF,0.04752458243269417,0.33134562001835,0.6211297975489558
25602,LOF,0.03121022389395516,0.07116145272122908,0.8976283233848158
25603,LOF,0.03718854488209682,0.0463804474579424,0.9164310076599608
25604,LOF,0.03761194517526415,0.08646649811639803,0.8759215567083378
25605,LOF,0.03187154921816283,0.17549957090039253,0.7926288798814447
25606,LOF,0.39846388449252274,0.1316127698840775,0.4699233456233998
25607,LOF,0.02625484940929741,0.18557367459191607,0.7881714759987865
25608,LOF,0.03744795671056071,0.12074018720462774,0.8418118560848116
25609,GOF,0.13896094240993195,0.5130966283052999,0.3479424292847681
25610,LOF,0.015497336322414117,0.0465288118909568,0.9379738517866291
25611,LOF,0.013290306102872677,0.053494612248470165,0.9332150816486571
25612,LOF,0.045733426303749,0.057823250122850826,0.8964433235734001
25613,LOF,0.044311613060976175,0.05657957041076433,0.8991088165282596
25614,LOF,0.02356839365995378,0.041121914551772644,0.9353096917882735
25615,LOF,0.0441422526765223,0.060241131971977245,0.8956166153515005
25616,LOF,0.053489079619003344,0.0493854540075014,0.8971254663734952
25617,LOF,0.04237261512086654,0.05687390993801636,0.9007534749411171
25618,LOF,0.04901624436396476,0.06916146632862405,0.8818222893074111
25619,LOF,0.012809624429128441,0.05478997767850803,0.9324003978923635
25620,LOF,0.05678520678105453,0.05933862613786446,0.8838761670810809
25621,LOF,0.05865450047151519,0.05366854319893156,0.8876769563295532
25622,LOF,0.06714818861494767,0.05763677836440284,0.8752150330206495
25623,LOF,0.06697065500517359,0.03962237661358852,0.8934069683812379
25624,LOF,0.01939291761283562,0.04845176596626146,0.932155316420903
25625,LOF,0.05852039915697803,0.053056704740307076,0.8884228961027149
25626,LOF,0.0471172171216484,0.05239278824075723,0.9004899946375944
25627,Neutral,0.889880997151661,0.02015940867606977,0.08995959417226916
25628,LOF,0.13954847476994603,0.05504519479710604,0.805406330432948
25629,LOF,0.06708553060555321,0.04115027258246104,0.8917641968119858
25630,LOF,0.2805997973582889,0.06391477220549673,0.6554854304362145
25631,Neutral,0.5522360743741104,0.05789051931432812,0.38987340631156153
25632,LOF,0.025438759833710706,0.06739738155899795,0.9071638586072913
25633,LOF,0.21312512338793171,0.04230042468595694,0.7445744519261113
25634,LOF,0.03841673186541209,0.08068274407842488,0.8809005240561631
25635,LOF,0.03852571527993784,0.04310290918802805,0.9183713755320341
25636,GOF,0.04195985317732386,0.5013859930558947,0.45665415376678137
25637,GOF,0.057396859396632804,0.5184600911112596,0.4241430494921077
25638,LOF,0.03003989146663454,0.39456655263015833,0.5753935559032072
25639,LOF,0.032215432326388106,0.4401960516635772,0.5275885160100348
25640,Neutral,0.838381689497588,0.10928336064988525,0.05233494985252682
25641,LOF,0.0746594450573811,0.4538713455600625,0.47146920938255626
25642,LOF,0.05885271204013227,0.1835932419116008,0.7575540460482669
25643,LOF,0.2652202524318512,0.12474843046587102,0.6100313171022779
25644,GOF,0.012851714580160505,0.5154032625205808,0.4717450228992588
25645,LOF,0.016985231468163768,0.46277562166570607,0.5202391468661302
25646,LOF,0.0468727198835052,0.30342054628519227,0.6497067338313025
25647,LOF,0.01644460311961594,0.24889620660075903,0.734659190279625
25648,LOF,0.01893351524530842,0.2938604141199108,0.6872060706347808
25649,LOF,0.010900112365606732,0.22653532047609412,0.7625645671582991
25650,LOF,0.029875619056196467,0.4513761025067738,0.5187482784370298
25651,LOF,0.011451138520469396,0.2920920306256061,0.6964568308539245
25652,LOF,0.020210502908061777,0.28184388050175907,0.6979456165901792
25653,GOF,0.05396529369080027,0.47331435648850173,0.4727203498206979
25654,LOF,0.013279273246538598,0.22202425738991802,0.7646964693635433
25655,GOF,0.14659276672965918,0.4608315240448897,0.39257570922545115
25656,LOF,0.32279247444611103,0.14766306643992497,0.5295444591139641
25657,LOF,0.047935086259813145,0.13203372042311737,0.8200311933170695
25658,LOF,0.326980778806859,0.14677552708033206,0.526243694112809
25659,Neutral,0.4423924344317092,0.14210488361204188,0.41550268195624895
25660,LOF,0.025149724756567866,0.10419887500469709,0.870651400238735
25661,LOF,0.09624194762042765,0.05847313451447932,0.8452849178650931
25662,LOF,0.035859490906317654,0.0340174948320912,0.9301230142615912
25663,LOF,0.04199075564054584,0.04739282852185967,0.9106164158375946
25664,LOF,0.13298201937396834,0.07475289349950422,0.7922650871265274
25665,LOF,0.06339779432416333,0.0282140523373693,0.9083881533384675
25666,LOF,0.10092186522779872,0.07192092885024536,0.827157205921956
25667,LOF,0.07737628254187985,0.04768319999141503,0.8749405174667052
25668,LOF,0.037989140844475286,0.054660227921749384,0.9073506312337752
25669,LOF,0.03143376252130593,0.053520307492125406,0.9150459299865686
25670,LOF,0.14541531753644743,0.06442620575438768,0.790158476709165
25671,LOF,0.12568011454997696,0.039029063839379104,0.8352908216106439
25672,LOF,0.052429998057314506,0.04078418174083313,0.9067858202018524
25673,LOF,0.08886468908221254,0.05187845523208954,0.8592568556856979
25674,LOF,0.07863532005794861,0.06493377873024879,0.8564309012118027
25675,LOF,0.11530154949649989,0.06998918339743895,0.8147092671060612
25676,LOF,0.019569604787223024,0.05439178653880882,0.9260386086739681
25677,LOF,0.024735796858602468,0.06839277279654704,0.9068714303448504
25678,LOF,0.19690462084918364,0.08812839642047635,0.71496698273034
25679,LOF,0.12162328390205904,0.0814610274747946,0.7969156886231464
25680,LOF,0.03159409212965007,0.11758219701728716,0.8508237108530629
25681,LOF,0.04626815451957234,0.11050256586699625,0.8432292796134315
25682,LOF,0.14546616009570942,0.0802592083752909,0.7742746315289997
25683,LOF,0.11680067350827719,0.08912845359887864,0.7940708728928441
25684,LOF,0.03934928763577649,0.06888526702249416,0.8917654453417293
25685,LOF,0.13280828599094507,0.07936698086044548,0.7878247331486095
25686,LOF,0.08983363036871551,0.10599794820404268,0.8041684214272418
25687,LOF,0.14244285241991814,0.11843396807340892,0.7391231795066728
25688,LOF,0.42043162992035044,0.0447876961134778,0.5347806739661718
25689,LOF,0.2808413181844523,0.05007861053101892,0.6690800712845288
25690,LOF,0.3316182808782005,0.0327347825298594,0.6356469365919402
25691,Neutral,0.6936872529067222,0.02987384584498015,0.27643890124829756
25692,LOF,0.3620075586378836,0.011897479842567475,0.6260949615195489
25693,LOF,0.03740091340162708,0.43408930016467107,0.5285097864337018
25694,LOF,0.12571831554680396,0.016996439060731283,0.8572852453924649
25695,LOF,0.12225996525722674,0.014152488647854374,0.863587546094919
25696,LOF,0.13709736696629965,0.012250675404072512,0.850651957629628
25697,LOF,0.08100929990706762,0.06565237524504566,0.8533383248478867
25698,LOF,0.3302893961153874,0.1720756537559014,0.49763495012871123
25699,Neutral,0.5305577195081289,0.031433607116976,0.4380086733748952
25700,LOF,0.09173179981948981,0.007605407190898371,0.9006627929896118
25701,LOF,0.20063548550616175,0.041027002389568884,0.7583375121042694
25702,GOF,0.17607710196066068,0.6272836302520997,0.19663926778723964
25703,LOF,0.01540778575017466,0.14515462137053708,0.8394375928792883
25704,LOF,0.03762995054104685,0.1141776167417706,0.8481924327171826
25705,LOF,0.04108556400439188,0.14140533016890047,0.8175091058267077
25706,LOF,0.1369277403996267,0.3770164425174417,0.4860558170829316
25707,LOF,0.08608304871580094,0.28774582012900707,0.6261711311551919
25708,LOF,0.046764651920743354,0.2834558526096533,0.6697794954696034
25709,LOF,0.07245042235021623,0.04751519375355149,0.8800343838962323
25710,LOF,0.01204264313410537,0.13148073203706745,0.8564766248288272
25711,LOF,0.020873792757318033,0.09299584771714584,0.8861303595255362
25712,LOF,0.014753936192340344,0.17430615748379924,0.8109399063238605
25713,LOF,0.019802926900325278,0.09089150206734024,0.8893055710323345
25714,LOF,0.07965288831449237,0.0679653833866479,0.8523817282988597
25715,LOF,0.011971933356831643,0.12325892037552637,0.8647691462676419
25716,LOF,0.011336624580977457,0.10273632006538977,0.8859270553536327
25717,LOF,0.01519869150092389,0.07820389875439233,0.9065974097446838
25718,LOF,0.011525489560514126,0.08814601823328012,0.9003284922062057
25719,LOF,0.022446937302777532,0.077476146064176,0.9000769166330466
25720,LOF,0.02600962102058829,0.07159983050818479,0.902390548471227
25721,LOF,0.013525107211823094,0.11617474799332914,0.8703001447948477
25722,LOF,0.014957967904162517,0.10795328319106376,0.8770887489047736
25723,LOF,0.025181336895187503,0.04811827172265086,0.9267003913821616
25724,LOF,0.030962689864703966,0.08179555914624506,0.887241750989051
25725,LOF,0.012045368025989274,0.07495782750126419,0.9129968044727466
25726,LOF,0.016252203778319513,0.1007916026802542,0.8829561935414264
25727,LOF,0.012499658270812815,0.08025028356264305,0.907250058166544
25728,LOF,0.010336158479205625,0.09881147754208472,0.8908523639787097
25729,LOF,0.010778300254656845,0.09447832284878536,0.8947433768965578
25730,LOF,0.014240750416870483,0.09411237161557316,0.8916468779675564
25731,LOF,0.020460316001095973,0.08615708181231642,0.8933826021865876
25732,LOF,0.01409954271130085,0.07028907804628147,0.9156113792424176
25733,LOF,0.018119424593620603,0.06466301067177198,0.9172175647346075
25734,LOF,0.011241699669371191,0.10258056446312278,0.8861777358675059
25735,LOF,0.012346532295953954,0.07901515931569769,0.9086383083883484
25736,LOF,0.013281940815061486,0.09168205265565822,0.8950360065292802
25737,LOF,0.011825301088735387,0.08763585027824276,0.9005388486330218
25738,LOF,0.012457891654078984,0.09924991078138214,0.8882921975645388
25739,LOF,0.021589115263813317,0.07838203249187792,0.9000288522443088
25740,LOF,0.031065307080879175,0.10844686523979775,0.8604878276793232
25741,LOF,0.016013292675039113,0.0941970794517965,0.8897896278731644
25742,LOF,0.1276721034639186,0.07250747415305417,0.7998204223830273
25743,LOF,0.03522257889235152,0.05488020812609836,0.9098972129815501
25744,Neutral,0.5957620482701617,0.21262407413166823,0.1916138775981702
25745,LOF,0.060453153725867,0.090983592485713,0.84856325378842
25746,LOF,0.03652612474563135,0.11690044061894103,0.8465734346354277
25747,LOF,0.020575944265611615,0.07396500502995167,0.9054590507044367
25748,LOF,0.1173177225894356,0.11656627781289833,0.766115999597666
25749,LOF,0.021944528221185783,0.10427104219226606,0.8737844295865482
25750,LOF,0.06614561319885982,0.10360712529495629,0.8302472615061839
25751,LOF,0.08662080676932188,0.12533101708284763,0.7880481761478304
25752,GOF,0.11154722787227206,0.6660186596745771,0.22243411245315078
25753,LOF,0.02438854262891904,0.28905440882682515,0.6865570485442557
25754,GOF,0.014809993636485507,0.798417839911548,0.18677216645196645
25755,LOF,0.02518340929968747,0.3683516188085472,0.6064649718917653
25756,LOF,0.05214716103126007,0.33710314339576924,0.6107496955729707
25757,GOF,0.021930582364973823,0.847091879806494,0.13097753782853208
25758,GOF,0.03143280036119651,0.7668944205047872,0.2016727791340162
25759,GOF,0.011068022654094253,0.6141041734492747,0.374827803896631
25760,LOF,0.01504378617315851,0.2716926834851708,0.7132635303416708
25761,GOF,0.2890227723416367,0.6198091717258718,0.09116805593249153
25762,LOF,0.04798193058483162,0.25570789462449417,0.6963101747906741
25763,LOF,0.014572911928793399,0.2006616758525403,0.7847654122186664
25764,GOF,0.08627979877469806,0.6382907584941839,0.275429442731118
25765,GOF,0.042924937843763195,0.7291876535562245,0.22788740860001228
25766,GOF,0.06935365428153437,0.76448302296423,0.16616332275423557
25767,GOF,0.16638604559415898,0.553081208320087,0.2805327460857541
25768,LOF,0.09949058953192985,0.06224849229485319,0.838260918173217
25769,LOF,0.04953922079981447,0.06926459331037167,0.8811961858898139
25770,LOF,0.3153126197599003,0.12137011503959969,0.5633172652005
25771,LOF,0.05364235633160696,0.056264154694607736,0.8900934889737853
25772,LOF,0.020358019309968223,0.05179357696057431,0.9278484037294575
25773,LOF,0.053538287882349544,0.08986313623353638,0.856598575884114
25774,LOF,0.0257848748197218,0.10199722559859126,0.872217899581687
25775,LOF,0.05461389457817984,0.05358846220593465,0.8917976432158854
25776,LOF,0.07542233446258392,0.03242773568144304,0.892149929855973
25777,LOF,0.3699558740614891,0.07913942450250416,0.5509047014360068
25778,LOF,0.07141434596001422,0.051868226950944805,0.876717427089041
25779,GOF,0.3949216301444878,0.5525987049702572,0.052479664885255115
25780,GOF,0.3347229944263295,0.5846577506408434,0.08061925493282714
25781,GOF,0.11189639200736287,0.7739227805541766,0.11418082743846038
25782,GOF,0.17611447086728635,0.7320022077032281,0.09188332142948569
25783,GOF,0.022975902542958178,0.6332257888680104,0.3437983085890313
25784,Neutral,0.5029614160557154,0.44946883672998766,0.04756974721429696
25785,Neutral,0.4775479131996465,0.47515605023892327,0.047296036561430325
25786,GOF,0.027945360834510734,0.7366845767727735,0.2353700623927157
25787,Neutral,0.6585694361371596,0.3106050787780719,0.030825485084768546
25788,LOF,0.0534355932568931,0.07906382702154184,0.867500579721565
25789,GOF,0.20823723102570807,0.6299706632081902,0.16179210576610184
25790,GOF,0.2305957106751905,0.6805482733782647,0.0888560159465448
25791,GOF,0.12911354978352937,0.6936826712695701,0.1772037789469005
25792,GOF,0.3246118761159816,0.5388556664691371,0.13653245741488126
25793,GOF,0.26432382894705403,0.5223502554635869,0.21332591558935898
25794,GOF,0.32180494610933025,0.4913069725506822,0.18688808133998744
25795,GOF,0.07174777191236653,0.6739111966937266,0.25434103139390696
25796,Neutral,0.5110650065671323,0.3931743509204108,0.09576064251245689
25797,GOF,0.08460796353131235,0.5701415644994674,0.3452504719692202
25798,GOF,0.00870084886543993,0.5434196074507048,0.44787954368385524
25799,LOF,0.007039188754504363,0.44182456708603896,0.5511362441594567
25800,GOF,0.03523834706960117,0.6032957239831301,0.3614659289472687
25801,GOF,0.21780486221611575,0.6562243076242884,0.12597083015959581
25802,GOF,0.060212172783291634,0.6915548742638915,0.24823295295281683
25803,GOF,0.034913437813586266,0.5779975873654158,0.3870889748209979
25804,GOF,0.034805306200416414,0.5219017242685986,0.443292969530985
25805,GOF,0.10021689277437365,0.5801293333911455,0.31965377383448085
25806,GOF,0.10648386528583045,0.5845163478807304,0.3089997868334391
25807,GOF,0.019248634373999526,0.6134535102513504,0.36729785537465004
25808,GOF,0.091597874524452,0.599562590547921,0.3088395349276269
25809,GOF,0.019256005345240412,0.6057235083381894,0.3750204863165701
25810,GOF,0.018102352786603538,0.6111813829012933,0.3707162643121033
25811,Neutral,0.4909478877472488,0.4328215230777074,0.07623058917504387
25812,GOF,0.038020152398460974,0.6167943391487033,0.34518550845283563
25813,Neutral,0.53990118292701,0.34527780233043637,0.11482101474255374
25814,GOF,0.11681785235202166,0.6409607184718655,0.24222142917611278
25815,GOF,0.20669083425638435,0.5911252131114176,0.20218395263219804
25816,GOF,0.021533116613758375,0.6609924178311162,0.3174744655551256
25817,GOF,0.2603517883304704,0.5867831437870409,0.1528650678824887
25818,GOF,0.053220762233293466,0.5704576796268152,0.3763215581398914
25819,GOF,0.3864568569028074,0.4390081931171074,0.17453494998008512
25820,GOF,0.1725089998662479,0.5694104774065567,0.2580805227271953
25821,GOF,0.05125010277694939,0.6243012422361356,0.324448654986915
25822,GOF,0.20971663787326555,0.5218881535341598,0.26839520859257465
25823,GOF,0.029951638206571634,0.48655322998068307,0.4834951318127452
25824,GOF,0.07611891823979779,0.5171789526274978,0.40670212913270454
25825,GOF,0.028525901966649777,0.5191765002122434,0.4522975978211069
25826,GOF,0.010187381106122858,0.5066927322774021,0.4831198866164751
25827,GOF,0.020761525585584646,0.5885093237524657,0.39072915066194963
25828,GOF,0.013456190242168903,0.5009430101326341,0.485600799625197
25829,GOF,0.005960795109402902,0.5498084660187448,0.4442307388718522
25830,LOF,0.0374615833891437,0.26905029656037316,0.6934881200504831
25831,GOF,0.17658952115192988,0.6873214278412495,0.13608905100682067
25832,GOF,0.029517918609293408,0.6598703986028441,0.31061168278786244
25833,GOF,0.12233729446798612,0.675552395653077,0.20211030987893686
25834,GOF,0.034194064759777446,0.6555470537329056,0.31025888150731695
25835,GOF,0.08398721726153653,0.6799877980575096,0.23602498468095376
25836,GOF,0.041084488310743655,0.6260090879548434,0.332906423734413
25837,GOF,0.02154224699557575,0.5459091887663837,0.43254856423804044
25838,GOF,0.07550428800606468,0.7444612100789847,0.18003450191495068
25839,GOF,0.24666174137828764,0.6038848551831695,0.149453403438543
25840,GOF,0.22076732162022292,0.5918177423271703,0.18741493605260687
25841,GOF,0.22523493434443242,0.5859335310905741,0.18883153456499346
25842,GOF,0.17083101084170227,0.6422724807897963,0.18689650836850147
25843,GOF,0.20347987402682338,0.6626426748048367,0.13387745116833974
25844,GOF,0.0572615798967782,0.6553009185176222,0.2874375015855996
25845,LOF,0.01310304898405007,0.47709180855972005,0.50980514245623
25846,GOF,0.10413836695790993,0.7097646347096453,0.18609699833244478
25847,GOF,0.10858071869177827,0.7421469843143349,0.1492722969938869
25848,GOF,0.032867116016590106,0.6639961771979409,0.30313670678546895
25849,GOF,0.009626571450826278,0.5525228388391886,0.4378505897099852
25850,GOF,0.022451602256125643,0.6455833318760757,0.33196506586779856
25851,GOF,0.016636523757486484,0.5491852119775955,0.43417826426491807
25852,GOF,0.1739242611414189,0.5545675082329518,0.2715082306256293
25853,GOF,0.33852702405441887,0.5715388451959235,0.08993413074965763
25854,GOF,0.01905245446191507,0.6102560903542541,0.37069145518383084
25855,GOF,0.0341007556282273,0.5674921429904304,0.3984071013813422
25856,GOF,0.23141682159885482,0.5281043029235581,0.24047887547758698
25857,LOF,0.03246089340777965,0.48085456141238836,0.48668454517983195
25858,GOF,0.015890307153957284,0.562938523170816,0.4211711696752267
25859,GOF,0.009533083817509749,0.5447952371575183,0.4456716790249719
25860,GOF,0.364452546924497,0.5487426806397305,0.08680477243577245
25861,GOF,0.38980202890070825,0.5309970703489809,0.07920090075031086
25862,GOF,0.0891253604545784,0.7599787276572219,0.1508959118881998
25863,GOF,0.08744389536508292,0.7625500404545621,0.150006064180355
25864,GOF,0.1959382465330218,0.7172238852070628,0.08683786825991535
25865,GOF,0.07862178961118194,0.7924074067739072,0.12897080361491067
25866,GOF,0.05818294176709828,0.7972911882467223,0.14452586998617942
25867,GOF,0.08433422418169528,0.8052184903957234,0.11044728542258142
25868,GOF,0.2589031400558488,0.6358470793333373,0.10524978061081391
25869,Neutral,0.6724353428367956,0.2831017449193162,0.04446291224388813
25870,LOF,0.34483181967823157,0.25039319964690265,0.40477498067486567
25871,GOF,0.17071251387343928,0.638437207612723,0.1908502785138377
25872,GOF,0.08149159368962987,0.622768346584033,0.2957400597263371
25873,GOF,0.14321373864811038,0.636002882606422,0.2207833787454677
25874,LOF,0.019243008598699415,0.10363932790607377,0.8771176634952269
25875,LOF,0.09538196557578071,0.03524609277505342,0.8693719416491659
25876,LOF,0.036335461566691235,0.039192376678720865,0.9244721617545878
25877,Neutral,0.5349530071547366,0.04103071853082035,0.42401627431444305
25878,LOF,0.2418702081731648,0.07676211847711009,0.6813676733497251
25879,LOF,0.09298997566003556,0.0740407930412856,0.832969231298679
25880,LOF,0.023793284031892417,0.02110297900119433,0.9551037369669133
25881,LOF,0.20042345027906006,0.1036764244323648,0.6959001252885751
25882,LOF,0.07591482708429839,0.013332775518183532,0.9107523973975181
25883,LOF,0.08835927187323742,0.018061042998970742,0.8935796851277918
25884,LOF,0.043266923301031615,0.028702727302123383,0.928030349396845
25885,LOF,0.07041992027274652,0.009605756814932797,0.9199743229123207
25886,LOF,0.33964468238003415,0.027892141772345003,0.6324631758476208
25887,LOF,0.18496338315645777,0.05632529978811777,0.7587113170554245
25888,LOF,0.07103295251619807,0.051224446809736646,0.8777426006740653
25889,LOF,0.05291110869522829,0.019613586089963435,0.9274753052148084
25890,LOF,0.048838406344888535,0.13400857500380656,0.817153018651305
25891,LOF,0.04155948781676403,0.05813302559905435,0.9003074865841817
25892,LOF,0.10124167590052209,0.016176289880744505,0.8825820342187334
25893,LOF,0.28110696045978295,0.012479269582133003,0.7064137699580839
25894,LOF,0.18291079468454874,0.006718627149235921,0.8103705781662153
25895,LOF,0.20887266492943524,0.01529753449727582,0.7758298005732889
25896,LOF,0.056039215934684895,0.014083438164191676,0.9298773459011235
25897,LOF,0.2623087551188898,0.009939509985884935,0.7277517348952252
25898,Neutral,0.729499374387606,0.007159346786374934,0.263341278826019
25899,LOF,0.2801523329313504,0.018274041293816184,0.7015736257748333
25900,LOF,0.4588592850384552,0.012423590026363642,0.5287171249351811
25901,LOF,0.061337816612042705,0.008500048014123837,0.9301621353738335
25902,LOF,0.194118477696956,0.007475994556581975,0.7984055277464621
25903,Neutral,0.5130582290779848,0.022531058367300287,0.4644107125547149
25904,LOF,0.32619912720651684,0.02828112173513548,0.6455197510583477
25905,LOF,0.02335394406538799,0.31679221874262153,0.6598538371919905
25906,LOF,0.02394156785074984,0.0702470383606275,0.9058113937886226
25907,LOF,0.016151483864073078,0.33924567727666044,0.6446028388592664
25908,LOF,0.010775536848594296,0.2373494586162284,0.7518750045351773
25909,LOF,0.013591248823215326,0.12315212831749386,0.8632566228592908
25910,LOF,0.045776832898505905,0.12833159996315166,0.8258915671383426
25911,LOF,0.1262779132257715,0.04678175323567818,0.8269403335385502
25912,LOF,0.03701563067522603,0.06643476123365276,0.8965496080911212
25913,LOF,0.29543609644130436,0.030790920263114342,0.6737729832955813
25914,LOF,0.021756155367472132,0.11482007723444294,0.863423767398085
25915,Neutral,0.39630999967923025,0.34663933173117395,0.2570506685895957
25916,LOF,0.053300486389771896,0.35235482511349253,0.5943446884967355
25917,LOF,0.0620811608837784,0.06994373488265251,0.867975104233569
25918,LOF,0.029712391666196096,0.06728136560337221,0.9030062427304316
25919,LOF,0.022901935219216876,0.069182884527822,0.9079151802529611
25920,GOF,0.08899271511278845,0.5466727335073372,0.36433455137987425
25921,LOF,0.029458971559862823,0.019073330534418818,0.9514676979057184
25922,LOF,0.04235181554331143,0.013009973369134292,0.9446382110875543
25923,LOF,0.4448086817909984,0.014436278001512178,0.5407550402074894
25924,LOF,0.03972556550115021,0.028634984785806956,0.9316394497130428
25925,LOF,0.07853746053335767,0.01933136759403148,0.9021311718726108
25926,LOF,0.05283970964540417,0.01455871924469093,0.9326015711099049
25927,LOF,0.07194412784322886,0.06231149423530477,0.8657443779214664
25928,LOF,0.022642082132224062,0.02839905679519298,0.948958861072583
25929,Neutral,0.5712238460737394,0.016069700705159572,0.412706453221101
25930,LOF,0.06623778100143539,0.01266307690198666,0.921099142096578
25931,LOF,0.03099166977605352,0.0167343372668428,0.9522739929571038
25932,LOF,0.03172207014251337,0.013658366501845504,0.9546195633556411
25933,LOF,0.04361578681472075,0.00944034592318883,0.9469438672620905
25934,LOF,0.026662805230901247,0.01069571994788767,0.962641474821211
25935,LOF,0.06949821546398892,0.022044848054375357,0.9084569364816356
25936,LOF,0.055070379576798695,0.014389913064556746,0.9305397073586447
25937,LOF,0.02948337934352843,0.02376620805718375,0.9467504125992878
25938,LOF,0.07024963625038115,0.026208846978528915,0.90354151677109
25939,LOF,0.04427187540538129,0.0101385531535544,0.9455895714410643
25940,LOF,0.03133672045574233,0.31235387956918015,0.6563093999750775
25941,LOF,0.16729088555723765,0.09111472498932073,0.7415943894534416
25942,LOF,0.01667809312920609,0.03214823194371882,0.951173674927075
25943,LOF,0.283801096970472,0.061079191455318115,0.6551197115742099
25944,LOF,0.47054531919830495,0.03363982012488419,0.4958148606768109
25945,LOF,0.07435166702726129,0.02374214057241714,0.9019061924003217
25946,LOF,0.03199497754562656,0.09906973286404056,0.8689352895903328
25947,LOF,0.127317389148016,0.2150102557226012,0.6576723551293828
25948,LOF,0.4143130910192069,0.014771776737777475,0.5709151322430157
25949,LOF,0.10440553620286937,0.06202282081132609,0.8335716429858046
25950,GOF,0.301067586593541,0.40860652428881633,0.2903258891176426
25951,LOF,0.253840848224579,0.22936745128819733,0.5167917004872237
25952,LOF,0.0551705947717469,0.44331374316127936,0.5015156620669737
25953,LOF,0.13686397733620154,0.11578575448835635,0.7473502681754421
25954,Neutral,0.42922631132117667,0.19176136164581942,0.37901232703300397
25955,LOF,0.06307335098011238,0.0918306098606107,0.8450960391592769
25956,LOF,0.20573030061028302,0.08047842147718164,0.7137912779125354
25957,LOF,0.03880461782148425,0.03604358726647263,0.9251517949120431
25958,LOF,0.06598933450982276,0.024488944530360945,0.9095217209598162
25959,LOF,0.07731748942571634,0.2989699565427,0.6237125540315837
25960,LOF,0.02034834742419081,0.0481838949303639,0.9314677576454452
25961,LOF,0.05308020059403261,0.02781854691641213,0.9191012524895552
25962,LOF,0.05867994120787697,0.03257640271601855,0.9087436560761044
25963,LOF,0.046630452190772234,0.19330499377573623,0.7600645540334915
25964,LOF,0.03738514277264946,0.15316984138289705,0.8094450158444535
25965,LOF,0.3899294162599252,0.09102662332232464,0.5190439604177501
25966,LOF,0.41215676685088565,0.15049944316889308,0.4373437899802212
25967,LOF,0.011732534265564558,0.08071153185190433,0.9075559338825311
25968,GOF,0.03855566869163353,0.48987728332124836,0.4715670479871182
25969,LOF,0.0245927594293071,0.06273636256122823,0.9126708780094647
25970,LOF,0.06101188022038852,0.05719727396873473,0.8817908458108767
25971,LOF,0.08020872913998756,0.015587241669236718,0.9042040291907757
25972,LOF,0.08478034638788544,0.021121934421548645,0.8940977191905659
25973,LOF,0.09718233481402036,0.005136834054186739,0.897680831131793
25974,LOF,0.21533580680522213,0.013949754024691022,0.7707144391700869
25975,LOF,0.06125880694699832,0.01841393941617649,0.9203272536368251
25976,LOF,0.05189075684742873,0.012110482427454878,0.9359987607251165
25977,LOF,0.16264575389836516,0.07825480596095688,0.759099440140678
25978,LOF,0.1378772625541061,0.052068727275008504,0.8100540101708855
25979,LOF,0.13474478660230116,0.053335082583543636,0.8119201308141551
25980,LOF,0.18098359946127512,0.06647564976033873,0.7525407507783862
25981,LOF,0.21486064544290112,0.06432833453599292,0.7208110200211059
25982,LOF,0.3982272893672046,0.04493250194745197,0.5568402086853433
25983,LOF,0.3982844002276173,0.04645096941713808,0.5552646303552446
25984,LOF,0.05395089356968605,0.05597391733797393,0.8900751890923401
25985,LOF,0.02804565086191529,0.25784702359905254,0.7141073255390322
25986,LOF,0.03830100076399416,0.259444177377465,0.7022548218585408
25987,LOF,0.08044648702846463,0.0741232114633013,0.845430301508234
25988,LOF,0.1355677176070542,0.06303306473857158,0.8013992176543743
25989,LOF,0.029664649112070406,0.1063440884612431,0.8639912624266864
25990,LOF,0.03804860072380325,0.13479237503833225,0.8271590242378646
25991,LOF,0.2085047002263742,0.2879699593440317,0.5035253404295941
25992,LOF,0.35905614681545056,0.19028549786086701,0.4506583553236825
25993,LOF,0.02241219292631081,0.08459638306851482,0.8929914240051745
25994,LOF,0.01577497575295758,0.1246346598347099,0.8595903644123325
25995,LOF,0.02545604815401367,0.20177810644087132,0.772765845405115
25996,GOF,0.2610852822730552,0.515203770585079,0.22371094714186568
25997,GOF,0.10522925295156911,0.5256968606355674,0.36907388641286343
25998,Neutral,0.5374761380675808,0.019578903477194265,0.442944958455225
25999,LOF,0.17170129710889717,0.10714026887115896,0.7211584340199438
26000,LOF,0.17243441539142684,0.02971601265629947,0.7978495719522737
26001,LOF,0.16831960764107995,0.036165241149137446,0.7955151512097826
26002,LOF,0.14307777336145483,0.031357435499866415,0.8255647911386788
26003,GOF,0.01103007069301202,0.5588309295741045,0.4301389997328834
26004,GOF,0.030861920860902097,0.6355749222576824,0.33356315688141547
26005,LOF,0.009483468506122408,0.4491132780758875,0.54140325341799
26006,Neutral,0.5357911803329495,0.2379002485589517,0.22630857110809888
26007,GOF,0.023017618967397777,0.5121175148933061,0.46486486613929606
26008,GOF,0.0231627851184116,0.5442500838664004,0.43258713101518803
26009,GOF,0.027044608290408403,0.5720251576369377,0.40093023407265377
26010,GOF,0.028869721940664204,0.6066524826525532,0.36447779540678243
26011,LOF,0.008164976899509234,0.4467232882896948,0.5451117348107959
26012,GOF,0.0178733928526496,0.5391335398423495,0.442993067305001
26013,GOF,0.021290281517750385,0.6006089724177158,0.37810074606453375
26014,LOF,0.04190665004015709,0.124866518888981,0.8332268310708618
26015,LOF,0.2487813974385982,0.012587760026152396,0.7386308425352494
26016,LOF,0.26493115150309937,0.05775379617915079,0.6773150523177499
26017,LOF,0.23146316022796262,0.0935306714871161,0.6750061682849212
26018,LOF,0.1116509272619462,0.048145045540174014,0.8402040271978799
26019,LOF,0.10574706577264915,0.036914712724549686,0.8573382215028011
26020,LOF,0.071316135203618,0.12337054401968925,0.8053133207766927
26021,LOF,0.05621844365353104,0.14473523460393908,0.7990463217425299
26022,LOF,0.012200504880321955,0.060817632279918044,0.92698186283976
26023,LOF,0.13068820952666813,0.029303797495007305,0.8400079929783245
26024,LOF,0.03220343412285911,0.14319184383462522,0.8246047220425158
26025,LOF,0.14849407168196707,0.1346104827064978,0.7168954456115352
26026,LOF,0.33904400403482304,0.029205002239118122,0.6317509937260588
26027,LOF,0.10203469566114713,0.022532408552957232,0.8754328957858956
26028,LOF,0.14627713688480068,0.07770688603611083,0.7760159770790884
26029,LOF,0.06640261801124284,0.16881703908212706,0.7647803429066301
26030,LOF,0.023026490759319843,0.05061755615173916,0.9263559530889409
26031,LOF,0.02796880543727182,0.13102200781582762,0.8410091867469006
26032,LOF,0.07233177442129599,0.04630978297683238,0.8813584426018716
26033,LOF,0.12488140724711441,0.05221013615349785,0.8229084565993877
26034,LOF,0.0426687046660848,0.14111215184683237,0.8162191434870829
26035,LOF,0.02691556928868922,0.12303484346264329,0.8500495872486676
26036,LOF,0.038931885526142004,0.1503459688734381,0.8107221456004199
26037,LOF,0.02254859884017776,0.10214122805931616,0.8753101731005061
26038,LOF,0.06809457176959913,0.04431543887513063,0.8875899893552702
26039,LOF,0.05500725654405967,0.13181061328281793,0.8131821301731224
26040,LOF,0.21368339795459332,0.08869970819386085,0.6976168938515458
26041,LOF,0.02364693874813243,0.09343972407462592,0.8829133371772416
26042,LOF,0.02343995061997152,0.09332038256561942,0.8832396668144091
26043,LOF,0.06665435339565214,0.054684138679457005,0.878661507924891
26044,LOF,0.01956449940058896,0.06391700713148082,0.9165184934679302
26045,LOF,0.07396266139984464,0.08892070950933703,0.8371166290908184
26046,LOF,0.06905923717559662,0.056042899252032014,0.8748978635723713
26047,LOF,0.09644095687415224,0.062394137465647426,0.8411649056602003
26048,LOF,0.04435278177419389,0.046710337285197794,0.9089368809406082
26049,Neutral,0.9554187658900678,0.0066599417574761096,0.037921292352456185
26050,Neutral,0.9359252423029074,0.008002064777889933,0.056072692919202693
26051,LOF,0.05029560559305479,0.2702842685846921,0.6794201258222532
26052,LOF,0.07355210730171066,0.2609828483192558,0.6654650443790335
26053,LOF,0.06355846581812216,0.13380138609386996,0.8026401480880078
26054,LOF,0.05856800216969406,0.01925060539491765,0.9221813924353882
26055,LOF,0.08305497818056397,0.01418727452790934,0.9027577472915268
26056,LOF,0.06440718132179818,0.016342754552909664,0.9192500641252922
26057,LOF,0.033740862578121,0.01005710040723603,0.956202037014643
26058,LOF,0.03425162704003587,0.0086470669294534,0.9571013060305108
26059,LOF,0.2968108017146275,0.02512184856622035,0.6780673497191522
26060,LOF,0.029757274505279777,0.194989445615758,0.7752532798789623
26061,LOF,0.018598419554204333,0.010875480144990561,0.9705261003008051
26062,LOF,0.01091393216726112,0.016130961935229827,0.9729551058975091
26063,LOF,0.023173781737885066,0.011569236554492057,0.965256981707623
26064,LOF,0.02363290151034892,0.018407544234165206,0.957959554255486
26065,LOF,0.026665345436288186,0.011774173900094853,0.961560480663617
26066,LOF,0.022132896633728017,0.010165146205778937,0.9677019571604931
26067,LOF,0.02856552460908653,0.007515959328748088,0.9639185160621653
26068,LOF,0.048515125993124644,0.03004825614543042,0.921436617861445
26069,LOF,0.2835566650699752,0.016458325562758835,0.699985009367266
26070,LOF,0.43517874346872293,0.012484404347845897,0.5523368521834311
26071,LOF,0.025222903741518556,0.01259177761634723,0.9621853186421342
26072,LOF,0.021313663265118857,0.016024489128398076,0.962661847606483
26073,LOF,0.027074743912711845,0.01054196359842997,0.9623832924888582
26074,Neutral,0.9092341609954885,0.00623353274968615,0.08453230625482545
26075,LOF,0.0452488842362293,0.01406108731788955,0.9406900284458812
26076,LOF,0.04572447793947136,0.008179887915502948,0.9460956341450257
26077,LOF,0.009296344545126496,0.01653893954873939,0.9741647159061342
26078,LOF,0.014057801379624126,0.011793166961220741,0.9741490316591551
26079,LOF,0.058163767219028724,0.017203716367410377,0.9246325164135609
26080,LOF,0.056839551370946956,0.017226572600553585,0.9259338760284995
26081,LOF,0.040712405655096366,0.006639411663896226,0.9526481826810074
26082,LOF,0.0161001509729036,0.01618786330227884,0.9677119857248176
26083,LOF,0.14538676671498138,0.012170066439369206,0.8424431668456493
26084,LOF,0.029123788850450888,0.01189454024491513,0.958981670904634
26085,LOF,0.02349627597036419,0.011198759275892468,0.9653049647537433
26086,LOF,0.02578949068762518,0.01053367156814357,0.9636768377442312
26087,LOF,0.026803596263864308,0.007727558793774717,0.965468844942361
26088,LOF,0.015241210754125243,0.024096538914162437,0.9606622503317124
26089,LOF,0.04495814416078591,0.021722290573740734,0.9333195652654733
26090,LOF,0.04302953310993163,0.01745901916025109,0.9395114477298174
26091,LOF,0.04277311369708614,0.006269590941064244,0.9509572953618497
26092,LOF,0.02824614146860207,0.008547266493368495,0.9632065920380295
26093,LOF,0.04043585051539498,0.0062692506591637805,0.9532948988254413
26094,LOF,0.04703534871319641,0.007197036072620712,0.9457676152141828
26095,LOF,0.04799331198925312,0.014347303066430596,0.9376593849443163
26096,LOF,0.021023459407581897,0.012577946767253266,0.9663985938251648
26097,LOF,0.01059650162422553,0.03813387665264752,0.9512696217231269
26098,LOF,0.06922676738750003,0.01173820071464071,0.9190350318978593
26099,LOF,0.025695569090106656,0.013138335193560306,0.961166095716333
26100,LOF,0.02760376258349412,0.01230811448377936,0.9600881229327264
26101,LOF,0.06121548698924551,0.013169550051369805,0.9256149629593846
26102,LOF,0.028259026521826346,0.01278219536770316,0.9589587781104705
26103,Neutral,0.8877053842121941,0.0184716893585191,0.09382292642928668
26104,LOF,0.07056274889757265,0.031085893736734812,0.8983513573656925
26105,LOF,0.21655725433488104,0.2674156480692744,0.5160270975958445
26106,LOF,0.1905528946316308,0.1459287840642201,0.6635183213041491
26107,LOF,0.24009119818667002,0.09316730920328167,0.6667414926100483
26108,LOF,0.2774021486188959,0.1197414346509034,0.6028564167302006
26109,LOF,0.07964080815211856,0.1080967448762328,0.8122624469716486
26110,LOF,0.24817853720518843,0.006683315314582047,0.7451381474802297
26111,LOF,0.47027015437681896,0.01871797560758477,0.5110118700155962
26112,LOF,0.03458433036977384,0.00710867375300255,0.9583069958772237
26113,LOF,0.05741539700897743,0.014735956496385032,0.9278486464946376
26114,LOF,0.028074090543863502,0.021401406837306344,0.95052450261883
26115,LOF,0.08760907886000371,0.05850257075537916,0.8538883503846171
26116,LOF,0.07382746706908222,0.04793617476210522,0.8782363581688125
26117,LOF,0.418191059267342,0.05963004216720487,0.5221788985654532
26118,LOF,0.037829683024633146,0.031914737275181106,0.9302555797001858
26119,LOF,0.02256298834570294,0.04543488513772883,0.9320021265165682
26120,LOF,0.02990394590033452,0.02829596888356989,0.9418000852160955
26121,LOF,0.05067729805799349,0.09026927978421144,0.8590534221577951
26122,LOF,0.05149548920032441,0.04723797469850119,0.9012665361011744
