feature0,prediction,LoGoFunc_Neutral,LoGoFunc_GOF,LoGoFunc_LOF
25546,Neutral,0.6636270619814395,0.053503262750633794,0.28286967526792667
25547,Neutral,0.5019365400348499,0.09705928439609003,0.4010041755690601
25548,Neutral,0.500724531558649,0.08224900337090668,0.4170264650704443
25549,LOF,0.43380241122194996,0.08293536097712262,0.48326222780092737
25550,LOF,0.3646687696818304,0.12009200281141093,0.5152392275067587
25551,LOF,0.30496193779598385,0.13364030443341007,0.5613977577706061
25552,LOF,0.24885302653323474,0.12721324237332599,0.6239337310934393
25553,Neutral,0.8093057960839339,0.044401501566921284,0.14629270234914482
25554,LOF,0.30137340926709777,0.1209832966995964,0.5776432940333058
25555,LOF,0.2453824962180351,0.11463948301483981,0.6399780207671252
25556,LOF,0.44415814440951507,0.10249754912922285,0.45334430646126217
25557,LOF,0.23508326638394436,0.11636292005543376,0.6485538135606219
25558,LOF,0.2999220494660366,0.1189168967815581,0.5811610537524052
25559,LOF,0.17307403592755724,0.11876406067773404,0.7081619033947087
25560,LOF,0.16450280164785416,0.09529199397890178,0.740205204373244
25561,LOF,0.15000809018915265,0.11229613307013313,0.7376957767407143
25562,LOF,0.07359808481925999,0.07689587049082407,0.8495060446899159
25563,LOF,0.022331003188389834,0.11318138369567225,0.864487613115938
25564,LOF,0.222198792074024,0.10632787350480916,0.6714733344211669
25565,LOF,0.23266413223246618,0.12659840176371176,0.640737466003822
25566,GOF,0.09285617567178067,0.6985223075563495,0.2086215167718697
25567,LOF,0.03474883631000066,0.12470698865553782,0.8405441750344615
25568,LOF,0.05823410253238974,0.06847737876298005,0.8732885187046303
25569,LOF,0.0569750185473384,0.06994248062347924,0.8730825008291825
25570,LOF,0.026086715434760196,0.09423927029260769,0.8796740142726321
25571,LOF,0.026326157212182105,0.09815103556364581,0.875522807224172
25572,LOF,0.0644147655744799,0.12230086340962226,0.8132843710158978
25573,LOF,0.05535208467790957,0.08705820336329184,0.8575897119587985
25574,LOF,0.056147767258503435,0.16792800405959343,0.7759242286819032
25575,LOF,0.02254159846789881,0.11808915298048477,0.8593692485516164
25576,LOF,0.03610674837422964,0.15943929616889385,0.8044539554568766
25577,LOF,0.030185495413921973,0.11333233027545059,0.8564821743106275
25578,LOF,0.30074753060437076,0.08034309088257373,0.6189093785130555
25579,LOF,0.13390804933932546,0.08641994461460865,0.7796720060460659
25580,LOF,0.01902297286624302,0.07663719491233266,0.9043398322214242
25581,LOF,0.05407150256623366,0.06585095531777721,0.8800775421159892
25582,LOF,0.054102866165980146,0.06449881863122038,0.8813983152027993
25583,LOF,0.019929550711615753,0.08015342282634284,0.8999170264620414
25584,Neutral,0.6704136067911097,0.10103227662463656,0.22855411658425373
25585,LOF,0.03600914322729085,0.1270736110359996,0.8369172457367097
25586,LOF,0.016973708610001536,0.06813672576260969,0.9148895656273887
25587,LOF,0.016623376091092525,0.061955581061862566,0.921421042847045
25588,LOF,0.019872639587352497,0.07093740352323921,0.9091899568894083
25589,Neutral,0.502094424842054,0.20110565340306083,0.2967999217548851
25590,LOF,0.05036881426582264,0.10823735453032761,0.8413938312038497
25591,LOF,0.09005052113881183,0.05637584857823138,0.8535736302829569
25592,LOF,0.05534816617113212,0.13291475949302906,0.8117370743358389
25593,LOF,0.14403561446352098,0.2335352004632298,0.6224291850732493
25594,LOF,0.04692679805960018,0.11384480712163565,0.8392283948187642
25595,LOF,0.044628798348835874,0.0820621612764231,0.873309040374741
25596,LOF,0.10785626093270952,0.04499070741092814,0.8471530316563624
25597,LOF,0.08181883354995312,0.058224090963284965,0.8599570754867619
25598,LOF,0.050858665842215295,0.08614972613675692,0.8629916080210278
25599,GOF,0.020676670745189224,0.5256216643543732,0.4537016649004376
25600,GOF,0.16418283493466448,0.524594100351908,0.31122306471342753
25601,LOF,0.04269227029028292,0.4044298737875602,0.552877855922157
25602,LOF,0.035842913706405535,0.051564131760575796,0.9125929545330187
25603,LOF,0.036204894158823143,0.02593112934276186,0.9378639764984149
25604,LOF,0.03874351188939979,0.054900498634336964,0.9063559894762633
25605,LOF,0.04467566010975322,0.16763638245775075,0.787687957432496
25606,LOF,0.4222010976318264,0.09994775253428956,0.47785114983388394
25607,LOF,0.025634461251969165,0.15707987682525326,0.8172856619227776
25608,LOF,0.03391449497468333,0.07927781577899796,0.8868076892463188
25609,GOF,0.16468302398029397,0.5294280716510761,0.30588890436863
25610,LOF,0.01493388797524376,0.02639969029736456,0.9586664217273917
25611,LOF,0.014855306135092882,0.03251294025985707,0.9526317536050501
25612,LOF,0.04688350378528559,0.03909740535865366,0.9140190908560607
25613,LOF,0.04509600516920624,0.03903946160679435,0.9158645332239994
25614,LOF,0.021020844279741456,0.02655600412253473,0.952423151597724
25615,LOF,0.046862169311001525,0.035930950321961044,0.9172068803670373
25616,LOF,0.04524019637480308,0.025080173626239554,0.9296796299989574
25617,LOF,0.0427766107147509,0.03430752338533307,0.9229158658999159
25618,LOF,0.049354240018211336,0.03207787566367157,0.9185678843181171
25619,LOF,0.014798305142179325,0.029353775991892785,0.9558479188659279
25620,LOF,0.06241814549872228,0.036988440260585266,0.9005934142406924
25621,LOF,0.05126810581793636,0.0327578424885203,0.9159740516935434
25622,LOF,0.06056509112561601,0.03102168921012967,0.9084132196642544
25623,LOF,0.07705790721982174,0.026218640908887172,0.8967234518712911
25624,LOF,0.01801260510795668,0.03264879730754278,0.9493385975845007
25625,LOF,0.0641089623491238,0.037149702768688404,0.8987413348821879
25626,LOF,0.04488170674930062,0.035851975746126384,0.919266317504573
25627,Neutral,0.892356203280436,0.023038925355319487,0.0846048713642446
25628,LOF,0.12123041948327805,0.06598378003378304,0.8127858004829389
25629,LOF,0.06083317777826009,0.047098278466916124,0.8920685437548238
25630,LOF,0.2487364774703576,0.08046503619202151,0.6707984863376208
25631,Neutral,0.5346337088121439,0.06925657848461426,0.39610971270324175
25632,LOF,0.02969397286143938,0.056629534066833416,0.9136764930717272
25633,LOF,0.19927264957489965,0.036014304321517435,0.7647130461035829
25634,LOF,0.03446849325636057,0.08565801153024792,0.8798734952133915
25635,LOF,0.04033259897539166,0.042367815975786746,0.9172995850488216
25636,LOF,0.03741703047829797,0.4579431151285437,0.5046398543931584
25637,LOF,0.06660143910142222,0.45201360220909137,0.4813849586894864
25638,LOF,0.03840606263367925,0.2660423259417401,0.6955516114245806
25639,LOF,0.03254597830835658,0.3300742994210713,0.6373797222705722
25640,Neutral,0.826018440322805,0.12971882748774385,0.04426273218945105
25641,LOF,0.04988529928138026,0.4694475381366085,0.48066716258201125
25642,LOF,0.03912954006931574,0.1550490986181205,0.8058213613125637
25643,LOF,0.20722062610484995,0.16213240773912818,0.6306469661560218
25644,LOF,0.01863610250017497,0.4569598942482564,0.5244040032515687
25645,LOF,0.016935237190105833,0.422017365413428,0.5610473973964663
25646,LOF,0.04405861982486524,0.3476605877688735,0.6082807924062613
25647,LOF,0.01937081459434493,0.2711525991854902,0.7094765862201649
25648,LOF,0.027980465543574178,0.2478085803529664,0.7242109541034594
25649,LOF,0.014799753413094807,0.236806666516683,0.7483935800702222
25650,LOF,0.04689491033273231,0.41989436448269946,0.5332107251845682
25651,LOF,0.01532084782717343,0.27991646506308976,0.7047626871097369
25652,LOF,0.027613399655883875,0.26814558105154845,0.7042410192925677
25653,LOF,0.07031297770103698,0.40879935519090366,0.5208876671080593
25654,LOF,0.02222620206744779,0.19833368122398612,0.7794401167085662
25655,LOF,0.19832654355061421,0.39713650289346736,0.40453695355591845
25656,LOF,0.298451143512422,0.045458539965503045,0.6560903165220748
25657,LOF,0.08213883322832818,0.06009254129762388,0.857768625474048
25658,LOF,0.40136027804170077,0.04507756692546786,0.5535621550328313
25659,Neutral,0.5559980139382994,0.06623365226008403,0.3777683338016165
25660,LOF,0.024602521191467774,0.07464584643969378,0.9007516323688384
25661,LOF,0.09155987134464515,0.054122991514204154,0.8543171371411507
25662,LOF,0.031719529907903644,0.030201626573516844,0.9380788435185795
25663,LOF,0.0401665605501924,0.04241215725747208,0.9174212821923354
25664,LOF,0.14346572562488166,0.04856071456265753,0.8079735598124608
25665,LOF,0.05443746521204174,0.029149944461951606,0.9164125903260067
25666,LOF,0.0919703959050458,0.0655010450559708,0.8425285590389834
25667,LOF,0.06598333802635226,0.0430325975139973,0.8909840644596504
25668,LOF,0.03668310293014659,0.04385770231201244,0.919459194757841
25669,LOF,0.03449707336258299,0.05035373001150555,0.9151491966259114
25670,LOF,0.14111943472402522,0.037874244024907536,0.8210063212510671
25671,LOF,0.0931843925284871,0.029543820431105552,0.8772717870404074
25672,LOF,0.05516538637493719,0.04036163018285231,0.9044729834422105
25673,LOF,0.0845585530579181,0.03964407486385141,0.8757973720782306
25674,LOF,0.07119426724805547,0.050413489764443396,0.8783922429875012
25675,LOF,0.12338230707753686,0.04597675793262017,0.830640934989843
25676,LOF,0.01768827648643849,0.04644736766125921,0.9358643558523024
25677,LOF,0.025877303711518588,0.061787612978973915,0.9123350833095075
25678,LOF,0.17783741451253696,0.05207086350182638,0.7700917219856366
25679,LOF,0.12221708095518248,0.065084362179154,0.8126985568656634
25680,LOF,0.029791689193709767,0.1041780561214521,0.8660302546848382
25681,LOF,0.04847806476340935,0.09494490919946545,0.8565770260371253
25682,LOF,0.1461088167677254,0.05854839847344901,0.7953427847588255
25683,LOF,0.12123383010600525,0.07011954164354828,0.8086466282504464
25684,LOF,0.0419660497726224,0.059897507650187455,0.8981364425771903
25685,LOF,0.1405788896042843,0.04591842997473372,0.813502680420982
25686,LOF,0.07754350911499602,0.0840488854539082,0.8384076054310958
25687,LOF,0.12086829588212053,0.07976416251532366,0.7993675416025559
25688,LOF,0.2961682066964599,0.03383213912658051,0.6699996541769597
25689,LOF,0.21757232485687356,0.04181741272559886,0.7406102624175276
25690,LOF,0.3538705027779773,0.03131110057690651,0.6148183966451162
25691,Neutral,0.6843419844189028,0.031229756553840332,0.2844282590272569
25692,LOF,0.3161948987055327,0.011152945611052595,0.6726521556834147
25693,LOF,0.04454855315829539,0.4675913290814079,0.48786011776029675
25694,LOF,0.12267721756233979,0.020047532851394285,0.8572752495862659
25695,LOF,0.12306013851114729,0.016041996505978477,0.8608978649828742
25696,LOF,0.11755965159107701,0.009587963414693522,0.8728523849942295
25697,LOF,0.12583665294664736,0.030132304347355594,0.8440310427059969
25698,LOF,0.3429872366754941,0.25065370290254996,0.4063590604219559
25699,LOF,0.3976454330287912,0.045334423261254635,0.5570201437099542
25700,LOF,0.052224934408428535,0.01198787583134369,0.9357871897602277
25701,LOF,0.15083835203578472,0.05647595853124549,0.7926856894329698
25702,GOF,0.18305550412144203,0.534486374879714,0.2824581209988441
25703,LOF,0.016579188390024372,0.16507881603597638,0.8183419955739992
25704,LOF,0.04720673057280147,0.11247193385265583,0.8403213355745427
25705,LOF,0.05908679498472543,0.1736150619628386,0.7672981430524359
25706,LOF,0.09425806969178806,0.3344393021006281,0.5713026282075838
25707,LOF,0.08864809946409241,0.2851651818997648,0.6261867186361427
25708,LOF,0.030283908115390553,0.26104814750855104,0.7086679443760584
25709,LOF,0.054503889663421505,0.04432533246436532,0.9011707778722132
25710,LOF,0.011872264663633014,0.13271315266183098,0.855414582674536
25711,LOF,0.01846723730448501,0.09265989115612433,0.8888728715393905
25712,LOF,0.013537508613826778,0.1689270489948946,0.8175354423912786
25713,LOF,0.017822305179859943,0.0776023975958782,0.9045752972242619
25714,LOF,0.06939959628650191,0.07817553741421107,0.852424866299287
25715,LOF,0.009823247554739904,0.1351910470392187,0.8549857054060415
25716,LOF,0.014638835891971366,0.10935792817509823,0.8760032359329305
25717,LOF,0.01261589229296514,0.07733077537694834,0.9100533323300865
25718,LOF,0.011522704974582701,0.09232852871980536,0.8961487663056119
25719,LOF,0.018034585413118566,0.08445053611827187,0.8975148784686096
25720,LOF,0.020308277821761117,0.07065893489358414,0.9090327872846548
25721,LOF,0.015427375018257881,0.09711046086154451,0.8874621641201976
25722,LOF,0.012795655589504873,0.10972706342594923,0.8774772809845459
25723,LOF,0.021082999423378296,0.0480680315090468,0.930848969067575
25724,LOF,0.022626632462168606,0.08486097163607667,0.8925123959017548
25725,LOF,0.010845756099910434,0.07198353215795797,0.9171707117421316
25726,LOF,0.01414513953903603,0.09657225724324059,0.8892826032177233
25727,LOF,0.012565748770056371,0.07880668526946721,0.9086275659604764
25728,LOF,0.009185955204928339,0.10511498065876908,0.8856990641363025
25729,LOF,0.009351446634644893,0.10363096698255332,0.8870175863828018
25730,LOF,0.012767742509790828,0.07950578760076672,0.9077264698894425
25731,LOF,0.022614982042794742,0.11726021428722583,0.8601248036699795
25732,LOF,0.013785822081388304,0.08643469748452703,0.8997794804340846
25733,LOF,0.014945507532574724,0.07319548820545531,0.91185900426197
25734,LOF,0.013247490044513517,0.13504048211925113,0.8517120278362355
25735,LOF,0.01353342978135693,0.0746931285596431,0.9117734416589999
25736,LOF,0.013518339904362648,0.10524005050286687,0.8812416095927704
25737,LOF,0.019392669751973797,0.08069598585431251,0.8999113443937138
25738,LOF,0.013034841634953429,0.11434490463521321,0.8726202537298333
25739,LOF,0.01978003657596842,0.08055215428540569,0.8996678091386258
25740,LOF,0.02630996553205142,0.0994695629383102,0.8742204715296383
25741,LOF,0.014610656101368474,0.10516466880671062,0.880224675091921
25742,LOF,0.11634191915379834,0.07814984740995419,0.8055082334362474
25743,LOF,0.035304168894513405,0.02961316951263007,0.9350826615928565
25744,Neutral,0.5877928540499355,0.19404749116875059,0.21815965478131394
25745,LOF,0.09341006518032716,0.061407168514014225,0.8451827663056587
25746,LOF,0.04472534398413356,0.07219188892611866,0.8830827670897478
25747,LOF,0.023546058971689907,0.035180513237610934,0.941273427790699
25748,LOF,0.10805640666319263,0.05231757582379794,0.8396260175130095
25749,LOF,0.02801199560051252,0.0717946314967285,0.900193372902759
25750,LOF,0.08905119668119646,0.07449174569743118,0.8364570576213722
25751,LOF,0.09380685723049806,0.04996952532314474,0.8562236174463572
25752,GOF,0.1003719005809052,0.6706189682003563,0.2290091312187386
25753,LOF,0.017922525003560178,0.2729412324188351,0.7091362425776047
25754,GOF,0.010066569237740602,0.7828217550542463,0.20711167570801306
25755,LOF,0.022813248666143277,0.381316853325612,0.5958698980082447
25756,LOF,0.03933855390419437,0.3730212228640631,0.5876402232317426
25757,GOF,0.01348277898175927,0.8310092111758919,0.15550800984234864
25758,GOF,0.02956968400190192,0.813339249839825,0.15709106615827312
25759,GOF,0.011258278883664043,0.5245382454319399,0.46420347568439596
25760,LOF,0.012613027284862292,0.24043529674968095,0.7469516759654569
25761,GOF,0.24993633910000673,0.6356774705968902,0.11438619030310314
25762,LOF,0.033647613362847724,0.27028243781771083,0.6960699488194415
25763,LOF,0.013241234899436273,0.20790706403440012,0.7788517010661635
25764,GOF,0.06628821233179764,0.634940759846174,0.29877102782202836
25765,GOF,0.04533020356746896,0.7402515782916869,0.21441821814084408
25766,GOF,0.05608130898244271,0.7766003899159595,0.16731830110159787
25767,GOF,0.1619560122491873,0.4488255006748164,0.38921848707599643
25768,LOF,0.09003364855600503,0.06682241826111898,0.8431439331828758
25769,LOF,0.06755210126273273,0.06358201168397459,0.8688658870532927
25770,LOF,0.2683149324540807,0.09224027960737595,0.6394447879385432
25771,LOF,0.04583327876568455,0.04461677639997996,0.9095499448343354
25772,LOF,0.0168627440697508,0.03365319924939696,0.9494840566808523
25773,LOF,0.04720001387223,0.07987963944383712,0.8729203466839328
25774,LOF,0.027262958234493335,0.07629926309858541,0.8964377786669213
25775,LOF,0.04635078607456341,0.05099533072361872,0.9026538832018179
25776,LOF,0.07457245241869573,0.02495807372194295,0.9004694738593613
25777,LOF,0.33326926813266317,0.05564677087714982,0.6110839609901869
25778,LOF,0.06611778576981019,0.049401565563292144,0.8844806486668977
25779,GOF,0.3574312259937048,0.6001800075928816,0.04238876641341364
25780,GOF,0.2908332872082437,0.6416610765343039,0.06750563625745225
25781,GOF,0.13805260189906954,0.759984264442213,0.10196313365871747
25782,GOF,0.1965795675286474,0.7383255618112394,0.06509487066011321
25783,GOF,0.03181405004273373,0.6488940132216061,0.31929193673566014
25784,GOF,0.48014458215077727,0.4819929850560746,0.037862432793148146
25785,GOF,0.37767382105190045,0.582831827609507,0.039494351338592526
25786,GOF,0.024288895982438538,0.7578443435147483,0.21786676050281317
25787,Neutral,0.6381958593790844,0.33579060302277014,0.02601353759814545
25788,LOF,0.04495324783142812,0.09903404218415156,0.8560127099844204
25789,GOF,0.20506598975318038,0.6454955913609122,0.14943841888590736
25790,GOF,0.19809599318993418,0.6951135382038389,0.10679046860622705
25791,GOF,0.13397143554960905,0.6819113127963202,0.18411725165407086
25792,GOF,0.3112860419530404,0.5560518802088108,0.1326620778381487
25793,GOF,0.24081956091878642,0.5659247601456533,0.19325567893556034
25794,GOF,0.3238136965398346,0.5109703286785876,0.16521597478157782
25795,GOF,0.07578249364652104,0.701899406896893,0.222318099456586
25796,Neutral,0.5260065387588181,0.3970212470377686,0.07697221420341334
25797,GOF,0.08620775105422994,0.5701459120426909,0.3436463369030791
25798,GOF,0.009647423838261126,0.5069526482218625,0.4833999279398764
25799,LOF,0.007205438611918751,0.39272542049948456,0.6000691408885968
25800,GOF,0.03360636215924959,0.5789126188442898,0.38748101899646065
25801,GOF,0.17005937366779605,0.7088007794808364,0.12113984685136751
25802,GOF,0.07065371862097654,0.6827994035027334,0.24654687787629004
25803,GOF,0.03488322949507586,0.5774642547013198,0.3876525158036043
25804,LOF,0.03328401006496798,0.4742684033285127,0.49244758660651927
25805,GOF,0.08791330978873375,0.5959303139597422,0.31615637625152415
25806,GOF,0.08767507103262377,0.5904595779617962,0.32186535100558006
25807,GOF,0.02040237529327869,0.6419669044583751,0.3376307202483462
25808,GOF,0.07043747754344519,0.6288398625166502,0.3007226599399046
25809,GOF,0.017438006121324335,0.5762277137052215,0.40633428017345424
25810,GOF,0.01601202862655573,0.6180550783990348,0.36593289297440945
25811,GOF,0.43779727933592694,0.48289814476091697,0.079304575903156
25812,GOF,0.03001398197732483,0.6022846192965439,0.3677013987261312
25813,Neutral,0.4903412571054423,0.40291192729638087,0.10674681559817686
25814,GOF,0.11214615426337776,0.6436031523642199,0.24425069337240218
25815,GOF,0.18716377652006566,0.62291964290225,0.1899165805776844
25816,GOF,0.024941615179426193,0.716323026840846,0.2587353579797278
25817,GOF,0.23850283489783328,0.6110183053605713,0.1504788597415954
25818,GOF,0.05264615395298392,0.624912675466254,0.32244117058076216
25819,GOF,0.3410056043641289,0.5062103883154194,0.1527840073204518
25820,GOF,0.18273264371093684,0.5901860195049841,0.22708133678407907
25821,GOF,0.05861377088911128,0.6477291680672183,0.29365706104367045
25822,GOF,0.21175029281426547,0.5647995383950104,0.2234501687907242
25823,GOF,0.03457194257956918,0.5284650207342579,0.4369630366861729
25824,GOF,0.09872066345996769,0.5829079829549577,0.31837135358507473
25825,GOF,0.04021588630958324,0.5862206399437456,0.37356347374667126
25826,GOF,0.01648744551850902,0.5733242614092888,0.4101882930722021
25827,GOF,0.025229454625304116,0.6047404737332923,0.37003007164140356
25828,GOF,0.01375799669348592,0.5336107882359465,0.4526312150705675
25829,GOF,0.005880863339855271,0.5646005279196326,0.4295186087405121
25830,LOF,0.033798618461607116,0.2898114616936131,0.6763899198447798
25831,GOF,0.21946185838036156,0.6659194265579661,0.11461871506167233
25832,GOF,0.027985708019799223,0.723347054737992,0.24866723724220868
25833,GOF,0.10484912727024423,0.7440554703849697,0.1510954023447859
25834,GOF,0.02786925651861753,0.7410143628077344,0.2311163806736481
25835,GOF,0.06053531796001788,0.7799704600585872,0.15949422198139487
25836,GOF,0.03022378570046305,0.702189897198972,0.2675863171005651
25837,GOF,0.02463165151642232,0.6219852035479172,0.3533831449356606
25838,GOF,0.08874092082240928,0.7705720099407153,0.14068706923687554
25839,GOF,0.287491688111426,0.5745710301138469,0.13793728177472703
25840,GOF,0.2397238931004729,0.6080028061976581,0.152273300701869
25841,GOF,0.2349309839998518,0.630470553740918,0.13459846225923017
25842,GOF,0.1297336190239418,0.7427536955778467,0.1275126853982117
25843,GOF,0.199463863055371,0.7088578799412798,0.09167825700334929
25844,GOF,0.06224574141287253,0.7517077888701403,0.18604646971698724
25845,GOF,0.01558335016804789,0.5318443784579555,0.4525722713739967
25846,GOF,0.11908343995365843,0.7643977938581322,0.1165187661882094
25847,GOF,0.08603360191883987,0.8176111832907291,0.09635521479043108
25848,GOF,0.03495487756360738,0.7095139696483431,0.25553115278804944
25849,GOF,0.010191781433849833,0.6268382778386662,0.362969940727484
25850,GOF,0.01953225896740238,0.682925484830237,0.2975422562023607
25851,GOF,0.015723681204532533,0.5626185982111911,0.4216577205842764
25852,GOF,0.15086996001801123,0.5726923647872643,0.27643767519472445
25853,GOF,0.3237664130845752,0.5965610499303919,0.07967253698503285
25854,GOF,0.020746910315172288,0.6138539594559718,0.3653991302288559
25855,GOF,0.034574376873789815,0.5527833256159863,0.4126422975102239
25856,GOF,0.22924300129620012,0.5574307191146096,0.2133262795891903
25857,GOF,0.03933856047999323,0.5021879712558326,0.4584734682641743
25858,GOF,0.02248061017750027,0.4973489733842659,0.4801704164382337
25859,LOF,0.011301144590033873,0.48036679842475005,0.5083320569852161
25860,GOF,0.35997748620257264,0.5572210772734378,0.0828014365239894
25861,GOF,0.40041410031696517,0.5340730903958435,0.06551280928719136
25862,GOF,0.08042020575035258,0.7809547548123095,0.13862503943733792
25863,GOF,0.07436380478821084,0.7920024305796551,0.1336337646321341
25864,GOF,0.17172345701222058,0.7609469927655922,0.06732955022218723
25865,GOF,0.08078891134570117,0.8158206529312007,0.10339043572309826
25866,GOF,0.05573987467911948,0.7869206859915551,0.15733943932932543
25867,GOF,0.07495154019183974,0.8220088162184507,0.10303964358970955
25868,GOF,0.23607046389464342,0.6597825926424216,0.10414694346293513
25869,Neutral,0.7024271926873225,0.25279710541298495,0.044775701899692655
25870,GOF,0.2713851625564481,0.4122517030478444,0.3163631343957075
25871,GOF,0.21118816609448474,0.6619459307294202,0.12686590317609497
25872,GOF,0.07824929525857927,0.6500108184838143,0.27173988625760653
25873,GOF,0.11636346957262828,0.6994844882459332,0.1841520421814385
25874,LOF,0.013902546833765456,0.1093137490725916,0.876783704093643
25875,LOF,0.09110731422875654,0.041256019132570335,0.8676366666386731
25876,LOF,0.031844479749385986,0.026633867819606638,0.9415216524310073
25877,Neutral,0.5098608382890054,0.03836479072970224,0.4517743709812924
25878,LOF,0.23777143164945175,0.08710756618750902,0.6751210021630393
25879,LOF,0.08388789938478859,0.08887480146232064,0.8272372991528908
25880,LOF,0.039876906418181396,0.013852296794276549,0.946270796787542
25881,LOF,0.16559081420878996,0.12105646061868046,0.7133527251725296
25882,LOF,0.05799267676497836,0.01721718172065508,0.9247901415143664
25883,LOF,0.06567948595275845,0.019394910796651607,0.9149256032505899
25884,LOF,0.03113175200581547,0.027210456807012312,0.9416577911871722
25885,LOF,0.05877343915683078,0.01101778241195559,0.9302087784312136
25886,LOF,0.25431872091361785,0.03850817815565061,0.7071731009307316
25887,LOF,0.16030035135953888,0.06627109070531725,0.7734285579351439
25888,LOF,0.06589357873940428,0.05926814447963444,0.8748382767809613
25889,LOF,0.037815707040341616,0.02023195831358377,0.9419523346460746
25890,LOF,0.05126553743144344,0.14445518462751825,0.8042792779410384
25891,LOF,0.03870445343665537,0.06074927184999926,0.9005462747133455
25892,LOF,0.07926530599291534,0.024506665287765905,0.8962280287193188
25893,LOF,0.23617713848132413,0.02114430270505205,0.7426785588136238
25894,LOF,0.17219270750017196,0.012094975824209998,0.815712316675618
25895,LOF,0.1953919099177921,0.024165605460435335,0.7804424846217726
25896,LOF,0.05135618937405268,0.0215017293820978,0.9271420812438494
25897,LOF,0.27111276770800996,0.014603968623186548,0.7142832636688036
25898,Neutral,0.7118596558958444,0.011352607948654359,0.27678773615550123
25899,LOF,0.21863243874976374,0.022956553496181028,0.7584110077540552
25900,LOF,0.46777475643689476,0.012435848133666,0.5197893954294391
25901,LOF,0.05164907427719474,0.011511536800584492,0.9368393889222209
25902,LOF,0.16428499362574325,0.013533453915416624,0.8221815524588401
25903,Neutral,0.5863148286156289,0.030484495541335758,0.38320067584303524
25904,LOF,0.3099444988781806,0.04463856693213663,0.6454169341896828
25905,LOF,0.025559406975227027,0.3126640297443543,0.6617765632804187
25906,LOF,0.03009838177649597,0.08783801948871445,0.8820635987347896
25907,LOF,0.013402601913266105,0.3141526245704493,0.6724447735162846
25908,LOF,0.00925381582793381,0.2573721294586558,0.7333740547134103
25909,LOF,0.012256465880846371,0.13238612570842528,0.8553574084107284
25910,LOF,0.04746793191432605,0.1315840428523403,0.8209480252333337
25911,LOF,0.18555372132128642,0.028089787338516973,0.7863564913401966
25912,LOF,0.04964424278046723,0.047645238017467645,0.9027105192020651
25913,LOF,0.3511281941444204,0.020673024666994135,0.6281987811885854
25914,LOF,0.02066275794706353,0.049293496432572824,0.9300437456203637
25915,Neutral,0.5830121563784202,0.15359795141020707,0.26338989221137277
25916,LOF,0.08105416945294795,0.20528015484660372,0.7136656757004483
25917,LOF,0.0651691200379364,0.03736418117119668,0.8974666987908669
25918,LOF,0.022834382277790756,0.030021336541114083,0.9471442811810951
25919,LOF,0.020419125531914467,0.03335666465187569,0.9462242098162098
25920,GOF,0.11310301978239275,0.5060543183441231,0.38084266187348415
25921,LOF,0.026378632207330954,0.03349562615708595,0.940125741635583
25922,LOF,0.035210650191302324,0.025955169057847092,0.9388341807508506
25923,Neutral,0.49054160725813395,0.034098421058322725,0.47535997168354327
25924,LOF,0.03714967379630714,0.0410119398436439,0.921838386360049
25925,LOF,0.0741657784017228,0.0369925457666525,0.8888416758316248
25926,LOF,0.0521446043408173,0.03362946264850291,0.9142259330106798
25927,LOF,0.06073724044260699,0.14430872304630984,0.7949540365110832
25928,LOF,0.019178121732854995,0.05455040171963626,0.9262714765475087
25929,Neutral,0.6052422057226646,0.036756753728894184,0.3580010405484411
25930,LOF,0.07531331190495939,0.02926720418676309,0.8954194839082774
25931,LOF,0.02491007395755172,0.03416976183334706,0.9409201642091013
25932,LOF,0.028388896237647353,0.02554267402454989,0.9460684297378028
25933,LOF,0.0393886438249718,0.017063700381056462,0.9435476557939716
25934,LOF,0.024565860603119383,0.01845756940846654,0.9569765699884141
25935,LOF,0.06398892315581643,0.04661452615448679,0.8893965506896968
25936,LOF,0.04434297906313541,0.023408984159298908,0.9322480367775656
25937,LOF,0.026319167544839383,0.03366661624317466,0.9400142162119859
25938,LOF,0.06756255329339832,0.04963670662625476,0.8828007400803469
25939,LOF,0.042189369787725924,0.018973545738026905,0.9388370844742473
25940,LOF,0.03440544002347197,0.3538460861824648,0.6117484737940633
25941,LOF,0.1956392104604663,0.08397165083181232,0.7203891387077215
25942,LOF,0.01301451781925889,0.03405363655979175,0.9529318456209493
25943,LOF,0.33377584353578627,0.05298702147552452,0.6132371349886891
25944,Neutral,0.5092649776127507,0.020415415307713503,0.4703196070795358
25945,LOF,0.07693068535986818,0.019703016153786227,0.9033662984863456
25946,LOF,0.031172264264241793,0.11426329436591791,0.8545644413698402
25947,LOF,0.1156334288388001,0.16537676850213914,0.7189898026590607
25948,LOF,0.3711448473193546,0.008248257837894629,0.6206068948427508
25949,LOF,0.12669013723894035,0.03935254342649505,0.8339573193345646
25950,GOF,0.3162964116876942,0.3498421362254451,0.3338614520868608
25951,LOF,0.19690036035767522,0.29250387230774033,0.5105957673345844
25952,LOF,0.04337290859930657,0.460906596514906,0.4957204948857874
25953,LOF,0.14086208490536978,0.1113944379878992,0.7477434771067311
25954,Neutral,0.4266378127996576,0.20157428533919375,0.3717879018611487
25955,LOF,0.06913375157603394,0.07904471374965265,0.8518215346743135
25956,LOF,0.16752783842834904,0.11729727931569961,0.7151748822559514
25957,LOF,0.037989703140740155,0.029573998019055747,0.9324362988402042
25958,LOF,0.05486881339064139,0.027227800153567953,0.9179033864557905
25959,LOF,0.07328379395076427,0.333604617170846,0.5931115888783898
25960,LOF,0.015597129767006036,0.04851924250976913,0.9358836277232249
25961,LOF,0.04139420625512812,0.02792951467103531,0.9306762790738365
25962,LOF,0.051489015042875876,0.03286447155486498,0.9156465134022592
25963,LOF,0.039600547306534124,0.2062474095266212,0.7541520431668446
25964,LOF,0.03423001024458467,0.1554178171378364,0.810352172617579
25965,LOF,0.4361870108109402,0.06276450371061594,0.5010484854784438
25966,Neutral,0.5204771379868638,0.18047666725774825,0.29904619475538796
25967,LOF,0.01770059522035181,0.10600207208674876,0.8762973326928993
25968,LOF,0.035134237939865774,0.387061222803856,0.5778045392562781
25969,LOF,0.033616326484395116,0.058349375442570746,0.908034298073034
25970,LOF,0.05759199666104369,0.05777208704587639,0.8846359162930799
25971,LOF,0.06609724678112258,0.021195749015371194,0.9127070042035063
25972,LOF,0.0648386744238227,0.03102018488299748,0.90414114069318
25973,LOF,0.07250969352314911,0.010767835727279238,0.9167224707495717
25974,LOF,0.18808805634453954,0.014967336703562612,0.7969446069518978
25975,LOF,0.044017761418721595,0.02798808083744837,0.92799415774383
25976,LOF,0.04291261274614177,0.017103163954131518,0.9399842232997268
25977,LOF,0.15509100821868985,0.07681558533012664,0.7680934064511835
25978,LOF,0.1475513528678099,0.09254047042191077,0.7599081767102793
25979,LOF,0.1364313044120703,0.09400748235583904,0.7695612132320907
25980,LOF,0.21522989825705768,0.12397975100090822,0.6607903507420341
25981,LOF,0.24792938390314723,0.12121625320047502,0.6308543628963778
25982,LOF,0.41755317457764723,0.07678596895238024,0.5056608564699725
25983,LOF,0.38906696661617907,0.08931570301885133,0.5216173303649697
25984,LOF,0.046087567318861045,0.05255715641207384,0.9013552762690651
25985,LOF,0.03688818332465198,0.295812049747155,0.6672997669281929
25986,LOF,0.04833292041131816,0.3181863143537848,0.6334807652348969
25987,LOF,0.08961314501400854,0.07459472710003527,0.8357921278859561
25988,LOF,0.1472294721969132,0.06390019210142694,0.7888703357016598
25989,LOF,0.03201383516923725,0.12177035357485949,0.8462158112559032
25990,LOF,0.038602673734360236,0.17330441948324454,0.7880929067823953
25991,LOF,0.13012804416114876,0.24525025348194784,0.6246217023569035
25992,LOF,0.30620712333059835,0.14574488232253546,0.5480479943468661
25993,LOF,0.02286006302408359,0.07841879935927369,0.8987211376166426
25994,LOF,0.017974576487242308,0.08172492388557465,0.900300499627183
25995,LOF,0.023917280616957963,0.1714473027477912,0.804635416635251
25996,GOF,0.32979657707760074,0.38316255013215933,0.28704087279024
25997,LOF,0.08238352139650172,0.38161395641145923,0.536002522192039
25998,Neutral,0.535999441147829,0.03127515009385453,0.43272540875831633
25999,LOF,0.0994313885613881,0.0971414574264493,0.8034271540121627
26000,LOF,0.14105399611757458,0.04606830120363344,0.8128777026787921
26001,LOF,0.21018992794958236,0.0514330256321542,0.7383770464182634
26002,LOF,0.11688279723263795,0.039497725912274476,0.8436194768550875
26003,GOF,0.01158943396696722,0.5905908340546843,0.39781973197834847
26004,GOF,0.02376260561476209,0.667398477100864,0.308838917284374
26005,LOF,0.006753755709140231,0.44291471762274504,0.5503315266681147
26006,Neutral,0.5230352560868292,0.24703537709895057,0.22992936681422013
26007,GOF,0.02221095146685056,0.5247450478371152,0.45304400069603434
26008,GOF,0.02013181001778795,0.6318020128264741,0.34806617715573784
26009,GOF,0.021435715383710714,0.6891904300137461,0.2893738546025432
26010,GOF,0.022868212330580524,0.6517805570521287,0.3253512306172908
26011,LOF,0.006908288988195816,0.4085437899032059,0.5845479211085983
26012,GOF,0.012982651712531186,0.5561902291642822,0.4308271191231866
26013,GOF,0.020590012297011174,0.6133687998423949,0.3660411878605938
26014,LOF,0.03963117842593063,0.11230937576505375,0.8480594458090156
26015,LOF,0.16018453349074746,0.015020059303393963,0.8247954072058586
26016,LOF,0.18738596882132516,0.0560715563479186,0.7565424748307561
26017,LOF,0.2119956573540949,0.08715643549863158,0.7008479071472734
26018,LOF,0.07873855979355437,0.0383927869293465,0.8828686532770991
26019,LOF,0.07482420391168844,0.030841870731117646,0.8943339253571939
26020,LOF,0.06446457740892289,0.09784148202150676,0.8376939405695705
26021,LOF,0.04643669989440482,0.09918534537818212,0.8543779547274132
26022,LOF,0.011853865887550946,0.039922907809375276,0.9482232263030739
26023,LOF,0.06830938456763841,0.024838376717361426,0.9068522387150002
26024,LOF,0.03274438053877064,0.10188036278653409,0.8653752566746954
26025,LOF,0.1505979127176506,0.08158535890210372,0.7678167283802457
26026,LOF,0.31722050841693206,0.02820632922764855,0.6545731623554194
26027,LOF,0.05880396904263283,0.019624101992005382,0.9215719289653619
26028,LOF,0.1759313898858931,0.06218545487271768,0.7618831552413893
26029,LOF,0.06590298702120952,0.14424700282041272,0.7898500101583777
26030,LOF,0.02232790554071086,0.030635584161537343,0.9470365102977519
26031,LOF,0.02580545058774912,0.10882383967022054,0.8653707097420302
26032,LOF,0.06314783698653698,0.04445071918942033,0.8924014438240426
26033,LOF,0.08313133281504893,0.043394585775413705,0.8734740814095373
26034,LOF,0.04370288235819777,0.123304452162936,0.8329926654788662
26035,LOF,0.025622314974117436,0.11673332753749766,0.8576443574883849
26036,LOF,0.03698950707229978,0.13566381520487866,0.8273466777228214
26037,LOF,0.021416867610201583,0.10121587400977179,0.8773672583800267
26038,LOF,0.05973495123612133,0.045489140349051306,0.8947759084148273
26039,LOF,0.05033956101131163,0.11880062365243144,0.8308598153362569
26040,LOF,0.20914194661590524,0.08578443217509522,0.7050736212089994
26041,LOF,0.02223745580789256,0.09013678770025794,0.8876257564918494
26042,LOF,0.020234164735748166,0.08707900050166646,0.8926868347625854
26043,LOF,0.06105389878878033,0.052895962078084724,0.886050139133135
26044,LOF,0.01825652235178611,0.03972122116450146,0.9420222564837124
26045,LOF,0.07173085429500975,0.07883198913540591,0.8494371565695843
26046,LOF,0.05598916295237357,0.043907076558291104,0.9001037604893354
26047,LOF,0.07434493442955302,0.046362991279405776,0.8792920742910413
26048,LOF,0.04161614205667761,0.028535517440415145,0.9298483405029072
26049,Neutral,0.9696633141292396,0.004890277789113976,0.0254464080816464
26050,Neutral,0.9529229948478878,0.006124371198203571,0.04095263395390868
26051,LOF,0.04794700895748533,0.26708727014639555,0.6849657208961191
26052,LOF,0.06621257315516388,0.3106165062048423,0.6231709206399938
26053,LOF,0.06233096718549906,0.14641368632350957,0.7912553464909914
26054,LOF,0.05272558666162822,0.018890205326887895,0.928384208011484
26055,LOF,0.06880235776344441,0.016815204197494823,0.9143824380390607
26056,LOF,0.05723183018179355,0.018998813601848817,0.9237693562163577
26057,LOF,0.03036504492497824,0.012675050781976031,0.9569599042930457
26058,LOF,0.030804468478879674,0.010326193384788749,0.9588693381363316
26059,LOF,0.26932956450820206,0.023370009069458166,0.7073004264223398
26060,LOF,0.04700722901602309,0.16631142855309067,0.7866813424308863
26061,LOF,0.016120258004566356,0.012060719233509067,0.9718190227619244
26062,LOF,0.0097430189448231,0.018132959732458265,0.9721240213227187
26063,LOF,0.018963046360001908,0.010624939813083307,0.9704120138269149
26064,LOF,0.020996516208413224,0.022873416979274443,0.9561300668123123
26065,LOF,0.024839471835899567,0.0109256919824538,0.9642348361816466
26066,LOF,0.019526761149646715,0.010669273779999487,0.9698039650703539
26067,LOF,0.026594969748428336,0.008537766981940323,0.9648672632696315
26068,LOF,0.04371436433091719,0.030171068052578808,0.9261145676165039
26069,LOF,0.2512139915027196,0.020465534637533297,0.7283204738597471
26070,LOF,0.39484457564280895,0.017819469495653117,0.587335954861538
26071,LOF,0.019120154546774203,0.011849709602219176,0.9690301358510067
26072,LOF,0.017611659000705944,0.022108522120507276,0.9602798188787869
26073,LOF,0.019155944016638747,0.01382736727495145,0.9670166887084098
26074,Neutral,0.9162470276256118,0.006115950244147307,0.07763702213024076
26075,LOF,0.044406369252714774,0.01510994560933372,0.9404836851379516
26076,LOF,0.03507684509321284,0.009195170379056329,0.9557279845277308
26077,LOF,0.00937849302004611,0.013853387606820004,0.9767681193731339
26078,LOF,0.01438737548915127,0.012285021857274422,0.9733276026535744
26079,LOF,0.06051448562726664,0.017741306782489894,0.9217442075902436
26080,LOF,0.05950071603610859,0.017809249724903345,0.9226900342389881
26081,LOF,0.03591388202084369,0.0066174624473156335,0.9574686555318406
26082,LOF,0.012563037840329503,0.014941276856133999,0.9724956853035364
26083,LOF,0.17450726294503724,0.015136858124312988,0.8103558789306498
26084,LOF,0.0396966031177371,0.012078252497408997,0.9482251443848538
26085,LOF,0.03563797712637083,0.011581933752016223,0.9527800891216128
26086,LOF,0.018803053719818726,0.011531712686180971,0.9696652335940003
26087,LOF,0.021581578241364936,0.009116290624639523,0.9693021311339955
26088,LOF,0.016071467499838787,0.02562267162892193,0.9583058608712391
26089,LOF,0.04059086026540401,0.023490425222916517,0.9359187145116794
26090,LOF,0.040387099763861074,0.019190317808806624,0.9404225824273322
26091,LOF,0.032006853414775466,0.006538936482557186,0.9614542101026674
26092,LOF,0.02139094770824055,0.007929323810544396,0.9706797284812151
26093,LOF,0.03264019127097054,0.006359410769438156,0.9610003979595914
26094,LOF,0.03222963760225207,0.006416739288379582,0.9613536231093684
26095,LOF,0.03874641654109045,0.014420485829294973,0.9468330976296147
26096,LOF,0.017202265375783773,0.012083978367015526,0.9707137562572006
26097,LOF,0.012010934990523999,0.04104535588618841,0.9469437091232875
26098,LOF,0.08024377674666501,0.012205297573711825,0.9075509256796231
26099,LOF,0.02010525396315862,0.012611876775650762,0.9672828692611907
26100,LOF,0.022253036318303478,0.012317446969203593,0.9654295167124929
26101,LOF,0.042578442461294566,0.017598093233804152,0.9398234643049014
26102,LOF,0.01959256760055045,0.0138719209461982,0.9665355114532515
26103,Neutral,0.8764977080202783,0.020196135881064475,0.10330615609865726
26104,LOF,0.07831180340127918,0.024933665956751283,0.8967545306419695
26105,LOF,0.20923701139164605,0.2674725457103395,0.5232904428980144
26106,LOF,0.1582103495007604,0.13030097505181132,0.7114886754474282
26107,LOF,0.21242306435530534,0.0859989510093736,0.7015779846353211
26108,LOF,0.2302125190348092,0.09254306651036304,0.6772444144548279
26109,LOF,0.08750669052725366,0.06142865718069567,0.8510646522920506
26110,LOF,0.21177325259552174,0.006518357872676757,0.7817083895318016
26111,Neutral,0.5174411764874188,0.024227147317168407,0.4583316761954128
26112,LOF,0.03173093251038792,0.00699395889117518,0.9612751085984368
26113,LOF,0.061494394484937535,0.014921198608594876,0.9235844069064676
26114,LOF,0.024055023266273658,0.031706801539129637,0.9442381751945967
26115,LOF,0.08280983293068468,0.05304626455081966,0.8641439025184956
26116,LOF,0.05858725911016908,0.06032696668384588,0.881085774205985
26117,LOF,0.4526719413993163,0.04081768118029007,0.5065103774203936
26118,LOF,0.0340605316732614,0.02360020598829411,0.9423392623384446
26119,LOF,0.023184237943426163,0.03202878907874042,0.9447869729778335
26120,LOF,0.024966901604972162,0.019386326425373857,0.955646771969654
26121,LOF,0.03914450158985582,0.08430916247333238,0.8765463359368117
