feature0,prediction,LoGoFunc_Neutral,LoGoFunc_GOF,LoGoFunc_LOF
25546,Neutral,0.6767323983844742,0.05379507928782871,0.2694725223276972
25547,Neutral,0.5119935089526323,0.09052753052380226,0.39747896052356546
25548,Neutral,0.4987864543478284,0.07043139715732848,0.4307821484948429
25549,LOF,0.4254267988603397,0.07239545210760194,0.5021777490320584
25550,LOF,0.3734990863466489,0.11144456734011263,0.5150563463132385
25551,LOF,0.31930142078424134,0.12569302087044856,0.5550055583453101
25552,LOF,0.2499190712164173,0.11765843400492697,0.6324224947786558
25553,Neutral,0.8124978216113895,0.04254134914088106,0.14496082924772943
25554,LOF,0.29990368446367155,0.10753433582980873,0.5925619797065197
25555,LOF,0.24507397240094866,0.10302755776101276,0.6518984698380386
25556,LOF,0.44944005054579866,0.08816935319123431,0.46239059626296697
25557,LOF,0.24057160328419433,0.10523153522321513,0.6541968614925906
25558,LOF,0.3013802463185902,0.1049557394204797,0.5936640142609301
25559,LOF,0.19167965095970185,0.12002203227606664,0.6882983167642316
25560,LOF,0.1499934716825425,0.10295544209925957,0.7470510862181979
25561,LOF,0.14931423555350068,0.12777430992441163,0.7229114545220877
25562,LOF,0.06524926355627719,0.0753305055310253,0.8594202309126975
25563,LOF,0.02067940505604745,0.11892801068529849,0.8603925842586541
25564,LOF,0.21048382240564328,0.11345212952409087,0.6760640480702659
25565,LOF,0.22266686652477374,0.14269223571302078,0.6346408977622054
25566,GOF,0.08673962128222583,0.6864722952395933,0.22678808347818075
25567,LOF,0.0368894070882407,0.12863921354307797,0.8344713793686813
25568,LOF,0.05860071222523204,0.06754150225130066,0.8738577855234673
25569,LOF,0.05927453489524735,0.06827629111221631,0.8724491739925363
25570,LOF,0.02819249639447165,0.09306124410471008,0.8787462595008183
25571,LOF,0.027266264616288012,0.09763241692603504,0.8751013184576769
25572,LOF,0.061886233726245916,0.11348522963662461,0.8246285366371294
25573,LOF,0.057173094275184536,0.08001926741614795,0.8628076383086675
25574,LOF,0.057774716151881886,0.18112069030823985,0.7611045935398782
25575,LOF,0.023260971548277557,0.1167239766825226,0.8600150517691999
25576,LOF,0.03409233902066401,0.1498410375385498,0.8160666234407863
25577,LOF,0.03016067150610013,0.10402189466276054,0.8658174338311393
25578,LOF,0.29653249441314355,0.0758716509003935,0.6275958546864631
25579,LOF,0.1328567326231661,0.08124636795695037,0.7858968994198835
25580,LOF,0.019647586463967314,0.07334718234620274,0.9070052311898299
25581,LOF,0.0573653079805968,0.06253903420135486,0.8800956578180483
25582,LOF,0.057196889091331964,0.061213487854072456,0.8815896230545955
25583,LOF,0.02031182222062471,0.07477122913296584,0.9049169486464095
25584,Neutral,0.6629285033945127,0.10282783996409929,0.2342436566413879
25585,LOF,0.03732809497353607,0.11482426729501896,0.8478476377314449
25586,LOF,0.019139228806781067,0.06419760700769507,0.9166631641855238
25587,LOF,0.018096241050391728,0.05653848251987876,0.9253652764297295
25588,LOF,0.02069753346544795,0.0673888479996266,0.9119136185349254
25589,Neutral,0.5098347533069745,0.197237213991115,0.2929280327019106
25590,LOF,0.047708264572807677,0.10028905705984709,0.8520026783673451
25591,LOF,0.10200339475142728,0.05282554589113241,0.8451710593574404
25592,LOF,0.05511535876819311,0.1319365936444447,0.8129480475873622
25593,LOF,0.14306303736110787,0.25808806541780227,0.59884889722109
25594,LOF,0.0475380339172619,0.10416870888237419,0.848293257200364
25595,LOF,0.044942097320521464,0.07985150019317408,0.8752064024863044
25596,LOF,0.10292156866921835,0.042766490934821814,0.8543119403959599
25597,LOF,0.08165519019616543,0.059861122951208295,0.8584836868526263
25598,LOF,0.04606894195586732,0.08190540855627676,0.872025649487856
25599,GOF,0.022333005212236943,0.5226222250509317,0.45504476973683133
25600,GOF,0.18200051251686894,0.5076747662540646,0.31032472122906646
25601,LOF,0.04290549558509319,0.3887710822794098,0.5683234221354969
25602,LOF,0.034922443667651126,0.047539807129733554,0.9175377492026153
25603,LOF,0.03475939707851053,0.02589421771813916,0.9393463852033502
25604,LOF,0.0369011544225576,0.04837725213119326,0.914721593446249
25605,LOF,0.04470775936718213,0.16839986272051766,0.7868923779123002
25606,LOF,0.4260268483486842,0.08901700095955516,0.4849561506917606
25607,LOF,0.026087279885808265,0.15583697242337222,0.8180757476908195
25608,LOF,0.03223839611676827,0.07643734109298259,0.8913242627902491
25609,GOF,0.16988592312317768,0.5360929098621537,0.2940211670146685
25610,LOF,0.015193660236717199,0.025599915115573166,0.9592064246477096
25611,LOF,0.014127678254287448,0.028699672838048505,0.9571726489076641
25612,LOF,0.04538151900787826,0.03564756300544363,0.9189709179866781
25613,LOF,0.04269462607293325,0.03704082088335011,0.9202645530437167
25614,LOF,0.020964916777224025,0.023487405758190187,0.9555476774645858
25615,LOF,0.04505390632050314,0.032373696119832734,0.9225723975596641
25616,LOF,0.04435479559288439,0.022972767622006573,0.932672436785109
25617,LOF,0.0427934935438375,0.03233505449576933,0.9248714519603931
25618,LOF,0.04835385011837129,0.027733532793677164,0.9239126170879516
25619,LOF,0.014700169600398261,0.026122133786342015,0.9591776966132597
25620,LOF,0.05881263015365577,0.032851346984675775,0.9083360228616686
25621,LOF,0.05317797706312154,0.027074416431929572,0.9197476065049489
25622,LOF,0.0625591280742318,0.026878163819778606,0.9105627081059896
25623,LOF,0.07570665429500696,0.025163051812240655,0.8991302938927523
25624,LOF,0.018102072339986206,0.03317371754951539,0.9487242101104985
25625,LOF,0.06352087620324229,0.03588110270259381,0.900598021094164
25626,LOF,0.04432656850095769,0.03393186180056431,0.9217415696984781
25627,Neutral,0.8877331773475381,0.020781625593567655,0.0914851970588942
25628,LOF,0.13702669455388078,0.059856650630489595,0.8031166548156295
25629,LOF,0.060556118857451775,0.0442278945927052,0.895215986549843
25630,LOF,0.2675639111047152,0.0714291742656422,0.6610069146296427
25631,Neutral,0.5462233361595012,0.06296792271885356,0.39080874112164515
25632,LOF,0.027554033588061303,0.05932111656036683,0.9131248498515717
25633,LOF,0.19517349870238923,0.036627513814024994,0.7681989874835858
25634,LOF,0.03348049105021623,0.08065279388503394,0.8858667150647499
25635,LOF,0.03927105280419637,0.04310020012696858,0.9176287470688351
25636,LOF,0.04208504306229197,0.4567155443636236,0.5011994125740845
25637,LOF,0.07412506164842228,0.45553601014136946,0.4703389282102083
25638,LOF,0.04663838555544416,0.2659024223190302,0.6874591921255256
25639,LOF,0.03376970186963226,0.33247176323220656,0.6337585348981613
25640,Neutral,0.8192845905349484,0.13958673177177255,0.041128677693279034
25641,LOF,0.05115845540135575,0.4677004920375368,0.48114105256110745
25642,LOF,0.04489949650530063,0.1458216874679713,0.8092788160267281
25643,LOF,0.18322455979062666,0.16135589769878428,0.6554195425105891
25644,LOF,0.02222306967549158,0.4878574046592041,0.4899195256653042
25645,LOF,0.020074989636829254,0.461865081081249,0.5180599292819217
25646,LOF,0.05322992041418844,0.37350485998055954,0.573265219605252
25647,LOF,0.024814317929920705,0.2781216782274381,0.6970640038426411
25648,LOF,0.028856014435876837,0.26203539607528165,0.7091085894888415
25649,LOF,0.015698806186832868,0.24880956475714022,0.7354916290560269
25650,LOF,0.050567057097249006,0.42980527278653874,0.5196276701162122
25651,LOF,0.01597872392301308,0.2831261544140154,0.7008951216629715
25652,LOF,0.03167847727191277,0.26919487779399615,0.6991266449340912
25653,LOF,0.08008804177603228,0.4162464288450869,0.5036655293788809
25654,LOF,0.02488018396040151,0.20465402332200466,0.7704657927175939
25655,LOF,0.22537985884508807,0.38312251844182227,0.39149762271308963
25656,LOF,0.29219797500623274,0.03893472413626179,0.6688673008575055
25657,LOF,0.07124395650311263,0.04969302023697641,0.879063023259911
25658,LOF,0.3694230541874245,0.049847117273363606,0.580729828539212
25659,Neutral,0.5219123557590959,0.07524004570967764,0.4028475985312266
25660,LOF,0.02490142410586676,0.07516415267562619,0.8999344232185069
25661,LOF,0.09262282702634121,0.05251379475117539,0.8548633782224834
25662,LOF,0.031463131889362714,0.028898560841504814,0.9396383072691324
25663,LOF,0.039290494365945894,0.04005674666403909,0.9206527589700151
25664,LOF,0.14128225760429108,0.04981611936443514,0.8089016230312738
25665,LOF,0.05459398655809782,0.02865045823353165,0.9167555552083705
25666,LOF,0.08977456119324768,0.0733191016760206,0.8369063371307318
25667,LOF,0.06386293732156108,0.041549543141735576,0.8945875195367033
25668,LOF,0.03673588038222525,0.040567689444240586,0.9226964301735341
25669,LOF,0.033904184184832355,0.04838976819344283,0.9177060476217248
25670,LOF,0.13248885690953105,0.045976930362607436,0.8215342127278615
25671,LOF,0.09490117506026323,0.027740276216351466,0.8773585487233854
25672,LOF,0.05494704637703669,0.039479209183900514,0.9055737444390627
25673,LOF,0.07799267123041315,0.03712259356545722,0.8848847352041296
25674,LOF,0.06676939847496668,0.047483690907136965,0.8857469106178963
25675,LOF,0.11689588625084217,0.04584888644041148,0.8372552273087464
25676,LOF,0.01765049984376253,0.04642132108231397,0.9359281790739234
25677,LOF,0.02558191724159671,0.06019307265437411,0.9142250101040291
25678,LOF,0.1753977004374064,0.05135826271530686,0.7732440368472867
25679,LOF,0.12533408749052333,0.0749798632985171,0.7996860492109596
25680,LOF,0.029306476892114776,0.10427430863497071,0.8664192144729146
25681,LOF,0.04740254689220262,0.09593826383140241,0.856659189276395
25682,LOF,0.14786024363801414,0.058247359414341296,0.7938923969476446
25683,LOF,0.1210697493538839,0.07261183254389693,0.8063184181022192
25684,LOF,0.04121146277303582,0.05969475595274366,0.8990937812742205
25685,LOF,0.1290834016217812,0.04798051293529634,0.8229360854429224
25686,LOF,0.07434533078609275,0.0891808347453386,0.8364738344685686
25687,LOF,0.10865350011165685,0.08650465501389633,0.8048418448744469
25688,LOF,0.30071635193050394,0.034346178037946165,0.6649374700315499
25689,LOF,0.24708277571161608,0.043078399304832676,0.7098388249835512
25690,LOF,0.36036633088766595,0.03031044791306584,0.6093232211992682
25691,Neutral,0.6879283966815353,0.03175813748206447,0.2803134658364002
25692,LOF,0.3141123978655716,0.00973416251309616,0.6761534396213322
25693,LOF,0.04911462692876666,0.4714961680886408,0.47938920498259247
25694,LOF,0.13039772685145964,0.022873603012878652,0.8467286701356618
25695,LOF,0.12412004568146932,0.019634500195101358,0.8562454541234293
25696,LOF,0.12481276672672117,0.011178079371348572,0.8640091539019303
25697,LOF,0.11570006793779981,0.02720875900970745,0.8570911730524927
25698,LOF,0.32990841733661014,0.2523351749018657,0.4177564077615242
25699,LOF,0.41337558935937374,0.04499972874492983,0.5416246818956963
25700,LOF,0.05445881717480513,0.0102668424319013,0.9352743403932936
25701,LOF,0.15724442973116576,0.055810537076662656,0.7869450331921717
25702,GOF,0.19152786174146133,0.5080580759153218,0.3004140623432169
25703,LOF,0.01535226386534548,0.15771431475987738,0.8269334213747772
25704,LOF,0.04901811729816774,0.10922562995054456,0.8417562527512877
25705,LOF,0.05276764774430336,0.1932531697460886,0.753979182509608
25706,LOF,0.0925423011289218,0.32672437577718194,0.5807333230938962
25707,LOF,0.09380566848942878,0.25663069729651145,0.6495636342140597
25708,LOF,0.03204567826184792,0.2426822948527813,0.7252720268853707
25709,LOF,0.05590367178460561,0.0407817861757578,0.9033145420396365
25710,LOF,0.011928536200229841,0.12353721823323352,0.8645342455665367
25711,LOF,0.018308692521711883,0.08949870405621645,0.8921926034220717
25712,LOF,0.013532649069878248,0.16509287754610638,0.8213744733840154
25713,LOF,0.01817991119036769,0.0773895087426854,0.904430580066947
25714,LOF,0.06808301128064989,0.07562518752231241,0.8562918011970377
25715,LOF,0.010278226091367831,0.1381843616820161,0.851537412226616
25716,LOF,0.014483820058817183,0.09960962514474118,0.8859065547964418
25717,LOF,0.012521186385006551,0.07404816810361695,0.9134306455113764
25718,LOF,0.011964016903631669,0.09753187473196744,0.8905041083644009
25719,LOF,0.018579626150757828,0.08122714994593888,0.9001932239033033
25720,LOF,0.020958189714685556,0.0691658561513812,0.9098759541339332
25721,LOF,0.015851062827839112,0.10034055199624878,0.8838083851759121
25722,LOF,0.013507883018503287,0.11625767449412844,0.8702344424873683
25723,LOF,0.021606995037951385,0.04709180138996811,0.9313012035720805
25724,LOF,0.022837152089199286,0.07716411060691623,0.8999987373038845
25725,LOF,0.011185455021497774,0.06983309897935643,0.9189814459991459
25726,LOF,0.01438654053934781,0.10195246061349156,0.8836609988471605
25727,LOF,0.013851645735084699,0.08181749503013346,0.9043308592347818
25728,LOF,0.009568212890641994,0.1040918157006985,0.8863399714086596
25729,LOF,0.009943684972850668,0.10650300808421558,0.8835533069429338
25730,LOF,0.013700603718904284,0.07645126065772069,0.909848135623375
25731,LOF,0.021769548142442436,0.1034043218874797,0.8748261299700778
25732,LOF,0.014485179373329363,0.08397221515987516,0.9015426054667955
25733,LOF,0.015273583056497583,0.07012197489740399,0.9146044420460984
25734,LOF,0.013059193944844118,0.11915615579209649,0.8677846502630595
25735,LOF,0.01339046104343791,0.07361371742785837,0.9129958215287037
25736,LOF,0.014036457226645985,0.1034889547577362,0.8824745880156178
25737,LOF,0.021400592929071812,0.08046242291979684,0.8981369841511314
25738,LOF,0.013369128805661639,0.12001528873640559,0.8666155824579328
25739,LOF,0.019369977045235926,0.08421410159457275,0.8964159213601914
25740,LOF,0.027107712420027116,0.09976368032203656,0.8731286072579363
25741,LOF,0.01426186647539528,0.11089819951874239,0.8748399340058624
25742,LOF,0.10862669692709864,0.07934126881308784,0.8120320342598136
25743,LOF,0.03376514542707247,0.028091442915161236,0.9381434116577663
25744,Neutral,0.553652900582363,0.21726471711837114,0.2290823822992658
25745,LOF,0.07925044649430842,0.06526967094653881,0.8554798825591527
25746,LOF,0.039822782567123745,0.06970528086680755,0.8904719365660686
25747,LOF,0.022633592438161165,0.03820643470885124,0.9391599728529875
25748,LOF,0.104154464977285,0.05636793943853359,0.8394775955841814
25749,LOF,0.025613878530757174,0.0711259780743096,0.9032601433949332
25750,LOF,0.08580001552428829,0.0771210445201546,0.8370789399555572
25751,LOF,0.09251638791418326,0.05505581393585721,0.8524277981499595
25752,GOF,0.10335645633263062,0.675991056412444,0.2206524872549254
25753,LOF,0.0187159822786458,0.25936483339791944,0.7219191843234347
25754,GOF,0.009383460738994128,0.7644861050479016,0.22613043421310444
25755,LOF,0.022201450430381946,0.35942708249031735,0.6183714670793007
25756,LOF,0.04146393403770166,0.33585094547863187,0.6226851204836665
25757,GOF,0.01316211541836214,0.8286850319505682,0.1581528526310696
25758,GOF,0.02839944782707331,0.8160472550216534,0.15555329715127322
25759,GOF,0.011817489840320347,0.5298591858719573,0.4583233242877224
25760,LOF,0.0120150820699158,0.22135817111588466,0.7666267468141995
25761,GOF,0.2761427696173784,0.6077682481095124,0.11608898227310921
25762,LOF,0.036060609202749845,0.2401051399708635,0.7238342508263866
25763,LOF,0.013564207625820796,0.18990694752756157,0.7965288448466177
25764,GOF,0.07693110667984386,0.5926090021362186,0.3304598911839376
25765,GOF,0.04208201320671137,0.7536394686997022,0.20427851809358638
25766,GOF,0.060494284315129716,0.7818513037226797,0.15765441196219063
25767,GOF,0.16274968254374436,0.44547535758385126,0.39177495987240446
25768,LOF,0.08954081586911534,0.06454573682887921,0.8459134473020054
25769,LOF,0.06142977798175362,0.05886843275669819,0.8797017892615482
25770,LOF,0.2805267379671666,0.08943373293509367,0.6300395290977397
25771,LOF,0.04274059446959107,0.043630548580350974,0.9136288569500579
25772,LOF,0.017231254729202655,0.029681007048994894,0.9530877382218025
25773,LOF,0.04597234695328672,0.07447273717494121,0.879554915871772
25774,LOF,0.028078417206616482,0.06929374436942692,0.9026278384239567
25775,LOF,0.04868285239604925,0.04572412334163275,0.905593024262318
25776,LOF,0.07113271683965457,0.024556124276390832,0.9043111588839546
25777,LOF,0.3385642256460085,0.046849499881794925,0.6145862744721966
25778,LOF,0.06179854584987702,0.047471437039543755,0.8907300171105791
25779,GOF,0.3703819965358874,0.5867014860221486,0.042916517441963946
25780,GOF,0.29135504835946946,0.6304843901233579,0.07816056151717266
25781,GOF,0.14031936045571813,0.7510732766595307,0.10860736288475113
25782,GOF,0.19235408746698296,0.7322623113427243,0.0753836011902927
25783,GOF,0.028220902735075295,0.6286512238097773,0.34312787345514734
25784,Neutral,0.49521998311187226,0.4637298374896565,0.04105017939847122
25785,GOF,0.3925257676737089,0.5648173500740364,0.04265688225225465
25786,GOF,0.02457792963731232,0.7737468300854847,0.20167524027720293
25787,Neutral,0.654020037350915,0.3205477696370674,0.025432193012017684
25788,LOF,0.04661990594303703,0.10162830058693492,0.851751793470028
25789,GOF,0.2186805141853734,0.6313545743386224,0.1499649114760043
25790,GOF,0.20360385439706274,0.6925741232924513,0.1038220223104861
25791,GOF,0.1416764876364037,0.6702232882852013,0.18810022407839502
25792,GOF,0.3085464078909037,0.5460250912151701,0.1454285008939263
25793,GOF,0.25326024547082815,0.5727830088583467,0.1739567456708253
25794,GOF,0.3248608324415164,0.4951890585932669,0.17995010896521677
25795,GOF,0.08104741244210636,0.6877246690008627,0.23122791855703104
25796,Neutral,0.5488444765451213,0.372247953976948,0.07890756947793072
25797,GOF,0.08765009582777455,0.5265347496783637,0.3858151544938618
25798,GOF,0.009621269687452413,0.5122872964616916,0.47809143385085606
25799,LOF,0.006614502323666944,0.39181859611056463,0.6015669015657684
25800,GOF,0.03130729827772469,0.5798652412905169,0.38882746043175853
25801,GOF,0.17813825798322822,0.6947425175483023,0.12711922446846954
25802,GOF,0.08169409862073282,0.7036865733601564,0.2146193280191108
25803,GOF,0.03608647297539897,0.5589353037794463,0.4049782232451547
25804,LOF,0.03287142955980983,0.475719940294503,0.49140863014568714
25805,GOF,0.09825456687917855,0.6076067398174689,0.29413869330335246
25806,GOF,0.09689753440294759,0.5911288075117426,0.3119736580853099
25807,GOF,0.020503973582136337,0.6335366715229108,0.3459593548949527
25808,GOF,0.08440340424849684,0.6371886020905715,0.2784079936609317
25809,GOF,0.017717025092804303,0.573824546354083,0.4084584285531127
25810,GOF,0.01614420012123767,0.6094654484675074,0.37439035141125493
25811,GOF,0.44663949013668924,0.47254842288912735,0.0808120869741835
25812,GOF,0.029034485483215255,0.6361561305543145,0.33480938396247034
25813,Neutral,0.5125455238155241,0.38647518443269824,0.10097929175177765
25814,GOF,0.10666998080962006,0.6509088649934477,0.24242115419693216
25815,GOF,0.1957568761969293,0.6072122448745184,0.19703087892855234
25816,GOF,0.02409308056964476,0.7333134171534108,0.24259350227694446
25817,GOF,0.25092169042591456,0.6126109972365466,0.13646731233753875
25818,GOF,0.050242602724671764,0.6864314173563374,0.26332597991899076
25819,GOF,0.37733680632492683,0.4887531016708562,0.13391009200421689
25820,GOF,0.19336044466787478,0.6022613173561246,0.20437823797600066
25821,GOF,0.06478427843149796,0.6775194181832314,0.2576963033852707
25822,GOF,0.21771951952773505,0.576536276776296,0.20574420369596894
25823,GOF,0.033913584786804764,0.543040217322684,0.42304619789051123
25824,GOF,0.09350478789718397,0.6211323498446671,0.2853628622581489
25825,GOF,0.038214488145303316,0.626463305026076,0.3353222068286208
25826,GOF,0.016784143759850784,0.6131092493754459,0.3701066068647034
25827,GOF,0.0270531489455069,0.6132423427182914,0.3597045083362017
25828,GOF,0.015589247236538126,0.5460783106498758,0.4383324421135861
25829,GOF,0.005761815134280828,0.5812914622898472,0.412946722575872
25830,LOF,0.031949665036249346,0.29363971825755386,0.6744106167061967
25831,GOF,0.23927964388816808,0.6266845325540281,0.13403582355780377
25832,GOF,0.03499673210099953,0.7121580762104787,0.25284519168852176
25833,GOF,0.12196529731622117,0.7137996259631929,0.16423507672058596
25834,GOF,0.03474702522877461,0.7223153261915403,0.24293764857968514
25835,GOF,0.06779114563963805,0.7507256327350433,0.1814832216253186
25836,GOF,0.032933062657902606,0.6704435166337764,0.2966234207083208
25837,GOF,0.027211651181458196,0.6185983116355634,0.35419003718297837
25838,GOF,0.09201674109288828,0.7653552682239985,0.1426279906831133
25839,GOF,0.291456531597795,0.5458034936847111,0.16273997471749385
25840,GOF,0.24380602451249472,0.6032005631316163,0.152993412355889
25841,GOF,0.24789740334768445,0.6051493293929979,0.14695326725931757
25842,GOF,0.13299282734920298,0.7439870252180094,0.1230201474327877
25843,GOF,0.20945068722207785,0.7019432274175476,0.08860608536037465
25844,GOF,0.0628224173474441,0.7360512483572642,0.20112633429529164
25845,GOF,0.01578614885010331,0.5298200255786941,0.45439382557120256
25846,GOF,0.11634757137284829,0.7426937564078074,0.1409586722193443
25847,GOF,0.09829621111508757,0.8020848179864762,0.0996189708984363
25848,GOF,0.03726351726247416,0.7326623152020625,0.2300741675354633
25849,GOF,0.011417098152036701,0.6333304730254561,0.3552524288225072
25850,GOF,0.021275300107963933,0.6603681330541998,0.3183565668378362
25851,GOF,0.017616158986441456,0.5569314969545994,0.42545234405895915
25852,GOF,0.1624919439414189,0.540904689456212,0.29660336660236924
25853,GOF,0.352441670953327,0.5630424310003302,0.08451589804634267
25854,GOF,0.02414908466840131,0.6287677902473708,0.3470831250842279
25855,GOF,0.03091377671693042,0.5526904420599098,0.41639578122315984
25856,GOF,0.22374165191054207,0.5427285333408449,0.233529814748613
25857,GOF,0.03739626939098994,0.5079922080796133,0.45461152252939663
25858,GOF,0.022600793033727643,0.5320400337661568,0.4453591732001155
25859,GOF,0.011187805719226566,0.4988737786931227,0.4899384155876506
25860,GOF,0.3613062949294551,0.5553363633696059,0.08335734170093902
25861,GOF,0.43082821369041346,0.4970452963557267,0.07212648995385978
25862,GOF,0.08064173348395563,0.7766183955126872,0.14273987100335717
25863,GOF,0.08520119657734365,0.7762440539916688,0.1385547494309874
25864,GOF,0.19467598883056345,0.7325042132971105,0.07281979787232612
25865,GOF,0.08147573937136747,0.8077791255261108,0.11074513510252179
25866,GOF,0.05826334798392011,0.7868691258739018,0.1548675261421781
25867,GOF,0.08762476247793853,0.8088591340610592,0.10351610346100217
25868,GOF,0.25364394134573004,0.6368500676933302,0.10950599096093978
25869,Neutral,0.7221685663624998,0.2298672960740535,0.04796413756344663
25870,GOF,0.2776930029562952,0.4045114072458012,0.31779558979790357
25871,GOF,0.24996215337026578,0.6255216747921418,0.12451617183759243
25872,GOF,0.07820057245514538,0.6705449119969166,0.2512545155479382
25873,GOF,0.10852726081347273,0.6925020512756707,0.19897068791085648
25874,LOF,0.013779666258241926,0.11393895683992217,0.8722813769018358
25875,LOF,0.09470419922172409,0.04424580374840614,0.8610499970298697
25876,LOF,0.03510367814121737,0.030416701521738237,0.9344796203370445
25877,Neutral,0.5046600615358288,0.03715666690357602,0.4581832715605952
25878,LOF,0.21814660480844358,0.09941868557168232,0.6824347096198742
25879,LOF,0.09247486315497615,0.09399187224613363,0.8135332645988903
25880,LOF,0.04294513870497728,0.014721237071083018,0.9423336242239397
25881,LOF,0.1573232053559026,0.11745830986940048,0.725218484774697
25882,LOF,0.059737229920146795,0.016421954306881575,0.9238408157729717
25883,LOF,0.06314065470985111,0.01754971709125576,0.9193096281988931
25884,LOF,0.029911024796661894,0.0285136481853948,0.9415753270179433
25885,LOF,0.05983342915388097,0.012187514325030404,0.9279790565210887
25886,LOF,0.2529612696332202,0.036346555344013425,0.7106921750227665
25887,LOF,0.13642439968594072,0.06470632643421408,0.7988692738798451
25888,LOF,0.06069588457233477,0.05711130204623542,0.8821928133814297
25889,LOF,0.03794162878079634,0.019508284677149313,0.9425500865420544
25890,LOF,0.05077363061735352,0.14312259747320671,0.8061037719094397
25891,LOF,0.039665522102066794,0.053528194971200135,0.906806282926733
25892,LOF,0.08145079583241278,0.023563188514311023,0.8949860156532761
25893,LOF,0.2420070635021649,0.018541619807442223,0.7394513166903928
25894,LOF,0.1812358810417905,0.012906173626414812,0.8058579453317947
25895,LOF,0.19953354170773632,0.021035917305673602,0.77943054098659
25896,LOF,0.05033704884209884,0.022260906664545294,0.9274020444933558
25897,LOF,0.24015803301612496,0.014404107967479873,0.7454378590163951
25898,Neutral,0.6852480366983268,0.010376682565732875,0.3043752807359404
25899,LOF,0.20875073377590786,0.02152854193529164,0.7697207242888005
25900,LOF,0.4642519222646271,0.011598102770143719,0.5241499749652292
25901,LOF,0.048186532214097834,0.011050676126880706,0.9407627916590215
25902,LOF,0.16244516880253543,0.013837187814398926,0.8237176433830657
25903,Neutral,0.5902613291698889,0.029453202665799566,0.38028546816431147
25904,LOF,0.30874226244312675,0.04247808578771323,0.6487796517691601
25905,LOF,0.023756317712587818,0.34025811344179563,0.6359855688456165
25906,LOF,0.030519762677681354,0.09125048977075746,0.8782297475515612
25907,LOF,0.012638452184739461,0.32670367378054205,0.6606578740347185
25908,LOF,0.009716488410249973,0.27003864007456696,0.7202448715151831
25909,LOF,0.012409944905831074,0.1327204818038692,0.8548695732902998
25910,LOF,0.04871098288755621,0.14737295776503806,0.8039160593474057
25911,LOF,0.19320200943303878,0.026498610310755694,0.7802993802562055
25912,LOF,0.048645681505057915,0.0437577163425673,0.9075966021523747
25913,LOF,0.35101624677390464,0.021405503963103718,0.6275782492629915
25914,LOF,0.021095499244802328,0.04779363408406602,0.9311108666711316
25915,Neutral,0.5891771250826335,0.13538268302314896,0.2754401918942174
25916,LOF,0.08608262198449619,0.2000646383458323,0.7138527396696714
25917,LOF,0.06317094771299872,0.03509755290592495,0.9017314993810763
25918,LOF,0.02299341434612998,0.0281426137703862,0.9488639718834838
25919,LOF,0.020533484684695177,0.030781790277003136,0.9486847250383016
25920,GOF,0.107494553199629,0.5135592610946099,0.37894618570576116
25921,LOF,0.025137495582185063,0.03634262748534651,0.9385198769324684
25922,LOF,0.033629492080977506,0.027664260602354277,0.9387062473166683
25923,Neutral,0.4911755539263763,0.037150234100884395,0.4716742119727392
25924,LOF,0.03835071937403477,0.045748943111575985,0.9159003375143894
25925,LOF,0.07444140022978732,0.040476923826075706,0.885081675944137
25926,LOF,0.05387964050729389,0.03588722937749957,0.9102331301152066
25927,LOF,0.061094535011266195,0.14760735490321328,0.7912981100855205
25928,LOF,0.01924911533236036,0.05543860303453855,0.9253122816331011
25929,Neutral,0.6076667921784309,0.03880411805960146,0.3535290897619676
25930,LOF,0.0716412751439622,0.032530241210879225,0.8958284836451585
25931,LOF,0.026095634780166518,0.03594408060571414,0.9379602846141193
25932,LOF,0.028860581464966038,0.027114493743872495,0.9440249247911615
25933,LOF,0.0378050816158397,0.018162436931624438,0.9440324814525359
25934,LOF,0.02491282990382174,0.020240902133578625,0.9548462679625996
25935,LOF,0.06820761256332196,0.051693704449111956,0.880098682987566
25936,LOF,0.042841574708864155,0.02502216750728022,0.9321362577838557
25937,LOF,0.026348867482653263,0.03639980619897197,0.9372513263183747
25938,LOF,0.07126548215451202,0.05435680534731387,0.8743777124981741
25939,LOF,0.04077978722660672,0.02029533643372064,0.9389248763396726
25940,LOF,0.04240244962868753,0.32672368131376606,0.6308738690575465
25941,LOF,0.1937479820762387,0.09431166415743529,0.711940353766326
25942,LOF,0.012763350977621117,0.03294734800889676,0.9542893010134821
25943,LOF,0.3165132934873852,0.061189295120554085,0.6222974113920607
25944,Neutral,0.4919560246275795,0.023021664525439356,0.4850223108469813
25945,LOF,0.07523895284881488,0.017809404980562975,0.9069516421706221
25946,LOF,0.03320334790287835,0.11069741370898083,0.8560992383881408
25947,LOF,0.11470309871145876,0.16535211292296173,0.7199447883655794
25948,LOF,0.381091279082559,0.00881205496362432,0.6100966659538166
25949,LOF,0.11733907779208995,0.03843892965766439,0.8442219925502457
25950,GOF,0.33453418578987687,0.33849437468351967,0.3269714395266035
25951,LOF,0.1765429151755693,0.28412868822114346,0.5393283966032872
25952,GOF,0.04359281512389838,0.5175061338567226,0.438901051019379
25953,LOF,0.15001098673563892,0.10660635082438297,0.7433826624399781
25954,Neutral,0.44449995866371705,0.19605947297454285,0.35944056836174015
25955,LOF,0.060930337809697095,0.08004194279785803,0.8590277193924449
25956,LOF,0.1523494326591174,0.12182920537865566,0.7258213619622269
25957,LOF,0.0340559680894348,0.03064107063440861,0.9353029612761566
25958,LOF,0.053353525698309166,0.027474814546465286,0.9191716597552255
25959,LOF,0.07015389562678427,0.3329827032836601,0.5968634010895556
25960,LOF,0.014118043393184143,0.05200469952855643,0.9338772570782593
25961,LOF,0.041042580672010935,0.028951659903622043,0.9300057594243671
25962,LOF,0.05292793348671439,0.03257195733307297,0.9145001091802126
25963,LOF,0.042454594402855476,0.20514487833377948,0.752400527263365
25964,LOF,0.03162956889166585,0.15595162925595607,0.812418801852378
25965,LOF,0.44997832636399165,0.057864784674289634,0.49215688896171883
25966,Neutral,0.5065858686308025,0.16050016728625516,0.3329139640829424
25967,LOF,0.015979714813266856,0.09656600830945473,0.8874542768772785
25968,LOF,0.03583133065134882,0.3701642462268267,0.5940044231218244
25969,LOF,0.03514069197418707,0.0647568853035976,0.9001024227222153
25970,LOF,0.05573721566831012,0.05992717774432969,0.8843356065873602
25971,LOF,0.06447496066841812,0.023096216312871454,0.9124288230187104
25972,LOF,0.061742540588123396,0.03502547892227605,0.9032319804896005
25973,LOF,0.07299049440147161,0.010087788295002847,0.9169217173035255
25974,LOF,0.17742723357842,0.015193333146647737,0.8073794332749322
25975,LOF,0.04318144282999354,0.02653128599935554,0.9302872711706508
25976,LOF,0.041539470345502295,0.016581185620552656,0.9418793440339449
25977,LOF,0.1521395319205784,0.08521345137981437,0.7626470166996073
25978,LOF,0.14609882196856536,0.09281535298856387,0.7610858250428708
25979,LOF,0.12997655589380805,0.0956784070749526,0.7743450370312394
25980,LOF,0.2182928353403882,0.12141155103419099,0.6602956136254209
25981,LOF,0.24783701188479043,0.1193103792363973,0.6328526088788123
25982,LOF,0.4015376115722286,0.07790602114055793,0.5205563672872133
25983,LOF,0.3752290736127247,0.08631592973332836,0.538454996653947
25984,LOF,0.04734385015536021,0.04933143445004227,0.9033247153945976
25985,LOF,0.039306883172455225,0.27790186758778507,0.6827912492397598
25986,LOF,0.05140188116255689,0.2988931408402861,0.649704977997157
25987,LOF,0.0912481307478874,0.07259996357377564,0.836151905678337
25988,LOF,0.15392431581368216,0.06481119352622548,0.7812644906600923
25989,LOF,0.03470389796390239,0.11774061799691735,0.8475554840391804
25990,LOF,0.03873539047615816,0.17532417222916827,0.7859404372946736
25991,LOF,0.14263223506171793,0.2462671243756376,0.6111006405626445
25992,LOF,0.31080663518463214,0.15641180866987214,0.5327815561454957
25993,LOF,0.022528033039562474,0.07985982446746569,0.8976121424929719
25994,LOF,0.017352802849472698,0.08083817824185416,0.9018090189086732
25995,LOF,0.022667051090673067,0.1772932410445347,0.8000397078647922
25996,GOF,0.3094388326850764,0.3964756596878744,0.29408550762704927
25997,LOF,0.08683031661907725,0.3909234971879162,0.5222461861930066
25998,Neutral,0.4987509051778879,0.02891329085183067,0.4723358039702813
25999,LOF,0.10477299822088394,0.09164665676567905,0.803580345013437
26000,LOF,0.14186245055306912,0.039916213231488515,0.8182213362154424
26001,LOF,0.21153359149384465,0.050220580038417895,0.7382458284677375
26002,LOF,0.12055059394643067,0.04213646961336359,0.8373129364402058
26003,GOF,0.011066787079050082,0.5965684279709681,0.3923647849499817
26004,GOF,0.02191674432871162,0.6914990423676888,0.28658421330359973
26005,LOF,0.006750689484656355,0.43950180676884854,0.5537475037464952
26006,Neutral,0.5343447776234522,0.24687954841719853,0.21877567395934927
26007,GOF,0.021215057703054624,0.5230172311862997,0.4557677111106457
26008,GOF,0.01840588365163229,0.6109891126724183,0.3706050036759495
26009,GOF,0.019810378673541913,0.6876624005898343,0.29252722073662385
26010,GOF,0.021355286876629773,0.652838945213157,0.3258057679102132
26011,LOF,0.006051360273670962,0.4083077468647545,0.5856408928615745
26012,GOF,0.011976541909222286,0.5443068121657801,0.4437166459249976
26013,GOF,0.01823374649400439,0.5989201852429232,0.3828460682630724
26014,LOF,0.04004594636827853,0.10928734254490179,0.8506667110868196
26015,LOF,0.1652602761066596,0.016433845654790884,0.8183058782385495
26016,LOF,0.18573993934572175,0.06892280371610188,0.7453372569381763
26017,LOF,0.19820466138822623,0.10696309145412804,0.6948322471576457
26018,LOF,0.0758418765493973,0.043913679349784344,0.8802444441008184
26019,LOF,0.07308784140673094,0.03439009308508613,0.892522065508183
26020,LOF,0.06135276429928532,0.11032869197545885,0.8283185437252559
26021,LOF,0.04282509148720732,0.11553933678041618,0.8416355717323766
26022,LOF,0.01056926985013411,0.04479266154364773,0.9446380686062181
26023,LOF,0.068674783989478,0.026347566084832137,0.9049776499256899
26024,LOF,0.03070601741749107,0.11817250093419684,0.8511214816483121
26025,LOF,0.15491494062364725,0.09708456249990238,0.7480004968764504
26026,LOF,0.30061413879092314,0.031225500754273994,0.6681603604548029
26027,LOF,0.05811470631291925,0.021057096317867476,0.9208281973692134
26028,LOF,0.16632359682473738,0.0671951389921794,0.7664812641830832
26029,LOF,0.07453264060411378,0.1513590968097915,0.7741082625860948
26030,LOF,0.02365602734549994,0.03446604579500406,0.941877926859496
26031,LOF,0.028178326911476672,0.10668452646578326,0.8651371466227402
26032,LOF,0.0640146484876654,0.04915609709648596,0.8868292544158487
26033,LOF,0.08898937077822218,0.04876814637092893,0.8622424828508489
26034,LOF,0.04778424018721974,0.12940911600938457,0.8228066438033957
26035,LOF,0.028490895995562694,0.11762908290100757,0.8538800211034298
26036,LOF,0.04270503743571783,0.1336738013109787,0.8236211612533035
26037,LOF,0.0234034759933567,0.09458365293635346,0.8820128710702899
26038,LOF,0.06069331971100968,0.051581783154452415,0.8877248971345378
26039,LOF,0.05234719448782613,0.11323785166700107,0.8344149538451728
26040,LOF,0.20487155200065046,0.09338603761215668,0.7017424103871929
26041,LOF,0.023796622279352444,0.08624346320915453,0.889959914511493
26042,LOF,0.022021429152190162,0.0814836419346014,0.8964949289132085
26043,LOF,0.06032438027258311,0.05905954509652677,0.8806160746308901
26044,LOF,0.020476080150677336,0.041058762647324824,0.9384651572019977
26045,LOF,0.07164560585685434,0.08007041446072333,0.8482839796824223
26046,LOF,0.057343606339898025,0.050570869877854356,0.8920855237822476
26047,LOF,0.07386779765847219,0.052739177651225044,0.8733930246903029
26048,LOF,0.04653626719212552,0.030185147939359305,0.9232785848685152
26049,Neutral,0.9667177646276753,0.005423806631506871,0.027858428740817866
26050,Neutral,0.9532032723770781,0.006577026121496126,0.040219701501425766
26051,LOF,0.04883186209953347,0.2590373814389076,0.692130756461559
26052,LOF,0.06419093110398916,0.31113315987843443,0.6246759090175764
26053,LOF,0.057433222152635896,0.1508560448923238,0.7917107329550402
26054,LOF,0.04870925237807554,0.01672823517613142,0.9345625124457929
26055,LOF,0.06479619098217547,0.01564889673959756,0.9195549122782269
26056,LOF,0.05577351796411034,0.0181014579880353,0.9261250240478544
26057,LOF,0.030202743264614976,0.012152274377499056,0.9576449823578859
26058,LOF,0.03137342114469637,0.009966876787932623,0.9586597020673711
26059,LOF,0.2521514955293869,0.0201629011303816,0.7276856033402315
26060,LOF,0.04250193044842663,0.17218114322722314,0.7853169263243502
26061,LOF,0.015336237613917223,0.012259489244671067,0.9724042731414118
26062,LOF,0.009873367055435386,0.017965729403861833,0.9721609035407028
26063,LOF,0.018771452146101666,0.009438337216387954,0.9717902106375103
26064,LOF,0.018222990316341846,0.02295841612959341,0.9588185935540648
26065,LOF,0.023957841648301458,0.010752038899685516,0.965290119452013
26066,LOF,0.019613300995524982,0.009623904220771305,0.9707627947837036
26067,LOF,0.02698069221637336,0.008461820126719973,0.9645574876569066
26068,LOF,0.04145334428903083,0.02737471676763953,0.9311719389433297
26069,LOF,0.2433109559189975,0.018373669685203386,0.738315374395799
26070,LOF,0.3801748095761132,0.015440615222430454,0.6043845752014563
26071,LOF,0.019236721470579195,0.010914465233898957,0.9698488132955219
26072,LOF,0.016456822089552927,0.019975782311073564,0.9635673955993735
26073,LOF,0.018354633928779118,0.013434650621761954,0.968210715449459
26074,Neutral,0.916906591596271,0.005617521348935335,0.07747588705479365
26075,LOF,0.044054732274522966,0.01364067746107211,0.9423045902644049
26076,LOF,0.03529970876032754,0.008387768862338895,0.9563125223773336
26077,LOF,0.009192226547493567,0.012589217004782018,0.9782185564477245
26078,LOF,0.01311061982294074,0.011058453484038324,0.9758309266930209
26079,LOF,0.05743431098337946,0.01596814119579131,0.9265975478208293
26080,LOF,0.056706646203676984,0.015978045188478604,0.9273153086078444
26081,LOF,0.03323700350122398,0.006586564706598735,0.9601764317921772
26082,LOF,0.012264140414920195,0.01331803083029268,0.9744178287547871
26083,LOF,0.16857938693744068,0.013538376268109439,0.8178822367944499
26084,LOF,0.040923815482857756,0.011713979706448744,0.9473622048106934
26085,LOF,0.037060293723244646,0.011260132350355856,0.9516795739263996
26086,LOF,0.019700064422494515,0.011023955227651643,0.9692759803498538
26087,LOF,0.023259627265201022,0.008481719612399758,0.9682586531223992
26088,LOF,0.01550895306683898,0.022316564168459747,0.9621744827647013
26089,LOF,0.03990852031373082,0.021057260119308845,0.9390342195669603
26090,LOF,0.03973273625858607,0.01750008919850885,0.942767174542905
26091,LOF,0.02984978037780851,0.006228626765715298,0.963921592856476
26092,LOF,0.020622099776707807,0.007636866549144091,0.9717410336741481
26093,LOF,0.033628808365029614,0.005818929985972359,0.960552261648998
26094,LOF,0.032105021706348144,0.006106788759880346,0.9617881895337717
26095,LOF,0.03307149445340676,0.014100021502645476,0.9528284840439477
26096,LOF,0.014710816973781071,0.010938475288599873,0.974350707737619
26097,LOF,0.01110164122583403,0.03516798576570914,0.9537303730084568
26098,LOF,0.07336079206818176,0.012206206286659919,0.9144330016451583
26099,LOF,0.019611893931033058,0.01197602644192773,0.9684120796270392
26100,LOF,0.02168560041910815,0.01165117242137586,0.9666632271595159
26101,LOF,0.04289944681752011,0.0163095266293619,0.9407910265531181
26102,LOF,0.018709857011643502,0.013327129740464308,0.9679630132478922
26103,Neutral,0.8764981431451647,0.017748530171807702,0.10575332668302753
26104,LOF,0.08095059866924854,0.02285332332806025,0.8961960780026911
26105,LOF,0.19332679581277207,0.2722987370321397,0.5343744671550883
26106,LOF,0.15143371709917616,0.13068762835128112,0.7178786545495427
26107,LOF,0.22764997033514894,0.08912168526768721,0.683228344397164
26108,LOF,0.22333434256903162,0.0923985000313423,0.6842671573996262
26109,LOF,0.08693402592134139,0.05723281088229029,0.8558331631963684
26110,LOF,0.22653963452445547,0.0066969597294890375,0.7667634057460555
26111,Neutral,0.5069988859475981,0.021924781498811892,0.47107633255358994
26112,LOF,0.033682143485134125,0.006517519876179467,0.9598003366386864
26113,LOF,0.06421249945518816,0.014641450363174801,0.921146050181637
26114,LOF,0.02519117810947082,0.030595937599228573,0.9442128842913006
26115,LOF,0.08823590571514091,0.0512144917136692,0.86054960257119
26116,LOF,0.06056948983601209,0.06119884771468317,0.8782316624493047
26117,LOF,0.440365420796144,0.04303826147129086,0.5165963177325651
26118,LOF,0.033973217976627945,0.025191122098805557,0.9408356599245664
26119,LOF,0.02174572739407057,0.03373626847716151,0.944518004128768
26120,LOF,0.025732473337091565,0.020105704430145567,0.9541618222327628
26121,LOF,0.0416252064303869,0.09225943060168094,0.866115362967932
