feature0,prediction,LoGoFunc_Neutral,LoGoFunc_GOF,LoGoFunc_LOF
25546,Neutral,0.609991252160214,0.05784626833597436,0.3321624795038115
25547,Neutral,0.4717333866366182,0.0903825236390737,0.43788408972430803
25548,Neutral,0.4848652389088754,0.07719091854629849,0.437943842544826
25549,LOF,0.42194422192886416,0.07529400033170956,0.5027617777394263
25550,LOF,0.34660944372825087,0.09916160512845135,0.5542289511432977
25551,LOF,0.2991208904720849,0.10842978984396172,0.5924493196839534
25552,LOF,0.26224872070258287,0.10771095150306871,0.6300403277943484
25553,Neutral,0.7951065106398132,0.04442260717129982,0.160470882188887
25554,LOF,0.29763591536125356,0.0977720581151651,0.6045920265235815
25555,LOF,0.25707237408498956,0.0930296037746902,0.6498980221403202
25556,LOF,0.4378431557449283,0.08565441703309162,0.47650242722198016
25557,LOF,0.24376241974722407,0.09531368130666254,0.6609238989461134
25558,LOF,0.29289005425437614,0.09483018299954457,0.6122797627460793
25559,LOF,0.2658569379768828,0.13646824746342961,0.5976748145596876
25560,LOF,0.16620493013978696,0.12059152228329241,0.7132035475769207
25561,LOF,0.15972943845173565,0.13433530705143604,0.7059352544968284
25562,LOF,0.072911643395845,0.08397704507130221,0.8431113115328528
25563,LOF,0.02314377409616183,0.15739991726825134,0.8194563086355869
25564,LOF,0.2201884961163801,0.12343450787878225,0.6563769960048377
25565,LOF,0.2124929856695402,0.1482440642831845,0.6392629500472753
25566,GOF,0.09876095978074863,0.7106363918406031,0.19060264837864824
25567,LOF,0.04454863137208865,0.1619675356859292,0.7934838329419822
25568,LOF,0.06775807693437852,0.07528172121197149,0.85696020185365
25569,LOF,0.06382806273803691,0.07632723318982644,0.8598447040721366
25570,LOF,0.028692187451652865,0.10808897862811255,0.8632188339202346
25571,LOF,0.02718271339823189,0.11146415834782464,0.8613531282539434
25572,LOF,0.06424390563965032,0.12778834275430428,0.8079677516060454
25573,LOF,0.06414379925629672,0.0935018843144586,0.8423543164292447
25574,LOF,0.06366956756670489,0.1954299373258616,0.7409004951074335
25575,LOF,0.023646568228597387,0.1207022364392947,0.855651195332108
25576,LOF,0.031854744527817544,0.15870955908152196,0.8094356963906604
25577,LOF,0.032174156374264955,0.12260818104348938,0.8452176625822456
25578,LOF,0.3134832133212288,0.08409880906282899,0.6024179776159422
25579,LOF,0.14633594917701137,0.0908033551860624,0.7628606956369263
25580,LOF,0.0211677502301493,0.08242832791008181,0.896403921859769
25581,LOF,0.06213410250345713,0.06920430747265516,0.8686615900238878
25582,LOF,0.061806181494001154,0.06810322828799177,0.870090590218007
25583,LOF,0.02347744354534936,0.08184832414637878,0.8946742323082719
25584,Neutral,0.7118182354483319,0.10878064583954575,0.17940111871212236
25585,LOF,0.028832223032904374,0.14235650123257093,0.8288112757345246
25586,LOF,0.018692525766049625,0.07352012959736705,0.9077873446365834
25587,LOF,0.01800918302597357,0.06395218160331578,0.9180386353707106
25588,LOF,0.021769640841209505,0.07006040796271414,0.9081699511960765
25589,Neutral,0.5201381396810554,0.20195953134905434,0.2779023289698903
25590,LOF,0.05018000906395527,0.11826044216592875,0.831559548770116
25591,LOF,0.10854268831953905,0.05832303819815536,0.8331342734823056
25592,LOF,0.05856059779184887,0.13665823835316698,0.8047811638549842
25593,LOF,0.15154306142865454,0.24833023222285622,0.6001267063484892
25594,LOF,0.05789462675872874,0.11152711273599739,0.830578260505274
25595,LOF,0.05311030301694214,0.07675383989509588,0.870135857087962
25596,LOF,0.11084308668606056,0.04255577699028348,0.8466011363236559
25597,LOF,0.09211745313577117,0.0483504029767199,0.859532143887509
25598,LOF,0.060816735293698694,0.0792143390166095,0.8599689256896919
25599,LOF,0.01961831019303514,0.48668640867448154,0.4936952811324833
25600,GOF,0.15831773421308964,0.48673151902656675,0.3549507467603435
25601,LOF,0.03864454571704736,0.4044553271009782,0.5569001271819745
25602,LOF,0.03640249545897831,0.06737179081032685,0.8962257137306947
25603,LOF,0.033198499072791064,0.03752720128771966,0.9292742996394893
25604,LOF,0.03235281635137867,0.07205916425844276,0.8955880193901785
25605,LOF,0.034040881534180285,0.20809504406132812,0.7578640744044916
25606,LOF,0.4034791002089963,0.12261050242971175,0.4739103973612919
25607,LOF,0.024453742425509236,0.18075173072072226,0.7947945268537686
25608,LOF,0.0337425470888922,0.06544897218512384,0.9008084807259839
25609,GOF,0.15436312762813362,0.5151361253049259,0.33050074706694044
25610,LOF,0.017059640764584726,0.028546122792516938,0.9543942364428983
25611,LOF,0.014289551299670944,0.03311155940625202,0.9525988892940771
25612,LOF,0.04786276636111783,0.04485206665584351,0.9072851669830386
25613,LOF,0.04481064185731429,0.04507793290515033,0.9101114252375353
25614,LOF,0.022735921589960125,0.025265884880518633,0.9519981935295212
25615,LOF,0.03988211178059946,0.03944146603859975,0.9206764221808009
25616,LOF,0.052514517242778634,0.028977944816447502,0.9185075379407739
25617,LOF,0.04671819593727013,0.03954882300940952,0.9137329810533202
25618,LOF,0.046077943995120496,0.03511159903922198,0.9188104569656576
25619,LOF,0.014002357213417584,0.033944928299087275,0.9520527144874951
25620,LOF,0.0633127753301342,0.04420270035474598,0.8924845243151198
25621,LOF,0.05516584665621819,0.03632841740237666,0.908505735941405
25622,LOF,0.06237062065612351,0.033310136381967184,0.9043192429619092
25623,LOF,0.07010517407576365,0.028281415204252928,0.9016134107199835
25624,LOF,0.01891411889385934,0.033161910464024794,0.9479239706421159
25625,LOF,0.055317489811134955,0.03879075115243186,0.9058917590364333
25626,LOF,0.04793710605906251,0.04115821910635224,0.9109046748345851
25627,Neutral,0.8878315315939946,0.018639115625629785,0.09352935278037548
25628,LOF,0.1319249271151678,0.05760541973609546,0.8104696531487369
25629,LOF,0.07115989421789455,0.04647492726742644,0.882365178514679
25630,LOF,0.29086864519176814,0.07218368928283575,0.6369476655253962
25631,Neutral,0.5735076998598756,0.061938426551774776,0.3645538735883497
25632,LOF,0.026400524119983178,0.06353885665850602,0.9100606192215107
25633,LOF,0.17184003334208856,0.038051497578365616,0.7901084690795458
25634,LOF,0.03592216777797181,0.07985316387176099,0.8842246683502674
25635,LOF,0.035657136496722044,0.04153272418688016,0.9228101393163979
25636,LOF,0.029027126685278702,0.4693919779412419,0.5015808953734794
25637,GOF,0.06835256995462057,0.5214490852125915,0.4101983448327881
25638,LOF,0.02700639247059021,0.37255471105938504,0.6004388964700247
25639,LOF,0.028996467847482076,0.39468613500630917,0.5763173971462088
25640,Neutral,0.7751084050803748,0.18608520437248738,0.038806390547137935
25641,LOF,0.06941870405817409,0.45325299478337266,0.4773283011584532
25642,LOF,0.04569775560070356,0.1559807618017327,0.7983214825975637
25643,LOF,0.20752445868115732,0.1307681515627589,0.6617073897560838
25644,LOF,0.02362710972588269,0.43161374325450835,0.5447591470196089
25645,LOF,0.028524063100111813,0.3732739717420237,0.5982019651578645
25646,LOF,0.0699966354077299,0.30223144245226075,0.6277719221400093
25647,LOF,0.028459059476074917,0.24397075595469303,0.7275701845692321
25648,LOF,0.03764358139285443,0.23213546485837663,0.7302209537487688
25649,LOF,0.019064959806470043,0.2194733533218383,0.7614616868716917
25650,LOF,0.05845837823624032,0.3794065967686817,0.5621350249950778
25651,LOF,0.019353177148526732,0.2637835527553423,0.716863270096131
25652,LOF,0.03985883100069209,0.2339446469655655,0.7261965220337424
25653,LOF,0.09783713212521837,0.3811987967158678,0.5209640711589137
25654,LOF,0.028353412116388737,0.23097814455492263,0.7406684433286885
25655,LOF,0.22674504543716772,0.36442748902014593,0.4088274655426863
25656,LOF,0.33504157094870946,0.05007044691587735,0.6148879821354132
25657,LOF,0.06789774646458475,0.053832545600722786,0.8782697079346925
25658,LOF,0.3619038067635666,0.05044297996920309,0.5876532132672303
25659,Neutral,0.5147482574035305,0.06925734443570163,0.4159943981607678
25660,LOF,0.021879054584319935,0.08499081614733486,0.8931301292683452
25661,LOF,0.09696736860477852,0.06062995367018273,0.8424026777250386
25662,LOF,0.03518520968680921,0.03502209017674355,0.9297927001364472
25663,LOF,0.04759398444186091,0.05033128993971739,0.9020747256184218
25664,LOF,0.14883500618628343,0.06667485687438333,0.7844901369393333
25665,LOF,0.05596431480980739,0.031012777296480137,0.9130229078937125
25666,LOF,0.09558536685275106,0.07079267677457099,0.8336219563726779
25667,LOF,0.07643667194714812,0.03880505596179586,0.8847582720910561
25668,LOF,0.03772376532038115,0.0493579554926515,0.9129182791869673
25669,LOF,0.03299628635245594,0.05154372762380116,0.9154599860237429
25670,LOF,0.14224154597325317,0.06533932852134575,0.7924191255054011
25671,LOF,0.11639261148735228,0.03804181268395877,0.845565575828689
25672,LOF,0.05021434157742924,0.0422525453470344,0.9075331130755364
25673,LOF,0.08080963065965621,0.05003187935659965,0.8691584899837441
25674,LOF,0.06620240388833477,0.059837811442608545,0.8739597846690567
25675,LOF,0.12563034030243672,0.05537535391907487,0.8189943057784884
25676,LOF,0.019049614877243635,0.05731022457427498,0.9236401605484815
25677,LOF,0.026748304044997045,0.07295504584931266,0.9002966501056903
25678,LOF,0.22496477473248297,0.062453000134388544,0.7125822251331285
25679,LOF,0.12247679466354353,0.08381471865821755,0.7937084866782389
25680,LOF,0.034975601821567545,0.11858464496190625,0.8464397532165263
25681,LOF,0.060406598922892456,0.10892459280572246,0.830668808271385
25682,LOF,0.14722376517331762,0.07531834569630937,0.777457889130373
25683,LOF,0.12230068802072534,0.0968036878372214,0.7808956241420532
25684,LOF,0.04286770497056826,0.08045720396305286,0.8766750910663789
25685,LOF,0.13185169360056612,0.044734862983951774,0.8234134434154821
25686,LOF,0.0766025670643911,0.07575557447196095,0.8476418584636479
25687,LOF,0.11229284847616591,0.07877150745621059,0.8089356440676235
25688,LOF,0.31957742588274785,0.038728665604162105,0.64169390851309
25689,LOF,0.26604402442105324,0.04003638693175074,0.693919588647196
25690,LOF,0.30293999187008697,0.034205024360628514,0.6628549837692844
25691,Neutral,0.6920961471387477,0.02751420549080705,0.28038964737044536
25692,LOF,0.3382051967287468,0.010603133871183406,0.6511916694000698
25693,LOF,0.050654127687997964,0.4228515833586376,0.5264942889533645
25694,LOF,0.11193331642250856,0.0161547821839762,0.8719119013935153
25695,LOF,0.10639281797420824,0.015097657120367041,0.8785095249054248
25696,LOF,0.11508620663907954,0.009441355887594831,0.8754724374733256
25697,LOF,0.09539783167780427,0.03199974551267417,0.8726024228095216
25698,LOF,0.3160369813462637,0.17352005451938687,0.5104429641343494
25699,LOF,0.44146741585228033,0.035468264363600704,0.5230643197841189
25700,LOF,0.06986445401040621,0.00903312315323804,0.9211024228363558
25701,LOF,0.1574394063028638,0.04454954460437857,0.7980110490927577
25702,GOF,0.15863486740854363,0.6047874337421473,0.23657769884930901
25703,LOF,0.01651717496408817,0.16857861050981077,0.8149042145261011
25704,LOF,0.045012797838344186,0.11912305358661623,0.8358641485750395
25705,LOF,0.05690241749055071,0.14662168673827408,0.7964758957711753
25706,LOF,0.09283322067785373,0.39458883893416313,0.5125779403879831
25707,LOF,0.10555847325639545,0.34946294811452544,0.5449785786290791
25708,LOF,0.03148511952134771,0.30474711520732156,0.6637677652713309
25709,LOF,0.06890179462891811,0.04066713002503425,0.8904310753460477
25710,LOF,0.011562285565305561,0.14510221012748215,0.8433355043072123
25711,LOF,0.02018662656868064,0.09690148163178845,0.8829118917995308
25712,LOF,0.01362490149852713,0.1832627673102678,0.8031123311912051
25713,LOF,0.019165477204344618,0.0834469003991349,0.8973876223965204
25714,LOF,0.07578324364107701,0.08153278983339415,0.8426839665255288
25715,LOF,0.012012822396270512,0.14394715809535594,0.8440400195083735
25716,LOF,0.01288843019718934,0.1203979765132457,0.8667135932895649
25717,LOF,0.011852372330526825,0.07738059206291902,0.9107670356065541
25718,LOF,0.012751837137493257,0.10215479806023539,0.8850933648022714
25719,LOF,0.01936891791117603,0.08127198619180474,0.8993590958970192
25720,LOF,0.02451329278264336,0.06856525718345083,0.9069214500339057
25721,LOF,0.015607618587175262,0.1226746980760039,0.8617176833368208
25722,LOF,0.014667706406698003,0.1319645902285368,0.8533677033647652
25723,LOF,0.02341199223553943,0.042300657529490936,0.9342873502349697
25724,LOF,0.031435478899625176,0.08923807748952271,0.879326443610852
25725,LOF,0.012139035630756748,0.06687216507116524,0.9209887992980781
25726,LOF,0.01653604163487464,0.10007301920752823,0.8833909391575973
25727,LOF,0.01359417281742757,0.0782479469426126,0.9081578802399599
25728,LOF,0.010248124018010655,0.11948281870354559,0.8702690572784438
25729,LOF,0.010671943364683818,0.1155903717762056,0.8737376848591105
25730,LOF,0.014623961192422947,0.08383444528502754,0.9015415935225495
25731,LOF,0.020537883426907818,0.10437236853721266,0.8750897480358795
25732,LOF,0.015747034330185934,0.08234560123336153,0.9019073644364525
25733,LOF,0.017476220150109203,0.073570723838282,0.9089530560116088
25734,LOF,0.011789361515349064,0.11285232124735434,0.8753583172372966
25735,LOF,0.014425895371368822,0.08362445993995346,0.9019496446886778
25736,LOF,0.015416150390805612,0.10753767461691584,0.8770461749922785
25737,LOF,0.012764299308621318,0.08260853990456182,0.9046271607868168
25738,LOF,0.013006066227343425,0.10700443383925283,0.8799894999334037
25739,LOF,0.02204113526921462,0.07716432549600433,0.9007945392347809
25740,LOF,0.028062591214508718,0.1101691033130837,0.8617683054724077
25741,LOF,0.014838456395151963,0.11320404167119771,0.8719575019336502
25742,LOF,0.12611530027640677,0.08279236915314307,0.7910923305704501
25743,LOF,0.032312639227174936,0.03561085663772096,0.9320765041351041
25744,Neutral,0.5835940099866112,0.18163132832574033,0.2347746616876485
25745,LOF,0.07290258724411024,0.068739112673484,0.8583583000824058
25746,LOF,0.03773743213711403,0.08155781924197326,0.8807047486209127
25747,LOF,0.023327139942252946,0.05548291490464276,0.9211899451531043
25748,LOF,0.09828166060398616,0.0798067607199802,0.8219115786760337
25749,LOF,0.024636504133957064,0.0755109410238979,0.8998525548421451
25750,LOF,0.07872554810140454,0.07998954976241023,0.8412849021361851
25751,LOF,0.08888430652855484,0.08782198019880053,0.8232937132726446
25752,GOF,0.11498722917150213,0.6476634838871248,0.2373492869413731
25753,LOF,0.020157019678744233,0.27255615259476296,0.7072868277264928
25754,GOF,0.011765768103840018,0.7800529133341308,0.20818131856202923
25755,LOF,0.021681211684074064,0.39893754939895404,0.5793812389169719
25756,LOF,0.04600196011438344,0.3699466338723166,0.5840514060133
25757,GOF,0.014618048304903413,0.8422474385676567,0.14313451312744002
25758,GOF,0.03100909937370763,0.8067898791760982,0.162201021450194
25759,GOF,0.011164265375457432,0.5795653622718631,0.4092703723526795
25760,LOF,0.01193501409291324,0.2439775135356631,0.7440874723714236
25761,GOF,0.2875330094552097,0.6258793171512359,0.08658767339355443
25762,LOF,0.03954146042146747,0.2698942461363614,0.6905642934421712
25763,LOF,0.014398545827156899,0.19283973187240855,0.7927617223004345
25764,GOF,0.08306010201824761,0.6303635627411122,0.2865763352406403
25765,GOF,0.03986646243342647,0.7464271807063185,0.21370635686025508
25766,GOF,0.06799717903743989,0.7422468495796027,0.18975597138295736
25767,GOF,0.14737175224102816,0.5658298892212131,0.28679835853775876
25768,LOF,0.11339735994152438,0.06597145544768909,0.8206311846107865
25769,LOF,0.06028281953467976,0.06040401844667286,0.8793131620186474
25770,LOF,0.32770718423483786,0.09290711527782179,0.5793857004873403
25771,LOF,0.04110539402404509,0.046913792133275484,0.9119808138426794
25772,LOF,0.020005158956197665,0.03695554013317804,0.9430393009106243
25773,LOF,0.04806984810741502,0.08206624173474229,0.8698639101578427
25774,LOF,0.02845784151681417,0.0718248902813259,0.8997172682018599
25775,LOF,0.04946983428028975,0.04434012733075645,0.9061900383889537
25776,LOF,0.076988258968948,0.02294676581028544,0.9000649752207666
25777,LOF,0.3711193456494627,0.05174145669409082,0.5771391976564465
25778,LOF,0.07248920255428089,0.046664592125733116,0.8808462053199859
25779,GOF,0.36786682579217944,0.5864596266814092,0.0456735475264114
25780,GOF,0.3104167247988009,0.6232581879289751,0.06632508727222404
25781,GOF,0.13691954876117216,0.7628350230794306,0.10024542815939722
25782,GOF,0.21801782907139136,0.7134260430637881,0.06855612786482049
25783,GOF,0.025386747495523894,0.6338087939055713,0.3408044585989047
25784,Neutral,0.5064260570867143,0.45669205229084825,0.036881890622437484
25785,GOF,0.4737404772588025,0.49059135613556815,0.035668166605629284
25786,GOF,0.027932657010413718,0.7368710239195595,0.23519631907002672
25787,Neutral,0.626766962873171,0.3488353359805096,0.024397701146319384
25788,LOF,0.0494985571448121,0.10291679941898801,0.8475846434361999
25789,GOF,0.2015556245631615,0.6484625369388318,0.14998183849800667
25790,GOF,0.2322905461924933,0.6630201841277386,0.1046892696797681
25791,GOF,0.1787037341268344,0.6445296423745408,0.17676662349862488
25792,GOF,0.38782252573635706,0.4915691395754181,0.12060833468822497
25793,GOF,0.26096892035661967,0.5271477861317633,0.211883293511617
25794,GOF,0.2999032254513178,0.5049296287530848,0.19516714579559752
25795,GOF,0.08208118017029455,0.6818367136849761,0.2360821061447293
25796,Neutral,0.5650298447144749,0.35527997037725867,0.07969018490826646
25797,GOF,0.08701214999890751,0.5021977597388595,0.41079009026223295
25798,LOF,0.00967691847031228,0.4749149672166668,0.5154081143130209
25799,LOF,0.0078591209615299,0.35698899875109974,0.6351518802873704
25800,GOF,0.033383580321960045,0.5345171401013742,0.4320992795766659
25801,GOF,0.20482765857324925,0.6488989362488946,0.14627340517785617
25802,GOF,0.08239470135170268,0.6386390121369093,0.27896628651138805
25803,GOF,0.0372136727856566,0.5521778104978257,0.4106085167165177
25804,LOF,0.03318085032736788,0.4453675116518792,0.5214516380207529
25805,GOF,0.10570057240844265,0.5397811060137138,0.35451832157784363
25806,GOF,0.10380514610388368,0.5583572425006296,0.3378376113954868
25807,GOF,0.021757574172247194,0.5785896950510618,0.39965273077669095
25808,GOF,0.08872947463852787,0.6094430332813918,0.30182749208008025
25809,GOF,0.02102957053814951,0.5431647052263011,0.43580572423554936
25810,GOF,0.019642783649061774,0.5770616527574435,0.40329556359349467
25811,GOF,0.45852521368269467,0.46326877266997407,0.07820601364733129
25812,GOF,0.03216549323220468,0.6193694248423375,0.3484650819254578
25813,Neutral,0.5212387491138978,0.377563199284697,0.10119805160140517
25814,GOF,0.11765622309979133,0.6167626964779158,0.26558108042229284
25815,GOF,0.19232645244762736,0.6060861301865341,0.20158741736583857
25816,GOF,0.024194687568205468,0.690366216423369,0.2854390960084254
25817,GOF,0.22277324149852487,0.6496076865381016,0.12761907196337346
25818,GOF,0.05880211185386167,0.6116866449902197,0.32951124315591857
25819,GOF,0.3546697586053183,0.4985417361832873,0.14678850521139433
25820,GOF,0.17947647912169634,0.5930265714844101,0.2274969493938937
25821,GOF,0.05500622205553305,0.6486200575378092,0.2963737204066577
25822,GOF,0.2200944499884824,0.557289542993951,0.22261600701756667
25823,LOF,0.034130274397815505,0.4781585898921402,0.4877111357100443
25824,GOF,0.09380805792716956,0.5694920074250038,0.3366999346478266
25825,GOF,0.03971638145757818,0.5643776356735937,0.3959059828688282
25826,GOF,0.015521822028376321,0.5328839658049933,0.4515942121666303
25827,GOF,0.02254060892626639,0.5797860704685076,0.39767332060522614
25828,LOF,0.01321701902490798,0.4904505362759285,0.49633244469916354
25829,GOF,0.006186715460020453,0.5538824302654969,0.4399308542744826
25830,LOF,0.03115501088095773,0.2886926632132508,0.6801523259057914
25831,GOF,0.21345269247279058,0.6555005647621999,0.13104674276500947
25832,GOF,0.03215625619794205,0.6594339504519198,0.3084097933501382
25833,GOF,0.11918999868959508,0.7107919593204305,0.17001804198997436
25834,GOF,0.03503526518425157,0.6629777248731108,0.30198700994263766
25835,GOF,0.0753999301974455,0.7407018372504598,0.1838982325520948
25836,GOF,0.035665640024710496,0.6534607004014406,0.31087365957384894
25837,GOF,0.025153139969834787,0.5432454903463585,0.4316013696838068
25838,GOF,0.08478092464381459,0.766081365324077,0.14913771003210852
25839,GOF,0.26137107261755954,0.5852136277332313,0.1534152996492091
25840,GOF,0.21777848111816897,0.6196023280886325,0.1626191907931986
25841,GOF,0.2251422230742034,0.6249516551066854,0.14990612181911123
25842,GOF,0.16835416492410338,0.6903889507760317,0.1412568842998649
25843,GOF,0.22741396438431846,0.6759265628417896,0.0966594727738918
25844,GOF,0.0649473496455256,0.687795266014034,0.24725738434044042
25845,LOF,0.016348788432796975,0.4490582147454111,0.534592996821792
25846,GOF,0.12199895108344654,0.7156742687720763,0.16232678014447713
25847,GOF,0.1155595932683415,0.7637868064442269,0.12065360028743159
25848,GOF,0.04216178172704346,0.6612766127280318,0.2965616055449247
25849,GOF,0.012257872212765013,0.5389395505237743,0.4488025772634606
25850,GOF,0.024398806079166564,0.6211826863904699,0.3544185075303636
25851,GOF,0.019676791313114266,0.49402272398864594,0.48630048469823983
25852,GOF,0.16375400370423673,0.5575179334359726,0.2787280628597906
25853,GOF,0.3559041198555982,0.5753342923017999,0.06876158784260199
25854,GOF,0.023446235529482773,0.5893248375025774,0.3872289269679399
25855,GOF,0.033449520869975435,0.5342794477019412,0.4322710314280832
25856,GOF,0.2326107910393317,0.5349802800658221,0.23240892889484616
25857,LOF,0.035355235151273215,0.4708568996715743,0.4937878651771526
25858,GOF,0.022141566855802385,0.5029187252862729,0.47493970785792483
25859,LOF,0.010859666177788775,0.47195223272946274,0.5171881010927485
25860,GOF,0.3625717215581821,0.5521029895587648,0.08532528888305312
25861,GOF,0.40267640068393185,0.519373561231405,0.07795003808466315
25862,GOF,0.08712947682695102,0.7630360505247392,0.14983447264830962
25863,GOF,0.08296962829438555,0.7575426258595882,0.15948774584602612
25864,GOF,0.18372646771870638,0.7351504842045783,0.08112304807671541
25865,GOF,0.08399399017029067,0.7879132679636152,0.1280927418660941
25866,GOF,0.06685886553932129,0.7562031866115576,0.17693794784912126
25867,GOF,0.08991129581244749,0.7945625699295776,0.11552613425797496
25868,GOF,0.27947192087126965,0.6177832219008668,0.10274485722786367
25869,Neutral,0.6866721032177803,0.27376017717354034,0.039567719608679414
25870,GOF,0.2797488289424073,0.36210197916982995,0.3581491918877627
25871,GOF,0.21850475265733246,0.6128842084476904,0.16861103889497706
25872,GOF,0.07745057244905963,0.6563813232751667,0.2661681042757737
25873,GOF,0.1276360381772532,0.6756265457281075,0.1967374160946392
25874,LOF,0.017472283014759345,0.11414186119269472,0.8683858557925459
25875,LOF,0.0895872135360391,0.029778762189491107,0.8806340242744697
25876,LOF,0.03120266561771342,0.03047285543925433,0.9383244789430322
25877,LOF,0.4692672841722621,0.0385661412214727,0.49216657460626534
25878,LOF,0.2006150584097535,0.06915499632451223,0.7302299452657343
25879,LOF,0.08556856129998719,0.06657185641437259,0.8478595822856402
25880,LOF,0.02315446264546777,0.016418445340056584,0.9604270920144756
25881,LOF,0.17274268582323024,0.12107712328400894,0.7061801908927607
25882,LOF,0.06957893379472314,0.017372114576356873,0.91304895162892
25883,LOF,0.08429604477425603,0.019736989895879013,0.895966965329865
25884,LOF,0.0329527125089322,0.03166683931658682,0.935380448174481
25885,LOF,0.06511324446761925,0.012515541089227747,0.9223712144431531
25886,LOF,0.2675974188202803,0.03770515863399682,0.6946974225457229
25887,LOF,0.15758183147105648,0.07185822828492457,0.770559940244019
25888,LOF,0.07025110130908022,0.06229661980036487,0.8674522788905549
25889,LOF,0.04459141339979672,0.022309728963604024,0.9330988576365994
25890,LOF,0.048916434104087074,0.14827202403377504,0.8028115418621379
25891,LOF,0.040429964188182115,0.054842271638786994,0.9047277641730308
25892,LOF,0.08869124169820115,0.020945289536337033,0.8903634687654618
25893,LOF,0.25328227225536526,0.018443343404279555,0.7282743843403551
25894,LOF,0.18146837448773007,0.010022479092599025,0.808509146419671
25895,LOF,0.20117611942984573,0.019235239909660157,0.779588640660494
25896,LOF,0.05040649963042757,0.023161261932870773,0.9264322384367016
25897,LOF,0.2732968267998894,0.010493128461635694,0.7162100447384749
25898,Neutral,0.6975608907097633,0.008618542920079842,0.2938205663701569
25899,LOF,0.2031197965861078,0.01931134438903121,0.7775688590248611
25900,LOF,0.443267651476796,0.017370120017026244,0.5393622285061778
25901,LOF,0.04360937916503111,0.012315217721476044,0.9440754031134929
25902,LOF,0.16786657749101155,0.011262456667451745,0.8208709658415366
25903,Neutral,0.5485852819907061,0.02504951122937592,0.42636520677991796
25904,LOF,0.2592353027930014,0.0460921553091557,0.6946725418978429
25905,LOF,0.023108743717541503,0.3528318773301308,0.6240593789523277
25906,LOF,0.03044597087230229,0.08769524363384952,0.8818587854938481
25907,LOF,0.015342238366058024,0.368085916794879,0.616571844839063
25908,LOF,0.0100003398211384,0.2746882321972774,0.7153114279815842
25909,LOF,0.013902335125185879,0.1500877120159114,0.8360099528589027
25910,LOF,0.047641608763396556,0.13670411566208526,0.8156542755745182
25911,LOF,0.17489115061042043,0.01829002779145691,0.8068188215981227
25912,LOF,0.05248691026809561,0.039685419616268515,0.9078276701156359
25913,LOF,0.3228097071542336,0.018262630062259907,0.6589276627835065
25914,LOF,0.01946948703553009,0.06826183186763911,0.9122686810968307
25915,Neutral,0.5894986277576453,0.17772075295313344,0.23278061928922125
25916,LOF,0.10637386431632939,0.24447714401069617,0.6491489916729744
25917,LOF,0.06257349695108916,0.05008943641903866,0.8873370666298721
25918,LOF,0.024568893131024554,0.04209103304764673,0.9333400738213288
25919,LOF,0.021149691001678687,0.05011859499936119,0.92873171399896
25920,GOF,0.09502077592829548,0.48251073525711496,0.4224684888145896
25921,LOF,0.0216493138870031,0.036303445263310155,0.9420472408496867
25922,LOF,0.030795570829863318,0.025459856273564806,0.9437445728965718
25923,LOF,0.4136933207989512,0.03202140878111494,0.5542852704199338
25924,LOF,0.03715147625762818,0.04305765139754894,0.9197908723448229
25925,LOF,0.06547219313722671,0.03740319669388209,0.8971246101688911
25926,LOF,0.046562929617830616,0.03373329554298963,0.9197037748391796
25927,LOF,0.05516659101183951,0.10310890250162515,0.8417245064865353
25928,LOF,0.01665196202629727,0.04564725245611051,0.9377007855175922
25929,Neutral,0.5353518974249355,0.03434322791640939,0.4303048746586551
25930,LOF,0.049424463525502324,0.02887858737411284,0.9216969491003848
25931,LOF,0.021635548179670793,0.027310825963907732,0.9510536258564215
25932,LOF,0.026123185009232754,0.02392379620796278,0.9499530187828045
25933,LOF,0.03711550660643791,0.016734193007271,0.946150300386291
25934,LOF,0.02440699810405758,0.02101834497095719,0.9545746569249852
25935,LOF,0.05886198855366196,0.04621579569910093,0.8949222157472372
25936,LOF,0.04535672754594474,0.020462477355000314,0.934180795099055
25937,LOF,0.023137919433669097,0.03284039284012934,0.9440216877262015
25938,LOF,0.05926343554559986,0.047687239132690726,0.8930493253217094
25939,LOF,0.04028973907074659,0.018552197615647095,0.9411580633136064
25940,LOF,0.02856236905090472,0.38691964155867903,0.5845179893904162
25941,LOF,0.1997162170328133,0.09068716506718608,0.7095966179000006
25942,LOF,0.015818471323017343,0.03597672454493681,0.9482048041320459
25943,LOF,0.295987953551125,0.06299758569133505,0.6410144607575401
25944,Neutral,0.49098323006506134,0.02664055837512346,0.4823762115598152
25945,LOF,0.06288768522006966,0.024185941228724726,0.9129263735512056
25946,LOF,0.024904138109114512,0.11905375976427895,0.8560421021266066
25947,LOF,0.10205594257384291,0.2502880055356861,0.647656051890471
25948,LOF,0.3982813093003715,0.009001893562649481,0.592716797136979
25949,LOF,0.11939111964923799,0.03180411701027571,0.8488047633404863
25950,GOF,0.30183913171901683,0.38591383726673045,0.3122470310142528
25951,LOF,0.21322841916959956,0.2142447019553229,0.5725268788750775
25952,LOF,0.04446940890683293,0.38337826195220553,0.5721523291409616
25953,LOF,0.1624116543901971,0.08807769085702902,0.7495106547527739
25954,Neutral,0.45377418287955706,0.13997404839006103,0.4062517687303819
25955,LOF,0.060155733196550744,0.07770554154712472,0.8621387252563246
25956,LOF,0.1665216312589973,0.10853142108298101,0.7249469476580217
25957,LOF,0.03981890805558221,0.03140324178695658,0.9287778501574613
25958,LOF,0.06428329947781646,0.029098886687778835,0.9066178138344048
25959,LOF,0.0680606949407163,0.4087963445407276,0.523142960518556
25960,LOF,0.016492311910824495,0.05203891173819058,0.9314687763509849
25961,LOF,0.052345680690967684,0.032238966450331245,0.915415352858701
25962,LOF,0.061386752092084045,0.029949001015020727,0.9086642468928953
25963,LOF,0.05138733393331282,0.18066399203257102,0.767948674034116
25964,LOF,0.04055227939540766,0.16474480659881321,0.7947029140057791
25965,Neutral,0.47745348957811073,0.07069563534395229,0.451850875077937
25966,Neutral,0.5488086249385037,0.1639199347191368,0.28727144034235963
25967,LOF,0.0158536565043571,0.09135537147540285,0.8927909720202402
25968,LOF,0.0332243146159173,0.4239392756505449,0.5428364097335379
25969,LOF,0.029709208761472858,0.06001131454748703,0.9102794766910401
25970,LOF,0.06512620066373129,0.06150731077613077,0.8733664885601379
25971,LOF,0.0739598070204981,0.01983286591202848,0.9062073270674734
25972,LOF,0.07445933147726669,0.026497474891545043,0.8990431936311883
25973,LOF,0.07243405546865521,0.011218766671319469,0.9163471778600253
25974,LOF,0.19592605340197988,0.020250381710219947,0.7838235648878001
25975,LOF,0.04283977399636052,0.03606086808562949,0.9210993579180099
25976,LOF,0.039279455844506844,0.020604823251306942,0.9401157209041862
25977,LOF,0.14703360002785032,0.10888679522574257,0.7440796047464071
25978,LOF,0.1454766728274017,0.06282023873835332,0.791703088434245
25979,LOF,0.14362719858306316,0.06441349364423159,0.7919593077727053
25980,LOF,0.20504767792474077,0.08011894532473762,0.7148333767505216
25981,LOF,0.23400543903014093,0.07866734579483957,0.6873272151750195
25982,LOF,0.41385956922449496,0.047890787433967914,0.5382496433415372
25983,LOF,0.39556996623225227,0.05175414111472584,0.5526758926530219
25984,LOF,0.05336016004739168,0.04403342163276386,0.9026064183198445
25985,LOF,0.03463984476591642,0.24148398927825482,0.7238761659558288
25986,LOF,0.03989739866002378,0.27527909573376386,0.6848235056062123
25987,LOF,0.0737983024134356,0.06435916245683865,0.8618425351297256
25988,LOF,0.14933064986824116,0.048517523343621416,0.8021518267881373
25989,LOF,0.03000098633146308,0.10219938692257087,0.8677996267459661
25990,LOF,0.041174984023930584,0.12134156582509828,0.8374834501509711
25991,LOF,0.13092992324215985,0.29936931570489544,0.5697007610529448
25992,LOF,0.2950227646117977,0.16603587128097003,0.5389413641072321
25993,LOF,0.024219741748607033,0.08368427954216646,0.8920959787092264
25994,LOF,0.017733600247978192,0.12036390158838711,0.8619024981636347
25995,LOF,0.026847368567841486,0.24274097455366606,0.7304116568784925
25996,GOF,0.2956752283018787,0.4688565949889277,0.23546817670919365
25997,LOF,0.08161355406550878,0.44228756251318524,0.47609888342130585
25998,Neutral,0.5538175041836908,0.023418699180043197,0.42276379663626595
25999,LOF,0.10684689751290198,0.1019946900203453,0.7911584124667527
26000,LOF,0.1474011438266424,0.05155577874709107,0.8010430774262666
26001,LOF,0.19115687488524752,0.054748011059581846,0.7540951140551706
26002,LOF,0.14308540206058423,0.04550941117374439,0.8114051867656713
26003,GOF,0.010307409016915353,0.5836123224493031,0.4060802685337817
26004,GOF,0.01806841709006877,0.6662898472630445,0.31564173564688663
26005,LOF,0.00702405274972708,0.4599709409921132,0.5330050062581597
26006,Neutral,0.5337806171945066,0.24050967601056597,0.22570970679492736
26007,GOF,0.02115758880823209,0.5411032149221333,0.4377391962696345
26008,GOF,0.01709066651119875,0.6324013060118836,0.3505080274769175
26009,GOF,0.01986813839881389,0.6626762204619154,0.31745564113927066
26010,GOF,0.02395302398096366,0.6425318277011759,0.33351514831786055
26011,LOF,0.0063414219368291384,0.4620520173440661,0.5316065607191047
26012,GOF,0.013167029127199564,0.5812006019011341,0.4056323689716665
26013,GOF,0.018365522724157656,0.6279507789457179,0.35368369833012436
26014,LOF,0.04521531256562066,0.10484512107357649,0.8499395663608029
26015,LOF,0.16377255042185057,0.011334663765963206,0.8248927858121862
26016,LOF,0.2073132449638325,0.060792339360163206,0.7318944156760042
26017,LOF,0.2362313760298826,0.09235438227716276,0.6714142416929547
26018,LOF,0.0835813520750415,0.029795043045577486,0.886623604879381
26019,LOF,0.08119879144202836,0.02369185452024099,0.8951093540377306
26020,LOF,0.0684340070834196,0.1212673257358513,0.8102986671807292
26021,LOF,0.04550817923775512,0.11551326968014645,0.8389785510820985
26022,LOF,0.011551944117704452,0.040075546202047625,0.9483725096802479
26023,LOF,0.09866982998774619,0.02106223124247967,0.8802679387697742
26024,LOF,0.03222913680817392,0.11967104510568705,0.8480998180861391
26025,LOF,0.1654879637763903,0.08924925328526459,0.7452627829383451
26026,LOF,0.32731629846159016,0.03084483719559392,0.641838864342816
26027,LOF,0.0762085340347535,0.01584924576257625,0.9079422202026702
26028,LOF,0.17281617189660534,0.06213512686987405,0.7650487012335205
26029,LOF,0.06724229827934512,0.2027658996976647,0.7299918020229903
26030,LOF,0.021652477622983113,0.06521339543436404,0.9131341269426528
26031,LOF,0.0249559662412144,0.14842330171394746,0.8266207320448382
26032,LOF,0.06460871904952815,0.07391664571413309,0.8614746352363387
26033,LOF,0.11238672828095694,0.09149493465980871,0.7961183370592343
26034,LOF,0.03973923441583413,0.1777596811507923,0.7825010844333735
26035,LOF,0.02344984778138697,0.17090548081649615,0.8056446714021169
26036,LOF,0.035110479277090156,0.18778896500901632,0.7771005557138936
26037,LOF,0.020146222231675493,0.1367516987660738,0.8431020790022508
26038,LOF,0.0599633525281667,0.07665428575752653,0.8633823617143067
26039,LOF,0.04884314279212769,0.16490188631144334,0.786254970896429
26040,LOF,0.19310344061674015,0.15073133259947008,0.6561652267837899
26041,LOF,0.021010331295552805,0.12602008258566413,0.852969586118783
26042,LOF,0.01925870262454028,0.11868888929180249,0.8620524080836574
26043,LOF,0.05998354985822729,0.09020368653970721,0.8498127636020656
26044,LOF,0.0199414595029084,0.08113220631220054,0.898926334184891
26045,LOF,0.07014620043944148,0.11354822014284095,0.8163055794177175
26046,LOF,0.06115723063860373,0.0886699072815352,0.850172862079861
26047,LOF,0.08472096996983969,0.09151365140422474,0.8237653786259357
26048,LOF,0.052842070609708074,0.04145732418738668,0.9057006052029053
26049,Neutral,0.9642654948935471,0.007537119348783811,0.028197385757669266
26050,Neutral,0.9469669971629237,0.009747063001297056,0.043285939835779254
26051,LOF,0.05816996710910359,0.26485433630180455,0.6769756965890918
26052,LOF,0.07953582038200006,0.31333433710067227,0.6071298425173276
26053,LOF,0.05259018837094515,0.13853408804600445,0.8088757235830504
26054,LOF,0.05299646587874921,0.01702692429883384,0.9299766098224169
26055,LOF,0.07514695782604225,0.014465605321113382,0.9103874368528443
26056,LOF,0.061382112588148116,0.015720068315734744,0.9228978190961171
26057,LOF,0.029613657377226904,0.011976870942865724,0.9584094716799073
26058,LOF,0.03070063779282811,0.009607380692518286,0.9596919815146537
26059,LOF,0.29351595807259884,0.02406151144001992,0.6824225304873813
26060,LOF,0.03874128991047516,0.17105054488544774,0.7902081652040771
26061,LOF,0.017227587125532857,0.010351807527852077,0.972420605346615
26062,LOF,0.010321030054136395,0.017967695928777224,0.9717112740170865
26063,LOF,0.022936643672058613,0.011658272771362579,0.9654050835565787
26064,LOF,0.022753988527429176,0.020305762444265133,0.9569402490283055
26065,LOF,0.02482072481474502,0.010686438446416483,0.9644928367388386
26066,LOF,0.021602259648534385,0.011085687078130077,0.9673120532733355
26067,LOF,0.029164322764968328,0.008958811154963676,0.961876866080068
26068,LOF,0.045869023143533784,0.02878684299003125,0.925344133866435
26069,LOF,0.26883307855691063,0.01829621693410854,0.7128707045089809
26070,LOF,0.4189223787057647,0.014880473100289799,0.5661971481939455
26071,LOF,0.024252114933349056,0.012316958381803344,0.9634309266848476
26072,LOF,0.020679240568211712,0.01524966175973864,0.9640710976720497
26073,LOF,0.024555425593706753,0.010051328371387168,0.9653932460349061
26074,Neutral,0.9106727854254066,0.005703956948704595,0.08362325762588871
26075,LOF,0.0444369083253434,0.015131878294353678,0.940431213380303
26076,LOF,0.04795265696951224,0.009176784102836818,0.9428705589276509
26077,LOF,0.010845213747456917,0.016923835937205197,0.9722309503153378
26078,LOF,0.01323412339602413,0.011535784032695801,0.9752300925712801
26079,LOF,0.05675152869561184,0.016928799095972145,0.926319672208416
26080,LOF,0.05601398035084198,0.016963399343046748,0.9270226203061113
26081,LOF,0.03820447519905834,0.006668840076063699,0.9551266847248779
26082,LOF,0.01432009825006474,0.015985830166598058,0.9696940715833373
26083,LOF,0.13343454567194477,0.012945926387212894,0.8536195279408423
26084,LOF,0.028624840604656192,0.011777852722697683,0.9595973066726461
26085,LOF,0.02431906743408967,0.011162288514075488,0.9645186440518347
26086,LOF,0.023983154506470594,0.011804727619691036,0.9642121178738384
26087,LOF,0.028975767332704294,0.008247817914479006,0.9627764147528168
26088,LOF,0.016159630562590552,0.02140756661320797,0.9624328028242015
26089,LOF,0.044701346244768486,0.02082648868206342,0.9344721650731681
26090,LOF,0.04336299982636002,0.017088378240765322,0.9395486219328746
26091,LOF,0.03930520859293253,0.006325247749380261,0.9543695436576871
26092,LOF,0.02652107353381068,0.008346854768929698,0.9651320716972597
26093,LOF,0.041277957533906166,0.005845002490957078,0.9528770399751366
26094,LOF,0.04257454711518544,0.006295356599975001,0.9511300962848397
26095,LOF,0.04396023109108071,0.012701583048554973,0.9433381858603642
26096,LOF,0.018806483190277813,0.01235213123057414,0.968841385579148
26097,LOF,0.012092480512590448,0.033997974613659596,0.9539095448737499
26098,LOF,0.07398403843636008,0.010157568805910523,0.9158583927577294
26099,LOF,0.024928013697444962,0.012586585773642656,0.9624854005289123
26100,LOF,0.027587584020193626,0.012034548944092756,0.9603778670357136
26101,LOF,0.05829492771314589,0.014801591578455483,0.9269034807083986
26102,LOF,0.025435258924470006,0.013199202394121482,0.9613655386814085
26103,Neutral,0.8885418737633505,0.01808947165025329,0.09336865458639625
26104,LOF,0.07942083911667078,0.024192984398092907,0.8963861764852363
26105,LOF,0.215890341993579,0.3066240431510704,0.4774856148553506
26106,LOF,0.19358420223957493,0.11631228799644548,0.6901035097639796
26107,LOF,0.2328778639640099,0.0851748189542489,0.6819473170817412
26108,LOF,0.2815397013110578,0.11087070081563331,0.6075895978733088
26109,LOF,0.10185217169772315,0.056882557725445315,0.8412652705768315
26110,LOF,0.2539793792938727,0.0077529424101376145,0.7382676782959897
26111,Neutral,0.5137684126636689,0.021011837665904573,0.46521974967042656
26112,LOF,0.03622050966972977,0.00733462800186881,0.9564448623284014
26113,LOF,0.06178208994282024,0.016224361229255187,0.9219935488279245
26114,LOF,0.026783990847369085,0.031130802590257717,0.9420852065623733
26115,LOF,0.0907885220611548,0.05741353900199376,0.8517979389368514
26116,LOF,0.06663376499041339,0.05520160125000651,0.87816463375958
26117,LOF,0.42361822843678876,0.04544701501209202,0.5309347565511192
26118,LOF,0.03636563124663013,0.024038529378852178,0.9395958393745177
26119,LOF,0.022585873113763526,0.03915639708047389,0.9382577298057626
26120,LOF,0.02869331860269062,0.023193267661194533,0.9481134137361148
26121,LOF,0.03847985396856871,0.08529658314546024,0.876223562885971
