feature0,prediction,LoGoFunc_Neutral,LoGoFunc_GOF,LoGoFunc_LOF
25546,Neutral,0.6747993411822976,0.05978298728619712,0.26541767153150536
25547,Neutral,0.515557360655578,0.1043165326968234,0.38012610664759866
25548,Neutral,0.5197465249486023,0.08382937103321396,0.39642410401818373
25549,LOF,0.449556097073221,0.08751464220879064,0.4629292607179885
25550,LOF,0.36615901627869984,0.1313532195654804,0.5024877641558197
25551,LOF,0.3237257729032675,0.13900679845962594,0.5372674286371066
25552,LOF,0.26044346160558995,0.13387395343402722,0.6056825849603829
25553,Neutral,0.8208992489475386,0.04595278144794299,0.13314796960451838
25554,LOF,0.30813927777751393,0.1263025415649543,0.5655581806575317
25555,LOF,0.2572161038297676,0.11945132079470892,0.6233325753755236
25556,Neutral,0.4584636944528766,0.10526722458837247,0.436269080958751
25557,LOF,0.2488462235635032,0.12425057437568172,0.6269032020608152
25558,LOF,0.312884401344623,0.12342758689487454,0.5636880117605025
25559,LOF,0.1841270790336949,0.13252474742927825,0.6833481735370269
25560,LOF,0.15659115839992208,0.09460166625878484,0.748807175341293
25561,LOF,0.13876400995820387,0.12737361969654207,0.733862370345254
25562,LOF,0.06980934135843182,0.07650119126031339,0.8536894673812547
25563,LOF,0.020148813845339432,0.11652853689111246,0.8633226492635482
25564,LOF,0.20473851731000103,0.1140433853210226,0.6812180973689764
25565,LOF,0.23229327238593123,0.12153542821033265,0.6461712994037361
25566,GOF,0.09805723696632804,0.7082807134139875,0.19366204961968456
25567,LOF,0.037725592982129456,0.11102772624521287,0.8512466807726577
25568,LOF,0.061212131926508304,0.06268380819854377,0.8761040598749479
25569,LOF,0.05803617080578753,0.0638826002158064,0.8780812289784061
25570,LOF,0.027420439181805593,0.08924345861168843,0.8833361022065059
25571,LOF,0.027531479822796412,0.0921052519315195,0.8803632682456842
25572,LOF,0.05924603875612796,0.11042714291828298,0.8303268183255891
25573,LOF,0.057178685913018286,0.07646316987635343,0.8663581442106284
25574,LOF,0.05640927771470119,0.16030983119868344,0.7832808910866154
25575,LOF,0.02196197959092972,0.11151749792632887,0.8665205224827415
25576,LOF,0.033732545100843725,0.14073167378896798,0.8255357811101883
25577,LOF,0.02971608641069825,0.09939281190609298,0.8708911016832088
25578,LOF,0.28915250619659666,0.0720328120298295,0.6388146817735738
25579,LOF,0.1318876685026396,0.07884448278523659,0.7892678487121237
25580,LOF,0.019089070503403173,0.06946654939768775,0.911444380098909
25581,LOF,0.056303590653634675,0.058961684935638074,0.8847347244107273
25582,LOF,0.05599584618119131,0.0578536828138516,0.886150471004957
25583,LOF,0.020853952426592045,0.07205836653554665,0.9070876810378614
25584,Neutral,0.6694271416658458,0.08966370886298271,0.24090914947117145
25585,LOF,0.031932253643867495,0.11180079283409072,0.8562669535220417
25586,LOF,0.01777651609168044,0.06106939709889773,0.9211540868094218
25587,LOF,0.01709781497227919,0.055426738371243685,0.9274754466564771
25588,LOF,0.019869720619880585,0.06507933097919527,0.915050948400924
25589,Neutral,0.4871960241923063,0.19036211369704717,0.3224418621106465
25590,LOF,0.04650220070892614,0.09496867461893539,0.8585291246721385
25591,LOF,0.09715192321944617,0.051379820369567945,0.851468256410986
25592,LOF,0.053482755193715585,0.119582857959595,0.8269343868466894
25593,LOF,0.13148727034789157,0.21972215737736572,0.6487905722747427
25594,LOF,0.045800792333586623,0.11248055010624737,0.8417186575601661
25595,LOF,0.045517782717671325,0.07866556519675233,0.8758166520855764
25596,LOF,0.10262985657065354,0.04518316285311256,0.8521869805762339
25597,LOF,0.07540169590695485,0.057603883516562475,0.8669944205764827
25598,LOF,0.04811833139952679,0.08002878772184557,0.8718528808786276
25599,GOF,0.02015490419883106,0.5144109633267572,0.4654341324744116
25600,GOF,0.1793859146334566,0.5141987621789403,0.306415323187603
25601,LOF,0.04055918664011122,0.4003522194821455,0.5590885938777433
25602,LOF,0.03668232969668804,0.044279889269445864,0.9190377810338661
25603,LOF,0.03577035783121455,0.024977357977303296,0.9392522841914821
25604,LOF,0.03931422172321655,0.0504023720175581,0.9102834062592253
25605,LOF,0.045378938564157624,0.15996819401170423,0.7946528674241381
25606,LOF,0.44078611084071023,0.10079917365954853,0.45841471549974117
25607,LOF,0.025440453445015592,0.14803970786349285,0.8265198386914915
25608,LOF,0.034971770761846724,0.07421579750054957,0.8908124317376037
25609,GOF,0.14658862156367053,0.539207502305988,0.31420387613034145
25610,LOF,0.016336217295451778,0.028892022988588586,0.9547717597159596
25611,LOF,0.015790104915065682,0.03235968497347025,0.9518502101114641
25612,LOF,0.04976434137293567,0.03690494731169261,0.9133307113153717
25613,LOF,0.04586892938212532,0.037865852435174256,0.9162652181827005
25614,LOF,0.02361703297190452,0.02735184232517315,0.9490311247029224
25615,LOF,0.0465400159805083,0.035033410026455124,0.9184265739930367
25616,LOF,0.04732334376448809,0.025997790595165198,0.9266788656403466
25617,LOF,0.04522046135554432,0.03595132502454819,0.9188282136199075
25618,LOF,0.05399898365474448,0.03145914814332982,0.9145418682019257
25619,LOF,0.01580023291472325,0.029256619403407427,0.9549431476818693
25620,LOF,0.06180486766283057,0.03864167357055688,0.8995534587666126
25621,LOF,0.05185554527994201,0.032193174299224574,0.9159512804208334
25622,LOF,0.06483011295404983,0.03169166741088656,0.9034782196350635
25623,LOF,0.07597823796291064,0.026321168595359937,0.8977005934417294
25624,LOF,0.02026264334310481,0.03447553106985884,0.9452618255870364
25625,LOF,0.07241051075334581,0.040583724997255106,0.887005764249399
25626,LOF,0.04970605338352272,0.03600289804718139,0.914291048569296
25627,Neutral,0.8984536265001808,0.021340465347275333,0.08020590815254383
25628,LOF,0.13901644786500789,0.06364054524294112,0.797343006892051
25629,LOF,0.06307237256010406,0.04618163684435217,0.8907459905955438
25630,LOF,0.26792832747469897,0.07947383899252965,0.6525978335327715
25631,Neutral,0.5486825687336705,0.06751383371980654,0.38380359754652293
25632,LOF,0.0301857587527711,0.05739588554680447,0.9124183557004243
25633,LOF,0.21253502433626956,0.034815935973089886,0.7526490396906406
25634,LOF,0.036246489382956014,0.07460671632588417,0.88914679429116
25635,LOF,0.04321261783801276,0.041067391022154384,0.9157199911398328
25636,LOF,0.039357925374697074,0.44858186542961775,0.5120602091956851
25637,GOF,0.06885011607674817,0.47525374677907734,0.45589613714417454
25638,LOF,0.038858887257276875,0.26798930764184664,0.6931518051008765
25639,LOF,0.03295646006271552,0.32249074458636584,0.6445527953509187
25640,Neutral,0.821072407526078,0.13347298522092335,0.04545460725299865
25641,LOF,0.044937569563629244,0.44896595346505064,0.5060964769713202
25642,LOF,0.03683490732111432,0.1507392159597859,0.8124258767190998
25643,LOF,0.19905053509933215,0.1773971286158243,0.6235523362848436
25644,LOF,0.020079921806415005,0.45422126730141477,0.5256988108921702
25645,LOF,0.019164842425833623,0.40613787440955146,0.574697283164615
25646,LOF,0.04981719347852466,0.3216637962711073,0.628519010250368
25647,LOF,0.02063421777653782,0.2572479971929,0.7221177850305621
25648,LOF,0.027161833419324957,0.23846266980627515,0.7343754967744
25649,LOF,0.013955687811331302,0.2293720291532687,0.7566722830354
25650,LOF,0.05235839175104247,0.3937817134397168,0.5538598948092408
25651,LOF,0.01567635860399057,0.26340919144964975,0.7209144499463597
25652,LOF,0.02870653889338068,0.25472844186335836,0.7165650192432609
25653,LOF,0.08282099419695002,0.3717928348976826,0.5453861709053673
25654,LOF,0.022650691763621302,0.1928957093601045,0.7844535988762742
25655,LOF,0.23665504126701586,0.3480471609917129,0.41529779774127124
25656,LOF,0.30614041123104563,0.04054177456739668,0.6533178142015578
25657,LOF,0.07633432523414398,0.05012339686460711,0.8735422779012489
25658,LOF,0.37077561117576996,0.04715834706811194,0.5820660417561181
25659,Neutral,0.5215513693861266,0.07331544213807291,0.4051331884758005
25660,LOF,0.025124374650218016,0.07287151038284996,0.902004114966932
25661,LOF,0.09388048692204987,0.05356568410207865,0.8525538289758714
25662,LOF,0.03281573791685561,0.029676060848826222,0.9375082012343183
25663,LOF,0.04083139946703712,0.04190492855419448,0.9172636719787685
25664,LOF,0.1395153087415382,0.05040214009747102,0.8100825511609908
25665,LOF,0.052695818284778734,0.02853873748635875,0.9187654442288624
25666,LOF,0.09046149580934047,0.06177547617424679,0.8477630280164128
25667,LOF,0.06570922614067583,0.040503451170826335,0.8937873226884978
25668,LOF,0.03608358036011493,0.041109128063360555,0.9228072915765244
25669,LOF,0.034302992783435106,0.048649292800184554,0.9170477144163803
25670,LOF,0.13885094776374363,0.03768532895678972,0.8234637232794667
25671,LOF,0.09362011880861468,0.02855663289395494,0.8778232482974304
25672,LOF,0.0526956609311306,0.03784054519656447,0.9094637938723048
25673,LOF,0.08037735452487718,0.036756489732053435,0.8828661557430694
25674,LOF,0.07135518109507982,0.04482378858279357,0.8838210303221267
25675,LOF,0.11902397502861808,0.04396206339546003,0.8370139615759219
25676,LOF,0.018160826951701896,0.0460982244923019,0.9357409485559962
25677,LOF,0.025633539486163832,0.058637560967552876,0.9157288995462833
25678,LOF,0.1747541473672339,0.05208228949678865,0.7731635631359774
25679,LOF,0.12367034867643215,0.06539952911312932,0.8109301222104385
25680,LOF,0.03042294416372374,0.09691338130592698,0.8726636745303493
25681,LOF,0.04927194246543846,0.09078887245340644,0.8599391850811551
25682,LOF,0.14357162137744148,0.05575143778534926,0.8006769408372093
25683,LOF,0.1250896281173344,0.06724964621591249,0.8076607256667531
25684,LOF,0.04162292015142089,0.05406743323999171,0.9043096466085874
25685,LOF,0.1483909611987006,0.04350292645437139,0.8081061123469281
25686,LOF,0.07705010855823843,0.08836347822832015,0.8345864132134414
25687,LOF,0.12624102745977178,0.07834769166393278,0.7954112808762954
25688,LOF,0.2914723818429211,0.034895190370576305,0.6736324277865026
25689,LOF,0.22767596397485337,0.04465646308892521,0.7276675729362215
25690,LOF,0.35164165662316565,0.03374300600640605,0.6146153373704284
25691,Neutral,0.678413052705428,0.030634808831520702,0.29095213846305135
25692,LOF,0.2892309355552605,0.010715896590892745,0.7000531678538467
25693,GOF,0.04678779303780357,0.4780636445709213,0.47514856239127523
25694,LOF,0.12242033629422149,0.024617461982418525,0.8529622017233601
25695,LOF,0.12385923998044111,0.019992786402883503,0.8561479736166753
25696,LOF,0.1321494752938421,0.011203186413903962,0.8566473382922539
25697,LOF,0.11390031605262443,0.02895964379770079,0.8571400401496747
25698,LOF,0.3255286254508502,0.25660165237279314,0.4178697221763566
25699,LOF,0.4127799131230754,0.04811123059346464,0.53910885628346
25700,LOF,0.0523405351553718,0.011199009847937131,0.936460454996691
25701,LOF,0.15687332045603236,0.06106012372291306,0.7820665558210546
25702,GOF,0.18834935888627816,0.5370857150700109,0.27456492604371097
25703,LOF,0.01649125686124442,0.15377252294701274,0.8297362201917428
25704,LOF,0.0497868737115489,0.11314900870600247,0.8370641175824486
25705,LOF,0.05644212194749134,0.17789821680097517,0.7656596612515335
25706,LOF,0.09231648176746253,0.33802326905235064,0.5696602491801869
25707,LOF,0.09520791042091084,0.2727176778949372,0.632074411684152
25708,LOF,0.02797029958732329,0.25900950001282697,0.7130202003998497
25709,LOF,0.05969803482885625,0.040126780968772355,0.9001751842023714
25710,LOF,0.01161416673940135,0.12804876318098207,0.8603370700796165
25711,LOF,0.01926006375759935,0.090573916051616,0.8901660201907846
25712,LOF,0.013645780935044134,0.1733110430041394,0.8130431760608164
25713,LOF,0.018217271931768125,0.07723591751335848,0.9045468105548733
25714,LOF,0.07442573557640932,0.07759174755871984,0.8479825168648709
25715,LOF,0.01037315964211079,0.13634954535256677,0.8532772950053225
25716,LOF,0.014735419693729887,0.10313885535736277,0.8821257249489074
25717,LOF,0.012792112690132711,0.07678757171108835,0.910420315598779
25718,LOF,0.011862685574776514,0.09375681713460526,0.8943804972906183
25719,LOF,0.017730619898957956,0.07866813306767512,0.9036012470333669
25720,LOF,0.02136143354813783,0.0658662010915598,0.9127723653603024
25721,LOF,0.015394962889136278,0.0990895120643367,0.8855155250465271
25722,LOF,0.012760398317184927,0.11260127929898578,0.8746383223838292
25723,LOF,0.021736120679090077,0.045044912057491275,0.9332189672634186
25724,LOF,0.023344914901118684,0.08268214096550151,0.8939729441333799
25725,LOF,0.011720549198484415,0.06794988708984308,0.9203295637116726
25726,LOF,0.014153541158152668,0.09784114644454042,0.888005312397307
25727,LOF,0.012642939360827967,0.0786468318804157,0.9087102287587563
25728,LOF,0.009786707140151356,0.10295996303668718,0.8872533298231614
25729,LOF,0.010148281617916683,0.10287937695650268,0.8869723414255807
25730,LOF,0.01358843517508278,0.0770160244032796,0.9093955404216376
25731,LOF,0.022087020660340923,0.11464300550318673,0.8632699738364724
25732,LOF,0.014911712912325181,0.08278618265740867,0.9023021044302663
25733,LOF,0.01593636021331106,0.07453431254534537,0.9095293272413436
25734,LOF,0.013548133172630233,0.1284742664916969,0.8579776003356729
25735,LOF,0.013543720730249141,0.07460935621571253,0.9118469230540382
25736,LOF,0.013568581394621353,0.10536520375592108,0.8810662148494576
25737,LOF,0.019592421279651745,0.08118005642456645,0.8992275222957818
25738,LOF,0.013206400279214424,0.11517949593961735,0.8716141037811682
25739,LOF,0.020537239008340487,0.07910397504675946,0.9003587859449002
25740,LOF,0.026129499753134278,0.09890887655948276,0.8749616236873831
25741,LOF,0.015016020144086453,0.10323532576413497,0.8817486540917785
25742,LOF,0.12186467517580922,0.07775201770220815,0.8003833071219827
25743,LOF,0.03770196514107455,0.03325528162790364,0.9290427532310217
25744,Neutral,0.5606879243916576,0.21390681748630902,0.22540525812203333
25745,LOF,0.08600193938649286,0.06955381527773107,0.8444442453357761
25746,LOF,0.040307575261257785,0.07574436114526681,0.8839480635934753
25747,LOF,0.023537648113613262,0.03991485925898643,0.9365474926274003
25748,LOF,0.10154211099686919,0.05422718805428259,0.8442307009488482
25749,LOF,0.026966810945863562,0.0752024824564513,0.8978307065976852
25750,LOF,0.08066133433785577,0.07961120174982345,0.8397274639123209
25751,LOF,0.09321087907410307,0.05725671130229177,0.8495324096236051
25752,GOF,0.09878076891426146,0.6959280474731485,0.20529118361258994
25753,LOF,0.020160491091354954,0.28307145799419764,0.6967680509144475
25754,GOF,0.01023118391426568,0.7679031839720711,0.22186563211366317
25755,LOF,0.02342230419878487,0.37964576500772806,0.5969319307934872
25756,LOF,0.0385636895360484,0.38374471286408796,0.5776915975998638
25757,GOF,0.013663752539836337,0.821064560329268,0.16527168713089554
25758,GOF,0.026523132544828555,0.8344439689623075,0.13903289849286402
25759,GOF,0.011426910969528534,0.5229087933573192,0.4656642956731524
25760,LOF,0.013287587801570102,0.24370028796931714,0.7430121242291128
25761,GOF,0.2823656845101514,0.6247856551749381,0.09284866031491044
25762,LOF,0.03663171408580171,0.2630693655589777,0.7002989203552206
25763,LOF,0.013455820766460154,0.20258252377689712,0.7839616554566426
25764,GOF,0.06856939329735588,0.6319955688461628,0.2994350378564813
25765,GOF,0.044495710525791585,0.7537735699233645,0.20173071955084398
25766,GOF,0.05635205396108283,0.7879177470065795,0.1557301990323378
25767,GOF,0.16750957843870587,0.4250553030878534,0.40743511847344066
25768,LOF,0.08936981461898809,0.06731145157914235,0.8433187338018695
25769,LOF,0.06242533802752416,0.060059238565524226,0.8775154234069515
25770,LOF,0.27849634912183274,0.07380119402529249,0.6477024568528748
25771,LOF,0.04054344840908687,0.04362607235475125,0.9158304792361619
25772,LOF,0.01643168176446164,0.031019228376373928,0.9525490898591643
25773,LOF,0.045620333655116856,0.07207879691774978,0.8823008694271334
25774,LOF,0.027996272528002755,0.06705411263917561,0.9049496148328217
25775,LOF,0.04863940798614435,0.044317850171258236,0.9070427418425974
25776,LOF,0.0680661740257735,0.02433219957210043,0.907601626402126
25777,LOF,0.32566754058610103,0.04484165316438373,0.6294908062495153
25778,LOF,0.05966741831391869,0.04824749566283735,0.892085086023244
25779,GOF,0.3679011913873524,0.5813634887705764,0.05073531984207115
25780,GOF,0.3076636692016766,0.6220561935114517,0.07028013728687174
25781,GOF,0.14149230458107917,0.7504916894260512,0.10801600599286965
25782,GOF,0.19764429373988016,0.725179205310529,0.07717650094959075
25783,GOF,0.031023150484550416,0.6375540999307321,0.3314227495847174
25784,Neutral,0.48401426187276786,0.4713216105798441,0.044664127547388084
25785,GOF,0.40198160916171694,0.5569776066114256,0.04104078422685751
25786,GOF,0.026015314078258453,0.749723587950042,0.22426109797169952
25787,Neutral,0.6572056054600413,0.3171304631178125,0.025663931422146253
25788,LOF,0.04851053190517448,0.0994007972962708,0.8520886707985548
25789,GOF,0.20375218874498505,0.6374258753419536,0.15882193591306135
25790,GOF,0.20468070803535535,0.6883041695901713,0.10701512237447337
25791,GOF,0.14188150902339844,0.677046183366752,0.18107230760984963
25792,GOF,0.3118076752113182,0.5515913539533936,0.13660097083528808
25793,GOF,0.26255849617829863,0.5381851528713957,0.19925635095030575
25794,GOF,0.3223509183831351,0.5101200159183378,0.16752906569852702
25795,GOF,0.07790065841279145,0.6847182064719665,0.23738113511524198
25796,Neutral,0.5456761855349254,0.3674406563674779,0.08688315809759665
25797,GOF,0.09523362715238312,0.5379615520605728,0.3668048207870442
25798,LOF,0.00913109237590708,0.4858693172412696,0.5049995903828233
25799,LOF,0.0067807001395435405,0.3756319283324326,0.6175873715280238
25800,GOF,0.03458707389466746,0.5649334295034102,0.40047949660192234
25801,GOF,0.17867137586574683,0.6910521422094625,0.13027648192479066
25802,GOF,0.08222787622328741,0.6755614959510552,0.2422106278256574
25803,GOF,0.0352640757760043,0.5681840592914995,0.3965518649324962
25804,LOF,0.03321762902569892,0.47159887207198325,0.49518349890231783
25805,GOF,0.09889207547698554,0.5744473263850577,0.3266605981379568
25806,GOF,0.09588105309660913,0.5656428758327714,0.3384760710706195
25807,GOF,0.02177081669593174,0.6125398028931004,0.36568938041096793
25808,GOF,0.0791716511998647,0.6096463719006031,0.31118197689953214
25809,GOF,0.018276731888970436,0.5484571964787571,0.43326607163227254
25810,GOF,0.016965522356363994,0.5901117672102837,0.39292271043335236
25811,GOF,0.44175263231881007,0.4755149058373054,0.08273246184388457
25812,GOF,0.028592308902737618,0.6097542015482819,0.3616534895489804
25813,Neutral,0.5341854791756536,0.3613714058480769,0.10444311497626942
25814,GOF,0.11269264768912123,0.6362638266264837,0.2510435256843951
25815,GOF,0.20881460923442824,0.6010279918168882,0.19015739894868353
25816,GOF,0.023952532330994307,0.6905143257601947,0.285533141908811
25817,GOF,0.2548040942978103,0.6018655591139194,0.14333034658827032
25818,GOF,0.05039676859661868,0.6369098266389183,0.31269340476446306
25819,GOF,0.3538555032787266,0.49956452470968965,0.1465799720115838
25820,GOF,0.19644579728418543,0.5824264892200695,0.22112771349574514
25821,GOF,0.06252701034266461,0.6473767484820591,0.2900962411752764
25822,GOF,0.22822368565615003,0.5530213103911548,0.21875500395269523
25823,GOF,0.03503490667110941,0.5212116382397257,0.44375345508916497
25824,GOF,0.09451103174221354,0.5840132080917834,0.32147576016600315
25825,GOF,0.03964583461738329,0.584261253066039,0.37609291231657765
25826,GOF,0.016780407979932802,0.5678981266199259,0.41532146540014125
25827,GOF,0.024434549728316914,0.590192541458028,0.38537290881365505
25828,GOF,0.014474999436843853,0.512735035933532,0.47278996462962425
25829,GOF,0.005782601561871445,0.5526301855308864,0.44158721290724207
25830,LOF,0.0342509741142266,0.27639786014784296,0.6893511657379304
25831,GOF,0.2365021329340059,0.6412696031064993,0.12222826395949479
25832,GOF,0.03117592135369135,0.6968225309058308,0.2720015477404778
25833,GOF,0.11510280098594322,0.7189003196703228,0.16599687934373403
25834,GOF,0.03076318674130585,0.7217036404984586,0.2475331727602357
25835,GOF,0.05831092145598805,0.7571093057035957,0.1845797728404164
25836,GOF,0.03039541292990924,0.6922598481840732,0.27734473888601757
25837,GOF,0.02588426050674806,0.612083316160097,0.3620324233331548
25838,GOF,0.08694528492732638,0.7678280087928276,0.1452267062798459
25839,GOF,0.29156458415089903,0.5550166508768705,0.15341876497223042
25840,GOF,0.2563298377019789,0.591077501987905,0.15259266031011604
25841,GOF,0.24787146125737372,0.6081495925572776,0.1439789461853487
25842,GOF,0.1382134885168296,0.7200637486803086,0.14172276280286183
25843,GOF,0.19598577111137078,0.7020054770844255,0.10200875180420374
25844,GOF,0.06235887564504866,0.7358983243435437,0.20174280001140762
25845,GOF,0.015262523033736267,0.5197427292569688,0.464994747709295
25846,GOF,0.12546546497075892,0.7377581282148853,0.1367764068143557
25847,GOF,0.08448202638665936,0.804312898495173,0.11120507511816778
25848,GOF,0.03313419431302244,0.7047506754696257,0.26211513021735183
25849,GOF,0.009535214776362396,0.6070287165949732,0.3834360686286644
25850,GOF,0.01870856576407349,0.649520186519961,0.3317712477159655
25851,GOF,0.014697809486589665,0.5383315675387642,0.44697062297464607
25852,GOF,0.15889270349387088,0.5455620274219443,0.2955452690841848
25853,GOF,0.354094786624198,0.5655962896620337,0.08030892371376834
25854,GOF,0.021390602882824298,0.6112210188184689,0.36738837829870674
25855,GOF,0.030537177731475542,0.54580935842281,0.4236534638457145
25856,GOF,0.21827032371358268,0.5493857150118183,0.23234396127459905
25857,GOF,0.034858505245180096,0.4965445049262658,0.46859698982855424
25858,GOF,0.01970605136158806,0.5059873554475912,0.47430659319082064
25859,LOF,0.010226547667811189,0.48248841139395404,0.5072850409382348
25860,GOF,0.3725831188422175,0.5446928662301997,0.0827240149275827
25861,GOF,0.40998521429567103,0.5175603644612751,0.07245442124305378
25862,GOF,0.07538186101184205,0.7766519936458502,0.14796614534230784
25863,GOF,0.07705211374125476,0.782361358848473,0.14058652741027214
25864,GOF,0.1801676816021302,0.7466705652176308,0.07316175318023911
25865,GOF,0.08021160256672796,0.8047590905313943,0.11502930690187785
25866,GOF,0.05273003740911228,0.7831045442179989,0.1641654183728889
25867,GOF,0.08012094098608519,0.8089250668342917,0.11095399217962319
25868,GOF,0.2509887645735827,0.6338155701781345,0.11519566524828284
25869,Neutral,0.7201476274909792,0.22874108019828174,0.051111292310739104
25870,GOF,0.26642069142035735,0.3893100228138829,0.3442692857657598
25871,GOF,0.20661930866907077,0.6578755259993101,0.13550516533161913
25872,GOF,0.08069016917037979,0.6430643381304568,0.2762454926991633
25873,GOF,0.11090512479576796,0.6771520407355447,0.21194283446868742
25874,LOF,0.014047891889932105,0.11287156873722388,0.8730805393728441
25875,LOF,0.09552597988160887,0.042746524596448586,0.8617274955219425
25876,LOF,0.03822263363083879,0.028725410848430243,0.933051955520731
25877,Neutral,0.5076643998516446,0.03789731209064741,0.4544382880577081
25878,LOF,0.23925288323778043,0.08311684714093025,0.6776302696212892
25879,LOF,0.08555628350458185,0.0833247700733121,0.831118946422106
25880,LOF,0.040624815566118626,0.01367861787380138,0.94569656656008
25881,LOF,0.1563180597086042,0.12060980751466871,0.7230721327767271
25882,LOF,0.06316420862454805,0.01650357064575402,0.9203322207296979
25883,LOF,0.06258041427140353,0.0209929051650076,0.9164266805635888
25884,LOF,0.03089170129637682,0.03189478060048442,0.9372135181031388
25885,LOF,0.05900524009341297,0.012067954911363612,0.9289268049952235
25886,LOF,0.2558332733680127,0.04057541396939042,0.7035913126625969
25887,LOF,0.14120646550785013,0.06994490946962367,0.7888486250225263
25888,LOF,0.06068766420182634,0.06153781456016022,0.8777745212380135
25889,LOF,0.03812302764500879,0.021069054422089218,0.9408079179329021
25890,LOF,0.049149424797195786,0.14757209503648944,0.8032784801663148
25891,LOF,0.03878536287081299,0.05279817752833737,0.9084164596008497
25892,LOF,0.08205707463525272,0.0249864778857846,0.8929564474789626
25893,LOF,0.24127359886800825,0.021738151255957933,0.7369882498760338
25894,LOF,0.17573844484523904,0.012501264012683219,0.8117602911420778
25895,LOF,0.18529879316475822,0.026511425256053708,0.7881897815791881
25896,LOF,0.04909012320463911,0.02452622945067404,0.9263836473446868
25897,LOF,0.27036785672607194,0.015516753680871633,0.7141153895930563
25898,Neutral,0.706342114831364,0.011147820891464684,0.28251006427717135
25899,LOF,0.21251340634845112,0.022845511029455822,0.7646410826220931
25900,LOF,0.47791332951577764,0.012749408874599471,0.5093372616096229
25901,LOF,0.0486461315716729,0.012408092708522462,0.9389457757198046
25902,LOF,0.1557049846398468,0.015219062116843715,0.8290759532433095
25903,Neutral,0.5938714804517753,0.032341166895436466,0.37378735265278823
25904,LOF,0.31727367591914374,0.04693606076505606,0.6357902633158002
25905,LOF,0.026730257500459695,0.31883112126347757,0.6544386212360627
25906,LOF,0.032056120893286695,0.09659869157115147,0.8713451875355618
25907,LOF,0.014175312051456303,0.3254869534134024,0.6603377345351412
25908,LOF,0.009616254959221518,0.2528901086014776,0.7374936364393009
25909,LOF,0.01210198322622599,0.1324239046187334,0.8554741121550407
25910,LOF,0.05092231891585929,0.13242661301029168,0.8166510680738491
25911,LOF,0.1731244597738216,0.02649421084562002,0.8003813293805585
25912,LOF,0.05013770578121456,0.04805365063208552,0.9018086435866999
25913,LOF,0.3473904170186062,0.019687661578226337,0.6329219214031675
25914,LOF,0.022294381674160882,0.04989114587930326,0.9278144724465359
25915,Neutral,0.5794185203049598,0.1337844835235859,0.28679699617145427
25916,LOF,0.08358915783897347,0.18820947184606698,0.7282013703149595
25917,LOF,0.06632686333913874,0.03711281329569456,0.8965603233651666
25918,LOF,0.02377019673310766,0.030546438519942837,0.9456833647469496
25919,LOF,0.019973613062053495,0.03473518960889404,0.9452911973290524
25920,GOF,0.11097244024368666,0.483346798273206,0.4056807614831074
25921,LOF,0.026028521450507842,0.03700813872704686,0.9369633398224453
25922,LOF,0.035412580897347216,0.028125618440711778,0.9364618006619411
25923,LOF,0.4732440290836219,0.03924252670645991,0.4875134442099182
25924,LOF,0.036893351587018675,0.044501391081296526,0.9186052573316847
25925,LOF,0.07180877615864278,0.04134223195482715,0.8868489918865302
25926,LOF,0.05125862556580864,0.03669728623183197,0.9120440882023594
25927,LOF,0.06010962822946251,0.1568862793612922,0.7830040924092453
25928,LOF,0.018500855538400265,0.05633700777454256,0.9251621366870572
25929,Neutral,0.5970368590857902,0.04134581766387085,0.361617323250339
25930,LOF,0.06890083411006022,0.03476395963544552,0.8963352062544943
25931,LOF,0.02479183020719137,0.03746482734465355,0.9377433424481549
25932,LOF,0.029162321447128856,0.029816374484761904,0.9410213040681094
25933,LOF,0.039790137062521186,0.019218733531055795,0.9409911294064229
25934,LOF,0.025362958362898213,0.021121577871590417,0.9535154637655113
25935,LOF,0.06344806119421567,0.053101021241277066,0.8834509175645072
25936,LOF,0.04260082577855597,0.027027095955297196,0.9303720782661469
25937,LOF,0.02821974869490254,0.03758481478707176,0.9341954365180257
25938,LOF,0.06617975380091794,0.05190356146284211,0.88191668473624
25939,LOF,0.04473945356183873,0.021721342018916304,0.9335392044192451
25940,LOF,0.0396565959722357,0.33913872337347556,0.6212046806542887
25941,LOF,0.1791383092092492,0.08715125920073838,0.7337104315900125
25942,LOF,0.012723705827542772,0.03326548429046348,0.9540108098819937
25943,LOF,0.3088325416221448,0.05996680414196285,0.6312006542358922
25944,Neutral,0.49553682508600055,0.021818934578513,0.4826442403354864
25945,LOF,0.07086433458087715,0.02054649906265047,0.9085891663564725
25946,LOF,0.0328690945745146,0.10420686377285453,0.8629240416526308
25947,LOF,0.12606401663027952,0.1679712350307048,0.7059647483390157
25948,LOF,0.3710801607834073,0.008287286765811697,0.620632552450781
25949,LOF,0.11355000614393033,0.03805475263671752,0.8483952412193522
25950,LOF,0.32801033181566286,0.3333926715598252,0.338596996624512
25951,LOF,0.1894891122748599,0.28186245977341956,0.5286484279517206
25952,LOF,0.04705407944323215,0.4629560156749152,0.4899899048818527
25953,LOF,0.1418292614005451,0.10904178324547632,0.7491289553539786
25954,Neutral,0.4416321606762385,0.18106059244428943,0.37730724687947215
25955,LOF,0.0637238822612826,0.08293235042873864,0.8533437673099787
25956,LOF,0.15280195301026187,0.12128352725018482,0.7259145197395533
25957,LOF,0.03733314629826806,0.03428971705816832,0.9283771366435636
25958,LOF,0.05393246079193582,0.02650415826928799,0.9195633809387762
25959,LOF,0.07634481386656256,0.3164186480689232,0.6072365380645142
25960,LOF,0.014536444260148544,0.04938997976174297,0.9360735759781085
25961,LOF,0.04093237280598146,0.025711886144962615,0.9333557410490559
25962,LOF,0.05669539751281017,0.030240666445093583,0.9130639360420963
25963,LOF,0.04257530385682655,0.20861177560963343,0.74881292053354
25964,LOF,0.0313748552241943,0.14779889964736706,0.8208262451284386
25965,LOF,0.4442077573766802,0.0617210962308677,0.4940711463924521
25966,Neutral,0.5184411654667332,0.1784965443111536,0.3030622902221132
25967,LOF,0.017105367601434385,0.10722273590838985,0.8756718964901758
25968,LOF,0.03771900493029887,0.36203560629653825,0.6002453887731629
25969,LOF,0.03436715882903372,0.06108546089400301,0.9045473802769632
25970,LOF,0.053823784957626776,0.05572590036154331,0.89045031468083
25971,LOF,0.061609049193085366,0.02188930358834954,0.9165016472185651
25972,LOF,0.06322740761130387,0.03202037397978156,0.9047522184089145
25973,LOF,0.0747673286375051,0.01054375043721178,0.9146889209252831
25974,LOF,0.1842697754390445,0.014587888568420184,0.8011423359925354
25975,LOF,0.043475957700751904,0.027005962207334658,0.9295180800919134
25976,LOF,0.04284178416207192,0.01703007726401772,0.9401281385739104
25977,LOF,0.1535335428454907,0.07859772618636024,0.7678687309681491
25978,LOF,0.15131816227104442,0.1022410890583981,0.7464407486705574
25979,LOF,0.1361366776237288,0.1009523424498328,0.7629109799264384
25980,LOF,0.2245382759153985,0.1284206101709491,0.6470411139136524
25981,LOF,0.25755250978809785,0.12613228648661876,0.6163152037252835
25982,LOF,0.41489768441414016,0.08045361986347913,0.5046486957223808
25983,LOF,0.382608417815101,0.08877453024561666,0.5286170519392822
25984,LOF,0.04478124739538933,0.04956467287328295,0.9056540797313277
25985,LOF,0.03741678996495561,0.28891181067654864,0.6736713993584957
25986,LOF,0.04621797729068419,0.321906039161621,0.6318759835476948
25987,LOF,0.08591213858997199,0.0672304001140942,0.8468574612959338
25988,LOF,0.15232418523684044,0.06120860898225484,0.7864672057809048
25989,LOF,0.03432908272010485,0.11097989686993089,0.8546910204099643
25990,LOF,0.040422190516333084,0.16700336863188583,0.792574440851781
25991,LOF,0.13577619947103195,0.24401471133184144,0.6202090891971266
25992,LOF,0.3099492866975645,0.15214304900161188,0.5379076643008237
25993,LOF,0.022122046515942007,0.08746518275676739,0.8904127707272905
25994,LOF,0.01840541945840242,0.0841241774533947,0.8974704030882028
25995,LOF,0.024232973055068156,0.17790185138586942,0.7978651755590624
25996,GOF,0.30878644170280684,0.40946805836411737,0.2817454999330759
25997,LOF,0.08500400921834736,0.39780507670449583,0.5171909140771568
25998,Neutral,0.5157291862547427,0.023452221922552835,0.4608185918227044
25999,LOF,0.09369688778297594,0.09326950351593116,0.8130336087010929
26000,LOF,0.13457163095471703,0.045997958355993095,0.8194304106892898
26001,LOF,0.2018335681302754,0.048917971820185306,0.7492484600495393
26002,LOF,0.11008588661488823,0.04115767027706512,0.8487564431080467
26003,GOF,0.010226364203789253,0.5763770440428332,0.4133965917533775
26004,GOF,0.01981668654427781,0.6638732331999683,0.316310080255754
26005,LOF,0.006476955141765515,0.4508961111471513,0.5426269337110832
26006,Neutral,0.5117630464155345,0.2640210276061342,0.22421592597833118
26007,GOF,0.02068511618120719,0.5083138003252283,0.4710010834935645
26008,GOF,0.018024716337645016,0.6016643880108038,0.38031089565155124
26009,GOF,0.019745449653569377,0.6832203148304484,0.2970342355159821
26010,GOF,0.022000443129811455,0.6134185456531088,0.3645810112170797
26011,LOF,0.00641862983711942,0.4180755141490509,0.5755058560138298
26012,GOF,0.01237846821263372,0.5467316829295789,0.4408898488577875
26013,GOF,0.018769746448125048,0.6090149644172703,0.3722152891346048
26014,LOF,0.04309942478942995,0.11948670091256754,0.8374138742980025
26015,LOF,0.15600058507030312,0.015571419931672903,0.828427994998024
26016,LOF,0.18683713972555518,0.061452053961536246,0.7517108063129085
26017,LOF,0.2186643273754462,0.10039829499264559,0.6809373776319082
26018,LOF,0.07238438053289768,0.04144232008642706,0.8861732993806752
26019,LOF,0.06836661324424687,0.03326233398567628,0.8983710527700768
26020,LOF,0.06447488452970945,0.11280995511845245,0.822715160351838
26021,LOF,0.04230182154480835,0.11483115689728242,0.8428670215579093
26022,LOF,0.011048736963875263,0.042094061655348444,0.9468572013807763
26023,LOF,0.06141146911572315,0.02600199023322055,0.9125865406510564
26024,LOF,0.029462439049359086,0.12361752970090122,0.8469200312497397
26025,LOF,0.14279759105885134,0.09539626094628442,0.7618061479948642
26026,LOF,0.33199195998034964,0.03252612620624787,0.6354819138134026
26027,LOF,0.05567827639105571,0.019937782480158886,0.9243839411287854
26028,LOF,0.16712503146773175,0.06124288283835558,0.7716320856939126
26029,LOF,0.07057735225912638,0.13553643014088895,0.7938862175999847
26030,LOF,0.021611114408035727,0.03390995542246435,0.9444789301695
26031,LOF,0.026036079893531936,0.09860002870786137,0.8753638913986067
26032,LOF,0.06440516466757036,0.05147083567354823,0.8841239996588813
26033,LOF,0.0849600240564147,0.04985046947432508,0.8651895064692602
26034,LOF,0.04350802794295929,0.11818764748541731,0.8383043245716234
26035,LOF,0.025210604284830886,0.11434556215004686,0.8604438335651222
26036,LOF,0.037424000825209386,0.13164738906586262,0.8309286101089279
26037,LOF,0.02116501046149117,0.08929400031046897,0.8895409892280399
26038,LOF,0.06135588365847304,0.05259983070270506,0.886044285638822
26039,LOF,0.051004065862042584,0.11057329115231124,0.8384226429856462
26040,LOF,0.19813331760998146,0.09292171103594411,0.7089449713540745
26041,LOF,0.022145826733836662,0.08333720512326812,0.8945169681428952
26042,LOF,0.020289340185337994,0.08008409623253987,0.8996265635821221
26043,LOF,0.06176315395108633,0.06075875451495883,0.8774780915339547
26044,LOF,0.01897974319357925,0.04263657860005003,0.9383836782063707
26045,LOF,0.07636331184594465,0.07364968480019586,0.8499870033538595
26046,LOF,0.05750160200953294,0.049543903880661995,0.8929544941098051
26047,LOF,0.07815338089177827,0.05156349525969859,0.8702831238485231
26048,LOF,0.04291500602246989,0.029287104877376326,0.9277978891001538
26049,Neutral,0.9685112031502414,0.00488040878197043,0.02660838806778806
26050,Neutral,0.9530832014245374,0.006111178031402521,0.04080562054406016
26051,LOF,0.04912332973634364,0.24974698172556276,0.7011296885380935
26052,LOF,0.06201055780485245,0.2944589328423716,0.643530509352776
26053,LOF,0.06247900754762042,0.1546146755953496,0.78290631685703
26054,LOF,0.04853124558684014,0.018265179440023264,0.9332035749731366
26055,LOF,0.06432209010767051,0.01625963487395311,0.9194182750183764
26056,LOF,0.055530389923682304,0.018824704338141606,0.925644905738176
26057,LOF,0.02893058556211454,0.012296704231707282,0.9587727102061782
26058,LOF,0.029452815465053662,0.009942384042910434,0.960604800492036
26059,LOF,0.26565687590955284,0.020643428087264274,0.7136996960031828
26060,LOF,0.040392094797320796,0.1651565678579162,0.794451337344763
26061,LOF,0.016588909325289617,0.011995266723837892,0.9714158239508726
26062,LOF,0.010459792094084538,0.018131222116113354,0.9714089857898021
26063,LOF,0.01985944016976444,0.01067556331388964,0.9694649965163459
26064,LOF,0.02079692456561159,0.025555698755260394,0.953647376679128
26065,LOF,0.02549586568670994,0.01104728975449057,0.9634568445587995
26066,LOF,0.020443468525695195,0.011143481941356073,0.9684130495329487
26067,LOF,0.026193883121958233,0.00854089261364661,0.9652652242643951
26068,LOF,0.04520655392606395,0.030171655046947663,0.9246217910269885
26069,LOF,0.24406894784679223,0.01952001706312627,0.7364110350900815
26070,LOF,0.39375917033742164,0.016013792971758752,0.5902270366908196
26071,LOF,0.01959201034606331,0.011594757745337695,0.968813231908599
26072,LOF,0.017866780084436353,0.021905551906818147,0.9602276680087454
26073,LOF,0.019391600916649984,0.014140891514052978,0.9664675075692969
26074,Neutral,0.9082842363953352,0.005659412221479107,0.08605635138318567
26075,LOF,0.045937374250518186,0.01504471473780916,0.9390179110116726
26076,LOF,0.03513713798463122,0.008689914995483036,0.9561729470198856
26077,LOF,0.009721020271930876,0.013969137290306938,0.9763098424377622
26078,LOF,0.014519158437659177,0.012215351878334722,0.9732654896840062
26079,LOF,0.06500115149855955,0.017370315677756928,0.9176285328236835
26080,LOF,0.06402809133241462,0.017412589340780694,0.9185593193268048
26081,LOF,0.034440137436276434,0.006621821978436462,0.9589380405852871
26082,LOF,0.012074263049896864,0.014773123527860267,0.9731526134222428
26083,LOF,0.18248892269367453,0.014446446086434491,0.8030646312198909
26084,LOF,0.04225989886896266,0.011953997859269032,0.9457861032717682
26085,LOF,0.03727723039175094,0.011425375027018975,0.9512973945812301
26086,LOF,0.019810883800384118,0.011771293595853969,0.968417822603762
26087,LOF,0.021990972662614912,0.00871821079816102,0.9692908165392241
26088,LOF,0.016232096707716838,0.025663821844369144,0.958104081447914
26089,LOF,0.041204798512208776,0.022941970019945752,0.9358532314678454
26090,LOF,0.04113071381455476,0.018752654680492156,0.9401166315049531
26091,LOF,0.03313044623908162,0.006373024166231333,0.960496529594687
26092,LOF,0.021860801820907525,0.008103313665847538,0.970035884513245
26093,LOF,0.031239464126406307,0.0060652936215053604,0.9626952422520882
26094,LOF,0.032771300709160074,0.006211095307383154,0.9610176039834567
26095,LOF,0.03769711349482534,0.014689669808510417,0.9476132166966642
26096,LOF,0.01695377838130294,0.01212062342641009,0.9709255981922869
26097,LOF,0.011540476987967127,0.04214942930962779,0.946310093702405
26098,LOF,0.07918501636741337,0.01290902675667175,0.9079059568759148
26099,LOF,0.019994776629390597,0.012250059200047961,0.9677551641705614
26100,LOF,0.02177995263899507,0.011770512047892374,0.9664495353131126
26101,LOF,0.04601351606762935,0.016956269564818206,0.9370302143675525
26102,LOF,0.019549933369392675,0.013941243461528785,0.9665088231690786
26103,Neutral,0.8738285860437239,0.019000232950548524,0.10717118100572756
26104,LOF,0.08090923467769177,0.023829390323583027,0.8952613749987253
26105,LOF,0.2128791583171098,0.2728282692857667,0.5142925723971234
26106,LOF,0.15330188356867203,0.13775145708842718,0.7089466593429008
26107,LOF,0.24046209620875864,0.0802008054254085,0.6793370983658328
26108,LOF,0.22710245872924933,0.09639992888911514,0.6764976123816356
26109,LOF,0.07907664809725494,0.05714802419198534,0.8637753277107597
26110,LOF,0.22975127568777823,0.006637164072210325,0.7636115602400114
26111,Neutral,0.5136035243461443,0.023202205720657315,0.4631942699331983
26112,LOF,0.033516264567468326,0.006875344003383531,0.9596083914291482
26113,LOF,0.061593877074619434,0.015823453592652404,0.9225826693327283
26114,LOF,0.023742234973655806,0.029217521089112918,0.9470402439372312
26115,LOF,0.08365697351477924,0.05199980063789621,0.8643432258473246
26116,LOF,0.05822851110929957,0.06026691132934789,0.8815045775613527
26117,LOF,0.44338493609093155,0.043413084584865196,0.5132019793242032
26118,LOF,0.03427669412396662,0.025279638959645745,0.9404436669163877
26119,LOF,0.024742682769548947,0.03163733015593932,0.9436199870745117
26120,LOF,0.023542531081150512,0.01917388111450612,0.9572835878043434
26121,LOF,0.041270696513197765,0.08424735778224857,0.8744819457045536
