feature0,prediction,LoGoFunc_Neutral,LoGoFunc_GOF,LoGoFunc_LOF
25546,Neutral,0.6041544766486313,0.05052681489592751,0.34531870845544116
25547,Neutral,0.4867941767863172,0.07414739994073881,0.43905842327294403
25548,Neutral,0.5061981332148976,0.06967315324790703,0.4241287135371953
25549,LOF,0.4401518998063572,0.06980542392019506,0.4900426762734479
25550,LOF,0.38737020804107214,0.08442869707566929,0.5282010948832586
25551,LOF,0.34097882864576695,0.08589248423238409,0.5731286871218491
25552,LOF,0.2962528342190024,0.09714545968221756,0.6066017060987801
25553,Neutral,0.7922853202127061,0.044504099425526134,0.16321058036176786
25554,LOF,0.3227728868225298,0.08437081080317231,0.5928563023742978
25555,LOF,0.2708390894365059,0.0870176681591646,0.6421432424043294
25556,LOF,0.45469566068961603,0.07903086879923577,0.4662734705111482
25557,LOF,0.25619133547302203,0.08439808981587721,0.6594105747111009
25558,LOF,0.3138801322615006,0.08127953571217551,0.6048403320263239
25559,LOF,0.2782495974402036,0.0436478434911708,0.6781025590686256
25560,LOF,0.11049768071082064,0.1093653422597357,0.7801369770294436
25561,LOF,0.09523339250675115,0.18051422948627588,0.724252378006973
25562,LOF,0.040205120027350306,0.08326111806830544,0.8765337619043443
25563,LOF,0.008522233245614054,0.18479755128005618,0.8066802154743298
25564,LOF,0.07205512842016652,0.0918878957342389,0.8360569758455947
25565,LOF,0.19867824911191928,0.130606989665518,0.6707147612225627
25566,GOF,0.07860158184166663,0.7961540975303051,0.1252443206280283
25567,LOF,0.05262472544155778,0.18353378200700804,0.7638414925514342
25568,LOF,0.06367839399387405,0.11444179191358676,0.8218798140925392
25569,LOF,0.06686545889766884,0.10475145384680691,0.8283830872555243
25570,LOF,0.028400192576909088,0.14249790186125638,0.8291019055618345
25571,LOF,0.027866292932348685,0.15022557634265693,0.8219081307249944
25572,LOF,0.06092986238030429,0.21808040050971933,0.7209897371099764
25573,LOF,0.07972791803995792,0.153590221116718,0.7666818608433241
25574,LOF,0.09471442337669915,0.27842332517708435,0.6268622514462165
25575,LOF,0.027081028270207873,0.16010730583318758,0.8128116658966045
25576,LOF,0.030308445446148594,0.26695278256582455,0.7027387719880268
25577,LOF,0.033664023973902474,0.20172608029397926,0.7646098957321182
25578,LOF,0.279031784503112,0.10396997689224466,0.6169982386046433
25579,LOF,0.1872551529129852,0.10714744824856899,0.7055973988384459
25580,LOF,0.025855525625167856,0.0970636233459491,0.877080851028883
25581,LOF,0.04304417630139095,0.12672155022244333,0.8302342734761657
25582,LOF,0.04265952765159368,0.1234615487458108,0.8338789236025955
25583,LOF,0.034394493640748064,0.1072704251983471,0.8583350811609047
25584,Neutral,0.6993544393174485,0.14828633701911625,0.15235922366343538
25585,LOF,0.03021318834686066,0.20714090738016142,0.7626459042729781
25586,LOF,0.024820882265250987,0.11959263594362228,0.8555864817911266
25587,LOF,0.023788771477642585,0.12061490584983181,0.8555963226725256
25588,LOF,0.029744985699070657,0.09481853599825583,0.8754364783026733
25589,Neutral,0.5611294603833852,0.25694939073458156,0.18192114888203323
25590,LOF,0.06285026784146613,0.15867966185908047,0.7784700702994534
25591,LOF,0.10096445877760944,0.10333803916048304,0.7956975020619075
25592,LOF,0.08684528152088444,0.1990179675841771,0.7141367508949386
25593,LOF,0.1400058103951216,0.3875481330562457,0.47244605654863275
25594,LOF,0.04025590247677082,0.06088650585819948,0.8988575916650297
25595,LOF,0.043835068221986725,0.029346042077684147,0.926818889700329
25596,LOF,0.11611745250761152,0.020256156651828245,0.8636263908405603
25597,LOF,0.08696706915921149,0.024801269934155587,0.8882316609066329
25598,LOF,0.04573912885154034,0.03206224366607052,0.9221986274823891
25599,LOF,0.026900417116538587,0.4186100064547054,0.5544895764287561
25600,LOF,0.17451704535735835,0.3797552746269763,0.4457276800156653
25601,LOF,0.04501125457704561,0.31704276243610174,0.6379459829868526
25602,LOF,0.03092110099909605,0.08004617972917273,0.8890327192717312
25603,LOF,0.0553891622403846,0.0720915745519363,0.8725192632076791
25604,LOF,0.05841672218075996,0.14722591488406817,0.7943573629351719
25605,LOF,0.04934101030024756,0.18518798415174992,0.7654710055480024
25606,Neutral,0.4055959961768319,0.2641610060390584,0.3302429977841097
25607,LOF,0.03502494628666114,0.24183622840818134,0.7231388253051574
25608,LOF,0.047531950690967176,0.09360565607508287,0.8588623932339499
25609,GOF,0.1888980632055622,0.5662246028327059,0.24487733396173195
25610,LOF,0.024719687026674,0.08194392966690964,0.8933363833064163
25611,LOF,0.01714903044158235,0.08522325027824533,0.8976277192801724
25612,LOF,0.06992129118069261,0.09552327252791241,0.834555436291395
25613,LOF,0.05747349021417146,0.10270061587294825,0.8398258939128802
25614,LOF,0.02830314760715177,0.08727255797253732,0.8844242944203109
25615,LOF,0.06284597631605725,0.08866564394154615,0.8484883797423965
25616,LOF,0.07415319861169184,0.09284802365815095,0.8329987777301572
25617,LOF,0.060133611965077695,0.10425827842248586,0.8356081096124365
25618,LOF,0.06241901873853189,0.18839483580898392,0.7491861454524841
25619,LOF,0.016184121446046605,0.13746539609378056,0.8463504824601727
25620,LOF,0.05334555299551038,0.10205227834176,0.8446021686627296
25621,LOF,0.08770148445606685,0.08522794353116461,0.8270705720127685
25622,LOF,0.09741221236050952,0.11032625665033016,0.7922615309891603
25623,LOF,0.0793221904504848,0.08961314887575508,0.8310646606737602
25624,LOF,0.026169061191159,0.08195328385187023,0.8918776549569708
25625,LOF,0.07862544395775127,0.09285135466372776,0.828523201378521
25626,LOF,0.07142256075927231,0.09257258864692587,0.8360048505938019
25627,Neutral,0.8707283472789256,0.027587911819912436,0.10168374090116199
25628,LOF,0.1813594257454733,0.06212901035968097,0.7565115638948458
25629,LOF,0.06583564291223502,0.0693557286622488,0.8648086284255161
25630,LOF,0.2838169541060189,0.07345045392753471,0.6427325919664464
25631,Neutral,0.5188617910740612,0.05799533197737624,0.4231428769485627
25632,LOF,0.02891136364441862,0.11750127562868697,0.8535873607268945
25633,LOF,0.19789378725724144,0.07017360256484428,0.7319326101779142
25634,LOF,0.04216471160022999,0.10407636906443166,0.8537589193353383
25635,LOF,0.03325920195621654,0.05528895694318474,0.9114518411005987
25636,GOF,0.03372987966302499,0.5309938990144828,0.43527622132249233
25637,GOF,0.0366093034516862,0.5179888149865811,0.4454018815617327
25638,LOF,0.021354304866186356,0.4580289969318892,0.5206166982019245
25639,LOF,0.02933973167601425,0.41832990360686045,0.5523303647171253
25640,Neutral,0.7625192948492813,0.18728480229910752,0.050195902851611206
25641,LOF,0.12981616529219642,0.3161148373391551,0.5540689973686486
25642,LOF,0.11717990701006462,0.1749730539274226,0.7078470390625127
25643,LOF,0.4006154515074834,0.08837013728625588,0.5110144112062607
25644,GOF,0.008710521803506703,0.726026815901758,0.26526266229473533
25645,GOF,0.010362386786594555,0.7086061959372525,0.28103141727615294
25646,LOF,0.014627259850350488,0.47783753520759337,0.5075352049420561
25647,LOF,0.008361164814759686,0.3673932618750496,0.6242455733101908
25648,LOF,0.011941987326586993,0.43098616925678285,0.5570718434166302
25649,LOF,0.007989959542954084,0.3214295172142737,0.6705805232427722
25650,GOF,0.03176465187081864,0.6551447265839176,0.31309062154526374
25651,LOF,0.010286551682933917,0.4588576713204367,0.5308557769966294
25652,LOF,0.009566816250888571,0.48332645467514956,0.5071067290739618
25653,GOF,0.03497465563574698,0.6663546908368811,0.2986706535273718
25654,LOF,0.011971565881730753,0.3941641784683344,0.5938642556499347
25655,GOF,0.09398661106827293,0.7281348828735753,0.17787850605815167
25656,LOF,0.17727634514348428,0.08361231183812151,0.7391113430183942
25657,LOF,0.028990054929373135,0.0910451163688337,0.8799648287017932
25658,LOF,0.2077817555826608,0.13801765379123282,0.6542005906261064
25659,LOF,0.28208806972772593,0.1762474710220383,0.5416644592502358
25660,LOF,0.02132599239074488,0.12942944100412518,0.8492445666051299
25661,LOF,0.0621600834723694,0.08269038865552418,0.8551495278721064
25662,LOF,0.025664294255419443,0.051563950528679126,0.9227717552159014
25663,LOF,0.02949549026028237,0.047345719459880455,0.9231587902798372
25664,LOF,0.09525997307610598,0.07347276020534572,0.8312672667185483
25665,LOF,0.05472680724430933,0.0427215477983244,0.9025516449573663
25666,LOF,0.07353241282876584,0.05868328041791607,0.8677843067533181
25667,LOF,0.05295083977584031,0.05547120735225768,0.8915779528719019
25668,LOF,0.026894261213742138,0.07164967580468314,0.9014560629815747
25669,LOF,0.018465431234179465,0.062511189262258,0.9190233795035625
25670,LOF,0.12472269410936188,0.05417833693613748,0.8210989689545006
25671,LOF,0.07577948335448007,0.04726545227459302,0.876955064370927
25672,LOF,0.043234866091363684,0.06663127903367319,0.8901338548749631
25673,LOF,0.07640725801714932,0.0492689288808733,0.8743238131019774
25674,LOF,0.07183489852673895,0.06887749686317747,0.8592876046100835
25675,LOF,0.07087485723528578,0.0776716680035238,0.8514534747611903
25676,LOF,0.015138612193281468,0.07600087688295878,0.9088605109237599
25677,LOF,0.014356701013978727,0.09638923783369502,0.8892540611523263
25678,LOF,0.1784415201998653,0.08475564059914935,0.7368028392009852
25679,LOF,0.11270142241234143,0.0978432301097981,0.7894553474778605
25680,LOF,0.019552139745857847,0.1354461671973036,0.8450016930568385
25681,LOF,0.030915366668102302,0.12354342527154191,0.8455412080603558
25682,LOF,0.09236107774034337,0.08860662274494284,0.8190322995147139
25683,LOF,0.08863160715244328,0.09268467118914801,0.8186837216584086
25684,LOF,0.021570508387885094,0.08309370781123197,0.8953357838008829
25685,LOF,0.11255013870215418,0.11711443137952987,0.770335429918316
25686,LOF,0.053648718509034125,0.265981436246094,0.6803698452448719
25687,LOF,0.09792708237723312,0.2383599601743873,0.6637129574483797
25688,LOF,0.4464253707294193,0.02670926765488947,0.5268653616156913
25689,LOF,0.2517977421070385,0.03307736276209638,0.7151248951308651
25690,LOF,0.3454286982458759,0.023847382230512904,0.6307239195236113
25691,Neutral,0.7551436060830231,0.02305191677107627,0.22180447714590046
25692,LOF,0.33302282700553854,0.010209159921109275,0.6567680130733522
25693,LOF,0.04922543828108128,0.4749127777746605,0.47586178394425827
25694,LOF,0.10345760328611699,0.025162859750343138,0.8713795369635399
25695,LOF,0.10869325023714774,0.00952775824324568,0.8817789915196066
25696,LOF,0.1173475865268226,0.024005891331455028,0.8586465221417224
25697,LOF,0.04635908163591609,0.070534396539042,0.8831065218250419
25698,LOF,0.28598143203420084,0.20426290529499733,0.5097556626708017
25699,LOF,0.36279145673398805,0.0614080450332262,0.5758004982327857
25700,LOF,0.05408933100042408,0.012241486273555516,0.9336691827260203
25701,LOF,0.14795951375294591,0.05663587393559421,0.79540461231146
25702,GOF,0.1931023104955789,0.6602192398916873,0.14667844961273388
25703,LOF,0.018439742404279206,0.19106098080276035,0.7904992767929604
25704,LOF,0.03592883502128212,0.16701505341263695,0.7970561115660809
25705,LOF,0.030140411168149906,0.08559740906371592,0.8842621797681341
25706,GOF,0.12062499493184027,0.5103849188559201,0.36899008621223967
25707,LOF,0.11518038503289234,0.36978407691915877,0.5150355380479489
25708,LOF,0.043686948182379795,0.41078479553837616,0.5455282562792441
25709,LOF,0.06841887245487172,0.04846095172194214,0.883120175823186
25710,LOF,0.01744691099165778,0.1737600448131433,0.8087930441951989
25711,LOF,0.017977409662828805,0.09043933290008742,0.8915832574370838
25712,LOF,0.017270097651981946,0.20285984050642186,0.7798700618415962
25713,LOF,0.017522750930253864,0.07461346449938334,0.9078637845703629
25714,LOF,0.07038564355112525,0.06714388077541343,0.8624704756734612
25715,LOF,0.01127435860529362,0.12161534582705694,0.8671102955676493
25716,LOF,0.013662532880272185,0.12418754033274097,0.8621499267869869
25717,LOF,0.02043173456288591,0.08111222255270241,0.8984560428844116
25718,LOF,0.010862103071054762,0.05630909855296345,0.9328287983759818
25719,LOF,0.02237830057046018,0.09744267015695766,0.8801790292725822
25720,LOF,0.029308646724304818,0.05045047698647854,0.9202408762892166
25721,LOF,0.01125924223991176,0.09165821501467174,0.8970825427454165
25722,LOF,0.012995565064174517,0.07628685157851701,0.9107175833573086
25723,LOF,0.02360377304081753,0.056004600878952884,0.9203916260802295
25724,LOF,0.035148298620493186,0.10379303010549705,0.8610586712740098
25725,LOF,0.010754764846966153,0.08913772848405542,0.9001075066689785
25726,LOF,0.016837978838272743,0.1308140165782669,0.8523480045834603
25727,LOF,0.014064258850375879,0.0794972468024034,0.9064384943472207
25728,LOF,0.010452230758731055,0.10481506674763959,0.8847327024936293
25729,LOF,0.010742803234269531,0.10287490282467031,0.88638229394106
25730,LOF,0.01477091575130086,0.1030818129341511,0.882147271314548
25731,LOF,0.02073530280594254,0.1455725346291173,0.8336921625649402
25732,LOF,0.014369870594409698,0.05086011714226812,0.9347700122633221
25733,LOF,0.014796934726050228,0.07013010111621087,0.915072964157739
25734,LOF,0.013689414256039088,0.16377448338909428,0.8225361023548665
25735,LOF,0.010726622847110914,0.06717135042060363,0.9221020267322855
25736,LOF,0.012290392611168257,0.06526089551040688,0.9224487118784248
25737,LOF,0.013077671067470308,0.09754969174834478,0.889372637184185
25738,LOF,0.011809212889777957,0.0940413317737672,0.8941494553364547
25739,LOF,0.018479425467426612,0.08305664572537647,0.8984639288071968
25740,LOF,0.0306543481854898,0.0999392622101703,0.8694063896043398
25741,LOF,0.014169995170093446,0.10571751784972454,0.8801124869801821
25742,LOF,0.10171128211787783,0.07885641246317898,0.8194323054189432
25743,LOF,0.04826155600735148,0.05986300430262482,0.8918754396900238
25744,Neutral,0.6057640432625352,0.23877018978398556,0.1554657669534793
25745,LOF,0.06547582043331909,0.0730156353374446,0.8615085442292364
25746,LOF,0.04304738859580654,0.11896273623377562,0.8379898751704179
25747,LOF,0.019105687560350734,0.13145057354016795,0.8494437388994813
25748,LOF,0.09469575186783752,0.17631339603744,0.7289908520947225
25749,LOF,0.028873404828756714,0.09512008419176524,0.876006510979478
25750,LOF,0.06363452317876785,0.1112465943604235,0.8251188824608086
25751,LOF,0.11427813174327482,0.1565782931882795,0.7291435750684456
25752,GOF,0.12029422717202143,0.6803398827138725,0.19936589011410602
25753,LOF,0.03780908785274363,0.3797312146147273,0.5824596975325291
25754,GOF,0.02500031339914667,0.7829537567012531,0.19204592989960026
25755,LOF,0.037176254523228265,0.3454552233943883,0.6173685220823835
25756,LOF,0.06832798718544403,0.42378496892494755,0.5078870438896084
25757,GOF,0.021499267679051148,0.8583075686998606,0.12019316362108831
25758,GOF,0.03339310369246218,0.7625667479404924,0.20404014836704537
25759,GOF,0.017272681937258838,0.6721360572599496,0.31059126080279154
25760,LOF,0.020166168936681775,0.4374741547022924,0.5423596763610258
25761,GOF,0.3263929110330126,0.594822369980587,0.0787847189864004
25762,LOF,0.05650023717018877,0.4120431338809272,0.531456628948884
25763,LOF,0.020685261915721103,0.31883551436018503,0.660479223724094
25764,GOF,0.07527631347082066,0.7113166341962314,0.2134070523329481
25765,GOF,0.03915051629569628,0.781469000857415,0.1793804828468887
25766,GOF,0.10149671240258347,0.7070028263123528,0.1915004612850637
25767,GOF,0.1312831104670373,0.4856998461060529,0.38301704342690973
25768,LOF,0.09084722216106476,0.03710734606710032,0.8720454317718349
25769,LOF,0.04812680289771527,0.06984605280964953,0.8820271442926352
25770,LOF,0.4274313433043416,0.08696605741147607,0.4856025992841823
25771,LOF,0.06728142849823279,0.048026934424284955,0.8846916370774822
25772,LOF,0.018111088615371338,0.051709988228208326,0.9301789231564203
25773,LOF,0.07394131416963168,0.04984978282709146,0.8762089030032768
25774,LOF,0.028099137937208547,0.10463640519702597,0.8672644568657655
25775,LOF,0.08402351387706941,0.0440860393912514,0.8718904467316793
25776,LOF,0.06990606443949561,0.031272046114556314,0.8988218894459481
25777,Neutral,0.5626472371210293,0.06072125820702614,0.37663150467194445
25778,LOF,0.06142913403897704,0.048306968981184334,0.8902638969798387
25779,GOF,0.4074771583641501,0.5422183846175291,0.05030445701832076
25780,GOF,0.35851918907943653,0.5552437675939204,0.08623704332664303
25781,GOF,0.11655761297631263,0.7566542725692934,0.12678811445439392
25782,GOF,0.17516616574222077,0.7032883513329908,0.1215454829247883
25783,GOF,0.022892377356300106,0.6762787540791537,0.30082886856454616
25784,Neutral,0.5304889394408487,0.4058471326538075,0.06366392790534363
25785,Neutral,0.5196773457931867,0.4004641270682245,0.07985852713858879
25786,GOF,0.02727851548618465,0.7068410312097205,0.2658804533040948
25787,Neutral,0.6994640282002976,0.25579110954270384,0.044744862256998634
25788,LOF,0.05485692687935085,0.08316562622437969,0.8619774468962694
25789,GOF,0.22065925666554834,0.6436903069536551,0.13565043638079655
25790,GOF,0.2860050686935587,0.5691774588966046,0.14481747240983656
25791,GOF,0.12875299143220753,0.634841013998404,0.23640599456938846
25792,GOF,0.32730077196264334,0.48433059144450497,0.18836863659285175
25793,GOF,0.25346666426573916,0.4744086094970697,0.2721247262371912
25794,GOF,0.3039448062350503,0.4892967947091419,0.2067583990558079
25795,GOF,0.06462663998272139,0.6390745455765638,0.2962988144407148
25796,Neutral,0.49825039129140647,0.4067606233988094,0.09498898530978415
25797,GOF,0.08606377727922972,0.5181375649835858,0.3957986577371844
25798,GOF,0.012114524071010782,0.5775425562843275,0.41034291964466174
25799,LOF,0.010045684620614934,0.4900115716591196,0.4999427437202655
25800,GOF,0.03797231141755676,0.6649555524786828,0.29707213610376054
25801,GOF,0.21309375730930924,0.6604574302509689,0.1264488124397218
25802,GOF,0.06438118826872981,0.666139577296973,0.2694792344342972
25803,GOF,0.048319568803132235,0.5782430970080308,0.37343733418883707
25804,GOF,0.03794524100179513,0.5140980503850427,0.4479567086131621
25805,GOF,0.10227050482653295,0.5361620619439283,0.36156743322953877
25806,GOF,0.14131817867675278,0.5756775466767781,0.28300427464646916
25807,GOF,0.019265863668744797,0.5987005977076891,0.3820335386235659
25808,GOF,0.10191777783512192,0.5647383190728738,0.3333439030920044
25809,GOF,0.02081355653562647,0.5682495257394454,0.410936917724928
25810,GOF,0.02280706265781859,0.5703729328652313,0.4068200044769501
25811,GOF,0.43360080891688335,0.48486550107896254,0.08153369000415422
25812,GOF,0.03925829455188413,0.6563176864136192,0.30442401903449673
25813,Neutral,0.5683707587621041,0.31775141248036115,0.11387782875753472
25814,GOF,0.1371043342020261,0.6135023119388391,0.2493933538591347
25815,GOF,0.2725094608115947,0.5580949187493417,0.1693956204390635
25816,GOF,0.020220997690310456,0.673294665547585,0.3064843367621046
25817,GOF,0.18917462538950372,0.6729116151019563,0.13791375950854007
25818,GOF,0.03809695222276835,0.6111693423831954,0.3507337053940363
25819,GOF,0.3528843237720658,0.457480428499947,0.18963524772798707
25820,GOF,0.18993184878470443,0.5699228741438482,0.2401452770714473
25821,GOF,0.06387897940518791,0.663157388397932,0.27296363219688013
25822,GOF,0.2380640269859054,0.5263047695496694,0.2356312034644252
25823,GOF,0.03541880815329933,0.5147494749146443,0.4498317169320564
25824,GOF,0.0906713651026407,0.5222560435606821,0.38707259133667715
25825,GOF,0.033197433885758444,0.5439037219090148,0.42289884420522683
25826,GOF,0.01226362745215508,0.5362599965378313,0.45147637601001367
25827,GOF,0.020991352018654895,0.5572118652099004,0.4217967827714446
25828,LOF,0.015451521851095404,0.4852829759133153,0.49926550223558913
25829,GOF,0.008975963364120992,0.5589847745918155,0.43203926204406357
25830,LOF,0.03877522150110715,0.276166555147563,0.6850582233513298
25831,GOF,0.14443715380687613,0.7012211446768242,0.1543417015162998
25832,GOF,0.04050129256092429,0.6838439080005096,0.27565479943856613
25833,GOF,0.12179409006396688,0.6646141565519683,0.21359175338406472
25834,GOF,0.046404613476023863,0.6773775148527298,0.2762178716712463
25835,GOF,0.1031047499375565,0.6253724757215807,0.2715227743408628
25836,GOF,0.05372327175411492,0.6657301550596592,0.280546573186226
25837,GOF,0.028186874318503138,0.5193157626904806,0.45249736299101634
25838,GOF,0.10002926841779103,0.6814123112547382,0.21855842032747078
25839,GOF,0.2932954356734171,0.4968228256515048,0.20988173867507812
25840,GOF,0.2182330148992222,0.5633210595226774,0.21844592557810036
25841,GOF,0.2684150986952132,0.5297105003716527,0.2018744009331341
25842,GOF,0.15743911409770747,0.6104002828316113,0.2321606030706812
25843,GOF,0.22976893862971304,0.6025986187432844,0.16763244262700264
25844,GOF,0.06451451618095706,0.6511799565562948,0.2843055272627482
25845,GOF,0.016876253729997376,0.522246993343893,0.4608767529261096
25846,GOF,0.09887387428913422,0.6937660258449728,0.20736009986589293
25847,GOF,0.1123325949758879,0.6923113155361401,0.195356089487972
25848,GOF,0.046765340096374855,0.6380355543739343,0.3151991055296909
25849,GOF,0.01491065733101254,0.550050503536412,0.43503883913257546
25850,GOF,0.02790596384549538,0.6257489680323616,0.346345068122143
25851,GOF,0.02481539228339745,0.5268229501646783,0.4483616575519243
25852,GOF,0.13223572880354084,0.5299875238540852,0.337776747342374
25853,GOF,0.3068674547401399,0.5891202510576403,0.10401229420221973
25854,GOF,0.02230223709155906,0.7205571145878138,0.25714064832062716
25855,GOF,0.04412263716726999,0.6352662561295951,0.3206111067031349
25856,GOF,0.22409937022541804,0.5817491400092428,0.19415148976533914
25857,GOF,0.039349769242573385,0.5710309654781226,0.389619265279304
25858,GOF,0.020656694368199325,0.6241263264713963,0.35521697916040434
25859,GOF,0.011771752961514807,0.6132985037078784,0.37492974333060664
25860,GOF,0.29334369534229265,0.5907069041257289,0.11594940053197847
25861,GOF,0.2917509883996994,0.6104103234592277,0.0978386881410728
25862,GOF,0.0642837969156451,0.767663844306625,0.16805235877772978
25863,GOF,0.07066421867145446,0.7803704897848166,0.14896529154372895
25864,GOF,0.13033615896311965,0.7551220037576901,0.11454183727919018
25865,GOF,0.07371026710678913,0.7557335624727513,0.17055617042045967
25866,GOF,0.05775538381394454,0.8026604534340938,0.13958416275196178
25867,GOF,0.07048587601013422,0.811613888903629,0.11790023508623682
25868,GOF,0.20605968183620846,0.6577476713628911,0.1361926468009005
25869,Neutral,0.6545271572868914,0.2846440142179165,0.06082882849519206
25870,LOF,0.25383896420844226,0.2756798505317452,0.47048118525981253
25871,GOF,0.17096652404327356,0.6566431029533114,0.1723903730034151
25872,GOF,0.08469180478608841,0.6138686468795765,0.3014395483343351
25873,GOF,0.1455807147701198,0.605908404929544,0.2485108803003362
25874,LOF,0.021333413375284997,0.09136441742602554,0.8873021691986895
25875,LOF,0.04882117023845396,0.2033930391923754,0.7477857905691707
25876,LOF,0.02046502001095861,0.11484494037500032,0.864690039614041
25877,Neutral,0.39516701484525657,0.22346106657614964,0.3813719185785938
25878,LOF,0.14197242279559333,0.3056609192544261,0.5523666579499805
25879,LOF,0.07825849483166317,0.31716210979850273,0.6045793953698341
25880,LOF,0.02090621730448604,0.05560883604209823,0.9234849466534157
25881,LOF,0.20883782781247878,0.19296145933662293,0.5982007128508983
25882,LOF,0.07300039267048143,0.023218814611025915,0.9037807927184927
25883,LOF,0.08678212149751725,0.03888408701632817,0.8743337914861545
25884,LOF,0.04677319731418842,0.03971954109116086,0.9135072615946507
25885,LOF,0.06331530580290536,0.0253948342717242,0.9112898599253705
25886,LOF,0.3426766349226238,0.10283986809979094,0.5544834969775853
25887,LOF,0.23585190773792666,0.1461560492544851,0.6179920430075883
25888,LOF,0.07908382210858632,0.09417261645584248,0.8267435614355712
25889,LOF,0.03705713907886608,0.04875562689140025,0.9141872340297336
25890,LOF,0.07607083671540656,0.11265707148837337,0.8112720917962201
25891,LOF,0.0684440502350583,0.05139923125773125,0.8801567185072106
25892,LOF,0.09238901093639845,0.03478906247188076,0.8728219265917208
25893,LOF,0.3244040977479744,0.02692757675529391,0.6486683254967317
25894,LOF,0.18473778921944756,0.011379096723482803,0.8038831140570697
25895,LOF,0.24572112686082928,0.021601197323228218,0.7326776758159426
25896,LOF,0.04406496672029674,0.023394929391787254,0.9325401038879161
25897,LOF,0.23360345698414267,0.029986865076916013,0.7364096779389413
25898,Neutral,0.8075982260435345,0.021062974649015954,0.17133879930744972
25899,LOF,0.20342045485857765,0.06737471947796465,0.7292048256634576
25900,Neutral,0.6007870527022203,0.014583741811610654,0.384629205486169
25901,LOF,0.04579233401450661,0.014947560007775652,0.9392601059777178
25902,LOF,0.1823585137943002,0.017797895269740273,0.7998435909359595
25903,Neutral,0.6088134648028005,0.06466724965202737,0.32651928554517196
25904,LOF,0.257120045190953,0.047613180616466466,0.6952667741925805
25905,LOF,0.03734983222229569,0.38977836753548556,0.5728718002422186
25906,LOF,0.028645654993679374,0.06960855928890484,0.9017457857174157
25907,LOF,0.013872770450088242,0.41078352972689136,0.5753436998230204
25908,LOF,0.015954618837557343,0.2632032625782557,0.720842118584187
25909,LOF,0.017750192052000013,0.10817488607873708,0.8740749218692629
25910,LOF,0.025149910286267986,0.4126553151588628,0.5621947745548693
25911,LOF,0.056945773552873086,0.06675017820883494,0.876304048238292
25912,LOF,0.027589133933027983,0.12674040513496437,0.8456704609320077
25913,LOF,0.2235753927138603,0.055474430149415124,0.7209501771367246
25914,LOF,0.021952545786989873,0.08066243554695429,0.8973850186660558
25915,Neutral,0.4233426056312951,0.28390849405731894,0.29274890031138584
25916,LOF,0.03071615847093912,0.4506250393830589,0.518658802146002
25917,LOF,0.05079221553738898,0.04715813991697859,0.9020496445456324
25918,LOF,0.0262407542787887,0.048369304475366214,0.9253899412458451
25919,LOF,0.024059606527689237,0.054059178901126194,0.9218812145711847
25920,GOF,0.13561275054996527,0.46450570717714046,0.3998815422728942
25921,LOF,0.033499595224498864,0.027281906578594205,0.939218498196907
25922,LOF,0.04550304729726388,0.01961720918613062,0.9348797435166055
25923,LOF,0.3796989811212073,0.023145741360882113,0.5971552775179105
25924,LOF,0.04223783873379415,0.026433363006522825,0.9313287982596831
25925,LOF,0.06975596784435249,0.03013054903401318,0.9001134831216343
25926,LOF,0.051786556163351496,0.02066441396951817,0.9275490298671303
25927,LOF,0.07834747954111523,0.0548178725471102,0.8668346479117747
25928,LOF,0.023994361414156562,0.02065023612977913,0.9553554024560642
25929,Neutral,0.5385889977733166,0.028369529185220257,0.4330414730414633
25930,LOF,0.06456203241588784,0.016253058549447367,0.9191849090346648
25931,LOF,0.03132127040623884,0.017922026663345532,0.9507567029304156
25932,LOF,0.028025004651640182,0.015421788319709575,0.9565532070286503
25933,LOF,0.037164382825293524,0.009795975340473759,0.9530396418342327
25934,LOF,0.02610853830766574,0.014126068027851605,0.9597653936644827
25935,LOF,0.06779658450691073,0.028866143998905646,0.9033372714941836
25936,LOF,0.043583667257307696,0.01627253261214832,0.9401438001305441
25937,LOF,0.03565853818639227,0.02161738044310672,0.942724081370501
25938,LOF,0.06522177379570783,0.03322374456303554,0.9015544816412567
25939,LOF,0.04066898740585505,0.010418556846032385,0.9489124557481124
25940,GOF,0.02686462374160868,0.48671600971889223,0.48641936653949913
25941,LOF,0.17681295491113153,0.06994190944611932,0.7532451356427491
25942,LOF,0.01708918823365684,0.02860466479448484,0.9543061469718582
25943,LOF,0.38798389659856136,0.06178602749148736,0.5502300759099513
25944,LOF,0.45975596952500253,0.034886321393231154,0.5053577090817664
25945,LOF,0.08043961605282363,0.027509575109530074,0.8920508088376462
25946,LOF,0.039432069378727785,0.1184573959468343,0.842110534674438
25947,LOF,0.15920042347481095,0.20752849802073503,0.6332710785044541
25948,LOF,0.4059682499659636,0.012162441846927928,0.5818693081871085
25949,LOF,0.12861526488224306,0.04135218303046794,0.8300325520872891
25950,GOF,0.21174635586549156,0.4962451430767187,0.29200850105778986
25951,LOF,0.21988096857250844,0.12960411446035547,0.650514916967136
25952,LOF,0.053561248800195166,0.42287159085508164,0.5235671603447232
25953,LOF,0.13618942224072209,0.10141313226240982,0.7623974454968682
25954,Neutral,0.3846639356150306,0.23344803761389604,0.38188802677107336
25955,LOF,0.07155972544302924,0.10054255670234137,0.8278977178546295
25956,LOF,0.21982671192128386,0.03647135290682912,0.7437019351718871
25957,LOF,0.04910712929778389,0.014427723601194944,0.9364651471010212
25958,LOF,0.0618266381927928,0.026978578380874377,0.9111947834263328
25959,LOF,0.11790490516349314,0.31280057591220456,0.5692945189243024
25960,LOF,0.027205673420372892,0.059890570070761276,0.9129037565088658
25961,LOF,0.05179891299041209,0.04129681407620364,0.9069042729333842
25962,LOF,0.05763541407523662,0.046094560773320865,0.8962700251514426
25963,LOF,0.06265918780243715,0.172871409210894,0.7644694029866689
25964,LOF,0.034791008280938764,0.14566271867470373,0.8195462730443576
25965,Neutral,0.5259971482972174,0.051129845986894275,0.42287300571588826
25966,LOF,0.3059780044511115,0.30390154411082626,0.3901204514380623
25967,LOF,0.013673695449154234,0.11924598119214837,0.8670803233586973
25968,LOF,0.0419602693630127,0.4398996173536441,0.5181401132833432
25969,LOF,0.024129116457256895,0.07258688372781635,0.9032839998149268
25970,LOF,0.06943956229095244,0.04429812975529454,0.886262307953753
25971,LOF,0.07952689026476895,0.02014978651975662,0.9003233232154745
25972,LOF,0.08167283782236617,0.021799214282495937,0.8965279478951379
25973,LOF,0.08108943997576415,0.01140747465661499,0.9075030853676208
25974,LOF,0.2905679297162752,0.036475889057986724,0.6729561812257381
25975,LOF,0.04914972920130364,0.031176635163686288,0.91967363563501
25976,LOF,0.03358742078612334,0.02513982739140582,0.9412727518224708
25977,LOF,0.12741230030947767,0.11076467491054802,0.7618230247799742
25978,LOF,0.1894978085738589,0.0901313549626168,0.7203708364635244
25979,LOF,0.17255382318100285,0.07670456298060324,0.7507416138383939
25980,LOF,0.21057650783913154,0.16448120560562338,0.624942286555245
25981,LOF,0.24587206293161126,0.15534034357713664,0.5987875934912521
25982,LOF,0.4439966859086052,0.0759395666020617,0.4800637474893333
25983,LOF,0.4216880561928482,0.0730462086971405,0.5052657351100113
25984,LOF,0.04197121006762716,0.09604904977711116,0.8619797401552617
25985,LOF,0.02118311082284824,0.26512094689840804,0.7136959422787438
25986,LOF,0.02506621729710395,0.2716806940471797,0.7032530886557163
25987,LOF,0.07857939483994299,0.08307347745440433,0.8383471277056527
25988,LOF,0.09567750095835009,0.07893527032003558,0.8253872287216143
25989,LOF,0.02247967840987705,0.11612943280339347,0.8613908887867295
25990,LOF,0.030411515281833727,0.10129810098012684,0.8682903837380395
25991,LOF,0.21035045807380598,0.3032912136036245,0.48635832832256953
25992,LOF,0.3961974739665834,0.1815145906767041,0.42228793535671255
25993,LOF,0.03272685121763831,0.06250134690788435,0.9047718018744774
25994,LOF,0.0219967150920783,0.08742597236947798,0.8905773125384436
25995,LOF,0.03754649496106457,0.08120440526493215,0.8812490997740032
25996,GOF,0.2595876308380361,0.4168830244210045,0.32352934474095935
25997,LOF,0.10180377141046446,0.43188868072112635,0.46630754786840917
25998,Neutral,0.5263281434228807,0.03395752359643068,0.43971433298068857
25999,LOF,0.10627618056719886,0.12385716393411107,0.76986665549869
26000,LOF,0.07474842850335955,0.026183547526074238,0.8990680239705663
26001,LOF,0.183934639824553,0.03923971662277063,0.7768256435526765
26002,LOF,0.08833212967036574,0.0360732675599974,0.8755946027696369
26003,GOF,0.012857273514546422,0.6295490989099406,0.35759362757551305
26004,GOF,0.031655017181913415,0.6478557633618213,0.32048921945626524
26005,LOF,0.015005940534693825,0.46574522934969276,0.5192488301156135
26006,Neutral,0.5626453494303593,0.2533673712884801,0.1839872792811607
26007,GOF,0.025571588613286567,0.5767628036084494,0.397665607778264
26008,GOF,0.021355506335312052,0.5492452885622474,0.4293992051024406
26009,GOF,0.04119852568081854,0.6426210773293878,0.31618039698979356
26010,GOF,0.025615119467086497,0.6935915939964147,0.28079328653649877
26011,LOF,0.011882635321799027,0.45102330311110117,0.5370940615670998
26012,GOF,0.022726148552213606,0.5254692125857016,0.4518046388620849
26013,GOF,0.016308807120727936,0.6628238517091923,0.3208673411700797
26014,LOF,0.0491548043337813,0.14609321016477125,0.8047519855014474
26015,LOF,0.19333116011625592,0.010323456028811032,0.796345383854933
26016,LOF,0.32956494800727204,0.03806558634658995,0.6323694656461379
26017,LOF,0.22052440779300514,0.06489439074946839,0.7145812014575265
26018,LOF,0.10190872670177359,0.033486436009157364,0.8646048372890691
26019,LOF,0.09860890557060431,0.018719367968846424,0.8826717264605494
26020,LOF,0.08475994568136001,0.06425419017152104,0.850985864147119
26021,LOF,0.07168079645369609,0.07573814995877144,0.8525810535875324
26022,LOF,0.013077827805415582,0.04000695552418934,0.946915216670395
26023,LOF,0.15306843323556532,0.017223710695334852,0.8297078560690998
26024,LOF,0.0395615551124587,0.07081376771711255,0.8896246771704288
26025,LOF,0.175298144550263,0.056368057258814434,0.7683337981909225
26026,LOF,0.3674878269289034,0.009949106828069638,0.6225630662430269
26027,LOF,0.1013532529515435,0.0125782293820654,0.886068517666391
26028,LOF,0.21627925843045065,0.08881186656743531,0.6949088750021141
26029,LOF,0.10890234413291978,0.14784170423192464,0.7432559516351556
26030,LOF,0.03360142330796833,0.02971733036621026,0.9366812463258214
26031,LOF,0.03632415755254418,0.10841482782014543,0.8552610146273104
26032,LOF,0.10056744338301508,0.01769853764138283,0.8817340189756022
26033,LOF,0.14487498475035307,0.01819861944722984,0.836926395802417
26034,LOF,0.058192313165763065,0.10615251109658626,0.8356551757376507
26035,LOF,0.042561715568437956,0.08895718778044365,0.8684810966511184
26036,LOF,0.05800256796988876,0.10962532437184622,0.8323721076582651
26037,LOF,0.03647903790678405,0.08826130388827427,0.8752596582049418
26038,LOF,0.0987818651603494,0.017275771335236556,0.8839423635044139
26039,LOF,0.08426778467219194,0.09177778423391138,0.8239544310938968
26040,LOF,0.2571501764270421,0.05397095498313157,0.6888788685898264
26041,LOF,0.034457778978328656,0.08036811678848096,0.8851741042331904
26042,LOF,0.03380246515009302,0.08185644916936326,0.8843410856805437
26043,LOF,0.09649118140786024,0.024436699744082635,0.879072118848057
26044,LOF,0.03788441489620979,0.035479566202906855,0.9266360189008833
26045,LOF,0.10040321363039784,0.06214600164590074,0.8374507847237014
26046,LOF,0.10591971803975528,0.02613655490849293,0.8679437270517517
26047,LOF,0.13704133274769265,0.033059936453081744,0.8298987307992256
26048,LOF,0.057017233449429404,0.03198174916643409,0.9110010173841365
26049,Neutral,0.9471175851671371,0.00486281727775227,0.04801959755511069
26050,Neutral,0.9224944690954316,0.004936902598840015,0.07256862830572826
26051,GOF,0.04209470402999136,0.5179918782421723,0.4399134177278363
26052,GOF,0.042301033533121875,0.6180143009559815,0.33968466551089666
26053,LOF,0.060591200924944945,0.3129776347441442,0.626431164330911
26054,LOF,0.05272497530718494,0.06692107581971314,0.8803539488731019
26055,LOF,0.06701566933358094,0.06888196698342866,0.8641023636829903
26056,LOF,0.057973328779894626,0.08108212693882282,0.8609445442812825
26057,LOF,0.028811911938048065,0.02796895965678681,0.9432191284051651
26058,LOF,0.028747546204153752,0.02351817626449192,0.9477342775313543
26059,LOF,0.3646380300824993,0.07671803836289218,0.5586439315546086
26060,LOF,0.036598857589635506,0.2961349871206064,0.6672661552897581
26061,LOF,0.019069957329746513,0.05822457340525396,0.9227054692649994
26062,LOF,0.015061226506387979,0.05658689300566686,0.9283518804879451
26063,LOF,0.02391650889724175,0.02818806893118328,0.9478954221715751
26064,LOF,0.02646172126646962,0.03480267188233304,0.9387356068511974
26065,LOF,0.02747340384978921,0.027943118202641094,0.9445834779475697
26066,LOF,0.020917606532061952,0.03297795223028438,0.9461044412376537
26067,LOF,0.024090078691322434,0.02263812152839235,0.9532717997802851
26068,LOF,0.0520344968227074,0.06193102612300053,0.8860344770542921
26069,LOF,0.42806866407835925,0.0635504526120637,0.5083808833095771
26070,Neutral,0.6584148985049406,0.03132780870913043,0.310257292785929
26071,LOF,0.02315895493098388,0.03472932474763153,0.9421117203213847
26072,LOF,0.025182251221528184,0.06338870671807213,0.9114290420603997
26073,LOF,0.02561011607923513,0.026576689430144757,0.9478131944906202
26074,Neutral,0.8816280517381289,0.012835983982443035,0.10553596427942817
26075,LOF,0.040538419607294096,0.051501471508560104,0.9079601088841459
26076,LOF,0.042626013788042594,0.02128157495832232,0.9360924112536351
26077,LOF,0.011003815203787742,0.062312310787014734,0.9266838740091976
26078,LOF,0.014403445001474642,0.04612305640276327,0.939473498595762
26079,LOF,0.05153977887343525,0.04675282889491666,0.901707392231648
26080,LOF,0.05153977887343525,0.04675282889491666,0.901707392231648
26081,LOF,0.03148235661668218,0.01922923217790061,0.9492884112054172
26082,LOF,0.02235619141665057,0.05141557352920859,0.9262282350541409
26083,LOF,0.12849398987560187,0.029809914102993284,0.8416960960214048
26084,LOF,0.026353990466770408,0.039847097833954785,0.9337989116992748
26085,LOF,0.02202099111553964,0.034754589685907625,0.9432244191985527
26086,LOF,0.02256442738903457,0.03718669682463242,0.940248875786333
26087,LOF,0.025221786570676523,0.028254393950762492,0.946523819478561
26088,LOF,0.025847682996675884,0.07252138194419057,0.9016309350591335
26089,LOF,0.04505838853722891,0.07275958560791983,0.8821820258548513
26090,LOF,0.04229422822571713,0.05785926522618123,0.8998465065481017
26091,LOF,0.03896501605956229,0.017522029839476504,0.9435129541009613
26092,LOF,0.028497401527654835,0.02332410101835243,0.9481784974539929
26093,LOF,0.040628189424274076,0.014782138908804037,0.9445896716669218
26094,LOF,0.042457495564772324,0.015092847168809959,0.9424496572664177
26095,LOF,0.0371747966649769,0.05023697615804088,0.9125882271769822
26096,LOF,0.017723772908852964,0.044239122221980634,0.9380371048691665
26097,LOF,0.012091911933217526,0.12264023711784666,0.8652678509489358
26098,LOF,0.058441841492486594,0.04545495799781327,0.8961032005097
26099,LOF,0.024975546565313148,0.04221702283498758,0.9328074305996992
26100,LOF,0.02618474403676338,0.03783068114243485,0.9359845748208017
26101,LOF,0.05541941843570325,0.0426257064305333,0.9019548751337634
26102,LOF,0.026416757889734417,0.02767030986030859,0.945912932249957
26103,Neutral,0.876319129311813,0.05107327720447244,0.07260759348371466
26104,LOF,0.05020178776809095,0.07748975774150385,0.8723084544904053
26105,LOF,0.30100645860224556,0.23202986741092807,0.4669636739868265
26106,LOF,0.15901425262911428,0.1424806900935448,0.6985050572773409
26107,LOF,0.28389564981879856,0.1262947268603283,0.5898096233208732
26108,LOF,0.19711516304842336,0.16035511865989288,0.6425297182916837
26109,LOF,0.06487186887056424,0.13537988071666068,0.799748250412775
26110,LOF,0.27113533616586455,0.028801417314142836,0.7000632465199925
26111,LOF,0.4412950000624665,0.03705423784429034,0.5216507620932431
26112,LOF,0.041009534274021334,0.023531132012886542,0.9354593337130922
26113,LOF,0.05649370070905259,0.05305866773683723,0.8904476315541102
26114,LOF,0.021887589093923906,0.022891358995870845,0.9552210519102053
26115,LOF,0.10918394326682364,0.05174553557421203,0.8390705211589643
26116,LOF,0.05509014962123086,0.057333036761018766,0.8875768136177503
26117,LOF,0.3108370920683101,0.13379941571173568,0.5553634922199543
26118,LOF,0.04275991372212302,0.05808191579470239,0.8991581704831746
26119,LOF,0.02615384137388391,0.0744647070984085,0.8993814515277077
26120,LOF,0.03382574457589733,0.05254209303030852,0.9136321623937943
26121,LOF,0.05369382882853126,0.09656330072802295,0.8497428704434458
26122,LOF,0.06142578329928239,0.0600948884030481,0.8784793282976695
