feature0,prediction,LoGoFunc_Neutral,LoGoFunc_GOF,LoGoFunc_LOF
25546,Neutral,0.6178652672777416,0.05482481717649969,0.3273099155457587
25547,Neutral,0.5273508072066566,0.0884683146171816,0.38418087817616187
25548,Neutral,0.5308755887611998,0.07592691348506267,0.3931974977537376
25549,Neutral,0.48569606755093553,0.07503662135656132,0.4392673110925031
25550,LOF,0.3726520221104994,0.09682762259527264,0.5305203552942279
25551,LOF,0.32831794795054237,0.10025513581206326,0.5714269162373944
25552,LOF,0.29357533781065365,0.10688879707506299,0.5995358651142834
25553,Neutral,0.778696277697544,0.051348333801888205,0.16995538850056785
25554,LOF,0.3260332146735444,0.09943173636898524,0.5745350489574703
25555,LOF,0.27876172684883066,0.10183439155394688,0.6194038815972225
25556,LOF,0.44762092086770605,0.0901289273492978,0.4622501517829961
25557,LOF,0.27438014214853196,0.09873181050361281,0.6268880473478552
25558,LOF,0.33193015927592107,0.09211980938172573,0.5759500313423532
25559,LOF,0.24072740826644579,0.04666656621191895,0.7126060255216353
25560,LOF,0.08909960980327856,0.1941957851508127,0.7167046050459088
25561,LOF,0.09405065034280087,0.2717387867482197,0.6342105629089795
25562,LOF,0.03207811679930227,0.11350875020069799,0.8544131329999997
25563,LOF,0.006741320787088861,0.1804116718890391,0.812847007323872
25564,LOF,0.07431249508271374,0.12098302529426835,0.8047044796230179
25565,LOF,0.19259675555884995,0.12744164499354152,0.6799615994476086
25566,GOF,0.07957697258590284,0.7346653909910648,0.18575763642303225
25567,LOF,0.043995342608567016,0.16538134879023772,0.7906233086011952
25568,LOF,0.060423253950171285,0.09525930846472724,0.8443174375851015
25569,LOF,0.06597744595257964,0.09209674591518346,0.8419258081322368
25570,LOF,0.026091322211024757,0.13888499000181004,0.8350236877871652
25571,LOF,0.025956544152958415,0.1459736196700651,0.8280698361769765
25572,LOF,0.05544928989426685,0.20371209224780706,0.740838617857926
25573,LOF,0.06488473745108966,0.12870968958173398,0.8064055729671764
25574,LOF,0.0710471730891015,0.24956253953243462,0.679390287378464
25575,LOF,0.025211433505444077,0.15664559016167054,0.8181429763328855
25576,LOF,0.024493057995256796,0.23006353306890986,0.7454434089358334
25577,LOF,0.027792115798675614,0.18232286633822176,0.7898850178631026
25578,LOF,0.28749372855882205,0.09293793848992007,0.6195683329512578
25579,LOF,0.20864939455230727,0.09219036242051276,0.6991602430271799
25580,LOF,0.023377542819310034,0.09920202721576435,0.8774204299649255
25581,LOF,0.04857893861216749,0.10203849672806153,0.849382564659771
25582,LOF,0.047985944600467595,0.09849870555226377,0.8535153498472685
25583,LOF,0.03166167945387379,0.10656634473938456,0.8617719758067416
25584,Neutral,0.691818435146017,0.14198003180069924,0.16620153305328372
25585,LOF,0.02450507503885971,0.19513141014097465,0.7803635148201656
25586,LOF,0.02134732918653414,0.11858359466987205,0.8600690761435938
25587,LOF,0.020583929700296526,0.11484132899337557,0.8645747413063278
25588,LOF,0.025140917610893678,0.09266867086213576,0.8821904115269706
25589,Neutral,0.5465452215843092,0.23824198592112683,0.2152127924945639
25590,LOF,0.05063127533130475,0.14251584204860754,0.8068528826200877
25591,LOF,0.10286316448134634,0.0939747779468499,0.8031620575718038
25592,LOF,0.07508698129618052,0.1770937429919621,0.7478192757118574
25593,LOF,0.10043000391571189,0.33077330183100445,0.5687966942532837
25594,LOF,0.048466490275708325,0.036783503426662374,0.9147500062976293
25595,LOF,0.05390082256328485,0.023863447240581193,0.9222357301961339
25596,LOF,0.11707754773394867,0.014571099351263184,0.8683513529147883
25597,LOF,0.0927736034810376,0.015479377664970173,0.8917470188539922
25598,LOF,0.05387747416327189,0.023176458283101546,0.9229460675536266
25599,LOF,0.02493752954615951,0.3919482708049159,0.5831141996489246
25600,LOF,0.17254487402226887,0.3641956275785456,0.46325949839918557
25601,LOF,0.041527885521467266,0.2759437341513874,0.6825283803271452
25602,LOF,0.0355890370797704,0.06573980328402851,0.8986711596362011
25603,LOF,0.049570087482222705,0.07470698946584924,0.8757229230519281
25604,LOF,0.055439803145044333,0.11985680710357798,0.8247033897513777
25605,LOF,0.05083576972595882,0.1841771032772143,0.7649871269968269
25606,Neutral,0.4120417898748138,0.24556835460382653,0.3423898555213597
25607,LOF,0.028472129237787313,0.25248532329233414,0.7190425474698785
25608,LOF,0.045802122177350794,0.08951477269703322,0.864683105125616
25609,GOF,0.16179835140925297,0.5196982077392227,0.3185034408515243
25610,LOF,0.020258013130739383,0.05922873188178534,0.9205132549874753
25611,LOF,0.014201360033336375,0.06130658716813605,0.9244920527985276
25612,LOF,0.05495689353176689,0.06770151356181502,0.8773415929064181
25613,LOF,0.051899820306706985,0.06661466959776588,0.881485510095527
25614,LOF,0.023288629032045146,0.05996417095430315,0.9167472000136516
25615,LOF,0.04759911738779312,0.06331205186931395,0.8890888307428929
25616,LOF,0.0633435312838639,0.06176592798393321,0.874890540732203
25617,LOF,0.046749604323394686,0.06803119153668438,0.8852192041399208
25618,LOF,0.04968880913901449,0.10264869715807373,0.8476624937029118
25619,LOF,0.014179794969769052,0.0823361052274131,0.9034840998028177
25620,LOF,0.0482401301653654,0.0716560877096883,0.8801037821249463
25621,LOF,0.07186524627044552,0.06011498183587771,0.8680197718936769
25622,LOF,0.08363926295733762,0.07312420361243113,0.8432365334302313
25623,LOF,0.06485293868825891,0.07080703037679821,0.8643400309349429
25624,LOF,0.02312189471003934,0.0630429114135226,0.9138351938764381
25625,LOF,0.0666249172366073,0.06690371171257656,0.8664713710508162
25626,LOF,0.05386756932824983,0.061330728630121796,0.8848017020416284
25627,Neutral,0.880684185076121,0.022471316358504075,0.09684449856537501
25628,LOF,0.1746088474801049,0.06472725221006288,0.7606639003098321
25629,LOF,0.058155045818133404,0.06917198848714955,0.8726729656947171
25630,LOF,0.27912397164484576,0.07398169361494963,0.6468943347402046
25631,Neutral,0.5109240508684029,0.05146974473717737,0.43760620439441983
25632,LOF,0.03176771290938857,0.17066823399268552,0.7975640530979259
25633,LOF,0.21972754004308034,0.09252985256508071,0.6877426073918389
25634,LOF,0.04326902724789852,0.15450343831684893,0.8022275344352525
25635,LOF,0.03536363594830385,0.0736737324094533,0.8909626316422429
25636,GOF,0.03545909077740875,0.5205312541013702,0.444009655121221
25637,GOF,0.04141604048733809,0.5144562703139358,0.44412768919872603
25638,LOF,0.022756799198813862,0.45003106476560184,0.5272121360355843
25639,LOF,0.032951361662934164,0.4349042513187823,0.5321443870182835
25640,Neutral,0.8360510785979023,0.11226260194404256,0.0516863194580552
25641,LOF,0.13226836734277544,0.333833761197013,0.5338978714602115
25642,LOF,0.11423026924630561,0.15572449446128173,0.7300452362924126
25643,LOF,0.34400304631387557,0.08238982133188764,0.5736071323542369
25644,GOF,0.00926105179777813,0.5952488285207838,0.39549011968143805
25645,GOF,0.01313037967125174,0.5489664304978953,0.43790318983085297
25646,LOF,0.021446018111132007,0.3850712228018571,0.5934827590870109
25647,LOF,0.010899871757810077,0.2906465489161332,0.6984535793260568
25648,LOF,0.015109323349615835,0.35126105731891016,0.633629619331474
25649,LOF,0.009135242233096507,0.26879290792958443,0.722071849837319
25650,GOF,0.03307290118317142,0.5576348558771693,0.40929224293965916
25651,LOF,0.011968910749191328,0.35500538452800723,0.6330257047228015
25652,LOF,0.012709793938390022,0.39513064553277766,0.5921595605288323
25653,GOF,0.04814811961111765,0.5508780198876674,0.4009738605012149
25654,LOF,0.012368553004490777,0.27150225845335957,0.7161291885421496
25655,GOF,0.13283790840752646,0.5950533194906811,0.2721087721017924
25656,LOF,0.27663073319680603,0.07921531663189439,0.6441539501712995
25657,LOF,0.036477355069334624,0.08973014569360802,0.8737924992370573
25658,LOF,0.2914677153049358,0.12730283735398182,0.5812294473410823
25659,LOF,0.40086933882037484,0.14125985610739122,0.4578708050722339
25660,LOF,0.022359495367833118,0.09883770584799652,0.8788027987841702
25661,LOF,0.07588697057572588,0.06327385246153869,0.8608391769627354
25662,LOF,0.028656023385471928,0.038230506173214024,0.9331134704413141
25663,LOF,0.031093222128801803,0.036213531112841264,0.9326932467583569
25664,LOF,0.10206976642491677,0.06378477976701441,0.8341454538080687
25665,LOF,0.06175511280892627,0.03272111936700565,0.9055237678240681
25666,LOF,0.07353396990325871,0.05209627595246756,0.8743697541442738
25667,LOF,0.062079714523278616,0.04378664694667811,0.8941336385300434
25668,LOF,0.030273524009363655,0.05468655399609694,0.9150399219945394
25669,LOF,0.021630002418108224,0.05053058268880695,0.9278394148930849
25670,LOF,0.1343380084879614,0.04617018140196526,0.8194918101100733
25671,LOF,0.09531582885001234,0.03827506791839422,0.8664091032315935
25672,LOF,0.05362763624150901,0.050804047233192526,0.8955683165252986
25673,LOF,0.08005398939975719,0.044155213305024754,0.875790797295218
25674,LOF,0.07888426019981076,0.058011452497019,0.8631042873031702
25675,LOF,0.07468051341343984,0.0650352477460968,0.8602842388404633
25676,LOF,0.01660846426836807,0.06336820681939029,0.9200233289122417
25677,LOF,0.01676352859717372,0.0863421174768177,0.8968943539260086
25678,LOF,0.18195231445684049,0.0979272289096757,0.7201204566334839
25679,LOF,0.11508108849365357,0.09877410968059092,0.7861448018257554
25680,LOF,0.02751467751523722,0.12414228812831098,0.8483430343564518
25681,LOF,0.04372538196391706,0.11165459794499373,0.8446200200910892
25682,LOF,0.11917488198612305,0.06986687883923637,0.8109582391746406
25683,LOF,0.10040981295723789,0.09081281621010463,0.8087773708326574
25684,LOF,0.027094394114515145,0.05888789231586205,0.9140177135696229
25685,LOF,0.1248371345904174,0.0877825640155517,0.7873803013940308
25686,LOF,0.08825347768364525,0.12231774854499047,0.7894287737713643
25687,LOF,0.13704309798680483,0.11178644501196962,0.7511704570012254
25688,LOF,0.4270488854705012,0.03031162744996398,0.5426394870795348
25689,LOF,0.25231016863551764,0.042099010032721956,0.7055908213317603
25690,LOF,0.35294798051052734,0.02563661364527468,0.621415405844198
25691,Neutral,0.7372268969941159,0.024104731549749746,0.23866837145613434
25692,LOF,0.38867824288310027,0.010075455272653628,0.601246301844246
25693,GOF,0.03995252484938942,0.48968526375987287,0.47036221139073775
25694,LOF,0.11200119116487493,0.015081487593086182,0.8729173212420388
25695,LOF,0.11448270267231248,0.006754601039408585,0.878762696288279
25696,LOF,0.09607733892220001,0.009713470821961908,0.8942091902558382
25697,LOF,0.05093620207620422,0.08155395975761916,0.8675098381661766
25698,LOF,0.2646442676790535,0.2327988734089719,0.5025568589119745
25699,LOF,0.42674643466254303,0.03065050314388457,0.5426030621935723
25700,LOF,0.05829762488310263,0.00875716664464288,0.9329452084722546
25701,LOF,0.19956295620954287,0.02904076948950245,0.7713962743009547
25702,GOF,0.1902520143771328,0.6484128297008374,0.16133515592202993
25703,LOF,0.017520696964081553,0.17758461425739283,0.8048946887785255
25704,LOF,0.03482031282214542,0.14223989495321002,0.8229397922246445
25705,LOF,0.04348945269920222,0.07666348587656803,0.8798470614242297
25706,GOF,0.10422614417229084,0.48900310885936277,0.40677074696834636
25707,LOF,0.09016298681722767,0.39962171091083903,0.5102153022719333
25708,LOF,0.03207848479071388,0.3997686384436632,0.5681528767656229
25709,LOF,0.08048623797281687,0.03376158798322638,0.8857521740439568
25710,LOF,0.01671942051175468,0.14568669698526315,0.8375938825029821
25711,LOF,0.02070841425456823,0.07408973576736474,0.9052018499780671
25712,LOF,0.018554895462861848,0.189866796127715,0.7915783084094231
25713,LOF,0.020317250303935226,0.06358085909467205,0.9161018906013927
25714,LOF,0.09157613008623257,0.04928477278255716,0.8591390971312103
25715,LOF,0.012456178896066605,0.09754070719772467,0.8900031139062088
25716,LOF,0.01233842627406066,0.10103817878282743,0.886623394943112
25717,LOF,0.019691954308460706,0.060497693814802925,0.9198103518767364
25718,LOF,0.012184461319527214,0.04319890240987457,0.9446166362705981
25719,LOF,0.0234493393786523,0.05810971553465666,0.9184409450866909
25720,LOF,0.02964647141419035,0.04136513677408359,0.928988391811726
25721,LOF,0.012595691087283258,0.05789073341537045,0.9295135754973463
25722,LOF,0.01418585973615228,0.049737883122817114,0.9360762571410306
25723,LOF,0.026923687688644147,0.03609568976607144,0.9369806225452844
25724,LOF,0.03615856283572972,0.06698753471292673,0.8968539024513436
25725,LOF,0.011921880540416268,0.058402003071603925,0.9296761163879799
25726,LOF,0.017829558976517203,0.07344611128125723,0.9087243297422255
25727,LOF,0.014436889225686205,0.0502657650379206,0.9352973457363931
25728,LOF,0.01165628279597516,0.06119725007263476,0.92714646713139
25729,LOF,0.011556722179551806,0.06468643084561013,0.9237568469748381
25730,LOF,0.01587922164776371,0.0638034745700045,0.9203173037822319
25731,LOF,0.018851219473023647,0.08895481893159456,0.8921939615953818
25732,LOF,0.014789973918891064,0.04117330604565969,0.9440367200354493
25733,LOF,0.015142424757504672,0.05080217359491721,0.9340554016475782
25734,LOF,0.012981922491980318,0.12889706265590395,0.8581210148521158
25735,LOF,0.011759208796228526,0.050744917417717285,0.9374958737860541
25736,LOF,0.013051974915494695,0.055735960270569,0.9312120648139364
25737,LOF,0.013392916123475306,0.09599440338593856,0.8906126804905861
25738,LOF,0.013350774392998376,0.09369363963252474,0.8929555859744769
25739,LOF,0.02218978075511839,0.06348321676412877,0.9143270024807528
25740,LOF,0.03189622555539265,0.09899887488871194,0.8691048995558954
25741,LOF,0.017327386049086534,0.09289173961064953,0.8897808743402639
25742,LOF,0.13127140498141748,0.06436492005387362,0.804363674964709
25743,LOF,0.04458347709684275,0.06214551219059906,0.8932710107125582
25744,Neutral,0.6259149863816195,0.26276587571723714,0.11131913790114341
25745,LOF,0.06378230230903935,0.1052198162901647,0.8309978814007959
25746,LOF,0.043714640378747595,0.13701543729510315,0.8192699223261493
25747,LOF,0.016590084464771247,0.13022706005906726,0.8531828554761615
25748,LOF,0.09833967882275914,0.21428329655369532,0.6873770246235456
25749,LOF,0.022794623688678503,0.1310451064970007,0.8461602698143207
25750,LOF,0.05996979184200313,0.15646831864839758,0.7835618895095992
25751,LOF,0.10208474487342699,0.17219609954643744,0.7257191555801357
25752,GOF,0.12412378819344648,0.6379875773685522,0.2378886344380013
25753,LOF,0.03574056929424958,0.34961855375065487,0.6146408769550955
25754,GOF,0.01795195983747032,0.7752733619634312,0.2067746781990985
25755,LOF,0.03208657438321689,0.35969668992758325,0.6082167356891998
25756,LOF,0.06136426477332627,0.4245951261671058,0.5140406090595679
25757,GOF,0.015866070944290253,0.8704230015417578,0.11371092751395195
25758,GOF,0.028736151123185304,0.7985470804241366,0.17271676845267817
25759,GOF,0.011863208254705496,0.6507868161809032,0.3373499755643914
25760,LOF,0.020374013398690778,0.39040158726809715,0.589224399333212
25761,GOF,0.24693119051153545,0.6541586271178765,0.09891018237058806
25762,LOF,0.05028349541429483,0.3368532025825637,0.6128633020031415
25763,LOF,0.015985172776929665,0.25597252216997723,0.7280423050530931
25764,GOF,0.05749920454567513,0.7134230269853814,0.22907776846894345
25765,GOF,0.03102886777595791,0.7591730043916435,0.2097981278323986
25766,GOF,0.09058830628282034,0.7272607040663766,0.18215098965080323
25767,LOF,0.162208937035123,0.40973606857673517,0.4280549943881417
25768,LOF,0.12565228219320165,0.04211008223148385,0.8322376355753145
25769,LOF,0.04851706498724811,0.06612157277374034,0.8853613622390116
25770,LOF,0.4067111121431704,0.10032887442077738,0.4929600134360521
25771,LOF,0.0749142416890816,0.055841945009498864,0.8692438133014195
25772,LOF,0.019001281156568704,0.04931311622374766,0.9316856026196836
25773,LOF,0.07809386101563433,0.0577582865523126,0.8641478524320532
25774,LOF,0.029883468611943367,0.12276357093387502,0.8473529604541816
25775,LOF,0.07607143048427849,0.051397285805165525,0.8725312837105561
25776,LOF,0.07066776718041663,0.033728878035645136,0.8956033547839383
25777,Neutral,0.5538966690751184,0.08759446318543275,0.3585088677394488
25778,LOF,0.06562874200332053,0.05035175350203953,0.88401950449464
25779,GOF,0.438461892434857,0.5009867247220803,0.06055138284306283
25780,GOF,0.3774761095669764,0.5098163889979077,0.11270750143511588
25781,GOF,0.10354241588128767,0.7418508363395685,0.15460674777914385
25782,GOF,0.19048971002814935,0.6845583072010246,0.12495198277082598
25783,GOF,0.024399163836777597,0.6544265300046609,0.32117430615856146
25784,Neutral,0.5579298251480762,0.380477711101919,0.06159246375000472
25785,Neutral,0.533486108572585,0.3911006891775501,0.07541320224986489
25786,GOF,0.02729376958506662,0.6540727643241011,0.31863346609083226
25787,Neutral,0.7020772150154865,0.2484600633944744,0.04946272159003899
25788,LOF,0.057890866593988816,0.062339066224758675,0.8797700671812524
25789,GOF,0.21611536547133642,0.5822175973757324,0.20166703715293124
25790,GOF,0.25956670201365406,0.5884243116511003,0.15200898633524565
25791,GOF,0.13045645050010884,0.6005469736895255,0.26899657581036573
25792,GOF,0.3587309632720691,0.44127168733866035,0.19999734938927047
25793,GOF,0.2553082538918427,0.41819618542347936,0.32649556068467794
25794,GOF,0.34358178319823957,0.38561763729998455,0.27080057950177594
25795,GOF,0.062342969073357964,0.6157568558054146,0.3219001751212275
25796,Neutral,0.5164886724585702,0.3770815316861815,0.10642979585524841
25797,GOF,0.07350156696946032,0.46393812952049457,0.4625603035100451
25798,LOF,0.009577470087423315,0.4496060047313316,0.540816525181245
25799,LOF,0.00804910101010676,0.40112340285743825,0.5908274961324549
25800,GOF,0.036720917423468884,0.5403546737095939,0.4229244088669371
25801,GOF,0.26355523489988475,0.5801898520638994,0.15625491303621586
25802,GOF,0.06758895821212221,0.5519578527493629,0.38045318903851494
25803,LOF,0.0381590182827209,0.46679702553437497,0.49504395618290414
25804,LOF,0.03421369098328374,0.3978988704659091,0.5678874385508071
25805,GOF,0.08994753941569829,0.46116154183391367,0.4488909187503879
25806,GOF,0.10785976885681463,0.49703950143178305,0.39510072971140225
25807,GOF,0.019611297498124743,0.5175421410346576,0.4628465614672177
25808,GOF,0.08556989583094537,0.46459564449404206,0.4498344596750126
25809,GOF,0.018981158587870736,0.512558793263397,0.46846004814873227
25810,GOF,0.01944786652945838,0.5117649150671982,0.46878721840334336
25811,Neutral,0.5083842109901563,0.40221863923753415,0.08939714977230957
25812,GOF,0.03396892195906112,0.5361380666065471,0.4298930114343918
25813,Neutral,0.5796327132261523,0.27360503361382477,0.14676225316002292
25814,GOF,0.127336966046676,0.5482663021042651,0.32439673184905893
25815,GOF,0.2518218162183224,0.49252634010199176,0.25565184367968574
25816,GOF,0.019770061495677088,0.6311903104669871,0.3490396280373358
25817,GOF,0.18906516544789997,0.6474459917122588,0.1634888428398411
25818,GOF,0.03278040437870036,0.48483785218001507,0.48238174344128454
25819,GOF,0.3541905979321267,0.42161417789528466,0.22419522417258855
25820,GOF,0.1912905770290871,0.520460707002332,0.2882487159685809
25821,GOF,0.05839837119867329,0.5947459888902846,0.3468556399110421
25822,GOF,0.2567011418566531,0.4334825535650587,0.30981630457828824
25823,LOF,0.033016045018430445,0.4015486998670574,0.5654352551145121
25824,LOF,0.07943288861439664,0.4429791466102712,0.47758796477533216
25825,LOF,0.02847465150041084,0.45903080928015766,0.5124945392194314
25826,LOF,0.010316359096707521,0.4389017340445302,0.5507819068587622
25827,GOF,0.01737566679753628,0.5054503712017905,0.47717396200067325
25828,LOF,0.012080321990532869,0.43388332523709566,0.5540363527723714
25829,LOF,0.006935403163888623,0.49183482780130006,0.5012297690348113
25830,LOF,0.037315436822166474,0.21453397269543154,0.748150590482402
25831,GOF,0.14969606544213918,0.7003885585789571,0.14991537597890386
25832,GOF,0.03403750218962861,0.5986031292264643,0.36735936858390716
25833,GOF,0.11821862714271603,0.5867956181209475,0.2949857547363365
25834,GOF,0.041027316305856334,0.584835070006802,0.37413761368734166
25835,GOF,0.10395473546048165,0.5104458932924281,0.3855993712470903
25836,GOF,0.047931510155448394,0.5384614745052209,0.41360701533933075
25837,LOF,0.023788513387980655,0.4502931054030078,0.5259183812090116
25838,GOF,0.09392604918307014,0.6264638718303895,0.27961007898654033
25839,GOF,0.27505427877912664,0.48506742358241345,0.23987829763845986
25840,GOF,0.22446265246096433,0.5172058391045424,0.2583315084344932
25841,GOF,0.2648071464988613,0.4846821352635833,0.25051071823755533
25842,GOF,0.17350928526440995,0.5639456478573276,0.26254506687826235
25843,GOF,0.24521736959466778,0.5645696318573479,0.1902129985479844
25844,GOF,0.06145864916723252,0.5508988394805096,0.3876425113522579
25845,LOF,0.013754034972485686,0.42115156158203776,0.5650944034454766
25846,GOF,0.09806747249705133,0.6557950875112908,0.24613743999165785
25847,GOF,0.12846156156640062,0.6546756499073437,0.2168627885262556
25848,GOF,0.03682851046937325,0.5988230632655953,0.3643484262650315
25849,LOF,0.011425542760407725,0.49195148213602413,0.4966229751035682
25850,GOF,0.023946242786755167,0.5189976445044626,0.4570561127087822
25851,LOF,0.01915173379070358,0.43342915708257845,0.547419109126718
25852,GOF,0.1309483538567801,0.5160859438639849,0.352965702279235
25853,GOF,0.3383870473228692,0.540750356598071,0.12086259607905973
25854,GOF,0.017900182590623374,0.6240710467695262,0.3580287706398504
25855,GOF,0.04405008133937314,0.567764885915873,0.38818503274475386
25856,GOF,0.25384642080117675,0.5029482803275712,0.24320529887125206
25857,GOF,0.03924056192194379,0.4980570775259536,0.4627023605521026
25858,GOF,0.016851572789432542,0.537542479095481,0.44560594811508647
25859,GOF,0.009087417955844439,0.5367419156435134,0.4541706664006422
25860,GOF,0.31679967541113496,0.5439253342135895,0.13927499037527558
25861,GOF,0.3557026904794731,0.5376991348110318,0.10659817470949502
25862,GOF,0.06628722859857321,0.7454655975954411,0.1882471738059857
25863,GOF,0.07172638354581269,0.7630109149417168,0.16526270151247052
25864,GOF,0.15370581882246642,0.7317680354346332,0.11452614574290043
25865,GOF,0.06791412724333264,0.7491455704846041,0.1829403022720633
25866,GOF,0.059209929827165185,0.7631944045872555,0.17759566558557938
25867,GOF,0.08006340064834995,0.7575053841949264,0.1624312151567235
25868,GOF,0.24100794446733292,0.59620765966924,0.1627843958634271
25869,Neutral,0.6859303211095851,0.2550936508342792,0.058976028056135735
25870,LOF,0.25071862262540046,0.20099696130258088,0.5482844160720186
25871,GOF,0.23485730550270942,0.5643506420613349,0.2007920524359557
25872,GOF,0.09459713415764648,0.5425600896364984,0.36284277620585514
25873,GOF,0.1661772345107108,0.5232717681849403,0.3105509973043489
25874,LOF,0.02197520573832119,0.06593329814570971,0.9120914961159691
25875,LOF,0.07911301463038822,0.05889593019870632,0.8619910551709055
25876,LOF,0.027546498751060876,0.05494327690146476,0.9175102243474743
25877,Neutral,0.5231846711750999,0.053696028920617075,0.423119299904283
25878,LOF,0.25822358412242113,0.09490164294973343,0.6468747729278455
25879,LOF,0.12979684170166922,0.1205607411131195,0.7496424171852113
25880,LOF,0.022898656889330026,0.022556944548942335,0.9545443985617276
25881,LOF,0.192940205780276,0.25864015552120884,0.5484196386985152
25882,LOF,0.07341006166375065,0.02305663406227255,0.9035333042739767
25883,LOF,0.08401145750935805,0.048625719206871865,0.8673628232837701
25884,LOF,0.04293010817275099,0.05809827459072643,0.8989716172365226
25885,LOF,0.056409144213423745,0.027714309409805023,0.9158765463767712
25886,LOF,0.36303083263898517,0.11096786167496464,0.5260013056860502
25887,LOF,0.1915192643586158,0.17105959009827074,0.6374211455431134
25888,LOF,0.06888933371709302,0.1416361039179208,0.7894745623649861
25889,LOF,0.03947604195313285,0.05396686869670882,0.9065570893501583
25890,LOF,0.05950472532913124,0.14991181084326166,0.7905834638276071
25891,LOF,0.05866516392121611,0.06164994462649902,0.8796848914522849
25892,LOF,0.09480534847560679,0.02742836970270348,0.8777662818216898
25893,LOF,0.3024376911129169,0.017074528560092613,0.6804877803269905
25894,LOF,0.15866234190078043,0.009634736445647121,0.8317029216535725
25895,LOF,0.20524484550778807,0.021362482139774455,0.7733926723524375
25896,LOF,0.04548149957023262,0.020972770171830208,0.9335457302579372
25897,LOF,0.22055565656724754,0.01807336242820367,0.7613709810045487
25898,Neutral,0.7434957833697952,0.01166081130467398,0.24484340532553087
25899,LOF,0.2796417368271032,0.0435743387124438,0.676783924460453
25900,Neutral,0.5784160541463382,0.014981269212299234,0.4066026766413625
25901,LOF,0.05270174787039841,0.012451103753708156,0.9348471483758934
25902,LOF,0.17099647048122943,0.010758538512772226,0.8182449910059985
25903,Neutral,0.6024255502673268,0.02958930908268872,0.3679851406499845
25904,LOF,0.2750575474531855,0.04059841900361287,0.6843440335432017
25905,LOF,0.03275864371341337,0.29473146785708343,0.6725098884295032
25906,LOF,0.022574134209888692,0.06935386273900424,0.908072003051107
25907,LOF,0.014888154722161984,0.3076411959413738,0.6774706493364643
25908,LOF,0.01372901064107763,0.21053672718522265,0.7757342621736997
25909,LOF,0.015892252279007698,0.14605579285573334,0.8380519548652589
25910,LOF,0.04350236606194024,0.1957881146679354,0.7607095192701244
25911,LOF,0.07387994474028971,0.05433943196125876,0.8717806232984515
25912,LOF,0.03522245719911102,0.08973661564586079,0.8750409271550282
25913,LOF,0.2456639614292149,0.03679072397146215,0.7175453145993229
25914,LOF,0.026286802167309647,0.1427353090550852,0.8309778887776051
25915,Neutral,0.3978488007216416,0.26526280729528023,0.3368883919830782
25916,LOF,0.05739328756022733,0.3314260574060614,0.6111806550337113
25917,LOF,0.05822192641261752,0.05987345670397996,0.8819046168834025
25918,LOF,0.036961780692798804,0.0814455101653171,0.881592709141884
25919,LOF,0.03162383661073491,0.08247825318654894,0.8858979102027161
25920,GOF,0.10037604575759486,0.5891004334408139,0.3105235208015913
25921,LOF,0.03669342828359135,0.0293388631306433,0.9339677085857654
25922,LOF,0.05349490741514593,0.019524758938493827,0.9269803336463602
25923,LOF,0.4126396372606417,0.021024395500723048,0.5663359672386352
25924,LOF,0.038445697736910873,0.02552485912322663,0.9360294431398625
25925,LOF,0.0813037125803258,0.036080215845479706,0.8826160715741946
25926,LOF,0.05932751258967564,0.022918495741830892,0.9177539916684934
25927,LOF,0.07690711587318483,0.05598816159387441,0.8671047225329407
25928,LOF,0.025567660696774023,0.023729204571875936,0.95070313473135
25929,Neutral,0.5467322419771089,0.024449428784241885,0.42881832923864915
25930,LOF,0.07401565638752304,0.017700542583259597,0.9082838010292175
25931,LOF,0.032591648016652416,0.018439127808454723,0.9489692241748929
25932,LOF,0.031952237514912496,0.016054425015828187,0.9519933374692594
25933,LOF,0.0391860297102381,0.010386533751275415,0.9504274365384865
25934,LOF,0.0274033011032131,0.012560316525735324,0.9600363823710516
25935,LOF,0.08011274260359053,0.035728336958724266,0.8841589204376852
25936,LOF,0.04821508729585574,0.01625694898460142,0.9355279637195428
25937,LOF,0.03555239759800526,0.024976273170841078,0.9394713292311537
25938,LOF,0.07829583181061882,0.042559259737026844,0.8791449084523544
25939,LOF,0.0453968583116745,0.01083688023579689,0.9437662614525285
25940,LOF,0.023188698212368835,0.36951268616837074,0.6072986156192605
25941,LOF,0.15180847842498357,0.12101655184270504,0.7271749697323112
25942,LOF,0.013601660256113661,0.046399093768353675,0.9399992459755325
25943,LOF,0.3355772214977704,0.11423486468939732,0.5501879138128323
25944,Neutral,0.48945033662940585,0.062305695132093865,0.4482439682385003
25945,LOF,0.07219598982962441,0.035672991342536514,0.8921310188278391
25946,LOF,0.02993829193838722,0.17062797933069201,0.7994337287309207
25947,LOF,0.13804258351025347,0.15405761469350424,0.7078998017962422
25948,LOF,0.41692077820900014,0.01829335195827256,0.5647858698327272
25949,LOF,0.0887151161997332,0.06231884953637416,0.8489660342638927
25950,GOF,0.20658639422006683,0.41788016571722636,0.3755334400627068
25951,LOF,0.24573403122531762,0.16803881795571168,0.5862271508189707
25952,LOF,0.05275911359815368,0.41496665514047765,0.5322742312613687
25953,LOF,0.1474331774375021,0.10567753324696111,0.7468892893155368
25954,LOF,0.3175226037551411,0.23490038432993865,0.4475770119149203
25955,LOF,0.0648142591260839,0.08273302603704605,0.8524527148368701
25956,LOF,0.2050375251786007,0.07002333068885312,0.7249391441325462
25957,LOF,0.04733824872322681,0.024586512986395588,0.9280752382903775
25958,LOF,0.05752592140252726,0.038656457649540545,0.9038176209479322
25959,GOF,0.07048562708039918,0.4710564758874845,0.4584578970321164
25960,LOF,0.020824527962267567,0.06941491403819,0.9097605579995426
25961,LOF,0.04766902562757575,0.04939646263349007,0.9029345117389341
25962,LOF,0.07311662596170036,0.03292295117036296,0.8939604228679365
25963,LOF,0.06488283527171297,0.15832902609813146,0.7767881386301555
25964,LOF,0.04006465987642809,0.155968836997475,0.8039665031260969
25965,Neutral,0.48044900067611745,0.07232333384863868,0.44722766547524395
25966,LOF,0.3245119001844588,0.31116655587133357,0.36432154394420757
25967,LOF,0.015264897913789691,0.11406497909317062,0.8706701229930397
25968,LOF,0.04481683047777094,0.41333030057128967,0.5418528689509393
25969,LOF,0.0327655107947341,0.05178205245982723,0.9154524367454387
25970,LOF,0.07530967256122453,0.06368228011139476,0.8610080473273808
25971,LOF,0.08764479819884498,0.032537220439959054,0.879817981361196
25972,LOF,0.08411141544320233,0.037535990510307836,0.8783525940464898
25973,LOF,0.1000444032105491,0.009382801421001462,0.8905727953684495
25974,LOF,0.3156422419326914,0.016330002021716295,0.6680277560455923
25975,LOF,0.05709994510820356,0.03001008643359658,0.9128899684581998
25976,LOF,0.041327789476534836,0.022545584594600925,0.9361266259288643
25977,LOF,0.13568319998690087,0.1293388386065769,0.7349779614065222
25978,LOF,0.13057080141464147,0.14293309047965175,0.7264961081057068
25979,LOF,0.12501499154097326,0.12276423709984986,0.7522207713591769
25980,LOF,0.14433687858490907,0.20114537871841343,0.6545177426966774
25981,LOF,0.18165738097050538,0.19545703251517713,0.6228855865143175
25982,LOF,0.4009156537905941,0.12787354241053403,0.471210803798872
25983,LOF,0.3885372566642685,0.10810928505571188,0.5033534582800196
25984,LOF,0.049816493970158665,0.11272224671587902,0.8374612593139623
25985,LOF,0.020159252466478258,0.33072643054969236,0.6491143169838294
25986,LOF,0.024683812474166063,0.3229951687274667,0.6523210187983672
25987,LOF,0.0853989734768331,0.12452332666349553,0.7900776998596714
25988,LOF,0.11553065901446993,0.09187518920607128,0.7925941517794587
25989,LOF,0.02430534997795556,0.16252414668174123,0.8131705033403032
25990,LOF,0.03245157001872819,0.1506503209363405,0.8168981090449312
25991,GOF,0.1330756790415513,0.44390381670502427,0.42302050425342447
25992,LOF,0.29599065902056837,0.2962494568802092,0.4077598840992224
25993,LOF,0.02639663590417271,0.10412032639167804,0.8694830377041491
25994,LOF,0.01713687147128942,0.12957216193149088,0.8532909665972196
25995,LOF,0.0298788122649676,0.15825032732309371,0.8118708604119387
25996,GOF,0.19890487808053742,0.5346265993092681,0.2664685226101944
25997,GOF,0.06616948672858415,0.5276087177984743,0.40622179547294157
25998,Neutral,0.660741491556185,0.023375468028935555,0.3158830404148794
25999,LOF,0.14404044500820593,0.11136992790239189,0.7445896270894021
26000,LOF,0.1087447586256425,0.03250764934237527,0.8587475920319824
26001,LOF,0.19122842376622914,0.03655937285571074,0.7722122033780602
26002,LOF,0.12942353527518116,0.03720532960555319,0.8333711351192656
26003,GOF,0.010196052770032552,0.7073603016497773,0.2824436455801903
26004,GOF,0.023422119642177858,0.7324967870828972,0.24408109327492483
26005,GOF,0.011361569005256554,0.6151529391079505,0.37348549188679286
26006,Neutral,0.5083113576212158,0.3056029536476258,0.18608568873115838
26007,GOF,0.0196080229496047,0.6469357566220963,0.3334562204282989
26008,GOF,0.020925293207891448,0.6135370673542717,0.36553763943783696
26009,GOF,0.02926182174553836,0.6849613193052085,0.28577685894925303
26010,GOF,0.025104026240799018,0.7590912037728479,0.2158047699863531
26011,GOF,0.010532471147862979,0.578909756201605,0.410557772650532
26012,GOF,0.019878508280613758,0.6326830786891685,0.3474384130302177
26013,GOF,0.016387653403471366,0.7404214668185385,0.24319087977799012
26014,LOF,0.03747800056967488,0.19546438313477232,0.7670576162955527
26015,LOF,0.18924319324960906,0.007913732052506998,0.8028430746978841
26016,LOF,0.2519780981145103,0.03825315439914397,0.7097687474863458
26017,LOF,0.1643352202559588,0.08103758756380855,0.7546271921802327
26018,LOF,0.08270038968165705,0.025718035147621252,0.8915815751707218
26019,LOF,0.08285546912004045,0.019982632872639478,0.89716189800732
26020,LOF,0.055650593933473616,0.09830628938570916,0.8460431166808173
26021,LOF,0.05490745347982694,0.14641909881728774,0.7986734477028853
26022,LOF,0.009758228890336566,0.05738991066799994,0.9328518604416636
26023,LOF,0.11104192114661984,0.017682734550157116,0.8712753443032231
26024,LOF,0.029313331767903624,0.09837117640228421,0.8723154918298122
26025,LOF,0.135928647955088,0.08819874444570498,0.775872607599207
26026,LOF,0.31221946574836373,0.014314407378089119,0.6734661268735471
26027,LOF,0.07992464534195598,0.013404686363502684,0.9066706682945415
26028,LOF,0.179400961089487,0.09572886504895256,0.7248701738615604
26029,LOF,0.1188405416490877,0.15375093074454393,0.7274085276063684
26030,LOF,0.0345623282058934,0.07165013144573083,0.8937875403483758
26031,LOF,0.04616854143268969,0.13741524225769736,0.8164162163096129
26032,LOF,0.0850818925664094,0.061780578791030896,0.8531375286425597
26033,LOF,0.14004434290591566,0.06705430815955739,0.792901348934527
26034,LOF,0.07140747198960191,0.12936475405205852,0.7992277739583397
26035,LOF,0.04765522095315879,0.11132699966477622,0.8410177793820649
26036,LOF,0.0698309143463232,0.13170447875334487,0.7984646069003319
26037,LOF,0.03767263321048388,0.10728672869403151,0.8550406380954846
26038,LOF,0.08018986278587747,0.05423109465039638,0.8655790425637262
26039,LOF,0.09263371003859289,0.1206926093346258,0.7866736806267812
26040,LOF,0.2419899188552133,0.09554728847706276,0.6624627926677239
26041,LOF,0.037552518136746885,0.1002748813690465,0.8621726004942066
26042,LOF,0.03816520700660372,0.10108643351876864,0.8607483594746278
26043,LOF,0.0777716259200914,0.07076015002509398,0.8514682240548146
26044,LOF,0.032571051612112115,0.07566270233092798,0.8917662460569599
26045,LOF,0.10638284535751459,0.09482464663598447,0.7987925080065009
26046,LOF,0.08291706414075047,0.07383603562066204,0.8432469002385875
26047,LOF,0.11477739541047859,0.08310491529894028,0.8021176892905811
26048,LOF,0.05676967217130128,0.055669735989168224,0.8875605918395305
26049,Neutral,0.9495528956422751,0.01102365832280059,0.039423446034924356
26050,Neutral,0.9333430168198296,0.01185116115132698,0.05480582202884348
26051,LOF,0.05412266645819108,0.42534844536112115,0.5205288881806878
26052,GOF,0.06312206058136377,0.48255148561536604,0.4543264538032701
26053,LOF,0.06508239202102255,0.2753113946260961,0.6596062133528814
26054,LOF,0.0581724383842096,0.05444691119355041,0.88738065042224
26055,LOF,0.08097503160884383,0.04521133459948345,0.8738136337916727
26056,LOF,0.06719407313288302,0.0530501853229497,0.8797557415441674
26057,LOF,0.03385144993415929,0.02256851150677755,0.9435800385590632
26058,LOF,0.03404524740970354,0.020254269482351255,0.9457004831079452
26059,LOF,0.3522904825191567,0.06566628429801007,0.5820432331828332
26060,LOF,0.028464043773685468,0.34823286145765014,0.6233030947686643
26061,LOF,0.01860867724001951,0.031770987189241845,0.9496203355707388
26062,LOF,0.012895714658155788,0.0399161204901183,0.9471881648517259
26063,LOF,0.02378886410114324,0.0208501882930217,0.955360947605835
26064,LOF,0.021194761048475955,0.0281800716662497,0.9506251672852742
26065,LOF,0.027713552914474263,0.02362292073013752,0.9486635263553882
26066,LOF,0.02082852113471468,0.0246458251499217,0.9545256537153636
26067,LOF,0.025539636885094117,0.019619974970682456,0.9548403881442235
26068,LOF,0.05572688961864502,0.059652696450633536,0.8846204139307213
26069,LOF,0.437850081925161,0.041734495786289405,0.5204154222885496
26070,Neutral,0.6620930747459477,0.021620436732879444,0.3162864885211729
26071,LOF,0.02442543257569824,0.025584968319043954,0.9499895991052578
26072,LOF,0.025887143470230828,0.04553377028411413,0.928579086245655
26073,LOF,0.026429935701523376,0.020300406819364788,0.9532696574791119
26074,Neutral,0.8730335799430604,0.009173329802605414,0.11779309025433411
26075,LOF,0.04652355048458319,0.0298265033777195,0.9236499461376974
26076,LOF,0.04677858223472684,0.018370269109978302,0.934851148655295
26077,LOF,0.010124209215773405,0.041935979390253494,0.947939811393973
26078,LOF,0.013642686583930941,0.027156199991141786,0.9592011134249273
26079,LOF,0.05740015356555917,0.033712084361896204,0.9088877620725446
26080,LOF,0.05740015356555917,0.033712084361896204,0.9088877620725446
26081,LOF,0.03656683095656756,0.014785767899329758,0.9486474011441026
26082,LOF,0.021508482216236482,0.039612316080481894,0.9388792017032817
26083,LOF,0.1529612552866712,0.024665502014570226,0.8223732426987586
26084,LOF,0.028104968520171764,0.029294683955710464,0.9426003475241178
26085,LOF,0.02434241366067147,0.026662426337074892,0.9489951600022536
26086,LOF,0.023672995258618268,0.0256138775384484,0.9507131272029333
26087,LOF,0.025813545896522554,0.019195788487761888,0.9549906656157157
26088,LOF,0.02482948368005062,0.04133069395568699,0.9338398223642624
26089,LOF,0.048394974844199926,0.046273811958478774,0.9053312131973212
26090,LOF,0.047106329312036094,0.03435664004186413,0.9185370306460998
26091,LOF,0.03999318840669399,0.013532568801352483,0.9464742427919535
26092,LOF,0.030541968450479264,0.01769120960030268,0.9517668219492181
26093,LOF,0.042427908701267995,0.013833798422743829,0.9437382928759881
26094,LOF,0.04686532236589664,0.011980234605023468,0.9411544430290799
26095,LOF,0.03932028153254075,0.03375379001644562,0.9269259284510135
26096,LOF,0.017156817053332375,0.02844328285048665,0.954399900096181
26097,LOF,0.011461302151196874,0.09081437383748558,0.8977243240113176
26098,LOF,0.06890580482027824,0.033270864675213924,0.8978233305045078
26099,LOF,0.02586164958504878,0.03212652888386612,0.9420118215310851
26100,LOF,0.02739243971367977,0.030621033972400576,0.9419865263139195
26101,LOF,0.061054320877926754,0.026455081495228055,0.9124905976268453
26102,LOF,0.028732051371771466,0.02515040545861435,0.9461175431696143
26103,Neutral,0.8834864463654962,0.039710125910805576,0.07680342772369839
26104,LOF,0.05781599109374011,0.06389765310287258,0.8782863558033872
26105,LOF,0.2409713968221006,0.25850838121081166,0.5005202219670878
26106,LOF,0.17985387106010878,0.1347384876122543,0.685407641327637
26107,LOF,0.2474646866688692,0.11966070567549608,0.6328746076556346
26108,LOF,0.23391396636107303,0.15109375696097105,0.614992276677956
26109,LOF,0.05543885727485335,0.15226501640434606,0.7922961263208005
26110,LOF,0.30924383316123694,0.011716593801274615,0.6790395730374884
26111,Neutral,0.49324884050661366,0.023549506723466576,0.48320165276991983
26112,LOF,0.03931166350741357,0.014036607722515162,0.9466517287700713
26113,LOF,0.05669704066719577,0.022763390786952966,0.9205395685458512
26114,LOF,0.02066564414546775,0.022771148294504592,0.9565632075600277
26115,LOF,0.09566610940384802,0.03377009562909603,0.8705637949670558
26116,LOF,0.052351544702782186,0.0417345587363612,0.9059138965608566
26117,LOF,0.3185618965573578,0.07750133074965698,0.6039367726929852
26118,LOF,0.0430380274081619,0.04099372769491665,0.9159682448969214
26119,LOF,0.02175578397575829,0.06353445960002178,0.9147097564242199
26120,LOF,0.02896274684745417,0.031372949830665554,0.9396643033218802
26121,LOF,0.05555531369386939,0.11058205997573367,0.833862626330397
