feature0,prediction,LoGoFunc_Neutral,LoGoFunc_GOF,LoGoFunc_LOF
25546,Neutral,0.4687473040737077,0.1429316644754265,0.38832103145086594
25547,Neutral,0.47689653974645113,0.20012957199071316,0.3229738882628356
25548,LOF,0.39581926941006806,0.1596948196656615,0.44448591092427037
25549,LOF,0.3147016745696779,0.2150343082631258,0.47026401716719635
25550,LOF,0.2349506703038294,0.22711305931686362,0.537936270379307
25551,LOF,0.19652092508502517,0.28356438957955726,0.5199146853354175
25552,LOF,0.1758721979111976,0.3576278766311505,0.46649992545765195
25553,Neutral,0.6910985484012756,0.16482107893769954,0.14408037266102483
25554,LOF,0.18946601311235967,0.24575780805357803,0.5647761788340624
25555,LOF,0.18946601311235967,0.24575780805357803,0.5647761788340624
25556,Neutral,0.43816940105302654,0.16860380065737257,0.39322679828960083
25557,LOF,0.19131777877846967,0.23400868317378987,0.5746735380477405
25558,LOF,0.17902938318991873,0.2401293390092861,0.5808412778007952
25559,LOF,0.2603712405910409,0.07954219198219706,0.660086567426762
25560,GOF,0.0682814942486195,0.5574601848030051,0.37425832094837547
25561,GOF,0.049943721180600864,0.48936362755551455,0.46069265126388453
25562,LOF,0.05079636064743426,0.24520434937808036,0.7039992899744854
25563,LOF,0.035408784119856415,0.23979012123089358,0.7248010946492499
25564,LOF,0.05476099335459272,0.17227099453050038,0.7729680121149068
25565,GOF,0.2101742133067443,0.45340565774272545,0.3364201289505302
25566,GOF,0.10409974273847193,0.615254332438682,0.2806459248228461
25567,LOF,0.03430928722815736,0.2243564974461148,0.7413342153257279
25568,LOF,0.0701720853208786,0.08912816001805403,0.8406997546610674
25569,LOF,0.05320024164751839,0.17693221707630824,0.7698675412761734
25570,LOF,0.05476099335459272,0.17227099453050038,0.7729680121149068
25571,LOF,0.05476099335459272,0.17227099453050038,0.7729680121149068
25572,LOF,0.06475508450105662,0.1650601251889355,0.7701847903100077
25573,LOF,0.05475568972551734,0.19758936391871698,0.7476549463557657
25574,GOF,0.0558850321662918,0.7088516483941318,0.2352633194395765
25575,LOF,0.05476099335459272,0.17227099453050038,0.7729680121149068
25576,LOF,0.02652160114662064,0.1614470938352179,0.8120313050181615
25577,LOF,0.02701708167493167,0.18726817790627867,0.7857147404187897
25578,LOF,0.09030661861639817,0.3230813455531148,0.586612035830487
25579,LOF,0.07707775091330005,0.311991620292997,0.610930628793703
25580,LOF,0.05476099335459272,0.17227099453050038,0.7729680121149068
25581,LOF,0.061442085193319326,0.21687405058315726,0.7216838642235235
25582,LOF,0.061442085193319326,0.21687405058315726,0.7216838642235235
25583,LOF,0.05476099335459272,0.17227099453050038,0.7729680121149068
25584,Neutral,0.6388742465845936,0.0789286535054214,0.282197099909985
25585,LOF,0.03294279705217445,0.15679202507141113,0.8102651778764144
25586,LOF,0.05476099335459272,0.17227099453050038,0.7729680121149068
25587,LOF,0.05476099335459272,0.17227099453050038,0.7729680121149068
25588,LOF,0.05476099335459272,0.17227099453050038,0.7729680121149068
25589,GOF,0.28446280018340164,0.4926380758789089,0.22289912393768954
25590,LOF,0.05325134002102587,0.20149412887257406,0.7452545311064002
25591,LOF,0.058733672219677735,0.12258723836437835,0.8186790894159439
25592,GOF,0.22624760294295565,0.4780511587892538,0.2957012382677906
25593,GOF,0.061813209240151615,0.6975946459898553,0.2405921447699931
25594,LOF,0.07746205960640024,0.092571764663524,0.8299661757300757
25595,LOF,0.08149555911815204,0.08660793283124105,0.8318965080506069
25596,LOF,0.1086644866621771,0.0954446966615946,0.7958908166762282
25597,LOF,0.10605400979795089,0.13349997832383995,0.7604460118782091
25598,LOF,0.05818105716427608,0.09626108832012244,0.8455578545156014
25599,GOF,0.03310722241605928,0.6009398182031952,0.36595295938074557
25600,GOF,0.062371002041017,0.6082026585214659,0.32942633943751715
25601,GOF,0.02751672651344763,0.538770661959804,0.4337126115267483
25602,LOF,0.052128608657655826,0.1338903261685535,0.8139810651737908
25603,LOF,0.05476099335459272,0.17227099453050038,0.7729680121149068
25604,LOF,0.07524756475136113,0.2517623696947043,0.6729900655539347
25605,GOF,0.20011256488836737,0.5371831637483149,0.2627042713633177
25606,Neutral,0.643510267598332,0.1864581715514507,0.17003156085021745
25607,GOF,0.03146570581948226,0.5812211030379336,0.3873131911425841
25608,LOF,0.07005585996178758,0.17157187051059705,0.7583722695276155
25609,GOF,0.08911484903026737,0.6844062529346168,0.2264788980351159
25610,LOF,0.05476099335459272,0.17227099453050038,0.7729680121149068
25611,LOF,0.05476099335459272,0.17227099453050038,0.7729680121149068
25612,LOF,0.07716899947362041,0.06665687818626272,0.8561741223401169
25613,LOF,0.08392008069194518,0.08630629798095749,0.8297736213270973
25614,LOF,0.05476099335459272,0.17227099453050038,0.7729680121149068
25615,LOF,0.06921790744051129,0.19049752585970686,0.7402845666997818
25616,LOF,0.05476099335459272,0.17227099453050038,0.7729680121149068
25617,LOF,0.05476099335459272,0.17227099453050038,0.7729680121149068
25618,GOF,0.11285805672187928,0.44773591643719435,0.4394060268409263
25619,LOF,0.05476099335459272,0.17227099453050038,0.7729680121149068
25620,LOF,0.05476099335459272,0.17227099453050038,0.7729680121149068
25621,LOF,0.07808519957321147,0.1449780044249654,0.7769367960018231
25622,LOF,0.08589211426165878,0.10015491710111613,0.813952968637225
25623,LOF,0.10883887660131755,0.06619575213801294,0.8249653712606696
25624,LOF,0.05476099335459272,0.17227099453050038,0.7729680121149068
25625,LOF,0.1007342204439624,0.09205485579659037,0.8072109237594471
25626,LOF,0.06381544731471958,0.10486685241103928,0.831317700274241
25627,Neutral,0.7353419125649782,0.1644817015206471,0.10017638591437483
25628,GOF,0.039012389090799314,0.5336872013271889,0.4273004095820117
25629,LOF,0.05150572071404003,0.2973376751056668,0.6511566041802932
25630,GOF,0.1846104549081449,0.6374485778227043,0.17794096726915085
25631,GOF,0.13586390714685748,0.6573686584961144,0.20676743435702813
25632,LOF,0.03265332873268965,0.11082544409718266,0.8565212271701276
25633,LOF,0.05476099335459272,0.17227099453050038,0.7729680121149068
25634,LOF,0.060282797498722465,0.141599683799268,0.7981175187020095
25635,LOF,0.05476099335459272,0.17227099453050038,0.7729680121149068
25636,GOF,0.030174178219478306,0.5588024473347606,0.41102337444576104
25637,GOF,0.027059719599081853,0.5719691559799431,0.40097112442097493
25638,GOF,0.028638926221111565,0.5243857675233317,0.44697530625555665
25639,GOF,0.025537346325256487,0.5681382760248184,0.4063243776499252
25640,Neutral,0.6939545685175966,0.21880470681693778,0.08724072466546562
25641,GOF,0.060732310449865524,0.4759517018337626,0.4633159877163717
25642,LOF,0.03647182731026328,0.3273962539756236,0.6361319187141132
25643,LOF,0.3119468229707876,0.1947345865274901,0.4933185905017225
25644,GOF,0.04611344760040618,0.5691536915638103,0.3847328608357834
25645,GOF,0.051332179267118486,0.6096350605665347,0.33903276016634676
25646,GOF,0.07558667784371587,0.6865304949484138,0.23788282720787035
25647,LOF,0.03523575169791618,0.39123033828171233,0.5735339100203716
25648,GOF,0.02985506317598048,0.5232718647812964,0.44687307204272314
25649,LOF,0.0366006910345511,0.2383837169673232,0.7250155919981258
25650,GOF,0.0842144943754757,0.6480841691689345,0.26770133645558986
25651,GOF,0.04243459133791757,0.6263255747073484,0.3312398339547339
25652,GOF,0.08445707214030132,0.4707567701551511,0.44478615770454755
25653,GOF,0.24723851633256347,0.5257004995398662,0.22706098412757042
25654,LOF,0.03791018303522093,0.35668860167536665,0.6054012152894125
25655,GOF,0.1561352012571338,0.5604724466685875,0.28339235207427865
25656,LOF,0.14079096280232853,0.23195313096944636,0.6272559062282251
25657,LOF,0.0547314669875706,0.08960016848398776,0.8556683645284417
25658,GOF,0.07102001340908812,0.5502954596841717,0.37868452690674015
25659,GOF,0.1821510699156331,0.6254349874886568,0.19241394259571004
25660,LOF,0.05476099335459272,0.17227099453050038,0.7729680121149068
25661,LOF,0.05476099335459272,0.17227099453050038,0.7729680121149068
25662,LOF,0.05476099335459272,0.17227099453050038,0.7729680121149068
25663,LOF,0.05476099335459272,0.17227099453050038,0.7729680121149068
25664,LOF,0.07684085231753075,0.2049021066661316,0.7182570410163376
25665,LOF,0.0750281098468828,0.142700139801468,0.7822717503516493
25666,LOF,0.07729195068351329,0.20707077918736025,0.7156372701291266
25667,LOF,0.05476099335459272,0.17227099453050038,0.7729680121149068
25668,LOF,0.05476099335459272,0.17227099453050038,0.7729680121149068
25669,LOF,0.05476099335459272,0.17227099453050038,0.7729680121149068
25670,LOF,0.10146251894737429,0.08243837382656882,0.8160991072260568
25671,LOF,0.05476099335459272,0.17227099453050038,0.7729680121149068
25672,LOF,0.05340980556116446,0.10459915855781811,0.8419910358810174
25673,LOF,0.0770813773983794,0.150283026717841,0.7726355958837796
25674,LOF,0.06723380288316103,0.18047345140588045,0.7522927457109584
25675,LOF,0.07982483574895842,0.13525945037273976,0.7849157138783018
25676,LOF,0.05476099335459272,0.17227099453050038,0.7729680121149068
25677,LOF,0.05476099335459272,0.17227099453050038,0.7729680121149068
25678,LOF,0.05982240651303527,0.10156052359303247,0.8386170698939323
25679,LOF,0.11799417307461321,0.09658076932254311,0.7854250576028436
25680,LOF,0.05476099335459272,0.17227099453050038,0.7729680121149068
25681,LOF,0.05476099335459272,0.17227099453050038,0.7729680121149068
25682,LOF,0.05476099335459272,0.17227099453050038,0.7729680121149068
25683,LOF,0.10524157895399018,0.053264763037231405,0.8414936580087784
25684,LOF,0.05476099335459272,0.17227099453050038,0.7729680121149068
25685,LOF,0.06845649481407586,0.21626972418436494,0.7152737810015593
25686,LOF,0.04238946381296437,0.46302171810780335,0.49458881807923233
25687,GOF,0.03864106646895098,0.6426077325842909,0.31875120094675796
25688,GOF,0.09449793300133053,0.6365335172091564,0.2689685497895132
25689,GOF,0.04574018832459256,0.5950179093674364,0.35924190230797104
25690,GOF,0.0704954730118133,0.5547596559373619,0.3747448710508248
25691,Neutral,0.4273047418277145,0.38784411133620084,0.18485114683608475
25692,LOF,0.09220212567570955,0.11658084986762308,0.7912170244566673
25693,GOF,0.07542274055319098,0.6266036120892478,0.2979736473575613
25694,LOF,0.13307931623698216,0.08222709213934107,0.7846935916236768
25695,LOF,0.1286377974082548,0.08679496001366073,0.7845672425780846
25696,LOF,0.12080674653848866,0.11529439848058386,0.7638988549809275
25697,LOF,0.07889559274766086,0.28993581440923855,0.6311685928431007
25698,LOF,0.09893986709334171,0.42832591939373615,0.4727342135129222
25699,GOF,0.07855802735845176,0.5950221451444224,0.3264198274971258
25700,LOF,0.05476099335459272,0.17227099453050038,0.7729680121149068
25701,GOF,0.07778588033030988,0.5860102750727288,0.3362038445969612
25702,GOF,0.13160239049038278,0.5641602355256697,0.3042373739839475
25703,LOF,0.030598605230948903,0.11220972878899468,0.8571916659800564
25704,LOF,0.05476099335459272,0.17227099453050038,0.7729680121149068
25705,LOF,0.05476099335459272,0.17227099453050038,0.7729680121149068
25706,GOF,0.07003473437320992,0.7135943848080313,0.21637088081875863
25707,GOF,0.10347799781635583,0.6429611376274003,0.253560864556244
25708,GOF,0.040881250390711145,0.5653697108311738,0.3937490387781152
25709,LOF,0.05476099335459272,0.17227099453050038,0.7729680121149068
25710,LOF,0.02485504897767896,0.2092297573520727,0.7659151936702483
25711,LOF,0.05476099335459272,0.17227099453050038,0.7729680121149068
25712,LOF,0.03531522603184031,0.20625062631105326,0.7584341476571064
25713,LOF,0.05476099335459272,0.17227099453050038,0.7729680121149068
25714,LOF,0.05476099335459272,0.17227099453050038,0.7729680121149068
25715,LOF,0.05476099335459272,0.17227099453050038,0.7729680121149068
25716,LOF,0.023053607330374034,0.0911740249036161,0.8857723677660099
25717,LOF,0.018893247749878255,0.22890647861661836,0.7522002736335034
25718,LOF,0.05476099335459272,0.17227099453050038,0.7729680121149068
25719,LOF,0.05476099335459272,0.17227099453050038,0.7729680121149068
25720,LOF,0.05476099335459272,0.17227099453050038,0.7729680121149068
25721,LOF,0.05476099335459272,0.17227099453050038,0.7729680121149068
25722,LOF,0.05476099335459272,0.17227099453050038,0.7729680121149068
25723,LOF,0.05476099335459272,0.17227099453050038,0.7729680121149068
25724,LOF,0.14079096280232853,0.23195313096944636,0.6272559062282251
25725,LOF,0.05476099335459272,0.17227099453050038,0.7729680121149068
25726,LOF,0.05476099335459272,0.17227099453050038,0.7729680121149068
25727,LOF,0.05476099335459272,0.17227099453050038,0.7729680121149068
25728,LOF,0.05476099335459272,0.17227099453050038,0.7729680121149068
25729,LOF,0.05476099335459272,0.17227099453050038,0.7729680121149068
25730,LOF,0.05476099335459272,0.17227099453050038,0.7729680121149068
25731,LOF,0.029594742667248784,0.2310944159763342,0.739310841356417
25732,LOF,0.05476099335459272,0.17227099453050038,0.7729680121149068
25733,LOF,0.05476099335459272,0.17227099453050038,0.7729680121149068
25734,LOF,0.02939327000596278,0.23051361315764216,0.7400931168363951
25735,LOF,0.05476099335459272,0.17227099453050038,0.7729680121149068
25736,LOF,0.05476099335459272,0.17227099453050038,0.7729680121149068
25737,LOF,0.05476099335459272,0.17227099453050038,0.7729680121149068
25738,LOF,0.05476099335459272,0.17227099453050038,0.7729680121149068
25739,LOF,0.05476099335459272,0.17227099453050038,0.7729680121149068
25740,LOF,0.05476099335459272,0.17227099453050038,0.7729680121149068
25741,LOF,0.05476099335459272,0.17227099453050038,0.7729680121149068
25742,LOF,0.05476099335459272,0.17227099453050038,0.7729680121149068
25743,LOF,0.024148774278047052,0.14683010200897081,0.8290211237129822
25744,GOF,0.23514673644655973,0.49790284129470525,0.26695042225873494
25745,GOF,0.05919559235746546,0.5867624203047316,0.3540419873378031
25746,GOF,0.03720667836476824,0.5682473583811491,0.3945459632540827
25747,LOF,0.05476099335459272,0.17227099453050038,0.7729680121149068
25748,LOF,0.07707775091330005,0.311991620292997,0.610930628793703
25749,GOF,0.03879072883445268,0.6432178852441076,0.3179913859214398
25750,GOF,0.041013372853817995,0.6019457770522737,0.3570408500939083
25751,LOF,0.05476099335459272,0.17227099453050038,0.7729680121149068
25752,GOF,0.21130889108382284,0.5081774166202145,0.2805136922959626
25753,LOF,0.021066645394598266,0.20066921738158766,0.7782641372238142
25754,GOF,0.06418359781864719,0.5969045121702936,0.33891189001105915
25755,LOF,0.026607298522790337,0.20484414504826298,0.7685485564289466
25756,LOF,0.051825476665175375,0.32436895583966635,0.6238055674951583
25757,GOF,0.035773563881466366,0.6632344596457159,0.3009919764728178
25758,GOF,0.059633835781234656,0.6338840431579666,0.3064821210607987
25759,LOF,0.03980203913479937,0.4766861191159769,0.48351184174922374
25760,LOF,0.02637390156539196,0.21607334595132938,0.7575527524832786
25761,GOF,0.29741122725572805,0.5481715806856925,0.1544171920585794
25762,LOF,0.05478060768892263,0.20954238037693176,0.7356770119341456
25763,LOF,0.017185115787773275,0.2505930584504846,0.7322218257617421
25764,GOF,0.0646946916316026,0.7670736891851868,0.16823161918321047
25765,GOF,0.06860779511205689,0.6244841513990428,0.3069080534889003
25766,GOF,0.11311782722668992,0.4823297461207838,0.40455242665252644
25767,GOF,0.11501006210546187,0.5527154678019122,0.3322744700926261
25768,LOF,0.05476099335459272,0.17227099453050038,0.7729680121149068
25769,LOF,0.05476099335459272,0.17227099453050038,0.7729680121149068
25770,Neutral,0.5501887234417571,0.06690457817278897,0.38290669838545394
25771,LOF,0.08583251819732772,0.1270713388885795,0.7870961429140928
25772,LOF,0.05476099335459272,0.17227099453050038,0.7729680121149068
25773,LOF,0.0816002469452216,0.12651050302780933,0.7918892500269692
25774,LOF,0.05278331811307385,0.1429362931605988,0.8042803887263273
25775,LOF,0.08341292108757235,0.224907513166477,0.6916795657459507
25776,LOF,0.05476099335459272,0.17227099453050038,0.7729680121149068
25777,LOF,0.21909602154588825,0.09411186815493461,0.6867921102991772
25778,LOF,0.05476099335459272,0.17227099453050038,0.7729680121149068
25779,Neutral,0.4503372003204929,0.2855355218575324,0.2641272778219747
25780,Neutral,0.5688492516774031,0.1802887332514257,0.25086201507117123
25781,GOF,0.27774952790219615,0.529125889938093,0.19312458215971087
25782,GOF,0.18920571664468913,0.6261310845270666,0.18466319882824428
25783,GOF,0.18953908703642725,0.45443943256015445,0.3560214804034184
25784,Neutral,0.4563419230660855,0.3935810209598065,0.15007705597410798
25785,Neutral,0.5308913786441399,0.33594134755606736,0.13316727379979265
25786,GOF,0.09270483667859881,0.4867404440941632,0.42055471922723786
25787,Neutral,0.7276887181399623,0.1570983040947727,0.1152129777652651
25788,LOF,0.05476099335459272,0.17227099453050038,0.7729680121149068
25789,GOF,0.2718934023875305,0.5038007675294865,0.22430583008298288
25790,GOF,0.2532867053699957,0.4445831806820321,0.3021301139479721
25791,GOF,0.19282834513774944,0.5980733054057686,0.20909834945648198
25792,GOF,0.22370945287679625,0.5959327486739051,0.1803577984492986
25793,Neutral,0.4580515725681042,0.359301028510404,0.18264739892149176
25794,GOF,0.3058926976857202,0.5178407563820565,0.17626654593222332
25795,GOF,0.12872662234685092,0.7096401623879193,0.16163321526522983
25796,Neutral,0.5887720328487273,0.1941120910509115,0.21711587610036115
25797,GOF,0.3070924700640682,0.46493831180584355,0.22796921813008816
25798,GOF,0.05752750696970078,0.7004967969292434,0.24197569610105574
25799,GOF,0.03407040956704605,0.6569049330430019,0.3090246573899521
25800,GOF,0.1355906142177385,0.5709317218945248,0.2934776638877366
25801,GOF,0.2213656735744431,0.5620262903695654,0.21660803605599155
25802,GOF,0.22638029605802001,0.5542869795744387,0.21933272436754125
25803,GOF,0.19210596646427533,0.5503476140540935,0.2575464194816311
25804,GOF,0.13482666214763403,0.683603264396002,0.1815700734563639
25805,GOF,0.14084521918491197,0.6225429429608528,0.23661183785423526
25806,GOF,0.2708031730979719,0.42382522204583956,0.3053716048561885
25807,GOF,0.08085203316789157,0.6302296429264242,0.2889183239056842
25808,GOF,0.21952907493505217,0.6151202387837795,0.1653506862811683
25809,LOF,0.07608387453615573,0.4474818288905064,0.4764342965733378
25810,GOF,0.08551633436381871,0.509787263777073,0.4046964018591083
25811,GOF,0.29548205146513346,0.5386697537739836,0.16584819476088294
25812,GOF,0.281733048925627,0.5057401761110308,0.2125267749633421
25813,Neutral,0.573243025841161,0.27830388875068285,0.14845308540815613
25814,GOF,0.18101447450834063,0.6252351315345785,0.19375039395708082
25815,Neutral,0.4024469135251885,0.39868462067010474,0.19886846580470674
25816,GOF,0.10943940977726749,0.5293696218299357,0.3611909683927967
25817,GOF,0.2671462570834852,0.48121039513061126,0.2516433477859035
25818,GOF,0.14366296814498042,0.6752853905275374,0.1810516413274822
25819,Neutral,0.4511956554262753,0.2705224018012061,0.27828194277251866
25820,GOF,0.32522043135720996,0.3854605012881088,0.2893190673546813
25821,GOF,0.2117488397627129,0.5299520137005429,0.25829914653674424
25822,Neutral,0.5050036361207938,0.32935177001521887,0.16564459386398725
25823,GOF,0.1353698923989182,0.6800920603532942,0.18453804724778755
25824,GOF,0.28203122918104845,0.43742336256491476,0.28054540825403684
25825,GOF,0.1793701683380912,0.5527273549855788,0.26790247667633005
25826,GOF,0.058820336479261104,0.6503810727238089,0.29079859079692993
25827,GOF,0.09804351413035306,0.4780827185825104,0.42387376728713655
25828,GOF,0.08344755643256373,0.4620949753688785,0.45445746819855787
25829,GOF,0.036950179013856214,0.562896605903742,0.4001532150824017
25830,GOF,0.11285805672187928,0.44773591643719435,0.4394060268409263
25831,GOF,0.13568191391314768,0.7040189446579723,0.16029914142887988
25832,GOF,0.06430287248280103,0.6095732590041734,0.32612386851302566
25833,GOF,0.14022599713357525,0.6055324353269133,0.25424156753951155
25834,GOF,0.06293969440473948,0.6300530718719808,0.3070072337232797
25835,GOF,0.18268409549262782,0.5714833247918752,0.2458325797154969
25836,GOF,0.07311779198502848,0.642695147575453,0.2841870604395185
25837,GOF,0.05890981275109459,0.5865797344931292,0.35451045275577625
25838,GOF,0.16909297812112384,0.5868490828083759,0.24405793907050036
25839,GOF,0.260243148506483,0.44709917698410806,0.292657674509409
25840,GOF,0.16703191945702112,0.6359359899264292,0.19703209061654972
25841,GOF,0.23698828439271225,0.5529838503344767,0.210027865272811
25842,GOF,0.1844948156786307,0.6202378187941419,0.19526736552722737
25843,GOF,0.2948356176403851,0.4356872626724544,0.2694771196871606
25844,GOF,0.17109460561317366,0.5346435980093655,0.29426179637746086
25845,GOF,0.03535912713501849,0.670814441876121,0.2938264309888606
25846,GOF,0.11865162799001466,0.7255776548389339,0.15577071717105156
25847,GOF,0.11375466751773589,0.6816894208029504,0.20455591167931375
25848,GOF,0.18056856528432602,0.5022607479578761,0.31717068675779786
25849,GOF,0.06858167798513647,0.518864615530954,0.41255370648390965
25850,GOF,0.08276736314257599,0.48513767577398687,0.4320949610834371
25851,LOF,0.08387789233793327,0.45327097877830286,0.4628511288837639
25852,GOF,0.1999509003131888,0.6218321780144311,0.17821692167237999
25853,Neutral,0.4261071471117519,0.35335866753085876,0.22053418535738928
25854,GOF,0.037781846207288076,0.690345221893132,0.2718729318995798
25855,GOF,0.19822969948060373,0.5016820524473068,0.3000882480720894
25856,Neutral,0.418462622299541,0.3030183348637677,0.27851904283669116
25857,GOF,0.2141448412851531,0.5392749221377826,0.24658023657706424
25858,GOF,0.07697578103604759,0.6645331667798983,0.2584910521840542
25859,GOF,0.0479073787884535,0.6365511197272751,0.31554150148427135
25860,GOF,0.37645777226639565,0.4179212830153606,0.20562094471824377
25861,GOF,0.23387841272669727,0.5051901791038326,0.26093140816947014
25862,GOF,0.1789099907159232,0.6020996587957957,0.2189903504882809
25863,GOF,0.22636765027287337,0.5031647248493067,0.27046762487781983
25864,GOF,0.14312710934955394,0.5146539673312422,0.3422189233192037
25865,GOF,0.13745647302152464,0.5897991813171825,0.2727443456612928
25866,GOF,0.18759263052534814,0.5866762754101037,0.22573109406454808
25867,GOF,0.1583407033728036,0.5467930131464495,0.29486628348074684
25868,GOF,0.31889913491478017,0.5216119986310197,0.15948886645420007
25869,Neutral,0.7408908635494951,0.17001000837108166,0.08909912807942318
25870,GOF,0.22624760294295565,0.4780511587892538,0.2957012382677906
25871,GOF,0.08450451673765103,0.6233203341408784,0.2921751491214706
25872,GOF,0.16667882084961663,0.5872227673830273,0.24609841176735614
25873,GOF,0.19941869759332112,0.5283464372956915,0.2722348651109872
25874,LOF,0.05476099335459272,0.17227099453050038,0.7729680121149068
25875,GOF,0.06074856870097006,0.6523084928018533,0.2869429384971767
25876,LOF,0.028387446100314323,0.29900817879991665,0.6726043750997691
25877,GOF,0.31925901491281866,0.44588446479482635,0.234856520292355
25878,GOF,0.11961439672881144,0.6102764245186365,0.270109178752552
25879,GOF,0.04353605908730485,0.4833971223086942,0.47306681860400096
25880,LOF,0.05476099335459272,0.17227099453050038,0.7729680121149068
25881,GOF,0.10361465078630443,0.6847853434104775,0.2116000058032182
25882,LOF,0.07005485943653408,0.23256410087139454,0.6973810396920714
25883,LOF,0.05476099335459272,0.17227099453050038,0.7729680121149068
25884,LOF,0.07228563553969301,0.1795575941107972,0.7481567703495097
25885,LOF,0.0799819728399589,0.17776351602503787,0.7422545111350033
25886,LOF,0.07707775091330005,0.311991620292997,0.610930628793703
25887,GOF,0.039070011684258915,0.5803662170942694,0.38056377122147184
25888,GOF,0.06307112437783717,0.5869114809298037,0.35001739469235904
25889,LOF,0.10059451635981065,0.1294157681475015,0.7699897154926879
25890,LOF,0.04441328860326795,0.422809018953863,0.532777692442869
25891,LOF,0.0698269452472773,0.14857991992343278,0.78159313482929
25892,GOF,0.027966822475842566,0.5185530514999526,0.45348012602420484
25893,GOF,0.03914103288732152,0.7099139724863252,0.2509449946263534
25894,GOF,0.02736431763285975,0.5135146996815555,0.45912098268558477
25895,GOF,0.030992187519256014,0.5471519762478956,0.4218558362328484
25896,LOF,0.060182458217203014,0.2748878326240542,0.6649297091587427
25897,GOF,0.03529165607058751,0.6892673637945802,0.27544098013483237
25898,GOF,0.2574723984524392,0.4240256816071119,0.3185019199404488
25899,LOF,0.09030661861639817,0.3230813455531148,0.586612035830487
25900,Neutral,0.9162984839294275,0.02270381827632431,0.06099769779424836
25901,LOF,0.05476099335459272,0.17227099453050038,0.7729680121149068
25902,LOF,0.08727652335831909,0.2287590137361539,0.6839644629055269
25903,GOF,0.07380658967457365,0.5251570890033446,0.40103632132208183
25904,LOF,0.17304063669677472,0.33054487882220995,0.4964144844810154
25905,GOF,0.05679570808839427,0.6458464624429519,0.29735782946865386
25906,LOF,0.02314687907357162,0.16799604454930478,0.8088570763771236
25907,GOF,0.028976215362151746,0.5396313337155696,0.4313924509222786
25908,GOF,0.02970822416320497,0.4852115466352758,0.4850802292015193
25909,LOF,0.05476099335459272,0.17227099453050038,0.7729680121149068
25910,GOF,0.028574368424510603,0.6240129354286438,0.3474126961468456
25911,LOF,0.07127380978489009,0.12022610126596865,0.8085000889491413
25912,LOF,0.036729063160756595,0.23592526813059556,0.7273456687086478
25913,GOF,0.05203076641170298,0.4949324227434419,0.4530368108448552
25914,LOF,0.05476099335459272,0.17227099453050038,0.7729680121149068
25915,GOF,0.31502572509190757,0.4582105356338411,0.22676373927425114
25916,GOF,0.030693347072865675,0.5074197412244319,0.46188691170270246
25917,LOF,0.05227938603946053,0.1340032759625767,0.8137173379979629
25918,LOF,0.05476099335459272,0.17227099453050038,0.7729680121149068
25919,LOF,0.05476099335459272,0.17227099453050038,0.7729680121149068
25920,GOF,0.10332956331912621,0.6931354585564908,0.2035349781243829
25921,LOF,0.03545827928634752,0.22879589981466492,0.7357458208989875
25922,LOF,0.03562653343119621,0.22731042241048255,0.7370630441583212
25923,LOF,0.08016570796099184,0.311669857967355,0.6081644340716531
25924,LOF,0.040561703076451974,0.13216939797747448,0.8272688989460736
25925,LOF,0.051025288059026716,0.1964105940184028,0.7525641179225704
25926,LOF,0.05340980556116446,0.10459915855781811,0.8419910358810174
25927,GOF,0.027474472185123906,0.5550504559633479,0.41747507185152816
25928,LOF,0.02041310265527968,0.15889042122079616,0.8206964761239242
25929,LOF,0.27724632988707315,0.2477911438393573,0.47496252627356955
25930,LOF,0.05476099335459272,0.17227099453050038,0.7729680121149068
25931,LOF,0.025686534043556038,0.15532234801243539,0.8189911179440087
25932,LOF,0.05476099335459272,0.17227099453050038,0.7729680121149068
25933,LOF,0.05476099335459272,0.17227099453050038,0.7729680121149068
25934,LOF,0.05476099335459272,0.17227099453050038,0.7729680121149068
25935,LOF,0.06068212520101753,0.10095042881084042,0.8383674459881421
25936,LOF,0.05476099335459272,0.17227099453050038,0.7729680121149068
25937,LOF,0.035664166194157895,0.1527195742823742,0.8116162595234678
25938,LOF,0.08030411445424089,0.08686987325159667,0.8328260122941624
25939,LOF,0.05476099335459272,0.17227099453050038,0.7729680121149068
25940,LOF,0.037482275536354574,0.35798127618330494,0.6045364482803404
25941,GOF,0.0875526772236011,0.6146337292621133,0.2978135935142856
25942,LOF,0.028814063522746954,0.11344424684577163,0.8577416896314813
25943,GOF,0.18434132690010915,0.5104198620095708,0.3052388110903201
25944,GOF,0.22356292827621677,0.5075337124657249,0.2689033592580583
25945,GOF,0.11285805672187928,0.44773591643719435,0.4394060268409263
25946,LOF,0.021267408300757497,0.2194620450347196,0.7592705466645229
25947,GOF,0.1092543575101876,0.49966345341737306,0.3910821890724393
25948,LOF,0.3078335540497647,0.10056481035089138,0.5916016355993439
25949,LOF,0.06216407173309795,0.20502756679359502,0.7328083614733071
25950,GOF,0.23957022533829617,0.457229957285866,0.3031998173758379
25951,GOF,0.06362590215906301,0.5606732617478245,0.37570083609311256
25952,GOF,0.03134242567211109,0.5212653351327834,0.44739223919510557
25953,GOF,0.04820999357177246,0.6598209681315136,0.29196903829671395
25954,GOF,0.17243902413231363,0.573186442205911,0.25437453366177537
25955,GOF,0.03465346639446818,0.6405971916555132,0.3247493419500186
25956,GOF,0.03377002700548942,0.7000577842144045,0.2661721887801062
25957,LOF,0.04705066447035174,0.15192248287153554,0.8010268526581128
25958,LOF,0.05476099335459272,0.17227099453050038,0.7729680121149068
25959,GOF,0.035636334485256084,0.6626985262148009,0.30166513929994304
25960,LOF,0.028279309299620477,0.23237972410342278,0.7393409665969567
25961,LOF,0.05476099335459272,0.17227099453050038,0.7729680121149068
25962,LOF,0.0899492075751094,0.1102200876930959,0.7998307047317946
25963,GOF,0.03233894548334792,0.5744068670004182,0.3932541875162338
25964,LOF,0.05476099335459272,0.17227099453050038,0.7729680121149068
25965,Neutral,0.5374486946790814,0.2882779037721774,0.1742734015487413
25966,LOF,0.09030661861639817,0.3230813455531148,0.586612035830487
25967,LOF,0.02890150902119227,0.18877955379257905,0.7823189371862286
25968,GOF,0.04221889368782224,0.6727600692584235,0.28502103705375426
25969,LOF,0.04069702990217892,0.11798286274260904,0.8413201073552121
25970,LOF,0.040216415223763076,0.12049715486059945,0.8392864299156374
25971,LOF,0.05476099335459272,0.17227099453050038,0.7729680121149068
25972,LOF,0.05476099335459272,0.17227099453050038,0.7729680121149068
25973,LOF,0.0735639099695094,0.16805094091792375,0.7583851491125669
25974,Neutral,0.5304812964788946,0.22885190215108134,0.24066680137002405
25975,LOF,0.05476099335459272,0.17227099453050038,0.7729680121149068
25976,LOF,0.02228440628303147,0.16204606940214022,0.8156695243148284
25977,LOF,0.03859473075510533,0.39718827248874544,0.5642169967561492
25978,LOF,0.1578745443898946,0.3633026615715015,0.47882279403860406
25979,LOF,0.16532679780337903,0.2383948226043609,0.59627837959226
25980,LOF,0.15405732703317032,0.350863452968229,0.4950792199986006
25981,LOF,0.15405732703317032,0.350863452968229,0.4950792199986006
25982,LOF,0.3940900299477964,0.16734225761716015,0.43856771243504344
25983,Neutral,0.6583138109546087,0.11506272934974471,0.22662345969564643
25984,LOF,0.05476099335459272,0.17227099453050038,0.7729680121149068
25985,GOF,0.05186825639166599,0.6360828532282937,0.31204889038004024
25986,GOF,0.06903131904828898,0.6486186406158524,0.28235004033585864
25987,LOF,0.0611669398972952,0.15478165533038382,0.784051404772321
25988,LOF,0.05476099335459272,0.17227099453050038,0.7729680121149068
25989,LOF,0.05476099335459272,0.17227099453050038,0.7729680121149068
25990,LOF,0.05476099335459272,0.17227099453050038,0.7729680121149068
25991,GOF,0.13579049015901745,0.64225087406296,0.2219586357780225
25992,GOF,0.09521419466721728,0.6056614506007746,0.29912435473200816
25993,LOF,0.05476099335459272,0.17227099453050038,0.7729680121149068
25994,LOF,0.05476099335459272,0.17227099453050038,0.7729680121149068
25995,LOF,0.05476099335459272,0.17227099453050038,0.7729680121149068
25996,GOF,0.15979265243741153,0.5896759253855209,0.2505314221770676
25997,GOF,0.08408593619562578,0.7028372286300787,0.2130768351742956
25998,GOF,0.11783997929159781,0.6312514976759188,0.25090852303248334
25999,Neutral,0.4004632358482407,0.3887968364042522,0.21073992774750713
26000,LOF,0.053194797250200786,0.09844602111176333,0.8483591816380358
26001,GOF,0.046612113333436095,0.5118345303451884,0.44155335632137543
26002,LOF,0.08149323392187308,0.2465262535456215,0.6719805125325053
26003,GOF,0.050697201374402485,0.5247913797262903,0.4245114188993072
26004,GOF,0.09132325386584134,0.6236856047795934,0.28499114135456527
26005,GOF,0.038318664253518785,0.4909273272588898,0.4707540084875914
26006,Neutral,0.6044030066937749,0.18528614199617605,0.21031085131004906
26007,GOF,0.0801396641142775,0.6027678093433464,0.31709252654237613
26008,GOF,0.061221925918328875,0.5760057860901847,0.36277228799148636
26009,GOF,0.08994351617239012,0.6956495785692793,0.2144069052583305
26010,GOF,0.057238000400093955,0.6288793261921356,0.31388267340777054
26011,GOF,0.03807724212748486,0.4892687078901493,0.472654049982366
26012,GOF,0.043989748895000506,0.6280982833777721,0.3279119677272274
26013,LOF,0.04687525758725902,0.4752458874798316,0.4778788549329095
26014,LOF,0.08175196732125624,0.25989155972012995,0.6583564729586139
26015,LOF,0.15885755396360637,0.10002298012014686,0.7411194659162469
26016,GOF,0.24693334063929256,0.4937452159812044,0.259321443379503
26017,GOF,0.17684631858261018,0.5787796404902237,0.24437404092716608
26018,LOF,0.05476099335459272,0.17227099453050038,0.7729680121149068
26019,LOF,0.05476099335459272,0.17227099453050038,0.7729680121149068
26020,GOF,0.032485563148936386,0.4926611651018572,0.4748532717492064
26021,GOF,0.04760605844113675,0.5290442971548132,0.42334964440405015
26022,LOF,0.02097692160214834,0.17354486450548556,0.8054782138923661
26023,LOF,0.14079096280232853,0.23195313096944636,0.6272559062282251
26024,GOF,0.044041946582745954,0.4835331288287919,0.4724249245884621
26025,GOF,0.25204707370983576,0.46703418949850195,0.28091873679166235
26026,Neutral,0.6397855401104744,0.1703166100036387,0.18989784988588698
26027,LOF,0.05476099335459272,0.17227099453050038,0.7729680121149068
26028,LOF,0.26955261880678055,0.29501621871191985,0.4354311624812995
26029,GOF,0.07128173477180268,0.6616841891044242,0.2670340761237732
26030,LOF,0.020019215175580626,0.1916953007823745,0.7882854840420448
26031,GOF,0.05120055086548547,0.6106586474582356,0.33814080167627886
26032,LOF,0.05476099335459272,0.17227099453050038,0.7729680121149068
26033,LOF,0.14079096280232853,0.23195313096944636,0.6272559062282251
26034,GOF,0.06420152697450049,0.6337489792202742,0.30204949380522533
26035,GOF,0.041574342039871905,0.6275825320290076,0.3308431259311206
26036,LOF,0.03248406015369726,0.47280573378607404,0.49471020606022875
26037,GOF,0.031843314266289245,0.5358364038787653,0.4323202818549455
26038,LOF,0.05476099335459272,0.17227099453050038,0.7729680121149068
26039,GOF,0.11846583922117314,0.6081091540636465,0.2734250067151803
26040,GOF,0.1619817830474031,0.6285944752247089,0.209423741727888
26041,LOF,0.032401460483784734,0.47190820291732904,0.49569033659888606
26042,GOF,0.02597327222931181,0.5690711514942165,0.40495557627647155
26043,LOF,0.05476099335459272,0.17227099453050038,0.7729680121149068
26044,LOF,0.022705269526133536,0.2164790141254477,0.7608157163484187
26045,GOF,0.23350071533421904,0.45620767772054116,0.3102916069452399
26046,LOF,0.05476099335459272,0.17227099453050038,0.7729680121149068
26047,LOF,0.05476099335459272,0.17227099453050038,0.7729680121149068
26048,LOF,0.0684348035212702,0.14598029019276426,0.7855849062859654
26049,Neutral,0.9346134911213796,0.029351010544957732,0.036035498333662735
26050,Neutral,0.892192697726439,0.039137290233894825,0.06867001203966605
26051,GOF,0.06694660396279604,0.5076080830389578,0.42544531299824623
26052,GOF,0.05321627133760414,0.5824583822966903,0.3643253463657055
26053,LOF,0.03369165332213459,0.19172118799225019,0.7745871586856152
26054,LOF,0.07947443499124589,0.09932884148870037,0.8211967235200537
26055,LOF,0.071640406580532,0.13882436317485808,0.7895352302446099
26056,LOF,0.05841408188178491,0.12402983868266046,0.8175560794355546
26057,LOF,0.05476099335459272,0.17227099453050038,0.7729680121149068
26058,LOF,0.05476099335459272,0.17227099453050038,0.7729680121149068
26059,Neutral,0.6241828506161872,0.16984001094940898,0.20597713843440382
26060,GOF,0.10844788047517634,0.6279115816367866,0.2636405378880371
26061,LOF,0.03257830179553455,0.21356275582104217,0.7538589423834232
26062,LOF,0.021889069925720803,0.16459332494324264,0.8135176051310367
26063,LOF,0.05476099335459272,0.17227099453050038,0.7729680121149068
26064,LOF,0.029157887153040532,0.2065100460456932,0.7643320668012663
26065,LOF,0.05476099335459272,0.17227099453050038,0.7729680121149068
26066,LOF,0.05476099335459272,0.17227099453050038,0.7729680121149068
26067,LOF,0.05476099335459272,0.17227099453050038,0.7729680121149068
26068,LOF,0.058335456388974076,0.15501870297045114,0.7866458406405747
26069,LOF,0.28664213312692893,0.14841681280297084,0.5649410540701002
26070,Neutral,0.6577106903314632,0.10125926077356008,0.24103004889497665
26071,LOF,0.05476099335459272,0.17227099453050038,0.7729680121149068
26072,LOF,0.024530852459475425,0.2445595803343998,0.7309095672061248
26073,LOF,0.05476099335459272,0.17227099453050038,0.7729680121149068
26074,Neutral,0.9055920534733791,0.03891898963026738,0.05548895689635342
26075,LOF,0.05774683723209304,0.16427874938792625,0.7779744133799807
26076,LOF,0.05476099335459272,0.17227099453050038,0.7729680121149068
26077,LOF,0.028798208842481465,0.20761490002075664,0.7635868911367619
26078,LOF,0.019997131761629403,0.24017837159809868,0.7398244966402718
26079,LOF,0.057544538186588265,0.14550918609403202,0.7969462757193797
26080,LOF,0.057544538186588265,0.14550918609403202,0.7969462757193797
26081,LOF,0.05476099335459272,0.17227099453050038,0.7729680121149068
26082,LOF,0.02822693090782281,0.15378675178199275,0.8179863173101845
26083,LOF,0.05476099335459272,0.17227099453050038,0.7729680121149068
26084,LOF,0.05476099335459272,0.17227099453050038,0.7729680121149068
26085,LOF,0.05476099335459272,0.17227099453050038,0.7729680121149068
26086,LOF,0.05476099335459272,0.17227099453050038,0.7729680121149068
26087,LOF,0.05476099335459272,0.17227099453050038,0.7729680121149068
26088,LOF,0.03405413666101237,0.24868527727950132,0.7172605860594863
26089,LOF,0.08189256274002996,0.12470432603324183,0.7934031112267282
26090,LOF,0.060685872651933585,0.11488338744420051,0.824430739903866
26091,LOF,0.05476099335459272,0.17227099453050038,0.7729680121149068
26092,LOF,0.05476099335459272,0.17227099453050038,0.7729680121149068
26093,LOF,0.05476099335459272,0.17227099453050038,0.7729680121149068
26094,LOF,0.05476099335459272,0.17227099453050038,0.7729680121149068
26095,LOF,0.032266427407575814,0.12707047699910115,0.8406630955933231
26096,LOF,0.03145150471835068,0.15066051079558057,0.8178879844860687
26097,LOF,0.026251937919464383,0.19968456044263644,0.7740635016378992
26098,LOF,0.0665018458605724,0.11695676066960044,0.8165413934698271
26099,LOF,0.05476099335459272,0.17227099453050038,0.7729680121149068
26100,LOF,0.05476099335459272,0.17227099453050038,0.7729680121149068
26101,LOF,0.05476099335459272,0.17227099453050038,0.7729680121149068
26102,LOF,0.05476099335459272,0.17227099453050038,0.7729680121149068
26103,Neutral,0.6617850065193909,0.16619061779861088,0.17202437568199822
26104,LOF,0.06487812865946171,0.06990650481830764,0.8652153665222306
26105,GOF,0.07482946732116375,0.64773560783399,0.2774349248448462
26106,LOF,0.05471975361082629,0.4269746437585823,0.5183056026305914
26107,GOF,0.05832858085518337,0.575575660455785,0.36609575868903166
26108,GOF,0.04648039656544982,0.605515325206364,0.34800427822818625
26109,LOF,0.05345736766126767,0.09806633740809464,0.8484762949306378
26110,LOF,0.19710498065663595,0.12336612732272866,0.6795288920206354
26111,GOF,0.10144412049789833,0.5880644953410217,0.3104913841610799
26112,LOF,0.05476099335459272,0.17227099453050038,0.7729680121149068
26113,LOF,0.05476099335459272,0.17227099453050038,0.7729680121149068
26114,LOF,0.035472414062837486,0.11145193309341292,0.8530756528437496
26115,LOF,0.04546469408506134,0.32221245128842774,0.6323228546265109
26116,LOF,0.05476099335459272,0.17227099453050038,0.7729680121149068
26117,LOF,0.09030661861639817,0.3230813455531148,0.586612035830487
26118,LOF,0.05476099335459272,0.17227099453050038,0.7729680121149068
26119,LOF,0.029829638602700458,0.37775322667167494,0.5924171347256246
26120,LOF,0.05476099335459272,0.17227099453050038,0.7729680121149068
26121,GOF,0.039960175528965906,0.5799247538391781,0.38011507063185607
26122,GOF,0.03677493973671697,0.6799750177633398,0.28325004249994334
26123,GOF,0.0325425010708437,0.6977429713066956,0.26971452762246084
26124,LOF,0.040070744013005304,0.33213810761621704,0.6277911483707778
