feature0,prediction,LoGoFunc_Neutral,LoGoFunc_GOF,LoGoFunc_LOF
25546,Neutral,0.593387129264417,0.049088310353608,0.3575245603819751
25547,Neutral,0.4834237267550003,0.0743566226989525,0.4422196505460473
25548,Neutral,0.489791283651881,0.06914125379146148,0.44106746255665746
25549,LOF,0.4321770318237358,0.06749635712335415,0.5003266110529101
25550,LOF,0.36846080907186957,0.08230147303732278,0.5492377178908077
25551,LOF,0.32042534909110604,0.08560007480537854,0.5939745761035155
25552,LOF,0.30144281068524903,0.09104377930340153,0.6075134100113495
25553,Neutral,0.7743607663011641,0.04759588866942407,0.17804334502941177
25554,LOF,0.316219095088115,0.08203536030115818,0.6017455446107268
25555,LOF,0.283556516802447,0.0826959340816466,0.6337475491159065
25556,LOF,0.4398833837810561,0.07853966607523744,0.48157695014370644
25557,LOF,0.26030664090680616,0.08165207171002416,0.6580412873831696
25558,LOF,0.3112234462677225,0.07730515962297466,0.6114713941093028
25559,LOF,0.24609388706415367,0.027493798956603456,0.7264123139792429
25560,LOF,0.09518676841125653,0.15948809318520732,0.7453251384035361
25561,LOF,0.07950555231020871,0.24947723883576842,0.6710172088540229
25562,LOF,0.03301891922387242,0.1127746158040904,0.8542064649720371
25563,LOF,0.006600896955824252,0.22168623889743005,0.7717128641467457
25564,LOF,0.06802755583127879,0.12993951421865413,0.8020329299500671
25565,LOF,0.1962182565809845,0.14651436853141972,0.6572673748875958
25566,GOF,0.07162516311987512,0.8066621062421833,0.12171273063794169
25567,LOF,0.04521758389272001,0.17758115158376778,0.7772012645235122
25568,LOF,0.0587785054525192,0.11846268393507603,0.8227588106124047
25569,LOF,0.06128836095390591,0.11357616241143524,0.8251354766346588
25570,LOF,0.027158118607258516,0.1532517174983144,0.8195901638944271
25571,LOF,0.026421202902828445,0.16354717262935092,0.8100316244678206
25572,LOF,0.05626433191990357,0.23702012719820556,0.7067155408818908
25573,LOF,0.06514251906797879,0.14566639555112385,0.7891910853808973
25574,LOF,0.07636436121662502,0.2544522861725988,0.6691833526107762
25575,LOF,0.025942979214469555,0.17668708513598788,0.7973699356495425
25576,LOF,0.025956298335724978,0.2773595296850342,0.6966841719792409
25577,LOF,0.028111808883026255,0.2040576138458398,0.7678305772711339
25578,LOF,0.2939189057028734,0.1098505099948225,0.5962305843023041
25579,LOF,0.2086573598830723,0.10859480726103479,0.6827478328558929
25580,LOF,0.024046378436851635,0.10332641262202694,0.8726272089411213
25581,LOF,0.046103439387803744,0.12643257471925307,0.8274639858929431
25582,LOF,0.0457249484354736,0.12398777382789491,0.8302872777366315
25583,LOF,0.03420353355843067,0.11598501270165681,0.8498114537399125
25584,Neutral,0.6860070580446352,0.1359959960819622,0.17799694587340262
25585,LOF,0.024545421944729952,0.21909170622329482,0.7563628718319753
25586,LOF,0.023249865182628084,0.1289225121726466,0.8478276226447253
25587,LOF,0.022439098853215766,0.13106510186421075,0.8464957992825736
25588,LOF,0.02800884856899823,0.10291011552281089,0.8690810359081909
25589,Neutral,0.5554661994916223,0.23352111213055016,0.21101268837782755
25590,LOF,0.059742494956604435,0.16698552334239608,0.7732719817009994
25591,LOF,0.1067168280073265,0.10657385331032007,0.7867093186823533
25592,LOF,0.08812156674727381,0.21680874513384343,0.6950696881188827
25593,LOF,0.12485367355729127,0.37008806103047753,0.5050582654122312
25594,LOF,0.040641851143570176,0.04520872455776892,0.914149424298661
25595,LOF,0.041316111795946776,0.02504156030864113,0.933642327895412
25596,LOF,0.10669009080071444,0.01571616725952252,0.877593741939763
25597,LOF,0.087648303095449,0.015484868342698776,0.8968668285618522
25598,LOF,0.04525363663709155,0.02535184788996516,0.9293945154729434
25599,LOF,0.032942324811937304,0.35530021325593925,0.6117574619321235
25600,LOF,0.18210714130526234,0.3410731512372754,0.47681970745746227
25601,LOF,0.05462294702454628,0.2811681572241436,0.66420889575131
25602,LOF,0.029472092558640535,0.07180985938645128,0.8987180480549083
25603,LOF,0.05560529483963382,0.07579602281147044,0.8685986823488957
25604,LOF,0.05342076669997587,0.13393565720497852,0.8126435760950456
25605,LOF,0.05286395599421988,0.18111979503698464,0.7660162489687955
25606,LOF,0.36251275946398004,0.26832496697891045,0.3691622735571094
25607,LOF,0.02998529146474967,0.2600006509087599,0.7100140576264905
25608,LOF,0.04096133536693811,0.09306223572631733,0.8659764289067445
25609,GOF,0.19886510497803933,0.548810279085883,0.25232461593607763
25610,LOF,0.02222057397010502,0.09092443003635145,0.8868549959935436
25611,LOF,0.015610769982075943,0.0935365858508095,0.8908526441671146
25612,LOF,0.060963525463931474,0.1094356933480942,0.8296007811879743
25613,LOF,0.053216119810243274,0.10180046317971202,0.8449834170100446
25614,LOF,0.02529693577554467,0.08937873163805028,0.885324332586405
25615,LOF,0.06205028249365418,0.0703347667936756,0.8676149507126701
25616,LOF,0.06354334564350408,0.0990682660607599,0.837388388295736
25617,LOF,0.05079130712627691,0.1059673257556463,0.8432413671180767
25618,LOF,0.06088155660809127,0.18879168006190372,0.750326763330005
25619,LOF,0.014915951516224218,0.13895252516922402,0.8461315233145518
25620,LOF,0.04855132687361561,0.10165235358948475,0.8497963195368995
25621,LOF,0.08561930429432955,0.08396499557958581,0.8304157001260846
25622,LOF,0.09010459743982961,0.10324563300033186,0.8066497695598385
25623,LOF,0.07656605258516676,0.08814121956162674,0.8352927278532065
25624,LOF,0.02374557714636509,0.0860042867075765,0.8902501361460584
25625,LOF,0.08126668468630212,0.09416802578400406,0.8245652895296938
25626,LOF,0.06213974129948642,0.09921966809691615,0.8386405906035973
25627,Neutral,0.8826705344582645,0.022755827567954197,0.09457363797378128
25628,LOF,0.21355801778186595,0.05339282766592662,0.7330491545522074
25629,LOF,0.06937974606307334,0.06652191852151071,0.864098335415416
25630,LOF,0.32054007200498946,0.06976727190270975,0.6096926560923007
25631,Neutral,0.5260617103723915,0.04332869064343246,0.43060959898417595
25632,LOF,0.02988860738733631,0.14680748531548224,0.8233039072971815
25633,LOF,0.192112110214739,0.09448761419756124,0.7134002755876997
25634,LOF,0.040999888969105745,0.14943376512756845,0.8095663459033258
25635,LOF,0.03269653908566954,0.07189408446114233,0.8954093764531881
25636,GOF,0.03301214850155669,0.5316938311921832,0.4352940203062602
25637,GOF,0.03708479467606266,0.5446759093993901,0.4182392959245472
25638,LOF,0.020248569847630578,0.44776912307337124,0.5319823070789982
25639,LOF,0.028785019637482725,0.419684630797624,0.5515303495648933
25640,Neutral,0.7882149342086853,0.16254177456826882,0.04924329122304582
25641,LOF,0.11246654672227795,0.3375318402318114,0.5500016130459107
25642,LOF,0.09757094932291092,0.1807235699365838,0.7217054807405053
25643,LOF,0.32194557413038916,0.11852196616148389,0.5595324597081269
25644,GOF,0.009469352329885017,0.6533456651121072,0.3371849825580078
25645,GOF,0.011898930938859995,0.6094015973643052,0.3786994716968348
25646,LOF,0.01813615829804838,0.4029225007791722,0.5789413409227795
25647,LOF,0.009271062958152833,0.3242912641401578,0.6664376729016893
25648,LOF,0.01334986973662281,0.38229237813809164,0.6043577521252855
25649,LOF,0.008150353776880804,0.304311611877507,0.6875380343456121
25650,GOF,0.03236865812570022,0.5957259666964151,0.37190537517788474
25651,LOF,0.010860441055872134,0.39975207177392347,0.5893874871702044
25652,LOF,0.010172728101824102,0.4354147403491877,0.5544125315489882
25653,GOF,0.041666190394013716,0.6056472453987228,0.3526865642072634
25654,LOF,0.011247178715029275,0.3306260461265361,0.6581267751584344
25655,GOF,0.11180292528917246,0.6324207547776656,0.25577631993316197
25656,LOF,0.20953655352166933,0.07872990332825894,0.7117335431500716
25657,LOF,0.031741308724969955,0.0791961328679451,0.8890625584070849
25658,LOF,0.24183488896877262,0.10754411220515639,0.6506209988260709
25659,LOF,0.3977839581306605,0.12865944354393888,0.4735565983254007
25660,LOF,0.02298226617091064,0.12118598297886926,0.8558317508502201
25661,LOF,0.07003066815141173,0.07903777789516694,0.8509315539534213
25662,LOF,0.02692026753483334,0.0501833267340167,0.9228964057311501
25663,LOF,0.030223646440420648,0.045962456444454396,0.923813897115125
25664,LOF,0.09193276976203527,0.06757319404671855,0.8404940361912463
25665,LOF,0.05069904388980423,0.03952015666894968,0.909780799441246
25666,LOF,0.07428040365586351,0.05554055239160775,0.8701790439525287
25667,LOF,0.05909102379189215,0.0542152546076499,0.886693721600458
25668,LOF,0.028970675616817775,0.06442174673365526,0.9066075776495269
25669,LOF,0.0201968973007713,0.060066751105210855,0.9197363515940179
25670,LOF,0.12200462415570686,0.05213134049797403,0.8258640353463191
25671,LOF,0.08436525445539841,0.04803185872986959,0.867602886814732
25672,LOF,0.04451576264241222,0.060876194600950485,0.8946080427566373
25673,LOF,0.07759222604509301,0.04815172542285576,0.8742560485320512
25674,LOF,0.07095739571617,0.06815465059512912,0.8608879536887009
25675,LOF,0.07233566398274881,0.0706284420638749,0.8570358939533763
25676,LOF,0.015524016637343152,0.07243470006038993,0.912041283302267
25677,LOF,0.015535803019329957,0.09288285534697369,0.8915813416336963
25678,LOF,0.17268504987398473,0.08497522761407447,0.7423397225119408
25679,LOF,0.11413971626018007,0.09961378696273632,0.7862464967770836
25680,LOF,0.01988937127309668,0.12976181810549853,0.8503488106214047
25681,LOF,0.03335302150933507,0.11657708369917805,0.850069894791487
25682,LOF,0.10688553935680177,0.07970625059267376,0.8134082100505244
25683,LOF,0.0934568206530126,0.08403880839188628,0.8225043709551012
25684,LOF,0.025402301005069138,0.07717493716529468,0.8974227618296361
25685,LOF,0.10384777568038138,0.10824091127118002,0.7879113130484386
25686,LOF,0.054903916945646454,0.21382536413473407,0.7312707189196195
25687,LOF,0.10135711908508319,0.18940375264088383,0.7092391282740331
25688,LOF,0.4539273946580773,0.022962532904518076,0.5231100724374045
25689,LOF,0.28610874323935354,0.034385749112894805,0.6795055076477517
25690,LOF,0.3708717377513994,0.021610185302666726,0.607518076945934
25691,Neutral,0.7284133733533373,0.018908991983262347,0.25267763466340043
25692,LOF,0.338140398043161,0.010421529313614687,0.6514380726432244
25693,GOF,0.03783736980951098,0.5505457996800639,0.41161683051042514
25694,LOF,0.10751455575193965,0.02010245338026544,0.8723829908677949
25695,LOF,0.1065714857503791,0.00871617765858051,0.8847123365910404
25696,LOF,0.10594894478062986,0.015848960400798546,0.8782020948185716
25697,LOF,0.05009349446836275,0.07963966963628566,0.8702668358953515
25698,LOF,0.26310278523207137,0.18968955442824176,0.5472076603396869
25699,LOF,0.36946109370075764,0.04485881170069833,0.585680094598544
25700,LOF,0.05663137443455556,0.012320932042935058,0.9310476935225093
25701,LOF,0.18728144503474417,0.03923191072060464,0.7734866442446513
25702,GOF,0.219381647875936,0.608710194274568,0.17190815784949603
25703,LOF,0.01798502855149799,0.18352830357934652,0.7984866678691555
25704,LOF,0.03776483740167002,0.14963363234655228,0.8126015302517777
25705,LOF,0.032979423014061635,0.07719606067839435,0.889824516307544
25706,GOF,0.09074196907048968,0.5425157103540054,0.366742320575505
25707,LOF,0.08580840671542724,0.4277203299279755,0.4864712633565974
25708,LOF,0.032018534293734406,0.4223706949766817,0.5456107707295839
25709,LOF,0.07524350490529404,0.04369254983889236,0.8810639452558136
25710,LOF,0.017914119394722015,0.14169413246131457,0.8403917481439633
25711,LOF,0.0203142182390557,0.08147296582851686,0.8982128159324275
25712,LOF,0.017944799951821796,0.17522635433477315,0.8068288457134051
25713,LOF,0.018707647928447372,0.06599510961698951,0.915297242454563
25714,LOF,0.07904096914483746,0.061294158960958495,0.859664871894204
25715,LOF,0.012246809782539373,0.1039134099065125,0.8838397803109481
25716,LOF,0.013459179547358879,0.11143133348506577,0.8751094869675754
25717,LOF,0.019554497538200065,0.07610492216094886,0.9043405803008511
25718,LOF,0.011445399288357333,0.05030487167608213,0.9382497290355605
25719,LOF,0.023245805949356612,0.08495150265765791,0.8918026913929854
25720,LOF,0.030124919737235047,0.04734203103237832,0.9225330492303866
25721,LOF,0.011940022581386501,0.0789382086139324,0.9091217688046811
25722,LOF,0.013713621681710605,0.06754313199200841,0.918743246326281
25723,LOF,0.024309021926598756,0.05110805327129425,0.924582924802107
25724,LOF,0.03505569900051149,0.09319768684511995,0.8717466141543686
25725,LOF,0.011482501081722427,0.07846161251855646,0.910055886399721
25726,LOF,0.018154173685439017,0.11640058855601698,0.865445237758544
25727,LOF,0.014108787934911583,0.06984292905333105,0.9160482830117574
25728,LOF,0.011203083065087336,0.08846476342398375,0.9003321535109289
25729,LOF,0.01139975931331036,0.08736084436458828,0.9012393963221014
25730,LOF,0.01504847238844918,0.08982676499893326,0.8951247626126175
25731,LOF,0.019008276279160782,0.12026687987223868,0.8607248438486006
25732,LOF,0.014830432187996505,0.04640888003768461,0.9387606877743188
25733,LOF,0.015881216721439155,0.058287459589474636,0.9258313236890863
25734,LOF,0.013904706784013772,0.13886955585769253,0.8472257373582937
25735,LOF,0.01147050149151864,0.05719730523817961,0.9313321932703018
25736,LOF,0.012725833264239874,0.058261010926948215,0.9290131558088118
25737,LOF,0.013572781378597312,0.08345086593316689,0.9029763526882358
25738,LOF,0.012549463482956847,0.08010219142551099,0.9073483450915321
25739,LOF,0.020191401044187242,0.07243078357127063,0.9073778153845421
25740,LOF,0.030844053888605373,0.08879085761483116,0.8803650884965635
25741,LOF,0.014177443005063073,0.09440365933600048,0.8914188976589363
25742,LOF,0.10990688463458277,0.06946781532807228,0.8206253000373449
25743,LOF,0.048650763974352945,0.06020552125972998,0.891143714765917
25744,Neutral,0.613608340999753,0.21487013147035947,0.17152152752988756
25745,LOF,0.06170820548468527,0.07541515865162299,0.8628766358636918
25746,LOF,0.041006714993625716,0.11726113686137463,0.8417321481449996
25747,LOF,0.01906144497021516,0.13703142207370603,0.8439071329560788
25748,LOF,0.10100856642090529,0.19820896025357115,0.7007824733255236
25749,LOF,0.02628488158981004,0.09897210470760413,0.8747430137025859
25750,LOF,0.06252923953152839,0.10744620229380665,0.8300245581746649
25751,LOF,0.11726549908208102,0.1758229208703094,0.7069115800476096
25752,GOF,0.131896396173851,0.6516733406440909,0.2164302631820582
25753,LOF,0.03751993594504983,0.37337473649037295,0.5891053275645771
25754,GOF,0.022226094082591397,0.7697151270307812,0.20805877888662747
25755,LOF,0.032036319543129375,0.3627035975225441,0.6052600829343265
25756,LOF,0.06629563376228424,0.45067941955007407,0.4830249466876416
25757,GOF,0.018190498800090927,0.8483442848036704,0.13346521639623868
25758,GOF,0.03151165327805944,0.7788743160067584,0.18961403071518212
25759,GOF,0.013356127634403183,0.666072768110155,0.32057110425544166
25760,LOF,0.017954435685032237,0.46866726084950855,0.5133783034654592
25761,GOF,0.31017417739942743,0.6008715334451509,0.08895428915542172
25762,LOF,0.0506014063074253,0.4075209521621883,0.5418776415303864
25763,LOF,0.015511523021065943,0.3033043118345689,0.6811841651443651
25764,GOF,0.06255331017879548,0.7064859548847677,0.23096073493643687
25765,GOF,0.03725539574447012,0.7715063236971242,0.19123828055840572
25766,GOF,0.08622042647515386,0.7316189013258437,0.18216067219900245
25767,GOF,0.13289790654822717,0.45416143369321044,0.41294065975856226
25768,LOF,0.0986750336076442,0.040728396554309584,0.8605965698380462
25769,LOF,0.05328398787006311,0.08152844512074339,0.8651875670091934
25770,LOF,0.38313517336656333,0.12349525623287654,0.4933695704005602
25771,LOF,0.06816873431215449,0.058532050083402565,0.873299215604443
25772,LOF,0.019208618122391982,0.058450148415682,0.922341233461926
25773,LOF,0.08005703805995476,0.057945724612584286,0.8619972373274609
25774,LOF,0.027584742113000372,0.13845708867332807,0.8339581692136716
25775,LOF,0.07527150287459011,0.05834256497160968,0.8663859321538001
25776,LOF,0.0731484670296891,0.037436626868236615,0.8894149061020743
25777,Neutral,0.5367496954810653,0.08590580296529642,0.37734450155363836
25778,LOF,0.06590455845995505,0.05663706666426235,0.8774583748757825
25779,GOF,0.42470130543943735,0.524862671844937,0.05043602271562574
25780,GOF,0.3835822683461108,0.5306594351109593,0.08575829654292988
25781,GOF,0.12247157114351558,0.7623032019772154,0.11522522687926912
25782,GOF,0.1937603219786578,0.7035263990123083,0.10271327900903392
25783,GOF,0.023351427890627822,0.7091424184292939,0.2675061536800782
25784,Neutral,0.5435997415782488,0.40291400386603216,0.05348625455571908
25785,Neutral,0.5098555906804016,0.41804881404937916,0.07209559527021918
25786,GOF,0.031341152015675396,0.7124033412601227,0.2562555067242019
25787,Neutral,0.6965695912254594,0.2652362714002331,0.03819413737430754
25788,LOF,0.06058741039621785,0.08519856028936883,0.8542140293144134
25789,GOF,0.23269284409683097,0.6458269128461088,0.12148024305706018
25790,GOF,0.2715946504828305,0.5933282885668346,0.13507706095033503
25791,GOF,0.1372394662006834,0.6488035288931473,0.21395700490616937
25792,GOF,0.3563269012667981,0.4745798242857945,0.16909327444740727
25793,GOF,0.2598904765359621,0.4748314288232952,0.26527809464074265
25794,GOF,0.31508049846282576,0.46512847552752984,0.21979102600964445
25795,GOF,0.06423539537926888,0.6685520958802982,0.2672125087404328
25796,Neutral,0.5071958897851566,0.410954442441234,0.08184966777360934
25797,GOF,0.08250539449126985,0.5301995584553888,0.38729504705334133
25798,GOF,0.01087491024124056,0.5520898502576409,0.43703523950111844
25799,GOF,0.008983103263630861,0.5085085392811904,0.4825083574551787
25800,GOF,0.0411024627392375,0.6394481440304391,0.3194493932303233
25801,GOF,0.23841864857082024,0.6447235323811658,0.11685781904801396
25802,GOF,0.08003479960385143,0.6642449955787564,0.2557202048173921
25803,GOF,0.05229596189952547,0.5803406831964912,0.3673633549039835
25804,GOF,0.042923777704988446,0.5247852011220239,0.43229102117298773
25805,GOF,0.10193194187209867,0.5621279714369318,0.33594008669096953
25806,GOF,0.13638146445095817,0.5878182483411916,0.2758002872078502
25807,GOF,0.019949455120894247,0.6128332475781292,0.36721729730097646
25808,GOF,0.11601229475405969,0.5618692811654458,0.3221184240804946
25809,GOF,0.02117474657995902,0.5886562876230123,0.39016896579702876
25810,GOF,0.021676725794278498,0.5772278623922416,0.40109541181348
25811,Neutral,0.500388177484861,0.42443331798270234,0.07517850453243669
25812,GOF,0.03595442995365792,0.6299644391956954,0.33408113085064656
25813,Neutral,0.5536963015086556,0.3000468641543743,0.1462568343369701
25814,GOF,0.12513837139450681,0.5939096058121116,0.28095202279338166
25815,GOF,0.2518059222866324,0.5304125498140934,0.21778152789927413
25816,GOF,0.01789525987790641,0.6656727501638673,0.31643198995822625
25817,GOF,0.18785966022267025,0.665437483953787,0.14670285582354275
25818,GOF,0.03792146434532278,0.627613903235655,0.3344646324190222
25819,GOF,0.35815584204298134,0.4758660101899502,0.1659781477670685
25820,GOF,0.1867657080232324,0.5955240058172125,0.21771028615955507
25821,GOF,0.06432710445940336,0.6717595440602679,0.2639133514803287
25822,GOF,0.23955079554136557,0.528854597712874,0.23159460674576043
25823,GOF,0.04048718248845742,0.5302783298126524,0.4292344876988903
25824,GOF,0.08735783668904966,0.5244571845632736,0.3881849787476767
25825,GOF,0.03423732804369061,0.5416908368530581,0.4240718351032513
25826,GOF,0.010867152189107247,0.5375457705560421,0.45158707725485064
25827,GOF,0.021794135818325833,0.5487319726982391,0.429473891483435
25828,LOF,0.015055028293196758,0.4766455143772731,0.5082994573295302
25829,GOF,0.008468400858616876,0.5703047805558745,0.42122681858550864
25830,LOF,0.03995299723163401,0.27107757913917085,0.6889694236291951
25831,GOF,0.13960408530482563,0.7079497925983756,0.1524461220967988
25832,GOF,0.03688936505550682,0.7025339627432281,0.260576672201265
25833,GOF,0.11831814385884469,0.6779788419096111,0.2037030142315442
25834,GOF,0.04545518496081645,0.6822592436772719,0.2722855713619116
25835,GOF,0.09961301743441481,0.6432513724320451,0.2571356101335401
25836,GOF,0.053592303780414276,0.675450070067326,0.27095762615225966
25837,GOF,0.02609201137619789,0.5391373866109973,0.4347706020128049
25838,GOF,0.09530968372967163,0.7108862256475522,0.19380409062277607
25839,GOF,0.28199263920205303,0.5067137848510777,0.21129357594686943
25840,GOF,0.22757452682778895,0.5386269952248345,0.23379847794737665
25841,GOF,0.27257519909714173,0.5135452334358976,0.21387956746696057
25842,GOF,0.17685736999514487,0.6052591692532895,0.2178834607515656
25843,GOF,0.24562509894888238,0.5984796739689637,0.15589522708215384
25844,GOF,0.06660215098297274,0.6695284475575976,0.26386940145942966
25845,GOF,0.01488839234381308,0.5459506970038887,0.4391609106522983
25846,GOF,0.09895631392017878,0.7149574188024898,0.1860862672773315
25847,GOF,0.12474967657427348,0.6795410564436976,0.19570926698202892
25848,GOF,0.04437579253327941,0.6633618412391328,0.29226236622758783
25849,GOF,0.013442150907549234,0.5695765931244339,0.41698125596801683
25850,GOF,0.026011717199276706,0.6347689540563699,0.33921932874435334
25851,GOF,0.022419244736837124,0.5416886199467432,0.4358921353164197
25852,GOF,0.13366354485301032,0.5642332446220703,0.3021032105249194
25853,GOF,0.34959149109394294,0.5624873094980476,0.0879211994080095
25854,GOF,0.02072329318674261,0.726650104607636,0.25262660220562144
25855,GOF,0.045679913268400554,0.6283869684959077,0.32593311823569177
25856,GOF,0.23828127493701914,0.5746833978216898,0.18703532724129104
25857,GOF,0.04013092945994004,0.5794112339664809,0.3804578365735792
25858,GOF,0.020093554280534366,0.6656495536649575,0.31425689205450813
25859,GOF,0.011361642331438075,0.6618046652070937,0.32683369246146826
25860,GOF,0.31123975247854513,0.5825094025877346,0.10625084493372026
25861,GOF,0.3247900296744981,0.5798935870790868,0.0953163832464151
25862,GOF,0.06547715230387957,0.7916683614848625,0.1428544862112578
25863,GOF,0.07016784862323859,0.7935076910765804,0.136324460300181
25864,GOF,0.14115143030965188,0.7651406004917585,0.09370796919858954
25865,GOF,0.0713043803534152,0.7913386527815858,0.13735696686499912
25866,GOF,0.062020675985093233,0.8262894511201536,0.11168987289475323
25867,GOF,0.07586366218480067,0.823774596859575,0.10036174095562442
25868,GOF,0.2157988959613087,0.6577587220240727,0.12644238201461847
25869,Neutral,0.6586996641507262,0.288777938589819,0.052522397259454866
25870,LOF,0.2733096902095251,0.26905317728547434,0.4576371325050005
25871,GOF,0.20538291947834353,0.6273289544255074,0.16728812609614907
25872,GOF,0.08151484190980725,0.6316142336398328,0.28687092445035994
25873,GOF,0.14107650922791362,0.6036798565280289,0.25524363424405744
25874,LOF,0.023131888120176025,0.09082034134110147,0.8860477705387225
25875,LOF,0.05558239739692783,0.1415548678017072,0.8028627348013649
25876,LOF,0.022979738846882578,0.07398809164872876,0.9030321695043887
25877,Neutral,0.4444807906732297,0.1386317770242691,0.4168874323025012
25878,LOF,0.1598741734585521,0.21895314400145374,0.6211726825399941
25879,LOF,0.08901635437332947,0.2613513457665866,0.649632299860084
25880,LOF,0.021494976417604797,0.04096781924165016,0.9375372043407451
25881,LOF,0.1875968667790297,0.26191339734786506,0.5504897358731052
25882,LOF,0.07162408185397032,0.030863998904986555,0.8975119192410431
25883,LOF,0.08662474387321051,0.05245437876727011,0.8609208773595194
25884,LOF,0.04106425862533669,0.05726941182633743,0.9016663295483258
25885,LOF,0.05546238606534196,0.03443847737786037,0.9100991365567976
25886,LOF,0.35215971075153846,0.12199652406000279,0.5258437651884587
25887,LOF,0.18337837436069046,0.2194219789334077,0.5971996467059019
25888,LOF,0.07454538199431915,0.1223894436053458,0.8030651744003351
25889,LOF,0.0368178700637284,0.06078748132515665,0.902394648611115
25890,LOF,0.07118045608256778,0.12327335016018727,0.805546193757245
25891,LOF,0.06349322334555653,0.05242390916994795,0.8840828674844955
25892,LOF,0.09931695334668869,0.03198369332272187,0.8686993533305895
25893,LOF,0.3409774564298257,0.021478502429860775,0.6375440411403135
25894,LOF,0.18914408058192264,0.0092386677640617,0.8016172516540157
25895,LOF,0.2371942771975406,0.02163311641190698,0.7411726063905525
25896,LOF,0.047807565073461566,0.023443188751941138,0.9287492461745973
25897,LOF,0.2660705048665949,0.022927417510938547,0.7110020776224665
25898,Neutral,0.7970277677107189,0.015479762966853994,0.18749246932242702
25899,LOF,0.24905268304505754,0.05669222523970431,0.6942550917152381
25900,Neutral,0.5991894174534008,0.016178594579108408,0.3846319879674908
25901,LOF,0.04936387950220306,0.013731872601579454,0.9369042478962174
25902,LOF,0.18809331233170085,0.01390733118418838,0.7979993564841108
25903,Neutral,0.6387658025076166,0.042613672957826386,0.3186205245345569
25904,LOF,0.25510733939497016,0.04467362506361487,0.7002190355414151
25905,LOF,0.04114393593990636,0.31044129039565094,0.6484147736644427
25906,LOF,0.028710893044855683,0.05308016110506273,0.9182089458500816
25907,LOF,0.015726942639781402,0.3292523639762391,0.6550206933839796
25908,LOF,0.015618602062368911,0.2191889252582058,0.7651924726794253
25909,LOF,0.018201544279187784,0.10444034164289538,0.8773581140779169
25910,LOF,0.029506860884546376,0.34228780174936696,0.6282053373660867
25911,LOF,0.08668948250497187,0.06578689596670508,0.847523621528323
25912,LOF,0.043560519039822485,0.10751496308051678,0.8489245178796608
25913,LOF,0.2887191675391912,0.04631198606935909,0.6649688463914497
25914,LOF,0.018286807983938662,0.10871799704735113,0.8729951949687101
25915,GOF,0.3256663640406307,0.34472765135621464,0.3296059846031546
25916,LOF,0.022173374215534516,0.4853006044070689,0.49252602137739654
25917,LOF,0.04397592913145721,0.06112687591100321,0.8948971949575396
25918,LOF,0.022548502312081015,0.06266591367085612,0.914785584017063
25919,LOF,0.020192151331296575,0.06966741022773894,0.9101404384409646
25920,GOF,0.11838557041212838,0.5122996958270539,0.36931473376081775
25921,LOF,0.03341104572725298,0.020037926835263713,0.9465510274374832
25922,LOF,0.043777457160495685,0.015350073745332506,0.9408724690941719
25923,LOF,0.38939765600242937,0.019404652572600874,0.5911976914249698
25924,LOF,0.041512605335438504,0.021490344406601487,0.93699705025796
25925,LOF,0.06588094436419195,0.030801127399255078,0.9033179282365529
25926,LOF,0.04856602040610158,0.017599977962896605,0.9338340016310017
25927,LOF,0.08030031487594111,0.0456417812520011,0.8740579038720578
25928,LOF,0.025405674180787458,0.01636261495672099,0.9582317108624916
25929,Neutral,0.5467419916185426,0.022554352901507414,0.43070365547994993
25930,LOF,0.06444894477470661,0.014994461789532204,0.9205565934357612
25931,LOF,0.0347700088585644,0.015090293711326034,0.9501396974301096
25932,LOF,0.029244234443339543,0.015141973930966992,0.9556137916256934
25933,LOF,0.03946390771134408,0.009608070777611069,0.9509280215110448
25934,LOF,0.02781394066493298,0.01323984819784888,0.9589462111372181
25935,LOF,0.06649643862180694,0.025267641817435717,0.9082359195607573
25936,LOF,0.044514171464676976,0.015291823033743992,0.940194005501579
25937,LOF,0.03550165859677299,0.0169110054199932,0.9475873359832339
25938,LOF,0.06546364397893863,0.03196823771695739,0.902568118304104
25939,LOF,0.04279286751723609,0.009709871707871354,0.9474972607748926
25940,LOF,0.023304561174507802,0.46998423380848836,0.5067112050170038
25941,LOF,0.13937241828079133,0.09790996915700774,0.7627176125622009
25942,LOF,0.013639473755858268,0.0374903374230248,0.9488701888211168
25943,LOF,0.331621104832757,0.09112945432053333,0.5772494408467097
25944,Neutral,0.504809102835445,0.05665852306049622,0.4385323741040587
25945,LOF,0.07677459308566842,0.0383878894275367,0.8848375174867948
25946,LOF,0.04002488107054586,0.13843932035112955,0.8215357985783245
25947,LOF,0.13917953756220525,0.21632666285946636,0.6444937995783284
25948,LOF,0.4087566219672189,0.019222863458067917,0.5720205145747131
25949,LOF,0.12258306889647061,0.06571204406510613,0.8117048870384234
25950,GOF,0.20344708134085152,0.49739294814143964,0.2991599705177088
25951,LOF,0.22724335576463364,0.13836298625091809,0.6343936579844484
25952,LOF,0.048761673885461126,0.39924486982952606,0.5519934562850128
25953,LOF,0.11879897788889437,0.116927348063221,0.7642736740478846
25954,LOF,0.30379443716186344,0.2386781010745522,0.4575274617635843
25955,LOF,0.06127100764583781,0.10525828505171508,0.8334707073024471
25956,LOF,0.21646798816169593,0.06840006441090636,0.7151319474273976
25957,LOF,0.04862968440093143,0.01930248764219276,0.9320678279568759
25958,LOF,0.06287841648360745,0.026244967590071177,0.9108766159263213
25959,LOF,0.07976186472077892,0.3597580123905221,0.560480122888699
25960,LOF,0.022241097196542686,0.05258049840240807,0.9251784044010491
25961,LOF,0.05116232709433695,0.03684806105088523,0.9119896118547778
25962,LOF,0.05772225667818756,0.04245475808059488,0.8998229852412176
25963,LOF,0.05920791582902839,0.18037142312507895,0.7604206610458927
25964,LOF,0.03026313344781936,0.1619850187600097,0.8077518477921709
25965,LOF,0.4545623424391039,0.08512204395334157,0.4603156136075545
25966,LOF,0.3288083776567731,0.2882139434556567,0.3829776788875701
25967,LOF,0.017123229246272145,0.08414842958689417,0.8987283411668338
25968,LOF,0.05301364816133706,0.41000521875575163,0.5369811330829113
25969,LOF,0.030566740713100563,0.054775832687084136,0.9146574265998153
25970,LOF,0.06011175723368323,0.051257217891483374,0.8886310248748333
25971,LOF,0.08244657789515733,0.02264661192695454,0.8949068101778882
25972,LOF,0.0756071367833321,0.024695559901387987,0.89969730331528
25973,LOF,0.08492998516809293,0.010274062751406061,0.9047959520805011
25974,LOF,0.31277160499540435,0.0262703647479272,0.6609580302566685
25975,LOF,0.05044777762547537,0.031139771512333467,0.9184124508621913
25976,LOF,0.03296911208969821,0.021924315679174307,0.9451065722311275
25977,LOF,0.12835606175120107,0.1370774006960682,0.7345665375527306
25978,LOF,0.15666241646276424,0.09465842003991189,0.7486791634973238
25979,LOF,0.14835133709234377,0.07625188501119937,0.7753967778964569
25980,LOF,0.16995528232203144,0.16081084660199083,0.6692338710759778
25981,LOF,0.2054013708958888,0.15286115264367936,0.6417374764604318
25982,LOF,0.40945422423752603,0.08697410258812976,0.5035716731743441
25983,LOF,0.40063592299083,0.08071113824692937,0.5186529387622406
25984,LOF,0.0459380684318957,0.103541856474706,0.8505200750933982
25985,LOF,0.02079964115811476,0.353236491848883,0.6259638669930022
25986,LOF,0.024660510473058672,0.3297940051985018,0.6455454843284395
25987,LOF,0.08482379380246641,0.09134178629535206,0.8238344199021816
25988,LOF,0.10332584796100555,0.08399301330605864,0.8126811387329358
25989,LOF,0.025763733990457692,0.12758984012855618,0.8466464258809862
25990,LOF,0.03485003875866416,0.11312655495161215,0.8520234062897236
25991,LOF,0.20762443043461415,0.3053888078850744,0.48698676168031135
25992,LOF,0.35602379703188075,0.20452440934954885,0.4394517936185704
25993,LOF,0.029504245401645653,0.06559548374471283,0.9049002708536414
25994,LOF,0.019151434664795235,0.08954097180059285,0.891307593534612
25995,LOF,0.03248484176904594,0.08108481005009781,0.8864303481808563
25996,GOF,0.2805676130519795,0.4464858578453193,0.2729465291027011
25997,GOF,0.10820853389617063,0.4497587046169058,0.44203276148692355
25998,Neutral,0.5792212763196547,0.030827226697416776,0.38995149698292847
25999,LOF,0.1078619524877984,0.09560107934756869,0.7965369681646328
26000,LOF,0.08759864299280429,0.03130670799799271,0.881094649009203
26001,LOF,0.1864422507420439,0.04685524895428701,0.766702500303669
26002,LOF,0.08801497309904528,0.038159053190669104,0.8738259737102857
26003,GOF,0.010546870693918202,0.611199696620576,0.3782534326855058
26004,GOF,0.02506404444919224,0.6293428482100836,0.3455931073407242
26005,GOF,0.01249141536886949,0.4987741020338506,0.4887344825972798
26006,Neutral,0.5295130055658749,0.2531942950658747,0.2172926993682504
26007,GOF,0.020754637952947432,0.5876619834889445,0.39158337855810804
26008,GOF,0.020164958952347385,0.5299177554014038,0.4499172856462488
26009,GOF,0.034662116458895144,0.6150010095142956,0.35033687402680935
26010,GOF,0.024109911108980368,0.6663688096872371,0.3095212792037826
26011,LOF,0.010548594753573566,0.481311552098432,0.5081398531479944
26012,GOF,0.019323417922810546,0.5359339054295279,0.44474267664766143
26013,GOF,0.01564460327196044,0.6628227187082615,0.32153267801977803
26014,LOF,0.04600008045331867,0.18572577347547525,0.768274146071206
26015,LOF,0.18503252191398128,0.010641780646357226,0.8043256974396615
26016,LOF,0.27318844208111004,0.050534420151924955,0.676277137766965
26017,LOF,0.16955704670244615,0.08435868327789296,0.7460842700196608
26018,LOF,0.09838671565980979,0.0383199822283386,0.8632933021118516
26019,LOF,0.09585000021937029,0.02459448223540872,0.879555517545221
26020,LOF,0.06616054093594063,0.08928817457408576,0.8445512844899736
26021,LOF,0.05984743279410087,0.10441621189804921,0.83573635530785
26022,LOF,0.01100573614028589,0.05789864160382723,0.9310956222558868
26023,LOF,0.12822452873541937,0.026438989662200065,0.8453364816023805
26024,LOF,0.030155818156348005,0.1124611856413477,0.8573829962023043
26025,LOF,0.1517880578511119,0.052701325430710835,0.7955106167181772
26026,LOF,0.3298839660496417,0.010422284860625805,0.6596937490897324
26027,LOF,0.09380710952280041,0.016243632249735688,0.8899492582274638
26028,LOF,0.20205383355137754,0.09794170069433547,0.700004465754287
26029,LOF,0.10445126513015938,0.1382312116771012,0.7573175231927394
26030,LOF,0.03222757953169593,0.03325508825615072,0.9345173322121533
26031,LOF,0.03585416596245089,0.0999144452241603,0.8642313888133889
26032,LOF,0.08731870444862211,0.023715382525783053,0.8889659130255948
26033,LOF,0.12808463918868448,0.025528176080999318,0.8463871847303163
26034,LOF,0.06015081305477115,0.09861508832596821,0.8412340986192606
26035,LOF,0.04017337394424003,0.08411392746496868,0.8757126985907913
26036,LOF,0.055506590898308075,0.10026286005273029,0.8442305490489617
26037,LOF,0.03211025014065539,0.08474871425854669,0.8831410356007979
26038,LOF,0.08575222588513938,0.023284910928932288,0.8909628631859283
26039,LOF,0.07953112296673541,0.09696479731931927,0.8235040797139452
26040,LOF,0.24589572822102354,0.06326316341851787,0.6908411083604586
26041,LOF,0.03204392619036949,0.08252791204248265,0.8854281617671478
26042,LOF,0.0318503078984216,0.08299347510130818,0.8851562170002703
26043,LOF,0.08349269733873285,0.033242053686472164,0.883265248974795
26044,LOF,0.036215345834235795,0.03970897366105037,0.9240756805047139
26045,LOF,0.09889888065295849,0.06864246955903883,0.8324586497880028
26046,LOF,0.09050678643299288,0.03662097083495861,0.8728722427320486
26047,LOF,0.11993611413426312,0.045296572248262404,0.8347673136174745
26048,LOF,0.05194770534755062,0.03543187230107646,0.9126204223513729
26049,Neutral,0.94440296111839,0.005150603140654247,0.05044643574095577
26050,Neutral,0.9217017446560225,0.005500847848359819,0.0727974074956177
26051,GOF,0.03130851083173149,0.541616168694051,0.42707532047421753
26052,GOF,0.035458877875744525,0.6310224033999194,0.3335187187243359
26053,LOF,0.051021478322028205,0.3809872836669239,0.5679912380110479
26054,LOF,0.052399891527663355,0.07717471770581766,0.8704253907665189
26055,LOF,0.07184153145709031,0.06752548729760796,0.8606329812453017
26056,LOF,0.06044451591139107,0.07490592290771018,0.8646495611808989
26057,LOF,0.030438082574896996,0.024312044922266414,0.9452498725028365
26058,LOF,0.030171290343520375,0.021306777591271506,0.9485219320652082
26059,LOF,0.3257455485300291,0.08581882408265185,0.5884356273873191
26060,LOF,0.03245885197621992,0.2916248756878295,0.6759162723359505
26061,LOF,0.018518792242954135,0.048310760862017486,0.9331704468950284
26062,LOF,0.01363287017151775,0.04691796259320006,0.9394491672352823
26063,LOF,0.02520564479206309,0.025235306844837657,0.9495590483630992
26064,LOF,0.021468410572029084,0.03368427932624156,0.9448473101017294
26065,LOF,0.027847513448049494,0.02654632215375072,0.9456061643981999
26066,LOF,0.022325370885537273,0.030278002797949427,0.9473966263165132
26067,LOF,0.02531005551621247,0.021496045001136707,0.9531938994826509
26068,LOF,0.05147257461227565,0.06638103990920234,0.882146385478522
26069,LOF,0.402932243342165,0.05871491908516803,0.5383528375726669
26070,Neutral,0.6128598151007262,0.028206416353892663,0.35893376854538117
26071,LOF,0.024824808083007105,0.02983507559860283,0.9453401163183901
26072,LOF,0.024680693288703044,0.05504143592163076,0.9202778707896662
26073,LOF,0.02637001112866228,0.02516143265994201,0.9484685562113958
26074,Neutral,0.8763607857428075,0.012647408700711578,0.11099180555648086
26075,LOF,0.04100843086110687,0.047486870641910914,0.9115046984969822
26076,LOF,0.04461247276984347,0.019784216036703585,0.935603311193453
26077,LOF,0.010396495067074275,0.05369420322556635,0.9359093017073594
26078,LOF,0.013767198733200951,0.0392052260684781,0.9470275751983209
26079,LOF,0.05511215732988609,0.04620261768367093,0.8986852249864431
26080,LOF,0.05511215732988609,0.04620261768367093,0.8986852249864431
26081,LOF,0.03451299837789569,0.0173617461344386,0.9481252554876658
26082,LOF,0.01990233048886551,0.047965388700742274,0.9321322808103923
26083,LOF,0.14340897715844955,0.029842611525928,0.8267484113156225
26084,LOF,0.028160208510686666,0.03476552731698267,0.9370742641723308
26085,LOF,0.02372956487173646,0.030706887303479247,0.9455635478247844
26086,LOF,0.02350546590239238,0.03457470108734096,0.9419198330102667
26087,LOF,0.025923314924850803,0.025547051451598638,0.9485296336235505
26088,LOF,0.026354512700612728,0.05370838461416203,0.9199371026852252
26089,LOF,0.04584420225104784,0.062298309543119684,0.8918574882058324
26090,LOF,0.043654831460363266,0.048140494463357754,0.9082046740762789
26091,LOF,0.04036506664535696,0.016742103168262933,0.9428928301863801
26092,LOF,0.030585267233613926,0.02039561426839623,0.9490191184979898
26093,LOF,0.041820910438669694,0.014118450656588009,0.9440606389047422
26094,LOF,0.04574027373834421,0.013954769340932557,0.9403049569207231
26095,LOF,0.04109860073883142,0.04037804840653025,0.9185233508546383
26096,LOF,0.0161636666117806,0.0350442458237201,0.9487920875644994
26097,LOF,0.011423732157731873,0.12722966831924679,0.8613465995230213
26098,LOF,0.05892877841808999,0.049077177464490154,0.8919940441174198
26099,LOF,0.02615576158175624,0.04042282651131429,0.9334214119069295
26100,LOF,0.0273408979200623,0.03733367107206464,0.9353254310078731
26101,LOF,0.06022418349334783,0.0390192760441293,0.900756540462523
26102,LOF,0.02776244457554335,0.025896980835508402,0.9463405745889483
26103,Neutral,0.8741010150201416,0.053087492769072736,0.07281149221078556
26104,LOF,0.051620668101219465,0.07917099158151636,0.8692083403172641
26105,LOF,0.2671026846363532,0.25892990919911546,0.47396740616453137
26106,LOF,0.15079492180803633,0.14936219343727833,0.6998428847546854
26107,LOF,0.25590982556525665,0.1420469449724498,0.6020432294622936
26108,LOF,0.19521344365761778,0.16920185596668205,0.6355847003757001
26109,LOF,0.05932542022733423,0.1679018233761,0.7727727563965658
26110,LOF,0.29100422602854636,0.018325513780297096,0.6906702601911565
26111,LOF,0.4369395773472033,0.02405145815012072,0.539008964502676
26112,LOF,0.04310081660110565,0.02104887653041216,0.9358503068684821
26113,LOF,0.06385348020519307,0.04292233762883919,0.8932241821659678
26114,LOF,0.020395700726360388,0.02491840310432125,0.9546858961693184
26115,LOF,0.0922675273871282,0.0466295441495577,0.861102928463314
26116,LOF,0.05422770251387407,0.060353893917387914,0.885418403568738
26117,LOF,0.3029878952060063,0.10443304783799712,0.5925790569559966
26118,LOF,0.03864257030539856,0.04927463119740731,0.9120827984971941
26119,LOF,0.021903556991294072,0.05798110848030942,0.9201153345283966
26120,LOF,0.03066273847389176,0.0446360030467263,0.9247012584793819
26121,LOF,0.050216833037199184,0.10792021529214943,0.8418629516706513
26122,LOF,0.05709105201760788,0.04917871867667699,0.8937302293057151
