feature0,prediction,LoGoFunc_Neutral,LoGoFunc_GOF,LoGoFunc_LOF
25546,Neutral,0.6139570725665466,0.051701580101540856,0.3343413473319125
25547,Neutral,0.47226261712994166,0.09619484480819585,0.4315425380618625
25548,Neutral,0.4801370022427255,0.07336223718776097,0.44650076056951354
25549,LOF,0.40500283721203245,0.07678535255542693,0.5182118102325406
25550,LOF,0.3228202420671648,0.10891559539713597,0.5682641625356992
25551,LOF,0.28072717556648186,0.11963800072980492,0.5996348237037133
25552,LOF,0.24245174337662398,0.1173965931029318,0.6401516635204443
25553,Neutral,0.8033089744535914,0.0422936073623122,0.15439741818409644
25554,LOF,0.28055906067774633,0.10758639344584706,0.6118545458764066
25555,LOF,0.23564037682897462,0.10038325592196867,0.6639763672490567
25556,LOF,0.4260939571748976,0.09352978139677148,0.48037626142833095
25557,LOF,0.2206967635919428,0.10634276434483665,0.6729604720632206
25558,LOF,0.282416591531762,0.10508846076082551,0.6124949477074125
25559,LOF,0.18671527597366694,0.11834412935020029,0.6949405946761328
25560,LOF,0.19140421334338226,0.09591276546619192,0.7126830211904258
25561,LOF,0.1793779882786986,0.11197361403906501,0.7086483976822363
25562,LOF,0.0805972473608796,0.08431024318818195,0.8350925094509384
25563,LOF,0.023529594255854384,0.1353013107004906,0.8411690950436549
25564,LOF,0.23129081577220292,0.1370453970189673,0.6316637872088298
25565,LOF,0.19842872393259944,0.14610273136263421,0.6554685447047665
25566,GOF,0.09537934607354741,0.7208234250831792,0.18379722884327337
25567,LOF,0.03900137719154233,0.13900382540064257,0.8219947974078151
25568,LOF,0.06556793304570663,0.07717505556098156,0.8572570113933119
25569,LOF,0.059708971768885066,0.0820378373940089,0.858253190837106
25570,LOF,0.026769934653123936,0.11624980569761603,0.8569802596492601
25571,LOF,0.025866975884440847,0.1169557950543882,0.8571772290611709
25572,LOF,0.06312787533902041,0.1318255215974513,0.8050466030635282
25573,LOF,0.05766542743637676,0.09884061440713585,0.8434939581564875
25574,LOF,0.05710706230490951,0.19863781373083708,0.7442551239642534
25575,LOF,0.021966852092287846,0.12858413146938952,0.8494490164383227
25576,LOF,0.03045703634223727,0.17033759493521627,0.7992053687225465
25577,LOF,0.031332765455600396,0.1371872475574243,0.8314799869869753
25578,LOF,0.29051573104531314,0.09146504307006698,0.6180192258846199
25579,LOF,0.14039415898693478,0.09643287393432277,0.7631729670787425
25580,LOF,0.01992285505712464,0.09417647908838353,0.8859006658544919
25581,LOF,0.05856737182993674,0.07444766690211017,0.866984961267953
25582,LOF,0.058396581196229466,0.07304434312869225,0.8685590756750784
25583,LOF,0.020763330730654336,0.08887703895443744,0.8903596303149082
25584,Neutral,0.6863904589333194,0.10449386640190551,0.20911567466477507
25585,LOF,0.028285542605533523,0.15262161432770047,0.819092843066766
25586,LOF,0.01706911616264972,0.08650220260952533,0.8964286812278249
25587,LOF,0.016858808600572518,0.0774439033237124,0.9056972880757151
25588,LOF,0.020121532366425603,0.0851377281746108,0.8947407394589636
25589,Neutral,0.5044423232015313,0.21007444420398005,0.28548323259448866
25590,LOF,0.050057032634877124,0.13179014101246353,0.8181528263526593
25591,LOF,0.09981881356600279,0.06305618495815238,0.8371250014758448
25592,LOF,0.05684398911190016,0.15273758628952797,0.7904184245985718
25593,LOF,0.1434567593004733,0.26805381202392925,0.5884894286755974
25594,LOF,0.05722472741275301,0.1106003358638532,0.8321749367233937
25595,LOF,0.05822178602161452,0.07662761798927584,0.8651505959891096
25596,LOF,0.11824920573074137,0.04264674803196797,0.8391040462372906
25597,LOF,0.0946243224707532,0.05090382563463585,0.8544718518946108
25598,LOF,0.0587008122983948,0.08042570550560321,0.8608734821960021
25599,GOF,0.022100215547003105,0.48903946186256475,0.4888603225904322
25600,GOF,0.1848633583055521,0.5079525852540985,0.30718405644034946
25601,LOF,0.036671365577946494,0.42034162698590155,0.542987007436152
25602,LOF,0.031998747754444834,0.06456434845087364,0.9034369037946814
25603,LOF,0.029253932279895298,0.032516526059850503,0.9382295416602541
25604,LOF,0.03200897707410462,0.07972916757232426,0.8882618553535712
25605,LOF,0.032751113740953464,0.20427731894160897,0.7629715673174376
25606,LOF,0.38649518121480875,0.11775116261504769,0.4957536561701435
25607,LOF,0.024121077884777915,0.19474949608359596,0.7811294260316262
25608,LOF,0.032325326479168005,0.06800264804281661,0.8996720254780154
25609,GOF,0.154376066821284,0.5176237543656241,0.32800017881309185
25610,LOF,0.01541657591372062,0.030018338147613895,0.9545650859386654
25611,LOF,0.013840191204612814,0.03439429172073759,0.9517655170746495
25612,LOF,0.046386821097316525,0.0518166564217692,0.9017965224809142
25613,LOF,0.04469173772490697,0.05278550457755387,0.9025227576975392
25614,LOF,0.02168447682641715,0.02909911017266487,0.949216413000918
25615,LOF,0.04048281985009967,0.0481742722098158,0.9113429079400847
25616,LOF,0.04593777969162528,0.03216548565578204,0.9218967346525926
25617,LOF,0.04021715002579043,0.0450208511802822,0.9147619987939274
25618,LOF,0.05718569040825894,0.04057691030027424,0.9022373992914667
25619,LOF,0.013155579051574582,0.037642975352822836,0.9492014455956026
25620,LOF,0.0599273039512446,0.04985754094904426,0.8902151550997112
25621,LOF,0.05057561748627016,0.03876752724068444,0.9106568552730454
25622,LOF,0.06327761312291107,0.03663032490746323,0.9000920619696257
25623,LOF,0.07048717057984301,0.030728843294326114,0.8987839861258309
25624,LOF,0.018912112494981228,0.035862464360068055,0.9452254231449508
25625,LOF,0.06363015298576657,0.04410237366608811,0.8922674733481454
25626,LOF,0.04590557830190641,0.04565813522182288,0.9084362864762707
25627,Neutral,0.8919026550750935,0.02118992664303136,0.08690741828187531
25628,LOF,0.12946585007948072,0.06232157074595546,0.8082125791745638
25629,LOF,0.06217997549419387,0.05317449482496184,0.8846455296808443
25630,LOF,0.29465871985679354,0.07798146028642171,0.6273598198567848
25631,Neutral,0.5524411810508261,0.06444190705305246,0.38311691189612146
25632,LOF,0.027182617125695446,0.06656491254640029,0.9062524703279042
25633,LOF,0.18580174459721666,0.03829343704532175,0.7759048183574615
25634,LOF,0.03346272443556635,0.08160613943306931,0.8849311361313644
25635,LOF,0.035609295623222195,0.051632198058477866,0.9127585063182999
25636,LOF,0.03356709663937614,0.41221799082237903,0.5542149125382447
25637,LOF,0.07184013500215418,0.41082379582350587,0.51733606917434
25638,LOF,0.028047995174248653,0.30248725979701657,0.6694647450287347
25639,LOF,0.031134636657892675,0.3323507082931706,0.6365146550489368
25640,Neutral,0.8049293215358537,0.15712336159713564,0.0379473168670107
25641,GOF,0.06780092343162263,0.48473106881177636,0.44746800775660106
25642,LOF,0.042134917625326104,0.17709296188171522,0.7807721204929586
25643,LOF,0.22771725947392202,0.14098705725855273,0.6312956832675253
25644,LOF,0.020070646192880622,0.4351858145418211,0.5447435392652984
25645,LOF,0.02407992720131096,0.3651209593697185,0.6107991134289705
25646,LOF,0.05898420710112277,0.3016667336481952,0.6393490592506821
25647,LOF,0.025919452152983694,0.24565969202759932,0.728420855819417
25648,LOF,0.03371542652988579,0.23875776338440716,0.7275268100857071
25649,LOF,0.01755424986891856,0.23451311788450854,0.7479326322465729
25650,LOF,0.054272494666622054,0.38974345111946657,0.5559840542139114
25651,LOF,0.01817469696826851,0.26683847303527947,0.714986829996452
25652,LOF,0.034696663406555465,0.2562730368213394,0.7090302997721051
25653,LOF,0.08126510890882878,0.39996184396088763,0.5187730471302836
25654,LOF,0.02570394123474424,0.23826512692273405,0.7360309318425217
25655,GOF,0.21120388398599066,0.3948679379826998,0.3939281780313094
25656,LOF,0.24697357284188595,0.04409795897688465,0.7089284681812295
25657,LOF,0.05926229679328516,0.05088673783063456,0.8898509653760803
25658,LOF,0.34333470782774084,0.0574005669114182,0.599264725260841
25659,Neutral,0.5318855282879446,0.0759949821211753,0.3921194895908802
25660,LOF,0.02212183709620201,0.08029526421893804,0.89758289868486
25661,LOF,0.09674429999469968,0.054872464517767776,0.8483832354875325
25662,LOF,0.03320722283534525,0.030844443774275088,0.9359483333903796
25663,LOF,0.04120461101838962,0.043246761362865316,0.9155486276187451
25664,LOF,0.15104162907508176,0.061135530549083265,0.787822840375835
25665,LOF,0.055887317691227185,0.03017854166863088,0.9139341406401419
25666,LOF,0.09450779855972,0.0685570152871728,0.8369351861531072
25667,LOF,0.06501494791194824,0.03546797059681054,0.8995170814912412
25668,LOF,0.03632646081650072,0.045818919297548284,0.917854619885951
25669,LOF,0.03191161520791977,0.048749657919900685,0.9193387268721797
25670,LOF,0.16800055453723772,0.05878611205158462,0.7732133334111778
25671,LOF,0.10185357540133207,0.031832396327156814,0.8663140282715112
25672,LOF,0.05321780478597507,0.043192793439080064,0.9035894017749448
25673,LOF,0.08879609359765876,0.04328527779027568,0.8679186286120656
25674,LOF,0.07560905777247322,0.05110793344452454,0.8732830087830021
25675,LOF,0.13086418443100412,0.0483001777286583,0.8208356378403376
25676,LOF,0.018003740483469883,0.050023545677845206,0.9319727138386849
25677,LOF,0.02531107350663864,0.06412926668694761,0.9105596598064137
25678,LOF,0.1990258323289149,0.05386515344264144,0.7471090142284437
25679,LOF,0.1255245832053947,0.07682812215789851,0.7976472946367067
25680,LOF,0.029209850602667835,0.10873094968634259,0.8620591997109895
25681,LOF,0.045595982149257676,0.1014776441977506,0.8529263736529917
25682,LOF,0.13517318094513298,0.06909269226346638,0.7957341267914007
25683,LOF,0.11310233149891924,0.08957893184677444,0.7973187366543063
25684,LOF,0.04205740559043877,0.06805390671994822,0.8898886876896129
25685,LOF,0.12794509433358223,0.04874673519913551,0.8233081704672822
25686,LOF,0.08183855201573051,0.08376278483786896,0.8343986631464005
25687,LOF,0.11694386968099353,0.08687500919774888,0.7961811211212576
25688,LOF,0.2837736425259546,0.039412153224495906,0.6768142042495494
25689,LOF,0.20993284077454769,0.04021834593746048,0.7498488132879918
25690,LOF,0.3112603930472356,0.03239604999662444,0.65634355695614
25691,Neutral,0.691289669559504,0.024245257490351318,0.2844650729501447
25692,LOF,0.28160805304554093,0.012099010544009773,0.7062929364104493
25693,LOF,0.05056551197717902,0.4342248487269352,0.5152096392958858
25694,LOF,0.12117057080063859,0.015921237991031532,0.8629081912083298
25695,LOF,0.11215329530235839,0.01565328518138944,0.8721934195162523
25696,LOF,0.11159188904400179,0.009101596090173806,0.8793065148658245
25697,LOF,0.11920626077351802,0.03411984058184919,0.8466738986446328
25698,LOF,0.3452314725611065,0.18185781247692795,0.4729107149619656
25699,LOF,0.45446243670248904,0.03818392463186053,0.5073536386656504
25700,LOF,0.06381370004797365,0.008749218707950873,0.9274370812440755
25701,LOF,0.14395912265600522,0.057196713051244824,0.7988441642927498
25702,GOF,0.1652313463464483,0.5653081818630681,0.26946047179048355
25703,LOF,0.017190138343259966,0.15956087968811764,0.8232489819686224
25704,LOF,0.04579873822878941,0.12185400877287433,0.8323472529983362
25705,LOF,0.05604338204658811,0.20344849994144296,0.740508118011969
25706,LOF,0.09857941106630229,0.40464883518529565,0.49677175374840205
25707,LOF,0.08718859385559223,0.33207251482724637,0.5807388913171614
25708,LOF,0.02943568289488903,0.29590952540700366,0.6746547916981074
25709,LOF,0.06120486991865878,0.04469548123524498,0.8940996488460963
25710,LOF,0.011533978536634092,0.16345216387600975,0.8250138575873561
25711,LOF,0.01772063988864778,0.10070653111378078,0.8815728289975714
25712,LOF,0.013799148735859619,0.19735461127683654,0.7888462399873039
25713,LOF,0.01757705591759597,0.08785407490972608,0.894568869172678
25714,LOF,0.06608898517310352,0.08840552805463751,0.845505486772259
25715,LOF,0.010943100231655407,0.15178934943622582,0.8372675503321187
25716,LOF,0.01287692540986268,0.12163283904710567,0.8654902355430316
25717,LOF,0.012709537152212232,0.08471498739434424,0.9025754754534436
25718,LOF,0.01227816012800486,0.10111940756927881,0.8866024323027163
25719,LOF,0.01719204313977743,0.08557705835786537,0.8972308985023572
25720,LOF,0.022039594885358466,0.07547989170138703,0.9024805134132544
25721,LOF,0.014783894528184918,0.11327441297454614,0.871941692497269
25722,LOF,0.013618376829076177,0.1362401979702784,0.8501414252006454
25723,LOF,0.02159599986397478,0.04449586118744549,0.9339081389485797
25724,LOF,0.02183403157716416,0.09255247916425152,0.8856134892585843
25725,LOF,0.011134627564424704,0.07459435301010563,0.9142710194254697
25726,LOF,0.01446685485708131,0.11174947205017528,0.8737836730927435
25727,LOF,0.012563674334656142,0.08326259472995944,0.9041737309353843
25728,LOF,0.009572128605286431,0.12270338021614327,0.8677244911785702
25729,LOF,0.009903941188757329,0.12013502066545165,0.8699610381457911
25730,LOF,0.013337252066867809,0.08944661005734356,0.8972161378757887
25731,LOF,0.018766705930439713,0.12132380084695965,0.8599094932226006
25732,LOF,0.013890494511177966,0.08376706021767705,0.9023424452711449
25733,LOF,0.014929800309586927,0.08064324983929688,0.904426949851116
25734,LOF,0.012215572269624114,0.12982878262148353,0.8579556451088923
25735,LOF,0.013401915337345,0.09300050550287949,0.8935975791597754
25736,LOF,0.014095459374353681,0.11214761923330739,0.8737569213923388
25737,LOF,0.020329257517145326,0.09062634161610782,0.8890444008667469
25738,LOF,0.011802928529391582,0.11925995004775268,0.8689371214228557
25739,LOF,0.019699194967034248,0.08948031406982467,0.890820490963141
25740,LOF,0.02579767793327471,0.12493928828187548,0.8492630337848498
25741,LOF,0.014356315678209329,0.12501465285420194,0.8606290314675886
25742,LOF,0.11057431108087311,0.09584333526982096,0.793582353649306
25743,LOF,0.028076988850069123,0.038262980882054085,0.9336600302678767
25744,Neutral,0.5687835972602107,0.211662745039835,0.21955365769995427
25745,LOF,0.06925827787254793,0.08487926373652864,0.8458624583909234
25746,LOF,0.0389423663852844,0.10195816102054427,0.8590994725941713
25747,LOF,0.021766366068722943,0.04993794438162905,0.928295689549648
25748,LOF,0.09838470532820381,0.07413060627481045,0.8274846883969857
25749,LOF,0.025706691268863466,0.09940405571534423,0.8748892530157922
25750,LOF,0.07792152366430452,0.0932180398790402,0.8288604364566553
25751,LOF,0.0851459440197488,0.07254530879894232,0.8423087471813089
25752,GOF,0.12422447950161437,0.6576037995653237,0.21817172093306209
25753,LOF,0.01871378251049609,0.2925903035096156,0.6886959139798883
25754,GOF,0.011285822293152314,0.7797103851871362,0.2090037925197115
25755,LOF,0.02153096142946902,0.42231332117463294,0.556155717395898
25756,LOF,0.043055393983562985,0.38369250600628363,0.5732521000101535
25757,GOF,0.015522842631843118,0.8415828957646031,0.14289426160355392
25758,GOF,0.029691313009003236,0.82192896539121,0.14837972159978682
25759,GOF,0.011130903241281484,0.5564884671887622,0.4323806295699563
25760,LOF,0.012559414913425184,0.2739113612419029,0.713529223844672
25761,GOF,0.2701523193231115,0.6444841102400928,0.0853635704367958
25762,LOF,0.03475871108317106,0.2724470767559191,0.6927942121609098
25763,LOF,0.013746547274530162,0.213330946710856,0.7729225060146139
25764,GOF,0.07434801313472272,0.6242939092589026,0.3013580776063746
25765,GOF,0.037967204137543384,0.7537597936454495,0.2082730022170071
25766,GOF,0.06607120744790197,0.7525293232165023,0.18139946933559573
25767,GOF,0.12712350657480312,0.601380754904654,0.2714957385205428
25768,LOF,0.09011929596671668,0.06700560526859684,0.8428750987646864
25769,LOF,0.06764877759424037,0.06200271876282468,0.8703485036429349
25770,LOF,0.33537778615463515,0.08575830382847742,0.5788639100168874
25771,LOF,0.04067863192379144,0.04703419514139749,0.912287172934811
25772,LOF,0.01651377670442467,0.035166858406270804,0.9483193648893046
25773,LOF,0.047997063548211295,0.09295665736514779,0.859046279086641
25774,LOF,0.029278489958683422,0.06864553852521732,0.9020759715160992
25775,LOF,0.055800302806120035,0.04485404057634169,0.8993456566175382
25776,LOF,0.0648433552471887,0.02233537834638437,0.912821266406427
25777,LOF,0.36664194702180936,0.04920870683526549,0.5841493461429252
25778,LOF,0.0620474796307137,0.04462974963790299,0.8933227707313833
25779,GOF,0.35812167311600956,0.5909162022669169,0.05096212461707341
25780,GOF,0.29683296097451817,0.6243234163231036,0.07884362270237828
25781,GOF,0.11823577527872514,0.7698034921893298,0.11196073253194502
25782,GOF,0.18808925248241956,0.7366807933148077,0.07522995420277266
25783,GOF,0.022761621318584682,0.6228088602528119,0.35442951842860343
25784,Neutral,0.5088175404213536,0.4521850325266735,0.038997427051972886
25785,GOF,0.4720384187627357,0.4889440066612877,0.039017574575976564
25786,GOF,0.024882067303583933,0.7319460499072151,0.24317188278920102
25787,Neutral,0.6516968775764326,0.3193171782423546,0.02898594418121295
25788,LOF,0.04895768270827255,0.10267301490760831,0.8483693023841191
25789,GOF,0.20310606872714304,0.6610833264544965,0.13581060481836046
25790,GOF,0.21521945178157262,0.6762714397091106,0.10850910850931673
25791,GOF,0.15123474042963692,0.6850500943413523,0.1637151652290108
25792,GOF,0.34488952660199085,0.5361422329549729,0.11896824044303633
25793,GOF,0.24299159592282507,0.5441808868021195,0.21282751727505542
25794,GOF,0.28526883322041185,0.5308133744215613,0.18391779235802697
25795,GOF,0.08602866274500454,0.6784293403011465,0.2355419969538488
25796,Neutral,0.5696633048532388,0.34560858142538337,0.08472811372137785
25797,GOF,0.09803223415818939,0.5196282352332292,0.3823395306085814
25798,LOF,0.009112607855534676,0.4909613036435849,0.4999260885008803
25799,LOF,0.007276906860197109,0.3750547317049998,0.6176683614348031
25800,GOF,0.03504119474698318,0.5644200980130488,0.40053870723996804
25801,GOF,0.19941215182164787,0.6597280179301258,0.14085983024822632
25802,GOF,0.06932033741489556,0.6859459908312239,0.24473367175388044
25803,GOF,0.03541443492017659,0.562141539739063,0.40244402534076046
25804,LOF,0.029934266762879188,0.480669622575705,0.48939611066141575
25805,GOF,0.0953942069886076,0.5929256755492377,0.3116801174621547
25806,GOF,0.09746557530826153,0.5794621058134348,0.3230723188783036
25807,GOF,0.020837150581210457,0.6033354976297626,0.37582735178902693
25808,GOF,0.07775579545342046,0.6277835109204403,0.2944606936261393
25809,GOF,0.018558723389961566,0.5731991679547981,0.4082421086552403
25810,GOF,0.0172320523229866,0.6084418876814903,0.3743260599955231
25811,Neutral,0.4604495295010365,0.459874894958339,0.07967557554062446
25812,GOF,0.030340749794550186,0.635092461323487,0.3345667888819628
25813,Neutral,0.5372387333190238,0.36496567853623074,0.09779558814474534
25814,GOF,0.10256181920134673,0.636819149201074,0.2606190315975792
25815,GOF,0.18059853276982088,0.6374764876245177,0.18192497960566142
25816,GOF,0.02290400188873013,0.6763357199441462,0.3007602781671238
25817,GOF,0.24234668747034258,0.6394030915890898,0.11825022094056753
25818,GOF,0.05055846653109112,0.6398503897413972,0.3095911437275117
25819,GOF,0.3435319871067229,0.5147211146021912,0.14174689829108597
25820,GOF,0.17986594071960768,0.5942381604174529,0.22589589886293948
25821,GOF,0.05733549293524475,0.6528844114675427,0.2897800955972126
25822,GOF,0.20937254565918845,0.5600392508796415,0.23058820346117023
25823,GOF,0.0320015985671277,0.5275881221179342,0.44041027931493815
25824,GOF,0.09056561189414332,0.5819132895515403,0.3275210985543164
25825,GOF,0.0354497240796092,0.5819512886614797,0.3825989872589111
25826,GOF,0.014770059046754068,0.5616178583211213,0.4236120826321245
25827,GOF,0.023231974134350155,0.5854428074947619,0.391325218370888
25828,GOF,0.013411995041963425,0.5223305293956448,0.46425747556239166
25829,GOF,0.0057909205039154595,0.5587230043148793,0.43548607518120525
25830,LOF,0.035202745601063894,0.3007346514833013,0.6640626029156348
25831,GOF,0.20432746263319146,0.678080869817191,0.11759166754961761
25832,GOF,0.03737931030062034,0.6779616394348916,0.284659050264488
25833,GOF,0.13352627402952463,0.7043991999560097,0.16207452601446554
25834,GOF,0.03652445474853284,0.6907047200562787,0.2727708251951885
25835,GOF,0.08304501843041752,0.7489173777675724,0.16803760380201024
25836,GOF,0.03733289958220831,0.6688517664154057,0.2938153340023861
25837,GOF,0.025727036255062733,0.5836400639235139,0.39063289982142335
25838,GOF,0.08641209403701804,0.763234704763153,0.15035320119982898
25839,GOF,0.2776268015957632,0.5631850113290855,0.15918818707515126
25840,GOF,0.23162404166881848,0.6331984895243363,0.1351774688068452
25841,GOF,0.22084040604656965,0.6424263489236578,0.13673324502977258
25842,GOF,0.16602483084983477,0.7030488228987567,0.13092634625140853
25843,GOF,0.2289451531466028,0.6767158791309619,0.09433896772243536
25844,GOF,0.06556548936484512,0.6944932892949442,0.23994122134021068
25845,LOF,0.015245445668916733,0.4644384100514826,0.5203161442796006
25846,GOF,0.12169673466034123,0.7278699672458545,0.15043329809380435
25847,GOF,0.10400903702772178,0.7840647016743445,0.11192626129793382
25848,GOF,0.03866074905675514,0.6802270731894717,0.2811121777537732
25849,GOF,0.011151235089911747,0.5785095842721125,0.4103391806379756
25850,GOF,0.022457869282313938,0.6433139523694887,0.33422817834819724
25851,GOF,0.017730605719551592,0.5352211499751777,0.4470482443052707
25852,GOF,0.1689487091894667,0.5468308068209574,0.2842204839895758
25853,GOF,0.3500141783548822,0.5777588830878297,0.07222693855728814
25854,GOF,0.0207258205251982,0.6198679730842775,0.35940620639052423
25855,GOF,0.03643665435130344,0.5483518451900478,0.41521150045864874
25856,GOF,0.2519401768341627,0.5439546470667342,0.2041051760991031
25857,GOF,0.03697630047150922,0.5035058523722902,0.4595178471562007
25858,GOF,0.018402286859801914,0.5340201331359314,0.4475775800042667
25859,GOF,0.009514542005188028,0.5049340380856798,0.48555141990913214
25860,GOF,0.36846074858955036,0.5486819476722421,0.08285730373820753
25861,GOF,0.40360930981648463,0.5219729219915177,0.07441776819199762
25862,GOF,0.08531229737380992,0.7632481881643999,0.1514395144617902
25863,GOF,0.07975850491417151,0.7676909872882279,0.15255050779760063
25864,GOF,0.19136516359136427,0.7303519299260488,0.0782829064825868
25865,GOF,0.08555591920716808,0.7928160256949675,0.12162805509786451
25866,GOF,0.054715311405220665,0.7774173579059918,0.16786733068878765
25867,GOF,0.0815740389055564,0.8079894066198811,0.11043655447456255
25868,GOF,0.27357230762389967,0.6217806737574689,0.10464701861863142
25869,Neutral,0.7149954763201405,0.24179208474503777,0.04321243893482183
25870,GOF,0.26964456642040946,0.3676557935153933,0.36269964006419714
25871,GOF,0.20946194314541822,0.6379147848246319,0.1526232720299499
25872,GOF,0.07718321558330833,0.6463458185352988,0.2764709658813928
25873,GOF,0.11313469213824583,0.6849011819904487,0.2019641258713054
25874,LOF,0.015484770101122826,0.11465808327281697,0.8698571466260602
25875,LOF,0.09226704633038715,0.03843320769744981,0.8692997459721631
25876,LOF,0.035574487633170185,0.02653312703078385,0.937892385336046
25877,Neutral,0.4821816510121261,0.04354952620115847,0.4742688227867155
25878,LOF,0.23339854968916898,0.07370759831823881,0.6928938519925922
25879,LOF,0.088858245132457,0.07661792992993954,0.8345238249376034
25880,LOF,0.040334646024122026,0.014918787908972792,0.9447465660669051
25881,LOF,0.17302729840088027,0.10392909332159453,0.7230436082775252
25882,LOF,0.06333279697173522,0.016819448959769168,0.9198477540684956
25883,LOF,0.0667671378398699,0.017583091908762803,0.9156497702513673
25884,LOF,0.03205815019524225,0.0284619476799159,0.9394799021248419
25885,LOF,0.056058186099754104,0.011390885015247779,0.9325509288849981
25886,LOF,0.27633068781885123,0.035513288033214775,0.688156024147934
25887,LOF,0.15550142599249578,0.06355132454767413,0.78094724945983
25888,LOF,0.07100559214944666,0.05576217924150801,0.8732322286090455
25889,LOF,0.04105151627910603,0.019763295855175052,0.9391851878657189
25890,LOF,0.04623065096786185,0.13952718109569154,0.8142421679364467
25891,LOF,0.036230087679690395,0.05668851287359217,0.9070813994467175
25892,LOF,0.09623753051867143,0.02235129438141886,0.8814111750999097
25893,LOF,0.26312789141600035,0.021825458821970293,0.7150466497620294
25894,LOF,0.17238457022471665,0.011536065857767008,0.8160793639175163
25895,LOF,0.21667779281247687,0.020980034807546684,0.7623421723799765
25896,LOF,0.04926892483942618,0.024463945324541606,0.9262671298360322
25897,LOF,0.2628797062904805,0.012238147343275786,0.7248821463662437
25898,Neutral,0.7118323804617082,0.009680234383553742,0.2784873851547382
25899,LOF,0.2200324966001442,0.019971186238770512,0.7599963171610853
25900,LOF,0.4560711136376082,0.015568293102780208,0.5283605932596117
25901,LOF,0.0577006003507779,0.013475512924791292,0.928823886724431
25902,LOF,0.18310910136081288,0.016380786984361354,0.8005101116548258
25903,Neutral,0.5665675566342413,0.03081811601825613,0.4026143273475025
25904,LOF,0.3033707490566068,0.04950731406399353,0.6471219368793996
25905,LOF,0.021423387433773568,0.336047609628744,0.6425290029374824
25906,LOF,0.03131344014771627,0.07481677092492584,0.8938697889273578
25907,LOF,0.014323760807595377,0.35033505788284547,0.6353411813095591
25908,LOF,0.010006375202400676,0.27184538576796885,0.7181482390296304
25909,LOF,0.012123132359465582,0.12862477169686218,0.8592520959436722
25910,LOF,0.04795191309659259,0.14589878704113032,0.8061492998622771
25911,LOF,0.17561875951123615,0.01857440133556063,0.8058068391532033
25912,LOF,0.04670182222293212,0.04210067848871725,0.9111974992883506
25913,LOF,0.2977111179067468,0.019184755323365926,0.6831041267698872
25914,LOF,0.021064743077779013,0.06581795968891654,0.9131172972333045
25915,Neutral,0.5802574788326976,0.17162131174075254,0.24812120942654978
25916,LOF,0.09147296684471828,0.22996705586831542,0.6785599772869663
25917,LOF,0.06787068004997142,0.04901136061600437,0.8831179593340241
25918,LOF,0.02230448897212571,0.03976144584857618,0.937934065179298
25919,LOF,0.01985998447643135,0.042992762852695425,0.9371472526708733
25920,GOF,0.10836002003433455,0.5210633500440465,0.370576629921619
25921,LOF,0.023846489493286802,0.028558073846322144,0.947595436660391
25922,LOF,0.03350108858224724,0.021004483264771927,0.9454944281529808
25923,LOF,0.42657187621433673,0.024649535727704577,0.5487785880579586
25924,LOF,0.03931057561885802,0.034661759540768805,0.9260276648403732
25925,LOF,0.06598299547054436,0.029309747516427787,0.9047072570130279
25926,LOF,0.04779346815011597,0.025451704263228347,0.9267548275866557
25927,LOF,0.05238803207269958,0.10018774317515096,0.8474242247521495
25928,LOF,0.01791678264387749,0.03819848512114289,0.9438847322349797
25929,Neutral,0.5466515999925541,0.026181773543604816,0.42716662646384096
25930,LOF,0.07183805578278775,0.022353858566794768,0.9058080856504175
25931,LOF,0.024613821937049925,0.022118343612910665,0.9532678344500394
25932,LOF,0.02829161875514236,0.01932424140950443,0.9523841398353532
25933,LOF,0.03611766921315702,0.013961447953500305,0.9499208828333426
25934,LOF,0.024114073229541313,0.015530719869105836,0.9603552069013529
25935,LOF,0.05876202445321841,0.03897060804160471,0.9022673675051769
25936,LOF,0.04412339759491549,0.017723717290503725,0.9381528851145807
25937,LOF,0.02691786215149572,0.027700422306470258,0.9453817155420341
25938,LOF,0.05858386090073261,0.03915750830875421,0.9022586307905132
25939,LOF,0.04055395263103397,0.014059025163486586,0.9453870222054794
25940,LOF,0.026538332154444632,0.40460946299150147,0.568852204854054
25941,LOF,0.17720058843922112,0.10690309769167496,0.715896313869104
25942,LOF,0.014319738084144221,0.03435706603166248,0.9513231958841933
25943,LOF,0.29591420378855116,0.05915061024601622,0.6449351859654326
25944,Neutral,0.4927825278614514,0.024920593477245005,0.48229687866130355
25945,LOF,0.07634823517761782,0.02215773346063425,0.901494031361748
25946,LOF,0.02879266316292651,0.11201878842169033,0.8591885484153832
25947,LOF,0.10154873659164282,0.2283512227855936,0.6701000406227635
25948,LOF,0.349667007122293,0.007118884086065076,0.643214108791642
25949,LOF,0.13629972244240884,0.0358886493911987,0.8278116281663924
25950,GOF,0.27305303431463895,0.37344939543033134,0.35349757025502976
25951,LOF,0.22021585976154737,0.23926664420625732,0.5405174960321953
25952,LOF,0.04884228944954759,0.4566146527420017,0.49454305780845065
25953,LOF,0.14683266681265886,0.0972532893385969,0.7559140438487443
25954,Neutral,0.45861551602673656,0.16743267045686808,0.37395181351639545
25955,LOF,0.05146227456091777,0.08332787710404328,0.8652098483350389
25956,LOF,0.15075041197372083,0.12274480399369535,0.7265047840325838
25957,LOF,0.03639623366860645,0.028264848936793176,0.9353389173946003
25958,LOF,0.05845338384643161,0.02744044182338529,0.914106174330183
25959,LOF,0.07125302999262076,0.36307288843289465,0.5656740815744846
25960,LOF,0.01731398521609686,0.04705528375034267,0.9356307310335604
25961,LOF,0.04495177863313074,0.027931971480833716,0.9271162498860355
25962,LOF,0.0512880603089093,0.02609899273917057,0.9226129469519202
25963,LOF,0.04304698941777146,0.1709876277025537,0.7859653828796749
25964,LOF,0.03493527637758951,0.1416029301263166,0.8234617934960938
25965,LOF,0.46088013880043677,0.06673777953824303,0.4723820816613202
25966,Neutral,0.552372883105265,0.15986655187675303,0.2877605650179821
25967,LOF,0.01758847986314808,0.10439611984070346,0.8780154002961486
25968,LOF,0.028253432334063838,0.431415861718773,0.5403307059471631
25969,LOF,0.025548910842745874,0.06446379385360992,0.9099872953036443
25970,LOF,0.06312567443438523,0.05618627509517783,0.880688050470437
25971,LOF,0.06415637567252676,0.018234530440144302,0.9176090938873289
25972,LOF,0.07012480850918079,0.02701619349012669,0.9028589980006926
25973,LOF,0.06796763287409438,0.009457930548842213,0.9225744365770634
25974,LOF,0.20574971436395614,0.01606254589884031,0.7781877397372036
25975,LOF,0.04066558136735317,0.02764146809210025,0.9316929505405466
25976,LOF,0.04285364274567739,0.01635717575299834,0.9407891815013243
25977,LOF,0.1638838383608944,0.08797966278248139,0.7481364988566243
25978,LOF,0.13929911129755845,0.061435368192404374,0.7992655205100372
25979,LOF,0.1286801310085173,0.06487979778732608,0.8064400712041566
25980,LOF,0.221610007043142,0.07433331406067267,0.7040566788961854
25981,LOF,0.2483962694200975,0.07229707376051146,0.6793066568193911
25982,LOF,0.39230202370496847,0.04943321103265012,0.5582647652623813
25983,LOF,0.36528064099877294,0.05424935346722884,0.5804700055339983
25984,LOF,0.0464457334037152,0.04440449598785614,0.9091497706084287
25985,LOF,0.03557346149931128,0.24481311921710058,0.7196134192835882
25986,LOF,0.04277078710500856,0.29227279034130893,0.6649564225536826
25987,LOF,0.08100852296549042,0.06540654274293853,0.853584934291571
25988,LOF,0.14327392888361468,0.058206502877807084,0.7985195682385783
25989,LOF,0.03341723352174908,0.11785169791562072,0.8487310685626301
25990,LOF,0.04772632218169015,0.13861506949074343,0.8136586083275663
25991,LOF,0.11857970076750061,0.329535398084012,0.5518849011484873
25992,LOF,0.2931827087083851,0.2053770401934235,0.5014402510981915
25993,LOF,0.021495291029498587,0.07796755660504272,0.9005371523654586
25994,LOF,0.015565729239028863,0.11154162238945702,0.872892648371514
25995,LOF,0.022385648400610685,0.22545076537642106,0.7521635862229682
25996,GOF,0.27930290558051457,0.5012815568485466,0.21941553757093885
25997,GOF,0.07258597547588035,0.46854330048660386,0.4588707240375158
25998,Neutral,0.5289113603755597,0.021793075939595032,0.44929556368484524
25999,LOF,0.1225175582089584,0.09170763980628041,0.7857748019847612
26000,LOF,0.152012370585256,0.0412308174693826,0.8067568119453614
26001,LOF,0.19389839149615234,0.044662794004252264,0.7614388144995955
26002,LOF,0.1592217094891867,0.04269419540848572,0.7980840951023276
26003,GOF,0.011033730575693134,0.5770000016032109,0.411966267821096
26004,GOF,0.016985486632154857,0.6627651723039314,0.32024934106391384
26005,LOF,0.007635746451070231,0.4584190995013401,0.5339451540475897
26006,Neutral,0.5321868497044849,0.24324323705469048,0.2245699132408247
26007,GOF,0.020884267647678003,0.5390153307074335,0.44010040164488856
26008,GOF,0.0160725298659455,0.6127502440826027,0.37117722605145187
26009,GOF,0.019481162011361547,0.6676199291005223,0.3128989088881162
26010,GOF,0.020322562266981325,0.644792367453431,0.3348850702795876
26011,LOF,0.006595652303320531,0.4408100609860733,0.5525942867106062
26012,GOF,0.013279357289383065,0.5350534632966828,0.4516671794139341
26013,GOF,0.019147683041882066,0.6238776717743616,0.35697464518375627
26014,LOF,0.042303401330608136,0.11254864696181932,0.8451479517075726
26015,LOF,0.16480585331864436,0.012894281529879998,0.8222998651514756
26016,LOF,0.20935489631898246,0.05063989653545747,0.7400052071455601
26017,LOF,0.23011999764986768,0.08047537627686636,0.6894046260732659
26018,LOF,0.08401441490303642,0.029516403189291242,0.8864691819076723
26019,LOF,0.07949396283460392,0.02369447763462415,0.896811559530772
26020,LOF,0.07251110158573182,0.09253775100832111,0.8349511474059471
26021,LOF,0.04542796902379541,0.10116839654400997,0.8534036344321946
26022,LOF,0.011066759767610557,0.03174399594038244,0.9571892442920071
26023,LOF,0.06771631095466452,0.017586479799832667,0.9146972092455028
26024,LOF,0.03017738360485888,0.10544999803701333,0.8643726183581277
26025,LOF,0.16680661751577064,0.08032013196531025,0.7528732505189191
26026,LOF,0.3275093130354343,0.02827682617051687,0.644213860794049
26027,LOF,0.06295732215879221,0.013574263696068848,0.9234684141451389
26028,LOF,0.18341478053200078,0.059622872903977456,0.7569623465640218
26029,LOF,0.07251552907845527,0.20875999133259593,0.7187244795889488
26030,LOF,0.021911360044381333,0.06674301425340179,0.9113456257022168
26031,LOF,0.027163441136931865,0.14814413108702915,0.824692427776039
26032,LOF,0.06897247103301227,0.10414993936566164,0.8268775896013262
26033,LOF,0.08464961556647399,0.1015620753900391,0.8137883090434869
26034,LOF,0.04309528237696363,0.17665948227210945,0.7802452353509268
26035,LOF,0.026889471886252906,0.16725813592889988,0.8058523921848472
26036,LOF,0.041166117753349094,0.19184472113523907,0.7669891611114119
26037,LOF,0.02118601005640311,0.13790961780933736,0.8409043721342595
26038,LOF,0.06388121835676114,0.10731209093885156,0.8288066907043873
26039,LOF,0.05381983414885418,0.17107726286352581,0.7751029029876201
26040,LOF,0.21829330550300097,0.15470399728205556,0.6270026972149435
26041,LOF,0.021545036273839822,0.12808642525548608,0.8503685384706742
26042,LOF,0.019589885199411128,0.12084131566145224,0.8595687991391366
26043,LOF,0.06351499268584831,0.12718506052190265,0.8092999467922491
26044,LOF,0.018094168955133286,0.08509475329893224,0.8968110777459346
26045,LOF,0.07004329746448454,0.11399070440532257,0.815965998130193
26046,LOF,0.05806201131000939,0.1018397843350073,0.8400982043549832
26047,LOF,0.07584166277882681,0.10528366943009805,0.8188746677910751
26048,LOF,0.04465818117472158,0.04543680340570076,0.9099050154195777
26049,Neutral,0.96736004812793,0.00786124474869037,0.02477870712337964
26050,Neutral,0.9540043723161962,0.01028393713809766,0.035711690545705985
26051,LOF,0.048160460981203614,0.2679696403244665,0.6838698986943299
26052,LOF,0.07411040290394401,0.284622055726407,0.6412675413696489
26053,LOF,0.05473948487542203,0.12416399897401698,0.821096516150561
26054,LOF,0.05404170945358713,0.016418658897580447,0.9295396316488324
26055,LOF,0.07689559246316996,0.013435501178693817,0.9096689063581362
26056,LOF,0.06475482943461516,0.014831815551334298,0.9204133550140505
26057,LOF,0.03058611049656274,0.012632194468334405,0.9567816950351028
26058,LOF,0.031839133971613996,0.009810289718749273,0.9583505763096367
26059,LOF,0.29776601028097244,0.019517607998088538,0.6827163817209391
26060,LOF,0.04091651811124995,0.17252362101267618,0.7865598608760739
26061,LOF,0.017365637633420698,0.010404960526367338,0.972229401840212
26062,LOF,0.010385335619663037,0.016130644600869243,0.9734840197794677
26063,LOF,0.021629386695909275,0.01198805799188217,0.9663825553122085
26064,LOF,0.023017584333633604,0.020420776370836693,0.9565616392955296
26065,LOF,0.027223036468047093,0.01091030217818753,0.9618666613537654
26066,LOF,0.022795945959855655,0.011795130426512552,0.9654089236136317
26067,LOF,0.027426793268999952,0.008967140304397166,0.963606066426603
26068,LOF,0.045354450125455706,0.027626719900821283,0.927018829973723
26069,LOF,0.2481455426037821,0.016926431703742792,0.7349280256924752
26070,LOF,0.36804869970273796,0.015182674542327423,0.6167686257549345
26071,LOF,0.022175331222051096,0.011972643147668422,0.9658520256302806
26072,LOF,0.023264306719461277,0.014992075829622213,0.9617436174509165
26073,LOF,0.021448717247780684,0.01038866268636245,0.9681626200658568
26074,Neutral,0.9022315486166899,0.0053279525021094854,0.09244049888120058
26075,LOF,0.045384084624307264,0.013997070142850426,0.9406188452328422
26076,LOF,0.040144209549588,0.008810258626347102,0.9510455318240649
26077,LOF,0.010379547872596656,0.016284258489678294,0.9733361936377251
26078,LOF,0.01318888454422646,0.011031661339305774,0.9757794541164677
26079,LOF,0.05823645162702935,0.01618961249817408,0.9255739358747966
26080,LOF,0.05771101262730277,0.016203043797716005,0.9260859435749812
26081,LOF,0.034004166263089455,0.006599003129349245,0.9593968306075612
26082,LOF,0.014544142543014173,0.015462777985784899,0.9699930794712008
26083,LOF,0.18335451221389684,0.013570727322092016,0.8030747604640112
26084,LOF,0.04658497644700192,0.011968966721676126,0.941446056831322
26085,LOF,0.04299338298288334,0.011444928396611698,0.9455616886205049
26086,LOF,0.021135952229500054,0.011304812985386478,0.9675592347851134
26087,LOF,0.023972862514039198,0.008226680977080528,0.9678004565088802
26088,LOF,0.015425718588797314,0.023285762363588702,0.9612885190476139
26089,LOF,0.04428750959424238,0.020048289405366525,0.9356642010003912
26090,LOF,0.04321215581913116,0.016550415044885813,0.940237429135983
26091,LOF,0.03324352957359934,0.006133195664043881,0.9606232747623568
26092,LOF,0.023983523037615043,0.008121549040823605,0.9678949279215614
26093,LOF,0.03347962521858072,0.005888490637831305,0.960631884143588
26094,LOF,0.03682480240600545,0.00625832741448639,0.9569168701795081
26095,LOF,0.04170405929307239,0.012442168491774014,0.9458537722151535
26096,LOF,0.018664306738851645,0.012401255541583353,0.9689344377195649
26097,LOF,0.011565808101898747,0.03163771767184409,0.9567964742262571
26098,LOF,0.07479369075376112,0.009875186060737373,0.9153311231855015
26099,LOF,0.022381740969490943,0.012130027139076027,0.965488231891433
26100,LOF,0.02416564599019418,0.011761095876174143,0.9640732581336316
26101,LOF,0.048631738422420856,0.014847810078641098,0.936520451498938
26102,LOF,0.020920686206229343,0.01330399669182861,0.9657753171019421
26103,Neutral,0.8842119457324088,0.017971322032050274,0.09781673223554094
26104,LOF,0.0842326761061008,0.02166206333002463,0.8941052605638746
26105,LOF,0.2290421838135439,0.2588957354750062,0.5120620807114499
26106,LOF,0.207476914701187,0.10387476828295435,0.6886483170158586
26107,LOF,0.21792166421093362,0.07370067505032052,0.7083776607387459
26108,LOF,0.28458043968151225,0.09510211710414514,0.6203174432143427
26109,LOF,0.1121087968725465,0.05001722688345728,0.8378739762439963
26110,LOF,0.21413881981734306,0.008251351867571694,0.7776098283150852
26111,Neutral,0.5156223035323613,0.022503464714849226,0.46187423175278947
26112,LOF,0.03147011695726833,0.008702619703287255,0.9598272633394443
26113,LOF,0.06413819838652468,0.021374759838750167,0.9144870417747251
26114,LOF,0.02529759119303508,0.02568154394617067,0.9490208648607943
26115,LOF,0.08730191651588058,0.055623908176552786,0.8570741753075667
26116,LOF,0.06680465895365977,0.06115676734404513,0.8720385737022952
26117,LOF,0.4414666234351467,0.04094485380060418,0.5175885227642492
26118,LOF,0.033292464678505926,0.022031737651100475,0.9446757976703937
26119,LOF,0.023138181044341555,0.05160540876962756,0.9252564101860308
26120,LOF,0.026524925678184576,0.021282277654010542,0.9521927966678049
26121,LOF,0.04235693882823251,0.08031213792658286,0.8773309232451846
