feature0,prediction,LoGoFunc_Neutral,LoGoFunc_GOF,LoGoFunc_LOF
25546,Neutral,0.5902983360841828,0.0489203830471387,0.3607812808686784
25547,Neutral,0.47350456845320144,0.08020205304804665,0.4462933784987519
25548,Neutral,0.4846790026383961,0.07467709889638674,0.4406438984652171
25549,LOF,0.41883038222714375,0.07702009546014524,0.504149522312711
25550,LOF,0.3977550356563217,0.07878614541267541,0.5234588189310029
25551,LOF,0.3178115501016656,0.08577248815059497,0.5964159617477394
25552,LOF,0.2921353358450731,0.09769023937909244,0.6101744247758345
25553,Neutral,0.7920726249465186,0.04676150918824136,0.16116586586523995
25554,LOF,0.32195018069476505,0.08559645721776077,0.5924533620874742
25555,LOF,0.27603471208728947,0.08671778670716682,0.6372475012055437
25556,LOF,0.4325155328140196,0.07833292514731904,0.48915154203866146
25557,LOF,0.2572423385061646,0.08284292088574545,0.65991474060809
25558,LOF,0.3147092461924476,0.07919614766703213,0.6060946061405204
25559,LOF,0.2682751272370752,0.026226080318242178,0.7054987924446826
25560,LOF,0.10031115558960142,0.16614937061863153,0.7335394737917672
25561,LOF,0.08868671883557029,0.24615951071418934,0.6651537704502404
25562,LOF,0.03510572973560773,0.1006730975527738,0.8642211727116184
25563,LOF,0.00678058319801808,0.20633044077212573,0.7868889760298562
25564,LOF,0.068997132657995,0.1284759042474571,0.802526963094548
25565,LOF,0.20171888488701437,0.14470566123582485,0.6535754538771608
25566,GOF,0.07762204241438138,0.8073542286473976,0.11502372893822108
25567,LOF,0.04653991670517364,0.18365068011400926,0.7698094031808171
25568,LOF,0.06295021650412937,0.12292172451905972,0.814128058976811
25569,LOF,0.06241251298773662,0.11586990477048646,0.8217175822417769
25570,LOF,0.02664227410471132,0.1616255779406163,0.8117321479546723
25571,LOF,0.02628009611743762,0.1730226391726774,0.800697264709885
25572,LOF,0.05693723931859597,0.24494390849188447,0.6981188521895195
25573,LOF,0.07190651712941497,0.1673491278272255,0.7607443550433595
25574,LOF,0.0880868954177492,0.2684215689802261,0.6434915356020247
25575,LOF,0.025131651839778175,0.18639625580667535,0.7884720923535464
25576,LOF,0.024186366644812603,0.2883921003498582,0.6874215330053294
25577,LOF,0.027094546305757805,0.22381463335295332,0.7490908203412889
25578,LOF,0.3080365479500865,0.11430036138943751,0.5776630906604759
25579,LOF,0.2072516424234131,0.11425549225902112,0.6784928653175657
25580,LOF,0.023147300367812516,0.11268322029311997,0.8641694793390675
25581,LOF,0.045213784363098024,0.13680801551888885,0.8179782001180131
25582,LOF,0.04480498237021695,0.13334776943051518,0.8218472481992679
25583,LOF,0.034269440007025954,0.12085349092252987,0.8448770690704442
25584,Neutral,0.6939281537810917,0.13556445465103523,0.17050739156787306
25585,LOF,0.02489543547372927,0.22877389274745757,0.7463306717788131
25586,LOF,0.021839974342358296,0.14427894056620694,0.8338810850914348
25587,LOF,0.02133464588314521,0.14359600714179832,0.8350693469750564
25588,LOF,0.02692545243106658,0.11316617542599015,0.8599083721429432
25589,Neutral,0.5762574095091456,0.22822096077961065,0.1955216297112437
25590,LOF,0.05851235789849326,0.18141192326788116,0.7600757188336257
25591,LOF,0.11267991546086323,0.10651795980367101,0.7808021247354658
25592,LOF,0.08242963904611543,0.22499019220602978,0.6925801687478548
25593,LOF,0.125990716670055,0.37733344400182184,0.49667583932812315
25594,LOF,0.043418833083920985,0.04354313830250481,0.9130380286135742
25595,LOF,0.041686269790555036,0.022097625118637897,0.9362161050908071
25596,LOF,0.10790189699082683,0.014210975605187035,0.8778871274039861
25597,LOF,0.08990024559256406,0.014652117182537911,0.895447637224898
25598,LOF,0.0454454721700476,0.02458718720419646,0.929967340625756
25599,LOF,0.033767395954084865,0.35797676446352517,0.6082558395823899
25600,LOF,0.1877812929302143,0.3244202668349743,0.4877984402348113
25601,LOF,0.05047195870338481,0.28304227713395536,0.6664857641626598
25602,LOF,0.026625840569587708,0.07771097049638201,0.8956631889340303
25603,LOF,0.050931214592595864,0.08077290616371803,0.868295879243686
25604,LOF,0.04928906899907958,0.15427051716934304,0.7964404138315774
25605,LOF,0.049503997962374244,0.21093528672498668,0.7395607153126391
25606,Neutral,0.36444535346656215,0.2957440989438042,0.33981054758963364
25607,LOF,0.03116149256770245,0.265129953607728,0.7037085538245695
25608,LOF,0.04295622237807439,0.07590965122536694,0.8811341263965587
25609,GOF,0.22389229302507846,0.47788678385946876,0.29822092311545273
25610,LOF,0.022987967720379136,0.09359564907053919,0.8834163832090817
25611,LOF,0.016253085398804795,0.09734651950109684,0.8864003951000984
25612,LOF,0.06517155161127042,0.10130357462809424,0.8335248737606353
25613,LOF,0.052932131925490664,0.10467658456146778,0.8423912835130415
25614,LOF,0.025441045792327636,0.0875227291508185,0.8870362250568539
25615,LOF,0.05921182353459318,0.07804365126697811,0.8627445251984287
25616,LOF,0.06946874003889232,0.09942568958041528,0.8311055703806924
25617,LOF,0.053555825371900415,0.10286977395218384,0.8435744006759157
25618,LOF,0.06391861185262225,0.1898451023654868,0.7462362857818909
25619,LOF,0.01547504540734266,0.13093494654344842,0.8535900080492089
25620,LOF,0.051141367432391005,0.10145679370205125,0.8474018388655578
25621,LOF,0.08056946652118167,0.09314765204796278,0.8262828814308556
25622,LOF,0.09073776886270618,0.10595370563662655,0.8033085255006673
25623,LOF,0.07850819042702188,0.08265320429366922,0.8388386052793089
25624,LOF,0.024519558219305314,0.08456596830557614,0.8909144734751185
25625,LOF,0.07644874765826049,0.09793780019052442,0.8256134521512151
25626,LOF,0.06295573646762309,0.09730421144297347,0.8397400520894034
25627,Neutral,0.8804287406373389,0.02043823091010577,0.09913302845255519
25628,LOF,0.22018806922064513,0.05561961402707942,0.7241923167522754
25629,LOF,0.06941601205272781,0.06368366418934653,0.8669003237579257
25630,LOF,0.3101351121004685,0.06950824326267531,0.6203566446368561
25631,Neutral,0.5268518062201029,0.0459997839508912,0.42714840982900587
25632,LOF,0.033053648377501264,0.16258563222191472,0.804360719400584
25633,LOF,0.18216893307038343,0.09485411329722954,0.722976953632387
25634,LOF,0.03933846446950534,0.14751410486617508,0.8131474306643196
25635,LOF,0.03351620502955494,0.07255174394979201,0.8939320510206531
25636,GOF,0.029842713357308474,0.5513485670592926,0.41880871958339894
25637,GOF,0.03231997465770974,0.5571779295974656,0.41050209574482466
25638,LOF,0.018844149427359593,0.47859026658643955,0.5025655839862009
25639,LOF,0.025727691788390027,0.4381751804607082,0.5360971277509017
25640,Neutral,0.7945648395492331,0.156173348338321,0.049261812112445985
25641,LOF,0.11480999177892394,0.3149781597439715,0.5702118484771046
25642,LOF,0.09959404451412879,0.18235197025056238,0.7180539852353088
25643,LOF,0.3313921798289673,0.10361784706070626,0.5649899731103264
25644,GOF,0.01016308252469567,0.6624954817400012,0.3273414357353032
25645,GOF,0.012675692918023536,0.6209888047699663,0.3663355023120102
25646,LOF,0.020754110660408255,0.38396264719557893,0.5952832421440128
25647,LOF,0.009087681549849026,0.3046930508709181,0.6862192675792329
25648,LOF,0.014357302209848448,0.36320900180993965,0.6224336959802119
25649,LOF,0.008624707420785896,0.2772273360544318,0.7141479565247822
25650,GOF,0.0348276382589828,0.5880911772205433,0.3770811845204739
25651,LOF,0.010660177081660723,0.4046608522341695,0.5846789706841697
25652,LOF,0.010975650223762165,0.42696568655280054,0.5620586632234373
25653,GOF,0.04682011982512785,0.5956214419172802,0.3575584382575919
25654,LOF,0.012412253640043296,0.3231765719587231,0.6644111744012335
25655,GOF,0.12296109073562127,0.6386508905719579,0.23838801869242088
25656,LOF,0.21151356841057195,0.08240027945001173,0.7060861521394164
25657,LOF,0.030636437080896865,0.08652889920275744,0.8828346637163458
25658,LOF,0.25251022531293166,0.10646011622586714,0.6410296584612012
25659,LOF,0.3883644360065448,0.12905837429057937,0.48257718970287594
25660,LOF,0.02408766360435206,0.11593185975217285,0.8599804766434751
25661,LOF,0.0682082233204492,0.07683019172629861,0.8549615849532523
25662,LOF,0.027244796936097618,0.04672149327154919,0.9260337097923531
25663,LOF,0.030455241338938944,0.04304359596787395,0.926501162693187
25664,LOF,0.09213373089582966,0.06752416273983004,0.8403421063643403
25665,LOF,0.05198204836324012,0.036752792864517866,0.911265158772242
25666,LOF,0.07041260502817,0.05598819782115999,0.8735991971506699
25667,LOF,0.059812622413479365,0.05024204644596823,0.8899453311405525
25668,LOF,0.028965748195228607,0.061013683279268684,0.9100205685255027
25669,LOF,0.01963317115644718,0.05522718781790599,0.9251396410256468
25670,LOF,0.11852990403665571,0.0490241212978585,0.8324459746654858
25671,LOF,0.08055011535457471,0.04700504839681837,0.8724448362486069
25672,LOF,0.04463901891912075,0.057694083291911065,0.8976668977889681
25673,LOF,0.07654525962100499,0.04462542016391488,0.8788293202150802
25674,LOF,0.07088251655403481,0.06070339678788767,0.8684140866580774
25675,LOF,0.07438214181614868,0.06606022924062976,0.8595576289432215
25676,LOF,0.01540729603019031,0.06974998301063304,0.9148427209591766
25677,LOF,0.015413880147910829,0.0887772980388428,0.8958088218132463
25678,LOF,0.18774877837326903,0.08263186955875994,0.729619352067971
25679,LOF,0.10756174643874414,0.0988640107374144,0.7935742428238415
25680,LOF,0.01936604563576973,0.12211623651643946,0.8585177178477909
25681,LOF,0.03307794339958634,0.11349190043357983,0.8534301561668339
25682,LOF,0.10630552386987868,0.0790414819260166,0.8146529942041046
25683,LOF,0.10009908018979073,0.09133006243218003,0.8085708573780293
25684,LOF,0.025610731663756558,0.07563080382378294,0.8987584645124604
25685,LOF,0.1072650491881094,0.10031020298871861,0.792424747823172
25686,LOF,0.06279592168306575,0.2252910251656515,0.7119130531512828
25687,LOF,0.11013698733185774,0.19263858595754435,0.6972244267105979
25688,LOF,0.46606134293364365,0.01927645692737464,0.5146622001389817
25689,LOF,0.27917987005578865,0.03119171989614671,0.6896284100480646
25690,LOF,0.3766907279985358,0.01824192640618637,0.6050673455952779
25691,Neutral,0.7413143665234987,0.017558491505488754,0.24112714197101248
25692,LOF,0.345318072771021,0.009707511199633836,0.6449744160293452
25693,GOF,0.04201358775511605,0.556672291222639,0.40131412102224506
25694,LOF,0.11040778924274094,0.021742111321729235,0.8678500994355298
25695,LOF,0.10638540847689545,0.00974905429926373,0.8838655372238408
25696,LOF,0.12507649904511225,0.018523043995748417,0.8564004569591392
25697,LOF,0.04965713281198599,0.0984403891945063,0.8519024779935078
25698,LOF,0.2687623053056615,0.19737975946487984,0.5338579352294587
25699,LOF,0.38147038204479305,0.045172908719299985,0.573356709235907
25700,LOF,0.05799986564774062,0.012784404627016297,0.929215729725243
25701,LOF,0.1773463625117739,0.03927339632889493,0.783380241159331
25702,GOF,0.2036578063682646,0.6156740377163649,0.18066815591537064
25703,LOF,0.016516359628622343,0.19440646237659165,0.789077177994786
25704,LOF,0.03797360088084068,0.16178970965553652,0.8002366894636228
25705,LOF,0.0319619757053568,0.08521816746004329,0.8828198568346
25706,GOF,0.09495468065746603,0.5217581052099458,0.38328721413258826
25707,LOF,0.09738685941460364,0.401307687088483,0.5013054534969134
25708,LOF,0.033860619782812414,0.4131769723898749,0.5529624078273128
25709,LOF,0.07847573573445116,0.04701787558394059,0.8745063886816081
25710,LOF,0.01670019748885202,0.1639193884677451,0.8193804140434029
25711,LOF,0.019945702547580685,0.0926878343667593,0.88736646308566
25712,LOF,0.0178323386828397,0.1966748738216638,0.7854927874954966
25713,LOF,0.018433435546279117,0.07041335623263385,0.911153208221087
25714,LOF,0.07916336845908484,0.06414408955009547,0.8566925419908197
25715,LOF,0.011916968324226292,0.115117669994076,0.8729653616816977
25716,LOF,0.012995217733599074,0.12165749251044494,0.865347289755956
25717,LOF,0.02077344252495995,0.07837934508640151,0.9008472123886385
25718,LOF,0.011695087347629779,0.05671263447466719,0.9315922781777031
25719,LOF,0.024099373437586814,0.09015331525712394,0.8857473113052894
25720,LOF,0.03186306202794181,0.05140155344934054,0.9167353845227177
25721,LOF,0.011583470452460954,0.08490681381071323,0.9035097157368258
25722,LOF,0.013407923227853495,0.07107282201201164,0.915519254760135
25723,LOF,0.024106722964743657,0.05419227317844379,0.9217010038568126
25724,LOF,0.034880183433338874,0.09596093782027111,0.8691588787463901
25725,LOF,0.011540719104799195,0.08450665935370931,0.9039526215414915
25726,LOF,0.017764978685568224,0.1258376595246888,0.8563973617897429
25727,LOF,0.01432459061475522,0.07532868070472319,0.9103467286805215
25728,LOF,0.011123950331975633,0.09550730944198488,0.8933687402260394
25729,LOF,0.01134014766020159,0.09417771621646334,0.894482136123335
25730,LOF,0.014813824493213777,0.09310412125382321,0.892082054252963
25731,LOF,0.01918461834570204,0.132312140682952,0.8485032409713459
25732,LOF,0.01455322874176529,0.04925250134110987,0.9361942699171248
25733,LOF,0.016481210512407512,0.06703542134146527,0.9164833681461272
25734,LOF,0.013292433278746681,0.14997029555534702,0.8367372711659063
25735,LOF,0.011434556779285303,0.06505657262179924,0.9235088705989154
25736,LOF,0.01250850006975527,0.06466852968114498,0.9228229702490998
25737,LOF,0.01337872468468984,0.09608734221141019,0.8905339331039
25738,LOF,0.012254968272621082,0.08917841204853692,0.898566619678842
25739,LOF,0.02015268781523555,0.08055700812075564,0.8992903040640088
25740,LOF,0.031170612465480172,0.09551037329854997,0.8733190142359698
25741,LOF,0.014282745471164282,0.09875467527773873,0.886962579251097
25742,LOF,0.11295448540581625,0.0726051839570065,0.8144403306371774
25743,LOF,0.049075199986593245,0.05557922220303635,0.8953455778103704
25744,Neutral,0.6250929687444934,0.23491129746420406,0.13999573379130245
25745,LOF,0.06864019008380537,0.07641380785019548,0.854946002065999
25746,LOF,0.04666492497698887,0.12036926029705076,0.8329658147259604
25747,LOF,0.018773098599605485,0.12413837093267667,0.8570885304677177
25748,LOF,0.10148572643098933,0.1898996892752038,0.7086145842938069
25749,LOF,0.02952796019477688,0.09936616927523115,0.8711058705299919
25750,LOF,0.07342171142785248,0.10238439465909766,0.8241938939130499
25751,LOF,0.12259039852993288,0.15619124432139592,0.7212183571486712
25752,GOF,0.11528231329565855,0.6783199986242973,0.20639768808004413
25753,LOF,0.034374230694075684,0.3813600821995757,0.5842656871063486
25754,GOF,0.022338001140020873,0.7684415093409455,0.20922048951903363
25755,LOF,0.032759858861650316,0.36507590296503667,0.6021642381733131
25756,LOF,0.06903913611012147,0.4561926598474226,0.47476820404245607
25757,GOF,0.017738855625789668,0.846802330634414,0.13545881373979649
25758,GOF,0.030193977909322475,0.7832911758300389,0.18651484626063852
25759,GOF,0.013634708268667589,0.6714030208257262,0.3149622709056061
25760,LOF,0.01651910050706709,0.45495047839637176,0.5285304210965611
25761,GOF,0.2927761821494525,0.6188676092189782,0.08835620863156939
25762,LOF,0.052504908413372846,0.41932671929991744,0.5281683722867098
25763,LOF,0.014713030479898363,0.314370287336592,0.6709166821835096
25764,GOF,0.05480853035857851,0.7245618665197382,0.2206296031216832
25765,GOF,0.03756272688238208,0.7780110183125972,0.1844262548050206
25766,GOF,0.09947836863226116,0.7208172591341708,0.17970437223356786
25767,GOF,0.1342898329284254,0.4475930267168476,0.4181171403547269
25768,LOF,0.09956602733983617,0.039167450151146144,0.8612665225090178
25769,LOF,0.05541200527633414,0.08436723876890043,0.8602207559547654
25770,LOF,0.4098413336389203,0.13480220896312825,0.45535645739795144
25771,LOF,0.0691669167061692,0.0587716594972715,0.8720614237965592
25772,LOF,0.019079751269714028,0.06185503848167214,0.9190652102486139
25773,LOF,0.07609014233871723,0.0690954345867762,0.8548144230745065
25774,LOF,0.02754757856402487,0.14261138042772997,0.8298410410082452
25775,LOF,0.08270462588585467,0.05690448182208944,0.8603908922920558
25776,LOF,0.07189921163487366,0.04123117954967777,0.8868696088154486
25777,Neutral,0.5508426994802722,0.09285619267768552,0.35630110784204216
25778,LOF,0.0698784389558519,0.05893559550980814,0.8711859655343399
25779,GOF,0.41561152205697727,0.5403274512718446,0.044061026671178144
25780,GOF,0.35412841660313743,0.5524344689380323,0.09343711445883036
25781,GOF,0.13693762764035566,0.7372879832188668,0.12577438914077763
25782,GOF,0.20627095729034414,0.6996809261096647,0.09404811659999124
25783,GOF,0.023990344387735923,0.7089267244885888,0.26708293112367526
25784,Neutral,0.5466508978445167,0.4069911934300263,0.04635790872545699
25785,Neutral,0.5202422851206269,0.42279611154700714,0.05696160333236609
25786,GOF,0.030892629052669717,0.72120876940372,0.24789860154361026
25787,Neutral,0.6866833910068101,0.27902277727418684,0.03429383171900319
25788,LOF,0.061313683799375185,0.08261487691358411,0.8560714392870408
25789,GOF,0.24945298401777463,0.633219790234051,0.1173272257481744
25790,GOF,0.2833717652505772,0.608591727474702,0.10803650727472061
25791,GOF,0.14584199410031404,0.6397163903944524,0.21444161550523355
25792,GOF,0.3652645636571997,0.47878549998844805,0.15594993635435228
25793,GOF,0.26411011355696046,0.47445769969454793,0.2614321867484916
25794,GOF,0.32243665245817815,0.44461198839991406,0.2329513591419078
25795,GOF,0.07160286268334212,0.6392264150885848,0.289170722228073
25796,Neutral,0.5030795056314207,0.39400911976361336,0.10291137460496594
25797,GOF,0.08484145184192818,0.5052246289041268,0.40993391925394507
25798,GOF,0.010772691693062771,0.534513659395399,0.45471364891153837
25799,GOF,0.009213233476085575,0.5000730386704417,0.4907137278534726
25800,GOF,0.0415223030667732,0.6477764319480933,0.3107012649851335
25801,GOF,0.24763953662512475,0.6462996857440405,0.10606077763083469
25802,GOF,0.07779756939107874,0.6447813974283849,0.27742103318053624
25803,GOF,0.055725665671720465,0.5555716036239277,0.3887027307043521
25804,GOF,0.04511441342586567,0.49237844390347985,0.4625071426706545
25805,GOF,0.09972515094978106,0.5428852110735994,0.3573896379766194
25806,GOF,0.13876068669147454,0.5570685608821843,0.30417075242634123
25807,GOF,0.019998218433933637,0.5857803856564527,0.3942213959096136
25808,GOF,0.11856877347894265,0.545463551859651,0.33596767466140626
25809,GOF,0.019649226033304393,0.5725561428051495,0.4077946311615461
25810,GOF,0.02049658031950774,0.5617072606932121,0.41779615898728023
25811,Neutral,0.493253059323552,0.4352828168447942,0.0714641238316537
25812,GOF,0.04015070583265776,0.5825549448549778,0.37729434931236444
25813,Neutral,0.5922242166997163,0.2773603585591278,0.1304154247411559
25814,GOF,0.1473904588302377,0.5995452123008466,0.25306432886891583
25815,GOF,0.29016114987507824,0.5177065577022183,0.1921322924227034
25816,GOF,0.021011088268207488,0.6602357040213626,0.31875320771042986
25817,GOF,0.19182674276658945,0.6651588346173218,0.14301442261608874
25818,GOF,0.042333029605274686,0.600843864447162,0.35682310594756333
25819,GOF,0.37135897118397015,0.4590677840386689,0.1695732447773609
25820,GOF,0.19812631992316723,0.5760175749792633,0.2258561050975695
25821,GOF,0.06841269793288096,0.6436345854319824,0.28795271663513666
25822,GOF,0.22761378139550795,0.5207252236006645,0.2516609950038275
25823,GOF,0.04210301801915571,0.48970330181833366,0.4681936801625105
25824,GOF,0.09191233879692048,0.5173210834740375,0.39076657772904205
25825,GOF,0.03501135183327277,0.522401341814909,0.44258730635181814
25826,GOF,0.011585229004537132,0.4995867758986255,0.4888279950968374
25827,GOF,0.021243667655556554,0.535827444218816,0.44292888812562736
25828,LOF,0.014519890046272738,0.4506685023297334,0.5348116076239938
25829,GOF,0.008109701731948995,0.5326988756507136,0.45919142261733736
25830,LOF,0.04162114958963854,0.26797562666195945,0.690403223748402
25831,GOF,0.1396835193596305,0.7186219178586134,0.14169456278175616
25832,GOF,0.0355153482014952,0.7016812125412868,0.26280343925721794
25833,GOF,0.12255352223336514,0.6746085012128961,0.20283797655373875
25834,GOF,0.0427903234194745,0.6870595919272862,0.27015008465323936
25835,GOF,0.10124979270846156,0.6514011305092384,0.24734907678229998
25836,GOF,0.0486666136353778,0.6800070176719634,0.27132636869265886
25837,GOF,0.026423213241047155,0.5180073287003761,0.4555694580585766
25838,GOF,0.1060458655428904,0.6980941371655562,0.1958599972915534
25839,GOF,0.2903217790896262,0.5132096516412588,0.1964685692691151
25840,GOF,0.22533162738720935,0.5647944158887568,0.20987395672403386
25841,GOF,0.2702423128220506,0.544305274540605,0.18545241263734455
25842,GOF,0.19706632330868656,0.6118317087631076,0.1911019679282058
25843,GOF,0.25099045754800414,0.6025656732560396,0.1464438691959564
25844,GOF,0.07134731952914103,0.6658715840562244,0.26278109641463465
25845,GOF,0.0158603835951691,0.5363244032771695,0.4478152131276615
25846,GOF,0.10741833036279402,0.7058461840553344,0.1867354855818717
25847,GOF,0.12071680961686043,0.7041986610429959,0.17508452934014354
25848,GOF,0.051830050759436,0.6707102179566325,0.2774597312839315
25849,GOF,0.013909287957306518,0.5517117271463109,0.43437898489638244
25850,GOF,0.02837576142811886,0.6397476950270964,0.3318765435447848
25851,GOF,0.0235467843568763,0.530864582708868,0.4455886329342556
25852,GOF,0.14110624187654594,0.5698548983682842,0.28903885975516985
25853,GOF,0.33361040910569534,0.5742861834141065,0.0921034074801981
25854,GOF,0.02129876271271767,0.6953853502214612,0.28331588706582117
25855,GOF,0.04551716713332068,0.6241829105704363,0.3302999222962429
25856,GOF,0.24823854480142418,0.5596172633572858,0.19214419184129
25857,GOF,0.03778664806180337,0.5481317850777757,0.4140815668604209
25858,GOF,0.02126579469897346,0.6201575909719341,0.3585766143290925
25859,GOF,0.011068068873954498,0.617367031772232,0.37156489935381354
25860,GOF,0.3031669579721455,0.5899341917054352,0.10689885032241941
25861,GOF,0.32423785910594066,0.5851341784662346,0.09062796242782475
25862,GOF,0.0699550997706313,0.7744138485372437,0.15563105169212493
25863,GOF,0.07526986901162325,0.7858077105702852,0.1389224204180915
25864,GOF,0.14948461206649621,0.7537829955536647,0.09673239237983906
25865,GOF,0.08237198062717263,0.7709213570693065,0.14670666230352086
25866,GOF,0.06557148605681833,0.8133680498272543,0.12106046411592736
25867,GOF,0.08196646340328716,0.8094543220674687,0.10857921452924421
25868,GOF,0.21668062782644182,0.6536805750823927,0.12963879709116546
25869,Neutral,0.6570068671845274,0.29145827390172635,0.051534858913746144
25870,LOF,0.2950000698109751,0.2578250422182645,0.44717488797076044
25871,GOF,0.19572383339431781,0.6323438311922771,0.17193233541340516
25872,GOF,0.08604930838656082,0.6170396925934029,0.2969109990200364
25873,GOF,0.1544882774727706,0.5988378264522954,0.24667389607493395
25874,LOF,0.02364863547331887,0.09047898962672869,0.8858723748999524
25875,LOF,0.060024961897963684,0.14454533961555135,0.795429698486485
25876,LOF,0.02342716734183067,0.07137120893531296,0.9052016237228564
25877,Neutral,0.4561030353801154,0.13399845809171482,0.40989850652816984
25878,LOF,0.15578188651013564,0.2323788568991237,0.6118392565907406
25879,LOF,0.08261957269965606,0.2705877720664996,0.6467926552338443
25880,LOF,0.021293834926682964,0.037406804498166094,0.941299360575151
25881,LOF,0.18911058965163416,0.24461668373456436,0.5662727266138015
25882,LOF,0.07447414301900497,0.030170226799662,0.8953556301813329
25883,LOF,0.08585544740825074,0.05646399255816576,0.8576805600335834
25884,LOF,0.04389627126518031,0.06180680360328179,0.8942969251315379
25885,LOF,0.05838366915465891,0.03371808344651108,0.9078982473988301
25886,LOF,0.36874722680430627,0.1368799296582675,0.4943728435374261
25887,LOF,0.18315695522324077,0.21372672896773962,0.6031163158090196
25888,LOF,0.07629956338104509,0.12924918351616183,0.7944512531027932
25889,LOF,0.039431756529237666,0.06665296451418798,0.8939152789565744
25890,LOF,0.06596165423566451,0.11532426394694838,0.8187140818173871
25891,LOF,0.06807497209646633,0.05547410863187732,0.8764509192716563
25892,LOF,0.09986482790599639,0.03205134575811068,0.8680838263358929
25893,LOF,0.33898147357174174,0.021740929261569217,0.639277597166689
25894,LOF,0.1928609879675677,0.009722317884361188,0.7974166941480711
25895,LOF,0.23642524340444349,0.018439907292637572,0.745134849302919
25896,LOF,0.046425722742599415,0.022676468892316986,0.9308978083650836
25897,LOF,0.2848756782004186,0.024067929231550184,0.6910563925680313
25898,Neutral,0.797662301670171,0.015359165334688007,0.1869785329951409
25899,LOF,0.24940226459615797,0.054383245485826626,0.6962144899180154
25900,Neutral,0.6176722729724244,0.018746513915021096,0.3635812131125544
25901,LOF,0.050852099941936624,0.01473363251058549,0.9344142675474779
25902,LOF,0.20355189500606674,0.014942635035468768,0.7815054699584645
25903,Neutral,0.636310444329924,0.039734011092778555,0.3239555445772975
25904,LOF,0.261619313623324,0.04940580283685983,0.6889748835398161
25905,LOF,0.03910357601096811,0.3210774886757491,0.6398189353132829
25906,LOF,0.025153976295552178,0.06594202935684743,0.9089039943476004
25907,LOF,0.013257092607358844,0.3520205564665511,0.6347223509260901
25908,LOF,0.014359371092439238,0.23539761987583668,0.750243009031724
25909,LOF,0.017225402651160304,0.11330117573487966,0.8694734216139601
25910,LOF,0.02961967823982864,0.3583797141117074,0.612000607648464
25911,LOF,0.08137463768714351,0.07063636005869471,0.8479890022541617
25912,LOF,0.0417898383416307,0.12453368643473008,0.8336764752236392
25913,LOF,0.2739367228527263,0.046456274850288026,0.6796070022969857
25914,LOF,0.01815635661431192,0.10010353264557827,0.8817401107401098
25915,GOF,0.33028139516416094,0.34374167519375787,0.32597692964208125
25916,LOF,0.023054644129427027,0.4631973214917866,0.5137480343787865
25917,LOF,0.04278590834412782,0.05573008176888402,0.9014840098869882
25918,LOF,0.022008104406634237,0.061649496162339196,0.9163423994310266
25919,LOF,0.01958106180922465,0.06655221238022856,0.9138667258105467
25920,GOF,0.12878440658573828,0.5267954956863463,0.3444200977279153
25921,LOF,0.03592291662620281,0.021938479089987317,0.9421386042838098
25922,LOF,0.04736056449027581,0.015973962648098115,0.936665472861626
25923,LOF,0.39899445440180376,0.019870922892440825,0.5811346227057554
25924,LOF,0.044689444125521526,0.021678999698717522,0.9336315561757609
25925,LOF,0.0650707320888552,0.028719311962523086,0.9062099559486217
25926,LOF,0.04834526801614283,0.018613345098834076,0.9330413868850232
25927,LOF,0.08267742543960599,0.0507363430693328,0.8665862314910613
25928,LOF,0.026146938441379528,0.019461720055219407,0.9543913415034011
25929,Neutral,0.5383824010924393,0.023578081080231884,0.4380395178273288
25930,LOF,0.06420194256547912,0.015291552178758851,0.9205065052557619
25931,LOF,0.03548403090255594,0.015574429475474508,0.9489415396219695
25932,LOF,0.02861360739303503,0.015639129854287146,0.9557472627526777
25933,LOF,0.036852262865598256,0.010111428105236414,0.9530363090291653
25934,LOF,0.026920301272967358,0.013991746444466952,0.9590879522825656
25935,LOF,0.06383470143204127,0.02561772692140718,0.9105475716465514
25936,LOF,0.0443392705788851,0.016221942269990765,0.9394387871511242
25937,LOF,0.035206063450616845,0.018494012599812103,0.9462999239495711
25938,LOF,0.06294181246234797,0.03313321915893443,0.9039249683787175
25939,LOF,0.041610517744149894,0.0101936802575317,0.9481958019983184
25940,GOF,0.02341188107792138,0.523742829951862,0.4528452889702166
25941,LOF,0.14073370569028554,0.09708896183143141,0.7621773324782831
25942,LOF,0.013058992986448258,0.043260888789387796,0.9436801182241639
25943,LOF,0.3389442095619333,0.0958044211108566,0.5652513693272101
25944,LOF,0.46981244464736294,0.058638515782698554,0.47154903956993854
25945,LOF,0.07396743369519082,0.03885499746063931,0.8871775688441699
25946,LOF,0.042203299199020494,0.14495561196660375,0.8128410888343758
25947,LOF,0.14822348839437188,0.219450791085132,0.6323257205204962
25948,LOF,0.4267385477816311,0.01734296302938968,0.5559184891889792
25949,LOF,0.122688229534401,0.0629896751688284,0.8143220952967706
25950,GOF,0.19215811204215744,0.5060038546992417,0.3018380332586008
25951,LOF,0.20766769368110863,0.12171308100421205,0.6706192253146793
25952,LOF,0.05295527169029449,0.40507946177806864,0.5419652665316369
25953,LOF,0.1298741474015544,0.10990239484597109,0.7602234577524746
25954,LOF,0.3191578343062101,0.23077102145705275,0.4500711442367372
25955,LOF,0.06430954810987384,0.09172675425817774,0.8439636976319483
25956,LOF,0.1853940065352805,0.07518972646416648,0.739416267000553
25957,LOF,0.04981943895345527,0.01951142071945835,0.9306691403270863
25958,LOF,0.06328371368432226,0.02655622121576327,0.9101600650999145
25959,LOF,0.08466776726106803,0.35290041029349245,0.5624318224454394
25960,LOF,0.021974416207280408,0.05765324188404773,0.9203723419086719
25961,LOF,0.053115868463641414,0.03932730692143233,0.9075568246149264
25962,LOF,0.06754117747975175,0.047357715332284306,0.885101107187964
25963,LOF,0.058397710922343686,0.19225547863172335,0.749346810445933
25964,LOF,0.03128798840748322,0.16207099374289038,0.8066410178496264
25965,Neutral,0.46190077585324524,0.08952520273132016,0.4485740214154346
25966,LOF,0.3519763214613817,0.284957259137942,0.3630664194006763
25967,LOF,0.017666634860301116,0.0945863797931077,0.8877469853465912
25968,LOF,0.04931920315649683,0.41982230180678404,0.5308584950367191
25969,LOF,0.02878462855812308,0.05942873229355915,0.9117866391483177
25970,LOF,0.06192281780341798,0.04524722480944125,0.8928299573871407
25971,LOF,0.07799430425600694,0.023397491774137948,0.8986082039698551
25972,LOF,0.07922912849106163,0.025633993792490407,0.895136877716448
25973,LOF,0.08693818405053383,0.01155063479425105,0.9015111811552151
25974,LOF,0.2900770521255547,0.02775120938693468,0.6821717384875106
25975,LOF,0.05051363497436915,0.031329326198286295,0.9181570388273446
25976,LOF,0.036647124179260526,0.02483892479928931,0.9385139510214502
25977,LOF,0.13090146621401177,0.13230373386017216,0.7367947999258161
25978,LOF,0.15323501715193658,0.10339637542264742,0.743368607425416
25979,LOF,0.14612752821350145,0.0857408802359748,0.7681315915505237
25980,LOF,0.16934677175192714,0.17044000571741058,0.6602132225306623
25981,LOF,0.20478818409132504,0.16343319867780653,0.6317786172308685
25982,LOF,0.39969784042012413,0.10688970617595224,0.4934124534039236
25983,LOF,0.3924889673963313,0.0933792877959672,0.5141317448077014
25984,LOF,0.047276983965446474,0.11715820283547121,0.8355648131990824
25985,LOF,0.022437367563592815,0.3372083712973776,0.6403542611390296
25986,LOF,0.0274693806397757,0.331047698803402,0.6414829205568223
25987,LOF,0.0857658116295466,0.0959569736380018,0.8182772147324516
25988,LOF,0.10692472481076022,0.08467575022903912,0.8083995249602006
25989,LOF,0.02553442626341973,0.1413430100835533,0.833122563653027
25990,LOF,0.03414849111383375,0.12804778473510545,0.8378037241510609
25991,LOF,0.2158451651072983,0.3081119695782738,0.47604286531442785
25992,LOF,0.39018227738922623,0.19349521234227113,0.41632251026850275
25993,LOF,0.029876073248740517,0.06724839952971767,0.9028755272215417
25994,LOF,0.019854725716649636,0.09059005300626517,0.8895552212770852
25995,LOF,0.03400887667000285,0.08596214533505513,0.8800289779949421
25996,GOF,0.295333998560888,0.4300212558863385,0.2746447455527735
25997,LOF,0.10747341455213726,0.4303250874986756,0.4622014979491872
25998,Neutral,0.5662528294790511,0.030208298870964982,0.40353887164998387
25999,LOF,0.10842403113906866,0.10048434877584943,0.7910916200850819
26000,LOF,0.09456793086866007,0.03031746992017875,0.8751145992111612
26001,LOF,0.1778668204319286,0.04462610765781471,0.7775070719102568
26002,LOF,0.09636104646450967,0.03956780967378566,0.8640711438617048
26003,GOF,0.011651982307394506,0.6062682853541081,0.38207973233849724
26004,GOF,0.028419987928224574,0.6127294015877728,0.35885061048400274
26005,LOF,0.012814283932756318,0.47735711161762795,0.5098286044496158
26006,Neutral,0.5476003113824683,0.241132176700501,0.21126751191703064
26007,GOF,0.024868813521741466,0.5894975243337731,0.38563366214448547
26008,GOF,0.01963283964055552,0.5310016987539926,0.4493654616054519
26009,GOF,0.03649208462113829,0.6337516923896916,0.32975622298917
26010,GOF,0.024867368505104924,0.6855751703882145,0.2895574611066808
26011,LOF,0.011032353937644715,0.4691069114710491,0.5198607345913062
26012,GOF,0.018409812972235363,0.510131840666913,0.4714583463608516
26013,GOF,0.016699713116519778,0.660574335672031,0.3227259512114491
26014,LOF,0.0514598641528669,0.17243996345733037,0.7761001723898027
26015,LOF,0.19848324415608987,0.012060968849967598,0.7894557869939427
26016,LOF,0.2739752100389985,0.05359509504698485,0.6724296949140166
26017,LOF,0.1746909841116034,0.08318713173396497,0.7421218841544317
26018,LOF,0.09756768541753755,0.03808163635392575,0.8643506782285367
26019,LOF,0.09485805539928475,0.023247611613606094,0.8818943329871092
26020,LOF,0.0632518740428383,0.09885672250995847,0.8378914034472034
26021,LOF,0.05900193921495407,0.116635501935717,0.824362558849329
26022,LOF,0.010847452614921534,0.0566789158833537,0.9324736315017248
26023,LOF,0.13026934461221243,0.024159021491830752,0.8455716338959568
26024,LOF,0.029666922655096822,0.10536450803967269,0.8649685693052305
26025,LOF,0.15845444114364243,0.05943627481385945,0.7821092840424981
26026,LOF,0.34267123115117915,0.012105609486038425,0.6452231593627825
26027,LOF,0.09441319606742787,0.01641153381100885,0.8891752701215633
26028,LOF,0.2013030003400091,0.09998208843654047,0.6987149112234503
26029,LOF,0.11574325778875451,0.1300584223350124,0.7541983198762332
26030,LOF,0.033159479642275405,0.033230911202439636,0.933609609155285
26031,LOF,0.038432162116201415,0.09492459389386962,0.866643243989929
26032,LOF,0.09172271378060186,0.022389855373029083,0.885887430846369
26033,LOF,0.1373455847952667,0.024200566334617257,0.8384538488701161
26034,LOF,0.065962951203026,0.0990439701420445,0.8349930786549294
26035,LOF,0.04178134680159375,0.08192033973081224,0.876298313467594
26036,LOF,0.05806060107103115,0.1019261551168745,0.8400132438120943
26037,LOF,0.033618266321839126,0.0814322689543679,0.8849494647237931
26038,LOF,0.08897419888362816,0.02210209154221388,0.8889237095741579
26039,LOF,0.08332451794610725,0.09277372564611872,0.823901756407774
26040,LOF,0.25025751147166697,0.05946523787651553,0.6902772506518174
26041,LOF,0.032285164365527724,0.08108522184652713,0.886629613787945
26042,LOF,0.03225711654986779,0.08117596397355857,0.8865669194765737
26043,LOF,0.0858398770392936,0.03168191771408237,0.8824782052466241
26044,LOF,0.035560884416228775,0.03859204532814347,0.9258470702556278
26045,LOF,0.11356269107598475,0.06676727920499334,0.8196700297190218
26046,LOF,0.09310098749363835,0.03427766101906005,0.8726213514873017
26047,LOF,0.1228795119277444,0.0427588267438713,0.8343616613283842
26048,LOF,0.05693733708931281,0.03781405851965466,0.9052486043910326
26049,Neutral,0.9427638722032432,0.0049730103910502884,0.05226311740570667
26050,Neutral,0.9205829497249839,0.005164144492221382,0.07425290578279484
26051,GOF,0.03285273058947572,0.5603304448359632,0.40681682457456114
26052,GOF,0.0338251906385575,0.6669640116143358,0.2992107977471068
26053,LOF,0.04735853616361647,0.36112479198183334,0.5915166718545503
26054,LOF,0.05083475966206073,0.06492715413453126,0.884238086203408
26055,LOF,0.06821401050984056,0.06698743741485884,0.8647985520753005
26056,LOF,0.05832669614307828,0.07583096903736036,0.8658423348195613
26057,LOF,0.029501192989675688,0.026673185081364424,0.9438256219289598
26058,LOF,0.029347699222962285,0.02230662750458812,0.9483456732724497
26059,LOF,0.3235759915315772,0.09030851415137779,0.586115494317045
26060,LOF,0.033074810149417606,0.305469503575645,0.6614556862749373
26061,LOF,0.016690362996768463,0.05039748958283432,0.9329121474203972
26062,LOF,0.012741623824030001,0.050299297746458825,0.9369590784295112
26063,LOF,0.02366369222861618,0.02788849505440027,0.9484478127169835
26064,LOF,0.02030682221354824,0.035439630319248606,0.9442535474672031
26065,LOF,0.026547334927168,0.02891845536727489,0.9445342097055572
26066,LOF,0.02107212810603209,0.033479636986125806,0.9454482349078421
26067,LOF,0.023283799837375854,0.02354506912108351,0.9531711310415407
26068,LOF,0.0481825295478914,0.07168695294322812,0.8801305175088805
26069,LOF,0.42251156139675744,0.061189154292407816,0.5162992843108347
26070,Neutral,0.6469094298447743,0.0292083375709616,0.3238822325842642
26071,LOF,0.02327466701787848,0.03235972229184288,0.9443656106902786
26072,LOF,0.022805059428386065,0.05636462981573617,0.9208303107558777
26073,LOF,0.025020088105182407,0.026719722087818507,0.948260189806999
26074,Neutral,0.8840007111608691,0.01211295897036987,0.10388632986876103
26075,LOF,0.03873623060902773,0.04581294968447685,0.9154508197064954
26076,LOF,0.04157847566791783,0.021507545692776343,0.9369139786393059
26077,LOF,0.010018408882773562,0.05816440432820659,0.9318171867890198
26078,LOF,0.012983488955398597,0.038450758321201456,0.9485657527233999
26079,LOF,0.049093188445155096,0.04516913401067854,0.9057376775441662
26080,LOF,0.049093188445155096,0.04516913401067854,0.9057376775441662
26081,LOF,0.03292222469334391,0.01873808443583356,0.9483396908708225
26082,LOF,0.019063840496136086,0.05194917040374875,0.9289869891001151
26083,LOF,0.14164814484358823,0.03125327192985419,0.8270985832265576
26084,LOF,0.027135040825634307,0.038983742393477676,0.9338812167808881
26085,LOF,0.022086402042787633,0.03454001290609572,0.9433735850511167
26086,LOF,0.021985798983605677,0.03864396758916937,0.939370233427225
26087,LOF,0.024207099811417644,0.02747649037737593,0.9483164098112065
26088,LOF,0.02428649214344192,0.06040910351500883,0.9153044043415491
26089,LOF,0.04421979927366845,0.0645609348376606,0.891219265888671
26090,LOF,0.041940286118804695,0.0495716009922733,0.9084881128889221
26091,LOF,0.03937410486333004,0.01777158247753631,0.9428543126591337
26092,LOF,0.02947860271920215,0.02310363190788094,0.9474177653729169
26093,LOF,0.040007553942126836,0.015686595018150114,0.944305851039723
26094,LOF,0.04456289548819352,0.015871969086820845,0.9395651354249855
26095,LOF,0.0375654868829104,0.04060387031537294,0.9218306428017166
26096,LOF,0.016312591073321014,0.04291812976406081,0.9407692791626183
26097,LOF,0.011039533618954434,0.11570609452887633,0.8732543718521693
26098,LOF,0.05535367281821954,0.045958548263846814,0.8986877789179336
26099,LOF,0.024924185942097114,0.04067205062292997,0.9344037634349729
26100,LOF,0.025542002513699334,0.03771197162836353,0.9367460258579371
26101,LOF,0.061327048674986506,0.041126478770173565,0.89754647255484
26102,LOF,0.02721658469221402,0.028540780065862487,0.9442426352419235
26103,Neutral,0.8744884131825649,0.0526258300378439,0.07288575677959136
26104,LOF,0.04802248803079592,0.07849465691025058,0.8734828550589534
26105,LOF,0.2598238218747216,0.2147113371775768,0.5254648409477016
26106,LOF,0.14609703438780883,0.16147273033032356,0.6924302352818676
26107,LOF,0.24275091706456522,0.1425091600065878,0.6147399229288469
26108,LOF,0.18861715197429366,0.16256153135246232,0.6488213166732439
26109,LOF,0.060002095383420245,0.16476746146909613,0.7752304431474837
26110,LOF,0.2894626591813381,0.018193856036844466,0.6923434847818175
26111,LOF,0.43684219416264153,0.02630279034807175,0.5368550154892868
26112,LOF,0.039830529103498304,0.02072165734115019,0.9394478135553516
26113,LOF,0.058349685737664934,0.04119184895830592,0.9004584653040291
26114,LOF,0.020220954386246662,0.0260457486535185,0.9537332969602348
26115,LOF,0.0950656233546049,0.043642217220202194,0.8612921594251929
26116,LOF,0.05180828403877617,0.060356201332161366,0.8878355146290624
26117,LOF,0.32152308959649006,0.09823238251402662,0.5802445278894833
26118,LOF,0.04063230646459991,0.04878865608885871,0.9105790374465413
26119,LOF,0.022626528936079585,0.07394081060897703,0.9034326604549434
26120,LOF,0.03217148398151412,0.043507381436533696,0.9243211345819522
26121,LOF,0.047785513564082775,0.11315693291338998,0.8390575535225273
26122,LOF,0.0602194679669229,0.061077876979584673,0.8787026550534924
26123,LOF,0.03310223056068286,0.13225234498937802,0.8346454244499392
