feature0,prediction,LoGoFunc_Neutral,LoGoFunc_GOF,LoGoFunc_LOF
25546,Neutral,0.6084416134205284,0.049924729056447875,0.34163365752302377
25547,Neutral,0.48203688771392417,0.08164897071265922,0.4363141415734166
25548,Neutral,0.5163983282664111,0.07141766840156728,0.4121840033320216
25549,LOF,0.45548678973646217,0.07337320116282088,0.47114000910071696
25550,LOF,0.39610824390544574,0.07485982131175073,0.5290319347828035
25551,LOF,0.34121908037573134,0.08027294871482697,0.5785079709094418
25552,LOF,0.30545835773350094,0.08784468233278798,0.6066969599337111
25553,Neutral,0.7835867708241148,0.04563385151216454,0.17077937766372067
25554,LOF,0.33027374495463496,0.08200511485203757,0.5877211401933274
25555,LOF,0.28741689383286234,0.08387590224038226,0.6287072039267554
25556,Neutral,0.4653056246264255,0.07799365977414115,0.4567007155994334
25557,LOF,0.2715939381302766,0.08312054315940216,0.6452855187103212
25558,LOF,0.33126415056463665,0.07686644811057114,0.5918694013247922
25559,LOF,0.21224177671755984,0.03806902834663968,0.7496891949358004
25560,LOF,0.0964719352417522,0.174954619775469,0.7285734449827788
25561,LOF,0.09935961492144103,0.2582365301983673,0.6424038548801916
25562,LOF,0.04073351599297239,0.11298532714845726,0.8462811568585703
25563,LOF,0.00707177150111464,0.1945020602911072,0.7984261682077781
25564,LOF,0.08397816593686494,0.10936137321732284,0.8066604608458123
25565,LOF,0.19341268263143663,0.12465024768812484,0.6819370696804387
25566,GOF,0.08467193968187493,0.7472844755094965,0.1680435848086284
25567,LOF,0.050381966522879226,0.16739647512941833,0.7822215583477025
25568,LOF,0.05882028882028748,0.10674990088867348,0.834429810291039
25569,LOF,0.06506009108577372,0.10161523248471377,0.8333246764295125
25570,LOF,0.02639939466894957,0.1670700440279337,0.8065305613031167
25571,LOF,0.026307972959875896,0.17107031953436758,0.8026217075057565
25572,LOF,0.05685179611249654,0.21891046090997837,0.7242377429775252
25573,LOF,0.06895073933469145,0.1465502105965005,0.784499050068808
25574,LOF,0.07578946160660237,0.2647325210335311,0.6594780173598664
25575,LOF,0.025194700979742243,0.17201463780740256,0.8027906612128552
25576,LOF,0.025535609995092984,0.2523529715249437,0.7221114184799633
25577,LOF,0.029028803268467945,0.2066035318149962,0.7643676649165358
25578,LOF,0.29460132586963284,0.11149458185210555,0.5939040922782617
25579,LOF,0.20528998744142343,0.10889878559416455,0.685811226964412
25580,LOF,0.024282494240716494,0.1127036826073497,0.8630138231519339
25581,LOF,0.04582967510491099,0.11434466365260369,0.8398256612424854
25582,LOF,0.04550223341368216,0.11218355062341262,0.8423142159629053
25583,LOF,0.03203613836611461,0.1252573415325324,0.8427065201013529
25584,Neutral,0.7013591201642135,0.14468656996812512,0.1539543098676612
25585,LOF,0.02543223362201575,0.2016369678499965,0.7729307985279879
25586,LOF,0.021347308101447963,0.1426467109134507,0.8360059809851013
25587,LOF,0.020453764173197563,0.13474659359588406,0.8447996422309184
25588,LOF,0.02517260011524667,0.1055560273057905,0.8692713725789628
25589,Neutral,0.5638227762189991,0.23154111738353197,0.20463610639746901
25590,LOF,0.05907539382476367,0.1572240638495399,0.7837005423256963
25591,LOF,0.1074905419588365,0.09400068959624218,0.7985087684449212
25592,LOF,0.07222545290545247,0.19653122193268116,0.7312433251618664
25593,LOF,0.10409939234178842,0.3197634970808994,0.5761371105773121
25594,LOF,0.043392078548809956,0.04566134656970627,0.9109465748814839
25595,LOF,0.046000153998981955,0.024862468409709928,0.929137377591308
25596,LOF,0.12290239396678278,0.016943571851519335,0.8601540341816978
25597,LOF,0.09612706894427904,0.015231978633215197,0.8886409524225057
25598,LOF,0.04589239778936644,0.02740888215697615,0.9266987200536573
25599,LOF,0.027640283762884753,0.4008434419309916,0.5715162743061237
25600,LOF,0.16343544574449717,0.39307155590147724,0.4434929983540256
25601,LOF,0.042684569172395936,0.29943618490475665,0.6578792459228474
25602,LOF,0.033430717160772755,0.07574447628242388,0.8908248065568033
25603,LOF,0.04757475616887519,0.07390491582741794,0.8785203280037069
25604,LOF,0.05864565032367855,0.12576301382058827,0.8155913358557332
25605,LOF,0.052295024189505136,0.18742877264420899,0.7602762031662859
25606,Neutral,0.4014900446344424,0.24177654764889212,0.35673340771666556
25607,LOF,0.028801012909904798,0.26429209563732103,0.7069068914527741
25608,LOF,0.04730170501383804,0.0837699482112923,0.8689283467748697
25609,GOF,0.20040111676375932,0.48747727184524114,0.3121216113909995
25610,LOF,0.021051297541118612,0.07522782131744205,0.9037208811414394
25611,LOF,0.01512291225901755,0.07790461673577614,0.9069724710052063
25612,LOF,0.05321871808997733,0.08459751982539106,0.8621837620846315
25613,LOF,0.04953942988201569,0.08132689454631331,0.869133675571671
25614,LOF,0.025365334928410862,0.06994328795922354,0.9046913771123657
25615,LOF,0.05394954133091712,0.06598163504272672,0.8800688236263563
25616,LOF,0.0657357434851246,0.08272565838502362,0.8515385981298518
25617,LOF,0.04945712129557765,0.08885212186048291,0.8616907568439394
25618,LOF,0.05183641814523109,0.13382237080517506,0.8143412110495938
25619,LOF,0.014604684824873353,0.09901199178046972,0.8863833233946569
25620,LOF,0.04952740625032968,0.08389774859949768,0.8665748451501727
25621,LOF,0.07158412797036595,0.07040123732860842,0.8580146347010257
25622,LOF,0.08435004094687854,0.08000484193162326,0.8356451171214982
25623,LOF,0.06684578904199182,0.08079403931778831,0.8523601716402198
25624,LOF,0.024168816602540343,0.07271063161010116,0.9031205517873585
25625,LOF,0.06793347516613404,0.08187784399826241,0.8501886808356035
25626,LOF,0.05433267076178878,0.07805603688186533,0.8676112923563458
25627,Neutral,0.8806717791934429,0.02401994314806596,0.09530827765849136
25628,LOF,0.200240622455235,0.06737721965341516,0.7323821578913497
25629,LOF,0.059689407231737754,0.061551582300658825,0.8787590104676034
25630,LOF,0.30240065747512007,0.07015283855080232,0.6274465039740776
25631,Neutral,0.5209331914921393,0.04703717242997598,0.4320296360778847
25632,LOF,0.03307859620903118,0.15475917724775365,0.8121622265432151
25633,LOF,0.20531786751290326,0.08180884142339193,0.7128732910637048
25634,LOF,0.04167241443909787,0.1282101710047059,0.8301174145561961
25635,LOF,0.03584111033175204,0.06670174654796596,0.8974571431202821
25636,GOF,0.03702490775136335,0.5637347595187013,0.3992403327299354
25637,GOF,0.044144097931849674,0.531098965524423,0.4247569365437273
25638,LOF,0.021531512564036792,0.4783636152453916,0.5001048721905716
25639,LOF,0.03491629518208747,0.4394383187100937,0.5256453861078189
25640,Neutral,0.8337199902888501,0.11368459929221945,0.05259541041893049
25641,LOF,0.14897845221237876,0.322700937464569,0.5283206103230522
25642,LOF,0.1266288441567871,0.15956749421980881,0.7138036616234041
25643,LOF,0.33120526443771375,0.08723222042136042,0.5815625151409258
25644,GOF,0.009835468246929963,0.6393474969483917,0.35081703480467846
25645,GOF,0.014621087875571467,0.6085157404970478,0.3768631716273808
25646,LOF,0.020348045525802484,0.43188436813355313,0.5477675863406444
25647,LOF,0.010036331532647973,0.32920689927620445,0.6607567691911476
25648,LOF,0.014749440936210757,0.39237431558155855,0.5928762434822306
25649,LOF,0.00885424310649755,0.30395415086456173,0.6871916060289408
25650,GOF,0.03267160370197743,0.6056948477573542,0.3616335485406684
25651,LOF,0.011851375872794601,0.38609668220000337,0.602051941927202
25652,LOF,0.01259754407642149,0.4346260740730329,0.5527763818505456
25653,GOF,0.05010449850442548,0.5998622108416165,0.350033290653958
25654,LOF,0.011596421501944117,0.33693297254221705,0.6514706059558387
25655,GOF,0.12780058858097523,0.6433835045011492,0.22881590691787548
25656,LOF,0.23433871637378662,0.062486254748964354,0.703175028877249
25657,LOF,0.03451241399778266,0.06611298363061416,0.8993746023716032
25658,LOF,0.2791344690437913,0.08848441797289897,0.6323811129833098
25659,LOF,0.3925104427124374,0.08859369797092335,0.5188958593166393
25660,LOF,0.021016651114535816,0.10452334576456457,0.8744600031208997
25661,LOF,0.0670671923571534,0.06455810863359257,0.8683746990092539
25662,LOF,0.028055951579010818,0.03846404644778664,0.9334800019732026
25663,LOF,0.03106492123092534,0.03674103046519099,0.9321940483038836
25664,LOF,0.09931882787004392,0.06126182668796347,0.8394193454419926
25665,LOF,0.0550315462799506,0.034107446769330856,0.9108610069507186
25666,LOF,0.07346920946066858,0.05324332991147386,0.8732874606278574
25667,LOF,0.05704783996603843,0.04464077390561565,0.8983113861283458
25668,LOF,0.029943658531131078,0.05622555006602123,0.9138307914028476
25669,LOF,0.02109699192947024,0.05168309072050556,0.9272199173500241
25670,LOF,0.11476126596275239,0.04647011514470955,0.8387686188925381
25671,LOF,0.08740553966586896,0.03896113495266435,0.8736333253814665
25672,LOF,0.04694726421571304,0.053603336270024754,0.8994493995142622
25673,LOF,0.07959026439634183,0.044817324947316405,0.8755924106563417
25674,LOF,0.07601381693689381,0.05755826767712273,0.8664279153859834
25675,LOF,0.06981436489302564,0.0670127563485746,0.8631728787583997
25676,LOF,0.016178063279978935,0.06377099142307299,0.9200509452969481
25677,LOF,0.015952180560352077,0.08854124539927086,0.8955065740403771
25678,LOF,0.17247157645173436,0.09716298889523435,0.7303654346530313
25679,LOF,0.1096959878985247,0.09414335348261729,0.796160658618858
25680,LOF,0.02836486170109957,0.13029478491659335,0.8413403533823072
25681,LOF,0.044113679330562754,0.11714534318750496,0.8387409774819323
25682,LOF,0.11228283801864204,0.07474319701455485,0.8129739649668031
25683,LOF,0.09572102171054875,0.08549514182652879,0.8187838364629225
25684,LOF,0.025977758026676227,0.06189073879207046,0.9121315031812532
25685,LOF,0.1276604563941092,0.10079381098948446,0.7715457326164064
25686,LOF,0.08166620513389715,0.1367318517486098,0.7816019431174931
25687,LOF,0.1431749962335547,0.12846965177694575,0.7283553519894995
25688,LOF,0.4591590972389411,0.02853149087944949,0.5123094118816095
25689,LOF,0.2952413226620826,0.03936579587285001,0.6653928814650674
25690,LOF,0.38844902928833974,0.026861730039712907,0.5846892406719474
25691,Neutral,0.7411612755693329,0.02666272369581536,0.23217600073485176
25692,LOF,0.3612997379915648,0.010247282118243191,0.6284529798901919
25693,LOF,0.04157707190435206,0.4762172503859855,0.48220567770966255
25694,LOF,0.11285017288234911,0.01678183707992226,0.8703679900377286
25695,LOF,0.10775516212194218,0.007916846340848953,0.8843279915372088
25696,LOF,0.10939377908777591,0.009318326314501413,0.8812878945977227
25697,LOF,0.05050008911931549,0.06028834500354758,0.889211565877137
25698,LOF,0.2550996163693698,0.24819149826899636,0.4967088853616338
25699,LOF,0.41696545212016706,0.032709550004205584,0.5503249978756274
25700,LOF,0.05777391888234523,0.011481695520299748,0.930744385597355
25701,LOF,0.20417486419499523,0.03290321780765865,0.7629219179973462
25702,GOF,0.17858609885892843,0.6511612342725154,0.17025266686855625
25703,LOF,0.01669326059519085,0.16543626063187455,0.8178704787729346
25704,LOF,0.03775812391013623,0.11972714993140463,0.8425147261584591
25705,LOF,0.04218922586777302,0.08971609911090227,0.8680946750213248
25706,GOF,0.10230527747267742,0.4957571177897275,0.40193760473759516
25707,LOF,0.08881360942136596,0.4072883610422942,0.5038980295363398
25708,LOF,0.03230416795971527,0.4075969769718312,0.5600988550684535
25709,LOF,0.06874207023436282,0.03863982812048903,0.8926181016451481
25710,LOF,0.01535806577395003,0.1591821200779045,0.8254598141481454
25711,LOF,0.01956036110524138,0.08865261243060063,0.8917870264641581
25712,LOF,0.017067822147096862,0.20527469004773077,0.7776574878051724
25713,LOF,0.018409837117632798,0.07512379209997408,0.9064663707823931
25714,LOF,0.08086704223463645,0.05604284090414267,0.8630901168612208
25715,LOF,0.011347177362878344,0.12120987725702077,0.8674429453801009
25716,LOF,0.010651067994562557,0.12300046191792481,0.8663484700875126
25717,LOF,0.017059082708157373,0.07994777180099179,0.9029931454908509
25718,LOF,0.01121976634549875,0.054368699956126275,0.9344115336983749
25719,LOF,0.021328429092290744,0.06949347775708589,0.9091780931506234
25720,LOF,0.027284298484942206,0.04956455231252821,0.9231511492025295
25721,LOF,0.011482554134300944,0.07163000065835685,0.9168874452073422
25722,LOF,0.013025503168748143,0.05965366005906624,0.9273208367721856
25723,LOF,0.024973781489980557,0.04012043208419718,0.9349057864258223
25724,LOF,0.03405798811265519,0.08248589036870695,0.8834561215186378
25725,LOF,0.011137356698670539,0.07333729370333801,0.9155253495979914
25726,LOF,0.016591768355290904,0.09190262471646284,0.8915056069282463
25727,LOF,0.012931792698688077,0.059272151655208785,0.9277960556461031
25728,LOF,0.010679335383224364,0.07641732005459258,0.912903344562183
25729,LOF,0.010512472595677686,0.07944456430737953,0.9100429630969428
25730,LOF,0.014776511436972947,0.0751812671076957,0.9100422214553313
25731,LOF,0.018025725185641724,0.10107224936341315,0.8809020254509451
25732,LOF,0.014301431004193465,0.04792664201552959,0.937771926980277
25733,LOF,0.013954433373218486,0.06264447617511043,0.9234010904516711
25734,LOF,0.012106434101192897,0.1416372875990282,0.8462562782997789
25735,LOF,0.010982073685453671,0.06312690094203523,0.9258910253725111
25736,LOF,0.012404784644566595,0.07121733258946278,0.9163778827659705
25737,LOF,0.01212977997244126,0.11821673485979174,0.8696534851677671
25738,LOF,0.01211523996975168,0.11268936703366522,0.875195392996583
25739,LOF,0.02048059836795308,0.07366896574880645,0.9058504358832405
25740,LOF,0.02871748100120418,0.1212600064413818,0.8500225125574139
25741,LOF,0.015272282073005154,0.10907172030427295,0.8756559976227218
25742,LOF,0.11935319644656545,0.07784621851303067,0.8028005850404037
25743,LOF,0.04249335043078797,0.06252186911630724,0.8949847804529047
25744,Neutral,0.6324973913128523,0.22857323100237942,0.1389293776847683
25745,LOF,0.05972527317077156,0.0844075394601905,0.855867187369038
25746,LOF,0.041612145588860186,0.1217119260217369,0.8366759283894029
25747,LOF,0.01858943545900025,0.12629443335782511,0.8551161311831746
25748,LOF,0.11125929439348632,0.19801796528578572,0.690722740320728
25749,LOF,0.023653327853552245,0.10089931269526652,0.8754473594511812
25750,LOF,0.05874027832728277,0.13296166746237728,0.80829805421034
25751,LOF,0.10816847024616678,0.15029374448797678,0.7415377852658565
25752,GOF,0.1139153825395421,0.6554161328344056,0.2306684846260523
25753,LOF,0.031562048966305954,0.3493611034564964,0.6190768475771976
25754,GOF,0.01903812798211937,0.7766450650077722,0.2043168070101085
25755,LOF,0.031184176518034637,0.35296196279318065,0.6158538606887848
25756,LOF,0.06301172980617156,0.4223413121522558,0.5146469580415726
25757,GOF,0.016659087539283163,0.8674888897818525,0.11585202267886434
25758,GOF,0.027643353665496972,0.7880311726159273,0.1843254737185758
25759,GOF,0.012698573723473541,0.6751934544659799,0.3121079718105466
25760,LOF,0.016036131914549216,0.39960703113907237,0.5843568369463784
25761,GOF,0.2702753697616288,0.6394993336814048,0.09022529655696658
25762,LOF,0.046742246832721046,0.3527702252619438,0.6004875279053351
25763,LOF,0.014471070086139836,0.2718974320626829,0.7136314978511773
25764,GOF,0.05868871179014545,0.7027899615605379,0.2385213266493166
25765,GOF,0.03382679669828036,0.7753967494216686,0.190776453880051
25766,GOF,0.08412900462558147,0.7191852854058451,0.19668570996857335
25767,GOF,0.15845107745625342,0.4282516395928881,0.4132972829508585
25768,LOF,0.12780735008094274,0.0350528651000265,0.8371397848190307
25769,LOF,0.05039830537324067,0.06461138089246415,0.8849903137342953
25770,LOF,0.4228152782586126,0.12382848542300079,0.4533562363183867
25771,LOF,0.07311124406925411,0.05595641813862488,0.8709323377921211
25772,LOF,0.019852253100921043,0.05114533569006456,0.9290024112090145
25773,LOF,0.07245866545135501,0.06476310688068783,0.8627782276679571
25774,LOF,0.026959211772218553,0.1245179160509202,0.8485228721768613
25775,LOF,0.08772190386985024,0.048021199161701035,0.8642568969684488
25776,LOF,0.07183324289126548,0.03277584879085043,0.8953909083178841
25777,Neutral,0.555665278270406,0.07872404000855751,0.3656106817210365
25778,LOF,0.0657832438110683,0.05067612352752451,0.8835406326614073
25779,GOF,0.43297140356082553,0.5219025995757357,0.045125996863438766
25780,GOF,0.33420988432427723,0.571252031354605,0.0945380843211178
25781,GOF,0.11427240521849084,0.7625564432565844,0.1231711515249248
25782,GOF,0.18096373776517033,0.7238154880384952,0.09522077419633454
25783,GOF,0.021602693208602856,0.6581481474370551,0.32024915935434217
25784,Neutral,0.5399370111029527,0.4103169345858159,0.04974605431123131
25785,Neutral,0.5137807531894343,0.41893754217359064,0.06728170463697503
25786,GOF,0.02633376587076743,0.6994572274353452,0.2742090066938874
25787,Neutral,0.6943769128223164,0.26763221611083104,0.037990871066852464
25788,LOF,0.05757988130093244,0.07459081434971128,0.8678293043493562
25789,GOF,0.22064869595216194,0.6172417760660915,0.1621095279817465
25790,GOF,0.23888766232934844,0.6490012561478057,0.11211108152284589
25791,GOF,0.13995653108827336,0.6267409643926557,0.23330250451907103
25792,GOF,0.34797703439666083,0.4732727590376579,0.17875020656568127
25793,GOF,0.23611572979839723,0.47480850786993406,0.28907576233166854
25794,GOF,0.3338223216635886,0.42319264864790956,0.2429850296885018
25795,GOF,0.05865090358272086,0.6480427792770541,0.2933063171402251
25796,Neutral,0.5312419829452828,0.3797219066129939,0.08903611044172327
25797,GOF,0.07724190672792149,0.49700826645808405,0.4257498268139945
25798,LOF,0.010113000725370675,0.48411870861880435,0.505768290655825
25799,LOF,0.008025620068574083,0.42686871351156624,0.5651056664198597
25800,GOF,0.037040357823420765,0.5821744056798722,0.38078523649670704
25801,GOF,0.261103226965869,0.6051969562544642,0.1336998167796667
25802,GOF,0.07195076155008626,0.5705109632435319,0.35753827520638193
25803,GOF,0.041620971767477644,0.48398775241180964,0.47439127582071267
25804,LOF,0.03766843680876959,0.41700587998818633,0.545325683203044
25805,GOF,0.10090066571361091,0.4919597415821798,0.4071395927042092
25806,GOF,0.12611017009948344,0.5189501876947451,0.3549396422057714
25807,GOF,0.019750708310582007,0.5628933540060942,0.4173559376833238
25808,GOF,0.09984708730663056,0.49114275289902404,0.4090101597943454
25809,GOF,0.019832025847186033,0.5520764600962684,0.4280915140565455
25810,GOF,0.020519187523021377,0.5339853941908778,0.44549541828610084
25811,Neutral,0.4911773482620937,0.43561696386433585,0.07320568787357042
25812,GOF,0.03535715498263058,0.5515897457800631,0.41305309923730615
25813,Neutral,0.5765332214963842,0.2958136784115252,0.12765310009209058
25814,GOF,0.1360780830142145,0.5814318637886474,0.28249005319713816
25815,GOF,0.27243369730777584,0.5110502335865235,0.2165160691057007
25816,GOF,0.018278381469990963,0.6592506863476306,0.3224709321823785
25817,GOF,0.1951633982614887,0.6651890798128691,0.13964752192564217
25818,GOF,0.03437258294059332,0.5426134273238071,0.4230139897355995
25819,GOF,0.3589514619218335,0.43203412245638684,0.2090144156217796
25820,GOF,0.19331315329920779,0.5402476909916443,0.26643915570914795
25821,GOF,0.05801316119615494,0.6146638265897346,0.32732301221411053
25822,GOF,0.24808789470643228,0.45348650221901554,0.2984256030745522
25823,LOF,0.03747542203732277,0.42426525840574236,0.5382593195569348
25824,GOF,0.07454931884185079,0.4697905453533379,0.45566013580481135
25825,LOF,0.0322240556225784,0.48172526204251825,0.4860506823349033
25826,LOF,0.011332705428027333,0.4549383590551823,0.5337289355167903
25827,GOF,0.0180549290737387,0.5247171292965869,0.4572279416296745
25828,LOF,0.012888975262346803,0.4434995443152317,0.5436114804224216
25829,GOF,0.007539458009827169,0.5135962863003427,0.4788642556898301
25830,LOF,0.04288131778527251,0.2506334326054827,0.7064852496092447
25831,GOF,0.1528068264643173,0.7014579451264342,0.14573522840924844
25832,GOF,0.031375371635346185,0.641746897956112,0.3268777304085419
25833,GOF,0.11727864793515887,0.6243020650729283,0.25841928699191297
25834,GOF,0.0390647247176991,0.6282992018800704,0.33263607340223045
25835,GOF,0.09618617891846837,0.568895828050523,0.3349179930310087
25836,GOF,0.049019172919018715,0.6005540263550524,0.3504268007259288
25837,GOF,0.0258209525295733,0.4968258209712704,0.4773532264991562
25838,GOF,0.09813067418136417,0.6808504661875241,0.22101885963111176
25839,GOF,0.3122350179509174,0.4902238910806259,0.19754109096845673
25840,GOF,0.2474288129554963,0.5188662911232373,0.2337048959212663
25841,GOF,0.3032430047346043,0.4864450600109883,0.21031193525440753
25842,GOF,0.17044864266855536,0.6006034689307689,0.22894788840067573
25843,GOF,0.2413506337788144,0.5968322346108604,0.16181713161032518
25844,GOF,0.06614117960968958,0.594650232456352,0.3392085879339585
25845,LOF,0.01288293181495195,0.4584270747177226,0.5286899934673255
25846,GOF,0.10391034744167987,0.6881477006408981,0.20794195191742193
25847,GOF,0.11502479550690309,0.7039190283755139,0.1810561761175829
25848,GOF,0.03675980634663819,0.6278840429899383,0.3353561506634235
25849,GOF,0.011701541935200909,0.5118616716916133,0.4764367863731857
25850,GOF,0.02655488538600132,0.5677110153363323,0.40573409927766646
25851,LOF,0.023220873708223618,0.4613197747547374,0.515459351537039
25852,GOF,0.13783194568776064,0.5388874631765352,0.32328059113570407
25853,GOF,0.328436569457613,0.5712228397322123,0.10034059081017463
25854,GOF,0.018355368495428133,0.6549948530619273,0.3266497784426447
25855,GOF,0.047989025263461785,0.5718667680189632,0.3801442067175751
25856,GOF,0.2636606182262565,0.5112569565839434,0.22508242518980004
25857,GOF,0.04086522240906259,0.50546054362891,0.4536742339620273
25858,GOF,0.017713947535385834,0.5615456811197084,0.4207403713449058
25859,GOF,0.009985061861993952,0.5574593207858893,0.4325556173521167
25860,GOF,0.3324202923580075,0.5524370635796557,0.11514264406233674
25861,GOF,0.3534626263187271,0.5521777521189423,0.09435962156233063
25862,GOF,0.06365811893209833,0.7595284652271139,0.17681341584078777
25863,GOF,0.0713269142431423,0.7873551848616193,0.14131790089523857
25864,GOF,0.14970938234450903,0.7583121712775982,0.09197844637789279
25865,GOF,0.06940555338815546,0.7775838100001543,0.15301063661169026
25866,GOF,0.05899815216675613,0.8031808764651454,0.13782097136809848
25867,GOF,0.07670600580909115,0.7993757873494762,0.12391820684143255
25868,GOF,0.23834793478627656,0.629450178464504,0.13220188674921945
25869,Neutral,0.6613310444659076,0.28857345156028735,0.050095503973805085
25870,LOF,0.2691297335004581,0.23337386706991992,0.49749639942962204
25871,GOF,0.22173124811456163,0.6138479449821416,0.16442080690329677
25872,GOF,0.09029423687267212,0.6027994447714228,0.30690631835590504
25873,GOF,0.1789079226779879,0.5679442857726199,0.25314779154939226
25874,LOF,0.02240881830778318,0.08145105162128828,0.8961401300709285
25875,LOF,0.07183679320665386,0.06883940780969595,0.8593237989836503
25876,LOF,0.02740401486871072,0.06564800323419147,0.9069479818970978
25877,Neutral,0.5113119252179518,0.05519410102123124,0.43349397376081694
25878,LOF,0.22655228136960365,0.10742599259909494,0.6660217260313015
25879,LOF,0.12498194613997168,0.12382376974595717,0.7511942841140711
25880,LOF,0.022547411032440692,0.03026965245378361,0.9471829365137756
25881,LOF,0.21145676643973468,0.24234456446255115,0.5461986690977142
25882,LOF,0.07363572222331982,0.020385589803982588,0.9059786879726976
25883,LOF,0.08387719426444495,0.043261686409865836,0.8728611193256892
25884,LOF,0.04307233277339062,0.04968636132840497,0.9072413058982043
25885,LOF,0.05672802527456545,0.02833489545077479,0.9149370792746596
25886,LOF,0.3545588038274192,0.10732538597173148,0.5381158102008493
25887,LOF,0.1942678188107605,0.17401044054715542,0.6317217406420841
25888,LOF,0.07690062016525472,0.11440327260381543,0.8086961072309299
25889,LOF,0.03759920564117837,0.05433940541051091,0.9080613889483107
25890,LOF,0.06762165262607596,0.14589543967615892,0.7864829076977652
25891,LOF,0.06139770317966384,0.06022811506272907,0.8783741817576072
25892,LOF,0.10148150631905664,0.024212505310086452,0.8743059883708569
25893,LOF,0.29145199053586923,0.01570042117066675,0.692847588293464
25894,LOF,0.1635055498161681,0.007072027056761449,0.8294224231270705
25895,LOF,0.2009119953074988,0.016723432246171618,0.7823645724463296
25896,LOF,0.04515929730801956,0.019351894541624583,0.9354888081503558
25897,LOF,0.22427016132319663,0.013329325500037213,0.7624005131767662
25898,Neutral,0.7345779900810748,0.009949770767712675,0.2554722391512125
25899,LOF,0.2621472615067152,0.03989734162715577,0.6979553968661291
25900,Neutral,0.568513716048762,0.012729332877848117,0.41875695107338984
25901,LOF,0.053651795446840934,0.010422986769507496,0.9359252177836517
25902,LOF,0.16571382748226143,0.009303271464633894,0.8249829010531046
25903,Neutral,0.5830278639045116,0.024552982786872676,0.3924191533086158
25904,LOF,0.2463973584931847,0.034769827889732915,0.7188328136170825
25905,LOF,0.03459617384584346,0.2597675483689112,0.7056362777852454
25906,LOF,0.02658415871004999,0.06421907387471736,0.9091967674152326
25907,LOF,0.015024842655925994,0.31646388845740336,0.6685112688866706
25908,LOF,0.014739237196889922,0.21484707624014043,0.7704136865629696
25909,LOF,0.016622528566463554,0.1219984861023936,0.861378985331143
25910,LOF,0.04283464307876956,0.2395456912141134,0.7176196657071171
25911,LOF,0.07662352125742278,0.051306620137824194,0.872069858604753
25912,LOF,0.03669260679236476,0.09092476222104703,0.8723826309865883
25913,LOF,0.24570710069292007,0.04302445172493953,0.7112684475821405
25914,LOF,0.025782276252238525,0.11469020526694741,0.8595275184808141
25915,Neutral,0.4112519661633035,0.184857579112861,0.40389045472383556
25916,LOF,0.05414152081868649,0.22297396632892902,0.7228845128523844
25917,LOF,0.05607152742544823,0.04706606883785997,0.8968624037366918
25918,LOF,0.03654288648365914,0.06251207609415595,0.9009450374221848
25919,LOF,0.032662849040313816,0.06321842458741705,0.9041187263722691
25920,GOF,0.11002720063209437,0.50399104387879,0.38598175548911573
25921,LOF,0.035244129335412905,0.03139015205632531,0.9333657186082618
25922,LOF,0.05559933843339899,0.018985594650584563,0.9254150669160164
25923,LOF,0.4137669266020563,0.02044310967376586,0.5657899637241778
25924,LOF,0.04240900055150324,0.026630013573528,0.9309609858749687
25925,LOF,0.08317302286412717,0.03494757225708332,0.8818794048787895
25926,LOF,0.06036791806692802,0.019389506551198372,0.9202425753818737
25927,LOF,0.07434637760036136,0.04428439291355889,0.8813692294860798
25928,LOF,0.026740562767091754,0.022401722685712687,0.9508577145471956
25929,Neutral,0.551512623272689,0.023536228817237017,0.424951147910074
25930,LOF,0.06960371871087452,0.01658742140185649,0.913808859887269
25931,LOF,0.035145786611862455,0.017994815767993333,0.9468593976201441
25932,LOF,0.030079204533580293,0.016813664833109386,0.9531071306333104
25933,LOF,0.0388883682173898,0.010464330412312334,0.9506473013702978
25934,LOF,0.025750462966030913,0.013055613861028548,0.9611939231729406
25935,LOF,0.08418729909773996,0.03101956249773564,0.8847931384045244
25936,LOF,0.048540272890001325,0.01724029505440153,0.9342194320555971
25937,LOF,0.036238987283369974,0.02269727598561654,0.9410637367310135
25938,LOF,0.07838343654702401,0.03600544040701768,0.8856111230459582
25939,LOF,0.04473764710246705,0.010259354245807673,0.9450029986517253
25940,LOF,0.023840853987209528,0.4110188328705751,0.5651403131422155
25941,LOF,0.13876800247470605,0.1074361132533807,0.7537958842719132
25942,LOF,0.013559045527463181,0.046322199928913545,0.9401187545436233
25943,LOF,0.294799070136975,0.09605346801069564,0.6091474618523294
25944,Neutral,0.4898778890624413,0.06418425642178414,0.44593785451577445
25945,LOF,0.06664594005270306,0.03385798831583329,0.8994960716314636
25946,LOF,0.0336920755653048,0.14752258441847207,0.8187853400162232
25947,LOF,0.13300581078517837,0.1276995947325575,0.7392945944822642
25948,LOF,0.3753800699837803,0.013737121945933904,0.6108828080702857
25949,LOF,0.09267733399508171,0.04969896302659667,0.8576237029783217
25950,GOF,0.20006643719454273,0.4571884788579886,0.3427450839474687
25951,LOF,0.28011163780306825,0.18481770955507165,0.53507065264186
25952,LOF,0.062453890169616694,0.4360264199196386,0.5015196899107448
25953,LOF,0.11793822623000898,0.11755957188520214,0.7645022018847889
25954,LOF,0.30684274136683976,0.25145094985905375,0.4417063087741066
25955,LOF,0.0604496284481905,0.08223347172350896,0.8573168998283005
25956,LOF,0.2083830848353174,0.06702140997369649,0.7245955051909861
25957,LOF,0.04461443152240185,0.02283137498557981,0.9325541934920184
25958,LOF,0.05812209993840756,0.027358691443413928,0.9145192086181786
25959,LOF,0.06615187564507899,0.3838740588587643,0.5499740654961567
25960,LOF,0.021086745154271475,0.05348049912839067,0.9254327557173379
25961,LOF,0.04840897893375502,0.03645417894494829,0.9151368421212968
25962,LOF,0.06878186900522985,0.03943377860216911,0.8917843523926011
25963,LOF,0.06564991309643144,0.1905404957934057,0.7438095911101629
25964,LOF,0.037877862062946945,0.16968013054272912,0.792442007394324
25965,LOF,0.45954692686698345,0.07650021148085509,0.46395286165216143
25966,LOF,0.31910458684251103,0.3021109772323362,0.3787844359251527
25967,LOF,0.016242093046777973,0.09855439146324667,0.8852035154899753
25968,LOF,0.05142843502229727,0.3755435220869792,0.5730280428907235
25969,LOF,0.0315265960015585,0.055759835350960955,0.9127135686474805
25970,LOF,0.0731906108915858,0.05848390062453793,0.8683254884838763
25971,LOF,0.08211946232555667,0.03545224386085464,0.8824282938135887
25972,LOF,0.08478847163696668,0.039586455904858334,0.8756250724581751
25973,LOF,0.10109163627441754,0.009829520472989408,0.889078843252593
25974,LOF,0.3098611416349562,0.02069526095880114,0.6694435974062426
25975,LOF,0.061804600367679034,0.03315369346141165,0.9050417061709093
25976,LOF,0.041866131719356194,0.023152137920871133,0.9349817303597727
25977,LOF,0.13575228764190522,0.13400877255856916,0.7302389397995256
25978,LOF,0.12773790167021112,0.13929119216372696,0.7329709061660619
25979,LOF,0.1279654351845852,0.1192203353291961,0.7528142294862188
25980,LOF,0.14081366342831103,0.2098076475501071,0.6493786890215818
25981,LOF,0.17604537271661405,0.20167706343991743,0.6222775638434686
25982,LOF,0.3925392049036722,0.12186138576911415,0.4855994093272136
25983,LOF,0.37767414024839085,0.12370344952857114,0.498622410223038
25984,LOF,0.05488790159811588,0.104351838067125,0.840760260334759
25985,LOF,0.018531512258628584,0.36093928462171937,0.6205292031196521
25986,LOF,0.023693225387558803,0.3285106803708755,0.6477960942415657
25987,LOF,0.08564310687589817,0.11829470984156439,0.7960621832825374
25988,LOF,0.11723854124607859,0.08545720095336903,0.7973042578005525
25989,LOF,0.02656500916948727,0.15462872705059189,0.8188062637799208
25990,LOF,0.03486424486296524,0.1416143596398552,0.8235213954971796
25991,LOF,0.1466387550766494,0.39857354545329043,0.4547876994700602
25992,LOF,0.2950632556778327,0.2782487917725764,0.42668795254959097
25993,LOF,0.02801908634310636,0.07782913386013637,0.8941517797967574
25994,LOF,0.018313125720955805,0.10218750426578246,0.8794993700132618
25995,LOF,0.033472508392566915,0.12409754043000629,0.8424299511774269
25996,GOF,0.22289505756615188,0.502422679524992,0.2746822629088561
25997,GOF,0.07843712656368766,0.4911051626649497,0.43045771077136263
25998,Neutral,0.6630964427151866,0.029541102958572638,0.3073624543262408
25999,LOF,0.15138844827250547,0.09911855126586928,0.7494930004616253
26000,LOF,0.10039794617050114,0.03215641098291315,0.8674456428465858
26001,LOF,0.1910488023166062,0.031524944723584455,0.7774262529598094
26002,LOF,0.13536995521498535,0.03371648636720345,0.8309135584178111
26003,GOF,0.01010181795481769,0.6982479526089623,0.2916502294362199
26004,GOF,0.023364563528672017,0.7199598539456736,0.25667558252565437
26005,GOF,0.011412155831578442,0.57379795663347,0.41478988753495155
26006,Neutral,0.4935722571294705,0.3082247717147994,0.19820297115573013
26007,GOF,0.01729699565107743,0.6099186601391998,0.3727843442097227
26008,GOF,0.018790513362166267,0.5953901820284065,0.38581930460942704
26009,GOF,0.030284434323902307,0.6777019236939726,0.2920136419821252
26010,GOF,0.019526216315127104,0.7462411768893491,0.23423260679552366
26011,GOF,0.009806877648922966,0.5383227853617251,0.451870336989352
26012,GOF,0.017265766077318192,0.5914135280028973,0.39132070591978446
26013,GOF,0.014873223749787,0.7205497145282324,0.2645770617219806
26014,LOF,0.047355492126509025,0.16749890628082795,0.785145601592663
26015,LOF,0.17193125958090968,0.012758774519235983,0.8153099658998544
26016,LOF,0.2722039992106228,0.05306234778034737,0.6747336530090298
26017,LOF,0.1648958477124109,0.12121065695146632,0.7138934953361227
26018,LOF,0.09150498351244164,0.04191370055652099,0.8665813159310375
26019,LOF,0.09238490068522202,0.028674569842677553,0.8789405294721003
26020,LOF,0.0598817605852938,0.11496463827340614,0.8251536011413
26021,LOF,0.06048293674936409,0.16046213876095697,0.779054924489679
26022,LOF,0.010111601209607777,0.07082817913009024,0.919060219660302
26023,LOF,0.11568143497838751,0.025182029761713663,0.8591365352598989
26024,LOF,0.031157351941361006,0.13159114931915755,0.8372514987394815
26025,LOF,0.14674057467961252,0.09232790830119975,0.7609315170191877
26026,LOF,0.32956145098209466,0.018538620385959718,0.6518999286319456
26027,LOF,0.08741901204613754,0.01834811900563107,0.8942328689482313
26028,LOF,0.18055423221725259,0.09042773163143097,0.7290180361513163
26029,LOF,0.11189643381651562,0.1500774548262536,0.7380261113572307
26030,LOF,0.03254334463340455,0.06489242926083565,0.9025642261057599
26031,LOF,0.043124142030100204,0.1290576966027978,0.8278181613671021
26032,LOF,0.08118991555537138,0.05280094767814054,0.8660091367664882
26033,LOF,0.13101552588787121,0.05680708103937063,0.8121773930727582
26034,LOF,0.06851782987656081,0.12507535079143733,0.8064068193320019
26035,LOF,0.04274456246050662,0.10302116571917634,0.8542342718203171
26036,LOF,0.06212620575115481,0.12799462444385123,0.809879169804994
26037,LOF,0.03526642090429089,0.09889057264428991,0.8658430064514192
26038,LOF,0.07660725037275445,0.04722997406543767,0.8761627755618079
26039,LOF,0.08868443359888126,0.1114891276295914,0.7998264387715273
26040,LOF,0.23183474300293533,0.08012022007521927,0.6880450369218454
26041,LOF,0.03564070038055626,0.08837388473214464,0.8759854148872991
26042,LOF,0.035126756823976604,0.09406153602136683,0.8708117071546566
26043,LOF,0.0747985874321124,0.06300309376874937,0.8621983187991383
26044,LOF,0.032498371103674484,0.0687403186106633,0.8987613102856621
26045,LOF,0.10869957456162863,0.07923592744324533,0.8120644979951261
26046,LOF,0.0799285392209742,0.06597078721329103,0.8541006735657348
26047,LOF,0.11573245548124395,0.07299575337333487,0.8112717911454213
26048,LOF,0.06460523050878966,0.05437818573688029,0.8810165837543301
26049,Neutral,0.9481102762899744,0.010164278476514892,0.041725445233510884
26050,Neutral,0.9304572439809393,0.011221694088218144,0.05832106193084267
26051,LOF,0.052484533343965085,0.4155048613473023,0.5320106053087326
26052,GOF,0.060880052072244305,0.4866616932182659,0.4524582547094899
26053,LOF,0.05827196953294312,0.3024747165571733,0.6392533139098837
26054,LOF,0.054887342012627044,0.05851311898791396,0.8865995389994591
26055,LOF,0.07068196347522038,0.0466456886232356,0.882672347901544
26056,LOF,0.06316375673163999,0.05667232657092167,0.8801639166974383
26057,LOF,0.033073390437395836,0.022036771225780037,0.944889838336824
26058,LOF,0.03313990983959112,0.019519116824373,0.9473409733360358
26059,LOF,0.34007013936396174,0.07198016930213151,0.5879496913339068
26060,LOF,0.025070861080583297,0.35833545645616294,0.6165936824632537
26061,LOF,0.017379412496674494,0.03236496360790954,0.950255623895416
26062,LOF,0.012623619894190068,0.04579853454339263,0.9415778455624174
26063,LOF,0.022754915713171692,0.02103263766220268,0.9562124466246257
26064,LOF,0.022205122793563195,0.026744101369497484,0.9510507758369394
26065,LOF,0.027400540846202165,0.02553115346585996,0.947068305687938
26066,LOF,0.020331051640311938,0.02653271484769434,0.9531362335119937
26067,LOF,0.024917520970531275,0.019917919066470217,0.9551645599629984
26068,LOF,0.05359549020510725,0.06320713492738764,0.8831973748675052
26069,LOF,0.44015611601984717,0.04224654694621661,0.5175973370339362
26070,Neutral,0.6379545996214397,0.021236775613467276,0.340808624765093
26071,LOF,0.02365441086974431,0.02866102578487314,0.9476845633453824
26072,LOF,0.026437859564722343,0.04320459141786903,0.9303575490174086
26073,LOF,0.025819315576767282,0.022216514740240622,0.9519641696829922
26074,Neutral,0.8741216348267133,0.009530568462634403,0.1163477967106523
26075,LOF,0.04295015349715196,0.034175647503560426,0.9228741989992877
26076,LOF,0.046558625854363656,0.01834120707146144,0.9351001670741749
26077,LOF,0.009903797269897305,0.04622761414130725,0.9438685885887954
26078,LOF,0.013579531748849129,0.02900963888819137,0.9574108293629594
26079,LOF,0.0562548579351455,0.033542950339009316,0.9102021917258453
26080,LOF,0.0562548579351455,0.033542950339009316,0.9102021917258453
26081,LOF,0.03422565273270083,0.01480299329710005,0.9509713539701992
26082,LOF,0.02268735954304974,0.03730942195851373,0.9400032184984365
26083,LOF,0.14103035723431223,0.023490286504915574,0.8354793562607722
26084,LOF,0.027167005693763773,0.03292520066456369,0.9399077936416724
26085,LOF,0.023442311491739542,0.029851740892110505,0.94670594761615
26086,LOF,0.022829274262564443,0.02877082928344473,0.9483998964539909
26087,LOF,0.02541970755313538,0.01927896415405657,0.955301328292808
26088,LOF,0.024656407662006975,0.03927507393430229,0.9360685184036908
26089,LOF,0.04656661174346025,0.046583799455864223,0.9068495888006755
26090,LOF,0.044616197178523526,0.03706613106194859,0.9183176717595279
26091,LOF,0.03748126832877075,0.013392528187428024,0.9491262034838012
26092,LOF,0.029096587498821633,0.018793893165942325,0.952109519335236
26093,LOF,0.04034910844455883,0.01370034531241244,0.9459505462430287
26094,LOF,0.04472658287885135,0.012398445292658338,0.9428749718284902
26095,LOF,0.04122918738056621,0.0326439563594407,0.9261268562599931
26096,LOF,0.017916397155187273,0.02588753450533732,0.9561960683394755
26097,LOF,0.011155702823550759,0.09128284463193369,0.8975614525445157
26098,LOF,0.06314298039537843,0.03251406736259316,0.9043429522420283
26099,LOF,0.024964351517897068,0.03196336363773821,0.9430722848443648
26100,LOF,0.026409354313743538,0.02951644727788437,0.944074198408372
26101,LOF,0.05886759337673124,0.027415738712882172,0.9137166679103866
26102,LOF,0.02689491276403592,0.024078503248867043,0.9490265839870969
26103,Neutral,0.8856927030128874,0.04004765618088844,0.0742596408062243
26104,LOF,0.052950350809051465,0.07016213983608116,0.8768875093548674
26105,LOF,0.21999594635117684,0.25342455403422465,0.5265794996145985
26106,LOF,0.14118185765262892,0.13939851178318102,0.71941963056419
26107,LOF,0.20707664495555658,0.1268800736423834,0.66604328140206
26108,LOF,0.20902962181147983,0.15993000773819083,0.6310403704503293
26109,LOF,0.06406702775746832,0.16338821566914782,0.772544756573384
26110,LOF,0.2703061801972849,0.012855907116826099,0.716837912685889
26111,Neutral,0.48893018694132817,0.026505095281394657,0.48456471777727705
26112,LOF,0.037536248915185685,0.014974921297182385,0.947488829787632
26113,LOF,0.05551845906617966,0.027059503790519572,0.9174220371433007
26114,LOF,0.0231986995232127,0.025132794980669868,0.9516685054961175
26115,LOF,0.09617262245856661,0.04081230136105951,0.8630150761803739
26116,LOF,0.05258386129675343,0.06383333534508442,0.8835828033581622
26117,LOF,0.3209075425594694,0.07446803996289696,0.6046244174776337
26118,LOF,0.04165474289347923,0.0409300689874314,0.9174151881190893
26119,LOF,0.021753719246557248,0.06487810915179117,0.9133681716016516
26120,LOF,0.028987444019549478,0.030652492852137152,0.9403600631283133
26121,LOF,0.05428380516897193,0.10102757084660312,0.8446886239844249
26122,LOF,0.059298457098427876,0.055632592012605335,0.8850689508889669
