feature0,prediction,LoGoFunc_Neutral,LoGoFunc_GOF,LoGoFunc_LOF
25546,Neutral,0.625042577972429,0.06297126788050281,0.3119861541470681
25547,Neutral,0.49806575102194034,0.1063911779914817,0.39554307098657787
25548,Neutral,0.5232695828927482,0.09339471393566166,0.3833357031715901
25549,Neutral,0.45478045641644615,0.09612116220989386,0.44909838137366004
25550,LOF,0.4030512136229545,0.09652361608599427,0.5004251702910513
25551,LOF,0.32704865745078193,0.11443554316886347,0.5585157993803547
25552,LOF,0.30296009548675346,0.12867613788341484,0.5683637666298318
25553,Neutral,0.7848046957160917,0.06159857912122854,0.15359672516267975
25554,LOF,0.32942188434427566,0.11726554929138526,0.553312566364339
25555,LOF,0.29172325911126756,0.10852172909147063,0.5997550117972618
25556,Neutral,0.472537180053489,0.1083356152732608,0.41912720467325015
25557,LOF,0.2840100067694387,0.11124663766548766,0.6047433555650737
25558,LOF,0.3340335510079673,0.10490868946372392,0.5610577595283087
25559,LOF,0.22318009634016076,0.06556589735688766,0.7112540063029515
25560,LOF,0.09468407800522034,0.16480522011029047,0.7405107018844892
25561,LOF,0.10023598536057964,0.22039977812753409,0.6793642365118862
25562,LOF,0.03599266050192749,0.10716000258554208,0.8568473369125303
25563,LOF,0.008361997558376867,0.15756030068455293,0.8340777017570702
25564,LOF,0.07936534515048288,0.11001852615125975,0.8106161286982574
25565,LOF,0.19495544893373978,0.16644192303765384,0.6386026280286063
25566,GOF,0.058573741477609666,0.715852758500461,0.22557350002192944
25567,LOF,0.051146062880069044,0.1621428878217989,0.786711049298132
25568,LOF,0.05990613846525994,0.10276034260433266,0.8373335189304074
25569,LOF,0.061416373649030805,0.0945713420225171,0.8440122843284522
25570,LOF,0.028699918233458615,0.13688336593968156,0.8344167158268597
25571,LOF,0.028101625281501882,0.14391396336959802,0.8279844113489001
25572,LOF,0.056533195481300404,0.19776162848935822,0.7457051760293414
25573,LOF,0.06384841520299274,0.13831513537751558,0.7978364494194917
25574,LOF,0.06969928657034744,0.2465892329789767,0.6837114804506759
25575,LOF,0.024714928084773984,0.16222228899649974,0.8130627829187264
25576,LOF,0.0236774545584105,0.22738017214950496,0.7489423732920845
25577,LOF,0.02798092941432003,0.18740385941997845,0.7846152111657015
25578,LOF,0.3084898724583738,0.09912475740766159,0.5923853701339646
25579,LOF,0.22861503775031347,0.09760854388327043,0.673776418366416
25580,LOF,0.02444733818996705,0.09969812796792314,0.8758545338421099
25581,LOF,0.04944867952339198,0.09914602846049328,0.8514052920161147
25582,LOF,0.04883173394530869,0.09634063201992704,0.8548276340347641
25583,LOF,0.03091970573439475,0.11364796727051182,0.8554323269950933
25584,Neutral,0.7109698187299607,0.12743797547233876,0.16159220579770062
25585,LOF,0.022814184321130953,0.21047876938696222,0.7667070462919068
25586,LOF,0.02138862548650743,0.12332646378208406,0.8552849107314084
25587,LOF,0.021370733144963617,0.10578926593966555,0.8728400009153708
25588,LOF,0.0250856850101839,0.10035456023755934,0.8745597547522568
25589,Neutral,0.530891049301942,0.2299608762311419,0.23914807446691622
25590,LOF,0.054218696290679956,0.14159877277321245,0.8041825309361076
25591,LOF,0.07996145525972383,0.08911230840593384,0.8309262363343424
25592,LOF,0.07033979630359753,0.1660069656415144,0.7636532380548882
25593,LOF,0.1087608134731718,0.2839632716756564,0.6072759148511718
25594,LOF,0.057450428274148216,0.03354970875155303,0.9089998629742987
25595,LOF,0.06512282796630786,0.02195469250898647,0.9129224795247056
25596,LOF,0.12288342042056563,0.016739719409629268,0.8603768601698051
25597,LOF,0.08780852375261874,0.01686842334909101,0.8953230528982902
25598,LOF,0.05516288299130592,0.02330610688425851,0.9215310101244355
25599,LOF,0.027959607353879527,0.3687445484752264,0.603295844170894
25600,LOF,0.18007645744131034,0.37010889979271927,0.4498146427659703
25601,LOF,0.04899257521337841,0.28806226195369883,0.6629451628329228
25602,LOF,0.031892650310175165,0.07658089641147203,0.8915264532783528
25603,LOF,0.046821799001005186,0.07676202048039438,0.8764161805186005
25604,LOF,0.04940638606483315,0.12165246175129184,0.828941152183875
25605,LOF,0.03788973932189095,0.2314405957679936,0.7306696649101154
25606,Neutral,0.401399846976745,0.2563127416279651,0.34228741139528984
25607,LOF,0.030236820558208467,0.2673067033829546,0.7024564760588369
25608,LOF,0.049503932323998995,0.11379808877090261,0.8366979789050984
25609,GOF,0.1641365397191382,0.5805431044761862,0.2553203558046756
25610,LOF,0.01915273406974165,0.05444669395992081,0.9264005719703374
25611,LOF,0.0134818243236368,0.05618421718077303,0.9303339584955901
25612,LOF,0.05085991725292063,0.06299614712669575,0.8861439356203836
25613,LOF,0.048846849645799606,0.05982858377997908,0.8913245665742213
25614,LOF,0.02410580984710031,0.047941245507651685,0.927952944645248
25615,LOF,0.04556697360022862,0.05066007038532388,0.9037729560144475
25616,LOF,0.06044590608787168,0.05778611815464153,0.8817679757574868
25617,LOF,0.045659037244491295,0.06288523482668829,0.8914557279288203
25618,LOF,0.0497191419900231,0.08467048564587891,0.865610372364098
25619,LOF,0.014723439635322846,0.07187011629093121,0.9134064440737459
25620,LOF,0.05209248276311018,0.05964969596587037,0.8882578212710195
25621,LOF,0.06549141094795861,0.04775359613729914,0.8867549929147424
25622,LOF,0.07732684336593215,0.05716588358169664,0.8655072730523712
25623,LOF,0.05990334909453352,0.05347828536005652,0.88661836554541
25624,LOF,0.021529920977871413,0.05524072866760343,0.923229350354525
25625,LOF,0.061059963481215236,0.05545020643201891,0.8834898300867658
25626,LOF,0.050734363996435015,0.05624997362413554,0.8930156623794295
25627,Neutral,0.8824625876204529,0.02231380455489287,0.09522360782465437
25628,LOF,0.17056221724481438,0.06696896865297118,0.7624688141022143
25629,LOF,0.060983161747942875,0.06737641309850062,0.8716404251535564
25630,LOF,0.27253928615919293,0.07934912692459284,0.6481115869162142
25631,Neutral,0.5436661386810747,0.05899210870691972,0.39734175261200555
25632,LOF,0.03147959711809925,0.13634831001747608,0.8321720928644246
25633,LOF,0.23533752391586443,0.07616985415344174,0.6884926219306938
25634,LOF,0.04244204825058571,0.13753731160135896,0.8200206401480554
25635,LOF,0.03800203261711676,0.064014888826301,0.8979830785565823
25636,GOF,0.031100952080298203,0.5813715250404385,0.3875275228792633
25637,GOF,0.04904661083290086,0.5492665313725072,0.4016868577945919
25638,GOF,0.024885681024668493,0.4964929412141003,0.4786213777612312
25639,GOF,0.031975973118053246,0.48403910522721993,0.48398492165472684
25640,Neutral,0.8425537921256798,0.09382058691386994,0.0636256209604504
25641,LOF,0.09953814247099667,0.43259214036304344,0.4678697171659599
25642,LOF,0.08966340577411165,0.17816432887723088,0.7321722653486575
25643,LOF,0.333387345600754,0.09304730890412054,0.5735653454951254
25644,GOF,0.010474712102246962,0.6529406573835428,0.3365846305142103
25645,GOF,0.011804002347195652,0.6170978667227901,0.3710981309300142
25646,LOF,0.02436401937534964,0.40652883213465674,0.5691071484899937
25647,LOF,0.010479053266536097,0.2991616080121915,0.6903593387212724
25648,LOF,0.012270063804346663,0.3827491830161961,0.6049807531794573
25649,LOF,0.008226853246449466,0.298501892622726,0.6932712541308246
25650,GOF,0.027926564435021128,0.6155383757651561,0.35653505979982264
25651,LOF,0.010136290398927062,0.4049065022041456,0.5849572073969274
25652,LOF,0.012977310292910056,0.433668210311921,0.553354479395169
25653,GOF,0.0412678088020598,0.6046835985382816,0.35404859265965866
25654,LOF,0.011868233067893757,0.2930992902103489,0.6950324767217574
25655,GOF,0.0982897712719353,0.6068135983700498,0.29489663035801494
25656,LOF,0.28040187226948554,0.08882402165197051,0.630774106078544
25657,LOF,0.03662359567030237,0.10021102250617576,0.8631653818235218
25658,LOF,0.31593515806078654,0.14384576341483674,0.5402190785243768
25659,Neutral,0.4922613728010019,0.16047454112903575,0.3472640860699623
25660,LOF,0.02310959879549811,0.10256905661798245,0.8743213445865193
25661,LOF,0.07032056292934671,0.06783526699200677,0.8618441700786466
25662,LOF,0.02897015271209873,0.037617107704967796,0.9334127395829335
25663,LOF,0.03158183990223541,0.0362445608822114,0.9321735992155532
25664,LOF,0.1023815307631246,0.06536133007886696,0.8322571391580084
25665,LOF,0.06124137996262812,0.030217992841463877,0.9085406271959079
25666,LOF,0.07102225115694927,0.053523429734415595,0.8754543191086351
25667,LOF,0.06571543921628027,0.04102459098391627,0.8932599697998035
25668,LOF,0.030151222514794344,0.05345228042436663,0.9163964970608391
25669,LOF,0.023499413654709568,0.048586748681407374,0.9279138376638831
25670,LOF,0.11252015118751094,0.04716243800689448,0.8403174108055946
25671,LOF,0.09490881112039341,0.037022820206098254,0.8680683686735083
25672,LOF,0.05373886171857518,0.043648869419616945,0.9026122688618079
25673,LOF,0.09382040631106507,0.041054067427950675,0.8651255262609842
25674,LOF,0.0930235767946219,0.0533290688365137,0.8536473543688645
25675,LOF,0.08441336251292246,0.06875166391640324,0.8468349735706743
25676,LOF,0.017441815219049504,0.059072373766973704,0.9234858110139769
25677,LOF,0.017343553343937026,0.07797698661097813,0.9046794600450848
25678,LOF,0.16827825887632192,0.09943087405632862,0.7322908670673495
25679,LOF,0.10453127232344582,0.09574277760790405,0.7997259500686501
25680,LOF,0.025728697634361513,0.12292162172758729,0.8513496806380512
25681,LOF,0.042358333894621646,0.10830281056347908,0.8493388555418993
25682,LOF,0.11389921636814335,0.0668759525536716,0.819224831078185
25683,LOF,0.10283565428953534,0.08585792789594318,0.8113064178145215
25684,LOF,0.02873578525328867,0.058802736006008,0.9124614787407034
25685,LOF,0.1314585523645204,0.07916591970765549,0.7893755279278241
25686,LOF,0.0746962050361256,0.12212613893331133,0.803177656030563
25687,LOF,0.15121725676099862,0.11785048679851458,0.7309322564404868
25688,LOF,0.43083677143502325,0.03093119783815154,0.5382320307268251
25689,LOF,0.2845225429184754,0.04190986166444247,0.6735675954170822
25690,LOF,0.3617141103509586,0.026347308851570824,0.6119385807974707
25691,Neutral,0.7029982068649292,0.024259857660118008,0.27274193547495273
25692,LOF,0.338749346939007,0.013029867451024187,0.6482207856099689
25693,GOF,0.037876971011337794,0.5162233200789531,0.4458997089097091
25694,LOF,0.11058686506531769,0.020856920726256608,0.8685562142084258
25695,LOF,0.10347454900622576,0.009196627502730542,0.8873288234910437
25696,LOF,0.11054667895806061,0.01311433829725724,0.8763389827446822
25697,LOF,0.05739649759294688,0.08456027511364925,0.8580432272934039
25698,LOF,0.259790593827652,0.2667804452622008,0.47342896091014713
25699,LOF,0.4329597811621127,0.026253363751463855,0.5407868550864234
25700,LOF,0.06234347745019657,0.009129332236062038,0.9285271903137414
25701,LOF,0.17007787486908452,0.029543696164953018,0.8003784289659626
25702,GOF,0.174173637918943,0.6340013096918747,0.1918250523891823
25703,LOF,0.014707607951199728,0.1918357505693622,0.7934566414794381
25704,LOF,0.03295949186118315,0.15319591709737526,0.8138445910414416
25705,LOF,0.04113329025260574,0.07424979228202003,0.8846169174653743
25706,LOF,0.11624040294317958,0.4120846335176845,0.47167496353913596
25707,LOF,0.07811578909348314,0.3422316021810737,0.5796526087254432
25708,LOF,0.037344117543051496,0.31886245292588433,0.6437934295310642
25709,LOF,0.07652364781867428,0.03130395475929525,0.8921723974220304
25710,LOF,0.01513123445953335,0.1306848223630605,0.8541839431774061
25711,LOF,0.022196267364878106,0.0684392459362554,0.9093644866988665
25712,LOF,0.0173557926314041,0.16944161774101296,0.813202589627583
25713,LOF,0.01829459563415349,0.06751819653157555,0.914187207834271
25714,LOF,0.08042472192641072,0.04651636355641165,0.8730589145171775
25715,LOF,0.011560930993016735,0.10008285775690617,0.888356211250077
25716,LOF,0.01031211221506825,0.09464657362904784,0.895041314155884
25717,LOF,0.016934443081852643,0.0611620366607624,0.921903520257385
25718,LOF,0.011828430503588313,0.04388679708694049,0.9442847724094712
25719,LOF,0.022499624001307797,0.059826146830887536,0.9176742291678047
25720,LOF,0.02834760945098086,0.040488606699354286,0.9311637838496649
25721,LOF,0.011634560910221588,0.057723656058652775,0.9306417830311257
25722,LOF,0.013018201682302416,0.049083764531966584,0.9378980337857311
25723,LOF,0.02565195300075018,0.03302386444955438,0.9413241825496954
25724,LOF,0.0328329151099295,0.06766599930240091,0.8995010855876696
25725,LOF,0.011800636979819678,0.06230639316716224,0.925892969853018
25726,LOF,0.017060291203143806,0.07294150518829973,0.9099982036085564
25727,LOF,0.013947759515937923,0.04760427142812442,0.9384479690559377
25728,LOF,0.010658414957602318,0.06741216474009523,0.9219294203023024
25729,LOF,0.010875857038186486,0.06578030863213784,0.9233438343296756
25730,LOF,0.014359481061104823,0.06907829829361997,0.9165622206452751
25731,LOF,0.019909908837255432,0.08557859327194876,0.8945114978907959
25732,LOF,0.013185080855208035,0.045105541062895584,0.9417093780818965
25733,LOF,0.015094301664881205,0.05246733125556289,0.932438367079556
25734,LOF,0.01330891593988735,0.11807130774016551,0.868619776319947
25735,LOF,0.011359371423271288,0.05234818595189385,0.9362924426248348
25736,LOF,0.012534663067823262,0.05828458462316277,0.929180752309014
25737,LOF,0.01260286812266831,0.08871430892465564,0.898682822952676
25738,LOF,0.01240286597471572,0.09009078901554811,0.8975063450097363
25739,LOF,0.022249610732349278,0.06177621684632572,0.9159741724213251
25740,LOF,0.02979171011576999,0.10681020388950647,0.8633980859947235
25741,LOF,0.015258967681911376,0.09315629061763846,0.8915847417004501
25742,LOF,0.1204219174503754,0.06516906462819157,0.814409017921433
25743,LOF,0.04242818494686947,0.05779865841670301,0.8997731566364275
25744,Neutral,0.6334081330977934,0.2487908684988365,0.11780099840336998
25745,LOF,0.059705377278752386,0.07903679690300207,0.8612578258182455
25746,LOF,0.04334979394297338,0.10854369288468908,0.8481065131723375
25747,LOF,0.017264209741522152,0.11987428656369377,0.862861503694784
25748,LOF,0.1130783163645303,0.19710200743000467,0.689819676205465
25749,LOF,0.028626757624851486,0.09754599630276173,0.8738272460723867
25750,LOF,0.07336479572885354,0.12493770942001789,0.8016974948511286
25751,LOF,0.10337915358478902,0.1409472962315386,0.7556735501836723
25752,GOF,0.1262535123056638,0.647136254884725,0.2266102328096112
25753,LOF,0.026833670626462486,0.3845491667519603,0.5886171626215772
25754,GOF,0.01699294465932237,0.7841785132826833,0.19882854205799422
25755,LOF,0.025724452360472872,0.3626442327054549,0.6116313149340722
25756,LOF,0.06132432144680364,0.4036707926692202,0.5350048858839761
25757,GOF,0.01772227826809523,0.8766765517081279,0.10560117002377689
25758,GOF,0.023927829559653942,0.809525039415506,0.1665471310248399
25759,GOF,0.010668694922302087,0.6596588069122779,0.3296724981654201
25760,LOF,0.016387396157357216,0.3738265660478816,0.6097860377947611
25761,GOF,0.2916988992799601,0.6204995042757249,0.0878015964443149
25762,LOF,0.051686781326609664,0.32115313849364047,0.6271600801797499
25763,LOF,0.01463938143885742,0.25747492748926604,0.7278856910718764
25764,GOF,0.06183976212237967,0.7189830975441733,0.21917714033344715
25765,GOF,0.034474899698333034,0.7695446781143271,0.19598042218733983
25766,GOF,0.08090042512366055,0.7586255319380512,0.16047404293828826
25767,LOF,0.16447332052968264,0.3776977161109497,0.4578289633593676
25768,LOF,0.12464265583427607,0.033292358593243275,0.8420649855724806
25769,LOF,0.05712563027596504,0.06742020916777113,0.8754541605562637
25770,LOF,0.34069210282064616,0.10771662303570005,0.5515912741436538
25771,LOF,0.05863808142755109,0.05592469263239467,0.8854372259400543
25772,LOF,0.019823343853012036,0.05182503441633744,0.9283516217306506
25773,LOF,0.06111821613801286,0.06438637881715203,0.8744954050448351
25774,LOF,0.029633645409175836,0.11989557553903392,0.8504707790517902
25775,LOF,0.06635936473168853,0.0620167355304328,0.8716238997378787
25776,LOF,0.07980087063910714,0.035529030421340216,0.8846700989395527
25777,LOF,0.36103954090692725,0.09304122705506701,0.5459192320380057
25778,LOF,0.07538165031268194,0.04996019765020924,0.8746581520371087
25779,GOF,0.4186943248647569,0.5372128341636899,0.04409284097155318
25780,GOF,0.36031491451662384,0.5546787284809571,0.08500635700241906
25781,GOF,0.11153795682252846,0.7768871832120965,0.11157485996537506
25782,GOF,0.19206435214440495,0.7287355520571873,0.07920009579840775
25783,GOF,0.025802777580100043,0.6847248986486526,0.2894723237712474
25784,Neutral,0.5502303451434015,0.41376714304665335,0.03600251180994512
25785,Neutral,0.5465656988298451,0.4011455066350103,0.052288794535144574
25786,GOF,0.03576101107347132,0.7110795190580468,0.2531594698684819
25787,Neutral,0.7139469690877716,0.2527772426636435,0.03327578824858493
25788,LOF,0.055703804677128356,0.06828408868691274,0.8760121066359589
25789,GOF,0.20308794861164164,0.6322200069729733,0.16469204441538507
25790,GOF,0.2694841438177345,0.6291986591889204,0.10131719699334511
25791,GOF,0.16894471797124772,0.6247926631345712,0.20626261889418127
25792,GOF,0.3828574144186104,0.4610370574228634,0.15610552815852624
25793,GOF,0.29437804073804225,0.437534834992928,0.26808712426902975
25794,GOF,0.32703743640432664,0.4397146978731528,0.23324786572252057
25795,GOF,0.05849759773428417,0.6715992574152695,0.2699031448504463
25796,Neutral,0.5413127805364986,0.3840059392176547,0.07468128024584687
25797,GOF,0.08704591715172082,0.49950794460166065,0.4134461382466186
25798,LOF,0.01104061418881432,0.4736530490938109,0.5153063367173748
25799,LOF,0.008772415378837304,0.4233455682324142,0.5678820163887484
25800,GOF,0.04606396869040347,0.5805241989413882,0.3734118323682084
25801,GOF,0.27573911379509164,0.6187604947579226,0.10550039144698571
25802,GOF,0.08356595646882257,0.6258699057764721,0.29056413775470535
25803,GOF,0.0456015401627679,0.5206282816742085,0.43377017816302355
25804,LOF,0.04544670920896241,0.4494696813877471,0.5050836094032904
25805,GOF,0.12800596363295003,0.5257574458701709,0.34623659049687905
25806,GOF,0.13740662182752503,0.5484900054574972,0.31410337271497774
25807,GOF,0.02030363761559806,0.5787975337670411,0.40089882861736087
25808,GOF,0.10867661867981349,0.5082464588762367,0.3830769224439498
25809,GOF,0.020139611439753496,0.5781657458135233,0.4016946427467231
25810,GOF,0.02118280767593683,0.5823197080171395,0.3964974843069237
25811,Neutral,0.47398734006186216,0.4560777446306969,0.06993491530744084
25812,GOF,0.03820611001659769,0.5934002547231887,0.36839363526021357
25813,Neutral,0.5728805776092126,0.3028495446356423,0.12426987775514513
25814,GOF,0.12262570872555356,0.6079771793863666,0.2693971118880799
25815,GOF,0.25188731874915044,0.5422136645781579,0.20589901667269167
25816,GOF,0.02151986593656329,0.68940369755114,0.28907643651229675
25817,GOF,0.21641773292117433,0.6562211871800856,0.12736107989874004
25818,GOF,0.04146608507057391,0.5190739212466621,0.439459993682764
25819,GOF,0.4003734076108141,0.41883646183299067,0.18079013055619525
25820,GOF,0.20550020793464208,0.564891227680779,0.22960856438457886
25821,GOF,0.060434648170265344,0.644952715641919,0.29461263618781564
25822,GOF,0.25455023990505066,0.4858408636406799,0.25960889645426943
25823,LOF,0.03231562315729048,0.43765221107358904,0.5300321657691205
25824,GOF,0.08597147098839393,0.46728030589065417,0.4467482231209519
25825,GOF,0.031664751643721616,0.4860704798119631,0.4822647685443153
25826,LOF,0.01024875808178219,0.4602685598065444,0.5294826821116734
25827,GOF,0.016482505161745927,0.5437010424809319,0.43981645235732214
25828,LOF,0.0109532531262269,0.45649481627858257,0.5325519305951906
25829,GOF,0.006612428540707319,0.5248728171362902,0.46851475432300244
25830,LOF,0.036702858854102446,0.22753414481163114,0.7357629963342663
25831,GOF,0.1316610985523352,0.7199089788687865,0.14842992257887835
25832,GOF,0.03271527038105554,0.6489112360446289,0.3183734935743156
25833,GOF,0.12689109134906001,0.648708720926915,0.22440018772402498
25834,GOF,0.03989930180967869,0.6487662244597926,0.31133447373052864
25835,GOF,0.09174574246617213,0.5975415340310387,0.3107127235027891
25836,GOF,0.044709168152626266,0.6122773514129701,0.34301348043440366
25837,LOF,0.02038032623773402,0.4869805889133552,0.4926390848489108
25838,GOF,0.08358571285864183,0.6723257425809411,0.24408854456041695
25839,GOF,0.3019133587988015,0.5165477273670054,0.18153891383419304
25840,GOF,0.23468397751298314,0.5318076238365728,0.23350839865044412
25841,GOF,0.24172430147200205,0.5381821381999332,0.2200935603280647
25842,GOF,0.16679345594951944,0.5855501014010936,0.24765644264938688
25843,GOF,0.22970792508719776,0.601409921520551,0.16888215339225124
25844,GOF,0.055135845757142775,0.5884305894509912,0.356433564791866
25845,LOF,0.012522715941361397,0.4538392348583003,0.5336380492003383
25846,GOF,0.0814642140094493,0.6959655315067573,0.22257025448379336
25847,GOF,0.13057955158056495,0.6705959953218863,0.19882445309754884
25848,GOF,0.03756758947242124,0.6274375496809068,0.334994860846672
25849,GOF,0.010513144238400775,0.5312291262460542,0.4582577295155451
25850,GOF,0.02578319780031047,0.54813296527634,0.42608383692334956
25851,LOF,0.019585740901238963,0.45271856812795525,0.5276956909708058
25852,GOF,0.13864390523730136,0.554257946261606,0.3070981485010928
25853,GOF,0.34626309860114574,0.5619177858238218,0.09181911557503242
25854,GOF,0.01626529690975277,0.6363676461612252,0.347367056929022
25855,GOF,0.03974553341163774,0.5713991273657976,0.38885533922256477
25856,GOF,0.24132262559373688,0.5339103400010429,0.22476703440522033
25857,GOF,0.03337107522391426,0.494291864224975,0.47233706055111074
25858,GOF,0.018339527624974372,0.5688606804716455,0.4127997919033803
25859,GOF,0.00970166887214436,0.5533462597525489,0.4369520713753068
25860,GOF,0.3464568526899772,0.5406093348794959,0.11293381243052682
25861,GOF,0.35939939950006805,0.5466668661684284,0.09393373433150355
25862,GOF,0.08304999223960012,0.7581438161360864,0.15880619162431345
25863,GOF,0.08899349889712124,0.7578777920666431,0.15312870903623557
25864,GOF,0.17145613637377166,0.7295048954326115,0.09903896819361672
25865,GOF,0.07606357647696257,0.7567231916135316,0.1672132319095058
25866,GOF,0.06629942825670779,0.7778640377651211,0.15583653397817107
25867,GOF,0.07851721194731721,0.7868171272059763,0.1346656608467065
25868,GOF,0.2580613959344657,0.5982476473296238,0.14369095673591054
25869,Neutral,0.6986040826176264,0.25555734157247384,0.045838575809899806
25870,LOF,0.3023906528129205,0.2158009685543586,0.48180837863272086
25871,GOF,0.241111169032688,0.5942116397831264,0.16467719118418564
25872,GOF,0.09841556533898842,0.6030491066714507,0.29853532798956095
25873,GOF,0.1762615000714259,0.5924945244145853,0.23124397551398884
25874,LOF,0.021066055395700455,0.06966824526902364,0.9092656993352759
25875,LOF,0.08035343360326276,0.06108095995543927,0.8585656064412981
25876,LOF,0.024600752359338507,0.05988408340120269,0.9155151642394587
25877,Neutral,0.4925912949067537,0.06454032629768838,0.44286837879555785
25878,LOF,0.20672576691888941,0.11152597156241088,0.6817482615186997
25879,LOF,0.09528157869840263,0.1433605641555972,0.7613578571460001
25880,LOF,0.023940100324715764,0.02562297347077014,0.950436926204514
25881,LOF,0.19853528846081644,0.23837501787239926,0.5630896936667843
25882,LOF,0.08518463848869054,0.017722763290858975,0.8970925982204506
25883,LOF,0.0886003977083741,0.03805298985598929,0.8733466124356366
25884,LOF,0.04683921235283966,0.04537006015139919,0.9077907274957613
25885,LOF,0.06063379585424647,0.0258417568264778,0.9135244473192756
25886,LOF,0.38278709460255905,0.0820771163402021,0.5351357890572389
25887,LOF,0.19201140540684358,0.12943903473872148,0.6785495598544349
25888,LOF,0.06684568840655301,0.11466007318755711,0.8184942384058898
25889,LOF,0.04664162190990667,0.035022533696460974,0.9183358443936324
25890,LOF,0.05594996057719346,0.18565870894150094,0.7583913304813056
25891,LOF,0.05369472553994372,0.06835830162831942,0.877946972831737
25892,LOF,0.10941848871770717,0.017219098743328613,0.8733624125389642
25893,LOF,0.30314005265172794,0.012162790567620752,0.6846971567806512
25894,LOF,0.16202545410077615,0.007107867818085402,0.8308666780811383
25895,LOF,0.21033395831618376,0.01617660885414212,0.7734894328296742
25896,LOF,0.04467527463637182,0.019110317513388667,0.9362144078502396
25897,LOF,0.24444805443684925,0.012696927287248277,0.7428550182759025
25898,Neutral,0.7359431435348461,0.008188526918882636,0.25586832954627126
25899,LOF,0.29117447442459965,0.02898633492761372,0.6798391906477866
25900,LOF,0.46978534392719856,0.013602957047902065,0.5166116990248995
25901,LOF,0.060297425496094924,0.009984503595896761,0.9297180709080083
25902,LOF,0.19893343246637435,0.007572914087660686,0.7934936534459649
25903,Neutral,0.5696936333322709,0.020731887827546813,0.4095744788401822
25904,LOF,0.26326127487178935,0.033258810963410414,0.7034799141648002
25905,LOF,0.02412267130680202,0.3015052165714086,0.6743721121217893
25906,LOF,0.023386037120838515,0.07135523823078095,0.9052587246483804
25907,LOF,0.01355524518792398,0.309006537324036,0.6774382174880401
25908,LOF,0.011054880402462101,0.2051047509660316,0.7838403686315063
25909,LOF,0.014030567902283254,0.15030365155666342,0.8356657805410533
25910,LOF,0.0567225752266616,0.13320023210942505,0.8100771926639134
25911,LOF,0.11977004676526952,0.052012844954054324,0.8282171082806762
25912,LOF,0.03740216775677268,0.08709068852833718,0.8755071437148901
25913,LOF,0.2785205305210796,0.02902918139544231,0.6924502880834781
25914,LOF,0.0275966419714872,0.1074111769085939,0.8649921811199188
25915,Neutral,0.4374728144059944,0.20667419452613336,0.3558529910678724
25916,LOF,0.06870741957669531,0.2392073329824629,0.6920852474408418
25917,LOF,0.06369917530441079,0.04741236805365181,0.8888884566419375
25918,LOF,0.034317810053615304,0.05984930009611605,0.9058328898502687
25919,LOF,0.02840369571162962,0.06382937996429665,0.9077669243240736
25920,GOF,0.100986586060487,0.6046661758879962,0.2943472380515169
25921,LOF,0.03589253362349608,0.03395730620930583,0.9301501601671982
25922,LOF,0.04743876331662044,0.02292468369945443,0.929636552983925
25923,LOF,0.4133519723917732,0.022680418782647753,0.5639676088255791
25924,LOF,0.041466264363456844,0.03050114417901313,0.92803259145753
25925,LOF,0.07006641858850374,0.03285491354219517,0.8970786678693011
25926,LOF,0.05117971141494836,0.020435100233219736,0.9283851883518319
25927,LOF,0.07513515100780484,0.057408972083684055,0.867455876908511
25928,LOF,0.027566563917332393,0.026762931044380493,0.9456705050382871
25929,Neutral,0.5470112064560168,0.02623852529340523,0.42675026825057816
25930,LOF,0.06715775503682019,0.017985520027694678,0.9148567249354852
25931,LOF,0.03644326368821885,0.023733565637436147,0.939823170674345
25932,LOF,0.0322081283508624,0.019095162439400997,0.9486967092097367
25933,LOF,0.041081452591421395,0.01336590687371082,0.9455526405348678
25934,LOF,0.027488197112326165,0.015126019933074103,0.9573857829545996
25935,LOF,0.0685310358834234,0.031486662964697196,0.8999823011518794
25936,LOF,0.05052851924830013,0.019255261650344416,0.9302162191013554
25937,LOF,0.0375845354751342,0.02802297740425317,0.9343924871206125
25938,LOF,0.06511765956785817,0.03747261047659681,0.897409729955545
25939,LOF,0.04354359942549579,0.013883495977903006,0.9425729045966011
25940,LOF,0.02331496533974362,0.3776851936229852,0.5989998410372711
25941,LOF,0.14453887268821833,0.08453121241173403,0.7709299149000476
25942,LOF,0.01332225784724633,0.03867752505947366,0.94800021709328
25943,LOF,0.28806272414537015,0.07953399547366304,0.6324032803809667
25944,Neutral,0.5134867799692803,0.04231309708771165,0.4442001229430081
25945,LOF,0.061565961136905246,0.02827383042771514,0.9101602084353797
25946,LOF,0.03414816458020901,0.13483712270376327,0.8310147127160277
25947,LOF,0.10598427882561706,0.1884875815563194,0.7055281396180635
25948,LOF,0.3923486574491607,0.015627072553844795,0.5920242699969944
25949,LOF,0.08487906320255638,0.06744070521514894,0.8476802315822948
25950,GOF,0.25145068195746534,0.44575149500649713,0.30279782303603753
25951,LOF,0.32700954473526633,0.21524239392975067,0.45774806133498297
25952,GOF,0.06312507450831324,0.4820340941302801,0.4548408313614065
25953,LOF,0.1431915675582728,0.11958388037209458,0.7372245520696326
25954,LOF,0.3659830660362492,0.2618236269338794,0.3721933070298713
25955,LOF,0.06175657802887654,0.08668902361919417,0.8515543983519293
25956,LOF,0.19376607521703054,0.05761224953667626,0.7486216752462932
25957,LOF,0.05268382631329629,0.02411670435979263,0.923199469326911
25958,LOF,0.06045471338926821,0.03590888534990662,0.9036364012608252
25959,LOF,0.055792463207328655,0.4010658440955573,0.5431416926971141
25960,LOF,0.019414846799591476,0.06114660911021996,0.9194385440901884
25961,LOF,0.049642358320093415,0.04568681930017731,0.9046708223797292
25962,LOF,0.061997810316104546,0.040197041544163856,0.8978051481397316
25963,LOF,0.05478194780254033,0.18988384287870916,0.7553342093187505
25964,LOF,0.03752183562278116,0.17866762213342025,0.7838105422437985
25965,LOF,0.44064815154754283,0.09657496816012533,0.4627768802923318
25966,Neutral,0.3724302701244653,0.3307397297048977,0.29683000017063704
25967,LOF,0.01606327395928539,0.104740238776765,0.8791964872639495
25968,LOF,0.03620030335808356,0.47349907197267316,0.4903006246692432
25969,LOF,0.027967282750336348,0.06235642032083456,0.909676296928829
25970,LOF,0.0628690302282256,0.05088348523976599,0.8862474845320084
25971,LOF,0.07852973675733271,0.02547033488109915,0.895999928361568
25972,LOF,0.08150368290141656,0.036133111482871405,0.882363205615712
25973,LOF,0.08536346173033074,0.010380934431809577,0.9042556038378597
25974,LOF,0.2558070253064884,0.018670408922461645,0.7255225657710499
25975,LOF,0.054631067421888405,0.03246885780186012,0.9129000747762516
25976,LOF,0.036411769616758335,0.023949667481138817,0.9396385629021029
25977,LOF,0.13074316148749018,0.11677981147194079,0.7524770270405691
25978,LOF,0.11696941846200624,0.13392092686708948,0.7491096546709042
25979,LOF,0.12011088272432972,0.11835620365057861,0.7615329136250916
25980,LOF,0.13760894592619877,0.18551522348127816,0.676875830592523
25981,LOF,0.16627097503688462,0.17944566516810767,0.6542833597950077
25982,LOF,0.3640501384149505,0.10940134777216982,0.5265485138128797
25983,LOF,0.3530725599319524,0.11250019799827055,0.534427242069777
25984,LOF,0.05607218714795916,0.09601831691343124,0.8479094959386095
25985,LOF,0.021160162399465682,0.33573494957088285,0.6431048880296515
25986,LOF,0.0239033077098231,0.3235750717863182,0.6525216205038586
25987,LOF,0.08950550335531669,0.1170082658485078,0.7934862307961755
25988,LOF,0.1218238834348851,0.09068865225449553,0.7874874643106193
25989,LOF,0.027827881516166383,0.16117930188775437,0.8109928165960792
25990,LOF,0.038850805517595184,0.12792610308360813,0.8332230913987966
25991,GOF,0.13041860684247955,0.46267305397283676,0.4069083391846836
25992,LOF,0.29031807998918896,0.31071103005683787,0.3989708899539732
25993,LOF,0.024217062985247832,0.11158340271052689,0.8641995343042252
25994,LOF,0.015940329323876942,0.13862832320605398,0.8454313474700691
25995,LOF,0.025560277855889234,0.171677534996284,0.8027621871478268
25996,GOF,0.18271289058756082,0.5844431805104212,0.23284392890201785
25997,GOF,0.06835478866577317,0.5680852342304994,0.36355997710372745
25998,Neutral,0.5898572830507569,0.025028715783462805,0.3851140011657803
25999,LOF,0.13982327122928218,0.15237835960776827,0.7077983691629496
26000,LOF,0.10871463964783379,0.025768911995703036,0.8655164483564632
26001,LOF,0.20271298058019813,0.02835288260276496,0.7689341368170368
26002,LOF,0.1464686593099725,0.025324814618034566,0.828206526071993
26003,GOF,0.01055278787678782,0.6726140536549675,0.31683315846824484
26004,GOF,0.022780963321488646,0.69690097038168,0.28031806629683137
26005,GOF,0.009850426537257394,0.5853030571261288,0.40484651633661384
26006,Neutral,0.5316974380610661,0.2842635451656025,0.18403901677333143
26007,GOF,0.01808219546146504,0.6213241481980751,0.3605936563404599
26008,GOF,0.022205815524544183,0.6151170499556262,0.3626771345198297
26009,GOF,0.03379663029677057,0.6996958287402085,0.2665075409630209
26010,GOF,0.02370900480094283,0.777318114185249,0.19897288101380817
26011,GOF,0.009440331930377209,0.5499964178981126,0.44056325017151016
26012,GOF,0.020465470391924926,0.6360912997105598,0.34344322989751513
26013,GOF,0.01777396359261529,0.7080119938512567,0.274214042556128
26014,LOF,0.04202411852759359,0.20908558682545894,0.7488902946469475
26015,LOF,0.15782818047322736,0.010412672520502065,0.8317591470062705
26016,LOF,0.25277289373825923,0.04514445709618745,0.7020826491655533
26017,LOF,0.17306383477577167,0.097390868618409,0.7295452966058192
26018,LOF,0.0781665652268439,0.02882781783071772,0.8930056169424385
26019,LOF,0.07809550243579899,0.02236712477815226,0.8995373727860487
26020,LOF,0.05194217732925151,0.11832386072574844,0.8297339619450002
26021,LOF,0.052420847510750074,0.14165796276418494,0.805921189725065
26022,LOF,0.009315157643676781,0.0718690598436227,0.9188157825127006
26023,LOF,0.10199548708922958,0.020929388099069697,0.8770751248117007
26024,LOF,0.029039815193293295,0.1255015520239184,0.8454586327827883
26025,LOF,0.14467865405817001,0.0876101367031875,0.7677112092386424
26026,LOF,0.3214237064656502,0.016731941989540748,0.6618443515448091
26027,LOF,0.07569242177389666,0.01500947833742296,0.9092980998886804
26028,LOF,0.17223354935991422,0.09710706240499753,0.7306593882350882
26029,LOF,0.10309851591966292,0.17177295743806573,0.7251285266422713
26030,LOF,0.03175115139743598,0.08693389065637831,0.8813149579461856
26031,LOF,0.03858266727699425,0.14616137331659496,0.8152559594064108
26032,LOF,0.08408116586527453,0.0634686189303132,0.8524502152044122
26033,LOF,0.13528332292723957,0.07379349437146977,0.7909231827012906
26034,LOF,0.060586657596626854,0.14696604598032187,0.7924472964230513
26035,LOF,0.038073513764512984,0.12839358380975782,0.8335329024257293
26036,LOF,0.056855599946452305,0.14917253984183562,0.7939718602117121
26037,LOF,0.03198170160490129,0.117724639838967,0.8502936585561317
26038,LOF,0.07956490364275211,0.05731144321920277,0.8631236531380451
26039,LOF,0.07988134671298756,0.1284494054903369,0.7916692477966757
26040,LOF,0.23085998594508425,0.10675983728776027,0.6623801767671554
26041,LOF,0.030220282139689532,0.11271202981782179,0.8570676880424887
26042,LOF,0.030637558502369936,0.11320535594871271,0.8561570855489172
26043,LOF,0.07640255472087225,0.07515466333577119,0.8484427819433565
26044,LOF,0.029714159565634543,0.0885771085475182,0.8817087318868473
26045,LOF,0.11084226349854219,0.10120750284816946,0.7879502336532884
26046,LOF,0.0807427723040078,0.0786223957492172,0.8406348319467749
26047,LOF,0.11448467284774241,0.09112615001361572,0.794389177138642
26048,LOF,0.06517040199625376,0.05807753646798198,0.8767520615357643
26049,Neutral,0.9533441974691296,0.01045169799385814,0.03620410453701219
26050,Neutral,0.9402534875279089,0.01132455291935695,0.04842195955273395
26051,GOF,0.05161920502884846,0.5120830827455073,0.4362977122256442
26052,GOF,0.06569842796450841,0.49544686710464697,0.4388547049308446
26053,LOF,0.05952939766464932,0.21914090779268808,0.7213296945426627
26054,LOF,0.05759962045561438,0.04492853331929422,0.8974718462250915
26055,LOF,0.07299695042619699,0.033348393429813036,0.8936546561439899
26056,LOF,0.0643557588238592,0.04093895456814874,0.8947052866079921
26057,LOF,0.03355983317884961,0.020519287977932125,0.9459208788432183
26058,LOF,0.0340280323015244,0.01854886541498832,0.9474231022834874
26059,LOF,0.29345260465877754,0.05202604116196235,0.6545213541792602
26060,LOF,0.025365482962693538,0.30797910359913694,0.6666554134381695
26061,LOF,0.018507252987032,0.02607532406753657,0.9554174229454314
26062,LOF,0.01248431281891552,0.03930265335500104,0.9482130338260836
26063,LOF,0.02345943602940386,0.0209071718825833,0.9556333920880128
26064,LOF,0.025003230927253095,0.022550054629518458,0.9524467144432286
26065,LOF,0.027236959516837043,0.025181028226289832,0.9475820122568732
26066,LOF,0.021965161307845395,0.023080446760261223,0.9549543919318935
26067,LOF,0.026795802836596893,0.017811744128624456,0.9553924530347786
26068,LOF,0.04960284872520753,0.0565581339645844,0.893839017310208
26069,LOF,0.2816010546134584,0.043450246599805745,0.6749486987867359
26070,LOF,0.40353771735733546,0.026453238002640583,0.570009044640024
26071,LOF,0.0237325122515182,0.025809235194897546,0.9504582525535843
26072,LOF,0.022891459603246962,0.03447151958889437,0.9426370208078587
26073,LOF,0.02488238475816601,0.02121942163674107,0.9538981936050929
26074,Neutral,0.922022152143512,0.008549903924493889,0.0694279439319943
26075,LOF,0.044927624744562134,0.030744991982980405,0.9243273832724574
26076,LOF,0.04549758102728976,0.01744495328946961,0.9370574656832407
26077,LOF,0.009523334070596837,0.040698181207256184,0.949778484722147
26078,LOF,0.014588701369718323,0.023016822338560956,0.9623944762917208
26079,LOF,0.05305305552359416,0.035068715089832746,0.9118782293865731
26080,LOF,0.05305129536868322,0.03516733350354309,0.9117813711277738
26081,LOF,0.03745877284722622,0.01422670080926325,0.9483145263435107
26082,LOF,0.018762822742723177,0.03828819541813545,0.9429489818391413
26083,LOF,0.15869778995192985,0.022309804494123252,0.8189924055539469
26084,LOF,0.028067121747762547,0.03275049961097115,0.9391823786412664
26085,LOF,0.023624433375603868,0.03048302050776949,0.9458925461166267
26086,LOF,0.023543262039659955,0.025376232757195864,0.9510805052031441
26087,LOF,0.02579463960117556,0.01789264495220574,0.9563127154466187
26088,LOF,0.020304219008023247,0.04079009462375904,0.9389056863682178
26089,LOF,0.04744921763580609,0.04063343163350232,0.9119173507306915
26090,LOF,0.046445656272942885,0.03261744760673464,0.9209368961203225
26091,LOF,0.04146484234574336,0.012351523364471735,0.9461836342897849
26092,LOF,0.0295950011921654,0.018954334904079398,0.9514506639037551
26093,LOF,0.043486690056882604,0.011902475129742508,0.9446108348133748
26094,LOF,0.048312747173091794,0.011220049843265915,0.9404672029836424
26095,LOF,0.05735801559393771,0.026991500039446118,0.9156504843666161
26096,LOF,0.017527475885703775,0.025386043311733254,0.9570864808025629
26097,LOF,0.011066992909866066,0.07771743276985485,0.9112155743202791
26098,LOF,0.0712166538778621,0.027611244273710468,0.9011721018484276
26099,LOF,0.026394429387203405,0.030623797739147304,0.9429817728736493
26100,LOF,0.027852163704135496,0.02802933912797206,0.9441184971678925
26101,LOF,0.0609015316573983,0.025274627228599144,0.9138238411140025
26102,LOF,0.028662028966223246,0.02338585183728477,0.947952119196492
26103,Neutral,0.8848460908981374,0.0354226330724379,0.07973127602942473
26104,LOF,0.07000343013286171,0.05418951612021326,0.875807053746925
26105,LOF,0.19243969852141107,0.2965648062680008,0.5109954952105882
26106,LOF,0.1756558227460367,0.14653145074868687,0.6778127265052764
26107,LOF,0.2482090354951375,0.12288191455708088,0.6289090499477816
26108,LOF,0.24572887629608006,0.16583674732610604,0.5884343763778139
26109,LOF,0.05365545929126136,0.15811322329458338,0.7882313174141552
26110,LOF,0.2506959717291425,0.009462660328177953,0.7398413679426795
26111,LOF,0.46109205926847696,0.02225030582574381,0.5166576349057792
26112,LOF,0.03752842056411051,0.01074248640218462,0.9517290930337049
26113,LOF,0.05602066969004401,0.017463498377304158,0.9265158319326519
26114,LOF,0.01847716698607767,0.03108492879786583,0.9504379042160565
26115,LOF,0.09535365738480776,0.04822132160669859,0.8564250210084936
26116,LOF,0.04930138223261731,0.0560573213352357,0.894641296432147
26117,LOF,0.3614414983827941,0.07470356441611241,0.5638549372010936
26118,LOF,0.03694202494205723,0.045705385226465035,0.9173525898314777
26119,LOF,0.022211402106233024,0.05771095760923453,0.9200776402845325
26120,LOF,0.029836051644091505,0.02798823025051087,0.9421757181053976
26121,LOF,0.06711343948704664,0.100835438581097,0.8320511219318564
26122,LOF,0.06696483480276745,0.05171694735134792,0.8813182178458847
