feature0,prediction,LoGoFunc_Neutral,LoGoFunc_GOF,LoGoFunc_LOF
25546,Neutral,0.6192667385470288,0.048956033299609056,0.33177722815336214
25547,Neutral,0.5153737715135446,0.08173099313928482,0.4028952353471706
25548,Neutral,0.5194510129541235,0.07076845465113424,0.40978053239474227
25549,Neutral,0.46933349939745933,0.06988175191512919,0.4607847486874115
25550,LOF,0.39844995364981306,0.07808212328653999,0.5234679230636469
25551,LOF,0.3490050788078958,0.0829469603013776,0.5680479608907266
25552,LOF,0.3112996847309784,0.09455265569739207,0.5941476595716295
25553,Neutral,0.7900934979284747,0.044215978402521144,0.1656905236690042
25554,LOF,0.3441647662169904,0.08605568523825093,0.5697795485447588
25555,LOF,0.2965236342140486,0.08880599615280543,0.6146703696331459
25556,Neutral,0.4702355521791782,0.07979305524507768,0.44997139257574426
25557,LOF,0.2796161537755557,0.08876250138421563,0.6316213448402286
25558,LOF,0.34153644686273027,0.08369051061623761,0.5747730425210321
25559,LOF,0.2160560895515912,0.05154709855220619,0.7323968118962026
25560,LOF,0.09610239161510833,0.1935675470235697,0.7103300613613219
25561,LOF,0.10221420784997919,0.2757284233570448,0.622057368792976
25562,LOF,0.03841209052044745,0.10752491456974035,0.8540629949098122
25563,LOF,0.006606131153693,0.2017927210982911,0.7916011477480159
25564,LOF,0.07638719185943596,0.13113709265886755,0.7924757154816965
25565,LOF,0.18489497468546368,0.11915166808422191,0.6959533572303145
25566,GOF,0.08424980224996784,0.7009966545183485,0.21475354323168372
25567,LOF,0.0455673035758562,0.1534953367407842,0.8009373596833597
25568,LOF,0.06182706144793194,0.09057270946321108,0.847600229088857
25569,LOF,0.06296416872423886,0.08801088635242121,0.8490249449233398
25570,LOF,0.026422065054900894,0.13447306839544437,0.8391048665496548
25571,LOF,0.026237076263471854,0.14106635513559515,0.832696568600933
25572,LOF,0.052655791529885074,0.19167278621548728,0.7556714222546276
25573,LOF,0.07312887960362179,0.12168964431382699,0.8051814760825512
25574,LOF,0.078366555092583,0.2626397177265498,0.6589937271808671
25575,LOF,0.025743035254488636,0.14730090383683417,0.8269560609086772
25576,LOF,0.02587087242417198,0.2226644180139814,0.7514647095618467
25577,LOF,0.02905271147583176,0.1757648266995365,0.7951824618246317
25578,LOF,0.28886403718343295,0.09084172862807591,0.6202942341884912
25579,LOF,0.20580522172325205,0.09252225959083006,0.7016725186859178
25580,LOF,0.023724933024740765,0.08908355735510673,0.8871915096201525
25581,LOF,0.04641904025619739,0.10059784185304763,0.8529831178907551
25582,LOF,0.04601816981508276,0.09697142962505272,0.8570104005598644
25583,LOF,0.03154691956489211,0.09809436476279915,0.8703587156723087
25584,Neutral,0.7058172775995399,0.14474157228508985,0.1494411501153702
25585,LOF,0.02544343611604664,0.20160123298396843,0.772955330899985
25586,LOF,0.021875802497195108,0.11207551343354609,0.8660486840692588
25587,LOF,0.021024544062951237,0.10589804832203525,0.8730774076150135
25588,LOF,0.026160798906252752,0.08769615270235456,0.8861430483913927
25589,Neutral,0.5378799408984066,0.24458082093333075,0.21753923816826257
25590,LOF,0.054431298945940496,0.14360926159658757,0.801959439457472
25591,LOF,0.10411881237763879,0.08546980245441765,0.8104113851679435
25592,LOF,0.0744684216902507,0.15684519518454018,0.7686863831252092
25593,LOF,0.11094944749859459,0.31994727026123765,0.5691032822401678
25594,LOF,0.04781168050864832,0.039888164812111326,0.9123001546792404
25595,LOF,0.0495387548081295,0.019907407200464,0.9305538379914065
25596,LOF,0.1088018970862639,0.014904946967916905,0.8762931559458192
25597,LOF,0.09152756543053796,0.014826229828396162,0.8936462047410659
25598,LOF,0.05289512423144342,0.02347835558329851,0.923626520185258
25599,LOF,0.027057931565036424,0.3892142768745609,0.5837277915604027
25600,LOF,0.1641997003874125,0.3768729524002667,0.4589273472123208
25601,LOF,0.04444267070517837,0.30006649791237733,0.6554908313824443
25602,LOF,0.03573651875216152,0.0779640938679945,0.8862993873798439
25603,LOF,0.048245095196321634,0.07483218207797734,0.8769227227257009
25604,LOF,0.05377558842371663,0.1327230254216663,0.813501386154617
25605,LOF,0.04489133877492746,0.20821688467092975,0.7468917765541427
25606,Neutral,0.4012527199667271,0.2505164069765389,0.34823087305673406
25607,LOF,0.027614723617763164,0.27841051139791295,0.6939747649843239
25608,LOF,0.04837172900193114,0.0840613226846541,0.8675669483134147
25609,GOF,0.18539265306398345,0.5010263980466808,0.3135809488893358
25610,LOF,0.02000770290471192,0.0596855609473674,0.9203067361479206
25611,LOF,0.014616493692607,0.06250845171663931,0.9228750545907538
25612,LOF,0.05109812292042755,0.07610801450520033,0.8727938625743721
25613,LOF,0.04756428955006574,0.06872647232252506,0.8837092381274093
25614,LOF,0.02407998802959927,0.055290166289718876,0.9206298456806818
25615,LOF,0.04844763954499328,0.06199603622310407,0.8895563242319026
25616,LOF,0.06279087319201347,0.061231769648163396,0.8759773571598232
25617,LOF,0.0477462500624317,0.066130392044359,0.8861233578932093
25618,LOF,0.047673811387887684,0.10207781478705232,0.8502483738250599
25619,LOF,0.01434161070830645,0.07611339732175286,0.9095449919699407
25620,LOF,0.049186491426072426,0.06888324756100465,0.881930261012923
25621,LOF,0.07530931631333806,0.058733355943074744,0.8659573277435872
25622,LOF,0.08629303463616643,0.0726087648443179,0.8410982005195158
25623,LOF,0.0690602847205068,0.0723582559034213,0.858581459376072
25624,LOF,0.023757081507464386,0.060491550438717484,0.9157513680538181
25625,LOF,0.06966726532112967,0.07034243425117939,0.859990300427691
25626,LOF,0.05119952471593733,0.06788819713187985,0.8809122781521828
25627,Neutral,0.883258151200941,0.02195694427516163,0.09478490452389736
25628,LOF,0.19222275594057855,0.06257407163592492,0.7452031724234964
25629,LOF,0.05801157620990475,0.05884541023448613,0.8831430135556092
25630,LOF,0.2953104159423956,0.07093784651109664,0.6337517375465078
25631,Neutral,0.5236817562465197,0.047709411260180246,0.4286088324933
25632,LOF,0.03199667712995318,0.16327804429710274,0.8047252785729441
25633,LOF,0.22024043299616997,0.08233125723301347,0.6974283097708166
25634,LOF,0.042404707045282944,0.13235498215262168,0.8252403108020955
25635,LOF,0.03635959853484714,0.06880806366161735,0.8948323378035355
25636,GOF,0.04081070808051149,0.5483337132359989,0.41085557868348976
25637,GOF,0.04393996640410883,0.5158976313885371,0.44016240220735414
25638,LOF,0.021687467993883717,0.47484745177856924,0.503465080227547
25639,LOF,0.039074287690479007,0.42374591776532444,0.5371797945441966
25640,Neutral,0.8359656851266689,0.10886492194461475,0.055169392928716234
25641,LOF,0.13769135011791897,0.3380358805342282,0.5242727693478528
25642,LOF,0.12920439370590164,0.16350075005397327,0.707294856240125
25643,LOF,0.3352392796288241,0.09560973972364592,0.5691509806475299
25644,GOF,0.009922379446280362,0.5854013030287049,0.40467631752501476
25645,GOF,0.014896635716840979,0.541406036019867,0.44369732826329206
25646,LOF,0.023074834391437548,0.35325455806256695,0.6236706075459955
25647,LOF,0.009711622239287307,0.2737035867802977,0.7165847909804149
25648,LOF,0.014513002841660072,0.33916554597739884,0.6463214511809411
25649,LOF,0.00904564707028116,0.24733141886305818,0.7436229340666607
25650,GOF,0.039810637994115966,0.5130246347770432,0.4471647272288408
25651,LOF,0.012785252005853938,0.3249221404663048,0.6622926075278412
25652,LOF,0.012725252487661692,0.37280400938151553,0.6144707381308228
25653,GOF,0.05016764365167809,0.5146654763459431,0.43516688000237885
25654,LOF,0.01233818201509839,0.23491796282774044,0.7527438551571612
25655,GOF,0.12806558541828095,0.5840485315765863,0.28788588300513274
25656,LOF,0.2544009118449295,0.08356871590297946,0.6620303722520912
25657,LOF,0.036887739403566,0.09046908010370479,0.8726431804927292
25658,LOF,0.3000565319614337,0.11221071505743581,0.5877327529811305
25659,LOF,0.40582405598865806,0.12404015620336968,0.47013578780797227
25660,LOF,0.021922191443000578,0.10607535364070991,0.8720024549162896
25661,LOF,0.06819903645778999,0.06548213789986633,0.8663188256423436
25662,LOF,0.03037775225205491,0.0378358749604867,0.9317863727874585
25663,LOF,0.03249267047195289,0.036111844350535556,0.9313954851775116
25664,LOF,0.10649810964539944,0.061881638731494194,0.8316202516231065
25665,LOF,0.06086515210065667,0.03192773611407061,0.9072071117852728
25666,LOF,0.07740301499106857,0.05301907201104023,0.8695779129978912
25667,LOF,0.06076507495374715,0.04433215059342685,0.8949027744528261
25668,LOF,0.03131765754355259,0.055112827953086904,0.9135695145033604
25669,LOF,0.022203931227297545,0.051187294033403406,0.9266087747392989
25670,LOF,0.1306789044976769,0.048175257360197385,0.8211458381421257
25671,LOF,0.09099929478686368,0.03812067162141451,0.8708800335917218
25672,LOF,0.05091549503350718,0.04987998451678046,0.8992045204497123
25673,LOF,0.07854354554111585,0.04492901587799448,0.8765274385808897
25674,LOF,0.07617984753342837,0.061718373716924145,0.8621017787496476
25675,LOF,0.07939215705237221,0.0696350369172802,0.8509728060303476
25676,LOF,0.016571286096136163,0.06310390694804388,0.9203248069558199
25677,LOF,0.01648839186552249,0.08929247337602574,0.8942191347584517
25678,LOF,0.1651647145700774,0.10441485299792533,0.7304204324319973
25679,LOF,0.11138785684396837,0.09495770443853355,0.7936544387174981
25680,LOF,0.02614858088720798,0.1290439731731432,0.8448074459396488
25681,LOF,0.04140544004607582,0.11532717486755827,0.8432673850863659
25682,LOF,0.11432888219582533,0.07368659567244483,0.8119845221317298
25683,LOF,0.099310733249323,0.08952266009186036,0.8111666066588166
25684,LOF,0.028460115386249926,0.06308891541912748,0.9084509691946225
25685,LOF,0.13118808381967184,0.08594667023305354,0.7828652459472747
25686,LOF,0.08473800270377688,0.13274953858722674,0.7825124587089963
25687,LOF,0.13662325505357617,0.12635764673193503,0.7370190982144887
25688,LOF,0.4383100978738242,0.029029961739975293,0.5326599403862005
25689,LOF,0.2537810232410728,0.04074599986031711,0.7054729768986101
25690,LOF,0.36913225444521564,0.025835629969747916,0.6050321155850364
25691,Neutral,0.7345790839015455,0.023817507903276865,0.24160340819517756
25692,LOF,0.3440825099835964,0.010525439207124652,0.645392050809279
25693,GOF,0.037713280028395156,0.48477743179606214,0.4775092881755429
25694,LOF,0.10647923706873219,0.01582265308064486,0.877698109850623
25695,LOF,0.1070095731570743,0.007180383975178255,0.8858100428677474
25696,LOF,0.1009440691178989,0.009793577953829288,0.8892623529282718
25697,LOF,0.05991341560963547,0.0707807716566088,0.8693058127337557
25698,LOF,0.24001668708577178,0.23365772559316164,0.5263255873210665
25699,LOF,0.42806406309317635,0.02572445638173255,0.546211480525091
25700,LOF,0.06342453721246821,0.008962411544230076,0.9276130512433018
25701,LOF,0.23699680255884673,0.026908331410364868,0.7360948660307883
25702,GOF,0.1834044876221996,0.6705879487744608,0.1460075636033395
25703,LOF,0.016542874179870277,0.17930584941957817,0.8041512764005515
25704,LOF,0.0374373396794219,0.13937467215897933,0.8231879881615988
25705,LOF,0.04338661990270978,0.07777274033335331,0.8788406397639369
25706,GOF,0.09714557969693742,0.47978741276217346,0.42306700754088916
25707,LOF,0.09599814996976094,0.398654773206103,0.505347076824136
25708,LOF,0.03490569322615402,0.3936605988717466,0.5714337079020994
25709,LOF,0.07510017161398337,0.032742014436388536,0.8921578139496281
25710,LOF,0.016670602303789535,0.15396276659239055,0.8293666311038199
25711,LOF,0.02150844863707469,0.07806781946352906,0.9004237318993963
25712,LOF,0.01790251644022128,0.20360665260285693,0.7784908309569218
25713,LOF,0.019875206062251724,0.06475129144551559,0.9153735024922326
25714,LOF,0.09032227696274603,0.04965299715689043,0.8600247258803636
25715,LOF,0.012403172770737684,0.10354943857083888,0.8840473886584235
25716,LOF,0.011481611777246267,0.10620626011220408,0.8823121281105497
25717,LOF,0.018786407441281967,0.06854437008704127,0.9126692224716768
25718,LOF,0.012115969141356694,0.04503192688600064,0.9428521039726426
25719,LOF,0.022582840746061834,0.06016056711984144,0.9172565921340968
25720,LOF,0.030716520963024043,0.043345542038236776,0.9259379369987392
25721,LOF,0.012186997840331826,0.05884223035189667,0.9289707718077717
25722,LOF,0.014095505861401255,0.04886421091936269,0.937040283219236
25723,LOF,0.026138042720849696,0.03544722459781939,0.9384147326813309
25724,LOF,0.03313208277904721,0.06706369463675436,0.8998042225841985
25725,LOF,0.011619594350054557,0.06057989537258072,0.9278005102773647
25726,LOF,0.018053784792699354,0.07622376039527283,0.905722454812028
25727,LOF,0.014120983254088384,0.05058331115735773,0.9352957055885539
25728,LOF,0.011477930885359844,0.06365872005927554,0.9248633490553646
25729,LOF,0.011386521372865986,0.06784586700816227,0.9207676116189718
25730,LOF,0.015385363844375083,0.06539150601833008,0.9192231301372948
25731,LOF,0.01893919299390484,0.09520669789264173,0.8858541091134534
25732,LOF,0.014537686004590595,0.04045698775590499,0.9450053262395045
25733,LOF,0.015027910762840976,0.05250054110798134,0.9324715481291777
25734,LOF,0.012833804551572436,0.13016642340649628,0.8569997720419313
25735,LOF,0.011607430233559202,0.05259770134899248,0.9357948684174483
25736,LOF,0.01260604898601182,0.05826366962573462,0.9291302813882535
25737,LOF,0.013343092512142512,0.09913138283205217,0.8875255246558053
25738,LOF,0.013002464654613834,0.09738189366974673,0.8896156416756393
25739,LOF,0.022762754073809996,0.06664723175549858,0.9105900141706915
25740,LOF,0.032768489789948084,0.10545380184081721,0.8617777083692347
25741,LOF,0.016221743191012286,0.09726512462299484,0.8865131321859928
25742,LOF,0.13317404425649504,0.06683035055574199,0.7999956051877629
25743,LOF,0.04583078826596565,0.07387441550697661,0.8802947962270578
25744,Neutral,0.6283098349177471,0.2742685077377535,0.09742165734449948
25745,LOF,0.06424560834444422,0.10554864310219153,0.8302057485533643
25746,LOF,0.0389931133705332,0.1454319180990021,0.8155749685304646
25747,LOF,0.017616647876671547,0.14869282349964816,0.8336905286236802
25748,LOF,0.0968298394030836,0.24739038671179206,0.6557797738851243
25749,LOF,0.02228974784268053,0.12141935936403274,0.8562908927932869
25750,LOF,0.057916186659936274,0.1452842461050575,0.7967995672350063
25751,LOF,0.10178048607710097,0.18733827860396385,0.7108812353189352
25752,GOF,0.11924293326749545,0.6418786213048001,0.2388784454277044
25753,LOF,0.035982956932771926,0.3629030715818117,0.6011139714854163
25754,GOF,0.019994435785278677,0.7839301098591752,0.1960754543555461
25755,LOF,0.031957650956277686,0.34821082517093477,0.6198315238727876
25756,LOF,0.0607984465265618,0.42596432880130264,0.5132372246721356
25757,GOF,0.016652381439381848,0.8615556520469378,0.12179196651368013
25758,GOF,0.02673898160696425,0.7957834454559634,0.17747757293707248
25759,GOF,0.012923088217626172,0.6588687163269658,0.328208195455408
25760,LOF,0.017523763470082106,0.41511970335887777,0.5673565331710401
25761,GOF,0.27473950829034294,0.6364792154820882,0.08878127622756879
25762,LOF,0.04736909504461747,0.3657908970234972,0.5868400079318853
25763,LOF,0.01530046195270112,0.27600900851700594,0.708690529530293
25764,GOF,0.056506076377157426,0.7057920097527443,0.23770191387009842
25765,GOF,0.033763543606196704,0.7645844384563313,0.20165201793747212
25766,GOF,0.08241983879165662,0.7303338633068636,0.18724629790147987
25767,LOF,0.16309005154491066,0.41700981662366676,0.4199001318314226
25768,LOF,0.12839559578087348,0.03823279760220766,0.8333716066169188
25769,LOF,0.050051712757831185,0.057646437902431055,0.8923018493397379
25770,LOF,0.40957302101175486,0.10477339717719786,0.4856535818110473
25771,LOF,0.06786978240959567,0.0527744452495896,0.8793557723408147
25772,LOF,0.019400755649990296,0.044516938910775766,0.9360823054392339
25773,LOF,0.07522100447315902,0.0556836292716455,0.8690953662551956
25774,LOF,0.029079538208895438,0.11565674048861535,0.8552637213024893
25775,LOF,0.08566956278274546,0.04810691449696416,0.8662235227202904
25776,LOF,0.071967183039879,0.02962702875578528,0.8984057882043358
25777,Neutral,0.543805032387615,0.07401762585961782,0.3821773417527672
25778,LOF,0.06544891127131877,0.04557487301392555,0.8889762157147557
25779,GOF,0.42444372856307655,0.5151545894544378,0.06040168198248559
25780,GOF,0.35942665844821825,0.5207708713048326,0.11980247024694919
25781,GOF,0.09313775707972198,0.7384941452986566,0.1683680976216214
25782,GOF,0.15560937549715356,0.7180206685712829,0.12636995593156367
25783,GOF,0.022040384805752735,0.639985370023403,0.3379742451708441
25784,Neutral,0.5317900796235672,0.40393727058939405,0.06427264978703891
25785,Neutral,0.5206191441295029,0.39506039758876477,0.08432045828173221
25786,GOF,0.02975486322833204,0.6592884647665321,0.3109566720051358
25787,Neutral,0.692927439117274,0.2554530981241068,0.05161946275861928
25788,LOF,0.06175001156099731,0.05998278893487604,0.8782671995041267
25789,GOF,0.19526635659400804,0.5916746831857448,0.21305896022024717
25790,GOF,0.24744774590940982,0.60080682854112,0.15174542554947013
25791,GOF,0.12363224773680151,0.5929619927834764,0.28340575947972213
25792,GOF,0.31907154830486933,0.4602920258799932,0.2206364258151374
25793,GOF,0.2506860311405348,0.4379053870720324,0.31140858178743275
25794,GOF,0.3414827198011989,0.373695580684066,0.2848216995147351
25795,GOF,0.059115980676646786,0.6297317652871132,0.3111522540362401
25796,Neutral,0.5188523382318178,0.3617471762063695,0.11940048556181275
25797,GOF,0.07997274237475832,0.4763134658973817,0.4437137917278599
25798,LOF,0.010149669373677325,0.47602264386620474,0.5138276867601179
25799,LOF,0.008625760264012038,0.4191123347007391,0.5722619050352488
25800,GOF,0.035959321216422126,0.5640866039853519,0.3999540747982259
25801,GOF,0.2507647775257879,0.5684884087919351,0.18074681368227696
25802,GOF,0.07704884271784596,0.5578272156778646,0.3651239416042895
25803,LOF,0.04193792186560265,0.47079666612641496,0.48726541200798246
25804,LOF,0.036031397212355314,0.4127390407733269,0.5512295620143178
25805,GOF,0.08161153020122758,0.49059128660531987,0.42779718319345245
25806,GOF,0.12544272594463554,0.5044681295669707,0.37008914448839375
25807,GOF,0.02103391601807872,0.5320271210980915,0.44693896288382984
25808,GOF,0.08451553334163538,0.47032837075385536,0.44515609590450933
25809,GOF,0.020469784076501372,0.5224186998471286,0.45711151607636996
25810,GOF,0.022123025373137158,0.5205481100547815,0.45732886457208144
25811,Neutral,0.48750214581959433,0.42550590417769096,0.08699195000271474
25812,GOF,0.03544844685994538,0.5378139277753928,0.4267376253646618
25813,Neutral,0.5847741266290046,0.2637299840456221,0.15149588932537333
25814,GOF,0.12261050929049042,0.5547448656296293,0.3226446250798802
25815,GOF,0.267978442219992,0.4997768125624957,0.23224474521751237
25816,GOF,0.02211250004102024,0.6338420041443392,0.34404549581464056
25817,GOF,0.18367940444588146,0.6640846336584186,0.1522359618956999
25818,GOF,0.035547543295734556,0.5054333661754273,0.4590190905288381
25819,GOF,0.35463610016539093,0.4210889509469981,0.22427494888761096
25820,GOF,0.17945120763318043,0.5271191348334135,0.293429657533406
25821,GOF,0.059055568014833935,0.6015509605605885,0.3393934714245775
25822,GOF,0.25535560477018837,0.44067073508912014,0.3039736601406915
25823,LOF,0.03457608023725562,0.4177924904083354,0.547631429354409
25824,LOF,0.07676940367695759,0.454417094888582,0.4688135014344605
25825,LOF,0.029368182544910422,0.464061710472731,0.5065701069823586
25826,LOF,0.011117144339096857,0.4497726366695156,0.5391102189913876
25827,GOF,0.018238833054486855,0.5230386190463667,0.45872254789914646
25828,LOF,0.013228901414958196,0.43700620195741663,0.5497648966276252
25829,GOF,0.008094511354282909,0.5095760088549258,0.48232947979079127
25830,LOF,0.03953484652042377,0.21676704165839022,0.7436981118211861
25831,GOF,0.13294865550564108,0.6876741533838662,0.17937719111049275
25832,GOF,0.03352174521460815,0.6077814716508833,0.35869678313450865
25833,GOF,0.1059010897569056,0.6034889831441053,0.29060992709898903
25834,GOF,0.040967117024113334,0.597290201034149,0.3617426819417377
25835,GOF,0.09729306427806045,0.5360215733540895,0.36668536236785
25836,GOF,0.048114732636739856,0.568293741825089,0.3835915255381712
25837,LOF,0.02470459867941474,0.46429923716765253,0.5109961641529328
25838,GOF,0.09060787374534907,0.6351995810857533,0.27419254516889774
25839,GOF,0.2696048659445778,0.49403296945531483,0.23636216460010726
25840,GOF,0.20631220537316214,0.5072343372540982,0.28645345737273975
25841,GOF,0.25778718895067987,0.49101215609561694,0.25120065495370314
25842,GOF,0.14903666619965594,0.5749924572002864,0.27597087660005776
25843,GOF,0.20401216503082797,0.5925258450979227,0.20346198987124917
25844,GOF,0.059834107905564884,0.5782135455967783,0.3619523464976569
25845,LOF,0.014616510076603468,0.43536594890118396,0.5500175410222126
25846,GOF,0.08694632456936152,0.6733503726279573,0.23970330280268123
25847,GOF,0.12102849641598365,0.6640792947568037,0.21489220882721258
25848,GOF,0.03783355575762293,0.5984345254097144,0.3637319188326627
25849,GOF,0.012328674298223785,0.506190419138738,0.4814809065630384
25850,GOF,0.027908839387463247,0.5239412786384173,0.44814988197411953
25851,LOF,0.02194784324469866,0.4406464419212324,0.5374057148340688
25852,GOF,0.13049384002716094,0.5239575628047053,0.34554859716813374
25853,GOF,0.33430823595874637,0.5320691090249194,0.13362265501633425
25854,GOF,0.01932130283422179,0.6202852625025129,0.36039343466326523
25855,GOF,0.04504820463026864,0.5543928393896865,0.4005589559800448
25856,GOF,0.2691758178237571,0.482479597964426,0.24834458421181702
25857,GOF,0.03976609736600111,0.48323411671951166,0.47699978591448716
25858,GOF,0.0206059448006576,0.5559538105690901,0.4234402446302523
25859,GOF,0.011091029406179082,0.550874329625846,0.4380346409679748
25860,GOF,0.3383782100620174,0.5140077874977037,0.1476140024402789
25861,GOF,0.3447506592031625,0.5427432272684232,0.11250611352841439
25862,GOF,0.06747428280397996,0.7375687304372064,0.19495698675881376
25863,GOF,0.07345082465347845,0.7516631115748527,0.17488606377166885
25864,GOF,0.1421130778075703,0.7480544460998231,0.10983247609260675
25865,GOF,0.07271476396671449,0.7575363338486476,0.16974890218463778
25866,GOF,0.0597016944560595,0.7793724361555926,0.160925869388348
25867,GOF,0.07477295277513808,0.7671795394232178,0.15804750780164406
25868,GOF,0.250679582002838,0.5877462994395941,0.1615741185575677
25869,Neutral,0.6661871460633267,0.272399289400639,0.06141356453603434
25870,LOF,0.25084752317740705,0.19192452829317388,0.557227948529419
25871,GOF,0.2347442136784109,0.571776411004719,0.19347937531687015
25872,GOF,0.09206531958245939,0.5661688841025048,0.34176579631503595
25873,GOF,0.17972018549080762,0.5256482665875277,0.2946315479216646
25874,LOF,0.024246396507451768,0.06685385383576414,0.9088997496567842
25875,LOF,0.07392150099657063,0.06925462389168473,0.8568238751117446
25876,LOF,0.028223754807363503,0.062434882663241126,0.9093413625293955
25877,Neutral,0.5232985598142716,0.05844518291398438,0.41825625727174404
25878,LOF,0.24940983217232499,0.11337464815426197,0.6372155196734131
25879,LOF,0.12925178794934114,0.12392305736137203,0.7468251546892868
25880,LOF,0.02287242948614527,0.024129927374511383,0.9529976431393432
25881,LOF,0.1837911649446429,0.26151415344660595,0.5546946816087511
25882,LOF,0.08079867376975511,0.02171027320066362,0.8974910530295812
25883,LOF,0.08355874241790917,0.04729031240334272,0.8691509451787481
25884,LOF,0.04416063952351535,0.05133975627056375,0.904499604205921
25885,LOF,0.05745599583719552,0.029354402257587522,0.913189601905217
25886,LOF,0.36222366411674606,0.10966094682057255,0.5281153890626814
25887,LOF,0.18730561517799596,0.19476273870331087,0.6179316461186931
25888,LOF,0.07238764953166811,0.1324061978459943,0.7952061526223376
25889,LOF,0.037914430089563377,0.05725324008099722,0.9048323298294394
25890,LOF,0.05941823800225719,0.14022613826133382,0.800355623736409
25891,LOF,0.06564397935604697,0.050037802675171376,0.8843182179687816
25892,LOF,0.10541396485538045,0.02496160075419161,0.869624434390428
25893,LOF,0.3279483845127348,0.015608139375067843,0.6564434761121973
25894,LOF,0.17627758434248422,0.009027330476218431,0.8146950851812973
25895,LOF,0.20962255486676398,0.020558827298325925,0.7698186178349101
25896,LOF,0.04636342817983498,0.02139538234621875,0.9322411894739462
25897,LOF,0.2505491350986117,0.01603982599960293,0.7334110389017853
25898,Neutral,0.762482671796846,0.011355688597453612,0.22616163960570024
25899,LOF,0.2891107574177938,0.04945151417908408,0.6614377284031222
25900,Neutral,0.6164553391036833,0.014581472665023213,0.3689631882312935
25901,LOF,0.05590453777308285,0.01313761337993696,0.9309578488469801
25902,LOF,0.1781429763261717,0.011569638125739204,0.8102873855480891
25903,Neutral,0.6228540037668872,0.03203789953741822,0.34510809669569464
25904,LOF,0.27977656658739236,0.04811428590889151,0.6721091475037161
25905,LOF,0.03555456655710019,0.3020937505156396,0.6623516829272602
25906,LOF,0.025901796950054037,0.08403982212041305,0.8900583809295329
25907,LOF,0.01457765260809409,0.3323363729451683,0.6530859744467377
25908,LOF,0.014666344229412983,0.23669004910197283,0.7486436066686142
25909,LOF,0.016035548431398778,0.17062974926389157,0.8133347023047096
25910,LOF,0.04105388539804126,0.19410823411377692,0.7648378804881817
25911,LOF,0.07900260107051141,0.04793314448825862,0.87306425444123
25912,LOF,0.038625385294100686,0.08552015253633655,0.8758544621695628
25913,LOF,0.2703004194176715,0.040132147421485756,0.6895674331608427
25914,LOF,0.02515161816549469,0.1480079335905007,0.8268404482440046
25915,Neutral,0.4042022102318944,0.2773287816904878,0.3184690080776179
25916,LOF,0.05023135818190644,0.32169193361519066,0.628076708202903
25917,LOF,0.05178906292793478,0.06664003880167996,0.8815708982703853
25918,LOF,0.0365778976501393,0.08550388018346203,0.8779182221663987
25919,LOF,0.03122687268564218,0.0855084489407903,0.8832646783735675
25920,GOF,0.13120433097080214,0.4858311754558272,0.3829644935733707
25921,LOF,0.03580501736988075,0.03639104588630927,0.92780393674381
25922,LOF,0.05461111369287413,0.021852255200846035,0.9235366311062799
25923,LOF,0.42061579328839777,0.022771791419870995,0.5566124152917312
25924,LOF,0.03835843098734529,0.027387942123924196,0.9342536268887305
25925,LOF,0.08097314458298945,0.038257696772165825,0.8807691586448447
25926,LOF,0.061378963432677715,0.021650376274093375,0.9169706602932288
25927,LOF,0.07416694560672728,0.0514487029397764,0.8743843514534964
25928,LOF,0.02665968137606852,0.024511127115593896,0.9488291915083377
25929,Neutral,0.5603729892200153,0.026312253128678537,0.4133147576513061
25930,LOF,0.07122869436447543,0.017971127946441966,0.9108001776890827
25931,LOF,0.03478101746564444,0.01945526844207715,0.9457637140922784
25932,LOF,0.030917067016351888,0.016717851865189575,0.9523650811184586
25933,LOF,0.039314234905491546,0.01069287203771399,0.9499928930567946
25934,LOF,0.026187783214557028,0.013035899342155979,0.960776317443287
25935,LOF,0.082107422081286,0.03304487644200892,0.8848477014767051
25936,LOF,0.04676492046262481,0.017295172454910114,0.935939907082465
25937,LOF,0.03876080723946063,0.022676203052032634,0.9385629897085067
25938,LOF,0.08112018448425479,0.0397745387360831,0.8791052767796621
25939,LOF,0.04528363271476942,0.010739387426134662,0.943976979859096
25940,LOF,0.026844875110038514,0.41645880043785133,0.55669632445211
25941,LOF,0.14080336708686378,0.11896020051447127,0.740236432398665
25942,LOF,0.013549467985184336,0.04673655254171209,0.9397139794731036
25943,LOF,0.2983652861797319,0.11170357078432835,0.5899311430359397
25944,Neutral,0.47533337143529486,0.07132510323339605,0.45334152533130906
25945,LOF,0.0679716672647803,0.0321140108862334,0.8999143218489862
25946,LOF,0.032566255486919354,0.1887383156665676,0.778695428846513
25947,LOF,0.13456405418629408,0.15104030753422998,0.714395638279476
25948,LOF,0.392388270075127,0.01805665736863688,0.5895550725562362
25949,LOF,0.09457804262582685,0.060427865602412305,0.8449940917717609
25950,GOF,0.1918704858138107,0.4212453765195382,0.38688413766665114
25951,LOF,0.23577989137116964,0.19236210024320005,0.5718580083856303
25952,LOF,0.05766333231944734,0.40035806992356,0.5419785977569926
25953,LOF,0.13058573621117275,0.10522178814052296,0.7641924756483042
25954,LOF,0.31482471862723455,0.23797401516919262,0.4472012662035729
25955,LOF,0.05759367179335882,0.08852425084556842,0.8538820773610727
25956,LOF,0.21420271034386354,0.06436436332445437,0.721432926331682
25957,LOF,0.04532191008725873,0.026989535088796816,0.9276885548239444
25958,LOF,0.0564563887195159,0.034696154538956754,0.9088474567415273
25959,LOF,0.06798721305593915,0.4419599738685515,0.49005281307550924
25960,LOF,0.02125948931878798,0.06545403724043478,0.9132864734407773
25961,LOF,0.04737996061467801,0.04597513966332082,0.9066448997220012
25962,LOF,0.07148259174665512,0.03293928495312488,0.89557812330022
25963,LOF,0.06839974579855782,0.17357893820465084,0.7580213159967913
25964,LOF,0.042117764354754256,0.1517851387015062,0.8060970969437395
25965,Neutral,0.47358606472618664,0.06583475108377795,0.46057918419003535
25966,LOF,0.32885391210905185,0.333848040391511,0.33729804749943726
25967,LOF,0.014874371503707396,0.111474501517797,0.8736511269784957
25968,LOF,0.04969208687152393,0.3922702971334121,0.5580376159950641
25969,LOF,0.029865268720086883,0.05975348910564106,0.9103812421742721
25970,LOF,0.06568558139782327,0.06525285033835217,0.8690615682638245
25971,LOF,0.08552607074919955,0.03153002359930285,0.8829439056514975
25972,LOF,0.08430043292087389,0.035178447377448706,0.8805211197016775
25973,LOF,0.09441076874929963,0.009559171633950665,0.8960300596167498
25974,LOF,0.2921116830459472,0.01747620187443979,0.690412115079613
25975,LOF,0.053683683343407736,0.02895680526693594,0.9173595113896563
25976,LOF,0.0391360460555366,0.021039201429058484,0.939824752515405
25977,LOF,0.13511476171217493,0.12428099652779673,0.7406042417600284
25978,LOF,0.1328514388419397,0.13121407090188075,0.7359344902561795
25979,LOF,0.1277818911998162,0.119026124363063,0.7531919844371208
25980,LOF,0.15013891699269744,0.19251061859545732,0.6573504644118453
25981,LOF,0.18252379384982986,0.1862340023300343,0.6312422038201357
25982,LOF,0.3905534107392938,0.11502425359063242,0.4944223356700738
25983,LOF,0.3805803595878316,0.11141788680444152,0.5080017536077268
25984,LOF,0.052708851619919846,0.1138270427228778,0.8334641056572024
25985,LOF,0.01923489527883752,0.3515002958486869,0.6292648088724755
25986,LOF,0.024111875905013208,0.3410079796811847,0.6348801444138021
25987,LOF,0.08001638682066448,0.12806600936492463,0.7919176038144109
25988,LOF,0.1127133620124997,0.09119654223164797,0.7960900957558523
25989,LOF,0.02493099506511892,0.15626519044289297,0.818803814491988
25990,LOF,0.033853232287375655,0.14035592587072587,0.8257908418418985
25991,GOF,0.15772017702496224,0.43533572666777176,0.406944096307266
25992,LOF,0.32391476076047665,0.302657291034773,0.37342794820475034
25993,LOF,0.026433585872968818,0.1057472829950099,0.8678191311320212
25994,LOF,0.017437336572590008,0.13002889738427614,0.8525337660431339
25995,LOF,0.02949262136335146,0.16526594452058183,0.8052414341160667
25996,GOF,0.18813546361343483,0.5629468910911505,0.24891764529541474
25997,GOF,0.06694999469023827,0.523104462378486,0.40994554293127583
25998,Neutral,0.6580683812722993,0.02291520425525485,0.31901641447244583
25999,LOF,0.14533805352002602,0.12306672920655291,0.7315952172734211
26000,LOF,0.10432503418924856,0.03289251075937434,0.8627824550513772
26001,LOF,0.20045455604340676,0.03324866177888715,0.7662967821777061
26002,LOF,0.14024758373061955,0.03681130779121836,0.822941108478162
26003,GOF,0.01028754059054294,0.7044748554820306,0.2852376039274265
26004,GOF,0.021217646576033325,0.7165519746450756,0.26223037877889105
26005,GOF,0.012158633700821535,0.5897523238121619,0.3980890424870167
26006,Neutral,0.5158816888276412,0.31187921661417073,0.1722390945581881
26007,GOF,0.019303458683600134,0.6549028718064633,0.32579366950993655
26008,GOF,0.021993926822152916,0.6275654293537991,0.3504406438240478
26009,GOF,0.03188253098574114,0.6960190471790526,0.2720984218352061
26010,GOF,0.02234541475468036,0.7640257567341803,0.21362882851113932
26011,GOF,0.01061192497838633,0.5843022031197707,0.4050858719018432
26012,GOF,0.018247077525128573,0.649496516869083,0.3322564056057885
26013,GOF,0.015638780866616544,0.7493984521966507,0.23496276693673274
26014,LOF,0.044246376476854275,0.18420845005774658,0.7715451734653991
26015,LOF,0.15269614848397953,0.008849584901289403,0.8384542666147311
26016,LOF,0.2633109680045027,0.03971531255648765,0.6969737194390097
26017,LOF,0.18317388125746015,0.07157271947618496,0.7452533992663548
26018,LOF,0.08004832412313084,0.025340157135235818,0.8946115187416334
26019,LOF,0.08141588480190755,0.01926729211510902,0.8993168230829836
26020,LOF,0.06021534422999786,0.09165177489580745,0.8481328808741948
26021,LOF,0.05918289342850881,0.11656743832068388,0.8242496682508073
26022,LOF,0.010282982885122107,0.05334287877991027,0.9363741383349676
26023,LOF,0.09877984079202454,0.017361868294464174,0.8838582909135114
26024,LOF,0.028035954886552684,0.0923518851011711,0.8796121600122763
26025,LOF,0.14520934164165322,0.08021237103288344,0.7745782873254633
26026,LOF,0.312577490261073,0.01100416548250077,0.6764183442564262
26027,LOF,0.0780196662307669,0.013703663915995888,0.9082766698532371
26028,LOF,0.18283559677856026,0.09867939959550918,0.7184850036259306
26029,LOF,0.12298392686210619,0.16097834903566113,0.7160377241022328
26030,LOF,0.03443142881922381,0.07038463580130792,0.8951839353794683
26031,LOF,0.04377308436768481,0.14077127821391602,0.8154556374183991
26032,LOF,0.08913618559488233,0.05443560676468727,0.8564282076404304
26033,LOF,0.14150154005109972,0.06119840319666806,0.7973000567522321
26034,LOF,0.06573201830318003,0.13151697191382564,0.8027510097829943
26035,LOF,0.045306668871684004,0.11329662205533801,0.8413967090729779
26036,LOF,0.07018473452525995,0.1386885396980416,0.7911267257766985
26037,LOF,0.036196528320863695,0.10399913788689014,0.8598043337922461
26038,LOF,0.08380552201782591,0.050671200288041486,0.8655232776941325
26039,LOF,0.0918664967887113,0.12019647732415127,0.7879370258871374
26040,LOF,0.2508198794276023,0.09345770545263567,0.655722415119762
26041,LOF,0.03674002369753513,0.10236958785333583,0.8608903884491289
26042,LOF,0.03708964771337938,0.10164878934161527,0.8612615629450053
26043,LOF,0.08139129550734828,0.06587743549389899,0.8527312689987527
26044,LOF,0.0353185290411714,0.07545969774585623,0.8892217732129724
26045,LOF,0.11819733154874781,0.0850010361178158,0.7968016323334364
26046,LOF,0.08748209363083519,0.06861601676110958,0.8439018896080553
26047,LOF,0.12112353214705061,0.07774471169500051,0.8011317561579488
26048,LOF,0.0638083130739437,0.053532702754215934,0.8826589841718404
26049,Neutral,0.9495963471576323,0.010333583564358432,0.04007006927800921
26050,Neutral,0.9344592001763657,0.011715407443694198,0.053825392379940044
26051,LOF,0.05607501126152301,0.4350162957657773,0.5089086929726996
26052,GOF,0.060366590148389,0.4929552206792399,0.44667818917237095
26053,LOF,0.06469718199677858,0.3076917465356157,0.6276110714676058
26054,LOF,0.05866591855350601,0.05461369877585913,0.8867203826706348
26055,LOF,0.06859362369066974,0.045336363663627574,0.8860700126457027
26056,LOF,0.06197442024618469,0.05373382751174118,0.8842917522420741
26057,LOF,0.03181919445169515,0.022560004669594246,0.9456208008787106
26058,LOF,0.03195728037427311,0.020199709884043966,0.947843009741683
26059,LOF,0.356239517801745,0.061749048666876326,0.5820114335313786
26060,LOF,0.024818245996148545,0.3466033826974706,0.6285783713063808
26061,LOF,0.018047061012114472,0.029424369271382207,0.9525285697165035
26062,LOF,0.0128141057551714,0.041107951920636064,0.9460779423241926
26063,LOF,0.023721445643644503,0.02174394590089267,0.9545346084554629
26064,LOF,0.022012643110093922,0.027227350232654397,0.9507600066572518
26065,LOF,0.028154999763915584,0.024673472059739056,0.9471715281763453
26066,LOF,0.02112428033572869,0.02543902224505509,0.9534366974192161
26067,LOF,0.024816769873644926,0.019629494007006087,0.9555537361193489
26068,LOF,0.057690806507046985,0.05696823999823689,0.8853409534947161
26069,LOF,0.4478716511982219,0.04048187319558231,0.5116464756061957
26070,Neutral,0.6384460962246123,0.01820812486864047,0.34334577890674706
26071,LOF,0.023966151547761196,0.027361229751555565,0.9486726187006833
26072,LOF,0.026295027360283555,0.04089788400749931,0.9328070886322172
26073,LOF,0.02652770786671075,0.020704164065568156,0.9527681280677212
26074,Neutral,0.8904218689337678,0.008619743598082244,0.10095838746814999
26075,LOF,0.045008652402343585,0.034522797984312244,0.9204685496133441
26076,LOF,0.044404800655116,0.017994339776914284,0.9376008595679698
26077,LOF,0.00996074609794263,0.04699828118161519,0.9430409727204422
26078,LOF,0.013696428852486495,0.028781124042398108,0.9575224471051155
26079,LOF,0.058494817008482504,0.03370315804422421,0.9078020249472932
26080,LOF,0.058494817008482504,0.03370315804422421,0.9078020249472932
26081,LOF,0.035235236329939704,0.014509163271556288,0.9502556003985041
26082,LOF,0.021181547765875417,0.035600983813407316,0.9432174684207173
26083,LOF,0.15051332886381114,0.02391117930696995,0.825575491829219
26084,LOF,0.028588137921091286,0.031763732447475206,0.9396481296314336
26085,LOF,0.0245702539599889,0.02885364872853181,0.9465760973114793
26086,LOF,0.02355450882516933,0.026191861743989128,0.9502536294308415
26087,LOF,0.025849300473577162,0.018689525151251045,0.9554611743751718
26088,LOF,0.023750658041964814,0.039711123477152895,0.9365382184808823
26089,LOF,0.05054945803606039,0.043747843043526406,0.9057026989204132
26090,LOF,0.04684832699838519,0.03521480994158819,0.9179368630600265
26091,LOF,0.04022628712445283,0.013202604688105347,0.9465711081874418
26092,LOF,0.029480726933652623,0.019147659675779704,0.9513716133905676
26093,LOF,0.04186336893428852,0.013437525897468498,0.9446991051682428
26094,LOF,0.048758612239582666,0.01243456183348377,0.9388068259269337
26095,LOF,0.03777718492209601,0.030790665484541763,0.9314321495933623
26096,LOF,0.018630025486814555,0.02765600045340743,0.9537139740597781
26097,LOF,0.010961132853953094,0.09460268953533181,0.8944361776107151
26098,LOF,0.06312689389605958,0.03613845116583606,0.9007346549381043
26099,LOF,0.0254833619595349,0.03273200380915206,0.9417846342313131
26100,LOF,0.02646752393096799,0.030094994216758306,0.9434374818522737
26101,LOF,0.06536376260755294,0.027404992972227298,0.9072312444202197
26102,LOF,0.02808762713437957,0.02489090376696549,0.947021469098655
26103,Neutral,0.8902874538486153,0.03830241702075935,0.07141012913062535
26104,LOF,0.05698498888742415,0.07007002399373628,0.8729449871188396
26105,LOF,0.24827435926579558,0.2706360774463755,0.4810895632878288
26106,LOF,0.16745169118265868,0.1535821882837373,0.678966120533604
26107,LOF,0.24238906916753541,0.13538002798853557,0.622230902843929
26108,LOF,0.22871439700237747,0.1988523278761981,0.5724332751214244
26109,LOF,0.05296986291585843,0.17631524102901494,0.7707148960551266
26110,LOF,0.2526528236335467,0.01215784775085533,0.735189328615598
26111,Neutral,0.4899576681624187,0.024158554024569887,0.4858837778130115
26112,LOF,0.0390218885823785,0.014617045377787567,0.9463610660398338
26113,LOF,0.055721347256981905,0.02535195543341308,0.9189266973096051
26114,LOF,0.022316645563579166,0.022559211017369955,0.9551241434190509
26115,LOF,0.09408976444330097,0.032726341588914215,0.8731838939677847
26116,LOF,0.05176758299148765,0.04424901152658286,0.9039834054819295
26117,LOF,0.3088517816496445,0.09196677945141413,0.5991814388989414
26118,LOF,0.03977137732931883,0.048384139964270205,0.9118444827064109
26119,LOF,0.021729195292598407,0.06042891825210457,0.9178418864552971
26120,LOF,0.028330252831915807,0.03697324996692863,0.9346964972011557
26121,LOF,0.053624465076071444,0.11474148197431887,0.8316340529496097
26122,LOF,0.05994816909488524,0.05106683104549997,0.8889849998596147
