feature0,prediction,LoGoFunc_Neutral,LoGoFunc_GOF,LoGoFunc_LOF
25546,Neutral,0.6523528501657713,0.05972776046361412,0.2879193893706146
25547,Neutral,0.5015915230028339,0.10591027931721424,0.3924981976799518
25548,Neutral,0.4972969706248651,0.09128857020943289,0.411414459165702
25549,LOF,0.43563314694312644,0.0912142930354331,0.4731525600214405
25550,LOF,0.33852255561134575,0.12886844611715229,0.532608998271502
25551,LOF,0.3047431089967257,0.13636824549496598,0.5588886455083084
25552,LOF,0.2586154700199781,0.13188160095052867,0.6095029290294932
25553,Neutral,0.8212574204752408,0.04414658105675264,0.13459599846800657
25554,LOF,0.30291578136882186,0.11987445245589327,0.5772097661752849
25555,LOF,0.2547204328399212,0.11615495301805655,0.6291246141420223
25556,Neutral,0.4585451572442846,0.10445673657842504,0.43699810617729035
25557,LOF,0.24571665489143774,0.12260529095696746,0.6316780541515948
25558,LOF,0.31169061395422676,0.11763243998981578,0.5706769460559575
25559,LOF,0.1718514874295459,0.15694083711237697,0.6712076754580771
25560,LOF,0.15851874076114217,0.09627185728387465,0.7452094019549832
25561,LOF,0.15507010499914495,0.10482921483636537,0.7401006801644897
25562,LOF,0.0742152176077824,0.06594040099286293,0.8598443813993546
25563,LOF,0.02095178023885522,0.12708492150242773,0.8519632982587171
25564,LOF,0.2316159660501689,0.11663992396968943,0.6517441099801417
25565,LOF,0.2116042182983562,0.14288305078663419,0.6455127309150095
25566,GOF,0.09551156760590036,0.7126701492165403,0.1918182831775593
25567,LOF,0.03828328410480653,0.11494968488526838,0.8467670310099251
25568,LOF,0.06101422994623887,0.06327847835248972,0.8757072917012714
25569,LOF,0.06089249853910911,0.06425196031016048,0.8748555411507305
25570,LOF,0.028635496408125106,0.09134133127356629,0.8800231723183086
25571,LOF,0.02817807907396524,0.09608392109929144,0.8757379998267434
25572,LOF,0.060018799869432475,0.10714112656940487,0.8328400735611626
25573,LOF,0.057598169879821005,0.07959317699652455,0.8628086531236544
25574,LOF,0.05036271045229344,0.178650277940191,0.7709870116075155
25575,LOF,0.02317869358982036,0.10302298725939721,0.8737983191507825
25576,LOF,0.03122644966407963,0.1366587386401719,0.8321148116957485
25577,LOF,0.029429817802553913,0.10418548064186448,0.8663847015555817
25578,LOF,0.298404848806795,0.07539161270921256,0.6262035384839925
25579,LOF,0.13626344751430758,0.08050691306935401,0.7832296394163384
25580,LOF,0.02012289526757193,0.07203844459366039,0.9078386601387677
25581,LOF,0.05686091028431682,0.06010013191683217,0.8830389577988511
25582,LOF,0.056541187601650174,0.058132519066658755,0.8853262933316911
25583,LOF,0.020777544619189302,0.07583259633471622,0.9033898590460944
25584,Neutral,0.6663846638682841,0.0986937946451857,0.2349215414865301
25585,LOF,0.028684104079641455,0.11098652084839325,0.8603293750719653
25586,LOF,0.018253382451247618,0.05977576246674852,0.9219708550820038
25587,LOF,0.01758033156504585,0.0554828113277417,0.9269368571072125
25588,LOF,0.02085547769424594,0.06488816422450781,0.9142563580812464
25589,Neutral,0.5105727080767518,0.18344635981306015,0.305980932110188
25590,LOF,0.04741874737950785,0.09756783721990198,0.8550134154005902
25591,LOF,0.09811293916036316,0.050330322066328564,0.8515567387733083
25592,LOF,0.05501755677748819,0.11713928149711447,0.8278431617253973
25593,LOF,0.13488025371151355,0.22346843923022733,0.6416513070582591
25594,LOF,0.05409693421102164,0.10407284294034039,0.8418302228486378
25595,LOF,0.04970666898244379,0.07690441438884826,0.8733889166287079
25596,LOF,0.1148772924533716,0.04784112454205907,0.8372815830045693
25597,LOF,0.084301163948834,0.05206358069879341,0.8636352553523727
25598,LOF,0.053206858524214945,0.0754819374193761,0.8713112040564089
25599,GOF,0.021784607799422165,0.5191860396072352,0.45902935259334254
25600,GOF,0.1706099979161825,0.5126861548549365,0.31670384722888106
25601,LOF,0.03625043670395196,0.40471699154359214,0.5590325717524559
25602,LOF,0.030904677984581897,0.07542209310061986,0.8936732289147983
25603,LOF,0.028607392098938464,0.03809658915067068,0.9332960187503909
25604,LOF,0.030887694324143407,0.07893477587197412,0.8901775298038824
25605,LOF,0.033501641382291246,0.20485072283113934,0.7616476357865694
25606,LOF,0.4088251179409395,0.12702899091984396,0.4641458911392165
25607,LOF,0.022308622194973926,0.20316886711727958,0.7745225106877466
25608,LOF,0.03115660616050813,0.06491304787122223,0.9039303459682696
25609,GOF,0.1453395205068432,0.5110350672452225,0.3436254122479343
25610,LOF,0.015109964085668197,0.03005194712463733,0.9548380887896945
25611,LOF,0.01280303195984492,0.03370895221981359,0.9534880158203415
25612,LOF,0.04992563341147458,0.04467431167820058,0.9054000549103249
25613,LOF,0.04740351521238155,0.04491767212539456,0.9076788126622238
25614,LOF,0.020705907212349422,0.028021923291739463,0.951272169495911
25615,LOF,0.04576934203538871,0.0398642796677024,0.914366378296909
25616,LOF,0.044429851998911925,0.03233593070195986,0.9232342172991282
25617,LOF,0.04034136618293334,0.04163208663645245,0.9180265471806142
25618,LOF,0.04785821101523035,0.04037267628470671,0.9117691127000629
25619,LOF,0.012924961993422926,0.034470404085704405,0.9526046339208726
25620,LOF,0.06025517631602714,0.04797823141897079,0.8917665922650021
25621,LOF,0.052535774951936426,0.03892480653755687,0.9085394185105068
25622,LOF,0.061211259097376916,0.0345482286144687,0.9042405122881544
25623,LOF,0.06736437206864804,0.030191157401642597,0.9024444705297094
25624,LOF,0.01785649095437358,0.03602388040231418,0.9461196286433122
25625,LOF,0.06366963380569492,0.040197823546353234,0.896132542647952
25626,LOF,0.04798845705119749,0.04196613563697325,0.9100454073118293
25627,Neutral,0.8901711881073212,0.02240081945426982,0.08742799243840893
25628,LOF,0.11914425569904565,0.0686862594006855,0.812169484900269
25629,LOF,0.0613328429498307,0.04793523462305174,0.8907319224271176
25630,LOF,0.2807853567990253,0.08516176974660772,0.6340528734543671
25631,Neutral,0.5587015578264534,0.06703957040461653,0.3742588717689301
25632,LOF,0.026792822129478894,0.06151363377506164,0.9116935440954593
25633,LOF,0.19737764220636686,0.03452414786889847,0.7680982099247348
25634,LOF,0.033486622327214,0.0799460938514655,0.8865672838213204
25635,LOF,0.03742225166688728,0.04152161243062963,0.921056135902483
25636,GOF,0.03516534090145356,0.48759814193181183,0.47723651716673454
25637,GOF,0.063172551706924,0.5176059747086788,0.4192214735843973
25638,LOF,0.03418777831669948,0.3433753348117056,0.6224368868715949
25639,LOF,0.03025680327022842,0.379200779764337,0.5905424169654346
25640,Neutral,0.8015318518422238,0.15203628519136334,0.04643186296641309
25641,LOF,0.06403441362949404,0.43226913168609377,0.5036964546844123
25642,LOF,0.04502113931137869,0.13929338667603267,0.8156854740125886
25643,LOF,0.20945699867494827,0.17273892527334073,0.617804076051711
25644,LOF,0.022160610074443643,0.4882573607820701,0.4895820291434863
25645,LOF,0.02451314465559801,0.4138964756525936,0.5615903796918084
25646,LOF,0.0566211855123222,0.34883063595574376,0.594548178531934
25647,LOF,0.024647152926782236,0.2721224435366779,0.7032304035365399
25648,LOF,0.032306010859563646,0.23975739849312924,0.7279365906473072
25649,LOF,0.016349976229753788,0.23890055520171563,0.7447494685685306
25650,LOF,0.048608985028426546,0.4335241810901759,0.5178668338813975
25651,LOF,0.01696990401975573,0.27186401674986505,0.7111660792303792
25652,LOF,0.03293981961884315,0.2617805730320542,0.7052796073491026
25653,LOF,0.07855171593039158,0.419478098957102,0.5019701851125065
25654,LOF,0.023549189871931716,0.2090887138663341,0.7673620962617341
25655,GOF,0.21107082887175332,0.4104896505485643,0.37843952057968244
25656,LOF,0.2540326804416968,0.05315466783688162,0.6928126517214215
25657,LOF,0.06832083125099585,0.0582773538879416,0.8734018148610625
25658,LOF,0.3901511952181652,0.049747613919400954,0.5601011908624337
25659,Neutral,0.5315764554242779,0.0707686145239953,0.3976549300517267
25660,LOF,0.02225647999508164,0.09049886461032651,0.8872446553945919
25661,LOF,0.09641464931805807,0.06339152342931158,0.8401938272526304
25662,LOF,0.03219459778407855,0.03370256773565972,0.9341028344802617
25663,LOF,0.039366870286486826,0.04909832679314833,0.9115348029203648
25664,LOF,0.14268006900209224,0.05809533808320454,0.7992245929147033
25665,LOF,0.05659718682409334,0.02968127381866816,0.9137215393572385
25666,LOF,0.08895073227724619,0.07399340146991983,0.837055866252834
25667,LOF,0.06469993981715179,0.04018599773008462,0.8951140624527636
25668,LOF,0.034656246854426705,0.05389976481821986,0.9114439883273535
25669,LOF,0.031717045059129756,0.053870761944654774,0.9144121929962155
25670,LOF,0.14006084863415363,0.05127572153916227,0.8086634298266842
25671,LOF,0.0951568562853423,0.03485504162283923,0.8699881020918185
25672,LOF,0.05303296548837868,0.042186784008419125,0.9047802505032021
25673,LOF,0.08618417521348103,0.045577957038698484,0.8682378677478205
25674,LOF,0.07452750889418663,0.05584267958455412,0.8696298115212593
25675,LOF,0.11468447204526948,0.05526053028799109,0.8300549976667394
25676,LOF,0.017667757373682782,0.05277997606080942,0.9295522665655077
25677,LOF,0.026295954342606426,0.0711349349600292,0.9025691106973645
25678,LOF,0.1915457041308877,0.062016125835512956,0.7464381700335995
25679,LOF,0.13403097890750684,0.08153067489799515,0.7844383461944979
25680,LOF,0.03272410554938551,0.11252963414155442,0.85474626030906
25681,LOF,0.0498649034298012,0.1078479135935065,0.8422871829766923
25682,LOF,0.13366720207230673,0.07824793259927211,0.7880848653284213
25683,LOF,0.11675705671435961,0.09189382640554314,0.7913491168800972
25684,LOF,0.04128748376190973,0.07611821250478285,0.8825943037333074
25685,LOF,0.11919856283020427,0.04985849457132577,0.83094294259847
25686,LOF,0.06945979742345675,0.09210339882165695,0.8384368037548864
25687,LOF,0.10676417823310057,0.09390023275108036,0.799335589015819
25688,LOF,0.3218063955371042,0.03272040211460721,0.6454732023482886
25689,LOF,0.2419917139628055,0.035302345728314,0.7227059403088804
25690,LOF,0.34830985058793146,0.03000970194295724,0.6216804474691113
25691,Neutral,0.7060962120894022,0.02397660295800458,0.2699271849525933
25692,LOF,0.3113118491413022,0.010323616504831322,0.6783645343538665
25693,GOF,0.047020668346419534,0.4803513801221037,0.47262795153147674
25694,LOF,0.12027673576901522,0.015493612019834714,0.8642296522111501
25695,LOF,0.11866906739502361,0.015246286673110898,0.8660846459318655
25696,LOF,0.09729590137532085,0.008312470182185375,0.8943916284424938
25697,LOF,0.1271574482424084,0.02962595745829797,0.8432165942992936
25698,LOF,0.3477452391621464,0.2190186043306323,0.43323615650722125
25699,LOF,0.4332891245029351,0.03990349107511832,0.5268073844219466
25700,LOF,0.054914811872406516,0.008135540402973889,0.9369496477246195
25701,LOF,0.16481822516271188,0.042215081429024366,0.7929666934082638
25702,GOF,0.16646867603798385,0.5640833026115842,0.2694480213504319
25703,LOF,0.01700187785144305,0.16475286839722103,0.818245253751336
25704,LOF,0.0475317884126974,0.13129780300288996,0.8211704085844126
25705,LOF,0.05807095507355134,0.1959388784351575,0.7459901664912911
25706,LOF,0.10270135748588877,0.3940521285399426,0.5032465139741686
25707,LOF,0.08765997147544222,0.31076920145718423,0.6015708270673736
25708,LOF,0.029040180501596062,0.259563094635247,0.711396724863157
25709,LOF,0.05914960798859819,0.0451049686851044,0.8957454233262975
25710,LOF,0.012056879530810942,0.13936785164619347,0.8485752688229955
25711,LOF,0.017656855743605968,0.10799136421974398,0.8743517800366499
25712,LOF,0.014592369994445175,0.1877724493929978,0.797635180612557
25713,LOF,0.01872374305861639,0.0852115143108924,0.8960647426304912
25714,LOF,0.06964457476879803,0.08747436150522422,0.8428810637259777
25715,LOF,0.010711798668757494,0.15359848966064077,0.8356897116706017
25716,LOF,0.013966714766974716,0.11827683122529555,0.8677564540077298
25717,LOF,0.012984387761059271,0.07757399710409021,0.9094416151348506
25718,LOF,0.01258306223735298,0.09860573735768109,0.888811200404966
25719,LOF,0.017572000124003884,0.0890551070289058,0.8933728928470903
25720,LOF,0.021964386993965263,0.07850498879735343,0.8995306242086814
25721,LOF,0.015550769355479558,0.11021576815330443,0.874233462491216
25722,LOF,0.013215956578278858,0.138305309096721,0.8484787343250001
25723,LOF,0.02269959663113058,0.048499377114799166,0.9288010262540702
25724,LOF,0.02247605112952317,0.0936697580443077,0.8838541908261691
25725,LOF,0.011348735332988948,0.07515603557225428,0.9134952290947568
25726,LOF,0.015568521975521173,0.10918938503997253,0.8752420929845063
25727,LOF,0.012717232533071417,0.08416700106364257,0.9031157664032861
25728,LOF,0.009549937031218723,0.1212916204889386,0.8691584424798428
25729,LOF,0.009880794135950917,0.11783144029653815,0.8722877655675109
25730,LOF,0.013336999526145633,0.08579476681405325,0.9008682336598011
25731,LOF,0.021376262191855292,0.11921200402444682,0.8594117337836978
25732,LOF,0.014195434200369684,0.08776971004087711,0.8980348557587532
25733,LOF,0.015532693466728075,0.07740294389736693,0.907064362635905
25734,LOF,0.0128224923270663,0.13849315890750036,0.8486843487654333
25735,LOF,0.01373511153398841,0.09718696277805246,0.8890779256879591
25736,LOF,0.01418877947974914,0.12236965952768145,0.8634415609925695
25737,LOF,0.020346062151762854,0.09767400865098184,0.8819799291972553
25738,LOF,0.012438554685116206,0.11031209136224684,0.8772493539526369
25739,LOF,0.020822763276182748,0.0810417843109685,0.8981354524128488
25740,LOF,0.028224803200769095,0.10593740213565987,0.865837794663571
25741,LOF,0.015228376845429612,0.10921034582153002,0.8755612773330403
25742,LOF,0.11022936171845617,0.08510888266622169,0.8046617556153223
25743,LOF,0.030136999233000703,0.03544781406295631,0.934415186704043
25744,Neutral,0.5614583965279535,0.22544604080928218,0.2130955626627643
25745,LOF,0.07803491572790228,0.08461686896031777,0.8373482153117799
25746,LOF,0.03916286692653074,0.09565149213953919,0.8651856409339301
25747,LOF,0.022985971047635785,0.043865422639551954,0.9331486063128124
25748,LOF,0.098741261014054,0.07140548004548737,0.8298532589404587
25749,LOF,0.027396192216554177,0.09838685150274447,0.8742169562807013
25750,LOF,0.08674454500103522,0.09196896193709425,0.8212864930618704
25751,LOF,0.08936507075319526,0.06851941990254413,0.8421155093442606
25752,GOF,0.0957968930352601,0.6526934150182893,0.2515096919464507
25753,LOF,0.02012725658126525,0.28158587851188377,0.6982868649068509
25754,GOF,0.01096791714657986,0.7814882706547482,0.20754381219867185
25755,LOF,0.023761887354173977,0.36775836464695194,0.6084797479988742
25756,LOF,0.04062237357541439,0.38035204984213233,0.5790255765824531
25757,GOF,0.013893708638091244,0.8529773319464891,0.13312895941541966
25758,GOF,0.030132272753876255,0.8219536686979678,0.14791405854815592
25759,GOF,0.011602685676185573,0.541753016743235,0.4466442975805795
25760,LOF,0.012146089496695212,0.23152433186665644,0.7563295786366483
25761,GOF,0.2648040717605253,0.6495990572804796,0.08559687095899508
25762,LOF,0.03564294784619131,0.2710761552715447,0.693280896882264
25763,LOF,0.014114765228128134,0.19573771141821134,0.7901475233536605
25764,GOF,0.07100013608148238,0.6282472072839125,0.3007526566346051
25765,GOF,0.04632032366412472,0.7605559801499703,0.19312369618590505
25766,GOF,0.05208542137663412,0.7535049412090326,0.19440963741433342
25767,GOF,0.17757475985511886,0.4680666786029527,0.35435856154192835
25768,LOF,0.10201664672790202,0.06430645278828079,0.8336769004838172
25769,LOF,0.07062177811247862,0.07065774075199348,0.8587204811355279
25770,LOF,0.3242724190213474,0.09012368069897014,0.5856039002796825
25771,LOF,0.041315353741162894,0.04609601844739475,0.9125886278114423
25772,LOF,0.0172945247378444,0.03683045250121413,0.9458750227609416
25773,LOF,0.049955533363529175,0.09314656790602474,0.856897898730446
25774,LOF,0.028327238585610665,0.07730250800835803,0.8943702534060313
25775,LOF,0.04766483310603891,0.04548771134953117,0.9068474555444299
25776,LOF,0.0686306069754062,0.026875767797147333,0.9044936252274465
25777,LOF,0.34443773348105433,0.055713940719095946,0.5998483257998497
25778,LOF,0.06850962169560222,0.05088388215917859,0.8806064961452192
25779,GOF,0.35856060330618883,0.600224922195385,0.041214474498426086
25780,GOF,0.30803296869625596,0.6189359295521488,0.07303110175159516
25781,GOF,0.1306610915467378,0.7600436058679061,0.10929530258535619
25782,GOF,0.19601624167399556,0.7336560779230896,0.07032768040291469
25783,GOF,0.023540695996990962,0.6435271549172358,0.3329321490857733
25784,Neutral,0.4867772455404131,0.47476948664860874,0.03845326781097822
25785,GOF,0.4570724793128186,0.5045345542916068,0.03839296639557473
25786,GOF,0.0265838408794773,0.7740077553855752,0.19940840373494736
25787,Neutral,0.6398640675590569,0.3345342277722575,0.025601704668685527
25788,LOF,0.04762265953733178,0.10433225219517282,0.8480450882674954
25789,GOF,0.18071558418737108,0.6853981525517673,0.1338862632608617
25790,GOF,0.22142005606234935,0.6804975566467679,0.0980823872908828
25791,GOF,0.13267960905975587,0.696600001323965,0.17072038961627908
25792,GOF,0.30617321831237293,0.5638754195739103,0.12995136211371686
25793,GOF,0.2554733931328664,0.5500641649590456,0.19446244190808817
25794,GOF,0.27574795556879655,0.5567933970101631,0.1674586474210404
25795,GOF,0.06965370215416719,0.7003492245615154,0.2299970732843173
25796,Neutral,0.5536721843344736,0.3723098034380031,0.07401801222752323
25797,GOF,0.08701915303365716,0.5739951960423135,0.3389856509240294
25798,GOF,0.009258552142416495,0.5239434882703072,0.46679795958727616
25799,LOF,0.007403662258059338,0.41499922292682445,0.5775971148151163
25800,GOF,0.029755605257931934,0.6320253829931057,0.33821901174896235
25801,GOF,0.1841710597863704,0.6883801692943162,0.12744877091931348
25802,GOF,0.06847592849964625,0.7039231889503466,0.2276008825500072
25803,GOF,0.03554989555867534,0.6065117996844825,0.3579383047568421
25804,GOF,0.02915347629094039,0.4992139559267098,0.47163256778234985
25805,GOF,0.09349237397159285,0.6133393239901641,0.293168302038243
25806,GOF,0.0947805133875845,0.625226176554466,0.27999331005794936
25807,GOF,0.019101826778611736,0.6454832027952346,0.33541497042615376
25808,GOF,0.07910870464843117,0.6592049048847706,0.26168639046679826
25809,GOF,0.016878077117095384,0.6020906427729695,0.381031280109935
25810,GOF,0.0157085048827814,0.6416981713739167,0.34259332374330187
25811,GOF,0.43573098171175634,0.4848928393684382,0.0793761789198054
25812,GOF,0.030952874621065156,0.645828574131386,0.3232185512475488
25813,Neutral,0.49090840560631277,0.4190868704707298,0.09000472392295754
25814,GOF,0.09984320716332558,0.6533102147914293,0.24684657804524524
25815,GOF,0.18536511053711247,0.6323037567553648,0.18233113270752271
25816,GOF,0.02114214680312155,0.7087892688283485,0.27006858436852993
25817,GOF,0.2252866669852275,0.6420451878993382,0.13266814511543432
25818,GOF,0.05351455019115521,0.691525426401388,0.25496002340745677
25819,GOF,0.3595886995242325,0.5159106649893492,0.12450063548641825
25820,GOF,0.18190409847231803,0.6253183608706858,0.19277754065699612
25821,GOF,0.060414394669751216,0.6890942042301927,0.250491401100056
25822,GOF,0.21099026519047032,0.5831867385096249,0.2058229962999049
25823,GOF,0.0331092344617329,0.555347557768282,0.4115432077699851
25824,GOF,0.09632721109827598,0.6372147883343474,0.26645800056737645
25825,GOF,0.036911839990899385,0.6279222752804468,0.3351658847286539
25826,GOF,0.016489976847570403,0.6013193946648246,0.382190628487605
25827,GOF,0.023365040625269427,0.6119457868816226,0.364689172493108
25828,GOF,0.013172839942255524,0.5371937209670973,0.4496334390906471
25829,GOF,0.0060633425888250965,0.5916023827538635,0.4023342746573115
25830,LOF,0.0365589006504361,0.2689314366071313,0.6945096627424326
25831,GOF,0.206817844154699,0.6817931455446559,0.11138901030064516
25832,GOF,0.03734664077185318,0.7287627937213774,0.2338905655067694
25833,GOF,0.12263912512894264,0.736075494804455,0.1412853800666023
25834,GOF,0.034770918376847225,0.7438121260301596,0.22141695559299315
25835,GOF,0.07342052714729322,0.7898843861632172,0.13669508668948954
25836,GOF,0.03824082385347342,0.736521643554298,0.22523753259222856
25837,GOF,0.026256596699141176,0.6116589827929937,0.36208442050786516
25838,GOF,0.09472730324892188,0.7719573596889001,0.1333153370621781
25839,GOF,0.27205380614130825,0.5971776901569442,0.13076850370174756
25840,GOF,0.2258368511759086,0.6371751378508774,0.13698801097321392
25841,GOF,0.22615713670666354,0.6491587795099434,0.12468408378339309
25842,GOF,0.13953148152882439,0.7440556430822641,0.11641287538891143
25843,GOF,0.19512021438956778,0.7178805417300497,0.08699924388038256
25844,GOF,0.06674561125019622,0.7355528937695547,0.19770149498024917
25845,GOF,0.01876769576472561,0.5234532636088335,0.4577790406264408
25846,GOF,0.11450603297382146,0.7503170566008641,0.13517691042531435
25847,GOF,0.09543484044997037,0.8005462933056968,0.1040188662443329
25848,GOF,0.03749890492626548,0.7158706417321952,0.2466304533415394
25849,GOF,0.01088051717412771,0.6066240165339828,0.3824954662918895
25850,GOF,0.023566835894298768,0.6850009254592812,0.29143223864642004
25851,GOF,0.01756070966496964,0.5604871484515805,0.42195214188344976
25852,GOF,0.16266736495912962,0.5696295435087992,0.2677030915320711
25853,GOF,0.347092395563355,0.586790845945551,0.06611675849109405
25854,GOF,0.02261669280223152,0.6482457487078299,0.32913755848993864
25855,GOF,0.03641596356223004,0.5785477132620778,0.3850363231756921
25856,GOF,0.24638191148850364,0.5575206226028114,0.19609746590868482
25857,GOF,0.03891416670815478,0.5489592371873081,0.4121265961045372
25858,GOF,0.02088689608020427,0.559886475556702,0.41922662836309377
25859,GOF,0.010215985186541626,0.5260277252084758,0.4637562896049826
25860,GOF,0.348671227951262,0.575609439509746,0.07571933253899209
25861,GOF,0.4174927614855283,0.5132883403786209,0.06921889813585086
25862,GOF,0.0824687361797953,0.7842746645439737,0.13325659927623112
25863,GOF,0.0780368104645191,0.7875622257670613,0.13440096376841965
25864,GOF,0.1745127677508239,0.7562767585653338,0.06921047368384231
25865,GOF,0.07925955484719063,0.806340193565293,0.1144002515875165
25866,GOF,0.046420896340893046,0.800964995842555,0.15261410781655194
25867,GOF,0.07202795379353032,0.8220587465090472,0.1059132996974224
25868,GOF,0.24030393909922057,0.6547136162344667,0.10498244466631275
25869,Neutral,0.7101996681780162,0.2453754244281163,0.04442490739386737
25870,GOF,0.27234981830188804,0.41062415227518423,0.3170260294229277
25871,GOF,0.18581135313482347,0.6873859907872283,0.12680265607794827
25872,GOF,0.07515199013558975,0.6625269405920305,0.2623210692723798
25873,GOF,0.0967542278951922,0.7069943380224177,0.1962514340823902
25874,LOF,0.014400114875540939,0.11047773390738672,0.8751221512170724
25875,LOF,0.09245693837606252,0.05247912516885609,0.8550639364550813
25876,LOF,0.037543352251920556,0.031300213982944844,0.9311564337651347
25877,Neutral,0.5075706010384798,0.0462840419506266,0.4461453570108936
25878,LOF,0.2242629871335691,0.10142454077202659,0.6743124720944044
25879,LOF,0.08576736650556317,0.10479388169730863,0.8094387517971281
25880,LOF,0.039456915694051804,0.017254141968298293,0.9432889423376499
25881,LOF,0.1838783632095682,0.12062409858356084,0.695497538206871
25882,LOF,0.0649658317834462,0.016373595205289988,0.9186605730112638
25883,LOF,0.06595897825076998,0.018429858464996684,0.9156111632842333
25884,LOF,0.0318192764850823,0.0297975309825156,0.9383831925324021
25885,LOF,0.06194269652768957,0.01021313804050787,0.9278441654318025
25886,LOF,0.25877887928178167,0.03703121936237805,0.7041899013558403
25887,LOF,0.1544023197688179,0.062070805150333856,0.7835268750808483
25888,LOF,0.0667963199615438,0.05397846843932848,0.8792252115991277
25889,LOF,0.042113994789370376,0.020830915412432455,0.9370550897981972
25890,LOF,0.04722377270943684,0.1633746708370279,0.7894015564535354
25891,LOF,0.039117757095674464,0.05850771157563945,0.9023745313286862
25892,LOF,0.08761520705988524,0.021803418785643854,0.8905813741544709
25893,LOF,0.24413899849523787,0.02014707836461093,0.7357139231401512
25894,LOF,0.1679992236221815,0.011593823692917482,0.820406952684901
25895,LOF,0.18194595117868798,0.02389601727525927,0.7941580315460528
25896,LOF,0.048392930840568366,0.0192531596248701,0.9323539095345614
25897,LOF,0.2598020616072131,0.011995220466211745,0.7282027179265751
25898,Neutral,0.7005801954705291,0.010206993352643063,0.28921281117682784
25899,LOF,0.208081632010733,0.0217285226478541,0.7701898453414129
25900,LOF,0.42954035720407513,0.011706709750975236,0.5587529330449497
25901,LOF,0.05347595332457329,0.011902954883503153,0.9346210917919237
25902,LOF,0.15654546524086177,0.013662169733599037,0.8297923650255392
25903,Neutral,0.5539524026306325,0.027485604180043484,0.4185619931893241
25904,LOF,0.31830039678634237,0.0386204128398987,0.6430791903737589
25905,LOF,0.028764949142742004,0.3088154057581507,0.6624196450991073
25906,LOF,0.031312248370206186,0.06813264402501656,0.9005551076047772
25907,LOF,0.015722074828074296,0.3327564483215095,0.6515214768504162
25908,LOF,0.010351458093519493,0.2496966965722519,0.7399518453342286
25909,LOF,0.013770870863244182,0.11939204935283257,0.8668370797839232
25910,LOF,0.051333593650669376,0.13915130382497992,0.8095151025243507
25911,LOF,0.1771923193704202,0.03223011861798183,0.790577562011598
25912,LOF,0.05085892404823543,0.05407784800600772,0.8950632279457568
25913,LOF,0.35539969853673603,0.02441590060623736,0.6201844008570266
25914,LOF,0.018439685232557474,0.06262849148622338,0.9189318232812191
25915,Neutral,0.588304916321814,0.14968477970176933,0.2620103039764166
25916,LOF,0.07233890835037123,0.21564943245140683,0.712011659198222
25917,LOF,0.05813182289326539,0.048686645742544346,0.8931815313641902
25918,LOF,0.021205167515201,0.04009261924116271,0.9387022132436363
25919,LOF,0.018015275265164957,0.04129535618033003,0.940689368554505
25920,GOF,0.10808682480732995,0.5340746173386993,0.3578385578539707
25921,LOF,0.025285036625533327,0.03781008004373378,0.9369048833307329
25922,LOF,0.03629463398483411,0.027167719060385204,0.9365376469547807
25923,LOF,0.4387963936988782,0.04179836721079262,0.5194052390903292
25924,LOF,0.0342867640274871,0.04618810880671066,0.9195251271658021
25925,LOF,0.07093499269542101,0.043602584394668215,0.8854624229099107
25926,LOF,0.049888221029605766,0.03942315137547969,0.9106886275949145
25927,LOF,0.05274062228497371,0.14771065157106097,0.7995487261439652
25928,LOF,0.017086174017726406,0.04897084433228978,0.9339429816499839
25929,Neutral,0.5607967822695472,0.04392348397793472,0.395279733752518
25930,LOF,0.06786705342837962,0.03467897235062909,0.8974539742209912
25931,LOF,0.02438480359835327,0.03043622620726656,0.9451789701943801
25932,LOF,0.027842841497339302,0.027733321495302884,0.9444238370073578
25933,LOF,0.03696413808381527,0.020373101965777306,0.9426627599504075
25934,LOF,0.023657822574229954,0.021556254699985525,0.9547859227257847
25935,LOF,0.059511617845024824,0.056528625468202184,0.8839597566867731
25936,LOF,0.04191931844178069,0.02489260396976263,0.9331880775884567
25937,LOF,0.026095848656739234,0.037157118946623595,0.9367470323966373
25938,LOF,0.06102432718014614,0.05826365976822774,0.8807120130516262
25939,LOF,0.0381022241147889,0.021007041271113216,0.9408907346140979
25940,LOF,0.028389941818797886,0.3481710972385433,0.6234389609426588
25941,LOF,0.1877832703009379,0.106146343180991,0.7060703865180711
25942,LOF,0.013842949459461802,0.035344276891090834,0.9508127736494473
25943,LOF,0.2960541838312598,0.054182461388624086,0.649763354780116
25944,Neutral,0.49197530288598895,0.023448249221750615,0.4845764478922605
25945,LOF,0.073830718998197,0.02470270690748458,0.9014665740943184
25946,LOF,0.028815284548221323,0.10749173175067886,0.8636929837010999
25947,LOF,0.10631041215601261,0.16541087060806328,0.7282787172359242
25948,LOF,0.3307379639377877,0.008995609802050435,0.6602664262601619
25949,LOF,0.12277532133595827,0.03667549804324674,0.8405491806207951
25950,GOF,0.2956867886545879,0.37776881741242097,0.32654439393299106
25951,LOF,0.19999785824183103,0.25554840344430346,0.5444537383138656
25952,LOF,0.04174930687707807,0.46871966802674403,0.4895310250961778
25953,LOF,0.151933200794195,0.10080901794613431,0.7472577812596707
25954,Neutral,0.42360953934363366,0.1707892298615774,0.40560123079478894
25955,LOF,0.05571672630624382,0.08365300380592813,0.8606302698878281
25956,LOF,0.15057941650736864,0.11485305119777675,0.7345675322948545
25957,LOF,0.03720496930683077,0.03316345294856164,0.9296315777446076
25958,LOF,0.05789747829840519,0.029167039888824912,0.9129354818127698
25959,LOF,0.06728754476882248,0.35165686686538516,0.5810555883657924
25960,LOF,0.015336374260507142,0.049521149351036645,0.9351424763884562
25961,LOF,0.04278801652558606,0.0282504284978331,0.9289615549765807
25962,LOF,0.06022324923493004,0.022506251694935947,0.917270499070134
25963,LOF,0.048585547494841966,0.20789194598103855,0.7435225065241194
25964,LOF,0.03595918180159241,0.14256443645559325,0.8214763817428142
25965,LOF,0.4634277142423748,0.055597837692548446,0.4809744480650768
25966,Neutral,0.530666786815963,0.14716015929055096,0.322173053893486
25967,LOF,0.01796444809881021,0.08921163051835947,0.8928239213828304
25968,LOF,0.03988956776678423,0.40991600709017156,0.5501944251430442
25969,LOF,0.0405514540706422,0.05920104589945034,0.9002475000299075
25970,LOF,0.06683778438736922,0.06754028248660608,0.8656219331260248
25971,LOF,0.06417320489039756,0.020179722914562992,0.9156470721950395
25972,LOF,0.06770721253276579,0.02753010396790094,0.9047626834993333
25973,LOF,0.07871457771106567,0.009320972956519518,0.9119644493324148
25974,LOF,0.1984549085810642,0.015562341266149611,0.7859827501527861
25975,LOF,0.048189788008039164,0.027192356410806282,0.9246178555811545
25976,LOF,0.042087632526411116,0.018230087338210958,0.9396822801353779
25977,LOF,0.15089104587358854,0.08901720524527619,0.7600917488811353
25978,LOF,0.15274877075179466,0.07071448418154964,0.7765367450666557
25979,LOF,0.14303949319539372,0.0734122557065624,0.7835482510980438
25980,LOF,0.23841516046054967,0.08297945566850641,0.6786053838709439
25981,LOF,0.26942352863102736,0.08097869316030767,0.649597778208665
25982,LOF,0.4014828340431005,0.06214077609727505,0.5363763898596244
25983,LOF,0.39082244420817674,0.06875492748485958,0.5404226283069637
25984,LOF,0.05277828486257466,0.04435956891225415,0.9028621462251712
25985,LOF,0.04020670805625886,0.288203581392802,0.6715897105509392
25986,LOF,0.04227014729602285,0.3157694907700355,0.6419603619339417
25987,LOF,0.08667169841861484,0.06816142869207127,0.8451668728893139
25988,LOF,0.16538578364288833,0.05765953477270553,0.7769546815844062
25989,LOF,0.0385391538451097,0.11379914927458984,0.8476616968803006
25990,LOF,0.044551896772322894,0.13739831481980783,0.8180497884078692
25991,LOF,0.131737877096769,0.22311712693582386,0.6451449959674072
25992,LOF,0.30928762422035716,0.13677056675796365,0.5539418090216793
25993,LOF,0.022821117446528743,0.06372787354839284,0.9134510090050785
25994,LOF,0.016485608137338924,0.0864121723094998,0.8971022195531613
25995,LOF,0.023888698239596287,0.17903407689373205,0.7970772248666717
25996,GOF,0.32762141309648735,0.38680476968293365,0.28557381722057895
25997,LOF,0.08146855103825568,0.3496786323075092,0.5688528166542351
25998,Neutral,0.5274302530422055,0.026242254275213997,0.4463274926825806
25999,LOF,0.11641425182302455,0.08038927272889161,0.8031964754480838
26000,LOF,0.140522326296096,0.0541480073379273,0.8053296663659767
26001,LOF,0.1907880379153982,0.052755249110793864,0.7564567129738079
26002,LOF,0.1314753566632392,0.046129397488800884,0.8223952458479599
26003,GOF,0.010170313004005603,0.5816555049980953,0.4081741819978991
26004,GOF,0.017287333068487457,0.669433208910761,0.31327945802075163
26005,LOF,0.006673387263015827,0.44341763813185314,0.549908974605131
26006,Neutral,0.509659875478324,0.24562473188303421,0.2447153926386417
26007,GOF,0.02046157476698063,0.520139290295088,0.45939913493793133
26008,GOF,0.019686448262918918,0.6230172683575727,0.3572962833795085
26009,GOF,0.019821406408997603,0.6858756907371953,0.2943029028538071
26010,GOF,0.02137598237953845,0.6319838954072464,0.3466401222132151
26011,LOF,0.00665743161546246,0.41724432258939703,0.5760982457951405
26012,GOF,0.012778351283193247,0.5519397585859003,0.4352818901309064
26013,GOF,0.019199776193864756,0.6139096805597021,0.3668905432464331
26014,LOF,0.044631696282119784,0.10355743711393214,0.851810866603948
26015,LOF,0.1410369316706214,0.017801134636627698,0.8411619336927509
26016,LOF,0.21578753168922502,0.07034664276254343,0.7138658255482316
26017,LOF,0.21632514188442664,0.11232793735608147,0.6713469207594918
26018,LOF,0.08524418800444054,0.038379790299064485,0.8763760216964951
26019,LOF,0.08083901151376516,0.03131481117948577,0.8878461773067491
26020,LOF,0.07235677462114475,0.11530822142177483,0.8123350039570804
26021,LOF,0.04711166974206219,0.12432874588754715,0.8285595843703907
26022,LOF,0.010576558296219386,0.04249137087115978,0.946932070832621
26023,LOF,0.06655724462398811,0.024024920991246795,0.9094178343847652
26024,LOF,0.03361692269462435,0.11951283300508285,0.8468702443002928
26025,LOF,0.1571869719889221,0.09411447131850942,0.7486985566925685
26026,LOF,0.318551128446753,0.03228310802266618,0.6491657635305809
26027,LOF,0.06345876528800119,0.01881899797262817,0.9177222367393707
26028,LOF,0.18001717248065355,0.06929809024453498,0.7506847372748116
26029,LOF,0.06568545235004646,0.18871176489445438,0.7456027827554992
26030,LOF,0.020249387805914607,0.04981126052937689,0.9299393516647085
26031,LOF,0.025141755071625454,0.13548415677606965,0.839374088152305
26032,LOF,0.06307709157108317,0.08462784965397548,0.8522950587749415
26033,LOF,0.08022719442628756,0.08133705033443962,0.8384357552392728
26034,LOF,0.04088623355554992,0.16118505881727688,0.7979287076271732
26035,LOF,0.025191132751828722,0.15217949879858272,0.8226293684495886
26036,LOF,0.03720967889099674,0.17434198971130646,0.7884483313976969
26037,LOF,0.020481711119152604,0.1255016152007812,0.8540166736800661
26038,LOF,0.05989996342264339,0.0875841363727713,0.8525159002045853
26039,LOF,0.04688659040665089,0.15796554146358036,0.7951478681297688
26040,LOF,0.20224553653356708,0.13952686927926378,0.658227594187169
26041,LOF,0.02160294674916635,0.11159152665725634,0.8668055265935773
26042,LOF,0.0197062975014023,0.10426471101051933,0.8760289914880783
26043,LOF,0.06078687628200824,0.10284936534824703,0.8363637583697446
26044,LOF,0.018725574798062437,0.06488508634575758,0.9163893388561799
26045,LOF,0.07021650658801591,0.10285201529437646,0.8269314781176077
26046,LOF,0.05626398945434534,0.08234289739497767,0.8613931131506769
26047,LOF,0.07180796742104173,0.08554418888437447,0.8426478436945838
26048,LOF,0.04508146210393496,0.038757530745162645,0.9161610071509024
26049,Neutral,0.96838005767281,0.006671361130544805,0.024948581196645312
26050,Neutral,0.9549463844221788,0.00882039605002236,0.03623321952779894
26051,LOF,0.04567644480174941,0.25016694007258705,0.7041566151256635
26052,LOF,0.06301450139250833,0.31258879637208065,0.624396702235411
26053,LOF,0.056202921936996,0.1306350047335693,0.8131620733294347
26054,LOF,0.052458340471947223,0.01631016045959722,0.9312314990684556
26055,LOF,0.06975857147519249,0.014110876045984547,0.916130552478823
26056,LOF,0.0583747882527482,0.01582451281662615,0.9258006989306258
26057,LOF,0.029355608183607235,0.011764075176140048,0.9588803166402528
26058,LOF,0.03008939529526403,0.009458983775232278,0.9604516209295036
26059,LOF,0.28943884235450074,0.019230112414313327,0.6913310452311859
26060,LOF,0.0345172071663777,0.1726710537069635,0.7928117391266587
26061,LOF,0.018514816656801075,0.010406273216614286,0.9710789101265845
26062,LOF,0.01089434276136957,0.016650804184055654,0.9724548530545749
26063,LOF,0.02050798985686141,0.011308171697003497,0.9681838384461352
26064,LOF,0.02174431402458114,0.020292703378503082,0.9579629825969157
26065,LOF,0.02450271901131877,0.010914021025534789,0.9645832599631464
26066,LOF,0.021883107322630695,0.011188877205351423,0.9669280154720179
26067,LOF,0.027804183705845108,0.008527910458139077,0.9636679058360159
26068,LOF,0.045858857694727743,0.02642741951201875,0.9277137227932535
26069,LOF,0.2771389877991174,0.01708432527534785,0.7057766869255347
26070,LOF,0.4066749744086746,0.013601632380791026,0.5797233932105343
26071,LOF,0.020623056878461145,0.01177591333768672,0.9676010297838521
26072,LOF,0.019893074564429004,0.015314155693713558,0.9647927697418576
26073,LOF,0.02032236325788391,0.01031075376728822,0.9693668829748279
26074,Neutral,0.9098544548867361,0.005215230927153747,0.08493031418611019
26075,LOF,0.04701891783260473,0.012797937036106533,0.9401831451312886
26076,LOF,0.04091491721858719,0.009088355970574334,0.9499967268108386
26077,LOF,0.009398179844520075,0.014650598680596623,0.9759512214748834
26078,LOF,0.01306909690563982,0.011206830056761371,0.9757240730375989
26079,LOF,0.060880373751651146,0.014456758009884961,0.9246628682384638
26080,LOF,0.0597954534087759,0.014505439635831814,0.9256991069553924
26081,LOF,0.03459515714210634,0.006081509410883891,0.9593233334470097
26082,LOF,0.012565220361871991,0.014839011990961031,0.972595767647167
26083,LOF,0.1739513947423613,0.013989307849143021,0.8120592974084956
26084,LOF,0.04029861218548483,0.011274612449492174,0.9484267753650228
26085,LOF,0.03662187050197286,0.010763729842888507,0.9526143996551386
26086,LOF,0.02134476504556466,0.010825121368610321,0.9678301135858249
26087,LOF,0.024834885360522786,0.00791843197500965,0.9672466826644677
26088,LOF,0.015523673153698379,0.02012725495757897,0.9643490718887227
26089,LOF,0.04293881796562297,0.019271760001375052,0.9377894220330021
26090,LOF,0.042885450075626566,0.01514000714159909,0.9419745427827743
26091,LOF,0.03333806645134982,0.0063149343518689015,0.9603469991967812
26092,LOF,0.021804292686706764,0.007439127381788669,0.9707565799315045
26093,LOF,0.03436459042569377,0.005526885325935095,0.9601085242483711
26094,LOF,0.03428485474296189,0.005721403578974399,0.9599937416780637
26095,LOF,0.03854581420555435,0.012581514672900198,0.9488726711215455
26096,LOF,0.01670461173319534,0.01087869169783491,0.9724166965689698
26097,LOF,0.011774245596083905,0.03332879998273847,0.9548969544211776
26098,LOF,0.0813904705622047,0.0092370920959296,0.9093724373418657
26099,LOF,0.020718774030182203,0.0120421627651419,0.967239063204676
26100,LOF,0.023107656752722378,0.011565238878401763,0.9653271043688759
26101,LOF,0.04634640264610426,0.014944721155791858,0.9387088761981038
26102,LOF,0.020514434834496758,0.01237044426512186,0.9671151209003813
26103,Neutral,0.8800125108908373,0.01819407389188286,0.10179341521727979
26104,LOF,0.08116764490863151,0.021212887685256566,0.897619467406112
26105,LOF,0.1988827946862883,0.25663853954719573,0.5444786657665159
26106,LOF,0.1864495344171723,0.10131680444239473,0.712233661140433
26107,LOF,0.22719779057323938,0.07240131837169668,0.700400891055064
26108,LOF,0.24870301629060004,0.08688825595023102,0.6644087277591689
26109,LOF,0.09156582560807522,0.05715998219939051,0.8512741921925342
26110,LOF,0.18894156373363027,0.008274095846253663,0.8027843404201161
26111,Neutral,0.5039586867960508,0.03423457030168976,0.4618067429022595
26112,LOF,0.031178732111971703,0.008639185551894977,0.9601820823361332
26113,LOF,0.05896669513631592,0.0190000629788889,0.9220332418847952
26114,LOF,0.025071722767833274,0.02809359318722537,0.9468346840449414
26115,LOF,0.08707255366638407,0.05571865258899497,0.857208793744621
26116,LOF,0.06930941991048878,0.06525243702232139,0.8654381430671898
26117,LOF,0.43341275518398775,0.041431805161101655,0.5251554396549105
26118,LOF,0.03388060423843446,0.027524947429238,0.9385944483323275
26119,LOF,0.022658539221330636,0.03447326396889586,0.9428681968097735
26120,LOF,0.026632930070188,0.021592409839046554,0.9517746600907655
26121,LOF,0.03826871133958841,0.08671891269491644,0.8750123759654951
26122,LOF,0.043658261393644746,0.03455272797999973,0.9217890106263554
