feature0,prediction,LoGoFunc_Neutral,LoGoFunc_GOF,LoGoFunc_LOF
25546,Neutral,0.6024945692537276,0.11334872236192661,0.2841567083843458
25547,Neutral,0.513512939123705,0.15921974147940307,0.32726731939689185
25548,LOF,0.3758821864109924,0.1894659566987923,0.4346518568902152
25549,LOF,0.3862865718500837,0.18047514493141856,0.43323828321849767
25550,LOF,0.35324316475116563,0.0765027795018936,0.5702540557469408
25551,LOF,0.28525580752305063,0.08891125009604582,0.6258329423809036
25552,LOF,0.2750270745168952,0.08954991887150829,0.6354230066115966
25553,Neutral,0.796306163427853,0.053559211004277595,0.15013462556786927
25554,LOF,0.26237217591313505,0.07462824691587545,0.6629995771709895
25555,LOF,0.24691396860992293,0.0797066925892418,0.6733793388008352
25556,LOF,0.38117744658382513,0.05868725561362182,0.5601352978025531
25557,LOF,0.2624027569350127,0.1035717180538518,0.6340255250111355
25558,LOF,0.2422427930937558,0.13710634226859125,0.620650864637653
25559,LOF,0.30415299875548746,0.024517314248284457,0.6713296869962281
25560,LOF,0.04465051117967403,0.25683868240953733,0.6985108064107887
25561,LOF,0.05087085543553919,0.20203671065409567,0.7470924339103652
25562,LOF,0.031708569199007185,0.20787413411290567,0.7604172966880871
25563,LOF,0.017722836656782523,0.1334994813181916,0.8487776820250258
25564,LOF,0.06989011081792809,0.07508793857844155,0.8550219506036304
25565,LOF,0.34291645847861846,0.1186814159541527,0.5384021255672288
25566,GOF,0.046069966003723296,0.6357811945812749,0.31814883941500166
25567,LOF,0.026117289878183254,0.15916014481649757,0.8147225653053192
25568,LOF,0.05727227338673099,0.07144280034647703,0.871284926266792
25569,LOF,0.06741108063567462,0.07516064459641711,0.8574282747679084
25570,LOF,0.05210653203555282,0.1295288047556922,0.8183646632087551
25571,LOF,0.05210653203555282,0.1295288047556922,0.8183646632087551
25572,LOF,0.06833906217396556,0.08888532008911869,0.8427756177369157
25573,LOF,0.17986673277373952,0.13494097169487507,0.6851922955313855
25574,GOF,0.18163854452308156,0.7034364609114921,0.11492499456542636
25575,LOF,0.05210653203555282,0.1295288047556922,0.8183646632087551
25576,LOF,0.02389769439898384,0.17251865664870275,0.8035836489523135
25577,LOF,0.027565443802052232,0.10572570325065617,0.8667088529472917
25578,LOF,0.11006703647424369,0.3526312164773161,0.5373017470484402
25579,LOF,0.09507827745482522,0.3193947193318892,0.5855270032132855
25580,LOF,0.05210653203555282,0.1295288047556922,0.8183646632087551
25581,LOF,0.058837919824006296,0.07134204949611876,0.8698200306798749
25582,LOF,0.058837919824006296,0.07134204949611876,0.8698200306798749
25583,LOF,0.05210653203555282,0.1295288047556922,0.8183646632087551
25584,Neutral,0.6925194108709372,0.02617295741952368,0.28130763170953915
25585,LOF,0.03365055173305323,0.12059459238042375,0.845754855886523
25586,LOF,0.05210653203555282,0.1295288047556922,0.8183646632087551
25587,LOF,0.05210653203555282,0.1295288047556922,0.8183646632087551
25588,LOF,0.05210653203555282,0.1295288047556922,0.8183646632087551
25589,Neutral,0.6544188454973734,0.1918180395620117,0.15376311494061487
25590,LOF,0.06690951721073482,0.12877706438122663,0.8043134184080386
25591,LOF,0.10479441017923966,0.07273248352924493,0.8224731062915155
25592,GOF,0.2925261726046882,0.4118871499795443,0.2955866774157674
25593,GOF,0.11518904913801553,0.6261644076060585,0.25864654325592584
25594,LOF,0.0559184381921286,0.08920547725228833,0.8548760845555831
25595,LOF,0.0607947321051524,0.07770690302843047,0.8614983648664172
25596,LOF,0.14517964571591663,0.02672408255093436,0.8280962717331489
25597,LOF,0.1358629845413199,0.018988710514981452,0.8451483049436986
25598,LOF,0.04929456913679707,0.05778094783541979,0.8929244830277832
25599,LOF,0.023129270960876393,0.41873712153138004,0.5581336075077435
25600,GOF,0.10690732793378638,0.4817540727387924,0.41133859932742123
25601,GOF,0.037362214173850154,0.5170755585206201,0.44556222730552963
25602,LOF,0.07735287354074993,0.06571910363162552,0.8569280228276246
25603,LOF,0.08832769375603758,0.0814651938474402,0.8302071123965222
25604,LOF,0.08436009971911196,0.1990367871414353,0.7166031131394527
25605,LOF,0.1530501734102916,0.21872958377944127,0.6282202428102672
25606,Neutral,0.5920731809934967,0.07842124906333531,0.329505569943168
25607,LOF,0.054691821982698056,0.23920941604640872,0.7060987619708933
25608,LOF,0.04139822360414891,0.1479877897699387,0.8106139866259123
25609,GOF,0.09155132041667613,0.7015217339027349,0.20692694568058903
25610,LOF,0.045036462420036553,0.12841417382390174,0.8265493637560617
25611,LOF,0.045036462420036553,0.12841417382390174,0.8265493637560617
25612,LOF,0.09613681076624246,0.030114147213469146,0.8737490420202885
25613,LOF,0.12298229816461491,0.03183164043321057,0.8451860614021744
25614,LOF,0.045036462420036553,0.12841417382390174,0.8265493637560617
25615,LOF,0.0780061760046117,0.10306591970921906,0.8189279042861692
25616,LOF,0.045036462420036553,0.12841417382390174,0.8265493637560617
25617,LOF,0.045036462420036553,0.12841417382390174,0.8265493637560617
25618,LOF,0.11940571144484109,0.35934680779436573,0.5212474807607932
25619,LOF,0.045036462420036553,0.12841417382390174,0.8265493637560617
25620,LOF,0.045036462420036553,0.12841417382390174,0.8265493637560617
25621,LOF,0.08834722753344372,0.08113797447614224,0.830514797990414
25622,LOF,0.08803289765025506,0.0628438678427193,0.8491232345070256
25623,LOF,0.10238416261534145,0.060682940963929614,0.8369328964207289
25624,LOF,0.045036462420036553,0.12841417382390174,0.8265493637560617
25625,LOF,0.08880661703220062,0.0370690181988782,0.8741243647689212
25626,LOF,0.06010545155553984,0.03784043392264452,0.9020541145218156
25627,Neutral,0.8452800484677621,0.055932653191819365,0.09878729834041859
25628,LOF,0.12049446500638186,0.2807400120000648,0.5987655229935533
25629,LOF,0.04124870960068219,0.1538517294035923,0.8048995609957255
25630,LOF,0.3955814136062454,0.10503187712371957,0.49938670927003503
25631,LOF,0.34228029492834283,0.175009611914176,0.4827100931574813
25632,LOF,0.015068192628281789,0.2656151545753441,0.7193166527963741
25633,LOF,0.03688681688648996,0.23669569279797012,0.7264174903155399
25634,LOF,0.04965495440613106,0.09077813649718276,0.8595669090966862
25635,LOF,0.03688681688648996,0.23669569279797012,0.7264174903155399
25636,GOF,0.019962041265771675,0.6135732176125441,0.3664647411216843
25637,GOF,0.01429510722598728,0.7739584358683336,0.21174645690567923
25638,GOF,0.010019054082442604,0.6622946746394335,0.32768627127812405
25639,GOF,0.019321756926100726,0.6585625698488706,0.3221156732250287
25640,Neutral,0.7503526960789483,0.16175743094634354,0.08788987297470804
25641,GOF,0.041147278009282945,0.746574474055762,0.21227824793495484
25642,LOF,0.06064213177555573,0.37352061918445506,0.5658372490399892
25643,LOF,0.25409412054625824,0.29994522924087275,0.44596065021286907
25644,LOF,0.014389654427638784,0.48487008671979226,0.5007402588525689
25645,GOF,0.012882760696793357,0.5269593635296953,0.4601578757735112
25646,GOF,0.01738444382804713,0.5922995169123495,0.39031603925960334
25647,LOF,0.012489552320033006,0.3873852726806814,0.6001251749992855
25648,LOF,0.01800022394399467,0.3259694174719177,0.6560303585840876
25649,LOF,0.011531175628809377,0.21015622458127972,0.7783125997899109
25650,LOF,0.046185323021440336,0.4122503815824364,0.5415642953961233
25651,LOF,0.013669782411548596,0.3469456242865492,0.6393845933019021
25652,LOF,0.009544284635335888,0.47902941654116105,0.5114262988235031
25653,GOF,0.03559021170306814,0.4892701092406699,0.47513967905626203
25654,LOF,0.009270950551525834,0.4935289349040271,0.4972001145444469
25655,GOF,0.04002843565291566,0.6856953567015881,0.27427620764549626
25656,LOF,0.18040916061413026,0.3907012407892335,0.4288895985966362
25657,LOF,0.04015095302443896,0.23855827247316158,0.7212907745023994
25658,LOF,0.09090928828888989,0.3460654781151302,0.5630252335959799
25659,Neutral,0.5537575660005764,0.2640284457949677,0.18221398820445597
25660,LOF,0.03988319515287336,0.13747605189026957,0.8226407529568571
25661,LOF,0.03988319515287336,0.13747605189026957,0.8226407529568571
25662,LOF,0.03988319515287336,0.13747605189026957,0.8226407529568571
25663,LOF,0.03988319515287336,0.13747605189026957,0.8226407529568571
25664,LOF,0.08196935239442729,0.10381952740299567,0.8142111202025771
25665,LOF,0.057095143973201146,0.042312624436629885,0.9005922315901689
25666,LOF,0.0736901867086752,0.12117295379715577,0.805136859494169
25667,LOF,0.03988319515287336,0.13747605189026957,0.8226407529568571
25668,LOF,0.03988319515287336,0.13747605189026957,0.8226407529568571
25669,LOF,0.03988319515287336,0.13747605189026957,0.8226407529568571
25670,LOF,0.10426179776760473,0.09067813472654764,0.8050600675058477
25671,LOF,0.03988319515287336,0.13747605189026957,0.8226407529568571
25672,LOF,0.0550736683355888,0.037994091840448135,0.9069322398239631
25673,LOF,0.08274053559967345,0.046818443923888856,0.8704410204764376
25674,LOF,0.07718797236903276,0.051517743692636404,0.8712942839383307
25675,LOF,0.0748463396101135,0.058952112221465666,0.8662015481684209
25676,LOF,0.03988319515287336,0.13747605189026957,0.8226407529568571
25677,LOF,0.03988319515287336,0.13747605189026957,0.8226407529568571
25678,LOF,0.11830766195737241,0.03798226077800243,0.8437100772646252
25679,LOF,0.1271642855935927,0.054125187206806105,0.8187105271996012
25680,LOF,0.03988319515287336,0.13747605189026957,0.8226407529568571
25681,LOF,0.03988319515287336,0.13747605189026957,0.8226407529568571
25682,LOF,0.03988319515287336,0.13747605189026957,0.8226407529568571
25683,LOF,0.09615856093007348,0.041518509540764234,0.8623229295291622
25684,LOF,0.03988319515287336,0.13747605189026957,0.8226407529568571
25685,LOF,0.03386617208342292,0.3591343259525771,0.606999501964
25686,GOF,0.022763374844399758,0.5075390766157517,0.4696975485398486
25687,GOF,0.022754581856931497,0.7605481320536533,0.21669728608941508
25688,LOF,0.2978120861062988,0.339110422902729,0.3630774909909721
25689,LOF,0.1356722356971874,0.27534818465919275,0.5889795796436198
25690,LOF,0.20831658923739602,0.23555357694139742,0.5561298338212065
25691,Neutral,0.6765003111194017,0.08737513206896456,0.2361245568116337
25692,LOF,0.17509641192554265,0.02524334194717855,0.7996602461272788
25693,GOF,0.13740674794813337,0.5863879931222665,0.2762052589296002
25694,LOF,0.12961290781995888,0.03804494258891934,0.8323421495911218
25695,LOF,0.09942300748976358,0.05235410897446466,0.8482228835357717
25696,LOF,0.09267438319786915,0.06470336260187275,0.8426222542002582
25697,LOF,0.09529384060596952,0.1648257191782159,0.7398804402158146
25698,LOF,0.1686379590840301,0.15745093757744824,0.6739111033385217
25699,GOF,0.10071287412193622,0.684933870301014,0.21435325557704965
25700,LOF,0.037741482678610654,0.27902758918264714,0.6832309281387422
25701,GOF,0.0982052654486203,0.7800759126375066,0.12171882191387293
25702,Neutral,0.3712499533236144,0.3310584398905331,0.2976916067858526
25703,LOF,0.03310305381410456,0.12737785104541993,0.8395190951404755
25704,LOF,0.049883597416174076,0.171762707639551,0.7783536949442749
25705,LOF,0.02862442947246009,0.34349662983720436,0.6278789406903355
25706,GOF,0.09886812319331698,0.5141370298632065,0.3869948469434764
25707,LOF,0.10248616169685204,0.4391294433752914,0.4583843949278566
25708,LOF,0.038729847693615524,0.34064298738189036,0.6206271649244941
25709,LOF,0.02862442947246009,0.34349662983720436,0.6278789406903355
25710,LOF,0.020318969691186576,0.17391128817681137,0.805769742132002
25711,LOF,0.02862442947246009,0.34349662983720436,0.6278789406903355
25712,LOF,0.023369647791191737,0.19125330241104593,0.7853770497977623
25713,LOF,0.02862442947246009,0.34349662983720436,0.6278789406903355
25714,LOF,0.02862442947246009,0.34349662983720436,0.6278789406903355
25715,LOF,0.02862442947246009,0.34349662983720436,0.6278789406903355
25716,LOF,0.01721558656723739,0.16311209841507104,0.8196723150176916
25717,LOF,0.019616012332348554,0.19333883238618021,0.7870451552814711
25718,LOF,0.02862442947246009,0.34349662983720436,0.6278789406903355
25719,LOF,0.02862442947246009,0.34349662983720436,0.6278789406903355
25720,LOF,0.02862442947246009,0.34349662983720436,0.6278789406903355
25721,LOF,0.02862442947246009,0.34349662983720436,0.6278789406903355
25722,LOF,0.02862442947246009,0.34349662983720436,0.6278789406903355
25723,LOF,0.02862442947246009,0.34349662983720436,0.6278789406903355
25724,LOF,0.09913395735621254,0.35300949005268056,0.5478565525911069
25725,LOF,0.02862442947246009,0.34349662983720436,0.6278789406903355
25726,LOF,0.02862442947246009,0.34349662983720436,0.6278789406903355
25727,LOF,0.02862442947246009,0.34349662983720436,0.6278789406903355
25728,LOF,0.02862442947246009,0.34349662983720436,0.6278789406903355
25729,LOF,0.02862442947246009,0.34349662983720436,0.6278789406903355
25730,LOF,0.02862442947246009,0.34349662983720436,0.6278789406903355
25731,LOF,0.017752320056102635,0.31099326585500026,0.6712544140888971
25732,LOF,0.02862442947246009,0.34349662983720436,0.6278789406903355
25733,LOF,0.02862442947246009,0.34349662983720436,0.6278789406903355
25734,LOF,0.023381163923846728,0.15721555056686962,0.8194032855092837
25735,LOF,0.02862442947246009,0.34349662983720436,0.6278789406903355
25736,LOF,0.02862442947246009,0.34349662983720436,0.6278789406903355
25737,LOF,0.02862442947246009,0.34349662983720436,0.6278789406903355
25738,LOF,0.02862442947246009,0.34349662983720436,0.6278789406903355
25739,LOF,0.02862442947246009,0.34349662983720436,0.6278789406903355
25740,LOF,0.02862442947246009,0.34349662983720436,0.6278789406903355
25741,LOF,0.02862442947246009,0.34349662983720436,0.6278789406903355
25742,LOF,0.02862442947246009,0.34349662983720436,0.6278789406903355
25743,LOF,0.02983763087689291,0.08354159262272802,0.8866207765003791
25744,Neutral,0.5522200531909265,0.15738009095795438,0.2903998558511192
25745,LOF,0.032091812520381284,0.20546505671466297,0.7624431307649557
25746,LOF,0.02541745426052382,0.20202840876961398,0.7725541369698622
25747,LOF,0.03888868468961735,0.22356491169360948,0.7375464036167731
25748,LOF,0.07070702559062937,0.3215063289306726,0.607786645478698
25749,LOF,0.019290594330639524,0.33863949542587674,0.6420699102434836
25750,LOF,0.02237766332895252,0.24148658587058494,0.7361357508004626
25751,LOF,0.03888868468961735,0.22356491169360948,0.7375464036167731
25752,GOF,0.055509794172873654,0.7943404199106947,0.1501497859164316
25753,LOF,0.023456437077901092,0.21764596480006757,0.7588975981220313
25754,GOF,0.024985442375186014,0.7927663127041961,0.18224824492061784
25755,LOF,0.03106987815614994,0.18434698977728742,0.7845831320665626
25756,LOF,0.04410331031633186,0.3120407574347517,0.6438559322489164
25757,GOF,0.01995130522806184,0.8034653430683564,0.1765833517035817
25758,GOF,0.03086522618088584,0.7232117539360574,0.24592301988305673
25759,GOF,0.020123689106929923,0.6096841831314307,0.37019212776163946
25760,LOF,0.028037112878106504,0.1878338719941756,0.7841290151277178
25761,GOF,0.1979801974506182,0.6488129921777746,0.15320681037160735
25762,LOF,0.05438452971439751,0.17390933022320065,0.7717061400624018
25763,LOF,0.024656184463518804,0.1965517788601272,0.7787920366763539
25764,GOF,0.06364831176132901,0.8050570986812869,0.13129458955738418
25765,GOF,0.02150604263132746,0.7356015827661906,0.2428923746024819
25766,GOF,0.048077719970681575,0.7943697278886585,0.15755255214065997
25767,GOF,0.09749671806082005,0.6052793006797014,0.29722398125947863
25768,LOF,0.05019086954927223,0.19358977342866662,0.7562193570220612
25769,LOF,0.03108432967478451,0.4768967865696159,0.4920188837555996
25770,Neutral,0.7284226905414961,0.12131913890542474,0.15025817055307922
25771,LOF,0.06059651805507644,0.285046448049528,0.6543570338953956
25772,LOF,0.03108432967478451,0.4768967865696159,0.4920188837555996
25773,LOF,0.05995752298376428,0.2637846140212964,0.6762578629949394
25774,LOF,0.028982940302822148,0.2103795621887348,0.7606374975084431
25775,LOF,0.08463530298982007,0.1735349649889333,0.7418297320212467
25776,LOF,0.03108432967478451,0.4768967865696159,0.4920188837555996
25777,LOF,0.21115151141798175,0.27501769366999396,0.5138307949120242
25778,LOF,0.03108432967478451,0.4768967865696159,0.4920188837555996
25779,Neutral,0.5494589117506322,0.27346260624755253,0.1770784820018153
25780,Neutral,0.6169601432755792,0.2545610961630634,0.12847876056135737
25781,GOF,0.37377335673236417,0.46859128325786936,0.1576353600097664
25782,GOF,0.35161405624382547,0.42943421224453765,0.21895173151163672
25783,LOF,0.052584706408277504,0.46066331274884065,0.4867519808428818
25784,Neutral,0.7297708249544584,0.18460885020539544,0.08562032484014626
25785,Neutral,0.7320856078940472,0.1302375066972093,0.1376768854087436
25786,GOF,0.05085901981044235,0.6245694599550213,0.32457152023453645
25787,Neutral,0.870107725664259,0.07471429601051606,0.05517797832522511
25788,LOF,0.04136343054363464,0.15192737826200753,0.8067091911943578
25789,GOF,0.26384997632863655,0.5387804948145687,0.19736952885679468
25790,GOF,0.3595120610238377,0.4604296327265926,0.18005830624956967
25791,GOF,0.22718760502512214,0.4619346552720674,0.3108777397028105
25792,Neutral,0.4997011914859467,0.29045207128302314,0.20984673723103
25793,Neutral,0.591444369091189,0.2774209760486215,0.13113465486018944
25794,GOF,0.3254000471820186,0.513659007725187,0.16094094509279436
25795,GOF,0.07404433465757625,0.7164941408080227,0.20946152453440098
25796,Neutral,0.5843893513713281,0.17902816468819108,0.23658248394048093
25797,LOF,0.13264909872679875,0.3924032202206673,0.4749476810525339
25798,GOF,0.022139269751129478,0.5061678854950491,0.4716928447538214
25799,LOF,0.024373045311400193,0.3622566509552582,0.6133703037333416
25800,GOF,0.1042405743263043,0.5698579447752795,0.32590148089841625
25801,GOF,0.3622185931253532,0.47303551339369265,0.16474589348095434
25802,GOF,0.12752256758840005,0.6268211296535533,0.24565630275804654
25803,GOF,0.14155018558726992,0.5875757238187757,0.2708740905939544
25804,GOF,0.07746453300776758,0.48911326671425237,0.43342220027797995
25805,GOF,0.1756279840731321,0.6159663847805014,0.20840563114636654
25806,GOF,0.22846089131039615,0.5051180187727159,0.2664210899168879
25807,GOF,0.03147192830712223,0.5938804770700821,0.3746475946227957
25808,GOF,0.13391448447397172,0.6297649075221379,0.23632060800389043
25809,LOF,0.030805363958905922,0.4568434115954153,0.5123512244456788
25810,GOF,0.038695726199411765,0.5265225452893922,0.434781728511196
25811,Neutral,0.6270210894015409,0.2534542718157758,0.11952463878268324
25812,GOF,0.08810567547456255,0.5110223162548418,0.40087200827059577
25813,Neutral,0.7319362318538416,0.157716282913868,0.11034748523229042
25814,GOF,0.29875218839689915,0.5050463832734868,0.19620142832961393
25815,Neutral,0.4225267144557988,0.414100046946009,0.1633732385981921
25816,GOF,0.03856115927101392,0.6916775362217881,0.26976130450719793
25817,GOF,0.21296447072631286,0.5992768087873116,0.18775872048637554
25818,GOF,0.11280092878913799,0.4739525276030481,0.4132465436078139
25819,Neutral,0.5240344026294316,0.2697430635236573,0.20622253384691097
25820,GOF,0.3007585337913324,0.400730794131321,0.2985106720773466
25821,GOF,0.0954496940068578,0.5289125662838052,0.37563773970933695
25822,Neutral,0.45105642867749474,0.32184559128725054,0.22709798003525486
25823,GOF,0.05754261074483377,0.6194509353198381,0.32300645393532806
25824,LOF,0.17572511845968314,0.31446719774452153,0.5098076837957952
25825,LOF,0.05417208969430169,0.3455676506835175,0.6002602596221808
25826,LOF,0.01574357593018902,0.48552334474330716,0.49873307932650374
25827,GOF,0.032166186745236296,0.6581217077879121,0.3097121054668516
25828,GOF,0.02666697668915654,0.5334850517944512,0.4398479715163924
25829,LOF,0.01536792656511876,0.42582909065501456,0.5588029827798666
25830,LOF,0.10354271292807393,0.39515458786172747,0.5013026992101987
25831,GOF,0.14180134645074952,0.7210016188299356,0.13719703471931496
25832,GOF,0.04466572871905439,0.7136716811869972,0.24166259009394844
25833,GOF,0.15692024677739266,0.6553404372042239,0.18773931601838362
25834,GOF,0.05482252586168303,0.6954252452736333,0.24975222886468362
25835,GOF,0.2121067231114355,0.5769893940720758,0.21090388281648867
25836,GOF,0.08731995097874945,0.6604074211473256,0.2522726278739249
25837,GOF,0.04215183826127865,0.5469509618422035,0.4108971998965179
25838,GOF,0.18764327075664958,0.6047647312741811,0.20759199796916925
25839,GOF,0.36349906500396684,0.4785971372595696,0.15790379773646362
25840,GOF,0.13390342311467418,0.6431419269960718,0.22295464988925412
25841,GOF,0.1945436420414985,0.603900730847768,0.20155562711073358
25842,GOF,0.36648561427272536,0.4039433262410468,0.2295710594862279
25843,GOF,0.31052864870393,0.4947594456176378,0.19471190567843225
25844,GOF,0.1169003566721651,0.5260184956211496,0.3570811477066853
25845,GOF,0.03096667818938479,0.5655391721044954,0.4034941497061197
25846,GOF,0.09979044497670075,0.7016758860367056,0.1985336689865937
25847,GOF,0.23528096398672405,0.622388787184018,0.14233024882925802
25848,GOF,0.13762881353991252,0.6722771424486153,0.19009404401147223
25849,GOF,0.0197091394787776,0.6418573326718022,0.3384335278494202
25850,GOF,0.043106995967520635,0.6515971312655139,0.3052958727669655
25851,GOF,0.027654935494343714,0.5406969154507429,0.43164814905491333
25852,GOF,0.23372034716799395,0.5753195434073236,0.19096010942468256
25853,Neutral,0.47827429590263965,0.33660143666112813,0.18512426743623214
25854,GOF,0.027389720939924672,0.49099101894061753,0.48161926011945766
25855,LOF,0.07144257646058735,0.29587924652336584,0.6326781770160468
25856,Neutral,0.40950995584081085,0.29027175731562,0.3002182868435692
25857,LOF,0.07533544059832878,0.43809598824654306,0.48656857115512814
25858,GOF,0.05463452275582354,0.6126725912851341,0.33269288595904245
25859,GOF,0.018999446357983743,0.5578334643276457,0.4231670893143706
25860,Neutral,0.4819844328261953,0.38969143149239704,0.12832413568140777
25861,GOF,0.3319646741977587,0.5465493467319703,0.1214859790702709
25862,GOF,0.24001502968835517,0.5832553012035508,0.17672966910809412
25863,GOF,0.27237745586870254,0.5124525620828919,0.21516998204840543
25864,Neutral,0.4743816341584343,0.3513650589044378,0.1742533069371279
25865,GOF,0.15994298848801156,0.7060069884134992,0.1340500230984894
25866,GOF,0.16846621674125373,0.5686798672516746,0.2628539160070717
25867,GOF,0.16394456346101813,0.681705549484801,0.15434988705418096
25868,GOF,0.2928717288937095,0.5088813028777626,0.19824696822852805
25869,Neutral,0.8313584530114051,0.11923738983794374,0.049404157150651225
25870,GOF,0.244023984186004,0.4153486988217028,0.34062731699229315
25871,GOF,0.13542598853695342,0.632635224112052,0.2319387873509946
25872,GOF,0.2746382289386398,0.46283748715814615,0.26252428390321403
25873,GOF,0.23461773010543444,0.5482081861965254,0.21717408369804012
25874,LOF,0.04136343054363464,0.15192737826200753,0.8067091911943578
25875,GOF,0.05617858895208522,0.4746766131494647,0.46914479789845004
25876,LOF,0.027690277522668564,0.302674311479948,0.6696354109973834
25877,GOF,0.29818656446769054,0.3864454232355292,0.3153680122967802
25878,GOF,0.07495830199194767,0.6807672909700672,0.24427440703798528
25879,GOF,0.04209237286700602,0.6812402370613574,0.27666739007163654
25880,LOF,0.034831541299875896,0.16824814781542244,0.7969203108847016
25881,LOF,0.344251059783801,0.2504382984753504,0.40531064174084863
25882,LOF,0.0906157326083483,0.06627858355525688,0.8431056838363948
25883,LOF,0.053107675879386744,0.12164770945707666,0.8252446146635365
25884,LOF,0.06222377313177336,0.16321384374072762,0.7745623831274989
25885,LOF,0.08189923677689658,0.06962249335954036,0.848478269863563
25886,LOF,0.07811517914343517,0.3318170801273275,0.5900677407292372
25887,LOF,0.31183646316254304,0.21214436946878212,0.4760191673686749
25888,LOF,0.18369341350490465,0.16419390317337773,0.6521126833217177
25889,LOF,0.08224873439293819,0.09328759425930394,0.8244636713477578
25890,LOF,0.04783411172016551,0.29259939541505803,0.6595664928647765
25891,LOF,0.04470872599483751,0.1726488155646529,0.7826424584405096
25892,LOF,0.08040347871762729,0.13851966015882203,0.7810768611235508
25893,LOF,0.2740605643985187,0.1868086079537711,0.5391308276477101
25894,LOF,0.1184267494175535,0.16078597728826624,0.7207872732941802
25895,LOF,0.11979071967654001,0.10211969527439914,0.7780895850490608
25896,LOF,0.06955898273877162,0.04546163702328168,0.8849793802379466
25897,LOF,0.22023142498798798,0.13204656788555058,0.6477220071264613
25898,Neutral,0.5608293145713883,0.12853605733492604,0.31063462809368564
25899,LOF,0.09491748759617737,0.32712721532844724,0.5779552970753754
25900,Neutral,0.9219184168427169,0.017447458202219063,0.06063412495506391
25901,LOF,0.06346861541524576,0.11825279510423001,0.8182785894805242
25902,LOF,0.07954512383885841,0.06255036785209236,0.8579045083090493
25903,Neutral,0.4441611478611171,0.20633120889895226,0.3495076432399307
25904,LOF,0.20754795142549132,0.22818867332405843,0.5642633752504502
25905,GOF,0.013072088299937631,0.6541837298003805,0.3327441818996818
25906,LOF,0.021658073926885006,0.1061371011758851,0.8722048248972301
25907,LOF,0.012091277340964582,0.46349809506653805,0.5244106275924973
25908,LOF,0.018402137937315162,0.26997533278764907,0.7116225292750359
25909,LOF,0.04322038915583587,0.11074948877806573,0.8460301220660984
25910,LOF,0.019946053629368733,0.3515483067377641,0.6285056396328671
25911,LOF,0.06859369766682744,0.05007522300740387,0.8813310793257688
25912,LOF,0.03457141611887126,0.12632429965130218,0.8391042842298266
25913,LOF,0.20806653849633233,0.11411252690482003,0.6778209345988475
25914,LOF,0.05169012836430548,0.15153458535594616,0.7967752862797483
25915,GOF,0.39733278196823857,0.45664119269115866,0.14602602534060277
25916,GOF,0.04558068739392874,0.6563079430518222,0.29811136955424916
25917,LOF,0.04650678320423019,0.08870376865629469,0.8647894481394751
25918,LOF,0.05169012836430548,0.15153458535594616,0.7967752862797483
25919,LOF,0.05169012836430548,0.15153458535594616,0.7967752862797483
25920,GOF,0.07194488716105069,0.7777554654951326,0.15029964734381673
25921,LOF,0.02751686201944979,0.3621179251569457,0.6103652128236045
25922,LOF,0.025518351246015356,0.3934541669928912,0.5810274817610935
25923,LOF,0.07887772264642502,0.33227116596195955,0.5888511113916155
25924,LOF,0.04087855836645134,0.18920348836084516,0.7699179532727035
25925,LOF,0.0360838158290946,0.16021209794812472,0.8037040862227808
25926,LOF,0.034771397318221584,0.13416848230299783,0.8310601203787806
25927,GOF,0.04289205277261032,0.6097582104918403,0.34734973673554936
25928,LOF,0.02784203924771496,0.19217185940562878,0.7799861013466562
25929,LOF,0.19822443157814673,0.31621137015759704,0.4855641982642561
25930,LOF,0.053107675879386744,0.12164770945707666,0.8252446146635365
25931,LOF,0.03160512390239557,0.12785671794358358,0.840538158154021
25932,LOF,0.053107675879386744,0.12164770945707666,0.8252446146635365
25933,LOF,0.053107675879386744,0.12164770945707666,0.8252446146635365
25934,LOF,0.053107675879386744,0.12164770945707666,0.8252446146635365
25935,LOF,0.03598178694781785,0.14562101913740394,0.8183971939147782
25936,LOF,0.053107675879386744,0.12164770945707666,0.8252446146635365
25937,LOF,0.039077210389154786,0.13425965203098178,0.8266631375798634
25938,LOF,0.05403899389844113,0.1862600085465742,0.7597009975549847
25939,LOF,0.053107675879386744,0.12164770945707666,0.8252446146635365
25940,GOF,0.01686467412398654,0.6937722742743281,0.28936305160168535
25941,LOF,0.2047084721105533,0.1825214771994002,0.6127700506900465
25942,LOF,0.03377917940566196,0.053525450560012164,0.9126953700343258
25943,LOF,0.37835279064829386,0.04564503705658211,0.5760021722951241
25944,Neutral,0.5143074983792589,0.057177014656714695,0.4285154869640263
25945,LOF,0.18871701307958974,0.17391662566961416,0.6373663612507962
25946,LOF,0.022922572294655053,0.051356938078341866,0.925720489627003
25947,LOF,0.07320920092776526,0.3645792610419724,0.5622115380302624
25948,LOF,0.3647475123660954,0.022248343074995656,0.6130041445589088
25949,LOF,0.08743488171914844,0.0741482053012144,0.838416912979637
25950,LOF,0.2812851317594193,0.20722763578127737,0.5114872324593033
25951,GOF,0.11828858804062757,0.6217181619720986,0.25999324998727374
25952,GOF,0.04113037798135562,0.5330584977404933,0.4258111242781511
25953,GOF,0.09659684721223619,0.6673908152921008,0.23601233749566308
25954,GOF,0.35081543476068244,0.5274612096135334,0.1217233556257842
25955,LOF,0.054509177752917,0.21071101144998056,0.7347798107971024
25956,LOF,0.08070324098756254,0.3565379339732298,0.5627588250392076
25957,LOF,0.04852532791904105,0.15963868721327262,0.7918359848676864
25958,LOF,0.08797703842615794,0.06159184849276178,0.8504311130810802
25959,LOF,0.12461710491208039,0.28041324851134086,0.5949696465765788
25960,LOF,0.03426009545669506,0.12513722097390423,0.8406026835694007
25961,LOF,0.08797703842615794,0.06159184849276178,0.8504311130810802
25962,LOF,0.03897282109669973,0.16266926050100797,0.7983579184022923
25963,GOF,0.03187328004807757,0.4923874065785965,0.475739313373326
25964,LOF,0.053107675879386744,0.12164770945707666,0.8252446146635365
25965,Neutral,0.6642195851589544,0.08141280116720623,0.25436761367383937
25966,LOF,0.07434220083929745,0.46233939599620244,0.46331840316449996
25967,LOF,0.022962332882453113,0.4398016655877039,0.5372360015298429
25968,GOF,0.06803306915724922,0.645603860542689,0.28636307030006164
25969,LOF,0.02974584826660324,0.09849191402905728,0.8717622377043396
25970,LOF,0.0304997640124647,0.08792233978049152,0.8815778962070439
25971,LOF,0.07869318033084574,0.07010347409157601,0.8512033455775783
25972,LOF,0.07869318033084574,0.07010347409157601,0.8512033455775783
25973,LOF,0.11784046313779208,0.08235083963360859,0.7998086972285993
25974,Neutral,0.6425281494702831,0.16645361845588788,0.19101823207382898
25975,LOF,0.07040648253843394,0.1280945631801248,0.8014989542814412
25976,LOF,0.02887173456384451,0.15974741274168522,0.8113808526944702
25977,LOF,0.029594966023849673,0.40539193780372457,0.5650130961724257
25978,LOF,0.2374454277364517,0.07882074197953567,0.6837338302840126
25979,LOF,0.26011816008611294,0.06934783328418392,0.6705340066297031
25980,LOF,0.223828087405779,0.18476707068343745,0.5914048419107836
25981,LOF,0.223828087405779,0.18476707068343745,0.5914048419107836
25982,Neutral,0.4980925813255383,0.052942200310675896,0.4489652183637859
25983,Neutral,0.6640722890133717,0.0680947935372572,0.26783291744937116
25984,LOF,0.03778042245970054,0.28098917367655457,0.6812304038637449
25985,GOF,0.028036395048437173,0.6811223100885184,0.29084129486304444
25986,GOF,0.041394486666939595,0.7047370363569672,0.2538684769760932
25987,LOF,0.0769974503343621,0.22629197009904253,0.6967105795665953
25988,LOF,0.03778042245970054,0.28098917367655457,0.6812304038637449
25989,LOF,0.03778042245970054,0.28098917367655457,0.6812304038637449
25990,LOF,0.03778042245970054,0.28098917367655457,0.6812304038637449
25991,GOF,0.24342189989154642,0.4701908350604486,0.28638726504800494
25992,Neutral,0.3952298532578389,0.3013357940175428,0.3034343527246183
25993,LOF,0.049883597416174076,0.171762707639551,0.7783536949442749
25994,LOF,0.049883597416174076,0.171762707639551,0.7783536949442749
25995,LOF,0.049883597416174076,0.171762707639551,0.7783536949442749
25996,LOF,0.1407571226310546,0.40692811800812234,0.452314759360823
25997,GOF,0.1416196543072891,0.6147486620432716,0.2436316836494393
25998,Neutral,0.488259308235558,0.04594508093969339,0.46579561082474846
25999,GOF,0.30394480738418284,0.482866257629983,0.21318893498583413
26000,LOF,0.06651902770538233,0.15216846679369803,0.7813125055009197
26001,GOF,0.08080392380276187,0.4834937385744491,0.43570233762278904
26002,LOF,0.049899062504300144,0.2792192928669882,0.6708816446287116
26003,GOF,0.013430730116593771,0.7071390330799242,0.279430236803482
26004,GOF,0.023448939752993853,0.6567858040482604,0.31976525619874574
26005,GOF,0.011731880720959775,0.6168695574404112,0.371398561838629
26006,Neutral,0.512558267507067,0.26426067403927817,0.22318105845365488
26007,GOF,0.02768654228843978,0.6762625121011435,0.29605094561041667
26008,GOF,0.023129852949905116,0.5649032620643947,0.4119668849857002
26009,GOF,0.039587575591045525,0.7303579222212206,0.23005450218773393
26010,GOF,0.01484365913579786,0.7220324810862749,0.26312385977792724
26011,GOF,0.011991386720114393,0.6292691753004535,0.3587394379794323
26012,GOF,0.01820665924630509,0.7448989601324231,0.2368943806212719
26013,GOF,0.014916879791325215,0.6941621376314198,0.29092098257725507
26014,LOF,0.05037492296450968,0.2889824914006161,0.6606425856348743
26015,LOF,0.1963986597160235,0.04816394694847288,0.7554373933355035
26016,LOF,0.3906538026605214,0.14139657124604915,0.46794962609342944
26017,LOF,0.3529754765584132,0.17733528639708407,0.46968923704450266
26018,LOF,0.09111085812145672,0.05740442927016205,0.8514847126083812
26019,LOF,0.09111085812145672,0.05740442927016205,0.8514847126083812
26020,LOF,0.09823547241032327,0.3830232939265584,0.5187412336631183
26021,GOF,0.06311388570034207,0.5336661277193601,0.4032199865802978
26022,LOF,0.023752618756922125,0.13794121544249574,0.838306165800582
26023,LOF,0.19728956064806144,0.15935623336951657,0.643354205982422
26024,LOF,0.0449912586073657,0.22886958076612718,0.7261391606265072
26025,LOF,0.30795944154702326,0.15163410898587323,0.5404064494671035
26026,Neutral,0.5622140982248256,0.019250598486312855,0.4185353032888615
26027,LOF,0.09111085812145672,0.05740442927016205,0.8514847126083812
26028,LOF,0.28246005089410875,0.1105252917943498,0.6070146573115414
26029,GOF,0.03426430106971392,0.585760077764579,0.3799756211657071
26030,LOF,0.027851673496788704,0.08794938912111396,0.8841989373820974
26031,LOF,0.015686002718377237,0.35972986504634535,0.6245841322352774
26032,LOF,0.05323912113604103,0.14865829015948964,0.7981025887044693
26033,LOF,0.19130342294427122,0.3521207340411472,0.45657584301458165
26034,LOF,0.020022115326021644,0.3343754560569508,0.6456024286170277
26035,LOF,0.018346958591151916,0.3937886394083526,0.5878644020004955
26036,LOF,0.019659978127477738,0.34473655075967014,0.6356034711128522
26037,LOF,0.01390177844917665,0.2583220582717847,0.7277761632790387
26038,LOF,0.05323912113604103,0.14865829015948964,0.7981025887044693
26039,LOF,0.029100461290968337,0.372117137333728,0.5987824013753036
26040,GOF,0.2631147966276029,0.5292108890949232,0.20767431427747396
26041,LOF,0.014893780068427379,0.23109707196295698,0.7540091479686155
26042,LOF,0.012949262535227813,0.2574278298977782,0.7296229075669941
26043,LOF,0.05323912113604103,0.14865829015948964,0.7981025887044693
26044,LOF,0.027301541170994283,0.1546591418393732,0.8180393169896326
26045,LOF,0.037651667122397224,0.2832453471694625,0.6791029857081402
26046,LOF,0.05323912113604103,0.14865829015948964,0.7981025887044693
26047,LOF,0.05323912113604103,0.14865829015948964,0.7981025887044693
26048,LOF,0.061817820601849024,0.11616178872714432,0.8220203906710066
26049,Neutral,0.91048497312333,0.03940097269356336,0.050114054183106535
26050,Neutral,0.8949866397424755,0.04266755611569588,0.06234580414182865
26051,GOF,0.021792153054992,0.7183005109497085,0.25990733599529947
26052,GOF,0.020766942103683163,0.7261242368686884,0.2531088210276283
26053,LOF,0.05786130785704992,0.14296668257560696,0.799172009567343
26054,LOF,0.07399046522055441,0.046397490519637374,0.8796120442598082
26055,LOF,0.08443307233214813,0.04092214378765665,0.8746447838801952
26056,LOF,0.05983647005727657,0.043302084748047184,0.8968614451946763
26057,LOF,0.07701987939474976,0.11644336445056146,0.8065367561546888
26058,LOF,0.07701987939474976,0.11644336445056146,0.8065367561546888
26059,Neutral,0.6642744199653486,0.07840374042514114,0.25732183960951016
26060,GOF,0.23006734371014942,0.5092781085355252,0.2606545477543253
26061,LOF,0.049307870160064625,0.04985228394254275,0.9008398458973925
26062,LOF,0.036183185813657086,0.0388213038926829,0.9249955102936599
26063,LOF,0.07701987939474976,0.11644336445056146,0.8065367561546888
26064,LOF,0.0481415487312413,0.028716818279701826,0.9231416329890568
26065,LOF,0.07701987939474976,0.11644336445056146,0.8065367561546888
26066,LOF,0.07701987939474976,0.11644336445056146,0.8065367561546888
26067,LOF,0.07701987939474976,0.11644336445056146,0.8065367561546888
26068,LOF,0.09104587191360024,0.03274008003786014,0.8762140480485396
26069,LOF,0.29130188127568607,0.045118500883059146,0.6635796178412549
26070,Neutral,0.624689554917578,0.026893941479620074,0.34841650360280174
26071,LOF,0.07701987939474976,0.11644336445056146,0.8065367561546888
26072,LOF,0.033720989877896804,0.07746003860523458,0.8888189715168686
26073,LOF,0.07701987939474976,0.11644336445056146,0.8065367561546888
26074,Neutral,0.9400400043071127,0.020080214740931406,0.03987978095195593
26075,LOF,0.074802702446174,0.07304002057136705,0.8521572769824589
26076,LOF,0.07701987939474976,0.11644336445056146,0.8065367561546888
26077,LOF,0.03580825924328212,0.10189146763742242,0.8623002731192956
26078,LOF,0.03226180578839021,0.08193627965818935,0.8858019145534205
26079,LOF,0.06217504895707168,0.042879489612293493,0.8949454614306347
26080,LOF,0.06217504895707168,0.042879489612293493,0.8949454614306347
26081,LOF,0.07701987939474976,0.11644336445056146,0.8065367561546888
26082,LOF,0.03423032534122641,0.04436146706638438,0.9214082075923892
26083,LOF,0.07701987939474976,0.11644336445056146,0.8065367561546888
26084,LOF,0.07701987939474976,0.11644336445056146,0.8065367561546888
26085,LOF,0.07701987939474976,0.11644336445056146,0.8065367561546888
26086,LOF,0.07701987939474976,0.11644336445056146,0.8065367561546888
26087,LOF,0.07701987939474976,0.11644336445056146,0.8065367561546888
26088,LOF,0.04170228238636023,0.08544614209027696,0.8728515755233629
26089,LOF,0.0718455430194643,0.03054671783684161,0.8976077391436941
26090,LOF,0.06365879837307876,0.02863235192453383,0.9077088497023874
26091,LOF,0.07701987939474976,0.11644336445056146,0.8065367561546888
26092,LOF,0.07701987939474976,0.11644336445056146,0.8065367561546888
26093,LOF,0.07701987939474976,0.11644336445056146,0.8065367561546888
26094,LOF,0.07701987939474976,0.11644336445056146,0.8065367561546888
26095,LOF,0.09901214756872241,0.03962295211084854,0.8613649003204291
26096,LOF,0.047075796226174006,0.03445249254877314,0.9184717112250528
26097,LOF,0.03491349500351419,0.07045102296582062,0.8946354820306651
26098,LOF,0.06870855070690345,0.02364628450280689,0.9076451647902896
26099,LOF,0.07701987939474976,0.11644336445056146,0.8065367561546888
26100,LOF,0.07701987939474976,0.11644336445056146,0.8065367561546888
26101,LOF,0.07701987939474976,0.11644336445056146,0.8065367561546888
26102,LOF,0.07701987939474976,0.11644336445056146,0.8065367561546888
26103,Neutral,0.7250649130687127,0.09678202881964756,0.17815305811163967
26104,LOF,0.061001058516705974,0.03942061529409104,0.8995783261892031
26105,GOF,0.10463794563850831,0.4782760239089793,0.41708603045251236
26106,LOF,0.1122778720286956,0.24613419102152875,0.6415879369497757
26107,LOF,0.17894654274513183,0.18971460468377274,0.6313388525710955
26108,LOF,0.08140360717944586,0.43693935865933664,0.4816570341612175
26109,LOF,0.08541513326556721,0.0706729264623786,0.8439119402720543
26110,LOF,0.30904615328684937,0.024815789287561243,0.6661380574255893
26111,GOF,0.20781347542637763,0.428668309794003,0.3635182147796194
26112,LOF,0.0911746532788024,0.0576975187432356,0.851127827977962
26113,LOF,0.0911746532788024,0.0576975187432356,0.851127827977962
26114,LOF,0.041791445666485745,0.03184348373413117,0.9263650705993831
26115,LOF,0.10501049649313812,0.05337020565612967,0.8416192978507323
26116,LOF,0.06989011081792809,0.07508793857844155,0.8550219506036304
26117,LOF,0.14009374288450274,0.20003109761343735,0.65987515950206
26118,LOF,0.07677541209195496,0.0817919842457018,0.8414326036623434
26119,LOF,0.034105115616044776,0.2489660710449358,0.7169288133390195
26120,LOF,0.07677541209195496,0.0817919842457018,0.8414326036623434
26121,LOF,0.05961200480835844,0.22620705203570787,0.7141809431559336
26122,LOF,0.0783712433792063,0.2685376586407725,0.6530910979800211
26123,LOF,0.06256708059728777,0.2490009701976649,0.6884319492050472
