feature0,prediction,LoGoFunc_Neutral,LoGoFunc_GOF,LoGoFunc_LOF
25546,Neutral,0.6130895373709064,0.05580270339688518,0.33110775923220837
25547,Neutral,0.4913878449372643,0.08872968375828208,0.41988247130445355
25548,Neutral,0.4901062425259463,0.07589201569540197,0.43400174177865175
25549,LOF,0.435417339756806,0.0779264057856188,0.48665625445757504
25550,LOF,0.34076849931718595,0.11078078136774822,0.5484507193150658
25551,LOF,0.3036254354796609,0.11923010634274321,0.5771444581775959
25552,LOF,0.26447654835234397,0.11869926966646534,0.6168241819811906
25553,Neutral,0.7820674542358172,0.04720532808445174,0.17072721767973092
25554,LOF,0.31011166999620404,0.11034571204406371,0.5795426179597323
25555,LOF,0.2614857256227982,0.10338640673442308,0.6351278676427787
25556,LOF,0.428991475491766,0.09567802143248161,0.4753305030757524
25557,LOF,0.25333152970887873,0.11135646551560822,0.635312004775513
25558,LOF,0.31111126634061903,0.1052687941190353,0.5836199395403456
25559,LOF,0.24756257356278075,0.13366333743893924,0.61877408899828
25560,LOF,0.13737168501314015,0.129310341886828,0.7333179731000318
25561,LOF,0.12616338892123535,0.1617848440740171,0.7120517670047475
25562,LOF,0.05654994204220227,0.08692090361312375,0.856529154344674
25563,LOF,0.016392754830739584,0.13993369017545193,0.8436735549938084
25564,LOF,0.12056122063885769,0.12307175190942247,0.7563670274517199
25565,LOF,0.21035315361155466,0.14391492660707628,0.645731919781369
25566,GOF,0.07734013785853121,0.6420943526807843,0.2805655094606846
25567,LOF,0.04710709395036573,0.20005838359868075,0.7528345224509535
25568,LOF,0.06411353481768285,0.10006403030844557,0.8358224348738715
25569,LOF,0.05987429545352679,0.09864669908692272,0.8414790054595506
25570,LOF,0.027792371963999776,0.1302282813715549,0.8419793466644454
25571,LOF,0.02765999742474152,0.13763862325175197,0.8347013793235066
25572,LOF,0.07078421425476249,0.15486866575802985,0.7743471199872076
25573,LOF,0.06422236945874402,0.11650640165165074,0.8192712288896052
25574,LOF,0.06373705452959298,0.24127725649167486,0.6949856889787323
25575,LOF,0.022891024946219692,0.14528282621194416,0.8318261488418361
25576,LOF,0.032388838248242374,0.1912842839890202,0.7763268777627375
25577,LOF,0.03606852137163404,0.14003585480618838,0.8238956238221776
25578,LOF,0.2835795710302693,0.12490809042652842,0.5915123385432022
25579,LOF,0.17487891523619464,0.12216430189688397,0.7029567828669213
25580,LOF,0.019486311976512006,0.1043350998381494,0.8761785881853386
25581,LOF,0.05174885715237099,0.09045069921321428,0.8578004436344147
25582,LOF,0.051453075412672224,0.08850876765698153,0.8600381569303462
25583,LOF,0.02210870053853099,0.11348123744746696,0.8644100620140021
25584,Neutral,0.6760162465576429,0.15501503618322943,0.1689687172591276
25585,LOF,0.022196601857924287,0.1893950585229386,0.7884083396191371
25586,LOF,0.017148913506671436,0.10076492482855932,0.8820861616647692
25587,LOF,0.016925643157800693,0.09368060162941606,0.8893937552127833
25588,LOF,0.019826291460670126,0.09772818072742269,0.8824455278119071
25589,Neutral,0.5104614207994026,0.2606957761728986,0.22884280302769872
25590,LOF,0.04812867966851667,0.15368788804534447,0.7981834322861387
25591,LOF,0.09152149032565016,0.07826884304017617,0.8302096666341737
25592,LOF,0.048940832944706705,0.19993818972719266,0.7511209773281007
25593,LOF,0.11764738465447344,0.32363858866552797,0.5587140266799986
25594,LOF,0.05048500549181124,0.10164918648855607,0.8478658080196327
25595,LOF,0.05388253704731611,0.0662892148976073,0.8798282480550766
25596,LOF,0.1056658800503515,0.03230023464430282,0.8620338853053457
25597,LOF,0.08520958408551779,0.038313578424632955,0.8764768374898492
25598,LOF,0.05087487252242389,0.06825256424985118,0.8808725632277248
25599,LOF,0.02301056145562989,0.4235466541321299,0.5534427844122402
25600,GOF,0.1757215675142408,0.4533593267869467,0.3709191056988125
25601,LOF,0.04498255900917951,0.3547931694375338,0.6002242715532866
25602,LOF,0.03327246107754862,0.06578492907253997,0.9009426098499114
25603,LOF,0.03741180444767937,0.047413624351888665,0.9151745712004319
25604,LOF,0.039199585280882555,0.08039841453747398,0.8804020001816435
25605,LOF,0.034417781913191385,0.1722465173632365,0.7933357007235722
25606,LOF,0.39898287231220175,0.12382813010685692,0.4771889975809414
25607,LOF,0.033063913392397226,0.16877266759528822,0.7981634190123145
25608,LOF,0.03864721473182675,0.10499515345099247,0.8563576318171807
25609,GOF,0.12549957196296357,0.5514194130098521,0.32308101502718434
25610,LOF,0.01584301039374511,0.05100715928145163,0.9331498303248034
25611,LOF,0.013278577446304608,0.05246622178145831,0.9342552007722371
25612,LOF,0.04416557964259872,0.07968754730284024,0.876146873054561
25613,LOF,0.04209630794218506,0.07741925708077575,0.8804844349770392
25614,LOF,0.021503767427762735,0.04582892396248519,0.9326673086097522
25615,LOF,0.04615913112274598,0.07322941245381794,0.8806114564234361
25616,LOF,0.04602248801997238,0.05111282275682269,0.902864689223205
25617,LOF,0.0389297830327855,0.06464366319662879,0.8964265537705857
25618,LOF,0.04202296720242895,0.06706880167052295,0.890908231127048
25619,LOF,0.012723865825012257,0.06656310722700091,0.9207130269479868
25620,LOF,0.05028650417653921,0.0753250743823019,0.8743884214411589
25621,LOF,0.06098497901632515,0.05743819424584544,0.8815768267378294
25622,LOF,0.06694133989302388,0.06238879913284646,0.8706698609741296
25623,LOF,0.06845777140793068,0.05715213140666225,0.8743900971854072
25624,LOF,0.016759856398610797,0.061829917856129894,0.9214102257452593
25625,LOF,0.06482365156825864,0.05831055453732777,0.8768657938944135
25626,LOF,0.042927429040000936,0.07607525452459046,0.8809973164354086
25627,Neutral,0.8863864570692094,0.024931879418150386,0.08868166351264031
25628,LOF,0.15600073300656864,0.06479272988073743,0.7792065371126938
25629,LOF,0.06399640316162215,0.05342072879297215,0.8825828680454058
25630,LOF,0.30352199475533725,0.07540401655298688,0.6210739886916757
25631,Neutral,0.5441549424121923,0.07325026521180315,0.38259479237600463
25632,LOF,0.02619660247875139,0.07035287225477867,0.9034505252664701
25633,LOF,0.19924329315922687,0.04404031700834322,0.7567163898324298
25634,LOF,0.03593303986707722,0.08597192269353716,0.8780950374393857
25635,LOF,0.034315756328916765,0.045589144469095795,0.9200950992019874
25636,LOF,0.03821927796272468,0.4547534956680559,0.5070272263692194
25637,GOF,0.06354365191445924,0.5082303330372292,0.4282260150483116
25638,LOF,0.03278298688582838,0.38626437285207593,0.5809526402620957
25639,LOF,0.03363576652518625,0.4260267213855318,0.5403375120892819
25640,Neutral,0.8379599695432597,0.10855947233889959,0.053480558117840735
25641,GOF,0.09017876292370906,0.5196134298215664,0.3902078072547244
25642,LOF,0.07147884464995441,0.1833200537636901,0.7452011015863556
25643,LOF,0.21209501754212853,0.1335102386534708,0.6543947438044007
25644,GOF,0.015216190785680855,0.5230771403203193,0.46170666889399986
25645,LOF,0.014564039360503923,0.4722229566298234,0.5132130040096726
25646,LOF,0.04128630659439562,0.3281019396087621,0.6306117537968423
25647,LOF,0.016522754300381623,0.25187141721278883,0.7316058284868296
25648,LOF,0.019829061852525625,0.26872095901820026,0.7114499791292741
25649,LOF,0.011748703001204227,0.2172436236339866,0.7710076733648091
25650,LOF,0.031015445525410936,0.4589235951072568,0.5100609593673324
25651,LOF,0.011943828562761594,0.28727498883361885,0.7007811826036194
25652,LOF,0.019276181859155753,0.27434642207843934,0.7063773960624049
25653,LOF,0.06088220853429819,0.4405399383351781,0.49857785313052383
25654,LOF,0.013307833710549492,0.2078719430711191,0.7788202232183313
25655,GOF,0.179520253414838,0.4358662764692622,0.38461347011589986
25656,LOF,0.34287434298251107,0.08442658370730942,0.5726990733101794
25657,LOF,0.054285918039050814,0.08312286018762191,0.8625912217733274
25658,LOF,0.3231481262555725,0.08859647813316654,0.588255395611261
25659,Neutral,0.4673586352948976,0.12239642587049591,0.41024493883460644
25660,LOF,0.023306282548175437,0.09708503150164607,0.8796086859501785
25661,LOF,0.09507194033888458,0.06373766093678444,0.841190398724331
25662,LOF,0.03605851088886816,0.034806686158455544,0.9291348029526764
25663,LOF,0.042981539643597716,0.04662002079235646,0.9103984395640459
25664,LOF,0.14385766405436426,0.06146853916516047,0.7946737967804753
25665,LOF,0.06152939529785556,0.030473492187958855,0.9079971125141856
25666,LOF,0.10048800876666593,0.0606037400281515,0.8389082512051826
25667,LOF,0.0774898412434462,0.04084070999523958,0.8816694487613141
25668,LOF,0.03796954468256501,0.052200896031415825,0.9098295592860192
25669,LOF,0.03140328315807374,0.04624341355766762,0.9223533032842587
25670,LOF,0.15799157178092038,0.0561624727130915,0.7858459555059881
25671,LOF,0.1245209977943008,0.035238177562071926,0.8402408246436274
25672,LOF,0.05250450067603733,0.043386684346275586,0.9041088149776871
25673,LOF,0.08004316279278796,0.054710510391515164,0.8652463268156968
25674,LOF,0.06805180608640131,0.06412791095411068,0.867820282959488
25675,LOF,0.11705586161134335,0.05993261018298036,0.8230115282056764
25676,LOF,0.019752877388246364,0.0544780852352611,0.9257690373764925
25677,LOF,0.025627434325192478,0.0703127127477291,0.9040598529270785
25678,LOF,0.22554808705121288,0.07742171241826092,0.6970302005305261
25679,LOF,0.12358829802607053,0.07538059265604005,0.8010311093178895
25680,LOF,0.036316266725069504,0.117651849137601,0.8460318841373294
25681,LOF,0.05043834416828904,0.10901342247736365,0.8405482333543473
25682,LOF,0.14522854913288316,0.07160130853414334,0.7831701423329736
25683,LOF,0.12378305471098802,0.08380510882763101,0.7924118364613809
25684,LOF,0.041673413336482716,0.06549977494778778,0.8928268117157294
25685,LOF,0.1337972504473816,0.07228698157718061,0.7939157679754378
25686,LOF,0.0834836207145631,0.10315985978988959,0.8133565194955473
25687,LOF,0.13139778302938132,0.10757703173734695,0.7610251852332717
25688,LOF,0.3677578295892021,0.04573055239620037,0.5865116180145976
25689,LOF,0.26923828218030843,0.05337470252738711,0.6773870152923045
25690,LOF,0.355140316727125,0.04098392922889921,0.6038757540439759
25691,Neutral,0.7040893323289565,0.035190867189545956,0.2607198004814975
25692,LOF,0.36875517014823544,0.012903004138241247,0.6183418257135233
25693,LOF,0.05004155944525222,0.42041736917155637,0.5295410713831915
25694,LOF,0.12055960292414922,0.01618035478616342,0.8632600422896873
25695,LOF,0.11618208755867822,0.014044320654106424,0.8697735917872154
25696,LOF,0.13424993779329655,0.00938312412896865,0.8563669380777348
25697,LOF,0.08708076642067282,0.05185836092989297,0.8610608726494342
25698,LOF,0.3664300128208461,0.14468234060792462,0.48888764657122924
25699,Neutral,0.5398217311330155,0.04433172876525459,0.41584654010173006
25700,LOF,0.08244419598382903,0.009895072887585237,0.9076607311285858
25701,LOF,0.2217540760370747,0.046715464383759286,0.7315304595791661
25702,GOF,0.1813718880123375,0.5992200395921775,0.21940807239548496
25703,LOF,0.017849135812836314,0.14426306524354202,0.8378877989436216
25704,LOF,0.03862440760970244,0.10660256021769708,0.8547730321726005
25705,LOF,0.05159071235799542,0.15130990206987463,0.79709938557213
25706,LOF,0.11208886062149812,0.44083653567398356,0.44707460370451824
25707,LOF,0.09284844165251666,0.37972775853869206,0.5274237998087913
25708,LOF,0.031851209620264456,0.32736285162572837,0.6407859387540071
25709,LOF,0.06729579878544298,0.04849985396794073,0.8842043472466163
25710,LOF,0.011285857007051014,0.16965499894835126,0.8190591440445978
25711,LOF,0.020884289131755784,0.08682013010885924,0.892295580759385
25712,LOF,0.013867462533259205,0.2095084656029881,0.7766240718637526
25713,LOF,0.01876795261528455,0.08615764784150381,0.8950743995432117
25714,LOF,0.07730198933173466,0.08427008673830783,0.8384279239299575
25715,LOF,0.011477083820906038,0.1504940839323779,0.838028832246716
25716,LOF,0.010944795209620169,0.12076423057109296,0.8682909742192869
25717,LOF,0.015031411866692412,0.08276030747450414,0.9022082806588034
25718,LOF,0.011603848893000389,0.0971129497233795,0.89128320138362
25719,LOF,0.020446321016684182,0.0841516168721865,0.8954020621111293
25720,LOF,0.025277227103850757,0.07696450417677166,0.8977582687193776
25721,LOF,0.01362580690664612,0.1316795833776759,0.854694609715678
25722,LOF,0.014486313371315826,0.13615892494516005,0.8493547616835241
25723,LOF,0.023575491697381573,0.05402543040024467,0.9223990779023737
25724,LOF,0.032863356968559215,0.09132738265681417,0.8758092603746266
25725,LOF,0.011923832961499287,0.08495399568936837,0.9031221713491323
25726,LOF,0.016721565310983393,0.12360275064741497,0.8596756840416017
25727,LOF,0.012487734044725403,0.09069602491453309,0.8968162410407415
25728,LOF,0.010432492463873243,0.11419412988648461,0.8753733776496423
25729,LOF,0.010680959332666058,0.11446454900790448,0.8748544916594294
25730,LOF,0.014244043699098532,0.09493252655496445,0.890823429745937
25731,LOF,0.01922896779180445,0.11120244908518673,0.8695685831230088
25732,LOF,0.013955053783450145,0.08291130674477702,0.9031336394717728
25733,LOF,0.01631501154754032,0.07547584975842471,0.9082091386940351
25734,LOF,0.010352072806360338,0.13157106857173329,0.8580768586219063
25735,LOF,0.012103057875023247,0.08692607256547007,0.9009708695595067
25736,LOF,0.013194181209625917,0.10892143456817432,0.8778843842221997
25737,LOF,0.012406106023195137,0.07974184607823162,0.9078520478985732
25738,LOF,0.01186273543657852,0.12100918672253581,0.8671280778408856
25739,LOF,0.021089345357166014,0.0857434793976241,0.8931671752452099
25740,LOF,0.027354323934617654,0.12657241496074143,0.8460732611046409
25741,LOF,0.014997113769640228,0.13053637750052502,0.8544665087298348
25742,LOF,0.1270312904607046,0.08825246834118147,0.7847162411981139
25743,LOF,0.036015226552792594,0.0629308456706618,0.9010539277765456
25744,Neutral,0.5727608137584065,0.2563008824126465,0.17093830382894706
25745,LOF,0.062385167691915246,0.09082384570861689,0.8467909865994679
25746,LOF,0.04253204696244856,0.11607019096380834,0.8413977620737431
25747,LOF,0.019303615694854892,0.07990717520690302,0.9007892090982421
25748,LOF,0.10818930918182994,0.12763766719887895,0.7641730236192912
25749,LOF,0.0230285982324706,0.11153663519873515,0.8654347665687943
25750,LOF,0.07610578915749551,0.10480165205066656,0.819092558791838
25751,LOF,0.07899083727587346,0.1450161147814077,0.775993047942719
25752,GOF,0.11383781172151534,0.6369567845309974,0.2492054037474874
25753,LOF,0.023410163881148242,0.2578075525731733,0.7187822835456784
25754,GOF,0.014085140925652745,0.7984113570605537,0.18750350201379365
25755,LOF,0.0261171723819274,0.3835841266548017,0.5902987009632709
25756,LOF,0.05221369625350458,0.35773336009294787,0.5900529436535477
25757,GOF,0.018456360055216822,0.826822788488644,0.15472085145613917
25758,GOF,0.03257862646725972,0.7915932391661704,0.17582813436656972
25759,GOF,0.011154423185386049,0.5912150409706511,0.3976305358439629
25760,LOF,0.01480238334821727,0.2635213776687845,0.7216762389829983
25761,GOF,0.29388979629835876,0.606902710552705,0.09920749314893638
25762,LOF,0.0469585211873723,0.2667300419478015,0.6863114368648262
25763,LOF,0.014446576942379975,0.21523352659300754,0.7703198964646125
25764,GOF,0.08481846132027139,0.6331222421072561,0.28205929657247264
25765,GOF,0.040193191053716895,0.736067020813341,0.22373978813294224
25766,GOF,0.0743733097253492,0.7421592191059238,0.18346747116872705
25767,GOF,0.14025293399619546,0.5726174089269925,0.28712965707681193
25768,LOF,0.10647568013112249,0.05562828002258497,0.8378960398462926
25769,LOF,0.05498849475506018,0.06329120845813183,0.8817202967868081
25770,LOF,0.3140632342280528,0.10785739085853004,0.5780793749134172
25771,LOF,0.052447695917069034,0.05138043554225139,0.8961718685406795
25772,LOF,0.019005472738162096,0.04872438642867299,0.932270140833165
25773,LOF,0.04947920703512375,0.09213216224444143,0.8583886307204347
25774,LOF,0.028350024368829562,0.08809808909749609,0.8835518865336743
25775,LOF,0.05011195724664861,0.05438749331716464,0.8955005494361868
25776,LOF,0.0734908782815196,0.029756628601609315,0.896752493116871
25777,LOF,0.3638799117373423,0.06453899418070055,0.5715810940819571
25778,LOF,0.07327901011723895,0.051616660422851554,0.8751043294599095
25779,GOF,0.3382345601493821,0.6132943621700454,0.048471077680572544
25780,GOF,0.32748084114058756,0.5972465167599558,0.07527264209945665
25781,GOF,0.13607232261986763,0.7573401950648251,0.10658748231530743
25782,GOF,0.19638530273636604,0.7208275298933036,0.08278716737033039
25783,GOF,0.020090777274169632,0.6362881510931918,0.3436210716326385
25784,Neutral,0.4852950199896241,0.46750540640752364,0.04719957360285218
25785,GOF,0.4578676029089016,0.5020709061844886,0.04006149090660974
25786,GOF,0.027213970591039964,0.7475902118565231,0.22519581755243687
25787,Neutral,0.6329986828085282,0.3402898308028955,0.026711486388576296
25788,LOF,0.057132156007987704,0.10189193939057929,0.840975904601433
25789,GOF,0.21823265690590388,0.6366423528966617,0.1451249901974345
25790,GOF,0.21813913868255638,0.6828144247418684,0.09904643657557533
25791,GOF,0.14608402924386124,0.6922123717314413,0.16170359902469744
25792,GOF,0.3461701970999567,0.5268837107300958,0.12694609216994746
25793,GOF,0.25984646923676197,0.535770229463971,0.20438330129926696
25794,GOF,0.3124032600567718,0.5182193771995638,0.16937736274366436
25795,GOF,0.0744127604908641,0.6709867615116505,0.25460047799748553
25796,Neutral,0.5327609679229826,0.38822341716302466,0.07901561491399284
25797,GOF,0.08031130097355983,0.5331060122374314,0.3865826867890088
25798,GOF,0.009043934800081125,0.5264560163654131,0.46450004883450585
25799,LOF,0.007704847940484796,0.41798758564467703,0.5743075664148382
25800,GOF,0.03386239035030609,0.6088440989067082,0.35729351074298576
25801,GOF,0.21576893295195582,0.6876256619777156,0.09660540507032858
25802,GOF,0.05301208242578161,0.7105782575976728,0.23640965997654564
25803,GOF,0.031600776749749454,0.5986907040729188,0.36970851917733183
25804,GOF,0.029859223592302704,0.5271442740751389,0.4429965023325584
25805,GOF,0.09498112018252965,0.5935410163570886,0.31147786346038187
25806,GOF,0.10604515869079892,0.6276729239321603,0.2662819173770406
25807,GOF,0.019280989930502538,0.6280203699019785,0.352698640167519
25808,GOF,0.09364088667672843,0.6133888815901971,0.2929702317330744
25809,GOF,0.018847389579674734,0.6250216196747944,0.35613099074553084
25810,GOF,0.018044310347029184,0.6341188132675627,0.34783687638540817
25811,Neutral,0.4766067086735446,0.45387798962606146,0.0695153017003939
25812,GOF,0.03082210531741744,0.6274995196986429,0.3416783749839396
25813,Neutral,0.5171694351471641,0.37547931072920293,0.10735125412363311
25814,GOF,0.10781320812218739,0.628904522074909,0.26328226980290365
25815,GOF,0.18827124539647044,0.6027207226044746,0.20900803199905488
25816,GOF,0.01900194571601755,0.6590995834817958,0.3218984708021867
25817,GOF,0.23252913418684779,0.628527411688011,0.1389434541251413
25818,GOF,0.051719518942282695,0.5721618966223598,0.3761185844353575
25819,GOF,0.3652963978942,0.4735218943100761,0.16118170779572386
25820,GOF,0.15507697110451324,0.5998817693567214,0.2450412595387652
25821,GOF,0.05229921151066442,0.6417259807124399,0.3059748077768956
25822,GOF,0.1959888213349511,0.5392738770922102,0.2647373015728386
25823,GOF,0.027392794932742087,0.4976290190462835,0.4749781860209746
25824,GOF,0.07251871801044607,0.5465342218788588,0.38094706011069523
25825,GOF,0.026756125027639115,0.5385469088487205,0.43469696612364045
25826,GOF,0.010403335109186316,0.5192387626333069,0.4703579022575068
25827,GOF,0.020793037585343465,0.5716605968941331,0.4075463655205234
25828,GOF,0.013813351434979112,0.5026805431305743,0.48350610543444655
25829,GOF,0.006446283060482844,0.5570107580477978,0.4365429588917193
25830,LOF,0.03781555198304643,0.28778644865490505,0.6743979993620486
25831,GOF,0.1834392115089375,0.6419446555405691,0.17461613295049336
25832,GOF,0.03026638819530625,0.6670797576842272,0.30265385412046647
25833,GOF,0.11963422156972364,0.6794940304896042,0.20087174794067222
25834,GOF,0.03943690535347867,0.6654920846677314,0.29507100997879
25835,GOF,0.07923796089000922,0.6993118370811491,0.2214502020288417
25836,GOF,0.04116200126921377,0.6402195786328845,0.3186184200979018
25837,GOF,0.025688442999510095,0.5268060931920895,0.44750546380840034
25838,GOF,0.08343999962071046,0.717950153339682,0.19860984703960746
25839,GOF,0.2660946213549641,0.560255418505885,0.173649960139151
25840,GOF,0.22246469117919318,0.6032628420768825,0.17427246674392438
25841,GOF,0.21670842930437167,0.6057651660414518,0.1775264046541766
25842,GOF,0.18523082207619043,0.6590533299272301,0.1557158479965795
25843,GOF,0.23960479279875346,0.6437668026179115,0.11662840458333498
25844,GOF,0.06868737962593802,0.6746251353293808,0.2566874850446811
25845,LOF,0.015457154739606866,0.4845338747412489,0.5000089705191442
25846,GOF,0.1161316603059061,0.6862138137943933,0.19765452589970056
25847,GOF,0.11769745667582154,0.7567488199278811,0.12555372339629745
25848,GOF,0.03697040212401475,0.6760627448265754,0.28696685304940983
25849,GOF,0.011279842155765909,0.5640780793475407,0.4246420784966935
25850,GOF,0.0227090832140455,0.6248413513648423,0.35244956542111217
25851,GOF,0.018333118577504106,0.5304946689320704,0.45117221249042555
25852,GOF,0.1609542972847833,0.5567884887431458,0.2822572139720708
25853,GOF,0.33809238029991295,0.5914680003650362,0.07043961933505075
25854,GOF,0.020481912889526496,0.6288506213597715,0.350667465750702
25855,GOF,0.034099302798837765,0.567799358454307,0.3981013387468553
25856,GOF,0.2343643098366733,0.5427287610708742,0.22290692909245247
25857,GOF,0.03433632779807834,0.4880120391932745,0.4776516330086471
25858,GOF,0.017034849807075415,0.5286602123429105,0.45430493785001413
25859,GOF,0.009824372820965687,0.5164761698684006,0.47369945731063373
25860,GOF,0.34895494679419264,0.5685811803697254,0.08246387283608203
25861,GOF,0.417361200305618,0.5057196580375899,0.07691914165679196
25862,GOF,0.08717290991285445,0.7425083589608682,0.1703187311262774
25863,GOF,0.08252563131155777,0.7556333030159487,0.16184106567249354
25864,GOF,0.19573159299341533,0.7093099066569896,0.09495850034959501
25865,GOF,0.08507252263621645,0.7776325145407723,0.1372949628230113
25866,GOF,0.06197611564066255,0.7859507535561536,0.1520731308031839
25867,GOF,0.07892969069641284,0.8059138174630898,0.11515649184049755
25868,GOF,0.2611527220422516,0.6440842545283917,0.0947630234293567
25869,Neutral,0.6606314367585733,0.2998619825456487,0.03950658069577816
25870,LOF,0.3014367294297178,0.3469376911801613,0.35162557939012085
25871,GOF,0.19524507664042032,0.6332828356938575,0.17147208766572206
25872,GOF,0.07674551427222472,0.6188282442533825,0.30442624147439284
25873,GOF,0.12910275328405735,0.6233649459222999,0.24753230079364266
25874,LOF,0.018068367569514313,0.10953201526604582,0.8723996171644398
25875,LOF,0.10102161773146266,0.0351094746010014,0.8638689076675359
25876,LOF,0.04290889171591351,0.04523900123689678,0.9118521070471898
25877,Neutral,0.5405984436834917,0.03913972812875899,0.4202618281877493
25878,LOF,0.24419610096902314,0.07059692815449511,0.6852069708764817
25879,LOF,0.09609771343720803,0.06496017408963148,0.8389421124731605
25880,LOF,0.02350368265415913,0.021716492523889828,0.954779824821951
25881,LOF,0.1884020887588046,0.09733779112004262,0.7142601201211528
25882,LOF,0.06974022547537556,0.014352311451666004,0.9159074630729583
25883,LOF,0.0813582974820762,0.016016371874510976,0.9026253306434129
25884,LOF,0.03965845183006443,0.027334581528406038,0.9330069666415296
25885,LOF,0.06650721792807567,0.010124245176787358,0.9233685368951369
25886,LOF,0.3480801743720398,0.026562735062305644,0.6253570905656546
25887,LOF,0.1626426966819454,0.05258834842152705,0.7847689548965274
25888,LOF,0.0661014769859328,0.04709863651825318,0.886799886495814
25889,LOF,0.05121742136289354,0.016593819220118683,0.9321887594169878
25890,LOF,0.04914179565232025,0.1357900471501768,0.8150681571975029
25891,LOF,0.041154105820986345,0.049437544521154834,0.9094083496578588
25892,LOF,0.0959123225624966,0.021994145432138283,0.8820935320053651
25893,LOF,0.28100956721937803,0.015974759690891738,0.7030156730897302
25894,LOF,0.1855709326656713,0.00921630221382913,0.8052127651204997
25895,LOF,0.20832320336386717,0.019233296763411806,0.772443499872721
25896,LOF,0.048753184708649144,0.017846235467581333,0.9334005798237696
25897,LOF,0.2639562960167465,0.012546326571137209,0.7234973774121163
25898,Neutral,0.7269777424934656,0.009225994585762943,0.2637962629207713
25899,LOF,0.2584653183969049,0.02124342612252027,0.7202912554805748
25900,LOF,0.4637289796046971,0.015082976284212287,0.5211880441110905
25901,LOF,0.0586770983810944,0.01033233504993184,0.9309905665689737
25902,LOF,0.1964307588515219,0.010187481860563542,0.7933817592879145
25903,Neutral,0.5523581244095186,0.027012881233138202,0.4206289943573433
25904,LOF,0.3078720532800005,0.04287964145807094,0.6492483052619284
25905,LOF,0.022580838678596928,0.3002431327878913,0.6771760285335118
25906,LOF,0.023819988901763598,0.06645892781301056,0.9097210832852258
25907,LOF,0.01538828496397944,0.3052423443429548,0.6793693706930658
25908,LOF,0.011248778797359365,0.21434003929311443,0.7744111819095262
25909,LOF,0.013714827865944105,0.1309852749804197,0.8552998971536362
25910,LOF,0.049724207188279385,0.12338429694755756,0.8268914958641631
25911,LOF,0.1479474580751376,0.026017621583041075,0.8260349203418214
25912,LOF,0.043017233669519525,0.04423925755066453,0.9127435087798159
25913,LOF,0.30137799936867105,0.020610182980537666,0.6780118176507913
25914,LOF,0.019847920545305476,0.11838507388533637,0.8617670055693581
25915,Neutral,0.392556978283953,0.3865372353268767,0.2209057863891703
25916,LOF,0.05828280918669828,0.4006945931254901,0.5410225976878116
25917,LOF,0.05512972166510977,0.07673350909941282,0.8681367692354773
25918,LOF,0.02864293133697932,0.07525270220169177,0.896104366461329
25919,LOF,0.023664570877811462,0.07867487153856112,0.8976605575836275
25920,GOF,0.10731225633826579,0.4600886934445105,0.4325990502172236
25921,LOF,0.027784840980252527,0.026418449236563935,0.9457967097831836
25922,LOF,0.038773998982683855,0.017534670968529294,0.9436913300487868
25923,LOF,0.42675100871098126,0.021993516088812285,0.5512554752002065
25924,LOF,0.035760656230496644,0.03959975316544982,0.9246395906040535
25925,LOF,0.06834351607526697,0.027049836822177136,0.9046066471025559
25926,LOF,0.049782350626108265,0.02089704441491127,0.9293206049589805
25927,LOF,0.07652549636644575,0.08392721528869546,0.8395472883448588
25928,LOF,0.02098130605474751,0.035360098657957084,0.9436585952872955
25929,Neutral,0.5606020761050299,0.024365429036719916,0.41503249485825017
25930,LOF,0.05540853160953098,0.01955254483271015,0.9250389235577589
25931,LOF,0.029254394303533545,0.02258964910597599,0.9481559565904905
25932,LOF,0.02650807095495181,0.0199866884299398,0.9535052406151083
25933,LOF,0.03781828353035027,0.013665127369840263,0.9485165890998095
25934,LOF,0.023461730938661222,0.015854726155557313,0.9606835429057814
25935,LOF,0.06275645978326957,0.031640682737288504,0.905602857479442
25936,LOF,0.04670730807676265,0.019620392755683173,0.9336722991675542
25937,LOF,0.027139529928671444,0.027553353238982923,0.9453071168323456
25938,LOF,0.06666752627370878,0.030576940373199465,0.9027555333530919
25939,LOF,0.0356542467299789,0.01214339332571776,0.9522023599443035
25940,LOF,0.03093035908977417,0.39092245718542057,0.5781471837248052
25941,LOF,0.18290342032789145,0.0872295941204574,0.7298669855516512
25942,LOF,0.01757518909469668,0.028463103257759,0.9539617076475444
25943,LOF,0.32266146171605975,0.0503465135686677,0.6269920247152726
25944,Neutral,0.4927149257123648,0.0246808972673207,0.4826041770203145
25945,LOF,0.07039808264000162,0.02077912187301051,0.908822795486988
25946,LOF,0.02857991094644858,0.1129170794161224,0.858503009637429
25947,LOF,0.1260540175329891,0.2286234111097635,0.6453225713572475
25948,LOF,0.4324625700849512,0.010200916497398549,0.5573365134176502
25949,LOF,0.101598974852342,0.049028899499162205,0.8493721256484958
25950,GOF,0.2660531815429436,0.4436954195060662,0.2902513989509901
25951,LOF,0.26117277782244563,0.23549639508316908,0.5033308270943853
25952,LOF,0.04299219851073495,0.44197604463609397,0.515031756853171
25953,LOF,0.12518360395614261,0.1159151762306836,0.7589012198131737
25954,Neutral,0.42462628939570807,0.22377925405817764,0.3515944565461143
25955,LOF,0.052356787738997726,0.08698060446415916,0.8606626077968432
25956,LOF,0.17297838225978915,0.09050118863656564,0.7365204291036452
25957,LOF,0.03771167394612893,0.03431062763220433,0.9279776984216667
25958,LOF,0.06019017630941738,0.027746974115445484,0.9120628495751372
25959,LOF,0.0712484314310047,0.33397365721791994,0.5947779113510754
25960,LOF,0.020521759884101376,0.05376718479554258,0.9257110553203561
25961,LOF,0.05118959341646908,0.02993468026919106,0.9188757263143398
25962,LOF,0.053806637405599524,0.034059519522546634,0.9121338430718537
25963,LOF,0.047939895897832416,0.18664672543664246,0.7654133786655251
25964,LOF,0.03677399718232481,0.14197136446775405,0.8212546383499212
25965,LOF,0.44300008608320335,0.08608393158334215,0.47091598233345444
25966,Neutral,0.4536148293910309,0.11069820967665105,0.43568696093231796
25967,LOF,0.013744969820273198,0.06379088987758258,0.9224641403021443
25968,GOF,0.031110910262784095,0.5153966815749554,0.45349240816226044
25969,LOF,0.024204400691690362,0.0633717982397207,0.9124238010685889
25970,LOF,0.06400160081723388,0.0532677394851351,0.882730659697631
25971,LOF,0.0759759950906489,0.015506202608484126,0.908517802300867
25972,LOF,0.07404844472027833,0.019630354525392458,0.9063212007543291
25973,LOF,0.09451504678174458,0.008166561264972942,0.8973183919532824
25974,LOF,0.20549816332201484,0.02033810798414566,0.7741637286938394
25975,LOF,0.05888385028597901,0.02674076294177228,0.9143753867722486
25976,LOF,0.05354574816285525,0.013564663525027101,0.9328895883121175
25977,LOF,0.15281121542162673,0.09460738063111285,0.7525814039472605
25978,LOF,0.15045725273208138,0.04471465051374533,0.8048280967541733
25979,LOF,0.135124947578166,0.04718256142557499,0.8176924909962591
25980,LOF,0.19237981744989033,0.05984926007925188,0.7477709224708579
25981,LOF,0.2236361846404575,0.05786658167993816,0.7184972336796043
25982,LOF,0.378921401317713,0.03894334982784493,0.582135248854442
25983,LOF,0.3791960211291468,0.04395806296531833,0.5768459159055349
25984,LOF,0.0541295400250751,0.050545373407354786,0.8953250865675701
25985,LOF,0.027958497454969308,0.23446593654597417,0.7375755659990565
25986,LOF,0.04026801922617179,0.2448389998482151,0.7148929809256129
25987,LOF,0.07667446679944104,0.06491963260387659,0.8584059005966823
25988,LOF,0.13733527553270816,0.05425217689860569,0.8084125475686862
25989,LOF,0.028757710866372733,0.10154225789535848,0.8697000312382688
25990,LOF,0.0369399852304659,0.1306353940451655,0.8324246207243686
25991,LOF,0.21283010264950863,0.2825239509778385,0.5046459463726528
25992,LOF,0.38553127077313204,0.14211301167557908,0.47235571755128886
25993,LOF,0.02349805579278401,0.06832944515842801,0.9081724990487879
25994,LOF,0.01826118537930626,0.1040549176069067,0.8776838970137871
25995,LOF,0.024881638595422282,0.1848216068251904,0.7902967545793874
25996,GOF,0.3166893026648374,0.3993903403301788,0.2839203570049837
25997,LOF,0.11736837548663105,0.43857026195540083,0.444061362557968
25998,Neutral,0.531824279566993,0.026575310336958938,0.44160041009604806
25999,LOF,0.12243143365761054,0.1099386791969128,0.7676298871454766
26000,LOF,0.17429520528115464,0.02593720184056549,0.7997675928782799
26001,LOF,0.21729158931084017,0.028426360306661007,0.7542820503824988
26002,LOF,0.1275973365912305,0.029128025272362943,0.8432746381364065
26003,GOF,0.011317507530052517,0.567578121052595,0.42110437141735263
26004,GOF,0.023745917139573938,0.6267638411634726,0.3494902416969534
26005,LOF,0.009339169505856582,0.42860887539123604,0.5620519551029073
26006,Neutral,0.5200184024448209,0.21702093987306015,0.26296065768211885
26007,GOF,0.02262306868412779,0.496787948668464,0.48058898264740824
26008,GOF,0.020359436413200465,0.5334814457555844,0.4461591178312151
26009,GOF,0.025372864184015145,0.5732629563070055,0.40136417950897946
26010,GOF,0.03225583085571429,0.5714091415760083,0.39633502756827743
26011,LOF,0.007843493142749708,0.4158897289559507,0.5762667779012995
26012,GOF,0.016333844266592693,0.5201779470461968,0.4634882086872104
26013,GOF,0.022716688097341786,0.5603873767516484,0.41689593515100964
26014,LOF,0.03998061433764007,0.14118914096150598,0.818830244700854
26015,LOF,0.24736436523210062,0.007598538537759446,0.7450370962301399
26016,LOF,0.24616173676642314,0.038132575393467365,0.7157056878401096
26017,LOF,0.2628363460912725,0.05830548505352464,0.678858168855203
26018,LOF,0.1067200568927824,0.03490555182922003,0.8583743912779976
26019,LOF,0.10167843382088754,0.026357382421341835,0.8719641837577707
26020,LOF,0.06929384223601948,0.08459055324629007,0.8461156045176905
26021,LOF,0.04983963814956554,0.10047243948272093,0.8496879223677135
26022,LOF,0.013116413055494748,0.034213582765442355,0.9526700041790629
26023,LOF,0.12505084890006707,0.020251007760783063,0.85469814333915
26024,LOF,0.03194311316927653,0.10263394841998216,0.8654229384107412
26025,LOF,0.17605533328870043,0.08715133034975997,0.7367933363615397
26026,LOF,0.34012552723890965,0.02043680288298854,0.6394376698781018
26027,LOF,0.09788102371999531,0.013944294117572984,0.8881746821624318
26028,LOF,0.14584259396158022,0.07215288484001602,0.7820045211984038
26029,LOF,0.06808831807991123,0.19911620688612108,0.7327954750339677
26030,LOF,0.022616761821652655,0.06018772649742154,0.9171955116809258
26031,LOF,0.026185805040594548,0.1537383940154206,0.8200758009439848
26032,LOF,0.061951008731418004,0.0657413303089082,0.8723076609596737
26033,LOF,0.11040746767911756,0.08638071138227404,0.8032118209386083
26034,LOF,0.0429523768401159,0.16294115048054264,0.7941064726793415
26035,LOF,0.02548065977322333,0.15183786410713543,0.8226814761196413
26036,LOF,0.03822783139824886,0.18297379701076458,0.7787983715909865
26037,LOF,0.021830282995113373,0.13149968959477618,0.8466700274101104
26038,LOF,0.05694921512300267,0.06867744042229432,0.874373344454703
26039,LOF,0.05280238441385612,0.16349141464207373,0.7837062009440702
26040,LOF,0.1757482369215917,0.1476733941008785,0.6765783689775299
26041,LOF,0.02129381154977995,0.12658989238229923,0.8521162960679207
26042,LOF,0.021362869368381145,0.11988904136246312,0.8587480892691557
26043,LOF,0.05627807583109951,0.08666802428248295,0.8570538998864176
26044,LOF,0.019444853589118207,0.07668903668948855,0.9038661097213934
26045,LOF,0.06839132158773559,0.11120888982403808,0.8203997885882264
26046,LOF,0.05823598740361592,0.08448384094051259,0.8572801716558716
26047,LOF,0.0841936903862747,0.08905021218381708,0.8267560974299082
26048,LOF,0.048017218981223714,0.05019387719588172,0.9017889038228946
26049,Neutral,0.9588337791242973,0.00847332107048895,0.03269289980521389
26050,Neutral,0.9442615413769359,0.010808541316809547,0.04492991730625463
26051,LOF,0.04124316554674196,0.2455896730014992,0.7131671614517588
26052,LOF,0.06585285583498485,0.2883426025304622,0.6458045416345529
26053,LOF,0.05805155547708991,0.12559025983460134,0.8163581846883089
26054,LOF,0.055379541007740736,0.018902689210773913,0.9257177697814853
26055,LOF,0.07337671247457385,0.016708619047694495,0.9099146684777316
26056,LOF,0.06034778662738743,0.017933327064726945,0.9217188863078857
26057,LOF,0.034112236193099714,0.012289067171951724,0.9535986966349486
26058,LOF,0.03587104155854082,0.009509899418286182,0.9546190590231729
26059,LOF,0.3212568197254744,0.025411258514227805,0.653331921760298
26060,LOF,0.031916706048022075,0.16600020137164276,0.802083092580335
26061,LOF,0.018835683609846155,0.010900565768477392,0.9702637506216765
26062,LOF,0.011850172149649745,0.02037296059410132,0.9677768672562489
26063,LOF,0.023775689334626624,0.013410262326109,0.9628140483392644
26064,LOF,0.023011825481626502,0.02140878748478116,0.9555793870335922
26065,LOF,0.02620843385672538,0.013046240747095452,0.9607453253961791
26066,LOF,0.02251522210135384,0.011780567156494906,0.9657042107421513
26067,LOF,0.029113844396805776,0.009454377692937475,0.9614317779102567
26068,LOF,0.04925925250465628,0.03480994210155897,0.9159308053937848
26069,LOF,0.26587021721918047,0.019999087311733197,0.7141306954690863
26070,LOF,0.4123251053758929,0.016145427155215702,0.5715294674688914
26071,LOF,0.025245791223575745,0.013747971544563767,0.9610062372318604
26072,LOF,0.023530779800442048,0.018022627873133825,0.958446592326424
26073,LOF,0.02671861240348094,0.011340862932533233,0.9619405246639858
26074,Neutral,0.9110951803007808,0.005772547340038194,0.08313227235918084
26075,LOF,0.047286423058832565,0.016382739011500863,0.9363308379296666
26076,LOF,0.04809749496345836,0.009444239055696337,0.9424582659808453
26077,LOF,0.009588413542231495,0.020583720799079743,0.9698278656586888
26078,LOF,0.015119824944871936,0.011255130031491513,0.9736250450236366
26079,LOF,0.06281611586165642,0.01910387495831481,0.9180800091800289
26080,LOF,0.06155088382921222,0.01914099220101682,0.9193081239697709
26081,LOF,0.04136243292252195,0.006844241445796994,0.951793325631681
26082,LOF,0.017028772089209967,0.014326135139239849,0.9686450927715501
26083,LOF,0.14270949933526864,0.012971690971468212,0.8443188096932632
26084,LOF,0.02831584575426893,0.012803396338582997,0.9588807579071481
26085,LOF,0.023237681223286805,0.012333785014439014,0.9644285337622741
26086,LOF,0.025084962599464716,0.012471662607504099,0.9624433747930311
26087,LOF,0.029106788498125525,0.008686544532562967,0.9622066669693115
26088,LOF,0.017138078370197495,0.027342951273958062,0.9555189703558444
26089,LOF,0.048113170854965415,0.02569325999524551,0.9261935691497891
26090,LOF,0.04627284237025428,0.02111338258409872,0.932613775045647
26091,LOF,0.04192165577596865,0.00680302851981764,0.9512753157042138
26092,LOF,0.027966992126616966,0.008881636643694183,0.9631513712296889
26093,LOF,0.04336959370681414,0.006518121358967091,0.9501122849342187
26094,LOF,0.044572691107826426,0.007408557359935736,0.9480187515322378
26095,LOF,0.04730188376315068,0.015089768466166848,0.9376083477706826
26096,LOF,0.020757385836442578,0.010877499309327762,0.9683651148542296
26097,LOF,0.011688799641802979,0.03714377022165846,0.9511674301365386
26098,LOF,0.07142542339948857,0.011303399703315387,0.917271176897196
26099,LOF,0.02616820258694519,0.013184235121623231,0.9606475622914316
26100,LOF,0.028501703550833382,0.01273415454785416,0.9587641419013124
26101,LOF,0.05705232976853844,0.012985925440663453,0.9299617447907981
26102,LOF,0.027201780392686163,0.01493792976706281,0.957860289840251
26103,Neutral,0.8878663152956431,0.019171437646482804,0.0929622470578741
26104,LOF,0.08045330160781423,0.02876149089461793,0.8907852074975677
26105,LOF,0.22469444626758348,0.30223057760303856,0.47307497612937793
26106,LOF,0.19869192423021692,0.11818404006829604,0.683124035701487
26107,LOF,0.24246490313463742,0.08437095605238647,0.673164140812976
26108,LOF,0.2381042924878933,0.1248994792639217,0.636996228248185
26109,LOF,0.09518821271998364,0.08250606374313647,0.8223057235368798
26110,LOF,0.2625564280363398,0.005932024439311432,0.7315115475243488
26111,LOF,0.47423037531294854,0.015276711249413023,0.5104929134376385
26112,LOF,0.034611438490278215,0.007228770948518304,0.9581597905612036
26113,LOF,0.054641922616041,0.013150110246972433,0.9322079671369866
26114,LOF,0.030850226714283623,0.024521825162379763,0.9446279481233366
26115,LOF,0.10615480292991515,0.06550547929746874,0.8283397177726162
26116,LOF,0.06355859110847473,0.05922538236437303,0.8772160265271521
26117,LOF,0.41234512305343507,0.06023924031082048,0.5274156366357444
26118,LOF,0.03711671695937191,0.031242430674870113,0.931640852365758
26119,LOF,0.0217926160667492,0.04878107964776137,0.9294263042854896
26120,LOF,0.030308384541752238,0.032083266698544666,0.9376083487597032
26121,LOF,0.0496515660657649,0.09254102478121257,0.8578074091530224
