feature0,prediction,LoGoFunc_Neutral,LoGoFunc_GOF,LoGoFunc_LOF
25546,Neutral,0.6504149929722821,0.061661537412262976,0.28792346961545495
25547,Neutral,0.5134848795460352,0.1042136737311002,0.38230144672286465
25548,Neutral,0.5054453050618666,0.08980243727854627,0.40475225765958717
25549,LOF,0.4399129803503786,0.0896799046248752,0.4704071150247461
25550,LOF,0.36421335626941037,0.10975338604096407,0.5260332576896255
25551,LOF,0.31020165121483245,0.11964549638143614,0.5701528524037314
25552,LOF,0.2846138764065153,0.12333138316293984,0.5920547404305448
25553,Neutral,0.8063821170329111,0.04735441226001922,0.14626347070706974
25554,LOF,0.32572969313339806,0.11169719356621695,0.5625731133003851
25555,LOF,0.2871903864358305,0.107261740639283,0.6055478729248865
25556,Neutral,0.460195549320765,0.09948128308325557,0.4403231675959794
25557,LOF,0.2754295494234099,0.10962474254700608,0.614945708029584
25558,LOF,0.32836725902846314,0.10606132799539969,0.5655714129761372
25559,LOF,0.23986388761925145,0.06369880831344364,0.6964373040673049
25560,LOF,0.10789314881128569,0.1282007812247024,0.763906069964012
25561,LOF,0.12139617275840818,0.18165469350497104,0.6969491337366208
25562,LOF,0.04632937235299423,0.09436476615698698,0.8593058614900189
25563,LOF,0.013884665565775977,0.15080627482410933,0.8353090596101146
25564,LOF,0.09680266607979057,0.08903113510668778,0.8141661988135217
25565,LOF,0.18268919794320534,0.1402729527638668,0.6770378492929278
25566,GOF,0.062303413991543155,0.6354892497244395,0.3022073362840172
25567,LOF,0.03876170828658989,0.16371363136687206,0.7975246603465381
25568,LOF,0.058374377282859706,0.08803360345702393,0.8535920192601163
25569,LOF,0.06393385979893028,0.07967860954531915,0.8563875306557506
25570,LOF,0.029204790628211085,0.1066648102279923,0.8641303991437966
25571,LOF,0.026341095691650333,0.11111247831118078,0.8625464259971689
25572,LOF,0.0652546183341662,0.14536644716500283,0.789378934500831
25573,LOF,0.0625882443003476,0.11489951456918786,0.8225122411304646
25574,LOF,0.06071429737005774,0.22753689945564498,0.7117488031742972
25575,LOF,0.024014310405262522,0.12045068730976553,0.8555350022849718
25576,LOF,0.027626863533913176,0.17502005334077517,0.7973530831253117
25577,LOF,0.034383767346687494,0.13829775265000344,0.8273184800033091
25578,LOF,0.30995678442777885,0.09973565909232239,0.5903075564798989
25579,LOF,0.20131923554515319,0.09557839947196038,0.7031023649828865
25580,LOF,0.02306030438179828,0.08061262264464517,0.8963270729735565
25581,LOF,0.051966466025108765,0.08492537746543016,0.863108156509461
25582,LOF,0.05169819840343882,0.08309969170232648,0.8652021098942347
25583,LOF,0.02640655748646689,0.09100874862140151,0.8825846938921315
25584,Neutral,0.6994551757883205,0.15453110837897116,0.1460137158327083
25585,LOF,0.02153147701425419,0.17860813396324593,0.7998603890225
25586,LOF,0.01795914549386032,0.09278267024304304,0.8892581842630966
25587,LOF,0.018469073412635182,0.07808045155639913,0.9034504750309655
25588,LOF,0.021412466417508512,0.07978242160808666,0.8988051119744048
25589,Neutral,0.49194665612219374,0.27368258109982396,0.23437076277798224
25590,LOF,0.047690413192122534,0.13555035557860215,0.8167592312292753
25591,LOF,0.0868989282858965,0.06887272298663466,0.8442283487274688
25592,LOF,0.05904404316926716,0.16824871871393235,0.7727072381168005
25593,LOF,0.11327255147021058,0.2980885793593736,0.5886388691704159
25594,LOF,0.05836424421299694,0.06761589020880278,0.8740198655782003
25595,LOF,0.059695106240259185,0.040302391047132013,0.9000025027126088
25596,LOF,0.1307801931486599,0.024522959215214128,0.8446968476361261
25597,LOF,0.08652409361648793,0.026770905485644668,0.8867050008978674
25598,LOF,0.05643200591629943,0.04600665091586738,0.8975613431678332
25599,LOF,0.022547363783850107,0.3754014430711047,0.6020511931450452
25600,LOF,0.15764547604883838,0.3870147741437964,0.4553397498073653
25601,LOF,0.041006740609453175,0.29506618237101684,0.66392707701953
25602,LOF,0.025782802340412848,0.0727422598419053,0.9014749378176818
25603,LOF,0.03496152711930121,0.057450631022215815,0.9075878418584831
25604,LOF,0.03648078198154668,0.09809781301713909,0.8654214050013143
25605,LOF,0.027367587939133214,0.2043946346085348,0.768237777452332
25606,LOF,0.41042965601965054,0.14734383648214378,0.44222650749820575
25607,LOF,0.025296135342984027,0.21529403929715718,0.7594098253598588
25608,LOF,0.03857295324299899,0.11053922317764332,0.8508878235793578
25609,GOF,0.13992480467269017,0.48934970582359516,0.37072548950371464
25610,LOF,0.01606378678918285,0.0574870772549248,0.9264491359558923
25611,LOF,0.013290296293044497,0.06793470220052562,0.9187750015064299
25612,LOF,0.051216147116694366,0.06685794651824427,0.8819259063650613
25613,LOF,0.0466696585764977,0.07118525196896297,0.8821450894545393
25614,LOF,0.023349533829374464,0.05409133348227725,0.9225591326883483
25615,LOF,0.04193931667949123,0.06264525289292056,0.8954154304275883
25616,LOF,0.05633889530085274,0.06108635001450116,0.8825747546846461
25617,LOF,0.040658841276158667,0.0690208321576442,0.8903203265661972
25618,LOF,0.05075696798072903,0.0954935144647577,0.8537495175545133
25619,LOF,0.012690777111629076,0.07117777748186056,0.9161314454065103
25620,LOF,0.05476440761641685,0.07183297760800614,0.873402614775577
25621,LOF,0.06445407454775585,0.058257908361328097,0.8772880170909161
25622,LOF,0.06415216732358155,0.06471387191331333,0.8711339607631051
25623,LOF,0.059819855779278897,0.0443656384084959,0.8958145058122251
25624,LOF,0.020204468514028694,0.061488716810827376,0.918306814675144
25625,LOF,0.05921521985246268,0.06249460410456002,0.8782901760429774
25626,LOF,0.050568294178576445,0.06663071161351145,0.8828009942079122
25627,Neutral,0.8882995218311598,0.022898812219377656,0.08880166594946255
25628,LOF,0.15834814897902733,0.054622712075197775,0.787029138945775
25629,LOF,0.07218588521834714,0.05534852142233028,0.8724655933593226
25630,LOF,0.28670984858342075,0.0640460514397238,0.6492440999768554
25631,Neutral,0.553445250631314,0.06104201047873638,0.3855127388899496
25632,LOF,0.0273915188537718,0.07933668861135025,0.8932717925348779
25633,LOF,0.20728310256319493,0.04092047418934013,0.7517964232474649
25634,LOF,0.04453155176206262,0.07870826838048642,0.8767601798574509
25635,LOF,0.03778840851486916,0.03653114148408265,0.9256804500010481
25636,GOF,0.03310567538216725,0.4944612800205574,0.4724330445972755
25637,GOF,0.052312940816630564,0.5355747282178543,0.41211233096551514
25638,LOF,0.03565263798862012,0.43132214396758367,0.5330252180437962
25639,LOF,0.03231392356712572,0.4701965009851811,0.4974895754476932
25640,Neutral,0.8657807137308974,0.07985181068623576,0.05436747558286698
25641,LOF,0.08390975788068519,0.39522981200432805,0.5208604301149867
25642,LOF,0.06769709551286762,0.16442035893585388,0.7678825455512786
25643,LOF,0.22137913820556906,0.14151976947957653,0.6371010923148543
25644,GOF,0.009295856182549129,0.6331106416353379,0.35759350218211305
25645,GOF,0.011927692378607314,0.6072984172944376,0.3807738903269551
25646,LOF,0.03513516580257892,0.42822891288341564,0.5366359213140054
25647,LOF,0.012094619972537671,0.3320491593265811,0.6558562207008812
25648,LOF,0.013291644168783876,0.41194000415499465,0.5747683516762214
25649,LOF,0.008508175658913842,0.32419662102361263,0.6672952033174735
25650,GOF,0.02130499353220115,0.6126180711415784,0.36607693532622043
25651,LOF,0.008554024847228099,0.4379173920492877,0.5535285831034842
25652,LOF,0.015329108349399267,0.41788045298422866,0.566790438666372
25653,GOF,0.039338557077767226,0.5905028233149192,0.3701586196073136
25654,LOF,0.010598347525914703,0.3146734632225012,0.6747281892515841
25655,GOF,0.1316577257856032,0.6350340849170799,0.23330818929731684
25656,LOF,0.32794892242679746,0.12486941753793629,0.5471816600352662
25657,LOF,0.05104299252078211,0.11723238090884755,0.8317246265703704
25658,LOF,0.3407474165657253,0.15710421906151287,0.5021483643727618
25659,Neutral,0.45028389530238805,0.16012293997750834,0.3895931647201035
25660,LOF,0.02511388774867225,0.12863645340061625,0.8462496588507115
25661,LOF,0.08648067313878151,0.07271298758427296,0.8408063392769455
25662,LOF,0.03496372403932843,0.034534294960951624,0.9305019809997199
25663,LOF,0.03838993351072096,0.04438690471991022,0.9172231617693688
25664,LOF,0.12503144070868247,0.07131754690313823,0.8036510123881793
25665,LOF,0.06206620936462011,0.03205408916306362,0.9058797014723162
25666,LOF,0.09390080407886565,0.0770372958612853,0.829061900059849
25667,LOF,0.07280658134198344,0.0560376664938118,0.8711557521642048
25668,LOF,0.03692970430217253,0.06331569948871155,0.899754596209116
25669,LOF,0.03052164201816268,0.06394130835100231,0.905537049630835
25670,LOF,0.12346048346630685,0.06788242021246052,0.8086570963212327
25671,LOF,0.10444419439190018,0.043408474612818396,0.8521473309952814
25672,LOF,0.05376117613026527,0.04530069834206297,0.9009381255276717
25673,LOF,0.08968274644177358,0.05092475844618225,0.8593924951120441
25674,LOF,0.07595679462828668,0.06249999069251612,0.8615432146791973
25675,LOF,0.11093062048065036,0.07584039534785049,0.8132289841714992
25676,LOF,0.018851269404928636,0.05913895940376359,0.9220097711913078
25677,LOF,0.024571530015760183,0.08080835537187239,0.8946201146123675
25678,LOF,0.1798303984931211,0.09178853517617037,0.7283810663307085
25679,LOF,0.11732737048806835,0.0962770636255386,0.786395565886393
25680,LOF,0.03183014171915708,0.13111844608244597,0.8370514121983968
25681,LOF,0.048750579140759226,0.12105996724004282,0.8301894536191979
25682,LOF,0.13051027743534108,0.09456366182516501,0.7749260607394939
25683,LOF,0.11021288983198686,0.10203191114312159,0.7877551990248916
25684,LOF,0.0387627928605933,0.07826158004689446,0.8829756270925121
25685,LOF,0.11388075934045631,0.07343337000238946,0.8126858706571543
25686,LOF,0.07433466926834024,0.11864333891120941,0.8070219918204503
25687,LOF,0.117893802593692,0.1186906664835158,0.7634155309227921
25688,LOF,0.42687219830691925,0.040034795306731624,0.533093006386349
25689,LOF,0.3053244482508918,0.039530469593906145,0.6551450821552021
25690,LOF,0.3323932280282397,0.027356932010804937,0.6402498399609554
25691,Neutral,0.7117991612109614,0.026514925772957474,0.26168591301608113
25692,LOF,0.3500324408065324,0.011078124500494963,0.6388894346929725
25693,LOF,0.039051354332306186,0.444017593782208,0.5169310518854857
25694,LOF,0.1188781190278487,0.0169832438833387,0.8641386370888126
25695,LOF,0.11439742867744451,0.012991724467029328,0.8726108468555261
25696,LOF,0.13853655624297856,0.01066499797970781,0.8507984457773136
25697,LOF,0.06804820207968561,0.15355159503228138,0.778400202888033
25698,LOF,0.31477018580207394,0.18866302908218677,0.49656678511573926
25699,LOF,0.4793282192417754,0.03660277818656619,0.4840690025716584
25700,LOF,0.08130128587947077,0.011844761867077653,0.9068539522534516
25701,LOF,0.18703629927670812,0.05366392276315615,0.7592997779601358
25702,GOF,0.18939734043220322,0.6189609461108125,0.19164171345698422
25703,LOF,0.017767127255798557,0.14516912083509392,0.8370637519091075
25704,LOF,0.03992244844501396,0.14066712197501763,0.8194104295799685
25705,LOF,0.04019460643329628,0.08439213363728895,0.8754132599294148
25706,LOF,0.16577772616895087,0.3175733181982888,0.5166489556327603
25707,LOF,0.1039582668792956,0.24674887132591328,0.6492928617947912
25708,LOF,0.04976189080545009,0.2254283620141268,0.7248097471804231
25709,LOF,0.06425183139008622,0.028188018988431793,0.907560149621482
25710,LOF,0.014559964855560019,0.1003020906582365,0.8851379444862034
25711,LOF,0.02105574034263057,0.061571941764375346,0.917372317892994
25712,LOF,0.017566743001882813,0.13418183787491175,0.8482514191232055
25713,LOF,0.018522877829371717,0.06735511245438588,0.9141220097162424
25714,LOF,0.07847836832408969,0.04708524549450271,0.8744363861814075
25715,LOF,0.01212887205170884,0.08922825254808145,0.8986428754002097
25716,LOF,0.012439888206089983,0.07749116447304957,0.9100689473208604
25717,LOF,0.01677340142104875,0.05921615467239358,0.9240104439065576
25718,LOF,0.011665605842750124,0.058321272190618424,0.9300131219666314
25719,LOF,0.022057040320833946,0.05030299770381673,0.9276399619753493
25720,LOF,0.025259555155932534,0.04354301064125144,0.9311974342028161
25721,LOF,0.014208372317310043,0.07737692516593457,0.9084147025167555
25722,LOF,0.014591937325548544,0.06792063893951866,0.9174874237349327
25723,LOF,0.02582771318122562,0.029326955413626996,0.9448453314051474
25724,LOF,0.03364610734718503,0.05395937782722708,0.9123945148255879
25725,LOF,0.01188920283438806,0.04757610550558652,0.9405346916600256
25726,LOF,0.015959410834180447,0.06674993991692092,0.9172906492488987
25727,LOF,0.01284362389011862,0.05011634252701457,0.9370400335828667
25728,LOF,0.010303980455500532,0.062439737234085316,0.9272562823104141
25729,LOF,0.01051235840162123,0.062300318344921723,0.927187323253457
25730,LOF,0.01423544063662473,0.06267422677112597,0.9230903325922493
25731,LOF,0.023544455583724193,0.06451660416644071,0.911938940249835
25732,LOF,0.013748540857814644,0.040583688116110773,0.9456677710260746
25733,LOF,0.017950842885988676,0.04205238348268676,0.9399967736313245
25734,LOF,0.01326744704251358,0.07976780003507254,0.906964752922414
25735,LOF,0.011840046345547446,0.052643819172563916,0.9355161344818885
25736,LOF,0.01271599384872439,0.06720019466810098,0.9200838114831746
25737,LOF,0.01219863118678548,0.06117771571228941,0.9266236531009251
25738,LOF,0.012093704671592265,0.0701070669860601,0.9177992283423476
25739,LOF,0.022226838892337012,0.04968353638467082,0.9280896247229922
25740,LOF,0.02704179076544648,0.0783133202802634,0.8946448889542902
25741,LOF,0.016369881270387097,0.07416626628005805,0.9094638524495547
25742,LOF,0.11316864709731737,0.052107864234561395,0.8347234886681213
25743,LOF,0.04078674955486544,0.05259798935570673,0.9066152610894279
25744,Neutral,0.6034025858710271,0.2344638537880941,0.16213356034087886
25745,LOF,0.067371384466109,0.08141399361864389,0.851214621915247
25746,LOF,0.0449526336781771,0.10783940154689682,0.8472079647749261
25747,LOF,0.02400601339989767,0.08176635614108879,0.8942276304590135
25748,LOF,0.12304470453407573,0.136476556075543,0.7404787393903812
25749,LOF,0.026521143411198565,0.10613471213603076,0.8673441444527707
25750,LOF,0.07510831955143908,0.09724403638691534,0.8276476440616457
25751,LOF,0.09850480422278975,0.1421705291711086,0.7593246666061017
25752,GOF,0.10815609060271418,0.649593976336162,0.24224993306112377
25753,LOF,0.025425379019002554,0.32013654009216097,0.6544380808888365
25754,GOF,0.014455950417750298,0.8007421659956485,0.18480188358660118
25755,LOF,0.028347680587949457,0.3902858268433212,0.5813664925687294
25756,LOF,0.04812810894706022,0.37582077020155075,0.5760511208513891
25757,GOF,0.019167064916783858,0.862656724194287,0.1181762108889292
25758,GOF,0.025569642653678486,0.7937251744391576,0.18070518290716386
25759,GOF,0.011235099473967265,0.62920159454533,0.3595633059807028
25760,LOF,0.01458469670730216,0.308578363540706,0.6768369397519919
25761,GOF,0.25137315309787034,0.6658383662114019,0.08278848069072764
25762,LOF,0.041456853551837654,0.30859320785862165,0.6499499385895406
25763,LOF,0.014524413910657431,0.221620669360482,0.7638549167288605
25764,GOF,0.06805420758173863,0.6631544661532356,0.2687913262650258
25765,GOF,0.03366881134396921,0.7660796902018624,0.20025149845416843
25766,GOF,0.0648392116934861,0.7870071655566859,0.1481536227498279
25767,GOF,0.1552345938650746,0.558278140824082,0.2864872653108434
25768,LOF,0.10734615817744096,0.062051954468840924,0.8306018873537182
25769,LOF,0.04692045076049929,0.07425215910378424,0.8788273901357165
25770,LOF,0.3111149483354773,0.10436768385790167,0.584517367806621
25771,LOF,0.04749798671905514,0.05627337687369661,0.8962286364072483
25772,LOF,0.018008112416255568,0.05219280841135878,0.9297990791723857
25773,LOF,0.052629751727407574,0.08192497400172072,0.8654452742708716
25774,LOF,0.027533453398483457,0.11285182132391365,0.859614725277603
25775,LOF,0.0573035508716982,0.052780490249554904,0.8899159588787469
25776,LOF,0.06711049246241237,0.029255600607573592,0.9036339069300141
25777,LOF,0.33898188864850926,0.08697418963352944,0.5740439217179614
25778,LOF,0.06455255938460058,0.04867011581050295,0.8867773248048965
25779,GOF,0.41265360617426994,0.537384371228951,0.04996202259677898
25780,GOF,0.3572146139705013,0.5718540318225241,0.07093135420697459
25781,GOF,0.11402798793541336,0.7774338349203864,0.10853817714420019
25782,GOF,0.18425869091291622,0.7314645795187659,0.08427672956831797
25783,GOF,0.02399364916244913,0.623048215783676,0.3529581350538749
25784,Neutral,0.5243663724890762,0.43411076781205454,0.041522859698869215
25785,Neutral,0.4812749196130581,0.4726709576668894,0.046054122720052375
25786,GOF,0.033896890478074634,0.733602634723397,0.23250047479852834
25787,Neutral,0.6758670230423922,0.2963286197383246,0.027804357219283187
25788,LOF,0.06335874046948897,0.07916662844389469,0.8574746310866164
25789,GOF,0.20164113938851996,0.6344195724014379,0.16393928821004225
25790,GOF,0.25143813401190757,0.6553810417332931,0.09318082425479922
25791,GOF,0.15947897653250662,0.6794078956749343,0.16111312779255896
25792,GOF,0.3816605620544677,0.5091751100062823,0.10916432793924992
25793,GOF,0.26325702386237815,0.5027414603211958,0.234001515816426
25794,GOF,0.33409616978780293,0.47341952744046434,0.1924843027717328
25795,GOF,0.07391991199932722,0.6689092574012063,0.25717083059946655
25796,Neutral,0.540508414029911,0.38620400994047926,0.07328757602960968
25797,GOF,0.09210538109440965,0.5656626151737112,0.3422320037318791
25798,GOF,0.010288367947682932,0.5033915320372796,0.48632010001503756
25799,LOF,0.007502729686136958,0.4108647265442086,0.5816325437696546
25800,GOF,0.037468430339206625,0.5972351960286348,0.3652963736321586
25801,GOF,0.23422868754228146,0.6592872412598673,0.10648407119785135
25802,GOF,0.06343307696879495,0.6927037512176192,0.24386317181358597
25803,GOF,0.0397277673459623,0.5903076175267297,0.36996461512730805
25804,GOF,0.03828230138092233,0.5097189198659339,0.4519987787531438
25805,GOF,0.1138402852877598,0.5867217245996669,0.2994379901125734
25806,GOF,0.13774973857284192,0.5977536131261592,0.2644966483009989
25807,GOF,0.023157526763668765,0.6326635468925986,0.3441789263437327
25808,GOF,0.10342217553194884,0.6031014048636726,0.2934764196043786
25809,GOF,0.021401263818032517,0.6343641412665102,0.34423459491545727
25810,GOF,0.020349740447445596,0.6333572787043364,0.3462929808482179
25811,Neutral,0.5156614659622649,0.4224679039342163,0.06187063010351872
25812,GOF,0.04256575948813068,0.6143207944871606,0.34311344602470867
25813,Neutral,0.5880149752808989,0.31807037639275976,0.09391464832634133
25814,GOF,0.14309519079327293,0.6357132072470715,0.22119160195965554
25815,GOF,0.26098733415495,0.5602714586502707,0.17874120719477926
25816,GOF,0.0213996931261675,0.6360356833940233,0.3425646234798092
25817,GOF,0.2706385206982142,0.5947030965724899,0.13465838272929595
25818,GOF,0.055241915931552116,0.5633673233242387,0.38139076074420936
25819,GOF,0.3642667125932282,0.4606829956452509,0.17505029176152087
25820,GOF,0.1937223165817898,0.5892015291885476,0.21707615422966256
25821,GOF,0.06435715926997534,0.6582384696122281,0.27740437111779653
25822,GOF,0.23418089541514944,0.5230747675446158,0.2427443370402347
25823,GOF,0.034002603667746,0.48644257546914466,0.4795548208631094
25824,GOF,0.09324970949080547,0.520904644086682,0.38584564642251257
25825,GOF,0.03572428269462987,0.5344094378207781,0.42986627948459205
25826,GOF,0.013635998399091867,0.5137532413674637,0.47261076023344434
25827,GOF,0.024291165383236654,0.5721912519733837,0.4035175826433795
25828,LOF,0.01732882664595599,0.48286229246341617,0.4998088808906279
25829,GOF,0.007036159903087952,0.5272945634319204,0.46566927666499164
25830,LOF,0.04537026420710761,0.27260007185356067,0.6820296639393317
25831,GOF,0.2039935785690154,0.6639163641943312,0.13209005723665343
25832,GOF,0.03573512005793816,0.6736377309961559,0.29062714894590586
25833,GOF,0.1305635038811336,0.6745127532671132,0.19492374285175315
25834,GOF,0.041312741221098494,0.6654865222993401,0.2932007364795614
25835,GOF,0.09996268701459092,0.6685122563817611,0.23152505660364808
25836,GOF,0.047648574842692644,0.6346388745218838,0.3177125506354235
25837,GOF,0.023197981877899235,0.5122289081136162,0.4645731100084845
25838,GOF,0.08035445406034483,0.7161318561954181,0.2035136897442372
25839,GOF,0.3115494387807375,0.5293529878770069,0.15909757334225552
25840,GOF,0.2563352386330072,0.5374303269498079,0.20623443441718495
25841,GOF,0.2492544099603596,0.555241820141416,0.19550376989822432
25842,GOF,0.1768921038115734,0.6355825674024498,0.18752532878597666
25843,GOF,0.22449888203669818,0.631809404973834,0.14369171298946787
25844,GOF,0.06288830750199227,0.6236928666045697,0.3134188258934381
25845,LOF,0.014400631546082805,0.44261190293936986,0.5429874655145474
25846,GOF,0.11810928131379714,0.6847521608566595,0.1971385578295435
25847,GOF,0.11576288665201509,0.7202314569645473,0.16400565638343773
25848,GOF,0.03614202846570754,0.648756927672772,0.3151010438615204
25849,GOF,0.010176199022782304,0.5304807334866452,0.4593430674905726
25850,GOF,0.023833602841732266,0.6347778359815615,0.3413885611767062
25851,GOF,0.018116826791745037,0.5289721147347992,0.45291105847345575
25852,GOF,0.17769103413811624,0.5399501105545685,0.28235885530731525
25853,GOF,0.3440059031319526,0.5799335275792843,0.07606056928876298
25854,GOF,0.019878468116378743,0.5725938225621637,0.40752770932145754
25855,GOF,0.036150690270904416,0.5567057267187009,0.40714358301039466
25856,GOF,0.23598493289050562,0.520627821727061,0.24338724538243328
25857,LOF,0.034994645167325984,0.4751216032421907,0.4898837515904833
25858,GOF,0.02119886622485304,0.5483079657041413,0.4304931680710056
25859,GOF,0.011650201086888605,0.524555714012554,0.4637940849005575
25860,GOF,0.3820754473507988,0.5259557078336339,0.09196884481556736
25861,GOF,0.3993361432833824,0.5186108627836671,0.08205299393295055
25862,GOF,0.08928867451093464,0.7596726486331183,0.15103867685594694
25863,GOF,0.09091447440779604,0.7728749122988104,0.13621061329339357
25864,GOF,0.2051942822411606,0.7187165571082306,0.07608916065060878
25865,GOF,0.08067711230179239,0.78792685543583,0.13139603226237756
25866,GOF,0.07010163625985243,0.8014830726602719,0.1284152910798757
25867,GOF,0.09235950608370216,0.7954383531189038,0.11220214079739418
25868,GOF,0.29780968156360554,0.59584094746883,0.10634937096756451
25869,Neutral,0.7196576534346882,0.23724175351578866,0.04310059304952305
25870,LOF,0.3415879269004044,0.2331833531439275,0.42522871995566824
25871,GOF,0.23301635784687938,0.6006010455711143,0.16638259658200644
25872,GOF,0.08784785168159653,0.6255698395224607,0.28658230879594276
25873,GOF,0.17119608762005287,0.6196595768538183,0.20914433552612885
25874,LOF,0.025707609014427122,0.10373705656563546,0.8705553344199374
25875,LOF,0.08794007207193001,0.05289498388195973,0.8591649440461102
25876,LOF,0.029414974675525368,0.051570063105177394,0.9190149622192973
25877,Neutral,0.5402164019138085,0.06302487306063086,0.39675872502556064
25878,LOF,0.24529354653757418,0.1086279320105014,0.6460785214519243
25879,LOF,0.09045689770356471,0.10540766086528851,0.8041354414311467
25880,LOF,0.023301153614919863,0.028142907780681025,0.9485559386043991
25881,LOF,0.16818326988103563,0.12557749180492847,0.7062392383140359
25882,LOF,0.07503861906639507,0.01748414844774189,0.9074772324858631
25883,LOF,0.07570476564247787,0.022963146816690164,0.9013320875408319
25884,LOF,0.04163829008330354,0.03689605948576059,0.9214656504309359
25885,LOF,0.0680288842117138,0.014234197521470834,0.9177369182668154
25886,LOF,0.3310810307203385,0.04105128336076657,0.627867685918895
25887,LOF,0.1768025840092878,0.07301966562501061,0.7501777503657016
25888,LOF,0.06955595105541744,0.061371412788981346,0.8690726361556013
25889,LOF,0.05476163200015292,0.02252878577201729,0.9227095822278297
25890,LOF,0.045796748971192756,0.12968032615162622,0.824522924877181
25891,LOF,0.03751337486872264,0.06279635379641757,0.8996902713348598
25892,LOF,0.10302559622101534,0.022606801201616244,0.8743676025773685
25893,LOF,0.2775253603584383,0.017013980128720744,0.705460659512841
25894,LOF,0.18111460257736162,0.009731773751629348,0.8091536236710091
25895,LOF,0.21176076649974834,0.02107281022135953,0.7671664232788921
25896,LOF,0.048698155974701486,0.02345940975301004,0.9278424342722885
25897,LOF,0.23884159042380404,0.015004484425778801,0.7461539251504171
25898,Neutral,0.7245419682064937,0.011474655210871118,0.2639833765826352
25899,LOF,0.2538483681470378,0.029459209718598316,0.7166924221343639
25900,LOF,0.4549453637705318,0.016774200189581506,0.5282804360398867
25901,LOF,0.0558926196360977,0.01295372777923714,0.9311536525846651
25902,LOF,0.16171674203062514,0.01269455924198109,0.8255886987273938
25903,LOF,0.48240328762713286,0.03155008080644694,0.4860466315664201
25904,LOF,0.2663186420350863,0.058552057513768505,0.6751293004511452
25905,LOF,0.026848719058221487,0.29136383762913753,0.681787443312641
25906,LOF,0.02329575492116892,0.055515486760835404,0.9211887583179956
25907,LOF,0.014402836343080594,0.31297815909347954,0.6726190045634399
25908,LOF,0.011799737212635959,0.2053406111428816,0.7828596516444825
25909,LOF,0.01435929412184294,0.1262943283786958,0.8593463774994612
25910,LOF,0.043678011577557865,0.10368057067025473,0.8526414177521875
25911,LOF,0.14136912889332226,0.03088565106186058,0.8277452200448172
25912,LOF,0.04205583814523832,0.058869637195748406,0.8990745246590132
25913,LOF,0.3165515968341395,0.020629142238576433,0.6628192609272839
25914,LOF,0.026218283111381014,0.1135210674087873,0.8602606494798316
25915,Neutral,0.4474433983928224,0.2623891294374596,0.2901674721697181
25916,LOF,0.06406909608251127,0.30628829842316235,0.6296426054943263
25917,LOF,0.07942562909464239,0.05801164752062115,0.8625627233847364
25918,LOF,0.03700985879698224,0.060516390474430574,0.9024737507285872
25919,LOF,0.029898719173577837,0.06804542829956706,0.9020558525268552
25920,GOF,0.0742270991737207,0.5246954455452136,0.4010774552810656
25921,LOF,0.029366015599985335,0.02144194663305688,0.9491920377669578
25922,LOF,0.041423400331124745,0.013451105277969184,0.945125494390906
25923,LOF,0.3833329658260431,0.018745093273618705,0.5979219409003381
25924,LOF,0.0385143403214945,0.03002368071987312,0.9314619789586324
25925,LOF,0.06366060844781846,0.023582737707065666,0.9127566538451157
25926,LOF,0.04640622492590672,0.018064354746547624,0.9355294203275457
25927,LOF,0.06423574348684623,0.06256869289558142,0.8731955636175723
25928,LOF,0.022247924774486734,0.027014548835917175,0.950737526389596
25929,Neutral,0.5085445747682004,0.020470992632285356,0.47098443259951417
25930,LOF,0.054248722572636104,0.014915479264028711,0.9308357981633352
25931,LOF,0.03167165826994681,0.018743124022242583,0.9495852177078107
25932,LOF,0.027343821187546167,0.017000469374729616,0.9556557094377242
25933,LOF,0.03708091037138653,0.010571181534827749,0.9523479080937858
25934,LOF,0.023717013633502416,0.012138105876762322,0.9641448804897352
25935,LOF,0.06156052818929197,0.02887439434729166,0.9095650774634164
25936,LOF,0.04598116604803226,0.014385316468161649,0.9396335174838061
25937,LOF,0.02801849058829467,0.029759988198584216,0.9422215212131211
25938,LOF,0.06089320039120578,0.03244313205440066,0.9066636675543935
25939,LOF,0.037759582059589,0.0109835773001123,0.9512568406402987
25940,LOF,0.028287457422870314,0.3484868446865786,0.6232256978905512
25941,LOF,0.1771832967854808,0.09131086082349081,0.7315058423910284
25942,LOF,0.01788638798723519,0.03645621391749155,0.9456573980952732
25943,LOF,0.31552671677515487,0.06685431202541074,0.6176189711994343
25944,LOF,0.4749140490778172,0.0364385111515411,0.4886474397706417
25945,LOF,0.07461883535696626,0.028364860032604206,0.8970163046104296
25946,LOF,0.026808853270741253,0.1393773068030834,0.8338138399261754
25947,LOF,0.13411894401300792,0.15996005048931328,0.7059210054976788
25948,LOF,0.4296293208081231,0.018120688430777982,0.5522499907610988
25949,LOF,0.09499905624628541,0.08041657179569528,0.8245843719580194
25950,GOF,0.29078967178306536,0.4114240575586489,0.2977862706582857
25951,LOF,0.2521764492946715,0.24546078621842385,0.5023627644869046
25952,LOF,0.05525659704270659,0.4679761013986258,0.47676730155866776
25953,LOF,0.14482968580951663,0.10907345024771625,0.7460968639427671
25954,Neutral,0.4483053219948221,0.18055481960980643,0.3711398583953715
25955,LOF,0.06388477648662534,0.07901047617735646,0.8571047473360183
25956,LOF,0.19931863610832012,0.08311330787378075,0.7175680560178992
25957,LOF,0.039428894153286195,0.02935399457440891,0.9312171112723048
25958,LOF,0.054506968621725625,0.02767288635400551,0.9178201450242689
25959,LOF,0.06994655878122992,0.34006793199431523,0.5899855092244548
25960,LOF,0.022069139577709344,0.055671478683769295,0.9222593817385213
25961,LOF,0.04641329893321859,0.034800280051215535,0.9187864210155658
25962,LOF,0.06124307965640163,0.04089494448405967,0.8978619758595388
25963,LOF,0.04790133833752071,0.2103971450158211,0.7417015166466582
25964,LOF,0.03064310067849474,0.16411516944346477,0.8052417298780405
25965,LOF,0.40855844807133196,0.07710174428116151,0.5143398076475065
25966,Neutral,0.44140358568934707,0.18819454504401914,0.3704018692666338
25967,LOF,0.012871269527782744,0.08022625234923435,0.9069024781229829
25968,GOF,0.03792330215161688,0.48737441973204804,0.4747022781163352
25969,LOF,0.022113472168697402,0.06579874887565533,0.9120877789556472
25970,LOF,0.06040104637607461,0.05868793496615588,0.8809110186577694
25971,LOF,0.07514249338558211,0.018135586715149525,0.9067219198992683
25972,LOF,0.08390242004842899,0.026492646152566583,0.8896049337990045
25973,LOF,0.09358530366007928,0.00831844942809851,0.8980962469118221
25974,LOF,0.21364472372018836,0.023663086163800286,0.7626921901160114
25975,LOF,0.05089917764893191,0.030407205517533203,0.9186936168335349
25976,LOF,0.04857832909733135,0.017152100853484002,0.9342695700491848
25977,LOF,0.14657084902780015,0.09813387852549131,0.7552952724467085
25978,LOF,0.11535500477132118,0.08104898033658385,0.803596014892095
25979,LOF,0.11743959682280662,0.0776223546929235,0.8049380484842699
25980,LOF,0.14159561158964082,0.10215138943339427,0.756252998976965
25981,LOF,0.1732481877374002,0.09933530610551818,0.7274165061570816
25982,LOF,0.36970836940695434,0.065139211903286,0.5651524186897596
25983,LOF,0.36655528612324767,0.06757409234967998,0.5658706215270723
25984,LOF,0.05254306432120092,0.08059063639974932,0.8668662992790497
25985,LOF,0.02473009548967921,0.28202830449379396,0.6932416000165269
25986,LOF,0.030981563847764897,0.3031180840627987,0.6659003520894363
25987,LOF,0.07677296612580996,0.09232647157169174,0.8309005623024983
25988,LOF,0.12261494695579812,0.07366515678509068,0.8037198962591112
25989,LOF,0.029092908767881495,0.15045545367009502,0.8204516375620233
25990,LOF,0.035677029083114306,0.1804935107545263,0.7838294601623593
25991,LOF,0.2026629453397094,0.38224066066597784,0.4150963939943128
25992,Neutral,0.38603602055759706,0.233932542207645,0.3800314372347579
25993,LOF,0.026464357230227407,0.08609773387708597,0.8874379088926867
25994,LOF,0.01796726297412804,0.13416547654147956,0.8478672604843924
25995,LOF,0.02744065183929306,0.21915606501976068,0.7534032831409462
25996,GOF,0.2734644171226487,0.5493695076248859,0.1771660752524655
25997,GOF,0.10467594854396652,0.5596392094585075,0.3356848419975259
25998,Neutral,0.5716186289127888,0.01372147445965308,0.41465989662755814
25999,LOF,0.12661682823083015,0.11832340123392374,0.7550597705352461
26000,LOF,0.16196542419827675,0.034188936311233896,0.8038456394904894
26001,LOF,0.1947196268242349,0.0378684018641871,0.767411971311578
26002,LOF,0.16233952217855155,0.03569995677331321,0.8019605210481353
26003,GOF,0.008231806099625174,0.6508099969310952,0.34095819696927965
26004,GOF,0.02339309112596872,0.7340919796942853,0.24251492917974593
26005,GOF,0.007991882671711222,0.5392882053881933,0.45271991194009553
26006,Neutral,0.48197645026423763,0.3021914699448214,0.2158320797909411
26007,GOF,0.015439423695945406,0.5759734009330871,0.4085871753709676
26008,GOF,0.014635768089544931,0.6222034088467358,0.36316082306371933
26009,GOF,0.018457933932585577,0.6502237701562299,0.3313182959111844
26010,GOF,0.02360483114022227,0.6921242080214394,0.2842709608383383
26011,GOF,0.007520806595614475,0.5347575313534136,0.4577216620509719
26012,GOF,0.012934714814148847,0.5988371584154912,0.38822812677035984
26013,GOF,0.015249418451116903,0.6670786365637099,0.3176719449851732
26014,LOF,0.04910177827853031,0.17483879310385472,0.7760594286176149
26015,LOF,0.21478187720390687,0.015146278367155428,0.7700718444289376
26016,LOF,0.24187155332847415,0.05958829923468186,0.6985401474368439
26017,LOF,0.1855689151665239,0.09687818167207672,0.7175529031613994
26018,LOF,0.0892531503416508,0.06476788433580832,0.8459789653225408
26019,LOF,0.08423954845964002,0.04885297847899418,0.866907473061366
26020,LOF,0.056377348508146734,0.1398367964940641,0.8037858549977891
26021,LOF,0.04524477977766494,0.15624482065921189,0.7985103995631232
26022,LOF,0.012271845562573578,0.07068758723430048,0.917040567203126
26023,LOF,0.11970089664165526,0.04796370982007708,0.8323353935382677
26024,LOF,0.02845635414242869,0.13946834215944057,0.8320753036981308
26025,LOF,0.1526541620433295,0.11931889332794553,0.7280269446287249
26026,LOF,0.32627885222956715,0.02932471234901504,0.6443964354214179
26027,LOF,0.08605370425070323,0.03694764123274998,0.8769986545165467
26028,LOF,0.15987359656993277,0.09734560783768659,0.7427807955923806
26029,LOF,0.08128688342583455,0.14267914021217748,0.776033976361988
26030,LOF,0.027909589388001487,0.05010515160962028,0.9219852590023782
26031,LOF,0.03128156463996164,0.11246238070595056,0.8562560546540877
26032,LOF,0.0802706689261316,0.051357413479121955,0.8683719175947465
26033,LOF,0.13226655782398014,0.06067393307432009,0.8070595091016998
26034,LOF,0.04823940591090581,0.12384221242495275,0.8279183816641413
26035,LOF,0.033918055327880475,0.10915370306765693,0.8569282416044626
26036,LOF,0.04734443654450137,0.1305909580030151,0.8220646054524834
26037,LOF,0.02852948475933473,0.09422365776547395,0.8772468574751913
26038,LOF,0.07639024820150427,0.04949466528491588,0.8741150865135799
26039,LOF,0.06592802368981145,0.11570632631541586,0.8183656499947727
26040,LOF,0.22827292963154736,0.0884173614642177,0.6833097089042348
26041,LOF,0.02824807680993725,0.08538758804370981,0.8863643351463529
26042,LOF,0.02734360249329868,0.08886038116025907,0.8837960163464422
26043,LOF,0.07529934011294726,0.06317591930222144,0.8615247405848314
26044,LOF,0.02383175713633925,0.0629983936465862,0.9131698492170746
26045,LOF,0.0834252816639674,0.08239457256982292,0.8341801457662097
26046,LOF,0.07943208666132055,0.06579873225939072,0.8547691810792888
26047,LOF,0.11244420313442409,0.07374850875977401,0.8138072881058019
26048,LOF,0.05215753769085108,0.05450253838195883,0.8933399239271902
26049,Neutral,0.9515148649241518,0.008066255555529925,0.0404188795203182
26050,Neutral,0.9263545728720561,0.008894415540185462,0.06475101158775834
26051,LOF,0.05357423042976095,0.352725060128404,0.5937007094418351
26052,LOF,0.08484021201824501,0.326423971569584,0.588735816412171
26053,LOF,0.062373405247256125,0.1591270802147173,0.7784995145380266
26054,LOF,0.05991358851900253,0.03578983775916446,0.904296573721833
26055,LOF,0.07460233950066547,0.025985520264995277,0.8994121402343392
26056,LOF,0.06576569392185753,0.03242018598444091,0.9018141200937015
26057,LOF,0.03173259074526181,0.014870278204967871,0.9533971310497703
26058,LOF,0.03233972214472161,0.013330553183310381,0.9543297246719679
26059,LOF,0.3008087986229445,0.048610063123436,0.6505811382536195
26060,LOF,0.02803866016137749,0.2396776506490239,0.7322836891895986
26061,LOF,0.018958304916638757,0.017584834252908594,0.9634568608304527
26062,LOF,0.011494056924873305,0.027038321684295395,0.9614676213908314
26063,LOF,0.021478480633867245,0.016861614771318777,0.961659904594814
26064,LOF,0.02518103672759222,0.027659415857764973,0.9471595474146429
26065,LOF,0.0243495739034313,0.01677334343105675,0.9588770826655119
26066,LOF,0.0198735485090286,0.015323714733391145,0.9648027367575802
26067,LOF,0.0257904936314146,0.010589845010023281,0.9636196613585623
26068,LOF,0.04639931490664919,0.0603813742661248,0.8932193108272259
26069,LOF,0.2661769041585844,0.03797359510729496,0.6958495007341207
26070,LOF,0.39371441398598067,0.02613216277706637,0.580153423236953
26071,LOF,0.02179150993321091,0.016576616244324036,0.9616318738224651
26072,LOF,0.022709643554118805,0.026299325954453404,0.9509910304914279
26073,LOF,0.02395920062414857,0.01619346564594447,0.9598473337299068
26074,Neutral,0.9180195954569695,0.008209097667662769,0.0737713068753678
26075,LOF,0.043206005899783184,0.024048734240449506,0.9327452598597673
26076,LOF,0.044089665470074355,0.011581777728018394,0.9443285568019073
26077,LOF,0.009253675524316302,0.024803484773548098,0.9659428397021356
26078,LOF,0.014288356777974865,0.017600680112994302,0.9681109631090309
26079,LOF,0.0546865138949188,0.029810241048034352,0.9155032450570469
26080,LOF,0.05343690819182599,0.029865082097012562,0.9166980097111616
26081,LOF,0.03428076094077585,0.00987177752580604,0.9558474615334182
26082,LOF,0.017738459985650108,0.02539476702573594,0.956866772988614
26083,LOF,0.13347274350999366,0.020577840398715488,0.8459494160912909
26084,LOF,0.026506025474139744,0.018051771788382884,0.9554422027374773
26085,LOF,0.021564457229417106,0.017139905241772585,0.9612956375288104
26086,LOF,0.02475025647382399,0.015004949152892915,0.9602447943732831
26087,LOF,0.02468630249652346,0.010468265623892201,0.9648454318795844
26088,LOF,0.018285980016907677,0.031190897139893294,0.950523122843199
26089,LOF,0.044910690931547564,0.038799838744044496,0.9162894703244079
26090,LOF,0.04376977229423011,0.030355754475752596,0.9258744732300174
26091,LOF,0.039786963366063764,0.009219054724981275,0.950993981908955
26092,LOF,0.025374059996721255,0.011766388602493216,0.9628595514007856
26093,LOF,0.037687910577966166,0.009029356782969053,0.9532827326390648
26094,LOF,0.039406359871076796,0.010012812177000016,0.9505808279519232
26095,LOF,0.052365179429655836,0.026783909054615165,0.920850911515729
26096,LOF,0.019928187132876585,0.018653146407249584,0.961418666459874
26097,LOF,0.009663237641500488,0.05497359684914048,0.9353631655093592
26098,LOF,0.07371207025470318,0.021413942353442277,0.9048739873918545
26099,LOF,0.022440841677709388,0.0203980877278901,0.9571610705944005
26100,LOF,0.02397171626599552,0.01942492447258261,0.9566033592614219
26101,LOF,0.055629761150777654,0.020130426811659073,0.9242398120375632
26102,LOF,0.025621425573591042,0.020209667633808482,0.9541689067926006
26103,Neutral,0.8812419862973826,0.034161532050340435,0.08459648165227691
26104,LOF,0.06854488414513413,0.053440361049036836,0.8780147548058289
26105,LOF,0.24032040002698588,0.24876404529861298,0.5109155546744011
26106,LOF,0.16311715609731148,0.15818469473363408,0.6786981491690545
26107,LOF,0.23838047392079362,0.09957905584924093,0.6620404702299654
26108,LOF,0.23904935907933514,0.12076205784153002,0.6401885830791348
26109,LOF,0.08329276807023694,0.13222100255105565,0.7844862293787074
26110,LOF,0.23336027823504393,0.009220608334087757,0.7574191134308682
26111,LOF,0.45619894193330296,0.02490276490627906,0.518898293160418
26112,LOF,0.033557474501031866,0.009496865707078325,0.9569456597918898
26113,LOF,0.0496447549996651,0.021656065116751555,0.9286991798835834
26114,LOF,0.021593346262436027,0.019305200190734857,0.9591014535468291
26115,LOF,0.08712718194118164,0.03568051747064949,0.877192300588169
26116,LOF,0.05626383548788158,0.028550536013853156,0.9151856284982653
26117,LOF,0.41302110635380807,0.060373582269963276,0.5266053113762287
26118,LOF,0.04213789879907799,0.027433408718101272,0.9304286924828208
26119,LOF,0.024022929425289302,0.04299975870906298,0.9329773118656477
26120,LOF,0.03092679394479485,0.026098299981246364,0.9429749060739588
26121,LOF,0.061437501093179275,0.09149584391276128,0.8470666549940594
