feature0,prediction,LoGoFunc_Neutral,LoGoFunc_GOF,LoGoFunc_LOF
25546,Neutral,0.5450010054678971,0.12313141653283191,0.33186757799927097
25547,Neutral,0.4536766259216785,0.13488532301253153,0.41143805106579
25548,LOF,0.3103442712881383,0.2064331367031509,0.4832225920087109
25549,LOF,0.3154614208052443,0.18836768543322552,0.49617089376153023
25550,LOF,0.3108103589772555,0.083474018624567,0.6057156223981774
25551,LOF,0.23709902490024157,0.10725972504770931,0.6556412500520491
25552,LOF,0.24573739995330418,0.08139016047386473,0.6728724395728312
25553,Neutral,0.7723191036263912,0.08837537000878246,0.13930552636482643
25554,LOF,0.24434648620209012,0.06425013894164502,0.6914033748562649
25555,LOF,0.23039255208765133,0.06760198406006711,0.7020054638522816
25556,LOF,0.3494925604390658,0.05249289051991102,0.5980145490410231
25557,LOF,0.2520978530629803,0.08210947475827683,0.6657926721787428
25558,LOF,0.24376513205742625,0.1026760685843538,0.65355879935822
25559,LOF,0.2918928080833053,0.03909201576365255,0.6690151761530421
25560,LOF,0.05954396918160337,0.2817216535844976,0.658734377233899
25561,LOF,0.0556260047819572,0.34484903668503775,0.599524958533005
25562,LOF,0.03770785341709071,0.26676539733427557,0.6955267492486338
25563,LOF,0.023604393201080657,0.21433799750160304,0.7620576092973164
25564,LOF,0.05344827641570421,0.17544645588509084,0.771105267699205
25565,LOF,0.3259155971288189,0.08527688020775834,0.5888075226634227
25566,GOF,0.07741165109532479,0.7011859774528715,0.22140237145180378
25567,LOF,0.028386355551235375,0.10280852457512714,0.8688051198736375
25568,LOF,0.061424100967013534,0.04683240457593348,0.891743494457053
25569,LOF,0.05751765811990693,0.06254893045721008,0.8799334114228831
25570,LOF,0.05344827641570421,0.17544645588509084,0.771105267699205
25571,LOF,0.05344827641570421,0.17544645588509084,0.771105267699205
25572,LOF,0.056133230631189704,0.12627420126354055,0.8175925681052697
25573,LOF,0.17922689805454087,0.1992804900495045,0.6214926118959546
25574,GOF,0.12304139858702466,0.7283079604621077,0.14865064095086777
25575,LOF,0.05344827641570421,0.17544645588509084,0.771105267699205
25576,LOF,0.022532937538565462,0.1886319166525732,0.7888351458088613
25577,LOF,0.02460974184137145,0.11670299935749934,0.8586872588011292
25578,LOF,0.09650348269148856,0.346727720497137,0.5567687968113744
25579,LOF,0.0835291131721657,0.3257328239661378,0.5907380628616965
25580,LOF,0.05344827641570421,0.17544645588509084,0.771105267699205
25581,LOF,0.058883162599450374,0.06407944162774566,0.8770373957728039
25582,LOF,0.058883162599450374,0.06407944162774566,0.8770373957728039
25583,LOF,0.05344827641570421,0.17544645588509084,0.771105267699205
25584,Neutral,0.758665407249896,0.02951241652766953,0.21182217622243452
25585,LOF,0.029850290530690632,0.1487464097662894,0.8214032997030201
25586,LOF,0.05344827641570421,0.17544645588509084,0.771105267699205
25587,LOF,0.05344827641570421,0.17544645588509084,0.771105267699205
25588,LOF,0.05344827641570421,0.17544645588509084,0.771105267699205
25589,Neutral,0.5267068835345343,0.3146486166292165,0.15864449983624912
25590,LOF,0.05653507146657479,0.15974569529646754,0.7837192332369576
25591,LOF,0.09165900533647627,0.06102398028596123,0.8473170143775625
25592,GOF,0.2188779146428486,0.4872981987176317,0.29382388663951964
25593,GOF,0.08813351609013231,0.6674127238754234,0.24445376003444438
25594,LOF,0.04588731448022998,0.1839893435531174,0.7701233419666526
25595,LOF,0.051738626585239554,0.1649781078954184,0.783283265519342
25596,LOF,0.13531164269419577,0.040465374116817936,0.8242229831889863
25597,LOF,0.12282048354200233,0.05691426753910819,0.8202652489188894
25598,LOF,0.040263917975934344,0.13168003073877677,0.828056051285289
25599,GOF,0.01609152093984062,0.5559251674909934,0.42798331156916586
25600,GOF,0.11937983708762835,0.674100891499926,0.20651927141244572
25601,GOF,0.028944501348143026,0.5666414469134385,0.4044140517384183
25602,LOF,0.08991275434359575,0.08071610368272322,0.8293711419736809
25603,LOF,0.05344827641570421,0.17544645588509084,0.771105267699205
25604,LOF,0.101366227306274,0.1991551643947989,0.699478608298927
25605,LOF,0.18556983632146493,0.2318606109951137,0.5825695526834214
25606,Neutral,0.6239706103729002,0.05834708235703442,0.31768230727006525
25607,LOF,0.06176806860517668,0.2209333148771585,0.7172986165176648
25608,LOF,0.03617250817407319,0.16940420442962983,0.7944232873962971
25609,GOF,0.05984635672547103,0.7909863593274521,0.14916728394707687
25610,LOF,0.05344827641570421,0.17544645588509084,0.771105267699205
25611,LOF,0.05344827641570421,0.17544645588509084,0.771105267699205
25612,LOF,0.08531344812070844,0.04023524935223003,0.8744513025270615
25613,LOF,0.11186066323543825,0.03989867990851954,0.8482406568560422
25614,LOF,0.05344827641570421,0.17544645588509084,0.771105267699205
25615,LOF,0.07760146517650733,0.09475123257194945,0.8276473022515431
25616,LOF,0.05344827641570421,0.17544645588509084,0.771105267699205
25617,LOF,0.05344827641570421,0.17544645588509084,0.771105267699205
25618,GOF,0.11105770562605463,0.45376975841302025,0.4351725359609251
25619,LOF,0.05344827641570421,0.17544645588509084,0.771105267699205
25620,LOF,0.05344827641570421,0.17544645588509084,0.771105267699205
25621,LOF,0.07617019543686233,0.1492561906490069,0.7745736139141308
25622,LOF,0.07591445357883403,0.1292867868128885,0.7947987596082776
25623,LOF,0.09627508784417753,0.0579674814417886,0.8457574307140339
25624,LOF,0.05344827641570421,0.17544645588509084,0.771105267699205
25625,LOF,0.08631092724374458,0.04056682608889745,0.8731222466673579
25626,LOF,0.05887276167874001,0.052273909523730025,0.8888533287975299
25627,Neutral,0.8447686320827685,0.07052922207110147,0.08470214584612995
25628,LOF,0.1084958480661318,0.3480327257425159,0.5434714261913522
25629,LOF,0.0426386675284209,0.16246124666819756,0.7949000858033816
25630,LOF,0.4211442663531726,0.12842868599363744,0.45042704765319
25631,LOF,0.27799750136165763,0.3117586320340409,0.41024386660430157
25632,LOF,0.020560510416323025,0.12989722821242145,0.8495422613712555
25633,LOF,0.05344827641570421,0.17544645588509084,0.771105267699205
25634,LOF,0.06097253685997529,0.048838610312378156,0.8901888528276466
25635,LOF,0.05344827641570421,0.17544645588509084,0.771105267699205
25636,GOF,0.020659383811492286,0.6979660992363937,0.2813745169521139
25637,GOF,0.020880127896607897,0.7588159727711316,0.2203038993322604
25638,GOF,0.010812104793668783,0.6823261663620496,0.30686172884428164
25639,GOF,0.02120799749239563,0.7276705626970056,0.25112143981059876
25640,Neutral,0.7300092743980189,0.1618151339055408,0.10817559169644037
25641,GOF,0.06682998781703645,0.7194346008171361,0.21373541136582752
25642,LOF,0.07831614615147134,0.27042087953465127,0.6512629743138774
25643,LOF,0.25459595878985103,0.2134239228538342,0.5319801183563148
25644,LOF,0.01990471933011678,0.4484966153693811,0.5315986653005021
25645,GOF,0.015922654681284766,0.5864746352665922,0.3976027100521231
25646,GOF,0.02410671807593548,0.5391123111548038,0.4367809707692607
25647,LOF,0.016636674325363896,0.36763456725800975,0.6157287584166263
25648,LOF,0.0225637828618913,0.34903912511091445,0.6283970920271942
25649,LOF,0.013781953921586813,0.20465242153933896,0.7815656245390742
25650,LOF,0.04586059868137991,0.42722464853788267,0.5269147527807374
25651,LOF,0.021097509168030763,0.28373007672877326,0.6951724141031961
25652,GOF,0.01359845816758976,0.5391642877257279,0.4472372541066823
25653,GOF,0.05884640427842164,0.5823650912131454,0.35878850450843297
25654,GOF,0.011922752981339376,0.5309521859840692,0.45712506103459144
25655,GOF,0.04107282421604677,0.7205624591407275,0.23836471664322567
25656,LOF,0.15520633769080114,0.28521265893998843,0.5595810033692105
25657,LOF,0.04482303644166388,0.10369443969051738,0.8514825238678188
25658,LOF,0.06335010014883452,0.33943489542732913,0.5972150044238363
25659,GOF,0.37973885625278125,0.43549542343314906,0.18476572031406974
25660,LOF,0.05344827641570421,0.17544645588509084,0.771105267699205
25661,LOF,0.05344827641570421,0.17544645588509084,0.771105267699205
25662,LOF,0.05344827641570421,0.17544645588509084,0.771105267699205
25663,LOF,0.05344827641570421,0.17544645588509084,0.771105267699205
25664,LOF,0.07676876872867196,0.17170412475311586,0.7515271065182122
25665,LOF,0.058115389199930416,0.07272300877046499,0.8691616020296047
25666,LOF,0.07464223471970309,0.13969258451156122,0.7856651807687357
25667,LOF,0.05344827641570421,0.17544645588509084,0.771105267699205
25668,LOF,0.05344827641570421,0.17544645588509084,0.771105267699205
25669,LOF,0.05344827641570421,0.17544645588509084,0.771105267699205
25670,LOF,0.09668526715294945,0.07960194731514673,0.8237127855319037
25671,LOF,0.05344827641570421,0.17544645588509084,0.771105267699205
25672,LOF,0.053112633596394065,0.06813638568268235,0.8787509807209236
25673,LOF,0.07372659410292766,0.12228796308741588,0.8039854428096566
25674,LOF,0.0658677402713436,0.1194840393342908,0.8146482203943656
25675,LOF,0.067899034742379,0.10169459397690653,0.8304063712807145
25676,LOF,0.05344827641570421,0.17544645588509084,0.771105267699205
25677,LOF,0.05344827641570421,0.17544645588509084,0.771105267699205
25678,LOF,0.1094905219713303,0.03475430588050094,0.8557551721481687
25679,LOF,0.13337540660904704,0.04270908672324244,0.8239155066677105
25680,LOF,0.05344827641570421,0.17544645588509084,0.771105267699205
25681,LOF,0.05344827641570421,0.17544645588509084,0.771105267699205
25682,LOF,0.05344827641570421,0.17544645588509084,0.771105267699205
25683,LOF,0.09971090312718016,0.03548829466820944,0.8648008022046104
25684,LOF,0.05344827641570421,0.17544645588509084,0.771105267699205
25685,LOF,0.045285431548288936,0.17645352475747433,0.7782610436942368
25686,LOF,0.02882140408321674,0.2747178438990591,0.6964607520177242
25687,GOF,0.029632225296077286,0.5292750260735946,0.4410927486303281
25688,LOF,0.21839549735495506,0.28503656623247825,0.49656793641256664
25689,LOF,0.10207756737866445,0.23769432541943084,0.6602281072019046
25690,LOF,0.17494046935833732,0.3532260176030083,0.47183351303865434
25691,Neutral,0.653781483993265,0.21514362983643517,0.13107488617029997
25692,LOF,0.1160482787170954,0.07974751507332874,0.8042042062095759
25693,GOF,0.05108526290390779,0.7424945803959895,0.20642015670010277
25694,LOF,0.1928103274277542,0.04120575107784862,0.7659839214943972
25695,LOF,0.13542810557020635,0.07949594382659804,0.7850759506031957
25696,LOF,0.11372777934599027,0.08893329245288033,0.7973389282011294
25697,LOF,0.10272065709828823,0.18783114293943784,0.7094481999622739
25698,LOF,0.08082395052129292,0.2620209911857305,0.6571550582929766
25699,GOF,0.11022482783007424,0.4883236190660264,0.40145155310389946
25700,LOF,0.05344827641570421,0.17544645588509084,0.771105267699205
25701,GOF,0.0794662305634729,0.7244435541841419,0.1960902152523853
25702,LOF,0.33769317945472593,0.29356922225287785,0.3687375982923963
25703,LOF,0.03341345091773049,0.09228665520112847,0.874299893881141
25704,LOF,0.05344827641570421,0.17544645588509084,0.771105267699205
25705,LOF,0.05344827641570421,0.17544645588509084,0.771105267699205
25706,GOF,0.11473019611624152,0.588137642661502,0.29713216122225644
25707,GOF,0.09597126746568742,0.5199196595111943,0.38410907302311814
25708,LOF,0.03725064136495159,0.3206451972205013,0.6421041614145472
25709,LOF,0.05344827641570421,0.17544645588509084,0.771105267699205
25710,LOF,0.024873555889297815,0.25812935086579736,0.7169970932449049
25711,LOF,0.05344827641570421,0.17544645588509084,0.771105267699205
25712,LOF,0.029367235416390757,0.26964584493306365,0.7009869196505456
25713,LOF,0.05344827641570421,0.17544645588509084,0.771105267699205
25714,LOF,0.05344827641570421,0.17544645588509084,0.771105267699205
25715,LOF,0.05344827641570421,0.17544645588509084,0.771105267699205
25716,LOF,0.02315933934992643,0.09168064129563644,0.885160019354437
25717,LOF,0.02001869946332757,0.3015749926406362,0.6784063078960363
25718,LOF,0.05344827641570421,0.17544645588509084,0.771105267699205
25719,LOF,0.05344827641570421,0.17544645588509084,0.771105267699205
25720,LOF,0.05344827641570421,0.17544645588509084,0.771105267699205
25721,LOF,0.05344827641570421,0.17544645588509084,0.771105267699205
25722,LOF,0.05344827641570421,0.17544645588509084,0.771105267699205
25723,LOF,0.05344827641570421,0.17544645588509084,0.771105267699205
25724,LOF,0.15520633769080114,0.28521265893998843,0.5595810033692105
25725,LOF,0.05344827641570421,0.17544645588509084,0.771105267699205
25726,LOF,0.05344827641570421,0.17544645588509084,0.771105267699205
25727,LOF,0.05344827641570421,0.17544645588509084,0.771105267699205
25728,LOF,0.05344827641570421,0.17544645588509084,0.771105267699205
25729,LOF,0.05344827641570421,0.17544645588509084,0.771105267699205
25730,LOF,0.05344827641570421,0.17544645588509084,0.771105267699205
25731,LOF,0.025624061707769655,0.27382589055019246,0.7005500477420379
25732,LOF,0.05344827641570421,0.17544645588509084,0.771105267699205
25733,LOF,0.05344827641570421,0.17544645588509084,0.771105267699205
25734,LOF,0.03020013710776179,0.2377575843245746,0.7320422785676636
25735,LOF,0.05344827641570421,0.17544645588509084,0.771105267699205
25736,LOF,0.05344827641570421,0.17544645588509084,0.771105267699205
25737,LOF,0.05344827641570421,0.17544645588509084,0.771105267699205
25738,LOF,0.05344827641570421,0.17544645588509084,0.771105267699205
25739,LOF,0.05344827641570421,0.17544645588509084,0.771105267699205
25740,LOF,0.05344827641570421,0.17544645588509084,0.771105267699205
25741,LOF,0.05344827641570421,0.17544645588509084,0.771105267699205
25742,LOF,0.05344827641570421,0.17544645588509084,0.771105267699205
25743,LOF,0.027080068855883727,0.12108013114736327,0.851839799996753
25744,Neutral,0.556950231805446,0.1347511416629148,0.3082986265316392
25745,LOF,0.03047925401345138,0.3858892910980478,0.5836314548885008
25746,LOF,0.024147396121183565,0.3678300908616527,0.6080225130171637
25747,LOF,0.05344827641570421,0.17544645588509084,0.771105267699205
25748,LOF,0.0835291131721657,0.3257328239661378,0.5907380628616965
25749,LOF,0.018585592465358337,0.4807144594935363,0.5006999480411054
25750,LOF,0.01880144319293714,0.44974459028837865,0.5314539665186842
25751,LOF,0.05344827641570421,0.17544645588509084,0.771105267699205
25752,GOF,0.05077137977033869,0.7096501531693397,0.23957846706032174
25753,LOF,0.022546714564674174,0.24066729594189426,0.7367859894934317
25754,GOF,0.0231377318384722,0.7921405364882448,0.18472173167328299
25755,LOF,0.02974976461454673,0.2612530330229513,0.708997202362502
25756,LOF,0.04494012354817273,0.3165703545564392,0.6384895218953881
25757,GOF,0.01760155627591232,0.8122407088364636,0.170157734887624
25758,GOF,0.023350305334455496,0.7401147333918685,0.23653496127367593
25759,GOF,0.017511382180629666,0.5868698346171979,0.39561878320217236
25760,LOF,0.0279212305167974,0.28870119521749543,0.683377574265707
25761,GOF,0.2150555590600012,0.6330433920621593,0.15190104887783953
25762,LOF,0.06229776569928183,0.13305679382499394,0.8046454404757242
25763,LOF,0.022547097147177578,0.19070399257417328,0.786748910278649
25764,GOF,0.036992046682760404,0.8208279205110462,0.14218003280619354
25765,GOF,0.01830695428548013,0.632409835612533,0.3492832101019868
25766,GOF,0.0637116358550713,0.7432207291653059,0.19306763497962273
25767,GOF,0.0739838785756265,0.6522534872241389,0.27376263420023456
25768,LOF,0.05344827641570421,0.17544645588509084,0.771105267699205
25769,LOF,0.05344827641570421,0.17544645588509084,0.771105267699205
25770,Neutral,0.6966450838789747,0.05315846328303116,0.250196452837994
25771,LOF,0.08836796785895491,0.07775337719645146,0.8338786549445937
25772,LOF,0.05344827641570421,0.17544645588509084,0.771105267699205
25773,LOF,0.07674919420964504,0.12432479325236338,0.7989260125379917
25774,LOF,0.035049046915993316,0.124556361564738,0.8403945915192687
25775,LOF,0.09535686714031782,0.09442507800949446,0.8102180548501877
25776,LOF,0.05344827641570421,0.17544645588509084,0.771105267699205
25777,LOF,0.18604065855334878,0.1300684064103884,0.6838909350362629
25778,LOF,0.05344827641570421,0.17544645588509084,0.771105267699205
25779,GOF,0.344977166689087,0.4663565187853163,0.18866631452559673
25780,Neutral,0.47268422784721065,0.3774003170393766,0.1499154551134128
25781,GOF,0.30654847818570546,0.5568951561994812,0.1365563656148134
25782,GOF,0.24729078253491305,0.5967563498429139,0.15595286762217309
25783,GOF,0.046333533143072994,0.6693936395704358,0.28427282728649117
25784,Neutral,0.6007365086185318,0.2980730939709289,0.10119039741053938
25785,Neutral,0.6463087989908728,0.24868394677123262,0.10500725423789464
25786,GOF,0.06485250424334259,0.7408102568680074,0.19433723888865007
25787,Neutral,0.7851960108031912,0.1588932273640916,0.055910761832717114
25788,LOF,0.05344827641570421,0.17544645588509084,0.771105267699205
25789,GOF,0.137581324833126,0.7028825903536146,0.15953608481325945
25790,GOF,0.22850130462062762,0.5950751982208232,0.17642349715854913
25791,GOF,0.13056414944485673,0.701525199262972,0.16791065129217134
25792,GOF,0.2759547446901839,0.5633081805677277,0.16073707474208837
25793,GOF,0.4142695931634596,0.41777164184066085,0.16795876499587947
25794,GOF,0.16668170012491912,0.6719615450048294,0.16135675487025147
25795,GOF,0.058274653927502,0.7040588051995823,0.23766654087291567
25796,GOF,0.365089861337878,0.3752963390608476,0.25961379960127445
25797,GOF,0.10543293740170667,0.5464814473784554,0.3480856152198379
25798,GOF,0.020937031738009156,0.6751376589278656,0.30392530933412537
25799,GOF,0.026188489567973646,0.5330221186848848,0.44078939174714155
25800,GOF,0.07463663097350764,0.7064011387779906,0.2189622302485018
25801,GOF,0.2111459773958125,0.6230450674514493,0.16580895515273825
25802,GOF,0.11638193990451255,0.6922213112037352,0.19139674889175232
25803,GOF,0.10278709257553463,0.6181579796204345,0.2790549278040309
25804,GOF,0.06907543310806857,0.6455995383440996,0.2853250285478319
25805,GOF,0.1146091588511212,0.7659213174054238,0.11946952374345517
25806,GOF,0.19361444516537152,0.5946105407141917,0.2117750141204369
25807,GOF,0.027390082264315538,0.6694327176561636,0.30317720007952087
25808,GOF,0.1341511732303649,0.711434430121155,0.15441439664847997
25809,GOF,0.029618024634077353,0.5750445188568318,0.39533745650909086
25810,GOF,0.035770791298533874,0.688270209814221,0.2759589988872451
25811,Neutral,0.510371075192818,0.2973150931529281,0.1923138316542538
25812,GOF,0.0831466904645734,0.7017490225656432,0.21510428696978337
25813,Neutral,0.5872116587851117,0.295020658821153,0.1177676823937352
25814,GOF,0.1252090968324321,0.7425016777176335,0.13228922544993438
25815,GOF,0.23058513332167202,0.580873713567973,0.18854115311035496
25816,GOF,0.03241241039651988,0.7808217024394926,0.18676588716398754
25817,GOF,0.15417935882678008,0.6412702248781951,0.2045504162950249
25818,GOF,0.051931537870476586,0.6023081443221627,0.34576031780736083
25819,GOF,0.31311633472487826,0.42596296401115946,0.2609207012639622
25820,GOF,0.13495725232329422,0.6206991659424431,0.24434358173426265
25821,GOF,0.04788575973110629,0.7575819892782366,0.1945322509906572
25822,GOF,0.20947383606947587,0.5711923290259314,0.21933383490459268
25823,GOF,0.04630589955585617,0.7322127091044686,0.22148139133967543
25824,GOF,0.06134389146406209,0.55470401312942,0.383952095406518
25825,GOF,0.03750104980588126,0.5779815730545013,0.3845173771396175
25826,GOF,0.015046471824673351,0.621984170635885,0.36296935753944165
25827,GOF,0.030066430925479608,0.7041678733215696,0.2657656957529508
25828,GOF,0.02302851287868224,0.5677969264867548,0.4091745606345629
25829,GOF,0.014942355820628769,0.6467587543496571,0.33829888982971423
25830,GOF,0.11105770562605463,0.45376975841302025,0.4351725359609251
25831,GOF,0.1800485808864373,0.6212582056946958,0.19869321341886703
25832,GOF,0.04277567772795227,0.695574169429738,0.2616501528423097
25833,GOF,0.1105572562509625,0.6451378179716907,0.24430492577734683
25834,GOF,0.037846777160445454,0.7178911580713382,0.24426206476821638
25835,GOF,0.12683072149037386,0.5721933412124508,0.30097593729717537
25836,GOF,0.04796668498481322,0.743751367755552,0.20828194725963475
25837,GOF,0.024767244101045038,0.6629739369594817,0.31225881893947327
25838,GOF,0.11057769557447662,0.7261940276678612,0.16322827675766213
25839,GOF,0.2721860799836881,0.5090694109416125,0.21874450907469942
25840,GOF,0.17622121782052727,0.4620907734161572,0.3616880087633156
25841,GOF,0.22106892260847946,0.4397712884779753,0.3391597889135452
25842,GOF,0.1746943238557812,0.6076400668841688,0.21766560926004994
25843,GOF,0.21781759400271783,0.5059566420330044,0.2762257639642778
25844,GOF,0.07372410339141008,0.7009069713859669,0.22536892522262292
25845,GOF,0.021103742259087503,0.586317588691711,0.3925786690492015
25846,GOF,0.1320030205029056,0.5882883805120765,0.2797085989850178
25847,GOF,0.10053625752151385,0.7871845040326311,0.11227923844585516
25848,GOF,0.0757125302802607,0.7464428600433665,0.17784460967637283
25849,GOF,0.020884866369215018,0.7286937284627132,0.25042140516807176
25850,GOF,0.025233402784154927,0.7516898627961061,0.22307673441973905
25851,GOF,0.017231632122987325,0.7377435818153375,0.24502478606167508
25852,GOF,0.2445780170763282,0.4941919300569326,0.26123005286673934
25853,GOF,0.2634089405868316,0.5911618163618038,0.14542924305136465
25854,GOF,0.014576360625623666,0.7420631398602939,0.24336049951408248
25855,GOF,0.057949393939791094,0.4848737699995314,0.4571768360606775
25856,GOF,0.3369101411228686,0.36604096592795116,0.2970488929491802
25857,GOF,0.06313854593463715,0.6553880078503543,0.28147344621500847
25858,GOF,0.02463573836007277,0.733650440509526,0.24171382113040119
25859,GOF,0.016999208455297607,0.6798060608877767,0.30319473065692565
25860,GOF,0.35533818721664506,0.471532785253067,0.17312902753028792
25861,GOF,0.36236496289783526,0.4777185121733977,0.15991652492876696
25862,GOF,0.11386820854480754,0.7341529127274242,0.15197887872776827
25863,GOF,0.12975468353031902,0.6589570033079183,0.2112883131617627
25864,GOF,0.29598404966868813,0.4600725980458657,0.2439433522854462
25865,GOF,0.11463192362326184,0.7399765377178767,0.1453915386588614
25866,GOF,0.10058843326651139,0.7430849154079676,0.15632665132552098
25867,GOF,0.12162009024268719,0.7519443901598756,0.12643551959743718
25868,GOF,0.16763168390387687,0.6602581847228302,0.17211013137329306
25869,Neutral,0.7585169981251328,0.1679069228902297,0.07357607898463743
25870,GOF,0.2188779146428486,0.4872981987176317,0.29382388663951964
25871,GOF,0.06429775152835075,0.7467392901777004,0.18896295829394877
25872,GOF,0.12261827893308745,0.675232918655557,0.2021488024113555
25873,GOF,0.138736867886554,0.5962981254034769,0.2649650067099692
25874,LOF,0.05344827641570421,0.17544645588509084,0.771105267699205
25875,GOF,0.03391015854115947,0.5339099077692548,0.43217993368958574
25876,LOF,0.030888859319745752,0.2807749758843539,0.6883361647959003
25877,GOF,0.30807130980938113,0.44430409740743176,0.24762459278318702
25878,GOF,0.06271404807104436,0.757686885685608,0.1795990662433476
25879,GOF,0.030364557272000638,0.7568220923740631,0.21281335035393642
25880,LOF,0.05344827641570421,0.17544645588509084,0.771105267699205
25881,GOF,0.28971273523370644,0.46521015834704693,0.24507710641924663
25882,LOF,0.08375975508601641,0.10749421736597367,0.8087460275480098
25883,LOF,0.05344827641570421,0.17544645588509084,0.771105267699205
25884,LOF,0.07117304552347348,0.24640377746873132,0.6824231770077953
25885,LOF,0.073548437474198,0.0914668144546497,0.8349847480711523
25886,LOF,0.0835291131721657,0.3257328239661378,0.5907380628616965
25887,GOF,0.18495795287412076,0.44943710597081327,0.3656049411550659
25888,LOF,0.17200025831179167,0.2664521037211667,0.5615476379670417
25889,LOF,0.09571825977350644,0.11262973361068748,0.791652006615806
25890,LOF,0.06781612135810723,0.2147965985374878,0.7173872801044049
25891,LOF,0.03885269054384033,0.126143708278311,0.8350036011778488
25892,LOF,0.09768703463995002,0.16246415673583867,0.7398488086242113
25893,LOF,0.17752313641253226,0.18143865053640573,0.641038213051062
25894,LOF,0.1044300275635647,0.13710884360402678,0.7584611288324086
25895,LOF,0.13022370077111337,0.1111821930411334,0.7585941061877532
25896,LOF,0.07844363970143989,0.06448368318982031,0.8570726771087398
25897,LOF,0.17248876471292054,0.12786780294339523,0.6996434323436843
25898,Neutral,0.4802500180616412,0.1232523255875662,0.3964976563507926
25899,LOF,0.09650348269148856,0.346727720497137,0.5567687968113744
25900,Neutral,0.9130804891409828,0.01588405595062281,0.07103545490839436
25901,LOF,0.05344827641570421,0.17544645588509084,0.771105267699205
25902,LOF,0.09057440465403152,0.1277260563759703,0.7816995389699982
25903,LOF,0.36386276253395133,0.20752708291232014,0.4286101545537287
25904,LOF,0.1724440830722342,0.3186678651293079,0.5088880517984579
25905,GOF,0.014402687764608285,0.7067738921378709,0.27882342009752076
25906,LOF,0.024097437687562766,0.09351013977611335,0.8823924225363239
25907,GOF,0.011186974959564918,0.5163012426554847,0.47251178238495023
25908,LOF,0.017063593642912572,0.36408325388385215,0.6188531524732352
25909,LOF,0.05344827641570421,0.17544645588509084,0.771105267699205
25910,LOF,0.025464082767956114,0.2931368934531524,0.6813990237788915
25911,LOF,0.05012580795696075,0.11339908833954067,0.8364751037034986
25912,LOF,0.026233319664062667,0.21101134514603795,0.7627553351898994
25913,LOF,0.0785495237498211,0.31681538711186197,0.604635089138317
25914,LOF,0.05344827641570421,0.17544645588509084,0.771105267699205
25915,GOF,0.2499591530664368,0.5777424860352969,0.17229836089826628
25916,GOF,0.035344802216106364,0.6440853003694309,0.3205698974144628
25917,LOF,0.046491824756075335,0.05406587422654773,0.899442301017377
25918,LOF,0.05344827641570421,0.17544645588509084,0.771105267699205
25919,LOF,0.05344827641570421,0.17544645588509084,0.771105267699205
25920,GOF,0.05789925811930245,0.8087843683448125,0.13331637353588507
25921,LOF,0.03431757396208124,0.34438077423167246,0.6213016518062464
25922,LOF,0.025973263114758064,0.43578372243728775,0.5382430144479542
25923,LOF,0.08640364830292047,0.3240627003637413,0.5895336513333382
25924,LOF,0.03837079923450636,0.18628305792345384,0.7753461428420397
25925,LOF,0.03949160635548554,0.12032721872342453,0.84018117492109
25926,LOF,0.0364736382635585,0.09218086793366537,0.871345493802776
25927,GOF,0.03957913845363519,0.5908617423867852,0.3695591191595795
25928,LOF,0.02438186429055125,0.17044188060190785,0.8051762551075409
25929,LOF,0.28053035190081826,0.29446917510051535,0.42500047299866633
25930,LOF,0.05344827641570421,0.17544645588509084,0.771105267699205
25931,LOF,0.027978780710526764,0.11101568782976066,0.8610055314597127
25932,LOF,0.05344827641570421,0.17544645588509084,0.771105267699205
25933,LOF,0.05344827641570421,0.17544645588509084,0.771105267699205
25934,LOF,0.05344827641570421,0.17544645588509084,0.771105267699205
25935,LOF,0.03998428263003102,0.10633840538212312,0.8536773119878459
25936,LOF,0.05344827641570421,0.17544645588509084,0.771105267699205
25937,LOF,0.03377099294082906,0.17068904338201532,0.7955399636771557
25938,LOF,0.07066315919308173,0.1485067009242882,0.7808301398826301
25939,LOF,0.05344827641570421,0.17544645588509084,0.771105267699205
25940,GOF,0.01725685808992624,0.6267634171108536,0.35597972479922024
25941,LOF,0.22839090613419386,0.25301496741276847,0.5185941264530376
25942,LOF,0.02821758961561165,0.13734026896057872,0.8344421414238096
25943,LOF,0.4078117903463803,0.14511615829520186,0.4470720513584178
25944,Neutral,0.4340233457146751,0.1332767036885742,0.4326999505967506
25945,GOF,0.11105770562605463,0.45376975841302025,0.4351725359609251
25946,LOF,0.019072157434288927,0.07899667742751423,0.9019311651381968
25947,GOF,0.05664221538380979,0.5823566422275797,0.3610011423886105
25948,LOF,0.37856054109512444,0.029444667000009948,0.5919947919048657
25949,LOF,0.10340897466408723,0.11781412451908832,0.7787769008168245
25950,LOF,0.2890236837396047,0.31286556351321415,0.3981107527471811
25951,GOF,0.0991066493768363,0.5120463818028841,0.3888469688202796
25952,LOF,0.0320866765042114,0.4429294907147945,0.524983832780994
25953,GOF,0.11789082527875402,0.6342597666632531,0.24784940805799285
25954,GOF,0.2526184687397942,0.6295413533738833,0.11784017788632252
25955,LOF,0.056810064899101835,0.21703957233172075,0.7261503627691774
25956,LOF,0.06958811982313631,0.2535944391188718,0.6768174410579919
25957,LOF,0.062250031059580234,0.0822640441535717,0.8554859247868482
25958,LOF,0.05344827641570421,0.17544645588509084,0.771105267699205
25959,GOF,0.07601124481586448,0.6110046827062138,0.31298407247792176
25960,LOF,0.03625145001151125,0.15967153272952225,0.8040770172589666
25961,LOF,0.05344827641570421,0.17544645588509084,0.771105267699205
25962,LOF,0.04575157738845675,0.22203962767601568,0.7322087949355276
25963,GOF,0.02534627339940006,0.546633958312332,0.42801976828826793
25964,LOF,0.05344827641570421,0.17544645588509084,0.771105267699205
25965,Neutral,0.6646922013935235,0.1396011679186283,0.19570663068784822
25966,LOF,0.09650348269148856,0.346727720497137,0.5567687968113744
25967,LOF,0.02690876295075581,0.2868869525351115,0.6862042845141326
25968,GOF,0.10714225358785417,0.5804455134418347,0.31241223297031107
25969,LOF,0.030121555166578325,0.10724012793664951,0.8626383168967722
25970,LOF,0.02340381397727313,0.16785190704469455,0.8087442789780322
25971,LOF,0.05344827641570421,0.17544645588509084,0.771105267699205
25972,LOF,0.05344827641570421,0.17544645588509084,0.771105267699205
25973,LOF,0.11938747339817875,0.08128325807358235,0.7993292685282389
25974,Neutral,0.5488887008677085,0.31535204066198036,0.13575925847031128
25975,LOF,0.05344827641570421,0.17544645588509084,0.771105267699205
25976,LOF,0.02674649268392642,0.13800926371992328,0.8352442435961503
25977,LOF,0.028821076511308188,0.2739803391252299,0.6971985843634618
25978,LOF,0.21544702983544728,0.09890801915931065,0.685644951005242
25979,LOF,0.2285773476220432,0.10874212575191185,0.6626805266260449
25980,LOF,0.14852076890409827,0.3775160332159973,0.4739631978799046
25981,LOF,0.14852076890409827,0.3775160332159973,0.4739631978799046
25982,LOF,0.42739022913765407,0.059556321333354374,0.5130534495289916
25983,Neutral,0.6235147370448306,0.08914427565379505,0.2873409873013743
25984,LOF,0.05344827641570421,0.17544645588509084,0.771105267699205
25985,GOF,0.0186606004097745,0.714701730707188,0.26663766888303764
25986,GOF,0.023260122488644015,0.7303737381535682,0.2463661393577879
25987,LOF,0.08825394442950427,0.13720936033777736,0.7745366952327184
25988,LOF,0.05344827641570421,0.17544645588509084,0.771105267699205
25989,LOF,0.05344827641570421,0.17544645588509084,0.771105267699205
25990,LOF,0.05344827641570421,0.17544645588509084,0.771105267699205
25991,GOF,0.2269817550820198,0.5079454264773402,0.26507281844064007
25992,Neutral,0.3943120136991976,0.29192790001844193,0.31376008628236046
25993,LOF,0.05344827641570421,0.17544645588509084,0.771105267699205
25994,LOF,0.05344827641570421,0.17544645588509084,0.771105267699205
25995,LOF,0.05344827641570421,0.17544645588509084,0.771105267699205
25996,GOF,0.18511254861543777,0.4570725017284464,0.35781494965611593
25997,GOF,0.09096382545524123,0.6595458193552678,0.24949035518949084
25998,LOF,0.34020691678917114,0.16276752957110663,0.49702555363972234
25999,GOF,0.2960067847623398,0.48894305827208584,0.2150501569655743
26000,LOF,0.07632082205129924,0.06746372929592873,0.8562154486527721
26001,LOF,0.10985104317278044,0.37311284041665704,0.5170361164105625
26002,LOF,0.052451436323083266,0.2376822893526038,0.709866274324313
26003,GOF,0.01778585044380203,0.6222728402779057,0.35994130927829215
26004,GOF,0.030469835923868066,0.6452312681502324,0.32429889592589956
26005,GOF,0.013906260459682695,0.6013251429748834,0.38476859656543383
26006,Neutral,0.5401739562207373,0.24255995911388242,0.21726608466538033
26007,GOF,0.032389903712437856,0.6539215251956351,0.3136885710919271
26008,GOF,0.022551744785369112,0.5402288983120944,0.4372193569025364
26009,GOF,0.03561491676869934,0.7835137487560928,0.18087133447520787
26010,GOF,0.016426760514222077,0.7192907710772688,0.2642824684085091
26011,GOF,0.013047560937032505,0.61689840689307,0.37005403216989763
26012,GOF,0.018010076022359354,0.7389262572769025,0.24306366670073815
26013,GOF,0.015106418495077018,0.6801406888157043,0.30475289268921874
26014,LOF,0.05568382442414967,0.20972292210895715,0.7345932534668932
26015,LOF,0.17923965747727383,0.06722610562955166,0.7535342368931746
26016,LOF,0.3664261045258642,0.17354812433857664,0.46002577113555915
26017,LOF,0.3392181933673874,0.2690525909956366,0.3917292156369759
26018,LOF,0.05344827641570421,0.17544645588509084,0.771105267699205
26019,LOF,0.05344827641570421,0.17544645588509084,0.771105267699205
26020,GOF,0.0634560682514237,0.5328404154454288,0.40370351630314755
26021,GOF,0.056382331697115956,0.7425603252222351,0.20105734308064893
26022,LOF,0.02487574704556086,0.23960894812395436,0.7355153048304849
26023,LOF,0.15520633769080114,0.28521265893998843,0.5595810033692105
26024,LOF,0.033995968475784094,0.47264014676867977,0.4933638847555361
26025,LOF,0.2432017653073478,0.3028340839939471,0.4539641506987051
26026,Neutral,0.571605531175403,0.043661430587103464,0.38473303823749355
26027,LOF,0.05344827641570421,0.17544645588509084,0.771105267699205
26028,LOF,0.2870373289885849,0.08495758036632566,0.6280050906450894
26029,GOF,0.04854215027391973,0.6728374813645427,0.2786203683615376
26030,LOF,0.022218571330244907,0.1054040295589357,0.8723773991108195
26031,GOF,0.01925027376752806,0.5006868411618386,0.4800628850706335
26032,LOF,0.05344827641570421,0.17544645588509084,0.771105267699205
26033,LOF,0.15520633769080114,0.28521265893998843,0.5595810033692105
26034,LOF,0.02784821755162292,0.3714109405678375,0.6007408418805396
26035,LOF,0.02033734426829016,0.4737674074381512,0.5058952482935587
26036,LOF,0.02004549838126215,0.33356019259518566,0.6463943090235522
26037,LOF,0.01530188050870148,0.30385496554508407,0.6808431539462145
26038,LOF,0.05344827641570421,0.17544645588509084,0.771105267699205
26039,GOF,0.03407662524989584,0.5290056878289854,0.43691768692111876
26040,GOF,0.22754403589594005,0.5572319047926748,0.21522405931138514
26041,LOF,0.0165202470566687,0.2682851325830192,0.715194620360312
26042,LOF,0.013645100085983583,0.3466922410757886,0.6396626588382278
26043,LOF,0.05344827641570421,0.17544645588509084,0.771105267699205
26044,LOF,0.022334159879932876,0.20415771776600564,0.7735081223540615
26045,LOF,0.04609257087731394,0.44193352308752454,0.5119739060351615
26046,LOF,0.05344827641570421,0.17544645588509084,0.771105267699205
26047,LOF,0.05344827641570421,0.17544645588509084,0.771105267699205
26048,LOF,0.04791030385538785,0.16926758177943202,0.7828221143651802
26049,Neutral,0.9074911168014616,0.043612363675015565,0.04889651952352287
26050,Neutral,0.8832828594854969,0.04843258228967749,0.06828455822482553
26051,GOF,0.025400224572765088,0.7251366583855332,0.24946311704170163
26052,GOF,0.029336749155221935,0.7054910729773387,0.2651721778674393
26053,LOF,0.04399566247167805,0.1797561790519698,0.7762481584763521
26054,LOF,0.04790804547235374,0.18121809816836112,0.7708738563592852
26055,LOF,0.06823515872082177,0.08975134984943682,0.8420134914297414
26056,LOF,0.04180122944127175,0.14201557495630204,0.8161831956024262
26057,LOF,0.05344827641570421,0.17544645588509084,0.771105267699205
26058,LOF,0.05344827641570421,0.17544645588509084,0.771105267699205
26059,Neutral,0.6094212534704563,0.1538131159105626,0.23676563061898112
26060,GOF,0.24262357823924116,0.5603508597133148,0.197025562047444
26061,LOF,0.04263914041371134,0.09147361595817424,0.8658872436281144
26062,LOF,0.0298755013063321,0.06739592500226063,0.9027285736914074
26063,LOF,0.05344827641570421,0.17544645588509084,0.771105267699205
26064,LOF,0.03406727522963229,0.05457269015763055,0.9113600346127371
26065,LOF,0.05344827641570421,0.17544645588509084,0.771105267699205
26066,LOF,0.05344827641570421,0.17544645588509084,0.771105267699205
26067,LOF,0.05344827641570421,0.17544645588509084,0.771105267699205
26068,LOF,0.06892531036222786,0.06810645166450506,0.862968237973267
26069,LOF,0.2560791208842043,0.10019194821084507,0.6437289309049506
26070,Neutral,0.5800400025138351,0.04062208402479539,0.3793379134613695
26071,LOF,0.05344827641570421,0.17544645588509084,0.771105267699205
26072,LOF,0.024683627253185934,0.16100524143498068,0.8143111313118334
26073,LOF,0.05344827641570421,0.17544645588509084,0.771105267699205
26074,Neutral,0.9143834591057113,0.04080052243568577,0.044816018458602835
26075,LOF,0.05577611556949411,0.18160730249876664,0.7626165819317393
26076,LOF,0.05344827641570421,0.17544645588509084,0.771105267699205
26077,LOF,0.024115599336957935,0.2973719403559116,0.6785124603071305
26078,LOF,0.02260825441480098,0.24125262930672925,0.7361391162784697
26079,LOF,0.04624091144658997,0.11661931820433927,0.8371397703490707
26080,LOF,0.04624091144658997,0.11661931820433927,0.8371397703490707
26081,LOF,0.05344827641570421,0.17544645588509084,0.771105267699205
26082,LOF,0.030499515731076798,0.07878494926950662,0.8907155349994166
26083,LOF,0.05344827641570421,0.17544645588509084,0.771105267699205
26084,LOF,0.05344827641570421,0.17544645588509084,0.771105267699205
26085,LOF,0.05344827641570421,0.17544645588509084,0.771105267699205
26086,LOF,0.05344827641570421,0.17544645588509084,0.771105267699205
26087,LOF,0.05344827641570421,0.17544645588509084,0.771105267699205
26088,LOF,0.03243918988708466,0.16994677670922473,0.7976140334036905
26089,LOF,0.056642124790537395,0.07824727893411423,0.8651105962753485
26090,LOF,0.049297992437241006,0.059573496087666995,0.891128511475092
26091,LOF,0.05344827641570421,0.17544645588509084,0.771105267699205
26092,LOF,0.05344827641570421,0.17544645588509084,0.771105267699205
26093,LOF,0.05344827641570421,0.17544645588509084,0.771105267699205
26094,LOF,0.05344827641570421,0.17544645588509084,0.771105267699205
26095,LOF,0.10777322324911688,0.08923729219381872,0.8029894845570643
26096,LOF,0.03807070551748069,0.06299977919720742,0.8989295152853118
26097,LOF,0.027624321108531972,0.16575403144100007,0.8066216474504679
26098,LOF,0.05609972336509835,0.04971669595492816,0.8941835806799735
26099,LOF,0.05344827641570421,0.17544645588509084,0.771105267699205
26100,LOF,0.05344827641570421,0.17544645588509084,0.771105267699205
26101,LOF,0.05344827641570421,0.17544645588509084,0.771105267699205
26102,LOF,0.05344827641570421,0.17544645588509084,0.771105267699205
26103,Neutral,0.661926609200483,0.1707791178903412,0.16729427290917584
26104,LOF,0.04315974372106663,0.10159932079796402,0.8552409354809694
26105,LOF,0.11332358972569875,0.3927027147030295,0.4939736955712718
26106,LOF,0.09515688865088458,0.16231686620926594,0.7425262451398496
26107,LOF,0.13462802601941845,0.15327415205529857,0.712097821925283
26108,LOF,0.06169403624911754,0.3303248616749292,0.6079811020759531
26109,LOF,0.07691675752319041,0.0795517431496308,0.8435314993271789
26110,LOF,0.30817881465503055,0.03453761787904229,0.6572835674659271
26111,GOF,0.14905846788198535,0.6176087053196776,0.23333282679833697
26112,LOF,0.05344827641570421,0.17544645588509084,0.771105267699205
26113,LOF,0.05344827641570421,0.17544645588509084,0.771105267699205
26114,LOF,0.03531244969237417,0.07375536204968643,0.8909321882579393
26115,LOF,0.12055584875581403,0.05707825770943803,0.822365893534748
26116,LOF,0.05344827641570421,0.17544645588509084,0.771105267699205
26117,LOF,0.09650348269148856,0.346727720497137,0.5567687968113744
26118,LOF,0.05344827641570421,0.17544645588509084,0.771105267699205
26119,LOF,0.03434479443292676,0.20438126628705489,0.7612739392800183
26120,LOF,0.05344827641570421,0.17544645588509084,0.771105267699205
26121,LOF,0.06417376308070734,0.20091362759438267,0.7349126093249101
26122,LOF,0.07832729424075602,0.26572011657129274,0.6559525891879513
26123,LOF,0.06308589925665946,0.21591095899994178,0.7210031417433989
26124,LOF,0.037093557938133785,0.23328379530875626,0.7296226467531101
26125,LOF,0.11836012097943843,0.22143252516599082,0.6602073538545709
26126,LOF,0.06736977357650681,0.2155394358592254,0.7170907905642678
