feature0,prediction,LoGoFunc_Neutral,LoGoFunc_GOF,LoGoFunc_LOF
25546,Neutral,0.617469102936063,0.07086877596795231,0.3116621210959847
25547,Neutral,0.49054766501484853,0.11638232139939912,0.39307001358575233
25548,Neutral,0.48376485844068917,0.10367400104002944,0.4125611405192812
25549,LOF,0.42564635641230764,0.10802249673872469,0.4663311468489677
25550,LOF,0.3501051720088733,0.14092310134774128,0.5089717266433854
25551,LOF,0.3126229220729389,0.15186017191312512,0.535516906013936
25552,LOF,0.2695114140371969,0.1527565095365679,0.577732076426235
25553,Neutral,0.7847601182999597,0.059979045766614725,0.15526083593342555
25554,LOF,0.2996575780798671,0.14252238179554666,0.5578200401245863
25555,LOF,0.26039716629226245,0.13802832398687107,0.6015745097208665
25556,LOF,0.43042614611917757,0.12695755980668458,0.44261629407413783
25557,LOF,0.2571709396247208,0.13630234663150037,0.6065267137437788
25558,LOF,0.30573679198897735,0.13537796321273862,0.5588852447982839
25559,LOF,0.2918456353151711,0.10435781047573751,0.6037965542090914
25560,LOF,0.11798059794183925,0.1373619027046742,0.7446574993534866
25561,LOF,0.13353421991349834,0.19389946860248417,0.6725663114840176
25562,LOF,0.046357946697882575,0.08854450202579006,0.8650975512763275
25563,LOF,0.015329938794611347,0.14945369273355064,0.8352163684718381
25564,LOF,0.10977330283994867,0.11389457526118493,0.7763321218988665
25565,LOF,0.19660268008615853,0.14215099108481788,0.6612463288290237
25566,GOF,0.06170872714389285,0.6331508137493923,0.30514045910671483
25567,LOF,0.032316591775754765,0.19123444051982136,0.776448967704424
25568,LOF,0.05361438734773347,0.10287621869576678,0.8435093939564996
25569,LOF,0.06103847414055589,0.09232258014289456,0.8466389457165496
25570,LOF,0.02950792468478692,0.136355486431806,0.8341365888834071
25571,LOF,0.026418055712609075,0.14162140920531283,0.831960535082078
25572,LOF,0.06651799431306278,0.162142060621847,0.7713399450650902
25573,LOF,0.06457358644566179,0.12792924934602726,0.8074971642083109
25574,LOF,0.0652528908222878,0.23874304823949266,0.6960040609382195
25575,LOF,0.022170278427261565,0.13897489932637436,0.8388548222463641
25576,LOF,0.026238628644638815,0.19273072945305747,0.7810306419023038
25577,LOF,0.03199391978909429,0.14742694542250082,0.8205791347884049
25578,LOF,0.31736525100243945,0.11523441798622468,0.5674003310113359
25579,LOF,0.20382234656520634,0.11506766236939975,0.6811099910653939
25580,LOF,0.02114143907703583,0.09689156905996425,0.8819669918629999
25581,LOF,0.04844830167587779,0.0935916670511489,0.8579600312729734
25582,LOF,0.048086438161425424,0.09124201120861894,0.8606715506299556
25583,LOF,0.024411020515846683,0.11721221092334082,0.8583767685608126
25584,Neutral,0.7000967924840062,0.16428558276698224,0.1356176247490115
25585,LOF,0.020500695855776633,0.1929812650704116,0.7865180390738118
25586,LOF,0.017310924466415512,0.10774426604685516,0.8749448094867294
25587,LOF,0.017576081671416145,0.09191976892940132,0.8905041493991827
25588,LOF,0.021532764296247335,0.1028150094112673,0.8756522262924854
25589,Neutral,0.510728694736325,0.274400028732203,0.2148712765314719
25590,LOF,0.046540834799678216,0.15335245599403385,0.800106709206288
25591,LOF,0.08670970484139638,0.08112891037493702,0.8321613847836666
25592,LOF,0.05985190684196367,0.18230590922109316,0.7578421839369432
25593,LOF,0.11389308938538262,0.31065378236469726,0.5754531282499202
25594,LOF,0.05197228973353391,0.06179744158930277,0.8862302686771633
25595,LOF,0.05760927575478059,0.038998353960842586,0.9033923702843769
25596,LOF,0.11816836243273338,0.02033426344018925,0.8614973741270775
25597,LOF,0.08405655524525843,0.026666243967148413,0.8892772007875932
25598,LOF,0.04864644431913993,0.044384526057515736,0.9069690296233444
25599,LOF,0.023764471989916616,0.39405127511594873,0.5821842528941347
25600,LOF,0.1956941778701824,0.38303215474127844,0.4212736673885392
25601,LOF,0.04435008395331771,0.30518193490563594,0.6504679811410463
25602,LOF,0.029449359517434263,0.07991714441671095,0.8906334960658547
25603,LOF,0.03796257196604036,0.05507265433960609,0.9069647736943535
25604,LOF,0.03820721238161733,0.08903078335971493,0.8727620042586678
25605,LOF,0.02833356070432609,0.1891758674502078,0.7824905718454661
25606,LOF,0.3599616473703551,0.1586510493613072,0.48138730326833756
25607,LOF,0.027560877454332444,0.20532443116550558,0.767114691380162
25608,LOF,0.034216432790603934,0.11536755259869472,0.8504160146107014
25609,GOF,0.1179494871256261,0.5064439874433082,0.37560652543106576
25610,LOF,0.01424818829231038,0.04685850923980758,0.938893302467882
25611,LOF,0.012180475731627014,0.05578217088552833,0.9320373533828447
25612,LOF,0.04814519648255323,0.05464505496573311,0.8972097485517136
25613,LOF,0.043869362469757534,0.055808112160538305,0.9003225253697041
25614,LOF,0.02072592627702763,0.043784309828630096,0.9354897638943422
25615,LOF,0.04482096232105882,0.060555748985008095,0.8946232886939331
25616,LOF,0.05036013695185531,0.0465550804083387,0.903084782639806
25617,LOF,0.04076828121675517,0.05464129966494657,0.9045904191182982
25618,LOF,0.04974995653285929,0.07094695452637009,0.8793030889407707
25619,LOF,0.012015167790705984,0.05726350522605399,0.9307213269832402
25620,LOF,0.05613354156678984,0.058286841717673066,0.8855796167155371
25621,LOF,0.06288707807821119,0.045295187051927054,0.8918177348698618
25622,LOF,0.0650280539853025,0.05686805999230282,0.8781038860223948
25623,LOF,0.06642832045677485,0.03716874461694922,0.896402934926276
25624,LOF,0.01821103113468049,0.0466271391851041,0.9351618296802154
25625,LOF,0.06038887165013084,0.05282876043582175,0.8867823679140475
25626,LOF,0.04625198933250367,0.05385436589577666,0.8998936447717197
25627,Neutral,0.8869724634932715,0.020320656543759502,0.09270687996296897
25628,LOF,0.1543564090940943,0.049602602650936925,0.7960409882549687
25629,LOF,0.06693866599664379,0.03848856504769778,0.8945727689556585
25630,LOF,0.2869506374357744,0.06112035377005371,0.6519290087941718
25631,Neutral,0.5581576479324695,0.051861441867198536,0.38998091020033193
25632,LOF,0.02988210900780356,0.07056394986249137,0.899553941129705
25633,LOF,0.20555454717915386,0.04516851191651826,0.749276940904328
25634,LOF,0.041400957909148745,0.09595754376369603,0.8626414983271553
25635,LOF,0.035383603990696455,0.04681546669261035,0.9178009293166932
25636,GOF,0.0383548655034505,0.4948765454413841,0.46676858905516555
25637,GOF,0.055554569551060216,0.4782160247176397,0.4662294057313001
25638,LOF,0.033632986736069924,0.39607477060237484,0.5702922426615552
25639,LOF,0.032914785982200497,0.43495006376501194,0.5321351502527876
25640,Neutral,0.8645166992357981,0.076667498726949,0.058815802037252826
25641,LOF,0.09934063130861444,0.40341206908277505,0.4972472996086106
25642,LOF,0.0696833509214036,0.16335080959320616,0.7669658394853902
25643,LOF,0.19603763793235804,0.1310763683734355,0.6728859936942065
25644,GOF,0.009535648367893999,0.6170014766306626,0.3734628750014435
25645,GOF,0.011085656374559848,0.5720726056210779,0.4168417380043623
25646,LOF,0.03691494443197503,0.4326586991754072,0.5304263563926177
25647,LOF,0.013402484426397169,0.33922415862771255,0.6473733569458903
25648,LOF,0.012792064376263675,0.397741868048237,0.5894660675754992
25649,LOF,0.008451956501341808,0.3106787212805073,0.680869322218151
25650,GOF,0.020108889530947062,0.5675266459665329,0.41236446450251996
25651,LOF,0.007928280531947746,0.4082609515274034,0.5838107679406489
25652,LOF,0.013700815297857967,0.39941226370927085,0.5868869209928712
25653,GOF,0.03780404437104598,0.5847574569824585,0.3774384986464956
25654,LOF,0.010244976215528376,0.2779961481915984,0.7117588755928733
25655,GOF,0.12235558704807856,0.6092561695511053,0.26838824340081624
25656,LOF,0.3538449406800483,0.11567859418339911,0.5304764651365527
25657,LOF,0.044080611532140115,0.12334106601408837,0.8325783224537714
25658,LOF,0.31128260144421643,0.16666090843906162,0.5220564901167221
25659,Neutral,0.48019214199553056,0.16947598181095208,0.3503318761935174
25660,LOF,0.022396380136678884,0.1092450222896362,0.8683585975736849
25661,LOF,0.08971787868852604,0.0671899754993969,0.843092145812077
25662,LOF,0.033682354610584254,0.035578121860340844,0.930739523529075
25663,LOF,0.04078043149479053,0.04636489140200066,0.9128546771032089
25664,LOF,0.13039540734605412,0.07241047149452634,0.7971941211594196
25665,LOF,0.06347191630176112,0.033882743825947685,0.9026453398722912
25666,LOF,0.09535004616890164,0.07432704162065754,0.8303229122104409
25667,LOF,0.07255130334759621,0.0540713114078006,0.8733773852446031
25668,LOF,0.035192133117049294,0.05926343187019149,0.9055444350127592
25669,LOF,0.029317211969041416,0.05775886895112632,0.9129239190798323
25670,LOF,0.14207181113998485,0.07338617023267391,0.7845420186273412
25671,LOF,0.11580029240085114,0.040373939481268134,0.8438257681178807
25672,LOF,0.048954114193218094,0.04682269810772622,0.9042231876990557
25673,LOF,0.08162714869675584,0.053845895225191,0.8645269560780531
25674,LOF,0.06891476707657529,0.06600290704738378,0.8650823258760408
25675,LOF,0.09907661224433646,0.07639236923764124,0.8245310185180222
25676,LOF,0.018833779806234345,0.05664746677469315,0.9245187534190726
25677,LOF,0.023742253877261536,0.07613388416264143,0.900123861960097
25678,LOF,0.19685078380266188,0.09272062487393898,0.7104285913233991
25679,LOF,0.11806455072224374,0.08852954523410816,0.793405904043648
25680,LOF,0.030272516311741923,0.12582428499031736,0.8439031986979406
25681,LOF,0.044998608349957406,0.11633717050263306,0.8386642211474095
25682,LOF,0.1327920133053691,0.08807232018949998,0.779135666505131
25683,LOF,0.11383737462553702,0.09411178011057943,0.7920508452638835
25684,LOF,0.0387413511861477,0.07455662607463837,0.886702022739214
25685,LOF,0.12075433821223397,0.08590155090303501,0.793344110884731
25686,LOF,0.0808080661960276,0.1286428900490485,0.790549043754924
25687,LOF,0.12538031773400016,0.1360989875449027,0.7385206947210972
25688,LOF,0.4099305547774488,0.04380049893563753,0.5462689462869137
25689,LOF,0.28567203849484674,0.04758447739623922,0.666743484108914
25690,LOF,0.3194579369510363,0.031553814586144466,0.6489882484628192
25691,Neutral,0.7060966210714438,0.029563080328642913,0.2643402985999133
25692,LOF,0.40912805319188716,0.011530962460180247,0.5793409843479327
25693,LOF,0.04667221915976107,0.3683427074176493,0.5849850734225897
25694,LOF,0.1181687613902627,0.023853688001500287,0.8579775506082369
25695,LOF,0.11394479160282481,0.018385530165958296,0.8676696782312169
25696,LOF,0.11977227128663696,0.015660564223065897,0.864567164490297
25697,LOF,0.09027918585017956,0.0727304080582398,0.8369904060915806
25698,LOF,0.3200321180237422,0.22224783790619163,0.45772004407006606
25699,LOF,0.4745644561241566,0.026962769687645775,0.49847277418819746
25700,LOF,0.08712695713820644,0.007473137053235968,0.9053999058085576
25701,LOF,0.19151215005677721,0.04911601361442484,0.7593718363287979
25702,GOF,0.17628463828540475,0.6184660534193115,0.20524930829528382
25703,LOF,0.018492092091084367,0.1492689285605863,0.8322389793483294
25704,LOF,0.03760081275740951,0.14155450918739168,0.8208446780551988
25705,LOF,0.04209258916793874,0.10584105746883775,0.8520663533632234
25706,LOF,0.1549786730626927,0.3615903768273915,0.4834309501099158
25707,LOF,0.09383379507943664,0.2995520159738003,0.606614188946763
25708,LOF,0.04386510439180093,0.265447765835385,0.6906871297728142
25709,LOF,0.06837536390131763,0.02984706471409129,0.901777571384591
25710,LOF,0.01421477137092057,0.0974510208877105,0.8883342077413688
25711,LOF,0.021920903335497722,0.05937183915076933,0.9187072575137329
25712,LOF,0.017139792040632162,0.13819227912450516,0.8446679288348626
25713,LOF,0.021088019989477687,0.06101984623690027,0.9178921337736221
25714,LOF,0.08550890921632563,0.044931444633365215,0.8695596461503092
25715,LOF,0.013154435562862526,0.08561888811866492,0.9012266763184725
25716,LOF,0.01307496510331706,0.08577845613012938,0.9011465787665536
25717,LOF,0.01666787995055896,0.05760319724579257,0.9257289228036484
25718,LOF,0.01295694991841172,0.05080293789556063,0.9362401121860275
25719,LOF,0.023320398256266032,0.04725899385855854,0.9294206078851754
25720,LOF,0.026941724334599695,0.0430158160354831,0.9300424596299173
25721,LOF,0.014995387541871404,0.07765005305722095,0.9073545594009076
25722,LOF,0.01604793603317048,0.07127192508018954,0.9126801388866401
25723,LOF,0.026358499956069485,0.029590416494475004,0.9440510835494557
25724,LOF,0.035911116155015285,0.04847229653578235,0.9156165873092025
25725,LOF,0.013201026011200963,0.047100486432172906,0.9396984875566261
25726,LOF,0.016464981326628665,0.06865785808520031,0.914877160588171
25727,LOF,0.0137526630953975,0.0498908216061551,0.9363565152984473
25728,LOF,0.011356160519686586,0.06584328877129154,0.9228005507090218
25729,LOF,0.011655626204417251,0.06449775793086386,0.9238466158647188
25730,LOF,0.014763857122906916,0.06310029477649691,0.9221358481005961
25731,LOF,0.02352048767168466,0.07075015985156476,0.9057293524767506
25732,LOF,0.014259911496010642,0.04781047408701404,0.9379296144169752
25733,LOF,0.01880645303337182,0.04080990414592634,0.9403836428207019
25734,LOF,0.013061123873080487,0.08408583563798248,0.9028530404889371
25735,LOF,0.013237183228895225,0.0499669550408701,0.9367958617302347
25736,LOF,0.014307077071396203,0.06478066731399235,0.9209122556146113
25737,LOF,0.012562583423613504,0.058130031252022554,0.929307385324364
25738,LOF,0.013149584099342792,0.06406024717224483,0.9227901687284125
25739,LOF,0.02237682490932015,0.046377691068367886,0.9312454840223119
25740,LOF,0.030963216865746497,0.07411120561259554,0.8949255775216579
25741,LOF,0.0168379209788328,0.06524152367568985,0.9179205553454775
25742,LOF,0.12219900091606789,0.045124315216607654,0.8326766838673244
25743,LOF,0.03552815047402872,0.06426959494648406,0.9002022545794871
25744,Neutral,0.5768564410233695,0.2630012255170911,0.16014233345953932
25745,LOF,0.06084454572922421,0.0900749886722598,0.849080465598516
25746,LOF,0.03989584870919001,0.12121425882281014,0.8388898924679998
25747,LOF,0.01973504386232093,0.09285918972824922,0.8874057664094298
25748,LOF,0.12060747944185145,0.14933452376376716,0.7300579967943814
25749,LOF,0.026839640786707947,0.10006233507199802,0.873098024141294
25750,LOF,0.06693640050606423,0.13129369456975012,0.8017699049241858
25751,LOF,0.08195806965363304,0.13846551877489047,0.7795764115714766
25752,GOF,0.09875985802328871,0.6732406151111731,0.2279995268655382
25753,LOF,0.023030589660150782,0.30105711431379056,0.6759122960260585
25754,GOF,0.014185579064762715,0.814763609590259,0.17105081134497832
25755,LOF,0.027090112391380185,0.3712359689440672,0.6016739186645526
25756,LOF,0.04719803844314165,0.3676008998991384,0.58520106165772
25757,GOF,0.023034245189392608,0.872253805766228,0.1047119490443795
25758,GOF,0.030876355791751013,0.7977464347722925,0.17137720943595638
25759,GOF,0.01142367271793927,0.6463801373206266,0.34219618996143414
25760,LOF,0.015528456499634986,0.31282155560839114,0.6716499878919739
25761,GOF,0.27591742447570444,0.6442740082578734,0.07980856726642219
25762,LOF,0.040437627151395955,0.3049765271084092,0.6545858457401948
25763,LOF,0.016534615832961494,0.21167248615475245,0.771792898012286
25764,GOF,0.08105943859079269,0.6715221375267426,0.24741842388246454
25765,GOF,0.03571768558404182,0.7595774222094946,0.20470489220646348
25766,GOF,0.06353555358054062,0.7878999910675172,0.1485644553519421
25767,GOF,0.1519158366273637,0.5313140259627339,0.31677013740990245
25768,LOF,0.1169927570439713,0.053997486712272724,0.829009756243756
25769,LOF,0.05220397434308883,0.0670581695807893,0.8807378560761219
25770,LOF,0.30922109155946925,0.11715745896048356,0.5736214494800471
25771,LOF,0.04573596339754053,0.05918499816819764,0.8950790384342618
25772,LOF,0.018124783599801318,0.04922364172057596,0.9326515746796227
25773,LOF,0.04694609849153405,0.09248119342595057,0.8605727080825154
25774,LOF,0.026719375377660927,0.10309832836963873,0.8701822962527004
25775,LOF,0.04893906430633143,0.059312574055180436,0.891748361638488
25776,LOF,0.07441797397279355,0.03143903304505469,0.8941429929821518
25777,LOF,0.3261640833106758,0.09046801197619919,0.5833679047131249
25778,LOF,0.07114558692194457,0.04689096486765118,0.8819634482104042
25779,GOF,0.36990372600860694,0.5699563809290165,0.06013989306237662
25780,GOF,0.3194688721104153,0.5903474387312259,0.09018368915835889
25781,GOF,0.11551998624008207,0.7617352253443858,0.12274478841553219
25782,GOF,0.18472085342048516,0.7065690053731248,0.10871014120639007
25783,GOF,0.020125403730702637,0.6090219556197891,0.3708526406495082
25784,Neutral,0.49524899563849545,0.4434038887987426,0.0613471155627619
25785,Neutral,0.48202719583049486,0.4631540817063511,0.05481872246315422
25786,GOF,0.02942354759397741,0.7333967586494283,0.23717969375659426
25787,Neutral,0.6743499626499911,0.29075416998115183,0.03489586736885695
25788,LOF,0.051721787627949,0.08248177394875195,0.8657964384232991
25789,GOF,0.20334193457183009,0.6317673614495483,0.16489070397862157
25790,GOF,0.2476183172932018,0.6472463066475463,0.10513537605925173
25791,GOF,0.1491507983501219,0.6794826698474683,0.1713665318024098
25792,GOF,0.35794676605979875,0.5124181265900445,0.12963510735015693
25793,GOF,0.250782647593507,0.5109943823708288,0.2382229700356641
25794,GOF,0.32463633149703686,0.46546636366570043,0.20989730483726282
25795,GOF,0.06572745812254616,0.6644685876794995,0.26980395419795444
25796,Neutral,0.5088170383160523,0.39052528489899796,0.10065767678494976
25797,GOF,0.08304314034133303,0.5833515144663962,0.3336053451922708
25798,GOF,0.008721202375573774,0.5094577689081552,0.481821028716271
25799,LOF,0.0070499302947027425,0.41621945301112223,0.576730616694175
25800,GOF,0.03278652881971325,0.5845705770104007,0.382642894169886
25801,GOF,0.23843415278008878,0.6389350269199341,0.12263082029997724
25802,GOF,0.05861266097954292,0.6736748494191698,0.26771248960128735
25803,GOF,0.034727490531373584,0.5687995931312531,0.3964729163373734
25804,GOF,0.03248017424055475,0.49840909553865315,0.4691107302207921
25805,GOF,0.1172616306592577,0.5845400775450763,0.29819829179566604
25806,GOF,0.12583268128695785,0.5843519009900645,0.2898154177229776
25807,GOF,0.021670290565300114,0.6231568634805167,0.3551728459541833
25808,GOF,0.10188219027255332,0.611559826927235,0.2865579828002118
25809,GOF,0.01710830390598352,0.6054538507110174,0.37743784538299907
25810,GOF,0.01645217082446534,0.613642874337439,0.3699049548380956
25811,Neutral,0.4913512970905716,0.4269069265731233,0.08174177633630515
25812,GOF,0.03834448957206667,0.61079315552246,0.3508623549054732
25813,Neutral,0.5488853965590261,0.33418162563934967,0.11693297780162423
25814,GOF,0.1272408801202371,0.6500268119824203,0.2227323078973426
25815,GOF,0.20212761621589467,0.5923993057521795,0.20547307803192583
25816,GOF,0.0213831996711834,0.6580692063833801,0.32054759394543647
25817,GOF,0.23008052729488052,0.619454632916542,0.15046483978857747
25818,GOF,0.052870685488528475,0.5541315298305306,0.392997784680941
25819,GOF,0.3520653188819653,0.46533065674116497,0.18260402437686973
25820,GOF,0.1937066889044523,0.5732313579485743,0.2330619531469734
25821,GOF,0.06063590032093829,0.643344623612573,0.29601947606648865
25822,GOF,0.21085449318021857,0.5194131166198251,0.2697323901999563
25823,GOF,0.0317185523473532,0.4914783390918011,0.47680310856084557
25824,GOF,0.085555631649321,0.5203064485702804,0.3941379197803987
25825,GOF,0.03148660039289485,0.5280786636774633,0.44043473592964183
25826,GOF,0.01267786825552993,0.5133877986210401,0.47393433312343003
25827,GOF,0.02515573802704378,0.5802188308537595,0.3946254311191967
25828,LOF,0.016569940315955847,0.4914765382750384,0.4919535214090057
25829,GOF,0.006248563798369711,0.5335780420332105,0.46017339416841985
25830,LOF,0.035556729220198466,0.28596170982253366,0.678481560957268
25831,GOF,0.17351577367710327,0.6649085788072001,0.16157564751569659
25832,GOF,0.030843980584319086,0.672517332799234,0.296638686616447
25833,GOF,0.12288576370149276,0.676332390123396,0.20078184617511127
25834,GOF,0.03612274995496461,0.6685921766222911,0.29528507342274424
25835,GOF,0.09096843635602421,0.6884708561475549,0.22056070749642095
25836,GOF,0.042168704698781936,0.6420202730617478,0.3158110222394702
25837,GOF,0.020534558189631853,0.5190511750753188,0.4604142667350493
25838,GOF,0.07479633070934023,0.7288179353107865,0.19638573397987316
25839,GOF,0.2797176187112173,0.5687371542760495,0.15154522701273315
25840,GOF,0.21088201008964502,0.57220053312154,0.21691745678881494
25841,GOF,0.21168144956767132,0.588912469528492,0.19940608090383685
25842,GOF,0.1816454569604895,0.6393680787795086,0.1789864642600019
25843,GOF,0.203960916116115,0.656959169518161,0.13907991436572395
25844,GOF,0.05780018110710513,0.6591547507774199,0.2830450681154749
25845,LOF,0.013119100004616562,0.47599206873538147,0.510888831260002
25846,GOF,0.10259259817066237,0.7143700522431755,0.18303734958616205
25847,GOF,0.12343717819492893,0.7259529516156981,0.15060987018937305
25848,GOF,0.034310646489346924,0.6636187842304246,0.3020705692802284
25849,GOF,0.009736104102261904,0.5479949993361247,0.44226889656161344
25850,GOF,0.023772033561154232,0.6542259714504193,0.3220019949884264
25851,GOF,0.01658471240893569,0.5395393716509845,0.44387591594007975
25852,GOF,0.1652462470650826,0.5622867157523408,0.27246703718257664
25853,GOF,0.30780150713055165,0.5990770508744792,0.0931214419949692
25854,GOF,0.0199670236496618,0.5909701593373106,0.38906281701302775
25855,GOF,0.033279629257312156,0.5506403442434363,0.4160800264992515
25856,GOF,0.22013360159832443,0.5263814649856317,0.253484933416044
25857,LOF,0.030179644240041926,0.46886495143002643,0.5009554043299317
25858,GOF,0.016922579790484997,0.5374507399261896,0.4456266802833253
25859,GOF,0.009886017225553453,0.5194774279812412,0.4706365547932053
25860,GOF,0.3335142602080848,0.5615114503316601,0.10497428946025522
25861,GOF,0.3768441801767452,0.5306314072502999,0.09252441257295495
25862,GOF,0.08312413970555706,0.7563419913411719,0.16053386895327104
25863,GOF,0.0808036733919194,0.7624450670781265,0.15675125952995414
25864,GOF,0.18487055759244836,0.72619775409237,0.0889316883151816
25865,GOF,0.07504903928723008,0.7853538095953286,0.13959715111744128
25866,GOF,0.060642026114706135,0.7827614837180402,0.15659649016725377
25867,GOF,0.08495042796436666,0.798138118043416,0.11691145399221736
25868,GOF,0.2535022422785014,0.638476764903114,0.10802099281838456
25869,Neutral,0.6915606363036685,0.25873769274539693,0.04970167095093458
25870,LOF,0.32150879289776657,0.25152477590295463,0.42696643119927874
25871,GOF,0.21928328560384397,0.5989291093767766,0.1817876050193794
25872,GOF,0.08162732156948027,0.6094735652829159,0.30889911314760404
25873,GOF,0.14533866164116016,0.6209516171226063,0.2337097212362337
25874,LOF,0.01925889964976625,0.10523689319418701,0.8755042071560467
25875,LOF,0.10344888528808448,0.04360817882512382,0.8529429358867917
25876,LOF,0.03457061559754269,0.038890549247667744,0.9265388351547896
25877,Neutral,0.5322540284839435,0.04827593267928337,0.41947003883677303
25878,LOF,0.2560143572642824,0.08555932606441241,0.6584263166713052
25879,LOF,0.10056905478102726,0.0836011231915317,0.815829822027441
25880,LOF,0.02278367053419404,0.02117435282160266,0.9560419766442032
25881,LOF,0.19389940426626792,0.15069866291291828,0.6554019328208138
25882,LOF,0.06956659641065982,0.018928127973586457,0.9115052756157538
25883,LOF,0.07825030092699849,0.026800223053225183,0.8949494760197764
25884,LOF,0.03869576530919829,0.03985565554352626,0.9214485791472754
25885,LOF,0.06215273381517792,0.01669975940936831,0.9211475067754539
25886,LOF,0.3186905109631261,0.04664905013073476,0.6346604389061392
25887,LOF,0.17487537642937148,0.08306529561381172,0.7420593279568168
25888,LOF,0.07406857442629754,0.07893310192771034,0.846998323645992
25889,LOF,0.050974731272639774,0.029275434132721642,0.9197498345946385
25890,LOF,0.04118477589505346,0.13088713124209206,0.8279280928628544
25891,LOF,0.035812831649846284,0.06090022372866566,0.9032869446214881
25892,LOF,0.10980941979178052,0.016912766524440844,0.8732778136837788
25893,LOF,0.30865974012580255,0.012521905212608375,0.6788183546615891
25894,LOF,0.1965593713259568,0.007494889288866719,0.7959457393851764
25895,LOF,0.20252164219510904,0.01676007068167403,0.7807182871232169
25896,LOF,0.054730317844087197,0.014069637245055982,0.931200044910857
25897,LOF,0.26315677302046375,0.01056047573654042,0.7262827512429959
25898,Neutral,0.7257218327280675,0.007559710182594591,0.2667184570893379
25899,LOF,0.31436441300826556,0.01702259936780589,0.6686129876239285
25900,LOF,0.4742751524482367,0.011255611184015807,0.5144692363677474
25901,LOF,0.07546115691619891,0.0075678705452122364,0.9169709725385888
25902,LOF,0.18467898760436355,0.008539161322307733,0.8067818510733288
25903,Neutral,0.5269199519642459,0.0242152711772422,0.4488647768585118
25904,LOF,0.3289841743571789,0.0265624307870153,0.6444533948558057
25905,LOF,0.024298135281071942,0.28583551920436295,0.6898663455145652
25906,LOF,0.022962049370687965,0.05873975610951791,0.9182981945197942
25907,LOF,0.015298364040196473,0.3184892887318602,0.6662123472279432
25908,LOF,0.011102923950137884,0.22441444151552906,0.7644826345343332
25909,LOF,0.01289862103024695,0.11571640049843213,0.871384978471321
25910,LOF,0.04119536732690303,0.1277020811129038,0.8311025515601932
25911,LOF,0.13991094999224088,0.04705254285787304,0.8130365071498861
25912,LOF,0.03762061425874685,0.06306364955292475,0.8993157361883284
25913,LOF,0.2807604953016727,0.02990750819958408,0.6893319964987432
25914,LOF,0.022503031569777725,0.10953479277022347,0.8679621756599988
25915,Neutral,0.4277730376351048,0.29766283331991894,0.27456412904497635
25916,LOF,0.06878816157365673,0.3129197839244216,0.6182920545019216
25917,LOF,0.06423147937161694,0.058213117374807506,0.8775554032535756
25918,LOF,0.03536191012615288,0.05956026569761751,0.9050778241762296
25919,LOF,0.025649692521782726,0.06416915980599382,0.9101811476722235
25920,GOF,0.0749711041203158,0.5390936692454787,0.38593522663420565
25921,LOF,0.03362428482947809,0.015131735789043326,0.9512439793814785
25922,LOF,0.0475109340431044,0.01003355334242127,0.9424555126144744
25923,LOF,0.420504168594794,0.010684290068032527,0.5688115413371735
25924,LOF,0.03871112211093741,0.020933511393657397,0.9403553664954052
25925,LOF,0.06846645124374856,0.015390110181883231,0.9161434385743682
25926,LOF,0.04995538157549649,0.012443318371237511,0.937601300053266
25927,LOF,0.07334791066707706,0.05048787995616559,0.8761642093767573
25928,LOF,0.024247052152538393,0.025278166736300664,0.950474781111161
25929,Neutral,0.5393549024442882,0.011886363035015526,0.4487587345206963
25930,LOF,0.062168278379661455,0.009422832727978095,0.9284088888923605
25931,LOF,0.03328642553798448,0.014236601619863802,0.9524769728421516
25932,LOF,0.030980077062614353,0.011637589758630185,0.9573823331787553
25933,LOF,0.04171117742259327,0.006697399903980338,0.9515914226734264
25934,LOF,0.02698290319007461,0.00794076648444754,0.965076330325478
25935,LOF,0.06549662681273678,0.017729943278352974,0.9167734299089102
25936,LOF,0.05068421719854683,0.010657685933516509,0.9386580968679368
25937,LOF,0.031466306328770184,0.01900811942744112,0.9495255742437887
25938,LOF,0.06939791423955896,0.021420785263865334,0.9091813004965758
25939,LOF,0.041886091201567006,0.007157870493341885,0.950956038305091
25940,LOF,0.02816341236154738,0.34947738840970544,0.6223591992287472
25941,LOF,0.166254154432289,0.08556370827795069,0.7481821372897602
25942,LOF,0.017833668018356306,0.03367105556725551,0.9484952764143881
25943,LOF,0.32224477241566807,0.05921832370084618,0.6185369038834857
25944,Neutral,0.5070462251522392,0.03316384815796016,0.4597899266898007
25945,LOF,0.07551075993384809,0.022910766236413645,0.9015784738297382
25946,LOF,0.029437416316266878,0.09574899354580842,0.8748135901379248
25947,LOF,0.13937022338286853,0.2048944922457741,0.6557352843713573
25948,LOF,0.4343343078725069,0.01740344144595853,0.5482622506815347
25949,LOF,0.0830671244521456,0.08204112012144216,0.8348917554264123
25950,GOF,0.3101107418976898,0.37972935615957026,0.31015990194274
25951,LOF,0.22688044063128512,0.23069825988752374,0.5424212994811911
25952,LOF,0.04752964949136946,0.4274822533235082,0.5249880971851224
25953,LOF,0.14846982550428475,0.10470015768335207,0.7468300168123633
25954,LOF,0.4140326200501324,0.1701406478662293,0.4158267320836382
25955,LOF,0.060960553472209765,0.08008907276834411,0.8589503737594462
25956,LOF,0.17324415413553756,0.07391643712572746,0.752839408738735
25957,LOF,0.03684222103095641,0.0348077926388292,0.9283499863302144
25958,LOF,0.06462518586092648,0.028526311359973886,0.9068485027790997
25959,LOF,0.06428753050870575,0.3234235759656707,0.6122888935256235
25960,LOF,0.021707636764540194,0.060254789792159036,0.9180375734433007
25961,LOF,0.052360948907505867,0.03365067565181955,0.9139883754406747
25962,LOF,0.05340487606745851,0.03814672688065878,0.9084483970518826
25963,LOF,0.04539429090605389,0.20179241635294293,0.7528132927410033
25964,LOF,0.034165274815893994,0.14243460284748555,0.8234001223366204
25965,LOF,0.43311463399784356,0.08429310131249096,0.4825922646896656
25966,LOF,0.41840597833798393,0.15421683914692394,0.42737718251509205
25967,LOF,0.0121090031788908,0.07705757824900081,0.9108334185721085
25968,GOF,0.035409337483380786,0.5270131602268814,0.43757750228973785
25969,LOF,0.02194491227322981,0.07251094409745835,0.9055441436293118
25970,LOF,0.06235163257349406,0.0630055852901615,0.8746427821363445
25971,LOF,0.07644999450600297,0.016035045553140528,0.9075149599408565
25972,LOF,0.07413615257596065,0.023165404869896104,0.9026984425541433
25973,LOF,0.09090615633062386,0.005849164887137873,0.9032446787822381
25974,LOF,0.24929194018191086,0.014553562118970171,0.736154497699119
25975,LOF,0.057938484520661415,0.019516072956344225,0.9225454425229944
25976,LOF,0.05072982104889865,0.012099138716238425,0.9371710402348629
25977,LOF,0.1509529196426838,0.08541770766249111,0.7636293726948251
25978,LOF,0.11929503603113746,0.054551361104818764,0.8261536028640438
25979,LOF,0.11727951847288794,0.05125009771286626,0.8314703838142457
25980,LOF,0.160067454113628,0.06343203940235075,0.7765005064840214
25981,LOF,0.19094291386456155,0.06199948376989289,0.7470576023655455
25982,LOF,0.36013891519838287,0.04200561093447116,0.597855473867146
25983,LOF,0.3611956321004029,0.04397562213799882,0.5948287457615983
25984,LOF,0.052208484314822626,0.0730607632725815,0.8747307524125959
25985,LOF,0.02807595635955045,0.2754196911794267,0.6965043524610228
25986,LOF,0.03685253272184484,0.29033801392629066,0.6728094533518645
25987,LOF,0.07834200973116401,0.1058801743809186,0.8157778158879173
25988,LOF,0.13470424514035995,0.08508922871305091,0.780206526146589
25989,LOF,0.0299636093346038,0.1484554891847173,0.821580901480679
25990,LOF,0.03769469068400184,0.18745090625846708,0.7748544030575312
25991,LOF,0.17895405739926076,0.39430176016711266,0.42674418243362655
25992,LOF,0.3765538337141532,0.24059986175688883,0.382846304528958
25993,LOF,0.026406282996572307,0.08860102496344036,0.8849926920399874
25994,LOF,0.018657885661198526,0.12221252720822527,0.8591295871305761
25995,LOF,0.029694131819295942,0.22236938857374156,0.7479364796069625
25996,GOF,0.24806460146977283,0.5694059764982001,0.18252942203202704
25997,GOF,0.10083639582153382,0.5521773047251876,0.34698629945327847
25998,Neutral,0.5476112931241891,0.015930751802531506,0.43645795507327945
25999,LOF,0.12579091670535927,0.14759518644047379,0.7266138968541669
26000,LOF,0.15468755478521837,0.034697745917661456,0.8106146992971203
26001,LOF,0.1712868448940779,0.04045283619378096,0.7882603189121411
26002,LOF,0.12964045365549653,0.03872781480056326,0.8316317315439401
26003,GOF,0.009041884486052485,0.645405735537845,0.3455523799761025
26004,GOF,0.024068612832474943,0.7237031403465555,0.25222824682096967
26005,GOF,0.008373605067769395,0.5319445705256054,0.45968182440662514
26006,Neutral,0.5071005938552632,0.2800824703748322,0.21281693576990465
26007,GOF,0.017271499801440816,0.5797824393659771,0.40294606083258216
26008,GOF,0.019887221510675433,0.6452494895574832,0.33486328893184136
26009,GOF,0.022326120026968238,0.6687098220758286,0.30896405789720327
26010,GOF,0.023644330529258923,0.6693391674025317,0.3070165020682093
26011,GOF,0.007875771241013402,0.5308484976826701,0.46127573107631653
26012,GOF,0.01649778475594738,0.6274760905648129,0.3560261246792396
26013,GOF,0.021305918751010646,0.6808096932536141,0.2978843879953753
26014,LOF,0.04068305070841431,0.16283546348759814,0.7964814858039877
26015,LOF,0.30011396247925054,0.01021770160169287,0.6896683359190565
26016,LOF,0.2602745640511368,0.046819216047695456,0.6929062199011676
26017,LOF,0.22206919036720738,0.07300538138992248,0.7049254282428702
26018,LOF,0.10420453451945917,0.043000030998710234,0.8527954344818306
26019,LOF,0.0996499943216039,0.03289693934246665,0.8674530663359294
26020,LOF,0.059973008687061784,0.11844184205686345,0.8215851492560748
26021,LOF,0.05363037721620646,0.1376381680204406,0.808731454763353
26022,LOF,0.012124436266752909,0.05033837408789891,0.9375371896453483
26023,LOF,0.12345354153584294,0.02454591012643696,0.8520005483377201
26024,LOF,0.03111317428033522,0.1276983696645338,0.8411884560551309
26025,LOF,0.16415557760555605,0.09766774217532313,0.7381766802191209
26026,LOF,0.3281326325671265,0.022535046451262787,0.6493323209816109
26027,LOF,0.09688649369818095,0.019914928629143427,0.8831985776726756
26028,LOF,0.14021077556601638,0.10549811880045577,0.7542911056335279
26029,LOF,0.08077748268837731,0.14650053823836007,0.7727219790732627
26030,LOF,0.027344819124814065,0.054872830955385615,0.9177823499198003
26031,LOF,0.03361119780753667,0.12025177512327598,0.8461370270691873
26032,LOF,0.06652496138674015,0.05695715230453432,0.8765178863087254
26033,LOF,0.118102193381489,0.06182149910927236,0.8200763075092387
26034,LOF,0.04533985072669035,0.12407217098858582,0.8305879782847239
26035,LOF,0.033315991754542945,0.11410520104347276,0.8525788072019842
26036,LOF,0.045931656277695514,0.13168874385481152,0.822379599867493
26037,LOF,0.027185890997997335,0.10109912586363491,0.8717149831383677
26038,LOF,0.06344678810975894,0.05450912590144566,0.8820440859887954
26039,LOF,0.06338449317537022,0.12219442166146952,0.8144210851631601
26040,LOF,0.21308704263578512,0.10185887531513804,0.6850540820490767
26041,LOF,0.027813089261724783,0.09157165422761807,0.8806152565106571
26042,LOF,0.02734168785843074,0.09115773356034154,0.8815005785812277
26043,LOF,0.06200901277248486,0.06367656475529117,0.874314422472224
26044,LOF,0.022289601810031215,0.06519231330383178,0.912518084886137
26045,LOF,0.08394657355047781,0.08856820067946806,0.827485225770054
26046,LOF,0.06489327598706128,0.06580252643354373,0.869304197579395
26047,LOF,0.09478456522127995,0.07407013767494709,0.831145297103773
26048,LOF,0.04908871216052923,0.057557891159846886,0.8933533966796239
26049,Neutral,0.9531206425087904,0.007698875201388297,0.03918048228982122
26050,Neutral,0.9334957416281984,0.009453727812422076,0.057050530559379684
26051,LOF,0.03896305140404602,0.34705296013173415,0.6139839884642199
26052,LOF,0.06455664861970355,0.32566268926623515,0.6097806621140612
26053,LOF,0.053442022763655006,0.1565520296768552,0.7900059475594897
26054,LOF,0.06274721410304641,0.029193678663216278,0.9080591072337373
26055,LOF,0.0800705157803097,0.021323840962855237,0.8986056432568351
26056,LOF,0.0624689832805338,0.022878410537062906,0.9146526061824033
26057,LOF,0.03211299158859415,0.013306579258222774,0.9545804291531831
26058,LOF,0.03237413791185616,0.011475631672124639,0.9561502304160192
26059,LOF,0.28504556900616274,0.03719259115491568,0.6777618398389216
26060,LOF,0.029184224564482067,0.20407767434960394,0.766738101085914
26061,LOF,0.018539889314836702,0.015422150690679828,0.9660379599944836
26062,LOF,0.01171038140044561,0.025292204497854926,0.9629974141016994
26063,LOF,0.023011882740837698,0.015773833722978626,0.9612142835361837
26064,LOF,0.025594649247834767,0.026963285382423603,0.9474420653697415
26065,LOF,0.02785239937300317,0.01552915862404899,0.9566184420029479
26066,LOF,0.023269655022730415,0.013534780545860513,0.963195564431409
26067,LOF,0.02827078569055824,0.009813483394838608,0.9619157309146031
26068,LOF,0.04852627627073717,0.04387749213403299,0.9075962315952297
26069,LOF,0.2564174586172765,0.027447443061094878,0.7161350983216286
26070,LOF,0.4267122779419715,0.02117573748129954,0.552111984576729
26071,LOF,0.02525189259570348,0.015885859450669962,0.9588622479536266
26072,LOF,0.025834880715040646,0.022692755313656807,0.9514723639713025
26073,LOF,0.025774161125454033,0.014475399611308596,0.9597504392632373
26074,Neutral,0.9054285676887524,0.007123981489718907,0.08744745082152867
26075,LOF,0.04111136366899953,0.018409480214651105,0.9404791561163494
26076,LOF,0.04203797749294802,0.010678445747925019,0.947283576759127
26077,LOF,0.00992730057447736,0.02322617076542955,0.9668465286600931
26078,LOF,0.01505056177669645,0.01516810560921328,0.9697813326140903
26079,LOF,0.05491242813497916,0.022961467521428507,0.9221261043435923
26080,LOF,0.053108722154405735,0.023011772576317518,0.9238795052692766
26081,LOF,0.036985875962700525,0.0085123341281011,0.9545017899091985
26082,LOF,0.017894314155778194,0.02194893108604574,0.9601567547581761
26083,LOF,0.12624995892164778,0.017487626776277066,0.8562624143020752
26084,LOF,0.028572264824553224,0.01516445011569571,0.956263285059751
26085,LOF,0.023735671624641363,0.014442021415753825,0.9618223069596048
26086,LOF,0.027605206170538472,0.012853757321934832,0.9595410365075268
26087,LOF,0.02703982867072762,0.009441033791341475,0.963519137537931
26088,LOF,0.0185551683534573,0.030174412343176967,0.9512704193033658
26089,LOF,0.04484213001714543,0.029833759324870333,0.9253241106579841
26090,LOF,0.043007425774352036,0.023310233375886072,0.9336823408497618
26091,LOF,0.040417437845133485,0.00829022374811426,0.9512923384067523
26092,LOF,0.027645004901803896,0.010799074941241233,0.9615559201569548
26093,LOF,0.0396478406557714,0.008568551121468317,0.9517836082227602
26094,LOF,0.041952829937300685,0.008575750441793118,0.9494714196209062
26095,LOF,0.05783220928539959,0.01918540970352092,0.9229823810110795
26096,LOF,0.020367967273148817,0.016590839577926838,0.9630411931489243
26097,LOF,0.01021847860762505,0.0518142796926903,0.9379672416996847
26098,LOF,0.07130681508493843,0.015376440551558035,0.9133167443635035
26099,LOF,0.02552162170148163,0.016943973358387453,0.9575344049401309
26100,LOF,0.027378542783304538,0.01663053252999136,0.9559909246867042
26101,LOF,0.05890930881253556,0.01635999142949126,0.9247306997579731
26102,LOF,0.02734446198525928,0.01767716430370306,0.9549783737110377
26103,Neutral,0.8892399652133004,0.02668458026758818,0.08407545451911146
26104,LOF,0.0655308744205357,0.04003473777256119,0.8944343878069031
26105,LOF,0.2173633390874146,0.31754793575793316,0.46508872515465216
26106,LOF,0.17170449463737045,0.158926482140067,0.6693690232225625
26107,LOF,0.26141463592442776,0.11174719897946012,0.6268381650961121
26108,LOF,0.23354301247078302,0.14795544108175124,0.6185015464474658
26109,LOF,0.09606526169184104,0.11188105973813768,0.7920536785700212
26110,LOF,0.2918381390078677,0.008053942197399655,0.7001079187947327
26111,LOF,0.47801474632154606,0.023077111650211708,0.49890814202824213
26112,LOF,0.03378179271798429,0.009352408689508998,0.9568657985925066
26113,LOF,0.054206885161878354,0.017811946738733927,0.9279811680993877
26114,LOF,0.023852650646247524,0.02582150319794341,0.950325846155809
26115,LOF,0.08782378704333405,0.05522913508589752,0.8569470778707684
26116,LOF,0.058772523735605785,0.05907733312484873,0.8821501431395454
26117,LOF,0.41067278740144686,0.04975203089042966,0.5395751817081236
26118,LOF,0.03849287728280279,0.02810273946134275,0.9334043832558544
26119,LOF,0.02245788066144601,0.03881659523552183,0.9387255241030322
26120,LOF,0.030364799067588842,0.02508801492553919,0.9445471860068719
26121,LOF,0.05242618422670419,0.09185704255291638,0.8557167732203795
26122,LOF,0.048292089605755206,0.04277371707978668,0.9089341933144581
