feature0,prediction,LoGoFunc_Neutral,LoGoFunc_GOF,LoGoFunc_LOF
25546,Neutral,0.601556115789465,0.052062640092214243,0.3463812441183206
25547,Neutral,0.49045230510660526,0.08281739182593634,0.4267303030674584
25548,Neutral,0.5064550133263046,0.07570245864766846,0.41784252802602684
25549,LOF,0.4390235489844196,0.08021161939672818,0.4807648316188522
25550,LOF,0.37739156426749554,0.08436244971876407,0.5382459860137403
25551,LOF,0.3303138806839155,0.08841733869391921,0.5812687806221652
25552,LOF,0.2896883923721318,0.10338196644889557,0.6069296411789726
25553,Neutral,0.788922086417708,0.04863128919598975,0.16244662438630228
25554,LOF,0.32017866143353574,0.0900811161867976,0.5897402223796667
25555,LOF,0.2707467633910392,0.0930606954624734,0.6361925411464875
25556,LOF,0.4511960952725354,0.08524504191734175,0.4635588628101229
25557,LOF,0.2517973557771222,0.09381079457733,0.6543918496455479
25558,LOF,0.3134594598908059,0.08924859450485217,0.597291945604342
25559,LOF,0.3154233762248587,0.033135542800069286,0.651441080975072
25560,LOF,0.0940428903025295,0.18355318036327214,0.7224039293341983
25561,LOF,0.07718174239300106,0.2952225801076838,0.6275956774993151
25562,LOF,0.03468084143342907,0.12234306344755332,0.8429760951190177
25563,LOF,0.00696478770395893,0.2382380299791772,0.7547971823168638
25564,LOF,0.06849569797134931,0.14342213451465297,0.7880821675139978
25565,LOF,0.18741060955867206,0.13159863126309318,0.6809907591782347
25566,GOF,0.06980354327475312,0.8016238188542193,0.1285726378710277
25567,LOF,0.04788120188162038,0.18202456648121398,0.7700942316371656
25568,LOF,0.06408827952300024,0.11106043249068943,0.8248512879863102
25569,LOF,0.0636405343785765,0.11145552812874006,0.8249039374926833
25570,LOF,0.024977218624684553,0.15223209914600147,0.822790682229314
25571,LOF,0.02438419193084711,0.16476260948402416,0.8108531985851288
25572,LOF,0.057069418207762845,0.2456497944296973,0.6972807873625397
25573,LOF,0.07636104648248213,0.14921316111902191,0.774425792398496
25574,LOF,0.0853556616079401,0.2650826305737591,0.6495617078183008
25575,LOF,0.02466717309765687,0.17724323331871045,0.7980895935836327
25576,LOF,0.02424165308087416,0.29171747398898884,0.684040872930137
25577,LOF,0.02791729682266222,0.21501493747383846,0.7570677657034992
25578,LOF,0.28812042497826496,0.10985167927274829,0.6020278957489867
25579,LOF,0.19754173459996546,0.11178681181404644,0.6906714535859881
25580,LOF,0.022804719912266142,0.10270791553817675,0.874487364549557
25581,LOF,0.045834078608972185,0.1272154439363479,0.8269504774546799
25582,LOF,0.0453035349530546,0.12389217663321431,0.8308042884137311
25583,LOF,0.032421315667039305,0.11264749174267061,0.85493119259029
25584,Neutral,0.7271735516376081,0.13237202362944342,0.14045442473294859
25585,LOF,0.027336479066958033,0.22776853921299445,0.7448949817200475
25586,LOF,0.021827607761137586,0.1343849140164512,0.8437874782224113
25587,LOF,0.020835957773512038,0.13733273635005108,0.8418313058764368
25588,LOF,0.02700097791697756,0.10439656626443578,0.8686024558185866
25589,Neutral,0.560220413148063,0.2700607733859726,0.16971881346596435
25590,LOF,0.05845754016102871,0.17686064483126462,0.7646818150077066
25591,LOF,0.10342433064876909,0.10197834930691665,0.7945973200443143
25592,LOF,0.0784614241645127,0.2244242581080115,0.6971143177274758
25593,LOF,0.12599892399346568,0.4035052368955565,0.4704958391109778
25594,LOF,0.04678250046249315,0.042442090275693026,0.9107754092618139
25595,LOF,0.048205145193553435,0.022497245140464,0.9292976096659825
25596,LOF,0.11267895905135203,0.015522391038792915,0.871798649909855
25597,LOF,0.0873512152951435,0.017345710394397695,0.8953030743104587
25598,LOF,0.049004935748139355,0.025318141554791732,0.9256769226970689
25599,LOF,0.032270081716616675,0.3804949322297818,0.5872349860536015
25600,LOF,0.21604315693750833,0.335458602993699,0.44849824006879263
25601,LOF,0.05605264023520269,0.2750979231329841,0.6688494366318132
25602,LOF,0.029561444908869132,0.08667739195541799,0.8837611631357128
25603,LOF,0.05268952585248975,0.07692473214855221,0.870385741998958
25604,LOF,0.05096632146787989,0.16862113074003385,0.7804125477920862
25605,LOF,0.047200634409524725,0.21717796954909757,0.7356213960413777
25606,Neutral,0.3989771403759088,0.3263751566220783,0.2746477030020129
25607,LOF,0.029148964226895287,0.26989140350038443,0.7009596322727202
25608,LOF,0.04445982706121392,0.09080216791605732,0.8647380050227289
25609,GOF,0.1646985417845662,0.5732809485452628,0.2620205096701711
25610,LOF,0.0248696426440556,0.08773947052972474,0.8873908868262197
25611,LOF,0.017374261532479816,0.09011681293326129,0.8925089255342589
25612,LOF,0.0651841341923079,0.09595832336819403,0.838857542439498
25613,LOF,0.05557171813025142,0.10825482014146136,0.8361734617282872
25614,LOF,0.027389115162959197,0.0862437205280326,0.8863671643090082
25615,LOF,0.06267708146385742,0.07949254114124696,0.8578303773948956
25616,LOF,0.07025530563136191,0.09229354774061294,0.8374511466280252
25617,LOF,0.0552715702785434,0.09670886050390527,0.8480195692175512
25618,LOF,0.06856931964039191,0.18097812540372668,0.7504525549558815
25619,LOF,0.015964414681321912,0.13148642422127124,0.8525491610974067
25620,LOF,0.05200982577309368,0.09884787524516445,0.8491422989817419
25621,LOF,0.09087635182790811,0.09184947573921091,0.8172741724328809
25622,LOF,0.09436222098951484,0.10246782693846516,0.80316995207202
25623,LOF,0.07726543918577168,0.09195292968131494,0.8307816311329134
25624,LOF,0.025531919261115723,0.08204503864923043,0.8924230420896537
25625,LOF,0.07995387546036292,0.08757835904665634,0.8324677654929806
25626,LOF,0.061958645896754996,0.09051878595230853,0.8475225681509364
25627,Neutral,0.8872890504321799,0.02109558556698999,0.0916153640008302
25628,LOF,0.20180986020717673,0.05044764194680197,0.7477424978460213
25629,LOF,0.07306577685529482,0.057044757755142984,0.8698894653895621
25630,LOF,0.31418324360196537,0.06111909800502603,0.6246976583930086
25631,Neutral,0.5298437560099422,0.04405755032726968,0.42609869366278813
25632,LOF,0.03417185091859517,0.1247435007305638,0.8410846483508411
25633,LOF,0.1881485562232026,0.0750918396077583,0.7367596041690391
25634,LOF,0.041706653212586445,0.1092174051582372,0.8490759416291763
25635,LOF,0.034085710114919045,0.058308549576068125,0.9076057403090129
25636,GOF,0.03188544473177423,0.5581059871981559,0.4100085680700699
25637,GOF,0.03127313871444272,0.5303395632991594,0.4383872979863978
25638,LOF,0.01897579362699263,0.4401629255682443,0.540861280804763
25639,LOF,0.026144672225249053,0.42831787787785097,0.5455374498969
25640,Neutral,0.802000507312035,0.14446087682493503,0.05353861586302997
25641,LOF,0.10761174425365558,0.35364879043359365,0.5387394653127507
25642,LOF,0.09890981432886668,0.19143620872888736,0.709653976942246
25643,LOF,0.2983777557604815,0.12599130025854974,0.5756309439809687
25644,GOF,0.010387240525661536,0.6779817242228223,0.31163103525151614
25645,GOF,0.011253173505915558,0.6373607632812335,0.35138606321285093
25646,LOF,0.018348408369898022,0.4135995488250691,0.5680520428050329
25647,LOF,0.009134127918870708,0.3066915967220544,0.6841742753590749
25648,LOF,0.012724966672996016,0.3818033836353469,0.6054716496916571
25649,LOF,0.008870733961163342,0.271870294136095,0.7192589719027416
25650,GOF,0.03935727448170007,0.5806310314875605,0.38001169403073953
25651,LOF,0.01119561443386404,0.3890618938616403,0.5997424917044956
25652,LOF,0.010961762033702058,0.4231385788087979,0.5658996591575001
25653,GOF,0.047031273167383376,0.5982358202863868,0.3547329065462297
25654,LOF,0.012768085192991272,0.3362590454241324,0.6509728693828762
25655,GOF,0.12790643388732517,0.651060059867499,0.22103350624517584
25656,LOF,0.19768345206330384,0.06638500583001126,0.7359315421066849
25657,LOF,0.03170985184945531,0.07473217385896191,0.8935579742915828
25658,LOF,0.23986231089027776,0.09215630345371528,0.667981385656007
25659,LOF,0.3814089785295725,0.10634814541467891,0.5122428760557486
25660,LOF,0.022172432097485685,0.1321714939111696,0.8456560739913447
25661,LOF,0.06791361089740076,0.07988321641842752,0.8522031726841718
25662,LOF,0.027799910513017796,0.04817442886265402,0.9240256606243281
25663,LOF,0.03044056877721103,0.042858268655923064,0.9267011625668659
25664,LOF,0.09441142635411838,0.07998894706113628,0.8255996265847454
25665,LOF,0.05988270114440154,0.038860002332059385,0.9012572965235391
25666,LOF,0.07537318653935114,0.06016005547848066,0.8644667579821682
25667,LOF,0.05852455610544149,0.049672557082819625,0.8918028868117388
25668,LOF,0.028673789861838557,0.06266115256145138,0.9086650575767101
25669,LOF,0.020189801026649256,0.05637574670284253,0.9234344522705081
25670,LOF,0.13329228883225583,0.05400399288732653,0.8127037182804177
25671,LOF,0.0838865283599999,0.04655793876236786,0.8695555328776322
25672,LOF,0.04754724830115456,0.06342194919024118,0.8890308025086043
25673,LOF,0.07962214236281885,0.04737392616829882,0.8730039314688822
25674,LOF,0.07467267871603661,0.06473670713013432,0.8605906141538291
25675,LOF,0.07055764599263452,0.07572410893785868,0.8537182450695068
25676,LOF,0.0156595618355907,0.07325099425340138,0.9110894439110079
25677,LOF,0.015000387968053926,0.09365004057369929,0.8913495714582468
25678,LOF,0.18486879797407188,0.0851605472794633,0.7299706547464648
25679,LOF,0.11314372918916989,0.11136609643605165,0.7754901743747784
25680,LOF,0.01932712279508168,0.1405347124350069,0.8401381647699113
25681,LOF,0.0326789166951017,0.12515957417689996,0.8421615091279983
25682,LOF,0.11177460726153468,0.07966526392809911,0.8085601288103662
25683,LOF,0.09796480973055786,0.09915227962572097,0.8028829106437212
25684,LOF,0.026817331385088496,0.07806224898102454,0.8951204196338869
25685,LOF,0.10883666761826181,0.1068995843277413,0.7842637480539969
25686,LOF,0.06128903723641236,0.24176848942883092,0.6969424733347568
25687,LOF,0.101952559995811,0.22356960633586376,0.6744778336683251
25688,LOF,0.4563406328783042,0.0282742004187991,0.5153851667028967
25689,LOF,0.28909742404956407,0.03651289975536363,0.6743896761950723
25690,LOF,0.3629494375177217,0.024185097660454232,0.6128654648218241
25691,Neutral,0.7575579629334855,0.023295002960776027,0.21914703410573846
25692,LOF,0.36435420723065165,0.010717035778264892,0.6249287569910834
25693,GOF,0.046374302626997224,0.500379427813641,0.45324626955936176
25694,LOF,0.10180662500192612,0.018586939792976,0.879606435205098
25695,LOF,0.10586891452844412,0.008867478732906574,0.8852636067386492
25696,LOF,0.12617980987770752,0.016527673867662736,0.8572925162546297
25697,LOF,0.0492551736610525,0.05429590924627509,0.8964489170926725
25698,LOF,0.2770532177363837,0.17726322340731981,0.5456835588562965
25699,LOF,0.35021689455843574,0.048303846424999804,0.6014792590165644
25700,LOF,0.056346648091891736,0.010660279207979793,0.9329930727001284
25701,LOF,0.1593822281083782,0.03967010227087707,0.8009476696207447
25702,GOF,0.18772162314393037,0.6708756464529944,0.1414027304030753
25703,LOF,0.018758565322396555,0.2022882170721021,0.7789532176055013
25704,LOF,0.037758801206493,0.15508249495621962,0.8071587038372874
25705,LOF,0.0324042299909989,0.08542095307763253,0.8821748169313687
25706,GOF,0.10617926834520619,0.5467470548835858,0.347073676771208
25707,LOF,0.10338411039535292,0.4114924995515453,0.4851233900531018
25708,LOF,0.03927454955441032,0.45078528549378294,0.5099401649518067
25709,LOF,0.07410282611173802,0.04682794791863339,0.8790692259696286
25710,LOF,0.017297443435537276,0.1699663811063027,0.81273617545816
25711,LOF,0.019583970087946132,0.09162793869333848,0.8887880912187154
25712,LOF,0.017501716176847627,0.20107708470476143,0.7814211991183909
25713,LOF,0.017803836215032967,0.07289703916049682,0.9092991246244703
25714,LOF,0.07600678123633187,0.06539245485888374,0.8586007639047843
25715,LOF,0.011961621173853446,0.11532954623369548,0.872708832592451
25716,LOF,0.013150855236987457,0.1421638448564952,0.8446852999065173
25717,LOF,0.02026691304308593,0.08395995471565382,0.8957731322412602
25718,LOF,0.011449287600079431,0.055190637500824216,0.9333600748990963
25719,LOF,0.0235352364640559,0.09391669545382884,0.8825480680821153
25720,LOF,0.03003627037196338,0.04915269355715198,0.9208110360708845
25721,LOF,0.011748784498062619,0.08783113600651776,0.9004200794954196
25722,LOF,0.013384112085332755,0.07484330949539202,0.9117725784192753
25723,LOF,0.024081892104080994,0.05475048959567316,0.921167618300246
25724,LOF,0.035408654023579955,0.09822039525233445,0.8663709507240857
25725,LOF,0.011397410909457168,0.0866803080919744,0.9019222809985684
25726,LOF,0.01745256723084633,0.12386595998996215,0.8586814727791914
25727,LOF,0.01400109720209039,0.07850747464640125,0.9074914281515084
25728,LOF,0.010913485127368115,0.1002397790131043,0.8888467358595276
25729,LOF,0.011205228234240324,0.09890935131090153,0.8898854204548581
25730,LOF,0.014788111971294354,0.09947585326383046,0.8857360347648752
25731,LOF,0.02007535596623302,0.14993499388890275,0.8299896501448643
25732,LOF,0.014824877619979122,0.0501258910985589,0.9350492312814619
25733,LOF,0.015711820491862764,0.0675475991618442,0.9167405803462929
25734,LOF,0.013439475836563384,0.16004463481243048,0.8265158893510062
25735,LOF,0.011464331902565697,0.06376473176366868,0.9247709363337656
25736,LOF,0.012813526884244324,0.06274143003428853,0.9244450430814671
25737,LOF,0.013661419803896704,0.09196382211959232,0.894374758076511
25738,LOF,0.012512357610115299,0.0924850710415761,0.8950025713483085
25739,LOF,0.020076554659218055,0.0795088577623217,0.9004145875784602
25740,LOF,0.03079767954780837,0.09896364533257397,0.8702386751196176
25741,LOF,0.014300700125752014,0.10459217486469459,0.8811071250095533
25742,LOF,0.10990180904504053,0.07349652278581609,0.8166016681691433
25743,LOF,0.043587196037174994,0.06493327924042615,0.8914795247223989
25744,Neutral,0.628827853181568,0.2337064400496924,0.13746570676873962
25745,LOF,0.06064843020417308,0.08156049687669137,0.8577910729191356
25746,LOF,0.037085352809779884,0.12524635848457918,0.8376682887056409
25747,LOF,0.016796693327187237,0.1467333403711489,0.8364699663016638
25748,LOF,0.0925819728843102,0.20542264741861582,0.701995379697074
25749,LOF,0.02640509835744232,0.10375380643777667,0.869841095204781
25750,LOF,0.0632375174335768,0.11209947140247531,0.8246630111639479
25751,LOF,0.10518109725995262,0.18218027000675074,0.7126386327332966
25752,GOF,0.12329355899720149,0.6331707855161567,0.2435356554866418
25753,LOF,0.033249595275425974,0.3649368546837833,0.6018135500407907
25754,GOF,0.022332321855318815,0.7526340299558356,0.22503364818884558
25755,LOF,0.032923326683926925,0.3400026999793927,0.6270739733366804
25756,LOF,0.06841363466011663,0.43039480991470686,0.5011915554251766
25757,GOF,0.018960892471654296,0.8340540970113741,0.14698501051697152
25758,GOF,0.029233718303419705,0.7501868139720493,0.220579467724531
25759,GOF,0.014394040115915909,0.654870744669095,0.3307352152149892
25760,LOF,0.01717376099510776,0.4397714601956381,0.5430547788092541
25761,GOF,0.32593499364052064,0.577566065104174,0.09649894125530534
25762,LOF,0.05345205374969161,0.4184877437848911,0.5280602024654172
25763,LOF,0.014955295726353708,0.3161183680340181,0.6689263362396283
25764,GOF,0.062081947198556676,0.6663380992262893,0.27157995357515413
25765,GOF,0.03609917910140534,0.776010264471655,0.18789055642693978
25766,GOF,0.09328896967670824,0.711967276174859,0.19474375414843273
25767,GOF,0.12525478735019893,0.4895748857375146,0.3851703269122866
25768,LOF,0.10365194940014318,0.03299360778885049,0.8633544428110063
25769,LOF,0.05276614212801772,0.0701662417255342,0.8770676161464481
25770,LOF,0.38835383027850445,0.09921438259856075,0.5124317871229348
25771,LOF,0.07211672948756621,0.05340967237616526,0.8744735981362685
25772,LOF,0.018907651153312367,0.05434124501492533,0.9267511038317624
25773,LOF,0.07438911502266855,0.05425788190800314,0.8713530030693283
25774,LOF,0.028858279706466577,0.11208259873684265,0.8590591215566908
25775,LOF,0.0809952700068309,0.04633101151522372,0.8726737184779455
25776,LOF,0.06993129751259292,0.03440422592369103,0.8956644765637161
25777,Neutral,0.5543997974641841,0.06633608476212599,0.37926411777368996
25778,LOF,0.065354185296205,0.04807243932293441,0.8865733753808607
25779,GOF,0.4354792424575038,0.5131396452508202,0.051381112291676
25780,GOF,0.3612901384649606,0.5532654594142434,0.08544440212079589
25781,GOF,0.12750397520239476,0.7498251257380345,0.1226708990595708
25782,GOF,0.1758909057922693,0.7179115589017724,0.10619753530595832
25783,GOF,0.022821783076034125,0.6824242530043272,0.2947539639196387
25784,Neutral,0.5465298886988003,0.3974632388116279,0.05600687248957174
25785,Neutral,0.5337455031304811,0.39848353681713317,0.06777096005238577
25786,GOF,0.02722037742080508,0.7095155841158465,0.2632640384633485
25787,Neutral,0.72154192888064,0.23608761345519666,0.04237045766416321
25788,LOF,0.056144828353538,0.07876466311619242,0.8650905085302695
25789,GOF,0.22623938975458566,0.6410193045959119,0.13274130564950234
25790,GOF,0.2954648772380198,0.560896700760662,0.14363842200131813
25791,GOF,0.15921700198786054,0.6066129168205744,0.23417008119156513
25792,GOF,0.3573244300227848,0.46018762489833037,0.1824879450788848
25793,GOF,0.25462857669911987,0.44273681368762346,0.30263460961325656
25794,GOF,0.3201417097866544,0.464905513989489,0.2149527762238566
25795,GOF,0.06511758999758033,0.6280952489743655,0.3067871610280542
25796,Neutral,0.4868699175722905,0.4050271006305405,0.10810298179716904
25797,GOF,0.0793289971660997,0.4949286465850034,0.42574235624889695
25798,GOF,0.011095886650167993,0.543193090434959,0.44571102291487297
25799,LOF,0.009339972424299759,0.49220093204903176,0.4984590955266685
25800,GOF,0.04163254080325321,0.6274073045470683,0.33096015464967843
25801,GOF,0.22450909243462508,0.6540542281112621,0.12143667945411273
25802,GOF,0.06669268749686912,0.6525631355649804,0.28074417693815057
25803,GOF,0.04836650956863884,0.5567816039764,0.39485188645496117
25804,GOF,0.040030955217686556,0.5011722372541666,0.45879680752814694
25805,GOF,0.10735054031365666,0.5242325804408458,0.3684168792454976
25806,GOF,0.13701885467812758,0.5649070136618669,0.29807413166000557
25807,GOF,0.020645980075024137,0.5856757671500785,0.3936782527748973
25808,GOF,0.09506008035218569,0.5460631333612016,0.35887678628661274
25809,GOF,0.0209526254675259,0.5598152997612416,0.4192320747712324
25810,GOF,0.020982011290746342,0.5500741263497647,0.4289438623594889
25811,Neutral,0.4886655363466442,0.4438589142955157,0.06747554935784
25812,GOF,0.042095198903374625,0.6211101595751407,0.3367946415214847
25813,Neutral,0.5856539038828422,0.2919067658647592,0.12243933025239857
25814,GOF,0.14077857884342834,0.5814236995560238,0.27779772160054783
25815,GOF,0.28635684908079284,0.5333901690742892,0.18025298184491803
25816,GOF,0.02081180129951513,0.6585166472911547,0.3206715514093302
25817,GOF,0.21480571016536784,0.6333331491285072,0.151861140706125
25818,GOF,0.04039686867769052,0.5796506834485828,0.37995244787372673
25819,GOF,0.39165962429909734,0.42282191777132005,0.18551845792958266
25820,GOF,0.2013316016758661,0.5495749701040133,0.24909342822012068
25821,GOF,0.06478651696454074,0.6427928855991695,0.29242059743628973
25822,GOF,0.2572516023558749,0.5137667764532079,0.2289816211909171
25823,GOF,0.03880070375568501,0.5010422417356145,0.4601570545087006
25824,GOF,0.09363656557397791,0.5013442301127973,0.4050192043132248
25825,GOF,0.03470441986158467,0.5174967825626703,0.447798797575745
25826,GOF,0.012582555574029175,0.5088297097968401,0.4785877346291307
25827,GOF,0.021809407168056207,0.5172054047756907,0.46098518805625305
25828,LOF,0.015258924873562448,0.4555016099491698,0.5292394651772678
25829,GOF,0.008871617826471338,0.5506837853462848,0.44044459682724385
25830,LOF,0.038720660876278894,0.26525010714259023,0.696029231981131
25831,GOF,0.1551145915047419,0.690766603864245,0.15411880463101307
25832,GOF,0.041034550463548536,0.6835957405237237,0.27536970901272784
25833,GOF,0.12778161146224112,0.6617355370042837,0.21048285153347515
25834,GOF,0.048457692659595285,0.6780079564876118,0.27353435085279293
25835,GOF,0.11014322734384607,0.6128026844715388,0.27705408818461513
25836,GOF,0.05276495581857421,0.6601008731803103,0.28713417100111555
25837,GOF,0.028743791412177977,0.5243202220908537,0.4469359864969682
25838,GOF,0.1060062974755877,0.684441866788764,0.20955183573564842
25839,GOF,0.3009805126354899,0.49867318348359513,0.2003463038809149
25840,GOF,0.23922221206465408,0.5483513480954612,0.21242643983988474
25841,GOF,0.2665273555368812,0.5303851214579809,0.2030875230051379
25842,GOF,0.17244406441721527,0.5952055737758697,0.23235036180691504
25843,GOF,0.24712130369301943,0.5870465721024842,0.16583212420449636
25844,GOF,0.06844828238938368,0.6341086747187098,0.29744304289190665
25845,GOF,0.01679641192758894,0.5161498713015407,0.4670537167708703
25846,GOF,0.0987525777869414,0.6828843558185967,0.21836306639446199
25847,GOF,0.1135017484162488,0.6818354783134086,0.20466277327034255
25848,GOF,0.049313108865296225,0.6345174771653282,0.31616941396937553
25849,GOF,0.015087755626176985,0.5417855518260405,0.44312669254778253
25850,GOF,0.029742417837505915,0.616354924731278,0.3539026574312161
25851,GOF,0.026177682096838753,0.5163211153322533,0.45750120257090776
25852,GOF,0.1344368036675972,0.5384605826148022,0.32710261371760063
25853,GOF,0.33815844025919306,0.5581826784311638,0.10365888130964311
25854,GOF,0.020837521993845923,0.6908860763506953,0.2882764016554587
25855,GOF,0.04146320869565868,0.5967505377325287,0.36178625357181243
25856,GOF,0.2165949227323865,0.5699052285409499,0.21349984872666367
25857,GOF,0.03680690939962571,0.5476522109511486,0.4155408796492257
25858,GOF,0.01943271587554939,0.6200925001678324,0.36047478395661825
25859,GOF,0.010514688936398115,0.6090821688181842,0.38040314224541777
25860,GOF,0.28227235091748326,0.5992028388781383,0.11852481020437841
25861,GOF,0.3442292116313134,0.5643766475273011,0.09139414084138546
25862,GOF,0.06889518085749337,0.7566333209238091,0.17447149821869767
25863,GOF,0.07027037298060232,0.7677559520381154,0.16197367498128232
25864,GOF,0.1274146976839963,0.7426114851626607,0.12997381715334302
25865,GOF,0.06658802318353851,0.7478761284147454,0.18553584840171597
25866,GOF,0.06000734993642072,0.7935145222950318,0.14647812776854752
25867,GOF,0.07768648524852104,0.792469254791993,0.12984425995948598
25868,GOF,0.2062665077343451,0.6544820475783704,0.1392514446872845
25869,Neutral,0.6763487937226113,0.2616713698245485,0.06197983645284022
25870,LOF,0.23565499163527093,0.26403723470474494,0.5003077736599841
25871,GOF,0.17698849283830778,0.6581073318588984,0.16490417530279378
25872,GOF,0.08554827358367659,0.6092970269959118,0.3051546994204115
25873,GOF,0.1522189113237216,0.5884804261605702,0.2593006625157083
25874,LOF,0.022839516828430044,0.0861908833294937,0.8909695998420764
25875,LOF,0.059466763019003666,0.14673883971983884,0.7937943972611575
25876,LOF,0.02257365018876068,0.08998937239177711,0.8874369774194623
25877,Neutral,0.4412914233444381,0.15194023786684258,0.4067683387887193
25878,LOF,0.15109908081204929,0.24060986368646856,0.6082910555014822
25879,LOF,0.08918096428592527,0.25790842383193413,0.6529106118821407
25880,LOF,0.020939891321467098,0.043948991114255334,0.9351111175642777
25881,LOF,0.183502302008252,0.23279826106651624,0.5836994369252317
25882,LOF,0.06566979378805173,0.026441896350645835,0.9078883098613024
25883,LOF,0.07936080669311707,0.04673096024616037,0.8739082330607225
25884,LOF,0.04238259824690328,0.04892021661402849,0.9086971851390683
25885,LOF,0.057189019318911696,0.026158299992689846,0.9166526806883984
25886,LOF,0.33181873852890487,0.12589802294319047,0.5422832385279046
25887,LOF,0.19104811048049739,0.19073667660534804,0.6182152129141546
25888,LOF,0.07792909139225898,0.11068843245940754,0.8113824761483335
25889,LOF,0.03442971530441323,0.05322842719457558,0.9123418575010112
25890,LOF,0.06400594748337005,0.10674322209321742,0.8292508304234125
25891,LOF,0.06474909516824577,0.04665793943002192,0.8885929654017323
25892,LOF,0.10103335648504425,0.03693768788842203,0.8620289556265336
25893,LOF,0.3493541793965384,0.024456066207289007,0.6261897543961726
25894,LOF,0.18322605777476658,0.011076326574457382,0.8056976156507761
25895,LOF,0.25318742997106136,0.02047616781692255,0.726336402212016
25896,LOF,0.05156962929662459,0.019362444808056815,0.9290679258953186
25897,LOF,0.24680987731893267,0.02834971847498591,0.7248404042060814
25898,Neutral,0.8069595992275789,0.019148707209244307,0.17389169356317685
25899,LOF,0.2579165219078299,0.05278539482918135,0.6892980832629888
25900,Neutral,0.6311099970614317,0.013972995450097456,0.3549170074884709
25901,LOF,0.04718471160607374,0.01417511782854379,0.9386401705653824
25902,LOF,0.17618877031195646,0.015295775007366523,0.808515454680677
25903,Neutral,0.6530299869120066,0.04916162736517391,0.29780838572281937
25904,LOF,0.24721210162085083,0.045090475684168,0.7076974226949811
25905,LOF,0.04183563127231225,0.3170810026030198,0.6410833661246679
25906,LOF,0.026777068162851334,0.06370798506254532,0.9095149467746034
25907,LOF,0.014867604950136256,0.33342374806353997,0.6517086469863238
25908,LOF,0.015494826616819737,0.2217266607623596,0.7627785126208206
25909,LOF,0.01686722382582209,0.11092082443427094,0.872211951739907
25910,LOF,0.02740057855147816,0.3360422818246119,0.6365571396239099
25911,LOF,0.08317001816252045,0.0541573510646195,0.8626726307728602
25912,LOF,0.042500737762362836,0.09498129507838862,0.8625179671592486
25913,LOF,0.2687442154745319,0.04363720548442563,0.6876185790410425
25914,LOF,0.018279634513307434,0.11796422153082867,0.863756143955864
25915,GOF,0.30192874017631494,0.3889540124755636,0.30911724734812157
25916,GOF,0.021789905156776777,0.5217627290523612,0.4564473657908621
25917,LOF,0.04547207103072847,0.06455457348636644,0.8899733554829052
25918,LOF,0.023294012814438277,0.0683708357212019,0.90833515146436
25919,LOF,0.020459570048326648,0.0764201126088016,0.9031203173428718
25920,GOF,0.13668446585278113,0.4862106184858464,0.3771049156613725
25921,LOF,0.03484425927929654,0.02303635019517173,0.9421193905255318
25922,LOF,0.04563263209378659,0.017158082106045667,0.9372092858001677
25923,LOF,0.3713548848756272,0.02333790631025827,0.6053072088141147
25924,LOF,0.043003036972837444,0.024588461320542803,0.9324085017066197
25925,LOF,0.0664915544095854,0.031569021110567794,0.9019394244798468
25926,LOF,0.049535271547452644,0.0192972324615311,0.9311674959910163
25927,LOF,0.08180014441651401,0.04693492942701902,0.871264926156467
25928,LOF,0.026639642328477455,0.020287150794911776,0.9530732068766109
25929,Neutral,0.5247366354995501,0.027308260954310944,0.447955103546139
25930,LOF,0.060697327246452215,0.017418049686731794,0.921884623066816
25931,LOF,0.03440312446962105,0.018360560983882186,0.9472363145464968
25932,LOF,0.028983621687184966,0.01790578114283102,0.953110597169984
25933,LOF,0.03718666587130171,0.011011035425882255,0.951802298702816
25934,LOF,0.026487086423973464,0.015335002185188315,0.9581779113908382
25935,LOF,0.06359911033495089,0.028408849608796742,0.9079920400562522
25936,LOF,0.04531776400362169,0.01737621437748169,0.9373060216188965
25937,LOF,0.03749346421409813,0.019689155145773598,0.9428173806401282
25938,LOF,0.060110196947260344,0.03619047048052539,0.9036993325722144
25939,LOF,0.03976224400109808,0.0113312494686546,0.9489065065302472
25940,GOF,0.02366808711067652,0.49519306875185193,0.48113884413747143
25941,LOF,0.15885093873015013,0.08808804704876164,0.7530610142210883
25942,LOF,0.015794040498439202,0.02768304311482319,0.9565229163867376
25943,LOF,0.347249112965014,0.08006656455867944,0.5726843224763066
25944,LOF,0.46831834769791497,0.048892871819624,0.48278878048246104
25945,LOF,0.07711465403635084,0.02788197855850648,0.8950033674051427
25946,LOF,0.03646816921591188,0.14293340141376445,0.8205984293703237
25947,LOF,0.13235649231005067,0.26168895713482976,0.6059545505551196
25948,LOF,0.43351519361903573,0.016559665108882134,0.5499251412720821
25949,LOF,0.10059579599910005,0.061683600191432965,0.837720603809467
25950,GOF,0.22025100197024766,0.5171169985611488,0.2626319994686035
25951,LOF,0.20375239188111657,0.14102341443367591,0.6552241936852075
25952,LOF,0.04117898894286702,0.43647224277733,0.522348768279803
25953,LOF,0.11779530122174534,0.12011726210864418,0.7620874366696105
25954,LOF,0.348037495381669,0.2683992296034642,0.38356327501486676
25955,LOF,0.06666481445685421,0.09702386637841827,0.8363113191647275
25956,LOF,0.22511663728965864,0.044907160937202276,0.729976201773139
25957,LOF,0.045549827647238,0.01656999232886478,0.9378801800238972
25958,LOF,0.06816777508461737,0.030471519607486175,0.9013607053078964
25959,LOF,0.08997157495368105,0.34676346763236177,0.5632649574139572
25960,LOF,0.02511440918529122,0.06765367053346816,0.9072319202812407
25961,LOF,0.05649017749432838,0.041936583270216946,0.9015732392354547
25962,LOF,0.04917442951442971,0.050515088828040816,0.9003104816575296
25963,LOF,0.053366714930682346,0.20071360318958886,0.7459196818797287
25964,LOF,0.03022260091739267,0.17027813006312664,0.7994992690194808
25965,Neutral,0.4758436052893469,0.07304006514476302,0.4511163295658902
25966,LOF,0.3142148206535048,0.3072344970453096,0.3785506823011856
25967,LOF,0.01689044703565697,0.09287487482907401,0.8902346781352691
25968,LOF,0.053535778024474304,0.42221022346679987,0.5242539985087259
25969,LOF,0.029249150093153535,0.06831086146756224,0.9024399884392841
25970,LOF,0.06514900809446157,0.04677300196293177,0.8880779899426066
25971,LOF,0.08289569319755778,0.02194805259919621,0.8951562542032461
25972,LOF,0.07530836300177274,0.025037560282000937,0.8996540767162263
25973,LOF,0.07853462955475309,0.01067855561252586,0.910786814832721
25974,LOF,0.3404848754078364,0.03311836670134866,0.6263967578908151
25975,LOF,0.04935124306289264,0.030708382151800617,0.9199403747853068
25976,LOF,0.03659754683877456,0.022008699451085738,0.9413937537101398
25977,LOF,0.11887453060043118,0.11610467931310271,0.7650207900864662
25978,LOF,0.17084568537072636,0.10362874699507732,0.7255255676341963
25979,LOF,0.15346095880780464,0.08858618634896352,0.7579528548432319
25980,LOF,0.19771262547904825,0.18087155179118286,0.6214158227297688
25981,LOF,0.24134509926717795,0.17042541113042867,0.5882294896023934
25982,Neutral,0.4690817852607027,0.08809584175295541,0.4428223729863418
25983,LOF,0.4476039584779783,0.0760612462567981,0.4763347952652237
25984,LOF,0.04506138527411955,0.09351347703519373,0.8614251376906866
25985,LOF,0.021743951165032305,0.3051711897160858,0.6730848591188819
25986,LOF,0.028697043471149382,0.2972854082004189,0.6740175483284317
25987,LOF,0.08285485688488169,0.09458672853162864,0.8225584145834898
25988,LOF,0.09664595252053101,0.07067480451278127,0.8326792429666877
25989,LOF,0.02345579176015485,0.11421046191123048,0.8623337463286146
25990,LOF,0.03385375549097787,0.10760994311165957,0.8585363013973625
25991,LOF,0.21087665194339947,0.27481244141356975,0.5143109066430308
25992,LOF,0.3457592775404373,0.19617375181219332,0.45806697064736945
25993,LOF,0.030628688769462682,0.06944232012253806,0.8999289911079993
25994,LOF,0.01916083250821685,0.09686461824978737,0.8839745492419958
25995,LOF,0.03375855449455594,0.08640296789449578,0.8798384776109484
25996,GOF,0.2685051655518718,0.4090172637513081,0.32247757069682015
25997,LOF,0.09872725131927389,0.4353296098320394,0.4659431388486869
25998,Neutral,0.5584691718586728,0.0325919469173741,0.408938881223953
25999,LOF,0.11928359245698174,0.09736226151925345,0.7833541460237649
26000,LOF,0.08312013940306232,0.023999802642629603,0.8928800579543081
26001,LOF,0.18078735097360527,0.04084166742943756,0.7783709815969571
26002,LOF,0.09222668004317916,0.032409871037981645,0.8753634489188392
26003,GOF,0.010622582616211778,0.6801503500991225,0.30922706728466587
26004,GOF,0.02411346712407539,0.6895548716482257,0.2863316612276988
26005,GOF,0.011720632861907327,0.5357080607713205,0.4525713063667723
26006,Neutral,0.5288601270400474,0.27988470997111936,0.19125516298883322
26007,GOF,0.02213617905016991,0.6140615504581821,0.3638022704916479
26008,GOF,0.01809752075850029,0.577479622139064,0.4044228571024357
26009,GOF,0.029411405326089088,0.6756844127485647,0.2949041819253463
26010,GOF,0.019933867712787556,0.7248148930018063,0.2552512392854061
26011,LOF,0.009941209445939207,0.4874299850754895,0.5026288054785714
26012,GOF,0.018110854307668817,0.5637777512795751,0.418111394412756
26013,GOF,0.012978230645321841,0.68883324232323,0.2981885270314482
26014,LOF,0.04460456160788954,0.1599341320168483,0.795461306375262
26015,LOF,0.25887599246851656,0.01181517540587742,0.7293088321256059
26016,LOF,0.2854147880514854,0.05611352833315806,0.6584716836153565
26017,LOF,0.1658432966169872,0.09834451250411819,0.7358121908788947
26018,LOF,0.10386774489846555,0.04177188087794524,0.8543603742235892
26019,LOF,0.1009213126799449,0.025923238449254274,0.8731554488708009
26020,LOF,0.0645314057224466,0.11520541008554129,0.820263184192012
26021,LOF,0.0498420356813383,0.12721719576800522,0.8229407685506565
26022,LOF,0.010958133103911378,0.059759417466316286,0.9292824494297725
26023,LOF,0.13902406710275927,0.025346274971599938,0.8356296579256407
26024,LOF,0.029167881547789893,0.11762752208198607,0.8532045963702239
26025,LOF,0.15835940839130813,0.07630192268337896,0.7653386689253129
26026,LOF,0.3648378261738003,0.013250627442140285,0.6219115463840594
26027,LOF,0.10101421793357754,0.018022909268365476,0.880962872798057
26028,LOF,0.2157772948706021,0.09917745426527186,0.685045250864126
26029,LOF,0.11313541970113353,0.14943322334450854,0.7374313569543579
26030,LOF,0.03457301850209946,0.03304014698804993,0.9323868345098507
26031,LOF,0.03726032675077828,0.1172187716801666,0.8455209015690551
26032,LOF,0.09409668691257417,0.022982393555526264,0.8829209195318996
26033,LOF,0.1439777343577935,0.023394750120856376,0.8326275155213502
26034,LOF,0.06245211288022301,0.11668773834520506,0.8208601487745719
26035,LOF,0.04382762804453974,0.09714575623697375,0.8590266157184866
26036,LOF,0.062938128267346,0.11325625846524329,0.8238056132674108
26037,LOF,0.037940263990024856,0.09686230696276699,0.8651974290472082
26038,LOF,0.0924724370256188,0.022455281239854116,0.8850722817345271
26039,LOF,0.08570362468431283,0.10921265565709308,0.8050837196585942
26040,LOF,0.2696380044245905,0.07277082967335165,0.6575911659020579
26041,LOF,0.03608496353669874,0.09420004949733081,0.8697149869659705
26042,LOF,0.03582127687652355,0.09475231899376324,0.8694264041297133
26043,LOF,0.09053384358900995,0.033287648245784736,0.8761785081652054
26044,LOF,0.04011818289529476,0.0404000910305533,0.9194817260741519
26045,LOF,0.10388726245690183,0.07780770512765287,0.8183050324154454
26046,LOF,0.09945278629547959,0.0356049803678764,0.864942233336644
26047,LOF,0.12774932130604622,0.042772381202052775,0.8294782974919009
26048,LOF,0.05612626701605624,0.036661776895981844,0.9072119560879619
26049,Neutral,0.9490094769204813,0.005467911423019128,0.04552261165649975
26050,Neutral,0.9307099038684172,0.0057724008186240084,0.06351769531295864
26051,GOF,0.03381630330206374,0.5207660533213794,0.44541764337655687
26052,GOF,0.03653964462845289,0.6221205814361259,0.3413397739354212
26053,LOF,0.05518962885272929,0.36433511561990234,0.5804752555273683
26054,LOF,0.05843721002402229,0.06459470691317763,0.8769680830628
26055,LOF,0.07693643000822728,0.061719500385770815,0.8613440696060018
26056,LOF,0.06391230137949347,0.07662295192235587,0.8594647466981507
26057,LOF,0.02973788948707309,0.02705139683014262,0.9432107136827843
26058,LOF,0.029534043943902074,0.023399151184149144,0.9470668048719487
26059,LOF,0.3534131309377344,0.08456411662769286,0.5620227524345727
26060,LOF,0.0379503290304982,0.33089797052066816,0.6311517004488336
26061,LOF,0.017905800166604317,0.05996590645674236,0.9221282933766534
26062,LOF,0.01413790390746228,0.05668248858038055,0.9291796075121571
26063,LOF,0.024524666385928998,0.029442036671746375,0.9460332969423245
26064,LOF,0.02470225942425829,0.041395023662467265,0.9339027169132743
26065,LOF,0.026948846137371554,0.029875712056685606,0.9431754418059428
26066,LOF,0.02140182921722443,0.03429775519792584,0.9443004155848498
26067,LOF,0.02382273480820562,0.024585528354186557,0.9515917368376077
26068,LOF,0.05430711305920983,0.07017214841761778,0.8755207385231725
26069,LOF,0.42295627702645155,0.059197019068923086,0.5178467039046253
26070,Neutral,0.6427270364665342,0.030641339083807912,0.32663162444965793
26071,LOF,0.02421705391131638,0.033690457162777965,0.9420924889259057
26072,LOF,0.02450760904729806,0.06408981658580698,0.9114025743668949
26073,LOF,0.02605013449389496,0.028023592550302304,0.9459262729558028
26074,Neutral,0.8691261581099229,0.012767407087281548,0.11810643480279556
26075,LOF,0.04261997032786914,0.05372525847060548,0.9036547712015253
26076,LOF,0.043693652049366,0.02186458503625493,0.934441762914379
26077,LOF,0.011071274140368768,0.06701726644485427,0.9219114594147769
26078,LOF,0.0144702853715669,0.045257952975395616,0.9402717616530375
26079,LOF,0.053640888686089815,0.04801150237884701,0.8983476089350632
26080,LOF,0.053640888686089815,0.04801150237884701,0.8983476089350632
26081,LOF,0.03255952612150024,0.020167742312336097,0.9472727315661638
26082,LOF,0.02145435690083785,0.05742420814114319,0.9211214349580189
26083,LOF,0.1373534918173497,0.03104368231215523,0.8316028258704949
26084,LOF,0.027817278581715107,0.03933499421086005,0.9328477272074248
26085,LOF,0.0229800817511682,0.03512481451773279,0.941895103731099
26086,LOF,0.022847562287400803,0.038466206144972315,0.938686231567627
26087,LOF,0.025539045118370754,0.028652212971343786,0.9458087419102854
26088,LOF,0.025106492582413743,0.0685278437343225,0.9063656636832637
26089,LOF,0.048925430462230295,0.06911547812849624,0.8819590914092735
26090,LOF,0.04591375258157205,0.05582081780322141,0.8982654296152065
26091,LOF,0.039271829127467475,0.019616775118439164,0.9411113957540934
26092,LOF,0.030020669872809668,0.023577240490602357,0.9464020896365879
26093,LOF,0.041814944677531336,0.015913346207598638,0.94227170911487
26094,LOF,0.045988887066316424,0.015564734161573201,0.9384463787721103
26095,LOF,0.04141187926552203,0.04557038391352805,0.9130177368209499
26096,LOF,0.017961271253885705,0.044395409480295085,0.9376433192658192
26097,LOF,0.012203794632777371,0.11494918455005812,0.8728470208171646
26098,LOF,0.06029592128934251,0.043536686388608886,0.8961673923220486
26099,LOF,0.02486924659204548,0.04280681223239628,0.9323239411755583
26100,LOF,0.025669857466293924,0.03915513276573116,0.9351750097679749
26101,LOF,0.06000204980601676,0.041000245754184206,0.898997704439799
26102,LOF,0.027126442016441706,0.028690953518212402,0.9441826044653459
26103,Neutral,0.8699605102279433,0.053037797251431554,0.07700169252062511
26104,LOF,0.05184225382175878,0.0794894607528692,0.868668285425372
26105,LOF,0.2623271188529502,0.2739525404664376,0.4637203406806123
26106,LOF,0.15242984749614286,0.18088339496459488,0.6666867575392623
26107,LOF,0.26170115746507977,0.15003851392026216,0.588260328614658
26108,LOF,0.17125376582990562,0.16799570532137476,0.6607505288487197
26109,LOF,0.05945392683445126,0.18361738630624191,0.7569286868593068
26110,LOF,0.3149990252475188,0.015717544772688784,0.6692834299797924
26111,LOF,0.456029518976597,0.023673598725357417,0.5202968822980456
26112,LOF,0.03809528305565771,0.01836161208167487,0.9435431048626675
26113,LOF,0.053308910645646225,0.038607456465326324,0.9080836328890274
26114,LOF,0.020081663407709772,0.028603432549028446,0.9513149040432619
26115,LOF,0.09217611700206059,0.05333551268677093,0.8544883703111685
26116,LOF,0.04968330931937677,0.06659936264408048,0.8837173280365427
26117,LOF,0.32291286666896324,0.1373442860633308,0.5397428472677059
26118,LOF,0.04251621129089807,0.05882632516595308,0.8986574635431489
26119,LOF,0.024290208145210514,0.08398707177737275,0.8917227200774167
26120,LOF,0.033667038619808166,0.05291210765074305,0.9134208537294487
26121,LOF,0.052640325810837586,0.10782630494967409,0.8395333692394883
26122,LOF,0.05767088320324778,0.07075735744051627,0.8715717593562359
26123,LOF,0.03183748823247927,0.13103516910814297,0.8371273426593777
