feature0,prediction,LoGoFunc_Neutral,LoGoFunc_GOF,LoGoFunc_LOF
25546,Neutral,0.6363919853018043,0.05389401652438475,0.30971399817381084
25547,Neutral,0.506642456961695,0.090774802131419,0.40258274090688595
25548,Neutral,0.489306261676384,0.0785374889464581,0.43215624937715785
25549,LOF,0.42473797559901605,0.08233303250303597,0.4929289918979479
25550,LOF,0.37588485611452965,0.09570359567423241,0.528411548211238
25551,LOF,0.3186046568469736,0.10834814182096524,0.5730472013320611
25552,LOF,0.2826415533234693,0.11373627418601817,0.6036221724905125
25553,Neutral,0.7973561906576596,0.04676386656279571,0.15587994277954456
25554,LOF,0.32301042333222957,0.10517049237022146,0.571819084297549
25555,LOF,0.28066748473288095,0.0954447218294945,0.6238877934376246
25556,Neutral,0.4563781399983172,0.09439260722826863,0.4492292527734141
25557,LOF,0.27130033325101216,0.10389176702316727,0.6248078997258206
25558,LOF,0.3319489627680851,0.10069445252731651,0.5673565847045984
25559,LOF,0.24258134793290292,0.06578827053667158,0.6916303815304254
25560,LOF,0.11114749170522104,0.12752211786685194,0.761330390427927
25561,LOF,0.10984696831487316,0.1878049816403366,0.7023480500447903
25562,LOF,0.04430625460646823,0.09549436089372254,0.8601993844998091
25563,LOF,0.013829009622570835,0.14847117233655954,0.8376998180408697
25564,LOF,0.10426964570457553,0.09655586003515444,0.7991744942602701
25565,LOF,0.19639237550483674,0.13238397881508926,0.671223645680074
25566,GOF,0.06143470592774879,0.6383242420724865,0.3002410519997647
25567,LOF,0.035116941792778196,0.16274634675752947,0.8021367114496925
25568,LOF,0.05798503865551169,0.09162127293799635,0.850393688406492
25569,LOF,0.0652901510449759,0.08622762956451764,0.8484822193905065
25570,LOF,0.027875807954331585,0.12196925364774698,0.8501549383979214
25571,LOF,0.025408448503366682,0.12537773753988124,0.8492138139567522
25572,LOF,0.06991774963521813,0.1671255607194004,0.7629566896453814
25573,LOF,0.06634336283657763,0.11057787027279149,0.8230787668906309
25574,LOF,0.06682000986298071,0.21853514845552566,0.7146448416814937
25575,LOF,0.02307846915144765,0.13723562669944558,0.8396859041491068
25576,LOF,0.027469760971430897,0.19795231899010993,0.7745779200384592
25577,LOF,0.03323564985894008,0.1604434962433332,0.8063208538977268
25578,LOF,0.2959152398464034,0.10591238232971598,0.5981723778238807
25579,LOF,0.19545408640557319,0.10220556772681114,0.7023403458676157
25580,LOF,0.02221656124878079,0.08833652992786933,0.8894469088233499
25581,LOF,0.04948898680358222,0.09378920201311235,0.8567218111833054
25582,LOF,0.049141345392080524,0.09154164812475553,0.8593170064831639
25583,LOF,0.024634210926071057,0.10906502011033162,0.8663007689635973
25584,Neutral,0.7019304233743335,0.13734614334164572,0.16072343328402086
25585,LOF,0.021878076450329995,0.19526072448401746,0.7828611990656525
25586,LOF,0.01774622674775373,0.1026782146367683,0.8795755586154779
25587,LOF,0.018379766311374352,0.08577615689393016,0.8958440767946955
25588,LOF,0.021398323372337786,0.08949069278124752,0.8891109838464146
25589,Neutral,0.5184961206874906,0.24140220489973838,0.24010167441277097
25590,LOF,0.046373696133226075,0.14960396130605644,0.8040223425607175
25591,LOF,0.08396428337871104,0.07739294604335599,0.8386427705779329
25592,LOF,0.05396124485521196,0.16881103686656065,0.7772277182782273
25593,LOF,0.11953896428362205,0.2679429955460765,0.6125180401703014
25594,LOF,0.058518020447861134,0.06842663811456068,0.8730553414375782
25595,LOF,0.06367798120772344,0.042812781396137686,0.8935092373961389
25596,LOF,0.12717389019551942,0.025035903567640384,0.8477902062368402
25597,LOF,0.08732313606396332,0.029072849079960873,0.8836040148560758
25598,LOF,0.0579471526050445,0.05041010586971891,0.8916427415252367
25599,LOF,0.022918375240732546,0.3848687410900748,0.5922128836691928
25600,GOF,0.17250445372451975,0.41847147127510825,0.4090240750003721
25601,LOF,0.03839913659518821,0.31373289835895724,0.6478679650458546
25602,LOF,0.028129474840820495,0.07685168250152448,0.895018842657655
25603,LOF,0.0347355378864585,0.060208621502446505,0.905055840611095
25604,LOF,0.039649126563445755,0.09895694948548925,0.861393923951065
25605,LOF,0.02967455731088309,0.1967103568030817,0.7736150858860353
25606,LOF,0.4140023493073545,0.1526734292996552,0.4333242213929902
25607,LOF,0.02842294517470229,0.2209026132784915,0.7506744415468062
25608,LOF,0.03617836626294232,0.10527780714004355,0.8585438265970142
25609,GOF,0.13609330903875938,0.5211309385241156,0.342775752437125
25610,LOF,0.015180342854787634,0.055142596863028664,0.9296770602821837
25611,LOF,0.012942778121086863,0.06642889990676476,0.9206283219721484
25612,LOF,0.04550256609004513,0.06758798674771152,0.8869094471622434
25613,LOF,0.04379885716371678,0.06948153213834266,0.8867196106979407
25614,LOF,0.02274661030705565,0.051602810327664735,0.9256505793652796
25615,LOF,0.04056445197068577,0.06887067848517774,0.8905648695441365
25616,LOF,0.05228545930343222,0.06260055190926385,0.885113988787304
25617,LOF,0.0394845163115837,0.06963539798558012,0.8908800857028362
25618,LOF,0.050154144201598014,0.08749655668743289,0.862349299110969
25619,LOF,0.012413282677575148,0.06630557428691754,0.9212811430355073
25620,LOF,0.05150384008540315,0.0759424645237913,0.8725536953908056
25621,LOF,0.0579397899756953,0.059554663579865705,0.882505546444439
25622,LOF,0.0636439333866221,0.06985420002127363,0.8665018665921042
25623,LOF,0.0595333331169586,0.04918084781568307,0.8912858190673584
25624,LOF,0.019684659930111606,0.057903727935259344,0.922411612134629
25625,LOF,0.05868781322200414,0.06784747483788887,0.8734647119401069
25626,LOF,0.04478969136640683,0.06448511515622692,0.8907251934773663
25627,Neutral,0.8895237510073412,0.02351070918426264,0.0869655398083961
25628,LOF,0.15277342940511818,0.06046014543498089,0.786766425159901
25629,LOF,0.06827319146075143,0.06163913211481895,0.8700876764244296
25630,LOF,0.28237038823907035,0.0734134941593226,0.6442161176016069
25631,Neutral,0.5498159789524825,0.06398473505204197,0.38619928599547554
25632,LOF,0.02907598816135386,0.07519113949811157,0.8957328723405346
25633,LOF,0.21408867992693875,0.04447890416207287,0.7414324159109884
25634,LOF,0.04271813775454209,0.0922881068517782,0.8649937553936798
25635,LOF,0.03901889181774445,0.03971359777167962,0.921267510410576
25636,GOF,0.03957065386796868,0.507317350042324,0.45311199608970726
25637,GOF,0.05512402680109501,0.5186562627782952,0.4262197104206098
25638,LOF,0.03594934639475804,0.43570519363677024,0.5283454599684717
25639,LOF,0.031728134093169644,0.46704529408376977,0.5012265718230605
25640,Neutral,0.8619001721145212,0.0769735459431969,0.06112628194228188
25641,LOF,0.09413149988015757,0.42993087014749887,0.47593762997234357
25642,LOF,0.06962651358483996,0.1742867157334235,0.7560867706817366
25643,LOF,0.222501687064539,0.15718490346478747,0.6203134094706735
25644,GOF,0.009627265834743916,0.6060960659312459,0.38427666823401024
25645,GOF,0.012105697638939497,0.582942936591018,0.40495136577004237
25646,LOF,0.037478245580213045,0.4089766138909008,0.5535451405288861
25647,LOF,0.012870209283372588,0.32262357112910406,0.6645062195875234
25648,LOF,0.01477148668525716,0.3958603542201836,0.5893681590945591
25649,LOF,0.00888262189606476,0.3253014194641883,0.6658159586397469
25650,GOF,0.02346036513565286,0.5831259770980596,0.3934136577662876
25651,LOF,0.00933219722859796,0.4222075554812754,0.5684602472901266
25652,LOF,0.016569043093881436,0.40942710135415683,0.5740038555519618
25653,GOF,0.0408447388220629,0.5773602807773278,0.38179498040060933
25654,LOF,0.010155652930018466,0.3298363281206886,0.660008018949293
25655,GOF,0.12908107360172735,0.6055779322128353,0.2653409941854372
25656,LOF,0.3670644715441365,0.11698149871488348,0.5159540297409799
25657,LOF,0.053758414244622944,0.1160106581602837,0.8302309275950934
25658,LOF,0.3390676749123149,0.1450043726823503,0.5159279524053348
25659,Neutral,0.4285836527138964,0.15826210609747215,0.4131542411886315
25660,LOF,0.021459616901494793,0.11747548317971875,0.8610648999187864
25661,LOF,0.08360418084537541,0.06981268896689852,0.846583130187726
25662,LOF,0.03314475065402746,0.03552596246720073,0.9313292868787717
25663,LOF,0.038085376572402324,0.04406889110501238,0.9178457323225853
25664,LOF,0.12406518979131764,0.07079990942744323,0.8051349007812391
25665,LOF,0.06010557003032244,0.033187693778319635,0.906706736191358
25666,LOF,0.08880833672271686,0.07733171223988926,0.8338599510373939
25667,LOF,0.07065361712601431,0.05381561650623838,0.8755307663677473
25668,LOF,0.03518078849196967,0.06074428802921247,0.9040749234788178
25669,LOF,0.02775710542923804,0.057365044098068474,0.9148778504726935
25670,LOF,0.12098172827197436,0.07015422817160835,0.8088640435564173
25671,LOF,0.10556848893928299,0.04213638927525884,0.8522951217854582
25672,LOF,0.05037838646952614,0.048008468958878725,0.9016131445715952
25673,LOF,0.08548711858406521,0.051720913715973184,0.8627919676999616
25674,LOF,0.07123738880732543,0.06461377734412688,0.8641488338485478
25675,LOF,0.11471001789953282,0.07580900823775168,0.8094809738627156
25676,LOF,0.017501790165198056,0.059179985857889195,0.9233182239769128
25677,LOF,0.02163752043940661,0.07615421843301427,0.9022082611275791
25678,LOF,0.201284142177164,0.09131195756099154,0.7074039002618444
25679,LOF,0.12039144326878871,0.09430298952580131,0.7853055672054099
25680,LOF,0.030274818531219768,0.12471458496322528,0.845010596505555
25681,LOF,0.04693036037755234,0.120974091352974,0.8320955482694736
25682,LOF,0.12758394121745714,0.09251276190699599,0.7799032968755469
25683,LOF,0.11912874767554367,0.10183841314167387,0.7790328391827824
25684,LOF,0.03474032554262385,0.07636366400339265,0.8888960104539834
25685,LOF,0.11438155870801302,0.07308360735692249,0.8125348339350644
25686,LOF,0.07938980490013789,0.11803560042338593,0.8025745946764762
25687,LOF,0.11694798652128151,0.1186271624722719,0.7644248510064467
25688,LOF,0.4210774896664864,0.0441767212364979,0.5347457890970158
25689,LOF,0.29427902133877115,0.04275112555872754,0.6629698531025013
25690,LOF,0.3399800359839843,0.03257560516560274,0.627444358850413
25691,Neutral,0.7105739924958874,0.027846212130551433,0.2615797953735612
25692,LOF,0.332337979310387,0.011466028669714157,0.6561959920198989
25693,LOF,0.03889270396850471,0.4228840908426934,0.5382232051888018
25694,LOF,0.11511521972970944,0.018408503220908205,0.8664762770493825
25695,LOF,0.10925124729686365,0.012174608786865307,0.878574143916271
25696,LOF,0.13750671302839085,0.01083705250141908,0.8516562344701901
25697,LOF,0.06814954441778098,0.1357661503169584,0.7960843052652606
25698,LOF,0.29802272241742067,0.204019932165621,0.49795734541695835
25699,LOF,0.4679241987538845,0.04036613039219336,0.49170967085392225
25700,LOF,0.0894459003278005,0.014145975484716551,0.896408124187483
25701,LOF,0.19138512978509437,0.05107842091819869,0.7575364492967069
25702,GOF,0.19308300142271187,0.6230251458125384,0.18389185276474976
25703,LOF,0.01879306143741594,0.16302924159256488,0.8181776969700191
25704,LOF,0.04103133906149167,0.1565957099014865,0.8023729510370219
25705,LOF,0.03794460394152261,0.10046712565926436,0.861588270399213
25706,LOF,0.16099932954073914,0.2886373400929318,0.550363330366329
25707,LOF,0.11226253987367993,0.21400748359257338,0.6737299765337467
25708,LOF,0.05267889857313207,0.20138610880735563,0.7459349926195123
25709,LOF,0.06003048908907879,0.03305874347653459,0.9069107674343866
25710,LOF,0.013462159467455298,0.11046393161423027,0.8760739089183144
25711,LOF,0.019757419137941604,0.07112775130680016,0.9091148295552582
25712,LOF,0.01653890144614187,0.14957209126965787,0.8338890072842003
25713,LOF,0.01756704693826674,0.07564543728564237,0.906787515776091
25714,LOF,0.07498767653806192,0.056176732107577204,0.8688355913543608
25715,LOF,0.011214979141077951,0.11152364894714495,0.8772613719117771
25716,LOF,0.012525960504365816,0.0863591707733779,0.9011148687222563
25717,LOF,0.01555949612791519,0.07188485025229252,0.9125556536197924
25718,LOF,0.010864184559265307,0.0711379450522112,0.9179978703885234
25719,LOF,0.020188451777567333,0.06683670732497198,0.9129748408974606
25720,LOF,0.023654317919551523,0.055674422771946286,0.9206712593085022
25721,LOF,0.013089969864771463,0.09389826256638974,0.8930117675688388
25722,LOF,0.013522103407311806,0.08396075415298285,0.9025171424397054
25723,LOF,0.024095288688337175,0.03719629907045137,0.9387084122412115
25724,LOF,0.03351130353561088,0.06671596588126379,0.8997727305831253
25725,LOF,0.011220357811514788,0.060433419761178234,0.9283462224273071
25726,LOF,0.01570373887785223,0.08045307436254634,0.9038431867596015
25727,LOF,0.012227894002844696,0.06387823775534941,0.9238938682418059
25728,LOF,0.009583545727634974,0.08060889274934782,0.9098075615230172
25729,LOF,0.009952238600835307,0.08096172763013548,0.9090860337690292
25730,LOF,0.013463393820406622,0.07575001533806247,0.910786590841531
25731,LOF,0.02174108740950987,0.06931788910257049,0.9089410234879197
25732,LOF,0.013792617914352021,0.047132330711655505,0.9390750513739924
25733,LOF,0.016609783559853472,0.052488946266402124,0.9309012701737444
25734,LOF,0.013190129819738512,0.08972979138076694,0.8970800787994946
25735,LOF,0.011175437414563802,0.06660095628290191,0.9222236063025343
25736,LOF,0.012220035176891566,0.07530760350308097,0.9124723613200275
25737,LOF,0.011721751437219903,0.0719236990954168,0.9163545494673634
25738,LOF,0.011491680206690193,0.07888603068072479,0.9096222891125849
25739,LOF,0.01998519029807147,0.05884100989880151,0.921173799803127
25740,LOF,0.027118622864979562,0.08392980179671923,0.8889515753383012
25741,LOF,0.015328079380359166,0.08589452007733893,0.8987774005423018
25742,LOF,0.11476867880507971,0.059662839345209814,0.8255684818497105
25743,LOF,0.03998564836958109,0.04779770795862013,0.9122166436717988
25744,Neutral,0.6306943796741561,0.22071197590827166,0.14859364441757225
25745,LOF,0.06334191659527867,0.07552389999316907,0.8611341834115522
25746,LOF,0.03979024962375842,0.09898787598917544,0.8612218743870661
25747,LOF,0.02408446942430557,0.07729013290231614,0.8986253976733782
25748,LOF,0.13064641593789414,0.13084380624493713,0.7385097778171686
25749,LOF,0.027545605986869046,0.09717140789435567,0.8752829861187752
25750,LOF,0.07413414210904294,0.10397552742358702,0.82189033046737
25751,LOF,0.09329115551206521,0.13393506725382434,0.7727737772341104
25752,GOF,0.11555388661782005,0.6404192268748484,0.2440268865073315
25753,LOF,0.029780706863335896,0.31446174906505664,0.6557575440716075
25754,GOF,0.014780540155817484,0.7928846289537985,0.19233483089038392
25755,LOF,0.02971040010410381,0.3944994181270512,0.575790181768845
25756,LOF,0.050794525306156996,0.37723096765821296,0.57197450703563
25757,GOF,0.02071535582823475,0.8616046664447043,0.11767997772706096
25758,GOF,0.02877106964823304,0.809991905660265,0.16123702469150195
25759,GOF,0.012097509900768707,0.6142787158332657,0.37362377426596566
25760,LOF,0.016949538478951132,0.3083522186252795,0.6746982428957693
25761,GOF,0.29532841199521614,0.6161211185481779,0.08855046945660594
25762,LOF,0.04599751316257864,0.31386532190874,0.6401371649286813
25763,LOF,0.015655398527333192,0.21417966086759652,0.7701649406050703
25764,GOF,0.0724172667901943,0.6461937401533842,0.2813889930564217
25765,GOF,0.03821555873050578,0.7577034890327357,0.20408095223675868
25766,GOF,0.06952854013849653,0.7869440146922579,0.14352744516924565
25767,GOF,0.1451853829685098,0.5385377261540053,0.31627689087748495
25768,LOF,0.09756512236534727,0.05834721756554522,0.8440876600691075
25769,LOF,0.04750398506857585,0.08314348655423985,0.8693525283771844
25770,LOF,0.30914372136332235,0.12605779019949798,0.5647984884371797
25771,LOF,0.0468067288352173,0.060826100349449325,0.8923671708153335
25772,LOF,0.017379347254309806,0.057899911600468305,0.9247207411452218
25773,LOF,0.048622956998099376,0.0945974016904021,0.8567796413114985
25774,LOF,0.02678519437905374,0.12272282261970831,0.850491983001238
25775,LOF,0.052491599857448376,0.05962230613304184,0.8878860940095099
25776,LOF,0.06412483119507255,0.034319313580329504,0.901555855224598
25777,LOF,0.32051993818634633,0.09767447082382348,0.5818055909898301
25778,LOF,0.06281360467703638,0.055995290421851605,0.8811911049011119
25779,GOF,0.4068758290612489,0.5395923301957715,0.053531840742979564
25780,GOF,0.36274447097692086,0.5623489061553993,0.07490662286767978
25781,GOF,0.13250503014345216,0.7521294983433581,0.1153654715131897
25782,GOF,0.21062451105956173,0.704216358686722,0.08515913025371624
25783,GOF,0.025977741129809006,0.6434687026144419,0.3305535562557491
25784,Neutral,0.5421042480237271,0.4160575747471329,0.04183817722913983
25785,Neutral,0.5188407427540384,0.4302364002178655,0.050922857028096076
25786,GOF,0.038091721783594976,0.7377397119925725,0.22416856622383244
25787,Neutral,0.6962362330453739,0.27586211788831444,0.027901649066311814
25788,LOF,0.06428221310144937,0.08085800934667188,0.8548597775518788
25789,GOF,0.21802377398891584,0.6217208718595373,0.16025535415154682
25790,GOF,0.26838301462268044,0.6398820750420383,0.0917349103352813
25791,GOF,0.17679035038358482,0.6702351278230803,0.152974521793335
25792,GOF,0.3958247410206948,0.4921808140163822,0.11199444496292313
25793,GOF,0.30693481739318845,0.48027108830704907,0.21279409429976268
25794,GOF,0.3527723359242477,0.4628170577307284,0.18441060634502388
25795,GOF,0.07948253578006753,0.6703220402294003,0.2501954239905321
25796,Neutral,0.5551031011484979,0.3681888958674557,0.07670800298404641
25797,GOF,0.09543164789317299,0.5342504636364337,0.37031788847039343
25798,LOF,0.01120323155701759,0.4942754556272854,0.4945213128156971
25799,LOF,0.008672372961237101,0.40232700003235555,0.5890006270064074
25800,GOF,0.04634144133652204,0.5692083141606435,0.3844502445028343
25801,GOF,0.24582707291842848,0.6465270510284988,0.10764587605307263
25802,GOF,0.06863281198593067,0.683404381253455,0.24796280676061425
25803,GOF,0.04535598744264639,0.5762815896047292,0.37836242295262434
25804,GOF,0.04363618175749702,0.5135703993686767,0.4427934188738263
25805,GOF,0.13874261945715466,0.5873676322924501,0.2738897482503952
25806,GOF,0.14434534268482996,0.5886780302155352,0.2669766270996348
25807,GOF,0.023316330465227506,0.6230252445596769,0.35365842497509553
25808,GOF,0.12352088923319499,0.5715782235198966,0.3049008872469085
25809,GOF,0.02322735501487722,0.634540430018914,0.3422322149662087
25810,GOF,0.022318769032217398,0.6328436191630643,0.3448376118047184
25811,Neutral,0.5293527361162952,0.4086616420894763,0.06198562179422855
25812,GOF,0.045383221352867466,0.6006227130749489,0.3539940655721836
25813,Neutral,0.6034969663199091,0.2933290101183192,0.10317402356177172
25814,GOF,0.15275794871638076,0.6184125073611875,0.2288295439224317
25815,GOF,0.24481216933053135,0.5605589783594833,0.19462885230998547
25816,GOF,0.02285573756655727,0.6524687605025481,0.32467550193089467
25817,GOF,0.27062423596867696,0.6067624026340885,0.1226133613972345
25818,GOF,0.05765082536086877,0.5569925496625048,0.38535662497662654
25819,GOF,0.4074352794200189,0.43226354236092646,0.16030117821905474
25820,GOF,0.20143171099473584,0.5759778116062932,0.22259047739897092
25821,GOF,0.06797384710005383,0.6387731626581987,0.2932529902417474
25822,GOF,0.25045699721443165,0.5127811918206286,0.23676181096493956
25823,GOF,0.03828727484316165,0.4835112784421155,0.478201446714723
25824,GOF,0.09669883799624986,0.5121056716637747,0.3911954903399754
25825,GOF,0.036665566609132456,0.5218531388827622,0.44148129450810525
25826,GOF,0.01321736813895791,0.5038065241611934,0.4829761076998487
25827,GOF,0.027911507604605125,0.5619036032723341,0.4101848891230608
25828,LOF,0.01792177550511443,0.4815323172304621,0.5005459072644235
25829,GOF,0.007481540016896511,0.5072658657564141,0.4852525942266894
25830,LOF,0.04490689288047174,0.25835654750105136,0.6967365596184769
25831,GOF,0.19486098460276802,0.6855755999450082,0.11956341545222389
25832,GOF,0.04015052586136723,0.6727993763074117,0.28705009783122104
25833,GOF,0.14783457849944717,0.6696075220265102,0.18255789947404247
25834,GOF,0.046297786899870734,0.6682287606109122,0.285473452489217
25835,GOF,0.11129828169873926,0.6614641342257249,0.2272375840755358
25836,GOF,0.05169228539262092,0.6286345199754864,0.3196731946318927
25837,GOF,0.023346363142317125,0.5077456724442535,0.46890796441342936
25838,GOF,0.08983284433196848,0.7243730324792022,0.18579412318882946
25839,GOF,0.3370380909162375,0.5215375098888889,0.14142439919487362
25840,GOF,0.2548301658282458,0.5635496393566407,0.18162019481511352
25841,GOF,0.26022746927800555,0.5593630973219064,0.18040943340008805
25842,GOF,0.21562662480734354,0.6183734858795396,0.165999889313117
25843,GOF,0.24169824373883406,0.631955249232173,0.12634650702899297
25844,GOF,0.06986144847671867,0.6463499691879262,0.2837885823353552
25845,LOF,0.015439780430680802,0.4623849738862125,0.5221752456831067
25846,GOF,0.11489237326227474,0.6987354501263806,0.1863721766113448
25847,GOF,0.14423640620748035,0.7167673597044762,0.13899623408804335
25848,GOF,0.0394963406397217,0.6458883811694942,0.314615278190784
25849,GOF,0.011563670671286412,0.543626720745153,0.4448096085835606
25850,GOF,0.02465968367888076,0.6321338808231404,0.34320643549797897
25851,GOF,0.019768524990811203,0.5267010560760278,0.453530418933161
25852,GOF,0.20779172999617007,0.5105987578667187,0.28160951213711116
25853,GOF,0.3493970072229311,0.5749503416751987,0.07565265110187022
25854,GOF,0.022223330651327464,0.5802403348106691,0.39753633453800347
25855,GOF,0.043954380475714094,0.5356007507810575,0.42044486874322834
25856,GOF,0.2523472724395593,0.5129799593374553,0.23467276822298533
25857,LOF,0.04029602895156925,0.4422111715500885,0.5174927994983423
25858,GOF,0.022202388024133338,0.5328940333958747,0.444903578579992
25859,GOF,0.012387581480254603,0.5188524195431314,0.468759998976614
25860,GOF,0.39606044526164513,0.505882036342662,0.09805751839569274
25861,GOF,0.4150523812083415,0.5045019956639961,0.08044562312766236
25862,GOF,0.09139964924523987,0.769611220355087,0.13898913039967306
25863,GOF,0.0952233019730755,0.7778452262025657,0.1269314718243589
25864,GOF,0.21541957222430866,0.7093668242573723,0.07521360351831892
25865,GOF,0.0954414500455689,0.7719010949047149,0.13265745504971632
25866,GOF,0.07393765520694602,0.800391299548356,0.12567104524469808
25867,GOF,0.10151107624735571,0.7947014016722024,0.10378752208044181
25868,GOF,0.33196090930757516,0.5631115360631954,0.10492755462922941
25869,Neutral,0.7242555044745039,0.22985695033706355,0.04588754518843261
25870,LOF,0.3478821321908566,0.2193660532178179,0.43275181459132545
25871,GOF,0.25708244980508194,0.5918240550658844,0.15109349512903378
25872,GOF,0.09680815086651429,0.6308604683170281,0.2723313808164576
25873,GOF,0.1660332396194237,0.6371865454261599,0.19678021495441625
25874,LOF,0.024695490696837182,0.10406274808214606,0.8712417612210167
25875,LOF,0.09118777414910094,0.058933370162654146,0.849878855688245
25876,LOF,0.029608064466639404,0.05670664807600194,0.9136852874573586
25877,Neutral,0.5522647862576974,0.06842097723739865,0.3793142365049041
25878,LOF,0.2483382949543686,0.11287672126788133,0.6387849837777502
25879,LOF,0.08558327026740749,0.11727303194626355,0.7971436977863291
25880,LOF,0.023960149190151214,0.0311350574686007,0.9449047933412482
25881,LOF,0.18716199728980867,0.13822561009560255,0.6746123926145888
25882,LOF,0.07118735604785462,0.019063603659769515,0.9097490402923759
25883,LOF,0.07584157185603761,0.02641982854718491,0.8977385995967776
25884,LOF,0.042064765788946606,0.04274073412206096,0.9151945000889924
25885,LOF,0.0631954125202489,0.015371288942721275,0.9214332985370297
25886,LOF,0.3076038001578399,0.04689924226809403,0.6454969575740661
25887,LOF,0.17261956357858355,0.08622200299588374,0.7411584334255328
25888,LOF,0.07100271416612648,0.08198927544535016,0.8470080103885232
25889,LOF,0.050666498223928824,0.026911031843822594,0.9224224699322486
25890,LOF,0.04669878166247963,0.13367581315134675,0.8196254051861737
25891,LOF,0.03735114204115518,0.06510707949296288,0.8975417784658819
25892,LOF,0.1142704995973641,0.021837810906252784,0.8638916894963832
25893,LOF,0.2775502082550521,0.017774872962899767,0.7046749187820481
25894,LOF,0.18242303737610963,0.009485847366342138,0.8080911152575483
25895,LOF,0.20950099117010987,0.02168285247439946,0.7688161563554907
25896,LOF,0.05094824545594718,0.02774092613619237,0.9213108284078606
25897,LOF,0.24242441698505657,0.015603036940605232,0.7419725460743382
25898,Neutral,0.7365770727098943,0.010691698546043496,0.25273122874406223
25899,LOF,0.2649418345338281,0.03230749908952731,0.7027506663766446
25900,LOF,0.45548938194923344,0.01619381514507737,0.5283168029056892
25901,LOF,0.06256642206638321,0.014156575597162976,0.9232770023364538
25902,LOF,0.18888309612812176,0.011831796011921617,0.7992851078599567
25903,LOF,0.48316275267385767,0.03177915410781734,0.485058093218325
25904,LOF,0.2784659366387364,0.06221486247404252,0.6593192008872211
25905,LOF,0.026469422376072863,0.315629709299042,0.6579008683248851
25906,LOF,0.02154254586581438,0.06091381792328765,0.9175436362108981
25907,LOF,0.014203734934003065,0.3217801592472883,0.6640161058187086
25908,LOF,0.011358688311841501,0.21960087855872673,0.7690404331294318
25909,LOF,0.014098154531054034,0.1287128853447524,0.8571889601241935
25910,LOF,0.048691070091691116,0.11052672130127078,0.8407822086070381
25911,LOF,0.14891269394632706,0.02458171659501415,0.8265055894586589
25912,LOF,0.045100690193254675,0.04567675847965266,0.9092225513270926
25913,LOF,0.27851708644606654,0.019204530031179886,0.7022783835227536
25914,LOF,0.025390084244142488,0.11513876216549099,0.8594711535903665
25915,Neutral,0.4412822454717787,0.26581038690808473,0.2929073676201366
25916,LOF,0.06704034485966207,0.28199961507307936,0.6509600400672586
25917,LOF,0.06467954805560107,0.05925016101271742,0.8760702909316814
25918,LOF,0.03459986392507124,0.06312382260703873,0.9022763134678901
25919,LOF,0.0275333252205386,0.06744958099232097,0.9050170937871403
25920,GOF,0.07702005209676437,0.526019252161328,0.3969606957419075
25921,LOF,0.03361700307616418,0.020919004740485515,0.9454639921833504
25922,LOF,0.04415504411481574,0.01406182899759783,0.9417831268875865
25923,LOF,0.3976160572930351,0.017390203512394956,0.5849937391945699
25924,LOF,0.042847791260395535,0.028312551388397042,0.9288396573512075
25925,LOF,0.06938152877981903,0.02633061694560913,0.9042878542745719
25926,LOF,0.049764962930092006,0.020638665514515434,0.9295963715553927
25927,LOF,0.07576483208227092,0.06268749619745295,0.8615476717202761
25928,LOF,0.02412120355314667,0.030585396845335025,0.9452933996015184
25929,Neutral,0.5254032369159288,0.01880111127497998,0.45579565180909115
25930,LOF,0.05653218804843373,0.013735565488944935,0.9297322464626214
25931,LOF,0.033372082853551886,0.019446655120141237,0.9471812620263068
25932,LOF,0.029358096429571084,0.016332927854693553,0.9543089757157354
25933,LOF,0.038959065582600705,0.009774311263005566,0.9512666231543936
25934,LOF,0.02535317255594735,0.01151325939414581,0.9631335680499069
25935,LOF,0.06711206536149152,0.034141719205765274,0.8987462154327431
25936,LOF,0.04888828200721727,0.014502537680148333,0.9366091803126343
25937,LOF,0.030224592026857403,0.02692155179957733,0.9428538561735652
25938,LOF,0.06403542473222673,0.036770092518323576,0.8991944827494496
25939,LOF,0.03990539852659052,0.00993231381502567,0.9501622876583837
25940,LOF,0.027837785678797935,0.3533868544929146,0.6187753598282875
25941,LOF,0.16624132085821333,0.08258647015580764,0.7511722089859789
25942,LOF,0.017529499576317626,0.03845987327983454,0.944010627143848
25943,LOF,0.32086379410351273,0.059750955151639765,0.6193852507448474
25944,LOF,0.4673643418492718,0.033906051609872305,0.498729606540856
25945,LOF,0.07554735042069602,0.026234198077662838,0.8982184515016411
25946,LOF,0.028486358426426304,0.12021011532606195,0.8513035262475118
25947,LOF,0.11315162475710429,0.17455345753512225,0.7122949177077735
25948,LOF,0.43750668801997167,0.01972538755105994,0.5427679244289685
25949,LOF,0.10104019564090856,0.08004719615347604,0.8189126082056154
25950,GOF,0.2892713418824091,0.37497710426253805,0.33575155385505273
25951,LOF,0.2431679889975014,0.21735644566400128,0.5394755653384974
25952,LOF,0.05588158306727837,0.42573981688488444,0.5183786000478372
25953,LOF,0.13672773630794613,0.10092226158848656,0.7623500021035673
25954,Neutral,0.4386273046262227,0.16728778584555368,0.3940849095282236
25955,LOF,0.07005930232390369,0.07863434534251156,0.8513063523335848
25956,LOF,0.18024891991327607,0.09213757822217873,0.7276135018645453
25957,LOF,0.04037737453806148,0.03015472914207772,0.9294678963198608
25958,LOF,0.0532290097411263,0.0304872146444515,0.9162837756144221
25959,LOF,0.06735951997355913,0.3425093794559296,0.5901311005705113
25960,LOF,0.021781067577123985,0.061911476262335556,0.9163074561605405
25961,LOF,0.04638233763746461,0.038124535477198206,0.9154931268853372
25962,LOF,0.06258289914418658,0.04065934012991059,0.8967577607259029
25963,LOF,0.04875825009525102,0.18319577466059545,0.7680459752441535
25964,LOF,0.03198654266612907,0.15201633946495374,0.815997117868917
25965,LOF,0.45310211194974187,0.07849611460075495,0.4684017734495031
25966,Neutral,0.43649698717378405,0.1557024638163554,0.4078005490098606
25967,LOF,0.012830723900129485,0.07588037710231302,0.9112888989975574
25968,GOF,0.03199835647095035,0.5046120655861236,0.4633895779429261
25969,LOF,0.023895786684442505,0.06648598013240567,0.9096182331831518
25970,LOF,0.058549421333129736,0.06495115312861638,0.8764994255382538
25971,LOF,0.07716483147601363,0.018377061641295087,0.9044581068826912
25972,LOF,0.08368487944865818,0.02875762065072277,0.8875574999006189
25973,LOF,0.09457165636716511,0.00885423455520952,0.8965741090776252
25974,LOF,0.22389410316262437,0.022414643103599995,0.7536912537337757
25975,LOF,0.050482158326193,0.03158060627251191,0.9179372354012951
25976,LOF,0.046832408808453144,0.01983352871056353,0.9333340624809833
25977,LOF,0.15016103843834702,0.09238315892228303,0.75745580263937
25978,LOF,0.10916081689959194,0.07814887057166565,0.8126903125287425
25979,LOF,0.11273594646168693,0.0747261789911118,0.8125378745472013
25980,LOF,0.140186617126741,0.09603457740120702,0.7637788054720519
25981,LOF,0.17062512880892752,0.09299192836772341,0.7363829428233489
25982,LOF,0.3562278334726362,0.0605962659720992,0.5831759005552647
25983,LOF,0.3443080791153471,0.057886581961439997,0.5978053389232129
25984,LOF,0.04887578822540898,0.08111321786903108,0.8700109939055599
25985,LOF,0.024525335267038616,0.2593092687246141,0.7161653960083474
25986,LOF,0.03397002127200946,0.28569799262949835,0.6803319860984922
25987,LOF,0.08982403083575978,0.08720845202060173,0.8229675171436386
25988,LOF,0.11741253203807804,0.07563954770021149,0.8069479202617105
25989,LOF,0.02758097374376681,0.14575151965631442,0.8266675065999188
25990,LOF,0.03377702246193815,0.16444281479199646,0.8017801627460653
25991,LOF,0.17475513408096172,0.40622827430722336,0.419016591611815
25992,LOF,0.358807351295151,0.25321151032514827,0.38798113837970066
25993,LOF,0.023597073662975872,0.08793413940345327,0.8884687869335708
25994,LOF,0.016719426123386123,0.1347837214404469,0.848496852436167
25995,LOF,0.0245632558837076,0.2286036583380993,0.7468330857781931
25996,GOF,0.2370630018127557,0.5947731017525213,0.1681638964347231
25997,GOF,0.0889243220471005,0.5802804127216455,0.330795265231254
25998,Neutral,0.5474009381334285,0.01339295465768386,0.4392061072088875
25999,LOF,0.13221814413426358,0.13061427906455064,0.7371675768011858
26000,LOF,0.1713554693779641,0.03321275014211614,0.7954317804799198
26001,LOF,0.19682133213130204,0.04206220222829976,0.7611164656403981
26002,LOF,0.15512302034599207,0.03810102235165077,0.8067759573023572
26003,GOF,0.00805115864729743,0.6669572971700052,0.32499154418269743
26004,GOF,0.020538285174071802,0.7260851059491551,0.25337660887677316
26005,GOF,0.007863537747702065,0.5503553578232353,0.44178110442906265
26006,Neutral,0.4962524451464933,0.30043919600761043,0.20330835884589626
26007,GOF,0.01773906491566538,0.6009162687342833,0.3813446663500513
26008,GOF,0.016751895400332607,0.6361013191000298,0.3471467854996377
26009,GOF,0.020974350132381143,0.6622454632519291,0.3167801866156898
26010,GOF,0.02317716421316633,0.6803524105998288,0.29647042518700495
26011,GOF,0.00731326997710025,0.5306055372705025,0.46208119275239723
26012,GOF,0.014300473709166258,0.6151099703296675,0.37058955596116616
26013,GOF,0.0165810905105139,0.6657004958801728,0.31771841360931324
26014,LOF,0.05007893280544066,0.17616500135044091,0.7737560658441184
26015,LOF,0.21238681928943884,0.01469108444580501,0.7729220962647562
26016,LOF,0.23533089274896574,0.06271936009036938,0.7019497471606649
26017,LOF,0.18563009558638163,0.10062495002086598,0.7137449543927524
26018,LOF,0.08885961414582287,0.06797119002677066,0.8431691958274065
26019,LOF,0.08455167773798669,0.04741126907574778,0.8680370531862655
26020,LOF,0.05864182510589252,0.13799210992574323,0.8033660649683643
26021,LOF,0.04945943930911179,0.15707825595312272,0.7934623047377656
26022,LOF,0.012450143254759849,0.07621440827486518,0.911335448470375
26023,LOF,0.1207254069646564,0.04298162477660934,0.8362929682587342
26024,LOF,0.029222344990695787,0.140409210282153,0.8303684447271513
26025,LOF,0.1617719220043323,0.12309282810007108,0.7151352498955966
26026,LOF,0.3106796804900128,0.02595440582607463,0.6633659136839125
26027,LOF,0.08717866709361932,0.034803131622100955,0.8780182012842797
26028,LOF,0.15508700576249254,0.09824439123668235,0.746668603000825
26029,LOF,0.07995115855378518,0.13735356561979944,0.7826952758264154
26030,LOF,0.027395931072288198,0.050368445256963455,0.9222356236707484
26031,LOF,0.03455219666822099,0.10909976792182069,0.8563480354099583
26032,LOF,0.0727750519901645,0.049597503064602935,0.8776274449452326
26033,LOF,0.13413719931613555,0.05825356794572745,0.807609232738137
26034,LOF,0.04771664373601321,0.1144251272677293,0.8378582289962575
26035,LOF,0.034135007107651494,0.09934081831391545,0.8665241745784331
26036,LOF,0.04953400019401285,0.12008924162206273,0.8303767581839243
26037,LOF,0.028863380979808045,0.08436597689566815,0.8867706421245238
26038,LOF,0.0702082482066017,0.04841132519622849,0.8813804265971698
26039,LOF,0.0663319051218326,0.1058644218103396,0.8278036730678279
26040,LOF,0.22788899764197124,0.08190936613072355,0.6902016362273052
26041,LOF,0.02834233473382134,0.07796767646816295,0.8936899887980156
26042,LOF,0.027885961091789608,0.08060327122644984,0.8915107676817605
26043,LOF,0.06896346026386624,0.06123360061800297,0.8698029391181308
26044,LOF,0.02291297709218802,0.060426856067251594,0.9166601668405603
26045,LOF,0.08280806556565548,0.07861184658518298,0.8385800878491616
26046,LOF,0.07215666786665915,0.06325703475079276,0.8645862973825482
26047,LOF,0.10573325980938425,0.07314372736781209,0.8211230128228036
26048,LOF,0.054944684987847936,0.05535621933092745,0.8896990956812245
26049,Neutral,0.9539564618929777,0.0074843683400195584,0.0385591697670027
26050,Neutral,0.9325638556441807,0.008262336188058892,0.05917380816776042
26051,LOF,0.047916124081897334,0.33376891832496985,0.6183149575931327
26052,LOF,0.08667160647644777,0.3120567217370552,0.6012716717864972
26053,LOF,0.05824560832495683,0.16732006628369686,0.7744343253913463
26054,LOF,0.061172685805508976,0.03332196123993615,0.9055053529545548
26055,LOF,0.07162082940124027,0.024318853918613312,0.9040603166801464
26056,LOF,0.0605626793330899,0.029523347466009257,0.9099139732009008
26057,LOF,0.032422392980635206,0.015296507557536192,0.9522810994618285
26058,LOF,0.03243184518654975,0.01320105964208306,0.9543670951713673
26059,LOF,0.2807112090434859,0.04067033434352853,0.6786184566129855
26060,LOF,0.03090059750363333,0.25160729731350084,0.7174921051828659
26061,LOF,0.01873499704055727,0.016626731951066096,0.9646382710083766
26062,LOF,0.011268442110416816,0.025778062834649004,0.9629534950549341
26063,LOF,0.022276853196260462,0.0156910295424259,0.9620321172613138
26064,LOF,0.02554706622029192,0.023855281645350192,0.9505976521343579
26065,LOF,0.025539902153847317,0.01651653475044183,0.9579435630957109
26066,LOF,0.020740896964442007,0.015476574580952326,0.9637825284546057
26067,LOF,0.027368304562759786,0.010795607488974276,0.9618360879482659
26068,LOF,0.04854145600552038,0.05370398198711478,0.8977545620073648
26069,LOF,0.267926878496074,0.033022445076363614,0.6990506764275625
26070,LOF,0.38700885174385546,0.02321632407131188,0.5897748241848327
26071,LOF,0.02287651733948496,0.017298743947945647,0.9598247387125695
26072,LOF,0.02363891382056677,0.023498383666783407,0.9528627025126498
26073,LOF,0.024449100434155657,0.01636489028933676,0.9591860092765075
26074,Neutral,0.9097147423904867,0.007719022074158386,0.08256623553535485
26075,LOF,0.044296605007243126,0.0234427262549269,0.9322606687378299
26076,LOF,0.04596070332238778,0.01183658420445513,0.942202712473157
26077,LOF,0.009471508544869032,0.02250081696702418,0.9680276744881068
26078,LOF,0.014689598172681057,0.0157406342068703,0.9695697676204487
26079,LOF,0.05622147393146387,0.02965843453484959,0.9141200915336866
26080,LOF,0.05475802893795173,0.029703871588488945,0.9155380994735592
26081,LOF,0.03812444666049715,0.009526116527136795,0.9523494368123661
26082,LOF,0.018199699730301926,0.023778884574573916,0.9580214156951241
26083,LOF,0.13639983623146712,0.018674986215369654,0.8449251775531633
26084,LOF,0.02777220804312129,0.01806590843706965,0.9541618835198091
26085,LOF,0.022386539380992526,0.01706969907712992,0.9605437615418776
26086,LOF,0.025000501298651813,0.015691003022652146,0.959308495678696
26087,LOF,0.024875412841945943,0.010273072373985847,0.9648515147840682
26088,LOF,0.018426655726993073,0.028076772932182862,0.953496571340824
26089,LOF,0.04658796898210929,0.035311813754340005,0.9181002172635507
26090,LOF,0.045744878891442985,0.027447977750622025,0.926807143357935
26091,LOF,0.04271617589157412,0.008790284370552666,0.9484935397378732
26092,LOF,0.02669813210333716,0.012437092815275465,0.9608647750813875
26093,LOF,0.03765238241911486,0.008686856883647011,0.953660760697238
26094,LOF,0.04047518808043929,0.009582317492666519,0.9499424944268942
26095,LOF,0.05626236451675753,0.022555913981203605,0.9211817215020389
26096,LOF,0.01957190828995394,0.01752601337537105,0.9629020783346751
26097,LOF,0.009984823335432427,0.05658173613204395,0.9334334405325236
26098,LOF,0.07746260759231956,0.021161765024775958,0.9013756273829044
26099,LOF,0.023860880985263865,0.020303782834298137,0.955835336180438
26100,LOF,0.025826474707740233,0.018732258782429137,0.9554412665098306
26101,LOF,0.05745829312237166,0.019540994529763645,0.9230007123478647
26102,LOF,0.027080281432808846,0.019460234133763715,0.9534594844334274
26103,Neutral,0.8836327329498274,0.030849032812745356,0.08551823423742727
26104,LOF,0.06856752474481376,0.04646835288213351,0.8849641223730528
26105,LOF,0.22740356317456262,0.2549599467892438,0.5176364900361936
26106,LOF,0.18000745720729236,0.1454588631857603,0.6745336796069473
26107,LOF,0.22900457961209492,0.08939890158624872,0.6815965188016564
26108,LOF,0.24334835731138896,0.11726796899513096,0.6393836736934801
26109,LOF,0.08495504144526113,0.14617195508878492,0.768873003465954
26110,LOF,0.2536752647816335,0.009211807136076455,0.7371129280822901
26111,LOF,0.46887050750640025,0.029828559848092767,0.5013009326455069
26112,LOF,0.03270201357631232,0.010729823663279807,0.9565681627604078
26113,LOF,0.04786268530720117,0.022359950576576856,0.929777364116222
26114,LOF,0.021685394663870202,0.0140656539218382,0.9642489514142916
26115,LOF,0.08699441395614312,0.03509567301818234,0.8779099130256746
26116,LOF,0.06225419048381086,0.026033491479991948,0.9117123180361971
26117,LOF,0.3986160608087865,0.055625787931884246,0.5457581512593292
26118,LOF,0.04210050512939347,0.031953339367618815,0.9259461555029878
26119,LOF,0.023176458313850616,0.04520557159602935,0.9316179700901202
26120,LOF,0.030287667803711664,0.027774432170769563,0.9419379000255188
26121,LOF,0.059654497660391,0.083594850286666,0.8567506520529431
26122,LOF,0.05146370938437287,0.04332606795413081,0.9052102226614962
