feature0,prediction,LoGoFunc_Neutral,LoGoFunc_GOF,LoGoFunc_LOF
25546,Neutral,0.6521810790669097,0.05863506088122659,0.2891838600518638
25547,Neutral,0.534952132126753,0.09780475980108388,0.36724310807216315
25548,Neutral,0.5337648123485518,0.08222719444625347,0.3840079932051948
25549,Neutral,0.4704494264035922,0.07841035016449506,0.4511402234319128
25550,LOF,0.4011584670295506,0.09503034340856543,0.503811189561884
25551,LOF,0.34375096000627725,0.10686370554693371,0.549385334446789
25552,LOF,0.30128086101587503,0.11576299789742323,0.5829561410867017
25553,Neutral,0.7984079305614428,0.04816831840344844,0.1534237510351088
25554,LOF,0.3415458439140396,0.10550030917202277,0.5529538469139377
25555,LOF,0.29519322960097705,0.09996607874244731,0.6048406916565756
25556,Neutral,0.48301163361710253,0.09670430861971026,0.4202840577631873
25557,LOF,0.28045944726228933,0.10555520551581314,0.6139853472218977
25558,LOF,0.3413901679564106,0.1009724435613423,0.557637388482247
25559,LOF,0.2505065045621887,0.07028695381523764,0.6792065416225737
25560,LOF,0.09018190248495045,0.17674664641817342,0.7330714510968762
25561,LOF,0.10447558697644771,0.2176424942975681,0.6778819187259842
25562,LOF,0.040409518491217426,0.10595861059538984,0.8536318709133928
25563,LOF,0.012123784583730505,0.1718216297367288,0.8160545856795407
25564,LOF,0.10225587931633875,0.11294458981566503,0.7847995308679961
25565,LOF,0.1767062318856034,0.14226623465227248,0.6810275334621241
25566,GOF,0.06008816708788109,0.6505943420208176,0.28931749089130143
25567,LOF,0.03813803140178125,0.14104688485746486,0.820815083740754
25568,LOF,0.05897184888559358,0.09081136358241883,0.8502167875319876
25569,LOF,0.05999917422286039,0.08218838800525115,0.8578124377718883
25570,LOF,0.028048721971658377,0.1228481112552297,0.8491031667731119
25571,LOF,0.024677961622420985,0.12604018842540998,0.8492818499521692
25572,LOF,0.06087101242129498,0.16511442822307054,0.7740145593556345
25573,LOF,0.062018807679179784,0.11482929264899165,0.8231518996718286
25574,LOF,0.06290703223758655,0.23263940495342647,0.704453562808987
25575,LOF,0.02398292757824626,0.12954110918350498,0.8464759632382488
25576,LOF,0.027872276132207878,0.18947008018514627,0.7826576436826459
25577,LOF,0.03191029205958222,0.15294462627601008,0.8151450816644077
25578,LOF,0.285214744589897,0.10507745359026736,0.6097078018198356
25579,LOF,0.18618990575224723,0.10087605294492152,0.7129340413028312
25580,LOF,0.02181703759780277,0.09201009002921555,0.8861728723729817
25581,LOF,0.04805873486528624,0.08951797349502293,0.8624232916396908
25582,LOF,0.04801309169499419,0.08853508224054946,0.8634518260644564
25583,LOF,0.02549632039891894,0.10732707634674264,0.8671766032543384
25584,Neutral,0.7065167037509082,0.12556176004949318,0.16792153619959863
25585,LOF,0.019376312200775198,0.19611388315045516,0.7845098046487697
25586,LOF,0.017846709333088222,0.09487718170036877,0.887276108966543
25587,LOF,0.01789965499078459,0.08303345815312001,0.8990668868560954
25588,LOF,0.021262426059076044,0.08853208390445125,0.8902054900364728
25589,Neutral,0.5254131962685004,0.24684766988271103,0.22773913384878858
25590,LOF,0.04811700786924035,0.1274875296233284,0.8243954625074312
25591,LOF,0.08077495810183957,0.07296776702019471,0.8462572748779656
25592,LOF,0.057208868996935114,0.1593982695336879,0.7833928614693769
25593,LOF,0.11011263539458412,0.2856435484393581,0.6042438161660578
25594,LOF,0.05982447964616173,0.07430254011270811,0.86587298024113
25595,LOF,0.06219036650475809,0.04209966178217742,0.8957099717130644
25596,LOF,0.1290371141759224,0.02458705937025413,0.8463758264538235
25597,LOF,0.08888624168058755,0.030507767498366183,0.8806059908210463
25598,LOF,0.05711371908794995,0.05176790660807396,0.8911183743039761
25599,LOF,0.024450000105159086,0.34841609964999926,0.6271339002448417
25600,LOF,0.17644325736745023,0.408522968438075,0.4150337741944746
25601,LOF,0.043719267213986224,0.3034789264612713,0.6528018063247425
25602,LOF,0.02683814847452662,0.08434378623637608,0.8888180652890972
25603,LOF,0.035357372177408905,0.0591986066780396,0.9054440211445515
25604,LOF,0.04062196584743038,0.10280377258264474,0.8565742615699249
25605,LOF,0.032604774520385765,0.18962556828215377,0.7777696571974604
25606,Neutral,0.43507759803789514,0.13336086351458062,0.4315615384475243
25607,LOF,0.025724067171398312,0.2246594977656679,0.7496164350629339
25608,LOF,0.03805559401827804,0.11609518849163707,0.8458492174900849
25609,GOF,0.1391370120033691,0.4780420560635555,0.38282093193307554
25610,LOF,0.015560593302498208,0.05690447389092523,0.9275349328065766
25611,LOF,0.012908797711770463,0.0626214599307579,0.9244697423574716
25612,LOF,0.04849419023976567,0.07114382992524654,0.8803619798349878
25613,LOF,0.045889966814893025,0.07473208749421258,0.8793779456908944
25614,LOF,0.023037289226225673,0.051386126907197655,0.9255765838665767
25615,LOF,0.041308862346555814,0.06773148005575777,0.8909596575976864
25616,LOF,0.05616639984492495,0.05739324688823915,0.886440353266836
25617,LOF,0.039877203262961174,0.0649067715893778,0.895216025147661
25618,LOF,0.04825309603782789,0.08713352366042347,0.8646133803017486
25619,LOF,0.012483877620944968,0.06851201997655665,0.9190041024024983
25620,LOF,0.05380563313367868,0.0730613513880739,0.8731330154782474
25621,LOF,0.06310070289753747,0.06309770037527097,0.8738015967271917
25622,LOF,0.06801895241836664,0.0715166089259884,0.860464438655645
25623,LOF,0.06495884835020112,0.04428967978808526,0.8907514718617137
25624,LOF,0.0194979970818649,0.0613638058071325,0.9191381971110026
25625,LOF,0.0632534927718643,0.06632633756342367,0.870420169664712
25626,LOF,0.04764789325139919,0.06752342575928075,0.8848286809893201
25627,Neutral,0.887339111263628,0.023458467743042843,0.08920242099332928
25628,LOF,0.15207356074902156,0.05857091690948458,0.7893555223414938
25629,LOF,0.061010262588947616,0.061609016212234476,0.877380721198818
25630,LOF,0.2628932134369645,0.07488901849456822,0.6622177680684673
25631,Neutral,0.5518868955659524,0.05890099306315409,0.3892121113708935
25632,LOF,0.03025119647946849,0.07735888483003109,0.8923899186905004
25633,LOF,0.20565689443368992,0.04594836683499297,0.7483947387313171
25634,LOF,0.04521433526680729,0.08509521496146207,0.8696904497717306
25635,LOF,0.03875823581403701,0.040612400194019564,0.9206293639919434
25636,GOF,0.03078809602101218,0.5770835065082865,0.3921283974707013
25637,GOF,0.05299708713148898,0.5898119354979183,0.35719097737059274
25638,GOF,0.03287931761898146,0.5097207623147002,0.45739992006631824
25639,LOF,0.035135064918114745,0.47818800516586074,0.4866769299160246
25640,Neutral,0.853516145728657,0.09104502630847605,0.055438827962866914
25641,LOF,0.07386166670969775,0.4071923116571456,0.5189460216331566
25642,LOF,0.06758023133063479,0.1721831758078016,0.7602365928615636
25643,LOF,0.23236271436529451,0.14281289721029186,0.6248243884244136
25644,GOF,0.009724200524309433,0.6099931940063217,0.3802826054693689
25645,GOF,0.011287786671131209,0.5986327910332098,0.39007942229565906
25646,LOF,0.026290212692944823,0.42972061046765564,0.5439891768393996
25647,LOF,0.011727109910821019,0.3383367320380333,0.6499361580511458
25648,LOF,0.014579622528019167,0.4149014744420534,0.5705189030299274
25649,LOF,0.008805977074689188,0.3161558808286746,0.6750381420966363
25650,GOF,0.0220827147186219,0.5980203649377129,0.3798969203436652
25651,LOF,0.008534566686335114,0.42399304289219475,0.56747239042147
25652,LOF,0.013217952703822105,0.4232596588841574,0.5635223884120205
25653,GOF,0.037796503034800755,0.5850573641516718,0.37714613281352755
25654,LOF,0.010293551661416996,0.2990585931198512,0.6906478552187317
25655,GOF,0.1292070014482474,0.6059662437357274,0.26482675481602524
25656,LOF,0.3487583882836209,0.12722521610420584,0.5240163956121732
25657,LOF,0.05494486976339552,0.10714169699859208,0.8379134332380125
25658,LOF,0.3363210404637995,0.1702819207785715,0.493397038757629
25659,Neutral,0.47995487822492966,0.17269965369794607,0.3473454680771242
25660,LOF,0.023208228206332802,0.11208825371478255,0.8647035180788846
25661,LOF,0.08629297026705897,0.07111443131064019,0.8425925984223007
25662,LOF,0.032560607058012545,0.03575698493126163,0.9316824080107258
25663,LOF,0.03761411795851008,0.04565441023670457,0.9167314718047854
25664,LOF,0.14024343970004796,0.07087838194039675,0.7888781783595552
25665,LOF,0.06088662569274372,0.03252107054159319,0.9065923037656631
25666,LOF,0.10546769309855872,0.07099136389059273,0.8235409430108487
25667,LOF,0.07166279580043984,0.05005322950145602,0.878283974698104
25668,LOF,0.03496844631967155,0.058482606958025596,0.9065489467223029
25669,LOF,0.029447242164687304,0.056754365394278576,0.913798392441034
25670,LOF,0.1404230180404458,0.05289809510255191,0.8066788868570023
25671,LOF,0.1074939888002822,0.03965846377407397,0.8528475474256438
25672,LOF,0.05188839513116031,0.047706436593064463,0.9004051682757752
25673,LOF,0.08955249264187604,0.047738391676945706,0.8627091156811784
25674,LOF,0.07631151507437434,0.059276544471063376,0.8644119404545622
25675,LOF,0.11973066497948594,0.0766913904607137,0.8035779445598004
25676,LOF,0.018068922074674598,0.058885575635746666,0.9230455022895787
25677,LOF,0.02230778778626601,0.07460265867401183,0.9030895535397221
25678,LOF,0.19142108696826143,0.08958415640483411,0.7189947566269045
25679,LOF,0.12382567067444748,0.08415924732278648,0.7920150820027659
25680,LOF,0.03062728357518012,0.12109151458832053,0.8482812018364994
25681,LOF,0.048650803713961376,0.11786210755116595,0.8334870887348726
25682,LOF,0.12969407613490944,0.0912653436046378,0.7790405802604528
25683,LOF,0.12226360538460829,0.09791857659640169,0.77981781801899
25684,LOF,0.037068556342454075,0.07512295926281758,0.8878084843947285
25685,LOF,0.11895037070822326,0.07622371923281719,0.8048259100589595
25686,LOF,0.07312850479268868,0.10641657095137483,0.8204549242559366
25687,LOF,0.11611127964967093,0.11154966721020589,0.7723390531401232
25688,LOF,0.40732893637663586,0.039299044402580204,0.5533720192207839
25689,LOF,0.28255120330729533,0.0445506611082294,0.6728981355844753
25690,LOF,0.31396290400784094,0.03241871804771561,0.6536183779444433
25691,Neutral,0.7075221063185078,0.030221243068181858,0.2622566506133104
25692,LOF,0.36905372270860454,0.011805217402094441,0.6191410598893009
25693,LOF,0.04555408002491758,0.41051101272522483,0.5439349072498575
25694,LOF,0.12135272547587601,0.019628588950186276,0.8590186855739377
25695,LOF,0.11503914867460914,0.011790666945616328,0.8731701843797746
25696,LOF,0.12962213047672744,0.011870194110839637,0.858507675412433
25697,LOF,0.072813429421849,0.13119144530953014,0.7959951252686208
25698,LOF,0.3188455020191054,0.22032920513940554,0.46082529284148915
25699,LOF,0.46838636754690016,0.04077049720455102,0.4908431352485489
25700,LOF,0.08172273331151902,0.013659770471472061,0.904617496217009
25701,LOF,0.1859399694028921,0.051060930187227016,0.7629991004098808
25702,GOF,0.16114832507373678,0.643197786932165,0.1956538879940981
25703,LOF,0.017342881983359395,0.13631884750279358,0.8463382705138469
25704,LOF,0.03683131729045471,0.15105161198498737,0.812117070724558
25705,LOF,0.038538109436112786,0.08849917243284446,0.8729627181310429
25706,LOF,0.12912843246366673,0.3414014800746346,0.5294700874616987
25707,LOF,0.08037476278616923,0.2668143054465229,0.6528109317673079
25708,LOF,0.04186969511197772,0.2507916245514027,0.7073386803366195
25709,LOF,0.06117340916223306,0.032116879342846696,0.9067097114949202
25710,LOF,0.012660917578348741,0.10625762550458799,0.8810814569170633
25711,LOF,0.019782860133045626,0.06925114109352849,0.910965998773426
25712,LOF,0.015671603762846206,0.14310457649618202,0.8412238197409717
25713,LOF,0.01743704379559973,0.07265253365795225,0.909910422546448
25714,LOF,0.07083468027753773,0.05364707226636312,0.8755182474560991
25715,LOF,0.011699062682887134,0.10293600613472399,0.885364931182389
25716,LOF,0.011699304352309443,0.07758365382028813,0.9107170418274025
25717,LOF,0.016600832319412707,0.0661116035212994,0.9172875641592878
25718,LOF,0.011434101253688234,0.06586783160767973,0.9226980671386321
25719,LOF,0.020842886381927314,0.06030951964219413,0.9188475939758786
25720,LOF,0.02488966658508357,0.049269347613126485,0.92584098580179
25721,LOF,0.013353077289709213,0.08806592111073705,0.8985810015995537
25722,LOF,0.013834623421191992,0.08340227350264239,0.9027631030761657
25723,LOF,0.023923243378994413,0.03537926042075603,0.9406974962002496
25724,LOF,0.031745123120200766,0.0656045718154305,0.9026503050643687
25725,LOF,0.011463573175214051,0.059562616200968324,0.9289738106238177
25726,LOF,0.015012826068136451,0.08529354441715521,0.8996936295147084
25727,LOF,0.012324582619395608,0.061817237176780955,0.9258581802038234
25728,LOF,0.010076867857213843,0.07088912259456874,0.9190340095482176
25729,LOF,0.010306015118051156,0.07410243069384198,0.9155915541881068
25730,LOF,0.013242926687333791,0.07331715573279741,0.9134399175798688
25731,LOF,0.023173714132871004,0.0705593747773377,0.9062669110897912
25732,LOF,0.01311480365392486,0.04618443839707068,0.9407007579490044
25733,LOF,0.017413950894353273,0.04769533469096391,0.9348907144146829
25734,LOF,0.01198047494221405,0.09599801268933944,0.8920215123684465
25735,LOF,0.011283961031350454,0.05773702402230875,0.9309790149463408
25736,LOF,0.012150574013705798,0.07603018861706562,0.9118192373692287
25737,LOF,0.011870362360326205,0.06606626883948598,0.9220633688001877
25738,LOF,0.01161333154709791,0.0659989696442691,0.922387698808633
25739,LOF,0.020390293559482735,0.05415349662663643,0.9254562098138809
25740,LOF,0.027579033043347398,0.0754386815958027,0.89698228536085
25741,LOF,0.014447250267196777,0.07802744683383772,0.9075253028989655
25742,LOF,0.10958396615476547,0.05379822038007186,0.8366178134651627
25743,LOF,0.03865139344541347,0.049555314441596485,0.91179329211299
25744,Neutral,0.624491762827337,0.2108739761754736,0.16463426099718942
25745,LOF,0.06591697506480403,0.06827030779139875,0.8658127171437973
25746,LOF,0.04215142762883346,0.09306827868838521,0.8647802936827814
25747,LOF,0.022870343583230326,0.0884383663973418,0.8886912900194278
25748,LOF,0.11958783992237494,0.12773172632979327,0.7526804337478317
25749,LOF,0.028043814692662074,0.08972090813226086,0.8822352771750771
25750,LOF,0.06709525346175074,0.10592788223955786,0.8269768642986913
25751,LOF,0.09990602557327638,0.13241987912163777,0.7676740953050859
25752,GOF,0.10818626430323285,0.6715314715533177,0.22028226414344948
25753,LOF,0.02769411973588927,0.2865297374892274,0.6857761427748833
25754,GOF,0.014998961400672847,0.8136473890194551,0.17135364957987206
25755,LOF,0.03103829202596947,0.34955616437140813,0.6194055436026223
25756,LOF,0.054909216394903634,0.3489689007445004,0.5961218828605959
25757,GOF,0.020594733260608563,0.8707354293399024,0.10866983739948888
25758,GOF,0.028782274317411687,0.8092412698749732,0.16197645580761513
25759,GOF,0.011514067122637651,0.6389964307000184,0.349489502177344
25760,LOF,0.01698363717352217,0.3011977212839299,0.681818641542548
25761,GOF,0.25735459097726743,0.672354543815777,0.07029086520695563
25762,LOF,0.047495044907621506,0.2968702894942735,0.6556346655981049
25763,LOF,0.01601594648953497,0.21903501405096554,0.7649490394594994
25764,GOF,0.0681306210950403,0.6871329284782759,0.24473645042668365
25765,GOF,0.034218018360187084,0.7711238261983637,0.1946581554414491
25766,GOF,0.06757635469622982,0.8095585122303168,0.1228651330734533
25767,GOF,0.17033105001817075,0.5221436780732631,0.30752527190856616
25768,LOF,0.10443763788852546,0.05816123318196508,0.8374011289295094
25769,LOF,0.04610429313414239,0.07442329043548199,0.8794724164303757
25770,LOF,0.3048681977783342,0.12433641242547794,0.5707953897961879
25771,LOF,0.05571715644455047,0.05690986382279253,0.887372979732657
25772,LOF,0.017544657379182448,0.05587051651017502,0.9265848261106424
25773,LOF,0.05321133426286228,0.08252901185168854,0.8642596538854492
25774,LOF,0.028317261324923283,0.1192521270330863,0.8524306116419904
25775,LOF,0.056543659591132375,0.05567076354138022,0.8877855768674873
25776,LOF,0.060695459980847154,0.03386861795150244,0.9054359220676504
25777,LOF,0.3307095713116004,0.09376166301741724,0.5755287656709823
25778,LOF,0.059169841811358474,0.05158639413880374,0.8892437640498377
25779,GOF,0.3959919761431412,0.5569268025866265,0.04708122127023239
25780,GOF,0.3732771132616642,0.5595942005620649,0.06712868617627092
25781,GOF,0.1299791390539796,0.776632726143644,0.09338813480237641
25782,GOF,0.2017518476003898,0.7248596521766131,0.07338850022299706
25783,GOF,0.025483668917152497,0.659723361403213,0.3147929696796345
25784,Neutral,0.5258785386513658,0.438741465232528,0.035379996116106205
25785,GOF,0.47509854146701425,0.48272433093011663,0.04217712760286915
25786,GOF,0.034272527752592485,0.7630366243095066,0.20269084793790076
25787,Neutral,0.668910527605718,0.3045384461503786,0.026551026243903503
25788,LOF,0.05910223015852498,0.08461392411637207,0.856283845725103
25789,GOF,0.22654313103755255,0.6411227800299547,0.1323340889324927
25790,GOF,0.26920186343223607,0.6428960255698448,0.08790211099791914
25791,GOF,0.16133809343494665,0.6710659055989653,0.16759600096608807
25792,GOF,0.37738617369457567,0.503293755079928,0.11932007122549619
25793,GOF,0.26596786348141555,0.4923739521722987,0.24165818434628572
25794,GOF,0.3089513301713823,0.5042134143322416,0.1868352554963759
25795,GOF,0.06765124996190308,0.6711471388928522,0.2612016111452447
25796,Neutral,0.5105907067151116,0.4187392288721742,0.07067006441271419
25797,GOF,0.07381628541813423,0.5566248622866613,0.3695588522952046
25798,GOF,0.009850259193739752,0.5227159202333513,0.46743382057290905
25799,LOF,0.007916826599200049,0.45293907201265426,0.5391441013881456
25800,GOF,0.03227619660110758,0.5935704553485234,0.37415334805036904
25801,GOF,0.2472720531168167,0.6487442263768178,0.10398372050636547
25802,GOF,0.06667962613507024,0.6795369294918114,0.2537834443731184
25803,GOF,0.044967835279857205,0.5826568856694189,0.37237527905072404
25804,GOF,0.040638353138218446,0.5274186334420022,0.4319430134197793
25805,GOF,0.1308890388898892,0.5806741403357271,0.2884368207743837
25806,GOF,0.14170793264595705,0.5868737125709449,0.2714183547830981
25807,GOF,0.023941286812806196,0.6380486603504147,0.3380100528367791
25808,GOF,0.12345148233126063,0.5938084279152324,0.28274008975350695
25809,GOF,0.02098454378075824,0.6264162443015223,0.3525992119177195
25810,GOF,0.020112180746682817,0.6133272224766324,0.36656059677668484
25811,Neutral,0.5130623497987322,0.4302008931130796,0.05673675708818818
25812,GOF,0.043584798315928486,0.6055819862852313,0.35083321539884016
25813,Neutral,0.5795413900163,0.31770235246151884,0.10275625752218114
25814,GOF,0.15437605378255378,0.6355202817878631,0.210103664429583
25815,GOF,0.2517900770839686,0.5717779076986211,0.17643201521741025
25816,GOF,0.02318849322731037,0.6711911444662115,0.3056203623064781
25817,GOF,0.24796860601218698,0.641609102907187,0.11042229108062598
25818,GOF,0.05563027849642775,0.5659080020818307,0.3784617194217415
25819,GOF,0.38483214725579734,0.46138450845215717,0.15378334429204557
25820,GOF,0.2257415934733829,0.575460849625288,0.19879755690132914
25821,GOF,0.06974158796393565,0.6373828200625004,0.29287559197356405
25822,GOF,0.25342311285378205,0.5299496407548727,0.21662724639134523
25823,GOF,0.03704404168537645,0.5048877708957556,0.458068187418868
25824,GOF,0.09179437234226258,0.5497236612499381,0.3584819664077992
25825,GOF,0.035228267799408075,0.5472400960357618,0.41753163616482997
25826,GOF,0.014136261946144332,0.5201766696510585,0.46568706840279733
25827,GOF,0.02748760801834765,0.5963239125209537,0.37618847946069855
25828,GOF,0.01709853753648956,0.5053743957458645,0.47752706671764583
25829,GOF,0.007072682197576635,0.549204832727454,0.44372248507496925
25830,LOF,0.043855690778794885,0.2533237088296487,0.7028206003915565
25831,GOF,0.18677612423180615,0.672091944517951,0.1411319312502429
25832,GOF,0.03669607104343688,0.6706806978620992,0.292623231094464
25833,GOF,0.1288015986302827,0.6836682176596269,0.18753018371009023
25834,GOF,0.04262831181507691,0.678319757056601,0.27905193112832216
25835,GOF,0.09320716248216927,0.6802495978225106,0.22654323969532017
25836,GOF,0.05228203537223061,0.6501580648104601,0.29755989981730924
25837,GOF,0.02300744965161667,0.5183446652350946,0.4586478851132887
25838,GOF,0.0828040893024543,0.7182100636547474,0.1989858470427982
25839,GOF,0.32098203134289705,0.5364830053454499,0.14253496331165297
25840,GOF,0.24455628740767418,0.574544568459542,0.18089914413278368
25841,GOF,0.2376858424494663,0.5792234660970105,0.18309069145352322
25842,GOF,0.1962592947785805,0.6496611286721548,0.1540795765492647
25843,GOF,0.2221516078688143,0.6534393616590234,0.12440903047216227
25844,GOF,0.05768782165016982,0.6536377189065856,0.28867445944324444
25845,GOF,0.014597672696237587,0.5187519382164195,0.46665038908734285
25846,GOF,0.11305889481486839,0.6965839261524935,0.190357179032638
25847,GOF,0.12112831091265705,0.7422480037396089,0.13662368534773395
25848,GOF,0.039042000859488064,0.652575299237184,0.3083826999033279
25849,GOF,0.010613406159255582,0.5570453079141823,0.4323412859265622
25850,GOF,0.023211021674098442,0.6462711652855976,0.33051781304030386
25851,GOF,0.018274363296600628,0.5335817329307391,0.44814390377266033
25852,GOF,0.15852358937613412,0.582328326760145,0.25914808386372085
25853,GOF,0.3324630241619603,0.5924593174307965,0.07507765840724319
25854,GOF,0.01926325775999927,0.6122579932855232,0.36847874895447735
25855,GOF,0.03878694634630899,0.5694829539140246,0.3917300997396664
25856,GOF,0.21641570511110006,0.5436483324406918,0.23993596244820814
25857,GOF,0.036652200414288905,0.4879593292048216,0.4753884703808895
25858,GOF,0.02142758246607261,0.5934207795636376,0.38515163797028984
25859,GOF,0.011097226953982221,0.5602912411869435,0.4286115318590743
25860,GOF,0.38980113497023944,0.5201854385338046,0.09001342649595594
25861,GOF,0.3997194516534848,0.5296340673827731,0.07064648096374203
25862,GOF,0.09063470294840154,0.7698431141640686,0.13952218288752982
25863,GOF,0.09294379891528962,0.7782515807019668,0.12880462038274362
25864,GOF,0.195783176206129,0.7263600599411993,0.07785676385267161
25865,GOF,0.07706634312420864,0.782818898752901,0.1401147581228903
25866,GOF,0.0651739575919531,0.7915462884501628,0.14327975395788403
25867,GOF,0.08789430827317168,0.791656311384365,0.12044938034246337
25868,GOF,0.27888714162319156,0.6188480280915353,0.10226483028527324
25869,Neutral,0.695623834599662,0.25743843078899636,0.04693773461134167
25870,LOF,0.34507588858538724,0.24077162027320448,0.41415249114140823
25871,GOF,0.2626859339784132,0.5884747326651505,0.1488393333564363
25872,GOF,0.09363641081886505,0.604548744831641,0.3018148443494939
25873,GOF,0.1876329918048183,0.5973256516525287,0.21504135654265308
25874,LOF,0.024016091403945984,0.10678401992002315,0.8691998886760309
25875,LOF,0.08101206939608441,0.056362202184509755,0.8626257284194058
25876,LOF,0.027631906587241295,0.05105579459235786,0.9213122988204009
25877,Neutral,0.5215609201408137,0.07464696462950753,0.4037921152296788
25878,LOF,0.24218737335223503,0.10817398942299425,0.6496386372247708
25879,LOF,0.0993691000622295,0.11295441685515084,0.7876764830826196
25880,LOF,0.023654880120882446,0.02941921511372135,0.9469259047653963
25881,LOF,0.1745338832917026,0.18509636464042264,0.6403697520678748
25882,LOF,0.07811757320060798,0.022450873941318672,0.8994315528580734
25883,LOF,0.07924046632861506,0.031229041877863864,0.8895304917935211
25884,LOF,0.0429989176457829,0.047354280072892184,0.9096468022813249
25885,LOF,0.07195883778583273,0.016542188374668303,0.9114989738394988
25886,LOF,0.3430852915094021,0.052191845720686234,0.6047228627699117
25887,LOF,0.17547138860244207,0.11723909713824858,0.7072895142593094
25888,LOF,0.0691558677120887,0.09656410147420758,0.8342800308137037
25889,LOF,0.053952723861127844,0.03087298071357429,0.9151742954252978
25890,LOF,0.05233021602706706,0.1205287001015496,0.8271410838713833
25891,LOF,0.0420598428107241,0.06344097118778126,0.8944991860014947
25892,LOF,0.10634011171394091,0.0230034799654093,0.8706564083206498
25893,LOF,0.2620177696305913,0.018622212596394846,0.7193600177730138
25894,LOF,0.18564325540686608,0.010294641701136148,0.8040621028919978
25895,LOF,0.20002882560916024,0.02263519926019685,0.777335975130643
25896,LOF,0.048688911061395064,0.02697278941109846,0.9243382995275065
25897,LOF,0.2145259271289981,0.016863199855946333,0.7686108730150557
25898,Neutral,0.7213657939345954,0.011309674195371959,0.26732453187003274
25899,LOF,0.24287587201454833,0.030119365270003976,0.7270047627154477
25900,LOF,0.45443236846984697,0.019669163799621046,0.525898467730532
25901,LOF,0.05603434385955997,0.01373609258924746,0.9302295635511925
25902,LOF,0.16804924148985692,0.013924800917866827,0.8180259575922761
25903,Neutral,0.528511604968507,0.03414900147605366,0.4373393935554394
25904,LOF,0.2730346316200139,0.06023204344618369,0.6667333249338023
25905,LOF,0.024375506278610997,0.29323024753247773,0.6823942461889112
25906,LOF,0.02294118134438383,0.06703024949399661,0.9100285691616194
25907,LOF,0.014291216575082,0.30967071433811405,0.676038069086804
25908,LOF,0.01151233251869801,0.20654235766182943,0.7819453098194725
25909,LOF,0.014799955760555575,0.13318045260151107,0.8520195916379334
25910,LOF,0.0435270994090711,0.10228626293945303,0.8541866376514758
25911,LOF,0.14794477007136042,0.029126471893785415,0.8229287580348542
25912,LOF,0.04090245869373668,0.05391037772309479,0.9051871635831684
25913,LOF,0.2742197886682582,0.025821589734904987,0.6999586215968369
25914,LOF,0.026081660186614338,0.09823414973801237,0.8756841900753733
25915,Neutral,0.45410358179516713,0.2494375963512071,0.2964588218536257
25916,LOF,0.07407600663563207,0.2731277342212319,0.652796259143136
25917,LOF,0.061937204170087995,0.06141209829243876,0.8766506975374733
25918,LOF,0.03372312061533918,0.05713248017888437,0.9091443992057765
25919,LOF,0.02753559264618182,0.06330708987857384,0.9091573174752443
25920,GOF,0.0843235489637232,0.5022517253670654,0.4134247256692114
25921,LOF,0.030385997473870215,0.020770978797725343,0.9488430237284043
25922,LOF,0.04136264241712703,0.013970248927600107,0.9446671086552728
25923,LOF,0.3723825568562065,0.019764168784479615,0.6078532743593139
25924,LOF,0.03886077376638571,0.026276106806828167,0.9348631194267861
25925,LOF,0.06702201159819487,0.027382512936997744,0.9055954754648073
25926,LOF,0.04686081834263421,0.02220428914385343,0.9309348925135125
25927,LOF,0.06923092057158786,0.06200182111569931,0.868767258312713
25928,LOF,0.022641110887704863,0.02936216523257455,0.9479967238797206
25929,Neutral,0.5042042751338245,0.02153960841406161,0.47425611645211396
25930,LOF,0.05573971047229245,0.016345863960901066,0.9279144255668065
25931,LOF,0.030862674149910965,0.01978681467042469,0.9493505111796644
25932,LOF,0.0272695460586548,0.017270759176245824,0.9554596947650993
25933,LOF,0.03639252300935267,0.010905649492349432,0.952701827498298
25934,LOF,0.02309719954880242,0.012739216964812528,0.964163583486385
25935,LOF,0.06527569749942054,0.033821870111610905,0.9009024323889686
25936,LOF,0.04677950732761518,0.015505376299703543,0.9377151163726812
25937,LOF,0.028580145952868407,0.0239813095469882,0.9474385445001433
25938,LOF,0.06097530078655928,0.03691441294212663,0.9021102862713141
25939,LOF,0.036350891128559416,0.01107827481591608,0.9525708340555246
25940,LOF,0.024860937331000307,0.36913491257361064,0.6060041500953891
25941,LOF,0.17634417542166245,0.08282625349570485,0.7408295710826327
25942,LOF,0.017717183258515568,0.03560393792466812,0.9466788788168163
25943,LOF,0.32400918768765025,0.06086787631254199,0.6151229359998077
25944,Neutral,0.501640799982202,0.0327996367870137,0.4655595632307844
25945,LOF,0.08271734767380484,0.024165565805344184,0.893117086520851
25946,LOF,0.028005818972167505,0.12114750116467347,0.8508466798631591
25947,LOF,0.1342663351255367,0.19739705072368458,0.6683366141507787
25948,LOF,0.4367167716232653,0.019144663609031123,0.5441385647677036
25949,LOF,0.09921320314679626,0.08038318130531134,0.8204036155478924
25950,GOF,0.29705214859700746,0.38001779760134885,0.32293005380164375
25951,LOF,0.2562101053138827,0.2060353103182744,0.537754584367843
25952,LOF,0.05692776948064919,0.4058150133176338,0.537257217201717
25953,LOF,0.1583117184346073,0.1002920553851106,0.7413962261802821
25954,Neutral,0.41730419473880886,0.17205509229320345,0.4106407129679877
25955,LOF,0.060240021199875,0.07855684064063552,0.8612031381594895
25956,LOF,0.21287196002971528,0.07103998246468733,0.7160880575055975
25957,LOF,0.040955401557417635,0.027608388154689557,0.9314362102878928
25958,LOF,0.056888753848338816,0.029160481166201856,0.9139507649854595
25959,LOF,0.07230334544607388,0.32423154458449294,0.6034651099694331
25960,LOF,0.021733052356921606,0.060868711194309526,0.9173982364487688
25961,LOF,0.04891429344605721,0.03651434496129151,0.9145713615926513
25962,LOF,0.060601048835268616,0.040163306500762296,0.899235644663969
25963,LOF,0.0482885737923214,0.18905413214972505,0.7626572940579536
25964,LOF,0.033446450020943305,0.13864376281780477,0.827909787161252
25965,LOF,0.4431720543880968,0.09791227792127341,0.4589156676906298
25966,Neutral,0.4385969089759781,0.1808806953842672,0.3805223956397547
25967,LOF,0.011887600329559947,0.07706473674297583,0.9110476629274642
25968,LOF,0.03435389529792071,0.4690940643474071,0.4965520403546723
25969,LOF,0.022087626042617443,0.058349100381815844,0.9195632735755667
25970,LOF,0.05971566294308996,0.06538800905977257,0.8748963279971375
25971,LOF,0.07702987679627844,0.019077069033931932,0.9038930541697897
25972,LOF,0.0795258104106399,0.028398043100433108,0.8920761464889271
25973,LOF,0.0943293206075377,0.009489737256846778,0.8961809421356155
25974,LOF,0.2401714223698403,0.023585580706031256,0.7362429969241284
25975,LOF,0.050236623036051274,0.033471680007961406,0.9162916969559874
25976,LOF,0.047335858835369976,0.01938914021564168,0.9332750009489883
25977,LOF,0.15150278153260988,0.09559940134066655,0.7528978171267235
25978,LOF,0.10126951108431656,0.06796082961471007,0.8307696593009734
25979,LOF,0.10388263924930949,0.06637097378439795,0.8297463869662927
25980,LOF,0.1308460193697872,0.0932832943049781,0.7758706863252346
25981,LOF,0.15954806481175343,0.09003449168128826,0.7504174435069584
25982,LOF,0.3465023992288077,0.05798980901892503,0.5955077917522672
25983,LOF,0.3320478083425728,0.058601236695299576,0.6093509549621275
25984,LOF,0.05048484708482103,0.07762785761795943,0.8718872952972194
25985,LOF,0.02503279027060061,0.25544640852594247,0.7195208012034569
25986,LOF,0.03192660193228066,0.2750994128883955,0.6929739851793238
25987,LOF,0.07333402202968119,0.0887906224007883,0.8378753555695305
25988,LOF,0.1272390102703439,0.07121572442306857,0.8015452653065874
25989,LOF,0.029480554128421443,0.14231362283545856,0.8282058230361199
25990,LOF,0.03516857286286958,0.16352819075408503,0.8013032363830455
25991,LOF,0.17770215725615116,0.40309544054944624,0.4192024021944026
25992,Neutral,0.3867828929242828,0.22968309366737852,0.38353401340833865
25993,LOF,0.02598813252074243,0.08784404997199448,0.886167817507263
25994,LOF,0.017626616869033163,0.13632742699029432,0.8460459561406725
25995,LOF,0.026061296733846735,0.23190324562856976,0.7420354576375836
25996,GOF,0.2435070316842756,0.5846765956545097,0.17181637266121472
25997,GOF,0.1029503087048454,0.5900583846141599,0.30699130668099467
25998,Neutral,0.5657014847319375,0.013281038776544381,0.42101747649151805
25999,LOF,0.12108356282987422,0.15215929093549674,0.726757146234629
26000,LOF,0.15976758813918035,0.03898662193731911,0.8012457899235006
26001,LOF,0.1951598815420552,0.03799008265487949,0.7668500358030653
26002,LOF,0.16482789984768473,0.037996979188003335,0.797175120964312
26003,GOF,0.008782138052272785,0.648678607839215,0.3425392541085122
26004,GOF,0.0231675828604419,0.7158516906032496,0.26098072653630844
26005,GOF,0.008546699011482528,0.5460714791958444,0.4453818217926731
26006,Neutral,0.47816650550909057,0.3077811876288902,0.21405230686201943
26007,GOF,0.016066655945154155,0.5811673606008453,0.4027659834540006
26008,GOF,0.01718942415131262,0.6439707288249631,0.3388398470237242
26009,GOF,0.0212193223868683,0.6497520212594926,0.3290286563536391
26010,GOF,0.022710469221937424,0.689085265824115,0.2882042649539475
26011,GOF,0.007535279165615167,0.5337826307410375,0.4586820900933473
26012,GOF,0.013278701110552299,0.6106601125465858,0.37606118634286184
26013,GOF,0.015700915450138454,0.6633171351713034,0.32098194937855823
26014,LOF,0.044502176678434716,0.168909678669696,0.7865881446518693
26015,LOF,0.20597335800856803,0.015175925882599833,0.7788507161088322
26016,LOF,0.2110647531925494,0.06623941477337598,0.7226958320340746
26017,LOF,0.17763593960916657,0.113232084879506,0.7091319755113275
26018,LOF,0.07925916252297228,0.07375432469346613,0.8469865127835616
26019,LOF,0.07551662144989835,0.05259498235966471,0.8718883961904369
26020,LOF,0.05103129357239623,0.1588498800769046,0.7901188263506992
26021,LOF,0.046356626873467616,0.18085470907537915,0.7727886640511532
26022,LOF,0.01169261752509581,0.0865579939536247,0.9017493885212794
26023,LOF,0.11101977037486302,0.04966644422388018,0.8393137854012568
26024,LOF,0.025812412000159844,0.15506457685150268,0.8191230111483375
26025,LOF,0.14037900951906954,0.14576363826092373,0.7138573522200068
26026,LOF,0.29044409389287035,0.030875546505495958,0.6786803596016338
26027,LOF,0.07597463798483006,0.03942775640691778,0.8845976056082522
26028,LOF,0.1587063532325614,0.0949488776891572,0.7463447690782813
26029,LOF,0.08634580173923381,0.1299126959408936,0.7837415023198726
26030,LOF,0.030296338535454822,0.0556947577628802,0.9140089037016649
26031,LOF,0.03575891394760131,0.10370703785477416,0.8605340481976245
26032,LOF,0.07551807353062781,0.059455801477543355,0.8650261249918288
26033,LOF,0.1290707151768064,0.06839449391650954,0.8025347909066841
26034,LOF,0.052508710351640134,0.11401592301674753,0.8334753666316123
26035,LOF,0.03580410332847725,0.10235438902926347,0.8618415076422593
26036,LOF,0.05360617404416628,0.12160137494972165,0.8247924510061121
26037,LOF,0.029297899342369108,0.0862259933416561,0.8844761073159748
26038,LOF,0.0724467171135205,0.057651261784364,0.8699020211021156
26039,LOF,0.06990943178187711,0.11014161797881429,0.8199489502393086
26040,LOF,0.22063651012384602,0.09934449915958266,0.6800189907165712
26041,LOF,0.02903500234349985,0.08045861009477227,0.8905063875617278
26042,LOF,0.028770931388536952,0.08368925429926848,0.8875398143121945
26043,LOF,0.07045150666064069,0.07654820281998763,0.8530002905193718
26044,LOF,0.02420722404266367,0.06527079332333838,0.910521982633998
26045,LOF,0.08073966423925866,0.07690683309439877,0.8423535026663425
26046,LOF,0.07366772655539025,0.07792848541267013,0.8484037880319397
26047,LOF,0.1079640032112881,0.08782527914805806,0.804210717640654
26048,LOF,0.05186117967827215,0.05783624343180248,0.8903025768899254
26049,Neutral,0.953232790094787,0.007917996906656895,0.038849212998556135
26050,Neutral,0.9342458687579759,0.009205348386884547,0.056548782855139736
26051,LOF,0.0573021266428591,0.33054634051777504,0.6121515328393659
26052,LOF,0.07519445579742834,0.29722107792919805,0.6275844662733736
26053,LOF,0.05971097731443192,0.13999999963277596,0.8002890230527921
26054,LOF,0.05739682494495384,0.04056399702338313,0.9020391780316629
26055,LOF,0.06602798845093069,0.02761988402467112,0.9063521275243982
26056,LOF,0.05667865521443985,0.033890859984510774,0.9094304848010494
26057,LOF,0.02929908844883737,0.01737849783331399,0.9533224137178485
26058,LOF,0.02953553199226766,0.015305095467671805,0.9551593725400604
26059,LOF,0.29157858993968017,0.04973889371681384,0.658682516343506
26060,LOF,0.027256543636849588,0.2498823774578387,0.7228610789053118
26061,LOF,0.01876737049424801,0.019044709103593693,0.9621879204021583
26062,LOF,0.011372537214403962,0.029754478857865887,0.9588729839277301
26063,LOF,0.02143040790092324,0.01899666389693428,0.9595729282021425
26064,LOF,0.023831961642088888,0.024868977374777192,0.9512990609831339
26065,LOF,0.024491850307050714,0.01952500922052548,0.9559831404724237
26066,LOF,0.020456583427447272,0.018719868392928704,0.9608235481796241
26067,LOF,0.025222433041454953,0.012620398268014404,0.9621571686905307
26068,LOF,0.04666428800211352,0.06170971124227437,0.8916260007556122
26069,LOF,0.26098684859382976,0.04082219614484418,0.6981909552613261
26070,LOF,0.3902308171421104,0.02542171526911798,0.5843474675887717
26071,LOF,0.02256643676232131,0.019157553263627235,0.9582760099740515
26072,LOF,0.023558955525132767,0.02702677872464885,0.9494142657502183
26073,LOF,0.023821238133448018,0.017404356387637054,0.9587744054789149
26074,Neutral,0.9106781780116092,0.008346478293596492,0.08097534369479441
26075,LOF,0.04245528274778039,0.025581157123463583,0.931963560128756
26076,LOF,0.04419266389692692,0.013357595016801225,0.9424497410862718
26077,LOF,0.009019225476149,0.02923417090238829,0.9617466036214628
26078,LOF,0.013839959019477958,0.019624068821622587,0.9665359721588994
26079,LOF,0.05572301244859184,0.03280959129795793,0.9114673962534503
26080,LOF,0.05484065878272984,0.032867188001845314,0.9122921532154248
26081,LOF,0.03368314287592367,0.011839284335674586,0.9544775727884017
26082,LOF,0.01886329713213557,0.027355175677196187,0.9537815271906683
26083,LOF,0.12796846980981963,0.02168175071817671,0.8503497794720036
26084,LOF,0.02622604951608819,0.024695737815371176,0.9490782126685406
26085,LOF,0.02196773199692746,0.02316846933853641,0.9548637986645362
26086,LOF,0.024699689113094843,0.01824877763641346,0.9570515332504917
26087,LOF,0.024799716940992148,0.011679083514333433,0.9635211995446744
26088,LOF,0.017766960257126214,0.03138833283339337,0.9508447069094805
26089,LOF,0.043392817562279,0.04281015406562289,0.913797028372098
26090,LOF,0.042701020643806896,0.03403626404546285,0.9232627153107302
26091,LOF,0.03825025244516281,0.010233200484999988,0.9515165470698371
26092,LOF,0.026019262280356052,0.013530000044132124,0.9604507376755119
26093,LOF,0.03665659490743895,0.009706026414847184,0.9536373786777139
26094,LOF,0.04259304151541162,0.010498000754650056,0.9469089577299384
26095,LOF,0.052552115852260634,0.024476041162164428,0.9229718429855749
26096,LOF,0.020807405384432726,0.022055374245578657,0.9571372203699887
26097,LOF,0.009628462668166679,0.060902186554331016,0.9294693507775023
26098,LOF,0.07698088701050325,0.02278326052523016,0.9002358524642666
26099,LOF,0.023913461206455783,0.02346678022909115,0.952619758564453
26100,LOF,0.025390473946988457,0.0222029429660149,0.9524065830869967
26101,LOF,0.05615612267998471,0.022043336879439577,0.9218005404405757
26102,LOF,0.025049936076244676,0.021637030281951915,0.9533130336418034
26103,Neutral,0.884674004188384,0.033941046690505974,0.08138494912110995
26104,LOF,0.06867829492267058,0.05852944116238094,0.8727922639149485
26105,LOF,0.23451595560607752,0.22853656995403582,0.5369474744398867
26106,LOF,0.18804811792806642,0.11581764398441009,0.6961342380875235
26107,LOF,0.24633716045048631,0.08602997812242869,0.667632861427085
26108,LOF,0.23032409791022287,0.12882526323033777,0.6408506388594395
26109,LOF,0.08216061226801132,0.14551730060009477,0.772322087131894
26110,LOF,0.26236454658881625,0.008274326531373121,0.7293611268798107
26111,LOF,0.46888512151623196,0.021802291339157467,0.5093125871446106
26112,LOF,0.03657234840841353,0.007561673443364644,0.9558659781482218
26113,LOF,0.05635146460058865,0.015966955317169053,0.9276815800822422
26114,LOF,0.02217175609683044,0.015437346371031495,0.962390897532138
26115,LOF,0.08054756046679935,0.0335551754101155,0.8858972641230851
26116,LOF,0.055046020613269235,0.025397107862650647,0.9195568715240802
26117,LOF,0.39765353250481894,0.05641173821801705,0.545934729277164
26118,LOF,0.04173420731675688,0.028971506609191674,0.9292942860740515
26119,LOF,0.0243140586482413,0.04149263214596634,0.9341933092057925
26120,LOF,0.02995949961021108,0.026291025233253443,0.9437494751565354
26121,LOF,0.06274602789043678,0.08057581348056846,0.8566781586289949
26122,LOF,0.05122529419965521,0.042441146984625484,0.9063335588157192
