feature0,prediction,LoGoFunc_Neutral,LoGoFunc_GOF,LoGoFunc_LOF
25546,Neutral,0.5009673732952257,0.09600976140437184,0.40302286530040254
25547,LOF,0.3535560916658747,0.2240982053158753,0.42234570301825
25548,LOF,0.29652981063394696,0.1883425514854317,0.5151276378806213
25549,LOF,0.26897566698213965,0.2464465029929286,0.4845778300249317
25550,LOF,0.2696884186674946,0.1427140415167381,0.5875975398157673
25551,LOF,0.2010041885992586,0.21423672432304297,0.5847590870776984
25552,LOF,0.21427616079934586,0.21306423480810915,0.572659604392545
25553,Neutral,0.7428508704059423,0.11723065734030169,0.13991847225375584
25554,LOF,0.22088899080555152,0.20564996975306696,0.5734610394413816
25555,LOF,0.2365689033672866,0.17726388464018714,0.5861672119925262
25556,LOF,0.3825980961229538,0.15024576617650465,0.46715613770054165
25557,LOF,0.2506198090996952,0.17287897467331348,0.5765012162269912
25558,LOF,0.22515773452500737,0.13661244089852975,0.6382298245764628
25559,LOF,0.3039030184207631,0.03594667923878677,0.6601503023404501
25560,LOF,0.10232939090499633,0.3319401342003803,0.5657304748946232
25561,LOF,0.09834771279239085,0.2738667514628019,0.6277855357448072
25562,LOF,0.041150315319842305,0.2700308885189982,0.6888187961611595
25563,LOF,0.03516986322545447,0.23352742069577845,0.7313027160787671
25564,LOF,0.05416193770616948,0.17545163577920225,0.7703864265146282
25565,Neutral,0.3369424456068182,0.3282954532235586,0.3347621011696233
25566,GOF,0.11721635933220648,0.6736718162954137,0.20911182437237977
25567,LOF,0.034701847316798484,0.14422028476849008,0.8210778679147115
25568,LOF,0.0642194526930462,0.09946527635311997,0.8363152709538338
25569,LOF,0.04939156778653391,0.12902292527206807,0.821585506941398
25570,LOF,0.05416193770616948,0.17545163577920225,0.7703864265146282
25571,LOF,0.05416193770616948,0.17545163577920225,0.7703864265146282
25572,LOF,0.06389359808940805,0.17080377558986123,0.7653026263207309
25573,LOF,0.05684988438493191,0.1918035694486422,0.7513465461664259
25574,GOF,0.05730374457762968,0.7709670206475785,0.1717292347747919
25575,LOF,0.05416193770616948,0.17545163577920225,0.7703864265146282
25576,LOF,0.024171740960833063,0.15892075547950316,0.8169075035596639
25577,LOF,0.027269453153764795,0.1899518865843064,0.7827786602619288
25578,LOF,0.09607652644126718,0.34013623265072934,0.5637872409080035
25579,LOF,0.08224555651236069,0.3241223166076694,0.5936321268799699
25580,LOF,0.05416193770616948,0.17545163577920225,0.7703864265146282
25581,LOF,0.052375801183494004,0.20440824418162,0.743215954634886
25582,LOF,0.052375801183494004,0.20440824418162,0.743215954634886
25583,LOF,0.05416193770616948,0.17545163577920225,0.7703864265146282
25584,Neutral,0.7176778808607039,0.08532160398706519,0.19700051515223096
25585,LOF,0.03346959073207236,0.11465495000479527,0.8518754592631324
25586,LOF,0.05416193770616948,0.17545163577920225,0.7703864265146282
25587,LOF,0.05416193770616948,0.17545163577920225,0.7703864265146282
25588,LOF,0.05416193770616948,0.17545163577920225,0.7703864265146282
25589,GOF,0.3602701296690562,0.3675547935408892,0.27217507679005454
25590,LOF,0.055298093091393996,0.20563886755549612,0.7390630393531099
25591,LOF,0.05866340327804473,0.13369919154111723,0.807637405180838
25592,GOF,0.22509396142965366,0.4790973534040486,0.29580868516629777
25593,GOF,0.06487270401665719,0.6983749187281868,0.23675237725515605
25594,LOF,0.06930777744731158,0.0961879608245042,0.8345042617281841
25595,LOF,0.08674716873775555,0.08067527557179047,0.832577555690454
25596,LOF,0.15656669145217472,0.05131182546298294,0.7921214830848423
25597,LOF,0.10919282736713734,0.10872208400890238,0.7820850886239603
25598,LOF,0.05468111472712635,0.10022896065204265,0.845089924620831
25599,GOF,0.015024240828531193,0.5958631422298176,0.3891126169416513
25600,GOF,0.04995311195360662,0.6999994431292674,0.250047444917126
25601,GOF,0.020691029647339508,0.5587942980611439,0.42051467229151657
25602,LOF,0.06789372368537852,0.12010736689673697,0.8119989094178846
25603,LOF,0.05416193770616948,0.17545163577920225,0.7703864265146282
25604,LOF,0.10198920722537237,0.20895695867635247,0.6890538340982753
25605,GOF,0.28933478134658724,0.37772431386391575,0.33294090478949706
25606,Neutral,0.6747462618541256,0.09144975520254603,0.23380398294332846
25607,LOF,0.06908875092750066,0.21970743332315273,0.7112038157493465
25608,LOF,0.05026652789443071,0.1729895289516578,0.7767439431539115
25609,GOF,0.0716907244453718,0.7449082964825998,0.1834009790720284
25610,LOF,0.05416193770616948,0.17545163577920225,0.7703864265146282
25611,LOF,0.05416193770616948,0.17545163577920225,0.7703864265146282
25612,LOF,0.07651991024197177,0.06662104041593346,0.8568590493420947
25613,LOF,0.08866150824419314,0.08058626360624013,0.8307522281495667
25614,LOF,0.05416193770616948,0.17545163577920225,0.7703864265146282
25615,LOF,0.05580626602962163,0.20958566662777112,0.7346080673426073
25616,LOF,0.05416193770616948,0.17545163577920225,0.7703864265146282
25617,LOF,0.05416193770616948,0.17545163577920225,0.7703864265146282
25618,GOF,0.11423717106956384,0.4518207109421107,0.43394211798832555
25619,LOF,0.05416193770616948,0.17545163577920225,0.7703864265146282
25620,LOF,0.05416193770616948,0.17545163577920225,0.7703864265146282
25621,LOF,0.07681077857841234,0.13558283668678817,0.7876063847347995
25622,LOF,0.09221737027506453,0.0755171140472845,0.832265515677651
25623,LOF,0.09620239734258736,0.058980420788143494,0.844817181869269
25624,LOF,0.05416193770616948,0.17545163577920225,0.7703864265146282
25625,LOF,0.09963448995846758,0.06345201103628864,0.8369134990052438
25626,LOF,0.06035326685652502,0.0921277833124947,0.8475189498309804
25627,Neutral,0.7989266755747992,0.10941696293431495,0.09165636149088582
25628,LOF,0.04360758610484448,0.38632581409951755,0.5700665997956379
25629,LOF,0.046222003015531095,0.24560783401005748,0.7081701629744114
25630,GOF,0.3519195071658909,0.3827290329244253,0.26535145990968384
25631,GOF,0.20144822689338449,0.4827609613101988,0.31579081179641677
25632,LOF,0.028708293619829413,0.10313567723782434,0.8681560291423464
25633,LOF,0.05416193770616948,0.17545163577920225,0.7703864265146282
25634,LOF,0.054039989488485665,0.12745401536841303,0.8185059951431013
25635,LOF,0.05416193770616948,0.17545163577920225,0.7703864265146282
25636,GOF,0.03523755271143338,0.5889657773453679,0.3757966699431987
25637,GOF,0.025131543324316736,0.5768712708307762,0.39799718584490706
25638,GOF,0.022742610307812917,0.641630040175037,0.33562734951715006
25639,GOF,0.03130203232532275,0.6259955131433914,0.34270245453128584
25640,Neutral,0.7439463383434455,0.17681142901481486,0.07924223264173974
25641,GOF,0.051029912334590206,0.6234201951633676,0.3255498925020423
25642,LOF,0.047920537950368554,0.3783214723454115,0.5737579897042199
25643,LOF,0.32596175022171225,0.16133306797646707,0.5127051818018207
25644,GOF,0.0188196148836764,0.6577587690276159,0.32342161608870756
25645,GOF,0.014497083939013918,0.6333629199147551,0.352139996146231
25646,GOF,0.03077041503287356,0.7396314245275695,0.229598160439557
25647,LOF,0.0157199764599368,0.4331487681090174,0.5511312554310458
25648,LOF,0.015497753835377479,0.4589984551979548,0.5255037909666677
25649,LOF,0.01707535880701901,0.32505324164695476,0.6578713995460261
25650,GOF,0.03427579037280567,0.6804734138792621,0.2852507957479322
25651,GOF,0.019435363007282165,0.4995144561788159,0.481050180813902
25652,GOF,0.021443035881886494,0.49426724859607907,0.48428971552203437
25653,GOF,0.09826940143817059,0.5294073785374641,0.37232322002436535
25654,LOF,0.016533493353647198,0.4508172263212907,0.5326492803250621
25655,GOF,0.04025275027455606,0.6045009295901171,0.3552463201353267
25656,LOF,0.14883421682905507,0.27368538780891516,0.5774803953620298
25657,LOF,0.06200305046645916,0.0750928905147904,0.8629040590187504
25658,LOF,0.06807967553279175,0.43076997863890554,0.5011503458283026
25659,GOF,0.19722134267177038,0.6484171692726136,0.154361488055616
25660,LOF,0.05416193770616948,0.17545163577920225,0.7703864265146282
25661,LOF,0.05416193770616948,0.17545163577920225,0.7703864265146282
25662,LOF,0.05416193770616948,0.17545163577920225,0.7703864265146282
25663,LOF,0.05416193770616948,0.17545163577920225,0.7703864265146282
25664,LOF,0.08306076494952407,0.15203510733724745,0.7649041277132285
25665,LOF,0.06705507235084174,0.146109540416316,0.7868353872328422
25666,LOF,0.08194636585689782,0.1564464249617925,0.7616072091813098
25667,LOF,0.05416193770616948,0.17545163577920225,0.7703864265146282
25668,LOF,0.05416193770616948,0.17545163577920225,0.7703864265146282
25669,LOF,0.05416193770616948,0.17545163577920225,0.7703864265146282
25670,LOF,0.08282389901988252,0.12252057536935089,0.7946555256107666
25671,LOF,0.05416193770616948,0.17545163577920225,0.7703864265146282
25672,LOF,0.05079929755135814,0.10580714012455499,0.8433935623240868
25673,LOF,0.07324722058383004,0.16006820625268603,0.7666845731634839
25674,LOF,0.06390767783865066,0.18931001678249557,0.7467823053788538
25675,LOF,0.07937181783408308,0.11297361980166465,0.8076545623642523
25676,LOF,0.05416193770616948,0.17545163577920225,0.7703864265146282
25677,LOF,0.05416193770616948,0.17545163577920225,0.7703864265146282
25678,LOF,0.06798494552597997,0.08434504243070069,0.8476700120433193
25679,LOF,0.10813014567481508,0.14492641517520682,0.7469434391499781
25680,LOF,0.05416193770616948,0.17545163577920225,0.7703864265146282
25681,LOF,0.05416193770616948,0.17545163577920225,0.7703864265146282
25682,LOF,0.05416193770616948,0.17545163577920225,0.7703864265146282
25683,LOF,0.0900715775979287,0.06600845437797155,0.8439199680240997
25684,LOF,0.05416193770616948,0.17545163577920225,0.7703864265146282
25685,LOF,0.060669494221091746,0.16839624107870235,0.7709342647002059
25686,GOF,0.02517079343176751,0.6219632080893571,0.35286599847887534
25687,GOF,0.04426524121607628,0.7820885040866544,0.17364625469726933
25688,GOF,0.1948499867633049,0.4238472408520573,0.3813027723846379
25689,LOF,0.11673141120521242,0.3311201709110271,0.5521484178837605
25690,LOF,0.13745816643270461,0.3894428961636233,0.47309893740367204
25691,Neutral,0.6458875129404933,0.19139859830444075,0.1627138887550659
25692,LOF,0.09976742707495263,0.07927946939387105,0.8209531035311763
25693,GOF,0.08712636467200444,0.6834531211786142,0.22942051414938142
25694,LOF,0.17915505090287118,0.053414461272090104,0.7674304878250386
25695,LOF,0.12552529260215295,0.09410385055917866,0.7803708568386684
25696,LOF,0.13008815860381207,0.06291094105319948,0.8070009003429884
25697,LOF,0.07426176116689692,0.2616479324905223,0.6640903063425807
25698,LOF,0.09705188009550993,0.4117300905078605,0.49121802939662956
25699,GOF,0.06991057922740382,0.5167993629150817,0.41329005785751444
25700,LOF,0.05416193770616948,0.17545163577920225,0.7703864265146282
25701,GOF,0.06421412002945932,0.626446432853455,0.3093394471170856
25702,GOF,0.15536842480549057,0.562032312920322,0.28259926227418736
25703,LOF,0.028711916030755576,0.10197223970896867,0.8693158442602757
25704,LOF,0.05416193770616948,0.17545163577920225,0.7703864265146282
25705,LOF,0.05416193770616948,0.17545163577920225,0.7703864265146282
25706,GOF,0.09306369508483461,0.7105698344489861,0.1963664704661792
25707,GOF,0.09322872158314001,0.7115693068461144,0.1952019715707456
25708,GOF,0.030458842648596104,0.627826392974321,0.341714764377083
25709,LOF,0.05416193770616948,0.17545163577920225,0.7703864265146282
25710,LOF,0.022962798285407558,0.19767469866557966,0.7793625030490129
25711,LOF,0.05416193770616948,0.17545163577920225,0.7703864265146282
25712,LOF,0.034727416604513915,0.18814537566951592,0.7771272077259701
25713,LOF,0.05416193770616948,0.17545163577920225,0.7703864265146282
25714,LOF,0.05416193770616948,0.17545163577920225,0.7703864265146282
25715,LOF,0.05416193770616948,0.17545163577920225,0.7703864265146282
25716,LOF,0.023351343815202135,0.10870485931804538,0.8679437968667526
25717,LOF,0.019642356997504284,0.23404815976623558,0.7463094832362601
25718,LOF,0.05416193770616948,0.17545163577920225,0.7703864265146282
25719,LOF,0.05416193770616948,0.17545163577920225,0.7703864265146282
25720,LOF,0.05416193770616948,0.17545163577920225,0.7703864265146282
25721,LOF,0.05416193770616948,0.17545163577920225,0.7703864265146282
25722,LOF,0.05416193770616948,0.17545163577920225,0.7703864265146282
25723,LOF,0.05416193770616948,0.17545163577920225,0.7703864265146282
25724,LOF,0.14883421682905507,0.27368538780891516,0.5774803953620298
25725,LOF,0.05416193770616948,0.17545163577920225,0.7703864265146282
25726,LOF,0.05416193770616948,0.17545163577920225,0.7703864265146282
25727,LOF,0.05416193770616948,0.17545163577920225,0.7703864265146282
25728,LOF,0.05416193770616948,0.17545163577920225,0.7703864265146282
25729,LOF,0.05416193770616948,0.17545163577920225,0.7703864265146282
25730,LOF,0.05416193770616948,0.17545163577920225,0.7703864265146282
25731,LOF,0.027002433972909325,0.23863095534345738,0.7343666106836333
25732,LOF,0.05416193770616948,0.17545163577920225,0.7703864265146282
25733,LOF,0.05416193770616948,0.17545163577920225,0.7703864265146282
25734,LOF,0.029766573483742974,0.18720363071026494,0.7830297958059921
25735,LOF,0.05416193770616948,0.17545163577920225,0.7703864265146282
25736,LOF,0.05416193770616948,0.17545163577920225,0.7703864265146282
25737,LOF,0.05416193770616948,0.17545163577920225,0.7703864265146282
25738,LOF,0.05416193770616948,0.17545163577920225,0.7703864265146282
25739,LOF,0.05416193770616948,0.17545163577920225,0.7703864265146282
25740,LOF,0.05416193770616948,0.17545163577920225,0.7703864265146282
25741,LOF,0.05416193770616948,0.17545163577920225,0.7703864265146282
25742,LOF,0.05416193770616948,0.17545163577920225,0.7703864265146282
25743,LOF,0.023970392008764756,0.13513602432437574,0.8408935836668595
25744,GOF,0.13887227989288284,0.6762930221902403,0.18483469791687673
25745,GOF,0.021456693437418548,0.5421968701547779,0.43634643640780346
25746,GOF,0.01573301405121421,0.5325843824993456,0.4516826034494402
25747,LOF,0.05416193770616948,0.17545163577920225,0.7703864265146282
25748,LOF,0.08224555651236069,0.3241223166076694,0.5936321268799699
25749,GOF,0.018893512483244664,0.6791109006505109,0.30199558686624445
25750,GOF,0.017263191309982953,0.6438939623810671,0.33884284630895
25751,LOF,0.05416193770616948,0.17545163577920225,0.7703864265146282
25752,GOF,0.05346067459468043,0.5161539908391379,0.4303853345661817
25753,LOF,0.020898132633059653,0.1820907609758412,0.7970111063910992
25754,GOF,0.02633914282716394,0.6063671148837335,0.3672937422891025
25755,LOF,0.026810574078672093,0.176980866168672,0.7962085597526559
25756,LOF,0.04659041540220402,0.28666669309221643,0.6667428915055794
25757,GOF,0.018044195910719873,0.6767729461555319,0.3051828579337482
25758,GOF,0.027702519961678093,0.7012583814214074,0.2710390986169145
25759,GOF,0.025885856353409786,0.5059837699985688,0.46813037364802146
25760,LOF,0.026042732909277513,0.1768004821416221,0.7971567849491002
25761,GOF,0.22833906371123533,0.6298898585325886,0.14177107775617603
25762,LOF,0.051236040704610825,0.15683966864307536,0.7919242906523138
25763,LOF,0.017873006702516896,0.20786258801481897,0.7742644052826642
25764,GOF,0.04775823366124394,0.7717167997856659,0.18052496655309022
25765,GOF,0.02000170905202787,0.6110291022655966,0.3689691886823755
25766,GOF,0.04019796956633529,0.6331418464621072,0.3266601839715574
25767,GOF,0.1756380690183847,0.5385138238052423,0.2858481071763731
25768,LOF,0.05416193770616948,0.17545163577920225,0.7703864265146282
25769,LOF,0.05416193770616948,0.17545163577920225,0.7703864265146282
25770,Neutral,0.5223796307805308,0.07753278154778655,0.4000875876716826
25771,LOF,0.0818712441196031,0.1135069136035929,0.8046218422768039
25772,LOF,0.05416193770616948,0.17545163577920225,0.7703864265146282
25773,LOF,0.07980128312574497,0.13762508435365894,0.7825736325205961
25774,LOF,0.05046007473395437,0.11517575846244357,0.8343641668036021
25775,LOF,0.0712022244285434,0.2567488254803871,0.6720489500910695
25776,LOF,0.05416193770616948,0.17545163577920225,0.7703864265146282
25777,LOF,0.22565635757806624,0.07984348901757762,0.6945001534043561
25778,LOF,0.05416193770616948,0.17545163577920225,0.7703864265146282
25779,Neutral,0.5011019480751489,0.2854949087075757,0.2134031432172754
25780,Neutral,0.6647288392926478,0.14907686138271956,0.18619429932463252
25781,GOF,0.28045742341331614,0.5578202436358106,0.1617223329508733
25782,GOF,0.1890824328056503,0.6310984304582538,0.17981913673609595
25783,GOF,0.16269911666110917,0.6227503907702451,0.21455049256864578
25784,Neutral,0.5261845746776692,0.33529115517886526,0.13852427014346563
25785,Neutral,0.5545078105058157,0.31873448323739106,0.12675770625679333
25786,GOF,0.08359969151725288,0.6114222015460375,0.3049781069367095
25787,Neutral,0.7537516687571574,0.1596069184139809,0.0866414128288619
25788,LOF,0.05416193770616948,0.17545163577920225,0.7703864265146282
25789,GOF,0.24569917163337382,0.5360763989003313,0.2182244294662948
25790,GOF,0.23222781424091343,0.4810482363169984,0.28672394944208807
25791,GOF,0.12803183684041525,0.7329267787915165,0.13904138436806832
25792,GOF,0.2513530407092133,0.5811883819228412,0.16745857736794545
25793,Neutral,0.5014394632710294,0.2883701852811277,0.21019035144784298
25794,GOF,0.3552481045787791,0.467603513154407,0.17714838226681387
25795,GOF,0.05006653519994608,0.8229048510300009,0.127028613770053
25796,Neutral,0.5898780112087935,0.2041042334757053,0.20601775531550123
25797,GOF,0.18388318521091393,0.6216936574945447,0.19442315729454138
25798,GOF,0.028093847023237636,0.8205442797887473,0.15136187318801514
25799,GOF,0.028667500844763043,0.6845379904571622,0.28679450869807477
25800,GOF,0.06608706061361251,0.7144361187058704,0.21947682068051697
25801,GOF,0.22990075613598096,0.6061986784744153,0.1639005653896037
25802,GOF,0.2893426183292625,0.5619011116318693,0.14875627003886832
25803,GOF,0.20818057140327556,0.5884793799226865,0.20334004867403796
25804,GOF,0.11268703196431971,0.7421506052866647,0.14516236274901562
25805,GOF,0.13668800875661039,0.7103087366515807,0.15300325459180888
25806,GOF,0.21938755023570872,0.5734563215493288,0.20715612821496251
25807,GOF,0.042521645553232894,0.7656203633363333,0.19185799111043383
25808,GOF,0.10368771483084246,0.782905406400981,0.11340687876817648
25809,GOF,0.042402166182064584,0.6253375710181185,0.332260262799817
25810,GOF,0.046976592830263064,0.6307236915285732,0.3222997156411636
25811,GOF,0.32905332091515893,0.5256388681270955,0.14530781095774564
25812,GOF,0.26624696686590565,0.6064621206390105,0.12729091249508395
25813,Neutral,0.6119770186149041,0.2549494975582091,0.13307348382688677
25814,GOF,0.13831714557129804,0.6539691844574643,0.20771366997123777
25815,GOF,0.27581687572987623,0.5062967292359841,0.2178863950341397
25816,GOF,0.08087970491001717,0.6986924074294086,0.22042788766057422
25817,GOF,0.19072193049266029,0.5907985292625204,0.21847954024481922
25818,GOF,0.10287920946676435,0.7803788835423136,0.116741906990922
25819,Neutral,0.4008426619008032,0.32341849253444105,0.27573884556475564
25820,GOF,0.23600183828306245,0.5930955713620653,0.1709025903548722
25821,GOF,0.1059272508057716,0.7434178533967626,0.15065489579746588
25822,GOF,0.39931937575371623,0.46399690823259987,0.13668371601368395
25823,GOF,0.10298286204263718,0.7871156033162123,0.1099015346411505
25824,GOF,0.22905743381592664,0.5496288518417725,0.22131371434230088
25825,GOF,0.11447512888454105,0.7071678708176646,0.17835700029779453
25826,GOF,0.03178942608223828,0.727320228819136,0.24089034509862575
25827,GOF,0.03832408754762872,0.7596370105170273,0.20203890193534416
25828,GOF,0.034557637886562034,0.7521160450885346,0.21332631702490343
25829,GOF,0.026148629702770754,0.6583640839049084,0.3154872863923208
25830,GOF,0.11423717106956384,0.4518207109421107,0.43394211798832555
25831,GOF,0.11545281986602146,0.7037685273866795,0.180778652747299
25832,GOF,0.05628192293985113,0.6637911731131859,0.279926903946963
25833,GOF,0.1721744225489512,0.5532354296574482,0.2745901477936006
25834,GOF,0.07296750824732647,0.6762462247490096,0.25078626700366385
25835,GOF,0.21755744950127615,0.4804606898529938,0.3019818606457299
25836,GOF,0.06538394939719404,0.6983135523340386,0.23630249826876734
25837,GOF,0.04297938405646407,0.7305211746498527,0.22649944129368332
25838,GOF,0.21941058528000945,0.6293229815049115,0.15126643321507913
25839,GOF,0.278736823019493,0.44435952756719,0.2769036494133171
25840,GOF,0.13073998036114698,0.620772909408828,0.24848711023002495
25841,GOF,0.18139147040607448,0.5890308479290653,0.22957768166486017
25842,GOF,0.17416778225266155,0.6569909438246007,0.16884127392273796
25843,GOF,0.29672510863108253,0.383394334589365,0.31988055677955246
25844,GOF,0.2131920265732491,0.5467383645362389,0.24006960889051196
25845,GOF,0.029721175210940597,0.6493253173126776,0.3209535074763818
25846,GOF,0.11149666989023804,0.6632956523476138,0.22520767776214817
25847,GOF,0.08224155156124621,0.7579441876102604,0.15981426082849334
25848,GOF,0.1030224151935079,0.7497244985895711,0.14725308621692093
25849,GOF,0.03122056662924229,0.7513081625608269,0.21747127080993087
25850,GOF,0.042774461983671894,0.715024796503826,0.24220074151250204
25851,GOF,0.034499354172169205,0.7374236907939303,0.22807695503390038
25852,GOF,0.19404523776486718,0.6602766551700466,0.14567810706508613
25853,Neutral,0.40864642166301646,0.40416184346875333,0.18719173486823026
25854,GOF,0.021627794113615678,0.795351488438403,0.18302071744798135
25855,GOF,0.14409339610805363,0.5874908810862747,0.2684157228056717
25856,Neutral,0.509108421703786,0.23438414909114444,0.2565074292050695
25857,GOF,0.10082944201213155,0.7302969036188982,0.16887365436897037
25858,GOF,0.05489580106553653,0.7630640827356544,0.18204011619880914
25859,GOF,0.03056156779988382,0.7298791947232558,0.23955923747686036
25860,Neutral,0.43199597480739665,0.36513132674548054,0.2028726984471227
25861,GOF,0.2654242861015712,0.5050052589743713,0.22957045492405753
25862,GOF,0.1860090550937342,0.6763408460115203,0.13765009889474533
25863,GOF,0.2806793402351428,0.4618263744267559,0.2574942853381012
25864,GOF,0.16332991766664026,0.5273765674620363,0.3092935148713235
25865,GOF,0.08439811723894962,0.7444996917772155,0.17110219098383472
25866,GOF,0.16128519235873753,0.6493162823137691,0.18939852532749352
25867,GOF,0.22277264716336462,0.6035193184759331,0.17370803436070237
25868,GOF,0.38182146440613585,0.4628987873351119,0.1552797482587522
25869,Neutral,0.7225126228001417,0.2180296372169458,0.059457739982912476
25870,GOF,0.22509396142965366,0.4790973534040486,0.29580868516629777
25871,GOF,0.07184211063067286,0.6159107253462129,0.31224716402311425
25872,GOF,0.2077621396007761,0.5128854560250581,0.27935240437416586
25873,GOF,0.20641710954044168,0.5645985254375165,0.2289843650220417
25874,LOF,0.05416193770616948,0.17545163577920225,0.7703864265146282
25875,GOF,0.04552731716056315,0.7549633851313766,0.19950929770806017
25876,LOF,0.027237300169505235,0.32699180602750927,0.6457708938029856
25877,Neutral,0.4210201573822914,0.3922649390456133,0.18671490357209525
25878,GOF,0.14204769465520464,0.6514017734146481,0.20655053193014727
25879,GOF,0.03836432139972344,0.652351237067707,0.3092844415325695
25880,LOF,0.05416193770616948,0.17545163577920225,0.7703864265146282
25881,GOF,0.2733218638713226,0.40717390174829754,0.3195042343803797
25882,LOF,0.07262112359716909,0.19467869535759613,0.7327001810452347
25883,LOF,0.05416193770616948,0.17545163577920225,0.7703864265146282
25884,LOF,0.07639367492337275,0.1513222904987154,0.7722840345779118
25885,LOF,0.06821536966134897,0.14866583761207994,0.7831187927265711
25886,LOF,0.08224555651236069,0.3241223166076694,0.5936321268799699
25887,LOF,0.08673466713949975,0.41566576171479525,0.49759957114570497
25888,LOF,0.18011251387261182,0.34691521368252737,0.47297227244486084
25889,LOF,0.09683998716742749,0.09959783149791264,0.8035621813346598
25890,LOF,0.11536350802803447,0.20077160120511303,0.6838648907668525
25891,LOF,0.06786477164958604,0.1064818231466139,0.8256534052038
25892,LOF,0.07956077687523494,0.3178021450993631,0.6026370780254019
25893,LOF,0.07618087352412167,0.3864330360194564,0.537386090456422
25894,LOF,0.0690976738470174,0.2494705414440504,0.6814317847089323
25895,LOF,0.08808583258770476,0.2505432151706896,0.6613709522416056
25896,LOF,0.0523008703763038,0.24722122229270366,0.7004779073309926
25897,LOF,0.10461741139315799,0.36780986880344013,0.5275727198034019
25898,Neutral,0.37740035608638345,0.2555442469592507,0.3670553969543659
25899,LOF,0.09607652644126718,0.34013623265072934,0.5637872409080035
25900,Neutral,0.9255201174809998,0.016596900806974516,0.057882981712025564
25901,LOF,0.05416193770616948,0.17545163577920225,0.7703864265146282
25902,LOF,0.07984968985679511,0.15134982086349716,0.7688004892797078
25903,LOF,0.1508656421722248,0.3572422504531915,0.49189210737458366
25904,LOF,0.1728717875198038,0.3136474432146076,0.5134807692655886
25905,GOF,0.053576008666320354,0.6825144680407491,0.26390952329293055
25906,LOF,0.02428583555369171,0.11169254123427644,0.8640216232120318
25907,GOF,0.020572324303785743,0.6257026451589387,0.3537250305372756
25908,GOF,0.01902359525484835,0.5743577661953319,0.4066186385498197
25909,LOF,0.05416193770616948,0.17545163577920225,0.7703864265146282
25910,LOF,0.03232243212601901,0.34401255077138454,0.6236650171025964
25911,LOF,0.07133590171560106,0.13692316887289183,0.7917409294115071
25912,LOF,0.025477343419916795,0.316136453017614,0.6583862035624692
25913,LOF,0.09364774268105891,0.23691919477948145,0.6694330625394597
25914,LOF,0.05416193770616948,0.17545163577920225,0.7703864265146282
25915,GOF,0.26255356079494024,0.5584984276621233,0.17894801154293638
25916,GOF,0.025889129155410754,0.5208875378511295,0.4532233329934596
25917,LOF,0.05041919775798762,0.09888858066044658,0.8506922215815658
25918,LOF,0.05416193770616948,0.17545163577920225,0.7703864265146282
25919,LOF,0.05416193770616948,0.17545163577920225,0.7703864265146282
25920,GOF,0.07126283711413305,0.7458143821901779,0.18292278069568896
25921,LOF,0.037182438363428154,0.22092400991296507,0.7418935517236068
25922,LOF,0.03769279200381821,0.21814235858778797,0.7441648494083938
25923,LOF,0.08418532517796695,0.3208307320879991,0.5949839427340339
25924,LOF,0.040929785190150496,0.1410734687430275,0.817996746066822
25925,LOF,0.05085045355477892,0.13083085441728112,0.8183186920279399
25926,LOF,0.05079929755135814,0.10580714012455499,0.8433935623240868
25927,GOF,0.019707533107259024,0.5296964837827911,0.4505959831099498
25928,LOF,0.021185979645232094,0.1394525863089874,0.8393614340457805
25929,LOF,0.2776177658436811,0.28348587320382246,0.4388963609524964
25930,LOF,0.05416193770616948,0.17545163577920225,0.7703864265146282
25931,LOF,0.02725528077494622,0.11474936423339886,0.8579953549916549
25932,LOF,0.05416193770616948,0.17545163577920225,0.7703864265146282
25933,LOF,0.05416193770616948,0.17545163577920225,0.7703864265146282
25934,LOF,0.05416193770616948,0.17545163577920225,0.7703864265146282
25935,LOF,0.05122442303314879,0.09448098991892605,0.8542945870479252
25936,LOF,0.05416193770616948,0.17545163577920225,0.7703864265146282
25937,LOF,0.03191484715426706,0.1480860232403952,0.8199991296053377
25938,LOF,0.06466204686604986,0.09753807627897397,0.8377998768549763
25939,LOF,0.05416193770616948,0.17545163577920225,0.7703864265146282
25940,LOF,0.026592513944946584,0.32011065285418344,0.6532968332008701
25941,GOF,0.1165411680565856,0.6264338557440875,0.25702497619932685
25942,LOF,0.02860517933509168,0.11031212842017407,0.8610826922447342
25943,GOF,0.15385334829248828,0.5534919127313527,0.2926547389761591
25944,GOF,0.3190796204771393,0.3981388932682629,0.2827814862545978
25945,GOF,0.11423717106956384,0.4518207109421107,0.43394211798832555
25946,LOF,0.022410176830177927,0.11858391439931962,0.8590059087705024
25947,GOF,0.12956626948326974,0.46796928423835904,0.4024644462783713
25948,LOF,0.34199168579385136,0.04412117227678687,0.6138871419293619
25949,LOF,0.07266076476505436,0.16388325275698165,0.763455982477964
25950,GOF,0.24467297070152505,0.4779634376814006,0.27736359161707436
25951,LOF,0.16095683030800176,0.2660395190444113,0.5730036506475868
25952,LOF,0.03801266231719894,0.43475799544081006,0.5272293422419909
25953,GOF,0.05276850978191061,0.6432183575953528,0.30401313262273655
25954,GOF,0.23765520695516212,0.4476715165722569,0.3146732764725809
25955,GOF,0.04024740975627739,0.5438229865705985,0.41592960367312426
25956,GOF,0.032376326853936335,0.4966121054565819,0.47101156768948177
25957,LOF,0.07519297615641096,0.07391591890993321,0.8508911049336558
25958,LOF,0.05416193770616948,0.17545163577920225,0.7703864265146282
25959,GOF,0.04301016178227823,0.6498793597916451,0.30711047842607675
25960,LOF,0.028492498959794096,0.1998276286741666,0.7716798723660393
25961,LOF,0.05416193770616948,0.17545163577920225,0.7703864265146282
25962,LOF,0.08372888352284619,0.08138221108042269,0.8348889053967312
25963,GOF,0.03587933964492035,0.6036676174487808,0.36045304290629876
25964,LOF,0.05416193770616948,0.17545163577920225,0.7703864265146282
25965,Neutral,0.6055894156940246,0.19037561273365275,0.2040349715723226
25966,LOF,0.09607652644126718,0.34013623265072934,0.5637872409080035
25967,LOF,0.0315043348380474,0.14639583605516476,0.8220998291067878
25968,GOF,0.04921158826682964,0.6431985188031499,0.30758989293002037
25969,LOF,0.03784857053859706,0.1020042307958446,0.8601471986655583
25970,LOF,0.03147719872732649,0.12858368656892574,0.8399391147037478
25971,LOF,0.05416193770616948,0.17545163577920225,0.7703864265146282
25972,LOF,0.05416193770616948,0.17545163577920225,0.7703864265146282
25973,LOF,0.08133961044118726,0.13787076590310893,0.7807896236557039
25974,Neutral,0.5056450937465664,0.27656561789726347,0.21778928835617012
25975,LOF,0.05416193770616948,0.17545163577920225,0.7703864265146282
25976,LOF,0.022306065784303025,0.1638011000268201,0.8138928341888768
25977,LOF,0.02612998653416585,0.4638841610563902,0.5099858524094439
25978,LOF,0.2172185628961717,0.22777662799485301,0.5550048091089752
25979,LOF,0.21406958910418755,0.1884761509185258,0.5974542599772866
25980,LOF,0.157205520942018,0.3500524859123317,0.4927419931456503
25981,LOF,0.157205520942018,0.3500524859123317,0.4927419931456503
25982,LOF,0.40291017904620796,0.12916296673786853,0.4679268542159234
25983,Neutral,0.5361275332846196,0.14899561786074825,0.3148768488546321
25984,LOF,0.05416193770616948,0.17545163577920225,0.7703864265146282
25985,GOF,0.0332304093293613,0.7126996873797545,0.2540699032908842
25986,GOF,0.046270232484769726,0.6675941431621798,0.28613562435305034
25987,LOF,0.062057048370998034,0.14373932193015101,0.7942036296988509
25988,LOF,0.05416193770616948,0.17545163577920225,0.7703864265146282
25989,LOF,0.05416193770616948,0.17545163577920225,0.7703864265146282
25990,LOF,0.05416193770616948,0.17545163577920225,0.7703864265146282
25991,GOF,0.09689221463535702,0.7497542804766125,0.15335350488803048
25992,GOF,0.13691362857270875,0.625054328738967,0.23803204268832423
25993,LOF,0.05416193770616948,0.17545163577920225,0.7703864265146282
25994,LOF,0.05416193770616948,0.17545163577920225,0.7703864265146282
25995,LOF,0.05416193770616948,0.17545163577920225,0.7703864265146282
25996,GOF,0.06196295579590376,0.6808720389519293,0.257165005252167
25997,GOF,0.07476270628140143,0.7553683722021756,0.16986892151642297
25998,LOF,0.20654709241621486,0.37470978306125446,0.4187431245225306
25999,GOF,0.33517748692233673,0.3880481016057172,0.2767744114719461
26000,LOF,0.06333135854672439,0.08562106551420268,0.851047575939073
26001,LOF,0.10492076724626845,0.39168336442703705,0.5033958683266945
26002,LOF,0.07780710072560973,0.220194483135944,0.7019984161384463
26003,GOF,0.04028028949234135,0.5893175981914646,0.37040211231619413
26004,GOF,0.07439308128067994,0.5875065393777599,0.33810037934156006
26005,GOF,0.030946445358994795,0.5068125569902491,0.46224099765075616
26006,Neutral,0.6422203494479327,0.21949487919593977,0.1382847713561275
26007,GOF,0.05569566724634422,0.6976182774677323,0.24668605528592347
26008,GOF,0.027540361078296716,0.7493407270073973,0.22311891191430602
26009,GOF,0.061162977371761414,0.7504196221857206,0.18841740044251803
26010,GOF,0.027588887416766725,0.7319105317345439,0.24050058084868942
26011,GOF,0.022628148689208216,0.5329752297280314,0.4443966215827605
26012,GOF,0.030340064001442294,0.7430628829897253,0.22659705300883237
26013,GOF,0.02052789645430145,0.6573826831204892,0.32208942042520927
26014,LOF,0.07659009160582012,0.2223369982876279,0.701072910106552
26015,LOF,0.1826687035898051,0.04868300282738567,0.7686482935828092
26016,LOF,0.3280837741261764,0.33226589026007547,0.3396503356137482
26017,GOF,0.18864890525617897,0.568708525455816,0.2426425692880051
26018,LOF,0.05416193770616948,0.17545163577920225,0.7703864265146282
26019,LOF,0.05416193770616948,0.17545163577920225,0.7703864265146282
26020,LOF,0.07998963328943602,0.39984851589616094,0.520161850814403
26021,GOF,0.06230984291420383,0.484084081379806,0.4536060757059902
26022,LOF,0.023018321174336914,0.1829643170301216,0.7940173617955414
26023,LOF,0.14883421682905507,0.27368538780891516,0.5774803953620298
26024,LOF,0.036431183880182696,0.4393115131689229,0.5242573029508945
26025,GOF,0.23260913435771846,0.5375197216446665,0.22987114399761494
26026,Neutral,0.6261434122165583,0.22604749201490826,0.14780909576853327
26027,LOF,0.05416193770616948,0.17545163577920225,0.7703864265146282
26028,LOF,0.41201442877928485,0.1413841150075372,0.4466014562131779
26029,GOF,0.05298539882931486,0.7566629138135301,0.190351687357155
26030,LOF,0.02016358617134163,0.16302873377990848,0.8168076800487498
26031,GOF,0.01874932130648779,0.7094169200555441,0.27183375863796805
26032,LOF,0.05416193770616948,0.17545163577920225,0.7703864265146282
26033,LOF,0.14883421682905507,0.27368538780891516,0.5774803953620298
26034,GOF,0.037161893824197295,0.6692826302282785,0.29355547594752424
26035,GOF,0.02226996311612149,0.6960860882000899,0.2816439486837887
26036,LOF,0.018416759146373887,0.4878839501700544,0.4936992906835717
26037,GOF,0.014785659712098673,0.545154442432483,0.4400598978554183
26038,LOF,0.05416193770616948,0.17545163577920225,0.7703864265146282
26039,GOF,0.035040785165071815,0.682614176809438,0.2823450380254901
26040,GOF,0.20512401631078397,0.5568755225451699,0.2380004611440462
26041,GOF,0.01790925704863854,0.4914108798713196,0.4906798630800419
26042,GOF,0.013529731979584216,0.5152951442301604,0.4711751237902554
26043,LOF,0.05416193770616948,0.17545163577920225,0.7703864265146282
26044,LOF,0.024205039173362662,0.16523608037252185,0.8105588804541154
26045,GOF,0.07908316984584965,0.600612580832778,0.3203042493213723
26046,LOF,0.05416193770616948,0.17545163577920225,0.7703864265146282
26047,LOF,0.05416193770616948,0.17545163577920225,0.7703864265146282
26048,LOF,0.09642094425404499,0.10329513435584561,0.8002839213901094
26049,Neutral,0.8981885124391847,0.06268610300442566,0.039125384556389496
26050,Neutral,0.8543790609683763,0.07216533487620944,0.0734556041554144
26051,GOF,0.05405895520642128,0.6042918684556438,0.34164917633793496
26052,GOF,0.03479160659801955,0.7106832299328977,0.2545251634690829
26053,LOF,0.03288234017330579,0.21089079267299846,0.7562268671536958
26054,LOF,0.06363757633188555,0.12676574059236742,0.8095966830757471
26055,LOF,0.06534081690348731,0.12868229783785254,0.8059768852586602
26056,LOF,0.05020623015420368,0.11952534324464542,0.8302684266011509
26057,LOF,0.05416193770616948,0.17545163577920225,0.7703864265146282
26058,LOF,0.05416193770616948,0.17545163577920225,0.7703864265146282
26059,Neutral,0.548973521342295,0.24127257419092377,0.20975390446678122
26060,GOF,0.11960002610957338,0.6637975657940762,0.21660240809635026
26061,LOF,0.032490292857412145,0.2327943346426169,0.7347153724999709
26062,LOF,0.024199346467478598,0.14059998913185914,0.8352006644006622
26063,LOF,0.05416193770616948,0.17545163577920225,0.7703864265146282
26064,LOF,0.0279709825642364,0.1582091924805001,0.8138198249552635
26065,LOF,0.05416193770616948,0.17545163577920225,0.7703864265146282
26066,LOF,0.05416193770616948,0.17545163577920225,0.7703864265146282
26067,LOF,0.05416193770616948,0.17545163577920225,0.7703864265146282
26068,LOF,0.05268694835979213,0.13471882991348866,0.8125942217267192
26069,LOF,0.26866162069373145,0.15508972639832014,0.5762486529079484
26070,Neutral,0.6626671360567876,0.07792207482573076,0.25941078911748167
26071,LOF,0.05416193770616948,0.17545163577920225,0.7703864265146282
26072,LOF,0.02554362555906462,0.20640028007672676,0.7680560943642086
26073,LOF,0.05416193770616948,0.17545163577920225,0.7703864265146282
26074,Neutral,0.9149467896918185,0.03395882476152154,0.051094385546659925
26075,LOF,0.051657462641329144,0.17974120733043247,0.7686013300282384
26076,LOF,0.05416193770616948,0.17545163577920225,0.7703864265146282
26077,LOF,0.030152956007869665,0.1779900630180413,0.791856980974089
26078,LOF,0.022740617111141843,0.2299137757704801,0.7473456071183779
26079,LOF,0.05182394503740264,0.14606230360652378,0.8021137513560737
26080,LOF,0.05182394503740264,0.14606230360652378,0.8021137513560737
26081,LOF,0.05416193770616948,0.17545163577920225,0.7703864265146282
26082,LOF,0.030963702007540547,0.12849678081751426,0.8405395171749452
26083,LOF,0.05416193770616948,0.17545163577920225,0.7703864265146282
26084,LOF,0.05416193770616948,0.17545163577920225,0.7703864265146282
26085,LOF,0.05416193770616948,0.17545163577920225,0.7703864265146282
26086,LOF,0.05416193770616948,0.17545163577920225,0.7703864265146282
26087,LOF,0.05416193770616948,0.17545163577920225,0.7703864265146282
26088,LOF,0.03577944224823717,0.21908984842900137,0.7451307093227615
26089,LOF,0.06456120356561304,0.11760486082936815,0.8178339356050187
26090,LOF,0.051499645312311056,0.10918923278409473,0.8393111219035942
26091,LOF,0.05416193770616948,0.17545163577920225,0.7703864265146282
26092,LOF,0.05416193770616948,0.17545163577920225,0.7703864265146282
26093,LOF,0.05416193770616948,0.17545163577920225,0.7703864265146282
26094,LOF,0.05416193770616948,0.17545163577920225,0.7703864265146282
26095,LOF,0.037505274154967384,0.1442029592143937,0.818291766630639
26096,LOF,0.03725121484058418,0.13088258290293284,0.831866202256483
26097,LOF,0.027266834479181913,0.1762230899100248,0.7965100756107933
26098,LOF,0.05809491987758199,0.11224405043088417,0.8296610296915339
26099,LOF,0.05416193770616948,0.17545163577920225,0.7703864265146282
26100,LOF,0.05416193770616948,0.17545163577920225,0.7703864265146282
26101,LOF,0.05416193770616948,0.17545163577920225,0.7703864265146282
26102,LOF,0.05416193770616948,0.17545163577920225,0.7703864265146282
26103,Neutral,0.6526584669719409,0.17130161707928082,0.17603991594877832
26104,LOF,0.054425357243906076,0.06666587286435353,0.8789087698917405
26105,GOF,0.13583448202799175,0.4856833576247487,0.3784821603472596
26106,LOF,0.1107915053368344,0.18974575635434413,0.6994627383088214
26107,LOF,0.11170360527868056,0.3797803475473939,0.5085160471739255
26108,LOF,0.10869789825985635,0.3432150039498744,0.5480870977902692
26109,LOF,0.061733774076767764,0.08370640181090863,0.8545598241123236
26110,LOF,0.25154109789659634,0.06254061149832238,0.6859182906050814
26111,LOF,0.23015257033895634,0.3340938614798415,0.43575356818120226
26112,LOF,0.05416193770616948,0.17545163577920225,0.7703864265146282
26113,LOF,0.05416193770616948,0.17545163577920225,0.7703864265146282
26114,LOF,0.0366286801730037,0.1511686180652387,0.8122027017617577
26115,LOF,0.07471707339831851,0.24481384105943904,0.6804690855422424
26116,LOF,0.05416193770616948,0.17545163577920225,0.7703864265146282
26117,LOF,0.09607652644126718,0.34013623265072934,0.5637872409080035
26118,LOF,0.05416193770616948,0.17545163577920225,0.7703864265146282
26119,LOF,0.06718060677294703,0.27901203157904786,0.6538073616480052
26120,LOF,0.05416193770616948,0.17545163577920225,0.7703864265146282
26121,LOF,0.10955479106522623,0.2810833018477232,0.6093619070870505
26122,LOF,0.12777176045221572,0.3123750970608013,0.5598531424869829
26123,LOF,0.08855139711124166,0.3287162659123157,0.5827323369764427
26124,LOF,0.04900639106797685,0.32596198997565967,0.6250316189563634
