feature0,prediction,LoGoFunc_Neutral,LoGoFunc_GOF,LoGoFunc_LOF
25546,Neutral,0.6228793668275345,0.050093689289207204,0.3270269438832582
25547,Neutral,0.48687775197659944,0.08689784945456429,0.4262243985688363
25548,Neutral,0.5019622213016356,0.0734089066889984,0.4246288720093661
25549,LOF,0.4389632887562959,0.07531993470689634,0.4857167765368077
25550,LOF,0.3500584822496747,0.09996673689267367,0.5499747808576517
25551,LOF,0.31332359760719636,0.10750107873680137,0.5791753236560022
25552,LOF,0.2741992841759528,0.11214274589661449,0.6136579699274327
25553,Neutral,0.7905457256650152,0.0405403364859072,0.16891393784907766
25554,LOF,0.30835817028371626,0.10146319550349658,0.590178634212787
25555,LOF,0.26719404533947205,0.09425276209474621,0.6385531925657818
25556,LOF,0.44110457363848427,0.08645802342778712,0.47243740293372866
25557,LOF,0.25386762586699474,0.10037827656556084,0.6457540975674444
25558,LOF,0.3077367891844431,0.09594434394492123,0.5963188668706357
25559,LOF,0.2883000155026109,0.14727854980626964,0.5644214346911195
25560,LOF,0.18625843017598404,0.0968492386310155,0.7168923311930004
25561,LOF,0.18239724016823433,0.10887023153496975,0.708732528296796
25562,LOF,0.08074031664055456,0.0750847602136246,0.8441749231458208
25563,LOF,0.034248137119737204,0.11609530559850079,0.849656557281762
25564,LOF,0.2008454685870811,0.08962054783782503,0.7095339835750939
25565,LOF,0.20823694134648152,0.14135311148327284,0.6504099471702457
25566,GOF,0.0821837574629564,0.6873764327747566,0.23043980976228712
25567,LOF,0.044773360724149606,0.19136905375479182,0.7638575855210585
25568,LOF,0.05898248875327887,0.11083359244363612,0.830183918803085
25569,LOF,0.057413884695063505,0.10845977242751564,0.8341263428774209
25570,LOF,0.027308839400750778,0.1401516685445953,0.8325394920546539
25571,LOF,0.027044589414740916,0.1441441931636242,0.828811217421635
25572,LOF,0.06882940924690391,0.16463889509206858,0.7665316956610276
25573,LOF,0.06028940397755686,0.13047166685827646,0.8092389291641667
25574,LOF,0.058561812761085054,0.2571424681533967,0.6842957190855182
25575,LOF,0.02310685695226506,0.14856665058456864,0.8283264924631663
25576,LOF,0.029351026732543303,0.20712274242103412,0.7635262308464227
25577,LOF,0.03400876885431871,0.15431364941572576,0.8116775817299556
25578,LOF,0.2774019863462893,0.13224296897695897,0.5903550446767517
25579,LOF,0.1760067308332187,0.13032466116998107,0.6936686079968003
25580,LOF,0.019785047474445355,0.10575096627991266,0.8744639862456419
25581,LOF,0.05108996330238246,0.10008578632912053,0.8488242503684971
25582,LOF,0.05107046154242403,0.0979270450839761,0.8510024933735998
25583,LOF,0.023877236004353503,0.11703156515360005,0.8590911988420464
25584,Neutral,0.6757396806926491,0.1487265670544256,0.1755337522529252
25585,LOF,0.021896723329443923,0.19658111400856432,0.7815221626619918
25586,LOF,0.017288846381907707,0.09981526444957284,0.8828958891685194
25587,LOF,0.017350166294822257,0.09262364872926775,0.89002618497591
25588,LOF,0.0209751399238153,0.10559026402328762,0.8734345960528971
25589,Neutral,0.4728822249795411,0.2621323929838652,0.26498538203659355
25590,LOF,0.05055123902564888,0.16203831857495682,0.7874104423993944
25591,LOF,0.08853551163906413,0.08687435252690887,0.8245901358340268
25592,LOF,0.05396822822243683,0.21143794013641296,0.7345938316411502
25593,LOF,0.10694419124716659,0.3206638511343353,0.5723919576184981
25594,LOF,0.04573718798827588,0.09296213030757257,0.8613006817041515
25595,LOF,0.04326670129679138,0.06880286222168466,0.8879304364815239
25596,LOF,0.10208389046457367,0.032596107200058407,0.8653200023353679
25597,LOF,0.07965705943372314,0.043174677560489365,0.8771682630057875
25598,LOF,0.04392111682524749,0.06955381496206112,0.8865250682126913
25599,LOF,0.022761958080121433,0.4534112035030876,0.5238268384167909
25600,GOF,0.1820270858561616,0.4699023351647766,0.3480705789790619
25601,LOF,0.04252108381721747,0.3628964106373835,0.594582505545399
25602,LOF,0.0357072000853922,0.07197971478824203,0.8923130851263658
25603,LOF,0.03565571652254972,0.03926031106608947,0.9250839724113608
25604,LOF,0.03549641619064241,0.08909383134889012,0.8754097524604675
25605,LOF,0.03624743683464872,0.18919334757361744,0.7745592155917338
25606,LOF,0.3958341422321712,0.13342059708951248,0.4707452606783164
25607,LOF,0.02878533175506302,0.1964911532289792,0.7747235150159578
25608,LOF,0.04050622861913674,0.08687625844883029,0.8726175129320329
25609,GOF,0.14604510787645542,0.5059515335056017,0.3480033586179429
25610,LOF,0.01502499044326734,0.043228907951030265,0.9417461016057024
25611,LOF,0.012377015972038585,0.047247118496928475,0.940375865531033
25612,LOF,0.03982744608062896,0.06873558259696078,0.8914369713224103
25613,LOF,0.04074978461642827,0.06382632029275005,0.8954238950908218
25614,LOF,0.021369700390234468,0.03984210321500351,0.938788196394762
25615,LOF,0.03989690838579715,0.0640361684097672,0.8960669232044357
25616,LOF,0.0443602657995784,0.04229453778446158,0.91334519641596
25617,LOF,0.03843385900873497,0.050906893192104,0.9106592477991611
25618,LOF,0.04215457110091452,0.05995508287562229,0.8978903460234633
25619,LOF,0.01176017008670325,0.054713833784589855,0.933525996128707
25620,LOF,0.05526750154681118,0.06206638319563255,0.8826661152575563
25621,LOF,0.05405530415811009,0.049014553051014105,0.8969301427908759
25622,LOF,0.05869659550892154,0.05525455522575693,0.8860488492653215
25623,LOF,0.06320012883203599,0.0451163945959071,0.8916834765720568
25624,LOF,0.01643619548434253,0.05244565396525977,0.9311181505503976
25625,LOF,0.05619811310606627,0.050340238521969505,0.8934616483719642
25626,LOF,0.043181522933847596,0.0616227816701148,0.8951956953960376
25627,Neutral,0.8828078625119523,0.023276793646545828,0.09391534384150174
25628,LOF,0.156395820676357,0.06481913195724293,0.7787850473664001
25629,LOF,0.06888711417532908,0.05095874452946941,0.8801541412952015
25630,LOF,0.2998830753947896,0.06775428950825678,0.6323626350969537
25631,Neutral,0.5517064167668583,0.06991442978079715,0.3783791534523447
25632,LOF,0.02807217062651167,0.07454344199299902,0.8973843873804893
25633,LOF,0.2158548783909786,0.05133350974028567,0.7328116118687357
25634,LOF,0.03625869467995294,0.0988859335493305,0.8648553717707166
25635,LOF,0.036044140228304954,0.05570051598649076,0.9082553437852042
25636,LOF,0.03305260118745258,0.47080520817683486,0.4961421906357125
25637,GOF,0.06686718270478428,0.485062148956599,0.4480706683386167
25638,LOF,0.03400774666245062,0.3623717299592192,0.6036205233783302
25639,LOF,0.030691084475668106,0.39276295008216755,0.5765459654421643
25640,Neutral,0.8352632274727962,0.11648347269705801,0.048253299830145736
25641,GOF,0.09396319538891153,0.45599634591909594,0.45004045869199255
25642,LOF,0.06822276170110068,0.1589080032631251,0.7728692350357741
25643,LOF,0.20151192969831958,0.12518563107992034,0.67330243922176
25644,LOF,0.02171706352646824,0.4837558536090561,0.49452708286447566
25645,LOF,0.02429007621630618,0.41121739362480497,0.5644925301588889
25646,LOF,0.05409927276556145,0.32796483214241656,0.6179358950920221
25647,LOF,0.02564893048770228,0.260411799980022,0.7139392695322756
25648,LOF,0.029856689465383664,0.2730933954536249,0.6970499150809916
25649,LOF,0.016363987162173316,0.2277131437022465,0.7559228691355803
25650,LOF,0.04645794481121816,0.4053445922886707,0.5481974629001112
25651,LOF,0.018319318492943357,0.27988638922229686,0.7017942922847599
25652,LOF,0.028072407646235534,0.2741112893399545,0.6978163030138099
25653,LOF,0.08591606498276344,0.42728971003695543,0.4867942249802812
25654,LOF,0.01898115350742272,0.23774324532299265,0.7432756011695847
25655,GOF,0.23047029093757088,0.42174744142392373,0.3477822676385053
25656,LOF,0.38863267361486725,0.0903553945889659,0.5210119317961669
25657,LOF,0.059893861668254146,0.08061444588895679,0.859491692442789
25658,LOF,0.3868181905587814,0.08989011389129975,0.5232916955499188
25659,Neutral,0.5003275447822857,0.11496059896552926,0.38471185625218507
25660,LOF,0.02267725685694179,0.09452210638626098,0.8828006367567972
25661,LOF,0.10080998546895426,0.05780135588416272,0.8413886586468831
25662,LOF,0.035002189506130585,0.03208924304651563,0.9329085674473537
25663,LOF,0.0438147570382054,0.04169689993256896,0.9144883430292257
25664,LOF,0.1368580182964837,0.06376004374821781,0.7993819379552985
25665,LOF,0.06198440681210106,0.030579755425317122,0.9074358377625819
25666,LOF,0.09620125656517485,0.06359195703965864,0.8402067863951665
25667,LOF,0.07759546565356412,0.03920737521777751,0.8831971591286584
25668,LOF,0.03793193491441646,0.04679272132227914,0.9152753437633044
25669,LOF,0.03354905232114772,0.04385488837814602,0.9225960593007062
25670,LOF,0.14653072460483163,0.04932701767174456,0.8041422577234238
25671,LOF,0.12531202427211854,0.03229615141887687,0.8423918243090045
25672,LOF,0.055308230060824116,0.04297268756474609,0.9017190823744298
25673,LOF,0.07925189263232835,0.046038121050446044,0.8747099863172255
25674,LOF,0.06815630608405902,0.056107443956993845,0.8757362499589472
25675,LOF,0.10489620427258316,0.055646999580037604,0.8394567961473792
25676,LOF,0.01989658149964831,0.050514604185476396,0.9295888143148753
25677,LOF,0.026152809411542195,0.06827906092743481,0.9055681296610231
25678,LOF,0.23480824465454242,0.06668875257029819,0.6985030027751594
25679,LOF,0.12049299149512059,0.07359151610093066,0.8059154924039488
25680,LOF,0.03467789137538306,0.11717814731431458,0.8481439613103023
25681,LOF,0.05077635320849351,0.11120166544725663,0.8380219813442499
25682,LOF,0.14951002396413093,0.06974227775546116,0.7807476982804079
25683,LOF,0.12210091494814194,0.07808477605984918,0.7998143089920088
25684,LOF,0.04211220565725981,0.06627878865744108,0.8916090056852991
25685,LOF,0.13179915656283858,0.06942183762740602,0.7987790058097554
25686,LOF,0.08605980498598596,0.1041029017013178,0.8098372933126963
25687,LOF,0.12302562085916423,0.1089237020982264,0.7680506770426093
25688,LOF,0.3544026525275348,0.04356991556706018,0.6020274319054051
25689,LOF,0.2755224543718462,0.0485533235865943,0.6759242220415596
25690,LOF,0.3366696466953597,0.03683111979940355,0.6264992335052368
25691,Neutral,0.719975884289497,0.032167018909796945,0.24785709680070606
25692,LOF,0.34729510827379323,0.013416295978832048,0.6392885957473747
25693,LOF,0.04643816538362059,0.4110649731230429,0.5424968614933365
25694,LOF,0.12364341424145252,0.019052662495528814,0.8573039232630186
25695,LOF,0.11906900443770405,0.01676866152780293,0.8641623340344929
25696,LOF,0.13716144447458778,0.011435607720136548,0.8514029478052757
25697,LOF,0.07996834143286326,0.054872575300763046,0.8651590832663737
25698,LOF,0.3174021284964322,0.16776735767947634,0.5148305138240915
25699,Neutral,0.5073335182733509,0.046615146020581616,0.4460513357060674
25700,LOF,0.0767131910412029,0.011006326368076053,0.912280482590721
25701,LOF,0.19584116045900712,0.04424334755576114,0.7599154919852317
25702,GOF,0.181394097330397,0.5945688184005435,0.22403708426905938
25703,LOF,0.016154479586872,0.14756449740550093,0.8362810230076271
25704,LOF,0.038253692793748816,0.10853336993541733,0.8532129372708338
25705,LOF,0.054162755258544165,0.14604138259208793,0.7997958621493679
25706,LOF,0.10870119635823204,0.412935418077292,0.478363385564476
25707,LOF,0.09797556609077962,0.35781476732417766,0.5442096665850428
25708,LOF,0.03832900250947901,0.3327101401121545,0.6289608573783665
25709,LOF,0.07141387374136361,0.04440751284391012,0.8841786134147263
25710,LOF,0.011478848958608744,0.15965533371830037,0.828865817323091
25711,LOF,0.02105051312035196,0.08478563693258079,0.8941638499470672
25712,LOF,0.014469323464331395,0.1966448107987773,0.7888858657368913
25713,LOF,0.020029384982261988,0.07652367098217848,0.9034469440355596
25714,LOF,0.07711176380815085,0.076912417621798,0.8459758185700511
25715,LOF,0.01213172891790296,0.13198030779457523,0.8558879632875218
25716,LOF,0.011398803805437584,0.1061186778909085,0.882482518303654
25717,LOF,0.01526068938673358,0.07326329150010079,0.9114760191131658
25718,LOF,0.011732265392879951,0.08875829680603803,0.8995094378010821
25719,LOF,0.020255693976417313,0.07672585079423445,0.9030184552293483
25720,LOF,0.025821929978631333,0.06910413969405753,0.9050739303273112
25721,LOF,0.014199787864881769,0.10948940364884995,0.8763108084862682
25722,LOF,0.015055551054375227,0.11472210711602918,0.8702223418295955
25723,LOF,0.02498181445394953,0.04987443516340832,0.9251437503826422
25724,LOF,0.034690194203110536,0.0811910051268738,0.8841188006700156
25725,LOF,0.011867549717305099,0.07326161153013105,0.9148708387525638
25726,LOF,0.016064458061524532,0.10881683491027871,0.8751187070281967
25727,LOF,0.012678423954591737,0.08243560837702114,0.904885967668387
25728,LOF,0.010513791085660269,0.10233825633155784,0.8871479525827819
25729,LOF,0.010741932953862492,0.10612386292250962,0.883134204123628
25730,LOF,0.013862506198896861,0.09006927151783453,0.8960682222832687
25731,LOF,0.01852155225715273,0.10495153917428414,0.8765269085685632
25732,LOF,0.013998861395000785,0.07358662917148692,0.9124145094335122
25733,LOF,0.01649365986886341,0.07441878910711805,0.9090875510240184
25734,LOF,0.010450738360383089,0.12280868347190106,0.8667405781677159
25735,LOF,0.01208252108427474,0.08479544016448623,0.9031220387512391
25736,LOF,0.013152875671862461,0.10032837477105118,0.8865187495570864
25737,LOF,0.012650753524808269,0.07639072356690349,0.9109585229082884
25738,LOF,0.01205599367102616,0.11373297428018256,0.8742110320487914
25739,LOF,0.02115530724581926,0.0804860306114136,0.898358662142767
25740,LOF,0.029361692125060915,0.1233083972912477,0.8473299105836914
25741,LOF,0.015988542314445436,0.12623814576126927,0.8577733119242854
25742,LOF,0.13216543760646676,0.08287114017056693,0.7849634222229663
25743,LOF,0.03472770591227704,0.0571546795880753,0.9081176144996478
25744,Neutral,0.5489029061730867,0.2549517810337638,0.19614531279314965
25745,LOF,0.06016118559902735,0.08587687048101536,0.8539619439199573
25746,LOF,0.0434822260187225,0.1116741029449548,0.8448436710363227
25747,LOF,0.019203516459878632,0.0792285146438708,0.9015679688962505
25748,LOF,0.11816567968959328,0.12179365359655116,0.7600406667138555
25749,LOF,0.02763358155140046,0.10044844444869357,0.871917973999906
25750,LOF,0.08224941690770886,0.09798232360033718,0.819768259491954
25751,LOF,0.07765780313953868,0.14380343134199727,0.778538765518464
25752,GOF,0.1276278246051356,0.6117607940851532,0.26061138130971123
25753,LOF,0.024521572597822415,0.28893005289662843,0.6865483745055492
25754,GOF,0.014128040479734559,0.7897081106721446,0.1961638488481209
25755,LOF,0.025101274616790327,0.41729289284118115,0.5576058325420286
25756,LOF,0.048873488872935786,0.3900580957902603,0.5610684153368038
25757,GOF,0.017178954787312965,0.8289327343520982,0.1538883108605888
25758,GOF,0.028477062006699895,0.7919275898108568,0.17959534818244327
25759,GOF,0.010798922705360934,0.6159357274774764,0.37326534981716275
25760,LOF,0.013925204326255679,0.29971695222539824,0.6863578434483462
25761,GOF,0.2698112761892296,0.6154375794604765,0.11475114435029382
25762,LOF,0.04724001186489979,0.284951664267826,0.6678083238672742
25763,LOF,0.015646332846633096,0.2307471981401274,0.7536064690132395
25764,GOF,0.09247300135854974,0.6236327773982911,0.2838942212431591
25765,GOF,0.036018675266403594,0.7292833382985621,0.23469798643503453
25766,GOF,0.07912713263755235,0.71019601836934,0.21067684899310765
25767,GOF,0.12556516494761263,0.5310581671062058,0.34337666794618155
25768,LOF,0.10378287098656577,0.05350661403871494,0.8427105149747194
25769,LOF,0.05684487694461,0.06522634950482534,0.8779287735505646
25770,LOF,0.3438006662018879,0.11043689636089989,0.5457624374372123
25771,LOF,0.04585348517550511,0.05003032615311653,0.9041161886713783
25772,LOF,0.018444015368274284,0.04535308222532484,0.9362029024064008
25773,LOF,0.04647533213373916,0.08631021890063333,0.8672144489656275
25774,LOF,0.02684134193885159,0.09301827532141684,0.8801403827397316
25775,LOF,0.046006067942831526,0.05266056796791097,0.9013333640892576
25776,LOF,0.07760158046916454,0.027763975821531225,0.8946344437093043
25777,LOF,0.36444608849969395,0.0662538704785139,0.5693000410217921
25778,LOF,0.07591082789755846,0.048592272663860535,0.8754968994385811
25779,GOF,0.35790369987387105,0.602048097750546,0.040048202375583
25780,GOF,0.3242842162116282,0.5982412830033855,0.07747450078498633
25781,GOF,0.12521177870606193,0.7677548254685455,0.10703339582539258
25782,GOF,0.19900530850525475,0.7190322021983897,0.08196248929635545
25783,GOF,0.02073071748142764,0.6456704674637187,0.3335988150548536
25784,Neutral,0.4980511741231435,0.46374681338859913,0.03820201248825739
25785,GOF,0.45930790860500487,0.5086230470109866,0.03206904438400846
25786,GOF,0.028288490999797584,0.7793503314720756,0.19236117752812687
25787,Neutral,0.6546890600843283,0.3227125120010715,0.02259842791460029
25788,LOF,0.056894347867711276,0.10682780296577433,0.8362778491665145
25789,GOF,0.24006876527610724,0.6432121077999703,0.11671912692392239
25790,GOF,0.2232461721530919,0.6896894889090948,0.0870643389378134
25791,GOF,0.1792032290654544,0.6982028913187034,0.12259387961584217
25792,GOF,0.38802689238295085,0.5149856006488057,0.0969875069682434
25793,GOF,0.24096108423191162,0.5777269152155554,0.18131200055253296
25794,GOF,0.30780422259666523,0.5278859466066937,0.16430983079664088
25795,GOF,0.09440365994668075,0.6634397621087558,0.2421565779445634
25796,Neutral,0.55309562478085,0.36903303962746414,0.07787133559168594
25797,GOF,0.09729318721938039,0.5436430322925601,0.3590637804880595
25798,GOF,0.009324715434651564,0.5438855161432381,0.4467897684221104
25799,LOF,0.007545934753510878,0.43801974709095637,0.5544343181555327
25800,GOF,0.03714585223500487,0.6343103879767464,0.32854375978824873
25801,GOF,0.22908867420538923,0.6700713703628673,0.10083995543174354
25802,GOF,0.06480067550528061,0.7200651179421994,0.21513420655251997
25803,GOF,0.043840242297271036,0.5975159539307219,0.35864380377200705
25804,GOF,0.03703058190506085,0.5337523928902878,0.4292170252046514
25805,GOF,0.10332306744312096,0.6325313084712035,0.26414562408567543
25806,GOF,0.10964267448867054,0.6334591121702489,0.25689821334108065
25807,GOF,0.019199993121621774,0.6435222449329515,0.33727776194542675
25808,GOF,0.1075864145813383,0.6389368692590409,0.25347671615962075
25809,GOF,0.020911264322514004,0.6180738548230867,0.36101488085439937
25810,GOF,0.01949938658824362,0.637892520877586,0.3426080925341704
25811,Neutral,0.46888852319022367,0.4626686149071334,0.06844286190264301
25812,GOF,0.03650029763101188,0.6622477974366028,0.3012519049323853
25813,Neutral,0.5178891484619433,0.38812039279080535,0.0939904587472513
25814,GOF,0.14235168445875987,0.6573920653884016,0.2002562501528386
25815,GOF,0.19514993862676308,0.6350025904312625,0.1698474709419745
25816,GOF,0.020587723209264802,0.7143044263547699,0.2651078504359654
25817,GOF,0.2296325075888026,0.6393307928024913,0.13103669960870615
25818,GOF,0.06163188568715075,0.6380509316871351,0.30031718262571416
25819,GOF,0.379389892678891,0.4885089709298375,0.1321011363912714
25820,GOF,0.1843020083276188,0.6304015169320963,0.18529647474028474
25821,GOF,0.06391645950383588,0.7061748219865246,0.2299087185096394
25822,GOF,0.23069648215715857,0.5566406203378771,0.2126628975049644
25823,GOF,0.03501691349898055,0.523989550409538,0.4409935360914814
25824,GOF,0.08437924314009475,0.588540753214154,0.3270800036457513
25825,GOF,0.03432356542400566,0.5783343732281137,0.38734206134788074
25826,GOF,0.011897897578924422,0.5492546075188882,0.4388474949021873
25827,GOF,0.023759018937083595,0.6048798626619152,0.3713611184010012
25828,GOF,0.013836343722897356,0.5296092562000543,0.4565544000770483
25829,GOF,0.006625774357341915,0.5794890049893403,0.41388522065331784
25830,LOF,0.0377178957523925,0.3200591784511403,0.6422229257964672
25831,GOF,0.22506895344324782,0.6426728291096085,0.13225821744714372
25832,GOF,0.03228510797977648,0.6785854509948456,0.28912944102537785
25833,GOF,0.13624862033754984,0.6895498221870824,0.17420155747536778
25834,GOF,0.04354357822972423,0.690201256884641,0.26625516488563483
25835,GOF,0.08697685709607315,0.7380230516616537,0.175000091242273
25836,GOF,0.04402499064339488,0.6698243438218037,0.2861506655348014
25837,GOF,0.026613470673135447,0.5583481129127774,0.41503841641408706
25838,GOF,0.09302177531120726,0.7424743118426363,0.16450391284615623
25839,GOF,0.29267896171125163,0.560939990887136,0.14638104740161242
25840,GOF,0.22857273918602955,0.6073162897259436,0.1641109710880268
25841,GOF,0.2596594951978864,0.5787172885405792,0.1616232162615345
25842,GOF,0.21972823902625782,0.6600014736461798,0.1202702873275624
25843,GOF,0.2534646689844687,0.6533275362936791,0.0932077947218522
25844,GOF,0.07703756820566227,0.7018884037915708,0.22107402800276685
25845,GOF,0.015767750745982682,0.49972060462981605,0.4845116446242012
25846,GOF,0.13132306587847262,0.6943178376034929,0.17435909651803458
25847,GOF,0.12829519199500586,0.7696457944639217,0.10205901354107247
25848,GOF,0.04118328596803362,0.6986233670548635,0.26019334697710295
25849,GOF,0.012123113535769723,0.5929824576604477,0.3948944288037827
25850,GOF,0.02206179652739944,0.66243593131183,0.3155022721607706
25851,GOF,0.01689259066694281,0.5598232493620798,0.4232841599709772
25852,GOF,0.18190234063949512,0.5538476944752063,0.26424996488529856
25853,GOF,0.37606635387508214,0.5619806201205446,0.06195302600437321
25854,GOF,0.023147559304910314,0.6577273710331171,0.3191250696619726
25855,GOF,0.038522359663032586,0.5835720636153385,0.3779055767216289
25856,GOF,0.2673206838037689,0.5172889326014743,0.21539038359475682
25857,GOF,0.03566054986994434,0.5208716578058639,0.44346779232419176
25858,GOF,0.01875941566707895,0.5750182741508416,0.40622231018207944
25859,GOF,0.010489033305274731,0.5600579743857816,0.42945299230894374
25860,GOF,0.38056521029907003,0.5440835857122978,0.07535120398863224
25861,GOF,0.43457886054317935,0.49728549534938127,0.06813564410743937
25862,GOF,0.10862570788362536,0.7650917379196746,0.12628255419670012
25863,GOF,0.09933856712719802,0.7759395474119245,0.1247218854608775
25864,GOF,0.2252804559217643,0.6931232902749226,0.08159625380331313
25865,GOF,0.10150978883837485,0.7860582697943075,0.11243194136731763
25866,GOF,0.07614728955771691,0.7956122801008414,0.1282404303414417
25867,GOF,0.10543163080993695,0.7965541234409932,0.09801424574906992
25868,GOF,0.2688144312936257,0.6363995230231184,0.0947860456832558
25869,Neutral,0.6857556463492991,0.277788765450077,0.03645558820062376
25870,GOF,0.32814883506718096,0.36290381283585627,0.3089473520969628
25871,GOF,0.2024453994733112,0.6509585219790974,0.1465960785475913
25872,GOF,0.09006415127235712,0.662146204998426,0.2477896437292168
25873,GOF,0.15075371263231702,0.6662907745412188,0.18295551282646427
25874,LOF,0.018835403279160362,0.12532862342054815,0.8558359733002915
25875,LOF,0.09425097591136776,0.03457545497666369,0.8711735691119686
25876,LOF,0.03755987524408524,0.04177886223775342,0.9206612625181613
25877,Neutral,0.5328764108592975,0.03887227291367296,0.4282513162270294
25878,LOF,0.20816884493829985,0.06907770311171414,0.722753451949986
25879,LOF,0.09147358680785436,0.07613556237275751,0.8323908508193881
25880,LOF,0.024069236166529034,0.019673342678403136,0.9562574211550677
25881,LOF,0.19436864527327977,0.09901995255232075,0.7066114021743995
25882,LOF,0.06907530671259361,0.014041605802094513,0.9168830874853118
25883,LOF,0.0893606088470825,0.0163140911108832,0.8943253000420343
25884,LOF,0.03937535246865131,0.025127286904779694,0.935497360626569
25885,LOF,0.0730263645551405,0.010686859391217893,0.9162867760536416
25886,LOF,0.34962770397169024,0.027492376570520782,0.6228799194577891
25887,LOF,0.16427403862231443,0.05006058525734438,0.7856653761203412
25888,LOF,0.07283523708350274,0.050728898997544195,0.8764358639189531
25889,LOF,0.0514489984468236,0.016905555609627056,0.9316454459435494
25890,LOF,0.0511443461741604,0.11783232351190662,0.831023330313933
25891,LOF,0.046708093133189445,0.048809085049837865,0.9044828218169727
25892,LOF,0.0987807904662054,0.021896240533337788,0.8793229690004568
25893,LOF,0.264959143981773,0.01676039101025791,0.718280465007969
25894,LOF,0.1947832349116029,0.010329118977848202,0.7948876461105489
25895,LOF,0.20435888205322855,0.019604467948765678,0.7760366499980058
25896,LOF,0.04705819345498173,0.020090035136136056,0.9328517714088822
25897,LOF,0.26817288950667034,0.01157737191104558,0.7202497385822841
25898,Neutral,0.6943121797512358,0.009478523901903955,0.2962092963468602
25899,LOF,0.2571950775464296,0.021118422646808938,0.7216864998067615
25900,LOF,0.46704049958815136,0.01754521272264793,0.5154142876892007
25901,LOF,0.0562517047000303,0.012222741499919044,0.9315255538000508
25902,LOF,0.17882366906945416,0.013148246282088001,0.8080280846484579
25903,Neutral,0.5420128961630793,0.0347505875763867,0.4232365162605339
25904,LOF,0.2942832927771576,0.043789189174299185,0.6619275180485432
25905,LOF,0.024938013063171862,0.3065984217164363,0.6684635652203917
25906,LOF,0.021852017416151823,0.07031039660715033,0.9078375859766978
25907,LOF,0.013484370689780482,0.3293438132198027,0.6571718160904169
25908,LOF,0.009688497931281542,0.23917937618343443,0.751132125885284
25909,LOF,0.012517041518590623,0.14963390096925006,0.8378490575121593
25910,LOF,0.05368705441408412,0.12510055498860076,0.8212123905973151
25911,LOF,0.17376615018415137,0.03168448713657826,0.7945493626792705
25912,LOF,0.04979922168932598,0.053707481327857014,0.8964932969828169
25913,LOF,0.30320179819338916,0.025693425088765206,0.6711047767178456
25914,LOF,0.018648833432213928,0.13185087838095225,0.8495002881868338
25915,Neutral,0.438035502395134,0.34660959203566033,0.21535490556920558
25916,LOF,0.06450225150929827,0.38833054654242577,0.547167201948276
25917,LOF,0.052811012673758526,0.08960584263916066,0.8575831446870809
25918,LOF,0.025396190625188293,0.08395807990688889,0.8906457294679229
25919,LOF,0.02025121379209808,0.08652546914202455,0.8932233170658774
25920,GOF,0.11368304560538194,0.4696391795050371,0.4166777748895811
25921,LOF,0.027849161242867137,0.03024393247663165,0.9419069062805012
25922,LOF,0.03701994814914167,0.020695555777014558,0.9422844960738437
25923,LOF,0.39049277935058624,0.026579726515710368,0.5829274941337034
25924,LOF,0.03684782608829716,0.043156722267017854,0.919995451644685
25925,LOF,0.06430943155429399,0.03252618599766747,0.9031643824480385
25926,LOF,0.04760956073758892,0.0249009283913454,0.9274895108710656
25927,LOF,0.07924315000761786,0.086302607896161,0.8344542420962211
25928,LOF,0.02198947600702498,0.04390700276364031,0.9341035212293346
25929,Neutral,0.5255583026439902,0.028900511571416543,0.44554118578459334
25930,LOF,0.053558691379796505,0.023465409551786998,0.9229758990684166
25931,LOF,0.02946155251972367,0.023839754251822557,0.9466986932284537
25932,LOF,0.026467785041438596,0.023626155517752535,0.9499060594408089
25933,LOF,0.037444747755325566,0.016324438523270906,0.9462308137214035
25934,LOF,0.02369689863263285,0.020660155355400635,0.9556429460119665
25935,LOF,0.05654264944769479,0.038428614662342625,0.9050287358899626
25936,LOF,0.0446359596629979,0.02690977090989226,0.9284542694271097
25937,LOF,0.02925262227356087,0.03134146162167,0.9394059161047691
25938,LOF,0.060931297263880635,0.038986174693052864,0.9000825280430667
25939,LOF,0.03741903503069481,0.015096929250166806,0.9474840357191384
25940,LOF,0.03261117225847863,0.3903904828583686,0.5769983448831528
25941,LOF,0.18749798449369529,0.0847720892225321,0.7277299262837726
25942,LOF,0.017681076179147392,0.02902591519969646,0.9532930086211561
25943,LOF,0.32090116919943884,0.04447308302295304,0.6346257477776082
25944,Neutral,0.5023693428059,0.02160160527997125,0.4760290519141287
25945,LOF,0.07186104850824693,0.02217780256357065,0.9059611489281825
25946,LOF,0.029298126235633035,0.1276631465394041,0.843038727224963
25947,LOF,0.1195134328572037,0.22813172946830587,0.6523548376744903
25948,LOF,0.3938637109623782,0.010425703663377183,0.5957105853742446
25949,LOF,0.10244923855570907,0.04867067538328706,0.8488800860610038
25950,GOF,0.24534885067048373,0.439681264271112,0.3149698850584043
25951,LOF,0.24723066271136043,0.22600494342347163,0.5267643938651679
25952,LOF,0.04124261224717319,0.44476148422760303,0.5139959035252237
25953,LOF,0.11438702468302515,0.12467743768786188,0.760935537629113
25954,Neutral,0.4158061436830823,0.2007022931640798,0.38349156315283806
25955,LOF,0.055533405288600214,0.08699623416920858,0.8574703605421913
25956,LOF,0.16045974268832075,0.09627176866059148,0.7432684886510879
25957,LOF,0.038545320429313905,0.033447745341958816,0.9280069342287273
25958,LOF,0.06627671329819924,0.023680510726137492,0.9100427759756633
25959,LOF,0.07220020312715626,0.3211597067435629,0.6066400901292809
25960,LOF,0.019782345259776447,0.0463553495962016,0.9338623051440218
25961,LOF,0.05445174108927655,0.025440326159205603,0.9201079327515178
25962,LOF,0.05165587298620514,0.031874229196219774,0.9164698978175752
25963,LOF,0.04839078394616834,0.19447406321089872,0.757135152842933
25964,LOF,0.036392869014518395,0.1477240949163691,0.8158830360691125
25965,LOF,0.4426358590656923,0.08961159336256909,0.4677525475717387
25966,Neutral,0.4581237565747291,0.10734399849410549,0.43453224493116543
25967,LOF,0.013020145366909847,0.057135156001117494,0.9298446986319727
25968,GOF,0.029280416979878796,0.48908520898083785,0.4816343740392834
25969,LOF,0.025624324437467417,0.060124928296511566,0.9142507472660211
25970,LOF,0.0615237895410703,0.05579120476871412,0.8826850056902155
25971,LOF,0.07364527804025273,0.014846049338687885,0.9115086726210594
25972,LOF,0.07672488454825155,0.01957953618462927,0.9036955792671193
25973,LOF,0.09909071674661302,0.007857907782943886,0.893051375470443
25974,LOF,0.20709783542369528,0.01601812308735083,0.7768840414889538
25975,LOF,0.05488789663029156,0.029088175923610245,0.9160239274460983
25976,LOF,0.05054753657825663,0.013949235377349128,0.9355032280443942
25977,LOF,0.1541877949585863,0.08539422301099633,0.7604179820304174
25978,LOF,0.1541884516069384,0.05125242235146234,0.7945591260415993
25979,LOF,0.1454867362687336,0.055841898849278516,0.7986713648819879
25980,LOF,0.2188941962988804,0.07007546256888904,0.7110303411322305
25981,LOF,0.248587771972627,0.06787787587587682,0.6835343521514962
25982,LOF,0.40943155951423427,0.052148065742275124,0.5384203747434907
25983,LOF,0.40209620860797485,0.05610354707799682,0.5418002443140283
25984,LOF,0.052203181451969796,0.04726968145673627,0.900527137091294
25985,LOF,0.02935253608063946,0.2361917092805154,0.7344557546388452
25986,LOF,0.03902879204981148,0.26521995725064523,0.6957512506995432
25987,LOF,0.0755941049448879,0.06284064580637652,0.8615652492487357
25988,LOF,0.14408191361947173,0.049397009270399625,0.8065210771101287
25989,LOF,0.0293409493973131,0.09666304952360294,0.8739960010790839
25990,LOF,0.036408217173546024,0.12550767334825672,0.8380841094781972
25991,LOF,0.1839989423822942,0.2812636827304918,0.5347373748872141
25992,LOF,0.3751125759934373,0.14994931833240557,0.4749381056741572
25993,LOF,0.02366187818100579,0.06552729020756667,0.9108108316114276
25994,LOF,0.01818544202149331,0.10153903688512601,0.8802755210933806
25995,LOF,0.027464283274122814,0.1663276840610363,0.8062080326648408
25996,GOF,0.32151178628992744,0.41206220270003724,0.2664260110100353
25997,LOF,0.10912700665991011,0.4405817541034357,0.45029123923665404
25998,Neutral,0.532077105317944,0.029415483595014585,0.4385074110870413
25999,LOF,0.10563851709989938,0.12403129218438678,0.7703301907157138
26000,LOF,0.15488197532676093,0.03165182368323752,0.8134662009900014
26001,LOF,0.19629337351525453,0.0347087574477493,0.7689978690369963
26002,LOF,0.12730892480126094,0.033835721246285345,0.8388553539524537
26003,GOF,0.011217292767519814,0.5409727394922826,0.4478099677401976
26004,GOF,0.02328325096375989,0.5991929751359926,0.37752377390024755
26005,LOF,0.00854663631907486,0.41143861800434417,0.580014745676581
26006,Neutral,0.5016814383817063,0.21211444482758,0.28620411679071367
26007,LOF,0.023142485319938965,0.4879683185634371,0.48888919611662385
26008,GOF,0.020225712661978926,0.5247064813547573,0.45506780598326374
26009,GOF,0.02660510333280334,0.5624190204587162,0.41097587620848053
26010,GOF,0.029988704990157967,0.5582854443868281,0.411725850623014
26011,LOF,0.007729804530985855,0.4119670636655199,0.5803031318034942
26012,GOF,0.01804920882661646,0.5116134361812439,0.4703373549921397
26013,GOF,0.021415424669263175,0.5490771905430907,0.4295073847876461
26014,LOF,0.038481139626984934,0.15200452136533352,0.8095143390076814
26015,LOF,0.20612729761847892,0.00841324811391978,0.7854594542676013
26016,LOF,0.22735192297033976,0.04377160383069093,0.7288764731989693
26017,LOF,0.2558174718525971,0.06924736316117489,0.674935164986228
26018,LOF,0.10395055588792261,0.03430163012003061,0.8617478139920468
26019,LOF,0.09896955313164206,0.027071455565816468,0.8739589913025414
26020,LOF,0.0676957380608592,0.10741202879580143,0.8248922331433394
26021,LOF,0.046512093620262394,0.11130693329097016,0.8421809730887675
26022,LOF,0.011632480570923937,0.04154948047469449,0.9468180389543817
26023,LOF,0.12474037039113971,0.02207009627783755,0.8531895333310227
26024,LOF,0.029779184106471603,0.10696663227113143,0.863254183622397
26025,LOF,0.18436210444430826,0.0791797919612937,0.736458103594398
26026,LOF,0.332230726908063,0.019260951850338888,0.6485083212415981
26027,LOF,0.09495541361421031,0.015239620009203423,0.8898049663765862
26028,LOF,0.14755331263573715,0.06304557875407324,0.7894011086101895
26029,LOF,0.07760507479723999,0.21342007006377794,0.7089748551389822
26030,LOF,0.03079123180231129,0.06117258272609871,0.90803618547159
26031,LOF,0.03469559970118541,0.1604464603305829,0.8048579399682316
26032,LOF,0.07294904254029179,0.06568439501376763,0.8613665624459407
26033,LOF,0.13809779683870257,0.08064198506798866,0.7812602180933088
26034,LOF,0.050335111753259255,0.17366226882284067,0.7760026194239
26035,LOF,0.03184676666132094,0.1581764144161419,0.8099768189225371
26036,LOF,0.046638176546203274,0.19608561768315869,0.7572762057706381
26037,LOF,0.025887488589664408,0.12952024737128792,0.8445922640390476
26038,LOF,0.0671885255625013,0.06876328985651683,0.8640481845809819
26039,LOF,0.05814386197968133,0.16712825684031918,0.7747278811799994
26040,LOF,0.23226771637685278,0.13752382916488826,0.630208454458259
26041,LOF,0.027105018512791842,0.11993593702849632,0.852959044458712
26042,LOF,0.02733369653685557,0.11674614579186225,0.855920157671282
26043,LOF,0.06646369034789397,0.08428439758073586,0.8492519120713702
26044,LOF,0.025012326534941808,0.07793129045628586,0.8970563830087723
26045,LOF,0.08035834560038142,0.11190724406183959,0.807734410337779
26046,LOF,0.06777371262345358,0.08174831467815179,0.8504779726983945
26047,LOF,0.10015553784740504,0.08764353291230627,0.8122009292402887
26048,LOF,0.05753796162762255,0.056655513740743436,0.8858065246316341
26049,Neutral,0.9589724922160126,0.009274916631114917,0.03175259115287258
26050,Neutral,0.9441097971341379,0.011430398931079847,0.04445980393478224
26051,LOF,0.044862452746832246,0.3378002295323744,0.6173373177207934
26052,LOF,0.060870703595288636,0.3743194027416831,0.5648098936630283
26053,LOF,0.06052395420030556,0.11760837429214106,0.8218676715075535
26054,LOF,0.0548119439484447,0.0193664051707161,0.9258216508808391
26055,LOF,0.07086742600246611,0.0162649708581298,0.9128676031394041
26056,LOF,0.05823364265729376,0.017269651961034884,0.9244967053816713
26057,LOF,0.031640854613043515,0.010761419243169326,0.9575977261437872
26058,LOF,0.03311991990671259,0.008596049320131626,0.9582840307731558
26059,LOF,0.30981447641148047,0.02350294421335892,0.6666825793751606
26060,LOF,0.033732403336390965,0.16347738471526904,0.8027902119483399
26061,LOF,0.01723441098093443,0.01015754046377373,0.9726080485552918
26062,LOF,0.011582370449094357,0.017965546086969174,0.9704520834639365
26063,LOF,0.02287483886141992,0.011934812963109748,0.9651903481754703
26064,LOF,0.022633786212174108,0.018891492123924623,0.9584747216639012
26065,LOF,0.025670241726172698,0.011316198156549042,0.9630135601172781
26066,LOF,0.021319966654884136,0.01038225472348839,0.9682977786216275
26067,LOF,0.026930043890882684,0.008552439068127159,0.9645175170409901
26068,LOF,0.047638631323428715,0.033569280995203836,0.9187920876813676
26069,LOF,0.25848074119213427,0.020119407611996747,0.7213998511958689
26070,LOF,0.3954886788484607,0.01675724386744801,0.5877540772840913
26071,LOF,0.0248523368869197,0.01261255228874102,0.9625351108243393
26072,LOF,0.021651554084048362,0.01714235320766596,0.9612060927082857
26073,LOF,0.025261888770880134,0.010736383856483558,0.9640017273726363
26074,Neutral,0.9116434753765903,0.005698087742755862,0.08265843688065395
26075,LOF,0.0455772967521738,0.01603143162831443,0.9383912716195119
26076,LOF,0.04376286930612123,0.008509362127748046,0.9477277685661308
26077,LOF,0.008801116749831096,0.01798488987292919,0.9732139933772398
26078,LOF,0.01409369546776257,0.01005193310861365,0.9758543714236239
26079,LOF,0.06346763787574633,0.01835272681698454,0.9181796353072691
26080,LOF,0.06190170949361849,0.018387280454181514,0.9197110100521999
26081,LOF,0.03866910346209182,0.005719397589616749,0.9556114989482913
26082,LOF,0.01681504458280733,0.012900362931654146,0.9702845924855386
26083,LOF,0.1310700282209106,0.012345951084948141,0.8565840206941412
26084,LOF,0.0269251262495169,0.011382803769025928,0.9616920699814573
26085,LOF,0.022983944618578014,0.010817117612549451,0.9661989377688724
26086,LOF,0.02434423941357938,0.011416612360929156,0.9642391482254915
26087,LOF,0.027128777295078583,0.008025881470351751,0.9648453412345696
26088,LOF,0.01636567303383324,0.02580376134665576,0.9578305656195111
26089,LOF,0.04659338515684628,0.02259613294234806,0.9308104819008055
26090,LOF,0.04523790937714384,0.018805358638839982,0.9359567319840161
26091,LOF,0.03910048831752664,0.005910193054331114,0.9549893186281423
26092,LOF,0.027559062453643025,0.007596821625254471,0.9648441159211024
26093,LOF,0.040446868231302946,0.005758851393198459,0.9537942803754985
26094,LOF,0.042487641576677865,0.006131278123188233,0.9513810803001338
26095,LOF,0.0474241969366277,0.013428957420274926,0.9391468456430974
26096,LOF,0.019792313516844462,0.010352386508180787,0.9698552999749748
26097,LOF,0.011725722801234182,0.034899611138341315,0.9533746660604245
26098,LOF,0.0703477140448026,0.010996896157816679,0.9186553897973807
26099,LOF,0.0248278789653175,0.012592767703167897,0.9625793533315145
26100,LOF,0.027170333895269697,0.012083332175857045,0.9607463339288733
26101,LOF,0.05585328439151906,0.011196668521796268,0.9329500470866847
26102,LOF,0.025378386623621876,0.014350786819535648,0.9602708265568426
26103,Neutral,0.8901596980662128,0.017698298138923912,0.0921420037948633
26104,LOF,0.07890860834596145,0.027954641011267236,0.8931367506427712
26105,LOF,0.197092176737471,0.27712793733964697,0.525779885922882
26106,LOF,0.20637022009871728,0.1196351246483305,0.6739946552529523
26107,LOF,0.24090451339447963,0.08120161667697229,0.677893869928548
26108,LOF,0.22797769700529838,0.12222648535758955,0.649795817637112
26109,LOF,0.10598198230315828,0.0848209282133606,0.8091970894834811
26110,LOF,0.2611320398270764,0.006466651793210012,0.7324013083797136
26111,Neutral,0.49924229597491737,0.01699141351416874,0.4837662905109139
26112,LOF,0.03506847544121383,0.00850053498023457,0.9564309895785517
26113,LOF,0.05521983610772654,0.014807277180321645,0.9299728867119517
26114,LOF,0.029308818445072285,0.026630627664117213,0.9440605538908106
26115,LOF,0.09966359022990305,0.06657487783815474,0.8337615319319422
26116,LOF,0.06403034789721662,0.06029574040162878,0.8756739117011546
26117,LOF,0.4332869288101456,0.05449680815415421,0.5122162630357002
26118,LOF,0.03470399206854864,0.02721628708389981,0.9380797208475515
26119,LOF,0.022337824667698094,0.044707830985101775,0.9329543443472001
26120,LOF,0.02742102195261937,0.028251026086694466,0.9443279519606861
26121,LOF,0.04517498367090098,0.09162172224580914,0.8632032940832899
26122,LOF,0.03948389900796956,0.05134847458068768,0.9091676264113429
