feature0,prediction,LoGoFunc_Neutral,LoGoFunc_GOF,LoGoFunc_LOF
25546,Neutral,0.6179252438442571,0.05682181178140875,0.32525294437433416
25547,Neutral,0.4861553642445343,0.0947930581935143,0.4190515775619514
25548,Neutral,0.48241079327349884,0.07669750155094142,0.44089170517555976
25549,LOF,0.4127092328133032,0.0757781301267596,0.5115126370599372
25550,LOF,0.36297765997944803,0.09728163509808928,0.5397407049224626
25551,LOF,0.30792279378014037,0.10758007845398648,0.5844971277658731
25552,LOF,0.26640593438477084,0.1040754018628343,0.6295186637523948
25553,Neutral,0.7964844520162445,0.04249119259331853,0.16102435539043689
25554,LOF,0.30589147492654856,0.09189928676632213,0.6022092383071292
25555,LOF,0.25855004552251926,0.09104610174961976,0.6504038527278609
25556,LOF,0.4414053057676057,0.08132071380490588,0.47727398042748825
25557,LOF,0.25047948213962046,0.09288225359942041,0.6566382642609592
25558,LOF,0.30370990665954606,0.0914446625843346,0.6048454307561193
25559,LOF,0.2778123737816759,0.12424457637190939,0.5979430498464147
25560,LOF,0.16522539352043952,0.12431242041521098,0.7104621860643494
25561,LOF,0.15238834262917106,0.14230254272020812,0.7053091146506207
25562,LOF,0.06959842859772208,0.08037225608474052,0.8500293153175373
25563,LOF,0.02142295881508952,0.15540279472596902,0.8231742464589414
25564,LOF,0.21782233291613928,0.1298412931041327,0.652336373979728
25565,LOF,0.2174498647054374,0.14860883227652594,0.6339413030180366
25566,GOF,0.09326430250765752,0.7065440208847725,0.20019167660757
25567,LOF,0.041025937627728694,0.1428888823618209,0.8160851800104504
25568,LOF,0.06507864400010442,0.07107473538247248,0.8638466206174231
25569,LOF,0.0621291213377755,0.07658884894062103,0.8612820297216034
25570,LOF,0.02927502728740646,0.1063390916122387,0.8643858811003547
25571,LOF,0.02831748248553242,0.10901404715594128,0.8626684703585262
25572,LOF,0.0641152478189745,0.12532940983387872,0.8105553423471469
25573,LOF,0.0645657436358687,0.0947758783246838,0.8406583780394475
25574,LOF,0.06500311335612996,0.19275606357099143,0.7422408230728786
25575,LOF,0.02452594051872447,0.11862159891427929,0.8568524605669962
25576,LOF,0.030549906757601383,0.15470217514991005,0.8147479180924885
25577,LOF,0.03042753136767664,0.12880603907209381,0.8407664295602296
25578,LOF,0.31201365696495426,0.08136105607446788,0.6066252869605778
25579,LOF,0.1345214563343498,0.09045472968814926,0.775023813977501
25580,LOF,0.02196139303671677,0.08519012921030453,0.8928484777529787
25581,LOF,0.05725600694319344,0.06842366153254761,0.874320331524259
25582,LOF,0.057022585761516274,0.06766242254488057,0.8753149916936033
25583,LOF,0.022778995997694576,0.0852626301051687,0.8919583738971367
25584,Neutral,0.7123246260090188,0.104498495584219,0.18317687840676222
25585,LOF,0.030364028411989014,0.16003945399827482,0.809596517589736
25586,LOF,0.018189494253170773,0.07788243340200172,0.9039280723448276
25587,LOF,0.017930609450577197,0.06822041278178892,0.913848977767634
25588,LOF,0.021682190354971927,0.07433313467361119,0.9039846749714169
25589,Neutral,0.5236826775973906,0.19081521374491517,0.28550210865769415
25590,LOF,0.047305647411760056,0.12250002638166785,0.8301943262065721
25591,LOF,0.09393838312892523,0.06059817205419945,0.8454634448168753
25592,LOF,0.05976902676584084,0.13864525395773064,0.8015857192764285
25593,LOF,0.14583036839958388,0.24751445336689745,0.6066551782335187
25594,LOF,0.05650855474155255,0.10774630602471434,0.8357451392337332
25595,LOF,0.054103451744198526,0.07698455573448237,0.868911992521319
25596,LOF,0.10634420879069136,0.043936656696006014,0.8497191345133027
25597,LOF,0.08405009651165991,0.05744725073466884,0.8585026527536713
25598,LOF,0.055431408618005454,0.08076522443838674,0.8638033669436077
25599,LOF,0.020407270537736805,0.48205703333619343,0.4975356961260696
25600,GOF,0.1781367715695518,0.5209385618090121,0.300924666621436
25601,LOF,0.036976348751404736,0.42957355471487413,0.5334500965337212
25602,LOF,0.03542510284404196,0.06932071361610848,0.8952541835398495
25603,LOF,0.033001841616613854,0.03605467179816419,0.930943486585222
25604,LOF,0.03693524668968354,0.07335339940730465,0.8897113539030119
25605,LOF,0.03787538975240328,0.19770463920147016,0.7644199710461265
25606,LOF,0.4363888293078115,0.1158454817498138,0.4477656889423746
25607,LOF,0.027388963323734472,0.18557266946801362,0.7870383672082519
25608,LOF,0.03630077374379309,0.07039560895578474,0.8933036173004222
25609,GOF,0.14435494764644513,0.5049204884281767,0.35072456392537815
25610,LOF,0.016621444877974043,0.02820573578629969,0.9551728193357262
25611,LOF,0.013949265648040358,0.03343736254345202,0.9526133718085077
25612,LOF,0.04981935135978011,0.041923914126414843,0.9082567345138051
25613,LOF,0.04650290770872782,0.04199772064867905,0.9114993716425931
25614,LOF,0.02224617420767611,0.0259488782040803,0.9518049475882435
25615,LOF,0.04297246766778202,0.041797475225598686,0.9152300571066193
25616,LOF,0.051794135702085346,0.028884240670135827,0.9193216236277787
25617,LOF,0.04452839380477117,0.04213771871202428,0.9133338874832044
25618,LOF,0.04903925192771981,0.0375565945684791,0.9134041535038011
25619,LOF,0.013744113535934917,0.032998956803299666,0.9532569296607655
25620,LOF,0.06369315837457797,0.04707427718300354,0.8892325644424184
25621,LOF,0.05763775894395511,0.0368422368922859,0.9055200041637589
25622,LOF,0.06351735536510633,0.03343174001643679,0.9030509046184569
25623,LOF,0.07609130692028682,0.028263703138982844,0.8956449899407303
25624,LOF,0.01887290763844356,0.033658233292683255,0.9474688590688731
25625,LOF,0.05917294912784605,0.04258010763865021,0.8982469432335036
25626,LOF,0.047840683769949266,0.04030832736044739,0.9118509888696033
25627,Neutral,0.8992264659046822,0.016835945189233502,0.08393758890608435
25628,LOF,0.14711702890142297,0.05562077696869595,0.7972621941298812
25629,LOF,0.07491866913074216,0.043428813397671365,0.8816525174715866
25630,LOF,0.30607434670882155,0.06683565722354326,0.6270899960676352
25631,Neutral,0.5837866692409625,0.05557676418416717,0.36063656657487053
25632,LOF,0.027873723915250923,0.054739307180613796,0.9173869689041353
25633,LOF,0.13809250668065015,0.035029059420768796,0.826878433898581
25634,LOF,0.034932780359361544,0.06907349395396643,0.895993725686672
25635,LOF,0.03534474457950126,0.03675859967254789,0.9278966557479509
25636,LOF,0.03189941567973243,0.4527602658107347,0.515340318509533
25637,GOF,0.08225273442437492,0.501262710339876,0.41648455523574907
25638,LOF,0.027425024553075928,0.373942132863628,0.5986328425832961
25639,LOF,0.030952804604743377,0.381772410089292,0.5872747853059647
25640,Neutral,0.7680153923235773,0.1879793264395098,0.044005281236912976
25641,LOF,0.07213165041305837,0.4621562915594748,0.46571205802746685
25642,LOF,0.054848790800368384,0.1532857589301313,0.7918654502695003
25643,LOF,0.2268308769097412,0.13177251475762677,0.641396608332632
25644,LOF,0.026138421877203992,0.41220844593808315,0.5616531321847128
25645,LOF,0.02911564621554972,0.3657820987978891,0.6051022549865611
25646,LOF,0.06685601896093331,0.2821257645163028,0.6510182165227639
25647,LOF,0.030456845498545892,0.2301102243134555,0.7394329301879986
25648,LOF,0.03880477333859769,0.22544469626215333,0.735750530399249
25649,LOF,0.020097187589966686,0.20903999677620053,0.7708628156338329
25650,LOF,0.06398821809443332,0.36341913909202694,0.5725926428135397
25651,LOF,0.02118946777887687,0.2486710769375009,0.7301394552836223
25652,LOF,0.040241959941415065,0.2360940928065414,0.7236639472520435
25653,LOF,0.09365581711878795,0.3611155111650782,0.5452286717161339
25654,LOF,0.030691277444907947,0.20632174903111428,0.7629869735239777
25655,LOF,0.2518081355785084,0.3484695245612384,0.3997223398602532
25656,LOF,0.3387073380832322,0.04659405602979931,0.6146986058869685
25657,LOF,0.061825326647518074,0.049457049426566334,0.8887176239259156
25658,LOF,0.34018129092258026,0.052852814188110435,0.6069658948893093
25659,Neutral,0.5253713699919598,0.0778676268173387,0.3967610031907015
25660,LOF,0.021481390806312988,0.08014865664354422,0.8983699525501427
25661,LOF,0.09272388469564163,0.05952845828949455,0.8477476570148639
25662,LOF,0.034954044182233926,0.03492342302923747,0.9301225327885286
25663,LOF,0.048174212497726125,0.046534885261899896,0.905290902240374
25664,LOF,0.13932129728054782,0.06577551042757106,0.7949031922918811
25665,LOF,0.053311368017926075,0.03491258323585145,0.9117760487462224
25666,LOF,0.09067515565535325,0.08008942076985082,0.829235423574796
25667,LOF,0.07352084729309676,0.03930927811027017,0.8871698745966331
25668,LOF,0.03840599546400124,0.04974804774374336,0.9118459567922554
25669,LOF,0.03272613010934855,0.050377629852981554,0.9168962400376699
25670,LOF,0.15599462094867336,0.052942851449763254,0.7910625276015634
25671,LOF,0.1158358346618876,0.03594692558232541,0.848217239755787
25672,LOF,0.05217696744205754,0.044838085979524656,0.9029849465784178
25673,LOF,0.08234264912457485,0.04742808617548442,0.8702292646999407
25674,LOF,0.07382445006638158,0.056884278802143314,0.8692912711314751
25675,LOF,0.1230471806908093,0.05696391095130608,0.8199889083578845
25676,LOF,0.019406918155616112,0.055989237126979736,0.9246038447174042
25677,LOF,0.02618596342122236,0.07161089343472277,0.9022031431440549
25678,LOF,0.22285218967188816,0.06288840763391572,0.7142594026941961
25679,LOF,0.12173612106928568,0.08169162477645749,0.7965722541542568
25680,LOF,0.029868223768710074,0.11917064365207773,0.8509611325792121
25681,LOF,0.04779126272735308,0.10972468495033828,0.8424840523223086
25682,LOF,0.14260080879359943,0.07670840768038757,0.780690783526013
25683,LOF,0.1257423099180805,0.0949286922619482,0.7793289978199713
25684,LOF,0.04555583533149563,0.07550203843674937,0.8789421262317549
25685,LOF,0.13559191028001527,0.05005386588370662,0.8143542238362781
25686,LOF,0.08045816611694327,0.07637782678932813,0.8431640070937287
25687,LOF,0.11536273484960667,0.07593510803366074,0.8087021571167327
25688,LOF,0.29304777427300377,0.04025894258641967,0.6666932831405766
25689,LOF,0.22660861581393818,0.046341727315142286,0.7270496568709196
25690,LOF,0.32079177866962727,0.03508316762432088,0.6441250537060519
25691,Neutral,0.6980556775487514,0.026252407655334858,0.27569191479591365
25692,LOF,0.3517521365904012,0.011295652165329554,0.6369522112442694
25693,LOF,0.050168069524797514,0.4111825519507987,0.5386493785244039
25694,LOF,0.11724739736430374,0.0183980324914067,0.8643545701442895
25695,LOF,0.10922721987614951,0.01684994765996989,0.8739228324638805
25696,LOF,0.1352948214954493,0.01024524223270469,0.854459936271846
25697,LOF,0.09698793897589973,0.027215082122314077,0.8757969789017862
25698,LOF,0.3607334113295382,0.1635261097081186,0.4757404789623432
25699,LOF,0.46076644135599215,0.03522319615402937,0.5040103624899784
25700,LOF,0.06924633872105579,0.008969671269227352,0.9217839900097168
25701,LOF,0.14551307827327484,0.04693576779305573,0.8075511539336694
25702,GOF,0.16136159221729326,0.6205317881053375,0.21810661967736922
25703,LOF,0.01878675179201656,0.15389129234919238,0.8273219558587911
25704,LOF,0.044204149571599925,0.10423327679121287,0.8515625736371872
25705,LOF,0.04871395309068085,0.15131704583814523,0.7999690010711739
25706,LOF,0.09866354784597493,0.4489621791915583,0.4523742729624668
25707,LOF,0.09090671226777179,0.39694667759748886,0.5121466101347394
25708,LOF,0.029490911898434884,0.3422818376900803,0.6282272504114848
25709,LOF,0.06637650367197204,0.04265719449539614,0.8909663018326319
25710,LOF,0.01162914880502176,0.15024614626412808,0.8381247049308501
25711,LOF,0.0201566287937933,0.1032046178441028,0.8766387533621038
25712,LOF,0.013245337881112497,0.18607122431749035,0.8006834378013972
25713,LOF,0.02010339728470207,0.08585388077103566,0.8940427219442623
25714,LOF,0.07611670225306301,0.08187791854261138,0.8420053792043256
25715,LOF,0.012002666988526695,0.14798957396469153,0.8400077590467818
25716,LOF,0.014868289945267277,0.11639796775036762,0.8687337423043651
25717,LOF,0.012229931108126703,0.08286555306112753,0.9049045158307458
25718,LOF,0.013441780916093516,0.10575061462604624,0.8808076044578603
25719,LOF,0.019766933586934547,0.08466084600240031,0.8955722204106651
25720,LOF,0.025240454807611466,0.06957024083944705,0.9051893043529415
25721,LOF,0.016172383849544985,0.11737602156402815,0.8664515945864268
25722,LOF,0.014747088914601686,0.138214503491158,0.8470384075942403
25723,LOF,0.02472023328080757,0.0430425318324264,0.932237234886766
25724,LOF,0.03545886569797306,0.09611172168614351,0.8684294126158836
25725,LOF,0.012693448680197002,0.06859962726110563,0.9187069240586974
25726,LOF,0.016806748940450054,0.10598070157836109,0.8772125494811889
25727,LOF,0.01392998238952325,0.0789931220521326,0.9070768955583441
25728,LOF,0.01070817190307193,0.12852864454433935,0.8607631835525887
25729,LOF,0.011184631567671792,0.12062733317699237,0.8681880352553358
25730,LOF,0.014787474408236342,0.08907483391480284,0.8961376916769609
25731,LOF,0.01780377345855631,0.12985881054041404,0.8523374160010297
25732,LOF,0.015355527734338091,0.08745349497223973,0.8971909772934221
25733,LOF,0.01745122867199914,0.07938020516546693,0.903168566162534
25734,LOF,0.012047491128020883,0.1281140851476903,0.8598384237242888
25735,LOF,0.014446802212824555,0.09850476975897128,0.8870484280282042
25736,LOF,0.01584024193369017,0.11649860390401955,0.8676611541622903
25737,LOF,0.012903596128593967,0.08342220162093338,0.9036742022504726
25738,LOF,0.012936445123406434,0.10968770595575192,0.8773758489208416
25739,LOF,0.022958377733871098,0.08117981570319238,0.8958618065629366
25740,LOF,0.026816491240033265,0.11260273051836753,0.8605807782415992
25741,LOF,0.014523524633437339,0.11787828019357259,0.8675981951729901
25742,LOF,0.11847051977765831,0.08551315579514547,0.7960163244271962
25743,LOF,0.0326329119977253,0.03908133464080973,0.928285753361465
25744,Neutral,0.5581055804017749,0.2119842948879341,0.22991012471029104
25745,LOF,0.07602276387294633,0.0694565308463912,0.8545207052806625
25746,LOF,0.039797113960494034,0.07945440683637268,0.8807484792031331
25747,LOF,0.022108655039736507,0.056193308016306454,0.9216980369439571
25748,LOF,0.08616808009188243,0.07949311555661341,0.8343388043515041
25749,LOF,0.024317510632637342,0.07777137063108042,0.8979111187362824
25750,LOF,0.0863190684455513,0.08195295389867892,0.8317279776557698
25751,LOF,0.09377716372064068,0.08165713933412469,0.8245656969452345
25752,GOF,0.13243002244250407,0.6469164090584862,0.22065356849900966
25753,LOF,0.02012155363200222,0.2704747580974185,0.7094036882705792
25754,GOF,0.01163959749732637,0.7974618626146462,0.19089853988802724
25755,LOF,0.02232125581339544,0.41705693018741957,0.560621813999185
25756,LOF,0.04460848042060014,0.3732263263625263,0.5821651932168737
25757,GOF,0.014382578742554874,0.8408251451435211,0.14479227611392406
25758,GOF,0.03005025476200909,0.7998609597312867,0.17008878550670423
25759,GOF,0.010979659483820412,0.5676701808188315,0.4213501596973482
25760,LOF,0.012497782491643447,0.2705396908982377,0.7169625266101188
25761,GOF,0.29677272002798916,0.6175420525714136,0.08568522740059727
25762,LOF,0.03730901053524631,0.25676863307954034,0.7059223563852133
25763,LOF,0.014036335672508523,0.20105301124649763,0.7849106530809938
25764,GOF,0.072095713164301,0.6186698655611004,0.3092344212745987
25765,GOF,0.041564806787046035,0.737083711685887,0.22135148152706682
25766,GOF,0.0707498800296468,0.7461730321060394,0.18307708786431384
25767,GOF,0.16111333602778963,0.5452311176508334,0.293655546321377
25768,LOF,0.1159397926587697,0.06772032190823014,0.8163398854330002
25769,LOF,0.05709203222187913,0.06091063285315918,0.8819973349249618
25770,LOF,0.33252213634143385,0.09226081961667518,0.575217044041891
25771,LOF,0.0420588704171172,0.05008401852762119,0.9078571110552617
25772,LOF,0.018464488049372726,0.03966420086917409,0.9418713110814532
25773,LOF,0.04755445542206104,0.09174574858399845,0.8606997959939405
25774,LOF,0.028549114457261396,0.07255263270022858,0.89889825284251
25775,LOF,0.04944571042703864,0.04916886468088847,0.9013854248920729
25776,LOF,0.07188404370388433,0.025678873766416626,0.902437082529699
25777,LOF,0.3324650252858834,0.054221888289217084,0.6133130864248996
25778,LOF,0.07521766283947089,0.04638533211154102,0.8783970050489881
25779,GOF,0.37469066665831113,0.5808907738130263,0.04441855952866259
25780,GOF,0.3276697544000033,0.6009475806087491,0.0713826649912476
25781,GOF,0.1415819574052545,0.7476578743569545,0.11076016823779103
25782,GOF,0.20991659814466526,0.7105454049325751,0.07953799692275972
25783,GOF,0.0216948698082655,0.6055899106543056,0.3727152195374288
25784,Neutral,0.5168321958819331,0.4385383037108483,0.044629500407218685
25785,Neutral,0.48579295252544413,0.474131498102397,0.0400755493721587
25786,GOF,0.02602447642606446,0.7322479678182836,0.24172755575565197
25787,Neutral,0.6518021736893047,0.32172298934888205,0.026474836961813252
25788,LOF,0.055038747882777767,0.10560180952618446,0.8393594425910378
25789,GOF,0.21782429145858084,0.6491654700765208,0.1330102384648983
25790,GOF,0.23845296811627736,0.6574178428432662,0.10412918904045641
25791,GOF,0.17484159617067316,0.6477329099470681,0.17742549388225864
25792,GOF,0.3952275165819081,0.47264129749873174,0.13213118591936027
25793,GOF,0.2668964354586984,0.5334439458404062,0.19965961870089544
25794,GOF,0.3056578095608177,0.5130125321816624,0.18132965825751973
25795,GOF,0.08280854522440945,0.6649217802197279,0.25226967455586274
25796,Neutral,0.5752551146142114,0.3447920360213347,0.07995284936445397
25797,GOF,0.0898883164052499,0.5297206344587153,0.38039104913603483
25798,LOF,0.009344205171542963,0.48284342932182556,0.5078123655066314
25799,LOF,0.0075805878568276485,0.3735961025933155,0.618823309549857
25800,GOF,0.03501676990889253,0.5542390988783592,0.41074413121274816
25801,GOF,0.2392618730703374,0.6266434910699046,0.13409463585975803
25802,GOF,0.09155006516124514,0.6388761863276152,0.26957374851113974
25803,GOF,0.03617119273953589,0.5452196259843707,0.4186091812760935
25804,LOF,0.031213412433238212,0.45813602952136256,0.5106505580453993
25805,GOF,0.09883875111685055,0.5321856698221984,0.368975579060951
25806,GOF,0.11330038118807861,0.5609795656246599,0.3257200531872615
25807,GOF,0.020374874345490318,0.5832571535240416,0.39636797213046815
25808,GOF,0.08796458399007069,0.5915750835011854,0.32046033250874384
25809,GOF,0.01978128300364146,0.548871059091593,0.43134765790476565
25810,GOF,0.01772821127799851,0.5750241495140813,0.4072476392079202
25811,Neutral,0.48394007393078514,0.4408310594051106,0.07522886666410424
25812,GOF,0.03273166796250755,0.6355523702998829,0.3317159617376094
25813,Neutral,0.5369325943643535,0.3693610203574812,0.09370638527816538
25814,GOF,0.12044062269609007,0.6318302020497142,0.24772917525419574
25815,GOF,0.20507762997493997,0.6055111368619323,0.18941123316312775
25816,GOF,0.02455276529545107,0.7119413224708244,0.2635059122337245
25817,GOF,0.24064762378801305,0.641537588870564,0.11781478734142287
25818,GOF,0.058364521997028886,0.6112741858110478,0.33036129219192334
25819,GOF,0.37017906421985036,0.4864670184396017,0.14335391734054778
25820,GOF,0.19308238467888056,0.5781269475648227,0.2287906677562967
25821,GOF,0.056649624585528496,0.6425856512268628,0.30076472418760863
25822,GOF,0.23231140330723307,0.5559832658280155,0.21170533086475146
25823,GOF,0.03576205277596387,0.4938132201067006,0.4704247271173356
25824,GOF,0.0957572159343528,0.5601739232331082,0.3440688608325389
25825,GOF,0.03715679800062437,0.5523182884469582,0.4105249135524173
25826,GOF,0.014960901210125275,0.5309191737192018,0.4541199250706729
25827,GOF,0.023405870627551912,0.584176480935593,0.392417648436855
25828,GOF,0.012908343752346417,0.49850950851065695,0.4885821477369967
25829,GOF,0.0061240481634282804,0.546538671356095,0.4473372804804768
25830,LOF,0.03286450184113826,0.2792508792281585,0.6878846189307033
25831,GOF,0.23297218519407795,0.6344001778433375,0.13262763696258453
25832,GOF,0.03515460521296546,0.6683994212533516,0.296445973533683
25833,GOF,0.1340816167401174,0.6698498392073132,0.1960685440525694
25834,GOF,0.03848819075065592,0.6690044999011595,0.29250730934818453
25835,GOF,0.08364225332330294,0.7240926190051885,0.1922651276715085
25836,GOF,0.04036349863361114,0.6671179941047675,0.2925185072616214
25837,GOF,0.024771975306627062,0.543442116241853,0.4317859084515199
25838,GOF,0.10203832613348313,0.745059216428562,0.15290245743795497
25839,GOF,0.29899203258789464,0.5584190047356314,0.14258896267647375
25840,GOF,0.25327158765651875,0.5907409513976797,0.15598746094580163
25841,GOF,0.24982187780936477,0.6053598350729866,0.14481828711764866
25842,GOF,0.1991006922879377,0.6458782477398435,0.15502105997221882
25843,GOF,0.2743977151191803,0.6263246765769704,0.09927760830384928
25844,GOF,0.0740393125387683,0.6726222258026788,0.25333846165855284
25845,LOF,0.016772950325111204,0.46211479843403014,0.5211122512408586
25846,GOF,0.136751493420656,0.6963427780332084,0.16690572854613567
25847,GOF,0.13690356927084069,0.746009302195115,0.11708712853404439
25848,GOF,0.04319892657776891,0.6797222828070012,0.27707879061523
25849,GOF,0.012201002102813325,0.5489379452402143,0.4388610526569724
25850,GOF,0.0236389188803929,0.6429570788939348,0.33340400222567224
25851,GOF,0.019423448091608717,0.5212432408847572,0.45933331102363417
25852,GOF,0.17584236287797994,0.5427845787493394,0.2813730583726808
25853,GOF,0.3781641514948428,0.5482801424862702,0.07355570601888695
25854,GOF,0.021054665652681225,0.6067229934122447,0.37222234093507406
25855,GOF,0.042588001162295226,0.5449420306228225,0.41246996821488213
25856,GOF,0.25881275419378547,0.5361925120690635,0.2049947337371511
25857,GOF,0.04242376724233327,0.49387837873362894,0.4636978540240378
25858,GOF,0.018318319465738416,0.5211760297866485,0.4605056507476132
25859,LOF,0.010213192060631296,0.4933700365253178,0.49641677141405105
25860,GOF,0.382151925368529,0.5354282078123521,0.08241986681911895
25861,GOF,0.43388545112316895,0.49485882495350275,0.07125572392332832
25862,GOF,0.09199366948178012,0.7581018236328279,0.149904506885392
25863,GOF,0.09706163764098238,0.7586882384121523,0.14425012394686546
25864,GOF,0.19515300656237472,0.7142024429876291,0.09064455044999602
25865,GOF,0.08892816290710896,0.7791412296797818,0.13193060741310916
25866,GOF,0.06595479687929129,0.7721818730997905,0.1618633300209183
25867,GOF,0.09385574512142458,0.7912763998299944,0.11486785504858094
25868,GOF,0.2828934223437708,0.6186207498443074,0.09848582781192172
25869,Neutral,0.7172497138977896,0.2461445730332477,0.03660571306896273
25870,LOF,0.3031054927284742,0.3231746359197852,0.3737198713517406
25871,GOF,0.24425770676930011,0.5978340831572561,0.15790821007344372
25872,GOF,0.07682590238754317,0.6428801913976471,0.28029390621480976
25873,GOF,0.1309318995101051,0.6686477748798724,0.2004203256100225
25874,LOF,0.017500133591800218,0.11454842731278395,0.8679514390954158
25875,LOF,0.0921113261452328,0.035804158373001875,0.8720845154817654
25876,LOF,0.038046963370520305,0.03536454549715241,0.9265884911323273
25877,Neutral,0.47896364302194766,0.043773959501253734,0.47726239747679866
25878,LOF,0.20098108920815078,0.08095462176138692,0.7180642890304624
25879,LOF,0.0860876930752942,0.07503554624011992,0.8388767606845858
25880,LOF,0.02441341372783262,0.01781580202117915,0.9577707842509882
25881,LOF,0.16699374407260817,0.11213030933901545,0.7208759465883763
25882,LOF,0.06506543529552584,0.016455127718301037,0.9184794369861731
25883,LOF,0.08388974794786129,0.021561221977479686,0.8945490300746591
25884,LOF,0.03327865403979924,0.03203337238599046,0.9346879735742103
25885,LOF,0.0645786233438473,0.012668073642580798,0.922753303013572
25886,LOF,0.2561893968801593,0.04137015404483012,0.7024404490750106
25887,LOF,0.16285940213823638,0.06628886628106068,0.770851731580703
25888,LOF,0.07311562470422184,0.05755035623624934,0.8693340190595289
25889,LOF,0.04331718902595356,0.02210117300114409,0.9345816379729024
25890,LOF,0.05421031149731542,0.14278790039376585,0.8030017881089189
25891,LOF,0.03887788387774239,0.05616024938365047,0.9049618667386071
25892,LOF,0.09194073966410059,0.020584682641373413,0.887474577694526
25893,LOF,0.2432109391927805,0.020038277043749924,0.7367507837634696
25894,LOF,0.17547878582990048,0.010810576142682065,0.8137106380274175
25895,LOF,0.224809439602978,0.020406185854364357,0.7547843745426577
25896,LOF,0.05031456130037677,0.021948281373091214,0.927737157326532
25897,LOF,0.29134499123445146,0.011689464391040988,0.6969655443745076
25898,Neutral,0.7136180746014489,0.009360947509822722,0.27702097788872837
25899,LOF,0.19755856173485184,0.02147493356613888,0.7809665046990094
25900,LOF,0.4357699227725113,0.014727031984458913,0.5495030452430297
25901,LOF,0.05027816941952468,0.012524299305235345,0.93719753127524
25902,LOF,0.16409285154559047,0.012692054047081,0.8232150944073285
25903,Neutral,0.5614097901152996,0.026816227450205704,0.41177398243449476
25904,LOF,0.2694838420392098,0.04846117516913674,0.6820549827916534
25905,LOF,0.02081003608694679,0.3740283055343694,0.6051616583786839
25906,LOF,0.02840298503167281,0.09035059265766511,0.881246422310662
25907,LOF,0.014186680022280088,0.38418782396700285,0.6016254960107171
25908,LOF,0.009719740870205697,0.2875908121904096,0.7026894469393847
25909,LOF,0.012865817583257371,0.15427593630426728,0.8328582461124754
25910,LOF,0.04514908094658501,0.14548981032154298,0.809361108731872
25911,LOF,0.18285296967268724,0.01853782719928201,0.7986092031280307
25912,LOF,0.05819739512542836,0.037933820328642134,0.9038687845459296
25913,LOF,0.32867791162186627,0.01765120019880712,0.6536708881793265
25914,LOF,0.019606633150115106,0.07251997282337773,0.9078733940265072
25915,Neutral,0.5502102273189482,0.20869940763004996,0.24109036505100187
25916,LOF,0.08270392739840642,0.24508711983931322,0.6722089527622803
25917,LOF,0.06468475511413127,0.05513015898168746,0.8801850859041813
25918,LOF,0.02538767683588966,0.04818890289083917,0.9264234202732713
25919,LOF,0.02177003520649449,0.05729176075139158,0.9209382040421139
25920,GOF,0.09649552337621999,0.5200738257966949,0.383430650827085
25921,LOF,0.021677659607166055,0.04069457191993584,0.9376277684728982
25922,LOF,0.03002077717095871,0.028923089232450863,0.9410561335965903
25923,LOF,0.41890658582876095,0.03253927819143268,0.5485541359798064
25924,LOF,0.0344869526588001,0.047232083710569986,0.9182809636306299
25925,LOF,0.06362704685496368,0.03845941813412589,0.8979135350109103
25926,LOF,0.047310049066463036,0.034401212010423975,0.9182887389231129
25927,LOF,0.05104003258348893,0.11729891794357075,0.8316610494729404
25928,LOF,0.0176666693385194,0.05503636077393313,0.9272969698875475
25929,Neutral,0.5345912919719039,0.035785308662174005,0.4296233993659221
25930,LOF,0.05077448771523599,0.02978128080806321,0.9194442314767007
25931,LOF,0.022987911435057743,0.029424645953336732,0.9475874426116055
25932,LOF,0.02576047913475389,0.025434166405576327,0.9488053544596698
25933,LOF,0.03465812297036006,0.017922339805528136,0.9474195372241118
25934,LOF,0.024305733689938106,0.02271891273936358,0.9529753535706982
25935,LOF,0.05606375262413822,0.04556335097862025,0.8983728963972416
25936,LOF,0.044507631093101824,0.024366128538447548,0.9311262403684506
25937,LOF,0.025666581818489378,0.03541799601163005,0.9389154221698807
25938,LOF,0.05909466027396931,0.04893366747749931,0.8919716722485315
25939,LOF,0.03966566536485811,0.02131442347653586,0.939019911158606
25940,LOF,0.030849709508101845,0.3789969125330922,0.590153377958806
25941,LOF,0.17188013448488845,0.09492497459471418,0.7331948909203975
25942,LOF,0.014667760591445166,0.035526735202285005,0.9498055042062697
25943,LOF,0.2981340155655927,0.059069058841952675,0.6427969255924547
25944,Neutral,0.49742168724598473,0.023933597010388503,0.4786447157436268
25945,LOF,0.06397386379595658,0.022469647362647116,0.9135564888413963
25946,LOF,0.024563428413688373,0.12364711297139738,0.8517894586149143
25947,LOF,0.0947528300182668,0.2824770167499712,0.6227701532317619
25948,LOF,0.42924445141566653,0.00822689752872088,0.5625286510556127
25949,LOF,0.11799569762073783,0.030282404631947302,0.8517218977473149
25950,GOF,0.2998978026873413,0.3721000387575824,0.32800215855507636
25951,LOF,0.2177709974220167,0.24247877807942425,0.5397502244985591
25952,LOF,0.04250516823473477,0.4530152930387679,0.5044795387264973
25953,LOF,0.15953415558883047,0.1032677889404657,0.7371980554707038
25954,Neutral,0.46132268228203527,0.1657132445324273,0.3729640731855374
25955,LOF,0.051136561074056314,0.08988023474605622,0.8589832041798875
25956,LOF,0.16073184702543591,0.11680544124687083,0.7224627117276934
25957,LOF,0.03750799506473182,0.03179031168595384,0.9307016932493144
25958,LOF,0.06493778075148143,0.026327911590489247,0.9087343076580293
25959,LOF,0.06830719620684,0.3609827416992583,0.5707100620939017
25960,LOF,0.0165981019220301,0.054028589314643,0.9293733087633269
25961,LOF,0.0530421569455685,0.029838750141209566,0.9171190929132219
25962,LOF,0.06389524812272315,0.02723392758778964,0.9088708242894872
25963,LOF,0.057003161042864244,0.18229889899312807,0.7606979399640078
25964,LOF,0.03921189658763448,0.15085586957994943,0.8099322338324161
25965,Neutral,0.46444352363328517,0.08086860252886738,0.45468787383784737
25966,Neutral,0.5540595897394509,0.16014003278782066,0.2858003774727286
25967,LOF,0.016600123434388575,0.0995547925120117,0.8838450840535996
25968,LOF,0.030532642190056452,0.41473233512341984,0.5547350226865237
25969,LOF,0.02976811350840932,0.05903487453055624,0.9111970119610344
25970,LOF,0.05986823103216335,0.058231383607100444,0.8819003853607362
25971,LOF,0.07621149020482428,0.016613508930729232,0.9071750008644466
25972,LOF,0.07306053711192577,0.022011645953536416,0.9049278169345377
25973,LOF,0.06997944909289774,0.011379292028516999,0.9186412588785853
25974,LOF,0.19843280295418791,0.02005300838878646,0.7815141886570256
25975,LOF,0.042144296897844595,0.03489242452687036,0.9229632785752852
25976,LOF,0.0382274781790821,0.021179987295822586,0.9405925345250954
25977,LOF,0.16036754378110157,0.09015552497704465,0.7494769312418538
25978,LOF,0.1491804402192398,0.05301446567732002,0.7978050941034401
25979,LOF,0.1352574840850114,0.053598968289521466,0.811143547625467
25980,LOF,0.21146150020269414,0.06909187287372523,0.7194466269235806
25981,LOF,0.24522357400923814,0.06751041327187028,0.6872660127188917
25982,LOF,0.411496885342413,0.04440771203260139,0.5440954026249857
25983,LOF,0.3836590694682541,0.049890332498407235,0.5664505980333386
25984,LOF,0.051799399646500814,0.040886377337252595,0.9073142230162465
25985,LOF,0.032879774697725274,0.22379462843656966,0.7433255968657051
25986,LOF,0.038311209408029984,0.264162692747196,0.6975260978447739
25987,LOF,0.07668812142514086,0.0634037315921265,0.8599081469827327
25988,LOF,0.14953657517904634,0.04879660562043952,0.8016668192005142
25989,LOF,0.03003357638863466,0.09311590933577121,0.876850514275594
25990,LOF,0.044713418706809234,0.1175809752260771,0.8377056060671136
25991,LOF,0.1417220151626012,0.28976082629311484,0.5685171585442841
25992,LOF,0.3242192251240825,0.1708207107977105,0.5049600640782069
25993,LOF,0.023985900265672287,0.08422029983449023,0.8917937998998374
25994,LOF,0.017644163082552372,0.11609656360128744,0.8662592733161601
25995,LOF,0.025462448590985017,0.2508095031437414,0.7237280482652736
25996,GOF,0.34870553201977667,0.4382161654326348,0.21307830254758856
25997,LOF,0.07896275987782893,0.43798518472931086,0.4830520553928602
25998,Neutral,0.538260556304289,0.021999401604668206,0.4397400420910427
25999,LOF,0.12197401498471452,0.09254657486982876,0.7854794101454567
26000,LOF,0.13785362011085248,0.05101811020344855,0.8111282696856991
26001,LOF,0.17667250916264174,0.05372611995142622,0.7696013708859321
26002,LOF,0.13702201224492486,0.046285795487123055,0.8166921922679521
26003,GOF,0.010595816448858325,0.5928474890268377,0.3965566945243038
26004,GOF,0.017886827233190114,0.6661887516567713,0.3159244211100387
26005,LOF,0.007603505997570858,0.45201446381207433,0.5403820301903548
26006,Neutral,0.5349303646656567,0.2538956893424447,0.21117394599189868
26007,GOF,0.021494222209827562,0.5303952365303374,0.448110541259835
26008,GOF,0.015220485063617426,0.625125454995054,0.3596540599413287
26009,GOF,0.01982585739439803,0.6765166936125542,0.3036574489930477
26010,GOF,0.025600045740776886,0.6594387703690363,0.31496118389018685
26011,LOF,0.006517597189145511,0.4478057085179745,0.5456766942928799
26012,GOF,0.013437579471233217,0.54033587954647,0.4462265409822968
26013,GOF,0.019110266803674354,0.6396623800586851,0.34122735313764047
26014,LOF,0.04752212074963289,0.10731754210642933,0.8451603371439377
26015,LOF,0.19857770149420842,0.009465535870134193,0.7919567626356574
26016,LOF,0.22344663391680605,0.05483359153962397,0.72171977454357
26017,LOF,0.24365394126173004,0.08435858968801462,0.6719874690502553
26018,LOF,0.09745072662665176,0.026686827896298265,0.8758624454770498
26019,LOF,0.0930702699668258,0.021166544972839634,0.8857631850603346
26020,LOF,0.07732162978030574,0.10185563565212427,0.82082273456757
26021,LOF,0.04863125856494969,0.10815322249993434,0.843215518935116
26022,LOF,0.011338517757724046,0.03436822727754706,0.9542932549647289
26023,LOF,0.1092919500665783,0.018859613515013043,0.8718484364184087
26024,LOF,0.03810688945260866,0.10994982192787033,0.8519432886195211
26025,LOF,0.17299421291580558,0.07728750762831421,0.7497182794558801
26026,LOF,0.3469049205319096,0.02371084971601514,0.6293842297520753
26027,LOF,0.08744718371756735,0.014228958039357885,0.8983238582430747
26028,LOF,0.16591858642609225,0.06791906675049451,0.7661623468234132
26029,LOF,0.07697897192453608,0.19334978657480298,0.729671241500661
26030,LOF,0.024015183552205912,0.0632926191119859,0.9126921973358082
26031,LOF,0.02637354572827067,0.1434929932232123,0.8301334610485172
26032,LOF,0.0650617097074746,0.07379467636780551,0.8611436139247198
26033,LOF,0.11839156892147146,0.09111679923918445,0.7904916318393441
26034,LOF,0.04344620582170414,0.1714951135543685,0.7850586806239274
26035,LOF,0.02640476678801783,0.1562596032229428,0.8173356299890394
26036,LOF,0.03925412059597057,0.1812665547306205,0.779479324673409
26037,LOF,0.02131950007404341,0.12972064197419575,0.8489598579517609
26038,LOF,0.06110728968310989,0.07658570967699509,0.862307000639895
26039,LOF,0.0501868551152604,0.1673023819698707,0.782510762914869
26040,LOF,0.20299688744965708,0.1490127535458058,0.6479903590045372
26041,LOF,0.022888907183830704,0.12173169742729073,0.8553793953888784
26042,LOF,0.02099799331943571,0.11660944276264044,0.8623925639179237
26043,LOF,0.06152566500127876,0.08808439895575419,0.8503899360429671
26044,LOF,0.020031467761837833,0.08213803344797656,0.8978304987901856
26045,LOF,0.06850994002807274,0.10720688960037508,0.8242831703715522
26046,LOF,0.06309804441469782,0.0868436938633353,0.8500582617219669
26047,LOF,0.0841593092508355,0.09284272141545315,0.8229979693337113
26048,LOF,0.052245819718619246,0.04665903151283514,0.9010951487685456
26049,Neutral,0.9615171608081406,0.008000618489005809,0.030482220702853526
26050,Neutral,0.9452235115213112,0.010661981208918328,0.0441145072697704
26051,LOF,0.0562206732076628,0.2507889041685932,0.692990422623744
26052,LOF,0.06973101505445307,0.2773998903093957,0.6528690946361512
26053,LOF,0.051032520593359616,0.1444698858722648,0.8044975935343757
26054,LOF,0.05573624557386177,0.016669077289441746,0.9275946771366965
26055,LOF,0.0721630571298251,0.014621481673680324,0.9132154611964945
26056,LOF,0.060357244068159475,0.016115599959861195,0.9235271559719794
26057,LOF,0.028494131252105575,0.012913900433483259,0.9585919683144111
26058,LOF,0.029551468820997108,0.010141584960505916,0.9603069462184971
26059,LOF,0.3012496043115225,0.023337676874100235,0.6754127188143773
26060,LOF,0.03742505975109284,0.15555828395730653,0.8070166562916007
26061,LOF,0.01747125237198162,0.011733917532205852,0.9707948300958125
26062,LOF,0.010839942197023129,0.019273181999413348,0.9698868758035635
26063,LOF,0.021993389529105054,0.012172657316231739,0.9658339531546631
26064,LOF,0.0241695204323398,0.021755239087486358,0.9540752404801739
26065,LOF,0.024874004954299853,0.010466100434279915,0.9646598946114202
26066,LOF,0.021521199555323927,0.011121602296493649,0.9673571981481824
26067,LOF,0.028504998713926144,0.008700065834719179,0.9627949354513547
26068,LOF,0.04620122785759799,0.028520276543823775,0.9252784955985782
26069,LOF,0.24698201563858846,0.0193816948965265,0.7336362894648849
26070,LOF,0.3981960619403814,0.015931783626309887,0.5858721544333088
26071,LOF,0.023796371088052465,0.012534629427276234,0.9636689994846713
26072,LOF,0.021938048170248015,0.01655275236767854,0.9615091994620735
26073,LOF,0.024225103624419087,0.011635664131072724,0.9641392322445081
26074,Neutral,0.905681472234494,0.005953230940978736,0.08836529682452735
26075,LOF,0.043974743926180754,0.01456741128379188,0.9414578447900274
26076,LOF,0.04658761310020563,0.009035323886409541,0.9443770630133849
26077,LOF,0.010426024423405032,0.01923827457552199,0.9703357010010729
26078,LOF,0.012884724500875014,0.012560854088561063,0.9745544214105639
26079,LOF,0.060136745814414055,0.01700113367917831,0.9228621205064077
26080,LOF,0.058841171042254045,0.01704531495385995,0.924113514003886
26081,LOF,0.037364054824623565,0.006466234064368089,0.9561697111110083
26082,LOF,0.014566231597317255,0.018202614609896604,0.9672311537927862
26083,LOF,0.13121957656401342,0.012641039673401555,0.856139383762585
26084,LOF,0.028006064407691898,0.012395757248569991,0.9595981783437381
26085,LOF,0.024292308493402828,0.011833081982184721,0.9638746095244125
26086,LOF,0.023789984980321907,0.011477927278852865,0.9647320877408252
26087,LOF,0.028504386285660644,0.008416325325786426,0.963079288388553
26088,LOF,0.015587795780602261,0.024724152530840832,0.9596880516885569
26089,LOF,0.04438229676374337,0.020869001546671234,0.9347487016895855
26090,LOF,0.04330930369493289,0.01662598534616025,0.940064710958907
26091,LOF,0.04011258002111215,0.006394261468727719,0.9534931585101601
26092,LOF,0.026496500634178143,0.008763733677974483,0.9647397656878475
26093,LOF,0.04032925993633459,0.0061744105385092545,0.9534963295251562
26094,LOF,0.04321407945077217,0.006613782557538525,0.9501721379916892
26095,LOF,0.04299436221708201,0.013511328631534932,0.9434943091513831
26096,LOF,0.017839577510709078,0.013277460527306108,0.9688829619619849
26097,LOF,0.0114765951081405,0.033985810827496604,0.9545375940643628
26098,LOF,0.07299619237583592,0.01024862746587541,0.9167551801582887
26099,LOF,0.024395499296685035,0.012045640241561371,0.9635588604617537
26100,LOF,0.027084321409557553,0.01149146513839226,0.9614242134520502
26101,LOF,0.056572600718108254,0.014867695555357347,0.9285597037265345
26102,LOF,0.02427516739100024,0.013395435473443431,0.9623293971355563
26103,Neutral,0.8852371287040415,0.018445671315805313,0.09631719998015333
26104,LOF,0.08189431736709313,0.022616319308399916,0.8954893633245069
26105,LOF,0.19906397469769047,0.3075628912632128,0.4933731340390967
26106,LOF,0.20329972292969303,0.12579926397651647,0.6709010130937905
26107,LOF,0.24444128958769398,0.08688934843597777,0.6686693619763282
26108,LOF,0.274343715555738,0.11188120097082277,0.6137750834734392
26109,LOF,0.1014526151115446,0.050245060311433734,0.8483023245770216
26110,LOF,0.28189081130714916,0.008856454046275004,0.7092527346465758
26111,Neutral,0.5060233168338168,0.02471994608680828,0.4692567370793748
26112,LOF,0.03461509346882398,0.008210448655461762,0.9571744578757143
26113,LOF,0.057339153788849254,0.017070857722734537,0.9255899884884162
26114,LOF,0.024427661771662692,0.027241684537181093,0.9483306536911561
26115,LOF,0.09169679426578035,0.053691551132333024,0.8546116546018867
26116,LOF,0.06645557217256996,0.05205833894584377,0.8814860888815864
26117,LOF,0.4329886346779961,0.0418220208469995,0.5251893444750043
26118,LOF,0.038331795452262,0.025533716724631852,0.9361344878231063
26119,LOF,0.023709398580481517,0.035901941984366734,0.9403886594351518
26120,LOF,0.03135386799399737,0.022617792820889458,0.9460283391851131
26121,LOF,0.040835089598854804,0.08099131375713803,0.8781735966440072
