feature0,prediction,LoGoFunc_Neutral,LoGoFunc_GOF,LoGoFunc_LOF
25546,Neutral,0.6291530094456389,0.06460810338221178,0.30623888717214925
25547,Neutral,0.5047377779004248,0.10509591601134986,0.3901663060882253
25548,Neutral,0.4918851329615595,0.09725547805864893,0.4108593889797916
25549,LOF,0.4235831934201883,0.09485282515610015,0.4815639814237117
25550,LOF,0.3704206083350294,0.10411144223415529,0.5254679494308153
25551,LOF,0.3182591751235861,0.11491263549849198,0.5668281893779219
25552,LOF,0.2834728527013168,0.12365840447629878,0.5928687428223843
25553,Neutral,0.7954846469054657,0.05694335082341093,0.14757200227112346
25554,LOF,0.3286121154992462,0.11532285754474857,0.5560650269560053
25555,LOF,0.2864202739285762,0.1075862007185312,0.6059935253528926
25556,Neutral,0.48233725212431994,0.1050464558868946,0.4126162919887855
25557,LOF,0.27145298695760856,0.11423273052873648,0.614314282513655
25558,LOF,0.32345229845074114,0.10994344514895935,0.5666042564002994
25559,LOF,0.23563173395874237,0.06247121285876613,0.7018970531824915
25560,LOF,0.08039733833512959,0.14656215588113292,0.7730405057837374
25561,LOF,0.10526484142193925,0.2089356604627145,0.6857994981153462
25562,LOF,0.03991752019336434,0.11022969075716657,0.8498527890494691
25563,LOF,0.010955785567453684,0.15976397901014006,0.8292802354224063
25564,LOF,0.08061518715152904,0.12566958799640798,0.793715224852063
25565,LOF,0.16736011947675272,0.12895643761340017,0.7036834429098472
25566,GOF,0.06652177225831256,0.6349972158619315,0.2984810118797559
25567,LOF,0.03887872850132173,0.17080102449680296,0.7903202470018754
25568,LOF,0.05975939388526589,0.09794946890651375,0.8422911372082204
25569,LOF,0.05951984213254041,0.08825674688757267,0.852223410979887
25570,LOF,0.02905013564561484,0.1260139850950335,0.8449358792593517
25571,LOF,0.025555148908675454,0.13056576406270354,0.843879087028621
25572,LOF,0.0641210708606143,0.17107376413867267,0.7648051650007129
25573,LOF,0.06386066077999865,0.1208319726612013,0.8153073665588001
25574,LOF,0.06699477104213518,0.23054444364110296,0.7024607853167618
25575,LOF,0.024464058841925203,0.1386758050831037,0.836860136074971
25576,LOF,0.02741990268496211,0.19663616384905203,0.7759439334659859
25577,LOF,0.03198779859662309,0.1458697532307646,0.8221424481726123
25578,LOF,0.28734872660163513,0.10745765187449707,0.6051936215238679
25579,LOF,0.1892152830171743,0.1035606772266504,0.7072240397561752
25580,LOF,0.02303162979413619,0.09448088173313317,0.8824874884727306
25581,LOF,0.047752723555226854,0.09457156865581118,0.8576757077889621
25582,LOF,0.04746005282960636,0.09287605348459235,0.8596638936858012
25583,LOF,0.028521250905491027,0.09794734642495387,0.8735314026695552
25584,Neutral,0.7059768535587116,0.14196744872509634,0.15205569771619196
25585,LOF,0.021533100094195814,0.20463599669673707,0.7738309032090671
25586,LOF,0.019373031073103637,0.09822242351476308,0.8824045454121332
25587,LOF,0.019112202428132732,0.09350467925514386,0.8873831183167233
25588,LOF,0.02346099842880189,0.08680278648435101,0.8897362150868471
25589,Neutral,0.5067436650795185,0.25517327334722806,0.23808306157325346
25590,LOF,0.05033747454874171,0.13561558762525638,0.8140469378260018
25591,LOF,0.07816346925155536,0.07827031478832722,0.8435662159601175
25592,LOF,0.06469652992251132,0.16311698701220187,0.7721864830652868
25593,LOF,0.10385423751119717,0.2994357988282044,0.5967099636605985
25594,LOF,0.053482558875422914,0.05039414947104638,0.8961232916535307
25595,LOF,0.053099174716816064,0.028596951944488188,0.9183038733386957
25596,LOF,0.12436485486892897,0.020782234107024664,0.8548529110240465
25597,LOF,0.09396254972676221,0.02233026937009323,0.8837071809031446
25598,LOF,0.05448822342059883,0.031556777417623125,0.913954999161778
25599,LOF,0.021835752982308547,0.38140650677833804,0.5967577402393536
25600,GOF,0.16427040176785465,0.43190730053257914,0.40382229769956635
25601,LOF,0.03780830601501018,0.3193468395104903,0.6428448544744995
25602,LOF,0.026314570902104897,0.07439785525030188,0.8992875738475933
25603,LOF,0.038859884705817874,0.06943435573283326,0.8917057595613489
25604,LOF,0.04418701944551327,0.12442323658103645,0.8313897439734503
25605,LOF,0.03161415663423199,0.19230636095726344,0.7760794824085046
25606,Neutral,0.4143255069079606,0.18734647297940227,0.39832802011263707
25607,LOF,0.02606681469024599,0.23969241847354902,0.734240766836205
25608,LOF,0.03309905824549115,0.15559895625456904,0.8113019854999397
25609,GOF,0.14802813918193833,0.4908518017259559,0.3611200590921059
25610,LOF,0.01661457733514308,0.054003811052718655,0.9293816116121383
25611,LOF,0.014390702954723594,0.060099677616841096,0.9255096194284352
25612,LOF,0.05034906525267858,0.06403796069427922,0.8856129740530422
25613,LOF,0.047522619080861334,0.06694392412510863,0.8855334567940301
25614,LOF,0.027166113199718477,0.047831474469379236,0.9250024123309022
25615,LOF,0.04531285986157142,0.06506820052991864,0.8896189396085099
25616,LOF,0.060357668021851676,0.05962803764221129,0.8800142943359371
25617,LOF,0.048119023975116866,0.06144258638680933,0.8904383896380739
25618,LOF,0.0531459086806392,0.08275678527893704,0.8640973060404238
25619,LOF,0.0139514094367066,0.06434972071772904,0.9216988698455643
25620,LOF,0.061758322613330974,0.06725307465839934,0.8709886027282696
25621,LOF,0.07015811604113881,0.056116201228126855,0.8737256827307343
25622,LOF,0.07337906058668175,0.06460926570731612,0.8620116737060021
25623,LOF,0.06651571217133118,0.042061395451682554,0.8914228923769864
25624,LOF,0.02220478783805419,0.058430211729175084,0.9193650004327707
25625,LOF,0.06841185311806673,0.056534636038939975,0.8750535108429932
25626,LOF,0.05250046369442621,0.06019627706525986,0.8873032592403138
25627,Neutral,0.891333829034664,0.024905632548480307,0.08376053841685573
25628,LOF,0.17123624047258043,0.06866291002706093,0.7601008495003585
25629,LOF,0.0619528779425901,0.06705026903112987,0.87099685302628
25630,LOF,0.25943798045013605,0.07794452407641991,0.662617495473444
25631,Neutral,0.5321381676315571,0.06415426307939984,0.40370756928904306
25632,LOF,0.034185204582740034,0.07063759747358936,0.8951771979436706
25633,LOF,0.2218136290477696,0.060364839839689134,0.7178215311125412
25634,LOF,0.044595175807677065,0.1033711937754561,0.8520336304168669
25635,LOF,0.03969401898389652,0.050282708524004835,0.9100232724920986
25636,GOF,0.030464449258464466,0.5705084882708183,0.39902706247071723
25637,GOF,0.05540388241793191,0.5507870834784608,0.39380903410360724
25638,GOF,0.03347192464977463,0.5031566241237825,0.4633714512264429
25639,GOF,0.033861605318177355,0.4953784889340947,0.4707599057477279
25640,Neutral,0.8532619199493846,0.0901623534782613,0.05657572657235406
25641,LOF,0.08863435423742706,0.40467604930023,0.5066895964623429
25642,LOF,0.08055539401109889,0.1714567037834089,0.7479879022054922
25643,LOF,0.29950446693948546,0.1275027813302942,0.5729927517302204
25644,GOF,0.00996225973828499,0.6366012847841438,0.3534364554775711
25645,GOF,0.011415096226651598,0.609065879989753,0.37951902378359537
25646,LOF,0.026567834849209326,0.44375489927218714,0.5296772658786035
25647,LOF,0.012629900167274097,0.3512518081389871,0.6361182916937389
25648,LOF,0.013872393103441107,0.4212605766488414,0.5648670302477174
25649,LOF,0.008688194375527801,0.3139744479107191,0.6773373577137531
25650,GOF,0.021584203007280568,0.5999061147686227,0.37850968222409687
25651,LOF,0.008590031015417334,0.42962224079661115,0.5617877281879714
25652,LOF,0.013157661641554054,0.4195061710354867,0.5673361673229591
25653,GOF,0.03702694478855432,0.5897416865337857,0.37323136867766
25654,LOF,0.010221558703114227,0.3179277844092407,0.6718506568876451
25655,GOF,0.12597337475835774,0.6252203632798157,0.24880626196182654
25656,LOF,0.34093632702011856,0.16980781055636227,0.4892558624235192
25657,LOF,0.05273869140420119,0.11419794222273755,0.8330633663730613
25658,LOF,0.3158409618495376,0.1625317614615156,0.5216272766889468
25659,Neutral,0.45656217860379866,0.17947891069716143,0.36395891069904
25660,LOF,0.022342327575540874,0.11526395838511976,0.8623937140393394
25661,LOF,0.0856701814075043,0.06667949441984501,0.8476503241726506
25662,LOF,0.03139186155692236,0.03836856174307324,0.9302395767000043
25663,LOF,0.03664429829447169,0.04031251489524885,0.9230431868102795
25664,LOF,0.13444533661644578,0.06961472746035713,0.795939935923197
25665,LOF,0.06186278578416159,0.03095759394645794,0.9071796202693805
25666,LOF,0.1041115577966224,0.06264405569767209,0.8332443865057055
25667,LOF,0.07087457543884133,0.04050988022488597,0.8886155443362727
25668,LOF,0.03432758695593889,0.051532050999656485,0.9141403620444047
25669,LOF,0.029606607180529612,0.04865670537740908,0.9217366874420613
25670,LOF,0.12985586535020624,0.03941091111210274,0.830733223537691
25671,LOF,0.10103793231288294,0.04298032385674079,0.8559817438303763
25672,LOF,0.05150073726990806,0.049512019267433344,0.8989872434626585
25673,LOF,0.09487206189461536,0.05341067081179393,0.8517172672935907
25674,LOF,0.07718491821672259,0.06987902843082511,0.8529360533524523
25675,LOF,0.111199964984731,0.07225154252509396,0.8165484924901749
25676,LOF,0.01762148322722383,0.05972658261294053,0.9226519341598357
25677,LOF,0.0209062122147978,0.07581047634257039,0.9032833114426317
25678,LOF,0.1801866613461174,0.09502790490522811,0.7247854337486545
25679,LOF,0.1296613408567508,0.07848847680819702,0.7918501823350522
25680,LOF,0.030953462060311344,0.1276472185409036,0.8413993193987851
25681,LOF,0.04722555469749503,0.12619258624957572,0.8265818590529294
25682,LOF,0.1217678982883559,0.07961302417969707,0.798619077531947
25683,LOF,0.11184592694878832,0.08569947676372852,0.8024545962874831
25684,LOF,0.03548753246162224,0.0695432036465146,0.8949692638918632
25685,LOF,0.11979275613344327,0.08090081985879313,0.7993064240077636
25686,LOF,0.06839829021814728,0.11995843984567374,0.8116432699361791
25687,LOF,0.11174604099582748,0.12314900934311657,0.7651049496610559
25688,LOF,0.40693993783705157,0.04042613318305192,0.5526339289798965
25689,LOF,0.3015822406208742,0.05023455454651558,0.6481832048326102
25690,LOF,0.3340870760981308,0.03466435561551757,0.6312485682863516
25691,Neutral,0.721646770199193,0.03418253981209995,0.24417068998870697
25692,LOF,0.342465583021621,0.0137719190763413,0.6437624979020377
25693,LOF,0.043193239045494734,0.43885705143760134,0.5179497095169039
25694,LOF,0.1174388179939187,0.017635358314424743,0.8649258236916565
25695,LOF,0.10897456869295485,0.01272817499737309,0.878297256309672
25696,LOF,0.13242936294659266,0.014242745911332146,0.8533278911420751
25697,LOF,0.061633590194543925,0.09606761701088115,0.842298792794575
25698,LOF,0.29429672654528344,0.20955552122807627,0.4961477522266402
25699,LOF,0.43267267703665097,0.039081873005780095,0.528245449957569
25700,LOF,0.07443678338575609,0.012477504077313073,0.9130857125369307
25701,LOF,0.16336554068559894,0.043226875756379325,0.7934075835580218
25702,GOF,0.15778716715065907,0.6541952691920154,0.18801756365732564
25703,LOF,0.016401558474752703,0.13943094679387472,0.8441674947313725
25704,LOF,0.037218439999041966,0.15043475141653648,0.8123468085844215
25705,LOF,0.037322336491655644,0.11586325347324969,0.8468144100350947
25706,LOF,0.10932494979829996,0.41111628300678776,0.47955876719491236
25707,LOF,0.08468816120003637,0.30917214261174375,0.6061396961882198
25708,LOF,0.041585429393780474,0.28409968603467484,0.6743148845715446
25709,LOF,0.06772392462166711,0.03309566426195267,0.8991804111163801
25710,LOF,0.01266275356119459,0.13370544597801615,0.8536318004607892
25711,LOF,0.019354252463034058,0.0852032548348074,0.8954424927021585
25712,LOF,0.015717391579874757,0.19236574016920366,0.7919168682509216
25713,LOF,0.017396481299031232,0.08903687657051791,0.8935666421304508
25714,LOF,0.0682987087409625,0.06306095027852628,0.8686403409805112
25715,LOF,0.0113437254219579,0.12434420404473,0.864312070533312
25716,LOF,0.011670750159806592,0.10266091269959982,0.8856683371405937
25717,LOF,0.015731247408893933,0.08940162266015403,0.894867129930952
25718,LOF,0.01075195272318003,0.08082429355580228,0.9084237537210177
25719,LOF,0.01957447453334167,0.07878829590362149,0.9016372295630368
25720,LOF,0.024096570873710504,0.06163668050863446,0.914266748617655
25721,LOF,0.012780109122800885,0.10199225165258935,0.8852276392246097
25722,LOF,0.013138944104871333,0.07422268251695918,0.9126383733781696
25723,LOF,0.024541653930658516,0.042467781524732115,0.9329905645446094
25724,LOF,0.03160360430287699,0.07687718018620283,0.8915192155109201
25725,LOF,0.011079328068240512,0.06857589294297672,0.9203447789887829
25726,LOF,0.01517215880802301,0.0952068429508529,0.8896209982411242
25727,LOF,0.012735015277208567,0.07023154561287535,0.917033439109916
25728,LOF,0.009847876990434289,0.08301937577360065,0.9071327472359652
25729,LOF,0.010082580224414946,0.07972000446262631,0.9101974153129587
25730,LOF,0.01316836203458476,0.08169287289540816,0.9051387650700071
25731,LOF,0.022514694824920963,0.08899140395391207,0.8884939012211669
25732,LOF,0.012021554502338019,0.04910965420343806,0.938868791294224
25733,LOF,0.01679676192654665,0.04941293214688971,0.9337903059265635
25734,LOF,0.012540763586754598,0.12438222433957474,0.8630770120736706
25735,LOF,0.011045175875838892,0.05845215877930302,0.9305026653448581
25736,LOF,0.011656525557742187,0.06187707669917152,0.9264663977430863
25737,LOF,0.011754502999147905,0.08083346558626212,0.90741203141459
25738,LOF,0.011451481487767954,0.0818788377997915,0.9066696807124406
25739,LOF,0.0195764520071754,0.06223716033751694,0.9181863876553077
25740,LOF,0.02758571098837724,0.09248393205133246,0.8799303569602903
25741,LOF,0.014657390980599358,0.09603151393601457,0.8893110950833861
25742,LOF,0.11341135707131103,0.06745913795986962,0.8191295049688194
25743,LOF,0.04317348905663501,0.05447455756292709,0.9023519533804378
25744,Neutral,0.5972496655603409,0.21653478849942856,0.18621554594023063
25745,LOF,0.061816724881100994,0.07107158671873086,0.8671116884001682
25746,LOF,0.04047744200185051,0.0953716740057536,0.8641508839923958
25747,LOF,0.023879848315095865,0.08703366345265039,0.8890864882322538
25748,LOF,0.1305643669099234,0.13895072804038047,0.7304849050496961
25749,LOF,0.02667804843315645,0.0922975278346561,0.8810244237321875
25750,LOF,0.06520184289354869,0.09416569419788692,0.8406324629085644
25751,LOF,0.10492865743003318,0.13201962821354157,0.7630517143564254
25752,GOF,0.10987917034715075,0.650822308855173,0.23929852079767622
25753,LOF,0.02807228613187483,0.36375445090563413,0.608173262962491
25754,GOF,0.014692584249455663,0.8250693599952764,0.16023805575526798
25755,LOF,0.026103070643859017,0.41530404952934336,0.5585928798267976
25756,LOF,0.056899456566932086,0.39304017599746294,0.5500603674356049
25757,GOF,0.020381347805582047,0.8772538315752054,0.10236482061921255
25758,GOF,0.02574792813083969,0.8243753404907309,0.14987673137842938
25759,GOF,0.011950504328425617,0.6258237943130344,0.36222570135853993
25760,LOF,0.015890068792158193,0.3446424244472196,0.6394675067606223
25761,GOF,0.28464017995214075,0.6418625587241089,0.07349726132375044
25762,LOF,0.05121592418628776,0.33253905866350597,0.6162450171502064
25763,LOF,0.016194935390262784,0.25662388277799925,0.727181181831738
25764,GOF,0.0688151906291302,0.7091911957634581,0.22199361360741163
25765,GOF,0.032166470238202585,0.7821773361349987,0.18565619362679875
25766,GOF,0.06410450199632872,0.8212148801065963,0.1146806178970751
25767,GOF,0.1587042177645598,0.5499068510265439,0.2913889312088963
25768,LOF,0.10668315532739944,0.059795766954091625,0.833521077718509
25769,LOF,0.045267421376864944,0.06486781646377728,0.8898647621593577
25770,LOF,0.2938213549339557,0.11329751067938332,0.5928811343866609
25771,LOF,0.04935378253564498,0.057213514060478705,0.8934327034038764
25772,LOF,0.017310711727409257,0.05590595579694122,0.9267833324756494
25773,LOF,0.05190447891079135,0.08550027067606783,0.8625952504131408
25774,LOF,0.02871935009751279,0.11936240001404227,0.851918249888445
25775,LOF,0.05565808076016462,0.07607526815088533,0.8682666510889501
25776,LOF,0.06256428868330159,0.03910950661269637,0.8983262047040022
25777,LOF,0.29744306932188325,0.0952241813288665,0.6073327493492503
25778,LOF,0.0591492563828587,0.06061754181437248,0.8802332018027688
25779,GOF,0.42382831568881385,0.5207776258047131,0.05539405850647312
25780,GOF,0.38560704839793597,0.5293738125115499,0.08501913909051415
25781,GOF,0.121327071586833,0.7559754185488812,0.12269750986428576
25782,GOF,0.20377882422351215,0.7072270970322991,0.08899407874418881
25783,GOF,0.027703774495828573,0.6233337874958013,0.34896243800837
25784,Neutral,0.5382718127348746,0.4202564886668508,0.04147169859827471
25785,Neutral,0.4977701499148992,0.4520818678162955,0.050147982268805215
25786,GOF,0.03258976518216988,0.7229287823509213,0.24448145246690883
25787,Neutral,0.6840362054572079,0.2874632972389377,0.0285004973038544
25788,LOF,0.05817081816002611,0.07051023103246527,0.8713189508075085
25789,GOF,0.20736685252547982,0.6128560916000645,0.17977705587445572
25790,GOF,0.29048864876772207,0.5967875723126608,0.11272377891961718
25791,GOF,0.13929284018085045,0.6426092080985021,0.2180979517206474
25792,GOF,0.35031479420480816,0.49452490874401983,0.15516029705117196
25793,GOF,0.2770094116724015,0.4617945964474795,0.2611959918801188
25794,GOF,0.3325586577238518,0.43747596416223183,0.22996537811391635
25795,GOF,0.06752430055980728,0.6413649233885861,0.2911107760516066
25796,Neutral,0.53439073865393,0.3858681887188123,0.07974107262725766
25797,GOF,0.08265346883728557,0.5284813441784941,0.38886518698422023
25798,LOF,0.009787491055402811,0.487906561923841,0.5023059470207561
25799,LOF,0.007168486566150621,0.4058373798993859,0.5869941335344635
25800,GOF,0.03631105737087232,0.5945355490571627,0.36915339357196514
25801,GOF,0.2367026490674566,0.6560689494334817,0.1072284014990617
25802,GOF,0.06830624142494496,0.6585404264052755,0.2731533321697795
25803,GOF,0.04535906692153451,0.5446624378832936,0.40997849519517193
25804,LOF,0.03869083020547142,0.478690801961512,0.48261836783301676
25805,GOF,0.12840002433798403,0.5538874549674827,0.31771252069453315
25806,GOF,0.16019873870882015,0.5539555211145156,0.2858457401766642
25807,GOF,0.02324036341517035,0.6029842730347525,0.37377536355007696
25808,GOF,0.12319034427494446,0.5589984437554808,0.31781121196957474
25809,GOF,0.02156481212505055,0.6052141073357915,0.3732210805391579
25810,GOF,0.022094964209093137,0.5976703737691959,0.38023466202171113
25811,Neutral,0.5494929543333177,0.38676960588446174,0.06373743978222061
25812,GOF,0.04335244585430516,0.6022576739417864,0.3543898802039084
25813,Neutral,0.5945826807738335,0.30274511321308745,0.10267220601307901
25814,GOF,0.1620534237999156,0.5848491629532969,0.25309741324678753
25815,GOF,0.29792091968586015,0.49914132801644323,0.2029377522976965
25816,GOF,0.023019210639326035,0.64536255658905,0.3316182327716241
25817,GOF,0.250745276694302,0.5943850063495775,0.1548697169561204
25818,GOF,0.05453522024480751,0.518778070345512,0.4266867094096805
25819,GOF,0.41780146129377616,0.4237758356350058,0.15842270307121806
25820,GOF,0.2404197057967683,0.5353386221865108,0.22424167201672082
25821,GOF,0.07717405747754541,0.625140018033183,0.2976859244892716
25822,GOF,0.2863419313414488,0.47054419552541654,0.24311387313313454
25823,LOF,0.038108998946500834,0.45209258964083,0.5097984114126691
25824,GOF,0.09859060286121439,0.4753457384592181,0.42606365867956747
25825,GOF,0.03430907047461336,0.4949959863067933,0.4706949432185934
25826,LOF,0.012789969589530083,0.46497389645112064,0.5222361339593493
25827,GOF,0.023244664519716414,0.5236722804472655,0.45308305503301805
25828,LOF,0.015470327144207116,0.4468694117207266,0.5376602611350664
25829,GOF,0.006955606938105877,0.4995575380829307,0.49348685497896344
25830,LOF,0.046108850197248925,0.23798447663974584,0.7159066731630053
25831,GOF,0.20046053999181127,0.6503995108754635,0.14913994913272524
25832,GOF,0.03849908288805503,0.6714436218678955,0.29005729524404944
25833,GOF,0.13518728134413957,0.6682886010896693,0.19652411756619112
25834,GOF,0.04559277392760672,0.6734739820190181,0.28093324405337516
25835,GOF,0.102633769566644,0.6649251261051792,0.23244110432817666
25836,GOF,0.04929002973912537,0.6333993656060486,0.317310604654826
25837,GOF,0.02639058724988968,0.5201087722403929,0.4535006405097174
25838,GOF,0.08764430072046658,0.7192473648111901,0.19310833446834333
25839,GOF,0.32667120604928723,0.5118728070740727,0.16145598687664012
25840,GOF,0.274782075036473,0.49250638636939365,0.23271153859413338
25841,GOF,0.2512631634707057,0.5254295199003663,0.223307316628928
25842,GOF,0.19590412070002458,0.6076306882876373,0.19646519101233806
25843,GOF,0.24695315456612918,0.6140986270068266,0.1389482184270443
25844,GOF,0.06017279147752674,0.6057803221091603,0.3340468864133129
25845,LOF,0.01433989268678873,0.42942722214897416,0.5562328851642371
25846,GOF,0.1209947430247302,0.6587965483279825,0.22020870864728723
25847,GOF,0.14886782357184866,0.6842640190422142,0.16686815738593702
25848,GOF,0.03662363578064724,0.6088704827357675,0.35450588148358525
25849,GOF,0.010239557658926037,0.5056171196398662,0.4841433227012077
25850,GOF,0.02458978941606836,0.5684251649610039,0.4069850456229277
25851,LOF,0.019320461098482532,0.4702419949617256,0.5104375439397919
25852,GOF,0.15000666351427555,0.5249970357538968,0.32499630073182767
25853,GOF,0.3518242415707764,0.5626729720570947,0.08550278637212899
25854,GOF,0.0189658245717339,0.5812538335958304,0.39978034183243577
25855,GOF,0.04203408913515644,0.5397132290657561,0.4182526817990875
25856,GOF,0.26752806070438684,0.4975567566159241,0.23491518267968903
25857,LOF,0.037634173290901546,0.4491646190657991,0.5132012076432994
25858,GOF,0.02158516810361449,0.5107665610234587,0.46764827087292676
25859,GOF,0.01169458393889284,0.5007463855874212,0.48755903047368593
25860,GOF,0.4153887691659271,0.49414277187362987,0.09046845896044291
25861,GOF,0.4016824170980805,0.5121909886889089,0.08612659421301058
25862,GOF,0.0826847058684904,0.758074077593598,0.1592412165379115
25863,GOF,0.09379098796800223,0.7503864011532875,0.1558226108787102
25864,GOF,0.2232573633079218,0.6865202583131841,0.09022237837889419
25865,GOF,0.08896619128689631,0.7473225875114152,0.1637112212016885
25866,GOF,0.06678320866897679,0.7795138809662752,0.1537029103647482
25867,GOF,0.09700211695725879,0.7896022221664704,0.11339566087627082
25868,GOF,0.28411112277112294,0.5962113937697472,0.11967748345912999
25869,Neutral,0.6915410763395288,0.2642129652833874,0.04424595837708393
25870,LOF,0.37302117765451287,0.2056904801313466,0.4212883422141406
25871,GOF,0.2328093100440236,0.5992094975174016,0.16798119243857482
25872,GOF,0.09098120532255637,0.558546352144547,0.35047244253289667
25873,GOF,0.18222788989417876,0.5338372369762326,0.2839348731295886
25874,LOF,0.023472340318822102,0.08540071590468998,0.8911269437764879
25875,LOF,0.0886626321178394,0.05952916238476899,0.8518082054973916
25876,LOF,0.030509609364982992,0.041876532949446876,0.9276138576855703
25877,Neutral,0.5562538651157539,0.0704780906462719,0.3732680442379743
25878,LOF,0.23447919219423785,0.11467713482402696,0.6508436729817353
25879,LOF,0.1016156070037788,0.11789238149700483,0.7804920114992164
25880,LOF,0.02460380496573096,0.020656573417888627,0.9547396216163805
25881,LOF,0.1837224891854832,0.18450821464369196,0.6317692961708249
25882,LOF,0.0956329409689543,0.022034867696781674,0.882332191334264
25883,LOF,0.08719064133969669,0.037587559493653604,0.8752217991666497
25884,LOF,0.04936517724364487,0.04808837043746396,0.9025464523188911
25885,LOF,0.07532535187858613,0.0127618414774907,0.9119128066439232
25886,LOF,0.3753100449132389,0.06578220023920567,0.5589077548475554
25887,LOF,0.18915256064674443,0.13513078222211886,0.6757166571311366
25888,LOF,0.07381222522740141,0.10406029796001905,0.8221274768125796
25889,LOF,0.06300420447096722,0.03147025829601381,0.905525537233019
25890,LOF,0.05153695705764664,0.16463267661223896,0.7838303663301145
25891,LOF,0.04461071239791364,0.06801482062722282,0.8873744669748634
25892,LOF,0.11171343003068397,0.02097314967794532,0.8673134202913707
25893,LOF,0.2847915193605732,0.015793857613272504,0.6994146230261542
25894,LOF,0.1832242042587867,0.008266769392724763,0.8085090263484886
25895,LOF,0.20400751456994876,0.017334397021802565,0.7786580884082488
25896,LOF,0.0508784892218043,0.02375004979730676,0.9253714609808888
25897,LOF,0.24085023552306353,0.013901237348933943,0.7452485271280025
25898,Neutral,0.7189756739209845,0.009242789757159267,0.27178153632185625
25899,LOF,0.2597512640563355,0.02584106924918149,0.7144076666944831
25900,LOF,0.4758194474957814,0.015060522619395273,0.5091200298848233
25901,LOF,0.06186200913005402,0.011804870400412788,0.9263331204695331
25902,LOF,0.20278654651693048,0.010990093839966663,0.7862233596431029
25903,Neutral,0.5344081928112338,0.024470094582019708,0.44112171260674654
25904,LOF,0.27433551069725604,0.043950658102403804,0.6817138312003401
25905,LOF,0.025979668214909546,0.32023469671599136,0.6537856350690991
25906,LOF,0.023328651471164075,0.06918007881075211,0.9074912697180838
25907,LOF,0.014466782703117726,0.3338690609329964,0.6516641563638859
25908,LOF,0.012027489077315736,0.222023042151949,0.7659494687707353
25909,LOF,0.013429334518376426,0.16880411976688542,0.8177665457147382
25910,LOF,0.05379679122961676,0.11088261816223889,0.8353205906081443
25911,LOF,0.10997141835795383,0.03521155469562382,0.8548170269464223
25912,LOF,0.0342518139163286,0.06151997869187399,0.9042282073917974
25913,LOF,0.2595046005615719,0.03038612961153186,0.7101092698268962
25914,LOF,0.027437660841297253,0.11590513338863685,0.8566572057700659
25915,Neutral,0.4586568842750729,0.22937388514064494,0.3119692305842823
25916,LOF,0.07858826540001053,0.2662570784592905,0.655154656140699
25917,LOF,0.07005419537470324,0.06468183629744621,0.8652639683278506
25918,LOF,0.03902999313031381,0.08130564302248461,0.8796643638472017
25919,LOF,0.03268693832074215,0.0853446319288718,0.8819684297503861
25920,GOF,0.08629740802355902,0.5225248742725748,0.3911777177038662
25921,LOF,0.033890868610265815,0.025276476910685824,0.9408326544790483
25922,LOF,0.04569395932021171,0.01426737693878126,0.940038663741007
25923,LOF,0.37904241178807985,0.018721264757203662,0.6022363234547163
25924,LOF,0.04460817732168893,0.023440413163342173,0.9319514095149689
25925,LOF,0.07104396589934149,0.028041264107128233,0.9009147699935303
25926,LOF,0.050772014279274545,0.019455140011301122,0.9297728457094244
25927,LOF,0.07602451401424624,0.04501821867689852,0.8789572673088552
25928,LOF,0.028413506492457708,0.021717824377617205,0.949868669129925
25929,Neutral,0.5081961883559641,0.021046774164033468,0.4707570374800023
25930,LOF,0.060162310726938326,0.013619274520432705,0.926218414752629
25931,LOF,0.035808131721432795,0.016497119367263714,0.9476947489113036
25932,LOF,0.0319823460827037,0.01456621960950189,0.9534514343077943
25933,LOF,0.04122615768965876,0.009790612142833052,0.9489832301675081
25934,LOF,0.0267886487058745,0.011347688798766844,0.9618636624953586
25935,LOF,0.06951079764677942,0.03609931194882191,0.8943898904043986
25936,LOF,0.04902025594143904,0.01352181032925928,0.9374579337293016
25937,LOF,0.03256870583876094,0.020320042773157795,0.9471112513880813
25938,LOF,0.0687116288033136,0.03550614901798298,0.8957822221787034
25939,LOF,0.04222457994203782,0.010143424109711155,0.947631995948251
25940,LOF,0.0256310479367189,0.370420718709458,0.6039482333538232
25941,LOF,0.13946144534541274,0.09015909077725257,0.7703794638773348
25942,LOF,0.013028861292222025,0.034444462223598725,0.9525266764841793
25943,LOF,0.31238043686506567,0.06225132167188795,0.6253682414630465
25944,Neutral,0.48749703407266115,0.03406376873887669,0.47843919718846206
25945,LOF,0.059975715534778686,0.019726406229406405,0.920297878235815
25946,LOF,0.031027388588921543,0.13758914391001223,0.8313834675010662
25947,LOF,0.11531792597247592,0.22569805373974455,0.6589840202877795
25948,LOF,0.4423123202477338,0.01688867968873536,0.5407990000635308
25949,LOF,0.08914655583674774,0.0805686916787748,0.8302847524844774
25950,GOF,0.2934027695467089,0.41883409149074774,0.28776313896254335
25951,LOF,0.2809622332211138,0.1905087221621357,0.5285290446167505
25952,LOF,0.07495745454640917,0.41538728329117414,0.5096552621624166
25953,LOF,0.15636820769614715,0.08344892264366208,0.7601828696601908
25954,Neutral,0.44481771493317085,0.18862325633841157,0.36655902872841767
25955,LOF,0.061997192018015575,0.07740739199881694,0.8605954159831674
25956,LOF,0.20859492154976003,0.062334196934203424,0.7290708815160366
25957,LOF,0.04358821405280332,0.030188097299090548,0.9262236886481062
25958,LOF,0.05441263098999029,0.02693734043564093,0.9186500285743687
25959,LOF,0.08136138686383132,0.30159374353702284,0.6170448695991458
25960,LOF,0.022719603524245714,0.05779630153949271,0.9194840949362616
25961,LOF,0.04587481033282584,0.03348783735531861,0.9206373523118556
25962,LOF,0.06225558764435306,0.030181660105926048,0.9075627522497208
25963,LOF,0.05740588715767878,0.18377685131564378,0.7588172615266773
25964,LOF,0.03901206562116141,0.12068014621959412,0.8403077881592446
25965,LOF,0.4235972893759088,0.08053496567733152,0.49586774494675967
25966,Neutral,0.40800254211678766,0.18919166645943472,0.4028057914237776
25967,LOF,0.011046617394207937,0.08062682039711555,0.9083265622086765
25968,LOF,0.03545353814974103,0.4142180272389932,0.5503284346112658
25969,LOF,0.022138766029211235,0.05876027780102868,0.9191009561697601
25970,LOF,0.06254794886696223,0.0620123875868717,0.8754396635461661
25971,LOF,0.0766013107854921,0.02125542610105733,0.9021432631134506
25972,LOF,0.08377089690924155,0.026985687915962894,0.8892434151747955
25973,LOF,0.093395403494416,0.0102421592152398,0.8963624372903441
25974,LOF,0.2176775081412051,0.021560442169870565,0.7607620496889244
25975,LOF,0.04745111830878134,0.032969360744970165,0.9195795209462484
25976,LOF,0.04198189384021638,0.020395493936545963,0.9376226122232376
25977,LOF,0.15372602060301108,0.08641453417725188,0.759859445219737
25978,LOF,0.11204505862243538,0.08191381643931157,0.8060411249382531
25979,LOF,0.11324795556689558,0.08161316332323179,0.8051388811098728
25980,LOF,0.14331898740848753,0.10932068617486607,0.7473603264166464
25981,LOF,0.17302919555873472,0.10669548012580136,0.7202753243154639
25982,LOF,0.345941356473964,0.07219955055731654,0.5818590929687194
25983,LOF,0.3437553264614858,0.07146935680869514,0.5847753167298191
25984,LOF,0.05306972368843144,0.07741414874137585,0.8695161275701927
25985,LOF,0.023122073508925048,0.27453633992391857,0.7023415865671564
25986,LOF,0.03236846676698973,0.28048743471264564,0.6871440985203646
25987,LOF,0.07710418642835254,0.10330578985192033,0.8195900237197271
25988,LOF,0.12601863384805392,0.08215574269242894,0.7918256234595171
25989,LOF,0.028368446549362002,0.14106305009467507,0.8305685033559629
25990,LOF,0.04040392709137823,0.12695839463673858,0.8326376782718833
25991,GOF,0.16045398993201498,0.45274227659208405,0.386803733475901
25992,LOF,0.3322736269660683,0.27635297709574475,0.3913733959381869
25993,LOF,0.024229503109663073,0.09630609078204275,0.8794644061082941
25994,LOF,0.017693990233048677,0.13703647130001242,0.8452695384669389
25995,LOF,0.026880191265255978,0.19584073044224334,0.7772790782925006
25996,GOF,0.20418648068685605,0.6138390028435082,0.18197451646963558
25997,GOF,0.09789612085697257,0.587046794783114,0.31505708435991353
25998,Neutral,0.5542188936244515,0.017109477007419216,0.42867162936812925
25999,LOF,0.11170382661249313,0.16383161998903087,0.724464553398476
26000,LOF,0.15803517589779087,0.036356671043292474,0.8056081530589166
26001,LOF,0.17201352216193072,0.038298012007359127,0.7896884658307103
26002,LOF,0.15188701995616136,0.03600281943186551,0.8121101606119732
26003,GOF,0.008994721243401942,0.6653221615408197,0.32568311721577825
26004,GOF,0.023417662584613898,0.7234442402251604,0.25313809719022573
26005,GOF,0.008040803548904242,0.5418388193225012,0.4501203771285945
26006,Neutral,0.4656542303791028,0.3155840280021409,0.21876174161875633
26007,GOF,0.016089441228022146,0.6026384793558298,0.381272079416148
26008,GOF,0.017675222436710988,0.6008498874922373,0.38147489007105173
26009,GOF,0.023011961222687893,0.6560445501445201,0.32094348863279215
26010,GOF,0.02328774607789686,0.7123525280187242,0.26435972590337903
26011,GOF,0.007687926060665034,0.5526079074293625,0.4397041665099725
26012,GOF,0.014249336142431646,0.6303586121015299,0.35539205175603855
26013,GOF,0.015644870857998594,0.6725263009128403,0.3118288282291611
26014,LOF,0.04971247163341324,0.1757965154163912,0.7744910129501955
26015,LOF,0.16356613805990577,0.01053423119512609,0.8258996307449681
26016,LOF,0.21604896531523535,0.05245497513030058,0.7314960595544641
26017,LOF,0.1730105822410092,0.08747483029611657,0.7395145874628744
26018,LOF,0.0728876721955576,0.04278075377866941,0.8843315740257731
26019,LOF,0.06927945671485783,0.029954481653932885,0.9007660616312092
26020,LOF,0.04757826704451509,0.1265202293096215,0.8259015036458633
26021,LOF,0.043316472314958596,0.13814731757188584,0.8185362101131557
26022,LOF,0.010092686942807981,0.05452368748456298,0.9353836255726291
26023,LOF,0.09260457586365475,0.02792357815490115,0.8794718459814441
26024,LOF,0.0230892978615756,0.12417606915969849,0.8527346329787259
26025,LOF,0.13389811286682207,0.12218715126747129,0.7439147358657066
26026,LOF,0.2770146802972211,0.02165058697065762,0.7013347327321213
26027,LOF,0.07122384304430347,0.021713320909968498,0.9070628360457281
26028,LOF,0.15398356761391022,0.09520044675751137,0.7508159856285783
26029,LOF,0.08114597454625096,0.1562082611852785,0.7626457642684706
26030,LOF,0.03215532745365656,0.05568341793765504,0.9121612546086884
26031,LOF,0.0365727569279066,0.12280127270059915,0.8406259703714942
26032,LOF,0.07751684485525365,0.050567680394231825,0.8719154747505145
26033,LOF,0.12573120485747488,0.059390254853466384,0.8148785402890588
26034,LOF,0.05348769860725083,0.12626691018687947,0.8202453912058698
26035,LOF,0.035353747691831666,0.10796704975604213,0.8566792025521263
26036,LOF,0.05043537148053381,0.1368041736582123,0.8127604548612538
26037,LOF,0.030312295067836028,0.09019016455115708,0.8794975403810069
26038,LOF,0.07439853083944849,0.04995153597486316,0.8756499331856884
26039,LOF,0.06840108057980707,0.1201403495973261,0.8114585698228669
26040,LOF,0.22525249174685155,0.09200189973569767,0.6827456085174508
26041,LOF,0.030740823701699685,0.08761984688966627,0.8816393294086341
26042,LOF,0.02956324285630576,0.08801588178941355,0.8824208753542808
26043,LOF,0.07324050505803421,0.06475510155988348,0.8620043933820823
26044,LOF,0.025465143303262553,0.07500139258673537,0.899533464110002
26045,LOF,0.08055180207232619,0.08437728599179961,0.8350709119358741
26046,LOF,0.07726634901848704,0.06773423965324595,0.8549994113282671
26047,LOF,0.11191432405521796,0.07869613292445653,0.8093895430203255
26048,LOF,0.05043607191923287,0.06177699546077643,0.8877869326199908
26049,Neutral,0.9572288641947406,0.007925323506792514,0.03484581229846676
26050,Neutral,0.9333048510132524,0.009480769116582265,0.05721437987016542
26051,LOF,0.05185072464673723,0.39852878234740874,0.549620493005854
26052,LOF,0.07057705683404397,0.39433156080362053,0.5350913823623354
26053,LOF,0.0611368810897775,0.1557827301257321,0.7830803887844904
26054,LOF,0.06034753916597776,0.039373823483995096,0.9002786373500272
26055,LOF,0.07461963644927135,0.025646710362492362,0.8997336531882363
26056,LOF,0.06551822206316922,0.03248364212393312,0.9019981358128977
26057,LOF,0.030646564211749616,0.01589765836623227,0.953455777422018
26058,LOF,0.031094346461132766,0.013946752025247446,0.9549589015136198
26059,LOF,0.29341059712076584,0.05209040943132733,0.6544989934479069
26060,LOF,0.0298720156088456,0.27865770712315435,0.691470277268
26061,LOF,0.02138135218661694,0.018743854191056245,0.9598747936223269
26062,LOF,0.012133098503469796,0.026865763036291828,0.9610011384602385
26063,LOF,0.022059233317649248,0.01370769098970553,0.9642330756926452
26064,LOF,0.02493557314855033,0.018693347407317956,0.9563710794441317
26065,LOF,0.02402589703890585,0.01813347148809633,0.9578406314729979
26066,LOF,0.020388892380825703,0.01578446976932578,0.9638266378498486
26067,LOF,0.025454485305771147,0.012867120700191198,0.9616783939940378
26068,LOF,0.050948664985214616,0.06377144219429948,0.8852798928204858
26069,LOF,0.2794125558542627,0.03865512722471993,0.6819323169210174
26070,LOF,0.4234514045271002,0.02446144199043551,0.5520871534824643
26071,LOF,0.021748181633894942,0.01879612403783127,0.9594556943282738
26072,LOF,0.02820918286468453,0.02817369794058237,0.9436171191947331
26073,LOF,0.02432067608674248,0.015267644190460743,0.9604116797227968
26074,Neutral,0.9194077114235655,0.007895467741608285,0.07269682083482641
26075,LOF,0.04598611053600121,0.02445747434091668,0.9295564151230822
26076,LOF,0.043162097836154004,0.01357548291965249,0.9432624192441934
26077,LOF,0.009830164874565903,0.03057826693472385,0.9595915681907102
26078,LOF,0.015251819059789274,0.018989649397947204,0.9657585315422634
26079,LOF,0.05962495778151328,0.030218606500359707,0.9101564357181271
26080,LOF,0.05724819117218505,0.03028388572110031,0.9124679231067145
26081,LOF,0.03571706794006161,0.010607897015077913,0.9536750350448605
26082,LOF,0.020972905564793025,0.02701334393784847,0.9520137504973585
26083,LOF,0.13253851556142354,0.01782177892615094,0.8496397055124255
26084,LOF,0.027077534514530252,0.023064576852539535,0.9498578886329303
26085,LOF,0.022414415060064988,0.021523064639520105,0.9560625203004149
26086,LOF,0.02399524572033913,0.018472048724365517,0.9575327055552953
26087,LOF,0.025465434215711447,0.01292161703035457,0.961612948753934
26088,LOF,0.01880900208788362,0.036981935507020114,0.9442090624050963
26089,LOF,0.04979199963654393,0.0403374600026748,0.9098705403607812
26090,LOF,0.04782565618284552,0.031740740866419384,0.920433602950735
26091,LOF,0.040034756390360665,0.009995576151022898,0.9499696674586164
26092,LOF,0.02560444762188288,0.013106873019912554,0.9612886793582046
26093,LOF,0.0363629886260816,0.008957960018840638,0.9546790513550778
26094,LOF,0.04329551849496123,0.010596670151967292,0.9461078113530715
26095,LOF,0.06008542722408905,0.022309119703401013,0.9176054530725098
26096,LOF,0.022431141139699948,0.0153116233844756,0.9622572354758245
26097,LOF,0.010257162569626789,0.06027908855050624,0.9294637488798669
26098,LOF,0.08210671481807091,0.021567569972516375,0.8963257152094126
26099,LOF,0.0247802309392731,0.02387211786381858,0.9513476511969082
26100,LOF,0.026508179722182966,0.022216769045640194,0.9512750512321767
26101,LOF,0.0585178930237038,0.02023295631047413,0.9212491506658221
26102,LOF,0.025645473511662242,0.01682606124167352,0.9575284652466644
26103,Neutral,0.8912885962995629,0.02947354412951332,0.07923785957092384
26104,LOF,0.0698142485382303,0.05948174064387309,0.8707040108178965
26105,LOF,0.21486992460061213,0.24215509369299312,0.5429749817063947
26106,LOF,0.1834153754350977,0.1298665792777502,0.6867180452871522
26107,LOF,0.2505980705662811,0.11599663907674548,0.6334052903569735
26108,LOF,0.2322986614319357,0.16205711946944357,0.6056442190986208
26109,LOF,0.08826570905378393,0.13744382030868219,0.7742904706375339
26110,LOF,0.24390514209382355,0.006937168379335407,0.7491576895268409
26111,LOF,0.4569006905411292,0.017619104452890007,0.5254802050059807
26112,LOF,0.03728980451887605,0.007391184177753257,0.9553190113033707
26113,LOF,0.055675553499266846,0.012220502975054857,0.9321039435256782
26114,LOF,0.016893943095360686,0.018257939157612472,0.9648481177470268
26115,LOF,0.07286320460917406,0.03912222509931998,0.888014570291506
26116,LOF,0.04167826848160259,0.02994795993979824,0.9283737715785992
26117,LOF,0.398082390063413,0.045164197837301606,0.5567534120992854
26118,LOF,0.04328419200793648,0.030748845751942,0.9259669622401216
26119,LOF,0.02311783771423823,0.05046568463871506,0.9264164776470467
26120,LOF,0.03194221767327926,0.0228004608025549,0.9452573215241659
26121,LOF,0.0562096472375772,0.08328822619586092,0.8605021265665619
26122,LOF,0.05353394523202804,0.045308962613566844,0.9011570921544051
