feature0,prediction,LoGoFunc_Neutral,LoGoFunc_GOF,LoGoFunc_LOF
25546,Neutral,0.6148786866990237,0.10872558372908482,0.2763957295718915
25547,Neutral,0.4905203864440884,0.14501039353900363,0.3644692200169079
25548,LOF,0.3691384083528186,0.15088712552428737,0.47997446612289396
25549,LOF,0.34664681698561295,0.15736969476480103,0.4959834882495861
25550,LOF,0.39644444350777175,0.11696450000584269,0.48659105648638556
25551,LOF,0.29550703057387423,0.14530036764469234,0.5591926017814334
25552,LOF,0.2344441270443218,0.15561311017765864,0.6099427627780196
25553,Neutral,0.8115433897329967,0.050650782199291484,0.13780582806771194
25554,LOF,0.3072027007785688,0.09990463835456408,0.5928926608668671
25555,LOF,0.21949148188644277,0.1206035923138846,0.6599049257996727
25556,LOF,0.3876374476361567,0.06394555100526687,0.5484170013585764
25557,LOF,0.22676677772095924,0.1317318228140423,0.6415013994649984
25558,LOF,0.3036207288349619,0.1423684906134121,0.554010780551626
25559,LOF,0.28222578155409156,0.04039898108776899,0.6773752373581393
25560,LOF,0.0273350369409229,0.42130560823511815,0.5513593548239589
25561,LOF,0.0301808063968864,0.37831303086229423,0.5915061627408194
25562,LOF,0.024898773646205758,0.2609757850041557,0.7141254413496386
25563,LOF,0.010010488579734488,0.19761421615847244,0.7923752952617931
25564,LOF,0.06581678820451724,0.0648895280960053,0.8692936836994773
25565,LOF,0.29270116648879807,0.16366852390052677,0.5436303096106752
25566,GOF,0.04274385544013459,0.6411669990376145,0.3160891455222509
25567,LOF,0.0471613692509894,0.02619688316413937,0.9266417475848713
25568,LOF,0.0417323191971617,0.035325405973324286,0.9229422748295141
25569,LOF,0.06456134111717904,0.02963585855612938,0.9058028003266916
25570,LOF,0.07577828079647783,0.03456990579699093,0.8896518134065313
25571,LOF,0.07577828079647783,0.03456990579699093,0.8896518134065313
25572,LOF,0.10000153571949708,0.028241014699700397,0.8717574495808026
25573,LOF,0.10920235410697986,0.07243142436680591,0.8183662215262142
25574,LOF,0.24597484244730614,0.1974947329621184,0.5565304245905754
25575,LOF,0.07577828079647783,0.03456990579699093,0.8896518134065313
25576,LOF,0.038076485491501506,0.04037694356182544,0.921546570946673
25577,LOF,0.04429375382982336,0.02879358877635508,0.9269126573938214
25578,LOF,0.21209247373668969,0.06064380953044002,0.7272637167328703
25579,LOF,0.20606407304398228,0.056182602836820764,0.7377533241191969
25580,LOF,0.07577828079647783,0.03456990579699093,0.8896518134065313
25581,LOF,0.04184349966369568,0.058842404143983,0.8993140961923213
25582,LOF,0.04184349966369568,0.058842404143983,0.8993140961923213
25583,LOF,0.07577828079647783,0.03456990579699093,0.8896518134065313
25584,Neutral,0.7141634231643856,0.009830687741404649,0.2760058890942097
25585,LOF,0.046471019979169796,0.0301446109400947,0.9233843690807356
25586,LOF,0.07577828079647783,0.03456990579699093,0.8896518134065313
25587,LOF,0.07577828079647783,0.03456990579699093,0.8896518134065313
25588,LOF,0.07577828079647783,0.03456990579699093,0.8896518134065313
25589,Neutral,0.7149355195171313,0.04028060654968426,0.24478387393318438
25590,LOF,0.08988756691691065,0.02783590576160167,0.8822765273214878
25591,LOF,0.22087693818194468,0.014899780474082611,0.7642232813439727
25592,LOF,0.35146397804503776,0.06059802062482996,0.5879380013301323
25593,LOF,0.2526664813262855,0.13657085875124744,0.610762659922467
25594,LOF,0.030271169525171306,0.06493085219506131,0.9047979782797674
25595,LOF,0.034199465325386647,0.034307986512949015,0.9314925481616643
25596,LOF,0.13358429725448706,0.017871605066783956,0.848544097678729
25597,LOF,0.13245687324433325,0.015356136319149175,0.8521869904365175
25598,LOF,0.03214554959873014,0.043383370480772704,0.9244710799204972
25599,GOF,0.022459258158409597,0.5192335780177827,0.45830716382380765
25600,GOF,0.10460061250416419,0.5796976501069911,0.3157017373888447
25601,LOF,0.048940537708741155,0.36528098440538537,0.5857784778858734
25602,LOF,0.09705555877725133,0.026836705838673928,0.8761077353840747
25603,LOF,0.08461979162765693,0.052425914196434824,0.8629542941759083
25604,LOF,0.08962600437341442,0.14090213313819933,0.7694718624883863
25605,LOF,0.18998012214729798,0.09907893127035622,0.7109409465823459
25606,Neutral,0.5752909845665395,0.0490609295378893,0.37564808589557114
25607,LOF,0.054229534534501,0.1169869553955651,0.8287835100699339
25608,LOF,0.037727865802307685,0.25192119172635125,0.7103509424713411
25609,GOF,0.09554548949271116,0.7231449723541867,0.1813095381531022
25610,LOF,0.0440176710753387,0.15423539681319448,0.8017469321114669
25611,LOF,0.0440176710753387,0.15423539681319448,0.8017469321114669
25612,LOF,0.029704919667000354,0.07615583007828916,0.8941392502547105
25613,LOF,0.034045826243462154,0.090068810629928,0.8758853631266098
25614,LOF,0.0440176710753387,0.15423539681319448,0.8017469321114669
25615,LOF,0.05399855940831635,0.15638272786823348,0.7896187127234503
25616,LOF,0.0440176710753387,0.15423539681319448,0.8017469321114669
25617,LOF,0.0440176710753387,0.15423539681319448,0.8017469321114669
25618,LOF,0.11459493677319278,0.3760732537906022,0.509331809436205
25619,LOF,0.0440176710753387,0.15423539681319448,0.8017469321114669
25620,LOF,0.0440176710753387,0.15423539681319448,0.8017469321114669
25621,LOF,0.07343819360594937,0.10281969315594444,0.8237421132381062
25622,LOF,0.07161755332161888,0.09775915463058847,0.8306232920477927
25623,LOF,0.08289927818325891,0.06507988069246859,0.8520208411242726
25624,LOF,0.0440176710753387,0.15423539681319448,0.8017469321114669
25625,LOF,0.07013928036922475,0.0554783675610394,0.8743823520697359
25626,LOF,0.02612745177633848,0.05585488759363638,0.9180176606300251
25627,Neutral,0.8345175738735896,0.057841922902641334,0.10764050322376911
25628,LOF,0.1072505910088158,0.20136260009318388,0.6913868088980003
25629,LOF,0.030248177411675452,0.15371151619696508,0.8160403063913595
25630,LOF,0.2973039968810342,0.13696724249741293,0.5657287606215529
25631,LOF,0.30627447696440574,0.17200353491204345,0.5217219881235508
25632,LOF,0.025904790555808715,0.06560668456666069,0.9084885248775306
25633,LOF,0.05731231728001991,0.07593056417590328,0.8667571185440768
25634,LOF,0.046233282167432305,0.04615201577038632,0.9076147020621814
25635,LOF,0.05731231728001991,0.07593056417590328,0.8667571185440768
25636,GOF,0.020660539277248813,0.6831296522955868,0.2962098084271645
25637,GOF,0.018468174242740398,0.6556707956668785,0.3258610300903811
25638,GOF,0.011259726149986759,0.6837810989948905,0.30495917485512286
25639,GOF,0.02623123174827124,0.5729157138230483,0.4008530544286804
25640,Neutral,0.7554700430061088,0.19126604439261471,0.05326391260127655
25641,GOF,0.041138427149438106,0.6156256372996888,0.3432359355508732
25642,LOF,0.053845253585144734,0.4225538305308751,0.5236009158839802
25643,LOF,0.28248777996721586,0.27835357662748117,0.4391586434053031
25644,LOF,0.013953886373228301,0.3821926344796122,0.6038534791471594
25645,LOF,0.011074493901290474,0.46075392801665765,0.528171578082052
25646,GOF,0.019122540478365188,0.52619566225596,0.4546817972656748
25647,LOF,0.012082067300584762,0.32566777214563664,0.6622501605537786
25648,LOF,0.016618125250385772,0.2929045666018842,0.69047730814773
25649,LOF,0.0109221727597538,0.19886309429869453,0.7902147329415516
25650,LOF,0.044242324712197904,0.39757692856287163,0.5581807467249305
25651,LOF,0.013255423527974167,0.33162859054346905,0.6551159859285568
25652,LOF,0.010925026203176931,0.415239251816,0.573835721980823
25653,LOF,0.03582417259742834,0.4111267935861103,0.5530490338164613
25654,LOF,0.0094259429130211,0.4010681080351804,0.5895059490517985
25655,GOF,0.06983233625179314,0.6290723074361103,0.3010953563120965
25656,GOF,0.19635232601298236,0.4898035653990531,0.3138441085879645
25657,LOF,0.037198589848839426,0.3975931713472044,0.5652082388039561
25658,GOF,0.06148225839139031,0.5927093428097051,0.34580839879890457
25659,GOF,0.3664249277827192,0.5519181482628196,0.08165692395446113
25660,LOF,0.039050002263941806,0.1754101943750709,0.7855398033609873
25661,LOF,0.039050002263941806,0.1754101943750709,0.7855398033609873
25662,LOF,0.039050002263941806,0.1754101943750709,0.7855398033609873
25663,LOF,0.039050002263941806,0.1754101943750709,0.7855398033609873
25664,LOF,0.0690028364133784,0.13994185041692184,0.7910553131696998
25665,LOF,0.030554408110369594,0.059264452700388326,0.9101811391892421
25666,LOF,0.06657729008738753,0.1317766574211838,0.8016460524914287
25667,LOF,0.039050002263941806,0.1754101943750709,0.7855398033609873
25668,LOF,0.039050002263941806,0.1754101943750709,0.7855398033609873
25669,LOF,0.039050002263941806,0.1754101943750709,0.7855398033609873
25670,LOF,0.07978330105282642,0.11868388583623538,0.8015328131109382
25671,LOF,0.039050002263941806,0.1754101943750709,0.7855398033609873
25672,LOF,0.021154977561578428,0.09687381243128457,0.881971210007137
25673,LOF,0.06324816460251541,0.08990276660168947,0.8468490687957951
25674,LOF,0.05648629758027912,0.09159615610606121,0.8519175463136596
25675,LOF,0.06784166215378597,0.07426727534119094,0.857891062505023
25676,LOF,0.039050002263941806,0.1754101943750709,0.7855398033609873
25677,LOF,0.039050002263941806,0.1754101943750709,0.7855398033609873
25678,LOF,0.08348357671377182,0.057557833245914625,0.8589585900403136
25679,LOF,0.12700308816341735,0.06392673772323836,0.8090701741133444
25680,LOF,0.039050002263941806,0.1754101943750709,0.7855398033609873
25681,LOF,0.039050002263941806,0.1754101943750709,0.7855398033609873
25682,LOF,0.039050002263941806,0.1754101943750709,0.7855398033609873
25683,LOF,0.09894718805584617,0.05248346933665186,0.8485693426075019
25684,LOF,0.039050002263941806,0.1754101943750709,0.7855398033609873
25685,LOF,0.04322683496391072,0.362393230747277,0.5943799342888122
25686,GOF,0.024335303250594565,0.5047507065366742,0.47091399021273117
25687,GOF,0.03076355299006161,0.7539127467957792,0.21532370021415922
25688,LOF,0.41400198682644357,0.07279553357854562,0.5132024795950109
25689,LOF,0.17233493662436022,0.07176385408966326,0.7559012092859765
25690,LOF,0.2397572118922067,0.1134510363393095,0.6467917517684838
25691,Neutral,0.6821859403332863,0.06470136696675975,0.25311269269995396
25692,LOF,0.1484875223103456,0.020899268499883817,0.8306132091897706
25693,GOF,0.10494099836557015,0.5872028345331336,0.3078561671012963
25694,LOF,0.13528580063542514,0.02455889730050859,0.8401553020640663
25695,LOF,0.10808397967872159,0.02439328328785053,0.8675227370334279
25696,LOF,0.13964746451468477,0.023342194663471427,0.8370103408218439
25697,LOF,0.09428571807836948,0.19467625161296453,0.7110380303086661
25698,LOF,0.1455878020624019,0.3888059092139499,0.4656062887236481
25699,GOF,0.22894981185545846,0.4189903621513896,0.35205982599315205
25700,LOF,0.05792381721694823,0.07772871322519896,0.8643474695578527
25701,LOF,0.1787465407953112,0.3502363069458201,0.4710171522588687
25702,GOF,0.15459959405127824,0.7652551903568775,0.08014521559184416
25703,LOF,0.028853841744768946,0.4425952274085331,0.528550930846698
25704,LOF,0.03115834352346855,0.44309178762267504,0.5257498688538563
25705,LOF,0.027048539276838895,0.3878958453815272,0.5850556153416339
25706,GOF,0.09068499817590099,0.6337793772989803,0.2755356245251188
25707,GOF,0.1002742814328278,0.5412034504194618,0.3585222681477105
25708,LOF,0.04080449041004154,0.44136946489463064,0.5178260446953278
25709,LOF,0.027048539276838895,0.3878958453815272,0.5850556153416339
25710,LOF,0.01628833773966054,0.1701791293708088,0.8135325328895306
25711,LOF,0.027048539276838895,0.3878958453815272,0.5850556153416339
25712,LOF,0.01917755840283456,0.19371310215083964,0.7871093394463259
25713,LOF,0.027048539276838895,0.3878958453815272,0.5850556153416339
25714,LOF,0.027048539276838895,0.3878958453815272,0.5850556153416339
25715,LOF,0.027048539276838895,0.3878958453815272,0.5850556153416339
25716,LOF,0.014852631760650119,0.10124783276738746,0.8838995354719624
25717,LOF,0.015522007712602676,0.15003834598611696,0.8344396463012804
25718,LOF,0.027048539276838895,0.3878958453815272,0.5850556153416339
25719,LOF,0.027048539276838895,0.3878958453815272,0.5850556153416339
25720,LOF,0.027048539276838895,0.3878958453815272,0.5850556153416339
25721,LOF,0.027048539276838895,0.3878958453815272,0.5850556153416339
25722,LOF,0.027048539276838895,0.3878958453815272,0.5850556153416339
25723,LOF,0.027048539276838895,0.3878958453815272,0.5850556153416339
25724,LOF,0.09584155139960374,0.3824021801460267,0.5217562684543696
25725,LOF,0.027048539276838895,0.3878958453815272,0.5850556153416339
25726,LOF,0.027048539276838895,0.3878958453815272,0.5850556153416339
25727,LOF,0.027048539276838895,0.3878958453815272,0.5850556153416339
25728,LOF,0.027048539276838895,0.3878958453815272,0.5850556153416339
25729,LOF,0.027048539276838895,0.3878958453815272,0.5850556153416339
25730,LOF,0.027048539276838895,0.3878958453815272,0.5850556153416339
25731,LOF,0.01449594595879437,0.275352837058529,0.7101512169826767
25732,LOF,0.027048539276838895,0.3878958453815272,0.5850556153416339
25733,LOF,0.027048539276838895,0.3878958453815272,0.5850556153416339
25734,LOF,0.01854335213709896,0.16753113382466284,0.8139255140382382
25735,LOF,0.027048539276838895,0.3878958453815272,0.5850556153416339
25736,LOF,0.027048539276838895,0.3878958453815272,0.5850556153416339
25737,LOF,0.027048539276838895,0.3878958453815272,0.5850556153416339
25738,LOF,0.027048539276838895,0.3878958453815272,0.5850556153416339
25739,LOF,0.027048539276838895,0.3878958453815272,0.5850556153416339
25740,LOF,0.027048539276838895,0.3878958453815272,0.5850556153416339
25741,LOF,0.027048539276838895,0.3878958453815272,0.5850556153416339
25742,LOF,0.027048539276838895,0.3878958453815272,0.5850556153416339
25743,LOF,0.02465088494027894,0.12302114559194877,0.8523279694677722
25744,Neutral,0.5764855890508586,0.2005996019388176,0.22291480901032387
25745,LOF,0.028185640211411876,0.206930124804775,0.7648842349838132
25746,LOF,0.021943626254982793,0.19395397208123857,0.7841024016637786
25747,LOF,0.037089919941442506,0.21102708785735236,0.7518829922012052
25748,LOF,0.10826613755902843,0.3019568552378541,0.5897770072031174
25749,LOF,0.018886355743101046,0.3222218689199992,0.6588917753368998
25750,LOF,0.022078982676048298,0.23796408714046804,0.7399569301834836
25751,LOF,0.037089919941442506,0.21102708785735236,0.7518829922012052
25752,GOF,0.05109891642742086,0.853463117182227,0.09543796639035224
25753,GOF,0.01748713788690456,0.5347919868146905,0.44772087529840493
25754,GOF,0.02131156220924926,0.8437362813204439,0.134952156470307
25755,LOF,0.023878963743329068,0.40474635250765734,0.5713746837490136
25756,GOF,0.027633768017565962,0.572663050074708,0.3997031819077261
25757,GOF,0.018406033994511406,0.8433561848955317,0.13823778110995694
25758,GOF,0.026220226399798846,0.8158038375329701,0.15797593606723118
25759,GOF,0.017953663538843805,0.7102824220164323,0.2717639144447238
25760,LOF,0.021419829570546396,0.4185857716122288,0.5599943988172248
25761,GOF,0.2801522183006081,0.6193054113931244,0.1005423703062674
25762,LOF,0.030003736257462776,0.4476852886624164,0.5223109750801208
25763,LOF,0.02032424999503928,0.44910879540331944,0.5305669546016413
25764,GOF,0.06360049630746836,0.8236708304346716,0.11272867325786005
25765,GOF,0.022312593047112472,0.8141961358646549,0.16349127108823255
25766,GOF,0.07158143318982263,0.7821999835586478,0.14621858325152973
25767,GOF,0.09877439763929662,0.7493183281568049,0.1519072742038985
25768,LOF,0.03848665293018978,0.2912787231702208,0.6702346238995894
25769,LOF,0.03531795266769344,0.295368866645349,0.6693131806869576
25770,LOF,0.26275544513726146,0.09894881765472707,0.6382957372080115
25771,LOF,0.06022777550983099,0.07825226527693582,0.8615199592132332
25772,LOF,0.03531795266769344,0.295368866645349,0.6693131806869576
25773,LOF,0.059475502648279444,0.07309946065988857,0.8674250366918319
25774,LOF,0.02007747627643777,0.12464649364243197,0.8552760300811303
25775,LOF,0.07181182370121823,0.07431352921446084,0.8538746470843209
25776,LOF,0.03531795266769344,0.295368866645349,0.6693131806869576
25777,LOF,0.2992352437307854,0.06807385840971375,0.6326908978595008
25778,LOF,0.03531795266769344,0.295368866645349,0.6693131806869576
25779,GOF,0.3934947515710832,0.49525172478009716,0.11125352364881974
25780,Neutral,0.4650971375734126,0.4335930255916017,0.10130983683498579
25781,GOF,0.21838112720003044,0.6530211188177563,0.1285977539822134
25782,GOF,0.20793156574028612,0.6234469962122792,0.16862143804743462
25783,GOF,0.02881847698755028,0.5218892261244575,0.44929229688799205
25784,Neutral,0.6334862665914619,0.3026272582831677,0.06388647512537039
25785,Neutral,0.633297425690126,0.24823096581787174,0.11847160849200222
25786,GOF,0.02002551215503108,0.7791202696898959,0.20085421815507312
25787,Neutral,0.8536199797639753,0.09920221819078977,0.04717780204523483
25788,LOF,0.03862614653109316,0.10865683418169017,0.8527170192872165
25789,GOF,0.1560678258612579,0.6880574261354175,0.1558747480033246
25790,GOF,0.17108696122959788,0.6714135196026563,0.15749951916774593
25791,GOF,0.10802022040768633,0.6618721987634512,0.2301075808288626
25792,GOF,0.34316116225387006,0.4951228067605095,0.16171603098562032
25793,GOF,0.3417076790421565,0.5377402581146044,0.12055206284323915
25794,GOF,0.22796185047222609,0.6230151332904121,0.14902301623736183
25795,GOF,0.06356746217832294,0.7719047384694329,0.16452779935224407
25796,Neutral,0.5199832455221376,0.2985710481061332,0.18144570637172933
25797,GOF,0.09161883873974866,0.514804707577875,0.3935764536823763
25798,GOF,0.015431436157298063,0.5309008329516083,0.4536677308910936
25799,GOF,0.014950272025549287,0.5052833920047031,0.47976633596974766
25800,GOF,0.06509972557230843,0.7019607820569764,0.23293949237071512
25801,GOF,0.2592879152665598,0.606496484340162,0.1342156003932782
25802,GOF,0.08276074517134732,0.7033522247552496,0.2138870300734031
25803,GOF,0.09369825597132422,0.6377242009501096,0.2685775430785662
25804,GOF,0.053195338100915895,0.547257157844198,0.399547504054886
25805,GOF,0.10856229500974644,0.7414608194700285,0.149976885520225
25806,GOF,0.15353323771260718,0.5956200564307546,0.2508467058566383
25807,GOF,0.02163244579974656,0.6195879328457833,0.3587796213544702
25808,GOF,0.09115017534408823,0.716869872615906,0.19197995204000587
25809,GOF,0.017676499558234835,0.5105586909518334,0.4717648094899318
25810,GOF,0.020155151787427723,0.6075250697822518,0.3723197784303204
25811,Neutral,0.522844747500146,0.3840291844224406,0.09312606807741344
25812,GOF,0.05913481079390602,0.5849509836506709,0.3559142055554231
25813,Neutral,0.656608342308931,0.23889501621949624,0.10449664147157274
25814,GOF,0.14646763293409917,0.7064742644605533,0.1470581026053475
25815,GOF,0.27643707023140224,0.6080926218764098,0.115470307892188
25816,GOF,0.02786569947010624,0.7957215573059301,0.1764127432239636
25817,GOF,0.136606519585038,0.7232318472997182,0.14016163311524382
25818,GOF,0.0754248716214617,0.5316517527745629,0.39292337560397533
25819,GOF,0.37700278524880987,0.43216290093210774,0.19083431381908242
25820,GOF,0.19951864521908744,0.5007483503706085,0.2997330044103042
25821,GOF,0.058599936876954514,0.6155419834218612,0.3258580797011843
25822,GOF,0.2754708017010763,0.5091736213051437,0.21535557699377994
25823,GOF,0.054192460879375515,0.591857749164825,0.35394978995579934
25824,LOF,0.10213368954559264,0.42779140585608855,0.4700749045983188
25825,LOF,0.03985705022610944,0.44421160656605146,0.5159313432078391
25826,GOF,0.012481377545308616,0.5265932923077014,0.46092533014699005
25827,GOF,0.02057823101624792,0.694056433215703,0.28536533576804907
25828,GOF,0.015748937814283714,0.6196791860370925,0.3645718761486239
25829,LOF,0.010493866526454369,0.43159988708534597,0.5579062463881996
25830,LOF,0.0937098716073443,0.32139646537026456,0.5848936630223912
25831,GOF,0.12649789269172004,0.7767288825138772,0.09677322479440285
25832,GOF,0.04113067482455601,0.7226699395798375,0.23619938559560646
25833,GOF,0.14069650864413097,0.696211825841154,0.1630916655147149
25834,GOF,0.05763836733208599,0.7120935256910002,0.2302681069769138
25835,GOF,0.1532739504180759,0.6809621977448728,0.16576385183705128
25836,GOF,0.06840691387368539,0.6719457186609636,0.2596473674653509
25837,GOF,0.03612991435814094,0.585614633981543,0.37825545166031604
25838,GOF,0.14454734562909824,0.6779018473793014,0.17755080699160042
25839,Neutral,0.43380909090426856,0.43356447508696416,0.13262643400876736
25840,GOF,0.16113120584453708,0.6904040789664115,0.14846471518905152
25841,GOF,0.18815618635385756,0.6489502032598048,0.16289361038633768
25842,GOF,0.39652114115360787,0.43070185076000067,0.17277700808639154
25843,GOF,0.2919146280009043,0.5581307235391613,0.14995464845993442
25844,GOF,0.11286458941680978,0.5215241262451559,0.36561128433803436
25845,GOF,0.02608848919728868,0.5451318420621675,0.42877966874054385
25846,GOF,0.08432024370344184,0.7697751080317475,0.14590464826481067
25847,GOF,0.1977046647565338,0.6821049461351945,0.12019038910827175
25848,GOF,0.09240956671556451,0.7406437835571473,0.16694664972728804
25849,GOF,0.015965779736196208,0.668712541358333,0.31532167890547086
25850,GOF,0.02607471447237998,0.7631255764644801,0.21079970906313983
25851,GOF,0.017524146115522242,0.6375119551801036,0.34496389870437416
25852,GOF,0.21966187692915246,0.6275338845304935,0.152804238540354
25853,GOF,0.34903588386837636,0.4820323829194476,0.16893173321217594
25854,GOF,0.015189940035639745,0.5847410989059455,0.4000689610584147
25855,LOF,0.0511944652471526,0.3736234998785821,0.5751820348742652
25856,GOF,0.31747692472663547,0.4137460356684297,0.2687770396049348
25857,GOF,0.051466297980128924,0.5628784667321189,0.38565523528775214
25858,GOF,0.031464778670438835,0.6789842522918439,0.28955096903771727
25859,GOF,0.01441313510800675,0.570744236962136,0.4148426279298572
25860,GOF,0.40407441777586117,0.4489744189257147,0.14695116329842414
25861,GOF,0.26531855677772964,0.6299588803491393,0.10472256287313111
25862,GOF,0.15793959284096482,0.6482994935977912,0.19376091356124414
25863,GOF,0.17241159146744311,0.6245837612971236,0.2030046472354334
25864,GOF,0.35392672729526187,0.48129308146780403,0.16478019123693421
25865,GOF,0.10037973233990939,0.7589490544098534,0.14067121325023715
25866,GOF,0.12032162486151518,0.647334031224264,0.23234434391422074
25867,GOF,0.12311308745028426,0.7414355436740152,0.1354513688757005
25868,GOF,0.1980608288655073,0.609880269587048,0.19205890154744454
25869,Neutral,0.8385103700972508,0.10641171172459284,0.055077918178156375
25870,LOF,0.23514369406881677,0.3300425325013561,0.4348137734298272
25871,GOF,0.08623769809182252,0.6664120996649924,0.2473502022431851
25872,GOF,0.20757624013183093,0.5025811596610805,0.2898426002070885
25873,GOF,0.16942309310925263,0.5877105018140786,0.24286640507666885
25874,LOF,0.03862614653109316,0.10865683418169017,0.8527170192872165
25875,LOF,0.11358804904273918,0.3644180899540184,0.5219938610032424
25876,LOF,0.02241801867721281,0.1908484892284845,0.7867334920943027
25877,Neutral,0.3746040209550048,0.261536429177545,0.36385954986745017
25878,GOF,0.15211840383958625,0.5219903217181557,0.325891274442258
25879,GOF,0.07789019719660452,0.5717583567862946,0.35035144601710094
25880,LOF,0.0411545127476999,0.1371192228711834,0.8217262643811166
25881,LOF,0.4077212063205599,0.1720894792258718,0.4201893144535683
25882,LOF,0.11436717708914984,0.049569789648187056,0.8360630332626631
25883,LOF,0.07527678099608982,0.090946392117521,0.8337768268863891
25884,LOF,0.08861367708640773,0.09591625492728408,0.8154700679863083
25885,LOF,0.09850307218438197,0.05320979343964548,0.8482871343759726
25886,LOF,0.18165282909763553,0.21068040220141693,0.6076667687009476
25887,LOF,0.3728666533095522,0.11916412099484446,0.5079692256956033
25888,LOF,0.1881843430074132,0.11599759385862685,0.69581806313396
25889,LOF,0.11248735300645647,0.0658834125789154,0.8216292344146281
25890,LOF,0.07269489324869388,0.07857370245472375,0.8487314042965822
25891,LOF,0.06252351048366817,0.03630237954762812,0.9011741099687037
25892,LOF,0.10034781971673358,0.0437690122458598,0.8558831680374067
25893,LOF,0.28274182774189904,0.04283811413463507,0.6744200581234658
25894,LOF,0.1560163519000171,0.03516542803467377,0.8088182200653091
25895,LOF,0.1618628946414724,0.03012720059851081,0.8080099047600169
25896,LOF,0.04640828721932144,0.02157834177106977,0.9320133710096087
25897,LOF,0.27236541857811636,0.03227505518987038,0.6953595262320132
25898,Neutral,0.6442003972871161,0.055375609723219456,0.30042399298966455
25899,LOF,0.18783033570278296,0.11474889387094,0.6974207704262771
25900,Neutral,0.672886287689778,0.02301606884925054,0.3040976434609715
25901,LOF,0.07905370308680887,0.049736181406579316,0.8712101155066119
25902,LOF,0.12088466883470468,0.015472662820640826,0.8636426683446545
25903,Neutral,0.48703353858370735,0.05786692528031058,0.4550995361359821
25904,LOF,0.23200282482977336,0.09855513230304884,0.6694420428671779
25905,LOF,0.01818421928949983,0.37021686862756376,0.6115989120829364
25906,LOF,0.025730906157123312,0.07520199473119028,0.8990670991116865
25907,LOF,0.014123562962283547,0.31925574319155,0.6666206938461665
25908,LOF,0.019966255513417023,0.2075830680836369,0.7724506764029461
25909,LOF,0.03725150013974329,0.1484358272919676,0.8143126725682891
25910,LOF,0.017409669406477455,0.4648862456897084,0.5177040849038141
25911,LOF,0.16488657985855057,0.02184500611084546,0.813268414030604
25912,LOF,0.03990955531037406,0.09855950008448605,0.86153094460514
25913,LOF,0.21720107033222363,0.03468378707462208,0.7481151425931543
25914,LOF,0.060205347233538556,0.15137104837239346,0.788423604394068
25915,Neutral,0.4446579505781023,0.41036704052566625,0.1449750088962315
25916,GOF,0.04084285579403203,0.7026036651500372,0.25655347905593073
25917,LOF,0.02523957987481279,0.12384961754735922,0.850910802577828
25918,LOF,0.060205347233538556,0.15137104837239346,0.788423604394068
25919,LOF,0.060205347233538556,0.15137104837239346,0.788423604394068
25920,GOF,0.20377109631193424,0.6137727219123768,0.18245618177568904
25921,LOF,0.03329260222016575,0.2242841109359338,0.7424232868439005
25922,LOF,0.032464383134659346,0.21169665120752415,0.7558389656578165
25923,LOF,0.18056305426716213,0.21249214945162914,0.6069447962812087
25924,LOF,0.047069597337575785,0.07911723912193304,0.8738131635404912
25925,LOF,0.032856830852108866,0.0727321861038118,0.8944109830440793
25926,LOF,0.03223700757409048,0.049945121007036096,0.9178178714188734
25927,LOF,0.07711516607501824,0.22212864882114244,0.7007561851038393
25928,LOF,0.027920502008047753,0.0763214583518673,0.8957580396400849
25929,LOF,0.30917137385844706,0.20445488113413707,0.48637374500741587
25930,LOF,0.07527678099608982,0.090946392117521,0.8337768268863891
25931,LOF,0.03376323175391734,0.04960031033254428,0.9166364579135383
25932,LOF,0.07527678099608982,0.090946392117521,0.8337768268863891
25933,LOF,0.07527678099608982,0.090946392117521,0.8337768268863891
25934,LOF,0.07527678099608982,0.090946392117521,0.8337768268863891
25935,LOF,0.030951922913120124,0.0693961912737597,0.8996518858131202
25936,LOF,0.07527678099608982,0.090946392117521,0.8337768268863891
25937,LOF,0.06417984146136095,0.05626209056171461,0.8795580679769244
25938,LOF,0.051073362907052444,0.12432688703859997,0.8245997500543476
25939,LOF,0.07527678099608982,0.090946392117521,0.8337768268863891
25940,GOF,0.015640946133246448,0.7095447248492336,0.27481432901752
25941,LOF,0.2427988121422637,0.0675399713959861,0.6896612164617503
25942,LOF,0.033454282583848444,0.015510748444792583,0.951034968971359
25943,LOF,0.32452556587715875,0.03151859422232997,0.6439558399005112
25944,LOF,0.4559396445123249,0.02328565913312067,0.5207746963545544
25945,LOF,0.20267984290047406,0.06480130016080984,0.7325188569387161
25946,LOF,0.01938841215520688,0.05867796828118433,0.9219336195636089
25947,LOF,0.07007317478665005,0.3807563184388638,0.5491705067744861
25948,LOF,0.35624474416649393,0.0146771095278404,0.6290781463056656
25949,LOF,0.10575894731902101,0.025258959040021168,0.8689820936409579
25950,LOF,0.3731362939513925,0.20729507818329157,0.4195686278653159
25951,LOF,0.20351531957562666,0.39209163754440746,0.4043930428799659
25952,GOF,0.05545953053484321,0.48962345312157124,0.45491701634358545
25953,GOF,0.14113194520979166,0.4814211102691242,0.3774469445210842
25954,Neutral,0.5021696545683092,0.38926271259860096,0.10856763283308991
25955,LOF,0.06541572886924368,0.2915467460482159,0.6430375250825404
25956,LOF,0.1137454874417006,0.15138240783354268,0.7348721047247568
25957,LOF,0.04758779171530421,0.05913123115209596,0.8932809771325998
25958,LOF,0.0904081177136862,0.03924249972527912,0.8703493825610347
25959,LOF,0.11131277140451269,0.29196307713020486,0.5967241514652825
25960,LOF,0.03256333699549085,0.10269051201012423,0.8647461509943849
25961,LOF,0.0904081177136862,0.03924249972527912,0.8703493825610347
25962,LOF,0.040211699647168475,0.16310407505032967,0.7966842253025018
25963,LOF,0.045842456992112035,0.25067706641663284,0.7034804765912552
25964,LOF,0.0444830424404928,0.14410614886550713,0.8114108086940001
25965,Neutral,0.6952669988183069,0.09003583539545976,0.21469716578623338
25966,LOF,0.10578031324489923,0.37728589927465206,0.5169337874804487
25967,LOF,0.02077095754306048,0.42408195320308273,0.5551470892538568
25968,GOF,0.07306700254138022,0.6196090442370179,0.30732395322160183
25969,LOF,0.03198701920631668,0.05875169841110047,0.9092612823825827
25970,LOF,0.046118058402684015,0.023725237706853967,0.930156703890462
25971,LOF,0.08605944401871156,0.037394332898103184,0.8765462230831854
25972,LOF,0.08605944401871156,0.037394332898103184,0.8765462230831854
25973,LOF,0.1427678054934453,0.01824131179831055,0.8389908827082442
25974,Neutral,0.5077651845616401,0.06816299621919403,0.4240718192191658
25975,LOF,0.08170977279072711,0.07722016363256988,0.841070063576703
25976,LOF,0.032873815910601546,0.027250274306579097,0.9398759097828194
25977,LOF,0.02922531783500949,0.3383526614800337,0.6324220206849569
25978,LOF,0.30863655677558266,0.1142044012642316,0.5771590419601857
25979,LOF,0.23775403383336266,0.12173265023915596,0.6405133159274814
25980,LOF,0.23868712067410708,0.13406351704709235,0.6272493622788006
25981,LOF,0.23868712067410708,0.13406351704709235,0.6272493622788006
25982,Neutral,0.479615048730486,0.06359974549333283,0.4567852057761812
25983,Neutral,0.5676527324181165,0.08602181274413938,0.3463254548377441
25984,LOF,0.03476656970638999,0.2372305895065296,0.7280028407870803
25985,LOF,0.028841018224527223,0.46084650985218545,0.5103124719232873
25986,LOF,0.06697499188583962,0.4479353316505265,0.48508967646363377
25987,LOF,0.10862360059264867,0.12252641004332508,0.7688499893640263
25988,LOF,0.03476656970638999,0.2372305895065296,0.7280028407870803
25989,LOF,0.03476656970638999,0.2372305895065296,0.7280028407870803
25990,LOF,0.03476656970638999,0.2372305895065296,0.7280028407870803
25991,GOF,0.2533762884704382,0.3986191106436317,0.34800460088593
25992,Neutral,0.4099661178935813,0.37961859189321795,0.21041529021320074
25993,LOF,0.04849259532962488,0.14498626762240652,0.8065211370479687
25994,LOF,0.04849259532962488,0.14498626762240652,0.8065211370479687
25995,LOF,0.04849259532962488,0.14498626762240652,0.8065211370479687
25996,LOF,0.1042581745726816,0.4323069272977739,0.4634348981295446
25997,GOF,0.10075537454669883,0.6326681314104108,0.2665764940428904
25998,Neutral,0.5025389960634258,0.01700106490946649,0.48045993902710765
25999,LOF,0.22087268832964424,0.32460274282577667,0.454524568844579
26000,LOF,0.09144156014577623,0.03489160427371796,0.8736668355805058
26001,LOF,0.11113849125531054,0.15234092453541107,0.7365205842092784
26002,LOF,0.06555358894430123,0.10216727254513898,0.8322791385105598
26003,GOF,0.009601766350855285,0.6243061294962022,0.36609210415294235
26004,GOF,0.017445508412582786,0.6820661615237069,0.30048833006371023
26005,GOF,0.00992010637373325,0.5489719018800743,0.4411079917461925
26006,Neutral,0.526266059133421,0.25011475481709944,0.22361918604947958
26007,GOF,0.018524944370717406,0.7402993468902945,0.241175708738988
26008,GOF,0.014914274925285922,0.6815177026772485,0.30356802239746555
26009,GOF,0.030677013894095422,0.7685283185818171,0.20079466752408742
26010,GOF,0.012489752321112655,0.812625646177898,0.17488460150098928
26011,GOF,0.009267373637880596,0.6393198326758599,0.3514127936862594
26012,GOF,0.015753222196729384,0.7040190875565516,0.2802276902467189
26013,GOF,0.01113640930890789,0.7472716190700803,0.2415919716210117
26014,LOF,0.04536799409215859,0.3381390439873806,0.6164929619204609
26015,LOF,0.20412877102042393,0.011895971405468768,0.7839752575741072
26016,LOF,0.3690616235689368,0.05070253613592248,0.5802358402951407
26017,LOF,0.3215948157158484,0.04483213926071525,0.6335730450234364
26018,LOF,0.0955861570266588,0.03129306211254733,0.8731207808607938
26019,LOF,0.0955861570266588,0.03129306211254733,0.8731207808607938
26020,LOF,0.1244395194920269,0.10600406634021882,0.7695564141677543
26021,LOF,0.11220082548938426,0.12190359538467155,0.7658955791259441
26022,LOF,0.029567382568842344,0.04041615163795146,0.9300164657932062
26023,LOF,0.22946641282820304,0.0638175569106056,0.7067160302611913
26024,LOF,0.06311182058509981,0.10488038719816871,0.8320077922167315
26025,LOF,0.29786423349900515,0.13169442440586696,0.5704413420951279
26026,Neutral,0.5367304454903754,0.021150130692782335,0.44211942381684227
26027,LOF,0.0955861570266588,0.03129306211254733,0.8731207808607938
26028,LOF,0.3580169491750273,0.07037246569294228,0.5716105851320304
26029,LOF,0.05675651342224902,0.45492884404091943,0.48831464253683154
26030,LOF,0.028807446753644605,0.12018635613591712,0.8510061971104383
26031,LOF,0.018033384307142426,0.30478314776816284,0.6771834679246947
26032,LOF,0.043289291527538416,0.19107981318747294,0.7656308952849887
26033,GOF,0.18524850039082338,0.46886439008151876,0.34588710952765794
26034,LOF,0.025691130632528786,0.2493979632893228,0.7249109060781485
26035,LOF,0.020010079515474396,0.3180414082467512,0.6619485122377744
26036,LOF,0.023695268325881327,0.24131769091853209,0.7349870407555866
26037,LOF,0.015906448998177173,0.2107689713100553,0.7733245796917676
26038,LOF,0.043289291527538416,0.19107981318747294,0.7656308952849887
26039,LOF,0.03923946879091744,0.2695300982609915,0.6912304329480911
26040,GOF,0.2248056296620766,0.605823819994936,0.16937055034298742
26041,LOF,0.016730735612747745,0.1848583032636196,0.7984109611236327
26042,LOF,0.015595322976586676,0.1886867320758123,0.795717944947601
26043,LOF,0.043289291527538416,0.19107981318747294,0.7656308952849887
26044,LOF,0.029792428617231508,0.1636025637892156,0.8066050075935528
26045,LOF,0.05059203092312864,0.2719009780042498,0.6775069910726216
26046,LOF,0.043289291527538416,0.19107981318747294,0.7656308952849887
26047,LOF,0.043289291527538416,0.19107981318747294,0.7656308952849887
26048,LOF,0.08552375069721552,0.1582165215759273,0.7562597277268571
26049,Neutral,0.9072141304157945,0.04761720908696459,0.04516866049724097
26050,Neutral,0.8915866735529644,0.05349511400381593,0.05491821244321965
26051,GOF,0.01971544485321808,0.7496218419307058,0.23066271321607615
26052,GOF,0.023854158104235957,0.7611483699780832,0.21499747191768093
26053,LOF,0.0410177497007233,0.47266959161218863,0.4863126586870879
26054,LOF,0.04773905563389584,0.03782091879217278,0.9144400255739314
26055,LOF,0.055950486738520634,0.01986258305178082,0.9241869302096984
26056,LOF,0.043706573478271615,0.033369257840659826,0.9229241686810685
26057,LOF,0.0799053611016208,0.0883301142594023,0.8317645246389769
26058,LOF,0.0799053611016208,0.0883301142594023,0.8317645246389769
26059,LOF,0.31305948327131206,0.09308790758907341,0.5938526091396146
26060,LOF,0.0975731738827428,0.29860154103840125,0.6038252850788559
26061,LOF,0.03620126432007387,0.036940057676947344,0.9268586780029788
26062,LOF,0.025844816557842484,0.03016643243431134,0.9439887510078462
26063,LOF,0.0799053611016208,0.0883301142594023,0.8317645246389769
26064,LOF,0.04073321453986488,0.024705859613040664,0.9345609258470946
26065,LOF,0.0799053611016208,0.0883301142594023,0.8317645246389769
26066,LOF,0.0799053611016208,0.0883301142594023,0.8317645246389769
26067,LOF,0.0799053611016208,0.0883301142594023,0.8317645246389769
26068,LOF,0.04326039310456481,0.059225623374169305,0.8975139835212659
26069,LOF,0.43036197604330007,0.02734221175174975,0.5422958122049503
26070,Neutral,0.6798882112743119,0.01033049076277507,0.309781297962913
26071,LOF,0.0799053611016208,0.0883301142594023,0.8317645246389769
26072,LOF,0.03320897202006168,0.0656271756185913,0.9011638523613471
26073,LOF,0.0799053611016208,0.0883301142594023,0.8317645246389769
26074,Neutral,0.9593485268722745,0.009289340141989283,0.031362132985736105
26075,LOF,0.03864620181429022,0.03402479047050301,0.9273290077152068
26076,LOF,0.0799053611016208,0.0883301142594023,0.8317645246389769
26077,LOF,0.024853719490156037,0.08017103786086528,0.8949752426489788
26078,LOF,0.027091054975489994,0.04881241974997199,0.9240965252745381
26079,LOF,0.041965412596345196,0.039570341519178764,0.9184642458844761
26080,LOF,0.041965412596345196,0.039570341519178764,0.9184642458844761
26081,LOF,0.0799053611016208,0.0883301142594023,0.8317645246389769
26082,LOF,0.04453058778181856,0.03250976966623146,0.9229596425519501
26083,LOF,0.0799053611016208,0.0883301142594023,0.8317645246389769
26084,LOF,0.0799053611016208,0.0883301142594023,0.8317645246389769
26085,LOF,0.0799053611016208,0.0883301142594023,0.8317645246389769
26086,LOF,0.0799053611016208,0.0883301142594023,0.8317645246389769
26087,LOF,0.0799053611016208,0.0883301142594023,0.8317645246389769
26088,LOF,0.04030906744047273,0.079258170200587,0.8804327623589402
26089,LOF,0.049653368580683095,0.028996623694528493,0.9213500077247885
26090,LOF,0.04356029455377707,0.02438636090732939,0.9320533445388935
26091,LOF,0.0799053611016208,0.0883301142594023,0.8317645246389769
26092,LOF,0.0799053611016208,0.0883301142594023,0.8317645246389769
26093,LOF,0.0799053611016208,0.0883301142594023,0.8317645246389769
26094,LOF,0.0799053611016208,0.0883301142594023,0.8317645246389769
26095,LOF,0.08483950437891502,0.041093523987748626,0.8740669716333365
26096,LOF,0.03967402727699312,0.02537216620579178,0.9349538065172152
26097,LOF,0.02572336265477636,0.05405408440939572,0.920222552935828
26098,LOF,0.03899311880838248,0.02054049564505797,0.9404663855465595
26099,LOF,0.0799053611016208,0.0883301142594023,0.8317645246389769
26100,LOF,0.0799053611016208,0.0883301142594023,0.8317645246389769
26101,LOF,0.0799053611016208,0.0883301142594023,0.8317645246389769
26102,LOF,0.0799053611016208,0.0883301142594023,0.8317645246389769
26103,Neutral,0.7458752175139457,0.06619445170789777,0.18793033077815652
26104,LOF,0.02816132701188235,0.05936547448748065,0.9124731985006369
26105,LOF,0.1904718937297327,0.0764379456659471,0.7330901606043203
26106,LOF,0.17853035926941505,0.05304188417043824,0.7684277565601467
26107,LOF,0.23646699326130868,0.05067201538100912,0.7128609913576821
26108,LOF,0.14757004446056757,0.0473075473197645,0.805122408219668
26109,LOF,0.07355735200669573,0.14310427834870731,0.7833383696445969
26110,LOF,0.26806065181008654,0.023881481785812828,0.7080578664041006
26111,LOF,0.3119256137412137,0.24255821531866237,0.4455161709401239
26112,LOF,0.09401345364241184,0.05219749462990575,0.8537890517276824
26113,LOF,0.09401345364241184,0.05219749462990575,0.8537890517276824
26114,LOF,0.04912658632120039,0.01032097478340654,0.9405524388953931
26115,LOF,0.13914932881390335,0.020331408058004156,0.8405192631280926
26116,LOF,0.08270163913486865,0.03629227464312051,0.8810060862220109
26117,LOF,0.1681657126954448,0.19831898156078306,0.6335153057437721
26118,LOF,0.060372527940803083,0.08215349406984856,0.8574739779893484
26119,LOF,0.028932187537330876,0.28318609350413837,0.6878817189585307
26120,LOF,0.060372527940803083,0.08215349406984856,0.8574739779893484
26121,LOF,0.0441395506002439,0.2771359715623206,0.6787244778374355
26122,LOF,0.06149998939525101,0.27073871870902394,0.667761291895725
26123,LOF,0.049840435556103124,0.3041184998637112,0.6460410645801856
26124,LOF,0.031160785887151134,0.3150247398783427,0.6538144742345061
