feature0,prediction,LoGoFunc_Neutral,LoGoFunc_GOF,LoGoFunc_LOF
25546,Neutral,0.5947861103887244,0.060657318107859425,0.3445565715034161
25547,LOF,0.4421923895447149,0.10320030581973134,0.4546073046355537
25548,LOF,0.45501176437527313,0.08945674356962524,0.4555314920551016
25549,LOF,0.3829557517594419,0.0882851150106042,0.5287591332299539
25550,LOF,0.3377407243039612,0.11474958598653552,0.5475096897095033
25551,LOF,0.28997533406852216,0.12447564256962712,0.5855490233618508
25552,LOF,0.23659557597429984,0.12431053033856741,0.6390938936871328
25553,Neutral,0.8009186954869628,0.045475718047499815,0.1536055864655372
25554,LOF,0.279633268762934,0.11416985720307136,0.6061968740339947
25555,LOF,0.2353849607824588,0.10861191014897723,0.656003129068564
25556,LOF,0.43759804637233857,0.09943968609631498,0.46296226753134645
25557,LOF,0.22447651524469633,0.11187500826112519,0.6636484764941785
25558,LOF,0.28511167298643225,0.11069353905747131,0.6041947879560965
25559,LOF,0.17279035571683435,0.1162536572901785,0.7109559869929872
25560,LOF,0.17556865515238215,0.09846799377789393,0.7259633510697239
25561,LOF,0.16295146442588485,0.11430170496530075,0.7227468306088143
25562,LOF,0.07694024039311612,0.07649926686538426,0.8465604927414996
25563,LOF,0.025338078504298953,0.1367375351465292,0.8379243863491719
25564,LOF,0.23172930966017316,0.1326778829807026,0.6355928073591243
25565,LOF,0.1892358458682771,0.16120559608484783,0.649558558046875
25566,GOF,0.0938892541387647,0.6858298787949403,0.2202808670662951
25567,LOF,0.04274842745160513,0.13975313446321636,0.8174984380851784
25568,LOF,0.0641385925148958,0.07703608582988912,0.8588253216552151
25569,LOF,0.06123600838821297,0.07707764998935694,0.8616863416224301
25570,LOF,0.026918660788496463,0.10211106423042042,0.870970274981083
25571,LOF,0.02533719019544328,0.103377605759745,0.8712852040448117
25572,LOF,0.06006510976114707,0.1243333820561153,0.8156015081827377
25573,LOF,0.05716526425136868,0.09771771032898635,0.845117025419645
25574,LOF,0.052616838825302166,0.20774451444099615,0.7396386467337017
25575,LOF,0.02301444327063298,0.12140397630768444,0.8555815804216826
25576,LOF,0.029714010750623476,0.15867718797419586,0.8116088012751806
25577,LOF,0.030129799521144297,0.12649040521387286,0.8433797952649827
25578,LOF,0.30065542640433063,0.08499683357508649,0.6143477400205828
25579,LOF,0.1402121729287556,0.09104830771107095,0.7687395193601735
25580,LOF,0.01911495746981537,0.08409014617310938,0.8967948963570752
25581,LOF,0.05666779375388912,0.07109008579672421,0.8722421204493866
25582,LOF,0.05654399178809604,0.07009300754419673,0.8733630006677072
25583,LOF,0.02061529606675616,0.08300478328311015,0.8963799206501337
25584,Neutral,0.6749826920357501,0.10532305934621053,0.2196942486180393
25585,LOF,0.02680714501369011,0.1423792789121973,0.8308135760741127
25586,LOF,0.018303748896492295,0.07046072041790921,0.9112355306855985
25587,LOF,0.017489648821488932,0.06718190854767038,0.9153284426308408
25588,LOF,0.02034799801438111,0.07972534347306347,0.8999266585125554
25589,Neutral,0.5097414832663454,0.20166314243369649,0.2885953742999581
25590,LOF,0.04875836895242417,0.12826807087792702,0.8229735601696488
25591,LOF,0.10103606529482179,0.05689022012773496,0.8420737145774432
25592,LOF,0.05754564930978127,0.1386467639999757,0.8038075866902431
25593,LOF,0.14618475611518733,0.24785321788284528,0.6059620260019674
25594,LOF,0.05852897865987509,0.11298926270577975,0.8284817586343451
25595,LOF,0.05253046749279876,0.08402826256996475,0.8634412699372366
25596,LOF,0.1090474076357192,0.04481488080877669,0.846137711555504
25597,LOF,0.09151022017799351,0.0529199532900472,0.8555698265319593
25598,LOF,0.05713092779953811,0.08616876281681547,0.8567003093836464
25599,LOF,0.02259961735323542,0.4572379301907238,0.5201624524560408
25600,GOF,0.16728668050149859,0.4740805698147898,0.35863274968371156
25601,LOF,0.03983127137434998,0.4127553153139672,0.5474134133116828
25602,LOF,0.031782200649960554,0.06760181194248152,0.900615987407558
25603,LOF,0.028790792492593434,0.030119603935753535,0.941089603571653
25604,LOF,0.03176488503124793,0.0721229616895942,0.8961121532791579
25605,LOF,0.03221789853936556,0.19618798884023467,0.7715941126203998
25606,LOF,0.4114456596710074,0.11533486520817213,0.4732194751208205
25607,LOF,0.02323506429484452,0.17298892377249303,0.8037760119326625
25608,LOF,0.0349650185521965,0.06965577426295831,0.8953792071848453
25609,GOF,0.14181231979858328,0.5166083049477755,0.3415793752536412
25610,LOF,0.01531588673769347,0.029198982826894145,0.9554851304354123
25611,LOF,0.013034632723102322,0.03402749746168334,0.9529378698152143
25612,LOF,0.04732193063219491,0.050106938820901135,0.9025711305469039
25613,LOF,0.04615937707004787,0.04732700058111344,0.9065136223488387
25614,LOF,0.0209896988229033,0.028613113775992655,0.9503971874011041
25615,LOF,0.043841575346926655,0.048790493379838,0.9073679312732355
25616,LOF,0.0451909382952878,0.03067598616566327,0.9241330755390489
25617,LOF,0.041780867101823584,0.04287404518039485,0.9153450877177817
25618,LOF,0.05304649207530997,0.03802903816721354,0.9089244697574764
25619,LOF,0.012812526983578092,0.03508199775838324,0.9521054752580387
25620,LOF,0.05886100303130095,0.04815462152124027,0.8929843754474587
25621,LOF,0.053656854501620804,0.03752091324294944,0.9088222322554297
25622,LOF,0.06362288618304043,0.03720970465954376,0.8991674091574159
25623,LOF,0.07356221711013029,0.02853146471746188,0.8979063181724078
25624,LOF,0.01804599524060559,0.03769582213594991,0.9442581826234444
25625,LOF,0.06564973456579337,0.043436636994041045,0.8909136284401655
25626,LOF,0.047485341200973696,0.04447543160989939,0.908039227189127
25627,Neutral,0.8939430489353457,0.0191347179190518,0.08692223314560263
25628,LOF,0.12372705180889511,0.05528767372027697,0.8209852744708279
25629,LOF,0.0660617716930066,0.04837547834638399,0.8855627499606095
25630,LOF,0.2839313460801132,0.07080566784607885,0.6452629860738079
25631,Neutral,0.5836927288741813,0.05691636109451671,0.35939091003130186
25632,LOF,0.02745092719876452,0.0608484331831008,0.9117006396181346
25633,LOF,0.1829974548500828,0.03494327883063408,0.7820592663192831
25634,LOF,0.032921141885987694,0.07828741146063731,0.888791446653375
25635,LOF,0.03757526901015044,0.04285082446932025,0.9195739065205293
25636,LOF,0.03318709671454177,0.40962202711079393,0.5571908761746642
25637,LOF,0.07228990407362967,0.4290681546928952,0.49864194123347516
25638,LOF,0.029208230205402284,0.29551146016026036,0.6752803096343374
25639,LOF,0.02937129190368677,0.35392871271587684,0.6166999953804364
25640,Neutral,0.8005140219452408,0.15812885147995331,0.04135712657480594
25641,LOF,0.0703730372797746,0.4537051046513686,0.47592185806885684
25642,LOF,0.041059799644964735,0.15542307341135903,0.8035171269436763
25643,LOF,0.23385935775512184,0.1377079404211928,0.6284327018236853
25644,LOF,0.024108123668582948,0.46186597231325693,0.5140259040181601
25645,LOF,0.026089108405227573,0.38627314860333417,0.5876377429914383
25646,LOF,0.05511361952588837,0.32407897943842073,0.6208074010356909
25647,LOF,0.026514111942997996,0.2497194110594734,0.7237664769975285
25648,LOF,0.03771979125373169,0.23196695493527192,0.7303132538109963
25649,LOF,0.017625245152539503,0.2322087545155643,0.7501660003318962
25650,LOF,0.052771341266218214,0.3980632101556781,0.5491654485781038
25651,LOF,0.01832216710833658,0.2524065006089314,0.7292713322827321
25652,LOF,0.039853968856705044,0.24312075492618743,0.7170252762171077
25653,LOF,0.09165296635021163,0.39768262727553044,0.5106644063742579
25654,LOF,0.028676390417866095,0.20007139520403033,0.7712522143781037
25655,LOF,0.24160077123288515,0.3685534881899432,0.38984574057717175
25656,LOF,0.22683788158684295,0.051473533265916326,0.7216885851472408
25657,LOF,0.06025797561564715,0.05537706767502827,0.8843649567093247
25658,LOF,0.3257340884730847,0.059440138339058306,0.6148257731878569
25659,Neutral,0.4920477081261662,0.08151601933350656,0.4264362725403273
25660,LOF,0.02214488474251756,0.0894993135919426,0.8883558016655398
25661,LOF,0.09282436551861467,0.0641222145191129,0.8430534199622723
25662,LOF,0.033187443259084674,0.03453125870172582,0.9322812980391896
25663,LOF,0.04354434447646355,0.04865471496640733,0.9078009405571291
25664,LOF,0.14995564163732064,0.06541936683453205,0.7846249915281474
25665,LOF,0.05443789629423206,0.03274087210035833,0.9128212316054096
25666,LOF,0.0992924921758001,0.07943153013040977,0.8212759776937901
25667,LOF,0.06427545541743414,0.041085878790121044,0.8946386657924448
25668,LOF,0.037260034826363565,0.050509354477968636,0.9122306106956679
25669,LOF,0.03205778602322135,0.052748076799667296,0.9151941371771114
25670,LOF,0.15364174626732446,0.0588876130464325,0.787470640686243
25671,LOF,0.10280533495859297,0.037381190816585495,0.8598134742248217
25672,LOF,0.050958287138149136,0.042016751874883844,0.907024960986967
25673,LOF,0.08586135800922068,0.04780058051467049,0.8663380614761089
25674,LOF,0.07425037071429426,0.056171718168313456,0.8695779111173922
25675,LOF,0.13099317903339547,0.05869358697113537,0.8103132339954692
25676,LOF,0.017699634484225082,0.05704672303807066,0.9252536424777043
25677,LOF,0.023633323552190458,0.07222118294919455,0.904145493498615
25678,LOF,0.18270768301583704,0.06786275554721229,0.7494295614369506
25679,LOF,0.12985831767253656,0.08361926664579178,0.7865224156816716
25680,LOF,0.031061625808096006,0.11971995221111821,0.8492184219807858
25681,LOF,0.05040231116641382,0.10857173958132675,0.8410259492522594
25682,LOF,0.12756957659229465,0.07589203620140234,0.7965383872063031
25683,LOF,0.12344530786463792,0.08838827885462643,0.7881664132807358
25684,LOF,0.040581737571700235,0.0748346124133911,0.8845836500149088
25685,LOF,0.13109884460070778,0.05086609636837892,0.8180350590309133
25686,LOF,0.07618608316972335,0.08411958982739286,0.8396943270028839
25687,LOF,0.13389050275931724,0.08478123526191353,0.7813282619787694
25688,LOF,0.31532794697049266,0.03216806019477067,0.6525039928347366
25689,LOF,0.2366333659520982,0.03697244606249119,0.7263941879854107
25690,LOF,0.3047393715909074,0.02960872192007227,0.6656519064890203
25691,Neutral,0.6886732023541521,0.022535041361209863,0.28879175628463805
25692,LOF,0.2884379643430689,0.011806708072250057,0.699755327584681
25693,LOF,0.05434768350258117,0.44488988541749847,0.5007624310799204
25694,LOF,0.11649626818927789,0.016489133696800527,0.8670145981139217
25695,LOF,0.1132368733919749,0.01639226147568802,0.8703708651323371
25696,LOF,0.0936537196046362,0.008751728027529854,0.8975945523678339
25697,LOF,0.11599026521872133,0.03300057102491645,0.8510091637563623
25698,LOF,0.36003864093877985,0.1823898414346447,0.45757151762657544
25699,LOF,0.4707316130882028,0.03539619379960152,0.49387219311219577
25700,LOF,0.060895895858228896,0.00845465295269903,0.9306494511890722
25701,LOF,0.15870322174658916,0.04747647221303169,0.7938203060403792
25702,GOF,0.15458433393039955,0.587739904689261,0.25767576138033965
25703,LOF,0.017310431985777107,0.15802418715661398,0.824665380857609
25704,LOF,0.05022553921673198,0.12237508079497177,0.8273993799882964
25705,LOF,0.06100712117461094,0.19002098859869893,0.7489718902266902
25706,LOF,0.09827589346747857,0.4021618922653387,0.4995622142671828
25707,LOF,0.08873748938836097,0.3025238005028486,0.6087387101087903
25708,LOF,0.029516320131681074,0.2572493903568634,0.7132342895114554
25709,LOF,0.06256778952596463,0.041255049083465715,0.8961771613905696
25710,LOF,0.012360374717548667,0.1369377927235277,0.8507018325589236
25711,LOF,0.01800267196323209,0.09461077658174138,0.8873865514550267
25712,LOF,0.014064872918405828,0.18469340887576033,0.8012417182058338
25713,LOF,0.019036030820206745,0.0834034437323826,0.8975605254474106
25714,LOF,0.07455498683448933,0.07785929124996341,0.8475857219155472
25715,LOF,0.011591676466829414,0.13459329796749248,0.8538150255656782
25716,LOF,0.013909025593949655,0.1157573478492816,0.8703336265567688
25717,LOF,0.014136921886326183,0.07808243973162668,0.9077806383820471
25718,LOF,0.012484726251495173,0.09307778611458481,0.8944374876339201
25719,LOF,0.017789516040087976,0.07599335646365908,0.906217127496253
25720,LOF,0.022427243966973476,0.06665682624472338,0.9109159297883032
25721,LOF,0.015150915996995603,0.11123913835882757,0.8736099456441768
25722,LOF,0.014050479834529452,0.11859564260363493,0.8673538775618357
25723,LOF,0.022605943385924032,0.04118296283005223,0.9362110937840238
25724,LOF,0.021502958859850586,0.07980128439566082,0.8986957567444885
25725,LOF,0.011874247627862275,0.06503111782993934,0.9230946345421984
25726,LOF,0.015313609304847509,0.09475271325869537,0.889933677436457
25727,LOF,0.012774093801101883,0.07540081623802453,0.9118250899608735
25728,LOF,0.010008137486336834,0.11149663369280362,0.8784952288208594
25729,LOF,0.010358539794912148,0.10655308501429944,0.8830883751907883
25730,LOF,0.01363812843647485,0.08219332403200405,0.9041685475315211
25731,LOF,0.018945470056314362,0.11803343272535546,0.8630210972183302
25732,LOF,0.014460858570445727,0.080359662862861,0.9051794785666933
25733,LOF,0.01532938960707869,0.0699888745893367,0.9146817358035847
25734,LOF,0.01227389147851332,0.11874552697077734,0.8689805815507093
25735,LOF,0.013644682414865768,0.07910364708189821,0.9072516705032361
25736,LOF,0.01483055886463841,0.10002865001324629,0.8851407911221153
25737,LOF,0.021407837406142178,0.09077037852907273,0.8878217840647852
25738,LOF,0.012421010830907367,0.09946235716190761,0.8881166320071849
25739,LOF,0.020612784140238885,0.07371783181695192,0.9056693840428093
25740,LOF,0.027314964066680457,0.10671056038906347,0.8659744755442562
25741,LOF,0.014829722962934378,0.10954401961968312,0.8756262574173824
25742,LOF,0.11679000575509728,0.07817874617794202,0.8050312480669608
25743,LOF,0.03229531200843559,0.03417633649690266,0.9335283514946618
25744,Neutral,0.5592853387875646,0.17645900426320607,0.2642556569492293
25745,LOF,0.07863593931262922,0.06656826285562181,0.854795797831749
25746,LOF,0.04022131481935913,0.08437216257900719,0.8754065226016335
25747,LOF,0.022666989758692347,0.04560433209654616,0.9317286781447615
25748,LOF,0.0948644533083261,0.06904108423946345,0.8360944624522105
25749,LOF,0.025908245152229274,0.07831461573323087,0.8957771391145398
25750,LOF,0.09102614679415746,0.0789775833696609,0.8299962698361817
25751,LOF,0.08859260278630843,0.06624543705399563,0.845161960159696
25752,GOF,0.12067538973039629,0.6472630511391637,0.23206155913044
25753,LOF,0.01944351000785002,0.29694908988681146,0.6836074001053385
25754,GOF,0.011335650554107499,0.7775376853629146,0.21112666408297798
25755,LOF,0.02134342933126918,0.42464182986633536,0.5540147408023954
25756,LOF,0.04169033366326992,0.3935567344957207,0.5647529318410094
25757,GOF,0.013708246526028775,0.841946211437754,0.1443455420362171
25758,GOF,0.028703448202584404,0.8086987391379187,0.16259781265949705
25759,GOF,0.011182228317566633,0.5490540269288267,0.4397637447536067
25760,LOF,0.012751695543147269,0.2729649637871192,0.7142833406697336
25761,GOF,0.27545693157240003,0.6248187716130038,0.09972429681459616
25762,LOF,0.0365889832482269,0.2703878018766197,0.6930232148751535
25763,LOF,0.013413328052064771,0.2003303341708448,0.7862563377770905
25764,GOF,0.08869518104930545,0.6150304251119335,0.2962743938387611
25765,GOF,0.039167108450057574,0.7436816469950737,0.2171512445548687
25766,GOF,0.06580376218780035,0.7358920487437149,0.19830418906848493
25767,GOF,0.15464477671311153,0.5460958636236439,0.2992593596632446
25768,LOF,0.09491638205520417,0.07131028493562186,0.833773333009174
25769,LOF,0.0743999916505035,0.058509050666490994,0.8670909576830056
25770,LOF,0.3176194226937071,0.09141760780742537,0.5909629694988676
25771,LOF,0.03947621360137724,0.048371825514939217,0.9121519608836836
25772,LOF,0.01716538322640405,0.03393893978920428,0.9488956769843918
25773,LOF,0.04582943564823226,0.09804124513834933,0.8561293192134185
25774,LOF,0.02903004950847071,0.0741463425080847,0.8968236079834447
25775,LOF,0.05014174066295653,0.04536635477012599,0.9044919045669174
25776,LOF,0.0737207259268547,0.022281025079784186,0.9039982489933611
25777,LOF,0.38049979846299736,0.05056766738982096,0.5689325341471816
25778,LOF,0.07319038302392322,0.04281612903035445,0.8839934879457224
25779,GOF,0.3656501685241416,0.5842941352538867,0.0500556962219716
25780,GOF,0.3119558293062622,0.6092686118651061,0.07877555882863192
25781,GOF,0.11619614719448387,0.769667098698334,0.11413675410718209
25782,GOF,0.16997152377905267,0.7548709327250761,0.07515754349587128
25783,GOF,0.02252869291701669,0.6149121171801779,0.36255918990280545
25784,Neutral,0.4984885778060268,0.4605481654319115,0.0409632567620618
25785,GOF,0.46284333652923515,0.4950522119266915,0.04210445154407319
25786,GOF,0.024830108576777123,0.7288425064934149,0.24632738492980802
25787,Neutral,0.6493366885404951,0.3211726147546343,0.029490696704870693
25788,LOF,0.05487374389143428,0.10996381300171171,0.8351624431068541
25789,GOF,0.20866117678604215,0.6582407253449015,0.13309809786905624
25790,GOF,0.21388576881490823,0.6648534294603184,0.12126080172477326
25791,GOF,0.15177949707427651,0.6704836139603509,0.17773688896537265
25792,GOF,0.3380331516464806,0.5241856704057858,0.1377811779477336
25793,GOF,0.26337649512490197,0.517699058391093,0.21892444648400508
25794,GOF,0.3028648705671309,0.5094334096684022,0.18770171976446684
25795,GOF,0.07786084016754871,0.688555299379178,0.23358386045327326
25796,Neutral,0.5746669135152338,0.3409248687431433,0.08440821774162294
25797,GOF,0.09772569931869013,0.5362920704501449,0.3659822302311649
25798,GOF,0.009345537511356458,0.501375391939806,0.4892790705488375
25799,LOF,0.007141576645331833,0.3851770566498166,0.6076813667048515
25800,GOF,0.033650123151594644,0.5704963139095369,0.3958535629388685
25801,GOF,0.1988468127208844,0.6543168269650629,0.14683636031405267
25802,GOF,0.06865573478814907,0.6819617657715044,0.24938249944034652
25803,GOF,0.03183083902622662,0.5657037101618382,0.4024654508119352
25804,LOF,0.028379398357753566,0.480854236146569,0.4907663654956775
25805,GOF,0.08800443130953384,0.5764402502741495,0.33555531841631675
25806,GOF,0.09408658416609782,0.5728266904890026,0.3330867253448996
25807,GOF,0.018922940435487555,0.5973814462779983,0.38369561328651425
25808,GOF,0.0721065356969313,0.6298321858120245,0.29806127849104413
25809,GOF,0.018502495443968443,0.5665929920589426,0.4149045124970888
25810,GOF,0.01741925213506837,0.6049504334660305,0.37763031439890116
25811,Neutral,0.45657470309637593,0.4553559567115871,0.088069340192037
25812,GOF,0.031689619095530475,0.63213742869077,0.33617295221369936
25813,Neutral,0.5266946493622024,0.37148410683713007,0.10182124380066737
25814,GOF,0.10541870343312212,0.642408014337725,0.25217328222915286
25815,GOF,0.1873810459871389,0.6214077025802373,0.1912112514326238
25816,GOF,0.022199302800431617,0.6844998808109155,0.2933008163886528
25817,GOF,0.22651963330428804,0.6510554492928213,0.12242491740289062
25818,GOF,0.048304958369874196,0.6298176055489436,0.3218774360811821
25819,GOF,0.33454254140792045,0.5066744365147702,0.1587830220773095
25820,GOF,0.1680814774846564,0.5968084373891105,0.23511008512623313
25821,GOF,0.0558084787111752,0.642261550756581,0.30192997053224385
25822,GOF,0.22129385037068397,0.5429712571161394,0.23573489251317672
25823,GOF,0.030646498534180815,0.5140550033687953,0.45529849809702383
25824,GOF,0.08252536389585348,0.5781422527457027,0.33933238335844385
25825,GOF,0.0338919456167884,0.5768143770561698,0.3892936773270419
25826,GOF,0.013523934091937109,0.5591099805273613,0.42736608538070164
25827,GOF,0.022742241568906696,0.6075455988468885,0.3697121595842048
25828,GOF,0.012681471767848614,0.5215206100920167,0.46579791814013466
25829,GOF,0.005707617528225935,0.5584005293269628,0.4358918531448112
25830,LOF,0.03700076005647118,0.28726035277536016,0.6757388871681685
25831,GOF,0.20724824454630675,0.6584408726000467,0.13431088285364653
25832,GOF,0.03342572152028573,0.6915900496771437,0.2749842288025706
25833,GOF,0.11534685913311271,0.7217552583051223,0.162897882561765
25834,GOF,0.03433753755972739,0.6934438259617398,0.27221863647853267
25835,GOF,0.07670366890874855,0.7496862007235358,0.17361013036771566
25836,GOF,0.03410684119659278,0.6749298157586366,0.29096334304477056
25837,GOF,0.025019930705169037,0.5546705603343908,0.42030950896044
25838,GOF,0.08739209211947992,0.7479821725027794,0.16462573537774075
25839,GOF,0.30815947408900746,0.5504379048175466,0.1414026210934458
25840,GOF,0.24472731013741764,0.611974403805012,0.1432982860575703
25841,GOF,0.23678534436605994,0.6162659544719193,0.14694870116202077
25842,GOF,0.16336375851853832,0.6981627262251229,0.1384735152563388
25843,GOF,0.2239667902540534,0.6770405936799223,0.0989926160660243
25844,GOF,0.06742805245452922,0.6848920322148989,0.2476799153305719
25845,LOF,0.01610238796847936,0.47292831442483496,0.5109692976066856
25846,GOF,0.11193770136600899,0.7335717451022192,0.1544905535317718
25847,GOF,0.10329276988002478,0.7829207377177219,0.11378649240225326
25848,GOF,0.03701722947545644,0.6722136020393396,0.290769168485204
25849,GOF,0.011544932576865697,0.5640012763648186,0.42445379105831577
25850,GOF,0.021257072475951537,0.6391735814064914,0.33956934611755707
25851,GOF,0.0191125382192555,0.5167308406817674,0.464156621098977
25852,GOF,0.173443957732621,0.5314021465203487,0.29515389574703027
25853,GOF,0.3410509190190181,0.5776529749335046,0.08129610604747732
25854,GOF,0.022157137408087346,0.5968111735070173,0.3810316890848955
25855,GOF,0.034879318042932685,0.5368244967695697,0.4282961851874977
25856,GOF,0.2383227932600136,0.5272084140049178,0.23446879273506857
25857,GOF,0.03704217573647167,0.4851811715620438,0.4777766527014845
25858,GOF,0.019170498597615274,0.5112298238418787,0.469599677560506
25859,LOF,0.009870965084234138,0.48913471047694135,0.5009943244388245
25860,GOF,0.3628732836459252,0.5506871688451569,0.08643954750891784
25861,GOF,0.4382057984489508,0.4863688336202027,0.0754253679308464
25862,GOF,0.09367224307456473,0.7611832719547544,0.14514448497068075
25863,GOF,0.0786945701595955,0.7581991107956918,0.16310631904471268
25864,GOF,0.18627385479713954,0.7305660015049773,0.08316014369788316
25865,GOF,0.08751417386780827,0.7977826818302378,0.11470314430195398
25866,GOF,0.05747496982389427,0.772014679533887,0.17051035064221853
25867,GOF,0.08737193443664107,0.8077818046980451,0.10484626086531379
25868,GOF,0.297732170238196,0.6081360993640254,0.09413173039777867
25869,Neutral,0.7217166930984819,0.23695871386333972,0.04132459303817832
25870,GOF,0.30420093852458857,0.3635024459774655,0.3322966154979459
25871,GOF,0.2089924022591763,0.6317735808541638,0.15923401688665995
25872,GOF,0.07659550440396048,0.6346894126526874,0.28871508294335213
25873,GOF,0.11847643787801036,0.6617420342904143,0.21978152783157537
25874,LOF,0.015564547975976456,0.1251204631475713,0.8593149888764522
25875,LOF,0.09301841234422065,0.03754675482755775,0.8694348328282215
25876,LOF,0.03707773968709112,0.028435011505087593,0.9344872488078213
25877,Neutral,0.5027951820601624,0.0424681247401395,0.45473669319969806
25878,LOF,0.21279889786005315,0.0778208297385682,0.7093802724013786
25879,LOF,0.08510209754988499,0.07676923599700945,0.8381286664531057
25880,LOF,0.04051432264372458,0.014826987375123567,0.9446586899811518
25881,LOF,0.1865722076828181,0.11690170927763109,0.6965260830395509
25882,LOF,0.05912047140728124,0.01723728380317755,0.9236422447895412
25883,LOF,0.06475680017252325,0.0191179697611256,0.916125230066351
25884,LOF,0.03020177760603418,0.029939537590467222,0.9398586848034987
25885,LOF,0.05967094961342747,0.011585960596594355,0.9287430897899781
25886,LOF,0.26091895873103854,0.038542358293829786,0.7005386829751318
25887,LOF,0.162169768414071,0.06476893608758041,0.7730612954983486
25888,LOF,0.06635440788941778,0.05606112802856324,0.877584464082019
25889,LOF,0.038879868897856266,0.0209868956282822,0.9401332354738614
25890,LOF,0.04573336926500559,0.13648335439479214,0.8177832763402023
25891,LOF,0.03473390494204764,0.056874394531465144,0.9083917005264872
25892,LOF,0.09798002200814253,0.019867624459534147,0.8821523535323234
25893,LOF,0.2741148634059789,0.01905948798731996,0.7068256486067012
25894,LOF,0.17817972473227153,0.00998106824001039,0.8118392070277182
25895,LOF,0.21088787024003008,0.019049085375173174,0.7700630443847968
25896,LOF,0.0517836145542532,0.023360371317128023,0.9248560141286188
25897,LOF,0.26828431669716946,0.0102852827087836,0.721430400594047
25898,Neutral,0.7041406357655223,0.009049047993457638,0.28681031624102005
25899,LOF,0.22102919127949552,0.021273931661922044,0.7576968770585824
25900,LOF,0.46857839443848237,0.014488262555474174,0.5169333430060434
25901,LOF,0.05833182323139643,0.013106894361273089,0.9285612824073304
25902,LOF,0.16787580538548003,0.014340773602867223,0.8177834210116528
25903,Neutral,0.5847911717492994,0.025877832499968043,0.3893309957507325
25904,LOF,0.32146401336648006,0.0463164003893908,0.6322195862441292
25905,LOF,0.02431361513177113,0.3065903417737962,0.6690960430944327
25906,LOF,0.03244472826804755,0.07558779529178354,0.8919674764401689
25907,LOF,0.014659855764223831,0.3146759122276724,0.6706642320081039
25908,LOF,0.010009266656336155,0.24905231461834293,0.740938418725321
25909,LOF,0.01198211142091563,0.12538177792434216,0.8626361106547421
25910,LOF,0.04840716398064053,0.13220376253487545,0.8193890734844841
25911,LOF,0.17400733016228395,0.019673469131130383,0.8063192007065858
25912,LOF,0.05258943281854531,0.03943392994067663,0.9079766372407779
25913,LOF,0.3336209344444467,0.018610378208280817,0.6477686873472724
25914,LOF,0.019962913545578574,0.06624571391466114,0.9137913725397603
25915,Neutral,0.5861170323294084,0.1690077254327411,0.24487524223785048
25916,LOF,0.08773637927821673,0.2237832168379282,0.6884804038838551
25917,LOF,0.06260214669828121,0.05110580943803496,0.8862920438636839
25918,LOF,0.020789555630749284,0.04380627084662488,0.9354041735226258
25919,LOF,0.018445923280194416,0.047371329119867765,0.9341827475999378
25920,GOF,0.11211416167343065,0.5404799909646855,0.3474058473618838
25921,LOF,0.023371494539704444,0.030726634332424577,0.9459018711278709
25922,LOF,0.03167789289672986,0.022092091114772092,0.9462300159884981
25923,LOF,0.4518593315214412,0.025373309486166118,0.5227673589923928
25924,LOF,0.03490455575708597,0.03598835814791212,0.9291070860950019
25925,LOF,0.06593020138406018,0.0293115812950369,0.904758217320903
25926,LOF,0.04735156080973411,0.02619172821664749,0.9264567109736184
25927,LOF,0.05967565023952771,0.10272837677304135,0.837595972987431
25928,LOF,0.0178988989472779,0.03769059386942455,0.9444105071832976
25929,Neutral,0.5601676131344406,0.027452576937720716,0.41237980992783874
25930,LOF,0.06927922782308268,0.02308630299864838,0.907634469178269
25931,LOF,0.024796733211192096,0.023576326210378744,0.9516269405784292
25932,LOF,0.028983135708952175,0.019670461678783162,0.9513464026122646
25933,LOF,0.03949260821509562,0.014942440804883281,0.945564950980021
25934,LOF,0.02543930000852197,0.016544642969286434,0.9580160570221916
25935,LOF,0.05860612881665634,0.03856063109239495,0.9028332400909488
25936,LOF,0.048469765201109474,0.017679628739957595,0.9338506060589329
25937,LOF,0.025870221508545017,0.028759046617699263,0.9453707318737556
25938,LOF,0.06075172151958647,0.03903531685594717,0.9002129616244664
25939,LOF,0.04206436747054143,0.015116349781384339,0.9428192827480744
25940,LOF,0.027536880239253617,0.39614651936875084,0.5763166003919955
25941,LOF,0.1634474604150039,0.10745644337906704,0.729096096205929
25942,LOF,0.013223798890789363,0.03634973289769312,0.9504264682115175
25943,LOF,0.33075866475880455,0.05512437325105626,0.6141169619901392
25944,Neutral,0.49017707365985425,0.02228141549419379,0.48754151084595215
25945,LOF,0.06822728928680336,0.022408447389710952,0.9093642633234856
25946,LOF,0.029669173004833856,0.09830564141217941,0.8720251855829867
25947,LOF,0.10228808514379939,0.21650202279635988,0.6812098920598407
25948,LOF,0.33947535875404244,0.008830432771942528,0.651694208474015
25949,LOF,0.1371245321099563,0.03951510706603344,0.8233603608240103
25950,GOF,0.28008391127739385,0.3919550474683664,0.32796104125423975
25951,LOF,0.19512553701173505,0.24445139317297537,0.5604230698152896
25952,LOF,0.040090464741369444,0.4633647470826086,0.496544788176022
25953,LOF,0.14468805908220067,0.10401170679348996,0.7513002341243094
25954,Neutral,0.43270400834278405,0.1844091459551354,0.38288684570208054
25955,LOF,0.05583085349979812,0.08637304437935645,0.8577961021208454
25956,LOF,0.17117742905288366,0.10921759981404262,0.7196049711330738
25957,LOF,0.03834774190393191,0.03041749418136871,0.9312347639146993
25958,LOF,0.06187724454820867,0.0306239861679453,0.907498769283846
25959,LOF,0.06814086094557094,0.3890015722032267,0.5428575668512023
25960,LOF,0.016734416001937816,0.053612076983156384,0.9296535070149057
25961,LOF,0.04348144513381715,0.0317733503194427,0.9247452045467401
25962,LOF,0.052588505701836374,0.026340664588486943,0.9210708297096767
25963,LOF,0.04549985362391467,0.17551602803933597,0.7789841183367494
25964,LOF,0.034086674659070476,0.154030035210787,0.8118832901301425
25965,LOF,0.4541317443411364,0.06528449377289232,0.48058376188597113
25966,Neutral,0.5525181880363281,0.15650328816568704,0.29097852379798483
25967,LOF,0.017927379005270763,0.09419188926624097,0.8878807317284882
25968,LOF,0.026735860304494076,0.423281600951144,0.549982538744362
25969,LOF,0.027640817126103796,0.06326506988033316,0.9090941129935631
25970,LOF,0.06527435341513482,0.0669759302056192,0.867749716379246
25971,LOF,0.06369057289859216,0.019043246509234002,0.9172661805921738
25972,LOF,0.06769974782916185,0.027642873056635903,0.9046573791142022
25973,LOF,0.06961368598217395,0.009260048973305478,0.9211262650445206
25974,LOF,0.20637507230555324,0.015766105628903473,0.7778588220655432
25975,LOF,0.04243309842072268,0.025878969573383582,0.9316879320058937
25976,LOF,0.03922525578879923,0.017105313584337506,0.9436694306268633
25977,LOF,0.1480894294492818,0.08599867319340376,0.7659118973573144
25978,LOF,0.14506396164085084,0.06076958462315073,0.7941664537359984
25979,LOF,0.13268416840560282,0.06149151683403972,0.8058243147603575
25980,LOF,0.22750979258592235,0.07671574418352865,0.6957744632305489
25981,LOF,0.26367852031339506,0.07434860750945833,0.6619728721771467
25982,LOF,0.3947030435148366,0.04961676077794033,0.555680195707223
25983,LOF,0.3722748528651418,0.05594376533692985,0.5717813817979284
25984,LOF,0.04573895850681966,0.0432625918179119,0.9109984496752684
25985,LOF,0.03487303801972477,0.25590063336707813,0.7092263286131971
25986,LOF,0.03976822538839867,0.29318370789402953,0.6670480667175719
25987,LOF,0.07866224276957753,0.05869215996202385,0.8626455972683987
25988,LOF,0.1520564966308656,0.05782788449480388,0.7901156188743306
25989,LOF,0.0334593335121408,0.11528619377723189,0.8512544727106273
25990,LOF,0.04524232185873834,0.14208166261917532,0.8126760155220863
25991,LOF,0.1257582157360026,0.32840039712560115,0.5458413871383963
25992,LOF,0.30170702340333055,0.20431057220385826,0.49398240439281116
25993,LOF,0.02205408374598665,0.08087718738132121,0.8970687288726922
25994,LOF,0.01612946214175549,0.1085535965724472,0.8753169412857973
25995,LOF,0.02258034258678131,0.23821411147503907,0.7392055459381797
25996,GOF,0.2726196884314661,0.49669685733422553,0.23068345423430833
25997,LOF,0.0758421483688724,0.45853915104795306,0.4656187005831745
25998,Neutral,0.5189282581179888,0.026565104790686606,0.4545066370913246
25999,LOF,0.10580041897091742,0.09448347329397792,0.7997161077351046
26000,LOF,0.14205957463453203,0.04772985018063602,0.8102105751848319
26001,LOF,0.20153950232900206,0.04591233555376882,0.7525481621172291
26002,LOF,0.13465194407951875,0.04532711716741592,0.8200209387530653
26003,GOF,0.010815332824101586,0.5824149563541935,0.40676971082170493
26004,GOF,0.01879629896685515,0.6532408668988504,0.32796283413429456
26005,LOF,0.00737933183887283,0.4407923888665797,0.5518282792945475
26006,Neutral,0.5407159980010572,0.24310523386956776,0.21617876812937512
26007,GOF,0.021914591072406054,0.5212443351313777,0.45684107379621625
26008,GOF,0.015201015210282607,0.6008598555293173,0.3839391292604
26009,GOF,0.019626085038081317,0.6860797233869828,0.2942941915749359
26010,GOF,0.021518772376408406,0.6405024105250271,0.3379788170985645
26011,LOF,0.006381001685764056,0.4412441089641713,0.5523748893500645
26012,GOF,0.011946530211196687,0.5211295528494045,0.4669239169393987
26013,GOF,0.017211492788566127,0.6191352575252972,0.3636532496861367
26014,LOF,0.043327748588215455,0.10146810226799272,0.855204149143792
26015,LOF,0.15658892138670846,0.016166908667033797,0.8272441699462578
26016,LOF,0.20618003976583218,0.05697682441290612,0.7368431358212617
26017,LOF,0.23549158972146805,0.08819336954449428,0.6763150407340378
26018,LOF,0.08902874227211101,0.03823549260743081,0.8727357651204581
26019,LOF,0.08390718649927613,0.030324193347148476,0.8857686201535755
26020,LOF,0.06999404193051899,0.09297805475373705,0.8370279033157438
26021,LOF,0.04959952249756783,0.09946244522061573,0.8509380322818165
26022,LOF,0.011084213266896395,0.039844153386115036,0.9490716333469885
26023,LOF,0.07249581619594828,0.022557172516935516,0.9049470112871162
26024,LOF,0.03131758903847153,0.10743916356538555,0.8612432473961429
26025,LOF,0.15321332811810265,0.08412911395262912,0.7626575579292683
26026,LOF,0.3261554842716839,0.028326225692156343,0.6455182900361597
26027,LOF,0.06741455420420944,0.017539889214802904,0.9150455565809875
26028,LOF,0.18095919155274204,0.05284180096003258,0.7661990074872255
26029,LOF,0.07477108368921531,0.22644212471775543,0.6987867915930293
26030,LOF,0.022157809019567057,0.07005759686159552,0.9077845941188374
26031,LOF,0.027658298151967943,0.1582947440859969,0.8140469577620351
26032,LOF,0.0718745275464012,0.11613574486792375,0.811989727585675
26033,LOF,0.08232333111563839,0.10861773744359277,0.8090589314407689
26034,LOF,0.04364713228665949,0.18621679856758294,0.7701360691457576
26035,LOF,0.028050813944613364,0.16941918009967755,0.8025300059557091
26036,LOF,0.040571756304246746,0.19185023643180535,0.7675780072639479
26037,LOF,0.022522539119373793,0.1438052394821211,0.8336722213985052
26038,LOF,0.06586062791134462,0.11713104497623453,0.8170083271124209
26039,LOF,0.05584162375760059,0.1753659785026656,0.7687923977397337
26040,LOF,0.21479903535511144,0.16542781248060567,0.619773152164283
26041,LOF,0.022980566547781182,0.12959568636270571,0.847423747089513
26042,LOF,0.021223121752688996,0.1223021353254701,0.8564747429218409
26043,LOF,0.06641738468205492,0.13637823161571255,0.7972043837022325
26044,LOF,0.019815823049809476,0.0809670173652156,0.8992171595849751
26045,LOF,0.07801625388156555,0.11701370915486986,0.8049700369635646
26046,LOF,0.05870794242715253,0.10348144391716063,0.8378106136556868
26047,LOF,0.07756139468758395,0.10695352776312152,0.8154850775492946
26048,LOF,0.05274761296436887,0.05101063597479615,0.8962417510608349
26049,Neutral,0.9682296027239135,0.008040110681986701,0.023730286594099856
26050,Neutral,0.9537788275225199,0.010206002816699618,0.036015169660780666
26051,LOF,0.056267003498318216,0.2908463165489343,0.6528866799527474
26052,LOF,0.06685716535630855,0.3254165501155586,0.6077262845281328
26053,LOF,0.05725166312508867,0.13882303452203032,0.803925302352881
26054,LOF,0.05456411383420626,0.014979588700935843,0.9304562974648579
26055,LOF,0.08074096955045326,0.013014357747958135,0.9062446727015887
26056,LOF,0.06700722317597427,0.014506228345144076,0.9184865484788818
26057,LOF,0.030221582457129165,0.012429382074262873,0.957349035468608
26058,LOF,0.030987103870696194,0.01002645579558311,0.9589864403337207
26059,LOF,0.2866634985034209,0.019843181030458283,0.6934933204661209
26060,LOF,0.03487839901413222,0.1596984750536546,0.8054231259322132
26061,LOF,0.018411414367884012,0.010049741755902836,0.9715388438762133
26062,LOF,0.00999051424603372,0.01614170676214757,0.9738677789918186
26063,LOF,0.022097134246434353,0.011283796161778633,0.966619069591787
26064,LOF,0.02361210327369103,0.01940160382201455,0.9569862929042945
26065,LOF,0.02522872239971691,0.010120419395662406,0.9646508582046207
26066,LOF,0.020783654844375356,0.010920422712259738,0.9682959224433649
26067,LOF,0.02860303495840473,0.008336071796488388,0.963060893245107
26068,LOF,0.04695355170016694,0.025381570901417027,0.927664877398416
26069,LOF,0.2572536614496505,0.01784262491611261,0.7249037136342369
26070,LOF,0.3837688135134065,0.01478547388532232,0.6014457126012712
26071,LOF,0.02190814745008197,0.011230818533739247,0.9668610340161787
26072,LOF,0.021538195159094133,0.014539268643813946,0.9639225361970919
26073,LOF,0.02080284119000987,0.009501791677001279,0.9696953671329889
26074,Neutral,0.8993861580803575,0.005071704908104658,0.09554213701153791
26075,LOF,0.04539863540055695,0.013346784248701483,0.9412545803507416
26076,LOF,0.04037190303258499,0.009385128143162814,0.9502429688242523
26077,LOF,0.009866804644898601,0.015285200838957064,0.9748479945161443
26078,LOF,0.013365982814205908,0.01033502010976077,0.9762989970760333
26079,LOF,0.06205204435500676,0.014828220446986553,0.9231197351980066
26080,LOF,0.06111673875513908,0.014857949968488155,0.9240253112763729
26081,LOF,0.03767848261677161,0.006053758337415474,0.956267759045813
26082,LOF,0.014028750225203631,0.01479472487747987,0.9711765248973165
26083,LOF,0.19387317554100764,0.012673851874968639,0.7934529725840238
26084,LOF,0.04534126183586134,0.011605679669604555,0.9430530584945341
26085,LOF,0.04082102559012573,0.010907231626030791,0.9482717427838435
26086,LOF,0.020303494040216044,0.010619781994506522,0.9690767239652773
26087,LOF,0.02548045987474556,0.0076504088936976255,0.9668691312315568
26088,LOF,0.015414003804704684,0.02103834835087389,0.9635476478444215
26089,LOF,0.04370085127893907,0.020005134007474713,0.9362940147135863
26090,LOF,0.04305026307541067,0.016005763308983074,0.9409439736156063
26091,LOF,0.03369680277819351,0.005749957904901233,0.9605532393169053
26092,LOF,0.02279321366848544,0.0075140611450606075,0.9696927251864539
26093,LOF,0.03449001696261201,0.005689851805574965,0.9598201312318131
26094,LOF,0.033894165165732536,0.005485979165418962,0.9606198556688484
26095,LOF,0.04125073030381076,0.01181775031164746,0.9469315193845419
26096,LOF,0.018959660586527486,0.011298985809853402,0.9697413536036191
26097,LOF,0.011712392642694872,0.031471298947698984,0.9568163084096062
26098,LOF,0.07475612727724065,0.009211180499202226,0.9160326922235571
26099,LOF,0.021449646738262294,0.01110291760822874,0.967447435653509
26100,LOF,0.024301069806178573,0.010917711278810227,0.9647812189150112
26101,LOF,0.05002440535671319,0.013850422936659444,0.9361251717066273
26102,LOF,0.0219244004325765,0.012161573516657125,0.9659140260507664
26103,Neutral,0.8843602079936076,0.01682487059357699,0.09881492141281537
26104,LOF,0.08170415461111785,0.020793997001154977,0.8975018483877271
26105,LOF,0.211862539697675,0.2925793994180345,0.4955580608842905
26106,LOF,0.1992329125349489,0.11188047103195321,0.6888866164330979
26107,LOF,0.21552488310012044,0.08649008520914768,0.6979850316907318
26108,LOF,0.29024930225519274,0.09755245095876715,0.6121982467860401
26109,LOF,0.09550840167186046,0.060587966386330884,0.8439036319418087
26110,LOF,0.18823414982060535,0.008024717804508471,0.8037411323748861
26111,Neutral,0.4922493189037515,0.021188137853275016,0.48656254324297354
26112,LOF,0.031110321967654175,0.00840673564989344,0.9604829423824524
26113,LOF,0.07003264609381302,0.018617880821331725,0.9113494730848553
26114,LOF,0.026995476690442763,0.02860028171699007,0.9444042415925672
26115,LOF,0.08329961690995773,0.06087566373095618,0.855824719359086
26116,LOF,0.06283494865278604,0.06481621727275746,0.8723488340744565
26117,LOF,0.43320186230438334,0.03757094750729935,0.5292271901883172
26118,LOF,0.033607903510308665,0.02318124501690883,0.9432108514727826
26119,LOF,0.02003724054725808,0.03406791907382428,0.9458948403789176
26120,LOF,0.026396575727019023,0.01957486350221874,0.9540285607707623
26121,LOF,0.03844230591222055,0.07594157353189801,0.8856161205558815
26122,LOF,0.04047392898553088,0.035010811284707344,0.9245152597297618
