feature0,prediction,LoGoFunc_Neutral,LoGoFunc_GOF,LoGoFunc_LOF
25546,Neutral,0.5794240417827532,0.060150651828125304,0.36042530638912157
25547,Neutral,0.45378904189216385,0.09669850820884907,0.44951244989898714
25548,Neutral,0.48060780027087363,0.08379818189326098,0.4355940178358654
25549,LOF,0.4170501563489277,0.08518249463681253,0.49776734901425973
25550,LOF,0.3757871590842014,0.0882283976746077,0.5359844432411909
25551,LOF,0.2980283124451898,0.09331689848173798,0.6086547890730722
25552,LOF,0.2728520095163205,0.12167241928123924,0.6054755712024403
25553,Neutral,0.7978918995133166,0.04977840365392219,0.15232969683276118
25554,LOF,0.3089830376891224,0.0956964572493647,0.595320505061513
25555,LOF,0.26544492806243736,0.09684809838422817,0.6377069735533345
25556,LOF,0.4421786745913548,0.08342744388152874,0.4743938815271164
25557,LOF,0.2417956005035359,0.10228380242569662,0.6559205970707676
25558,LOF,0.3084158837212745,0.09165560077893298,0.5999285154997925
25559,LOF,0.251218451328454,0.04052861473298611,0.7082529339385598
25560,LOF,0.11139487265943315,0.11359390686405635,0.7750112204765105
25561,LOF,0.08314589569272617,0.1774961507921017,0.7393579535151722
25562,LOF,0.03794300653474923,0.07485925741875075,0.8871977360465001
25563,LOF,0.007919739730638318,0.15436676708216115,0.8377134931872006
25564,LOF,0.07170175016313535,0.0659806123758903,0.8623176374609742
25565,LOF,0.19254734605868762,0.1864981877709304,0.620954466170382
25566,GOF,0.07639659265952146,0.7500545038182884,0.17354890352219005
25567,LOF,0.05039878259036317,0.10259410528582288,0.847007112123814
25568,LOF,0.06929683801064812,0.09049861648288089,0.8402045455064711
25569,LOF,0.06804114081294901,0.07638306061135838,0.8555757985756927
25570,LOF,0.02975262687409857,0.09272007840389106,0.8775272947220104
25571,LOF,0.029516246257670988,0.09761245391584138,0.8728712998264876
25572,LOF,0.05697169104715704,0.1420193553412061,0.8010089536116368
25573,LOF,0.06751388834801338,0.10397292127706029,0.8285131903749263
25574,LOF,0.09444221688998804,0.18559409591959622,0.7199636871904158
25575,LOF,0.0275061758997098,0.11336608294615132,0.8591277411541389
25576,LOF,0.02663445492757995,0.19651954093857532,0.7768460041338449
25577,LOF,0.030253085014831798,0.12971501437943952,0.8400319006057287
25578,LOF,0.2931989267292825,0.06118152078359649,0.6456195524871211
25579,LOF,0.2091570288297107,0.064363584530815,0.7264793866394743
25580,LOF,0.02695283192580067,0.06220825308293622,0.910838914991263
25581,LOF,0.04397954730116644,0.09639521794232878,0.8596252347565048
25582,LOF,0.04397954730116644,0.09639521794232878,0.8596252347565048
25583,LOF,0.03923689543963865,0.06693490408025002,0.8938282004801112
25584,Neutral,0.747058155770629,0.0779654675133512,0.17497637671601987
25585,LOF,0.025835821453575457,0.1315628317798679,0.8426013467665567
25586,LOF,0.025146271579314823,0.0767630769695035,0.8980906514511817
25587,LOF,0.02441562476330413,0.07935113295512143,0.8962332422815745
25588,LOF,0.029428235121779913,0.061469696158943134,0.9091020687192769
25589,Neutral,0.6189840564199798,0.1550764984389807,0.2259394451410394
25590,LOF,0.06180061907856443,0.1022304979194426,0.835968883001993
25591,LOF,0.1113282100152428,0.07463984546755861,0.8140319445171985
25592,LOF,0.09485779531495651,0.13583397530677624,0.7693082293782673
25593,LOF,0.1511087707389015,0.26942655529401516,0.5794646739670832
25594,LOF,0.04055241340630048,0.07798594715456551,0.8814616394391339
25595,LOF,0.047906937332059266,0.031132829651826902,0.9209602330161138
25596,LOF,0.12824383951214285,0.018740920647187277,0.85301523984067
25597,LOF,0.09363330292143204,0.01723765986073615,0.8891290372178319
25598,LOF,0.04957615307042061,0.031715188806552004,0.9187086581230275
25599,GOF,0.023619218339056208,0.5008507641923519,0.4755300174685919
25600,LOF,0.13541889349114178,0.41201494257642535,0.4525661639324328
25601,LOF,0.04569028143585556,0.32256435711770065,0.6317453614464438
25602,LOF,0.029423366858178913,0.08885629625707409,0.8817203368847472
25603,LOF,0.06525398198759219,0.08017766094947712,0.8545683570629307
25604,LOF,0.046093867250128956,0.14435856427265073,0.8095475684772203
25605,LOF,0.055901628598583296,0.2163069213527954,0.7277914500486213
25606,Neutral,0.4593452762178201,0.28881515181849704,0.25183957196368284
25607,LOF,0.036962846098048834,0.20958105220611123,0.75345610169584
25608,LOF,0.04936735353594712,0.11491159789102799,0.8357210485730248
25609,GOF,0.15712405848146413,0.5478422838861501,0.29503365763238587
25610,LOF,0.024762503522020748,0.06867388796181285,0.9065636085161664
25611,LOF,0.017033272937852235,0.06618618275848095,0.9167805443036668
25612,LOF,0.07097170126552305,0.078740933210034,0.8502873655244428
25613,LOF,0.05965186288182765,0.08701416244888595,0.8533339746692863
25614,LOF,0.027171047679005685,0.07436419489156042,0.898464757429434
25615,LOF,0.07121800870023155,0.060032058860746126,0.8687499324390224
25616,LOF,0.07602763639620866,0.06935801137738092,0.8546143522264105
25617,LOF,0.056543405600149456,0.08087373369237813,0.8625828607074725
25618,LOF,0.06971865825891607,0.18879095523105074,0.7414903865100332
25619,LOF,0.015746393205150023,0.12522492618538855,0.8590286806094614
25620,LOF,0.05062320032839831,0.081633528319422,0.8677432713521797
25621,LOF,0.09694060729960446,0.0769158786076786,0.826143514092717
25622,LOF,0.10904327473104733,0.07180877287929108,0.8191479523896615
25623,LOF,0.08950837069663842,0.05523127348124705,0.8552603558221146
25624,LOF,0.02468107796185592,0.07034301143869286,0.9049759105994513
25625,LOF,0.08470529519923822,0.06554550810686031,0.8497491966939015
25626,LOF,0.06330185386034197,0.0711971969793412,0.8655009491603167
25627,Neutral,0.880181992692045,0.030161158662844356,0.08965684864511059
25628,LOF,0.17112654368307878,0.07656620107069635,0.7523072552462249
25629,LOF,0.055427728931082526,0.09051827564594364,0.8540539954229739
25630,LOF,0.2630695192071518,0.0935906087205161,0.6433398720723321
25631,Neutral,0.486511071561172,0.07097515960164004,0.4425137688371879
25632,LOF,0.024803284409437555,0.09380820883745723,0.8813885067531052
25633,LOF,0.18750636016500866,0.05334605814829809,0.7591475816866933
25634,LOF,0.0431755479502309,0.09444416604756974,0.8623802860021994
25635,LOF,0.03443761204628601,0.04425919912329452,0.9213031888304194
25636,GOF,0.02802375608386174,0.5124723691181557,0.4595038747979826
25637,LOF,0.026615415409381848,0.4394601351045356,0.5339244494860826
25638,LOF,0.01582379919457827,0.4808158408583847,0.503360359947037
25639,LOF,0.02413255248483364,0.3588453300493368,0.6170221174658296
25640,Neutral,0.8178215071220396,0.14684353869633518,0.03533495418162528
25641,LOF,0.1263154541710229,0.3552544903789206,0.5184300554500565
25642,LOF,0.1488656412762941,0.21852732904705452,0.6326070296766513
25643,Neutral,0.472591272999436,0.12472897939318023,0.40267974760738373
25644,GOF,0.00796234239978763,0.6848058314128038,0.30723182618740846
25645,GOF,0.00903412622092354,0.6540119662292707,0.3369539075498058
25646,GOF,0.015725392456654073,0.49672653316903437,0.4875480743743115
25647,LOF,0.008670093788588077,0.3848109019499279,0.606519004261484
25648,LOF,0.012106792129578589,0.4310683816895388,0.5568248261808825
25649,LOF,0.008363367930852714,0.35673644728517384,0.6349001847839734
25650,GOF,0.024415846687985437,0.6125885672954227,0.36299558601659193
25651,LOF,0.008621005947473634,0.43137120123087513,0.5600077928216511
25652,GOF,0.007205936569776588,0.5925046227329731,0.4002894406972504
25653,GOF,0.02673316930157406,0.6802495068520709,0.2930173238463551
25654,GOF,0.009591389013570858,0.5226508924012593,0.46775771858516985
25655,GOF,0.07373790665367061,0.7191089229639873,0.20715317038234218
25656,LOF,0.19823461207463056,0.21237139796570734,0.5893939899596621
25657,LOF,0.025753861591971322,0.19354181006295756,0.7807043283450712
25658,LOF,0.17470652965482503,0.23911183640389244,0.5861816339412826
25659,LOF,0.2801283321119874,0.3450064969958958,0.3748651708921167
25660,LOF,0.023278334067259803,0.21090271049372666,0.7658189554390136
25661,LOF,0.06435848184869544,0.13971156881086758,0.7959299493404369
25662,LOF,0.026195802969128407,0.07906659021293497,0.8947376068179367
25663,LOF,0.031005494334616607,0.07394568978025172,0.8950488158851316
25664,LOF,0.08396608543524244,0.13830449105155193,0.7777294235132056
25665,LOF,0.044110777593322374,0.06806644395481012,0.8878227784518675
25666,LOF,0.06108868117044428,0.11997152443354776,0.818939794396008
25667,LOF,0.055030801569862814,0.09138044498690326,0.8535887534432339
25668,LOF,0.028128285229822456,0.11673697959057949,0.855134735179598
25669,LOF,0.018982020922232813,0.10194228423767457,0.8790756948400926
25670,LOF,0.10006376621814946,0.09408022349450368,0.8058560102873469
25671,LOF,0.07703186387731266,0.07759228850929704,0.8453758476133904
25672,LOF,0.03704739831320251,0.0990434070907556,0.863909194596042
25673,LOF,0.06696389283296876,0.09989443146132777,0.8331416757057034
25674,LOF,0.06129524626142027,0.12168854396998743,0.8170162097685922
25675,LOF,0.05688586206863112,0.1378638905754238,0.805250247355945
25676,LOF,0.014859987050597281,0.12146480556148066,0.8636752073879221
25677,LOF,0.014465037172996624,0.16020959452291575,0.8253253683040876
25678,LOF,0.15253751143990088,0.16083497685783193,0.6866275117022672
25679,LOF,0.09323686539916183,0.16302155701288734,0.7437415775879509
25680,LOF,0.018753108498508603,0.21177923982264552,0.7694676516788458
25681,LOF,0.030509607342948313,0.18766419987168095,0.7818261927853708
25682,LOF,0.09254425977095299,0.14025312559526776,0.7672026146337793
25683,LOF,0.07897828776414792,0.15996233352127648,0.7610593787145757
25684,LOF,0.02183193735514375,0.13011419023178697,0.8480538724130694
25685,LOF,0.11203464112013546,0.16102875491634203,0.7269366039635224
25686,LOF,0.052784791553891146,0.24780477118173375,0.699410437264375
25687,LOF,0.1114236473340122,0.2771634918570328,0.6114128608089551
25688,LOF,0.3972476183694174,0.025137607350669833,0.5776147742799127
25689,LOF,0.23641918100947198,0.027869440984437454,0.7357113780060905
25690,LOF,0.3338563076756386,0.026727136043857954,0.6394165562805034
25691,Neutral,0.7217566202434761,0.025633389075525728,0.2526099906809981
25692,LOF,0.3010657185958672,0.013325126669690763,0.685609154734442
25693,LOF,0.05125888696600244,0.4104003098606549,0.5383408031733425
25694,LOF,0.1053112959151754,0.017093749354039078,0.8775949547307855
25695,LOF,0.10428185879053944,0.007684410685028844,0.8880337305244317
25696,LOF,0.10490003916864137,0.02800130926086992,0.8670986515704887
25697,LOF,0.04600286664759891,0.07022331802846349,0.8837738153239376
25698,LOF,0.26818919737133123,0.17772411878226083,0.5540866838464079
25699,LOF,0.37025922788317583,0.05541333914400663,0.5743274329728175
25700,LOF,0.05814741062024243,0.013011531527219148,0.9288410578525385
25701,LOF,0.1659933365723682,0.04728230479283108,0.7867243586348008
25702,GOF,0.22866004476360438,0.6652875829449233,0.10605237229147223
25703,LOF,0.020844407826995735,0.25570748432566015,0.723448107847344
25704,LOF,0.03547401734828236,0.17903171072633695,0.7854942719253807
25705,LOF,0.03272832117732419,0.10298521030793446,0.8642864685147412
25706,LOF,0.1170687098699944,0.4337651744539178,0.4491661156760877
25707,LOF,0.1129120570724299,0.3382972731447444,0.5487906697828256
25708,LOF,0.047018828377739935,0.3775797794862537,0.5754013921360065
25709,LOF,0.07125135614704216,0.0562070683861666,0.8725415754667911
25710,LOF,0.018856924759643432,0.16027959862304866,0.8208634766173079
25711,LOF,0.0192946274052812,0.09605747893632027,0.8846478936583986
25712,LOF,0.019506565194774554,0.2068888345525164,0.773604600252709
25713,LOF,0.018737655199816548,0.09756191317737287,0.8837004316228105
25714,LOF,0.07410616879257274,0.08125671120858324,0.8446371199988439
25715,LOF,0.011934305346158237,0.13428707500663029,0.8537786196472115
25716,LOF,0.014356561187612615,0.14748443530151498,0.8381590035108724
25717,LOF,0.01946349388991129,0.08687954139332695,0.8936569647167618
25718,LOF,0.01138033811282909,0.060204655680339954,0.928415006206831
25719,LOF,0.025288076419918266,0.10118548546316823,0.8735264381169134
25720,LOF,0.031557257343546176,0.05204748518187705,0.9163952574745768
25721,LOF,0.011478841951126174,0.10996582219882395,0.8785553358500499
25722,LOF,0.013588628081607834,0.08885677745778357,0.8975545944606086
25723,LOF,0.025015809058408358,0.06556319126206343,0.9094209996795282
25724,LOF,0.03496039525621483,0.12366182681976223,0.8413777779240229
25725,LOF,0.01144274503154938,0.09713759535594732,0.8914196596125032
25726,LOF,0.017543400820892167,0.15519970144382622,0.8272568977352817
25727,LOF,0.014267696599238015,0.08950541552759911,0.896226887873163
25728,LOF,0.010985289097910602,0.11362895288697385,0.8753857580151155
25729,LOF,0.011266275296996973,0.11240694965744162,0.8763267750455613
25730,LOF,0.014818581675529957,0.12422624343071563,0.8609551748937544
25731,LOF,0.020195962341262516,0.12781799854268863,0.8519860391160489
25732,LOF,0.01474333928330896,0.05849395635540133,0.9267627043612897
25733,LOF,0.01649042081890579,0.06889651461600697,0.9146130645650873
25734,LOF,0.015036007563322809,0.1618256757164533,0.8231383167202239
25735,LOF,0.011255895477466556,0.06786769200676854,0.9208764125157648
25736,LOF,0.01242303863720291,0.07501670342943914,0.912560257933358
25737,LOF,0.0138180889764865,0.09676051368264478,0.8894213973408687
25738,LOF,0.01228901512731538,0.09897229971355809,0.8887386851591265
25739,LOF,0.019361938227627322,0.08794473061231946,0.8926933311600533
25740,LOF,0.031221294018148514,0.11708002777996927,0.8516986782018822
25741,LOF,0.014175160006210547,0.1284967761855403,0.857328063808249
25742,LOF,0.10448962385269081,0.07854109489590198,0.8169692812514072
25743,LOF,0.05021362679253937,0.05456694860337957,0.8952194246040811
25744,Neutral,0.6351311897122699,0.22693892982738995,0.1379298804603401
25745,LOF,0.0627172620134625,0.10207525125925095,0.8352074867272865
25746,LOF,0.03998153333492528,0.14066708954852009,0.8193513771165546
25747,LOF,0.014939969503502454,0.16711445071355355,0.817945579782944
25748,LOF,0.08496317259205052,0.2019158049141655,0.713121022493784
25749,LOF,0.028475499838500676,0.12860604105140086,0.8429184591100986
25750,LOF,0.06420274539432846,0.12689794657592332,0.8088993080297483
25751,LOF,0.0904363626234392,0.1949936707226154,0.7145699666539455
25752,GOF,0.15843485858311154,0.6391881628675,0.20237697854938835
25753,LOF,0.039617055655549696,0.3894916359000521,0.5708913084443983
25754,GOF,0.030611000543152234,0.7823090566700482,0.18707994278679954
25755,LOF,0.04819776270197184,0.3347372576018875,0.6170649796961407
25756,LOF,0.07587203139686424,0.4403784591451984,0.48374950945793727
25757,GOF,0.025792199049838906,0.8459337133079065,0.12827408764225456
25758,GOF,0.03252064807111436,0.8164721470345262,0.15100720489435943
25759,GOF,0.020112139344239888,0.7186810331977682,0.261206827457992
25760,LOF,0.02970221632127178,0.4280089156744566,0.5422888680042716
25761,GOF,0.3313833469714501,0.6052355305658073,0.06338112246274279
25762,LOF,0.05902100199806521,0.43045577407944835,0.5105232239224865
25763,LOF,0.021681733285378448,0.3672242261803397,0.6110940405342818
25764,GOF,0.08518769674123595,0.7444344125124532,0.1703778907463107
25765,GOF,0.04791439482412937,0.7930247645163674,0.15906084065950324
25766,GOF,0.11571101558736428,0.760238745808346,0.12405023860428963
25767,GOF,0.13492771456796762,0.4674352624208224,0.39763702301121007
25768,LOF,0.09923904786675403,0.041160553269651005,0.859600398863595
25769,LOF,0.04884343364152061,0.09774490196391207,0.8534116643945673
25770,LOF,0.42900683670396106,0.07623763492408737,0.4947555283719515
25771,LOF,0.05406838757806591,0.044374999936763145,0.9015566124851708
25772,LOF,0.019188452296247233,0.0743986844184185,0.9064128632853342
25773,LOF,0.05616757507768012,0.053599183540072134,0.8902332413822478
25774,LOF,0.02585883293438186,0.13515393177911086,0.8389872352865073
25775,LOF,0.07004159833191033,0.03793566840058286,0.8920227332675068
25776,LOF,0.07045437951348175,0.04437802812817486,0.8851675923583433
25777,Neutral,0.562100950798586,0.08489165257424613,0.3530073966271677
25778,LOF,0.06360054684558414,0.07019322529804244,0.8662062278563736
25779,GOF,0.4293958287172873,0.4989995544055038,0.07160461687720886
25780,GOF,0.3206255120258759,0.5471661914013777,0.1322082965727464
25781,GOF,0.11164798233641186,0.7015840051039796,0.18676801255960862
25782,GOF,0.1842219275619069,0.6460317665471486,0.1697463058909445
25783,GOF,0.026106378654288328,0.7453919706468946,0.22850165069881712
25784,Neutral,0.5635090158764844,0.35224422768102265,0.084246756442493
25785,Neutral,0.5431233537551144,0.36483087223076743,0.09204577401411813
25786,GOF,0.02176414647757439,0.7209901992619621,0.25724565426046364
25787,Neutral,0.7341318575722062,0.20999640425301427,0.05587173817477945
25788,LOF,0.04761855280299257,0.08194062705063883,0.8704408201463685
25789,GOF,0.21853810956682657,0.5825421864507493,0.19891970398242417
25790,GOF,0.2562186757131456,0.5274200693149883,0.21636125497186606
25791,GOF,0.13996893942142602,0.5043834641149945,0.35564759646357946
25792,GOF,0.35730428522024227,0.36000988470251216,0.28268583007724546
25793,GOF,0.2336900053373848,0.39489480539353455,0.37141518926908074
25794,GOF,0.2937273171691417,0.4534090538167821,0.25286362901407616
25795,GOF,0.06767876735485305,0.5898730691917486,0.34244816345339846
25796,Neutral,0.4816375903165716,0.3770962866353024,0.141266123048126
25797,GOF,0.07096311376269811,0.46928143300536984,0.4597554532319321
25798,GOF,0.010971814516172015,0.5103432081024425,0.4786849773813855
25799,GOF,0.010254608441475592,0.5007132372590516,0.4890321542994727
25800,GOF,0.0307995399175225,0.5888893685102904,0.3803110915721871
25801,GOF,0.222546047940665,0.6086143991349259,0.16883955292440908
25802,GOF,0.06066412778136609,0.5374854932234455,0.40185037899518844
25803,GOF,0.045754744335281615,0.48646428926503515,0.46778096639968325
25804,GOF,0.038542080581686025,0.4973484341922941,0.4641094852260198
25805,GOF,0.08159136205334495,0.5268317298958289,0.391576908050826
25806,GOF,0.10615347936909425,0.4950494618468182,0.39879705878408744
25807,GOF,0.0198105214799276,0.5007177771420114,0.479471701378061
25808,GOF,0.08287499626321086,0.46411198387413194,0.4530130198626571
25809,GOF,0.02001440647381507,0.49393802535966297,0.486047568166522
25810,GOF,0.022444517212993325,0.49911089259964997,0.47844459018735674
25811,Neutral,0.44714427530062895,0.44068967854094054,0.11216604615843036
25812,GOF,0.03674261780330877,0.5031487723040929,0.4601086098925983
25813,Neutral,0.5547558561061434,0.2599161479991927,0.18532799589466387
25814,GOF,0.12555064288677903,0.545289585761621,0.32915977135159996
25815,GOF,0.24676106801630326,0.5223221775232916,0.2309167544604052
25816,GOF,0.019329598677049885,0.5595103941429861,0.42116000717996394
25817,GOF,0.1724266767840294,0.6611940837593673,0.16637923945660332
25818,GOF,0.04027864648432834,0.49886326478682835,0.4608580887288432
25819,GOF,0.3517351722466013,0.41880249328555225,0.22946233446784642
25820,GOF,0.18903499832656706,0.5331517858468287,0.2778132158266042
25821,GOF,0.06401857754598392,0.5999268092372387,0.3360546132167773
25822,GOF,0.2281545591764176,0.5147463835181073,0.257099057305475
25823,GOF,0.040281329123169354,0.5134797348787236,0.44623893599810704
25824,LOF,0.09285540342462575,0.45325595177295075,0.4538886448024235
25825,LOF,0.03815266721894457,0.4574859108325315,0.5043614219485238
25826,LOF,0.013638103209922052,0.460263825439993,0.526098071350085
25827,GOF,0.01885468208894974,0.49559176390287374,0.4855535540081764
25828,LOF,0.013190643873628614,0.4344807889133467,0.5523285672130247
25829,LOF,0.009280099903537875,0.4736412469947615,0.5170786531017006
25830,LOF,0.03412058756263958,0.12880100183556953,0.8370784106017909
25831,GOF,0.1654449792360111,0.6419982900006089,0.1925567307633798
25832,GOF,0.0428049261679738,0.6228839531710156,0.3343111206610106
25833,GOF,0.12403053505818304,0.6244003247871739,0.25156914015464305
25834,GOF,0.051891809253685535,0.6273886907677235,0.32071949997859084
25835,GOF,0.10664266619341019,0.5525407528149278,0.340816580991662
25836,GOF,0.0629708486402726,0.5971289379523195,0.3399002134074079
25837,GOF,0.028186098091310906,0.5135321703314787,0.45828173157721036
25838,GOF,0.0938004873595979,0.6298157921096807,0.2763837205307214
25839,GOF,0.31762405881213546,0.428336692483088,0.25403924870477645
25840,GOF,0.20141087590783913,0.5463640415831753,0.25222508250898557
25841,GOF,0.2462119025193144,0.4838158314153758,0.2699722660653097
25842,GOF,0.18990367726635482,0.534255948722136,0.2758403740115092
25843,GOF,0.21759986131759573,0.5900515745371826,0.19234856414522156
25844,GOF,0.05990603094236636,0.5448492045910652,0.3952447644665683
25845,GOF,0.016997535588054936,0.5720638791560759,0.4109385852558692
25846,GOF,0.09714872267456214,0.6209655235812357,0.28188575374420216
25847,GOF,0.12167625456994202,0.6187350480532351,0.2595886973768229
25848,GOF,0.049282056134033414,0.5636179322765181,0.38710001158944857
25849,GOF,0.014964159715910816,0.5324493205825268,0.4525865197015623
25850,GOF,0.031955964344433985,0.5363759782155666,0.4316680574399994
25851,GOF,0.02509004174941313,0.5106780062834456,0.46423195196714123
25852,GOF,0.14420144871565144,0.44597016546098434,0.4098283858233643
25853,GOF,0.30893076532154184,0.5590539523564256,0.13201528232203238
25854,GOF,0.019881169557513,0.6814311648143782,0.2986876656281087
25855,GOF,0.04089238707733026,0.5131078255069305,0.4459997874157393
25856,GOF,0.2094701669978571,0.5128540817706961,0.2776757512314468
25857,GOF,0.03789037957240093,0.5232415238555579,0.4388680965720412
25858,GOF,0.019499911667343234,0.6175545770351791,0.3629455112974776
25859,GOF,0.010749801271900943,0.6080856319924156,0.3811645667356835
25860,GOF,0.27131302211721403,0.5681066080995609,0.16058036978322515
25861,GOF,0.30570995245797056,0.5759552622092761,0.11833478533275338
25862,GOF,0.06525345417361543,0.7060519217054695,0.2286946241209151
25863,GOF,0.06898850116061803,0.7173492598665907,0.2136622389727913
25864,GOF,0.13612060653416957,0.6876360166364028,0.17624337682942762
25865,GOF,0.06567159543896124,0.6876100168507449,0.24671838771029383
25866,GOF,0.05159343403869484,0.7544111138538478,0.1939954521074573
25867,GOF,0.06699396727811609,0.7710990308707153,0.16190700185116855
25868,GOF,0.18487792765189615,0.6203251526844392,0.1947969196636647
25869,Neutral,0.6605548193830124,0.2691546004130286,0.07029058020395916
25870,LOF,0.2294818456103166,0.09841487503106272,0.6721032793586207
25871,GOF,0.1620492733802415,0.5994485429024122,0.23850218371734633
25872,GOF,0.06285546498312139,0.5151760889906082,0.4219684460262704
25873,GOF,0.13340687615406244,0.5079507997514053,0.35864232409453217
25874,LOF,0.01953111930804777,0.08491446113862718,0.895554419553325
25875,LOF,0.04465214461842505,0.18489255683283515,0.7704552985487397
25876,LOF,0.022339831207456137,0.08721709274923323,0.8904430760433107
25877,LOF,0.35882573784778277,0.1967515997985867,0.4444226623536306
25878,LOF,0.12092180808811007,0.2534175371435228,0.6256606547683671
25879,LOF,0.06801279721688497,0.2598619800560597,0.6721252227270553
25880,LOF,0.022161726320423847,0.04557268654786187,0.9322655871317143
25881,LOF,0.20436571121318023,0.12491385286800934,0.6707204359188105
25882,LOF,0.06074329150255228,0.022505165932328593,0.9167515425651193
25883,LOF,0.08840252240006792,0.038265138315992465,0.8733323392839396
25884,LOF,0.036352962883952095,0.03831155665071195,0.9253354804653359
25885,LOF,0.056141542583403925,0.030517849844330053,0.9133406075722661
25886,LOF,0.3324171934920736,0.08136457450057982,0.5862182320073465
25887,LOF,0.18244801624377327,0.12642419819515702,0.6911277855610698
25888,LOF,0.07848080397952253,0.06925252079682633,0.8522666752236512
25889,LOF,0.03468639837636169,0.040647778491774644,0.9246658231318637
25890,LOF,0.0766423988494274,0.09798278542082102,0.8253748157297516
25891,LOF,0.07192057317016622,0.059088363902875606,0.8689910629269582
25892,LOF,0.09812260839042504,0.03682458186760498,0.8650528097419701
25893,LOF,0.31211721540022197,0.03166773997331844,0.6562150446264596
25894,LOF,0.20876306547890605,0.011442340832739048,0.7797945936883548
25895,LOF,0.2532142303974426,0.01749005034176587,0.7292957192607915
25896,LOF,0.04986620073715231,0.022586850428908973,0.9275469488339387
25897,LOF,0.23275404861563476,0.032313936518149886,0.7349320148662153
25898,Neutral,0.8034890195746301,0.02036351174745545,0.1761474686779144
25899,LOF,0.22237914848323329,0.049758939464266544,0.7278619120525002
25900,Neutral,0.644317734459308,0.013265331400125728,0.3424169341405664
25901,LOF,0.048167621405390236,0.013294796214086208,0.9385375823805234
25902,LOF,0.2182409482407526,0.014953118664822452,0.7668059330944249
25903,Neutral,0.6425980388356689,0.05391363947630417,0.30348832168802686
25904,LOF,0.2717995788013831,0.02816650971346662,0.7000339114851503
25905,LOF,0.03479290134068294,0.3843599164895264,0.5808471821697907
25906,LOF,0.02637898391316649,0.06010753541110191,0.9135134806757315
25907,LOF,0.013699955142922264,0.345849203254644,0.6404508416024336
25908,LOF,0.01603321402437151,0.23674708053836085,0.7472197054372676
25909,LOF,0.01869538047330159,0.10946274285838498,0.8718418766683134
25910,LOF,0.02529038419570693,0.48304722919246373,0.49166238661182937
25911,LOF,0.05426887703260909,0.07254587707716717,0.8731852458902237
25912,LOF,0.024782818845488767,0.12384847131995987,0.8513687098345515
25913,LOF,0.21603477814538194,0.03616374057224152,0.7478014812823764
25914,LOF,0.023851933933361553,0.09010519152862116,0.8860428745380172
25915,GOF,0.4035753284121032,0.40889755865770255,0.18752711293019433
25916,GOF,0.036009417100892956,0.5034180310282146,0.4605725518708925
25917,LOF,0.046524339117761694,0.06118647732776537,0.892289183554473
25918,LOF,0.030695856608143925,0.048102485549572395,0.9212016578422837
25919,LOF,0.02733885767272886,0.05269473242746699,0.9199664098998042
25920,GOF,0.13244730798474155,0.6246009126879868,0.24295177932727172
25921,LOF,0.031756158412477566,0.02352113070320948,0.9447227108843129
25922,LOF,0.04060698029393689,0.01737769042766688,0.9420153292783962
25923,LOF,0.3924065489112832,0.021278230058012458,0.5863152210307042
25924,LOF,0.04657963489830988,0.026641263422110387,0.9267791016795798
25925,LOF,0.07582767039627236,0.030917994796633798,0.8932543348070938
25926,LOF,0.05559644247426112,0.0195155805659153,0.9248879769598235
25927,LOF,0.07062425949808446,0.056018259720628585,0.8733574807812869
25928,LOF,0.023156826214598924,0.018525717311471866,0.9583174564739292
25929,Neutral,0.5388905320434715,0.026336174781714086,0.43477329317481433
25930,LOF,0.0662702483843644,0.017404427362635495,0.9163253242530001
25931,LOF,0.02775252521832244,0.015467482941048792,0.9567799918406288
25932,LOF,0.030475073069537447,0.01587923376652821,0.9536456931639343
25933,LOF,0.04007899024536298,0.010116414203045002,0.9498045955515919
25934,LOF,0.028187911669862304,0.015293929955860628,0.956518158374277
25935,LOF,0.07408607239599398,0.03053030086222694,0.8953836267417791
25936,LOF,0.047241423286024625,0.01604748556679664,0.9367110911471787
25937,LOF,0.033924780694920574,0.022668641307389638,0.9434065779976897
25938,LOF,0.06720017080850584,0.03691629409404615,0.895883535097448
25939,LOF,0.04322683069073183,0.010688252777808513,0.9460849165314597
25940,GOF,0.03254561225698502,0.4873484795701348,0.48010590817288024
25941,LOF,0.18045505194110412,0.03677136931230866,0.7827735787465873
25942,LOF,0.019449160276974117,0.016747312651028422,0.9638035270719975
25943,LOF,0.372225065791412,0.030340724874449602,0.5974342093341384
25944,LOF,0.48650248483504427,0.020037076145536615,0.49346043901941894
25945,LOF,0.06840614420908513,0.023442818871765178,0.9081510369191497
25946,LOF,0.04485145157377379,0.1779173092626075,0.7772312391636188
25947,LOF,0.15511552507577112,0.21692692622984464,0.6279575486943842
25948,LOF,0.3540231124218381,0.02287572146282679,0.6231011661153352
25949,LOF,0.13009585459398906,0.048175726991135905,0.8217284184148751
25950,GOF,0.18256116610823997,0.41792140529500815,0.39951742859675193
25951,LOF,0.21569862754192104,0.095635274351883,0.6886660981061961
25952,LOF,0.036554204022631286,0.38723643006968206,0.5762093659076867
25953,LOF,0.1318778716268824,0.12188272368841548,0.7462394046847022
25954,Neutral,0.402536964304996,0.22369344810666184,0.37376958758834217
25955,LOF,0.06104258890929484,0.11422528048981472,0.8247321306008905
25956,LOF,0.23376330098464845,0.05290792419174065,0.7133287748236109
25957,LOF,0.04829695240088749,0.020738260526704834,0.9309647870724077
25958,LOF,0.06679367016551686,0.026931068088463166,0.90627526174602
25959,LOF,0.10825346606034295,0.3875322829999407,0.5042142509397164
25960,LOF,0.023240553764863833,0.0554271576473533,0.9213322885877829
25961,LOF,0.05433706651374195,0.03526589520516004,0.910397038281098
25962,LOF,0.05228568612211262,0.05812703576415865,0.8895872781137288
25963,LOF,0.062180387532829604,0.12101745720251449,0.8168021552646559
25964,LOF,0.0387779425744804,0.16437444314200844,0.7968476142835111
25965,Neutral,0.47237636853209564,0.07025629928702878,0.4573673321808755
25966,GOF,0.2843530739645171,0.419995184592923,0.29565174144256007
25967,LOF,0.014284534232071086,0.14586445034645132,0.8398510154214777
25968,LOF,0.0518890895410777,0.40814363036824397,0.5399672800906783
25969,LOF,0.022620519028686746,0.07678841065307272,0.9005910703182405
25970,LOF,0.058187016318074894,0.0642769229718339,0.8775360607100913
25971,LOF,0.09121564523028539,0.0230964517037489,0.8856879030659657
25972,LOF,0.09435603075850922,0.026677477032421237,0.8789664922090694
25973,LOF,0.10703185251354805,0.013964433038380585,0.8790037144480713
25974,LOF,0.31827956217272685,0.03111650200099899,0.6506039358262742
25975,LOF,0.05207701588106528,0.033417618407815014,0.9145053657111197
25976,LOF,0.03994497515796962,0.019818354068138536,0.9402366707738918
25977,LOF,0.12733451815550267,0.10225313019560808,0.7704123516488893
25978,LOF,0.1773224775449015,0.12096713392633271,0.7017103885287658
25979,LOF,0.1669188707291171,0.08603848525788739,0.7470426440129955
25980,LOF,0.22499035307170004,0.19286158937627762,0.5821480575520223
25981,LOF,0.261578473936383,0.18085814337613085,0.5575633826874862
25982,Neutral,0.4639952723794328,0.09319739455310387,0.4428073330674634
25983,LOF,0.4310776402489639,0.08539831655296205,0.48352404319807407
25984,LOF,0.04612726525177943,0.07409230593531124,0.8797804288129093
25985,LOF,0.022220669029765737,0.23739268797065133,0.7403866429995829
25986,LOF,0.027681665400836077,0.23690677336072632,0.7354115612384376
25987,LOF,0.09456422753090368,0.05894932785067014,0.8464864446184263
25988,LOF,0.10335914582281187,0.052513466500180545,0.8441273876770076
25989,LOF,0.02593146538172006,0.08174337388529287,0.8923251607329871
25990,LOF,0.03395575183241263,0.06511426837713646,0.900929979790451
25991,LOF,0.22744437125324582,0.2479473405534501,0.5246082881933041
25992,LOF,0.3804695379413492,0.1661423408576928,0.45338812120095795
25993,LOF,0.03433332836011975,0.07024306771450066,0.8954236039253796
25994,LOF,0.0224133869420386,0.09799762502018715,0.8795889880377742
25995,LOF,0.03762296697004328,0.08365223526562243,0.8787247977643344
25996,GOF,0.25268546604669917,0.39283148923382094,0.3544830447194799
25997,LOF,0.10719777801354395,0.40404103307132816,0.488761188915128
25998,Neutral,0.4938982282369739,0.03081593213066161,0.47528583963236454
25999,LOF,0.09961698420044825,0.26716153644493423,0.6332214793546175
26000,LOF,0.05890020802709796,0.04604453236387555,0.8950552596090265
26001,LOF,0.15079265263473243,0.04743953912358866,0.8017678082416788
26002,LOF,0.09329497231245669,0.05368897900989372,0.8530160486776496
26003,GOF,0.011728287186307945,0.7040120051880122,0.28425970762567987
26004,GOF,0.025163608446567877,0.7400345766676087,0.23480181488582333
26005,GOF,0.011612874340471945,0.5483492170304951,0.44003790862903297
26006,Neutral,0.5096793368638379,0.35268490470686636,0.13763575842929568
26007,GOF,0.02088751691537349,0.6626190718917231,0.31649341119290336
26008,GOF,0.0168432879813641,0.6871688125942943,0.2959878994243416
26009,GOF,0.035086536045707016,0.7368527498673939,0.22806071408689912
26010,GOF,0.022711894554242898,0.7608592511899492,0.21642885425580782
26011,LOF,0.011380948615652465,0.4919225970046474,0.4966964543797003
26012,GOF,0.018910214725898905,0.6825432440159178,0.29854654125818325
26013,GOF,0.014091993360471726,0.7405740365005773,0.24533397013895106
26014,LOF,0.048079766623673255,0.17261437022248838,0.7793058631538383
26015,LOF,0.19477664550442944,0.00812529987011642,0.7970980546254541
26016,LOF,0.35162026997032003,0.02796949411749943,0.6204102359121806
26017,LOF,0.23949735461810134,0.03913973792834697,0.7213629074535517
26018,LOF,0.10658086346588454,0.024372455368201536,0.8690466811659139
26019,LOF,0.10370274538774595,0.017005212106250504,0.8792920425060036
26020,LOF,0.09082740518751092,0.04329966007214904,0.86587293474034
26021,LOF,0.08183799349460694,0.05631805202715719,0.8618439544782358
26022,LOF,0.015662871908648315,0.030933356762063473,0.9534037713292882
26023,LOF,0.1556431711954403,0.019118781090881068,0.8252380477136786
26024,LOF,0.04041468839766228,0.05612857895883192,0.9034567326435057
26025,LOF,0.17887517527918134,0.04277474516343847,0.7783500795573801
26026,LOF,0.3638112212143911,0.008744591476526736,0.6274441873090821
26027,LOF,0.10519274206913051,0.011815469421536353,0.8829917885093332
26028,LOF,0.22994997215979085,0.058736571000184964,0.7113134568400242
26029,LOF,0.10488874864925614,0.11958559651169749,0.7755256548390462
26030,LOF,0.035292559821578876,0.02630876660024009,0.9383986735781811
26031,LOF,0.03659641949290805,0.08248295766696692,0.8809206228401251
26032,LOF,0.08351196362606816,0.019695234174762506,0.8967928021991693
26033,LOF,0.12228881140334198,0.024434965546638293,0.8532762230500197
26034,LOF,0.06028983764003367,0.06988526615316781,0.8698248962067986
26035,LOF,0.04400404946084026,0.07513112826505071,0.8808648222741091
26036,LOF,0.05967319416208653,0.07347188035340674,0.8668549254845067
26037,LOF,0.03635955887569229,0.07594454766554411,0.8876958934587635
26038,LOF,0.08354623536981774,0.019352093567284685,0.8971016710628975
26039,LOF,0.0871429134142609,0.08017429278781012,0.832682793797929
26040,LOF,0.2339687312311814,0.033196406550334866,0.7328348622184837
26041,LOF,0.03699861880003055,0.07063875964337472,0.8923626215565947
26042,LOF,0.03643904230023845,0.06340730515408446,0.900153652545677
26043,LOF,0.08263056244927194,0.026717239237381164,0.8906521983133469
26044,LOF,0.04182494538977812,0.030685444080788396,0.9274896105294336
26045,LOF,0.12451742721734053,0.0505694547728717,0.8249131180097878
26046,LOF,0.09113262764292752,0.02865068106818881,0.8802166912888836
26047,LOF,0.12215036106995672,0.0364398411838144,0.8414097977462288
26048,LOF,0.06278307929641953,0.02939153219329695,0.9078253885102835
26049,Neutral,0.9424870360323896,0.0057121671390823825,0.051800796828528
26050,Neutral,0.9160720062980757,0.006043873867945267,0.07788411983397896
26051,GOF,0.03499155542160516,0.5373662906860449,0.42764215389235
26052,GOF,0.040070687213680886,0.6298557097031015,0.3300736030832176
26053,LOF,0.06485581078937012,0.3516260388145786,0.5835181503960514
26054,LOF,0.058410992721599324,0.059737101881292116,0.8818519053971087
26055,LOF,0.057645939645148296,0.05064249233318083,0.8917115680216708
26056,LOF,0.05086249538002941,0.06032001286744373,0.888817491752527
26057,LOF,0.027758595411376912,0.02794504371691873,0.9442963608717044
26058,LOF,0.027350938322396892,0.024140016738158618,0.9485090449394444
26059,LOF,0.3261133343523407,0.05868111516836227,0.615205550479297
26060,LOF,0.03959684184590776,0.30771852291118923,0.652684635242903
26061,LOF,0.02087662155545154,0.042737239760708826,0.9363861386838397
26062,LOF,0.017059658748320498,0.04628773922253232,0.9366526020291471
26063,LOF,0.022499200754509424,0.0323828468559298,0.9451179523895608
26064,LOF,0.026218507235269944,0.03724527044827602,0.936536222316454
26065,LOF,0.026237772223806126,0.028955489036425686,0.9448067387397681
26066,LOF,0.02026249846337431,0.0337673310488843,0.9459701704877413
26067,LOF,0.02307795584714205,0.024634947431116345,0.9522870967217416
26068,LOF,0.052658510963945915,0.06629359193299256,0.8810478971030615
26069,LOF,0.39544203645277765,0.06291365011196595,0.5416443134352563
26070,Neutral,0.5885217852868204,0.029181836921800337,0.38229637779137915
26071,LOF,0.02259980980327571,0.03274171943598893,0.9446584707607353
26072,LOF,0.02750544342872456,0.04718593661882397,0.9253086199524515
26073,LOF,0.025627510176914288,0.0257603508273635,0.9486121389957222
26074,Neutral,0.8836910012995548,0.012086866478246293,0.10422213222219881
26075,LOF,0.045739647107547264,0.05356694212160658,0.9006934107708462
26076,LOF,0.041729711054375035,0.022067595818578832,0.9362026931270462
26077,LOF,0.011882347046137776,0.05958029240149855,0.9285373605523637
26078,LOF,0.016296871244240688,0.03919440043932739,0.9445087283164318
26079,LOF,0.04895190444900182,0.05323381621635574,0.8978142793346425
26080,LOF,0.04895190444900182,0.05323381621635574,0.8978142793346425
26081,LOF,0.030276002374930305,0.021163008526321175,0.9485609890987486
26082,LOF,0.024981394128200274,0.04784748824042772,0.927171117631372
26083,LOF,0.11983215257314409,0.033607292936029355,0.8465605544908265
26084,LOF,0.025738596434571277,0.036935335516942926,0.9373260680484857
26085,LOF,0.02120625626683099,0.03259457857398879,0.9461991651591801
26086,LOF,0.021821533905672163,0.03617340628992013,0.9420050598044079
26087,LOF,0.02443148904164335,0.02981821848879242,0.9457502924695643
26088,LOF,0.02706602372756724,0.056803788550689696,0.916130187721743
26089,LOF,0.0430252611116998,0.056958374628727576,0.9000163642595725
26090,LOF,0.040685797812606894,0.05157381600825862,0.9077403861791346
26091,LOF,0.03709863235489032,0.020328185886084326,0.9425731817590254
26092,LOF,0.02768951931852501,0.023353623209035633,0.9489568574724394
26093,LOF,0.04045045373332675,0.016313198109396743,0.9432363481572766
26094,LOF,0.04136245269996107,0.01492468552369129,0.9437128617763476
26095,LOF,0.043303046186992766,0.0654028619641476,0.8912940918488597
26096,LOF,0.021784570378357283,0.03802991711747963,0.9401855125041632
26097,LOF,0.014034939064390389,0.10396007964853064,0.8820049812870789
26098,LOF,0.06298462752769528,0.03365756953006509,0.9033578029422397
26099,LOF,0.023075395304186314,0.04338769323122909,0.9335369114645845
26100,LOF,0.023788161085156044,0.042500545857578065,0.9337112930572659
26101,LOF,0.05381526232737349,0.0418265740578536,0.904358163614773
26102,LOF,0.024607481085980046,0.03272012815122312,0.9426723907627969
26103,Neutral,0.8672415107433167,0.050271078871830854,0.08248741038485252
26104,LOF,0.048258161035466714,0.0953725452878124,0.8563692936767208
26105,LOF,0.3392877005205711,0.19154703206310064,0.4691652674163281
26106,LOF,0.13970616740649316,0.12389844975835648,0.7363953828351504
26107,LOF,0.2716029876712965,0.10655337622407544,0.621843636104628
26108,LOF,0.17075390726496265,0.13349809988309863,0.6957479928519387
26109,LOF,0.06943632075449047,0.10893589586476478,0.8216277833807448
26110,LOF,0.22494501113252088,0.06761106660813282,0.7074439222593463
26111,Neutral,0.4890128906047341,0.03425306625195223,0.4767340431433138
26112,LOF,0.04086606386698962,0.027746029940635755,0.9313879061923747
26113,LOF,0.056170959648785504,0.06694884984154412,0.8768801905096705
26114,LOF,0.023537987324622207,0.03666047711970128,0.9398015355556765
26115,LOF,0.11407179562764808,0.051772914294819145,0.8341552900775329
26116,LOF,0.05867919308874575,0.05115798215637964,0.8901628247548746
26117,LOF,0.24105851626200003,0.11915389077196258,0.6397875929660373
26118,LOF,0.03742972590966639,0.0494284893223597,0.9131417847679739
26119,LOF,0.023527255582881892,0.1412349874659828,0.8352377569511354
26120,LOF,0.028646448271195238,0.05377516600717141,0.9175783857216333
26121,LOF,0.049579035909710995,0.15096312589961297,0.7994578381906761
26122,LOF,0.06193058971184605,0.11768052556579156,0.8203888847223624
