feature0,prediction,LoGoFunc_Neutral,LoGoFunc_GOF,LoGoFunc_LOF
25546,Neutral,0.5331168056521998,0.22249276608581875,0.24439042826198157
25547,Neutral,0.43775115476946164,0.2719432245203901,0.29030562071014837
25548,LOF,0.33826385374330087,0.25748076339637105,0.4042553828603281
25549,LOF,0.30963969296680494,0.27418359487387156,0.4161767121593235
25550,LOF,0.2791935273563368,0.2631782000896445,0.4576282725540187
25551,LOF,0.21104243000942577,0.2726421598793609,0.5163154101112134
25552,LOF,0.19901080901858273,0.2687233941260369,0.5322657968553803
25553,Neutral,0.6994624865991204,0.1205360135079351,0.18000149989294445
25554,LOF,0.24841475303872393,0.21344529213691296,0.5381399548243632
25555,LOF,0.17667551168702864,0.23610366935632587,0.5872208189566455
25556,LOF,0.32690431707355755,0.1917993037775083,0.4812963791489342
25557,LOF,0.1994231186386308,0.23313866147115972,0.5674382198902095
25558,LOF,0.25564950453869073,0.30222034236735584,0.4421301530939535
25559,LOF,0.29255108305759836,0.06188748386527042,0.6455614330771312
25560,LOF,0.04324583227053109,0.3316126361422159,0.6251415315872529
25561,LOF,0.0304749687256406,0.3488704214317422,0.6206546098426172
25562,LOF,0.030680708342224406,0.13484997473872268,0.8344693169190529
25563,LOF,0.006918092137065355,0.2107763250926842,0.7823055827702504
25564,LOF,0.06460235004334382,0.056008495590913816,0.8793891543657424
25565,LOF,0.14379702045887727,0.14107197100387997,0.7151310085372428
25566,GOF,0.03959436970133881,0.6286257432998188,0.33177988699884237
25567,LOF,0.04898567198190633,0.028716560998369615,0.922297767019724
25568,LOF,0.048619900863527146,0.04276972879523085,0.9086103703412419
25569,LOF,0.06377914989229874,0.03132875336993889,0.9048920967377624
25570,LOF,0.0643259375956007,0.03421445197610574,0.9014596104282937
25571,LOF,0.06088937849298715,0.030685321018825814,0.9084253004881869
25572,LOF,0.0789816379292117,0.018934099425296235,0.9020842626454921
25573,LOF,0.06907581189654091,0.04592846720491453,0.8849957208985446
25574,LOF,0.1696946915912985,0.10122844432028112,0.7290768640884203
25575,LOF,0.06690112259701828,0.03543708958936525,0.8976617878136164
25576,LOF,0.03741307447105224,0.03120803326139867,0.931378892267549
25577,LOF,0.04892338679925688,0.02127725586661727,0.9297993573341258
25578,LOF,0.2679064917310665,0.07301490480184987,0.6590786034670837
25579,LOF,0.2604794360787344,0.06988484298572632,0.6696357209355392
25580,LOF,0.06392365704092205,0.029074511265645298,0.9070018316934327
25581,LOF,0.030001169213994643,0.0697872449454531,0.9002115858405524
25582,LOF,0.030001169213994643,0.0697872449454531,0.9002115858405524
25583,LOF,0.06089774075586918,0.03513135663901616,0.9039709026051147
25584,Neutral,0.7448078652039665,0.012321679728983037,0.2428704550670506
25585,LOF,0.04537238657119977,0.038219709788427585,0.9164079036403727
25586,LOF,0.06350259748561683,0.027285962741001583,0.9092114397733815
25587,LOF,0.06035201111042385,0.03146145015394818,0.9081865387356279
25588,LOF,0.05918947376498509,0.025452861062150927,0.915357665172864
25589,Neutral,0.7200386562388916,0.03629556111862274,0.24366578264248553
25590,LOF,0.07581641694842751,0.03298955223104711,0.8911940308205254
25591,LOF,0.09629730202288059,0.020643566816211607,0.883059131160908
25592,LOF,0.1980249269120272,0.07972250998640328,0.7222525631015696
25593,LOF,0.25910254826826445,0.20742347580839546,0.53347397592334
25594,LOF,0.02878518004778297,0.06897959334222657,0.9022352266099904
25595,LOF,0.03677471327421457,0.060664840323563105,0.9025604464022223
25596,LOF,0.1496230633410986,0.024275077551398058,0.8261018591075033
25597,LOF,0.14794152245567885,0.013067158822760376,0.8389913187215607
25598,LOF,0.04340034500732716,0.06567900693983769,0.8909206480528351
25599,GOF,0.02209230033614062,0.6698478968547715,0.3080598028090879
25600,GOF,0.1068044532598916,0.5974123726506493,0.29578317408945914
25601,LOF,0.052909953252144634,0.2894944027563298,0.6575956439915255
25602,LOF,0.10423707634404061,0.019901531684533826,0.8758613919714257
25603,LOF,0.07639234051322698,0.03195256836228212,0.8916550911244909
25604,LOF,0.11882888960072245,0.08630546013359397,0.7948656502656836
25605,LOF,0.21602912193940596,0.06083164110546253,0.7231392369551315
25606,Neutral,0.5976121731911498,0.06027137425263123,0.34211645255621903
25607,LOF,0.057684327741768855,0.07206752141723304,0.870248150840998
25608,LOF,0.03815400913060755,0.1384174841162703,0.8234285067531222
25609,GOF,0.13315428683909825,0.6789280809574336,0.18791763220346808
25610,LOF,0.0280598984128373,0.07465138513378897,0.8972887164533738
25611,LOF,0.02928519114578456,0.07292105808993693,0.8977937507642786
25612,LOF,0.04413632729738721,0.06951324003355976,0.886350432669053
25613,LOF,0.040795175356273944,0.07052788294533444,0.8886769416983916
25614,LOF,0.03757243924516485,0.12337973627787513,0.8390478244769601
25615,LOF,0.05592219213483408,0.11926745684668644,0.8248103510184794
25616,LOF,0.026733236978678514,0.11077581838655906,0.8624909446347624
25617,LOF,0.025960555437262504,0.12178740368089074,0.8522520408818468
25618,LOF,0.16735625983071892,0.3919429177266936,0.44070082244258735
25619,LOF,0.03344566325701245,0.23380148760043748,0.7327528491425501
25620,LOF,0.026624681540889712,0.11663459724899701,0.8567407212101132
25621,LOF,0.08876790995420888,0.09249556473639352,0.8187365253093976
25622,LOF,0.07085307123877793,0.10731401959874985,0.8218329091624721
25623,LOF,0.08409410100925521,0.06588432569922636,0.8500215732915184
25624,LOF,0.032814876802865586,0.17765656523397452,0.7895285579631599
25625,LOF,0.06434536620890575,0.09465740022872726,0.8409972335623671
25626,LOF,0.034850972966128525,0.07641058276757846,0.8887384442662931
25627,Neutral,0.8280527975957649,0.045312581231304674,0.12663462117293042
25628,LOF,0.1387255527322039,0.11519114606484264,0.7460833012029535
25629,LOF,0.026576462147360636,0.12419129692828572,0.8492322409243536
25630,LOF,0.31043624377601425,0.06387873451722552,0.6256850217067602
25631,LOF,0.3689093026560419,0.0876027277247008,0.5434879696192573
25632,LOF,0.025641313461258437,0.07942299077374014,0.8949356957650014
25633,LOF,0.1509656382836532,0.0966835522550847,0.7523508094612621
25634,LOF,0.03657171525894706,0.051214082398095315,0.9122142023429576
25635,LOF,0.04084342544797271,0.06088610456369958,0.8982704699883276
25636,GOF,0.023572995665341986,0.5651679192997728,0.41125908503488523
25637,GOF,0.019569446708232966,0.5493428252217127,0.43108772807005435
25638,GOF,0.009814126405130463,0.6335955957908675,0.35659027780400193
25639,LOF,0.02762918672588642,0.41096269515283357,0.56140811812128
25640,Neutral,0.7962642192020398,0.16389935807153155,0.03983642272642856
25641,LOF,0.05833166968000772,0.4016457485482264,0.5400225817717659
25642,LOF,0.0447120891382021,0.3420561204955208,0.6132317903662771
25643,GOF,0.31378427089055755,0.4361885847903032,0.25002714431913925
25644,LOF,0.014620782511236276,0.2716846685355651,0.7136945489531986
25645,LOF,0.01228498370983825,0.2615120918433442,0.7262029244468176
25646,LOF,0.02331273406017512,0.17162747562697878,0.805059790312846
25647,LOF,0.015025739016372577,0.10900743699198975,0.8759668239916377
25648,LOF,0.020130223000675174,0.16907690730671793,0.810792869692607
25649,LOF,0.011942713066775927,0.08773944911887596,0.9003178378143482
25650,LOF,0.0486995664609164,0.1873647673601577,0.7639356661789259
25651,LOF,0.015814886575026867,0.10576235968478655,0.8784227537401866
25652,LOF,0.01212231936380083,0.22467724693595062,0.7632004337002485
25653,LOF,0.036002712155352695,0.267400755716143,0.6965965321285044
25654,LOF,0.009952385237666462,0.24973105085431246,0.7403165639080211
25655,LOF,0.09710790435084742,0.2653143085339305,0.6375777871152222
25656,LOF,0.11140799156730141,0.2882651807823447,0.600326827650354
25657,LOF,0.04153372526454634,0.378011723119971,0.5804545516154828
25658,GOF,0.09549047984827909,0.45632240650856587,0.4481871136431551
25659,GOF,0.1997430981608444,0.5922505732124492,0.20800632862670623
25660,LOF,0.04132355847764307,0.233124334132068,0.725552107390289
25661,LOF,0.031005400600274565,0.24502514693256192,0.7239694524671636
25662,LOF,0.026735336516867533,0.08923868693583165,0.8840259765473008
25663,LOF,0.029413439413946384,0.0651611924639592,0.9054253681220943
25664,LOF,0.06822777431051498,0.19134662339860384,0.7404256022908811
25665,LOF,0.030895776248469092,0.06605035959105832,0.9030538641604726
25666,LOF,0.06689173581631887,0.11091363482808753,0.8221946293555936
25667,LOF,0.027178868121285647,0.13001592526806302,0.8428052066106513
25668,LOF,0.03027255674586113,0.14692278507171108,0.8228046581824278
25669,LOF,0.02540045903376581,0.1574463579295788,0.8171531830366553
25670,LOF,0.11073327342956862,0.09089237315362968,0.7983743534168016
25671,LOF,0.031968412323270384,0.058281457854612584,0.909750129822117
25672,LOF,0.021417702357459777,0.10657336796350282,0.8720089296790373
25673,LOF,0.07395778984495234,0.09964743911719005,0.8263947710378576
25674,LOF,0.06491743752763389,0.10042587482425021,0.834656687648116
25675,LOF,0.06321659642064553,0.09938106639375056,0.837402337185604
25676,LOF,0.02679048239166688,0.09230997988920603,0.8808995377191271
25677,LOF,0.03572840920389777,0.15981827069758495,0.8044533200985172
25678,LOF,0.07436722068903374,0.1100509474251846,0.8155818318857817
25679,LOF,0.11822315734255696,0.09378611249426047,0.7879907301631826
25680,LOF,0.04471133202950313,0.19524283454389904,0.7600458334265977
25681,LOF,0.04436322185837727,0.21259685281952748,0.7430399253220952
25682,LOF,0.029151963605416345,0.12165961375419741,0.8491884226403862
25683,LOF,0.10934776442756831,0.04447093742923961,0.846181298143192
25684,LOF,0.027582880044806912,0.1268109855929258,0.8456061343622673
25685,LOF,0.0391041906149364,0.4490914983833429,0.5118043110017207
25686,LOF,0.02450023883683882,0.3950042421260937,0.5804955190370674
25687,GOF,0.048299332747993175,0.5452877514197212,0.4064129158322856
25688,LOF,0.3425899973755457,0.0473213560824215,0.6100886465420329
25689,LOF,0.15968492630127207,0.04412424801542682,0.796190825683301
25690,LOF,0.2266966234311452,0.0652830361854883,0.7080203403833665
25691,Neutral,0.6699997089904673,0.06655907726842811,0.26344121374110446
25692,LOF,0.17030309394036222,0.016052861417989298,0.8136440446416484
25693,GOF,0.061906683632191456,0.6480527172432871,0.2900405991245215
25694,LOF,0.1380219223489576,0.029737093477179892,0.8322409841738625
25695,LOF,0.11567026903692114,0.01906718712305705,0.8652625438400219
25696,LOF,0.11158400465757064,0.041506095934521446,0.8469098994079078
25697,LOF,0.06567862588746011,0.14887954347764118,0.7854418306348987
25698,LOF,0.196578923149736,0.22964304807612848,0.5737780287741355
25699,GOF,0.21837391845491125,0.4578032134645794,0.3238228680805094
25700,LOF,0.0441725704349866,0.068305580659787,0.8875218489052263
25701,LOF,0.16025475529830707,0.2272576911978046,0.6124875535038883
25702,GOF,0.2270910411936223,0.6562840990973076,0.11662485970907022
25703,LOF,0.02553751551843392,0.363916891063491,0.610545593418075
25704,LOF,0.034665806082104886,0.3871761275883408,0.5781580663295544
25705,LOF,0.03156743934289063,0.4093633899663884,0.559069170690721
25706,GOF,0.11774097227884289,0.7183292313704368,0.16392979635072033
25707,GOF,0.09616213769328812,0.6532666105973585,0.25057125170935346
25708,GOF,0.03171542038203061,0.6236644251973356,0.3446201544206339
25709,LOF,0.023672348218542315,0.3883115301883641,0.5880161215930935
25710,LOF,0.014980264960500771,0.2445137672851696,0.7405059677543296
25711,LOF,0.024401680312338456,0.4107507677995443,0.5648475518881173
25712,LOF,0.015399739059666814,0.3248462546155122,0.659754006324821
25713,LOF,0.024760918836586113,0.4092192015171024,0.5660198796463115
25714,LOF,0.03064147384601284,0.3996699366704471,0.5696885894835401
25715,LOF,0.02549297891551754,0.42870182329071255,0.54580519779377
25716,LOF,0.015661003762401992,0.13714263744589608,0.8471963587917019
25717,LOF,0.014347286776156844,0.16339495095086626,0.8222577622729768
25718,LOF,0.020169539470788644,0.25534977506930406,0.7244806854599073
25719,LOF,0.023735894151888034,0.4193002078014925,0.5569638980466194
25720,LOF,0.026586825642764902,0.32102724474189026,0.6523859296153449
25721,LOF,0.023764385162361058,0.3917644448735712,0.5844711699640678
25722,LOF,0.024038807601466653,0.3885643014225951,0.5873968909759382
25723,LOF,0.023952459879103234,0.42412694937847245,0.5519205907424243
25724,LOF,0.05369802085144186,0.46920000828848946,0.47710197086006867
25725,LOF,0.023604902661518656,0.39801487316423206,0.5783802241742494
25726,LOF,0.023564098368342928,0.4284614658255043,0.5479744358061529
25727,LOF,0.02353156024724198,0.43059452562436856,0.5458739141283895
25728,LOF,0.023302439240886028,0.4318442842769052,0.5448532764822088
25729,LOF,0.023507181875663374,0.42831961411746106,0.5481732040068756
25730,LOF,0.02362806085827146,0.4274444201600946,0.5489275189816339
25731,LOF,0.01484006353441638,0.20432811737627848,0.780831819089305
25732,LOF,0.02166745844441336,0.21666164991764703,0.7616708916379398
25733,LOF,0.019711631034327236,0.24786981704456687,0.7324185519211058
25734,LOF,0.016561029536055587,0.2779034286527974,0.7055355418111471
25735,LOF,0.020487615750832428,0.2643435044082028,0.7151688798409648
25736,LOF,0.019533889692933102,0.26316803434815095,0.717298075958916
25737,LOF,0.023665252871458382,0.40406817421017466,0.5722665729183669
25738,LOF,0.023728973140923693,0.41542946571831024,0.5608415611407661
25739,LOF,0.023833524729328436,0.4077777878028471,0.5683886874678244
25740,LOF,0.032410375359576415,0.3563463144158742,0.6112433102245494
25741,LOF,0.03092366653997867,0.37331473673018867,0.5957615967298328
25742,LOF,0.03351101970852724,0.3388357161945885,0.6276532640968843
25743,LOF,0.03801981909226996,0.04183678055062153,0.9201434003571085
25744,Neutral,0.5656175989150132,0.18112816191005726,0.25325423917492956
25745,LOF,0.03917676204932259,0.09724925022169761,0.8635739877289798
25746,LOF,0.020640746883227784,0.1503451857540753,0.8290140673626969
25747,LOF,0.026243812760435036,0.09289465109687305,0.8808615361426919
25748,LOF,0.15920073090013298,0.11286435854166026,0.7279349105582068
25749,LOF,0.022856476364769705,0.137894208467295,0.8392493151679353
25750,LOF,0.025668255978286644,0.12170432281178974,0.8526274212099236
25751,LOF,0.033590486773048475,0.35076784370821157,0.61564166951874
25752,GOF,0.04987283380206238,0.7268094690303754,0.22331769716756228
25753,GOF,0.01358130108073659,0.4933913774918414,0.493027321427422
25754,GOF,0.017153794418292873,0.8030282332306315,0.17981797235107552
25755,LOF,0.0212161769378712,0.36950684548405877,0.6092769775780701
25756,GOF,0.030106839275312016,0.49658562890397356,0.4733075318207145
25757,GOF,0.013994160193464715,0.8100083727222791,0.17599746708425598
25758,GOF,0.023621163678315665,0.8402322673607278,0.1361465689609565
25759,GOF,0.016145562437039747,0.6794769412450833,0.3043774963178769
25760,LOF,0.017792639329963625,0.3983707479659829,0.5838366127040535
25761,GOF,0.18886902090700952,0.7377067442576737,0.07342423483531671
25762,LOF,0.03393061125809946,0.4632840344873207,0.5027853542545798
25763,LOF,0.021652685668614294,0.34007810902496105,0.6382692053064246
25764,GOF,0.056922375167191,0.807811115561554,0.13526650927125497
25765,GOF,0.020637990295548685,0.8241280760075415,0.15523393369690983
25766,GOF,0.06234978173718492,0.8124463323096087,0.12520388595320636
25767,GOF,0.06251750064240551,0.8714860414972809,0.06599645786031365
25768,LOF,0.04218440424962036,0.22237685985149855,0.7354387358988811
25769,LOF,0.023218050001923153,0.2658233318134523,0.7109586181846245
25770,LOF,0.29775146284123527,0.07841371317561123,0.6238348239831535
25771,LOF,0.07094547000444464,0.029622950141319347,0.899431579854236
25772,LOF,0.027550569178377626,0.15195400081270055,0.8204954300089218
25773,LOF,0.06825760887955387,0.04721400875723277,0.8845283823632133
25774,LOF,0.0178121770612565,0.16684841603362882,0.8153394069051147
25775,LOF,0.08538596869975498,0.032140640937434316,0.8824733903628106
25776,LOF,0.03323245292216253,0.09080114509479387,0.8759664019830435
25777,LOF,0.31374377371035256,0.06037596833062071,0.6258802579590267
25778,LOF,0.02632225805343641,0.2046618656982027,0.769015876248361
25779,GOF,0.42062132195722984,0.5180923019007853,0.061286376141984816
25780,GOF,0.40106308937106216,0.46278800421527494,0.13614890641366306
25781,GOF,0.12502340832377537,0.7215294554005786,0.1534471362756461
25782,GOF,0.17299037104868226,0.7317096013990096,0.09530002755230818
25783,GOF,0.02884426177406535,0.7707319234545692,0.20042381477136542
25784,Neutral,0.6048957731124446,0.3525831125833376,0.042521114304217726
25785,Neutral,0.6472511563440742,0.2486994651988487,0.10404937845707711
25786,GOF,0.01992069585322938,0.8058437041086115,0.17423560003815924
25787,Neutral,0.8485194715718158,0.10637088630580177,0.04510964212238242
25788,LOF,0.0284121008588198,0.05030254055556837,0.9212853585856118
25789,GOF,0.19649327107740228,0.6343123187179351,0.16919441020466267
25790,GOF,0.12663922663286048,0.7039222691084925,0.16943850425864704
25791,GOF,0.11979398721264602,0.5324659341684351,0.347740078618919
25792,GOF,0.3579066874671359,0.38585408971411944,0.2562392228187448
25793,GOF,0.35188082925289044,0.5328040710311184,0.11531509971599115
25794,GOF,0.2029487254497495,0.5061761445595153,0.29087512999073517
25795,GOF,0.051574810449182315,0.6998866270461485,0.24853856250466907
25796,Neutral,0.43726960083974786,0.285954378528883,0.276776020631369
25797,GOF,0.07583037378109571,0.5711046333770656,0.35306499284183873
25798,GOF,0.013961477103842527,0.5380299880132418,0.44800853488291564
25799,GOF,0.011628891546510159,0.5014707432368034,0.4869003652166865
25800,GOF,0.037341747876508784,0.7235127784744146,0.23914547364907657
25801,GOF,0.2186392660896883,0.639497114394655,0.1418636195156568
25802,GOF,0.06486984949704572,0.5954677682531038,0.33966238224985057
25803,GOF,0.06667253663270205,0.6313568468495077,0.3019706165177904
25804,GOF,0.038071205657871476,0.5848539792429042,0.3770748150992243
25805,GOF,0.09783065643470773,0.711167830850792,0.19100151271450028
25806,GOF,0.12335463766669828,0.6022761416149499,0.2743692207183519
25807,GOF,0.018363371883732243,0.6259893820635224,0.3556472460527453
25808,GOF,0.07953179617343056,0.6423338873295718,0.2781343164969976
25809,GOF,0.01613602330780769,0.5199607724196337,0.46390320427255854
25810,GOF,0.018224928014435236,0.5624715136614229,0.41930355832414185
25811,Neutral,0.5372227689193405,0.3754769911677206,0.08730023991293888
25812,LOF,0.06259421888388483,0.44803011679771443,0.4893756643184007
25813,Neutral,0.6851661474976674,0.13136911037271964,0.18346474212961303
25814,GOF,0.1771924158034966,0.5146832276396823,0.308124356556821
25815,GOF,0.27982162973042013,0.48511322812121793,0.23506514214836197
25816,GOF,0.029551561249764626,0.7450048592047422,0.22544357954549313
25817,GOF,0.14695516834529665,0.6281285720822277,0.22491625957247569
25818,GOF,0.05918104400531318,0.5743865243446926,0.36643243164999423
25819,GOF,0.28548704469208563,0.4940856645788373,0.2204272907290771
25820,GOF,0.17519342722445244,0.550461135713933,0.2743454370616145
25821,GOF,0.05877751399716129,0.6247347363876935,0.31648774961514514
25822,GOF,0.2035924945536211,0.5475990088900664,0.24880849655631246
25823,GOF,0.04481851831529923,0.6045899493261827,0.35059153235851803
25824,GOF,0.11612329371881053,0.4970914963288098,0.3867852099523796
25825,GOF,0.04417872876750856,0.5090645271570818,0.44675674407540955
25826,GOF,0.014030002339590647,0.6144165845389044,0.37155341312150497
25827,GOF,0.020154005020759008,0.7069626836243454,0.27288331135489563
25828,GOF,0.014467850401987647,0.6745486461123066,0.3109835034857057
25829,GOF,0.009691198333228438,0.535579386919908,0.45472941474686357
25830,LOF,0.07301222537393608,0.08623112799525513,0.8407566466308088
25831,GOF,0.10923592029801175,0.779803515403435,0.11096056429855333
25832,GOF,0.03686991898099471,0.6796778371760845,0.28345224384292084
25833,GOF,0.13395303168929118,0.6753029911862426,0.19074397712446625
25834,GOF,0.05174671616252387,0.6974236429730986,0.2508296408643775
25835,GOF,0.10370121232909096,0.7143597939543928,0.18193899371651642
25836,GOF,0.05099933772823599,0.6950970054145542,0.25390365685720984
25837,GOF,0.02554248677439481,0.6107450869360176,0.36371242628958766
25838,GOF,0.11261626186231552,0.6900385827663411,0.19734515537134345
25839,GOF,0.28786662474883845,0.5518844497361964,0.160248925514965
25840,GOF,0.14894803816708968,0.6781919510042063,0.172860010828704
25841,GOF,0.15685795011088716,0.6635368416409059,0.17960520824820705
25842,GOF,0.3005805139172048,0.47437062779019606,0.22504885829259905
25843,GOF,0.26283510794461395,0.5703641766776413,0.16680071537774474
25844,GOF,0.10860839954851162,0.4945648646929893,0.396826735758499
25845,GOF,0.026082319603814137,0.5671347800550567,0.40678290034112924
25846,GOF,0.08333113779269044,0.736336070200278,0.1803327920070316
25847,GOF,0.13519905058346784,0.7035298354842942,0.16127111393223784
25848,GOF,0.06570238663899776,0.6872047812013456,0.24709283215965663
25849,GOF,0.01309901510332716,0.6057221987229736,0.3811787861736992
25850,GOF,0.02298595453638932,0.7040568903943352,0.27295715506927565
25851,GOF,0.01639092182687691,0.6038108005124865,0.3797982776606367
25852,GOF,0.10745975332813737,0.5888349694290224,0.3037052772428404
25853,GOF,0.27966359459573736,0.5363643040283064,0.18397210137595638
25854,GOF,0.012537718400657625,0.6376749583524035,0.34978732324693895
25855,GOF,0.04545488582467068,0.4856427721510755,0.4689023420242539
25856,GOF,0.2279804655571278,0.4665759977329734,0.30544353670989877
25857,GOF,0.04543748736339244,0.5701981893756355,0.384364323260972
25858,GOF,0.02296503532771649,0.7206970757761567,0.2563378888961267
25859,GOF,0.012338767175875133,0.6756765186288684,0.3119847141952565
25860,GOF,0.31854302544077073,0.4885517085788216,0.1929052659804077
25861,GOF,0.19076895716544476,0.7110042451652501,0.09822679766930531
25862,GOF,0.1067433077610282,0.740879113515607,0.15237757872336474
25863,GOF,0.11672984316146479,0.7261331529363332,0.15713700390220217
25864,GOF,0.18440400820387406,0.7034766965911804,0.11211929520494548
25865,GOF,0.06569320186401237,0.8154055484336707,0.11890124970231683
25866,GOF,0.07464260014309683,0.7821955418257337,0.14316185803116946
25867,GOF,0.09571179965916561,0.7873384314034475,0.11694976893738687
25868,GOF,0.16170487548927948,0.6446141372955252,0.19368098721519528
25869,Neutral,0.7035421277330318,0.22447266667689292,0.0719852055900753
25870,LOF,0.12077895375153777,0.060533427652151896,0.8186876185963102
25871,GOF,0.07972649044582575,0.5943508453492322,0.325922664204942
25872,GOF,0.1745517539828758,0.5514166958874206,0.27403155012970354
25873,GOF,0.16464249149846535,0.6195045702228239,0.21585293827871074
25874,LOF,0.03046503198965699,0.048858436233515774,0.9206765317768273
25875,LOF,0.10261975441223863,0.23777086138170916,0.6596093842060523
25876,LOF,0.027826833511079875,0.10347727194157882,0.8686958945473413
25877,Neutral,0.4167214833842503,0.19916551897411822,0.38411299764163154
25878,LOF,0.16572837109723473,0.4003673668552063,0.4339042620475589
25879,LOF,0.08261707494928992,0.3772099885848102,0.5401729364658998
25880,LOF,0.02775908242660279,0.09107366331851685,0.8811672542548804
25881,LOF,0.3798771857215903,0.1375909124979059,0.4825319017805038
25882,LOF,0.09648885195419,0.028629067294638745,0.8748820807511712
25883,LOF,0.07388703803821017,0.044322124113088474,0.8817908378487013
25884,LOF,0.09146026084766049,0.04092336559703494,0.8676163735553046
25885,LOF,0.09804427806584029,0.027018283983787233,0.8749374379503726
25886,LOF,0.2184802349462025,0.14002791116328736,0.6414918538905101
25887,LOF,0.3764429397355815,0.09268176150283122,0.5308752987615873
25888,LOF,0.1715325317586431,0.08696076136965013,0.7415067068717068
25889,LOF,0.09266267722507546,0.03704630819257636,0.8702910145823483
25890,LOF,0.059006129969417204,0.09415556263715597,0.8468383073934268
25891,LOF,0.06432976160127389,0.027688204157075805,0.9079820342416504
25892,LOF,0.08661132961693198,0.06529880502637875,0.8480898653566894
25893,LOF,0.2991163741018097,0.061080149448622695,0.6398034764495676
25894,LOF,0.14501057855216634,0.018598143726804177,0.8363912777210295
25895,LOF,0.16025204779549948,0.015796494206339225,0.8239514579981612
25896,LOF,0.04370449748930103,0.018559803300201683,0.9377356992104973
25897,LOF,0.15754813682375754,0.05125815246268895,0.7911937107135534
25898,Neutral,0.6325507503358487,0.03839500801019769,0.3290542416539536
25899,LOF,0.21041441451963702,0.17060318202693697,0.618982403453426
25900,Neutral,0.7699781171355052,0.029932945252850233,0.2000889376116447
25901,LOF,0.07661149804920041,0.03609700303872174,0.8872914989120779
25902,LOF,0.11298912040863161,0.03638027573671378,0.8506306038546545
25903,Neutral,0.52210424553179,0.0781859188911613,0.3997098355770487
25904,LOF,0.2828984182617204,0.08007151423894736,0.6370300674993322
25905,LOF,0.015811846073243045,0.4060865656521731,0.5781015882745838
25906,LOF,0.024939861596373566,0.04536224240563123,0.9296978959979952
25907,LOF,0.01112155954262961,0.30475724682136257,0.6841211936360078
25908,LOF,0.015285397822202963,0.1797499470464156,0.8049646551313815
25909,LOF,0.02736193842626476,0.1432316725551403,0.829406389018595
25910,GOF,0.012736510054762137,0.5042533511741395,0.48301013877109833
25911,LOF,0.07390861470243149,0.03468028519903819,0.8914111000985304
25912,LOF,0.02770243243634983,0.10405203824396089,0.8682455293196892
25913,LOF,0.19805171462633506,0.02392337747868391,0.7780249078949809
25914,LOF,0.05354222472648223,0.17479952634668378,0.771658248926834
25915,Neutral,0.5116390097029635,0.3242880766281541,0.1640729136688824
25916,GOF,0.03825673717234913,0.7062455964324336,0.2554976663952172
25917,LOF,0.030689896304277223,0.12092096457741495,0.8483891391183078
25918,LOF,0.050191446485629766,0.07978813798496834,0.8700204155294018
25919,LOF,0.05162550598481088,0.05201578202134081,0.8963587119938483
25920,GOF,0.24275784541470344,0.6379992683931253,0.11924288619217133
25921,LOF,0.057957818116318074,0.04591783066826028,0.8961243512154217
25922,LOF,0.053256081969512904,0.04443988633385832,0.9023040316966287
25923,LOF,0.21949377806112258,0.1413503473923368,0.6391558745465405
25924,LOF,0.07124811000489543,0.017197485257050758,0.9115544047380537
25925,LOF,0.05484614371619848,0.04764743794661549,0.897506418337186
25926,LOF,0.034760903871952895,0.040102254031541676,0.9251368420965054
25927,LOF,0.10335499055978602,0.11055958830386907,0.7860854211363449
25928,LOF,0.045873386050104166,0.016716894471934692,0.9374097194779613
25929,LOF,0.336670426093989,0.13069159604728986,0.5326379778587211
25930,LOF,0.07319690878230373,0.04206202344046674,0.8847410677772296
25931,LOF,0.0426353474272959,0.017234756009527424,0.9401298965631767
25932,LOF,0.0802504003847815,0.03255425589620834,0.8871953437190102
25933,LOF,0.08342262157255212,0.02788972766641083,0.8886876507610371
25934,LOF,0.07762508359668809,0.04095692273985272,0.8814179936634593
25935,LOF,0.040554588983691846,0.04437256946803708,0.9150728415482711
25936,LOF,0.08376441356454914,0.027207430870720934,0.8890281555647299
25937,LOF,0.06793152627636666,0.031584235508659596,0.9004842382149737
25938,LOF,0.057217950371692486,0.09915988819981483,0.8436221614284928
25939,LOF,0.06397309213280393,0.04771106637863456,0.8883158414885616
25940,GOF,0.022436094850826392,0.5521043632172214,0.4254595419319522
25941,LOF,0.23480572239501205,0.05993267912033114,0.7052615984846569
25942,LOF,0.03495782798999289,0.009226091927003056,0.955816080083004
25943,LOF,0.4012400351619501,0.032470965073112965,0.5662889997649369
25944,Neutral,0.4942012765742095,0.029548119030107307,0.4762506043956833
25945,LOF,0.18282468675480681,0.1395286341752804,0.6776466790699128
25946,LOF,0.015114495271728406,0.20213712547637336,0.7827483792518982
25947,LOF,0.09671765332263316,0.2375859131591677,0.6656964335181992
25948,LOF,0.4005951160404161,0.009322659355533598,0.5900822246040504
25949,LOF,0.14484537066327208,0.015350590925560416,0.8398040384111675
25950,GOF,0.3537991173919212,0.4160670118755079,0.2301338707325709
25951,LOF,0.22061136593686442,0.3071485537468801,0.47224008031625553
25952,GOF,0.039447514378479764,0.6039217674313974,0.3566307181901229
25953,LOF,0.11546953502840862,0.3428499834734508,0.5416804814981406
25954,Neutral,0.4539526186223582,0.38083332325736674,0.16521405812027512
25955,LOF,0.05731650118626009,0.24739169947654654,0.6952917993371934
25956,LOF,0.12149735935041807,0.21598053167400766,0.6625221089755742
25957,LOF,0.03686515886342248,0.03216576012368566,0.9309690810128918
25958,LOF,0.08247656133754896,0.036797045020914576,0.8807263936415365
25959,LOF,0.14310812032641335,0.3858532838270041,0.4710385958465826
25960,LOF,0.02870558050083322,0.07645780233524131,0.8948366171639255
25961,LOF,0.07168002309030601,0.08545908239437709,0.8428608945153169
25962,LOF,0.04833219045548733,0.08022281992914693,0.8714449896153658
25963,LOF,0.040504238116376275,0.17277829537274564,0.786717466510878
25964,LOF,0.07270489108587574,0.13248860198169718,0.7948065069324272
25965,Neutral,0.48950926112422605,0.10949920973935649,0.4009915291364176
25966,LOF,0.19999951316495543,0.3396803629310381,0.4603201239040066
25967,LOF,0.02575030567535112,0.14303192266910952,0.8312177716555393
25968,LOF,0.054442291985223205,0.39350338942234336,0.5520543185924334
25969,LOF,0.023313266498863745,0.0898963086145434,0.8867904248865929
25970,LOF,0.04330910300654286,0.047304623524705734,0.9093862734687513
25971,LOF,0.08715474784693152,0.05562716189142183,0.8572180902616466
25972,LOF,0.11416365875096837,0.05525424534909765,0.8305820958999339
25973,LOF,0.1461371115119226,0.012648835323965015,0.8412140531641125
25974,Neutral,0.48564575084129313,0.04718102876494601,0.467173220393761
25975,LOF,0.07061834832732701,0.041332277943237516,0.8880493737294356
25976,LOF,0.03691876985813192,0.05412961682318725,0.9089516133186808
25977,LOF,0.032094023768660294,0.3420826093938705,0.6258233668374692
25978,LOF,0.2441165595188695,0.11231052128154233,0.6435729191995883
25979,LOF,0.20134044827870484,0.16616917604601256,0.6324903756752827
25980,LOF,0.28159969588557354,0.18062729915635822,0.5377730049580682
25981,LOF,0.28159969588557354,0.18062729915635822,0.5377730049580682
25982,LOF,0.46216539100566045,0.07556097065519213,0.4622736383391476
25983,Neutral,0.5227835380876875,0.10029705009371616,0.3769194118185963
25984,LOF,0.03333621912489182,0.2666117677173088,0.7000520131577993
25985,LOF,0.023872958891086562,0.4383235021198462,0.5378035389890672
25986,GOF,0.043641886081264146,0.5799825102381436,0.3763756036805922
25987,LOF,0.1039320708562704,0.11768696519816058,0.7783809639455691
25988,LOF,0.029382071313169597,0.2742431675655581,0.6963747611212723
25989,LOF,0.024802676507211713,0.277772197150937,0.6974251263418513
25990,LOF,0.031949792826315646,0.1886545343919355,0.7793956727817487
25991,LOF,0.2662554988716898,0.2712887241303608,0.46245577699794943
25992,LOF,0.3472537031589409,0.19831637895163,0.45442991788942916
25993,LOF,0.038501439505264974,0.08714800767369722,0.8743505528210379
25994,LOF,0.03855712118259227,0.08910450688001699,0.8723383719373907
25995,LOF,0.03907467020440413,0.11494725208188682,0.845978077713709
25996,LOF,0.12989318306819916,0.36846039479596304,0.5016464221358379
25997,LOF,0.10156231640590793,0.4395662435372,0.45887144005689207
25998,Neutral,0.5195481098745235,0.01512881095653549,0.465323079168941
25999,GOF,0.13230230748064967,0.4508831628289408,0.4168145296904095
26000,LOF,0.09946001724369724,0.019609733800261847,0.8809302489560409
26001,LOF,0.1333414499553983,0.07148035628959949,0.7951781937550022
26002,LOF,0.08764228695482232,0.04684767743781663,0.865510035607361
26003,GOF,0.012304817801544977,0.6649618567821839,0.32273332541627114
26004,GOF,0.03801158370943254,0.7133164922044524,0.2486719240861151
26005,GOF,0.011316195536893984,0.4965388612499308,0.49214494321317526
26006,Neutral,0.5108983237694688,0.3257548615653708,0.16334681466516043
26007,GOF,0.020057476633114937,0.6251325092598428,0.35481001410704244
26008,GOF,0.020243077526058008,0.6167580305849371,0.36299889188900497
26009,GOF,0.03922927800471459,0.6366368067251549,0.32413391527013063
26010,GOF,0.012487673874810317,0.830143674336166,0.15736865178902368
26011,GOF,0.009680409837959513,0.5795127512527857,0.41080683890925485
26012,GOF,0.015004801368396133,0.5323002631573792,0.4526949354742246
26013,GOF,0.011058913949893903,0.6562116596004102,0.33272942644969594
26014,LOF,0.049360131255235536,0.1503682673651062,0.8002716013796584
26015,LOF,0.20947205272217725,0.011217121224144009,0.7793108260536786
26016,LOF,0.3437915956953639,0.05228470998575545,0.6039236943188807
26017,LOF,0.2786672648532003,0.05275277778425843,0.6685799573625412
26018,LOF,0.07546613958385563,0.05563016597453187,0.8689036944416125
26019,LOF,0.0805223609624747,0.026967605807361808,0.8925100332301634
26020,LOF,0.10538795186835187,0.09722860636503629,0.7973834417666118
26021,LOF,0.10323363394808417,0.10845948056340635,0.7883068854885096
26022,LOF,0.022482580097752426,0.027070670265914636,0.9504467496363329
26023,LOF,0.14574066307397862,0.04014513970780141,0.81411419721822
26024,LOF,0.04288305860159552,0.14317940957982203,0.8139375318185824
26025,LOF,0.2786764902336018,0.10425052989983778,0.6170729798665605
26026,LOF,0.4550948037242348,0.01498388877445026,0.5299213075013149
26027,LOF,0.08617722760371808,0.022556511871425967,0.891266260524856
26028,LOF,0.2125388834763178,0.07409712364450662,0.7133639928791755
26029,LOF,0.05447593878669409,0.44914664406419336,0.49637741714911243
26030,LOF,0.0201346521006283,0.12081055704695957,0.8590547908524121
26031,LOF,0.015246901965301254,0.34163325666285055,0.6431198413718482
26032,LOF,0.04518001715431331,0.18691092282840854,0.7679090600172781
26033,LOF,0.10937838876738434,0.4272823770961743,0.46333923413644135
26034,LOF,0.025572357977857136,0.2730973610865376,0.7013302809356052
26035,LOF,0.02128653585538222,0.310704643476437,0.6680088206681808
26036,LOF,0.02513979342017875,0.24624594743407305,0.7286142591457482
26037,LOF,0.017180831995726707,0.24103920420908173,0.7417799637951915
26038,LOF,0.04424803808720576,0.17462179606201197,0.7811301658507823
26039,LOF,0.043517468703109775,0.3004597123717851,0.6560228189251052
26040,GOF,0.19906047016154194,0.5704675816696902,0.23047194816876795
26041,LOF,0.019792233456901114,0.23715839676218628,0.7430493697809126
26042,LOF,0.019379601548932434,0.23193962058824388,0.7486807778628237
26043,LOF,0.0421091685114833,0.22889621477202204,0.7289946167164947
26044,LOF,0.02288046102343145,0.19533273524062655,0.7817868037359419
26045,LOF,0.06287774946664534,0.2917708027545664,0.6453514477787883
26046,LOF,0.04743328813790752,0.2614537701002962,0.6911129417617964
26047,LOF,0.05752773673550926,0.23939982976656912,0.7030724334979216
26048,LOF,0.07255796785972952,0.16490682952630364,0.7625352026139669
26049,Neutral,0.9098983510775455,0.05148603364677949,0.03861561527567502
26050,Neutral,0.8897137052460907,0.06080712187786549,0.04947917287604382
26051,GOF,0.02242215530798253,0.5350702741608551,0.4425075705311623
26052,GOF,0.022686003375778068,0.5493855630256672,0.42792843359855465
26053,LOF,0.056963888647948456,0.30995765535653624,0.6330784559955153
26054,LOF,0.06533380578994448,0.032833428806022205,0.9018327654040333
26055,LOF,0.05793463102934354,0.020569495244857447,0.921495873725799
26056,LOF,0.042766532773482496,0.029906732214497828,0.9273267350120197
26057,LOF,0.06596109310325053,0.08802837805746871,0.8460105288392806
26058,LOF,0.06624908759200039,0.07314549507101194,0.8606054173369877
26059,LOF,0.44832551211778304,0.04745813430530462,0.5042163535769124
26060,LOF,0.0646700756635431,0.35678783326959784,0.578542091066859
26061,LOF,0.040906530931360374,0.05721924627229484,0.9018742227963448
26062,LOF,0.02730117174888056,0.027382030257789552,0.9453167979933299
26063,LOF,0.07115956236379045,0.06214831068680227,0.8666921269494073
26064,LOF,0.05449407182625445,0.021794917694892658,0.9237110104788528
26065,LOF,0.07130622867610249,0.04340644557288903,0.8852873257510085
26066,LOF,0.07583600665785979,0.05975553306831013,0.8644084602738301
26067,LOF,0.07803542120007129,0.05171245201192495,0.8702521267880037
26068,LOF,0.05764194385555634,0.05256199149297661,0.889796064651467
26069,LOF,0.3527950082261268,0.031366152782571315,0.615838838991302
26070,Neutral,0.5744907533543068,0.014661164670917487,0.41084808197477574
26071,LOF,0.06380187625590915,0.07169181760069686,0.864506306143394
26072,LOF,0.04530279759917852,0.06318855008848134,0.8915086523123402
26073,LOF,0.07321076465521592,0.03110791273978298,0.8956813226050012
26074,Neutral,0.961710425589245,0.006966842056622107,0.03132273235413294
26075,LOF,0.028761910205431687,0.03717624968922113,0.9340618401053471
26076,LOF,0.0756643788577197,0.04533776598204203,0.8789978551602382
26077,LOF,0.027186636202910876,0.06237095615595348,0.9104424076411356
26078,LOF,0.025665067161708844,0.0407958050323698,0.9335391278059213
26079,LOF,0.05460521531977649,0.030265900146787712,0.9151288845334359
26080,LOF,0.05460521531977649,0.030265900146787712,0.9151288845334359
26081,LOF,0.07540436331533248,0.06173277853752916,0.8628628581471384
26082,LOF,0.04406297851273636,0.03796824979457297,0.9179687716926906
26083,LOF,0.07296400402743469,0.04923252606873952,0.8778034699038259
26084,LOF,0.06335179329480758,0.07620147251627897,0.8604467341889134
26085,LOF,0.06335179329480758,0.07620147251627897,0.8604467341889134
26086,LOF,0.06698684104119713,0.07910946102179951,0.8539036979370033
26087,LOF,0.06713404353268317,0.05885705498605106,0.8740089014812658
26088,LOF,0.04177943247074169,0.1266866653612903,0.831533902167968
26089,LOF,0.04530434070479432,0.0313678489562011,0.9233278103390046
26090,LOF,0.03983666661339257,0.027443436412621022,0.9327198969739864
26091,LOF,0.0788162866781476,0.030209731509210556,0.8909739818126419
26092,LOF,0.07380353089314708,0.07815902900475774,0.8480374401020951
26093,LOF,0.07882926861256687,0.029024056153989366,0.8921466752334437
26094,LOF,0.07992728252601647,0.02681546135274845,0.8932572561212351
26095,LOF,0.08095304886847185,0.0215908457238183,0.8974561054077097
26096,LOF,0.05021148325472728,0.021193446927846644,0.928595069817426
26097,LOF,0.020993321532871836,0.0826055771374096,0.8964011013297186
26098,LOF,0.05866719325793165,0.02515374851626228,0.916179058225806
26099,LOF,0.07946966552975872,0.06745555515875593,0.8530747793114853
26100,LOF,0.07946966552975872,0.06745555515875593,0.8530747793114853
26101,LOF,0.06344555338105083,0.14714937413270113,0.789405072486248
26102,LOF,0.06749411120385428,0.06523021310150531,0.8672756756946404
26103,Neutral,0.7808386571120454,0.08371252865156546,0.13544881423638905
26104,LOF,0.04122782008779866,0.04882311687805487,0.9099490630341465
26105,LOF,0.20217316935704924,0.09812105496083,0.6997057756821208
26106,LOF,0.17162230545212787,0.04397285766806268,0.7844048368798093
26107,LOF,0.28387645663019795,0.03817558954392942,0.6779479538258726
26108,LOF,0.1471632439742959,0.052077110727950834,0.8007596452977532
26109,LOF,0.08626294002098041,0.08754813127802391,0.8261889287009957
26110,LOF,0.29838635729119917,0.03135127090801988,0.6702623718007809
26111,LOF,0.3234070988788651,0.1282510916941106,0.5483418094270243
26112,LOF,0.089156454335529,0.025992884670378292,0.8848506609940927
26113,LOF,0.09002868692094093,0.08018826720210837,0.8297830458769507
26114,LOF,0.03558477220395875,0.023548820313808443,0.9408664074822328
26115,LOF,0.18938266105418453,0.04524044404089412,0.7653768949049214
26116,LOF,0.09598928168664472,0.05308837824423064,0.8509223400691247
26117,LOF,0.29152777033292,0.1645477371894676,0.5439244924776124
26118,LOF,0.06723210900673313,0.028163929606606075,0.9046039613866608
26119,LOF,0.04164134489558551,0.13442622406138582,0.8239324310430287
26120,LOF,0.06063579462551011,0.04123076238379788,0.898133442990692
26121,LOF,0.06780625449804112,0.11523899940364944,0.8169547460983095
26122,LOF,0.08375037515819216,0.14530090426853426,0.7709487205732736
26123,LOF,0.06592719954991587,0.17912618247107295,0.7549466179790112
