feature0,prediction,LoGoFunc_Neutral,LoGoFunc_GOF,LoGoFunc_LOF
25546,Neutral,0.6213106316066626,0.06769147260669924,0.3109978957866381
25547,Neutral,0.5064865442469253,0.09943316558368609,0.39408029016938856
25548,Neutral,0.4940585382488794,0.08410901785996493,0.4218324438911556
25549,LOF,0.4328638440798293,0.08492812874955336,0.48220802717061734
25550,LOF,0.3500871152962112,0.0963189635081108,0.553593921195678
25551,LOF,0.30811335743202206,0.10890500436349433,0.5829816382044837
25552,LOF,0.2903162054971971,0.11031474303881303,0.5993690514639899
25553,Neutral,0.7831929580150748,0.05307893777369919,0.16372810421122608
25554,LOF,0.3232204141618078,0.10015020112507118,0.5766293847131211
25555,LOF,0.27449174506874346,0.09594134760145023,0.6295669073298064
25556,LOF,0.43934957146911885,0.09427666066712252,0.46637376786375856
25557,LOF,0.2761160113740232,0.10161957995828726,0.6222644086676896
25558,LOF,0.3239008625783178,0.09911975973299673,0.5769793776886855
25559,LOF,0.2654481807982546,0.05754287369177372,0.6770089455099717
25560,LOF,0.08089837405542322,0.15263478240633782,0.7664668435382389
25561,LOF,0.09687358838690097,0.21438219577628598,0.688744215836813
25562,LOF,0.03927086338937268,0.11648927312887934,0.8442398634817481
25563,LOF,0.009802009112413053,0.18380015985815387,0.8063978310294332
25564,LOF,0.07915679437018784,0.13974025338230311,0.781102952247509
25565,LOF,0.17551820246990735,0.13349191170262883,0.6909898858274639
25566,GOF,0.05948080394440476,0.6206233502301355,0.31989584582545977
25567,LOF,0.04009894178570847,0.16631368007347672,0.7935873781408148
25568,LOF,0.05972844948390292,0.09506421765739724,0.8452073328586998
25569,LOF,0.055256925810173545,0.08618778992906403,0.8585552842607624
25570,LOF,0.028436200764241845,0.13215511666365137,0.8394086825721067
25571,LOF,0.025150978240793515,0.1356416220780801,0.8392073996811265
25572,LOF,0.06328140215231197,0.1745633825333735,0.7621552153143146
25573,LOF,0.05651409606947882,0.1216597411749489,0.8218261627555723
25574,LOF,0.059146777053644135,0.2247213845015627,0.7161318384447932
25575,LOF,0.0248450772788151,0.1426660115244033,0.8324889111967815
25576,LOF,0.030069055426054134,0.20682888961413023,0.7631020549598158
25577,LOF,0.03443400450442223,0.14441160957615948,0.8211543859194184
25578,LOF,0.2827992439906066,0.10511999961689297,0.6120807563925005
25579,LOF,0.18381216679048876,0.10138520504851498,0.7148026281609963
25580,LOF,0.022265288811732505,0.1021606768113028,0.8755740343769647
25581,LOF,0.04590819279467538,0.0920920069097765,0.861999800295548
25582,LOF,0.04566217393847017,0.08985653866140857,0.8644812874001213
25583,LOF,0.027607511267318186,0.0934020658445727,0.8789904228881091
25584,Neutral,0.7141357210914265,0.12867240761545645,0.15719187129311712
25585,LOF,0.021120164861733272,0.19220548834881412,0.7866743467894526
25586,LOF,0.018271778358980226,0.1003309087909454,0.8813973128500743
25587,LOF,0.01813092798092326,0.0923516634793087,0.8895174085397681
25588,LOF,0.02197746451023149,0.0860698520738331,0.8919526834159355
25589,Neutral,0.5150168827087186,0.255959615652387,0.22902350163889434
25590,LOF,0.0473651104437943,0.13661303149658602,0.8160218580596197
25591,LOF,0.07474081014260775,0.07665971908608955,0.8485994707713026
25592,LOF,0.061098299515018634,0.16925674448290562,0.7696449560020757
25593,LOF,0.11010395715558798,0.30476867620535364,0.5851273666390584
25594,LOF,0.05238449923533153,0.05473900684860561,0.8928764939160628
25595,LOF,0.05554561518406671,0.031256861939633465,0.9131975228762998
25596,LOF,0.1116636842792307,0.019966536380278763,0.8683697793404904
25597,LOF,0.08957908805459473,0.02271178121968091,0.8877091307257243
25598,LOF,0.05143946187166051,0.03433273357559194,0.9142278045527475
25599,LOF,0.023003569168151067,0.3661718280683834,0.6108246027634654
25600,LOF,0.14116783414444284,0.4153858864179433,0.44344627943761383
25601,LOF,0.03706636006350922,0.3089774321514721,0.6539562077850186
25602,LOF,0.02747298600609502,0.07656463321538914,0.8959623807785159
25603,LOF,0.03877681275153774,0.05881693016021293,0.9024062570882494
25604,LOF,0.04110497972188016,0.11337635004367307,0.8455186702344467
25605,LOF,0.030663933587486595,0.20259914001813836,0.766736926394375
25606,LOF,0.40754989745792064,0.17345800842177775,0.4189920941203017
25607,LOF,0.025008925051516504,0.2369163854852327,0.7380746894632508
25608,LOF,0.03437590985731394,0.1445301303392549,0.8210939598034313
25609,GOF,0.13277300212852228,0.48142065272430845,0.38580634514716927
25610,LOF,0.01641383976579695,0.06296593022550301,0.9206202300087001
25611,LOF,0.014195917960388483,0.06633338409326821,0.9194706979463432
25612,LOF,0.054250649584557054,0.0694429775214901,0.8763063728939529
25613,LOF,0.04936494335213818,0.07016375182462219,0.8804713048232397
25614,LOF,0.025071384395287045,0.05341635403405358,0.9215122615706594
25615,LOF,0.044227225388752435,0.06181455356445731,0.8939582210467901
25616,LOF,0.05578258633028491,0.06415803301162437,0.8800593806580906
25617,LOF,0.04431544483663288,0.06618832858031387,0.8894962265830533
25618,LOF,0.054621754695234954,0.09335296055976805,0.852025284744997
25619,LOF,0.013071214825843712,0.06813381573658589,0.9187949694375704
25620,LOF,0.05692854993682921,0.0751426472265444,0.8679288028366264
25621,LOF,0.06587106141321229,0.06301741487178039,0.8711115237150073
25622,LOF,0.06753932498983552,0.06897862478232562,0.863482050227839
25623,LOF,0.06505984706074606,0.04826736001594594,0.8866727929233079
25624,LOF,0.020873510116350406,0.06522401030381961,0.91390247957983
25625,LOF,0.06371038118757323,0.06128079635766943,0.8750088224547572
25626,LOF,0.05361914247535056,0.060335842680316,0.8860450148443334
25627,Neutral,0.8810994625421992,0.02735253921185736,0.09154799824594352
25628,LOF,0.1777129351126343,0.06705433955274155,0.755232725334624
25629,LOF,0.0704583010799854,0.07140612787541856,0.858135571044596
25630,LOF,0.2724983486382981,0.07703423672869886,0.650467414633003
25631,Neutral,0.532332711339465,0.06918075860945112,0.398486530051084
25632,LOF,0.03139195581303797,0.0785591950292078,0.8900488491577542
25633,LOF,0.21703571030162014,0.05699678718445538,0.7259675025139245
25634,LOF,0.0442769413851838,0.10324068788704678,0.8524823707277693
25635,LOF,0.035796071006402384,0.04942233763937804,0.9147815913542195
25636,GOF,0.034786055053397,0.589317776393774,0.37589616855282915
25637,GOF,0.05281227169371368,0.5657164816771625,0.38147124662912374
25638,GOF,0.03290435409888751,0.5311245321138186,0.4359711137872939
25639,GOF,0.033948441014296116,0.5065895896243849,0.4594619693613189
25640,Neutral,0.8491925977444543,0.0923328827414726,0.05847451951407308
25641,GOF,0.07897476678458192,0.4952279145804279,0.42579731863499004
25642,LOF,0.08123633183427084,0.19084985438247465,0.7279138137832546
25643,LOF,0.2969949028968009,0.14051165779845326,0.5624934393047457
25644,GOF,0.010171721257196878,0.6210491656232385,0.36877911311956457
25645,GOF,0.011048823227763826,0.5924397030867842,0.3965114736854519
25646,LOF,0.029485215250600934,0.44281769976082436,0.5276970849885746
25647,LOF,0.011851291304766507,0.3501849202792186,0.6379637884160149
25648,LOF,0.014003657351862545,0.4198145086892348,0.5661818339589028
25649,LOF,0.008734951012681562,0.3184476988569486,0.6728173501303698
25650,GOF,0.02043544362955903,0.5857137004411278,0.3938508559293131
25651,LOF,0.009094539634784167,0.4061618784157355,0.5847435819494804
25652,LOF,0.01391498632247169,0.42511506715458347,0.5609699465229449
25653,GOF,0.03639766999870416,0.594161376222943,0.36944095377835284
25654,LOF,0.010577767381067315,0.3258219635389762,0.6636002690799564
25655,GOF,0.13028276940796807,0.6128955870369668,0.2568216435550652
25656,LOF,0.3427086359686086,0.16024988399288337,0.49704148003850807
25657,LOF,0.05636277139390177,0.11505372287841995,0.8285835057276782
25658,LOF,0.3310493489736771,0.1526529004707078,0.5162977505556151
25659,Neutral,0.4911304323995483,0.16135858838986572,0.347510979210586
25660,LOF,0.021876283586771617,0.12914334535739774,0.8489803710558306
25661,LOF,0.08478301289391808,0.07521559303053554,0.8400013940755463
25662,LOF,0.03104588216049142,0.042608589815327294,0.9263455280241814
25663,LOF,0.0348863455512934,0.04717766167190071,0.9179359927768058
25664,LOF,0.12265172600368103,0.08199416442579104,0.795354109570528
25665,LOF,0.06158429257573087,0.035846410924818405,0.9025692964994507
25666,LOF,0.09693548238997603,0.07652713957498475,0.8265373780350391
25667,LOF,0.07220296258657873,0.04360432473525712,0.8841927126781641
25668,LOF,0.033842529641341525,0.057572280909370645,0.9085851894492879
25669,LOF,0.027678565044963827,0.05545598212811352,0.9168654528269227
25670,LOF,0.12888401502794325,0.05239700552213024,0.8187189794499266
25671,LOF,0.09892511200353248,0.04610300791980372,0.8549718800766638
25672,LOF,0.04985378903030292,0.0546943404770113,0.8954518704926858
25673,LOF,0.09159918816329814,0.06139015721731438,0.8470106546193875
25674,LOF,0.07805074747390159,0.07827295007384098,0.8436763024522573
25675,LOF,0.10835797352160134,0.08130607328179543,0.8103359531966032
25676,LOF,0.016999608563661416,0.06914142127882285,0.9138589701575157
25677,LOF,0.020809342822670978,0.08639200123970336,0.8927986559376256
25678,LOF,0.20112572456959596,0.10482460525096475,0.6940496701794393
25679,LOF,0.11816468187561474,0.0941967493940822,0.787638568730303
25680,LOF,0.02938322532206977,0.1371592232250128,0.8334575514529173
25681,LOF,0.04768117251535474,0.13284210239866973,0.8194767250859756
25682,LOF,0.12759267562187265,0.09090048396627574,0.7815068404118516
25683,LOF,0.11358441455322991,0.10109815675208095,0.7853174286946891
25684,LOF,0.03528890077811876,0.07643002182092333,0.888281077400958
25685,LOF,0.11218606671567684,0.0718579271205946,0.8159560061637284
25686,LOF,0.0802888362193303,0.10926081882759327,0.8104503449530763
25687,LOF,0.12720037077006133,0.11571080246507127,0.7570888267648674
25688,LOF,0.4094394563871172,0.04944057913216211,0.5411199644807207
25689,LOF,0.3030510338193834,0.0562080565695411,0.6407409096110754
25690,LOF,0.34781963371197633,0.039922546460473066,0.6122578198275506
25691,Neutral,0.7267120822330317,0.03700144882212385,0.2362864689448445
25692,LOF,0.40050617940752714,0.015436241378853948,0.5840575792136189
25693,LOF,0.04302474089667963,0.4098472556988628,0.5471280034044576
25694,LOF,0.11496001295672191,0.018709785828829914,0.8663302012144483
25695,LOF,0.10714736668386797,0.013950006132452892,0.8789026271836791
25696,LOF,0.12913020578668485,0.013941689963598403,0.8569281042497167
25697,LOF,0.06424608801620568,0.10368998545757381,0.8320639265262204
25698,LOF,0.3085521480355282,0.22964583343074332,0.46180201853372843
25699,LOF,0.4151513137724672,0.03647668831424699,0.5483719979132857
25700,LOF,0.06911767146469869,0.011338119605289224,0.9195442089300121
25701,LOF,0.13620329247109758,0.03328903178881111,0.8305076757400914
25702,GOF,0.17113214407131364,0.6461755565613571,0.18269229936732936
25703,LOF,0.016840762241624025,0.16817453719313452,0.8149847005652414
25704,LOF,0.03701184190447339,0.15648742066642066,0.8065007374291059
25705,LOF,0.03228299102900198,0.11113029790871237,0.8565867110622857
25706,LOF,0.10489398826140402,0.4047067818848378,0.4903992298537583
25707,LOF,0.08095696478681554,0.3016745808374821,0.6173684543757023
25708,LOF,0.03679420817110511,0.2755974819129648,0.6876083099159301
25709,LOF,0.059864473481188486,0.034066133718754533,0.906069392800057
25710,LOF,0.012950436291797854,0.13444909954396106,0.8526004641642411
25711,LOF,0.0169609226676645,0.08597076311923015,0.8970683142131053
25712,LOF,0.015302164935345832,0.17728149827828585,0.8074163367863684
25713,LOF,0.01571962439801969,0.08584252675686178,0.8984378488451186
25714,LOF,0.06120556172376454,0.0643268002348306,0.8744676380414048
25715,LOF,0.010468672996509021,0.12520856577624714,0.8643227612272438
25716,LOF,0.011230041030780354,0.1041309276436499,0.8846390313255698
25717,LOF,0.015785322545929188,0.08697869663628131,0.8972359808177894
25718,LOF,0.01014480762101621,0.07718044593297096,0.9126747464460128
25719,LOF,0.018265291744566165,0.07576620811092806,0.9059685001445058
25720,LOF,0.022150558100858815,0.05881357994940752,0.9190358619497337
25721,LOF,0.01213199846727232,0.0926542554744142,0.8952137460583135
25722,LOF,0.012382008880551654,0.07225343678117883,0.9153645543382695
25723,LOF,0.021209513218183144,0.04095282336325329,0.9378376634185636
25724,LOF,0.03011553627523058,0.0747312399322304,0.895153223792539
25725,LOF,0.010352448797359835,0.06745091998251097,0.9221966312201292
25726,LOF,0.014027241141110433,0.08684435792643143,0.899128400932458
25727,LOF,0.011360125515156754,0.07210337574407659,0.9165364987407667
25728,LOF,0.009112929323258776,0.08169705830025241,0.9091900123764889
25729,LOF,0.0093331264228585,0.08420686554893508,0.9064600080282065
25730,LOF,0.01226208302694305,0.08664227932303953,0.9010956376500174
25731,LOF,0.02136924501415437,0.08111997185189722,0.8975107831339484
25732,LOF,0.01141872165097105,0.04856737367096872,0.9400139046780602
25733,LOF,0.015360585908538225,0.050299602392772494,0.9343398116986893
25734,LOF,0.012246552468685851,0.11590527888472188,0.8718481686465923
25735,LOF,0.010448715934609543,0.059775523061800506,0.92977576100359
25736,LOF,0.010784174527126203,0.05835409584862976,0.9308617296242441
25737,LOF,0.010465969095939028,0.08381245138420136,0.9057215795198597
25738,LOF,0.010210372177079837,0.08507344507010424,0.904716182752816
25739,LOF,0.017594287053225105,0.06319796631690996,0.919207746629865
25740,LOF,0.023532368055125184,0.09723634544039336,0.8792312865044815
25741,LOF,0.013177338295100535,0.09373017331715103,0.8930924883877485
25742,LOF,0.09853162072402877,0.07033597887717051,0.8311324003988007
25743,LOF,0.0386689128233024,0.050749636848885046,0.9105814503278126
25744,Neutral,0.6170977042418134,0.20567244958553058,0.17722984617265594
25745,LOF,0.06534226408285942,0.07089512366862792,0.8637626122485126
25746,LOF,0.044776411413592794,0.09276068103509588,0.8624629075513114
25747,LOF,0.025268097205574748,0.0745251366309974,0.9002067661634278
25748,LOF,0.13890583468472803,0.12235128435918939,0.7387428809560826
25749,LOF,0.029195042014172085,0.09250343568835283,0.878301522297475
25750,LOF,0.06924138611147616,0.10865911031455686,0.8220995035739669
25751,LOF,0.10595187819668489,0.12326697440811334,0.7707811473952018
25752,GOF,0.106386934937641,0.6413418044538761,0.25227126060848276
25753,LOF,0.0276477486573144,0.3603358993821993,0.6120163519604863
25754,GOF,0.016292295145328702,0.8223798458925351,0.1613278589621362
25755,LOF,0.02886618946816916,0.4156033440087383,0.5555304665230925
25756,LOF,0.054953807292908295,0.3962402568667737,0.548805935840318
25757,GOF,0.020432135748808214,0.8701701660083488,0.10939769824284305
25758,GOF,0.02658361916555486,0.815007210618397,0.15840917021604833
25759,GOF,0.012144834768569025,0.6410136532253703,0.34684151200606067
25760,LOF,0.016442572814867197,0.35136358519400046,0.6321938419911323
25761,GOF,0.26867881672056454,0.6560583252756458,0.07526285800378965
25762,LOF,0.04820035478021993,0.3354757724223144,0.6163238727974657
25763,LOF,0.01716042506673557,0.240371723862798,0.7424678510704663
25764,GOF,0.06854272968153162,0.6867484783138017,0.24470879200466672
25765,GOF,0.03248047077009058,0.7763371046537454,0.19118242457616397
25766,GOF,0.07115549692702847,0.7923192395603694,0.13652526351260222
25767,GOF,0.17383347263427998,0.5214518654020378,0.30471466196368224
25768,LOF,0.1039262430575622,0.055419830453877314,0.8406539264885604
25769,LOF,0.043619942736492855,0.06443819795955508,0.8919418593039521
25770,LOF,0.3040971486883279,0.11000305161220128,0.5858997996994708
25771,LOF,0.05065090041241709,0.061872026050528384,0.8874770735370545
25772,LOF,0.01725566905495425,0.05433366193796959,0.9284106690070761
25773,LOF,0.04788746751702694,0.08770919108781429,0.8644033413951588
25774,LOF,0.028903481358898656,0.11847841026249328,0.8526181083786081
25775,LOF,0.05176347104527406,0.07160913270732648,0.8766273962473994
25776,LOF,0.05557523097178135,0.03787354911447053,0.9065512199137482
25777,LOF,0.3613851126875138,0.09413576059978049,0.5444791267127058
25778,LOF,0.053539259416971234,0.05892070758227659,0.8875400330007522
25779,GOF,0.37829289654773385,0.5707809089776107,0.05092619447465554
25780,GOF,0.3199967851263371,0.6010390760479396,0.07896413882572316
25781,GOF,0.12387704835056157,0.7727232174239654,0.10339973422547309
25782,GOF,0.19858793461952462,0.7265045535550475,0.07490751182542782
25783,GOF,0.02507657247457351,0.6513669288257362,0.3235564986996903
25784,Neutral,0.5222612423092313,0.44155444656218495,0.03618431112858371
25785,GOF,0.4716350749064369,0.47904790266700115,0.04931702242656193
25786,GOF,0.02902529784383861,0.7545594802453889,0.21641522191077248
25787,Neutral,0.663490519636975,0.3090381211322365,0.027471359230788375
25788,LOF,0.04996925170679614,0.07933816903747856,0.8706925792557252
25789,GOF,0.17619477056001465,0.6640190722048456,0.15978615723513973
25790,GOF,0.2759250884213277,0.6402850309042528,0.08378988067441961
25791,GOF,0.14946470534941508,0.6736550410769159,0.17688025357366902
25792,GOF,0.3689754726208523,0.5063905208328665,0.12463400654628123
25793,GOF,0.25064313361844165,0.4989492605542219,0.25040760582733645
25794,GOF,0.29019290055614344,0.48654163653085075,0.22326546291300575
25795,GOF,0.07289478975938564,0.6618415321253632,0.2652636781152512
25796,Neutral,0.5012327143703862,0.4190701867946709,0.07969709883494289
25797,GOF,0.07759745301922776,0.5527739916300641,0.3696285553507082
25798,GOF,0.009421312001011956,0.5030151796774393,0.48756350832154866
25799,LOF,0.007712023176573461,0.44269190244943785,0.5495960743739886
25800,GOF,0.03245462039860728,0.6131867821338546,0.3543585974675382
25801,GOF,0.22270155969492925,0.67880020714911,0.09849823315596078
25802,GOF,0.06662534597512222,0.6803545975460604,0.2530200564788173
25803,GOF,0.04255283311633426,0.5858383786426737,0.37160878824099186
25804,GOF,0.03865376884194327,0.5188798888004456,0.44246634235761123
25805,GOF,0.13320176056191416,0.5920438207086284,0.2747544187294575
25806,GOF,0.13260095269174157,0.6004827108581884,0.26691633645007
25807,GOF,0.021182983078942313,0.6412246911099849,0.3375923258110726
25808,GOF,0.11288686248984232,0.6067036167888801,0.2804095207212776
25809,GOF,0.02066230233123063,0.6350883400940462,0.34424935757472314
25810,GOF,0.02105384502070918,0.6343172103746412,0.3446289446046496
25811,Neutral,0.5093077595226495,0.42931639280097394,0.06137584767637655
25812,GOF,0.04107195566822474,0.5966364254819707,0.3622916188498046
25813,Neutral,0.588077875003341,0.3103639437219512,0.1015581812747078
25814,GOF,0.15119119597867778,0.6157720777402931,0.23303672628102917
25815,GOF,0.25463085824107834,0.551432435916002,0.19393670584291975
25816,GOF,0.021058695464722207,0.6563689422922543,0.32257236224302344
25817,GOF,0.2296719826884525,0.641713172041512,0.12861484527003555
25818,GOF,0.05118511338594324,0.5542375203889872,0.3945773662250696
25819,GOF,0.37128122419021375,0.465951633552293,0.1627671422574932
25820,GOF,0.22346467006762602,0.569626825924044,0.20690850400832997
25821,GOF,0.06881493014512922,0.6506208483262197,0.280564221528651
25822,GOF,0.26011100721408764,0.5229597685500383,0.21692922423587402
25823,GOF,0.03807791423618309,0.4843346444118698,0.4775874413519471
25824,GOF,0.08864162702278718,0.5099622483198382,0.4013961246573748
25825,GOF,0.03474994163448846,0.5193023715280612,0.44594768683745034
25826,LOF,0.012659997331513049,0.48947157949596337,0.4978684231725237
25827,GOF,0.02109929511942686,0.5543027320746985,0.4245979728058747
25828,LOF,0.015208964494755523,0.47218459243269967,0.5126064430725449
25829,GOF,0.006950736881159914,0.5185327167088645,0.47451654640997576
25830,LOF,0.04319090979622983,0.24842427245155077,0.7083848177522194
25831,GOF,0.17887838132961684,0.690601083450693,0.13052053521968998
25832,GOF,0.03369104021201342,0.6649032370436143,0.3014057227443722
25833,GOF,0.12548430450839695,0.680512878469145,0.194002817022458
25834,GOF,0.04017432612393579,0.6768102484110764,0.2830154254649878
25835,GOF,0.089969788381252,0.6783266893990052,0.23170352221974286
25836,GOF,0.046164240559290616,0.6282749011481178,0.3255608582925916
25837,GOF,0.021524928486216687,0.5213795940377527,0.45709547747603063
25838,GOF,0.07490446973853827,0.7181505891500228,0.20694494111143885
25839,GOF,0.3232653452955275,0.5205962757195443,0.15613837898492824
25840,GOF,0.24164669006605088,0.5650780201439418,0.19327528979000733
25841,GOF,0.2301374044570076,0.57503078426337,0.19483181127962237
25842,GOF,0.18194393927956384,0.6390675682897557,0.17898849243068038
25843,GOF,0.21883176057747786,0.6378833914328594,0.14328484798966262
25844,GOF,0.05565234926132276,0.6281912467955527,0.31615640394312444
25845,LOF,0.013951446733942236,0.4774326461736563,0.5086159070924015
25846,GOF,0.09429694003974921,0.6923213338334766,0.21338172612677425
25847,GOF,0.12523679970239743,0.7206572102412523,0.1541059900563504
25848,GOF,0.03558615044053078,0.6282168372759214,0.33619701228354776
25849,GOF,0.010439347036926491,0.512238475882843,0.47732217708023056
25850,GOF,0.022261867218718447,0.5904586302612276,0.3872795025200539
25851,LOF,0.017468494232849276,0.48158080366161055,0.5009507021055402
25852,GOF,0.15342290466713565,0.5655771028626533,0.28099999247021107
25853,GOF,0.34650139376633826,0.5759684124396112,0.07753019379405056
25854,GOF,0.017808176690332904,0.5785300119234655,0.40366181138620155
25855,GOF,0.03583719162632277,0.5585653673922629,0.40559744098141426
25856,GOF,0.21051350373109268,0.5479918549029404,0.24149464136596688
25857,LOF,0.033462785421594685,0.4744688494651311,0.49206836511327406
25858,GOF,0.021140962254903674,0.5603927497983292,0.4184662879467672
25859,GOF,0.01215758467705805,0.5362252458441501,0.4516171694787918
25860,GOF,0.37870057600646156,0.5345113504956043,0.0867880734979341
25861,GOF,0.3948555205051096,0.5170929617680831,0.08805151772680732
25862,GOF,0.07844680561891995,0.7765976970457843,0.14495549733529586
25863,GOF,0.08522128006215741,0.7643418190142294,0.15043690092361325
25864,GOF,0.2221870680230255,0.6993088450462608,0.07850408693071374
25865,GOF,0.07637008343792523,0.7813793418536501,0.14225057470842467
25866,GOF,0.06263622145332777,0.7923111427899495,0.14505263575672278
25867,GOF,0.0817730171267559,0.7964622878551925,0.12176469501805165
25868,GOF,0.2631462000084495,0.6174413230501954,0.11941247694135504
25869,Neutral,0.7093092242173432,0.24206815231673623,0.04862262346592059
25870,LOF,0.29970987014076733,0.23393728873272449,0.4663528411265081
25871,GOF,0.21839517794193908,0.6077761137232744,0.17382870833478645
25872,GOF,0.08644005005882,0.615674494556203,0.297885455384977
25873,GOF,0.16649160626959192,0.6085648012832048,0.2249435924472033
25874,LOF,0.02194015096615634,0.09237759808205229,0.8856822509517914
25875,LOF,0.08273494020384942,0.07033952273932292,0.8469255370568277
25876,LOF,0.028102107467763718,0.048917214193918604,0.9229806783383177
25877,Neutral,0.5353852257422553,0.07229006148959964,0.392324712768145
25878,LOF,0.23483444391124841,0.12665166973548989,0.6385138863532617
25879,LOF,0.09151666807309859,0.12964073509447352,0.778842596832428
25880,LOF,0.023439594071830508,0.0216298050148477,0.9549306009133218
25881,LOF,0.16524366698500545,0.1814354187572208,0.6533209142577737
25882,LOF,0.08190804342970748,0.022957213916829474,0.895134742653463
25883,LOF,0.08232394750099313,0.03357697955447333,0.8840990729445335
25884,LOF,0.04389080844803307,0.04518139167177793,0.9109277998801889
25885,LOF,0.06927383225071704,0.014137793001188571,0.9165883747480944
25886,LOF,0.3561841331419097,0.05992672789571069,0.5838891389623797
25887,LOF,0.16356171930764718,0.11127107021470092,0.7251672104776519
25888,LOF,0.06701091861414171,0.09546577158590588,0.8375233097999524
25889,LOF,0.054231740054371425,0.030677721120758193,0.9150905388248705
25890,LOF,0.05338448706255909,0.15032597063102524,0.7962895423064157
25891,LOF,0.03869504279482994,0.0694107260207731,0.891894231184397
25892,LOF,0.10427525025549343,0.02108209171415994,0.8746426580303467
25893,LOF,0.2772950588827883,0.014628769703390401,0.7080761714138213
25894,LOF,0.18750038392521445,0.008668988299188071,0.8038306277755974
25895,LOF,0.2027182606963141,0.018507379978100418,0.7787743593255855
25896,LOF,0.04965463301052956,0.024225647351492074,0.9261197196379785
25897,LOF,0.2294635411805839,0.013521117066160568,0.7570153417532556
25898,Neutral,0.7143393097107248,0.009135453176056749,0.2765252371132185
25899,LOF,0.2560931858936534,0.028140556179454622,0.715766257926892
25900,LOF,0.4613843710420616,0.015339933440073781,0.5232756955178646
25901,LOF,0.053145194843002515,0.011742055006529271,0.9351127501504681
25902,LOF,0.1887473728819656,0.01038090671252333,0.800871720405511
25903,Neutral,0.519916696304831,0.023642616771749263,0.4564406869234198
25904,LOF,0.26908495425542,0.04556877058778952,0.6853462751567905
25905,LOF,0.026532537633306996,0.32945166189038666,0.6440158004763064
25906,LOF,0.024019234087208484,0.06624597028799106,0.9097347956248004
25907,LOF,0.013914341689178024,0.3340704622751869,0.6520151960356352
25908,LOF,0.012197157941060466,0.2329362221505553,0.7548666199083841
25909,LOF,0.013636577686298296,0.170119494002413,0.8162439283112887
25910,LOF,0.046694509995313556,0.111086025382126,0.8422194646225604
25911,LOF,0.12085335181957856,0.03316325396956508,0.8459833942108564
25912,LOF,0.03881407872571609,0.06459572586857576,0.8965901954057081
25913,LOF,0.26744505505160493,0.029354617362538634,0.7032003275858565
25914,LOF,0.024523080918180402,0.12568992618380287,0.8497869928980166
25915,Neutral,0.42578226513794337,0.256412787861137,0.31780494700091966
25916,LOF,0.07208368648674608,0.2822836414624614,0.6456326720507926
25917,LOF,0.06619192902826662,0.0645093196095477,0.8692987513621856
25918,LOF,0.032662910828510604,0.08077669340141608,0.8865603957700733
25919,LOF,0.02710868266632863,0.0854044636193218,0.8874868537143495
25920,GOF,0.07844685032922213,0.5486014275470584,0.3729517221237196
25921,LOF,0.030517813589774172,0.024426231436015713,0.9450559549742102
25922,LOF,0.04159438026550412,0.015782152644762387,0.9426234670897335
25923,LOF,0.37721797765622334,0.018394990126901895,0.6043870322168747
25924,LOF,0.04086045315233328,0.02435201574999527,0.9347875310976714
25925,LOF,0.06609882607825937,0.025715532803706632,0.908185641118034
25926,LOF,0.04717024309307334,0.018946209098505622,0.9338835478084211
25927,LOF,0.07062487110241207,0.047473495528795734,0.8819016333687921
25928,LOF,0.024208130716713787,0.02199831559067865,0.9537935536926075
25929,Neutral,0.5104541880481075,0.019893992693727523,0.46965181925816507
25930,LOF,0.055930219482469616,0.014895886282776123,0.9291738942347542
25931,LOF,0.030894358590126337,0.018338072646394556,0.950767568763479
25932,LOF,0.02787212421619384,0.01630299904147315,0.9558248767423331
25933,LOF,0.037351151596901694,0.010413238251950327,0.9522356101511481
25934,LOF,0.023659683995075686,0.011805829754372823,0.9645344862505514
25935,LOF,0.060810204023359696,0.03161800827156893,0.9075717877050713
25936,LOF,0.04555617303667664,0.013531810219801604,0.9409120167435218
25937,LOF,0.03004661567401491,0.021684221640576897,0.9482691626854082
25938,LOF,0.061504152849999716,0.03375189624402629,0.9047439509059739
25939,LOF,0.037326098234811006,0.01025965931145015,0.952414242453739
25940,LOF,0.024532621770880603,0.3687714367492872,0.6066959414798323
25941,LOF,0.16733565219733917,0.09021347290186744,0.7424508749007933
25942,LOF,0.018880270358003923,0.03466479620359602,0.9464549334384001
25943,LOF,0.3490076029146524,0.05931928498094403,0.5916731121044035
25944,Neutral,0.5224140892200053,0.03244757893817715,0.4451383318418175
25945,LOF,0.08055309258502293,0.01996807602160855,0.8994788313933685
25946,LOF,0.027070493361556945,0.1498003541181111,0.8231291525203318
25947,LOF,0.15152994283106744,0.1907002566407433,0.6577698005281892
25948,LOF,0.48430554639712314,0.015303469121466726,0.5003909844814101
25949,LOF,0.09804857743129194,0.06309513552523624,0.8388562870434719
25950,GOF,0.24405814600201198,0.45037262193342437,0.30556923206456377
25951,LOF,0.22069107019015574,0.2147672047302713,0.5645417250795729
25952,LOF,0.04737315893935006,0.41683766870479394,0.535789172355856
25953,LOF,0.12852256657060435,0.11108786829721379,0.7603895651321819
25954,Neutral,0.39497210349582546,0.23838978975701244,0.366638106747162
25955,LOF,0.04990830438782854,0.09300438868436015,0.8570873069278113
25956,LOF,0.1979053206878359,0.07739043831308552,0.7247042409990787
25957,LOF,0.041671885542178246,0.033396817467569374,0.9249312969902523
25958,LOF,0.05257351510845163,0.025705333143119066,0.9217211517484294
25959,LOF,0.07628853730995762,0.29680003005485195,0.6269114326351904
25960,LOF,0.022997748519978833,0.05184309215413542,0.9251591593258858
25961,LOF,0.046660743094125476,0.0318250488989618,0.9215142080069126
25962,LOF,0.06074785514105166,0.03339158586633569,0.9058605589926126
25963,LOF,0.05583970089615494,0.16730830262117682,0.7768519964826683
25964,LOF,0.034619918978561655,0.12922868165463378,0.8361513993668046
25965,LOF,0.41495714461578276,0.08338025180113122,0.501662603583086
25966,Neutral,0.4358804800148055,0.17639582870187742,0.38772369128331713
25967,LOF,0.012352032041819514,0.07339520603594667,0.9142527619222338
25968,LOF,0.03426059744122738,0.435549725121221,0.5301896774375516
25969,LOF,0.02068591255360059,0.05802444392841021,0.9212896435179893
25970,LOF,0.0551824692633899,0.06240187994248754,0.8824156507941227
25971,LOF,0.07065767582749055,0.021264449059998806,0.9080778751125106
25972,LOF,0.07440342214544561,0.027821400668729714,0.8977751771858247
25973,LOF,0.0845848991314555,0.010049430804039684,0.9053656700645047
25974,LOF,0.22740380717324626,0.02313587491446829,0.7494603179122854
25975,LOF,0.04356395600610909,0.03653213044565813,0.9199039135482329
25976,LOF,0.03807334492946,0.021132502242170472,0.9407941528283695
25977,LOF,0.13440082613323223,0.09283603869692876,0.7727631351698391
25978,LOF,0.10785246476457035,0.08299725976717293,0.8091502754682568
25979,LOF,0.10878299590768888,0.07982948591668138,0.8113875181756297
25980,LOF,0.1281103315026407,0.11916540235282042,0.7527242661445389
25981,LOF,0.15625395550676574,0.11671057649586578,0.7270354679973684
25982,LOF,0.35457627098382716,0.06851928294420923,0.5769044460719637
25983,LOF,0.3429183631449819,0.07087508269693901,0.586206554158079
25984,LOF,0.055245720393460436,0.07670246192439409,0.8680518176821455
25985,LOF,0.022309537668438215,0.2996095683327339,0.678080893998828
25986,LOF,0.03255187487562826,0.2835387610411189,0.6839093640832529
25987,LOF,0.08179011621806336,0.09770784907449057,0.8205020347074462
25988,LOF,0.124543342565689,0.08165903783009253,0.7937976196042186
25989,LOF,0.028054412851551115,0.15881667975846142,0.8131289073899874
25990,LOF,0.03911372983998622,0.13596845524560863,0.8249178149144052
25991,GOF,0.17404279452152852,0.4638132362856709,0.3621439691928007
25992,LOF,0.3573928746470971,0.25333793447940345,0.3892691908734995
25993,LOF,0.026234925939416537,0.08834349557005315,0.8854215784905304
25994,LOF,0.019120791551016682,0.12063534793247654,0.8602438605165068
25995,LOF,0.02856156805306771,0.1869380849663806,0.7845003469805517
25996,GOF,0.2462942413814836,0.5854896798555034,0.16821607876301298
25997,GOF,0.10104501309485753,0.5795570562925489,0.3193979306125935
25998,Neutral,0.5492326569707309,0.016081231233858306,0.43468611179541083
25999,LOF,0.12264907693683451,0.15931061252261225,0.7180403105405533
26000,LOF,0.17885395699964862,0.02937457237859709,0.7917714706217543
26001,LOF,0.1860753242228619,0.03172266672610819,0.78220200905103
26002,LOF,0.15796323521334396,0.032243038255898325,0.8097937265307577
26003,GOF,0.00897155305711313,0.6640525096128218,0.326975937330065
26004,GOF,0.023214466369039503,0.7404224490743077,0.23636308455665286
26005,GOF,0.008297842534221061,0.5305330122083528,0.4611691452574261
26006,Neutral,0.49755842640048525,0.284532929208105,0.2179086443914097
26007,GOF,0.016237311037621046,0.5898821023970273,0.39388058656535163
26008,GOF,0.01712134933876162,0.6041487115077369,0.37872993915350156
26009,GOF,0.022941894598899622,0.6632958759626466,0.31376222943845367
26010,GOF,0.02362899757987947,0.710609788176628,0.26576121424349247
26011,GOF,0.007794444282633627,0.5456163282188629,0.44658922749850355
26012,GOF,0.014545476497799319,0.6511782166310804,0.33427630687112037
26013,GOF,0.015860175002957833,0.6671045803094622,0.3170352446875801
26014,LOF,0.04544508338960886,0.16131501001659487,0.7932399065937963
26015,LOF,0.18476422349554703,0.011184102538924625,0.8040516739655285
26016,LOF,0.20407140950109628,0.057345193362286044,0.7385833971366177
26017,LOF,0.16665246671281675,0.09360293585167972,0.7397445974355034
26018,LOF,0.06263553359696983,0.048918503316137354,0.8884459630868927
26019,LOF,0.060398034439522796,0.03507420470853774,0.9045277608519395
26020,LOF,0.04454606251226147,0.14733577947573293,0.8081181580120056
26021,LOF,0.03927580459991731,0.17192382414347177,0.7888003712566108
26022,LOF,0.009367332690822825,0.06120931776753466,0.9294233495416424
26023,LOF,0.08148870704800282,0.03183809088880505,0.8866732020631921
26024,LOF,0.02247657340765908,0.13777961317514514,0.8397438134171957
26025,LOF,0.13435591620012508,0.12175102120288984,0.7438930625969851
26026,LOF,0.2893900315522196,0.022151378164759383,0.6884585902830209
26027,LOF,0.05932832021478468,0.02523620794053332,0.915435471844682
26028,LOF,0.156946186375708,0.09546759508367056,0.7475862185406215
26029,LOF,0.08944604087278644,0.1426934566518924,0.7678605024753212
26030,LOF,0.030862985982370257,0.04927941135070398,0.9198576026669258
26031,LOF,0.0367853079086429,0.1169184945141518,0.8462961975772052
26032,LOF,0.07481965456035275,0.04556243020170688,0.8796179152379404
26033,LOF,0.12132873038121458,0.052758169411728756,0.8259131002070568
26034,LOF,0.05251482499246762,0.1244448522329978,0.8230403227745345
26035,LOF,0.03593170585356296,0.10247127577172627,0.8615970183747107
26036,LOF,0.04957739288125657,0.12742618440959408,0.8229964227091494
26037,LOF,0.03030557685598865,0.08806733578151901,0.8816270873624924
26038,LOF,0.07089580288331605,0.04376276721656442,0.8853414299001194
26039,LOF,0.06716225301702934,0.11421836435550962,0.818619382627461
26040,LOF,0.2203842197576593,0.08055370983403466,0.699062070408306
26041,LOF,0.029970502938662654,0.08417055575201755,0.8858589413093197
26042,LOF,0.029340312203048124,0.08547516860214548,0.8851845191948065
26043,LOF,0.06947023243572292,0.057511854434079114,0.8730179131301979
26044,LOF,0.02586805101847974,0.062215953994830785,0.9119159949866894
26045,LOF,0.08539353278046546,0.07952345532301079,0.8350830118965237
26046,LOF,0.0723625612407981,0.06105217619799329,0.8665852625612086
26047,LOF,0.10344008064569138,0.07537054452032665,0.821189374833982
26048,LOF,0.04906584375154603,0.054937551161417165,0.8959966050870367
26049,Neutral,0.9547310827570542,0.007539957113135696,0.037728960129809995
26050,Neutral,0.9337581897609761,0.008576505220830848,0.05766530501819303
26051,LOF,0.04735388165872454,0.3857275160863174,0.5669186022549582
26052,LOF,0.06198397734995546,0.4158694707362148,0.5221465519138297
26053,LOF,0.06165724218225282,0.1579130801270998,0.7804296776906474
26054,LOF,0.05829709504149654,0.04150270757281303,0.9002001973856905
26055,LOF,0.07572451001339678,0.025785586037852526,0.8984899039487508
26056,LOF,0.06417054368688943,0.035097602258782605,0.900731854054328
26057,LOF,0.031784114142950175,0.017258343218291967,0.9509575426387579
26058,LOF,0.032408927113015094,0.015329469006775667,0.9522616038802093
26059,LOF,0.28062576289830626,0.04709411746789608,0.6722801196337976
26060,LOF,0.030578756181745707,0.29706159606688426,0.6723596477513699
26061,LOF,0.01970363479579946,0.01812851404653428,0.9621678511576662
26062,LOF,0.012069632657020832,0.0263338456022032,0.961596521740776
26063,LOF,0.022338187348547284,0.015455732423789751,0.962206080227663
26064,LOF,0.025406536127559394,0.023431667526080287,0.9511617963463604
26065,LOF,0.025133694559772917,0.020678599682126198,0.9541877057581009
26066,LOF,0.021088960741056165,0.017339582655404823,0.9615714566035389
26067,LOF,0.025659662041475045,0.013658483010382205,0.9606818549481428
26068,LOF,0.05088052674276824,0.06704256037814614,0.8820769128790857
26069,LOF,0.2854040450912326,0.038565006599776096,0.6760309483089914
26070,LOF,0.412225432290929,0.02628030820977143,0.5614942594992995
26071,LOF,0.02207944235961441,0.02073856274831585,0.9571819948920698
26072,LOF,0.02328661801332223,0.027016215827281753,0.949697166159396
26073,LOF,0.02402910579277608,0.016332342835919077,0.9596385513713048
26074,Neutral,0.9157801182782999,0.007916212533886934,0.07630366918781321
26075,LOF,0.045959570953751555,0.025795346169075483,0.9282450828771729
26076,LOF,0.04579955470780352,0.015510259104846196,0.9386901861873502
26077,LOF,0.010295044353174826,0.03072853579094361,0.9589764198558816
26078,LOF,0.01463370244719137,0.02103284341531258,0.964333454137496
26079,LOF,0.05770892619916196,0.03220132719525448,0.9100897466055836
26080,LOF,0.05678313184757443,0.03230391290103741,0.9109129552513882
26081,LOF,0.03497196724758725,0.011651698737348516,0.9533763340150643
26082,LOF,0.020454581926649854,0.028077441643187054,0.951467976430163
26083,LOF,0.13126211438664398,0.020762038945634272,0.8479758466677217
26084,LOF,0.026661095884113827,0.025238143815999158,0.9481007602998869
26085,LOF,0.02242330265484758,0.023725456805082066,0.9538512405400703
26086,LOF,0.024764070681834224,0.018196628715647548,0.9570393006025183
26087,LOF,0.02495225090714323,0.013334190949798538,0.9617135581430583
26088,LOF,0.018190068085353873,0.035454428472345596,0.9463555034423006
26089,LOF,0.0485335573972276,0.043987843523883095,0.9074785990788894
26090,LOF,0.04735585793060959,0.03451149964785277,0.9181326424215377
26091,LOF,0.039742199598087,0.010993837239784006,0.949263963162129
26092,LOF,0.027413018195126693,0.01390222999774405,0.9586847518071292
26093,LOF,0.0382573948411627,0.010111646002334633,0.9516309591565026
26094,LOF,0.04391486485149201,0.011340863617576382,0.9447442715309317
26095,LOF,0.05972118474930884,0.02478279510665027,0.9154960201440409
26096,LOF,0.022195054525130674,0.01854013944824129,0.9592648060266281
26097,LOF,0.010375183919559617,0.06519654989564883,0.9244282661847916
26098,LOF,0.07506424539997242,0.021993142705183003,0.9029426118948446
26099,LOF,0.025233634031700283,0.024116414867003756,0.950649951101296
26100,LOF,0.02711895473355053,0.022267297257640283,0.9506137480088093
26101,LOF,0.05760302347989487,0.022051641586826376,0.9203453349332786
26102,LOF,0.026393551869938935,0.017878042413897663,0.9557284057161635
26103,Neutral,0.8863717968026368,0.032262364296585126,0.08136583890077811
26104,LOF,0.06930533125998259,0.06019126794999869,0.8705034007900186
26105,LOF,0.23337586146665928,0.2422247131926888,0.5243994253406519
26106,LOF,0.20697176408385956,0.10869905186575612,0.6843291840503842
26107,LOF,0.23573991259502242,0.1043221251468762,0.6599379622581014
26108,LOF,0.2245461493431372,0.15507373432252441,0.6203801163343383
26109,LOF,0.09014205235000733,0.11070599376107508,0.7991519538889177
26110,LOF,0.2729799891014346,0.007576208770656742,0.7194438021279086
26111,LOF,0.48181500150328416,0.01816549860118807,0.5000194998955279
26112,LOF,0.03533885966996355,0.008381586158459292,0.9562795541715772
26113,LOF,0.05453322696369999,0.013770384949794027,0.931696388086506
26114,LOF,0.02107204088102035,0.02104649833469352,0.957881460784286
26115,LOF,0.08187571191529831,0.04089619317423117,0.8772280949104705
26116,LOF,0.05031152301943315,0.03266604449476316,0.9170224324858037
26117,LOF,0.3811724255472088,0.054324233299678386,0.5645033411531127
26118,LOF,0.03876673287167539,0.03372645637373051,0.9275068107545942
26119,LOF,0.024047528921462263,0.05072694973420684,0.925225521344331
26120,LOF,0.02969418534743391,0.0242996551605775,0.9460061594919885
26121,LOF,0.05327021840746617,0.08658054004081656,0.8601492415517173
26122,LOF,0.0525198262758804,0.047558935507240975,0.8999212382168786
