feature0,prediction,LoGoFunc_Neutral,LoGoFunc_GOF,LoGoFunc_LOF
25546,Neutral,0.5026456129378806,0.19719194883036203,0.30016243823175737
25547,Neutral,0.4206909871688382,0.2605727144867656,0.3187362983443962
25548,LOF,0.3201407973384089,0.2651234536246266,0.4147357490369646
25549,LOF,0.30258933986667336,0.2665298937274677,0.430880766405859
25550,LOF,0.31282189611595274,0.2564882009230796,0.43068990296096776
25551,LOF,0.2541355995506833,0.27283140615885104,0.4730329942904657
25552,LOF,0.20831277189477584,0.2527427517430761,0.5389444763621482
25553,Neutral,0.7168552959694536,0.12216034903211699,0.16098435499842945
25554,LOF,0.26769167670112565,0.19578637121312292,0.5365219520857514
25555,LOF,0.19650464774808915,0.22201551612741927,0.5814798361244915
25556,LOF,0.33086047300504645,0.17377591308475346,0.49536361391020023
25557,LOF,0.20820792958124,0.2256215547847961,0.5661705156339639
25558,LOF,0.23968942562223275,0.31171758302408165,0.4485929913536856
25559,LOF,0.2915822339919333,0.04940010086010991,0.6590176651479568
25560,LOF,0.04117548207938995,0.2854380152051961,0.673386502715414
25561,LOF,0.03014053115662799,0.3176022814584492,0.6522571873849228
25562,LOF,0.028836787734516135,0.18582836906431,0.7853348432011739
25563,LOF,0.007919025059734656,0.22448256663837668,0.7675984083018887
25564,LOF,0.07608872120487083,0.030511387991429707,0.8933998908036994
25565,LOF,0.16484948240207656,0.19709410857903298,0.6380564090188904
25566,GOF,0.04814864301644875,0.5979679720768527,0.3538833849066985
25567,LOF,0.039638247526661466,0.025864638700339244,0.9344971137729994
25568,LOF,0.037597329680552356,0.031647043214237586,0.9307556271052101
25569,LOF,0.04976465210046499,0.03249229948765143,0.9177430484118836
25570,LOF,0.05979616325709117,0.04382674042678388,0.896377096316125
25571,LOF,0.059231921240069055,0.04115787296878294,0.8996102057911479
25572,LOF,0.09310847421574729,0.02947761931340757,0.877413906470845
25573,LOF,0.08261637591316093,0.07667093739540817,0.8407126866914308
25574,LOF,0.18212288183218006,0.1744592895589539,0.643417828608866
25575,LOF,0.06311854229182676,0.0400733464796926,0.8968081112284807
25576,LOF,0.0344692191436061,0.04875585968758761,0.9167749211688063
25577,LOF,0.04404417311337292,0.03504470019833219,0.920911126688295
25578,LOF,0.25657274152050497,0.06442728184195329,0.6789999766375416
25579,LOF,0.2549666908096253,0.05942739700379521,0.6856059121865795
25580,LOF,0.06887152534358311,0.02383064961748403,0.907297825038933
25581,LOF,0.033106241483761054,0.0522485495032681,0.914645209012971
25582,LOF,0.033106241483761054,0.0522485495032681,0.914645209012971
25583,LOF,0.06352158051269753,0.04042376859149945,0.8960546508958029
25584,Neutral,0.7291086069930025,0.011075673498303835,0.25981571950869364
25585,LOF,0.053892624877573764,0.036195972979024604,0.9099114021434016
25586,LOF,0.06521777299129922,0.03186632571376921,0.9029159012949316
25587,LOF,0.06888082787362249,0.023809977746694584,0.907309194379683
25588,LOF,0.06780712204499062,0.02384699491966183,0.9083458830353475
25589,Neutral,0.7338594374108917,0.049492327228616746,0.2166482353604916
25590,LOF,0.09695987205098036,0.029200585637308048,0.8738395423117115
25591,LOF,0.1488881168381447,0.014847222316173341,0.836264660845682
25592,LOF,0.23086384822894981,0.07332632544214944,0.6958098263289009
25593,LOF,0.2690186745290238,0.1589305378306424,0.5720507876403338
25594,LOF,0.024196988173710087,0.0617454719237928,0.914057539902497
25595,LOF,0.026986175706080168,0.0451510349967233,0.9278627892971967
25596,LOF,0.1439998478531335,0.018777950093571694,0.8372222020532947
25597,LOF,0.15668199012637526,0.01036412308029177,0.8329538867933329
25598,LOF,0.025773612401049563,0.048503497555472994,0.9257228900434773
25599,GOF,0.020809902240687333,0.6419529062384052,0.33723719152090753
25600,GOF,0.12335224200694091,0.5971645751641421,0.27948318282891693
25601,LOF,0.04484922030871549,0.41399469571339503,0.5411560839778895
25602,LOF,0.12046387340598654,0.020602093713171732,0.8589340328808417
25603,LOF,0.08483949846072515,0.024288608934692438,0.8908718926045823
25604,LOF,0.11694639255701099,0.10427547762147424,0.7787781298215148
25605,LOF,0.2230591114634586,0.07829596233633747,0.6986449262002039
25606,Neutral,0.6177158991453836,0.04760557550371996,0.3346785253508965
25607,LOF,0.06287497121096215,0.09044463258927889,0.846680396199759
25608,LOF,0.050777685746680096,0.1444367109614908,0.8047856032918292
25609,GOF,0.08193058506207108,0.725060693503086,0.19300872143484288
25610,LOF,0.029714391296267895,0.09338484769652416,0.8769007610072078
25611,LOF,0.029834237047046335,0.0941023606559597,0.8760634022969941
25612,LOF,0.03141390278448196,0.0744635861963953,0.8941225110191228
25613,LOF,0.03681908951783442,0.08467992481491901,0.8785009856672465
25614,LOF,0.04277806019294036,0.16774310625781638,0.7894788335492432
25615,LOF,0.054700515506899104,0.09482430370398569,0.8504751807891152
25616,LOF,0.029705434014268346,0.11975179081862482,0.8505427751671069
25617,LOF,0.029596233689769737,0.12199843140330931,0.8484053349069209
25618,GOF,0.20360685753752028,0.48581764622359963,0.31057549623888003
25619,LOF,0.0436169907530713,0.19098517905024365,0.7653978301966851
25620,LOF,0.02961666455909839,0.1440882063668492,0.8262951290740524
25621,LOF,0.08554999657765222,0.06551412421672291,0.8489358792056249
25622,LOF,0.0813763338698391,0.10947318975288405,0.8091504763772768
25623,LOF,0.09706142011454999,0.06278385636053421,0.8401547235249157
25624,LOF,0.04132948624103363,0.16414165688819546,0.7945288568707709
25625,LOF,0.07741333733259431,0.08284683359492753,0.8397398290724782
25626,LOF,0.024482478751022947,0.07959308790434066,0.8959244333446365
25627,Neutral,0.8238266951442538,0.0478725159827664,0.12830078887297974
25628,LOF,0.11699486594350135,0.16092389447424962,0.722081239582249
25629,LOF,0.025160874770721823,0.16695466051735966,0.8078844647119184
25630,LOF,0.32510036541579596,0.09345664568262035,0.5814429889015837
25631,LOF,0.36574295213776736,0.12291507734666537,0.5113419705155673
25632,LOF,0.021949689502809885,0.09885061828040254,0.8791996922167875
25633,LOF,0.043857759913502915,0.08067077968815231,0.8754714603983447
25634,LOF,0.03768686572959942,0.0471809588626747,0.9151321754077258
25635,LOF,0.04043862761667786,0.08823475884618694,0.8713266135371353
25636,GOF,0.01963007049493195,0.5762898777025112,0.40408005180255674
25637,GOF,0.018766572306995053,0.5560013261804807,0.4252321015125243
25638,GOF,0.010764125599054639,0.6070295565900612,0.38220631781088416
25639,LOF,0.02895440899296499,0.4458795806108902,0.5251660103961447
25640,Neutral,0.7990022817912887,0.15835863056182367,0.04263908764688756
25641,GOF,0.06272981865446396,0.4816348910058214,0.4556352903397148
25642,LOF,0.04658022313784977,0.408755801184295,0.5446639756778553
25643,GOF,0.27790941494265003,0.4691988956607073,0.25289168939664264
25644,LOF,0.015033520996629003,0.4594844860924162,0.5254819929109548
25645,LOF,0.012067016162885993,0.3889116238502933,0.5990213599868207
25646,LOF,0.02490243045961906,0.4081818186826041,0.5669157508577768
25647,LOF,0.014081185185226344,0.2652270486151149,0.7206917661996586
25648,LOF,0.01800699850841978,0.27127338271620827,0.7107196187753719
25649,LOF,0.01165710167027175,0.17163026496353728,0.816712633366191
25650,LOF,0.04090428250980335,0.3860792013719669,0.5730165161182298
25651,LOF,0.01490182769949565,0.2116296414919678,0.7734685308085365
25652,LOF,0.012438605178214128,0.267127020007731,0.720434374814055
25653,LOF,0.03725696792939429,0.2957605587102619,0.6669824733603438
25654,LOF,0.009439620366329763,0.3432524936759036,0.6473078859577667
25655,LOF,0.08270197963558346,0.39000042601715335,0.5272975943472631
25656,LOF,0.18195543429393965,0.23473257545371198,0.5833119902523484
25657,LOF,0.049422463824613676,0.41600163862965156,0.5345758975457348
25658,GOF,0.09981813612424018,0.4870155381992941,0.41316632567646566
25659,GOF,0.23575104386019977,0.559605350008051,0.20464360613174912
25660,LOF,0.04064174411882185,0.22336807526014138,0.7359901806210368
25661,LOF,0.04041381736574399,0.2012422371469506,0.7583439454873054
25662,LOF,0.030718983856273384,0.0775498221758011,0.8917311939679254
25663,LOF,0.03150297610430214,0.07842168125217708,0.8900753426435208
25664,LOF,0.08245622671405797,0.08248337759590696,0.8350603956900351
25665,LOF,0.029941795415883675,0.0478155275465349,0.9222426770375813
25666,LOF,0.07131621034852825,0.0861374568924675,0.8425463327590043
25667,LOF,0.027714282701917208,0.1640994718994232,0.8081862453986596
25668,LOF,0.03247882863732686,0.19491879323608455,0.7726023781265886
25669,LOF,0.028435814516142494,0.1962530567384868,0.7753111287453708
25670,LOF,0.10641195201605931,0.05600572519593567,0.837582322788005
25671,LOF,0.03683866220098925,0.045948706688808974,0.9172126311102018
25672,LOF,0.01941266645476218,0.09224929988336847,0.8883380336618694
25673,LOF,0.08466861255723421,0.060010125617271516,0.8553212618254944
25674,LOF,0.07813714421631772,0.05626639962156769,0.8655964561621144
25675,LOF,0.0739544924322136,0.04406939316691108,0.8819761144008752
25676,LOF,0.030576364055597258,0.08378342622367685,0.8856402097207259
25677,LOF,0.04074353306839568,0.22108240663610734,0.7381740602954969
25678,LOF,0.08340663679709805,0.12346315937926607,0.793130203823636
25679,LOF,0.1343959968051879,0.07987884727303032,0.7857251559217818
25680,LOF,0.0409633585943929,0.20363397836510028,0.7554026630405067
25681,LOF,0.040738293543260536,0.21888836304243237,0.7403733434143072
25682,LOF,0.030559504093001972,0.0787284267404991,0.8907120691664989
25683,LOF,0.11008856207765903,0.04290797975560379,0.847003458166737
25684,LOF,0.029496554566552407,0.11157332779380688,0.8589301176396407
25685,LOF,0.04479500150345039,0.46216578054098584,0.49303921795556377
25686,GOF,0.02364705555689364,0.5087156198826929,0.46763732456041335
25687,GOF,0.029017519153099296,0.6963963974011421,0.2745860834457585
25688,LOF,0.4256012619967473,0.03580038318613727,0.5385983548171154
25689,LOF,0.19890357749604118,0.03963532584696139,0.7614610966569973
25690,LOF,0.2722745078087955,0.04805733497073569,0.6796681572204689
25691,Neutral,0.6760213366117196,0.05238759078478121,0.2715910726034992
25692,LOF,0.171560720341799,0.013442949515261593,0.8149963301429395
25693,GOF,0.06434885457744804,0.7188109088405978,0.21684023658195414
25694,LOF,0.12074765316425064,0.03434368078485465,0.8449086660508948
25695,LOF,0.0984479113099917,0.022823671705534017,0.8787284169844742
25696,LOF,0.1264739690749863,0.038739231715141216,0.8347867992098724
25697,LOF,0.09185024700780281,0.20996555557500232,0.6981841974171948
25698,LOF,0.21322433050768191,0.2658443705376915,0.5209312989546266
25699,GOF,0.21794223955921843,0.4866255122872614,0.29543224815352004
25700,LOF,0.04421627113790147,0.07958316423194754,0.876200564630151
25701,LOF,0.18973254688134925,0.2965472166318794,0.5137202364867715
25702,GOF,0.1943708244053015,0.7222630203598787,0.08336615523481987
25703,LOF,0.02752885909740518,0.43208021762836835,0.5403909232742266
25704,LOF,0.03743111941858727,0.4425731768136324,0.5199957037677803
25705,LOF,0.027400284174728878,0.4341560864311482,0.5384436293941229
25706,GOF,0.0889934530052099,0.6010002453604849,0.3100063016343052
25707,GOF,0.0905988569371869,0.5446046111308208,0.36479653193199224
25708,LOF,0.03478127342622134,0.44999772214495726,0.5152210044288215
25709,LOF,0.027872079896441162,0.4208944404590638,0.5512334796444951
25710,LOF,0.019462163063510098,0.20868952019700002,0.77184831673949
25711,LOF,0.027872079896441162,0.4208944404590638,0.5512334796444951
25712,LOF,0.022912048024105607,0.23658348415169814,0.7405044678241963
25713,LOF,0.027562373427767625,0.4188374984834673,0.5536001280887651
25714,LOF,0.028437746917871622,0.3990975947170113,0.5724646583651172
25715,LOF,0.027655135346704995,0.43234016411613957,0.5400047005371554
25716,LOF,0.015646303341488955,0.11212482255977546,0.8722288740987355
25717,LOF,0.016931127900944854,0.12922824501911984,0.8538406270799352
25718,LOF,0.01971863056554031,0.32313537110802587,0.6571459983264338
25719,LOF,0.02865888421191867,0.4065719625694505,0.5647691532186309
25720,LOF,0.027666449040288338,0.431456878601915,0.5408766723577967
25721,LOF,0.028518384605913244,0.4190116941866613,0.5524699212074256
25722,LOF,0.028637853688004686,0.4110213414929766,0.5603408048190187
25723,LOF,0.027872079896441162,0.4208944404590638,0.5512334796444951
25724,LOF,0.09796286249346278,0.4410094353747454,0.4610277021317918
25725,LOF,0.027666449040288338,0.431456878601915,0.5408766723577967
25726,LOF,0.029020465295306847,0.4096225837918522,0.5613569509128409
25727,LOF,0.028518384605913244,0.4190116941866613,0.5524699212074256
25728,LOF,0.027917000869590067,0.42079900287731203,0.5512839962530979
25729,LOF,0.028724797541746255,0.41020166693342985,0.5610735355248239
25730,LOF,0.02849481262505616,0.41647367902258875,0.5550315083523552
25731,LOF,0.016710050929620975,0.16400651403674613,0.8192834350336329
25732,LOF,0.0201189494117004,0.269717442069429,0.7101636085188706
25733,LOF,0.020019390808749784,0.2742214264219792,0.705759182769271
25734,LOF,0.02220015666762528,0.20617695123615457,0.7716228920962201
25735,LOF,0.020743230658122027,0.28556904633151187,0.6936877230103662
25736,LOF,0.01971863056554031,0.32313537110802587,0.6571459983264338
25737,LOF,0.027663466062116015,0.43129247911803437,0.5410440548198495
25738,LOF,0.028637745682548107,0.4070267798577124,0.5643354744597396
25739,LOF,0.028437746917871622,0.3990975947170113,0.5724646583651172
25740,LOF,0.028533756148306527,0.41697043087273494,0.5544958129789586
25741,LOF,0.028437746917871622,0.3990975947170113,0.5724646583651172
25742,LOF,0.0274259771004808,0.4318824128649256,0.5406916100345935
25743,LOF,0.03367278599451102,0.06780981348838873,0.8985174005171003
25744,Neutral,0.5385696841400919,0.22799332177153372,0.2334369940883744
25745,LOF,0.030747672879642106,0.16883072025648457,0.8004216068638734
25746,LOF,0.02207255942968124,0.18066205068435529,0.7972653898859634
25747,LOF,0.02897547792843876,0.10903663563816887,0.8619878864333924
25748,LOF,0.08503908219285776,0.11681160959111876,0.7981493082160235
25749,LOF,0.022490303445870826,0.272753977786051,0.7047557187680783
25750,LOF,0.023781748992419745,0.20182324681850367,0.7743950041890766
25751,LOF,0.0375935843346123,0.2670999936933,0.6953064219720877
25752,GOF,0.0390086097414794,0.7794458927446888,0.18154549751383192
25753,LOF,0.016281268967732635,0.4033141039480219,0.5804046270842456
25754,GOF,0.021120462103220543,0.7666338521530749,0.2122456857437045
25755,LOF,0.022501212125241792,0.3375643987742714,0.6399343891004868
25756,GOF,0.025924085062412793,0.509331040305858,0.4647448746317292
25757,GOF,0.017650892932858705,0.777344588635683,0.20500451843145837
25758,GOF,0.023318344060776566,0.8230129290991997,0.15366872684002367
25759,GOF,0.016536382125159316,0.6985661308397558,0.2848974870350848
25760,LOF,0.021089636624313485,0.3979966370308572,0.5809137263448294
25761,GOF,0.24667222764817928,0.671105107651819,0.08222266470000165
25762,LOF,0.0270857303698456,0.4287273035136357,0.5441869661165187
25763,LOF,0.01796592438296878,0.4063175187269922,0.575716556890039
25764,GOF,0.05059960465945911,0.8180436629100378,0.13135673243050314
25765,GOF,0.020529930998921624,0.7999015085106247,0.17956856049045372
25766,GOF,0.0658683798864874,0.8282940318302112,0.10583758828330139
25767,GOF,0.09470133903674327,0.7983093247311093,0.10698933623214728
25768,LOF,0.0581444392337147,0.2787228621904635,0.6631326985758218
25769,LOF,0.025517892148141066,0.27800079740437666,0.6964813104474822
25770,LOF,0.23311112958675784,0.10005580721063595,0.6668330632026062
25771,LOF,0.0624917201727279,0.04013411018679037,0.8973741696404818
25772,LOF,0.027736400187370662,0.1955987868531169,0.7766648129595123
25773,LOF,0.06528994884818652,0.06539090238962168,0.8693191487621917
25774,LOF,0.0169129446756549,0.15540846004507752,0.8276785952792675
25775,LOF,0.08430998207240263,0.03552713205380089,0.8801628858737965
25776,LOF,0.03350992097470373,0.10896265311579455,0.8575274259095017
25777,LOF,0.27309462590987915,0.06743656434788063,0.6594688097422403
25778,LOF,0.025640748935053345,0.2643321396237578,0.7100271114411888
25779,Neutral,0.4668472956661707,0.451594401139393,0.08155830319443634
25780,Neutral,0.5051858569608978,0.41264184253644887,0.08217230050265337
25781,GOF,0.20957765603720502,0.6892771415824234,0.10114520238037152
25782,GOF,0.2235438828847099,0.6697180486788694,0.10673806843642063
25783,GOF,0.03229756665334213,0.6610492667377871,0.3066531666088708
25784,Neutral,0.6926671880969116,0.2587989699089394,0.048533841994148945
25785,Neutral,0.6536972436733166,0.23231990806376848,0.11398284826291483
25786,GOF,0.019505677582544005,0.8144043023291705,0.16609002008828547
25787,Neutral,0.8663019419560535,0.08939235220638668,0.04430570583755989
25788,LOF,0.03143401653100156,0.053372628943758875,0.9151933545252395
25789,GOF,0.1732403009205906,0.6162671774562682,0.21049252162314125
25790,GOF,0.19910097313914762,0.5935763331567326,0.20732269370411965
25791,GOF,0.13346266738105506,0.4384700846850697,0.4280672479338753
25792,Neutral,0.3601136757883545,0.33420686735538924,0.30567945685625636
25793,GOF,0.35677849564878894,0.5337789166931894,0.10944258765802152
25794,GOF,0.256714850432954,0.5114454409353304,0.2318397086317156
25795,GOF,0.07211261618921314,0.750354919411582,0.1775324643992048
25796,Neutral,0.5681925872359348,0.2977736429412543,0.13403376982281098
25797,GOF,0.10889869771476297,0.4856084454915832,0.40549285679365377
25798,GOF,0.017311502653992325,0.5058189389668892,0.47686955837911843
25799,LOF,0.01433599095061866,0.4688298906402134,0.5168341184091679
25800,GOF,0.05942284951365059,0.6782271962881626,0.26234995419818685
25801,GOF,0.26219887722798924,0.6150404788180046,0.12276064395400607
25802,GOF,0.09383683586425966,0.6126008993214677,0.29356226481427267
25803,GOF,0.0880289121585512,0.6313115331918546,0.28065955464959425
25804,GOF,0.05388630356142268,0.5743211112143568,0.3717925852242205
25805,GOF,0.12201664557559815,0.6994794027131795,0.17850395171122224
25806,GOF,0.15358451129744424,0.577084271889773,0.2693312168127828
25807,GOF,0.02095230466354204,0.6343065549430239,0.34474114039343406
25808,GOF,0.08914307337046695,0.6817662261018169,0.22909070052771613
25809,GOF,0.019526253410957126,0.49528546459319706,0.4851882819958458
25810,GOF,0.02231526866286737,0.5636046393960419,0.41408009194109063
25811,Neutral,0.5084352985966526,0.40564304273693297,0.08592165866641446
25812,GOF,0.058697120650709735,0.5512656152806525,0.3900372640686377
25813,Neutral,0.6355455355010942,0.20957862883775644,0.15487583566114935
25814,GOF,0.17586624460860525,0.6279655187956997,0.196168236595695
25815,GOF,0.24468537967280166,0.6074171602250785,0.1478974601021198
25816,GOF,0.026858630708951357,0.8398417672452468,0.1332996020458018
25817,GOF,0.13969589545011188,0.685608578794127,0.17469552575576106
25818,GOF,0.07829245396375047,0.5861117635668427,0.33559578246940686
25819,GOF,0.3448931972723901,0.47948269233148205,0.1756241103961278
25820,GOF,0.1919748450004446,0.5510815954724696,0.25694355952708586
25821,GOF,0.05619871563797761,0.6511318566357058,0.29266942772631654
25822,GOF,0.2352474462436683,0.5303353902867394,0.2344171634695924
25823,GOF,0.0577473836860752,0.6088491349250785,0.3334034813888462
25824,GOF,0.10716225073484827,0.44738414638562946,0.44545360287952235
25825,LOF,0.0460309319949983,0.4570860107900122,0.4968830572149896
25826,GOF,0.014770423525507658,0.6281638204815744,0.3570657559929179
25827,GOF,0.021821601028105483,0.7004880425661848,0.27769035640570966
25828,GOF,0.015709166884819537,0.6619953955507378,0.3222954375644427
25829,GOF,0.010184908723931525,0.5089206827601229,0.4808944085159455
25830,LOF,0.06858203065625502,0.08962760129466592,0.8417903680490791
25831,GOF,0.11045316829071834,0.7708158733292572,0.11873095838002459
25832,GOF,0.042194823462798466,0.7439788342354684,0.21382634230173317
25833,GOF,0.15281340493157786,0.700491953811123,0.14669464125729922
25834,GOF,0.056971984107219605,0.7469227427501648,0.1961052731426156
25835,GOF,0.12166161540433784,0.6988288422228432,0.17950954237281894
25836,GOF,0.059496737968460126,0.7318443615836266,0.20865890044791327
25837,GOF,0.028541662658846195,0.6232444711649784,0.3482138661761754
25838,GOF,0.12247513282497414,0.6938577727810207,0.1836670943940051
25839,GOF,0.352707294131405,0.4909572692636009,0.1563354366049941
25840,GOF,0.14932928932379314,0.664377175249233,0.18629353542697388
25841,GOF,0.16912374571999014,0.634749170344426,0.19612708393558384
25842,GOF,0.37739079183595725,0.4449354698681516,0.17767373829589114
25843,GOF,0.3057091316031526,0.556857923495133,0.13743294490171432
25844,GOF,0.1328934863860745,0.49563481356026085,0.37147170005366453
25845,GOF,0.0275549684477146,0.5989861313613438,0.3734589001909415
25846,GOF,0.090455217546859,0.7287251992568434,0.1808195831962975
25847,GOF,0.1780902384451782,0.7026927627484605,0.11921699880636127
25848,GOF,0.08669288968834152,0.7275252060649671,0.1857819042466914
25849,GOF,0.015846523547805132,0.6683742281320499,0.31577924832014503
25850,GOF,0.026973486967863558,0.7556936791262668,0.2173328339058695
25851,GOF,0.019835266336662036,0.6406784443537241,0.3394862893096138
25852,GOF,0.10720555728935341,0.6056068263350376,0.2871876163756091
25853,GOF,0.31152390236822886,0.5474810976209802,0.14099500001079104
25854,GOF,0.014716054741045762,0.6536398454784074,0.331644099780547
25855,LOF,0.05820201675246884,0.42094925966871183,0.5208487235788194
25856,GOF,0.2734642261803768,0.4518936126333712,0.274642161186252
25857,GOF,0.05757113859541859,0.5832907596075985,0.359138101796983
25858,GOF,0.02694914265658409,0.7197664317087288,0.25328442563468717
25859,GOF,0.013954116760999778,0.6596203517690916,0.32642553146990866
25860,GOF,0.33326358160001174,0.5120652799937145,0.15467113840627372
25861,GOF,0.18809894156875476,0.7257418831576735,0.08615917527357177
25862,GOF,0.14892476709731123,0.6626920040733568,0.18838322882933198
25863,GOF,0.15676986449294858,0.669999175602068,0.1732309599049834
25864,GOF,0.261456435562618,0.6130969363009349,0.12544662813644725
25865,GOF,0.09140815528179881,0.761984402882463,0.14660744183573815
25866,GOF,0.10881221960280396,0.699560981143775,0.19162679925342097
25867,GOF,0.12670194212676367,0.7281424312489095,0.14515562662432677
25868,GOF,0.19502405002011314,0.6147918957972904,0.19018405418259654
25869,Neutral,0.746964168609776,0.18306259972042832,0.06997323166979579
25870,LOF,0.1392721962528782,0.05756814582875699,0.8031596579183649
25871,GOF,0.09614168490763844,0.5974447652342024,0.3064135498581592
25872,GOF,0.2149425429865613,0.47768981200347443,0.3073676450099642
25873,GOF,0.19525320704940355,0.563797013415617,0.24094977953497937
25874,LOF,0.03276363054670256,0.052314800208602893,0.9149215692446945
25875,LOF,0.0863845337276194,0.3123730636989707,0.6012424025734099
25876,LOF,0.03345502921527653,0.12525957406297558,0.841285396721748
25877,LOF,0.36347517354457326,0.2575337776503302,0.3789910488050965
25878,GOF,0.13291686198279862,0.49434267212001104,0.37274046589719034
25879,GOF,0.06496167758991801,0.5138120454287226,0.42122627698135934
25880,LOF,0.02808390518035067,0.11121139862095043,0.8607046961986988
25881,LOF,0.35459207052100794,0.18676821329676782,0.45863971618222427
25882,LOF,0.08963542575107501,0.04202085578668335,0.8683437184622417
25883,LOF,0.09425380928588259,0.07150270367421248,0.8342434870399049
25884,LOF,0.07703450638429185,0.07734883233965441,0.8456166612760537
25885,LOF,0.0838346346511771,0.04771648630642216,0.8684488790424006
25886,LOF,0.22942888943594855,0.14461680179755915,0.6259543087664922
25887,LOF,0.3779579477911845,0.1134951455079654,0.5085469067008501
25888,LOF,0.1720964717141007,0.12845214003954353,0.6994513882463558
25889,LOF,0.08992380110476243,0.06433576503760682,0.8457404338576308
25890,LOF,0.06302564360613076,0.09879065997664405,0.8381836964172252
25891,LOF,0.05934309169147807,0.034015009625146,0.906641898683376
25892,LOF,0.09937822188808848,0.06313184387954948,0.837489934232362
25893,LOF,0.31879891483934003,0.050889400573132765,0.6303116845875272
25894,LOF,0.1519612165974561,0.029007446093916315,0.8190313373086276
25895,LOF,0.1720190082000203,0.024052091334867486,0.8039289004651122
25896,LOF,0.03974767933619498,0.01846577867588545,0.9417865419879197
25897,LOF,0.17783563819262435,0.053012447609394504,0.7691519141979811
25898,Neutral,0.6414728651045507,0.054083497478911544,0.3044436374165379
25899,LOF,0.1486948896749347,0.18129480763923447,0.670010302685831
25900,Neutral,0.6991532420798253,0.04591116871766288,0.2549355892025118
25901,LOF,0.07239339530844985,0.04661091913700409,0.8809956855545461
25902,LOF,0.11159566932565543,0.02643362200650513,0.8619707086678395
25903,Neutral,0.5292743932281954,0.07826309434034426,0.39246251243146035
25904,LOF,0.24258263702854574,0.07274468115081323,0.684672681820641
25905,LOF,0.017778698863473295,0.4155628399676782,0.5666584611688485
25906,LOF,0.026330674622005088,0.052521475504400485,0.9211478498735943
25907,LOF,0.012991141284257218,0.3044501613486501,0.6825586973670926
25908,LOF,0.01824567927533412,0.18389529653018583,0.7978590241944801
25909,LOF,0.027016220218271127,0.10765978330538062,0.8653239964763482
25910,GOF,0.014211332839261267,0.606171416074362,0.3796172510863767
25911,LOF,0.12245834665158715,0.022757896814095145,0.8547837565343177
25912,LOF,0.040105736935459664,0.08807946418975164,0.8718147988747887
25913,LOF,0.23435366214214357,0.026197530349912058,0.7394488075079444
25914,LOF,0.06539551937805636,0.18796544998793777,0.7466390306340059
25915,Neutral,0.4746581308614271,0.41717466137751125,0.10816720776106176
25916,GOF,0.037904448642695335,0.6885265553074376,0.27356899604986723
25917,LOF,0.023119207562536253,0.12122721785589292,0.8556535745815709
25918,LOF,0.05367957157068905,0.0758624219182613,0.8704580065110497
25919,LOF,0.05621638322303133,0.06418115591581233,0.8796024608611563
25920,GOF,0.2170756890688133,0.6432118729765445,0.13971243795464214
25921,LOF,0.053096303750661225,0.0851587072730225,0.8617449889763164
25922,LOF,0.05161656565925108,0.0788989459054996,0.8694844884352493
25923,LOF,0.22413751140453897,0.14706945011780012,0.6287930384776609
25924,LOF,0.06216631120578181,0.0374006795893386,0.9004330092048796
25925,LOF,0.04165508245616344,0.049416226409655616,0.9089286911341808
25926,LOF,0.04063192923932734,0.03699973833312016,0.9223683324275526
25927,LOF,0.09775103554541711,0.1545038179410623,0.7477451465135206
25928,LOF,0.043253416370839765,0.030997287116627286,0.925749296512533
25929,LOF,0.3445851141145462,0.13770274604320584,0.5177121398422481
25930,LOF,0.09425380928588259,0.07150270367421248,0.8342434870399049
25931,LOF,0.044287397641150604,0.026859040046040537,0.9288535623128089
25932,LOF,0.07921745291008074,0.04638785167450838,0.8743946954154109
25933,LOF,0.08249567021753831,0.03928477018809967,0.8782195595943619
25934,LOF,0.07258637407131084,0.062395279724069164,0.86501834620462
25935,LOF,0.027579245700174056,0.057235659148002306,0.9151850951518236
25936,LOF,0.08245836074259616,0.03928262174707804,0.8782590175103259
25937,LOF,0.07703763092804264,0.052828239050187596,0.8701341300217696
25938,LOF,0.04309487598315439,0.1268575656349194,0.8300475583819262
25939,LOF,0.06591374097804109,0.08190556115706661,0.8521806978648923
25940,GOF,0.02200316741041137,0.6039454314854759,0.3740514011041128
25941,LOF,0.2417415206683282,0.06999095854565122,0.6882675207860205
25942,LOF,0.033992514559043924,0.018038734488736167,0.9479687509522198
25943,LOF,0.34813059308037225,0.030238408354327857,0.6216309985652999
25944,Neutral,0.5002680912126906,0.02409501296241466,0.4756368958248947
25945,LOF,0.1935158262165544,0.17365990182212449,0.6328242719613212
25946,LOF,0.015593993480326319,0.18800660398362926,0.7963994025360445
25947,LOF,0.068767153464504,0.3736685169633826,0.5575643295721133
25948,LOF,0.3717272843994602,0.011608188357917458,0.6166645272426223
25949,LOF,0.12090730078014851,0.018221547380680894,0.8608711518391705
25950,Neutral,0.46316917948826747,0.19920912063486848,0.337621699876864
25951,LOF,0.26072603242587133,0.27554051638226396,0.46373345119186477
25952,GOF,0.05301432016227151,0.6483371642938177,0.2986485155439107
25953,LOF,0.13425738760093914,0.3638850297585066,0.5018575826405542
25954,Neutral,0.45220914811429413,0.4183349576382371,0.12945589424746867
25955,LOF,0.05964121070909511,0.33195501982944503,0.6084037694614598
25956,LOF,0.15671529744682253,0.12663115714587747,0.7166535454073001
25957,LOF,0.049133319726719735,0.038450739468698765,0.9124159408045815
25958,LOF,0.11540322324764368,0.0460965755545413,0.838500201197815
25959,LOF,0.10247669182388831,0.293106680374432,0.6044166278016797
25960,LOF,0.02722140984577123,0.10137590220637702,0.8714026879478518
25961,LOF,0.11540322324764368,0.0460965755545413,0.838500201197815
25962,LOF,0.04043365192103922,0.14895762094363688,0.8106087271353238
25963,LOF,0.04115532637383263,0.20792043097158844,0.7509242426545789
25964,LOF,0.05372974168231785,0.15789999465545873,0.7883702636622234
25965,Neutral,0.5165307973665577,0.10577544660352597,0.3776937560299163
25966,LOF,0.15181553885139873,0.40397506267954986,0.44420939846905144
25967,LOF,0.02948841475411966,0.2031031373441337,0.7674084479017467
25968,LOF,0.06029913010940749,0.46584661872739047,0.4738542511632021
25969,LOF,0.022357702677228017,0.09888557588125502,0.878756721441517
25970,LOF,0.05076134219252658,0.03442424828207471,0.9148144095253987
25971,LOF,0.07019641368361078,0.05592418997013529,0.8738793963462539
25972,LOF,0.09811031116012094,0.045816142794461875,0.8560735460454172
25973,LOF,0.1316309945211239,0.01543496812128997,0.8529340373575861
25974,Neutral,0.48075219746899994,0.05273100428960164,0.46651679824139847
25975,LOF,0.06333387160219092,0.08027417248641436,0.8563919559113947
25976,LOF,0.028762261087732974,0.0445335859959546,0.9267041529163124
25977,LOF,0.02637347379944075,0.4050822103772819,0.5685443158232772
25978,LOF,0.25325669250369537,0.14737609095561216,0.5993672165406926
25979,LOF,0.19976899423694222,0.14525686974037505,0.6549741360226826
25980,LOF,0.23561710887374582,0.1832041729879818,0.5811787181382724
25981,LOF,0.23561710887374582,0.1832041729879818,0.5811787181382724
25982,LOF,0.4601589344626148,0.07778203401699003,0.4620590315203951
25983,Neutral,0.5439271131803426,0.09429944980377754,0.36177343701587983
25984,LOF,0.03769591995393903,0.3123712881473651,0.6499327918986958
25985,LOF,0.028038213042841275,0.4345536170591357,0.5374081698980231
25986,GOF,0.05877042485341849,0.5633164576788072,0.37791311746777423
25987,LOF,0.13326297198117856,0.16683377706931096,0.6999032509495104
25988,LOF,0.03847901150951296,0.30506619583069605,0.656454792659791
25989,LOF,0.027297092302527422,0.220172442993472,0.7525304647040006
25990,LOF,0.03133808726099674,0.12829380916669653,0.8403681035723067
25991,LOF,0.23669356435435043,0.2356079286567085,0.527698506988941
25992,LOF,0.3338491807814735,0.2554334232157636,0.41071739600276275
25993,LOF,0.0370174960573201,0.13184686413024468,0.8311356398124353
25994,LOF,0.0370174960573201,0.13184686413024468,0.8311356398124353
25995,LOF,0.036393557606517586,0.17249989973813196,0.7911065426553505
25996,LOF,0.17820581420032702,0.3999974393689831,0.42179674643069
25997,GOF,0.10667316254123828,0.4657422877590372,0.42758454969972454
25998,Neutral,0.5241595929538522,0.01884006172423932,0.4570003453219086
25999,LOF,0.16958607059548267,0.40635139033948675,0.42406253906503044
26000,LOF,0.10501726508455467,0.03123233497998412,0.8637503999354611
26001,LOF,0.11872844292632763,0.10088670768841085,0.7803848493852614
26002,LOF,0.08446754894810062,0.04154559066519387,0.8739868603867055
26003,GOF,0.009466703620410102,0.6781713193174629,0.31236197706212704
26004,GOF,0.0230200096288535,0.7829844170536656,0.19399557331748085
26005,GOF,0.009811585475159292,0.5628662320538821,0.4273221824709586
26006,Neutral,0.49226927697332923,0.3081945200599748,0.19953620296669602
26007,GOF,0.02168604493439409,0.7147509593146022,0.2635629957510037
26008,GOF,0.014311679340982512,0.701315639360561,0.2843726812984565
26009,GOF,0.03350551459884154,0.7380989711377764,0.228395514263382
26010,GOF,0.0160843172808761,0.8451331087527482,0.13878257396637572
26011,GOF,0.009585658547497053,0.5414959524428177,0.4489183890096853
26012,GOF,0.018398284890106184,0.5067055299093409,0.4748961852005529
26013,GOF,0.010743224440010558,0.7174437533004255,0.271813022259564
26014,LOF,0.03658241169843911,0.2651243074518565,0.6982932808497044
26015,LOF,0.20359327503792696,0.011368065403637459,0.7850386595584355
26016,LOF,0.34623760902484263,0.050447815647463486,0.603314575327694
26017,LOF,0.28753689563637497,0.04190899764319632,0.6705541067204288
26018,LOF,0.11771173791097851,0.029221006724240016,0.8530672553647813
26019,LOF,0.11771173791097851,0.029221006724240016,0.8530672553647813
26020,LOF,0.10043551814092243,0.16881409796465763,0.7307503838944199
26021,LOF,0.09297516901819045,0.15638100268696348,0.7506438282948461
26022,LOF,0.023690651880040978,0.04276625154708426,0.9335430965728747
26023,LOF,0.26116003700897766,0.04832004044394071,0.6905199225470817
26024,LOF,0.05452246333809506,0.16192638831359854,0.7835511483483064
26025,LOF,0.25470169007352106,0.09164706211609679,0.6536512478103822
26026,LOF,0.4334885925170449,0.013309403223928136,0.553202004259027
26027,LOF,0.11771173791097851,0.029221006724240016,0.8530672553647813
26028,LOF,0.2060962545145882,0.06818964295433183,0.7257141025310799
26029,GOF,0.05194049618034832,0.540118474531276,0.4079410292883757
26030,LOF,0.022582987212784737,0.14596480437404039,0.8314522084131749
26031,LOF,0.01759319054125145,0.4384992115778502,0.5439075978808984
26032,LOF,0.06269086110576785,0.2126532846861798,0.7246558542080523
26033,GOF,0.22669248495078528,0.3900464057512856,0.38326110929792917
26034,LOF,0.02404523077550111,0.3581044358126703,0.6178503334118286
26035,LOF,0.01909809439215377,0.4384651418574542,0.542436763750392
26036,LOF,0.022229891151594263,0.35204948565575944,0.6257206231926463
26037,LOF,0.015520705286493172,0.33172932856397624,0.6527499661495306
26038,LOF,0.06269086110576785,0.2126532846861798,0.7246558542080523
26039,LOF,0.03816742252047954,0.40107095022712236,0.5607616272523981
26040,GOF,0.3563847082043435,0.4870968540325801,0.15651843776307647
26041,LOF,0.016042877040846424,0.2886121278355883,0.6953449951235652
26042,LOF,0.015701731361239438,0.2844630188247935,0.699835249813967
26043,LOF,0.06269086110576785,0.2126532846861798,0.7246558542080523
26044,LOF,0.023054875691349352,0.17663807475770757,0.8003070495509431
26045,LOF,0.04593924085912727,0.3810597045415845,0.5730010545992883
26046,LOF,0.06269086110576785,0.2126532846861798,0.7246558542080523
26047,LOF,0.06269086110576785,0.2126532846861798,0.7246558542080523
26048,LOF,0.06359374670202741,0.18914291525164095,0.7472633380463316
26049,Neutral,0.9125304560790967,0.05007386535727227,0.037395678563630956
26050,Neutral,0.899863473910555,0.0515691359971098,0.04856739009233522
26051,GOF,0.0226988572207613,0.6582375500338136,0.31906359274542495
26052,GOF,0.02505349864224097,0.6384109634382591,0.33653553791949986
26053,GOF,0.056017583300781715,0.5236047087685124,0.420377707930706
26054,LOF,0.044134316247576,0.03185882241822781,0.9240068613341962
26055,LOF,0.0485518482251026,0.021363748818867125,0.9300844029560302
26056,LOF,0.038471840961958846,0.03192277113509386,0.9296053879029473
26057,LOF,0.07233229694101567,0.09662016614399241,0.8310475369149919
26058,LOF,0.07233229694101567,0.09662016614399241,0.8310475369149919
26059,LOF,0.31164106837819544,0.05597061771292091,0.6323883139088837
26060,LOF,0.0979829476793852,0.28410355996160885,0.6179134923590058
26061,LOF,0.049144456159793994,0.025485449915325326,0.9253700939248808
26062,LOF,0.026871434421231667,0.024044808307624503,0.9490837572711437
26063,LOF,0.06763871045355652,0.10153872014258869,0.8308225694038547
26064,LOF,0.04884648061784616,0.015606822862932825,0.935546696519221
26065,LOF,0.07441752420728527,0.06337313802536113,0.8622093377673536
26066,LOF,0.06832033246734617,0.08654571175540138,0.8451339557772524
26067,LOF,0.07203432891036025,0.07633133538965485,0.8516343356999849
26068,LOF,0.03660471092346545,0.04903018752836663,0.9143651015481679
26069,LOF,0.38228782203503425,0.023959962010776006,0.5937522159541897
26070,Neutral,0.6699369152199659,0.009237614881253858,0.3208254698987802
26071,LOF,0.06695009142811989,0.1071304269183036,0.8259194816535765
26072,LOF,0.04033711759599482,0.04556469494016553,0.9140981874638398
26073,LOF,0.07639879023572957,0.040737809448956816,0.8828634003153136
26074,Neutral,0.9590381168757095,0.00720843269473501,0.033753450429555465
26075,LOF,0.034850543559018815,0.024584861397392608,0.9405645950435887
26076,LOF,0.0682736258177279,0.07530224569090005,0.8564241284913721
26077,LOF,0.027423758551452737,0.056970608623421286,0.915605632825126
26078,LOF,0.02792840726637712,0.04818673873276829,0.9238848540008545
26079,LOF,0.037894421624893225,0.030302202919982386,0.9318033754551244
26080,LOF,0.037894421624893225,0.030302202919982386,0.9318033754551244
26081,LOF,0.06829874949410242,0.08784252220498144,0.8438587283009161
26082,LOF,0.04947835581175221,0.03671178339467442,0.9138098607935733
26083,LOF,0.11368975140741029,0.0699714318635895,0.8163388167290003
26084,LOF,0.0671734686634174,0.1125304653869675,0.8202960659496151
26085,LOF,0.0671734686634174,0.1125304653869675,0.8202960659496151
26086,LOF,0.07376778420864873,0.06721660770294467,0.8590156080884066
26087,LOF,0.07446315291756994,0.05172797788047063,0.8738088692019595
26088,LOF,0.05194548718219353,0.05433820399208144,0.893716308825725
26089,LOF,0.04302563570764045,0.026141033108628142,0.9308333311837313
26090,LOF,0.03839763813903449,0.02295305671127545,0.93864930514969
26091,LOF,0.07639879023572957,0.040737809448956816,0.8828634003153136
26092,LOF,0.06837629979105163,0.09774385063700891,0.8338798495719395
26093,LOF,0.07685666267858056,0.037274872472717,0.8858684648487024
26094,LOF,0.07789368801287243,0.0368816707520719,0.8852246412350557
26095,LOF,0.06965938675279551,0.03659600577649604,0.8937446074707085
26096,LOF,0.04155851811061452,0.02941197920864469,0.9290295026807408
26097,LOF,0.02530176941115207,0.09468275986314034,0.8800154707257076
26098,LOF,0.037036228783235016,0.022893251043059275,0.9400705201737058
26099,LOF,0.09712405545554699,0.10213284936265661,0.8007430951817963
26100,LOF,0.09712405545554699,0.10213284936265661,0.8007430951817963
26101,LOF,0.06621107731773422,0.1392996519210552,0.7944892707612106
26102,LOF,0.06367162541192734,0.12439998335910694,0.8119283912289657
26103,Neutral,0.7677220251983102,0.06099433726669336,0.17128363753499634
26104,LOF,0.026280430592274747,0.04578077527069543,0.9279387941370297
26105,LOF,0.21737548022037567,0.13338437111067436,0.6492401486689501
26106,LOF,0.19973956890405414,0.05561669551444047,0.7446437355815054
26107,LOF,0.27364656980790736,0.0467178417706687,0.679635588421424
26108,LOF,0.1570069460007815,0.04470683774240848,0.7982862162568101
26109,LOF,0.10430169396348671,0.07850003873901759,0.8171982672974958
26110,LOF,0.25934750708136056,0.03153058858943047,0.7091219043292091
26111,LOF,0.32622210513524597,0.13946368031961037,0.5343142145451436
26112,LOF,0.08844813354359664,0.034571203378760025,0.8769806630776433
26113,LOF,0.08600077282918712,0.0783364086948491,0.8356628184759637
26114,LOF,0.04180556857169966,0.015361664101578468,0.9428327673267218
26115,LOF,0.13150931119582918,0.03761919804731744,0.8308714907568533
26116,LOF,0.10687698402374449,0.03123751936119573,0.8618854966150599
26117,LOF,0.2466660908051624,0.1808252874429116,0.572508621751926
26118,LOF,0.06830125736608804,0.033242464854430914,0.8984562777794811
26119,LOF,0.04019282010518121,0.19256907347952273,0.7672381064152962
26120,LOF,0.061462114602685705,0.049473364493965506,0.8890645209033488
26121,LOF,0.06659570642339979,0.16298400132226432,0.7704202922543358
26122,LOF,0.08234549739321662,0.18119470479785918,0.7364597978089242
26123,LOF,0.06560967281610613,0.24183344920223052,0.6925568779816632
