feature0,prediction,LoGoFunc_Neutral,LoGoFunc_GOF,LoGoFunc_LOF
25546,Neutral,0.6284565257663619,0.05295893030071864,0.3185845439329194
25547,Neutral,0.5291488605577972,0.08205818118300146,0.38879295825920124
25548,Neutral,0.5314957158863584,0.07542425450886832,0.3930800296047733
25549,Neutral,0.48338328121570506,0.07505383091613277,0.4415628878681621
25550,LOF,0.404711337232774,0.08911745505323684,0.5061712077139892
25551,LOF,0.36180376208972487,0.09464258243987468,0.5435536554704004
25552,LOF,0.3084892754115098,0.10283452808357643,0.5886761965049138
25553,Neutral,0.78797390781123,0.049500027863706025,0.1625260643250639
25554,LOF,0.3498744442715911,0.09411346542444965,0.5560120903039592
25555,LOF,0.3002502869504193,0.09721325440913056,0.6025364586404501
25556,Neutral,0.4792337022103639,0.08791609937855822,0.4328501984110779
25557,LOF,0.2983356593929594,0.09192913239904509,0.6097352082079955
25558,LOF,0.36552718730715855,0.08689838990222937,0.5475744227906122
25559,LOF,0.24606955293397603,0.05165235226860786,0.7022780947974161
25560,LOF,0.09564102082810626,0.18145940277226855,0.7228995763996253
25561,LOF,0.10171295697416892,0.2733009956013429,0.6249860474244882
25562,LOF,0.03090802144873661,0.11560236716186426,0.853489611389399
25563,LOF,0.006774457261878222,0.18740308773910377,0.805822454999018
25564,LOF,0.07716583611541632,0.12576776220715885,0.7970664016774247
25565,LOF,0.16921960649936207,0.1323741385829466,0.6984062549176913
25566,GOF,0.06386428801205724,0.7282990405528462,0.20783667143509663
25567,LOF,0.04374263466106037,0.16054911241775552,0.7957082529211842
25568,LOF,0.06273618234014419,0.09137539306674337,0.8458884245931124
25569,LOF,0.06508850221693763,0.08482195526785678,0.8500895425152055
25570,LOF,0.026251052695443988,0.129346105287671,0.844402842016885
25571,LOF,0.02639556087219637,0.13361434847014705,0.8399900906576565
25572,LOF,0.054570661249130986,0.19219392617049147,0.7532354125803775
25573,LOF,0.06772880445055834,0.12250840771098953,0.809762787838452
25574,LOF,0.07825930732703434,0.2398104884603928,0.6819302042125729
25575,LOF,0.02464762092790475,0.14710441812752179,0.8282479609445735
25576,LOF,0.024572030432735488,0.21803988659211737,0.7573880829751471
25577,LOF,0.027261412020885882,0.18028440830760395,0.7924541796715102
25578,LOF,0.2943508727134695,0.09053753288679481,0.6151115943997356
25579,LOF,0.20941770768501414,0.09275108561247947,0.6978312067025064
25580,LOF,0.023186503879124784,0.08857840888734618,0.8882350872335291
25581,LOF,0.04932775440456276,0.09547328886460704,0.8551989567308302
25582,LOF,0.049033186100417264,0.09284616020286067,0.858120653696722
25583,LOF,0.029996944705791655,0.1028245994149378,0.8671784558792706
25584,Neutral,0.7021847513737778,0.12405555157192015,0.17375969705430203
25585,LOF,0.023667585035757346,0.18490472783671216,0.7914276871275305
25586,LOF,0.020922941197322083,0.11239834973062736,0.8666787090720505
25587,LOF,0.020499309266305617,0.10145877806830125,0.8780419126653931
25588,LOF,0.02522824488781852,0.08545563554000964,0.8893161195721719
25589,Neutral,0.561433034715039,0.21504330858810164,0.2235236566968595
25590,LOF,0.052681735378626436,0.1369210211677669,0.8103972434536068
25591,LOF,0.10400230900395492,0.08362521891881132,0.8123724720772336
25592,LOF,0.07336194078101457,0.1551936993340083,0.7714443598849771
25593,LOF,0.11777209464172103,0.3082625566801835,0.5739653486780955
25594,LOF,0.05512700598675748,0.03095416188776162,0.9139188321254809
25595,LOF,0.06459365360967513,0.020231838732931585,0.9151745076573933
25596,LOF,0.11245223131209482,0.015184074798105405,0.8723636938897997
25597,LOF,0.08422089245006331,0.015671948744563097,0.9001071588053735
25598,LOF,0.054738794220826184,0.021762487912744353,0.9234987178664295
25599,LOF,0.02744051925421089,0.36276331426241887,0.6097961664833702
25600,LOF,0.19740510734917244,0.32610374616456833,0.4764911464862592
25601,LOF,0.054633488122221574,0.2715758596703391,0.6737906522074393
25602,LOF,0.031034220578045942,0.07461018811398751,0.8943555913079665
25603,LOF,0.046676091568539815,0.06705913144773862,0.8862647769837216
25604,LOF,0.05635264715732246,0.11632350079869373,0.8273238520439838
25605,LOF,0.04517177632521975,0.17878776387530126,0.7760404597994789
25606,Neutral,0.4001337934342589,0.23222253903975598,0.3676436675259851
25607,LOF,0.033020909340376964,0.2625046341078881,0.7044744565517349
25608,LOF,0.044458587221865166,0.11012829014608147,0.8454131226320534
25609,GOF,0.1536199657702689,0.5963191932648932,0.2500608409648378
25610,LOF,0.018116297106561877,0.06281061441227494,0.9190730884811631
25611,LOF,0.01380736941143029,0.06299695939668261,0.9231956711918871
25612,LOF,0.048413045341039525,0.07672041416287638,0.874866540496084
25613,LOF,0.04681387803676652,0.07211446180292222,0.8810716601603114
25614,LOF,0.02284996125231605,0.06473624949966342,0.9124137892480205
25615,LOF,0.04357012720065761,0.06584575950368224,0.8905841132956601
25616,LOF,0.059514148321335204,0.06843500835112833,0.8720508433275365
25617,LOF,0.04642447171548443,0.07428207724523335,0.8792934510392822
25618,LOF,0.04490665713061571,0.11044283444648346,0.8446505084229009
25619,LOF,0.013874462170480537,0.09017223604923265,0.8959533017802869
25620,LOF,0.051870630619810634,0.07710579666997303,0.8710235727102164
25621,LOF,0.06731131136963671,0.061273699943998616,0.8714149886863646
25622,LOF,0.078022263319631,0.07431594937856238,0.8476617873018065
25623,LOF,0.05834134095377397,0.07256310144674168,0.8690955575994843
25624,LOF,0.021779277354060062,0.06875277879132731,0.9094679438546126
25625,LOF,0.06089459136906158,0.0745336413692923,0.8645717672616461
25626,LOF,0.05088289491865261,0.06271910378132296,0.8863980013000243
25627,Neutral,0.8869916557919915,0.022260059327977026,0.09074828488003145
25628,LOF,0.1799022270344688,0.06232142669343228,0.757776346272099
25629,LOF,0.06543889840789865,0.06122110391980046,0.8733399976723007
25630,LOF,0.3039561516899233,0.07011542379372901,0.6259284245163477
25631,Neutral,0.5306138791570711,0.049574902662590674,0.4198112181803382
25632,LOF,0.03104466913318425,0.16567304565916333,0.8032822852076524
25633,LOF,0.2348782032067424,0.08538628684657179,0.6797355099466857
25634,LOF,0.042843052052235604,0.1367322869433747,0.8204246610043898
25635,LOF,0.03727754209545922,0.07149763420578066,0.8912248236987602
25636,GOF,0.03482454144537897,0.5343982236961197,0.4307772348585012
25637,GOF,0.04436884128026395,0.4957053912225947,0.4599257674971415
25638,LOF,0.028466508427795544,0.4178476961215755,0.5536857954506289
25639,LOF,0.037908118200563536,0.4184133787843101,0.5436785030151262
25640,Neutral,0.8429684222265276,0.0991991167046764,0.05783246106879609
25641,LOF,0.1334347661039247,0.33542292488646236,0.531142309009613
25642,LOF,0.092255334908384,0.15493203996309354,0.7528126251285224
25643,LOF,0.29068845240722113,0.07965716494517397,0.6296543826476048
25644,GOF,0.011156849041612888,0.6158465139194016,0.37299663703898556
25645,GOF,0.011490009830668137,0.5760516061578873,0.4124583840114446
25646,LOF,0.02247192240913038,0.373116670196952,0.6044114073939175
25647,LOF,0.010557005834370529,0.297027690013349,0.6924153041522805
25648,LOF,0.013278776102252901,0.3567835874603328,0.6299376364374144
25649,LOF,0.00847612835046543,0.276503834550988,0.7150200370985466
25650,GOF,0.029507560915185794,0.5968139378552351,0.3736785012295791
25651,LOF,0.010891933004941673,0.3931110925072001,0.5959969744878583
25652,LOF,0.011324884931447489,0.4303500379318399,0.5583250771367126
25653,GOF,0.04676939073616008,0.5860211770044942,0.3672094322593457
25654,LOF,0.012890270197339699,0.2511608508976586,0.7359488789050016
25655,GOF,0.1187149437209392,0.5988858446508143,0.28239921162824644
25656,LOF,0.2633739425555379,0.08002492387481898,0.6566011335696431
25657,LOF,0.03398941450640143,0.07250726567574446,0.893503319817854
25658,LOF,0.30116596594004036,0.10389887825875826,0.5949351558012014
25659,LOF,0.4242133650012074,0.10341605964319014,0.47237057535560256
25660,LOF,0.021609656967097456,0.10274310003034764,0.875647243002555
25661,LOF,0.0713145499720604,0.0671554492274756,0.861530000800464
25662,LOF,0.027688636147062705,0.04013552759527217,0.9321758362576652
25663,LOF,0.02926282465159833,0.03855170956119449,0.9321854657872073
25664,LOF,0.09932167394923906,0.0607463765451976,0.8399319495055634
25665,LOF,0.06526780930608596,0.0337943946528877,0.9009377960410263
25666,LOF,0.07095054062486476,0.05053722747313447,0.8785122319020008
25667,LOF,0.0627934999484403,0.04456278965989412,0.8926437103916657
25668,LOF,0.029914394021823127,0.055536977478168395,0.9145486285000085
25669,LOF,0.021861119818057117,0.051544742792747324,0.9265941373891955
25670,LOF,0.1206342063161222,0.04190729954548808,0.8374584941383898
25671,LOF,0.09482003305843617,0.038691862235388716,0.8664881047061752
25672,LOF,0.052551765565504394,0.05123012575646738,0.8962181086780283
25673,LOF,0.0813349017169359,0.04123633253805527,0.8774287657450088
25674,LOF,0.0785833672910647,0.05245466520254673,0.8689619675063887
25675,LOF,0.08007624661474773,0.07056908736696252,0.8493546660182897
25676,LOF,0.01719522607237576,0.06254849186847425,0.9202562820591501
25677,LOF,0.016433106249389262,0.0874602406058512,0.8961066531447596
25678,LOF,0.1523746238160903,0.09460050317570329,0.7530248730082064
25679,LOF,0.11123008141965131,0.09175901389367032,0.7970109046866783
25680,LOF,0.025656872577597058,0.13222129101425423,0.8421218364081487
25681,LOF,0.04225656418540504,0.1153680482257795,0.8423753875888154
25682,LOF,0.10948403415818829,0.07521586063953715,0.8153001052022747
25683,LOF,0.09665530191666581,0.07670772337949172,0.8266369747038426
25684,LOF,0.02739625741243911,0.06408471610704923,0.9085190264805117
25685,LOF,0.14063633214308693,0.08360946821648521,0.7757541996404279
25686,LOF,0.08841516878254771,0.12449922442526642,0.787085606792186
25687,LOF,0.12425332702672534,0.11822118664512016,0.7575254863281544
25688,LOF,0.4068979413839149,0.027328296767004764,0.5657737618490805
25689,LOF,0.2715774667458572,0.035026040120890514,0.6933964931332522
25690,LOF,0.3441723245345046,0.024590531463028333,0.631237144002467
25691,Neutral,0.6959069984760163,0.02393144082410607,0.2801615606998776
25692,LOF,0.37729545466912595,0.009149113542598127,0.6135554317882759
25693,LOF,0.04068337279642004,0.4577551851437533,0.5015614420598267
25694,LOF,0.10719418166929692,0.019649334571482366,0.8731564837592207
25695,LOF,0.1050657340559442,0.009024693136510576,0.8859095728075452
25696,LOF,0.11102743733146676,0.011146540227678673,0.8778260224408545
25697,LOF,0.054262022577206574,0.07358126653225923,0.8721567108905341
25698,LOF,0.22987093767115863,0.2437694832296092,0.5263595790992323
25699,LOF,0.47351872980781623,0.023497950087534806,0.502983320104649
25700,LOF,0.06664765004377748,0.007669554537470804,0.9256827954187516
25701,LOF,0.1887575949768153,0.028573618199885978,0.7826687868232987
25702,GOF,0.2106723645743766,0.6275634021760949,0.16176423324952863
25703,LOF,0.01820540203225773,0.1856690764549524,0.7961255215127899
25704,LOF,0.036090483058799055,0.1489872642793805,0.8149222526618204
25705,LOF,0.04075859501894292,0.0791529171541928,0.8800884878268642
25706,GOF,0.10367436141238347,0.4484780129796497,0.44784762560796687
25707,LOF,0.0795983839943203,0.397112270696903,0.5232893453087767
25708,LOF,0.032086885093930206,0.37854169785506364,0.5893714170510062
25709,LOF,0.07802661831580807,0.03220652999360005,0.8897668516905919
25710,LOF,0.01628219576047186,0.13183454699145478,0.8518832572480732
25711,LOF,0.0219078656726209,0.0709635988346009,0.9071285354927783
25712,LOF,0.01710259374885968,0.16575501078744354,0.8171423954636968
25713,LOF,0.019494697608503146,0.062411478819909515,0.9180938235715874
25714,LOF,0.08088137671160076,0.04905489311262024,0.8700637301757789
25715,LOF,0.011660213818567203,0.10274629374472327,0.8855934924367095
25716,LOF,0.011744243139153987,0.08949798111267425,0.8987577757481716
25717,LOF,0.017607620360212472,0.05989076812575264,0.9225016115140349
25718,LOF,0.01233743662916529,0.0421482496405831,0.9455143137302515
25719,LOF,0.02254726673785341,0.0556336642187938,0.9218190690433529
25720,LOF,0.028117519350581273,0.04301619880211448,0.9288662818473044
25721,LOF,0.011778832002641315,0.05730230373205205,0.9309188642653067
25722,LOF,0.013868410973581553,0.04831640060483982,0.9378151884215786
25723,LOF,0.026529560837681102,0.03401140319180666,0.9394590359705124
25724,LOF,0.03392527690357958,0.06694619653908868,0.8991285265573317
25725,LOF,0.012136618556199777,0.056765633865278185,0.9310977475785222
25726,LOF,0.01766629289376508,0.07078524365022261,0.9115484634560123
25727,LOF,0.0139362421595296,0.04799602597001478,0.9380677318704556
25728,LOF,0.010978587123529036,0.06219127913071512,0.9268301337457557
25729,LOF,0.011196151716087073,0.062440438920997605,0.9263634093629153
25730,LOF,0.015029792440875175,0.06370432966225693,0.9212658778968679
25731,LOF,0.021289286852609106,0.07836574103814341,0.9003449721092475
25732,LOF,0.014071533269742613,0.041757981029648755,0.9441704857006087
25733,LOF,0.01498990942467659,0.048981777091267796,0.9360283134840557
25734,LOF,0.013292017214298827,0.11856346647199847,0.8681445163137027
25735,LOF,0.011893416419230265,0.04881306800466834,0.9392935155761014
25736,LOF,0.012910188945268672,0.05510296496213101,0.9319868460926003
25737,LOF,0.012635968303323043,0.09171327205143753,0.8956507596452393
25738,LOF,0.012589956067873706,0.0966773358119646,0.8907327081201617
25739,LOF,0.02270983016512365,0.062188608498878084,0.9151015613359983
25740,LOF,0.03154380889122228,0.10020667856826161,0.8682495125405161
25741,LOF,0.015852436434353034,0.09135754234889581,0.8927900212167512
25742,LOF,0.12782697625201603,0.06862876719480057,0.8035442565531834
25743,LOF,0.039783837686889666,0.06626778401465247,0.8939483782984579
25744,Neutral,0.6197407180208485,0.2605835157957753,0.11967576618337622
25745,LOF,0.05248325645028972,0.09706285567499587,0.8504538878747144
25746,LOF,0.04129063689580227,0.12488834638707341,0.8338210167171244
25747,LOF,0.016656222341291486,0.14327531223369402,0.8400684654250146
25748,LOF,0.104744957513598,0.23061638050755226,0.6646386619788497
25749,LOF,0.02525664802075609,0.13393700106442155,0.8408063509148224
25750,LOF,0.05851460976342789,0.14791452740504188,0.7935708628315302
25751,LOF,0.11044966521602928,0.1839678409270003,0.7055824938569705
25752,GOF,0.11162062328786201,0.6520185578599488,0.23636081885218904
25753,LOF,0.033600691821233965,0.3639238015806281,0.602475506598138
25754,GOF,0.01874834247923329,0.7803360271015211,0.20091563041924557
25755,LOF,0.030990777273758586,0.3482667312497472,0.6207424914764941
25756,LOF,0.06351774312404553,0.4206850768075406,0.5157971800684138
25757,GOF,0.016496300029067476,0.8817537339451813,0.10174996602575116
25758,GOF,0.02500909026553823,0.807964176603017,0.16702673313144473
25759,GOF,0.011581386202998397,0.6750902645253269,0.31332834927167474
25760,LOF,0.021677027343394342,0.36528231780062476,0.6130406548559809
25761,GOF,0.2719623012030228,0.6273214506387207,0.1007162481582565
25762,LOF,0.05138110142607703,0.33634222840084005,0.6122766701730828
25763,LOF,0.01754041512909243,0.23404447545066934,0.7484151094202381
25764,GOF,0.060033480665332865,0.6950269588974191,0.24493956043724818
25765,GOF,0.03487976556737544,0.7675027967990672,0.1976174376335575
25766,GOF,0.08472593039673619,0.7431817791223443,0.1720922904809195
25767,LOF,0.16233570099161587,0.4067413873692241,0.4309229116391601
25768,LOF,0.11314209429899333,0.04378111825329856,0.8430767874477081
25769,LOF,0.053274090940882875,0.06338165713340563,0.8833442519257115
25770,LOF,0.4087383780342664,0.10916641304797747,0.4820952089177561
25771,LOF,0.06294865940532036,0.053430743790296394,0.8836205968043833
25772,LOF,0.019085920115859405,0.05107439885601295,0.9298396810281275
25773,LOF,0.0694665355658392,0.05707277476012796,0.8734606896740328
25774,LOF,0.027297364061543088,0.12813364342395944,0.8445689925144975
25775,LOF,0.06728002888369475,0.05372239204059657,0.8789975790757087
25776,LOF,0.07196858065277215,0.0328421928585437,0.8951892264886842
25777,Neutral,0.5163212972849345,0.08705426939859055,0.39662443331647496
25778,LOF,0.07017889558301958,0.04894057791666148,0.8808805265003189
25779,GOF,0.4121655417146915,0.5336671232227441,0.05416733506256446
25780,GOF,0.35296632686616863,0.5369336626475144,0.11010001048631694
25781,GOF,0.10122183800596501,0.7418446782373044,0.1569334837567307
25782,GOF,0.17001883415942345,0.7147889270687009,0.11519223877187565
25783,GOF,0.02298549127613894,0.6238322275818883,0.3531822811419728
25784,Neutral,0.531144180772623,0.4175005656062578,0.05135525362111912
25785,Neutral,0.512837862247767,0.4045329970115594,0.08262914074067348
25786,GOF,0.02737893572271177,0.6592406480723391,0.31338041620494905
25787,Neutral,0.6908938013431158,0.26343786607280056,0.04566833258408359
25788,LOF,0.05487071789538931,0.06682493937721508,0.8783043427273957
25789,GOF,0.1755399711964106,0.6222746212774463,0.20218540752614306
25790,GOF,0.22597312566997513,0.6287031175769039,0.14532375675312087
25791,GOF,0.12476110725183757,0.6128830501212803,0.262355842626882
25792,GOF,0.3263905703575332,0.47063045646712626,0.2029789731753405
25793,GOF,0.25799619544767954,0.42047506981192784,0.3215287347403927
25794,GOF,0.3028642462874254,0.41178375947129847,0.28535199424127616
25795,GOF,0.05577314518270337,0.6283210993287996,0.315905755488497
25796,Neutral,0.5057801890282735,0.39226647223070465,0.10195333874102183
25797,GOF,0.0830084300362518,0.49960075417626143,0.41739081578748666
25798,LOF,0.011197027105749541,0.4901464868684646,0.49865648602578594
25799,LOF,0.008730407264555973,0.4204015522579183,0.5708680404775257
25800,GOF,0.04145294823763001,0.5793319538262753,0.37921509793609454
25801,GOF,0.23956162686623242,0.609733126518409,0.15070524661535847
25802,GOF,0.08026925459827161,0.580330123616538,0.33940062178519026
25803,GOF,0.043103322323849606,0.48823332399539093,0.4686633536807595
25804,LOF,0.03343653026110505,0.4292391275405196,0.5373243421983753
25805,GOF,0.11370674375636695,0.5062074819825164,0.3800857742611168
25806,GOF,0.12905740346645694,0.5144952966984472,0.35644729983509593
25807,GOF,0.019773633350301204,0.5443514701597729,0.43587489648992583
25808,GOF,0.09701359945147393,0.4868937437803817,0.41609265676814433
25809,GOF,0.020478805147213765,0.542676443907203,0.4368447509455831
25810,GOF,0.020860062976859894,0.5372151596092269,0.4419247774139131
25811,Neutral,0.4725435106072382,0.434227520944895,0.09322896844786698
25812,GOF,0.03426876775118521,0.5481013420247102,0.41762989022410457
25813,Neutral,0.5649114340885119,0.28678719336209746,0.14830137254939074
25814,GOF,0.10687746277285545,0.581828363474976,0.3112941737521686
25815,GOF,0.23817821830224836,0.5152507653221741,0.24657101637557755
25816,GOF,0.01791257220126111,0.6299371359476633,0.35215029185107566
25817,GOF,0.19559312495236175,0.6515376252523472,0.1528692497952911
25818,GOF,0.03320397321554076,0.502551997998735,0.4642440287857243
25819,GOF,0.33818360314115087,0.44041299188696426,0.22140340497188482
25820,GOF,0.17262712892008414,0.5552383853457878,0.27213448573412813
25821,GOF,0.05543972475810921,0.6195196600141701,0.3250406152277207
25822,GOF,0.2302962776105162,0.46094152012085465,0.30876220226862905
25823,LOF,0.03227795954725585,0.4309660035220143,0.5367560369307298
25824,GOF,0.08393146679265617,0.46552937699842756,0.4505391562089162
25825,LOF,0.03023453020577957,0.4745525230174008,0.4952129467768196
25826,LOF,0.010836066733559278,0.45372898691569924,0.5354349463507414
25827,GOF,0.01870117784221809,0.5372533642736858,0.4440454578840961
25828,LOF,0.012990799494731087,0.45900001941424506,0.5280091810910238
25829,GOF,0.007201210034120533,0.521480552411619,0.4713182375542605
25830,LOF,0.04016544665332559,0.23984405004033588,0.7199905033063386
25831,GOF,0.1297487648386663,0.6979450370846783,0.17230619807665548
25832,GOF,0.0361955095971078,0.6111800015912405,0.35262448881165154
25833,GOF,0.11304086937977394,0.6117159957223288,0.2752431348978973
25834,GOF,0.04433591920067549,0.603399643184067,0.35226443761525744
25835,GOF,0.100666153294367,0.5635882561302236,0.3357455905754095
25836,GOF,0.04651920242162572,0.5725160165425385,0.38096478103583586
25837,LOF,0.022841165481687294,0.47421245550325697,0.5029463790150557
25838,GOF,0.088219250583375,0.6545697370070827,0.2572110124095424
25839,GOF,0.2651609901161282,0.49826016035805754,0.23657884952581437
25840,GOF,0.19315419664632089,0.5390942184122929,0.2677515849413862
25841,GOF,0.23714973273429468,0.5298576446736798,0.23299262259202547
25842,GOF,0.15488747149607177,0.5886130142379896,0.2564995142659386
25843,GOF,0.2152469628121373,0.5995823482010642,0.1851706889867987
25844,GOF,0.052726185132729586,0.5792151618364842,0.36805865303078616
25845,LOF,0.013103514709771247,0.44079733002022764,0.5460991552700011
25846,GOF,0.08111421957219264,0.6895158404916671,0.2293699399361402
25847,GOF,0.11046460880677893,0.6557184634880251,0.2338169277051959
25848,GOF,0.032505429034063976,0.598297254508763,0.3691973164571729
25849,GOF,0.010555067265598368,0.5032523081052943,0.48619262462910734
25850,GOF,0.023200496518460605,0.5187764441192833,0.4580230593622562
25851,LOF,0.01953487026041678,0.44193157300681174,0.5385335567327715
25852,GOF,0.12010668238100847,0.5377062953638474,0.3421870222551442
25853,GOF,0.31498384541258817,0.5747909193084947,0.11022523527891714
25854,GOF,0.017553729283219383,0.6166608720029396,0.3657853987138409
25855,GOF,0.034914273879776934,0.5683091199714692,0.39677660614875404
25856,GOF,0.20028458093889948,0.5372984869716725,0.2624169320894281
25857,GOF,0.030798274145229326,0.5044221906672561,0.4647795351875145
25858,GOF,0.017077494856920995,0.5477023768403669,0.435220128302712
25859,GOF,0.00911287603235974,0.5458292296559301,0.4450578943117101
25860,GOF,0.3134400373981935,0.5456274610222298,0.14093250157957682
25861,GOF,0.34346619268938644,0.55649472088754,0.10003908642307355
25862,GOF,0.06738731556959364,0.7573492688630157,0.17526341556739053
25863,GOF,0.07185473064350995,0.7651362425688332,0.16300902678765689
25864,GOF,0.1365477048226876,0.7483358905239211,0.11511640465339124
25865,GOF,0.06500900311747,0.7545446072255975,0.18044638965693247
25866,GOF,0.056066933887697935,0.7648815280006485,0.17905153811165353
25867,GOF,0.07045670096810532,0.7702463691466004,0.15929692988529429
25868,GOF,0.24849334646709403,0.5991351411791314,0.1523715123537745
25869,Neutral,0.6794031901627093,0.2678647839270823,0.05273202591020831
25870,LOF,0.2523761013978882,0.22040561708199202,0.5272182815201197
25871,GOF,0.22670406457873524,0.5906787030091161,0.1826172324121488
25872,GOF,0.08835061782077756,0.5557360461893691,0.35591333598985325
25873,GOF,0.1664154015052807,0.5442916218966656,0.2892929765980537
25874,LOF,0.022377220176211184,0.06808022462193607,0.9095425552018529
25875,LOF,0.08510390213107352,0.052207877440596115,0.8626882204283304
25876,LOF,0.025225192217276086,0.05894774034147549,0.9158270674412484
25877,Neutral,0.5148662746274463,0.0530973334974476,0.4320363918751063
25878,LOF,0.2296638195252034,0.09077189577726498,0.6795642846975316
25879,LOF,0.10296537155067668,0.10955781610679852,0.7874768123425249
25880,LOF,0.02226953283968825,0.023785459554930066,0.9539450076053816
25881,LOF,0.18076969528094303,0.24408634876168728,0.5751439559573697
25882,LOF,0.07798711354834531,0.01832462731511484,0.9036882591365399
25883,LOF,0.08174193495266785,0.04560493383893443,0.8726531312083976
25884,LOF,0.04560644306197592,0.051265485399158206,0.903128071538866
25885,LOF,0.057365314485748234,0.028472875221035827,0.914161810293216
25886,LOF,0.3637743611141709,0.107094160091916,0.5291314787939132
25887,LOF,0.177079861106473,0.14097612476463575,0.6819440141288913
25888,LOF,0.07239949853957657,0.11869985203048757,0.8089006494299358
25889,LOF,0.04419789776316911,0.04540190450582817,0.9104001977310028
25890,LOF,0.05318861387145644,0.16111502288073898,0.7856963632478047
25891,LOF,0.05094724190579386,0.06532376958717581,0.8837289885070303
25892,LOF,0.09896614466430688,0.026399128723894837,0.8746347266117983
25893,LOF,0.30594913615524855,0.017148718228383954,0.6769021456163675
25894,LOF,0.1651857333213726,0.008648825648388052,0.8261654410302394
25895,LOF,0.20726405141316384,0.022322701696125772,0.7704132468907104
25896,LOF,0.044212981611519785,0.021376835856907292,0.934410182531573
25897,LOF,0.22883696615488647,0.017585719162144367,0.7535773146829692
25898,Neutral,0.7546202403450984,0.01081068801763336,0.23456907163726823
25899,LOF,0.27378111127828475,0.04623241722552345,0.6799864714961917
25900,Neutral,0.6008878560887875,0.014391608894035037,0.38472053501717746
25901,LOF,0.05807218515859403,0.01504817383908407,0.9268796410023218
25902,LOF,0.16557259607636854,0.011190060972671246,0.8232373429509602
25903,Neutral,0.5682811136107252,0.03244834257310381,0.399270543816171
25904,LOF,0.26103284079700706,0.04409450991126436,0.6948726492917287
25905,LOF,0.029070622648979867,0.29999160262752056,0.6709377747234997
25906,LOF,0.028120144497934152,0.07032886753295202,0.9015509879691139
25907,LOF,0.01408507225512742,0.3118064653559782,0.6741084623888944
25908,LOF,0.013737555136247434,0.22214200730490888,0.7641204375588437
25909,LOF,0.014473138533683197,0.15535617311331432,0.8301706883530025
25910,LOF,0.04549748327653949,0.19410611164061395,0.7603964050828464
25911,LOF,0.0824924133167043,0.05208826669715933,0.8654193199861364
25912,LOF,0.035314006979449294,0.09642778599460235,0.8682582070259484
25913,LOF,0.27518369684040195,0.03615197643863258,0.6886643267209656
25914,LOF,0.024834606341534136,0.15246032825494812,0.8227050654035177
25915,Neutral,0.3986737687446889,0.24241208904958333,0.3589141422057278
25916,LOF,0.05489864285811571,0.2960552523658251,0.6490461047760593
25917,LOF,0.06780591374401389,0.057957850142113757,0.8742362361138725
25918,LOF,0.03328240921285815,0.0916882914323275,0.8750292993548143
25919,LOF,0.02870761212636938,0.0923784831419277,0.8789139047317029
25920,GOF,0.10774666419317927,0.5571476542834067,0.33510568152341397
25921,LOF,0.032663866298461956,0.0311462356492228,0.9361898980523151
25922,LOF,0.04490836694660527,0.02092355930741734,0.9341680737459773
25923,LOF,0.4235863773019156,0.023320525707940108,0.5530930969901443
25924,LOF,0.036654172982581945,0.02773378666107361,0.9356120403563444
25925,LOF,0.08288040761756062,0.038115909743925175,0.8790036826385142
25926,LOF,0.05502254071513705,0.023506278233215928,0.921471181051647
25927,LOF,0.06627013140088037,0.053099354496041445,0.8806305141030781
25928,LOF,0.02174439252302832,0.02469652043385318,0.9535590870431184
25929,Neutral,0.574112335979193,0.02693627855772448,0.39895138546308245
25930,LOF,0.07024398145052559,0.018211385553538108,0.9115446329959364
25931,LOF,0.03129044352690553,0.019671151361488594,0.9490384051116059
25932,LOF,0.03158474256949486,0.016358912097952514,0.9520563453325527
25933,LOF,0.039492066014113814,0.010452288455968245,0.950055645529918
25934,LOF,0.02673735711602509,0.01306538215065254,0.9601972607333223
25935,LOF,0.08334321470763949,0.03458647222982046,0.88207031306254
25936,LOF,0.048566754147179474,0.016797680959295867,0.9346355648935247
25937,LOF,0.03451885404600367,0.02511881499236959,0.9403623309616268
25938,LOF,0.07854313583260072,0.040353846282907294,0.881103017884492
25939,LOF,0.043810721000227926,0.011286984597656188,0.9449022944021158
25940,LOF,0.022405295478472458,0.3896118011915648,0.5879829033299627
25941,LOF,0.13416095169993938,0.09865987893487281,0.7671791693651878
25942,LOF,0.013283067611627829,0.04475314471850191,0.9419637876698702
25943,LOF,0.32679570143678927,0.09403720619092813,0.5791670923722826
25944,Neutral,0.492381372899329,0.055346011546326686,0.4522726155543443
25945,LOF,0.06756008367790951,0.034932547250202464,0.8975073690718881
25946,LOF,0.030337454015795285,0.1850746989710744,0.7845878470131302
25947,LOF,0.13593087180713903,0.16583780268679746,0.6982313255060635
25948,LOF,0.43574969507395,0.013892169350801984,0.550358135575248
25949,LOF,0.0764857380804006,0.05722848174795916,0.8662857801716403
25950,GOF,0.21567912735011832,0.46176218057878887,0.32255869207109267
25951,LOF,0.28161962704456944,0.19747754260475744,0.5209028303506731
25952,LOF,0.05925576377671775,0.4258116993490626,0.5149325368742196
25953,LOF,0.1400144744633981,0.10382773756699216,0.7561577879696098
25954,LOF,0.36479217527489,0.22219392679729638,0.4130138979278136
25955,LOF,0.0612214988546759,0.07897530150437716,0.8598031996409469
25956,LOF,0.20679437210093668,0.06362178719975309,0.7295838406993103
25957,LOF,0.05275103739654437,0.024637281078487155,0.9226116815249685
25958,LOF,0.05458193583623473,0.04126265479491926,0.9041554093688461
25959,LOF,0.06107454536423517,0.44927273056198713,0.4896527240737777
25960,LOF,0.021872465347133756,0.06840453624367822,0.909722998409188
25961,LOF,0.045562345215446484,0.05105160167247196,0.9033860531120815
25962,LOF,0.058640718730712506,0.038603010209756115,0.9027562710595314
25963,LOF,0.059760216120402436,0.17179902136627445,0.768440762513323
25964,LOF,0.03998925821257684,0.16741894297459323,0.7925917988128299
25965,Neutral,0.4664470632520855,0.07484456942626637,0.4587083673216481
25966,LOF,0.33973876687629456,0.3138096040740313,0.34645162904967414
25967,LOF,0.015124093178326926,0.11642704608740743,0.8684488607342655
25968,LOF,0.0363297439801642,0.4120096940332005,0.5516605619866353
25969,LOF,0.02885184394145269,0.05307037275727474,0.9180777833012727
25970,LOF,0.07164956895813522,0.0643174723610434,0.8640329586808214
25971,LOF,0.08274427821196938,0.03241963286003991,0.8848360889279906
25972,LOF,0.07963194455478811,0.04086346945971332,0.8795045859854986
25973,LOF,0.07782984680346808,0.012685020686163537,0.9094851325103683
25974,LOF,0.3198975755158295,0.020209450426891432,0.6598929740572791
25975,LOF,0.05527032612233533,0.03271419464439321,0.9120154792332715
25976,LOF,0.034463435883475516,0.02881089041980629,0.9367256736967183
25977,LOF,0.14475589929822014,0.126044243062858,0.7291998576389219
25978,LOF,0.11776243772612638,0.13830324698360869,0.7439343152902649
25979,LOF,0.11917595500580395,0.12132102387367806,0.759503021120518
25980,LOF,0.144356495524293,0.19437733221645004,0.661266172259257
25981,LOF,0.176348844292264,0.19071003311485224,0.6329411225928838
25982,LOF,0.3803894565955763,0.11602357652380758,0.5035869668806161
25983,LOF,0.3601958162545642,0.1162712545543685,0.5235329291910673
25984,LOF,0.05418412495647123,0.10419121169493514,0.8416246633485935
25985,LOF,0.018199904865060106,0.3304493572027608,0.6513507379321791
25986,LOF,0.0231507868571495,0.3107155138657211,0.6661336992771293
25987,LOF,0.08088861196265552,0.11790315353662649,0.8012082345007181
25988,LOF,0.1151439237230849,0.09747441285877291,0.7873816634181422
25989,LOF,0.024968810088619807,0.1635364315612073,0.8114947583501728
25990,LOF,0.0350048282217303,0.13716360572430406,0.8278315660539657
25991,GOF,0.13128858577153718,0.45030448801490985,0.41840692621355297
25992,LOF,0.30750227311430955,0.2939041533621472,0.39859357352354335
25993,LOF,0.025109471002660713,0.10900557713600874,0.8658849518613306
25994,LOF,0.016711444830633533,0.131107106110184,0.8521814490591825
25995,LOF,0.02766220258090637,0.17790680111850585,0.7944309963005878
25996,GOF,0.1926998059886905,0.5543026829989618,0.25299751101234774
25997,GOF,0.06645936172809072,0.5444626339689048,0.38907800430300443
25998,Neutral,0.592657927149684,0.026289771848245755,0.38105230100207005
25999,LOF,0.14593226512755628,0.125780906529527,0.7282868283429167
26000,LOF,0.10991264723894552,0.03236395317994027,0.8577233995811143
26001,LOF,0.1907065472647258,0.03394191860347956,0.7753515341317946
26002,LOF,0.1403347812413741,0.03292085611349514,0.8267443626451308
26003,GOF,0.010276897712141905,0.6841921086881301,0.3055309935997281
26004,GOF,0.023024868941723415,0.7181565090064722,0.2588186220518045
26005,GOF,0.010669286240658948,0.5885985608003245,0.4007321529590166
26006,Neutral,0.5168888301182338,0.30087154195009636,0.1822396279316698
26007,GOF,0.01915280477321832,0.6201305094428617,0.3607166857839199
26008,GOF,0.021835536070831545,0.6241700904287981,0.35399437350037044
26009,GOF,0.026831746431514432,0.6963716796354622,0.27679657393302326
26010,GOF,0.02524798150774329,0.7706711250614792,0.20408089343077737
26011,GOF,0.009813273905689885,0.5617619002468347,0.42842482584747527
26012,GOF,0.01731927637354634,0.6311503564225815,0.35153036720387204
26013,GOF,0.014891838193300144,0.7244788529877958,0.260629308818904
26014,LOF,0.033649859068709,0.20602896567562862,0.7603211752556623
26015,LOF,0.212076745401815,0.00829720529434232,0.7796260493038426
26016,LOF,0.2643236085815825,0.041552760552901455,0.6941236308655161
26017,LOF,0.16367747054740867,0.0866401873096872,0.7496823421429041
26018,LOF,0.07757940686076065,0.027011601018661856,0.8954089921205776
26019,LOF,0.07760846971867957,0.02158692154624712,0.9008046087350732
26020,LOF,0.05408235778401967,0.1125721758201517,0.8333454663958285
26021,LOF,0.05403408841368163,0.15285460287116193,0.7931113087151564
26022,LOF,0.009959117418036536,0.06589222873639738,0.9241486538455662
26023,LOF,0.10554039006498389,0.02045099013905269,0.8740086197959634
26024,LOF,0.028831844270520993,0.11687915136123185,0.8542890043682471
26025,LOF,0.1482698112732123,0.07772280469958684,0.7740073840272009
26026,LOF,0.31996171296838594,0.013788504936396889,0.6662497820952171
26027,LOF,0.07362235981199426,0.015324335722162609,0.9110533044658431
26028,LOF,0.18588157129508417,0.09754320404434356,0.7165752246605722
26029,LOF,0.11612722270147688,0.1590954868711382,0.724777290427385
26030,LOF,0.03413784400341545,0.06500893945168562,0.9008532165448989
26031,LOF,0.0433560484098519,0.1356501629582364,0.8209937886319116
26032,LOF,0.08022849715850963,0.05635413221947949,0.863417370622011
26033,LOF,0.1326424474223498,0.06217124133285664,0.8051863112447935
26034,LOF,0.06816470769112144,0.12812909217735408,0.8037062001315245
26035,LOF,0.0438007954190258,0.1157948740539745,0.8404043305269997
26036,LOF,0.0625161703513085,0.13566062048472327,0.8018232091639683
26037,LOF,0.03526437001961146,0.105856260356061,0.8588793696243275
26038,LOF,0.07435376142670484,0.05126459455954245,0.8743816440137526
26039,LOF,0.08659136486341354,0.12033471505401744,0.7930739200825689
26040,LOF,0.2482043883315197,0.09170358865458807,0.6600920230138922
26041,LOF,0.03572390331407539,0.09921928409682838,0.8650568125890963
26042,LOF,0.03570128956433879,0.10381077938809835,0.8604879310475627
26043,LOF,0.07271136924427707,0.0661463702094133,0.8611422605463097
26044,LOF,0.03247418675700062,0.07162872480728004,0.8958970884357194
26045,LOF,0.10863581098010529,0.08819955974883177,0.803164629271063
26046,LOF,0.07670762904102985,0.06969729333927277,0.8535950776196974
26047,LOF,0.10706348268689717,0.07974877528914447,0.8131877420239584
26048,LOF,0.06163440757255329,0.05455660825428059,0.8838089841731662
26049,Neutral,0.9482329901163201,0.009776324168091663,0.041990685715588234
26050,Neutral,0.9317376532987691,0.01067012612602826,0.057592220575202566
26051,GOF,0.04315552524293921,0.49688117805336796,0.45996329670369274
26052,GOF,0.05204015088076492,0.5034791240393661,0.4444807250798689
26053,LOF,0.05915418029674171,0.2536098124717116,0.6872360072315468
26054,LOF,0.06407278914000863,0.0439580289931411,0.8919691818668504
26055,LOF,0.08901703308404649,0.03739208987335948,0.873590877042594
26056,LOF,0.0759846718327656,0.04346253305908184,0.8805527951081527
26057,LOF,0.03271649292832057,0.021598948892924855,0.9456845581787546
26058,LOF,0.03291625883102324,0.018644121952861133,0.9484396192161156
26059,LOF,0.3395164257835833,0.05723784813465306,0.6032457260817636
26060,LOF,0.026100275819371157,0.31883856861475374,0.6550611555658751
26061,LOF,0.0203820261562964,0.029784816327609265,0.9498331575160942
26062,LOF,0.01216073215378666,0.0414493164455989,0.9463899514006143
26063,LOF,0.02263445931096991,0.021795747201776412,0.9555697934872537
26064,LOF,0.02526272444862694,0.026372659621784072,0.948364615929589
26065,LOF,0.026233766874921793,0.023608464726973,0.9501577683981052
26066,LOF,0.02103905513514053,0.023321843720157946,0.9556391011447015
26067,LOF,0.025499323546618623,0.018779212903451373,0.9557214635499299
26068,LOF,0.05088878992012819,0.058385292510876506,0.8907259175689953
26069,LOF,0.42663561390907095,0.03952994960368447,0.5338344364872446
26070,Neutral,0.6600237011119385,0.022727466890517526,0.317248831997544
26071,LOF,0.02349378403361881,0.027170233909571868,0.9493359820568092
26072,LOF,0.026876271635887548,0.041426139578523466,0.9316975887855891
26073,LOF,0.0258860111262936,0.01899598025315028,0.9551180086205561
26074,Neutral,0.8783135636338764,0.00804318576403231,0.11364325060209143
26075,LOF,0.04236726017800002,0.031477323203107144,0.9261554166188928
26076,LOF,0.043286867043126016,0.01861373411382287,0.938099398843051
26077,LOF,0.009444874050880035,0.04464756229126331,0.9459075636578567
26078,LOF,0.014817016695871066,0.02531560501463289,0.9598673782894962
26079,LOF,0.04939194269224253,0.0340330067545596,0.9165750505531979
26080,LOF,0.04939194269224253,0.0340330067545596,0.9165750505531979
26081,LOF,0.035600193865268345,0.014748478142448543,0.9496513279922831
26082,LOF,0.01909935520879935,0.03730861612500764,0.9435920286661931
26083,LOF,0.14067997768260973,0.02327033821315649,0.8360496841042337
26084,LOF,0.026678728781000884,0.03194782247347061,0.9413734487455285
26085,LOF,0.023468149540200663,0.02913381417459918,0.9473980362852001
26086,LOF,0.022962568678009825,0.026464722536938684,0.9505727087850515
26087,LOF,0.02457397201649672,0.018309499271831453,0.9571165287116717
26088,LOF,0.021957105270678956,0.04154146577608868,0.9365014289532324
26089,LOF,0.04744641159393478,0.037055665034254184,0.9154979233718109
26090,LOF,0.04526818047833775,0.029473411258453458,0.9252584082632088
26091,LOF,0.039389434669527,0.012740634246755547,0.9478699310837174
26092,LOF,0.029418658631672936,0.019261921186157507,0.9513194201821694
26093,LOF,0.04027969390363869,0.013090223912018483,0.9466300821843427
26094,LOF,0.04427719760418739,0.011622131869730918,0.9441006705260817
26095,LOF,0.04426363253147013,0.028417574422581065,0.9273187930459488
26096,LOF,0.016196915810045624,0.02648835013304748,0.9573147340569069
26097,LOF,0.011108916540558475,0.07996482177104294,0.9089262616883985
26098,LOF,0.07063304619628433,0.029990320856301947,0.8993766329474137
26099,LOF,0.025705706265252044,0.029340105323075058,0.9449541884116729
26100,LOF,0.02714282884749589,0.027959005288086154,0.9448981658644179
26101,LOF,0.05728405206946026,0.02789061526364881,0.9148253326668909
26102,LOF,0.02709358980955695,0.023990867839015995,0.948915542351427
26103,Neutral,0.8896849812714337,0.03634562677999052,0.0739693919485758
26104,LOF,0.06889072515064203,0.05256847115819017,0.8785408036911678
26105,LOF,0.19321936687008914,0.28713392600826215,0.5196467071216487
26106,LOF,0.17137845731806886,0.15902074134536487,0.6696008013365662
26107,LOF,0.21238567897126856,0.14909456157443893,0.6385197594542925
26108,LOF,0.23766461717941353,0.19238263592933236,0.5699527468912541
26109,LOF,0.05243626587183793,0.1567284471478685,0.7908352869802936
26110,LOF,0.2893553454952513,0.012224223402028478,0.6984204311027202
26111,LOF,0.47166607818660927,0.02864100804068658,0.49969291377270403
26112,LOF,0.03634861613519166,0.014996801038889321,0.9486545828259191
26113,LOF,0.053485071779006306,0.02507163053684693,0.9214432976841467
26114,LOF,0.019791644493644452,0.027508828673586918,0.9526995268327686
26115,LOF,0.08898844429779301,0.040589913748919244,0.8704216419532878
26116,LOF,0.05155364686608523,0.0438584150127698,0.904587938121145
26117,LOF,0.30205295410723854,0.08787016576551188,0.6100768801272496
26118,LOF,0.03840365707948472,0.04756179316886535,0.9140345497516499
26119,LOF,0.021384173527790998,0.0624417177124761,0.9161741087597329
26120,LOF,0.02848316596864699,0.03512996364880326,0.9363868703825498
26121,LOF,0.059968250910769856,0.11589580098518718,0.824135948104043
26122,LOF,0.06564639065937053,0.05123102424550627,0.8831225850951231
