feature0,prediction,LoGoFunc_Neutral,LoGoFunc_GOF,LoGoFunc_LOF
25546,Neutral,0.6749077143380368,0.054642234339239454,0.2704500513227238
25547,Neutral,0.5207384778679982,0.09548682098566046,0.38377470114634127
25548,Neutral,0.5111566606349991,0.07683553577426776,0.41200780359073297
25549,LOF,0.4425160700456479,0.0793163479000141,0.4781675820543379
25550,LOF,0.37331830398335153,0.12016841363839739,0.506513282378251
25551,LOF,0.3131123488910471,0.13229641061872408,0.5545912404902289
25552,LOF,0.25641686604217284,0.12547606698780653,0.6181070669700206
25553,Neutral,0.816200273381428,0.041443804819148035,0.14235592179942405
25554,LOF,0.3019113635105922,0.11298461931269618,0.5851040171767116
25555,LOF,0.24783924130742002,0.10958656696370953,0.6425741917288704
25556,Neutral,0.4561067688718265,0.09351701084817853,0.450376220279995
25557,LOF,0.23117488429119482,0.11660111814651201,0.6522239975622931
25558,LOF,0.30588688101633343,0.11439265799060655,0.57972046099306
25559,LOF,0.18560776559268746,0.12605902335613534,0.6883332110511772
25560,LOF,0.15665164862541978,0.10122489493201764,0.7421234564425626
25561,LOF,0.15836589940291135,0.12910943987366938,0.7125246607234192
25562,LOF,0.0730246863070873,0.07661253000066541,0.8503627836922473
25563,LOF,0.02098761414840456,0.10878424863156723,0.8702281372200282
25564,LOF,0.21531780124718333,0.11247234740517775,0.672209851347639
25565,LOF,0.2224925163109645,0.12848864721271072,0.6490188364763249
25566,GOF,0.10715709085326756,0.6806931554052884,0.21214975374144393
25567,LOF,0.03376287834977303,0.12066261747953597,0.8455745041706909
25568,LOF,0.05973628682702498,0.06872545341941948,0.8715382597535555
25569,LOF,0.05776612525934745,0.07150108712308804,0.8707327876175645
25570,LOF,0.02753053071421018,0.09328308238666706,0.8791863868991227
25571,LOF,0.0268900471571553,0.09829447587498728,0.8748154769678573
25572,LOF,0.06053099648161838,0.11489564799460059,0.8245733555237811
25573,LOF,0.05506944795733332,0.08099826338215516,0.8639322886605114
25574,LOF,0.05485508410550517,0.17044342166944054,0.7747014942250543
25575,LOF,0.022389265389188433,0.12195559590933562,0.8556551387014759
25576,LOF,0.03302366346501478,0.15125965313662817,0.8157166833983571
25577,LOF,0.029119627312658436,0.10193095581182843,0.8689494168755131
25578,LOF,0.288255524003582,0.08070743807571235,0.6310370379207055
25579,LOF,0.12638639335361343,0.08767783241681368,0.785935774229573
25580,LOF,0.020246740198497027,0.07294340745973096,0.906809852341772
25581,LOF,0.05539318942381433,0.06633955589926414,0.8782672546769216
25582,LOF,0.055246806359503256,0.06513445971222534,0.8796187339282713
25583,LOF,0.019636187022834328,0.07680302513223632,0.9035607878449294
25584,Neutral,0.6501114149422211,0.10185039182775443,0.24803819323002455
25585,LOF,0.03259203380163041,0.11323154564180601,0.8541764205565635
25586,LOF,0.01806612228021027,0.06697545893614072,0.914958418783649
25587,LOF,0.01744012728290962,0.05713517733217953,0.9254246953849108
25588,LOF,0.020249484243950577,0.06802043104763135,0.9117300847084181
25589,Neutral,0.4967505859570416,0.19591196603597769,0.3073374480069808
25590,LOF,0.04608456661515011,0.09625444360272285,0.8576609897821269
25591,LOF,0.09451033533750924,0.05496740459185262,0.8505222600706381
25592,LOF,0.053480268648430175,0.1303027941037495,0.8162169372478204
25593,LOF,0.13465238211246466,0.23118723896047538,0.6341603789270599
25594,LOF,0.04646790096294298,0.1075726781343034,0.8459594209027536
25595,LOF,0.044283384021560436,0.08667899566163188,0.8690376203168076
25596,LOF,0.10197233240111361,0.04684040131642272,0.8511872662824636
25597,LOF,0.08684316414860335,0.05971758456403141,0.8534392512873653
25598,LOF,0.04924332346292707,0.08623391336236048,0.8645227631747123
25599,GOF,0.020895070273651204,0.5410999786423534,0.4380049510839955
25600,GOF,0.17284834791130163,0.5180652345583383,0.30908641753036
25601,LOF,0.04028512917543542,0.3950357989633056,0.564679071861259
25602,LOF,0.03641512547191858,0.054076833883096344,0.909508040644985
25603,LOF,0.03668554547093945,0.029471926479674258,0.9338425280493864
25604,LOF,0.038743545765679045,0.05886740179036711,0.902389052443954
25605,LOF,0.04232600440529772,0.1708666020271999,0.7868073935675023
25606,LOF,0.4351623943153046,0.09026683899803761,0.47457076668665776
25607,LOF,0.02514441158342354,0.16537408843335774,0.8094814999832187
25608,LOF,0.03634164904450646,0.07281127880990065,0.890847072145593
25609,GOF,0.15757111359519038,0.5164932278661823,0.3259356585386274
25610,LOF,0.01590669559605399,0.02751562934266653,0.9565776750612794
25611,LOF,0.015048985016086983,0.029658318159409072,0.955292696824504
25612,LOF,0.048947292047140614,0.03333338243664791,0.9177193255162115
25613,LOF,0.04657531812070735,0.03371737293552914,0.9197073089437636
25614,LOF,0.021485575627780997,0.027031529484542387,0.9514828948876766
25615,LOF,0.04355439077077703,0.031108407399629938,0.925337201829593
25616,LOF,0.04574373654682993,0.02518419470241991,0.9290720687507502
25617,LOF,0.044623996604480236,0.032297229521816816,0.9230787738737031
25618,LOF,0.05131952589176365,0.03166425146201289,0.9170162226462235
25619,LOF,0.015035174147079828,0.02977094585053434,0.9551938800023857
25620,LOF,0.061920103527386576,0.03520705531954362,0.9028728411530699
25621,LOF,0.05277413109760839,0.027934725952380435,0.9192911429500111
25622,LOF,0.06428847003858319,0.029770731056063527,0.9059407989053533
25623,LOF,0.0701326558522632,0.026340778521504966,0.9035265656262319
25624,LOF,0.019001283206046642,0.0355432269338018,0.9454554898601517
25625,LOF,0.06467921090914938,0.03828396418865091,0.8970368249021996
25626,LOF,0.046085917722062365,0.03276743685794449,0.9211466454199932
25627,Neutral,0.8892748186597462,0.022556022256098276,0.0881691590841555
25628,LOF,0.13047327017358218,0.06316902609777722,0.8063577037286406
25629,LOF,0.06388543170203625,0.04466911603352291,0.8914454522644408
25630,LOF,0.2658766434602394,0.08385558876077766,0.650267767778983
25631,Neutral,0.5301298572182034,0.07251905801233784,0.3973510847694588
25632,LOF,0.027331240259908265,0.0581359278903212,0.9145328318497705
25633,LOF,0.20387480293706575,0.036089427218782055,0.7600357698441522
25634,LOF,0.03569880454756923,0.07942897720115122,0.8848722182512795
25635,LOF,0.03937942730184783,0.04442577959813319,0.9161947931000191
25636,LOF,0.03790464768912986,0.46580894225135255,0.49628641005951774
25637,LOF,0.0792915664162903,0.4568775143986395,0.46383091918507025
25638,LOF,0.042250322229203746,0.29166677095196764,0.6660829068188286
25639,LOF,0.03613143210909278,0.3265384679339736,0.6373300999569336
25640,Neutral,0.8122774001305757,0.14913466311600154,0.038587936753422813
25641,LOF,0.0543830333549446,0.4160462533027446,0.5295707133423108
25642,LOF,0.04036198292849698,0.13608958669058827,0.8235484303809149
25643,LOF,0.1987951085496667,0.15899763292510452,0.6422072585252289
25644,LOF,0.019395399114049066,0.47049371077571644,0.5101108901102345
25645,LOF,0.019410160185321865,0.4385269336285982,0.54206290618608
25646,LOF,0.04952805697256158,0.3360185853635828,0.6144533576638556
25647,LOF,0.02154957436050175,0.2525946920527699,0.7258557335867283
25648,LOF,0.026673190118119538,0.24920067997705947,0.7241261299048211
25649,LOF,0.014023589925849976,0.24601406925270056,0.7399623408214495
25650,LOF,0.04817134345619022,0.41142612021786484,0.540402536325945
25651,LOF,0.016450277359348293,0.2616420284640005,0.7219076941766512
25652,LOF,0.028810999024240558,0.26847025826489834,0.702718742710861
25653,LOF,0.08092591922070685,0.38705557336785484,0.5320185074114383
25654,LOF,0.022972435181494864,0.20565747990749295,0.7713700849110121
25655,LOF,0.2064933195330367,0.3589206494524014,0.43458603101456195
25656,LOF,0.29598075522295175,0.044812989670406644,0.6592062551066417
25657,LOF,0.07390679466657715,0.05181465420930144,0.8742785511241213
25658,LOF,0.36571753458872897,0.05378824142381911,0.5804942239874519
25659,Neutral,0.5343714510106189,0.06885634042701998,0.39677220856236106
25660,LOF,0.026356224507258764,0.07631398885300375,0.8973297866397375
25661,LOF,0.09086400089158782,0.056657972909167645,0.8524780261992446
25662,LOF,0.03182113460613936,0.0313294648720787,0.936849400521782
25663,LOF,0.0411302624182726,0.0422086796631134,0.916661057918614
25664,LOF,0.12856245681018752,0.05135482235201371,0.8200827208377988
25665,LOF,0.055311862726696366,0.027263092327363254,0.9174250449459405
25666,LOF,0.09067878111073947,0.07302910561243299,0.8362921132768275
25667,LOF,0.06758348931242249,0.041625910477129595,0.8907906002104479
25668,LOF,0.0371491902089148,0.04155514321556979,0.9212956665755153
25669,LOF,0.033504703320586214,0.04980511393285164,0.9166901827465621
25670,LOF,0.13149064253478854,0.038701564740790784,0.8298077927244206
25671,LOF,0.09234204917606259,0.029712544574267814,0.8779454062496697
25672,LOF,0.05637626698528758,0.03587130001517054,0.9077524329995419
25673,LOF,0.07886096347772245,0.03510244335589148,0.886036593166386
25674,LOF,0.06633989943506728,0.0436709503767771,0.8899891501881556
25675,LOF,0.12659548405990628,0.0420740971307781,0.8313304188093156
25676,LOF,0.018392337070409416,0.048437067449258166,0.9331705954803324
25677,LOF,0.026200000490604308,0.061134936670460355,0.9126650628389352
25678,LOF,0.1780718080100696,0.05287920548717258,0.7690489865027579
25679,LOF,0.1288830126543204,0.06724335772963003,0.8038736296160496
25680,LOF,0.029080389715203075,0.10452414217229095,0.866395468112506
25681,LOF,0.04584436664196397,0.09736813322770695,0.856787500130329
25682,LOF,0.14002055531366683,0.06025161425215559,0.7997278304341776
25683,LOF,0.12299259665779755,0.06727326948935294,0.8097341338528495
25684,LOF,0.041822820240145574,0.06031007134254007,0.8978671084173143
25685,LOF,0.12824511275756495,0.04672756519187778,0.8250273220505573
25686,LOF,0.07549667491258227,0.08667112089050108,0.8378322041969167
25687,LOF,0.11364175729424571,0.08058521386508265,0.8057730288406716
25688,LOF,0.2839665616290679,0.035124618233003314,0.6809088201379287
25689,LOF,0.2248158642884831,0.043429999497321896,0.7317541362141949
25690,LOF,0.32375042538703325,0.033656593386690005,0.6425929812262768
25691,Neutral,0.686971626565985,0.032457977919228914,0.28057039551478613
25692,LOF,0.29461765966264397,0.010078481719875285,0.6953038586174808
25693,LOF,0.046944576581661096,0.4706359954235323,0.4824194279948066
25694,LOF,0.12575857207794264,0.02088423024050767,0.8533571976815497
25695,LOF,0.11570962982965159,0.018511070444506353,0.8657792997258421
25696,LOF,0.1243567729045204,0.00980739850792672,0.8658358285875529
25697,LOF,0.1150732003471153,0.024890377633724987,0.8600364220191598
25698,LOF,0.3380835656772903,0.2528918722016702,0.40902456212103955
25699,LOF,0.4380660993489748,0.044327822608154384,0.517606078042871
25700,LOF,0.052051755558112395,0.01077533120706702,0.9371729132348205
25701,LOF,0.1721708634265633,0.059729322001875494,0.7680998145715612
25702,GOF,0.1885875254166281,0.530711068061894,0.2807014065214779
25703,LOF,0.015914370350316728,0.1616107763132138,0.8224748533364695
25704,LOF,0.04822005910883899,0.11528720265989406,0.8364927382312669
25705,LOF,0.059199365975931874,0.19158622991226032,0.7492144041118078
25706,LOF,0.09235391076674754,0.3554802260637641,0.5521658631694882
25707,LOF,0.08692515999888785,0.28732297452507133,0.6257518654760409
25708,LOF,0.030064827288184746,0.26518011977751976,0.7047550529342956
25709,LOF,0.057756492986761505,0.03953035489788254,0.9027131521153561
25710,LOF,0.011312136568040563,0.13027492593627976,0.8584129374956797
25711,LOF,0.019605374307128796,0.08864213172164505,0.8917524939712261
25712,LOF,0.013418739702671706,0.17710761057737562,0.8094736497199527
25713,LOF,0.018593642834857368,0.08035398602335804,0.9010523711417845
25714,LOF,0.07092113604279005,0.07641139986080296,0.8526674640964071
25715,LOF,0.010520855416527527,0.13264908084955404,0.8568300637339185
25716,LOF,0.013723398846567742,0.1051266336473381,0.8811499675060941
25717,LOF,0.012765003916504248,0.06819920388746917,0.9190357921960266
25718,LOF,0.011824755890992208,0.09459268328257955,0.8935825608264283
25719,LOF,0.019227589429633537,0.0768863249938938,0.9038860855764727
25720,LOF,0.021476499816681663,0.06742214140485302,0.9111013587784654
25721,LOF,0.015561480984291819,0.0994002540512854,0.8850382649644228
25722,LOF,0.013477243479323851,0.11142963502886875,0.8750931214918073
25723,LOF,0.0226667048816116,0.04256899034244463,0.9347643047759439
25724,LOF,0.02379092543060037,0.08199365646483986,0.8942154181045598
25725,LOF,0.011652109723957053,0.07007653598367324,0.9182713542923698
25726,LOF,0.01440030511565472,0.09446361349219427,0.891136081392151
25727,LOF,0.01321346244510939,0.07622186026800246,0.9105646772868882
25728,LOF,0.009911852058824397,0.0985774407163435,0.891510707224832
25729,LOF,0.010112642809077312,0.1000276666392452,0.8898596905516774
25730,LOF,0.01374757405664145,0.07452470052402203,0.9117277254193364
25731,LOF,0.0204854701692119,0.10763014316615276,0.8718843866646353
25732,LOF,0.014575679973827893,0.08373894513247568,0.9016853748936964
25733,LOF,0.016299340560892946,0.07128474948188843,0.9124159099572186
25734,LOF,0.012609912256290344,0.11929620214641241,0.8680938855972973
25735,LOF,0.013961700576445305,0.06982813269723304,0.9162101667263217
25736,LOF,0.014658341126973902,0.09723219708428153,0.8881094617887446
25737,LOF,0.020087066438558572,0.07799534702481442,0.901917586536627
25738,LOF,0.013899144263209012,0.11014105666288394,0.875959799073907
25739,LOF,0.019959175747725683,0.08025612988278533,0.8997846943694889
25740,LOF,0.02694076547284932,0.0954526636955662,0.8776065708315844
25741,LOF,0.015044807825545277,0.1036776002521594,0.8812775919222954
25742,LOF,0.11305933570770677,0.07875208168461414,0.8081885826076791
25743,LOF,0.03571542659972779,0.03058972071056627,0.933694852689706
25744,Neutral,0.5709463850198359,0.20350814109524168,0.22554547388492255
25745,LOF,0.08598874306987879,0.062472200055807225,0.851539056874314
25746,LOF,0.04235951599699232,0.0700923089497381,0.8875481750532697
25747,LOF,0.022433104472734448,0.03967702585705027,0.9378898696702153
25748,LOF,0.10791092825827112,0.05426492713980106,0.8378241446019278
25749,LOF,0.026082852516288717,0.06941528960540315,0.9045018578783082
25750,LOF,0.08895626366589368,0.0760016083475249,0.8350421279865814
25751,LOF,0.10027300682440334,0.05201282009797439,0.8477141730776223
25752,GOF,0.11189985291414024,0.6795362891423655,0.20856385794349425
25753,LOF,0.019858679876297854,0.25842809556450896,0.7217132245591932
25754,GOF,0.010043296142055763,0.7867417420597216,0.20321496179822268
25755,LOF,0.023546693318128028,0.38278561176548304,0.5936676949163889
25756,LOF,0.03876942911880721,0.3689903411949495,0.5922402296862433
25757,GOF,0.01483666850380349,0.8387729949165244,0.14639033657967213
25758,GOF,0.03131089629490256,0.8275057245475356,0.14118337915756182
25759,GOF,0.012443677980788673,0.5300406070715984,0.45751571494761295
25760,LOF,0.013061991341770877,0.2303664050852659,0.7565716035729632
25761,GOF,0.28197198449750455,0.6171905694323788,0.10083744607011659
25762,LOF,0.03755614460152099,0.25382343252214634,0.7086204228763328
25763,LOF,0.013008237848442185,0.1977668448549384,0.7892249172966195
25764,GOF,0.0826963453666434,0.6249781661847028,0.29232548844865375
25765,GOF,0.04491100255090688,0.743891703048447,0.21119729440064622
25766,GOF,0.06059635323211334,0.7597751355796117,0.1796285111882749
25767,GOF,0.1759526263698349,0.43045302362211046,0.39359435000805465
25768,LOF,0.09397179908289124,0.06594604610552382,0.8400821548115849
25769,LOF,0.05987978746154055,0.05805740059676081,0.8820628119416987
25770,LOF,0.2766438235193001,0.08181686713966063,0.6415393093410392
25771,LOF,0.040423354072320464,0.04180445962510277,0.9177721863025768
25772,LOF,0.016041844047458582,0.03245831469032032,0.9514998412622211
25773,LOF,0.04464459396753913,0.07324288782427506,0.8821125182081859
25774,LOF,0.028180348084858652,0.06978383148920245,0.9020358204259389
25775,LOF,0.04613419406700508,0.044527308080159006,0.9093384978528359
25776,LOF,0.06854733856763702,0.025499610585016208,0.9059530508473467
25777,LOF,0.3380412887622934,0.051762100760517765,0.6101966104771889
25778,LOF,0.06030512829744811,0.04917084637472531,0.8905240253278266
25779,GOF,0.362696548290427,0.5914637289537245,0.04583972275584866
25780,GOF,0.3011764770222609,0.6268724719221773,0.07195105105556171
25781,GOF,0.14015059035114857,0.7512129018119688,0.10863650783688253
25782,GOF,0.18869650370185556,0.732900112887578,0.07840338341056652
25783,GOF,0.031507787555771195,0.6546785369916927,0.31381367545253624
25784,Neutral,0.4838329267867585,0.4770801041771065,0.03908696903613503
25785,GOF,0.3924325578820687,0.5670881914789153,0.040479250639016015
25786,GOF,0.025562934137969985,0.7764121721060278,0.19802489375600235
25787,Neutral,0.6521493381130136,0.3223092534335728,0.02554140845341365
25788,LOF,0.04642539239238893,0.10299365879991168,0.8505809488076993
25789,GOF,0.2055493044145543,0.6485125905694937,0.14593810501595184
25790,GOF,0.19294866937610727,0.7071814019460696,0.09986992867782311
25791,GOF,0.14161970895239773,0.6594533195998151,0.19892697144778715
25792,GOF,0.31317222514704346,0.5338792991825739,0.15294847567038267
25793,GOF,0.24969882251456338,0.5614356439278375,0.18886553355759905
25794,GOF,0.3344626166174134,0.4908368236028571,0.17470055977972965
25795,GOF,0.08723147902594415,0.6912350764000689,0.22153344457398688
25796,Neutral,0.5393360606109731,0.3744121079994253,0.08625183138960156
25797,GOF,0.09785515117260143,0.5386331638856696,0.36351168494172903
25798,GOF,0.009955533013200603,0.49684411365787534,0.49320035332892403
25799,LOF,0.006912369433834616,0.3850771940092156,0.6080104365569499
25800,GOF,0.033560902536229995,0.5861340915574147,0.38030500590635524
25801,GOF,0.19873573514364448,0.6778141151034255,0.12345014975292994
25802,GOF,0.08887560693576024,0.6965114061763235,0.21461298688791627
25803,GOF,0.036567936609893874,0.5583859550155059,0.40504610837460026
25804,LOF,0.03346308942493896,0.4821794673528337,0.4843574432222273
25805,GOF,0.09896248890818092,0.6052423051763048,0.29579520591551417
25806,GOF,0.09416352904841609,0.5854690743937915,0.32036739655779245
25807,GOF,0.021502464836343334,0.6216489960400873,0.35684853912356945
25808,GOF,0.08248655863196715,0.6376260010232128,0.27988744034482005
25809,GOF,0.017686768311212322,0.5737515499733555,0.408561681715432
25810,GOF,0.016706028889756114,0.6075481890481468,0.3757457820620971
25811,GOF,0.4456710608128344,0.4666358592489452,0.08769307993822034
25812,GOF,0.03145511691889367,0.6080790714168751,0.3604658116642313
25813,Neutral,0.5213319186247835,0.3762061862601799,0.10246189511503671
25814,GOF,0.12015194042968087,0.6200442816046461,0.259803777965673
25815,GOF,0.2024669152139158,0.5863174451784746,0.21121563960760953
25816,GOF,0.025210502904457983,0.714419339430694,0.2603701576648481
25817,GOF,0.2628872962760441,0.6007121970657657,0.13640050665819012
25818,GOF,0.057739648827920376,0.6624946927946098,0.2797656583774697
25819,GOF,0.36175734601269943,0.4758228697129983,0.16241978427430237
25820,GOF,0.18582733525456388,0.5900043750266609,0.22416828971877523
25821,GOF,0.0637155908364263,0.6432458615027187,0.293038547660855
25822,GOF,0.21448725942949062,0.5730371766024306,0.21247556396807887
25823,GOF,0.03379157444873292,0.5325189586760671,0.4336894668751998
25824,GOF,0.0981816733286531,0.6052675837276564,0.29655074294369044
25825,GOF,0.03843771679439183,0.6108656761449885,0.3506966070606197
25826,GOF,0.016589785465771553,0.585932962942608,0.39747725159162045
25827,GOF,0.023575460339930028,0.6082815056588239,0.36814303400124604
25828,GOF,0.014246742383978397,0.5366859515224605,0.44906730609356116
25829,GOF,0.006062084828131099,0.5756117812868267,0.41832613388504225
25830,LOF,0.032253581427752,0.279624220733545,0.688122197838703
25831,GOF,0.22786630302781896,0.6492570078448225,0.12287668912735839
25832,GOF,0.030205969888069117,0.6826520740393529,0.2871419560725778
25833,GOF,0.11554938168986349,0.7105218513950678,0.17392876691506862
25834,GOF,0.03054430900455838,0.6992732606403442,0.27018243035509737
25835,GOF,0.06638163746450579,0.7483619407176324,0.18525642181786184
25836,GOF,0.031423188413561974,0.6702215118456085,0.2983552997408296
25837,GOF,0.02770162011087129,0.6124159049985519,0.3598824748905768
25838,GOF,0.08985653642374536,0.7590783267475556,0.15106513682869896
25839,GOF,0.29095872098416126,0.5475305336547771,0.16151074536106158
25840,GOF,0.26040063453794726,0.5901235595639628,0.14947580589808998
25841,GOF,0.25074236682935336,0.6108080601657286,0.13844957300491803
25842,GOF,0.1477008643512219,0.7236434795564909,0.12865565609228727
25843,GOF,0.19854899233410722,0.7083756390309129,0.09307536863497987
25844,GOF,0.06396287759859859,0.7395010116556859,0.19653611074571553
25845,GOF,0.016606704529087208,0.5207550208764214,0.4626382745944913
25846,GOF,0.12174820389502176,0.745031094387086,0.13322070171789235
25847,GOF,0.09343543715063518,0.8066403275972821,0.0999242352520827
25848,GOF,0.03573735471096357,0.7197822878814456,0.24448035740759097
25849,GOF,0.010364277741896301,0.6152866989541513,0.3743490233039524
25850,GOF,0.02095848413169693,0.6648213097411703,0.3142202061271328
25851,GOF,0.016904713737824067,0.5492325649363781,0.4338627213257978
25852,GOF,0.16324646149958594,0.5650072863644185,0.27174625213599546
25853,GOF,0.3459695461855416,0.5753830235744328,0.07864743024002559
25854,GOF,0.023932876888663544,0.6075139256235508,0.3685531974877856
25855,GOF,0.03447965158036851,0.5644900862373575,0.401030262182274
25856,GOF,0.23320034823414706,0.546434625262089,0.22036502650376388
25857,GOF,0.040094345734058186,0.49956117127600835,0.46034448298993336
25858,GOF,0.02152333495108769,0.519510001412615,0.4589666636362972
25859,LOF,0.010646016217667493,0.49099084439835033,0.49836313938398225
25860,GOF,0.3461258718796585,0.57150604359554,0.08236808452480147
25861,GOF,0.42071204689650094,0.5063718933366393,0.07291605976685976
25862,GOF,0.08390387329276722,0.764550197011551,0.1515459296956817
25863,GOF,0.08362035067518599,0.7743522372043405,0.14202741212047348
25864,GOF,0.19524472218400823,0.7275421345188516,0.07721314329714007
25865,GOF,0.0924609397292421,0.7938802440012016,0.11365881626955625
25866,GOF,0.05955732959402041,0.7831777822178897,0.1572648881880899
25867,GOF,0.08492379112968762,0.8071948000471633,0.10788140882314906
25868,GOF,0.2703509651445947,0.6207134070845701,0.10893562777083528
25869,Neutral,0.715933695816494,0.23535456482775335,0.04871173935575254
25870,GOF,0.29221567762347256,0.3892043984530751,0.3185799239234524
25871,GOF,0.22024272271608789,0.6425720695277235,0.13718520775618856
25872,GOF,0.07323157879978048,0.6662950107786493,0.2604734104215703
25873,GOF,0.10997741549612072,0.7030477588692028,0.1869748256346765
25874,LOF,0.013761668419458757,0.11578026826306466,0.8704580633174767
25875,LOF,0.09206425151721695,0.044237731679076756,0.8636980168037063
25876,LOF,0.03484196869314897,0.030425824289747425,0.9347322070171036
25877,Neutral,0.5067671007676505,0.04034948953122596,0.45288340970112345
25878,LOF,0.24534695062744913,0.09022151016880321,0.6644315392037478
25879,LOF,0.09100237059135347,0.08429336440963811,0.8247042649990083
25880,LOF,0.04327404737030105,0.014291998643647654,0.9424339539860512
25881,LOF,0.17197086327537875,0.11557480543595915,0.7124543312886621
25882,LOF,0.060911303670343746,0.015633094759766843,0.9234556015698895
25883,LOF,0.062010477111510726,0.01963424832656831,0.918355274561921
25884,LOF,0.030441169950318966,0.028691497455801337,0.9408673325938797
25885,LOF,0.05962880480296222,0.010379793309854172,0.9299914018871835
25886,LOF,0.26705298431794033,0.038673533873981154,0.6942734818080786
25887,LOF,0.15356398264260104,0.06635237080489549,0.7800836465525034
25888,LOF,0.06227760216260254,0.06151426751173427,0.8762081303256632
25889,LOF,0.03866742984930894,0.02029838239576668,0.9410341877549243
25890,LOF,0.04880026698557434,0.1399290487982099,0.8112706842162157
25891,LOF,0.038725984799967014,0.05281305704984883,0.908460958150184
25892,LOF,0.08082430439482531,0.02570082406729159,0.893474871537883
25893,LOF,0.26270374475008074,0.0198968666316983,0.717399388618221
25894,LOF,0.187533687643127,0.014597226965405316,0.7978690853914677
25895,LOF,0.1897828182378257,0.02385328576351381,0.7863638959986605
25896,LOF,0.051054219468964435,0.023235502549270377,0.9257102779817652
25897,LOF,0.2845410377750352,0.01458143885778278,0.7008775233671821
25898,Neutral,0.7133122638061143,0.01179727926493883,0.2748904569289469
25899,LOF,0.22214264434910677,0.023695485319715496,0.7541618703311778
25900,LOF,0.48458535082761556,0.011940267778726931,0.5034743813936575
25901,LOF,0.04784250163106863,0.012439761793711902,0.9397177365752194
25902,LOF,0.16392601350758296,0.013697920029549372,0.8223760664628676
25903,Neutral,0.586939177260934,0.028651958638977824,0.3844088641000881
25904,LOF,0.3198321101906073,0.0474661854327109,0.6327017043766817
25905,LOF,0.02549551918533402,0.33079312654161547,0.6437113542730505
25906,LOF,0.03321089532306816,0.08686033507675088,0.879928769600181
25907,LOF,0.013625715514386889,0.31822520143065,0.6681490830549631
25908,LOF,0.009793347964844042,0.259601726064992,0.7306049259701639
25909,LOF,0.012252439194428782,0.14126958965208838,0.8464779711534828
25910,LOF,0.0524577743850762,0.13744515234890356,0.8100970732660202
25911,LOF,0.194836309655999,0.02621763653820776,0.7789460538057932
25912,LOF,0.044742516934182616,0.045793840872420714,0.9094636421933967
25913,LOF,0.34116696286817105,0.022136473102618077,0.6366965640292108
25914,LOF,0.020343547492411688,0.050696711191269936,0.9289597413163184
25915,Neutral,0.5698339601901552,0.1275917947770395,0.30257424503280533
25916,LOF,0.08128057040566604,0.2026000387753867,0.7161193908189472
25917,LOF,0.06238804374663403,0.03372706808496434,0.9038848881684017
25918,LOF,0.02188054450644302,0.029719477630053358,0.9483999778635035
25919,LOF,0.01958382278321443,0.03188651752071008,0.9485296596960755
25920,GOF,0.12275258323297611,0.5028526989030897,0.3743947178639341
25921,LOF,0.02572470190949253,0.03491028122936035,0.939365016861147
25922,LOF,0.034512665957731566,0.02694780284331462,0.938539531198954
25923,Neutral,0.48992990825173605,0.03779550090313459,0.47227459084512924
25924,LOF,0.03692181254057774,0.042604287948858274,0.920473899510564
25925,LOF,0.07350205250752201,0.04115554595939055,0.8853424015330874
25926,LOF,0.0514972897722076,0.035732258115712866,0.9127704521120795
25927,LOF,0.05832469121283056,0.15311774384982166,0.7885575649373479
25928,LOF,0.019041625644462684,0.057712213311807446,0.9232461610437299
25929,Neutral,0.6083545446657148,0.039992573725510606,0.35165288160877456
25930,LOF,0.07427190381517577,0.03210619373954625,0.8936219024452781
25931,LOF,0.024759551612598376,0.036207950985716914,0.9390324974016848
25932,LOF,0.029700493716020574,0.029836336301677053,0.9404631699823024
25933,LOF,0.03858460887697031,0.018329321010622273,0.9430860701124075
25934,LOF,0.024778821733542063,0.021470260527243875,0.9537509177392139
25935,LOF,0.06235016232752532,0.05257558795008716,0.8850742497223875
25936,LOF,0.04386704446954676,0.025287576959270832,0.9308453785711824
25937,LOF,0.027749383403223714,0.03485664825649468,0.9373939683402815
25938,LOF,0.0668338548270335,0.05478686019037773,0.8783792849825888
25939,LOF,0.04298138289037925,0.020117787044507392,0.9369008300651133
25940,LOF,0.034964679649115725,0.33928856800905666,0.6257467523418276
25941,LOF,0.18452549124849252,0.08736079995276715,0.7281137087987404
25942,LOF,0.013413189071981703,0.03631733632513215,0.9502694746028862
25943,LOF,0.3025264545585958,0.057291133615240034,0.6401824118261642
25944,Neutral,0.49251948084772224,0.02084744742660177,0.48663307172567616
25945,LOF,0.07390648685139029,0.017902914883024548,0.9081905982655851
25946,LOF,0.03081314038323173,0.10613455939747048,0.8630523002192979
25947,LOF,0.09453445901289252,0.17816833604116275,0.7272972049459447
25948,LOF,0.3812396008918311,0.008257279550518467,0.6105031195576504
25949,LOF,0.12167315012418202,0.037548673400852384,0.8407781764749656
25950,GOF,0.32860686109415777,0.33898899948742783,0.3324041394184144
25951,LOF,0.16868672676308774,0.29089578929456156,0.5404174839423507
25952,GOF,0.04366339684644755,0.5113475079625025,0.4449890951910499
25953,LOF,0.15345782998560212,0.10442925595787438,0.7421129140565235
25954,Neutral,0.43004691862791566,0.20360946681710965,0.3663436145549747
25955,LOF,0.0692664705867193,0.07636069200271224,0.8543728374105685
25956,LOF,0.15423847408107008,0.10809103125987286,0.737670494659057
25957,LOF,0.03623537236374299,0.03148145906247939,0.9322831685737777
25958,LOF,0.05714554104813597,0.026377423456502586,0.9164770354953615
25959,LOF,0.06371128609359385,0.34592299416422895,0.5903657197421772
25960,LOF,0.014753998839555638,0.05555208362625567,0.9296939175341887
25961,LOF,0.0424325602649652,0.026482035215552736,0.9310854045194822
25962,LOF,0.061714020857263456,0.03197885583799092,0.9063071233047455
25963,LOF,0.045413513297588394,0.20475751510858778,0.7498289715938238
25964,LOF,0.030429973899127844,0.15580109873527265,0.8137689273655996
25965,LOF,0.4649474565919872,0.06092538424924421,0.4741271591587685
25966,Neutral,0.5239428707293449,0.15638685511337672,0.31967027415727833
25967,LOF,0.018684282904400804,0.10547914668041974,0.8758365704151795
25968,LOF,0.037007856908659785,0.3598504848469927,0.6031416582443475
25969,LOF,0.03236694580507153,0.0682939824749108,0.8993390717200178
25970,LOF,0.05366514610704901,0.0627167778075327,0.8836180760854183
25971,LOF,0.06701040190461635,0.02303160320983458,0.9099579948855492
25972,LOF,0.061416942501514755,0.0335262164242326,0.9050568410742527
25973,LOF,0.06900732442354593,0.010613287354363943,0.9203793882220902
25974,LOF,0.17470632636092426,0.01527932277071587,0.8100143508683599
25975,LOF,0.043351561278629824,0.028595091150331844,0.9280533475710383
25976,LOF,0.04187768973314885,0.017378050739197157,0.940744259527654
25977,LOF,0.15641710142675547,0.08405873726628715,0.7595241613069574
25978,LOF,0.1541005468153712,0.09695765863023846,0.7489417945543905
25979,LOF,0.12855374943111444,0.10417526457307555,0.7672709859958099
25980,LOF,0.21058015326359525,0.12703825710619288,0.6623815896302118
25981,LOF,0.24289827842761336,0.12504806293691653,0.63205365863547
25982,LOF,0.4237392340691348,0.08647464039949006,0.48978612553137524
25983,LOF,0.388333342069776,0.09284681079414964,0.5188198471360744
25984,LOF,0.04612778790556732,0.047785012721401905,0.9060871993730307
25985,LOF,0.04115988529526569,0.2636827664036133,0.695157348301121
25986,LOF,0.046647331487867726,0.3119603966337823,0.64139227187835
25987,LOF,0.08358576586734316,0.06588968446475137,0.8505245496679054
25988,LOF,0.16079752249415372,0.05916327841026677,0.7800391990955794
25989,LOF,0.037132104885994964,0.11597484615543195,0.8468930489585731
25990,LOF,0.03828795165377398,0.16414054969205305,0.7975714986541729
25991,LOF,0.12936006530735147,0.2401977884659238,0.6304421462267248
25992,LOF,0.29833948390419945,0.15724609837983156,0.544414417715969
25993,LOF,0.02324420953413192,0.08392606094743929,0.8928297295184289
25994,LOF,0.018145224832605097,0.0844787663441025,0.8973760088232924
25995,LOF,0.02343663863339295,0.17443435434615218,0.8021290070204549
25996,GOF,0.3048883625118947,0.4008364847584814,0.2942751527296239
25997,LOF,0.08942290061539447,0.37066595790231915,0.5399111414822865
25998,Neutral,0.502371483539907,0.028130425949123003,0.4694980905109699
25999,LOF,0.0895575259027922,0.09142380960072688,0.8190186644964809
26000,LOF,0.13634692486348746,0.04437481871315286,0.8192782564233597
26001,LOF,0.19597858371066823,0.04789978257223766,0.7561216337170941
26002,LOF,0.11042246368923915,0.03992993596520471,0.8496476003455561
26003,GOF,0.011518683827401963,0.5790632190192446,0.40941809715335326
26004,GOF,0.021120057017167997,0.6765531051498628,0.3023268378329694
26005,LOF,0.0066756212118762644,0.43246765558644806,0.5608567232016757
26006,Neutral,0.5222948680909963,0.22521060853162292,0.25249452337738076
26007,GOF,0.01979318697413553,0.4957062340491979,0.4845005789766667
26008,GOF,0.01799797773452851,0.6051782282105197,0.37682379405495187
26009,GOF,0.019920980872420196,0.6687013381468803,0.3113776809806995
26010,GOF,0.022518220962740365,0.6199169694875075,0.3575648095497522
26011,LOF,0.006634579349792738,0.4060640827922226,0.5873013378579847
26012,GOF,0.01256395849741953,0.538444516984938,0.44899152451764257
26013,GOF,0.018286255002982435,0.598151231880239,0.38356251311677847
26014,LOF,0.03922976086815086,0.1097613577809761,0.851008881350873
26015,LOF,0.15401051885400013,0.013143403001841312,0.8328460781441586
26016,LOF,0.1896719812465175,0.06148244821151104,0.7488455705419714
26017,LOF,0.21828240209149324,0.0889157069373262,0.6928018909711806
26018,LOF,0.07677839884379652,0.037906529861397684,0.8853150712948058
26019,LOF,0.07346398690913257,0.03016012022847406,0.8963758928623934
26020,LOF,0.06511100668407944,0.10017315758212486,0.8347158357337957
26021,LOF,0.04427268649193104,0.1025846985039324,0.8531426150041365
26022,LOF,0.010994174731667021,0.03857296425208508,0.9504328610162478
26023,LOF,0.06655789514851175,0.02348444959686047,0.9099576552546278
26024,LOF,0.02942965233527639,0.10984165924300189,0.8607286884217217
26025,LOF,0.15072361707993306,0.08394720791408634,0.7653291750059806
26026,LOF,0.32069732992617717,0.02497337175819518,0.6543292983156278
26027,LOF,0.058558324844695676,0.018337933565057106,0.9231037415902473
26028,LOF,0.1761826741865926,0.06756492562200415,0.7562524001914032
26029,LOF,0.0651687735902858,0.1540947522802893,0.7807364741294249
26030,LOF,0.021600751205468824,0.03585434275746669,0.9425449060370645
26031,LOF,0.025846034265774875,0.11058914347102274,0.8635648222632024
26032,LOF,0.06534571953267401,0.05096793504146687,0.883686345425859
26033,LOF,0.08562523853880977,0.050214048910562206,0.864160712550628
26034,LOF,0.040921607416503095,0.12656466698607752,0.8325137255974194
26035,LOF,0.02436037446952819,0.12241191330179767,0.8532277122286741
26036,LOF,0.035979616334674065,0.14174172423550077,0.8222786594298251
26037,LOF,0.020625566742526455,0.09813005589986584,0.8812443773576076
26038,LOF,0.06197624623095198,0.05248356598214872,0.8855401877868992
26039,LOF,0.04808398258735827,0.12058123538798364,0.8313347820246582
26040,LOF,0.19564242194728143,0.09889808668246368,0.705459491370255
26041,LOF,0.0212421338010934,0.09213154693712709,0.8866263192617795
26042,LOF,0.019337766736711084,0.08810327746105316,0.8925589558022358
26043,LOF,0.062104819812649814,0.058791170380714894,0.8791040098066352
26044,LOF,0.01847495155442626,0.04430765422564291,0.9372173942199309
26045,LOF,0.06742041134861057,0.07966871250377658,0.8529108761476129
26046,LOF,0.05793446735824176,0.050624875731505876,0.8914406569102524
26047,LOF,0.07631291612229886,0.05313222772147228,0.8705548561562287
26048,LOF,0.04333576403391091,0.033017275284903606,0.9236469606811856
26049,Neutral,0.966581920312206,0.005697209838628952,0.0277208698491652
26050,Neutral,0.9525683273283654,0.007126272941056283,0.04030539973057843
26051,LOF,0.052757394303772256,0.2610010514660082,0.6862415542302195
26052,LOF,0.0653098040116925,0.29948453619273857,0.6352056597955689
26053,LOF,0.06121413955574853,0.13411666288033214,0.8046691975639193
26054,LOF,0.05035380186989372,0.017661616423216647,0.9319845817068896
26055,LOF,0.06856661561225735,0.015990262464818505,0.9154431219229241
26056,LOF,0.05949339957398017,0.01801991123066342,0.9224866891953565
26057,LOF,0.03446361342789628,0.01237900118578417,0.9531573853863197
26058,LOF,0.03526793923040991,0.010039598442494954,0.9546924623270951
26059,LOF,0.2838466630635426,0.0208291573343223,0.695324179602135
26060,LOF,0.04571735743233152,0.15798767654872337,0.7962949660189452
26061,LOF,0.016851218954797315,0.012639570141283928,0.9705092109039186
26062,LOF,0.010179651938956329,0.017858532604416853,0.971961815456627
26063,LOF,0.021003738591864517,0.010619195604692816,0.9683770658034426
26064,LOF,0.020875899663693177,0.02400436862419832,0.9551197317121085
26065,LOF,0.027275140781038987,0.01097300170080366,0.9617518575181574
26066,LOF,0.0213026823530179,0.010510585559015627,0.9681867320879665
26067,LOF,0.029980119239990447,0.008223249047637339,0.9617966317123723
26068,LOF,0.04518349789908159,0.02786591400376574,0.9269505880971527
26069,LOF,0.26780252541946076,0.018778570330782327,0.7134189042497568
26070,LOF,0.4156500986898976,0.015545057673368163,0.5688048436367342
26071,LOF,0.021332504020438993,0.01170203297587252,0.9669654630036884
26072,LOF,0.01888313283731938,0.02259828278334514,0.9585185843793356
26073,LOF,0.020636208506005244,0.014065591908169415,0.9652981995858253
26074,Neutral,0.9167572503795691,0.005874944653419291,0.07736780496701139
26075,LOF,0.045432941654566183,0.013209194313748316,0.9413578640316854
26076,LOF,0.038933098505864454,0.008520245269719751,0.9525466562244158
26077,LOF,0.009390449684211816,0.013466305242171347,0.9771432450736167
26078,LOF,0.01454707992483467,0.01066223159802173,0.9747906884771436
26079,LOF,0.06288244934822228,0.01576250280019013,0.9213550478515877
26080,LOF,0.06233126632338571,0.01580672061157132,0.9218620130650429
26081,LOF,0.03809793014257089,0.006815903837525663,0.9550861660199035
26082,LOF,0.013922413281243882,0.014476450071435576,0.9716011366473205
26083,LOF,0.16928503532082817,0.014047093056679769,0.8166678716224921
26084,LOF,0.044146126828240394,0.011863926646679089,0.9439899465250804
26085,LOF,0.039781370227215236,0.01117164290749309,0.9490469868652918
26086,LOF,0.02129168958975184,0.010535524462416332,0.9681727859478318
26087,LOF,0.024642910384526814,0.008479747022088502,0.9668773425933846
26088,LOF,0.016872383730303673,0.02337482277114674,0.9597527934985496
26089,LOF,0.04182657293522179,0.02133238628336823,0.93684104078141
26090,LOF,0.04142199958383284,0.017528595906109296,0.9410494045100579
26091,LOF,0.03392650948840856,0.0066399167334363135,0.9594335737781552
26092,LOF,0.02312966858428409,0.00790247952779973,0.9689678518879162
26093,LOF,0.03561122241153818,0.006156667820858025,0.9582321097676039
26094,LOF,0.03439704824680696,0.0061925041997133124,0.9594104475534797
26095,LOF,0.04131693622801127,0.014131214059798908,0.9445518497121899
26096,LOF,0.016541628752002973,0.011671054354737427,0.9717873168932597
26097,LOF,0.011866335491439244,0.03761911793712133,0.9505145465714394
26098,LOF,0.07601692520242155,0.01182739267857889,0.9121556821189996
26099,LOF,0.02167847879355747,0.012241815947109054,0.9660797052593335
26100,LOF,0.02391695200080947,0.011717386297406792,0.9643656617017837
26101,LOF,0.04688158879576509,0.016923275199490363,0.9361951360047445
26102,LOF,0.021248936515359897,0.013914237680360427,0.9648368258042798
26103,Neutral,0.8773498682610392,0.01844507383579874,0.10420505790316208
26104,LOF,0.07960979114999803,0.023326363415187203,0.8970638454348149
26105,LOF,0.21898803852344004,0.256286704571412,0.5247252569051479
26106,LOF,0.1642640492866907,0.1256057824842334,0.7101301682290759
26107,LOF,0.2318018160089276,0.07472935126817026,0.6934688327229022
26108,LOF,0.23458172762784144,0.08713186032236057,0.678286412049798
26109,LOF,0.0806245645593292,0.06088384654962994,0.8584915888910409
26110,LOF,0.2252701932675309,0.006786774417625731,0.7679430323148434
26111,Neutral,0.4980009250474049,0.023225944407700618,0.4787731305448945
26112,LOF,0.03511833388697789,0.007403746651008589,0.9574779194620135
26113,LOF,0.06008201589442999,0.01583751220577353,0.9240804718997966
26114,LOF,0.02684768828747781,0.0293493013733098,0.9438030103392123
26115,LOF,0.09132075219265429,0.05402897264046357,0.8546502751668822
26116,LOF,0.06554778639280007,0.05786041566691359,0.8765917979402864
26117,LOF,0.4514411366932832,0.042857989702217866,0.505700873604499
26118,LOF,0.036318442478006134,0.023464863433743773,0.9402166940882501
26119,LOF,0.023172545772730452,0.032945663456111655,0.943881790771158
26120,LOF,0.02642801993335754,0.018595499646184625,0.9549764804204579
26121,LOF,0.041130324612907894,0.09018958444503888,0.8686800909420531
