feature0,prediction,LoGoFunc_Neutral,LoGoFunc_GOF,LoGoFunc_LOF
25546,Neutral,0.6140157330819226,0.053937372155699125,0.33204689476237836
25547,Neutral,0.5001215317096517,0.09774202425152147,0.40213644403882687
25548,Neutral,0.5213075853060725,0.08387562578433493,0.39481678890959265
25549,LOF,0.45067060323609043,0.0874187057142051,0.4619106910497044
25550,LOF,0.37807469940492705,0.09149769319071568,0.5304276074043572
25551,LOF,0.3382009208028434,0.0940541434260223,0.5677449357711343
25552,LOF,0.29427818612510026,0.1115766901626208,0.5941451237122789
25553,Neutral,0.789982644082027,0.051827823735120494,0.1581895321828526
25554,LOF,0.3090586609860663,0.0981957482457765,0.5927455907681571
25555,LOF,0.26758408872189104,0.10017559990822979,0.6322403113698792
25556,LOF,0.44915296364621593,0.09606993672583164,0.45477709962795226
25557,LOF,0.25767187922170054,0.09560849532973625,0.6467196254485632
25558,LOF,0.3105423021932119,0.09299660004129949,0.5964610977654885
25559,LOF,0.27569299861948815,0.02710534261545726,0.6972016587650546
25560,LOF,0.09846442004095307,0.17251251744060261,0.7290230625184443
25561,LOF,0.08227153539877263,0.3013318034226935,0.616396661178534
25562,LOF,0.03454557689881361,0.12501999773715075,0.8404344253640356
25563,LOF,0.006443496184338881,0.2432879350908172,0.7502685687248439
25564,LOF,0.06767085033210946,0.14037065513521832,0.7919584945326722
25565,LOF,0.18355511525125728,0.14129639842917435,0.6751484863195684
25566,GOF,0.06681698086940996,0.8065551197200019,0.1266278994105881
25567,LOF,0.05358366221182562,0.15650695734177203,0.7899093804464025
25568,LOF,0.06445204435746703,0.10894440055321288,0.8266035550893202
25569,LOF,0.06574892606651578,0.1043734305733011,0.8298776433601831
25570,LOF,0.026609203509434055,0.15066023661169323,0.8227305598788727
25571,LOF,0.026173726494257962,0.15487356140174122,0.8189527121040009
25572,LOF,0.058271299923209174,0.21745326302565018,0.7242754370511407
25573,LOF,0.06849007716228063,0.13786412090184172,0.7936458019358777
25574,LOF,0.09268563651451017,0.2346285469208896,0.6726858165646002
25575,LOF,0.025370186291645804,0.1670832639302291,0.8075465497781251
25576,LOF,0.02520423923918965,0.26790261924783715,0.7068931415129732
25577,LOF,0.028432455955204092,0.19246706680423079,0.7791004772405651
25578,LOF,0.2894410510133682,0.10241124439904872,0.6081477045875832
25579,LOF,0.20321969753506575,0.10198999872057897,0.6947903037443554
25580,LOF,0.02310805774838729,0.09561821256977873,0.881273729681834
25581,LOF,0.04614533233213205,0.12325739793734775,0.8305972697305202
25582,LOF,0.04575876570832515,0.11912138520684,0.8351198490848348
25583,LOF,0.03487584176228672,0.10547810225867707,0.8596460559790362
25584,Neutral,0.7190383672638249,0.13177621975071807,0.1491854129854571
25585,LOF,0.025929554439724604,0.20925448550392536,0.76481596005635
25586,LOF,0.02252038025661086,0.12054507029357968,0.8569345494498094
25587,LOF,0.022043022494653224,0.12353620318669943,0.8544207743186473
25588,LOF,0.027545736981826198,0.09386603645128304,0.8785882265668907
25589,Neutral,0.584477641810719,0.21572198780668408,0.19980037038259676
25590,LOF,0.059344086662004095,0.15260352671442587,0.78805238662357
25591,LOF,0.09982848305299143,0.10243462054199397,0.7977368964050146
25592,LOF,0.08392194756605265,0.19836945814268594,0.7177085942912614
25593,LOF,0.13860552833909873,0.3519446093123284,0.5094498623485728
25594,LOF,0.04304480742764356,0.042340461726721505,0.9146147308456349
25595,LOF,0.042160368961745145,0.024452956835656774,0.933386674202598
25596,LOF,0.11673685664588195,0.0144970183684751,0.8687661249856429
25597,LOF,0.08991591417119368,0.016966086638283785,0.8931179991905226
25598,LOF,0.046089050531061784,0.02637699163649216,0.927533957832446
25599,LOF,0.032744827734588776,0.37011553624386045,0.5971396360215507
25600,LOF,0.189271468007502,0.3566750855144236,0.4540534464780744
25601,LOF,0.05588887071436786,0.2779057650564752,0.666205364229157
25602,LOF,0.030514808946126355,0.07424503639036764,0.895240154663506
25603,LOF,0.05445008296070186,0.07241877501533493,0.8731311420239631
25604,LOF,0.05225577326621655,0.1487530940102518,0.7989911327235316
25605,LOF,0.04748979680987441,0.1736232172841373,0.7788869859059883
25606,Neutral,0.4043562428155935,0.2978249686981792,0.2978187884862273
25607,LOF,0.030066416328096313,0.24809178595297854,0.7218417977189251
25608,LOF,0.0486414274634808,0.1002077346647975,0.8511508378717216
25609,GOF,0.1944571691686787,0.569232721418885,0.2363101094124363
25610,LOF,0.023763024767408096,0.09483402562554274,0.8814029496070491
25611,LOF,0.016485314828289226,0.10562166368024842,0.8778930214914624
25612,LOF,0.06184197025104396,0.10999328823475212,0.8281647415142039
25613,LOF,0.052125857836159875,0.11871624688282671,0.8291578952810134
25614,LOF,0.025975530709415436,0.09407762677613805,0.8799468425144465
25615,LOF,0.06487324434599548,0.0795012173906679,0.8556255382633366
25616,LOF,0.06432463312400426,0.11003824646318738,0.8256371204128083
25617,LOF,0.05140173347549653,0.11683750253057298,0.8317607639939304
25618,LOF,0.06494967105473005,0.19292516924553624,0.7421251596997337
25619,LOF,0.015783588697275718,0.1398342770335284,0.8443821342691958
25620,LOF,0.04903399171860476,0.11565357282200733,0.8353124354593879
25621,LOF,0.08222548882423955,0.09330491174743641,0.824469599428324
25622,LOF,0.08985218440095047,0.10558161951148992,0.8045661960875595
25623,LOF,0.07825784922897876,0.09148973951781542,0.8302524112532058
25624,LOF,0.024702083520992724,0.08927602783082578,0.8860218886481814
25625,LOF,0.07894784233794754,0.09140211820508971,0.8296500394569627
25626,LOF,0.060587421339870814,0.10322859834865439,0.8361839803114749
25627,Neutral,0.8741296762471076,0.02184193151779854,0.1040283922350939
25628,LOF,0.1988372238031934,0.04762043757269999,0.7535423386241066
25629,LOF,0.06646446949198309,0.0649096907090161,0.8686258397990008
25630,LOF,0.3349448459820316,0.05988882867979061,0.6051663253381778
25631,Neutral,0.517740473725464,0.04102629384160188,0.4412332324329342
25632,LOF,0.03174323800801221,0.14990670611650295,0.8183500558754848
25633,LOF,0.20530181773091394,0.08659789221101115,0.7081002900580748
25634,LOF,0.04192593402735759,0.1322235870264266,0.8258504789462158
25635,LOF,0.03322941995879836,0.06814102216680526,0.8986295578743964
25636,GOF,0.03158815377368732,0.5694347088198947,0.398977137406418
25637,GOF,0.03692442479160533,0.5291007399598306,0.43397483524856406
25638,LOF,0.02082389703535995,0.45551943948250156,0.5236566634821385
25639,LOF,0.029702147450045204,0.4244067505872472,0.5458911019627076
25640,Neutral,0.7810516364265261,0.16550521461525244,0.053443148958221304
25641,LOF,0.11339730526557548,0.3614095527873298,0.5251931419470948
25642,LOF,0.11040641427842068,0.20839819818179225,0.6811953875397871
25643,LOF,0.3205085310008427,0.12320095555786154,0.5562905134412958
25644,GOF,0.009890568186901342,0.6925264150412974,0.29758301677180127
25645,GOF,0.011494176284098268,0.6476365143398597,0.34086930937604215
25646,LOF,0.018575965030997704,0.3973912404667667,0.5840327945022356
25647,LOF,0.009941435531767151,0.30632690438881083,0.683731660079422
25648,LOF,0.013616700243563703,0.3736449928904396,0.6127383068659966
25649,LOF,0.009034592614018204,0.274465840169398,0.7164995672165837
25650,GOF,0.03719026532224603,0.5716931317982048,0.3911166028795493
25651,LOF,0.010661602086270384,0.3974460011453979,0.5918923967683317
25652,LOF,0.011146426251039681,0.4318354506071747,0.5570181231417856
25653,GOF,0.0479240049494042,0.6088420688355037,0.34323392621509213
25654,LOF,0.013014160773800042,0.3515918520567731,0.6353939871694269
25655,GOF,0.11168103859105995,0.6439135629963888,0.24440539841255124
25656,LOF,0.21420447922100455,0.06256039451973443,0.723235126259261
25657,LOF,0.029234361604991144,0.07751204121740513,0.8932535971776038
25658,LOF,0.2360250491880369,0.10428535083298904,0.659689599978974
25659,LOF,0.36755486734462706,0.12199679045602063,0.5104483421993522
25660,LOF,0.024858054623013295,0.12699328125784282,0.8481486641191439
25661,LOF,0.07063663122506847,0.08014152018930712,0.8492218485856243
25662,LOF,0.027824477333649372,0.04796962134588768,0.924205901320463
25663,LOF,0.03168603399289666,0.043247172375535124,0.9250667936315682
25664,LOF,0.09241411567356783,0.07158308392556563,0.8360028004008666
25665,LOF,0.05795768200005137,0.0409285193907953,0.9011137986091533
25666,LOF,0.0719220722682978,0.055915205456237724,0.8721627222754644
25667,LOF,0.06032232368691007,0.05253394349158152,0.8871437328215084
25668,LOF,0.029258825667567274,0.06505286329023333,0.9056883110421994
25669,LOF,0.02035027369093741,0.05854596322892907,0.9211037630801334
25670,LOF,0.1294083112021245,0.05320350515604829,0.8173881836418272
25671,LOF,0.08447266758018418,0.04737793189635254,0.8681494005234632
25672,LOF,0.04752927098170786,0.06482107567439666,0.8876496533438953
25673,LOF,0.0756286399664561,0.04783632633744375,0.8765350336961002
25674,LOF,0.07010825120587186,0.06791289920043231,0.8619788495936958
25675,LOF,0.06636452135313352,0.07595738318819674,0.8576780954586698
25676,LOF,0.01655489513792515,0.07163282654435102,0.9118122783177238
25677,LOF,0.0160333541230067,0.09415187388333353,0.8898147719936598
25678,LOF,0.17573338875177275,0.0847450468668439,0.7395215643813834
25679,LOF,0.10319733018476705,0.10833873513139405,0.7884639346838389
25680,LOF,0.020697293183022485,0.13489685814211805,0.8444058486748595
25681,LOF,0.03459987841141186,0.12308767944673432,0.8423124421418537
25682,LOF,0.1080371745777846,0.08541281790474342,0.806550007517472
25683,LOF,0.0948444976843703,0.09776654444582554,0.8073889578698041
25684,LOF,0.026103672751314772,0.0785414062936055,0.8953549209550797
25685,LOF,0.09495132861911135,0.11440368354470544,0.7906449878361832
25686,LOF,0.05881583014589687,0.2553728926090646,0.6858112772450385
25687,LOF,0.10052888697354642,0.23636021173296087,0.6631109012934927
25688,LOF,0.4518251493947438,0.027466464624713787,0.5207083859805425
25689,LOF,0.27379593840482974,0.03604333630881038,0.6901607252863599
25690,LOF,0.38088014329327896,0.02621232410973588,0.592907532596985
25691,Neutral,0.7509482054804312,0.02252759273586737,0.22652420178370136
25692,LOF,0.34851375708459803,0.01133713048239968,0.6401491124330022
25693,GOF,0.040311844734842915,0.5312460688471804,0.42844208641797676
25694,LOF,0.10722522939486048,0.02140576606345416,0.8713690045416853
25695,LOF,0.10599465550173394,0.009026441768463133,0.8849789027298028
25696,LOF,0.10549688362942274,0.018783727429977668,0.8757193889405995
25697,LOF,0.05087178308243121,0.0637141537430502,0.8854140631745187
25698,LOF,0.2672853283409725,0.1888864419774894,0.543828229681538
25699,LOF,0.3697857054343129,0.044216285418370464,0.5859980091473166
25700,LOF,0.058926905574749076,0.011423608630851697,0.9296494857943992
25701,LOF,0.17880216171168548,0.03637658922487619,0.7848212490634384
25702,GOF,0.19259211075522464,0.6691209217351447,0.13828696750963065
25703,LOF,0.017328028262705013,0.22314726086710665,0.7595247108701884
25704,LOF,0.037399031410927076,0.18936755033910987,0.773233418249963
25705,LOF,0.03195696025704655,0.09250481965162508,0.8755382200913284
25706,GOF,0.09859325681349758,0.5255204279975695,0.37588631518893295
25707,LOF,0.09164146156813191,0.3835534820599974,0.5248050563718707
25708,LOF,0.04122159992986802,0.42733604873595216,0.5314423513341798
25709,LOF,0.07810059661752217,0.051645608779625624,0.8702537946028522
25710,LOF,0.017666738905019335,0.17714792535284637,0.8051853357421344
25711,LOF,0.01993869324537469,0.09975429181175424,0.8803070149428711
25712,LOF,0.018567868103948993,0.210138149448708,0.771293982447343
25713,LOF,0.019222154660503848,0.07950267016171485,0.9012751751777813
25714,LOF,0.07928786452282996,0.07234699945134779,0.8483651360258223
25715,LOF,0.01244247886648858,0.1348585648502809,0.8526989562832306
25716,LOF,0.012999310985035156,0.14742793617835862,0.8395727528366063
25717,LOF,0.021584305053587088,0.08741496764790628,0.8910007272985065
25718,LOF,0.011490802054910999,0.06216181428040376,0.9263473836646852
25719,LOF,0.02447287480131355,0.10565520085585593,0.8698719243428304
25720,LOF,0.03133400965974177,0.05562990022136774,0.9130360901188905
25721,LOF,0.012232944467447446,0.09842128033380401,0.8893457751987486
25722,LOF,0.014292248284078364,0.08481164659686012,0.9008961051190615
25723,LOF,0.025150942339399112,0.0596351038371307,0.9152139538234703
25724,LOF,0.035066517020581875,0.10431696957236646,0.8606165134070517
25725,LOF,0.0117388484651063,0.09942016974219749,0.8888409817926962
25726,LOF,0.017897919167140126,0.1460055922903465,0.8360964885425134
25727,LOF,0.014784592558676396,0.0858880163902486,0.899327391051075
25728,LOF,0.011545062877660493,0.11453775916921045,0.8739171779531291
25729,LOF,0.011798643934311267,0.11165285692769729,0.8765484991379915
25730,LOF,0.015522960079628936,0.11292822254313102,0.87154881737724
25731,LOF,0.019272803510131217,0.15270090113820112,0.8280262953516677
25732,LOF,0.014981783893051132,0.05653024174641116,0.9284879743605376
25733,LOF,0.01650763107801175,0.07596906951314342,0.9075232994088449
25734,LOF,0.014460168039326933,0.16500370021995614,0.820536131740717
25735,LOF,0.011613330227570957,0.07590674332578595,0.912479926446643
25736,LOF,0.012927115020636955,0.07193895394196076,0.9151339310374023
25737,LOF,0.014037799222118789,0.10669385167520391,0.8792683491026773
25738,LOF,0.013057378809648988,0.10168565119306125,0.8852569699972898
25739,LOF,0.020362065513576045,0.08806934206601168,0.8915685924204123
25740,LOF,0.03242721357488866,0.11274393565341717,0.8548288507716941
25741,LOF,0.015060332399505891,0.1183010121016636,0.8666386554988306
25742,LOF,0.1116069392440565,0.08364121724796654,0.8047518435079769
25743,LOF,0.04559290787453019,0.06736121136091001,0.8870458807645598
25744,Neutral,0.6179442269345228,0.2467256499719329,0.13533012309354428
25745,LOF,0.06355293023131273,0.07961799358217646,0.8568290761865108
25746,LOF,0.03889635937934499,0.12935565429996326,0.8317479863206918
25747,LOF,0.0183824533803857,0.1465263025091992,0.835091244110415
25748,LOF,0.10139010270729677,0.19420672394860305,0.7044031733441002
25749,LOF,0.027530615648666983,0.10538966962823618,0.8670797147230968
25750,LOF,0.0679350178139697,0.1154445124717361,0.8166204697142943
25751,LOF,0.11935904412681837,0.18152054738209186,0.6991204084910898
25752,GOF,0.10515768124633175,0.6675476603618177,0.2272946583918505
25753,LOF,0.03412537644057101,0.3801846378230717,0.5856899857363573
25754,GOF,0.022691378057785063,0.7685033773012239,0.20880524464099098
25755,LOF,0.031375919729059024,0.34780086175161484,0.6208232185193262
25756,LOF,0.06562737968432547,0.43087281548372997,0.5034998048319446
25757,GOF,0.017875316619938356,0.849042532236116,0.1330821511439456
25758,GOF,0.029081345716524494,0.7573150082806568,0.21360364600281864
25759,GOF,0.014063710646752738,0.6776087491417261,0.30832754021152103
25760,LOF,0.017121993562141266,0.4488085498980665,0.5340694565397922
25761,GOF,0.2920078542378933,0.6137575674132761,0.09423457834883053
25762,LOF,0.05109322890584063,0.4070811850304856,0.5418255860636738
25763,LOF,0.01484102651053303,0.31343862592837035,0.6717203475610966
25764,GOF,0.050669126361756814,0.6948480060122231,0.25448286762602024
25765,GOF,0.03559645571952016,0.771865852256584,0.19253769202389592
25766,GOF,0.0871358441318464,0.7245718814613609,0.18829227440679278
25767,GOF,0.1389527659155856,0.4510677941662924,0.40997943991812197
25768,LOF,0.10281513488500184,0.040854333089848434,0.8563305320251496
25769,LOF,0.05322549294664605,0.06990638951512126,0.8768681175382327
25770,LOF,0.4036382833365245,0.09207954826168044,0.5042821684017951
25771,LOF,0.06645802678443273,0.0519533767882348,0.8815885964273324
25772,LOF,0.018676693929579845,0.052383448272328055,0.9289398577980921
25773,LOF,0.07004141706236254,0.05586593856698796,0.8740926443706495
25774,LOF,0.027716189048496178,0.10885819108503471,0.863425619866469
25775,LOF,0.07225977982509453,0.04812133307888991,0.8796188870960157
25776,LOF,0.07072748236089232,0.0333246257873302,0.8959478918517775
25777,Neutral,0.5324000222638564,0.06869461882870882,0.39890535890743467
25778,LOF,0.06758648700344999,0.04759284785180111,0.8848206651447489
25779,GOF,0.430123988275086,0.5197969348756649,0.050079076849249116
25780,GOF,0.3570178169926706,0.5530445636350458,0.08993761937228346
25781,GOF,0.12253768571169885,0.7570901210522701,0.12037219323603102
25782,GOF,0.18557363136562646,0.7129242545632951,0.10150211407107848
25783,GOF,0.024223763668206954,0.6961876327470564,0.2795886035847366
25784,Neutral,0.546648847792429,0.40038121147758277,0.05296994072998827
25785,Neutral,0.5377067614246235,0.38364542727447776,0.07864781130089873
25786,GOF,0.026044603271875442,0.7103424300525435,0.26361296667558104
25787,Neutral,0.7058379239136829,0.24876360027780967,0.0453984758085075
25788,LOF,0.05956222296511847,0.08070106975893199,0.8597367072759495
25789,GOF,0.2178461456224324,0.6435077852039465,0.13864606917362107
25790,GOF,0.2876418739260033,0.5682796775014656,0.14407844857253108
25791,GOF,0.1319871783066677,0.6195907458806561,0.24842207581267603
25792,GOF,0.3447617307323269,0.46103941443807256,0.19419885482960056
25793,GOF,0.2299980880783303,0.4728848119325968,0.297117099989073
25794,GOF,0.31926957095807645,0.47851646725572333,0.20221396178620019
25795,GOF,0.060558651494126196,0.6625645335817737,0.2768768149241001
25796,Neutral,0.4758854201793825,0.4201134510718626,0.10400112874875482
25797,GOF,0.07494808889773771,0.513059737313681,0.41199217378858133
25798,GOF,0.010164776917204443,0.5754045340863806,0.4144306889964149
25799,GOF,0.00872056810188945,0.5084974628607681,0.48278196903734244
25800,GOF,0.0370504296653421,0.6529206485364124,0.31002892179824554
25801,GOF,0.2200701588672804,0.6634375787813741,0.11649226235134551
25802,GOF,0.061013188424851185,0.6753489389695021,0.26363787260564664
25803,GOF,0.04332074879801371,0.5885296501030114,0.3681496010989749
25804,GOF,0.036402964482810066,0.5223497938510229,0.441247241666167
25805,GOF,0.09774479342548711,0.5541313288138764,0.3481238777606365
25806,GOF,0.12869444387402992,0.5868200503357586,0.28448550579021137
25807,GOF,0.018445597513280097,0.5970734711659874,0.3844809313207325
25808,GOF,0.10573305571353271,0.5525257609061505,0.3417411833803169
25809,GOF,0.019366124197997853,0.5707688583788109,0.40986501742319126
25810,GOF,0.020361691071054608,0.5655822606666514,0.41405604826229386
25811,GOF,0.4605994728281461,0.4716041584713565,0.06779636870049748
25812,GOF,0.040717542113690365,0.6448752802347141,0.3144071776515956
25813,Neutral,0.5735151168805007,0.2959221185781803,0.13056276454131896
25814,GOF,0.13184831868816083,0.5831921820035136,0.28495949930832554
25815,GOF,0.26573268895861996,0.5474780191979484,0.18678929184343174
25816,GOF,0.0203485442792633,0.666642146017795,0.31300930970294155
25817,GOF,0.18453427051796695,0.6738785302769058,0.1415871992051273
25818,GOF,0.03844584305125572,0.5899900858114642,0.37156407113728007
25819,GOF,0.3406451199956363,0.46973043273164955,0.1896244472727142
25820,GOF,0.1841943433498245,0.5679386887714619,0.2478669678787135
25821,GOF,0.060059670716266736,0.6505728240887875,0.28936750519494586
25822,GOF,0.23325351040682632,0.5360588149030759,0.23068767469009785
25823,GOF,0.03747257942467963,0.5261993490453093,0.43632807153001113
25824,GOF,0.09096849602033046,0.5238563412245586,0.38517516275511104
25825,GOF,0.03325377892586983,0.543162553751543,0.42358366732258723
25826,GOF,0.011737535712356284,0.5264323713442199,0.46183009294342386
25827,GOF,0.0193207006812401,0.5596986905462412,0.42098060877251864
25828,LOF,0.013863814753146166,0.4869097292867768,0.49922645596007703
25829,GOF,0.007985131245187875,0.5652773244261715,0.4267375443286407
25830,LOF,0.03911459522158037,0.2701540518527973,0.6907313529256223
25831,GOF,0.13346132608921096,0.7125549553890843,0.1539837185217048
25832,GOF,0.038906318487277276,0.6917677429987905,0.2693259385139322
25833,GOF,0.12704472925278526,0.6645709069604159,0.20838436378679887
25834,GOF,0.046885271822878105,0.6888232961481954,0.26429143202892663
25835,GOF,0.10597386101549895,0.6220762080285117,0.27194993095598946
25836,GOF,0.05260319029350931,0.6787515102713745,0.26864529943511617
25837,GOF,0.028129444934441136,0.5313703484669784,0.4405002065985804
25838,GOF,0.10039123334171557,0.7001759757902788,0.19943279086800567
25839,GOF,0.292774510866637,0.5081095070128423,0.1991159821205206
25840,GOF,0.2081706887939221,0.578173372306014,0.213655938900064
25841,GOF,0.24222415112991144,0.552089188996036,0.20568665987405255
25842,GOF,0.16487477482103371,0.6129421906495088,0.22218303452945745
25843,GOF,0.23865066506884694,0.6038476106885808,0.15750172424257217
25844,GOF,0.06755089730845266,0.6532503548646864,0.279198747826861
25845,GOF,0.015952226106202488,0.5306386512281929,0.45340912266560457
25846,GOF,0.09760127266142515,0.6946982537607539,0.20770047357782084
25847,GOF,0.10812279408068765,0.6836528901919636,0.20822431572734873
25848,GOF,0.04664412166058104,0.6454524489113582,0.3079034294280607
25849,GOF,0.013749489467259509,0.5597366546822049,0.42651385585053564
25850,GOF,0.029268402492551294,0.6273166302840459,0.3434149672234027
25851,GOF,0.024205459866509987,0.5385946888369231,0.4371998512965669
25852,GOF,0.13312409650828194,0.5432764395662604,0.3235994639254576
25853,GOF,0.3159344766037171,0.5831543212114474,0.10091120218483549
25854,GOF,0.02127803775000521,0.7154704179858513,0.2632515442641435
25855,GOF,0.04165015260806523,0.6413235043735308,0.317026343018404
25856,GOF,0.21376637618109612,0.5954139446335657,0.19081967918533807
25857,GOF,0.036982597208800705,0.5833385223439765,0.37967888044722287
25858,GOF,0.019008880289966505,0.6445838880838738,0.33640723162615976
25859,GOF,0.009927606661879154,0.6407525268278925,0.3493198665102283
25860,GOF,0.26932117764808705,0.6221637362964694,0.10851508605544352
25861,GOF,0.3198938407563615,0.588870908766359,0.09123525047727958
25862,GOF,0.06292845202773363,0.7796735576485516,0.15739799032371468
25863,GOF,0.06824390302979844,0.7852187540922537,0.14653734287794787
25864,GOF,0.1208932009162472,0.7656515094615604,0.11345528962219249
25865,GOF,0.06430009170236956,0.7749053118999141,0.16079459639771643
25866,GOF,0.05909115655391092,0.8085930292506631,0.1323158141954261
25867,GOF,0.07609802969578233,0.809887580533182,0.1140143897710356
25868,GOF,0.21447538760085874,0.6537856411108472,0.13173897128829404
25869,Neutral,0.6565811100987826,0.2847497024533407,0.058669187447876546
25870,LOF,0.2577485498249939,0.2710206465334438,0.4712308036415623
25871,GOF,0.19357165685991323,0.6443601920196719,0.1620681511204149
25872,GOF,0.078661509790282,0.6139316810444632,0.3074068091652549
25873,GOF,0.1562287427817046,0.5992841930917637,0.24448706412653162
25874,LOF,0.023301535115409253,0.08572256807752779,0.890975896807063
25875,LOF,0.057955332202453885,0.16458004639205115,0.777464621405495
25876,LOF,0.02197553682889832,0.08961776283004542,0.8884067003410562
25877,Neutral,0.4376558311884131,0.1597922533246063,0.4025519154869805
25878,LOF,0.15723549069990084,0.24300246856399896,0.5997620407361003
25879,LOF,0.08636629921304588,0.29073315999394606,0.622900540793008
25880,LOF,0.02074257345123606,0.043897050192251916,0.9353603763565119
25881,LOF,0.17620964823565477,0.22946562176668714,0.5943247299976581
25882,LOF,0.06780974282244795,0.033645042906835086,0.8985452142707169
25883,LOF,0.08158664893776515,0.054640071854585026,0.8637732792076498
25884,LOF,0.043855058973498916,0.055407848903245696,0.9007370921232554
25885,LOF,0.05598796837056993,0.03382047090800848,0.9101915607214216
25886,LOF,0.3333179640398285,0.1246638447955066,0.5420181911646649
25887,LOF,0.18684105945856577,0.18807991140665872,0.6250790291347755
25888,LOF,0.07574186672954679,0.12473189562651171,0.7995262376439415
25889,LOF,0.03738000504789388,0.059334954461444024,0.9032850404906622
25890,LOF,0.06218337422328231,0.11720816364264781,0.8206084621340699
25891,LOF,0.06290081804716854,0.055894105016875154,0.8812050769359563
25892,LOF,0.10325473495856262,0.031210383466456035,0.8655348815749814
25893,LOF,0.3302022561942678,0.022118695163768135,0.647679048641964
25894,LOF,0.19122778947178828,0.010015964803355934,0.7987562457248557
25895,LOF,0.235538483695011,0.019003859086766398,0.7454576572182227
25896,LOF,0.04965601115670064,0.022459477983329947,0.9278845108599694
25897,LOF,0.2364316267942152,0.02500560670387659,0.7385627665019082
25898,Neutral,0.8062537973283103,0.017043518151383375,0.1767026845203064
25899,LOF,0.2593122862787897,0.04862648308900601,0.6920612306322043
25900,Neutral,0.6309496706979105,0.012576943650503842,0.3564733856515857
25901,LOF,0.05144131858009941,0.013121945434991407,0.9354367359849092
25902,LOF,0.18202480756493128,0.01471679443789172,0.803258397997177
25903,Neutral,0.6221496511324798,0.04577974566548515,0.3320706032020351
25904,LOF,0.2733940440960789,0.043872442808722545,0.6827335130951986
25905,LOF,0.03956122033895089,0.3382180880789893,0.6222206915820598
25906,LOF,0.028862201851333435,0.06380394577883891,0.9073338523698278
25907,LOF,0.013590405373249112,0.37920495480852123,0.6072046398182296
25908,LOF,0.014566314222266584,0.2544708185290751,0.7309628672486582
25909,LOF,0.017670778987458367,0.10170924851429339,0.8806199724982482
25910,LOF,0.030099282204348717,0.3587931496856405,0.6111075681100108
25911,LOF,0.08170923458163176,0.05465900287552558,0.8636317625428427
25912,LOF,0.04174399888157404,0.09642591169896002,0.861830089419466
25913,LOF,0.24623332688543362,0.04719035171674565,0.7065763213978207
25914,LOF,0.01909571668615891,0.11483524603591891,0.8660690372779222
25915,GOF,0.301635677968335,0.3893522831007465,0.3090120389309184
25916,GOF,0.023423908211765484,0.4985447283219207,0.47803136346631375
25917,LOF,0.042708400473195636,0.06072251469212497,0.8965690848346793
25918,LOF,0.023219539515191765,0.0682273017010471,0.9085531587837611
25919,LOF,0.020304564555276728,0.07611558986109697,0.9035798455836263
25920,GOF,0.11925033296510441,0.5251741019483815,0.35557556508651395
25921,LOF,0.03396652812433866,0.021962974270607023,0.9440704976050543
25922,LOF,0.045890685005488104,0.015878610926888595,0.9382307040676233
25923,LOF,0.3821767944310647,0.023222964046245027,0.5946002415226903
25924,LOF,0.04361023308343369,0.020079077903016204,0.9363106890135501
25925,LOF,0.06779148729126751,0.02894417728928832,0.9032643354194441
25926,LOF,0.051343872132088374,0.01967432990263507,0.9289817979652765
25927,LOF,0.08714233291321703,0.042083548412796136,0.8707741186739869
25928,LOF,0.026387229142760777,0.018963694302708365,0.9546490765545308
25929,Neutral,0.5364334725031035,0.02685755866925337,0.43670896882764315
25930,LOF,0.06168116905007517,0.01672198551375436,0.9215968454361706
25931,LOF,0.034978750272264596,0.015851555711865774,0.9491696940158697
25932,LOF,0.029580317692166815,0.01561631954989447,0.9548033627579388
25933,LOF,0.03744552235559533,0.010065957306494507,0.9524885203379102
25934,LOF,0.027444210153104436,0.0141554826430846,0.958400307203811
25935,LOF,0.06567425820628116,0.028082725366225733,0.9062430164274932
25936,LOF,0.04439321582494392,0.018082485622798922,0.9375242985522573
25937,LOF,0.03447120587865915,0.02048035562985339,0.9450484384914873
25938,LOF,0.06510572805888877,0.035293450309171207,0.8996008216319401
25939,LOF,0.04059499499665373,0.010250710113818715,0.9491542948895276
25940,GOF,0.023279441662324783,0.5124401852229672,0.46428037311470804
25941,LOF,0.16839485716985741,0.08471871067523871,0.7468864321549039
25942,LOF,0.015303522821529516,0.0334690403779954,0.9512274368004752
25943,LOF,0.3498306262632089,0.08437408320803313,0.565795290528758
25944,LOF,0.46199032983720223,0.04630807604296075,0.49170159411983716
25945,LOF,0.08419063020726608,0.034798386725514496,0.8810109830672195
25946,LOF,0.03842530327919422,0.15549432692767523,0.8060803697931306
25947,LOF,0.12625959878925952,0.27851367787366627,0.5952267233370742
25948,LOF,0.4211441434671629,0.014592362688293455,0.5642634938445437
25949,LOF,0.11561084194334667,0.05626214197001614,0.8281270160866371
25950,GOF,0.19567187064295083,0.5043419621148728,0.2999861672421763
25951,LOF,0.21062541949616018,0.1334039240720254,0.6559706564318145
25952,LOF,0.04672525875890111,0.4410955086934537,0.5121792325476452
25953,LOF,0.12695547170711094,0.11646068419857351,0.7565838440943154
25954,LOF,0.32966727318105055,0.2338172257768957,0.4365155010420538
25955,LOF,0.06506426768082597,0.10852613555325002,0.8264095967659241
25956,LOF,0.22101165534619235,0.06532190954103587,0.7136664351127717
25957,LOF,0.050978021495508605,0.01980715958861481,0.9292148189158765
25958,LOF,0.06099767454047665,0.026855504706127863,0.9121468207533954
25959,LOF,0.09281816615261476,0.3604936503239512,0.5466881835234341
25960,LOF,0.024712294361909054,0.05956962225954099,0.91571808337855
25961,LOF,0.05096409502764258,0.03854417151093036,0.9104917334614272
25962,LOF,0.05921828126374334,0.05587500763020137,0.8849067111060553
25963,LOF,0.057321001907894555,0.19923384364400262,0.7434451544481029
25964,LOF,0.030571358983991662,0.16858827308478594,0.8008403679312224
25965,LOF,0.46247619651123645,0.0659670924623133,0.47155671102645025
25966,LOF,0.32600645937829986,0.31305440359672204,0.3609391370249781
25967,LOF,0.016101234280044237,0.10860332018725768,0.8752954455326981
25968,LOF,0.050310940165969036,0.4141901861137867,0.5354988737202443
25969,LOF,0.029718445776039853,0.054121024829951236,0.9161605293940089
25970,LOF,0.06727305687830501,0.05322564393869708,0.879501299182998
25971,LOF,0.08010646680447553,0.023637820797430518,0.8962557123980939
25972,LOF,0.071234251744065,0.02627168377133994,0.902494064484595
25973,LOF,0.0858041362861247,0.012212501210352817,0.9019833625035226
25974,LOF,0.3333573146930553,0.03184920507574848,0.6347934802311962
25975,LOF,0.05052011439199593,0.030247562828434712,0.9192323227795692
25976,LOF,0.036306712181393065,0.02618533444338831,0.9375079533752186
25977,LOF,0.13009885084089062,0.12074491564591214,0.7491562335131972
25978,LOF,0.1626143308192055,0.0912846375720731,0.7461010316087213
25979,LOF,0.16112974711652678,0.07716133982206566,0.7617089130614074
25980,LOF,0.17999191684795454,0.1623258912987486,0.6576821918532969
25981,LOF,0.21630681798110946,0.15379027229798098,0.6299029097209096
25982,LOF,0.42048817113134973,0.08040421783951918,0.4991076110291312
25983,LOF,0.3988749828540039,0.07899609679294903,0.522128920353047
25984,LOF,0.04734347060084968,0.1023790250553187,0.8502775043438318
25985,LOF,0.023085724793064782,0.32109972839086187,0.6558145468160734
25986,LOF,0.026232395173097275,0.3105348474967363,0.6632327573301663
25987,LOF,0.07991244270238637,0.08669973168992183,0.8333878256076918
25988,LOF,0.11102664541672624,0.07126676903589421,0.8177065855473794
25989,LOF,0.02657408108775265,0.11232230216918047,0.8611036167430669
25990,LOF,0.03662941838329699,0.10180800017574258,0.8615625814409604
25991,LOF,0.22262120449746228,0.2843115105674426,0.4930672849350952
25992,LOF,0.39103239066492507,0.19938517695158264,0.40958243238349223
25993,LOF,0.02938444057275273,0.06546396700128854,0.9051515924259587
25994,LOF,0.019357672453869493,0.09422971103467445,0.8864126165114561
25995,LOF,0.0318612292164771,0.08360451306215343,0.8845342577213694
25996,GOF,0.28473010969706275,0.4207955916148333,0.294474298688104
25997,LOF,0.10499058490563068,0.42929611035896703,0.4657133047354022
25998,Neutral,0.5736843550076401,0.029009832922703867,0.39730581206965604
25999,LOF,0.11953451790312437,0.10409699512857873,0.776368486968297
26000,LOF,0.08628050988447915,0.028050130362927164,0.8856693597525938
26001,LOF,0.19098783004373074,0.03942542755397598,0.7695867424022932
26002,LOF,0.09451869640153836,0.03401589173212039,0.8714654118663412
26003,GOF,0.01075989289538281,0.6404094653647596,0.3488306417398575
26004,GOF,0.0230304389967396,0.65389600152684,0.32307355947642036
26005,LOF,0.010896439081525601,0.49379770734756284,0.4953058535709116
26006,Neutral,0.5084776015651336,0.28852320325482145,0.202999195180045
26007,GOF,0.017678431281343977,0.5977949033099981,0.3845266654086579
26008,GOF,0.017583756877138545,0.559797701381097,0.4226185417417645
26009,GOF,0.030802161613972104,0.6664640404014747,0.3027337979845532
26010,GOF,0.020095855316659455,0.7044335876825258,0.2754705570008147
26011,LOF,0.009156220452476929,0.49388752407862485,0.4969562554688981
26012,GOF,0.016867031598758127,0.5517962428731897,0.4313367255280521
26013,GOF,0.01305323515333806,0.6739113754661055,0.3130353893805564
26014,LOF,0.04762317476553239,0.166554456183708,0.7858223690507595
26015,LOF,0.2060974240574536,0.013609225433078489,0.7802933505094679
26016,LOF,0.27963787558187664,0.06292360620961285,0.6574385182085105
26017,LOF,0.17392705650805512,0.09292578713505008,0.7331471563568948
26018,LOF,0.09593077849951981,0.04659101572168524,0.8574782057787949
26019,LOF,0.09300574755037311,0.028726135775697922,0.8782681166739289
26020,LOF,0.06072453646581025,0.09798589375694888,0.8412895697772408
26021,LOF,0.05114872912095243,0.11138450139205995,0.8374667694869877
26022,LOF,0.01061781428758154,0.06132436892280231,0.9280578167896162
26023,LOF,0.12976508002894044,0.030180340867924513,0.8400545791031351
26024,LOF,0.03009045966352988,0.11114883929785602,0.8587607010386141
26025,LOF,0.15676718102123827,0.06646537266738786,0.776767446311374
26026,LOF,0.34185985833371846,0.013531304278014399,0.6446088373882671
26027,LOF,0.09257715940883074,0.018810340287221505,0.8886125003039477
26028,LOF,0.21067015607347767,0.09266920960749739,0.6966606343190249
26029,LOF,0.11765166787022423,0.1560747263132366,0.7262736058165392
26030,LOF,0.032829660964430116,0.032745470857399046,0.9344248681781707
26031,LOF,0.03778992102916693,0.1177831957716754,0.8444268831991576
26032,LOF,0.0948310451726937,0.021511506132858207,0.8836574486944481
26033,LOF,0.1440162498779335,0.022004434750702972,0.8339793153713636
26034,LOF,0.06681003802595172,0.11403673055711494,0.8191532314169333
26035,LOF,0.0444853802386953,0.09909464469006747,0.8564199750712371
26036,LOF,0.06163950223787068,0.11548712822864737,0.822873369533482
26037,LOF,0.037340840053509995,0.09788777554609494,0.8647713844003949
26038,LOF,0.09266808399619754,0.02114093928226638,0.8861909767215361
26039,LOF,0.09152132663115889,0.10719270514940439,0.8012859682194368
26040,LOF,0.25897587243025805,0.05808774467427999,0.682936382895462
26041,LOF,0.03682057141663518,0.09039593398767956,0.8727834945956853
26042,LOF,0.0363886143599999,0.09026648273250101,0.8733449029074991
26043,LOF,0.0915145502875836,0.03019796913814259,0.8782874805742739
26044,LOF,0.038570289579721403,0.038414162496088686,0.92301554792419
26045,LOF,0.10722293121000682,0.07358474286467856,0.8191923259253145
26046,LOF,0.09833827681867387,0.03230952196724505,0.8693522012140811
26047,LOF,0.12758566514842556,0.04059944046864255,0.831814894382932
26048,LOF,0.054048148314145984,0.03733620482308472,0.9086156468627693
26049,Neutral,0.9468933197759131,0.0054497975151421366,0.04765688270894461
26050,Neutral,0.9265778403962135,0.005737631700635887,0.06768452790315066
26051,GOF,0.0337831798483348,0.5574266646317577,0.40879015551990744
26052,GOF,0.03670858179144154,0.6340137997131396,0.3292776184954188
26053,LOF,0.053655492598269135,0.3712846137189833,0.5750598936827476
26054,LOF,0.05659104686660708,0.06678751467500561,0.8766214384583874
26055,LOF,0.0709976813139705,0.06608663960726416,0.8629156790787653
26056,LOF,0.06062112487257927,0.07716160236759054,0.8622172727598303
26057,LOF,0.030261452038836362,0.026032880470198187,0.9437056674909655
26058,LOF,0.02997489696361376,0.02237736311171927,0.947647739924667
26059,LOF,0.3580205490588102,0.0811120844823297,0.5608673664588602
26060,LOF,0.03094623437629837,0.3009288254284916,0.6681249401952101
26061,LOF,0.018075447642594864,0.0639937972103048,0.9179307551471004
26062,LOF,0.013247745732128688,0.06348493286588644,0.9232673214019849
26063,LOF,0.024881210497041766,0.028224868290313558,0.9468939212126447
26064,LOF,0.02602042737725074,0.0398843037097737,0.9340952689129755
26065,LOF,0.027210475390091523,0.030872591779247175,0.9419169328306612
26066,LOF,0.021918254047529492,0.03513493949695375,0.9429468064555168
26067,LOF,0.024609298261201146,0.02380414339718117,0.9515865583416176
26068,LOF,0.05472968398950599,0.06504277357836757,0.8802275424321263
26069,LOF,0.40337605407754923,0.06870243992319314,0.5279215059992577
26070,Neutral,0.6389508301953093,0.02955572273240962,0.3314934470722811
26071,LOF,0.024042991352073606,0.03448147321994982,0.9414755354279767
26072,LOF,0.02404505372377685,0.06300140312230848,0.9129535431539147
26073,LOF,0.0253858769156996,0.029134290773675044,0.9454798323106254
26074,Neutral,0.8753593768375922,0.013113690129517758,0.11152693303288998
26075,LOF,0.040353090813290964,0.0562925885052983,0.9033543206814106
26076,LOF,0.04368078175912171,0.021363819154005342,0.934955399086873
26077,LOF,0.01002557751401935,0.07531935110451557,0.9146550713814651
26078,LOF,0.013673706388449607,0.05104409706962881,0.9352821965419217
26079,LOF,0.05254155015474227,0.05095636792500981,0.8965020819202479
26080,LOF,0.05254155015474227,0.05095636792500981,0.8965020819202479
26081,LOF,0.03385973451550004,0.018428375525219285,0.9477118899592806
26082,LOF,0.019957661427895523,0.0653333286374768,0.9147090099346277
26083,LOF,0.14876483795982734,0.030366330216025212,0.8208688318241474
26084,LOF,0.02801871654664459,0.041420079146554004,0.9305612043068014
26085,LOF,0.023414162887994003,0.03660268315466313,0.9399831539573429
26086,LOF,0.02338966479974404,0.040804431513773796,0.9358059036864822
26087,LOF,0.02544142731167819,0.028599318095431498,0.9459592545928903
26088,LOF,0.025748192260884976,0.07079956210079841,0.9034522456383166
26089,LOF,0.04640362695015491,0.07150681824013719,0.8820895548097079
26090,LOF,0.04386810323765152,0.05558429974957796,0.9005475970127705
26091,LOF,0.038748220354785104,0.018449363452497737,0.9428024161927171
26092,LOF,0.029521132235793755,0.02295716537029102,0.9475217023939151
26093,LOF,0.04122821777875032,0.015568432564882296,0.9432033496563674
26094,LOF,0.043914332110504155,0.01536211340795764,0.9407235544815381
26095,LOF,0.04030241107694268,0.0536162089218505,0.9060813800012067
26096,LOF,0.017202371396622992,0.04538982451310815,0.9374078040902689
26097,LOF,0.011395326632396724,0.1369733801119001,0.8516312932557032
26098,LOF,0.05950411422901346,0.044161911715412464,0.8963339740555741
26099,LOF,0.025892401882834544,0.04248392952567779,0.9316236685914876
26100,LOF,0.026824879359770976,0.039422152086009,0.9337529685542201
26101,LOF,0.058255681924937845,0.04205103182339004,0.8996932862516722
26102,LOF,0.027391922171417914,0.028843316573418258,0.9437647612551638
26103,Neutral,0.8751272544061567,0.050604191556265846,0.07426855403757754
26104,LOF,0.04966650719561705,0.07844858406829351,0.8718849087360895
26105,LOF,0.277785136818306,0.24654637589335648,0.4756684872883375
26106,LOF,0.14767727893038746,0.16127915455716757,0.691043566512445
26107,LOF,0.24310718566433134,0.14568325396571227,0.6112095603699564
26108,LOF,0.17603658121340343,0.1616670302967544,0.6622963884898422
26109,LOF,0.0563121857915312,0.1832625462296757,0.7604252679787932
26110,LOF,0.2887284715719649,0.01557104246737069,0.6957004859606644
26111,LOF,0.4610633814830585,0.022541446091986578,0.5163951724249549
26112,LOF,0.04361408175324601,0.0179940413441024,0.9383918769026516
26113,LOF,0.058696172574593766,0.0367299856156356,0.9045738418097705
26114,LOF,0.019776192762354906,0.027878623339106498,0.9523451838985386
26115,LOF,0.10071148508310822,0.04664809871705804,0.8526404161998338
26116,LOF,0.0511819518386137,0.06628685132505101,0.8825311968363354
26117,LOF,0.3141166337835355,0.11354585344141001,0.5723375127750545
26118,LOF,0.041123663980473575,0.05671080581747229,0.9021655302020541
26119,LOF,0.024124624355666806,0.08195641809062583,0.8939189575537073
26120,LOF,0.033035415810148426,0.04743855467603738,0.9195260295138142
26121,LOF,0.04869150746503572,0.11499148997385253,0.8363170025611117
26122,LOF,0.062727809490749,0.06402916194969668,0.8732430285595544
