feature0,prediction,LoGoFunc_Neutral,LoGoFunc_GOF,LoGoFunc_LOF
25546,Neutral,0.6820897560783412,0.060925965772670135,0.2569842781489886
25547,Neutral,0.5206538265474454,0.09931765698370826,0.38002851646884633
25548,Neutral,0.5311081047642295,0.08137322846976741,0.38751866676600305
25549,LOF,0.45008529204930614,0.082221927695261,0.4676927802554328
25550,LOF,0.37368556631975763,0.12595926642837452,0.5003551672518678
25551,LOF,0.3144911862810567,0.14109643528376176,0.5444123784351815
25552,LOF,0.26044158152779506,0.12824255756958655,0.6113158609026184
25553,Neutral,0.8184450445151407,0.0459003086868766,0.13565464679798275
25554,LOF,0.30673240374362815,0.1183683693244814,0.5748992269318904
25555,LOF,0.24855383892193425,0.11295008611727776,0.638496074960788
25556,Neutral,0.4697574443768774,0.10107287284872932,0.4291696827743932
25557,LOF,0.23389619391172872,0.12029335538410421,0.6458104507041671
25558,LOF,0.2972706616852879,0.12245956825568248,0.5802697700590297
25559,LOF,0.17733177143302953,0.11541233839865489,0.7072558901683156
25560,LOF,0.15420137786967564,0.10478973432202297,0.7410088878083013
25561,LOF,0.14944322835219953,0.12969428744330536,0.7208624842044951
25562,LOF,0.0695102128900228,0.07753121831616407,0.852958568793813
25563,LOF,0.023032044510979146,0.11365019919386143,0.8633177562951594
25564,LOF,0.2151678031590845,0.11350495900492695,0.6713272378359886
25565,LOF,0.22626942429592847,0.12381956649112702,0.6499110092129445
25566,GOF,0.08954733536365116,0.6981199561264066,0.2123327085099423
25567,LOF,0.039009683519720666,0.12064629017629853,0.8403440263039808
25568,LOF,0.0611392832937962,0.06745366180524101,0.8714070549009627
25569,LOF,0.05916073955795882,0.07036829787690659,0.8704709625651346
25570,LOF,0.028726053777442258,0.09494437921626467,0.8763295670062929
25571,LOF,0.028305781144452168,0.09676043657967126,0.8749337822758766
25572,LOF,0.06485295162960476,0.11711601420243822,0.818031034167957
25573,LOF,0.05917350376213118,0.08678692050963997,0.8540395757282289
25574,LOF,0.06037401691121701,0.1773826807357355,0.7622433023530476
25575,LOF,0.024269556041427012,0.11373094448777823,0.8619994994707947
25576,LOF,0.03994844146134177,0.1566922338681822,0.803359324670476
25577,LOF,0.03315083152551442,0.10936280088820732,0.8574863675862782
25578,LOF,0.30779957437053296,0.07548996918670109,0.616710456442766
25579,LOF,0.14035276665066856,0.08244569113505539,0.7772015422142761
25580,LOF,0.020794516808166852,0.07675689068764195,0.9024485925041912
25581,LOF,0.05533476112378231,0.06449539275627743,0.8801698461199402
25582,LOF,0.055272861241998754,0.0636312586747804,0.8810958800832208
25583,LOF,0.020813158160015686,0.07796003734827942,0.9012268044917048
25584,Neutral,0.6630010116821027,0.10724260359534858,0.22975638472254864
25585,LOF,0.0340162765908087,0.12174268144529118,0.8442410419639
25586,LOF,0.018546645298782128,0.06599624679360852,0.9154571079076094
25587,LOF,0.017906770781531318,0.05876919386204761,0.923324035356421
25588,LOF,0.020159029126424758,0.07089714283858356,0.9089438280349916
25589,Neutral,0.500486094333566,0.19658715646144656,0.3029267492049875
25590,LOF,0.051472397748056675,0.10074202514629042,0.8477855771056529
25591,LOF,0.09572895185008841,0.05476171772684353,0.8495093304230681
25592,LOF,0.05575913214145087,0.13112299545876327,0.8131178723997858
25593,LOF,0.13656837650273487,0.2546983962850449,0.6087332272122202
25594,LOF,0.048481394173182646,0.10803302354243871,0.8434855822843786
25595,LOF,0.044257125557112274,0.07565788789828524,0.8800849865446024
25596,LOF,0.10321598707341846,0.043548485296295666,0.8532355276302859
25597,LOF,0.0828752912448797,0.057509540091399455,0.8596151686637208
25598,LOF,0.04844236962610303,0.07946531755387645,0.8720923128200204
25599,GOF,0.022957637979360707,0.5324692449336752,0.444573117086964
25600,GOF,0.17288615856565503,0.5028876585757327,0.32422618285861227
25601,LOF,0.03997566284036516,0.3822607620285206,0.5777635751311142
25602,LOF,0.035921192385514784,0.05245961972200292,0.9116191878924824
25603,LOF,0.037180919854698485,0.02542207500762578,0.9373970051376757
25604,LOF,0.038349937427707204,0.053614485376830646,0.908035577195462
25605,LOF,0.045782488016708874,0.16700959949107042,0.7872079124922207
25606,LOF,0.4463853398082384,0.09011938777104098,0.4634952724207207
25607,LOF,0.02686147237188225,0.16140257778325565,0.8117359498448621
25608,LOF,0.03798588550132083,0.06509339517336783,0.8969207193253113
25609,GOF,0.143699666984814,0.519352718120056,0.33694761489512987
25610,LOF,0.016238814260122757,0.02708236025392446,0.9566788254859527
25611,LOF,0.015871521643972528,0.030649258556971086,0.9534792197990565
25612,LOF,0.04724758770458246,0.041597819597154445,0.911154592698263
25613,LOF,0.042862754106872555,0.041574378046799816,0.9155628678463276
25614,LOF,0.02351120830697029,0.026273830193210196,0.9502149614998194
25615,LOF,0.04284354999354819,0.03139354290374567,0.9257629071027061
25616,LOF,0.047210413215798386,0.026266904774005992,0.9265226820101955
25617,LOF,0.04572250843591943,0.03421895870058206,0.9200585328634986
25618,LOF,0.05250862947751031,0.03317334750875827,0.9143180230137314
25619,LOF,0.01513895818320477,0.030465080755141562,0.9543959610616536
25620,LOF,0.06178864255115559,0.03739562024194767,0.9008157372068968
25621,LOF,0.052322991371110836,0.028151208372285966,0.9195258002566032
25622,LOF,0.0655315000148345,0.030244567450128827,0.9042239325350366
25623,LOF,0.07512170360355283,0.026255114113578545,0.8986231822828686
25624,LOF,0.019354164294070747,0.03413818080499073,0.9465076549009386
25625,LOF,0.06723810508721653,0.04008158675406156,0.8926803081587218
25626,LOF,0.04568457519684343,0.038919516336749865,0.9153959084664067
25627,Neutral,0.8920757677589027,0.02122320052322586,0.08670103171787133
25628,LOF,0.12753565910663892,0.05911676385764377,0.8133475770357174
25629,LOF,0.060650711696595076,0.04441809957501567,0.8949311887283893
25630,LOF,0.26536687075713433,0.07565830257962462,0.6589748266632411
25631,Neutral,0.5350480555666989,0.06449731608923245,0.4004546283440686
25632,LOF,0.028456898010173003,0.06846723370777028,0.9030758682820567
25633,LOF,0.20817961382623262,0.03830635767433651,0.7535140284994308
25634,LOF,0.03303004184570927,0.07895355310783035,0.8880164050464604
25635,LOF,0.040240966302763345,0.04578727522742211,0.9139717584698145
25636,GOF,0.0421130659242852,0.4844847194316935,0.4734022146440213
25637,GOF,0.07020433097291894,0.46957587763771297,0.46021979138936814
25638,LOF,0.04100936827791519,0.2947787410233966,0.6642118906986882
25639,LOF,0.034087169960785965,0.33527085019431585,0.6306419798448982
25640,Neutral,0.8057868690242662,0.15087905630166526,0.04333407467406856
25641,LOF,0.049552782038201015,0.47149452544339215,0.47895269251840666
25642,LOF,0.04083333437859781,0.14331334985584437,0.8158533157655579
25643,LOF,0.18730640975303453,0.17790547285318847,0.634788117393777
25644,LOF,0.021937080463851476,0.4449841252741904,0.533078794261958
25645,LOF,0.019018743380500712,0.4077692382140931,0.5732120184054061
25646,LOF,0.04811197879982102,0.34173091782066467,0.6101571033795142
25647,LOF,0.023464005792797657,0.25128373017545674,0.7252522640317457
25648,LOF,0.029027913658717947,0.24700976962524201,0.7239623167160402
25649,LOF,0.015186076314847256,0.2497121175701273,0.7351018061150254
25650,LOF,0.05235939800131266,0.3838482055850566,0.5637923964136307
25651,LOF,0.016735625360600054,0.25072373077444476,0.7325406438649552
25652,LOF,0.028581222387402735,0.25285237851316406,0.7185663990994332
25653,LOF,0.07964775585335865,0.3505770063957376,0.5697752377509038
25654,LOF,0.022730109635223792,0.2029599285606591,0.774309961804117
25655,LOF,0.23216837097511725,0.3291589291362574,0.4386726998886254
25656,LOF,0.2953702844261688,0.044136455940654115,0.6604932596331771
25657,LOF,0.0730977199156078,0.05413305640099002,0.8727692236834022
25658,LOF,0.3786694428163173,0.052631772099567875,0.5686987850841149
25659,Neutral,0.5266113677765765,0.07404178392823373,0.3993468482951898
25660,LOF,0.024136682886953642,0.07243770153316047,0.9034256155798859
25661,LOF,0.09111219966572373,0.053712194000774836,0.8551756063335015
25662,LOF,0.032041173327883456,0.02857737717612964,0.9393814494959868
25663,LOF,0.03920832657661025,0.041121299071162395,0.9196703743522274
25664,LOF,0.13707352880471133,0.052368693478707366,0.8105577777165813
25665,LOF,0.0509802479772468,0.028366010754854384,0.9206537412678988
25666,LOF,0.09159557389468656,0.07070891549193781,0.8376955106133757
25667,LOF,0.06309937823212507,0.04063545488957512,0.8962651668782998
25668,LOF,0.03727512191467834,0.03957641732984728,0.9231484607554743
25669,LOF,0.03484091059630147,0.04744532697745602,0.9177137624262425
25670,LOF,0.1331504060585307,0.039052046350121175,0.827797547591348
25671,LOF,0.09416148595614338,0.02717682981282308,0.8786616842310335
25672,LOF,0.05241473718984405,0.03808257974397914,0.9095026830661768
25673,LOF,0.07860193480515514,0.03589384600856225,0.8855042191862826
25674,LOF,0.0667155320188443,0.04369559513625754,0.8895888728448983
25675,LOF,0.11532842563299267,0.042448312100658345,0.842223262266349
25676,LOF,0.017729831202428246,0.045273771464553955,0.9369963973330179
25677,LOF,0.025821691423906275,0.0603362708539503,0.9138420377221433
25678,LOF,0.18063278960562626,0.05172743057991065,0.7676397798144631
25679,LOF,0.12876770260590223,0.07292752267663262,0.7983047747174651
25680,LOF,0.029642917504748897,0.10402031204461441,0.8663367704506366
25681,LOF,0.048383211067001414,0.09358384498136492,0.8580329439516337
25682,LOF,0.1425869570807848,0.05652434211233499,0.8008887008068802
25683,LOF,0.12513952494809302,0.07084789752501161,0.8040125775268954
25684,LOF,0.0419022035401219,0.058482590142206935,0.8996152063176711
25685,LOF,0.13459135344915515,0.04724961807049767,0.8181590284803472
25686,LOF,0.07406124934731295,0.08462976482690561,0.8413089858257815
25687,LOF,0.1256468018599794,0.07992100352380103,0.7944321946162196
25688,LOF,0.31009102966357255,0.03382302077809173,0.6560859495583358
25689,LOF,0.2209861743969023,0.04188696192468557,0.7371268636784122
25690,LOF,0.36066705916103964,0.029987443506682365,0.609345497332278
25691,Neutral,0.6901727007139895,0.029799023672899737,0.28002827561311083
25692,LOF,0.2751699375604023,0.009535267092230983,0.7152947953473666
25693,LOF,0.05160631777862683,0.4476642480194115,0.5007294342019616
25694,LOF,0.12439982078920508,0.022803320135867413,0.8527968590749274
25695,LOF,0.11979385108368519,0.017127234637721162,0.8630789142785936
25696,LOF,0.11592836439549986,0.00919079456479842,0.8748808410397017
25697,LOF,0.12308554904459335,0.025312221315012897,0.8516022296403938
25698,LOF,0.3303265777534613,0.26544145207863884,0.40423197016789986
25699,LOF,0.41997597189745933,0.04425001359873754,0.535774014503803
25700,LOF,0.05004931247330004,0.011843190675250017,0.93810749685145
25701,LOF,0.17286558171145883,0.058577158731447206,0.7685572595570939
25702,GOF,0.19393407527628823,0.528387208226241,0.27767871649747083
25703,LOF,0.017582901101017172,0.1613380630917365,0.8210790358072463
25704,LOF,0.05207271558080495,0.1063643374367317,0.8415629469824634
25705,LOF,0.05899720794628089,0.18139461784025893,0.7596081742134603
25706,LOF,0.08751009093492089,0.33763656296896216,0.574853346096117
25707,LOF,0.08329443226131779,0.27398959414002,0.6427159735986623
25708,LOF,0.02811483198276917,0.26131072108108006,0.7105744469361508
25709,LOF,0.05636605802678979,0.03728121940784168,0.9063527225653686
25710,LOF,0.01111668381871295,0.12920763967101048,0.8596756765102765
25711,LOF,0.019020658335238923,0.08609080011767603,0.894888541547085
25712,LOF,0.012647224253025956,0.19466614768237642,0.7926866280645976
25713,LOF,0.01814479727142084,0.0788517200537593,0.9030034826748198
25714,LOF,0.06812279449010479,0.07312309264847547,0.8587541128614198
25715,LOF,0.010117951679432925,0.1423572565896149,0.8475247917309521
25716,LOF,0.014402949856792437,0.11252812055705788,0.8730689295861497
25717,LOF,0.01262074249896708,0.07671373320842971,0.9106655242926032
25718,LOF,0.011801182204186777,0.10252140407969192,0.8856774137161212
25719,LOF,0.0178540771423377,0.08106500792072048,0.9010809149369419
25720,LOF,0.020390379733543573,0.07000051081949417,0.9096091094469623
25721,LOF,0.01506388483388459,0.10784287688097702,0.8770932382851384
25722,LOF,0.012926280880118593,0.11677231971347941,0.8703013994064019
25723,LOF,0.022231218992818817,0.041383484118974335,0.9363852968882068
25724,LOF,0.023415720800604396,0.08649730809489878,0.8900869711044967
25725,LOF,0.011632024723092502,0.06956128073004358,0.918806694546864
25726,LOF,0.014313706346856324,0.09846186008207762,0.887224433571066
25727,LOF,0.012894027386052992,0.07507887797879147,0.9120270946351555
25728,LOF,0.009635234954756131,0.09727473295242439,0.8930900320928196
25729,LOF,0.01006953992899976,0.09913109292430285,0.8907993671466974
25730,LOF,0.013527472255868037,0.07348860123476565,0.9129839265093662
25731,LOF,0.020956349594609486,0.11250088793161597,0.8665427624737745
25732,LOF,0.014556808908760238,0.07906392530700722,0.9063792657842326
25733,LOF,0.016527321625249006,0.06352399563660467,0.9199486827381463
25734,LOF,0.013435896542850186,0.13153815170341795,0.8550259517537319
25735,LOF,0.013615998470533673,0.06800117462817296,0.9183828269012932
25736,LOF,0.013980708418248366,0.09137398814155512,0.8946453034401964
25737,LOF,0.020895252822337205,0.07418323500075678,0.904921512176906
25738,LOF,0.013239613098267006,0.10688961208908063,0.8798707748126523
25739,LOF,0.019860364551453572,0.075459791185429,0.9046798442631174
25740,LOF,0.024868005401090226,0.08560577498997089,0.889526219608939
25741,LOF,0.014317686926884654,0.09979988944111434,0.885882423632001
25742,LOF,0.11012746418529669,0.0756337373677647,0.8142387984469386
25743,LOF,0.036474103696260474,0.028620895048011408,0.9349050012557281
25744,Neutral,0.5702771526889618,0.22047662007096805,0.20924622724007022
25745,LOF,0.0742352747984078,0.06473301663339805,0.8610317085681941
25746,LOF,0.040924504379910645,0.07014401648456935,0.88893147913552
25747,LOF,0.023384678036847562,0.03612620880649351,0.9404891131566591
25748,LOF,0.10899677085163903,0.05579243317815124,0.8352107959702098
25749,LOF,0.027388588011806093,0.07088298073739607,0.9017284312507978
25750,LOF,0.07808270274584908,0.07813545634040028,0.8437818409137506
25751,LOF,0.09084192523697772,0.05073498686374157,0.8584230878992808
25752,GOF,0.10845207943000082,0.6703416969651947,0.2212062236048045
25753,LOF,0.02048495610602522,0.25387242307301416,0.7256426208209606
25754,GOF,0.010581594763715174,0.7625365898951016,0.22688181534118315
25755,LOF,0.023853128435761668,0.3847219499546769,0.5914249216095614
25756,LOF,0.040510675956219266,0.3684650169523501,0.5910243070914307
25757,GOF,0.013460279438752068,0.8089458989904489,0.1775938215707992
25758,GOF,0.030502824520943776,0.8110476441110274,0.1584495313680289
25759,GOF,0.012739223386508371,0.5050894244620934,0.4821713521513982
25760,LOF,0.013754474099869863,0.21542786686279952,0.7708176590373306
25761,GOF,0.269163508724306,0.5948762991680262,0.1359601921076678
25762,LOF,0.03524279018684483,0.26036705695136125,0.704390152861794
25763,LOF,0.014236939496011397,0.18581062550172348,0.7999524350022651
25764,GOF,0.07081727789305264,0.5932441215780083,0.335938600528939
25765,GOF,0.04737682833529938,0.7343119714635381,0.21831120020116246
25766,GOF,0.06313104483672025,0.756072459461035,0.1807964957022448
25767,GOF,0.17540450811735428,0.4232097548514824,0.4013857370311633
25768,LOF,0.09228947799596299,0.06282001256605589,0.8448905094379812
25769,LOF,0.065422766031468,0.05425874221187058,0.8803184917566613
25770,LOF,0.2877028165895636,0.08103154391722744,0.6312656394932089
25771,LOF,0.04302758673389459,0.041141510178650954,0.9158309030874545
25772,LOF,0.016368917054199246,0.028705273455519844,0.9549258094902808
25773,LOF,0.04341649832538137,0.08113899856614917,0.8754445031084696
25774,LOF,0.0285049623013257,0.07229057861955406,0.8992044590791203
25775,LOF,0.046547687231533276,0.0431193460070086,0.9103329667614581
25776,LOF,0.0701191548378356,0.022506770162342867,0.9073740749998215
25777,LOF,0.344959927273467,0.0440476031526957,0.6109924695738372
25778,LOF,0.06440000959325531,0.04461531645277099,0.8909846739539736
25779,GOF,0.3739498375616649,0.5809399385034026,0.04511022393493238
25780,GOF,0.31124042188197587,0.6185455135374844,0.07021406458053978
25781,GOF,0.13629190682418005,0.7585303416584157,0.10517775151740416
25782,GOF,0.18082172382066283,0.7472740076366309,0.07190426854270626
25783,GOF,0.02881963553512419,0.6331122438845718,0.33806812058030394
25784,Neutral,0.4834780792391923,0.4782157751093289,0.03830614565147881
25785,GOF,0.36783621393382376,0.5898356635388884,0.04232812252728779
25786,GOF,0.023436659118327822,0.7707240401981355,0.20583930068353673
25787,Neutral,0.6408750637898885,0.33318775341974155,0.0259371827903699
25788,LOF,0.046908859806422655,0.10469904325052595,0.8483920969430513
25789,GOF,0.20565470200936836,0.6503180675000791,0.1440272304905525
25790,GOF,0.20436046021759216,0.6903066956937614,0.10533284408864657
25791,GOF,0.1309315310341686,0.6843402539057054,0.18472821506012593
25792,GOF,0.30825067842982845,0.550515769096604,0.14123355247356753
25793,GOF,0.24537486395821165,0.5734035757420931,0.18122156029969516
25794,GOF,0.30602859007991373,0.5201439455418236,0.17382746437826258
25795,GOF,0.08238282052457763,0.6975701960915298,0.22004698338389253
25796,Neutral,0.5403007218483333,0.3767633533996325,0.08293592475203418
25797,GOF,0.09569253529079162,0.5319079468695227,0.3723995178396858
25798,GOF,0.009377769705587952,0.5131468918731548,0.47747533842125717
25799,LOF,0.006857697503199763,0.3882522710089994,0.6048900314878008
25800,GOF,0.03171528430049088,0.564119117394606,0.4041655983049033
25801,GOF,0.1760344616649785,0.6946307603353461,0.12933477799967538
25802,GOF,0.07137486983378935,0.713264648018794,0.21536048214741663
25803,GOF,0.035574974374602816,0.5716958660480835,0.3927291595773138
25804,LOF,0.030900625412788686,0.471874794970323,0.49722457961688826
25805,GOF,0.0878331526943826,0.6086899847878621,0.30347686251775524
25806,GOF,0.09395995225709332,0.600536832423635,0.30550321531927177
25807,GOF,0.01874591111606614,0.6334445189033399,0.34780956998059404
25808,GOF,0.07053227448205161,0.6340228099205965,0.29544491559735186
25809,GOF,0.01664507250268312,0.5686136781182778,0.41474124937903917
25810,GOF,0.015133596816861342,0.603290731332158,0.3815756718509807
25811,GOF,0.4279336632264635,0.4916537597069632,0.08041257706657326
25812,GOF,0.027947013442207673,0.6192562407724989,0.3527967457852936
25813,Neutral,0.5128949193992184,0.3891657582258835,0.09793932237489802
25814,GOF,0.10358449641106986,0.6386887454115502,0.25772675817737994
25815,GOF,0.18921486227145967,0.6056723092431083,0.20511282848543191
25816,GOF,0.02240862134811951,0.7308250006951669,0.24676637795671352
25817,GOF,0.24666845668961104,0.6131848178427589,0.14014672546763013
25818,GOF,0.052653972863848084,0.6826701673509716,0.2646758597851802
25819,GOF,0.37387935034049,0.49726400966544965,0.12885663999406033
25820,GOF,0.18005384553661832,0.610731019417667,0.20921513504571468
25821,GOF,0.05684155001086879,0.6728963224391463,0.2702621275499848
25822,GOF,0.20710820369774416,0.5934328087996774,0.1994589875025785
25823,GOF,0.03403848425720295,0.5302238294389953,0.4357376863038017
25824,GOF,0.0877377263258859,0.6051189991035968,0.3071432745705173
25825,GOF,0.03673212448591758,0.6014685046820254,0.36179937083205693
25826,GOF,0.015780977461275342,0.5823055355038564,0.4019134870348683
25827,GOF,0.023590596007023044,0.5947755442111659,0.38163385978181114
25828,GOF,0.014097048978370498,0.5269711224930637,0.45893182852856584
25829,GOF,0.0057395408704557765,0.5533124380674689,0.4409480210620754
25830,LOF,0.032318328537555355,0.2784823216391219,0.6891993498233228
25831,GOF,0.2565449967615387,0.6272312679589919,0.1162237352794694
25832,GOF,0.028002910560896512,0.7061068783342864,0.2658902111048171
25833,GOF,0.10376289386165986,0.7331916746333812,0.16304543150495893
25834,GOF,0.02866812512718032,0.728637612922816,0.24269426195000363
25835,GOF,0.05628107683861698,0.7725345900455032,0.17118433311587988
25836,GOF,0.02925727533925655,0.6888343105310512,0.28190841412969214
25837,GOF,0.026035485599188005,0.6238072860996229,0.3501572283011891
25838,GOF,0.08112701309020892,0.7761795936984265,0.14269339321136468
25839,GOF,0.29395626669021213,0.552517191852445,0.15352654145734285
25840,GOF,0.2560078709792289,0.6038369687554178,0.14015516026535335
25841,GOF,0.251701490837439,0.6119878818359042,0.13631062732665677
25842,GOF,0.13451904441469473,0.7456862760603525,0.11979467952495282
25843,GOF,0.19316575449135326,0.7201262797340111,0.0867079657746355
25844,GOF,0.05388405188772503,0.7536964729817304,0.19241947513054472
25845,GOF,0.014889479454399002,0.5201601276671487,0.46495039287845225
25846,GOF,0.12661145801632323,0.7438155558842782,0.12957298609939844
25847,GOF,0.09099760465951116,0.8102983254555929,0.09870406988489587
25848,GOF,0.03678997312894152,0.7240040404843384,0.23920598638672017
25849,GOF,0.01108990471694449,0.6284774543309462,0.3604326409521093
25850,GOF,0.01982043297505505,0.6765510733058736,0.3036284937190714
25851,GOF,0.014779863066033619,0.5584880932567152,0.4267320436772512
25852,GOF,0.15898923067038642,0.5664246088330476,0.27458616049656603
25853,GOF,0.3372560034801626,0.5757802908061391,0.08696370571369834
25854,GOF,0.02182961740629078,0.6134920186007156,0.3646783639929936
25855,GOF,0.03321091689259001,0.5472873661309631,0.41950171697644695
25856,GOF,0.22782791306093342,0.5591152304482677,0.2130568564907988
25857,GOF,0.03854347564665026,0.5028397184530786,0.45861680590027115
25858,GOF,0.021427369932553095,0.5031944505173584,0.4753781795500885
25859,LOF,0.011349523355173365,0.48526868797078304,0.5033817886740437
25860,GOF,0.34241368516233484,0.5756916620211406,0.08189465281652449
25861,GOF,0.4215312450356465,0.5059356929102534,0.07253306205410012
25862,GOF,0.07879589392257881,0.7766390424195119,0.14456506365790925
25863,GOF,0.07705872899345774,0.7872087160847007,0.13573255492184155
25864,GOF,0.1909403489511529,0.7365998431739645,0.0724598078748826
25865,GOF,0.08069154514039949,0.8028495222855371,0.11645893257406346
25866,GOF,0.05271038046710547,0.7963015726677397,0.150988046865155
25867,GOF,0.07923044936900499,0.8188919358882031,0.10187761474279194
25868,GOF,0.24490245353331916,0.646788032708544,0.10830951375813694
25869,Neutral,0.7215230449685359,0.2337370085596505,0.04473994647181374
25870,GOF,0.28618956489189895,0.40108452510735026,0.3127259100007508
25871,GOF,0.22560004642174558,0.6448451193431655,0.1295548342350889
25872,GOF,0.07447769840278663,0.6643492754755266,0.2611730261216867
25873,GOF,0.10062859742139073,0.7080505205694488,0.19132088200916045
25874,LOF,0.013770875898386261,0.11096935036219971,0.875259773739414
25875,LOF,0.09822133237354516,0.044964694387668445,0.8568139732387864
25876,LOF,0.03489600185601244,0.029672688554688898,0.9354313095892988
25877,Neutral,0.5036586564707837,0.04040898709925326,0.455932356429963
25878,LOF,0.2207918400430631,0.09222491199946177,0.6869832479574751
25879,LOF,0.08561024622478697,0.092669191918817,0.821720561856396
25880,LOF,0.041803781655701124,0.013329395371968249,0.9448668229723306
25881,LOF,0.16677095435311562,0.11253403690436371,0.7206950087425206
25882,LOF,0.05767450196426054,0.01624212476863756,0.9260833732671018
25883,LOF,0.06336234481122828,0.019418417293782318,0.9172192378949895
25884,LOF,0.029931740900090625,0.02894226432404789,0.9411259947758616
25885,LOF,0.058130648799753736,0.011158719163437945,0.9307106320368084
25886,LOF,0.2517866777199984,0.038344908192590905,0.7098684140874106
25887,LOF,0.15050096872742938,0.06100019515520236,0.7884988361173683
25888,LOF,0.06331429577032546,0.05467500538441115,0.8820106988452635
25889,LOF,0.038174456007344884,0.020015320195719905,0.9418102237969352
25890,LOF,0.047741133507940584,0.14373106067285044,0.8085278058192089
25891,LOF,0.038740191273017095,0.058782732137585426,0.9024770765893975
25892,LOF,0.08393544251443263,0.024812776480308524,0.8912517810052589
25893,LOF,0.24059205919402002,0.020244378837097156,0.7391635619688828
25894,LOF,0.17542784519794966,0.014466011616260639,0.8101061431857898
25895,LOF,0.20124716815501378,0.023075792411999495,0.7756770394329867
25896,LOF,0.0478915216783666,0.022182300461473906,0.9299261778601596
25897,LOF,0.2681064621338919,0.0151620168427228,0.7167315210233853
25898,Neutral,0.6968409594315228,0.01186912466248549,0.2912899159059919
25899,LOF,0.21124228410264875,0.023109200585684827,0.7656485153116664
25900,LOF,0.4631684952516694,0.012044052765325915,0.5247874519830047
25901,LOF,0.04668255374805274,0.011545324698185746,0.9417721215537614
25902,LOF,0.15729337578734862,0.014309810689405728,0.8283968135232457
25903,Neutral,0.5790542886758367,0.031537032946223564,0.38940867837793963
25904,LOF,0.29599660427342095,0.043603242806787894,0.6604001529197912
25905,LOF,0.02331995162665606,0.354618008735433,0.622062039637911
25906,LOF,0.031053663973998193,0.08597873755470337,0.8829675984712985
25907,LOF,0.014004762365251338,0.3268195416763858,0.6591756959583628
25908,LOF,0.008979081089624783,0.2596580585204756,0.7313628603898996
25909,LOF,0.012405235823023015,0.13525646926521387,0.852338294911763
25910,LOF,0.0528439780973891,0.14247079725855555,0.8046852246440553
25911,LOF,0.18280078282377332,0.026168183246856682,0.7910310339293699
25912,LOF,0.04308526217610983,0.04321641999799812,0.9136983178258921
25913,LOF,0.3423266913193402,0.020094104137481122,0.6375792045431786
25914,LOF,0.021675374182918036,0.04955739799356055,0.9287672278235215
25915,Neutral,0.5937135329239313,0.14279957021214856,0.2634868968639202
25916,LOF,0.09622399985176387,0.21597712771606695,0.6877988724321691
25917,LOF,0.06430210793992282,0.0402567262929783,0.8954411657670989
25918,LOF,0.023612167852839525,0.029654828191631573,0.9467330039555288
25919,LOF,0.02063763364398527,0.03176024780667845,0.9476021185493364
25920,GOF,0.10792038579779589,0.5097260724155537,0.3823535417866504
25921,LOF,0.025749214499217844,0.03219077754176988,0.9420600079590123
25922,LOF,0.03521919322909684,0.024325650403815836,0.9404551563670872
25923,Neutral,0.49771990965721963,0.03601014680334503,0.46626994353943524
25924,LOF,0.03893722885147789,0.03759067068390071,0.9234721004646215
25925,LOF,0.07729349719874075,0.038758170406832756,0.8839483323944265
25926,LOF,0.05640767396552705,0.03695098018422616,0.9066413458502467
25927,LOF,0.05607867138056019,0.14205210940481833,0.8018692192146214
25928,LOF,0.019335912040876063,0.04949257857600057,0.9311715093831233
25929,Neutral,0.6093944350640417,0.03803030107200643,0.3525752638639518
25930,LOF,0.0716616951578616,0.030949885640550956,0.8973884192015874
25931,LOF,0.024075372089013263,0.032275795116492874,0.9436488327944939
25932,LOF,0.027690667257487693,0.025194634564257846,0.9471146981782546
25933,LOF,0.03719413981997976,0.016368671035911164,0.946437189144109
25934,LOF,0.023909763393269928,0.018204772218013518,0.9578854643887165
25935,LOF,0.06665517773202374,0.051650675432045934,0.8816941468359303
25936,LOF,0.0431203127578175,0.022079627239605947,0.9348000600025765
25937,LOF,0.02677184586577573,0.03486273637701114,0.938365417757213
25938,LOF,0.06976628369267326,0.05341525768689849,0.8768184586204282
25939,LOF,0.04117607974905344,0.019174846235593117,0.9396490740153535
25940,LOF,0.03358552948511708,0.33559019903701537,0.6308242714778675
25941,LOF,0.17540709919608324,0.09018398838915341,0.7344089124147634
25942,LOF,0.012733201886648681,0.035896381637817484,0.9513704164755339
25943,LOF,0.3122042915169113,0.05275052869275863,0.6350451797903301
25944,Neutral,0.5008417783338639,0.02005622157283427,0.4791020000933019
25945,LOF,0.0730422682230595,0.018673268777866844,0.9082844629990736
25946,LOF,0.02859485682707723,0.11319951025339753,0.8582056329195251
25947,LOF,0.1104271878087374,0.16430592841221037,0.7252668837790522
25948,LOF,0.37504628276441426,0.008125539524798924,0.6168281777107868
25949,LOF,0.12305053584248951,0.0346017730409246,0.8423476911165858
25950,GOF,0.3290594127760549,0.34100781714530154,0.3299327700786435
25951,LOF,0.18760610449430057,0.3053824628178044,0.5070114326878951
25952,GOF,0.040285846876379,0.5099520596922009,0.44976209343142004
25953,LOF,0.15192890250725924,0.1043668242072364,0.7437042732855044
25954,Neutral,0.425561097169709,0.2105758066437444,0.3638630961865466
25955,LOF,0.058259213476683516,0.07768629639814828,0.8640544901251682
25956,LOF,0.15765224539688896,0.10319768738464528,0.7391500672184658
25957,LOF,0.03874980626252289,0.026613651601735594,0.9346365421357414
25958,LOF,0.054316902278222674,0.02519159073228766,0.9204915069894896
25959,LOF,0.07202667405518828,0.32303573972480376,0.6049375862200079
25960,LOF,0.015351605617797174,0.05160898948401804,0.9330394048981847
25961,LOF,0.04036552431211163,0.02537369398094222,0.9342607817069462
25962,LOF,0.06240514492455721,0.030920992895737708,0.9066738621797051
25963,LOF,0.04297294622121634,0.20366589636051424,0.7533611574182694
25964,LOF,0.03231986335924979,0.150788327419325,0.8168918092214252
25965,LOF,0.45817404745966056,0.0599416756609829,0.48188427687935653
25966,Neutral,0.5136533523038669,0.1616210520086168,0.3247255956875163
25967,LOF,0.017056210527245055,0.11406943612589163,0.8688743533468634
25968,LOF,0.032747383676787895,0.3606041936912722,0.6066484226319399
25969,LOF,0.035877802382950116,0.070580934511793,0.8935412631052568
25970,LOF,0.05560968542136825,0.0605685804348633,0.8838217341437685
25971,LOF,0.06681046787787209,0.02146848665778788,0.9117210454643401
25972,LOF,0.06624335348852699,0.033277411203543425,0.9004792353079296
25973,LOF,0.07203694251049589,0.010596486050685108,0.9173665714388191
25974,LOF,0.18592266022270396,0.015458547072662077,0.798618792704634
25975,LOF,0.045293131427039134,0.025212685255803374,0.9294941833171575
25976,LOF,0.04335202921753624,0.016919493637238058,0.9397284771452258
25977,LOF,0.14466663194438412,0.08532880125525423,0.7700045668003617
25978,LOF,0.14380455671985917,0.10371133541886328,0.7524841078612776
25979,LOF,0.1302817707808622,0.10026494508395332,0.7694532841351844
25980,LOF,0.22440683423223565,0.1239214446586894,0.6516717211090749
25981,LOF,0.26024490434907077,0.12266456747573534,0.6170905281751939
25982,LOF,0.40677614635735276,0.07750584932299068,0.5157180043196566
25983,LOF,0.38057106151209624,0.09305358018720379,0.5263753583006999
25984,LOF,0.04493403240158242,0.04765872624087182,0.9074072413575457
25985,LOF,0.03639716655558393,0.27892871370929795,0.6846741197351182
25986,LOF,0.04414779695167348,0.3150599047237781,0.6407922983245484
25987,LOF,0.08567608593340043,0.07163895962054523,0.8426849544460543
25988,LOF,0.15964411891765914,0.06336289818390287,0.7769929828984381
25989,LOF,0.036315610045128746,0.11840532825703771,0.8452790616978335
25990,LOF,0.038650112651002724,0.16216539191487,0.7991844954341273
25991,LOF,0.12784555911934606,0.24299101447722932,0.6291634264034245
25992,LOF,0.31066538003695143,0.14654689960343759,0.542787720359611
25993,LOF,0.022919986315914357,0.06658327815529173,0.910496735528794
25994,LOF,0.019102386390861155,0.070511981906016,0.9103856317031229
25995,LOF,0.025431635316772765,0.1571493755181808,0.8174189891650465
25996,GOF,0.3118659240130835,0.3966737095988877,0.2914603663880288
25997,LOF,0.08681989381008136,0.3644249384974164,0.5487551676925022
25998,Neutral,0.5159783613556334,0.027566462577995682,0.456455176066371
25999,LOF,0.09827645509083932,0.09255490484506051,0.8091686400641002
26000,LOF,0.1363055448075047,0.04734045711950954,0.8163539980729858
26001,LOF,0.21341473172104836,0.046814998855894734,0.739770269423057
26002,LOF,0.1174107006522419,0.042780859590805784,0.8398084397569523
26003,GOF,0.011495656727533998,0.5818178304524566,0.40668651282000934
26004,GOF,0.021961712726653905,0.6887124511202382,0.2893258361531079
26005,LOF,0.007104110032361149,0.43853948921795655,0.5543564007496823
26006,Neutral,0.5277187576665563,0.23014255980433537,0.24213868252910828
26007,GOF,0.02101845873345063,0.5124079504464847,0.46657359082006467
26008,GOF,0.017931886340822753,0.6041179289361551,0.37795018472302205
26009,GOF,0.019404307197869793,0.665487141107294,0.31510855169483626
26010,GOF,0.02594358869489801,0.6501186971112854,0.32393771419381656
26011,LOF,0.006658804483328432,0.41424822557628044,0.5790929699403912
26012,GOF,0.012078309932331442,0.537512118817215,0.45040957125045356
26013,GOF,0.019535130673324765,0.6033326265364262,0.37713224279024893
26014,LOF,0.0444134633034246,0.10255419056768272,0.8530323461288926
26015,LOF,0.1578418611336575,0.016088249196536696,0.8260698896698059
26016,LOF,0.20677232624337935,0.062179071269825775,0.7310486024867949
26017,LOF,0.22196976939696958,0.09207617412502565,0.6859540564780048
26018,LOF,0.07766643592713333,0.0429370128913044,0.8793965511815622
26019,LOF,0.07292942906116452,0.03354600094513974,0.8935245699936958
26020,LOF,0.06970425688614261,0.0999331294651101,0.8303626136487472
26021,LOF,0.04879675147094323,0.10174297351585136,0.8494602750132053
26022,LOF,0.011618696307078359,0.04204090493215625,0.9463403987607653
26023,LOF,0.06558733559197491,0.02667726099082753,0.9077354034171976
26024,LOF,0.03176900390188775,0.1072498249288854,0.8609811711692269
26025,LOF,0.1521833590035899,0.09537410787494045,0.7524425331214697
26026,LOF,0.3166908996527655,0.029226591348266634,0.6540825089989679
26027,LOF,0.05897226740743034,0.021182324855870883,0.9198454077366988
26028,LOF,0.17032103278328387,0.06328561292444711,0.7663933542922691
26029,LOF,0.06509271063609336,0.14706198923121114,0.7878453001326954
26030,LOF,0.02181171338288866,0.033658940374712114,0.9445293462423993
26031,LOF,0.026556227122251183,0.10467325039282427,0.8687705224849245
26032,LOF,0.06334781718850305,0.0547164004799387,0.8819357823315582
26033,LOF,0.08383850865365362,0.0538821883910852,0.8622793029552611
26034,LOF,0.04317731852896785,0.1304430214727928,0.8263796599982395
26035,LOF,0.027377991541816606,0.11642397945836293,0.8561980289998204
26036,LOF,0.03840589775445029,0.13272756511312142,0.8288665371324284
26037,LOF,0.021707024384265798,0.10066221621285908,0.877630759402875
26038,LOF,0.059995854550720554,0.05701283151101271,0.8829913139382667
26039,LOF,0.052556711137225307,0.11841192898574898,0.8290313598770257
26040,LOF,0.19660835394511897,0.09905857515596816,0.7043330708989128
26041,LOF,0.022285982017477297,0.09225356208210199,0.8854604559004207
26042,LOF,0.02108639217311109,0.08712528066447167,0.8917883271624173
26043,LOF,0.06141964715671181,0.06559595596640237,0.8729843968768858
26044,LOF,0.018678169994066622,0.046949586828278385,0.9343722431776549
26045,LOF,0.07314077773827568,0.08147378807059596,0.8453854341911284
26046,LOF,0.05776811838789678,0.05426875364588739,0.8879631279662159
26047,LOF,0.07794406935202858,0.05606992455610797,0.8659860060918635
26048,LOF,0.04668191060662789,0.031761305975559984,0.9215567834178121
26049,Neutral,0.9671773451186113,0.0056997749138666485,0.027122879967522218
26050,Neutral,0.9506804633632261,0.007106096361169887,0.04221344027560399
26051,LOF,0.053294204683679326,0.2714978566273897,0.675207938688931
26052,LOF,0.07029308683214781,0.3154573385343462,0.6142495746335059
26053,LOF,0.06537306330319206,0.1511266598615462,0.7835002768352617
26054,LOF,0.04963579070686888,0.01747583266574973,0.9328883766273813
26055,LOF,0.06425177191533298,0.016022488020822536,0.9197257400638444
26056,LOF,0.055660716587865686,0.018276400829309848,0.9260628825828244
26057,LOF,0.03159848699452413,0.012166740180249241,0.9562347728252267
26058,LOF,0.032197731291109526,0.0101015864090773,0.9577006822998131
26059,LOF,0.2759741125057916,0.02144724920656705,0.7025786382876413
26060,LOF,0.042721230396890415,0.1686027584847086,0.7886760111184009
26061,LOF,0.016732913817336676,0.012613456249342877,0.9706536299333204
26062,LOF,0.010388481223270372,0.016365059141187455,0.9732464596355422
26063,LOF,0.019806015377760083,0.010109577279120112,0.9700844073431197
26064,LOF,0.02005058419275014,0.02365540119103247,0.9562940146162174
26065,LOF,0.024551798458236,0.01036266868921041,0.9650855328525535
26066,LOF,0.020473848145043647,0.010164993187129328,0.969361158667827
26067,LOF,0.028274036370818507,0.008512680180154598,0.9632132834490268
26068,LOF,0.043597558600987456,0.03033426962363398,0.9260681717753786
26069,LOF,0.2592360516334294,0.0179595101915465,0.7228044381750242
26070,LOF,0.3833613183354199,0.014807736364526357,0.6018309453000538
26071,LOF,0.020062968127777036,0.011394762003349736,0.9685422698688732
26072,LOF,0.017965282613168935,0.019466154503138114,0.962568562883693
26073,LOF,0.018845113359398886,0.013813641922882551,0.9673412447177187
26074,Neutral,0.9119505102805162,0.005620379075322806,0.0824291106441609
26075,LOF,0.04582375892398571,0.013272193588188479,0.9409040474878257
26076,LOF,0.03748919072059703,0.008320762845930772,0.9541900464334722
26077,LOF,0.00928739048890479,0.012169335757445917,0.9785432737536494
26078,LOF,0.014020981979400972,0.011322232720599162,0.9746567852999998
26079,LOF,0.059733270027590914,0.015651315757541043,0.924615414214868
26080,LOF,0.05889876608901276,0.01566514775511099,0.9254360861558762
26081,LOF,0.03473921666298574,0.006424029083400369,0.9588367542536138
26082,LOF,0.013026404965817818,0.01406974822090866,0.9729038468132736
26083,LOF,0.1727642972915011,0.014263578049586962,0.812972124658912
26084,LOF,0.04498316731205207,0.011816695964072487,0.9432001367238754
26085,LOF,0.039532909466554585,0.011176844708038473,0.949290245825407
26086,LOF,0.02035049109152518,0.01051714886311275,0.9691323600453622
26087,LOF,0.023320378357932884,0.008818359320383478,0.9678612623216837
26088,LOF,0.016446251353608637,0.023044896397238404,0.960508852249153
26089,LOF,0.04085993276742332,0.021671940607660572,0.9374681266249161
26090,LOF,0.04041146944010172,0.017513831137179164,0.9420746994227192
26091,LOF,0.03169667470103679,0.006240569003186363,0.9620627562957768
26092,LOF,0.021356286332399953,0.007729527848777382,0.9709141858188227
26093,LOF,0.03279890776976661,0.0059810360955414935,0.9612200561346917
26094,LOF,0.03206911953483221,0.006359405916545923,0.9615714745486219
26095,LOF,0.038804417764373926,0.013876182370488065,0.947319399865138
26096,LOF,0.01591316724618754,0.011533705031243935,0.9725531277225686
26097,LOF,0.011773739946924957,0.03797788864700555,0.9502483714060695
26098,LOF,0.0747925689772975,0.01236763227730987,0.9128397987453926
26099,LOF,0.020087956067019675,0.012151380209260605,0.9677606637237198
26100,LOF,0.021917885161003067,0.011846190507058742,0.9662359243319382
26101,LOF,0.0445111736599469,0.01725261863099444,0.9382362077090587
26102,LOF,0.020271885343135444,0.013503716301528109,0.9662243983553365
26103,Neutral,0.8789385470534444,0.018490345360912097,0.1025711075856435
26104,LOF,0.07870776317247886,0.024981793085422636,0.8963104437420985
26105,LOF,0.20616041004177418,0.2627344957414585,0.5311050942167673
26106,LOF,0.16543035499176312,0.12647299586319227,0.7080966491450446
26107,LOF,0.220164012211195,0.08041826605248285,0.6994177217363222
26108,LOF,0.2246821542601089,0.09028715797775705,0.685030687762134
26109,LOF,0.08590314812000145,0.06151204123182079,0.8525848106481778
26110,LOF,0.22407088733966576,0.006617755595311512,0.7693113570650227
26111,Neutral,0.5084510918258286,0.022753197650109552,0.4687957105240619
26112,LOF,0.034630150090395634,0.0067925688184302885,0.9585772810911741
26113,LOF,0.0659602624799754,0.015500173299376457,0.9185395642206482
26114,LOF,0.025758763210934624,0.029967853959826696,0.9442733828292388
26115,LOF,0.08474126071444953,0.05639103723819013,0.8588677020473604
26116,LOF,0.06308508316739303,0.062012722685425174,0.8749021941471818
26117,LOF,0.4471169717993498,0.04078076334775754,0.5121022648528927
26118,LOF,0.032832287576616805,0.022797039677117752,0.9443706727462654
26119,LOF,0.023825166752043214,0.031142947871179806,0.9450318853767771
26120,LOF,0.025224293779540847,0.017357080672296462,0.9574186255481627
26121,LOF,0.04585056790740094,0.08445071629652566,0.8696987157960733
