feature0,prediction,LoGoFunc_Neutral,LoGoFunc_GOF,LoGoFunc_LOF
25546,Neutral,0.6276106264382478,0.06271398536111972,0.3096753882006325
25547,Neutral,0.48974222537131545,0.10339316263661844,0.406864611992066
25548,Neutral,0.4973390220829933,0.08126775975595804,0.4213932181610488
25549,LOF,0.4219776874112696,0.08352255191884245,0.494499760669888
25550,LOF,0.3508197132857087,0.12159498793007689,0.5275852987842145
25551,LOF,0.3093182491877182,0.13207385368658456,0.5586078971256973
25552,LOF,0.26430329280238324,0.12357029736071533,0.6121264098369015
25553,Neutral,0.8103979244486439,0.046245478656355324,0.14335659689500058
25554,LOF,0.3011170682020374,0.11318239443185243,0.5857005373661102
25555,LOF,0.24722218014556493,0.10952600131713178,0.6432518185373033
25556,LOF,0.4451992495743158,0.0999150567701628,0.4548856936555214
25557,LOF,0.23388437640242063,0.1167702013384246,0.6493454222591548
25558,LOF,0.29880672809285275,0.11625477718354603,0.5849384947236013
25559,LOF,0.19618956548727892,0.1408609380138543,0.6629494964988667
25560,LOF,0.1604374301045966,0.1037365980712845,0.7358259718241189
25561,LOF,0.1549798341164537,0.10280393538425943,0.7422162304992869
25562,LOF,0.07427052029415393,0.077375853481809,0.8483536262240371
25563,LOF,0.020988256796704942,0.13839253556602493,0.84061920763727
25564,LOF,0.225167243809958,0.1292019190206602,0.6456308371693817
25565,LOF,0.2168351186837828,0.13558807632641418,0.647576804989803
25566,GOF,0.08501387614387068,0.7400086415392956,0.1749774823168338
25567,LOF,0.040211287120616765,0.1164223480460195,0.8433663648333637
25568,LOF,0.05958841096330812,0.06282131711566975,0.877590271921022
25569,LOF,0.06201347462912358,0.06171905610198652,0.8762674692688899
25570,LOF,0.027733087614606154,0.09531523723370999,0.8769516751516838
25571,LOF,0.027275063572868227,0.09318300822978619,0.8795419281973457
25572,LOF,0.06413927285183925,0.10787056559018753,0.8279901615579732
25573,LOF,0.0574653329554938,0.07504364859033388,0.8674910184541724
25574,LOF,0.057702206558399353,0.1830971657692088,0.7592006276723918
25575,LOF,0.022849676895442966,0.1019087679125709,0.8752415551919861
25576,LOF,0.03362498085326731,0.1303912639172751,0.8359837552294576
25577,LOF,0.032355037111086726,0.10240110649402903,0.8652438563948842
25578,LOF,0.3041483462897943,0.070319164584238,0.6255324891259677
25579,LOF,0.134759787626583,0.07639302155494522,0.7888471908184719
25580,LOF,0.020397128494231177,0.06972768917927366,0.9098751823264952
25581,LOF,0.05608397405352764,0.05869743970162647,0.885218586244846
25582,LOF,0.05594609327979487,0.05717023859302662,0.8868836681271786
25583,LOF,0.021044097225386842,0.0736801143806775,0.9052757883939357
25584,Neutral,0.6698758578293484,0.09742289612099468,0.23270124604965683
25585,LOF,0.030720806142121068,0.09507584579693594,0.874203348060943
25586,LOF,0.018147877693463602,0.05976880666081264,0.9220833156457237
25587,LOF,0.017667620878870586,0.05334585145649172,0.9289865276646377
25588,LOF,0.02072431252893672,0.06457712136217619,0.914698566108887
25589,Neutral,0.5303237375461846,0.17802838526289533,0.29164787719092017
25590,LOF,0.048555863942127075,0.09511512889946411,0.8563290071584089
25591,LOF,0.0993113442892937,0.04713563568818437,0.853553020022522
25592,LOF,0.058737994772961044,0.12279270288810198,0.8184693023389369
25593,LOF,0.1390043468936819,0.23998757837583756,0.6210080747304805
25594,LOF,0.04741628960819601,0.11387289255651688,0.8387108178352871
25595,LOF,0.04870021036660359,0.08511019713480712,0.8661895924985893
25596,LOF,0.11343563237523159,0.04796630823413884,0.8385980593906295
25597,LOF,0.08183616933178596,0.05887357289979708,0.859290257768417
25598,LOF,0.04822097932756066,0.08726411055470658,0.8645149101177327
25599,GOF,0.02179291860639073,0.5170345548847821,0.46117252650882706
25600,GOF,0.16262151850026224,0.510791225783651,0.3265872557160868
25601,LOF,0.03618662789513507,0.4235580063449367,0.5402553657599283
25602,LOF,0.03064360232468513,0.07465575363892532,0.8947006440363896
25603,LOF,0.027878227292920933,0.03425790154744726,0.9378638711596318
25604,LOF,0.03179021676272242,0.07726155958420118,0.8909482236530765
25605,LOF,0.03367616079929693,0.21236176997084671,0.7539620692298564
25606,LOF,0.4249500127381478,0.12969885264930486,0.44535113461254744
25607,LOF,0.024004487963385585,0.2216475035686301,0.7543480084679842
25608,LOF,0.03417964952392155,0.06760211698879888,0.8982182334872796
25609,GOF,0.14413189827543418,0.5297694448304983,0.32609865689406764
25610,LOF,0.01501571588576089,0.02608435616256746,0.9588999279516717
25611,LOF,0.012861001262293439,0.029623874460332485,0.9575151242773741
25612,LOF,0.047502494041642196,0.0390466531918126,0.9134508527665453
25613,LOF,0.04552606781620423,0.03868884681795574,0.91578508536584
25614,LOF,0.019277867963904714,0.024775209060721972,0.9559469229753734
25615,LOF,0.045033683498565645,0.0376218400689523,0.9173444764324821
25616,LOF,0.04180672464256543,0.027228315846381825,0.9309649595110526
25617,LOF,0.03873232505583014,0.03604856844970999,0.9252191064944599
25618,LOF,0.047868883606663346,0.034901415639947746,0.9172297007533888
25619,LOF,0.012634981487444024,0.03217849880668916,0.9551865197058668
25620,LOF,0.05872199657203492,0.043930669819717126,0.897347333608248
25621,LOF,0.05035628838329,0.033790733782263306,0.9158529778344466
25622,LOF,0.0613947137401076,0.03181981148513691,0.9067854747747556
25623,LOF,0.0679113595366904,0.025974333131322726,0.9061143073319867
25624,LOF,0.01748907147004778,0.03175835508540402,0.9507525734445482
25625,LOF,0.06213099136196956,0.03746701413122439,0.900401994506806
25626,LOF,0.044491845247588334,0.03747677115908708,0.9180313835933247
25627,Neutral,0.8905016691421171,0.022074950952697084,0.08742337990518577
25628,LOF,0.11608536717870434,0.062607074476495,0.8213075583448006
25629,LOF,0.06681435485345717,0.043126111369951425,0.8900595337765914
25630,LOF,0.2737836558435251,0.07926276400576421,0.6469535801507107
25631,Neutral,0.5475845341680706,0.061196390851980344,0.3912190749799489
25632,LOF,0.028546513859388854,0.06603371398525837,0.9054197721553527
25633,LOF,0.18614999443525002,0.03326977209359291,0.780580233471157
25634,LOF,0.035079300999164544,0.0792545116065123,0.8856661873943232
25635,LOF,0.03418412829414353,0.042705381752602654,0.9231104899532537
25636,LOF,0.03361037045114071,0.47921584757815083,0.4871737819707084
25637,GOF,0.06707258424869209,0.5418332518801384,0.39109416387116946
25638,LOF,0.03118566332349679,0.3390107613532405,0.6298035753232627
25639,LOF,0.0295473966610224,0.36832407668277023,0.6021285266562074
25640,Neutral,0.8179346120825361,0.13887541550361443,0.04318997241384943
25641,LOF,0.06785228424997673,0.42322416108172006,0.5089235546683033
25642,LOF,0.04404774682515552,0.15502668216351467,0.8009255710113298
25643,LOF,0.21208879506852515,0.15775445513709555,0.6301567497943793
25644,GOF,0.021089304203814944,0.49765315785352704,0.4812575379426579
25645,LOF,0.02352936242580509,0.43980760958771814,0.5366630279864767
25646,LOF,0.0587290654146317,0.35241125875767626,0.588859675827692
25647,LOF,0.02423876357565768,0.28987934315785047,0.685881893266492
25648,LOF,0.03589746021738779,0.2514564272041927,0.7126461125784195
25649,LOF,0.016028530956286795,0.25683137778886284,0.7271400912548504
25650,LOF,0.05233243223999247,0.43929624497952857,0.508371322780479
25651,LOF,0.016973668142360263,0.28939302169049785,0.6936333101671418
25652,LOF,0.03173088124829248,0.286619598766629,0.6816495199850785
25653,LOF,0.08324996837908366,0.43929178112398043,0.4774582504969358
25654,LOF,0.023569812501351196,0.23780854709540536,0.7386216404032434
25655,GOF,0.2106266263396147,0.42315663743216597,0.36621673622821926
25656,LOF,0.25430715532254033,0.05513321854461861,0.690559626132841
25657,LOF,0.061772172468498344,0.057262014797563925,0.8809658127339377
25658,LOF,0.3484064392492418,0.06425311567355359,0.5873404450772046
25659,Neutral,0.4985085035417236,0.09125243161169296,0.4102390648465835
25660,LOF,0.02161089032504834,0.08974662005869811,0.8886424896162536
25661,LOF,0.089228816462912,0.060736239803823706,0.8500349437332643
25662,LOF,0.03216334063210092,0.033415257051237844,0.9344214023166612
25663,LOF,0.04085853576462921,0.04704309393871245,0.9120983702966583
25664,LOF,0.14627028476799872,0.057829843372497074,0.7958998718595043
25665,LOF,0.056020503799992495,0.030879762335484038,0.9130997338645234
25666,LOF,0.08866755652668076,0.06565323799438488,0.8456792054789344
25667,LOF,0.06403084848597561,0.03991018987773098,0.8960589616362933
25668,LOF,0.03385456662682932,0.051122342515296834,0.9150230908578738
25669,LOF,0.032612215114883644,0.05089517985578493,0.9164926050293315
25670,LOF,0.1490038259525969,0.04903393027618477,0.8019622437712183
25671,LOF,0.09610628757490207,0.03255251513298136,0.8713411972921165
25672,LOF,0.053063743920929746,0.04009677461723936,0.9068394814618309
25673,LOF,0.087591053971803,0.04160610450833629,0.8708028415198606
25674,LOF,0.07484505379190527,0.053304008020455915,0.8718509381876388
25675,LOF,0.11544471296773784,0.049521947195373055,0.835033339836889
25676,LOF,0.01792291387697318,0.05200932642679493,0.9300677596962318
25677,LOF,0.026288932683851907,0.07114007098549133,0.9025709963306567
25678,LOF,0.20192834384504071,0.059578681539195044,0.7384929746157642
25679,LOF,0.13396249534236138,0.08141933639345779,0.7846181682641808
25680,LOF,0.030689789914782592,0.11116291679769892,0.8581472932875185
25681,LOF,0.04795056316053854,0.10578661445903374,0.8462628223804276
25682,LOF,0.12991200277014686,0.0751057651219747,0.7949822321078783
25683,LOF,0.1193659646288521,0.09066346423407665,0.7899705711370713
25684,LOF,0.04316567411478735,0.07287720515820556,0.8839571207270072
25685,LOF,0.12501949330609274,0.048995081392557274,0.82598542530135
25686,LOF,0.07625367820247389,0.09008956934171906,0.8336567524558071
25687,LOF,0.11526438034494622,0.08614266948518196,0.7985929501698719
25688,LOF,0.29604626574427245,0.0338099665344876,0.6701437677212398
25689,LOF,0.22489429680489,0.03761782569102259,0.7374878775040874
25690,LOF,0.3407040749338441,0.03065295011042965,0.6286429749557263
25691,Neutral,0.7084580905729295,0.023340842604295493,0.26820106682277495
25692,LOF,0.33045023987007166,0.011375382515416794,0.6581743776145116
25693,LOF,0.05251957553882032,0.46794826720972676,0.47953215725145293
25694,LOF,0.12496428641510936,0.0180375046605068,0.8569982089243838
25695,LOF,0.12229341067953577,0.01683474306504837,0.8608718462554159
25696,LOF,0.09984369300375512,0.008826396769457638,0.8913299102267873
25697,LOF,0.13014179417411456,0.03460173374707279,0.8352564720788127
25698,LOF,0.3666662642281322,0.21120781807731118,0.42212591769455654
25699,LOF,0.4383577885602599,0.03994818437542619,0.5216940270643139
25700,LOF,0.05761588484172879,0.008153447264688597,0.9342306678935826
25701,LOF,0.13859991667978683,0.043800807573659575,0.8175992757465536
25702,GOF,0.17465626112901989,0.5382775327676279,0.2870662061033522
25703,LOF,0.01786302602309846,0.163373736247299,0.8187632377296025
25704,LOF,0.049310272105502144,0.12357974021720818,0.8271099876772896
25705,LOF,0.05513164190769151,0.19347846938961544,0.7513898887026931
25706,LOF,0.09553978483343019,0.39584732357837915,0.5086128915881907
25707,LOF,0.08948736624365278,0.29360669980147597,0.6169059339548713
25708,LOF,0.029274656917381948,0.2614577343160245,0.7092676087665936
25709,LOF,0.0623524697744056,0.04186605823576557,0.8957814719898289
25710,LOF,0.012648702848721022,0.14010810166669632,0.8472431954845827
25711,LOF,0.0178567942409155,0.10014012113225385,0.8820030846268306
25712,LOF,0.014210149865021001,0.1892105305255092,0.7965793196094698
25713,LOF,0.018672913050251677,0.08357191959441078,0.8977551673553376
25714,LOF,0.07001458892694852,0.08056232706163793,0.8494230840114135
25715,LOF,0.010767746778470722,0.14390128692446907,0.8453309662970602
25716,LOF,0.015887909107985817,0.11818860673804193,0.8659234841539722
25717,LOF,0.014141783093308841,0.07101822182706372,0.9148399950796275
25718,LOF,0.012682580531691497,0.0910355880018771,0.8962818314664314
25719,LOF,0.017426907492784624,0.08073587282876346,0.9018372196784519
25720,LOF,0.02100936907819309,0.07001977101110644,0.9089708599107004
25721,LOF,0.015542419419008198,0.11574140071719187,0.8687161798637999
25722,LOF,0.013471750358168357,0.12976020071442876,0.8567680489274029
25723,LOF,0.022117550043185837,0.04582079884995769,0.9320616511068563
25724,LOF,0.021882952201257713,0.08219412250121877,0.8959229252975235
25725,LOF,0.011297758794347771,0.06800003966973707,0.9207022015359151
25726,LOF,0.0153697993404765,0.09860478957491327,0.8860254110846102
25727,LOF,0.012522179653739222,0.07800109712938419,0.9094767232168766
25728,LOF,0.009626749556773735,0.1171321745654061,0.8732410758778202
25729,LOF,0.010035640952665636,0.11543644101290736,0.874527918034427
25730,LOF,0.01350358829697785,0.08538736003715268,0.9011090516658695
25731,LOF,0.021040482932625486,0.1169102460435656,0.862049271023809
25732,LOF,0.014649818385857601,0.0802445600303194,0.905105621583823
25733,LOF,0.016043454610643007,0.0738640316094841,0.9100925137798729
25734,LOF,0.013241709742796736,0.1287394272535722,0.8580188630036311
25735,LOF,0.014057286456282209,0.08752104484529818,0.8984216686984196
25736,LOF,0.014414013973949301,0.11077395411795568,0.8748120319080951
25737,LOF,0.021386962364508547,0.08920701749160304,0.8894060201438885
25738,LOF,0.012769535768599877,0.11010172124864853,0.8771287429827516
25739,LOF,0.020367497263942262,0.07834375312097995,0.9012887496150778
25740,LOF,0.028800756170226836,0.10491224301367306,0.8662870008161001
25741,LOF,0.01513648814266934,0.11172191000825013,0.8731416018490805
25742,LOF,0.11050154574539948,0.08071471052041645,0.8087837437341842
25743,LOF,0.031228019072532164,0.030096002657997837,0.9386759782694699
25744,Neutral,0.5658668998491444,0.23711032071091892,0.19702277943993665
25745,LOF,0.07839017848484003,0.0758214199904053,0.8457884015247547
25746,LOF,0.03605935517447304,0.08752205852650992,0.8764185862990171
25747,LOF,0.021670954842166114,0.03926379069242943,0.9390652544654046
25748,LOF,0.0960086109562472,0.06350430136493511,0.8404870876788177
25749,LOF,0.022791043279833393,0.09241412666446487,0.8847948300557017
25750,LOF,0.08637779225579367,0.0829794230216031,0.8306427847226032
25751,LOF,0.0949114527486235,0.06283875910565215,0.8422497881457244
25752,GOF,0.10439181284358588,0.6531254717277492,0.24248271542866492
25753,LOF,0.021072172175100788,0.28172202351468034,0.697205804310219
25754,GOF,0.010865982887746926,0.7799099682640839,0.20922404884816903
25755,LOF,0.022741296536148876,0.38307138979370087,0.5941873136701503
25756,LOF,0.039934084451019945,0.37973131562017176,0.5803345999288083
25757,GOF,0.01306329122307097,0.8403039260578435,0.14663278271908545
25758,GOF,0.02953073785942905,0.8238867484351281,0.14658251370544284
25759,GOF,0.01111727983570805,0.5409694651382937,0.44791325502599816
25760,LOF,0.012668325119802674,0.24216354171805063,0.7451681331621466
25761,GOF,0.2680225083453664,0.6397765857266688,0.09220090592796464
25762,LOF,0.035023254817273496,0.27506611264810166,0.6899106325346249
25763,LOF,0.013593953596100898,0.2037405458620383,0.7826655005418608
25764,GOF,0.06830300631372624,0.6338868077912759,0.2978101858949978
25765,GOF,0.03962021233620329,0.7613106359580973,0.1990691517056993
25766,GOF,0.05610171092156165,0.7579992277299545,0.1858990613484838
25767,GOF,0.1831009061499391,0.4818395898888858,0.33505950396117506
25768,LOF,0.09564481296569291,0.06017364276667234,0.8441815442676347
25769,LOF,0.0718157377574217,0.0714125472312995,0.8567717150112788
25770,LOF,0.28630007389844403,0.09276717891350725,0.6209327471880487
25771,LOF,0.04163389509251466,0.04543514676398219,0.9129309581435032
25772,LOF,0.017544745344490718,0.03721690024240993,0.9452383544130993
25773,LOF,0.0502402154012577,0.08775638169254486,0.8620034029061974
25774,LOF,0.028927568989430615,0.07640430637720216,0.8946681246333673
25775,LOF,0.04816660471295004,0.0477959745798838,0.9040374207071663
25776,LOF,0.0696990448033972,0.025903052184418105,0.9043979030121847
25777,LOF,0.33472748592562956,0.056559413956498744,0.6087131001178717
25778,LOF,0.06834512422878108,0.05069275795085539,0.8809621178203635
25779,GOF,0.3752345643777646,0.5836772383069807,0.04108819731525458
25780,GOF,0.29311970247934444,0.6434210450612219,0.06345925245943368
25781,GOF,0.1158543716426631,0.7856876015596291,0.09845802679770764
25782,GOF,0.18697287015533717,0.7510785330154562,0.061948596829206615
25783,GOF,0.02646221607469406,0.6634682097815121,0.3100695741437939
25784,Neutral,0.49605021737596394,0.4703173806694887,0.033632401954547315
25785,GOF,0.45883344168814544,0.5060938234261466,0.03507273488570791
25786,GOF,0.026270798786376198,0.7727108604662664,0.20101834074735744
25787,Neutral,0.6472930798415838,0.3296751441853081,0.023031775973108116
25788,LOF,0.046527280499494526,0.10870055307182112,0.8447721664286842
25789,GOF,0.1885232320458547,0.6803325384768503,0.13114422947729515
25790,GOF,0.2083852724938898,0.6916044231529833,0.10001030435312686
25791,GOF,0.13567618002064535,0.6975290875252032,0.16679473245415144
25792,GOF,0.3222055031067955,0.5587643868109776,0.11903011008222682
25793,GOF,0.24894394267886918,0.5426063208202061,0.20844973650092477
25794,GOF,0.2871336715662217,0.557887930130802,0.1549783983029763
25795,GOF,0.07319664491420194,0.7253741380313656,0.20142921705443234
25796,Neutral,0.5422391780863663,0.3844175152945234,0.07334330661911023
25797,GOF,0.08879243363186233,0.5727074241726899,0.3385001421954477
25798,GOF,0.008937655341750514,0.5234226445750636,0.46763970008318595
25799,LOF,0.007142527572816641,0.42077715206008154,0.5720803203671018
25800,GOF,0.030381710699509585,0.6232321111882639,0.34638617811222644
25801,GOF,0.17634940632513557,0.701935456558381,0.12171513711648359
25802,GOF,0.06907168616994303,0.7274947436525343,0.20343357017752273
25803,GOF,0.03221419004274506,0.613587823662371,0.35419798629488397
25804,GOF,0.027996079489068113,0.5017567494327136,0.4702471710782183
25805,GOF,0.08078487561726853,0.6195204556846966,0.2996946686980348
25806,GOF,0.09073883730124226,0.6111692563564823,0.2980919063422754
25807,GOF,0.018470751614037273,0.6342451573988434,0.3472840909871194
25808,GOF,0.0763304855056712,0.6698087572857635,0.2538607572085652
25809,GOF,0.018476076770468263,0.5946092557864185,0.3869146674431132
25810,GOF,0.017107999913341776,0.6247177660401073,0.35817423404655097
25811,GOF,0.4149989700837667,0.5161698652219795,0.06883116469425381
25812,GOF,0.03260082415355,0.6662395733408751,0.3011596025055749
25813,Neutral,0.4972940041621682,0.4087021916800771,0.09400380415775456
25814,GOF,0.1098425987934303,0.6709222924963144,0.2192351087102553
25815,GOF,0.17600215869494149,0.6466991117402094,0.177298729564849
25816,GOF,0.02210677578223628,0.7089058751900859,0.2689873490276778
25817,GOF,0.2210645302062913,0.6614201252029801,0.11751534459072865
25818,GOF,0.05281054397169436,0.6891098742431236,0.2580795817851818
25819,GOF,0.3757660663836049,0.4969790267508776,0.12725490686551766
25820,GOF,0.1915219537488917,0.6173927120738472,0.1910853341772612
25821,GOF,0.06239676898549445,0.6868193635498214,0.25078386746468406
25822,GOF,0.24596584796546472,0.5643304925036291,0.18970365953090612
25823,GOF,0.03191204587776228,0.5479455480814673,0.42014240604077036
25824,GOF,0.09409358511020174,0.635680474785948,0.27022594010385026
25825,GOF,0.034659354389451016,0.6258482900850048,0.3394923555255442
25826,GOF,0.01610562345894611,0.6131863107299268,0.37070806581112703
25827,GOF,0.024589093907701563,0.6088705356637022,0.3665403704285962
25828,GOF,0.014072979686389793,0.5368136485509784,0.44911337176263194
25829,GOF,0.005962547568893319,0.5988737494554408,0.39516370297566583
25830,LOF,0.03322346866643669,0.2948250313820917,0.6719514999514715
25831,GOF,0.20473027617131212,0.6893887488235783,0.10588097500510965
25832,GOF,0.03889430496805677,0.7447911998898173,0.21631449514212603
25833,GOF,0.126498900309055,0.7347333041256023,0.13876779556534263
25834,GOF,0.036725434146923364,0.7576774091223045,0.2055971567307722
25835,GOF,0.08259195311621659,0.7737155436008365,0.14369250328294694
25836,GOF,0.03692831469634195,0.7368353400077634,0.22623634529589462
25837,GOF,0.02919382298469956,0.6110506678447235,0.35975550917057697
25838,GOF,0.09139998859065737,0.7794232923561808,0.12917671905316183
25839,GOF,0.2808459981702584,0.5912605383238265,0.12789346350591504
25840,GOF,0.22677038607436018,0.6417852474431518,0.1314443664824881
25841,GOF,0.22308333119724968,0.6588289964719962,0.11808767233075404
25842,GOF,0.14299250717771314,0.7401929893726925,0.11681450344959445
25843,GOF,0.20244790456949868,0.7122281620724566,0.08532393335804465
25844,GOF,0.06888587271848313,0.7451130654030067,0.1860010618785102
25845,GOF,0.017631657571778665,0.5125754972305596,0.4697928451976617
25846,GOF,0.12108502150640929,0.7532462988224432,0.1256686796711476
25847,GOF,0.11525374474228041,0.7880574349074716,0.09668882035024809
25848,GOF,0.03822475734297502,0.7107345548740276,0.2510406877829974
25849,GOF,0.011531743294513402,0.5914807729696547,0.39698748373583187
25850,GOF,0.022415030282351648,0.665060763472771,0.3125242062448773
25851,GOF,0.019029893783325248,0.5276982725443149,0.45327183367235996
25852,GOF,0.1578886919972375,0.5732146774541484,0.26889663054861407
25853,GOF,0.34624505856730087,0.5846419558320988,0.06911298560060039
25854,GOF,0.022315088677547702,0.640928489950275,0.3367564213721773
25855,GOF,0.03701031457385526,0.5879688215762386,0.375020863849906
25856,GOF,0.23770585152323698,0.5620749389939518,0.20021920948281127
25857,GOF,0.04005496971842074,0.5290853731721743,0.43085965710940494
25858,GOF,0.02161326192354956,0.5598331464468744,0.4185535916295761
25859,GOF,0.010809427920986561,0.5313285980909882,0.4578619739880252
25860,GOF,0.346181562017048,0.5749945317466715,0.07882390623628051
25861,GOF,0.41440306995499193,0.5211206329479334,0.06447629709707466
25862,GOF,0.07781186290508636,0.7992811058035336,0.12290703129138006
25863,GOF,0.07000283245263315,0.7975110615233495,0.13248610602401728
25864,GOF,0.18410112082642915,0.7460548829249064,0.06984399624866437
25865,GOF,0.08047226230368344,0.8131276774252107,0.10640006027110592
25866,GOF,0.057682616200075046,0.7977152154843357,0.14460216831558922
25867,GOF,0.08170030137285465,0.8243138317663061,0.09398586686083935
25868,GOF,0.25595174883769733,0.6498753079298466,0.09417294323245604
25869,Neutral,0.7176027801060815,0.24007552397207282,0.04232169592184578
25870,GOF,0.26586328068929405,0.42407506461883443,0.3100616546918716
25871,GOF,0.23088478837125664,0.6461738869106523,0.12294132471809109
25872,GOF,0.07674550844533906,0.674235394422855,0.24901909713180606
25873,GOF,0.10312974038784599,0.7092652063522117,0.18760505325994248
25874,LOF,0.014334224697584004,0.12551392553059912,0.8601518497718169
25875,LOF,0.09092577567132873,0.049751002311374595,0.8593232220172966
25876,LOF,0.03312737328030791,0.033624146368356055,0.933248480351336
25877,Neutral,0.494030948369786,0.04990585922383086,0.4560631924063832
25878,LOF,0.20633021307203062,0.10707958750913235,0.6865901994188371
25879,LOF,0.0840982935878919,0.09792360204839357,0.8179781043637145
25880,LOF,0.03828805926720931,0.016891187745759526,0.9448207529870312
25881,LOF,0.18398478293857054,0.12097872036939737,0.6950364966920322
25882,LOF,0.06152914544781739,0.01895671283788044,0.9195141417143021
25883,LOF,0.0636212108703406,0.019542007295091316,0.9168367818345682
25884,LOF,0.031046874811424673,0.029587880607918966,0.9393652445806563
25885,LOF,0.05672166258596907,0.012955396100395977,0.9303229413136349
25886,LOF,0.2457510613401425,0.03840061549335106,0.7158483231665064
25887,LOF,0.1641673893743188,0.0670223385423186,0.7688102720833625
25888,LOF,0.07150070169551728,0.05990215486080701,0.8685971434436758
25889,LOF,0.039493267722833784,0.020601482778369682,0.9399052494987965
25890,LOF,0.0440512735473803,0.15919127134847055,0.7967574551041491
25891,LOF,0.0392056458612903,0.051540607055564576,0.9092537470831452
25892,LOF,0.08683849747156461,0.020691574519620816,0.8924699280088145
25893,LOF,0.2633245350755166,0.01867125570805724,0.7180042092164262
25894,LOF,0.1730815469145848,0.010946224420926378,0.8159722286644889
25895,LOF,0.19303298008281677,0.02283282356757301,0.7841341963496102
25896,LOF,0.04856232571777413,0.01921646882424072,0.9322212054579851
25897,LOF,0.24290562495724963,0.012469436622252028,0.7446249384204983
25898,Neutral,0.7130668926827979,0.010270331941432776,0.2766627753757693
25899,LOF,0.23601372524984682,0.020208509529898624,0.7437777652202545
25900,LOF,0.4487120804370718,0.012608888423057582,0.5386790311398707
25901,LOF,0.05365568925072381,0.01153267967484643,0.9348116310744299
25902,LOF,0.15688420102861958,0.014057785211634814,0.8290580137597456
25903,Neutral,0.5930676122701357,0.029541817118778266,0.37739057061108616
25904,LOF,0.31845463611648983,0.0417836730048262,0.639761690878684
25905,LOF,0.02637007603883915,0.32172546744022124,0.6519044565209396
25906,LOF,0.035475709273695546,0.07335083459884718,0.8911734561274574
25907,LOF,0.014798228683800825,0.32722709513728676,0.6579746761789125
25908,LOF,0.011315608633995498,0.2597170940372135,0.7289672973287911
25909,LOF,0.013661091632301666,0.13027038756372641,0.8560685208039719
25910,LOF,0.04829301502385445,0.15001592449214754,0.8016910604839981
25911,LOF,0.17825914163269785,0.028368678991813865,0.7933721793754883
25912,LOF,0.05053486871809106,0.05299539396782464,0.8964697373140842
25913,LOF,0.340644836452269,0.02383010564704123,0.6355250579006897
25914,LOF,0.0191885256079783,0.06760896200957374,0.9132025123824481
25915,Neutral,0.5646447242824858,0.14743285487596322,0.2879224208415509
25916,LOF,0.08231622905955578,0.205453238751331,0.7122305321891131
25917,LOF,0.0691125982867811,0.048240067745842725,0.8826473339673762
25918,LOF,0.0213932265376779,0.04017392511023962,0.9384328483520826
25919,LOF,0.01894083904024166,0.041204100722652195,0.9398550602371062
25920,GOF,0.10338690003019889,0.5328265336063334,0.36378656636346773
25921,LOF,0.023980338320549747,0.04295695012132179,0.9330627115581285
25922,LOF,0.03444025616899389,0.032502762043316834,0.9330569817876893
25923,LOF,0.4620540426945454,0.043487838758924605,0.4944581185465299
25924,LOF,0.03592897428843723,0.04985563321654653,0.9142153924950162
25925,LOF,0.0712293224321429,0.046737874378560654,0.8820328031892963
25926,LOF,0.05094196207637436,0.03745037799922756,0.9116076599243981
25927,LOF,0.05600130195979962,0.16223824736508313,0.7817604506751173
25928,LOF,0.01787629916309927,0.05461016748276034,0.9275135333541404
25929,Neutral,0.5717035252085342,0.04670188214703993,0.38159459264442597
25930,LOF,0.0688645912761649,0.038154850495710546,0.8929805582281246
25931,LOF,0.024787977737906804,0.034054893157256544,0.9411571291048367
25932,LOF,0.027282964864189557,0.03274479834877465,0.9399722367870357
25933,LOF,0.03723566032921653,0.024915784902225475,0.937848554768558
25934,LOF,0.02413275305476975,0.026187660217509463,0.9496795867277208
25935,LOF,0.05971925022162594,0.05498432987669437,0.8852964199016796
25936,LOF,0.04451542057643692,0.029088355900056533,0.9263962235235066
25937,LOF,0.025400163424032465,0.041697797484256345,0.9329020390917111
25938,LOF,0.06264590074597312,0.05986286190686421,0.8774912373471627
25939,LOF,0.03862132436900316,0.0240935384306836,0.9372851372003131
25940,LOF,0.02861531125558048,0.3507902348290999,0.6205944539153198
25941,LOF,0.18429167495216747,0.10892721170982392,0.7067811133380086
25942,LOF,0.014176326353102078,0.036462596718045547,0.9493610769288523
25943,LOF,0.29209349260326084,0.054261646301081046,0.6536448610956581
25944,LOF,0.4849384134860429,0.023667002016788865,0.49139458449716833
25945,LOF,0.07557736662837687,0.025130626925989503,0.8992920064456337
25946,LOF,0.02685914248126021,0.10528714747111802,0.8678537100476217
25947,LOF,0.09809734650288536,0.17157874803012166,0.7303239054669931
25948,LOF,0.3726677630365365,0.0071362471960267435,0.6201959897674368
25949,LOF,0.12149598056916935,0.039003585308418666,0.8395004341224119
25950,GOF,0.28870724958138416,0.36775777889057576,0.34353497152803997
25951,LOF,0.2035723375724227,0.26158212296156275,0.5348455394660145
25952,LOF,0.04447628896902614,0.449829972233861,0.5056937387971129
25953,LOF,0.14911951625994405,0.09495120106703311,0.7559292826730228
25954,Neutral,0.44752428657854204,0.17612404350072808,0.37635166992072994
25955,LOF,0.05335971540203358,0.0761579383972625,0.8704823462007039
25956,LOF,0.20001823160602525,0.10833786927642107,0.6916438991175536
25957,LOF,0.03729337052391201,0.031133792345753253,0.9315728371303348
25958,LOF,0.055760843711301376,0.031128319484568446,0.9131108368041303
25959,LOF,0.06644874774033438,0.37720483238327884,0.5563464198763869
25960,LOF,0.015955186952050008,0.05705512838527688,0.9269896846626731
25961,LOF,0.04201604691684577,0.030462765973848324,0.9275211871093059
25962,LOF,0.04860430192644334,0.02412831317502026,0.9272673848985363
25963,LOF,0.04515498025211084,0.20452922831380005,0.7503157914340892
25964,LOF,0.03530134307858214,0.151647216485654,0.8130514404357638
25965,LOF,0.44994410207712826,0.06516076075716512,0.4848951371657066
25966,Neutral,0.546233578241342,0.1541954260025589,0.299570995756099
25967,LOF,0.017535850839949046,0.10028742245954929,0.8821767267005017
25968,LOF,0.02879518788847383,0.3844820953707517,0.5867227167407745
25969,LOF,0.03192136819233873,0.05462570561201398,0.9134529261956473
25970,LOF,0.061825107491490894,0.06894608642918992,0.8692288060793192
25971,LOF,0.06367760213441233,0.02101675294014602,0.9153056449254418
25972,LOF,0.06389146046769317,0.02972925661699449,0.9063792829153122
25973,LOF,0.07149994068463582,0.010100380522524984,0.9183996787928392
25974,LOF,0.20243468531001785,0.015375517645135669,0.7821897970448465
25975,LOF,0.0460694353569501,0.028846997134449662,0.9250835675086002
25976,LOF,0.04055736434467872,0.017870149233522224,0.941572486421799
25977,LOF,0.1471184745791357,0.0882650677784817,0.7646164576423826
25978,LOF,0.1539153780759064,0.07169164442836849,0.7743929774957251
25979,LOF,0.14462140520586078,0.07297307921858195,0.7824055155755573
25980,LOF,0.24391707139935914,0.08914013125810599,0.6669427973425349
25981,LOF,0.2729811274407483,0.086927074891047,0.6400917976682047
25982,LOF,0.417684814149951,0.055650468654355585,0.5266647171956935
25983,LOF,0.38735316873838166,0.06221328987762495,0.5504335413839934
25984,LOF,0.048195817417452484,0.045248752890389994,0.9065554296921576
25985,LOF,0.03760256570484058,0.28222806592985455,0.680169368365305
25986,LOF,0.04598639973451166,0.3196845509840731,0.6343290492814152
25987,LOF,0.08279902736582927,0.0698734760503379,0.8473274965838329
25988,LOF,0.14578505977891867,0.05749591177742448,0.7967190284436568
25989,LOF,0.033944676687230835,0.11462378709999968,0.8514315362127696
25990,LOF,0.041678154778372056,0.14102795268319143,0.8172938925384365
25991,LOF,0.13296030912875934,0.2584196235191551,0.6086200673520855
25992,LOF,0.3007796929716522,0.15644487136126733,0.5427754356670805
25993,LOF,0.023418464482410476,0.07156473454655023,0.9050168009710393
25994,LOF,0.01703318684588496,0.09142378890288914,0.891543024251226
25995,LOF,0.024577243372857355,0.19203657032127452,0.7833861863058681
25996,GOF,0.32118724768438045,0.406344244848979,0.27246850746664064
25997,LOF,0.07762078336216963,0.37519816337578715,0.5471810532620431
25998,Neutral,0.5116299189676675,0.023944365197683788,0.46442571583464876
25999,LOF,0.10627047239033183,0.07587863549038693,0.8178508921192812
26000,LOF,0.15318447076442884,0.04659071095209641,0.8002248182834748
26001,LOF,0.1912912051846086,0.051113261568400535,0.7575955332469909
26002,LOF,0.12317630140369235,0.04995911363436489,0.8268645849619427
26003,GOF,0.01072821522900097,0.5649475810390407,0.4243242037319583
26004,GOF,0.019169220477325236,0.679966657990186,0.30086412153248876
26005,LOF,0.007307629665440012,0.4437846133178343,0.5489077570167257
26006,Neutral,0.5151998162154179,0.24283954047246162,0.24196064331212055
26007,GOF,0.023055021454525242,0.5049519777202962,0.4719930008251786
26008,GOF,0.017843811911648168,0.5943837754106284,0.3877724126777234
26009,GOF,0.021195621552031908,0.6759644454744717,0.3028399329734964
26010,GOF,0.023014272879797282,0.6421404613394028,0.3348452657808
26011,LOF,0.006837082693987945,0.40338320794595584,0.5897797093600562
26012,GOF,0.013333592817936677,0.49951784616026607,0.48714856102179727
26013,GOF,0.019605757243060185,0.5950813490956801,0.3853128936612597
26014,LOF,0.04038652040929655,0.10692529251326084,0.8526881870774425
26015,LOF,0.16403456431754174,0.01741509674881087,0.8185503389336474
26016,LOF,0.21368860671773693,0.06787174083174446,0.7184396524505186
26017,LOF,0.22002727362112295,0.10785744379967926,0.6721152825791977
26018,LOF,0.08619435367646008,0.042106499487126366,0.8716991468364135
26019,LOF,0.08087042607078779,0.03351337715396166,0.8856161967752505
26020,LOF,0.0662811385872494,0.11598118140876111,0.8177376800039895
26021,LOF,0.04741446408584957,0.12169625373329661,0.8308892821808539
26022,LOF,0.01094171776302347,0.042138281205894565,0.946920001031082
26023,LOF,0.06542232023820264,0.027448630671687364,0.9071290490901099
26024,LOF,0.030968863147353955,0.12654403684969434,0.8424871000029517
26025,LOF,0.1474100985238854,0.10576638702536788,0.7468235144507467
26026,LOF,0.32986676477124816,0.03263213418668517,0.6375011010420667
26027,LOF,0.06368459423807823,0.020344269522201353,0.9159711362397205
26028,LOF,0.1732521445776444,0.06027667533977375,0.7664711800825819
26029,LOF,0.06418463296941566,0.19434517307440116,0.7414701939561833
26030,LOF,0.021271632086322552,0.05655183827828229,0.9221765296353952
26031,LOF,0.025424856106423085,0.14512983808867574,0.8294453058049012
26032,LOF,0.06674461692449744,0.08450027619348004,0.8487551068820225
26033,LOF,0.08216754483355734,0.08472459925471232,0.8331078559117303
26034,LOF,0.03908844012587666,0.16737934538449134,0.7935322144896321
26035,LOF,0.02476375763391385,0.1619112235850829,0.8133250187810032
26036,LOF,0.036509111316594886,0.18168274895505604,0.781808139728349
26037,LOF,0.02041872124720493,0.13356183048456557,0.8460194482682296
26038,LOF,0.06182996994424691,0.0871019422871245,0.8510680877686285
26039,LOF,0.04885605398329602,0.16722886275984425,0.7839150832568598
26040,LOF,0.20268716566351377,0.14998154795998628,0.6473312863765
26041,LOF,0.02134835243324251,0.12278170454244426,0.8558699430243132
26042,LOF,0.019324286769385305,0.11648380924268839,0.8641919039879263
26043,LOF,0.06323693256242201,0.10032195680724017,0.8364411106303378
26044,LOF,0.018485679498927512,0.0720000520762255,0.909514268424847
26045,LOF,0.06637296986758942,0.11580065622423184,0.8178263739081788
26046,LOF,0.056871514141435715,0.08362042510456218,0.8595080607540021
26047,LOF,0.07253191955554344,0.0866335145851455,0.8408345658593112
26048,LOF,0.04458217744726431,0.045022526978143226,0.9103952955745925
26049,Neutral,0.968253707334845,0.007421510231740223,0.024324782433414932
26050,Neutral,0.9555533941981599,0.009717351756056791,0.03472925404578326
26051,LOF,0.04729068422626957,0.24505254064200405,0.7076567751317264
26052,LOF,0.061030168102195304,0.2892203794955091,0.6497494524022955
26053,LOF,0.05603217518864118,0.13935571155226661,0.8046121132590922
26054,LOF,0.05258162488850271,0.016520169747560935,0.9308982053639363
26055,LOF,0.07445675274804833,0.01468530387608393,0.9108579433758677
26056,LOF,0.06338873960027942,0.016240534306787627,0.9203707260929329
26057,LOF,0.029117819736038053,0.012010728007004172,0.9588714522569577
26058,LOF,0.030375707814098613,0.01002596254266104,0.9595983296432403
26059,LOF,0.29168726609270645,0.020279903760329208,0.6880328301469643
26060,LOF,0.04292033039531186,0.18249334125727823,0.7745863283474098
26061,LOF,0.01952115844866972,0.010515574093036167,0.9699632674582942
26062,LOF,0.010327401219193033,0.016231195980039304,0.9734414028007675
26063,LOF,0.020486715974283195,0.011688045513267771,0.9678252385124491
26064,LOF,0.023480075468631137,0.02186550237553547,0.9546544221558334
26065,LOF,0.025417463090507617,0.01091953427869588,0.9636630026307965
26066,LOF,0.021153886717372703,0.010895653947357973,0.9679504593352694
26067,LOF,0.02641732179303579,0.008959269842442849,0.9646234083645214
26068,LOF,0.048145206965904505,0.024914085918534477,0.926940707115561
26069,LOF,0.26365153900033683,0.018417519401706658,0.7179309415979565
26070,LOF,0.43584972606452765,0.01648548403541905,0.5476647899000533
26071,LOF,0.020447599660374908,0.012065153307283225,0.9674872470323419
26072,LOF,0.02122634201868626,0.016411183569155444,0.9623624744121583
26073,LOF,0.02086981221199388,0.010348263721594112,0.968781924066412
26074,Neutral,0.9153839679167135,0.0058094598201895555,0.07880657226309704
26075,LOF,0.04657359861228227,0.013369986993237172,0.9400564143944806
26076,LOF,0.04169289057830063,0.009982435474360491,0.948324673947339
26077,LOF,0.009814796473303744,0.014833075608945808,0.9753521279177505
26078,LOF,0.013173170965344679,0.010842101288149494,0.9759847277465059
26079,LOF,0.06422772029052069,0.015072033773561215,0.920700245935918
26080,LOF,0.06305874856829252,0.015117590238506158,0.9218236611932014
26081,LOF,0.033287933044099376,0.006543841972547022,0.9601682249833536
26082,LOF,0.01351863867741664,0.015237666614103954,0.9712436947084794
26083,LOF,0.19537876389881406,0.013867648681803594,0.7907535874193824
26084,LOF,0.04541815151906684,0.011003833198945472,0.9435780152819877
26085,LOF,0.041178094335420044,0.010503333441043006,0.948318572223537
26086,LOF,0.021354844978147155,0.011010816113381588,0.9676343389084713
26087,LOF,0.02472678345573158,0.008303022774240526,0.9669701937700279
26088,LOF,0.016094131628927973,0.02204323518109729,0.9618626331899747
26089,LOF,0.04423159471168401,0.01861466586587248,0.9371537394224434
26090,LOF,0.043913207168880385,0.015315396494497358,0.9407713963366222
26091,LOF,0.032900894124992336,0.0063855393186211,0.9607135665563865
26092,LOF,0.022406919173769847,0.007969607513480947,0.9696234733127493
26093,LOF,0.03415350887932838,0.0061108753032952535,0.9597356158173763
26094,LOF,0.03490232349947687,0.005896434427019472,0.9592012420735035
26095,LOF,0.03852740807332788,0.012542651034800605,0.9489299408918715
26096,LOF,0.01803566063578213,0.011567757725264442,0.9703965816389535
26097,LOF,0.011375380116906746,0.03262737735954354,0.9559972425235497
26098,LOF,0.08372081098895645,0.010372696229701796,0.9059064927813417
26099,LOF,0.021357649612788427,0.012334323179313345,0.9663080272078983
26100,LOF,0.024066016313909856,0.012139775440658461,0.9637942082454316
26101,LOF,0.045425307344266544,0.01522927176136836,0.9393454208943651
26102,LOF,0.020859906212505268,0.012896294606693079,0.9662437991808017
26103,Neutral,0.8855122926706281,0.018620808168916602,0.09586689916045533
26104,LOF,0.0835611057832135,0.022755794344949114,0.8936830998718374
26105,LOF,0.2071172139031152,0.24935373993681123,0.5435290461600736
26106,LOF,0.18470819157839993,0.10009340667489726,0.7151984017467028
26107,LOF,0.2553907486994636,0.07330435727768377,0.6713048940228526
26108,LOF,0.26711573041154213,0.09045209845049713,0.6424321711379608
26109,LOF,0.09921593798359535,0.05678835093820056,0.8439957110782041
26110,LOF,0.21698813227541958,0.0076404581011466,0.7753714096234339
26111,Neutral,0.5101238385763124,0.031989708111617644,0.4578864533120699
26112,LOF,0.0306512586956007,0.008368135945415498,0.9609806053589838
26113,LOF,0.062256399429819934,0.01913821257690003,0.91860538799328
26114,LOF,0.026212706328926395,0.03101003764142097,0.9427772560296527
26115,LOF,0.08572552644552212,0.05930156023399444,0.8549729133204834
26116,LOF,0.06636848135413448,0.06848127247635635,0.8651502461695091
26117,LOF,0.4434234969172151,0.03987121691148931,0.5167052861712956
26118,LOF,0.034080966413886186,0.027091636596096678,0.938827396990017
26119,LOF,0.021786333185294916,0.044995063559898865,0.9332186032548061
26120,LOF,0.027471993379054156,0.021850839230643876,0.9506771673903021
26121,LOF,0.043068774952609044,0.08652953544980806,0.8704016895975829
