feature0,prediction,LoGoFunc_Neutral,LoGoFunc_GOF,LoGoFunc_LOF
25546,Neutral,0.623141368453128,0.06276601358014622,0.3140926179667259
25547,Neutral,0.5198972104469961,0.09807620667273327,0.3820265828802705
25548,Neutral,0.5005412613542362,0.0879952730561072,0.41146346558965663
25549,Neutral,0.4564866854646518,0.08885741400970788,0.4546559005256403
25550,LOF,0.3733077144988215,0.11290170012633725,0.5137905853748412
25551,LOF,0.3130109598064049,0.1250082975709919,0.5619807426226031
25552,LOF,0.29227238122101457,0.12863250069142662,0.5790951180875589
25553,Neutral,0.7850627124632027,0.054935420587590926,0.1600018669492065
25554,LOF,0.32476901853961754,0.11893093971353011,0.5563000417468523
25555,LOF,0.28050726687570265,0.11476897504657803,0.6047237580777193
25556,Neutral,0.44912978379580476,0.10714682146655631,0.44372339473763883
25557,LOF,0.27984881889260477,0.11728786092739284,0.6028633201800024
25558,LOF,0.329250922293438,0.11652823911687211,0.55422083858969
25559,LOF,0.25645852413437636,0.05896549352880317,0.6845759823368205
25560,LOF,0.07941165534441305,0.1618079492079806,0.7587803954476063
25561,LOF,0.09973718640243312,0.22014841883877143,0.6801143947587955
25562,LOF,0.037074017188967696,0.11751117150327617,0.8454148113077561
25563,LOF,0.009797354237089335,0.16498560025664935,0.8252170455062613
25564,LOF,0.08350236385424083,0.1340782223706376,0.7824194137751217
25565,LOF,0.17044833606571938,0.13025731223589576,0.6992943516983849
25566,GOF,0.060730547245380746,0.6696479241454872,0.26962152860913197
25567,LOF,0.040977590615343285,0.16367639883739857,0.7953460105472582
25568,LOF,0.063650241368907,0.09839806816170152,0.8379516904693914
25569,LOF,0.06385219202967274,0.0899355198358458,0.8462122881344813
25570,LOF,0.028770882061520092,0.13135751706713278,0.8398716008713472
25571,LOF,0.02530603331191434,0.1390159401976798,0.8356780264904059
25572,LOF,0.06315305836320792,0.18762914612317094,0.749217795513621
25573,LOF,0.06277478472909835,0.11985389152185015,0.8173713237490515
25574,LOF,0.06359017535477092,0.23386087701845684,0.7025489476267722
25575,LOF,0.02491133048636946,0.1421960101374147,0.8328926593762158
25576,LOF,0.028774487155492436,0.21296454051245145,0.7582609723320562
25577,LOF,0.03396028429632586,0.15472731388497302,0.8113124018187011
25578,LOF,0.2843886105925312,0.10738856398699326,0.6082228254204755
25579,LOF,0.18248854715663923,0.1034340515083785,0.7140774013349823
25580,LOF,0.022608377466451064,0.10342798937533607,0.8739636331582128
25581,LOF,0.050007576835131705,0.09739768425025686,0.8525947389146115
25582,LOF,0.04974942298836907,0.09516027258873011,0.8550903044229008
25583,LOF,0.028021188348663736,0.10057242506582073,0.8714063865855155
25584,Neutral,0.7157506765179867,0.12095909162378383,0.1632902318582295
25585,LOF,0.020982241745520634,0.18936967766400298,0.7896480805904763
25586,LOF,0.018708426171634245,0.09755386751766983,0.8837377063106959
25587,LOF,0.018401894479528984,0.08824570310776417,0.893352402412707
25588,LOF,0.022703001410028224,0.08325686907705872,0.894040129512913
25589,Neutral,0.4829175102325072,0.2500380120595396,0.26704447770795314
25590,LOF,0.04920680402140489,0.13367446494986143,0.8171187310287336
25591,LOF,0.08324135015981526,0.07873365959167858,0.8380249902485062
25592,LOF,0.060877662645880445,0.16223814638459705,0.7768841909695224
25593,LOF,0.11232212089283902,0.2944450674252416,0.5932328116819192
25594,LOF,0.05887231211911668,0.05031597416760278,0.8908117137132805
25595,LOF,0.0579984775029914,0.032409688640326804,0.9095918338566819
25596,LOF,0.12549145071721157,0.020413921364239966,0.8540946279185485
25597,LOF,0.0904732732937436,0.023900261429903542,0.8856264652763528
25598,LOF,0.05405328868154958,0.03198929361674841,0.913957417701702
25599,LOF,0.02268328384124361,0.35167192267964204,0.6256447934791144
25600,LOF,0.16040847097815458,0.4037662968734629,0.4358252321483826
25601,LOF,0.037938986428898404,0.3056612055520732,0.6563998080190285
25602,LOF,0.023328119539616523,0.06927970172884594,0.9073921787315374
25603,LOF,0.03740882671861024,0.06589146908968305,0.8966997041917066
25604,LOF,0.038869399866871476,0.11651585745926794,0.8446147426738606
25605,LOF,0.029823981111208105,0.19714735429605237,0.7730286645927394
25606,LOF,0.4096737463489051,0.17569182816073847,0.4146344254903565
25607,LOF,0.02709839828771928,0.23853740748247365,0.734364194229807
25608,LOF,0.037095998059877164,0.15257654076022414,0.8103274611798986
25609,GOF,0.14222800902423877,0.49055202011947374,0.36721997085628755
25610,LOF,0.016759202499576593,0.060053292645817616,0.9231875048546059
25611,LOF,0.01395856811112033,0.06714169576069853,0.9188997361281812
25612,LOF,0.0515072614113587,0.06401437536090973,0.8844783632277317
25613,LOF,0.048655888894053305,0.06782228800518654,0.8835218231007601
25614,LOF,0.025097737753085096,0.051359998115917196,0.9235422641309977
25615,LOF,0.0399021444527249,0.0655550116316833,0.8945428439155917
25616,LOF,0.058863392616188996,0.06304602890744058,0.8780905784763704
25617,LOF,0.04325973768747008,0.06577609559986984,0.89096416671266
25618,LOF,0.0557710385340496,0.09082601595793943,0.853402945508011
25619,LOF,0.013521150531884591,0.07038022986499015,0.9160986196031252
25620,LOF,0.06024348300749539,0.07485196347992626,0.8649045535125784
25621,LOF,0.062183477123319515,0.0632238822375193,0.8745926406391611
25622,LOF,0.0678293756853571,0.06405017550251309,0.8681204488121298
25623,LOF,0.0659659639420157,0.04442172911714078,0.8896123069408435
25624,LOF,0.020953768884930644,0.06283063562899846,0.9162155954860708
25625,LOF,0.06386347599918732,0.05813423627349952,0.8780022877273131
25626,LOF,0.05469626353444283,0.06162057931990636,0.8836831571456507
25627,Neutral,0.8791613330139815,0.025807872160638203,0.09503079482538025
25628,LOF,0.1596448375217629,0.07112543045895198,0.7692297320192851
25629,LOF,0.06614308355049876,0.06481078136257709,0.8690461350869242
25630,LOF,0.26931432822823537,0.08858530549068758,0.642100366281077
25631,Neutral,0.5324118586099722,0.06949152782250903,0.3980966135675187
25632,LOF,0.031013019424378837,0.07606668437947368,0.8929202961961474
25633,LOF,0.2178151036786736,0.059535929626023935,0.7226489666953024
25634,LOF,0.04426259454045198,0.10466921158884607,0.851068193870702
25635,LOF,0.04029584768865646,0.048881843159227535,0.910822309152116
25636,GOF,0.031581623539671616,0.5639829302614202,0.4044354461989082
25637,GOF,0.06011733141065898,0.5244411818443128,0.41544148674502834
25638,GOF,0.03338824211786979,0.5042557656123016,0.4623559922698286
25639,LOF,0.03745150028064224,0.4771697106546814,0.48537878906467635
25640,Neutral,0.8480740286798825,0.09780849963687671,0.05411747168324075
25641,GOF,0.0976442874592066,0.45490459133271544,0.44745112120807795
25642,LOF,0.07914722379229999,0.18642025633466236,0.7344325198730376
25643,LOF,0.29575993933139844,0.12082587568571469,0.5834141849828869
25644,GOF,0.011174269829975924,0.6215819670696302,0.36724376310039386
25645,GOF,0.012287230925357428,0.6083763714779106,0.37933639759673193
25646,LOF,0.02793720912678322,0.4246371915957322,0.5474255992774846
25647,LOF,0.012400015309137266,0.33839855626350424,0.6492014284273585
25648,LOF,0.01482052117922082,0.4037513278042886,0.5814281510164906
25649,LOF,0.008898352786804776,0.31486700658439903,0.6762346406287962
25650,GOF,0.023876128432539785,0.5843443586554916,0.3917795129119686
25651,LOF,0.009730452371619179,0.4141686643824352,0.5761008832459457
25652,LOF,0.01359375960620583,0.4232595935168517,0.5631466468769425
25653,GOF,0.03933390528250063,0.5933605162423821,0.3673055784751172
25654,LOF,0.010478859584693155,0.3369788389882854,0.6525423014270214
25655,GOF,0.1394957836270116,0.630551827359212,0.2299523890137764
25656,LOF,0.3653350760280991,0.15608866730567114,0.47857625666622977
25657,LOF,0.05710960197251156,0.11240900575441284,0.8304813922730756
25658,LOF,0.33452887808646603,0.17347352253680573,0.4919975993767283
25659,Neutral,0.4549476686017819,0.1866806016649776,0.3583717297332405
25660,LOF,0.02279036527842338,0.12150141970424701,0.8557082150173295
25661,LOF,0.08550046247723946,0.0778349796149145,0.836664557907846
25662,LOF,0.0318887690419184,0.041382616524549796,0.9267286144335319
25663,LOF,0.03641776243908319,0.04571685034339705,0.9178653872175198
25664,LOF,0.11706735441229996,0.07609894455491041,0.8068337010327896
25665,LOF,0.05873451343152428,0.03570734098662135,0.9055581455818544
25666,LOF,0.09378060059366945,0.0621470493984678,0.8440723500078626
25667,LOF,0.0711950734730694,0.04147815002245738,0.8873267765044732
25668,LOF,0.03555429495475013,0.05592415752451245,0.9085215475207374
25669,LOF,0.029253441415416297,0.05430176416244677,0.9164447944221368
25670,LOF,0.12299931577821614,0.04715132479892121,0.8298493594228626
25671,LOF,0.1038628368060167,0.04638638864678957,0.8497507745471936
25672,LOF,0.04832432280972802,0.049422688539148676,0.9022529886511234
25673,LOF,0.08769665595657515,0.05158514680093255,0.8607181972424922
25674,LOF,0.0747736971179068,0.06624799000332723,0.858978312878766
25675,LOF,0.10233646303621036,0.07399641582859086,0.8236671211351987
25676,LOF,0.01765471513290953,0.06180614898041266,0.9205391358866779
25677,LOF,0.021673841829376192,0.08251826823771184,0.8958078899329118
25678,LOF,0.18382500376859293,0.09156950497366044,0.7246054912577466
25679,LOF,0.11397192241828376,0.08627498873038733,0.799753088851329
25680,LOF,0.028056223998861714,0.1334876595749763,0.838456116426162
25681,LOF,0.04415175626981372,0.12920784873790972,0.8266403949922766
25682,LOF,0.1253460390391853,0.08711622573695699,0.7875377352238577
25683,LOF,0.10793170472240537,0.0867942152909411,0.8052740799866536
25684,LOF,0.03518169116575014,0.07714469978853555,0.8876736090457142
25685,LOF,0.10991571818902436,0.07719881334856692,0.8128854684624086
25686,LOF,0.0767768963608431,0.11371449605017003,0.8095086075889869
25687,LOF,0.12260914226231849,0.11958182186528483,0.7578090358723967
25688,LOF,0.41344765366928093,0.04870898104454862,0.5378433652861704
25689,LOF,0.30931354984086884,0.06098407513162452,0.6297023750275066
25690,LOF,0.3371419855097022,0.03975200013829079,0.6231060143520071
25691,Neutral,0.7085995104881989,0.037725589855520186,0.2536748996562808
25692,LOF,0.36792613061648716,0.01605265910297243,0.6160212102805405
25693,LOF,0.042448116851876876,0.4193846633974903,0.5381672197506329
25694,LOF,0.11583122018287546,0.0199844676478407,0.8641843121692839
25695,LOF,0.10360241436686948,0.012144661493417417,0.8842529241397131
25696,LOF,0.14771063848366725,0.012737774167645892,0.8395515873486868
25697,LOF,0.05962861645141334,0.09813881187417461,0.8422325716744121
25698,LOF,0.28814560674008005,0.20729885511715598,0.504555538142764
25699,LOF,0.4233796246714883,0.039652898006544646,0.5369674773219671
25700,LOF,0.07762906212260764,0.012588828571207062,0.9097821093061852
25701,LOF,0.16439666869187777,0.03785830545903576,0.7977450258490866
25702,GOF,0.16157372208240095,0.6522139172039345,0.18621236071366448
25703,LOF,0.01623199176633711,0.1576559283091327,0.8261120799245302
25704,LOF,0.03817456433403868,0.15564747592170453,0.8061779597442567
25705,LOF,0.03535723977432594,0.11495176213517623,0.8496909980904978
25706,LOF,0.1262631944099269,0.386217311433049,0.48751949415702417
25707,LOF,0.07877209536681269,0.31137265266354336,0.609855251969644
25708,LOF,0.0414452069573924,0.29053401183964866,0.6680207812029589
25709,LOF,0.06907576868372485,0.035152754138826306,0.8957714771774489
25710,LOF,0.013037765537278452,0.13747438048801805,0.8494878539747035
25711,LOF,0.018218557456130473,0.09263658413248226,0.8891448584113874
25712,LOF,0.016218978013768787,0.190726951173013,0.7930540708132182
25713,LOF,0.017128305211659617,0.09421546218529998,0.8886562326030404
25714,LOF,0.07237735327218284,0.06837649119111124,0.859246155536706
25715,LOF,0.01112907596542251,0.12761061991979888,0.8612603041147787
25716,LOF,0.011262778184165718,0.09900877404821197,0.8897284477676223
25717,LOF,0.015968778456302925,0.09046367183294343,0.8935675497107537
25718,LOF,0.010572484478868872,0.08861477510750547,0.9008127404136257
25719,LOF,0.02028310743965569,0.07795080643936343,0.901766086120981
25720,LOF,0.02418848460356707,0.06710366585689666,0.9087078495395363
25721,LOF,0.012954951443391873,0.10137226427873018,0.885672784277878
25722,LOF,0.013361706963813643,0.07643557729610935,0.910202715740077
25723,LOF,0.024359231264795184,0.04464628084757986,0.9309944878876248
25724,LOF,0.030754562691769686,0.08188963878233257,0.8873557985258977
25725,LOF,0.011388634022606365,0.07041136418248632,0.9182000017949074
25726,LOF,0.015038170143580085,0.09633796568428776,0.8886238641721321
25727,LOF,0.012494898761695775,0.07781012431734509,0.9096949769209591
25728,LOF,0.009633710421217023,0.08724114502727637,0.9031251445515065
25729,LOF,0.00995042846304278,0.08420593764544497,0.9058436338915123
25730,LOF,0.012969886456253809,0.084783451528385,0.9022466620153611
25731,LOF,0.021531024820550977,0.08265985429812049,0.8958091208813286
25732,LOF,0.012120363161152772,0.049232229509554165,0.938647407329293
25733,LOF,0.017450549406161687,0.051060089087442216,0.931489361506396
25734,LOF,0.012228323940427287,0.12359044050704504,0.8641812355525278
25735,LOF,0.011122392750798137,0.05842657127866667,0.9304510359705352
25736,LOF,0.01147570502001751,0.05912529975760486,0.9293989952223777
25737,LOF,0.011238232897672699,0.08822610969967945,0.9005356574026478
25738,LOF,0.011005070562021213,0.08830760914289834,0.9006873202950804
25739,LOF,0.01947864822208628,0.0664465346751017,0.9140748171028121
25740,LOF,0.02735266546441883,0.0946274621393637,0.8780198723962175
25741,LOF,0.013831270594864012,0.09774883638560296,0.8884198930195331
25742,LOF,0.11266409444071973,0.07500294155426651,0.8123329640050138
25743,LOF,0.03975050814326469,0.046884933405546426,0.9133645584511888
25744,Neutral,0.6278981005862019,0.21578418874438926,0.15631771066940886
25745,LOF,0.06966758163077466,0.06152384974328996,0.8688085686259354
25746,LOF,0.04406664154043601,0.08247830248241576,0.8734550559771482
25747,LOF,0.025963895542123756,0.0713977763274867,0.9026383281303895
25748,LOF,0.1391596010847156,0.11498620812506732,0.7458541907902171
25749,LOF,0.030336256089380773,0.08286535267278938,0.8867983912378298
25750,LOF,0.07444391420978838,0.09467321231003951,0.8308828734801721
25751,LOF,0.10205766689350482,0.12093311834073214,0.777009214765763
25752,GOF,0.09845859439464504,0.6412159335291397,0.26032547207621515
25753,LOF,0.025507670187657244,0.36040635233488666,0.6140859774774561
25754,GOF,0.01613376445809845,0.8098085054587703,0.17405773008313127
25755,LOF,0.02787687644573067,0.4234030665639155,0.5487200569903539
25756,LOF,0.05461315624835025,0.3961253448509137,0.549261498900736
25757,GOF,0.02360635943168043,0.8693255597987388,0.10706808076958066
25758,GOF,0.025398846288793422,0.8267968857845609,0.14780426792664572
25759,GOF,0.01267759489132092,0.6278696822608659,0.35945272284781327
25760,LOF,0.01654637006718002,0.36348935822963263,0.6199642717031875
25761,GOF,0.2797306352240957,0.6476131342155255,0.07265623056037886
25762,LOF,0.046965248553661035,0.3447871999087881,0.608247551537551
25763,LOF,0.015435566765707934,0.26346292798735105,0.721101505246941
25764,GOF,0.0684441498839053,0.7210704856338493,0.2104853644822453
25765,GOF,0.032163586046113544,0.7734710569864739,0.19436535696741264
25766,GOF,0.06820606012079015,0.8132120480649512,0.1185818918142586
25767,GOF,0.15014881502235256,0.5786926606761257,0.27115852430152165
25768,LOF,0.10202504645394485,0.06700374679121918,0.830971206754836
25769,LOF,0.04678318942753324,0.06124515155756603,0.8919716590149008
25770,LOF,0.2921984975183008,0.11073407932203498,0.5970674231596642
25771,LOF,0.04616414087287163,0.05668403339525956,0.8971518257318689
25772,LOF,0.0168096174425658,0.0505696166520238,0.9326207659054104
25773,LOF,0.05144035675571151,0.07731538143960628,0.8712442618046823
25774,LOF,0.028126773650299988,0.13095935717524362,0.8409138691744563
25775,LOF,0.05340219276084123,0.07090090163343349,0.8756969056057253
25776,LOF,0.058629022274812134,0.03529002365743853,0.9060809540677492
25777,LOF,0.33353892914971744,0.10673498845510433,0.5597260823951783
25778,LOF,0.05855036658705631,0.05715800900213154,0.8842916244108121
25779,GOF,0.39590049321419796,0.5462342293839397,0.05786527740186241
25780,GOF,0.36524552461555765,0.5438168840878802,0.09093759129656213
25781,GOF,0.11963800366447291,0.757810356869299,0.12255163946622812
25782,GOF,0.19315110658616252,0.7165453086916737,0.09030358472216382
25783,GOF,0.02427886318111716,0.6154733473516275,0.3602477894672552
25784,Neutral,0.5322824124626105,0.4275287946849245,0.04018879285246499
25785,Neutral,0.5111224052989656,0.4396303800215167,0.04924721467951767
25786,GOF,0.03623613658216031,0.7238059156812339,0.2399579477366057
25787,Neutral,0.6764544489359475,0.29240161755238814,0.031143933511664414
25788,LOF,0.0561556635397128,0.07437222759996631,0.8694721088603208
25789,GOF,0.20798511323104896,0.6142127570424287,0.17780212972652218
25790,GOF,0.29057958912869947,0.6180603217964753,0.09136008907482528
25791,GOF,0.16125680739213877,0.6583880965418298,0.18035509606603134
25792,GOF,0.36808631795882446,0.4967727644865082,0.13514091755466728
25793,GOF,0.26810298913705016,0.46226544993848917,0.26963156092446067
25794,GOF,0.31284675564576175,0.4599166786413765,0.22723656571286174
25795,GOF,0.07063243213262455,0.6506794089624172,0.27868815890495824
25796,Neutral,0.5444037050906919,0.36875759431125205,0.0868387005980561
25797,GOF,0.08111448572130228,0.5486997973911741,0.37018571688752366
25798,LOF,0.011549054531799044,0.48854482078912814,0.49990612467907286
25799,LOF,0.007985466307232332,0.4194584742376724,0.5725560594550952
25800,GOF,0.037780935238404034,0.6045351109574314,0.3576839538041645
25801,GOF,0.25037543879644414,0.6402321343304408,0.10939242687311505
25802,GOF,0.07109498934168901,0.6655002466384373,0.2634047640198736
25803,GOF,0.046423234914995365,0.5583464832078643,0.3952302818771404
25804,LOF,0.03927742995924102,0.47997508161767266,0.48074748842308634
25805,GOF,0.14368024161100268,0.5530296324397191,0.3032901259492782
25806,GOF,0.15365064706632306,0.56407541093899,0.28227394199468686
25807,GOF,0.025227069612704423,0.6112174587866125,0.3635554716006831
25808,GOF,0.12192809281525599,0.5733739159736829,0.30469799121106106
25809,GOF,0.023865218816028395,0.6165143865859468,0.3596203945980248
25810,GOF,0.023880719997435226,0.6237609673214219,0.35235831268114287
25811,Neutral,0.5295502460894712,0.39405829419667604,0.07639145971385276
25812,GOF,0.046542831681794065,0.6015945576775066,0.35186261064069935
25813,Neutral,0.5932528259738872,0.3059752632875468,0.10077191073856612
25814,GOF,0.1440858484461458,0.6189650991251567,0.23694905242869757
25815,GOF,0.2778137277767357,0.5347447420058665,0.1874415302173978
25816,GOF,0.023674497822258975,0.6414769189075176,0.33484858327022343
25817,GOF,0.2261746319893696,0.6346409529491366,0.13918441506149384
25818,GOF,0.05866813894670324,0.5204026416686565,0.4209292193846403
25819,Neutral,0.4177769350236961,0.4123509810559624,0.16987208392034153
25820,GOF,0.2511548123429227,0.5270122112720682,0.22183297638500915
25821,GOF,0.07954227778927343,0.6103358385383181,0.3101218836724084
25822,GOF,0.29399307762500293,0.46248216677437654,0.2435247556006205
25823,LOF,0.03619398111664055,0.45130070449506854,0.512505314388291
25824,GOF,0.09959259379713788,0.46686307194062765,0.4335443342622346
25825,LOF,0.03684219395780131,0.4799551662181467,0.4832026398240518
25826,LOF,0.013360813441091973,0.4629047715064439,0.5237344150524642
25827,GOF,0.024710322682873417,0.5284180545046817,0.44687162281244486
25828,LOF,0.015502272865202338,0.44844677742361727,0.5360509497111804
25829,LOF,0.007374751101490362,0.4934444090331791,0.4991808398653306
25830,LOF,0.045206435844469206,0.2586146390960389,0.6961789250594919
25831,GOF,0.16618290596782162,0.691200003074239,0.1426170909579395
25832,GOF,0.0366354961590658,0.6416272752913477,0.3217372285495864
25833,GOF,0.13081698827662394,0.6526967593130718,0.21648625241030423
25834,GOF,0.04274444677462849,0.6395212996899591,0.31773425353541246
25835,GOF,0.10558069868484435,0.6416971241774848,0.25272217713767103
25836,GOF,0.04840734377551212,0.5934683629217627,0.35812429330272516
25837,GOF,0.02634471380118384,0.5011584975887824,0.47249678861003375
25838,GOF,0.09152347535711064,0.6926390991863577,0.21583742545653165
25839,GOF,0.3238778526951645,0.5153259047743857,0.1607962425304498
25840,GOF,0.24392407123793416,0.5614540580201758,0.19462187074189008
25841,GOF,0.23401815979831248,0.5624170278323177,0.2035648123693699
25842,GOF,0.1993661046632386,0.6100410354483377,0.1905928598884238
25843,GOF,0.2304884088627765,0.6218745474837103,0.14763704365351318
25844,GOF,0.06355867980735634,0.5947267869673145,0.34171453322532913
25845,LOF,0.015312482417456629,0.42689003055524277,0.5577974870273006
25846,GOF,0.10654343958735461,0.697712157816304,0.19574440259634132
25847,GOF,0.14832211661641798,0.6752355397054604,0.17644234367812167
25848,GOF,0.041325798979834516,0.6153736227419201,0.34330057827824534
25849,GOF,0.012073258027721592,0.5060409305190904,0.48188581145318793
25850,GOF,0.024653528793619383,0.5502060435643632,0.42514042764201754
25851,LOF,0.019062822488901874,0.4601432017895525,0.5207939757215456
25852,GOF,0.14267700477891035,0.5381163178992889,0.31920667732180064
25853,GOF,0.35940715745078544,0.549298773133933,0.09129406941528145
25854,GOF,0.019749849690520287,0.5790209013964929,0.4012292489129867
25855,GOF,0.03793606731076421,0.5568263031058402,0.40523762958339554
25856,GOF,0.2559712374472929,0.48944288792309937,0.2545858746296078
25857,LOF,0.03662619512403443,0.4737610228627317,0.4896127820132339
25858,GOF,0.021888433842405353,0.5217035442262666,0.4564080219313279
25859,GOF,0.011684522818151742,0.4982719909919859,0.49004348618986243
25860,GOF,0.39855431668723307,0.5015869233648018,0.09985875994796502
25861,GOF,0.3555627313677636,0.5353837874176145,0.10905348121462198
25862,GOF,0.08429886711732215,0.7616036214657848,0.15409751141689307
25863,GOF,0.0881096356805052,0.7532336499785505,0.1586567143409443
25864,GOF,0.20173242566993366,0.7092981045408827,0.08896946978918366
25865,GOF,0.0780295984239846,0.7699257286808728,0.15204467289514254
25866,GOF,0.06564506318561343,0.7844673958928805,0.149887540921506
25867,GOF,0.09545383909381217,0.7763936927818902,0.1281524681242976
25868,GOF,0.2879485435684056,0.5884751702883225,0.12357628614327187
25869,Neutral,0.6894043351664295,0.2596389987570535,0.050956666076517027
25870,LOF,0.33307735147911505,0.24414767648169142,0.42277497203919345
25871,GOF,0.2338829228634862,0.588334507696086,0.17778256944042778
25872,GOF,0.09388475713835438,0.554636953849392,0.35147828901225364
25873,GOF,0.17302483762102502,0.5389002279088587,0.28807493447011623
25874,LOF,0.02249272958476595,0.0860111891604146,0.8914960812548195
25875,LOF,0.09092217922808657,0.06385212805475052,0.845225692717163
25876,LOF,0.029441029804904928,0.04538691634739665,0.9251720538476985
25877,Neutral,0.5142527284952092,0.07431529321709894,0.41143197828769196
25878,LOF,0.2217317796877425,0.12361202402005124,0.6546561962922063
25879,LOF,0.0915442352130294,0.12192007528688743,0.7865356895000831
25880,LOF,0.024829621049789356,0.021795126765573873,0.9533752521846368
25881,LOF,0.19316441435464704,0.17554215081161834,0.6312934348337347
25882,LOF,0.08547227174023665,0.021195427647630712,0.8933323006121326
25883,LOF,0.08928217077006048,0.03862141662863338,0.8720964126013061
25884,LOF,0.04516296803438247,0.049302367824854795,0.9055346641407628
25885,LOF,0.0695590984834469,0.014244494768703224,0.91619640674785
25886,LOF,0.35917516657166637,0.06160012919038612,0.5792247042379475
25887,LOF,0.18024244745487003,0.11789632332293316,0.7018612292221968
25888,LOF,0.06933027616181522,0.09801163139806746,0.8326580924401172
25889,LOF,0.056925192395498966,0.03369231119490682,0.9093824964095941
25890,LOF,0.05567124498874276,0.13229993990257144,0.8120288151086857
25891,LOF,0.04176102314703015,0.0654175158682543,0.8928214609847156
25892,LOF,0.1105815912405462,0.019107565785478293,0.8703108429739754
25893,LOF,0.30666021091398893,0.013405844032886955,0.6799339450531241
25894,LOF,0.17814872323167394,0.007909759823054134,0.813941516945272
25895,LOF,0.20238174838558665,0.016632579605524906,0.7809856720088885
25896,LOF,0.05204140073920184,0.021928352718772377,0.9260302465420257
25897,LOF,0.23511216414301747,0.012325940750576348,0.7525618951064061
25898,Neutral,0.7213216244292471,0.008556716396464244,0.2701216591742886
25899,LOF,0.2605446847087412,0.024254985728523693,0.715200329562735
25900,LOF,0.46153888667346205,0.014948053234479135,0.5235130600920588
25901,LOF,0.05769556529425276,0.011556020490178925,0.9307484142155683
25902,LOF,0.17713399006872763,0.010097218032205502,0.8127687918990668
25903,Neutral,0.5199914094713268,0.0234794932191074,0.45652909730956587
25904,LOF,0.26401901249593346,0.04028060703419335,0.6957003804698733
25905,LOF,0.02536117161386323,0.33433386371500906,0.6403049646711277
25906,LOF,0.02410995350722778,0.07020167521259094,0.9056883712801812
25907,LOF,0.013988886231500408,0.3500819239305118,0.6359291898379877
25908,LOF,0.011466902202737533,0.2337399551646136,0.7547931426326489
25909,LOF,0.01402031782823895,0.1730915237432452,0.8128881584285159
25910,LOF,0.051251497764089105,0.119171100480691,0.8295774017552198
25911,LOF,0.11909628212273717,0.03445112821077418,0.8464525896664886
25912,LOF,0.03370913286218253,0.057598211599440854,0.9086926555383766
25913,LOF,0.26514204288696325,0.027594775480837337,0.7072631816321994
25914,LOF,0.025492926314757698,0.1270020291533979,0.8475050445318444
25915,Neutral,0.4296334178544325,0.24195192076199226,0.32841466138357517
25916,LOF,0.07197746735162251,0.26856703353486944,0.659455499113508
25917,LOF,0.07081223642228031,0.0658230619958675,0.8633647015818521
25918,LOF,0.035163597979762644,0.08030419477631982,0.8845322072439175
25919,LOF,0.02837724659302812,0.08700521360155711,0.8846175398054149
25920,GOF,0.0805124048394874,0.5403002181252324,0.37918737703528016
25921,LOF,0.030971363847834332,0.024679739474041583,0.9443488966781242
25922,LOF,0.04106864187775891,0.015495690481103781,0.9434356676411373
25923,LOF,0.36879400752202,0.017028710553078478,0.6141772819249015
25924,LOF,0.04256427548651596,0.023897359181594306,0.9335383653318897
25925,LOF,0.07270841929037428,0.024437847649312092,0.9028537330603137
25926,LOF,0.051149492674472004,0.017894538480257977,0.9309559688452701
25927,LOF,0.06982256689498174,0.04902255523541429,0.8811548778696039
25928,LOF,0.02411811692482925,0.02043673311555911,0.9554451499596116
25929,Neutral,0.5034241424124171,0.01881184808875462,0.4777640094988283
25930,LOF,0.05453818501863247,0.013260094214246168,0.9322017207671214
25931,LOF,0.033106225763258716,0.0170586742498672,0.949835099986874
25932,LOF,0.02760387692276358,0.015124693456264039,0.9572714296209724
25933,LOF,0.034925647526222285,0.009493368826591492,0.9555809836471862
25934,LOF,0.023702476346019113,0.01081900529410821,0.9654785183598728
25935,LOF,0.0683900227645881,0.03139580330733922,0.9002141739280727
25936,LOF,0.04472849630117729,0.01371947679469815,0.9415520269041247
25937,LOF,0.029006627859782513,0.019836204414812826,0.9511571677254046
25938,LOF,0.0713947669405025,0.03135120118462503,0.8972540318748724
25939,LOF,0.03644297462157547,0.009771342047673178,0.9537856833307513
25940,LOF,0.02620440458280861,0.36922284180425513,0.6045727536129362
25941,LOF,0.15531721919220992,0.08716752952586306,0.7575152512819271
25942,LOF,0.013106099844179896,0.03271953143406446,0.9541743687217557
25943,LOF,0.3139628085657191,0.05805981910571384,0.627977372328567
25944,Neutral,0.4874221372905557,0.03492407240586715,0.4776537903035771
25945,LOF,0.06261983846195406,0.020220309284819462,0.9171598522532264
25946,LOF,0.029528141333038764,0.14692600976938663,0.8235458488975745
25947,LOF,0.11671971794528412,0.20112750221826403,0.682152779836452
25948,LOF,0.48230361467384414,0.015804838944652205,0.5018915463815037
25949,LOF,0.09929364725091813,0.06429145250390829,0.8364149002451736
25950,GOF,0.26731990778381665,0.4516688263360175,0.28101126588016584
25951,LOF,0.2667279777836445,0.18637535310483894,0.5468966691115166
25952,LOF,0.06323598093006488,0.41388516437905254,0.5228788546908826
25953,LOF,0.1437151081688669,0.09501543531554973,0.7612694565155833
25954,Neutral,0.42268920519926373,0.2031651354195925,0.37414565938114375
25955,LOF,0.0562203682303622,0.07748617157793512,0.8662934601917027
25956,LOF,0.20281270728013925,0.06514946799676752,0.7320378247230933
25957,LOF,0.04363948479596815,0.029112422066510817,0.927248093137521
25958,LOF,0.05518499323181372,0.026433410068541698,0.9183815966996446
25959,LOF,0.0813300243284615,0.2884797432304383,0.6301902324411003
25960,LOF,0.024650174675040902,0.05378161590952507,0.921568209415434
25961,LOF,0.047268447410382164,0.032283996154694954,0.9204475564349229
25962,LOF,0.06085359396297019,0.031017470795189246,0.9081289352418405
25963,LOF,0.0515017360222108,0.17255920296946378,0.7759390610083253
25964,LOF,0.03428799148932419,0.13233591456189003,0.8333760939487859
25965,LOF,0.42497460375665114,0.0734266580879269,0.501598738155422
25966,LOF,0.39781140709015306,0.19442571466031094,0.407762878249536
25967,LOF,0.011659140739585148,0.07781050617480316,0.9105303530856118
25968,LOF,0.03483573209585443,0.41943579509601514,0.5457284728081303
25969,LOF,0.023232828278620315,0.05458506784325984,0.9221821038781199
25970,LOF,0.05664390918341724,0.05500435745655342,0.8883517333600294
25971,LOF,0.07593496413784816,0.018937004124192837,0.905128031737959
25972,LOF,0.0804165040428715,0.024408368827178974,0.8951751271299495
25973,LOF,0.08672476255420114,0.010686033294937917,0.9025892041508611
25974,LOF,0.2113247944029418,0.019643689049430077,0.7690315165476281
25975,LOF,0.043603557916100565,0.03200396753609197,0.9243924745478074
25976,LOF,0.03747722440677616,0.01984177154595189,0.942681004047272
25977,LOF,0.13323657394036573,0.1013670138518766,0.7653964122077577
25978,LOF,0.108023440220702,0.09112495358513426,0.8008516061941637
25979,LOF,0.1085508223734239,0.08547409030186305,0.8059750873247131
25980,LOF,0.1421477610689289,0.11370594030237183,0.7441462986286992
25981,LOF,0.17181457054636073,0.11073727165530663,0.7174481577983327
25982,LOF,0.3205966898775034,0.07399991035975807,0.6054033997627386
25983,LOF,0.3437794630540669,0.07678911999068011,0.579431416955253
25984,LOF,0.055370622325359733,0.06930425349350294,0.8753251241811374
25985,LOF,0.024625468561659383,0.2836002908481766,0.691774240590164
25986,LOF,0.03364008201305384,0.27762999892818235,0.6887299190587638
25987,LOF,0.07771598049166938,0.0998384619070922,0.8224455576012384
25988,LOF,0.12805475386801699,0.0767455682142954,0.7951996779176876
25989,LOF,0.02862812800621423,0.1470376390461537,0.8243342329476321
25990,LOF,0.04008977540952781,0.12209756292221767,0.8378126616682544
25991,GOF,0.16208620143524755,0.4708156569563751,0.36709814160837734
25992,LOF,0.3315964790900594,0.28832829977947677,0.3800752211304638
25993,LOF,0.024649895212581624,0.0943980306532817,0.8809520741341367
25994,LOF,0.018083893560853947,0.13058800419094338,0.8513281022482025
25995,LOF,0.02776908667288289,0.1855713565711278,0.7866595567559893
25996,GOF,0.20312941474572443,0.6167277493601482,0.1801428358941274
25997,GOF,0.09563103321206846,0.5726733076823285,0.33169565910560306
25998,Neutral,0.54631621746099,0.016301516734214948,0.43738226580479495
25999,LOF,0.11415421560925182,0.164115593320993,0.7217301910697552
26000,LOF,0.14592759634429453,0.03228775555797303,0.8217846480977323
26001,LOF,0.17893833791040228,0.03475713208650727,0.7863045300030904
26002,LOF,0.15831887062228228,0.03275770923861038,0.8089234201391072
26003,GOF,0.009766478432663973,0.6873846579830505,0.3028488635842857
26004,GOF,0.028389876910081765,0.7398026710434173,0.2318074520465009
26005,GOF,0.009113073232087722,0.5515896535769659,0.43929727319094636
26006,Neutral,0.49837654347259713,0.28762337403369775,0.21400008249370508
26007,GOF,0.01865258757766916,0.606264492412275,0.375082920010056
26008,GOF,0.021231278709302744,0.6130275548471685,0.3657411664435287
26009,GOF,0.025043919439442064,0.6677749396906169,0.30718114086994097
26010,GOF,0.024972323986048116,0.7418936362860393,0.23313403972791263
26011,GOF,0.008681492004261056,0.5546994785628904,0.43661902943284864
26012,GOF,0.016087784995417253,0.6596387902719663,0.3242734247326165
26013,GOF,0.017886611976771164,0.6933018692985614,0.28881151872466737
26014,LOF,0.05310394123482608,0.17456128669369764,0.7723347720714763
26015,LOF,0.17265462253671826,0.010339376106670581,0.8170060013566112
26016,LOF,0.2016057849391037,0.050775517526309565,0.7476186975345868
26017,LOF,0.15318140878543157,0.09235820282544645,0.754460388389122
26018,LOF,0.06763499043152131,0.04478493913539909,0.8875800704330796
26019,LOF,0.06360701596751071,0.031633776964400256,0.904759207068089
26020,LOF,0.04660928920866084,0.1201385094365707,0.8332522013547684
26021,LOF,0.03778917438415566,0.15385445160888145,0.8083563740069629
26022,LOF,0.009466382850933371,0.054812665149541265,0.9357209519995253
26023,LOF,0.08729713499292927,0.030087413586772253,0.8826154514202984
26024,LOF,0.023900680518962,0.12008303230279989,0.856016287178238
26025,LOF,0.13501848647424444,0.11744920675198266,0.7475323067737728
26026,LOF,0.27246301207985507,0.019861457246311345,0.7076755306738336
26027,LOF,0.06582248605010452,0.02208273792107056,0.9120947760288248
26028,LOF,0.1561398575014401,0.09251819400589317,0.7513419484926667
26029,LOF,0.08115006080330055,0.15705490728889632,0.7617950319078032
26030,LOF,0.03099406057962263,0.056858588422180986,0.9121473509981963
26031,LOF,0.036451353770813814,0.12421254746513953,0.8393360987640467
26032,LOF,0.07736202206352057,0.055445515266958144,0.8671924626695213
26033,LOF,0.12561913985926748,0.06317337027519297,0.8112074898655396
26034,LOF,0.05096676532476185,0.13207165166853793,0.8169615830067002
26035,LOF,0.0350522276566969,0.10976801725192074,0.8551797550913822
26036,LOF,0.04964168002355347,0.13928349316512598,0.8110748268113205
26037,LOF,0.029502120180771155,0.09297701243545703,0.8775208673837719
26038,LOF,0.07388316074539286,0.05402162367879023,0.8720952155758168
26039,LOF,0.0726682356304815,0.11618362478202639,0.8111481395874921
26040,LOF,0.2164656217765137,0.09750217026779624,0.68603220795569
26041,LOF,0.030558863682945657,0.08923229879718814,0.8802088375198662
26042,LOF,0.030115126757796894,0.09156256568476817,0.878322307557435
26043,LOF,0.07271714718626544,0.07027714349145844,0.8570057093222762
26044,LOF,0.025900358966864472,0.07196202051666145,0.9021376205164741
26045,LOF,0.08995680789473255,0.08894737737190496,0.8210958147333624
26046,LOF,0.07653383330197693,0.07448928509521133,0.8489768816028117
26047,LOF,0.1122496185819537,0.08811982333590987,0.7996305580821365
26048,LOF,0.050076936199762626,0.051163806004687014,0.8987592577955502
26049,Neutral,0.9542702279058762,0.007812896975176608,0.03791687511894706
26050,Neutral,0.9359995510865016,0.00880631828583938,0.05519413062765891
26051,LOF,0.05403649460868906,0.3734633291684584,0.5725001762228525
26052,LOF,0.07402071995838576,0.3861926383082005,0.5397866417334137
26053,LOF,0.05887095689187091,0.15692158031106446,0.7842074627970645
26054,LOF,0.0620652819063631,0.03854092024880736,0.8993937978448295
26055,LOF,0.07379079150640772,0.025078643653956397,0.9011305648396358
26056,LOF,0.06489791644432324,0.03216541721084361,0.902936666344833
26057,LOF,0.03318901241082972,0.014807999559329165,0.9520029880298411
26058,LOF,0.033311524731260526,0.013281944178303388,0.953406531090436
26059,LOF,0.2830120799349743,0.04397336935505167,0.6730145507099741
26060,LOF,0.029953063764593012,0.27232182060606747,0.6977251156293395
26061,LOF,0.020854361231281857,0.01609810249594019,0.9630475362727778
26062,LOF,0.011702172463528384,0.02681851097459976,0.9614793165618719
26063,LOF,0.0227115916275809,0.013565647125194452,0.9637227612472246
26064,LOF,0.02584655917183159,0.018952206037420587,0.9552012347907478
26065,LOF,0.025632088010524478,0.01726008017029149,0.9571078318191841
26066,LOF,0.020341868029189743,0.015182099276400119,0.9644760326944101
26067,LOF,0.026319177240782147,0.012216251913568147,0.9614645708456496
26068,LOF,0.04958847149753236,0.05713371450440643,0.8932778139980613
26069,LOF,0.2822697185587239,0.03759185880564017,0.680138422635636
26070,LOF,0.43034961791980253,0.025177228087399667,0.5444731539927978
26071,LOF,0.02250745425637408,0.017801620630045797,0.95969092511358
26072,LOF,0.024837113575692665,0.027841476846472566,0.9473214095778348
26073,LOF,0.02374575763546745,0.014254364817787352,0.9619998775467451
26074,Neutral,0.9160151205478431,0.008055148191050545,0.07592973126110643
26075,LOF,0.04424001842850841,0.025427846301479533,0.930332135270012
26076,LOF,0.04468239233087673,0.012875857869224175,0.9424417497998991
26077,LOF,0.009922022385437518,0.02706651387077331,0.9630114637437892
26078,LOF,0.014569043230617883,0.01728583319170485,0.9681451235776772
26079,LOF,0.05658378129174334,0.03091169197701004,0.9125045267312466
26080,LOF,0.05481699349562352,0.0311088001612168,0.9140742063431596
26081,LOF,0.03847380943864146,0.009836762142376927,0.9516894284189816
26082,LOF,0.018987765893567952,0.02566858226802568,0.9553436518384064
26083,LOF,0.1345211988163277,0.01784485011466642,0.8476339510690059
26084,LOF,0.028698959937223142,0.022983510036903108,0.9483175300258737
26085,LOF,0.022848945385048985,0.021378773708508825,0.9557722809064422
26086,LOF,0.024693749532462575,0.016432857933286048,0.9588733925342514
26087,LOF,0.024713596410761346,0.011640199552976663,0.963646204036262
26088,LOF,0.018588903642575125,0.0330749215206512,0.9483361748367738
26089,LOF,0.048124253756667006,0.0396401214562801,0.9122356247870528
26090,LOF,0.0457464184147248,0.031126076227740822,0.9231275053575343
26091,LOF,0.03930799018373221,0.009433766193786339,0.9512582436224815
26092,LOF,0.027509144747891883,0.012367622069445453,0.9601232331826626
26093,LOF,0.037259569880126554,0.008120147800702584,0.9546202823191707
26094,LOF,0.04323487265434647,0.01015860752329653,0.9466065198223569
26095,LOF,0.05948326809597763,0.01955913566627529,0.9209575962377471
26096,LOF,0.022755362856441565,0.013756339211580133,0.9634882979319783
26097,LOF,0.010803256367441708,0.06154020520584828,0.92765653842671
26098,LOF,0.07371622182614722,0.022323298628892534,0.9039604795449602
26099,LOF,0.02577376812601788,0.022725535935280376,0.9515006959387017
26100,LOF,0.02753950441115772,0.020495894876854062,0.9519646007119881
26101,LOF,0.05826582593850368,0.01973352210255357,0.9220006519589428
26102,LOF,0.026638330778149637,0.01613263555428557,0.9572290336675648
26103,Neutral,0.8923740476520048,0.02803806645117,0.0795878858968251
26104,LOF,0.07129313408407432,0.05196305636765322,0.8767438095482725
26105,LOF,0.23407901691105865,0.21849978596634012,0.5474211971226012
26106,LOF,0.198163555451339,0.12082221911917491,0.6810142254294861
26107,LOF,0.2779953758637499,0.09978724695609198,0.6222173771801582
26108,LOF,0.24463472093841976,0.16215849642802857,0.5932067826335516
26109,LOF,0.08346111051232094,0.1168828168124028,0.7996560726752763
26110,LOF,0.2809614051662045,0.007348467961239196,0.7116901268725564
26111,LOF,0.46291859902167626,0.01660854271675353,0.5204728582615702
26112,LOF,0.03557052073925023,0.008091193990131158,0.9563382852706187
26113,LOF,0.05520458506135383,0.013533665332720317,0.9312617496059258
26114,LOF,0.015626478177654914,0.021758938762218048,0.962614583060127
26115,LOF,0.06712475909680132,0.04505509485576134,0.8878201460474373
26116,LOF,0.04140497295865305,0.03177688625467402,0.9268181407866729
26117,LOF,0.40799790163638144,0.04713310064055005,0.5448689977230685
26118,LOF,0.043590002706280245,0.030878904532790984,0.9255310927609288
26119,LOF,0.024203610934241296,0.046424060915322356,0.9293723281504362
26120,LOF,0.0327656649343969,0.02371545501137798,0.9435188800542251
26121,LOF,0.05723312537026889,0.08266560913137895,0.8601012654983521
26122,LOF,0.05805459677815769,0.04336852386115738,0.8985768793606849
