feature0,prediction,LoGoFunc_Neutral,LoGoFunc_GOF,LoGoFunc_LOF
25546,Neutral,0.6189388271832071,0.05116786950799337,0.32989330330879957
25547,Neutral,0.5033955969889807,0.08728828013489505,0.4093161228761241
25548,Neutral,0.5208774930579337,0.07611167038345797,0.40301083655860825
25549,Neutral,0.46259422589532384,0.07610167622283814,0.46130409788183807
25550,LOF,0.40548901759693934,0.08224306572631358,0.5122679166767471
25551,LOF,0.33652562664202523,0.08989536645533878,0.573579006902636
25552,LOF,0.3109418560112688,0.10626383737461724,0.5827943066141139
25553,Neutral,0.7816351279528007,0.04582266548215263,0.1725422065650466
25554,LOF,0.3369344020042229,0.09767865151952303,0.5653869464762541
25555,LOF,0.2942387649404545,0.09899713060360665,0.6067641044559389
25556,Neutral,0.463548062308104,0.08933466204941623,0.4471172756424797
25557,LOF,0.28424212096013035,0.0943774483074718,0.6213804307323979
25558,LOF,0.34589905866229465,0.08832849562964605,0.5657724457080593
25559,LOF,0.22729128949132615,0.05599754132648401,0.7167111691821899
25560,LOF,0.08677321322506923,0.15880875708515346,0.7544180296897773
25561,LOF,0.10205735916547458,0.2383120496157045,0.659630591218821
25562,LOF,0.030678961429496995,0.11213415004964206,0.857186888520861
25563,LOF,0.006172928751034895,0.19035846448403015,0.8034686067649349
25564,LOF,0.07522044134407688,0.1195733652323307,0.8052061934235926
25565,LOF,0.18181451455057018,0.15759567537263192,0.660589810076798
25566,GOF,0.05633180717157206,0.7212408155356173,0.22242737729281079
25567,LOF,0.05529694618833922,0.15982608322247646,0.7848769705891843
25568,LOF,0.06370232365779888,0.0941610862761649,0.8421365900660363
25569,LOF,0.06688676604418525,0.08894864126723222,0.8441645926885825
25570,LOF,0.027156277101716367,0.12635128731575337,0.8464924355825302
25571,LOF,0.027054732758620078,0.1295397566148323,0.8434055106265476
25572,LOF,0.0589828059023977,0.1923386927141033,0.748678501383499
25573,LOF,0.06774992345254041,0.12870905274564504,0.8035410238018146
25574,LOF,0.07756084999848915,0.23690438545043457,0.6855347645510763
25575,LOF,0.02501293853566605,0.15315418645227594,0.8218328750120579
25576,LOF,0.026995806462408043,0.22281356961111257,0.7501906239264795
25577,LOF,0.03122504621578604,0.17855416666378213,0.7902207871204318
25578,LOF,0.32231297155136657,0.08773755678348792,0.5899494716651454
25579,LOF,0.2322967229370133,0.08849691309201987,0.6792063639709668
25580,LOF,0.024614511190282535,0.08847954940257066,0.8869059394071468
25581,LOF,0.05119545165301691,0.09868443417288929,0.8501201141740938
25582,LOF,0.050771569262935926,0.09657509313395128,0.8526533376031128
25583,LOF,0.03023287816848971,0.10272757824838291,0.8670395435831275
25584,Neutral,0.7107162688276724,0.1290062728347285,0.16027745833759913
25585,LOF,0.02428007887859016,0.19002402336216836,0.7856958977592415
25586,LOF,0.020867339882174714,0.11223267097969393,0.8668999891381315
25587,LOF,0.020927456558380863,0.10032310196990735,0.8787494414717119
25588,LOF,0.025546548370135886,0.09116405225737423,0.8832893993724898
25589,Neutral,0.543262979035316,0.23325997557083208,0.2234770453938521
25590,LOF,0.05468570683768793,0.1305437907496572,0.8147705024126549
25591,LOF,0.08702500993421199,0.08487015931804645,0.8281048307477415
25592,LOF,0.07678269520879469,0.15340198690973322,0.7698153178814721
25593,LOF,0.12590776807910184,0.30263816313131625,0.5714540687895819
25594,LOF,0.061232343834887286,0.028101285764671274,0.9106663704004415
25595,LOF,0.06659696423023859,0.019957975120937527,0.9134450606488239
25596,LOF,0.12383576843133963,0.014551486908798462,0.8616127446598619
25597,LOF,0.08623424566342172,0.01464458112683116,0.899121173209747
25598,LOF,0.05309932301249234,0.020874920552424705,0.926025756435083
25599,LOF,0.027503036006335215,0.3527524699884343,0.6197444940052304
25600,LOF,0.18659239875328118,0.3495059827583224,0.4639016184883965
25601,LOF,0.05413042881846125,0.27251207696663415,0.6733574942149047
25602,LOF,0.030770017592528568,0.07858254407822286,0.8906474383292485
25603,LOF,0.0498016611018924,0.0866800210583492,0.8635183178397584
25604,LOF,0.049347027278569676,0.13989888885626883,0.8107540838651615
25605,LOF,0.038906010268579136,0.24061112696327475,0.7204828627681462
25606,Neutral,0.41103114474895575,0.26711457728755766,0.32185427796348665
25607,LOF,0.030349342581056118,0.28457139880868804,0.6850792586102558
25608,LOF,0.03959726014458983,0.11840373961908973,0.8419990002363203
25609,GOF,0.14381601672864788,0.5998230829765187,0.25636090029483344
25610,LOF,0.01939000290426873,0.06535314043036877,0.9152568566653625
25611,LOF,0.013955183463020453,0.06885342419833307,0.9171913923386464
25612,LOF,0.046869528003430624,0.07667697881672904,0.8764534931798403
25613,LOF,0.04755615092435319,0.07224954618135139,0.8801943028942956
25614,LOF,0.02444694694788743,0.059751717521558556,0.9158013355305539
25615,LOF,0.04550110036747338,0.06663077845457291,0.8878681211779538
25616,LOF,0.062053154385646375,0.07313550393217029,0.8648113416821834
25617,LOF,0.04858339110926363,0.07917620095925379,0.8722404079314826
25618,LOF,0.04990253455023238,0.10631934079491419,0.8437781246548534
25619,LOF,0.014832899385285547,0.08407670079276344,0.9010903998219509
25620,LOF,0.05549444890976028,0.07543607197723919,0.8690694791130006
25621,LOF,0.06406971060386586,0.06762817930758794,0.8683021100885462
25622,LOF,0.07824435212104751,0.07937037109722489,0.8423852767817276
25623,LOF,0.06172925362147267,0.07974206223445053,0.8585286841440768
25624,LOF,0.02232398014680644,0.07123732866715193,0.9064386911860416
25625,LOF,0.06373011958578596,0.07517057747774653,0.8610993029364675
25626,LOF,0.050504931635812315,0.06498434845657063,0.884510719907617
25627,Neutral,0.8856200548164178,0.02165217796134784,0.09272776722223447
25628,LOF,0.1871527753478732,0.06397595564007678,0.74887126901205
25629,LOF,0.06864071337017907,0.06094262019079089,0.8704166664390302
25630,LOF,0.30656473074547785,0.07723403412417065,0.6162012351303515
25631,Neutral,0.5512090354246596,0.05587994151930444,0.3929110230560359
25632,LOF,0.03542984983312339,0.13234225165423566,0.8322278985126409
25633,LOF,0.23095695578686726,0.09280076322251743,0.6762422809906155
25634,LOF,0.043875403056055445,0.15880741695705797,0.7973171799868867
25635,LOF,0.03795641965864219,0.06789046556748773,0.89415311477387
25636,GOF,0.03439097194111881,0.5265983665424844,0.4390106615163968
25637,GOF,0.044189290936852484,0.49130382050647714,0.4645068885566704
25638,LOF,0.025892461150737105,0.4221044627605345,0.5520030760887285
25639,LOF,0.030741410755585792,0.41712151768405525,0.552137071560359
25640,Neutral,0.8293084919430462,0.11117849104361134,0.05951301701334232
25641,LOF,0.10306914807500947,0.3707578304896613,0.5261730214353293
25642,LOF,0.10223187508008677,0.16607089192924265,0.7316972329906706
25643,LOF,0.32166047647306345,0.09715480182225932,0.5811847217046773
25644,GOF,0.010656151999028746,0.6135047182318624,0.3758391297691089
25645,GOF,0.012845375555711339,0.5805773950369961,0.4065772294072925
25646,LOF,0.025574845002833975,0.3601642245547825,0.6142609304423835
25647,LOF,0.011370568678839973,0.2647130855324671,0.7239163457886929
25648,LOF,0.014262236887786566,0.3418985983596499,0.6438391647525635
25649,LOF,0.008756948818643305,0.25366240419417907,0.7375806469871776
25650,GOF,0.027278676412578216,0.5800885237168072,0.3926327998706148
25651,LOF,0.011145036976518771,0.3862439121301873,0.6026110508932939
25652,LOF,0.014951922924614022,0.4094951108222942,0.5755529662530919
25653,GOF,0.04383000778574267,0.5542542221180311,0.4019157700962262
25654,LOF,0.012763226373571655,0.2796866969293093,0.7075500766971191
25655,GOF,0.12408571653013882,0.5509196054196986,0.32499467805016263
25656,LOF,0.27450121310835396,0.07403318475925641,0.6514656021323897
25657,LOF,0.03312405354904812,0.07132271538978661,0.8955532310611652
25658,LOF,0.2914583274712743,0.10555295265441306,0.6029887198743126
25659,Neutral,0.4553318782596402,0.11153381659409983,0.4331343051462599
25660,LOF,0.02218882584431625,0.11033087479591133,0.8674802993597724
25661,LOF,0.06696554823104764,0.07444190212369821,0.8585925496452541
25662,LOF,0.027522893536534462,0.04189996738420782,0.9305771390792577
25663,LOF,0.029525254879139946,0.039707105531315304,0.9307676395895448
25664,LOF,0.1016194518722532,0.06092507742972479,0.8374554706980221
25665,LOF,0.06307630802012863,0.03362054062844879,0.9033031513514225
25666,LOF,0.07092620734123448,0.0565525755951075,0.872521217063658
25667,LOF,0.06295227606884235,0.045661835153584455,0.8913858887775732
25668,LOF,0.02936059755950095,0.05774460844066331,0.9128947939998358
25669,LOF,0.022115677712665982,0.052061152890950736,0.9258231693963832
25670,LOF,0.11873841197527835,0.04729073370484389,0.8339708543198777
25671,LOF,0.09252560801308352,0.0429466040700288,0.8645277879168877
25672,LOF,0.05293829473308971,0.051636312533196456,0.8954253927337139
25673,LOF,0.0915573040093823,0.04445339748948728,0.8639892985011305
25674,LOF,0.0888456488564116,0.06059136065725136,0.8505629904863371
25675,LOF,0.07837047817497046,0.07734041682800959,0.8442891049970199
25676,LOF,0.016812693587749904,0.06291583149226783,0.9202714749199823
25677,LOF,0.016730704888349705,0.08865511503592097,0.8946141800757295
25678,LOF,0.16258271449105857,0.11433940674413785,0.7230778787648036
25679,LOF,0.10912879542219904,0.1084000603030662,0.7824711442747347
25680,LOF,0.024519303821041588,0.13766035465744433,0.8378203415215142
25681,LOF,0.03849043121825958,0.12437129617453761,0.8371382726072027
25682,LOF,0.10987533266236282,0.07784941920394485,0.8122752481336922
25683,LOF,0.10318745962365947,0.09598077745375559,0.800831762922585
25684,LOF,0.02848012699514418,0.06389559970860788,0.907624273296248
25685,LOF,0.11897993552100514,0.08182329687724742,0.7991967676017475
25686,LOF,0.08955761489063113,0.11631439718789885,0.79412798792147
25687,LOF,0.13714920303522302,0.11063069580522454,0.7522201011595524
25688,LOF,0.3934665716017788,0.03569519458990614,0.5708382338083151
25689,LOF,0.2650569486941314,0.041070377857807004,0.6938726734480617
25690,LOF,0.33477691742189647,0.030111394210816815,0.6351116883672867
25691,Neutral,0.7002953825830668,0.03154697583494612,0.2681576415819871
25692,LOF,0.35112284771322483,0.011565262278693,0.6373118900080823
25693,GOF,0.037028495847029566,0.4906282490055349,0.47234325514743547
25694,LOF,0.11155686779697985,0.017709533005726027,0.8707335991972941
25695,LOF,0.10507957042528573,0.00822546726781756,0.8866949623068967
25696,LOF,0.128561628670479,0.011374646365144741,0.8600637249643762
25697,LOF,0.057169042167637074,0.07639823269554984,0.8664327251368131
25698,LOF,0.26687694842509696,0.22631114878322592,0.5068119027916771
25699,LOF,0.4538723798366772,0.02345008627568489,0.5226775338876378
25700,LOF,0.062216338393247125,0.008346245610144569,0.9294374159966083
25701,LOF,0.19341825724268388,0.026299935920689726,0.7802818068366264
25702,GOF,0.19011875625954136,0.6475657740563541,0.16231546968410474
25703,LOF,0.017755997149799977,0.18396848050961026,0.7982755223405897
25704,LOF,0.03704448382864274,0.15205108544894422,0.810904430722413
25705,LOF,0.043384506601958195,0.07262731555890156,0.8839881778391403
25706,LOF,0.11520458043221175,0.4192396599202063,0.4655557596475819
25707,LOF,0.09499056737200155,0.3670540927255271,0.5379553399024715
25708,LOF,0.039673346783610494,0.32738040206753005,0.6329462511488595
25709,LOF,0.08215523194047374,0.03181697217432629,0.8860277958851999
25710,LOF,0.01621580041730997,0.1249976587469754,0.8587865408357146
25711,LOF,0.021606706710163372,0.06761334472346192,0.9107799485663748
25712,LOF,0.018315891395487994,0.16955846597552068,0.8121256426289913
25713,LOF,0.018826041831063327,0.06446829589719671,0.91670566227174
25714,LOF,0.08623818755963152,0.0456220622427439,0.8681397501976246
25715,LOF,0.011628550503514124,0.09612659514282179,0.8922448543536641
25716,LOF,0.011350332815929419,0.09640293028381235,0.8922467369002582
25717,LOF,0.018607430821270612,0.05689126236979096,0.9245013068089385
25718,LOF,0.01178018635043946,0.04244334581310953,0.945776467836451
25719,LOF,0.02170396977942245,0.058181612463253686,0.9201144177573239
25720,LOF,0.02781806510282041,0.039984010969755256,0.9321979239274244
25721,LOF,0.011407174258190177,0.0552760710385681,0.9333167547032418
25722,LOF,0.01342035182824406,0.046885263642949954,0.939694384528806
25723,LOF,0.026400955137373904,0.032481772522466736,0.9411172723401593
25724,LOF,0.03631458806780798,0.06309509665589554,0.9005903152762964
25725,LOF,0.01161412337631263,0.05899965852142938,0.9293862181022581
25726,LOF,0.016998150998765144,0.07104226516722972,0.9119595838340051
25727,LOF,0.014020429783330528,0.04552721629399281,0.9404523539226767
25728,LOF,0.01055326753477807,0.06451439999836342,0.9249323324668586
25729,LOF,0.010908849581436609,0.06459088079085461,0.9245002696277088
25730,LOF,0.014521657122067618,0.06483724291280185,0.9206410999651304
25731,LOF,0.02142658251749925,0.08219252196943734,0.8963808955130635
25732,LOF,0.01311387264994894,0.043810176630877946,0.9430759507191732
25733,LOF,0.014582298416648846,0.051005594123910335,0.9344121074594408
25734,LOF,0.013045736268297074,0.10745893399102814,0.8794953297406749
25735,LOF,0.011221921752984034,0.05064708918416048,0.9381309890628555
25736,LOF,0.012247863208378703,0.05579215782440446,0.9319599789672168
25737,LOF,0.012604855059445459,0.08488268560557702,0.9025124593349776
25738,LOF,0.012867031744088406,0.08727621784004705,0.8998567504158645
25739,LOF,0.022180469396956413,0.060196707489995976,0.9176228231130475
25740,LOF,0.03197464905465995,0.09971481490321249,0.8683105360421276
25741,LOF,0.016025892455420153,0.0872056943786249,0.8967684131659549
25742,LOF,0.12432781196153113,0.062145616308525095,0.8135265717299437
25743,LOF,0.04344283665097444,0.07222524852700972,0.8843319148220158
25744,Neutral,0.6073339703064548,0.2863702771462741,0.10629575254727124
25745,LOF,0.05653972460902855,0.111617053965384,0.8318432214255874
25746,LOF,0.04191120998350934,0.1443965108478447,0.813692279168646
25747,LOF,0.016348591334469528,0.1533045097142667,0.8303468989512637
25748,LOF,0.12471975457652375,0.24654072035737157,0.6287395250661046
25749,LOF,0.02639465429649644,0.14148320452427152,0.832122141179232
25750,LOF,0.060617830951150024,0.17103518273440294,0.768346986314447
25751,LOF,0.11196620325100386,0.19511822860788747,0.6929155681411087
25752,GOF,0.11823119600810725,0.6495129674017177,0.23225583659017512
25753,LOF,0.03118598551160898,0.3672395048448795,0.6015745096435116
25754,GOF,0.018622093736966983,0.7686857266186486,0.21269217964438433
25755,LOF,0.03000998232490934,0.3613462044315798,0.6086438132435108
25756,LOF,0.06730387612444566,0.4033970053012827,0.5292991185742716
25757,GOF,0.016878632702225844,0.8700755042090957,0.11304586308867845
25758,GOF,0.02356005565950787,0.8071289161604763,0.16931102818001578
25759,GOF,0.011878000882318059,0.6694650499481115,0.3186569491695703
25760,LOF,0.01833995226681777,0.35856274950700834,0.6230972982261738
25761,GOF,0.2752685479872526,0.6302478473022429,0.09448360471050457
25762,LOF,0.056136497623486985,0.31726997952402514,0.6265935228524878
25763,LOF,0.01736954450092547,0.23938909901176852,0.743241356487306
25764,GOF,0.06997596810712378,0.6829862515186101,0.2470377803742661
25765,GOF,0.03770127848246756,0.7602646040632443,0.20203411745428815
25766,GOF,0.08348231479706905,0.7565744489411161,0.1599432362618148
25767,LOF,0.1646531073825263,0.39501678257738715,0.44033011004008643
25768,LOF,0.12419880557528773,0.03723834407248016,0.8385628503522322
25769,LOF,0.055433502646132456,0.06652928281210446,0.878037214541763
25770,LOF,0.33293547452970257,0.1128730377434186,0.5541914877268789
25771,LOF,0.0723100337393311,0.051603633601750805,0.876086332658918
25772,LOF,0.01896648620935656,0.049457631804042196,0.9315758819866014
25773,LOF,0.06500301114965602,0.06107351153112522,0.8739234773192188
25774,LOF,0.02959185050748921,0.12565877605129902,0.8447493734412118
25775,LOF,0.06890928116248277,0.05952184449920033,0.871568874338317
25776,LOF,0.07612129153277324,0.034060598197165746,0.889818110270061
25777,LOF,0.3349846768681271,0.1001817472867279,0.5648335758451449
25778,LOF,0.0706622090984657,0.04974596977914805,0.8795918211223862
25779,GOF,0.42477830394073535,0.5265507369908189,0.04867095906844568
25780,GOF,0.3623284301222257,0.5425557633863477,0.0951158064914265
25781,GOF,0.09460407348773331,0.7684522135015203,0.13694371301074643
25782,GOF,0.1711274871540362,0.7191369220040285,0.10973559084193532
25783,GOF,0.024094620297649468,0.6450407144873233,0.33086466521502744
25784,Neutral,0.548605183327231,0.4043946634644247,0.04700015320834444
25785,Neutral,0.521642243175879,0.4006594990058733,0.07769825781824773
25786,GOF,0.02788349474617912,0.6748564169791254,0.29726008827469563
25787,Neutral,0.6997519243506355,0.2590595593633438,0.041188516286020646
25788,LOF,0.052654555208815276,0.0660322827266147,0.88131316206457
25789,GOF,0.18866764931876218,0.6339764122477098,0.17735593843352798
25790,GOF,0.25313002903293325,0.6253723570801313,0.12149761388693552
25791,GOF,0.13936198350004642,0.6205960860533469,0.24004193044660663
25792,GOF,0.37241311571592634,0.4583279156115348,0.1692589686725389
25793,GOF,0.32781492843771526,0.39611506884742564,0.2760700027148591
25794,GOF,0.33645509785292,0.4293843584819978,0.23416054366508224
25795,GOF,0.059810763071508635,0.6269249848515832,0.31326425207690817
25796,Neutral,0.5239254983378535,0.3839431161531886,0.09213138550895786
25797,GOF,0.08904151110289842,0.5022778789222587,0.4086806099748428
25798,LOF,0.0111737978212403,0.48958362072735606,0.49924258145140354
25799,LOF,0.00944099512398586,0.4370730942369959,0.5534859106390183
25800,GOF,0.0472627535661121,0.5899946067940203,0.36274263963986764
25801,GOF,0.25295902250915736,0.62038216627403,0.12665881121681277
25802,GOF,0.07688527688094896,0.6069739143773627,0.3161408087416883
25803,GOF,0.0441404700815562,0.5219109819716846,0.43394854794675913
25804,LOF,0.03530060731435611,0.4382043509910103,0.5264950416946336
25805,GOF,0.09717021193405531,0.518715311037335,0.3841144770286096
25806,GOF,0.13029845572907645,0.5338165243405859,0.3358850199303377
25807,GOF,0.018861372384974377,0.5607828278104637,0.420355799804562
25808,GOF,0.09656675291300085,0.5034822242951881,0.39995102279181105
25809,GOF,0.020982033362844515,0.5580590273788119,0.4209589392583436
25810,GOF,0.021776942778272145,0.5525098065434654,0.4257132506782625
25811,Neutral,0.4936724764098759,0.4223913048784693,0.08393621871165467
25812,GOF,0.036210420968520556,0.5595189846701082,0.40427059436137114
25813,Neutral,0.5756249755444002,0.28659190570119286,0.137783118754407
25814,GOF,0.11958845981042249,0.5914088107877985,0.2890027294017789
25815,GOF,0.26781266718751634,0.5217219747044326,0.210465358108051
25816,GOF,0.019952516602130373,0.6429638254358093,0.3370836579620602
25817,GOF,0.1996682061893631,0.6521361335084245,0.14819566030221248
25818,GOF,0.03778500176275788,0.5148558380116747,0.4473591602255675
25819,GOF,0.35953257034519615,0.43352191529852824,0.20694551435627562
25820,GOF,0.1908454730147715,0.5530143230746614,0.2561402039105671
25821,GOF,0.05960870705571152,0.6297423294659914,0.3106489634782971
25822,GOF,0.2592471004659756,0.4672717444886418,0.27348115504538273
25823,LOF,0.028269279600380403,0.4372428061471746,0.5344879142524449
25824,GOF,0.07934719202853871,0.47873927747121936,0.4419135305002418
25825,GOF,0.0294019051433317,0.48812652479081425,0.4824715700658541
25826,LOF,0.010288520971453156,0.4744205747170111,0.5152909043115357
25827,GOF,0.017450017643619073,0.5275772424580821,0.4549727398982988
25828,LOF,0.011975601253391688,0.44955832735593704,0.5384660713906713
25829,GOF,0.006466223121837789,0.5230058420789134,0.47052793479924887
25830,LOF,0.03650314686435664,0.21343544558960173,0.7500614075460417
25831,GOF,0.12494512291546687,0.7068560429253956,0.1681988341591375
25832,GOF,0.03437331800518343,0.6453844251222497,0.32024225687256686
25833,GOF,0.11210521369142734,0.6321656149659657,0.2557291713426069
25834,GOF,0.03959212284216834,0.6443273832323343,0.31608049392549753
25835,GOF,0.10019683407042715,0.5834988602722767,0.3163043056572961
25836,GOF,0.04586094062836448,0.6007735012342499,0.3533655581373857
25837,LOF,0.022586976659835667,0.48257296153399815,0.4948400618061662
25838,GOF,0.08499597569859738,0.6682200745668893,0.24678394973451345
25839,GOF,0.26086118841480765,0.5107108788310788,0.22842793275411352
25840,GOF,0.21190078629943215,0.5218882349745669,0.2662109787260009
25841,GOF,0.2527980132899471,0.5118999968464226,0.23530198986363038
25842,GOF,0.1538716598083109,0.5781619280220194,0.26796641216966965
25843,GOF,0.2209312185299647,0.5982891097607032,0.18077967170933215
25844,GOF,0.05797791525610287,0.5853447325664077,0.35667735217748947
25845,LOF,0.013478081961724477,0.43692243740564846,0.5495994806326271
25846,GOF,0.07970428416001694,0.6653856004748027,0.2549101153651804
25847,GOF,0.11902769053912225,0.6775386327762654,0.20343367668461246
25848,GOF,0.03590050380202543,0.6327887898841448,0.33131070631382986
25849,GOF,0.010619039407642004,0.5248514624483714,0.4645294981439866
25850,GOF,0.027598858190582852,0.5652726380554215,0.4071285037539957
25851,LOF,0.02193680540005111,0.46435371990729324,0.5137094746926557
25852,GOF,0.1327233794045286,0.5283154016595492,0.3389612189359223
25853,GOF,0.32924233939167025,0.5727645412525761,0.09799311935575367
25854,GOF,0.01751914858450758,0.6423003899154609,0.34018046150003156
25855,GOF,0.039381354736007256,0.583495686491838,0.3771229587721547
25856,GOF,0.22722581390192936,0.531768373940755,0.24100581215731556
25857,GOF,0.03375587275265811,0.5059288844547308,0.46031524279261105
25858,GOF,0.018936602024484796,0.5441399646515613,0.43692343332395395
25859,GOF,0.009668943943615112,0.5306410566800123,0.4596899993763726
25860,GOF,0.3417727461150282,0.5339250207611468,0.12430223312382506
25861,GOF,0.35350629054573707,0.5395970093191328,0.10689670013513018
25862,GOF,0.07208038207777931,0.7617093710424747,0.166210246879746
25863,GOF,0.08244804920200029,0.761266967229369,0.1562849835686306
25864,GOF,0.15055341259526475,0.7273179715236869,0.1221286158810483
25865,GOF,0.06699044823695942,0.7526416457469604,0.18036790601608024
25866,GOF,0.06359994984381773,0.7755622409659143,0.1608378091902679
25867,GOF,0.08345865204179606,0.7778082862011867,0.1387330617570172
25868,GOF,0.2885153158675356,0.5721472821718581,0.13933740196060632
25869,Neutral,0.6870655083760998,0.26004171004805327,0.05289278157584686
25870,LOF,0.25863142947851386,0.19871431438545561,0.5426542561360305
25871,GOF,0.21361387644250435,0.6145621434117612,0.17182398014573458
25872,GOF,0.08759271028221788,0.5872446904360199,0.3251625992817621
25873,GOF,0.150519577820558,0.5751721978453026,0.27430822433413937
25874,LOF,0.02121938799911065,0.0680648293844645,0.9107157826164248
25875,LOF,0.09464756261423142,0.052578367374242645,0.8527740700115258
25876,LOF,0.02524104295777581,0.06273845658308043,0.9120205004591437
25877,Neutral,0.5013857456320572,0.054678845942223046,0.4439354084257199
25878,LOF,0.21722577025590373,0.09754756651152992,0.6852266632325664
25879,LOF,0.09124090544473057,0.1383295554780283,0.7704295390772411
25880,LOF,0.023903628597340305,0.02637160857116162,0.949724762831498
25881,LOF,0.18269094304323383,0.26413294425828393,0.5531761126984823
25882,LOF,0.07775192254712508,0.01772049023423192,0.904527587218643
25883,LOF,0.08651098666133368,0.038455840618485004,0.8750331727201812
25884,LOF,0.04616884586739712,0.04779294815416708,0.9060382059784359
25885,LOF,0.05682928109930502,0.026463608250424344,0.9167071106502707
25886,LOF,0.38833648030229034,0.085401704944225,0.5262618147534847
25887,LOF,0.18847911310116017,0.1449533145647463,0.6665675723340935
25888,LOF,0.07402953197792082,0.1329840442917015,0.7929864237303776
25889,LOF,0.048555620484805585,0.041169020761894305,0.9102753587533
25890,LOF,0.05666702105697655,0.15515093455136694,0.7881820443916566
25891,LOF,0.055378534436997605,0.06033019786177093,0.8842912677012313
25892,LOF,0.1056504746014872,0.02318827324862355,0.8711612521498893
25893,LOF,0.2996938061045472,0.017255851165382165,0.6830503427300706
25894,LOF,0.16374556625115477,0.009200015419632397,0.8270544183292129
25895,LOF,0.2166477794597986,0.02153149944559412,0.7618207210946072
25896,LOF,0.04452868715761196,0.02110275544086924,0.9343685574015189
25897,LOF,0.24826656919883613,0.016832330408169338,0.7349011003929945
25898,Neutral,0.773951098716125,0.011363508171656917,0.21468539311221807
25899,LOF,0.30067231552458074,0.03881993457287252,0.6605077499025468
25900,Neutral,0.5001525062110502,0.017594389318483138,0.4822531044704666
25901,LOF,0.058008988540714346,0.012751920851719776,0.9292390906075659
25902,LOF,0.1852640256040983,0.009350999630065226,0.8053849747658365
25903,Neutral,0.5633258208996035,0.02957770251126661,0.40709647658912984
25904,LOF,0.25821719086550216,0.04233921462020271,0.6994435945142952
25905,LOF,0.029825673140666354,0.29641668991219217,0.6737576369471414
25906,LOF,0.02607065843574983,0.0648250400177781,0.909104301546472
25907,LOF,0.014332671509124654,0.3130191812731274,0.6726481472177479
25908,LOF,0.013861104631956774,0.20888150331894892,0.7772573920490944
25909,LOF,0.014813520565821402,0.13861718714569865,0.8465692922884799
25910,LOF,0.046954289604433284,0.17224886552929095,0.7807968448662758
25911,LOF,0.12353991492793863,0.052696246961008164,0.8237638381110531
25912,LOF,0.03669944754170713,0.0823903025825958,0.880910249875697
25913,LOF,0.2923470929245699,0.03333937357483184,0.6743135335005983
25914,LOF,0.02564150550464269,0.13891697024404367,0.8354415242513136
25915,Neutral,0.39677062740330454,0.236293464790884,0.36693590780581153
25916,LOF,0.05905469369251997,0.2745620266474004,0.6663832796600796
25917,LOF,0.06799582997471805,0.05845589530482605,0.8735482747204559
25918,LOF,0.03201684981059344,0.08596457260383107,0.8820185775855756
25919,LOF,0.027708505108895616,0.09502326722615054,0.8772682276649538
25920,GOF,0.09622115823009525,0.5751905086508851,0.32858833311901975
25921,LOF,0.031964425344285806,0.030210200417364226,0.93782537423835
25922,LOF,0.045762773070129006,0.020215172519189258,0.9340220544106818
25923,LOF,0.44149664673860123,0.018764923708562992,0.5397384295528357
25924,LOF,0.039789258934326534,0.026504727781449376,0.9337060132842241
25925,LOF,0.07531245067223824,0.030502475492394626,0.8941850738353672
25926,LOF,0.054181192230204483,0.02142840798398316,0.9243903997858124
25927,LOF,0.08027669116697367,0.05217716321496821,0.8675461456180582
25928,LOF,0.024362205028834034,0.02349383760691653,0.9521439573642494
25929,Neutral,0.5687599296874201,0.021440740238319683,0.4097993300742603
25930,LOF,0.07147612612356526,0.015791328972584565,0.9127325449038503
25931,LOF,0.03282101199395644,0.017037467124875628,0.950141520881168
25932,LOF,0.03349443859593271,0.01570098359054324,0.950804577813524
25933,LOF,0.041747485822651156,0.010608153707344439,0.9476443604700043
25934,LOF,0.027358958361678197,0.012226596021399213,0.9604144456169227
25935,LOF,0.07466374166478285,0.028899819400273113,0.8964364389349441
25936,LOF,0.04928029177376464,0.016396271377473882,0.9343234368487614
25937,LOF,0.034155050772896295,0.025215663253933537,0.9406292859731701
25938,LOF,0.07095317861699982,0.03420667939624888,0.8948401419867513
25939,LOF,0.044668762941210485,0.011480509731047101,0.9438507273277424
25940,LOF,0.02409035842142472,0.3785040517794609,0.5974055897991143
25941,LOF,0.14287216295446634,0.09274139861457256,0.7643864384309611
25942,LOF,0.013251503638374249,0.037982104465229864,0.9487663918963959
25943,LOF,0.3124094365312943,0.09632078539191558,0.5912697780767902
25944,Neutral,0.5244819964400874,0.05735698388642399,0.41816101967348857
25945,LOF,0.06234813063749543,0.02889982012201865,0.9087520492404859
25946,LOF,0.03023829786815197,0.16551103554392885,0.8042506665879192
25947,LOF,0.12798809301523753,0.16664853007898225,0.7053633769057802
25948,LOF,0.4208179667227675,0.01620753283718436,0.5629745004400483
25949,LOF,0.0924663094813386,0.07102184021230154,0.8365118503063599
25950,GOF,0.20240394040400703,0.4667587831400758,0.3308372764559171
25951,LOF,0.27466957130690334,0.19954295848450906,0.5257874702085876
25952,LOF,0.0556827105797856,0.46151025998785156,0.4828070294323629
25953,LOF,0.14597969280737277,0.11036928985286863,0.7436510173397586
25954,LOF,0.32530901854125843,0.26032151745591386,0.4143694640028277
25955,LOF,0.06136115114393064,0.07890663182969834,0.859732217026371
25956,LOF,0.2025142506560906,0.06079620982501411,0.7366895395188952
25957,LOF,0.05032344610410224,0.026236329895329792,0.923440224000568
25958,LOF,0.058897268507960114,0.03433022088663812,0.9067725106054018
25959,LOF,0.06361573582473179,0.44233629921964274,0.49404796495562536
25960,LOF,0.023148841343626828,0.060675518970519544,0.9161756396858536
25961,LOF,0.04855875879777192,0.04311323101673859,0.9083280101854895
25962,LOF,0.06914810112732578,0.033825212646101194,0.8970266862265731
25963,LOF,0.05644779189412788,0.1807072327003589,0.7628449754055131
25964,LOF,0.03862398943089672,0.17946053947923182,0.7819154710898715
25965,Neutral,0.4791238491196219,0.07696763073514622,0.44390852014523197
25966,Neutral,0.3851544394284859,0.32908157744478544,0.2857639831267287
25967,LOF,0.015896715466006107,0.10988189655965652,0.8742213879743375
25968,LOF,0.03898538410466404,0.4391005454419136,0.5219140704534223
25969,LOF,0.029895573535869868,0.05845415834708516,0.911650268117045
25970,LOF,0.06520250121304062,0.053121177004899656,0.8816763217820598
25971,LOF,0.08772456709727622,0.025132012013071813,0.8871434208896519
25972,LOF,0.08581824214809802,0.03790480553647627,0.8762769523154257
25973,LOF,0.08390080518931514,0.010658862270935463,0.9054403325397494
25974,LOF,0.26254478730483416,0.01857840309376536,0.7188768096014004
25975,LOF,0.05140401983128316,0.030603971457185453,0.9179920087115314
25976,LOF,0.03343097933425857,0.027434259860655976,0.9391347608050854
25977,LOF,0.1476866229713087,0.12425110052645066,0.7280622765022406
25978,LOF,0.11911664795788307,0.14987072079155017,0.7310126312505668
25979,LOF,0.12004776355915876,0.12326800785429319,0.7566842285865479
25980,LOF,0.13989499178167014,0.19692020333333884,0.663184804884991
25981,LOF,0.1726530011827026,0.19179346412043619,0.6355535346968612
25982,LOF,0.3707151718308016,0.12327245588604512,0.5060123722831533
25983,LOF,0.3564693508320859,0.1159131519474631,0.5276174972204509
25984,LOF,0.05645754577480192,0.10047332865507157,0.8430691255701266
25985,LOF,0.019565851254014575,0.3230884219095859,0.6573457268363996
25986,LOF,0.024552187989940702,0.31379543052115066,0.6616523814889087
25987,LOF,0.08558537655766431,0.1093423843409558,0.8050722391013799
25988,LOF,0.12281542141821677,0.09440729847950284,0.7827772801022803
25989,LOF,0.0257044098302148,0.15130422762085982,0.8229913625489255
25990,LOF,0.03659911080272073,0.12690032094508502,0.8365005682521943
25991,LOF,0.12428116577887212,0.4243171739053395,0.4514016603157883
25992,LOF,0.30258841345462134,0.26830034337801045,0.42911124316736815
25993,LOF,0.023984564990384302,0.11131947321868864,0.8646959617909271
25994,LOF,0.01613362533113415,0.13385590335965994,0.8500104713092058
25995,LOF,0.025659400410218303,0.1709281738508636,0.8034124257389181
25996,GOF,0.17953133746922856,0.5651454778762149,0.25532318465455656
25997,GOF,0.07059229542423438,0.535743785717971,0.3936639188577946
25998,Neutral,0.5915768662368935,0.02256997307193165,0.3858531606911749
25999,LOF,0.13876877471288138,0.1294550845948862,0.7317761406922324
26000,LOF,0.11001907532015436,0.03374585727723864,0.8562350674026069
26001,LOF,0.1826277620370702,0.03589744704758887,0.781474790915341
26002,LOF,0.13337344798383247,0.03519681934874257,0.831429732667425
26003,GOF,0.01059037169059461,0.7011618196741429,0.2882478086352626
26004,GOF,0.024571445922993946,0.7469696650674732,0.22845888900953287
26005,GOF,0.01021161018626003,0.6059709464880736,0.3838174433256665
26006,Neutral,0.5093479016687643,0.3227590096488616,0.167893088682374
26007,GOF,0.017004286142247964,0.6644534364500017,0.3185422774077505
26008,GOF,0.020320769789070936,0.6597847555823328,0.3198944746285962
26009,GOF,0.032021479046374465,0.7408120456442575,0.227166475309368
26010,GOF,0.02284537802216902,0.7966804849317131,0.1804741370461179
26011,GOF,0.009791865946847805,0.5696117549322488,0.4205963791209033
26012,GOF,0.019404595190916054,0.6633859330363455,0.31720947177273845
26013,GOF,0.014874711532738233,0.749274700024531,0.23585058844273085
26014,LOF,0.039685498375057186,0.22643541689552082,0.733879084729422
26015,LOF,0.18763840380134278,0.008696950544751588,0.8036646456539056
26016,LOF,0.26831473928065186,0.04065150948045335,0.6910337512388948
26017,LOF,0.17878902781669223,0.08338204413365312,0.7378289280496545
26018,LOF,0.07599813836583257,0.029419271322333313,0.8945825903118342
26019,LOF,0.07613651669977627,0.022137845660181125,0.9017256376400425
26020,LOF,0.05423474109996918,0.1198976009321947,0.825867657967836
26021,LOF,0.050837611676244863,0.15978338465535596,0.7893790036683992
26022,LOF,0.009478233661414617,0.07121599551857435,0.919305770820011
26023,LOF,0.11537962869230266,0.020798266564675226,0.863822104743022
26024,LOF,0.02892129214349534,0.11493955394774057,0.856139153908764
26025,LOF,0.13447190036074025,0.09344085997226795,0.7720872396669918
26026,LOF,0.3129747120924286,0.016004925790392577,0.6710203621171789
26027,LOF,0.07430652095018754,0.015485007610177558,0.9102084714396349
26028,LOF,0.17654962072042116,0.10582532447427964,0.7176250548052993
26029,LOF,0.10531312708659815,0.16199686128650598,0.732690011626896
26030,LOF,0.03223709693820237,0.06741282708019551,0.9003500759816021
26031,LOF,0.040030744209903185,0.13937961148818898,0.8205896443019078
26032,LOF,0.08157073488907725,0.05899228483990736,0.8594369802710153
26033,LOF,0.1491085471687215,0.060796692136883886,0.7900947606943945
26034,LOF,0.06139971846334599,0.1308087861071741,0.8077914954294799
26035,LOF,0.04074307324212571,0.11461259818836259,0.8446443285695117
26036,LOF,0.06305664150140032,0.1369668215056437,0.799976536992956
26037,LOF,0.03282666777943205,0.1100069705791096,0.8571663616414582
26038,LOF,0.07689539191248294,0.05362012212980861,0.8694844859577084
26039,LOF,0.08269845929088301,0.12263674824737972,0.7946647924617374
26040,LOF,0.23862462831916598,0.09020272103696801,0.671172650643866
26041,LOF,0.03229360561705169,0.10096732551506334,0.8667390688678851
26042,LOF,0.03244122955535027,0.10429428166158676,0.863264488783063
26043,LOF,0.07498377902158257,0.0701233099298039,0.8548929110486135
26044,LOF,0.030560264305786063,0.07149953123795534,0.8979402044562587
26045,LOF,0.10041393543162962,0.09294412886252477,0.8066419357058456
26046,LOF,0.07958155359154595,0.07194750198702833,0.8484709444214257
26047,LOF,0.11044202343158252,0.08099353255637382,0.8085644440120437
26048,LOF,0.05779135411726762,0.05557552409800379,0.8866331217847285
26049,Neutral,0.9506804235956071,0.009763231495482314,0.03955634490891071
26050,Neutral,0.9356153667459526,0.010911889505648961,0.053472743748398506
26051,LOF,0.04706009164576032,0.4681257297770873,0.4848141785771523
26052,GOF,0.06087747589475146,0.476698380546104,0.46242414355914463
26053,LOF,0.057817510117707166,0.256816540436619,0.6853659494456739
26054,LOF,0.05896613965742002,0.04925692370115373,0.8917769366414262
26055,LOF,0.07690888048151921,0.03785851905920917,0.8852326004592715
26056,LOF,0.06898987065687114,0.046474432138076886,0.884535697205052
26057,LOF,0.033804102108826145,0.019438542532974234,0.9467573553581996
26058,LOF,0.034275224054027886,0.0175021006158782,0.948222675330094
26059,LOF,0.2709773510369487,0.059257512224352604,0.6697651367386988
26060,LOF,0.028001345826719794,0.3499023338772082,0.6220963202960721
26061,LOF,0.01963956560364112,0.027744463935694606,0.9526159704606642
26062,LOF,0.012387446329594166,0.040067331957211454,0.9475452217131943
26063,LOF,0.02244755356371275,0.020776452926143496,0.9567759935101439
26064,LOF,0.026837682734076863,0.026517982753616904,0.9466443345123062
26065,LOF,0.02670787287283572,0.023429200261835266,0.9498629268653291
26066,LOF,0.021153002161188206,0.022891424324818745,0.9559555735139931
26067,LOF,0.02695387447009839,0.017309974160981678,0.9557361513689199
26068,LOF,0.04843488086013095,0.06033475306708062,0.8912303660727885
26069,LOF,0.2752666605421986,0.04905658399286924,0.6756767554649321
26070,LOF,0.3826749512771797,0.029729780329521595,0.5875952683932987
26071,LOF,0.023392671853205965,0.025660498490997746,0.9509468296557962
26072,LOF,0.026844506761376643,0.039847981332321036,0.9333075119063022
26073,LOF,0.025678059679393624,0.02136430148772953,0.9529576388328768
26074,Neutral,0.9331261015226763,0.00819202570809483,0.058681872769228836
26075,LOF,0.04492606342119911,0.033011228485384035,0.9220627080934167
26076,LOF,0.04563094908259629,0.016978449899099732,0.937390601018304
26077,LOF,0.009917646867444988,0.04461237340566609,0.9454699797268891
26078,LOF,0.01685915106675931,0.02472852366843177,0.9584123252648089
26079,LOF,0.0527165614811909,0.035078522660388176,0.9122049158584209
26080,LOF,0.0527165614811909,0.035078522660388176,0.9122049158584209
26081,LOF,0.03694255123559201,0.014184941569867753,0.9488725071945402
26082,LOF,0.01969178596816597,0.04047777649831871,0.9398304375335154
26083,LOF,0.14345869213600032,0.023682773031451568,0.8328585348325481
26084,LOF,0.02637068650361655,0.03365525260573616,0.9399740608906473
26085,LOF,0.023132972809447958,0.030813006301613845,0.9460540208889382
26086,LOF,0.023134690689252443,0.025008493736593994,0.9518568155741536
26087,LOF,0.02557627242075213,0.017154482384987006,0.9572692451942608
26088,LOF,0.019980571180832574,0.041093080293028134,0.9389263485261394
26089,LOF,0.047587255231341656,0.04341595087626766,0.9089967938923906
26090,LOF,0.046277849225347924,0.03551705030191813,0.918205100472734
26091,LOF,0.0423403156028237,0.012011347760600486,0.9456483366365757
26092,LOF,0.02947474549976573,0.01816440643685077,0.9523608480633835
26093,LOF,0.04274585863010905,0.01221170384725934,0.9450424375226316
26094,LOF,0.04969988904913721,0.011109117116012583,0.93919099383485
26095,LOF,0.05531865635888865,0.032939578562801615,0.9117417650783097
26096,LOF,0.017372433874515678,0.025018562963824646,0.9576090031616598
26097,LOF,0.0111642063969364,0.08976160827204005,0.8990741853310235
26098,LOF,0.06682211160943992,0.031219692470963897,0.9019581959195961
26099,LOF,0.02674684194943522,0.0303059461938092,0.9429472118567557
26100,LOF,0.028336872170031835,0.02821923970406718,0.9434438881259011
26101,LOF,0.058384365609282896,0.026341919632576778,0.9152737147581403
26102,LOF,0.028118787484069954,0.022357544963825263,0.9495236675521047
26103,Neutral,0.8890665255080729,0.03686444498048146,0.07406902951144567
26104,LOF,0.06813318476211791,0.056368301169958286,0.8754985140679238
26105,LOF,0.21455022609501026,0.28147485013597606,0.5039749237690136
26106,LOF,0.18507579918243097,0.13919650060157468,0.6757277002159943
26107,LOF,0.22264436970948648,0.12913393998457803,0.6482216903059355
26108,LOF,0.2476569472297995,0.16366395371874126,0.5886790990514593
26109,LOF,0.05365867734927231,0.13882434729341486,0.8075169753573128
26110,LOF,0.2825356148548251,0.011490876082200402,0.7059735090629745
26111,LOF,0.4769103861473595,0.025490900829850883,0.4975987130227895
26112,LOF,0.03693834902006783,0.01336443980079057,0.9496972111791416
26113,LOF,0.054817390053640225,0.021612906935657743,0.9235697030107021
26114,LOF,0.01909267421459063,0.0257266549736722,0.9551806708117372
26115,LOF,0.09095623652912305,0.03768988932316399,0.871353874147713
26116,LOF,0.04716311750082786,0.045024417456565546,0.9078124650426066
26117,LOF,0.3370083515892699,0.07776669812692458,0.5852249502838054
26118,LOF,0.03591488012502451,0.04581319529991203,0.9182719245750636
26119,LOF,0.021427482100754788,0.06035480892913814,0.9182177089701071
26120,LOF,0.02764307338244881,0.029676540192963192,0.942680386424588
26121,LOF,0.062211561299390525,0.1030753210754743,0.8347131176251352
26122,LOF,0.06376032040994191,0.04784561043596785,0.8883940691540902
