feature0,prediction,LoGoFunc_Neutral,LoGoFunc_GOF,LoGoFunc_LOF
25546,Neutral,0.6107691945458765,0.050440092632605266,0.3387907128215182
25547,Neutral,0.4678673731821272,0.08864149241461435,0.44349113440325844
25548,Neutral,0.48272777603796896,0.07129532041896237,0.4459769035430686
25549,LOF,0.41016197826931206,0.07165732591089473,0.5181806958197932
25550,LOF,0.3492858962410618,0.10093286616594707,0.5497812375929911
25551,LOF,0.310588373870557,0.11006187000799918,0.5793497561214438
25552,LOF,0.2713622923430662,0.11367265187221116,0.6149650557847226
25553,Neutral,0.791027640207305,0.038998196257884546,0.16997416353481054
25554,LOF,0.3077906270783484,0.10214645253962835,0.5900629203820232
25555,LOF,0.26341865428042316,0.09352398332758566,0.6430573623919912
25556,LOF,0.43575990387630537,0.08336276480748292,0.48087733131621174
25557,LOF,0.25373666749866425,0.09871510228336121,0.6475482302179746
25558,LOF,0.30041189878160157,0.09623291163263656,0.6033551895857618
25559,LOF,0.2750658039322736,0.12622902672780298,0.5987051693399235
25560,LOF,0.16852465451552323,0.11130015513132802,0.7201751903531487
25561,LOF,0.1630085337145054,0.12541966566863755,0.7115718006168571
25562,LOF,0.07259229292152955,0.08106479999379582,0.8463429070846746
25563,LOF,0.026563729901912,0.13822770868930412,0.8352085614087839
25564,LOF,0.20782475826746463,0.12933600621673347,0.6628392355158018
25565,LOF,0.20942472308253582,0.1285144335547707,0.6620608433626934
25566,GOF,0.09707020088690861,0.6862905797055924,0.21663921940749892
25567,LOF,0.04074657560541322,0.16245354714286703,0.7967998772517197
25568,LOF,0.07052293353373316,0.09232115424738514,0.8371559122188816
25569,LOF,0.06409398954102127,0.09426469974380584,0.8416413107151729
25570,LOF,0.03029992992637588,0.11926641069182585,0.8504336593817983
25571,LOF,0.027816879557280905,0.12464336326471155,0.8475397571780076
25572,LOF,0.06757460795271888,0.134745666277475,0.7976797257698061
25573,LOF,0.06288252016817042,0.10948070949646718,0.8276367703353624
25574,LOF,0.06311251614223237,0.21485573631939708,0.7220317475383706
25575,LOF,0.024738953334977054,0.13836302770701153,0.8368980189580113
25576,LOF,0.031868288633627284,0.17164464832800141,0.7964870630383712
25577,LOF,0.03368341463627176,0.1269235203126983,0.8393930650510298
25578,LOF,0.32325051504093116,0.10925554230041225,0.5674939426586566
25579,LOF,0.14146661996372303,0.11695901649546504,0.7415743635408121
25580,LOF,0.021414887100968696,0.10053915558420896,0.8780459573148223
25581,LOF,0.05928893486206318,0.08515847285843493,0.855552592279502
25582,LOF,0.05933233550654077,0.08347701718919802,0.8571906473042612
25583,LOF,0.024050168971473423,0.10460692908133927,0.8713429019471873
25584,Neutral,0.6946291387506988,0.127205525681735,0.1781653355675661
25585,LOF,0.029072853720172025,0.1816256288472592,0.7893015174325688
25586,LOF,0.018526504768264243,0.09245637238836608,0.8890171228433696
25587,LOF,0.018214779498276275,0.0787062890887345,0.9030789314129892
25588,LOF,0.02181510066214057,0.08671974621443652,0.8914651531234228
25589,Neutral,0.5023100123536226,0.2197956926602561,0.27789429498612134
25590,LOF,0.052310345605365356,0.14504903746175757,0.802640616932877
25591,LOF,0.10376604231312514,0.07417975703343911,0.8220542006534357
25592,LOF,0.059434419811497684,0.16592125096386598,0.7746443292246363
25593,LOF,0.1579610180777469,0.2612511567053347,0.5807878252169184
25594,LOF,0.051945949043392704,0.0796031085888508,0.8684509423677566
25595,LOF,0.05026935403240317,0.055236048536001336,0.8944945974315954
25596,LOF,0.09945258702279078,0.02678767646421129,0.8737597365129979
25597,LOF,0.08145938949616158,0.03285204651935396,0.8856885639844845
25598,LOF,0.05184086506916354,0.058700967731369465,0.8894581671994671
25599,LOF,0.0207670393836158,0.46229043452542634,0.5169425260909578
25600,GOF,0.1603065197136171,0.49861909221892914,0.3410743880674539
25601,LOF,0.03796533529088825,0.368380627537593,0.5936540371715188
25602,LOF,0.029751722747498488,0.05826961836198753,0.911978658890514
25603,LOF,0.0330997776550127,0.03448711974924366,0.9324131025957437
25604,LOF,0.0314547129656888,0.06863266203151826,0.899912625002793
25605,LOF,0.0370091923189987,0.2026328587020746,0.7603579489789267
25606,LOF,0.41600146382467,0.11849767333289142,0.4655008628424386
25607,LOF,0.028367616370342855,0.17105865156156902,0.800573732068088
25608,LOF,0.03992979367124643,0.07420906601073955,0.885861140318014
25609,GOF,0.16109571253329216,0.5210631476272994,0.3178411398394084
25610,LOF,0.017189551169168756,0.025549765518498843,0.9572606833123324
25611,LOF,0.014885995467100238,0.029002133099912782,0.956111871432987
25612,LOF,0.05080391604100567,0.03994768415455216,0.9092483998044423
25613,LOF,0.0476616292894817,0.03999191500672173,0.9123464557037965
25614,LOF,0.024088522080401128,0.022330293685934633,0.9535811842336642
25615,LOF,0.04396992806289645,0.03742034619710942,0.9186097257399941
25616,LOF,0.05539277120478296,0.025609735555690894,0.9189974932395261
25617,LOF,0.04680978543578556,0.033974507508169986,0.9192157070560444
25618,LOF,0.05219617865783948,0.030683375466568765,0.9171204458755918
25619,LOF,0.014451556581561388,0.02920787781467311,0.9563405656037656
25620,LOF,0.06810581667367105,0.03759081973595825,0.8943033635903707
25621,LOF,0.059990242727260334,0.033342594606282555,0.9066671626664571
25622,LOF,0.06793563100843615,0.03208802894050212,0.8999763400510616
25623,LOF,0.07554151486445389,0.024444644479079812,0.9000138406564664
25624,LOF,0.020413509863564744,0.030067439950387728,0.9495190501860477
25625,LOF,0.06397393995740278,0.035395762446945804,0.9006302975956514
25626,LOF,0.05248302728565317,0.0384217873806414,0.9090951853337054
25627,Neutral,0.8950701705570548,0.02086658861372184,0.0840632408292232
25628,LOF,0.15511119492073455,0.06268416196965211,0.7822046431096134
25629,LOF,0.07008985195078189,0.05612973860407,0.873780409445148
25630,LOF,0.285419799495471,0.07667629314638273,0.6379039073581463
25631,Neutral,0.5576240789928548,0.06532613944957101,0.3770497815575741
25632,LOF,0.02854382125664705,0.07460632244993814,0.8968498562934148
25633,LOF,0.15066763383432877,0.04787408813320137,0.8014582780324698
25634,LOF,0.03252415594671244,0.10353474085903962,0.8639411031942479
25635,LOF,0.03777500390714815,0.04905438499960306,0.9131706110932488
25636,LOF,0.036949228823296494,0.4318296064873351,0.5312211646893683
25637,GOF,0.08638900764625487,0.47728837884627046,0.4363226135074746
25638,LOF,0.029459056788821842,0.33586905060051747,0.6346718926106606
25639,LOF,0.03212502468272077,0.37266729770253404,0.5952076776147451
25640,Neutral,0.7828236632147181,0.16964033380324323,0.04753600298203886
25641,GOF,0.06134772663088168,0.5427901238263119,0.39586214954280646
25642,LOF,0.04499003283256654,0.1921667950854794,0.7628431720819541
25643,LOF,0.19216521734537412,0.18495740192086713,0.6228773807337588
25644,LOF,0.02456340897581727,0.4794397313167981,0.4959968597073846
25645,LOF,0.02492718680790112,0.42012945627883375,0.5549433569132652
25646,LOF,0.06131860679709917,0.3344643562283899,0.6042170369745109
25647,LOF,0.030902641788726315,0.28791874148475327,0.6811786167265205
25648,LOF,0.038105055168467815,0.2802972917480924,0.6815976530834398
25649,LOF,0.01821064217691295,0.2544294524345695,0.7273599053885176
25650,LOF,0.05633521285990315,0.43294618177946603,0.5107186053606307
25651,LOF,0.019144389078285588,0.32066640106193417,0.6601892098597802
25652,LOF,0.037567915322513204,0.2866325803763041,0.6757995043011826
25653,LOF,0.088952436260826,0.4397656144931602,0.47128194924601374
25654,LOF,0.02872932454789933,0.27054828475137616,0.7007223907007245
25655,GOF,0.2275934914119078,0.4440849788515695,0.32832152973652273
25656,LOF,0.3791994312115784,0.0885809881317493,0.5322195806566724
25657,LOF,0.06286401380105709,0.08093048966397323,0.8562054965349698
25658,LOF,0.3760791850910039,0.08835226929064094,0.5355685456183552
25659,Neutral,0.5515896014200972,0.11465730432652173,0.3337530942533811
25660,LOF,0.022760771722714273,0.08319087038836767,0.894048357888918
25661,LOF,0.0990891425363241,0.05835952116990808,0.8425513362937679
25662,LOF,0.036370038666785974,0.03226121606786074,0.9313687452653533
25663,LOF,0.046497944260548665,0.04603192607731469,0.9074701296621368
25664,LOF,0.13610712470403155,0.06337419849557521,0.8005186768003932
25665,LOF,0.056939109497904525,0.032405118434984906,0.9106557720671107
25666,LOF,0.09734435187681581,0.06851367889110672,0.8341419692320775
25667,LOF,0.07670856667951749,0.03956296418549482,0.8837284691349877
25668,LOF,0.039619430661532486,0.04637266689817794,0.9140079024402896
25669,LOF,0.03320796754697935,0.047068736939669356,0.9197232955133513
25670,LOF,0.14558250483843713,0.060054485717119285,0.7943630094444435
25671,LOF,0.11980737882931485,0.035183961465288224,0.845008659705397
25672,LOF,0.05255149412060263,0.042511120506745645,0.9049373853726518
25673,LOF,0.08465155796637786,0.05118264860687033,0.8641657934267519
25674,LOF,0.07179985021582776,0.05897878697534118,0.8692213628088311
25675,LOF,0.11394892213389092,0.05834704622024075,0.8277040316458683
25676,LOF,0.020528748697273832,0.05420146949244109,0.9252697818102851
25677,LOF,0.027512286742155438,0.0687507487278309,0.9037369645300136
25678,LOF,0.20978762454422706,0.05986863342039852,0.7303437420353744
25679,LOF,0.12461802410295249,0.07692851396204643,0.7984534619350011
25680,LOF,0.03580591762235359,0.11898891373723015,0.8452051686404163
25681,LOF,0.05769323613260457,0.10782237332754607,0.8344843905398495
25682,LOF,0.1527350291342604,0.07000748575633804,0.7772574851094016
25683,LOF,0.11503510527656231,0.09025126626235169,0.7947136284610861
25684,LOF,0.04814943341694612,0.07133815487862025,0.8805124117044337
25685,LOF,0.13664763325665455,0.05700077796620872,0.8063515887771366
25686,LOF,0.07847420417751425,0.09403198791863089,0.8274938079038548
25687,LOF,0.1191035025203857,0.10024552022557891,0.7806509772540353
25688,LOF,0.3454882321296989,0.03400377710210283,0.6205079907681982
25689,LOF,0.25164476358496957,0.03844816567879199,0.7099070707362385
25690,LOF,0.3439104239817202,0.031780586750760904,0.6243089892675189
25691,Neutral,0.7243064921430313,0.024230351026013956,0.25146315683095466
25692,LOF,0.3377784198642619,0.009655750136859466,0.6525658299988786
25693,LOF,0.05072091627535238,0.4177914883445511,0.5314875953800965
25694,LOF,0.1142070388583702,0.015489136280265886,0.8703038248613639
25695,LOF,0.11517670202354352,0.0147384903636931,0.8700848076127633
25696,LOF,0.14822439406936075,0.008909848616724262,0.8428657573139149
25697,LOF,0.08634276410820844,0.047156917029011126,0.8665003188627806
25698,LOF,0.35691277905053737,0.16564587874296596,0.4774413422064967
25699,LOF,0.45107541735843587,0.0418289341608791,0.507095648480685
25700,LOF,0.07707089983586705,0.009473778918003065,0.9134553212461299
25701,LOF,0.16420241193263968,0.05378098090010732,0.782016607167253
25702,GOF,0.18414811035784276,0.5692493859104324,0.2466025037317249
25703,LOF,0.0159732502529017,0.16100125346440378,0.8230254962826945
25704,LOF,0.0415569089427731,0.1047774480595185,0.8536656429977085
25705,LOF,0.05427213435471743,0.16133855284545157,0.7843893127998309
25706,LOF,0.09993421147341025,0.42341886313356597,0.47664692539302383
25707,LOF,0.09220024949462972,0.35499248201773403,0.5528072684876362
25708,LOF,0.03144204045944514,0.3131723849761838,0.6553855745643711
25709,LOF,0.06713536042348454,0.043819797285423824,0.8890448422910915
25710,LOF,0.013174474285213046,0.158610972290384,0.828214553424403
25711,LOF,0.02087399315399254,0.10179422121565442,0.8773317856303531
25712,LOF,0.015306184629608373,0.19984453424596307,0.7848492811244285
25713,LOF,0.019880379573184708,0.09134631487205964,0.8887733055547556
25714,LOF,0.08045789888585672,0.08566649829551723,0.833875602818626
25715,LOF,0.011675140340784705,0.1603111956479415,0.8280136640112737
25716,LOF,0.013252333323880119,0.12514183114514568,0.8616058355309743
25717,LOF,0.01296059814469882,0.08745309255755421,0.8995863092977469
25718,LOF,0.012960900094373649,0.10907456012856083,0.8779645397770656
25719,LOF,0.018902406786487642,0.08776798957218139,0.893329603641331
25720,LOF,0.024719297780425944,0.0744434062739405,0.9008372959456336
25721,LOF,0.01542180684304109,0.13713007609626437,0.8474481170606947
25722,LOF,0.014513236380346474,0.14301789502979503,0.8424688685898585
25723,LOF,0.0234205930630288,0.04834780142762167,0.9282316055093496
25724,LOF,0.03217116683669044,0.09845126598082654,0.869377567182483
25725,LOF,0.0122401162697546,0.07764947083906285,0.9101104128911826
25726,LOF,0.01585599501243821,0.12854635359635433,0.8555976513912074
25727,LOF,0.01354583579939698,0.09570308702607082,0.8907510771745322
25728,LOF,0.010402913591769583,0.13887928708531966,0.8507177993229107
25729,LOF,0.011026672998525465,0.1368124762614703,0.8521608507400041
25730,LOF,0.014953554620369307,0.09602789332633783,0.8890185520532929
25731,LOF,0.02050908767893942,0.11713567625998601,0.8623552360610746
25732,LOF,0.015270676920292265,0.09163450125548206,0.8930948218242256
25733,LOF,0.01636602610832119,0.08142284020100596,0.9022111336906729
25734,LOF,0.012090548418469828,0.13178009952797967,0.8561293520535505
25735,LOF,0.014085875587735011,0.10070643462412558,0.8852076897881394
25736,LOF,0.015187625477227091,0.1084920278057138,0.8763203467170592
25737,LOF,0.012462740727365055,0.09324619046340948,0.8942910688092255
25738,LOF,0.012775453228484203,0.11391593022928383,0.873308616542232
25739,LOF,0.02194733101936265,0.08070404912111233,0.897348619859525
25740,LOF,0.027766180468762114,0.12261867595237451,0.8496151435788635
25741,LOF,0.016294212558783047,0.1326487170558403,0.8510570703853766
25742,LOF,0.1286173675258302,0.09045353511762388,0.7809290973565458
25743,LOF,0.0345407671702885,0.03641166966869129,0.9290475631610202
25744,Neutral,0.5800837807032357,0.18424122730540743,0.2356749919913569
25745,LOF,0.07513119194551329,0.06529093816692715,0.8595778698875596
25746,LOF,0.046468129982767725,0.07975930057386015,0.873772569443372
25747,LOF,0.02193228491491752,0.052978280070268405,0.9250894350148141
25748,LOF,0.09080831431733145,0.07717338822906,0.8320182974536084
25749,LOF,0.026793358164337464,0.07715600644712131,0.8960506353885412
25750,LOF,0.08822529484076982,0.0797410237797119,0.8320336813795183
25751,LOF,0.09252105900343227,0.08871954415847204,0.8187593968380957
25752,GOF,0.11645916467745536,0.6492337918694802,0.23430704345306458
25753,LOF,0.020182017692839848,0.2649402567509926,0.7148777255561675
25754,GOF,0.012730724946557569,0.7799701064458449,0.20729916860759764
25755,LOF,0.023702194962360645,0.37645872741478453,0.5998390776228548
25756,LOF,0.048173001743058,0.3368074447909726,0.6150195534659695
25757,GOF,0.016727165766285503,0.8418273115043653,0.14144552272934915
25758,GOF,0.03130970885270225,0.8148715767311677,0.15381871441613004
25759,GOF,0.012044661854106384,0.571609487717188,0.4163458504287057
25760,LOF,0.013374637294033959,0.2513062649518171,0.7353190977541488
25761,GOF,0.2651536310686818,0.6455317160574078,0.08931465287391041
25762,LOF,0.04013786661656105,0.24513332762835208,0.7147288057550868
25763,LOF,0.014580577440745906,0.19232960138958413,0.79308982116967
25764,GOF,0.07857702654902833,0.6385838008259396,0.28283917262503216
25765,GOF,0.040495148963067294,0.7548476467647635,0.20465720427216916
25766,GOF,0.07419506543738341,0.7511007804168363,0.17470415414578022
25767,GOF,0.16466311823171992,0.5297996083826035,0.3055372733856765
25768,LOF,0.11379587404265731,0.06068593808023913,0.8255181878771035
25769,LOF,0.059501905047040664,0.06205478345626371,0.8784433114966956
25770,LOF,0.323874374011402,0.1135459357958619,0.562579690192736
25771,LOF,0.04101730291377945,0.04826557789012954,0.910717119196091
25772,LOF,0.0189615363445562,0.04003504191673696,0.9410034217387069
25773,LOF,0.04444952921476821,0.10398818057623868,0.8515622902089932
25774,LOF,0.028129328617209036,0.0802817136207735,0.8915889577620175
25775,LOF,0.04736020256858865,0.04538203364397581,0.9072577637874355
25776,LOF,0.08493257793544381,0.024080098405790656,0.8909873236587655
25777,LOF,0.38392129685419757,0.05704856239310487,0.5590301407526975
25778,LOF,0.0737624303987756,0.04609960026814952,0.8801379693330749
25779,GOF,0.3689206465863368,0.587216836676436,0.04386251673722727
25780,GOF,0.325173581217214,0.6093885146493873,0.06543790413339871
25781,GOF,0.14797134513728555,0.7416227733135411,0.11040588154917332
25782,GOF,0.2135944941972131,0.7089860901687888,0.07741941563399804
25783,GOF,0.023358175990464056,0.6149037999613176,0.3617380240482182
25784,Neutral,0.4964262697537782,0.46118128808669717,0.042392442159524646
25785,GOF,0.44308181447703787,0.516384637144376,0.040533548378586234
25786,GOF,0.024803138798284764,0.7286558553312816,0.24654100587043368
25787,Neutral,0.6340504538142239,0.34066772953433155,0.025281816651444564
25788,LOF,0.053056894216979386,0.11647178221445456,0.8304713235685661
25789,GOF,0.21080069269011725,0.6617253676026761,0.12747393970720666
25790,GOF,0.23516169531519773,0.6646792044891364,0.10015910019566591
25791,GOF,0.19123750261567593,0.6655702737921609,0.14319222359216308
25792,GOF,0.38663828323650784,0.5009904547866945,0.11237126197679764
25793,GOF,0.22460115767085304,0.5472728970734763,0.22812594525567073
25794,GOF,0.3100671469722933,0.519453173277896,0.17047967974981076
25795,GOF,0.07967786565179506,0.6704479603573292,0.2498741739908758
25796,Neutral,0.5558169862103056,0.36020214300536896,0.08398087078432544
25797,GOF,0.07563086350836722,0.5158300342469323,0.40853910224470047
25798,GOF,0.009090222649561011,0.5048531066550449,0.4860566706953941
25799,LOF,0.007353980696316069,0.39551096205199326,0.5971350572516907
25800,GOF,0.032372810309156376,0.5931823299621316,0.3744448597287121
25801,GOF,0.20805736355371776,0.6560629600066997,0.13587967643958257
25802,GOF,0.0688816010529703,0.7006653729751711,0.2304530259718587
25803,GOF,0.03262372032180606,0.5763885447927759,0.390987734885418
25804,LOF,0.030218514982087247,0.462935647106762,0.5068458379111508
25805,GOF,0.09306999751153999,0.5560865138503425,0.3508434886381175
25806,GOF,0.08774170354307355,0.6001928947052658,0.31206540175166064
25807,GOF,0.017838650504383435,0.6026259554110863,0.37953539408453024
25808,GOF,0.07401762437298187,0.624705950322577,0.3012764253044412
25809,GOF,0.019054227010915886,0.5838676199948256,0.3970781529942586
25810,GOF,0.01704659105722867,0.615528303114464,0.3674251058283073
25811,GOF,0.43806142858098324,0.4894412853601985,0.07249728605881822
25812,GOF,0.03618439566048967,0.6263277963248606,0.3374878080146496
25813,Neutral,0.5114147843146202,0.3900914505024539,0.09849376518292573
25814,GOF,0.11546461283518428,0.671399273358695,0.21313611380612066
25815,GOF,0.18743900378765976,0.6239357311223449,0.18862526508999533
25816,GOF,0.020462253229688723,0.68700219915733,0.29253554761298134
25817,GOF,0.20759429728604764,0.6668095842779627,0.12559611843598967
25818,GOF,0.053953855228278155,0.6344861499424203,0.3115599948293016
25819,GOF,0.3706032503939793,0.491918038417012,0.13747871118900867
25820,GOF,0.17550450137336765,0.6107958663833725,0.21369963224325988
25821,GOF,0.05958123247281992,0.6697730118977971,0.2706457556293828
25822,GOF,0.1984361701286291,0.5758157831313321,0.22574804674003884
25823,GOF,0.03336958075438227,0.5018853985217223,0.46474502072389545
25824,GOF,0.07705623751635299,0.5834199501868818,0.3395238122967653
25825,GOF,0.03377437646607336,0.5732927243231356,0.39293289921079094
25826,GOF,0.013570549892735487,0.5421500753770803,0.44427937473018425
25827,GOF,0.022077097344333284,0.5828373054133008,0.39508559724236597
25828,GOF,0.012566739036094817,0.5109285685957806,0.47650469236812454
25829,GOF,0.006134297785609629,0.5752730373611171,0.4185926648532733
25830,LOF,0.03487176476974156,0.32199228523507384,0.6431359499951846
25831,GOF,0.19388125909816875,0.6853584323370696,0.12076030856476173
25832,GOF,0.029543215728933005,0.690578385318568,0.27987839895249916
25833,GOF,0.12230894401880425,0.7078675429581432,0.1698235130230525
25834,GOF,0.033847567537472915,0.6913999790528843,0.27475245340964277
25835,GOF,0.07312191178546737,0.7608134738691666,0.16606461434536599
25836,GOF,0.03646383190335112,0.69995931271697,0.26357685537967895
25837,GOF,0.027699690912187738,0.567785763919989,0.40451454516782326
25838,GOF,0.0979032610110416,0.7537911093431082,0.1483056296458501
25839,GOF,0.298614927553948,0.5588750218942147,0.14251005055183727
25840,GOF,0.2071038500529016,0.6433741089369732,0.14952204101012503
25841,GOF,0.2152994955919905,0.6434076703312053,0.14129283407680426
25842,GOF,0.19365323907368265,0.6700807675876943,0.1362659933386231
25843,GOF,0.2658328289122559,0.643944652626421,0.09022251846132301
25844,GOF,0.06302506761370397,0.7234137137460629,0.21356121864023325
25845,LOF,0.014534684272997235,0.47080077686671873,0.5146645388602841
25846,GOF,0.1083262058312428,0.736161500292781,0.15551229387597598
25847,GOF,0.12888289549604648,0.7611271951203943,0.10998990938355917
25848,GOF,0.03611980251209532,0.7059318880280466,0.2579483094598581
25849,GOF,0.01144783011518854,0.5773565973749915,0.41119557250982
25850,GOF,0.021935739722371683,0.6355003846417683,0.34256387563586005
25851,GOF,0.016082680878750224,0.5158373062576275,0.4680800128636223
25852,GOF,0.16025812319246224,0.5708718520678693,0.26887002473966853
25853,GOF,0.3566401734335161,0.5708354731386854,0.07252435342779848
25854,GOF,0.02015592288605106,0.6138846515438818,0.36595942557006705
25855,GOF,0.033789855065980645,0.5764216986113126,0.3897884463227068
25856,GOF,0.23528575669532645,0.5690693995602835,0.19564484374439
25857,GOF,0.033348579245690325,0.5124096638715593,0.4542417568827504
25858,GOF,0.018647270734773475,0.5243783665323323,0.45697436273289427
25859,GOF,0.010764755470068405,0.5117405534448699,0.47749469108506165
25860,GOF,0.35541943809875565,0.5614562867909394,0.08312427511030497
25861,GOF,0.40660272650534435,0.5158613328253476,0.07753594066930791
25862,GOF,0.08534386487815351,0.7705825927256035,0.14407354239624284
25863,GOF,0.08413497783273617,0.7849839270734078,0.13088109509385593
25864,GOF,0.19241763193004413,0.7268196626751152,0.08076270539484061
25865,GOF,0.08209763740947171,0.8051390829721015,0.11276327961842687
25866,GOF,0.06743993688483703,0.8024530648300463,0.13010699828511668
25867,GOF,0.08815384748010613,0.815405681812176,0.09644047070771779
25868,GOF,0.2650489026477441,0.6373708832793306,0.09758021407292536
25869,Neutral,0.6859395510323036,0.27881700733222387,0.03524344163547247
25870,GOF,0.28032564401846954,0.4041413673314921,0.3155329886500384
25871,GOF,0.20915127606133158,0.6364669647542763,0.15438175918439195
25872,GOF,0.07051547255122606,0.6449154772755304,0.2845690501732434
25873,GOF,0.1275513266031931,0.6824468167686131,0.19000185662819383
25874,LOF,0.017683949527207202,0.13175180393457475,0.850564246538218
25875,LOF,0.09338310523578938,0.03446220554762926,0.8721546892165815
25876,LOF,0.034692683581722394,0.03505038862495484,0.9302569277933227
25877,Neutral,0.526526393066613,0.036930020132039866,0.43654358680134725
25878,LOF,0.23276358024723054,0.06682561563430484,0.7004108041184646
25879,LOF,0.09353838502449444,0.08033440790585887,0.8261272070696468
25880,LOF,0.02329924990591608,0.015446484214997242,0.9612542658790867
25881,LOF,0.17135309620714306,0.09972380572081001,0.7289230980720469
25882,LOF,0.07056527274689467,0.015227210840178647,0.9142075164129267
25883,LOF,0.07929192797253451,0.017608118520364938,0.9030999535071006
25884,LOF,0.03440683085961438,0.02845799977431463,0.9371351693660711
25885,LOF,0.0642298607808641,0.010988201588961022,0.9247819376301749
25886,LOF,0.25282579529355514,0.03093338021823118,0.7162408244882136
25887,LOF,0.15952296393204815,0.058694446400497466,0.7817825896674544
25888,LOF,0.07316239294429715,0.05582679947933969,0.8710108075763633
25889,LOF,0.0448237903593173,0.019627987131870316,0.9355482225088124
25890,LOF,0.05342630500997956,0.1473641375630513,0.7992095574269691
25891,LOF,0.044246701897615884,0.05880929706613603,0.896944001036248
25892,LOF,0.09225602878840541,0.021549818696450333,0.8861941525151443
25893,LOF,0.2332926615334971,0.019262088182531598,0.7474452502839712
25894,LOF,0.18620522067760037,0.011021301960704402,0.8027734773616951
25895,LOF,0.21365096817945736,0.01752216404885017,0.7688268677716925
25896,LOF,0.04863254199058772,0.027880216762305718,0.9234872412471066
25897,LOF,0.2526222703693748,0.012069574477900531,0.7353081551527246
25898,Neutral,0.6827143571555069,0.009038447296054419,0.3082471955484387
25899,LOF,0.19346090365124657,0.0224186903052649,0.7841204060434884
25900,LOF,0.43106259804866837,0.01686352251538937,0.5520738794359423
25901,LOF,0.04656577252492313,0.013742889696345283,0.9396913377787315
25902,LOF,0.17690947195456522,0.013878409587004892,0.8092121184584299
25903,Neutral,0.541066215481249,0.025571457101797458,0.4333623274169535
25904,LOF,0.2546295905510642,0.05474217962042601,0.6906282298285097
25905,LOF,0.02264129964644915,0.30787959556132544,0.6694791047922254
25906,LOF,0.031633389295479736,0.06437794167574336,0.903988669028777
25907,LOF,0.0140578738562277,0.30812492200343927,0.677817204140333
25908,LOF,0.010264551465674765,0.22015989210246492,0.7695755564318603
25909,LOF,0.013921593593094417,0.12352950291007038,0.8625489034968353
25910,LOF,0.053027565805047853,0.13369701643015322,0.8132754177647988
25911,LOF,0.17396108759851095,0.023167455040221867,0.8028714573612672
25912,LOF,0.04470370157422672,0.0444657830678959,0.9108305153578773
25913,LOF,0.2985037603624392,0.018869231934537004,0.6826270077030238
25914,LOF,0.020753194394781273,0.07917890341109923,0.9000679021941195
25915,Neutral,0.4907471860996593,0.2762305777988711,0.2330222361014696
25916,LOF,0.06735193023380782,0.28877946044883995,0.6438686093173523
25917,LOF,0.061404122541639926,0.06202816981678739,0.8765677076415727
25918,LOF,0.027953937580626156,0.05397261754407422,0.9180734448752996
25919,LOF,0.023343490420065966,0.05870844236323073,0.9179480672167033
25920,GOF,0.11184037410047479,0.5453867477368876,0.3427728781626376
25921,LOF,0.023604122677264982,0.03199900510706937,0.9443968722156656
25922,LOF,0.03528508668326977,0.022368781520458434,0.9423461317962719
25923,LOF,0.41197497129530053,0.0232132871346733,0.5648117415700262
25924,LOF,0.03976006265349182,0.0410807673368111,0.9191591700096972
25925,LOF,0.06756269473295824,0.03100787769134685,0.9014294275756949
25926,LOF,0.05015412369619692,0.02559283657469282,0.9242530397291102
25927,LOF,0.06798355559702933,0.08536785526255453,0.8466485891404163
25928,LOF,0.019980408235926138,0.042597473158969584,0.9374221186051042
25929,Neutral,0.5209306928104753,0.02498963383882899,0.45407967335069566
25930,LOF,0.0540596640580839,0.02172557620109418,0.9242147597408219
25931,LOF,0.02747694981721111,0.024301835026614125,0.9482212151561747
25932,LOF,0.028202845622966065,0.021159980215561577,0.9506371741614724
25933,LOF,0.038984004887298494,0.015571610364148916,0.9454443847485526
25934,LOF,0.026275791830374724,0.018692919725647496,0.9550312884439777
25935,LOF,0.05946425667384662,0.0355853465727201,0.9049503967534334
25936,LOF,0.04555920645342514,0.020182740361449472,0.9342580531851254
25937,LOF,0.027947970901973023,0.03071939161633783,0.9413326374816893
25938,LOF,0.06287790502252924,0.03696052027762012,0.9001615746998506
25939,LOF,0.041092698956597146,0.01447711971321299,0.94443018133019
25940,LOF,0.032671195804238884,0.3943196776086436,0.5730091265871174
25941,LOF,0.1793484813255615,0.08307546531681372,0.7375760533576247
25942,LOF,0.015016127704527952,0.03483638339892364,0.9501474888965484
25943,LOF,0.3135404420435997,0.05873713209554379,0.6277224258608565
25944,LOF,0.48444108126842095,0.02468239299860594,0.4908765257329732
25945,LOF,0.0635254902854532,0.025367627573771156,0.9111068821407756
25946,LOF,0.027507026411834633,0.12422504254951384,0.8482679310386515
25947,LOF,0.11024454532154308,0.2051338449733137,0.6846216097051433
25948,LOF,0.4287193383158404,0.010764579067098096,0.5605160826170614
25949,LOF,0.11027038038663933,0.0374833965064016,0.8522462231069591
25950,GOF,0.26121418567516574,0.39340396405256745,0.34538185027226675
25951,LOF,0.2106231957901828,0.22620695983321126,0.5631698443766059
25952,LOF,0.04343079470234968,0.42889624635282025,0.5276729589448301
25953,LOF,0.13469675418548416,0.10212620966325218,0.7631770361512635
25954,Neutral,0.4172460047175923,0.1712090381796775,0.41154495710273015
25955,LOF,0.0526570698484593,0.07709439493403515,0.8702485352175056
25956,LOF,0.15025946109180593,0.12762157450920236,0.7221189643989917
25957,LOF,0.03749703652557731,0.03774630873987215,0.9247566547345506
25958,LOF,0.06293310912538083,0.028720056994144875,0.9083468338804742
25959,LOF,0.07147279011862234,0.3861909323088471,0.5423362775725306
25960,LOF,0.017731214640638267,0.05481590070359502,0.9274528846557667
25961,LOF,0.05278008703314591,0.03054064094106847,0.9166792720257857
25962,LOF,0.06153494259385542,0.029699297825116027,0.9087657595810287
25963,LOF,0.05061648373430019,0.1825029894991515,0.7668805267665482
25964,LOF,0.03970243620989029,0.14346021353331173,0.816837350256798
25965,LOF,0.4516960716445616,0.0813057905213406,0.4669981378340978
25966,Neutral,0.4844137906188914,0.08065501807446794,0.43493119130664054
25967,LOF,0.014192468670757241,0.04899630208080845,0.9368112292484343
25968,LOF,0.029360912512728644,0.42933516802590127,0.54130391946137
25969,LOF,0.02748582905302869,0.055823855950272186,0.9166903149966992
25970,LOF,0.06083215318183375,0.05942406714723231,0.8797437796709339
25971,LOF,0.08023901123038905,0.015402991213554276,0.9043579975560567
25972,LOF,0.07904016932887352,0.021114351008707018,0.8998454796624195
25973,LOF,0.08001774066968813,0.010968330644706405,0.9090139286856054
25974,LOF,0.19870139641021747,0.017021435464813574,0.784277168124969
25975,LOF,0.046468116592798085,0.03454010650357754,0.9189917769036243
25976,LOF,0.0384131849345662,0.01693184472912437,0.9446549703363094
25977,LOF,0.14998842246126864,0.08921643652403438,0.7607951410146969
25978,LOF,0.15020141414450086,0.07697058617263536,0.7728279996828639
25979,LOF,0.13537939463274504,0.07573909239824184,0.7888815129690132
25980,LOF,0.22598974005664305,0.09424486877652949,0.6797653911668275
25981,LOF,0.25860685995536936,0.09153058557654731,0.6498625544680834
25982,LOF,0.43184294517872446,0.05597921598972344,0.5121778388315521
25983,LOF,0.4019069441867171,0.06405800243354116,0.5340350533797417
25984,LOF,0.05197836448445729,0.04070513679309204,0.9073164987224507
25985,LOF,0.035083198027286294,0.21538887900601103,0.7495279229667027
25986,LOF,0.048277892566586475,0.2588746082451521,0.6928474991882613
25987,LOF,0.08350550775617631,0.0670309636768596,0.849463528566964
25988,LOF,0.14846213703364014,0.046522668562369376,0.8050151944039905
25989,LOF,0.031240910231906865,0.09031839212518557,0.8784406976429076
25990,LOF,0.04382849338049108,0.11033520324534991,0.845836303374159
25991,LOF,0.14329611563171515,0.3061707491750207,0.5505331351932642
25992,LOF,0.30854990526924153,0.16658071593200938,0.5248693787987492
25993,LOF,0.022750838207795537,0.0913144887009769,0.8859346730912275
25994,LOF,0.016832234822082005,0.1376498334656934,0.8455179317122246
25995,LOF,0.02520134024062244,0.2650696619430155,0.7097289978163621
25996,GOF,0.3144708604020309,0.45778412801181256,0.22774501158615665
25997,LOF,0.07869747852428075,0.4412444047136092,0.4800581167621099
25998,Neutral,0.546625101573244,0.018304119956118567,0.43507077847063746
25999,LOF,0.12021320954455189,0.11648412528947129,0.7633026651659767
26000,LOF,0.16653709106423575,0.044198846173734534,0.7892640627620298
26001,LOF,0.19618447156894003,0.04015881055014741,0.7636567178809126
26002,LOF,0.16142403924740023,0.04932801582863603,0.7892479449239637
26003,GOF,0.010662700937711461,0.5499567626385876,0.4393805364237009
26004,GOF,0.020124319085489048,0.6171722569952144,0.36270342391929655
26005,LOF,0.008623208002141612,0.41644359687146354,0.5749331951263948
26006,Neutral,0.5340747953066975,0.2132190155636597,0.2527061891296428
26007,GOF,0.021765371857228627,0.533379392348179,0.44485523579459246
26008,GOF,0.01837015050077724,0.5957885580944576,0.385841291404765
26009,GOF,0.021674683837484533,0.6439038490389961,0.33442146712351933
26010,GOF,0.029455021699382678,0.6231899913431723,0.34735498695744504
26011,LOF,0.007200391342790249,0.44430527971959854,0.5484943289376113
26012,GOF,0.013615593970179104,0.5451025904657768,0.44128181556404406
26013,GOF,0.01824446336042691,0.6017371411670202,0.380018395472553
26014,LOF,0.04576521892823875,0.11252644508723848,0.8417083359845228
26015,LOF,0.1922907227898043,0.009573226276512848,0.7981360509336828
26016,LOF,0.20918345703076738,0.04940809427114428,0.7414084486980883
26017,LOF,0.22332643041641523,0.08072440634327886,0.695949163240306
26018,LOF,0.09702465740288653,0.027431383261812634,0.8755439593353008
26019,LOF,0.0923392296585492,0.021488179499834642,0.8861725908416161
26020,LOF,0.06945152413562547,0.10410098085528521,0.8264474950090893
26021,LOF,0.04345707752182251,0.11065272271512568,0.8458901997630518
26022,LOF,0.011290301084986042,0.03882991979120052,0.9498797791238134
26023,LOF,0.11928954509190677,0.018965617530138774,0.8617448373779544
26024,LOF,0.03259237911620431,0.11544460140161583,0.85196301948218
26025,LOF,0.17023789422128757,0.08734099211026664,0.7424211136684458
26026,LOF,0.3262629959084352,0.026909374242053825,0.6468276298495109
26027,LOF,0.08850417972974477,0.014359916345836598,0.8971359039244187
26028,LOF,0.16725990814184113,0.06890220149978042,0.7638378903583785
26029,LOF,0.08010126786278668,0.21091666747386453,0.7089820646633488
26030,LOF,0.02660991862976192,0.07316185110237337,0.9002282302678647
26031,LOF,0.030786396003529382,0.1443285244214952,0.8248850795749754
26032,LOF,0.07182639248679418,0.07848321397126949,0.8496903935419363
26033,LOF,0.13069959161715242,0.09925242180397374,0.7700479865788739
26034,LOF,0.050440731252984296,0.1636191619237432,0.7859401068232724
26035,LOF,0.0283237937329521,0.1461215110911075,0.8255546951759404
26036,LOF,0.04567485544106509,0.16684882611375484,0.78747631844518
26037,LOF,0.02473489826988529,0.11944316416507886,0.8558219375650358
26038,LOF,0.06552265202925518,0.08203259556395462,0.8524447524067902
26039,LOF,0.05691364865289197,0.14804365379621318,0.7950426975508949
26040,LOF,0.2050905873015748,0.14182798766456567,0.6530814250338596
26041,LOF,0.02486487595272847,0.11240811826197634,0.8627270057852953
26042,LOF,0.023178732707564282,0.10500824780321748,0.8718130194892183
26043,LOF,0.06419953739825807,0.09659054066422088,0.8392099219375212
26044,LOF,0.021511858635300186,0.08856748620536206,0.8899206551593378
26045,LOF,0.07414490420001305,0.10451200572100097,0.821343090078986
26046,LOF,0.06607963507258233,0.09659054217500045,0.8373298227524172
26047,LOF,0.08876422705047483,0.10388345546588408,0.807352317483641
26048,LOF,0.05412202370498389,0.05161836157461109,0.894259614720405
26049,Neutral,0.9616968826197203,0.009018176667626238,0.02928494071265335
26050,Neutral,0.9448511700556875,0.01192295579381026,0.043225874150502344
26051,LOF,0.04468305927720936,0.28916230632762396,0.6661546343951668
26052,LOF,0.0652986315798399,0.3470557551221629,0.5876456132979971
26053,LOF,0.05121520035310647,0.15230540188473812,0.7964793977621555
26054,LOF,0.0574563342395075,0.016995495129290855,0.9255481706312016
26055,LOF,0.07858457937709686,0.015386867871672372,0.9060285527512306
26056,LOF,0.06429095630632042,0.016153094305419044,0.9195559493882606
26057,LOF,0.030352610288566503,0.011145393840907618,0.9585019958705258
26058,LOF,0.031735471615597304,0.00894889813725173,0.9593156302471509
26059,LOF,0.3270173267316914,0.025116943140061267,0.6478657301282473
26060,LOF,0.03745817621793063,0.15446443336059026,0.8080773904214791
26061,LOF,0.017283758786105583,0.010226896269580751,0.9724893449443136
26062,LOF,0.01105054734107722,0.016667032485806223,0.9722824201731166
26063,LOF,0.02307451611591393,0.011289457671591152,0.9656360262124949
26064,LOF,0.02282929291877723,0.018538502564487754,0.958632204516735
26065,LOF,0.02529879637456569,0.009712080915928166,0.9649891227095061
26066,LOF,0.02182217245769649,0.010640554166141916,0.9675372733761616
26067,LOF,0.029467204208911718,0.008310966242846461,0.9622218295482418
26068,LOF,0.04932267917819002,0.029698222131720978,0.9209790986900889
26069,LOF,0.26902367293921603,0.017672926976010934,0.7133034000847731
26070,LOF,0.39569932236401223,0.015884251695570496,0.5884164259404173
26071,LOF,0.024421456832591403,0.011542073952620266,0.9640364692147885
26072,LOF,0.023726146569444728,0.015095297513762597,0.9611785559167927
26073,LOF,0.025516896544465713,0.010179739359091907,0.9643033640964424
26074,Neutral,0.9157806015068922,0.00551576799758587,0.07870363049552184
26075,LOF,0.04527113798628407,0.014545874075246955,0.940182987938469
26076,LOF,0.047947241868076224,0.00844768271608817,0.9436050754158355
26077,LOF,0.011437236345018897,0.017553142178898286,0.9710096214760829
26078,LOF,0.014680912540691904,0.010549115041403776,0.9747699724179043
26079,LOF,0.06361152727992858,0.01624351559887829,0.9201449571211933
26080,LOF,0.062394414898259615,0.016292569195884895,0.9213130159058555
26081,LOF,0.03744544360518287,0.0060638516041163475,0.9564907047907008
26082,LOF,0.015523665953400401,0.01561413586153891,0.9688621981850607
26083,LOF,0.12978379568107518,0.01238505723393841,0.8578311470849864
26084,LOF,0.02956994714457573,0.011242472391897221,0.959187580463527
26085,LOF,0.025627152742364812,0.010571390074071442,0.9638014571835638
26086,LOF,0.02444559941299449,0.010975972951924741,0.9645784276350807
26087,LOF,0.02864840299192118,0.007754288469003367,0.9635973085390754
26088,LOF,0.017199027580020513,0.026482782867098997,0.9563181895528805
26089,LOF,0.04636843989131562,0.02124544947040391,0.9323861106382805
26090,LOF,0.04536916404090815,0.01680394214398279,0.9378268938151091
26091,LOF,0.03915231913294909,0.005775613701523367,0.9550720671655275
26092,LOF,0.02686931903354731,0.007998900658687875,0.9651317803077648
26093,LOF,0.04009448288475592,0.005829684348794839,0.9540758327664491
26094,LOF,0.04349700716572356,0.005842618458545686,0.9506603743757308
26095,LOF,0.04462389958047072,0.013609114906875453,0.9417669855126538
26096,LOF,0.018837024527406702,0.011317371135157411,0.9698456043374358
26097,LOF,0.01192223063326129,0.03431976939492556,0.9537579999718131
26098,LOF,0.08198536020367751,0.010513691907287372,0.9075009478890351
26099,LOF,0.0264406170269762,0.011974189723983909,0.9615851932490399
26100,LOF,0.028943276208831237,0.011600066664407936,0.9594566571267608
26101,LOF,0.057499570011941795,0.013346255999574109,0.9291541739884841
26102,LOF,0.025115822342037207,0.01346487032404349,0.9614193073339192
26103,Neutral,0.8899476000956628,0.017844699907975242,0.09220769999636211
26104,LOF,0.08696776800136229,0.023868300625302454,0.8891639313733353
26105,LOF,0.18215835215439635,0.3188892050039861,0.4989524428416175
26106,LOF,0.21051989064794457,0.12387433318429555,0.6656057761677598
26107,LOF,0.21422690116113888,0.09090850634030208,0.6948645924985591
26108,LOF,0.24861478763595007,0.11582705892837959,0.6355581534356702
26109,LOF,0.10358374914774089,0.07390436117867023,0.8225118896735889
26110,LOF,0.239567816706891,0.008007746072476823,0.7524244372206321
26111,LOF,0.4735983205828448,0.01653158126395494,0.5098700981532002
26112,LOF,0.03220281414818782,0.007291095455912011,0.9605060903959002
26113,LOF,0.0500488865046486,0.014144990105518193,0.9358061233898332
26114,LOF,0.027454122610829097,0.022654028714628696,0.9498918486745422
26115,LOF,0.10413899201334796,0.04139185686091031,0.8544691511257416
26116,LOF,0.06500635166209129,0.036925339410110246,0.8980683089277984
26117,LOF,0.44131159920278995,0.04205963848837998,0.5166287623088301
26118,LOF,0.03778014577049133,0.02377693302274169,0.938442921206767
26119,LOF,0.02507607436761563,0.03171647454785292,0.9432074510845314
26120,LOF,0.02912300784252929,0.021266817977308845,0.9496101741801618
26121,LOF,0.043993833275442956,0.0788352233165407,0.8771709434080163
26122,LOF,0.052311460546535585,0.034460311926482586,0.9132282275269819
