feature0,prediction,LoGoFunc_Neutral,LoGoFunc_GOF,LoGoFunc_LOF
25546,Neutral,0.6276270942090268,0.06822073377429676,0.3041521720166764
25547,Neutral,0.5188164587040687,0.12192705823774483,0.3592564830581866
25548,Neutral,0.5070207614650392,0.09529537087720598,0.39768386765775493
25549,LOF,0.43684978071639735,0.09919801488417479,0.4639522043994278
25550,LOF,0.3425227102609806,0.1317868292689557,0.5256904604700637
25551,LOF,0.29037886380089434,0.14867341369789086,0.5609477225012148
25552,LOF,0.2550431605958261,0.15149349071615956,0.5934633486880143
25553,Neutral,0.7856702067420023,0.05654463176553169,0.15778516149246613
25554,LOF,0.29858934843275253,0.14022591085829628,0.5611847407089512
25555,LOF,0.2541528280929735,0.1309812045178621,0.6148659673891643
25556,Neutral,0.45104091496502785,0.11502759430656555,0.43393149072840653
25557,LOF,0.25294016742667663,0.13526890760167679,0.6117909249716466
25558,LOF,0.3047687585219921,0.13101475833817533,0.5642164831398325
25559,LOF,0.2946393797117207,0.09865515072150509,0.6067054695667742
25560,LOF,0.11659928064883834,0.16207884055734598,0.7213218787938157
25561,LOF,0.11879737092128335,0.2148039676692942,0.6663986614094225
25562,LOF,0.044312393140648804,0.12132551977594272,0.8343620870834085
25563,LOF,0.013802679485986845,0.1978240346080809,0.7883732859059324
25564,LOF,0.09742241422241052,0.13773500900612595,0.7648425767714635
25565,LOF,0.1824118718602789,0.11929525237137853,0.6982928757683425
25566,GOF,0.06494298584740364,0.64148420440953,0.29357280974306627
25567,LOF,0.03369543306878268,0.16224260320800965,0.8040619637232077
25568,LOF,0.056461333555837274,0.09224426399363367,0.8512944024505291
25569,LOF,0.06500886529794994,0.08592848583268631,0.8490626488693638
25570,LOF,0.028716344139742465,0.11988864517011728,0.8513950106901402
25571,LOF,0.02563458918073441,0.12391268005176825,0.8504527307674974
25572,LOF,0.06459098090203853,0.15389419281995792,0.7815148262780036
25573,LOF,0.060244082098156654,0.11700479443839544,0.8227511234634479
25574,LOF,0.06055164985182261,0.23004060152736547,0.7094077486208119
25575,LOF,0.024699066059212398,0.1382604649494426,0.8370404689913449
25576,LOF,0.026991680436519828,0.19195398427768387,0.7810543352857963
25577,LOF,0.031832685803919215,0.15362000689182767,0.8145473073042532
25578,LOF,0.2833645979230165,0.11032428213722743,0.6063111199397562
25579,LOF,0.18865644983395027,0.10864257578693996,0.7027009743791097
25580,LOF,0.021929366330110917,0.09306429143295693,0.8850063422369322
25581,LOF,0.04873515035650974,0.08740081923715001,0.8638640304063403
25582,LOF,0.04836854982268082,0.08513551609988428,0.866495934077435
25583,LOF,0.024947525914654253,0.10902318733524947,0.8660292867500963
25584,Neutral,0.7000606040471824,0.1607303917509877,0.1392090042018298
25585,LOF,0.019617470537861063,0.18207084968225523,0.7983116797798838
25586,LOF,0.018255219547986718,0.10437347283151871,0.8773713076204945
25587,LOF,0.01872416704607283,0.08564826326635794,0.8956275696875693
25588,LOF,0.021552502654220485,0.09302565858827351,0.8854218387575059
25589,Neutral,0.5032384416698518,0.2830070658619065,0.21375449246824177
25590,LOF,0.04585089099035326,0.15157446024551582,0.8025746487641309
25591,LOF,0.08261097667438777,0.07821784938941423,0.8391711739361979
25592,LOF,0.05573273700209692,0.17807898904963207,0.766188273948271
25593,LOF,0.1106926353911173,0.31291529615886565,0.576392068450017
25594,LOF,0.05573237494916734,0.06671869118744415,0.8775489338633885
25595,LOF,0.05861614122677553,0.038108960792772206,0.9032748979804522
25596,LOF,0.12075418412897145,0.02611772619902991,0.8531280896719986
25597,LOF,0.08302449797665269,0.029319957467010875,0.8876555445563366
25598,LOF,0.05072080611403186,0.04304934356961617,0.9062298503163521
25599,LOF,0.022958804091438263,0.3710410074727954,0.6060001884357664
25600,LOF,0.18941079520096804,0.3912506212854484,0.41933858351358344
25601,LOF,0.04086035944700614,0.3030204994129767,0.6561191411400172
25602,LOF,0.026316979055909177,0.07480799505555517,0.8988750258885356
25603,LOF,0.03389793349457598,0.05431770769815664,0.9117843588072674
25604,LOF,0.03521677732447349,0.09737563975514837,0.8674075829203782
25605,LOF,0.02678498587331155,0.2032610383006917,0.7699539758259968
25606,LOF,0.40696834496649786,0.15454987276406287,0.4384817822694393
25607,LOF,0.02590313654215164,0.20370618707472687,0.7703906763831215
25608,LOF,0.04003179470213926,0.1322691892708273,0.8276990160270336
25609,GOF,0.1399126066297369,0.4704576652474836,0.3896297281227794
25610,LOF,0.01500857594804197,0.05024110842963587,0.934750315622322
25611,LOF,0.01269256236848679,0.06264492241089249,0.9246625152206207
25612,LOF,0.04786231937533751,0.060511903446800054,0.8916257771778624
25613,LOF,0.04323214406284063,0.06072242999235283,0.8960454259448065
25614,LOF,0.022752632368595378,0.04976180503570214,0.9274855625957025
25615,LOF,0.04375222948966514,0.06586083788349854,0.8903869326268364
25616,LOF,0.05262181804079633,0.05624345966778076,0.891134722291423
25617,LOF,0.04054960914149107,0.06377417311003872,0.8956762177484703
25618,LOF,0.047079636079308186,0.08318240720688436,0.8697379567138074
25619,LOF,0.011992257462548806,0.0609610147902207,0.9270467277472306
25620,LOF,0.05337092101168016,0.06952432855188276,0.8771047504364371
25621,LOF,0.059667812009804505,0.05356514608873029,0.8867670419014653
25622,LOF,0.06256861978481025,0.0674381692581463,0.8699932109570434
25623,LOF,0.06091567285529305,0.04927771620711721,0.8898066109375898
25624,LOF,0.0200147112012314,0.054225848265628214,0.9257594405331404
25625,LOF,0.0595521823423821,0.06688520914546241,0.8735626085121555
25626,LOF,0.051562206179110046,0.056063202763618626,0.8923745910572713
25627,Neutral,0.8884978400369059,0.02121267646054988,0.09028948350254432
25628,LOF,0.14858191045978844,0.05337172633172139,0.7980463632084902
25629,LOF,0.06962597920404387,0.04362334480104658,0.8867506759949095
25630,LOF,0.2772037253363643,0.06534061093345248,0.6574556637301833
25631,Neutral,0.5547240397675554,0.059169429659884816,0.3861065305725597
25632,LOF,0.02970309059901669,0.06984966692238577,0.9004472424785975
25633,LOF,0.23619008851347637,0.04278633597648488,0.7210235755100388
25634,LOF,0.04490811406880938,0.08904620491863403,0.8660456810125565
25635,LOF,0.04040687325999114,0.040064112692980686,0.9195290140470282
25636,GOF,0.03610828470604698,0.4921874762909746,0.4717042390029786
25637,GOF,0.053675110846678385,0.49947361282981195,0.4468512763235096
25638,LOF,0.03490926822652691,0.44511248994305913,0.5199782418304141
25639,LOF,0.032566861242754305,0.4581384824717214,0.5092946562855243
25640,Neutral,0.8652905746888205,0.07862333945875158,0.056086085852427796
25641,LOF,0.08875410345612758,0.38673366434618955,0.5245122321976828
25642,LOF,0.06989280587283674,0.16435504380355231,0.765752150323611
25643,LOF,0.20768223823992252,0.12899630463561976,0.6633214571244577
25644,GOF,0.009779415713136614,0.5982462941696175,0.39197429011724594
25645,GOF,0.011675518598132041,0.573907847749523,0.414416633652345
25646,LOF,0.037195491959316804,0.38827476204829786,0.5745297459923853
25647,LOF,0.013222446589729334,0.31351335207448294,0.6732642013357878
25648,LOF,0.01394318661541174,0.41110543856608545,0.5749513748185028
25649,LOF,0.007907325557127986,0.3029252943769473,0.6891673800659246
25650,GOF,0.023658111970374537,0.5702235467761266,0.4061183412534988
25651,LOF,0.008352154675106468,0.40934435302757377,0.5823034922973198
25652,LOF,0.016130140497791004,0.3828772141846262,0.6009926453175827
25653,GOF,0.0406556228328268,0.5590780698520585,0.4002663073151146
25654,LOF,0.010354373174781367,0.26699283143541036,0.7226527953898083
25655,GOF,0.12676129152367646,0.5713770559843312,0.30186165249199237
25656,LOF,0.33929941044821776,0.11635757973000013,0.5443430098217821
25657,LOF,0.04877112906036143,0.10884713718495362,0.842381733754685
25658,LOF,0.35741248950525717,0.1319076655690155,0.5106798449257273
25659,Neutral,0.45946778327417254,0.14021273346190274,0.4003194832639247
25660,LOF,0.022926030831847174,0.1097071999095058,0.8673667692586471
25661,LOF,0.08630166304730623,0.0665606317742741,0.8471377051784198
25662,LOF,0.033605669963921274,0.03295809022082114,0.9334362398152577
25663,LOF,0.03678669596756887,0.041448885694470576,0.9217644183379605
25664,LOF,0.124447636335425,0.06325263564096706,0.8122997280236078
25665,LOF,0.06302658937112787,0.028834386688886052,0.908139023939986
25666,LOF,0.09440772204913168,0.06623078541131942,0.839361492539549
25667,LOF,0.07282648795061289,0.052369272417766725,0.8748042396316205
25668,LOF,0.03618930282213071,0.056793076573274905,0.9070176206045943
25669,LOF,0.02922931555523977,0.054645045862049275,0.9161256385827109
25670,LOF,0.13235813712650077,0.06508430635917274,0.8025575565143266
25671,LOF,0.10909126075345499,0.04229824159952124,0.8486104976470239
25672,LOF,0.05226145584760846,0.042595211463594386,0.9051433326887972
25673,LOF,0.09005859739473006,0.04559369737396893,0.864347705231301
25674,LOF,0.07438193003926837,0.05719790102076951,0.8684201689399622
25675,LOF,0.10892872692026122,0.07372324522974683,0.8173480278499919
25676,LOF,0.01799521038781628,0.05797957106535021,0.9240252185468334
25677,LOF,0.022661965703170427,0.07171912600618212,0.9056189082906475
25678,LOF,0.18540114587742648,0.08668487560019017,0.7279139785223833
25679,LOF,0.12704871115030306,0.08611022440087053,0.7868410644488264
25680,LOF,0.02889838415691756,0.1175298398054042,0.8535717760376783
25681,LOF,0.04579013872383312,0.11227109982392194,0.841938761452245
25682,LOF,0.1295670596597823,0.08597291003627495,0.7844600303039426
25683,LOF,0.1145592439411925,0.09926313897564608,0.7861776170831615
25684,LOF,0.037807116451362054,0.07335052814304173,0.8888423554055963
25685,LOF,0.11171574577388405,0.07656900183913572,0.8117152523869803
25686,LOF,0.07137120051233767,0.12376942895110522,0.804859370536557
25687,LOF,0.11145263749656954,0.12185929140708285,0.7666880710963476
25688,LOF,0.4372412067339398,0.0374123366256829,0.5253464566403773
25689,LOF,0.3201358924676698,0.037372921949893716,0.6424911855824365
25690,LOF,0.34320465403837486,0.02365135948916597,0.6331439864724593
25691,Neutral,0.7202324118614569,0.023097081755098458,0.2566705063834446
25692,LOF,0.3755083733013179,0.010310959472380839,0.6141806672263013
25693,LOF,0.03787815628465974,0.42553186543627036,0.5365899782790698
25694,LOF,0.1191268653760701,0.019034785815594844,0.8618383488083351
25695,LOF,0.11073587746479127,0.016168124513524694,0.873095998021684
25696,LOF,0.14085181918839526,0.015680775465604087,0.8434674053460007
25697,LOF,0.07024051928808096,0.10643065432828508,0.8233288263836339
25698,LOF,0.3363670978638134,0.1884869364710764,0.47514596566511025
25699,LOF,0.4645536041067299,0.034490108556953336,0.5009562873363168
25700,LOF,0.09010752689645884,0.011279883611182743,0.8986125894923583
25701,LOF,0.19016358015802806,0.04428422964981194,0.76555219019216
25702,GOF,0.18757187005805503,0.6126999613604566,0.19972816858148837
25703,LOF,0.019040414402003027,0.1597069621402288,0.8212526234577682
25704,LOF,0.03807496543270288,0.1494423124821452,0.8124827220851519
25705,LOF,0.03812813277360543,0.09218215242725736,0.8696897147991373
25706,LOF,0.15688315949272047,0.3083593518310863,0.5347574886761932
25707,LOF,0.09692733492190274,0.2556638210370849,0.6474088440410123
25708,LOF,0.04697554556134573,0.23707621635015763,0.7159482380884967
25709,LOF,0.06224417372553141,0.03237191244141031,0.9053839138330584
25710,LOF,0.015124234876632961,0.1121492648294578,0.8727265002939093
25711,LOF,0.01998501948201676,0.06685778017169704,0.9131572003462861
25712,LOF,0.020025764860910084,0.13831581618797897,0.8416584189511109
25713,LOF,0.018641708070318966,0.06940826107067923,0.9119500308590017
25714,LOF,0.0795799734051373,0.04889407730494779,0.8715259492899148
25715,LOF,0.012286603197696946,0.09813265169252022,0.8895807451097828
25716,LOF,0.013959297667969951,0.08929460689212253,0.8967460954399075
25717,LOF,0.016974246436112478,0.06412741490948785,0.9188983386543996
25718,LOF,0.011771401707879728,0.05935484227537191,0.9288737560167484
25719,LOF,0.022196928028161624,0.05650175566321509,0.9213013163086232
25720,LOF,0.025316970428718607,0.04744143841596015,0.9272415911553213
25721,LOF,0.014068963069802725,0.08411769084226399,0.9018133460879333
25722,LOF,0.014745238869888145,0.07207947859878007,0.9131752825313317
25723,LOF,0.026139888436218523,0.033837002045602305,0.9400231095181792
25724,LOF,0.03375666893013593,0.05902597231821762,0.9072173587516466
25725,LOF,0.012287337838817788,0.05367630231206025,0.934036359849122
25726,LOF,0.016082254923075318,0.07672394181771808,0.9071938032592067
25727,LOF,0.012899950212565485,0.055662486767891976,0.9314375630195425
25728,LOF,0.010642790976561125,0.07233427152067166,0.9170229375027672
25729,LOF,0.010902666229938742,0.0719125449070834,0.9171847888629778
25730,LOF,0.013953189875845337,0.07131146471764388,0.9147353454065107
25731,LOF,0.023270233338289238,0.07445461179452775,0.902275154867183
25732,LOF,0.013934196588987507,0.04753215239501472,0.9385336510159978
25733,LOF,0.017942495981506868,0.050033331060487546,0.9320241729580057
25734,LOF,0.01456189368671586,0.08689533582254508,0.8985427704907389
25735,LOF,0.011897044111788614,0.05954491380347033,0.928558042084741
25736,LOF,0.013247130169561966,0.07629235652244058,0.9104605133079975
25737,LOF,0.012774868127030112,0.06786996629271658,0.9193551655802533
25738,LOF,0.012063544258886876,0.07516347046233149,0.9127729852787817
25739,LOF,0.021048460454311024,0.05641439567472376,0.9225371438709652
25740,LOF,0.028455670258875732,0.08658952383117438,0.8849548059099498
25741,LOF,0.016231056837183146,0.08095053980990585,0.902818403352911
25742,LOF,0.11507709394789269,0.05492047532393142,0.8300024307281758
25743,LOF,0.040496004248678885,0.06653168393065088,0.8929723118206703
25744,Neutral,0.5953135391443337,0.273113502625604,0.13157295823006238
25745,LOF,0.0692982476696003,0.08850219770427138,0.8421995546261282
25746,LOF,0.04484957836243225,0.11718039406606631,0.8379700275715014
25747,LOF,0.02288081204953259,0.10034222552183994,0.8767769624286275
25748,LOF,0.13721784070586285,0.17172985291998843,0.6910523063741487
25749,LOF,0.02712350604355619,0.11601717345616201,0.8568593205002818
25750,LOF,0.06731070539566701,0.12106642030850173,0.8116228742958312
25751,LOF,0.08311851523728209,0.17883771652893224,0.7380437682337857
25752,GOF,0.10859931357164562,0.6579230669681493,0.2334776194602051
25753,LOF,0.026624760165955323,0.30894755512521527,0.6644276847088293
25754,GOF,0.015705958813275318,0.7990806640778837,0.18521337710884095
25755,LOF,0.02716820029702791,0.38099577599383355,0.5918360237091386
25756,LOF,0.054873399869718315,0.3496093011682738,0.5955172989620078
25757,GOF,0.022127735421056335,0.8696081906820339,0.10826407389690967
25758,GOF,0.03227087185748309,0.7969751151514622,0.17075401299105483
25759,GOF,0.011878220929091318,0.6065765410461627,0.38154523802474594
25760,LOF,0.01563856309548779,0.30428013734633924,0.6800812995581731
25761,GOF,0.2820355541940826,0.6279197838788716,0.09004466192704594
25762,LOF,0.044299743473143416,0.2827066603122378,0.672993596214619
25763,LOF,0.016098993420098275,0.22202091115311795,0.7618800954267839
25764,GOF,0.08126053691569862,0.6687003429699031,0.25003912011439816
25765,GOF,0.03654914384288398,0.7623076217480855,0.20114323440903045
25766,GOF,0.0655655011412808,0.7874404782302512,0.1469940206284681
25767,GOF,0.15000075821167919,0.5610628811744487,0.2889363606138721
25768,LOF,0.10374461276960846,0.06830933634762977,0.8279460508827616
25769,LOF,0.04785459345034083,0.0789780764863656,0.8731673300632936
25770,LOF,0.30038172050087425,0.11743737108364632,0.5821809084154794
25771,LOF,0.049322876997755616,0.05444772769365358,0.8962293953085908
25772,LOF,0.018019475702836435,0.05310557265917675,0.9288749516379868
25773,LOF,0.05537071334958499,0.09089388971061549,0.8537353969397995
25774,LOF,0.028519998461161773,0.11613273365875146,0.8553472678800869
25775,LOF,0.05655089074686064,0.05727610031315196,0.8861730089399874
25776,LOF,0.06535848176955242,0.03204256385236279,0.9025989543780848
25777,LOF,0.3570877149241466,0.09331506700879938,0.5495972180670541
25778,LOF,0.0638024372074949,0.050522475952160195,0.8856750868403448
25779,GOF,0.42067941017493987,0.5228458917564671,0.056474698068592954
25780,GOF,0.3655969634541835,0.5457094171890862,0.08869361935673023
25781,GOF,0.13385188485672656,0.7483529392403032,0.1177951759029701
25782,GOF,0.206281270420033,0.700875222930335,0.0928435066496319
25783,GOF,0.023114187798692162,0.6058122409094375,0.37107357129187024
25784,Neutral,0.5470544740313081,0.4099073442539693,0.043038181714722616
25785,Neutral,0.5306586137860461,0.41798280028802526,0.051358585925928735
25786,GOF,0.033773871435423486,0.714864947470916,0.2513611810936604
25787,Neutral,0.7026508755038634,0.26590295169148664,0.03144617280464986
25788,LOF,0.06014044792343725,0.07935567427348075,0.8605038778030819
25789,GOF,0.23172506417554734,0.5933349792260871,0.17493995659836564
25790,GOF,0.27519055008873644,0.626982453323928,0.09782699658733553
25791,GOF,0.16985452707141574,0.6692652701517264,0.16088020277685783
25792,GOF,0.38266108740114646,0.49346400223485537,0.12387491036399811
25793,GOF,0.28308547351322516,0.48919735925121954,0.2277171672355554
25794,GOF,0.3516663514266118,0.4564042864499059,0.19192936212348224
25795,GOF,0.08316629606529095,0.6433171845607975,0.2735165193739116
25796,Neutral,0.5538802470668968,0.3655044355394328,0.08061531739367046
25797,GOF,0.09629519811556926,0.5384237224826166,0.36528107940181404
25798,LOF,0.010322419430080318,0.4898674012429505,0.49981017932696936
25799,LOF,0.008222637147418423,0.3958457090569584,0.5959316537956233
25800,GOF,0.042914743960173134,0.5571133852925337,0.3999718707472932
25801,GOF,0.26568727150823496,0.6195291956403196,0.11478353285144545
25802,GOF,0.06852519242053225,0.6728963461341763,0.2585784614452915
25803,GOF,0.04223680437215545,0.5684347849770419,0.38932841065080254
25804,GOF,0.040236618857848565,0.48165574064447214,0.47810764049767934
25805,GOF,0.1433221997513105,0.558456122692373,0.2982216775563164
25806,GOF,0.14968791458223318,0.5561661110756073,0.29414597434215956
25807,GOF,0.026828967974530098,0.6169559524803383,0.35621507954513165
25808,GOF,0.11699911796688862,0.5905159976084046,0.2924848844247068
25809,GOF,0.021424680078266322,0.6059867013623212,0.3725886185594124
25810,GOF,0.02019834083292651,0.6199426711193278,0.35985898804774574
25811,Neutral,0.5134017210334519,0.41786005631495027,0.06873822265159775
25812,GOF,0.0425122538233486,0.6103037427564284,0.34718400342022304
25813,Neutral,0.6093158395282546,0.2858105842105575,0.1048735762611879
25814,GOF,0.15710682379311133,0.6306662636997525,0.21222691250713616
25815,GOF,0.2614882108648022,0.5485360750434842,0.18997571409171365
25816,GOF,0.023976195623765646,0.6518841357000028,0.32413966867623145
25817,GOF,0.28370630126944213,0.5885782717247742,0.12771542700578364
25818,GOF,0.0636267343509539,0.5336741249984155,0.4026991406506305
25819,Neutral,0.42022731091883964,0.4180303179802913,0.16174237110086906
25820,GOF,0.22789723005421594,0.5591347613509022,0.21296800859488188
25821,GOF,0.07299560979991421,0.6433208286529926,0.28368356154709323
25822,GOF,0.25936057857968614,0.48924593543587247,0.2513934859844414
25823,LOF,0.03547752815682081,0.472587690417006,0.49193478142617314
25824,GOF,0.09696790095154707,0.4970965775067573,0.4059355215416955
25825,GOF,0.036401576099045464,0.5143763066370998,0.44922211726385475
25826,GOF,0.014055314055951305,0.49923471496966904,0.48670997097437974
25827,GOF,0.024688324239367603,0.5636922970986395,0.41161937866199283
25828,LOF,0.015862475261537314,0.46851922797866935,0.5156182967597934
25829,GOF,0.0071749472874996665,0.5182277480164509,0.47459730469604944
25830,LOF,0.04814945794823072,0.2881598909081402,0.663690651143629
25831,GOF,0.21497211577138,0.6431881020687544,0.14183978215986556
25832,GOF,0.04052229343802194,0.6395989931133557,0.31987871344862245
25833,GOF,0.17340288415989968,0.6229678634947049,0.20362925234539545
25834,GOF,0.05062993255966338,0.6411749426516389,0.30819512478869776
25835,GOF,0.11296919995064177,0.6440285777477809,0.2430022223015773
25836,GOF,0.055793014835527954,0.5929006900571483,0.35130629510732375
25837,LOF,0.025216257196234895,0.48602727524807343,0.4887564675556918
25838,GOF,0.09425689988151319,0.6785460488316847,0.22719705128680223
25839,GOF,0.331685818620156,0.5044600523764301,0.16385412900341398
25840,GOF,0.2563239042705805,0.5421147333859792,0.2015613623434404
25841,GOF,0.2800390299293297,0.523489537026857,0.1964714330438133
25842,GOF,0.2081270449008991,0.5986536412848904,0.19321931381421045
25843,GOF,0.24072594727532529,0.6153420718873257,0.1439319808373489
25844,GOF,0.07103998669536109,0.605800989158181,0.3231590241464579
25845,LOF,0.015178252165453446,0.43969560988002543,0.545126137954521
25846,GOF,0.11489787446321155,0.6819103820795895,0.20319174345719898
25847,GOF,0.14397352548135361,0.6951104670344497,0.16091600748419663
25848,GOF,0.03749131297767889,0.6247325703686113,0.33777611665371
25849,GOF,0.010783182610259076,0.5180116792225893,0.4712051381671517
25850,GOF,0.029082560653960005,0.596639330546127,0.374278108799913
25851,GOF,0.020718041323001053,0.49726813528021396,0.48201382339678506
25852,GOF,0.20160563443768528,0.5015536826109176,0.29684068295139726
25853,GOF,0.3731627518248974,0.5375547479460977,0.0892825002290049
25854,GOF,0.024298605693988715,0.579493151831,0.39620824247501124
25855,GOF,0.04280891327473819,0.5453300558928816,0.41186103083238007
25856,GOF,0.2784226607667272,0.47595704501350505,0.24562029421976767
25857,LOF,0.03964014733275906,0.4511457960489154,0.5092140566183255
25858,GOF,0.019923275732092318,0.5208955128874111,0.45918121138049667
25859,GOF,0.0110700297977374,0.5073976647643592,0.48153230543790343
25860,GOF,0.408542601722117,0.4985154853214666,0.09294191295641639
25861,GOF,0.4364256248723828,0.480748632907165,0.08282574222045222
25862,GOF,0.09532531637641023,0.750974971447586,0.15369971217600384
25863,GOF,0.1042529995813631,0.741472262943461,0.15427473747517584
25864,GOF,0.23746397733733488,0.6827847539633577,0.07975126869930742
25865,GOF,0.10186248984211808,0.7649836516554087,0.13315385850247316
25866,GOF,0.0834046525444781,0.7706278038974043,0.14596754355811759
25867,GOF,0.103020027357275,0.7791270320539018,0.11785294058882323
25868,GOF,0.33232303408494235,0.5567101468536786,0.11096681906137913
25869,Neutral,0.7405365533272723,0.21458665688708095,0.044876789785646715
25870,LOF,0.3694748170690533,0.21994776652241602,0.4105774164085307
25871,GOF,0.24524654889137779,0.5671277309467445,0.1876257201618777
25872,GOF,0.09854095173626702,0.5915583711899826,0.3099006770737505
25873,GOF,0.1738558887811894,0.5778887211238499,0.24825539009496064
25874,LOF,0.023974443606987517,0.10281826996249423,0.8732072864305181
25875,LOF,0.08923718525730968,0.04674879772373408,0.8640140170189562
25876,LOF,0.029188659142386844,0.05032322253759591,0.9204881183200173
25877,Neutral,0.5253649313815597,0.05270014273729468,0.4219349258811457
25878,LOF,0.24108276003749635,0.09069515833240424,0.6682220816300994
25879,LOF,0.09621947858287515,0.08988127665965767,0.8138992447574672
25880,LOF,0.023855860326428047,0.029038357454510205,0.9471057822190617
25881,LOF,0.18175635400303894,0.13605765199463665,0.6821859940023244
25882,LOF,0.07440941063450711,0.019491191279988388,0.9060993980855045
25883,LOF,0.07327024762242386,0.025375456394875748,0.9013542959827004
25884,LOF,0.039986810641165674,0.03690237446808723,0.9231108148907472
25885,LOF,0.06112437663604494,0.013930483352582304,0.9249451400113727
25886,LOF,0.3373991761354157,0.04486071613969014,0.6177401077248942
25887,LOF,0.18136783045385255,0.07941229817098888,0.7392198713751587
25888,LOF,0.07340493572822332,0.06964645578803434,0.8569486084837423
25889,LOF,0.050937283170413,0.026845962107876323,0.9222167547217107
25890,LOF,0.04549700140069886,0.1428055765271296,0.8116974220721715
25891,LOF,0.034699780655947185,0.07000574216907296,0.8952944771749799
25892,LOF,0.10561780699731198,0.019515522158061183,0.8748666708446269
25893,LOF,0.2909945797884976,0.015036927266705377,0.693968492944797
25894,LOF,0.17812770811288675,0.0091100230132122,0.812762268873901
25895,LOF,0.19311230941862273,0.020631122472818477,0.7862565681085588
25896,LOF,0.048785423398028355,0.022774733607695302,0.9284398429942763
25897,LOF,0.22253726152770206,0.012901373240935994,0.7645613652313619
25898,Neutral,0.7314693570290755,0.009253316009287613,0.2592773269616369
25899,LOF,0.25670325125534355,0.026269087474114668,0.7170276612705418
25900,LOF,0.4359309500258678,0.01754915328526638,0.5465198966888658
25901,LOF,0.06262784456476424,0.011082109082028124,0.9262900463532078
25902,LOF,0.15677182630628797,0.010492893501393947,0.832735280192318
25903,LOF,0.46799913766937284,0.02624360647713992,0.5057572558534873
25904,LOF,0.2654468660734658,0.0478034230796585,0.6867497108468757
25905,LOF,0.027528116094205423,0.29027597056066223,0.6821959133451323
25906,LOF,0.023039733763389504,0.05870916626128281,0.9182510999753276
25907,LOF,0.017114895871256006,0.3326193126022896,0.6502657915264545
25908,LOF,0.011935829067793183,0.22420361321490198,0.7638605577173049
25909,LOF,0.01530486577893274,0.11569398901525224,0.8690011452058151
25910,LOF,0.04870221695026284,0.09187545935263418,0.8594223236971029
25911,LOF,0.13757024916872318,0.040019466201158115,0.8224102846301187
25912,LOF,0.04400704698273231,0.05363762819461219,0.9023553248226556
25913,LOF,0.27982111074818483,0.023833032606865773,0.6963458566449494
25914,LOF,0.025049908483329213,0.11559855564266013,0.8593515358740107
25915,Neutral,0.41115486296419024,0.30981065213834713,0.2790344848974626
25916,LOF,0.06292085427891253,0.3385412735475836,0.5985378721735037
25917,LOF,0.07166250669205709,0.05947853600553502,0.8688589573024078
25918,LOF,0.035525421716880314,0.057979638297931055,0.9064949399851887
25919,LOF,0.027792050813831785,0.06307417512747723,0.9091337740586911
25920,GOF,0.08200538581407553,0.5249419517111447,0.3930526624747798
25921,LOF,0.02923675896579087,0.018720770307508763,0.9520424707267005
25922,LOF,0.04149387201080172,0.013482770416330312,0.9450233575728679
25923,LOF,0.4013561253403645,0.01748245383399794,0.5811614208256376
25924,LOF,0.03797967814633836,0.025471255317657156,0.9365490665360044
25925,LOF,0.06473674890929826,0.02420645256983984,0.911056798520862
25926,LOF,0.047556800148948745,0.01688329563988411,0.9355599042111671
25927,LOF,0.06789203227245703,0.053613443741413275,0.8784945239861297
25928,LOF,0.022332756794308614,0.025591222669900382,0.9520760205357911
25929,Neutral,0.5292931418122082,0.019307240083497657,0.451399618104294
25930,LOF,0.055520649068054984,0.014303920881303054,0.930175430050642
25931,LOF,0.03095794766108679,0.01678957049554752,0.9522524818433656
25932,LOF,0.027264221398783373,0.01567853481962919,0.9570572437815875
25933,LOF,0.03690639629645257,0.009766217415526844,0.9533273862880205
25934,LOF,0.02414201260337321,0.011331916644386493,0.9645260707522404
25935,LOF,0.06381316398936539,0.028905225427236357,0.9072816105833983
25936,LOF,0.04419724856710203,0.013775927161065547,0.9420268242718325
25937,LOF,0.0283852911230284,0.023364446458279335,0.9482502624186924
25938,LOF,0.06367283526670195,0.030231782208449562,0.9060953825248483
25939,LOF,0.036995179319189296,0.010154205912498323,0.9528506147683123
25940,LOF,0.029711853579756246,0.35659920156772495,0.6136889448525189
25941,LOF,0.1787313673601767,0.0852413155198274,0.7360273171199959
25942,LOF,0.016749931638684115,0.033123667656074086,0.9501264007052417
25943,LOF,0.3082547080282302,0.06365547048185635,0.6280898214899135
25944,LOF,0.477798132128146,0.03565489584847054,0.4865469720233833
25945,LOF,0.07853145337231403,0.02474962722400286,0.8967189194036831
25946,LOF,0.02764474664001345,0.13335980899021246,0.838995444369774
25947,LOF,0.13320025013299341,0.1879595502878547,0.6788401995791519
25948,LOF,0.44530833289310096,0.01848726038868065,0.5362044067182185
25949,LOF,0.10123931829953246,0.08350320067838833,0.8152574810220792
25950,GOF,0.2729931108332532,0.3965270656265107,0.3304798235402362
25951,LOF,0.22817196999326358,0.2441154275602288,0.5277126024465076
25952,LOF,0.05409940024593725,0.4445093332991003,0.5013912664549623
25953,LOF,0.13382628834578034,0.11235157997968552,0.753822131674534
25954,LOF,0.395926170961979,0.20401799697529574,0.4000558320627253
25955,LOF,0.07704120096269733,0.08229731301762505,0.8406614860196776
25956,LOF,0.18776687724293092,0.07164693981827129,0.7405861829387977
25957,LOF,0.037602650445514384,0.029941269759151696,0.932456079795334
25958,LOF,0.05706453171104254,0.029267294072937287,0.9136681742160202
25959,LOF,0.06793604138826491,0.3274119327582985,0.6046520258534366
25960,LOF,0.021115203523495062,0.05564651620517468,0.9232382802713303
25961,LOF,0.04906010633160859,0.03454162637730164,0.9163982672910899
25962,LOF,0.061206887901936166,0.03599513597370177,0.9027979761243622
25963,LOF,0.04765928125601568,0.21054764506213347,0.7417930736818508
25964,LOF,0.030276139903606274,0.14765572149542808,0.8220681386009657
25965,LOF,0.4388900413392906,0.07135477069086961,0.4897551879698399
25966,LOF,0.4056115458426502,0.18266765414088101,0.41172080001646894
25967,LOF,0.012230862391455887,0.08545732033935359,0.9023118172691905
25968,GOF,0.033948129731998934,0.4915815738335871,0.47447029643441396
25969,LOF,0.023680740006746852,0.06048826211041248,0.9158309978828407
25970,LOF,0.058544139895412475,0.060970270729518695,0.8804855893750688
25971,LOF,0.07474834519630356,0.01721943054223008,0.9080322242614663
25972,LOF,0.08281179424810949,0.024862514572007246,0.8923256911798833
25973,LOF,0.09322256367012605,0.006668423237215367,0.9001090130926586
25974,LOF,0.21796533946748198,0.018798348791836846,0.7632363117406812
25975,LOF,0.0519892845492789,0.021388617164249477,0.9266220982864717
25976,LOF,0.048416568408623475,0.014876456908643275,0.9367069746827332
25977,LOF,0.13851193973394138,0.09966786731547726,0.7618201929505815
25978,LOF,0.10486859794517205,0.061440569314934454,0.8336908327398935
25979,LOF,0.10575971847843066,0.0574922663761478,0.8367480151454216
25980,LOF,0.13969395342221125,0.0751891432646992,0.7851169033130896
25981,LOF,0.16838840619448506,0.07330908894094458,0.7583025048645703
25982,LOF,0.36610580268925424,0.0467835890873401,0.5871106082234057
25983,LOF,0.36349154791997085,0.044218664660533424,0.5922897874194958
25984,LOF,0.04885275753440875,0.07670701335566699,0.8744402291099242
25985,LOF,0.022786969977662747,0.26910970625825537,0.7081033237640819
25986,LOF,0.03227663113955101,0.2941420680556323,0.6735813008048167
25987,LOF,0.07725802590841409,0.0908181416073512,0.8319238324842347
25988,LOF,0.11957827278075596,0.06791085934349692,0.8125108678757471
25989,LOF,0.02803674042766909,0.14239002230722403,0.8295732372651068
25990,LOF,0.03454914281678004,0.17307318943901037,0.7923776677442096
25991,GOF,0.20945495754049606,0.3993281901883503,0.39121685227115366
25992,LOF,0.38176699070249137,0.232425969338558,0.3858070399589506
25993,LOF,0.024913047447237085,0.08385344188771758,0.8912335106650453
25994,LOF,0.017692317210164763,0.1196144252695967,0.8626932575202385
25995,LOF,0.02692371808076958,0.21963584647436427,0.7534404354448662
25996,GOF,0.24477797239693222,0.5850061964969065,0.17021583110616112
25997,GOF,0.1066525980928546,0.5740566264903716,0.3192907754167738
25998,Neutral,0.5442593406744854,0.014661183889705586,0.4410794754358091
25999,LOF,0.12172967812705644,0.14265128412232617,0.7356190377506173
26000,LOF,0.148340971209212,0.03289618865873009,0.8187628401320579
26001,LOF,0.1776073755413797,0.03892827583097883,0.7834643486276415
26002,LOF,0.1497268837317567,0.034739004562496935,0.8155341117057464
26003,GOF,0.008582832586159259,0.6494082991949488,0.3420088682188919
26004,GOF,0.024711436142841714,0.7203039997528198,0.2549845641043384
26005,GOF,0.008044181891103593,0.5404456652110612,0.45151015289783514
26006,Neutral,0.5165055354920762,0.27495165844255326,0.20854280606537037
26007,GOF,0.017348004142564773,0.5799372920546115,0.40271470380282365
26008,GOF,0.0194712077839431,0.6397993512763457,0.34072944093971125
26009,GOF,0.025367494085617292,0.6475839328696557,0.32704857304472706
26010,GOF,0.023899747876408573,0.66909398774537,0.30700626437822154
26011,GOF,0.00789530788635978,0.5407490118882857,0.4513556802253545
26012,GOF,0.014810967897244393,0.6199038378024219,0.3652851943003337
26013,GOF,0.017480967493052852,0.6682374294311769,0.3142816030757703
26014,LOF,0.0484335424524145,0.14583629191052136,0.8057301656370642
26015,LOF,0.24834594960009293,0.013130802698226966,0.7385232477016802
26016,LOF,0.2346129330840149,0.0565692781371523,0.7088177887788328
26017,LOF,0.20231132455556886,0.0844759014554516,0.7132127739889796
26018,LOF,0.08619602030482124,0.05361330761351599,0.8601906720816629
26019,LOF,0.08177372293503629,0.038238978264692455,0.8799872988002713
26020,LOF,0.055020157937898106,0.13145679772702018,0.8135230443350817
26021,LOF,0.047887649731862575,0.1384651472518084,0.8136472030163291
26022,LOF,0.011470816392305351,0.06297473172866128,0.9255544518790333
26023,LOF,0.11206834279383225,0.03505643809869936,0.8528752191074683
26024,LOF,0.02855818767633371,0.13141759523899033,0.840024217084676
26025,LOF,0.15061787036194926,0.1194957174424344,0.7298864121956165
26026,LOF,0.3155182394739667,0.03199434338043942,0.652487417145594
26027,LOF,0.08234324554488479,0.02788764278362965,0.8897691116714856
26028,LOF,0.14794315883665501,0.10290889386220742,0.7491479473011375
26029,LOF,0.08198774342999991,0.14524668842438662,0.7727655681456134
26030,LOF,0.027368910100092302,0.05270536079541649,0.9199257291044913
26031,LOF,0.031430077899481434,0.11427947535837858,0.8542904467421399
26032,LOF,0.07410125389323556,0.055105686698930546,0.8707930594078338
26033,LOF,0.1203330428544676,0.06314221780534424,0.8165247393401881
26034,LOF,0.0452878058706464,0.11954840884852852,0.8351637852808251
26035,LOF,0.03231541584652085,0.10241195309804942,0.8652726310554297
26036,LOF,0.04686297071218003,0.12857653881403475,0.8245604904737852
26037,LOF,0.025249250154861336,0.09004183207372184,0.8847089177714169
26038,LOF,0.0702075417254736,0.05372918817114583,0.8760632701033805
26039,LOF,0.0661519699630491,0.11287813312326057,0.8209698969136903
26040,LOF,0.20913508507398215,0.0875435671642558,0.7033213477617621
26041,LOF,0.025630946816923003,0.08602347583819445,0.8883455773448825
26042,LOF,0.02450841931946698,0.08110066894268235,0.8943909117378507
26043,LOF,0.06925133408896772,0.06778049186279347,0.8629681740482388
26044,LOF,0.023366172862242504,0.06611497774841532,0.9105188493893422
26045,LOF,0.07834595319371083,0.07872789955522433,0.8429261472510649
26046,LOF,0.07311334343317802,0.07121607054892111,0.8556705860179009
26047,LOF,0.10269074688360998,0.0791556438693581,0.8181536092470318
26048,LOF,0.04879819402201695,0.05111838512305706,0.9000834208549259
26049,Neutral,0.9581094831422122,0.006823238280643385,0.03506727857714433
26050,Neutral,0.9415980569987339,0.008559493290176036,0.04984244971108995
26051,LOF,0.044585257895806314,0.379045952464382,0.5763687896398118
26052,LOF,0.06525405862174218,0.37819818503248476,0.556547756345773
26053,LOF,0.05232493407809798,0.16672523471323356,0.7809498312086685
26054,LOF,0.0658638751299918,0.034644212757799976,0.8994919121122081
26055,LOF,0.08460357973217184,0.02343391593850984,0.8919625043293182
26056,LOF,0.0693294283540554,0.026648908376332874,0.9040216632696118
26057,LOF,0.03156887704565497,0.01399969765499781,0.9544314252993472
26058,LOF,0.03203247609106935,0.01255384886561063,0.9554136750433201
26059,LOF,0.31020165039956127,0.042781353966610536,0.6470169956338282
26060,LOF,0.030835824453260583,0.2167433625588544,0.752420812987885
26061,LOF,0.01896492499081188,0.01674992912963585,0.9642851458795523
26062,LOF,0.011932263620776056,0.025879075207882987,0.9621886611713409
26063,LOF,0.02202204771809068,0.015671180574938725,0.9623067717069707
26064,LOF,0.02363306244524242,0.02352499756182544,0.952841939992932
26065,LOF,0.02526054819307717,0.015946017847636516,0.9587934339592864
26066,LOF,0.020833074669603453,0.014557787847870462,0.964609137482526
26067,LOF,0.02612766757174409,0.010012832453908603,0.9638594999743473
26068,LOF,0.051299639327430736,0.052629891095933655,0.8960704695766356
26069,LOF,0.2587800410988941,0.029963389468311653,0.7112565694327943
26070,LOF,0.4351173003005668,0.02242019768637631,0.5424625020130569
26071,LOF,0.02271043366076822,0.01599640994127951,0.9612931563979523
26072,LOF,0.023458154967869238,0.025164888887354363,0.9513769561447765
26073,LOF,0.02442855348668787,0.014883310154460346,0.9606881363588518
26074,Neutral,0.9101599388597656,0.007568556664460888,0.08227150447577343
26075,LOF,0.04361264662180742,0.020452745876485802,0.9359346075017068
26076,LOF,0.045173793298575834,0.011234696228360572,0.9435915104730636
26077,LOF,0.00993841321696764,0.022131101398978496,0.9679304853840539
26078,LOF,0.01417829734347221,0.01621472107438831,0.9696069815821394
26079,LOF,0.056067238258339515,0.0257523213236223,0.9181804404180383
26080,LOF,0.054348977159600444,0.02581438741152753,0.9198366354288721
26081,LOF,0.03609593060720715,0.009407326467758983,0.954496742925034
26082,LOF,0.01831930141805555,0.025864050968523518,0.9558166476134209
26083,LOF,0.1296521677407982,0.018263333815024197,0.8520844984441777
26084,LOF,0.02795695184851626,0.016940464682664816,0.9551025834688189
26085,LOF,0.023291863286528852,0.016329929272209377,0.9603782074412617
26086,LOF,0.026025732140374933,0.013523427388485245,0.9604508404711399
26087,LOF,0.025931193229552087,0.009733980335225066,0.964334826435223
26088,LOF,0.017281130834654986,0.030304936490223245,0.9524139326751218
26089,LOF,0.049078976750947106,0.03307128888715404,0.9178497343618988
26090,LOF,0.0462051403235369,0.026760209022605726,0.9270346506538574
26091,LOF,0.04049405701670108,0.008655910262510348,0.9508500327207886
26092,LOF,0.026846792491814542,0.011380656495340475,0.961772551012845
26093,LOF,0.037368641220041056,0.008859245473266707,0.9537721133066923
26094,LOF,0.039986720683971334,0.009553698057626073,0.9504595812584027
26095,LOF,0.05356039021769409,0.02117855232908856,0.9252610574532173
26096,LOF,0.020474043479025924,0.018937735973271818,0.9605882205477023
26097,LOF,0.010203903156718376,0.056754430759991335,0.9330416660832903
26098,LOF,0.07560579989904684,0.016825930808411445,0.9075682692925416
26099,LOF,0.02408313021086956,0.018376845555897355,0.9575400242332331
26100,LOF,0.025894849413696356,0.017644676350072178,0.9564604742362316
26101,LOF,0.055911434498122914,0.01802283812134305,0.926065727380534
26102,LOF,0.02637994800363877,0.018052133520463916,0.9555679184758974
26103,Neutral,0.8837653179115471,0.028524217728667832,0.08771046435978502
26104,LOF,0.0688172815199956,0.04646488841810945,0.8847178300618949
26105,LOF,0.24530277768645212,0.2670063934828261,0.48769082883072185
26106,LOF,0.19292633165573236,0.15965865488000838,0.6474150134642592
26107,LOF,0.27494769425400506,0.09807383778704903,0.6269784679589459
26108,LOF,0.2565211296937438,0.1255008823954435,0.6179779879108127
26109,LOF,0.08560570078639901,0.12701721245778713,0.7873770867558139
26110,LOF,0.28000869568594583,0.007496543888453745,0.7124947604256004
26111,LOF,0.4690354491847874,0.019206532642792862,0.5117580181724196
26112,LOF,0.03470278317455692,0.008281918260818907,0.9570152985646241
26113,LOF,0.05117068987468789,0.016907012939837422,0.9319222971854747
26114,LOF,0.022735357711774738,0.022586018788041992,0.9546786235001833
26115,LOF,0.08609269835888708,0.046164244586267514,0.8677430570548453
26116,LOF,0.0566082327483854,0.042236544570544717,0.9011552226810698
26117,LOF,0.41147504886429764,0.060247425640502554,0.5282775254951998
26118,LOF,0.04344408609490591,0.03405782541499842,0.9224980884900956
26119,LOF,0.023462122181571333,0.039198688215844685,0.9373391896025839
26120,LOF,0.03002452070758194,0.027657484596445885,0.9423179946959721
26121,LOF,0.05343091534193912,0.08669006857067842,0.8598790160873825
