feature0,prediction,LoGoFunc_Neutral,LoGoFunc_GOF,LoGoFunc_LOF
25546,Neutral,0.6719559933631162,0.059349809708872485,0.26869419692801133
25547,Neutral,0.5064003647769947,0.10708707948614543,0.38651255573686
25548,Neutral,0.5049457146613054,0.0881961484814995,0.40685813685719513
25549,LOF,0.4140767209029609,0.09116299177299356,0.49476028732404553
25550,LOF,0.34766392631597975,0.14326795530070807,0.5090681183833122
25551,LOF,0.29956369595197324,0.15007464001032805,0.5503616640376987
25552,LOF,0.24506983678047442,0.13875128317734334,0.6161788800421821
25553,Neutral,0.8236685395763366,0.043584343162898324,0.13274711726076507
25554,LOF,0.28359677049827064,0.12722859258789962,0.5891746369138297
25555,LOF,0.23603127633362264,0.12272039546473702,0.6412483282016403
25556,LOF,0.43781127455568675,0.10522849974123077,0.4569602257030825
25557,LOF,0.23140910096660455,0.12547295790896296,0.6431179411244325
25558,LOF,0.28836118956366663,0.1237151579684634,0.5879236524678699
25559,LOF,0.19473161720703244,0.13577730182417985,0.6694910809687876
25560,LOF,0.14846216460369716,0.09396935067510133,0.7575684847212015
25561,LOF,0.15171779973979413,0.10797828403147276,0.740303916228733
25562,LOF,0.07393952212766192,0.07734119845848571,0.8487192794138524
25563,LOF,0.0208465828737489,0.11076315179727973,0.8683902653289715
25564,LOF,0.22093244216929014,0.1080944034021098,0.6709731544286001
25565,LOF,0.2165319927997463,0.13604037319633744,0.6474276340039162
25566,GOF,0.09438325015817853,0.7341677074323096,0.1714490424095119
25567,LOF,0.038491786845698,0.13141213922331976,0.8300960739309822
25568,LOF,0.060322759490948535,0.06754964319957772,0.8721275973094739
25569,LOF,0.05934303752007236,0.06916919876285456,0.871487763717073
25570,LOF,0.028826788756130074,0.0875400650290389,0.883633146214831
25571,LOF,0.02847452217339813,0.09406437478175621,0.8774611030448456
25572,LOF,0.06241402294537355,0.11375469422224058,0.8238312828323858
25573,LOF,0.058560374357321636,0.08003176050221415,0.8614078651404642
25574,LOF,0.056911777023810374,0.18228165968889298,0.7608065632872967
25575,LOF,0.022464833778332922,0.1079278010748412,0.8696073651468259
25576,LOF,0.03528210679052141,0.14539112042172758,0.819326772787751
25577,LOF,0.029594140794651398,0.10100025362964093,0.8694056055757078
25578,LOF,0.2992000844331955,0.0708966554396133,0.6299032601271911
25579,LOF,0.13079078978686376,0.07738929923532968,0.7918199109778065
25580,LOF,0.019928563416577484,0.06760388298020903,0.9124675536032134
25581,LOF,0.05640895146710666,0.06380732240446114,0.8797837261284323
25582,LOF,0.056691399831359145,0.06287508993227373,0.8804335102363672
25583,LOF,0.02137998124217908,0.07435106189786891,0.904268956859952
25584,Neutral,0.6631667599829254,0.10056520264399403,0.23626803737308066
25585,LOF,0.03253296983723058,0.11776840619200699,0.8496986239707623
25586,LOF,0.01826587265744818,0.06350025135413094,0.9182338759884208
25587,LOF,0.017983165874113846,0.05724309014208502,0.9247737439838011
25588,LOF,0.020882493423296566,0.0676457626508094,0.911471743925894
25589,Neutral,0.517548337345534,0.1906836859276538,0.29176797672681215
25590,LOF,0.04821761004178415,0.09644477951528764,0.8553376104429281
25591,LOF,0.09508006196930399,0.0521244752089587,0.8527954628217373
25592,LOF,0.054458020588510715,0.11510018192354159,0.8304417974879478
25593,LOF,0.12299397239768342,0.2477496562624408,0.6292563713398758
25594,LOF,0.053176758984428175,0.11112254438898492,0.835700696626587
25595,LOF,0.052962833160640266,0.07667820722044558,0.8703589596189142
25596,LOF,0.11140281330424952,0.04746679011272046,0.84113039658303
25597,LOF,0.08114326817035684,0.056002691873962854,0.8628540399556802
25598,LOF,0.04972088390175597,0.08094030457770364,0.8693388115205404
25599,GOF,0.019617318140499242,0.5272960877695403,0.4530865940899605
25600,GOF,0.1740980130304054,0.505756803236943,0.32014518373265155
25601,LOF,0.0377625582685292,0.3895447318824986,0.5726927098489722
25602,LOF,0.03331492985067976,0.05830330525365018,0.90838176489567
25603,LOF,0.03451868024798308,0.028943464244489576,0.9365378555075273
25604,LOF,0.03800723097286535,0.059790578295608604,0.9022021907315261
25605,LOF,0.04215574210072401,0.17317877422652425,0.7846654836727518
25606,LOF,0.43826952120232837,0.09861403403792803,0.4631164447597436
25607,LOF,0.02517096150072523,0.1631589842271664,0.8116700542721084
25608,LOF,0.03401097727963369,0.07686470895510249,0.8891243137652638
25609,GOF,0.15563975863172363,0.5489063436696514,0.2954538976986251
25610,LOF,0.01589038343388009,0.02653252722955376,0.9575770893365662
25611,LOF,0.01588232208804006,0.032721313178331185,0.9513963647336287
25612,LOF,0.04888347325958743,0.04019258801419647,0.910923938726216
25613,LOF,0.04591058497419245,0.039276362216439105,0.9148130528093685
25614,LOF,0.02289606293426336,0.02552720954232728,0.9515767275234094
25615,LOF,0.04603389672587478,0.03926793788166487,0.9146981653924603
25616,LOF,0.048189659591430505,0.026045867067952685,0.9257644733406168
25617,LOF,0.04233469263522465,0.035056721882094716,0.9226085854826808
25618,LOF,0.053763681475097656,0.034759422494572145,0.9114768960303302
25619,LOF,0.015448585455979272,0.03147197254086219,0.9530794420031585
25620,LOF,0.06090636117786639,0.03943277984943677,0.8996608589726969
25621,LOF,0.051885020520077395,0.035070552971090095,0.9130444265088327
25622,LOF,0.06298894978241029,0.03402716580491476,0.9029838844126749
25623,LOF,0.0755786983036322,0.02901225430057402,0.8954090473957939
25624,LOF,0.019133879681169166,0.03287020013135074,0.9479959201874801
25625,LOF,0.06562499215660303,0.03975580431188916,0.8946192035315078
25626,LOF,0.04562404011347553,0.03853972133924405,0.9158362385472805
25627,Neutral,0.8864179597951902,0.023786214793362893,0.08979582541144684
25628,LOF,0.13202646043190042,0.06666907800690894,0.8013044615611907
25629,LOF,0.06257941685600428,0.04299128478715472,0.8944292983568409
25630,LOF,0.24265049854946927,0.07877115323511963,0.6785783482154111
25631,Neutral,0.5321645364597297,0.06879747728632783,0.3990379862539424
25632,LOF,0.02648294964815496,0.0645363396979366,0.9089807106539085
25633,LOF,0.20537061518140598,0.035951617371137966,0.7586777674474561
25634,LOF,0.03633615328330881,0.0765660125188053,0.8870978341978858
25635,LOF,0.04077656088123273,0.043402365501654654,0.9158210736171125
25636,LOF,0.03769926416692516,0.47797376950979586,0.4843269663232788
25637,GOF,0.07133747974711681,0.4818617008594194,0.4468008193934639
25638,LOF,0.0451860615421441,0.31586120420128866,0.6389527342565673
25639,LOF,0.03397241195385621,0.355168145728429,0.6108594423177148
25640,Neutral,0.8212635321156815,0.13435181684834174,0.04438465103597667
25641,LOF,0.050748740660196634,0.45188074965239367,0.4973705096874097
25642,LOF,0.03849674439075074,0.15708030199800502,0.8044229536112443
25643,LOF,0.20606289571810638,0.16369615519947012,0.6302409490824235
25644,LOF,0.01916865394532719,0.47438805781250054,0.5064432882421722
25645,LOF,0.018617623479334367,0.44266671883931435,0.5387156576813512
25646,LOF,0.04754559619605591,0.3764664490303608,0.5759879547735833
25647,LOF,0.02128857540082969,0.2816768666115952,0.6970345579875752
25648,LOF,0.027638777789013587,0.25566123761185855,0.7166999845991279
25649,LOF,0.0142069680517791,0.27031816485021276,0.7154748670980081
25650,LOF,0.050360196110434505,0.4592957211596638,0.4903440827299019
25651,LOF,0.015000435105762011,0.2888158955430221,0.6961836693512158
25652,LOF,0.026676475762472007,0.2916571587683612,0.6816663654691668
25653,LOF,0.07914495556593149,0.43803399899763995,0.48282104543642845
25654,LOF,0.021920148107052277,0.22026682563371994,0.7578130262592278
25655,GOF,0.21975466628659868,0.4125595091281351,0.3676858245852663
25656,LOF,0.2753049025308761,0.04798848699405732,0.6767066104750666
25657,LOF,0.07825499490197056,0.057745722699271695,0.8639992823987578
25658,LOF,0.38075860605581546,0.0472155415180826,0.5720258524261019
25659,Neutral,0.5349959212663641,0.06585728036372018,0.3991467983699158
25660,LOF,0.026231216770004808,0.08159632699418332,0.892172456235812
25661,LOF,0.09051092564842339,0.055397750969775165,0.8540913233818014
25662,LOF,0.03232561885738548,0.029520543078875118,0.9381538380637395
25663,LOF,0.04123405501521644,0.04238710647972175,0.9163788385050619
25664,LOF,0.14660773447755088,0.055918587613930044,0.7974736779085191
25665,LOF,0.05688969523968624,0.031104505757888923,0.9120057990024248
25666,LOF,0.09445732509860699,0.06970187972197225,0.8358407951794208
25667,LOF,0.0665365033738373,0.03686702370015303,0.8965964729260096
25668,LOF,0.037163414160363915,0.046089952080652676,0.9167466337589834
25669,LOF,0.03551896323404528,0.05226153207496632,0.9122195046909883
25670,LOF,0.1408440149445302,0.0450510219710355,0.8141049630844343
25671,LOF,0.0931654271604773,0.030969374120748534,0.8758651987187742
25672,LOF,0.05540201764404213,0.041394596275739846,0.9032033860802181
25673,LOF,0.08763003615014993,0.04045206639136927,0.8719178974584809
25674,LOF,0.07443731604132262,0.04928348935116699,0.8762791946075104
25675,LOF,0.12106737641333527,0.04957251247092958,0.8293601111157352
25676,LOF,0.017917008829613747,0.049231134251200716,0.9328518569191855
25677,LOF,0.025607960940634802,0.06689440221152651,0.9074976368478388
25678,LOF,0.1839179539658441,0.056137386574149115,0.7599446594600069
25679,LOF,0.12565372949284928,0.07468049215920457,0.7996657783479462
25680,LOF,0.03168902352666213,0.10949549946894643,0.8588154770043914
25681,LOF,0.05033103613357427,0.10097726115123229,0.8486917027151936
25682,LOF,0.14221817831215164,0.061950096914611896,0.7958317247732364
25683,LOF,0.12124535297244758,0.08233896368911922,0.796415683338433
25684,LOF,0.04337689161899084,0.05884691924653581,0.8977761891344734
25685,LOF,0.1407398849959455,0.04923173912994422,0.8100283758741103
25686,LOF,0.0821033931865165,0.088117088211435,0.8297795186020485
25687,LOF,0.11574010225844913,0.07690254242863974,0.8073573553129112
25688,LOF,0.29683800721722464,0.03287876136099809,0.6702832314217773
25689,LOF,0.20069437668080467,0.04386427883741614,0.7554413444817792
25690,LOF,0.34814305882453767,0.03360659767309134,0.6182503435023711
25691,Neutral,0.6871768585803467,0.023698351037155032,0.2891247903824983
25692,LOF,0.2884514576485843,0.010635049624228782,0.7009134927271868
25693,LOF,0.04790255858856654,0.4575229866864777,0.49457445472495587
25694,LOF,0.12624667219897517,0.02158793704805525,0.8521653907529696
25695,LOF,0.11877966437286494,0.021390469560066763,0.8598298660670683
25696,LOF,0.12361442597160477,0.011334170542344498,0.8650514034860508
25697,LOF,0.12341791119186535,0.026938276777914247,0.8496438120302204
25698,LOF,0.3717644241386059,0.2314067160892134,0.3968288597721808
25699,LOF,0.4290596308970619,0.04665509464194074,0.5242852744609973
25700,LOF,0.04886892119312398,0.00872762932452726,0.9424034494823487
25701,LOF,0.16165529159339057,0.06153528615482613,0.7768094222517834
25702,GOF,0.17364850936405987,0.5619930188191631,0.26435847181677696
25703,LOF,0.017800623270389605,0.16253294552634667,0.8196664312032637
25704,LOF,0.052043741589490454,0.11689060732733879,0.8310656510831707
25705,LOF,0.05774981839408602,0.18284409160437287,0.7594060900015411
25706,LOF,0.09086657422150876,0.354481914637193,0.5546515111412983
25707,LOF,0.08336736454661066,0.2794145633663721,0.6372180720870172
25708,LOF,0.03126020402995005,0.26626228135693447,0.7024775146131154
25709,LOF,0.05645901114429047,0.04130127203695484,0.9022397168187548
25710,LOF,0.01170143890660148,0.12930218295145673,0.8589963781419419
25711,LOF,0.019136046532885947,0.08915855808117214,0.8917053953859418
25712,LOF,0.01256062754924869,0.1694938775725623,0.8179454948781891
25713,LOF,0.018373728854643095,0.07709592512198793,0.904530346023369
25714,LOF,0.06592768009669339,0.0739498873812834,0.8601224325220231
25715,LOF,0.010086358410741377,0.14008247146104633,0.8498311701282123
25716,LOF,0.014876832520209715,0.10607374215229555,0.8790494253274946
25717,LOF,0.013106769451013286,0.08137376646136406,0.9055194640876226
25718,LOF,0.011819774719122551,0.10208237134812718,0.8860978539327503
25719,LOF,0.018400944716199366,0.08198044065642728,0.8996186146273734
25720,LOF,0.020816158981003745,0.06834079330690185,0.9108430477120943
25721,LOF,0.0151799175495001,0.1016994979854839,0.8831205844650161
25722,LOF,0.013349059208879755,0.11379871260688448,0.8728522281842358
25723,LOF,0.021676385940779763,0.04349429491679179,0.9348293191424285
25724,LOF,0.021269117275772444,0.08125909302676398,0.8974717896974636
25725,LOF,0.011884849908885761,0.06978043971413121,0.9183347103769829
25726,LOF,0.014523012966638538,0.09536169320982632,0.8901152938235352
25727,LOF,0.012628724939815228,0.0815470937838526,0.9058241812763322
25728,LOF,0.00950678056891102,0.10582192664263683,0.8846712927884521
25729,LOF,0.009759121384518638,0.10609202442550915,0.8841488541899721
25730,LOF,0.01337152635201665,0.08179982313129637,0.9048286505166869
25731,LOF,0.022352184305981078,0.11075655450392227,0.8668912611900966
25732,LOF,0.014779624714540885,0.08625941487813601,0.8989609604073231
25733,LOF,0.015583076573037993,0.076946333587524,0.907470589839438
25734,LOF,0.012877142189752609,0.12439338773789614,0.8627294700723511
25735,LOF,0.013239040882709888,0.08245379504602865,0.9043071640712614
25736,LOF,0.013613523987415192,0.11529189524322263,0.8710945807693621
25737,LOF,0.020669850783217338,0.08442750524510034,0.8949026439716823
25738,LOF,0.01320448887888441,0.12506207499946564,0.8617334361216499
25739,LOF,0.01978025584590784,0.08410315249319711,0.8961165916608951
25740,LOF,0.02514170100684036,0.10156450549453341,0.8732937934986263
25741,LOF,0.014366738028168225,0.10871329851608978,0.876919963455742
25742,LOF,0.10562898150107923,0.0794449959618758,0.8149260225370449
25743,LOF,0.03457864211184925,0.02661290371502952,0.9388084541731213
25744,Neutral,0.5943339907381815,0.20639356968619096,0.19927243957562746
25745,LOF,0.07503563219777619,0.06534904909200656,0.8596153187102173
25746,LOF,0.04083685768867687,0.07567383379983343,0.8834893085114897
25747,LOF,0.022500494332516052,0.036738743251918414,0.9407607624155655
25748,LOF,0.10537850565584617,0.055187740348640116,0.8394337539955137
25749,LOF,0.024894731035048717,0.07428380730275297,0.9008214616621983
25750,LOF,0.08520399715807091,0.08102928140376833,0.8337667214381608
25751,LOF,0.09089055310480142,0.05124109497452351,0.8578683519206751
25752,GOF,0.10189686817507168,0.656762991592703,0.24134014023222528
25753,LOF,0.02088146081248052,0.2474096448591609,0.7317088943283587
25754,GOF,0.010314068403110187,0.7585363303875776,0.2311496012093122
25755,LOF,0.02239185013922251,0.3699389669005927,0.6076691829601849
25756,LOF,0.04137578189708424,0.362467681525712,0.5961565365772037
25757,GOF,0.013750482804317343,0.8201752654507469,0.1660742517449356
25758,GOF,0.02702226013016495,0.8137034636583,0.15927427621153506
25759,GOF,0.011173240936888158,0.5274852354360382,0.46134152362707365
25760,LOF,0.013083187169593223,0.2142737541007241,0.7726430587296828
25761,GOF,0.27528102482625505,0.597032852568599,0.1276861226051459
25762,LOF,0.037836752804647676,0.2527550617624924,0.7094081854328599
25763,LOF,0.014195753104120934,0.1898788393129672,0.7959254075829119
25764,GOF,0.08231620711473936,0.6198920858218192,0.2977917070634415
25765,GOF,0.040549731682645286,0.7428624241034145,0.2165878442139403
25766,GOF,0.06110250137873553,0.7531656694756856,0.18573182914557881
25767,GOF,0.1838459375959471,0.43922337859524896,0.37693068380880385
25768,LOF,0.09221976491172915,0.06807602173877586,0.839704213349495
25769,LOF,0.06358162842181357,0.06602797650705997,0.8703903950711265
25770,LOF,0.271251065965641,0.08674750894232178,0.6420014250920372
25771,LOF,0.042985080122272326,0.0442834158321638,0.9127315040455639
25772,LOF,0.01677141281463485,0.03403800003651996,0.9491905871488453
25773,LOF,0.04476641272371207,0.07752644455332931,0.8777071427229586
25774,LOF,0.02822436765938593,0.07392782466207869,0.8978478076785353
25775,LOF,0.04677871157877428,0.04364480563477816,0.9095764827864475
25776,LOF,0.06894318172869798,0.02630016467621267,0.9047566535950893
25777,LOF,0.33549463556504855,0.051884901803903885,0.6126204626310474
25778,LOF,0.06448334033031754,0.051103340976088145,0.8844133186935944
25779,GOF,0.36723809354560666,0.5914471867638535,0.04131471969053984
25780,GOF,0.2958338331235218,0.6317427123341518,0.0724234545423264
25781,GOF,0.13036339484560075,0.7639967205906526,0.10563988456374669
25782,GOF,0.19980838713950477,0.7320647259063521,0.06812688695414326
25783,GOF,0.029733759061983243,0.6517661069710369,0.3185001339669799
25784,GOF,0.4754271236023139,0.4834263184465793,0.04114655795110674
25785,GOF,0.4336825978337184,0.5254741618113921,0.04084324035488966
25786,GOF,0.025846401109658766,0.7538237879439506,0.22032981094639076
25787,Neutral,0.6318227464767545,0.343700997378717,0.024476256144528502
25788,LOF,0.048438156182327725,0.11584063134714868,0.8357212124705236
25789,GOF,0.1838227295943271,0.6824564041956077,0.13372086621006518
25790,GOF,0.20727286778442497,0.6835890908255127,0.10913804139006249
25791,GOF,0.14980341343210568,0.6756387284336978,0.17455785813419658
25792,GOF,0.33088708126753913,0.5354553168146007,0.13365760191786036
25793,GOF,0.2362521626461258,0.5553439466710994,0.20840389068277473
25794,GOF,0.29240361781012314,0.5348871992923168,0.17270918289756004
25795,GOF,0.06702059292065037,0.706632489865077,0.2263469172142727
25796,Neutral,0.5298055417323553,0.3849921030515494,0.08520235521609532
25797,GOF,0.08839659810563366,0.5705300145178122,0.3410733873765541
25798,GOF,0.009270341876165407,0.5083879497324203,0.4823417083914143
25799,LOF,0.006799182185187648,0.399145673268909,0.5940551445459034
25800,GOF,0.03060524618890602,0.6081107429174853,0.36128401089360873
25801,GOF,0.18943715444689008,0.6766645981884026,0.13389824736470735
25802,GOF,0.07135574747045205,0.6855493130238922,0.24309493950565572
25803,GOF,0.03432672014415443,0.56846106944545,0.39721221041039556
25804,GOF,0.03059900532494861,0.4916869460111626,0.4777140486638887
25805,GOF,0.10317089126742332,0.5823566850744775,0.3144724236580992
25806,GOF,0.09749619386810214,0.5712905742409131,0.3312132318909847
25807,GOF,0.020288046653046128,0.6200074350136191,0.3597045183333348
25808,GOF,0.07472853765832371,0.6245113605103728,0.3007601018313035
25809,GOF,0.018412398466660082,0.583966982837004,0.3976206186963359
25810,GOF,0.016747169861890496,0.6182439803507958,0.3650088497873138
25811,GOF,0.4391400347698728,0.47284167915514086,0.08801828607498625
25812,GOF,0.028130055366198083,0.6265991055494599,0.345270839084342
25813,Neutral,0.48649853003931937,0.416272522471228,0.09722894748945256
25814,GOF,0.10387689950569393,0.6461623857077554,0.24996071478655063
25815,GOF,0.18705348759374169,0.6288141114426157,0.1841324009636426
25816,GOF,0.023655985542293333,0.7115529363231836,0.2647910781345231
25817,GOF,0.23438188849411,0.6421120127848593,0.12350609872103063
25818,GOF,0.054684622305512506,0.6731624364791036,0.27215294121538386
25819,GOF,0.35239525355434154,0.5111401575318457,0.13646458891381272
25820,GOF,0.18135479910172672,0.6054671533607395,0.21317804753753386
25821,GOF,0.05756175521976098,0.6812526205745704,0.26118562420566865
25822,GOF,0.2188936162455549,0.5734941312999219,0.20761225245452306
25823,GOF,0.034920658923992626,0.5360628277770845,0.4290165132989229
25824,GOF,0.09215564324099693,0.6169445822242902,0.290899774534713
25825,GOF,0.03740993010361766,0.6108896139671802,0.35170045592920224
25826,GOF,0.01733484216992277,0.5929220272072574,0.3897431306228199
25827,GOF,0.025984501185724346,0.6162813235941046,0.3577341752201711
25828,GOF,0.014044493315649408,0.5397426040906593,0.4462129025936913
25829,GOF,0.006148284401426111,0.5762689497405926,0.41758276585798115
25830,LOF,0.03432161425587523,0.3191447168910763,0.6465336688530484
25831,GOF,0.1978966691797058,0.685148674846579,0.11695465597371513
25832,GOF,0.03068802507334229,0.7241266856603766,0.24518528926628114
25833,GOF,0.11474001348385532,0.7322237546016626,0.15303623191448198
25834,GOF,0.03019914518562436,0.7438645671223891,0.22593628769198648
25835,GOF,0.06571945036303882,0.7741212700343911,0.16015927960257006
25836,GOF,0.03187833869116111,0.7056366360453704,0.2624850252634685
25837,GOF,0.02590137275411208,0.6279416823853473,0.3461569448605405
25838,GOF,0.08722482152446398,0.7855652975584323,0.12720988091710378
25839,GOF,0.26922944588736775,0.5898907956234005,0.1408797584892318
25840,GOF,0.23787476998387164,0.6226022391433654,0.13952299087276293
25841,GOF,0.22977085403858394,0.6401506545403834,0.13007849142103264
25842,GOF,0.14559077664496253,0.7270211668701598,0.12738805648487755
25843,GOF,0.19132242778848976,0.7187335915297868,0.0899439806817234
25844,GOF,0.058437907262929495,0.734089656814932,0.20747243592213835
25845,GOF,0.015052742672638517,0.5232594049469366,0.461687852380425
25846,GOF,0.11502681438693514,0.7543778552014679,0.13059533041159696
25847,GOF,0.10046991689998287,0.7938800651243696,0.10565001797564758
25848,GOF,0.03635995736497447,0.7130938514033635,0.2505461912316621
25849,GOF,0.010424064491867866,0.6111356342855868,0.3784403012225453
25850,GOF,0.02101931197777387,0.675236264671409,0.3037444233508171
25851,GOF,0.015757376457860416,0.549612278594056,0.43463034494808356
25852,GOF,0.16723286970488765,0.5799278253819116,0.2528393049132007
25853,GOF,0.3378005233724957,0.587948207758571,0.07425126886893328
25854,GOF,0.019691471553328323,0.6267689320883807,0.3535395963582909
25855,GOF,0.032355688393200306,0.5766374837827924,0.3910068278240072
25856,GOF,0.24108312114001268,0.5539386892410977,0.20497818961888964
25857,GOF,0.03752932066133152,0.5313920756666765,0.431078603671992
25858,GOF,0.01996413868752342,0.5414935833577769,0.4385422779546997
25859,GOF,0.010064596469473035,0.5193287191993421,0.4706066843311848
25860,GOF,0.349754099266553,0.571118070621705,0.07912783011174207
25861,GOF,0.3769353410477322,0.5511249969806279,0.07193966197163992
25862,GOF,0.07932113856989381,0.778503566220192,0.14217529520991415
25863,GOF,0.07677467004370167,0.7874583106773679,0.13576701927893042
25864,GOF,0.17991137523738948,0.745612765908887,0.0744758588537234
25865,GOF,0.08091770113140923,0.8128118827848332,0.10627041608375755
25866,GOF,0.05198700249777015,0.7997743563935577,0.1482386411086723
25867,GOF,0.08063849653720534,0.8235796312936297,0.09578187216916496
25868,GOF,0.24446201740761478,0.6574414590122556,0.0980965235801297
25869,Neutral,0.7036333885667253,0.25306082727937473,0.04330578415390005
25870,GOF,0.26848138345477746,0.436149486640463,0.2953691299047596
25871,GOF,0.20365274798205776,0.6632326758911109,0.1331145761268314
25872,GOF,0.07211648742392907,0.6638753538498109,0.26400815872626
25873,GOF,0.10150701588151208,0.7018051722973679,0.1966878118211199
25874,LOF,0.014386979142002205,0.12641726535352735,0.8591957555044705
25875,LOF,0.08653110617046819,0.042973046506659625,0.8704958473228722
25876,LOF,0.03528874736888887,0.03009544364261053,0.9346158089885006
25877,Neutral,0.5255507407995373,0.043631734213186654,0.430817524987276
25878,LOF,0.24556176459106696,0.09821589450611572,0.6562223409028173
25879,LOF,0.0840189952017265,0.08723695095295424,0.8287440538453192
25880,LOF,0.04099664932429831,0.015331099749214499,0.9436722509264873
25881,LOF,0.17638133524450963,0.10753805356426169,0.7160806111912287
25882,LOF,0.0632537373990913,0.01717055481285295,0.9195757077880556
25883,LOF,0.06486867455406864,0.019545573873254632,0.9155857515726769
25884,LOF,0.033116290587096905,0.028522963555815274,0.9383607458570878
25885,LOF,0.060804332658644544,0.010606454866502241,0.9285892124748532
25886,LOF,0.27671013578101533,0.03814658678112248,0.6851432774378621
25887,LOF,0.1489955075836675,0.06249987972706867,0.7885046126892639
25888,LOF,0.06472079682064678,0.05484374991264858,0.8804354532667047
25889,LOF,0.03976378030564795,0.020415322416380565,0.9398208972779716
25890,LOF,0.04737598695622874,0.15598795447222366,0.7966360585715475
25891,LOF,0.038759371723195914,0.048994342751625654,0.9122462855251784
25892,LOF,0.08194892298062233,0.021628308883877845,0.8964227681354998
25893,LOF,0.22475813770496883,0.018086705910436054,0.7571551563845952
25894,LOF,0.17167482685599003,0.010273481479084402,0.8180516916649255
25895,LOF,0.17561722786713443,0.019002299595622534,0.8053804725372431
25896,LOF,0.04858719149577274,0.02077040123176201,0.9306424072724653
25897,LOF,0.24748545059109572,0.011564304109394746,0.7409502452995096
25898,Neutral,0.7044445689528069,0.009507929869201183,0.28604750117799194
25899,LOF,0.2134566716764662,0.022158040469434332,0.7643852878540994
25900,LOF,0.47658644529047417,0.013166900968500313,0.5102466537410256
25901,LOF,0.05035891855725437,0.011310313128581738,0.9383307683141638
25902,LOF,0.1479242232574986,0.013160205959919588,0.8389155707825819
25903,Neutral,0.575335664426649,0.026751160897228732,0.39791317467612225
25904,LOF,0.3042924198561677,0.040442467711722066,0.6552651124321104
25905,LOF,0.024974579212357417,0.33080983858901325,0.6442155821986294
25906,LOF,0.03175969980944381,0.07888763976902667,0.8893526604215295
25907,LOF,0.01361663260385339,0.3307688454034823,0.6556145219926643
25908,LOF,0.009605353754897798,0.2579584567898487,0.7324361894552536
25909,LOF,0.01299229105489963,0.12590796519468078,0.8610997437504196
25910,LOF,0.05236417413135361,0.1465207068876823,0.801115118980964
25911,LOF,0.18890139160622155,0.027197650548523668,0.7839009578452548
25912,LOF,0.04251595826888443,0.053453974250929286,0.9040300674801862
25913,LOF,0.3375321476968279,0.024639542108641294,0.6378283101945308
25914,LOF,0.022415080123204922,0.0529942795209275,0.9245906403558676
25915,Neutral,0.5802590330112871,0.15403694421131572,0.2657040227773972
25916,LOF,0.07582377036688241,0.2022024620457084,0.7219737675874092
25917,LOF,0.062331559041069094,0.03929877339039838,0.8983696675685324
25918,LOF,0.023546724653635442,0.029828376286583427,0.9466248990597811
25919,LOF,0.01934016365226149,0.031645347133010766,0.9490144892147276
25920,GOF,0.11062027722823402,0.5040890918828177,0.3852906308889484
25921,LOF,0.023275193244371245,0.03586046691737739,0.9408643398382515
25922,LOF,0.0323546064933266,0.024508596038008493,0.9431367974686649
25923,LOF,0.4793223337854606,0.03316941686403559,0.48750824935050385
25924,LOF,0.034292026104856384,0.04497457466620636,0.9207333992289373
25925,LOF,0.06465492929946713,0.03768290334959864,0.8976621673509342
25926,LOF,0.04795461746559861,0.032472322521794605,0.9195730600126069
25927,LOF,0.055823650527831455,0.1266181229966404,0.8175582264755281
25928,LOF,0.017529809665914903,0.05006170542000844,0.9324084849140766
25929,Neutral,0.5861388129855206,0.03555516797707609,0.3783060190374034
25930,LOF,0.07053264638969817,0.029904753665273065,0.8995625999450287
25931,LOF,0.02304368270640202,0.03142704317547414,0.9455292741181237
25932,LOF,0.02747007662554693,0.026856131414828285,0.9456737919596249
25933,LOF,0.03887195238935528,0.01729694850265142,0.9438310991079932
25934,LOF,0.02299401030659728,0.019884715862602723,0.9571212738308
25935,LOF,0.0580815455419754,0.04757508335340204,0.8943433711046227
25936,LOF,0.04203688581112215,0.022942353887480903,0.9350207603013968
25937,LOF,0.026438837021947707,0.036697773654647686,0.9368633893234047
25938,LOF,0.06216266859556565,0.05099117884706985,0.8868461525573645
25939,LOF,0.04037281159206898,0.01914221387684479,0.9404849745310863
25940,LOF,0.0340803792311236,0.35880342450951136,0.607116196259365
25941,LOF,0.18996841196261946,0.09577748605466085,0.7142541019827197
25942,LOF,0.013645555095970967,0.03213572178300008,0.9542187231210288
25943,LOF,0.30034748584187176,0.05629160099557263,0.6433609131625555
25944,Neutral,0.49702677062205763,0.023287294789104986,0.47968593458883735
25945,LOF,0.07649678414793754,0.01941934208151098,0.9040838737705515
25946,LOF,0.03222728182662991,0.0957071167389583,0.8720656014344118
25947,LOF,0.11942709646616408,0.17314344024333803,0.7074294632904978
25948,LOF,0.3771051161674643,0.008283175485298852,0.6146117083472369
25949,LOF,0.12199450357728767,0.037447233090734416,0.840558263331978
25950,Neutral,0.3400604880509922,0.3352928778079679,0.32464663414103984
25951,LOF,0.19191782034691376,0.2437902434240869,0.5642919362289993
25952,LOF,0.04506195140919884,0.43141582824900254,0.5235222203417987
25953,LOF,0.15395410197613765,0.11274663520056408,0.7332992628232982
25954,Neutral,0.42084889521133234,0.1899171699993912,0.3892339347892764
25955,LOF,0.07920338440669245,0.07010456187269908,0.8506920537206084
25956,LOF,0.15642520173025512,0.12815820721404947,0.7154165910556953
25957,LOF,0.03795193323986375,0.030812465935484794,0.9312356008246514
25958,LOF,0.05450738161393903,0.027499967723371734,0.9179926506626893
25959,LOF,0.07473079011628099,0.3363131490882665,0.5889560607954525
25960,LOF,0.01601186314922593,0.05067773643146938,0.9333104004193048
25961,LOF,0.04154394268535775,0.028137000614103815,0.9303190567005385
25962,LOF,0.05248822425858101,0.02085064163778252,0.9266611341036364
25963,LOF,0.046884395281353596,0.18360633315484862,0.7695092715637977
25964,LOF,0.03181372359435553,0.15484795156684011,0.8133383248388043
25965,LOF,0.4237975431462564,0.06655608319590711,0.5096463736578365
25966,Neutral,0.5169094077975922,0.17404655152040743,0.30904404068200025
25967,LOF,0.014819346741480138,0.09493216954636169,0.8902484837121581
25968,LOF,0.03887125866221543,0.3628396717856345,0.5982890695521501
25969,LOF,0.037411970076447996,0.06212199840164265,0.9004660315219094
25970,LOF,0.0597780201196177,0.0499304722198128,0.8902915076605695
25971,LOF,0.07312368251965408,0.017699026931642502,0.9091772905487033
25972,LOF,0.07121169093860495,0.026012338718381232,0.9027759703430138
25973,LOF,0.07614657264570268,0.010649766182105664,0.9132036611721915
25974,LOF,0.18494620636742504,0.015273934055365933,0.799779859577209
25975,LOF,0.046224414047381646,0.02779219274207956,0.9259833932105388
25976,LOF,0.042143128674055376,0.016382915521053795,0.9414739558048909
25977,LOF,0.1512639427530138,0.08110826817977494,0.7676277890672113
25978,LOF,0.14861833254446732,0.10142813324678522,0.7499535342087474
25979,LOF,0.13798445984363053,0.10325075449240513,0.7587647856639644
25980,LOF,0.22669510630746403,0.12284474714578122,0.6504601465467548
25981,LOF,0.26097320057347034,0.12125361511684668,0.617773184309683
25982,LOF,0.4124348067801555,0.08944261965540003,0.4981225735644445
25983,LOF,0.39397402568931,0.09688061114991887,0.5091453631607711
25984,LOF,0.047506443587652436,0.05007556258344483,0.9024179938289029
25985,LOF,0.03481051271007656,0.2653663784890675,0.699823108800856
25986,LOF,0.04486777015418357,0.3188067408393462,0.6363254890064702
25987,LOF,0.08720902561358607,0.07011308860746578,0.8426778857789482
25988,LOF,0.15552105707215488,0.05934805121914817,0.785130891708697
25989,LOF,0.03489771527326728,0.10844543379235216,0.8566568509343806
25990,LOF,0.03844118693414155,0.14859474019391705,0.8129640728719413
25991,LOF,0.12309752100321575,0.25436584432278303,0.6225366346740012
25992,LOF,0.30012209565786485,0.14589090562453605,0.553986998717599
25993,LOF,0.02378002003149243,0.0653446529913671,0.9108753269771406
25994,LOF,0.01844895501243842,0.08457439355527001,0.8969766514322914
25995,LOF,0.02287655705931607,0.1943924555047316,0.7827309874359524
25996,GOF,0.2969869741894148,0.4102791059477969,0.29273391986278835
25997,LOF,0.07614347542303929,0.3765992100171062,0.5472573145598544
25998,Neutral,0.5391584597726818,0.02485971003579685,0.43598183019152137
25999,LOF,0.09782515541151955,0.09230201714062415,0.8098728274478564
26000,LOF,0.14554592831012564,0.04423979480550718,0.8102142768843673
26001,LOF,0.19875990474582125,0.04712763793164349,0.7541124573225354
26002,LOF,0.11045221166125278,0.04166265382143158,0.8478851345173156
26003,GOF,0.010341102048690784,0.6069774125412004,0.38268148541010877
26004,GOF,0.020965042468439065,0.6929598843016105,0.28607507322995046
26005,LOF,0.0063563023701906874,0.45127805745861455,0.5423656401711948
26006,Neutral,0.4866271325874596,0.2554850838109097,0.2578877836016306
26007,GOF,0.021061773272450846,0.5394596937897084,0.4394785329378408
26008,GOF,0.01695009090086961,0.6022774965652811,0.3807724125338493
26009,GOF,0.019059959789381995,0.6830572349967765,0.2978828052138414
26010,GOF,0.022834594704361735,0.6405220473880624,0.3366433579075758
26011,LOF,0.006557233788136702,0.4327792920426078,0.5606634741692555
26012,GOF,0.0129360964065772,0.5723955927919692,0.4146683108014536
26013,GOF,0.019214494897705277,0.6039169730682918,0.37686853203400295
26014,LOF,0.04013855293179763,0.12146213807953371,0.8383993089886687
26015,LOF,0.15261509437910625,0.014101014933562873,0.8332838906873309
26016,LOF,0.190586254517233,0.05692178046716927,0.7524919650155978
26017,LOF,0.2155020088603464,0.08338929520379844,0.7011086959358552
26018,LOF,0.07885986238109281,0.036023292397544635,0.8851168452213625
26019,LOF,0.07589156140005816,0.02938354224595615,0.8947248963539856
26020,LOF,0.06023758160637457,0.10467452559639123,0.8350878927972342
26021,LOF,0.04522091827192204,0.10701657705397594,0.8477625046741021
26022,LOF,0.011258744430701241,0.03897083844523556,0.9497704171240633
26023,LOF,0.06706273542312956,0.02326458866260925,0.9096726759142612
26024,LOF,0.029299912581633916,0.11614136591459201,0.8545587215037741
26025,LOF,0.1506977606529821,0.08656775244100552,0.7627344869060123
26026,LOF,0.32714466923782876,0.028597429470687514,0.6442579012914837
26027,LOF,0.06047347709715977,0.0182084626114655,0.9213180602913746
26028,LOF,0.1612154460851922,0.06477924761057549,0.7740053063042323
26029,LOF,0.06519663271708113,0.15599545765620554,0.7788079096267133
26030,LOF,0.02101140530516848,0.03605589989356045,0.9429326948012711
26031,LOF,0.02441527970411286,0.11021718743703222,0.8653675328588549
26032,LOF,0.0658351912923512,0.05102184022065942,0.8831429684869893
26033,LOF,0.08528633706982851,0.05032243990103941,0.8643912230291321
26034,LOF,0.03880556300367558,0.12749799831347444,0.8336964386828499
26035,LOF,0.023460682589730168,0.12484557643120857,0.8516937409790613
26036,LOF,0.03495374683870465,0.14491936268048258,0.8201268904808129
26037,LOF,0.019922602272218638,0.09763509423802935,0.8824423034897521
26038,LOF,0.061720072009783786,0.05259035696121423,0.8856895710290019
26039,LOF,0.04663694022884351,0.11968254460555007,0.8336805151656064
26040,LOF,0.20130880392824738,0.09307373148996381,0.7056174645817888
26041,LOF,0.020859262194832556,0.09060368960954134,0.888537048195626
26042,LOF,0.019216052971414998,0.0841404988671491,0.8966434481614358
26043,LOF,0.06245228384467055,0.05949765867931324,0.8780500574760163
26044,LOF,0.018536853855714307,0.04323784552756077,0.9382253006167249
26045,LOF,0.06550711675334099,0.07989787925066598,0.8545950039959931
26046,LOF,0.05789947261983217,0.04919733373808238,0.8929031936420855
26047,LOF,0.07505643395749101,0.05146827716542757,0.8734752888770815
26048,LOF,0.04354885265681465,0.029768885835464564,0.9266822615077208
26049,Neutral,0.9685520574452604,0.005267329779628498,0.026180612775111127
26050,Neutral,0.9512603622577103,0.0067407465904745925,0.04199889115181517
26051,LOF,0.04464271382632653,0.25443033689525935,0.7009269492784141
26052,LOF,0.06220226000038605,0.28696053152137313,0.6508372084782408
26053,LOF,0.0606434563855347,0.14879551693798407,0.7905610266764811
26054,LOF,0.050309029486700886,0.017456044069705714,0.9322349264435934
26055,LOF,0.07219284080842002,0.014687869009010717,0.9131192901825693
26056,LOF,0.06030257664900005,0.01713641759727341,0.9225610057537265
26057,LOF,0.030032700095342833,0.011911194923878673,0.9580561049807784
26058,LOF,0.031006320304904852,0.009836156019454463,0.9591575236756407
26059,LOF,0.27890021350666944,0.02086902699193431,0.7002307595013963
26060,LOF,0.04024168677586335,0.20861371335722226,0.7511445998669143
26061,LOF,0.015751762931187,0.012433353189872865,0.9718148838789401
26062,LOF,0.0093868765698633,0.018318836669196297,0.9722942867609404
26063,LOF,0.019593937100172435,0.010419581235274344,0.9699864816645533
26064,LOF,0.020091782014515554,0.023724321965252742,0.9561838960202317
26065,LOF,0.024434103993056986,0.011544414542703309,0.9640214814642397
26066,LOF,0.01998041160984784,0.010015197429570568,0.9700043909605817
26067,LOF,0.02753081463283264,0.008191362622139558,0.9642778227450278
26068,LOF,0.04129510464829072,0.031180857422474735,0.9275240379292345
26069,LOF,0.25035224395759703,0.018926606632355337,0.7307211494100476
26070,LOF,0.3954136982488203,0.015675221362214133,0.5889110803889657
26071,LOF,0.019104150781205503,0.011351450865487648,0.9695443983533069
26072,LOF,0.017763441011162225,0.016882497544540315,0.9653540614442974
26073,LOF,0.018865913461097072,0.011176100295813746,0.9699579862430892
26074,Neutral,0.9147042174824714,0.005719584887312771,0.07957619763021567
26075,LOF,0.04268732013544843,0.013429599783400055,0.9438830800811515
26076,LOF,0.03782775076211166,0.008310213880699174,0.953862035357189
26077,LOF,0.008951219571030265,0.013231329892740671,0.977817450536229
26078,LOF,0.01374179227179369,0.011122706745361945,0.9751355009828443
26079,LOF,0.05836191686567116,0.016352222463846676,0.9252858606704821
26080,LOF,0.05789232250998684,0.016327631711817652,0.9257800457781955
26081,LOF,0.03580174168719204,0.006614378781954934,0.957583879530853
26082,LOF,0.013078496699975389,0.013516686938454932,0.9734048163615697
26083,LOF,0.17647636303675077,0.013831966148112744,0.8096916708151364
26084,LOF,0.0448915905324114,0.011259128131269619,0.943849281336319
26085,LOF,0.03956034121694611,0.010871034698549963,0.9495686240845039
26086,LOF,0.020321847602520895,0.011122629199112569,0.9685555231983667
26087,LOF,0.023406188892182368,0.008435881680903735,0.9681579294269138
26088,LOF,0.016538332650744378,0.024024963746656476,0.9594367036025991
26089,LOF,0.04063208246620071,0.021433151778991695,0.9379347657548075
26090,LOF,0.04094351509310427,0.017264289686068055,0.9417921952208277
26091,LOF,0.031160057266473862,0.00625463683168499,0.9625853059018412
26092,LOF,0.02090533033810033,0.0076547892380596436,0.97143988042384
26093,LOF,0.0318439315832246,0.005820579893821545,0.9623354885229538
26094,LOF,0.03317784193565124,0.005676526983296065,0.9611456310810526
26095,LOF,0.038156549176091785,0.013170179169580304,0.948673271654328
26096,LOF,0.016092454866923265,0.010939206150628506,0.9729683389824483
26097,LOF,0.011696305526192543,0.037734444121890635,0.9505692503519169
26098,LOF,0.07763775830040419,0.011154865499093112,0.9112073762005027
26099,LOF,0.019683046517757607,0.01178932632551962,0.9685276271567228
26100,LOF,0.021588819299604087,0.011217645995800303,0.9671935347045956
26101,LOF,0.043587253962648335,0.016170085680851484,0.9402426603565002
26102,LOF,0.01909303371061452,0.01168890705551535,0.96921805923387
26103,Neutral,0.8787040319906454,0.018493140134291035,0.10280282787506348
26104,LOF,0.07714139499395072,0.02485660659068447,0.8980019984153648
26105,LOF,0.1998411996660506,0.28284609888102347,0.517312701452926
26106,LOF,0.16617992587384672,0.12703641369750016,0.706783660428653
26107,LOF,0.243691316837775,0.0828325390965479,0.6734761440656771
26108,LOF,0.19723941156237182,0.09823220206551406,0.7045283863721141
26109,LOF,0.09100248265614393,0.05845680240395457,0.8505407149399015
26110,LOF,0.2261568157422803,0.0071772759817744745,0.7666659082759452
26111,Neutral,0.5229622922134115,0.02664871514208407,0.45038899264450444
26112,LOF,0.032085620698201124,0.0068734762021947496,0.961040903099604
26113,LOF,0.06978272570759372,0.014807182590440256,0.915410091701966
26114,LOF,0.025143119422501876,0.02654296421954556,0.9483139163579525
26115,LOF,0.08858505906841253,0.046009667795445734,0.8654052731361418
26116,LOF,0.06310533890255707,0.057595760365784336,0.8792989007316585
26117,LOF,0.4694076908607025,0.03834003697922492,0.4922522721600727
26118,LOF,0.03477810220157713,0.022973210213612656,0.9422486875848102
26119,LOF,0.026582502850788045,0.029618840917889293,0.9437986562313226
26120,LOF,0.025201702951858175,0.017699836603955233,0.9570984604441866
26121,LOF,0.04327226505060449,0.07799582309936316,0.8787319118500324
