feature0,prediction,LoGoFunc_Neutral,LoGoFunc_GOF,LoGoFunc_LOF
25546,Neutral,0.5301013635742324,0.20752978768039462,0.26236884874537303
25547,Neutral,0.44401190702593696,0.24655315732225458,0.30943493565180846
25548,LOF,0.32100523777269135,0.25678610040360716,0.4222086618237014
25549,LOF,0.3038243237773406,0.25500636350609546,0.441169312716564
25550,LOF,0.3211506537278521,0.26214383925516965,0.4167055070169782
25551,LOF,0.2398089348022297,0.2879800585209462,0.4722110066768241
25552,LOF,0.21151573026511977,0.23568107271378494,0.5528031970210954
25553,Neutral,0.7234072118293973,0.13150866241241638,0.14508412575818636
25554,LOF,0.26873486452760303,0.1869788200187843,0.5442863154536127
25555,LOF,0.19779184315280807,0.20491915545805403,0.5972890013891379
25556,LOF,0.3291575778948256,0.18113169779052932,0.48971072431464496
25557,LOF,0.20280867317974227,0.20998332722883492,0.5872079995914228
25558,LOF,0.25055221583148124,0.2781660133793818,0.471281770789137
25559,LOF,0.30049638392352995,0.061020023579228456,0.6384835924972415
25560,LOF,0.04276259486209333,0.3418724461042594,0.6153649590336472
25561,LOF,0.02986691852190896,0.36373141530234426,0.6064016661757468
25562,LOF,0.03042506353739694,0.14346263154440786,0.8261123049181952
25563,LOF,0.00669452593294897,0.24082452315237296,0.752480950914678
25564,LOF,0.06551164812496861,0.055013265863673964,0.8794750860113574
25565,LOF,0.1447174286165521,0.1879574777777187,0.6673250936057292
25566,GOF,0.05334077646443878,0.5651088709748818,0.3815503525606793
25567,LOF,0.03376532103455021,0.021369892849641255,0.9448647861158086
25568,LOF,0.04059658951543536,0.03019716067294607,0.9292062498116187
25569,LOF,0.0503610572404323,0.030543635253718886,0.9190953075058487
25570,LOF,0.06596405188326543,0.028583299201233585,0.905452648915501
25571,LOF,0.06373003250540737,0.02572341106645607,0.9105465564281366
25572,LOF,0.10312394721894108,0.02369289307091972,0.8731831597101392
25573,LOF,0.07572145348162494,0.05812278841836559,0.8661557581000094
25574,LOF,0.19643636629108327,0.1421680495553677,0.661395584153549
25575,LOF,0.06770785259056777,0.03053844461462423,0.9017537027948079
25576,LOF,0.039729306698331766,0.03871282763352271,0.9215578656681456
25577,LOF,0.051960783387990324,0.02603581552676463,0.9220034010852451
25578,LOF,0.24734676075040482,0.06798330358016001,0.6846699356694351
25579,LOF,0.24704624329580713,0.06326765453698845,0.6896861021672044
25580,LOF,0.06578583714032206,0.02737565668883594,0.906838506170842
25581,LOF,0.03583724654105159,0.047131245151142434,0.917031508307806
25582,LOF,0.03583724654105159,0.047131245151142434,0.917031508307806
25583,LOF,0.06357393226947504,0.029014991723326056,0.907411076007199
25584,Neutral,0.7435830828862984,0.010750501403031272,0.2456664157106703
25585,LOF,0.04584429590062203,0.033357977177376714,0.9207977269220011
25586,LOF,0.06506216411277846,0.024373648649697068,0.9105641872375245
25587,LOF,0.061220462620828545,0.027607246262701238,0.9111722911164704
25588,LOF,0.05984585860300424,0.022391434853100516,0.9177627065438951
25589,Neutral,0.7212611246088907,0.04432557619952192,0.2344132991915874
25590,LOF,0.08101893155167257,0.029016337486193068,0.8899647309621342
25591,LOF,0.14770021817479992,0.01317151781756471,0.8391282640076353
25592,LOF,0.2097578787735049,0.07223122043067526,0.7180109007958199
25593,LOF,0.26442801635474567,0.21192794261102882,0.5236440410342256
25594,LOF,0.025522869037227374,0.06979157707669774,0.904685553886075
25595,LOF,0.031458438507993736,0.047138727412748306,0.9214028340792579
25596,LOF,0.14334511416866633,0.028491717601023786,0.8281631682303099
25597,LOF,0.16245227433240977,0.011282473501226749,0.8262652521663634
25598,LOF,0.02735435178048806,0.051437169854627915,0.921208478364884
25599,GOF,0.02282158572909216,0.610492898446514,0.3666855158243938
25600,GOF,0.12032788522807894,0.5571754287349403,0.32249668603698073
25601,LOF,0.04750951679115775,0.39942204187019176,0.5530684413386505
25602,LOF,0.13862918950604905,0.017029755622522097,0.8443410548714287
25603,LOF,0.07499262130611033,0.031935377968371516,0.8930720007255182
25604,LOF,0.10956835985070179,0.10080393681755045,0.7896277033317478
25605,LOF,0.2217703243608843,0.059744417900978175,0.7184852577381374
25606,Neutral,0.6243710986323222,0.047800144521910524,0.3278287568457671
25607,LOF,0.062457537753043704,0.07158386140131723,0.8659586008456391
25608,LOF,0.047205688485444666,0.12230946913202077,0.8304848423825345
25609,GOF,0.08774841276276889,0.6954378230657349,0.21681376417149625
25610,LOF,0.029640358167081812,0.07121485948204577,0.8991447823508725
25611,LOF,0.0307180548529613,0.0688477132428139,0.9004342319042248
25612,LOF,0.04325003614756843,0.06951724524267486,0.8872327186097567
25613,LOF,0.04873290461437681,0.07751681705588802,0.8737502783297351
25614,LOF,0.0406605520930087,0.11916001288920358,0.8401794350177877
25615,LOF,0.055703493002204535,0.09575849039597378,0.8485380166018216
25616,LOF,0.02851977876052093,0.10177106638055629,0.8697091548589229
25617,LOF,0.026874167012149015,0.11836981270118348,0.8547560202866675
25618,LOF,0.1618415943861469,0.41514786721688324,0.4230105383969698
25619,LOF,0.03481605613574348,0.24620197689910206,0.7189819669651545
25620,LOF,0.027654144194430547,0.1116410846468458,0.8607047711587237
25621,LOF,0.0890820498442986,0.054181900054068186,0.8567360501016332
25622,LOF,0.0771639352333398,0.08084540517172656,0.8419906595949336
25623,LOF,0.08316289088964368,0.05365349525530604,0.8631836138550504
25624,LOF,0.03531177778802206,0.1692217258407958,0.7954664963711822
25625,LOF,0.06980339749725746,0.07911921781559729,0.8510773846871452
25626,LOF,0.031064873818418708,0.06977077757978253,0.8991643486017988
25627,Neutral,0.8262562815637942,0.048104793153017834,0.12563892528318787
25628,LOF,0.12210592904074458,0.13238347729493108,0.7455105936643243
25629,LOF,0.0262356889978093,0.15771813155460915,0.8160461794475816
25630,LOF,0.3283183591078472,0.07877103575277664,0.5929106051393761
25631,LOF,0.35903937818577936,0.11345792543701645,0.5275026963772043
25632,LOF,0.020833411170496263,0.09269477187285417,0.8864718169566496
25633,LOF,0.14103886801857837,0.08967953035610157,0.7692816016253201
25634,LOF,0.040873011689240756,0.04026565389982821,0.918861334410931
25635,LOF,0.04114543328324763,0.05239307817559831,0.906461488541154
25636,GOF,0.021553446373413634,0.5814364116900438,0.39701014193654255
25637,GOF,0.020128724235339485,0.5633921309976059,0.4164791447670548
25638,GOF,0.009899391794219394,0.617115572015568,0.3729850361902126
25639,LOF,0.02779201431322404,0.4418775848309572,0.5303304008558187
25640,Neutral,0.8140676572876185,0.14384743721087248,0.04208490550150881
25641,GOF,0.06770374873551731,0.46752350601978804,0.4647727452446946
25642,LOF,0.05298689436414481,0.3635348709828741,0.583478234652981
25643,Neutral,0.33599614919840104,0.3298009845163834,0.33420286628521556
25644,LOF,0.016061112767297284,0.3707136643267178,0.6132252229059849
25645,LOF,0.013475865284313536,0.3399625089395394,0.6465616257761472
25646,LOF,0.03308243285015447,0.32822629024596883,0.6386912769038766
25647,LOF,0.015569127890796987,0.2098051769808428,0.7746256951283602
25648,LOF,0.019229233186207968,0.2857672105168908,0.6950035562969012
25649,LOF,0.011977558747525175,0.15203637459813657,0.8359860666543383
25650,LOF,0.054547433312268655,0.3093341163684201,0.6361184503193111
25651,LOF,0.015834476318814853,0.18296032879110052,0.8012051948900847
25652,LOF,0.012621151648035095,0.269226549835258,0.7181522985167068
25653,LOF,0.03709020926309779,0.2887477550556254,0.6741620356812769
25654,LOF,0.009622759669232145,0.33381102646538063,0.6565662138653873
25655,LOF,0.08368689097454877,0.34244027711779906,0.5738728319076521
25656,LOF,0.11634655230871079,0.2960838123677052,0.5875696353235841
25657,LOF,0.05230994559255207,0.4384680491565468,0.5092220052509011
25658,GOF,0.1097001756672705,0.475775616780378,0.4145242075523513
25659,GOF,0.2304938173073772,0.5702805840761648,0.19922559861645806
25660,LOF,0.03963360353334303,0.2554131963385521,0.7049532001281048
25661,LOF,0.03081062910891487,0.2683052245843873,0.7008841463066978
25662,LOF,0.02717122791002527,0.08565084599291474,0.8871779260970599
25663,LOF,0.03100356736651031,0.061933516327723565,0.9070629163057661
25664,LOF,0.07867330828982659,0.08784931597551358,0.8334773757346597
25665,LOF,0.037539637494817486,0.04645246382408126,0.9160078986811012
25666,LOF,0.07087431146656362,0.07658175166768812,0.8525439368657483
25667,LOF,0.028332545708634516,0.1303542591294162,0.8413131951619492
25668,LOF,0.03204001626817553,0.14644284801980864,0.8215171357120159
25669,LOF,0.025828623109113078,0.15693410183981188,0.8172372750510751
25670,LOF,0.11143296074090749,0.055237981095287006,0.8333290581638055
25671,LOF,0.0326054624260823,0.05896174903552475,0.9084327885383929
25672,LOF,0.025338485047803876,0.0866534796977794,0.8880080352544167
25673,LOF,0.08683060793451713,0.05246388923547528,0.8607055028300077
25674,LOF,0.07966994226639593,0.049960831969011375,0.8703692257645927
25675,LOF,0.07683923873365735,0.039833667112598226,0.8833270941537444
25676,LOF,0.0275140023783894,0.08995326624961257,0.8825327313719981
25677,LOF,0.03589824855476582,0.17504468611217572,0.7890570653330584
25678,LOF,0.07243635823317661,0.13299499078320776,0.7945686509836157
25679,LOF,0.14746174013012178,0.09279555050121471,0.7597427093686634
25680,LOF,0.04632969046903276,0.20970687877204497,0.7439634307589222
25681,LOF,0.04458516562744602,0.2320505273915279,0.7233643069810262
25682,LOF,0.029539015265384345,0.11551374900177229,0.8549472357328435
25683,LOF,0.11025642653948785,0.04900046608605536,0.8407431073744568
25684,LOF,0.027728967727310434,0.12812795908268448,0.8441430731900051
25685,GOF,0.03917009589611697,0.49047521327970706,0.47035469082417597
25686,GOF,0.026913523541058998,0.48819001094334974,0.4848964655155913
25687,GOF,0.03512624681412717,0.6570861845841006,0.30778756860177225
25688,LOF,0.425629025521261,0.03357037535566561,0.5408005991230734
25689,LOF,0.20320086272536642,0.03855825882278875,0.7582408784518448
25690,LOF,0.2726721921685185,0.048530400324356,0.6787974075071255
25691,Neutral,0.6700007840547823,0.054228711310647146,0.2757705046345705
25692,LOF,0.16049102535221269,0.011836336230354362,0.827672638417433
25693,GOF,0.060050580696916885,0.6874384530235387,0.25251096627954456
25694,LOF,0.12837688297684335,0.03284803077896949,0.8387750862441871
25695,LOF,0.11216132141979583,0.021935755231724956,0.8659029233484793
25696,LOF,0.13859770375926878,0.040755179790345465,0.8206471164503858
25697,LOF,0.0675265289156461,0.17750389741081374,0.7549695736735401
25698,LOF,0.2021430884947787,0.2670401925591611,0.5308167189460602
25699,GOF,0.19771683276603505,0.4836824927589254,0.3186006744750394
25700,LOF,0.04524366885828947,0.06157568101060691,0.8931806501311037
25701,LOF,0.18435273447394937,0.2696937541866225,0.5459535113394282
25702,GOF,0.21109259923734536,0.6870310627278498,0.10187633803480486
25703,LOF,0.03242603899621179,0.390868531451888,0.5767054295519002
25704,LOF,0.03572139266275717,0.37998231142012695,0.584296295917116
25705,LOF,0.031123056134379552,0.4111044162310916,0.5577725276345288
25706,GOF,0.10054434387218897,0.6550465396980193,0.24440911642979185
25707,GOF,0.10266720850839048,0.5158471562086286,0.381485635282981
25708,LOF,0.03710557171750898,0.44887354114428685,0.5140208871382043
25709,LOF,0.02321690072155568,0.3824192900746284,0.5943638092038158
25710,LOF,0.016677820597708275,0.2350860947273501,0.7482360846749417
25711,LOF,0.023902300811255012,0.40845660236981374,0.5676410968189313
25712,LOF,0.0201399537129614,0.24604834645754092,0.7338116998294978
25713,LOF,0.024511685439101975,0.4068401028372745,0.5686482117236236
25714,LOF,0.03032169772011644,0.40367709673866287,0.5660012055412207
25715,LOF,0.025158735541727654,0.4289222925873209,0.5459189718709514
25716,LOF,0.01613402957899903,0.10608330965308335,0.8777826607679176
25717,LOF,0.016784194622802725,0.1136137139523393,0.869602091424858
25718,LOF,0.020020147591782077,0.25131118813448866,0.7286686642737293
25719,LOF,0.023337403253542718,0.4257310947903618,0.5509315019560955
25720,LOF,0.026862340446265363,0.32330359617410853,0.6498340633796261
25721,LOF,0.023397393927407067,0.386872405625677,0.589730200446916
25722,LOF,0.023538878597451893,0.3848385278778843,0.5916225935246638
25723,LOF,0.023362147659263373,0.4264768304300062,0.5501610219107305
25724,GOF,0.05059245734370667,0.4790417010069545,0.4703658416493388
25725,LOF,0.023134726605255545,0.3929582402396282,0.5839070331551163
25726,LOF,0.022510694853285433,0.4362038103252241,0.5412854948214906
25727,LOF,0.023192022820083563,0.43408673198193687,0.5427212451979796
25728,LOF,0.02282115704631496,0.43486717658972,0.542311666363965
25729,LOF,0.02232902190145685,0.4359978852447776,0.5416730928537655
25730,LOF,0.023296274687887794,0.4294670313344862,0.5472366939776259
25731,LOF,0.018048629375734676,0.14591829618108768,0.8360330744431775
25732,LOF,0.02161759202693964,0.21065588779314756,0.7677265201799129
25733,LOF,0.019435038951237434,0.2389408211368748,0.7416241399118878
25734,LOF,0.01990823673798092,0.2029139466591663,0.7771778166028529
25735,LOF,0.019935556466292522,0.2604163780602996,0.7196480654734079
25736,LOF,0.01916244717781996,0.25954906491640967,0.7212884879057703
25737,LOF,0.023156147563621752,0.3995670685164647,0.5772767839199137
25738,LOF,0.023319787791637986,0.42058201186025246,0.5560982003481095
25739,LOF,0.022900654478932757,0.4132912978930726,0.5638080476279946
25740,LOF,0.031779365699422475,0.3588012182677456,0.609419416032832
25741,LOF,0.030111816649953275,0.37806379219947905,0.5918243911505676
25742,LOF,0.03341298899491989,0.3432586821466295,0.6233283288584505
25743,LOF,0.03402039569711405,0.053471392548627476,0.9125082117542586
25744,Neutral,0.5244096958176611,0.21594200368581803,0.25964830049652093
25745,LOF,0.03381775343750871,0.15651984132702465,0.8096624052354666
25746,LOF,0.02020148323667649,0.20514390280672856,0.774654613956595
25747,LOF,0.027504848637092905,0.08427622262609046,0.8882189287368167
25748,LOF,0.1513411405768557,0.09777697079455908,0.7508818886285852
25749,LOF,0.02232471753602339,0.24342928717962012,0.7342459952843564
25750,LOF,0.023200628932472062,0.20778688641202983,0.7690124846554981
25751,LOF,0.03378823898229005,0.33850576989190473,0.6277059911258053
25752,GOF,0.048061409975633636,0.7024624427400377,0.24947614728432874
25753,LOF,0.014090776404936228,0.45392632247970216,0.5319829011153616
25754,GOF,0.018371692416702456,0.7836848835487041,0.1979434240345935
25755,LOF,0.021925897366628578,0.3669111966436365,0.6111629059897349
25756,GOF,0.03234632813152013,0.5315077693609445,0.4361459025075356
25757,GOF,0.015822366726915185,0.7919401606815341,0.1922374725915507
25758,GOF,0.023159244570097236,0.8235762135936892,0.1532645418362137
25759,GOF,0.015846903744413474,0.7040724215562384,0.2800806746993483
25760,LOF,0.021103241506057815,0.4115537325521773,0.5673430259417648
25761,GOF,0.2142743962834499,0.7056246913001684,0.0801009124163817
25762,LOF,0.03588336493490026,0.4420207971686415,0.5220958378964582
25763,LOF,0.020374185204317923,0.3302542578501269,0.6493715569455552
25764,GOF,0.054258055798380535,0.801399184790561,0.14434275941105854
25765,GOF,0.019670881221977205,0.8114325920841726,0.16889652669385008
25766,GOF,0.06922797969218665,0.8084229713962895,0.12234904891152391
25767,GOF,0.054068602244113265,0.8647316174421874,0.08119978031369918
25768,LOF,0.03881074948352069,0.23928432643529737,0.721904924081182
25769,LOF,0.02406823220189288,0.2609367351952313,0.7149950326028759
25770,LOF,0.230245741524709,0.120819984307632,0.6489342741676589
25771,LOF,0.06948546954095691,0.03478628277423433,0.8957282476848089
25772,LOF,0.02890047657124791,0.15170456322589865,0.8193949602028534
25773,LOF,0.07243668504772904,0.06605040125703437,0.8615129136952366
25774,LOF,0.019619367440089727,0.16896405194956118,0.811416580610349
25775,LOF,0.09165953969101091,0.03260315395663335,0.8757373063523558
25776,LOF,0.034214779076419864,0.09699211045491214,0.868793110468668
25777,LOF,0.2821813470960521,0.06365510015816062,0.6541635527457873
25778,LOF,0.026728708278008745,0.20970903753832423,0.763562254183667
25779,GOF,0.43474995234320335,0.49457477374337117,0.07067527391342547
25780,Neutral,0.5403155987039306,0.3923452297591928,0.06733917153687657
25781,GOF,0.1923376534076591,0.7293793571901065,0.07828298940223438
25782,GOF,0.2108575686029115,0.699381039651383,0.08976139174570556
25783,GOF,0.03185976075818766,0.7098508900210593,0.2582893492207531
25784,Neutral,0.6821044658236055,0.27076291759011384,0.04713261658628066
25785,Neutral,0.6810009603858744,0.20133860053664185,0.11766043907748369
25786,GOF,0.02100478388719703,0.8077971331290931,0.17119808298370975
25787,Neutral,0.8680055048295973,0.08658549889263023,0.045408996277772624
25788,LOF,0.028547267730692293,0.04772062303594242,0.9237321092333654
25789,GOF,0.16856894327765962,0.6504419627991517,0.18098909392318863
25790,GOF,0.18834673830777535,0.57752237576159,0.23413088593063455
25791,LOF,0.12979639271631088,0.4172391580219068,0.45296444926178225
25792,Neutral,0.3802756974040689,0.3020194748117863,0.3177048277841448
25793,GOF,0.3356512885189961,0.5554985167842793,0.10885019469672456
25794,GOF,0.2811730798203962,0.4779078379029201,0.24091908227668385
25795,GOF,0.06789733788142882,0.7178001587314055,0.21430250338716586
25796,Neutral,0.5464686660919591,0.2933279480172125,0.16020338589082833
25797,GOF,0.10630109849132213,0.4838783081408138,0.40982059336786414
25798,GOF,0.016857558542914697,0.5051328093265077,0.47800963213057757
25799,LOF,0.014721426187578419,0.46747527395216365,0.5178032998602579
25800,GOF,0.06267130320569395,0.6800184823167805,0.2573102144775255
25801,GOF,0.26627670087262917,0.5983850958421846,0.13533820328518628
25802,GOF,0.08570924690303822,0.6143972104741562,0.29989354262280554
25803,GOF,0.0869853695041462,0.6653561841074178,0.24765844638843595
25804,GOF,0.04664102724777793,0.6080906829851704,0.34526828976705165
25805,GOF,0.10595152940232169,0.7382381411458923,0.15581032945178616
25806,GOF,0.1404600096785805,0.6151718576110382,0.24436813271038116
25807,GOF,0.02213419658612419,0.6755513749821421,0.3023144284317337
25808,GOF,0.08730852032992313,0.6859495168743761,0.22674196279570066
25809,GOF,0.018531198135468784,0.5018449105050579,0.47962389135947325
25810,GOF,0.021529846250147238,0.5568332664094404,0.4216368873404125
25811,Neutral,0.5022605219259012,0.4147436666759545,0.08299581139814438
25812,GOF,0.05180488384593137,0.5985290848185203,0.3496660313355484
25813,Neutral,0.6656609323409814,0.19004872678100215,0.14429034087801645
25814,GOF,0.174079924278949,0.6297766074872718,0.19614346823377904
25815,GOF,0.23855262918031842,0.5973421365467677,0.1641052342729138
25816,GOF,0.028009194866597118,0.8349814547169087,0.1370093504164941
25817,GOF,0.13979681445978492,0.6733346007462561,0.18686858479395907
25818,GOF,0.0745248018279133,0.5894942606609697,0.335980937511117
25819,GOF,0.3429231312998545,0.4856969737273459,0.1713798949727996
25820,GOF,0.19036191629908938,0.5481831584372931,0.2614549252636176
25821,GOF,0.05576875682352356,0.6297665468476534,0.3144646963288229
25822,GOF,0.23217282696871397,0.5364678576920976,0.23135931533918835
25823,GOF,0.04971126782219812,0.6130130620985127,0.3372756700792893
25824,LOF,0.11436874248135447,0.44233186623664683,0.4432993912819986
25825,LOF,0.041878786206260385,0.4531713816984234,0.5049498320953162
25826,GOF,0.014954855557153146,0.6156103077360889,0.36943483670675786
25827,GOF,0.022249332777820263,0.6963731832734837,0.2813774839486961
25828,GOF,0.017159072539089885,0.6565361809512636,0.32630474650964636
25829,LOF,0.010575031102718246,0.4937951483834932,0.4956298205137886
25830,LOF,0.07135500534891641,0.08520175058471005,0.8434432440663736
25831,GOF,0.11892678471123304,0.7627017868904498,0.11837142839831717
25832,GOF,0.04193277283846225,0.7439562971340705,0.21411093002746723
25833,GOF,0.1499122500211983,0.6983170927440626,0.15177065723473926
25834,GOF,0.05865252150348006,0.7558597109183564,0.18548776757816365
25835,GOF,0.12157361876826789,0.7168497854958847,0.16157659573584734
25836,GOF,0.0574707428034733,0.737245285451272,0.20528397174525467
25837,GOF,0.02913900667904226,0.6489155844964419,0.3219454088245158
25838,GOF,0.1299380248220654,0.6894197458523438,0.1806422293255908
25839,GOF,0.343814555239034,0.5154107285591569,0.14077471620180906
25840,GOF,0.17191046700488707,0.6515700654139104,0.17651946758120254
25841,GOF,0.18248574173401888,0.6293197026555095,0.18819455561047152
25842,GOF,0.35173389490797957,0.48195570268031684,0.16631040241170356
25843,GOF,0.2852572162841501,0.5824463550321188,0.13229642868373115
25844,GOF,0.12669708051194897,0.5080666696995871,0.36523624978846386
25845,GOF,0.029452119741800446,0.6027221522491187,0.3678257280090809
25846,GOF,0.08538311439763997,0.7237023941023282,0.19091449150003176
25847,GOF,0.16372364925031468,0.7144904424508348,0.12178590829885043
25848,GOF,0.08687910441957018,0.7112518199136428,0.20186907566678688
25849,GOF,0.015681889297278605,0.6317275528867196,0.3525905578160018
25850,GOF,0.026405230595753258,0.7569380288870098,0.21665674051723696
25851,GOF,0.018075372381780527,0.638774543771801,0.34315008384641843
25852,GOF,0.10398893193398892,0.611191399040574,0.28481966902543704
25853,GOF,0.30954223483844967,0.5550955317875966,0.13536223337395367
25854,GOF,0.0162462729215542,0.6375341936600839,0.34621953341836187
25855,LOF,0.05456025786329436,0.42773473298147596,0.5177050091552297
25856,GOF,0.2922308210860496,0.44218282781139584,0.26558635110255463
25857,GOF,0.05909748565423184,0.5753679788438235,0.3655345355019448
25858,GOF,0.02820123132057215,0.7291285991376181,0.24267016954180984
25859,GOF,0.0146083091981205,0.6705261650095482,0.31486552579233124
25860,GOF,0.35076467759011387,0.48728919674707066,0.1619461256628155
25861,GOF,0.19731058801485193,0.7127875997214057,0.08990181226374233
25862,GOF,0.1342711642140555,0.716276633282691,0.14945220250325353
25863,GOF,0.152817048526944,0.7039616227152655,0.14322132875779042
25864,GOF,0.23275725185205934,0.6508226693156922,0.11642007883224834
25865,GOF,0.08469314711542962,0.7855710937903606,0.12973575909420967
25866,GOF,0.09337411849177812,0.7419742989841517,0.16465158252407028
25867,GOF,0.11524505236756999,0.7648011303893525,0.11995381724307748
25868,GOF,0.21321288066692473,0.6034279688594812,0.1833591504735939
25869,Neutral,0.7372549849818958,0.19875603176008985,0.0639889832580144
25870,LOF,0.125075498270713,0.05984907112243466,0.8150754306068524
25871,GOF,0.1073881610197219,0.5797313300059179,0.3128805089743603
25872,GOF,0.22280699528199308,0.476088727387668,0.3011042773303389
25873,GOF,0.1990835281877977,0.567499095871803,0.23341737594039932
25874,LOF,0.031334273819530266,0.04638720143302311,0.9222785247474466
25875,LOF,0.09490400987830226,0.30010464312486107,0.6049913469968367
25876,LOF,0.029296916455989287,0.11321224761400583,0.8574908359300047
25877,Neutral,0.3922689547441468,0.22393276367882337,0.3837982815770298
25878,GOF,0.14238593715571388,0.4353544681196198,0.42225959472466634
25879,LOF,0.08281528821081245,0.4351074331451308,0.48207727864405675
25880,LOF,0.028693354239868244,0.08477661543099767,0.8865300303291341
25881,LOF,0.36365188920851316,0.1413502377427513,0.4949978730487356
25882,LOF,0.09789238280030048,0.03799339121784404,0.8641142259818554
25883,LOF,0.0743224711165655,0.04332993419557393,0.8823475946878605
25884,LOF,0.07916323271468859,0.049595781826262675,0.8712409854590488
25885,LOF,0.09191771857276779,0.03290014015998413,0.8751821412672481
25886,LOF,0.21561083185208807,0.13625900936103152,0.6481301587868804
25887,LOF,0.40181840269819136,0.11503900023295353,0.48314259706885515
25888,LOF,0.1911220067861801,0.09616178136310562,0.7127162118507144
25889,LOF,0.09654017708615613,0.03972165998168968,0.8637381629321541
25890,LOF,0.06091112803341128,0.09141594209136665,0.847672929875222
25891,LOF,0.06303191895144798,0.03302217198030331,0.9039459090682487
25892,LOF,0.10155084198586363,0.04900680011716451,0.8494423578969719
25893,LOF,0.29456862394363803,0.0501417767176696,0.6552895993386924
25894,LOF,0.14965848263866285,0.023300951405745115,0.827040565955592
25895,LOF,0.18327468850872847,0.01850711698054671,0.7982181945107248
25896,LOF,0.04135243251720875,0.0178029688392251,0.9408445986435662
25897,LOF,0.18621801023610854,0.04301723707966132,0.7707647526842303
25898,Neutral,0.6456495435158419,0.04347616778927793,0.31087428869488004
25899,LOF,0.2025422616247394,0.1637416871173138,0.6337160512579467
25900,Neutral,0.7098693084988213,0.03879326612823071,0.25133742537294784
25901,LOF,0.07585915475497453,0.03562948946091635,0.8885113557841091
25902,LOF,0.10100436525590223,0.021784831458665315,0.8772108032854325
25903,Neutral,0.5202434805546632,0.06964480775375641,0.4101117116915804
25904,LOF,0.27904186290605815,0.08187472440690073,0.639083412687041
25905,LOF,0.020753262269647525,0.37677606604819497,0.6024706716821575
25906,LOF,0.02716451493109066,0.04507901248078558,0.9277564725881238
25907,LOF,0.011706413409362086,0.2997007353094461,0.6885928512811919
25908,LOF,0.017266070439152275,0.19645920952105375,0.7862747200397939
25909,LOF,0.02669796446227872,0.13437358912227768,0.8389284464154436
25910,GOF,0.01398506552176993,0.6088262932129904,0.3771886412652396
25911,LOF,0.1217635355484366,0.024763810688107197,0.8534726537634562
25912,LOF,0.03939801889234919,0.08051561215428946,0.8800863689533613
25913,LOF,0.2248202450882015,0.022486270792223696,0.7526934841195748
25914,LOF,0.051771000530098074,0.1740974637303656,0.7741315357395363
25915,Neutral,0.47623741238445677,0.37022484801365413,0.15353773960188902
25916,GOF,0.040355719592308735,0.7100108874923735,0.2496333929153177
25917,LOF,0.026596632228779594,0.1280049533120401,0.8453984144591804
25918,LOF,0.050534555105225955,0.08568389157598891,0.8637815533187851
25919,LOF,0.05297641596994783,0.051962380807013944,0.8950612032230383
25920,GOF,0.21765505767053317,0.6340832504951038,0.14826169183436305
25921,LOF,0.061207719082895205,0.05211115934102909,0.8866811215760757
25922,LOF,0.05812551583160042,0.04786948464454864,0.8940049995238509
25923,LOF,0.21091335567602562,0.1383735431829448,0.6507131011410295
25924,LOF,0.06529309741601248,0.02314613471215846,0.911560767871829
25925,LOF,0.04396411015087434,0.05099887495433807,0.9050370148947875
25926,LOF,0.04388433657222152,0.03674828620380468,0.9193673772239738
25927,LOF,0.09851323774419753,0.1396294248224959,0.7618573374333066
25928,LOF,0.04277886256645744,0.023089966465275686,0.9341311709682669
25929,LOF,0.3452313803230176,0.12820790370242002,0.5265607159745624
25930,LOF,0.07415332819819233,0.04117436809342799,0.8846723037083796
25931,LOF,0.04294509932766352,0.021365713984872886,0.9356891866874635
25932,LOF,0.0838872497976516,0.029198319848181165,0.8869144303541672
25933,LOF,0.08910430839655967,0.02532932541409831,0.885566366189342
25934,LOF,0.07993052839879673,0.03766479055198208,0.8824046810492211
25935,LOF,0.029037274768461945,0.0602367805166216,0.9107259447149164
25936,LOF,0.0905083833307397,0.024929965588560643,0.8845616510806996
25937,LOF,0.06675117385820586,0.04347695306045684,0.8897718730813372
25938,LOF,0.043030110541325745,0.1129846185260006,0.8439852709326736
25939,LOF,0.06834278268352267,0.04228354752989916,0.8893736697865782
25940,GOF,0.023823522015290543,0.5671745304217708,0.4090019475629386
25941,LOF,0.23047854457514075,0.05287585199559015,0.7166456034292691
25942,LOF,0.037108389657895965,0.012759859984525035,0.950131750357579
25943,LOF,0.3795771340640038,0.03136558656164356,0.5890572793743527
25944,LOF,0.47641453799515243,0.026280822278741393,0.4973046397261062
25945,LOF,0.19242605825310544,0.13471132814915204,0.6728626135977426
25946,LOF,0.016949316021686926,0.15467761787080386,0.8283730661075092
25947,LOF,0.08437730284108097,0.2898019281354846,0.6258207690234343
25948,LOF,0.4051032394378705,0.009896585398478095,0.5850001751636513
25949,LOF,0.12891807119967402,0.013936822740962562,0.8571451060593634
25950,Neutral,0.443202039983781,0.29843561578702876,0.25836234422919035
25951,LOF,0.2317253254960497,0.2903309619354754,0.4779437125684748
25952,GOF,0.04182126770214537,0.6561663950107701,0.30201233728708454
25953,LOF,0.1388637807828816,0.35006088294542104,0.5110753362716973
25954,Neutral,0.46184973268986573,0.40234263294753386,0.13580763436260043
25955,LOF,0.05391688507618898,0.34385549699555823,0.6022276179282527
25956,LOF,0.14046433925855314,0.16875829408138995,0.6907773666600568
25957,LOF,0.04304410890408952,0.02841184339516955,0.928544047700741
25958,LOF,0.07936492590918698,0.03454311275529874,0.8860919613355143
25959,LOF,0.10579968246999777,0.2906603037727106,0.6035400137572916
25960,LOF,0.02823068697863912,0.07219444142976733,0.8995748715915936
25961,LOF,0.06777405497476846,0.08665227035749286,0.8455736746677386
25962,LOF,0.04633402710362112,0.09388753580837311,0.8597784370880057
25963,LOF,0.04117810189418766,0.1763457840777105,0.7824761140281019
25964,LOF,0.07460129806725367,0.13405134851394493,0.7913473534188014
25965,Neutral,0.5156651617846932,0.10060139831742115,0.38373343989788555
25966,LOF,0.1787592760640662,0.33927126932403207,0.4819694546119018
25967,LOF,0.025729325371225638,0.165543588050087,0.8087270865786873
25968,LOF,0.04834251686633182,0.4541178735998619,0.4975396095338063
25969,LOF,0.023778525565780813,0.09539060292944228,0.8808308715047769
25970,LOF,0.04854745499835113,0.04877442081706631,0.9026781241845826
25971,LOF,0.08823159244513396,0.052882258904797474,0.8588861486500686
25972,LOF,0.11740132990614426,0.05001579076662452,0.8325828793272312
25973,LOF,0.13097450186336065,0.01140958735923426,0.857615910777405
25974,Neutral,0.5433483914323768,0.05017694665598726,0.4064746619116359
25975,LOF,0.07367035135376954,0.04169069025948472,0.8846389583867457
25976,LOF,0.032234359805878084,0.036192959335907555,0.9315726808582144
25977,LOF,0.03141074941565234,0.39604162940761933,0.5725476211767282
25978,LOF,0.25828697739235973,0.11194380053586876,0.6297692220717716
25979,LOF,0.20421436411805438,0.12134709420259072,0.6744385416793549
25980,LOF,0.2760666559738042,0.16356870538070026,0.5603646386454955
25981,LOF,0.2760666559738042,0.16356870538070026,0.5603646386454955
25982,LOF,0.46398378777340604,0.05911772371837896,0.47689848850821503
25983,Neutral,0.5204421058184312,0.08073125722778425,0.3988266369537845
25984,LOF,0.03354800563252868,0.27347894457731453,0.6929730497901567
25985,LOF,0.03000954080747422,0.40782360280655866,0.5621668563859672
25986,GOF,0.046515342279732384,0.595097135998773,0.35838752172149474
25987,LOF,0.12068591683260646,0.12093453428278321,0.7583795488846102
25988,LOF,0.029864374566575442,0.27821865951702035,0.6919169659164042
25989,LOF,0.02453390893759094,0.2719204155688529,0.7035456754935563
25990,LOF,0.0300555324494585,0.19457002443425175,0.7753744431162897
25991,LOF,0.2550287136890252,0.19945588519478932,0.5455154011161855
25992,LOF,0.3504609698779096,0.22096923757139197,0.4285697925506984
25993,LOF,0.03873655973662639,0.08494073867364983,0.8763227015897238
25994,LOF,0.03923711211416185,0.08518194892812914,0.875580938957709
25995,LOF,0.03977856976301209,0.11300738819765957,0.8472140420393284
25996,LOF,0.1600558710066312,0.3451777657876489,0.49476636320571993
25997,GOF,0.11164859169651148,0.4922680232614238,0.39608338504206475
25998,Neutral,0.5130759476971932,0.01852030469857474,0.46840374760423203
25999,LOF,0.15004259477173923,0.40035010847335195,0.44960729675490885
26000,LOF,0.10453288060326955,0.025277823728223636,0.8701892956685068
26001,LOF,0.12251871863631407,0.08992164960668284,0.7875596317570032
26002,LOF,0.07391859491197138,0.057097751192305896,0.8689836538957227
26003,GOF,0.00865324973547198,0.726594540465412,0.26475220979911596
26004,GOF,0.02187168056292194,0.7507301334109481,0.22739818602613016
26005,GOF,0.00960373756323412,0.5586409865457437,0.4317552758910222
26006,Neutral,0.41709922028973956,0.4066712022599687,0.17622957745029164
26007,GOF,0.018182357900841117,0.7635895552932236,0.21822808680593525
26008,GOF,0.014953399883464648,0.6659952662260347,0.31905133389050055
26009,GOF,0.034361707481280375,0.7379820871273791,0.22765620539134054
26010,GOF,0.01377967093925829,0.8642250500102503,0.1219952790504916
26011,GOF,0.009123639963018368,0.5573144691176765,0.43356189091930514
26012,GOF,0.015906340467944022,0.5408785825989328,0.4432150769331232
26013,GOF,0.010404914165751244,0.6982546512773384,0.2913404345569103
26014,LOF,0.03934450665426134,0.18893959953659573,0.771715893809143
26015,LOF,0.2052620519915692,0.014163147073322065,0.7805748009351087
26016,LOF,0.3402803999054012,0.056886472506799964,0.6028331275877988
26017,LOF,0.25895211713781696,0.05673717204520328,0.6843107108169798
26018,LOF,0.07387994115606172,0.05459437297718299,0.8715256858667553
26019,LOF,0.07941188302608414,0.024886424466536612,0.8957016925073792
26020,LOF,0.10911996820341172,0.12011077254709186,0.7707692592494964
26021,LOF,0.09399842830660853,0.11607201292265583,0.7899295587707356
26022,LOF,0.023872655191605623,0.029136283300009124,0.9469910615083852
26023,LOF,0.14277567848253556,0.03999495933318681,0.8172293621842777
26024,LOF,0.051631594517754086,0.13629611287067503,0.8120722926115708
26025,LOF,0.24155010964053322,0.07620378906553765,0.6822461012939292
26026,LOF,0.4239473514785855,0.011943657386578549,0.5641089911348359
26027,LOF,0.08469360353016582,0.020775944220482526,0.8945304522493517
26028,LOF,0.22745574900024826,0.07341902782875191,0.6991252231709999
26029,GOF,0.04563692854320856,0.5070207827250961,0.44734228873169546
26030,LOF,0.02011030691400261,0.13650749109362842,0.843382201992369
26031,LOF,0.01398322332314109,0.44818147228501787,0.537835304391841
26032,LOF,0.04190144150973936,0.19945622693494705,0.7586423315553136
26033,GOF,0.10784615439865078,0.4615505393561853,0.4306033062451639
26034,LOF,0.02227178424660184,0.32495948883328324,0.6527687269201149
26035,LOF,0.018466688869720665,0.3927769225177104,0.588756388612569
26036,LOF,0.021077936737999448,0.3066352892214637,0.6722867740405369
26037,LOF,0.014569784752240304,0.29594830657327426,0.6894819086744853
26038,LOF,0.041545960197279394,0.1842423152961664,0.7742117245065542
26039,LOF,0.03602847966144249,0.399965884035406,0.5640056363031516
26040,GOF,0.19101428428463108,0.5665089981586137,0.2424767175567553
26041,LOF,0.016123480119870165,0.2891039216258099,0.6947725982543199
26042,LOF,0.01557158462334117,0.28500997090657376,0.6994184444700852
26043,LOF,0.0387025241842588,0.24002760719742652,0.7212698686183148
26044,LOF,0.01865428107729061,0.24021640699590352,0.7411293119268059
26045,LOF,0.04738656372868264,0.38994736579483796,0.5626660704764793
26046,LOF,0.0438184720124792,0.26563245424689064,0.6905490737406301
26047,LOF,0.05406515956022553,0.24428869341573636,0.7016461470240382
26048,LOF,0.0680066964524298,0.18847089508608314,0.7435224084614871
26049,Neutral,0.9198459399587968,0.044976041463529966,0.035178018577673234
26050,Neutral,0.902962498278703,0.04811228514035279,0.04892521658094419
26051,GOF,0.025685805318969312,0.5980436827562307,0.3762705119248001
26052,GOF,0.02529113943176087,0.6170705478711037,0.3576383126971355
26053,LOF,0.057731560918537074,0.45384120393079425,0.4884272351506688
26054,LOF,0.04929691577220477,0.031088808437068655,0.9196142757907266
26055,LOF,0.05533827609868672,0.021006121758022092,0.9236556021432912
26056,LOF,0.04253758962681993,0.03246478171242639,0.9249976286607536
26057,LOF,0.06710735460503466,0.08507422793349682,0.8478184174614686
26058,LOF,0.06720835419989474,0.07027373674014943,0.8625179090599558
26059,LOF,0.304976767718806,0.0666926750692311,0.6283305572119628
26060,LOF,0.07922130606902868,0.34212810454712755,0.5786505893838437
26061,LOF,0.039979235702966846,0.029008745859075726,0.9310120184379576
26062,LOF,0.027426418186002183,0.019997559961929715,0.952576021852068
26063,LOF,0.07309228678635163,0.05449173207550511,0.8724159811381432
26064,LOF,0.04692631910914842,0.014412168371253746,0.9386615125195978
26065,LOF,0.0716291884770146,0.041237758490825505,0.88713305303216
26066,LOF,0.07845422221842463,0.05725586618263875,0.8642899115989366
26067,LOF,0.07705815434473262,0.05259199987129819,0.8703498457839692
26068,LOF,0.03977754850446655,0.050774657257419635,0.9094477942381138
26069,LOF,0.38701520148437846,0.026351669964800793,0.5866331285508208
26070,Neutral,0.6743820265974085,0.00999624296660577,0.3156217304359858
26071,LOF,0.06947493056454883,0.05955657697412353,0.8709684924613277
26072,LOF,0.04519804054447929,0.032915912053020024,0.9218860474025006
26073,LOF,0.07627127103079132,0.030069453609193855,0.8936592753600149
26074,Neutral,0.957164813109307,0.007340752459223743,0.0354944344314693
26075,LOF,0.03970278282188781,0.02452952966434217,0.9357676875137702
26076,LOF,0.076822961881846,0.04318805334159706,0.879988984776557
26077,LOF,0.028517372869556103,0.04379766312373341,0.9276849640067105
26078,LOF,0.028215260640057856,0.038476973941255786,0.9333077654186863
26079,LOF,0.04220595202026646,0.031537539093372924,0.9262565088863606
26080,LOF,0.04220595202026646,0.031537539093372924,0.9262565088863606
26081,LOF,0.07575616768858556,0.059088650896772635,0.8651551814146419
26082,LOF,0.04583259271510758,0.027171828003891015,0.9269955792810015
26083,LOF,0.07070449337909179,0.04602677279327486,0.8832687338276333
26084,LOF,0.06527370295530098,0.06669206880092912,0.8680342282437697
26085,LOF,0.06527370295530098,0.06669206880092912,0.8680342282437697
26086,LOF,0.06597927999635836,0.07622657227500437,0.8577941477286373
26087,LOF,0.06681888500134356,0.0569245473576198,0.8762565676410367
26088,LOF,0.042254447188348115,0.06159633922663889,0.8961492135850131
26089,LOF,0.049546204801074765,0.02496187682065934,0.9254919183782659
26090,LOF,0.04283139214312886,0.0223539744866942,0.934814633370177
26091,LOF,0.08090223185602079,0.02975419903659996,0.8893435691073793
26092,LOF,0.07397945974952204,0.07155267571386967,0.8544678645366082
26093,LOF,0.08011679557838286,0.02801753202557047,0.8918656723960466
26094,LOF,0.08185474251096274,0.025723040579513263,0.8924222169095241
26095,LOF,0.06724542697388666,0.026816355194874866,0.9059382178312385
26096,LOF,0.042778740060421906,0.02769958833183953,0.9295216716077386
26097,LOF,0.02519306964493056,0.05988998328431878,0.9149169470707507
26098,LOF,0.040522448135632605,0.023248995682518356,0.9362285561818491
26099,LOF,0.08093560665780788,0.059574180751180386,0.8594902125910118
26100,LOF,0.08093560665780788,0.059574180751180386,0.8594902125910118
26101,LOF,0.06456777113934778,0.12920063233807366,0.8062315965225786
26102,LOF,0.07012881933938055,0.05953448224592123,0.8703366984146982
26103,Neutral,0.7855035839766993,0.07382226411656001,0.1406741519067407
26104,LOF,0.029241825578471867,0.04888020810860529,0.9218779663129227
26105,LOF,0.226852108703746,0.097150445698407,0.6759974455978471
26106,LOF,0.18893830180984744,0.053196545338968095,0.7578651528511844
26107,LOF,0.2729061257630236,0.04104135008536341,0.6860525241516129
26108,LOF,0.14493229619437792,0.06353137530063536,0.7915363285049868
26109,LOF,0.08804867398661738,0.08995570431172682,0.8219956217016557
26110,LOF,0.30579011312902893,0.03401959411530841,0.6601902927556625
26111,LOF,0.35660272465750475,0.11780786040196371,0.5255894149405315
26112,LOF,0.0895331767773146,0.025059469735401643,0.8854073534872837
26113,LOF,0.09269406616447276,0.07940204909893898,0.8279038847365883
26114,LOF,0.03712914843862208,0.017012425762845923,0.9458584257985319
26115,LOF,0.14113523580214232,0.04616261445494542,0.8127021497429123
26116,LOF,0.09359534690423238,0.051548332968068315,0.8548563201276993
26117,LOF,0.25830694007021393,0.1701965496867535,0.5714965102430326
26118,LOF,0.07005428988780411,0.027444012714561872,0.9025016973976341
26119,LOF,0.04204525397781091,0.16090625962567742,0.7970484863965116
26120,LOF,0.061646926364290894,0.04054098390111151,0.8978120897345976
26121,LOF,0.06815356192848748,0.13591114504260443,0.7959352930289082
26122,LOF,0.08154975381461475,0.16854423327501655,0.7499060129103687
