feature0,prediction,LoGoFunc_Neutral,LoGoFunc_GOF,LoGoFunc_LOF
25546,Neutral,0.6224189778804701,0.04791949643749064,0.3296615256820394
25547,Neutral,0.4742337093334633,0.08687312483749333,0.4388931658290433
25548,Neutral,0.48574378452976885,0.07041101878561047,0.4438451966846207
25549,LOF,0.41451899945283804,0.0680240152554729,0.5174569852916892
25550,LOF,0.34559655252278776,0.09153067547921581,0.5628727719979965
25551,LOF,0.31052932674561046,0.1007459650137832,0.5887247082406064
25552,LOF,0.2705742146101194,0.10111709928296965,0.6283086861069109
25553,Neutral,0.7973073356679223,0.03728891133717573,0.16540375299490198
25554,LOF,0.31765105663797943,0.08965712298120518,0.5926918203808155
25555,LOF,0.2690888971274394,0.08667891913644925,0.6442321837361115
25556,LOF,0.4484043476805229,0.07737860690556056,0.4742170454139165
25557,LOF,0.2518314951364092,0.09055469492018214,0.6576138099434087
25558,LOF,0.31211733492127103,0.08600836576657167,0.6018742993121574
25559,LOF,0.2458585030759091,0.15599969465145444,0.5981418022726365
25560,LOF,0.1610794835833975,0.11121293702585279,0.7277075793907497
25561,LOF,0.15008713590698802,0.12565270156855426,0.7242601625244577
25562,LOF,0.07161786257499797,0.08352941953688463,0.8448527178881174
25563,LOF,0.021400240567851263,0.1425064391148496,0.8360933203172991
25564,LOF,0.20813469034596058,0.13126083978537306,0.6606044698686664
25565,LOF,0.21715376679533765,0.1328663479905651,0.6499798852140973
25566,GOF,0.09268561552842614,0.6981082776659465,0.2092061068056274
25567,LOF,0.04015863226602772,0.16937826480014614,0.7904631029338262
25568,LOF,0.06041201192121678,0.09031146388585252,0.8492765241929305
25569,LOF,0.05943460059579675,0.09379520061013405,0.8467701987940692
25570,LOF,0.028782992113602572,0.12001419606834979,0.8512028118180476
25571,LOF,0.02817699011984414,0.1222053051795576,0.8496177047005983
25572,LOF,0.062024679279574,0.14081836887319335,0.7971569518472327
25573,LOF,0.05373154178238002,0.11033925050081694,0.8359292077168029
25574,LOF,0.05683200124580917,0.22932884982611057,0.7138391489280802
25575,LOF,0.024768322462691967,0.13893223071926256,0.8362994468180454
25576,LOF,0.029150811814394353,0.1755573299561132,0.7952918582294923
25577,LOF,0.030481366424536523,0.13410226470739622,0.8354163688680671
25578,LOF,0.3002931108074554,0.10526645032664082,0.5944404388659037
25579,LOF,0.1395953379816151,0.11082120264448,0.7495834593739048
25580,LOF,0.02036552140802188,0.09806227310740176,0.8815722054845763
25581,LOF,0.05467661309246105,0.08293605614902701,0.8623873307585119
25582,LOF,0.05456137300086676,0.08155812268308697,0.8638805043160462
25583,LOF,0.023363222474936274,0.09452470876227924,0.8821120687627846
25584,Neutral,0.6943883580404097,0.12397151514296026,0.18164012681662992
25585,LOF,0.02751538301916618,0.16722014429607662,0.8052644726847572
25586,LOF,0.018737495240927042,0.0861242137672622,0.8951382909918107
25587,LOF,0.0180156803572587,0.07617541236187922,0.9058089072808619
25588,LOF,0.02158583892436936,0.08303580697270925,0.8953783541029214
25589,Neutral,0.4950066647423575,0.23888899595094212,0.2661043393067003
25590,LOF,0.04934596030253907,0.1380683105394368,0.8125857291580241
25591,LOF,0.09767581812993179,0.07292559601268839,0.8293985858573798
25592,LOF,0.056963083620512014,0.1630473582325253,0.7799895581469627
25593,LOF,0.15541014854990712,0.28319048735458635,0.5613993640955065
25594,LOF,0.05220193454737471,0.09156840910552663,0.8562296563470987
25595,LOF,0.0472225886234153,0.06560146458233806,0.8871759467942467
25596,LOF,0.10134402739280225,0.03830453699236877,0.860351435614829
25597,LOF,0.08478091994114173,0.04677761562536723,0.8684414644334909
25598,LOF,0.055237405701718506,0.06965846832190802,0.8751041259763735
25599,GOF,0.018854978909461865,0.5001849952325285,0.4809600258580097
25600,GOF,0.14457274206174064,0.5484730143396294,0.30695424359862994
25601,LOF,0.03855250932717271,0.429028248235202,0.5324192424376253
25602,LOF,0.033383546221466456,0.06158023130740008,0.9050362224711334
25603,LOF,0.03518277061951672,0.03144633725345837,0.933370892127025
25604,LOF,0.03488621830718914,0.07548598282476142,0.8896277988680494
25605,LOF,0.034710436590240555,0.19608151019567768,0.7692080532140818
25606,LOF,0.43309240730910015,0.12415424892372207,0.44275334376717773
25607,LOF,0.0264512162390798,0.16544948705989443,0.8080992967010258
25608,LOF,0.03598706885943493,0.07843049689228707,0.885582434248278
25609,GOF,0.1555769036321899,0.5178258514193623,0.32659724494844783
25610,LOF,0.016548866806240316,0.02991903715582748,0.9535320960379323
25611,LOF,0.013811025530105164,0.03530919608029843,0.9508797783895964
25612,LOF,0.04552326869398792,0.0520554506247866,0.9024212806812255
25613,LOF,0.043287701372456786,0.05050397794834123,0.9062083206792021
25614,LOF,0.022962396443658842,0.02613158671513276,0.9509060168412083
25615,LOF,0.042668989603338175,0.043710575633016405,0.9136204347636453
25616,LOF,0.05118017452856939,0.03168310771538486,0.9171367177560457
25617,LOF,0.043914149860654395,0.04528962871130736,0.9107962214280383
25618,LOF,0.0465406004759212,0.037378513606080285,0.9160808859179985
25619,LOF,0.01394910763703937,0.034718879696632926,0.9513320126663277
25620,LOF,0.05909563251000288,0.04767186421156519,0.8932325032784321
25621,LOF,0.054670968121730036,0.04373908021989921,0.9015899516583707
25622,LOF,0.06496036456132519,0.040184112076303485,0.8948555233623713
25623,LOF,0.06926617119280838,0.030640729571614643,0.900093099235577
25624,LOF,0.019401838894368032,0.03541748863766725,0.9451806724679648
25625,LOF,0.06241352930555407,0.040630020941110116,0.8969564497533359
25626,LOF,0.04726053259214318,0.046831540864882025,0.9059079265429747
25627,Neutral,0.8978997104075129,0.019887291729625767,0.08221299786286128
25628,LOF,0.12794338852615353,0.07194637926227855,0.800110232211568
25629,LOF,0.06454991642002267,0.05347103552612124,0.8819790480538561
25630,LOF,0.26864264475251437,0.08270639675131652,0.6486509584961692
25631,Neutral,0.5695971516925685,0.07096336804389781,0.35943948026353373
25632,LOF,0.02753166145070967,0.05531331594491927,0.917155022604371
25633,LOF,0.16260848684840115,0.03639690751230004,0.8009946056392988
25634,LOF,0.03345435589168016,0.07959384462133103,0.8869517994869888
25635,LOF,0.03798978573117037,0.04110710248641761,0.920903111782412
25636,LOF,0.032911590011346234,0.45352321714212784,0.5135651928465259
25637,GOF,0.08489211581258292,0.5211513605098377,0.39395652367757933
25638,LOF,0.03218717644496914,0.3722310157060471,0.5955818078489837
25639,LOF,0.03235740969896913,0.4125279803331877,0.5551146099678431
25640,Neutral,0.7428908097467307,0.2162446365210894,0.04086455373217979
25641,GOF,0.06468964606174966,0.4998340489658426,0.43547630497240764
25642,LOF,0.0520486119630542,0.17395126645315043,0.7740001215837954
25643,LOF,0.19952538415971785,0.16074472371370171,0.6397298921265805
25644,LOF,0.025678889199858123,0.4647278863911515,0.5095932244089905
25645,LOF,0.02796707809929779,0.3955326125789938,0.5765003093217084
25646,LOF,0.06079585547744851,0.32303625102401806,0.6161678934985334
25647,LOF,0.026891744848336927,0.26578220119935386,0.7073260539523092
25648,LOF,0.03838904723038605,0.2591830735169026,0.7024278792527113
25649,LOF,0.019820903327892537,0.22694533237152836,0.7532337643005792
25650,LOF,0.05566619465082908,0.4030154727541396,0.5413183325950313
25651,LOF,0.020924401280118948,0.27061368305357325,0.7084619156663079
25652,LOF,0.036966271577967696,0.2624915403395706,0.7005421880824617
25653,LOF,0.08417020324806805,0.4040814829174325,0.5117483138344994
25654,LOF,0.028570301267144715,0.241208617039525,0.7302210816933302
25655,GOF,0.21805908307247424,0.4034814920901534,0.37845942483737227
25656,LOF,0.35283172584261957,0.06833170541551833,0.5788365687418622
25657,LOF,0.06104580808603121,0.06471984517979439,0.8742343467341743
25658,LOF,0.3530432243812846,0.0597828161636941,0.5871739594550213
25659,Neutral,0.501568992034482,0.08311913942052761,0.41531186854499047
25660,LOF,0.02181660102206329,0.082710416780941,0.8954729821969958
25661,LOF,0.0957446353830621,0.058547567734838685,0.8457077968820993
25662,LOF,0.03429433997967186,0.034012782521087484,0.9316928774992406
25663,LOF,0.04647359644510407,0.047481594668371256,0.9060448088865246
25664,LOF,0.14060311171498502,0.06155182295580432,0.7978450653292106
25665,LOF,0.05262048264183352,0.03185530327660226,0.9155242140815643
25666,LOF,0.09785589230053375,0.07163903686373416,0.8305050708357321
25667,LOF,0.07094735597194009,0.04135214413227587,0.887700499895784
25668,LOF,0.03800516536397373,0.04935728851281133,0.9126375461232149
25669,LOF,0.03228785655275953,0.050898258166623384,0.916813885280617
25670,LOF,0.14087696517588422,0.05912838999763954,0.7999946448264762
25671,LOF,0.11072770046295612,0.03646283445771185,0.8528094650793321
25672,LOF,0.053063395921144424,0.043690664939899024,0.9032459391389566
25673,LOF,0.0848106526523877,0.04958061780960389,0.8656087295380085
25674,LOF,0.07154862959842623,0.05828222478656852,0.8701691456150052
25675,LOF,0.12196269200211249,0.05531500525429496,0.8227223027435925
25676,LOF,0.018659345885050818,0.05344725770293819,0.9278933964120111
25677,LOF,0.025773763344761627,0.07061871442804547,0.9036075222271929
25678,LOF,0.2046471195458084,0.055477896853328434,0.7398749836008632
25679,LOF,0.12167273306788869,0.072294741260663,0.8060325256714485
25680,LOF,0.031806501125258325,0.11192907835175404,0.8562644205229876
25681,LOF,0.05123156944299961,0.10673423491412759,0.8420341956428729
25682,LOF,0.14743018232334001,0.07238838693873248,0.7801814307379275
25683,LOF,0.11799950036031844,0.08508656534620833,0.7969139342934733
25684,LOF,0.04451628655215196,0.0752115366991998,0.8802721767486482
25685,LOF,0.13737650796055245,0.051000430179604005,0.8116230618598436
25686,LOF,0.07198379050613785,0.08218039172855032,0.8458358177653117
25687,LOF,0.12147564778509498,0.08644742194086849,0.7920769302740365
25688,LOF,0.32006761656257954,0.0314460359287575,0.6484863475086631
25689,LOF,0.24652268379658598,0.0347264414927433,0.7187508747106707
25690,LOF,0.33800277804690254,0.02847928761646519,0.6335179343366322
25691,Neutral,0.7062207587366911,0.02086289819100864,0.27291634307230017
25692,LOF,0.33781678380910135,0.00934475510501144,0.6528384610858872
25693,LOF,0.052329034303731724,0.3917982375705098,0.5558727281257584
25694,LOF,0.11224515448031708,0.02345323909723081,0.8643016064224521
25695,LOF,0.10893541412596017,0.02061400733935025,0.8704505785346894
25696,LOF,0.10899050429406636,0.012370235217964395,0.8786392604879694
25697,LOF,0.09024203131670454,0.035319466686606835,0.8744385019966887
25698,LOF,0.34598303813702513,0.1538382927550721,0.5001786691079028
25699,Neutral,0.48317903148784414,0.03532414847516503,0.48149682003699085
25700,LOF,0.07651455493032155,0.008638333609777407,0.914847111459901
25701,LOF,0.15394697495208054,0.04493721465426971,0.8011158103936498
25702,GOF,0.1700822222654683,0.5892535741744075,0.2406642035601242
25703,LOF,0.016452312574298463,0.14598626697935255,0.8375614204463491
25704,LOF,0.043104372019082036,0.10063684971075373,0.8562587782701643
25705,LOF,0.050049279055091093,0.1631855819580419,0.786765138986867
25706,GOF,0.09067054604407647,0.45779456313925837,0.4515348908166651
25707,LOF,0.09396116897140722,0.3721586706559373,0.5338801603726555
25708,LOF,0.03215602383080432,0.3249946614206385,0.6428493147485572
25709,LOF,0.07497318801161008,0.045135268180044354,0.8798915438083454
25710,LOF,0.011497725098191242,0.16068994853985932,0.8278123263619495
25711,LOF,0.020603485809817107,0.1086541721546273,0.8707423420355556
25712,LOF,0.013650312108955545,0.198233680616713,0.7881160072743315
25713,LOF,0.020242696445986533,0.08972504765407212,0.8900322558999413
25714,LOF,0.08094456160911949,0.08691012091355221,0.8321453174773282
25715,LOF,0.01220432991237339,0.14863288433748975,0.8391627857501368
25716,LOF,0.012967111909985786,0.1133611212392919,0.8736717668507223
25717,LOF,0.011978091952896577,0.08748452136354681,0.9005373866835565
25718,LOF,0.012965520748618778,0.10545243782465806,0.8815820414267233
25719,LOF,0.01956678210600056,0.0869374306486304,0.893495787245369
25720,LOF,0.024728423585504165,0.07315306378196758,0.9021185126325283
25721,LOF,0.015994658992931086,0.13312733088786224,0.8508780101192067
25722,LOF,0.0153839093580024,0.1305273611211491,0.8540887295208485
25723,LOF,0.025523335067649228,0.046630285022336584,0.9278463799100142
25724,LOF,0.03342486961815123,0.09644369625392314,0.8701314341279256
25725,LOF,0.013233042741200922,0.07430979007138144,0.9124571671874175
25726,LOF,0.016720501021582557,0.12018659412518266,0.8630929048532349
25727,LOF,0.013706042941737374,0.08454707211119,0.9017468849470726
25728,LOF,0.010510497953221747,0.12552368191871208,0.8639658201280662
25729,LOF,0.01088833323493235,0.1201007696738203,0.8690108970912473
25730,LOF,0.015096412869830479,0.08810008904241338,0.8968034980877562
25731,LOF,0.020615754467904385,0.11669326531541173,0.8626909802166838
25732,LOF,0.01484430607608582,0.08282095536208511,0.9023347385618291
25733,LOF,0.0169279553889307,0.07428714793851475,0.9087848966725545
25734,LOF,0.012207974982070172,0.13178139031250613,0.8560106347054238
25735,LOF,0.014552418826410667,0.0935430972158891,0.8919044839577003
25736,LOF,0.01606417792515411,0.10419675573124011,0.8797390663436059
25737,LOF,0.012313242242577706,0.08422173440872648,0.9034650233486958
25738,LOF,0.012768933443376195,0.11554204029436453,0.8716890262622592
25739,LOF,0.021418290816736844,0.08578955486341076,0.8927921543198523
25740,LOF,0.027174495775912237,0.1264584355821782,0.8463670686419096
25741,LOF,0.015147830596479233,0.12278815109247425,0.8620640183110465
25742,LOF,0.13287053572688104,0.09396490961143586,0.7731645546616832
25743,LOF,0.03254704348209267,0.04407680877624831,0.923376147741659
25744,Neutral,0.5447685212642931,0.21901854077683072,0.2362129379588762
25745,LOF,0.0771405656007636,0.0769521069714411,0.8459073274277954
25746,LOF,0.0410095218374859,0.09062782706293127,0.8683626510995829
25747,LOF,0.019951565130056585,0.07034796744446928,0.9097004674254741
25748,LOF,0.08889850117850595,0.10602908037580444,0.8050724184456897
25749,LOF,0.024477262509710763,0.09027415844643516,0.885248579043854
25750,LOF,0.0820614046287105,0.09237162394821394,0.8255669714230756
25751,LOF,0.09544232455438101,0.10228384037817126,0.8022738350674479
25752,GOF,0.12338787243288973,0.6212319473659076,0.2553801802012027
25753,LOF,0.019857763617583176,0.2620241540478373,0.7181180823345795
25754,GOF,0.011721366893336062,0.7765342469106661,0.21174438619599792
25755,LOF,0.021194650410447383,0.38311604831732193,0.5956893012722307
25756,LOF,0.046595846001914715,0.35454759294638516,0.5988565610517002
25757,GOF,0.015236203594759898,0.8171557549990958,0.1676080414061442
25758,GOF,0.030448014274278356,0.7877790577397501,0.1817729279859714
25759,GOF,0.010643882263530061,0.5651681589646369,0.42418795877183296
25760,LOF,0.011993595519650017,0.24453470651807876,0.7434716979622712
25761,GOF,0.26925176143740903,0.616219946870603,0.114528291691988
25762,LOF,0.040067943566968155,0.255637061935375,0.7042949944976568
25763,LOF,0.014027413387504668,0.18397716493836533,0.80199542167413
25764,GOF,0.0770362087082155,0.5833429171851136,0.33962087410667097
25765,GOF,0.03834491999638266,0.7262612224260868,0.23539385757753056
25766,GOF,0.05907309636345664,0.7188519207073886,0.22207498292915492
25767,GOF,0.16507382100683415,0.5480624401623968,0.286863738830769
25768,LOF,0.11900390890845776,0.07707203918677498,0.8039240519047672
25769,LOF,0.0622758634875318,0.05716637934164167,0.8805577571708266
25770,LOF,0.3313223733980928,0.09717366751974037,0.5715039590821669
25771,LOF,0.04525074922702444,0.04850721368663951,0.9062420370863361
25772,LOF,0.019955055051407572,0.037141634110414254,0.9429033108381781
25773,LOF,0.04574360662178115,0.09684129269895526,0.8574151006792636
25774,LOF,0.02865579021890767,0.0771295596795491,0.8942146501015432
25775,LOF,0.051341977917018534,0.047947017416821495,0.9007110046661598
25776,LOF,0.08308215428176947,0.0237695442105424,0.8931483015076881
25777,LOF,0.3912919973695698,0.05996764840694584,0.5487403542234843
25778,LOF,0.07301913374176146,0.04524677251323775,0.8817340937450008
25779,GOF,0.36887054928185226,0.5925817036704077,0.038547747047739965
25780,GOF,0.3137901089991562,0.616738233334936,0.06947165766590777
25781,GOF,0.13139733625932362,0.7733419847287402,0.0952606790119363
25782,GOF,0.19515244740123389,0.7351769978895887,0.06967055470917725
25783,GOF,0.02145064772972467,0.6501846621867544,0.3283646900835209
25784,Neutral,0.4884045592849997,0.47299910481461205,0.038596335900388225
25785,GOF,0.4584011777367682,0.507838313743162,0.03376050852006979
25786,GOF,0.03210645621859867,0.7588972080938351,0.2089963356875662
25787,Neutral,0.6186610139292781,0.35932047000495304,0.02201851606576893
25788,LOF,0.05315507806929384,0.12421949075206383,0.8226254311786424
25789,GOF,0.1944530806236475,0.6944655903667833,0.11108132900956909
25790,GOF,0.2081880361780348,0.705491668912897,0.08632029490906812
25791,GOF,0.1706071994705984,0.7063328516951679,0.1230599488342337
25792,GOF,0.3682132679398234,0.5416177980733732,0.09016893398680353
25793,GOF,0.2609375074612196,0.5435272839704008,0.19553520856837966
25794,GOF,0.2936159568615806,0.5558004417588552,0.15058360137956422
25795,GOF,0.08779159413079857,0.7025836773686218,0.2096247285005795
25796,Neutral,0.5520667675987879,0.3809541201916087,0.06697911220960338
25797,GOF,0.09200831854541565,0.5723426761566849,0.33564900529789954
25798,GOF,0.009461986470710792,0.5153108194373949,0.4752271940918943
25799,LOF,0.008023435971488042,0.3848601305415632,0.6071164334869488
25800,GOF,0.03313482923437243,0.6011442374323234,0.3657209333333042
25801,GOF,0.19945707181886338,0.6722393042707868,0.12830362391034988
25802,GOF,0.08154558247193693,0.6915016017623752,0.22695281576568782
25803,GOF,0.0360431218013055,0.6034573767585688,0.36049950144012566
25804,GOF,0.03196125588493077,0.5118413901343856,0.4561973539806837
25805,GOF,0.091586524808963,0.6051154678398118,0.3032980073512252
25806,GOF,0.09594259171322252,0.6360962245835536,0.2679611837032238
25807,GOF,0.01988593476913732,0.6515729849763859,0.32854108025447665
25808,GOF,0.08325294922920812,0.6579221407309621,0.25882491003982977
25809,GOF,0.022278959299905247,0.6217773788960661,0.35594366180402864
25810,GOF,0.01989735666472449,0.6504596739973988,0.3296429693378766
25811,GOF,0.42162603647759794,0.5073390527397608,0.07103491078264125
25812,GOF,0.03587029857470229,0.6758546463673779,0.28827505505791984
25813,Neutral,0.5054855724203504,0.41452286039249203,0.0799915671871575
25814,GOF,0.12566356824487152,0.6891119855436076,0.1852244462115208
25815,GOF,0.1806838696356207,0.6544935607941542,0.16482256957022515
25816,GOF,0.026924662847879043,0.7136314724657769,0.2594438646863442
25817,GOF,0.23344486957791855,0.6556231081300142,0.11093202229206725
25818,GOF,0.04872291279334257,0.662430289507828,0.2888467976988295
25819,GOF,0.3548609385193717,0.5165402475498121,0.12859881393081624
25820,GOF,0.17222556874167386,0.6390779404676893,0.1886964907906369
25821,GOF,0.058776654383936026,0.6939568541338065,0.24726649148225752
25822,GOF,0.21751163983857535,0.5789631428013621,0.20352521736006254
25823,GOF,0.03442528850648186,0.542938285400401,0.4226364260931171
25824,GOF,0.09680394242536319,0.5956937849724263,0.3075022726022106
25825,GOF,0.03885495149536184,0.597935112923097,0.36320993558154124
25826,GOF,0.015274282595428896,0.5697101241755148,0.4150155932290563
25827,GOF,0.02297218536635324,0.6090835736107006,0.367944241022946
25828,GOF,0.013337486876462044,0.5364112980162696,0.4502512151072683
25829,GOF,0.006319455057067456,0.5899037819484855,0.40377676299444704
25830,LOF,0.03185471446594696,0.3398868521224129,0.62825843341164
25831,GOF,0.18347893222375602,0.7115643865440483,0.10495668123219563
25832,GOF,0.0339158994755112,0.7176712718648238,0.248412828659665
25833,GOF,0.11517033948998079,0.7406872993605441,0.14414236114947512
25834,GOF,0.03568723159571088,0.7293811061872845,0.23493166221700465
25835,GOF,0.07482021017741289,0.7742801855481573,0.15089960427442983
25836,GOF,0.03945270531891977,0.7177382163462279,0.24280907833485216
25837,GOF,0.027296992836582,0.6085625350812052,0.3641404720822128
25838,GOF,0.0918486375970672,0.7828416578298968,0.12530970457303597
25839,GOF,0.2892577878657372,0.6008683440919192,0.10987386804234361
25840,GOF,0.21968810540651554,0.653078833371162,0.1272330612223224
25841,GOF,0.21680222983120398,0.6639262398419634,0.11927153032683266
25842,GOF,0.17286208839428285,0.7175087047625512,0.10962920684316604
25843,GOF,0.22926652516681345,0.6919166121926659,0.07881686264052068
25844,GOF,0.06715499870815397,0.745717151975566,0.18712784931628015
25845,GOF,0.01716831316145431,0.49329310390211983,0.4895385829364259
25846,GOF,0.11988457507621793,0.7555962240459105,0.12451920087787155
25847,GOF,0.1071373335103859,0.8041414086738531,0.08872125781576111
25848,GOF,0.04386025629313038,0.7287807279575783,0.22735901574929127
25849,GOF,0.012838387712736174,0.6081807460068335,0.37898086628043043
25850,GOF,0.023824824503859306,0.6925038947129153,0.28367128078322534
25851,GOF,0.019588380456588252,0.5767231390149962,0.4036884805284156
25852,GOF,0.17067734120808695,0.5900790216337382,0.23924363715817487
25853,GOF,0.3322468883487956,0.6045943816665079,0.06315872998469647
25854,GOF,0.022875074153685594,0.6533122122194492,0.32381271362686503
25855,GOF,0.03863453099451782,0.6035539352700565,0.3578115337354256
25856,GOF,0.2521801482473394,0.564861892668954,0.18295795908370652
25857,GOF,0.03789012305282773,0.5307880561530701,0.43132182079410214
25858,GOF,0.021679773606950715,0.540120683521943,0.4381995428711064
25859,GOF,0.010880655367420665,0.5236605083958735,0.4654588362367058
25860,GOF,0.3465809961174327,0.5830093070444277,0.0704096968381396
25861,GOF,0.4038676289727517,0.5205774320622746,0.07555493896497377
25862,GOF,0.08764744512114216,0.7892965276458788,0.12305602723297915
25863,GOF,0.08368623981769675,0.8028368530502904,0.1134769071320129
25864,GOF,0.17431860771929036,0.7478746495734455,0.07780674270726416
25865,GOF,0.0836281589156751,0.8089886291452065,0.10738321193911828
25866,GOF,0.056270462095316394,0.8162041277299199,0.12752541017476374
25867,GOF,0.07552998951232152,0.8353040547601474,0.08916595572753108
25868,GOF,0.2633963390932544,0.6540477199499577,0.08255594095678791
25869,Neutral,0.682868192500296,0.2834879564876272,0.03364385101207678
25870,GOF,0.26325138886409066,0.41747584233697843,0.3192727687989309
25871,GOF,0.20557658856571687,0.6637790267190901,0.1306443847151931
25872,GOF,0.07323881808105721,0.678777224641896,0.2479839572770467
25873,GOF,0.12499792133579747,0.710063780471731,0.16493829819247144
25874,LOF,0.016952892501643984,0.13417851765044306,0.8488685898479129
25875,LOF,0.10963201775553091,0.032052980376275186,0.858315001868194
25876,LOF,0.03608678979904139,0.03846007189662744,0.9254531383043312
25877,LOF,0.47473318541216186,0.04417330338089613,0.48109351120694194
25878,LOF,0.2049099578671009,0.07348792851125523,0.721602113621644
25879,LOF,0.09917563473037067,0.0738705277728906,0.8269538374967388
25880,LOF,0.022455731811232036,0.018759219101701162,0.9587850490870669
25881,LOF,0.1530826708318275,0.10313534959449755,0.743781979573675
25882,LOF,0.06744683534088006,0.01614320299919825,0.9164099616599217
25883,LOF,0.07812749107515994,0.020618123149809726,0.9012543857750304
25884,LOF,0.03432015329220868,0.03031644503522521,0.935363401672566
25885,LOF,0.0629363464596516,0.01126015557403304,0.9258034979663153
25886,LOF,0.2602693045551715,0.03793573251033339,0.7017949629344952
25887,LOF,0.14865364513264107,0.05793465695526175,0.7934116979120972
25888,LOF,0.06790588872158641,0.05258815521370367,0.8795059560647098
25889,LOF,0.0424166672112125,0.020960695982993816,0.9366226368057937
25890,LOF,0.049062354413198235,0.1448601370673746,0.8060775085194272
25891,LOF,0.03932712303229389,0.06123444306384004,0.8994384339038661
25892,LOF,0.0870703928981985,0.021980434928898087,0.8909491721729034
25893,LOF,0.2396267350190308,0.01927067756777978,0.7411025874131895
25894,LOF,0.16275860304273995,0.011799399162160816,0.8254419977950992
25895,LOF,0.1858481582789737,0.020269985659160977,0.7938818560618652
25896,LOF,0.046769776745934584,0.027618129318600766,0.9256120939354647
25897,LOF,0.24966986417228665,0.012846186315349277,0.7374839495123641
25898,Neutral,0.7151497236908073,0.009389787791563105,0.2754604885176296
25899,LOF,0.21373054365809296,0.023597100344265813,0.7626723559976413
25900,LOF,0.42951578429811554,0.01710545093871868,0.5533787647631657
25901,LOF,0.046817262994947,0.01333187996620459,0.9398508570388485
25902,LOF,0.17312534145865136,0.01435509642613989,0.8125195621152087
25903,Neutral,0.5475452703209396,0.026340350338642276,0.4261143793404181
25904,LOF,0.28451988430749375,0.05601441668360012,0.6594656990089062
25905,LOF,0.025426807921622684,0.3413415462196352,0.6332316458587421
25906,LOF,0.03618086961902147,0.07737339749972214,0.8864457328812564
25907,LOF,0.015985300259923195,0.3676154877172362,0.6163992120228405
25908,LOF,0.01125880873222495,0.2720900333373819,0.7166511579303931
25909,LOF,0.013427949663873274,0.13866121131783943,0.8479108390182872
25910,LOF,0.05391622601204089,0.13541255980377415,0.8106712141841851
25911,LOF,0.16616569654610752,0.02179432716364155,0.8120399762902509
25912,LOF,0.05469931349166822,0.04015792753570268,0.9051427589726291
25913,LOF,0.30965120628500864,0.017535269286541238,0.6728135244284501
25914,LOF,0.019968390702081992,0.08759727672390215,0.8924343325740157
25915,Neutral,0.5063582969585149,0.2843091471803781,0.20933255586110702
25916,LOF,0.07203008486348791,0.34310757614776216,0.58486233898875
25917,LOF,0.06714641535552819,0.06350903019370996,0.8693445544507619
25918,LOF,0.025402589672578305,0.05426755001754873,0.920329860309873
25919,LOF,0.02222036719493153,0.06155001765609349,0.9162296151489749
25920,GOF,0.10711455801371694,0.5222925935453976,0.3705928484408855
25921,LOF,0.02252642016407657,0.03092164525945591,0.9465519345764675
25922,LOF,0.032441030509589006,0.022120603354872835,0.9454383661355381
25923,LOF,0.40011323417304395,0.023494454066055964,0.5763923117609
25924,LOF,0.036714793063156996,0.03938375781956671,0.9239014491172763
25925,LOF,0.06983538897751145,0.02886115077069319,0.9013034602517953
25926,LOF,0.05038274005499567,0.024725148273061003,0.9248921116719433
25927,LOF,0.0676624435641251,0.07399595805946885,0.858341598376406
25928,LOF,0.01824501464774108,0.04219562954174532,0.9395593558105135
25929,Neutral,0.5159863381766231,0.025346166974595814,0.45866749484878105
25930,LOF,0.05345278864081934,0.021230006792845327,0.9253172045663354
25931,LOF,0.023971106172797338,0.025099701216089943,0.9509291926111126
25932,LOF,0.028089626296589787,0.019681752013137297,0.952228621690273
25933,LOF,0.03962482932405456,0.014568378179997185,0.9458067924959483
25934,LOF,0.026776452481954094,0.0173196075219276,0.9559039399961182
25935,LOF,0.05944024520839499,0.03525046857636964,0.9053092862152354
25936,LOF,0.04697830411962416,0.01853916032080961,0.9344825355595663
25937,LOF,0.02477108877655977,0.02772237058878762,0.9475065406346526
25938,LOF,0.06405447094936424,0.034460707912755205,0.9014848211378805
25939,LOF,0.04287863497065553,0.01501729842068317,0.9421040666086612
25940,LOF,0.02745179797147025,0.38558227741217155,0.5869659246163581
25941,LOF,0.17180902853735042,0.09289684206638618,0.7352941293962634
25942,LOF,0.015661915296518305,0.03566564719887945,0.9486724375046022
25943,LOF,0.30421377933412225,0.06561172464472852,0.6301744960211493
25944,Neutral,0.48864702330946264,0.025500588465871908,0.48585238822466537
25945,LOF,0.06655747003651692,0.023153887627230352,0.9102886423362527
25946,LOF,0.022441650686494667,0.1354483899046524,0.842109959408853
25947,LOF,0.103685479895325,0.2500423867046386,0.6462721334000364
25948,LOF,0.3930976384571118,0.009156488027145747,0.5977458735157424
25949,LOF,0.12174467598201835,0.036225412328374305,0.8420299116896074
25950,GOF,0.27486608369824517,0.3887852459204832,0.33634867038127175
25951,LOF,0.2385374017355996,0.22753035390663734,0.5339322443577631
25952,LOF,0.04865682281034097,0.4083552075670831,0.5429879696225759
25953,LOF,0.17038704836723848,0.1004121383240148,0.7292008133087469
25954,Neutral,0.4789124739612439,0.1530051575109874,0.3680823685277687
25955,LOF,0.053941391388391366,0.08009375264553646,0.8659648559660721
25956,LOF,0.17885107613421378,0.10875042716581321,0.712398496699973
25957,LOF,0.039012854772534585,0.035593589338085825,0.9253935558893795
25958,LOF,0.061930318954241316,0.02803661315360514,0.9100330678921535
25959,LOF,0.06868273523488663,0.40150255516575384,0.5298147095993595
25960,LOF,0.01646154875155943,0.054089359981913894,0.9294490912665268
25961,LOF,0.051163305487846804,0.029704787837287302,0.9191319066748659
25962,LOF,0.07094111701760487,0.028076636634566457,0.9009822463478286
25963,LOF,0.04926275165530119,0.17709292965066384,0.7736443186940349
25964,LOF,0.042243783414193194,0.14641489471855162,0.8113413218672552
25965,Neutral,0.48695125799916367,0.07858818846544743,0.4344605535353889
25966,Neutral,0.48574439663344077,0.10825419954129825,0.406001403825261
25967,LOF,0.012506613288929987,0.06385972429286857,0.9236336624182014
25968,LOF,0.03032859095290554,0.4081601120062313,0.5615112970408632
25969,LOF,0.03036646304512298,0.05412982143823211,0.9155037155166448
25970,LOF,0.06195068257650521,0.05647505423665259,0.8815742631868422
25971,LOF,0.08050628507530883,0.01762107030884485,0.9018726446158463
25972,LOF,0.07666846418013785,0.024072807258113553,0.8992587285617486
25973,LOF,0.08535118439291652,0.010771602782697906,0.9038772128243856
25974,LOF,0.19032195257664794,0.017148797262955585,0.7925292501603964
25975,LOF,0.04884772391096913,0.030723284794846293,0.9204289912941847
25976,LOF,0.03844961215964173,0.01632344257960746,0.9452269452607509
25977,LOF,0.14924082736225194,0.10081865974355593,0.7499405128941922
25978,LOF,0.15140488002290386,0.0767469664508444,0.7718481535262518
25979,LOF,0.13767709384067045,0.0791575182819717,0.7831653878773579
25980,LOF,0.23234225493730226,0.09645644660745588,0.6712012984552418
25981,LOF,0.2656804299744158,0.09377970265748288,0.6405398673681013
25982,LOF,0.4217611438334919,0.05633367439048495,0.5219051817760232
25983,LOF,0.40669117462731386,0.06676331069596322,0.526545514676723
25984,LOF,0.054432753855336524,0.04278358678070809,0.9027836593639553
25985,LOF,0.03266614126766121,0.2282511535070349,0.7390827052253038
25986,LOF,0.04235842801096522,0.2567097934001306,0.7009317785889042
25987,LOF,0.07630595157855581,0.0653956416004113,0.858298406821033
25988,LOF,0.14726071492915146,0.04956099364650382,0.8031782914243448
25989,LOF,0.031220446635863652,0.0891612928373391,0.8796182605267973
25990,LOF,0.04170315476862042,0.11825875299275028,0.8400380922386292
25991,LOF,0.14370427479309256,0.29430865923551114,0.5619870659713964
25992,LOF,0.31600207505061456,0.1550571942876986,0.5289407306616869
25993,LOF,0.025308960876316337,0.07902011274003981,0.8956709263836439
25994,LOF,0.019100345352413155,0.10957539538511342,0.8713242592624735
25995,LOF,0.02844736038380681,0.2222588014150215,0.7492938382011717
25996,GOF,0.3264922841888619,0.43902772648805344,0.23447998932308456
25997,LOF,0.07594379187226005,0.42646707569048015,0.49758913243725994
25998,Neutral,0.5725261570157674,0.021405315839450597,0.40606852714478214
25999,LOF,0.11257426903567204,0.10896200734446829,0.7784637236198596
26000,LOF,0.14909646022532969,0.05323190722858147,0.7976716325460887
26001,LOF,0.1784256139803153,0.0578469310751823,0.7637274549445023
26002,LOF,0.14194419647095236,0.05093324879222761,0.8071225547368199
26003,GOF,0.010356440754079526,0.5661734514652668,0.42347010778065375
26004,GOF,0.01663370689872199,0.650401615201708,0.33296467789957
26005,LOF,0.007539667640018584,0.4445350583138114,0.54792527404617
26006,Neutral,0.51990198632167,0.2528484637464017,0.22724954993192836
26007,GOF,0.022196785267881637,0.5554171049296482,0.4223861098024701
26008,GOF,0.01624880573617751,0.6339841478289814,0.34976704643484113
26009,GOF,0.017829067925188413,0.6536984860586642,0.32847244601614733
26010,GOF,0.02191950512037561,0.6335915824907202,0.34448891238890417
26011,LOF,0.006560209081182711,0.46311819667664444,0.5303215942421728
26012,GOF,0.013175492156176145,0.5787924997997501,0.4080320080440737
26013,GOF,0.018076158893413418,0.6157671825562699,0.36615665855031676
26014,LOF,0.047507060353443514,0.10093643330960565,0.8515565063369507
26015,LOF,0.16832764847964465,0.00878661362721862,0.8228857378931368
26016,LOF,0.21548517563266115,0.04293026318205718,0.7415845611852817
26017,LOF,0.21327124142138623,0.07034723232845382,0.71638152625016
26018,LOF,0.09370176152771302,0.025061740007633365,0.8812364984646537
26019,LOF,0.08920474891000155,0.019026155731751777,0.8917690953582467
26020,LOF,0.06868787492027832,0.0846095055389577,0.8467026195407639
26021,LOF,0.045861379698971645,0.08698565430122603,0.8671529659998023
26022,LOF,0.010998643687419091,0.03099336548039959,0.9580079908321812
26023,LOF,0.10366907411131143,0.01693362184516048,0.8793973040435281
26024,LOF,0.03124966118098327,0.10069170881623073,0.8680586300027859
26025,LOF,0.16766975650611096,0.0838209115206167,0.7485093319732723
26026,LOF,0.34131069545079895,0.02393867095088337,0.6347506335983177
26027,LOF,0.08625277666492419,0.013066217736585362,0.9006810055984905
26028,LOF,0.1635548286391775,0.06821750543902028,0.7682276659218022
26029,LOF,0.07998671722202273,0.21708842662194755,0.7029248561560297
26030,LOF,0.024436254883583138,0.0698190437915428,0.9057447013248741
26031,LOF,0.026889488246006846,0.15885352812083708,0.8142569836331561
26032,LOF,0.06317179546968381,0.08500845879208312,0.8518197457382332
26033,LOF,0.11366287313534652,0.10466840420905876,0.7816687226555946
26034,LOF,0.04701121398293561,0.19018062176493314,0.7628081642521313
26035,LOF,0.026965940558128322,0.1679487054062171,0.8050853540356545
26036,LOF,0.041365659372607604,0.20398473164058378,0.7546496089868087
26037,LOF,0.022348546699013358,0.13952235607729258,0.838129097223694
26038,LOF,0.05918398056196939,0.08755687855842322,0.8532591408796074
26039,LOF,0.051636147446070264,0.179168349106903,0.7691955034470267
26040,LOF,0.19204811043112294,0.15793785414126607,0.650014035427611
26041,LOF,0.022709698422451418,0.13637088676125972,0.8409194148162888
26042,LOF,0.021394271558964548,0.12533314690585956,0.8532725815351759
26043,LOF,0.058494612833808,0.10165809958413696,0.839847287582055
26044,LOF,0.01997957853598835,0.09298210265104388,0.8870383188129678
26045,LOF,0.07113593332356806,0.11882351707551762,0.8100405496009143
26046,LOF,0.05963384815913558,0.0995110584978282,0.8408550933430361
26047,LOF,0.08174308837822325,0.10686955912401495,0.8113873524977618
26048,LOF,0.0531405355846957,0.055643876043627756,0.8912155883716766
26049,Neutral,0.9616823464266772,0.008554526149138552,0.029763127424184174
26050,Neutral,0.9422341270060689,0.011263615915598438,0.046502257078332665
26051,LOF,0.04803228239795222,0.25597288621668085,0.6959948313853669
26052,LOF,0.07092093616950465,0.3158585640111339,0.6132204998193614
26053,LOF,0.05443224582184859,0.13681561487691185,0.8087521393012396
26054,LOF,0.052143229783585834,0.017570616330039313,0.9302861538863749
26055,LOF,0.06585730184049488,0.014234373550901337,0.9199083246086037
26056,LOF,0.0548595639381487,0.016180378503147557,0.9289600575587038
26057,LOF,0.028052296862201037,0.011193627621153468,0.9607540755166454
26058,LOF,0.02908040913105897,0.008772738363339135,0.9621468525056018
26059,LOF,0.29734480978966543,0.021879051692976978,0.6807761385173575
26060,LOF,0.03306306391479718,0.17042970319711281,0.79650723288809
26061,LOF,0.01756232874945273,0.009613774357915106,0.9728238968926322
26062,LOF,0.010730882703971807,0.01601621428885911,0.9732529030071692
26063,LOF,0.021876179885072993,0.010504043580129074,0.967619776534798
26064,LOF,0.020942109178648048,0.018702876917634507,0.9603550139037174
26065,LOF,0.023928775621583163,0.009673869598457093,0.9663973547799598
26066,LOF,0.020540357269124048,0.010240305918432134,0.9692193368124438
26067,LOF,0.027687925457189882,0.007558631607440913,0.9647534429353692
26068,LOF,0.045372657536968584,0.029137612930714346,0.925489729532317
26069,LOF,0.26653490319968065,0.018516558077226852,0.7149485387230925
26070,LOF,0.4146085975762873,0.014688522949860602,0.5707028794738522
26071,LOF,0.023178131001148905,0.0113156893660867,0.9655061796327644
26072,LOF,0.021983846971923304,0.015198987952701162,0.9628171650753755
26073,LOF,0.024237977758414176,0.009879831436059779,0.9658821908055261
26074,Neutral,0.9136480591496614,0.0055988202484374625,0.08075312060190103
26075,LOF,0.04364761757067384,0.013809706834201782,0.9425426755951244
26076,LOF,0.04539726769577623,0.007817714728347039,0.9467850175758766
26077,LOF,0.010659235286188578,0.017183642000135915,0.9721571227136756
26078,LOF,0.013356149980563023,0.010478544508914809,0.976165305510522
26079,LOF,0.058673979510441225,0.015823361761994857,0.925502658727564
26080,LOF,0.057645404921296516,0.015813210153986325,0.926541384924717
26081,LOF,0.03648128416372604,0.005684975820067838,0.9578337400162062
26082,LOF,0.014192398267149907,0.013617329109966074,0.9721902726228842
26083,LOF,0.12799180679532915,0.01213403609788548,0.8598741571067853
26084,LOF,0.027595248963029246,0.010767722443738423,0.9616370285932324
26085,LOF,0.023476985705017807,0.01030950733679421,0.9662135069581879
26086,LOF,0.02262691995546216,0.010382904264552382,0.9669901757799855
26087,LOF,0.027898550943822573,0.007700652383972638,0.9644007966722047
26088,LOF,0.015667286040726595,0.02241976624405083,0.9619129477152226
26089,LOF,0.04345787132691828,0.020973299503546046,0.9355688291695358
26090,LOF,0.0421723330822008,0.01620905927692055,0.9416186076408786
26091,LOF,0.03933042751354826,0.005592915248750606,0.9550766572377011
26092,LOF,0.026156860622648995,0.007747755692440957,0.96609538368491
26093,LOF,0.0405749346737965,0.005441691037285903,0.9539833742889176
26094,LOF,0.04064663604316962,0.006034397612281442,0.953318966344549
26095,LOF,0.043891039772044345,0.012555490196241395,0.9435534700317143
26096,LOF,0.018950292270048737,0.011937914086613148,0.9691117936433381
26097,LOF,0.012472036475903097,0.03253507189421391,0.9549928916298831
26098,LOF,0.06836555397163988,0.009926231776455486,0.9217082142519047
26099,LOF,0.024146499032914725,0.01116394326663961,0.9646895577004457
26100,LOF,0.02652404246632242,0.010652252163102383,0.9628237053705753
26101,LOF,0.055489664660647725,0.014029983180506156,0.9304803521588462
26102,LOF,0.024305155065077067,0.012645898730754916,0.963048946204168
26103,Neutral,0.8883140731341959,0.0174472509693877,0.0942386758964163
26104,LOF,0.07635309826008324,0.02384581016767413,0.8998010915722428
26105,LOF,0.19926916320846919,0.29144885780013347,0.5092819789913974
26106,LOF,0.2188381816582348,0.1240632348187562,0.657098583523009
26107,LOF,0.239817178743046,0.08857075303566235,0.6716120682212917
26108,LOF,0.25362207419356403,0.11396242063342288,0.632415505173013
26109,LOF,0.12338456578719362,0.05600253015604451,0.8206129040567618
26110,LOF,0.2353674099560436,0.00911088754578029,0.7555217024981762
26111,Neutral,0.4917148925671654,0.021304570347418565,0.48698053708541605
26112,LOF,0.032164919171564395,0.00744159401665795,0.9603934868117777
26113,LOF,0.055440809829476266,0.01600873257084199,0.9285504575996817
26114,LOF,0.024421291583279953,0.017905317371944552,0.9576733910447756
26115,LOF,0.09088872932211402,0.03384499139230546,0.8752662792855807
26116,LOF,0.06426108503772117,0.03782715898214539,0.8979117559801335
26117,LOF,0.4356370739825303,0.05189494811350202,0.5124679779039677
26118,LOF,0.037024606930277065,0.02551892073187406,0.9374564723378489
26119,LOF,0.025246701383479023,0.04365827010151801,0.931095028515003
26120,LOF,0.030041809525799632,0.022537363779126993,0.9474208266950734
26121,LOF,0.044805623959979266,0.08510915062340267,0.8700852254166181
26122,LOF,0.043887903452194635,0.045150698371550405,0.910961398176255
