feature0,prediction,LoGoFunc_Neutral,LoGoFunc_GOF,LoGoFunc_LOF
25546,Neutral,0.6309971507973589,0.05963355653166912,0.309369292670972
25547,Neutral,0.461737716602013,0.1030448149011827,0.4352174684968042
25548,Neutral,0.4714809544652939,0.0888418939477459,0.43967715158696036
25549,LOF,0.3986000429051393,0.08715318272738601,0.5142467743674747
25550,LOF,0.3466723334132926,0.11946121141169047,0.5338664551750169
25551,LOF,0.29336676779361853,0.1318782017228504,0.574755030483531
25552,LOF,0.2488755182331626,0.12316665333373178,0.6279578284331057
25553,Neutral,0.8100421210695469,0.047753662949170474,0.14220421598128263
25554,LOF,0.29072047495924697,0.11165385291820965,0.5976256721225434
25555,LOF,0.24201911039118812,0.10666927641898415,0.6513116131898278
25556,LOF,0.4437020042621237,0.10125674558152375,0.4550412501563525
25557,LOF,0.22876254480699945,0.11182914215921376,0.6594083130337868
25558,LOF,0.2895533076920557,0.1105342107927691,0.5999124815151752
25559,LOF,0.18456699128117965,0.13406051485493473,0.6813724938638858
25560,LOF,0.15974390829443885,0.10398467853908742,0.7362714131664737
25561,LOF,0.14520519591968012,0.11567757695277399,0.7391172271275458
25562,LOF,0.0879008235489863,0.0777627308233471,0.8343364456276666
25563,LOF,0.022686546207678814,0.1334239064775588,0.8438895473147624
25564,LOF,0.22819528022018518,0.12498248319855083,0.646822236581264
25565,LOF,0.20897648278097125,0.1592527183652491,0.6317707988537797
25566,GOF,0.09144709650280054,0.7412569922528572,0.16729591124434218
25567,LOF,0.03694108718878723,0.1215554101885544,0.8415035026226584
25568,LOF,0.05678723947617802,0.0639203132054435,0.8792924473183784
25569,LOF,0.056000742415471774,0.06435427038766783,0.8796449871968604
25570,LOF,0.027605381617905506,0.09526540153606279,0.8771292168460318
25571,LOF,0.025778892460667224,0.09598032999611812,0.8782407775432146
25572,LOF,0.06295795523628687,0.11385703153388554,0.8231850132298276
25573,LOF,0.05438472100089121,0.08411923967367912,0.8614960393254297
25574,LOF,0.050662545009803085,0.19289746022178048,0.7564399947684165
25575,LOF,0.02239426316630166,0.10917539887462041,0.8684303379590779
25576,LOF,0.031628392584066335,0.14156285268633964,0.8268087547295941
25577,LOF,0.02942922391299799,0.11590977321416618,0.8546610028728358
25578,LOF,0.2752558402607704,0.07219510956603357,0.6525490501731961
25579,LOF,0.12395279611482049,0.07722748635209539,0.7988197175330842
25580,LOF,0.018811291481312886,0.0726716874912651,0.9085170210274222
25581,LOF,0.0522215275165369,0.05931266462454071,0.8884658078589224
25582,LOF,0.051917444108232694,0.05779925871170751,0.8902832971800598
25583,LOF,0.01897645483153964,0.07344012591050426,0.9075834192579562
25584,Neutral,0.6916661072888588,0.09022125151814468,0.21811264119299653
25585,LOF,0.027624710966316905,0.11272024111177224,0.8596550479219108
25586,LOF,0.017373221560180015,0.05945608910923512,0.9231706893305849
25587,LOF,0.017131272495621425,0.05503539668008464,0.927833330824294
25588,LOF,0.01988062989401599,0.06462473683869606,0.915494633267288
25589,Neutral,0.5153689465226874,0.1956756845729242,0.28895536890438855
25590,LOF,0.04643045917226997,0.10283529171293734,0.8507342491147927
25591,LOF,0.09277280956043196,0.04979150007105415,0.857435690368514
25592,LOF,0.05442056251706362,0.1201702910390259,0.8254091464439104
25593,LOF,0.12046190711168484,0.2580320342075432,0.6215060586807719
25594,LOF,0.05247966376435207,0.10971397033701072,0.8378063658986373
25595,LOF,0.04770830500946094,0.07762906068836442,0.8746626343021747
25596,LOF,0.10942589420918362,0.04671417909078425,0.8438599267000322
25597,LOF,0.08242223854427194,0.059731299191171094,0.8578464622645571
25598,LOF,0.05046509776014588,0.08310738454415392,0.8664275176957003
25599,LOF,0.021957002757783534,0.46480802714364444,0.5132349700985719
25600,GOF,0.17437414330470488,0.47858521777946605,0.34704063891582915
25601,LOF,0.04065896281509033,0.38676411656412524,0.5725769206207845
25602,LOF,0.029325286142362354,0.06969463511885783,0.9009800787387798
25603,LOF,0.02715425357166041,0.03698546970115157,0.935860276727188
25604,LOF,0.031205012318152304,0.08156768955478076,0.887227298127067
25605,LOF,0.03250714201311464,0.19398097355481989,0.7735118844320654
25606,LOF,0.3960550876095603,0.12072038716085864,0.48322452522958115
25607,LOF,0.024144150693858814,0.19858187995219453,0.7772739693539467
25608,LOF,0.03417676040340688,0.07776768854012953,0.8880555510564636
25609,GOF,0.15602503714733257,0.5012831576392015,0.3426918052134659
25610,LOF,0.015341365778101022,0.02690282193755891,0.9577558122843401
25611,LOF,0.012879618379973307,0.030676346926611833,0.9564440346934149
25612,LOF,0.04510255636729372,0.041172823146340014,0.9137246204863662
25613,LOF,0.04417239061300941,0.04178710954224759,0.914040499844743
25614,LOF,0.02113380636969115,0.026659713449513355,0.9522064801807955
25615,LOF,0.04638510969024964,0.04130840697215593,0.9123064833375945
25616,LOF,0.04454886255583374,0.029921329148830215,0.925529808295336
25617,LOF,0.037853032748839985,0.041176078989908306,0.9209708882612518
25618,LOF,0.051655885674519536,0.03656392407651455,0.911780190248966
25619,LOF,0.013065435638717038,0.033596205447867636,0.9533383589134153
25620,LOF,0.05833715567618512,0.04582961373921382,0.895833230584601
25621,LOF,0.054776668832625566,0.03659616445313276,0.9086271667142417
25622,LOF,0.06325745506080811,0.0345527468332581,0.9021897981059337
25623,LOF,0.06963169272821017,0.026186965413109137,0.9041813418586807
25624,LOF,0.018140811695305018,0.03417768051963643,0.9476815077850586
25625,LOF,0.06090492277962385,0.03990263722276357,0.8991924399976127
25626,LOF,0.045061961423880435,0.03965624204424131,0.9152817965318782
25627,Neutral,0.8964860358736775,0.017138193250564062,0.08637577087575857
25628,LOF,0.11943710272368659,0.05804229111671604,0.8225206061595973
25629,LOF,0.059082282134728034,0.043162507146222766,0.8977552107190493
25630,LOF,0.2873086151901028,0.07574718240555547,0.6369442024043418
25631,Neutral,0.5575329505753621,0.055832462300317985,0.38663458712432
25632,LOF,0.028516409415950315,0.0611793056804051,0.9103042849036447
25633,LOF,0.19226077670969616,0.033611323054469545,0.7741279002358343
25634,LOF,0.033735006675653816,0.07809361903018443,0.8881713742941618
25635,LOF,0.0369102263224661,0.042116622872076806,0.9209731508054572
25636,LOF,0.03268777162854795,0.46606906997775405,0.5012431583936979
25637,GOF,0.0685109549763871,0.48268919272798083,0.448799852295632
25638,LOF,0.028126155992943894,0.3143392051328225,0.6575346388742336
25639,LOF,0.030467671538169535,0.36603482390757835,0.6034975045542522
25640,Neutral,0.8128766708388206,0.14250165718333985,0.044621671977839554
25641,LOF,0.05788348461830143,0.4416395728093709,0.5004769425723277
25642,LOF,0.039749048325698484,0.14062809413657554,0.819622857537726
25643,LOF,0.22887668742789766,0.15600843943156745,0.6151148731405349
25644,LOF,0.01973836364419136,0.48707371238164016,0.49318792397416833
25645,LOF,0.021820831158045947,0.4326210493080186,0.5455581195339354
25646,LOF,0.050034360366339944,0.34299597063361587,0.6069696690000442
25647,LOF,0.022959470874071162,0.2757130607372433,0.7013274683886856
25648,LOF,0.0325825822736096,0.2479076710035811,0.7195097467228093
25649,LOF,0.01601554537981602,0.23944291439495352,0.7445415402252303
25650,LOF,0.05492325497658215,0.4283760829588577,0.5167006620645601
25651,LOF,0.016492972395689726,0.27252154662811845,0.710985480976192
25652,LOF,0.031367843883317724,0.27534666310768463,0.6932854930089977
25653,LOF,0.08520643963116903,0.4279986377463452,0.48679492262248575
25654,LOF,0.024545543059014074,0.22618658010199216,0.7492678768389939
25655,GOF,0.21111082726099237,0.41093427334251154,0.37795489939649607
25656,LOF,0.2693921984867096,0.05194002427216401,0.6786677772411265
25657,LOF,0.06375667187201382,0.061583988209398546,0.8746593399185876
25658,LOF,0.3481492503985312,0.06575325100154009,0.5860974985999287
25659,Neutral,0.5124201022086913,0.09656560036178995,0.3910142974295189
25660,LOF,0.02153404980263383,0.09139755524437572,0.8870683949529905
25661,LOF,0.09490301859332642,0.06572689518723704,0.8393700862194367
25662,LOF,0.03248732645213749,0.036093873992502946,0.9314187995553597
25663,LOF,0.04330060949949537,0.050842451281291084,0.9058569392192135
25664,LOF,0.14572035888308876,0.07194075490602748,0.7823388862108838
25665,LOF,0.0549959650131385,0.03202391569191974,0.9129801192949418
25666,LOF,0.08554505901097617,0.07912895137867443,0.8353259896103494
25667,LOF,0.0657654513646294,0.03928770378398629,0.8949468448513843
25668,LOF,0.03666506909596551,0.052257038589298345,0.9110778923147361
25669,LOF,0.030323040370029183,0.05320700905827074,0.9164699505717001
25670,LOF,0.13967343773022164,0.06381137871948746,0.7965151835502909
25671,LOF,0.10259834259681122,0.036376745045786675,0.8610249123574021
25672,LOF,0.05038893082157833,0.04490970118346632,0.9047013679949554
25673,LOF,0.08487255023710588,0.05083997964182018,0.8642874701210739
25674,LOF,0.07111644181708623,0.061828277754403846,0.8670552804285099
25675,LOF,0.11810394164451785,0.058895842403877456,0.8230002159516048
25676,LOF,0.01843347267676904,0.05375773419101468,0.9278087931322163
25677,LOF,0.025091033433910236,0.071776267132928,0.9031326994331618
25678,LOF,0.18487720770502672,0.060598463065818654,0.7545243292291546
25679,LOF,0.12985649765272977,0.07719957177108283,0.7929439305761874
25680,LOF,0.03222171787298938,0.11141794436044014,0.8563603377665706
25681,LOF,0.049883097862976254,0.1031476565837417,0.846969245553282
25682,LOF,0.1376971398548661,0.0768901119472324,0.7854127481979015
25683,LOF,0.1232781398448531,0.08658837947033492,0.790133480684812
25684,LOF,0.04389144116001771,0.07775118589123044,0.8783573729487519
25685,LOF,0.12680895484068153,0.04875587150588168,0.8244351736534368
25686,LOF,0.06718240125503837,0.08305081159733824,0.8497667871476234
25687,LOF,0.12177983874452546,0.0877140913333002,0.7905060699221743
25688,LOF,0.3096877476401191,0.035537517949007114,0.6547747344108737
25689,LOF,0.23012441693692817,0.040651586771458366,0.7292239962916135
25690,LOF,0.36348614055396045,0.03472249063602423,0.6017913688100154
25691,Neutral,0.6985459075481595,0.025705630657795873,0.2757484617940446
25692,LOF,0.2890220668065167,0.011750327207111446,0.6992276059863718
25693,LOF,0.04912068223883989,0.4434166254267673,0.5074626923343929
25694,LOF,0.12456294774911904,0.017186709080573574,0.8582503431703074
25695,LOF,0.11595243107367548,0.019731203006294835,0.8643163659200296
25696,LOF,0.10057952174934925,0.011144818710181954,0.8882756595404688
25697,LOF,0.12798785709679952,0.03188275458637332,0.8401293883168272
25698,LOF,0.3655911095502071,0.1928502026352932,0.4415586878144997
25699,LOF,0.406460713311407,0.0424693068971333,0.5510699797914598
25700,LOF,0.058507580134323375,0.008367848336007276,0.9331245715296693
25701,LOF,0.14954356804780317,0.05371497871403066,0.7967414532381661
25702,GOF,0.16583134169808633,0.552038397703055,0.28213026059885854
25703,LOF,0.01715896321750044,0.17197185564771947,0.81086918113478
25704,LOF,0.05070899639527839,0.11196223449541076,0.8373287691093108
25705,LOF,0.06030433079373362,0.19706068407257032,0.7426349851336961
25706,LOF,0.09553443376909733,0.4241158872766649,0.48034967895423775
25707,LOF,0.0876808808115499,0.31694747474491697,0.5953716444435331
25708,LOF,0.02765219021257906,0.28764291605739173,0.6847048937300293
25709,LOF,0.06325701604242501,0.04485251773316928,0.8918904662244057
25710,LOF,0.011893027152390176,0.14483309093395377,0.843273881913656
25711,LOF,0.017590338043475304,0.1018240945976226,0.8805855673589023
25712,LOF,0.013141356988796975,0.19160996043813036,0.7952486825730726
25713,LOF,0.017834632443940415,0.08335708130719162,0.898808286248868
25714,LOF,0.07003202840316511,0.0826438268231812,0.8473241447736537
25715,LOF,0.010436422632995069,0.145385517335158,0.8441780600318469
25716,LOF,0.012857019466536742,0.1301853825688263,0.856957597964637
25717,LOF,0.013686481504851711,0.08756006110877594,0.8987534573863722
25718,LOF,0.01149164909607437,0.09829428988747739,0.8902140610164483
25719,LOF,0.01668742684040756,0.08144039340535318,0.9018721797542393
25720,LOF,0.021385707352018526,0.07157131271537417,0.9070429799326074
25721,LOF,0.014179881964851622,0.11769470526790812,0.8681254127672402
25722,LOF,0.013185491680742765,0.12955761405515132,0.8572568942641059
25723,LOF,0.0219349459910725,0.04872878020816559,0.9293362738007619
25724,LOF,0.022341062432181,0.08345970628160974,0.8941992312862092
25725,LOF,0.010944399813628412,0.06976239722299112,0.9192932029633805
25726,LOF,0.015324111343387991,0.10720704838147097,0.8774688402751412
25727,LOF,0.011998656520394892,0.08008759849854513,0.9079137449810599
25728,LOF,0.009094055541495966,0.11907065898634601,0.871835285472158
25729,LOF,0.009425492602787128,0.11760509704317834,0.8729694103540345
25730,LOF,0.013034625017631512,0.08864402137259829,0.8983213536097703
25731,LOF,0.01885882676340731,0.12612741499025595,0.8550137582463369
25732,LOF,0.014328381581277475,0.08717257901451009,0.8984990394042125
25733,LOF,0.014466411615609963,0.07892654826137373,0.9066070401230163
25734,LOF,0.012845723333552802,0.1260580942395255,0.8610961824269217
25735,LOF,0.012628437488360714,0.08930129306943844,0.8980702694422009
25736,LOF,0.013241832323505419,0.11684630577111474,0.86991186190538
25737,LOF,0.019556618408189504,0.09046877030882909,0.8899746112829814
25738,LOF,0.011758145973649069,0.10626354866133195,0.881978305365019
25739,LOF,0.019913098696156064,0.07796955471996606,0.9021173465838778
25740,LOF,0.0268353126503457,0.10667300377171328,0.866491683577941
25741,LOF,0.014453829079720242,0.11082973307860725,0.8747164378416724
25742,LOF,0.11686433334434741,0.07812168234195681,0.8050139843136958
25743,LOF,0.029256996899601984,0.03678341473429798,0.9339595883660999
25744,Neutral,0.585003101907015,0.2037385598094319,0.21125833828355303
25745,LOF,0.07511684291139717,0.07194768723206982,0.8529354698565329
25746,LOF,0.03848897916052531,0.08638829418281264,0.875122726656662
25747,LOF,0.022681075860060042,0.0438822316117745,0.9334366925281654
25748,LOF,0.09529156198252323,0.06493480867193895,0.8397736293455379
25749,LOF,0.025441608724678235,0.08121584049482505,0.8933425507804967
25750,LOF,0.08258743481284544,0.08188661771570613,0.8355259474714484
25751,LOF,0.10258835481089623,0.06752684029858795,0.8298848048905159
25752,GOF,0.12770239262271277,0.603769934799648,0.26852767257763926
25753,LOF,0.019688806216845284,0.2790415487084087,0.701269645074746
25754,GOF,0.011447943688852142,0.7881127142095712,0.20043934210157674
25755,LOF,0.02284801143997034,0.3791700761260151,0.5979819124340146
25756,LOF,0.0396135342189388,0.3775112926809846,0.5828751731000765
25757,GOF,0.014179581952196546,0.8326742807551519,0.15314613729265145
25758,GOF,0.02835062447764805,0.8139558631340985,0.15769351238825344
25759,GOF,0.011174208996478861,0.565765295996409,0.42306049500711224
25760,LOF,0.012476879501634949,0.24393753460856765,0.7435855858897974
25761,GOF,0.27324498995582164,0.6207314679569821,0.10602354208719612
25762,LOF,0.035226123567561426,0.26664188726692983,0.6981319891655087
25763,LOF,0.015013015619888295,0.2070227394540621,0.7779642449260495
25764,GOF,0.07464215313558598,0.6151202327299645,0.31023761413444945
25765,GOF,0.03985922084442783,0.746475362074283,0.21366541708128917
25766,GOF,0.06247798573365782,0.7294415604214329,0.2080804538449092
25767,GOF,0.16920441446641526,0.5085149365858173,0.3222806489477675
25768,LOF,0.1049933826242192,0.06351144508608778,0.831495172289693
25769,LOF,0.06612790908236944,0.06724405864900894,0.8666280322686215
25770,LOF,0.28698229182064666,0.08796656146099274,0.6250511467183606
25771,LOF,0.040184855006358294,0.04823780381950243,0.9115773411741394
25772,LOF,0.016438647707776047,0.03559855281438441,0.9479627994778396
25773,LOF,0.05394268423659923,0.09511553013232865,0.850941785631072
25774,LOF,0.028771704286225247,0.07874393040402947,0.8924843653097453
25775,LOF,0.046303936068686706,0.05035134664198425,0.903344717289329
25776,LOF,0.06558552652084934,0.028057951033947082,0.9063565224452036
25777,LOF,0.33245912999703103,0.056661402918279896,0.610879467084689
25778,LOF,0.06370588678875964,0.05090466827904246,0.8853894449321978
25779,GOF,0.3652145890407205,0.5910832472133225,0.04370216374595707
25780,GOF,0.29698006823635825,0.6384740844583611,0.0645458473052807
25781,GOF,0.12050587922705863,0.7869298505099769,0.09256427026296452
25782,GOF,0.1927123105619104,0.7469823834910467,0.060305305947042746
25783,GOF,0.02270369956097988,0.6554309294929807,0.32186537094603945
25784,Neutral,0.4893454636405963,0.4750571965473744,0.03559733981202935
25785,GOF,0.45217620240956174,0.5103130409831572,0.03751075660728108
25786,GOF,0.02472405958554166,0.7820111300949241,0.19326481031953424
25787,Neutral,0.6387295856670473,0.338204480151549,0.023065934181403732
25788,LOF,0.046931964615533825,0.11489903665325694,0.8381689987312091
25789,GOF,0.20245376120131153,0.6650542490939694,0.13249198970471907
25790,GOF,0.23496998682344958,0.6583152356892629,0.10671477748728747
25791,GOF,0.15437597446201382,0.6948442038616767,0.1507798216763095
25792,GOF,0.34424384158921045,0.5423503314561547,0.11340582695463487
25793,GOF,0.24552890138828423,0.54284499555284,0.21162610305887572
25794,GOF,0.30075234582920163,0.5443232974617702,0.15492435670902818
25795,GOF,0.0841805823877804,0.6919982420977057,0.2238211755145139
25796,Neutral,0.5610363003131332,0.36457085715662135,0.07439284253024542
25797,GOF,0.09359356555651781,0.5552536934711676,0.3511527409723146
25798,GOF,0.009270655515876513,0.5356264649423267,0.45510287954179673
25799,LOF,0.0072174409370173885,0.3942178051115433,0.5985647539514394
25800,GOF,0.031736322916954156,0.6037243017826346,0.3645393753004113
25801,GOF,0.19692498993407054,0.6776086119020849,0.12546639816384444
25802,GOF,0.0712700242586595,0.7067695524155414,0.2219604233257991
25803,GOF,0.03486306178070693,0.5981262776515875,0.3670106605677055
25804,GOF,0.027023081486698894,0.4943641937048771,0.47861272480842404
25805,GOF,0.0980576549561285,0.6068672780456589,0.2950750669982126
25806,GOF,0.10343305130131926,0.6003450580952844,0.2962218906033963
25807,GOF,0.01930404391601794,0.6489880247679057,0.3317079313160763
25808,GOF,0.079356985052532,0.6677165957911737,0.2529264191562943
25809,GOF,0.01630033167107642,0.6082842230410336,0.37541544528789
25810,GOF,0.015471676164056342,0.6292305675142583,0.3552977563216853
25811,GOF,0.44930995428152715,0.46960655403261264,0.0810834916858602
25812,GOF,0.03074133424496629,0.666468928632864,0.30278973712216983
25813,Neutral,0.49632680888119646,0.4098333388794414,0.09383985223936223
25814,GOF,0.10281968846243439,0.6704775533126092,0.2267027582249565
25815,GOF,0.17609278058804698,0.6320279186117748,0.1918793008001783
25816,GOF,0.021627833580426064,0.6987859214964337,0.2795862449231402
25817,GOF,0.23649114641562013,0.6358480349360212,0.12766081864835882
25818,GOF,0.04656606150167364,0.6751679260136751,0.27826601248465105
25819,GOF,0.3593667322454021,0.5035299629724409,0.13710330478215688
25820,GOF,0.19155760743688735,0.6125105602361163,0.1959318323269964
25821,GOF,0.061449974840015686,0.6821835938285399,0.25636643133144443
25822,GOF,0.20608836219836926,0.5978778031225749,0.19603383467905572
25823,GOF,0.031620818234391015,0.5660159948082949,0.4023631869573141
25824,GOF,0.09014039079613019,0.6202077345726396,0.2896518746312304
25825,GOF,0.03450408615812944,0.6218510563717284,0.343644857470142
25826,GOF,0.014511433260182723,0.5996975591403447,0.38579100759947255
25827,GOF,0.022989792854154027,0.6051325170092181,0.3718776901366279
25828,GOF,0.013868065119259405,0.5330318040658281,0.4531001308149125
25829,GOF,0.005700670558314741,0.5857195845294099,0.4085797449122754
25830,LOF,0.03750117425308885,0.2988477479972467,0.6636510777496645
25831,GOF,0.22244832304848774,0.6668174756578262,0.11073420129368601
25832,GOF,0.03604663910623443,0.7280806054131137,0.23587275548065187
25833,GOF,0.12836847011256663,0.7292490191052146,0.1423825107822189
25834,GOF,0.03719436365803068,0.7374502746456744,0.22535536169629491
25835,GOF,0.07664089338938249,0.7739298517007688,0.14942925490984865
25836,GOF,0.03991295584074826,0.7203352142443088,0.23975182991494282
25837,GOF,0.02833097819528924,0.6293085356261794,0.3423604861785315
25838,GOF,0.0900842003255833,0.7754710561075989,0.13444474356681768
25839,GOF,0.29428114826702956,0.5756620089702429,0.1300568427627276
25840,GOF,0.23413173390346192,0.62228755434431,0.14358071175222797
25841,GOF,0.23604200597781191,0.631518226863985,0.13243976715820316
25842,GOF,0.15241578052934435,0.7311012626243719,0.11648295684628374
25843,GOF,0.2216820478247565,0.6952397050651453,0.08307824711009822
25844,GOF,0.06441876238342858,0.7252012681882027,0.2103799694283687
25845,GOF,0.017371800223794923,0.5016064519123515,0.4810217478638536
25846,GOF,0.1264803061359881,0.7356940689467422,0.13782562491726982
25847,GOF,0.12410816030260718,0.7823826709492918,0.09350916874810096
25848,GOF,0.03881367948709911,0.696184059164359,0.2650022613485417
25849,GOF,0.012087043290883287,0.6077917860684484,0.3801211706406684
25850,GOF,0.02321487500493893,0.6636791017732344,0.3131060232218267
25851,GOF,0.019220082301800213,0.548227099857406,0.4325528178407938
25852,GOF,0.1687781191416917,0.5408331442348578,0.29038873662345044
25853,GOF,0.35714426344862954,0.5768369349739868,0.06601880157738367
25854,GOF,0.02132372290783011,0.6369012194015287,0.3417750576906412
25855,GOF,0.03726449824130813,0.5609776252157533,0.40175787654293843
25856,GOF,0.2445212325883029,0.5274336910368012,0.2280450763748959
25857,GOF,0.039368490685716295,0.5056472682085036,0.4549842411057801
25858,GOF,0.01953712318085646,0.5590093146218058,0.4214535621973377
25859,GOF,0.009746998706511282,0.5241328364178661,0.46612016487562263
25860,GOF,0.339833009660762,0.5745934217598749,0.08557356857936303
25861,GOF,0.43671140588315605,0.48930290701689455,0.07398568709994938
25862,GOF,0.08329472520329637,0.7834177222969675,0.13328755249973606
25863,GOF,0.07903210922839118,0.7873325827637442,0.1336353080078646
25864,GOF,0.1920084494489642,0.7317723074619832,0.07621924308905256
25865,GOF,0.09546966563792209,0.7893528960187151,0.11517743834336286
25866,GOF,0.05807172027207367,0.7948760282048317,0.14705225152309467
25867,GOF,0.08280247702508425,0.8181546991682093,0.09904282380670643
25868,GOF,0.26804365668657165,0.6346895625436927,0.09726678076973573
25869,Neutral,0.7124008698295574,0.2470765946165393,0.040522535553903276
25870,GOF,0.27110303626449583,0.39306330101198106,0.335833662723523
25871,GOF,0.20635019234603771,0.665860564288776,0.1277892433651861
25872,GOF,0.07877947658431168,0.652453042754999,0.2687674806606894
25873,GOF,0.11841717262435869,0.6827686513551244,0.19881417602051682
25874,LOF,0.014025081874296292,0.12514179597105093,0.8608331221546528
25875,LOF,0.08146007529125616,0.04146008124900685,0.877079843459737
25876,LOF,0.033062220260104,0.03344553577596073,0.9334922439639354
25877,Neutral,0.49860325514540477,0.05085721241038603,0.4505395324442092
25878,LOF,0.19464498793841484,0.08913078229896794,0.7162242297626172
25879,LOF,0.08413782068831023,0.08694513615648194,0.8289170431552078
25880,LOF,0.037507962974809475,0.017002981226536106,0.9454890557986544
25881,LOF,0.1893187346976409,0.13295480841774102,0.6777264568846181
25882,LOF,0.06540500848265032,0.01872977838562096,0.9158652131317286
25883,LOF,0.06861282587737735,0.019331703634413774,0.912055470488209
25884,LOF,0.03398685565614195,0.028645588410146312,0.9373675559337117
25885,LOF,0.05930451435036711,0.01124837915328112,0.9294471064963518
25886,LOF,0.2742888616224625,0.03544363711152028,0.6902675012660172
25887,LOF,0.15734856191088853,0.07270495748373583,0.7699464806053756
25888,LOF,0.06395383144893053,0.06213868562916585,0.8739074829219037
25889,LOF,0.042121920132781314,0.02132516721829402,0.9365529126489247
25890,LOF,0.044046144215006626,0.17884532173240644,0.777108534052587
25891,LOF,0.03776520594881935,0.05800386039709152,0.9042309336540892
25892,LOF,0.08844996187167632,0.018821336263437686,0.892728701864886
25893,LOF,0.25470841059399707,0.016611539223472336,0.7286800501825307
25894,LOF,0.19244177052506536,0.009397381473244927,0.7981608480016897
25895,LOF,0.20802590129769863,0.019279778031707304,0.7726943206705941
25896,LOF,0.051079123069933396,0.020397154938508886,0.9285237219915577
25897,LOF,0.2596218559900326,0.009766773358691524,0.7306113706512759
25898,Neutral,0.6934946073393867,0.008743206693325452,0.29776218596728776
25899,LOF,0.2355246968752242,0.019587231386224677,0.744888071738551
25900,LOF,0.4414595075648927,0.013005609697473722,0.5455348827376335
25901,LOF,0.058230413404483226,0.01165238018169496,0.9301172064138219
25902,LOF,0.16183515951627667,0.013490975651549036,0.8246738648321743
25903,Neutral,0.5556512286554761,0.024818277976046865,0.4195304933684771
25904,LOF,0.330516807655343,0.03886275205817245,0.6306204402864846
25905,LOF,0.026353697505377145,0.3132536757958176,0.6603926266988053
25906,LOF,0.029028155432912716,0.07774116540537629,0.8932306791617111
25907,LOF,0.014961436005729998,0.3341646132196762,0.6508739507745938
25908,LOF,0.011184945289555272,0.252673070990684,0.7361419837197607
25909,LOF,0.013679856026601784,0.11910356216330902,0.8672165818100891
25910,LOF,0.05559027411215412,0.11982615121923149,0.8245835746686145
25911,LOF,0.16883184236281792,0.027845359422676016,0.803322798214506
25912,LOF,0.05078725863726526,0.05143621504776823,0.8977765263149664
25913,LOF,0.34102039265341927,0.024940598589600047,0.6340390087569807
25914,LOF,0.021268210145644822,0.0562150270044703,0.9225167628498849
25915,Neutral,0.5566806901693468,0.16407876902542148,0.27924054080523164
25916,LOF,0.07462158405290598,0.18579286796005426,0.7395855479870398
25917,LOF,0.06521888166290471,0.04260865026115828,0.8921724680759371
25918,LOF,0.021997373206128497,0.03738330182636649,0.9406193249675051
25919,LOF,0.019403704389359178,0.038825564525095634,0.9417707310855451
25920,GOF,0.12230626425190859,0.5186934222509596,0.35900031349713185
25921,LOF,0.02437406682722636,0.033120767807543694,0.94250516536523
25922,LOF,0.03416384489849501,0.025157028180091908,0.9406791269214131
25923,LOF,0.4394084946124352,0.03377281165832542,0.5268186937292394
25924,LOF,0.036626028020783054,0.04160737976304908,0.921766592216168
25925,LOF,0.06273129627482033,0.039025308229018514,0.8982433954961612
25926,LOF,0.04556038849359807,0.03342748276129965,0.9210121287451022
25927,LOF,0.054015638286180605,0.15097445680604588,0.7950099049077736
25928,LOF,0.01755735446613288,0.04538020246201803,0.9370624430718492
25929,Neutral,0.5692971377380662,0.03664308259420003,0.39405977966773376
25930,LOF,0.06618361066518755,0.030142637209326053,0.9036737521254865
25931,LOF,0.02523837503145866,0.029423549119999053,0.9453380758485423
25932,LOF,0.026943939059310848,0.025464911969906523,0.9475911489707826
25933,LOF,0.037705493190662735,0.01864366646416572,0.9436508403451715
25934,LOF,0.02425703932449535,0.019542658327207595,0.956200302348297
25935,LOF,0.05717900542534537,0.04770955791850473,0.8951114366561499
25936,LOF,0.04615213896774531,0.021240015478025048,0.9326078455542296
25937,LOF,0.025087992311912194,0.029119995160926473,0.9457920125271613
25938,LOF,0.05887044325857288,0.04674593494187768,0.8943836217995496
25939,LOF,0.039154504156270954,0.018522955470206496,0.9423225403735226
25940,LOF,0.03335531259062326,0.35734914819189534,0.6092955392174814
25941,LOF,0.19186514568087243,0.11458915957964147,0.693545694739486
25942,LOF,0.014147084393809573,0.030911130751776542,0.9549417848544138
25943,LOF,0.2958532566304855,0.057649198868395396,0.6464975445011191
25944,LOF,0.4861668552524343,0.025845773483825513,0.4879873712637402
25945,LOF,0.07382505379893177,0.022748120196553166,0.9034268260045152
25946,LOF,0.02610597745505971,0.10919616942175323,0.864697853123187
25947,LOF,0.09606002781348226,0.19609958208938916,0.7078403900971285
25948,LOF,0.34771438320043085,0.008421106624883337,0.6438645101746857
25949,LOF,0.12755920336425064,0.0366754945906503,0.8357653020450989
25950,GOF,0.2775922127043348,0.40347070535924046,0.31893708193642467
25951,LOF,0.19200850546421044,0.2809094996763447,0.5270819948594448
25952,LOF,0.04348289460315393,0.4589012198066806,0.49761588559016545
25953,LOF,0.14781030146327853,0.11132966293376421,0.7408600356029572
25954,Neutral,0.45737009526283073,0.17719724373834814,0.36543266099882116
25955,LOF,0.05147039959784536,0.08624926457230611,0.8622803358298486
25956,LOF,0.17091809875531128,0.11423512194186279,0.7148467793028259
25957,LOF,0.040582141038377796,0.03260511947121647,0.9268127394904057
25958,LOF,0.05615058444946387,0.027338851826305497,0.9165105637242306
25959,LOF,0.06148642898467855,0.33496317281285143,0.60355039820247
25960,LOF,0.016808515423757255,0.0488337011125269,0.9343577834637158
25961,LOF,0.04130644058247139,0.02770868056715011,0.9309848788503786
25962,LOF,0.05879560197223888,0.025160680762732066,0.9160437172650291
25963,LOF,0.045935712017947654,0.20281049282916852,0.7512537951528838
25964,LOF,0.037384507977532275,0.15500217619457454,0.8076133158278932
25965,LOF,0.4608346812410434,0.0642796150200619,0.4748857037388948
25966,Neutral,0.5347553285498075,0.1542321488962964,0.31101252255389616
25967,LOF,0.017824394336497424,0.10020099421082136,0.8819746114526813
25968,LOF,0.027552141895926256,0.40421797176420027,0.5682298863398735
25969,LOF,0.030382859361029534,0.0679555560872127,0.9016615845517578
25970,LOF,0.06211519754506747,0.06568044350048337,0.8722043589544493
25971,LOF,0.06566717394609035,0.01908996777934275,0.915242858274567
25972,LOF,0.06950204761092116,0.02412622135814537,0.9063717310309334
25973,LOF,0.08114451179453736,0.008575218187572238,0.9102802700178904
25974,LOF,0.1909471900970988,0.015338166888618863,0.7937146430142824
25975,LOF,0.04859657692876747,0.02300421237317872,0.9283992106980538
25976,LOF,0.04387508474896105,0.014902375541026785,0.9412225397100121
25977,LOF,0.14590129331600046,0.08377416117865814,0.7703245455053414
25978,LOF,0.14645883552911237,0.06884965481064957,0.784691509660238
25979,LOF,0.13738517915076076,0.06517725415524443,0.7974375666939949
25980,LOF,0.238413338750736,0.09286576688631328,0.6687208943629506
25981,LOF,0.2700562698280795,0.09061548146595569,0.6393282487059648
25982,LOF,0.4073581348394301,0.055979092661600824,0.5366627724989691
25983,LOF,0.3831895796456357,0.06309151128967659,0.5537189090646877
25984,LOF,0.049011843332947634,0.049841796867698074,0.9011463597993543
25985,LOF,0.03873954464565988,0.24075051555882532,0.7205099397955148
25986,LOF,0.04791227799959046,0.2853879273678967,0.6666997946325129
25987,LOF,0.0848656641719657,0.07182774782345407,0.8433065880045801
25988,LOF,0.16774585845643242,0.06687301546514739,0.7653811260784202
25989,LOF,0.03556588027998529,0.12126127087591132,0.8431728488441034
25990,LOF,0.046258852703586754,0.14058265702621714,0.8131584902701962
25991,LOF,0.12653740385788947,0.2820657729591636,0.5913968231829471
25992,LOF,0.2854172980907423,0.16489269619488822,0.5496900057143695
25993,LOF,0.021891619720475323,0.0705914176284187,0.907516962651106
25994,LOF,0.01590798477412445,0.0943144208048864,0.8897775944209891
25995,LOF,0.02284874199906812,0.18912806921043063,0.7880231887905013
25996,GOF,0.32862784907465514,0.4329333883313028,0.23843876259404204
25997,LOF,0.07974790643575284,0.39244176216918314,0.5278103313950641
25998,Neutral,0.5118134930752296,0.0255339364209556,0.46265257050381475
25999,LOF,0.10469323881022347,0.08424248664337719,0.8110642745463994
26000,LOF,0.1497037446058458,0.04558244913487665,0.8047138062592775
26001,LOF,0.20065007085390182,0.05359018583932061,0.7457597433067774
26002,LOF,0.13707760010702327,0.04878743494300217,0.8141349649499746
26003,GOF,0.0103421194222651,0.5681925418485297,0.42146533872920516
26004,GOF,0.020869485863669043,0.6504955039119069,0.3286350102244239
26005,LOF,0.006707122143242552,0.4448745432875159,0.5484183345692416
26006,Neutral,0.4853736677466407,0.26348496705287155,0.25114136520048774
26007,GOF,0.023871672732034162,0.5040453864477878,0.47208294082017804
26008,GOF,0.01703977166000608,0.6000612175232194,0.38289901081677447
26009,GOF,0.021156566936413206,0.6646279195430257,0.3142155135205611
26010,GOF,0.022121157224468096,0.6159886382798765,0.3618902044956554
26011,LOF,0.006761957194143042,0.4408470086222833,0.5523910341835737
26012,GOF,0.013231141158343751,0.550484879925128,0.4362839789165283
26013,GOF,0.018879845147750363,0.5870450460507267,0.3940751088015229
26014,LOF,0.04700285194523103,0.1123476217867825,0.8406495262679865
26015,LOF,0.1496276253867987,0.017486110006932468,0.8328862646062689
26016,LOF,0.19938745980622652,0.07702977161375833,0.723582768580015
26017,LOF,0.21791857100909723,0.11895343075288425,0.6631279982380185
26018,LOF,0.08457655874808649,0.041797835628985654,0.8736256056229279
26019,LOF,0.07957173343837898,0.03240168087478175,0.8880265856868392
26020,LOF,0.06543210806262856,0.12831018733112118,0.8062577046062503
26021,LOF,0.043712267037427525,0.1367476296492166,0.8195401033133558
26022,LOF,0.010383976471063842,0.04198109076792987,0.9476349327610063
26023,LOF,0.07034235423427276,0.02437616596548504,0.9052814798002423
26024,LOF,0.0308900999226727,0.14014983509587572,0.8289600649814517
26025,LOF,0.15336523930275628,0.11954912779730797,0.7270856328999358
26026,LOF,0.3154875421348625,0.03274354376585007,0.6517689140992874
26027,LOF,0.06365829732305711,0.019373213155798135,0.9169684895211446
26028,LOF,0.1717906691342586,0.06643045502063193,0.7617788758451094
26029,LOF,0.0739473313762754,0.19729906697165878,0.7287536016520659
26030,LOF,0.022091286105931703,0.05194244417307457,0.9259662697209937
26031,LOF,0.026739892714431186,0.14282015054161637,0.8304399567439524
26032,LOF,0.06809069337408603,0.07975364778162097,0.8521556588442929
26033,LOF,0.08777709721127067,0.0784221465639935,0.8338007562247358
26034,LOF,0.04090166054073734,0.1673319112508609,0.7917664282084018
26035,LOF,0.02685032594203634,0.15417135107998334,0.8189783229779803
26036,LOF,0.040163791024097256,0.18144968141783813,0.7783865275580646
26037,LOF,0.021085247956855367,0.12586874834988537,0.8530460036932592
26038,LOF,0.06413997160228958,0.08106683209803348,0.854793196299677
26039,LOF,0.054812266682181886,0.15951303524734742,0.7856746980704707
26040,LOF,0.19859921877999803,0.12513172304780187,0.6762690581722001
26041,LOF,0.021684747851841484,0.11305700581713714,0.8652582463310214
26042,LOF,0.02040847775698386,0.10813037458560103,0.8714611476574152
26043,LOF,0.06413188108277268,0.0939730319638242,0.8418950869534031
26044,LOF,0.020185120330118766,0.06563897215779509,0.9141759075120862
26045,LOF,0.07315622296616414,0.0983106798131028,0.8285330972207331
26046,LOF,0.059800832658607195,0.07691908223047558,0.8632800851109171
26047,LOF,0.0807702729128695,0.0800289865118986,0.8392007405752319
26048,LOF,0.04632202085382656,0.039990224215564814,0.9136877549306087
26049,Neutral,0.9654397928412288,0.006687499163658185,0.027872707995112937
26050,Neutral,0.9516399070932429,0.008549267369051152,0.039810825537705964
26051,LOF,0.0481280976606852,0.2884927794077848,0.66337912293153
26052,LOF,0.06753630085876786,0.35088914758731243,0.5815745515539197
26053,LOF,0.055475349144264906,0.12783547024559,0.8166891806101451
26054,LOF,0.05043204421315839,0.018312199228691286,0.9312557565581504
26055,LOF,0.07233043126202489,0.015680879134637008,0.9119886896033382
26056,LOF,0.0619640331023905,0.017620741264165764,0.9204152256334437
26057,LOF,0.029173001348043806,0.012698267651024399,0.9581287310009318
26058,LOF,0.02991043523648537,0.01014686132788463,0.9599427034356299
26059,LOF,0.2949937810468386,0.02236511234614179,0.6826411066070196
26060,LOF,0.03770763084115642,0.19760528761495222,0.7646870815438913
26061,LOF,0.02016113972869862,0.011559052582495108,0.9682798076888063
26062,LOF,0.010671580989640746,0.01836983845917926,0.97095858055118
26063,LOF,0.02030765876901984,0.011868020434947293,0.9678243207960328
26064,LOF,0.021926347793860445,0.019465668581066523,0.9586079836250732
26065,LOF,0.024754395547266717,0.010569515374550179,0.9646760890781831
26066,LOF,0.02162597350713085,0.011201516280604973,0.9671725102122641
26067,LOF,0.026079926830507652,0.00845182003842933,0.965468253131063
26068,LOF,0.04485848859088947,0.029537982371144127,0.9256035290379665
26069,LOF,0.2969153518556625,0.018828385109604755,0.6842562630347329
26070,LOF,0.42913097426040725,0.01666411075891927,0.5542049149806735
26071,LOF,0.019737497858541717,0.012349981372300223,0.967912520769158
26072,LOF,0.021176416355718077,0.016621783796574786,0.9622017998477072
26073,LOF,0.02008648965391386,0.010146145357052955,0.9697673649890333
26074,Neutral,0.9063941759784767,0.006100528676606704,0.08750529534491668
26075,LOF,0.04417708380203082,0.015428515012407652,0.9403944011855615
26076,LOF,0.03995578502644671,0.009587578393002009,0.9504566365805512
26077,LOF,0.009436265828562558,0.016499998655305784,0.9740637355161317
26078,LOF,0.013705878696323878,0.012205817033256678,0.9740883042704195
26079,LOF,0.06051552924570771,0.01795804761439586,0.9215264231398963
26080,LOF,0.05978724051120958,0.0179700795897695,0.922242679899021
26081,LOF,0.03216434655305286,0.006429826502807823,0.9614058269441395
26082,LOF,0.01336851004779417,0.016722008239673455,0.9699094817125322
26083,LOF,0.17805271888806432,0.013776715432126834,0.8081705656798089
26084,LOF,0.038152417863467396,0.01207231042737289,0.9497752717091597
26085,LOF,0.034327762899285956,0.011412550835299637,0.9542596862654144
26086,LOF,0.0204502212881,0.010697358616511833,0.9688524200953881
26087,LOF,0.025010205738697614,0.007611335052211263,0.967378459209091
26088,LOF,0.016506360272645487,0.023049793886195713,0.9604438458411587
26089,LOF,0.043102248978614505,0.022840574931512383,0.9340571760898732
26090,LOF,0.04210577164963765,0.018648610812863356,0.939245617537499
26091,LOF,0.0336846234870239,0.00625552192647443,0.9600598545865018
26092,LOF,0.021860102991422516,0.007871528978185719,0.9702683680303917
26093,LOF,0.03456067033628091,0.0056075981061271514,0.9598317315575919
26094,LOF,0.03545159456033654,0.006213528489966373,0.958334876949697
26095,LOF,0.04222785943988455,0.014578291680491627,0.9431938488796239
26096,LOF,0.019165761740614122,0.01258756681587662,0.9682466714435092
26097,LOF,0.012078112679684193,0.033822545352860285,0.9540993419674555
26098,LOF,0.07975268889265201,0.01153580775618704,0.9087115033511609
26099,LOF,0.020573559765255864,0.01201832937153212,0.967408110863212
26100,LOF,0.023056139279201276,0.011497159143328021,0.9654467015774707
26101,LOF,0.04697722018403934,0.01579405212441402,0.9372287276915466
26102,LOF,0.020514497914064962,0.012158879677732338,0.9673266224082027
26103,Neutral,0.8824144681516567,0.018665014568061345,0.09892051728028195
26104,LOF,0.0805559182076711,0.024072925080632544,0.8953711567116963
26105,LOF,0.2090347010772851,0.2808915288255084,0.5100737700972064
26106,LOF,0.18059263127983732,0.12645384205470772,0.6929535266654551
26107,LOF,0.22184907635226594,0.08442843993337026,0.6937224837143638
26108,LOF,0.2753309504627911,0.10668180912439067,0.6179872404128183
26109,LOF,0.09691886702085471,0.06328474799143242,0.8397963849877128
26110,LOF,0.20789743461087903,0.0075326899970233055,0.7845698753920977
26111,Neutral,0.507502192793804,0.026675004067615,0.465822803138581
26112,LOF,0.03270065707693015,0.00897365300066746,0.9583256899224024
26113,LOF,0.06441365758297812,0.019556922940233663,0.9160294194767883
26114,LOF,0.02475015240402077,0.02594480442381271,0.9493050431721665
26115,LOF,0.08883970151402791,0.05951468122648424,0.8516456172594878
26116,LOF,0.06548428798696335,0.06172322066162815,0.8727924913514086
26117,LOF,0.43197297071372964,0.0443679718001065,0.5236590574861638
26118,LOF,0.034207372343519254,0.02766110927717843,0.9381315183793024
26119,LOF,0.022088002423570383,0.03533322689849783,0.9425787706779318
26120,LOF,0.026331133485778636,0.02082933450021703,0.9528395320140043
26121,LOF,0.04437971676045524,0.08984175139058757,0.8657785318489571
26122,LOF,0.04428476208769927,0.036713811502660364,0.9190014264096404
