feature0,prediction,LoGoFunc_Neutral,LoGoFunc_GOF,LoGoFunc_LOF
25546,Neutral,0.6469062909505148,0.059304154480176806,0.2937895545693085
25547,Neutral,0.48937926571012885,0.1028622512041974,0.40775848308567364
25548,Neutral,0.4834782408701687,0.0828007819216061,0.43372097720822517
25549,LOF,0.4220280635821123,0.0851335943339707,0.49283834208391697
25550,LOF,0.34557508250676344,0.11913137111992159,0.5352935463733148
25551,LOF,0.2872153526669462,0.1307627729319544,0.5820218744010993
25552,LOF,0.24676628469109674,0.12849564173361733,0.624738073575286
25553,Neutral,0.8008003347924533,0.04620645476909337,0.15299321043845326
25554,LOF,0.28408620682958174,0.11788214023592342,0.5980316529344948
25555,LOF,0.24213338134967724,0.11012475752941694,0.6477418611209058
25556,LOF,0.43094604580624785,0.10311430578629843,0.46593964840745367
25557,LOF,0.23349923539983258,0.11454764063988192,0.6519531239602855
25558,LOF,0.2960548756642859,0.11568196014188549,0.5882631641938286
25559,LOF,0.2690905241604966,0.1373554275469287,0.5935540482925746
25560,LOF,0.17265667681802802,0.10356173056267637,0.7237815926192956
25561,LOF,0.15616157869663305,0.12400304483396575,0.7198353764694012
25562,LOF,0.07596725453419566,0.07933349973073542,0.8446992457350689
25563,LOF,0.02365448250931836,0.15522524254649006,0.8211202749441915
25564,LOF,0.20742915730190295,0.12049926708189068,0.6720715756162063
25565,LOF,0.1969560493907961,0.17006624785092342,0.6329777027582805
25566,GOF,0.10259070701588897,0.7186325545213438,0.17877673846276715
25567,LOF,0.0403902289144185,0.15389550113433909,0.8057142699512423
25568,LOF,0.06455005523390912,0.07029487974737554,0.8651550650187153
25569,LOF,0.0606394157227558,0.07404032329626695,0.8653202609809773
25570,LOF,0.029619189571424242,0.09881484034073737,0.8715659700878384
25571,LOF,0.027914441523552578,0.10157700193812702,0.8705085565383205
25572,LOF,0.06202663953519177,0.12178097873765688,0.8161923817271514
25573,LOF,0.061293635451515505,0.09232833271583071,0.8463780318326538
25574,LOF,0.05480827640838265,0.21925008994516051,0.7259416336464568
25575,LOF,0.023524890237533746,0.1187306649168254,0.8577444448456408
25576,LOF,0.031113397765233478,0.15628039704373578,0.8126062051910307
25577,LOF,0.03163384050187201,0.12790270079022636,0.8404634587079015
25578,LOF,0.3013890703273775,0.08133358316264029,0.6172773465099823
25579,LOF,0.14604248048802165,0.08627946366549237,0.7676780558464861
25580,LOF,0.0216562855532621,0.08133963469582679,0.8970040797509111
25581,LOF,0.056837043579062885,0.06660327353891381,0.8765596828820232
25582,LOF,0.056716106947727114,0.06516036114910512,0.8781235319031678
25583,LOF,0.02404665081275466,0.08029433294631232,0.895659016240933
25584,Neutral,0.6731385729169366,0.11109041953053514,0.2157710075525284
25585,LOF,0.02693164162243403,0.1349914743710497,0.8380768840065163
25586,LOF,0.01885324722883943,0.07208689209097274,0.9090598606801877
25587,LOF,0.018053927792592423,0.06293479202854921,0.9190112801788582
25588,LOF,0.02215200732591571,0.06672529706710921,0.9111226956069751
25589,Neutral,0.5128865867227188,0.20918508030750535,0.27792833296977587
25590,LOF,0.04782803784832467,0.11560914353337524,0.8365628186183
25591,LOF,0.09572200832693202,0.05438182404297793,0.84989616763009
25592,LOF,0.05823990048613583,0.12972374286533667,0.8120363566485274
25593,LOF,0.15416976679561015,0.2788375255302338,0.5669927076741561
25594,LOF,0.05510932782428683,0.11921117471645214,0.8256794974592611
25595,LOF,0.04999928658793906,0.08322166433414259,0.8667790490779185
25596,LOF,0.10832117516746474,0.04485615488256792,0.8468226699499672
25597,LOF,0.0912210805365668,0.05502109642785949,0.8537578230355737
25598,LOF,0.05391521467388437,0.08660130136341802,0.8594834839626975
25599,LOF,0.022761452762455704,0.4739675226798579,0.5032710245576864
25600,GOF,0.1818788195986768,0.4760181174459085,0.3421030629554147
25601,LOF,0.03645519929692526,0.40018268267945717,0.5633621180236175
25602,LOF,0.02936410160612279,0.0642477901081133,0.906388108285764
25603,LOF,0.030053393520449438,0.03561449005008706,0.9343321164294635
25604,LOF,0.03288208124885857,0.07475933288882483,0.8923585858623168
25605,LOF,0.03136925073680304,0.19629883540193463,0.7723319138612623
25606,LOF,0.39159796979789296,0.12443024399316026,0.48397178620894676
25607,LOF,0.022445883342971366,0.1813792149358138,0.7961749017212147
25608,LOF,0.03215688969996039,0.07286212881706254,0.8949809814829771
25609,GOF,0.1484416510157972,0.530583041160521,0.3209753078236818
25610,LOF,0.016909330252053746,0.028597087840936068,0.9544935819070102
25611,LOF,0.014065348696336008,0.034204182673827445,0.9517304686298367
25612,LOF,0.0507998913396462,0.04616088010284965,0.9030392285575042
25613,LOF,0.04657947820763496,0.04662436635795547,0.9067961554344096
25614,LOF,0.023289461002281873,0.026631897361193053,0.9500786416365252
25615,LOF,0.04234757160078184,0.04582867367763089,0.9118237547215873
25616,LOF,0.05454040260354895,0.031210372258987453,0.9142492251374637
25617,LOF,0.04467323247081735,0.04341189020724057,0.9119148773219421
25618,LOF,0.049616479521972276,0.03673723955737204,0.9136462809206557
25619,LOF,0.013471251919907178,0.03499001005572339,0.9515387380243694
25620,LOF,0.06653560056672489,0.04638771080932454,0.8870766886239506
25621,LOF,0.05361452912974264,0.03713557193215399,0.9092498989381034
25622,LOF,0.06024394903992137,0.03352530812619611,0.9062307428338826
25623,LOF,0.07562872356337756,0.0294333349199461,0.8949379415166764
25624,LOF,0.019476080299187497,0.03389352985720657,0.9466303898436058
25625,LOF,0.0606479238034953,0.04234719438437009,0.8970048818121346
25626,LOF,0.04884671444471044,0.04352872590399271,0.907624559651297
25627,Neutral,0.8929348201602961,0.022198178473522498,0.08486700136618135
25628,LOF,0.1371803798847858,0.06521034249569463,0.7976092776195196
25629,LOF,0.06293389101977874,0.05500273962134743,0.8820633693588739
25630,LOF,0.301620349247884,0.08311162837269377,0.6152680223794222
25631,Neutral,0.5766526325010449,0.06963075923969568,0.3537166082592595
25632,LOF,0.025596677896537346,0.057791265246603676,0.916612056856859
25633,LOF,0.16883703240089898,0.034894463714319146,0.7962685038847819
25634,LOF,0.03285318355032608,0.07361974770671037,0.8935270687429635
25635,LOF,0.03482021364824321,0.039732829438902224,0.9254469569128546
25636,LOF,0.033411727974267606,0.4048301045003239,0.5617581675254085
25637,LOF,0.0705889939885275,0.4269908878815943,0.5024201181298783
25638,LOF,0.027567510866891243,0.31321979901901914,0.6592126901140897
25639,LOF,0.02767488609271403,0.34139704950925126,0.6309280643980347
25640,Neutral,0.7840517423958964,0.17677234631840094,0.03917591128570272
25641,GOF,0.0628767051159482,0.47992927676847,0.4571940181155818
25642,LOF,0.042537021858087394,0.16227574279521648,0.7951872353466961
25643,LOF,0.19462194346576306,0.12444261131149209,0.6809354452227447
25644,LOF,0.020915630789780967,0.42076615154177294,0.558318217668446
25645,LOF,0.026538411792967072,0.35224964379740475,0.6212119444096282
25646,LOF,0.06576666897760204,0.3006709623004337,0.6335623687219643
25647,LOF,0.026931639921198788,0.22477503300652546,0.7482933270722758
25648,LOF,0.036393288395552344,0.21743472494009541,0.7461719866643522
25649,LOF,0.018204579583558787,0.2124340331411606,0.7693613872752807
25650,LOF,0.056504852220760286,0.377265955272153,0.5662291925070867
25651,LOF,0.01836958968598585,0.247078008500564,0.7345524018134502
25652,LOF,0.037330940025115375,0.23038630741321664,0.7322827525616681
25653,LOF,0.09185586921275496,0.367974622180567,0.5401695086066781
25654,LOF,0.02778836166290029,0.19003442180310073,0.7821772165339991
25655,LOF,0.24419786054959022,0.3406402055354318,0.41516193391497797
25656,LOF,0.36552296955502156,0.04879054508977902,0.5856864853551994
25657,LOF,0.06121090827477491,0.04679783198127546,0.8919912597439495
25658,LOF,0.3500329051783922,0.04940738579812391,0.6005597090234839
25659,Neutral,0.5077054915204489,0.07154105175973911,0.420753456719812
25660,LOF,0.021807286677894798,0.07953850774762555,0.8986542055744797
25661,LOF,0.09549557223147169,0.05784467614503632,0.8466597516234919
25662,LOF,0.03696776881745266,0.03411416727077615,0.9289180639117712
25663,LOF,0.04729643256531613,0.04610518203555846,0.9065983853991255
25664,LOF,0.14573962371949054,0.06330805913731234,0.7909523171431971
25665,LOF,0.05180520273417667,0.03090382162493522,0.917290975640888
25666,LOF,0.0973311228770328,0.07743213566470235,0.8252367414582649
25667,LOF,0.07395174729190289,0.03803545523292109,0.888012797475176
25668,LOF,0.04225754252813582,0.04625596101292619,0.9114864964589381
25669,LOF,0.03703517279842268,0.04913886572684172,0.9138259614747356
25670,LOF,0.16264695345111366,0.06003497793113379,0.7773180686177525
25671,LOF,0.11496097185496325,0.03421659323175831,0.8508224349132784
25672,LOF,0.050072758713701544,0.04481240444185523,0.9051148368444433
25673,LOF,0.07816589704446042,0.04977599800915121,0.8720581049463882
25674,LOF,0.0689974147114383,0.058965429318384104,0.8720371559701775
25675,LOF,0.11900440373720651,0.05767524598025038,0.823320350282543
25676,LOF,0.019274016479381543,0.05161160244851806,0.9291143810721003
25677,LOF,0.0266584388613166,0.07293870627982042,0.900402854858863
25678,LOF,0.21146022071209117,0.05773239500597456,0.7308073842819343
25679,LOF,0.12518134460277608,0.077013513307292,0.797805142089932
25680,LOF,0.03128971699039909,0.12419371188662137,0.8445165711229795
25681,LOF,0.053255516915692545,0.11422031014681908,0.8325241729374885
25682,LOF,0.15057546146839787,0.07609507883458064,0.7733294596970216
25683,LOF,0.12199625576888357,0.0901129032204637,0.7878908410106528
25684,LOF,0.04616972659075029,0.07491468040245898,0.8789155930067908
25685,LOF,0.13349549675452388,0.05076514243926304,0.815739360806213
25686,LOF,0.0787106636417568,0.08609930604535085,0.8351900303128924
25687,LOF,0.125777114864116,0.09387970770026281,0.7803431774356212
25688,LOF,0.2847429922406809,0.036135337246691934,0.6791216705126272
25689,LOF,0.22601794373112172,0.03670679760295197,0.7372752586659264
25690,LOF,0.3115067936345877,0.03146060191423963,0.6570326044511727
25691,Neutral,0.6717936780299135,0.02481108690239728,0.30339523506768923
25692,LOF,0.3302567157809506,0.012914757170947101,0.6568285270481022
25693,LOF,0.05964319620280975,0.4459466068227434,0.4944101969744467
25694,LOF,0.11902551256545353,0.01574765592529344,0.8652268315092531
25695,LOF,0.1086630834876589,0.014088073164768598,0.8772488433475725
25696,LOF,0.13244093691946815,0.008155268474276466,0.8594037946062554
25697,LOF,0.08906427854142501,0.030064871169975325,0.8808708502885997
25698,LOF,0.35989065285601135,0.1960146237277959,0.4440947234161928
25699,LOF,0.44889234715083554,0.038337517060371355,0.512770135788793
25700,LOF,0.07053125434651433,0.00875898124833747,0.9207097644051483
25701,LOF,0.13372975980880916,0.05754093463689138,0.8087293055542994
25702,GOF,0.1710263709354395,0.5674974499551789,0.26147617910938165
25703,LOF,0.015642750473127815,0.1685938060638433,0.8157634434630289
25704,LOF,0.0461560044957795,0.10475981345647,0.8490841820477505
25705,LOF,0.048855400402385216,0.14795962800772364,0.8031849715898911
25706,LOF,0.0967180623102234,0.42751667199796806,0.47576526569180844
25707,LOF,0.0882683623981832,0.3466251991357036,0.5651064384661133
25708,LOF,0.027430426975787323,0.28485335928744027,0.6877162137367724
25709,LOF,0.06954732956755175,0.041370830190707746,0.8890818402417405
25710,LOF,0.011115637429263744,0.1503204406431027,0.8385639219276335
25711,LOF,0.01938447218337986,0.10475651792116551,0.8758590098954546
25712,LOF,0.013302906771958518,0.1800819448415416,0.8066151483864998
25713,LOF,0.020306955892978252,0.08001122958691263,0.899681814520109
25714,LOF,0.08208299616854402,0.07926803834694737,0.8386489654845086
25715,LOF,0.012342564113098663,0.13830642770228385,0.8493510081846174
25716,LOF,0.013391982736346768,0.10992231045105008,0.8766857068126032
25717,LOF,0.011299923723162969,0.0829867046053367,0.9057133716715003
25718,LOF,0.013274164781572893,0.10369511070772028,0.8830307245107069
25719,LOF,0.019789345517571246,0.07495805645097553,0.9052525980314531
25720,LOF,0.02548737184180471,0.06569062693554344,0.908822001222652
25721,LOF,0.015984885755016394,0.11002865800264819,0.8739864562423353
25722,LOF,0.015051695812771783,0.11332685521233765,0.8716214489748906
25723,LOF,0.024657406802970114,0.040614844608270084,0.9347277485887598
25724,LOF,0.034827485666581094,0.08894841044826166,0.8762241038851573
25725,LOF,0.012508949897340077,0.06696175360980178,0.9205292964928582
25726,LOF,0.017274825601950018,0.096263249302639,0.8864619250954109
25727,LOF,0.014180437031218407,0.0724737286178652,0.9133458343509164
25728,LOF,0.010629426407345707,0.11683158046659817,0.8725389931260561
25729,LOF,0.011244392402282807,0.11155011444640789,0.8772054931513092
25730,LOF,0.01502574870077201,0.08240518093620373,0.9025690703630243
25731,LOF,0.01906044859439822,0.11207243984064387,0.8688671115649579
25732,LOF,0.015315746195490398,0.07706021442519509,0.9076240393793145
25733,LOF,0.017085619589446398,0.07047033414306211,0.9124440462674914
25734,LOF,0.011324336500379917,0.11935069924766566,0.8693249642519544
25735,LOF,0.01435898059363957,0.082250423632574,0.9033905957737864
25736,LOF,0.01499919533451943,0.09952821071131801,0.8854725939541626
25737,LOF,0.012969327225585608,0.07788738984321034,0.9091432829312039
25738,LOF,0.013089882050862837,0.10445358883393828,0.8824565291151988
25739,LOF,0.022136353177554913,0.0782875469720799,0.8995760998503652
25740,LOF,0.027282216610769596,0.11405256748099546,0.858665215908235
25741,LOF,0.015654522947799104,0.11794358762216946,0.8664018894300315
25742,LOF,0.11806913675501639,0.09020059190316645,0.7917302713418171
25743,LOF,0.029970721285209334,0.033628221794851344,0.9364010569199395
25744,Neutral,0.5691721088314349,0.1976558719489747,0.2331720192195905
25745,LOF,0.06799812813861204,0.06879279793130362,0.8632090739300844
25746,LOF,0.03871048606527323,0.08824334103319902,0.8730461729015278
25747,LOF,0.022177795162938923,0.0488666978736111,0.92895550696345
25748,LOF,0.09401838356482953,0.07626552834456139,0.8297160880906091
25749,LOF,0.02415217106393232,0.08113505366735638,0.8947127752687112
25750,LOF,0.08031642866526344,0.08445018888029768,0.8352333824544389
25751,LOF,0.09695525597460408,0.07506089005153893,0.827983853973857
25752,GOF,0.10641799671957244,0.6421378841071161,0.2514441191733114
25753,LOF,0.016322635225266717,0.28416979200683584,0.6995075727678974
25754,GOF,0.011178995337744779,0.7668705941696565,0.22195041049259873
25755,LOF,0.020018856486536053,0.4003902377882158,0.5795909057252482
25756,LOF,0.042723630854811366,0.3630876860731941,0.5941886830719946
25757,GOF,0.014187562657820047,0.8308254398717978,0.15498699747038205
25758,GOF,0.03075930782463959,0.7893630675441486,0.17987762463121187
25759,GOF,0.010350965216299631,0.5509743909996299,0.4386746437840705
25760,LOF,0.011222078463683853,0.25570273694334233,0.7330751845929737
25761,GOF,0.2799779544425826,0.6300241464996666,0.08999789905775078
25762,LOF,0.03742780216806126,0.26470855213541333,0.6978636456965253
25763,LOF,0.012567702871323505,0.1994953709271938,0.7879369262014827
25764,GOF,0.07222727149424926,0.6180706615871546,0.309702066918596
25765,GOF,0.03785794958062646,0.7452973096563346,0.21684474076303897
25766,GOF,0.06561756381056819,0.7247801227127629,0.20960231347666872
25767,GOF,0.13471353162523497,0.562482606467622,0.3028038619071431
25768,LOF,0.11034188925494402,0.07083578664654826,0.8188223240985076
25769,LOF,0.05577375348518462,0.05975079864353283,0.8844754478712825
25770,LOF,0.3074413188419893,0.08451306444210677,0.608045616715904
25771,LOF,0.04015181815576859,0.04493180418041608,0.9149163776638154
25772,LOF,0.01807216101029656,0.03760935793745867,0.9443184810522448
25773,LOF,0.051489207715450576,0.09331188749265903,0.8551989047918904
25774,LOF,0.02840643457508696,0.07263286020501683,0.8989607052198962
25775,LOF,0.04567066013104755,0.047671341498119586,0.9066579983708328
25776,LOF,0.07402953479668965,0.025074860877415252,0.9008956043258951
25777,LOF,0.3649220434203264,0.054033114086399325,0.5810448424932741
25778,LOF,0.07052415445342562,0.04541803352320947,0.884057812023365
25779,GOF,0.37459100011225993,0.5783000316092493,0.04710896827849095
25780,GOF,0.32215820550175256,0.6010046177934149,0.07683717670483262
25781,GOF,0.14319000940348117,0.7466686270482353,0.11014136354828352
25782,GOF,0.21000486086567305,0.7141198884045205,0.07587525072980662
25783,GOF,0.024647419685887736,0.5984007465250968,0.3769518337890153
25784,Neutral,0.524645194983717,0.43504767749047407,0.04030712752580895
25785,GOF,0.4683523593823009,0.49505402029427636,0.036593620323422775
25786,GOF,0.028476514848969264,0.7394186582640981,0.23210482688693268
25787,Neutral,0.6398135628276471,0.3337265008592792,0.026459936313073633
25788,LOF,0.05533343484180556,0.10096404263929745,0.843702522518897
25789,GOF,0.23280657872797506,0.6388700041939689,0.12832341707805603
25790,GOF,0.2409224489914548,0.6462862011398355,0.11279134986870984
25791,GOF,0.1986618606050921,0.6386611526257865,0.1626769867691214
25792,GOF,0.38598350766589884,0.49979849988804775,0.11421799244605338
25793,GOF,0.24345451910942648,0.5326348612215424,0.22391061966903128
25794,GOF,0.2826643882819988,0.5328621097822388,0.18447350193576245
25795,GOF,0.08266025991563372,0.6698857643727651,0.24745397571160127
25796,Neutral,0.5742991434212021,0.3504628039556022,0.07523805262319558
25797,GOF,0.0875529252157891,0.5250985769951753,0.3873484977890356
25798,LOF,0.010081609397132983,0.48540384583064017,0.5045145447722269
25799,LOF,0.007945973494590416,0.3584713500922036,0.633582676413206
25800,GOF,0.03577772094957306,0.5509699130458685,0.41325236600455845
25801,GOF,0.20554689761910375,0.6457699855928564,0.14868311678803983
25802,GOF,0.07938559586268709,0.6571794354707657,0.2634349686665471
25803,GOF,0.03497959962171095,0.5652925944043357,0.39972780597395347
25804,LOF,0.031415733380514704,0.46632269839712565,0.5022615682223597
25805,GOF,0.0941413864165947,0.5768165190624777,0.3290420945209277
25806,GOF,0.09832545610880063,0.5714991861628538,0.33017535772834555
25807,GOF,0.021202936434992613,0.5920992574080538,0.3866978061569536
25808,GOF,0.07929842831280882,0.6163947664393655,0.3043068052478255
25809,GOF,0.020340842648714493,0.5615553252351422,0.4181038321161434
25810,GOF,0.018091914422845048,0.5919512833188781,0.3899568022582767
25811,Neutral,0.46957962808644915,0.4435819405235609,0.08683843138999005
25812,GOF,0.0336497162492608,0.6241396972314865,0.3422105865192526
25813,Neutral,0.516616953189435,0.3864276333981131,0.0969554134124519
25814,GOF,0.12812374820682274,0.6397310447806822,0.23214520701249508
25815,GOF,0.19948609976925002,0.6190026843591737,0.1815112158715762
25816,GOF,0.021707137481676297,0.6806192786873271,0.29767358383099657
25817,GOF,0.25040612027950027,0.6323275406129166,0.11726633910758326
25818,GOF,0.05477007244160263,0.5985170314294456,0.34671289612895184
25819,GOF,0.36647901442945935,0.4871173029660492,0.14640368260449146
25820,GOF,0.1817144177066064,0.5863659969395713,0.23191958535382226
25821,GOF,0.05576187191216482,0.6429369049636224,0.3013012231242127
25822,GOF,0.2033003525298717,0.5546123348792601,0.24208731259086827
25823,GOF,0.03527846823729614,0.5170395009862027,0.44768203077650115
25824,GOF,0.09190824797619447,0.5606379556721119,0.34745379635169366
25825,GOF,0.03636610665027544,0.5591374436494447,0.4044964497002797
25826,GOF,0.015441349349629005,0.5501096936592016,0.4344489569911694
25827,GOF,0.02270538354258147,0.5849192576384196,0.3923753588189989
25828,GOF,0.012744833769157794,0.5097489047688454,0.477506261461997
25829,GOF,0.006267619002234523,0.5495909180163738,0.4441414629813917
25830,LOF,0.032467316506307936,0.2997970891383384,0.6677355943553537
25831,GOF,0.22336997261391367,0.6407491458917989,0.13588088149428734
25832,GOF,0.03675184550290564,0.6740889724106602,0.28915918208643404
25833,GOF,0.12672068909934062,0.6921335432858449,0.18114576761481438
25834,GOF,0.03768770842541882,0.6821144188326254,0.28019787274195596
25835,GOF,0.0832541336886625,0.7308174883709876,0.1859283779403499
25836,GOF,0.038454073648193546,0.6641724633702054,0.297373462981601
25837,GOF,0.029792907985032153,0.5733464366205118,0.3968606553944561
25838,GOF,0.09752328142375939,0.7466730891768673,0.15580362939937342
25839,GOF,0.30550130464682484,0.5457792237385863,0.14871947161458896
25840,GOF,0.26113847117650574,0.5926576278272173,0.14620390099627692
25841,GOF,0.2563954875952653,0.6031772392415294,0.14042727316320522
25842,GOF,0.1834742288710828,0.6796711579504476,0.13685461317846961
25843,GOF,0.2539850328668119,0.6469884802599984,0.09902648687318974
25844,GOF,0.06988816110882512,0.6874009998449457,0.24271083904622917
25845,LOF,0.017231816689008552,0.44993111251797396,0.5328370707930176
25846,GOF,0.12560311409433084,0.7154993688567871,0.15889751704888208
25847,GOF,0.12270368297948503,0.7568430307231373,0.12045328629737759
25848,GOF,0.04471107770337016,0.6624426731960779,0.2928462491005519
25849,GOF,0.013998786943052129,0.5691632101703827,0.41683800288656503
25850,GOF,0.026233172394521092,0.6291516182593493,0.3446152093461296
25851,GOF,0.021618266312003784,0.5244558786954658,0.45392585499253046
25852,GOF,0.1695573840667623,0.5181074576275668,0.31233515830567093
25853,GOF,0.3576793780467954,0.5670146006806951,0.07530602127250952
25854,GOF,0.024048190842550762,0.6112145588844693,0.36473725027298004
25855,GOF,0.039368338792995776,0.5410235489264745,0.4196081122805297
25856,GOF,0.25563918236507366,0.5288561131829163,0.21550470445201014
25857,GOF,0.04096660148102685,0.49234668082799593,0.4666867176909773
25858,GOF,0.02076090428185459,0.5133350182726518,0.4659040774454935
25859,LOF,0.010805033673227424,0.4884470597588609,0.5007479065679117
25860,GOF,0.3693172481766291,0.5437503198103407,0.08693243201303022
25861,GOF,0.4325475914820962,0.47867671559563435,0.0887756929222693
25862,GOF,0.09198149169669584,0.7438563968794363,0.16416211142386805
25863,GOF,0.08632919862348602,0.7540087489044667,0.15966205247204732
25864,GOF,0.19382603929984613,0.7165850342439001,0.08958892645625381
25865,GOF,0.09058677569062015,0.7826298204847122,0.1267834038246676
25866,GOF,0.06395683427888554,0.7598826015986953,0.17616056412241932
25867,GOF,0.10098013344032555,0.7876966910769375,0.11132317548273685
25868,GOF,0.2706789800541617,0.6231019480193087,0.10621907192652953
25869,Neutral,0.7177986567204852,0.24286628281382264,0.03933506046569214
25870,GOF,0.282510492600167,0.3657067951533079,0.3517827122465251
25871,GOF,0.23293178508079068,0.6125751597640402,0.15449305515516917
25872,GOF,0.0810696157189995,0.6111610000512676,0.3077693842297329
25873,GOF,0.12380786868230806,0.6468968324788178,0.229295298838874
25874,LOF,0.017385716097338196,0.11041327650518783,0.872201007397474
25875,LOF,0.09511406963447594,0.0396430125553608,0.8652429178101633
25876,LOF,0.03576655725070242,0.028150868441587415,0.9360825743077102
25877,Neutral,0.4872772313690151,0.04918250956723807,0.4635402590637469
25878,LOF,0.21759476465842129,0.09254280001357955,0.6898624353279991
25879,LOF,0.0885314075785614,0.089030093727519,0.8224384986939195
25880,LOF,0.0241984351543731,0.015514068137494369,0.9602874967081326
25881,LOF,0.18654281867224717,0.12596843817090875,0.6874887431568442
25882,LOF,0.06002229482093907,0.017267924840003418,0.9227097803390576
25883,LOF,0.08252157286012904,0.01998113210510227,0.8974972950347686
25884,LOF,0.03329148103493433,0.027482181962865154,0.9392263370022005
25885,LOF,0.06111329769693078,0.010536396629424682,0.9283503056736446
25886,LOF,0.27300231336186065,0.03658164527892709,0.6904160413592123
25887,LOF,0.16280072347876776,0.06839471346284275,0.7688045630583895
25888,LOF,0.06931687830784386,0.06071312482480569,0.8699699968673504
25889,LOF,0.039497151298533664,0.020163446084048776,0.9403394026174174
25890,LOF,0.04575636125130739,0.15905502981259703,0.7951886089360957
25891,LOF,0.03902283915628836,0.052227009656433135,0.9087501511872784
25892,LOF,0.0938386779423985,0.02263013301498,0.8835311890426214
25893,LOF,0.25395103426981763,0.02014307018510806,0.7259058955450743
25894,LOF,0.1782955209947056,0.011744513694593362,0.809959965310701
25895,LOF,0.215871940680823,0.018711479599494985,0.7654165797196819
25896,LOF,0.049271496088618166,0.023187461863557694,0.9275410420478241
25897,LOF,0.27202709828686655,0.012006793978959724,0.7159661077341738
25898,Neutral,0.7019149059827394,0.009740495602587867,0.28834459841467264
25899,LOF,0.22284297754278132,0.019708045125005076,0.7574489773322135
25900,LOF,0.442891221246716,0.015439712892836738,0.5416690658604472
25901,LOF,0.05236545800186433,0.011918870937234427,0.9357156710609011
25902,LOF,0.16999870769249986,0.012377470834630535,0.8176238214728695
25903,Neutral,0.5628970100739443,0.02665038357307657,0.4104526063529791
25904,LOF,0.2750255501518896,0.044041680445711,0.6809327694023993
25905,LOF,0.024436522667960547,0.34567426942195745,0.629889207910082
25906,LOF,0.032074685504800214,0.08619267359322022,0.8817326409019797
25907,LOF,0.015583738022178963,0.3337415225195357,0.6506747394582855
25908,LOF,0.011464394260885078,0.267579744916137,0.7209558608229779
25909,LOF,0.014018917693790751,0.13044089683104157,0.8555401854751676
25910,LOF,0.047784198673619986,0.1464453831432895,0.8057704181830905
25911,LOF,0.1641553533148943,0.020435342048129083,0.8154093046369766
25912,LOF,0.0503426389067928,0.04348507963217015,0.9061722814610371
25913,LOF,0.30936214444276755,0.020696677140122376,0.6699411784171101
25914,LOF,0.020205545091934677,0.06197181559641888,0.9178226393116464
25915,Neutral,0.5745835644862385,0.18648335872464195,0.2389330767891196
25916,LOF,0.08468271826575577,0.24862610872034127,0.6666911730139029
25917,LOF,0.06538892693596304,0.04920798422213372,0.8854030888419032
25918,LOF,0.024403460874831646,0.044424000974185446,0.9311725381509829
25919,LOF,0.02165789292584613,0.047757411948065966,0.9305846951260879
25920,GOF,0.12067848199568101,0.5440337783691332,0.3352877396351857
25921,LOF,0.024474504237830576,0.02755127323818621,0.9479742225239832
25922,LOF,0.03208986408638437,0.020143798887234197,0.9477663370263814
25923,LOF,0.4226462422874967,0.021956576131572057,0.5553971815809312
25924,LOF,0.037024414492413386,0.03550564723448835,0.9274699382730983
25925,LOF,0.06645649548995429,0.02766530052052441,0.9058782039895212
25926,LOF,0.05004858930176448,0.023897075488819242,0.9260543352094163
25927,LOF,0.05779184671192913,0.10244615440973273,0.839761998878338
25928,LOF,0.017908732270779083,0.0380597625487279,0.9440315051804931
25929,Neutral,0.5324133021520924,0.023813832452041238,0.44377286539586636
25930,LOF,0.05179449909637473,0.02074359494917168,0.9274619059544537
25931,LOF,0.023965737970226386,0.022853188825656387,0.9531810732041172
25932,LOF,0.027339477319027142,0.018470102651751173,0.9541904200292218
25933,LOF,0.03686764471885765,0.012821314791966677,0.9503110404891756
25934,LOF,0.025125658323123225,0.0165628992678257,0.9583114424090511
25935,LOF,0.06019488156179906,0.033774496670155786,0.9060306217680452
25936,LOF,0.04582746080300147,0.018015994817123047,0.9361565443798755
25937,LOF,0.025925385668330442,0.03108176319146709,0.9429928511402025
25938,LOF,0.0600145202199631,0.03602880645284583,0.903956673327191
25939,LOF,0.04280388330801132,0.013975114775261295,0.9432210019167274
25940,LOF,0.027289442282811806,0.393981642895035,0.5787289148221532
25941,LOF,0.16684854395214674,0.10774258450381022,0.7254088715440431
25942,LOF,0.014183848199343256,0.031741868853388464,0.9540742829472681
25943,LOF,0.3049468853876668,0.0584716846006508,0.6365814300116824
25944,LOF,0.4775904057272439,0.022698699953398526,0.4997108943193575
25945,LOF,0.0648127712899798,0.021277026275998374,0.9139102024340219
25946,LOF,0.028642102214798747,0.11918309713101635,0.8521748006541848
25947,LOF,0.09321090117751427,0.2307537916519787,0.6760353071705071
25948,LOF,0.44374216477227807,0.008527776087016346,0.5477300591407055
25949,LOF,0.11491956062924052,0.02944334731214327,0.8556370920586162
25950,GOF,0.28717953103652516,0.39286891882375036,0.3199515501397245
25951,LOF,0.21469302713134772,0.2473241794784813,0.5379827933901709
25952,LOF,0.04660129301378973,0.44315309575502326,0.510245611231187
25953,LOF,0.16057840849858868,0.09635938823665631,0.7430622032647549
25954,Neutral,0.4682985113978462,0.167215505800516,0.3644859828016377
25955,LOF,0.05421410322656059,0.07992562529695042,0.865860271476489
25956,LOF,0.14797116654818546,0.11162374785201161,0.7404050855998029
25957,LOF,0.035604042800906115,0.03233368748929587,0.9320622697097981
25958,LOF,0.060334381586565865,0.029859623475071453,0.9098059949383627
25959,LOF,0.07819471110915735,0.3719348711936349,0.5498704176972078
25960,LOF,0.016006518370228384,0.05398917056787654,0.9300043110618951
25961,LOF,0.049553651840867144,0.031909525527353676,0.9185368226317792
25962,LOF,0.06575234351507088,0.025338340349468726,0.9089093161354603
25963,LOF,0.046721762199175475,0.17224457882620023,0.7810336589746243
25964,LOF,0.0383669164153467,0.15429013527435928,0.807342948310294
25965,LOF,0.44271704785772686,0.06670018938984847,0.4905827627524247
25966,Neutral,0.5116297069676159,0.16637480558397474,0.3219954874484093
25967,LOF,0.016786715142279383,0.09968130108801608,0.8835319837697045
25968,LOF,0.030103528022676497,0.4196275249450552,0.5502689470322684
25969,LOF,0.026590869037693032,0.06224568517110403,0.9111634457912029
25970,LOF,0.06275838273522344,0.05900171110770381,0.8782399061570727
25971,LOF,0.06826306611710263,0.01884777753436218,0.9128891563485352
25972,LOF,0.07114664604203579,0.024205263520461946,0.9046480904375024
25973,LOF,0.07022798346539665,0.009465432017486125,0.9203065845171172
25974,LOF,0.2039232022750904,0.016784016179302953,0.7792927815456067
25975,LOF,0.044780029911144235,0.02768136522819106,0.9275386048606648
25976,LOF,0.039943008367780634,0.015193843140424813,0.9448631484917945
25977,LOF,0.14118130954063962,0.08994629341369119,0.7688723970456693
25978,LOF,0.13568112287252032,0.061604694583800454,0.8027141825436793
25979,LOF,0.12852569267122682,0.06331407228935224,0.808160235039421
25980,LOF,0.20946587177371379,0.0772099388065004,0.7133241894197858
25981,LOF,0.23864486445201094,0.07526894168528189,0.6860861938627072
25982,LOF,0.3942920152656114,0.0511196888979702,0.5545882958364183
25983,LOF,0.3873816627189077,0.055006312036477566,0.5576120252446147
25984,LOF,0.05365577418906093,0.04423714627407706,0.902107079536862
25985,LOF,0.03484024268880982,0.2661523728629685,0.6990073844482216
25986,LOF,0.044573450609558266,0.2964182551066357,0.659008294283806
25987,LOF,0.07476386959471229,0.06091515650119691,0.8643209739040908
25988,LOF,0.15478448126825953,0.045952432353696934,0.7992630863780436
25989,LOF,0.030610136425915646,0.09112127179286073,0.8782685917812235
25990,LOF,0.04010012505012651,0.10367086360222107,0.8562290113476524
25991,LOF,0.12900982923259988,0.3111116493979849,0.5598785213694153
25992,LOF,0.277962068331903,0.19378073256564177,0.5282571991024553
25993,LOF,0.02305508731058092,0.08165969494353771,0.8952852177458814
25994,LOF,0.017832163968340784,0.10956080388323779,0.8726070321484215
25995,LOF,0.02498603758515502,0.23186050473753675,0.7431534576773082
25996,GOF,0.29838400739104565,0.4667140000338405,0.23490199257511382
25997,GOF,0.07023668550798218,0.47581652754440745,0.45394678694761037
25998,Neutral,0.5522323297366889,0.023031962228879165,0.42473570803443195
25999,LOF,0.10843877155235165,0.10093404202806806,0.7906271864195803
26000,LOF,0.14874518675313309,0.043532784385149036,0.8077220288617178
26001,LOF,0.1946092850840024,0.05008330822674601,0.7553074066892516
26002,LOF,0.15791506251820386,0.03945944901561372,0.8026254884661825
26003,GOF,0.01018180571239122,0.5991824342248594,0.39063576006274947
26004,GOF,0.020053374424014718,0.6902695697349447,0.2896770558410407
26005,LOF,0.007426368544914355,0.46528470786553383,0.5272889235895518
26006,Neutral,0.5385048957844962,0.2690347306985602,0.19246037351694364
26007,GOF,0.021613192285330686,0.5309867666512823,0.44740004106338693
26008,GOF,0.016569829054719976,0.6219802277724572,0.36144994317282286
26009,GOF,0.01983043684997171,0.6839158123790438,0.2962537507709846
26010,GOF,0.022171801961734263,0.6658762420063795,0.3119519560318863
26011,LOF,0.006245379349662477,0.46285049536900336,0.5309041252813342
26012,GOF,0.012355660696975856,0.5546099541817328,0.43303438512129144
26013,GOF,0.018956235120203484,0.623571741420183,0.35747202345961354
26014,LOF,0.04887412299822202,0.10698149044242626,0.8441443865593516
26015,LOF,0.19561180689390265,0.010417230302731133,0.7939709628033662
26016,LOF,0.21541248343976763,0.055003479702542525,0.7295840368576898
26017,LOF,0.24669846007945,0.09657824845060538,0.6567232914699447
26018,LOF,0.09242069122850827,0.027123326110303582,0.8804559826611881
26019,LOF,0.08852330460021346,0.021533022397884734,0.8899436730019019
26020,LOF,0.07308300813790657,0.11398860367368957,0.8129283881884038
26021,LOF,0.04862134459359612,0.1146398290203427,0.8367388263860611
26022,LOF,0.01104030272321366,0.03734086672446078,0.9516188305523257
26023,LOF,0.10909625994082703,0.019198056999461855,0.8717056830597111
26024,LOF,0.03478026859282816,0.11381913429665476,0.8514005971105171
26025,LOF,0.1729113889897244,0.08712880503540604,0.7399598059748697
26026,LOF,0.3448967670993361,0.025882490960329796,0.6292207419403342
26027,LOF,0.08317878198267059,0.014576257395748918,0.9022449606215804
26028,LOF,0.17606155249631256,0.05762830327785735,0.7663101442258301
26029,LOF,0.07177337017499989,0.21010843834927598,0.7181181914757242
26030,LOF,0.02163245748116006,0.06526073548148711,0.9131068070373529
26031,LOF,0.025646423028215952,0.16180682031490856,0.8125467566568755
26032,LOF,0.06349716984049071,0.0802207113515901,0.8562821188079192
26033,LOF,0.11181676507251195,0.09790872777415592,0.7902745071533321
26034,LOF,0.044835650481520974,0.18435778230606034,0.7708065672124187
26035,LOF,0.02610332802184084,0.17490521184586838,0.7989914601322908
26036,LOF,0.037785611813120124,0.19408188947008032,0.7681324987167997
26037,LOF,0.021237733910834944,0.15026058586771082,0.8285016802214543
26038,LOF,0.06005065182766938,0.08262585135153236,0.8573234968207982
26039,LOF,0.04929993506863147,0.17644641774435768,0.7742536471870108
26040,LOF,0.1803157705708567,0.1614219520616096,0.6582622773675337
26041,LOF,0.021704217560757074,0.13132603333787107,0.8469697491013718
26042,LOF,0.01999223126592324,0.12376170879924156,0.8562460599348352
26043,LOF,0.059731832129709304,0.09236320251637267,0.8479049653539181
26044,LOF,0.01881042191468649,0.08057912957987785,0.9006104485054357
26045,LOF,0.06759323767613745,0.11508020313342884,0.8173265591904337
26046,LOF,0.06138315989036273,0.09239203343998068,0.8462248066696566
26047,LOF,0.08210643598281933,0.0979539456230515,0.8199396183941292
26048,LOF,0.049899811510113676,0.04650571204066251,0.9035944764492237
26049,Neutral,0.9617855039963554,0.00820916284993458,0.03000533315370992
26050,Neutral,0.9455492160167012,0.01051093706600308,0.04393984691729573
26051,LOF,0.055429796285988465,0.2434316448861882,0.7011385588278233
26052,LOF,0.08024955401593759,0.31082779925505316,0.6089226467290092
26053,LOF,0.057675836763620376,0.1155642325216261,0.8267599307147535
26054,LOF,0.049682389829356424,0.016958665935751384,0.9333589442348922
26055,LOF,0.07157183223203374,0.014212253639927439,0.9142159141280389
26056,LOF,0.06059302359293831,0.01585600635903393,0.9235509700480278
26057,LOF,0.028169055627140498,0.012060829299665706,0.9597701150731938
26058,LOF,0.029118373028541946,0.009856010866307104,0.9610256161051509
26059,LOF,0.28581810560772414,0.020479148096100658,0.6937027462961751
26060,LOF,0.0358811323909957,0.20294882838685713,0.7611700392221471
26061,LOF,0.01681263275451371,0.0108142184439721,0.9723731488015143
26062,LOF,0.010195176565130717,0.0174905430982215,0.9723142803366478
26063,LOF,0.022377541824680488,0.011410976898041974,0.9662114812772775
26064,LOF,0.02338296019712798,0.021355469744327685,0.9552615700585443
26065,LOF,0.024105030104359725,0.011295453523803446,0.9645995163718369
26066,LOF,0.020356881434048443,0.011403334871573679,0.9682397836943778
26067,LOF,0.02815050479031571,0.00914339421710058,0.9627061009925837
26068,LOF,0.04571677479505345,0.029725686862042265,0.9245575383429043
26069,LOF,0.2578526156463832,0.019138349457406414,0.7230090348962104
26070,LOF,0.3831438789296428,0.01613530924029182,0.6007208118300654
26071,LOF,0.02447907517351957,0.012992055707375503,0.9625288691191048
26072,LOF,0.02088407800386829,0.016143724081321285,0.9629721979148105
26073,LOF,0.02378254297221079,0.010948172006854788,0.9652692850209345
26074,Neutral,0.905478340588666,0.005556027055430123,0.08896563235590377
26075,LOF,0.043620584566381036,0.014695372696924839,0.9416840427366941
26076,LOF,0.044662431879412,0.009365273633138141,0.9459722944874498
26077,LOF,0.009856808451616145,0.016817153320481212,0.9733260382279025
26078,LOF,0.012867286743466827,0.011103087680975976,0.9760296255755571
26079,LOF,0.057980598672180896,0.017765351860851424,0.9242540494669677
26080,LOF,0.05725032177231012,0.017802123073152917,0.9249475551545371
26081,LOF,0.03763651643784638,0.006443889081452934,0.9559195944807006
26082,LOF,0.0140990681510052,0.015560025144997273,0.9703409067039975
26083,LOF,0.13093672469863257,0.012446704003129156,0.8566165712982383
26084,LOF,0.028261034557973772,0.01213597490482009,0.9596029905372061
26085,LOF,0.024468416000090004,0.011642617255898489,0.9638889667440115
26086,LOF,0.022518140273169025,0.011848540994582622,0.9656333187322483
26087,LOF,0.027801411280506685,0.007971881631361291,0.9642267070881321
26088,LOF,0.015510726231926902,0.02219248084801863,0.9622967929200544
26089,LOF,0.04371057195916019,0.02197338073875529,0.9343160473020844
26090,LOF,0.04292482986898979,0.017272786652704625,0.9398023834783056
26091,LOF,0.03786078042462252,0.006086396890670179,0.9560528226847073
26092,LOF,0.027214485423117413,0.008213871185491231,0.9645716433913912
26093,LOF,0.03864793340379729,0.006000535406030229,0.9553515311901725
26094,LOF,0.041608635203731634,0.006194652517475523,0.9521967122787929
26095,LOF,0.040539910359033066,0.013313468186255631,0.9461466214547113
26096,LOF,0.019255552901807447,0.011834019934501729,0.9689104271636909
26097,LOF,0.011845360140189972,0.03294340064121867,0.9552112392185913
26098,LOF,0.07050020654183854,0.009805793176904075,0.9196940002812574
26099,LOF,0.02520856838410754,0.011886890085478434,0.9629045415304139
26100,LOF,0.02751297009469919,0.011523249815704158,0.9609637800895967
26101,LOF,0.05725859879952623,0.01436402632548514,0.9283773748749887
26102,LOF,0.024236604650122423,0.013072074076906018,0.9626913212729715
26103,Neutral,0.8873686768675527,0.017306936634330815,0.09532438649811648
26104,LOF,0.0761951610282236,0.023409593267346117,0.9003952457044303
26105,LOF,0.2156822307077358,0.2855005668486755,0.4988172024435888
26106,LOF,0.21138721751393472,0.11832443379598924,0.670288348690076
26107,LOF,0.2245006492347017,0.08921253007712851,0.6862868206881698
26108,LOF,0.26132225556292843,0.11013653667163238,0.6285412077654392
26109,LOF,0.0920102027167397,0.057764342850530545,0.8502254544327297
26110,LOF,0.30663022796002987,0.008045991306796436,0.6853237807331737
26111,Neutral,0.5104577939092013,0.02152821328430854,0.4680139928064901
26112,LOF,0.03649865578030931,0.00841770511074082,0.9550836391089499
26113,LOF,0.06238187252482761,0.01643004054907892,0.9211880869260934
26114,LOF,0.023112850143622583,0.026061271006909803,0.9508258788494676
26115,LOF,0.08386659802978809,0.054383385585106456,0.8617500163851054
26116,LOF,0.06412786281508281,0.05590399298704613,0.879968144197871
26117,LOF,0.42084402139037735,0.04616355515830857,0.532992423451314
26118,LOF,0.03612289702272136,0.02622431907534023,0.9376527839019384
26119,LOF,0.02120739145826088,0.0341048931395836,0.9446877154021556
26120,LOF,0.027771313616816267,0.022630527471430694,0.949598158911753
26121,LOF,0.040251891749941184,0.08086386895563763,0.8788842392944212
