feature0,prediction,LoGoFunc_Neutral,LoGoFunc_GOF,LoGoFunc_LOF
25546,Neutral,0.607331701588343,0.05930065436076941,0.33336764405088753
25547,Neutral,0.45934530046437566,0.10476568818183825,0.4358890113537862
25548,Neutral,0.4655078742363273,0.08435423515624527,0.4501378906074275
25549,LOF,0.41319150882571026,0.08319554127383921,0.5036129499004505
25550,LOF,0.34072478248669696,0.11181009252195795,0.547465124991345
25551,LOF,0.29750970536016397,0.12451826806716883,0.5779720265726671
25552,LOF,0.2557902640627488,0.1233367085828847,0.6208730273543664
25553,Neutral,0.7970286874508238,0.048673765585738014,0.1542975469634382
25554,LOF,0.2932893073237266,0.1132864208965491,0.5934242717797243
25555,LOF,0.24948710587410936,0.10709935537145279,0.6434135387544377
25556,LOF,0.43713114403060405,0.1004247905954219,0.46244406537397403
25557,LOF,0.2402451885328673,0.11385231318917266,0.64590249827796
25558,LOF,0.3071718701396703,0.10995334314162675,0.582874786718703
25559,LOF,0.3168192229100339,0.15041700202606506,0.532763775063901
25560,LOF,0.18406534095656385,0.11283852709602446,0.7030961319474116
25561,LOF,0.16833150948355952,0.1301240658686187,0.7015444246478219
25562,LOF,0.07772740204944535,0.0868102604156346,0.8354623375349202
25563,LOF,0.026487525129713498,0.14959025298857717,0.8239222218817093
25564,LOF,0.21664755444184938,0.12606699647468664,0.657285449083464
25565,LOF,0.20257423818945047,0.1583283311082205,0.6390974307023289
25566,GOF,0.09282936668221757,0.7100309240258055,0.1971397092919769
25567,LOF,0.039016382618622704,0.14642459049866965,0.8145590268827078
25568,LOF,0.06303244775005659,0.07234839023938003,0.8646191620105633
25569,LOF,0.06066585527185261,0.07354146731857715,0.8657926774095702
25570,LOF,0.027482923581587777,0.10277450080711255,0.8697425756112996
25571,LOF,0.02653088073465258,0.10721162488973468,0.8662574943756127
25572,LOF,0.0575000566459712,0.1279798500728672,0.8145200932811616
25573,LOF,0.05996802502809802,0.09503267729158703,0.8449992976803149
25574,LOF,0.058298760330293624,0.21099687887476526,0.7307043607949412
25575,LOF,0.0228220449132521,0.117680894800236,0.8594970602865118
25576,LOF,0.02721307674731925,0.16251934538620483,0.810267577866476
25577,LOF,0.028623085492732524,0.12492414531355979,0.8464527691937077
25578,LOF,0.3082592041870345,0.0866927044099146,0.6050480914030509
25579,LOF,0.13161722904332782,0.09392734868537574,0.7744554222712964
25580,LOF,0.0207215605179621,0.08119555884585938,0.8980828806361785
25581,LOF,0.05520910856116898,0.0681051122865114,0.8766857791523196
25582,LOF,0.05518324511918162,0.06728971111054993,0.8775270437702685
25583,LOF,0.023040936877102885,0.08545507127213947,0.8915039918507577
25584,Neutral,0.6860663774912932,0.10083245403568068,0.2131011684730261
25585,LOF,0.026442891539914096,0.13386903619714158,0.8396880722629443
25586,LOF,0.01758655444035335,0.07388265052771628,0.9085307950319302
25587,LOF,0.01738517235063782,0.06761040535062962,0.9150044222987326
25588,LOF,0.021580346408737086,0.07394523666472268,0.9044744169265403
25589,Neutral,0.5101905261115658,0.21800998431726795,0.27179948957116634
25590,LOF,0.046041167104129095,0.12428057651810386,0.829678256377767
25591,LOF,0.09260343713471489,0.058045281056966186,0.8493512818083189
25592,LOF,0.0534281164173734,0.14237357720536264,0.8041983063772639
25593,LOF,0.1335412831074555,0.26878748421175125,0.5976712326807933
25594,LOF,0.056376273058959266,0.11368652328830456,0.8299372036527362
25595,LOF,0.05744023289616357,0.08062838333391305,0.8619313837699233
25596,LOF,0.11006050939810996,0.04642189926240157,0.8435175913394884
25597,LOF,0.09230440970603032,0.05751586383184816,0.8501797264621216
25598,LOF,0.05745158002814313,0.08140419652312902,0.8611442234487279
25599,GOF,0.02117936363597092,0.49743199534340565,0.48138864102062356
25600,GOF,0.18374884314132064,0.5000985035804452,0.31615265327823416
25601,LOF,0.04168312188544845,0.4039567785649523,0.5543600995495993
25602,LOF,0.03357085833399252,0.061504244084290526,0.904924897581717
25603,LOF,0.03190312676027841,0.03717764916334263,0.9309192240763788
25604,LOF,0.032527313863480824,0.07577713362094868,0.8916955525155705
25605,LOF,0.03393837815993492,0.1748593257261565,0.7912022961139086
25606,LOF,0.3859499184825924,0.11103464863823148,0.503015432879176
25607,LOF,0.02491718776626966,0.16738807317282137,0.807694739060909
25608,LOF,0.03230590588494266,0.08252076823563836,0.885173325879419
25609,GOF,0.1439143612200094,0.4948754957646984,0.3612101430152922
25610,LOF,0.01715716702282977,0.03645152041244992,0.9463913125647202
25611,LOF,0.013952403113666759,0.04254743628286789,0.9435001606034654
25612,LOF,0.05196443651990274,0.05823864066555491,0.8897969228145424
25613,LOF,0.04931928062237598,0.055844593960723006,0.894836125416901
25614,LOF,0.022467419351346416,0.03423293673035524,0.9432996439182985
25615,LOF,0.04386456815269382,0.05345968117630782,0.9026757506709984
25616,LOF,0.05476671640621098,0.03705067886924227,0.9081826047245468
25617,LOF,0.04535614711015282,0.05284523582869539,0.9017986170611517
25618,LOF,0.04815952864527311,0.047629218322027184,0.9042112530326997
25619,LOF,0.013565914024483282,0.04423626261272479,0.9421978233627919
25620,LOF,0.06470652639047762,0.05825332299706244,0.8770401506124599
25621,LOF,0.052574357436657455,0.0459189376001687,0.9015067049631738
25622,LOF,0.06192225112188991,0.043166202959376135,0.8949115459187339
25623,LOF,0.07630704131563479,0.03590087582380054,0.8877920828605648
25624,LOF,0.01906519914832731,0.04503583689142784,0.9358989639602449
25625,LOF,0.060965004216818684,0.052386611379294755,0.8866483844038866
25626,LOF,0.0484107820649692,0.05235724466227421,0.8992319732727566
25627,Neutral,0.8982555873928353,0.018154480684383783,0.08358993192278102
25628,LOF,0.12981834644779966,0.05863744331125749,0.8115442102409428
25629,LOF,0.0690490010841965,0.044664498053023485,0.8862865008627799
25630,LOF,0.32865769077248613,0.0725910295933001,0.5987512796342138
25631,Neutral,0.5552691273513674,0.06064347028572007,0.38408740236291267
25632,LOF,0.026307697747336094,0.06095558273570353,0.9127367195169603
25633,LOF,0.1697464895550466,0.03500780107134573,0.7952457093736076
25634,LOF,0.033468978901654615,0.07542088471079535,0.8911101363875501
25635,LOF,0.03756829773058948,0.0411600704890601,0.9212716317803504
25636,LOF,0.03691053457013107,0.43226992422242727,0.5308195412074417
25637,LOF,0.07361919523772484,0.43637845172432477,0.4900023530379503
25638,LOF,0.028370954298860815,0.3336728088420969,0.6379562368590423
25639,LOF,0.033558059594708776,0.3496449897611213,0.61679695064417
25640,Neutral,0.8086686526285596,0.15217624685741082,0.03915510051402961
25641,GOF,0.05879943633112827,0.5300159081159839,0.41118465555288786
25642,LOF,0.04304485535875961,0.1785655482772262,0.7783895963640143
25643,LOF,0.17440886580606407,0.1573598259671108,0.6682313082268251
25644,LOF,0.02108067693536086,0.42200576575983234,0.5569135573048068
25645,LOF,0.024973770707570644,0.35706984513058715,0.6179563841618421
25646,LOF,0.05560779791458065,0.29475107898648784,0.6496411230989316
25647,LOF,0.025303492079559953,0.24619952474028692,0.7284969831801532
25648,LOF,0.0337991184788753,0.23334143639278276,0.732859445128342
25649,LOF,0.01834222160851702,0.22124953007824608,0.7604082483132368
25650,LOF,0.05026105244822891,0.37164228894013207,0.5780966586116391
25651,LOF,0.01771129906377193,0.25768400366199457,0.7246046972742335
25652,LOF,0.036276328520102964,0.24666777290352557,0.7170558985763715
25653,LOF,0.09056579035324643,0.37301887564549424,0.5364153340012593
25654,LOF,0.027366917015201137,0.21205806548477082,0.760575017500028
25655,LOF,0.2135280897692213,0.36294575836859805,0.4235261518621806
25656,LOF,0.32103527165124307,0.053165469808255386,0.6257992585405016
25657,LOF,0.059390359559232726,0.054875827788320064,0.8857338126524471
25658,LOF,0.3283623470687528,0.05741962329810853,0.6142180296331387
25659,Neutral,0.507502412105538,0.07907663795508926,0.4134209499393727
25660,LOF,0.021638731299185976,0.08265535658237795,0.8957059121184361
25661,LOF,0.0942663202970046,0.05957515929796117,0.8461585204050343
25662,LOF,0.03462466901689538,0.03351813161831774,0.9318571993647868
25663,LOF,0.04618038889702397,0.050518600327032814,0.9033010107759433
25664,LOF,0.13955360586050497,0.0700950413669833,0.7903513527725118
25665,LOF,0.0512821291483258,0.03304613346261785,0.9156717373890563
25666,LOF,0.08737118520949816,0.07946902626242301,0.8331597885280788
25667,LOF,0.07354553978619811,0.0390915961107921,0.8873628641030098
25668,LOF,0.038293605354294796,0.05035677935196125,0.9113496152937439
25669,LOF,0.03353598527328958,0.05134432024809653,0.9151196944786139
25670,LOF,0.1506872769243677,0.06161287245465013,0.7876998506209821
25671,LOF,0.1154689881521314,0.036985535710938405,0.8475454761369301
25672,LOF,0.04900395025331682,0.04437599943285498,0.9066200503138281
25673,LOF,0.07466764554976821,0.04870846857799813,0.8766238858722337
25674,LOF,0.06463241228090447,0.05844376434095448,0.8769238233781411
25675,LOF,0.1249934375849774,0.05875159813704425,0.8162549642779783
25676,LOF,0.018825446722673153,0.05447163299084746,0.9267029202864794
25677,LOF,0.025615150203242138,0.06864023700122453,0.9057446127955334
25678,LOF,0.21331962129071746,0.06076509940322644,0.7259152793060561
25679,LOF,0.11593486016073794,0.08470076576270547,0.7993643740765567
25680,LOF,0.030938919352225074,0.11539271221419016,0.8536683684335847
25681,LOF,0.050413047019531455,0.10972669824731388,0.8398602547331546
25682,LOF,0.15275642594372,0.0763425468865688,0.7709010271697111
25683,LOF,0.1139832256562487,0.09992997212470517,0.7860868022190461
25684,LOF,0.045821010346357785,0.07459380302995432,0.8795851866236879
25685,LOF,0.1333882764240541,0.04890170120861766,0.8177100223673283
25686,LOF,0.07899029727736853,0.08108728976417368,0.8399224129584578
25687,LOF,0.1174321235753276,0.08500378849056314,0.7975640879341093
25688,LOF,0.29642296630144616,0.03822807740826438,0.6653489562902895
25689,LOF,0.2281843569991545,0.03963977407233622,0.7321758689285093
25690,LOF,0.3266144655635826,0.028510331687432347,0.644875202748985
25691,Neutral,0.6827480040660554,0.024470551809646336,0.2927814441242983
25692,LOF,0.369280754721405,0.011026981927991883,0.619692263350603
25693,LOF,0.0537210880593122,0.4205342859350606,0.5257446260056272
25694,LOF,0.11372255914307947,0.01579044953038131,0.8704869913265393
25695,LOF,0.11367708643305273,0.015559877903499265,0.870763035663448
25696,LOF,0.12727576551322156,0.008756692002519346,0.863967542484259
25697,LOF,0.0835245962052095,0.028921361174151963,0.8875540426206385
25698,LOF,0.3401297913679487,0.1730944468539525,0.48677576177809884
25699,LOF,0.41898246879544093,0.039305526772391935,0.5417120044321672
25700,LOF,0.06072807423715758,0.008309144790395939,0.9309627809724464
25701,LOF,0.14692331791730245,0.054223055109638194,0.7988536269730593
25702,GOF,0.1513918451873001,0.5569808347331036,0.2916273200795964
25703,LOF,0.016358250786721745,0.17005763338216814,0.8135841158311101
25704,LOF,0.0429177321980723,0.11351275149272824,0.8435695163091994
25705,LOF,0.051280696573279924,0.1519151901345136,0.7968041132922065
25706,LOF,0.10018220412760237,0.4022033483936601,0.4976144474787375
25707,LOF,0.09177380445311738,0.3300508819411146,0.578175313605768
25708,LOF,0.027096896955006743,0.2815647509042773,0.6913383521407158
25709,LOF,0.07049168821399368,0.04048354044460647,0.8890247713413998
25710,LOF,0.010866801355347256,0.16680717369869452,0.8223260249459583
25711,LOF,0.020138557198130964,0.09883925195227226,0.8810221908495969
25712,LOF,0.012873495994824902,0.18775138639267377,0.7993751176125014
25713,LOF,0.01955112799284092,0.0854501806568169,0.8949986913503423
25714,LOF,0.08135200272676661,0.08335465524708466,0.8352933420261487
25715,LOF,0.012241149650943518,0.14088701719554225,0.8468718331535143
25716,LOF,0.013782812606229622,0.123128616818583,0.8630885705751875
25717,LOF,0.01125848147569103,0.0775084859636622,0.9112330325606467
25718,LOF,0.013191585895897966,0.09428191667781924,0.8925264974262828
25719,LOF,0.020076904239166957,0.07967888791733534,0.9002442078434977
25720,LOF,0.02506567189796617,0.06805654719533745,0.9068777809066965
25721,LOF,0.015804452969662253,0.10847579957379007,0.8757197474565477
25722,LOF,0.015250602966139217,0.12377437691769456,0.8609750201161662
25723,LOF,0.024421525310691854,0.0410571769577784,0.9345212977315298
25724,LOF,0.03350953591089139,0.0936974879760124,0.8727929761130963
25725,LOF,0.012048583587149879,0.06743294859292821,0.9205184678199219
25726,LOF,0.016495583991852785,0.09982230179090316,0.8836821142172441
25727,LOF,0.014111656915144984,0.07282768590294636,0.9130606571819085
25728,LOF,0.010325955154317829,0.11657450834606681,0.8730995364996155
25729,LOF,0.010768623332721309,0.1124159937640098,0.8768153829032688
25730,LOF,0.01433787091847841,0.08742910968932538,0.8982330193921962
25731,LOF,0.018401806493905975,0.1112224324629415,0.8703757610431525
25732,LOF,0.015141842395501377,0.07773729738881709,0.9071208602156815
25733,LOF,0.01765946240342788,0.0726998484246352,0.909640689171937
25734,LOF,0.01105500686789117,0.12591083245578677,0.8630341606763221
25735,LOF,0.014379670416557628,0.08111397563116728,0.904506353952275
25736,LOF,0.01598259352963123,0.10298950522587046,0.8810279012444984
25737,LOF,0.012750397770228796,0.07577741547671768,0.9114721867530535
25738,LOF,0.013336109396124824,0.10060035431325197,0.8860635362906232
25739,LOF,0.022432033232562567,0.07689901175539024,0.9006689550120471
25740,LOF,0.028739607729241744,0.10994436438829813,0.86131602788246
25741,LOF,0.015414361782586468,0.11422017133924967,0.8703654668781639
25742,LOF,0.13703181514702703,0.08312855882844887,0.7798396260245241
25743,LOF,0.031183792984714825,0.030383539011103442,0.9384326680041818
25744,Neutral,0.6002488409899692,0.1704195582275371,0.2293316007824937
25745,LOF,0.07891845920756879,0.0707347687453715,0.8503467720470598
25746,LOF,0.04028921196371824,0.09322513994006204,0.8664856480962198
25747,LOF,0.023233365073687635,0.0415526043399185,0.935214030586394
25748,LOF,0.09517356903716329,0.062417553147607975,0.8424088778152288
25749,LOF,0.02537312897821048,0.08491571631821838,0.8897111547035711
25750,LOF,0.08588352280136222,0.08485382766552423,0.8292626495331136
25751,LOF,0.10281818556586042,0.06935942684589723,0.8278223875882422
25752,GOF,0.11645037374266166,0.6605341161985613,0.22301551005877704
25753,LOF,0.01758993961793859,0.27585380211002253,0.7065562582720388
25754,GOF,0.010104762661072401,0.7688244916253993,0.22107074571352817
25755,LOF,0.02165983848128283,0.3927088814265724,0.5856312800921448
25756,LOF,0.04422159958572399,0.35759008892692273,0.5981883114873533
25757,GOF,0.013021915365445044,0.8431192183398613,0.14385886629469363
25758,GOF,0.029662479834545553,0.785803888413441,0.18453363175201346
25759,GOF,0.010052482977990348,0.5541592470459265,0.4357882699760831
25760,LOF,0.011332765167695918,0.2552079058538333,0.7334593289784707
25761,GOF,0.2940918829995832,0.6073857689301604,0.09852234807025634
25762,LOF,0.036732452342264,0.2596477322893385,0.7036198153683975
25763,LOF,0.012446529378670716,0.1936816487505204,0.7938718218708088
25764,GOF,0.07341423995291496,0.6104752804070794,0.31611047964000555
25765,GOF,0.03772039805010904,0.7409633631119752,0.2213162388379156
25766,GOF,0.07172875175743511,0.7247287194568724,0.2035425287856926
25767,GOF,0.13991988961880006,0.570486666652194,0.28959344372900586
25768,LOF,0.11358013842711959,0.07089129373834228,0.8155285678345382
25769,LOF,0.060621035876758135,0.06301063694067628,0.8763683271825656
25770,LOF,0.3149905377583097,0.07962146267680043,0.6053879995648898
25771,LOF,0.04400225682087292,0.04636738809441151,0.9096303550847155
25772,LOF,0.017916294876060737,0.03624465546589131,0.945839049658048
25773,LOF,0.04945590189839057,0.09214489427080215,0.8583992038308073
25774,LOF,0.0289036113465265,0.07543514123133711,0.8956612474221363
25775,LOF,0.04945711102550998,0.045430794330496245,0.9051120946439939
25776,LOF,0.08027569964190355,0.02397468287862139,0.8957496174794751
25777,LOF,0.36851461141732705,0.0532498335289355,0.5782355550537376
25778,LOF,0.07742439341461242,0.04442929033238726,0.8781463162530002
25779,GOF,0.3744787391487312,0.5766683787742303,0.048852882077038556
25780,GOF,0.3017142767226949,0.6246725938019694,0.07361312947533562
25781,GOF,0.12263690529872895,0.7687976653084075,0.10856542939286358
25782,GOF,0.1868249171235611,0.7382337211195079,0.07494136175693092
25783,GOF,0.023432594067450286,0.6321270952444134,0.3444403106881364
25784,Neutral,0.5113339248144961,0.4449211474501477,0.04374492773535614
25785,GOF,0.46884812230366185,0.49136704441686874,0.03978483327946946
25786,GOF,0.027178062783251262,0.7250002080992825,0.24782172911746633
25787,Neutral,0.6441859266443701,0.32671527765953373,0.029098795696096223
25788,LOF,0.058477276187573056,0.1005132611327607,0.8410094626796664
25789,GOF,0.20150239532645856,0.6620362104775946,0.13646139419594688
25790,GOF,0.21827977603775706,0.6631493840643544,0.11857083989788848
25791,GOF,0.16041547177770732,0.6762309009905393,0.16335362723175328
25792,GOF,0.36339172055132507,0.5172550631975127,0.11935321625116227
25793,GOF,0.25289052030470843,0.5206457144809729,0.22646376521431866
25794,GOF,0.27924222892734213,0.5173695236360883,0.20338824743656952
25795,GOF,0.08279722359591093,0.6811141705391357,0.23608860586495328
25796,Neutral,0.5553275663568747,0.35381149460534905,0.0908609390377761
25797,GOF,0.08412368610242038,0.529425595280419,0.38645071861716057
25798,LOF,0.008721081675380151,0.4854383422503367,0.5058405760742832
25799,LOF,0.007666388821408241,0.3655043457611137,0.6268292654174781
25800,GOF,0.0311899293224546,0.5539466213194749,0.41486344935807046
25801,GOF,0.20347300960693432,0.6465508825356795,0.14997610785738616
25802,GOF,0.0782097600273429,0.6713239645057852,0.25046627546687195
25803,GOF,0.03089781773241225,0.5601928773328183,0.4089093049347695
25804,LOF,0.030665364404189193,0.46957082180692766,0.49976381378888324
25805,GOF,0.08785568525738317,0.5749954037969267,0.3371489109456901
25806,GOF,0.0926189292993955,0.5740808885593391,0.3333001821412654
25807,GOF,0.01953102792209179,0.5991366822050865,0.3813322898728217
25808,GOF,0.08056110647993824,0.6190155752894188,0.300423318230643
25809,GOF,0.018081057233864807,0.5674860202276587,0.4144329225384766
25810,GOF,0.016319051457122268,0.6015416712925558,0.38213927725032193
25811,GOF,0.4297609556943365,0.4815605997785427,0.08867844452712066
25812,GOF,0.029012641162153862,0.6332372935547939,0.33775006528305224
25813,Neutral,0.5094554747547211,0.3897103322112094,0.1008341930340695
25814,GOF,0.10797094650294918,0.643185098882135,0.24884395461491576
25815,GOF,0.1670364218865925,0.6385514266079615,0.19441215150544588
25816,GOF,0.020647689045780522,0.6972866477726835,0.282065663181536
25817,GOF,0.20280321484049382,0.655923305785739,0.14127347937376714
25818,GOF,0.04958725817111829,0.6254737361397447,0.32493900568913703
25819,GOF,0.3186616127427769,0.5267131131272723,0.15462527412995083
25820,GOF,0.16832315110990734,0.6038521735118288,0.22782467537826392
25821,GOF,0.05512591983587402,0.6609737761695937,0.28390030399453225
25822,GOF,0.20301571615471714,0.5623692276780503,0.23461505616723255
25823,GOF,0.03227461342191676,0.5133782544913863,0.45434713208669686
25824,GOF,0.09439914498687393,0.5731241264782329,0.3324767285348932
25825,GOF,0.03468160686841508,0.5783918814004533,0.3869265117311316
25826,GOF,0.014510840014278468,0.5633275905408343,0.42216156944488725
25827,GOF,0.021651796365178912,0.5978472642900323,0.3805009393447887
25828,GOF,0.01303022744067117,0.5099828085585592,0.4769869640007697
25829,GOF,0.005754123728767665,0.5795818209490423,0.41466405532219
25830,LOF,0.029777910387302865,0.26644705871620755,0.7037750308964895
25831,GOF,0.19359295344105784,0.6574420577220266,0.1489649888369157
25832,GOF,0.034609944021021244,0.6735070417569553,0.29188301422202334
25833,GOF,0.11726224490348018,0.7086165684435434,0.1741211866529764
25834,GOF,0.03294819748282635,0.6859705054728356,0.28108129704433815
25835,GOF,0.07751684289790373,0.7364556741390176,0.18602748296307875
25836,GOF,0.03621279110318851,0.6625968912720266,0.30119031762478493
25837,GOF,0.02696695489706767,0.5544199055588765,0.41861313954405577
25838,GOF,0.09117942719208087,0.7596655506674738,0.14915502214044524
25839,GOF,0.25785993415999287,0.5720049644874992,0.17013510135250806
25840,GOF,0.20546921317047678,0.6011273439949183,0.19340344283460495
25841,GOF,0.2056225332416326,0.6237396174702657,0.17063784928810177
25842,GOF,0.14977903168678097,0.7036154498076667,0.14660551850555242
25843,GOF,0.22552261540389423,0.6760764796494004,0.09840090494670543
25844,GOF,0.06026632495985176,0.6875898921616875,0.2521437828784607
25845,LOF,0.01666848586120544,0.45329932502316433,0.5300321891156303
25846,GOF,0.11305717069551739,0.717826650040074,0.1691161792644087
25847,GOF,0.1105744351679479,0.7728055131962218,0.11662005163583032
25848,GOF,0.0381160310821495,0.6821703715754139,0.2797135973424365
25849,GOF,0.01142303645405055,0.5766564225048341,0.4119205410411153
25850,GOF,0.021964656930288873,0.6314033621706536,0.34663198089905756
25851,GOF,0.019094039729571514,0.5120489408427807,0.4688570194276478
25852,GOF,0.15437778220181136,0.5422256036855979,0.3033966141125908
25853,GOF,0.34170673396718065,0.5814222147565734,0.07687105127624579
25854,GOF,0.022498936775198757,0.598834177538713,0.3786668856860882
25855,GOF,0.03214720062372972,0.5279558214809196,0.43989697789535065
25856,GOF,0.21151882101252684,0.5518017573622515,0.23667942162522168
25857,GOF,0.03290580681178156,0.48772628190604417,0.47936791128217426
25858,GOF,0.018857783402399474,0.5237187772001434,0.4574234393974572
25859,GOF,0.00919150989035355,0.4975602324405175,0.4932482576691289
25860,GOF,0.3458536254780064,0.5555662190112054,0.09858015551078832
25861,GOF,0.41776765660594706,0.4878701935540639,0.09436214983998908
25862,GOF,0.08347035688780793,0.7599624182606691,0.1565672248515229
25863,GOF,0.07845021576796908,0.7623293738863371,0.15922041034569387
25864,GOF,0.1797207755364163,0.7333940400348733,0.08688518442871045
25865,GOF,0.07271312333256122,0.8003906531682058,0.12689622349923296
25866,GOF,0.052423629233513486,0.7747744845174279,0.17280188624905854
25867,GOF,0.0805656674535533,0.8117471756300013,0.1076871569164454
25868,GOF,0.2535293847484776,0.6410390001230792,0.10543161512844318
25869,Neutral,0.7046599145030934,0.2563268377740638,0.03901324772284273
25870,LOF,0.2767260392328295,0.33935656182170415,0.3839173989454663
25871,GOF,0.2196455940529645,0.6104278204942607,0.16992658545277486
25872,GOF,0.07275684651122051,0.6340807175398775,0.29316243594890196
25873,GOF,0.1116210301348919,0.6745569115052552,0.21382205835985268
25874,LOF,0.01739919417073691,0.11652770025888519,0.8660731055703779
25875,LOF,0.0935167001079763,0.044583450216485444,0.8618998496755382
25876,LOF,0.03751460799088092,0.02651134848201372,0.9359740435271053
25877,LOF,0.46968764094541143,0.0465508492082345,0.48376150984635397
25878,LOF,0.20337754644947142,0.096493015652847,0.7001294378976816
25879,LOF,0.0874501360117173,0.090788451226694,0.8217614127615888
25880,LOF,0.025538743460427574,0.013904382777950045,0.9605568737616225
25881,LOF,0.160143360223439,0.12842540394801416,0.7114312358285468
25882,LOF,0.06136974451187697,0.01720273394665969,0.9214275215414635
25883,LOF,0.07533449726062566,0.020619968805611098,0.9040455339337632
25884,LOF,0.033971044688632004,0.02819441223269107,0.937834543078677
25885,LOF,0.06157875521509591,0.010589280676862857,0.9278319641080411
25886,LOF,0.24180063784250627,0.04083367307843703,0.7173656890790567
25887,LOF,0.15107314033182687,0.06995779227572063,0.7789690673924525
25888,LOF,0.0634384900202546,0.06696826243565415,0.8695932475440912
25889,LOF,0.04352428978772254,0.01875903138384541,0.9377166788284321
25890,LOF,0.04757040388514708,0.1512554851250435,0.8011741109898094
25891,LOF,0.036582666036788135,0.05043394393469068,0.9129833900285212
25892,LOF,0.09173551890900657,0.02430068972399816,0.8839637913669952
25893,LOF,0.27057634285391724,0.02228829307569246,0.7071353640703902
25894,LOF,0.19367139583588247,0.012196826310065625,0.7941317778540519
25895,LOF,0.2158836227987078,0.022794826576599553,0.7613215506246926
25896,LOF,0.053181261651736346,0.024500509113277672,0.9223182292349861
25897,LOF,0.2826627786707009,0.012706040516502863,0.7046311808127962
25898,Neutral,0.7054033389975022,0.010371120864182255,0.2842255401383155
25899,LOF,0.20779301848051013,0.025399653001762282,0.7668073285177276
25900,LOF,0.44997337677664556,0.014351679992460198,0.5356749432308942
25901,LOF,0.0467733240992682,0.014076164791904502,0.9391505111088272
25902,LOF,0.15571143933333445,0.014276140390164102,0.8300124202765015
25903,Neutral,0.5894127403966285,0.031106548935705917,0.3794807106676655
25904,LOF,0.2874706613219085,0.05295661951327892,0.6595727191648126
25905,LOF,0.02433185538473917,0.33477018103034506,0.6408979635849158
25906,LOF,0.029912358396338847,0.07722115899084633,0.8928664826128149
25907,LOF,0.015713137423672648,0.3671588972196175,0.6171279653567099
25908,LOF,0.010103756366127424,0.2705478969161415,0.7193483467177312
25909,LOF,0.012941813630471548,0.12727541979718707,0.8597827665723414
25910,LOF,0.04440732999897412,0.1487944411826773,0.8067982288183485
25911,LOF,0.17275673978286338,0.019023045521276878,0.8082202146958598
25912,LOF,0.048103773724327045,0.038709309545991354,0.9131869167296816
25913,LOF,0.3176088913601384,0.019905466286620252,0.6624856423532413
25914,LOF,0.019568389608505394,0.06617535493469022,0.9142562554568043
25915,Neutral,0.5664271342376915,0.17977560771828702,0.25379725804402153
25916,LOF,0.08295039420970649,0.23594237914444544,0.681107226645848
25917,LOF,0.0641860248896437,0.04844314439599995,0.8873708307143563
25918,LOF,0.023046624343700882,0.04416587754862983,0.9327874981076693
25919,LOF,0.020436448031600437,0.049361401699349126,0.9302021502690504
25920,GOF,0.10347841588989987,0.5565896380595805,0.3399319460505197
25921,LOF,0.02369069155763021,0.030355279022110125,0.9459540294202597
25922,LOF,0.034425368065959264,0.02253615448127439,0.9430384774527664
25923,LOF,0.43407170993838373,0.025827104129423677,0.5401011859321926
25924,LOF,0.03759407319453137,0.038421768055095104,0.9239841587503735
25925,LOF,0.06952662707172234,0.03315164328259172,0.897321729645686
25926,LOF,0.05004715809920153,0.027010604791959186,0.9229422371088393
25927,LOF,0.0643692999273556,0.10420937593745042,0.831421324135194
25928,LOF,0.018754368272941493,0.037847104309914725,0.9433985274171438
25929,Neutral,0.5410949772249632,0.027835054123180724,0.43106996865185593
25930,LOF,0.05325395104083132,0.024397588808901804,0.9223484601502668
25931,LOF,0.026651398249672015,0.024460464200213205,0.9488881375501149
25932,LOF,0.027496646489370447,0.019424417284910164,0.9530789362257194
25933,LOF,0.037585350669068374,0.014062372227888711,0.9483522771030428
25934,LOF,0.025016560019962834,0.01616154395340045,0.9588218960266367
25935,LOF,0.0615489438943791,0.03964189468657212,0.8988091614190489
25936,LOF,0.04823733046615732,0.01864634235195561,0.9331163271818871
25937,LOF,0.028120274897236727,0.03202332515139553,0.9398563999513678
25938,LOF,0.06143795324158551,0.04079294172335321,0.8977691050350612
25939,LOF,0.043635363389229354,0.01580884363921972,0.9405557929715509
25940,LOF,0.023444313770411722,0.3961695852954556,0.5803861009341326
25941,LOF,0.16168468275749706,0.11764509055351113,0.7206702266889918
25942,LOF,0.015374165129272735,0.03450084435364575,0.9501249905170815
25943,LOF,0.286482887260374,0.06505936478028562,0.6484577479593403
25944,Neutral,0.49645636409306554,0.028328642985424226,0.4752149929215102
25945,LOF,0.061769478970153766,0.02204623633673688,0.9161842846931094
25946,LOF,0.026758365734748695,0.1069953564045562,0.8662462778606951
25947,LOF,0.1046656979716287,0.22469592365771657,0.6706383783706548
25948,LOF,0.4417390455333666,0.007957435600765277,0.550303518865868
25949,LOF,0.10949400984318208,0.028790073870403395,0.8617159162864145
25950,GOF,0.28093199629228105,0.3920936626173445,0.3269743410903745
25951,LOF,0.20981483634784517,0.23060988711739122,0.5595752765347636
25952,LOF,0.04687656016413136,0.45202451134687166,0.5010989284889971
25953,LOF,0.15779753406424435,0.09401236531288382,0.7481901006228718
25954,Neutral,0.45180931725820245,0.16106172157521145,0.3871289611665861
25955,LOF,0.05302579325750011,0.07585991737270197,0.8711142893697978
25956,LOF,0.1822394178566695,0.10758329279361077,0.7101772893497197
25957,LOF,0.03542450390363065,0.03018138882265042,0.934394107273719
25958,LOF,0.06308483667531731,0.027411947106759035,0.9095032162179237
25959,LOF,0.06848567943249795,0.3771913700981874,0.5543229504693147
25960,LOF,0.016772279035160154,0.050609775027137795,0.932617945937702
25961,LOF,0.0507160930091182,0.031047796993876994,0.9182361099970049
25962,LOF,0.06177945195856021,0.024445722786038154,0.9137748252554015
25963,LOF,0.04976015092579163,0.1852735995190226,0.7649662495551858
25964,LOF,0.0405904580497072,0.15477258032789892,0.8046369616223938
25965,LOF,0.45941006479350943,0.0727644221117106,0.4678255130947799
25966,Neutral,0.5124057382450439,0.1680787873302263,0.3195154744247299
25967,LOF,0.016099154421296856,0.09820422989084757,0.8856966156878556
25968,LOF,0.026522466398771778,0.44014274759299216,0.5333347860082361
25969,LOF,0.027439775661916344,0.06412738017130987,0.9084328441667737
25970,LOF,0.06226024919364209,0.055190794702263006,0.8825489561040948
25971,LOF,0.07318184743164477,0.017937509437433604,0.9088806431309217
25972,LOF,0.0747448380451442,0.023559458911298382,0.9016957030435574
25973,LOF,0.06703896636173523,0.00935411971660364,0.9236069139216612
25974,LOF,0.20621532652323887,0.01670594653741485,0.7770787269393464
25975,LOF,0.040933077584387696,0.03075349402786485,0.9283134283877474
25976,LOF,0.0390768821981507,0.016325876882371426,0.9445972409194779
25977,LOF,0.16240048304032215,0.08532767328652388,0.7522718436731539
25978,LOF,0.14039460329411338,0.06095346905780298,0.7986519276480837
25979,LOF,0.13544562027397672,0.061927923937252494,0.8026264557887709
25980,LOF,0.2029202344677662,0.07998517516417661,0.7170945903680572
25981,LOF,0.2331302195860255,0.07871603138890534,0.6881537490250692
25982,LOF,0.38722125162534704,0.05382998037083814,0.5589487680038149
25983,LOF,0.3654755366888346,0.059076611296714855,0.5754478520144506
25984,LOF,0.051514371409981524,0.045462130128134146,0.9030234984618842
25985,LOF,0.03639081012489289,0.23636370756479066,0.7272454823103165
25986,LOF,0.04281087454861993,0.28421558932463137,0.6729735361267487
25987,LOF,0.08067217222554056,0.0649040346492301,0.8544237931252293
25988,LOF,0.14882703161778515,0.04937043932698104,0.8018025290552337
25989,LOF,0.028980210797684505,0.10059914800123676,0.8704206412010786
25990,LOF,0.04109175012331503,0.12352492542973771,0.8353833244469473
25991,LOF,0.12248056443125305,0.31556752812837513,0.5619519074403719
25992,LOF,0.3036069516174442,0.1721908327928381,0.5242022155897177
25993,LOF,0.021744427957528987,0.07716325445445119,0.9010923175880199
25994,LOF,0.016441782031441952,0.10877974429835921,0.8747784736701988
25995,LOF,0.023919259086771002,0.2321876668965731,0.7438930740166559
25996,GOF,0.2710766210674052,0.46506589977657925,0.26385747915601565
25997,LOF,0.07141494850118205,0.45697599123530064,0.47160906026351745
25998,Neutral,0.5365166101938477,0.021328813422393324,0.4421545763837589
25999,LOF,0.11172951533144168,0.09927172563061146,0.7889987590379467
26000,LOF,0.158845924680215,0.05190502134741361,0.7892490539723714
26001,LOF,0.18496077021673765,0.05277697577075621,0.762262254012506
26002,LOF,0.13723955447433558,0.048150373803167223,0.8146100717224971
26003,GOF,0.010207812538049709,0.5979539183751958,0.3918382690867545
26004,GOF,0.018264040608658914,0.6769458858853574,0.3047900735059835
26005,LOF,0.0074642936357124596,0.47223469340465046,0.520301012959637
26006,Neutral,0.5346430644445725,0.2599696967660855,0.2053872387893419
26007,GOF,0.022116089488536828,0.5441151491124175,0.4337687613990458
26008,GOF,0.01629312355502623,0.6278652163087474,0.3558416601362264
26009,GOF,0.01902076493376017,0.6939253671460722,0.2870538679201677
26010,GOF,0.021927238832471874,0.6689617749404156,0.30911098622711247
26011,LOF,0.006524304857230728,0.46386297187325276,0.5296127232695165
26012,GOF,0.012984807522632725,0.5874768439959627,0.39953834848140446
26013,GOF,0.019691594826316165,0.6208276610867967,0.3594807440868871
26014,LOF,0.043605295443359705,0.11224522993473936,0.8441494746219008
26015,LOF,0.23080356965600204,0.008773977792436919,0.7604224525515612
26016,LOF,0.21976847231167737,0.058263353168516586,0.721968174519806
26017,LOF,0.2508173305983704,0.10195284981137878,0.6472298195902508
26018,LOF,0.08933162510625868,0.027978822511151274,0.88268955238259
26019,LOF,0.0844511717526197,0.021809366042888332,0.893739462204492
26020,LOF,0.07305954682793904,0.12903759255685193,0.797902860615209
26021,LOF,0.0546471388308421,0.13425322374555002,0.8110996374236078
26022,LOF,0.011856866639990728,0.035560407666555646,0.9525827256934536
26023,LOF,0.10524575504532135,0.019103306063517657,0.8756509388911611
26024,LOF,0.03446935725779031,0.14129963007362284,0.8242310126685868
26025,LOF,0.16004454165301663,0.08027091498409063,0.7596845433628927
26026,LOF,0.3136216084641246,0.026749966053582035,0.6596284254822934
26027,LOF,0.07984220832268873,0.014242617901226155,0.905915173776085
26028,LOF,0.17897395808501987,0.0656550205687032,0.7553710213462769
26029,LOF,0.0673027401705869,0.2168346423978734,0.7158626174315397
26030,LOF,0.02259929954151335,0.06471042658681087,0.9126902738716759
26031,LOF,0.024606098509839015,0.15553755514353784,0.8198563463466231
26032,LOF,0.06573972071721586,0.07337631787459355,0.8608839614081906
26033,LOF,0.11363546974376959,0.09183958986760096,0.7945249403886294
26034,LOF,0.041753603573177665,0.1862517911410271,0.7719946052857952
26035,LOF,0.02615737215035916,0.1654598301273796,0.8083827977222613
26036,LOF,0.038840452017236425,0.19980757109033748,0.7613519768924261
26037,LOF,0.021410280859654976,0.1354926379251889,0.8430970812151561
26038,LOF,0.0620412932293684,0.07531904867840285,0.8626396580922288
26039,LOF,0.049923136799510257,0.1700821583677813,0.7799947048327085
26040,LOF,0.18587701497905637,0.13397829625644064,0.680144688764503
26041,LOF,0.02194171292053673,0.12227157446667927,0.8557867126127839
26042,LOF,0.020265118784365894,0.11604973708811145,0.8636851441275227
26043,LOF,0.06168189274198918,0.08909317304882669,0.8492249342091841
26044,LOF,0.01948926185927233,0.07757082707249467,0.9029399110682331
26045,LOF,0.06739525558517126,0.10921323931945408,0.8233915050953746
26046,LOF,0.06368653294148599,0.0866992170466068,0.8496142500119073
26047,LOF,0.08622798470643961,0.08960618604079663,0.8241658292527637
26048,LOF,0.04880303129125356,0.04704362598349988,0.9041533427252466
26049,Neutral,0.9614830122002167,0.00827758381383288,0.030239403985950326
26050,Neutral,0.9467153859057561,0.010846447584930585,0.042438166509313306
26051,LOF,0.05165320897892673,0.24830791546919195,0.7000388755518814
26052,LOF,0.07761052831289798,0.3037727905690896,0.6186166811180125
26053,LOF,0.0557464168171553,0.1252849060016959,0.8189686771811489
26054,LOF,0.05200612720091618,0.016907734588293078,0.9310861382107907
26055,LOF,0.07666718403055585,0.013899891164684883,0.9094329248047592
26056,LOF,0.06494742248119814,0.015535070379452327,0.9195175071393495
26057,LOF,0.026939515500873402,0.012109552756492644,0.960950931742634
26058,LOF,0.02756007161581318,0.009339113840786369,0.9631008145434004
26059,LOF,0.28904663983612866,0.020299305816688994,0.6906540543471824
26060,LOF,0.039255260291063646,0.20158536775604846,0.7591593719528879
26061,LOF,0.01803848206514153,0.009984007662194877,0.9719775102726637
26062,LOF,0.00989233466635556,0.01582780499571337,0.974279860337931
26063,LOF,0.021464888500355876,0.011777371104342894,0.9667577403953012
26064,LOF,0.023440424572581768,0.019999542597231024,0.9565600328301872
26065,LOF,0.024144290984169158,0.010293482715921601,0.9655622262999092
26066,LOF,0.020060980112584358,0.010633839835980551,0.9693051800514351
26067,LOF,0.027272227110166518,0.008335674034900466,0.9643920988549332
26068,LOF,0.044677194188389086,0.02741035460113912,0.9279124512104718
26069,LOF,0.2456568757023779,0.01759884373125988,0.7367442805663622
26070,LOF,0.36940831703048,0.014994348205438518,0.6155973347640816
26071,LOF,0.023621912672652037,0.01190748062463977,0.9644706067027081
26072,LOF,0.020767559088826375,0.014531647576674904,0.9647007933344988
26073,LOF,0.023164404988864046,0.010666462504364585,0.9661691325067713
26074,Neutral,0.9075518486953666,0.005270995614956661,0.0871771556896767
26075,LOF,0.04500335217371627,0.013501920261280236,0.9414947275650034
26076,LOF,0.044614513794492404,0.008800298542661653,0.9465851876628459
26077,LOF,0.01013121626977747,0.014777821487309608,0.975090962242913
26078,LOF,0.012601872859549865,0.010470408779835686,0.9769277183606145
26079,LOF,0.060403829236311116,0.015161938813444032,0.9244342319502449
26080,LOF,0.059348278368862785,0.015169674324478123,0.9254820473066591
26081,LOF,0.03612619985139367,0.005969189437525905,0.9579046107110805
26082,LOF,0.013326501170400388,0.015220695281615721,0.9714528035479839
26083,LOF,0.13144859756924446,0.012405964411868652,0.8561454380188869
26084,LOF,0.028134623235721263,0.011770226483745082,0.9600951502805337
26085,LOF,0.02339761741996019,0.011106936010817433,0.9654954465692225
26086,LOF,0.022535923931682814,0.010922476458217709,0.9665415996100994
26087,LOF,0.028003704184853793,0.00792409260847789,0.9640722032066682
26088,LOF,0.014680690170806164,0.02209531577403732,0.9632239940551566
26089,LOF,0.043561515990825625,0.021695868803272726,0.9347426152059016
26090,LOF,0.043050370770533586,0.016927212696136916,0.9400224165333295
26091,LOF,0.036635147956897755,0.006411398800521671,0.9569534532425806
26092,LOF,0.025158718548690413,0.007818936530559253,0.9670223449207503
26093,LOF,0.03826241016420117,0.005766731592074287,0.9559708582437245
26094,LOF,0.04038086183596005,0.006139407848211566,0.9534797303158284
26095,LOF,0.04361294305264753,0.01179650615223448,0.9445905507951179
26096,LOF,0.018458789089113036,0.011574433477703563,0.9699667774331834
26097,LOF,0.010820104483798623,0.030263222287908606,0.9589166732282928
26098,LOF,0.07655852558481924,0.009628514626996766,0.9138129597881839
26099,LOF,0.023780938724671314,0.011772146790647853,0.9644469144846809
26100,LOF,0.026285568674063984,0.01145662417461297,0.9622578071513229
26101,LOF,0.057774988072023366,0.013606351841342585,0.928618660086634
26102,LOF,0.02323440522781925,0.012286355689610649,0.9644792390825702
26103,Neutral,0.8856700881014794,0.017542709459494755,0.09678720243902593
26104,LOF,0.08114164744509665,0.02253272556822632,0.8963256269866771
26105,LOF,0.18863525869723988,0.3153740460487031,0.4959906952540569
26106,LOF,0.185262148760511,0.13005604734202603,0.6846818038974629
26107,LOF,0.21933032741379488,0.0912114754618202,0.6894581971243848
26108,LOF,0.2683927695858955,0.12762577619697107,0.6039814542171336
26109,LOF,0.09714445395222926,0.05139717955099009,0.8514583664967806
26110,LOF,0.29194912986433447,0.007236702934132628,0.700814167201533
26111,Neutral,0.49651343111614255,0.01857172708131532,0.484914841802542
26112,LOF,0.03481586370934993,0.007330708188637022,0.9578534281020131
26113,LOF,0.06321623125740139,0.01546060883018783,0.9213231599124108
26114,LOF,0.02785929779641551,0.027325649464840656,0.9448150527387438
26115,LOF,0.09386366735281605,0.05270075608480914,0.8534355765623748
26116,LOF,0.06813922053351729,0.05516396201505999,0.8766968174514228
26117,LOF,0.4270732626972194,0.04719928582498033,0.5257274514778003
26118,LOF,0.03386546189221595,0.026976195481316502,0.9391583426264676
26119,LOF,0.022263679587411246,0.03745757873175258,0.9402787416808361
26120,LOF,0.027905900884078853,0.024161357288169285,0.9479327418277519
26121,LOF,0.04084470124523403,0.08335717014948857,0.8757981286052774
