feature0,prediction,LoGoFunc_Neutral,LoGoFunc_GOF,LoGoFunc_LOF
25546,Neutral,0.6331177375019431,0.05647581200106178,0.310406450496995
25547,Neutral,0.4871161947560457,0.09618930006526394,0.4166945051786903
25548,Neutral,0.4929692901245778,0.08320790372183279,0.4238228061535894
25549,LOF,0.4241685855047147,0.08326874199827403,0.4925626724970113
25550,LOF,0.3385411738643078,0.11200196805162474,0.5494568580840674
25551,LOF,0.2940862280946955,0.11795225829099468,0.5879615136143098
25552,LOF,0.25388709336420046,0.11273131783708806,0.6333815887987115
25553,Neutral,0.8158996841995777,0.04179701623215505,0.14230329956826715
25554,LOF,0.28799917774516426,0.10551082593196501,0.6064899963228707
25555,LOF,0.24709749239943984,0.10158646111180163,0.6513160464887584
25556,LOF,0.4387492059413984,0.09341898713835059,0.4678318069202511
25557,LOF,0.24302661106241327,0.10586741149720698,0.6511059774403797
25558,LOF,0.2954769341034506,0.10480298679990632,0.599720079096643
25559,LOF,0.21081113495841328,0.13765494425426214,0.6515339207873245
25560,LOF,0.15324941511933196,0.0955699178434204,0.7511806670372476
25561,LOF,0.1443388854034926,0.10007658823466112,0.7555845263618461
25562,LOF,0.07259411051846766,0.07540831936274328,0.8519975701187892
25563,LOF,0.021643473928599336,0.1265613907202283,0.8517951353511725
25564,LOF,0.2063764626903518,0.12789690803916395,0.6657266292704842
25565,LOF,0.19762378249985987,0.1396357963453609,0.6627404211547793
25566,GOF,0.08707442802424756,0.6968969266872759,0.21602864528847668
25567,LOF,0.039223922372406135,0.12205402556940956,0.8387220520581843
25568,LOF,0.06560667818934916,0.07325712116585041,0.8611362006448003
25569,LOF,0.0628275210558828,0.07239690170008234,0.864775577244035
25570,LOF,0.027950158768136554,0.09543501291416849,0.8766148283176949
25571,LOF,0.027397275228489545,0.09985922947782008,0.8727434952936904
25572,LOF,0.06398752837852287,0.11279742774877946,0.8232150438726976
25573,LOF,0.05981184868207444,0.0846572791510944,0.8555308721668312
25574,LOF,0.061833700687377945,0.17697035682232337,0.7611959424902986
25575,LOF,0.021652133466382013,0.10999998887891903,0.8683478776546989
25576,LOF,0.032541909228311655,0.14731825222356923,0.8201398385481192
25577,LOF,0.03112923612195396,0.10932972026955544,0.8595410436084906
25578,LOF,0.2923124792773547,0.08029712190279077,0.6273903988198546
25579,LOF,0.13035444320415596,0.08796178178559588,0.7816837750102481
25580,LOF,0.019247923038638648,0.07789669618589617,0.9028553807754651
25581,LOF,0.05800898553065307,0.06675582728186258,0.8752351871874844
25582,LOF,0.057857512591777384,0.06599787704545172,0.8761446103627709
25583,LOF,0.019341866774174345,0.07961762009786512,0.9010405131279605
25584,Neutral,0.6846893180595426,0.10128715680561003,0.2140235251348474
25585,LOF,0.027492691304047367,0.12174416399712855,0.8507631446988242
25586,LOF,0.017309400630290836,0.06587854970550946,0.9168120496641998
25587,LOF,0.01696766288241349,0.06090503455193615,0.9221273025656503
25588,LOF,0.019709353596507106,0.06851549164655046,0.9117751547569424
25589,Neutral,0.5331209351969758,0.18041752526456595,0.2864615395384582
25590,LOF,0.04937752293842651,0.1044265347373453,0.8461959423242282
25591,LOF,0.09705548365192368,0.055986434861570525,0.8469580814865058
25592,LOF,0.05566277278409054,0.13136042212429536,0.8129768050916142
25593,LOF,0.1306281910859955,0.22942841754119886,0.6399433913728055
25594,LOF,0.05147426539606986,0.10447859644087928,0.8440471381630509
25595,LOF,0.04971605247249272,0.07639299616795364,0.8738909513595536
25596,LOF,0.10848455013868463,0.04461207180244256,0.8469033780588727
25597,LOF,0.08812328260542317,0.04882279430903829,0.8630539230855385
25598,LOF,0.054112875757483,0.07738954497941034,0.8684975792631066
25599,GOF,0.01959047229661209,0.5227734479269539,0.457636079776434
25600,GOF,0.14785504250445197,0.5260824973649868,0.3260624601305613
25601,LOF,0.03519181232871958,0.4240831874300291,0.5407250002412514
25602,LOF,0.03159047439554303,0.06666673802049129,0.9017427875839655
25603,LOF,0.027827876129279512,0.0335261160509764,0.9386460078197442
25604,LOF,0.033841853953876226,0.07493945133689234,0.8912186947092314
25605,LOF,0.03419152240380481,0.21577942203144124,0.750029055564754
25606,LOF,0.39798625444893304,0.13495651152098062,0.4670572340300862
25607,LOF,0.02448897847001468,0.20574490232071804,0.7697661192092673
25608,LOF,0.03327204527622209,0.07248274591023929,0.8942452088135385
25609,GOF,0.14653472851953306,0.5066630572276736,0.3468022142527933
25610,LOF,0.014273746172179459,0.029019726800156295,0.9567065270276642
25611,LOF,0.012183680965354481,0.03417095672670859,0.953645362307937
25612,LOF,0.04685680014461969,0.042785579494940884,0.9103576203604395
25613,LOF,0.044907178920345264,0.04270490681224287,0.9123879142674117
25614,LOF,0.019588339631768543,0.026934585005021282,0.9534770753632101
25615,LOF,0.04336045683426173,0.03963894596654179,0.9170005971991966
25616,LOF,0.043757160087979606,0.028910078170746045,0.9273327617412744
25617,LOF,0.03779424739385145,0.03927316460642055,0.9229325879997281
25618,LOF,0.046798575853744834,0.03689050088029028,0.9163109232659649
25619,LOF,0.012455858594751006,0.03423000147308974,0.9533141399321592
25620,LOF,0.05888752346541244,0.04456494721175594,0.8965475293228317
25621,LOF,0.052814458895203746,0.035553192881701855,0.9116323482230945
25622,LOF,0.0612595349262506,0.03254527730119879,0.9061951877725506
25623,LOF,0.06703849514498232,0.026277331417099776,0.906684173437918
25624,LOF,0.016994931463804135,0.033864544328425804,0.9491405242077701
25625,LOF,0.06427651575443176,0.0385996254631814,0.8971238587823868
25626,LOF,0.04428267586872735,0.040256298561935557,0.9154610255693371
25627,Neutral,0.8890752746302663,0.02345892741148989,0.08746579795824383
25628,LOF,0.13286469954912417,0.06252151603394994,0.804613784416926
25629,LOF,0.0691767400654797,0.042066798385179856,0.8887564615493405
25630,LOF,0.2791529863845576,0.07624757233761302,0.6445994412778294
25631,Neutral,0.558736894358106,0.06248080314393612,0.37878230249795775
25632,LOF,0.028618231098831187,0.06165199012727579,0.9097297787738929
25633,LOF,0.19124494509635578,0.03670630142469779,0.7720487534789465
25634,LOF,0.03428135641960247,0.08528333894173863,0.8804353046386589
25635,LOF,0.035535231213784144,0.04250892279322416,0.9219558459929917
25636,GOF,0.03434784393735983,0.49886363828470476,0.46678851777793534
25637,GOF,0.06144378079054134,0.5131222832208315,0.4254339359886271
25638,LOF,0.031036913323791916,0.3358373420721729,0.6331257446040351
25639,LOF,0.02703649371260352,0.3848770729219823,0.5880864333654142
25640,Neutral,0.8156725584902864,0.14308818494968842,0.04123925656002516
25641,LOF,0.0645117832594379,0.4374146508478465,0.4980735658927157
25642,LOF,0.046960706331173455,0.1514744488532243,0.8015648448156022
25643,LOF,0.210210277223128,0.16233291696914934,0.6274568058077227
25644,LOF,0.02110635627800144,0.4592998212735521,0.5195938224484464
25645,LOF,0.022620053939560576,0.3967415321567185,0.580638413903721
25646,LOF,0.051967492770779875,0.3173608821087769,0.6306716251204432
25647,LOF,0.023711762547461282,0.25843894826380165,0.7178492891887371
25648,LOF,0.032664899584438634,0.22979878452041674,0.7375363158951447
25649,LOF,0.016046486409407985,0.236876760788293,0.747076752802299
25650,LOF,0.047318009777993095,0.4075052369975876,0.5451767532244193
25651,LOF,0.016335062696890584,0.2661230770256509,0.7175418602774586
25652,LOF,0.03287740507733538,0.2606496433744427,0.7064729515482221
25653,LOF,0.08182611986462081,0.4021617968757813,0.5160120832595979
25654,LOF,0.023278519416749167,0.1996344368433232,0.7770870437399277
25655,GOF,0.21858316041613168,0.3923040464378445,0.38911279314602376
25656,LOF,0.25772448522712454,0.05582079837150835,0.6864547164013671
25657,LOF,0.07154108838633505,0.056785292598194204,0.8716736190154708
25658,LOF,0.3604655630133449,0.06214519314811769,0.5773892438385375
25659,Neutral,0.541134061509862,0.0789168670380005,0.3799490714521376
25660,LOF,0.021476073669081632,0.08950204738988733,0.889021878941031
25661,LOF,0.09148869216233048,0.0659118618066349,0.8425994460310345
25662,LOF,0.03185057184493946,0.035611410504527964,0.9325380176505326
25663,LOF,0.03987635500480993,0.04740870864352232,0.9127149363516678
25664,LOF,0.14716391058262898,0.05748643420723766,0.7953496552101333
25665,LOF,0.052483456935054754,0.033289616926705214,0.9142269261382401
25666,LOF,0.09077082013522401,0.07333521819999272,0.8358939616647832
25667,LOF,0.06482484915659624,0.03929751822010665,0.8958776326232971
25668,LOF,0.03526415418444736,0.0525469167849877,0.912188929030565
25669,LOF,0.03190333290151263,0.051998403582906604,0.9160982635155808
25670,LOF,0.1385454010659629,0.04877801553943649,0.8126765833946006
25671,LOF,0.10043454860287598,0.035189072563345705,0.8643763788337784
25672,LOF,0.0511891867313914,0.045360519557093144,0.9034502937115154
25673,LOF,0.08013666793346255,0.04351181092512407,0.8763515211414135
25674,LOF,0.06920215315998736,0.054063448992981336,0.8767343978470313
25675,LOF,0.11485048326982483,0.05503718235358073,0.8301123343765945
25676,LOF,0.01728747462015243,0.05566898373085434,0.9270435416489932
25677,LOF,0.025168241253873427,0.07279942316946758,0.902032335576659
25678,LOF,0.19152996014169185,0.06471667912702585,0.7437533607312823
25679,LOF,0.12054816534471273,0.08520578439573026,0.794246050259557
25680,LOF,0.030108473566283506,0.11585390208969452,0.854037624344022
25681,LOF,0.04868376327504126,0.11122124328558967,0.8400949934393691
25682,LOF,0.1355352608807475,0.07557659213700145,0.788888146982251
25683,LOF,0.11316416188720772,0.09214332488522095,0.7946925132275713
25684,LOF,0.042087401199238574,0.0749278977764214,0.8829847010243401
25685,LOF,0.1278997823094591,0.04889902689021471,0.8232011908003262
25686,LOF,0.07417413246307127,0.09019487240568967,0.8356309951312392
25687,LOF,0.1119663448561983,0.08981353665399142,0.7982201184898103
25688,LOF,0.3133156729803491,0.03214145050707353,0.6545428765125773
25689,LOF,0.24270826748996352,0.03757806058267937,0.719713671927357
25690,LOF,0.3524005308532971,0.027377584444005832,0.620221884702697
25691,Neutral,0.6996165118565475,0.022551299702465548,0.27783218844098695
25692,LOF,0.3298952217933693,0.009711082995542759,0.6603936952110879
25693,LOF,0.05477222541833722,0.45794246368737923,0.4872853108942835
25694,LOF,0.11667994605285938,0.01696274540778069,0.86635730853936
25695,LOF,0.11460335762546005,0.01686633156613381,0.8685303108084061
25696,LOF,0.106469407943003,0.009447638432631697,0.8840829536243653
25697,LOF,0.12809247661968529,0.03209513681286023,0.8398123865674544
25698,LOF,0.3582579251149368,0.19892637448116376,0.44281570040389945
25699,LOF,0.43247715857723174,0.04017623350730638,0.527346607915462
25700,LOF,0.056614486980002716,0.007649340542826062,0.9357361724771712
25701,LOF,0.13333470720725396,0.0463170332967812,0.8203482594959648
25702,GOF,0.20201892926012638,0.5359148290182036,0.26206624172167
25703,LOF,0.01872210064776259,0.15664033154807894,0.8246375678041584
25704,LOF,0.04860596406501618,0.12034067718734627,0.8310533587476376
25705,LOF,0.05743211483389731,0.1955418946776785,0.7470259904884242
25706,LOF,0.10087139787533118,0.36580877788811017,0.5333198242365587
25707,LOF,0.0892595073845209,0.2906910293712326,0.6200494632442465
25708,LOF,0.031045182055936826,0.26190070825842876,0.7070541096856344
25709,LOF,0.06726296276570871,0.04342849573537255,0.8893085414989188
25710,LOF,0.012387555246503477,0.13509930269096573,0.8525131420625308
25711,LOF,0.0171451847372298,0.10244379943170702,0.8804110158310633
25712,LOF,0.013828983316051719,0.19284831196626823,0.7933227047176801
25713,LOF,0.019023658548371385,0.09079662717120525,0.8901797142804234
25714,LOF,0.06933904910374146,0.08516775704157158,0.845493193854687
25715,LOF,0.010680987553729685,0.1543323071089683,0.834986705337302
25716,LOF,0.016659785510462984,0.11865276958497996,0.8646874449045572
25717,LOF,0.01460425749258307,0.07116461801655818,0.9142311244908587
25718,LOF,0.01260054897285212,0.09045205924259289,0.896947391784555
25719,LOF,0.018022255282414742,0.07974993076624291,0.9022278139513423
25720,LOF,0.022115729886546465,0.07036028091110726,0.9075239892023463
25721,LOF,0.015337633667008143,0.11419660329681325,0.8704657630361785
25722,LOF,0.013408757906047843,0.13353697760497238,0.8530542644889797
25723,LOF,0.022805927664247175,0.046975593608737314,0.9302184787270156
25724,LOF,0.021937293382975908,0.08483631448327025,0.8932263921337538
25725,LOF,0.011346326126459527,0.0698378027494865,0.918815871124054
25726,LOF,0.01519647374241018,0.10470260227666679,0.8801009239809231
25727,LOF,0.01244578116726892,0.07748790251643313,0.910066316316298
25728,LOF,0.009584870135128555,0.11508617340556257,0.8753289564593089
25729,LOF,0.009844748804045714,0.11481773398993503,0.8753375172060193
25730,LOF,0.013484951051841892,0.0887397094742547,0.8977753394739034
25731,LOF,0.022102221932720028,0.11048184503886677,0.8674159330284132
25732,LOF,0.014427338414206644,0.09062853639131517,0.8949441251944782
25733,LOF,0.016148891924376334,0.07794900535013224,0.9059021027254915
25734,LOF,0.013717900796625248,0.1249551070696348,0.86132699213374
25735,LOF,0.013378997003452462,0.09100989011848011,0.8956111128780675
25736,LOF,0.013818883208892034,0.11469257332196518,0.8714885434691427
25737,LOF,0.02049050050571069,0.09100327967900884,0.8885062198152806
25738,LOF,0.012431099141993768,0.10901669579281258,0.8785522050651937
25739,LOF,0.01998821341368467,0.07954239283418331,0.900469393752132
25740,LOF,0.02763916478988459,0.11118139602458935,0.861179439185526
25741,LOF,0.01491473130625323,0.11428335638046327,0.8708019123132835
25742,LOF,0.1134459011386699,0.08458270568414122,0.8019713931771888
25743,LOF,0.0320116673378108,0.03264126488201437,0.9353470677801747
25744,Neutral,0.5786956003462962,0.2176732927065582,0.20363110694714556
25745,LOF,0.0826550864450267,0.07406656795690242,0.8432783455980708
25746,LOF,0.039882317599392696,0.09161986952185276,0.8684978128787546
25747,LOF,0.021500522061499064,0.042270830864521505,0.9362286470739793
25748,LOF,0.0968664965044354,0.062284086137006464,0.840849417358558
25749,LOF,0.027194908017740032,0.08003910774855895,0.892765984233701
25750,LOF,0.08358266434473191,0.08451509740793721,0.831902238247331
25751,LOF,0.09013851591156524,0.06420644380593768,0.8456550402824972
25752,GOF,0.1222266088486738,0.6621916625967622,0.215581728554564
25753,LOF,0.021382227075730446,0.2787647026413236,0.6998530702829461
25754,GOF,0.011156185434539948,0.7778211206379335,0.21102269392752646
25755,LOF,0.023650265831971728,0.37212272290082227,0.604227011267206
25756,LOF,0.03838833929459679,0.3748769671257654,0.5867346935796378
25757,GOF,0.013600158866951654,0.8457580685675695,0.1406417725654787
25758,GOF,0.02824365534961797,0.8262896799052684,0.1454666647451137
25759,GOF,0.011387406817950866,0.5341451174731023,0.4544674757089467
25760,LOF,0.011995389392502838,0.2389969640921459,0.7490076465153512
25761,GOF,0.2775755900209705,0.6416959348212298,0.0807284751577998
25762,LOF,0.034373031378529394,0.26975581210638516,0.6958711565150855
25763,LOF,0.013420513812750341,0.2050079651596802,0.7815715210275694
25764,GOF,0.07753417084181434,0.6306705436293356,0.2917952855288501
25765,GOF,0.04189431840423002,0.7489293983601656,0.2091762832356045
25766,GOF,0.06779352548170559,0.7502559886702412,0.18195048584805312
25767,GOF,0.16859926962166874,0.4679583410629545,0.3634423893153767
25768,LOF,0.09229583946219257,0.06688223975573546,0.840821920782072
25769,LOF,0.070208735281487,0.06845997592749388,0.8613312887910192
25770,LOF,0.3167596690152659,0.09065789907094614,0.5925824319137879
25771,LOF,0.03962318479204624,0.04619269922960538,0.9141841159783484
25772,LOF,0.016491423612822093,0.03369309852969526,0.9498154778574827
25773,LOF,0.04761042026113104,0.08343097810594327,0.8689586016329257
25774,LOF,0.02972297277265321,0.07523286443419476,0.8950441627931521
25775,LOF,0.04370396035748978,0.040835241565272046,0.9154607980772382
25776,LOF,0.06628058311544018,0.025435498855698065,0.9082839180288617
25777,LOF,0.35308941910205327,0.050954087222814505,0.5959564936751321
25778,LOF,0.06961339609147656,0.04906149103038097,0.8813251128781424
25779,GOF,0.37066964302442,0.5858069111127685,0.04352344586281151
25780,GOF,0.3033794686773902,0.6287664816360962,0.0678540496865137
25781,GOF,0.1471403580451909,0.7554165730544199,0.09744306890038923
25782,GOF,0.212710578105039,0.7175460570873465,0.06974336480761442
25783,GOF,0.02730688457593692,0.647146035622094,0.32554707980196895
25784,GOF,0.4811981018936722,0.4829560427247181,0.03584585538160971
25785,GOF,0.43630507532675544,0.5285054427687966,0.035189481904447976
25786,GOF,0.027867450651841107,0.7766087992369023,0.19552375011125656
25787,Neutral,0.6245733156978593,0.3502230301698182,0.02520365413232267
25788,LOF,0.05084120484188073,0.10926026926260721,0.8398985258955121
25789,GOF,0.20141567249981635,0.6714032390213918,0.12718108847879198
25790,GOF,0.19806819859243394,0.6990517635570963,0.10288003785046988
25791,GOF,0.15343369543122096,0.6805848558073816,0.16598144876139737
25792,GOF,0.32925671446053956,0.5451787611915565,0.12556452434790394
25793,GOF,0.22879256381812277,0.5705887100573325,0.20061872612454482
25794,GOF,0.2804873533744839,0.5701418711595276,0.14937077546598848
25795,GOF,0.0728350214408197,0.720268840476374,0.20689613808280644
25796,Neutral,0.533382345018642,0.40011423069309876,0.0665034242882592
25797,GOF,0.08126458371490766,0.580474107467304,0.3382613088177884
25798,GOF,0.008972625506070924,0.5414729657945309,0.4495544086993982
25799,LOF,0.0070659709793870155,0.42469989469577696,0.568234134324836
25800,GOF,0.031056571278350795,0.629802961241763,0.3391404674798861
25801,GOF,0.1953768096525855,0.6848628652874996,0.11976032505991495
25802,GOF,0.0709275168234891,0.715113062491376,0.21395942068513488
25803,GOF,0.035521247212553286,0.6099063555114512,0.3545723972759955
25804,GOF,0.03264777036597056,0.5175108324588077,0.44984139717522176
25805,GOF,0.09780701588924674,0.6099891569706561,0.2922038271400973
25806,GOF,0.09398882061398924,0.616177629039296,0.28983355034671476
25807,GOF,0.018348303516477343,0.6344664848997458,0.34718521158377696
25808,GOF,0.08660740086939658,0.6565277091710642,0.2568648899595393
25809,GOF,0.016692562703730134,0.6086665907593977,0.3746408465368722
25810,GOF,0.016584752805841745,0.641385321897325,0.34202992529683324
25811,GOF,0.44387153238671534,0.4795664298245741,0.0765620377887106
25812,GOF,0.03178777362807958,0.655831450936026,0.31238077543589443
25813,Neutral,0.4884613524194536,0.4227322233312766,0.08880642424926982
25814,GOF,0.12935544915188327,0.6405104191588108,0.23013413168930585
25815,GOF,0.18980085119141332,0.637765547065737,0.17243360174284983
25816,GOF,0.023038188651970836,0.7145006982039778,0.26246111314405135
25817,GOF,0.22558303539636548,0.6444189315376936,0.12999803306594088
25818,GOF,0.0528047630167495,0.6887522889515995,0.258442948031651
25819,GOF,0.3522323197725668,0.5296618248251252,0.1181058554023079
25820,GOF,0.18595510609014113,0.6262013648858074,0.18784352902405152
25821,GOF,0.05889176244632094,0.6946876269902672,0.24642061056341183
25822,GOF,0.2138791284613543,0.5955702121286304,0.19055065941001523
25823,GOF,0.03367066174773286,0.5758694574717014,0.3904598807805657
25824,GOF,0.0840868932782105,0.6391242052770094,0.2767889014447802
25825,GOF,0.0363742768988064,0.6356291510098865,0.3279965720913072
25826,GOF,0.016470159652898893,0.6105281478528106,0.37300169249429055
25827,GOF,0.024310683573361982,0.62216048638001,0.3535288300466281
25828,GOF,0.014102076014001827,0.5503250835928066,0.43557284039319166
25829,GOF,0.005831025839410722,0.5934484749209253,0.40072049923966385
25830,LOF,0.03732345741358966,0.2932312088829281,0.6694453337034822
25831,GOF,0.21478085843199693,0.6694537224106238,0.11576541915737924
25832,GOF,0.033833927372811684,0.738617985867467,0.2275480867597212
25833,GOF,0.12057754992289693,0.7424035470333501,0.137018903043753
25834,GOF,0.03473005053936731,0.7494564076644147,0.2158135417962181
25835,GOF,0.07096190273199075,0.784137330704173,0.14490076656383613
25836,GOF,0.037561947333465524,0.726723153403029,0.23571489926350545
25837,GOF,0.029635006307411768,0.6229252409923886,0.3474397527001997
25838,GOF,0.09586769669318167,0.7847260851664459,0.11940621814037232
25839,GOF,0.29345180025147505,0.5924996064635303,0.11404859328499468
25840,GOF,0.24351851507672026,0.6019688865875035,0.15451259833577616
25841,GOF,0.23415286768183255,0.6244323066680953,0.14141482565007202
25842,GOF,0.157875067606164,0.7249611766667311,0.11716375572710495
25843,GOF,0.2180167715206637,0.7037818145822012,0.07820141389713513
25844,GOF,0.06251623235345484,0.7407939106039142,0.19668985704263095
25845,GOF,0.01717064446518806,0.5336637669888673,0.44916558854594457
25846,GOF,0.13886846860013846,0.7252523493016848,0.13587918209817682
25847,GOF,0.11357176118726571,0.7888711130227454,0.09755712578998876
25848,GOF,0.03811387708107726,0.7265715340976149,0.23531458882130785
25849,GOF,0.010729897976423696,0.6159439723358269,0.3733261296877495
25850,GOF,0.01955521254814524,0.6683478378255826,0.31209694962627227
25851,GOF,0.01536637485343472,0.5575454032851329,0.4270882218614324
25852,GOF,0.1639067720891185,0.5681987083809363,0.26789451952994525
25853,GOF,0.3271993398423879,0.6033105707600483,0.06949008939756382
25854,GOF,0.02062546702573846,0.6524287816425071,0.3269457513317544
25855,GOF,0.037593704898542066,0.6040046493592092,0.35840164574224875
25856,GOF,0.23031043058390083,0.5796756136707758,0.19001395574532343
25857,GOF,0.03826527013087018,0.5489696921899894,0.41276503767914047
25858,GOF,0.020194183769904363,0.5699961022210706,0.4098097140090251
25859,GOF,0.010468488901509742,0.5399463802909612,0.44958513080752915
25860,GOF,0.35004724293822986,0.5722946076374302,0.07765814942433988
25861,GOF,0.3993991895367345,0.5343024746383117,0.0662983358249537
25862,GOF,0.08737605951825925,0.7872948566058816,0.12532908387585914
25863,GOF,0.08397989017973283,0.7879379866782068,0.12808212314206033
25864,GOF,0.2003811572042964,0.7287937146836456,0.07082512811205807
25865,GOF,0.0950496954314386,0.798772683767911,0.10617762080065034
25866,GOF,0.06037727019236389,0.7944800016832199,0.14514272812441623
25867,GOF,0.08523986144983912,0.8202144680119204,0.09454567053824038
25868,GOF,0.22103023273873487,0.6779574917610842,0.10101227550018099
25869,Neutral,0.6879491222604843,0.26779509771103005,0.044255780028485674
25870,GOF,0.2870747624387626,0.42222762563662686,0.29069761192461047
25871,GOF,0.20293498416793268,0.6742535369846363,0.12281147884743111
25872,GOF,0.07914955994456846,0.6743503688012844,0.24650007125414705
25873,GOF,0.1151766691939526,0.698134560499851,0.18668877030619635
25874,LOF,0.014932526092487056,0.12704826024475496,0.858019213662758
25875,LOF,0.08882260027647527,0.05479053822192188,0.8563868615016027
25876,LOF,0.03580638253768256,0.02978598944676414,0.9344076280155533
25877,Neutral,0.4994967546891236,0.05085559212097271,0.44964765318990374
25878,LOF,0.20612420875068335,0.11112819425815043,0.6827475969911662
25879,LOF,0.08474435784489404,0.10211871975021022,0.8131369224048957
25880,LOF,0.041947405208427505,0.014921905610396705,0.9431306891811758
25881,LOF,0.1777991886788492,0.10915444360983079,0.71304636771132
25882,LOF,0.06221997457964212,0.018727139824854626,0.9190528855955032
25883,LOF,0.06741900996262966,0.019795765760999718,0.9127852242763705
25884,LOF,0.031157588398285162,0.031204900032558682,0.9376375115691561
25885,LOF,0.06155096663709842,0.011713023656801934,0.9267360097060996
25886,LOF,0.2667017778382099,0.039249186085115094,0.694049036076675
25887,LOF,0.1503866797402,0.06460179381869785,0.7850115264411021
25888,LOF,0.06372894822523704,0.051823474721171235,0.8844475770535917
25889,LOF,0.04243751519222814,0.021007796156405217,0.9365546886513666
25890,LOF,0.051662776218000424,0.15191097885615606,0.7964262449258436
25891,LOF,0.038179489246784444,0.05611230761608271,0.9057082031371329
25892,LOF,0.0883040172687588,0.020685010114941137,0.8910109726163001
25893,LOF,0.25697059781196474,0.020607570033087764,0.7224218321549475
25894,LOF,0.18824452476311657,0.011218560740605028,0.8005369144962784
25895,LOF,0.20993351755197343,0.02261021612450364,0.7674562663235229
25896,LOF,0.05211173352184395,0.02128695719085818,0.9266013092872979
25897,LOF,0.27852540889926086,0.012487640776564017,0.7089869503241751
25898,Neutral,0.7058868998626897,0.010310096155351613,0.2838030039819587
25899,LOF,0.21958649893446963,0.021509852931646596,0.7589036481338837
25900,LOF,0.4505026340503051,0.014164654518349949,0.535332711431345
25901,LOF,0.05338050879899178,0.012191304061832773,0.9344281871391754
25902,LOF,0.1563197648629966,0.014436794771983024,0.8292434403650203
25903,Neutral,0.6083844945614708,0.027170965109768894,0.36444454032876034
25904,LOF,0.31163829177024965,0.0378395250572671,0.6505221831724833
25905,LOF,0.028781859842224106,0.3036364481964666,0.6675816919613092
25906,LOF,0.033239442024569604,0.07174745110907489,0.8950131068663555
25907,LOF,0.014251667343695562,0.3136023219506802,0.6721460107056243
25908,LOF,0.0104180864625307,0.23286074848248464,0.7567211650549845
25909,LOF,0.01333359233150433,0.12097499352594017,0.8656914141425555
25910,LOF,0.05194192862401064,0.1416808281293781,0.8063772432466112
25911,LOF,0.1901257952341866,0.03482803988102273,0.7750461648847907
25912,LOF,0.04831282753535183,0.059273184318515616,0.8924139881461325
25913,LOF,0.3475973955980276,0.027284292873256077,0.6251183115287163
25914,LOF,0.018329517428249703,0.05473862600271862,0.9269318565690317
25915,Neutral,0.5715027361198776,0.1504385853060038,0.2780586785741186
25916,LOF,0.08082274343205524,0.20551801744678425,0.7136592391211606
25917,LOF,0.05764131888998134,0.04445123097819994,0.8979074501318188
25918,LOF,0.019205829779672324,0.03698555599010476,0.9438086142302229
25919,LOF,0.016776605025256842,0.0381153009660117,0.9451080940087315
25920,GOF,0.10124083561595398,0.5227002576388278,0.3760589067452182
25921,LOF,0.023274202790232703,0.038237532343883225,0.9384882648658841
25922,LOF,0.03231456769847665,0.03193613483848396,0.9357492974630395
25923,LOF,0.4544620631509687,0.04090757221920811,0.5046303646298231
25924,LOF,0.035920590251138536,0.04898980291792805,0.9150896068309333
25925,LOF,0.06968618839059058,0.04272776796552305,0.8875860436438865
25926,LOF,0.04904988490576961,0.03972769477633903,0.9112224203178915
25927,LOF,0.05186403790080755,0.1461195417732592,0.8020164203259332
25928,LOF,0.016596893084307878,0.054790036545935776,0.9286130703697564
25929,Neutral,0.5689158863501991,0.0437327607314888,0.3873513529183121
25930,LOF,0.0650648479262034,0.03698886641821953,0.8979462856555771
25931,LOF,0.023928358938926194,0.03327819442835247,0.9427934466327214
25932,LOF,0.025178098576479978,0.032592482448995264,0.9422294189745248
25933,LOF,0.036296033870582944,0.023504197010414517,0.9401997691190024
25934,LOF,0.022369911172038202,0.025468379938546556,0.9521617088894152
25935,LOF,0.06075737325611834,0.05640654550529846,0.8828360812385831
25936,LOF,0.0413455660142645,0.027120596219770966,0.9315338377659645
25937,LOF,0.024860104345739098,0.03629811589521078,0.93884177975905
25938,LOF,0.062318104021566144,0.0548308186027999,0.882851077375634
25939,LOF,0.037162126099911305,0.023040243720874928,0.9397976301792138
25940,LOF,0.028955987109895203,0.3555037580560973,0.6155402548340075
25941,LOF,0.20869692590900846,0.10183202783241836,0.6894710462585731
25942,LOF,0.013365291992956455,0.036816832745140554,0.9498178752619029
25943,LOF,0.3019084198112482,0.05246422723990032,0.6456273529488515
25944,Neutral,0.5030914331065899,0.02241215934026629,0.4744964075531438
25945,LOF,0.07423552292739954,0.02292164887613456,0.902842828196466
25946,LOF,0.03145481715930169,0.11800163886302681,0.8505435439776715
25947,LOF,0.10201000779155081,0.1805206520599515,0.7174693401484977
25948,LOF,0.36208021306692256,0.007603288508659374,0.6303164984244181
25949,LOF,0.12343914741716731,0.03328204066404436,0.8432788119187884
25950,LOF,0.28879482314511923,0.34843491152950845,0.36277026532537243
25951,LOF,0.21782944451209926,0.25879090215538714,0.5233796533325136
25952,LOF,0.042198010594204,0.4092424946690179,0.5485594947367781
25953,LOF,0.13099664540380304,0.10226003300678138,0.7667433215894155
25954,LOF,0.4207564185892933,0.15360221942990063,0.42564136198080604
25955,LOF,0.05092078864670835,0.07210471987180253,0.8769744914814892
25956,LOF,0.1730421802559326,0.10956459031204288,0.7173932294320245
25957,LOF,0.04044119748309021,0.02933775661920479,0.930221045897705
25958,LOF,0.05525869945904354,0.031496311985138824,0.9132449885558176
25959,LOF,0.06378042285835701,0.358465945973477,0.577753631168166
25960,LOF,0.01652872356696406,0.051661957546765155,0.9318093188862708
25961,LOF,0.04173810712734325,0.03170606864890839,0.9265558242237484
25962,LOF,0.05158185455616685,0.023475568939078973,0.9249425765047541
25963,LOF,0.050827308860043746,0.1936610315959315,0.7555116595440247
25964,LOF,0.03273972158132893,0.1460787813738839,0.8211814970447872
25965,LOF,0.4463330044483786,0.06289309942459835,0.4907738961270231
25966,Neutral,0.5431735602503235,0.16354922060526894,0.29327721914440763
25967,LOF,0.01753516502918689,0.09413701161625355,0.8883278233545595
25968,LOF,0.036499923110065904,0.39996726975468067,0.5635328071352533
25969,LOF,0.036056474317824286,0.05935404233381227,0.9045894833483635
25970,LOF,0.0587318359206544,0.07159665356827619,0.8696715105110695
25971,LOF,0.06350400520962321,0.021368767209073644,0.9151272275813033
25972,LOF,0.06908806932632922,0.03003803693027208,0.9008738937433987
25973,LOF,0.08121465543848076,0.00857453955581428,0.9102108050057048
25974,LOF,0.18999959161396843,0.016159449603140825,0.7938409587828907
25975,LOF,0.045431780934728556,0.025857967094058725,0.9287102519712127
25976,LOF,0.045345777123567306,0.015357799854385894,0.9392964230220467
25977,LOF,0.1592960891760043,0.07508452098229791,0.7656193898416978
25978,LOF,0.15087889543053848,0.06520881961658893,0.7839122849528727
25979,LOF,0.1405005005327276,0.06423461395262946,0.795264885514643
25980,LOF,0.2326852152417311,0.08365915756300528,0.6836556271952635
25981,LOF,0.26575746313816945,0.08115923313837288,0.6530833037234576
25982,LOF,0.42359620284936395,0.05611070950733163,0.5202930876433044
25983,LOF,0.40654625035994424,0.06243011463149818,0.5310236350085575
25984,LOF,0.05056231759097332,0.04438000456713972,0.9050576778418868
25985,LOF,0.03718930266468436,0.2987194594228844,0.6640912379124312
25986,LOF,0.043606336422037484,0.32078496318325583,0.6356087003947066
25987,LOF,0.08924062521450496,0.06662894193262754,0.8441304328528674
25988,LOF,0.16941060945859626,0.055431925946222003,0.7751574645951818
25989,LOF,0.037594000371339115,0.1118751771029918,0.850530822525669
25990,LOF,0.04689632184513992,0.13332504038527065,0.8197786377695895
25991,LOF,0.11908694510773422,0.2575653940001628,0.623347660892103
25992,LOF,0.28833093297489604,0.16366760477267053,0.5480014622524334
25993,LOF,0.01993724687211135,0.08302722916391092,0.8970355239639777
25994,LOF,0.014628052462669365,0.09910941613993267,0.886262531397398
25995,LOF,0.02073569870820222,0.20757734242668874,0.7716869588651091
25996,GOF,0.3008581805549516,0.4138383704367516,0.28530344900829685
25997,LOF,0.07338540587646147,0.3883540199125977,0.5382605742109408
25998,Neutral,0.5307174243152691,0.029276911073776474,0.4400056646109544
25999,LOF,0.10906806991438879,0.08508440727723884,0.8058475228083722
26000,LOF,0.1365409178839436,0.045593097733456406,0.8178659843826
26001,LOF,0.19822053489268238,0.049443693489006874,0.7523357716183107
26002,LOF,0.12292324999989966,0.0467742910436718,0.8303024589564286
26003,GOF,0.009811456685898973,0.5866868678475254,0.4035016754665756
26004,GOF,0.019935537858975252,0.6698579925546829,0.31020646958634185
26005,LOF,0.006160696742803227,0.4523409928505499,0.541498310406647
26006,Neutral,0.47096595686263315,0.2588216336863032,0.2702124094510637
26007,GOF,0.0182504655486191,0.5146669117011303,0.46708262275025053
26008,GOF,0.015388082904545361,0.5919517258795651,0.3926601912158895
26009,GOF,0.02010063515696225,0.6773106332275322,0.30258873161550554
26010,GOF,0.02063173445064182,0.6181700587854307,0.3611982067639275
26011,LOF,0.006410269051680133,0.4194040543265632,0.5741856766217567
26012,GOF,0.012214310776774762,0.54201068952403,0.4457749996991951
26013,GOF,0.01835852604500146,0.5887277408527151,0.3929137331022835
26014,LOF,0.043423112123113436,0.10460355535466041,0.8519733325222262
26015,LOF,0.16507105716590753,0.016577207656691132,0.8183517351774012
26016,LOF,0.19671107079310202,0.06798716945572306,0.735301759751175
26017,LOF,0.21116702600415993,0.10934210321073991,0.6794908707851001
26018,LOF,0.08064021695738517,0.04029225059948819,0.8790675324431266
26019,LOF,0.07706959510515587,0.03239075793690091,0.8905396469579432
26020,LOF,0.06582648359914857,0.1105166724988182,0.8236568439020332
26021,LOF,0.04468129193502035,0.11442453058053036,0.8408941774844493
26022,LOF,0.010605484827585825,0.04530659917267413,0.9440879159997401
26023,LOF,0.06682922570782869,0.02559982123047819,0.9075709530616931
26024,LOF,0.029356702048403904,0.11859472780274605,0.85204857014885
26025,LOF,0.14654368390992023,0.09648615981340831,0.7569701562766715
26026,LOF,0.3280102687081461,0.032831732441019376,0.6391579988508346
26027,LOF,0.06075040199596737,0.0196917508438672,0.9195578471601655
26028,LOF,0.16997820866747826,0.05823802728249507,0.7717837640500266
26029,LOF,0.0666336613114086,0.19455189810466259,0.7388144405839288
26030,LOF,0.021284885728491746,0.05407906220986806,0.9246360520616402
26031,LOF,0.024047246112721937,0.14640091412925868,0.8295518397580193
26032,LOF,0.06200523106151464,0.08567882618468207,0.8523159427538033
26033,LOF,0.07959125776459648,0.08436008517686178,0.8360486570585418
26034,LOF,0.039441379753394616,0.17080218069030995,0.7897564395562954
26035,LOF,0.024685120302488577,0.16235309464965678,0.8129617850478545
26036,LOF,0.03764226215072422,0.18343249719730453,0.7789252406519713
26037,LOF,0.020664858139580494,0.13328313032666914,0.8460520115337504
26038,LOF,0.05852224878567162,0.08871842557969191,0.8527593256346365
26039,LOF,0.04766989807461031,0.165156235264361,0.7871738666610286
26040,LOF,0.19676403595085848,0.14799847398049826,0.6552374900686432
26041,LOF,0.021686094345939867,0.12271773514182997,0.8555961705122302
26042,LOF,0.019955214383634047,0.11636827068009019,0.8636765149362758
26043,LOF,0.05921012072801174,0.10329992302191134,0.8374899562500768
26044,LOF,0.01955404301859506,0.06727794402506683,0.9131680129563381
26045,LOF,0.06395536575142148,0.11282351453007287,0.8232211197185056
26046,LOF,0.053666568448667906,0.0854287550719616,0.8609046764793705
26047,LOF,0.07256238352453427,0.08876210685161563,0.8386755096238501
26048,LOF,0.0455108271602825,0.04736897719684945,0.9071201956428679
26049,Neutral,0.966763089246834,0.007602887333558965,0.025634023419607063
26050,Neutral,0.9524654856921619,0.009716470869205624,0.037818043438632584
26051,LOF,0.05018798084140075,0.26268875488686483,0.6871232642717343
26052,LOF,0.06551930926230937,0.31200820422342734,0.6224724865142633
26053,LOF,0.055634454969513886,0.1340980987297338,0.8102674463007522
26054,LOF,0.05205531775787179,0.01613085954244816,0.93181382269968
26055,LOF,0.06979207068955313,0.014276434955387066,0.9159314943550598
26056,LOF,0.06050724936843735,0.015793890466064275,0.9236988601654984
26057,LOF,0.028931507666380994,0.012206293150016185,0.9588621991836027
26058,LOF,0.030306233148022107,0.01009110073671149,0.9596026661152663
26059,LOF,0.2691137993162202,0.020253415297579087,0.7106327853862008
26060,LOF,0.037285532201860025,0.17870193257342484,0.7840125352247151
26061,LOF,0.017806846861589804,0.010524935945362301,0.971668217193048
26062,LOF,0.010630862436283329,0.01591840334541946,0.9734507342182972
26063,LOF,0.019788300223125044,0.01082369982758003,0.969387999949295
26064,LOF,0.020272845704236948,0.021600931754202413,0.9581262225415607
26065,LOF,0.025204136331766925,0.010667436856823155,0.9641284268114099
26066,LOF,0.02162466199197428,0.010633089673827166,0.9677422483341985
26067,LOF,0.024985307648264482,0.009006678892150462,0.9660080134595851
26068,LOF,0.04768218206669528,0.024586543369394052,0.9277312745639107
26069,LOF,0.2700851861734773,0.018198790845969745,0.7117160229805529
26070,LOF,0.41642943543671546,0.015040541904858698,0.5685300226584259
26071,LOF,0.02038656221084327,0.012056540445866449,0.9675568973432903
26072,LOF,0.020753905886179348,0.016243186935504653,0.9630029071783159
26073,LOF,0.02072167889263105,0.009980216541032946,0.969298104566336
26074,Neutral,0.9165688903897731,0.0058082072175244005,0.07762290239270266
26075,LOF,0.04730040345990659,0.013839433352548806,0.9388601631875447
26076,LOF,0.039523361748330044,0.00977604269930323,0.9507005955523666
26077,LOF,0.010016078721014444,0.01477179052776111,0.9752121307512246
26078,LOF,0.013593213469944295,0.01090859433970244,0.9754981921903533
26079,LOF,0.06432695692808976,0.015883071006378067,0.919789972065532
26080,LOF,0.06343540774951054,0.015897448830814086,0.9206671434196753
26081,LOF,0.03163535170919909,0.006794498869080829,0.96157014942172
26082,LOF,0.01383730066189701,0.014325007256535838,0.9718376920815672
26083,LOF,0.19282000917003866,0.013239473269677692,0.7939405175602836
26084,LOF,0.04225120159229898,0.011064207892087318,0.9466845905156137
26085,LOF,0.037649392911429394,0.010638000783977383,0.9517126063045932
26086,LOF,0.020506723497995556,0.010984739743045634,0.9685085367589589
26087,LOF,0.024157577723375925,0.008091588773556356,0.9677508335030678
26088,LOF,0.01660141821029392,0.021328906535216983,0.9620696752544889
26089,LOF,0.044992722485201773,0.019595979315434532,0.9354112981993637
26090,LOF,0.04423504705582071,0.01581200940421155,0.9399529435399677
26091,LOF,0.03224371132142061,0.006450511790684758,0.9613057768878946
26092,LOF,0.02180157231928723,0.008175572346418823,0.970022855334294
26093,LOF,0.033507585204993175,0.005975920096947852,0.9605164946980589
26094,LOF,0.03659709184323727,0.006214305711751587,0.9571886024450111
26095,LOF,0.04173959171463768,0.01283592416295139,0.945424484122411
26096,LOF,0.01865825444572144,0.011677565476100802,0.9696641800781778
26097,LOF,0.011891142880027293,0.03306847245281964,0.9550403846671531
26098,LOF,0.08374025410063991,0.010597016273649956,0.9056627296257102
26099,LOF,0.020604794098510057,0.012031803498696344,0.9673634024027935
26100,LOF,0.022565193259488057,0.01182626766603787,0.9656085390744741
26101,LOF,0.04827761243280388,0.014818717051616677,0.9369036705155794
26102,LOF,0.02011756169273113,0.012636244538685474,0.9672461937685833
26103,Neutral,0.8855867576371086,0.017616765651181976,0.09679647671170934
26104,LOF,0.08298255256347822,0.021401738103646747,0.895615709332875
26105,LOF,0.2185061983403213,0.231339056890745,0.5501547447689338
26106,LOF,0.17183623270353518,0.10826359971935035,0.7199001675771144
26107,LOF,0.2292612978238531,0.07875255342778967,0.6919861487483573
26108,LOF,0.2673786061803079,0.08871267935368567,0.6439087144660065
26109,LOF,0.0888099131389922,0.05225247883584697,0.8589376080251608
26110,LOF,0.22047724681090416,0.008694884664748737,0.770827868524347
26111,Neutral,0.5008817156535192,0.030817084390438478,0.46830119995604225
26112,LOF,0.030007378614729043,0.008986192947328456,0.9610064284379425
26113,LOF,0.06744886137523268,0.020870001047060723,0.9116811375777067
26114,LOF,0.024312681506974753,0.0322241721440741,0.9434631463489512
26115,LOF,0.0790336986027337,0.05820274782299001,0.8627635535742763
26116,LOF,0.06459435905611247,0.06682439823311852,0.868581242710769
26117,LOF,0.45792265284553174,0.04086757316655734,0.5012097739879109
26118,LOF,0.03330537430111515,0.029001195993505407,0.9376934297053793
26119,LOF,0.02197204837821056,0.03322525752840892,0.9448026940933806
26120,LOF,0.0264882271963388,0.02153245508078011,0.9519793177228811
26121,LOF,0.05051235151156734,0.08699502996203488,0.8624926185263978
26122,LOF,0.04434246361430374,0.037151812060547865,0.9185057243251484
