feature0,prediction,LoGoFunc_Neutral,LoGoFunc_GOF,LoGoFunc_LOF
25546,Neutral,0.6417136747973186,0.06469921567604589,0.29358710952663564
25547,Neutral,0.48451171520573866,0.11263865345308047,0.4028496313411809
25548,Neutral,0.48452468710858615,0.09168290283767973,0.4237924100537342
25549,LOF,0.41920079959114886,0.09362076508696932,0.4871784353218819
25550,LOF,0.34978593962334753,0.13500158600299203,0.5152124743736604
25551,LOF,0.31188489279927945,0.14131568452421317,0.5467994226765074
25552,LOF,0.25990127881852626,0.1392522908129739,0.6008464303684998
25553,Neutral,0.8105106803783463,0.04737706591732605,0.14211225370432756
25554,LOF,0.3027036435439317,0.13091520488955416,0.5663811515665141
25555,LOF,0.24992719796050408,0.12403912210455174,0.6260336799349442
25556,Neutral,0.45331746868445544,0.1123416562239368,0.4343408750916077
25557,LOF,0.24084400747506227,0.1304372886329582,0.6287187038919796
25558,LOF,0.31051522501570983,0.12993220633377955,0.5595525686505107
25559,LOF,0.1990110929660429,0.13347576809005013,0.6675131389439068
25560,LOF,0.1665333780170902,0.09430899653022982,0.7391576254526799
25561,LOF,0.15341628290875603,0.10947979769350576,0.7371039193977382
25562,LOF,0.07181712474862526,0.0761434950600404,0.8520393801913344
25563,LOF,0.0210377003308632,0.13674975822766444,0.8422125414414724
25564,LOF,0.20835340285406767,0.11711702554540039,0.674529571600532
25565,LOF,0.20434855571554725,0.12906512912892176,0.666586315155531
25566,GOF,0.08687721381594427,0.718967442906908,0.1941553432771478
25567,LOF,0.039091870713196995,0.11590287451341695,0.8450052547733862
25568,LOF,0.06265180704988962,0.06309723114708143,0.874250961803029
25569,LOF,0.058436699761468605,0.06400599225320702,0.8775573079853243
25570,LOF,0.02547622141230528,0.08564706522036343,0.8888767133673313
25571,LOF,0.024152341547107405,0.09737784741057215,0.8784698110423205
25572,LOF,0.058331272335132994,0.10683675647325858,0.8348319711916083
25573,LOF,0.05362718773333179,0.07831492582702462,0.8680578864396435
25574,LOF,0.05360762333719527,0.17289842195674798,0.7734939547060569
25575,LOF,0.020927037585671493,0.10703183124980091,0.8720411311645276
25576,LOF,0.0331889786596398,0.14393533295820488,0.8228756883821553
25577,LOF,0.030283132432920246,0.10560280087209666,0.8641140666949831
25578,LOF,0.30099422413076504,0.07192696642699999,0.627078809442235
25579,LOF,0.12807370193390746,0.07825163634117921,0.7936746617249134
25580,LOF,0.018215089268526167,0.07324787786241757,0.9085370328690562
25581,LOF,0.05535524380668479,0.06119335260468054,0.8834514035886347
25582,LOF,0.05524457313065481,0.059701229346319856,0.8850541975230253
25583,LOF,0.01899384401344703,0.07586780911236957,0.9051383468741835
25584,Neutral,0.6726974207952916,0.10168507609394155,0.2256175031107669
25585,LOF,0.0273513592426574,0.11122895529878334,0.8614196854585592
25586,LOF,0.0172726429111527,0.06038324714337319,0.9223441099454741
25587,LOF,0.0164348900758676,0.05358749350935923,0.9299776164147731
25588,LOF,0.019506543566301673,0.06360710730957106,0.9168863491241273
25589,Neutral,0.5198151323620569,0.1879330512259242,0.29225181641201886
25590,LOF,0.045362044927462625,0.0983165328815977,0.8563214221909397
25591,LOF,0.09765899841515702,0.05016888407534878,0.8521721175094941
25592,LOF,0.05392742936884067,0.124195937857476,0.8218766327736834
25593,LOF,0.1338488938910467,0.24029975654478977,0.6258513495641636
25594,LOF,0.05119751114750457,0.09985934154758207,0.8489431473049134
25595,LOF,0.048001429178193014,0.07163255522005119,0.8803660156017558
25596,LOF,0.09862161672633553,0.03888606559896366,0.8624923176747007
25597,LOF,0.078773575880492,0.043731968772218625,0.8774944553472893
25598,LOF,0.04911681515513397,0.0760553818534494,0.8748278029914166
25599,GOF,0.021286783722126026,0.5247653843422234,0.4539478319356506
25600,GOF,0.1607529372512268,0.5172013903169013,0.32204567243187193
25601,LOF,0.039818695454727784,0.4155188751707401,0.544662429374532
25602,LOF,0.029849761889051925,0.07826409875262834,0.8918861393583197
25603,LOF,0.028164934840471265,0.04415538284467083,0.927679682314858
25604,LOF,0.033442530002852335,0.07978107639921493,0.8867763935979328
25605,LOF,0.032147467283560334,0.21771300679420572,0.750139525922234
25606,LOF,0.37569690915059945,0.1390925220805348,0.48521056876886565
25607,LOF,0.022174617275872225,0.20385844905306413,0.7739669336710636
25608,LOF,0.030317873384228804,0.06922040383647954,0.9004617227792916
25609,GOF,0.14113437961322864,0.5095854216194773,0.34928019876729405
25610,LOF,0.013962337502369459,0.027699824272156177,0.9583378382254745
25611,LOF,0.012854504010460488,0.033258601261989686,0.9538868947275498
25612,LOF,0.047261921503028055,0.04116601113128888,0.911572067365683
25613,LOF,0.04550210586723093,0.04257450275867962,0.9119233913740895
25614,LOF,0.019153788338230834,0.026500052420211237,0.954346159241558
25615,LOF,0.040441185231639566,0.03605392918692473,0.9235048855814356
25616,LOF,0.04314111796373123,0.028850575971620718,0.9280083060646481
25617,LOF,0.03733719509430394,0.036836803126149675,0.9258260017795463
25618,LOF,0.0487071518844764,0.03577120618390309,0.9155216419316204
25619,LOF,0.013611247891011867,0.0326441848597987,0.9537445672491894
25620,LOF,0.057353629817651415,0.04413679031819931,0.8985095798641494
25621,LOF,0.05065732050372864,0.03345169827721018,0.9158909812190612
25622,LOF,0.060402805454052924,0.03049887026015389,0.9090983242857932
25623,LOF,0.06765587836271623,0.02567876934840209,0.9066653522888816
25624,LOF,0.016932099042624292,0.03531369402810781,0.947754206929268
25625,LOF,0.06245610670847096,0.03692251528391105,0.900621378007618
25626,LOF,0.04296257504853133,0.04147223669391103,0.9155651882575576
25627,Neutral,0.8898014307286125,0.020579183016601735,0.08961938625478569
25628,LOF,0.11562420715829132,0.06106258336815377,0.823313209473555
25629,LOF,0.059278842022679794,0.039728302191551386,0.9009928557857688
25630,LOF,0.2702597464388914,0.0789988885236626,0.650741365037446
25631,Neutral,0.5446729283219455,0.068147756356188,0.38717931532186656
25632,LOF,0.026956787280781366,0.0670800110232357,0.905963201695983
25633,LOF,0.20218063555157412,0.03319483467969275,0.7646245297687331
25634,LOF,0.035845130483415165,0.07622191477750144,0.8879329547390834
25635,LOF,0.03613984311361927,0.04006422294631746,0.9237959339400632
25636,GOF,0.03129515589636676,0.4863628023408526,0.4823420417627805
25637,GOF,0.06107532296405198,0.5360730841281843,0.4028515929077637
25638,LOF,0.029147152890911483,0.3527717238390861,0.6180811232700025
25639,LOF,0.030862146784172807,0.3726664436998515,0.5964714095159758
25640,Neutral,0.8263986550618914,0.13158286795077526,0.04201847698733334
25641,LOF,0.05859446554457407,0.42173764176919976,0.5196678926862262
25642,LOF,0.03910347582837924,0.1435733276048008,0.81732319656682
25643,LOF,0.21473086351284898,0.13526667183971078,0.6500024646474403
25644,LOF,0.019792356707726645,0.44787372414139076,0.5323339191508826
25645,LOF,0.020841324435630935,0.3997279856457458,0.5794306899186233
25646,LOF,0.05246587768515207,0.30115484218968847,0.6463792801251593
25647,LOF,0.023491688749442383,0.24200280181704614,0.7345055094335114
25648,LOF,0.030777841075084036,0.21968975646127425,0.7495324024636416
25649,LOF,0.014827946221623619,0.22723731174609832,0.7579347420322782
25650,LOF,0.053570586851258775,0.39332271101581967,0.5531067021329216
25651,LOF,0.016752810618694863,0.24724046798263521,0.7360067213986698
25652,LOF,0.028906106021491046,0.2507215052919156,0.7203723886865934
25653,LOF,0.08547351718530438,0.4005294699172703,0.5139970128974253
25654,LOF,0.022353457804454576,0.1770069330996104,0.8006396090959351
25655,LOF,0.23804381539109773,0.37410369874177224,0.38785248586713
25656,LOF,0.27446988057125044,0.050700581755764876,0.6748295376729846
25657,LOF,0.07545635119627157,0.05521673442147443,0.8693269143822538
25658,LOF,0.39768268109575416,0.054366640758662314,0.5479506781455836
25659,Neutral,0.5524162860906592,0.08014026426660223,0.3674434496427386
25660,LOF,0.02528281715869585,0.08235034239865373,0.8923668404426505
25661,LOF,0.08694947491841287,0.05878271622619693,0.8542678088553902
25662,LOF,0.031664108467837654,0.03246424659941578,0.9358716449327465
25663,LOF,0.03931227101212272,0.04427407097059282,0.9164136580172845
25664,LOF,0.1420010737584163,0.05841752935598907,0.7995813968855946
25665,LOF,0.05468098317262303,0.030283361002643363,0.9150356558247336
25666,LOF,0.0898227368183271,0.06838278066379806,0.8417944825178749
25667,LOF,0.0630503594475947,0.036347226613033946,0.9006024139393712
25668,LOF,0.03390242256841632,0.047779796830341476,0.9183177806012423
25669,LOF,0.03186626686643852,0.0546749885624798,0.9134587445710817
25670,LOF,0.1510381693648497,0.04994584016000315,0.7990159904751472
25671,LOF,0.0933314916752861,0.031764771398307225,0.8749037369264067
25672,LOF,0.05122847014126971,0.04076739895985484,0.9080041308988753
25673,LOF,0.08549355090498686,0.03682831914347536,0.8776781299515378
25674,LOF,0.07290057344940429,0.04508798893824378,0.8820114376123518
25675,LOF,0.12836100737896064,0.04553782562347315,0.8261011669975662
25676,LOF,0.01725329975778632,0.04853480390660016,0.9342118963356135
25677,LOF,0.0242803571374527,0.06649862162954821,0.9092210212329991
25678,LOF,0.1804340421847337,0.05739229027089253,0.7621736675443738
25679,LOF,0.12043911652946987,0.07577673660727698,0.8037841468632532
25680,LOF,0.029616536165586346,0.10762632979534274,0.862757134039071
25681,LOF,0.04525702305423001,0.1019324904624838,0.8528104864832861
25682,LOF,0.1295503791584494,0.06962227312893363,0.800827347712617
25683,LOF,0.12484234986205602,0.08306992565663139,0.7920877244813127
25684,LOF,0.042024203701740676,0.06808952725703249,0.8898862690412269
25685,LOF,0.13581768832756963,0.044585040240986265,0.8195972714314441
25686,LOF,0.07474201073821982,0.0921355191888099,0.8331224700729704
25687,LOF,0.11290247074805476,0.09318721553731633,0.7939103137146288
25688,LOF,0.30672284329176636,0.03399648696461641,0.6592806697436173
25689,LOF,0.2448553306791636,0.038256698347185376,0.716887970973651
25690,LOF,0.3691930921445062,0.028193124883021742,0.6026137829724719
25691,Neutral,0.6922524508283217,0.022131856550307475,0.2856156926213708
25692,LOF,0.3081355979844012,0.01104720756981561,0.6808171944457833
25693,LOF,0.05130021915945495,0.4633848767990458,0.4853149040414993
25694,LOF,0.12023240440450997,0.01737488260242292,0.8623927129930672
25695,LOF,0.11675286751230587,0.016026954811918154,0.867220177675776
25696,LOF,0.11541747582719317,0.008849682001224107,0.8757328421715828
25697,LOF,0.11540278366700799,0.03334394608056813,0.8512532702524238
25698,LOF,0.335398217917878,0.22199894971547257,0.4426028323666495
25699,LOF,0.4372290735293637,0.03540118967965945,0.527369736790977
25700,LOF,0.058608332337568875,0.007333549822100098,0.9340581178403311
25701,LOF,0.15382112350301164,0.04913791887732126,0.7970409576196671
25702,GOF,0.16532442345099602,0.5538937422948916,0.28078183425411235
25703,LOF,0.015602246635201326,0.17980606484158143,0.8045916885232172
25704,LOF,0.047694285350823165,0.1250478909774625,0.8272578236717143
25705,LOF,0.06119863421050665,0.1840344544002272,0.754766911389266
25706,LOF,0.10290645938901977,0.36323400065268735,0.5338595399582928
25707,LOF,0.08824773924994433,0.28238462548249726,0.6293676352675583
25708,LOF,0.03129919071810599,0.25159521606632307,0.7171055932155709
25709,LOF,0.05921166278486161,0.04048412958487983,0.9003042076302586
25710,LOF,0.011777214296110153,0.136679422571671,0.8515433631322188
25711,LOF,0.01972722009901747,0.09037899773318182,0.8898937821678007
25712,LOF,0.012938949215566096,0.18578124182341726,0.8012798089610167
25713,LOF,0.018885435255167594,0.080388775035567,0.9007257897092654
25714,LOF,0.07122707233994642,0.07812115305514743,0.8506517746049062
25715,LOF,0.010917460546314333,0.14234871708080563,0.84673382237288
25716,LOF,0.014010359493726867,0.11166255533700316,0.8743270851692699
25717,LOF,0.012840970140210338,0.07259008953497209,0.9145689403248175
25718,LOF,0.01338010914557939,0.09380518768217229,0.8928147031722483
25719,LOF,0.019473952822734657,0.07478077204285595,0.9057452751344093
25720,LOF,0.022358051571750505,0.06660935181342761,0.9110325966148219
25721,LOF,0.016411362939526122,0.10307038668646705,0.8805182503740069
25722,LOF,0.013726232047558608,0.11818912413071782,0.8680846438217236
25723,LOF,0.023211055740716708,0.04401819618239672,0.9327707480768866
25724,LOF,0.023227451287255844,0.07836375220565701,0.898408796507087
25725,LOF,0.012394696279013675,0.06586198905427647,0.92174331466671
25726,LOF,0.015366743057505194,0.0910705515254298,0.8935627054170651
25727,LOF,0.014082329634384536,0.0711289778940171,0.9147886924715984
25728,LOF,0.010166815724408388,0.11106941938450916,0.8787637648910825
25729,LOF,0.010648455854570847,0.10523150578127939,0.8841200383641499
25730,LOF,0.013613932438629968,0.0819950332132548,0.9043910343481152
25731,LOF,0.02148572729979632,0.1012094261723349,0.8773048465278688
25732,LOF,0.014859234902974349,0.07892449718099664,0.9062162679160289
25733,LOF,0.016131912255788767,0.07298378887502747,0.9108842988691838
25734,LOF,0.012136746644894291,0.12159836813808911,0.8662648852170166
25735,LOF,0.014608534951998037,0.08033639899496375,0.9050550660530383
25736,LOF,0.014726978126295911,0.10365250204770152,0.8816205198260025
25737,LOF,0.021555434738191423,0.07999694216852836,0.8984476230932803
25738,LOF,0.01422576647334077,0.10352604400541844,0.8822481895212407
25739,LOF,0.02071934769416131,0.0851101298165687,0.89417052248927
25740,LOF,0.026687597339197663,0.10149669461914348,0.8718157080416589
25741,LOF,0.015624748825635562,0.10857586510218024,0.8757993860721842
25742,LOF,0.11604845473550256,0.07987504402222463,0.8040765012422728
25743,LOF,0.03107117136124039,0.03689345216666923,0.9320353764720904
25744,Neutral,0.5971893675589174,0.21965965570941115,0.18315097673167147
25745,LOF,0.08530126969060169,0.08013291754523195,0.8345658127641663
25746,LOF,0.04044094628216106,0.09267016944381212,0.8668888842740268
25747,LOF,0.023303045173239934,0.045923611713481104,0.9307733431132791
25748,LOF,0.10566977341206493,0.06288877166820303,0.831441454919732
25749,LOF,0.026667442683236956,0.08326121570806141,0.8900713416087015
25750,LOF,0.09253392278474204,0.0935183283264502,0.8139477488888077
25751,LOF,0.09931003702900158,0.06533702206000971,0.8353529409109888
25752,GOF,0.09429064640536973,0.6810699839733829,0.22463936962124745
25753,LOF,0.018612242072873077,0.2791972790330362,0.7021904788940908
25754,GOF,0.010632763068054869,0.7746513021146926,0.21471593481725265
25755,LOF,0.02182818825562344,0.3979625833367831,0.5802092284075935
25756,LOF,0.04016635957142927,0.38023627638175833,0.5795973640468125
25757,GOF,0.012834376125611204,0.8537193827197391,0.1334462411546495
25758,GOF,0.02523098102509913,0.8388060255418102,0.13596299343309062
25759,GOF,0.010347930973888812,0.5686953571202957,0.4209567119058154
25760,LOF,0.011326177136470286,0.24079532256521208,0.7478785002983177
25761,GOF,0.2654067714386493,0.6484078092644593,0.08618541929689137
25762,LOF,0.03494331124664026,0.27412660232271613,0.6909300864306437
25763,LOF,0.01300909662047754,0.20886104773493439,0.778129855644588
25764,GOF,0.06730980783121071,0.6567336094130923,0.27595658275569707
25765,GOF,0.041975541670599276,0.769161125205032,0.18886333312436882
25766,GOF,0.061474835009809804,0.7948371584220102,0.14368800656817993
25767,GOF,0.151726874761143,0.45268772738372104,0.3955853978551359
25768,LOF,0.10295263597051516,0.06663172219539035,0.8304156418340944
25769,LOF,0.0675656894511789,0.07032281702967551,0.8621114935191455
25770,LOF,0.29708326190572426,0.08600569499880181,0.616911043095474
25771,LOF,0.04092130812567153,0.050989756225546704,0.9080889356487818
25772,LOF,0.016158016525263143,0.038711086901383564,0.9451308965733531
25773,LOF,0.04561143088136444,0.08728617989568493,0.8671023892229506
25774,LOF,0.02862517368122076,0.0879692774835644,0.8834055488352148
25775,LOF,0.04672955969444364,0.046629807487055995,0.9066406328185004
25776,LOF,0.06813295321509477,0.029432754126503615,0.9024342926584015
25777,LOF,0.3395016101489522,0.05448879559334053,0.6060095942577074
25778,LOF,0.0665614722152437,0.05453065713356744,0.8789078706511889
25779,GOF,0.34880762314024993,0.6052712685258799,0.04592110833387014
25780,GOF,0.2983400352573448,0.6221618642243281,0.07949810051832715
25781,GOF,0.12923065954246862,0.7565911311100072,0.11417820934752415
25782,GOF,0.2018861712279696,0.7269855808389752,0.07112824793305518
25783,GOF,0.02888463468013039,0.631656534770445,0.33945883054942444
25784,Neutral,0.4968100064792281,0.4631808641338395,0.04000912938693253
25785,GOF,0.4481903713513483,0.512935942213301,0.03887368643535069
25786,GOF,0.030308383523466986,0.7676030217820283,0.20208859469450466
25787,Neutral,0.6395302952636582,0.3367862394845701,0.02368346525177174
25788,LOF,0.04765775477911297,0.10137770223861584,0.8509645429822712
25789,GOF,0.1969464353210606,0.6712102198927755,0.13184334478616386
25790,GOF,0.2178225862043244,0.6601448260165882,0.1220325877790875
25791,GOF,0.1524915102304064,0.6845033485192603,0.1630051412503334
25792,GOF,0.32251063072424463,0.5527697591429251,0.12471961013283028
25793,GOF,0.2382736098657289,0.5593679343718035,0.20235845576246753
25794,GOF,0.2868140179087772,0.55243897542318,0.16074700666804298
25795,GOF,0.08151890907454565,0.6821466838074989,0.23633440711795553
25796,Neutral,0.5270310498055567,0.38245405046259084,0.09051489973185244
25797,GOF,0.08586539495024918,0.5706255123225903,0.3435090927271605
25798,GOF,0.009711787135057413,0.5202162269832779,0.47007198588166477
25799,LOF,0.007355043374927416,0.40827662122639696,0.5843683353986756
25800,GOF,0.03233158657192,0.6110801852394668,0.35658822818861313
25801,GOF,0.18880499654519814,0.6696859709945054,0.14150903246029645
25802,GOF,0.07431074060612196,0.7021535231408312,0.2235357362530467
25803,GOF,0.03502536448891903,0.5981737413298056,0.3668008941812753
25804,GOF,0.03311321509376992,0.49679046178090236,0.4700963231253278
25805,GOF,0.09619365079903869,0.6048207063426876,0.29898564285827367
25806,GOF,0.09309847830573045,0.5931277682173728,0.31377375347689684
25807,GOF,0.020419458086258946,0.6217210448517199,0.35785949706202125
25808,GOF,0.07865640603495834,0.645044588795311,0.27629900516973066
25809,GOF,0.01817128048801418,0.6018801958502151,0.3799485236617706
25810,GOF,0.016695097102655786,0.6329374028670843,0.35036750003025996
25811,GOF,0.42215208281893335,0.4893670333135786,0.08848088386748802
25812,GOF,0.03021684075665258,0.6589213086905088,0.31086185055283855
25813,Neutral,0.49363937894616283,0.4100131326275796,0.09634748842625768
25814,GOF,0.11036037424158948,0.6535599310566732,0.23607969470173729
25815,GOF,0.1714423121221617,0.6459680283104078,0.18258965956743048
25816,GOF,0.02196055044282058,0.6930255966517572,0.28501385290542214
25817,GOF,0.22296559026942278,0.6429008325607656,0.13413357716981167
25818,GOF,0.052561561135107786,0.66588919188869,0.28154924697620204
25819,GOF,0.3565870161493756,0.5103618137318856,0.13305117011873885
25820,GOF,0.18566629128365103,0.617742339358597,0.19659136935775187
25821,GOF,0.06098964909996881,0.6869465384719013,0.2520638124281297
25822,GOF,0.22041685122965432,0.5693619733191283,0.21022117545121735
25823,GOF,0.03481886372382962,0.5388590694400686,0.42632206683610185
25824,GOF,0.0892763585157334,0.6290528348312469,0.2816708066530198
25825,GOF,0.03562425858893169,0.6245990065490616,0.33977673486200666
25826,GOF,0.01584355471894322,0.5964545224034665,0.38770192287759014
25827,GOF,0.021877507713119845,0.6136276735004215,0.3644948187864586
25828,GOF,0.01264095629202636,0.5458550525237431,0.4415039911842305
25829,GOF,0.005500446096404654,0.5773071534518951,0.41719240045170014
25830,LOF,0.03321479893173338,0.2882708651987082,0.6785143358695583
25831,GOF,0.20442048720635367,0.6665548593621206,0.1290246534315257
25832,GOF,0.03256102151286077,0.7295242292295313,0.23791474925760792
25833,GOF,0.11632973283427048,0.7377093975056764,0.14596086966005303
25834,GOF,0.03402349876847055,0.7450617024905084,0.22091479874102116
25835,GOF,0.07012764415217705,0.784714720132571,0.14515763571525198
25836,GOF,0.034857555908465676,0.7133774218766525,0.25176502221488173
25837,GOF,0.027311087961993923,0.6275434565582217,0.3451454554797844
25838,GOF,0.09193897795183031,0.7719921995935568,0.13606882245461294
25839,GOF,0.26083558928774214,0.6006745920466686,0.1384898186655892
25840,GOF,0.21849994843579568,0.6255048664212963,0.155995185142908
25841,GOF,0.21184927089909894,0.6479129525248738,0.1402377765760272
25842,GOF,0.13452991188096972,0.7398527444005532,0.12561734371847708
25843,GOF,0.1931715980013984,0.7181078859543535,0.08872051604424802
25844,GOF,0.06223326002168894,0.7354279273162148,0.2023388126620963
25845,GOF,0.016334940030078605,0.5061121866954008,0.47755287327452073
25846,GOF,0.12574452082971502,0.7247941748659896,0.14946130430429544
25847,GOF,0.0966366308107719,0.7984400625298566,0.1049233066593715
25848,GOF,0.03729987936227182,0.7087134758974454,0.2539866447402829
25849,GOF,0.010827886625140188,0.6046960821484012,0.3844760312264585
25850,GOF,0.021167977600489486,0.6429088746624835,0.335923147737027
25851,GOF,0.016318487824728424,0.5259634997868285,0.45771801238844306
25852,GOF,0.15117087458960612,0.556322727074137,0.29250639833625697
25853,GOF,0.3243971062607909,0.5960025295887509,0.07960036415045829
25854,GOF,0.021765301948449,0.6376976533369033,0.3405370447146477
25855,GOF,0.03558845152002192,0.5926270005913619,0.3717845478886162
25856,GOF,0.21515634218807675,0.5594151212936511,0.22542853651827227
25857,GOF,0.036586829915265115,0.533883645557827,0.42952952452690796
25858,GOF,0.021131186176106063,0.5602595163959844,0.4186092974279096
25859,GOF,0.010605630256769985,0.5361778172186468,0.45321655252458315
25860,GOF,0.3277502814103003,0.587738251921134,0.08451146666856554
25861,GOF,0.41081908738030587,0.5150754445151731,0.07410546810452097
25862,GOF,0.08597756864529069,0.7813250756185949,0.1326973557361143
25863,GOF,0.0792826985435242,0.7892080877577203,0.13150921369875537
25864,GOF,0.18323608816619788,0.7441732653595384,0.07259064647426364
25865,GOF,0.08883490684887257,0.796302220904295,0.11486287224683234
25866,GOF,0.057349365310186945,0.7927425477277292,0.14990808696208402
25867,GOF,0.08687706511984442,0.8087438910988901,0.1043790437812655
25868,GOF,0.25429039135196596,0.6373926059290341,0.10831700271899987
25869,Neutral,0.697954615251428,0.2568428646875252,0.045202520061046664
25870,GOF,0.24951258857831657,0.40654899377562836,0.343938417646055
25871,GOF,0.2136307691423992,0.6671340935485782,0.11923513730902266
25872,GOF,0.08253469325125892,0.6570147813896813,0.2604505253590598
25873,GOF,0.11109291061326097,0.6978376250508941,0.1910694643358451
25874,LOF,0.0146835281414261,0.10411057448615076,0.881205897372423
25875,LOF,0.09273249063395708,0.04379050053854536,0.8634770088274977
25876,LOF,0.036733009101588145,0.03274265727786067,0.9305243336205512
25877,Neutral,0.4785749302092424,0.047409718234363,0.4740153515563947
25878,LOF,0.2243825879867331,0.0926900524405613,0.6829273595727056
25879,LOF,0.08981102368957021,0.08621092042238476,0.8239780558880451
25880,LOF,0.0399738613814672,0.01628612043578653,0.9437400181827463
25881,LOF,0.17909488506762142,0.12473131619561718,0.6961737987367613
25882,LOF,0.059830950730278484,0.01821561628323233,0.9219534329864892
25883,LOF,0.06732177044521562,0.019992393840579784,0.9126858357142046
25884,LOF,0.03148122068947129,0.02831565858578372,0.9402031207247451
25885,LOF,0.05815985781905317,0.01234264310232617,0.9294974990786207
25886,LOF,0.2548169892518092,0.03748740310702679,0.707695607641164
25887,LOF,0.149899980556473,0.06978242599369695,0.78031759344983
25888,LOF,0.06741822001450834,0.06002283787805006,0.8725589421074417
25889,LOF,0.039733230205893415,0.019529385578366466,0.9407373842157403
25890,LOF,0.04625663275824891,0.1630253853616798,0.7907179818800713
25891,LOF,0.0354635052551495,0.049255004713869885,0.9152814900309806
25892,LOF,0.08452719099889909,0.02119870691309122,0.8942741020880096
25893,LOF,0.25327602031272406,0.018461615391018885,0.728262364296257
25894,LOF,0.18393833895790132,0.011147089858834737,0.804914571183264
25895,LOF,0.2084955493326451,0.021512436157961563,0.7699920145093934
25896,LOF,0.0534126486098743,0.02011721056750448,0.9264701408226212
25897,LOF,0.28243861631912126,0.0119758993135563,0.7055854843673224
25898,Neutral,0.7043421038077889,0.010305394907648294,0.2853525012845628
25899,LOF,0.22631475281920452,0.018212208367515994,0.7554730388132794
25900,LOF,0.48040825322493136,0.011543259038194238,0.5080484877368744
25901,LOF,0.05605269929845208,0.011722966036030139,0.9322243346655178
25902,LOF,0.13418204822888494,0.014365456721526953,0.8514524950495882
25903,Neutral,0.5820911223231594,0.028879909610356917,0.3890289680664838
25904,LOF,0.32417153521114644,0.03478511211728287,0.6410433526715706
25905,LOF,0.02783624299216081,0.32553450463608535,0.646629252371754
25906,LOF,0.03293766403363561,0.07414695046620956,0.8929153855001548
25907,LOF,0.014903965783825525,0.3291622177555145,0.6559338164606601
25908,LOF,0.011849373237537961,0.2411116131759346,0.7470390135865274
25909,LOF,0.013279191121151944,0.12542886388444677,0.8612919449944013
25910,LOF,0.046998346820050024,0.13331664726996797,0.819685005909982
25911,LOF,0.18166173419461676,0.030978649708940986,0.7873596160964422
25912,LOF,0.045865429202229024,0.05636191921096126,0.8977726515868096
25913,LOF,0.3463469588581862,0.02593647327201315,0.6277165678698006
25914,LOF,0.01774272005522945,0.06135031080080621,0.9209069691439643
25915,Neutral,0.5596037706386893,0.16079820455570018,0.2795980248056105
25916,LOF,0.08007978189990064,0.19930108908068628,0.7206191290194129
25917,LOF,0.06018857047533422,0.044987732836204795,0.894823696688461
25918,LOF,0.01921527959088796,0.035676126493274764,0.9451085939158373
25919,LOF,0.016918349482101476,0.03735208212216643,0.945729568395732
25920,GOF,0.11546500109957251,0.5306333050025623,0.35390169389786513
25921,LOF,0.02105930170237143,0.04296790320541203,0.9359727950922166
25922,LOF,0.02978413735322846,0.032284947257846905,0.9379309153889247
25923,LOF,0.4537244123768723,0.03969489233270332,0.5065806952904244
25924,LOF,0.03159561355868476,0.051634033881571825,0.9167703525597434
25925,LOF,0.06757039085548325,0.045102332711889376,0.8873272764326274
25926,LOF,0.04839074569783173,0.04082386781245252,0.9107853864897156
25927,LOF,0.05289907756787633,0.13585640176162514,0.8112445206704986
25928,LOF,0.015962081259430737,0.05677891392764273,0.9272590048129266
25929,Neutral,0.5562740622970036,0.043002140532957145,0.4007237971700393
25930,LOF,0.06730924061366401,0.0366183095963359,0.89607244979
25931,LOF,0.02224042258998157,0.03518294337140393,0.9425766340386145
25932,LOF,0.025511992278640865,0.03158035093231754,0.9429076567890415
25933,LOF,0.03604647122020716,0.02259014075238812,0.9413633880274047
25934,LOF,0.022349420458627353,0.023799283737131742,0.953851295804241
25935,LOF,0.0591996646593831,0.055229913333590175,0.8855704220070266
25936,LOF,0.04069244070908939,0.027441610547545497,0.9318659487433651
25937,LOF,0.023384368302955403,0.04356832277317187,0.9330473089238728
25938,LOF,0.05917852407057467,0.058238222393483606,0.8825832535359418
25939,LOF,0.03688095203670707,0.024018330374307506,0.9391007175889854
25940,LOF,0.029829214104746454,0.34499358075474673,0.6251772051405069
25941,LOF,0.17433069032480686,0.10246767662918277,0.7232016330460103
25942,LOF,0.013313483029830011,0.03400638584220691,0.952680131127963
25943,LOF,0.2915809385995178,0.053071576026946024,0.6553474853735362
25944,LOF,0.4886201021964409,0.021668502217086258,0.4897113955864729
25945,LOF,0.07496809170442961,0.02152921538322083,0.9035026929123495
25946,LOF,0.030375907693864092,0.11340868269548005,0.8562154096106559
25947,LOF,0.10563772348333877,0.19260413505821367,0.7017581414584475
25948,LOF,0.377442918371322,0.008229749912615941,0.6143273317160621
25949,LOF,0.13549289777436835,0.03505810939957553,0.8294489928260561
25950,GOF,0.29126907280191155,0.37888097331862425,0.3298499538794641
25951,LOF,0.2134144953974935,0.27413366877288764,0.5124518358296188
25952,LOF,0.042645443605447274,0.4438080943773848,0.513546462017168
25953,LOF,0.1631041571749092,0.11323275773863592,0.7236630850864549
25954,Neutral,0.4400383795436458,0.17438543839692763,0.38557618205942645
25955,LOF,0.04812070123910265,0.07854044572224064,0.8733388530386568
25956,LOF,0.16989632414565364,0.1082667794019209,0.7218368964524254
25957,LOF,0.03812486534518128,0.029981321586124692,0.931893813068694
25958,LOF,0.056244688642993305,0.029030831117747652,0.914724480239259
25959,LOF,0.06960647433774465,0.3333062122593655,0.5970873134028899
25960,LOF,0.01568980266576653,0.053379416754049246,0.9309307805801842
25961,LOF,0.041996371512474796,0.02783604991883353,0.9301675785686916
25962,LOF,0.05365677175050659,0.02280361798609695,0.9235396102633965
25963,LOF,0.05088761975677633,0.17637029691170306,0.7727420833315206
25964,LOF,0.03419123441182366,0.13872087137401384,0.8270878942141625
25965,LOF,0.4278075608232944,0.06315999917468217,0.5090324400020235
25966,Neutral,0.5150765126210075,0.16509067933323343,0.3198328080457591
25967,LOF,0.0159772078546193,0.10597681890173007,0.8780459732436505
25968,LOF,0.03821703049317817,0.3949970222521602,0.5667859472546617
25969,LOF,0.04242065738341392,0.06216389057627837,0.8954154520403077
25970,LOF,0.05945494345324169,0.05933721214819411,0.8812078443985643
25971,LOF,0.06855514318060946,0.021180549228199397,0.9102643075911913
25972,LOF,0.07025816666129463,0.0318759661689775,0.8978658671697279
25973,LOF,0.07194244708546041,0.010215137300582626,0.9178424156139571
25974,LOF,0.20552064952760052,0.015263223931350493,0.779216126541049
25975,LOF,0.0466785306420467,0.025821912492835265,0.927499556865118
25976,LOF,0.042581109135287384,0.01629973483412458,0.9411191560305882
25977,LOF,0.14563003992418286,0.09673878024157485,0.7576311798342422
25978,LOF,0.15592987520557777,0.07871757916799682,0.7653525456264254
25979,LOF,0.13854151450032937,0.07970555470960607,0.7817529307900647
25980,LOF,0.23772278893458132,0.09247588117504783,0.6698013298903709
25981,LOF,0.27371857034214614,0.0914535841551053,0.6348278455027486
25982,LOF,0.4199930164428483,0.062632621056178,0.5173743625009737
25983,LOF,0.39529557461614057,0.07442472267328587,0.5302797027105737
25984,LOF,0.0510293808964299,0.04889744707085333,0.9000731720327168
25985,LOF,0.039997340037401574,0.2876918145656385,0.67231084539696
25986,LOF,0.04354888242703375,0.3303202182158684,0.6261308993570978
25987,LOF,0.08290589502035352,0.06810557327622237,0.848988531703424
25988,LOF,0.15515820714765896,0.061248337269879605,0.7835934555824614
25989,LOF,0.037321528467169386,0.12253542314464282,0.8401430483881878
25990,LOF,0.04292302574978324,0.1669866411134231,0.7900903331367937
25991,LOF,0.13707534888084352,0.21345368596524117,0.6494709651539153
25992,LOF,0.30216630777104636,0.13014105087033112,0.5676926413586226
25993,LOF,0.022517635680281874,0.06884928936263886,0.9086330749570792
25994,LOF,0.01762654838764389,0.08101997497284737,0.9013534766395088
25995,LOF,0.02413955661337228,0.18345707789968263,0.7924033654869451
25996,GOF,0.3403298263189985,0.36349882860275357,0.2961713450782479
25997,LOF,0.0890317819970385,0.33210016637028533,0.5788680516326762
25998,Neutral,0.5192616847508762,0.02705827723777794,0.45368003801134593
25999,LOF,0.11335399550687131,0.08063262897200438,0.8060133755211243
26000,LOF,0.1479912159415442,0.05014570274682053,0.8018630813116353
26001,LOF,0.19722236344956037,0.05170503539807593,0.7510726011523637
26002,LOF,0.11712128587671528,0.048905222572852645,0.8339734915504321
26003,GOF,0.010582102518682409,0.5686814754924837,0.42073642198883376
26004,GOF,0.020810230805022648,0.6497600598119055,0.32942970938307176
26005,LOF,0.0065517797141600755,0.43805676977499375,0.5553914505108462
26006,Neutral,0.5036632679166423,0.2716150471543614,0.22472168492899613
26007,GOF,0.018248096755563447,0.5261371511200397,0.4556147521243969
26008,GOF,0.01694023511614598,0.5901272862843834,0.3929324785994706
26009,GOF,0.019228855059466254,0.6621015453846352,0.31866959955589863
26010,GOF,0.02091036604620816,0.6067769351791995,0.3723126987745924
26011,LOF,0.006217383372013263,0.40335214124660584,0.5904304753813808
26012,GOF,0.011279233851818213,0.5127794874502302,0.47594127869795166
26013,GOF,0.01802999636733967,0.5932465411979654,0.388723462434695
26014,LOF,0.04133469377361052,0.10377210470509796,0.8548932015212914
26015,LOF,0.16122067244876317,0.015115344710657768,0.8236639828405791
26016,LOF,0.21392715084709021,0.06043383276763059,0.7256390163852792
26017,LOF,0.24211570194240992,0.09538309983548272,0.6625011982221073
26018,LOF,0.08386624679835235,0.03423278909882536,0.8819009641028223
26019,LOF,0.08010240005981882,0.027914577945984953,0.8919830219941962
26020,LOF,0.08291302940187938,0.1099597898884115,0.807127180709709
26021,LOF,0.049792338881551663,0.11217200627360627,0.8380356548448421
26022,LOF,0.011462560612264375,0.03730302885904705,0.9512344105286886
26023,LOF,0.06814213239963605,0.022024619980551628,0.9098332476198123
26024,LOF,0.030972529594348853,0.11323581879961139,0.8557916516060399
26025,LOF,0.14854219117073852,0.10207857860939257,0.7493792302198689
26026,LOF,0.3183444480941796,0.032590391304495654,0.6490651606013248
26027,LOF,0.06469539043848371,0.01706482121899881,0.9182397883425175
26028,LOF,0.17260977413494322,0.06113231342575076,0.766257912439306
26029,LOF,0.06999335864146021,0.17112470947200445,0.7588819318865353
26030,LOF,0.02071133451747573,0.053959692023639004,0.9253289734588853
26031,LOF,0.026425823629215604,0.12961544740199554,0.8439587289687888
26032,LOF,0.064522660191033,0.0850671006689671,0.8504102391399999
26033,LOF,0.07875961157229573,0.08313228831297893,0.8381081001147253
26034,LOF,0.041402690000538284,0.1503885573715611,0.8082087526279006
26035,LOF,0.026081815137211233,0.13622092549225728,0.8376972593705314
26036,LOF,0.03875342831522771,0.15857530423924845,0.8026712674455239
26037,LOF,0.022141080274053964,0.11204654524826387,0.8658123744776822
26038,LOF,0.06080174084652364,0.08666670301451002,0.8525315561389664
26039,LOF,0.050988034111357744,0.13924286607860634,0.8097690998100359
26040,LOF,0.21091119822029575,0.12996691050073458,0.6591218912789697
26041,LOF,0.022210333878661077,0.10311119533689832,0.8746784707844405
26042,LOF,0.020213380471004058,0.098992131985919,0.880794487543077
26043,LOF,0.06103566897902389,0.10123494682400856,0.8377293841969676
26044,LOF,0.01893405012393084,0.06575470989342912,0.9153112399826401
26045,LOF,0.0726973058509905,0.09099176346428496,0.8363109306847245
26046,LOF,0.05607181574327438,0.08373623315277379,0.8601919511039517
26047,LOF,0.07183598669855787,0.08693209842567387,0.8412319148757682
26048,LOF,0.04617735915839572,0.04139070837945127,0.9124319324621529
26049,Neutral,0.9671919106680343,0.006969079110678439,0.025839010221287238
26050,Neutral,0.9529959439930148,0.00871886943142008,0.038285186575565115
26051,LOF,0.04660406538741838,0.2822657607846475,0.6711301738279342
26052,LOF,0.06309454781401642,0.32336195143960644,0.6135435007463771
26053,LOF,0.054252249727765225,0.12913488919155441,0.8166128610806804
26054,LOF,0.0551755614389633,0.01696698586903392,0.9278574526920028
26055,LOF,0.07374086226048195,0.014594051478728123,0.91166508626079
26056,LOF,0.06212069643361384,0.016521774438463185,0.921357529127923
26057,LOF,0.03055232778199301,0.011392163770811882,0.958055508447195
26058,LOF,0.03164629965308053,0.009511204576279424,0.9588424957706401
26059,LOF,0.29741800416004716,0.020015266722994113,0.6825667291169587
26060,LOF,0.04028496814705785,0.1577955900246561,0.801919441828286
26061,LOF,0.017670065528761585,0.011348108048569396,0.9709818264226691
26062,LOF,0.010841089065050536,0.017146818724532432,0.972012092210417
26063,LOF,0.02018587211879815,0.01139622567718441,0.9684179022040176
26064,LOF,0.020002321409887527,0.0222817157331581,0.9577159628569545
26065,LOF,0.02594600621562897,0.011860244482130635,0.9621937493022404
26066,LOF,0.020415400999591746,0.011480413435087159,0.968104185565321
26067,LOF,0.02718170747834125,0.009207066774227954,0.9636112257474307
26068,LOF,0.04761638321004361,0.025903563677335407,0.9264800531126209
26069,LOF,0.2753862062718451,0.018690730372955388,0.7059230633551995
26070,LOF,0.43705387193126977,0.0166235601037647,0.5463225679649655
26071,LOF,0.020432299716135964,0.011983369953772853,0.9675843303300912
26072,LOF,0.01975754114028345,0.018470091195057922,0.9617723676646587
26073,LOF,0.0203775226267294,0.01114104189284582,0.9684814354804249
26074,Neutral,0.918933508666402,0.005375415675351684,0.07569107565824643
26075,LOF,0.04819902952564355,0.014165865589308322,0.9376351048850482
26076,LOF,0.040660906573345375,0.009234428246196729,0.950104665180458
26077,LOF,0.009502100739336454,0.014725465389177612,0.9757724338714859
26078,LOF,0.014129218419549306,0.010659221834029392,0.9752115597464214
26079,LOF,0.0658806734181602,0.017024566509800325,0.9170947600720395
26080,LOF,0.06452985485587055,0.017048268620460452,0.918421876523669
26081,LOF,0.03790335293256045,0.006960468123434356,0.9551361789440052
26082,LOF,0.013687163178534816,0.0137368163356155,0.9725760204858497
26083,LOF,0.17672605820642448,0.014441077664078109,0.8088328641294975
26084,LOF,0.03961630032141776,0.011287251709118743,0.9490964479694636
26085,LOF,0.03659029829910644,0.010899360600971335,0.9525103410999223
26086,LOF,0.021372186805545274,0.011157949278775555,0.9674698639156791
26087,LOF,0.02433688213336415,0.008353497046533865,0.9673096208201019
26088,LOF,0.015204126600155597,0.02240891882288067,0.9623869545769638
26089,LOF,0.04501695762499544,0.020352151284654424,0.9346308910903502
26090,LOF,0.04463883177974034,0.016571679405098686,0.9387894888151611
26091,LOF,0.03212365289082409,0.006372753561802696,0.9615035935473732
26092,LOF,0.02238551007360247,0.007885430197053903,0.9697290597293436
26093,LOF,0.034346985048498306,0.00609890797436756,0.9595541069771342
26094,LOF,0.03680850669584453,0.006353304177626359,0.9568381891265292
26095,LOF,0.040884394323578606,0.013377888996116263,0.9457377166803052
26096,LOF,0.01789412162128863,0.010582407969353886,0.9715234704093574
26097,LOF,0.011778984393323576,0.03162824318135661,0.9565927724253197
26098,LOF,0.0862618416624062,0.010880397964121317,0.9028577603734725
26099,LOF,0.021376786583383,0.01227726975270238,0.9663459436639147
26100,LOF,0.02340583902259558,0.011980765003357841,0.9646133959740467
26101,LOF,0.04645217678476936,0.01473007149589993,0.9388177517193307
26102,LOF,0.020833468184887953,0.013062645762120148,0.9661038860529918
26103,Neutral,0.8780445740524436,0.01788352362377252,0.1040719023237838
26104,LOF,0.08380129238743621,0.022503422847484578,0.8936952847650793
26105,LOF,0.20133852795881216,0.257010300196615,0.5416511718445729
26106,LOF,0.18006508082588557,0.11167002785015312,0.7082648913239613
26107,LOF,0.23933501103270693,0.06836471159752429,0.6923002773697688
26108,LOF,0.26007073122641294,0.08222320128483522,0.6577060674887518
26109,LOF,0.09320259649013896,0.053951671481859004,0.8528457320280021
26110,LOF,0.22740439866057396,0.007700308262293507,0.7648952930771326
26111,Neutral,0.5035167945175302,0.031043348002438124,0.4654398574800317
26112,LOF,0.031715387125849204,0.007642071675853513,0.9606425411982972
26113,LOF,0.060519139875235835,0.018978097219792277,0.9205027629049718
26114,LOF,0.023766766389997664,0.030881562527590382,0.945351671082412
26115,LOF,0.08354830264773466,0.060134851480940534,0.8563168458713248
26116,LOF,0.0646787792515457,0.06062079586950655,0.8747004248789478
26117,LOF,0.46171701253173997,0.040680560684188224,0.49760242678407185
26118,LOF,0.033702455596263364,0.02320357468964125,0.9430939697140954
26119,LOF,0.02376218342454627,0.03160656164531946,0.9446312549301342
26120,LOF,0.026700255548989436,0.020524425553498364,0.9527753188975122
26121,LOF,0.04650706561320434,0.08317973791553541,0.8703131964712603
26122,LOF,0.048198799871612574,0.03720624288360791,0.9145949572447796
