feature0,prediction,LoGoFunc_Neutral,LoGoFunc_GOF,LoGoFunc_LOF
25546,Neutral,0.62891733757439,0.0603589894176297,0.3107236730079803
25547,Neutral,0.4775447583333225,0.102968801950457,0.4194864397162204
25548,Neutral,0.4790903566651059,0.08740212587910301,0.4335075174557911
25549,LOF,0.4163317785228076,0.09262418134319565,0.4910440401339967
25550,LOF,0.33250395101098346,0.12544979271022208,0.5420462562787945
25551,LOF,0.2841648337715098,0.1461241536385976,0.5697110125898927
25552,LOF,0.2567524097227222,0.14602133130127606,0.5972262589760018
25553,Neutral,0.7859527347827086,0.05247022139419003,0.1615770438231013
25554,LOF,0.29444010049939434,0.13523268439480043,0.5703272151058052
25555,LOF,0.25916709998425225,0.1200480955603569,0.6207848044553907
25556,LOF,0.43224535729277075,0.10553903927716336,0.4622156034300658
25557,LOF,0.2491242850733678,0.1303924781224782,0.620483236804154
25558,LOF,0.31047923388444787,0.125320955730387,0.5641998103851651
25559,LOF,0.24376812600790862,0.1551049922373652,0.6011268817547262
25560,LOF,0.1366569170837841,0.1199977789806573,0.7433453039355585
25561,LOF,0.12333255533421145,0.14792162828850336,0.7287458163772853
25562,LOF,0.052497647457822455,0.08841243096249508,0.8590899215796824
25563,LOF,0.015367557849299662,0.14269743593416723,0.8419350062165332
25564,LOF,0.13938731745060223,0.11522455640486366,0.7453881261445341
25565,LOF,0.21412965699342038,0.13034070784452098,0.6555296351620586
25566,GOF,0.07222962475979078,0.6630918878817191,0.26467848735849003
25567,LOF,0.037718064362591106,0.1945008713006324,0.7677810643367764
25568,LOF,0.05720921546473622,0.10686353417167987,0.835927250363584
25569,LOF,0.058913397602828994,0.09717196487544906,0.8439146375217219
25570,LOF,0.027171472756849425,0.1312104241883695,0.8416181030547811
25571,LOF,0.02688362170502376,0.14027436079713396,0.8328420174978424
25572,LOF,0.061723316643441134,0.155321733438996,0.782954949917563
25573,LOF,0.057283199458077534,0.1243828428964405,0.818333957645482
25574,LOF,0.05510316531604462,0.2492153686562882,0.6956814660276671
25575,LOF,0.023986621697481218,0.1505354401222059,0.8254779381803128
25576,LOF,0.02666104489285296,0.19806695816838396,0.775271996938763
25577,LOF,0.02952309254543066,0.14758620474046558,0.8228907027141038
25578,LOF,0.2765174252729384,0.12972898777170538,0.5937535869553563
25579,LOF,0.1749651418012915,0.12520974452031183,0.6998251136783967
25580,LOF,0.01992579200362628,0.10382304139691952,0.8762511665994542
25581,LOF,0.049769551571757865,0.10228753226245584,0.8479429161657864
25582,LOF,0.04957148436257269,0.09944746133719623,0.850981054300231
25583,LOF,0.023252655743860626,0.11443571292673513,0.8623116313294042
25584,Neutral,0.6818468954066885,0.15197253966033963,0.1661805649329719
25585,LOF,0.021840734033519844,0.17092402468872997,0.8072352412777501
25586,LOF,0.017188100031713383,0.09753729176187034,0.8852746082064162
25587,LOF,0.017192915723834315,0.09024897390407116,0.8925581103720946
25588,LOF,0.02079552701353841,0.09905084352340326,0.8801536294630583
25589,Neutral,0.48323645421136313,0.30263588010574793,0.21412766568288907
25590,LOF,0.04504869610843316,0.1542905402114118,0.800660763680155
25591,LOF,0.0817127296179358,0.08743827170871074,0.8308489986733535
25592,LOF,0.0559958365198852,0.20090324394844397,0.7431009195316708
25593,LOF,0.11014146217117905,0.3355833476991906,0.5542751901296303
25594,LOF,0.04891474548893334,0.09871384666495499,0.8523714078461117
25595,LOF,0.04715590738402505,0.06377197804267459,0.8890721145733003
25596,LOF,0.10734523246686418,0.030331529707407726,0.8623232378257281
25597,LOF,0.08389125766006603,0.037246837393749094,0.8788619049461849
25598,LOF,0.050285387381694455,0.06915680054102999,0.8805578120772755
25599,LOF,0.024296591556409675,0.4217678255514724,0.553935582892118
25600,GOF,0.20223850393949522,0.41614094223207265,0.38162055382843224
25601,LOF,0.04580279930534099,0.3304520280892016,0.6237451726054574
25602,LOF,0.03622740895566897,0.06731531936944615,0.8964572716748849
25603,LOF,0.04117817825900376,0.04234386820671229,0.9164779535342839
25604,LOF,0.04268868119893015,0.08242245144636892,0.8748888673547008
25605,LOF,0.032177435660714855,0.16384971592761732,0.8039728484116679
25606,LOF,0.4262636428066474,0.1349812274745472,0.43875512971880554
25607,LOF,0.03166477328236624,0.17274466687671455,0.7955905598409193
25608,LOF,0.03762910853183657,0.10230244435676779,0.8600684471113957
25609,GOF,0.14489584751506382,0.523067845343296,0.33203630714164023
25610,LOF,0.015453040702374356,0.04631657075962156,0.9382303885380041
25611,LOF,0.013212136641460563,0.04980793869021526,0.9369799246683242
25612,LOF,0.04694688068111695,0.06310008902252376,0.8899530302963592
25613,LOF,0.04174321151056017,0.06452517943600448,0.8937316090534354
25614,LOF,0.0218379040959906,0.04278548449289096,0.9353766114111184
25615,LOF,0.048102079259944176,0.06218662423811773,0.889711296501938
25616,LOF,0.045652745034313456,0.04658097126397181,0.9077662837017146
25617,LOF,0.03808137546391622,0.05534776925548578,0.906570855280598
25618,LOF,0.04215246050989473,0.0683445254777518,0.8895030140123535
25619,LOF,0.012961752046183233,0.05656326689532652,0.9304749810584902
25620,LOF,0.052433823901321626,0.06445934801770949,0.8831068280809689
25621,LOF,0.061740415223980175,0.059602236937353247,0.8786573478386666
25622,LOF,0.06923715982073972,0.06630815377462204,0.8644546864046383
25623,LOF,0.06847312882906492,0.0457278768030233,0.8857989943679118
25624,LOF,0.017768992396419495,0.05903403730207874,0.9231969703015017
25625,LOF,0.06040004931570843,0.06282637696372538,0.8767735737205662
25626,LOF,0.05054140951364178,0.058467641250293814,0.8909909492360644
25627,Neutral,0.8909453527314698,0.0225053405956883,0.08654930667284183
25628,LOF,0.146450316436132,0.06294932683253172,0.7906003567313363
25629,LOF,0.06405568189363851,0.04892452221442103,0.8870197958919405
25630,LOF,0.29844021892319367,0.06820940443974852,0.6333503766370578
25631,Neutral,0.5593918454289658,0.06632739033988036,0.3742807642311538
25632,LOF,0.0278261926063649,0.06330000651448231,0.9088738008791528
25633,LOF,0.2057906818163215,0.041767330756745075,0.7524419874269334
25634,LOF,0.035118600322749445,0.08719529581250254,0.8776861038647481
25635,LOF,0.034161958195253,0.0426716400985618,0.9231664017061851
25636,LOF,0.03357874994733086,0.47938283588276737,0.4870384141699018
25637,GOF,0.05802698271544604,0.5386346468241962,0.4033383704603578
25638,LOF,0.027725845160853493,0.4278010909571379,0.5444730638820086
25639,LOF,0.027676942378500064,0.4688893927904041,0.5034336648310958
25640,Neutral,0.8508491562122938,0.09978526890848036,0.049365574879225806
25641,LOF,0.09032161332814155,0.4138459428007698,0.49583244387108855
25642,LOF,0.06838313225712912,0.15345371323912416,0.7781631545037467
25643,LOF,0.23194522903830653,0.13107088369694364,0.6369838872647497
25644,GOF,0.013931543324828195,0.5236978456939791,0.46237061098119264
25645,LOF,0.016905797957065663,0.45999490220885064,0.5230992998340837
25646,LOF,0.04285124249109898,0.3319387777231146,0.6252099797857864
25647,LOF,0.01741189127997357,0.2537706792282755,0.728817429491751
25648,LOF,0.018693117149736125,0.2868717590680718,0.6944351237821921
25649,LOF,0.01113303959318794,0.22542957505703612,0.7634373853497758
25650,LOF,0.033246925554690436,0.4353888228380314,0.5313642516072782
25651,LOF,0.01227742039308076,0.27161620312581075,0.7161063764811085
25652,LOF,0.021152858504851317,0.27223217533393246,0.7066149661612162
25653,LOF,0.06095361181952491,0.46896356538545675,0.47008282279501823
25654,LOF,0.013972465825980069,0.19629699070958814,0.7897305434644317
25655,GOF,0.17194527866901674,0.46705849807077277,0.3609962232602104
25656,LOF,0.3477279822940207,0.1080024219437555,0.5442695957622238
25657,LOF,0.058237350700752706,0.09678056000530474,0.8449820892939425
25658,LOF,0.33947607668698315,0.09460088877576216,0.5659230345372547
25659,Neutral,0.46894315313896706,0.11001098449274839,0.4210458623682845
25660,LOF,0.023379285385841577,0.10533185137229313,0.8712888632418654
25661,LOF,0.0888675187412275,0.06466447148624625,0.8464680097725263
25662,LOF,0.0358121133513598,0.03646153811702784,0.9277263485316124
25663,LOF,0.04037467219713984,0.047444156145655926,0.9121811716572042
25664,LOF,0.13713681249939705,0.06496550337664941,0.7978976841239536
25665,LOF,0.06102422388091087,0.029470969776880546,0.9095048063422085
25666,LOF,0.10450889139542001,0.06548169963944986,0.8300094089651302
25667,LOF,0.07288475188443849,0.04008932563122648,0.887025922484335
25668,LOF,0.03636598163850922,0.05180808735346372,0.911825931008027
25669,LOF,0.03053652500993817,0.045079661520083046,0.9243838134699789
25670,LOF,0.14815695221348785,0.05920886399181258,0.7926341837946995
25671,LOF,0.11883153546923657,0.036994796613475184,0.8441736679172883
25672,LOF,0.05307972476719971,0.042479764582810435,0.90444051064999
25673,LOF,0.08888563878721789,0.05332784646343864,0.8577865147493434
25674,LOF,0.07598330116676733,0.06347162674237365,0.8605450720908591
25675,LOF,0.11035971971640227,0.0669332266405726,0.8227070536430252
25676,LOF,0.018694095230402802,0.05822463159723985,0.9230812731723574
25677,LOF,0.02563745835245797,0.07149531551164243,0.9028672261358996
25678,LOF,0.18760561507050363,0.08246594040231374,0.7299284445271826
25679,LOF,0.1258604897101707,0.08480598920488787,0.7893335210849414
25680,LOF,0.0334282797536901,0.11784189801984363,0.8487298222264662
25681,LOF,0.05213301001351047,0.10792332858351113,0.8399436614029784
25682,LOF,0.13966602298357467,0.08109708301750615,0.7792368939989192
25683,LOF,0.11422390044994775,0.09289456371557413,0.7928815358344782
25684,LOF,0.04243379810701977,0.07008602496227347,0.8874801769307068
25685,LOF,0.137200377406608,0.07996848634819402,0.782831136245198
25686,LOF,0.0865063116363517,0.10691545031969248,0.8065782380439559
25687,LOF,0.12935480615579895,0.10821292229175529,0.7624322715524458
25688,LOF,0.39465255982362474,0.0500235704444175,0.5553238697319577
25689,LOF,0.2800166907537073,0.05921748238751717,0.6607658268587756
25690,LOF,0.3576527265384057,0.042523646877414674,0.5998236265841798
25691,Neutral,0.7087406160578684,0.037151605628418974,0.2541077783137126
25692,LOF,0.33823068956505387,0.013636215577204855,0.6481330948577413
25693,LOF,0.048546276570111055,0.41247994851772046,0.5389737749121684
25694,LOF,0.1237679406285812,0.015020588372111331,0.8612114709993076
25695,LOF,0.12102593698276243,0.013783998141795662,0.8651900648754419
25696,LOF,0.11981950417604251,0.009292129699387846,0.8708883661245695
25697,LOF,0.09757269631596584,0.04761300762051881,0.8548142960635153
25698,LOF,0.3399220358203056,0.155619985732513,0.5044579784471813
25699,Neutral,0.551182977934119,0.03826114094229887,0.41055588112358216
25700,LOF,0.08332574061065692,0.010326641183323229,0.9063476182060197
25701,LOF,0.20208369635793638,0.04678817062397975,0.7511281330180839
25702,GOF,0.17546599343263686,0.6072664913979443,0.21726751516941878
25703,LOF,0.016894053279070394,0.1294117569330998,0.8536941897878297
25704,LOF,0.041908169643731556,0.08883718787893119,0.8692546424773373
25705,LOF,0.05764714801156991,0.1311303448701508,0.8112225071182791
25706,LOF,0.12862826507144173,0.4188446551348058,0.45252707979375256
25707,LOF,0.10529467240693814,0.3533171632930917,0.5413881642999702
25708,LOF,0.038461045014362254,0.3189662288047111,0.6425727261809265
25709,LOF,0.07025335168868412,0.0425835002694545,0.8871631480418614
25710,LOF,0.01237134044404145,0.14747853372009928,0.8401501258358592
25711,LOF,0.02395159728367191,0.07420117397049278,0.9018472287458352
25712,LOF,0.014803567206538783,0.17204292883953262,0.8131535039539286
25713,LOF,0.02092050712972564,0.07255264801959237,0.906526844850682
25714,LOF,0.08240789216576219,0.0715748351591441,0.8460172726750936
25715,LOF,0.012635575130035473,0.12153432900772342,0.865830095862241
25716,LOF,0.010824814247685478,0.10206917869403927,0.8871060070582751
25717,LOF,0.014531907605836033,0.06917724535823817,0.9162908470359257
25718,LOF,0.01228671747110619,0.07835277152550373,0.9093605110033901
25719,LOF,0.021900537222085684,0.0708941011632015,0.9072053616147129
25720,LOF,0.02465591533070926,0.06195893575797988,0.913385148911311
25721,LOF,0.014706846600946063,0.10255027039151662,0.8827428830075373
25722,LOF,0.015119141220902509,0.10372807183157659,0.8811527869475209
25723,LOF,0.024893531209238907,0.04362629763042341,0.9314801711603377
25724,LOF,0.03255259037989648,0.07921091664914615,0.8882364929709574
25725,LOF,0.012612899786174829,0.07288120884308634,0.9145058913707389
25726,LOF,0.017744255325794323,0.09822223471512774,0.8840335099590778
25727,LOF,0.013139013348263156,0.07519739403060202,0.9116635926211347
25728,LOF,0.01102906128120763,0.1004217523356817,0.8885491863831106
25729,LOF,0.011443311437350976,0.09757245633995842,0.8909842322226906
25730,LOF,0.015232294545994163,0.08036362589465938,0.9044040795593463
25731,LOF,0.01909348600144235,0.08910031376664418,0.8918062002319135
25732,LOF,0.014463744805178754,0.06867133936549279,0.9168649158293284
25733,LOF,0.01708837939551959,0.06608669801350496,0.9168249225909755
25734,LOF,0.010888324723837293,0.11641002884195009,0.8727016464342126
25735,LOF,0.012587386976069155,0.07522422381000157,0.9121883892139292
25736,LOF,0.014108762797244306,0.08774731664742319,0.8981439205553324
25737,LOF,0.01304545323602111,0.07070629463297128,0.9162482521310076
25738,LOF,0.01296094294150969,0.09307309860693118,0.8939659584515591
25739,LOF,0.022393034305864132,0.07040922539882816,0.9071977402953078
25740,LOF,0.031581543856694885,0.10219235638775939,0.8662260997555457
25741,LOF,0.01616541830629278,0.09929934875702584,0.8845352329366815
25742,LOF,0.12969628774166292,0.06911097025069425,0.8011927420076428
25743,LOF,0.033609687498961996,0.06104185611609544,0.9053484563849424
25744,Neutral,0.5702813105753434,0.25111670877768427,0.1786019806469724
25745,LOF,0.06455111607616063,0.09827833914241237,0.837170544781427
25746,LOF,0.039444957682905755,0.12970707073031273,0.8308479715867815
25747,LOF,0.020538021653647674,0.08269072971278764,0.8967712486335647
25748,LOF,0.11254988484142255,0.1311318583936131,0.7563182567649644
25749,LOF,0.024949993311642497,0.11659311005808676,0.8584568966302707
25750,LOF,0.06675379052665287,0.1253218935849699,0.8079243158883773
25751,LOF,0.08049645773382223,0.13978267184127344,0.7797208704249043
25752,GOF,0.11028009224410554,0.6392628343704856,0.25045707338540885
25753,LOF,0.022951088892899298,0.27048539496211016,0.7065635161449906
25754,GOF,0.012884336222468158,0.7998100013305376,0.18730566244699426
25755,LOF,0.023587801076456385,0.3782568925406603,0.5981553063828834
25756,LOF,0.0510906745680314,0.33223083657350017,0.6166784888584684
25757,GOF,0.018922631032871777,0.8488279274952542,0.13224944147187406
25758,GOF,0.029649014890210528,0.7767070295752216,0.19364395553456784
25759,GOF,0.011302827175393458,0.6106637753333627,0.3780333974912438
25760,LOF,0.014877561390654796,0.2717193378153083,0.7134031007940369
25761,GOF,0.28484999811600364,0.6002615636697337,0.11488843821426255
25762,LOF,0.049728156071839245,0.24739682086963696,0.7028750230585238
25763,LOF,0.014883665301406186,0.20255325300807805,0.7825630816905158
25764,GOF,0.08765593379191255,0.6323819854393776,0.27996208076870976
25765,GOF,0.03627962568369005,0.7503579439576142,0.2133624303586959
25766,GOF,0.05747465860409934,0.7432944547884116,0.19923088660748903
25767,GOF,0.15332012772253722,0.5418400195467125,0.3048398527307503
25768,LOF,0.11321166876162425,0.05337280239107019,0.8334155288473056
25769,LOF,0.05607148383125513,0.07199436810586053,0.8719341480628843
25770,LOF,0.314640860558481,0.11973114436427008,0.565627995077249
25771,LOF,0.04674199555586258,0.05822528206554977,0.8950327223785878
25772,LOF,0.019321353629897974,0.05222805230508886,0.9284505940650131
25773,LOF,0.04948610608724229,0.10920972273250673,0.8413041711802509
25774,LOF,0.02854202374135621,0.09516132763484132,0.8762966486238025
25775,LOF,0.054371230473080914,0.05838607108122972,0.8872426984456893
25776,LOF,0.07548422151814935,0.033188138352043775,0.8913276401298068
25777,LOF,0.3694191073503417,0.07746229409820515,0.5531185985514531
25778,LOF,0.0772128894650133,0.055696810066528206,0.8670903004684585
25779,GOF,0.36262863804650947,0.5845466048929024,0.05282475706058814
25780,GOF,0.3667792752081677,0.5541487954893142,0.07907192930251807
25781,GOF,0.12357538195027301,0.7610256083538521,0.1153990096958748
25782,GOF,0.19735239810171903,0.70529895044039,0.09734865145789101
25783,GOF,0.021943225695266712,0.6125491678325641,0.36550760647216923
25784,Neutral,0.48754216350903085,0.46203584210285253,0.05042199438811674
25785,Neutral,0.5029336726635198,0.4584337791795113,0.03863254815696886
25786,GOF,0.03163858679105068,0.7353106729164641,0.2330507402924853
25787,Neutral,0.6614965907135493,0.3130441087596304,0.025459300526820248
25788,LOF,0.05786114316913017,0.10012140116559223,0.8420174556652776
25789,GOF,0.20861174026608859,0.6335917922677765,0.15779646746613493
25790,GOF,0.20869021477215477,0.6790805796470089,0.11222920558083636
25791,GOF,0.1447852454739222,0.6891292550287001,0.16608549949737766
25792,GOF,0.3413777304927149,0.5240897526248384,0.13453251688244683
25793,GOF,0.26481394451556906,0.5180158095992138,0.2171702458852172
25794,GOF,0.335169101528271,0.4955497086417687,0.16928118982996018
25795,GOF,0.07443592777360303,0.6581116891394131,0.2674523830869838
25796,Neutral,0.552260249047478,0.367818438912956,0.07992131203956604
25797,GOF,0.08682965561284336,0.5198241353068542,0.3933462090803024
25798,GOF,0.008544106362459532,0.5144952618242543,0.47696063181328613
25799,LOF,0.007080492937424254,0.4251478498745968,0.567771657187979
25800,GOF,0.030033862995209454,0.5932315965631002,0.37673454044169025
25801,GOF,0.22722415962938328,0.6496427754513209,0.12313306491929582
25802,GOF,0.057524416825856614,0.6955876025073607,0.2468879806667826
25803,GOF,0.03258056774601462,0.5745774416594658,0.39284199059451963
25804,GOF,0.03284882216916117,0.5159366258426658,0.4512145519881731
25805,GOF,0.09495332711386309,0.5894447889933123,0.31560188389282445
25806,GOF,0.11060990260846074,0.579615079520684,0.30977501787085526
25807,GOF,0.022486553252738854,0.6034751376178612,0.37403830912939995
25808,GOF,0.08663884264956008,0.5960687932924149,0.317292364058025
25809,GOF,0.022443892876103235,0.6085111865855294,0.3690449205383673
25810,GOF,0.020926768588163076,0.6034149250387886,0.3756583063730483
25811,Neutral,0.46960811006556474,0.4594159629936152,0.0709759269408201
25812,GOF,0.0358160680031789,0.6175561655375867,0.34662776645923427
25813,Neutral,0.566792630385772,0.33185906412934635,0.1013483054848816
25814,GOF,0.12597923116718243,0.6242532432172788,0.2497675256155388
25815,GOF,0.2054697084451668,0.5889681430925707,0.2055621484622625
25816,GOF,0.023133705026905736,0.6619971891147328,0.3148691058583614
25817,GOF,0.25702666793452916,0.5946464450954246,0.14832688697004615
25818,GOF,0.05217049336955288,0.5770447555530662,0.37078475107738096
25819,GOF,0.37788328300891444,0.4381690279975033,0.18394768899358227
25820,GOF,0.16219594523403838,0.5812874155555192,0.2565166392104424
25821,GOF,0.056491050667337665,0.6294471076623698,0.3140618416702925
25822,GOF,0.1964472222370879,0.49540450812739123,0.30814826963552083
25823,LOF,0.028219332079456726,0.4844016654097702,0.48737900251077326
25824,GOF,0.07290447007201263,0.5290053861551761,0.39809014377281127
25825,GOF,0.0269175228898417,0.5232130239529782,0.4498694531571801
25826,GOF,0.010427109234882088,0.5041058347635899,0.4854670560015279
25827,GOF,0.020379722547138088,0.5527733254169023,0.4268469520359597
25828,LOF,0.011900849834959938,0.48885389006275876,0.4992452601022814
25829,GOF,0.006431269909537081,0.5486255390202351,0.44494319107022773
25830,LOF,0.03939946111475956,0.26748991237930736,0.693110626505933
25831,GOF,0.19277999513115046,0.6426675310233243,0.1645524738455253
25832,GOF,0.029973915533177384,0.6579391165557374,0.31208696791108514
25833,GOF,0.11966435288562483,0.6785003623371046,0.2018352847772705
25834,GOF,0.03649531160257754,0.6546728965886031,0.3088317918088195
25835,GOF,0.08717161407428682,0.6855835780428067,0.22724480788290644
25836,GOF,0.040955902575189315,0.6389778851002111,0.32006621232459953
25837,GOF,0.02355791420527754,0.5154293003613012,0.4610127854334212
25838,GOF,0.07641739874305406,0.704723213052221,0.21885938820472498
25839,GOF,0.26814915470577,0.5608123000002491,0.17103854529398096
25840,GOF,0.2224089667631349,0.5872328484341712,0.19035818480269387
25841,GOF,0.22828442362073437,0.5784185943454542,0.1932969820338114
25842,GOF,0.1553844937271694,0.6786175879160706,0.1659979183567598
25843,GOF,0.20787949032804218,0.6584724328748417,0.13364807679711616
25844,GOF,0.059263826028926214,0.6594226481220367,0.2813135258490371
25845,GOF,0.014608511039625462,0.49638236337692193,0.4890091255834525
25846,GOF,0.10681653968107362,0.6889262784174475,0.20425718190147898
25847,GOF,0.12050481778879941,0.7359223780935729,0.14357280411762766
25848,GOF,0.034270791111237854,0.6644964660248427,0.3012327428639195
25849,GOF,0.009855175084667165,0.5549228785394862,0.4352219463758466
25850,GOF,0.02107809210762786,0.625235786287738,0.35368612160463425
25851,GOF,0.016235385455471457,0.5317307691401028,0.45203384540442576
25852,GOF,0.16057021143291872,0.5762076779214486,0.2632221106456326
25853,GOF,0.36011872407404455,0.5609336517859908,0.07894762413996484
25854,GOF,0.020917442094745557,0.5954017304156974,0.38368082748955695
25855,GOF,0.036671827005808066,0.5691304966725069,0.3941976763216852
25856,GOF,0.24999330654544982,0.5210087558213015,0.22899793763324863
25857,GOF,0.036190463677172255,0.48936972664145517,0.4744398096813727
25858,GOF,0.01814549780232323,0.5392380559165106,0.4426164462811662
25859,GOF,0.010339820773033599,0.5283566697560617,0.4613035094709048
25860,GOF,0.3819786305147144,0.5396698071468399,0.07835156233844569
25861,GOF,0.42062346354889174,0.4929004759253813,0.08647606052572698
25862,GOF,0.0970791129129472,0.7335601788100482,0.16936070827700464
25863,GOF,0.09946171249617757,0.7416144911112942,0.15892379639252824
25864,GOF,0.20771512086530555,0.6973582843577965,0.09492659477689794
25865,GOF,0.09181463638303469,0.7800888390303118,0.12809652458665355
25866,GOF,0.06560471303012026,0.7796088297886553,0.15478645718122463
25867,GOF,0.08843005166445617,0.7906616637241228,0.12090828461142103
25868,GOF,0.29800246465487923,0.599484733777375,0.10251280156774581
25869,Neutral,0.68558345324348,0.2707425089204551,0.043674037836064876
25870,LOF,0.3015555540814221,0.3079825396401673,0.39046190627841065
25871,GOF,0.19515328403052548,0.6047989967733316,0.2000477191961428
25872,GOF,0.0857408984162102,0.6173780290861588,0.29688107249763096
25873,GOF,0.15603407193158814,0.6013400269518521,0.2426259011165597
25874,LOF,0.019448343363707946,0.11324054216889427,0.8673111144673978
25875,LOF,0.09746988386773482,0.03596517794316571,0.8665649381890995
25876,LOF,0.039710943091680245,0.039176772006585515,0.9211122849017342
25877,Neutral,0.5216737369114505,0.035168863848372124,0.4431573992401775
25878,LOF,0.2299051685367394,0.06927360221075708,0.7008212292525036
25879,LOF,0.10019525646417872,0.063659660764196,0.8361450827716251
25880,LOF,0.02282316522999221,0.019439542794024767,0.9577372919759829
25881,LOF,0.1852663414564602,0.11512514367612374,0.6996085148674159
25882,LOF,0.07062581096876759,0.013662413375793615,0.9157117756554388
25883,LOF,0.0899207355222888,0.01572919345117115,0.89435007102654
25884,LOF,0.03972199796078705,0.02946999127701844,0.9308080107621945
25885,LOF,0.06880028202004444,0.00901704826009837,0.9221826697198571
25886,LOF,0.3684129577421887,0.027502327253959853,0.6040847150038514
25887,LOF,0.17528140666735995,0.05642660751383248,0.7682919858188075
25888,LOF,0.06827883038768162,0.05318782353948831,0.8785333460728301
25889,LOF,0.05075976879246805,0.020001420794643832,0.929238810412888
25890,LOF,0.048060176520421605,0.13875379521646466,0.8131860282631137
25891,LOF,0.0438674638973395,0.048276827170492996,0.9078557089321675
25892,LOF,0.10072673009718061,0.02053013686969052,0.8787431330331289
25893,LOF,0.2695048545356309,0.015553524551755371,0.7149416209126138
25894,LOF,0.18598307429386146,0.008488837166306735,0.8055280885398318
25895,LOF,0.20785339560270052,0.01796555361535817,0.7741810507819413
25896,LOF,0.04892830140243798,0.02204426289160115,0.9290274357059609
25897,LOF,0.26166808882545955,0.0118265507159155,0.726505360458625
25898,Neutral,0.7081903181871402,0.009282040028254467,0.2825276417846053
25899,LOF,0.2426303786538064,0.02555393702450218,0.7318156843216915
25900,LOF,0.44471085783294556,0.017150298452268353,0.5381388437147862
25901,LOF,0.06172452477675532,0.011020399569194721,0.92725507565405
25902,LOF,0.19650232096670206,0.011597053762865612,0.7919006252704323
25903,Neutral,0.5473413566430828,0.027738750665025427,0.42491989269189184
25904,LOF,0.28326354669443043,0.04705260132825753,0.6696838519773121
25905,LOF,0.023248482529672786,0.2948882773177784,0.6818632401525487
25906,LOF,0.02480033747983051,0.06393662068621772,0.9112630418339518
25907,LOF,0.013986016748390284,0.2965559909677658,0.689457992283844
25908,LOF,0.011102468277039146,0.20365329621527528,0.7852442355076856
25909,LOF,0.014449082975607543,0.11591527615705456,0.8696356408673378
25910,LOF,0.04865880103633707,0.1238977579038862,0.8274434410597767
25911,LOF,0.13607054159456092,0.028881229403175675,0.8350482290022634
25912,LOF,0.04661837238512116,0.04326686868039433,0.9101147589344845
25913,LOF,0.29706674096863794,0.024101803390637378,0.6788314556407248
25914,LOF,0.019774913451478155,0.1279548442152535,0.8522702423332684
25915,Neutral,0.42267703063034645,0.358371469206462,0.2189515001631916
25916,LOF,0.05943333643929736,0.38231274402325405,0.5582539195374485
25917,LOF,0.05996419796710054,0.08496050662403012,0.8550752954088693
25918,LOF,0.029756198425669855,0.08063367465257726,0.8896101269217529
25919,LOF,0.023247909973032915,0.08589780108984897,0.890854288937118
25920,GOF,0.11247439662568032,0.5409167122159999,0.34660889115831983
25921,LOF,0.026718968967050172,0.022221290125139296,0.9510597409078105
25922,LOF,0.03571206251750149,0.016679541513701414,0.9476083959687971
25923,LOF,0.42740773638923146,0.019951859455547855,0.5526404041552206
25924,LOF,0.03764336548956824,0.03377009470521481,0.9285865398052169
25925,LOF,0.07065193670054583,0.02469540031964943,0.9046526629798047
25926,LOF,0.05073552680839976,0.019404235494246365,0.9298602376973538
25927,LOF,0.06864787231964702,0.06869889959190151,0.8626532280884515
25928,LOF,0.02149092620481914,0.032622913824241914,0.9458861599709388
25929,Neutral,0.5586029006066432,0.021799516238937555,0.4195975831544193
25930,LOF,0.057159443764471886,0.017750328486812055,0.925090227748716
25931,LOF,0.031033725871986096,0.019350590577912618,0.9496156835501012
25932,LOF,0.029458592457062616,0.01894562636220842,0.9515957811807291
25933,LOF,0.03977751375171971,0.012094057643711555,0.9481284286045687
25934,LOF,0.02529433133030643,0.014725845525037737,0.9599798231446559
25935,LOF,0.06467284447724528,0.02835757953115549,0.9069695759915992
25936,LOF,0.05279336870188865,0.017481075239415996,0.9297255560586954
25937,LOF,0.028531527255242325,0.02475176015461378,0.9467167125901439
25938,LOF,0.0632724165278218,0.030221965749343757,0.9065056177228344
25939,LOF,0.03955728925002712,0.010801429580736885,0.9496412811692361
25940,LOF,0.031725148092818636,0.36163753730896203,0.6066373145982193
25941,LOF,0.18317975748639073,0.09512892526821326,0.7216913172453959
25942,LOF,0.017546299015781735,0.030020974251090328,0.952432726733128
25943,LOF,0.31007718449134863,0.05958433966152702,0.6303384758471244
25944,LOF,0.48247381201437706,0.028415572528010257,0.48911061545761253
25945,LOF,0.07192950874001319,0.02167670898063467,0.9063937822793521
25946,LOF,0.029555147483215763,0.12762423610068704,0.8428206164160973
25947,LOF,0.11790912982180092,0.220661742130319,0.66142912804788
25948,LOF,0.41296122894174003,0.011057160761198823,0.5759816102970612
25949,LOF,0.11143054193085965,0.04838126436097369,0.8401881937081667
25950,GOF,0.29225300513532465,0.4170128529106696,0.2907341419540057
25951,LOF,0.25966523695355437,0.206643198626162,0.5336915644202836
25952,LOF,0.04355166776762471,0.4586038504723501,0.49784448176002527
25953,LOF,0.12617057726706252,0.11388711005996816,0.7599423126729694
25954,Neutral,0.4429534647805785,0.19768929312051378,0.3593572420989078
25955,LOF,0.05586516691570749,0.08991390124657095,0.8542209318377216
25956,LOF,0.1956810641214106,0.08278109584750902,0.7215378400310803
25957,LOF,0.03856535591893887,0.03471026921065579,0.9267243748704053
25958,LOF,0.06177127974067316,0.026701726507123585,0.9115269937522031
25959,LOF,0.06966773798473748,0.3431014973066619,0.5872307647086006
25960,LOF,0.019894456617718853,0.05360107175251502,0.9265044716297661
25961,LOF,0.04982098608729478,0.027941068020653964,0.9222379458920512
25962,LOF,0.05997731726686949,0.0367147044767214,0.9033079782564091
25963,LOF,0.04602571385149885,0.21831472713080177,0.7356595590176993
25964,LOF,0.03705904729347848,0.1461932112783632,0.8167477414281583
25965,Neutral,0.46255721149868595,0.08380017976652276,0.45364260873479134
25966,Neutral,0.45820302414767106,0.1147941794015034,0.42700279645082556
25967,LOF,0.012578169941244936,0.06658326833814099,0.9208385617206141
25968,LOF,0.035202939410955855,0.46083457674706063,0.5039624838419834
25969,LOF,0.02439542833187765,0.05602421313883636,0.919580358529286
25970,LOF,0.06079686334071335,0.04904056051064151,0.8901625761486451
25971,LOF,0.08348138155450255,0.013060205031284269,0.9034584134142132
25972,LOF,0.08569684696431333,0.0176947276083592,0.8966084254273274
25973,LOF,0.1160747752735919,0.007514795172461191,0.876410429553947
25974,LOF,0.2092002960715674,0.019452149263385458,0.7713475546650471
25975,LOF,0.06270354094833222,0.027971464627881026,0.9093249944237868
25976,LOF,0.05211523844387064,0.01327236918775495,0.9346123923683745
25977,LOF,0.161156542526298,0.1013410904665566,0.7375023670071454
25978,LOF,0.13881986900816096,0.048658220506849974,0.8125219104849891
25979,LOF,0.12871058477171166,0.050897564473486694,0.8203918507548017
25980,LOF,0.19395691154668435,0.0637246915317221,0.7423183969215936
25981,LOF,0.22815304494913954,0.06170039769259111,0.7101465573582694
25982,LOF,0.3822431764656945,0.04606662855727825,0.5716901949770272
25983,LOF,0.3555207975795926,0.04271890979868801,0.6017602926217195
25984,LOF,0.05835630147855564,0.054238103339669594,0.8874055951817748
25985,LOF,0.02597875814582683,0.2185538175645964,0.7554674242895767
25986,LOF,0.036629511131476646,0.24660446948296103,0.7167660193855623
25987,LOF,0.07741446049945619,0.06849483129398269,0.854090708206561
25988,LOF,0.13771866480818973,0.05693969998842401,0.8053416352033863
25989,LOF,0.031393564708468505,0.1103120738771139,0.8582943614144177
25990,LOF,0.03990795917946977,0.1329232290804386,0.8271688117400916
25991,LOF,0.2138491476292177,0.23506698961098318,0.5510838627597991
25992,LOF,0.37392834474053205,0.1379293133705232,0.48814234188894473
25993,LOF,0.026044293974884954,0.06290221561385874,0.9110534904112563
25994,LOF,0.019178313105189745,0.09602304992040774,0.8847986369744024
25995,LOF,0.0285665482425064,0.1789454760572695,0.7924879757002241
25996,GOF,0.2982181712515932,0.4376231457666456,0.26415868298176104
25997,GOF,0.10735576214579184,0.48771465510413314,0.404929582750075
25998,Neutral,0.5274744156477753,0.026756201594501986,0.4457693827577227
25999,LOF,0.11971230609028846,0.10250671528169097,0.7777809786280205
26000,LOF,0.16908347167337812,0.028061641269933525,0.8028548870566883
26001,LOF,0.19388754163841374,0.03153095469673794,0.7745815036648482
26002,LOF,0.14367611374719194,0.031685788662035454,0.8246380975907727
26003,GOF,0.011342185045481857,0.5627798073331975,0.4258780076213205
26004,GOF,0.023951584363132012,0.6448305099454655,0.33121790569140236
26005,LOF,0.009678627040177542,0.43770174588500405,0.5526196270748184
26006,Neutral,0.5315473552432939,0.2185330051937251,0.24991963956298108
26007,GOF,0.02149951491290851,0.5094625601914128,0.46903792489567875
26008,GOF,0.023490109818613932,0.5786413945089748,0.3978684956724113
26009,GOF,0.023249116429387637,0.6049015310089473,0.3718493525616652
26010,GOF,0.028867053792156632,0.6114485501579932,0.3596843960498502
26011,LOF,0.007875569905698761,0.4440346749135718,0.5480897551807293
26012,GOF,0.017821056087985298,0.5299645307201718,0.4522144131918429
26013,GOF,0.020811999178192434,0.6075996902714262,0.37158831055038133
26014,LOF,0.043296739782137605,0.1526365522754617,0.8040667079424006
26015,LOF,0.20788126819357092,0.009640841920158837,0.7824778898862702
26016,LOF,0.2323671381024714,0.045143440641578034,0.7224894212559506
26017,LOF,0.25966220134725376,0.07170185858672212,0.6686359400660241
26018,LOF,0.11349067375143435,0.0353213387603331,0.8511879874882325
26019,LOF,0.10688081565738244,0.02697791763950006,0.8661412667031176
26020,LOF,0.06584535548398311,0.09910227412331432,0.8350523703927025
26021,LOF,0.04756799059336821,0.12149926935822146,0.8309327400484103
26022,LOF,0.011363243995155783,0.034690902226648744,0.9539458537781954
26023,LOF,0.1250815718639617,0.022480718607001085,0.8524377095290371
26024,LOF,0.03116449420772333,0.12775440743697766,0.8410810983552991
26025,LOF,0.17917692815238614,0.09743832923078176,0.723384742616832
26026,LOF,0.34380785658474616,0.022601959872587285,0.6335901835426666
26027,LOF,0.09774925398915953,0.01579201413496387,0.8864587318758766
26028,LOF,0.15949861007050423,0.07126832571425722,0.7692330642152386
26029,LOF,0.07236026624806609,0.17164189387674322,0.7559978398751906
26030,LOF,0.02259894158669139,0.05766469071769182,0.9197363676956167
26031,LOF,0.026864239853480985,0.13303649730253136,0.8400992628439877
26032,LOF,0.06614974864752793,0.055030702217833107,0.8788195491346389
26033,LOF,0.11476637833036477,0.07014590220846918,0.815087719461166
26034,LOF,0.0417881175853812,0.14354324040487348,0.8146686420097454
26035,LOF,0.02546683565211941,0.12807081672800075,0.8464623476198797
26036,LOF,0.038386899461295296,0.15096396044384502,0.8106491400948597
26037,LOF,0.021803771506129496,0.11465977077567512,0.8635364577181954
26038,LOF,0.061790959252428085,0.058955831658404956,0.8792532090891669
26039,LOF,0.05246977439938874,0.13955294306162516,0.807977282538986
26040,LOF,0.19521238713790665,0.12311278193924478,0.6816748309228485
26041,LOF,0.02227046375242904,0.09914629397324759,0.8785832422743234
26042,LOF,0.02208369682611567,0.10001248628947874,0.8779038168844056
26043,LOF,0.0619593369107511,0.07206127650505036,0.8659793865841986
26044,LOF,0.01909905960582762,0.07036293097791146,0.910538009416261
26045,LOF,0.07184655879549028,0.09249798458264089,0.8356554566218689
26046,LOF,0.0635334446617916,0.07122229163529253,0.8652442637029159
26047,LOF,0.08775938672194634,0.07603729672942551,0.8362033165486282
26048,LOF,0.05071101403129972,0.05279157854420196,0.8964974074244983
26049,Neutral,0.9613770769040118,0.007518937722646646,0.031103985373341508
26050,Neutral,0.942885389317965,0.009161861613130623,0.04795274906890448
26051,LOF,0.0465178041220052,0.2770152047335945,0.6764669911444003
26052,LOF,0.07597997834122282,0.27272819205138793,0.6512918296073893
26053,LOF,0.051054258227884994,0.1338494843428901,0.815096257429225
26054,LOF,0.057182360864116766,0.02159580719058023,0.921221831945303
26055,LOF,0.07515841890767638,0.017169905185481577,0.9076716759068421
26056,LOF,0.06251069831576157,0.01864408760012751,0.9188452140841109
26057,LOF,0.032295326433122454,0.011847184715944642,0.9558574888509329
26058,LOF,0.033628387883329273,0.009328813305372507,0.9570427988112983
26059,LOF,0.3188995937470106,0.024776410639202356,0.6563239956137871
26060,LOF,0.029295578657066213,0.18596058429120876,0.784743837051725
26061,LOF,0.019965056423332187,0.01106492216237751,0.9689700214142903
26062,LOF,0.012639617524543793,0.018094847042959415,0.9692655354324967
26063,LOF,0.023796849360520553,0.012616050449247353,0.9635871001902321
26064,LOF,0.024055585595687008,0.019037241469073807,0.9569071729352392
26065,LOF,0.026003841234578447,0.011533570664707877,0.9624625881007137
26066,LOF,0.022471010097609042,0.011507229353751959,0.9660217605486389
26067,LOF,0.028972714074576363,0.008720104982872113,0.9623071809425516
26068,LOF,0.049859664392342413,0.03219519837248995,0.9179451372351676
26069,LOF,0.2962794237644181,0.019452185729634752,0.6842683905059471
26070,LOF,0.4240191854107902,0.014409595923970677,0.5615712186652391
26071,LOF,0.02512269957954433,0.012648298598724104,0.9622290018217315
26072,LOF,0.02146552896781296,0.018653712513048034,0.9598807585191389
26073,LOF,0.02718169613657886,0.011276595629721286,0.9615417082336999
26074,Neutral,0.9150372017163905,0.0061824425427248406,0.07878035574088468
26075,LOF,0.04810902475100475,0.016333543706132832,0.9355574315428624
26076,LOF,0.045775535750989686,0.009576395825514738,0.9446480684234957
26077,LOF,0.010038203905494682,0.017984707877142164,0.9719770882173632
26078,LOF,0.014048450997693862,0.011175226350509175,0.9747763226517969
26079,LOF,0.06591599129539832,0.018421363780350475,0.9156626449242513
26080,LOF,0.06478827635906653,0.018435352876243056,0.9167763707646904
26081,LOF,0.040060208920761266,0.006221293865912232,0.9537184972133266
26082,LOF,0.017458168196211044,0.015918909294874297,0.9666229225089146
26083,LOF,0.13290832991406346,0.012730474910350094,0.8543611951755865
26084,LOF,0.028325457575221164,0.012920237424743516,0.9587543050000352
26085,LOF,0.02396145826668529,0.012204697722466877,0.9638338440108478
26086,LOF,0.026539024202346453,0.011747936643838566,0.961713039153815
26087,LOF,0.02998879646305067,0.007771970798346352,0.9622392327386029
26088,LOF,0.01732442967439082,0.024500221284631574,0.9581753490409777
26089,LOF,0.04817294709792226,0.025148383664621445,0.9266786692374563
26090,LOF,0.045826677156458245,0.019762340498212717,0.9344109823453292
26091,LOF,0.04132840829531473,0.006117209013690871,0.9525543826909944
26092,LOF,0.026859055047221983,0.008317081666605625,0.9648238632861723
26093,LOF,0.04136792307715355,0.006131126108681713,0.9525009508141646
26094,LOF,0.04302540761035205,0.006762473558470299,0.9502121188311776
26095,LOF,0.04916225403468107,0.015079054117033445,0.9357586918482854
26096,LOF,0.020799546706782315,0.011306842049981936,0.9678936112432357
26097,LOF,0.011900848837870613,0.04070222004108601,0.9473969311210433
26098,LOF,0.07178939708661584,0.012389514179982757,0.9158210887334014
26099,LOF,0.024809191670569008,0.012340550776002617,0.9628502575534285
26100,LOF,0.027454066739097744,0.011798032769365611,0.9607479004915367
26101,LOF,0.058316431238703774,0.011192313146071189,0.930491255615225
26102,LOF,0.028399867352115426,0.013613397713516525,0.9579867349343679
26103,Neutral,0.8895326858728441,0.01854975550625447,0.09191755862090147
26104,LOF,0.0813067419520631,0.02922825769428983,0.8894650003536471
26105,LOF,0.220937085229451,0.2836994613108025,0.4953634534597464
26106,LOF,0.19765977717649147,0.12823953992892245,0.674100682894586
26107,LOF,0.25474102015959116,0.08375702193444752,0.6615019579059613
26108,LOF,0.2450771685349987,0.13839995132955998,0.6165228801354413
26109,LOF,0.09017163864684798,0.0964069138642807,0.8134214474888714
26110,LOF,0.23440595212596507,0.006763492714888423,0.7588305551591464
26111,LOF,0.4757472058505715,0.01706626866711779,0.5071865254823107
26112,LOF,0.036193808954423014,0.007879224840909528,0.9559269662046674
26113,LOF,0.05957111553449362,0.013398416755924767,0.9270304677095815
26114,LOF,0.02986705584635234,0.026561114399638746,0.943571829754009
26115,LOF,0.10277910791273011,0.06494066100543121,0.8322802310818387
26116,LOF,0.06419678229174032,0.061912637483221906,0.8738905802250378
26117,LOF,0.4198815408911687,0.05832182250297716,0.5217966366058542
26118,LOF,0.03899137577118255,0.0301281045025233,0.9308805197262943
26119,LOF,0.022111782493157584,0.04972213351564206,0.9281660839912003
26120,LOF,0.03227569442293061,0.029942876162815994,0.9377814294142534
26121,LOF,0.05481758882773566,0.10408126494468649,0.8411011462275778
