feature0,prediction,LoGoFunc_Neutral,LoGoFunc_GOF,LoGoFunc_LOF
25546,Neutral,0.6495600252394373,0.05785405396444164,0.292585920796121
25547,Neutral,0.5268179284457524,0.09440734303273704,0.37877472852151056
25548,Neutral,0.5003953052465127,0.0835231324462501,0.4160815623072373
25549,LOF,0.4436940782952424,0.08246816488078143,0.47383775682397616
25550,LOF,0.4038787216417277,0.09181969237017133,0.5043015859881009
25551,LOF,0.33506248265833777,0.10373942883187064,0.5611980885097916
25552,LOF,0.29223949397234855,0.1065703897327405,0.6011901162949108
25553,Neutral,0.7977812425832239,0.0465078204196944,0.15571093699708174
25554,LOF,0.3327179482567463,0.09669179706739171,0.570590254675862
25555,LOF,0.2873419811886557,0.09146672974067732,0.6211912890706669
25556,Neutral,0.47519626544580473,0.08994077252445583,0.43486296202973945
25557,LOF,0.2736648019493794,0.09710840130001736,0.6292267967506032
25558,LOF,0.33253573780030415,0.09492253236626691,0.5725417298334289
25559,LOF,0.26844632897688464,0.06764716604249454,0.6639065049806209
25560,LOF,0.10826666010885824,0.14528538602216115,0.7464479538689807
25561,LOF,0.11260687181395101,0.19309865714909913,0.6942944710369499
25562,LOF,0.039227428185868,0.1035827706532622,0.8571898011608697
25563,LOF,0.011888372129529399,0.17201754328535684,0.8160940845851138
25564,LOF,0.08971998364574131,0.11015989195285217,0.8001201244014065
25565,LOF,0.20313590526845557,0.124479685152695,0.6723844095788495
25566,GOF,0.06233417867425379,0.6445438526953491,0.2931219686303971
25567,LOF,0.038155483260502394,0.14257795083547942,0.8192665659040181
25568,LOF,0.056648277805239615,0.0861047538931685,0.857246968301592
25569,LOF,0.06752211009772313,0.07824895369875233,0.8542289362035245
25570,LOF,0.03001745318133485,0.10837581838813866,0.8616067284305265
25571,LOF,0.027759851023440033,0.113445573490642,0.858794575485918
25572,LOF,0.06910766261190908,0.1511050997462067,0.7797872376418842
25573,LOF,0.07109398418565191,0.1069217711250514,0.8219842446892968
25574,LOF,0.07195455807890969,0.2114482724844078,0.7165971694366825
25575,LOF,0.02476223685280321,0.13464615143772693,0.8405916117094699
25576,LOF,0.030056389472233113,0.18972073823840513,0.7802228722893617
25577,LOF,0.03439209384218916,0.14580360247603816,0.8198043036817727
25578,LOF,0.3026664887373078,0.10585213232922858,0.5914813789334636
25579,LOF,0.19018179662669485,0.1001546859738051,0.7096635173995001
25580,LOF,0.02360653723554388,0.082413220583806,0.8939802421806501
25581,LOF,0.049726477500552015,0.0860093528860302,0.8642641696134177
25582,LOF,0.049316545963032615,0.08441654105647774,0.8662669129804897
25583,LOF,0.02746236618808878,0.0962416594452981,0.876295974366613
25584,Neutral,0.7227583310419156,0.13129483822582594,0.14594683073225856
25585,LOF,0.022191712519164394,0.17169148967994313,0.8061167978008924
25586,LOF,0.019048554913466763,0.09343204108961588,0.8875194039969174
25587,LOF,0.01940413144101654,0.07768299604615932,0.9029128725128241
25588,LOF,0.023245155389938345,0.08273932203342245,0.8940155225766392
25589,Neutral,0.5487890690667684,0.22911213736124988,0.22209879357198173
25590,LOF,0.049064369009402774,0.130106464200038,0.8208291667905592
25591,LOF,0.08079748341859573,0.06827985431669595,0.8509226622647084
25592,LOF,0.05995357740362679,0.16823260777395915,0.771813814822414
25593,LOF,0.13027597901419857,0.2771410774435329,0.5925829435422685
25594,LOF,0.06172318622688722,0.07922400221406017,0.8590528115590526
25595,LOF,0.0631068064952718,0.04591351860792939,0.8909796748967987
25596,LOF,0.12573521799327242,0.024056211291757338,0.8502085707149702
25597,LOF,0.08674000389252365,0.030564831334838182,0.8826951647726382
25598,LOF,0.059168906065231404,0.0527567495980367,0.8880743443367319
25599,LOF,0.022535199555025465,0.3769780174673469,0.6004867829776277
25600,LOF,0.16494288621077716,0.41426375701149815,0.42079335677772456
25601,LOF,0.04141070530747399,0.3365340960763727,0.6220551986161533
25602,LOF,0.028036370658995665,0.07230695962033655,0.8996566697206678
25603,LOF,0.03719774057810964,0.05943263141054478,0.9033696280113457
25604,LOF,0.04228303499245604,0.1001685958047856,0.8575483692027585
25605,LOF,0.03366145530933191,0.18629604914286887,0.7800424955477993
25606,LOF,0.4161210844153485,0.15262540077240588,0.43125351481224555
25607,LOF,0.025815567299312583,0.21428533303316655,0.7598990996675208
25608,LOF,0.0368325293075861,0.12030124057833395,0.8428662301140799
25609,GOF,0.15779834505006213,0.46813151262660285,0.3740701423233351
25610,LOF,0.015577060695466107,0.05834514447946552,0.9260777948250684
25611,LOF,0.013103585112694735,0.06489772195164191,0.9219986929356634
25612,LOF,0.04485437692317108,0.07157434201075692,0.8835712810660721
25613,LOF,0.04318857961114972,0.07136223546902315,0.8854491849198272
25614,LOF,0.023199152966506324,0.04945310582003046,0.9273477412134632
25615,LOF,0.040547563334135936,0.06371094793532904,0.8957414887305352
25616,LOF,0.0534012562635557,0.058342558804157854,0.8882561849322864
25617,LOF,0.04085946592751702,0.06459265405014067,0.8945478800223423
25618,LOF,0.04671188743633273,0.0860250666161289,0.8672630459475383
25619,LOF,0.012995530080840726,0.062387236599814384,0.9246172333193448
25620,LOF,0.053890202164071706,0.06864747043851674,0.8774623273974116
25621,LOF,0.05647910118739965,0.05915609392076674,0.8843648048918337
25622,LOF,0.060946766638809026,0.06409264403710176,0.8749605893240893
25623,LOF,0.063495719266019,0.04216024701246502,0.894344033721516
25624,LOF,0.01978654876204004,0.05763797968177087,0.9225754715561891
25625,LOF,0.05831048001127256,0.05766209027525956,0.8840274297134678
25626,LOF,0.04577064189997763,0.06343487254160485,0.8907944855584177
25627,Neutral,0.8819812327934742,0.026357093600032477,0.09166167360649351
25628,LOF,0.1559359548218195,0.06336633403899314,0.7806977111391873
25629,LOF,0.06146436640833324,0.06630405818074427,0.8722315754109226
25630,LOF,0.26529036931263494,0.07171300010151706,0.6629966305858479
25631,Neutral,0.5352293758251174,0.06517939481820828,0.39959122935667435
25632,LOF,0.029839283673128245,0.0854341208612185,0.8847265954656532
25633,LOF,0.21635229732140482,0.047256582893182096,0.736391119785413
25634,LOF,0.04317509406315787,0.0850462854660859,0.8717786204707563
25635,LOF,0.03863096548984227,0.04413328601106037,0.9172357484990974
25636,GOF,0.03479640304847548,0.5622499055570664,0.4029536913944581
25637,GOF,0.05605815608388167,0.5530758079483155,0.3908660359678028
25638,GOF,0.03227376066385508,0.4915469587711984,0.4761792805649467
25639,GOF,0.031529954693313274,0.49227949130730597,0.4761905539993808
25640,Neutral,0.8520982981303947,0.09834549025718736,0.049556211612417925
25641,LOF,0.08328611074479224,0.4235209374351301,0.49319295182007766
25642,LOF,0.06334785473505498,0.1766354154948748,0.7600167297700703
25643,LOF,0.22689982716931253,0.1422578218086408,0.6308423510220466
25644,GOF,0.009021041640822592,0.6368782834962943,0.35410067486288316
25645,GOF,0.010770755538883875,0.6081564009652547,0.3810728434958615
25646,LOF,0.035407513171997654,0.4483646883235817,0.5162277985044207
25647,LOF,0.01111299456483962,0.3538599904074527,0.6350270150277078
25648,LOF,0.012633892871344636,0.4394202131482824,0.547945893980373
25649,LOF,0.0077111165839398805,0.342062281828656,0.6502266015874042
25650,GOF,0.020892999469221237,0.6124517981492287,0.3666552023815501
25651,LOF,0.008512092929522841,0.44521153931801977,0.5462763677524574
25652,LOF,0.014108121446877004,0.4377259807904941,0.5481658977626289
25653,GOF,0.03829638496610161,0.6160099756964159,0.3456936393374826
25654,LOF,0.009574177713283324,0.3294483387752489,0.6609774835114677
25655,GOF,0.12284275598964282,0.6439992653765856,0.2331579786337717
25656,LOF,0.34083462734742237,0.11289099999944159,0.546274372653136
25657,LOF,0.05124803145602059,0.10162642691839227,0.8471255416255872
25658,LOF,0.3221829843058363,0.14723541322433095,0.5305816024698328
25659,Neutral,0.4529146388128311,0.16082429975919352,0.38626106142797534
25660,LOF,0.02280827185948045,0.12020916867988829,0.8569825594606313
25661,LOF,0.08732169927540195,0.06846713195833419,0.8442111687662639
25662,LOF,0.03425743129609402,0.033843321799756285,0.9318992469041497
25663,LOF,0.03902853314239791,0.043367836912578124,0.9176036299450239
25664,LOF,0.12870372899251953,0.06859802818704888,0.8026982428204317
25665,LOF,0.06455196176812027,0.03167934729475375,0.903768690937126
25666,LOF,0.09661446080123269,0.06864423659560485,0.8347413026031624
25667,LOF,0.07193169223505247,0.0528708135274195,0.8751974942375279
25668,LOF,0.036782584936696776,0.058722845760360506,0.9044945693029426
25669,LOF,0.030907915299943297,0.05890714906603454,0.9101849356340223
25670,LOF,0.1254003397356289,0.06363990786207119,0.8109597524022999
25671,LOF,0.10530867448157226,0.04152237152756788,0.8531689539908598
25672,LOF,0.05401729057379882,0.04664918231111288,0.8993335271150883
25673,LOF,0.08783080405518051,0.04362072368191652,0.868548472262903
25674,LOF,0.07572576994584297,0.05527967743748754,0.8689945526166695
25675,LOF,0.11668691794153745,0.07351240693958724,0.8098006751188752
25676,LOF,0.01875462042018262,0.05541055653256017,0.9258348230472572
25677,LOF,0.023179436798852086,0.07251761514756251,0.9043029480535854
25678,LOF,0.18926385619792657,0.08772628544287796,0.7230098583591955
25679,LOF,0.11642538761400846,0.09079609595429722,0.7927785164316944
25680,LOF,0.03291004193714082,0.12255391146398706,0.844536046598872
25681,LOF,0.050745751484680676,0.11687764883148088,0.8323765996838385
25682,LOF,0.12918577768484743,0.08569235247059555,0.785121869844557
25683,LOF,0.10806834003659099,0.099068937077936,0.792862722885473
25684,LOF,0.037649708566652076,0.07236010305167011,0.8899901883816778
25685,LOF,0.11613307907613085,0.07222473305713052,0.8116421878667387
25686,LOF,0.06886861221001205,0.10707671669658402,0.8240546710934039
25687,LOF,0.12348981221654798,0.10831831495786845,0.7681918728255835
25688,LOF,0.41757270280206465,0.04250032300429739,0.5399269741936379
25689,LOF,0.29740186144851916,0.041803310294012325,0.6607948282574686
25690,LOF,0.32039477034890657,0.03241152087082145,0.6471937087802719
25691,Neutral,0.7100076094596843,0.03137925077501571,0.2586131397652998
25692,LOF,0.3414963486812548,0.012839846293761174,0.645663805024984
25693,LOF,0.041233071617938565,0.4097755514081706,0.5489913769738908
25694,LOF,0.11598306807294917,0.02037381162994092,0.8636431202971099
25695,LOF,0.10758974397989113,0.012099010651790058,0.8803112453683187
25696,LOF,0.1325385081503417,0.012188608806454697,0.8552728830432036
25697,LOF,0.06478733386397695,0.1576103547668037,0.7776023113692192
25698,LOF,0.31596473969106437,0.21332407483453894,0.47071118547439683
25699,LOF,0.43043041398313436,0.04373637424252768,0.525833211774338
25700,LOF,0.07537221601967667,0.013749991376773178,0.9108777926035501
25701,LOF,0.17438776661537825,0.05151058663768593,0.7741016467469358
25702,GOF,0.16745355074012586,0.6359236981862922,0.1966227510735818
25703,LOF,0.01570714855275051,0.14818043216159876,0.8361124192856508
25704,LOF,0.03688374796019991,0.15747286971668534,0.8056433823231147
25705,LOF,0.038623931110800425,0.08863593739663843,0.8727401314925611
25706,LOF,0.14198798170609064,0.32038296522248294,0.5376290530714265
25707,LOF,0.09354178454022641,0.25776899451758917,0.6486892209421844
25708,LOF,0.048501858483355934,0.24352920265804417,0.7079689388585999
25709,LOF,0.060431345172878355,0.02891341615451473,0.9106552386726068
25710,LOF,0.013840511265779298,0.09739249573768809,0.8887669929965326
25711,LOF,0.01946001304330271,0.06305190260220693,0.9174880843544903
25712,LOF,0.016445819117876643,0.137018216476187,0.8465359644059364
25713,LOF,0.017615180717990342,0.0697719654222173,0.9126128538597924
25714,LOF,0.0669407997751586,0.04816660931632711,0.8848925909085142
25715,LOF,0.011547646798702202,0.09585302719889417,0.8925993260024035
25716,LOF,0.01267135045146617,0.08136223280169294,0.9059664167468408
25717,LOF,0.016249248361227698,0.0616867870020425,0.9220639646367298
25718,LOF,0.011042582758285586,0.06255725627529797,0.9264001609664165
25719,LOF,0.021093949865832694,0.05637936878568379,0.9225266813484836
25720,LOF,0.025037971918617424,0.047023645966496094,0.9279383821148864
25721,LOF,0.013951825747371714,0.08304517105392516,0.9030030031987031
25722,LOF,0.014185885618552252,0.07588512464810382,0.909928989733344
25723,LOF,0.02420450263340591,0.03267157264951402,0.9431239247170801
25724,LOF,0.033907044056764604,0.056055796334971195,0.9100371596082643
25725,LOF,0.011662523316404712,0.05165526780805293,0.9366822088755424
25726,LOF,0.015442303660217392,0.07711659903084422,0.9074410973089383
25727,LOF,0.012570761126293498,0.05825211576190357,0.929177123111803
25728,LOF,0.010223238792208671,0.0662802176635002,0.9234965435442912
25729,LOF,0.010575265143545232,0.06768728251754262,0.921737452338912
25730,LOF,0.013692709302725125,0.06780957945775101,0.918497711239524
25731,LOF,0.023458630120155328,0.06505504579858505,0.9114863240812595
25732,LOF,0.013470092930878063,0.04214303084294401,0.9443868762261778
25733,LOF,0.017450983640657468,0.044687918556697064,0.9378610978026454
25734,LOF,0.013104724314801839,0.0886339985309581,0.8982612771542401
25735,LOF,0.011358612045310114,0.054999790694137955,0.9336415972605518
25736,LOF,0.012473387099925681,0.06714738601940859,0.9203792268806658
25737,LOF,0.01188604742802224,0.06343562693030792,0.9246783256416697
25738,LOF,0.011408047025750528,0.06134991610566015,0.9272420368685893
25739,LOF,0.019796473645724993,0.04790126420128402,0.9323022621529911
25740,LOF,0.02946006439684146,0.07502249813923095,0.8955174374639276
25741,LOF,0.01513133328475633,0.07290232079585572,0.9119663459193879
25742,LOF,0.1063797766859206,0.049588377536536186,0.8440318457775432
25743,LOF,0.046396072387621515,0.053501984337218325,0.9001019432751601
25744,Neutral,0.6241522895800485,0.22835191460770612,0.14749579581224534
25745,LOF,0.06576102047794354,0.07919701802126833,0.8550419615007882
25746,LOF,0.0416629051947272,0.10335372207157367,0.8549833727336992
25747,LOF,0.024838482002496734,0.08761909118900547,0.8875424268084978
25748,LOF,0.13730041751715327,0.13626188554590699,0.7264376969369398
25749,LOF,0.0266257717887359,0.10444943248542425,0.8689247957258398
25750,LOF,0.0726958941777377,0.10795708980347854,0.8193470160187838
25751,LOF,0.09751895731367162,0.1432746366986322,0.7592064059876962
25752,GOF,0.10336497687590857,0.6625745712608814,0.23406045186321017
25753,LOF,0.026593469079917217,0.3129207061194916,0.6604858248005913
25754,GOF,0.014714239387526412,0.8182073339898326,0.16707842662264114
25755,LOF,0.027949591531583967,0.40781850805226627,0.5642319004161499
25756,LOF,0.05094016869901439,0.37879810071601633,0.5702617305849692
25757,GOF,0.020442076812820502,0.8727219969886859,0.10683592619849354
25758,GOF,0.028352252773469516,0.8243793320706981,0.14726841515583242
25759,GOF,0.011773301619736165,0.6543020927431132,0.3339246056371506
25760,LOF,0.01620618786695658,0.3302695901819289,0.6535242219511145
25761,GOF,0.26017936635507544,0.6568459339202657,0.08297469972465893
25762,LOF,0.04354107697622431,0.3092821582053563,0.6471767648184195
25763,LOF,0.01600913320539179,0.24238968746871953,0.7416011793258886
25764,GOF,0.07075061330449403,0.6920492143195138,0.2372001723759921
25765,GOF,0.03328108378710482,0.7751532567448024,0.1915656594680928
25766,GOF,0.06868884801000658,0.785509019717925,0.14580213227206848
25767,GOF,0.14054297046349332,0.5513428902632218,0.3081141392732848
25768,LOF,0.10065542375571207,0.05756647083754512,0.8417781054067428
25769,LOF,0.0413591434064428,0.08451680312713071,0.8741240534664264
25770,LOF,0.28435991976300196,0.12083675117635151,0.5948033290606465
25771,LOF,0.0452823755725835,0.05897748938360947,0.895740135043807
25772,LOF,0.016792352337191094,0.05874785215699357,0.9244597955058154
25773,LOF,0.04873102948080375,0.08906878770012011,0.8622001828190762
25774,LOF,0.02721609357603339,0.12502042568907368,0.8477634807348929
25775,LOF,0.057058874420286926,0.05504544210916321,0.8878956834705498
25776,LOF,0.06043995236024045,0.03332081103830378,0.9062392366014558
25777,LOF,0.3162419343408688,0.09363210469033025,0.590125960968801
25778,LOF,0.05771687593208561,0.057901150349342755,0.8843819737185716
25779,GOF,0.39924332631124365,0.5516646736706479,0.04909200001810845
25780,GOF,0.33418604717893774,0.5935233643353125,0.07229058848574973
25781,GOF,0.1411669671445248,0.7538298220965713,0.10500321075890388
25782,GOF,0.22438353313049778,0.6999472783562763,0.07566918851322592
25783,GOF,0.023792165027967587,0.6189178696061168,0.3572899653659155
25784,Neutral,0.5067686190162856,0.4551746372292435,0.03805674375447091
25785,GOF,0.4700501186950485,0.48521752345670816,0.04473235784824347
25786,GOF,0.03320615676827832,0.7558523058218626,0.21094153740985905
25787,Neutral,0.6535809673120196,0.3199550986073134,0.026463934080666857
25788,LOF,0.06055419947882424,0.08456171691117009,0.8548840836100057
25789,GOF,0.23746439460184393,0.626573017723792,0.1359625876743641
25790,GOF,0.26012462238805895,0.6570666411534192,0.08280873645852203
25791,GOF,0.1741205334802123,0.6811626650889763,0.1447168014308114
25792,GOF,0.39811228675593996,0.5029876680253743,0.09890004521868573
25793,GOF,0.2498616143278315,0.5311717282535959,0.2189666574185727
25794,GOF,0.32822026396830334,0.49310278678345004,0.1786769492482468
25795,GOF,0.07706286453541364,0.6706507951650295,0.2522863402995569
25796,Neutral,0.5178752089640221,0.41406847950882014,0.06805631152715783
25797,GOF,0.09139125134496416,0.5477888809277132,0.36081986772732255
25798,GOF,0.010125728010592217,0.5108210701475483,0.4790532018418595
25799,LOF,0.007423720973238066,0.4340482982287912,0.5585279807979707
25800,GOF,0.03720425744258959,0.6022941202466333,0.36050162231077704
25801,GOF,0.24499645163348138,0.6512293904160458,0.1037741579504728
25802,GOF,0.06455902078113734,0.6956148267318883,0.2398261524869743
25803,GOF,0.04430720679639222,0.5904430765990009,0.3652497166046068
25804,GOF,0.03959506580334527,0.5170463298273766,0.443358604369278
25805,GOF,0.1423025474938742,0.5814997192176193,0.27619773328850644
25806,GOF,0.14003510553473983,0.5933756550932656,0.26658923937199447
25807,GOF,0.021933894468182343,0.6445663842729225,0.3334997212588953
25808,GOF,0.12276294258591422,0.5937363122188061,0.2835007451952797
25809,GOF,0.020938009277170863,0.6440535483901052,0.335008442332724
25810,GOF,0.021270194676116502,0.6418038219288548,0.3369259833950286
25811,Neutral,0.5177909501542026,0.4236608123022988,0.05854823754349858
25812,GOF,0.03973619262496667,0.6283695534997815,0.33189425387525184
25813,Neutral,0.5526783213116045,0.35003829811207243,0.09728338057632309
25814,GOF,0.14311047519535275,0.6485838363443093,0.20830568846033795
25815,GOF,0.22864020733880797,0.6023200092420858,0.16903978341910622
25816,GOF,0.020788374406025805,0.6752770649097931,0.3039345606841812
25817,GOF,0.24649787423356695,0.6361712161469959,0.11733090961943721
25818,GOF,0.05503057631249076,0.5704503427052381,0.37451908098227116
25819,GOF,0.39352441897448204,0.4716539741446123,0.13482160688090566
25820,GOF,0.2247474225589551,0.5985582842011856,0.17669429323985925
25821,GOF,0.06504626599567824,0.6903254806991669,0.24462825330515484
25822,GOF,0.2540844656364818,0.5498278309752118,0.19608770338830647
25823,GOF,0.0391512020830014,0.5187539837539759,0.44209481416302276
25824,GOF,0.09243350559718709,0.561606479915066,0.3459600144877469
25825,GOF,0.03626342655045657,0.5638777914133016,0.39985878203624187
25826,GOF,0.014128780237209537,0.5463707884431803,0.4395004313196102
25827,GOF,0.025100567450908762,0.6012535899783126,0.3736458425707786
25828,GOF,0.015468227843829814,0.5231275644705424,0.46140420768562784
25829,GOF,0.006903246735706338,0.54617587984687,0.4469208734174238
25830,LOF,0.0471899720004613,0.3057322438642119,0.6470777841353269
25831,GOF,0.20261586219475472,0.6673852946216251,0.12999884318362018
25832,GOF,0.03543389145029773,0.6861702019805349,0.2783959065691674
25833,GOF,0.12531781467127456,0.6932148723928525,0.18146731293587287
25834,GOF,0.040652974753563775,0.6934810013342132,0.2658660239122231
25835,GOF,0.09245052685217227,0.698938440756384,0.20861103239144366
25836,GOF,0.0513907556643169,0.6590513731691238,0.28955787116655934
25837,GOF,0.02240542561293096,0.5281461287852186,0.4494484456018504
25838,GOF,0.08225211616375756,0.7235200397890218,0.1942278440472207
25839,GOF,0.31978002911262926,0.5441739567237424,0.13604601416362835
25840,GOF,0.2599621014586422,0.5608599748618983,0.17917792367945945
25841,GOF,0.26095379721253326,0.5636029117950485,0.17544329099241812
25842,GOF,0.203407003831776,0.6464541111835272,0.15013888498469666
25843,GOF,0.24292754918424614,0.6389887966641282,0.11808365415162562
25844,GOF,0.06247212808451609,0.6667344090448969,0.2707934628705871
25845,LOF,0.013407611134475687,0.4814460645850299,0.5051463242804944
25846,GOF,0.12106122541662187,0.7012215612398471,0.17771721334353094
25847,GOF,0.12174337794976876,0.7407130016789014,0.13754362037132975
25848,GOF,0.036384892389454325,0.6644297881724991,0.2991853194380466
25849,GOF,0.010353569758299284,0.55335240888094,0.43629402136076073
25850,GOF,0.023874941226345908,0.6481156332972647,0.32800942547638934
25851,GOF,0.0179416107379115,0.5427531316750759,0.4393052575870125
25852,GOF,0.1693775730021166,0.5954897919803044,0.23513263501757897
25853,GOF,0.32946342016259805,0.6027880726284442,0.06774850720895768
25854,GOF,0.020673068052949238,0.6128238407334872,0.36650309121356356
25855,GOF,0.039544427723481684,0.5902326337181096,0.37022293855840854
25856,GOF,0.21103428930992774,0.5749474693376826,0.21401824135238967
25857,GOF,0.03554837063107725,0.50942158798617,0.45503004138275277
25858,GOF,0.01977788675602926,0.5675601385370885,0.41266197470688226
25859,GOF,0.010468646785202162,0.5454207109594527,0.4441106422553452
25860,GOF,0.35267025446997946,0.5655101942742864,0.08181955125573416
25861,GOF,0.38128251963246723,0.5468269476899179,0.07189053267761483
25862,GOF,0.08990981036326076,0.7763306919214066,0.1337594977153326
25863,GOF,0.09814381341334243,0.7791816672702282,0.12267451931642952
25864,GOF,0.21702595139924047,0.7131833206547611,0.06979072794599847
25865,GOF,0.08412411673232298,0.7896752683950293,0.12620061487264755
25866,GOF,0.06693801514700214,0.805512189205132,0.12754979564786575
25867,GOF,0.08593937608496614,0.8025510706938401,0.11150955322119364
25868,GOF,0.27844846643187554,0.6199635237246267,0.10158800984349776
25869,Neutral,0.6903010946749178,0.2691732589685,0.0405256463565822
25870,LOF,0.3673243424235994,0.24687891009572513,0.3857967474806755
25871,GOF,0.26170425772722644,0.5868817703153101,0.15141397195746345
25872,GOF,0.08902111491885323,0.6284515728635619,0.28252731221758476
25873,GOF,0.16993302361009804,0.6008007869185262,0.2292661894713757
25874,LOF,0.024166983083030526,0.10597675408143488,0.8698562628355345
25875,LOF,0.09332749105877743,0.055827710182143116,0.8508447987590796
25876,LOF,0.02683763391849674,0.052149517513405304,0.9210128485680981
25877,Neutral,0.5284829698574642,0.07613598287748624,0.39538104726504947
25878,LOF,0.20728031811421843,0.1268381094081809,0.6658815724776007
25879,LOF,0.08897814244989621,0.12002147244705302,0.7910003851030508
25880,LOF,0.02267924834908789,0.03103040704105876,0.9462903446098534
25881,LOF,0.18730863907556158,0.17438262841331545,0.638308732511123
25882,LOF,0.082066079403471,0.021020559950381167,0.8969133606461478
25883,LOF,0.07619300358086646,0.031107491529051522,0.892699504890082
25884,LOF,0.04242667127416369,0.045329997102921835,0.9122433316229146
25885,LOF,0.07117656410897796,0.018987667352757406,0.9098357685382646
25886,LOF,0.3583082293905626,0.05390057014244341,0.5877912004669941
25887,LOF,0.17368885749609572,0.10241012829804136,0.7239010142058628
25888,LOF,0.0667207048803182,0.08889716062145941,0.8443821344982223
25889,LOF,0.05286155307749994,0.0284336311695505,0.9187048157529496
25890,LOF,0.04685126465013137,0.12683704367274076,0.8263116916771279
25891,LOF,0.03687502352789088,0.07154619295169327,0.8915787835204159
25892,LOF,0.1097213208516517,0.02300783393499879,0.8672708452133495
25893,LOF,0.287964046346125,0.017319171150937458,0.6947167825029377
25894,LOF,0.18053664204597558,0.009901193969110333,0.809562163984914
25895,LOF,0.21170704463780393,0.021819971505087618,0.7664729838571085
25896,LOF,0.04865933803802209,0.026992264703797612,0.9243483972581803
25897,LOF,0.2417732843264257,0.015825274291412852,0.7424014413821615
25898,Neutral,0.7359831288529595,0.010462504188092619,0.25355436695894784
25899,LOF,0.2671448415425695,0.02931744682332934,0.7035377116341011
25900,LOF,0.4718947921334128,0.019731249508019,0.5083739583585682
25901,LOF,0.051902406979472585,0.015885220578183906,0.9322123724423436
25902,LOF,0.16274800388454258,0.01288881641307754,0.8243631797023798
25903,Neutral,0.4981793588924992,0.03245878841704426,0.46936185269045644
25904,LOF,0.2898584706678983,0.06034182114497219,0.6497997081871295
25905,LOF,0.026320188627484184,0.3012125313890195,0.6724672799834962
25906,LOF,0.02272976233505876,0.06762451923243538,0.9096457184325059
25907,LOF,0.014086689624909271,0.31086964200056705,0.6750436683745238
25908,LOF,0.011055993575604545,0.20942891875093703,0.7795150876734583
25909,LOF,0.014062943224114806,0.13761571928369518,0.8483213374921901
25910,LOF,0.04744150333600262,0.1075180385702989,0.8450404580936985
25911,LOF,0.13679911249662774,0.027340240930826768,0.8358606465725454
25912,LOF,0.04221228740707806,0.05138745237394991,0.906400260218972
25913,LOF,0.2735236355628476,0.020104782070975078,0.7063715823661773
25914,LOF,0.026257645633566685,0.10617181363269235,0.867570540733741
25915,Neutral,0.44844223400761174,0.2606248862049586,0.2909328797874297
25916,LOF,0.06777347416522068,0.28985654702637254,0.6423699788084067
25917,LOF,0.0667065100669305,0.05915131145586541,0.8741421784772041
25918,LOF,0.036309978824564534,0.05829856010384319,0.9053914610715922
25919,LOF,0.02829677699659648,0.06381566489852951,0.907887558104874
25920,GOF,0.08336197504169629,0.48851928893789004,0.42811873602041356
25921,LOF,0.03001305021560343,0.02150204966335469,0.9484849001210419
25922,LOF,0.040953338531368844,0.01473916521591185,0.9443074962527194
25923,LOF,0.38955056399300547,0.018396287607284772,0.5920531483997098
25924,LOF,0.041224856333242146,0.029791863204141362,0.9289832804626164
25925,LOF,0.06796017626706996,0.02658495119634074,0.9054548725365892
25926,LOF,0.04730208398448923,0.019009539333013897,0.9336883766824968
25927,LOF,0.06941679034667977,0.06380041448289081,0.8667827951704293
25928,LOF,0.022916925147585497,0.029888585114522574,0.9471944897378919
25929,Neutral,0.5111662739056472,0.019783192828454612,0.4690505332658983
25930,LOF,0.054811268164923016,0.01621538260510805,0.9289733492299689
25931,LOF,0.03231692932406245,0.021928703364042696,0.9457543673118949
25932,LOF,0.027794614573484165,0.019453132423178043,0.9527522530033379
25933,LOF,0.0366607443022385,0.011385384566712568,0.951953871131049
25934,LOF,0.024005858158304933,0.013264709590089392,0.9627294322516056
25935,LOF,0.06396210378182221,0.031866702453159014,0.9041711937650189
25936,LOF,0.045940401715945885,0.015822233959676732,0.9382373643243773
25937,LOF,0.02943597094426868,0.02509143446675724,0.9454725945889741
25938,LOF,0.06443973965557924,0.03447185966098769,0.9010884006834331
25939,LOF,0.03672981048947982,0.011334812288877352,0.9519353772216429
25940,LOF,0.02517218833142106,0.35438393404058954,0.6204438776279894
25941,LOF,0.17112608800836213,0.07229707055211806,0.7565768414395199
25942,LOF,0.018125460465261894,0.03944854060504006,0.942425998929698
25943,LOF,0.3043179891071254,0.06022500581833165,0.635457005074543
25944,LOF,0.48269544078427856,0.03039360154067213,0.48691095767504927
25945,LOF,0.07351021412358508,0.02670148058510459,0.8997883052913104
25946,LOF,0.02872870323333938,0.13679697953210898,0.8344743172345517
25947,LOF,0.12751540465608713,0.18860463919636805,0.6838799561475447
25948,LOF,0.44261269247714335,0.018752382415204275,0.5386349251076523
25949,LOF,0.09764460848050052,0.07542160686142553,0.8269337846580739
25950,GOF,0.3200374990058429,0.38812847421419927,0.29183402677995784
25951,LOF,0.2652166233432643,0.20415041577515125,0.5306329608815845
25952,LOF,0.05238994007809207,0.4653427833311409,0.4822672765907671
25953,LOF,0.1410002057916343,0.09888422653163918,0.7601155676767264
25954,Neutral,0.46036975542060976,0.15725506858531343,0.3823751759940768
25955,LOF,0.06158376375509204,0.07931844353233376,0.8590977927125742
25956,LOF,0.18458772353662242,0.08062176080077318,0.7347905156626043
25957,LOF,0.041039741926789226,0.02677915126325312,0.9321811068099576
25958,LOF,0.05373374305278775,0.030649609082520134,0.9156166478646922
25959,LOF,0.06721099821085069,0.34981448197800125,0.5829745198111481
25960,LOF,0.021510041736275177,0.05913344053179019,0.9193565177319346
25961,LOF,0.04670416800210062,0.038930913300262944,0.9143649186976365
25962,LOF,0.05797331393744631,0.03164677108758115,0.9103799149749725
25963,LOF,0.05293638421743626,0.16259777405570475,0.7844658417268591
25964,LOF,0.03177975969507696,0.1460697731268548,0.8221504671780683
25965,LOF,0.44287807569527665,0.07636201701985224,0.48075990728487117
25966,Neutral,0.4443466226663455,0.18422222560200927,0.3714311517316453
25967,LOF,0.013783364456897474,0.07533158792397962,0.910885047619123
25968,GOF,0.034963218842371614,0.4878692987588689,0.47716748239875945
25969,LOF,0.019746998991585354,0.0625972997680904,0.9176557012403241
25970,LOF,0.0560620840511216,0.056825084169685444,0.8871128317791929
25971,LOF,0.07385418223791293,0.015439304019919777,0.9107065137421674
25972,LOF,0.07797504166195095,0.02465466323234047,0.8973702951057085
25973,LOF,0.0900176706347574,0.009066380855292752,0.9009159485099498
25974,LOF,0.2384862409491441,0.0238793303889746,0.7376344286618813
25975,LOF,0.04860452457348912,0.03244796395075526,0.9189475114757557
25976,LOF,0.04975479998452931,0.02069632963313082,0.9295488703823399
25977,LOF,0.14427560137303466,0.09530937867546732,0.7604150199514981
25978,LOF,0.10733899256786592,0.07039360198509921,0.8222674054470348
25979,LOF,0.10640748398584655,0.06797623425131723,0.8256162817628362
25980,LOF,0.1276833530801726,0.10322043634201768,0.7690962105778097
25981,LOF,0.1565757556599151,0.0998053656374111,0.7436188787026737
25982,LOF,0.318024019025089,0.06177661852681698,0.6201993624480939
25983,LOF,0.31119954911878617,0.05954148621108354,0.6292589646701303
25984,LOF,0.04902150569495078,0.07838617417586369,0.8725923201291855
25985,LOF,0.02403717830436973,0.27980041742096173,0.6961624042746685
25986,LOF,0.03157056160880344,0.3023216984833996,0.6661077399077969
25987,LOF,0.07779709254107893,0.08708316310462832,0.8351197443542927
25988,LOF,0.12022030111757553,0.07543689814147259,0.8043428007409519
25989,LOF,0.028775306918007577,0.15254610675531133,0.818678586326681
25990,LOF,0.036021342146406336,0.1647631226464679,0.7992155352071258
25991,GOF,0.16777534245299092,0.4326833094779974,0.3995413480690116
25992,Neutral,0.37534174063894016,0.25507983011506286,0.3695784292459969
25993,LOF,0.026526060796462376,0.07710950062277058,0.8963644385807671
25994,LOF,0.018271398725139564,0.12527494635256378,0.8564536549222967
25995,LOF,0.028294929873378994,0.18120817915243626,0.7904968909741847
25996,GOF,0.23724002265354974,0.5896862878094303,0.17307368953701982
25997,GOF,0.09956301324474798,0.5725245356302393,0.32791245112501277
25998,Neutral,0.5639656136714237,0.01390615816927646,0.4221282281592999
25999,LOF,0.11625706155188736,0.14354185760273316,0.7402010808453794
26000,LOF,0.16315786740330754,0.03470433393911866,0.802137798657574
26001,LOF,0.18962780715987093,0.03675881207979704,0.773613380760332
26002,LOF,0.15048693753850415,0.035026447745668036,0.8144866147158278
26003,GOF,0.008542725964338617,0.6676090425538691,0.3238482314817921
26004,GOF,0.023756467396915934,0.7455434718960995,0.2307000607069845
26005,GOF,0.008247618575609376,0.5557514223749014,0.43600095904948927
26006,Neutral,0.4799961722078692,0.3291553067907456,0.19084852100138516
26007,GOF,0.016003834169924427,0.5971179483656928,0.3868782174643829
26008,GOF,0.015383531900883743,0.6542977785918148,0.3303186895073014
26009,GOF,0.0196819808145668,0.6679324482950199,0.3123855708904133
26010,GOF,0.02115863268974599,0.6939817954935276,0.2848595718167265
26011,GOF,0.006978553539258849,0.539464665673614,0.4535567807871273
26012,GOF,0.013275619471780836,0.6324343989627214,0.3542899815654978
26013,GOF,0.013586471399458963,0.6720327878726386,0.3143807407279025
26014,LOF,0.04557599872541325,0.18405686022810505,0.7703671410464817
26015,LOF,0.20233658066126914,0.017784825968831502,0.7798785933698993
26016,LOF,0.21002028929042293,0.06547759930206512,0.724502111407512
26017,LOF,0.17066981577053264,0.10761701992615391,0.7217131643033134
26018,LOF,0.07577236017144222,0.0770716278362257,0.8471560119923321
26019,LOF,0.07314267283172185,0.05365068272987954,0.8732066444383986
26020,LOF,0.05256915209189143,0.1540310971081635,0.793399750799945
26021,LOF,0.04711721964253353,0.17976677670163652,0.7731160036558299
26022,LOF,0.01226677597093236,0.08467382646195279,0.9030593975671148
26023,LOF,0.10645472371787099,0.04951827854883936,0.8440269977332897
26024,LOF,0.027161266648499237,0.14475319468327028,0.8280855386682305
26025,LOF,0.13309740009098878,0.15175331978465456,0.7151492801243567
26026,LOF,0.2923894640965773,0.033605100212756964,0.6740054356906657
26027,LOF,0.07599451743050703,0.03850538171434913,0.8855001008551437
26028,LOF,0.16224174262609262,0.08682011824689122,0.7509381391270162
26029,LOF,0.07418917232874217,0.13627333892084695,0.789537488750411
26030,LOF,0.026881509805314743,0.05320748583181954,0.9199110043628658
26031,LOF,0.03195112084447811,0.10994620647743716,0.8581026726780848
26032,LOF,0.07692828707427093,0.05153564512688889,0.8715360677988402
26033,LOF,0.12381558059741725,0.05743099988239224,0.8187534195201905
26034,LOF,0.048528672052481805,0.1206119494568234,0.8308593784906947
26035,LOF,0.032748193210033354,0.10236039169215023,0.8648914150978164
26036,LOF,0.045157067346271756,0.12577165165316087,0.8290712810005674
26037,LOF,0.02705976457047942,0.08989771337739416,0.8830425220521264
26038,LOF,0.07378666984926145,0.050161498633933606,0.8760518315168049
26039,LOF,0.06545862551930363,0.11512825816302977,0.8194131163176667
26040,LOF,0.22395327338730825,0.09828379303088147,0.6777629335818104
26041,LOF,0.02672426587249228,0.08266824783255582,0.8906074862949519
26042,LOF,0.026023125251847936,0.08546392429641197,0.8885129504517402
26043,LOF,0.07146892641348916,0.06630194965759557,0.8622291239289153
26044,LOF,0.023652797769830522,0.0638162252138104,0.9125309770163591
26045,LOF,0.08462496881451442,0.07926571418440129,0.8361093170010843
26046,LOF,0.07582105459228958,0.06831632749847606,0.8558626179092343
26047,LOF,0.11091704017368245,0.0772108233877162,0.8118721364386012
26048,LOF,0.05534073099119989,0.053325944801344075,0.8913333242074561
26049,Neutral,0.952220854686397,0.00798082740226692,0.039798317911336034
26050,Neutral,0.9319216672612822,0.009055029595712355,0.05902330314300531
26051,LOF,0.055136755462487384,0.33235670051457633,0.6125065440229363
26052,LOF,0.07635474443277498,0.3013640980600864,0.6222811575071386
26053,LOF,0.05955678548238988,0.15243606626204256,0.7880071482555675
26054,LOF,0.05713544060931773,0.03618555959465654,0.9066789997960258
26055,LOF,0.07471603048495469,0.0264537692148875,0.8988302003001577
26056,LOF,0.06322139140058095,0.0317982818529126,0.9049803267465064
26057,LOF,0.031003308519557547,0.01605471238474206,0.9529419790957004
26058,LOF,0.031233105847691213,0.014135317703468774,0.95463157644884
26059,LOF,0.2607746667114089,0.04636306714139259,0.6928622661471985
26060,LOF,0.030994178163017156,0.22701974614614515,0.7419860756908377
26061,LOF,0.01980947609239612,0.017353935475948386,0.9628365884316555
26062,LOF,0.011323134432514969,0.029381021067789156,0.9592958444996958
26063,LOF,0.021652242584071318,0.018192127125563444,0.9601556302903652
26064,LOF,0.024076119550234434,0.02769986996713263,0.9482240104826328
26065,LOF,0.024765492561417437,0.017466717061836008,0.9577677903767466
26066,LOF,0.02009517417689933,0.017333562429118574,0.9625712633939821
26067,LOF,0.025259889873111924,0.011852369349286827,0.9628877407776013
26068,LOF,0.047996776370299914,0.0594042553815886,0.8925989682481115
26069,LOF,0.2557787391323737,0.03655368046024911,0.7076675804073773
26070,LOF,0.38251065022472014,0.02396627301404062,0.5935230767612392
26071,LOF,0.02215611467321585,0.017922554640164845,0.9599213306866193
26072,LOF,0.023217215636957375,0.026252507187935988,0.9505302771751066
26073,LOF,0.02360404391268712,0.016389987847143808,0.960005968240169
26074,Neutral,0.9072049352902659,0.007730876657553304,0.08506418805218087
26075,LOF,0.04520741191790098,0.022814469067800536,0.9319781190142984
26076,LOF,0.0429353774990074,0.012758521167974561,0.944306101333018
26077,LOF,0.009978520619355905,0.02776691379326805,0.9622545655873761
26078,LOF,0.014481536065698117,0.018311929362675235,0.9672065345716266
26079,LOF,0.05719154361630766,0.0286476891330918,0.9141607672506006
26080,LOF,0.0558612169140309,0.02871433396976508,0.9154244491162039
26081,LOF,0.03491317172931027,0.010526722859959614,0.9545601054107301
26082,LOF,0.018122858007086885,0.02532937878969182,0.9565477632032212
26083,LOF,0.13247932976446686,0.02173862294020127,0.8457820472953319
26084,LOF,0.02719718503012605,0.019504035457574058,0.9532987795122999
26085,LOF,0.02197537427390247,0.01843268141037975,0.9595919443157177
26086,LOF,0.02499139577075747,0.017168619882845716,0.9578399843463967
26087,LOF,0.025271697488339816,0.011473730943874043,0.9632545715677862
26088,LOF,0.018025842362620392,0.032874510353785844,0.9490996472835938
26089,LOF,0.04585952987153418,0.0376771617784325,0.9164633083500333
26090,LOF,0.045176670190875276,0.029635785549426974,0.9251875442596977
26091,LOF,0.03999337220882744,0.009423192098830966,0.9505834356923415
26092,LOF,0.026944700726480322,0.012513699816708765,0.960541599456811
26093,LOF,0.03712911078352214,0.008889790315155964,0.9539810989013219
26094,LOF,0.039757988231791754,0.010059599938566985,0.9501824118296414
26095,LOF,0.054197446393152784,0.02404524428577801,0.9217573093210691
26096,LOF,0.02066343057302156,0.0188625643800765,0.9604740050469018
26097,LOF,0.009916655205956335,0.056109389230071534,0.9339739555639721
26098,LOF,0.07516844994996538,0.020790365790413472,0.9040411842596211
26099,LOF,0.02404664946235095,0.022119065900492903,0.9538342846371562
26100,LOF,0.02582839176424665,0.021303982720637174,0.9528676255151163
26101,LOF,0.05646021054832504,0.020858644880545348,0.9226811445711296
26102,LOF,0.025563279956181805,0.021705231088346558,0.9527314889554717
26103,Neutral,0.8820332223103342,0.03418873196062196,0.08377804572904375
26104,LOF,0.06739070253058592,0.05155190366732543,0.8810573938020887
26105,LOF,0.23015485207872122,0.22070437455216435,0.5491407733691145
26106,LOF,0.16245258050332856,0.13477497628577556,0.7027724432108959
26107,LOF,0.23567168835442748,0.08883214151355033,0.6754961701320221
26108,LOF,0.2435614974364057,0.12356261048680273,0.6328758920767916
26109,LOF,0.08461734567767915,0.13311487870966834,0.7822677756126525
26110,LOF,0.2720480180596327,0.008621252244223197,0.7193307296961442
26111,Neutral,0.5015165168234488,0.019746237309676177,0.47873724586687505
26112,LOF,0.03797423423815877,0.008856452154657697,0.9531693136071836
26113,LOF,0.05948675598980103,0.017231400886180904,0.9232818431240182
26114,LOF,0.021397310247547055,0.01846437414233406,0.9601383156101189
26115,LOF,0.08453592460176092,0.03505754937314876,0.8804065260250904
26116,LOF,0.057113440665109955,0.027612303287511564,0.9152742560473786
26117,LOF,0.38753210973388513,0.05662109606148026,0.5558467942046347
26118,LOF,0.03997797253435523,0.029249475932072826,0.9307725515335719
26119,LOF,0.024332263638267983,0.038058376467322,0.9376093598944101
26120,LOF,0.029995051711109125,0.027798088521491408,0.9422068597673994
26121,LOF,0.05983306655179002,0.08955707986613642,0.8506098535820735
