feature0,prediction,LoGoFunc_Neutral,LoGoFunc_GOF,LoGoFunc_LOF
25546,Neutral,0.6248311688173701,0.06837878131321556,0.3067900498694143
25547,Neutral,0.4950900111489405,0.11687737223087902,0.3880326166201804
25548,Neutral,0.5002477201300741,0.10131434128934869,0.3984379385805772
25549,LOF,0.44024022898068677,0.1048990925213974,0.4548606784979157
25550,LOF,0.3555235285549963,0.1281735644618911,0.5163029069831125
25551,LOF,0.2996159013087285,0.14332463353274297,0.5570594651585286
25552,LOF,0.2720286926442614,0.1437498709678514,0.5842214363878873
25553,Neutral,0.7913621572391769,0.05469958696189053,0.1539382557989325
25554,LOF,0.3143427263876037,0.1323575750318785,0.5532996985805178
25555,LOF,0.2659271494749374,0.12585459831218504,0.6082182522128776
25556,Neutral,0.44924803477133607,0.11370289223701754,0.4370490729916464
25557,LOF,0.2590041621351724,0.1292487972745398,0.6117470405902878
25558,LOF,0.31770753314393907,0.12426562083901443,0.5580268460170466
25559,LOF,0.2828078576767796,0.09892991636568758,0.6182622259575328
25560,LOF,0.12662509040681558,0.14443536480759858,0.7289395447855858
25561,LOF,0.12462043308958203,0.21296272338940955,0.6624168435210084
25562,LOF,0.04548744717601241,0.09759242771295115,0.8569201251110365
25563,LOF,0.014836355452115884,0.15989667862572574,0.8252669659221583
25564,LOF,0.10559588509078713,0.11974124081603249,0.7746628740931805
25565,LOF,0.1889403687542861,0.1512604723924977,0.6597991588532162
25566,GOF,0.0630208337359438,0.6449826060558043,0.2919965602082518
25567,LOF,0.03662315048300618,0.16186121643310786,0.801515633083886
25568,LOF,0.05669080051522672,0.09171991854778062,0.8515892809369925
25569,LOF,0.06374549937469892,0.08190106383783699,0.8543534367874641
25570,LOF,0.028695339639598322,0.13665894552516067,0.834645714835241
25571,LOF,0.026463665337279774,0.13787869824412133,0.8356576364185989
25572,LOF,0.066703052661776,0.1517233310915757,0.7815736162466482
25573,LOF,0.06666986771577295,0.10932680444047799,0.8240033278437491
25574,LOF,0.06426389671198122,0.23529725421425332,0.7004388490737654
25575,LOF,0.023609765159063562,0.13588724732847066,0.8405029875124659
25576,LOF,0.027480082041318035,0.18688123326920242,0.7856386846894795
25577,LOF,0.03211280600985829,0.14453324456480432,0.8233539494253374
25578,LOF,0.29899665569212647,0.10929130490331053,0.5917120394045629
25579,LOF,0.2012076406218532,0.10754909716648912,0.6912432622116578
25580,LOF,0.02168080319333365,0.09384589665142609,0.8844733001552403
25581,LOF,0.04821005724003939,0.08667713880682959,0.8651128039531311
25582,LOF,0.047608017175076456,0.08539692888433727,0.8669950539405862
25583,LOF,0.02560252883447436,0.1102339584626769,0.8641635127028486
25584,Neutral,0.6928284469683654,0.1524352795083676,0.1547362735232669
25585,LOF,0.020935379227635494,0.19161858661620565,0.7874460341561588
25586,LOF,0.018331211778643133,0.10397549305356396,0.8776932951677928
25587,LOF,0.018800368927720683,0.09061665132893325,0.890582979743346
25588,LOF,0.022094642098406597,0.09993534017976385,0.8779700177218295
25589,Neutral,0.5178601835611517,0.24670587778135492,0.23543393865749326
25590,LOF,0.04837273903236409,0.15014261882665406,0.8014846421409819
25591,LOF,0.08324064872620257,0.07419053678591554,0.8425688144878818
25592,LOF,0.06056231721794612,0.1852278409287566,0.7542098418532972
25593,LOF,0.10876947124946955,0.31963322819148793,0.5715973005590425
25594,LOF,0.05312657899035335,0.05968273600723236,0.8871906850024144
25595,LOF,0.05662765089040924,0.039669244576304406,0.9037031045332863
25596,LOF,0.12288808231100634,0.02255054997265693,0.8545613677163368
25597,LOF,0.08676772938039234,0.026691794311709587,0.8865404763078981
25598,LOF,0.04885296669268253,0.044614565638405566,0.9065324676689118
25599,LOF,0.023886990485615992,0.3863447823033361,0.5897682272110479
25600,LOF,0.20337275211234115,0.3786573778285732,0.41796987005908565
25601,LOF,0.04190789536888437,0.3130847413051216,0.645007363325994
25602,LOF,0.028660509884402774,0.07390725994624738,0.8974322301693499
25603,LOF,0.03666305979537126,0.051008253380955555,0.9123286868236732
25604,LOF,0.03935355145960451,0.08427028288483643,0.876376165655559
25605,LOF,0.03016002302644636,0.19218280875525964,0.777657168218294
25606,LOF,0.38246542350703244,0.15208010152983742,0.4654544749631301
25607,LOF,0.025471379419037554,0.19262428440540677,0.7819043361755558
25608,LOF,0.033237287269250994,0.11235593815035755,0.8544067745803914
25609,GOF,0.13563953735856105,0.4894064714356199,0.37495399120581907
25610,LOF,0.014991349811185484,0.043692911010251224,0.9413157391785633
25611,LOF,0.012576226274642343,0.05208256850730951,0.9353412052180481
25612,LOF,0.051839886732963664,0.05614489946581881,0.8920152138012175
25613,LOF,0.04788540027230107,0.057932460272640283,0.8941821394550585
25614,LOF,0.02152539478231481,0.04090572991670472,0.9375688753009805
25615,LOF,0.04453662532330621,0.06211602671810535,0.8933473479585884
25616,LOF,0.052325817620887526,0.048273449796370826,0.8994007325827416
25617,LOF,0.040760262660745165,0.05598275488101422,0.9032569824582407
25618,LOF,0.04822666045951683,0.06921182984946642,0.8825615096910167
25619,LOF,0.012159528458568585,0.052901966422453525,0.9349385051189778
25620,LOF,0.058020128333514664,0.05684218591773693,0.8851376857487484
25621,LOF,0.06290391625211672,0.051564739222191895,0.8855313445256914
25622,LOF,0.06552483643353074,0.059420139145423885,0.8750550244210453
25623,LOF,0.06948322450528399,0.04167960397057613,0.8888371715241399
25624,LOF,0.0188387617312788,0.047443797340336415,0.9337174409283848
25625,LOF,0.06238027759188999,0.05112790802786389,0.886491814380246
25626,LOF,0.05038079910713762,0.05449055454366477,0.8951286463491976
25627,Neutral,0.8872805497610949,0.01916395810950395,0.09355549212940116
25628,LOF,0.16722688415524792,0.04338884848809156,0.7893842673566605
25629,LOF,0.0721129226119028,0.03845639841569204,0.8894306789724051
25630,LOF,0.28153039016191894,0.05202937954524633,0.6664402302928346
25631,Neutral,0.5506957170892127,0.04800431806426696,0.4012999648465203
25632,LOF,0.025785031527643863,0.07966899641902969,0.8945459720533263
25633,LOF,0.20099575048133467,0.047735870164083254,0.7512683793545821
25634,LOF,0.03984225445249717,0.091348611520618,0.8688091340268848
25635,LOF,0.0360774638619948,0.05022589830842434,0.9136966378295809
25636,GOF,0.03679662219417801,0.5055819215146794,0.4576214562911426
25637,GOF,0.04808988796569849,0.5117980437886371,0.44011206824566435
25638,LOF,0.03402018786662945,0.42660954910273685,0.5393702630306337
25639,LOF,0.030036157728583826,0.46191214100045996,0.5080517012709562
25640,Neutral,0.8710751308603067,0.07629831157034697,0.05262655756934609
25641,LOF,0.09325580436088528,0.38411841654350914,0.5226257790956056
25642,LOF,0.0673479311244049,0.162952095382294,0.769699973493301
25643,LOF,0.239625271070337,0.12414183144320055,0.6362328974864624
25644,GOF,0.009492911235205178,0.5983048029350992,0.3922022858296956
25645,GOF,0.011831257814986638,0.5636701793917297,0.42449856279328374
25646,LOF,0.03648837576527581,0.4167353590495335,0.5467762651851907
25647,LOF,0.012760229989885427,0.35092405590127695,0.6363157141088376
25648,LOF,0.013117255225940424,0.40598386561671684,0.5808988791573428
25649,LOF,0.008195410851820602,0.3320154834825136,0.6597891056656658
25650,GOF,0.02043947269642198,0.5702466611677967,0.40931386613578147
25651,LOF,0.00834142995826936,0.4022069537999719,0.5894516162417587
25652,LOF,0.013563053613993072,0.40389092701222845,0.5825460193737785
25653,GOF,0.03703283986811927,0.5771209466917412,0.38584621344013953
25654,LOF,0.00992744123018541,0.28783257046572,0.7022399883040946
25655,GOF,0.12669769466126676,0.5952155895234902,0.27808671581524314
25656,LOF,0.3316743841591175,0.12806880159465586,0.5402568142462266
25657,LOF,0.0496340493098314,0.1212280883053543,0.8291378623848142
25658,LOF,0.31851301861590564,0.1524834569606307,0.5290035244234637
25659,Neutral,0.4267101032121429,0.1715798743261285,0.40171002246172854
25660,LOF,0.02396994409400878,0.11467650352829695,0.8613535523776943
25661,LOF,0.09066067300169843,0.0659775878898145,0.843361739108487
25662,LOF,0.03449081635924582,0.03455227926802487,0.9309569043727294
25663,LOF,0.041486519216511905,0.04498542689584578,0.9135280538876422
25664,LOF,0.13023299011882297,0.07309286252611337,0.7966741473550637
25665,LOF,0.06163692019762162,0.029889765379505124,0.9084733144228733
25666,LOF,0.09594211914656421,0.0693942546856184,0.8346636261678174
25667,LOF,0.0752050481860239,0.0511010146418519,0.8736939371721242
25668,LOF,0.037060642739183226,0.058053810568702055,0.9048855466921146
25669,LOF,0.03128674523970473,0.056177198149692194,0.912536056610603
25670,LOF,0.13467314729296226,0.07221876867964397,0.7931080840273939
25671,LOF,0.11436196000208318,0.04049183182551907,0.8451462081723977
25672,LOF,0.0533721326907588,0.04370360731537287,0.9029242599938684
25673,LOF,0.08362154465688929,0.04838030324899124,0.8679981520941195
25674,LOF,0.07079268189354193,0.05907372408971937,0.8701335940167386
25675,LOF,0.10385793343302539,0.0739688085757887,0.8221732579911859
25676,LOF,0.019531869085012157,0.05693874406535266,0.9235293868496351
25677,LOF,0.024657253743702808,0.07611964864425409,0.8992230976120431
25678,LOF,0.19237561269963305,0.08564741959875626,0.7219769677016107
25679,LOF,0.12695091791882523,0.0953189873257002,0.7777300947554746
25680,LOF,0.03481785129481369,0.12029781478054727,0.8448843339246391
25681,LOF,0.050981006931076704,0.11843553448027941,0.8305834585886438
25682,LOF,0.13183631775175444,0.08668402532091427,0.7814796569273313
25683,LOF,0.11854230734412327,0.09996215903422571,0.7814955336216509
25684,LOF,0.04086069011510832,0.07157499597763266,0.8875643139072591
25685,LOF,0.11792641224242663,0.07255203970056708,0.8095215480570063
25686,LOF,0.07764320671357318,0.12139079120365362,0.8009660020827732
25687,LOF,0.12929848079653855,0.12060415123020772,0.7500973679732537
25688,LOF,0.42756807282198944,0.03866156989919611,0.5337703572788145
25689,LOF,0.3002307773119814,0.04372118475177698,0.6560480379362417
25690,LOF,0.3333263295546379,0.028509503737112182,0.6381641667082498
25691,Neutral,0.6967048713628841,0.027777003189210843,0.2755181254479052
25692,LOF,0.3857492025134685,0.010965692649940885,0.6032851048365905
25693,LOF,0.03818700404663705,0.4211727703023323,0.5406402256510306
25694,LOF,0.11643847221668148,0.02404602989207838,0.8595154978912402
25695,LOF,0.12152745264156636,0.018702649949351238,0.8597698974090825
25696,LOF,0.11899167508694979,0.01568098704468957,0.8653273378683606
25697,LOF,0.08955036417333188,0.07908716345959294,0.8313624723670752
25698,LOF,0.31775436301847754,0.2061247403688405,0.476120896612682
25699,Neutral,0.4931513131403844,0.028864887480432252,0.4779837993791834
25700,LOF,0.09438625916654954,0.008078498033074236,0.8975352428003763
25701,LOF,0.1993546691755681,0.04132078101641589,0.7593245498080161
25702,GOF,0.18547500975686437,0.616241340854078,0.1982836493890576
25703,LOF,0.01670625716670598,0.16466474084638424,0.8186290019869097
25704,LOF,0.03518834482378624,0.14240564625896535,0.8224060089172484
25705,LOF,0.04306813508421046,0.09386032276817693,0.8630715421476125
25706,LOF,0.1624595964656669,0.31759537640462426,0.5199450271297088
25707,LOF,0.10107203014122298,0.2625461317226479,0.636381838136129
25708,LOF,0.048667428935193914,0.23402614049882178,0.7173064305659843
25709,LOF,0.06947818642402884,0.028079760983556613,0.9024420525924146
25710,LOF,0.013686945796539441,0.09651335680964326,0.8897996973938174
25711,LOF,0.020756756137720923,0.06347973892453312,0.9157635049377458
25712,LOF,0.017304094522619995,0.13340331600760172,0.8492925894697784
25713,LOF,0.019614674564498783,0.06666944532186048,0.9137158801136408
25714,LOF,0.0815530462749856,0.04593973301070323,0.8725072207143111
25715,LOF,0.012356991753155615,0.09577364706261848,0.8918693611842259
25716,LOF,0.012550657453563395,0.07788276494694372,0.9095665775994929
25717,LOF,0.016759283632220276,0.05954428673878303,0.9236964296289967
25718,LOF,0.011824970275481574,0.05907627856148339,0.929098751163035
25719,LOF,0.023617396741647433,0.04790665382417111,0.9284759494341814
25720,LOF,0.026047407099349273,0.04449202415139614,0.9294605687492545
25721,LOF,0.01455835055509658,0.0794014021940293,0.9060402472508742
25722,LOF,0.015408181507190286,0.0719971998781337,0.9125946186146761
25723,LOF,0.026015675980883158,0.029715178598417706,0.9442691454206991
25724,LOF,0.033979296882752266,0.0491223902149442,0.9168983129023035
25725,LOF,0.01272494422400765,0.047878718406310444,0.9393963373696819
25726,LOF,0.01635790413231593,0.0680648312234509,0.9155772646442331
25727,LOF,0.013484262161548606,0.051018203135768374,0.935497534702683
25728,LOF,0.010647323641683151,0.06769184667212007,0.9216608296861967
25729,LOF,0.010986396860855781,0.06546513608228377,0.9235484670568606
25730,LOF,0.014354050533726799,0.06584120891559637,0.9198047405506768
25731,LOF,0.023282334033172963,0.06737390429693783,0.9093437616698893
25732,LOF,0.013999001591957537,0.045252914881946465,0.940748083526096
25733,LOF,0.019039806402972276,0.04469197463692239,0.9362682189601053
25734,LOF,0.013298902873599621,0.07851361455994683,0.9081874825664535
25735,LOF,0.012539626052412729,0.05592242927855184,0.9315379446690355
25736,LOF,0.013573818000385431,0.07044167123019625,0.9159845107694182
25737,LOF,0.012686899897529432,0.06282778127367658,0.924485318828794
25738,LOF,0.012470936209109905,0.07263559926880787,0.9148934645220823
25739,LOF,0.021453101829263976,0.0515509155423171,0.926995982628419
25740,LOF,0.03198362258354105,0.08616604025129204,0.8818503371651669
25741,LOF,0.017182549291055595,0.07597279351932601,0.9068446571896184
25742,LOF,0.11762549137028662,0.05074571226329071,0.8316287963664226
25743,LOF,0.03771449867479308,0.05831920662834351,0.9039662946968633
25744,Neutral,0.5976120521468983,0.2401384745462706,0.1622494733068311
25745,LOF,0.06545559268085341,0.0822309644140509,0.8523134429050957
25746,LOF,0.04078059832993377,0.11414043712413055,0.8450789645459358
25747,LOF,0.020715993476290235,0.09269290012943057,0.8865911063942793
25748,LOF,0.12488964364448712,0.14393980825484237,0.7311705481006705
25749,LOF,0.02863369261252296,0.10681584684208258,0.8645504605453945
25750,LOF,0.07084582347970705,0.12610285816373956,0.8030513183565533
25751,LOF,0.08237883946804377,0.15994771416773484,0.7576734463642213
25752,GOF,0.10401473219437789,0.6338859716314239,0.26209929617419825
25753,LOF,0.025910683822086278,0.3103474393205153,0.6637418768573985
25754,GOF,0.014760156942409248,0.79558646127302,0.18965338178457064
25755,LOF,0.027620291286003174,0.3863896241974249,0.585990084516572
25756,LOF,0.05513255830259719,0.36503259128479093,0.5798348504126117
25757,GOF,0.021057168884663295,0.8519665152719317,0.126976315843405
25758,GOF,0.030463194124265215,0.7800991875309464,0.1894376183447884
25759,GOF,0.010968720520860552,0.6030157338569028,0.3860155456222368
25760,LOF,0.016598758793469892,0.31312473970511384,0.6702765015014163
25761,GOF,0.27613399082839774,0.6352062788625229,0.0886597303090794
25762,LOF,0.0432580950375829,0.29968985319894387,0.6570520517634731
25763,LOF,0.016081901769616103,0.21433018749800223,0.7695879107323816
25764,GOF,0.07261007040078664,0.6492001941094278,0.27818973548978554
25765,GOF,0.039661822957650646,0.7584287133459513,0.20190946369639803
25766,GOF,0.07270203858053852,0.7751061181678409,0.1521918432516205
25767,GOF,0.15692805538136156,0.561163600823221,0.28190834379541735
25768,LOF,0.10276529554999718,0.06197798683949779,0.835256717610505
25769,LOF,0.04579915979890107,0.06968055672283206,0.8845202834782668
25770,LOF,0.3156878107461981,0.10744650347400403,0.5768656857797978
25771,LOF,0.04757585460001678,0.05751127532993132,0.8949128700700519
25772,LOF,0.017932459623334805,0.05027063374370529,0.93179690663296
25773,LOF,0.05489699146150422,0.08994251785366601,0.8551604906848297
25774,LOF,0.028004500492542873,0.10333069768183638,0.8686648018256208
25775,LOF,0.054685711811647185,0.052949478785821506,0.8923648094025313
25776,LOF,0.06747351344565221,0.03202059393445897,0.9005058926198889
25777,LOF,0.35648161607775836,0.08856128375542252,0.5549571001668191
25778,LOF,0.06671378510029577,0.051391485638140756,0.8818947292615633
25779,GOF,0.39983525198375175,0.5421949586166922,0.05796978939955612
25780,GOF,0.3339754244025036,0.5753200052388305,0.09070457035866593
25781,GOF,0.13136386926628804,0.7515848813650886,0.11705124936862335
25782,GOF,0.22139650072245334,0.686211884905458,0.09239161437208862
25783,GOF,0.02324053647155016,0.6197794811686034,0.35697998235984646
25784,Neutral,0.5308513374738458,0.4166954897602292,0.052453172765925
25785,Neutral,0.4840148854519527,0.46779308457797975,0.048192029970067524
25786,GOF,0.03046589004045006,0.7434605472937478,0.2260735626658022
25787,Neutral,0.6862531563436692,0.2838760176994523,0.029870825956878365
25788,LOF,0.04993335150903137,0.077096338475567,0.8729703100154017
25789,GOF,0.2070355952122411,0.6249146030717191,0.16804980171603995
25790,GOF,0.24797674311330004,0.6391115269607538,0.11291172992594624
25791,GOF,0.14419551419473287,0.6814131320254748,0.17439135377979237
25792,GOF,0.34563938051062565,0.5205098513910613,0.133850768098313
25793,GOF,0.24473063130875258,0.507032064564721,0.2482373041265263
25794,GOF,0.33521092282193926,0.4609945545334028,0.20379452264465786
25795,GOF,0.07157114161963932,0.6487988866468861,0.2796299717334746
25796,Neutral,0.5367227810163434,0.3764211444914555,0.08685607449220105
25797,GOF,0.09032188070668734,0.5564911995538832,0.35318691973942945
25798,GOF,0.009155262774059644,0.5219588779320044,0.468885859293936
25799,LOF,0.007323648141330986,0.41577524711664016,0.5769011047420288
25800,GOF,0.03736840955022958,0.5753792885087814,0.387252301940989
25801,GOF,0.238611670541023,0.6366306073330388,0.1247577221259382
25802,GOF,0.06479120648045802,0.6687200868675741,0.266488706651968
25803,GOF,0.03963491109717654,0.5643760865199968,0.39598900238282675
25804,GOF,0.03536123735247821,0.4962611214726604,0.4683776411748614
25805,GOF,0.1324246335889326,0.5592847121745058,0.30829065423656155
25806,GOF,0.1380453887925891,0.5605082851347868,0.30144632607262417
25807,GOF,0.02318344565505478,0.6172945629325717,0.35952199141237356
25808,GOF,0.11075317495868206,0.5840529482916953,0.3051938767496226
25809,GOF,0.019306297667516167,0.6120255550524923,0.36866814727999153
25810,GOF,0.01928157725588697,0.6228599170645708,0.3578585056795422
25811,Neutral,0.5054306180573416,0.4189893969630786,0.07557998497957978
25812,GOF,0.040066760291699685,0.6267732424656368,0.3331599972426633
25813,Neutral,0.5608011097143384,0.3321697182838793,0.10702917200178244
25814,GOF,0.1398271179052797,0.6424559499125425,0.21771693218217772
25815,GOF,0.22242354034784573,0.5818918690991219,0.1956845905530323
25816,GOF,0.02091582680608193,0.6431895958961221,0.3358945772977959
25817,GOF,0.2578427434043283,0.6126607844755969,0.12949647212007476
25818,GOF,0.05151162065579833,0.5483020346641522,0.4001863446800494
25819,GOF,0.38571474509916337,0.42887667812568425,0.18540857677515252
25820,GOF,0.20238076998146629,0.5642123233744212,0.23340690664411243
25821,GOF,0.060059008201229606,0.6449283884811317,0.2950126033176387
25822,GOF,0.2271603811374827,0.5053602684301175,0.2674793504323999
25823,GOF,0.034340070801482006,0.4962459882847722,0.4694139409137458
25824,GOF,0.08150397403234264,0.5236705030943258,0.39482552287333145
25825,GOF,0.03161138935536297,0.5327651898003258,0.43562342084431127
25826,GOF,0.012261101048880904,0.5152258014930615,0.4725130974580576
25827,GOF,0.02594718828385881,0.5560193177292724,0.41803349398686884
25828,LOF,0.016478527413864387,0.4799482380813734,0.5035732345047623
25829,GOF,0.00638965603651057,0.5330217221410473,0.46058862182244226
25830,LOF,0.04045485366213639,0.2894671060690671,0.6700780402687966
25831,GOF,0.18343767835390395,0.6634874958874052,0.15307482575869083
25832,GOF,0.03638123522569684,0.6506099604114106,0.3130088043628925
25833,GOF,0.13074934061226406,0.6612573670560246,0.20799329233171135
25834,GOF,0.04074177899703143,0.6577777936207295,0.3014804273822389
25835,GOF,0.08879058435689337,0.6693087794001922,0.24190063624291444
25836,GOF,0.04646211961614751,0.6155275112355042,0.3380103691483483
25837,GOF,0.022392189136009766,0.5174953957104452,0.4601124151535451
25838,GOF,0.07462870967963718,0.7185049916399635,0.20686629868039924
25839,GOF,0.30699053182406805,0.5262314154468761,0.16677805272905574
25840,GOF,0.2335953157069129,0.5565991632172979,0.20980552107578918
25841,GOF,0.23305186148992818,0.5639533550999049,0.202994783410167
25842,GOF,0.18859685874761445,0.626836828344958,0.18456631290742737
25843,GOF,0.22174060927097738,0.6337080874933468,0.14455130323567583
25844,GOF,0.05761661541749098,0.642855848649612,0.2995275359328969
25845,LOF,0.013594115225325065,0.4802950580566173,0.5061108267180576
25846,GOF,0.11662299573938244,0.6892466306459236,0.1941303736146939
25847,GOF,0.13110086246472813,0.7187714980025628,0.15012763953270902
25848,GOF,0.034558435063475605,0.6473024483468338,0.3181391165896905
25849,GOF,0.010592522952784489,0.5472573942426702,0.4421500828045453
25850,GOF,0.02324263659344532,0.6423433622585412,0.3344140011480137
25851,GOF,0.016690748301332835,0.5396728738596229,0.4436363778390443
25852,GOF,0.16876523835037746,0.5421932786848542,0.2890414829647682
25853,GOF,0.33818242882036975,0.5660495428342563,0.09576802834537385
25854,GOF,0.021018392607673693,0.5854673641345763,0.3935142432577501
25855,GOF,0.034720031107344444,0.5607344801920859,0.4045454887005696
25856,GOF,0.23062960037955035,0.5227488410917436,0.2466215585287061
25857,LOF,0.032739992284045054,0.477803009823272,0.48945699789268293
25858,GOF,0.019116404136046275,0.5600725024198375,0.42081109344411627
25859,GOF,0.011166223273562714,0.5384629951266889,0.4503707815997484
25860,GOF,0.3800978516462303,0.52141043999004,0.09849170836372963
25861,GOF,0.4230680968139233,0.49488244811726956,0.0820494550688071
25862,GOF,0.08423255958623713,0.7603367144972094,0.15543072591655352
25863,GOF,0.09153893052368638,0.7581199040375972,0.15034116543871637
25864,GOF,0.21141917626933285,0.7069288743200297,0.08165194941063729
25865,GOF,0.0917870706595914,0.7845897229105239,0.12362320642988457
25866,GOF,0.05882270144572278,0.8044178787424976,0.13675941981177958
25867,GOF,0.08119308798552265,0.8063860306764072,0.11242088133806999
25868,GOF,0.27108553733291146,0.6240937757880842,0.10482068687900423
25869,Neutral,0.7119040399008016,0.2446757830303319,0.0434201770688665
25870,LOF,0.33170668619379584,0.24242317958978332,0.4258701342164208
25871,GOF,0.24780807335699248,0.5734712024128366,0.178720724230171
25872,GOF,0.09192264937883697,0.5952594873533507,0.3128178632678125
25873,GOF,0.16298817515241254,0.6018884478052378,0.23512337704234965
25874,LOF,0.019588206231555858,0.10812715841729653,0.8722846353511476
25875,LOF,0.09239559279612371,0.05195103034091547,0.8556533768629608
25876,LOF,0.03733152201594714,0.054537556257947394,0.9081309217261054
25877,Neutral,0.5242018327733736,0.0557923955314929,0.4200057716951334
25878,LOF,0.25161836473038457,0.10179133609284174,0.6465902991767737
25879,LOF,0.10636052066205785,0.09969580977277279,0.7939436695651694
25880,LOF,0.024708714732837915,0.027542726483463443,0.9477485587836988
25881,LOF,0.18328406339464598,0.13698659200597205,0.6797293445993821
25882,LOF,0.07076704506493117,0.019868895423875096,0.9093640595111937
25883,LOF,0.07565809721993448,0.026691310356114505,0.897650592423951
25884,LOF,0.03839130590156302,0.040412239925559,0.9211964541728781
25885,LOF,0.06333759701376711,0.015267334495833626,0.9213950684903993
25886,LOF,0.3247968411216748,0.0486757087935316,0.6265274500847935
25887,LOF,0.16949383716526734,0.0820737764644966,0.748432386370236
25888,LOF,0.07163912988418365,0.07030263577273602,0.8580582343430804
25889,LOF,0.05234092720225396,0.02979045674994344,0.9178686160478026
25890,LOF,0.04549530522516712,0.1337773084619568,0.820727386312876
25891,LOF,0.03744996079118596,0.05748121857196856,0.9050688206368455
25892,LOF,0.10892360045133757,0.016069494880961255,0.8750069046677013
25893,LOF,0.2799537266652558,0.013388065229283585,0.7066582081054607
25894,LOF,0.18555601959674164,0.00764135190423999,0.8068026284990184
25895,LOF,0.2035500470410899,0.01722951252850833,0.7792204404304018
25896,LOF,0.054200495389343725,0.016269391806332814,0.9295301128043234
25897,LOF,0.23480310179093458,0.010696022385864463,0.7545008758232008
25898,Neutral,0.7119073262207463,0.007848714652972643,0.2802439591262811
25899,LOF,0.28281216362080147,0.01889346330901405,0.6982943730701845
25900,LOF,0.4713062174164668,0.012730199486699558,0.5159635830968338
25901,LOF,0.06828219851739484,0.00850845907592554,0.9232093424066796
25902,LOF,0.18855346933434217,0.009127406643530704,0.8023191240221271
25903,Neutral,0.5200165683615818,0.026593741393690397,0.4533896902447277
25904,LOF,0.33000350640109755,0.03316975668740147,0.6368267369115009
25905,LOF,0.02479550202485198,0.2908338446890248,0.6843706532861232
25906,LOF,0.02105782917692162,0.05679677412254469,0.9221453967005337
25907,LOF,0.015106877718512187,0.316180777436421,0.6687123448450668
25908,LOF,0.011155976149934632,0.21499957288290272,0.7738444509671627
25909,LOF,0.01321897547325366,0.1203779213749416,0.8664031031518047
25910,LOF,0.04839005755712173,0.112783559904904,0.8388263825379743
25911,LOF,0.12722542254471117,0.044784511333289194,0.8279900661219997
25912,LOF,0.03916210487623602,0.06229220056515452,0.8985456945586094
25913,LOF,0.2819843801412187,0.027358002273587253,0.6906576175851942
25914,LOF,0.024154940186122964,0.10610460830491733,0.8697404515089597
25915,Neutral,0.43600365675781483,0.2937778422913535,0.27021850095083166
25916,LOF,0.06653073871650142,0.2902653777464508,0.6432038835370478
25917,LOF,0.06937874766808287,0.05216735652904794,0.8784538958028693
25918,LOF,0.03433828397838411,0.054155288908812396,0.9115064271128035
25919,LOF,0.026262466558226987,0.058592988568219734,0.9151445448735533
25920,GOF,0.08383692555726555,0.5022892769169037,0.41387379752583076
25921,LOF,0.031266309656805207,0.014452003712090215,0.9542816866311046
25922,LOF,0.044694396125383486,0.010029080295852057,0.9452765235787645
25923,LOF,0.4119913434879265,0.012501145520041267,0.5755075109920322
25924,LOF,0.04029169223812482,0.022404016792290676,0.9373042909695846
25925,LOF,0.07208168054773162,0.016526861648826056,0.9113914578034423
25926,LOF,0.0523472308788657,0.012534873228700031,0.9351178958924342
25927,LOF,0.07092100424724154,0.05179852113455857,0.8772804746181999
25928,LOF,0.024005206889647707,0.023543547585646536,0.9524512455247058
25929,Neutral,0.545898673555829,0.013459877958355024,0.44064144848581593
25930,LOF,0.0645308785648345,0.011034131008996643,0.9244349904261688
25931,LOF,0.0323679699072331,0.013696810473443335,0.9539352196193236
25932,LOF,0.03189924969902421,0.01092658416448531,0.9571741661364905
25933,LOF,0.04170488105812184,0.007052311769480623,0.9512428071723975
25934,LOF,0.0275656763933767,0.008544262301005846,0.9638900613056174
25935,LOF,0.06825200156232236,0.020572129765054934,0.9111758686726227
25936,LOF,0.05213428655622893,0.011586749129543533,0.9362789643142275
25937,LOF,0.03130994225817127,0.020510609779935556,0.9481794479618931
25938,LOF,0.06687212471716694,0.02240840222132365,0.9107194730615095
25939,LOF,0.04287917698115864,0.007601399225812293,0.9495194237930291
25940,LOF,0.03080101443331051,0.34344211822490345,0.625756867341786
25941,LOF,0.16372455666980054,0.08991246294162196,0.7463629803885775
25942,LOF,0.016930872254708854,0.035123540271516665,0.9479455874737746
25943,LOF,0.2908778611590081,0.061544418196280454,0.6475777206447115
25944,LOF,0.46401427165111214,0.03518455921807076,0.5008011691308171
25945,LOF,0.07106836962115681,0.02518650028491985,0.9037451300939233
25946,LOF,0.03078631242366883,0.09915854472122942,0.8700551428551018
25947,LOF,0.1269376753068361,0.18971809843059362,0.6833442262625703
25948,LOF,0.4496268020399866,0.018587065244440853,0.5317861327155725
25949,LOF,0.1015884481671397,0.08022298558235001,0.8181885662505104
25950,GOF,0.29695495632026375,0.38140094087975407,0.3216441027999821
25951,LOF,0.252394099413269,0.22214356512202518,0.5254623354647059
25952,LOF,0.047083187457081316,0.40361021469277464,0.549306597850144
25953,LOF,0.16250667909801694,0.10342242506599153,0.7340708958359916
25954,Neutral,0.4267578174404849,0.17788406750711283,0.39535811505240226
25955,LOF,0.06345805994382202,0.08804783102874257,0.8484941090274354
25956,LOF,0.1878206807310964,0.07993784354365478,0.7322414757252488
25957,LOF,0.041863753330116216,0.028472714547779072,0.9296635321221046
25958,LOF,0.05922574263560652,0.029764443513401254,0.9110098138509921
25959,LOF,0.07204359452717214,0.3195354584633753,0.6084209470094525
25960,LOF,0.020590721109887737,0.060853598730804315,0.9185556801593079
25961,LOF,0.051901747606891584,0.03648147568196098,0.9116167767111474
25962,LOF,0.05328229409536206,0.03545592540017205,0.9112617805044658
25963,LOF,0.05001883289530801,0.1946936378312608,0.7552875292734311
25964,LOF,0.034061659571390124,0.15316497907295623,0.8127733613556536
25965,LOF,0.42384820838443044,0.0752177701439833,0.5009340214715863
25966,Neutral,0.4145592245168855,0.18243855517201643,0.40300222031109806
25967,LOF,0.012989427932227883,0.08471006032233964,0.9023005117454325
25968,GOF,0.03067979704216536,0.5364057999165365,0.4329144030412982
25969,LOF,0.02186578086461214,0.06783130128190344,0.9103029178534845
25970,LOF,0.0560401362524548,0.06614306562137647,0.8778167981261686
25971,LOF,0.07625841337945441,0.017367379032800577,0.906374207587745
25972,LOF,0.07835016217066144,0.024504464086742003,0.8971453737425965
25973,LOF,0.09900016474078498,0.006459856549137699,0.8945399787100773
25974,LOF,0.23097558823471445,0.015551506947705624,0.75347290481758
25975,LOF,0.05777268750090876,0.022565289973946627,0.9196620225251445
25976,LOF,0.0486690396430741,0.014166158467794529,0.9371648018891314
25977,LOF,0.14898112864746743,0.10182297478036433,0.7491958965721683
25978,LOF,0.11643636646576144,0.059088584952057426,0.824475048582181
25979,LOF,0.11574719661478088,0.05735517562537983,0.8268976277598392
25980,LOF,0.15372678245238217,0.0704787173885864,0.7757945001590315
25981,LOF,0.18387806439130702,0.06888536841394076,0.7472365671947523
25982,LOF,0.3683409920565059,0.0515042478718265,0.5801547600716676
25983,LOF,0.34568787931315204,0.052515330003209834,0.6017967906836381
25984,LOF,0.05072219067006758,0.08105131965339032,0.868226489676542
25985,LOF,0.025938959153021364,0.2884929121326629,0.6855681287143156
25986,LOF,0.03677911042479645,0.29001178591950594,0.6732091036556975
25987,LOF,0.07887359752852341,0.09413448836721985,0.8269919141042568
25988,LOF,0.1190813855925352,0.07630602341676107,0.8046125909907037
25989,LOF,0.028644604197752666,0.14707056595211582,0.8242848298501315
25990,LOF,0.03575599736565688,0.18701890441564234,0.7772250982187008
25991,LOF,0.18747063969413125,0.4017095951171715,0.41081976518869723
25992,LOF,0.36881933233846775,0.2401858480718077,0.3909948195897245
25993,LOF,0.02404984191111462,0.0814305373268665,0.8945196207620189
25994,LOF,0.01728354700883456,0.1181961426531991,0.8645203103379663
25995,LOF,0.02604636229326437,0.21361104674891754,0.7603425909578181
25996,GOF,0.24720648126617376,0.5845289234007718,0.16826459533305443
25997,GOF,0.11025933306848121,0.5682480641571089,0.32149260277441
25998,Neutral,0.5581890862515941,0.017016084914708903,0.42479482883369696
25999,LOF,0.1308333612026146,0.1543241007972494,0.7148425380001361
26000,LOF,0.15955039591146206,0.0339415143868314,0.8065080897017065
26001,LOF,0.1792048882138969,0.041353889029347064,0.7794412227567561
26002,LOF,0.14003770358532985,0.035187409659688786,0.8247748867549815
26003,GOF,0.008641006403240713,0.6406580082017055,0.35070098539505395
26004,GOF,0.025975754043057228,0.71090876665597,0.26311547930097284
26005,GOF,0.008061600673509568,0.5333670053646327,0.45857139396185775
26006,Neutral,0.5034143672267898,0.27207087451351125,0.22451475825969894
26007,GOF,0.016608765894893796,0.574043478094624,0.4093477560104821
26008,GOF,0.01879625821949903,0.6267182933136457,0.35448544846685537
26009,GOF,0.02334990287780252,0.6631689643962875,0.3134811327259101
26010,GOF,0.027028508203522924,0.6798912977623118,0.2930801940341653
26011,GOF,0.00822899915850221,0.5273156835848319,0.4644553172566659
26012,GOF,0.01597128611884754,0.6215388986965846,0.36248981518456785
26013,GOF,0.017506119022712565,0.6711294336815196,0.31136444729576784
26014,LOF,0.039768079574222216,0.1599499178207437,0.8002820026050341
26015,LOF,0.27143940736986477,0.010725903681491207,0.717834688948644
26016,LOF,0.26615935647660327,0.04602503161412652,0.6878156119092703
26017,LOF,0.20949001078127988,0.07503694107221869,0.7154730481465014
26018,LOF,0.10312130868041998,0.04304879118082518,0.8538299001387548
26019,LOF,0.0987672133602696,0.03023401841834289,0.8709987682213876
26020,LOF,0.06188209504349649,0.1068820213009796,0.8312358836555238
26021,LOF,0.058210872210432585,0.1093921960173443,0.8323969317722232
26022,LOF,0.012339245627082199,0.04944137142854878,0.938219382944369
26023,LOF,0.1327101190822744,0.027282324732330304,0.8400075561853954
26024,LOF,0.03349478918413619,0.11597787686798265,0.850527333947881
26025,LOF,0.15130439156199904,0.09981885366692958,0.7488767547710713
26026,LOF,0.317192844514198,0.023995886548443528,0.6588112689373585
26027,LOF,0.09824346256256188,0.021733980787379165,0.8800225566500589
26028,LOF,0.14614629328636802,0.10356517494802345,0.7502885317656085
26029,LOF,0.07979123429776244,0.1359874448642176,0.78422132083802
26030,LOF,0.025031184402563224,0.057109036623106985,0.9178597789743297
26031,LOF,0.03228387049734204,0.11134210787791608,0.8563740216247419
26032,LOF,0.06351856815931727,0.06231032539955128,0.8741711064411314
26033,LOF,0.11251833976846351,0.07297252928108443,0.814509130950452
26034,LOF,0.04645759641327594,0.11304587250535464,0.8404965310813695
26035,LOF,0.03214987507633032,0.10197564370498008,0.8658744812186896
26036,LOF,0.04545155352074181,0.12003226694258627,0.834516179536672
26037,LOF,0.026725531780239085,0.09029982882436625,0.8829746393953947
26038,LOF,0.0603739837408111,0.059218075759338254,0.8804079404998507
26039,LOF,0.0684075328770401,0.11024551029142418,0.8213469568315358
26040,LOF,0.19303933998045741,0.10919686009239744,0.6977637999271452
26041,LOF,0.027214064215374017,0.0835583675045878,0.8892275682800382
26042,LOF,0.02600897615295182,0.0818880590217942,0.892102964825254
26043,LOF,0.05894783385783231,0.0790429412135661,0.8620092249286015
26044,LOF,0.021357960420170054,0.07112567330114328,0.9075163662786866
26045,LOF,0.08522862520747913,0.08155439748187104,0.8332169773106498
26046,LOF,0.062249773202114195,0.08058094099556794,0.8571692858023179
26047,LOF,0.0932460838268212,0.09178352919975195,0.8149703869734268
26048,LOF,0.04882516416331803,0.05204286509012634,0.8991319707465556
26049,Neutral,0.9542280924407924,0.007569896960763571,0.038202010598444
26050,Neutral,0.9359530338337319,0.009273450331798203,0.05477351583446992
26051,LOF,0.04310452537253964,0.3319244342860398,0.6249710403414205
26052,LOF,0.06492451459084554,0.323044475557384,0.6120310098517704
26053,LOF,0.05518304547294032,0.17666387922708524,0.7681530752999745
26054,LOF,0.05850032034239024,0.0333959701315725,0.9081037095260373
26055,LOF,0.07845434012850552,0.023786440419156566,0.8977592194523378
26056,LOF,0.06409743714184783,0.027406356164031077,0.9084962066941211
26057,LOF,0.03290495760636442,0.016127883838845353,0.9509671585547902
26058,LOF,0.033388944034262055,0.013977252482580865,0.9526338034831571
26059,LOF,0.31784658762447443,0.03698031647583006,0.6451730958996954
26060,LOF,0.02995789172367198,0.2305115308560076,0.7395305774203204
26061,LOF,0.01937737247175881,0.01853205139915843,0.9620905761290828
26062,LOF,0.0119964291992472,0.02634632609929119,0.9616572447014615
26063,LOF,0.02271653283059748,0.016815565952510957,0.9604679012168915
26064,LOF,0.024945071855302644,0.032243503942467645,0.9428114242022297
26065,LOF,0.027155224285865594,0.017510942093675937,0.9553338336204585
26066,LOF,0.022593575738893774,0.014873807503610679,0.9625326167574956
26067,LOF,0.028670360522241495,0.011421760202013066,0.9599078792757455
26068,LOF,0.048371452464196066,0.052110080407689566,0.8995184671281145
26069,LOF,0.25287587615609164,0.03166856071046243,0.7154555631334459
26070,LOF,0.43589501422789684,0.023803441750792343,0.5403015440213109
26071,LOF,0.02471252529064202,0.01814870415705891,0.9571387705522991
26072,LOF,0.02433381669495052,0.025978099502980866,0.9496880838020686
26073,LOF,0.02592333542450805,0.016186315790062928,0.957890348785429
26074,Neutral,0.9266116152978521,0.008575181263245512,0.06481320343890237
26075,LOF,0.04346950921938621,0.020687398488445825,0.9358430922921679
26076,LOF,0.044815055546772516,0.012153721016728687,0.9430312234364989
26077,LOF,0.009926500723452301,0.02588041271195568,0.964193086564592
26078,LOF,0.015162662488548924,0.017306176393546074,0.967531161117905
26079,LOF,0.05429464785782094,0.026000450414766268,0.9197049017274129
26080,LOF,0.053586986912969675,0.02601868845323684,0.9203943246337936
26081,LOF,0.03737291394536245,0.009891418639159124,0.9527356674154783
26082,LOF,0.018478281725395677,0.025927518835998715,0.9555941994386056
26083,LOF,0.13629076802931628,0.019344689632113145,0.8443645423385706
26084,LOF,0.02945583603628677,0.018432082703621462,0.9521120812600917
26085,LOF,0.023528558312269857,0.01769937067442893,0.9587720710133012
26086,LOF,0.027569909389090423,0.014963315116436414,0.9574667754944731
26087,LOF,0.026783072288537255,0.010954845062561188,0.9622620826489015
26088,LOF,0.01800134925761337,0.032607762080461636,0.9493908886619249
26089,LOF,0.04755392331807447,0.03671908131001058,0.9157269953719149
26090,LOF,0.045388678879730374,0.027735228075228865,0.9268760930450408
26091,LOF,0.041984976286984096,0.009343473137032203,0.9486715505759836
26092,LOF,0.02800707383448765,0.012087361935549946,0.9599055642299624
26093,LOF,0.04009032178298366,0.009432323341664911,0.9504773548753515
26094,LOF,0.04250266359561855,0.0101678795410747,0.9473294568633068
26095,LOF,0.05697329533809369,0.024443160037334048,0.9185835446245721
26096,LOF,0.020622131008557868,0.01846693162958162,0.9609109373618605
26097,LOF,0.010134756909284922,0.05829534781880726,0.9315698952719078
26098,LOF,0.07214440420971471,0.01701114583553074,0.9108444499547544
26099,LOF,0.025829538910948992,0.01922444489384436,0.9549460161952066
26100,LOF,0.02742685306566074,0.01869219774274062,0.9538809491915986
26101,LOF,0.057620514260516786,0.018645385047122598,0.9237341006923606
26102,LOF,0.027225549833793494,0.02040261746330973,0.9523718327028968
26103,Neutral,0.8838515047787712,0.029847392818208585,0.08630110240302023
26104,LOF,0.06746136774948765,0.042905588376646334,0.8896330438738661
26105,LOF,0.21711331379967458,0.2986142556394855,0.48427243056084
26106,LOF,0.16085069336780264,0.15116485061556736,0.68798445601663
26107,LOF,0.24251723739139333,0.10501877752292493,0.6524639850856818
26108,LOF,0.22867629826660565,0.13259431339759548,0.638729388335799
26109,LOF,0.0843832299296344,0.10456788699903566,0.8110488830713299
26110,LOF,0.28771100587773996,0.007929330620011539,0.7043596635022484
26111,LOF,0.46064479828286753,0.021199529151799634,0.5181556725653329
26112,LOF,0.03683468588020684,0.009039135049884291,0.9541261790699089
26113,LOF,0.05609338696975346,0.018788558847564297,0.9251180541826823
26114,LOF,0.021049482355151024,0.025783341552724777,0.9531671760921242
26115,LOF,0.08159413937104337,0.054648967586242124,0.8637568930427144
26116,LOF,0.055048837197847145,0.04089485024754621,0.9040563125546065
26117,LOF,0.40280157793535737,0.048951729683337275,0.5482466923813054
26118,LOF,0.04147858625348253,0.028452812812883102,0.9300686009336344
26119,LOF,0.023013668405426554,0.03632452268540472,0.9406618089091687
26120,LOF,0.030186985911547497,0.025610641256939876,0.9442023728315125
26121,LOF,0.05345737058991726,0.09259535644704286,0.85394727296304
26122,LOF,0.05483132556604574,0.041197495590831294,0.903971178843123
