feature0,prediction,LoGoFunc_Neutral,LoGoFunc_GOF,LoGoFunc_LOF
25546,Neutral,0.611995171888404,0.0535586656492736,0.3344461624623224
25547,Neutral,0.4628362391267524,0.09233000958266224,0.44483375129058533
25548,Neutral,0.47836214006170097,0.07525996543898705,0.44637789449931187
25549,LOF,0.4041053327544145,0.07607861158668688,0.5198160556588985
25550,LOF,0.3487032453135525,0.11217426133126368,0.5391224933551839
25551,LOF,0.311667636879205,0.12129392266488473,0.5670384404559102
25552,LOF,0.26131805088766,0.12089483562140166,0.6177871134909383
25553,Neutral,0.7933223274062279,0.04020365952413928,0.16647401306963275
25554,LOF,0.30755967746971874,0.10868872685995895,0.5837515956703224
25555,LOF,0.26163612220049437,0.10334425433197317,0.6350196234675326
25556,LOF,0.4496629995522122,0.09146614999570578,0.45887085045208215
25557,LOF,0.24881828379324772,0.10784988732279524,0.6433318288839571
25558,LOF,0.30700838636151306,0.10245222769422178,0.5905393859442651
25559,LOF,0.2577173043782121,0.1297769127330351,0.6125057828887528
25560,LOF,0.1593917303401082,0.13514105317155392,0.7054672164883379
25561,LOF,0.15588930823551353,0.14690984072910424,0.6972008510353822
25562,LOF,0.07439177667886997,0.10239462059187385,0.8232136027292561
25563,LOF,0.024364868597115483,0.16646423331115157,0.8091708980917329
25564,LOF,0.20959657772025728,0.15302987736125195,0.6373735449184909
25565,LOF,0.20865774658547953,0.14526078859877264,0.6460814648157478
25566,GOF,0.10708742887991944,0.6668715677163359,0.22604100340374464
25567,LOF,0.04107114109624527,0.18301372573627347,0.7759151331674813
25568,LOF,0.06283562934522041,0.09916406148729859,0.838000309167481
25569,LOF,0.06302262385699535,0.0955091683295249,0.8414682078134799
25570,LOF,0.02790607535491277,0.11885253740461034,0.8532413872404769
25571,LOF,0.02706801269031555,0.12562473603018573,0.8473072512794988
25572,LOF,0.0659272400397507,0.15118865048298735,0.782884109477262
25573,LOF,0.06761707503618743,0.11020229702161857,0.822180627942194
25574,LOF,0.05944184897049826,0.2329011034760553,0.7076570475534464
25575,LOF,0.023797905770912117,0.14619885148043565,0.8300032427486523
25576,LOF,0.03166089068729495,0.1805735110482522,0.7877655982644528
25577,LOF,0.03343510192165798,0.13540076935687048,0.8311641287214716
25578,LOF,0.33191269114128374,0.10845462987864496,0.5596326789800713
25579,LOF,0.14183337189325168,0.11703481499661113,0.7411318131101371
25580,LOF,0.021504639360340052,0.10519277323566414,0.8733025874039958
25581,LOF,0.061618688116883674,0.0862020976739248,0.8521792142091915
25582,LOF,0.061639982873227604,0.08324682627577948,0.8551131908509929
25583,LOF,0.023917040024586483,0.0998698529756702,0.8762131069997433
25584,Neutral,0.6968044715981584,0.12483150236265274,0.17836402603918883
25585,LOF,0.030008422530589326,0.1741658810307572,0.7958256964386535
25586,LOF,0.018404294624896112,0.09306364200988942,0.8885320633652144
25587,LOF,0.018105618699065205,0.0803338355019034,0.9015605457990313
25588,LOF,0.02150966041937316,0.08755868488124678,0.89093165469938
25589,Neutral,0.5158157103219013,0.22679112753455719,0.25739316214354147
25590,LOF,0.05052460809477076,0.15102365560611938,0.7984517362991098
25591,LOF,0.10649924369190504,0.07567280226985278,0.8178279540382422
25592,LOF,0.05770537292339931,0.17987487820654197,0.7624197488700586
25593,LOF,0.1376710337067582,0.293878684060755,0.5684502822324867
25594,LOF,0.04966820057547992,0.08240830726039064,0.8679234921641296
25595,LOF,0.048000095860563384,0.056661977622742776,0.8953379265166939
25596,LOF,0.10164766815183444,0.028660766218918735,0.8696915656292468
25597,LOF,0.07930288625631197,0.03323847198792536,0.8874586417557626
25598,LOF,0.050289747981170765,0.06086078813075619,0.8888494638880731
25599,LOF,0.019663582212276143,0.47906187618166174,0.5012745416060621
25600,GOF,0.17238245791917017,0.5032251570279653,0.3243923850528645
25601,LOF,0.03613146788058052,0.39749929716029225,0.5663692349591272
25602,LOF,0.03490807545489343,0.05883739433973774,0.9062545302053688
25603,LOF,0.03422237695016124,0.03515093544881988,0.9306266876010189
25604,LOF,0.03512717285340017,0.07321448687137445,0.8916583402752254
25605,LOF,0.036772818782441895,0.18004801258436054,0.7831791686331976
25606,LOF,0.42274440688703013,0.1225330795165982,0.45472251359637167
25607,LOF,0.026302541439154527,0.16025152727009348,0.8134459312907519
25608,LOF,0.03658587682605993,0.07513540389693975,0.8882787192770002
25609,GOF,0.15114265833817914,0.5336575916324242,0.31519975002939676
25610,LOF,0.01810607633850999,0.028791259770564064,0.9531026638909259
25611,LOF,0.015154236660819694,0.0340822524557478,0.9507635108834326
25612,LOF,0.052339651703648224,0.044179306761192555,0.9034810415351592
25613,LOF,0.04798477238430907,0.043966345182955356,0.9080488824327356
25614,LOF,0.023808794750508004,0.024931377991328982,0.951259827258163
25615,LOF,0.04437820645153034,0.045473856265318253,0.9101479372831514
25616,LOF,0.054816081679295726,0.029080180172952344,0.9161037381477518
25617,LOF,0.04754482346484786,0.04101360211787596,0.9114415744172761
25618,LOF,0.05317989509291854,0.03540699519040264,0.9114131097166789
25619,LOF,0.014627485539833673,0.03244160491676194,0.9529309095434043
25620,LOF,0.06436946806785097,0.04437966949008528,0.8912508624420639
25621,LOF,0.05837922458084367,0.03906070693009713,0.9025600684890591
25622,LOF,0.06448346917266629,0.03613382160414866,0.899382709223185
25623,LOF,0.07397450586919198,0.02914475834753346,0.8968807357832747
25624,LOF,0.020578405266837935,0.03413004538271156,0.9452915493504506
25625,LOF,0.060710490146594735,0.04104172070590886,0.8982477891474965
25626,LOF,0.047348703219924786,0.04272076160585255,0.9099305351742227
25627,Neutral,0.8961863965337287,0.019585586615750966,0.08422801685052046
25628,LOF,0.15378536771069184,0.06263285782755335,0.7835817744617549
25629,LOF,0.07057854585658226,0.05355786608622217,0.8758635880571954
25630,LOF,0.3152545567724333,0.07825767169607856,0.6064877715314881
25631,Neutral,0.5700862516526193,0.06863124973779826,0.36128249860958256
25632,LOF,0.024627851797385508,0.062353071161247546,0.913019077041367
25633,LOF,0.14610849414942748,0.04351292682122126,0.8103785790293512
25634,LOF,0.033007696012181974,0.08860495135751288,0.8783873526303051
25635,LOF,0.03622706951019429,0.04884668520914413,0.9149262452806616
25636,LOF,0.036276056294054844,0.4475706471522267,0.5161532965537184
25637,GOF,0.0729635451871789,0.5118041510029867,0.4152323038098343
25638,LOF,0.02993266941800419,0.3698394718828771,0.6002278586991188
25639,LOF,0.031749594854108984,0.38475907462760756,0.5834913305182835
25640,Neutral,0.7807843185015758,0.17659865537118813,0.042617026127236154
25641,GOF,0.07077711213787602,0.485623576007888,0.443599311854236
25642,LOF,0.056640285391935274,0.19607445409794025,0.7472852605101246
25643,LOF,0.19820259473213359,0.1701705844165893,0.6316268208512771
25644,GOF,0.02475432047590243,0.5093804887877905,0.4658651907363071
25645,LOF,0.026994456101881652,0.4263075258975836,0.5466980180005349
25646,LOF,0.052512131372997733,0.3506364465591419,0.5968514220678603
25647,LOF,0.03001993030932219,0.285081323112554,0.6848987465781238
25648,LOF,0.0389963647775452,0.28631975052008624,0.6746838847023685
25649,LOF,0.01788262103526987,0.2567638959738047,0.7253534829909255
25650,LOF,0.04950835681387156,0.4443387390181886,0.5061529041679399
25651,LOF,0.019722501470610294,0.3091696657894247,0.6711078327399651
25652,LOF,0.03872569507724295,0.2864919521048077,0.6747823528179493
25653,LOF,0.09194481887439976,0.4233020941913693,0.48475308693423097
25654,LOF,0.03137819701700694,0.2533896267140798,0.7152321762689133
25655,GOF,0.22345354314405033,0.4054871823457117,0.37105927451023807
25656,LOF,0.30830211066830804,0.07660192131524779,0.6150959680164441
25657,LOF,0.06308164593976114,0.07526193655366174,0.8616564175065772
25658,LOF,0.3410984994660281,0.06628635182404727,0.5926151487099247
25659,Neutral,0.498308325577928,0.08788249688871543,0.4138091775333567
25660,LOF,0.02181270196745041,0.07869145860353395,0.8994958394290157
25661,LOF,0.09764588045985022,0.05611118868837202,0.8462429308517778
25662,LOF,0.037043500077622714,0.03209208257091635,0.930864417351461
25663,LOF,0.047011464619669305,0.04674746015728301,0.9062410752230478
25664,LOF,0.1460446908701224,0.06298230542334501,0.7909730037065327
25665,LOF,0.054170801223475964,0.03170819600683279,0.9141210027696913
25666,LOF,0.0980324273647126,0.06830586119930131,0.833661711435986
25667,LOF,0.07821107233635062,0.03669596821921441,0.8850929594444349
25668,LOF,0.03954953654315143,0.044561664407906765,0.9158887990489418
25669,LOF,0.034173715116009556,0.04631595276026676,0.9195103321237236
25670,LOF,0.14792618948400016,0.05677951631812607,0.7952942941978739
25671,LOF,0.12011188205752156,0.03360533363243297,0.8462827843100456
25672,LOF,0.05129262872098834,0.042897992512206,0.9058093787668057
25673,LOF,0.09045062290144992,0.04581274078680026,0.8637366363117498
25674,LOF,0.07744241298276273,0.056343905804453275,0.8662136812127841
25675,LOF,0.12891586313475087,0.056192557156412255,0.8148915797088369
25676,LOF,0.019531365502319376,0.05234992789874772,0.928118706598933
25677,LOF,0.02610973034502636,0.06673195140995404,0.9071583182450197
25678,LOF,0.20701950667057212,0.058776669846592244,0.7342038234828356
25679,LOF,0.12741111956195747,0.07773976368920989,0.7948491167488327
25680,LOF,0.03160999346079109,0.10645638931261198,0.861933617226597
25681,LOF,0.04982407325735206,0.10076125148126006,0.849414675261388
25682,LOF,0.1475613318680082,0.07048276781820703,0.7819559003137847
25683,LOF,0.1267485037799244,0.0931296127336262,0.7801218834864494
25684,LOF,0.044506204055608796,0.06993628083724011,0.8855575151071512
25685,LOF,0.14630053629998924,0.05210563534708595,0.8015938283529249
25686,LOF,0.07595149896998556,0.08004037525464344,0.8440081257753711
25687,LOF,0.12393449673930892,0.08919600629451425,0.7868694969661769
25688,LOF,0.3275413014369724,0.03025977987065811,0.6421989186923694
25689,LOF,0.2461735536286668,0.03268834805623154,0.7211380983151017
25690,LOF,0.32868060739534377,0.02588316792272634,0.6454362246819298
25691,Neutral,0.7197462420578356,0.0191430625295124,0.26111069541265214
25692,LOF,0.3537638716312343,0.010124133015243385,0.6361119953535224
25693,LOF,0.048536087206456066,0.3922877440128313,0.5591761687807126
25694,LOF,0.11695040629313488,0.014353979476012645,0.8686956142308526
25695,LOF,0.11663429865446392,0.014109219881355278,0.8692564814641808
25696,LOF,0.12500714145139966,0.00858357349532337,0.8664092850532771
25697,LOF,0.08965097864764404,0.03788718566718238,0.8724618356851734
25698,LOF,0.3162810209476632,0.18207658102407692,0.5016423980282598
25699,Neutral,0.4803009398648987,0.04358781853459118,0.4761112416005102
25700,LOF,0.07162696276934985,0.009492609958895561,0.9188804272717546
25701,LOF,0.17492486044252728,0.05247039464173462,0.772604744915738
25702,GOF,0.16555538169297704,0.5940401508640465,0.24040446744297647
25703,LOF,0.016132158964252647,0.15028144943203994,0.8335863916037075
25704,LOF,0.04318173670521351,0.09775183571273645,0.8590664275820501
25705,LOF,0.049240605504499116,0.1638058805410037,0.7869535139544972
25706,LOF,0.10079885243096944,0.4439971279668339,0.4552040196021967
25707,LOF,0.09681364291077471,0.3733236043015926,0.5298627527876327
25708,LOF,0.029610464046041785,0.3259956144528241,0.6443939215011341
25709,LOF,0.06749335376397213,0.04638556253795097,0.8861210836980769
25710,LOF,0.01165174478682804,0.15295382974045205,0.8353944254727199
25711,LOF,0.019825027119296644,0.10514368035566508,0.8750312925250382
25712,LOF,0.013499941226210269,0.20516498411995007,0.7813350746538397
25713,LOF,0.019617761996449514,0.09593518865021634,0.8844470493533341
25714,LOF,0.07955717996354048,0.09260315699479642,0.8278396630416631
25715,LOF,0.011683057512940662,0.15755044235442597,0.8307665001326334
25716,LOF,0.013798315371043108,0.10819022320186955,0.8780114614270873
25717,LOF,0.011978929098585849,0.08953354973142985,0.8984875211699843
25718,LOF,0.012569426183884022,0.1137180848422967,0.8737124889738193
25719,LOF,0.01897962338310604,0.08603152264849362,0.8949888539684004
25720,LOF,0.02344010384471356,0.0802737296212732,0.8962861665340132
25721,LOF,0.015261299818785667,0.12694121915941817,0.8577974810217962
25722,LOF,0.014545074185436904,0.14279393001236962,0.8426609958021936
25723,LOF,0.024375943338459435,0.047732613847895115,0.9278914428136456
25724,LOF,0.03266610899707796,0.10200492860662136,0.8653289623963007
25725,LOF,0.012509863402759603,0.07354015702783163,0.9139499795694087
25726,LOF,0.016388919672460964,0.12131215769360448,0.8622989226339345
25727,LOF,0.013415188004540009,0.08863038135991505,0.897954430635545
25728,LOF,0.010326138417012007,0.13439314618367987,0.8552807153993083
25729,LOF,0.010767027068292164,0.13119040073332033,0.8580425721983875
25730,LOF,0.014455693358906159,0.09272395289303058,0.8928203537480633
25731,LOF,0.022027762814932718,0.11662192035690419,0.8613503168281631
25732,LOF,0.015144626144264444,0.09277140632240925,0.8920839675333263
25733,LOF,0.016575277568816577,0.0833620610023452,0.9000626614288383
25734,LOF,0.012246201983868282,0.13326105461638027,0.8544927433997515
25735,LOF,0.014443133791356002,0.09933609606310113,0.8862207701455428
25736,LOF,0.015735257709303046,0.1138595178760489,0.8704052244146481
25737,LOF,0.01282205632680737,0.08684770701367935,0.9003302366595133
25738,LOF,0.01270607304859416,0.11980819266100079,0.8674857342904051
25739,LOF,0.021413920911642882,0.08830310605184222,0.890282973036515
25740,LOF,0.027995407075177503,0.12282511496682263,0.849179477958
25741,LOF,0.014839546709418732,0.12306914633826428,0.862091306952317
25742,LOF,0.1186347337286848,0.09268825321092691,0.7886770130603883
25743,LOF,0.034617640010023244,0.032165223454032284,0.9332171365359444
25744,Neutral,0.5876020086852869,0.18552615923515914,0.22687183207955391
25745,LOF,0.07015689119150165,0.06526916617215808,0.8645739426363401
25746,LOF,0.04147579728412646,0.07891163254777364,0.8796125701680999
25747,LOF,0.021913163646754382,0.04979322139931491,0.9282936149539307
25748,LOF,0.08998187319917327,0.07563170359811926,0.8343864232027075
25749,LOF,0.02468442826102615,0.07119360870267959,0.9041219630362942
25750,LOF,0.09222129300393844,0.08105396893178438,0.8267247380642772
25751,LOF,0.09905392435122297,0.0840352823153613,0.8169107933334158
25752,GOF,0.12830556454992628,0.617312528951747,0.2543819064983267
25753,LOF,0.02056703621794464,0.2676043580786256,0.7118286057034298
25754,GOF,0.012391054324598168,0.769238169495625,0.21837077617977688
25755,LOF,0.023973674410715913,0.3736745306263136,0.6023517949629705
25756,LOF,0.04783974564009307,0.34789687063867963,0.6042633837212273
25757,GOF,0.01580374824674144,0.8213502212380098,0.1628460305152487
25758,GOF,0.029074873320385206,0.7901886716998612,0.18073645497975369
25759,GOF,0.012328321913023868,0.5717655087635122,0.41590616932346397
25760,LOF,0.013654224928237651,0.2530231444086294,0.733322630663133
25761,GOF,0.25623273912071215,0.637160181243783,0.10660707963550482
25762,LOF,0.039705721326537116,0.24735295850449399,0.7129413201689689
25763,LOF,0.015125349758086463,0.1834897227774248,0.8013849274644886
25764,GOF,0.0789508675614342,0.5916562318978624,0.3293929005407033
25765,GOF,0.039163102541016286,0.7361809141417212,0.22465598331726258
25766,GOF,0.07200585377688552,0.720402124108363,0.20759202211475147
25767,GOF,0.15789909481665343,0.5732163801937056,0.26888452498964105
25768,LOF,0.11185051187862682,0.0702385698643424,0.8179109182570307
25769,LOF,0.05969194518294747,0.0519731038756779,0.8883349509413746
25770,LOF,0.3217371244316112,0.08751145326371013,0.5907514223046787
25771,LOF,0.041827734821564294,0.04424684229332902,0.9139254228851068
25772,LOF,0.019400067020193083,0.035698110164503874,0.9449018228153031
25773,LOF,0.04646066274968223,0.08414754927588919,0.8693917879744286
25774,LOF,0.030446396752682514,0.0667054350328436,0.9028481682144738
25775,LOF,0.050248585360961544,0.04588995249894472,0.9038614621400938
25776,LOF,0.0847580625369991,0.02301380861971681,0.8922281288432842
25777,LOF,0.3771740093110669,0.051470333670051195,0.5713556570188818
25778,LOF,0.0754950949256476,0.043590517888138315,0.8809143871862142
25779,GOF,0.3554821108310925,0.6023957970216098,0.04212209214729767
25780,GOF,0.2991135433051346,0.6280292592649985,0.07285719742986675
25781,GOF,0.12294736204500697,0.781830492740516,0.09522214521447707
25782,GOF,0.2022272552568901,0.727639094177741,0.07013365056536894
25783,GOF,0.0220824330442946,0.6398345501960921,0.3380830167596132
25784,Neutral,0.49418791806824586,0.46463521720056106,0.041176864731192926
25785,GOF,0.43396194417465084,0.5276979117569558,0.038340144068393395
25786,GOF,0.024662728524492653,0.7355025150181361,0.2398347564573713
25787,Neutral,0.6128235640019143,0.36237312009502454,0.024803315903061205
25788,LOF,0.05868404610037565,0.11309450564485125,0.8282214482547732
25789,GOF,0.2139895840046519,0.6650287831195278,0.1209816328758203
25790,GOF,0.2332627119964365,0.678868136364404,0.08786915163915947
25791,GOF,0.17134716096753902,0.6980924123582862,0.1305604266741748
25792,GOF,0.35770482176525525,0.5431876304128374,0.09910754782190744
25793,GOF,0.25200014284120825,0.5413403757976315,0.20665948136116025
25794,GOF,0.3207186744088768,0.5159592430913709,0.1633220824997522
25795,GOF,0.08105242083666227,0.6783404854448541,0.24060709371848363
25796,Neutral,0.5505615819360439,0.3725541132387357,0.07688430482522043
25797,GOF,0.0782182387980619,0.5504088669065963,0.37137289429534176
25798,GOF,0.009550213146573554,0.5226398941883278,0.4678098926650987
25799,LOF,0.00766438650935222,0.4071648803239219,0.5851707331667259
25800,GOF,0.03168894813256579,0.6028992828219994,0.36541176904543465
25801,GOF,0.21680551100977674,0.6629952030818959,0.12019928590832751
25802,GOF,0.0713072459283858,0.7116114410747734,0.2170813129968408
25803,GOF,0.03076683524268969,0.5887831245425055,0.3804500402148048
25804,GOF,0.028766414049382277,0.5137329005347021,0.4575006854159156
25805,GOF,0.0828775283680018,0.6037691899316535,0.3133532817003447
25806,GOF,0.09865250908821419,0.6279624344684718,0.273385056443314
25807,GOF,0.019755239582228284,0.6488042563362698,0.33144050408150194
25808,GOF,0.07604285734539024,0.6582220792583764,0.26573506339623343
25809,GOF,0.02132813589407983,0.6093302523542217,0.36934161175169855
25810,GOF,0.01973731403700442,0.6410145615048124,0.3392481244581832
25811,GOF,0.43712197890699805,0.49676448402565027,0.06611353706735161
25812,GOF,0.03657175067377935,0.6489135155801841,0.3145147337460366
25813,Neutral,0.5088986674010774,0.4091851972878582,0.08191613531106451
25814,GOF,0.10904118576272077,0.6953393501215042,0.19561946411577497
25815,GOF,0.19179849024324155,0.6419640558536248,0.16623745390313358
25816,GOF,0.024352022948476652,0.723861860608452,0.2517861164430714
25817,GOF,0.2144152084352956,0.6675310516323704,0.11805373993233405
25818,GOF,0.05112790192533907,0.6668220562929896,0.28205004178167137
25819,GOF,0.355473969486564,0.5122283086878786,0.13229772182555727
25820,GOF,0.17127756188109886,0.6211986508178967,0.20752378730100426
25821,GOF,0.06271073776681794,0.6849797762579907,0.25230948597519126
25822,GOF,0.2166233812333283,0.5840463323318908,0.19933028643478076
25823,GOF,0.033883557971092215,0.5363156846168892,0.4298007574120187
25824,GOF,0.09264245929808027,0.5986831718949056,0.3086743688070141
25825,GOF,0.03698049945974505,0.5939326272485256,0.3690868732917294
25826,GOF,0.015972725313339518,0.5654162792078438,0.4186109954788168
25827,GOF,0.02305100643459045,0.6077364721241834,0.36921252144122624
25828,GOF,0.013625465763690572,0.5354997617353257,0.4508747725009837
25829,GOF,0.006754725024845067,0.5867923279433643,0.40645294703179063
25830,LOF,0.03555529049459939,0.31529856634004394,0.6491461431653567
25831,GOF,0.18595503494270826,0.6929016761006599,0.12114328895663182
25832,GOF,0.030592455124111035,0.6888737434270727,0.28053380144881623
25833,GOF,0.12034474381981851,0.7123214545276454,0.16733380165253597
25834,GOF,0.03740430789858188,0.6961160724322296,0.2664796196691885
25835,GOF,0.08267780600149925,0.7586899879654628,0.15863220603303796
25836,GOF,0.040690832368664866,0.6965936745239747,0.2627154931073604
25837,GOF,0.028921148432374446,0.584282976294403,0.38679587527322257
25838,GOF,0.08872316344218967,0.7706814183617913,0.1405954181960191
25839,GOF,0.26358811255717557,0.5949285684925931,0.14148331895023125
25840,GOF,0.21257438016902358,0.6419093675841133,0.1455162522468631
25841,GOF,0.2231181359960962,0.6365298256810592,0.14035203832284468
25842,GOF,0.16244240906285892,0.7077708300798914,0.1297867608572496
25843,GOF,0.25973530012453716,0.6463592771799597,0.0939054226955031
25844,GOF,0.06708951197758614,0.6931956517741136,0.23971483624830023
25845,LOF,0.016104866566900543,0.4766285695873555,0.507266563845744
25846,GOF,0.11873482497457899,0.7041767149413493,0.1770884600840718
25847,GOF,0.11930385477673852,0.781163618049182,0.0995325271740796
25848,GOF,0.03475128087094661,0.7152395087338763,0.2500092103951771
25849,GOF,0.012036234818973316,0.595277219861088,0.3926865453199387
25850,GOF,0.022493531975541534,0.6665472051969124,0.31095926282754616
25851,GOF,0.016722026652999364,0.5405463557556722,0.4427316175913285
25852,GOF,0.15354924122236616,0.5688011917840547,0.2776495669935791
25853,GOF,0.32963432239382473,0.6034353067260992,0.06693037088007595
25854,GOF,0.02114781693798802,0.6403775092341272,0.33847467382788476
25855,GOF,0.03744397137929153,0.6069501595645012,0.3556058690562073
25856,GOF,0.23531696696969526,0.5799107785309517,0.184772254499353
25857,GOF,0.03898785997570191,0.5511480311882004,0.4098641088360976
25858,GOF,0.019034937782717698,0.5631916835353776,0.41777337868190456
25859,GOF,0.011325960942316532,0.5360883686216162,0.4525856704360672
25860,GOF,0.34529759044888547,0.577247419766836,0.07745498978427856
25861,GOF,0.40660918755250336,0.5139851218719221,0.0794056905755746
25862,GOF,0.08717341691116656,0.7827435841341537,0.13008299895467976
25863,GOF,0.08829709798386902,0.7821609456774776,0.12954195633865334
25864,GOF,0.17125820160566413,0.7541683805913044,0.07457341780303137
25865,GOF,0.08385180142472848,0.80820466420144,0.10794353437383158
25866,GOF,0.0656731615645317,0.8068655281220789,0.1274613103133895
25867,GOF,0.08117210197381779,0.8263775246624643,0.09245037336371786
25868,GOF,0.26109319071411874,0.6560738606027866,0.0828329486830946
25869,Neutral,0.6810453564423452,0.2845741030278412,0.03438054052981362
25870,GOF,0.277330028823599,0.39552587988141946,0.3271440912949815
25871,GOF,0.21704822367016016,0.6428353471513573,0.14011642917848258
25872,GOF,0.069992558236126,0.6857073326045238,0.24430010915935013
25873,GOF,0.11822843714267478,0.7101624876915011,0.17160907516582402
25874,LOF,0.018653391311415336,0.122499563119424,0.8588470455691607
25875,LOF,0.09841479071728633,0.03037506985368421,0.8712101394290294
25876,LOF,0.03708215058865415,0.03302711966965837,0.9298907297416874
25877,Neutral,0.5280380555691856,0.03403055535046892,0.43793138908034546
25878,LOF,0.23252003401442367,0.06169164842183899,0.7057883175637373
25879,LOF,0.0883734180407087,0.07041762439166417,0.8412089575676271
25880,LOF,0.022991051357238123,0.013704346024699996,0.9633046026180618
25881,LOF,0.16849274726245486,0.09999405169194929,0.7315132010455959
25882,LOF,0.0639729676602462,0.013771213371407808,0.922255818968346
25883,LOF,0.07738781296818076,0.017795148844398295,0.904817038187421
25884,LOF,0.03471578113299884,0.025860427392770384,0.9394237914742307
25885,LOF,0.06376629599405476,0.01054810036122203,0.9256856036447233
25886,LOF,0.24374905244926157,0.033818881347497116,0.7224320662032413
25887,LOF,0.15038300572581836,0.05392249016872091,0.7956945041054608
25888,LOF,0.07001166716419358,0.05348981833586699,0.8764985144999394
25889,LOF,0.04608913346273236,0.017789359638700493,0.9361215068985672
25890,LOF,0.05244273526782894,0.149021972173664,0.7985352925585072
25891,LOF,0.038385020694064624,0.05322988563903452,0.9083850936669008
25892,LOF,0.08447906207967072,0.024855452515753745,0.8906654854045756
25893,LOF,0.21221197336855466,0.023027738793947844,0.7647602878374975
25894,LOF,0.17940267223819298,0.013056444491289714,0.8075408832705173
25895,LOF,0.19513189481757012,0.022100753748569384,0.7827673514338604
25896,LOF,0.04736094409560893,0.027047738006667616,0.9255913178977233
25897,LOF,0.2509996196973907,0.014503962777450592,0.7344964175251586
25898,Neutral,0.7118996433438256,0.011611519641574869,0.2764888370145997
25899,LOF,0.1996196332685587,0.026415773178264153,0.7739645935531771
25900,LOF,0.42377274381128915,0.01670709844268752,0.5595201577460234
25901,LOF,0.043714151437856584,0.01431614881252993,0.9419696997496134
25902,LOF,0.15518668371919078,0.013756509309211566,0.8310568069715977
25903,Neutral,0.5437875443212885,0.03222425958095246,0.423988196097759
25904,LOF,0.26069317555416965,0.061869503115479015,0.6774373213303514
25905,LOF,0.027028183996385582,0.3086294405822142,0.6643423754214002
25906,LOF,0.03697493198272445,0.060710079867987043,0.9023149881492885
25907,LOF,0.015645749219947706,0.33397875766241136,0.650375493117641
25908,LOF,0.012456312353000888,0.2341598881729747,0.7533837994740245
25909,LOF,0.015544846126523073,0.11841500851430548,0.8660401453591714
25910,LOF,0.05308472452144557,0.1088101916206534,0.8381050838579011
25911,LOF,0.18065455245220183,0.02386413287903488,0.7954813146687633
25912,LOF,0.04142985368785392,0.042768051954435726,0.9158020943577104
25913,LOF,0.29089281161952457,0.021729748813470444,0.6873774395670049
25914,LOF,0.021623404497318553,0.07038063924157259,0.9079959562611088
25915,Neutral,0.511898839181393,0.23452187907704855,0.2535792817415584
25916,LOF,0.07312777836493316,0.2691950364930635,0.6576771851420034
25917,LOF,0.06642911755434637,0.05689598559363906,0.8766748968520146
25918,LOF,0.027486224886732323,0.047905593297827974,0.9246081818154397
25919,LOF,0.02375617258749356,0.05348898501440421,0.9227548423981022
25920,GOF,0.09837195248813205,0.5260462183794304,0.37558182913243743
25921,LOF,0.0237498530789672,0.03400830376822596,0.9422418431528069
25922,LOF,0.032622144637505596,0.024114672203780368,0.9432631831587142
25923,LOF,0.40244802562753174,0.023208975234802386,0.5743429991376658
25924,LOF,0.03513164550263856,0.03823719465993571,0.9266311598374257
25925,LOF,0.07164285847452401,0.028977305630943233,0.8993798358945326
25926,LOF,0.051740460661400936,0.024227471493948945,0.9240320678446501
25927,LOF,0.062389118385860524,0.08716644089559031,0.8504444407185493
25928,LOF,0.019985867311274722,0.04499912698844343,0.9350150057002818
25929,Neutral,0.5108965863217113,0.02542486857417415,0.4636785451041146
25930,LOF,0.050839619956086705,0.022088165769179696,0.9270722142747335
25931,LOF,0.02489286227670381,0.02746759178557636,0.9476395459377198
25932,LOF,0.026469900070264032,0.02108893247057827,0.9524411674591577
25933,LOF,0.03583723254748117,0.015185036138695675,0.9489777313138231
25934,LOF,0.023820542392717057,0.018374226394845233,0.9578052312124377
25935,LOF,0.06073937846494193,0.03365350535341872,0.9056071161816392
25936,LOF,0.045105172536478076,0.02050184928158448,0.9343929781819375
25937,LOF,0.024172034269689942,0.028104627550796693,0.9477233381795134
25938,LOF,0.0634110063486139,0.03563215419063113,0.9009568394607549
25939,LOF,0.041093501926474894,0.015659900677864914,0.9432465973956602
25940,LOF,0.029383545221943832,0.38990357155400784,0.5807128832240482
25941,LOF,0.1981680240039243,0.09201730072172747,0.7098146752743483
25942,LOF,0.01636814140217687,0.0373255091758525,0.9463063494219706
25943,LOF,0.3044520693397955,0.06578678362692522,0.6297611470332792
25944,Neutral,0.4961057563529112,0.027568137477721303,0.47632610616936744
25945,LOF,0.06987353200116525,0.02243472662958517,0.9076917413692496
25946,LOF,0.025736050849748046,0.13796981445646977,0.8362941346937822
25947,LOF,0.11555076856911994,0.21503847838340331,0.6694107530474768
25948,LOF,0.41868340740606275,0.0100337560620217,0.5712828365319157
25949,LOF,0.09533517817770049,0.036175969093936666,0.8684888527283628
25950,GOF,0.2691286860792407,0.38614994512636497,0.34472136879439436
25951,LOF,0.21756258335446502,0.22809205404820004,0.554345362597335
25952,LOF,0.04334487789728879,0.4466956497053743,0.5099594723973369
25953,LOF,0.137722041874371,0.099139479492164,0.763138478633465
25954,Neutral,0.44245460902411976,0.16849067861888653,0.38905471235699357
25955,LOF,0.05385860435652652,0.07832106671707019,0.8678203289264033
25956,LOF,0.17035956563608987,0.10308099612924243,0.7265594382346677
25957,LOF,0.03426768747333247,0.0337826495584034,0.9319496629682642
25958,LOF,0.05967226072533045,0.02949078357069487,0.9108369557039747
25959,LOF,0.06925663908601401,0.3681711848671169,0.562572176046869
25960,LOF,0.018407160902397558,0.054534640189794155,0.9270581989078084
25961,LOF,0.05017100581566228,0.0327636722617355,0.9170653219226022
25962,LOF,0.05897239495518659,0.026561357141239337,0.9144662479035741
25963,LOF,0.05252100531277088,0.18110507765877787,0.7663739170284513
25964,LOF,0.03978286984066513,0.1573874612292694,0.8028296689300656
25965,Neutral,0.46718907129335474,0.08248547370502758,0.4503254550016177
25966,Neutral,0.4853272776209124,0.10006650069230472,0.41460622168678296
25967,LOF,0.014034923617182485,0.05833830690835671,0.9276267694744608
25968,LOF,0.03310517356510986,0.39296987748983003,0.5739249489450601
25969,LOF,0.029215371838375175,0.04955902280017328,0.9212256053614515
25970,LOF,0.05933486355680604,0.05921552218084294,0.8814496142623509
25971,LOF,0.07997527166772711,0.016215197852889524,0.9038095304793834
25972,LOF,0.07748913222062542,0.02168647889191248,0.9008243888874621
25973,LOF,0.07032260843278208,0.010361865845333149,0.9193155257218848
25974,LOF,0.21478634539798291,0.01717003372782695,0.7680436208741902
25975,LOF,0.048809350318510095,0.029983217962402914,0.921207431719087
25976,LOF,0.042342909965257344,0.015836741472301536,0.9418203485624411
25977,LOF,0.15969799262045598,0.10930557620433216,0.7309964311752118
25978,LOF,0.1543596892130202,0.08130863802104003,0.7643316727659397
25979,LOF,0.1416379693413485,0.08187344771915589,0.7764885829394956
25980,LOF,0.21211306692535564,0.11121962941172012,0.6766673036629243
25981,LOF,0.2479905454721001,0.10864532560594893,0.643364128921951
25982,LOF,0.4194522237652884,0.06494723063585849,0.5156005455988532
25983,LOF,0.40819129563934875,0.07366759210200664,0.5181411122586446
25984,LOF,0.053745899502769055,0.04755915151469899,0.8986949489825319
25985,LOF,0.0337583468830698,0.21351727737731876,0.7527243757396114
25986,LOF,0.047527602917973366,0.24825633399344535,0.7042160630885812
25987,LOF,0.08119295164571426,0.07188642467420149,0.8469206236800843
25988,LOF,0.1484371102951982,0.055173454610696684,0.796389435094105
25989,LOF,0.028896545257764222,0.10215527949719559,0.8689481752450401
25990,LOF,0.04203559409478574,0.12816629956824235,0.8297981063369719
25991,LOF,0.1342287900519425,0.30605530071506987,0.5597159092329876
25992,LOF,0.2928130650473794,0.17381341526964436,0.5333735196829762
25993,LOF,0.02299685495291504,0.0884949940901645,0.8885081509569205
25994,LOF,0.016946964998637248,0.13378076557441607,0.8492722694269467
25995,LOF,0.025556519301327622,0.26527405831001266,0.7091694223886597
25996,GOF,0.3074775470526804,0.4567731197730579,0.2357493331742617
25997,GOF,0.07560202931910494,0.47024448257968526,0.4541534881012098
25998,Neutral,0.5710212713427273,0.019596394747340654,0.40938233390993195
25999,LOF,0.11426178738832322,0.0991355145308218,0.7866026980808549
26000,LOF,0.1479742087793668,0.04299404836852316,0.8090317428521101
26001,LOF,0.20213222738306094,0.039653898440466996,0.7582138741764721
26002,LOF,0.14418428657659585,0.04524046061265437,0.8105752528107498
26003,GOF,0.01111297090209641,0.5900309554481185,0.39885607364978515
26004,GOF,0.020048795995047948,0.6552346001102431,0.3247166038947089
26005,LOF,0.008237254536381924,0.4444770476063064,0.5472856978573117
26006,Neutral,0.5239152622531396,0.252821700441953,0.22326303730490735
26007,GOF,0.021236367350724008,0.5568307255671517,0.4219329070821242
26008,GOF,0.01692984860365735,0.6313511310528553,0.3517190203434873
26009,GOF,0.01943829133596046,0.6774252714251277,0.30313643723891187
26010,GOF,0.025032853453710282,0.6652783070715983,0.30968883947469145
26011,LOF,0.0069669792136277595,0.44958380133529485,0.5434492194510775
26012,GOF,0.012152571044229022,0.5646993057994222,0.4231481231563487
26013,GOF,0.01753893401676955,0.6356249630756887,0.34683610290754174
26014,LOF,0.04289446490438242,0.10825786876763112,0.8488476663279864
26015,LOF,0.19884669124232654,0.010710366390780561,0.7904429423668928
26016,LOF,0.209004107173099,0.05700777662019923,0.7339881162067018
26017,LOF,0.23338061595113752,0.10040327701091585,0.6662161070379466
26018,LOF,0.0872024578371871,0.029094202293135,0.883703339869678
26019,LOF,0.08376940672620865,0.02216984433874732,0.8940607489350441
26020,LOF,0.07458335222846169,0.11231186461270014,0.8131047831588383
26021,LOF,0.04718601592879483,0.11279414744592388,0.8400198366252812
26022,LOF,0.011591288172206303,0.03381414097604892,0.9545945708517448
26023,LOF,0.10045667102282003,0.019391564606585348,0.8801517643705946
26024,LOF,0.03194448325327125,0.1266713964456272,0.8413841203011015
26025,LOF,0.15700839970680164,0.10606133285250573,0.7369302674406926
26026,LOF,0.3320097095969784,0.027939253763667314,0.6400510366393541
26027,LOF,0.07931461885061528,0.014769945125591917,0.9059154360237928
26028,LOF,0.1643570253656563,0.06654166628688594,0.7691013083474578
26029,LOF,0.07319826034267383,0.22281395888242844,0.7039877807748978
26030,LOF,0.02459364090415458,0.07272338926492142,0.9026829698309241
26031,LOF,0.025639315463051548,0.14785707198213469,0.8265036125548137
26032,LOF,0.06191847575301725,0.0753533492450236,0.8627281750019592
26033,LOF,0.1091420023565329,0.09469080178190806,0.796167195861559
26034,LOF,0.043648886341016414,0.17403768585074916,0.7823134278082344
26035,LOF,0.02640618808528141,0.15864670133130732,0.8149471105834114
26036,LOF,0.03904174758507621,0.18318023811831524,0.7777780142966084
26037,LOF,0.021975746164820485,0.12980716250630814,0.8482170913288714
26038,LOF,0.058292712294533006,0.07932128786233521,0.8623859998431318
26039,LOF,0.05224855770248488,0.15939514762439774,0.7883562946731173
26040,LOF,0.19180085553453774,0.14492093419297578,0.6632782102724865
26041,LOF,0.022483055042283245,0.12171448067936733,0.8558024642783495
26042,LOF,0.021450865302177023,0.11384750468921528,0.8647016300086078
26043,LOF,0.05782616219332806,0.09350228748784345,0.8486715503188285
26044,LOF,0.020980593952603852,0.0841214798781742,0.8948979261692219
26045,LOF,0.0735675740750848,0.10619875990760176,0.8202336660173135
26046,LOF,0.060002788332666826,0.0910931801705098,0.8489040314968234
26047,LOF,0.07945961313835094,0.09888232620051278,0.8216580606611362
26048,LOF,0.0497955948819779,0.04661913170386309,0.9035852734141591
26049,Neutral,0.9618512377891247,0.008082654887626245,0.03006610732324888
26050,Neutral,0.9473659018239906,0.010689535611657731,0.04194456256435154
26051,LOF,0.04745321972717805,0.22323053411916124,0.7293162461536608
26052,LOF,0.073312179161526,0.26633590522425554,0.6603519156142185
26053,LOF,0.053521324727161694,0.1328789477881382,0.8135997274847001
26054,LOF,0.05731425857635378,0.01649559539178727,0.9261901460318589
26055,LOF,0.07396094421813862,0.01349210376161228,0.912546952020249
26056,LOF,0.061895985178523426,0.014687487895255699,0.923416526926221
26057,LOF,0.02904438739606053,0.010760660506042519,0.960194952097897
26058,LOF,0.0297756672904723,0.008520234683466823,0.9617040980260608
26059,LOF,0.31230217763570384,0.02076772096226728,0.6669301014020289
26060,LOF,0.039252093143788185,0.16765384838099362,0.7930940584752182
26061,LOF,0.018814171909049857,0.009944920879456033,0.9712409072114941
26062,LOF,0.011463197345070933,0.015780364849173712,0.9727564378057554
26063,LOF,0.023013698388225784,0.011174625399029275,0.965811676212745
26064,LOF,0.020616090636146656,0.01801009021265542,0.9613738191511979
26065,LOF,0.025855424662879736,0.00944129139641162,0.9647032839407086
26066,LOF,0.02183350343363831,0.010584821627949383,0.9675816749384123
26067,LOF,0.02976275347619527,0.008399048911344246,0.9618381976124604
26068,LOF,0.04831038924107333,0.029987520380896034,0.9217020903780305
26069,LOF,0.2665958716138377,0.018020299356252295,0.71538382902991
26070,LOF,0.39955363310258624,0.014612384419106653,0.5858339824783071
26071,LOF,0.024783599176460894,0.011323784642589839,0.9638926161809492
26072,LOF,0.02393011912182232,0.014915251875791605,0.961154629002386
26073,LOF,0.025146354476795075,0.009988558490377037,0.9648650870328279
26074,Neutral,0.9173908519314917,0.005340908834234129,0.0772682392342742
26075,LOF,0.04659131582765605,0.013629242498433366,0.9397794416739106
26076,LOF,0.047133712078292166,0.008573596960067178,0.9442926909616407
26077,LOF,0.010615433533283633,0.01664117692338085,0.9727433895433355
26078,LOF,0.014012703250873407,0.01083620690357302,0.9751510898455535
26079,LOF,0.06274815599924978,0.0158870448092451,0.9213647991915052
26080,LOF,0.061466080946733045,0.01587152682582402,0.922662392227443
26081,LOF,0.03785797246181636,0.005732574977025551,0.9564094525611582
26082,LOF,0.015597445398417717,0.015296715541697023,0.9691058390598852
26083,LOF,0.1330406077584953,0.012350931291461685,0.854608460950043
26084,LOF,0.029623551318618453,0.010810939709305887,0.9595655089720756
26085,LOF,0.02606500057726708,0.010416504548948831,0.9635184948737842
26086,LOF,0.023917305116195744,0.010801828091304266,0.9652808667924999
26087,LOF,0.029774302372558598,0.007576856091667271,0.9626488415357741
26088,LOF,0.016543441489347156,0.023061795065777158,0.9603947634448756
26089,LOF,0.04684689533932517,0.021590556142059722,0.9315625485186151
26090,LOF,0.04528786047327763,0.016478065486467037,0.9382340740402554
26091,LOF,0.04096195375389585,0.0058985523897095585,0.9531394938563946
26092,LOF,0.027482761002839938,0.007673815084374582,0.9648434239127855
26093,LOF,0.04247129113833739,0.005570621083368455,0.951958087778294
26094,LOF,0.04412154907437581,0.005966110787234284,0.94991234013839
26095,LOF,0.04755838643214098,0.012295091111397602,0.9401465224564615
26096,LOF,0.01863827555023177,0.011604867558794509,0.9697568568909738
26097,LOF,0.012609821399638723,0.03467050158454092,0.9527196770158204
26098,LOF,0.07797389732627895,0.009901803743177161,0.9121242989305439
26099,LOF,0.026177997806389595,0.010765002266303982,0.9630569999273064
26100,LOF,0.028497804649894824,0.010400551392398445,0.9611016439577067
26101,LOF,0.06196582241548051,0.013084062580155858,0.9249501150043636
26102,LOF,0.025465203388123872,0.01269204637590036,0.9618427502359758
26103,Neutral,0.8884635251415577,0.017041646452000524,0.09449482840644183
26104,LOF,0.08210373454536805,0.022192864878323504,0.8957034005763085
26105,LOF,0.21406651668763685,0.33129409201909443,0.45463939129326886
26106,LOF,0.22163802295336832,0.12314023244123079,0.655221744605401
26107,LOF,0.22024135047823717,0.09292080522720328,0.6868378442945595
26108,LOF,0.2683056745542433,0.12730927792019844,0.6043850475255582
26109,LOF,0.11470356047010342,0.06912958166528282,0.8161668578646137
26110,LOF,0.2644029707495557,0.008506750863247812,0.7270902783871965
26111,Neutral,0.5034437032005459,0.02570333580682177,0.4708529609926323
26112,LOF,0.03311667927098371,0.00815776565412575,0.9587255550748905
26113,LOF,0.057059844572265844,0.016785007935294152,0.92615514749244
26114,LOF,0.02887688586104044,0.019107386191711442,0.9520157279472481
26115,LOF,0.09515563824807569,0.0381412436498699,0.8667031181020544
26116,LOF,0.06540167648008556,0.03841182037009614,0.8961865031498184
26117,LOF,0.4293652404595026,0.047822622789191464,0.522812136751306
26118,LOF,0.037462870970978286,0.026115513253066616,0.9364216157759551
26119,LOF,0.023424681753868925,0.036736380527953603,0.9398389377181776
26120,LOF,0.029043577396400733,0.023384302608504298,0.9475721199950949
26121,LOF,0.04838683679584298,0.07895061547352998,0.872662547730627
