feature0,prediction,LoGoFunc_Neutral,LoGoFunc_GOF,LoGoFunc_LOF
25546,Neutral,0.6097068893308288,0.053316862812677085,0.336976247856494
25547,Neutral,0.4726770612131139,0.0916571078735907,0.43566583091329525
25548,Neutral,0.4702080576030803,0.07751030516924444,0.45228163722767534
25549,LOF,0.3992505638968971,0.08045199464650889,0.520297441456594
25550,LOF,0.35300334842049275,0.106887076623864,0.5401095749556433
25551,LOF,0.30349858495093796,0.11948052804986246,0.5770208869991997
25552,LOF,0.2700592443287161,0.1228100428019221,0.6071307128693618
25553,Neutral,0.7894918129241182,0.043968300071825055,0.16653988700405672
25554,LOF,0.312882683712423,0.10859416995676376,0.5785231463308133
25555,LOF,0.26531920399704323,0.10264187231763112,0.6320389236853257
25556,LOF,0.439089537809629,0.08984488725953685,0.4710655749308342
25557,LOF,0.2500213104175453,0.11085939157533717,0.6391192980071175
25558,LOF,0.3017595006625923,0.10751023401688233,0.5907302653205254
25559,LOF,0.2479622073990076,0.1564352043715227,0.5956025882294698
25560,LOF,0.17147052079902686,0.11084724219598391,0.7176822370049892
25561,LOF,0.1631016737765418,0.14089717808477997,0.6960011481386782
25562,LOF,0.07574856458953082,0.08873991985954323,0.835511515550926
25563,LOF,0.028467957018456624,0.12510378916036724,0.8464282538211761
25564,LOF,0.21170115319864197,0.12051849101366027,0.6677803557876977
25565,LOF,0.20008729435613204,0.13074232677571587,0.6691703788681521
25566,GOF,0.08497551115025362,0.6751543670245738,0.23987012182517262
25567,LOF,0.04719118101446572,0.1902900922730408,0.7625187267124935
25568,LOF,0.06515478621252592,0.1003409016312037,0.8345043121562703
25569,LOF,0.060297471576257346,0.10119264547568925,0.8385098829480534
25570,LOF,0.02916328947845816,0.12515447442856187,0.8456822360929799
25571,LOF,0.02829954359345077,0.13708732698868817,0.8346131294178611
25572,LOF,0.06590877186111511,0.15049519297519479,0.7835960351636901
25573,LOF,0.05441817399743986,0.12352435589192479,0.8220574701106353
25574,LOF,0.055840016122204135,0.25885693360578044,0.6853030502720154
25575,LOF,0.02354981719964369,0.1485888728006894,0.827861309999667
25576,LOF,0.030910832999928074,0.19336839098116326,0.7757207760189087
25577,LOF,0.034026340591793124,0.14385033733648273,0.8221233220717242
25578,LOF,0.3017720850735296,0.12367818190477944,0.574549733021691
25579,LOF,0.1426857424709438,0.12782712887502318,0.7294871286540331
25580,LOF,0.020927056480636738,0.1045845309947311,0.8744884125246323
25581,LOF,0.0511337999567582,0.09491509167479947,0.8539511083684423
25582,LOF,0.050707038576897755,0.09266585895390544,0.8566271024691968
25583,LOF,0.023079005984488237,0.11361564403637706,0.8633053499791347
25584,Neutral,0.673761200752129,0.1541055643756308,0.17213323487224025
25585,LOF,0.02214364185657142,0.19211148973832595,0.7857448684051027
25586,LOF,0.01712610275000614,0.09650587070104712,0.8863680265489466
25587,LOF,0.01725502930329841,0.08530892883667394,0.8974360418600278
25588,LOF,0.020904100909539803,0.09560819908243587,0.8834877000080245
25589,Neutral,0.46877146691999433,0.2743296292380023,0.2568989038420033
25590,LOF,0.0514787717267934,0.15059899557354217,0.7979222326996644
25591,LOF,0.0952262256445696,0.08246960845747253,0.8223041658979579
25592,LOF,0.058334196380283414,0.1846725669880415,0.7569932366316751
25593,LOF,0.1093141181402565,0.3175425839122971,0.5731432979474465
25594,LOF,0.04625290202991597,0.08840817142221138,0.8653389265478727
25595,LOF,0.043930719091100745,0.06456814889956478,0.8915011320093345
25596,LOF,0.09948110257350651,0.031726957206572134,0.8687919402199215
25597,LOF,0.08325986802752677,0.04068473691702501,0.8760553950554483
25598,LOF,0.046272669480445096,0.06715763206881421,0.8865696984507406
25599,LOF,0.02170321136584026,0.4308920598737673,0.5474047287603925
25600,GOF,0.18597167677875667,0.4457140753091991,0.36831424791204426
25601,LOF,0.041946118708645765,0.3356045112885289,0.6224493700028254
25602,LOF,0.035328266706775274,0.06077196421623728,0.9038997690769873
25603,LOF,0.03604122930722713,0.03781885617659009,0.9261399145161828
25604,LOF,0.03875851010358744,0.08054591348038181,0.8806955764160308
25605,LOF,0.03722971526902602,0.19185810667042494,0.770912178060549
25606,LOF,0.38071203281031063,0.12778115598725093,0.49150681120243844
25607,LOF,0.0287036907632339,0.1832948700083089,0.7880014392284573
25608,LOF,0.03908073210544918,0.08951723168422585,0.871402036210325
25609,GOF,0.14748443009213963,0.5146601784057576,0.3378553915021028
25610,LOF,0.014873391070893924,0.046162879004489246,0.9389637299246169
25611,LOF,0.013424823950116287,0.05010897396731428,0.9364662020825694
25612,LOF,0.03953061994031781,0.0682866284794741,0.892182751580208
25613,LOF,0.040302854214986,0.0655058341482958,0.8941913116367183
25614,LOF,0.020602108561561,0.04263574576183608,0.9367621456766029
25615,LOF,0.042685409977130696,0.06632734700216025,0.8909872430207091
25616,LOF,0.044538736941903856,0.04575473747269787,0.9097065255853983
25617,LOF,0.03836597087041416,0.058061143633945954,0.9035728854956399
25618,LOF,0.044028984686330395,0.060101299837996024,0.8958697154756735
25619,LOF,0.012889186068363914,0.054128734257205324,0.9329820796744307
25620,LOF,0.05201455548800658,0.0646427427362203,0.8833427017757731
25621,LOF,0.05836898724857764,0.057044576025729384,0.8845864367256929
25622,LOF,0.06360299178472402,0.0573655912365275,0.8790314169787485
25623,LOF,0.06811331621760569,0.04911304948588587,0.8827736342965086
25624,LOF,0.016958446520918196,0.05569856909850682,0.927342984380575
25625,LOF,0.05920638271944204,0.05602648403897727,0.8847671332415806
25626,LOF,0.043938100281745905,0.06264779097761466,0.8934141087406394
25627,Neutral,0.8906946920832826,0.020958538353478454,0.08834676956323886
25628,LOF,0.156101032877144,0.06553943311468707,0.778359534008169
25629,LOF,0.0641264803750734,0.05578059557271487,0.8800929240522117
25630,LOF,0.27994593592205314,0.07303344414247384,0.647020619935473
25631,Neutral,0.5659306796575063,0.07509493065130067,0.35897438969119294
25632,LOF,0.027647749282371667,0.06327935709166572,0.9090728936259627
25633,LOF,0.14409834957502443,0.046049316925163467,0.8098523334998121
25634,LOF,0.03344964176072707,0.09751935933325412,0.8690309989060188
25635,LOF,0.03461630060028073,0.044039963427417075,0.9213437359723021
25636,LOF,0.03642435831654575,0.4393969400637835,0.5241787016196707
25637,GOF,0.075807100576255,0.5155652922247198,0.40862760719902513
25638,LOF,0.031053309891971134,0.36866916379667464,0.6002775263113542
25639,LOF,0.03402137433759379,0.3827025442566748,0.5832760814057313
25640,Neutral,0.8137153398648759,0.13297919549105464,0.05330546464406937
25641,GOF,0.07606831440412926,0.4870879527812829,0.4368437328145877
25642,LOF,0.06184916062468529,0.18601490908017349,0.7521359302951413
25643,LOF,0.19503771212378182,0.11308289748003279,0.6918793903961854
25644,LOF,0.025874701944365187,0.4634128319447417,0.5107124661108932
25645,LOF,0.028126770931968532,0.44370449932081996,0.5281687297472116
25646,LOF,0.06322812542561287,0.33581491242955663,0.6009569621448305
25647,LOF,0.0286004645843381,0.28704175849271085,0.6843577769229511
25648,LOF,0.034926492948332125,0.28049962305681947,0.6845738839948484
25649,LOF,0.019431699986192878,0.236560192261994,0.744008107751813
25650,LOF,0.05216502246636749,0.4263210965783828,0.5215138809552496
25651,LOF,0.020387357064003707,0.2916150517654074,0.6879975911705889
25652,LOF,0.03068805272314984,0.27310655935929834,0.6962053879175518
25653,LOF,0.09716320315992065,0.4398323273939112,0.4630044694461681
25654,LOF,0.02220972646681828,0.26323751353189895,0.7145527600012829
25655,GOF,0.22247721434667192,0.45830141950760117,0.3192213661457268
25656,LOF,0.3498911875062577,0.11025195754161704,0.5398568549521253
25657,LOF,0.06590635710948166,0.09463721440319815,0.8394564284873202
25658,LOF,0.38513389782929647,0.0955945216998098,0.5192715804708937
25659,Neutral,0.5046555888214548,0.12428372868416289,0.3710606824943824
25660,LOF,0.023047540357343035,0.09052881301450975,0.8864236466281471
25661,LOF,0.09335863384545609,0.05881865333026651,0.8478227128242773
25662,LOF,0.03448121136066418,0.03383361713973082,0.931685171499605
25663,LOF,0.04220193651119773,0.04660881803929256,0.9111892454495096
25664,LOF,0.13341184530545747,0.0647761891274389,0.8018119655671037
25665,LOF,0.05621409790790853,0.03307733772749738,0.9107085643645941
25666,LOF,0.0960440885404725,0.06289971531780059,0.8410561961417269
25667,LOF,0.0719182850278602,0.041072973804369396,0.8870087411677704
25668,LOF,0.03782599322166955,0.05041534620950589,0.9117586605688245
25669,LOF,0.030933416981284514,0.046248568529968156,0.9228180144887475
25670,LOF,0.14408551234603506,0.04976525594067578,0.8061492317132891
25671,LOF,0.12584447134327564,0.03430234499626795,0.8398531836604565
25672,LOF,0.047881881963284724,0.043692720039018945,0.9084253979976963
25673,LOF,0.07824058306895933,0.04698722288464536,0.8747721940463953
25674,LOF,0.0670846555934962,0.05823557448483755,0.8746797699216663
25675,LOF,0.10727088595181643,0.05684390947208231,0.8358852045761014
25676,LOF,0.020290775640798644,0.05455533939385083,0.9251538849653506
25677,LOF,0.025469487829747405,0.0689017750700812,0.9056287371001713
25678,LOF,0.20955385503120613,0.0625109369603051,0.7279352080084888
25679,LOF,0.12384959843906121,0.0694525311698138,0.806697870391125
25680,LOF,0.03101785886293345,0.12151564286751297,0.8474664982695536
25681,LOF,0.044897487982812546,0.11074066663061452,0.8443618453865729
25682,LOF,0.14277809758927915,0.07330112349414346,0.7839207789165775
25683,LOF,0.11513000771505366,0.0805735824123318,0.8042964098726145
25684,LOF,0.04341399722392967,0.06220454164720775,0.8943814611288625
25685,LOF,0.1384776109022661,0.07109383646364957,0.7904285526340844
25686,LOF,0.07658142502736494,0.09954690493519822,0.8238716700374368
25687,LOF,0.12453818347672545,0.10347927966182832,0.7719825368614462
25688,LOF,0.3593932454053054,0.04942104618695147,0.5911857084077431
25689,LOF,0.2720565635919291,0.05236338373549059,0.6755800526725804
25690,LOF,0.34773709324221697,0.04368933113717768,0.6085735756206053
25691,Neutral,0.7051866705611932,0.03669769942149882,0.2581156300173079
25692,LOF,0.34396522538397367,0.01322595128337358,0.6428088233326528
25693,LOF,0.04761994399857482,0.41281992971595005,0.5395601262854751
25694,LOF,0.12641825894175118,0.01648888328842195,0.8570928577698268
25695,LOF,0.11989889196697509,0.016774145884135113,0.8633269621488898
25696,LOF,0.1457319091988126,0.010907706587779129,0.8433603842134082
25697,LOF,0.09707933133863564,0.05554774492964712,0.8473729237317172
25698,LOF,0.33989695697482103,0.15140991871576553,0.5086931243094135
25699,Neutral,0.5014850806642617,0.04734639526027296,0.45116852407546537
25700,LOF,0.07488342083266206,0.00989274779068448,0.9152238313766533
25701,LOF,0.18863826636789185,0.05478259505704383,0.7565791385750643
25702,GOF,0.17131179288583023,0.5976732012979545,0.2310150058162152
25703,LOF,0.01657242129523878,0.1649969296129113,0.81843064909185
25704,LOF,0.04104991100260727,0.11067684736630234,0.8482732416310904
25705,LOF,0.048807595200850415,0.16099365935468535,0.7901987454444642
25706,LOF,0.09323711062342559,0.4121978751574418,0.4945650142191327
25707,LOF,0.08271630038366462,0.3696148757691457,0.5476688238471897
25708,LOF,0.0338180006660873,0.33590742047288835,0.6302745788610243
25709,LOF,0.06989069595082814,0.04570515369782183,0.8844041503513501
25710,LOF,0.011615661924221516,0.1634351886114972,0.8249491494642813
25711,LOF,0.021193430054332985,0.09441998474188208,0.8843865852037849
25712,LOF,0.013512614646371485,0.19802973997137288,0.7884576453822556
25713,LOF,0.01934620254570571,0.08585074309640497,0.8948030543578893
25714,LOF,0.0727901785662663,0.08918651522667088,0.8380233062070629
25715,LOF,0.011873575254452455,0.1474775491098169,0.8406488756357305
25716,LOF,0.011494111361737731,0.11168552030851155,0.8768203683297506
25717,LOF,0.01519431419864788,0.07748970611223119,0.9073159796891208
25718,LOF,0.01192664225151574,0.10019493857912692,0.8878784191693573
25719,LOF,0.02014020580078737,0.08306096879633865,0.896798825402874
25720,LOF,0.024410655844650426,0.07324875103238768,0.902340593122962
25721,LOF,0.01409703234005591,0.11811088586024589,0.8677920817996982
25722,LOF,0.015041351247503935,0.12693194558000942,0.8580267031724865
25723,LOF,0.023319922645445818,0.050974705701563455,0.9257053716529907
25724,LOF,0.03228279748813109,0.08513962937544445,0.8825775731364245
25725,LOF,0.012322583520850219,0.07674012146871909,0.9109372950104307
25726,LOF,0.016388093935170864,0.10482154273437072,0.8787903633304585
25727,LOF,0.012677780062133784,0.0820992321510679,0.9052229877867983
25728,LOF,0.010811683262977621,0.11599310859587325,0.873195208141149
25729,LOF,0.011364632382577889,0.115076783121729,0.8735585844956931
25730,LOF,0.014447312213606608,0.09685744610214414,0.8886952416842493
25731,LOF,0.01858787363926476,0.10962383331972851,0.8717882930410067
25732,LOF,0.014557481607434239,0.0849988400627628,0.9004436783298029
25733,LOF,0.016727332255955945,0.07878718466866406,0.9044854830753799
25734,LOF,0.010744484373275786,0.13051870528428158,0.8587368103424426
25735,LOF,0.012605876259468782,0.0913780337780523,0.8960160899624788
25736,LOF,0.013637557255000743,0.10802177480520134,0.8783406679397978
25737,LOF,0.012923997895015906,0.07898479893979109,0.908091203165193
25738,LOF,0.012347000755236716,0.1245295917696625,0.8631234074751009
25739,LOF,0.02044999737886175,0.09289678121455745,0.8866532214065809
25740,LOF,0.027612316638689634,0.12490046816969858,0.8474872151916117
25741,LOF,0.01501387639300177,0.13112116078254193,0.8538649628244563
25742,LOF,0.11763262742386724,0.0977208234247103,0.7846465491514225
25743,LOF,0.035518325588286735,0.05825708329105151,0.9062245911206618
25744,Neutral,0.5457204412767045,0.26606699331146033,0.18821256541183515
25745,LOF,0.06003386906823287,0.08892033512401258,0.8510457958077545
25746,LOF,0.045526843104971654,0.11191330487706017,0.8425598520179681
25747,LOF,0.018783296534436167,0.08486469167505027,0.8963520117905136
25748,LOF,0.08519899615852135,0.12958701940643297,0.7852139844350458
25749,LOF,0.026800431571503695,0.10548339460971215,0.8677161738187842
25750,LOF,0.08655622186292687,0.10031374477241006,0.8131300333646632
25751,LOF,0.07615072665055704,0.1472797818825645,0.7765694914668785
25752,GOF,0.11740424315908579,0.6299521575738111,0.2526435992671031
25753,LOF,0.021493523466978946,0.28047472490280495,0.698031751630216
25754,GOF,0.013760961131976323,0.8049996151680221,0.18123942370000143
25755,LOF,0.024892305476266904,0.40354349826362884,0.5715641962601042
25756,LOF,0.05258642157079405,0.3545209000690757,0.5928926783601302
25757,GOF,0.01696488276109256,0.8203042502381216,0.16273086700078593
25758,GOF,0.027062886339193546,0.8043802919572035,0.16855682170360295
25759,GOF,0.010818854703694869,0.6053261877821259,0.3838549575141792
25760,LOF,0.013690128719222818,0.26643163795391395,0.7198782333268633
25761,GOF,0.29788175240067355,0.6094083261891295,0.09270992141019692
25762,LOF,0.05066597903742149,0.25441634368933447,0.694917677273244
25763,LOF,0.01586346186471286,0.19611656992954088,0.7880199682057464
25764,GOF,0.08733270102504158,0.6114026299491976,0.30126466902576093
25765,GOF,0.035818445758160455,0.730934313409748,0.23324724083209153
25766,GOF,0.06969608558465644,0.7400808927277325,0.19022302168761102
25767,GOF,0.13205513947730024,0.5806046776897357,0.2873401828329641
25768,LOF,0.10582744512046341,0.06675655199449848,0.8274160028850381
25769,LOF,0.056211951179009095,0.07654673538271928,0.8672413134382715
25770,LOF,0.32969952613401105,0.1302722198183198,0.5400282540476692
25771,LOF,0.045651684475775084,0.056926043910467475,0.8974222716137574
25772,LOF,0.01857306696609943,0.05133081325744605,0.9300961197764546
25773,LOF,0.04342110975687145,0.10802253924916616,0.8485563509939624
25774,LOF,0.02718321862221264,0.0911375191898557,0.8816792621879317
25775,LOF,0.04922562293877694,0.05111297133081518,0.8996614057304078
25776,LOF,0.07889848798518752,0.029046808811198387,0.8920547032036141
25777,LOF,0.37569682013862604,0.07229931506279667,0.5520038647985773
25778,LOF,0.0718710135863134,0.058014619201586036,0.8701143672121007
25779,GOF,0.37802231535208924,0.580107869826882,0.04186981482102868
25780,GOF,0.35908884521158074,0.5686089791845138,0.0723021756039055
25781,GOF,0.1405902368957693,0.7562956096960827,0.10311415340814788
25782,GOF,0.20042714726974412,0.7204493264722649,0.07912352625799096
25783,GOF,0.02143027531165293,0.6414292327094357,0.33714049197891144
25784,Neutral,0.4991321213995648,0.4627701631111583,0.038097715489277
25785,Neutral,0.4994514816590759,0.46599730330912664,0.03455121503179756
25786,GOF,0.027727281178830804,0.7539421701678765,0.21833054865329263
25787,Neutral,0.6547233715448607,0.3238058908759212,0.02147073757921822
25788,LOF,0.05580475108570619,0.11202565560248799,0.8321695933118058
25789,GOF,0.1958885501644715,0.6810535926213858,0.12305785721414267
25790,GOF,0.18727516224355367,0.7252935748476199,0.08743126290882651
25791,GOF,0.1459717596873363,0.7062783500657653,0.1477498902468984
25792,GOF,0.3584041324578588,0.5309507590924659,0.11064510844967525
25793,GOF,0.24581170763039914,0.5614647976339615,0.1927234947356394
25794,GOF,0.3195206838697836,0.5378926048570137,0.14258671127320266
25795,GOF,0.08420345151119392,0.6928877728765646,0.2229087756122416
25796,Neutral,0.5670983714343532,0.36540710890959827,0.06749451965604858
25797,GOF,0.10367572268772443,0.5282772891900617,0.36804698812221387
25798,GOF,0.010190075907822872,0.5215420407338498,0.46826788335832725
25799,LOF,0.007820766045294775,0.42305282250278065,0.5691264114519246
25800,GOF,0.04064575520613593,0.6349175574979921,0.32443668729587205
25801,GOF,0.22354885682640457,0.6694915369506228,0.10695960622297253
25802,GOF,0.06559086985362032,0.705978665583632,0.22843046456274768
25803,GOF,0.03820662984566151,0.5962485392173004,0.36554483093703816
25804,GOF,0.035101423882108684,0.5137481703722632,0.45115040574562826
25805,GOF,0.09557304872661092,0.6165476853984145,0.28787926587497464
25806,GOF,0.11660220677253848,0.6149549605017129,0.2684428327257486
25807,GOF,0.019356233212658627,0.618426906824682,0.3622168599626594
25808,GOF,0.09206183348596306,0.6480653790501009,0.25987278746393616
25809,GOF,0.019670923082850778,0.6279394284455813,0.35238964847156795
25810,GOF,0.01938797408137791,0.6370945336723302,0.343517492246292
25811,Neutral,0.47239089355088437,0.46638575838262797,0.061223348066487576
25812,GOF,0.03556282471997101,0.6512717689834574,0.3131654062965715
25813,Neutral,0.505361620392049,0.40499440214512067,0.08964397746283027
25814,GOF,0.11184373706658608,0.6869229674876726,0.2012332954457414
25815,GOF,0.19845823583790373,0.6385685136178955,0.16297325054420095
25816,GOF,0.02019542867662831,0.6935906251103282,0.2862139462130436
25817,GOF,0.2294234648066893,0.6423529986756719,0.12822353651763882
25818,GOF,0.05552171895500897,0.6179437966335687,0.32653448441142235
25819,GOF,0.3666519046808495,0.492452200105023,0.1408958952141274
25820,GOF,0.15106143937900607,0.6142444617340851,0.23469409888690898
25821,GOF,0.05484073577286741,0.6696549481109276,0.27550431611620496
25822,GOF,0.20387477499893594,0.5535901678979415,0.24253505710312256
25823,GOF,0.028338736572416895,0.5018162129601479,0.4698450504674352
25824,GOF,0.07303426834605384,0.5528623400325346,0.3741033916214115
25825,GOF,0.02887308132613193,0.5441389258190995,0.42698799285476846
25826,GOF,0.010173561721294024,0.5087945539532789,0.4810318843254271
25827,GOF,0.02367287805903457,0.5785559123764135,0.397771209564552
25828,GOF,0.012856035327893315,0.5020868379682855,0.4850571267038212
25829,GOF,0.006297915738302518,0.5688582594098747,0.4248438248518228
25830,LOF,0.03753297900037218,0.31643329428783096,0.6460337267117967
25831,GOF,0.18851163243564714,0.6821936122011316,0.12929475536322133
25832,GOF,0.032140106550424354,0.6801808344635522,0.28767905898602353
25833,GOF,0.12912906501043386,0.6949689384492218,0.17590199654034436
25834,GOF,0.038141974434311623,0.6923624121107886,0.2694956134548998
25835,GOF,0.08470904276513232,0.7415636229238836,0.17372733431098408
25836,GOF,0.0436339458690957,0.6753666798511168,0.28099937427978766
25837,GOF,0.026060471007561245,0.5482566746014502,0.4256828543909884
25838,GOF,0.08738798108537194,0.747151922643658,0.16546009627097008
25839,GOF,0.2837913552522678,0.5637539274616747,0.15245471728605742
25840,GOF,0.23730207938936232,0.5866665282181293,0.17603139239250845
25841,GOF,0.2622674427110496,0.5813739073301166,0.15635864995883378
25842,GOF,0.18502531038804754,0.6823827524145161,0.13259193719743645
25843,GOF,0.24753268283158897,0.6567187050997966,0.09574861206861458
25844,GOF,0.06646786841820874,0.695021171622782,0.2385109599590093
25845,LOF,0.015994919273571342,0.4751555856435528,0.5088494950828759
25846,GOF,0.12292449501504951,0.7096493924330247,0.16742611255192583
25847,GOF,0.11682896885889293,0.7749485759286862,0.10822245521242103
25848,GOF,0.0361213850526728,0.6978210120730384,0.2660576028742888
25849,GOF,0.010900927457736291,0.5762678727289392,0.41283119981332445
25850,GOF,0.01972265771023106,0.6633156472027737,0.31696169508699523
25851,GOF,0.01543645331385928,0.5587401398714478,0.42582340681469294
25852,GOF,0.16727464912322393,0.5594969604374508,0.2732283904393253
25853,GOF,0.3643090019976932,0.5743494437298612,0.061341554272445545
25854,GOF,0.02024642060901239,0.6523384642246695,0.3274151151663182
25855,GOF,0.033283846362657694,0.5950839285726369,0.37163222506470545
25856,GOF,0.23742958369659153,0.547917745205338,0.21465267109807046
25857,GOF,0.03146714830622926,0.5098683858033909,0.4586644658903798
25858,GOF,0.017656107221405978,0.5720609500221877,0.4102829427564062
25859,GOF,0.010052356260190704,0.5536588671601277,0.4362887765796817
25860,GOF,0.38465935148072894,0.5363445232990148,0.07899612522025616
25861,GOF,0.4248167249365336,0.5029511663879344,0.07223210867553193
25862,GOF,0.08889944897294307,0.7769484931876742,0.13415205783938275
25863,GOF,0.08839488253129167,0.7843325270275351,0.12727259044117314
25864,GOF,0.18500861287353398,0.7369871726167706,0.07800421450969536
25865,GOF,0.0807354793808314,0.8055432330396898,0.11372128757947893
25866,GOF,0.058899385692557385,0.8130828802816447,0.12801773402579789
25867,GOF,0.08305479903660352,0.8190273017887874,0.09791789917460905
25868,GOF,0.28775829325848795,0.6193458329952634,0.09289587374624876
25869,Neutral,0.687558701627481,0.2759913064115772,0.03644999196094172
25870,GOF,0.32853798955463287,0.35469748025484915,0.31676453019051803
25871,GOF,0.20901704192650375,0.633677989956239,0.15730496811725722
25872,GOF,0.08270418478138929,0.6583379423026361,0.2589578729159746
25873,GOF,0.14087900516479737,0.6631286791285397,0.19599231570666287
25874,LOF,0.018523079769136672,0.11230675612760531,0.8691701641032579
25875,LOF,0.09927455954452105,0.03440750615596385,0.866317934299515
25876,LOF,0.03320938930924604,0.041479103394182856,0.9253115072965711
25877,Neutral,0.5144895808877901,0.03802662176469839,0.44748379734751154
25878,LOF,0.23420312837377114,0.06804502815421583,0.697751843472013
25879,LOF,0.08412208608749541,0.0764872841326084,0.8393906297798962
25880,LOF,0.023296519769380245,0.020659135224056213,0.9560443450065635
25881,LOF,0.18580534468819024,0.11131851672602991,0.7028761385857799
25882,LOF,0.07094825129674152,0.013774446731845757,0.9152773019714128
25883,LOF,0.08494983571886755,0.016756347024751803,0.8982938172563807
25884,LOF,0.03868363460410398,0.025053247306541186,0.9362631180893548
25885,LOF,0.07046028493659318,0.009348837783592516,0.9201908772798143
25886,LOF,0.2674622149776881,0.029897234521203204,0.7026405505011087
25887,LOF,0.16706946507380924,0.061081924247112306,0.7718486106790785
25888,LOF,0.06572361001844569,0.05915331065781639,0.875123079323738
25889,LOF,0.05103079356887264,0.01665344844020966,0.9323157579909177
25890,LOF,0.05207747233648911,0.12329628694377444,0.8246262407197366
25891,LOF,0.045130916186032925,0.04737929605424729,0.9074897877597198
25892,LOF,0.0916563516840848,0.02244020637991995,0.8859034419359952
25893,LOF,0.26546627322165656,0.017378545127102907,0.7171551816512405
25894,LOF,0.18681742860329692,0.00972399015698347,0.8034585812397196
25895,LOF,0.20919365014893407,0.01920920731674578,0.7715971425343201
25896,LOF,0.0472310304180167,0.018943371057094743,0.9338255985248886
25897,LOF,0.2624281847056625,0.01254681981891426,0.7250249954754233
25898,Neutral,0.7075562552406157,0.009684019205738454,0.2827597255536457
25899,LOF,0.21798986652002741,0.02010144404425593,0.7619086894357168
25900,LOF,0.44006034887050893,0.01621439580945815,0.5437252553200329
25901,LOF,0.05360857104398402,0.011323076882574024,0.935068352073442
25902,LOF,0.16955783296941035,0.01102029467885178,0.8194218723517379
25903,Neutral,0.5107971008593761,0.03106777219854258,0.4581351269420812
25904,LOF,0.27741224413917387,0.0421955881589465,0.6803921677018796
25905,LOF,0.024702028979849987,0.3173948424056799,0.6579031286144702
25906,LOF,0.021889611369985445,0.06659116014861843,0.9115192284813961
25907,LOF,0.013837524467861878,0.33403241180936855,0.6521300637227695
25908,LOF,0.010799733363048163,0.23932037786388066,0.7498798887730712
25909,LOF,0.014061727972864996,0.1296967575145321,0.8562415145126029
25910,LOF,0.048934711045305154,0.13828438070150134,0.8127809082531935
25911,LOF,0.167715498266048,0.03171407903630301,0.8005704226976489
25912,LOF,0.047201976923542756,0.05486776638378047,0.8979302566926769
25913,LOF,0.32094391335254335,0.021944534825057125,0.6571115518223997
25914,LOF,0.019036912729815354,0.1294199209082082,0.8515431663619765
25915,Neutral,0.41945928082813694,0.3550416088042629,0.22549911036760026
25916,LOF,0.05626932036452393,0.3994958964876977,0.5442347831477784
25917,LOF,0.05647256419617675,0.08825776340794972,0.8552696723958735
25918,LOF,0.025251071254855022,0.0833979826998709,0.891350946045274
25919,LOF,0.02163136823933332,0.08667916495680576,0.891689466803861
25920,GOF,0.09262336608708724,0.5378614673478197,0.369515166565093
25921,LOF,0.02664666937509911,0.031865107253118946,0.941488223371782
25922,LOF,0.0360251058838879,0.02276704781321659,0.9412078463028956
25923,LOF,0.4102645012139451,0.02616802913316006,0.5635674696528948
25924,LOF,0.034743396666890296,0.04038980585920146,0.9248667974739082
25925,LOF,0.06662925981866051,0.030014661109868973,0.9033560790714705
25926,LOF,0.04795217517677802,0.02493297624290355,0.9271148485803185
25927,LOF,0.06401651350128704,0.09322049575254533,0.8427629907461676
25928,LOF,0.020805877856595673,0.04126029845239617,0.9379338236910081
25929,Neutral,0.529269425337665,0.028187468282821586,0.4425431063795135
25930,LOF,0.0558417033339791,0.02449577443294496,0.9196625222330759
25931,LOF,0.03042722590178824,0.02406223072212465,0.9455105433760871
25932,LOF,0.02803392377901734,0.02398051006694682,0.947985566154036
25933,LOF,0.03917495480625024,0.016569637202059086,0.9442554079916907
25934,LOF,0.025988448386840272,0.020726380605593984,0.9532851710075657
25935,LOF,0.05863784636625436,0.0351290476500129,0.9062331059837326
25936,LOF,0.04808817057538769,0.0260574762522458,0.9258543531723666
25937,LOF,0.028626269731686305,0.03287741308155865,0.9384963171867552
25938,LOF,0.06335595586632853,0.03523312077447694,0.9014109233591946
25939,LOF,0.03827659408424982,0.01582495198593985,0.9458984539298102
25940,LOF,0.03908444551374071,0.410877695151847,0.5500378593344122
25941,LOF,0.18713872324092284,0.09343195303324142,0.7194293237258357
25942,LOF,0.018112339993037897,0.027037404752372027,0.9548502552545901
25943,LOF,0.2970262394381691,0.05369800068196079,0.6492757598798701
25944,LOF,0.4757667224004767,0.024319669613917537,0.49991360798560575
25945,LOF,0.0751569172900378,0.020110687426060432,0.9047323952839017
25946,LOF,0.025575849976738566,0.12913498837520654,0.845289161648055
25947,LOF,0.10667915192521411,0.22315790734149044,0.6701629407332955
25948,LOF,0.4118371213080226,0.011202601944145098,0.5769602767478322
25949,LOF,0.10138482795694283,0.053113226551329544,0.8455019454917276
25950,GOF,0.24892272006495145,0.3999075161493064,0.35116976378574216
25951,LOF,0.2528716394176517,0.22832095860010154,0.5188074019822468
25952,LOF,0.04112700116560121,0.460432173705705,0.4984408251286937
25953,LOF,0.13346443239365724,0.11379784273187123,0.7527377248744714
25954,Neutral,0.42960790972600266,0.18021898327093683,0.3901731070030605
25955,LOF,0.05944988520047146,0.08620079302699717,0.8543493217725314
25956,LOF,0.1540573838751421,0.10838658716660905,0.7375560289582488
25957,LOF,0.03679481428407504,0.03225816030912913,0.9309470254067959
25958,LOF,0.063948592517099,0.026604661966307775,0.9094467455165932
25959,LOF,0.0697515262349365,0.37758488444420635,0.5526635893208572
25960,LOF,0.019139420160954317,0.05137976303022833,0.9294808168088174
25961,LOF,0.05222758304788284,0.028665026989306588,0.9191073899628106
25962,LOF,0.059566314225271685,0.03055424037958103,0.9098794453951473
25963,LOF,0.04486820206794793,0.17523328248990372,0.7798985154421483
25964,LOF,0.03818742438746432,0.14172670326107456,0.8200858723514611
25965,Neutral,0.4600614556722504,0.09836302612862334,0.4415755181991262
25966,Neutral,0.4610975089681324,0.11146523271172167,0.427437258320146
25967,LOF,0.012641128241344876,0.0635897167110819,0.9237691550475733
25968,GOF,0.030868030503769097,0.49677891455297263,0.4723530549432584
25969,LOF,0.023860851169476623,0.057694653830643934,0.9184444949998795
25970,LOF,0.058762762954261166,0.05669494279267285,0.8845422942530661
25971,LOF,0.07971580775496102,0.01501569077617778,0.9052685014688612
25972,LOF,0.07735037097884298,0.01812913939842029,0.9045204896227367
25973,LOF,0.08827135479608006,0.00719192455549758,0.9045367206484224
25974,LOF,0.19132376396109577,0.0162524482478578,0.7924237877910464
25975,LOF,0.052930618318229004,0.02338386154790345,0.9236855201338676
25976,LOF,0.04543808843643407,0.013376717114887035,0.941185194448679
25977,LOF,0.15612052444441538,0.09312919003118243,0.7507502855244022
25978,LOF,0.15023047813529328,0.05449289559231662,0.7952766262723902
25979,LOF,0.13731216498967147,0.05691914942270397,0.8057686855876245
25980,LOF,0.21900767366415355,0.07056433884670067,0.7104279874891458
25981,LOF,0.2502745323431226,0.06868256353226823,0.6810429041246092
25982,LOF,0.39198050985527916,0.05044837544669212,0.5575711146980288
25983,LOF,0.3818901320529667,0.0523230109309789,0.5657868570160545
25984,LOF,0.052730931249841816,0.04573109149684069,0.9015379772533175
25985,LOF,0.0275557375411942,0.21248460214980622,0.7599596603089996
25986,LOF,0.04271029728566403,0.24661134349049232,0.7106783592238436
25987,LOF,0.08095827263072042,0.06969757704212828,0.8493441503271514
25988,LOF,0.13782870329119642,0.049019050766831065,0.8131522459419726
25989,LOF,0.030086189107588597,0.09529433216972144,0.87461947872269
25990,LOF,0.03609368929479479,0.12184106160271732,0.8420652491024879
25991,LOF,0.174104791799297,0.27601656652464485,0.5498786416760582
25992,LOF,0.36042661391848685,0.13835349251189025,0.5012198935696228
25993,LOF,0.024954915544433194,0.07673487910332936,0.8983102053522375
25994,LOF,0.01767376582199892,0.10876850841219705,0.8735577257658039
25995,LOF,0.026312481872127622,0.19673645272313908,0.7769510654047334
25996,GOF,0.3187705429730439,0.4356282793393456,0.2456011776876104
25997,GOF,0.09034534585583354,0.46846741470320397,0.4411872394409625
25998,Neutral,0.5333168715964542,0.027657892369575443,0.43902523603397037
25999,LOF,0.11519375990114271,0.14117716045679218,0.7436290796420651
26000,LOF,0.16022522941651732,0.02452316712072744,0.8152516034627554
26001,LOF,0.19471303398228043,0.03276841506455841,0.7725185509531611
26002,LOF,0.14591629655933,0.029218325614750903,0.8248653778259191
26003,GOF,0.011150455364986054,0.5289334102396841,0.45991613439532975
26004,GOF,0.022760496204883848,0.5857583444646862,0.3914811593304299
26005,LOF,0.008919672909448523,0.41098078504086843,0.580099542049683
26006,Neutral,0.5170908872736144,0.1897510978326077,0.2931580148937779
26007,GOF,0.02320781149960389,0.5006856933045429,0.4761064951958532
26008,GOF,0.020153384354720003,0.5495638430130442,0.4302827726322358
26009,GOF,0.0256345606264556,0.5868528960910651,0.38751254328247936
26010,GOF,0.0307884860935105,0.5766341938089037,0.3925773200975858
26011,LOF,0.007659649557950992,0.40610075587937783,0.5862395945626712
26012,GOF,0.017071647836263054,0.5145756627310023,0.4683526894327346
26013,GOF,0.024361006520846527,0.5764117886193144,0.39922720485983915
26014,LOF,0.042742602969969026,0.13846579006737406,0.818791606962657
26015,LOF,0.22250280377057852,0.008143021336397258,0.7693541748930242
26016,LOF,0.24260275544561338,0.04838410409972484,0.7090131404546617
26017,LOF,0.2707470552493264,0.07173797609806308,0.6575149686526106
26018,LOF,0.10612038111428386,0.0295436828039375,0.8643359360817786
26019,LOF,0.10136809295372966,0.023129911642939434,0.8755019954033308
26020,LOF,0.07323135855715254,0.09748315510111316,0.8292854863417344
26021,LOF,0.04679118431232184,0.1067483225758588,0.8464604931118195
26022,LOF,0.011709477080036116,0.03507304689102007,0.9532174760289439
26023,LOF,0.1275834098638431,0.019480911682098468,0.8529356784540584
26024,LOF,0.030971468256910623,0.11297916166847763,0.8560493700746118
26025,LOF,0.17534350554911013,0.08814255100224658,0.7365139434486433
26026,LOF,0.3233684808544163,0.023005957854565124,0.6536255612910186
26027,LOF,0.09626558617246694,0.014056243118700473,0.8896781707088326
26028,LOF,0.15023676957806517,0.07125475870341834,0.7785084717185164
26029,LOF,0.07178333573033471,0.19597488185112216,0.732241782418543
26030,LOF,0.02651475595343214,0.06159532024098741,0.9118899238055804
26031,LOF,0.03089114064568218,0.14167340083316704,0.8274354585211507
26032,LOF,0.0696774173513571,0.06398280502384446,0.8663397776247984
26033,LOF,0.12597030868264053,0.07652893216387575,0.7975007591534836
26034,LOF,0.04982450507109826,0.16053262168297255,0.7896428732459292
26035,LOF,0.02924069849013804,0.14331390892823367,0.8274453925816283
26036,LOF,0.04419207643444503,0.1775442292064886,0.7782636943590664
26037,LOF,0.024273020896531883,0.11425677568230469,0.8614702034211633
26038,LOF,0.06405472197643101,0.06574212653932789,0.8702031514842411
26039,LOF,0.057803813816765706,0.15175031211421386,0.7904458740690204
26040,LOF,0.21756551108029704,0.124049464303294,0.658385024616409
26041,LOF,0.024973595355020323,0.11128142992304313,0.8637449747219365
26042,LOF,0.024463190500117464,0.10493113171242394,0.8706056777874587
26043,LOF,0.06344181180862049,0.07847343395733343,0.8580847542340461
26044,LOF,0.020547596736965396,0.07726215783493622,0.9021902454280984
26045,LOF,0.07706126792356449,0.10007650376807459,0.822862228308361
26046,LOF,0.06400379470928093,0.07744895578037722,0.8585472495103418
26047,LOF,0.08889955698042025,0.08711569952095119,0.8239847434986285
26048,LOF,0.05361813883004596,0.05327127370341875,0.8931105874665353
26049,Neutral,0.9614465373519906,0.009088170369789138,0.029465292278220295
26050,Neutral,0.9443026092477605,0.011054352986629852,0.04464303776560959
26051,LOF,0.04696139622562684,0.28616936715463626,0.6668692366197368
26052,LOF,0.06641176996252111,0.31921663029504777,0.614371599742431
26053,LOF,0.058095356453893465,0.14079998601502358,0.8011046575310828
26054,LOF,0.052968874276234104,0.018178282813180974,0.9288528429105848
26055,LOF,0.07037852607237757,0.015466157172262419,0.91415531675536
26056,LOF,0.058965795484674094,0.017284859157000683,0.9237493453583251
26057,LOF,0.03151710347843618,0.010864383353805298,0.9576185131677585
26058,LOF,0.03285645035331787,0.00860533309204284,0.9585382165546392
26059,LOF,0.29462319710701257,0.02384199509514268,0.6815348077978447
26060,LOF,0.030898685388701004,0.16383143931877525,0.8052698752925238
26061,LOF,0.017858657319224758,0.009904589584915312,0.97223675309586
26062,LOF,0.011425822771698492,0.01631291652813226,0.9722612607001692
26063,LOF,0.02409013625602434,0.010748974447562882,0.9651608892964129
26064,LOF,0.024322395318754905,0.01600175560117351,0.9596758490800716
26065,LOF,0.026273965407122554,0.010034422859946726,0.9636916117329307
26066,LOF,0.022956048798624385,0.009901935756964263,0.9671420154444114
26067,LOF,0.030033720081228975,0.007769705214397237,0.9621965747043738
26068,LOF,0.04741913791049533,0.0322171679006042,0.9203636941889005
26069,LOF,0.2680273840921716,0.01964894436608139,0.712323671541747
26070,LOF,0.3967116232556624,0.016370645406966318,0.5869177313373714
26071,LOF,0.02483661690535107,0.012149578777903557,0.9630138043167454
26072,LOF,0.02463712857377963,0.014493402919411728,0.9608694685068087
26073,LOF,0.026721646746156416,0.00991407878965173,0.9633642744641919
26074,Neutral,0.9106126314250286,0.005197072123739369,0.08419029645123204
26075,LOF,0.04343895799197454,0.014861297741747983,0.9416997442662774
26076,LOF,0.04636201773910574,0.008015120903444866,0.9456228613574493
26077,LOF,0.009408166695155738,0.016868771646575527,0.9737230616582687
26078,LOF,0.014256145241722046,0.009313043764534899,0.9764308109937431
26079,LOF,0.06090919775875153,0.01615532427448252,0.9229354779667659
26080,LOF,0.06020158994289393,0.016176231299048112,0.923622178758058
26081,LOF,0.03867734725185026,0.005713652628801926,0.9556090001193479
26082,LOF,0.017654575002266637,0.013359324643885832,0.9689861003538476
26083,LOF,0.13193545742362933,0.011716354163987742,0.856348188412383
26084,LOF,0.02987256571547691,0.010675976761838268,0.9594514575226849
26085,LOF,0.025889433679666188,0.010069731640865625,0.9640408346794682
26086,LOF,0.02621616170549827,0.01078904394050666,0.9629947943539952
26087,LOF,0.030087854991551456,0.007366148153747838,0.9625459968547007
26088,LOF,0.01604732510545228,0.02481182342383229,0.9591408514707154
26089,LOF,0.04569036143665024,0.02330080679042922,0.9310088317729205
26090,LOF,0.04467948145527985,0.018197535059095375,0.9371229834856248
26091,LOF,0.04030093715478599,0.005720643034025567,0.9539784198111884
26092,LOF,0.028129284064397755,0.007699071558804228,0.964171644376798
26093,LOF,0.042068484510811896,0.005382349954640637,0.9525491655345475
26094,LOF,0.04724206342692301,0.00613259751182996,0.946625339061247
26095,LOF,0.04465021154178674,0.013017403541055853,0.9423323849171574
26096,LOF,0.02222460073877773,0.00940684993220867,0.9683685493290136
26097,LOF,0.012545179896822075,0.03064875889765535,0.9568060612055226
26098,LOF,0.07112515535928884,0.010315926517804736,0.9185589181229064
26099,LOF,0.027118001995919162,0.012032848620316042,0.9608491493837648
26100,LOF,0.029361997718706838,0.011405186147323864,0.9592328161339694
26101,LOF,0.05990313824468827,0.011104866814254745,0.9289919949410571
26102,LOF,0.02660253419638844,0.013494661613789805,0.9599028041898218
26103,Neutral,0.8932959028899664,0.017781760874268245,0.08892233623576527
26104,LOF,0.07971544539305411,0.0240455495594292,0.8962390050475167
26105,LOF,0.19738237965909775,0.30612140351371514,0.4964962168271871
26106,LOF,0.21281533546595308,0.11885670351493298,0.6683279610191138
26107,LOF,0.24869823467661253,0.09171669962195143,0.659585065701436
26108,LOF,0.24623257479116178,0.12750042816927765,0.6262669970395606
26109,LOF,0.10841856648085059,0.08097466428995982,0.8106067692291896
26110,LOF,0.2480743509546089,0.006456719389184124,0.745468929656207
26111,Neutral,0.5062338649601071,0.017188366063663425,0.47657776897622933
26112,LOF,0.03237380220094079,0.008013835362981978,0.9596123624360773
26113,LOF,0.05305464980615615,0.016067683463147,0.9308776667306968
26114,LOF,0.030206733930196898,0.02719955270177947,0.9425937133680236
26115,LOF,0.09927960358907222,0.0677918408994372,0.8329285555114906
26116,LOF,0.06760148077603564,0.06374557423984227,0.868652944984122
26117,LOF,0.4332991411235896,0.05629995528462565,0.5104009035917848
26118,LOF,0.03681413997251091,0.027789572280453475,0.9353962877470355
26119,LOF,0.022713218338859795,0.0459275489738346,0.9313592326873056
26120,LOF,0.028973583525276406,0.025758652341151562,0.9452677641335719
26121,LOF,0.04926472460155037,0.08249916724518999,0.8682361081532596
26122,LOF,0.03917750138313011,0.04950242811611601,0.9113200705007538
