feature0,prediction,LoGoFunc_Neutral,LoGoFunc_GOF,LoGoFunc_LOF
25546,Neutral,0.6260195397508737,0.07109122455023395,0.30288923569889237
25547,Neutral,0.4610577340871489,0.11646417405414956,0.4224780918587015
25548,Neutral,0.4666313255946644,0.09772262758240946,0.43564604682292596
25549,LOF,0.39704646626976986,0.09965594152243482,0.5032975922077954
25550,LOF,0.350102823058801,0.13555683406412444,0.5143403428770745
25551,LOF,0.31324380557798154,0.14303466041061966,0.5437215340113988
25552,LOF,0.2583687324789923,0.13473848256265292,0.6068927849583547
25553,Neutral,0.8077026725157032,0.052006102660883964,0.1402912248234128
25554,LOF,0.2977439400885017,0.1295748602304893,0.572681199681009
25555,LOF,0.2549756322972858,0.1220400457170855,0.6229843219856287
25556,Neutral,0.44584206394303133,0.11266466726975942,0.44149326878720935
25557,LOF,0.23753982806926455,0.12735403079460642,0.6351061411361291
25558,LOF,0.2956150939739253,0.1288691316132288,0.575515774412846
25559,LOF,0.19276015695030663,0.1254388739481388,0.6818009691015546
25560,LOF,0.15494618747946381,0.11000606660638312,0.735047745914153
25561,LOF,0.15239586441029848,0.11688924590939082,0.7307148896803107
25562,LOF,0.0736782708850334,0.08004651963647016,0.8462752094784964
25563,LOF,0.0214307892454294,0.14290409268339477,0.8356651180711758
25564,LOF,0.22250136001532417,0.13559539540237,0.6419032445823057
25565,LOF,0.20496457334059617,0.1325412392368326,0.6624941874225713
25566,GOF,0.08529193131323823,0.7403441071754789,0.17436396151128297
25567,LOF,0.03969276961098219,0.12508121985507192,0.835226010533946
25568,LOF,0.061004821386235454,0.06991421708171605,0.8690809615320486
25569,LOF,0.05702069922488601,0.07020276282684726,0.8727765379482666
25570,LOF,0.026967612943048648,0.0972915606444562,0.8757408264124952
25571,LOF,0.026702817989784997,0.10273908366497532,0.8705580983452397
25572,LOF,0.06366782465371826,0.11192738730204178,0.8244047880442401
25573,LOF,0.05494739746108306,0.08257636718069536,0.8624762353582216
25574,LOF,0.05587389280861265,0.1938855640523863,0.750240543139001
25575,LOF,0.022487290064902056,0.11798860534306671,0.8595241045920312
25576,LOF,0.03406027727954479,0.14573093780449348,0.8202087849159618
25577,LOF,0.029964639238308256,0.11076795712991509,0.8592674036317766
25578,LOF,0.30710648217966663,0.07792403066176698,0.6149694871585664
25579,LOF,0.1340934423934694,0.08393592787074722,0.7819706297357835
25580,LOF,0.019859552787469325,0.07557836656236974,0.904562080650161
25581,LOF,0.05468984482751131,0.06613033961573753,0.8791798155567513
25582,LOF,0.05461002541382332,0.06477083595142154,0.880619138634755
25583,LOF,0.020974169438921338,0.08131242985074322,0.8977134007103355
25584,Neutral,0.6633065189705194,0.10878440481501957,0.22790907621446105
25585,LOF,0.030368686857663193,0.11345089637292806,0.8561804167694088
25586,LOF,0.017862910210812575,0.06398583127138491,0.9181512585178024
25587,LOF,0.017358747647488106,0.058443723232784316,0.9241975291197276
25588,LOF,0.020970199862527433,0.07027152087625131,0.9087582792612211
25589,Neutral,0.49927406856361967,0.20695684269907752,0.2937690887373028
25590,LOF,0.04973276556800445,0.1025490775454456,0.84771815688655
25591,LOF,0.09821685056512519,0.055587558391130755,0.8461955910437441
25592,LOF,0.05685124198008513,0.12647073686393234,0.8166780211559825
25593,LOF,0.12420822417567941,0.2509324067720706,0.62485936905225
25594,LOF,0.052779221376541736,0.10928197379034021,0.837938804833118
25595,LOF,0.05445396872777816,0.07708059762633526,0.8684654336458866
25596,LOF,0.11595479343290929,0.049530410160452426,0.8345147964066384
25597,LOF,0.08516677891334058,0.05023944265123039,0.864593778435429
25598,LOF,0.052038802468386644,0.07782672939424522,0.8701344681373682
25599,GOF,0.02222197301173891,0.5293846107386069,0.4483934162496542
25600,GOF,0.15585599754665486,0.5236362839590591,0.320507718494286
25601,LOF,0.04301864478096933,0.4108546848539455,0.5461266703650851
25602,LOF,0.03580856012704633,0.05350308936813344,0.9106883505048202
25603,LOF,0.03482486629245908,0.029653290910757045,0.9355218427967839
25604,LOF,0.038627824471469244,0.0658145954653911,0.8955575800631396
25605,LOF,0.039918426390050894,0.1858553045110059,0.7742262690989431
25606,Neutral,0.4503666304348351,0.10260467529270637,0.44702869427245856
25607,LOF,0.02404109190530586,0.17455817550116412,0.80140073259353
25608,LOF,0.03254378871126107,0.07276684097891449,0.8946893703098243
25609,GOF,0.15242885958157357,0.5322016252471449,0.3153695151712816
25610,LOF,0.014983663084206,0.027801981795791072,0.9572143551200029
25611,LOF,0.013953704372596652,0.03353009092761174,0.9525162046997916
25612,LOF,0.049920920880498855,0.04046674998703744,0.9096123291324638
25613,LOF,0.0463003003832483,0.040242591000484176,0.9134571086162676
25614,LOF,0.02108365717464827,0.02540112539775645,0.9535152174275953
25615,LOF,0.04566624903097364,0.03807300735138609,0.9162607436176402
25616,LOF,0.047578232087205616,0.029646342707190552,0.9227754252056038
25617,LOF,0.04364098923239613,0.03763105742876955,0.9187279533388343
25618,LOF,0.05081118302312694,0.03500429918171334,0.9141845177951597
25619,LOF,0.014760614488861467,0.032288042339680786,0.9529513431714578
25620,LOF,0.06549061525215256,0.04354445303634367,0.8909649317115037
25621,LOF,0.05389064404602468,0.034563336615567694,0.9115460193384076
25622,LOF,0.06197716852837152,0.031543905802967606,0.9064789256686608
25623,LOF,0.07011522065430806,0.026712125764947612,0.9031726535807444
25624,LOF,0.01787062523252357,0.033826652175484064,0.9483027225919922
25625,LOF,0.06939129454499915,0.03773471222738286,0.892873993227618
25626,LOF,0.046966350268930424,0.03958719332369957,0.9134464564073701
25627,Neutral,0.895414162976068,0.02050465986642286,0.08408117715750922
25628,LOF,0.1503488441591742,0.058188957567275115,0.7914621982735506
25629,LOF,0.05788954245048684,0.04258912161261748,0.8995213359368956
25630,LOF,0.26874612578391655,0.07972924028168042,0.651524633934403
25631,Neutral,0.5459341575320444,0.06621137601793534,0.38785446645002014
25632,LOF,0.026672041866145923,0.056161122407230306,0.9171668357266237
25633,LOF,0.20245250625098216,0.02981085019978558,0.7677366435492323
25634,LOF,0.034593154552967596,0.06855409744726718,0.8968527479997652
25635,LOF,0.03600170687173298,0.03499511780543776,0.9290031753228293
25636,LOF,0.03600703653365414,0.45827565495436073,0.505717308511985
25637,GOF,0.06490298314671845,0.4806488785424579,0.4544481383108237
25638,LOF,0.036594565465800956,0.2976808231744492,0.6657246113597497
25639,LOF,0.03354311509592219,0.3525954709584682,0.6138614139456096
25640,Neutral,0.803597751645329,0.1566861724284413,0.039716075926229735
25641,LOF,0.06480595166525893,0.41020313797770697,0.524990910357034
25642,LOF,0.043334385430283624,0.1466629642784572,0.8100026502912592
25643,LOF,0.21679935128310507,0.14824961982281232,0.6349510288940826
25644,LOF,0.021073262835496605,0.4671317272074932,0.5117950099570102
25645,LOF,0.02009952586137372,0.41025378358494186,0.5696466905536843
25646,LOF,0.052281789770815594,0.32794011145609425,0.6197780987730902
25647,LOF,0.024898594230825806,0.2524450512468292,0.722656354522345
25648,LOF,0.03261407056433482,0.22966400993219266,0.7377219195034727
25649,LOF,0.016341848675059088,0.23639895053134044,0.7472592007936004
25650,LOF,0.05457283887444436,0.4085568724386615,0.5368702886868941
25651,LOF,0.016375571775288915,0.26396333153832574,0.7196610966863853
25652,LOF,0.029774266164908445,0.25611509749674566,0.7141106363383459
25653,LOF,0.07859855367059525,0.4121070233936584,0.5092944229357463
25654,LOF,0.02353101976674334,0.20441003701459534,0.7720589432186613
25655,LOF,0.21046913979108733,0.38370533015581876,0.40582553005309396
25656,LOF,0.2717231144586095,0.05168398154242858,0.676592903998962
25657,LOF,0.08532611634879705,0.05250965395415008,0.8621642296970529
25658,LOF,0.38443696100599534,0.05877982586650477,0.5567832131274999
25659,Neutral,0.5724923593208439,0.07812681723527731,0.3493808234438789
25660,LOF,0.025844997952197368,0.08367699447116698,0.8904780075766355
25661,LOF,0.09686505534515459,0.059340510186204294,0.8437944344686411
25662,LOF,0.032423284691549224,0.03318217229648597,0.9343945430119649
25663,LOF,0.039908103676271366,0.0441937974588586,0.91589809886487
25664,LOF,0.12797072039629986,0.05188636342677256,0.8201429161769277
25665,LOF,0.055411131398600495,0.03104748618307489,0.9135413824183245
25666,LOF,0.08523657232388478,0.07160949150874198,0.8431539361673733
25667,LOF,0.06969436433133991,0.03657009372937142,0.8937355419392887
25668,LOF,0.03633640159284323,0.04810767858577557,0.9155559198213812
25669,LOF,0.034008240708037055,0.05148765920459036,0.9145041000873725
25670,LOF,0.14759498177728306,0.050840547478503806,0.8015644707442131
25671,LOF,0.09398493572115056,0.03455458072680798,0.8714604835520415
25672,LOF,0.05324401264692664,0.04201637120680069,0.9047396161462727
25673,LOF,0.08165738788776877,0.038517528558506264,0.879825083553725
25674,LOF,0.06650700113688042,0.049505845438674284,0.8839871534244453
25675,LOF,0.11500358088505466,0.04679944826803819,0.8381969708469073
25676,LOF,0.01785849508873046,0.050892882598971054,0.9312486223122984
25677,LOF,0.02578517943708944,0.06915385627464771,0.9050609642882628
25678,LOF,0.19541467612653002,0.0539139784196806,0.7506713454537893
25679,LOF,0.12436629062479994,0.07409323388814633,0.8015404754870536
25680,LOF,0.03329541907210759,0.11068263975699513,0.8560219411708972
25681,LOF,0.05111166447517958,0.10428752221514159,0.8446008133096788
25682,LOF,0.1437708859986114,0.0693557534835336,0.786873360517855
25683,LOF,0.12439837464549408,0.0880453396877494,0.7875562856667565
25684,LOF,0.04106003728957164,0.07032666866936471,0.8886132940410637
25685,LOF,0.1296468488209659,0.043288637570521746,0.8270645136085124
25686,LOF,0.06891452157643599,0.09034497353292077,0.8407405048906432
25687,LOF,0.10801962058254401,0.09460802369794581,0.7973723557195102
25688,LOF,0.3058598543628661,0.031618764121290596,0.6625213815158433
25689,LOF,0.21291867808860424,0.03752383796946073,0.7495574839419351
25690,LOF,0.3682979633970641,0.027287825782545096,0.6044142108203908
25691,Neutral,0.7001966283320281,0.021476353576676644,0.27832701809129534
25692,LOF,0.31752410463012765,0.010910601824370784,0.6715652935455017
25693,LOF,0.043613747878636595,0.4720344341605869,0.4843518179607765
25694,LOF,0.11138500754835942,0.020235724172123895,0.8683792682795166
25695,LOF,0.11339656673657454,0.018116995985781835,0.8684864372776435
25696,LOF,0.11002286550409501,0.009790009790667626,0.8801871247052374
25697,LOF,0.12200951084974139,0.02959865300145287,0.8483918361488056
25698,LOF,0.3271393796392499,0.2357117416474752,0.43714887871327496
25699,LOF,0.41898036434662933,0.039915887354273046,0.5411037482990977
25700,LOF,0.056721973152151606,0.007892799419995888,0.9353852274278525
25701,LOF,0.13719293032558888,0.056216412434898465,0.8065906572395125
25702,GOF,0.18464292736636553,0.5386058349838211,0.27675123764981335
25703,LOF,0.016695951091927765,0.16630662347639708,0.8169974254316751
25704,LOF,0.04810676460070903,0.11027931227169667,0.8416139231275943
25705,LOF,0.06267969612119345,0.19620177981516707,0.7411185240636395
25706,LOF,0.09712371972105383,0.35914727330014845,0.5437290069787977
25707,LOF,0.08389120181351131,0.28109702943189796,0.6350117687545908
25708,LOF,0.02982584168667886,0.26379766697430973,0.7063764913390115
25709,LOF,0.05349702090906939,0.041887129744380365,0.9046158493465503
25710,LOF,0.012605761955554802,0.13084836671291686,0.8565458713315284
25711,LOF,0.017591680940207327,0.09961798501512308,0.8827903340446696
25712,LOF,0.014433472219822902,0.18460926134566216,0.8009572664345149
25713,LOF,0.017175658797696294,0.08234219833601723,0.9004821428662865
25714,LOF,0.06518574784805682,0.0778130883190882,0.857001163832855
25715,LOF,0.010042503691645178,0.1401864850559153,0.8497710112524396
25716,LOF,0.014445892763463983,0.11413275087918173,0.8714213563573543
25717,LOF,0.014041639043050195,0.07032656379057431,0.9156317971663755
25718,LOF,0.011993025686591472,0.09408525830433119,0.8939217160090774
25719,LOF,0.017614977119785043,0.0785630254246076,0.9038219974556074
25720,LOF,0.020809923197284714,0.06995772137118964,0.9092323554315256
25721,LOF,0.015045632200848095,0.10570217781253775,0.879252189986614
25722,LOF,0.012601551571919622,0.12654111765489595,0.8608573307731844
25723,LOF,0.021165300918230028,0.0451525780115476,0.9336821210702224
25724,LOF,0.022209606062537055,0.08390319041682955,0.8938872035206334
25725,LOF,0.011085186178958224,0.066286597362733,0.9226282164583086
25726,LOF,0.013350154919956224,0.09792829236313678,0.8887215527169069
25727,LOF,0.012562995538120228,0.07496622763261608,0.9124707768292636
25728,LOF,0.009330390580245393,0.10610213997806076,0.884567469441694
25729,LOF,0.009609191779195687,0.10524272208544189,0.8851480861353623
25730,LOF,0.012523214566500967,0.07903980694789522,0.9084369784856037
25731,LOF,0.020879527585485065,0.09957242047448453,0.8795480519400304
25732,LOF,0.013489171610212614,0.0828807723822835,0.9036300560075039
25733,LOF,0.015417879052984735,0.06690414401263245,0.9176779769343827
25734,LOF,0.013209905042878415,0.11710490975049413,0.8696851852066275
25735,LOF,0.01323397040439707,0.07931561140477304,0.9074504181908298
25736,LOF,0.013349415087784262,0.10926573112483146,0.8773848537873843
25737,LOF,0.020873168996030242,0.08245371299431853,0.8966731180096513
25738,LOF,0.012473722021180134,0.1044324969991627,0.8830937809796573
25739,LOF,0.018877640106437738,0.08187769685974235,0.8992446630338199
25740,LOF,0.02577693916196468,0.09861249900962034,0.875610561828415
25741,LOF,0.014964117134828366,0.1066417381601265,0.8783941447050451
25742,LOF,0.10864730683115358,0.07757172955342878,0.8137809636154176
25743,LOF,0.035384904600696605,0.02905638850208024,0.9355587068972231
25744,Neutral,0.5911302633587415,0.20359734234393204,0.2052723942973264
25745,LOF,0.0836454440166683,0.0786512761772833,0.8377032798060484
25746,LOF,0.04381079127589498,0.09012447408506553,0.8660647346390394
25747,LOF,0.0224994040091508,0.04458309030886767,0.9329175056819816
25748,LOF,0.10627369985013686,0.06411375999543635,0.8296125401544269
25749,LOF,0.026410232392982017,0.09424672024268131,0.8793430473643367
25750,LOF,0.08878241629244973,0.09462353990913883,0.8165940437984114
25751,LOF,0.09319048248156275,0.06378868867531394,0.8430208288431232
25752,GOF,0.1226424046300233,0.6570386624669227,0.220318932903054
25753,LOF,0.020689671203927593,0.27829301724592187,0.7010173115501506
25754,GOF,0.0113538657059636,0.7662339635772865,0.22241217071675
25755,LOF,0.02425244835524854,0.3683611480841825,0.6073864035605688
25756,LOF,0.040181533584785045,0.3670288996670567,0.5927895667481582
25757,GOF,0.014519328653994622,0.8424726460011267,0.14300802534487855
25758,GOF,0.028525959495437223,0.8287192966184218,0.142754743886141
25759,GOF,0.011195091021155562,0.5295101434264818,0.4592947655523625
25760,LOF,0.013612394483982734,0.22435061729655809,0.7620369882194591
25761,GOF,0.2624775359843339,0.6439158039628703,0.09360666005279583
25762,LOF,0.033579604846925216,0.2805578626645513,0.6858625324885236
25763,LOF,0.014090178961898344,0.20398122042671946,0.7819286006113821
25764,GOF,0.08366418318558295,0.6285846956308487,0.2877511211835684
25765,GOF,0.0463837021477717,0.7554370794667729,0.1981792183854553
25766,GOF,0.05932759778566002,0.7738361496919308,0.16683625252240922
25767,GOF,0.18315845916642695,0.43769666821176867,0.3791448726218044
25768,LOF,0.09298989208370827,0.060584980030820225,0.8464251278854715
25769,LOF,0.06236876646206613,0.06488630914002444,0.8727449243979095
25770,LOF,0.27271362209812217,0.09139344062409228,0.6358929372777855
25771,LOF,0.03702258037968763,0.04511800870830409,0.9178594109120082
25772,LOF,0.01560618439233128,0.03192583194933834,0.9524679836583304
25773,LOF,0.0452224836907479,0.07257794368015315,0.882199572629099
25774,LOF,0.027003994745130128,0.07663476286880029,0.8963612423860695
25775,LOF,0.04485570344798511,0.04083478590508268,0.9143095106469322
25776,LOF,0.06539039834130529,0.02658772893468714,0.9080218727240075
25777,LOF,0.3384688521295064,0.0519765003109845,0.6095546475595092
25778,LOF,0.06079820234250445,0.04874407187320389,0.8904577257842916
25779,GOF,0.38687933205296465,0.575204328056054,0.037916339890981345
25780,GOF,0.30490686419859697,0.6229633802708342,0.0721297555305689
25781,GOF,0.15863533375826097,0.7461118929265421,0.09525277331519694
25782,GOF,0.2084663070748552,0.7341486151518003,0.05738507777334452
25783,GOF,0.03262096297367394,0.6813491203560825,0.2860299166702436
25784,GOF,0.47507165154782305,0.48934322383599765,0.03558512461617923
25785,GOF,0.42379840075947145,0.5396490070583485,0.03655259218217999
25786,GOF,0.03330951336391455,0.78429120588104,0.18239928075504558
25787,Neutral,0.6317334848019261,0.34468561005775855,0.023580905140315335
25788,LOF,0.05097059560389064,0.1022930508225088,0.8467363535736006
25789,GOF,0.21119263575687044,0.6576052954115212,0.1312020688316082
25790,GOF,0.23636518687300465,0.6706293462778976,0.09300546684909772
25791,GOF,0.1745376010459734,0.666274624470026,0.1591877744840006
25792,GOF,0.3473062051013531,0.5322257362280701,0.12046805867057674
25793,GOF,0.25429590546828273,0.5436204553331065,0.2020836391986106
25794,GOF,0.2813996432069629,0.5594086663325479,0.1591916904604892
25795,GOF,0.09660279762233445,0.6890732933017556,0.21432390907591
25796,Neutral,0.5240609324894471,0.402431067465555,0.07350800004499804
25797,GOF,0.10222165529000245,0.5708279737309292,0.32695037097906837
25798,GOF,0.009605484491840253,0.5272576623392408,0.46313685316891906
25799,LOF,0.007974520803275624,0.42818285372320775,0.5638426254735166
25800,GOF,0.04175046270284173,0.6266583929105608,0.3315911443865973
25801,GOF,0.1991906570566104,0.6899791213728729,0.1108302215705169
25802,GOF,0.08893576859596407,0.6845510696556971,0.22651316174833874
25803,GOF,0.04328338974273737,0.5907134226508788,0.3660031876063838
25804,GOF,0.03994873162760248,0.5063686097696348,0.4536826586027627
25805,GOF,0.12487196632617517,0.6037834866726309,0.27134454700119387
25806,GOF,0.11332439815465813,0.5969618680177716,0.2897137338275702
25807,GOF,0.020778703060439177,0.6617199349838324,0.3175013619557283
25808,GOF,0.09590285397364035,0.6626336756201325,0.24146347040622715
25809,GOF,0.019032986157777848,0.6045520338218635,0.3764149800203586
25810,GOF,0.017043999201728922,0.6487692775400483,0.3341867232582228
25811,GOF,0.44134594879243005,0.48410420545939037,0.07454984574817942
25812,GOF,0.03173604191500856,0.6465765022674144,0.32168745581757713
25813,Neutral,0.4811893567421898,0.4281657881641687,0.09064485509364133
25814,GOF,0.11808988010459975,0.6587787674594062,0.22313135243599402
25815,GOF,0.18728766330170069,0.6351387823366577,0.17757355436164168
25816,GOF,0.023101635138782932,0.7182478042973489,0.25865056056386815
25817,GOF,0.22961695825477887,0.6549345956732209,0.11544844607200018
25818,GOF,0.05163368795030249,0.6803660552581315,0.268000256791566
25819,GOF,0.34313419005295764,0.5218920156196131,0.1349737943274293
25820,GOF,0.1891733775875148,0.6108866215287851,0.19994000088370012
25821,GOF,0.0592897736261777,0.6899599568542713,0.25075026951955115
25822,GOF,0.2154994001987742,0.5713799559313185,0.2131206438699073
25823,GOF,0.03802029960866063,0.5439559071147703,0.4180237932765692
25824,GOF,0.09141908354185284,0.6323479098749822,0.27623300658316485
25825,GOF,0.042116337505204486,0.627556461571574,0.33032720092322154
25826,GOF,0.016087759659180852,0.603746521712676,0.3801657186281431
25827,GOF,0.02358952974773109,0.6104227674668392,0.3659877027854295
25828,GOF,0.014323243520290282,0.5397241503627871,0.44595260611692256
25829,GOF,0.005608645277251963,0.5808453462584773,0.4135460084642708
25830,LOF,0.0354075499441982,0.2682059022964467,0.696386547759355
25831,GOF,0.257834650531939,0.6378567384588991,0.10430861100916196
25832,GOF,0.03098039794624497,0.7245516320765363,0.24446796997721876
25833,GOF,0.11370283827113625,0.7402917013535518,0.14600546037531204
25834,GOF,0.030192846899952268,0.7462586255936143,0.22354852750643342
25835,GOF,0.06735578792472771,0.778571408200854,0.15407280387441818
25836,GOF,0.032769140668701596,0.7186176014591664,0.24861325787213204
25837,GOF,0.026370560666526575,0.6302403235591327,0.34338911577434056
25838,GOF,0.0928313821990169,0.7827482046283288,0.12442041317265429
25839,GOF,0.28985397523245365,0.582834477901632,0.12731154686591448
25840,GOF,0.26291553050657135,0.6051894939663993,0.13189497552702936
25841,GOF,0.24948333682570217,0.6212056774380339,0.12931098573626396
25842,GOF,0.15807507672284699,0.7272032798225677,0.11472164345458521
25843,GOF,0.2153818561165484,0.6999209617030913,0.08469718218036032
25844,GOF,0.0646558701570388,0.727636799985891,0.20770732985707013
25845,GOF,0.016951877711057144,0.5278441370127422,0.45520398527620065
25846,GOF,0.14512519027392307,0.7189998650722778,0.13587494465379918
25847,GOF,0.10306273268523525,0.7944518650160286,0.10248540229873612
25848,GOF,0.03710363834566819,0.723858167825493,0.23903819382883892
25849,GOF,0.01038243250913198,0.6242503536491704,0.3653672138416977
25850,GOF,0.017447242564924057,0.6700060027258696,0.31254675470920623
25851,GOF,0.014451748804565873,0.5485211167941306,0.4370271344013036
25852,GOF,0.1571529879498699,0.577486957605954,0.2653600544441761
25853,GOF,0.3431835233914397,0.589705622077196,0.06711085453136433
25854,GOF,0.023110481227406235,0.6559860708316118,0.3209034479409819
25855,GOF,0.03720523462083255,0.5836200485030897,0.37917471687607784
25856,GOF,0.22958880906664006,0.5724722969365473,0.19793889399681264
25857,GOF,0.03950612151856057,0.5340359448031133,0.4264579336783261
25858,GOF,0.02209697870619012,0.5733824152589788,0.4045206060348311
25859,GOF,0.011011546406041425,0.5349613745487316,0.45402707904522693
25860,GOF,0.34554573616128736,0.580657482780407,0.07379678105830562
25861,GOF,0.4207100521233423,0.5124585412412206,0.06683140663543718
25862,GOF,0.08257404304413125,0.7907597725582126,0.12666618439765615
25863,GOF,0.07653086861331716,0.7906059590150141,0.13286317237166875
25864,GOF,0.20885918719391108,0.7225026691322706,0.06863814367381835
25865,GOF,0.09867442381557252,0.7943383452134354,0.10698723097099207
25866,GOF,0.05717918469034036,0.797378809476674,0.14544200583298553
25867,GOF,0.08589546609338831,0.8157362296071663,0.09836830429944532
25868,GOF,0.2219131781237599,0.6828437539765982,0.09524306789964193
25869,Neutral,0.6928553539049206,0.2660739445817156,0.04107070151336369
25870,GOF,0.29561258824199843,0.4072948238355191,0.2970925879224824
25871,GOF,0.2227055560952638,0.6538482093707556,0.12344623453398061
25872,GOF,0.08271168334286234,0.6555444905755977,0.26174382608154
25873,GOF,0.11519164622057317,0.6921189581114586,0.19268939566796817
25874,LOF,0.014399478159578415,0.11074919168316824,0.8748513301572534
25875,LOF,0.08871161538243508,0.04371040656791439,0.8675779780496506
25876,LOF,0.037392344959339796,0.02890322678830808,0.9337044282523521
25877,Neutral,0.5226456182211024,0.04594915666781233,0.43140522511108526
25878,LOF,0.21023386508191988,0.1045215572809461,0.685244577637134
25879,LOF,0.09830784531102528,0.08957717423106892,0.8121149804579059
25880,LOF,0.0410944325705901,0.014315636093360945,0.9445899313360488
25881,LOF,0.1600695547073459,0.1099597060674808,0.7299707392251733
25882,LOF,0.061532170420957814,0.017271807452601463,0.9211960221264407
25883,LOF,0.06445333615605771,0.019365938554552604,0.9161807252893897
25884,LOF,0.031728761887395304,0.030817861520494677,0.93745337659211
25885,LOF,0.062155774632921754,0.01213722496504298,0.9257070004020354
25886,LOF,0.2750920541384034,0.0370457568501712,0.6878621890114254
25887,LOF,0.1495422527156994,0.0637372707672997,0.7867204765170008
25888,LOF,0.060833680711527165,0.05455637879507724,0.8846099404933956
25889,LOF,0.038541259270557196,0.02141715445710243,0.9400415862723405
25890,LOF,0.05386320378326486,0.14407986450404373,0.8020569317126914
25891,LOF,0.041097648506029656,0.04545136533283264,0.9134509861611377
25892,LOF,0.08372997966867407,0.020029683466421984,0.8962403368649039
25893,LOF,0.2425621650407007,0.01909557794010291,0.7383422570191964
25894,LOF,0.1715271354299623,0.010554035172899613,0.8179188293971381
25895,LOF,0.18981461949872355,0.021039529482070416,0.789145851019206
25896,LOF,0.04975032410866456,0.02128371639863137,0.928965959492704
25897,LOF,0.2766790643776643,0.011811190599799664,0.7115097450225359
25898,Neutral,0.7145044326702276,0.009752467792962372,0.2757430995368101
25899,LOF,0.206065139968935,0.020249098749131986,0.773685761281933
25900,LOF,0.46396944271523655,0.012561945190648701,0.5234686120941148
25901,LOF,0.04808758424542733,0.011774126900121397,0.9401382888544512
25902,LOF,0.1560978983238903,0.014136046230686197,0.8297660554454235
25903,Neutral,0.6088521047809757,0.02542500215511466,0.3657228930639095
25904,LOF,0.31725558671464565,0.0403614433193368,0.6423829699660176
25905,LOF,0.02454729283846269,0.3134237511480964,0.6620289560134409
25906,LOF,0.03146413940287852,0.07376571651104823,0.8947701440860732
25907,LOF,0.014499344343188732,0.3326857082997989,0.6528149473570124
25908,LOF,0.009917508990043877,0.2510358069517908,0.7390466840581653
25909,LOF,0.013074741912948076,0.12513426206612557,0.8617909960209263
25910,LOF,0.04730161529413328,0.137922997446813,0.8147753872590537
25911,LOF,0.18937109599102697,0.03356723246011829,0.7770616715488549
25912,LOF,0.04492989856395845,0.06108202034988793,0.8939880810861537
25913,LOF,0.3492585111839408,0.02766464571865985,0.6230768430973993
25914,LOF,0.02057974774565769,0.058913869866509955,0.9205063823878323
25915,Neutral,0.5855459373884541,0.13542427937053217,0.27902978324101385
25916,LOF,0.08605065979391187,0.17544821846044864,0.7385011217456394
25917,LOF,0.06121458890336572,0.04241951040708057,0.8963659006895536
25918,LOF,0.022391572028702778,0.03529772285494427,0.942310705116353
25919,LOF,0.01924139336553469,0.03637319180173458,0.9443854148327308
25920,GOF,0.10172113865150965,0.5311809322217484,0.36709792912674194
25921,LOF,0.023904765672262757,0.03373589477838828,0.942359339549349
25922,LOF,0.03326852399412984,0.025628881562238,0.9411025944436321
25923,Neutral,0.48824442400068363,0.04167347432089253,0.4700821016784239
25924,LOF,0.036215121117011924,0.04377316578468938,0.9200117130982988
25925,LOF,0.07132725647937693,0.04219666627783514,0.886476077242788
25926,LOF,0.052237032412078714,0.03515847502649436,0.9126044925614268
25927,LOF,0.05478984071279234,0.1422529424038291,0.8029572168833786
25928,LOF,0.016459376199647744,0.049967671245564955,0.9335729525547873
25929,Neutral,0.5990377258515192,0.04388598164754134,0.35707629250093964
25930,LOF,0.07029492779670579,0.03442506073950891,0.8952800114637852
25931,LOF,0.022327324536277452,0.031441827046941616,0.946230848416781
25932,LOF,0.02625985030336347,0.027377549702438192,0.9463625999941984
25933,LOF,0.03655859574295929,0.019590796703623525,0.9438506075534173
25934,LOF,0.023849475331888154,0.021094904513936193,0.9550556201541756
25935,LOF,0.06149807442671413,0.055387524157128845,0.883114401416157
25936,LOF,0.040799486216473356,0.02494000153514451,0.9342605122483821
25937,LOF,0.02517932289210334,0.03576034005716056,0.9390603370507361
25938,LOF,0.06442156872192084,0.05546647525424476,0.8801119560238343
25939,LOF,0.03892292079941094,0.020592875685995625,0.9404842035145934
25940,LOF,0.03219612023829271,0.3378433327452389,0.6299605470164684
25941,LOF,0.18733545450623076,0.10197099761161381,0.7106935478821554
25942,LOF,0.012555755595056771,0.03308061007360794,0.9543636343313353
25943,LOF,0.32580798786945925,0.04825748802214835,0.6259345241083923
25944,Neutral,0.49898711263985956,0.0200870884467316,0.48092579891340875
25945,LOF,0.07416303090228615,0.021446053769328264,0.9043909153283856
25946,LOF,0.03458217476098233,0.11633311283688451,0.8490847124021331
25947,LOF,0.1128592761212603,0.16839643120153483,0.7187442926772049
25948,LOF,0.36443265855032736,0.008391447965161085,0.6271758934845115
25949,LOF,0.11186566790209045,0.035260597775314026,0.8528737343225954
25950,GOF,0.3113951326674242,0.3554183522318184,0.3331865151007574
25951,LOF,0.1900578717068654,0.2556600951632781,0.5542820331298566
25952,LOF,0.04908315103664688,0.42982955892172836,0.5210872900416248
25953,LOF,0.15522061067214696,0.11806187481023302,0.72671751451762
25954,LOF,0.4080651934452254,0.15787079706799162,0.43406400948678303
25955,LOF,0.04999134142490193,0.08194149535035108,0.8680671632247469
25956,LOF,0.17934288330181958,0.12119348923906699,0.6994636274591134
25957,LOF,0.03613475753607789,0.030707616135901988,0.9331576263280201
25958,LOF,0.05382741384011376,0.027663158065745257,0.918509428094141
25959,LOF,0.0721455932305828,0.34973953588760087,0.5781148708818162
25960,LOF,0.01653918391414843,0.049563357877474755,0.9338974582083767
25961,LOF,0.0405858316664289,0.026524243660431764,0.9328899246731395
25962,LOF,0.05168242967536253,0.02314961699435039,0.9251679533302871
25963,LOF,0.049999417126855725,0.1974612944327195,0.7525392884404247
25964,LOF,0.03132517654793159,0.1516758549222216,0.8169989685298468
25965,LOF,0.40671793630654596,0.06939038049580241,0.5238916831976517
25966,Neutral,0.5266280552229532,0.14983317332957735,0.3235387714474695
25967,LOF,0.018316106546202776,0.08916641737095436,0.8925174760828428
25968,LOF,0.03658842693816225,0.39339697894884124,0.5700145941129965
25969,LOF,0.035173537240135416,0.0577963206677018,0.9070301420921627
25970,LOF,0.05499401371364531,0.062323519088056445,0.8826824671982983
25971,LOF,0.06445766569039921,0.021084079581451223,0.9144582547281496
25972,LOF,0.06760510177767128,0.03103993347986484,0.9013549647424639
25973,LOF,0.07306555130952502,0.010018301208176697,0.9169161474822982
25974,LOF,0.20496444078054557,0.016152328251905258,0.7788832309675492
25975,LOF,0.04528025111283724,0.02638142271378461,0.9283383261733781
25976,LOF,0.04503333916663607,0.014877044079783346,0.9400896167535805
25977,LOF,0.15391228440372773,0.08719479078832455,0.7588929248079477
25978,LOF,0.1558204173112856,0.08562355074930236,0.758556031939412
25979,LOF,0.14359002447938088,0.08245608959992476,0.7739538859206945
25980,LOF,0.23361325577400263,0.10487260736767036,0.6615141368583269
25981,LOF,0.26510069430828936,0.10309731814191812,0.6318019875497926
25982,LOF,0.4391368083642519,0.07027736396820702,0.49058582766754105
25983,LOF,0.4265706373228419,0.07856542974405306,0.49486393293310504
25984,LOF,0.047832682380633096,0.04651983289167599,0.9056474847276909
25985,LOF,0.03876913939282958,0.28864761667406447,0.672583243933106
25986,LOF,0.04298508201566556,0.3259585232412687,0.6310563947430659
25987,LOF,0.08879218156859396,0.07106752690023367,0.8401402915311723
25988,LOF,0.15745348058092892,0.05798022933622084,0.7845662900828502
25989,LOF,0.0341436844754157,0.11474099947677573,0.8511153160478085
25990,LOF,0.03925784530838316,0.16402067677052948,0.7967214779210874
25991,LOF,0.1323641678929659,0.2360813408191708,0.6315544912878633
25992,LOF,0.28203513829798377,0.14810115363324394,0.5698637080687724
25993,LOF,0.021300264678259163,0.08069579028889415,0.8980039450328466
25994,LOF,0.017007203168701118,0.09800364315332426,0.8849891536779746
25995,LOF,0.021595150267769828,0.19347106855573104,0.7849337811764991
25996,GOF,0.3201605708047906,0.37531716899585565,0.30452226019935374
25997,LOF,0.0794462943140139,0.33848010475047424,0.5820736009355119
25998,Neutral,0.5114434072507847,0.026020914170742374,0.4625356785784729
25999,LOF,0.1058715420167699,0.09410736042024673,0.8000210975629833
26000,LOF,0.1421349427723497,0.046186460810936567,0.8116785964167136
26001,LOF,0.21445421996422395,0.05181101453318754,0.7337347655025885
26002,LOF,0.10974224200019361,0.045591681080876065,0.8446660769189303
26003,GOF,0.011100626422411924,0.5761409941417895,0.41275837943579863
26004,GOF,0.024148252392741883,0.6824099774278194,0.29344177017943873
26005,LOF,0.006615137710196857,0.4445973465761823,0.5487875157136208
26006,Neutral,0.4934755456031025,0.26135834828329946,0.24516610611359818
26007,GOF,0.021203266336694393,0.5121896081006317,0.4666071255626739
26008,GOF,0.018339270841590084,0.5954650309608842,0.3861956981975257
26009,GOF,0.02026656308219927,0.665556116209082,0.31417732070871873
26010,GOF,0.025445317237223642,0.6237638212761087,0.35079086148666766
26011,LOF,0.006666317162067537,0.4252007839937273,0.5681328988442051
26012,GOF,0.013586249842709659,0.5291352321811199,0.4572785179761705
26013,GOF,0.019407386773809213,0.5920870407617036,0.38850557246448725
26014,LOF,0.04267155810545745,0.10685295131229584,0.8504754905822467
26015,LOF,0.17353440342846904,0.015329723867330279,0.8111358727042007
26016,LOF,0.21062419908386038,0.05713349184875747,0.7322423090673821
26017,LOF,0.20968394180818065,0.08842200162127618,0.7018940565705432
26018,LOF,0.07904036320975297,0.03551963285967956,0.8854400039305674
26019,LOF,0.07563066572604854,0.028060354968575833,0.8963089793053757
26020,LOF,0.07335512123500774,0.10328875836315132,0.823356120401841
26021,LOF,0.05062374853402146,0.10213624160339656,0.847240009862582
26022,LOF,0.011344536537360757,0.03810604555581766,0.9505494179068215
26023,LOF,0.0665383417188529,0.022208288530640562,0.9112533697505064
26024,LOF,0.0332364012153918,0.11273850574795033,0.854025093036658
26025,LOF,0.1518172969113327,0.09334823661315816,0.7548344664755092
26026,LOF,0.32877177833178156,0.02856936653812216,0.6426588551300964
26027,LOF,0.059994955612294947,0.017719170402410788,0.9222858739852942
26028,LOF,0.1625014427481746,0.06817184521648573,0.7693267120353396
26029,LOF,0.06738936067435317,0.17808998227459297,0.7545206570510539
26030,LOF,0.022940856918606284,0.049378647034300095,0.9276804960470937
26031,LOF,0.026421935311795337,0.135600863343574,0.8379772013446307
26032,LOF,0.06446387572964615,0.08317238576966397,0.8523637385006898
26033,LOF,0.08295085264654112,0.08257090646296146,0.8344782408904975
26034,LOF,0.039346377496101426,0.16009606932597306,0.8005575531779255
26035,LOF,0.025944937178510034,0.1489905117068117,0.8250645511146782
26036,LOF,0.03782613613647496,0.1703745887545735,0.7917992751089515
26037,LOF,0.02137933101676071,0.12692838973138443,0.8516922792518549
26038,LOF,0.06119687714361229,0.08541832533941068,0.853384797516977
26039,LOF,0.04638142438074429,0.15704036968495275,0.796578205934303
26040,LOF,0.2019055962674432,0.1295557578392805,0.6685386458932764
26041,LOF,0.022566399072334497,0.12065806096626297,0.8567755399614024
26042,LOF,0.02064430737577634,0.1141921184100475,0.8651635742141762
26043,LOF,0.062155510167652285,0.10098471452498237,0.8368597753073654
26044,LOF,0.0200164643400859,0.06408621085950536,0.9158973248004086
26045,LOF,0.06829379106357156,0.0996908866288331,0.8320153223075953
26046,LOF,0.05718418828674805,0.08291118673441435,0.8599046249788377
26047,LOF,0.0750957903318157,0.08534362055130294,0.8395605891168814
26048,LOF,0.044940790275427446,0.04037697548024293,0.9146822342443297
26049,Neutral,0.9659062218422769,0.006923320790095773,0.027170457367627347
26050,Neutral,0.9506898141314019,0.008701618914104845,0.04060856695449324
26051,LOF,0.04661771976879614,0.2644936793958163,0.6888886008353875
26052,LOF,0.06876151954473134,0.29498572595874967,0.6362527544965191
26053,LOF,0.05687898119581919,0.1370035872814168,0.8061174315227639
26054,LOF,0.04903386909229397,0.016351452056061738,0.9346146788516443
26055,LOF,0.06461345319187882,0.01509329495553288,0.9202932518525884
26056,LOF,0.054506171921675464,0.01701663718321921,0.9284771908951053
26057,LOF,0.02878994302303458,0.011663012583853296,0.959547044393112
26058,LOF,0.029654987451489603,0.009570155224247897,0.9607748573242624
26059,LOF,0.26200156472574304,0.02220975804414756,0.7157886772301093
26060,LOF,0.04432390301782441,0.15878858984209607,0.7968875071400795
26061,LOF,0.01734399617321637,0.010800362634289075,0.9718556411924946
26062,LOF,0.010639452721293493,0.015767587051414716,0.9735929602272918
26063,LOF,0.01895899898287028,0.010654303814126055,0.9703866972030037
26064,LOF,0.020126042419044293,0.020568913369471455,0.9593050442114843
26065,LOF,0.024136536716934682,0.012138004919284613,0.9637254583637808
26066,LOF,0.018552669557784167,0.010856185756765413,0.9705911446854505
26067,LOF,0.02584972021773904,0.008661587193889847,0.9654886925883711
26068,LOF,0.04319723609755831,0.026633181432897047,0.9301695824695446
26069,LOF,0.24771033674220816,0.017643021883853766,0.7346466413739381
26070,LOF,0.40168479897747505,0.015077053602270152,0.5832381474202548
26071,LOF,0.01892009436932135,0.01167034808460152,0.969409557546077
26072,LOF,0.01859022944102151,0.016371452471983704,0.9650383180869948
26073,LOF,0.018510616927229842,0.010967956358610895,0.9705214267141593
26074,Neutral,0.9161251212465167,0.0055874549124098685,0.07828742384107357
26075,LOF,0.04557142127143125,0.013368437965711135,0.9410601407628576
26076,LOF,0.03577087071530089,0.008975427601082307,0.9552537016836169
26077,LOF,0.009586349568505258,0.014197226023538392,0.9762164244079564
26078,LOF,0.014503341098613638,0.009990558350957567,0.9755061005504289
26079,LOF,0.059747442227506824,0.01565908993960999,0.9245934678328832
26080,LOF,0.05903087581431484,0.015667164958662546,0.9253019592270225
26081,LOF,0.03471685463221124,0.006587995715491143,0.9586951496522977
26082,LOF,0.012962335186930117,0.014685249908064043,0.9723524149050058
26083,LOF,0.17326850287350068,0.014085317293150396,0.8126461798333489
26084,LOF,0.03905000082436619,0.010823712416783073,0.9501262867588507
26085,LOF,0.03482664900234756,0.01042914392730117,0.9547442070703511
26086,LOF,0.01928144500749944,0.01048599547525375,0.9702325595172469
26087,LOF,0.0215635113773994,0.007998309918937685,0.970438178703663
26088,LOF,0.015944410369397817,0.02223697127564347,0.9618186183549587
26089,LOF,0.041380781453699875,0.021130814026213862,0.9374884045200862
26090,LOF,0.041265261802430515,0.016472576281890458,0.9422621619156789
26091,LOF,0.029573294233593075,0.006223679984103455,0.9642030257823034
26092,LOF,0.020971186325137618,0.007740743961842204,0.9712880697130202
26093,LOF,0.030476654374516507,0.005892100398420648,0.9636312452270628
26094,LOF,0.034327469921172964,0.0057811673231894746,0.9598913627556375
26095,LOF,0.039244498294209375,0.013210843650551828,0.9475446580552387
26096,LOF,0.018761082420802808,0.011205789895076408,0.9700331276841209
26097,LOF,0.012211356338726859,0.03406173957437105,0.9537269040869021
26098,LOF,0.07598286329403722,0.010861080490387863,0.9131560562155749
26099,LOF,0.01957002412867721,0.012070991139200378,0.9683589847321223
26100,LOF,0.021487094539188168,0.011732337443923305,0.9667805680168886
26101,LOF,0.04195349835033886,0.015152975312112306,0.9428935263375489
26102,LOF,0.018875304774605244,0.011637345522769172,0.9694873497026255
26103,Neutral,0.8806805238889983,0.01859613192777748,0.10072334418322411
26104,LOF,0.0744967535645369,0.021976513653528106,0.903526732781935
26105,LOF,0.18037303410106761,0.2665012108993808,0.5531257549995516
26106,LOF,0.15781912326690775,0.12742131716215258,0.7147595595709396
26107,LOF,0.2054041270047036,0.08428734796490121,0.7103085250303952
26108,LOF,0.21231239491908077,0.08966534050879472,0.6980222645721246
26109,LOF,0.08331026807405609,0.05442971236062107,0.8622600195653227
26110,LOF,0.227800173870171,0.008539074575280312,0.7636607515545487
26111,Neutral,0.4961372785230854,0.03203452455236898,0.47182819692454553
26112,LOF,0.03064141854275745,0.008333319392425813,0.9610252620648166
26113,LOF,0.06001348342654774,0.019173434471926452,0.9208130821015259
26114,LOF,0.024571042138055714,0.03130219759594618,0.9441267602659982
26115,LOF,0.08302654512147055,0.05816237382810256,0.8588110810504269
26116,LOF,0.06475345649808853,0.05738397975097821,0.8778625637509333
26117,LOF,0.4660771813724818,0.04301694106343696,0.49090587756408127
26118,LOF,0.0312715722825789,0.024969007522669534,0.9437594201947516
26119,LOF,0.02456817349653022,0.03454416250130355,0.9408876640021662
26120,LOF,0.024323463794051026,0.018482909355541317,0.9571936268504078
26121,LOF,0.041822348572974455,0.08434826824809678,0.8738293831789287
