feature0,prediction,LoGoFunc_Neutral,LoGoFunc_GOF,LoGoFunc_LOF
25546,Neutral,0.6220232552387518,0.06036624281309335,0.3176105019481549
25547,Neutral,0.48151354418342224,0.09343181202720802,0.4250546437893697
25548,Neutral,0.4766199809224913,0.07525727605945584,0.44812274301805294
25549,LOF,0.4159523036303405,0.0774005989867357,0.5066470973829237
25550,LOF,0.3468198056572899,0.10817202394127233,0.5450081704014377
25551,LOF,0.314477434196145,0.11119159601542589,0.5743309697884291
25552,LOF,0.2650722514317948,0.11115337234789861,0.6237743762203065
25553,Neutral,0.8013082467235365,0.04572148310941079,0.15297027016705275
25554,LOF,0.30042220605394826,0.1018472631270175,0.5977305308190343
25555,LOF,0.2536079312680044,0.098418612841095,0.6479734558909006
25556,LOF,0.4452560111622884,0.08380995361321579,0.47093403522449573
25557,LOF,0.24316489593043372,0.10350898303679859,0.6533261210327677
25558,LOF,0.3022519497969299,0.10095582200978512,0.596792228193285
25559,LOF,0.2617314054643427,0.1460031422668635,0.5922654522687938
25560,LOF,0.17240063537153222,0.10407948377958241,0.7235198808488853
25561,LOF,0.1673577689540213,0.12577428320149356,0.7068679478444851
25562,LOF,0.07764049702233555,0.08213670538837543,0.840222797589289
25563,LOF,0.023243740295115327,0.15001942200720467,0.8267368376976801
25564,LOF,0.19990693275710242,0.11811529382372689,0.6819777734191707
25565,LOF,0.21652619829573252,0.15853355063499958,0.6249402510692678
25566,GOF,0.09061212075844371,0.7019661704884226,0.20742170875313376
25567,LOF,0.03926709724833452,0.14925742184492286,0.8114754809067426
25568,LOF,0.06305237966515508,0.08046265373322847,0.8564849666016163
25569,LOF,0.061751600612100326,0.0827622538635753,0.8554861455243244
25570,LOF,0.029709759346847893,0.11634426226875827,0.8539459783843939
25571,LOF,0.02833277232906565,0.1166537394837077,0.8550134881872267
25572,LOF,0.06350284159793411,0.1287032188113211,0.8077939395907447
25573,LOF,0.06022311668380362,0.09595932490556985,0.8438175584106264
25574,LOF,0.0565105570760169,0.21038873007470968,0.7331007128492735
25575,LOF,0.024692740392840685,0.12727268955057827,0.848034570056581
25576,LOF,0.03227342517319985,0.1685532701274643,0.7991733046993359
25577,LOF,0.032599772687652226,0.1360516265915854,0.8313486007207622
25578,LOF,0.2985950687009048,0.092390098545851,0.6090148327532442
25579,LOF,0.1382194273832281,0.0984703162427656,0.7633102563740063
25580,LOF,0.021936836753285754,0.091219616595527,0.8868435466511873
25581,LOF,0.058019315355201447,0.07338747217600894,0.8685932124687896
25582,LOF,0.05811836032599402,0.07040736282454238,0.8714742768494637
25583,LOF,0.023893301307199907,0.09033670475739168,0.8857699939354083
25584,Neutral,0.6845928767876917,0.1119108923082547,0.20349623090405367
25585,LOF,0.029885455993453814,0.14747811598158916,0.8226364280249571
25586,LOF,0.01846242152552244,0.08069315800918393,0.9008444204652937
25587,LOF,0.01817401098785203,0.07325270337693585,0.908573285635212
25588,LOF,0.02276026456245369,0.07969694064181417,0.8975427947957322
25589,Neutral,0.5115564639954637,0.21340088407313762,0.2750426519313986
25590,LOF,0.04897490805645339,0.12383475360877774,0.8271903383347687
25591,LOF,0.09849999155328287,0.06182686213313642,0.8396731463135806
25592,LOF,0.060983249226336946,0.14457837749303773,0.7944383732806253
25593,LOF,0.15748618547140286,0.25903220243907465,0.5834816120895225
25594,LOF,0.053156146035008234,0.10788943689702499,0.8389544170679669
25595,LOF,0.04981174445326186,0.07937013671524058,0.8708181188314976
25596,LOF,0.10716725126472722,0.042855923553067846,0.849976825182205
25597,LOF,0.09121314621014745,0.05743528804110782,0.8513515657487446
25598,LOF,0.05090927606193271,0.08155234742661942,0.8675383765114479
25599,LOF,0.022919380505161405,0.4803268588607319,0.4967537606341067
25600,GOF,0.1912888427433592,0.48565126530510255,0.3230598919515383
25601,LOF,0.04331340192978702,0.4077452491864225,0.5489413488837903
25602,LOF,0.03261118947614021,0.0677140455884421,0.8996747649354178
25603,LOF,0.03193152374992461,0.0362498537687826,0.9318186224812928
25604,LOF,0.03360910484038608,0.07541948016319165,0.8909714149964222
25605,LOF,0.034212699684140216,0.20485948066048715,0.7609278196553726
25606,LOF,0.4211930596479135,0.11140359384159014,0.4674033465104963
25607,LOF,0.023329746657172332,0.1978911405405085,0.7787791128023192
25608,LOF,0.0332537749228722,0.08582397308784191,0.8809222519892859
25609,GOF,0.1458846788663143,0.501040952278784,0.35307436885490173
25610,LOF,0.017106879757835546,0.03200535341494444,0.9508877668272201
25611,LOF,0.014269071268691933,0.037376615219510294,0.9483543135117978
25612,LOF,0.049155654673314085,0.05094140742471059,0.8999029379019754
25613,LOF,0.04759086136018771,0.050278074165746346,0.902131064474066
25614,LOF,0.02323915849568797,0.02840565960624767,0.9483551818980643
25615,LOF,0.04022471965835367,0.04431636268163668,0.9154589176600096
25616,LOF,0.05533739787556614,0.033536535830488295,0.9111260662939457
25617,LOF,0.045154712776475474,0.04683623024942618,0.9080090569740984
25618,LOF,0.055868369729118406,0.04251915861426676,0.9016124716566147
25619,LOF,0.0141744491746917,0.03736635649395074,0.9484591943313575
25620,LOF,0.06769599266569402,0.04969743626456386,0.8826065710697422
25621,LOF,0.05364345120405453,0.03846126685637945,0.9078952819395659
25622,LOF,0.06521358888136096,0.03823393024236854,0.8965524808762705
25623,LOF,0.07799241110773937,0.031012659903116364,0.8909949289891443
25624,LOF,0.020069277054134894,0.03689458419688137,0.9430361387489837
25625,LOF,0.06134965066458014,0.041628771139543025,0.8970215781958769
25626,LOF,0.04697817964910582,0.047717087823013385,0.9053047325278809
25627,Neutral,0.9023737713774119,0.0180572215681001,0.07956900705448777
25628,LOF,0.13455362871478602,0.055635374274705246,0.8098109970105088
25629,LOF,0.060352275532710976,0.04524039247190209,0.8944073319953868
25630,LOF,0.28247370525063936,0.07167762562380553,0.645848669125555
25631,Neutral,0.5631602024388642,0.06373979991572443,0.37309999764541135
25632,LOF,0.026988745080446217,0.06187148497582511,0.9111397699437287
25633,LOF,0.16666850778731826,0.0406006939281076,0.792730798284574
25634,LOF,0.03265604289791992,0.08184291491912224,0.8855010421829578
25635,LOF,0.03571475344056248,0.04721939206969743,0.9170658544897401
25636,LOF,0.03311041105814386,0.42653000203324026,0.540359586908616
25637,LOF,0.06975477158084524,0.43603126208968995,0.4942139663294647
25638,LOF,0.028846074313515716,0.3305515252526695,0.6406024004338148
25639,LOF,0.03101506399774353,0.34344902572356256,0.6255359102786939
25640,Neutral,0.7969367531943167,0.16292365268996187,0.04013959411572133
25641,LOF,0.06424919413001118,0.4472158462087847,0.4885349596612042
25642,LOF,0.04384547741405257,0.15559573049305317,0.8005587920928942
25643,LOF,0.19438869531942526,0.1508409633956929,0.6547703412848818
25644,LOF,0.02116174305438784,0.4630516227310327,0.5157866342145795
25645,LOF,0.025181208569018322,0.41390569929060417,0.5609130921403775
25646,LOF,0.06739463798405342,0.33477655268209733,0.5978288093338492
25647,LOF,0.025085418313593597,0.2723690175306464,0.7025455641557601
25648,LOF,0.03487056693047022,0.2609600921754487,0.7041693408940811
25649,LOF,0.017967841239236757,0.2405112801011313,0.741520878659632
25650,LOF,0.05359690223720454,0.4200285997857394,0.5263744979770559
25651,LOF,0.017463776711911173,0.2796606771011011,0.7028755461869879
25652,LOF,0.033962336181459316,0.28068674505494046,0.6853509187636003
25653,LOF,0.08548772924146249,0.42990513960815313,0.4846071311503845
25654,LOF,0.025415635281709575,0.2524267153340109,0.7221576493842796
25655,GOF,0.20800167187379315,0.4131175661547377,0.37888076197146925
25656,LOF,0.3320474640279629,0.05200611570623213,0.6159464202658049
25657,LOF,0.06566161628566931,0.049997571557676375,0.8843408121566544
25658,LOF,0.33820555721637435,0.057132356837476236,0.6046620859461493
25659,Neutral,0.533232915841169,0.07833130375579317,0.3884357804030378
25660,LOF,0.022091258897262312,0.08114419749842995,0.8967645436043077
25661,LOF,0.09408532564476098,0.057198541489496164,0.848716132865743
25662,LOF,0.035778384546146604,0.031368562215399375,0.9328530532384541
25663,LOF,0.04704408601854614,0.04639053626620998,0.9065653777152438
25664,LOF,0.1334073879282708,0.06352507206053778,0.8030675400111914
25665,LOF,0.05430972984389346,0.03030952179710008,0.9153807483590065
25666,LOF,0.08853034141269117,0.07336591536920802,0.8381037432181008
25667,LOF,0.07354428214507773,0.03769313938829028,0.8887625784666321
25668,LOF,0.03833527617401676,0.04688761404352375,0.9147771097824594
25669,LOF,0.03257978810963248,0.04921305723204038,0.9182071546583271
25670,LOF,0.1457828694874696,0.06093042057176785,0.7932867099407627
25671,LOF,0.11317132240817639,0.03354591245261464,0.853282765139209
25672,LOF,0.05110516618790061,0.041931593080342985,0.9069632407317565
25673,LOF,0.07253119806015314,0.04719302063139687,0.88027578130845
25674,LOF,0.06524182319640612,0.054533285594788636,0.8802248912088053
25675,LOF,0.1184136915095362,0.053559748264975525,0.8280265602254882
25676,LOF,0.01948250834598337,0.05259796946136989,0.9279195221926468
25677,LOF,0.027209046824706415,0.0674143726450505,0.9053765805302431
25678,LOF,0.21952606763834273,0.06191256678047017,0.7185613655811871
25679,LOF,0.11565428186720764,0.08352837683794224,0.80081734129485
25680,LOF,0.03387174605143813,0.11144278858370181,0.8546854653648601
25681,LOF,0.054711967236840846,0.1052442311698948,0.8400438015932643
25682,LOF,0.1579894333205816,0.07483510399165551,0.7671754626877629
25683,LOF,0.11485846884707161,0.09138594876567149,0.7937555823872569
25684,LOF,0.04544439754192217,0.07401841408000501,0.8805371883780729
25685,LOF,0.13164369200219753,0.05666734132482177,0.8116889666729807
25686,LOF,0.08412492609236294,0.07968872074671951,0.8361863531609176
25687,LOF,0.11661423601396972,0.08407956497933973,0.7993061990066906
25688,LOF,0.2989333310688267,0.03288868269545244,0.6681779862357209
25689,LOF,0.2318625248372184,0.0360568199508525,0.732080655211929
25690,LOF,0.3069544968916331,0.026774335319587787,0.666271167788779
25691,Neutral,0.6721479636792058,0.021998870527914983,0.30585316579287924
25692,LOF,0.32364748709122465,0.010974731868209003,0.6653777810405663
25693,LOF,0.05415966826249381,0.4437252579445236,0.5021150737929825
25694,LOF,0.11501860037805374,0.014516135132649257,0.870465264489297
25695,LOF,0.11562709838241934,0.013733572648956251,0.8706393289686244
25696,LOF,0.1284597023635445,0.0080540720629603,0.8634862255734952
25697,LOF,0.09503929866603439,0.032672173487140355,0.8722885278468253
25698,LOF,0.35706455911746804,0.19257447925623153,0.4503609616263004
25699,LOF,0.42270371142841484,0.035724904364587855,0.5415713842069972
25700,LOF,0.0733343260545826,0.008266726745718008,0.9183989471996994
25701,LOF,0.14242064335018045,0.04899254369991099,0.8085868129499085
25702,GOF,0.17470343121748846,0.5658209578857305,0.25947561089678106
25703,LOF,0.016276206577135816,0.1711493574999537,0.8125744359229106
25704,LOF,0.045917009366915264,0.10966051985806248,0.8444224707750223
25705,LOF,0.054649740057944186,0.15987981447906902,0.7854704454629868
25706,LOF,0.10196510026609457,0.4127654652765456,0.4852694344573598
25707,LOF,0.08725322343977494,0.3245315793508059,0.5882151972094192
25708,LOF,0.0290692982912554,0.29442049344889326,0.6765102082598514
25709,LOF,0.0699724980253772,0.04107017047483337,0.8889573314997895
25710,LOF,0.01168842003719822,0.14666433003855647,0.8416472499242453
25711,LOF,0.019830866680872496,0.09809133243574229,0.8820778008833853
25712,LOF,0.013682866466079274,0.18503360141561248,0.8012835321183082
25713,LOF,0.019803571821344585,0.08384092477143731,0.8963555034072181
25714,LOF,0.08262734015047633,0.08229748039156717,0.8350751794579565
25715,LOF,0.01200255734148618,0.13690998370877103,0.8510874589497428
25716,LOF,0.014565137763598126,0.123666517393534,0.8617683448428679
25717,LOF,0.011818290378060802,0.08006289477593437,0.9081188148460048
25718,LOF,0.01279993547341352,0.09363425479884199,0.8935658097277446
25719,LOF,0.019613611446438542,0.07709324423358334,0.9032931443199781
25720,LOF,0.02428823780400611,0.06866221179906505,0.9070495503969288
25721,LOF,0.015659085491512806,0.10996454247363714,0.8743763720348501
25722,LOF,0.014964342522670003,0.12136302914954045,0.8636726283277895
25723,LOF,0.024221202142989052,0.04098739463932175,0.9347914032176892
25724,LOF,0.035128415345837945,0.09078613344644032,0.8740854512077217
25725,LOF,0.012197882267525424,0.07019003008614949,0.9176120876463251
25726,LOF,0.017697525293752885,0.09552143350874702,0.8867810411975001
25727,LOF,0.014069758185628847,0.07170428935861468,0.9142259524557566
25728,LOF,0.010137954327058314,0.11857374859633776,0.871288297076604
25729,LOF,0.01057032095526026,0.11291472805540115,0.8765149509893385
25730,LOF,0.014778490059243513,0.08354253697552917,0.9016789729652274
25731,LOF,0.021097291474194774,0.11184054446690597,0.8670621640588992
25732,LOF,0.01571966008905089,0.07687436514903205,0.907405974761917
25733,LOF,0.017605400911412397,0.07154508563638372,0.9108495134522039
25734,LOF,0.011572408928039088,0.12065440894061281,0.867773182131348
25735,LOF,0.014090309390982773,0.0876231521951055,0.8982865384139118
25736,LOF,0.01551574154122608,0.10097885092902695,0.8835054075297469
25737,LOF,0.012561139871995843,0.07978744507371884,0.9076514150542853
25738,LOF,0.013126273867788854,0.10675742159039293,0.8801163045418182
25739,LOF,0.021475732561539156,0.08157675372833252,0.8969475137101283
25740,LOF,0.028050846576909618,0.11106595376534768,0.8608831996577426
25741,LOF,0.015492211564069,0.11448551560052468,0.8700222728354065
25742,LOF,0.12840740662764272,0.08728736610169582,0.7843052272706615
25743,LOF,0.03166157552436573,0.034794168010623294,0.9335442564650109
25744,Neutral,0.5835534309024418,0.17522836871661437,0.24121820038094385
25745,LOF,0.08097869261623611,0.06814431591084756,0.8508769914729163
25746,LOF,0.04344283422614356,0.08548166240806641,0.87107550336579
25747,LOF,0.02418360152982296,0.04665752506023719,0.9291588734099397
25748,LOF,0.09287910722136937,0.06851446202867113,0.8386064307499596
25749,LOF,0.02517853667913872,0.07723624477461319,0.8975852185462482
25750,LOF,0.08441449047036155,0.0838999789095469,0.8316855306200915
25751,LOF,0.09358922981300094,0.07554186558348315,0.8308689046035159
25752,GOF,0.11716979990618288,0.6587572273744794,0.22407297271933765
25753,LOF,0.018736466265000428,0.2699946576975947,0.711268876037405
25754,GOF,0.011409110418763748,0.7742459751715627,0.21434491440967351
25755,LOF,0.02297533553754021,0.4043827287472566,0.5726419357152032
25756,LOF,0.042160948661607,0.36912320881135957,0.5887158425270336
25757,GOF,0.01438347563536565,0.834370938353229,0.15124558601140553
25758,GOF,0.029266935285537123,0.7854057501903879,0.1853273145240749
25759,GOF,0.010615631292517476,0.587157336294405,0.4022270324130774
25760,LOF,0.012813364974371735,0.2589524148047222,0.728234220220906
25761,GOF,0.2697648639769481,0.6428045605020243,0.0874305755210276
25762,LOF,0.03780777722927881,0.27631464412362927,0.6858775786470919
25763,LOF,0.014663984339118911,0.19863671661563845,0.7866992990452425
25764,GOF,0.08105887983430557,0.6197278927886175,0.29921322737707684
25765,GOF,0.03679430912501191,0.7364035451238585,0.2268021457511296
25766,GOF,0.07388448345848757,0.7394409354101977,0.18667458113131474
25767,GOF,0.1323216054915895,0.5770256985456103,0.2906526959628002
25768,LOF,0.11189096458954781,0.06630850798871887,0.8218005274217333
25769,LOF,0.05981603668309995,0.06107070512480517,0.879113258192095
25770,LOF,0.3185650422493256,0.08515937093895008,0.5962755868117243
25771,LOF,0.036192328652294145,0.04872903655069931,0.9150786347970065
25772,LOF,0.018901867141983632,0.03714944348124403,0.9439486893767723
25773,LOF,0.04531295850555585,0.09050535495460443,0.8641816865398397
25774,LOF,0.029527928684602394,0.07078674418529679,0.8996853271301009
25775,LOF,0.04504909940716042,0.04618370512928063,0.908767195463559
25776,LOF,0.07954903628612385,0.02397867903329298,0.8964722846805833
25777,LOF,0.35610684003418286,0.056050323000901736,0.5878428369649153
25778,LOF,0.07731933960570335,0.044428474221588805,0.878252186172708
25779,GOF,0.3680504476271116,0.5854949124085616,0.0464546399643267
25780,GOF,0.326710061684229,0.5993628276760926,0.07392711063967837
25781,GOF,0.13732281076290723,0.7535369014267316,0.10914028781036134
25782,GOF,0.2201901944298579,0.7099922441173487,0.06981756145279329
25783,GOF,0.0244221236022685,0.5968044766390249,0.3787733997587067
25784,Neutral,0.5082281808315934,0.45558382649327617,0.03618799267513042
25785,GOF,0.47701975329192503,0.48485808277147785,0.03812216393659715
25786,GOF,0.027527209009483977,0.7199609330892306,0.25251185790128533
25787,Neutral,0.65206346191892,0.3208464762407426,0.027090061840337423
25788,LOF,0.053067506555103415,0.09708982344936522,0.8498426699955314
25789,GOF,0.2342623809977904,0.6326435875849076,0.13309403141730208
25790,GOF,0.23027187604825236,0.6675844727700716,0.10214365118167595
25791,GOF,0.17354988386333278,0.6775307459955487,0.14891937014111853
25792,GOF,0.3749972353103981,0.5172107048603942,0.10779205982920767
25793,GOF,0.2615438814757502,0.5479906668763389,0.19046545164791087
25794,GOF,0.2934781031086207,0.5350688489912738,0.17145304790010546
25795,GOF,0.0816478654819104,0.6826961844095726,0.23565595010851703
25796,Neutral,0.5651094414935768,0.35796996075529786,0.07692059775112539
25797,GOF,0.08933526456937627,0.5395467176555454,0.37111801777507825
25798,LOF,0.009237006676237032,0.48691952389533893,0.5038434694284241
25799,LOF,0.007148692726399229,0.35304570882184744,0.6398055984517533
25800,GOF,0.03456597588756781,0.5492689759412714,0.41616504817116085
25801,GOF,0.21720059927182822,0.6402747712268279,0.1425246295013439
25802,GOF,0.07704603379789385,0.6810505781112298,0.24190338809087633
25803,GOF,0.03459931128743574,0.5644126834017927,0.4009880053107716
25804,LOF,0.030952560274307546,0.4701378946115415,0.498909545114151
25805,GOF,0.11734879143404565,0.5828189469037504,0.29983226166220406
25806,GOF,0.10450986362781717,0.5728894603002233,0.3226006760719596
25807,GOF,0.021579856763232506,0.6221216041628084,0.35629853907395903
25808,GOF,0.08697521874682328,0.6404154294995428,0.27260935175363404
25809,GOF,0.01774831530163197,0.5725006764818018,0.40975100821656607
25810,GOF,0.016946768488171463,0.6083595065567863,0.3746937249550423
25811,GOF,0.42390346715693494,0.4977530805331755,0.07834345230988965
25812,GOF,0.029408290906428904,0.644004877724304,0.32658683136926697
25813,Neutral,0.5212279420818406,0.38916579003261165,0.08960626788554771
25814,GOF,0.10883835735071175,0.662898642194138,0.2282630004551504
25815,GOF,0.1799401280212352,0.642641273607351,0.1774185983714139
25816,GOF,0.022444869233205357,0.6953780689087223,0.2821770618580723
25817,GOF,0.21873702341147802,0.6558519285635622,0.12541104802495973
25818,GOF,0.05761365199042375,0.64191625437825,0.30047009363132643
25819,GOF,0.34739096449438767,0.5176256512298442,0.13498338427576825
25820,GOF,0.17378429472484264,0.6132822870533545,0.21293341822180276
25821,GOF,0.056148993111520946,0.6648394483892103,0.2790115584992688
25822,GOF,0.20530345068246691,0.5873731052369283,0.20732344408060469
25823,GOF,0.03287445852285243,0.5192362726751732,0.4478892688019743
25824,GOF,0.10014690636046895,0.5802349480904729,0.31961814554905815
25825,GOF,0.03894644063967819,0.5763033225290427,0.38475023683127924
25826,GOF,0.015433692209615877,0.5591247484469417,0.4254415593434425
25827,GOF,0.026394007320490378,0.606767724804913,0.36683826787459656
25828,GOF,0.013764981855922538,0.5236887084471058,0.46254630969697164
25829,GOF,0.0059828213041874315,0.5597391767813998,0.4342780019144128
25830,LOF,0.030659527538712435,0.28434329151886684,0.6849971809424207
25831,GOF,0.20531037266957744,0.6700202560699742,0.12466937126044826
25832,GOF,0.03521241985341409,0.6933215818867761,0.2714659982598097
25833,GOF,0.13013967045874608,0.7213498637900081,0.14851046575124582
25834,GOF,0.03589120565860705,0.7171424102885187,0.24696638405287435
25835,GOF,0.08402326574038985,0.7634382315088293,0.15253850275078082
25836,GOF,0.03815044336548469,0.6932281530303106,0.26862140360420456
25837,GOF,0.02970542770199276,0.5985165917614564,0.3717779805365508
25838,GOF,0.09972494846271739,0.7630059966289462,0.1372690549083364
25839,GOF,0.30402692568522677,0.5611731803366119,0.13479989397816128
25840,GOF,0.22656411178452548,0.6365869515570597,0.13684893665841474
25841,GOF,0.21491953770544472,0.6481046478586038,0.13697581443595147
25842,GOF,0.1708414285689164,0.7086578453342609,0.12050072609682269
25843,GOF,0.2320377778070961,0.6824990534127735,0.08546316878013038
25844,GOF,0.06627216012948381,0.7170113127567883,0.21671652711372782
25845,LOF,0.017037670672378324,0.45522714886526344,0.5277351804623581
25846,GOF,0.12061390434750509,0.7330029275731964,0.14638316807929852
25847,GOF,0.1072585977717244,0.793223683544848,0.09951771868342765
25848,GOF,0.03758134737092001,0.6840389597453094,0.2783796928837707
25849,GOF,0.010997165957037485,0.5816749095372777,0.4073279245056847
25850,GOF,0.024079089636220227,0.6470182456934446,0.3289026646703352
25851,GOF,0.01951406376979133,0.5265474043149538,0.45393853191525485
25852,GOF,0.1556043337961911,0.5479018418746009,0.29649382432920796
25853,GOF,0.35138175569954616,0.5828086510971294,0.06580959320332448
25854,GOF,0.021598064003006245,0.6275653502929336,0.3508365857040602
25855,GOF,0.037254807318124174,0.5503914126011421,0.41235378008073376
25856,GOF,0.24505792229265172,0.5453782870193705,0.20956379068797779
25857,GOF,0.038140118399525115,0.4967240211814182,0.46513586041905663
25858,GOF,0.02212681230972185,0.5387887679752033,0.43908441971507484
25859,GOF,0.010025676724339821,0.5072918378874275,0.4826824853882328
25860,GOF,0.37607191504413545,0.5457665994235739,0.07816148553229063
25861,GOF,0.4258650630276353,0.5049599480093332,0.06917498896303152
25862,GOF,0.08846740904663127,0.7669468574186598,0.1445857335347091
25863,GOF,0.08292224500968345,0.7786344026991097,0.1384433522912068
25864,GOF,0.18212772956648834,0.7414484383540821,0.07642383207942963
25865,GOF,0.08685686552395948,0.8009853605470032,0.1121577739290373
25866,GOF,0.05599123499156585,0.7890586176185231,0.15495014738991103
25867,GOF,0.08781643842753446,0.8148409856296962,0.09734257594276924
25868,GOF,0.24869764864648491,0.6524554276927043,0.09884692366081074
25869,Neutral,0.7171424232969852,0.24295123824039572,0.03990633846261924
25870,GOF,0.2788157929316834,0.36151703707463884,0.3596671699936778
25871,GOF,0.22973596278938488,0.6347814154767565,0.1354826217338587
25872,GOF,0.07321022371689777,0.6584190382572046,0.2683707380258976
25873,GOF,0.1148018625180138,0.6959011528580527,0.1892969846239336
25874,LOF,0.016453075773026713,0.10839873940297713,0.8751481848239963
25875,LOF,0.09625728542899699,0.03890441466539059,0.8648382999056123
25876,LOF,0.03701083189447559,0.02794239812873702,0.9350467699767874
25877,Neutral,0.4801476021175845,0.04415514853854698,0.4756972493438685
25878,LOF,0.2042190022019261,0.08999380430034733,0.7057871934977266
25879,LOF,0.08500498138624021,0.08700173510106117,0.8279932835126986
25880,LOF,0.023758380254387652,0.014158864746681366,0.9620827549989309
25881,LOF,0.18519244120531936,0.12189464780055347,0.6929129109941272
25882,LOF,0.06185518211421218,0.017743773063562118,0.9204010448222257
25883,LOF,0.08066258581351955,0.02122475520090264,0.8981126589855779
25884,LOF,0.031890143378596386,0.03174511880225763,0.936364737819146
25885,LOF,0.060338722256200995,0.012277092578987077,0.927384185164812
25886,LOF,0.2547406662317354,0.037685912418399484,0.7075734213498651
25887,LOF,0.1558380983275033,0.06992577062808636,0.7742361310444104
25888,LOF,0.06870513341369236,0.06157501106878241,0.8697198555175252
25889,LOF,0.044754222894086426,0.022883781278402626,0.9323619958275109
25890,LOF,0.050557300554789,0.14960982365539505,0.799832875789816
25891,LOF,0.0368723817713121,0.05294916356833449,0.9101784546603534
25892,LOF,0.09180695787830584,0.021786639728861572,0.8864064023928325
25893,LOF,0.25730788206549127,0.020692801691671956,0.7219993162428369
25894,LOF,0.17190309511464907,0.011669157799800033,0.8164277470855509
25895,LOF,0.2211778113433091,0.019973832928739204,0.7588483557279517
25896,LOF,0.05095867259372363,0.022465601217871917,0.9265757261884043
25897,LOF,0.2826579553829789,0.012262383451298535,0.7050796611657225
25898,Neutral,0.7091315096120868,0.010154113194349201,0.280714377193564
25899,LOF,0.2140032936940691,0.022099957052337554,0.7638967492535933
25900,LOF,0.45817767691611105,0.016235248268352043,0.525587074815537
25901,LOF,0.04554090020628542,0.01333704771503326,0.9411220520786814
25902,LOF,0.1701751938155886,0.013597459414645614,0.8162273467697658
25903,Neutral,0.5882468565738836,0.032092444403051125,0.3796606990230652
25904,LOF,0.2742225174464031,0.048680031690872594,0.6770974508627243
25905,LOF,0.026046883876291647,0.3161272269525925,0.6578258891711158
25906,LOF,0.03141732733981852,0.07554417309939944,0.8930384995607821
25907,LOF,0.015967059738604367,0.3123324391134935,0.6717005011479021
25908,LOF,0.010496628812853284,0.2371918314634493,0.7523115397236975
25909,LOF,0.013392685045151868,0.1317076265362034,0.8548996884186447
25910,LOF,0.049073296296041895,0.14614621950658058,0.8047804841973775
25911,LOF,0.172504917957364,0.02217864731936204,0.8053164347232741
25912,LOF,0.046477797970642866,0.048099757739227506,0.9054224442901295
25913,LOF,0.30968204771359503,0.022235155572543297,0.6680827967138617
25914,LOF,0.02026353639742179,0.06192704274456838,0.9178094208580099
25915,Neutral,0.5675975516034775,0.18356876050915852,0.24883368788736396
25916,LOF,0.08868805882620033,0.22037053105623655,0.6909414101175632
25917,LOF,0.06429673420703066,0.048948375998806005,0.8867548897941634
25918,LOF,0.02397101956796368,0.03742087285725187,0.9386081075747844
25919,LOF,0.0206041876531236,0.04376606803079744,0.935629744316079
25920,GOF,0.10989971906356642,0.5369884166082329,0.35311186432820063
25921,LOF,0.023378156683535992,0.02529464619707078,0.9513271971193932
25922,LOF,0.03306335626872652,0.01832695227998476,0.9486096914512886
25923,LOF,0.43079029154940884,0.02238791660803459,0.5468217918425566
25924,LOF,0.036098771098187696,0.03153740409043008,0.9323638248113822
25925,LOF,0.07002038291032905,0.027080593682034363,0.9028990234076365
25926,LOF,0.05120433520670048,0.022853689254706176,0.9259419755385933
25927,LOF,0.055229550305402775,0.09921853787364979,0.8455519118209475
25928,LOF,0.017415536906849445,0.03648925723556331,0.9460952058575871
25929,Neutral,0.5422591623242841,0.023906740170479893,0.43383409750523605
25930,LOF,0.054638657679690894,0.0213762321904702,0.923985110129839
25931,LOF,0.024271330305732194,0.02251523996856065,0.9532134297257071
25932,LOF,0.028490738357349398,0.01760385736805085,0.9539054042745997
25933,LOF,0.039217470887834824,0.013319713582800685,0.9474628155293644
25934,LOF,0.02611373304068772,0.015518822697317629,0.9583674442619946
25935,LOF,0.060318243957930305,0.033650828358910846,0.906030927683159
25936,LOF,0.04877661784465861,0.017331096375814647,0.9338922857795268
25937,LOF,0.02796759902462042,0.027905716627404403,0.9441266843479752
25938,LOF,0.06421763575460054,0.036074179611743196,0.8997081846336563
25939,LOF,0.04400429892742314,0.014348940655216228,0.9416467604173607
25940,LOF,0.02587778889925608,0.40748780845755395,0.56663440264319
25941,LOF,0.18102246755843066,0.11067920090315919,0.7082983315384103
25942,LOF,0.013006178473296121,0.03409982340575917,0.9528939981209447
25943,LOF,0.3010683857857321,0.06456508121749668,0.6343665329967711
25944,Neutral,0.4950431325532961,0.025776270023214098,0.47918059742348973
25945,LOF,0.059895792469651994,0.0233320418106543,0.9167721657196938
25946,LOF,0.026873299970730843,0.11273206932521267,0.8603946307040564
25947,LOF,0.09621430439884456,0.24367471117707187,0.6601109844240837
25948,LOF,0.43863358988621387,0.007607868251407613,0.5537585418623786
25949,LOF,0.11447939425732896,0.02671634143797179,0.8588042643046992
25950,GOF,0.29423298653681257,0.3722508592440813,0.3335161542191061
25951,LOF,0.22720103834338465,0.24197748358972593,0.5308214780668894
25952,LOF,0.04589007867553927,0.44013318653221745,0.5139767347922433
25953,LOF,0.15446321489940512,0.10257335377234995,0.7429634313282449
25954,Neutral,0.45449309184229475,0.17942875078679488,0.36607815737091054
25955,LOF,0.05717004004309212,0.08208697921311692,0.8607429807437911
25956,LOF,0.18073852018116926,0.10988248622850648,0.7093789935903242
25957,LOF,0.03761139876891758,0.029093523725753436,0.9332950775053289
25958,LOF,0.0610129760526125,0.02779396507166625,0.9111930588757212
25959,LOF,0.07102483542463804,0.36281354405077926,0.5661616205245827
25960,LOF,0.016253138046666015,0.052589628536843076,0.9311572334164908
25961,LOF,0.051623380087115124,0.030331136800798724,0.9180454831120861
25962,LOF,0.06003619198208983,0.029084054173350863,0.9108797538445593
25963,LOF,0.05111025747433684,0.20704094523532088,0.7418487972903424
25964,LOF,0.03762879348721852,0.15076422673755413,0.8116069797752274
25965,LOF,0.44858213058563906,0.07722248381937913,0.4741953855949818
25966,Neutral,0.5279759608248644,0.1746590350375604,0.2973650041375753
25967,LOF,0.016196757956545,0.10206003989448006,0.881743202148975
25968,LOF,0.02968448829843314,0.4410390452942755,0.5292764664072913
25969,LOF,0.023719495161160294,0.06460975718267938,0.9116707476561603
25970,LOF,0.05543160020431871,0.056245135561532926,0.8883232642341483
25971,LOF,0.06889422559527679,0.017209826220978244,0.913895948183745
25972,LOF,0.07116913392235445,0.023349358586236164,0.9054815074914093
25973,LOF,0.0702941678348974,0.009641313985682042,0.9200645181794205
25974,LOF,0.19207091709964325,0.01642182457690003,0.7915072583234568
25975,LOF,0.042684628732774864,0.027292688984254566,0.9300226822829705
25976,LOF,0.03797806770280132,0.014860913737417112,0.9471610185597816
25977,LOF,0.17086426444452432,0.07950478527098329,0.7496309502844924
25978,LOF,0.1375572869967863,0.056205748495071,0.8062369645081426
25979,LOF,0.1276880828245103,0.05910875160937208,0.8132031655661176
25980,LOF,0.19874648851867305,0.07211458697433738,0.7291389245069896
25981,LOF,0.2337986305944643,0.07049056592325648,0.6957108034822792
25982,LOF,0.3920352608757598,0.045888136683949726,0.5620766024402905
25983,LOF,0.37939788399955043,0.04984065431220662,0.5707614616882429
25984,LOF,0.05349475885571464,0.04343880534211108,0.9030664358021743
25985,LOF,0.03469069826190682,0.24881364211505627,0.7164956596230369
25986,LOF,0.046868067902370004,0.2833964052339389,0.6697355268636911
25987,LOF,0.07984252240674622,0.05761261808640871,0.862544859506845
25988,LOF,0.15756010245246677,0.046570593668756134,0.7958693038787772
25989,LOF,0.029482155025520044,0.09303684061087013,0.8774810043636099
25990,LOF,0.04100081275068108,0.11064324907068018,0.8483559381786386
25991,LOF,0.12601374076757363,0.3313928402374159,0.5425934189950105
25992,LOF,0.2941624171664957,0.1968381686501754,0.5089994141833288
25993,LOF,0.022900735305817283,0.07592828423821342,0.9011709804559693
25994,LOF,0.018391668435323923,0.10837170369001053,0.8732366278746655
25995,LOF,0.026153574938245775,0.2319469273236121,0.7418994977381421
25996,GOF,0.2626126487162838,0.5058856860656189,0.23150166521809729
25997,GOF,0.08058451033967863,0.4658962213439943,0.4535192683163271
25998,Neutral,0.5250921185633003,0.02272437704205671,0.452183504394643
25999,LOF,0.11375506155984726,0.09186960242180364,0.7943753360183491
26000,LOF,0.1532794360266571,0.0457519382022208,0.8009686257711222
26001,LOF,0.19264231154105996,0.052640342893110065,0.75471734556583
26002,LOF,0.15974084189716162,0.046508654214788774,0.7937505038880496
26003,GOF,0.011073902557727184,0.5958969207641605,0.3930291766781124
26004,GOF,0.019502788571278344,0.6813315943890912,0.2991656170396305
26005,LOF,0.007543405020096574,0.46275903453302264,0.5296975604468808
26006,Neutral,0.5459737916558418,0.24778670217094162,0.20623950617321662
26007,GOF,0.02289979792913078,0.5287870129117075,0.4483131891591617
26008,GOF,0.016277690282989758,0.6250773081947446,0.35864500152226575
26009,GOF,0.020611377962092163,0.6876986155735614,0.29169000646434656
26010,GOF,0.022942250340844562,0.653638530652173,0.32341921900698245
26011,LOF,0.006278557082939588,0.45318432937316494,0.5405371135438954
26012,GOF,0.01314643858688943,0.5674908197472842,0.41936274166582643
26013,GOF,0.01907279651917907,0.6160018978158862,0.3649253056649348
26014,LOF,0.04161572236214398,0.11123626195187344,0.8471480156859825
26015,LOF,0.20049212149306334,0.010205213558365556,0.7893026649485712
26016,LOF,0.21141389790893225,0.05465405931024761,0.7339320427808202
26017,LOF,0.26200231930748374,0.09497023746075128,0.6430274432317649
26018,LOF,0.09025928479582881,0.028391038260280655,0.8813496769438904
26019,LOF,0.08666996741736181,0.022740673749964527,0.8905893588326738
26020,LOF,0.07601977175279191,0.115318512956394,0.8086617152908142
26021,LOF,0.052588025955028254,0.1188280082096315,0.8285839658353403
26022,LOF,0.011877950352364932,0.03873758429693021,0.949384465350705
26023,LOF,0.10636583239743826,0.020070629033075504,0.8735635385694863
26024,LOF,0.033580658373023355,0.12208178024191542,0.8443375613850612
26025,LOF,0.16395006405622464,0.0884843121267754,0.747565623817
26026,LOF,0.32683355535972425,0.027262771335063454,0.6459036733052123
26027,LOF,0.08174237161213418,0.015524256564006791,0.9027333718238589
26028,LOF,0.18325878089534164,0.06438583155351069,0.7523553875511476
26029,LOF,0.07337377526621587,0.2031812907664463,0.7234449339673378
26030,LOF,0.02221639932888335,0.06323529146283544,0.9145483092082812
26031,LOF,0.025391598091363817,0.14244472808189113,0.832163673826745
26032,LOF,0.06346098266988241,0.0766124778913657,0.8599265394387519
26033,LOF,0.11617804427740044,0.09343323453687127,0.7903887211857282
26034,LOF,0.04346156116318285,0.16827689159947953,0.7882615472373377
26035,LOF,0.026162560690237258,0.14661328991368455,0.8272241493960782
26036,LOF,0.03802461962674429,0.1727615247063859,0.7892138556668699
26037,LOF,0.02126909881792002,0.12045604685442793,0.858274854327652
26038,LOF,0.059957417326970026,0.07787525222184516,0.8621673304511848
26039,LOF,0.051576613433809405,0.1505907274124825,0.7978326591537082
26040,LOF,0.18253783744248567,0.14984046993427355,0.6676216926232409
26041,LOF,0.021805103952428236,0.11342871494783596,0.8647661810997359
26042,LOF,0.021288534064807154,0.10523190603544617,0.8734795598997466
26043,LOF,0.059833202596365646,0.09071421321941606,0.8494525841842183
26044,LOF,0.01969617589779177,0.07749222375658127,0.902811600345627
26045,LOF,0.0744315904419851,0.098134990674086,0.8274334188839289
26046,LOF,0.06113427912338103,0.08908185242816866,0.8497838684484503
26047,LOF,0.08395405426441045,0.09708239977284894,0.8189635459627407
26048,LOF,0.04485119893751611,0.04822653606081136,0.9069222650016725
26049,Neutral,0.9633388241064655,0.007951330958714713,0.028709844934819807
26050,Neutral,0.9474470670694073,0.010748533199285456,0.04180439973130722
26051,LOF,0.047282142800187416,0.2685611577060032,0.6841566994938093
26052,LOF,0.07112004197515896,0.3169841283885098,0.6118958296363313
26053,LOF,0.055818616345882074,0.12602977932890475,0.8181516043252133
26054,LOF,0.052975389164113686,0.017555889412610454,0.9294687214232759
26055,LOF,0.07350073468727633,0.014839970572432236,0.9116592947402915
26056,LOF,0.06177273797716373,0.016680479831228025,0.9215467821916082
26057,LOF,0.028309325591511513,0.012028474176512139,0.9596622002319762
26058,LOF,0.029085765986828528,0.009952318768095547,0.9609619152450758
26059,LOF,0.3184174577190587,0.02040743173785931,0.6611751105430819
26060,LOF,0.040646344880933306,0.19166230979348006,0.7676913453255866
26061,LOF,0.01743993504280176,0.010194685131125224,0.9723653798260731
26062,LOF,0.010442194153154534,0.016553556897987886,0.9730042489488575
26063,LOF,0.022004439872674652,0.011863444045129748,0.9661321160821955
26064,LOF,0.021787165439623057,0.020812655955527212,0.9574001786048496
26065,LOF,0.023927960792252855,0.010975135059992739,0.9650969041477545
26066,LOF,0.020898469651646757,0.011648140418688583,0.9674533899296647
26067,LOF,0.02838399932782507,0.00885284550824812,0.9627631551639267
26068,LOF,0.044017222203267085,0.029054954065125326,0.9269278237316075
26069,LOF,0.2590427733542153,0.01984932513456922,0.7211079015112154
26070,LOF,0.39549334192347363,0.015770537542774275,0.5887361205337521
26071,LOF,0.023846591559414678,0.012219503584551523,0.9639339048560339
26072,LOF,0.023583286900347153,0.015787862866348853,0.960628850233304
26073,LOF,0.02346806663166433,0.011218134048254481,0.9653137993200811
26074,Neutral,0.90377933252664,0.005720543374868853,0.09050012409849116
26075,LOF,0.04472255348594884,0.014624076919204771,0.9406533695948464
26076,LOF,0.047761613203067495,0.009480672689537952,0.9427577141073945
26077,LOF,0.010074762281940791,0.016724228956030724,0.9732010087620284
26078,LOF,0.013278496133561773,0.011381129572179984,0.9753403742942583
26079,LOF,0.05906628901524469,0.01667446915512335,0.9242592418296318
26080,LOF,0.05835733802300337,0.016693347703771656,0.9249493142732249
26081,LOF,0.03564550289230844,0.006301978653987345,0.9580525184537043
26082,LOF,0.014198263129422583,0.015526927034921853,0.9702748098356555
26083,LOF,0.13456161592280477,0.013401136349229943,0.8520372477279653
26084,LOF,0.029083027364245922,0.012600702032592049,0.958316270603162
26085,LOF,0.02583280485056804,0.011979647506655457,0.9621875476427766
26086,LOF,0.023312458361765424,0.011857126305848203,0.9648304153323863
26087,LOF,0.028146143490497308,0.007986688108174328,0.9638671684013284
26088,LOF,0.015886931397865213,0.021697657661602626,0.9624154109405322
26089,LOF,0.042274006829383814,0.021013406399808438,0.9367125867708078
26090,LOF,0.04154617447710955,0.017398644485708086,0.9410551810371823
26091,LOF,0.038554372138873465,0.006310610674920156,0.9551350171862063
26092,LOF,0.026793223428095196,0.008422275364845423,0.9647845012070594
26093,LOF,0.03892675706734721,0.006081354586466268,0.9549918883461866
26094,LOF,0.04242296738643968,0.006361874837987232,0.9512151577755731
26095,LOF,0.04050774988131015,0.013712103712555358,0.9457801464061346
26096,LOF,0.017733297078453388,0.013498178863196757,0.9687685240583498
26097,LOF,0.011880316141171132,0.03413196755008201,0.9539877163087468
26098,LOF,0.07430254430647129,0.010774145603771865,0.9149233100897569
26099,LOF,0.025692950499222687,0.012741625360128224,0.961565424140649
26100,LOF,0.028322114448131073,0.0121567106493849,0.959521174902484
26101,LOF,0.05555568067017131,0.016170551371583047,0.9282737679582457
26102,LOF,0.02418591452117909,0.013548174780826719,0.9622659106979942
26103,Neutral,0.8851359159362123,0.018658414404252654,0.0962056696595351
26104,LOF,0.07892010811803954,0.023354031693863853,0.8977258601880965
26105,LOF,0.21752180653108616,0.29749712307011167,0.48498107039880217
26106,LOF,0.20550602706801221,0.1245424793115484,0.6699514936204394
26107,LOF,0.2308818898276099,0.08504645373445494,0.6840716564379351
26108,LOF,0.29669948510782523,0.1096823062782967,0.5936182086138782
26109,LOF,0.10059261535841084,0.060463435896680164,0.8389439487449091
26110,LOF,0.2748588525029748,0.00868334719782093,0.7164578002992043
26111,Neutral,0.5384644477226035,0.024388570863357738,0.43714698141403874
26112,LOF,0.034248626771739114,0.00840146301339083,0.9573499102148701
26113,LOF,0.06303988511887453,0.01701370542759523,0.9199464094535303
26114,LOF,0.02537374523374946,0.023315551567427935,0.9513107031988225
26115,LOF,0.08624831668646472,0.050809611645799634,0.8629420716677356
26116,LOF,0.06264946223025088,0.05024314968857541,0.8871073880811736
26117,LOF,0.42813672202334274,0.042602973424383024,0.5292603045522742
26118,LOF,0.0349404094473869,0.02597205899742831,0.9390875315551849
26119,LOF,0.02239464356538314,0.033358827165012636,0.9442465292696043
26120,LOF,0.0280040388015338,0.021957496176620666,0.9500384650218456
26121,LOF,0.03895013136569291,0.08411500863537984,0.8769348599989273
