feature0,prediction,LoGoFunc_Neutral,LoGoFunc_GOF,LoGoFunc_LOF
25546,Neutral,0.6689429313269035,0.05312347539312229,0.2779335932799742
25547,Neutral,0.5034394356522989,0.09298022768602758,0.40358033666167353
25548,Neutral,0.5005881956301246,0.07788676609258555,0.42152503827728993
25549,LOF,0.42567050558373004,0.07957263966042641,0.49475685475584347
25550,LOF,0.3766790037385108,0.11425781136325865,0.5090631848982305
25551,LOF,0.3028685717008438,0.12577628235718372,0.5713551459419725
25552,LOF,0.26156562594917265,0.12254194840216731,0.6158924256486601
25553,Neutral,0.8177456946040732,0.04134623600056701,0.14090806939535971
25554,LOF,0.3006173503716531,0.1121912476254355,0.5871914020029113
25555,LOF,0.25738929395103666,0.10718475810090683,0.6354259479480565
25556,LOF,0.4389960637847935,0.09269959207240602,0.4683043441428004
25557,LOF,0.24468172995357942,0.11248128760748143,0.642836982438939
25558,LOF,0.29942958401145037,0.11276062185218828,0.5878097941363614
25559,LOF,0.16581488918817094,0.135267972176545,0.698917138635284
25560,LOF,0.15300755393174056,0.09973977585523704,0.7472526702130224
25561,LOF,0.14567042905678446,0.11031240642967775,0.7440171645135378
25562,LOF,0.07184887569555237,0.07946060286501477,0.8486905214394329
25563,LOF,0.021734794722333146,0.1186350620990862,0.8596301431785808
25564,LOF,0.21693463668315383,0.10390802304132372,0.6791573402755225
25565,LOF,0.22739476899228325,0.14307388537662424,0.6295313456310925
25566,GOF,0.09375237506549945,0.6963208039195163,0.20992682101498425
25567,LOF,0.03481104463017217,0.11983370701163579,0.845355248358192
25568,LOF,0.06055423329889395,0.0708491528226647,0.8685966138784413
25569,LOF,0.062119546264213774,0.07117806828195603,0.8667023854538303
25570,LOF,0.027075393391797528,0.10097892412832829,0.8719456824798743
25571,LOF,0.02737291919151785,0.10299888446168987,0.8696281963467923
25572,LOF,0.06340444650845434,0.11538704579912176,0.8212085076924238
25573,LOF,0.061768066516660024,0.08236029990062707,0.8558716335827129
25574,LOF,0.05470312772387832,0.18290977733343844,0.7623870949426832
25575,LOF,0.023225836730120065,0.1207890710741698,0.8559850921957102
25576,LOF,0.03545968820135777,0.1492745501604694,0.8152657616381729
25577,LOF,0.029988290620295236,0.10741304425569795,0.8625986651240067
25578,LOF,0.2774673704273625,0.08350646045958975,0.6390261691130478
25579,LOF,0.13192422207666255,0.08867789838149011,0.7793978795418474
25580,LOF,0.019023185489601913,0.08409153639608738,0.8968852781143106
25581,LOF,0.05742522842146974,0.06856381588039531,0.8740109556981349
25582,LOF,0.05751429060150806,0.06706394021828811,0.8754217691802039
25583,LOF,0.020589697808973614,0.08595956402577153,0.893450738165255
25584,Neutral,0.6683216614497534,0.10253193302399147,0.22914640552625523
25585,LOF,0.032686911163663915,0.1207578488730544,0.8465552399632816
25586,LOF,0.018745380703567505,0.0706060696428048,0.9106485496536277
25587,LOF,0.01768428490368082,0.06438419020502828,0.9179315248912909
25588,LOF,0.020763244754786254,0.07182384472426703,0.9074129105209467
25589,Neutral,0.5090306826557879,0.1809532283700908,0.3100160889741213
25590,LOF,0.04767945578583717,0.10593283564296829,0.8463877085711945
25591,LOF,0.09833277233587817,0.057834709750879336,0.8438325179132424
25592,LOF,0.05770338636883927,0.11705108335688548,0.8252455302742753
25593,LOF,0.1396495130361903,0.23979017090787677,0.620560316055933
25594,LOF,0.05048447901062766,0.10731531102664092,0.8422002099627315
25595,LOF,0.04997623449530061,0.07717815450245187,0.8728456110022474
25596,LOF,0.11217636861058494,0.043526009726876626,0.8442976216625385
25597,LOF,0.08317242897385452,0.05300411998377176,0.8638234510423737
25598,LOF,0.05031145076810058,0.08366632499430048,0.8660222242375989
25599,GOF,0.020671945067484807,0.5383779319321201,0.4409501230003951
25600,GOF,0.17114729747943583,0.5150075451312436,0.3138451573893205
25601,LOF,0.039081632037836406,0.40200498782018906,0.5589133801419746
25602,LOF,0.03502219954845938,0.05079623613128696,0.9141815643202538
25603,LOF,0.03396637583485528,0.027400716456860524,0.9386329077082841
25604,LOF,0.037329695370956734,0.05607552029794067,0.9065947843311025
25605,LOF,0.04200678878120145,0.17001335839635384,0.7879798528224446
25606,LOF,0.4459371763195919,0.10182898266819387,0.45223384101221414
25607,LOF,0.02296544713513525,0.1680866431515253,0.8089479097133394
25608,LOF,0.035466428913834364,0.07753974416705306,0.8869938269191124
25609,GOF,0.15329629393108582,0.5339302788383894,0.3127734272305248
25610,LOF,0.01611826051021014,0.02445546348066401,0.9594262760091258
25611,LOF,0.015971490956540314,0.030009797383185988,0.9540187116602736
25612,LOF,0.049258413578942166,0.03766561792794909,0.9130759684931088
25613,LOF,0.04722446864929472,0.03815975489357141,0.914615776457134
25614,LOF,0.022084279145303795,0.024622018025470316,0.9532937028292259
25615,LOF,0.04399453382749009,0.035655658268863764,0.9203498079036461
25616,LOF,0.04815706786885441,0.024136441728097764,0.9277064904030478
25617,LOF,0.04412435361070831,0.03279989914924258,0.9230757472400491
25618,LOF,0.05205882688365768,0.03096716104768218,0.9169740120686601
25619,LOF,0.015557455875633919,0.02715445875565107,0.957288085368715
25620,LOF,0.06143106919225336,0.037243124651726814,0.9013258061560199
25621,LOF,0.05179178890306049,0.030690495687207275,0.9175177154097323
25622,LOF,0.06231205851965322,0.030768215621270936,0.9069197258590759
25623,LOF,0.07392760973370045,0.024364956957023582,0.9017074333092759
25624,LOF,0.019319814430697534,0.030896009992081606,0.9497841755772207
25625,LOF,0.06676293247410593,0.03617423138282823,0.8970628361430659
25626,LOF,0.04888368828724912,0.03606704747672837,0.9150492642360225
25627,Neutral,0.8843827480505462,0.02297775326719489,0.09263949868225876
25628,LOF,0.13824001822495036,0.06275973071875018,0.7990002510562993
25629,LOF,0.06076671620393323,0.044478039833875285,0.8947552439621914
25630,LOF,0.2648261455001634,0.07395007633099976,0.6612237781688368
25631,Neutral,0.5495514896513523,0.060652285315050944,0.38979622503359673
25632,LOF,0.02671072258561157,0.06593011855522164,0.9073591588591668
25633,LOF,0.20225790125761237,0.0343581739208147,0.763383924821573
25634,LOF,0.03608872952270897,0.07623939547952067,0.8876718749977703
25635,LOF,0.03919210008683355,0.04296931723301482,0.9178385826801516
25636,LOF,0.0408657949895319,0.46567098723385325,0.4934632177766148
25637,GOF,0.07415522476250487,0.48781044962464326,0.4380343256128519
25638,LOF,0.040325490150123995,0.2904115832817823,0.6692629265680937
25639,LOF,0.03295431600551794,0.35221715500710393,0.6148285289873782
25640,Neutral,0.8102236366225206,0.1461593551544607,0.04361700822301868
25641,LOF,0.0522362925860561,0.42799740529998787,0.519766302113956
25642,LOF,0.043500684977087686,0.14549661303942693,0.8110027019834853
25643,LOF,0.19454307315812241,0.17141165473314732,0.6340452721087303
25644,LOF,0.02130850727047203,0.4625552308049299,0.516136261924598
25645,LOF,0.018783389447050273,0.41306164928579553,0.5681549612671541
25646,LOF,0.05079783414502415,0.32834297212312136,0.6208591937318545
25647,LOF,0.020007268014581536,0.26175600364350404,0.7182367283419144
25648,LOF,0.028539935626068973,0.2340912975430064,0.7373687668309247
25649,LOF,0.014405976690486074,0.24325539202062652,0.7423386312888874
25650,LOF,0.05015909953601333,0.4254576287074899,0.5243832717564968
25651,LOF,0.015399314444287595,0.2672027947024513,0.7173978908532611
25652,LOF,0.029212190775994653,0.2525862780558215,0.7182015311681839
25653,LOF,0.07693725826143422,0.3971347462122425,0.5259279955263233
25654,LOF,0.02269969494327365,0.2054759694946757,0.7718243355620507
25655,LOF,0.21720110286690464,0.3782831455556799,0.40451575157741554
25656,LOF,0.2798438372072733,0.04071093472078848,0.6794452280719382
25657,LOF,0.08122882810771055,0.04905914761838769,0.8697120242739018
25658,LOF,0.3924922740471584,0.047877302987428164,0.5596304229654134
25659,Neutral,0.523718465582737,0.07504577723427264,0.4012357571829903
25660,LOF,0.02655301633144218,0.07320914694124943,0.9002378367273084
25661,LOF,0.09839708875327817,0.05059530683307636,0.8510076044136454
25662,LOF,0.03284806675398998,0.028054310771450715,0.9390976224745594
25663,LOF,0.03844191593370397,0.041362555000931285,0.9201955290653647
25664,LOF,0.13347210575413554,0.053222446817994484,0.8133054474278699
25665,LOF,0.054367683397947,0.0290514415600201,0.9165808750420329
25666,LOF,0.08879501092133696,0.07086784367212183,0.8403371454065411
25667,LOF,0.06500162787231677,0.03407800108108403,0.9009203710465993
25668,LOF,0.0367713189709923,0.04212877335083892,0.9210999076781688
25669,LOF,0.03345153588770253,0.05258870545112797,0.9139597586611695
25670,LOF,0.13567336443694042,0.0455004290390674,0.8188262065239922
25671,LOF,0.09420343592864777,0.027204072839705298,0.8785924912316468
25672,LOF,0.05328039015343237,0.03982958363689409,0.9068900262096735
25673,LOF,0.08287319568949476,0.03706872111687356,0.8800580831936317
25674,LOF,0.06873571794287871,0.04692499990125885,0.8843392821558624
25675,LOF,0.10753719267512678,0.04518870281356914,0.8472741045113041
25676,LOF,0.018327717555328773,0.043855601048828595,0.9378166813958427
25677,LOF,0.026991540663601266,0.05914499015662086,0.9138634691797779
25678,LOF,0.17957442373230387,0.054121026370341725,0.7663045498973543
25679,LOF,0.12052389102587172,0.07426602827298338,0.805210080701145
25680,LOF,0.03285397170567986,0.10097186729751612,0.866174160996804
25681,LOF,0.05222716211624133,0.09030177493538985,0.8574710629483688
25682,LOF,0.14595893965024775,0.059396998250474065,0.7946440620992781
25683,LOF,0.11725081606435074,0.08406603261194283,0.7986831513237065
25684,LOF,0.04214315617543988,0.05658033132647168,0.9012765124980884
25685,LOF,0.13414752471067054,0.046451775903812484,0.819400699385517
25686,LOF,0.07821959716511692,0.08772044627616042,0.8340599565587226
25687,LOF,0.11499270044702375,0.08569319217953715,0.799314107373439
25688,LOF,0.28643579769086924,0.035172205673001646,0.678391996636129
25689,LOF,0.21015154886720885,0.0447979617827542,0.7450504893500369
25690,LOF,0.3445748392167522,0.03207326725030711,0.6233518935329406
25691,Neutral,0.6973833883661679,0.026642550060685687,0.27597406157314636
25692,LOF,0.28719290933405295,0.010904993036918347,0.7019020976290287
25693,LOF,0.04713855753400707,0.46786168897662167,0.4849997534893711
25694,LOF,0.12529029323840793,0.02062837551464246,0.8540813312469497
25695,LOF,0.12161032324045644,0.018199655241421284,0.8601900215181222
25696,LOF,0.121911179494551,0.010060334606947567,0.8680284858985013
25697,LOF,0.12339166380823147,0.026644043526729954,0.8499642926650385
25698,LOF,0.36369150955932306,0.23610961648537868,0.40019887395529824
25699,LOF,0.40096114694763846,0.045346962063261886,0.5536918909890997
25700,LOF,0.0511654327984606,0.011629974042417722,0.9372045931591216
25701,LOF,0.147822424864958,0.05851861576947979,0.7936589593655621
25702,GOF,0.175205476159983,0.5601199515330397,0.2646745723069772
25703,LOF,0.017762978370817365,0.16661664214292218,0.8156203794862604
25704,LOF,0.05095129293934736,0.12267086725545857,0.8263778398051941
25705,LOF,0.05966323369525013,0.19343656442536106,0.7469002018793888
25706,LOF,0.10207521426527262,0.35739010105145413,0.5405346846832733
25707,LOF,0.0943955492206776,0.3004827130638111,0.6051217377155113
25708,LOF,0.03153431593486931,0.2750151793714606,0.6934505046936701
25709,LOF,0.056565765690158525,0.04106019901805302,0.9023740352917884
25710,LOF,0.0113528640793944,0.13374221547395387,0.8549049204466517
25711,LOF,0.019472480094253845,0.08750811639671088,0.8930194035090353
25712,LOF,0.012980470522467421,0.1781587497731236,0.808860779704409
25713,LOF,0.019272933601995185,0.08082472802971802,0.8999023383682867
25714,LOF,0.07305966205204775,0.07719922192991563,0.8497411160180366
25715,LOF,0.011066627765918038,0.1445062328584363,0.8444271393756457
25716,LOF,0.013993199762388046,0.11562398963690652,0.8703828106007054
25717,LOF,0.01224436094673904,0.08648053482215816,0.9012751042311028
25718,LOF,0.011889523355379378,0.10584816139131827,0.8822623152533023
25719,LOF,0.01835222062649655,0.08439582968204491,0.8972519496914585
25720,LOF,0.021072476272151815,0.07437688229609281,0.9045506414317553
25721,LOF,0.01601441069063386,0.10680560850925996,0.8771799808001061
25722,LOF,0.013470327414203249,0.1239765232088487,0.862553149376948
25723,LOF,0.02278953086794651,0.04623326981979621,0.9309771993122572
25724,LOF,0.02278682973271132,0.08591866197735057,0.8912945082899382
25725,LOF,0.01228859495865512,0.07029792647004984,0.9174134785712951
25726,LOF,0.015027157663065312,0.096031823027775,0.8889410193091597
25727,LOF,0.013389084998286619,0.07956613781007603,0.9070447771916372
25728,LOF,0.010164641021886803,0.11057842674291168,0.8792569322352015
25729,LOF,0.010434734230026327,0.11086947590581438,0.8786957898641593
25730,LOF,0.014264136053102044,0.07920621925922788,0.90652964468767
25731,LOF,0.023297002463824913,0.11228907700358087,0.8644139205325941
25732,LOF,0.015425187184738292,0.0852137610559665,0.8993610517592953
25733,LOF,0.016167062056609473,0.07671711962821139,0.9071158183151791
25734,LOF,0.012664812882034264,0.13125883085024706,0.8560763562677187
25735,LOF,0.01376587827368681,0.08483513412701456,0.9013989875992986
25736,LOF,0.013609709132277967,0.11756871402026514,0.8688215768474569
25737,LOF,0.020749781711535926,0.08197865843965858,0.8972715598488055
25738,LOF,0.013490453613704118,0.11482644933603761,0.8716830970502583
25739,LOF,0.019730586176414648,0.08017224181355972,0.9000971720100256
25740,LOF,0.02626043524841408,0.09965762586931227,0.8740819388822736
25741,LOF,0.015096576941679849,0.11154645839215745,0.8733569646661627
25742,LOF,0.10947094998196305,0.08069670815689535,0.8098323418611416
25743,LOF,0.032055863518624064,0.031075269259807324,0.9368688672215687
25744,Neutral,0.5940457943050687,0.19343071226272315,0.21252349343220825
25745,LOF,0.07841669111665489,0.07267641657295881,0.8489068923103862
25746,LOF,0.041723039564988275,0.08213124037723064,0.8761457200577811
25747,LOF,0.022798154969549594,0.04130885546800028,0.9358929895624503
25748,LOF,0.10519899200134483,0.054671928045377786,0.8401290799532773
25749,LOF,0.02762582408152489,0.07761856780359139,0.8947556081148837
25750,LOF,0.08287239707118169,0.08153688636523124,0.8355907165635872
25751,LOF,0.09401848809618756,0.05435890016711398,0.8516226117366985
25752,GOF,0.1050773155296,0.6440208138625348,0.2509018706078651
25753,LOF,0.019435716874614362,0.2842276309170652,0.6963366522083204
25754,GOF,0.01039073548623418,0.7562424677226086,0.2333667967911572
25755,LOF,0.02298931037262051,0.39103169689097494,0.5859789927364046
25756,LOF,0.041375264479252806,0.38665039455945255,0.5719743409612946
25757,GOF,0.014637712446778953,0.8337743552953508,0.15158793225787034
25758,GOF,0.026385647496764433,0.8269278072130365,0.14668654529019895
25759,GOF,0.012044286407278686,0.5193767939979002,0.4685789195948212
25760,LOF,0.012143587110840941,0.23483751360696356,0.7530188992821956
25761,GOF,0.2744554246718585,0.6283132589582638,0.09723131636987749
25762,LOF,0.03407538917763027,0.2653607348342615,0.7005638759881082
25763,LOF,0.01314804496939798,0.19513628405001654,0.7917156709805855
25764,GOF,0.06111561330117339,0.6153573404416246,0.323527046257202
25765,GOF,0.04355769660323913,0.7379200162079684,0.2185222871887925
25766,GOF,0.059724100908669406,0.7642977191655747,0.17597817992575607
25767,GOF,0.17069061480321185,0.42382308057779416,0.40548630461899404
25768,LOF,0.09344453281625571,0.06573590822757144,0.8408195589561729
25769,LOF,0.06657733075049105,0.0602344685819692,0.8731882006675398
25770,LOF,0.2876437740097201,0.08782408572418948,0.6245321402660904
25771,LOF,0.0414039639155852,0.04966829345520552,0.9089277426292092
25772,LOF,0.01726399137487542,0.03155928889737776,0.9511767197277468
25773,LOF,0.045398019606925036,0.08876891823522752,0.8658330621578475
25774,LOF,0.02743990749053563,0.07571077042894696,0.8968493220805175
25775,LOF,0.04621716137230742,0.05166722425996953,0.9021156143677229
25776,LOF,0.07334180711226745,0.024510525927776274,0.9021476669599562
25777,LOF,0.3575952133155349,0.047648181598009764,0.5947566050864553
25778,LOF,0.0679927115895069,0.04476334231366178,0.8872439460968312
25779,GOF,0.3673528071161346,0.5918411219691911,0.04080607091467443
25780,GOF,0.2938753191769552,0.638523931723497,0.06760074909954797
25781,GOF,0.13376874377514203,0.7704315067769668,0.09579974944789106
25782,GOF,0.19042361867631674,0.7426926184016964,0.06688376292198676
25783,GOF,0.02857374283732663,0.6522959441229236,0.31913031303974976
25784,Neutral,0.4873509703682465,0.475971163254041,0.0366778663777125
25785,GOF,0.4540207366725795,0.5105689295787988,0.035410333748621695
25786,GOF,0.02419389595394687,0.7759001148852139,0.19990598916083907
25787,Neutral,0.6505847974044733,0.3269821967563155,0.022433005839211193
25788,LOF,0.04655380246265732,0.09372966245732889,0.8597165350800139
25789,GOF,0.19576123466784054,0.6764436675053627,0.12779509782679682
25790,GOF,0.21882613699578604,0.6849312410413079,0.096242621962906
25791,GOF,0.15900725220373893,0.6864694423471196,0.15452330544914156
25792,GOF,0.3396790270637778,0.5431350993931399,0.11718587354308227
25793,GOF,0.25105778279988483,0.5607656593222924,0.18817655787782273
25794,GOF,0.3033950291413172,0.5571691001924352,0.13943587066624774
25795,GOF,0.0692347477193398,0.7132141532267608,0.21755109905389933
25796,Neutral,0.5348252644817075,0.3872001871893817,0.07797454832891074
25797,GOF,0.08447927965630052,0.5835002102711114,0.332020510072588
25798,GOF,0.009360568799202955,0.5219276884638745,0.46871174273692257
25799,LOF,0.006812747683344398,0.3987260028005592,0.5944612495160964
25800,GOF,0.029356976357281624,0.6118648224109958,0.3587782012317225
25801,GOF,0.1984735365578972,0.6889895731572278,0.11253689028487505
25802,GOF,0.07679245501595773,0.7145183581217621,0.20868918686228022
25803,GOF,0.03419771449859592,0.5982214156920637,0.36758086980934035
25804,GOF,0.03375448782699512,0.5087580943730242,0.4574874177999806
25805,GOF,0.10310484713436735,0.6225730858015791,0.27432206706405365
25806,GOF,0.09870984318982692,0.6172904184942832,0.2839997383158899
25807,GOF,0.02139323172448531,0.6718628729102369,0.30674389536527774
25808,GOF,0.08027652138279576,0.6667698250230573,0.25295365359414684
25809,GOF,0.018143035930382842,0.6068366460144631,0.37502031805515407
25810,GOF,0.016834966978819515,0.6327332452505596,0.35043178777062095
25811,GOF,0.43692230727982406,0.4910748807777289,0.07200281194244698
25812,GOF,0.02865700155722868,0.6435981933792622,0.32774480506350917
25813,Neutral,0.5360815680549621,0.37256015145979465,0.09135828048524317
25814,GOF,0.11540053441357122,0.6674776234016917,0.21712184218473696
25815,GOF,0.18424006569350002,0.6411537481701362,0.17460618613636383
25816,GOF,0.024593991586208497,0.7384223629972623,0.23698364541652925
25817,GOF,0.23044529634514516,0.652614039668988,0.11694066398586687
25818,GOF,0.05000493327361356,0.682275188676033,0.2677198780503536
25819,GOF,0.34753107221559393,0.5260814146000654,0.12638751318434063
25820,GOF,0.20067672406770987,0.6103045709111588,0.18901870502113144
25821,GOF,0.05936064001594456,0.6914986541975281,0.2491407057865274
25822,GOF,0.2250001956960969,0.5748328235098924,0.20016698079401063
25823,GOF,0.032074501132598784,0.5581326990517023,0.40979279981569894
25824,GOF,0.09262784135695687,0.6201192399367539,0.2872529187062892
25825,GOF,0.03744931779610729,0.6205517000156262,0.34199898218826646
25826,GOF,0.01656871332621691,0.6032591043119683,0.38017218236181477
25827,GOF,0.025670761463462793,0.6173328783823466,0.35699636015419056
25828,GOF,0.013823353575986913,0.5478936658023514,0.4382829806216616
25829,GOF,0.006193437782186542,0.5735773420345218,0.4202292201832916
25830,LOF,0.032598271513195755,0.28853359085227204,0.6788681376345322
25831,GOF,0.21734559316210544,0.673475990667773,0.10917841617012158
25832,GOF,0.03057685161015464,0.7287848458875927,0.24063830250225254
25833,GOF,0.11396342095367884,0.7410510986621595,0.1449854803841617
25834,GOF,0.03246464387906183,0.7489077552313766,0.21862760088956165
25835,GOF,0.06362127415197981,0.7792228738840071,0.1571558519640131
25836,GOF,0.031611879415401646,0.7110784446094659,0.2573096759751325
25837,GOF,0.026998743163419464,0.6321996328802519,0.3408016239563286
25838,GOF,0.09127799340693867,0.7709890240705174,0.13773298252254407
25839,GOF,0.2578722693056999,0.6081155492901881,0.1340121814041119
25840,GOF,0.24627107496865988,0.6319019491206448,0.12182697591069533
25841,GOF,0.24079231553184766,0.6351540953453823,0.1240535891227701
25842,GOF,0.14451434278810074,0.7317482637486175,0.12373739346328169
25843,GOF,0.20053347664232946,0.7092550633064322,0.09021146005123844
25844,GOF,0.061559803302422826,0.736789161646774,0.2016510350508033
25845,GOF,0.01569232201503847,0.509853812245448,0.47445386573951354
25846,GOF,0.12258435395890499,0.7395031755827735,0.13791247045832147
25847,GOF,0.09624147846210998,0.8023136173541262,0.10144490418376377
25848,GOF,0.034832348711246075,0.7215774198944493,0.2435902313943047
25849,GOF,0.010325920740588312,0.6267211168623165,0.3629529623970953
25850,GOF,0.019231689776999676,0.6540143630571669,0.3267539471658335
25851,GOF,0.015970020463490543,0.5521862962563465,0.4318436832801631
25852,GOF,0.1616861360258485,0.567908023721086,0.2704058402530655
25853,GOF,0.34532183637758607,0.5868155440078039,0.06786261961460993
25854,GOF,0.022681244758539307,0.6569251072343176,0.320393648007143
25855,GOF,0.03440461185072879,0.5738974162189999,0.39169797193027134
25856,GOF,0.2492012339192705,0.5463484259857805,0.20445034009494903
25857,GOF,0.037237503604843125,0.5331489298768902,0.4296135665182666
25858,GOF,0.02168243321085185,0.5534342313437236,0.4248833354454245
25859,GOF,0.011430595528118082,0.5235741704435586,0.4649952340283234
25860,GOF,0.36775180621244596,0.5604753603616588,0.07177283342589517
25861,GOF,0.4133237154270945,0.5216249288004251,0.0650513557724803
25862,GOF,0.07574560149853637,0.7972884854094978,0.12696591309196598
25863,GOF,0.0728056972831783,0.8004920225871701,0.12670228012965165
25864,GOF,0.18895406931090622,0.7434439815891875,0.06760194909990638
25865,GOF,0.07013086650055025,0.8273322946242981,0.10253683887515165
25866,GOF,0.048520349378610717,0.8067268654412727,0.14475278518011642
25867,GOF,0.07771951699372477,0.8261739654498675,0.09610651755640759
25868,GOF,0.24598796414988697,0.6617804430514003,0.09223159279871276
25869,Neutral,0.7200963203261629,0.24032575839422773,0.03957792127960933
25870,GOF,0.27801903470556893,0.4090607011201972,0.31292026417423385
25871,GOF,0.20736945179934638,0.669054841206351,0.12357570699430265
25872,GOF,0.06876093891613891,0.6754639218905069,0.25577513919335415
25873,GOF,0.10606565854509767,0.7017465995850656,0.19218774186983667
25874,LOF,0.013926998875181834,0.10504152998511479,0.8810314711397034
25875,LOF,0.09053606825961612,0.044622868972574836,0.8648410627678091
25876,LOF,0.03644239210915199,0.03029484455835102,0.933262763332497
25877,Neutral,0.517652811472971,0.043977069227763156,0.43837011929926584
25878,LOF,0.21848663059648962,0.10105617679531695,0.6804571926081935
25879,LOF,0.08142388050584805,0.09512174316121125,0.8234543763329407
25880,LOF,0.04266702503735281,0.015553615530378628,0.9417793594322686
25881,LOF,0.17969503339778764,0.12505183529748498,0.6952531313047273
25882,LOF,0.06835133374529875,0.0187320263120974,0.9129166399426039
25883,LOF,0.06788941642322785,0.01989069514987723,0.9122198884268949
25884,LOF,0.03241499255133101,0.03126090294103344,0.9363241045076356
25885,LOF,0.06107826930102728,0.013451661132110847,0.925470069566862
25886,LOF,0.2710548792339793,0.03908895322404775,0.689856167541973
25887,LOF,0.15733845203003496,0.07201556318000726,0.7706459847899578
25888,LOF,0.0659612487829363,0.05898284583366766,0.8750559053833962
25889,LOF,0.04040358451579146,0.021139543487586007,0.9384568719966225
25890,LOF,0.046966001009311587,0.15373881832258504,0.7992951806681033
25891,LOF,0.04185471167120626,0.055415326555607075,0.9027299617731868
25892,LOF,0.08777078796866979,0.02356376900603521,0.8886654430252949
25893,LOF,0.23668796784904117,0.019275936753333976,0.7440360953976249
25894,LOF,0.18265069556170238,0.011527547739304608,0.805821756698993
25895,LOF,0.19840204645334836,0.0240226304855149,0.7775753230611369
25896,LOF,0.050840845522503175,0.022885063195943234,0.9262740912815536
25897,LOF,0.2641339936955875,0.013714804537226472,0.7221512017671861
25898,Neutral,0.714085426387996,0.01027417195400966,0.2756404016579944
25899,LOF,0.2104172318802034,0.02341088153420173,0.7661718865855949
25900,LOF,0.4616959341444567,0.01377409632305393,0.5245299695324893
25901,LOF,0.052113635610475044,0.011800348737219881,0.9360860156523051
25902,LOF,0.15622909759687909,0.014220657634715366,0.8295502447684057
25903,Neutral,0.5905623266633984,0.029181045979483337,0.38025662735711835
25904,LOF,0.31422967101311117,0.047112034775196675,0.6386582942116921
25905,LOF,0.02352793217995374,0.3614715964815281,0.6150004713385181
25906,LOF,0.0312629643363524,0.07979946035776156,0.8889375753058861
25907,LOF,0.012731345099615784,0.35031363767033136,0.6369550172300529
25908,LOF,0.009028859650030514,0.2717846342990364,0.7191865060509331
25909,LOF,0.012862926715705054,0.13520652309704642,0.8519305501872485
25910,LOF,0.05050122012245467,0.1462732096177911,0.8032255702597543
25911,LOF,0.18785984199875924,0.02902415773380834,0.7831160002674323
25912,LOF,0.04827011602351738,0.05270360259376654,0.8990262813827161
25913,LOF,0.34385330038572887,0.023782485400845786,0.6323642142134254
25914,LOF,0.02154531125343714,0.05111314713677197,0.9273415416097908
25915,Neutral,0.5970791183212553,0.14322372373219053,0.2596971579465541
25916,LOF,0.08729372724278402,0.20052810317680902,0.7121781695804069
25917,LOF,0.06868127607587973,0.039426099726253466,0.8918926241978667
25918,LOF,0.02279503393562037,0.029346435052423642,0.9478585310119559
25919,LOF,0.01991918115983697,0.031660514410419706,0.9484203044297432
25920,GOF,0.10269418351569362,0.48805585449418043,0.4092499619901259
25921,LOF,0.025474671442075256,0.03724459930827695,0.9372807292496477
25922,LOF,0.03495783919684471,0.028120151478563515,0.9369220093245918
25923,LOF,0.4742717762459896,0.04181291368168739,0.483915310072323
25924,LOF,0.038035851953969115,0.04718858726616655,0.9147755607798643
25925,LOF,0.07492085554180941,0.045593302092608076,0.8794858423655826
25926,LOF,0.053572990442111196,0.04135728975603458,0.9050697198018542
25927,LOF,0.05882293571206025,0.14505465867336292,0.7961224056145768
25928,LOF,0.018512252376983406,0.05542332452406005,0.9260644230989565
25929,Neutral,0.5993741605498631,0.043698426511950494,0.35692741293818636
25930,LOF,0.07525046577825373,0.034700530328028466,0.8900490038937178
25931,LOF,0.02519850919892339,0.03485088686382886,0.9399506039372477
25932,LOF,0.02963076923269313,0.029469429567590993,0.9408998011997158
25933,LOF,0.040749750896845835,0.01860648479634145,0.9406437643068127
25934,LOF,0.02567190299985005,0.02109480536547912,0.9532332916346709
25935,LOF,0.06507145655898003,0.060227189474052346,0.8747013539669677
25936,LOF,0.04307814855143325,0.024030867272630138,0.9328909841759366
25937,LOF,0.0262930363185822,0.04150230740187017,0.9322046562795476
25938,LOF,0.06845840664146381,0.062079807880409635,0.8694617854781265
25939,LOF,0.042406356642497575,0.02200814418923423,0.9355854991682682
25940,LOF,0.036040153869007545,0.34035011696625744,0.623609729164735
25941,LOF,0.19447816306925544,0.09514203386381742,0.710379803066927
25942,LOF,0.012496087012120507,0.033939405830766205,0.9535645071571133
25943,LOF,0.3055728927538111,0.054198909371800476,0.6402281978743883
25944,LOF,0.48351881879052755,0.021604601354972264,0.4948765798545002
25945,LOF,0.07491016078678608,0.020682405773898477,0.9044074334393154
25946,LOF,0.03503859647012174,0.116502430813589,0.8484589727162893
25947,LOF,0.11415567514595484,0.17222433255249292,0.7136199923015522
25948,LOF,0.36676673573674046,0.008804400449259132,0.6244288638140005
25949,LOF,0.12619529239344246,0.038282141854656754,0.8355225657519009
25950,GOF,0.31374408935955533,0.3662120243316115,0.3200438863088331
25951,LOF,0.17643486146654894,0.2793224281424059,0.5442427103910452
25952,LOF,0.04098298710557409,0.4295104033098187,0.5295066095846072
25953,LOF,0.14872585103454555,0.1170066609804448,0.7342674879850095
25954,Neutral,0.41119366761895537,0.19507585812810685,0.3937304742529378
25955,LOF,0.0713015806658203,0.07888340546869634,0.8498150138654834
25956,LOF,0.16536707771112738,0.12244299173183533,0.7121899305570374
25957,LOF,0.033835059234622475,0.02728872310261173,0.9388762176627657
25958,LOF,0.055815789848164675,0.023997339588335574,0.9201868705634997
25959,LOF,0.07112862726489565,0.3191464106766277,0.6097249620584767
25960,LOF,0.014422200232648525,0.047834310750643476,0.937743489016708
25961,LOF,0.042631808236714315,0.024146826881042492,0.9332213648822432
25962,LOF,0.055026881799039244,0.03016588938998419,0.9148072288109766
25963,LOF,0.05287980301837444,0.204324047420122,0.7427961495615036
25964,LOF,0.029634708510036686,0.15617551262711496,0.8141897788628483
25965,LOF,0.41970993490283337,0.06526673790139127,0.5150233271957755
25966,Neutral,0.5066681679717832,0.16671795218236152,0.32661387984585527
25967,LOF,0.01572181190552103,0.10548679702400571,0.8787913910704732
25968,LOF,0.03562884775273353,0.3842105808618878,0.5801605713853787
25969,LOF,0.03480156313531636,0.05797349203513714,0.9072249448295465
25970,LOF,0.05689998339187108,0.05529685920409544,0.8878031574040336
25971,LOF,0.06666562782248543,0.018291695026992735,0.9150426771505218
25972,LOF,0.06528318825202398,0.02762701774366452,0.9070897940043114
25973,LOF,0.06673777185849264,0.011081707088011837,0.9221805210534955
25974,LOF,0.17166710915456565,0.016491487367775053,0.8118414034776594
25975,LOF,0.04466793172085117,0.028278780395361365,0.9270532878837874
25976,LOF,0.041917600959914515,0.021003745470391147,0.9370786535696944
25977,LOF,0.14332966106546027,0.08612274598349398,0.7705475929510458
25978,LOF,0.14376221319651994,0.10005171403527675,0.7561860727682034
25979,LOF,0.1310210583536715,0.10242338688635914,0.7665555547599693
25980,LOF,0.2154570858265942,0.12139287915584313,0.6631500350175628
25981,LOF,0.24927040723529892,0.1197139868455429,0.6310156059191582
25982,LOF,0.39692430088935415,0.08848751806887598,0.5145881810417698
25983,LOF,0.3715839772852754,0.09322493714249369,0.5351910855722309
25984,LOF,0.04897377959038348,0.048335381239581095,0.9026908391700353
25985,LOF,0.04080334537083487,0.28100875931626,0.6781878953129051
25986,LOF,0.04571756739107002,0.34134956366514546,0.6129328689437845
25987,LOF,0.08988604355959254,0.07196586871954659,0.8381480877208609
25988,LOF,0.1607472481338688,0.058917356489102846,0.7803353953770283
25989,LOF,0.03322276398859014,0.1232510426591367,0.8435261933522732
25990,LOF,0.03963447775243484,0.16802992683097875,0.7923355954165865
25991,LOF,0.1355272414351365,0.2266254546025868,0.6378473039622767
25992,LOF,0.2967351935770394,0.14089544115002542,0.5623693652729351
25993,LOF,0.022861203116280763,0.06621216490315038,0.9109266319805689
25994,LOF,0.018698458887905313,0.08012619103165342,0.9011753500804411
25995,LOF,0.024283066813701903,0.18801405224707146,0.7877028809392267
25996,GOF,0.3339875914553763,0.3960783862739783,0.2699340222706454
25997,LOF,0.08471806231276544,0.3564318840993469,0.5588500535878876
25998,Neutral,0.5122665628275126,0.02636587641860475,0.46136756075388263
25999,LOF,0.09679163583310704,0.09728083818422899,0.8059275259826638
26000,LOF,0.14117581649685845,0.04924903355644078,0.8095751499467008
26001,LOF,0.19529695270482697,0.05078372693990296,0.7539193203552701
26002,LOF,0.11732352269184922,0.04651418520627213,0.8361622921018786
26003,GOF,0.010546011537232529,0.5895690763521146,0.3998849121106529
26004,GOF,0.01937983519457426,0.6648244159799765,0.3157957488254492
26005,LOF,0.0065106427351934925,0.4470624281472017,0.5464269291176049
26006,Neutral,0.49315588074039024,0.24731355170128433,0.25953056755832543
26007,GOF,0.01826317910233766,0.5192632980463215,0.46247352285134075
26008,GOF,0.017582561335426287,0.5978706055181028,0.3845468331464708
26009,GOF,0.018806715164737316,0.667947397791513,0.3132458870437498
26010,GOF,0.021748579688313438,0.6292720277389162,0.34897939257277033
26011,LOF,0.006268053753838133,0.4210990169682959,0.5726329292778659
26012,GOF,0.011656546196924435,0.5413936693278064,0.4469497844752691
26013,GOF,0.018049233999176864,0.588812742877394,0.3931380231234291
26014,LOF,0.03882129122951532,0.1221374615307771,0.8390412472397076
26015,LOF,0.15410254026991532,0.018043971624357558,0.8278534881057272
26016,LOF,0.19519585069171072,0.06529919504541352,0.7395049542628757
26017,LOF,0.2139508130821872,0.10257581446246064,0.6834733724553521
26018,LOF,0.08025164713736362,0.04111123497621522,0.8786371178864212
26019,LOF,0.0764472040504706,0.033166051839655084,0.8903867441098744
26020,LOF,0.06640091283545822,0.10990470248606377,0.8236943846784781
26021,LOF,0.048475016689686345,0.11548487950499489,0.8360401038053187
26022,LOF,0.012035293845484333,0.04201036176287386,0.9459543443916419
26023,LOF,0.06530733869008853,0.025815530961453663,0.9088771303484577
26024,LOF,0.03308382787012451,0.11236564524493943,0.854550526884936
26025,LOF,0.15031359946358505,0.10393559671397193,0.7457508038224431
26026,LOF,0.32192152900928556,0.03252143371849031,0.6455570372722242
26027,LOF,0.06111310709271014,0.02004801385758011,0.9188388790497098
26028,LOF,0.164188909589684,0.06462298676290411,0.7711881036474119
26029,LOF,0.06982138159805393,0.15595179615653598,0.7742268222454102
26030,LOF,0.020983045921735128,0.034921436867541567,0.9440955172107234
26031,LOF,0.024996518419687565,0.11444799177489484,0.8605554898054175
26032,LOF,0.06569038323405749,0.05314969237927956,0.881159924386663
26033,LOF,0.08782896642903085,0.050035471917851605,0.8621355616531176
26034,LOF,0.043370657659100614,0.14060668068066293,0.8160226616602364
26035,LOF,0.02454879778690055,0.12768429352437213,0.8477669086887274
26036,LOF,0.03715116309972521,0.1513616926413565,0.8114871442589183
26037,LOF,0.02077465368957829,0.10333757300569354,0.8758877733047281
26038,LOF,0.06219531418614066,0.054668878535658334,0.883135807278201
26039,LOF,0.049522961546068014,0.12941143899396265,0.8210655994599694
26040,LOF,0.206912472232544,0.09214506568044663,0.7009424620870093
26041,LOF,0.021155884850648857,0.09383279226740533,0.8850113228819458
26042,LOF,0.01943258076747318,0.08945110795741697,0.8911163112751098
26043,LOF,0.06250010190112011,0.06332419378946857,0.8741757043094113
26044,LOF,0.018562789694755527,0.04554617662015163,0.9358910336850929
26045,LOF,0.06869128652893351,0.08240556624737312,0.8489031472236934
26046,LOF,0.058544906065134135,0.0521459957663944,0.8893090981684714
26047,LOF,0.07576119647148123,0.053162289193283245,0.8710765143352356
26048,LOF,0.0439887174570644,0.031964802167034616,0.924046480375901
26049,Neutral,0.9669639396816205,0.005451020814577218,0.027585039503802294
26050,Neutral,0.9514059546681043,0.00690743841692669,0.041686606914968984
26051,LOF,0.04578684546946097,0.2872575957036474,0.6669555588268917
26052,LOF,0.06368594476315348,0.3230851042294606,0.613228951007386
26053,LOF,0.06395296976630335,0.15583729252802944,0.780209737705667
26054,LOF,0.04884070922532351,0.017321813768689066,0.9338374770059875
26055,LOF,0.06823446664950135,0.015630287830386735,0.9161352455201119
26056,LOF,0.05790024028701662,0.017873126200240196,0.9242266335127431
26057,LOF,0.03245668809394382,0.012229300917722648,0.9553140109883336
26058,LOF,0.032876719811952226,0.010011393987578264,0.9571118862004695
26059,LOF,0.2927503130129972,0.021938641031624972,0.6853110459553778
26060,LOF,0.04034346752154066,0.2015525576525612,0.7581039748258982
26061,LOF,0.01612482446738,0.0134056733417561,0.970469502190864
26062,LOF,0.009486418785704236,0.019632840495753714,0.9708807407185421
26063,LOF,0.02036660581859582,0.010530572742463625,0.9691028214389407
26064,LOF,0.01962436907153341,0.025585311305805023,0.9547903196226615
26065,LOF,0.024475110007900584,0.011711510557703832,0.9638133794343955
26066,LOF,0.02056198081706817,0.01119743433420057,0.9682405848487312
26067,LOF,0.02692406391083123,0.008535348594570957,0.9645405874945978
26068,LOF,0.0452196069443863,0.02864522430113369,0.92613516875448
26069,LOF,0.26249603885050776,0.01847819762429135,0.7190257635252009
26070,LOF,0.40279834618383287,0.014940451073924246,0.5822612027422429
26071,LOF,0.02005580133513778,0.011676063297929818,0.9682681353669325
26072,LOF,0.0182216929025057,0.01846488339399554,0.9633134237034988
26073,LOF,0.01979921846512768,0.011665009753118221,0.9685357717817541
26074,Neutral,0.9124619331465953,0.005693781685397704,0.08184428516800693
26075,LOF,0.044913334209376155,0.014045902041485692,0.941040763749138
26076,LOF,0.03587976136557767,0.008490117978180679,0.9556301206562416
26077,LOF,0.009217544891557803,0.01402866639031584,0.9767537887181265
26078,LOF,0.0129685774240577,0.012711315213688032,0.9743201073622543
26079,LOF,0.0625648071971319,0.017140895147621793,0.9202942976552464
26080,LOF,0.061497664762740045,0.017230315921104175,0.9212720193161559
26081,LOF,0.03451021863448942,0.006699618907639851,0.9587901624578709
26082,LOF,0.012995542795757188,0.014522672353909236,0.9724817848503337
26083,LOF,0.17452399881431463,0.01388544404962292,0.8115905571360624
26084,LOF,0.044580589355115836,0.011858725648350079,0.9435606849965341
26085,LOF,0.0409729006277787,0.011229967032507355,0.947797132339714
26086,LOF,0.020844837998323238,0.011384949465502232,0.9677702125361745
26087,LOF,0.023698745306151056,0.008478674503659007,0.96782258019019
26088,LOF,0.01620208963734221,0.02441745995344642,0.9593804504092113
26089,LOF,0.04159584143595312,0.022060061758686546,0.9363440968053603
26090,LOF,0.0407245725997526,0.017938309729729804,0.9413371176705176
26091,LOF,0.031898772510404905,0.006312762198304718,0.9617884652912903
26092,LOF,0.022240068121995162,0.008323720403686929,0.9694362114743179
26093,LOF,0.031053651615297044,0.0064446601841334624,0.9625016882005695
26094,LOF,0.03223041360170926,0.006245557129263709,0.961524029269027
26095,LOF,0.03767992797293001,0.013967063912878667,0.9483530081141913
26096,LOF,0.01567852999921148,0.01181766585506215,0.9725038041457262
26097,LOF,0.011490965350278106,0.03744702076479588,0.951062013884926
26098,LOF,0.07745139412345681,0.01153129571364628,0.9110173101628968
26099,LOF,0.021006394923969274,0.0121824638123664,0.9668111412636644
26100,LOF,0.0229478732086081,0.011602159180738147,0.9654499676106538
26101,LOF,0.041818895399891545,0.016882600818922667,0.9412985037811858
26102,LOF,0.02007349269183591,0.012418484051326985,0.967508023256837
26103,Neutral,0.8785207923262034,0.01807054265557845,0.10340866501821822
26104,LOF,0.07806093956775961,0.02398080321442896,0.8979582572178115
26105,LOF,0.20154661584805364,0.25895833130935964,0.5394950528425867
26106,LOF,0.15649117744017438,0.12080352817621655,0.7227052943836091
26107,LOF,0.2275091042426606,0.08090769407969922,0.6915832016776401
26108,LOF,0.2203587212722974,0.08776199743133754,0.6918792812963651
26109,LOF,0.08652694899849558,0.060984246058443575,0.8524888049430608
26110,LOF,0.2051431554816276,0.006569710307627056,0.7882871342107453
26111,Neutral,0.5052198026209926,0.026588153095372012,0.46819204428363537
26112,LOF,0.033125370068502684,0.006727534697349898,0.9601470952341473
26113,LOF,0.05851257883433872,0.015070593363943967,0.9264168278017173
26114,LOF,0.026486263493912428,0.03136448035144864,0.9421492561546391
26115,LOF,0.0914262373064415,0.05121875239169792,0.8573550103018606
26116,LOF,0.06184779108373097,0.06608450049355151,0.8720677084227175
26117,LOF,0.44624655230153365,0.042180585342092264,0.511572862356374
26118,LOF,0.03534444872403298,0.023694543481353764,0.9409610077946133
26119,LOF,0.023956362385276406,0.039915451761236044,0.9361281858534877
26120,LOF,0.027003268416468232,0.018899054042254258,0.9540976775412776
26121,LOF,0.04364960816566923,0.0818271101326882,0.8745232817016425
