feature0,prediction,LoGoFunc_Neutral,LoGoFunc_GOF,LoGoFunc_LOF
25546,Neutral,0.6661170088696704,0.04809432996762004,0.2857886611627096
25547,Neutral,0.5138865465502668,0.09185221871112803,0.39426123473860525
25548,Neutral,0.5201540856448345,0.07722264700531957,0.4026232673498458
25549,LOF,0.43643831552590157,0.08101738180424913,0.4825443026698494
25550,LOF,0.3670415202839718,0.11705993567759268,0.5158985440384355
25551,LOF,0.3123421524837683,0.1276459241965552,0.5600119233196765
25552,LOF,0.2505435614473815,0.12182280509255472,0.6276336334600638
25553,Neutral,0.8242881617192623,0.0390161525815482,0.13669568569918947
25554,LOF,0.2960165784398594,0.1117572070399236,0.592226214520217
25555,LOF,0.2469988410928006,0.10811187219768717,0.6448892867095123
25556,LOF,0.44930894426809126,0.09756394550101258,0.4531271102308961
25557,LOF,0.23349559895688488,0.11123253183063787,0.6552718692124773
25558,LOF,0.303565498101817,0.10780503514072418,0.5886294667574588
25559,LOF,0.17476110472343898,0.11293287030175106,0.7123060249748101
25560,LOF,0.1623688285652977,0.08968308518017222,0.74794808625453
25561,LOF,0.16637987179245248,0.10319717121171279,0.7304229569958346
25562,LOF,0.07634694823950879,0.07067396222840502,0.8529790895320862
25563,LOF,0.02296448985706518,0.09921847899750182,0.877817031145433
25564,LOF,0.23606157930680657,0.1013532999309076,0.6625851207622858
25565,LOF,0.19805317349948334,0.15049027577221818,0.6514565507282984
25566,GOF,0.08220607717358873,0.712210053277641,0.2055838695487704
25567,LOF,0.03631096780160232,0.13143542702045868,0.832253605177939
25568,LOF,0.05931893752562473,0.07163553407992788,0.8690455283944475
25569,LOF,0.05987587317008895,0.0737665273505664,0.8663575994793447
25570,LOF,0.026466754748906716,0.10247402025129036,0.8710592249998029
25571,LOF,0.0257592528897937,0.10616332828666072,0.8680774188235455
25572,LOF,0.06025370221491762,0.11834233824126665,0.8214039595438157
25573,LOF,0.05489051311234186,0.08822364542026263,0.8568858414673957
25574,LOF,0.0578608740420584,0.19177030542143558,0.750368820536506
25575,LOF,0.02288010877697916,0.11715171008253569,0.8599681811404851
25576,LOF,0.03315057268311724,0.15320959493780217,0.8136398323790807
25577,LOF,0.028719802885006307,0.11920452414492122,0.8520756729700724
25578,LOF,0.3113346282196358,0.08101183455171444,0.6076535372286497
25579,LOF,0.12727484420852447,0.0886920776553637,0.7840330781361119
25580,LOF,0.018539796333257325,0.07970373466454353,0.9017564690021992
25581,LOF,0.05428924757397325,0.06889250860626701,0.8768182438197598
25582,LOF,0.05398559700895335,0.06777261374481672,0.87824178924623
25583,LOF,0.019381769938887822,0.08692827000790376,0.8936899600532084
25584,Neutral,0.6585669145941242,0.1185688278845754,0.22286425752130024
25585,LOF,0.029350016501841273,0.1206241463026037,0.8500258371955549
25586,LOF,0.017754913541104804,0.06841465063502676,0.9138304358238685
25587,LOF,0.016796244273668447,0.06136508235156017,0.9218386733747713
25588,LOF,0.019646359860228852,0.07259304830449599,0.907760591835275
25589,Neutral,0.5271762504883111,0.20424644994472554,0.2685772995669634
25590,LOF,0.048632325777314224,0.11394040984673964,0.8374272643759462
25591,LOF,0.0937220004494421,0.0588481405449196,0.8474298590056383
25592,LOF,0.05609865229068399,0.1328002397694891,0.8111011079398269
25593,LOF,0.13680766586361862,0.25985190481983594,0.6033404293165454
25594,LOF,0.04650288394514854,0.12186906232904428,0.8316280537258072
25595,LOF,0.049159269955575444,0.08464939228902141,0.8661913377554031
25596,LOF,0.10885751735528963,0.052713964520971913,0.8384285181237384
25597,LOF,0.08221783210103116,0.05933905248552165,0.8584431154134471
25598,LOF,0.05089330233837967,0.08713996351262641,0.8619667341489939
25599,GOF,0.021234318285045017,0.5102327571052652,0.46853292460968987
25600,GOF,0.17088942959498638,0.5056820200829536,0.32342855032206
25601,LOF,0.03654631724740925,0.3882128077469932,0.5752408750055975
25602,LOF,0.03473712580826055,0.05816713622086902,0.9070957379708705
25603,LOF,0.033792746220718255,0.030668378242061207,0.9355388755372205
25604,LOF,0.03410167911617271,0.06192881671642239,0.9039695041674048
25605,LOF,0.04205169334390438,0.17851513018158718,0.7794331764745085
25606,LOF,0.4229098891316795,0.09855382741129634,0.47853628345702426
25607,LOF,0.023598194995080268,0.17701795218536648,0.7993838528195533
25608,LOF,0.030992753461061017,0.07619799776446727,0.8928092487744718
25609,GOF,0.13588278249554017,0.538435463308123,0.3256817541963368
25610,LOF,0.01643045561838227,0.026505146880280175,0.9570643975013376
25611,LOF,0.014657721392745824,0.029771545068698238,0.9555707335385559
25612,LOF,0.04939425745331787,0.03874889340299863,0.9118568491436834
25613,LOF,0.047427109369749254,0.03831182465057198,0.9142610659796787
25614,LOF,0.021827235857312558,0.024689968645274417,0.9534827954974131
25615,LOF,0.04491853977180927,0.03842542786280671,0.916656032365384
25616,LOF,0.04960676038225212,0.027474501580673424,0.9229187380370744
25617,LOF,0.04339895697033131,0.03441808877838193,0.9221829542512868
25618,LOF,0.050730927045706774,0.03292178027365923,0.9163472926806341
25619,LOF,0.015392348768370085,0.03049715831421266,0.9541104929174172
25620,LOF,0.06361165138289912,0.0408367709151206,0.8955515777019802
25621,LOF,0.051462699082961166,0.03216576519018052,0.9163715357268583
25622,LOF,0.06043594491443082,0.03294695688175289,0.9066170982038163
25623,LOF,0.0707330760153766,0.02634845662265256,0.9029184673619708
25624,LOF,0.01884370122796792,0.031580680973407646,0.9495756177986244
25625,LOF,0.06777135562995837,0.036395582652317224,0.8958330617177244
25626,LOF,0.04512327002320842,0.03653780365279345,0.9183389263239982
25627,Neutral,0.891266841095293,0.021939619865538815,0.08679353903916814
25628,LOF,0.13754182822721125,0.05946935012134936,0.8029888216514395
25629,LOF,0.05869903287637348,0.04101376777817988,0.9002871993454467
25630,LOF,0.2798962757547193,0.07102057982432484,0.6490831444209558
25631,Neutral,0.5432482904428203,0.06084708517496698,0.39590462438221263
25632,LOF,0.029092815229341384,0.06559710353685103,0.9053100812338075
25633,LOF,0.20404373834988604,0.03914985025860089,0.7568064113915131
25634,LOF,0.03449359376963692,0.084045393895965,0.8814610123343981
25635,LOF,0.04101618962454801,0.047664453056453,0.9113193573189989
25636,LOF,0.03326628780183637,0.460328585121771,0.5064051270763926
25637,GOF,0.06405166306297043,0.5144516102747749,0.42149672666225463
25638,LOF,0.03277531989135055,0.31973368688011783,0.6474909932285317
25639,LOF,0.031005816162094267,0.37792094645501395,0.5910732373828917
25640,Neutral,0.831516789561055,0.12711916878882432,0.04136404165012055
25641,LOF,0.055281030585217335,0.4363631998997078,0.5083557695150749
25642,LOF,0.04236752713898891,0.14712944868461314,0.810503024176398
25643,LOF,0.21476450439433997,0.14472775010299713,0.6405077455026629
25644,LOF,0.023062597392537087,0.4834269156997923,0.49351048690767063
25645,LOF,0.022203097609079573,0.42169815472722166,0.5560987476636987
25646,LOF,0.058465499096495385,0.3329040772025525,0.6086304237009521
25647,LOF,0.02569955711780978,0.27284648491124097,0.7014539579709493
25648,LOF,0.03531168933772039,0.24207074478694174,0.7226175658753379
25649,LOF,0.017184500566765286,0.23152450448163875,0.7512909949515959
25650,LOF,0.05693401632492283,0.4088094560816232,0.5342565275934539
25651,LOF,0.017870882375900256,0.2737672438125765,0.7083618738115233
25652,LOF,0.0329840793843891,0.258722238773482,0.7082936818421289
25653,LOF,0.0872058999397411,0.4102915109820953,0.5025025890781636
25654,LOF,0.02673278785739834,0.20072179220318817,0.7725454199394135
25655,LOF,0.23170060920727995,0.38335018046623903,0.384949210326481
25656,LOF,0.26121976597488084,0.04296109479389265,0.6958191392312265
25657,LOF,0.07569173711492624,0.05113022846081138,0.8731780344242625
25658,LOF,0.39257756234277374,0.04566044340730537,0.5617619942499208
25659,Neutral,0.5312381404401226,0.06489918906357259,0.40386267049630475
25660,LOF,0.024407490824289935,0.07764429100250761,0.8979482181732025
25661,LOF,0.09272950794820663,0.06061951196867808,0.8466509800831153
25662,LOF,0.03263691406546074,0.03194982008737818,0.9354132658471611
25663,LOF,0.04267840934058048,0.042832031705076955,0.9144895589543426
25664,LOF,0.13939176690787555,0.053484444940604885,0.8071237881515196
25665,LOF,0.05590801656808484,0.031221608774182587,0.9128703746577325
25666,LOF,0.08756986673662785,0.07353440377635452,0.8388957294870176
25667,LOF,0.06959697746652989,0.035670331061541216,0.894732691471929
25668,LOF,0.03828787170528484,0.04823781641102054,0.9134743118836947
25669,LOF,0.03363156238491732,0.05430569940148885,0.912062738213594
25670,LOF,0.13838147784899893,0.0469101238566627,0.8147083982943384
25671,LOF,0.09885292069988073,0.030335979846974455,0.8708110994531447
25672,LOF,0.05427574492335518,0.04126517136396005,0.9044590837126847
25673,LOF,0.08163254386684198,0.040709957266856285,0.8776574988663017
25674,LOF,0.07152258760804915,0.050107132730491014,0.8783702796614599
25675,LOF,0.11629929232923261,0.04806179199805872,0.8356389156727085
25676,LOF,0.017773863971739072,0.048801905493051634,0.9334242305352092
25677,LOF,0.025759305820961514,0.06615847361378051,0.908082220565258
25678,LOF,0.16757111802783742,0.05549467109970881,0.7769342108724537
25679,LOF,0.12313708814612859,0.07973789553313636,0.7971250163207351
25680,LOF,0.02878537848174021,0.11248895041954529,0.8587256710987146
25681,LOF,0.045230785596863714,0.10486607900438408,0.8499031353987522
25682,LOF,0.13213399526206904,0.07255765992349258,0.7953083448144385
25683,LOF,0.12046193262590754,0.0900786802179891,0.7894593871561034
25684,LOF,0.04073619542668999,0.06638720435860397,0.8928766002147059
25685,LOF,0.13588678848417668,0.04667291679712237,0.817440294718701
25686,LOF,0.07219504215548359,0.09168535832972714,0.8361195995147893
25687,LOF,0.11686122073741098,0.09080864140387962,0.7923301378587094
25688,LOF,0.2837763206442682,0.0398682651264082,0.6763554142293235
25689,LOF,0.22478375720298122,0.04526801249644446,0.7299482303005743
25690,LOF,0.34962845166422807,0.032944937820398146,0.6174266105153738
25691,Neutral,0.6963907954623334,0.025083449095091668,0.2785257554425749
25692,LOF,0.3038014585853633,0.011068246893281111,0.6851302945213557
25693,GOF,0.048061441992226485,0.47606792117485053,0.47587063683292286
25694,LOF,0.1265133523420209,0.017990188689163696,0.8554964589688154
25695,LOF,0.12422251849293593,0.01860276550256357,0.8571747160045005
25696,LOF,0.11788966381561923,0.010069826729521213,0.8720405094548596
25697,LOF,0.13248193228625907,0.02876142663479469,0.8387566410789462
25698,LOF,0.35088420855797864,0.22269997972613906,0.42641581171588233
25699,LOF,0.4431190934525768,0.04024576259633365,0.5166351439510897
25700,LOF,0.05709392663166514,0.00782411489744609,0.9350819584708888
25701,LOF,0.151960144038323,0.04564377659582614,0.8023960793658509
25702,GOF,0.16777952072320268,0.5596247893851375,0.27259568989165983
25703,LOF,0.018706607505791763,0.15090823368426728,0.830385158809941
25704,LOF,0.048760204952258676,0.10718244238285736,0.844057352664884
25705,LOF,0.055805382048140506,0.19024690350950108,0.7539477144423584
25706,LOF,0.09008698901810258,0.36685009762970205,0.5430629133521954
25707,LOF,0.09355548863588437,0.3105991718472038,0.5958453395169118
25708,LOF,0.026430374753621592,0.2733806158761796,0.7001890093701987
25709,LOF,0.05417353948476927,0.041315949300406815,0.9045105112148238
25710,LOF,0.011674701930466125,0.1348294911215611,0.8534958069479728
25711,LOF,0.017926049799366562,0.09472976828183609,0.8873441819187974
25712,LOF,0.013334681473566867,0.17553075981341992,0.8111345587130132
25713,LOF,0.017678728353199495,0.08425333713312702,0.8980679345136735
25714,LOF,0.061148686646894546,0.08325232099495324,0.8555989923581523
25715,LOF,0.010398802927168608,0.1376823129604077,0.8519188841124237
25716,LOF,0.01624303299646822,0.10975346835611971,0.8740034986474121
25717,LOF,0.013875340823708815,0.07176274986538476,0.9143619093109064
25718,LOF,0.012282345382991782,0.09766075612819657,0.8900568984888116
25719,LOF,0.01762633607799671,0.074667959199949,0.9077057047220543
25720,LOF,0.02116037721479308,0.06852326330540544,0.9103163594798015
25721,LOF,0.016198028302738053,0.1108108438098996,0.8729911278873623
25722,LOF,0.01292854930632841,0.1249740696063819,0.8620973810872897
25723,LOF,0.0204459973889728,0.04660371363402726,0.932950288977
25724,LOF,0.02278629568234191,0.08472901144399039,0.8924846928736677
25725,LOF,0.011210113697180588,0.06739100507397121,0.9213988812288483
25726,LOF,0.013708965466890795,0.09684752074318512,0.8894435137899241
25727,LOF,0.012089724057269827,0.07534450139722647,0.9125657745455037
25728,LOF,0.0094135327039301,0.11406361082825973,0.8765228564678103
25729,LOF,0.00948583101608751,0.11266834168728294,0.8778458272966294
25730,LOF,0.013088698261169898,0.08742326314249904,0.8994880385963311
25731,LOF,0.020404273606599573,0.10358791111100848,0.8760078152823919
25732,LOF,0.014426882591963591,0.08375978904605788,0.9018133283619785
25733,LOF,0.0155637152553158,0.06902067221421959,0.9154156125304647
25734,LOF,0.013374731396036343,0.12832268837224045,0.8583025802317231
25735,LOF,0.013791691917336436,0.08291671773816267,0.9032915903445009
25736,LOF,0.013930275861014366,0.11733531981289258,0.8687344043260931
25737,LOF,0.02110838871667302,0.08476276836333817,0.8941288429199888
25738,LOF,0.012956225727106358,0.10378951079188792,0.8832542634810058
25739,LOF,0.018535471547577384,0.0885777097956351,0.8928868186567874
25740,LOF,0.025451931838400586,0.10041407447441907,0.8741339936871803
25741,LOF,0.013539617657971468,0.10977302613187773,0.8766873562101509
25742,LOF,0.10050480133195121,0.08181195467636271,0.817683243991686
25743,LOF,0.0366908107419695,0.028206043164326268,0.9351031460937043
25744,Neutral,0.6127232514954811,0.18340807549342802,0.20386867301109088
25745,LOF,0.08626036046956288,0.06549593790846538,0.8482437016219717
25746,LOF,0.043943352811135344,0.07555851355839811,0.8804981336304665
25747,LOF,0.023571828918960164,0.03944128231682103,0.9369868887642189
25748,LOF,0.10443132958778326,0.05967861170652432,0.8358900587056924
25749,LOF,0.027455336845099952,0.07426597263622883,0.8982786905186713
25750,LOF,0.08464303890031348,0.08116002303895001,0.8341969380607365
25751,LOF,0.0947825077658097,0.05517290288046491,0.8500445893537254
25752,GOF,0.10753404249695,0.6640566484986712,0.22840930900437886
25753,LOF,0.01861541677814962,0.2731154274525519,0.7082691557692984
25754,GOF,0.011528495798282148,0.7698363505674034,0.21863515363431452
25755,LOF,0.023527391809212983,0.3737340211840169,0.6027385870067702
25756,LOF,0.04126746543684425,0.3704716232504887,0.5882609113126671
25757,GOF,0.013170628881137854,0.8412306965185695,0.14559867460029272
25758,GOF,0.026438495055260726,0.8159300877173952,0.1576314172273441
25759,GOF,0.011505140314018331,0.560892375441284,0.4276024842446976
25760,LOF,0.013465895768441836,0.23746926957392403,0.7490648346576341
25761,GOF,0.2786218502356589,0.6070703360414577,0.1143078137228835
25762,LOF,0.03539956658455377,0.26528631253009266,0.6993141208853536
25763,LOF,0.013079500975135584,0.19781345723980875,0.7891070417850556
25764,GOF,0.07057054736475052,0.630138777190221,0.29929067544502846
25765,GOF,0.04092462685647995,0.7639454407368386,0.19512993240668158
25766,GOF,0.06078526345205211,0.7608745377549735,0.1783401987929743
25767,GOF,0.16630420121194853,0.44747091585293475,0.3862248829351168
25768,LOF,0.09519902277750383,0.06035053882135884,0.8444504384011373
25769,LOF,0.06048950844137796,0.06760721994487195,0.87190327161375
25770,LOF,0.281368245878988,0.09327077722835339,0.6253609768926586
25771,LOF,0.03517952016318393,0.04754922139038168,0.9172712584464344
25772,LOF,0.01573054514078521,0.03531849950958629,0.9489509553496286
25773,LOF,0.044798452276500395,0.08458495482205526,0.8706165929014443
25774,LOF,0.02934464413924154,0.07518841167462827,0.8954669441861303
25775,LOF,0.04274132507717783,0.04360090230629442,0.9136577726165278
25776,LOF,0.06556404976067715,0.026381644008757033,0.9080543062305658
25777,LOF,0.34108336954876445,0.04797933674200834,0.6109372937092271
25778,LOF,0.06365161352907522,0.04993900397068202,0.8864093825002428
25779,GOF,0.36845313206765845,0.5916488132645125,0.03989805466782911
25780,GOF,0.3037476713192358,0.6254106476493442,0.07084168103141991
25781,GOF,0.1479190402250676,0.757930318294648,0.09415064148028453
25782,GOF,0.20861430087972452,0.7283387926035317,0.06304690651674358
25783,GOF,0.029103952738893234,0.6721417528866317,0.29875429437447515
25784,GOF,0.47819486938807326,0.4855732655703279,0.03623186504159893
25785,GOF,0.4340846694308975,0.5275705547773675,0.038344775791734995
25786,GOF,0.026700413261567895,0.7721733177136791,0.20112626902475303
25787,Neutral,0.6277048148808098,0.3485118215458918,0.023783363573298504
25788,LOF,0.04701077880969346,0.10519914240801093,0.8477900787822955
25789,GOF,0.19077975893025442,0.6801985553270018,0.12902168574274372
25790,GOF,0.22955863539590252,0.6690661940171381,0.10137517058695938
25791,GOF,0.16756829344408353,0.6689287409901068,0.16350296556580968
25792,GOF,0.33295175202933136,0.542184828616867,0.12486341935380162
25793,GOF,0.24364322826603851,0.5453374448394475,0.21101932689451403
25794,GOF,0.29004098457740435,0.5355267626207548,0.17443225280184085
25795,GOF,0.07736103123793553,0.6891899917260754,0.23344897703598907
25796,Neutral,0.5171238936064506,0.40390994163056204,0.07896616476298733
25797,GOF,0.08697052340831181,0.5643534333706226,0.34867604322106555
25798,GOF,0.009418287626213757,0.5361930377217828,0.4543886746520034
25799,LOF,0.007325314269318177,0.41609151833271213,0.5765831673979697
25800,GOF,0.033016955743423025,0.6257406222515915,0.3412424220049855
25801,GOF,0.1885340276002538,0.6963901682645205,0.11507580413522564
25802,GOF,0.07822248317637102,0.7065003339162153,0.2152771829074138
25803,GOF,0.03599741435299068,0.5810341350892065,0.38296845055780276
25804,GOF,0.0334427246088155,0.4912826161938141,0.47527465919737044
25805,GOF,0.10191606225605139,0.6096126698586521,0.2884712678852964
25806,GOF,0.09466943458663463,0.6030119398473558,0.3023186255660096
25807,GOF,0.022312249888231613,0.648163728656954,0.3295240214548144
25808,GOF,0.08772009729032552,0.6585530715962077,0.2537268311134668
25809,GOF,0.01800884240959461,0.6109858588161965,0.37100529877420885
25810,GOF,0.016971064671363646,0.629468327593724,0.35356060773491244
25811,GOF,0.4323019104098277,0.49349219170759945,0.07420589788257295
25812,GOF,0.02999746737257424,0.6402809674983956,0.32972156512903017
25813,Neutral,0.4931897409559152,0.41072558374462026,0.0960846752994644
25814,GOF,0.11408984023474819,0.6569083441011712,0.22900181566408054
25815,GOF,0.2030214730226195,0.6141801275303352,0.1827983994470452
25816,GOF,0.022164140421755067,0.7155011953547745,0.2623346642234703
25817,GOF,0.22094101697492866,0.6510446042400989,0.12801437878497232
25818,GOF,0.05300212634271628,0.6851038450348349,0.2618940286224488
25819,GOF,0.37038647837880706,0.49808780626469756,0.1315257153564953
25820,GOF,0.18804801283787329,0.6082091893808563,0.20374279778127047
25821,GOF,0.06072534645328622,0.6894534839494255,0.24982116959728817
25822,GOF,0.21101101080206527,0.5753194082657196,0.21366958093221505
25823,GOF,0.03335840900721568,0.5349582433045531,0.43168334768823124
25824,GOF,0.08606034445137971,0.6282816992378968,0.28565795631072355
25825,GOF,0.03728093770218879,0.6232083657969286,0.33951069650088267
25826,GOF,0.016211472723348087,0.5969136320299364,0.3868748952467155
25827,GOF,0.02480716688756643,0.615598577571129,0.35959425554130453
25828,GOF,0.013926768886723053,0.539074215111327,0.4469990160019499
25829,GOF,0.005516453440075546,0.5780994217609913,0.4163841247989331
25830,LOF,0.03281159208099172,0.29893719762004767,0.6682512102989606
25831,GOF,0.21837838200412646,0.6743643896804761,0.10725722831539745
25832,GOF,0.031220639764357027,0.7604762989358038,0.20830306129983925
25833,GOF,0.1125125083232354,0.7631163170654851,0.12437117461127949
25834,GOF,0.0324969951308331,0.781337069883519,0.18616593498564793
25835,GOF,0.06100648040984261,0.7833686362581452,0.1556248833320122
25836,GOF,0.03238911606770558,0.7269056387228,0.2407052452094944
25837,GOF,0.028664004329309913,0.635121081702904,0.33621491396778597
25838,GOF,0.09748021012125403,0.7832489838904392,0.11927080598830689
25839,GOF,0.2651153248615334,0.605319068342882,0.12956560679558468
25840,GOF,0.2481892878288322,0.6139354360446555,0.13787527612651224
25841,GOF,0.24144147325490342,0.6279942924881727,0.13056423425692376
25842,GOF,0.14461573038315345,0.7322273251961926,0.12315694442065399
25843,GOF,0.20311539585211041,0.7158942791905918,0.08099032495729777
25844,GOF,0.062355518905024485,0.73908767038382,0.19855681071115555
25845,GOF,0.016488990762697546,0.5169956710004756,0.4665153382368267
25846,GOF,0.12735197616224855,0.7533451561708591,0.11930286766689242
25847,GOF,0.10008575799492694,0.79920754596295,0.10070669604212308
25848,GOF,0.036012301982475285,0.7319378375325949,0.23204986048492993
25849,GOF,0.01129722040484686,0.6282961307253553,0.36040664886979784
25850,GOF,0.01862881126770621,0.6892151138810503,0.29215607485124345
25851,GOF,0.015267007371440227,0.5727416931009411,0.41199129952761854
25852,GOF,0.17017008558713084,0.5505792503697758,0.27925066404309323
25853,GOF,0.3349364022569029,0.5906949593832614,0.07436863835983558
25854,GOF,0.020487798894686878,0.6535122155930742,0.32599998551223897
25855,GOF,0.03781866127094146,0.5783006656450529,0.3838806730840055
25856,GOF,0.24858470453852194,0.5439940239352493,0.2074212715262287
25857,GOF,0.04032080485884253,0.5310946707084739,0.4285845244326835
25858,GOF,0.019798344744619303,0.5418309618051939,0.4383706934501868
25859,GOF,0.010866298421578892,0.5245129651843958,0.4646207363940253
25860,GOF,0.35069891186001273,0.5668790577901138,0.08242203034987344
25861,GOF,0.4062916440162015,0.5275962325299431,0.06611212345385545
25862,GOF,0.08138399167625592,0.7961324825826107,0.1224835257411334
25863,GOF,0.08058318448099389,0.7939071179862037,0.12550969753280244
25864,GOF,0.17526319517622613,0.750681979940962,0.07405482488281187
25865,GOF,0.08041124628077533,0.8126911210059437,0.10689763271328107
25866,GOF,0.058244926211044976,0.8068319593871758,0.13492311440177934
25867,GOF,0.08497464693378284,0.8250196431232109,0.09000570994300637
25868,GOF,0.2330233616660625,0.6698819369741614,0.09709470135977614
25869,Neutral,0.6992485923159399,0.25880172541625235,0.0419496822678078
25870,GOF,0.26043813827599244,0.4350739837870032,0.30448787793700444
25871,GOF,0.21331337962185878,0.6640576912431221,0.12262892913501906
25872,GOF,0.07574461222308765,0.6753785569561731,0.24887683082073916
25873,GOF,0.11274297372678224,0.7043036186399623,0.18295340763325552
25874,LOF,0.015061365828966437,0.11246874982131869,0.872469884349715
25875,LOF,0.09029659528703031,0.04550611591155894,0.8641972888014107
25876,LOF,0.035130720885808965,0.02791497194999691,0.936954307164194
25877,Neutral,0.5222265188107595,0.04105713284352547,0.436716348345715
25878,LOF,0.2300687206676745,0.0940625651078814,0.6758687142244441
25879,LOF,0.0957705927982678,0.0909467704086161,0.8132826367931162
25880,LOF,0.04501681011739423,0.013117976064590593,0.9418652138180151
25881,LOF,0.17035336161458697,0.1276749129118587,0.7019717254735542
25882,LOF,0.05860675588826771,0.018636674298010948,0.9227565698137212
25883,LOF,0.06695130901895929,0.01781101723636436,0.9152376737446763
25884,LOF,0.03298955086508579,0.028158646489673794,0.9388518026452404
25885,LOF,0.05676793243337021,0.011384207985532531,0.9318478595810972
25886,LOF,0.26655477486389245,0.03646171302369926,0.6969835121124083
25887,LOF,0.15638846119827665,0.07260370366124026,0.7710078351404831
25888,LOF,0.06453872101445202,0.06181381053785325,0.8736474684476947
25889,LOF,0.04031608734099631,0.01993073279594948,0.9397531798630542
25890,LOF,0.04949695529646706,0.15139667540312315,0.7991063693004098
25891,LOF,0.0409722414674573,0.051372510208382245,0.9076552483241606
25892,LOF,0.07835455399894298,0.02051434948561235,0.9011310965154447
25893,LOF,0.24869988364595103,0.017824778804662187,0.7334753375493868
25894,LOF,0.17971482176702205,0.010025627781462083,0.8102595504515159
25895,LOF,0.19641522898817276,0.020334961749177243,0.7832498092626501
25896,LOF,0.04818516812107955,0.019600378657095283,0.9322144532218252
25897,LOF,0.2554832650333691,0.012113900138217332,0.7324028348284135
25898,Neutral,0.7231904999925619,0.009533561596550924,0.26727593841088726
25899,LOF,0.21456520293919923,0.020446209662626853,0.7649885873981739
25900,LOF,0.44263727128702357,0.011215537748346197,0.5461471909646303
25901,LOF,0.04882032742227251,0.011608964857804943,0.9395707077199226
25902,LOF,0.13628286907051992,0.014593428675424855,0.8491237022540553
25903,Neutral,0.5794749461924613,0.028885113034801364,0.3916399407727373
25904,LOF,0.3011461573823609,0.03884283841295919,0.6600110042046798
25905,LOF,0.025816073583906425,0.32840268654452587,0.6457812398715678
25906,LOF,0.0315012077430345,0.07047583898120252,0.8980229532757629
25907,LOF,0.01581281732145021,0.3434261512120687,0.6407610314664811
25908,LOF,0.010241482933467888,0.25237370581715235,0.7373848112493797
25909,LOF,0.01325254374983029,0.13334195977108548,0.8534054964790841
25910,LOF,0.049698957828720684,0.15523938419515626,0.7950616579761232
25911,LOF,0.18030713964229153,0.029903942194764443,0.789788918162944
25912,LOF,0.0462492025743756,0.06347120907601471,0.8902795883496096
25913,LOF,0.3499683334119167,0.024447370440413212,0.6255842961476702
25914,LOF,0.020872147416864117,0.0556008241734317,0.9235270284097042
25915,Neutral,0.590165736842728,0.1478839059598973,0.26195035719737464
25916,LOF,0.08419867886342479,0.19691897642111295,0.7188823447154622
25917,LOF,0.06099503801016669,0.04105177897684084,0.8979531830129925
25918,LOF,0.021582971663105282,0.032804998845392425,0.9456120294915024
25919,LOF,0.019068902863829344,0.03331358958543528,0.9476175075507353
25920,GOF,0.11498117217828395,0.4998171944894543,0.3852016333322618
25921,LOF,0.02430094848142339,0.04061265084694765,0.9350864006716291
25922,LOF,0.032626885258307356,0.030023539295979833,0.9373495754457127
25923,Neutral,0.49830234133193624,0.037531930435710126,0.4641657282323536
25924,LOF,0.03563037433049695,0.04902578091073935,0.9153438447587637
25925,LOF,0.07004509965784893,0.041156339230713206,0.8887985611114378
25926,LOF,0.05137757703047156,0.037384232826197655,0.9112381901433307
25927,LOF,0.055868959494493595,0.1474756229882032,0.7966554175173031
25928,LOF,0.017404705366926877,0.057506262340227585,0.9250890322928454
25929,Neutral,0.6110031891668856,0.04025398942914451,0.3487428214039699
25930,LOF,0.07438766932514054,0.03325877971255344,0.892353550962306
25931,LOF,0.023673101725712967,0.03485586180226002,0.941471036472027
25932,LOF,0.029111063432233977,0.027734335189232566,0.9431546013785335
25933,LOF,0.03805530244232935,0.020080510920520593,0.94186418663715
25934,LOF,0.024477038247766387,0.0219979861737197,0.9535249755785139
25935,LOF,0.06277407954488312,0.05539191030891296,0.8818340101462039
25936,LOF,0.046238690062051106,0.024028013082646987,0.9297332968553019
25937,LOF,0.027702510593538947,0.0384420453591239,0.9338554440473371
25938,LOF,0.06517733561095032,0.05519410104113753,0.8796285633479122
25939,LOF,0.04172891040571209,0.02238493990853389,0.935886149685754
25940,LOF,0.033705892354512705,0.33298860986780465,0.6333054977776827
25941,LOF,0.1829354957888941,0.09753474743418637,0.7195297567769195
25942,LOF,0.013076557406080462,0.036098581700587544,0.9508248608933321
25943,LOF,0.3158573553340243,0.04996575468291026,0.6341768899830655
25944,LOF,0.4814424054876268,0.022417012557631736,0.4961405819547415
25945,LOF,0.08088869400138654,0.021649507385522907,0.8974617986130906
25946,LOF,0.030986374443536056,0.1241216581235499,0.8448919674329141
25947,LOF,0.10742723897247815,0.16501361800467315,0.7275591430228486
25948,LOF,0.37459612438813467,0.007494502198320028,0.6179093734135452
25949,LOF,0.108537655987864,0.03266047854490152,0.8588018654672345
25950,GOF,0.3255049835337837,0.35273825786693763,0.3217567585992786
25951,LOF,0.19921731650552685,0.2572577910493884,0.5435248924450848
25952,LOF,0.042098848553872935,0.41226317451334754,0.5456379769327795
25953,LOF,0.14587244465399415,0.11402890304753813,0.7400986522984677
25954,Neutral,0.42137239621456485,0.17552616292857834,0.4031014408568567
25955,LOF,0.048226932712215106,0.07355284834569642,0.8782202189420885
25956,LOF,0.17439693114041105,0.09798971786068215,0.7276133509989068
25957,LOF,0.03508043818850339,0.02938922363992656,0.93553033817157
25958,LOF,0.05380734004487787,0.02546949457630973,0.9207231653788124
25959,LOF,0.07160842360333901,0.34217781437109446,0.5862137620255665
25960,LOF,0.01568795573994209,0.04602843128816664,0.9382836129718913
25961,LOF,0.04049876001362512,0.0252150890773241,0.9342861509090509
25962,LOF,0.04437568643675837,0.02150622756096446,0.9341180860022772
25963,LOF,0.045558318370725194,0.17832030078956337,0.7761213808397115
25964,LOF,0.031718769116833107,0.14480346074364098,0.8234777701395258
25965,LOF,0.4142593429579469,0.06456202934607883,0.5211786276959743
25966,Neutral,0.4747518732115008,0.20337979371829562,0.3218683330702036
25967,LOF,0.015924698300272915,0.11031886661684996,0.8737564350828771
25968,LOF,0.036281910757838653,0.38330658373207843,0.5804115055100828
25969,LOF,0.03372336654160073,0.05670934045061495,0.9095672930077843
25970,LOF,0.06327858765604566,0.06493909338701129,0.871782318956943
25971,LOF,0.06596997403823854,0.021688696592087567,0.9123413293696738
25972,LOF,0.06791649144567194,0.03378812565730802,0.8982953828970199
25973,LOF,0.0764646589907011,0.009805609442554635,0.9137297315667442
25974,LOF,0.18846335737177183,0.016369516267133826,0.7951671263610944
25975,LOF,0.047672769386369135,0.030120084949063514,0.9222071456645673
25976,LOF,0.04456774541599634,0.016267676325049076,0.9391645782589545
25977,LOF,0.15397837613043877,0.08164849426184309,0.7643731296077181
25978,LOF,0.1595722098556222,0.07695136158014405,0.7634764285642337
25979,LOF,0.14226731920440766,0.08084831361245351,0.7768843671831389
25980,LOF,0.23320641747515325,0.10415920442948903,0.6626343780953577
25981,LOF,0.2689323521314256,0.10260867952760833,0.6284589683409662
25982,LOF,0.42630194713070785,0.06868230977022406,0.505015743099068
25983,LOF,0.4069511790281103,0.07761304430802202,0.5154357766638676
25984,LOF,0.04966189407240806,0.04450568055827167,0.9058324253693202
25985,LOF,0.037698806285298155,0.27152772459339725,0.6907734691213046
25986,LOF,0.04611378688434863,0.33853801049084153,0.6153482026248098
25987,LOF,0.08448416229169048,0.0696649895935597,0.8458508481147499
25988,LOF,0.16084950197842338,0.058169444667642504,0.7809810533539341
25989,LOF,0.0368344913250176,0.11481692974333961,0.8483485789316428
25990,LOF,0.04126468844750995,0.1597658352721811,0.7989694762803089
25991,LOF,0.11567170099892413,0.25128721515649916,0.6330410838445768
25992,LOF,0.2874399440185265,0.1491226062512137,0.5634374497302598
25993,LOF,0.022055435420756785,0.06875982790249834,0.9091847366767449
25994,LOF,0.016565985924980643,0.08857377482895762,0.8948602392460617
25995,LOF,0.022921882759053734,0.19653012895672414,0.7805479882842221
25996,GOF,0.30463688687061957,0.40652939430456503,0.28883371882481546
25997,LOF,0.08955607350698287,0.37134839671565967,0.5390955297773575
25998,Neutral,0.5253840595509671,0.026077137874069525,0.44853880257496337
25999,LOF,0.09468695771721398,0.10223707917961734,0.8030759631031688
26000,LOF,0.15352039062337117,0.049077565315818986,0.7974020440608098
26001,LOF,0.21247439729031734,0.047625715143466224,0.7398998875662165
26002,LOF,0.11044831502194695,0.044999433077986324,0.8445522519000667
26003,GOF,0.010636757543912108,0.6013639394231401,0.3879993030329478
26004,GOF,0.02388331393062335,0.7065519101397608,0.2695647759296158
26005,LOF,0.006337272930235168,0.4608354262848708,0.532827300784894
26006,Neutral,0.5032135386662383,0.25957340892967995,0.23721305240408175
26007,GOF,0.021834627621390084,0.5388987145797721,0.4392666577988378
26008,GOF,0.016248574406124584,0.6140339018964237,0.36971752369745176
26009,GOF,0.01906518949227004,0.6891423377481447,0.2917924727595852
26010,GOF,0.023314559205597638,0.6462866955973631,0.3303987451970392
26011,LOF,0.0069302161525521344,0.44080726163606676,0.5522625222113812
26012,GOF,0.012403187431418813,0.5704708945940373,0.41712591797454385
26013,GOF,0.019126679107137844,0.6042630734009512,0.376610247491911
26014,LOF,0.040049549795764056,0.12613298331375464,0.8338174668904813
26015,LOF,0.16660641925067007,0.013578068612865639,0.8198155121364642
26016,LOF,0.19564256844329952,0.056945950749952005,0.7474114808067485
26017,LOF,0.21018056750309935,0.0900629109579595,0.6997565215389411
26018,LOF,0.0756633282513861,0.04133279808580089,0.8830038736628131
26019,LOF,0.07258987512806617,0.03262294309410241,0.8947871817778315
26020,LOF,0.06337941730952712,0.09618947106201366,0.8404311116284593
26021,LOF,0.04416063231490735,0.10653589637874075,0.8493034713063519
26022,LOF,0.010626739779210479,0.0397307037362055,0.9496425564845841
26023,LOF,0.0635421766279964,0.02638023835099918,0.9100775850210044
26024,LOF,0.028633022139046182,0.10678602532597908,0.8645809525349748
26025,LOF,0.14627437757331113,0.09642581805597994,0.7572998043707089
26026,LOF,0.33626442246346794,0.02855940948466376,0.6351761680518683
26027,LOF,0.05886275567732756,0.019733066979642205,0.9214041773430303
26028,LOF,0.1574661003301965,0.06090763272059933,0.7816262669492041
26029,LOF,0.06477054400420629,0.15922579747430748,0.7760036585214862
26030,LOF,0.020280717205776053,0.03416317067863618,0.9455561121155877
26031,LOF,0.024313660023061255,0.11429113418230487,0.8613952057946338
26032,LOF,0.06370902194749821,0.05489389199830659,0.8813970860541953
26033,LOF,0.0787180960288449,0.052712291145138646,0.8685696128260165
26034,LOF,0.042940247276462,0.13907484914967666,0.8179849035738613
26035,LOF,0.02378358812836954,0.12712938534766308,0.8490870265239674
26036,LOF,0.03730098828316829,0.1466655952037165,0.8160334165131152
26037,LOF,0.020374761269914585,0.10337807845842306,0.8762471602716624
26038,LOF,0.0599279741199021,0.05618018359880985,0.8838918422812881
26039,LOF,0.04752271335144257,0.1344341187297621,0.8180431679187953
26040,LOF,0.1995450992402956,0.10142331695848159,0.6990315838012228
26041,LOF,0.021524993185426083,0.09621160950907075,0.8822633973055033
26042,LOF,0.019508753154485425,0.09130708152699253,0.889184165318522
26043,LOF,0.06164693782331038,0.06560427300598416,0.8727487891707054
26044,LOF,0.01776389618836129,0.04657824423409693,0.9356578595775418
26045,LOF,0.07433908888252871,0.09027916886092949,0.8353817422565418
26046,LOF,0.05632736573667219,0.05372829388840685,0.8899443403749209
26047,LOF,0.07746195027989575,0.05550466045664078,0.8670333892634635
26048,LOF,0.04377970472145052,0.03129228279573377,0.9249280124828156
26049,Neutral,0.9684531542710512,0.005539334467683934,0.026007511261265045
26050,Neutral,0.9541357633195924,0.007076290722115082,0.03878794595829245
26051,LOF,0.04254172670640398,0.3158472615024487,0.6416110117911472
26052,LOF,0.059300463712853975,0.34973216861648754,0.5909673676706585
26053,LOF,0.04989418803174988,0.13596698956102643,0.8141388224072238
26054,LOF,0.051603048718243304,0.01805238346905005,0.9303445678127066
26055,LOF,0.06913061635678745,0.015740176606596823,0.9151292070366157
26056,LOF,0.06005565419317389,0.01741926233748471,0.9225250834693415
26057,LOF,0.02745485950957055,0.011976322115110145,0.9605688183753193
26058,LOF,0.028027259427221157,0.009891166045476506,0.9620815745273024
26059,LOF,0.27279245171511063,0.020934383042883465,0.7062731652420058
26060,LOF,0.04230436143427633,0.17133492914814177,0.786360709417582
26061,LOF,0.017235107414597127,0.010725030248200904,0.9720398623372019
26062,LOF,0.010219672978973006,0.017109587147896285,0.9726707398731307
26063,LOF,0.01982512588761122,0.011262630836864313,0.9689122432755246
26064,LOF,0.019719829055648556,0.021796089748845556,0.9584840811955058
26065,LOF,0.024123263395571914,0.011682810954572003,0.9641939256498561
26066,LOF,0.01961391506161833,0.010991835528962303,0.9693942494094193
26067,LOF,0.024425995984512075,0.008973863173317408,0.9666001408421706
26068,LOF,0.0449848924157219,0.02792716928912102,0.9270879382951571
26069,LOF,0.24637279870131276,0.018555589018394516,0.7350716122802928
26070,LOF,0.39435105048673175,0.016015707154676512,0.5896332423585917
26071,LOF,0.019740324534739895,0.011502453507774592,0.9687572219574855
26072,LOF,0.019043132237688495,0.018410563842088064,0.9625463039202234
26073,LOF,0.01932069328328393,0.011422610373461959,0.9692566963432541
26074,Neutral,0.9173226025721294,0.005735222575221755,0.07694217485264902
26075,LOF,0.04602703465929275,0.013174455109302707,0.9407985102314046
26076,LOF,0.03677786858524012,0.009774610443857952,0.9534475209709019
26077,LOF,0.009222519215180698,0.015026387747076242,0.975751093037743
26078,LOF,0.014259731417537586,0.010036740244306293,0.9757035283381561
26079,LOF,0.06289826604853228,0.015449452657281584,0.9216522812941861
26080,LOF,0.061876488760718176,0.015463648333297783,0.922659862905984
26081,LOF,0.033426704435278294,0.006849252092887145,0.9597240434718345
26082,LOF,0.013115616907059861,0.0159156297030653,0.9709687533898748
26083,LOF,0.17527765706701262,0.014575496514411552,0.8101468464185759
26084,LOF,0.04277551648621941,0.010828145252059213,0.9463963382617214
26085,LOF,0.03818321020832323,0.010322739699460041,0.9514940500922168
26086,LOF,0.020295486144265518,0.010457584647309316,0.9692469292084251
26087,LOF,0.022241916678603035,0.007658180997401704,0.9700999023239951
26088,LOF,0.016061428123786317,0.02085789644677764,0.963080675429436
26089,LOF,0.04234181477231589,0.02094828493859532,0.9367099002890888
26090,LOF,0.042089779193656904,0.017233189485478743,0.9406770313208642
26091,LOF,0.03075073283431942,0.006165301594409528,0.963083965571271
26092,LOF,0.021805120021350176,0.007979298782590329,0.9702155811960594
26093,LOF,0.03298509745657925,0.006025890881691455,0.9609890116617293
26094,LOF,0.034092750948757494,0.005243051703593639,0.960664197347649
26095,LOF,0.04079525922686932,0.014322743733915209,0.9448819970392155
26096,LOF,0.015832376126481237,0.011835218946241422,0.9723324049272773
26097,LOF,0.011919869643228893,0.033259547623984864,0.9548205827327864
26098,LOF,0.07699431538614745,0.011193513527203103,0.9118121710866494
26099,LOF,0.020144568730685198,0.011963227820014417,0.9678922034493004
26100,LOF,0.022182372416074087,0.011762684701146739,0.9660549428827793
26101,LOF,0.04395293993458236,0.01506987690631483,0.9409771831591027
26102,LOF,0.019293456194293894,0.01231091271043543,0.9683956310952707
26103,Neutral,0.880074266648011,0.018683986826012303,0.10124174652597663
26104,LOF,0.08369332665804466,0.023144692456280355,0.893161980885675
26105,LOF,0.19078500889617947,0.2622060788434442,0.5470089122603763
26106,LOF,0.16292187928250462,0.13148977140016702,0.7055883493173283
26107,LOF,0.2303426688483719,0.08320946309769334,0.6864478680539349
26108,LOF,0.24275793445156782,0.09051286119532624,0.6667292043531059
26109,LOF,0.08951666689705241,0.05315928992172894,0.8573240431812187
26110,LOF,0.21667596117011784,0.007702988886035628,0.7756210499438466
26111,Neutral,0.49994975032339656,0.032470095715009896,0.4675801539615936
26112,LOF,0.03139533578868929,0.008275573920133809,0.960329090291177
26113,LOF,0.06772098392854461,0.01933994940459479,0.9129390666668606
26114,LOF,0.02487324306590255,0.034003822833169176,0.9411229341009283
26115,LOF,0.08700070824539496,0.06580224935596966,0.8471970423986354
26116,LOF,0.062115421777412944,0.07304303171531437,0.8648415465072726
26117,LOF,0.45506662138062776,0.041697491779013024,0.5032358868403592
26118,LOF,0.03424535543879412,0.022354303862319996,0.9434003406988858
26119,LOF,0.025621540853287092,0.029186708269958304,0.9451917508767547
26120,LOF,0.025958357756226683,0.017359865791611737,0.9566817764521617
26121,LOF,0.040329890295586354,0.0759549229171985,0.8837151867872151
