feature0,prediction,LoGoFunc_Neutral,LoGoFunc_GOF,LoGoFunc_LOF
25546,Neutral,0.6477194851677284,0.06669594853933093,0.28558456629294066
25547,Neutral,0.470177053834259,0.10636796752449712,0.4234549786412437
25548,Neutral,0.49885088372237757,0.08596163766441885,0.4151874786132035
25549,LOF,0.41918787057102136,0.0907803850373852,0.4900317443915934
25550,LOF,0.3595204381413958,0.13630445622303733,0.5041751056355669
25551,LOF,0.3146702766543919,0.14775991781632977,0.5375698055292784
25552,LOF,0.2602668041453683,0.13449726244827048,0.6052359334063613
25553,Neutral,0.8182753799909136,0.049659214961739494,0.13206540504734698
25554,LOF,0.3037674514087982,0.12529928826784453,0.5709332603233572
25555,LOF,0.24648447452705072,0.11879947248827812,0.6347160529846713
25556,Neutral,0.46876687420567015,0.10470340592106854,0.42652971987326144
25557,LOF,0.2424740299597793,0.1253902968266003,0.6321356732136204
25558,LOF,0.31661480900363353,0.1262592905458929,0.5571259004504735
25559,LOF,0.21111725249137922,0.1289933384365072,0.6598894090721136
25560,LOF,0.1549506840571719,0.09314294752104595,0.7519063684217822
25561,LOF,0.1644944574875102,0.09354931076230176,0.7419562317501881
25562,LOF,0.06907854359672334,0.07090474010992831,0.8600167162933483
25563,LOF,0.02035310368365509,0.11777498286800114,0.8618719134483439
25564,LOF,0.21061895672536168,0.10737720039735892,0.6820038428772793
25565,LOF,0.20367536345257262,0.1321552483640848,0.6641693881833427
25566,GOF,0.09142537252226224,0.7081124219832001,0.2004622054945376
25567,LOF,0.03891620574105719,0.11677185963226933,0.8443119346266734
25568,LOF,0.059906567662531496,0.0647073657881964,0.8753860665492721
25569,LOF,0.05610523267687153,0.066646228533041,0.8772485387900875
25570,LOF,0.026871301583836035,0.09375838317761341,0.8793703152385506
25571,LOF,0.02640885488455821,0.09747975351965796,0.8761113915957839
25572,LOF,0.06188136791311219,0.10879167409551312,0.8293269579913747
25573,LOF,0.05479733065949621,0.08051960697433326,0.8646830623661705
25574,LOF,0.05223780448335561,0.18054687678360123,0.7672153187330432
25575,LOF,0.023077394618057048,0.10994517600485353,0.8669774293770894
25576,LOF,0.03351801756164303,0.13940045509341428,0.8270815273449427
25577,LOF,0.030018405959480094,0.10295400676392857,0.8670275872765913
25578,LOF,0.2921413778828867,0.07708941437625204,0.6307692077408613
25579,LOF,0.12659153546200488,0.08284878867526928,0.7905596758627258
25580,LOF,0.019534394747166114,0.07328550111232533,0.9071801041405085
25581,LOF,0.055814473786431756,0.06204660340032275,0.8821389228132454
25582,LOF,0.05587789888684908,0.06100036602890373,0.8831217350842472
25583,LOF,0.019574106840026317,0.07635400240662227,0.9040718907533514
25584,Neutral,0.6624616184754162,0.10393520780720242,0.23360317371738135
25585,LOF,0.02966323571473336,0.11215642739055891,0.8581803368947077
25586,LOF,0.017643635431289977,0.06228160605272213,0.9200747585159879
25587,LOF,0.016950606792794594,0.05735704279209405,0.9256923504151112
25588,LOF,0.020221260835777934,0.0669039690143646,0.9128747701498575
25589,Neutral,0.5207272568610537,0.18314706320500002,0.29612567993394634
25590,LOF,0.05087219109456273,0.0998434472941899,0.8492843616112473
25591,LOF,0.09717090273606634,0.05220700861349865,0.850622088650435
25592,LOF,0.05843751659272687,0.11933136601222268,0.8222311173950504
25593,LOF,0.13126690518550208,0.23109198290475272,0.6376411119097452
25594,LOF,0.04426778331081083,0.11111168837733448,0.8446205283118547
25595,LOF,0.043590443930197495,0.08097518273508152,0.8754343733347211
25596,LOF,0.10507342363741243,0.04629133746014612,0.8486352389024414
25597,LOF,0.08010937596609952,0.049824896844485295,0.8700657271894151
25598,LOF,0.04642162416365302,0.08194296652720877,0.8716354093091383
25599,GOF,0.021295126237456944,0.5296551467801541,0.44904972698238904
25600,GOF,0.1611808479879581,0.5371590865764619,0.30166006543558
25601,LOF,0.040717472247469085,0.42423420208340845,0.5350483256691225
25602,LOF,0.02964083273357956,0.07314034155032262,0.8972188257160978
25603,LOF,0.02836305556123617,0.04241420215074489,0.929222742288019
25604,LOF,0.03343685905148913,0.0779032462505157,0.8886598946979952
25605,LOF,0.03845567101111387,0.22421277452511543,0.7373315544637707
25606,LOF,0.4014207108371629,0.1198017525587425,0.47877753660409456
25607,LOF,0.02252443129768289,0.21423062352914907,0.7632449451731681
25608,LOF,0.033221671780266006,0.06689784558977879,0.8998804826299552
25609,GOF,0.1696210857902959,0.526583564464455,0.30379534974524913
25610,LOF,0.013593905745230355,0.026274146880042842,0.9601319473747267
25611,LOF,0.012977404059920355,0.03283399645090516,0.9541885994891746
25612,LOF,0.04367571067077924,0.04254276339554679,0.913781525933674
25613,LOF,0.042398274813402054,0.040845343040546114,0.9167563821460518
25614,LOF,0.01819838783084326,0.024502080004437914,0.9572995321647187
25615,LOF,0.040259098360368714,0.03755611929717643,0.9221847823424549
25616,LOF,0.04125452568839013,0.02803171093474341,0.9307137633768664
25617,LOF,0.03655210114824401,0.0366522775872155,0.9267956212645404
25618,LOF,0.04717739958787978,0.035550231920121605,0.9172723684919987
25619,LOF,0.013574602481618516,0.03235414287014691,0.9540712546482345
25620,LOF,0.05703341891834178,0.04078356476610158,0.9021830163155566
25621,LOF,0.047183699942655345,0.03163463241953379,0.9211816676378108
25622,LOF,0.05790630872495417,0.03186909995301384,0.9102245913220319
25623,LOF,0.0684941375532549,0.025462314136851093,0.906043548309894
25624,LOF,0.01594616950912518,0.03388261019716313,0.9501712202937117
25625,LOF,0.06083799529801856,0.039223766635287115,0.8999382380666944
25626,LOF,0.042240010281581586,0.037307291175877486,0.920452698542541
25627,Neutral,0.8872160432404477,0.020357729987799868,0.09242622677175256
25628,LOF,0.1294236331158299,0.058476628982325085,0.812099737901845
25629,LOF,0.06191278788413197,0.03905941177218285,0.8990278003436851
25630,LOF,0.2745379769344301,0.07651862840816748,0.6489433946574024
25631,Neutral,0.5583776940755342,0.058449155538576734,0.3831731503858891
25632,LOF,0.024329432670951986,0.05832225733738438,0.9173483099916636
25633,LOF,0.18989291989449636,0.03291277575805117,0.7771943043474525
25634,LOF,0.033777727893092,0.07540728781632118,0.8908149842905867
25635,LOF,0.0347949221206718,0.03832876408041076,0.9268763137989174
25636,LOF,0.03555613522258329,0.4762600501390961,0.4881838146383205
25637,GOF,0.06254471382827216,0.5134858881845524,0.4239693979871754
25638,LOF,0.033708567352215724,0.3306419033757506,0.6356495292720337
25639,LOF,0.029194981771979416,0.3646395640128184,0.6061654542152022
25640,Neutral,0.8121627498472382,0.1459486381161859,0.041888612036575894
25641,LOF,0.06558930473556703,0.4154513083154452,0.5189593869489878
25642,LOF,0.04323297481997835,0.15032825677329065,0.8064387684067309
25643,LOF,0.24087606026221808,0.16721990100813966,0.5919040387296423
25644,LOF,0.02390363432600353,0.4854835344792217,0.49061283119477467
25645,LOF,0.02032047463370807,0.4289962408315168,0.5506832845347751
25646,LOF,0.05523832933799491,0.3432650102224747,0.6014966604395303
25647,LOF,0.02414663139107404,0.2812938579392953,0.6945595106696306
25648,LOF,0.03161285845388168,0.2509972019890297,0.7173899395570886
25649,LOF,0.015163160226387322,0.25562489501076935,0.7292119447628433
25650,LOF,0.05400849329448732,0.42902485758599146,0.5169666491195213
25651,LOF,0.01629631159748555,0.2886989698052869,0.6950047185972275
25652,LOF,0.02890644308682379,0.2906731188235116,0.6804204380896646
25653,LOF,0.08189822585705965,0.42903615043475296,0.4890656237081874
25654,LOF,0.02424719801643039,0.2117438990385412,0.7640089029450284
25655,GOF,0.23538626192256978,0.4048723541796144,0.35974138389781585
25656,LOF,0.2858238288507372,0.04693261071978766,0.6672435604294751
25657,LOF,0.08033600746919024,0.051668916230125754,0.867995076300684
25658,LOF,0.38807204404911855,0.04826519546302784,0.5636627604878536
25659,Neutral,0.5283186748475343,0.0716763487789528,0.40000497637351295
25660,LOF,0.025732386107622397,0.09567445962023582,0.8785931542721418
25661,LOF,0.09056530415365875,0.062462583167885735,0.8469721126784555
25662,LOF,0.032422100931640795,0.03385599027147561,0.9337219087968835
25663,LOF,0.03892286391260802,0.044630696148274196,0.9164464399391177
25664,LOF,0.14813975341824867,0.05602150805250144,0.79583873852925
25665,LOF,0.05166065765870478,0.03152814063010939,0.9168112017111859
25666,LOF,0.08883033185000823,0.07145520143916725,0.8397144667108245
25667,LOF,0.06296672010905986,0.038648615865342274,0.8983846640255978
25668,LOF,0.03447271096143153,0.05105275370539486,0.9144745353331737
25669,LOF,0.032041846361084175,0.0569370354722081,0.9110211181667077
25670,LOF,0.14051755876370928,0.05106360271526361,0.8084188385210271
25671,LOF,0.09600635588248081,0.032839011414372385,0.8711546327031469
25672,LOF,0.04946956546212465,0.04355103324182807,0.9069794012960473
25673,LOF,0.08810324696465378,0.039556436286657976,0.8723403167486883
25674,LOF,0.07141250737106139,0.05087648298455588,0.8777110096443828
25675,LOF,0.11438224290587445,0.05291783926466116,0.8326999178294644
25676,LOF,0.017238472837013515,0.052308134376451064,0.9304533927865354
25677,LOF,0.025512837637798828,0.07548957016970298,0.8989975921924982
25678,LOF,0.19013189037145017,0.06113834375654059,0.7487297658720092
25679,LOF,0.1222698925893205,0.09012460694201012,0.7876055004686695
25680,LOF,0.028922639458466966,0.12172676717157853,0.8493505933699544
25681,LOF,0.044509887220243585,0.11199689691182185,0.8434932158679346
25682,LOF,0.14190116141494805,0.06768302874657509,0.7904158098384768
25683,LOF,0.126983693763634,0.09337553287385815,0.7796407733625078
25684,LOF,0.04271832991020426,0.07083310824395235,0.8864485618458434
25685,LOF,0.13416835923813647,0.04710934924463361,0.8187222915172299
25686,LOF,0.06908248272893935,0.09419867659085028,0.8367188406802104
25687,LOF,0.10760062100059084,0.09589385028057153,0.7965055287188375
25688,LOF,0.3104808781502939,0.03430948865102281,0.6552096331986833
25689,LOF,0.23141560774273837,0.03887326086110831,0.7297111313961533
25690,LOF,0.3620941237712924,0.02809058534348181,0.6098152908852257
25691,Neutral,0.706170042774239,0.025267605226529544,0.26856235199923156
25692,LOF,0.31295268950545463,0.010990431523010713,0.6760568789715347
25693,LOF,0.04982913560970468,0.4681687024418249,0.48200216194847034
25694,LOF,0.1181624021383666,0.019546539599505194,0.8622910582621282
25695,LOF,0.1189596220901541,0.019137352581486404,0.8619030253283595
25696,LOF,0.1231496719501829,0.009246095973022493,0.8676042320767946
25697,LOF,0.12797463305304968,0.030321165560385898,0.8417042013865644
25698,LOF,0.3454142578272979,0.220554062304865,0.43403167986783714
25699,LOF,0.43157600896154025,0.03865870764881192,0.5297652833896479
25700,LOF,0.05337042195890042,0.00743004562085778,0.9391995324202418
25701,LOF,0.1431178239818348,0.047038681895031416,0.8098434941231338
25702,GOF,0.15311363062752295,0.5829286005986367,0.26395776877384025
25703,LOF,0.01561954109769892,0.19387289006366584,0.7905075688386352
25704,LOF,0.04528076729804002,0.1353028438677154,0.8194163888342446
25705,LOF,0.05601209130580136,0.20077349398898986,0.7432144147052088
25706,LOF,0.09464438273292194,0.3956657032052942,0.5096899140617839
25707,LOF,0.08826705683944995,0.30772256473518117,0.604010378425369
25708,LOF,0.031404438396592634,0.2635884595931459,0.7050071020102614
25709,LOF,0.058886634583750645,0.03970371151383536,0.9014096539024141
25710,LOF,0.011937959931736295,0.12302878790637892,0.8650332521618848
25711,LOF,0.01863330524228853,0.09713626137586417,0.8842304333818473
25712,LOF,0.013643606474759614,0.18073653148731533,0.8056198620379251
25713,LOF,0.018509174213875837,0.0811925573451226,0.9002982684410017
25714,LOF,0.07163949451775355,0.07855819834883987,0.8498023071334067
25715,LOF,0.010606306263998411,0.13947508014529242,0.8499186135907091
25716,LOF,0.014790494578144395,0.1211009165021921,0.8641085889196636
25717,LOF,0.013145154973659505,0.07150401702187707,0.9153508280044634
25718,LOF,0.012684900318372558,0.09581800679122207,0.8914970928904054
25719,LOF,0.019198545441843122,0.07611898260817694,0.90468247194998
25720,LOF,0.022942564686145566,0.06588511266526186,0.9111723226485926
25721,LOF,0.01603372074869186,0.10310994185818641,0.8808563373931217
25722,LOF,0.01337300537404596,0.11885310088637759,0.8677738937395765
25723,LOF,0.022290504664500985,0.04418702546104123,0.9335224698744579
25724,LOF,0.023355690912091845,0.07919923226955085,0.8974450768183572
25725,LOF,0.011988512573201788,0.06401558200268083,0.9239959054241175
25726,LOF,0.01446603605523526,0.08926536796525855,0.8962685959795061
25727,LOF,0.013391032899649529,0.0738639436273532,0.9127450234729972
25728,LOF,0.010106264439899877,0.10700361333515128,0.8828901222249489
25729,LOF,0.010287854257587447,0.10459029890906152,0.885121846833351
25730,LOF,0.013284847753996772,0.08260813632108918,0.9041070159249142
25731,LOF,0.021743504227980888,0.10597577372685045,0.8722807220451686
25732,LOF,0.014813988190486798,0.08136177151787741,0.9038242402916359
25733,LOF,0.015881401699125004,0.0666204653477346,0.9174981329531403
25734,LOF,0.0131956244885573,0.11141569759396461,0.8753886779174782
25735,LOF,0.01463102225090504,0.08002642160498762,0.9053425561441074
25736,LOF,0.01424048330767377,0.10597879493346826,0.8797807217588579
25737,LOF,0.023145671995050996,0.08200863999510705,0.8948456880098419
25738,LOF,0.013856260172525685,0.10845057284503737,0.8776931669824369
25739,LOF,0.020201349367239673,0.08481895252106501,0.8949796981116953
25740,LOF,0.026905619298337454,0.09871675151395426,0.8743776291877082
25741,LOF,0.015134572810825015,0.10635566878573688,0.8785097584034381
25742,LOF,0.12099830152871023,0.07510978999478642,0.8038919084765034
25743,LOF,0.032011912822342156,0.030118981160972738,0.937869106016685
25744,Neutral,0.6015572190502407,0.19182591734987547,0.2066168635998837
25745,LOF,0.09022547245104258,0.07372894634297794,0.8360455812059795
25746,LOF,0.040681341273658744,0.08633660599428758,0.8729820527320536
25747,LOF,0.022483796995657036,0.042090078963266594,0.9354261240410764
25748,LOF,0.10038058227571692,0.06841269655199644,0.8312067211722866
25749,LOF,0.026327040656853172,0.08285754728463743,0.8908154120585093
25750,LOF,0.08902038353558364,0.08182205762963153,0.8291575588347847
25751,LOF,0.09267788130361815,0.06519167968776551,0.8421304390086164
25752,GOF,0.10692368972962271,0.6540481125642067,0.23902819770617065
25753,LOF,0.019567415987677177,0.2786035897783599,0.7018289942339628
25754,GOF,0.009989922499511994,0.7789192758533233,0.21109080164716465
25755,LOF,0.023191619559407167,0.37735651420662203,0.5994518662339707
25756,LOF,0.0415159158222005,0.3789744862477251,0.5795095979300744
25757,GOF,0.014433923245253975,0.8398470753551335,0.14571900139961247
25758,GOF,0.028773051161425176,0.8397621929169669,0.1314647559216079
25759,GOF,0.011595473651161073,0.5440891464011993,0.4443153799476396
25760,LOF,0.011219753997059814,0.24354922315658284,0.7452310228463573
25761,GOF,0.2726360351585055,0.6452203911183035,0.0821435737231909
25762,LOF,0.03424296041688148,0.2788533432147583,0.6869036963683602
25763,LOF,0.012005465137337582,0.20598316415444967,0.7820113707082128
25764,GOF,0.06217057986853385,0.654662176500492,0.2831672436309742
25765,GOF,0.03960006611401507,0.7723628983508466,0.18803703553513826
25766,GOF,0.06974828230850376,0.7743457460344584,0.15590597165703782
25767,GOF,0.1811114188799049,0.46193392887768386,0.3569546522424113
25768,LOF,0.0912164935453379,0.0596715419035837,0.8491119645510784
25769,LOF,0.0663199871165208,0.06320778286182517,0.870472230021654
25770,LOF,0.29079343610783953,0.08984082206150425,0.6193657418306563
25771,LOF,0.03942775260854137,0.04866719309000018,0.9119050543014584
25772,LOF,0.016323566038232505,0.03306887048548308,0.9506075634762845
25773,LOF,0.047549533184884446,0.08197306113786769,0.8704774056772479
25774,LOF,0.029584334703674033,0.07256709275054363,0.8978485725457822
25775,LOF,0.04619913714575682,0.04258995977868348,0.9112109030755596
25776,LOF,0.07117971275412714,0.026564226421639667,0.9022560608242332
25777,LOF,0.3462925914152387,0.05198873632927116,0.6017186722554901
25778,LOF,0.06555756350149812,0.04999126994394876,0.8844511665545531
25779,GOF,0.39177732179359603,0.566311225255018,0.04191145295138598
25780,GOF,0.3173223384139753,0.6068302700807798,0.07584739150524493
25781,GOF,0.14652568442923125,0.7473891203646895,0.10608519520607934
25782,GOF,0.21018238588582666,0.7153678146097135,0.07444979950445972
25783,GOF,0.028049248358862064,0.6503960123000264,0.32155473934111145
25784,Neutral,0.49350420401554285,0.4699450948918805,0.036550701092576486
25785,GOF,0.4725069602122943,0.4888487694227802,0.03864427036492544
25786,GOF,0.030299289904461083,0.7612054171877112,0.20849529290782765
25787,Neutral,0.6502356704956851,0.3245514493332043,0.02521288017111072
25788,LOF,0.0440247624595915,0.11018958097598876,0.8457856565644197
25789,GOF,0.2164008592648015,0.6492988924097787,0.13430024832541995
25790,GOF,0.2387531342503347,0.6545848489295266,0.10666201682013866
25791,GOF,0.1705804426972051,0.6490690523719745,0.18035050493082036
25792,GOF,0.3536543394174939,0.5148570015165832,0.13148865906592297
25793,GOF,0.25806987239503915,0.5450939776776469,0.1968361499273139
25794,GOF,0.29239069746475627,0.5385369828254303,0.1690723197098134
25795,GOF,0.0783786149863425,0.6875818919847781,0.23403949302887928
25796,Neutral,0.534476443730437,0.383317800377337,0.08220575589222594
25797,GOF,0.09325625714823131,0.5584063280798889,0.3483374147718799
25798,GOF,0.00962040391464381,0.5082867220176496,0.4820928740677066
25799,LOF,0.007475125086870557,0.403710728035728,0.5888141468774014
25800,GOF,0.036099529244484764,0.599524494295751,0.3643759764597642
25801,GOF,0.20050284371689794,0.6759262316148527,0.12357092466824934
25802,GOF,0.07772994766673152,0.6872956217987946,0.23497443053447395
25803,GOF,0.03757917228708636,0.5633320568398003,0.3990887708731133
25804,LOF,0.038417586726338535,0.47223973839279,0.4893426748808716
25805,GOF,0.10079237932851666,0.5873381804219229,0.3118694402495603
25806,GOF,0.09418484931424848,0.566295229003203,0.3395199216825486
25807,GOF,0.021054861810985436,0.6203289951365953,0.3586161430524191
25808,GOF,0.09107124873870436,0.6335146563333377,0.2754140949279578
25809,GOF,0.017860930630860753,0.5948947954600421,0.3872442739090972
25810,GOF,0.015890326514371556,0.6310746740477602,0.3530349994378684
25811,GOF,0.4320862640448759,0.4863206115515002,0.08159312440362394
25812,GOF,0.029260137764356507,0.6242904854204401,0.34644937681520327
25813,Neutral,0.5061587746708184,0.39641231036204577,0.09742891496713582
25814,GOF,0.1272715875916273,0.6358872941823871,0.2368411182259856
25815,GOF,0.18159169833379427,0.6225798940051622,0.19582840766104362
25816,GOF,0.02328770460617952,0.7062019541957605,0.27051034119805994
25817,GOF,0.22396600744603182,0.6408860144538168,0.13514797810015144
25818,GOF,0.05453896594741732,0.6531352600831285,0.29232577396945414
25819,GOF,0.36005582076655107,0.4994613259345108,0.140482853298938
25820,GOF,0.18609035724761128,0.597334851411084,0.21657479134130472
25821,GOF,0.06065846248325217,0.6733178603513896,0.26602367716535824
25822,GOF,0.22234180021515365,0.5620621507706285,0.21559604901421778
25823,GOF,0.03700894102216461,0.5287323652476987,0.43425869373013654
25824,GOF,0.09886805220099316,0.6082139550641087,0.2929179927348982
25825,GOF,0.04042510668808933,0.6044409379574422,0.3551339553544685
25826,GOF,0.01748046592600954,0.5915951966972949,0.39092433737669563
25827,GOF,0.02349197318259927,0.6036652853170386,0.37284274150036206
25828,GOF,0.013217786478654367,0.5344462537746693,0.45233595974667623
25829,GOF,0.00556787382104679,0.5716636250062447,0.42276850117270853
25830,LOF,0.03331457817750103,0.2809105369424582,0.6857748848800407
25831,GOF,0.20017489940872601,0.6748143608173396,0.12501073977393448
25832,GOF,0.034717721788402996,0.735992508057019,0.2292897701545781
25833,GOF,0.12960400856875767,0.7293687999051403,0.14102719152610213
25834,GOF,0.03371829399648181,0.7510958237163318,0.21518588228718635
25835,GOF,0.07442308629472456,0.7809670104300874,0.14460990327518802
25836,GOF,0.03512611039775328,0.7176160270267641,0.24725786257548277
25837,GOF,0.026308732325909898,0.6163361667633421,0.35735510091074785
25838,GOF,0.09889883566090883,0.7726968240063743,0.12840434033271683
25839,GOF,0.28567496649162005,0.5942501992016176,0.12007483430676244
25840,GOF,0.22848115778886802,0.6253450808714768,0.1461737613396552
25841,GOF,0.22863023212166286,0.6324745556935235,0.13889521218481352
25842,GOF,0.1579625501620112,0.7286475557280319,0.11338989410995699
25843,GOF,0.2049535088953848,0.7088440705524633,0.08620242055215194
25844,GOF,0.07000728189008859,0.7310731241836524,0.19891959392625877
25845,GOF,0.01644804339978072,0.49824873732277425,0.485303219277445
25846,GOF,0.11926629771537463,0.7371899471071157,0.14354375517750978
25847,GOF,0.10007475616739503,0.8000648629975414,0.0998603808350635
25848,GOF,0.037502761483880924,0.7054423790924241,0.25705485942369494
25849,GOF,0.010375010208122782,0.5967047606441437,0.39292022914773367
25850,GOF,0.021825071693946308,0.6658725353341577,0.31230239297189594
25851,GOF,0.01663297540646647,0.5393242099574833,0.44404281463605016
25852,GOF,0.1635285665070642,0.559252299312519,0.2772191341804169
25853,GOF,0.34423490987166844,0.5820754960281178,0.07368959410021368
25854,GOF,0.023739699577572927,0.6322319800208158,0.34402832040161124
25855,GOF,0.035497284261226426,0.5617603364528962,0.4027423792858774
25856,GOF,0.23763847386698933,0.5378690453531981,0.22449248077981257
25857,GOF,0.037179902022412774,0.5148934104635969,0.44792668751399023
25858,GOF,0.020629708471941764,0.5639431905291561,0.4154271009989021
25859,GOF,0.010367647016452748,0.5300481379908564,0.459584214992691
25860,GOF,0.3752643593076067,0.5409296723242625,0.08380596836813074
25861,GOF,0.4005261182362877,0.5247503609313398,0.07472352083237259
25862,GOF,0.08320944570062587,0.7826983703469961,0.134092183952378
25863,GOF,0.0799947710390417,0.788138220476152,0.1318670084848063
25864,GOF,0.20382641308561256,0.7266704568514188,0.06950313006296864
25865,GOF,0.08191837083699402,0.8067186267955654,0.11136300236744054
25866,GOF,0.06118760998579661,0.7931990733208726,0.1456133166933307
25867,GOF,0.09036179136442565,0.8114968506923822,0.09814135794319223
25868,GOF,0.253532532323506,0.6481374802579996,0.09832998741849446
25869,Neutral,0.7070122811777023,0.24820476730437455,0.04478295151792317
25870,GOF,0.2821984741345017,0.398540524575452,0.31926100129004625
25871,GOF,0.22750961032069386,0.650219428428231,0.12227096125107512
25872,GOF,0.08016086470497324,0.6583071272414769,0.2615320080535499
25873,GOF,0.11594756695521974,0.6818132927842332,0.20223914026054707
25874,LOF,0.01372206009482844,0.11515817852576257,0.871119761379409
25875,LOF,0.08953345513476747,0.05125945010681458,0.8592070947584179
25876,LOF,0.03362006057290975,0.03270244501845044,0.9336774944086398
25877,Neutral,0.5180644982195842,0.050368266737203835,0.4315672350432119
25878,LOF,0.22781207107798218,0.10471162350330968,0.6674763054187081
25879,LOF,0.0858501658600537,0.10873303297360222,0.8054168011663441
25880,LOF,0.04244374065244093,0.014690551759135044,0.942865707588424
25881,LOF,0.18044000515671857,0.11977934592090815,0.6997806489223733
25882,LOF,0.06610227273946627,0.017328376614381767,0.916569350646152
25883,LOF,0.06268275612931135,0.01867285056817887,0.9186443933025097
25884,LOF,0.031484287509118504,0.028174005247755173,0.9403417072431264
25885,LOF,0.06554789962969179,0.011781395815665402,0.9226707045546427
25886,LOF,0.260562232966251,0.03352038840488248,0.7059173786288666
25887,LOF,0.170227838293568,0.06281600263841271,0.7669561590680193
25888,LOF,0.06795142869730231,0.05805468412530107,0.8739938871773967
25889,LOF,0.03867711266735728,0.01945570269005287,0.9418671846425898
25890,LOF,0.04175398102271454,0.15269717105703356,0.8055488479202518
25891,LOF,0.04058971979424311,0.054254801075641436,0.9051554791301154
25892,LOF,0.08019844154444228,0.021764053430255312,0.8980375050253024
25893,LOF,0.25326361537067593,0.01853314083886899,0.7282032437904551
25894,LOF,0.1645191072960256,0.01112196522754341,0.824358927476431
25895,LOF,0.1913002993203608,0.02166344820263745,0.7870362524770017
25896,LOF,0.04856506891311562,0.01909999390609774,0.9323349371807866
25897,LOF,0.2727059030624682,0.012593419859859461,0.7147006770776723
25898,Neutral,0.7048096715554076,0.009770270916495148,0.28542005752809724
25899,LOF,0.19791594171102253,0.02063243026249554,0.7814516280264818
25900,LOF,0.437301328055815,0.012204190319831944,0.550494481624353
25901,LOF,0.049064860346987184,0.011064349083700678,0.9398707905693121
25902,LOF,0.1435782209603442,0.014523394896213395,0.8418983841434424
25903,Neutral,0.5524557623430497,0.029522212717947728,0.41802202493900253
25904,LOF,0.31309362486003783,0.03752626458840651,0.6493801105515556
25905,LOF,0.025767234233543858,0.31665251865029437,0.6575802471161618
25906,LOF,0.03233393481747018,0.07687880547259032,0.8907872597099395
25907,LOF,0.013930661636509183,0.3388377876716011,0.6472315506918898
25908,LOF,0.010198849909417747,0.24948824330670197,0.7403129067838803
25909,LOF,0.012944400654482385,0.1320957228519335,0.8549598764935841
25910,LOF,0.05082772331782723,0.14083734156305103,0.8083349351191217
25911,LOF,0.19045828230948292,0.02872849135717487,0.780813226333342
25912,LOF,0.04787222336504791,0.05610277065824283,0.8960250059767092
25913,LOF,0.36467906651070947,0.023838390934429007,0.6114825425548615
25914,LOF,0.018469704354352127,0.05169820378601156,0.9298320918596362
25915,Neutral,0.5770512066296917,0.13310097772952512,0.2898478156407833
25916,LOF,0.07926668390341998,0.16840964201394745,0.7523236740826326
25917,LOF,0.05592404987765318,0.04003638035126103,0.9040395697710859
25918,LOF,0.01886334420028522,0.03201091786763858,0.9491257379320762
25919,LOF,0.016604612335664327,0.032528604991008445,0.9508667826733272
25920,GOF,0.11474260031134398,0.5291143341995225,0.3561430654891335
25921,LOF,0.02657350386208425,0.03675758631108696,0.9366689098268288
25922,LOF,0.03379804675667053,0.026566616525436484,0.9396353367178929
25923,LOF,0.47346173105210987,0.039043013277785824,0.4874952556701042
25924,LOF,0.035883795428536105,0.047138394755635596,0.9169778098158283
25925,LOF,0.06720350176593523,0.0427320890952998,0.8900644091387651
25926,LOF,0.0489429031964996,0.035558400399077185,0.9154986964044232
25927,LOF,0.05717101736172988,0.139402457826982,0.8034265248112881
25928,LOF,0.01793400775603552,0.048084749896584435,0.9339812423473799
25929,Neutral,0.5924936542146888,0.04184877546417467,0.3656575703211366
25930,LOF,0.068984166076267,0.034953392297311404,0.8960624416264217
25931,LOF,0.024099336702875142,0.03157697754651755,0.9443236857506072
25932,LOF,0.027516196488980172,0.028129777495569892,0.9443540260154499
25933,LOF,0.036875941845568416,0.018451469507101467,0.9446725886473302
25934,LOF,0.02361094151659592,0.02097571351684745,0.9554133449665567
25935,LOF,0.057996911044918054,0.05451296199304958,0.8874901269620323
25936,LOF,0.041819933971760266,0.02506875570503519,0.9331113103232045
25937,LOF,0.026305161108217807,0.03831638017768268,0.9353784587140996
25938,LOF,0.06041143633760593,0.05874364210796679,0.8808449215544272
25939,LOF,0.037888859919548275,0.02128032417926691,0.9408308159011848
25940,LOF,0.030934965280674506,0.35127708567393434,0.6177879490453911
25941,LOF,0.18988988600578754,0.10145576121015364,0.7086543527840587
25942,LOF,0.013909582877097383,0.033952751524020636,0.9521376655988819
25943,LOF,0.30846452663555746,0.045852337294514996,0.6456831360699276
25944,LOF,0.48480533765572364,0.019890958498412433,0.4953037038458639
25945,LOF,0.07580191182233727,0.021922295493308108,0.9022757926843546
25946,LOF,0.033097698951674207,0.12557342642513714,0.8413288746231887
25947,LOF,0.12139068140096033,0.16275612088721522,0.7158531977118244
25948,LOF,0.3872111123690095,0.008451577237835909,0.6043373103931545
25949,LOF,0.1255208029129491,0.03624330224706045,0.8382358948399904
25950,GOF,0.32355379532789746,0.34294777381901964,0.33349843085308295
25951,LOF,0.2004273112148353,0.24704009983895797,0.5525325889462067
25952,LOF,0.04103976399835088,0.44031139643398376,0.5186488395676655
25953,LOF,0.13785444364445204,0.10999214410179034,0.7521534122537576
25954,LOF,0.3994045100634884,0.1732931981926279,0.42730229174388373
25955,LOF,0.05786619719772775,0.0759509202777149,0.8661828825245573
25956,LOF,0.16100381626429913,0.11440093650699228,0.7245952472287086
25957,LOF,0.03642087224056755,0.028123369197983666,0.9354557585614487
25958,LOF,0.05501709681505472,0.02798581962656348,0.9169970835583817
25959,LOF,0.061071255312508906,0.33556803899775073,0.6033607056897404
25960,LOF,0.016005003490637645,0.04631527450298743,0.937679722006375
25961,LOF,0.0413863095666194,0.028077672216327034,0.9305360182170536
25962,LOF,0.05298198216902143,0.01974321499145994,0.9272748028395186
25963,LOF,0.046695039039670615,0.1830873971808446,0.7702175637794848
25964,LOF,0.03223473803549134,0.16562792480225855,0.80213733716225
25965,LOF,0.4419896191742357,0.06073144422245841,0.49727893660330585
25966,Neutral,0.5244837692880319,0.1560285390275906,0.3194876916843775
25967,LOF,0.016760760273026257,0.09123297432818078,0.892006265398793
25968,LOF,0.03318837525370073,0.405940997909807,0.5608706268364922
25969,LOF,0.0385101392059796,0.06625420733876433,0.8952356534552561
25970,LOF,0.06310529966011365,0.05924751543009142,0.877647184909795
25971,LOF,0.0667481107765705,0.02260440861106975,0.9106474806123598
25972,LOF,0.06800698268867295,0.032771407107167416,0.8992216102041596
25973,LOF,0.07303787924155979,0.010080950929977567,0.9168811698284627
25974,LOF,0.19474077449677255,0.018245091943469405,0.7870141335597581
25975,LOF,0.04512472152205316,0.029734242660677618,0.9251410358172693
25976,LOF,0.042035931436868894,0.016575310273113562,0.9413887582900174
25977,LOF,0.15327528608092542,0.08662938535257753,0.7600953285664971
25978,LOF,0.15559352536547444,0.0744258846767074,0.7699805899578183
25979,LOF,0.14550270731725176,0.07175062106726826,0.78274667161548
25980,LOF,0.24147769808677452,0.0918085244861474,0.666713777427078
25981,LOF,0.27330940305300117,0.08946844714141956,0.6372221498055793
25982,LOF,0.43061696502021024,0.057175062852471106,0.5122079721273186
25983,LOF,0.4040753408515153,0.06304205441866331,0.5328826047298214
25984,LOF,0.045216256968690194,0.04342184496745401,0.9113618980638558
25985,LOF,0.03879308909752765,0.2864210733903147,0.6747858375121577
25986,LOF,0.041569561607874256,0.34368644455174047,0.6147439938403852
25987,LOF,0.08631222381886496,0.06628591990808465,0.8474018562730504
25988,LOF,0.15677242126996302,0.05515033856859873,0.7880772401614382
25989,LOF,0.03551289223719291,0.11511308350131931,0.8493740242614878
25990,LOF,0.04158483298606903,0.16256722001787616,0.7958479469960548
25991,LOF,0.12470871822604886,0.2566981945850396,0.6185930871889115
25992,LOF,0.28731751962020635,0.1503244565037089,0.5623580238760847
25993,LOF,0.022912182025231646,0.06410489877173053,0.9129829192030378
25994,LOF,0.019206996028820415,0.08015690552383481,0.9006360984473447
25995,LOF,0.023861612321484746,0.16172797342720344,0.8144104142513119
25996,GOF,0.3129997709051264,0.38725424286363636,0.29974598623123727
25997,LOF,0.08156835129208585,0.35570681635408796,0.5627248323538261
25998,Neutral,0.5347764072553592,0.025843518240006462,0.4393800745046342
25999,LOF,0.11783632395708268,0.08980778950143639,0.7923558865414808
26000,LOF,0.13314992866032244,0.051750937438955646,0.8150991339007219
26001,LOF,0.19147022041547776,0.05284061173599464,0.7556891678485276
26002,LOF,0.11410089141292766,0.049819179113023075,0.8360799294740492
26003,GOF,0.011185624188617686,0.5784485917809354,0.4103657840304468
26004,GOF,0.021931304180332838,0.6701988381095466,0.3078698577101206
26005,LOF,0.006808383078967609,0.44974207686785295,0.5434495400531794
26006,Neutral,0.5032498277914728,0.2618326044854949,0.23491756772303238
26007,GOF,0.023115674693410877,0.5290160493440005,0.4478682759625886
26008,GOF,0.020688427036290757,0.5947730825748296,0.3845384903888795
26009,GOF,0.02084007023277335,0.6765498600070808,0.30261006976014576
26010,GOF,0.02494649754474561,0.6181981010373498,0.35685540141790445
26011,LOF,0.007208085689856007,0.4141068941836794,0.5786850201264645
26012,GOF,0.01436614893189059,0.5238329728528417,0.4618008782152676
26013,GOF,0.020953714515439033,0.6161197407754863,0.3629265447090747
26014,LOF,0.042328020642381815,0.11542662673929138,0.8422453526183269
26015,LOF,0.18854433901307316,0.014179995765566049,0.7972756652213607
26016,LOF,0.2325114115293686,0.05428851414109451,0.7132000743295369
26017,LOF,0.22254585407896774,0.08577540046605397,0.6916787454549783
26018,LOF,0.07969558967598571,0.03448117309069496,0.8858232372333192
26019,LOF,0.0758611920536526,0.028875672331674956,0.8952631356146724
26020,LOF,0.06879904416343088,0.10490819728449267,0.8262927585520765
26021,LOF,0.045016253465138684,0.10448035251140192,0.8505033940234594
26022,LOF,0.010127230825973246,0.039594933461800715,0.950277835712226
26023,LOF,0.06649801431165737,0.023691408127148345,0.9098105775611942
26024,LOF,0.028999284482969963,0.11250087886821061,0.8584998366488193
26025,LOF,0.1563384170061793,0.09321860710408192,0.7504429758897387
26026,LOF,0.3375491880989113,0.029503405727889315,0.6329474061731994
26027,LOF,0.0604603504599256,0.01870157993313852,0.9208380696069358
26028,LOF,0.1670982163901665,0.06613738143825448,0.7667644021715789
26029,LOF,0.06830270966322527,0.18027218733244257,0.7514251030043322
26030,LOF,0.021229746221368213,0.04958054193914433,0.9291897118394874
26031,LOF,0.026290287276553012,0.1297189085971436,0.8439908041263035
26032,LOF,0.061112265223765415,0.08596739288848514,0.8529203418877495
26033,LOF,0.0794762388875912,0.08594306712561106,0.8345806939867978
26034,LOF,0.04062485859761316,0.15759345204710856,0.8017816893552783
26035,LOF,0.025436450566956856,0.14829120719893416,0.826272342234109
26036,LOF,0.03898327995328655,0.17031828507303146,0.790698434973682
26037,LOF,0.020987470599846576,0.11561075192899044,0.863401777471163
26038,LOF,0.056937615538905945,0.08552164932792783,0.8575407351331662
26039,LOF,0.046713611577283494,0.14776197780817982,0.8055244106145367
26040,LOF,0.2057463518025161,0.1385233041347974,0.6557303440626866
26041,LOF,0.0213362991252574,0.1084584000911625,0.8702053007835802
26042,LOF,0.019480831560369272,0.10081209981524625,0.8797070686243845
26043,LOF,0.05781934497531566,0.09792508152005916,0.8442555735046251
26044,LOF,0.018589170082998686,0.06464526114411541,0.916765568772886
26045,LOF,0.06302955142897165,0.10295471996976684,0.8340157286012615
26046,LOF,0.05364607482414964,0.08285104492258688,0.8635028802532635
26047,LOF,0.07058719196601967,0.0882512721388155,0.8411615358951647
26048,LOF,0.043966765775815236,0.039685252362020626,0.916347981862164
26049,Neutral,0.967147691461891,0.0069875773557049915,0.02586473118240403
26050,Neutral,0.952826060366652,0.009418332568166295,0.03775560706518173
26051,LOF,0.04496969724273911,0.26783870492047057,0.6871915978367904
26052,LOF,0.06233529450916916,0.30812773215134387,0.6295369733394871
26053,LOF,0.056638161206524346,0.13895237608318917,0.8044094627102866
26054,LOF,0.05223701680288763,0.01645696025214424,0.9313060229449681
26055,LOF,0.07407031964046087,0.014740223086826983,0.9111894572727121
26056,LOF,0.06128064516343657,0.0165849716392388,0.9221343831973247
26057,LOF,0.030073907497714016,0.011471817361337379,0.9584542751409486
26058,LOF,0.031340735197365056,0.009337597709812321,0.9593216670928227
26059,LOF,0.27480766968477144,0.02126576099985795,0.7039265693153707
26060,LOF,0.04452535377379442,0.1669972022442631,0.7884774439819424
26061,LOF,0.017827605037202748,0.00987329393706435,0.972299101025733
26062,LOF,0.010564098899066983,0.01519058253212109,0.9742453185688119
26063,LOF,0.019819314964488525,0.010349821592274423,0.9698308634432371
26064,LOF,0.02135203063976623,0.021401131147108836,0.9572468382131251
26065,LOF,0.025460899415839688,0.011233444242909662,0.9633056563412506
26066,LOF,0.019684398607555338,0.010316917652665987,0.9699986837397786
26067,LOF,0.02580127901257419,0.008584340201875245,0.9656143807855504
26068,LOF,0.04502646274981708,0.025780349695230208,0.9291931875549527
26069,LOF,0.2621471141990502,0.017852138995689878,0.72000074680526
26070,LOF,0.4113378466259675,0.014972186947828113,0.5736899664262045
26071,LOF,0.019845520333216946,0.011177195773277719,0.9689772838935052
26072,LOF,0.018983757978925146,0.017104372433379093,0.9639118695876958
26073,LOF,0.01954661445138873,0.010847004907961158,0.9696063806406502
26074,Neutral,0.9097285126986209,0.005188889097159638,0.08508259820421939
26075,LOF,0.047302205135898716,0.013237131453977747,0.9394606634101235
26076,LOF,0.03566418145853347,0.00897992586284554,0.955355892678621
26077,LOF,0.009698317888543159,0.012740633516171622,0.9775610485952853
26078,LOF,0.013831678286637282,0.009986790956650284,0.9761815307567124
26079,LOF,0.06141677833019035,0.014770746445692652,0.9238124752241169
26080,LOF,0.06091650870663589,0.014789229829013848,0.9242942614643502
26081,LOF,0.03360992828043143,0.006865539126301129,0.9595245325932675
26082,LOF,0.013170449348957993,0.01311075855477243,0.9737187920962694
26083,LOF,0.18653226087366723,0.01380885013469559,0.7996588889916373
26084,LOF,0.0416286309205147,0.010401163730880422,0.9479702053486049
26085,LOF,0.037756237929828955,0.010008351168703264,0.9522354109014678
26086,LOF,0.019845481877262636,0.0104677330750021,0.9696867850477352
26087,LOF,0.0219675326201831,0.007670246855319557,0.9703622205244973
26088,LOF,0.015662977302428195,0.02005896743533981,0.9642780552622321
26089,LOF,0.04281394220060495,0.020509503936270386,0.9366765538631245
26090,LOF,0.04248648119022666,0.016379302811324443,0.9411342159984489
26091,LOF,0.031368483149709546,0.006086236513147571,0.9625452803371429
26092,LOF,0.022369081847710776,0.007483458826153188,0.970147459326136
26093,LOF,0.03213894705061659,0.0061881529575139125,0.9616728999918694
26094,LOF,0.033800760701272865,0.006063436073105978,0.9601358032256211
26095,LOF,0.03898388962995149,0.012627214639904141,0.9483888957301443
26096,LOF,0.01695293140849736,0.011049491467593785,0.9719975771239088
26097,LOF,0.01185407582552875,0.03323746155115621,0.954908462623315
26098,LOF,0.08504464395322495,0.010322701633005108,0.9046326544137699
26099,LOF,0.019695833617802794,0.012218715412068728,0.9680854509701284
26100,LOF,0.021279903183309353,0.012065720535133575,0.9666543762815571
26101,LOF,0.04436154763897933,0.013695943508512729,0.9419425088525081
26102,LOF,0.019730657040700973,0.01177819216056873,0.9684911507987303
26103,Neutral,0.8825859815567356,0.01818902811370294,0.09922499032956132
26104,LOF,0.07994698716742062,0.0230665240537806,0.8969864887787988
26105,LOF,0.21980098873974122,0.23932892861168184,0.5408700826485769
26106,LOF,0.18096432299764453,0.1071920830736876,0.7118435939286679
26107,LOF,0.23744674690560238,0.07024285822457839,0.6923103948698193
26108,LOF,0.2528109475369853,0.07448791337020845,0.6727011390928063
26109,LOF,0.08981169264250345,0.049485639936025824,0.8607026674214706
26110,LOF,0.23530956140179676,0.007363426943178461,0.7573270116550247
26111,Neutral,0.4970222578090957,0.027999727126047185,0.4749780150648571
26112,LOF,0.03107497465474345,0.007906905447731205,0.9610181198975254
26113,LOF,0.06474323474242423,0.018358017032445627,0.9168987482251302
26114,LOF,0.023641389027422556,0.03046736129440265,0.9458912496781748
26115,LOF,0.08328050357212384,0.056089288887334436,0.8606302075405419
26116,LOF,0.06565948459035087,0.06164538429042818,0.8726951311192209
26117,LOF,0.43959744723341876,0.03738199578607819,0.523020556980503
26118,LOF,0.03229087048023593,0.024083745186640353,0.9436253843331238
26119,LOF,0.023478078647074727,0.03467291201670069,0.9418490093362246
26120,LOF,0.024827821461834727,0.01885484023833872,0.9563173382998266
26121,LOF,0.044790726513663615,0.07880900504178565,0.8764002684445507
