feature0,prediction,LoGoFunc_Neutral,LoGoFunc_GOF,LoGoFunc_LOF
25546,Neutral,0.6282593776827071,0.06649201975415667,0.3052486025631362
25547,Neutral,0.499784669671064,0.11921993825770937,0.3809953920712267
25548,Neutral,0.4713612690026818,0.10896449073494043,0.4196742402623777
25549,LOF,0.4156278605224359,0.11033375098601288,0.4740383884915512
25550,LOF,0.34945002112838075,0.12979150998008815,0.5207584688915311
25551,LOF,0.29708064651470184,0.14666304227725618,0.556256311208042
25552,LOF,0.26480947924114623,0.15673453556041603,0.5784559851984378
25553,Neutral,0.7913849385651565,0.05695091854391752,0.15166414289092603
25554,LOF,0.29896465106305714,0.14816167314195403,0.5528736757949888
25555,LOF,0.2597776519965364,0.1402067436248259,0.6000156043786378
25556,LOF,0.4213815711353996,0.12802036343934758,0.4505980654252528
25557,LOF,0.2551869856978671,0.14295886711031183,0.601854147191821
25558,LOF,0.3096231371491109,0.13958364851114938,0.5507932143397397
25559,LOF,0.2454517183410385,0.14298143705628535,0.6115668446026762
25560,LOF,0.12775292135222882,0.12769570123212928,0.7445513774156419
25561,LOF,0.1280354608198214,0.1750026444802467,0.696961894699932
25562,LOF,0.05062204178266105,0.08967316953036088,0.8597047886869782
25563,LOF,0.015452661866223117,0.13717588255055327,0.8473714555832236
25564,LOF,0.11644329131409233,0.10876305032967294,0.7747936583562347
25565,LOF,0.19500220223893175,0.13446850186728804,0.6705292958937802
25566,GOF,0.06116100979779264,0.6453672959571001,0.29347169424510733
25567,LOF,0.03810323225733465,0.17657769697304368,0.7853190707696217
25568,LOF,0.05660812708565475,0.09902978198313758,0.8443620909312076
25569,LOF,0.06182136262357949,0.09055834981791762,0.8476202875585028
25570,LOF,0.028753035322138767,0.13173150627277766,0.8395154584050837
25571,LOF,0.026233183102769307,0.13522907950437868,0.8385377373928521
25572,LOF,0.062374771351342125,0.15607508091167255,0.7815501477369854
25573,LOF,0.05367440765100717,0.1233690868117884,0.8229565055372043
25574,LOF,0.05397349122531207,0.23099606599698644,0.7150304427777016
25575,LOF,0.02336351097010733,0.1319250650633891,0.8447114239665034
25576,LOF,0.02814539813882406,0.18282868344281955,0.7890259184183563
25577,LOF,0.03148888261040662,0.15384328705120814,0.8146678303383853
25578,LOF,0.2764343023361083,0.1261274771158747,0.5974382205480171
25579,LOF,0.1774892295761557,0.11860113315655672,0.7039096372672876
25580,LOF,0.021049115646724303,0.0967514602162691,0.8821994241370066
25581,LOF,0.04854665385008676,0.09689981558729398,0.8545535305626192
25582,LOF,0.04834191051856249,0.09510936310756599,0.8565487263738715
25583,LOF,0.024212577066790697,0.10929360638707786,0.8664938165461313
25584,Neutral,0.6995314354588659,0.1455777794250271,0.15489078511610704
25585,LOF,0.020709511373374487,0.1794686356575489,0.7998218529690767
25586,LOF,0.017666770861060575,0.09817211831355234,0.8841611108253871
25587,LOF,0.017397797215962317,0.08893727402489555,0.8936649287591423
25588,LOF,0.02142470178174673,0.09696902412334814,0.8816062740949052
25589,Neutral,0.5190481207824023,0.2521599229829598,0.22879195623463783
25590,LOF,0.05236154233080323,0.15013694212477394,0.7975015155444228
25591,LOF,0.08431484336356757,0.08157460833166552,0.8341105483047669
25592,LOF,0.0587389271585696,0.17222107456187508,0.7690399982795553
25593,LOF,0.11105850747932097,0.27560586533770953,0.6133356271829695
25594,LOF,0.054669479092999816,0.055422668396371846,0.8899078525106284
25595,LOF,0.05272595959370734,0.033805635297075684,0.9134684051092169
25596,LOF,0.11365584363483633,0.016032359179761473,0.8703117971854023
25597,LOF,0.08933442388919394,0.02115241812178245,0.8895131579890235
25598,LOF,0.05157213778010447,0.03909213557640397,0.9093357266434916
25599,LOF,0.02649642073303558,0.3726239385867922,0.6008796406801723
25600,LOF,0.21217415826649838,0.3694829106441961,0.41834293108930565
25601,LOF,0.04288389199187241,0.32381259961299197,0.6333035083951356
25602,LOF,0.033260876932331575,0.06957237185113371,0.8971667512165348
25603,LOF,0.04131936105815241,0.047899437161655574,0.9107812017801921
25604,LOF,0.04330677698837126,0.07828890079986335,0.8784043222117655
25605,LOF,0.03503913398782224,0.1677371110697694,0.7972237549424085
25606,LOF,0.40744700796176353,0.12043909086632952,0.47211390117190694
25607,LOF,0.0304001035229906,0.1692054906933812,0.8003944057836281
25608,LOF,0.03983207336079466,0.09852727840460311,0.8616406482346023
25609,GOF,0.1304608461909662,0.47241920063073634,0.39711995317829735
25610,LOF,0.013992728867143582,0.05258954261665029,0.9334177285162062
25611,LOF,0.01167546803498313,0.06597616273430879,0.9223483692307081
25612,LOF,0.044342871115352754,0.06825742974740595,0.8873996991372413
25613,LOF,0.04364910174140653,0.06743079213180614,0.8889201061267874
25614,LOF,0.021356561127761405,0.0503114623317642,0.9283319765404744
25615,LOF,0.038815516998343624,0.06872126703488662,0.8924632159667698
25616,LOF,0.04784392625544668,0.0583593070357503,0.8937967667088029
25617,LOF,0.0358375433454712,0.07068463858368754,0.8934778180708414
25618,LOF,0.04599514599490316,0.08779060061265814,0.8662142533924386
25619,LOF,0.011589539201802713,0.06479569034835711,0.9236147704498402
25620,LOF,0.054390624673882886,0.07570527365477718,0.8699041016713399
25621,LOF,0.058916364101006514,0.05851776706377851,0.8825658688352149
25622,LOF,0.06221480718392017,0.0718623523542873,0.8659228404617925
25623,LOF,0.06179013422403267,0.0508332720925376,0.8873765936834298
25624,LOF,0.017453939514343705,0.0558594799538357,0.9266865805318206
25625,LOF,0.05774362824316616,0.06239289050755815,0.8798634812492757
25626,LOF,0.04667019229683612,0.06542469351937162,0.8879051141837923
25627,Neutral,0.8814162993002098,0.02242207352285451,0.09616162717693576
25628,LOF,0.1475445557628042,0.058208635184414825,0.794246809052781
25629,LOF,0.07396981581862473,0.04594547647062472,0.8800847077107505
25630,LOF,0.27192067351795124,0.06632076100188919,0.6617585654801595
25631,Neutral,0.5528896427172106,0.057197493687932144,0.3899128635948573
25632,LOF,0.0234794254845326,0.08051796581107783,0.8960026087043896
25633,LOF,0.194912786458573,0.048606791345741834,0.7564804221956851
25634,LOF,0.03932441413251925,0.09369689079948411,0.8669786950679966
25635,LOF,0.03628253043023284,0.04852793340593315,0.9151895361638339
25636,LOF,0.038135512492348644,0.4674778595584367,0.4943866279492148
25637,LOF,0.05853227934974818,0.46950614745802316,0.4719615731922286
25638,LOF,0.03158368817334745,0.3821312635091918,0.5862850483174608
25639,LOF,0.03711370146208978,0.41714792446615473,0.5457383740717555
25640,Neutral,0.8464933335734389,0.09985845734273491,0.05364820908382619
25641,LOF,0.08509513618460425,0.42164977617694527,0.4932550876384506
25642,LOF,0.07065671917088022,0.16880541195588672,0.760537868873233
25643,LOF,0.2762280402154388,0.12141977833960917,0.6023521814449521
25644,LOF,0.014695768109664832,0.48743810335798926,0.49786612853234596
25645,LOF,0.018889038325145005,0.4509281697322286,0.5301827919426264
25646,LOF,0.051780578603141045,0.2825536591489129,0.665665762247946
25647,LOF,0.021053277048213404,0.22660338217582154,0.7523433407759651
25648,LOF,0.02170840120886118,0.2798155015901292,0.6984760972010097
25649,LOF,0.013058990553793028,0.21046786661505648,0.7764731428311505
25650,LOF,0.0340077677695812,0.44788156158083675,0.518110670649582
25651,LOF,0.012739118367235272,0.2824965697263881,0.7047643119063766
25652,LOF,0.020828334698794783,0.27850621081352,0.7006654544876852
25653,LOF,0.05797142846377035,0.4340866000502959,0.5079419714859337
25654,LOF,0.015076483498546117,0.20876685454492314,0.7761566619565309
25655,GOF,0.16054442869463792,0.45989847773314174,0.3795570935722203
25656,LOF,0.34765251383110474,0.12355024367536786,0.5287972424935273
25657,LOF,0.052443377600501606,0.119583556333514,0.8279730660659845
25658,LOF,0.3265079677004338,0.12813425792918223,0.545357774370384
25659,Neutral,0.46430964961931154,0.1285924684533657,0.40709788192732266
25660,LOF,0.02321496023788035,0.11138351782895407,0.8654015219331656
25661,LOF,0.08938477304324176,0.06964173137228982,0.8409734955844684
25662,LOF,0.03515105293802046,0.03763009425122864,0.9272188528107509
25663,LOF,0.04247873009739892,0.0508359658041292,0.9066853040984719
25664,LOF,0.13958732186893483,0.07410685188078732,0.7863058262502778
25665,LOF,0.05684574723774638,0.028686810685900344,0.9144674420763532
25666,LOF,0.09910279749840899,0.07558065411842306,0.8253165483831678
25667,LOF,0.06923545502465882,0.05275833955877018,0.878006205416571
25668,LOF,0.03830048853843587,0.058927992520612274,0.9027715189409519
25669,LOF,0.03099268760646157,0.057143655078003515,0.9118636573155349
25670,LOF,0.13372714153588297,0.07453862761728626,0.7917342308468307
25671,LOF,0.10440725909880835,0.04533779650259358,0.8502549443985981
25672,LOF,0.04651627926587596,0.04443362410845122,0.9090500966256728
25673,LOF,0.09108197754508877,0.05398402209406342,0.8549340003608479
25674,LOF,0.07474500052505792,0.06378454055250331,0.8614704589224388
25675,LOF,0.10260535745588317,0.07572300685502532,0.8216716356890916
25676,LOF,0.019174214160202773,0.060004579200644656,0.9208212066391527
25677,LOF,0.02490736535598647,0.07339710812948329,0.9016955265145303
25678,LOF,0.1771362011263793,0.08793889958149209,0.7349248992921286
25679,LOF,0.12702414492812897,0.08534866003628726,0.7876271950355836
25680,LOF,0.03346273519610238,0.11891515475460099,0.8476221100492967
25681,LOF,0.04837443094841513,0.11004170504393662,0.8415838640076484
25682,LOF,0.13020125158117943,0.09032523868164301,0.7794735097371776
25683,LOF,0.12157526646836328,0.10029923253868592,0.7781255009929509
25684,LOF,0.041136391435828326,0.07593062355632998,0.8829329850078417
25685,LOF,0.13601071897832753,0.08690074074711694,0.7770885402745555
25686,LOF,0.0821924096422415,0.12298064730827174,0.7948269430494868
25687,LOF,0.12778899194581275,0.13250624007152492,0.7397047679826624
25688,LOF,0.4400224478930579,0.052130921913787556,0.5078466301931545
25689,LOF,0.29162490879063774,0.05522959146055377,0.6531454997488085
25690,LOF,0.3350029423863347,0.038357668025450646,0.6266393895882146
25691,Neutral,0.7141872763058702,0.036466299161920644,0.2493464245322093
25692,LOF,0.35498925397850206,0.015626755126879135,0.6293839908946187
25693,LOF,0.04444021757328736,0.3933401808665489,0.5622196015601637
25694,LOF,0.12689540581475625,0.01985024513954898,0.8532543490456947
25695,LOF,0.12112476302102557,0.015426667275894064,0.8634485697030804
25696,LOF,0.1183830198532456,0.012690786352855494,0.8689261937938989
25697,LOF,0.08821023948107605,0.06441635230967502,0.847373408209249
25698,LOF,0.30614829763991663,0.20610178532159193,0.48774991703849135
25699,Neutral,0.5578926061980498,0.026109724138577775,0.4159976696633724
25700,LOF,0.10014586695166636,0.007998897705341061,0.8918552353429926
25701,LOF,0.21996031194356946,0.03845447588757836,0.7415852121688523
25702,GOF,0.1804330112601798,0.622816472533248,0.1967505162065722
25703,LOF,0.016007327199655686,0.1612827216565719,0.8227099511437724
25704,LOF,0.03716385937664241,0.1485052403764777,0.8143309002468799
25705,LOF,0.04530768197771537,0.1178114392786364,0.8368808787436482
25706,LOF,0.13742592305388224,0.38742949661905285,0.47514458032706486
25707,LOF,0.10781466819852621,0.32624869060770734,0.5659366411937664
25708,LOF,0.04399526116629757,0.30448361975745286,0.6515211190762495
25709,LOF,0.06528141493260937,0.036239718456991865,0.8984788666103988
25710,LOF,0.012803905086299496,0.10534851097957583,0.8818475839341248
25711,LOF,0.02224858393524243,0.07076083520605884,0.9069905808586987
25712,LOF,0.015134942790857107,0.14915146095663617,0.8357135962525066
25713,LOF,0.02118863935662788,0.0717184036789435,0.9070929569644287
25714,LOF,0.07600226528547573,0.053895996287674344,0.8701017384268499
25715,LOF,0.013412568946744956,0.09931862336584392,0.8872688076874112
25716,LOF,0.011856952443328895,0.09040783386389377,0.8977352136927774
25717,LOF,0.014833409670866582,0.06975613741919984,0.9154104529099335
25718,LOF,0.012522876449260117,0.06524437421957965,0.9222327493311602
25719,LOF,0.02286554551321755,0.057793445821339204,0.9193410086654433
25720,LOF,0.02724095389052417,0.051142733664445945,0.9216163124450298
25721,LOF,0.015305084246459093,0.08939761235515735,0.8952973033983836
25722,LOF,0.016588698812643604,0.07851827123069458,0.9048930299566618
25723,LOF,0.025973093057484395,0.0352236720980299,0.9388032348444856
25724,LOF,0.03371982336679382,0.05889551222506322,0.9073846644081429
25725,LOF,0.013358239910732865,0.0558917394335877,0.9307500206556795
25726,LOF,0.01722537730244474,0.0761794705632893,0.906595152134266
25727,LOF,0.013535542383633905,0.0573835221533759,0.9290809354629902
25728,LOF,0.011273016885747686,0.07427691631344135,0.9144500668008109
25729,LOF,0.011534659195291322,0.07324346747583871,0.9152218733288701
25730,LOF,0.015505935561936761,0.07236635398610865,0.9121277104519547
25731,LOF,0.019516408130272653,0.07651891852781938,0.9039646733419081
25732,LOF,0.015265190970812121,0.052492994891578604,0.9322418141376092
25733,LOF,0.01863935295851945,0.04627031416558217,0.9350903328758984
25734,LOF,0.011986707731552377,0.09773408799160936,0.8902792042768383
25735,LOF,0.013203995377232464,0.059582766451037654,0.92721323817173
25736,LOF,0.014199969582524414,0.07247517754376785,0.9133248528737078
25737,LOF,0.012863705277423651,0.06719675872243533,0.919939536000141
25738,LOF,0.012889267545020509,0.07155504332321633,0.9155556891317631
25739,LOF,0.023096599936700504,0.05606991583976525,0.9208334842235342
25740,LOF,0.028888526598899303,0.0790923460314585,0.8920191273696422
25741,LOF,0.01642762591466531,0.0735307682173218,0.910041605868013
25742,LOF,0.11152705776031589,0.05351407212110805,0.834958870118576
25743,LOF,0.03620879456876867,0.07179572115555577,0.8919954842756757
25744,Neutral,0.5586404700631421,0.2994164587337904,0.14194307120306746
25745,LOF,0.06542289300387888,0.10790328820606183,0.8266738187900593
25746,LOF,0.03789850446108478,0.15331428299952554,0.8087872125393897
25747,LOF,0.020526946941508018,0.0991233590523478,0.880349694006144
25748,LOF,0.11128247909696132,0.17304912099246714,0.7156683999105716
25749,LOF,0.024301142894698185,0.13171004767759867,0.8439888094277032
25750,LOF,0.06127525169848018,0.158858281892795,0.7798664664087248
25751,LOF,0.07765906542153286,0.1588262140020017,0.7635147205764655
25752,GOF,0.11986562813604228,0.6302163360831757,0.24991803578078198
25753,LOF,0.023477645993140075,0.3019084206756676,0.6746139333311924
25754,GOF,0.0146558112893256,0.7689431621932877,0.21640102651738657
25755,LOF,0.026073527548932503,0.37580700583429905,0.5981194666167685
25756,LOF,0.052720637892613775,0.3416014200258953,0.605677942081491
25757,GOF,0.02364430129401905,0.851075711040572,0.12527998766540893
25758,GOF,0.03583573719659276,0.7747747267224312,0.18938953608097597
25759,GOF,0.01225075421186152,0.6027049645092863,0.38504428127885215
25760,LOF,0.013711982537632054,0.289436996175367,0.696851021287001
25761,GOF,0.2993720787666488,0.59967306206412,0.10095485916923141
25762,LOF,0.0451218664177143,0.2805425754272927,0.6743355581549929
25763,LOF,0.014637480486828086,0.1999024635264185,0.7854600559867534
25764,GOF,0.08631860869821849,0.6267032352179981,0.28697815608378346
25765,GOF,0.03899844280187555,0.7305183140490134,0.23048324314911117
25766,GOF,0.0678980481899111,0.7395590001174781,0.1925429516926107
25767,GOF,0.14168481716042255,0.5623552656187089,0.2959599172208687
25768,LOF,0.10718485219149115,0.05474830429778821,0.8380668435107207
25769,LOF,0.04748063634768758,0.06855055563817557,0.8839688080141368
25770,LOF,0.301463528628892,0.11139788890095309,0.5871385824701549
25771,LOF,0.04668752941749656,0.05117104627009267,0.9021414243124108
25772,LOF,0.01859842477002663,0.04414850340203448,0.9372530718279388
25773,LOF,0.052137561418098964,0.07486805829022797,0.872994380291673
25774,LOF,0.025851006137651587,0.10770503151484158,0.8664439623475069
25775,LOF,0.052571100661346674,0.052751231305714824,0.8946776680329386
25776,LOF,0.06368466255101507,0.028128476821642025,0.9081868606273429
25777,LOF,0.3501104524957751,0.08620730190047521,0.5636822456037497
25778,LOF,0.06235703048728859,0.04552243571105798,0.8921205338016535
25779,GOF,0.38960947873009955,0.5540125898620941,0.056377931407806364
25780,GOF,0.3471908644808195,0.5665801728974497,0.08622896262173078
25781,GOF,0.12022871983503725,0.7590180938341471,0.12075318633081562
25782,GOF,0.20100314175547904,0.6994728106182251,0.09952404762629595
25783,GOF,0.02361447877259707,0.601095947063342,0.37528957416406095
25784,Neutral,0.515531942611683,0.4356271808382607,0.04884087655005629
25785,Neutral,0.5187260573413246,0.4287125490953899,0.05256139356328553
25786,GOF,0.02763337904412229,0.7484546405330191,0.22391198042285862
25787,Neutral,0.689537105672771,0.2788155147753644,0.03164737955186457
25788,LOF,0.05193033511629785,0.07993257268256027,0.868137092201142
25789,GOF,0.198754456747785,0.6387274209430744,0.16251812230914053
25790,GOF,0.2491099710543186,0.6505402401758116,0.10034978876986983
25791,GOF,0.14060496676064443,0.6854969904025907,0.17389804283676485
25792,GOF,0.35304509182952665,0.5119163166047431,0.1350385915657303
25793,GOF,0.27785621138564365,0.4926189336941493,0.22952485492020713
25794,GOF,0.3379990126737858,0.46482564597342724,0.19717534135278697
25795,GOF,0.07078264155478037,0.6821228714690997,0.2470944869761199
25796,Neutral,0.5396786099884808,0.36821308166059874,0.09210830835092035
25797,GOF,0.08366155303781322,0.5600150324217558,0.356323414540431
25798,GOF,0.009077534504796803,0.5077455378597562,0.483176927635447
25799,LOF,0.007710799698667081,0.4087501986185219,0.5835390016828109
25800,GOF,0.03388286383851337,0.5858219878169525,0.3802951483445341
25801,GOF,0.22327051994872518,0.6475764012737804,0.12915307877749455
25802,GOF,0.0644861885630125,0.6765263640413626,0.25898744739562485
25803,GOF,0.035599520381595716,0.5688996074898887,0.39550087212851565
25804,GOF,0.04043064808549089,0.5072609185635963,0.45230843335091264
25805,GOF,0.12071572613657375,0.5763518163181424,0.30293245754528386
25806,GOF,0.12229333373607587,0.5702621898034855,0.3074444764604386
25807,GOF,0.022830860113652467,0.6252148002010286,0.351954339685319
25808,GOF,0.09917886695047448,0.6060863473704008,0.2947347856791247
25809,GOF,0.020895308990557176,0.6262647798805397,0.352839911128903
25810,GOF,0.02036635137817473,0.6176626683365856,0.3619709802852397
25811,Neutral,0.47849537455476154,0.434914824508342,0.08658980093689646
25812,GOF,0.03810676911298552,0.612418543656683,0.34947468723033154
25813,Neutral,0.5541546774370578,0.33142394728737484,0.11442137527556737
25814,GOF,0.12487563844850608,0.6495955947590543,0.22552876679243972
25815,GOF,0.21410601585698122,0.5722394256790335,0.21365455846398526
25816,GOF,0.023779762687305507,0.6758025342610067,0.3004177030516878
25817,GOF,0.23790202914328987,0.6095654096704727,0.1525325611862375
25818,GOF,0.05954906187498323,0.5536022818368842,0.38684865628813264
25819,GOF,0.4085588247502357,0.430106325124918,0.16133485012484633
25820,GOF,0.19091600677146692,0.5632365806770209,0.24584741255151224
25821,GOF,0.06056179089482841,0.6172579957567709,0.32218021334840063
25822,GOF,0.24060491031710526,0.49893302110647403,0.26046206857642085
25823,GOF,0.03258639017267337,0.4959939297023673,0.47141968012495933
25824,GOF,0.08723584594608416,0.520401363455146,0.39236279059876983
25825,GOF,0.031071720874074376,0.5234147221872243,0.44551355693870137
25826,GOF,0.011929790104115994,0.5021790429171936,0.4858911669786904
25827,GOF,0.024088616785821856,0.5753234725555048,0.40058791065867333
25828,LOF,0.013782958573916863,0.4837062417746939,0.5025107996513891
25829,GOF,0.006490842967713202,0.5413466809993741,0.45216247603291265
25830,LOF,0.03542791933348771,0.26610410328655587,0.6984679773799564
25831,GOF,0.18532949922340475,0.6583857025124599,0.15628479826413547
25832,GOF,0.03442313435453537,0.6384784954651873,0.3270983701802774
25833,GOF,0.13732328143351832,0.6509072175266198,0.21176950103986183
25834,GOF,0.03897214969748338,0.6455398716445923,0.3154879786579244
25835,GOF,0.09285484683243742,0.6533442277661564,0.2538009254014063
25836,GOF,0.04580250839872174,0.6095520863805424,0.3446454052207359
25837,GOF,0.02316635490830951,0.5214427189982656,0.45539092609342496
25838,GOF,0.0854218731536532,0.7090303701959573,0.20554775665038966
25839,GOF,0.2672111676472806,0.5681436283145405,0.164645204038179
25840,GOF,0.2359010429482838,0.5667243298650401,0.19737462718667603
25841,GOF,0.229059329301421,0.5591015408394037,0.21183912985917533
25842,GOF,0.1960025737518623,0.6365547074275102,0.16744271882062742
25843,GOF,0.2385109915184587,0.630328295236618,0.1311607132449233
25844,GOF,0.0595242839713679,0.628551314818326,0.3119244012103062
25845,LOF,0.01410064426608793,0.4696536047214716,0.5162457510124405
25846,GOF,0.10679269306264702,0.6986223477867591,0.19458495915059376
25847,GOF,0.15037094233238932,0.7220702509420996,0.1275588067255111
25848,GOF,0.03577837633588972,0.6624868428899792,0.30173478077413096
25849,GOF,0.010164914860523407,0.5539532273553709,0.43588185778410576
25850,GOF,0.025538971341992484,0.6597224527097015,0.3147385759483061
25851,GOF,0.017122471429823597,0.5509951304323398,0.4318823981378366
25852,GOF,0.1650544066163104,0.5631335731093698,0.27181202027431967
25853,GOF,0.3572882552941924,0.5572954888277314,0.08541625587807622
25854,GOF,0.019551952108868363,0.5925178680065708,0.38793017988456086
25855,GOF,0.03485682319994323,0.5344849634858557,0.430658213314201
25856,GOF,0.2646889583443039,0.48181647912937253,0.2534945625263237
25857,LOF,0.03340914879259521,0.45761741330574,0.5089734379016648
25858,GOF,0.019252586894952965,0.5348621061954018,0.44588530690964523
25859,GOF,0.011390463812468455,0.5160486951686942,0.4725608410188373
25860,GOF,0.3980226177644259,0.5139901945629762,0.0879871876725979
25861,GOF,0.4119733990928708,0.5074072800446122,0.08061932086251697
25862,GOF,0.09801310821664484,0.739374344914107,0.16261254686924811
25863,GOF,0.09852355310108071,0.7513944977653245,0.15008194913359474
25864,GOF,0.2042883361678964,0.7090190553216648,0.08669260851043888
25865,GOF,0.08922154230889554,0.7755140646959267,0.1352643929951778
25866,GOF,0.07242551823423962,0.7731198860018097,0.15445459576395051
25867,GOF,0.11032703386507402,0.7740854679751994,0.11558749815972656
25868,GOF,0.30446551614936523,0.5828960674849654,0.11263841636566946
25869,Neutral,0.7108147299965508,0.24613943705689342,0.04304583294655579
25870,LOF,0.33242720621347105,0.23681681691166484,0.43075597687486405
25871,GOF,0.2148576412547241,0.6066941139356642,0.17844824480961177
25872,GOF,0.10059372373207251,0.6078574863183078,0.2915487899496197
25873,GOF,0.1764030738624207,0.596944107970177,0.22665281816740226
25874,LOF,0.02034841786613951,0.1088194027222161,0.8708321794116444
25875,LOF,0.10499480867453075,0.037985080721581015,0.8570201106038883
25876,LOF,0.03693963501946882,0.03591482751616221,0.927145537464369
25877,Neutral,0.5231949941717042,0.040595504526286186,0.43620950130200964
25878,LOF,0.23419429423520477,0.07167104342489099,0.6941346623399042
25879,LOF,0.09791161048947504,0.08358650519522058,0.8185018843153044
25880,LOF,0.024994868414514034,0.021646951340348008,0.953358180245138
25881,LOF,0.17389406524907128,0.14534676005314845,0.6807591746977802
25882,LOF,0.06940986347366095,0.02149229932172857,0.9090978372046106
25883,LOF,0.07888049517953118,0.02771206177863109,0.8934074430418377
25884,LOF,0.038737343698216256,0.04110147284090876,0.9201611834608749
25885,LOF,0.06417836079990126,0.017176654484634485,0.9186449847154643
25886,LOF,0.30782730552556986,0.04950944672865274,0.6426632477457774
25887,LOF,0.1592509602939727,0.09028359097955037,0.7504654487264769
25888,LOF,0.0631508957377762,0.07182304285194623,0.8650260614102776
25889,LOF,0.04918983539094749,0.027777874380134557,0.9230322902289179
25890,LOF,0.04308552207428567,0.13758426766683046,0.8193302102588839
25891,LOF,0.03575720119429696,0.06380185905556336,0.9004409397501397
25892,LOF,0.10597954876815245,0.016335586545851655,0.8776848646859958
25893,LOF,0.30174902768393763,0.01233106766231371,0.6859199046537486
25894,LOF,0.17932006897415917,0.007408509029458083,0.8132714219963827
25895,LOF,0.20636994238787343,0.016280377637485775,0.7773496799746409
25896,LOF,0.05142577997705241,0.014950413820027287,0.9336238062029202
25897,LOF,0.24817819853083836,0.010174154203814805,0.7416476472653469
25898,Neutral,0.7258678750145542,0.0070698517394245965,0.2670622732460213
25899,LOF,0.2554008468184714,0.016997252173479204,0.7276019010080493
25900,LOF,0.4490044146135691,0.014442667270443018,0.5365529181159879
25901,LOF,0.0639699626972083,0.008672446500876967,0.9273575908019148
25902,LOF,0.19436941772545657,0.008705424757930433,0.796925157516613
25903,Neutral,0.5313943478942406,0.024659437421304164,0.44394621468445533
25904,LOF,0.30257593119581994,0.03220067271975409,0.665223396084426
25905,LOF,0.02480630390654151,0.2999315176640142,0.6752621784294444
25906,LOF,0.028215996857261186,0.05366211026473455,0.9181218928780043
25907,LOF,0.015112063873429284,0.34016615429007857,0.6447217818364922
25908,LOF,0.011497452617815384,0.23479691091075758,0.753705636471427
25909,LOF,0.014623144596750156,0.11716010882685562,0.8682167465763942
25910,LOF,0.04766773967780411,0.13199170136742208,0.8203405589547739
25911,LOF,0.12004104545886955,0.04627572481086332,0.8336832297302671
25912,LOF,0.03973211957904114,0.06220442936712691,0.8980634510538319
25913,LOF,0.2859755369774226,0.028374136815588,0.6856503262069894
25914,LOF,0.022681018744810138,0.10978481865703495,0.8675341625981549
25915,Neutral,0.40028534287649764,0.3239535580832964,0.2757610990402059
25916,LOF,0.05428959600427622,0.3180208251251803,0.6276895788705434
25917,LOF,0.058467303927307104,0.0663686375228405,0.8751640585498525
25918,LOF,0.030327253699222536,0.06457155564611966,0.9051011906546577
25919,LOF,0.024767140420944946,0.06578743331812836,0.9094454262609266
25920,GOF,0.0777939019837715,0.5272655522874093,0.39494054572881915
25921,LOF,0.030425567063751362,0.01973772316338766,0.949836709772861
25922,LOF,0.04242796786863632,0.012904586174821922,0.9446674459565418
25923,LOF,0.4041042116411946,0.015271066728899194,0.5806247216299062
25924,LOF,0.04357098822627888,0.027201646700394905,0.9292273650733263
25925,LOF,0.0770445714990527,0.02271090672148768,0.9002445217794597
25926,LOF,0.05142151002486735,0.015066504615489003,0.9335119853596436
25927,LOF,0.07398590760583554,0.05993467926945245,0.8660794131247119
25928,LOF,0.023269433945885314,0.0301023555115778,0.9466282105425369
25929,Neutral,0.5419661563538568,0.0163549148739771,0.4416789287721661
25930,LOF,0.06074338534431599,0.01262482465130727,0.9266317900043767
25931,LOF,0.031068188948895986,0.016614685460911213,0.9523171255901928
25932,LOF,0.029908469514953413,0.01294340064552655,0.95714812983952
25933,LOF,0.04322086836575794,0.00898077573519909,0.9477983558990429
25934,LOF,0.026497356850869926,0.009724798403064765,0.9637778447460652
25935,LOF,0.06678703711956793,0.027147825920775966,0.9060651369596562
25936,LOF,0.05362788732749987,0.01312909941206891,0.9332430132604312
25937,LOF,0.028302519352702605,0.02393905963245493,0.9477584210148425
25938,LOF,0.06926906799030583,0.0293121570092779,0.9014187750004162
25939,LOF,0.04282533946993337,0.008827894782185037,0.9483467657478817
25940,LOF,0.0292363471703006,0.34054600473111735,0.6302176480985819
25941,LOF,0.18154606037549964,0.08049265164963633,0.737961287974864
25942,LOF,0.017338532913581565,0.03756065833067824,0.9451008087557403
25943,LOF,0.30395683589231576,0.057058402373795024,0.6389847617338893
25944,LOF,0.47407103352493357,0.03571975078315011,0.4902092156919162
25945,LOF,0.07477881541555394,0.023151214273637918,0.902069970310808
25946,LOF,0.027598982505853315,0.10905333849359243,0.8633476790005543
25947,LOF,0.11802608549146619,0.1948143194796306,0.6871595950289032
25948,LOF,0.42212303115446037,0.01932031926989653,0.5585566495756431
25949,LOF,0.0968545984570237,0.07485573621492217,0.8282896653280541
25950,GOF,0.3071300331373311,0.39891150680261506,0.29395846006005383
25951,LOF,0.25566544277557046,0.2153470369687444,0.5289875202556852
25952,LOF,0.0453612425404148,0.40609389733668916,0.548544860122896
25953,LOF,0.13288244732332385,0.11076813667440379,0.7563494160022723
25954,LOF,0.4105027503662594,0.17425271601741824,0.41524453361632235
25955,LOF,0.06543496772462072,0.08409080586965598,0.8504742264057232
25956,LOF,0.1989719629051929,0.09632855947628959,0.7046994776185174
25957,LOF,0.036235852318767206,0.0429872973877142,0.9207768502935185
25958,LOF,0.06058896962481182,0.025543875162117376,0.9138671552130708
25959,LOF,0.0657308293990716,0.31254302562463393,0.6217261449762945
25960,LOF,0.019329983949453115,0.05492694250162519,0.9257430735489216
25961,LOF,0.04930552064994621,0.032545149640024994,0.9181493297100288
25962,LOF,0.05260147988104206,0.03517115391848525,0.9122273662004727
25963,LOF,0.048750256169844436,0.18329081814492373,0.7679589256852319
25964,LOF,0.03599563537858366,0.16410534633904292,0.7998990182823734
25965,LOF,0.41903182227034863,0.08034262888151997,0.5006255488481314
25966,LOF,0.4017331200936989,0.18369689508302178,0.4145699848232793
25967,LOF,0.012152036470770894,0.08883786552530779,0.8990100980039213
25968,GOF,0.03242369185420138,0.5107438559583161,0.45683245218748264
25969,LOF,0.023801592394666195,0.06990076286858925,0.9062976447367446
25970,LOF,0.05955083728831156,0.061431753129258394,0.8790174095824301
25971,LOF,0.08390134843622449,0.016692400756926472,0.899406250806849
25972,LOF,0.08516948438589708,0.022941483257629205,0.8918890323564738
25973,LOF,0.10432739038627464,0.005304676814288881,0.8903679327994366
25974,LOF,0.226246806413723,0.014386706133066703,0.7593664874532102
25975,LOF,0.06044127727206689,0.016478795155619296,0.9230799275723137
25976,LOF,0.0468474235346201,0.011794427173305868,0.9413581492920741
25977,LOF,0.15573917657018685,0.09469308035177866,0.7495677430780345
25978,LOF,0.14790491939282377,0.047472465033323426,0.8046226155738528
25979,LOF,0.14016570144546048,0.04637370201816415,0.8134605965363754
25980,LOF,0.18760083370174804,0.06265858167427889,0.749740584623973
25981,LOF,0.2202105125228362,0.060333392308422634,0.7194560951687413
25982,LOF,0.4166924487907814,0.04082482686230023,0.5424827243469184
25983,LOF,0.4093309275657035,0.039398772320228335,0.5512703001140682
25984,LOF,0.054023202277605056,0.07078905657903903,0.8751877411433558
25985,LOF,0.024900180419447214,0.28564810874122487,0.6894517108393279
25986,LOF,0.03615952277002142,0.3051719349653299,0.6586685422646487
25987,LOF,0.07581190016719783,0.09554520154393939,0.8286428982888628
25988,LOF,0.12406228289546495,0.0859290193318037,0.7900086977727313
25989,LOF,0.02987720269574544,0.16677033574573963,0.8033524615585148
25990,LOF,0.03729408090597805,0.1819989506554739,0.780706968438548
25991,LOF,0.23755268428056123,0.27198578423530856,0.49046153148413024
25992,LOF,0.37503302290633206,0.16210265589172904,0.46286432120193893
25993,LOF,0.02569786869432439,0.06678693225964548,0.9075151990460302
25994,LOF,0.018454595642709123,0.10077184365458347,0.8807735607027074
25995,LOF,0.028740726034316686,0.19030974136668613,0.7809495325989971
25996,GOF,0.30064444166203846,0.45384586332334614,0.24550969501461548
25997,GOF,0.11676279991672785,0.4785653160399457,0.40467188404332644
25998,Neutral,0.5571264301077048,0.01698091735673972,0.42589265253555547
25999,LOF,0.15050643146008888,0.12797852506724897,0.7215150434726622
26000,LOF,0.15821455206621107,0.03223799196484962,0.8095474559689393
26001,LOF,0.166364020478907,0.03648762102626434,0.7971483584948286
26002,LOF,0.1464615540680413,0.03421206947380201,0.8193263764581566
26003,GOF,0.01033486054844676,0.6188565375344762,0.370808601917077
26004,GOF,0.02213333320688168,0.6937158838718005,0.2841507829213178
26005,GOF,0.008517402729896642,0.4971218777079604,0.49436071956214284
26006,Neutral,0.5186014772515339,0.26258284964845474,0.21881567310001132
26007,GOF,0.019827927338310906,0.5348026477316314,0.44536942493005766
26008,GOF,0.020859536772122364,0.5986405260845945,0.38049993714328323
26009,GOF,0.023866875820945283,0.6088190872608897,0.367314036918165
26010,GOF,0.02397718359998171,0.6431912698180955,0.33283154658192293
26011,LOF,0.007689230666116962,0.4849728848881378,0.5073378844457453
26012,GOF,0.01587425591966485,0.5788592620989262,0.4052664819814089
26013,GOF,0.019889981120896058,0.6176477946071618,0.36246222427194225
26014,LOF,0.043000754978491935,0.13883845344705922,0.8181607915744489
26015,LOF,0.23452295832153092,0.013303379922197864,0.7521736617562712
26016,LOF,0.2755380525772852,0.054883812272189504,0.6695781351505252
26017,LOF,0.23179166265542633,0.08988530059950275,0.6783230367450708
26018,LOF,0.10880503587461302,0.05315576105793513,0.8380392030674518
26019,LOF,0.10211017870625627,0.03916734613448825,0.8587224751592554
26020,LOF,0.06336040662496681,0.13178811526779222,0.8048514781072409
26021,LOF,0.05127082175777526,0.15599549227052917,0.7927336859716956
26022,LOF,0.01179135192407948,0.06039054529211612,0.9278181027838043
26023,LOF,0.12933302908587183,0.030019826053036203,0.8406471448610919
26024,LOF,0.03158018481277976,0.13912997429578317,0.8292898408914371
26025,LOF,0.14939418626661527,0.124095000383959,0.7265108133494258
26026,LOF,0.31336164188057686,0.03055423330822332,0.6560841248111998
26027,LOF,0.09837774647678965,0.023334041539052258,0.8782882119841582
26028,LOF,0.14695361504383286,0.10336566389001982,0.7496807210661474
26029,LOF,0.06664516653048635,0.16142037949809582,0.7719344539714179
26030,LOF,0.023855722404119737,0.05827353174569913,0.917870745850181
26031,LOF,0.02733210653083251,0.12630355972172594,0.8463643337474416
26032,LOF,0.06575319432464205,0.05584833769386954,0.8783984679814884
26033,LOF,0.11816355184646467,0.06387319986107853,0.8179632482924568
26034,LOF,0.04333844026810666,0.13408646805304916,0.8225750916788442
26035,LOF,0.025944235679470143,0.11740978167260527,0.8566459826479246
26036,LOF,0.03896313842116108,0.14024355375128275,0.8207933078275562
26037,LOF,0.02210966337336225,0.10367898191753705,0.8742113547091007
26038,LOF,0.062006283165124694,0.05258838216480455,0.8854053346700708
26039,LOF,0.05241448599412777,0.1291422593529451,0.8184432546529271
26040,LOF,0.19471169899632162,0.10061769274115619,0.7046706082625221
26041,LOF,0.022640472047943828,0.10213229546545254,0.8752272324866036
26042,LOF,0.021772293537524363,0.09671878589529545,0.8815089205671802
26043,LOF,0.060698040749402736,0.06406646888767423,0.8752354903629231
26044,LOF,0.020571447239157555,0.06669974233781499,0.9127288104230276
26045,LOF,0.06883014994527441,0.0924288168805583,0.8387410331741673
26046,LOF,0.06329850777766052,0.06636945577353595,0.8703320364488035
26047,LOF,0.09227473791117198,0.07409966781625023,0.8336255942725778
26048,LOF,0.049072639711527234,0.04978275405849149,0.9011446062299813
26049,Neutral,0.9542232247862479,0.007276673115512132,0.03850010209823992
26050,Neutral,0.9352856629515232,0.008717116429727459,0.05599722061874933
26051,LOF,0.037877942505867714,0.3069355555531998,0.6551865019409325
26052,LOF,0.06745861230049073,0.3022311761930481,0.6303102115064612
26053,LOF,0.05659544595548311,0.14081316160001314,0.8025913924445036
26054,LOF,0.05762707190424707,0.026153337803787546,0.9162195902919654
26055,LOF,0.07611997006906045,0.019389941414997558,0.904490088515942
26056,LOF,0.060977136772516836,0.021093123931258697,0.9179297392962245
26057,LOF,0.032846650038671196,0.012370473679206627,0.9547828762821221
26058,LOF,0.03309334935825793,0.01052873328196912,0.956377917359773
26059,LOF,0.286718711682179,0.0349887704029883,0.6782925179148327
26060,LOF,0.031729723635694984,0.17410790714153912,0.794162369222766
26061,LOF,0.016915549386823475,0.01376017506162875,0.9693242755515478
26062,LOF,0.010706769579303468,0.021849109574322536,0.9674441208463741
26063,LOF,0.023282454834345347,0.013386611355422863,0.9633309338102318
26064,LOF,0.023602475379596786,0.02017075950315771,0.9562267651172456
26065,LOF,0.02637902641598079,0.013517617062258428,0.9601033565217608
26066,LOF,0.022229466769625176,0.012309547998993323,0.9654609852313814
26067,LOF,0.0281259404317088,0.009093064107106898,0.9627809954611842
26068,LOF,0.04898891353785096,0.041824566723732935,0.9091865197384161
26069,LOF,0.2598993816197412,0.025549141709714573,0.7145514766705443
26070,LOF,0.41061635340843594,0.019662589484519315,0.5697210571070448
26071,LOF,0.024185446145020086,0.014254468767940627,0.9615600850870394
26072,LOF,0.022696132120654564,0.01872149194483097,0.9585823759345145
26073,LOF,0.02665551905037913,0.012437818932378003,0.9609066620172428
26074,Neutral,0.9144819746175842,0.006708596131615957,0.07880942925079974
26075,LOF,0.04585957587265188,0.01713318783388538,0.9370072362934627
26076,LOF,0.04657367111733195,0.009786053324348117,0.94364027555832
26077,LOF,0.009119917691050443,0.019952698930451932,0.9709273833784977
26078,LOF,0.01422849204924474,0.013930330171713653,0.9718411777790417
26079,LOF,0.05744721065656135,0.02081903539752533,0.9217337539459133
26080,LOF,0.05646261719627236,0.02078553539683472,0.922751847406893
26081,LOF,0.039832354326401705,0.008041345893405534,0.9521262997801928
26082,LOF,0.01703002412921116,0.018162396124560488,0.9648075797462284
26083,LOF,0.13107067454512705,0.014189229698271332,0.8547400957566016
26084,LOF,0.02861202776567886,0.013704879564022132,0.9576830926702992
26085,LOF,0.023793579179223825,0.013049159350674399,0.9631572614701018
26086,LOF,0.025767360272115254,0.0125419100262895,0.9616907297015952
26087,LOF,0.027156980502533335,0.009150504941344912,0.9636925145561218
26088,LOF,0.017552532266602507,0.02600246857108048,0.9564449991623171
26089,LOF,0.0447352698123128,0.027093926183683788,0.9281708040040033
26090,LOF,0.043303848385949084,0.02153530989846523,0.9351608417155858
26091,LOF,0.04108790731913621,0.007491904887400484,0.9514201877934632
26092,LOF,0.027346306567257485,0.009797718558617694,0.9628559748741249
26093,LOF,0.04023451255924263,0.007330362137194374,0.9524351253035629
26094,LOF,0.043752877265478704,0.008178765381060946,0.9480683573534603
26095,LOF,0.0510297663659318,0.015975734041364025,0.9329944995927043
26096,LOF,0.020168908626237176,0.01438147579945145,0.9654496155743113
26097,LOF,0.010722615600997087,0.042724694040908416,0.9465526903580944
26098,LOF,0.07050138569577548,0.013907515158629294,0.9155910991455953
26099,LOF,0.025348497481604143,0.015311056875468429,0.9593404456429274
26100,LOF,0.027383691641256005,0.014569296118076124,0.9580470122406679
26101,LOF,0.060549521073210016,0.014821667643049955,0.92462881128374
26102,LOF,0.027203028097002514,0.014416008762300517,0.9583809631406969
26103,Neutral,0.8834519263436077,0.023018836064118343,0.09352923759227409
26104,LOF,0.07058941518475968,0.037710407330904284,0.8917001774843359
26105,LOF,0.24337580715902374,0.2721204101137425,0.48450378272723377
26106,LOF,0.17872463685538215,0.12886787516234371,0.6924074879822741
26107,LOF,0.2517237829167055,0.09596435369539558,0.6523118633878988
26108,LOF,0.2353646290544947,0.127144486740605,0.6374908842049003
26109,LOF,0.09577618525083878,0.10214206216528428,0.8020817525838769
26110,LOF,0.23194553345301183,0.010033349071913366,0.7580211174750747
26111,LOF,0.4795763699481892,0.025910658776065434,0.49451297127574545
26112,LOF,0.03352455564945124,0.009997060650513092,0.9564783837000357
26113,LOF,0.05232418614671626,0.0189132282788812,0.9287625855744025
26114,LOF,0.029993464696196372,0.023982465305491397,0.9460240699983121
26115,LOF,0.10254590753533271,0.051474123803719046,0.8459799686609482
26116,LOF,0.0785601537127977,0.04943720607958471,0.8720026402076176
26117,LOF,0.40423335193838195,0.05032899806134005,0.545437650000278
26118,LOF,0.04259419644361481,0.02496842704706168,0.9324373765093236
26119,LOF,0.02460047199613903,0.04015617838378986,0.935243349620071
26120,LOF,0.03248310942318643,0.024018546443506362,0.9434983441333071
26121,LOF,0.05551302592913587,0.08251480370613268,0.8619721703647315
26122,LOF,0.04919723026560319,0.04550331383841208,0.9052994558959847
