feature0,prediction,LoGoFunc_Neutral,LoGoFunc_GOF,LoGoFunc_LOF
25546,Neutral,0.6351097394720757,0.0520827245358296,0.3128075359920948
25547,Neutral,0.4846577454753969,0.08178247096965131,0.4335597835549517
25548,Neutral,0.4920592871497555,0.06842433049175863,0.4395163823584859
25549,LOF,0.43001769112764804,0.06634250536955459,0.5036398035027974
25550,LOF,0.35560883806830007,0.09054875778960883,0.5538424041420911
25551,LOF,0.3246858245296191,0.09841087292933458,0.5769033025410463
25552,LOF,0.2894522642442083,0.09942827800772623,0.6111194577480654
25553,Neutral,0.7981406883683656,0.04248997254571433,0.15936933908592016
25554,LOF,0.3232441973483869,0.08950946237425492,0.5872463402773581
25555,LOF,0.27694886714157035,0.08616600759530842,0.6368851252631212
25556,LOF,0.45249121953675275,0.07776943495842265,0.46973934550482455
25557,LOF,0.2628952685041482,0.09181775138422416,0.6452869801116277
25558,LOF,0.3148170531988893,0.08788176851486484,0.597301178286246
25559,LOF,0.2703713379054571,0.13518741767100326,0.5944412444235397
25560,LOF,0.17734976543106534,0.11536971765179652,0.7072805169171382
25561,LOF,0.1694892970173707,0.13527016050835733,0.6952405424742719
25562,LOF,0.07133551695857547,0.08884931740432593,0.8398151656370987
25563,LOF,0.02601115413847364,0.14498066419515232,0.829008181666374
25564,LOF,0.21602630137298898,0.13768671284296252,0.6462869857840485
25565,LOF,0.21981358043179552,0.156146402385476,0.6240400171827285
25566,GOF,0.09838843779696908,0.6913289022088447,0.21028265999418616
25567,LOF,0.03990473955780983,0.1783213120493751,0.7817739483928151
25568,LOF,0.06470439162048519,0.0816637715307146,0.8536318368488003
25569,LOF,0.06530844686311105,0.0832090084968957,0.8514825446399934
25570,LOF,0.030516464387256352,0.11141046452370103,0.8580730710890426
25571,LOF,0.02925946169676585,0.11770504313223162,0.8530354951710026
25572,LOF,0.06435382968182495,0.1369411421591056,0.7987050281590695
25573,LOF,0.06263574960209865,0.10321786909701519,0.8341463813008861
25574,LOF,0.061951167550365706,0.24309242700917788,0.6949564054404564
25575,LOF,0.02594323550214557,0.13960532195874292,0.8344514425391115
25576,LOF,0.0334366056617101,0.1644900952317482,0.8020732991065417
25577,LOF,0.03388812772012395,0.12602926152649332,0.8400826107533828
25578,LOF,0.31702930446553973,0.09881751048577486,0.5841531850486854
25579,LOF,0.1500996453825872,0.10393416460963738,0.7459661900077754
25580,LOF,0.022744131316846647,0.09319900794757668,0.8840568607355767
25581,LOF,0.06035083679324187,0.0760832753222647,0.8635658878844935
25582,LOF,0.06040143804443123,0.07424233514902853,0.8653562268065403
25583,LOF,0.02539935746758525,0.08983079322164812,0.8847698493107665
25584,Neutral,0.6876742509889887,0.13782187979730967,0.1745038692137015
25585,LOF,0.027240761873608157,0.15902279242280337,0.8137364457035885
25586,LOF,0.01965008314564327,0.07927344763626097,0.9010764692180957
25587,LOF,0.01930385823250716,0.06904311828654908,0.9116530234809437
25588,LOF,0.02334832826325075,0.07761278787559343,0.8990388838611558
25589,Neutral,0.47385718023577555,0.26643047991015406,0.25971233985407055
25590,LOF,0.050307207673499076,0.13341939612834663,0.8162733961981543
25591,LOF,0.10561358783281236,0.06730935608377933,0.8270770560834082
25592,LOF,0.05760387180936369,0.15912127297569734,0.783274855214939
25593,LOF,0.14098467307835005,0.30641438874088384,0.552600938180766
25594,LOF,0.049978914590917266,0.08833799698732074,0.8616830884217619
25595,LOF,0.04369539939592593,0.0666873344022924,0.8896172662017817
25596,LOF,0.09470792261422639,0.03477562061267088,0.8705164567731026
25597,LOF,0.0798999432180072,0.045348335968303635,0.8747517208136891
25598,LOF,0.05144689262317097,0.06649789279262412,0.8820552145842049
25599,GOF,0.019257168708490993,0.49352193042106945,0.4872209008704397
25600,GOF,0.15531256553512554,0.5195089022414758,0.3251785322233986
25601,LOF,0.037766322295900934,0.4010082564097298,0.5612254212943693
25602,LOF,0.03372970311651699,0.05785780428734253,0.9084124925961405
25603,LOF,0.03395294243770453,0.032985822838287944,0.9330612347240075
25604,LOF,0.032848719701687915,0.07348587275355045,0.8936654075447616
25605,LOF,0.03442504154274163,0.18044475348231537,0.785130204974943
25606,LOF,0.4375845769992223,0.12002038740726372,0.442395035593514
25607,LOF,0.02839241284248524,0.15655816167650421,0.8150494254810104
25608,LOF,0.03597658871122913,0.07460890407155946,0.8894145072172114
25609,GOF,0.13016975992863725,0.5456054310337318,0.3242248090376309
25610,LOF,0.01618932144370833,0.03405475775270267,0.9497559208035891
25611,LOF,0.013696038970965184,0.03881868737016634,0.9474852736588684
25612,LOF,0.0467752479381248,0.054314203949482796,0.8989105481123925
25613,LOF,0.045540835392234025,0.055827588960117976,0.898631575647648
25614,LOF,0.023294394550018256,0.03150920603611782,0.9451963994138639
25615,LOF,0.04217140434838151,0.05341008133775767,0.9044185143138608
25616,LOF,0.051883310852487305,0.03355062044714959,0.914566068700363
25617,LOF,0.04336974939305404,0.048895736307849234,0.9077345142990967
25618,LOF,0.0486486182107073,0.04187458527690087,0.9094767965123918
25619,LOF,0.013407750896739654,0.04015916799525452,0.946433081108006
25620,LOF,0.06429494357889312,0.054284386200802885,0.8814206702203041
25621,LOF,0.05283248323870137,0.04760458094504587,0.8995629358162528
25622,LOF,0.06399168983333137,0.04218957428103352,0.893818735885635
25623,LOF,0.0701340949590651,0.0336986479671317,0.8961672570738032
25624,LOF,0.01903198962114729,0.04013620113147518,0.9408318092473774
25625,LOF,0.058960990539517186,0.047972030144204515,0.8930669793162783
25626,LOF,0.046375670126433025,0.0532293369902994,0.9003949928832675
25627,Neutral,0.8947501330426265,0.019425134188268366,0.08582473276910511
25628,LOF,0.15231275195306562,0.06196071116276591,0.7857265368841685
25629,LOF,0.06575164864551614,0.04873434004486882,0.885514011309615
25630,LOF,0.27094091248301766,0.0699314741520637,0.6591276133649187
25631,Neutral,0.5556251158544212,0.06712298643297435,0.37725189771260453
25632,LOF,0.02883379754207553,0.06104848428697706,0.9101177181709473
25633,LOF,0.17040761511746896,0.03538733359781569,0.7942050512847153
25634,LOF,0.034839080458745536,0.08322278865163564,0.8819381308896187
25635,LOF,0.040847681058158614,0.03983561721330503,0.9193167017285363
25636,GOF,0.03218435041122253,0.48492024623833196,0.4828954033504457
25637,GOF,0.06847811267890018,0.5335415596102139,0.39798032771088593
25638,LOF,0.026806742150926047,0.38751169181301265,0.5856815660360614
25639,LOF,0.03068464706655445,0.4147584617933641,0.5545568911400814
25640,Neutral,0.7593236648351449,0.19590503186006705,0.04477130330478796
25641,GOF,0.06291420680465216,0.4859825150323141,0.4511032781630338
25642,LOF,0.045628650913146926,0.17783538615682637,0.7765359629300267
25643,LOF,0.19045022207577106,0.1512251902924193,0.6583245876318097
25644,LOF,0.02612202854091727,0.47123617302172044,0.5026417984373623
25645,LOF,0.0261218995640582,0.40682269609472604,0.5670554043412157
25646,LOF,0.06222262013493477,0.3435090401738149,0.5942683396912503
25647,LOF,0.02939803720208503,0.28063454735502075,0.6899674154428942
25648,LOF,0.04004758401131464,0.28102066713245527,0.6789317488562301
25649,LOF,0.01964581785877713,0.25521254854750586,0.7251416335937171
25650,LOF,0.05043875957974977,0.40324904654152033,0.5463121938787299
25651,LOF,0.021539835632812417,0.2995580804133241,0.6789020839538634
25652,LOF,0.04075215448142974,0.273545693111838,0.6857021524067322
25653,LOF,0.08735940312666425,0.4187565161523442,0.4938840807209917
25654,LOF,0.029043253279833384,0.26794054548429497,0.7030162012358717
25655,GOF,0.23414290864829088,0.4007596931900914,0.36509739816161757
25656,LOF,0.33482545637511585,0.06411157140037771,0.6010629722245064
25657,LOF,0.0715674338355367,0.06749150124089492,0.8609410649235684
25658,LOF,0.35450941933854085,0.05622672623971761,0.5892638544217416
25659,Neutral,0.5223144256594493,0.07631288020533121,0.4013726941352195
25660,LOF,0.022414944045280123,0.08025722076900746,0.8973278351857124
25661,LOF,0.10129315556766832,0.058406701485379076,0.8403001429469525
25662,LOF,0.035726409084945274,0.03300501002839305,0.9312685808866616
25663,LOF,0.04976465544246116,0.045697580761971536,0.9045377637955673
25664,LOF,0.1327169721281249,0.06359007877851829,0.8036929490933569
25665,LOF,0.0544207875958381,0.0316281892287223,0.9139510231754396
25666,LOF,0.09379657367479274,0.0705028186143749,0.8357006077108324
25667,LOF,0.07702124215486886,0.03800098403399451,0.8849777738111366
25668,LOF,0.03997988201928742,0.04507169266100151,0.914948425319711
25669,LOF,0.03448407059159894,0.04740472745600767,0.9181112019523933
25670,LOF,0.1483906099709581,0.0577051993169859,0.7939041907120559
25671,LOF,0.11623575835227676,0.03629730658183549,0.8474669350658877
25672,LOF,0.053060624158392564,0.044500816745734084,0.9024385590958733
25673,LOF,0.07828306759026041,0.050296270946664265,0.8714206614630753
25674,LOF,0.06942425487216171,0.060096025643282786,0.8704797194845555
25675,LOF,0.12358133498832942,0.05570025987484927,0.8207184051368214
25676,LOF,0.019768162706282677,0.051744486702283675,0.9284873505914335
25677,LOF,0.02697379675397697,0.06744340323497994,0.9055828000110431
25678,LOF,0.18601243188118882,0.05918653190443584,0.7548010362143754
25679,LOF,0.11508835242619703,0.07490553296592256,0.8100061146078804
25680,LOF,0.03558748239641774,0.11152015930788352,0.8528923582956988
25681,LOF,0.05603326626475492,0.10590886279003033,0.8380578709452148
25682,LOF,0.1561955565407129,0.06957752663933352,0.7742269168199536
25683,LOF,0.12343416801319904,0.08477744106570671,0.7917883909210942
25684,LOF,0.048858095945561224,0.0692600652419043,0.8818818388125345
25685,LOF,0.142043016816384,0.05625991138182691,0.8016970718017891
25686,LOF,0.07610825518307078,0.084183759357755,0.8397079854591742
25687,LOF,0.12917472467213903,0.08490050127773414,0.7859247740501267
25688,LOF,0.33645876880760994,0.03203370486335542,0.6315075263290345
25689,LOF,0.25585397030412366,0.03329989914549564,0.7108461305503807
25690,LOF,0.344601217810427,0.02801494453575809,0.6273838376538148
25691,Neutral,0.7137822930355692,0.022383248661456086,0.26383445830297464
25692,LOF,0.32553861735256734,0.00961797976533555,0.6648434028820972
25693,LOF,0.053491831168806125,0.41602703690312837,0.5304811319280656
25694,LOF,0.11096058404275262,0.018531803620181277,0.8705076123370661
25695,LOF,0.10783176735674886,0.01801360653421151,0.8741546261090396
25696,LOF,0.15560767885207688,0.01034126907108991,0.8340510520768333
25697,LOF,0.08867134754047012,0.04109002629020209,0.8702386261693278
25698,LOF,0.3366837779133424,0.1779024078500166,0.48541381423664104
25699,LOF,0.44217591078046614,0.04148317969368983,0.5163409095258441
25700,LOF,0.07804724444073664,0.00847507698581432,0.9134776785734491
25701,LOF,0.13788725163789553,0.056388846599002375,0.805723901763102
25702,GOF,0.1865839820945159,0.598478509848746,0.21493750805673825
25703,LOF,0.017597065893564984,0.14508001400955223,0.8373229200968827
25704,LOF,0.047614818774720624,0.09706559351706374,0.8553195877082157
25705,LOF,0.05535586133604051,0.158150727557717,0.7864934111062425
25706,LOF,0.10113690149654332,0.4364221397499462,0.46244095875351054
25707,LOF,0.10292276524231217,0.3793555024118581,0.5177217323458297
25708,LOF,0.033274514064141204,0.32563807739260936,0.6410874085432494
25709,LOF,0.06739936799405856,0.043987174862357974,0.8886134571435834
25710,LOF,0.01244370257381459,0.15386203591843456,0.8336942615077509
25711,LOF,0.020503222939552923,0.10328333389897582,0.8762134431614713
25712,LOF,0.014253341779173565,0.19883606663953463,0.7869105915812918
25713,LOF,0.019859112468728474,0.08586892031263411,0.8942719672186374
25714,LOF,0.07893924709925738,0.0832880051694395,0.8377727477313032
25715,LOF,0.011836461712279584,0.14478994547606017,0.8433735928116602
25716,LOF,0.012681331420829566,0.11090078176689262,0.8764178868122777
25717,LOF,0.012422462601882688,0.08263095847535397,0.9049465789227633
25718,LOF,0.012989550636806778,0.10382320977098972,0.8831872395922035
25719,LOF,0.01956035961846626,0.08712605573809147,0.8933135846434423
25720,LOF,0.024718896485977877,0.06918148961227436,0.9060996139017478
25721,LOF,0.016184995604065736,0.1243438124610719,0.8594711919348623
25722,LOF,0.015161294619481687,0.13329678919462548,0.8515419161858928
25723,LOF,0.024278874839205686,0.04409523415098393,0.9316258910098103
25724,LOF,0.033888274902187196,0.09591746476971642,0.8701942603280964
25725,LOF,0.012412063152689804,0.07168207542906245,0.9159058614182477
25726,LOF,0.016140577257629133,0.1140312224035872,0.8698282003387836
25727,LOF,0.013678647461960422,0.081196110660291,0.9051252418777486
25728,LOF,0.010211715128938105,0.1302405827524898,0.8595477021185721
25729,LOF,0.010882266744698886,0.12674089775289724,0.862376835502404
25730,LOF,0.014358523932280171,0.08944354790681411,0.8961979281609057
25731,LOF,0.02089555291660855,0.11703248022157509,0.8620719668618163
25732,LOF,0.01497379887654503,0.08497994092723314,0.9000462601962219
25733,LOF,0.017076785970863144,0.0818547428304397,0.9010684711986972
25734,LOF,0.011991799322395915,0.12678702181862297,0.8612211788589812
25735,LOF,0.014537723706550404,0.0941909929024105,0.891271283391039
25736,LOF,0.016229244773880182,0.10702957836596977,0.8767411768601501
25737,LOF,0.012846867538914909,0.0803822552366172,0.9067708772244679
25738,LOF,0.012139761309899938,0.10978660090839305,0.878073637781707
25739,LOF,0.022042054647828574,0.07872436739445085,0.8992335779577205
25740,LOF,0.025019661503531503,0.11441281260555565,0.8605675258909128
25741,LOF,0.015347528961019295,0.1174469356222882,0.8672055354166925
25742,LOF,0.12718582459979139,0.08504461020558454,0.787769565194624
25743,LOF,0.031856476380948365,0.0471279928778684,0.9210155307411831
25744,Neutral,0.5950384578181666,0.1878443455392209,0.21711719664261248
25745,LOF,0.07890597978483267,0.08139761409937118,0.8396964061157962
25746,LOF,0.039736255636309746,0.0978607537380408,0.8624029906256494
25747,LOF,0.02054537002211831,0.06309801158046767,0.916356618397414
25748,LOF,0.09168709915640258,0.09368543312031274,0.8146274677232848
25749,LOF,0.02441689844522771,0.09290736147675584,0.8826757400780165
25750,LOF,0.08875632129534504,0.09269085261994933,0.8185528260847056
25751,LOF,0.09468109438448546,0.09379399052562097,0.8115249150898936
25752,GOF,0.12791913302021324,0.6171600266982756,0.25492084028151113
25753,LOF,0.01925384583676743,0.2685821435644078,0.7121640105988248
25754,GOF,0.011674925767975736,0.766691581296866,0.22163349293515808
25755,LOF,0.020664073627753236,0.3927591190644442,0.5865768073078025
25756,LOF,0.04130981947759526,0.3523475879858114,0.6063425925365933
25757,GOF,0.013618925015659391,0.8134459703229187,0.17293510466142198
25758,GOF,0.028699548334796585,0.7941374567302488,0.17716299493495466
25759,GOF,0.010507294662388351,0.5578994187411052,0.4315932865965065
25760,LOF,0.01218901015858011,0.2528863014286528,0.7349246884127669
25761,GOF,0.26360388673954127,0.6266615300566539,0.10973458320380473
25762,LOF,0.036489548242257336,0.26663701197539136,0.6968734397823514
25763,LOF,0.013950047512962466,0.19928499347408982,0.7867649590129477
25764,GOF,0.08069202371425992,0.6007601926666292,0.3185477836191109
25765,GOF,0.03741552609823386,0.7319687405382729,0.2306157333634933
25766,GOF,0.07219875256195275,0.7355004320760751,0.19230081536197216
25767,GOF,0.17109252304394254,0.573079937483536,0.2558275394725214
25768,LOF,0.11750693867268748,0.06908211798868306,0.8134109433386295
25769,LOF,0.06134826016748877,0.05467916586972127,0.88397257396279
25770,LOF,0.31120924951058687,0.10360628426864206,0.585184466220771
25771,LOF,0.044583095984343,0.04885064066120316,0.9065662633544538
25772,LOF,0.01949977128426147,0.037531582259322877,0.9429686464564156
25773,LOF,0.05016659428316623,0.09460150164972277,0.855231904067111
25774,LOF,0.029901001205805022,0.07458117822779836,0.8955178205663967
25775,LOF,0.04753136032197768,0.047501794994184054,0.9049668446838383
25776,LOF,0.08329023837529881,0.02466656201280377,0.8920431996118974
25777,LOF,0.36844858366705785,0.05967423157525201,0.57187718475769
25778,LOF,0.07191736814976961,0.044604808642488274,0.8834778232077422
25779,GOF,0.358598510931057,0.6007752493435385,0.040626239725404474
25780,GOF,0.3059270548866597,0.6337977798011283,0.060275165312212074
25781,GOF,0.1393863973085136,0.7692295130672584,0.09138408962422799
25782,GOF,0.21787656259312002,0.7137471506334728,0.0683762867734072
25783,GOF,0.022650932254881753,0.6526473872362123,0.32470168050890597
25784,Neutral,0.49372903925527156,0.46798929379269544,0.03828166695203299
25785,GOF,0.44487349840103296,0.5216326262834249,0.03349387531554217
25786,GOF,0.028593267168847775,0.7810960794465661,0.19031065338458605
25787,Neutral,0.6156828022861244,0.3627502058309487,0.02156699188292688
25788,LOF,0.05652490731066785,0.12345903780806666,0.8200160548812655
25789,GOF,0.21538869415149434,0.6675992182549647,0.1170120875935409
25790,GOF,0.2208198078232585,0.6974662042134739,0.08171398796326766
25791,GOF,0.18196259272664317,0.6835015078237584,0.13453589944959835
25792,GOF,0.37525022162941124,0.5200010690930887,0.10474870927749992
25793,GOF,0.24310531299335575,0.5672285045367638,0.18966618246988057
25794,GOF,0.2822069727482468,0.5561629523558972,0.16163007489585604
25795,GOF,0.09065620569541562,0.7085841326939788,0.20075966161060557
25796,Neutral,0.5541568008851344,0.38004566681362306,0.0657975323012425
25797,GOF,0.08926714756012841,0.5660852838300863,0.3446475686097853
25798,GOF,0.00913723782653935,0.5225332388066174,0.4683295233668433
25799,LOF,0.007424394334405049,0.3929792556913146,0.5995963499742804
25800,GOF,0.032334295126153885,0.6030465119302367,0.3646191929436094
25801,GOF,0.21221503055783,0.6702336430285918,0.11755132641357836
25802,GOF,0.06486454848324828,0.6919574535866931,0.24317799793005856
25803,GOF,0.032840409327467485,0.5928677882527428,0.3742918024197897
25804,GOF,0.028159300617860025,0.505530489162227,0.46631021021991303
25805,GOF,0.08832769965595076,0.5985667237801173,0.31310557656393195
25806,GOF,0.08621014174968814,0.629189089426146,0.28460076882416585
25807,GOF,0.017836732656215333,0.6351981968405113,0.34696507050327346
25808,GOF,0.07473950170709788,0.6514221129619246,0.27383838533097754
25809,GOF,0.01788414804386053,0.622012164052646,0.36010368790349334
25810,GOF,0.016471631722235133,0.6504010910212582,0.3331272772565067
25811,GOF,0.4439762078203289,0.49215433045771756,0.06386946172195351
25812,GOF,0.0300751670353303,0.6618252652040013,0.3080995677606684
25813,Neutral,0.4774353682982409,0.4365636320846768,0.08600099961708234
25814,GOF,0.125702956982429,0.6721265354101043,0.20217050760746672
25815,GOF,0.17578008540085246,0.6570262532519184,0.16719366134722907
25816,GOF,0.022067303302752937,0.708775464154104,0.26915723254314317
25817,GOF,0.229555426978641,0.6671872298694984,0.10325734315186065
25818,GOF,0.04961107926612882,0.6663539043821564,0.28403501635171474
25819,GOF,0.3486593356702219,0.5237840849923406,0.1275565793374374
25820,GOF,0.1757067729925518,0.6211286332428387,0.20316459376460946
25821,GOF,0.05914103495319611,0.6725911978792742,0.26826776716752965
25822,GOF,0.18564399488327502,0.5948559646915154,0.2195000404252097
25823,GOF,0.035004486215828474,0.5241001957098738,0.44089531807429777
25824,GOF,0.08557101112974105,0.6082595762147357,0.30616941265552317
25825,GOF,0.03756786783401778,0.6022513492591067,0.3601807829068754
25826,GOF,0.01534068889870453,0.5686990494666796,0.41596026163461586
25827,GOF,0.024342050854089872,0.6049731027523041,0.3706848463936061
25828,GOF,0.013502927118916697,0.5361617525281364,0.450335320352947
25829,GOF,0.006599653120912598,0.5907998421527298,0.40260050472635756
25830,LOF,0.03241021381537097,0.3332696621434273,0.6343201240412017
25831,GOF,0.2149852881904496,0.6769327109710327,0.10808200083851764
25832,GOF,0.03364225530973587,0.7205652911894153,0.24579245350084894
25833,GOF,0.11731139666756028,0.7358143215875429,0.14687428174489695
25834,GOF,0.03609030267418273,0.7311319364554114,0.23277776087040597
25835,GOF,0.07578193819987387,0.7722462087079067,0.15197185309221944
25836,GOF,0.04292888280877476,0.7219677997855475,0.2351033174056777
25837,GOF,0.027417197577292777,0.5940567912890918,0.37852601113361534
25838,GOF,0.09743447791439051,0.7808535490137057,0.12171197307190382
25839,GOF,0.3012776913450489,0.5859612187790395,0.11276108987591167
25840,GOF,0.23261359555180702,0.6482721723730064,0.11911423207518652
25841,GOF,0.23992380707948224,0.6399503581080309,0.1201258348124868
25842,GOF,0.18541240583619406,0.6978438916780808,0.1167437024857251
25843,GOF,0.23802853426407455,0.6826964326390838,0.0792750330968417
25844,GOF,0.064707797209897,0.7227180004447681,0.21257420234533503
25845,GOF,0.017575413783350795,0.4941173673334822,0.4883072188831669
25846,GOF,0.13049862291650718,0.7313003625334833,0.13820101455000944
25847,GOF,0.11616048858288462,0.7914657270804185,0.09237378433669693
25848,GOF,0.04281620449150554,0.7072478331563136,0.24993596235218096
25849,GOF,0.011592322346224256,0.5932179919131642,0.39518968574061164
25850,GOF,0.021556193798954786,0.6751454992483851,0.30329830695266013
25851,GOF,0.018998524808223238,0.5653508141123267,0.41565066107945015
25852,GOF,0.16410158994802632,0.5885887214529343,0.24730968859903937
25853,GOF,0.327925703406109,0.6092785642987604,0.06279573229513065
25854,GOF,0.025141568163367902,0.6508896703279325,0.32396876150869963
25855,GOF,0.033746591488172564,0.6043688022325154,0.361884606279312
25856,GOF,0.2170938499556059,0.5938550973734934,0.18905105267090055
25857,GOF,0.03338232761383778,0.5353570997598809,0.4312605726262813
25858,GOF,0.01923542969875393,0.5351066645785333,0.44565790572271274
25859,GOF,0.00977648923415221,0.5219697483078385,0.4682537624580093
25860,GOF,0.3491175780849175,0.5843052349677794,0.06657718694730314
25861,GOF,0.4158047909015764,0.5152100961971614,0.06898511290126229
25862,GOF,0.09374057894907008,0.7730324980578562,0.13322692299307373
25863,GOF,0.09657414749584813,0.7774207416557883,0.1260051108483637
25864,GOF,0.20812370675237535,0.7172570498255767,0.07461924342204801
25865,GOF,0.08595327694132088,0.808010859293377,0.10603586376530208
25866,GOF,0.05993687941798144,0.7970597120018716,0.14300340858014682
25867,GOF,0.08761537976905062,0.8245456794524257,0.08783894077852362
25868,GOF,0.24553645920276623,0.6664429465531657,0.08802059424406791
25869,Neutral,0.6820578775918902,0.2872687361024844,0.030673386305625275
25870,GOF,0.2845664430580541,0.3959196577215385,0.3195138992204074
25871,GOF,0.22290013456797308,0.6458541263081641,0.1312457391238629
25872,GOF,0.07975085180228901,0.6751697133900111,0.24507943480769992
25873,GOF,0.13012956291400704,0.7086984401196564,0.16117199696633655
25874,LOF,0.01724518920604047,0.13112807011231514,0.8516267406816445
25875,LOF,0.10013784085824878,0.030611852726593607,0.8692503064151577
25876,LOF,0.037012294569318434,0.032806847392500796,0.9301808580381808
25877,Neutral,0.49249350904424566,0.04078243269262055,0.4667240582631338
25878,LOF,0.21096109237395846,0.06701051704050523,0.7220283905855363
25879,LOF,0.09366879267417101,0.06668891181438394,0.839642295511445
25880,LOF,0.023830078046085612,0.01566391681410994,0.9605060051398044
25881,LOF,0.15963224643277624,0.12648464383427566,0.7138831097329481
25882,LOF,0.06456810667511126,0.016020034819123913,0.9194118585057648
25883,LOF,0.08027656770145426,0.01920605049360441,0.9005173818049413
25884,LOF,0.034156588931683336,0.029308775237574136,0.9365346358307426
25885,LOF,0.0675332719129623,0.010334775112529122,0.9221319529745087
25886,LOF,0.27563489219998977,0.035951205566216,0.6884139022337942
25887,LOF,0.1507543959064594,0.07072396243193815,0.7785216416616025
25888,LOF,0.07339975816651702,0.06775573125772702,0.8588445105757561
25889,LOF,0.04614363071726089,0.019227213726149328,0.9346291555565898
25890,LOF,0.04975775507124182,0.1574066809832474,0.7928355639455109
25891,LOF,0.04300995652527108,0.05054702348907482,0.9064430199856541
25892,LOF,0.08605385998770566,0.023946535835088177,0.8899996041772061
25893,LOF,0.21821388911620998,0.019957470955413528,0.7618286399283766
25894,LOF,0.16991120072634913,0.010764054251808621,0.8193247450218422
25895,LOF,0.20243707339955788,0.01966012565087836,0.7779028009495638
25896,LOF,0.047345138333903185,0.02800194599954649,0.9246529156665503
25897,LOF,0.2470300789817643,0.013115482240471944,0.7398544387777637
25898,Neutral,0.6937957492729208,0.009766004676240088,0.29643824605083924
25899,LOF,0.19687179985384615,0.022099205690147273,0.7810289944560065
25900,LOF,0.42280403318811377,0.017659374910643306,0.5595365919012428
25901,LOF,0.04439889878524514,0.013168687548882885,0.942432413665872
25902,LOF,0.15619251442866983,0.012614148590026767,0.8311933369813034
25903,Neutral,0.5408614802330025,0.026288320644890232,0.43285019912210715
25904,LOF,0.23177796911962759,0.05486861292097743,0.713353417959395
25905,LOF,0.025642928161139094,0.3359666122084507,0.6383904596304101
25906,LOF,0.0350965502461229,0.07494165592919198,0.8899617938246851
25907,LOF,0.016472899033944936,0.3544228085036302,0.6291042924624248
25908,LOF,0.011389345467014896,0.2580582515671833,0.7305524029658017
25909,LOF,0.014525115874646593,0.1364085866932721,0.8490662974320813
25910,LOF,0.04973850961233219,0.13329292546199176,0.8169685649256762
25911,LOF,0.18249601950935862,0.01943999367482385,0.7980639868158176
25912,LOF,0.04506205630405076,0.04068293363925049,0.9142550100566987
25913,LOF,0.3017237588186963,0.018946115485386793,0.6793301256959169
25914,LOF,0.020457195136749,0.0899949850579339,0.8895478198053172
25915,Neutral,0.5133174035584286,0.2662502008749077,0.2204323955666637
25916,LOF,0.07387105372892096,0.31114898013608366,0.6149799661349953
25917,LOF,0.06529442719950913,0.0684060840177786,0.8662994887827122
25918,LOF,0.027558833540865347,0.0586847489090746,0.9137564175500601
25919,LOF,0.02325635784816202,0.06709341291845974,0.9096502292333782
25920,GOF,0.1038396796263074,0.5247477572720701,0.3714125631016223
25921,LOF,0.02255499399582491,0.028985732302478032,0.948459273701697
25922,LOF,0.033820918662629484,0.019958438076700565,0.94622064326067
25923,LOF,0.41159155041062934,0.02188033571876216,0.5665281138706085
25924,LOF,0.03454028389818474,0.03817792189859246,0.9272817942032228
25925,LOF,0.06719682328581741,0.027232177670989715,0.9055709990431928
25926,LOF,0.04883052966946622,0.023605825644116764,0.9275636446864169
25927,LOF,0.062115092735766896,0.07537087073955118,0.862514036524682
25928,LOF,0.01744194823432171,0.038573440120780594,0.9439846116448978
25929,Neutral,0.5304467311398426,0.024068313860616242,0.445484954999541
25930,LOF,0.051491467990278504,0.018334493024807823,0.9301740389849136
25931,LOF,0.023165277772863677,0.02308011908866869,0.9537546031384676
25932,LOF,0.026865459264157596,0.019586349393093592,0.9535481913427488
25933,LOF,0.03708869106277705,0.013343126048711745,0.9495681828885112
25934,LOF,0.025132054034072315,0.017007750233452783,0.9578601957324749
25935,LOF,0.05980755197761443,0.03168323689777841,0.9085092111246073
25936,LOF,0.045446649499779536,0.017412689700407866,0.9371406607998125
25937,LOF,0.025916961709515983,0.02694238959265991,0.9471406486978242
25938,LOF,0.06240190426400574,0.03542830621088179,0.9021697895251125
25939,LOF,0.04020462137458414,0.014126106265040616,0.9456692723603752
25940,LOF,0.030077207492580603,0.4117185473861114,0.558204245121308
25941,LOF,0.17911110991799928,0.11972333956494974,0.701165550517051
25942,LOF,0.015690483715172718,0.034593623253677735,0.9497158930311496
25943,LOF,0.3090910757540228,0.0672422854187947,0.6236666388271825
25944,Neutral,0.48697825571348624,0.02612801037541323,0.4868937339111006
25945,LOF,0.06387762362934905,0.023576020853072116,0.9125463555175788
25946,LOF,0.02717821716344581,0.1285855038878608,0.8442362789486934
25947,LOF,0.11340783671845073,0.2522223790374655,0.6343697842440836
25948,LOF,0.40539785907225373,0.00989372319320193,0.5847084177345444
25949,LOF,0.10486378896121763,0.039037788584162306,0.85609842245462
25950,GOF,0.294632102212178,0.3767938391437966,0.32857405864402534
25951,LOF,0.23650222036996452,0.21712270422217078,0.5463750754078647
25952,LOF,0.047340474789736325,0.43653542424420094,0.5161241009660628
25953,LOF,0.1596167429472606,0.09452957047713909,0.7458536865756002
25954,Neutral,0.4699323679124205,0.16199442053405694,0.3680732115535226
25955,LOF,0.05753517443019588,0.08291597069682811,0.859548854872976
25956,LOF,0.15650080591307222,0.11379906788106757,0.7297001262058603
25957,LOF,0.04158545007152306,0.03396360621044829,0.9244509437180287
25958,LOF,0.06275930010063947,0.031386225105351176,0.9058544747940094
25959,LOF,0.0767243345788297,0.38659130447414003,0.5366843609470303
25960,LOF,0.01817550187057938,0.05736342363362493,0.9244610744957957
25961,LOF,0.05113035889388856,0.03523499678718153,0.9136346443189299
25962,LOF,0.06509527806899426,0.024535031522148892,0.910369690408857
25963,LOF,0.05419830596420401,0.17736967414962396,0.7684320198861722
25964,LOF,0.03789485634160611,0.15550602871268088,0.806599114945713
25965,LOF,0.45272642440114647,0.07953467236774345,0.46773890323111006
25966,Neutral,0.49039824874204363,0.11465806650903526,0.3949436847489211
25967,LOF,0.013502207616336914,0.07198737211900966,0.9145104202646533
25968,LOF,0.02920492221670966,0.40138296588290934,0.569412111900381
25969,LOF,0.030270117910413955,0.051487170758189815,0.9182427113313962
25970,LOF,0.05826928397398271,0.05663931446305619,0.8850914015629611
25971,LOF,0.07881584531682329,0.01625617976103256,0.9049279749221442
25972,LOF,0.07661781935106977,0.02228975312947747,0.9010924275194528
25973,LOF,0.07413734029431933,0.011270431357920259,0.9145922283477604
25974,LOF,0.1817544785742206,0.017913966865350916,0.8003315545604286
25975,LOF,0.04692232994464177,0.0384525999955275,0.9146250700598307
25976,LOF,0.03980705158632793,0.017680493549772643,0.9425124548638993
25977,LOF,0.1546699714234583,0.10019653531676526,0.7451334932597764
25978,LOF,0.15100431538397044,0.07414464367938599,0.7748510409366436
25979,LOF,0.14260710258645237,0.07591933903462766,0.78147355837892
25980,LOF,0.21892775071532383,0.0928592851574221,0.6882129641272542
25981,LOF,0.2506578627180007,0.09081807918956833,0.6585240580924311
25982,LOF,0.4151858363036135,0.05871628611541846,0.526097877580968
25983,LOF,0.39914969111882587,0.0658490844860416,0.5350012243951326
25984,LOF,0.05332847187029423,0.04118089728472467,0.905490630844981
25985,LOF,0.03605641011845121,0.2214710914957028,0.742472498385846
25986,LOF,0.040445503380350085,0.27046714710787123,0.6890873495117786
25987,LOF,0.08832234023316,0.06497352339835231,0.8467041363684876
25988,LOF,0.15526964818937752,0.05134652479039277,0.7933838270202297
25989,LOF,0.03044657773994701,0.09389350784755683,0.8756599144124961
25990,LOF,0.04254265198021337,0.11898956263392098,0.8384677853858656
25991,LOF,0.13381498761033975,0.31171247443996664,0.5544725379496936
25992,LOF,0.3106258614027167,0.1594729214140237,0.5299012171832597
25993,LOF,0.023036019529494346,0.08132154132381324,0.8956424391466924
25994,LOF,0.016804066315594002,0.12464273041942552,0.8585532032649804
25995,LOF,0.024978258141202542,0.24579228349571425,0.7292294583630832
25996,GOF,0.3008241968920677,0.46550931906486126,0.23366648404307108
25997,LOF,0.08177570410736491,0.45320376059862927,0.46502053529400583
25998,Neutral,0.5641858664387168,0.021525777717876067,0.4142883558434072
25999,LOF,0.09943739992884647,0.127563503529123,0.7729990965420307
26000,LOF,0.17584596793066962,0.05155633919459306,0.7725976928747373
26001,LOF,0.2041485245549691,0.05453820613241835,0.7413132693126125
26002,LOF,0.13606638617719258,0.05124612429806168,0.8126874895247458
26003,GOF,0.010068176483916051,0.5818723538140192,0.4080594697020647
26004,GOF,0.020355948783737865,0.639532283272555,0.3401117679437071
26005,LOF,0.0076921259118422946,0.44001600498890187,0.5522918690992559
26006,Neutral,0.49538019029479524,0.2513654119305051,0.25325439777469977
26007,GOF,0.019660290906234303,0.5412748245736484,0.4390648845201174
26008,GOF,0.015865727743550197,0.6239200512944296,0.36021422096202016
26009,GOF,0.02067484353126675,0.6590193778976595,0.32030577857107384
26010,GOF,0.024087647435874965,0.6418277878069483,0.3340845647571769
26011,LOF,0.006783203621412795,0.450174891197439,0.5430419051811483
26012,GOF,0.012541109919327654,0.5548528731913683,0.4326060168893041
26013,GOF,0.017831434946189603,0.6054772072794612,0.3766913577743493
26014,LOF,0.04405724524966371,0.11269805949604082,0.8432446952542955
26015,LOF,0.18949064345135036,0.009486070437141779,0.8010232861115079
26016,LOF,0.21808899888002187,0.04791508889613993,0.7339959122238383
26017,LOF,0.24434395529892616,0.08458740308232678,0.671068641618747
26018,LOF,0.09187594625173214,0.026645168857193393,0.8814788848910745
26019,LOF,0.08685727912175023,0.01971202164235456,0.8934306992358952
26020,LOF,0.07403076921475668,0.10515076402021269,0.8208184667650306
26021,LOF,0.043970158666790174,0.1061266272350297,0.84990321409818
26022,LOF,0.011459099233508019,0.03288538955712336,0.9556555112093686
26023,LOF,0.1113649408052687,0.017379048667063506,0.8712560105276678
26024,LOF,0.03216569226640561,0.11051312903124363,0.8573211787023507
26025,LOF,0.15299755702634882,0.10447247659973709,0.7425299663739142
26026,LOF,0.34654780298742527,0.028821046632908943,0.6246311503796658
26027,LOF,0.08315443956066929,0.013308263338206758,0.9035372971011238
26028,LOF,0.16272269180347124,0.061204849095513034,0.7760724591010157
26029,LOF,0.07426557856548077,0.19551265731912243,0.7302217641153967
26030,LOF,0.027541277554503703,0.06998781290586066,0.9024709095396356
26031,LOF,0.029629205154674685,0.1497947942773267,0.8205760005679986
26032,LOF,0.06578397718414801,0.07837637531678247,0.8558396474990695
26033,LOF,0.12164131267878772,0.09738060957525549,0.7809780777459567
26034,LOF,0.046851763067214044,0.1759779013789029,0.7771703355538829
26035,LOF,0.02892319865280993,0.15366498318505048,0.8174118181621397
26036,LOF,0.04278336992877798,0.18126260673213312,0.7759540233390888
26037,LOF,0.02444892264212229,0.12646215028757568,0.8490889270703019
26038,LOF,0.0620388816488201,0.08336048212133716,0.8546006362298427
26039,LOF,0.05297140312914414,0.16115561683021506,0.7858729800406409
26040,LOF,0.20527192616308895,0.1452785776506762,0.6494494961862349
26041,LOF,0.024185429004718675,0.1219395701309485,0.8538750008643328
26042,LOF,0.0228018034472886,0.11563742525491202,0.8615607712977994
26043,LOF,0.061387128023703115,0.09743645350916849,0.8411764184671284
26044,LOF,0.022041489320186146,0.09438859851314947,0.8835699121666643
26045,LOF,0.07645164759676587,0.11032639997121953,0.8132219524320146
26046,LOF,0.06288989137765466,0.09616288771219444,0.840947220910151
26047,LOF,0.08798507782557222,0.10077921846571514,0.8112357037087127
26048,LOF,0.053906167898552626,0.05357628558954768,0.8925175465118996
26049,Neutral,0.9591872274937476,0.00884678892940389,0.031965983576848496
26050,Neutral,0.9422360703235294,0.011550281140154727,0.04621364853631596
26051,LOF,0.04422225988613974,0.2286389632293009,0.7271387768845594
26052,LOF,0.06245068042180878,0.26769546187837623,0.669853857699815
26053,LOF,0.05091505416826914,0.13063820329003242,0.8184467425416985
26054,LOF,0.052825984479659874,0.0169662353663109,0.9302077801540293
26055,LOF,0.06923214779887606,0.014504156448937386,0.9162636957521865
26056,LOF,0.057795889110166844,0.015594798094037993,0.9266093127957951
26057,LOF,0.02858205906118996,0.011834626191943637,0.9595833147468664
26058,LOF,0.029582871789009407,0.00945610853980364,0.960961019671187
26059,LOF,0.29757851978228556,0.02240809795184706,0.6800133822658673
26060,LOF,0.03720539822335767,0.18656188552721992,0.7762327162494225
26061,LOF,0.018844256244612854,0.009947454826674695,0.9712082889287125
26062,LOF,0.011314355858833985,0.017328135791265492,0.9713575083499004
26063,LOF,0.022061093617416982,0.010874179039433801,0.9670647273431493
26064,LOF,0.024274663660009684,0.01938964632429554,0.9563356900156949
26065,LOF,0.024591579634642084,0.009924535359479668,0.9654838850058781
26066,LOF,0.02081149242928686,0.010923970213884335,0.9682645373568287
26067,LOF,0.028748884862918087,0.008817967261976497,0.9624331478751055
26068,LOF,0.04578765789977592,0.029220396541558388,0.9249919455586656
26069,LOF,0.263823238146598,0.018854196676196273,0.7173225651772057
26070,LOF,0.4101124824003456,0.015327714979822141,0.5745598026198323
26071,LOF,0.02357534530061261,0.01163403690520786,0.9647906177941795
26072,LOF,0.02527316309053328,0.015841461150209627,0.958885375759257
26073,LOF,0.02506546487969135,0.0104900050353927,0.9644445300849159
26074,Neutral,0.9184391410663485,0.005434603577298318,0.0761262553563533
26075,LOF,0.04475861972528502,0.015091890339986664,0.9401494899347285
26076,LOF,0.04657594627354879,0.008838355679951337,0.9445856980464999
26077,LOF,0.01069718451170202,0.01678614673991671,0.9725166687483812
26078,LOF,0.014499480649111591,0.011312853606007776,0.9741876657448807
26079,LOF,0.05848177614677856,0.017120989121889592,0.9243972347313317
26080,LOF,0.05787302588988458,0.017252127676380794,0.9248748464337347
26081,LOF,0.036634581087115745,0.005980613734599367,0.957384805178285
26082,LOF,0.016117138854128046,0.015143492538209841,0.9687393686076622
26083,LOF,0.12933535629572623,0.01279199921690186,0.8578726444873719
26084,LOF,0.028719206032166416,0.011170730414103701,0.96011006355373
26085,LOF,0.024708708157527456,0.010665469073439814,0.9646258227690326
26086,LOF,0.023517395618327996,0.011417708372593222,0.9650648960090789
26087,LOF,0.027876969941305545,0.008036386181627959,0.9640866438770664
26088,LOF,0.017061080084737983,0.023315568488110217,0.9596233514271518
26089,LOF,0.04412740811972559,0.021832966964260087,0.9340396249160144
26090,LOF,0.04310060288442693,0.017277968978862315,0.9396214281367107
26091,LOF,0.039481277688323,0.006014645959153588,0.9545040763525234
26092,LOF,0.02698307200955929,0.007923594181029767,0.9650933338094109
26093,LOF,0.041706893963601735,0.0057510515926907915,0.9525420544437074
26094,LOF,0.04228784782812183,0.005988092757128274,0.9517240594147498
26095,LOF,0.0467161779392825,0.011790503258596758,0.9414933188021207
26096,LOF,0.02108808846215011,0.012199950538464384,0.9667119609993856
26097,LOF,0.013627218645506058,0.03267645365817151,0.9536963276963224
26098,LOF,0.0714844720969158,0.010227085502624553,0.9182884424004596
26099,LOF,0.02500956538469149,0.011570514688973688,0.9634199199263348
26100,LOF,0.027929758490348136,0.011244458187617242,0.9608257833220346
26101,LOF,0.05774656775385404,0.014721558210417303,0.9275318740357287
26102,LOF,0.0253033225919406,0.012865933425877276,0.9618307439821822
26103,Neutral,0.8900368790912961,0.019087469673442773,0.09087565123526091
26104,LOF,0.07608250662742998,0.024162061511472873,0.8997554318610971
26105,LOF,0.20489855547809482,0.31301132460964676,0.48209011991225836
26106,LOF,0.21101448881383758,0.13958572020235369,0.6493997909838087
26107,LOF,0.2123647799088579,0.08908858725773867,0.6985466328334035
26108,LOF,0.22957131838317574,0.1252681059158342,0.6451605757009901
26109,LOF,0.10892177311510559,0.06572886421567477,0.8253493626692195
26110,LOF,0.2766661471807608,0.007912237259585923,0.7154216155596532
26111,Neutral,0.4990118607256128,0.02085518413650255,0.4801329551378846
26112,LOF,0.03552964957351119,0.0071397214299792865,0.9573306289965096
26113,LOF,0.056806321383999756,0.014533990932442422,0.9286596876835579
26114,LOF,0.02939381024052049,0.016357215596521632,0.954248974162958
26115,LOF,0.09164442065603015,0.03743123905605784,0.870924340287912
26116,LOF,0.06833108546653108,0.028734767547998225,0.9029341469854708
26117,LOF,0.43472636737743386,0.047902940593875024,0.517370692028691
26118,LOF,0.03422258072833417,0.025783883049266786,0.939993536222399
26119,LOF,0.024060825925362034,0.0468459214755891,0.929093252599049
26120,LOF,0.029621696206842255,0.021325761005679664,0.9490525427874782
26121,LOF,0.03807690905610008,0.07562481042902439,0.8862982805148756
26122,LOF,0.0400747997819803,0.04433285616170156,0.9155923440563181
