feature0,prediction,LoGoFunc_Neutral,LoGoFunc_GOF,LoGoFunc_LOF
25546,Neutral,0.6154315663784552,0.05205263807578874,0.33251579554575605
25547,Neutral,0.4881903808270224,0.08678339598843059,0.42502622318454697
25548,Neutral,0.4914610134216649,0.07172161245066008,0.436817374127675
25549,LOF,0.42923837268090315,0.07306081906254162,0.49770080825655516
25550,LOF,0.34595826879312314,0.10778780661075557,0.5462539245961213
25551,LOF,0.30637032674525205,0.11888626854256652,0.5747434047121815
25552,LOF,0.26962328818476716,0.12117444240208164,0.6092022694131511
25553,Neutral,0.7789102387974923,0.044412663249987855,0.17667709795251987
25554,LOF,0.3110938615415626,0.10879217957247658,0.5801139588859608
25555,LOF,0.26872749058620593,0.10045484445405017,0.6308176649597439
25556,LOF,0.4341855430727646,0.08772183840960256,0.47809261851763296
25557,LOF,0.25774285384536405,0.10697720586550767,0.6352799402891283
25558,LOF,0.3025195303602946,0.10343932527047253,0.5940411443692328
25559,LOF,0.27614718963905854,0.1619555807319895,0.5618972296289519
25560,LOF,0.14365162135961151,0.09302481944700167,0.7633235591933869
25561,LOF,0.13985269606573503,0.12462249918614816,0.7355248047481169
25562,LOF,0.06324532969121631,0.07346430640302426,0.8632903639057594
25563,LOF,0.023097186056429252,0.11394331395439986,0.8629594999891709
25564,LOF,0.17560634758761423,0.08828967385371425,0.7361039785586715
25565,LOF,0.20116669295230408,0.14220484776744297,0.656628459280253
25566,GOF,0.07763411103382965,0.6614054924812839,0.2609603964848865
25567,LOF,0.039566182934714395,0.18618181612144985,0.7742520009438357
25568,LOF,0.06285554894645601,0.10352992813022456,0.8336145229233194
25569,LOF,0.06383568740079758,0.10187487129879202,0.8342894413004104
25570,LOF,0.027482505419942113,0.1309015685873789,0.841615925992679
25571,LOF,0.027174737772202626,0.13693581742665853,0.8358894448011388
25572,LOF,0.06644205288435173,0.15448720106374894,0.7790707460518993
25573,LOF,0.060378526802610966,0.12528085457029378,0.8143406186270952
25574,LOF,0.05991127279568777,0.26015671104575727,0.679932016158555
25575,LOF,0.021067163242860558,0.14604616511297838,0.8328866716441611
25576,LOF,0.02941182263599979,0.19082781849984082,0.7797603588641594
25577,LOF,0.032749484747113915,0.14158432875918092,0.8256661864937052
25578,LOF,0.2983215822579418,0.13281903493978667,0.5688593828022716
25579,LOF,0.18021208436268257,0.12714074954546595,0.6926471660918514
25580,LOF,0.019069439447982263,0.1060976021033022,0.8748329584487157
25581,LOF,0.05400050237932334,0.09790608543623272,0.848093412184444
25582,LOF,0.05371456707705752,0.09624571249524581,0.8500397204276966
25583,LOF,0.02336592397803424,0.11922542691221252,0.8574086491097533
25584,Neutral,0.6854738814385652,0.16270705515055295,0.1518190634108818
25585,LOF,0.02323946981207578,0.17600558103055927,0.800754949157365
25586,LOF,0.01661186912493001,0.09763096661817793,0.8857571642568921
25587,LOF,0.01656892067014648,0.08948040484354987,0.8939506744863036
25588,LOF,0.02000173673016948,0.10006860792694411,0.8799296553428864
25589,Neutral,0.4983881967519605,0.2870305225809481,0.21458128066709134
25590,LOF,0.04852824924128338,0.15802388129871367,0.793447869460003
25591,LOF,0.09375539821926247,0.08763630543892932,0.8186082963418082
25592,LOF,0.05479675483188119,0.2054184806559479,0.739784764512171
25593,LOF,0.1255161676484367,0.3437091846671609,0.5307746476844024
25594,LOF,0.04578188963841812,0.1017189501750697,0.8524991601865122
25595,LOF,0.047309734704748634,0.06626044995149491,0.8864298153437564
25596,LOF,0.09718336665780643,0.03404881177791601,0.8687678215642775
25597,LOF,0.08156944276279612,0.04606425734141469,0.8723662998957892
25598,LOF,0.046926986013999736,0.07209665602126171,0.8809763579647386
25599,LOF,0.020989593041590912,0.4342270276777726,0.5447833792806365
25600,GOF,0.15951408381736756,0.45541107483533044,0.385074841347302
25601,LOF,0.03793749876651129,0.3671867922854188,0.59487570894807
25602,LOF,0.03306339216081151,0.0666478883257241,0.9002887195134643
25603,LOF,0.0363676524246727,0.04062861069299859,0.9230037368823288
25604,LOF,0.03654805866478206,0.08394822970779592,0.879503711627422
25605,LOF,0.03631554465633408,0.18971594693336477,0.7739685084103012
25606,LOF,0.3772982424074286,0.1310227739673864,0.49167898362518503
25607,LOF,0.03012960957926105,0.17860263520354447,0.7912677552171945
25608,LOF,0.03870124298677881,0.08663800594948298,0.8746607510637382
25609,GOF,0.13054667080274354,0.5567040847437355,0.312749244453521
25610,LOF,0.01560321522007268,0.04960704697046607,0.9347897378094613
25611,LOF,0.01264888893957615,0.05207101932089807,0.9352800917395258
25612,LOF,0.04349121587477719,0.07404582719745652,0.8824629569277662
25613,LOF,0.04327603799769465,0.07517345299132969,0.8815505090109756
25614,LOF,0.020461745536628932,0.045812830838600445,0.9337254236247706
25615,LOF,0.043084805465154,0.07006797237296211,0.8868472221618839
25616,LOF,0.04874047135411769,0.0493716572627175,0.9018878713831648
25617,LOF,0.03888738574023018,0.060417004600001045,0.9006956096597688
25618,LOF,0.04241849363006338,0.06781091767255966,0.8897705886973769
25619,LOF,0.012152492305309428,0.06152606667496874,0.9263214410197218
25620,LOF,0.05408099280517281,0.0676931884922337,0.8782258187025935
25621,LOF,0.05785409384926036,0.05908588728456958,0.88306001886617
25622,LOF,0.06299529764116428,0.06492662945807533,0.8720780729007603
25623,LOF,0.07150831687836008,0.05587022101327896,0.872621462108361
25624,LOF,0.016495582589486194,0.05776386044589419,0.9257405569646197
25625,LOF,0.0599322395350629,0.05991669285335256,0.8801510676115845
25626,LOF,0.042309488770864837,0.07207438786167412,0.8856161233674611
25627,Neutral,0.8854149294442332,0.024304150393620542,0.09028092016214631
25628,LOF,0.15375580422016788,0.0673805595225578,0.7788636362572743
25629,LOF,0.06931278032439626,0.05082756411859346,0.8798596555570104
25630,LOF,0.28542584183235375,0.07885246318908076,0.6357216949785655
25631,Neutral,0.54754759459586,0.07512730648121332,0.3773250989229267
25632,LOF,0.02710380952186477,0.07859954069848328,0.894296649779652
25633,LOF,0.19195750054771923,0.052324644310946036,0.7557178551413347
25634,LOF,0.03495022735726922,0.1017783127220012,0.8632714599207297
25635,LOF,0.03328382427452722,0.05052651567230754,0.9161896600531652
25636,GOF,0.03994065285438434,0.4829712555994171,0.4770880915461984
25637,GOF,0.05659028032204016,0.5598902401346699,0.38351947954328985
25638,LOF,0.028343994181296538,0.42039152675155533,0.5512644790671481
25639,LOF,0.031161460330119153,0.4613101133239793,0.5075284263459016
25640,Neutral,0.8280021404913024,0.12140466885398625,0.05059319065471123
25641,LOF,0.08459795771279958,0.43814588837855284,0.47725615390864756
25642,LOF,0.06553566172063612,0.16081422446789106,0.7736501138114729
25643,LOF,0.22331309148558395,0.11731295832480916,0.6593739501896069
25644,LOF,0.028583750490733723,0.47048034762022206,0.5009359018890442
25645,LOF,0.03311716772386337,0.4150708905578274,0.5518119417183092
25646,LOF,0.07217475915014182,0.3214771158905693,0.6063481249592889
25647,LOF,0.035811475785680134,0.25379345511487367,0.7103950690994463
25648,LOF,0.040580856972448225,0.2607502306516818,0.6986689123758699
25649,LOF,0.022382328491255928,0.22120812791274636,0.7564095435959978
25650,LOF,0.06042299022316905,0.4037439696282515,0.5358330401485795
25651,LOF,0.02376924816178542,0.27005628230896006,0.7061744695292546
25652,LOF,0.04093173821190337,0.25803760447125673,0.7010306573168398
25653,LOF,0.10529926899253976,0.4063843473629099,0.4883163836445503
25654,LOF,0.027988289058497453,0.21543460837381959,0.7565771025676828
25655,GOF,0.26390307320182543,0.373554009890929,0.36254291690724555
25656,LOF,0.37899187755867686,0.08336450258175475,0.5376436198595684
25657,LOF,0.06007789533659658,0.09001548853028386,0.8499066161331196
25658,LOF,0.36494445699139677,0.08519817733495484,0.5498573656736484
25659,Neutral,0.5139739283398544,0.12216085798182436,0.3638652136783212
25660,LOF,0.023355615311356718,0.10454890670263046,0.8720954779860128
25661,LOF,0.09144204752767592,0.06392200173875585,0.8446359507335682
25662,LOF,0.034714135639870074,0.03557679490653456,0.9297090694535953
25663,LOF,0.04318624148289151,0.048876682886744856,0.9079370756303636
25664,LOF,0.13577882876680944,0.06681525189708601,0.7974059193361046
25665,LOF,0.060111735929689256,0.03198434421023374,0.9079039198600769
25666,LOF,0.09152805482530649,0.07300120863452333,0.8354707365401701
25667,LOF,0.07470564505150702,0.042886765971736844,0.8824075889767562
25668,LOF,0.03612694003009489,0.053006826372924365,0.9108662335969808
25669,LOF,0.030389247447054266,0.047754983117777615,0.9218557694351681
25670,LOF,0.15982778310225013,0.06121140484929522,0.7789608120484547
25671,LOF,0.11913851190704766,0.035602683665344685,0.8452588044276076
25672,LOF,0.05324976288575728,0.044879136630341314,0.9018711004839015
25673,LOF,0.07712531250569002,0.05386881177070222,0.8690058757236078
25674,LOF,0.06607939787408862,0.0639191259401191,0.8700014761857924
25675,LOF,0.10944005071241196,0.06572017263913885,0.8248397766484491
25676,LOF,0.019117904439543913,0.05704031407932329,0.9238417814811327
25677,LOF,0.023993835154484024,0.07234264283596616,0.9036635220095498
25678,LOF,0.22097185226632737,0.07437101228947174,0.7046571354442008
25679,LOF,0.12356396502034782,0.0832093535877401,0.7932266813919121
25680,LOF,0.0324027971151782,0.1236489951219101,0.8439482077629117
25681,LOF,0.04833362175576468,0.11262701502205115,0.8390393632221842
25682,LOF,0.13245834074023363,0.07661095427579026,0.7909307049839762
25683,LOF,0.11583123125766058,0.09585956725104747,0.7883092014912919
25684,LOF,0.03951302613580081,0.06771417842160736,0.8927727954425918
25685,LOF,0.13937681829875737,0.07134280727222198,0.7892803744290207
25686,LOF,0.09040560549857748,0.09733032599873262,0.81226406850269
25687,LOF,0.1253348368934739,0.10895672555763777,0.7657084375488883
25688,LOF,0.39330936151385076,0.04588082546078378,0.5608098130253655
25689,LOF,0.27867293626041423,0.04854751066043742,0.6727795530791484
25690,LOF,0.3559456698531213,0.042777432108503974,0.6012768980383747
25691,Neutral,0.7015943916871378,0.034805309243651536,0.26360029906921056
25692,LOF,0.37505065372992935,0.012097559104856437,0.6128517871652143
25693,LOF,0.047307379359982686,0.39344845670712775,0.5592441639328897
25694,LOF,0.12514914707667849,0.0183927650709902,0.8564580878523312
25695,LOF,0.12099360068221778,0.015560920433846324,0.863445478883936
25696,LOF,0.15521246496114616,0.009773338766707784,0.835014196272146
25697,LOF,0.08478316128808018,0.05514028927569385,0.8600765494362259
25698,LOF,0.3400920855167616,0.1591741105405033,0.5007338039427351
25699,Neutral,0.5384642839843052,0.04843323256117169,0.41310248345452316
25700,LOF,0.08423347186285376,0.010163361897011796,0.9056031662401344
25701,LOF,0.20116359882961513,0.04991465584588709,0.7489217453244978
25702,GOF,0.16851606624325835,0.6009293232406213,0.23055461051612025
25703,LOF,0.016698895208172575,0.15383949398902355,0.829461610802804
25704,LOF,0.035619129929811984,0.11087320426733027,0.8535076658028578
25705,LOF,0.05164212726672835,0.1541184387314807,0.794239434001791
25706,GOF,0.11149585721316692,0.45035562777484706,0.43814851501198604
25707,LOF,0.09671241290070165,0.364469800996466,0.5388177861028325
25708,LOF,0.036388270566131684,0.31590118550491864,0.6477105439289497
25709,LOF,0.0696339546683169,0.04543378437052517,0.884932260961158
25710,LOF,0.011985026841002278,0.16456990628446025,0.8234450668745376
25711,LOF,0.022455110369654578,0.08228800622071723,0.8952568834096281
25712,LOF,0.014144145506695904,0.2116540427992035,0.7742018116941005
25713,LOF,0.01916968396364625,0.08295193023846283,0.897878385797891
25714,LOF,0.07993598756527012,0.08035112690226089,0.8397128855324689
25715,LOF,0.01194380828199502,0.14566348502051474,0.8423927066974903
25716,LOF,0.011598538243661787,0.12402099747587662,0.8643804642804616
25717,LOF,0.015117643690512543,0.07490396535806948,0.9099783909514181
25718,LOF,0.011555889037973627,0.08868937906549965,0.8997547318965268
25719,LOF,0.02108174495735579,0.07965207339612192,0.8992661816465224
25720,LOF,0.025377917088415046,0.07276179783374652,0.9018602850778384
25721,LOF,0.013722687363640998,0.12210518492573158,0.8641721277106275
25722,LOF,0.014447111064293288,0.12793246669463226,0.8576204222410745
25723,LOF,0.024571898688750794,0.051324270245475104,0.9241038310657741
25724,LOF,0.03523895105704156,0.08775968704355905,0.8770013618993994
25725,LOF,0.011869235395086488,0.08176420850256676,0.9063665561023468
25726,LOF,0.015930023794892046,0.12311087664326732,0.8609590995618406
25727,LOF,0.012560086569402487,0.08865992047463933,0.8987799929559581
25728,LOF,0.01056346538974432,0.1125554928753233,0.8768810417349324
25729,LOF,0.01074300394531754,0.11222956018347484,0.8770274358712076
25730,LOF,0.014158912355828033,0.094940581738619,0.890900505905553
25731,LOF,0.019131391236097087,0.10250758431583404,0.878361024448069
25732,LOF,0.014281219676775182,0.07244464925620285,0.9132741310670219
25733,LOF,0.016472972280145493,0.07593661079090898,0.9075904169289456
25734,LOF,0.010465450170208827,0.12835556092779457,0.8611789889019966
25735,LOF,0.012374621529018066,0.0841315475304017,0.9034938309405801
25736,LOF,0.013736142347237449,0.10138025478801016,0.8848836028647524
25737,LOF,0.012559813236841529,0.07916128143801299,0.9082789053251455
25738,LOF,0.012523404630441461,0.11331216276916815,0.8741644326003903
25739,LOF,0.021164128768502793,0.0786692657487222,0.900166605482775
25740,LOF,0.026978657402623344,0.12511291718427306,0.8479084254131036
25741,LOF,0.01537536674786412,0.12772970188628055,0.8568949313658553
25742,LOF,0.1331090044721115,0.08547905842698156,0.781411937100907
25743,LOF,0.03557583326540499,0.062216075675952845,0.9022080910586421
25744,Neutral,0.5162228054430374,0.2909987630576864,0.1927784314992763
25745,LOF,0.05972225085721202,0.09850677440726577,0.8417709747355223
25746,LOF,0.0384251614195721,0.12058752328053687,0.840987315299891
25747,LOF,0.018357627609926278,0.08904612079566115,0.8925962515944126
25748,LOF,0.111477523405219,0.12686441079258096,0.7616580658022
25749,LOF,0.024489889119243265,0.11094762207212348,0.8645624888086332
25750,LOF,0.07535293313934163,0.11006117936490363,0.8145858874957548
25751,LOF,0.07659033409706392,0.168060311672067,0.755349354230869
25752,GOF,0.10761667608073344,0.6510257457196991,0.24135757819956755
25753,LOF,0.02290277691511968,0.2590070955882293,0.718090127496651
25754,GOF,0.013645590625911988,0.7866475462354786,0.19970686313860941
25755,LOF,0.027338560402426895,0.36943109359590887,0.6032303460016643
25756,LOF,0.04913839183195384,0.34334716066599735,0.6075144475020487
25757,GOF,0.01750057358075812,0.8321055634772534,0.15039386294198856
25758,GOF,0.03475415331851117,0.7776186047643711,0.18762724191711785
25759,GOF,0.011304536442300969,0.5991580414503499,0.38953742210734915
25760,LOF,0.013324229178837375,0.2734328135335165,0.7132429572876461
25761,GOF,0.28941859944254816,0.6038376674619766,0.1067437330954752
25762,LOF,0.04955831211727323,0.25616640993355977,0.694275277949167
25763,LOF,0.015070929596206728,0.21533309491778396,0.7695959754860093
25764,GOF,0.08696416153104768,0.6206421579911562,0.29239368047779624
25765,GOF,0.035271424233503566,0.74106021266571,0.22366836310078644
25766,GOF,0.08030641872661103,0.7358459486289739,0.18384763264441506
25767,GOF,0.1495256245147118,0.5484299477957877,0.30204442768950046
25768,LOF,0.10741018712457417,0.05668377391719806,0.8359060389582279
25769,LOF,0.05656224349620248,0.06944971678205418,0.8739880397217432
25770,LOF,0.31021626082344805,0.10677448406762519,0.5830092551089268
25771,LOF,0.049423606034555076,0.05328378369444457,0.8972926102710004
25772,LOF,0.018260834250445158,0.05241946205319159,0.9293197036963632
25773,LOF,0.05025520976330871,0.09181426152327725,0.857930528713414
25774,LOF,0.0285190285755877,0.09046914980327374,0.8810118216211386
25775,LOF,0.051067150314751716,0.056198498924128835,0.8927343507611194
25776,LOF,0.07969751918533767,0.030564990568917393,0.8897374902457449
25777,LOF,0.3587205742003536,0.07134202332438096,0.5699374024752655
25778,LOF,0.07210244455299915,0.053209201979705016,0.8746883534672959
25779,GOF,0.3462051592701166,0.6051444905089803,0.04865035022090309
25780,GOF,0.3171793505324566,0.6046055903282652,0.07821505913927808
25781,GOF,0.116573774035851,0.7636572286711395,0.11976899729300959
25782,GOF,0.1842379972478311,0.7189865941385427,0.09677540861362602
25783,GOF,0.021510099905218162,0.6419277345806578,0.3365621655141241
25784,Neutral,0.4842363920582236,0.4729531818213662,0.042810426120410076
25785,GOF,0.4771652624393331,0.4820044909643997,0.040830246596267265
25786,GOF,0.030494956340389217,0.7462206455467323,0.22328439811287848
25787,Neutral,0.6551681313283578,0.31772284697746184,0.027109021694180425
25788,LOF,0.05543281795132847,0.09745722052760825,0.8471099615210632
25789,GOF,0.22255654187623816,0.6325189845241719,0.14492447359958985
25790,GOF,0.21169168269035712,0.6849403828021391,0.10336793450750377
25791,GOF,0.16162073409449912,0.6873566599660696,0.1510226059394313
25792,GOF,0.35335922257028096,0.5283941316840935,0.11824664574562552
25793,GOF,0.24443465665892988,0.5273409220635683,0.2282244212775018
25794,GOF,0.3175819708696175,0.5309757854538656,0.151442243676517
25795,GOF,0.07974069946694087,0.6772167184937231,0.24304258203933593
25796,Neutral,0.5562386250718806,0.36561668279202464,0.07814469213609479
25797,GOF,0.09460439904601269,0.5579656620946719,0.34742993885931545
25798,GOF,0.009329777946137242,0.5345150945216981,0.4561551275321647
25799,LOF,0.007295433432122646,0.4466143062696075,0.5460902602982698
25800,GOF,0.03474324305908513,0.6296013186734967,0.33565543826741817
25801,GOF,0.2226053822646751,0.6778600076097947,0.09953461012553022
25802,GOF,0.061109977738078095,0.7296872390192531,0.2092027832426689
25803,GOF,0.03661100215300136,0.6109882261332706,0.352400771713728
25804,GOF,0.03425133982379401,0.5638526435371188,0.4018960166390872
25805,GOF,0.09623762451860683,0.6305696231256297,0.2731927523557634
25806,GOF,0.10834034134684603,0.6328124920450042,0.25884716660814966
25807,GOF,0.020115326399456162,0.6414291445137766,0.33845552908676735
25808,GOF,0.07795700137460314,0.6403799281686574,0.2816630704567394
25809,GOF,0.021463968695830015,0.6408365026859575,0.3376995286182124
25810,GOF,0.020444358578920765,0.6528155791984004,0.32674006222267893
25811,Neutral,0.4704866091251355,0.46303359363214636,0.06647979724271823
25812,GOF,0.033417216060999275,0.6511739360520173,0.3154088478869833
25813,Neutral,0.5291592394565603,0.36656835324553527,0.10427240729790449
25814,GOF,0.11993685300861032,0.6612845839901818,0.2187785630012079
25815,GOF,0.1898926837983062,0.6401658201846386,0.16994149601705516
25816,GOF,0.019536834955172624,0.6684464481883012,0.3120167168565261
25817,GOF,0.2378637646702235,0.6422392653677232,0.1198969699620533
25818,GOF,0.05737009083195963,0.5891173446703745,0.353512564497666
25819,GOF,0.37542954735069217,0.47056839916736837,0.15400205348193963
25820,GOF,0.1596456838756253,0.6243123657453549,0.2160419503790198
25821,GOF,0.05580693265276703,0.6802666662226228,0.26392640112461024
25822,GOF,0.21410011593771958,0.5488324509627602,0.2370674330995202
25823,GOF,0.03139733158404368,0.5456560810145562,0.42294658740140006
25824,GOF,0.08181471966489867,0.5707898920666487,0.3473953882684526
25825,GOF,0.030085671669085972,0.5784429815476146,0.3914713467832993
25826,GOF,0.010741386927431927,0.5456535123041729,0.4436051007683952
25827,GOF,0.02271269113924014,0.6016578939269449,0.37562941493381496
25828,GOF,0.014367120916394624,0.5262364009734514,0.45939647811015394
25829,GOF,0.0066516993126534045,0.5806591279156249,0.4126891727717216
25830,LOF,0.03382957328952907,0.3008489320283589,0.665321494682112
25831,GOF,0.19044017972486812,0.6597932341917003,0.1497665860834315
25832,GOF,0.03121777869389435,0.6747233638807096,0.29405885742539606
25833,GOF,0.12207268024659411,0.6927661979943656,0.18516112175904034
25834,GOF,0.03855528211385013,0.6784483443664806,0.2829963735196694
25835,GOF,0.09055311732027253,0.7139426484520772,0.19550423422765018
25836,GOF,0.04308593746796948,0.6500531129404697,0.30686094959156074
25837,GOF,0.024710785051095037,0.5541088005647467,0.4211804143841584
25838,GOF,0.08405416261274307,0.7401287434297126,0.17581709395754452
25839,GOF,0.26772850066249937,0.5880088029675997,0.1442626963699009
25840,GOF,0.206158468590571,0.6000619334443708,0.1937795979650582
25841,GOF,0.22482664781955164,0.5994092699581606,0.1757640822222878
25842,GOF,0.171930184384813,0.6690651659580481,0.15900464965713904
25843,GOF,0.22545760793530226,0.6646885074881171,0.10985388457658064
25844,GOF,0.0725882023129033,0.6932473421563097,0.23416445553078705
25845,GOF,0.01545276147343484,0.5192883465363664,0.4652588919901988
25846,GOF,0.1077617702996807,0.7215588899541218,0.17067933974619762
25847,GOF,0.10887253903319069,0.7728742653034779,0.11825319566333127
25848,GOF,0.035116571634118326,0.6690869311305224,0.2957964972353592
25849,GOF,0.010928127901529217,0.5760698846122856,0.4130019874861854
25850,GOF,0.021216992856898105,0.6327720777544303,0.3460109293886715
25851,GOF,0.0171962688219573,0.5424982681420714,0.4403054630359713
25852,GOF,0.16149211674908273,0.5708322884827987,0.2676755947681186
25853,GOF,0.3615876101736679,0.5610435308103795,0.07736885901595267
25854,GOF,0.021411506518215866,0.6343174499861612,0.34427104349562293
25855,GOF,0.0320743257745763,0.5962024924715676,0.37172318175385605
25856,GOF,0.23597213069735842,0.5533862551908505,0.2106416141117911
25857,GOF,0.03467333636328734,0.5265359899430571,0.43879067369365565
25858,GOF,0.01665601949024893,0.5634875223243949,0.41985645818535633
25859,GOF,0.009697326953158449,0.5586858980812517,0.4316167749655899
25860,GOF,0.3526634844782912,0.5704790569018438,0.07685745861986498
25861,GOF,0.41635254134013233,0.5092234152290345,0.07442404343083327
25862,GOF,0.09212331909289707,0.7532105204589354,0.15466616044816756
25863,GOF,0.090639646171994,0.767917941314766,0.14144241251324
25864,GOF,0.18551566020126115,0.72328022645484,0.0912041133438988
25865,GOF,0.08273262342062732,0.7957355736890184,0.12153180289035431
25866,GOF,0.0639808708175222,0.8019072250775857,0.13411190410489207
25867,GOF,0.08636913880041289,0.8095011614205656,0.10412969977902158
25868,GOF,0.2539017677883437,0.6611779021137246,0.0849203300979316
25869,Neutral,0.6860248201097747,0.2776478136591743,0.03632736623105113
25870,LOF,0.29432098291124,0.34570494943110325,0.3599740676576568
25871,GOF,0.17690726938485105,0.6507833440507015,0.17230938656444741
25872,GOF,0.07550416289226224,0.6211196898090504,0.30337614729868745
25873,GOF,0.1270170774289022,0.6488491275398875,0.2241337950312102
25874,LOF,0.018520319532516302,0.10875256812654939,0.8727271123409344
25875,LOF,0.10533584730819878,0.044103832411168345,0.8505603202806329
25876,LOF,0.039649832963068024,0.04446738873167185,0.9158827783052601
25877,Neutral,0.5366687185145195,0.0477646627569437,0.4155666187285368
25878,LOF,0.24652279974476066,0.08777261242602316,0.6657045878292162
25879,LOF,0.09106818949759253,0.08329286876773734,0.8256389417346701
25880,LOF,0.02388436140105212,0.021456213530309496,0.9546594250686384
25881,LOF,0.18361584991584842,0.09852922131508475,0.7178549287690669
25882,LOF,0.06944922166135392,0.014001439867750522,0.9165493384708956
25883,LOF,0.08436243020005561,0.016103537630693138,0.8995340321692512
25884,LOF,0.0390966726539306,0.02926721425428994,0.9316361130917794
25885,LOF,0.06272055913179268,0.011214521924650556,0.9260649189435568
25886,LOF,0.34858767774736305,0.026733536960740344,0.6246787852918966
25887,LOF,0.16141628863293203,0.05685037191517901,0.7817333394518889
25888,LOF,0.06717755172256425,0.05430871224599032,0.8785137360314454
25889,LOF,0.052190159841533454,0.018982977994339137,0.9288268621641274
25890,LOF,0.05178590482251015,0.1166348079481721,0.8315792872293178
25891,LOF,0.04671021583537997,0.049458458848582514,0.9038313253160375
25892,LOF,0.09576898670319088,0.023167718590095168,0.8810632947067139
25893,LOF,0.2592668373758339,0.018812888395897717,0.7219202742282684
25894,LOF,0.1887013882690374,0.010560607739480659,0.800738003991482
25895,LOF,0.21344931341354437,0.020286742742344183,0.7662639438441115
25896,LOF,0.047890153929167734,0.020678183425676917,0.9314316626451553
25897,LOF,0.2578204037511375,0.013998621511999099,0.7281809747368634
25898,Neutral,0.7081400437150376,0.01081194190887286,0.2810480143760896
25899,LOF,0.24367265871607163,0.02771121493147131,0.7286161263524571
25900,LOF,0.45595000335525104,0.017228357189274086,0.5268216394554749
25901,LOF,0.05000704142259255,0.012477767608839724,0.9375151909685677
25902,LOF,0.16918062500923114,0.013227181567923692,0.8175921934228451
25903,Neutral,0.5134030148173705,0.03679773989152538,0.4497992452911041
25904,LOF,0.2926424205509354,0.05120674738618286,0.6561508320628817
25905,LOF,0.023544453633682724,0.30623423383180987,0.6702213125345073
25906,LOF,0.02229323699998465,0.06345667219839768,0.9142500908016176
25907,LOF,0.014726344725253013,0.3107110819809679,0.674562573293779
25908,LOF,0.010047824437207963,0.2112265005275352,0.7787256750352569
25909,LOF,0.012605975670144641,0.10998286412588926,0.8774111602039663
25910,LOF,0.04597409745541641,0.13650945851802146,0.8175164440265621
25911,LOF,0.15324459966301782,0.02860937787107606,0.8181460224659061
25912,LOF,0.03763716705155486,0.04492274441985628,0.9174400885285888
25913,LOF,0.3223147295332552,0.023722950250920156,0.6539623202158247
25914,LOF,0.01918382033052375,0.13195927566444093,0.8488569040050352
25915,Neutral,0.4587533858640848,0.32475889419492726,0.2164877199409879
25916,LOF,0.06007334325180858,0.36140273826545083,0.5785239184827405
25917,LOF,0.06006602711909951,0.07996327445456304,0.8599706984263374
25918,LOF,0.02524823210318211,0.08223115841269737,0.8925206094841205
25919,LOF,0.021485859236710644,0.08568518390877077,0.8928289568545186
25920,GOF,0.1139908738943736,0.4803187409936176,0.4056903851120088
25921,LOF,0.026955353150861238,0.028005845215007468,0.9450388016341313
25922,LOF,0.036796723659024644,0.019416994204033748,0.9437862821369416
25923,LOF,0.4218833465838642,0.02587667430080107,0.5522399791153346
25924,LOF,0.03431130270866395,0.03834709370807395,0.927341603583262
25925,LOF,0.06754134720432423,0.030488018026647107,0.9019706347690286
25926,LOF,0.04929561807008104,0.02366572668772984,0.9270386552421891
25927,LOF,0.07169485311885097,0.09042014107033305,0.8378850058108159
25928,LOF,0.019571206957860486,0.037842220666390404,0.942586572375749
25929,Neutral,0.5568326335720204,0.028170720717240378,0.4149966457107393
25930,LOF,0.05603274212833327,0.022413177644070775,0.921554080227596
25931,LOF,0.02799657534395728,0.02366664127601905,0.9483367833800237
25932,LOF,0.026630587927160585,0.023227234755427307,0.9501421773174121
25933,LOF,0.03741601155042292,0.01616272076728655,0.9464212676822904
25934,LOF,0.023433197398222645,0.019246504988759315,0.957320297613018
25935,LOF,0.05710538514502076,0.03482032977629128,0.9080742850786879
25936,LOF,0.04815861679266106,0.024171256459881454,0.9276701267474575
25937,LOF,0.02750335444421491,0.030783523677236677,0.9417131218785485
25938,LOF,0.06317660146984129,0.037363313019591525,0.8994600855105671
25939,LOF,0.037304213496673365,0.014108745250466405,0.9485870412528603
25940,LOF,0.030362852312179844,0.3854527800706348,0.5841843676171852
25941,LOF,0.18387574051041883,0.08989046907374458,0.7262337904158366
25942,LOF,0.018329110340481104,0.029039139196197397,0.9526317504633215
25943,LOF,0.3214486562678072,0.04895907368308841,0.6295922700491043
25944,Neutral,0.4914977496984521,0.02596459619847653,0.4825376541030714
25945,LOF,0.0737004167446579,0.021021927170664166,0.9052776560846779
25946,LOF,0.02723895271358277,0.13402845532873656,0.8387325919576807
25947,LOF,0.12308459134335822,0.1946012171081608,0.6823141915484809
25948,LOF,0.4409750890221849,0.011613912805911758,0.5474109981719033
25949,LOF,0.10426130890556722,0.05047641016035912,0.8452622809340737
25950,GOF,0.29196361686815936,0.40872019190519576,0.2993161912266448
25951,LOF,0.2671046506233553,0.21291284987252337,0.5199824995041213
25952,LOF,0.04753945329812328,0.45001535088169986,0.5024451958201769
25953,LOF,0.13421521871706765,0.11949360292555705,0.7462911783573752
25954,Neutral,0.4686083693719197,0.21370153677793427,0.31769009385014596
25955,LOF,0.05429515295767638,0.08933226375404132,0.8563725832882824
25956,LOF,0.1770257751945972,0.10127640787889508,0.7216978169265078
25957,LOF,0.03478832777699908,0.03098166443219878,0.9342300077908021
25958,LOF,0.06397732445309902,0.025526788702523746,0.9104958868443773
25959,LOF,0.06292906237837644,0.3589838617089005,0.5780870759127231
25960,LOF,0.01989398761401557,0.048229197135490745,0.9318768152504936
25961,LOF,0.053517873309297796,0.028331993667071516,0.9181501330236308
25962,LOF,0.04923731964390616,0.03313788088213027,0.9176247994739635
25963,LOF,0.04958461535865801,0.20039014410947073,0.7500252405318714
25964,LOF,0.03583954185804603,0.14408314386011933,0.8200773142818347
25965,LOF,0.4340881172916915,0.08866287673126254,0.477249005977046
25966,LOF,0.44629562391494887,0.10129328023538502,0.4524110958496661
25967,LOF,0.013582800187597978,0.05661451878365749,0.9298026810287446
25968,GOF,0.032159964793140094,0.4957717530940033,0.47206828211285656
25969,LOF,0.025784138420378546,0.06565447665572004,0.9085613849239015
25970,LOF,0.062485987614342944,0.053304895961457655,0.8842091164241994
25971,LOF,0.07920840288867585,0.014204825700124404,0.9065867714111998
25972,LOF,0.0775377081936269,0.019024804157001286,0.9034374876493717
25973,LOF,0.08786599431627491,0.008173501788838591,0.9039605038948865
25974,LOF,0.2049707829900991,0.017508668052103275,0.7775205489577977
25975,LOF,0.05375213063451863,0.02694981366920416,0.9192980556962772
25976,LOF,0.04545890092325693,0.012139564338269985,0.9424015347384731
25977,LOF,0.16044524195429807,0.09045445453438125,0.7491003035113206
25978,LOF,0.14214896601996002,0.048856218731629965,0.8089948152484101
25979,LOF,0.1353974333205828,0.050089862845274453,0.8145127038341428
25980,LOF,0.18871978366265066,0.06995893047278796,0.7413212858645614
25981,LOF,0.2189523726354568,0.06807650513116699,0.7129711222333762
25982,LOF,0.40571365121511016,0.044078745087416986,0.5502076036974729
25983,LOF,0.38523640784113716,0.04805001960300697,0.5667135725558559
25984,LOF,0.05351790643778414,0.050823671003943305,0.8956584225582725
25985,LOF,0.02947390812648125,0.24231207648632233,0.7282140153871964
25986,LOF,0.0405029645097017,0.2559727729411813,0.7035242625491169
25987,LOF,0.08566559354165562,0.066476658480293,0.8478577479780514
25988,LOF,0.1373583004980281,0.05194463007607878,0.8106970694258931
25989,LOF,0.030267578532496824,0.10155402210672083,0.8681783993607823
25990,LOF,0.03717726536597187,0.13611769956544392,0.8267050350685843
25991,LOF,0.20780721915526634,0.3018732556774033,0.49031952516733024
25992,LOF,0.4206220001340817,0.15084182767674256,0.4285361721891757
25993,LOF,0.024579137962342776,0.0628883790803666,0.9125324829572906
25994,LOF,0.018553550180065184,0.0961765504783325,0.8852698993416023
25995,LOF,0.026663950987325446,0.17198622530536173,0.8013498237073128
25996,GOF,0.2908877369777892,0.4607980441105805,0.2483142189116304
25997,GOF,0.10669676769983838,0.4887477317705104,0.40455550052965117
25998,Neutral,0.5229339937330234,0.02356677755150533,0.4534992287154713
25999,LOF,0.12007793413537103,0.11551044187050838,0.7644116239941207
26000,LOF,0.17201157318713078,0.02840294460936774,0.7995854822035015
26001,LOF,0.20296879932168552,0.034022132234139774,0.7630090684441747
26002,LOF,0.12716978392442496,0.031174462909245363,0.8416557531663297
26003,GOF,0.011011176142266649,0.5757177347722042,0.4132710890855292
26004,GOF,0.023768827486144308,0.6127358505895946,0.3634953219242611
26005,LOF,0.00944079935083822,0.43918238360377665,0.5513768170453852
26006,Neutral,0.49395127755395557,0.22864711878296023,0.2774016036630842
26007,GOF,0.024385426774773376,0.4978206171580279,0.47779395606719866
26008,GOF,0.019768509518533536,0.5386276246747097,0.44160386580675665
26009,GOF,0.023874295577717104,0.5826806208391201,0.39344508358316266
26010,GOF,0.029606699470158458,0.581929793973357,0.3884635065564846
26011,LOF,0.007990005572204674,0.41895501115773204,0.5730549832700633
26012,GOF,0.018011282955714285,0.5097617765688879,0.47222694047539787
26013,GOF,0.021902303792090315,0.5590117791005743,0.4190859171073355
26014,LOF,0.042129524213923054,0.14031018216709984,0.8175602936189771
26015,LOF,0.246377759966835,0.0074680650374724265,0.7461541749956925
26016,LOF,0.21509193067044555,0.038194324469355126,0.7467137448601993
26017,LOF,0.2282562079930389,0.05450457344610412,0.717239218560857
26018,LOF,0.10193491653668837,0.03344244206646225,0.8646226413968494
26019,LOF,0.09683288312967984,0.02585953026025123,0.8773075866100689
26020,LOF,0.06226720843504321,0.08063844905642614,0.8570943425085306
26021,LOF,0.04454074517874066,0.09325017266532741,0.862209082155932
26022,LOF,0.011354024787287089,0.033642285795047605,0.9550036894176652
26023,LOF,0.12396273023075635,0.02043033413196264,0.8556069356372811
26024,LOF,0.02792477920163174,0.09735170522569266,0.8747235155726757
26025,LOF,0.1704254300239401,0.08731530619852412,0.7422592637775358
26026,LOF,0.35865404284478863,0.019542220767495348,0.6218037363877159
26027,LOF,0.09126726022922646,0.013545263967799832,0.8951874758029738
26028,LOF,0.15160122056677933,0.07417308472218115,0.7742256947110396
26029,LOF,0.06644605277544144,0.18678988859211737,0.7467640586324412
26030,LOF,0.023232347677991982,0.05468519233975199,0.9220824599822559
26031,LOF,0.026752877301328488,0.139482609913296,0.8337645127853754
26032,LOF,0.059586502085471435,0.05939652995875997,0.8810169679557687
26033,LOF,0.10893631721790534,0.07634472056694595,0.8147189622151487
26034,LOF,0.04084104688074023,0.1446612287598541,0.8144977243594056
26035,LOF,0.025083973236718234,0.14187953927103472,0.833036487492247
26036,LOF,0.03476539684037756,0.16750452578722924,0.7977300773723931
26037,LOF,0.02136758347938003,0.11951170283385168,0.8591207136867683
26038,LOF,0.05515823612140034,0.06365309926438144,0.8811886646142182
26039,LOF,0.051055699911823835,0.14795387586700906,0.8009904242211671
26040,LOF,0.1848984617038834,0.1289317562351236,0.686169782060993
26041,LOF,0.02086769286700754,0.11294054342522601,0.8661917637077665
26042,LOF,0.02157915608914803,0.1068983506253836,0.8715224932854683
26043,LOF,0.05465143731754089,0.07710901164494513,0.868239551037514
26044,LOF,0.019296413038881438,0.07134609365817453,0.9093574933029439
26045,LOF,0.07824630220173644,0.1019187452821049,0.8198349525161587
26046,LOF,0.056754676818984856,0.07517408452188741,0.8680712386591277
26047,LOF,0.08259896546549426,0.07950714317706943,0.8378938913574363
26048,LOF,0.05012405170079625,0.04951895940841841,0.9003569888907853
26049,Neutral,0.957787043669309,0.007927110366225076,0.03428584596446594
26050,Neutral,0.9410579836922014,0.01001894183264843,0.048923074475150104
26051,LOF,0.042093773880821986,0.24641738770367988,0.7114888384154981
26052,LOF,0.05786587158236504,0.2742703927962358,0.6678637356213992
26053,LOF,0.06108821869169329,0.11073347025236006,0.8281783110559467
26054,LOF,0.05944480906452808,0.01773623759479926,0.9228189533406725
26055,LOF,0.07711266151040028,0.014483638461042342,0.9084037000285573
26056,LOF,0.06434783059009298,0.01570717858071166,0.9199449908291953
26057,LOF,0.03214970742438022,0.010749396743246277,0.9571008958323735
26058,LOF,0.03335722844947703,0.008342243409381037,0.9583005281411419
26059,LOF,0.3101694134944512,0.022470894804192367,0.6673596917013565
26060,LOF,0.030459858085496755,0.1684615104508069,0.8010786314636963
26061,LOF,0.01957715046228347,0.010769307749833647,0.969653541787883
26062,LOF,0.01165957952521422,0.018006758821340323,0.9703336616534455
26063,LOF,0.023624323588850242,0.010857911648037472,0.9655177647631124
26064,LOF,0.025621449662186387,0.018851743561449516,0.9555268067763641
26065,LOF,0.026610154636325642,0.011127537552542626,0.9622623078111319
26066,LOF,0.02265022816772876,0.010309874832177811,0.9670398970000933
26067,LOF,0.028293319411355614,0.008288582965873117,0.9634180976227713
26068,LOF,0.04892210749065264,0.03176948525896758,0.9193084072503798
26069,LOF,0.24517682933153817,0.017652576827577295,0.7371705938408846
26070,LOF,0.3720661790050248,0.013729058729834556,0.6142047622651406
26071,LOF,0.025287238751277346,0.011896825779069796,0.9628159354696528
26072,LOF,0.02234407604838174,0.01722676770133973,0.9604291562502785
26073,LOF,0.026811668816234265,0.009786470871520278,0.9634018603122455
26074,Neutral,0.9057143361613376,0.005555403039778648,0.0887302607988839
26075,LOF,0.04575802980803798,0.014343092164527602,0.9398988780274344
26076,LOF,0.049078464761175916,0.008035162708533152,0.9428863725302908
26077,LOF,0.009514403211109803,0.018688803425775873,0.9717967933631143
26078,LOF,0.015498363106792638,0.010711549233486427,0.973790087659721
26079,LOF,0.062045570072573226,0.01741982807908556,0.9205346018483412
26080,LOF,0.06097272237960482,0.017357888944155665,0.9216693886762395
26081,LOF,0.04039139548052395,0.005857198657643845,0.9537514058618322
26082,LOF,0.017204770017798045,0.013926608003321647,0.9688686219788802
26083,LOF,0.13471673689714148,0.011738385424932999,0.8535448776779254
26084,LOF,0.029396820190349872,0.01092593887147932,0.9596772409381709
26085,LOF,0.024080520880123992,0.010351300250056076,0.9655681788698198
26086,LOF,0.0258951568746493,0.01120426920748573,0.9629005739178649
26087,LOF,0.03059682249395285,0.007856880856967483,0.9615462966490796
26088,LOF,0.016480620782481404,0.025377616334361468,0.9581417628831572
26089,LOF,0.04791966353236231,0.022878742714268326,0.9292015937533693
26090,LOF,0.045920552923860734,0.01800688679944128,0.936072560276698
26091,LOF,0.041458141527283256,0.005894017706902852,0.9526478407658139
26092,LOF,0.02795710177236802,0.007717952966160786,0.9643249452614712
26093,LOF,0.04293653646577122,0.005635070405940291,0.9514283931282885
26094,LOF,0.04339484174576127,0.006351057256303847,0.9502541009979348
26095,LOF,0.04901588641977091,0.012863927697814822,0.9381201858824143
26096,LOF,0.020987851935075033,0.01038933232681034,0.9686228157381146
26097,LOF,0.01204731966327068,0.03756144945439867,0.9503912308823307
26098,LOF,0.07496211754831168,0.01034008983121805,0.9146977926204702
26099,LOF,0.025953445937134983,0.012296922694039666,0.9617496313688254
26100,LOF,0.02803414808187352,0.011817159369627914,0.9601486925484987
26101,LOF,0.05971555302702176,0.01116568839153308,0.9291187585814451
26102,LOF,0.026858944071888723,0.013282688643632141,0.959858367284479
26103,Neutral,0.8869170449248654,0.017001333061120512,0.09608162201401392
26104,LOF,0.08687846899302668,0.026181679242865224,0.8869398517641082
26105,LOF,0.21009040120596098,0.2850012282883675,0.5049083705056716
26106,LOF,0.20189783987477816,0.11448736001045105,0.6836148001147708
26107,LOF,0.25262780283425046,0.07911698720599541,0.6682552099597541
26108,LOF,0.21684233275793602,0.13490654352449,0.648251123717574
26109,LOF,0.09924691438815623,0.08352220220593978,0.8172308834059041
26110,LOF,0.26938452262467677,0.005721111492559511,0.7248943658827637
26111,LOF,0.4854040433029223,0.013633248289591188,0.5009627084074865
26112,LOF,0.03522995690021454,0.006914831059505049,0.9578552120402803
26113,LOF,0.05569671172562738,0.013034567647148073,0.9312687206272245
26114,LOF,0.029605446932033725,0.02893714393297116,0.9414574091349951
26115,LOF,0.0922825158728344,0.06506019503871555,0.8426572890884501
26116,LOF,0.06642614190161478,0.05673170944952058,0.8768421486488647
26117,LOF,0.4324146037905825,0.05204989958294746,0.5155354966264701
26118,LOF,0.03554481117479202,0.026560125216776427,0.9378950636084314
26119,LOF,0.021914921815035605,0.039811111181684906,0.9382739670032795
26120,LOF,0.029554848851754193,0.026297298400145316,0.9441478527481005
26121,LOF,0.053136622184048396,0.09371435018561709,0.8531490276303346
