feature0,prediction,LoGoFunc_Neutral,LoGoFunc_GOF,LoGoFunc_LOF
25546,Neutral,0.6216900554251003,0.058058344943573294,0.32025159963132643
25547,Neutral,0.5046079450968474,0.09591411451707377,0.3994779403860788
25548,Neutral,0.4989993154261132,0.0801984293082819,0.4208022552656049
25549,LOF,0.4426648889817299,0.0804091671325778,0.4769259438856923
25550,LOF,0.3557377429398,0.11406259722448717,0.5301996598357128
25551,LOF,0.3112671589477259,0.12184541435067928,0.5668874267015949
25552,LOF,0.2797015232475468,0.1231625698371388,0.5971359069153144
25553,Neutral,0.7999044729919093,0.04661977160973719,0.15347575539835356
25554,LOF,0.3180700937175112,0.11055479470833915,0.5713751115741497
25555,LOF,0.2686738922004708,0.10616253249893066,0.6251635753005985
25556,Neutral,0.4638989113967054,0.09690094991474218,0.43920013868855245
25557,LOF,0.257838570850884,0.11244552173943714,0.6297159074096789
25558,LOF,0.31202528272581004,0.10649614489353221,0.5814785723806578
25559,LOF,0.2518321847442408,0.14256771884189642,0.6056000964138628
25560,LOF,0.17692075326743684,0.115705645757449,0.7073736009751141
25561,LOF,0.16814452277541553,0.13648014834805514,0.6953753288765294
25562,LOF,0.07332841180978066,0.09085477754942875,0.8358168106407906
25563,LOF,0.02789977733234864,0.15409042013232632,0.8180098025353251
25564,LOF,0.1991546089251274,0.14344076073650752,0.6574046303383652
25565,LOF,0.2160027278173924,0.13661855212516832,0.6473787200574392
25566,GOF,0.09023294275286355,0.7020159111566967,0.20775114609043985
25567,LOF,0.04353106810038365,0.17964062065564593,0.7768283112439704
25568,LOF,0.068730526984442,0.09288220864474829,0.8383872643708097
25569,LOF,0.06020642931844458,0.09342885445979024,0.8463647162217652
25570,LOF,0.02492175897081855,0.11163055930063039,0.8634476817285511
25571,LOF,0.025181029698402017,0.11827766505334081,0.8565413052482571
25572,LOF,0.06388300359432215,0.13591148319192922,0.8002055132137486
25573,LOF,0.0602240980052208,0.11197026615942783,0.8278056358353515
25574,LOF,0.056183208485077143,0.23720205348066253,0.7066147380342603
25575,LOF,0.021358942139129273,0.13170061156810356,0.8469404462927672
25576,LOF,0.027375873011259735,0.1758172789176044,0.7968068480711358
25577,LOF,0.03038064261657009,0.13612528374294752,0.8334940736404823
25578,LOF,0.30793034478445364,0.1054289940490189,0.5866406611665275
25579,LOF,0.14299822279229593,0.11162777658176103,0.7453740006259431
25580,LOF,0.019721821324542012,0.09548921554014284,0.8847889631353152
25581,LOF,0.054014295731267925,0.08564478314410828,0.8603409211246237
25582,LOF,0.05384373910190149,0.08425431662380123,0.8619019442742972
25583,LOF,0.022342050600730294,0.09787040711132315,0.8797875422879465
25584,Neutral,0.6793511205051247,0.13422372563459356,0.18642515386028172
25585,LOF,0.021242558885256665,0.16741269862143662,0.8113447424933068
25586,LOF,0.016927801423731112,0.08338107437469519,0.8996911242015736
25587,LOF,0.016734340951507366,0.07402643842238162,0.909239220626111
25588,LOF,0.019699304330523672,0.08305744524819098,0.8972432504212854
25589,Neutral,0.4906279033305577,0.24395837520190022,0.2654137214675419
25590,LOF,0.05087977467422135,0.13730149216004742,0.8118187331657313
25591,LOF,0.09109736056378064,0.07560325898211763,0.8332993804541018
25592,LOF,0.056080841683660364,0.1590483654255458,0.7848707928907939
25593,LOF,0.11468867007551614,0.2922140224980051,0.5930973074264788
25594,LOF,0.04900435079399517,0.07689643426143061,0.8740992149445742
25595,LOF,0.045921926808480264,0.05654892543236065,0.897529147759159
25596,LOF,0.10110305861237721,0.027525070159494774,0.871371871228128
25597,LOF,0.08288073433701053,0.032541414230696224,0.8845778514322932
25598,LOF,0.04506783249438903,0.05784912944367633,0.8970830380619346
25599,LOF,0.017815494997391133,0.4477312547097987,0.5344532502928101
25600,GOF,0.14980391769272522,0.4961374649389944,0.3540586173682803
25601,LOF,0.03273292734936986,0.37662695755528786,0.5906401150953423
25602,LOF,0.034790205458704836,0.05956014678003702,0.905649647761258
25603,LOF,0.03590214692083065,0.034013371867784616,0.9300844812113848
25604,LOF,0.03612304891801524,0.0762245545591615,0.8876523965228232
25605,LOF,0.036900740927049015,0.18852156710032053,0.7745776919726305
25606,LOF,0.4003763636808515,0.12318048338574028,0.47644315293340816
25607,LOF,0.03049616286298815,0.18808775167174865,0.7814160854652632
25608,LOF,0.040618269462629426,0.07991175049023307,0.8794699800471375
25609,GOF,0.1387095614755705,0.5145192361072998,0.3467712024171297
25610,LOF,0.01593345207193197,0.038373271805384405,0.9456932761226836
25611,LOF,0.014014370670940243,0.03650572398656267,0.949479905342497
25612,LOF,0.04496601998510936,0.056189660916736855,0.8988443190981538
25613,LOF,0.04600374340823007,0.0532731147287604,0.9007231418630095
25614,LOF,0.022258300414446645,0.03479147483619734,0.9429502247493561
25615,LOF,0.04160635399366212,0.050310790421500204,0.9080828555848377
25616,LOF,0.046711762757673636,0.03308555216608818,0.9202026850762381
25617,LOF,0.040787161725901765,0.041560856829457836,0.9176519814446404
25618,LOF,0.0447367285171922,0.04729316760910943,0.9079701038736984
25619,LOF,0.013315155641451507,0.04570099546281078,0.9409838488957376
25620,LOF,0.05782876724657953,0.0496704177838761,0.8925008149695444
25621,LOF,0.05896088691262077,0.04465778148649622,0.8963813316008831
25622,LOF,0.061449974637027005,0.043238004047117244,0.8953120213158556
25623,LOF,0.06884792436907351,0.038185556031473784,0.8929665195994526
25624,LOF,0.01848313886916571,0.044128356550737456,0.9373885045800968
25625,LOF,0.06216180639670089,0.043686252910481484,0.8941519406928176
25626,LOF,0.0454757415996511,0.05296103744294002,0.9015632209574088
25627,Neutral,0.8927534804409029,0.020228377590727053,0.08701814196836997
25628,LOF,0.16116382682463465,0.06038102475962467,0.7784551484157406
25629,LOF,0.06533237456072782,0.052674669884128715,0.8819929555551436
25630,LOF,0.2753627597017414,0.07351955537733214,0.6511176849209264
25631,Neutral,0.5534195158168982,0.07077740117751956,0.37580308300558224
25632,LOF,0.02485756778881843,0.07463750427730044,0.9005049279338811
25633,LOF,0.1482404287010616,0.04484479507300575,0.8069147762259327
25634,LOF,0.034284093610039965,0.10638383400167858,0.8593320723882814
25635,LOF,0.03461115617380028,0.04826081414915148,0.9171280296770482
25636,LOF,0.0327842846832372,0.4424629417573476,0.5247527735594151
25637,GOF,0.07162153532884911,0.46976480731255316,0.4586136573585976
25638,LOF,0.030540949192924452,0.3718063442017907,0.5976527066052849
25639,LOF,0.02981927657124566,0.39504628532882796,0.5751344380999263
25640,Neutral,0.7730226292793954,0.18074697212035695,0.04623039860024759
25641,GOF,0.07419224544638597,0.5344776467967136,0.3913301077569004
25642,LOF,0.05715867182138052,0.20593265502647032,0.7369086731521493
25643,LOF,0.20436594975267322,0.14747317886327294,0.6481608713840539
25644,LOF,0.023760997797132807,0.46422578014700167,0.5120132220558655
25645,LOF,0.025163854982406253,0.4496681860569978,0.525167958960596
25646,LOF,0.058690168364693526,0.3517726001341439,0.5895372315011626
25647,LOF,0.026075997294770184,0.29211261170118696,0.6818113910040428
25648,LOF,0.030024983081515126,0.2880438137282482,0.6819312031902367
25649,LOF,0.017559154526355196,0.2556178859614091,0.7268229595122356
25650,LOF,0.051160961467485326,0.4189726061264722,0.5298664324060425
25651,LOF,0.018939383970563467,0.30011892352780783,0.6809416925016287
25652,LOF,0.030597604953105265,0.28592058996168007,0.6834818050852146
25653,LOF,0.08491555352311503,0.4397283236083715,0.4753561228685134
25654,LOF,0.019928826618340237,0.2542106678111132,0.7258605055705466
25655,GOF,0.2076935779627617,0.43621477740444936,0.3560916446327891
25656,LOF,0.36145254616297057,0.07830543603730462,0.5602420177997248
25657,LOF,0.06014492713481614,0.07681160135646856,0.8630434715087153
25658,LOF,0.38305120897947403,0.08451034697523176,0.5324384440452943
25659,Neutral,0.5056105883055134,0.11623138906436117,0.3781580226301254
25660,LOF,0.022188299317850328,0.09023806208666198,0.8875736385954877
25661,LOF,0.09639099117915606,0.057469543812510966,0.8461394650083329
25662,LOF,0.035379075431380275,0.03140227455651206,0.9332186500121076
25663,LOF,0.04381724276616628,0.041724667342409046,0.9144580898914246
25664,LOF,0.14062635912895047,0.06022140043562501,0.7991522404354245
25665,LOF,0.05703755121890349,0.03183424522087465,0.911128203560222
25666,LOF,0.09908498279294377,0.062151133815525506,0.8387638833915307
25667,LOF,0.07168650566116584,0.03854489031408632,0.8897686040247478
25668,LOF,0.03945236293287207,0.04738469605185025,0.9131629410152776
25669,LOF,0.03189910186144954,0.04669183010369097,0.9214090680348594
25670,LOF,0.14032835846878944,0.05073442434176155,0.808937217189449
25671,LOF,0.12485681064158535,0.031547008056693235,0.8435961813017213
25672,LOF,0.05238419685219336,0.043957454637622025,0.9036583485101847
25673,LOF,0.08383857464682552,0.043874356439984746,0.8722870689131896
25674,LOF,0.07022895992671926,0.05283428045475861,0.8769367596185221
25675,LOF,0.10785027362048544,0.05452276256032884,0.8376269638191858
25676,LOF,0.01920724197855141,0.050053271288563704,0.9307394867328849
25677,LOF,0.026601836025831545,0.06916510685987927,0.9042330571142893
25678,LOF,0.1864302194486156,0.06786602030799944,0.7457037602433849
25679,LOF,0.11464936819875847,0.07627758955005748,0.809073042251184
25680,LOF,0.03463564734778417,0.11924732122999057,0.8461170314222252
25681,LOF,0.05137744142172523,0.11000090370967477,0.8386216548686
25682,LOF,0.14440439331274454,0.07337913395909151,0.7822164727281639
25683,LOF,0.11519805805386732,0.0821140217081413,0.8026879202379913
25684,LOF,0.043538283415010814,0.06652243232048817,0.889939284264501
25685,LOF,0.12356476667656903,0.0634539410359792,0.8129812922874516
25686,LOF,0.08068493368565496,0.0943892732900606,0.8249257930242844
25687,LOF,0.12737036805859692,0.10028054773295192,0.772349084208451
25688,LOF,0.3650487788123507,0.035870268460123506,0.5990809527275258
25689,LOF,0.2729328100512861,0.03915011078662074,0.6879170791620931
25690,LOF,0.370438897360901,0.028724402416373817,0.6008367002227252
25691,Neutral,0.711644567061745,0.023754427369742794,0.26460100556851235
25692,LOF,0.34894533029438884,0.009868252424043185,0.6411864172815681
25693,LOF,0.04711227311040641,0.39788659061745263,0.555001136272141
25694,LOF,0.12075075800776151,0.01499347807449373,0.8642557639177447
25695,LOF,0.11419292915072378,0.014059321390018208,0.871747749459258
25696,LOF,0.10999557157098802,0.009324843514054644,0.8806795849149573
25697,LOF,0.08756809912373668,0.040988792996657794,0.8714431078796055
25698,LOF,0.34066056544263357,0.14687330706390928,0.5124661274934571
25699,Neutral,0.4949627401936265,0.044559618033901884,0.46047764177247164
25700,LOF,0.08206276908782204,0.008282976343038479,0.9096542545691395
25701,LOF,0.19254809622724356,0.05254386230392598,0.7549080414688305
25702,GOF,0.1827051705670638,0.588982361268226,0.2283124681647101
25703,LOF,0.01577577807642761,0.15074925799883765,0.8334749639247346
25704,LOF,0.037277523027925606,0.1004611515548362,0.8622613254172382
25705,LOF,0.04993330793090828,0.15948078080857603,0.7905859112605158
25706,LOF,0.10526931563582952,0.41710668958193536,0.47762399478223505
25707,LOF,0.09198571586771952,0.3375803281628076,0.5704339559694729
25708,LOF,0.03745176107298727,0.328177357458211,0.6343708814688017
25709,LOF,0.0689370238761662,0.048770034022892504,0.8822929421009412
25710,LOF,0.011451986478357401,0.1680576933151572,0.8204903202064854
25711,LOF,0.021646281350142047,0.09510541432804667,0.8832483043218113
25712,LOF,0.014258982542815305,0.20944275126542408,0.7762982661917607
25713,LOF,0.02026894012868516,0.08978697148226741,0.8899440883890475
25714,LOF,0.07866498832743538,0.09339332663377245,0.8279416850387923
25715,LOF,0.012170185845711093,0.1547093909014014,0.8331204232528875
25716,LOF,0.010800917368065044,0.11941820827051422,0.8697808743614207
25717,LOF,0.015404273839882777,0.08331953997933293,0.9012761861807842
25718,LOF,0.011698098768745892,0.10568912837413565,0.8826127728571185
25719,LOF,0.02001760746542576,0.09133601182182023,0.888646380712754
25720,LOF,0.02453453844984046,0.0759088079706159,0.8995566535795437
25721,LOF,0.013801839673008954,0.13770002373327578,0.8484981365937153
25722,LOF,0.01472498109362736,0.14521119965276333,0.8400638192536092
25723,LOF,0.024352235016554813,0.05415155479313311,0.921496210190312
25724,LOF,0.03489610713963048,0.09139317173777366,0.8737107211225957
25725,LOF,0.01248875421768022,0.08185417038122308,0.9056570754010966
25726,LOF,0.016417373122338794,0.11685179956325116,0.8667308273144101
25727,LOF,0.01297720634591742,0.08752470215558793,0.8994980914984946
25728,LOF,0.010820089269864273,0.12270284656378855,0.8664770641663472
25729,LOF,0.011095904915112873,0.12279807209731794,0.8661060229875692
25730,LOF,0.014206488149307386,0.10571892150405639,0.8800745903466363
25731,LOF,0.0182959114084024,0.11227016419338237,0.8694339243982151
25732,LOF,0.01415325636274701,0.08950655145481726,0.8963401921824357
25733,LOF,0.015788956640501145,0.08144953187994519,0.9027615114795535
25734,LOF,0.010507364604113575,0.12741638414726572,0.8620762512486206
25735,LOF,0.012541981246557879,0.09510404738719054,0.8923539713662515
25736,LOF,0.013546485134399154,0.11713160317299799,0.8693219116926028
25737,LOF,0.012852436144433986,0.08481840146605617,0.9023291623895099
25738,LOF,0.012327042893251388,0.13225438457230385,0.8554185725344448
25739,LOF,0.021924816847279826,0.0921593600214776,0.8859158231312425
25740,LOF,0.027959461695593303,0.13708210853234407,0.8349584297720626
25741,LOF,0.015580662029528939,0.1411951513476447,0.8432241866228263
25742,LOF,0.13246487831091602,0.09315683556995359,0.7743782861191304
25743,LOF,0.04044988631530992,0.03773556302840619,0.9218145506562838
25744,Neutral,0.5574692050721084,0.2247947345555297,0.2177360603723619
25745,LOF,0.06526767096688871,0.06401988595742744,0.8707124430756837
25746,LOF,0.043673460741794096,0.0830031676234355,0.8733233716347704
25747,LOF,0.020318629037145312,0.056894644797888555,0.922786726164966
25748,LOF,0.09009410581644904,0.08500287380592328,0.8249030203776277
25749,LOF,0.02676687641441527,0.07855809867615648,0.8946750249094282
25750,LOF,0.07474045333499159,0.0857915428449216,0.8394680038200867
25751,LOF,0.08893151551278677,0.11313643024959567,0.7979320542376175
25752,GOF,0.11891684373063527,0.6197159409468113,0.2613672153225534
25753,LOF,0.022706898303703593,0.2874122231100831,0.6898808785862134
25754,GOF,0.012750097966587234,0.7983538446169636,0.1888960574164492
25755,LOF,0.024085711492651395,0.39287029969918963,0.583043988808159
25756,LOF,0.0481733649105942,0.37723037671714316,0.5745962583722626
25757,GOF,0.01798395282731212,0.8405033106348551,0.1415127365378328
25758,GOF,0.026668142027408193,0.8044822745288146,0.16884958344377723
25759,GOF,0.011435673735607872,0.6233549273851396,0.3652093988792526
25760,LOF,0.013257472448580235,0.266683956331574,0.7200585712198457
25761,GOF,0.2591755284838883,0.6441395776377666,0.09668489387834502
25762,LOF,0.046720913684923523,0.2624316451960747,0.6908474411190018
25763,LOF,0.01476430267915282,0.20224761222772097,0.7829880850931261
25764,GOF,0.07409178056001854,0.6012190855266237,0.32468913391335774
25765,GOF,0.03248501128091934,0.7209022890347943,0.24661269968428645
25766,GOF,0.06816660280279427,0.7438965999475726,0.1879367972496332
25767,GOF,0.16135317790611098,0.538610924455178,0.3000358976387111
25768,LOF,0.11470552988288167,0.06317782279966525,0.822116647317453
25769,LOF,0.05724763298683923,0.0661309926389331,0.8766213743742276
25770,LOF,0.30636405858870047,0.10145854843252206,0.5921773929787775
25771,LOF,0.04755167273356729,0.05142819259314622,0.9010201346732865
25772,LOF,0.01929167437551417,0.04449283650736166,0.9362154891171242
25773,LOF,0.04629997760576347,0.10135594933724483,0.8523440730569917
25774,LOF,0.028575244598356035,0.0856477308985259,0.8857770245031181
25775,LOF,0.049406065252393494,0.04698503465708272,0.9036089000905239
25776,LOF,0.07821915980227545,0.026360776039931165,0.8954200641577934
25777,LOF,0.3449226567241445,0.06359262895202747,0.5914847143238281
25778,LOF,0.0715050649807126,0.05110350024407665,0.8773914347752108
25779,GOF,0.3500989832167696,0.6061231482197392,0.043777868563491286
25780,GOF,0.3329517659490416,0.5915618716068224,0.07548636244413603
25781,GOF,0.11368139770662701,0.7845213276921761,0.10179727460119706
25782,GOF,0.18808030576170884,0.7255954738753453,0.08632422036294593
25783,GOF,0.019975698362555125,0.6495340240528633,0.3304902775845815
25784,Neutral,0.47996806996327834,0.4777136113341812,0.04231831870254037
25785,GOF,0.46972083750633187,0.49000525973385606,0.04027390275981219
25786,GOF,0.027641019624664795,0.7459144244079504,0.2264445559673847
25787,Neutral,0.6427808529620698,0.33252548975240426,0.024693657285526024
25788,LOF,0.058003414843465585,0.10407412946239385,0.8379224556941406
25789,GOF,0.20026192037812507,0.6609724122302635,0.1387656673916113
25790,GOF,0.20534173265394268,0.6990633961438256,0.0955948712022316
25791,GOF,0.15894814367056767,0.6849237078483538,0.15612814848107856
25792,GOF,0.36335965420687577,0.5190188750696453,0.11762147072347905
25793,GOF,0.2454382060317222,0.5397550377051396,0.21480675626313828
25794,GOF,0.30965110281418,0.5262619156742899,0.16408698151153012
25795,GOF,0.07790144396899677,0.680537306380603,0.2415612496504002
25796,Neutral,0.5508259098145069,0.376130135723242,0.07304395446225113
25797,GOF,0.07635007013391233,0.536350394984398,0.3872995348816897
25798,GOF,0.008826335160418827,0.5223637270626511,0.46880993777693
25799,LOF,0.006968953367178657,0.4133019265565947,0.5797291200762266
25800,GOF,0.031583286248793946,0.5974224427405236,0.3709942710106826
25801,GOF,0.2111353008783409,0.6767978522188474,0.11206684690281178
25802,GOF,0.06126718251060866,0.698773059382277,0.23995975810711442
25803,GOF,0.03493769416162207,0.5665511725937474,0.3985111332446305
25804,GOF,0.03165885224372862,0.50107826923314,0.46726287852313136
25805,GOF,0.09743825168519718,0.5817356040598781,0.32082614425492473
25806,GOF,0.10436090648307327,0.5920132237465259,0.3036258697704008
25807,GOF,0.01913608116722462,0.6184249228920241,0.3624389959407513
25808,GOF,0.08226657252683457,0.637908099855064,0.27982532761810136
25809,GOF,0.019235487323877514,0.619807006913855,0.3609575057622674
25810,GOF,0.01807032753725927,0.6348574016990777,0.3470722707636632
25811,GOF,0.44303672085442747,0.4875207142907039,0.06944256485486866
25812,GOF,0.03151008168981877,0.6347349391543708,0.33375497915581037
25813,Neutral,0.5139494638083637,0.388944513626047,0.0971060225655893
25814,GOF,0.11593600432762156,0.6674425106135904,0.2166214850587881
25815,GOF,0.18584521512914187,0.6234379878151362,0.19071679705572195
25816,GOF,0.021634491781087044,0.7131021738515555,0.2652633343673575
25817,GOF,0.22330819594968118,0.6495804845664764,0.12711131948384224
25818,GOF,0.05496536696796436,0.6404151444366932,0.3046194885953424
25819,GOF,0.34178152724390365,0.5167192855441767,0.1414991872119197
25820,GOF,0.15916648741769587,0.6321123899196142,0.20872112266268994
25821,GOF,0.051026820560943986,0.6919093616556705,0.25706381778338544
25822,GOF,0.21461987668728685,0.5745110249077312,0.21086909840498194
25823,GOF,0.026543844806115213,0.526027851468846,0.4474283037250387
25824,GOF,0.07727523232726004,0.5846819426928828,0.33804282497985716
25825,GOF,0.02821653646088643,0.5754214806179523,0.3963619829211613
25826,GOF,0.010644634106513118,0.5552035417122543,0.43415182418123266
25827,GOF,0.02210653327706968,0.5895025154443585,0.3883909512785718
25828,GOF,0.012880041859269633,0.5201597126732517,0.4669602454674788
25829,GOF,0.006097052454271416,0.5782640530892176,0.41563889445651103
25830,LOF,0.0350737338617695,0.2953670289644251,0.6695592371738054
25831,GOF,0.18897818476542824,0.6805306359471365,0.13049117928743525
25832,GOF,0.031036774362492962,0.6924479937146587,0.2765152319228483
25833,GOF,0.12223190533824387,0.7098540068152992,0.1679140878464569
25834,GOF,0.039035589171041454,0.7016415841576633,0.25932282667129514
25835,GOF,0.08552752627807539,0.7366018112696433,0.17787066245228136
25836,GOF,0.040852513253749057,0.6777569941842351,0.2813904925620158
25837,GOF,0.024880376057905815,0.5599844316382536,0.4151351923038406
25838,GOF,0.08456128842335692,0.7552171048831501,0.160221606693493
25839,GOF,0.2948868489849804,0.5613751098246524,0.14373804119036715
25840,GOF,0.2241991044644649,0.6169885993290518,0.15881229620648335
25841,GOF,0.2631800764769593,0.59401851515244,0.14280140837060065
25842,GOF,0.18238267537171582,0.6799597835599328,0.13765754106835137
25843,GOF,0.24278186795172707,0.6639871002731366,0.09323103177513643
25844,GOF,0.06371206058042665,0.682152307806879,0.2541356316126945
25845,LOF,0.014571760939250932,0.46676000238966997,0.5186682366710791
25846,GOF,0.12539318047451248,0.7133120664811541,0.16129475304433336
25847,GOF,0.10993492146284149,0.7803305822417327,0.10973449629542595
25848,GOF,0.03379700172307708,0.6821001382621705,0.2841028600147523
25849,GOF,0.01066726415571378,0.5690995047401144,0.4202332311041719
25850,GOF,0.01942972573055354,0.6539947220349264,0.32657555223452
25851,GOF,0.014923156077062467,0.5458521666841268,0.4392246772388107
25852,GOF,0.1492405562882562,0.5650456702316032,0.28571377348014054
25853,GOF,0.3544388858782766,0.582169721765727,0.06339139235599653
25854,GOF,0.01956666627289533,0.6292489271735762,0.35118440655352856
25855,GOF,0.02960534062748286,0.5731236439661331,0.39727101540638404
25856,GOF,0.21927180767407137,0.5468579178304184,0.2338702744955102
25857,GOF,0.029276543693225025,0.5056167870299204,0.4651066692768547
25858,GOF,0.015365578892759274,0.5421116625269767,0.4425227585802641
25859,GOF,0.008744077333912989,0.5289321807196639,0.4623237419464231
25860,GOF,0.3541244516721566,0.5645344566050566,0.08134109172278682
25861,GOF,0.3967492935867798,0.51993543220749,0.08331527420573025
25862,GOF,0.08264448951212877,0.7719948966865181,0.14536061380135304
25863,GOF,0.08502612279621896,0.7739678164905291,0.14100606071325197
25864,GOF,0.18569406721314316,0.7199457947413372,0.09436013804551951
25865,GOF,0.07527006013087369,0.7993860729011908,0.1253438669679356
25866,GOF,0.06178144967156688,0.8065197273067687,0.1316988230216645
25867,GOF,0.0768731734315137,0.8227265980896635,0.10040022847882282
25868,GOF,0.26109587081284785,0.6405964044494532,0.09830772473769889
25869,Neutral,0.6938291444141179,0.27024381635001016,0.03592703923587189
25870,GOF,0.3263455498491617,0.3643712664345213,0.3092831837163171
25871,GOF,0.21274643146626238,0.6257760741321053,0.16147749440163223
25872,GOF,0.08040410502837093,0.6404249691943237,0.27917092577730523
25873,GOF,0.14148425959136288,0.6377193504231574,0.2207963899854797
25874,LOF,0.01746237997165455,0.11704690239895718,0.8654907176293883
25875,LOF,0.09776347020672341,0.03801096302956192,0.8642255667637148
25876,LOF,0.03863737448825962,0.035021329298128734,0.9263412962136115
25877,Neutral,0.5278178196762477,0.0430048974324027,0.42917728289134954
25878,LOF,0.22753402966703037,0.07297966862566474,0.699486301707305
25879,LOF,0.08608390079640076,0.09088399191402839,0.8230321072895709
25880,LOF,0.02376180710382242,0.016512719002319657,0.9597254738938579
25881,LOF,0.1992289985860059,0.10071397617892898,0.7000570252350651
25882,LOF,0.06629615302584724,0.014532622385015513,0.9191712245891374
25883,LOF,0.08276693328550046,0.01723216925286656,0.900000897461633
25884,LOF,0.03564935727049114,0.02793866405064001,0.9364119786788689
25885,LOF,0.0665886819757895,0.009815829166436283,0.9235954888577742
25886,LOF,0.2668015159313199,0.031054836334035486,0.7021436477346445
25887,LOF,0.1599217149516934,0.057576369690620875,0.7825019153576858
25888,LOF,0.06779095076658412,0.055133129100983766,0.8770759201324322
25889,LOF,0.04885727923199995,0.01891615876888472,0.9322265619991154
25890,LOF,0.058746327523749496,0.12404551138648755,0.817208161089763
25891,LOF,0.04207346089360591,0.0461547240106285,0.9117718150957655
25892,LOF,0.09735513771121121,0.018758417138043815,0.883886445150745
25893,LOF,0.2531061012658035,0.015280001965165104,0.7316138967690314
25894,LOF,0.1793402352252504,0.009941127868776366,0.8107186369059733
25895,LOF,0.20932772432306151,0.017472921174136995,0.7731993545028015
25896,LOF,0.048287767347556715,0.023567179309386253,0.9281450533430571
25897,LOF,0.23759532964848346,0.011478847368003923,0.7509258229835126
25898,Neutral,0.7137968607303294,0.008791699889337434,0.277411439380333
25899,LOF,0.20703586481841996,0.023654159961811947,0.7693099752197682
25900,LOF,0.42570476807912394,0.015237796795984955,0.5590574351248911
25901,LOF,0.052599851881777605,0.012206066621614073,0.9351940814966084
25902,LOF,0.1504545980938237,0.012406624687429445,0.8371387772187469
25903,Neutral,0.5200550103989715,0.02467787769110244,0.45526711190992614
25904,LOF,0.2965618800590984,0.0500301682486576,0.6534079516922441
25905,LOF,0.024782304496691634,0.2990349358614624,0.6761827596418459
25906,LOF,0.021704434256801172,0.06123203627265588,0.917063529470543
25907,LOF,0.013906581566773182,0.30937051562831064,0.6767229028049162
25908,LOF,0.010416851064512763,0.22985800336571086,0.7597251455697764
25909,LOF,0.01376411479902822,0.12511312108151257,0.8611227641194592
25910,LOF,0.04936362633632702,0.14359400397024114,0.8070423696934318
25911,LOF,0.16170786057942396,0.027341521162371003,0.810950618258205
25912,LOF,0.042068501180586776,0.04594712275921165,0.9119843760602017
25913,LOF,0.30254125758239914,0.024686382884834032,0.6727723595327668
25914,LOF,0.01984447512878937,0.09587473994234053,0.8842807849288702
25915,Neutral,0.4916211910794595,0.265886345277311,0.2424924636432295
25916,LOF,0.06746721204102925,0.344046879610112,0.5884859083488588
25917,LOF,0.07072979380314795,0.0667080057798564,0.8625622004169956
25918,LOF,0.025644313271647373,0.056947852059690676,0.917407834668662
25919,LOF,0.02240286633820616,0.05917039907240051,0.9184267345893934
25920,GOF,0.08254362800549901,0.49583832440530473,0.4216180475891963
25921,LOF,0.026049233080745603,0.028135312483295753,0.9458154544359585
25922,LOF,0.03618994482232864,0.01884903130366305,0.9449610238740084
25923,LOF,0.4232452933577889,0.020280344919891623,0.5564743617223195
25924,LOF,0.03346172421037067,0.0394987127804251,0.9270395630092043
25925,LOF,0.0704131608048836,0.02654563537917637,0.90304120381594
25926,LOF,0.05282537790385691,0.02122790287373507,0.9259467192224081
25927,LOF,0.06527322935483382,0.08522698963888214,0.849499781006284
25928,LOF,0.020557584727244494,0.037081069982547094,0.9423613452902084
25929,Neutral,0.5453908204819038,0.022136933377692354,0.4324722461404038
25930,LOF,0.056865774169927046,0.01944286417430771,0.9236913616557652
25931,LOF,0.02965022697171402,0.02175800050703185,0.9485917725212543
25932,LOF,0.0289198041172442,0.020137457171538562,0.9509427387112173
25933,LOF,0.037706030499793604,0.013624245820713525,0.9486697236794929
25934,LOF,0.026296030227388034,0.01647346964233449,0.9572305001302774
25935,LOF,0.06254588278270298,0.03258974713942179,0.9048643700778752
25936,LOF,0.0468467003852067,0.018190325838043336,0.93496297377675
25937,LOF,0.02936927178226817,0.02582683979670682,0.9448038884210249
25938,LOF,0.06682821802626039,0.033379912583788716,0.8997918693899509
25939,LOF,0.03924492929961275,0.012593294608547592,0.9481617760918397
25940,LOF,0.033200356547316075,0.39920689778661034,0.5675927456660735
25941,LOF,0.17686117735896817,0.10418001214438001,0.7189588104966518
25942,LOF,0.015865020669525717,0.034263211791071765,0.9498717675394025
25943,LOF,0.289155020111916,0.05955911547326862,0.6512858644148154
25944,Neutral,0.489893782373598,0.029722060066552924,0.48038415755984926
25945,LOF,0.06890564148671287,0.02511104092819549,0.9059833175850917
25946,LOF,0.030252440282996795,0.12694911454272748,0.8427984451742758
25947,LOF,0.1198458668232251,0.20394531465543958,0.6762088185213353
25948,LOF,0.4029483152299544,0.011272296721326461,0.5857793880487191
25949,LOF,0.09865709176027304,0.043085708932801337,0.8582571993069256
25950,GOF,0.26360734593015445,0.4033872594503098,0.33300539461953577
25951,LOF,0.26403514085675145,0.21889564744743983,0.5170692116958087
25952,LOF,0.05020854990850045,0.41866202321979185,0.5311294268717077
25953,LOF,0.13129233651167155,0.10547213274586084,0.7632355307424675
25954,Neutral,0.4395777980343063,0.16081441436227892,0.3996077876034148
25955,LOF,0.056613113962478145,0.07700911867090768,0.8663777673666141
25956,LOF,0.1590929642410325,0.13179941012767518,0.7091076256312924
25957,LOF,0.0375984621958954,0.03107358461120344,0.9313279531929012
25958,LOF,0.06303206625211812,0.02994999781082985,0.907017935937052
25959,LOF,0.07186225265055955,0.3500611961880585,0.578076551161382
25960,LOF,0.019545187808289562,0.05097718751802726,0.9294776246736831
25961,LOF,0.05169630154293409,0.03104907952144271,0.9172546189356232
25962,LOF,0.06460028856713479,0.029131469288566764,0.9062682421442985
25963,LOF,0.04569685161373295,0.1710599310945808,0.7832432172916863
25964,LOF,0.03803674963632432,0.13404721230454097,0.8279160380591347
25965,Neutral,0.46603428541552094,0.08534931318613194,0.4486164013983472
25966,Neutral,0.4612734588557293,0.09641798523990222,0.44230855590436857
25967,LOF,0.01261594216291183,0.05518413780512277,0.9321999200319653
25968,LOF,0.027277353773218944,0.45970867080086825,0.5130139754259129
25969,LOF,0.024032637101041972,0.06095948141208626,0.9150078814868716
25970,LOF,0.06010998055953191,0.05203890499164115,0.8878511144488269
25971,LOF,0.0792243280773158,0.015281433866600313,0.9054942380560839
25972,LOF,0.07753540175857931,0.019384395735239247,0.9030802025061814
25973,LOF,0.09111207848055354,0.010725519489914848,0.8981624020295316
25974,LOF,0.20380143471417483,0.01728156525482162,0.7789170000310036
25975,LOF,0.05057984637589024,0.034119972044305676,0.915300181579804
25976,LOF,0.045055997966844084,0.016480533812870946,0.9384634682202849
25977,LOF,0.16165169833171425,0.09338387277935402,0.7449644288889319
25978,LOF,0.14882413842373607,0.07066072086330098,0.780515140712963
25979,LOF,0.13646140999534764,0.07376249581359076,0.7897760941910617
25980,LOF,0.21777257352647617,0.1047741568753666,0.6774532695981573
25981,LOF,0.2538600963574882,0.10157430285779169,0.6445656007847201
25982,LOF,0.4289382244960689,0.05399371145674347,0.5170680640471876
25983,LOF,0.4083631223359645,0.06208710073907794,0.5295497769249576
25984,LOF,0.05159360932150995,0.043371407373443735,0.9050349833050463
25985,LOF,0.029298113877604195,0.2219509504425097,0.748750935679886
25986,LOF,0.039930929411497326,0.25039355191140655,0.7096755186770962
25987,LOF,0.0806727158357722,0.05808234686820051,0.8612449372960274
25988,LOF,0.14598026466888017,0.045098477966788515,0.8089212573643314
25989,LOF,0.030026563277995102,0.08844898146894588,0.8815244552530591
25990,LOF,0.03801507761734307,0.11464604959512845,0.8473388727875284
25991,LOF,0.14970484229102002,0.2760400627406295,0.5742550949683506
25992,LOF,0.3286950689777444,0.1529648762631704,0.5183400547590852
25993,LOF,0.023850833771792174,0.09301465917510812,0.8831345070530997
25994,LOF,0.0178704501653411,0.12547383723223043,0.8566557126024285
25995,LOF,0.02453728384004902,0.22360765362715065,0.7518550625328003
25996,GOF,0.297487224568432,0.425876125770997,0.27663664966057094
25997,LOF,0.0853291041506271,0.4464064186834527,0.46826447716592023
25998,Neutral,0.5300805327203182,0.017624661909338084,0.4522948053703438
25999,LOF,0.11200351610347116,0.14255190940935433,0.7454445744871746
26000,LOF,0.16800656635913908,0.03960148279495549,0.7923919508459055
26001,LOF,0.19831167958898066,0.03686061934952232,0.7648277010614971
26002,LOF,0.1712386578452085,0.04642750614256408,0.7823338360122274
26003,GOF,0.01144499541860519,0.5513903335842296,0.4371646709971652
26004,GOF,0.02209799601029208,0.5981047471277012,0.37979725686200666
26005,LOF,0.008939855109618245,0.4046702971114431,0.5863898477789387
26006,Neutral,0.5508594087524852,0.18999796481128192,0.25914262643623287
26007,GOF,0.02457572568336978,0.5194317197178026,0.4559925545988277
26008,GOF,0.02109725904348034,0.5821337098148044,0.3967690311417153
26009,GOF,0.02339284134442695,0.606708275175934,0.36989888347963906
26010,GOF,0.029847639227350415,0.6033867736321101,0.3667655871405395
26011,LOF,0.00773446684711172,0.4309231073278601,0.5613424258250281
26012,GOF,0.015842727292531684,0.5393638733869268,0.4447933993205414
26013,GOF,0.022717474270242732,0.5844542225334556,0.39282830319630163
26014,LOF,0.049513012738959986,0.12564843901965098,0.8248385482413891
26015,LOF,0.2059588118048509,0.009040797409722228,0.7850003907854268
26016,LOF,0.2175877796184272,0.04662237161284628,0.7357898487687264
26017,LOF,0.23118946083630457,0.07372648427096744,0.695084054892728
26018,LOF,0.10047230559471429,0.027153436366375943,0.8723742580389098
26019,LOF,0.09529544375879548,0.02125534879115493,0.8834492074500496
26020,LOF,0.06670624002371284,0.09605275104479244,0.8372410089314948
26021,LOF,0.04081719843040488,0.11584437773957153,0.8433384238300236
26022,LOF,0.01096975813384104,0.03920802900961222,0.9498222128565468
26023,LOF,0.11615506216170983,0.01875493575332207,0.8650900020849682
26024,LOF,0.025518459983267773,0.11240846205507735,0.8620730779616549
26025,LOF,0.1670097609306762,0.09692650877412302,0.7360637302952008
26026,LOF,0.34378611692458444,0.02807338363456101,0.6281404994408545
26027,LOF,0.0906273796545578,0.01386328599126494,0.8955093343541772
26028,LOF,0.1528835005164285,0.0697785539900116,0.77733794549356
26029,LOF,0.07891672756454653,0.19522190949873405,0.7258613629367194
26030,LOF,0.026787934376685675,0.07392193926402224,0.899290126359292
26031,LOF,0.03153322010947737,0.14302424593882512,0.8254425339516975
26032,LOF,0.07221347616093901,0.0839581031740021,0.8438284206650588
26033,LOF,0.12536371735768037,0.10536658991104154,0.7692696927312781
26034,LOF,0.04922576884302524,0.1511914262876606,0.7995828048693142
26035,LOF,0.028941882711677296,0.14433551477077736,0.8267226025175454
26036,LOF,0.04687077837741051,0.1727427013689287,0.7803865202536607
26037,LOF,0.024864487304671275,0.11475630377741357,0.8603792089179151
26038,LOF,0.06573107533823716,0.08754088772619123,0.8467280369355716
26039,LOF,0.06091688276171775,0.14679142815018156,0.7922916890881008
26040,LOF,0.20429632091524105,0.15022473980408022,0.6454789392806787
26041,LOF,0.02536294290153983,0.11327993357645068,0.8613571235220095
26042,LOF,0.025044751557696546,0.10501198371738603,0.8699432647249173
26043,LOF,0.06477818308186996,0.10691749979248757,0.8283043171256425
26044,LOF,0.021945127091909634,0.08338156825408638,0.8946733046540041
26045,LOF,0.07665429055350272,0.10265253041271682,0.8206931790337805
26046,LOF,0.06625133802506533,0.10439524071444314,0.8293534212604916
26047,LOF,0.09072826051247913,0.11085746172937286,0.798414277758148
26048,LOF,0.05550649868250176,0.051072380116876995,0.8934211212006212
26049,Neutral,0.9622135438613117,0.008541623925464452,0.02924483221322386
26050,Neutral,0.9475708772594015,0.011572792454754928,0.040856330285843484
26051,LOF,0.04497469162323154,0.3028440627932701,0.6521812455834984
26052,LOF,0.071379571428245,0.33988769374008476,0.5887327348316702
26053,LOF,0.056985863824229016,0.1379065590495488,0.8051075771262222
26054,LOF,0.05589918554085322,0.01675266568588438,0.9273481487732623
26055,LOF,0.07479689723777677,0.014554640331858337,0.9106484624303649
26056,LOF,0.06185753940753303,0.015603534590583655,0.9225389260018834
26057,LOF,0.03122122966664112,0.011898133359307079,0.9568806369740518
26058,LOF,0.03242412596332515,0.009504193472481222,0.9580716805641936
26059,LOF,0.3004936642962666,0.023087738887742244,0.6764185968159911
26060,LOF,0.028828748499707187,0.17553703620026861,0.7956342153000242
26061,LOF,0.017506624175333784,0.010106594107279215,0.972386781717387
26062,LOF,0.01150174260822074,0.017572147238722663,0.9709261101530566
26063,LOF,0.022877612962785992,0.011621582936919377,0.9655008041002947
26064,LOF,0.021873517590088636,0.017583427781966556,0.9605430546279449
26065,LOF,0.02525431441001829,0.010069063375329333,0.9646766222146523
26066,LOF,0.021582645668135978,0.01067516828967201,0.9677421860421921
26067,LOF,0.02789483968246243,0.008389449755718599,0.9637157105618189
26068,LOF,0.04806408637764503,0.02933027606440867,0.9226056375579462
26069,LOF,0.2572822921980026,0.017605501003502135,0.7251122067984952
26070,LOF,0.41846321776550377,0.015195104650461241,0.5663416775840351
26071,LOF,0.023295410473365044,0.011943402692048294,0.9647611868345867
26072,LOF,0.022477006523319115,0.015485710620091497,0.9620372828565893
26073,LOF,0.025229351819488807,0.010396938187968989,0.9643737099925421
26074,Neutral,0.9048940149560464,0.00554318126428366,0.0895628037796699
26075,LOF,0.04512944189781409,0.013577419967386005,0.9412931381347999
26076,LOF,0.04633947548721052,0.00836119256120217,0.9452993319515873
26077,LOF,0.009278006908334416,0.015558290273033636,0.975163702818632
26078,LOF,0.013532839302167617,0.0100698935321854,0.976397267165647
26079,LOF,0.058771892620471514,0.01643578847977,0.9247923188997584
26080,LOF,0.058044487212564895,0.016461086622174326,0.9254944261652608
26081,LOF,0.03853669743453699,0.0059563951022948685,0.9555069074631681
26082,LOF,0.016539426162468344,0.01376149451039523,0.9696990793271365
26083,LOF,0.1356818408906689,0.012830155698386317,0.8514880034109448
26084,LOF,0.027576805712497883,0.01116994544527678,0.9612532488422253
26085,LOF,0.023861069423385704,0.010691100114450998,0.9654478304621633
26086,LOF,0.025171232456193265,0.010826106907997063,0.9640026606358096
26087,LOF,0.028663851880691735,0.00810917271034837,0.9632269754089597
26088,LOF,0.016036613704163694,0.02385143724674411,0.9601119490490921
26089,LOF,0.04604539846149723,0.022335189140767254,0.9316194123977355
26090,LOF,0.04422136995679301,0.017019942611432637,0.9387586874317745
26091,LOF,0.0397304058836537,0.005777673584112638,0.9544919205322335
26092,LOF,0.027445595967549724,0.00783080037297141,0.964723603659479
26093,LOF,0.041265991300831265,0.005842983099274168,0.9528910255998946
26094,LOF,0.043885846054608844,0.005901165815955269,0.9502129881294358
26095,LOF,0.045440755625253855,0.013724532415222639,0.9408347119595235
26096,LOF,0.020145336597055623,0.010048362762118353,0.9698063006408261
26097,LOF,0.012126474605075585,0.03152925744637672,0.9563442679485478
26098,LOF,0.06753268776232853,0.010707753676163686,0.9217595585615077
26099,LOF,0.02477518255000031,0.013116343152784515,0.9621084742972152
26100,LOF,0.026666852830094002,0.012836620642300654,0.9604965265276053
26101,LOF,0.05846647028135423,0.01160894552215415,0.9299245841964915
26102,LOF,0.024632214342781195,0.014531218845018443,0.9608365668122003
26103,Neutral,0.8890457393152869,0.017560070897145723,0.09339418978756751
26104,LOF,0.07902640157195803,0.024735244478696527,0.8962383539493454
26105,LOF,0.2064416598097652,0.2703683383682009,0.523190001822034
26106,LOF,0.21724710874035963,0.12296852323714336,0.659784368022497
26107,LOF,0.2602580299102464,0.08200321466184345,0.65773875542791
26108,LOF,0.25158835690492803,0.1316837011166568,0.6167279419784151
26109,LOF,0.12594273851432608,0.07437863017021462,0.7996786313154594
26110,LOF,0.23860820713689485,0.006956639039095736,0.7544351538240094
26111,Neutral,0.5116190586479801,0.016115047825135325,0.4722658935268846
26112,LOF,0.032598419295736265,0.007637193225448043,0.9597643874788155
26113,LOF,0.05144106054402325,0.016938995033992276,0.9316199444219845
26114,LOF,0.028793347839693076,0.02102505203212975,0.9501816001281772
26115,LOF,0.09928086117577109,0.04338572340870291,0.857333415415526
26116,LOF,0.06870436660121504,0.0401580961417255,0.8911375372570595
26117,LOF,0.4337167606714787,0.04776495246417471,0.5185182868643465
26118,LOF,0.03591141843108858,0.02420464689076975,0.9398839346781418
26119,LOF,0.022674979844067543,0.03477280264620271,0.9425522175097296
26120,LOF,0.02953542756427829,0.026401872492282794,0.944062699943439
26121,LOF,0.059578965512532896,0.08372927798853723,0.8566917564989299
26122,LOF,0.04293088140868177,0.04214557001691271,0.9149235485744055
