feature0,prediction,LoGoFunc_Neutral,LoGoFunc_GOF,LoGoFunc_LOF
25546,Neutral,0.6127365330620305,0.05348638109269562,0.3337770858452739
25547,Neutral,0.45805351736387234,0.08912481311318136,0.4528216695229463
25548,LOF,0.45118265154064263,0.07846385374103369,0.4703534947183236
25549,LOF,0.40185089329953116,0.07652275812151156,0.5216263485789573
25550,LOF,0.3448713550154954,0.10397430833693853,0.5511543366475661
25551,LOF,0.30567948855177135,0.11139535898730776,0.5829251524609208
25552,LOF,0.2574598314492421,0.11024488383040779,0.6322952847203502
25553,Neutral,0.8063838846756879,0.04180506721664392,0.15181104810766827
25554,LOF,0.29761050748282,0.09871275249060467,0.6036767400265755
25555,LOF,0.2513615284280557,0.09165522683560595,0.6569832447363383
25556,LOF,0.41857580651316495,0.09022714577745576,0.49119704770937933
25557,LOF,0.23935097583424123,0.09909398638437515,0.6615550377813836
25558,LOF,0.2996860523573514,0.09635481208499706,0.6039591355576516
25559,LOF,0.18506238302088246,0.11748984421203662,0.6974477727670809
25560,LOF,0.17084623790548828,0.09851174334384902,0.7306420187506627
25561,LOF,0.16340515589090934,0.11008663367320481,0.7265082104358859
25562,LOF,0.07400884345933093,0.07585489389745079,0.8501362626432183
25563,LOF,0.024525141986518992,0.13245931657446638,0.8430155414390146
25564,LOF,0.23164412944427973,0.1261477026952023,0.6422081678605179
25565,LOF,0.20210065378527375,0.15596168337103322,0.641937662843693
25566,GOF,0.08743019479064881,0.73012545607115,0.18244434913820123
25567,LOF,0.04049355413333288,0.12972725410481584,0.8297791917618512
25568,LOF,0.06366338038895746,0.06886339117397856,0.867473228437064
25569,LOF,0.061107960955822604,0.06788204578293301,0.8710099932612444
25570,LOF,0.027587874017856683,0.08597598709656777,0.8864361388855756
25571,LOF,0.02698413138737385,0.08794367674883816,0.885072191863788
25572,LOF,0.06047713565931672,0.11086409505201823,0.8286587692886651
25573,LOF,0.0625388433346164,0.08215634349795463,0.855304813167429
25574,LOF,0.05668341844484477,0.18981011412314616,0.7535064674320091
25575,LOF,0.023140578215128847,0.10066826333737335,0.8761911584474978
25576,LOF,0.029662321240287448,0.13783714603510955,0.832500532724603
25577,LOF,0.029013038852032887,0.10931280175252535,0.8616741593954418
25578,LOF,0.3083512813064712,0.07505177708970125,0.6165969416038276
25579,LOF,0.13343710642543544,0.08041499153955209,0.7861479020350125
25580,LOF,0.019854727876931082,0.07542677388254548,0.9047184982405233
25581,LOF,0.05858130095045562,0.06374506499407391,0.8776736340554704
25582,LOF,0.05866674584216897,0.06278243364752005,0.878550820510311
25583,LOF,0.020370922271737403,0.07544988945439032,0.9041791882738723
25584,Neutral,0.6945867395260872,0.09933595053808489,0.20607730993582804
25585,LOF,0.027550197677209984,0.12157021796806226,0.8508795843547278
25586,LOF,0.018048563128917006,0.06642028015945879,0.9155311567116242
25587,LOF,0.017980754618347035,0.06118055622149796,0.9208386891601549
25588,LOF,0.01939570544438578,0.06730855400902301,0.9132957405465912
25589,Neutral,0.5431880411178397,0.18906657970328403,0.26774537917887614
25590,LOF,0.052769195609535295,0.11168824802186855,0.8355425563685962
25591,LOF,0.10030571918988546,0.05430495058053464,0.84538933022958
25592,LOF,0.060809308879919075,0.1266177933906922,0.8125728977293888
25593,LOF,0.1354496567140164,0.25383613158148133,0.6107142117045024
25594,LOF,0.05929052584171832,0.10665661947423763,0.8340528546840441
25595,LOF,0.057850085550786176,0.07825843411968376,0.86389148032953
25596,LOF,0.11713715814893515,0.04694862484953889,0.8359142170015259
25597,LOF,0.08214886984179932,0.05222688557322792,0.8656242445849727
25598,LOF,0.058036637919365384,0.08221814228380185,0.8597452197968327
25599,GOF,0.021380020849536323,0.5016346391358933,0.4769853400145702
25600,GOF,0.1756817227228323,0.5074066639051298,0.3169116133720378
25601,LOF,0.0378760691920806,0.4026041957930107,0.5595197350149087
25602,LOF,0.03313028751640744,0.06650996926037545,0.9003597432232171
25603,LOF,0.02833331906880696,0.035423882129657,0.9362427988015359
25604,LOF,0.03330711239488415,0.07880522352053469,0.8878876640845812
25605,LOF,0.03507381654669504,0.18098668237459578,0.7839395010787091
25606,LOF,0.3768438414726272,0.10922015562553765,0.5139360029018352
25607,LOF,0.023420430341813674,0.17722202488578048,0.7993575447724057
25608,LOF,0.029965442377762476,0.07500338943589277,0.8950311681863448
25609,GOF,0.14917447439124223,0.48896327743212964,0.3618622481766281
25610,LOF,0.014939585912765365,0.031641882323893436,0.9534185317633412
25611,LOF,0.013368363702832339,0.03475442019460598,0.9518772161025617
25612,LOF,0.04995469788432619,0.04644880527229124,0.9035964968433826
25613,LOF,0.047299569420746077,0.04407987985034729,0.9086205507289067
25614,LOF,0.019542928105727827,0.02994028609023872,0.9505167858040335
25615,LOF,0.0488065482416902,0.04543508288829941,0.9057583688700104
25616,LOF,0.04344680765250608,0.033610353294750865,0.922942839052743
25617,LOF,0.03800001549146396,0.04499644923585614,0.91700353527268
25618,LOF,0.05192665973045272,0.04115762427697565,0.9069157159925716
25619,LOF,0.012603563050777951,0.036996404308069025,0.9504000326411529
25620,LOF,0.059452538101143426,0.05169672086134653,0.8888507410375102
25621,LOF,0.0551795646687772,0.04106046495053167,0.9037599703806911
25622,LOF,0.06309858214672902,0.03729201667560146,0.8996094011776696
25623,LOF,0.07404700618930687,0.03176886874086001,0.894184125069833
25624,LOF,0.018161032786304796,0.037563700749146556,0.9442752664645487
25625,LOF,0.062409256700188924,0.043067616221281295,0.8945231270785297
25626,LOF,0.0475800284266128,0.04443338360736696,0.9079865879660203
25627,Neutral,0.8908202501967603,0.018925577240209768,0.09025417256303006
25628,LOF,0.12505922217814783,0.06066121489656187,0.8142795629252902
25629,LOF,0.06304958305451284,0.04957140916992384,0.8873790077755632
25630,LOF,0.2801858037519999,0.07770935951599899,0.642104836732001
25631,Neutral,0.5592469283166698,0.0601828892080896,0.3805701824752407
25632,LOF,0.027182983978462232,0.06223027089827876,0.9105867451232591
25633,LOF,0.1794590262948314,0.03444372936189737,0.7860972443432711
25634,LOF,0.032866222421877936,0.07463329971543887,0.8925004778626833
25635,LOF,0.033822706907306675,0.042850946254560096,0.9233263468381332
25636,LOF,0.03352040584606699,0.43334271683944314,0.5331368773144899
25637,LOF,0.07248729479076159,0.44746405927808713,0.4800486459311513
25638,LOF,0.02924492746527927,0.28662161931872376,0.6841334532159971
25639,LOF,0.02861344782192328,0.32860257317412045,0.6427839790039562
25640,Neutral,0.8228230135737066,0.13423516689317458,0.04294181953311878
25641,GOF,0.06432007306600056,0.4699069658454075,0.4657729610885919
25642,LOF,0.039978812883189566,0.15299056920978676,0.8070306179070238
25643,LOF,0.23241896681102786,0.173652093693295,0.5939289394956772
25644,LOF,0.022442264517345975,0.46265674587395217,0.5149009896087019
25645,LOF,0.0273203766072258,0.39835924486361896,0.5743203785291553
25646,LOF,0.0685792706557764,0.30795115520886035,0.6234695741353632
25647,LOF,0.025751168313829755,0.2507938118208056,0.7234550198653645
25648,LOF,0.03565208099656258,0.24508154505029764,0.7192663739531397
25649,LOF,0.01806568479488228,0.22970864497976937,0.7522256702253485
25650,LOF,0.05855722263896979,0.4091258845329036,0.5323168928281266
25651,LOF,0.018829732389500965,0.2592678477615232,0.7219024198489759
25652,LOF,0.036161381782043346,0.251459083712729,0.7123795345052277
25653,LOF,0.08625526787140163,0.404436583271519,0.5093081488570794
25654,LOF,0.028064571356765197,0.21848090414138732,0.7534545245018475
25655,GOF,0.22546742508446657,0.4017902063894732,0.37274236852606035
25656,LOF,0.24539227160478463,0.0556330358076796,0.6989746925875358
25657,LOF,0.05852211175209504,0.057092116373177786,0.8843857718747272
25658,LOF,0.3456564483414699,0.06453015819345868,0.5898133934650714
25659,Neutral,0.5336500656193057,0.09476901140387907,0.3715809229768151
25660,LOF,0.023240460721555414,0.08679200011390883,0.8899675391645357
25661,LOF,0.09132292888976959,0.060210310067161064,0.8484667610430694
25662,LOF,0.03179609806223958,0.0331947702339021,0.9350091317038582
25663,LOF,0.041044560734322534,0.04732634001788239,0.911629099247795
25664,LOF,0.14429414096770216,0.06401651234519329,0.7916893466871044
25665,LOF,0.05645018198958792,0.02833956314142982,0.9152102548689822
25666,LOF,0.09001531361725545,0.07370460445248475,0.8362800819302597
25667,LOF,0.06385682012961813,0.036884399674580494,0.8992587801958014
25668,LOF,0.03511876843857604,0.05058711599389435,0.9142941155675296
25669,LOF,0.03108636197901576,0.04951752826824865,0.9193961097527356
25670,LOF,0.15549624071963397,0.059876918747179375,0.7846268405331865
25671,LOF,0.10124025291764503,0.033408072856897376,0.8653516742254576
25672,LOF,0.05517594786368902,0.0396627718921277,0.9051612802441832
25673,LOF,0.0860958115814416,0.048269996681138835,0.8656341917374195
25674,LOF,0.07535175217816258,0.05565791964699625,0.8689903281748412
25675,LOF,0.1229883869757257,0.05299983213565869,0.8240117808886156
25676,LOF,0.01791051990926298,0.052725986544341984,0.929363493546395
25677,LOF,0.02557202187389997,0.06677983604240371,0.9076481420836963
25678,LOF,0.19749116174426312,0.061814406440462856,0.7406944318152741
25679,LOF,0.12352694013498416,0.07845585598205514,0.7980172038829606
25680,LOF,0.02869520118166682,0.10881795981138545,0.8624868390069477
25681,LOF,0.044526123600223365,0.10310128929634574,0.8523725871034308
25682,LOF,0.13445382752789029,0.07486310312764984,0.7906830693444599
25683,LOF,0.11333547313569502,0.09343754726216821,0.7932269796021367
25684,LOF,0.042970679853141895,0.07189396419438056,0.8851353559524775
25685,LOF,0.11792545309212878,0.04561677602562627,0.8364577708822449
25686,LOF,0.07625079108583278,0.08351891753470513,0.840230291379462
25687,LOF,0.11643677175820207,0.09796406584025069,0.7855991624015471
25688,LOF,0.2929929420785494,0.0374493658780205,0.6695576920434301
25689,LOF,0.23486293103476585,0.04073144575152808,0.724405623213706
25690,LOF,0.3401785251514074,0.02985793669277102,0.6299635381558216
25691,Neutral,0.6971174650011995,0.023206533356594776,0.2796760016422057
25692,LOF,0.319502697999438,0.01021667173679214,0.6702806302637698
25693,LOF,0.04548915912891902,0.4362161491088283,0.5182946917622527
25694,LOF,0.11782872732393788,0.01807989885862557,0.8640913738174365
25695,LOF,0.11815067110285597,0.017021577459431402,0.8648277514377126
25696,LOF,0.10842635303987497,0.010583473543288943,0.8809901734168362
25697,LOF,0.11995711025936258,0.03539692556523817,0.8446459641753993
25698,LOF,0.36148126412564335,0.20252151521267298,0.4359972206616838
25699,LOF,0.44362978146235976,0.034820976652439765,0.5215492418852005
25700,LOF,0.05947992285933917,0.008378414918133768,0.932141662222527
25701,LOF,0.147800676191599,0.045912420723315646,0.8062869030850853
25702,GOF,0.16756859357737605,0.55664412270892,0.27578728371370376
25703,LOF,0.016521234088034395,0.15867831649724895,0.8248004494147168
25704,LOF,0.04490669283458021,0.11915361976765797,0.8359396873977618
25705,LOF,0.05765946158707325,0.2015130071366988,0.7408275312762278
25706,LOF,0.10613304032210154,0.4072990107693235,0.48656794890857485
25707,LOF,0.08566682828092136,0.32094622060371664,0.593386951115362
25708,LOF,0.028978709450171062,0.2972341520901723,0.6737871384596568
25709,LOF,0.05951736604284491,0.041989767368593195,0.898492866588562
25710,LOF,0.012086639520987208,0.1354462623705226,0.8524670981084902
25711,LOF,0.01735984446202735,0.10945195262395249,0.8731882029140201
25712,LOF,0.01357758488971465,0.1938184446253341,0.7926039704849512
25713,LOF,0.018254238491705113,0.08911649160196454,0.8926292699063304
25714,LOF,0.06738767441416381,0.08471478197156135,0.8478975436142747
25715,LOF,0.010999801799674983,0.1454563391799501,0.8435438590203749
25716,LOF,0.015416167505927293,0.11767069475441017,0.8669131377396625
25717,LOF,0.012989419921367118,0.08047861478074911,0.9065319652978838
25718,LOF,0.012201625785336564,0.10031493425148323,0.8874834399631802
25719,LOF,0.01738923881935085,0.08297816642987714,0.899632594750772
25720,LOF,0.021438640936894782,0.0777676537391846,0.9007937053239207
25721,LOF,0.014982703278296544,0.12153795313484234,0.8634793435868612
25722,LOF,0.013426264495622219,0.12804470410496313,0.8585290313994147
25723,LOF,0.02089996023784225,0.0467899351690176,0.9323101045931402
25724,LOF,0.02186978682067346,0.08867517413906112,0.8894550390402655
25725,LOF,0.011399513062784701,0.06762470518909422,0.9209757817481211
25726,LOF,0.01468410031714935,0.09965845307897374,0.885657446603877
25727,LOF,0.01240909435937244,0.08067921631239611,0.9069116893282315
25728,LOF,0.009590347612626058,0.11441857003780155,0.8759910823495725
25729,LOF,0.009966585074178094,0.11017548515128985,0.879857929774532
25730,LOF,0.013239043628845258,0.08197833117631899,0.9047826251948357
25731,LOF,0.01869335986520769,0.11347947700226566,0.8678271631325267
25732,LOF,0.014335659150718497,0.07998320371294067,0.9056811371363409
25733,LOF,0.01556028288987795,0.07293592207581709,0.9115037950343049
25734,LOF,0.012362566794269256,0.11698273458995992,0.8706546986157708
25735,LOF,0.013516620768891381,0.08717665055019633,0.8993067286809122
25736,LOF,0.013710055796451258,0.11745245086159667,0.868837493341952
25737,LOF,0.021461419688847714,0.08933024241655292,0.8892083378945994
25738,LOF,0.012627481654327241,0.10578643027615718,0.8815860880695157
25739,LOF,0.019937461516680573,0.08360710786038654,0.8964554306229329
25740,LOF,0.02652595230151556,0.10552615408665011,0.8679478936118343
25741,LOF,0.014701426257257469,0.10928851423886775,0.8760100595038747
25742,LOF,0.10986114165422145,0.08673833628081665,0.8034005220649619
25743,LOF,0.028259211379157326,0.03512699512649633,0.9366137934943464
25744,Neutral,0.5830367545227247,0.17456552202016815,0.24239772345710708
25745,LOF,0.08203708089506047,0.07409165351141712,0.8438712655935223
25746,LOF,0.03832260872408173,0.08655578728261513,0.8751216039933031
25747,LOF,0.021059887367868336,0.042818761902017465,0.9361213507301142
25748,LOF,0.0917530704093971,0.0682255306660129,0.8400213989245899
25749,LOF,0.02419656163301562,0.07941723140954506,0.8963862069574393
25750,LOF,0.07922264075037501,0.07474433967460391,0.8460330195750211
25751,LOF,0.08341484561634965,0.06726160100147825,0.8493235533821721
25752,GOF,0.10867838623259314,0.6601928429265587,0.23112877084084818
25753,LOF,0.02118282580848341,0.28846524998416934,0.6903519242073471
25754,GOF,0.010635714870879644,0.7864292972493491,0.2029349878797713
25755,LOF,0.02172264985692739,0.39851919222423704,0.5797581579188356
25756,LOF,0.03915656189245612,0.3919710476064597,0.5688723905010842
25757,GOF,0.013504066034029675,0.8483677200033374,0.13812821396263314
25758,GOF,0.027377907407162956,0.8265806166035421,0.14604147598929496
25759,GOF,0.010606034415438758,0.5763461897235151,0.4130477758610461
25760,LOF,0.011928387106559522,0.2508049770967765,0.737266635796664
25761,GOF,0.27256937717188473,0.6425408402148377,0.0848897826132777
25762,LOF,0.036796105397590796,0.2708758286301852,0.6923280659722241
25763,LOF,0.01330031135949057,0.21285557717550344,0.773844111465006
25764,GOF,0.07130270183830345,0.6496339394547423,0.2790633587069543
25765,GOF,0.03727190046392105,0.7655129246420892,0.19721517489398982
25766,GOF,0.0668296234462277,0.7496316011601877,0.18353877539358462
25767,GOF,0.1358482092894346,0.5826818403622942,0.28146995034827116
25768,LOF,0.09679289676106125,0.06881739004921063,0.8343897131897281
25769,LOF,0.07351783291191356,0.06170441206975993,0.8647777550183265
25770,LOF,0.3104139157132284,0.0777149926875825,0.6118710915991891
25771,LOF,0.04149271644086038,0.044678827334965164,0.9138284562241744
25772,LOF,0.016527317557331264,0.03419218428574315,0.9492804981569255
25773,LOF,0.05775664840766731,0.08992422094087077,0.852319130651462
25774,LOF,0.029432228388464474,0.06884332616370614,0.9017244454478295
25775,LOF,0.048907286962091207,0.04499327016299922,0.9060994428749096
25776,LOF,0.06717479820699104,0.02430149752918234,0.9085237042638266
25777,LOF,0.33426091077291487,0.04977048637000151,0.6159686028570837
25778,LOF,0.06676111023590978,0.046993558473004335,0.8862453312910858
25779,GOF,0.38592013138402964,0.5713237713495528,0.04275609726641753
25780,GOF,0.29715589396988284,0.6173368074465695,0.08550729858354754
25781,GOF,0.1340679468057219,0.7519184369736993,0.11401361622057885
25782,GOF,0.21258452532476438,0.7089393456942704,0.07847612898096519
25783,GOF,0.0254127213998999,0.6248905682429761,0.349696710357124
25784,Neutral,0.5317473549565374,0.429970721952409,0.03828192309105358
25785,GOF,0.4750746612712539,0.4860556839800105,0.03886965474873563
25786,GOF,0.026603125543656302,0.7405687018045382,0.23282817265180558
25787,Neutral,0.6565497940610036,0.3185095503766687,0.024940655562327683
25788,LOF,0.04923933908367109,0.10021854479069163,0.8505421161256373
25789,GOF,0.2106803568504813,0.6336654767680825,0.15565416638143614
25790,GOF,0.24294945917809044,0.6387921743087281,0.11825836651318145
25791,GOF,0.16309467667927557,0.6440010440709161,0.19290427924980832
25792,GOF,0.3623830900121416,0.4927278873381963,0.14488902264966202
25793,GOF,0.26726313094073484,0.5099231504677999,0.22281371859146523
25794,GOF,0.3197670876173265,0.4886817007176734,0.1915512116650001
25795,GOF,0.08535009606941979,0.6941776470522989,0.2204722568782814
25796,Neutral,0.5614717801979939,0.35537170922025885,0.08315651058174733
25797,GOF,0.08377239433441946,0.523686939506449,0.39254066615913163
25798,LOF,0.00973306270405469,0.4674447502657298,0.5228221870302157
25799,LOF,0.007675383981368963,0.35135346517379384,0.6409711508448372
25800,GOF,0.03645676050528646,0.5566442964849787,0.4068989430097347
25801,GOF,0.22092923544823304,0.6378344535379424,0.14123631101382453
25802,GOF,0.07796133924422673,0.6541732682855305,0.2678653924702428
25803,GOF,0.034363323824420755,0.5481282470216415,0.4175084291539379
25804,LOF,0.032757529239913576,0.4447706435781153,0.5224718271819712
25805,GOF,0.09711127941592565,0.569745527273527,0.33314319331054726
25806,GOF,0.1008545330379464,0.5603486203460227,0.33879684661603077
25807,GOF,0.021089480602122592,0.5910706393517021,0.38783988004617515
25808,GOF,0.08119728025139399,0.6162243990361219,0.30257832071248403
25809,GOF,0.01744935216407843,0.5554678067886376,0.427082841047284
25810,GOF,0.01684951979657743,0.5924984186690713,0.39065206153435134
25811,Neutral,0.467178354442459,0.4431160659945529,0.08970557956298825
25812,GOF,0.031146502606687082,0.6189617193862719,0.3498917780070411
25813,Neutral,0.5234754930909933,0.37371789796012833,0.10280660894887836
25814,GOF,0.11397470502377142,0.6358569251878132,0.2501683697884154
25815,GOF,0.19157659249724013,0.6169467812934725,0.19147662620928751
25816,GOF,0.022002171422123094,0.6864865029992536,0.29151132557862325
25817,GOF,0.22980555718032858,0.639339682208952,0.13085476061071938
25818,GOF,0.057631092922519424,0.6427119375859126,0.29965696949156784
25819,GOF,0.37489343919759577,0.474265643718711,0.15084091708369332
25820,GOF,0.18932620162745617,0.5742399848363625,0.2364338135361813
25821,GOF,0.0655058243000366,0.6277891653356709,0.30670501036429254
25822,GOF,0.23092026319816558,0.5404509556976334,0.2286287811042011
25823,GOF,0.032863158318778604,0.49331265757397275,0.47382418410724875
25824,GOF,0.08913517882262188,0.56228353202776,0.34858128914961806
25825,GOF,0.035687486828922275,0.5700383305070088,0.39427418266406905
25826,GOF,0.015052958268102948,0.5437290871775822,0.44121795455431495
25827,GOF,0.023572048629592335,0.573191943354632,0.40323600801577564
25828,LOF,0.013145636231621323,0.4806334280649422,0.5062209357034365
25829,GOF,0.005847609543270845,0.5321512399763869,0.4620011504803422
25830,LOF,0.036695120555183175,0.27836759480261886,0.684937284642198
25831,GOF,0.2092590289667217,0.6595570917848063,0.131183879248472
25832,GOF,0.034829341011627886,0.6907307156770623,0.27443994331130955
25833,GOF,0.13543445109504063,0.7031252429823652,0.16144030592259406
25834,GOF,0.03776376346908897,0.7055932529668435,0.25664298356406756
25835,GOF,0.08514902436359863,0.7563194833710001,0.1585314922654012
25836,GOF,0.036687309180724305,0.6899974438778074,0.27331524694146825
25837,GOF,0.027555251030033655,0.5622672668312104,0.41017748213875593
25838,GOF,0.10129162316700198,0.759938465998113,0.13876991083488516
25839,GOF,0.2886581680557986,0.5705785088814811,0.14076332306272024
25840,GOF,0.24592614129041757,0.6042760751932578,0.14979778351632464
25841,GOF,0.2450652991812278,0.6226998982354793,0.13223480258329273
25842,GOF,0.15960341118771715,0.7135308570175763,0.12686573179470653
25843,GOF,0.23464633366722995,0.6742231916343938,0.0911304746983762
25844,GOF,0.06735200828681757,0.6782529272528506,0.254395064460332
25845,LOF,0.017052793215883873,0.45136371572550665,0.5315834910586096
25846,GOF,0.12320226650594518,0.7252381676319473,0.1515595658621075
25847,GOF,0.11197045229849684,0.7752307108448818,0.11279883685662145
25848,GOF,0.040172781694234286,0.6661899415585022,0.2936372767472635
25849,GOF,0.011804892028193414,0.5448734286538889,0.4433216793179176
25850,GOF,0.024063055572697657,0.6047781400043737,0.3711588044229287
25851,LOF,0.02095496804468475,0.48052406985401586,0.4985209621012995
25852,GOF,0.163977805212118,0.5324257173752057,0.3035964774126763
25853,GOF,0.3535836058834004,0.5708832341832344,0.07553315993336521
25854,GOF,0.024288045509818022,0.5727548131315423,0.4029571413586398
25855,GOF,0.03785167857992151,0.5288777687720193,0.4332705526480591
25856,GOF,0.24418187419931775,0.5286389199941706,0.22717920580651177
25857,LOF,0.03903021653576237,0.47106864272371696,0.4899011407405207
25858,GOF,0.020965588646649574,0.5138786615966292,0.46515574975672114
25859,LOF,0.010200701190301016,0.4817134101497678,0.5080858886599311
25860,GOF,0.3702320689054678,0.5439290868041733,0.0858388442903589
25861,GOF,0.42852199115613704,0.4928697488392015,0.07860826000466148
25862,GOF,0.08353054486930471,0.7687224463780803,0.147747008752615
25863,GOF,0.07299477630162518,0.7686833874095534,0.15832183628882127
25864,GOF,0.19449817055671603,0.730361337917466,0.07514049152581784
25865,GOF,0.08248954939462065,0.7933396011283641,0.1241708494770154
25866,GOF,0.06273323335425672,0.7549483554892745,0.1823184111564688
25867,GOF,0.0936149539202315,0.7963597522773512,0.11002529380241724
25868,GOF,0.2505491647610711,0.6482279714297818,0.10122286380914708
25869,Neutral,0.7331876818377531,0.223120349108328,0.04369196905391893
25870,GOF,0.2944903818179147,0.36141955787192753,0.34409006031015776
25871,GOF,0.23785402093189537,0.6147144304189224,0.1474315486491823
25872,GOF,0.06938018149448635,0.626011416654692,0.3046084018508216
25873,GOF,0.11099711361495314,0.6440283386709941,0.24497454771405275
25874,LOF,0.01422152463675758,0.10843529389833742,0.8773431814649051
25875,LOF,0.09296452386259864,0.04234964001830445,0.8646858361190969
25876,LOF,0.036501839066407485,0.0255763937096421,0.9379217672239504
25877,Neutral,0.5158300165876969,0.04763634136379491,0.43653364204850814
25878,LOF,0.19881864151121226,0.09120667138120117,0.7099746871075866
25879,LOF,0.08553161508691787,0.09549863825402721,0.818969746659055
25880,LOF,0.0391769095181696,0.015655383831259643,0.9451677066505707
25881,LOF,0.16400129595847796,0.12487819546068495,0.7111205085808372
25882,LOF,0.054677688654960435,0.017168720254267796,0.9281535910907719
25883,LOF,0.0626367864399682,0.019238102768992713,0.9181251107910391
25884,LOF,0.030872807748119065,0.033107393786722006,0.936019798465159
25885,LOF,0.05578963781103212,0.01312162043905008,0.9310887417499177
25886,LOF,0.23773179308079168,0.03970625477652674,0.7225619521426816
25887,LOF,0.13757484048961463,0.07219991127097442,0.7902252482394111
25888,LOF,0.061747120759945026,0.060678447033039457,0.8775744322070156
25889,LOF,0.0369172697237176,0.0232145063800888,0.9398682238961937
25890,LOF,0.04856600093588801,0.14608494068619393,0.805349058377918
25891,LOF,0.03749417046121446,0.05183308390602292,0.9106727456327627
25892,LOF,0.08259718917754191,0.020817260997217122,0.8965855498252411
25893,LOF,0.26191411027671047,0.018721874829790933,0.7193640148934987
25894,LOF,0.1733354232599265,0.010334325226777467,0.816330251513296
25895,LOF,0.20022075403990455,0.02065245255932261,0.7791267934007728
25896,LOF,0.05338431830161007,0.020629571909457176,0.9259861097889327
25897,LOF,0.25804104297054586,0.010930171090077686,0.7310287859393765
25898,Neutral,0.7074143063500458,0.009003681920472056,0.2835820117294821
25899,LOF,0.2278866736754404,0.021511056294553105,0.7506022700300065
25900,LOF,0.4582578172486872,0.013410398544562626,0.5283317842067502
25901,LOF,0.054709515819053485,0.013314994831013291,0.9319754893499332
25902,LOF,0.16208501785187732,0.01498377536375804,0.8229312067843647
25903,Neutral,0.5788791471677716,0.02736971693106977,0.39375113590115873
25904,LOF,0.31743744918114375,0.043891219185421125,0.6386713316334351
25905,LOF,0.023671308872579136,0.32715910947293164,0.6491695816544893
25906,LOF,0.028564873598233648,0.08400337036212342,0.8874317560396429
25907,LOF,0.014525565326880758,0.33922372431846043,0.6462507103546589
25908,LOF,0.009992487072471268,0.26911651102581713,0.7208910019017116
25909,LOF,0.01338377024216428,0.1417893172627858,0.8448269124950498
25910,LOF,0.04835926319102368,0.13284304954226553,0.8187976872667109
25911,LOF,0.17869380641199323,0.019395789741248847,0.8019104038467578
25912,LOF,0.04768068389184011,0.04056247571030557,0.9117568403978543
25913,LOF,0.3394212504642642,0.017127322902217613,0.6434514266335182
25914,LOF,0.020341493926550405,0.06057231024186885,0.9190861958315808
25915,Neutral,0.5598444231865486,0.1708591927015425,0.2692963841119089
25916,LOF,0.07791259568900617,0.2188225451074175,0.7032648592035764
25917,LOF,0.06909405325540374,0.04464460053366149,0.8862613462109347
25918,LOF,0.022198545553360427,0.038390066023073384,0.9394113884235661
25919,LOF,0.019021919273833298,0.04047688447557571,0.9405011962505911
25920,GOF,0.09780294803641147,0.5529129345409503,0.3492841174226384
25921,LOF,0.024423614702204482,0.029066488457659266,0.9465098968401362
25922,LOF,0.0327436116158962,0.02002254659467095,0.9472338417894328
25923,LOF,0.44846024785160593,0.025274701627656482,0.5262650505207376
25924,LOF,0.03553765781373479,0.03498794229669752,0.9294743998895677
25925,LOF,0.06699985588370767,0.0300420858910914,0.9029580582252009
25926,LOF,0.04837349763864247,0.025630741342707573,0.92599576101865
25927,LOF,0.05622340707884802,0.10431780637751971,0.8394587865436322
25928,LOF,0.01738725094591211,0.03647425013056765,0.9461384989235202
25929,Neutral,0.5543406795723935,0.02751142327222957,0.4181478971553769
25930,LOF,0.07076774106961155,0.023358432515728503,0.9058738264146599
25931,LOF,0.023368063547499058,0.022943707642599086,0.9536882288099019
25932,LOF,0.02871051598479494,0.02037006529820962,0.9509194187169954
25933,LOF,0.037694612940261676,0.016090391725155407,0.9462149953345829
25934,LOF,0.024548969687058785,0.016412505191543858,0.9590385251213974
25935,LOF,0.05862913101216462,0.03678033495578891,0.9045905340320464
25936,LOF,0.04399584955307465,0.01724283236174407,0.9387613180851813
25937,LOF,0.025454880330511354,0.029073331638784207,0.9454717880307045
25938,LOF,0.058225933615498764,0.03806734846544855,0.9037067179190527
25939,LOF,0.03936466721212492,0.015521134263481522,0.9451141985243936
25940,LOF,0.02880107825854584,0.3873417059174924,0.5838572158239617
25941,LOF,0.17259887464435028,0.12442883859145616,0.7029722867641935
25942,LOF,0.014514337382088724,0.03486285329676362,0.9506228093211476
25943,LOF,0.3143892718040954,0.054394490156625314,0.6312162380392793
25944,Neutral,0.5000243936947326,0.024774730427635786,0.4752008758776316
25945,LOF,0.07826467129865292,0.024012083993047564,0.8977232447082996
25946,LOF,0.030823688912819305,0.10067645802926728,0.8684998530579134
25947,LOF,0.0998607056831723,0.1948245970945628,0.7053146972222649
25948,LOF,0.37490839665331965,0.007032001789256696,0.6180596015574237
25949,LOF,0.12976071144437606,0.03684251478749177,0.8333967737681321
25950,GOF,0.3023345280152455,0.3652433209915996,0.3324221509931548
25951,LOF,0.20589426487025383,0.26325702164014547,0.5308487134896007
25952,LOF,0.04385838950804984,0.4483760943024289,0.5077655161895213
25953,LOF,0.15726062031184737,0.10814276713646041,0.7345966125516921
25954,Neutral,0.4205604288543502,0.18153269709883785,0.3979068740468121
25955,LOF,0.05039561962788771,0.07449584653656982,0.8751085338355425
25956,LOF,0.1764942087345967,0.11819327255038932,0.7053125187150139
25957,LOF,0.035188450740123625,0.027067305681597566,0.9377442435782789
25958,LOF,0.05355161532779259,0.0276409137582061,0.9188074709140014
25959,LOF,0.06830188509940797,0.3851326954347745,0.5465654194658175
25960,LOF,0.015139514823234676,0.048838601022443175,0.9360218841543222
25961,LOF,0.0405962231683425,0.028789061261512684,0.9306147155701449
25962,LOF,0.05412689379084491,0.023144213384442145,0.9227288928247129
25963,LOF,0.0465394920926408,0.18403836415665695,0.7694221437507022
25964,LOF,0.03545788208235044,0.14736233042359506,0.8171797874940544
25965,LOF,0.453870912453248,0.06612381084837594,0.48000527669837606
25966,Neutral,0.5384002065212888,0.16330461592866485,0.2982951775500463
25967,LOF,0.017170577829012237,0.10397060971093425,0.8788588124600535
25968,LOF,0.02454570711857431,0.4332862327785645,0.5421680601028612
25969,LOF,0.02692605968836249,0.06285515414330867,0.9102187861683287
25970,LOF,0.0660512001644226,0.06367487925194844,0.870273920583629
25971,LOF,0.06326291866859252,0.019366495059943527,0.917370586271464
25972,LOF,0.06568309099559377,0.027128740076187693,0.9071881689282186
25973,LOF,0.07165552501969427,0.010285904274360389,0.9180585707059454
25974,LOF,0.19937061767846787,0.01933035758262236,0.7812990247389099
25975,LOF,0.04264601911655513,0.028352205721807404,0.9290017751616375
25976,LOF,0.043456309502338704,0.01780701123566274,0.9387366792619986
25977,LOF,0.16581566630349576,0.0886547162997337,0.7455296173967705
25978,LOF,0.14639772588619787,0.0627229488737424,0.7908793252400597
25979,LOF,0.13894729163433966,0.06512748378195253,0.7959252245837077
25980,LOF,0.2271561809140374,0.0744396160887208,0.6984042029972418
25981,LOF,0.2602771080050831,0.07238657531313523,0.6673363166817818
25982,LOF,0.38902868941507807,0.05942605477867684,0.5515452558062451
25983,LOF,0.37059078749397406,0.06337043176715322,0.5660387807388727
25984,LOF,0.04557545795538014,0.04537484451152135,0.9090496975330985
25985,LOF,0.03649480378911319,0.24857809914688309,0.7149270970640037
25986,LOF,0.04048179522709774,0.29233261086076706,0.6671855939121352
25987,LOF,0.08857534068950408,0.06552483146191933,0.8458998278485765
25988,LOF,0.15629470378334742,0.06020812386809945,0.7834971723485532
25989,LOF,0.03599186582897219,0.11528142076181483,0.8487267134092129
25990,LOF,0.04506846011970967,0.14921059683591525,0.8057209430443751
25991,LOF,0.13269733375875137,0.2992921785761431,0.5680104876651054
25992,LOF,0.29734550951387073,0.18905343796296736,0.5136010525231619
25993,LOF,0.022012133542667785,0.07990784515954755,0.8980800212977847
25994,LOF,0.016095722453629696,0.09912759009840401,0.8847766874479663
25995,LOF,0.022621966385170597,0.21000636574056808,0.7673716678742614
25996,GOF,0.29677199651662206,0.4798132811429061,0.22341472234047186
25997,LOF,0.07187254825537324,0.4352600114233532,0.49286744032127355
25998,Neutral,0.5118128478675797,0.02678006854490485,0.4614070835875154
25999,LOF,0.10629962503812823,0.08393335301076715,0.8097670219511046
26000,LOF,0.14699127338414797,0.04737267620619737,0.8056360504096546
26001,LOF,0.18843860328768486,0.049968220611175264,0.7615931761011399
26002,LOF,0.13583549388586233,0.049881923370859976,0.8142825827432778
26003,GOF,0.01061612353085522,0.5985111514233252,0.3908727250458195
26004,GOF,0.019966929625668536,0.6875210499586005,0.2925120204157308
26005,LOF,0.0067946000187528634,0.4681658372431585,0.5250395627380886
26006,Neutral,0.5043601205853886,0.24960313966114347,0.24603673975346788
26007,GOF,0.021412748561451908,0.5417426561976815,0.43684459524086666
26008,GOF,0.015377295953857714,0.6087892580920472,0.375833445954095
26009,GOF,0.019802090793453193,0.6977275404842153,0.2824703687223316
26010,GOF,0.019978755899788127,0.6577412879035747,0.3222799561966372
26011,LOF,0.006807221565033352,0.4477847683166512,0.5454080101183155
26012,GOF,0.013207882723732377,0.5692000156091085,0.41759210166715904
26013,GOF,0.018942334811301673,0.6284927625663347,0.35256490262236356
26014,LOF,0.045783048012749704,0.09305332378809357,0.8611636281991567
26015,LOF,0.19154394204380215,0.012295223448593262,0.7961608345076046
26016,LOF,0.2094868812995368,0.052008995661944696,0.7385041230385185
26017,LOF,0.22355842122875952,0.07690181699870996,0.6995397617725305
26018,LOF,0.08727278448298555,0.029001464177284313,0.8837257513397302
26019,LOF,0.0810357281575057,0.022695779066488342,0.8962684927760061
26020,LOF,0.07011919880247673,0.09584677590253203,0.8340340252949913
26021,LOF,0.04844821954979858,0.09302667065018706,0.8585251098000144
26022,LOF,0.011357027639617094,0.033513508887078214,0.9551294634733047
26023,LOF,0.07185182797579621,0.017762977795120163,0.9103851942290836
26024,LOF,0.033939667607453754,0.10113747088185125,0.864922861510695
26025,LOF,0.16095353422154415,0.08614518136368818,0.7529012844147677
26026,LOF,0.33284672315126246,0.026206418604880172,0.6409468582438573
26027,LOF,0.06421753348306104,0.013995719528941315,0.9217867469879978
26028,LOF,0.18221318593776717,0.055455338522464655,0.7623314755397682
26029,LOF,0.06836089957667638,0.2160147988661928,0.7156243015571309
26030,LOF,0.021853880425163418,0.06466495234781919,0.9134811672270174
26031,LOF,0.024817468203525647,0.1598555294560534,0.8153270023404209
26032,LOF,0.06547646593030684,0.10063763506019119,0.8338858990095019
26033,LOF,0.08350144185508643,0.10054260733458467,0.815955950810329
26034,LOF,0.041800737744426573,0.1855268235081961,0.7726724387473772
26035,LOF,0.02533139280203084,0.17898177876103255,0.7956868284369366
26036,LOF,0.03894673550934719,0.20148794788565896,0.7595653166049939
26037,LOF,0.02065793524620344,0.1477984575012424,0.8315436072525542
26038,LOF,0.06099355075376785,0.10405318944903247,0.8349532597971997
26039,LOF,0.04849935508176328,0.18700106816367237,0.7644995767545644
26040,LOF,0.20487724226140958,0.15589109066969684,0.6392316670688936
26041,LOF,0.020822346051518784,0.13240019520895466,0.8467774587395266
26042,LOF,0.01928246802015466,0.13016696181673568,0.8505505701631098
26043,LOF,0.061534974499685764,0.12113587608476306,0.8173291494155512
26044,LOF,0.018168769260355676,0.07903962805806505,0.9027916026815792
26045,LOF,0.06447355673956259,0.12331894073473261,0.8122075025257048
26046,LOF,0.054526862288936606,0.0992228057034182,0.8462503320076452
26047,LOF,0.06934152505841214,0.10326071922867767,0.8273977557129102
26048,LOF,0.04094456473680521,0.04903622784352472,0.9100192074196701
26049,Neutral,0.9667781014781412,0.008456837609918407,0.024765060911940206
26050,Neutral,0.9504276528528424,0.011154596905465585,0.038417750241692146
26051,LOF,0.04616477245760146,0.2958911931125326,0.6579440344298659
26052,LOF,0.06632966177550143,0.34445034746053327,0.5892199907639653
26053,LOF,0.05394040132884245,0.12040953752553793,0.8256500611456196
26054,LOF,0.04990275943376136,0.017209558777802968,0.9328876817884356
26055,LOF,0.07034644692006045,0.014750302137947768,0.9149032509419919
26056,LOF,0.06078495248855808,0.01659104347914097,0.9226240040323009
26057,LOF,0.03172952522059643,0.011997175931901293,0.9562732988475023
26058,LOF,0.032877615738726766,0.00964957474347887,0.9574728095177943
26059,LOF,0.26334959766323185,0.020221139643936858,0.7164292626928312
26060,LOF,0.04054129684315312,0.18740248357047237,0.7720562195863745
26061,LOF,0.01854366759264316,0.01124462734103268,0.9702117050663241
26062,LOF,0.010564207161327327,0.01775068508865945,0.9716851077500132
26063,LOF,0.021195940321572487,0.011539493903481567,0.9672645657749459
26064,LOF,0.02284971565695259,0.02023214907585491,0.9569181352671924
26065,LOF,0.025913163008189657,0.01122416266872853,0.9628626743230818
26066,LOF,0.022731673294627917,0.01157609481520957,0.9656922318901624
26067,LOF,0.028117973395618005,0.008864067350038867,0.9630179592543432
26068,LOF,0.0450670370476085,0.02609145030195957,0.9288415126504319
26069,LOF,0.243639243780744,0.019401559437813826,0.7369591967814423
26070,LOF,0.3922384193206845,0.015798988531209635,0.5919625921481059
26071,LOF,0.021215623985287476,0.011905825513977035,0.9668785505007353
26072,LOF,0.021281550812792756,0.017126948016294347,0.9615915011709129
26073,LOF,0.021640194965786518,0.010688199589731304,0.9676716054444822
26074,Neutral,0.9121548572793228,0.0060264350380499435,0.08181870768262733
26075,LOF,0.04663972662126879,0.014245044903534431,0.9391152284751968
26076,LOF,0.04227900764834464,0.008950085940681052,0.9487709064109743
26077,LOF,0.010212489110655828,0.015242341567885414,0.9745451693214588
26078,LOF,0.013988887068670006,0.011919936159969061,0.974091176771361
26079,LOF,0.06418237143989451,0.016362962001839815,0.9194546665582657
26080,LOF,0.06278183384178697,0.016387759544920263,0.9208304066132927
26081,LOF,0.03322544529714891,0.006569009399963716,0.9602055453028874
26082,LOF,0.013883759110855957,0.016199991441892794,0.9699162494472512
26083,LOF,0.18218362510818598,0.013435222218967341,0.8043811526728467
26084,LOF,0.04508142913241243,0.01132161957259319,0.9435969512949944
26085,LOF,0.04070446702359076,0.010776189369920528,0.9485193436064886
26086,LOF,0.0221721280556996,0.011017907872069337,0.9668099640722311
26087,LOF,0.02505929643512783,0.008252743599473844,0.9666879599653984
26088,LOF,0.016765656426704686,0.023242825905906504,0.9599915176673889
26089,LOF,0.04276071868228479,0.02095459958988068,0.9362846817278345
26090,LOF,0.042340121167555936,0.017530302188280087,0.9401295766441641
26091,LOF,0.03346935256999988,0.0065702777738142065,0.9599603696561858
26092,LOF,0.023792466476192136,0.008154869597952072,0.9680526639258559
26093,LOF,0.03438531465145093,0.005839696801216147,0.9597749885473329
26094,LOF,0.036437691719974845,0.006676595290451842,0.9568857129895733
26095,LOF,0.03973016237672163,0.012790940285444861,0.9474788973378335
26096,LOF,0.018200558386035053,0.011664685141063693,0.9701347564729011
26097,LOF,0.011964018701353827,0.034604251029421995,0.9534317302692242
26098,LOF,0.08110312943969553,0.01102870116879177,0.9078681693915127
26099,LOF,0.02145710620814353,0.01241431597541505,0.9661285778164413
26100,LOF,0.02314884101911769,0.011819529110815878,0.9650316298700664
26101,LOF,0.04902272668680199,0.016090364010367616,0.9348869093028305
26102,LOF,0.02097525482694418,0.012961074411233146,0.9660636707618226
26103,Neutral,0.8810765132326452,0.01833701176663264,0.10058647500072194
26104,LOF,0.0821589637971962,0.022160856888591783,0.8956801793142121
26105,LOF,0.2073956847429203,0.26853254177004116,0.5240717734870386
26106,LOF,0.18400851390523393,0.10903088176650699,0.706960604328259
26107,LOF,0.22419469314727272,0.08689568370039587,0.6889096231523313
26108,LOF,0.2706199581805647,0.09562852333759214,0.6337515184818432
26109,LOF,0.10373139972527967,0.0612618183028255,0.8350067819718948
26110,LOF,0.2473469881652072,0.007234454724786245,0.7454185571100066
26111,Neutral,0.5070421132911791,0.02729821513750719,0.46565967157131377
26112,LOF,0.032515691148118094,0.008174624794456499,0.9593096840574253
26113,LOF,0.06669596727697001,0.01970846973547066,0.9135955629875593
26114,LOF,0.023677551682440314,0.033064852850015244,0.9432575954675444
26115,LOF,0.07812644729819117,0.06552444201359721,0.8563491106882117
26116,LOF,0.06058201013681749,0.06721981885426677,0.8721981710089158
26117,LOF,0.4388270265876985,0.03825750895808006,0.5229154644542214
26118,LOF,0.03167627977438753,0.024357865287751704,0.9439658549378607
26119,LOF,0.022904571766771246,0.05062954019894454,0.9264658880342842
26120,LOF,0.025951330749689725,0.020359292355112208,0.953689376895198
26121,LOF,0.04167244597455215,0.07627044020648334,0.8820571138189646
