feature0,prediction,LoGoFunc_Neutral,LoGoFunc_GOF,LoGoFunc_LOF
25546,Neutral,0.6422640237755566,0.060787583813467244,0.2969483924109762
25547,Neutral,0.491495240249524,0.11249481979855643,0.39600993995191947
25548,Neutral,0.5020695149274947,0.09256818308547589,0.4053623019870294
25549,LOF,0.4210666511915085,0.09200227744468614,0.4869310713638055
25550,LOF,0.3460060790308675,0.13305988468016997,0.5209340362889625
25551,LOF,0.3171093533163284,0.13895302585612523,0.5439376208275464
25552,LOF,0.2634531027611456,0.1329367566225963,0.6036101406162582
25553,Neutral,0.8118560652173167,0.04721441918661947,0.1409295155960638
25554,LOF,0.3077812466560714,0.12308710812057005,0.5691316452233586
25555,LOF,0.25993502933870044,0.11658175285935954,0.62348321780194
25556,Neutral,0.45792458918147233,0.10985840753412526,0.4322170032844024
25557,LOF,0.244213384214279,0.12250351440471606,0.633283101381005
25558,LOF,0.3095470649615223,0.12040399488546473,0.570048940153013
25559,LOF,0.1756987607075291,0.13753081074433152,0.6867704285481394
25560,LOF,0.1606691220449206,0.10276561587211248,0.736565262082967
25561,LOF,0.1491606026501563,0.10944096528096871,0.7413984320688751
25562,LOF,0.07836793544466185,0.07780167664053053,0.8438303879148076
25563,LOF,0.021223402282641236,0.13339344872379327,0.8453831489935654
25564,LOF,0.22136455320190132,0.12167633527992802,0.6569591115181705
25565,LOF,0.22160059764938436,0.1322709022129643,0.6461285001376513
25566,GOF,0.0955465728989138,0.722010016189476,0.18244341091161007
25567,LOF,0.03689414989442558,0.12023727359412578,0.8428685765114486
25568,LOF,0.0603327912850024,0.06839533923370894,0.8712718694812888
25569,LOF,0.060917107491227286,0.06857166496375047,0.8705112275450223
25570,LOF,0.02686357740536224,0.0990836089950109,0.8740528135996269
25571,LOF,0.026154820789637302,0.10054352553655309,0.8733016536738096
25572,LOF,0.06301631537880108,0.11152717476870042,0.8254565098524985
25573,LOF,0.05810255396821235,0.08346210722921377,0.8584353388025738
25574,LOF,0.05707040249579691,0.1827297419343597,0.7601998555698433
25575,LOF,0.022637389150029125,0.11113022341328171,0.8662323874366891
25576,LOF,0.0333212092507672,0.14532531419445535,0.8213534765547775
25577,LOF,0.030358944480146116,0.10770676250044492,0.8619342930194088
25578,LOF,0.29387238089174883,0.07760705438840139,0.6285205647198497
25579,LOF,0.13561472751654777,0.08353376945842815,0.780851503025024
25580,LOF,0.01918697406764273,0.07680966542728346,0.9040033605050738
25581,LOF,0.056057649489887375,0.06492657092519372,0.8790157795849188
25582,LOF,0.056011126148416,0.06289404114090281,0.8810948327106811
25583,LOF,0.020642837227702184,0.07977202736608918,0.8995851354062088
25584,Neutral,0.6602341017816195,0.10525753500747702,0.23450836321090346
25585,LOF,0.02913084623721434,0.1107592012966086,0.860109952466177
25586,LOF,0.0189472735976415,0.06635247631607252,0.914700250086286
25587,LOF,0.01778284894356149,0.06044740578877883,0.9217697452676596
25588,LOF,0.020499865083450003,0.07032222657949147,0.9091779083370585
25589,Neutral,0.5106092602305947,0.20386221746605557,0.28552852230334974
25590,LOF,0.046652732110896794,0.1071693559358322,0.846177911953271
25591,LOF,0.10361486295095695,0.05200439919821526,0.8443807378508278
25592,LOF,0.05498011648205955,0.12474081958045433,0.8202790639374862
25593,LOF,0.12672817090235006,0.253307273205331,0.6199645558923189
25594,LOF,0.05023788180349475,0.11172053290616664,0.8380415852903387
25595,LOF,0.04939736410455205,0.08201850353554478,0.8685841323599032
25596,LOF,0.11401937390644154,0.043626674736706623,0.8423539513568519
25597,LOF,0.07937486453302778,0.04952239633731925,0.871102739129653
25598,LOF,0.05080159160560001,0.0824398731583123,0.8667585352360876
25599,GOF,0.019148519177889723,0.5170620467938419,0.46378943402826833
25600,GOF,0.16361807477186624,0.49823526923604217,0.33814665599209165
25601,LOF,0.0390422896154041,0.4075049805246483,0.5534527298599476
25602,LOF,0.03232624633585277,0.054933084319871386,0.9127406693442758
25603,LOF,0.03902071428136683,0.0274486608386048,0.9335306248800282
25604,LOF,0.03852349293201415,0.0614553972519759,0.9000211098160099
25605,LOF,0.04206327033547885,0.18371131840715152,0.7742254112573695
25606,LOF,0.4420298079930939,0.0897391743464903,0.46823101766041586
25607,LOF,0.02459808781077717,0.18643424504318268,0.7889676671460402
25608,LOF,0.03570180439598674,0.07876003757112315,0.88553815803289
25609,GOF,0.16133274361419742,0.5423490905281637,0.29631816585763887
25610,LOF,0.015239289252920899,0.028335053176631,0.9564256575704481
25611,LOF,0.013660345680797487,0.03342071117649757,0.9529189431427049
25612,LOF,0.04766601780916556,0.037811772696945495,0.914522209493889
25613,LOF,0.04567645909886414,0.03951770597592977,0.9148058349252061
25614,LOF,0.02133074612703109,0.02480107173972051,0.9538681821332483
25615,LOF,0.04541894936435938,0.03897245570904422,0.9156085949265964
25616,LOF,0.04652485203152229,0.029258250544883912,0.9242168974235938
25617,LOF,0.042077304447179775,0.03582645718567518,0.922096238367145
25618,LOF,0.0514143994820914,0.03459998846143409,0.9139856120564744
25619,LOF,0.0152809100906031,0.031644295721069145,0.9530747941883277
25620,LOF,0.05945319834827594,0.04378043164703148,0.8967663700046926
25621,LOF,0.05450124654266969,0.034410851970663715,0.9110879014866666
25622,LOF,0.06336554024317083,0.031299988204397534,0.9053344715524315
25623,LOF,0.06687412149382375,0.02473195817597539,0.9083939203302008
25624,LOF,0.01815726104407632,0.033713535117644224,0.9481292038382795
25625,LOF,0.06621984581333569,0.0352393467462099,0.8985408074404544
25626,LOF,0.045749420016964075,0.03542794246576578,0.9188226375172702
25627,Neutral,0.8916474515691841,0.020723086283857398,0.0876294621469584
25628,LOF,0.12569119258970868,0.0600231975102088,0.8142856099000826
25629,LOF,0.05889515847225493,0.03972922079395423,0.9013756207337908
25630,LOF,0.2650321550598973,0.07465093985414059,0.6603169050859621
25631,Neutral,0.5567154356926602,0.05738764520012492,0.3858969191072147
25632,LOF,0.027810008978417015,0.05928121721039757,0.9129087738111855
25633,LOF,0.1937845722473385,0.03315759155549577,0.7730578361971657
25634,LOF,0.03532516139094659,0.07473695560914892,0.8899378829999044
25635,LOF,0.03682792906950161,0.03728085108941221,0.9258912198410862
25636,GOF,0.03183409289787295,0.48675528133730567,0.48141062576482135
25637,GOF,0.06817874277587709,0.5002207717298375,0.4316004854942853
25638,LOF,0.030928068057542467,0.3218296989097221,0.6472422330327354
25639,LOF,0.03184278213285907,0.3806045814028949,0.587552636464246
25640,Neutral,0.807927211111873,0.14441280381605864,0.04765998507206814
25641,LOF,0.05875782234593561,0.4290169268676485,0.5122252507864159
25642,LOF,0.04308953684208877,0.1431005667691847,0.8138098963887266
25643,LOF,0.21400630942798932,0.15601109739054653,0.6299825931814641
25644,LOF,0.02283578874454519,0.4614337949291071,0.5157304163263479
25645,LOF,0.02199650001277242,0.39666146839935496,0.5813420315878726
25646,LOF,0.054789382655997636,0.32610991220037866,0.6191007051436237
25647,LOF,0.024304498691416446,0.25987133654604655,0.715824164762537
25648,LOF,0.03169476635349235,0.23435049432362026,0.7339547393228875
25649,LOF,0.016408870805301477,0.23570666842187124,0.7478844607728272
25650,LOF,0.05562194627308758,0.39625661281800717,0.5481214409089052
25651,LOF,0.01709898361805848,0.26403778350083656,0.718863232881105
25652,LOF,0.02999238400226048,0.2709442597274816,0.6990633562702578
25653,LOF,0.07831003603887363,0.399079793325819,0.5226101706353075
25654,LOF,0.025564940422913227,0.18448526414014843,0.7899497954369383
25655,LOF,0.21084274514101034,0.37250279017999965,0.41665446467899003
25656,LOF,0.29065837961361357,0.04974586968351869,0.6595957507028678
25657,LOF,0.08060169479948814,0.060944591537622675,0.8584537136628891
25658,LOF,0.38351279017082124,0.055671442018553605,0.5608157678106253
25659,Neutral,0.5025885005944148,0.08325274668270644,0.4141587527228787
25660,LOF,0.026044304958694843,0.08165067185668132,0.8923050231846239
25661,LOF,0.09175026694753977,0.05830193374286136,0.8499477993095989
25662,LOF,0.032369128695189306,0.03202462250384437,0.9356062488009663
25663,LOF,0.039167617004881194,0.04538125744764476,0.915451125547474
25664,LOF,0.13717299793039062,0.05412964614946088,0.8086973559201486
25665,LOF,0.05801363763097188,0.029282208912424668,0.9127041534566034
25666,LOF,0.09108690803456035,0.06784386704290299,0.8410692249225367
25667,LOF,0.06648521463044704,0.037236458369387604,0.8962783270001654
25668,LOF,0.03599265905924826,0.048488202613572645,0.9155191383271791
25669,LOF,0.03245337923725722,0.054007567919062464,0.9135390528436803
25670,LOF,0.13676845896252932,0.046214928929001954,0.8170166121084687
25671,LOF,0.09469890937619921,0.0326550276149774,0.8726460630088233
25672,LOF,0.05289841918972908,0.0403284915831929,0.9067730892270781
25673,LOF,0.08601095721551687,0.0384729699433887,0.8755160728410943
25674,LOF,0.07408910515907462,0.048349863846362105,0.8775610309945634
25675,LOF,0.12112179235033364,0.04623705051098296,0.8326411571386834
25676,LOF,0.017655022764873126,0.05063895422129796,0.931706023013829
25677,LOF,0.025416561418221507,0.06639579176998668,0.9081876468117918
25678,LOF,0.17925464266001395,0.05830423568029678,0.7624411216596892
25679,LOF,0.12708170751790313,0.07366164090313264,0.7992566515789642
25680,LOF,0.03172503799744191,0.10775946316426467,0.8605154988382935
25681,LOF,0.0486616091833468,0.09572972771906398,0.8556086630975892
25682,LOF,0.13221036455342505,0.06926194940284926,0.7985276860437258
25683,LOF,0.12363843052435068,0.08246242752533309,0.7938991419503162
25684,LOF,0.0428311619074748,0.06772237249479443,0.8894464655977307
25685,LOF,0.1258690004252253,0.04834874482333752,0.8257822547514372
25686,LOF,0.072013192537564,0.09464289297009058,0.8333439144923454
25687,LOF,0.11521622609678031,0.08896929469178397,0.7958144792114357
25688,LOF,0.3073679010513503,0.029728568555772182,0.6629035303928775
25689,LOF,0.22288570569752925,0.03558445302559276,0.7415298412768779
25690,LOF,0.36529863423848974,0.028570108002051182,0.6061312577594591
25691,Neutral,0.6952276345415267,0.020281632194109056,0.2844907332643642
25692,LOF,0.28467572648354666,0.011438211487295286,0.7038860620291582
25693,LOF,0.044946177012952754,0.4754073118446019,0.4796465111424452
25694,LOF,0.12315661386260902,0.017816534057113857,0.8590268520802772
25695,LOF,0.11809160043218452,0.016869672750383764,0.8650387268174318
25696,LOF,0.103376201151639,0.009796639385775291,0.8868271594625857
25697,LOF,0.11879794757739534,0.03418718062259553,0.8470148718000092
25698,LOF,0.3446252068277476,0.23845635976301138,0.41691843340924095
25699,LOF,0.4257902737680827,0.036571235839523146,0.5376384903923942
25700,LOF,0.05599928936590183,0.007338809222248392,0.9366619014118499
25701,LOF,0.16274827077218337,0.04811953705820489,0.7891321921696117
25702,GOF,0.17281735278179686,0.5552046775723888,0.2719779696458144
25703,LOF,0.016891735126046456,0.16188263314227555,0.821225631731678
25704,LOF,0.05018381939976542,0.10652107008236086,0.8432951105178738
25705,LOF,0.06116506777529939,0.18315977052410326,0.7556751617005973
25706,LOF,0.09196111183126421,0.3586663545338365,0.5493725336348992
25707,LOF,0.09153981294217542,0.27970498897636686,0.6287551980814579
25708,LOF,0.03365788602007218,0.2436715006000466,0.7226706133798811
25709,LOF,0.058797585247422283,0.0392110199552147,0.901991394797363
25710,LOF,0.012320933561163521,0.13048723881865512,0.8571918276201813
25711,LOF,0.01975714089431928,0.08941455068157471,0.890828308424106
25712,LOF,0.013072581772108282,0.17635063717308114,0.8105767810548107
25713,LOF,0.018555504525049067,0.07832223526832902,0.9031222602066219
25714,LOF,0.0711880541078907,0.07357493313411957,0.8552370127579897
25715,LOF,0.010390055527176485,0.13201242460955578,0.8575975198632677
25716,LOF,0.013854383630425167,0.1094942482392374,0.8766513681303374
25717,LOF,0.01398816176322357,0.07531455778696382,0.9106972804498126
25718,LOF,0.01207956386369514,0.09516578167714836,0.8927546544591565
25719,LOF,0.019457540437609153,0.07253381224040821,0.9080086473219827
25720,LOF,0.020996657265464565,0.06459227927820238,0.9144110634563332
25721,LOF,0.015710503017659153,0.09625116877874758,0.8880383282035933
25722,LOF,0.013173987955458434,0.11684682382679583,0.8699791882177458
25723,LOF,0.023006670291924138,0.04165557681987653,0.9353377528881993
25724,LOF,0.024853159976730228,0.08104955899474794,0.8940972810285218
25725,LOF,0.011785299296798078,0.06461273589156033,0.9236019648116416
25726,LOF,0.014869685620147398,0.09105204823794992,0.8940782661419027
25727,LOF,0.013261719917278739,0.0730282893348692,0.9137099907478521
25728,LOF,0.009876489030383668,0.10191240779089006,0.8882111031787262
25729,LOF,0.010136586239364686,0.0994794779994879,0.8903839357611475
25730,LOF,0.013634662365451699,0.07532268652969898,0.9110426511048493
25731,LOF,0.019939370072606405,0.1009978991376022,0.8790627307897914
25732,LOF,0.014962101999994894,0.07971207241561319,0.905325825584392
25733,LOF,0.015985030423173712,0.07019395912615423,0.913821010450672
25734,LOF,0.01320453574303622,0.11760546846495777,0.869189995792006
25735,LOF,0.01373343888484181,0.07797617731373421,0.9082903838014239
25736,LOF,0.013948408838667667,0.10812412613956797,0.8779274650217642
25737,LOF,0.020195068557394037,0.07831709438148264,0.9014878370611235
25738,LOF,0.01351035637392732,0.10006067051958194,0.8864289731064907
25739,LOF,0.020661613607861874,0.0787675288353874,0.9005708575567507
25740,LOF,0.027644490162870922,0.09758163289096079,0.8747738769461683
25741,LOF,0.015518524913874003,0.09956617311988823,0.8849153019662378
25742,LOF,0.12128422941801169,0.07620844124322675,0.8025073293387615
25743,LOF,0.03571580614917583,0.031101169959764658,0.9331830238910594
25744,Neutral,0.5997879374125166,0.19919397771031233,0.20101808487717104
25745,LOF,0.08507977759783561,0.0751506313166144,0.83976959108555
25746,LOF,0.04289695428215388,0.0886231547661273,0.8684798909517188
25747,LOF,0.022276403440719624,0.040582221123762884,0.9371413754355175
25748,LOF,0.10459300660913332,0.06289053121926139,0.8325164621716052
25749,LOF,0.02732125520844848,0.08433485697483854,0.888343887816713
25750,LOF,0.08795196263837438,0.08547849327554354,0.8265695440860821
25751,LOF,0.09063378923944508,0.06179626691690329,0.8475699438436516
25752,GOF,0.09540513713730392,0.6676353402177875,0.23695952264490863
25753,LOF,0.018917532258579863,0.2758459875059663,0.7052364802354538
25754,GOF,0.01040760907667753,0.786862043220341,0.2027303477029814
25755,LOF,0.02454741732645975,0.3661177032875974,0.6093348793859429
25756,LOF,0.04143214361679626,0.36863230985044193,0.5899355465327617
25757,GOF,0.013982442565876857,0.8463314511652898,0.13968610626883332
25758,GOF,0.028420867651483363,0.8313716046517758,0.14020752769674072
25759,GOF,0.011169933121669884,0.5501246139564804,0.43870545292184965
25760,LOF,0.011356375756071492,0.24120901150538843,0.7474346127385402
25761,GOF,0.23923087254383363,0.6531390734408665,0.10763005401529982
25762,LOF,0.03600393287013191,0.2689994570090616,0.6949966101208066
25763,LOF,0.01273362924520174,0.2057517940184941,0.7815145767363042
25764,GOF,0.07357051212089293,0.6250864880593436,0.3013429998197635
25765,GOF,0.03694650504639667,0.7764638387232874,0.186589656230316
25766,GOF,0.052293964288527874,0.7898168686217313,0.15788916708974085
25767,GOF,0.16027985600404082,0.42997346854606966,0.4097466754498896
25768,LOF,0.09101188501747941,0.06488052608368242,0.8441075888988382
25769,LOF,0.06643408816025519,0.07036923280752996,0.863196679032215
25770,LOF,0.30463763926945575,0.08909858173287283,0.6062637789976715
25771,LOF,0.03877997763145173,0.04922122322774269,0.9119987991408056
25772,LOF,0.016096765612507752,0.03531380225067667,0.9485894321368157
25773,LOF,0.04846816962473692,0.08529350268208968,0.8662383276931733
25774,LOF,0.02894510003839126,0.07897803455884263,0.8920768654027661
25775,LOF,0.04593446084455427,0.043749243521620684,0.9103162956338251
25776,LOF,0.06833536872259449,0.028727693797125916,0.9029369374802796
25777,LOF,0.3481822432789649,0.05028627202331614,0.601531484697719
25778,LOF,0.06785182026643569,0.05484080097696294,0.8773073787566015
25779,GOF,0.3657247267609523,0.5966804020735204,0.03759487116552745
25780,GOF,0.3054378926594521,0.6233813790665328,0.07118072827401505
25781,GOF,0.13600740033980652,0.7614118369774107,0.10258076268278278
25782,GOF,0.19327867853190772,0.7487977905156222,0.05792353095247007
25783,GOF,0.030723975177549524,0.6689815914248298,0.3002944333976205
25784,Neutral,0.49185229049089213,0.4726004508160605,0.03554725869304735
25785,GOF,0.4517223764932847,0.5133332715171675,0.03494435198954785
25786,GOF,0.02825915650167025,0.7749942777264057,0.19674656577192395
25787,Neutral,0.6277455984404648,0.3506196374429251,0.02163476411661002
25788,LOF,0.05232132738977599,0.10094677610749339,0.8467318965027306
25789,GOF,0.20493849956382623,0.6763082039383144,0.11875329649785941
25790,GOF,0.23375479202592978,0.6740839406981944,0.09216126727587584
25791,GOF,0.13860380149967244,0.7012380404910669,0.16015815800926064
25792,GOF,0.3131746902449046,0.561286720177944,0.1255385895771513
25793,GOF,0.2822620388249694,0.5306139264090219,0.18712403476600853
25794,GOF,0.29655790808750787,0.5445207493342491,0.15892134257824297
25795,GOF,0.0778848019156268,0.7090950676417676,0.2130201304426058
25796,Neutral,0.531322350175693,0.39813057144772285,0.07054707837658421
25797,GOF,0.09115598095114674,0.575524159266757,0.3333198597820962
25798,GOF,0.00947750841314682,0.523969684781373,0.4665528068054803
25799,LOF,0.007398034132360757,0.41676843830140947,0.5758335275662299
25800,GOF,0.03043122432592829,0.6000312137006443,0.3695375619734274
25801,GOF,0.18583400550649437,0.6926006591625112,0.12156533533099431
25802,GOF,0.06704374535209671,0.7001283685285297,0.23282788611937366
25803,GOF,0.03456375632073676,0.5844574257420897,0.38097881793717353
25804,GOF,0.03290606568419896,0.4973934102107442,0.4697005241050569
25805,GOF,0.09459267695871178,0.6064758433910812,0.2989314796502071
25806,GOF,0.09626023999081416,0.5953451972792975,0.3083945627298884
25807,GOF,0.022131421438380577,0.6303272998538012,0.3475412787078182
25808,GOF,0.08206967311707271,0.6483230881745841,0.26960723870834324
25809,GOF,0.01763354659459646,0.5891404309581061,0.39322602244729754
25810,GOF,0.016542687473540423,0.631089249165652,0.35236806336080756
25811,GOF,0.42352496496208925,0.5040172647402179,0.07245777029769285
25812,GOF,0.02893400485076972,0.6468197279425268,0.3242462672067034
25813,Neutral,0.4905401307563565,0.41871518421528936,0.09074468502835402
25814,GOF,0.10636640083818416,0.6767740974314466,0.2168595017303693
25815,GOF,0.18724953052755328,0.6353242213421861,0.17742624813026053
25816,GOF,0.023127212819609916,0.730672534634026,0.24620025254636407
25817,GOF,0.22144863872092732,0.664789463041265,0.11376189823780765
25818,GOF,0.05001889391496265,0.6762071033983635,0.27377400268667396
25819,GOF,0.35196641526251665,0.5121533086331118,0.13588027610437148
25820,GOF,0.19713442047263227,0.6122896052952826,0.1905759742320851
25821,GOF,0.061249593003177095,0.6945031532376329,0.24424725375919012
25822,GOF,0.22375270473412776,0.5646741343476269,0.21157316091824538
25823,GOF,0.0323992707449102,0.5492918242560809,0.41830890499900886
25824,GOF,0.08865499675251157,0.6200958158033705,0.29124918744411804
25825,GOF,0.036885767067773745,0.6187522667129634,0.3443619662192628
25826,GOF,0.016816391974986102,0.6176058146206538,0.36557779340436025
25827,GOF,0.022301719960705093,0.6234692851027605,0.3542289949365343
25828,GOF,0.012248699918156294,0.548320231764607,0.4394310683172366
25829,GOF,0.005536514672976377,0.5731483778995591,0.42131510742746464
25830,LOF,0.03493176564880055,0.27291777628308345,0.692150458068116
25831,GOF,0.20634553530665567,0.6800516272354533,0.11360283745789104
25832,GOF,0.03182936192093749,0.7305705398676032,0.23760009821145917
25833,GOF,0.10772703387624041,0.7318638127227263,0.16040915340103337
25834,GOF,0.02955250734848024,0.7380450640629017,0.23240242858861812
25835,GOF,0.05917666109544226,0.7802803880054845,0.16054295089907336
25836,GOF,0.03297125801558504,0.7159545615072829,0.2510741804771321
25837,GOF,0.028170390851852998,0.6270128535125074,0.34481675563563957
25838,GOF,0.0915237289863146,0.7772581698113296,0.13121810120235589
25839,GOF,0.27017409507647316,0.6053620167517556,0.12446388817177118
25840,GOF,0.23101926596169234,0.6271160436602544,0.14186469037805327
25841,GOF,0.23610785717933236,0.6318762513177667,0.13201589150290086
25842,GOF,0.140893217335389,0.7379578715766787,0.12114891108793238
25843,GOF,0.19321893057213205,0.716719130015546,0.09006193941232189
25844,GOF,0.058071578093219646,0.7463976775764157,0.19553074433036455
25845,GOF,0.016872411084459377,0.5423587333205894,0.44076885559495127
25846,GOF,0.12270448240176923,0.7422528033730171,0.13504271422521377
25847,GOF,0.0972623105903625,0.8029651559587344,0.09977253345090328
25848,GOF,0.03740706787567741,0.7337184082829841,0.22887452384133836
25849,GOF,0.010667855992168155,0.6346787759112607,0.35465336809657116
25850,GOF,0.01976940966984533,0.6709472687676133,0.30928332156254146
25851,GOF,0.01574804344446811,0.5613864118279829,0.4228655447275489
25852,GOF,0.16070387780370843,0.5527490435664132,0.28654707862987844
25853,GOF,0.33880199301836117,0.5865101054585947,0.07468790152304415
25854,GOF,0.022585577022431722,0.6376666773910381,0.3397477455865302
25855,GOF,0.034768722966671516,0.5868503233047266,0.378380953728602
25856,GOF,0.2405745225549752,0.5542898302388669,0.20513564720615776
25857,GOF,0.036330357805591254,0.5166269872778717,0.44704265491653705
25858,GOF,0.022583880104103036,0.5601080951918266,0.4173080247040703
25859,GOF,0.011128765983326003,0.5256154088450776,0.4632558251715963
25860,GOF,0.3537375986840514,0.569464021631667,0.07679837968428165
25861,GOF,0.40745404673079233,0.5246540111450925,0.06789194212411519
25862,GOF,0.0828369196851091,0.7895381830546709,0.12762489726022
25863,GOF,0.07971427050735456,0.7863659798049861,0.13391974968765935
25864,GOF,0.18115473814075422,0.7479384203984795,0.07090684146076638
25865,GOF,0.08124420829991819,0.8066902480641152,0.11206554363596656
25866,GOF,0.052057026196329605,0.8063019145974418,0.14164105920622855
25867,GOF,0.0772256531258541,0.8217962158428992,0.10097813103124673
25868,GOF,0.2358953641586024,0.6660470597137051,0.0980575761276926
25869,Neutral,0.6855137495831074,0.27253109776966083,0.041955152647231674
25870,GOF,0.26817015259082916,0.40277970657553386,0.3290501408336369
25871,GOF,0.2212118932031415,0.6618527308329019,0.1169353759639566
25872,GOF,0.07751814666862701,0.6573496440692481,0.2651322092621249
25873,GOF,0.11170050317308809,0.6969566215669841,0.19134287525992777
25874,LOF,0.014294458234160538,0.1057327966035802,0.8799727451622592
25875,LOF,0.08809541237852608,0.044739673089800945,0.8671649145316729
25876,LOF,0.0361004989539549,0.028100793090735997,0.9357987079553091
25877,Neutral,0.5259778579061771,0.042671815596149756,0.43135032649767313
25878,LOF,0.22448347677568767,0.09307920613123168,0.6824373170930808
25879,LOF,0.08511955274463337,0.08632963461940359,0.828550812635963
25880,LOF,0.038759075618986505,0.01347759909468986,0.9477633252863236
25881,LOF,0.18982740582236995,0.10705653794028563,0.7031160562373444
25882,LOF,0.060141206004166135,0.018056385501756707,0.9218024084940771
25883,LOF,0.06355259842452671,0.01862736852182782,0.9178200330536455
25884,LOF,0.031475177220756635,0.027897321855466124,0.9406275009237771
25885,LOF,0.05772765816917602,0.011387847909638225,0.9308844939211858
25886,LOF,0.2614005554320898,0.03579684169118719,0.702802602876723
25887,LOF,0.1614433157613574,0.05656876325416245,0.7819879209844801
25888,LOF,0.06184847122734818,0.05450566865468635,0.8836458601179655
25889,LOF,0.037890871392581224,0.01977984377003956,0.9423292848373792
25890,LOF,0.047182815277695925,0.14689318700804607,0.805923997714258
25891,LOF,0.04236421085389526,0.05040629464363052,0.9072294945024741
25892,LOF,0.08327302825638976,0.021856063801659914,0.8948709079419502
25893,LOF,0.2720063852221696,0.01991482026111913,0.7080787945167113
25894,LOF,0.17848823653600573,0.01078949145692372,0.8107222720070706
25895,LOF,0.18902180406494312,0.021133533343582048,0.7898446625914748
25896,LOF,0.04955072249024562,0.020595819899728286,0.9298534576100261
25897,LOF,0.2702945063763948,0.012280896794281067,0.7174245968293242
25898,Neutral,0.7068481923064512,0.00938225362666364,0.28376955406688514
25899,LOF,0.21249750307724294,0.022030623626678618,0.7654718732960784
25900,LOF,0.4639835122433385,0.012243126822906862,0.5237733609337547
25901,LOF,0.051235359682760474,0.011432142708418944,0.9373324976088205
25902,LOF,0.15747666579757016,0.014117282427665384,0.8284060517747646
25903,Neutral,0.5710845219331484,0.02710079930394161,0.4018146787629101
25904,LOF,0.31667165292750493,0.03978813653929143,0.6435402105332035
25905,LOF,0.02461286064842757,0.33769524927987904,0.6376918900716934
25906,LOF,0.035573491661821985,0.0740768569288398,0.8903496514093383
25907,LOF,0.014243128967402853,0.334976479357846,0.6507803916747511
25908,LOF,0.009774772834865525,0.2577291637354547,0.7324960634296799
25909,LOF,0.013316921990600639,0.12611246764803966,0.8605706103613597
25910,LOF,0.048890527650588475,0.14329677780075023,0.8078126945486613
25911,LOF,0.17424721039945984,0.030332386010775668,0.7954204035897645
25912,LOF,0.044320658505143384,0.0574897218968196,0.898189619598037
25913,LOF,0.32712232609025976,0.022909695511240544,0.6499679783984997
25914,LOF,0.019878135355545643,0.05894247114063303,0.9211793935038213
25915,Neutral,0.5844414803642326,0.13334570278099334,0.2822128168547741
25916,LOF,0.07283491925629673,0.1896144813043628,0.7375505994393405
25917,LOF,0.06529776296684492,0.04541041013564206,0.8892918268975131
25918,LOF,0.021502259837420313,0.033770653478656154,0.9447270866839236
25919,LOF,0.018665342162786633,0.03637652813623318,0.9449581297009803
25920,GOF,0.11630066857373063,0.517354238301825,0.36634509312444424
25921,LOF,0.023529396792185905,0.039404377702090314,0.9370662255057238
25922,LOF,0.03294995822745342,0.028414099559801072,0.9386359422127455
25923,LOF,0.4347933516955181,0.04368178226165862,0.5215248660428233
25924,LOF,0.03435287557275276,0.05005240012539226,0.915594724301855
25925,LOF,0.06201964614960001,0.046229489887272254,0.8917508639631276
25926,LOF,0.04565132626011312,0.04065961151627929,0.9136890622236076
25927,LOF,0.054580813660772214,0.1538368887671985,0.7915822975720294
25928,LOF,0.016791617221751064,0.056426368347191155,0.9267820144310579
25929,Neutral,0.5627118160262014,0.046696915304674215,0.39059126866912447
25930,LOF,0.06359105149755603,0.0384536575878717,0.8979552909145723
25931,LOF,0.023710947902139404,0.03380820377579387,0.9424808483220668
25932,LOF,0.026495867047978728,0.030944641985246067,0.9425594909667752
25933,LOF,0.0358587232639659,0.02036621570528001,0.943775061030754
25934,LOF,0.02250961448787689,0.022750278478014748,0.9547401070341084
25935,LOF,0.055919513110079075,0.05870444164389342,0.8853760452460274
25936,LOF,0.04068572317937332,0.025951367184491113,0.9333629096361357
25937,LOF,0.025679403778718777,0.037534960718956685,0.9367856355023246
25938,LOF,0.05800857122371784,0.06071844579388573,0.8812729829823964
25939,LOF,0.037342949566498466,0.02309532656193822,0.9395617238715632
25940,LOF,0.0314037129664127,0.3455327422778959,0.6230635447556914
25941,LOF,0.18538864571790817,0.10086936758670158,0.7137419866953902
25942,LOF,0.014037713033461264,0.03327462161728742,0.9526876653492513
25943,LOF,0.3153860253671198,0.04503506606102943,0.6395789085718508
25944,Neutral,0.49824431591188595,0.019115897475587142,0.48263978661252693
25945,LOF,0.07724718409855326,0.019537152260630394,0.9032156636408164
25946,LOF,0.032475685453450705,0.13579025921156557,0.8317340553349837
25947,LOF,0.12371532276249463,0.16169041858014604,0.7145942586573594
25948,LOF,0.3605079366022985,0.008355922767656026,0.6311361406300455
25949,LOF,0.14089294509325603,0.03351951364536711,0.8255875412613769
25950,GOF,0.3161729347072029,0.36885323563202105,0.314973829660776
25951,LOF,0.1918265349704261,0.2805257720015211,0.5276476930280527
25952,LOF,0.040664353491854224,0.4490252121561484,0.5103104343519974
25953,LOF,0.1586151575725871,0.11884262004260157,0.7225422223848114
25954,Neutral,0.4258396081858466,0.18101525289435338,0.39314513891979996
25955,LOF,0.05602483054340201,0.08153131123706521,0.8624438582195326
25956,LOF,0.1621015477179418,0.1206041027538189,0.7172943495282392
25957,LOF,0.03779336401251069,0.031105097912381204,0.9311015380751081
25958,LOF,0.05287483179881313,0.02703527337213694,0.92008989482905
25959,LOF,0.06626647471756929,0.3219598063347438,0.611773718947687
25960,LOF,0.015357887745190231,0.04871920348811286,0.9359229087666969
25961,LOF,0.03992273565474713,0.026547637316433635,0.9335296270288193
25962,LOF,0.05567242324637215,0.023336714291792727,0.9209908624618351
25963,LOF,0.049097098151664624,0.1984045007811804,0.7524984010671549
25964,LOF,0.03242920747992062,0.1501691415571235,0.8174016509629559
25965,LOF,0.44256244267251255,0.06226798602703573,0.4951695713004517
25966,Neutral,0.5142288593374912,0.15979373030945337,0.3259774103530555
25967,LOF,0.017797006110041116,0.09801668906108632,0.8841863048288725
25968,LOF,0.03553280778323805,0.3864109353232969,0.578056256893465
25969,LOF,0.03577767564101227,0.06092345262838672,0.9032988717306011
25970,LOF,0.05987854968739038,0.06437529081847336,0.8757461594941361
25971,LOF,0.07055556337617121,0.020318127885698138,0.9091263087381306
25972,LOF,0.06892389568930887,0.030700196373781397,0.9003759079369098
25973,LOF,0.07902711901334832,0.008937295212424848,0.9120355857742268
25974,LOF,0.1881883007090994,0.016948746651645894,0.7948629526392548
25975,LOF,0.04774974968850755,0.024116627352597696,0.9281336229588948
25976,LOF,0.04527190783884641,0.015637168934273308,0.9390909232268801
25977,LOF,0.15499227097054488,0.08134066991436496,0.7636670591150903
25978,LOF,0.16044026098679415,0.0842956157259858,0.75526412328722
25979,LOF,0.14509701331394614,0.08520976916431605,0.7696932175217378
25980,LOF,0.2295878669333779,0.09974588292340861,0.6706662501432136
25981,LOF,0.2620701391421599,0.09725170697002342,0.6406781538878168
25982,LOF,0.4266616477863007,0.0695227434953655,0.5038156087183338
25983,LOF,0.41683174264300427,0.07986468550492985,0.5033035718520659
25984,LOF,0.04817012050166545,0.044105177998893894,0.9077247014994406
25985,LOF,0.03677574053991639,0.2839868249612981,0.6792374344987855
25986,LOF,0.044526636230898115,0.34089537920429674,0.6145779845648053
25987,LOF,0.09479449242595275,0.0716363825123967,0.8335691250616505
25988,LOF,0.152453593190715,0.059211262189129796,0.7883351446201552
25989,LOF,0.03592639308092545,0.12204590392889525,0.8420277029901793
25990,LOF,0.04067630788388572,0.16715595936768288,0.7921677327484314
25991,LOF,0.12502839952032638,0.22906811684894268,0.645903483630731
25992,LOF,0.29378304544436096,0.13896001577220216,0.5672569387834369
25993,LOF,0.021894575500256974,0.07318954328746721,0.9049158812122757
25994,LOF,0.01739460536375309,0.08879110691235789,0.8938142877238889
25995,LOF,0.023116750857360358,0.17203750346139962,0.80484574568124
25996,GOF,0.2961099085961991,0.3746224466651653,0.3292676447386355
25997,LOF,0.07364790240097736,0.36028496736718774,0.566067130231835
25998,Neutral,0.5255704633875399,0.024977100576197758,0.44945243603626245
25999,LOF,0.10932082283207606,0.08720675294534619,0.8034724242225777
26000,LOF,0.1298093005520041,0.045058747156428325,0.8251319522915677
26001,LOF,0.18913623265585194,0.053302515892838964,0.7575612514513091
26002,LOF,0.11910109030496202,0.04375572845845404,0.8371431812365838
26003,GOF,0.011168956952452914,0.581633794969546,0.407197248078001
26004,GOF,0.022643599112563705,0.6777817132274045,0.29957468766003165
26005,LOF,0.006677697437003308,0.45141414064182556,0.5419081619211711
26006,Neutral,0.5040914234797238,0.26302310721620675,0.23288546930406953
26007,GOF,0.020431881396535595,0.5114290250799645,0.4681390935234999
26008,GOF,0.01910335576266741,0.5826501796129846,0.398246464624348
26009,GOF,0.021274576492850535,0.669487212364556,0.3092382111425934
26010,GOF,0.022351360018192205,0.6176315641007932,0.3600170758810145
26011,LOF,0.007061763290689792,0.4138091122257708,0.5791291244835394
26012,GOF,0.01280309912635349,0.522168871704911,0.4650280291687356
26013,GOF,0.019601291741028884,0.5975419610360105,0.3828567472229605
26014,LOF,0.047661543711548966,0.10978261127538218,0.8425558450130689
26015,LOF,0.14838277710401301,0.014534564480747096,0.8370826584152399
26016,LOF,0.21395429171283803,0.052534720181903215,0.7335109881052588
26017,LOF,0.22302952572353923,0.08314876224020595,0.6938217120362549
26018,LOF,0.07794785492959941,0.03377553868117725,0.8882766063892233
26019,LOF,0.07477447970107895,0.02660538748753673,0.8986201328113844
26020,LOF,0.0720596107768667,0.09361747957142443,0.834322909651709
26021,LOF,0.04664858704818231,0.09821330783531787,0.8551381051164999
26022,LOF,0.010699770149377381,0.03396714032142042,0.9553330895292022
26023,LOF,0.06909567754045859,0.021231298496534132,0.9096730239630073
26024,LOF,0.03016380913638679,0.09819453609642927,0.8716416547671839
26025,LOF,0.1509277742921126,0.08846975890954888,0.7606024667983385
26026,LOF,0.3100080684292432,0.029295379096342902,0.660696552474414
26027,LOF,0.059335763522363534,0.016860747951750493,0.9238034885258859
26028,LOF,0.16475290045410565,0.0625605633016241,0.7726865362442703
26029,LOF,0.07458879202133707,0.179938902244836,0.745472305733827
26030,LOF,0.022688565628763344,0.04385479415513534,0.9334566402161013
26031,LOF,0.0271441225689074,0.13387049338238857,0.838985384048704
26032,LOF,0.0661282030797875,0.07728925087717776,0.8565825460430346
26033,LOF,0.09014299759421515,0.07637521845766142,0.8334817839481234
26034,LOF,0.04355778128414874,0.15970548473879864,0.7967367339770527
26035,LOF,0.026563977541389564,0.15289922209077664,0.8205368003678337
26036,LOF,0.03882003168105018,0.17027345556536025,0.7909065127535896
26037,LOF,0.02216579004448692,0.12245448902150069,0.8553797209340124
26038,LOF,0.06161737620282566,0.0793613152581261,0.8590213085390482
26039,LOF,0.05094928171436351,0.1519945477231852,0.7970561705624513
26040,LOF,0.20392870023363022,0.13339953755321446,0.6626717622131553
26041,LOF,0.022063505592339803,0.11265503212318549,0.8652814622844747
26042,LOF,0.020571391356413723,0.11021629625905874,0.8692123123845276
26043,LOF,0.06285218998932816,0.09271510664643484,0.8444327033642369
26044,LOF,0.01991769420327201,0.05845720004133874,0.9216251057553891
26045,LOF,0.07235975024598955,0.10168522455358872,0.8259550252004217
26046,LOF,0.05718186987153459,0.07461119977340408,0.8682069303550615
26047,LOF,0.07665298226567334,0.07553931602097172,0.847807701713355
26048,LOF,0.05067949850837672,0.04186610234642424,0.907454399145199
26049,Neutral,0.9699549620848226,0.006339998136100954,0.023705039779076387
26050,Neutral,0.9545977296959428,0.00803248544552557,0.03736978485853151
26051,LOF,0.04754507205338688,0.28614450334577346,0.6663104246008397
26052,LOF,0.06709490055050649,0.34268387312567505,0.5902212263238185
26053,LOF,0.05849132068949108,0.13700896624132902,0.8044997130691799
26054,LOF,0.050745294475815224,0.016124824556528444,0.9331298809676564
26055,LOF,0.070293059028851,0.014733801706350622,0.9149731392647984
26056,LOF,0.05735622934199773,0.016727778909963163,0.9259159917480392
26057,LOF,0.03130567547618533,0.011263757009726894,0.9574305675140877
26058,LOF,0.03230027860036693,0.009271336417307822,0.9584283849823252
26059,LOF,0.29196066764308304,0.0217891639412656,0.6862501684156513
26060,LOF,0.041691783369028734,0.1740181150943876,0.7842901015365835
26061,LOF,0.01821945842830028,0.011390031271292702,0.9703905103004069
26062,LOF,0.010650589994303085,0.017212462082261706,0.9721369479234352
26063,LOF,0.020599968507744617,0.01090617129215205,0.9684938602001032
26064,LOF,0.021521948217850678,0.023631455680959052,0.9548465961011904
26065,LOF,0.025659881986202008,0.01176753113487234,0.9625725868789256
26066,LOF,0.020341809520473587,0.010881569083722198,0.9687766213958041
26067,LOF,0.02846249245478225,0.008753415841984195,0.9627840917032336
26068,LOF,0.044289651703334224,0.02581905992452285,0.929891288372143
26069,LOF,0.27182265156021096,0.016903833253345518,0.7112735151864434
26070,LOF,0.4084059397767311,0.015517270373928551,0.5760767898493403
26071,LOF,0.020659477564240993,0.011658339692609071,0.96768218274315
26072,LOF,0.018865567573681644,0.018099690669071345,0.9630347417572471
26073,LOF,0.019768179246309196,0.010654833648940995,0.9695769871047499
26074,Neutral,0.9132784186298112,0.005702891881209377,0.08101868948897936
26075,LOF,0.04489731221014501,0.012801151319988194,0.9423015364698668
26076,LOF,0.03941281916989424,0.009109426638248623,0.9514777541918572
26077,LOF,0.009652670865253472,0.015440600721083948,0.9749067284136625
26078,LOF,0.01399566523238958,0.010735681151994298,0.9752686536156162
26079,LOF,0.06019486031177747,0.01451277230265871,0.9252923673855638
26080,LOF,0.0594295980715439,0.014532882015466646,0.9260375199129893
26081,LOF,0.03744587272944325,0.006923837450051413,0.9556302898205052
26082,LOF,0.013598024983362128,0.0157209559393313,0.9706810190773065
26083,LOF,0.17388766609370873,0.01445031493350105,0.8116620189727902
26084,LOF,0.0382236398508457,0.011152966547441408,0.950623393601713
26085,LOF,0.034692975230761945,0.010676078896607204,0.9546309458726308
26086,LOF,0.020309430039614218,0.010569745060505441,0.9691208248998804
26087,LOF,0.024010962946236995,0.007863004237960347,0.9681260328158027
26088,LOF,0.01591137958255886,0.02237558574824318,0.961713034669198
26089,LOF,0.04164867662100266,0.01948294520989365,0.9388683781691036
26090,LOF,0.04127769693803842,0.016022017920992723,0.9427002851409689
26091,LOF,0.03356675684598751,0.006377479257139515,0.960055763896873
26092,LOF,0.022610573779208484,0.008305871489623487,0.9690835547311681
26093,LOF,0.03414685003772034,0.006234546230954324,0.9596186037313252
26094,LOF,0.03458261012111733,0.005991797686886286,0.9594255921919965
26095,LOF,0.040807994226594334,0.013458612759949487,0.9457333930134562
26096,LOF,0.016770689149230505,0.011099628123425296,0.9721296827273441
26097,LOF,0.011460162045883678,0.035103600499715254,0.9534362374544011
26098,LOF,0.07832439435890313,0.010141061936034269,0.9115345437050626
26099,LOF,0.02006256333431405,0.012032161468773506,0.9679052751969124
26100,LOF,0.022265915633537345,0.0116986657183701,0.9660354186480926
26101,LOF,0.04450697589296199,0.014665496863827685,0.9408275272432103
26102,LOF,0.0206937183396474,0.012244014123750759,0.9670622675366018
26103,Neutral,0.8871798294182537,0.018626414950610855,0.09419375563113544
26104,LOF,0.08066181989312438,0.021882230530421574,0.897455949576454
26105,LOF,0.18276847928248227,0.26265393912751644,0.5545775815900013
26106,LOF,0.1622161942008777,0.12430314768494774,0.7134806581141745
26107,LOF,0.23296715804458878,0.08643186212650912,0.680600979828902
26108,LOF,0.2091260550918671,0.09805660129409792,0.6928173436140349
26109,LOF,0.08814398587654293,0.05827508117512474,0.8535809329483323
26110,LOF,0.20959551270105362,0.007895572948656079,0.7825089143502904
26111,Neutral,0.5068258141912846,0.030923051775363763,0.46225113403335155
26112,LOF,0.03174066538881927,0.007707598678307398,0.9605517359328734
26113,LOF,0.05894672294071367,0.01815224563706765,0.9229010314222186
26114,LOF,0.02412741857966938,0.03100056294047121,0.9448720184798594
26115,LOF,0.0802929665814233,0.05606263368549736,0.8636443997330794
26116,LOF,0.06653744085685295,0.061377471570451654,0.8720850875726955
26117,LOF,0.43819681693664364,0.04134043173135404,0.5204627513320024
26118,LOF,0.03238417467156189,0.02422981044882388,0.9433860148796143
26119,LOF,0.023962295567931016,0.029860526536337417,0.9461771778957316
26120,LOF,0.02563763523150646,0.018646307086882672,0.9557160576816108
26121,LOF,0.0441532538458946,0.07465601582108526,0.8811907303330201
26122,LOF,0.04174682420162391,0.0315431528055889,0.9267100229927872
