feature0,prediction,LoGoFunc_Neutral,LoGoFunc_GOF,LoGoFunc_LOF
25546,Neutral,0.6239912652941951,0.06760415640194747,0.3084045783038574
25547,Neutral,0.5004060609817967,0.11904536821992366,0.38054857079827953
25548,Neutral,0.5034589487317124,0.09802255631987353,0.3985184949484141
25549,LOF,0.4428778430207653,0.10093876073659443,0.4561833962426402
25550,LOF,0.3743915459786851,0.12534228972453906,0.5002661642967757
25551,LOF,0.3218153306096902,0.13907605355914676,0.5391086158311631
25552,LOF,0.27908414094489403,0.14469576661975872,0.5762200924353473
25553,Neutral,0.7913735682834926,0.058079510420492024,0.15054692129601535
25554,LOF,0.3203483004719924,0.13464087882623435,0.5450108207017732
25555,LOF,0.2815369152614239,0.12046276533202536,0.5980003194065507
25556,Neutral,0.4495819269187795,0.11488528537745699,0.43553278770376347
25557,LOF,0.28040695499480023,0.12818361903860576,0.591409425966594
25558,LOF,0.32550747196702545,0.12571327038466953,0.548779257648305
25559,LOF,0.22562272721327145,0.09843521728625179,0.6759420555004768
25560,LOF,0.13572654701095935,0.1340451044446287,0.7302283485444119
25561,LOF,0.1323664065449751,0.1761394973560353,0.6914940960989895
25562,LOF,0.04775609002550338,0.10086693618254083,0.8513769737919558
25563,LOF,0.014770139412397205,0.16567499035567518,0.8195548702319275
25564,LOF,0.12593367212019527,0.12402139268080835,0.7500449351989964
25565,LOF,0.19721217284684825,0.13069757180941166,0.6720902553437401
25566,GOF,0.06537023229340305,0.6923991349018765,0.24223063280472035
25567,LOF,0.0377828879148129,0.17028631107935496,0.7919308010058322
25568,LOF,0.05955811305408872,0.08756276713514541,0.8528791198107658
25569,LOF,0.05916807400403591,0.08115378945294696,0.8596781365430171
25570,LOF,0.03085689627784494,0.11899109073082764,0.8501520129913274
25571,LOF,0.03028436354896307,0.12955055955094957,0.8401650769000873
25572,LOF,0.071045872624552,0.14791601199257523,0.7810381153828727
25573,LOF,0.05759141274127418,0.11413002667491078,0.8282785605838151
25574,LOF,0.059525624534369916,0.229706295976537,0.710768079489093
25575,LOF,0.025636803172872966,0.13126083973610592,0.8431023570910211
25576,LOF,0.0275948304609954,0.18253671683758155,0.7898684527014229
25577,LOF,0.03147994325082576,0.13326069278211597,0.8352593639670584
25578,LOF,0.2854122897451127,0.10855401035351049,0.6060336999013768
25579,LOF,0.18813755139215288,0.10486460389585113,0.706997844711996
25580,LOF,0.021350845129759058,0.08935822043951161,0.8892909344307295
25581,LOF,0.05066987059236436,0.08586551512208661,0.8634646142855489
25582,LOF,0.05034855239554035,0.08301822075021494,0.8666332268542447
25583,LOF,0.024777946888258705,0.10648776988055537,0.8687342832311858
25584,Neutral,0.686538206753635,0.16394831262675508,0.14951348061960992
25585,LOF,0.02088811501566172,0.1787675650794192,0.8003443199049192
25586,LOF,0.017915726881871808,0.09454339033631849,0.8875408827818098
25587,LOF,0.017791241863830062,0.0852003425984088,0.8970084155377612
25588,LOF,0.021331962665331286,0.09416948953194118,0.8844985478027276
25589,Neutral,0.5305492545954823,0.24777013302668824,0.2216806123778295
25590,LOF,0.0494361766493365,0.14157355020061652,0.808990273150047
25591,LOF,0.09121415179045494,0.07327219766280677,0.8355136505467382
25592,LOF,0.0626893209109235,0.17348946094079473,0.7638212181482819
25593,LOF,0.11618206518821064,0.31280901952117846,0.5710089152906108
25594,LOF,0.04600601797398073,0.07423579480897582,0.8797581872170435
25595,LOF,0.04646655545489808,0.04974784636565888,0.9037855981794432
25596,LOF,0.11523153193745199,0.02609234200340592,0.8586761260591421
25597,LOF,0.0878550907423832,0.03140903545440199,0.8807358738032148
25598,LOF,0.04482517478374057,0.057322481734243036,0.8978523434820164
25599,LOF,0.02503464801874973,0.4330578582253419,0.5419074937559084
25600,GOF,0.20472913292723546,0.4253530389401957,0.36991782813256885
25601,LOF,0.047230543035802444,0.3311516098798966,0.621617847084301
25602,LOF,0.030878236627391,0.07296349897773054,0.8961582643948784
25603,LOF,0.03864743391844204,0.04392184305125326,0.9174307230303047
25604,LOF,0.04117757241916393,0.08438361792348374,0.8744388096573523
25605,LOF,0.03512043961408837,0.1752625442060288,0.7896170161798828
25606,Neutral,0.4482619286962143,0.12701742365182983,0.4247206476519558
25607,LOF,0.031724160161458285,0.189093115872037,0.7791827239665047
25608,LOF,0.034854436299828956,0.11161365792370392,0.8535319057764671
25609,GOF,0.11330943311572048,0.501262653803874,0.3854279130804055
25610,LOF,0.01623291850130952,0.04971697389880957,0.9340501075998809
25611,LOF,0.013481320942484372,0.05955313899205203,0.9269655400654636
25612,LOF,0.04376005257333813,0.06114203073725664,0.8950979166894052
25613,LOF,0.04497962510468331,0.05938055053208387,0.8956398243632329
25614,LOF,0.024248530953654514,0.04694527448401249,0.928806194562333
25615,LOF,0.04332942014683529,0.06581749384531495,0.8908530860078496
25616,LOF,0.05343498497634293,0.05017467851480971,0.8963903365088474
25617,LOF,0.04118627540715526,0.06133026888667787,0.8974834557061667
25618,LOF,0.04776303200595654,0.07590331258373433,0.876333655410309
25619,LOF,0.013330825510971884,0.059650719605691654,0.9270184548833365
25620,LOF,0.06115736930166549,0.06588327001467312,0.8729593606836614
25621,LOF,0.06175925807752562,0.055033942912370154,0.8832067990101042
25622,LOF,0.06689508988551003,0.06291189940734544,0.8701930107071446
25623,LOF,0.07064262473602463,0.0429749737690648,0.8863824014949105
25624,LOF,0.019813402602851093,0.04873983629395118,0.9314467611031977
25625,LOF,0.06144419814433989,0.05791153765735341,0.8806442641983068
25626,LOF,0.04596897711291936,0.05921968318506065,0.89481133970202
25627,Neutral,0.8874206454862122,0.021576437346921322,0.09100291716686644
25628,LOF,0.14412197637353416,0.05790783036223493,0.7979701932642309
25629,LOF,0.0629099134853779,0.03667643963694921,0.9004136468776729
25630,LOF,0.25068231481113395,0.0613809500228989,0.6879367351659672
25631,Neutral,0.5383039659273343,0.05910448565411556,0.4025915484185501
25632,LOF,0.024476826839223895,0.06356039914014598,0.9119627740206302
25633,LOF,0.20339934335956594,0.0401811241995524,0.7564195324408817
25634,LOF,0.03833108155654509,0.08529734985592265,0.8763715685875323
25635,LOF,0.03635423937245508,0.039415227953004305,0.9242305326745407
25636,LOF,0.03874500690630836,0.4492604003951817,0.5119945926985099
25637,GOF,0.06363184761001173,0.48604136067747844,0.45032679171250994
25638,LOF,0.02806450223289753,0.4005627267710815,0.5713727709960209
25639,LOF,0.030354557820781152,0.43774797668020043,0.5318974654990185
25640,Neutral,0.8448426586334856,0.10240634625872501,0.05275099510778933
25641,LOF,0.08760326293268987,0.4183279287543798,0.4940688083129304
25642,LOF,0.06441749794380114,0.17783492469100431,0.7577475773651945
25643,LOF,0.23559713469069368,0.14948001564013672,0.6149228496691695
25644,GOF,0.01275395610272413,0.5073409388384821,0.4799051050587939
25645,GOF,0.0171061372314241,0.5020873263135534,0.4808065364550224
25646,LOF,0.03873990649587473,0.31605287973394613,0.6452072137701791
25647,LOF,0.0160639078560117,0.24146856251328272,0.7424675296307056
25648,LOF,0.019409126695753554,0.2871558194225404,0.6934350538817059
25649,LOF,0.012313489775391701,0.22249550836567142,0.7651910018589368
25650,LOF,0.03381891167223683,0.46433898941727825,0.5018420989104849
25651,LOF,0.012473110437958703,0.2856270576147827,0.7018998319472587
25652,LOF,0.021291794277034277,0.2744244690287665,0.7042837366941993
25653,LOF,0.05512099090702514,0.47190703132928224,0.47297197776369265
25654,LOF,0.01303100833231,0.21957245411398435,0.7673965375537056
25655,GOF,0.17773012385389286,0.45507713220517,0.3671927439409372
25656,LOF,0.3137584357754314,0.15620671781491546,0.5300348464096531
25657,LOF,0.052415481077487724,0.12704455349056132,0.820539965431951
25658,LOF,0.2898289043308736,0.1359473693736741,0.5742237262954523
25659,Neutral,0.4357284831859268,0.1442625770954929,0.42000893971858033
25660,LOF,0.024297302005009083,0.10695172694273158,0.8687509710522594
25661,LOF,0.10215318273998664,0.05831693917244158,0.8395298780875718
25662,LOF,0.03723161110521834,0.03305921056608556,0.9297091783286962
25663,LOF,0.04521069003668083,0.04495200514522997,0.9098373048180892
25664,LOF,0.13888363295601816,0.07053610854077892,0.7905802585032029
25665,LOF,0.06722161762880974,0.02887816720296793,0.9039002151682224
25666,LOF,0.10315831231490255,0.06570520170614128,0.8311364859789562
25667,LOF,0.07847744807134215,0.04771684706300601,0.8738057048656518
25668,LOF,0.03881494887371069,0.05298233265534959,0.9082027184709397
25669,LOF,0.033373548181937274,0.05042038185207466,0.9162060699659882
25670,LOF,0.15420348694878847,0.06140138045848464,0.784395132592727
25671,LOF,0.12538554576620328,0.03763638193506389,0.8369780722987329
25672,LOF,0.054966819659422114,0.04111790213097637,0.9039152782096014
25673,LOF,0.09002881423220736,0.04875624317880098,0.8612149425889917
25674,LOF,0.07587689604721738,0.06097509574816871,0.8631480082046139
25675,LOF,0.11106241861483047,0.07155618327520215,0.8173813981099673
25676,LOF,0.019688596326113538,0.05544946556821876,0.9248619381056676
25677,LOF,0.02542724414068386,0.06966995161918199,0.9049028042401341
25678,LOF,0.220970594572286,0.07667321760908148,0.7023561878186325
25679,LOF,0.13113941516431274,0.07844437577497809,0.7904162090607092
25680,LOF,0.03550687888632884,0.11892112516812535,0.8455719959455458
25681,LOF,0.05290837831561073,0.10859232466857258,0.8384992970158166
25682,LOF,0.15062802794254315,0.08145851305423327,0.7679134590032235
25683,LOF,0.1261876116912153,0.08074619242715131,0.7930661958816334
25684,LOF,0.04264393486577685,0.06997414297216918,0.8873819221620539
25685,LOF,0.13130379254543653,0.07565856969353142,0.793037637761032
25686,LOF,0.08335569889731359,0.0994129487785042,0.8172313523241823
25687,LOF,0.12737995860136173,0.10793099795706468,0.7646890434415735
25688,LOF,0.4235998316327636,0.04519656223263582,0.5312036061346006
25689,LOF,0.2815576173141779,0.04697294506032344,0.6714694376254987
25690,LOF,0.3362995376932449,0.031818093779783646,0.6318823685269715
25691,Neutral,0.6988806977118118,0.028796733565536466,0.27232256872265154
25692,LOF,0.36672606440524086,0.012842787882825717,0.6204311477119335
25693,LOF,0.0399194713905431,0.4087722493099671,0.5513082792994898
25694,LOF,0.12357142532571518,0.024053923301941896,0.852374651372343
25695,LOF,0.1223658308951498,0.01918126264601248,0.8584529064588378
25696,LOF,0.1260189132042296,0.012728045705897102,0.8612530410898733
25697,LOF,0.08352114767056548,0.0666887882970021,0.8497900640324324
25698,LOF,0.35314780975479,0.16739413557990868,0.4794580546653013
25699,Neutral,0.506245921255918,0.030389526255358696,0.4633645524887233
25700,LOF,0.08858022100443398,0.00902876770568524,0.9023910112898808
25701,LOF,0.1921361402043997,0.041286829503842624,0.7665770302917576
25702,GOF,0.15789099125675202,0.6293070005267043,0.21280200821654374
25703,LOF,0.015949537583165682,0.13566258529464503,0.8483878771221893
25704,LOF,0.0384662474969877,0.12034785755477911,0.8411858949482331
25705,LOF,0.04885678075600419,0.14653020379355639,0.8046130154504394
25706,LOF,0.12937590027373846,0.4071208128260248,0.46350328690023684
25707,LOF,0.09222790898770547,0.3519906368811212,0.5557814541311734
25708,LOF,0.042394289398012326,0.3043399857698638,0.6532657248321239
25709,LOF,0.07124111858422179,0.04475469267130312,0.8840041887444751
25710,LOF,0.012830367609210677,0.13188035873858622,0.8552892736522031
25711,LOF,0.023511899104933873,0.08870514451518141,0.8877829563798847
25712,LOF,0.01596782900753894,0.18159280298942151,0.8024393680030396
25713,LOF,0.02172469912909618,0.09100649062046064,0.8872688102504431
25714,LOF,0.08415530342498909,0.06839813778259404,0.8474465587924169
25715,LOF,0.012730986540204459,0.12823214369764255,0.859036869762153
25716,LOF,0.01160257778790635,0.1095831658292571,0.8788142563828366
25717,LOF,0.016870140559547667,0.0705907657578248,0.9125390936826275
25718,LOF,0.012507023661620395,0.08048110708552111,0.9070118692528584
25719,LOF,0.02336996747922263,0.07358637904875973,0.9030436534720176
25720,LOF,0.02763069574320808,0.06836998985656369,0.9039993144002283
25721,LOF,0.014472202217091761,0.11853125325999517,0.866996544522913
25722,LOF,0.015076094540465153,0.10779491488222162,0.8771289905773133
25723,LOF,0.026993916254594397,0.045788818995500115,0.9272172647499055
25724,LOF,0.03206209465959757,0.07848157040021013,0.8894563349401924
25725,LOF,0.012918259337817687,0.07374979822551916,0.913331942436663
25726,LOF,0.016463468584358414,0.10740041648479268,0.8761361149308489
25727,LOF,0.013547679276042036,0.07984166129075329,0.9066106594332046
25728,LOF,0.011128126747424421,0.09969091771105253,0.889180955541523
25729,LOF,0.011607938395710157,0.094379999864261,0.8940120617400288
25730,LOF,0.01510094752044903,0.09185227725352985,0.8930467752260212
25731,LOF,0.021890599388018683,0.09434142546093953,0.8837679751510418
25732,LOF,0.014605137027373403,0.07531003323349551,0.9100848297391311
25733,LOF,0.018062829984466854,0.06530232616026989,0.9166348438552633
25734,LOF,0.011699550323875726,0.1088786052661648,0.8794218444099594
25735,LOF,0.013182660092578865,0.08044159885602713,0.9063757410513941
25736,LOF,0.014103462117758472,0.09731616708730446,0.8885803707949371
25737,LOF,0.012746102745529573,0.0857765456138951,0.9014773516405754
25738,LOF,0.012723138834335212,0.10682590016419442,0.8804509610014702
25739,LOF,0.022897308586787332,0.072040213121548,0.9050624782916648
25740,LOF,0.03090874749619299,0.10845770888031987,0.8606335436234872
25741,LOF,0.01799199928197961,0.10156375679309745,0.880444243924923
25742,LOF,0.1263235856878388,0.07009295812461895,0.8035834561875422
25743,LOF,0.03569512495432115,0.05872021261979782,0.905584662425881
25744,Neutral,0.5886742342228789,0.23357887603664382,0.17774688974047728
25745,LOF,0.059483515066167565,0.0824446328064107,0.8580718521274217
25746,LOF,0.03752950395244113,0.11275975892225425,0.8497107371253046
25747,LOF,0.02044981723953482,0.07553829244670751,0.9040118903137576
25748,LOF,0.11637516952866914,0.1138600569091612,0.7697647735621697
25749,LOF,0.02494797186630634,0.09961799810824427,0.8754340300254493
25750,LOF,0.06542559583355083,0.11270994589386127,0.8218644582725879
25751,LOF,0.09028626017442863,0.11246611915269407,0.7972476206728772
25752,GOF,0.11194138886196707,0.6443297066304178,0.2437289045076152
25753,LOF,0.023977081073883397,0.27977808593625736,0.6962448329898593
25754,GOF,0.01491682528266221,0.8020601513512857,0.18302302336605195
25755,LOF,0.024356006479347478,0.3811019571767367,0.5945420363439159
25756,LOF,0.04731558389376238,0.35384243961727757,0.5988419764889601
25757,GOF,0.020961998350629323,0.8465592348354872,0.13247876681388357
25758,GOF,0.035556321875891944,0.7851108277075004,0.1793328504166076
25759,GOF,0.011397443556849303,0.6016957895660648,0.3869067668770859
25760,LOF,0.01589744418377773,0.2673719078754553,0.7167306479407669
25761,GOF,0.28542795530983195,0.6331141879569915,0.08145785673317665
25762,LOF,0.04729233591768801,0.2555685540296476,0.6971391100526644
25763,LOF,0.01591282327847202,0.2025554520146038,0.7815317247069242
25764,GOF,0.08937305061474192,0.6265322364317011,0.28409471295355687
25765,GOF,0.04089966356545927,0.7384365781176767,0.22066375831686402
25766,GOF,0.06844327078494464,0.7744715450525579,0.15708518416249762
25767,GOF,0.15356402299839247,0.5608208375798133,0.28561513942179423
25768,LOF,0.10108025548248135,0.06441631264699288,0.8345034318705258
25769,LOF,0.05071902015439497,0.08252818628731749,0.8667527935582875
25770,LOF,0.3133567212828196,0.12393162391576282,0.5627116548014175
25771,LOF,0.047945221692987684,0.06087131074957511,0.8911834675574372
25772,LOF,0.01803523934689776,0.06022504950634739,0.9217397111467548
25773,LOF,0.05036927954894458,0.10284657794336066,0.8467841425076947
25774,LOF,0.025302969834090715,0.10586162690124534,0.8688354032646639
25775,LOF,0.05347846006554477,0.056352436039378694,0.8901691038950765
25776,LOF,0.06978570283964546,0.03753645400051666,0.892677843159838
25777,LOF,0.3697187364166214,0.08756853147583564,0.542712732107543
25778,LOF,0.06848116059270443,0.05897896317280412,0.8725398762344915
25779,GOF,0.39039790984964184,0.5635695212745068,0.046032568875851367
25780,GOF,0.31795311481550476,0.5976566146412977,0.08439027054319748
25781,GOF,0.14003434974971424,0.74828240801549,0.11168324223479591
25782,GOF,0.2281102961040788,0.6844974623936284,0.08739224150229281
25783,GOF,0.02418039634866884,0.6216792413340942,0.35414036231723683
25784,Neutral,0.5356488872526217,0.42129777193690765,0.04305334081047062
25785,Neutral,0.5218872138370515,0.43538779691896395,0.04272498924398462
25786,GOF,0.03285410139397024,0.7301621175472203,0.23698378105880955
25787,Neutral,0.6868383519158098,0.2856303688773864,0.027531279206803805
25788,LOF,0.0596436921746994,0.08318791401358479,0.8571683938117157
25789,GOF,0.2510981999657889,0.612598621290897,0.1363031787433141
25790,GOF,0.2648301543191443,0.6409207727438377,0.09424907293701797
25791,GOF,0.1548243984010779,0.6787755472615059,0.16640005433741625
25792,GOF,0.36831908657629375,0.5043422644135497,0.12733864901015648
25793,GOF,0.30137826876197327,0.47774861641994054,0.22087311481808633
25794,GOF,0.3070924696161939,0.5091344356748012,0.1837730947090048
25795,GOF,0.07946796510317301,0.6580706001290497,0.26246143476777717
25796,Neutral,0.529384896252211,0.38395919079961893,0.08665591294817003
25797,GOF,0.09150207949417845,0.5538382367040685,0.35465968380175317
25798,GOF,0.009075697230137183,0.5354487637188593,0.4554755390510034
25799,LOF,0.0076647354024916205,0.4439633541189144,0.5483719104785941
25800,GOF,0.03651737243357302,0.6090855427060997,0.3543970848603273
25801,GOF,0.258946699680208,0.6349353102068879,0.10611799011290408
25802,GOF,0.07652008033919451,0.6864921558882027,0.23698776377260267
25803,GOF,0.0379780080469815,0.5735061444381016,0.38851584751491686
25804,GOF,0.03921072248560996,0.5145681865687218,0.44622109094566814
25805,GOF,0.12458977423590877,0.5819916039851285,0.2934186217789629
25806,GOF,0.128898572466255,0.5707728450116875,0.3003285825220574
25807,GOF,0.022355687688110616,0.6196328740685684,0.35801143824332116
25808,GOF,0.11147914446999665,0.5921969904918754,0.29632386503812813
25809,GOF,0.021469821705971177,0.6122716448082056,0.36625853348582327
25810,GOF,0.020276848520754665,0.612917504519858,0.36680564695938733
25811,Neutral,0.46516851692408334,0.4597420752862561,0.07508940778966042
25812,GOF,0.041646195713454244,0.6201288826276832,0.3382249216588625
25813,Neutral,0.5758793548145108,0.31742195689297464,0.1066986882925145
25814,GOF,0.16221110928361868,0.6261773235541026,0.2116115671622787
25815,GOF,0.2270687051245681,0.5681771218571329,0.20475417301829912
25816,GOF,0.024262274527519292,0.6817841420602844,0.2939535834121964
25817,GOF,0.2609890642317417,0.5990966329614071,0.13991430280685105
25818,GOF,0.05899723651354107,0.5651665992189262,0.37583616426753275
25819,GOF,0.3747237313587436,0.4762958746067481,0.14898039403450825
25820,GOF,0.20800154763084244,0.5823750952131355,0.2096233571560222
25821,GOF,0.05762547265111061,0.6457390920028315,0.29663543534605785
25822,GOF,0.23901141072505608,0.530485219391029,0.23050336988391493
25823,GOF,0.03408615129852808,0.50969267463294,0.45622117406853196
25824,GOF,0.07928268536856792,0.5231591360576134,0.39755817857381864
25825,GOF,0.030778306176581442,0.5318569269263744,0.4373647668970441
25826,GOF,0.011250370104553027,0.5156309893951903,0.47311864050025676
25827,GOF,0.022689950906316873,0.5782768024925137,0.39903324660116957
25828,LOF,0.01372621232711748,0.4817814038333566,0.5044923838395259
25829,GOF,0.006417812930611829,0.5281465680000568,0.46543561906933145
25830,LOF,0.03884674485814765,0.2783447553978168,0.6828084997440355
25831,GOF,0.192510239406177,0.6521084137559165,0.15538134683790641
25832,GOF,0.030507799497428066,0.6554606157630436,0.31403158473952825
25833,GOF,0.12753761912715594,0.6667973828962133,0.20566499797663076
25834,GOF,0.03401585658888083,0.6538007539907532,0.31218338942036594
25835,GOF,0.08173031743010731,0.674839356868849,0.24343032570104362
25836,GOF,0.0416115934683647,0.6304993318802418,0.32788907465139366
25837,GOF,0.022094782955586825,0.5444027178425115,0.4335024992019017
25838,GOF,0.07444641844814466,0.7230890777946934,0.2024645037571618
25839,GOF,0.288935580042886,0.5557407549955528,0.15532366496156128
25840,GOF,0.23543491425710525,0.5648353822186228,0.1997297035242719
25841,GOF,0.23517620888863458,0.5749446996379933,0.18987909147337212
25842,GOF,0.20150661494557168,0.6382229366795508,0.16027044837487758
25843,GOF,0.22803129434144315,0.6444133287773229,0.12755537688123406
25844,GOF,0.06247129403316815,0.6511440255257847,0.28638468044104726
25845,GOF,0.013842197263819371,0.5003984432617548,0.48575935947442583
25846,GOF,0.12244373418401343,0.6601688114135789,0.2173874544024078
25847,GOF,0.12196776891479147,0.7342807345866998,0.14375149649850877
25848,GOF,0.03751090227127748,0.6588464482158943,0.30364264951282816
25849,GOF,0.010624650920928246,0.5628126304170359,0.4265627186620359
25850,GOF,0.02057419131779312,0.6261196240972629,0.353306184584944
25851,GOF,0.015931363085458998,0.5324565462808206,0.45161209063372043
25852,GOF,0.17033369974716836,0.5499656254742724,0.27970067477855914
25853,GOF,0.35284195809429214,0.5675106503881849,0.07964739151752295
25854,GOF,0.02003268207012659,0.6094547257925872,0.3705125921372862
25855,GOF,0.035490115304014996,0.5585090869598999,0.4060007977360852
25856,GOF,0.22156182478191702,0.5261864827959881,0.2522516924220949
25857,GOF,0.03509442265279075,0.49020234179591665,0.4747032355512925
25858,GOF,0.018028530956559152,0.5418209680211751,0.44015050102226566
25859,GOF,0.011117725052497014,0.5198959641255534,0.4689863108219496
25860,GOF,0.385735372942371,0.5243702186436247,0.0898944084140043
25861,GOF,0.4028103423450049,0.5208275386958109,0.07636211895918422
25862,GOF,0.10630681040978392,0.7726932522151674,0.1209999373750486
25863,GOF,0.11160312866125688,0.7644762828386749,0.12392058850006825
25864,GOF,0.24227288179547257,0.6861210457381106,0.07160607246641681
25865,GOF,0.09310022993463292,0.783536079566094,0.12336369049927305
25866,GOF,0.0707794700012776,0.7945931878463894,0.1346273421523329
25867,GOF,0.09625774059855513,0.8068238380841988,0.09691842131724604
25868,GOF,0.28847684590327144,0.6093317544959421,0.10219139960078646
25869,Neutral,0.7047153011047917,0.25461454211469453,0.040670156780513694
25870,LOF,0.32504450832272,0.24354474330486667,0.4314107483724132
25871,GOF,0.23102724564418484,0.6085030580907707,0.16046969626504454
25872,GOF,0.09887791175148027,0.6276851052115424,0.27343698303697733
25873,GOF,0.1662377478274181,0.6204426848768917,0.21331956729569015
25874,LOF,0.0194782152073272,0.10781652269315235,0.8727052620995204
25875,LOF,0.10779377235947103,0.03337325639991492,0.8588329712406141
25876,LOF,0.036061806590056956,0.04012932090501002,0.923808872504933
25877,Neutral,0.5356349384079677,0.038076604606179815,0.42628845698585244
25878,LOF,0.23575213656516242,0.06608882906970251,0.6981590343651352
25879,LOF,0.09183832175456998,0.06278653204239774,0.8453751462030322
25880,LOF,0.02350652931355507,0.01965703450476534,0.9568364361816796
25881,LOF,0.19875613747370618,0.0961690649817908,0.705074797544503
25882,LOF,0.07725298609319212,0.014739096235274437,0.9080079176715334
25883,LOF,0.08467890693069868,0.01800719190746538,0.8973139011618358
25884,LOF,0.04168906320342897,0.02988899287997314,0.9284219439165978
25885,LOF,0.07798913180527978,0.009720480980621952,0.9122903872140983
25886,LOF,0.3250832578606971,0.03002628220635955,0.6448904599329435
25887,LOF,0.1819921200317318,0.05549573018164703,0.7625121497866212
25888,LOF,0.07464068216384637,0.05257570914781204,0.8727836086883417
25889,LOF,0.05128396973373499,0.021584884801609944,0.927131145464655
25890,LOF,0.050288464040901246,0.11135758971349144,0.8383539462456073
25891,LOF,0.04022046382184464,0.056834576904786036,0.9029449592733694
25892,LOF,0.09719940594202768,0.01827522380014903,0.8845253702578233
25893,LOF,0.28141076371243645,0.013812218398656104,0.7047770178889073
25894,LOF,0.1855877403179438,0.007792199733892271,0.806620059948164
25895,LOF,0.19875660554977756,0.01729913819646155,0.783944256253761
25896,LOF,0.05541931665013121,0.016411034695601578,0.9281696486542673
25897,LOF,0.261165773845486,0.010833198256174126,0.7280010278983398
25898,Neutral,0.7217653869745628,0.007990441619394478,0.2702441714060428
25899,LOF,0.2564068590756219,0.019706086554774134,0.723887054369604
25900,LOF,0.45953710425293504,0.012935267928883878,0.5275276278181811
25901,LOF,0.06292843945939891,0.009113545483833172,0.9279580150567679
25902,LOF,0.20586847674519707,0.009327377542250381,0.7848041457125525
25903,Neutral,0.5132670948102044,0.025433374198408402,0.46129953099138715
25904,LOF,0.30899653449771797,0.03317163431600774,0.6578318311862743
25905,LOF,0.02571088088826443,0.29471304031004397,0.6795760788016915
25906,LOF,0.022592697402349142,0.06434826748624417,0.9130590351114067
25907,LOF,0.01564123373358162,0.3069858144411846,0.6773729518252337
25908,LOF,0.010471047398546483,0.21652278722159032,0.7730061653798632
25909,LOF,0.013760753248645142,0.12702558996238533,0.8592136567889694
25910,LOF,0.051873284624747266,0.12185310934023187,0.8262736060350209
25911,LOF,0.13788901625522576,0.04657656002036251,0.8155344237244117
25912,LOF,0.03967017877212504,0.06475212300423447,0.8955776982236405
25913,LOF,0.30858289849651177,0.03302905515230702,0.6583880463511812
25914,LOF,0.0214015343785,0.11956490984501313,0.8590335557764868
25915,Neutral,0.4122641654108807,0.3565642902450965,0.23117154434402276
25916,LOF,0.052512814658429816,0.3694338218422103,0.5780533634993599
25917,LOF,0.055209428840650596,0.06799437666623423,0.8767961944931152
25918,LOF,0.03018610064168551,0.06714051020098193,0.9026733891573326
25919,LOF,0.024496806008809414,0.07032215182555956,0.905181042165631
25920,GOF,0.08667456851994555,0.521860961588502,0.3914644698915525
25921,LOF,0.028733446371285335,0.01971244084709333,0.9515541127816214
25922,LOF,0.038447356272460244,0.013700303492336356,0.9478523402352034
25923,LOF,0.4333891024105843,0.01490485913967629,0.5517060384497395
25924,LOF,0.04356547575728883,0.02820690706891029,0.9282276171738009
25925,LOF,0.07635015285835972,0.02014767237470483,0.9035021747669355
25926,LOF,0.05044731193311066,0.016136048795495198,0.9334166392713942
25927,LOF,0.08171108645648112,0.06291286685696523,0.8553760466865536
25928,LOF,0.022860355563552922,0.02806898467905316,0.9490706597573939
25929,Neutral,0.5611711390687165,0.016512309762327766,0.4223165511689559
25930,LOF,0.06707657798528573,0.013808578995538794,0.9191148430191755
25931,LOF,0.03164074592582348,0.01669347896769273,0.9516657751064836
25932,LOF,0.031264235192822024,0.014914178510559194,0.9538215862966188
25933,LOF,0.0439915623695731,0.010130005492027416,0.9458784321383996
25934,LOF,0.028421106399793537,0.011979134905994705,0.9595997586942119
25935,LOF,0.06494678721833395,0.024764945334960032,0.910288267446706
25936,LOF,0.054062616933935645,0.01423353603664252,0.9317038470294219
25937,LOF,0.02909174056451673,0.022978916529711367,0.9479293429057719
25938,LOF,0.06565867887778074,0.027282971715058765,0.9070583494071606
25939,LOF,0.04415849479927837,0.01007253559146994,0.9457689696092517
25940,LOF,0.028659736923480256,0.3374068461412902,0.6339334169352295
25941,LOF,0.17359470863831306,0.08619757834423497,0.7402077130174519
25942,LOF,0.016495313685012242,0.037017128296551356,0.9464875580184364
25943,LOF,0.28379239046039234,0.06303106147790156,0.6531765480617062
25944,Neutral,0.4892908258663558,0.03339926602180278,0.4773099081118413
25945,LOF,0.07416922883031905,0.022510423627854523,0.9033203475418263
25946,LOF,0.0310359361264882,0.09718053395529407,0.8717835299182176
25947,LOF,0.10953632673571857,0.20864616051320847,0.6818175127510728
25948,LOF,0.42144659125375006,0.012903200202817015,0.565650208543433
25949,LOF,0.10240236105894285,0.05790586495658857,0.8396917739844686
25950,GOF,0.30154715661643594,0.4407668586856369,0.25768598469792725
25951,LOF,0.24399093709716996,0.23462970360528476,0.5213793592975452
25952,LOF,0.047161024815525664,0.4646551102325288,0.4881838649519455
25953,LOF,0.13992629849100008,0.13035678984528734,0.7297169116637126
25954,Neutral,0.4214266018043718,0.22590189937516195,0.35267149882046617
25955,LOF,0.06052882713341956,0.090899964643832,0.8485712082227483
25956,LOF,0.17897088716709875,0.08740705242959783,0.7336220604033035
25957,LOF,0.040176616531206924,0.03498722910231949,0.9248361543664736
25958,LOF,0.062188177755210926,0.025897834333612618,0.9119139879111764
25959,LOF,0.0662709512098234,0.33892118374264574,0.5948078650475307
25960,LOF,0.02004609665640168,0.049461345024960586,0.9304925583186378
25961,LOF,0.05214226999796132,0.029662445949668933,0.9181952840523698
25962,LOF,0.057330234240825645,0.03332363531602418,0.9093461304431502
25963,LOF,0.0486063263722076,0.18457971952827854,0.7668139540995139
25964,LOF,0.03717876667528272,0.1478629519547714,0.814958281369946
25965,LOF,0.40156705046435176,0.08480166367519282,0.5136312858604555
25966,LOF,0.40587733846928475,0.15688736416261292,0.4372352973681023
25967,LOF,0.012176826776028783,0.08046171430327008,0.9073614589207011
25968,LOF,0.0338473676641938,0.4706489803806898,0.49550365195511625
25969,LOF,0.025289069211141258,0.05970635010609783,0.9150045806827608
25970,LOF,0.05376693104111922,0.06260150857991907,0.8836315603789617
25971,LOF,0.08092699107391753,0.015408667473175125,0.9036643414529073
25972,LOF,0.08096440635577849,0.022287675131352647,0.8967479185128688
25973,LOF,0.0989543701925203,0.005845238336814971,0.8952003914706648
25974,LOF,0.2129009604997948,0.013676899545992865,0.7734221399542124
25975,LOF,0.060707255462744976,0.020035848783622533,0.9192568957536325
25976,LOF,0.0519688594621672,0.0111298281150041,0.9369013124228286
25977,LOF,0.1664027642578185,0.08256199367150761,0.7510352420706737
25978,LOF,0.14455375215702887,0.04712178826053696,0.808324459582434
25979,LOF,0.14044504721957496,0.04973706502094765,0.8098178877594774
25980,LOF,0.19801369173248426,0.058772649967283326,0.7432136583002323
25981,LOF,0.23414929474527202,0.0568732007190102,0.7089775045357177
25982,LOF,0.40434391775103184,0.04784470501178696,0.5478113772371811
25983,LOF,0.40653052721436767,0.048529604964044216,0.5449398678215881
25984,LOF,0.055294427038176316,0.05658866817582718,0.8881169047859965
25985,LOF,0.026852641099834304,0.24339487292238637,0.7297524859777793
25986,LOF,0.03720865589773677,0.2510505820332672,0.711740762068996
25987,LOF,0.07817408786397491,0.0771170983602552,0.8447088137757698
25988,LOF,0.14092721774463235,0.06938144678973032,0.7896913354656373
25989,LOF,0.03070838561976314,0.1170545818324074,0.8522370325478295
25990,LOF,0.03848493103614262,0.149074067393744,0.8124410015701135
25991,LOF,0.2267081464790314,0.2711251105205365,0.5021667430004321
25992,LOF,0.369235532666272,0.17796469927039513,0.45279976806333283
25993,LOF,0.02356199450996011,0.09009412430220808,0.8863438811878318
25994,LOF,0.016649744166991998,0.12428430761016701,0.859065948222841
25995,LOF,0.02591991016981782,0.21116628959232234,0.7629138002378598
25996,GOF,0.2870313440503443,0.5051019536052396,0.20786670234441607
25997,GOF,0.11445236645127428,0.49765570284045557,0.38789193070827
25998,Neutral,0.5338882908453126,0.020448828670096588,0.44566288048459085
25999,LOF,0.13862616269820888,0.1040823622881173,0.7572914750136739
26000,LOF,0.1642684911077292,0.031302451597243056,0.8044290572950278
26001,LOF,0.1825664592750044,0.033256874417820374,0.7841766663071752
26002,LOF,0.14073982356002085,0.030218606187480738,0.8290415702524984
26003,GOF,0.012046914942902175,0.5590439597299538,0.4289091253271441
26004,GOF,0.03067679193936155,0.6131217193877485,0.35620148867288987
26005,LOF,0.009858556971955037,0.43774268471354677,0.5523987583144981
26006,Neutral,0.5191541165449772,0.24454713776329465,0.23629874569172807
26007,LOF,0.022182125353164002,0.4877447114713759,0.4900731631754601
26008,GOF,0.0227410449137036,0.5273814280645486,0.4498775270217479
26009,GOF,0.028272224080743872,0.5412170761226478,0.4305106997966083
26010,GOF,0.02945195935145723,0.5717728096783407,0.3987752309702021
26011,LOF,0.00830904582914032,0.41696508930715276,0.574725864863707
26012,GOF,0.018638004494802927,0.5125366498189375,0.4688253456862596
26013,GOF,0.022290056575402832,0.5679572917970291,0.409752651627568
26014,LOF,0.04366818663876444,0.1245241913928933,0.8318076219683422
26015,LOF,0.2282297850015938,0.014007711894641126,0.757762503103765
26016,LOF,0.24836764366850045,0.05883229250782763,0.6928000638236719
26017,LOF,0.23541318025337885,0.08929788187500844,0.6752889378716127
26018,LOF,0.10701093275173083,0.05882717583796139,0.8341618914103077
26019,LOF,0.10203729147868172,0.04202680208062728,0.8559359064406911
26020,LOF,0.06542906246882348,0.11787356494515118,0.8166973725860254
26021,LOF,0.049660741432086715,0.14489260295826628,0.805446655609647
26022,LOF,0.011870019026080604,0.055793212640998804,0.9323367683329207
26023,LOF,0.12876699595423816,0.030090083188264238,0.8411429208574976
26024,LOF,0.03202940706075838,0.15377700845423856,0.814193584485003
26025,LOF,0.15347272910960105,0.11464315800884564,0.7318841128815533
26026,LOF,0.3324924071890289,0.029195774976700593,0.6383118178342706
26027,LOF,0.09698257864590466,0.023359698178674664,0.8796577231754207
26028,LOF,0.14474237341163848,0.07578661137045369,0.7794710152179078
26029,LOF,0.06045079278922028,0.15766234446569238,0.7818868627450873
26030,LOF,0.024196933869254835,0.04836039804083409,0.9274426680899112
26031,LOF,0.027123362585289527,0.1352526035743468,0.8376240338403638
26032,LOF,0.06902739469422724,0.04739312276920255,0.8835794825365703
26033,LOF,0.12472146093177837,0.05194779369002659,0.823330745378195
26034,LOF,0.04102207647665247,0.1411942935731461,0.8177836299502015
26035,LOF,0.02736781838009402,0.12475892043670898,0.847873261183197
26036,LOF,0.03817583027110182,0.15101722107923457,0.8108069486496636
26037,LOF,0.023586443027375982,0.10899085388960998,0.8674227030830142
26038,LOF,0.06510681047166345,0.04512923011822793,0.8897639594101088
26039,LOF,0.05214100322324554,0.13963723266341846,0.808221764113336
26040,LOF,0.19842162675013114,0.09566205229880989,0.705916320951059
26041,LOF,0.024138638286579934,0.10295462962893887,0.8729067320844811
26042,LOF,0.023388220286107698,0.10054472238743017,0.8760670573264623
26043,LOF,0.06293785979010427,0.05723229884130528,0.8798298413685905
26044,LOF,0.021063075315050316,0.06519352592064294,0.9137433987643068
26045,LOF,0.07174100909274987,0.0940063883762511,0.8342526025309991
26046,LOF,0.0664044976375502,0.05934833587619584,0.874247166486254
26047,LOF,0.09455967913885885,0.06738620400926823,0.838054116851873
26048,LOF,0.05049562018696315,0.043774998856445244,0.9057293809565917
26049,Neutral,0.9557864689135843,0.0071380785203922475,0.03707545256602364
26050,Neutral,0.9399393306600964,0.009102971767004923,0.050957697572898655
26051,LOF,0.04697136271402345,0.26021973047373675,0.6928089068122397
26052,LOF,0.06927640082163447,0.2641989801183447,0.6665246190600208
26053,LOF,0.06434290275311198,0.1324320497808594,0.8032250474660285
26054,LOF,0.06000528373659758,0.020626767527479807,0.9193679487359226
26055,LOF,0.0790732040231407,0.015709519579593736,0.9052172763972656
26056,LOF,0.06127922777095907,0.017439805241896915,0.921280966987144
26057,LOF,0.033405709362612,0.010203381388605416,0.9563909092487827
26058,LOF,0.03403873570501469,0.00874453294456951,0.9572167313504159
26059,LOF,0.298746345598216,0.026981655423366762,0.6742719989784172
26060,LOF,0.030751811507035095,0.16526733768064272,0.8039808508123223
26061,LOF,0.01803605650793889,0.011553407161267727,0.9704105363307934
26062,LOF,0.012119544092062258,0.017975045940586108,0.9699054099673515
26063,LOF,0.02389414833213452,0.011467409432707644,0.9646384422351577
26064,LOF,0.02488931958808788,0.0183257745282726,0.9567849058836395
26065,LOF,0.027086808599170613,0.011122635472558763,0.9617905559282708
26066,LOF,0.02242753273409518,0.010936506522408332,0.9666359607434966
26067,LOF,0.030184627966515405,0.008014337557950264,0.9618010344755342
26068,LOF,0.049253648738102264,0.03274381862136608,0.9180025326405317
26069,LOF,0.2868290308064379,0.018301490535790468,0.6948694786577716
26070,LOF,0.4544857124932303,0.014338159448804589,0.5311761280579651
26071,LOF,0.025900457806405763,0.011457996383077334,0.9626415458105168
26072,LOF,0.02247726696008743,0.01765442590164624,0.9598683071382663
26073,LOF,0.026660326167855585,0.010649762109047741,0.9626899117230966
26074,Neutral,0.9066778752721455,0.006192410036121582,0.08712971469173293
26075,LOF,0.0489536386934187,0.014679121549739712,0.9363672397568416
26076,LOF,0.04655667497843465,0.008401279128876686,0.9450420458926886
26077,LOF,0.00968094641679364,0.018014950650422867,0.9723041029327836
26078,LOF,0.014943422637133625,0.011714303997162223,0.9733422733657042
26079,LOF,0.06140749385941207,0.018598589441374477,0.9199939166992135
26080,LOF,0.060415770927536826,0.018660490148904134,0.9209237389235592
26081,LOF,0.03925935410455758,0.0065817552884336475,0.9541588906070089
26082,LOF,0.018186249229063846,0.015740501038265166,0.966073249732671
26083,LOF,0.13970791068046662,0.012489329797369752,0.8478027595221636
26084,LOF,0.0289507561132682,0.011613230962882146,0.9594360129238497
26085,LOF,0.02417614217701707,0.011083970900018673,0.9647398869229643
26086,LOF,0.02608721079995107,0.011316836181486085,0.9625959530185629
26087,LOF,0.027898398421439666,0.008124183294708917,0.9639774182838513
26088,LOF,0.01623645505632644,0.025760053158589064,0.9580034917850846
26089,LOF,0.04581522428989947,0.022882108351419433,0.9313026673586812
26090,LOF,0.04399000261367685,0.017561243611686716,0.9384487537746365
26091,LOF,0.04166264625715416,0.006354075413333081,0.9519832783295128
26092,LOF,0.02720518036566765,0.008242790584279104,0.9645520290500532
26093,LOF,0.04169152034694373,0.006422130204035907,0.9518863494490203
26094,LOF,0.04422049233577041,0.0069671160841653324,0.9488123915800643
26095,LOF,0.05005901753876322,0.014063772624201552,0.9358772098370354
26096,LOF,0.020856914199753527,0.012853816237168395,0.966289269563078
26097,LOF,0.010831833141506564,0.04221118351453065,0.9469569833439628
26098,LOF,0.07632743392417553,0.012501990704074662,0.9111705753717497
26099,LOF,0.025348107519264685,0.013369148636164686,0.9612827438445707
26100,LOF,0.027741745283596485,0.012544680844507078,0.9597135738718964
26101,LOF,0.060650402904281524,0.01256605737871315,0.9267835397170053
26102,LOF,0.02796373044399662,0.012668470709387637,0.9593677988466157
26103,Neutral,0.8860643994325214,0.01906423620060566,0.09487136436687303
26104,LOF,0.07916165652137155,0.03160082033990088,0.8892375231387276
26105,LOF,0.2378533280352678,0.25697593150361614,0.5051707404611161
26106,LOF,0.19198528934229744,0.12668309775250416,0.6813316129051985
26107,LOF,0.2621923060345635,0.08506444958644303,0.6527432443789936
26108,LOF,0.2338646634954964,0.12414089798996478,0.6419944385145389
26109,LOF,0.10296671011307516,0.11246164631899816,0.7845716435679266
26110,LOF,0.23262904540942836,0.006780426723308637,0.760590527867263
26111,LOF,0.4690826892688751,0.019111439325254838,0.5118058714058701
26112,LOF,0.03564061449090576,0.007104118521985673,0.9572552669871085
26113,LOF,0.0557717567217519,0.014995319574628917,0.9292329237036191
26114,LOF,0.028241550117244794,0.02316169738319934,0.9485967524995559
26115,LOF,0.09367789733858375,0.057629567367351295,0.848692535294065
26116,LOF,0.07818754573982566,0.06248121156243766,0.8593312426977366
26117,LOF,0.42061921780858436,0.06142023455631192,0.5179605476351037
26118,LOF,0.03825655801230623,0.030414531447954214,0.9313289105397397
26119,LOF,0.023006217099226452,0.04479305459093041,0.9322007283098431
26120,LOF,0.030553240061231533,0.02769185911400048,0.941754900824768
26121,LOF,0.05620948237395614,0.08801697275428297,0.8557735448717608
26122,LOF,0.04819135516836374,0.047934404888623876,0.9038742399430123
