feature0,prediction,LoGoFunc_Neutral,LoGoFunc_GOF,LoGoFunc_LOF
25546,Neutral,0.613861884997472,0.05252434195065051,0.33361377305187745
25547,Neutral,0.4885413764347629,0.08536838733076724,0.4260902362344698
25548,Neutral,0.4898386985985943,0.07036467342240951,0.43979662797899616
25549,LOF,0.42578343975628274,0.07053347881974506,0.5036830814239721
25550,LOF,0.35054458971973435,0.10462473347319236,0.5448306768070733
25551,LOF,0.3216439821996539,0.11165103385263624,0.5667049839477099
25552,LOF,0.2762437999155764,0.11663092011197039,0.6071252799724531
25553,Neutral,0.7928653597425936,0.04345503925956209,0.16367960099784426
25554,LOF,0.31487518588799435,0.1067798422720796,0.5783449718399261
25555,LOF,0.26404602787889586,0.09903548173928596,0.6369184903818181
25556,LOF,0.4551820952805151,0.08811613479105085,0.4567017699284341
25557,LOF,0.25544380650609944,0.1039917954327617,0.6405643980611389
25558,LOF,0.3219362243989679,0.09833402140715083,0.5797297541938813
25559,LOF,0.2721452025531498,0.138044285518048,0.5898105119288022
25560,LOF,0.1818482500413945,0.10036806150860023,0.7177836884500054
25561,LOF,0.16441707809202588,0.12787556341572073,0.7077073584922534
25562,LOF,0.08137355179458432,0.082687639185136,0.8359388090202797
25563,LOF,0.030047065470802485,0.12080258185943779,0.8491503526697597
25564,LOF,0.21171356175213288,0.10453462680831882,0.6837518114395484
25565,LOF,0.1955398545391398,0.14142009486012708,0.663040050600733
25566,GOF,0.08541480818015845,0.6617004038654367,0.2528847879544049
25567,LOF,0.04243936267926054,0.19240576972413104,0.7651548675966086
25568,LOF,0.06266165003941745,0.10638516657805051,0.830953183382532
25569,LOF,0.05880352551002318,0.10281880873316497,0.8383776657568118
25570,LOF,0.027521016891225644,0.12818653463448837,0.8442924484742861
25571,LOF,0.027310629992307347,0.1337272097154852,0.8389621602922075
25572,LOF,0.06400570661673337,0.1503892365966512,0.7856050567866153
25573,LOF,0.058580700585992594,0.11673636630218688,0.8246829331118205
25574,LOF,0.061941491893816335,0.2365677444201009,0.7014907636860828
25575,LOF,0.02336517572998261,0.14841844297783452,0.8282163812921829
25576,LOF,0.029630993378264484,0.19349538048569698,0.7768736261360386
25577,LOF,0.03477909220426991,0.1412634238337587,0.8239574839619714
25578,LOF,0.30604423394117386,0.12390890539473921,0.5700468606640869
25579,LOF,0.14262149487122347,0.1281550757719932,0.7292234293567833
25580,LOF,0.02019364491015168,0.11056531463092645,0.8692410404589219
25581,LOF,0.0524028425055329,0.0946685980374245,0.8529285594570426
25582,LOF,0.05225728733978245,0.09297283728011292,0.8547698753801046
25583,LOF,0.023508249872138752,0.11916502771625201,0.8573267224116092
25584,Neutral,0.6802224109519721,0.14468835382906714,0.17508923521896078
25585,LOF,0.022838901941733658,0.18621380264870832,0.7909472954095581
25586,LOF,0.017354918251727365,0.10164375064479113,0.8810013311034816
25587,LOF,0.017187560713908145,0.09167157982814093,0.891140859457951
25588,LOF,0.02032268227136473,0.10191514970260264,0.8777621680260326
25589,Neutral,0.508672254869417,0.24427192507400608,0.24705582005657692
25590,LOF,0.04874763184057738,0.15792132150916416,0.7933310466502584
25591,LOF,0.09439613088900181,0.08035862545058504,0.8252452436604132
25592,LOF,0.05467719584380261,0.20140772883532307,0.7439150753208744
25593,LOF,0.1322886264899174,0.29741783231589114,0.5702935411941915
25594,LOF,0.04584695794368815,0.09005617768078486,0.864096864375527
25595,LOF,0.050780071882425386,0.061219074302035964,0.8880008538155387
25596,LOF,0.0971588477342224,0.03165692106919355,0.871184231196584
25597,LOF,0.07937803478916466,0.03990825642652973,0.8807137087843057
25598,LOF,0.044822587370936216,0.06737865300683715,0.8877987596222267
25599,LOF,0.01966691046119541,0.43843264737250826,0.5419004421662964
25600,GOF,0.19412812669431112,0.46596624356498795,0.3399056297407009
25601,LOF,0.041445379868999335,0.3703417861501797,0.588212833980821
25602,LOF,0.03293921242159836,0.06685102638672764,0.900209761191674
25603,LOF,0.03556966807076521,0.04402744877373357,0.9204028831555012
25604,LOF,0.03616056192428154,0.08607792179858068,0.8777615162771377
25605,LOF,0.03714726233709758,0.1877771341256299,0.7750756035372726
25606,LOF,0.3941101907533767,0.13020774788061665,0.4756820613660067
25607,LOF,0.03088490853016559,0.18235598751130233,0.786759103958532
25608,LOF,0.04229626428648056,0.094090952675759,0.8636127830377603
25609,GOF,0.12499032940355025,0.5228805804375796,0.35212909015887023
25610,LOF,0.014649075819877547,0.04672956880004005,0.9386213553800824
25611,LOF,0.01217337171822031,0.048406087748735234,0.9394205405330446
25612,LOF,0.043375687964083365,0.07328592930401616,0.8833383827319006
25613,LOF,0.04251034728268404,0.06790586089545055,0.8895837918218654
25614,LOF,0.02059174989882499,0.04121852627163485,0.9381897238295402
25615,LOF,0.04175346533270479,0.06394089080224472,0.8943056438650505
25616,LOF,0.04646105369991708,0.044371074828137305,0.9091678714719456
25617,LOF,0.03865439709403182,0.05177417129968004,0.9095714316062882
25618,LOF,0.03954662573476463,0.06163156622447198,0.8988218080407634
25619,LOF,0.011680868552732598,0.057250691030580426,0.9310684404166869
25620,LOF,0.05397558713224218,0.06415117238095627,0.8818732404868016
25621,LOF,0.054917538560303764,0.049256898383332755,0.8958255630563635
25622,LOF,0.06099003329135516,0.054040706549449764,0.8849692601591951
25623,LOF,0.06882469238591157,0.04712325568325976,0.8840520519308286
25624,LOF,0.016766133600678107,0.05299206415577535,0.9302418022435466
25625,LOF,0.05892469055088226,0.05255218097059123,0.8885231284785264
25626,LOF,0.04224863221925052,0.06773749566074022,0.8900138721200093
25627,Neutral,0.887310090639837,0.022591520769354164,0.09009838859080883
25628,LOF,0.15277471325463723,0.07044149457889239,0.7767837921664703
25629,LOF,0.06677316263198259,0.05345792807702356,0.8797689092909937
25630,LOF,0.27956171766986365,0.07486433757676092,0.6455739447533755
25631,Neutral,0.5388708865844704,0.06683167640455435,0.3942974370109752
25632,LOF,0.025323769282413578,0.07928981655649596,0.8953864141610905
25633,LOF,0.1667144704404311,0.054357017610304086,0.7789285119492647
25634,LOF,0.03477623227024696,0.10986900426836055,0.8553547634613925
25635,LOF,0.035608547452239195,0.05427624428301571,0.9101152082647451
25636,LOF,0.03757366553830614,0.45917869388678195,0.5032476405749119
25637,GOF,0.07019757418503593,0.5090924739387995,0.42070995187616467
25638,LOF,0.03247441418095299,0.35742345703288164,0.6101021287861653
25639,LOF,0.02972472188831362,0.3965918331280056,0.5736834449836807
25640,Neutral,0.8331367357511964,0.1178346293837612,0.049028634865042386
25641,GOF,0.07922528482831304,0.4805679141159407,0.44020680105574633
25642,LOF,0.05678747702074607,0.17358991244485736,0.7696226105343965
25643,LOF,0.19642585018232564,0.12143400558763036,0.682140144230044
25644,LOF,0.027552582464711692,0.4741103939583522,0.49833702357693616
25645,LOF,0.030684389608319432,0.41269690688544647,0.5566187035062341
25646,LOF,0.06768876011124285,0.32390621150403537,0.6084050283847218
25647,LOF,0.030027152839907603,0.2673748066931249,0.7025980404669675
25648,LOF,0.035537413951198055,0.26328027575374113,0.7011823102950608
25649,LOF,0.021005232103208628,0.236450023732133,0.7425447441646583
25650,LOF,0.0566571008003937,0.4062861884822809,0.5370567107173255
25651,LOF,0.022874767822680178,0.27867613907329847,0.6984490931040213
25652,LOF,0.03731340098878836,0.2709250011687496,0.6917615978424619
25653,LOF,0.09445793322977723,0.4339834132438001,0.47155865352642273
25654,LOF,0.024066108985075368,0.24207719420845103,0.7338566968064737
25655,GOF,0.23971076806437874,0.4089794686688062,0.35130976326681507
25656,LOF,0.3680480637960111,0.08983091992814339,0.5421210162758455
25657,LOF,0.06699259680528652,0.08877735282020635,0.844230050374507
25658,LOF,0.4111564069134633,0.08617124670084773,0.502672346385689
25659,Neutral,0.5206313293084416,0.11504582469504084,0.36432284599651743
25660,LOF,0.022720400530077695,0.09181050942858983,0.8854690900413325
25661,LOF,0.09031037858800033,0.06304261066873912,0.8466470107432605
25662,LOF,0.03493161172093479,0.0344931942365944,0.9305751940424709
25663,LOF,0.04242424256210545,0.0477959729477399,0.9097797844901546
25664,LOF,0.13873268627184537,0.06263846659014513,0.7986288471380095
25665,LOF,0.06097766576140141,0.032740075292643084,0.9062822589459556
25666,LOF,0.09167331943663659,0.06693617758026232,0.8413905029831011
25667,LOF,0.07217279175933246,0.043365099901587933,0.8844621083390796
25668,LOF,0.03644798062550916,0.051428778903928975,0.9121232404705619
25669,LOF,0.030730941250908705,0.04865994348348234,0.9206091152656091
25670,LOF,0.15397375715771838,0.05716940378606753,0.7888568390562141
25671,LOF,0.12249501863753227,0.0360644702463918,0.841440511116076
25672,LOF,0.05292632580592925,0.0467561490667559,0.9003175251273149
25673,LOF,0.07774008717359808,0.04832441437954315,0.8739354984468587
25674,LOF,0.06577861062263732,0.0573200300753091,0.8769013593020536
25675,LOF,0.11084569906058468,0.05988579005124883,0.8292685108881666
25676,LOF,0.019609167032422672,0.05260634669370871,0.9277844862738687
25677,LOF,0.025078909004906464,0.07277349775045659,0.902147593244637
25678,LOF,0.21791289133557434,0.06713688187468698,0.7149502267897386
25679,LOF,0.11980718001608015,0.08011632973674615,0.8000764902471736
25680,LOF,0.034141359428405245,0.12187567198474984,0.8439829685868449
25681,LOF,0.04967831440937052,0.1134795946757133,0.8368420909149161
25682,LOF,0.13443329470943133,0.0763746830141233,0.7891920222764454
25683,LOF,0.1284856452917003,0.08672623838748456,0.7847881163208151
25684,LOF,0.040287114019225335,0.06868421613222503,0.8910286698485497
25685,LOF,0.13365092641888368,0.06863444613032448,0.7977146274507917
25686,LOF,0.08494437534832629,0.10770245185820687,0.8073531727934669
25687,LOF,0.11711677037472525,0.10823357803686723,0.7746496515884076
25688,LOF,0.3295133814095613,0.052092387558954796,0.6183942310314838
25689,LOF,0.27152219074764444,0.056903900900924446,0.671573908351431
25690,LOF,0.32983026249976743,0.0429861488942377,0.6271835886059949
25691,Neutral,0.717953763523743,0.038804383696945194,0.2432418527793119
25692,LOF,0.37460032538730337,0.014315792542058238,0.6110838820706384
25693,LOF,0.04561948696225877,0.436230578186043,0.5181499348516981
25694,LOF,0.12084765543879433,0.017708182954811774,0.8614441616063939
25695,LOF,0.12156957141859547,0.01699030904916732,0.8614401195322372
25696,LOF,0.14110637602695647,0.011359462492525244,0.8475341614805183
25697,LOF,0.08211360283842387,0.055614330024983935,0.8622720671365922
25698,LOF,0.3363687234550309,0.16487594702695568,0.49875532951801343
25699,Neutral,0.5270399971089264,0.04187957309127983,0.43108042979979383
25700,LOF,0.07567938197012136,0.010544403906434413,0.9137762141234443
25701,LOF,0.1993988920935563,0.0425036628701798,0.7580974450362639
25702,GOF,0.17505379591853953,0.5950489609271761,0.22989724315428434
25703,LOF,0.017367074163755755,0.1555993254798452,0.827033600356399
25704,LOF,0.038708132441488005,0.11172473326277509,0.8495671342957368
25705,LOF,0.049912612888312335,0.14777698852292032,0.8023103985887673
25706,LOF,0.10289327303556417,0.4098444871149804,0.48726223984945544
25707,LOF,0.08524835402850701,0.36623272383842126,0.5485189221330717
25708,LOF,0.03334983681066889,0.3389996729149688,0.6276504902743624
25709,LOF,0.06713385981422418,0.04651125135765589,0.8863548888281201
25710,LOF,0.010972464343578694,0.16726456770566736,0.821762967950754
25711,LOF,0.02072712131918494,0.08320429183355924,0.8960685868472559
25712,LOF,0.012997925358348678,0.19897793223162472,0.7880241424100266
25713,LOF,0.018578754732496663,0.08449305331285108,0.8969281919546523
25714,LOF,0.07754483900242073,0.08012250852724903,0.8423326524703303
25715,LOF,0.011741772895203399,0.14230823167439335,0.8459499954304033
25716,LOF,0.012298142434183507,0.10161387431804698,0.8860879832477695
25717,LOF,0.01427885978374334,0.07678540837255263,0.9089357318437041
25718,LOF,0.011586783275675938,0.0965137554381152,0.8918994612862088
25719,LOF,0.019414509743688708,0.08175721562458368,0.8988282746317277
25720,LOF,0.023610507826298022,0.07352463874061131,0.9028648534330906
25721,LOF,0.013440500148217679,0.11304355031567731,0.873515949536105
25722,LOF,0.01436245190285415,0.1183669128491358,0.8672706352480101
25723,LOF,0.023442484173970244,0.050298208958745066,0.9262593068672847
25724,LOF,0.03093152182745407,0.08474684422324032,0.8843216339493056
25725,LOF,0.011516843381532258,0.07925744040724553,0.9092257162112222
25726,LOF,0.015433552227198123,0.1147317552167037,0.8698346925560981
25727,LOF,0.011868120093087556,0.08520146339090665,0.9029304165160057
25728,LOF,0.010357099279620564,0.10517366597484287,0.8844692347455366
25729,LOF,0.01056409227388108,0.10670316090446236,0.8827327468216566
25730,LOF,0.014016636647808431,0.0904940965677907,0.895489266784401
25731,LOF,0.018677638571207324,0.10145866605136848,0.8798636953774241
25732,LOF,0.014014222157919438,0.071871670563202,0.9141141072788787
25733,LOF,0.015439037754789052,0.07741468490604825,0.9071462773391628
25734,LOF,0.010351490960898824,0.1259326723177161,0.8637158367213851
25735,LOF,0.012103888036721749,0.08202004971296345,0.9058760622503148
25736,LOF,0.01352653653023531,0.09630874860580581,0.8901647148639589
25737,LOF,0.012555499427730092,0.07453472583640308,0.9129097747358669
25738,LOF,0.012220529025261084,0.10748531256813448,0.8802941584066044
25739,LOF,0.020618698678105698,0.08569928383150226,0.893682017490392
25740,LOF,0.02920774679934277,0.121459309438996,0.8493329437616612
25741,LOF,0.0153587994903604,0.1241798735866116,0.860461326923028
25742,LOF,0.12362490313636472,0.088949693224245,0.7874254036393903
25743,LOF,0.038552151883159164,0.060858237269837676,0.9005896108470032
25744,Neutral,0.5490601983422622,0.24061030701274197,0.21032949464499587
25745,LOF,0.05958491650265246,0.08340190224037554,0.857013181256972
25746,LOF,0.038733171682617286,0.10485089673278793,0.8564159315845948
25747,LOF,0.018456454535660215,0.07696105535703551,0.9045824901073042
25748,LOF,0.09728291764238411,0.11459889772870266,0.7881181846289131
25749,LOF,0.02476932684423346,0.0958071181132157,0.8794235550425508
25750,LOF,0.0748581797532461,0.09991011297778589,0.8252317072689679
25751,LOF,0.0843907670520952,0.14825152089873372,0.7673577120491711
25752,GOF,0.11846874947795338,0.6446604193133919,0.23687083120865463
25753,LOF,0.023128989573905766,0.29339961730853137,0.6834713931175629
25754,GOF,0.013787914441087935,0.7916304700223713,0.19458161553654083
25755,LOF,0.026116255767188158,0.41051166515964543,0.5633720790731664
25756,LOF,0.053033385230013295,0.37943271435977577,0.5675339004102109
25757,GOF,0.018554408136418347,0.8429534652816782,0.13849212658190344
25758,GOF,0.029539613768248037,0.7927895569898794,0.17767082924187264
25759,GOF,0.0106946184648434,0.6141385000654851,0.37516688146967153
25760,LOF,0.014020030833364502,0.2866811720844794,0.6992987970821561
25761,GOF,0.25937738457364473,0.6507553774595627,0.08986723796679266
25762,LOF,0.04807202642878274,0.28117857275218094,0.6707494008190363
25763,LOF,0.015347984587924482,0.23239363143870737,0.7522583839733682
25764,GOF,0.08979994985486878,0.6515417047226572,0.2586583454224742
25765,GOF,0.03675054522464734,0.7534070049700445,0.20984244980530803
25766,GOF,0.06382384968206016,0.7593158880380563,0.17686026227988363
25767,GOF,0.14336255654111613,0.5059493302331476,0.35068811322573623
25768,LOF,0.10208664253543367,0.05152847358123797,0.8463848838833283
25769,LOF,0.05771686213593614,0.07134422342249225,0.8709389144415715
25770,LOF,0.31658462406523796,0.11019613675467031,0.5732192391800918
25771,LOF,0.04735734374342536,0.04889231551917493,0.9037503407373997
25772,LOF,0.018823536967360995,0.0487401201538713,0.9324363428787678
25773,LOF,0.044068856546304214,0.09864130663245974,0.8572898368212359
25774,LOF,0.028341992592477414,0.08891536630269757,0.882742641104825
25775,LOF,0.04817007873938185,0.053368078264243723,0.8984618429963744
25776,LOF,0.0774612389406869,0.02887261202088057,0.8936661490384324
25777,LOF,0.3726169853313641,0.06902168280043142,0.5583613318682045
25778,LOF,0.07189042356240372,0.0509390399690218,0.8771705364685746
25779,GOF,0.36981124695599193,0.5915917688172204,0.03859698422678766
25780,GOF,0.34302095713695296,0.5847127382180365,0.0722663046450105
25781,GOF,0.12945895842401695,0.7661873884852195,0.1043536530907637
25782,GOF,0.1911630714091241,0.7273907262504544,0.08144620234042138
25783,GOF,0.02183308109431384,0.6565408535692938,0.3216260653363923
25784,Neutral,0.5077389084478605,0.4525730175492834,0.03968807400285608
25785,GOF,0.45817070324605313,0.5063009486773155,0.03552834807663136
25786,GOF,0.030917817110704446,0.7717347217368441,0.19734746115245147
25787,Neutral,0.6438653741260255,0.3341124214612327,0.02202220441274177
25788,LOF,0.057719470627629714,0.1120289642995441,0.8302515650728263
25789,GOF,0.2064034752705747,0.667159880234741,0.1264366444946842
25790,GOF,0.21160444772447876,0.7055627898249986,0.08283276245052248
25791,GOF,0.17401423585542394,0.682606963410592,0.14337880073398404
25792,GOF,0.36970206828585556,0.523907028107769,0.10639090360637547
25793,GOF,0.2776190870855668,0.5434616261438223,0.1789192867706108
25794,GOF,0.3113367498576328,0.5361013633895052,0.15256188675286192
25795,GOF,0.08503333133041875,0.6883560311860849,0.22661063748349647
25796,Neutral,0.5649439661792726,0.3604290210782221,0.07462701274250531
25797,GOF,0.08264022422160325,0.530578141499161,0.38678163427923573
25798,GOF,0.009620676901878731,0.527544610779924,0.4628347123181972
25799,LOF,0.007864971560635283,0.42971172512461886,0.5624233033147458
25800,GOF,0.03558129157571059,0.6148467063304437,0.3495720020938457
25801,GOF,0.2228824053663428,0.6670999554665684,0.11001763916708887
25802,GOF,0.05756839069523286,0.6924166333493504,0.25001497595541683
25803,GOF,0.036934631216072315,0.5861784733853774,0.3768868953985502
25804,GOF,0.034819989741636526,0.5165880611526704,0.448591949105693
25805,GOF,0.08960901586169671,0.6171759072144384,0.2932150769238648
25806,GOF,0.10871874916440233,0.6018418823213234,0.28943936851427443
25807,GOF,0.018482033270299895,0.6197489828390615,0.36176898389063855
25808,GOF,0.0785073421380631,0.6350724273258135,0.2864202305361233
25809,GOF,0.01957454454703939,0.6203261690131294,0.3600992864398313
25810,GOF,0.018298400962273687,0.6331718113808242,0.3485297876569021
25811,Neutral,0.4681801179436462,0.45899264268438716,0.07282723937196658
25812,GOF,0.03698747265121483,0.6428118618556372,0.32020066549314796
25813,Neutral,0.5182593612667853,0.3847912943770145,0.09694934435620019
25814,GOF,0.1249000809153885,0.6682052954834378,0.20689462360117358
25815,GOF,0.1911376278253459,0.6329167571974528,0.17594561497720132
25816,GOF,0.0204733520443883,0.6951457730095989,0.2843808749460127
25817,GOF,0.22387789644691436,0.6604756929081289,0.11564641064495672
25818,GOF,0.0596674704707824,0.617034289240542,0.3232982402886755
25819,GOF,0.3795168742173972,0.48516167694323653,0.13532144883936623
25820,GOF,0.17175340996315128,0.6175260556202795,0.21072053441656932
25821,GOF,0.060739174896553505,0.6634133497310428,0.27584747537240367
25822,GOF,0.22430868979300905,0.5518575238044123,0.22383378640257864
25823,GOF,0.030936883654567794,0.5058589514784203,0.4632041648670119
25824,GOF,0.08096044622600798,0.5592761766250676,0.3597633771489245
25825,GOF,0.030603949611563225,0.5506078753932461,0.4187881749951907
25826,GOF,0.011125548281122362,0.5174821699047802,0.47139228181409737
25827,GOF,0.02264752725273681,0.5959610655486224,0.38139140719864084
25828,GOF,0.013128870524931259,0.5073985145433685,0.4794726149317003
25829,GOF,0.0065372832103689545,0.5611355640860148,0.4323271527036163
25830,LOF,0.036737353521962224,0.333543492334104,0.6297191541439339
25831,GOF,0.20514431406909855,0.6626360668515336,0.1322196190793678
25832,GOF,0.03426267099696202,0.6846401389347592,0.28109719006827877
25833,GOF,0.1444947138781594,0.6850156918563487,0.17048959426549185
25834,GOF,0.04874121907416372,0.685538847027753,0.2657199338980833
25835,GOF,0.10126317926931684,0.7241692145408594,0.17456760618982384
25836,GOF,0.046428242820288915,0.6839411372911459,0.2696306198885651
25837,GOF,0.029389884532555,0.5411362229431621,0.429473892524283
25838,GOF,0.10268283122671046,0.7247268494887407,0.17259031928454882
25839,GOF,0.3013609441593307,0.5494833883759798,0.14915566746468947
25840,GOF,0.24146221779089289,0.5794199351922905,0.17911784701681654
25841,GOF,0.25542763362091714,0.5830618623066305,0.16151050407245243
25842,GOF,0.20642880598593982,0.6595733359773154,0.13399785803674485
25843,GOF,0.27141725651111953,0.631730542176044,0.09685220131283645
25844,GOF,0.07420960325340643,0.6875614750628478,0.23822892168374563
25845,LOF,0.01648389895728422,0.48091220295384923,0.5026038980888666
25846,GOF,0.1293701365494376,0.7040977836143683,0.16653207983619417
25847,GOF,0.13340099823428425,0.7612463408823867,0.10535266088332898
25848,GOF,0.040050413373108155,0.6864971964483235,0.2734523901785683
25849,GOF,0.012282014308125259,0.565713991229218,0.42200399446265674
25850,GOF,0.02392856153714051,0.6537503793747874,0.3223210590880721
25851,GOF,0.018084600694214407,0.5527253947604611,0.42919000454532447
25852,GOF,0.1872749178776481,0.5708004375543227,0.24192464456802917
25853,GOF,0.3756569371827304,0.5719678467566651,0.05237521606060444
25854,GOF,0.02107443019579475,0.657247093110503,0.32167847669370214
25855,GOF,0.034177486694988365,0.5597451316879211,0.4060773816170905
25856,GOF,0.22780229181052614,0.5569897843358234,0.21520792385365053
25857,GOF,0.03255145289225301,0.503312577120147,0.4641359699876001
25858,GOF,0.017452696212174105,0.5651500784734438,0.41739722531438195
25859,GOF,0.00954068678519905,0.5451704387614966,0.4452888744533044
25860,GOF,0.39219238387086636,0.5387968766668492,0.06901073946228443
25861,GOF,0.444480278684564,0.4866623653305326,0.06885735598490335
25862,GOF,0.09858159324604267,0.769768208772912,0.13165019798104538
25863,GOF,0.0898031565564487,0.785458348339606,0.12473849510394523
25864,GOF,0.1985659427007844,0.7217520240351053,0.07968203326411016
25865,GOF,0.07735110844117252,0.8160199711447602,0.10662892041406737
25866,GOF,0.06603204685259695,0.8043187616466296,0.1296491915007736
25867,GOF,0.08691597575131418,0.8164358261661679,0.09664819808251787
25868,GOF,0.2793760016916064,0.6320595968136196,0.08856440149477401
25869,Neutral,0.6910266586710614,0.2729836790864751,0.035989662242463465
25870,GOF,0.3250016596816171,0.3580822711933171,0.31691606912506576
25871,GOF,0.21787835841013278,0.635394534212028,0.1467271073778394
25872,GOF,0.09666083540588653,0.6581828098347497,0.24515635475936387
25873,GOF,0.15216699538279002,0.6536514017978667,0.19418160281934316
25874,LOF,0.01874683028984263,0.12004431282481016,0.8612088568853472
25875,LOF,0.1033030426741857,0.03948842927819029,0.857208528047624
25876,LOF,0.035964294082132454,0.047484309621237696,0.91655139629663
25877,Neutral,0.5111402360748007,0.04366458616574011,0.4451951777594591
25878,LOF,0.23200093300776575,0.07144729094762906,0.6965517760446053
25879,LOF,0.09255041657223914,0.08462919411787985,0.822820389309881
25880,LOF,0.023615348613556596,0.02215416315905575,0.9542304882273877
25881,LOF,0.1956685737176101,0.10065077969277643,0.7036806465896135
25882,LOF,0.06924151401615641,0.015566757299439255,0.9151917286844045
25883,LOF,0.08298492228740412,0.017427673325874454,0.8995874043867216
25884,LOF,0.03782484775173766,0.02941697780012024,0.9327581744481421
25885,LOF,0.06758704633490023,0.011774322820143044,0.9206386308449568
25886,LOF,0.2783050391162453,0.03135480621661399,0.6903401546671407
25887,LOF,0.16058272394827758,0.05683438714890414,0.7825828889028182
25888,LOF,0.06741372136133789,0.05464597286985383,0.8779403057688082
25889,LOF,0.05047554123280869,0.01909201380969107,0.9304324449575002
25890,LOF,0.0532935514825039,0.1219312867079541,0.8247751618095421
25891,LOF,0.040246809845734186,0.047446475214907295,0.9123067149393584
25892,LOF,0.09956231844192627,0.021394387990831598,0.8790432935672422
25893,LOF,0.2612013805866989,0.016733507929770793,0.7220651114835303
25894,LOF,0.18975068536165882,0.009885533382412099,0.8003637812559291
25895,LOF,0.21260877892670485,0.02007743160648768,0.7673137894668074
25896,LOF,0.04767312562651576,0.019745127426503088,0.9325817469469811
25897,LOF,0.24858894105921198,0.012016003636536488,0.7393950553042515
25898,Neutral,0.6894674959429329,0.008640430340761115,0.3018920737163059
25899,LOF,0.21900389486496974,0.02284262115349944,0.7581534839815308
25900,LOF,0.43363611403702884,0.016686105070382776,0.5496777808925883
25901,LOF,0.05374114332295283,0.012584068880777144,0.9336747877962699
25902,LOF,0.14855747650211895,0.012348291189388837,0.8390942323084922
25903,Neutral,0.5022929939966719,0.034452258194321565,0.4632547478090065
25904,LOF,0.2859379574206961,0.04496247480413085,0.669099567775173
25905,LOF,0.022422950527726578,0.28575852246238453,0.6918185270098889
25906,LOF,0.022001092740744556,0.06641020512620541,0.91158870213305
25907,LOF,0.013158660369114263,0.296649257625086,0.6901920820057997
25908,LOF,0.010496266107659902,0.2041192935471498,0.7853844403451902
25909,LOF,0.012388360313463971,0.13844363737098267,0.8491680023155534
25910,LOF,0.05210982193799125,0.12676300028087253,0.8211271777811362
25911,LOF,0.17523928655086113,0.033448839189436405,0.7913118742597025
25912,LOF,0.0438335185479121,0.048884752090904045,0.9072817293611839
25913,LOF,0.32153366513128173,0.02512932780000792,0.6533370070687103
25914,LOF,0.019165961607702495,0.1294689809405835,0.851365057451714
25915,Neutral,0.44682600460743094,0.34814049723785306,0.205033498154716
25916,LOF,0.05702259690155897,0.42158411897646764,0.5213932841219734
25917,LOF,0.06309510620985145,0.08695520217099423,0.8499496916191543
25918,LOF,0.02652613798154769,0.08127173105573045,0.8922021309627219
25919,LOF,0.022077820270349324,0.086980674493091,0.8909415052365597
25920,GOF,0.08482730849959826,0.4910332617924929,0.42413942970790885
25921,LOF,0.02628943998907118,0.029843682280274435,0.9438668777306545
25922,LOF,0.0372165115600662,0.02159498143059171,0.9411885070093422
25923,LOF,0.41712556213918195,0.023979301555098295,0.5588951363057199
25924,LOF,0.03473592917232869,0.04218446561197078,0.9230796052157005
25925,LOF,0.06323492129573381,0.030175239301978934,0.9065898394022872
25926,LOF,0.04783901052885793,0.02494169659894796,0.9272192928721941
25927,LOF,0.07675329841291703,0.07992567012446758,0.8433210314626154
25928,LOF,0.02083321802409659,0.03978125025060818,0.9393855317252952
25929,Neutral,0.5314696990942123,0.02654821388482924,0.4419820870209585
25930,LOF,0.052515211493474385,0.021772419521669757,0.9257123689848559
25931,LOF,0.028162520617242687,0.023219116902836928,0.9486183624799204
25932,LOF,0.02770900459700178,0.022138569540965297,0.950152425862033
25933,LOF,0.038634645664529406,0.015452973822720532,0.94591238051275
25934,LOF,0.024518008909727173,0.018602234244140686,0.956879756846132
25935,LOF,0.055746717978074116,0.03283023934005215,0.9114230426818737
25936,LOF,0.04752626073685762,0.022823487390255397,0.9296502518728871
25937,LOF,0.02974126919130598,0.03197656655190887,0.9382821642567851
25938,LOF,0.06052471689335326,0.03640839698772956,0.9030668861189171
25939,LOF,0.038990978425242094,0.014091271441313693,0.9469177501334443
25940,LOF,0.031073782991415645,0.39037090745652875,0.5785553095520556
25941,LOF,0.18729562336934147,0.08712170996282523,0.7255826666678333
25942,LOF,0.016389143874709643,0.02921414499046848,0.9543967111348217
25943,LOF,0.31770420588067755,0.05167105147104466,0.6306247426482777
25944,Neutral,0.4866041664258091,0.02703274084944475,0.4863630927247461
25945,LOF,0.07438752360987481,0.022840431191981352,0.9027720451981438
25946,LOF,0.026676943851415624,0.133367161306977,0.8399558948416074
25947,LOF,0.12126418685763597,0.21042557554390434,0.6683102375984596
25948,LOF,0.44039325573691773,0.009954799068737597,0.5496519451943447
25949,LOF,0.10396769933086132,0.04565245239723164,0.850379848271907
25950,GOF,0.256016086835639,0.41055571508161776,0.3334281980827432
25951,LOF,0.2345173319646792,0.23668663404467036,0.5287960339906504
25952,LOF,0.046565803334264806,0.45636578866950883,0.49706840799622626
25953,LOF,0.1210326677243409,0.11875566877134601,0.7602116635043131
25954,Neutral,0.4414541872088485,0.1789554342608131,0.37959037853033845
25955,LOF,0.05360275371053646,0.08471781667279243,0.8616794296166711
25956,LOF,0.16789735466499828,0.0986162103394581,0.7334864349955437
25957,LOF,0.03683380157821212,0.030159005539172723,0.9330071928826152
25958,LOF,0.06264544204719719,0.02519233281640561,0.9121622251363972
25959,LOF,0.07122827047508082,0.3779756246840981,0.550796104840821
25960,LOF,0.01938918737732118,0.04964632179742905,0.9309644908252498
25961,LOF,0.051864626244758065,0.026258635567962898,0.921876738187279
25962,LOF,0.052695725621637525,0.030627743333590644,0.9166765310447719
25963,LOF,0.04635292298996891,0.16743194060565122,0.7862151364043799
25964,LOF,0.038353049810050034,0.15298028027395427,0.8086666699159958
25965,LOF,0.4583303308350418,0.0815427784924558,0.4601268906725024
25966,Neutral,0.47024252390871935,0.10447241572651815,0.42528506036476266
25967,LOF,0.012358970691102254,0.06993389450840647,0.9177071348004913
25968,LOF,0.028656819385197038,0.4722403391017111,0.4991028415130919
25969,LOF,0.024290227806820896,0.05893897314825292,0.9167707990449262
25970,LOF,0.06302129133964113,0.052396084905427354,0.8845826237549315
25971,LOF,0.08011735560768406,0.015013300904580217,0.9048693434877357
25972,LOF,0.0788436062864879,0.018768804372297842,0.9023875893412142
25973,LOF,0.0865142601429804,0.008288642562540048,0.9051970972944795
25974,LOF,0.21722551666744014,0.017880733261777165,0.7648937500707826
25975,LOF,0.05485720144584707,0.028385824312766105,0.9167569742413868
25976,LOF,0.04630886033799407,0.013525929873869464,0.9401652097881364
25977,LOF,0.14788019112028453,0.1004867722765965,0.7516330366031191
25978,LOF,0.15896175714787403,0.05480709797726079,0.7862311448748651
25979,LOF,0.14069336159169737,0.05678482376206389,0.8025218146462386
25980,LOF,0.21366216094958893,0.0710877253900172,0.7152501136603939
25981,LOF,0.2455713319132668,0.06855058481665459,0.6858780832700785
25982,LOF,0.4110442315262294,0.045490167120507366,0.5434656013532633
25983,LOF,0.40334267207345004,0.05096307422393686,0.545694253702613
25984,LOF,0.050999649245887776,0.04896308333797591,0.9000372674161362
25985,LOF,0.028278063316048752,0.23846124710348918,0.7332606895804621
25986,LOF,0.04501485582988462,0.2768211997724923,0.6781639443976232
25987,LOF,0.08990468600475446,0.06712406323667966,0.8429712507585658
25988,LOF,0.14070876633890259,0.05509972558454598,0.8041915080765515
25989,LOF,0.029188508316189913,0.09649056419148236,0.8743209274923278
25990,LOF,0.036559587637372805,0.13024739506978397,0.8331930172928432
25991,LOF,0.19443181580124166,0.2718087089153976,0.5337594752833608
25992,LOF,0.3742710967346578,0.13294637933435074,0.4927825239309915
25993,LOF,0.023197514232347068,0.06880986019925568,0.9079926255683973
25994,LOF,0.017230023834014174,0.10422755522392185,0.8785424209420639
25995,LOF,0.025633117868099135,0.18990309317807896,0.784463788953822
25996,GOF,0.312938659383431,0.40799585343221345,0.2790654871843555
25997,LOF,0.10078135595413829,0.44485549682615616,0.4543631472197056
25998,Neutral,0.521655113341163,0.030691633318476873,0.44765325334036016
25999,LOF,0.1163183594952019,0.12007468019892963,0.7636069603058685
26000,LOF,0.15485857855272706,0.03207717768183703,0.813064243765436
26001,LOF,0.20479448995484545,0.03231707150091211,0.7628884385442425
26002,LOF,0.12323361358146379,0.037822844617755834,0.8389435418007803
26003,GOF,0.011149729969494517,0.5665998760622992,0.4222503939682062
26004,GOF,0.023630107529793345,0.6187941849909743,0.35757570747923234
26005,LOF,0.00842714542566931,0.4455774446034919,0.5459954099708387
26006,Neutral,0.5221403462226284,0.21477999429330463,0.26307965948406686
26007,GOF,0.022722409726551696,0.5238080404915227,0.45346954978192555
26008,GOF,0.018971018817016683,0.5771975694045787,0.4038314117784046
26009,GOF,0.024170983897355006,0.6145281513523996,0.3613008647502453
26010,GOF,0.028693807851171267,0.6049402782572558,0.36636591389157297
26011,LOF,0.007707544518352996,0.4443579553902113,0.5479345000914356
26012,GOF,0.017060722192634586,0.5410900270795024,0.44184925072786296
26013,GOF,0.021767778914726685,0.589964322138089,0.38826789894718433
26014,LOF,0.03771193431588008,0.14016490538976625,0.8221231602943537
26015,LOF,0.24165409313897432,0.008434000474263325,0.7499119063867623
26016,LOF,0.2379213378208582,0.04259080448888009,0.7194878576902616
26017,LOF,0.24352059294044623,0.0682427922319597,0.688236614827594
26018,LOF,0.09665776977540716,0.034360988360717375,0.8689812418638755
26019,LOF,0.09380661284755956,0.027087916285743356,0.879105470866697
26020,LOF,0.07010778183503208,0.09931871628969398,0.830573501875274
26021,LOF,0.04669121038267711,0.1146401281118174,0.8386686615055055
26022,LOF,0.011068648766698302,0.03998072544938235,0.9489506257839193
26023,LOF,0.1169969320272111,0.02259278259576625,0.8604102853770226
26024,LOF,0.028270283151296108,0.11963126515911653,0.8520984516895873
26025,LOF,0.17073353421318402,0.07661348743957974,0.7526529783472363
26026,LOF,0.3261917454358781,0.02150239533854216,0.6523058592255798
26027,LOF,0.08976523112889356,0.015961538607227887,0.8942732302638785
26028,LOF,0.15574303770198925,0.06615703651162784,0.778099925786383
26029,LOF,0.07777270277363042,0.21472867998893383,0.7074986172374358
26030,LOF,0.028188397199795823,0.06622834038788417,0.9055832624123199
26031,LOF,0.032351700011057784,0.1679476016921678,0.7997006982967745
26032,LOF,0.06890979179163417,0.06308288930671674,0.8680073189016491
26033,LOF,0.12351081062256637,0.08077934290328427,0.7957098464741494
26034,LOF,0.05189087455765254,0.18438195619993772,0.7637271692424097
26035,LOF,0.02884088859139949,0.17225105366760654,0.7989080577409939
26036,LOF,0.042624837680882086,0.2058071935673775,0.7515679687517404
26037,LOF,0.024780718567355562,0.13846426850899055,0.836755012923654
26038,LOF,0.06332537181437012,0.06707293311226264,0.8696016950733673
26039,LOF,0.06190818530664271,0.1781716879807691,0.7599201267125881
26040,LOF,0.19932342271007683,0.15666378540465273,0.6440127918852704
26041,LOF,0.025035682586465033,0.13650755380716825,0.8384567636063668
26042,LOF,0.02509115623739526,0.1263365244446885,0.8485723193179163
26043,LOF,0.0630107284880116,0.08047416369382246,0.8565151078181659
26044,LOF,0.0231043144715075,0.08047912832430372,0.8964165572041887
26045,LOF,0.07838340811843927,0.12152092490697655,0.8000956669745841
26046,LOF,0.06426846749391542,0.07911948864165762,0.856612043864427
26047,LOF,0.0885839130728006,0.08446318216266113,0.8269529047645383
26048,LOF,0.054472766947319465,0.05366370141456811,0.8918635316381124
26049,Neutral,0.9585910406865369,0.008655260346814627,0.032753698966648495
26050,Neutral,0.944420638851905,0.011353992098144805,0.044225369049950204
26051,LOF,0.0459563691521451,0.31498352063325114,0.6390601102146037
26052,LOF,0.06367325226678211,0.34479540121766517,0.5915313465155528
26053,LOF,0.05364153885257802,0.139740289790079,0.806618171357343
26054,LOF,0.058299851454497405,0.017816167059626752,0.9238839814858758
26055,LOF,0.07228609034297581,0.014523891921135077,0.9131900177358891
26056,LOF,0.05918767106094889,0.015682124635231436,0.9251302043038198
26057,LOF,0.03051463895352959,0.01033495278995684,0.9591504082565135
26058,LOF,0.0317728086183666,0.00829867728529086,0.9599285140963426
26059,LOF,0.3048503298859501,0.0228531032681747,0.6722965668458752
26060,LOF,0.03160830807669588,0.16288763550230867,0.8055040564209954
26061,LOF,0.018280986076491403,0.010229903327525186,0.9714891105959834
26062,LOF,0.01112950471831666,0.018947353077790663,0.9699231422038926
26063,LOF,0.023954802031762343,0.012032307051075932,0.9640128909171617
26064,LOF,0.02312689810550616,0.017851232077639455,0.9590218698168544
26065,LOF,0.02686857637115194,0.01094197503799883,0.9621894485908492
26066,LOF,0.022172052233676336,0.010748143087827499,0.9670798046784962
26067,LOF,0.02844303060905166,0.007906934731561802,0.9636500346593865
26068,LOF,0.047597467641949685,0.03082138396069821,0.9215811483973522
26069,LOF,0.24580569000447772,0.01776962581278489,0.7364246841827373
26070,LOF,0.39432905476979513,0.014830004687026029,0.5908409405431788
26071,LOF,0.024668410228799408,0.012437308756948236,0.9628942810142522
26072,LOF,0.021929097504484997,0.016631900519791635,0.9614390019757233
26073,LOF,0.026930712672013794,0.010406662008246484,0.9626626253197398
26074,Neutral,0.9134561667239265,0.004928594010282753,0.08161523926579085
26075,LOF,0.046234803432709574,0.014689629331942372,0.9390755672353481
26076,LOF,0.04695508696431674,0.008175947793824771,0.9448689652418586
26077,LOF,0.009057429183782457,0.0184085985365807,0.9725339722796368
26078,LOF,0.013696596614953855,0.009432290939846336,0.9768711124451999
26079,LOF,0.06195793938099834,0.016107351453254627,0.921934709165747
26080,LOF,0.060947861911490216,0.016133890344427332,0.9229182477440824
26081,LOF,0.038602407426584114,0.0055540431135885325,0.9558435494598273
26082,LOF,0.017674600277725723,0.013211527062388167,0.969113872659886
26083,LOF,0.12544534803004742,0.011442009249007887,0.8631126427209446
26084,LOF,0.029564354105979337,0.010888462175734512,0.9595471837182862
26085,LOF,0.02508835492419178,0.010305588429108604,0.9646060566466995
26086,LOF,0.025927815764051253,0.010720519906219028,0.9633516643297296
26087,LOF,0.02880760432733562,0.007339857941551062,0.9638525377311133
26088,LOF,0.016082302709624543,0.024945050060974125,0.9589726472294012
26089,LOF,0.046324996556606796,0.022095138848292246,0.9315798645951009
26090,LOF,0.04467247800999908,0.017636546191256347,0.9376909757987445
26091,LOF,0.041004960361641044,0.005636149225322133,0.9533588904130367
26092,LOF,0.027363469607494546,0.007548352256035412,0.9650881781364702
26093,LOF,0.03990546899083435,0.0052775139440438415,0.9548170170651218
26094,LOF,0.04590255444140296,0.005916076873044944,0.948181368685552
26095,LOF,0.04270234983832688,0.01269703678575398,0.9446006133759193
26096,LOF,0.020148055814139025,0.008891278463941716,0.9709606657219192
26097,LOF,0.012125656776256634,0.032921417519517604,0.9549529257042259
26098,LOF,0.07078242582597744,0.009587482420376338,0.9196300917536462
26099,LOF,0.02589716712545169,0.011320380085529554,0.9627824527890189
26100,LOF,0.027943080043208692,0.010986072524496309,0.961070847432295
26101,LOF,0.05731465593637935,0.010735466256833658,0.931949877806787
26102,LOF,0.0262604298610029,0.013527765531041012,0.9602118046079561
26103,Neutral,0.8893565346539902,0.016531314953576317,0.09411215039243348
26104,LOF,0.08219888441741627,0.024729235573845414,0.8930718800087383
26105,LOF,0.19553462372346786,0.26623524439486806,0.5382301318816641
26106,LOF,0.2077560975566196,0.11709310089491898,0.6751508015484614
26107,LOF,0.2561921055714196,0.0759776219846961,0.6678302724438844
26108,LOF,0.2650066916715345,0.10942513826896871,0.6255681700594968
26109,LOF,0.10869335890729039,0.08215640453040277,0.8091502365623068
26110,LOF,0.2712291730609774,0.006762268658445431,0.7220085582805771
26111,Neutral,0.4920807269588717,0.01738443381100076,0.49053483923012753
26112,LOF,0.03248250721964065,0.00795009618159346,0.9595673965987659
26113,LOF,0.05182707538331229,0.015706943094874744,0.932465981521813
26114,LOF,0.02930952076204382,0.026646909579892956,0.9440435696580632
26115,LOF,0.0981650123959851,0.0629016761096076,0.8389333114944073
26116,LOF,0.06152923274089169,0.0507974464858689,0.8876733207732395
26117,LOF,0.4532638822160342,0.047504244620169084,0.4992318731637967
26118,LOF,0.03903319068305074,0.025341083934116784,0.9356257253828324
26119,LOF,0.021226837713059634,0.045852744908615406,0.9329204173783251
26120,LOF,0.03061834767201626,0.026293518280907233,0.9430881340470766
26121,LOF,0.04315530760328301,0.08825337266800118,0.8685913197287158
