feature0,prediction,LoGoFunc_Neutral,LoGoFunc_GOF,LoGoFunc_LOF
25546,Neutral,0.6117229663599033,0.06064928736917927,0.32762774627091756
25547,Neutral,0.462945495353495,0.09847064974947989,0.43858385489702517
25548,Neutral,0.47478008411976913,0.07998628446897954,0.4452336314112512
25549,LOF,0.40012612264371233,0.08188812443913289,0.5179857529171548
25550,LOF,0.34656834591468116,0.11104126913000732,0.5423903849553114
25551,LOF,0.3037359256302833,0.1210111414265852,0.5752529329431315
25552,LOF,0.260577033182092,0.11978927488070736,0.6196336919372005
25553,Neutral,0.8028612086551282,0.04565890048989803,0.15147989085497385
25554,LOF,0.3028361116109404,0.10406919038182383,0.5930946980072358
25555,LOF,0.2571358350397885,0.10082941816266464,0.6420347467975468
25556,LOF,0.43317059507817895,0.09274537507587592,0.4740840298459452
25557,LOF,0.24104654346299909,0.10603781928439068,0.6529156372526103
25558,LOF,0.30145657592738506,0.10304243103850941,0.5955009930341055
25559,LOF,0.16334985575702402,0.12779037992456221,0.7088597643184138
25560,LOF,0.17344817045928393,0.11262647170399717,0.713925357836719
25561,LOF,0.17226797545309996,0.1167026822122483,0.7110293423346518
25562,LOF,0.0774469683567351,0.077424383316786,0.8451286483264789
25563,LOF,0.02402848675067898,0.14845968487354788,0.8275118283757731
25564,LOF,0.23309099421579768,0.13198716041080882,0.6349218453733934
25565,LOF,0.19220148935209116,0.15597029926146277,0.6518282113864461
25566,GOF,0.0977693219029728,0.701295638629947,0.20093503946708016
25567,LOF,0.041723878275101926,0.13953648626662649,0.8187396354582717
25568,LOF,0.06582867678158824,0.07576871421491808,0.8584026090034936
25569,LOF,0.061017005289213166,0.0787318365140992,0.8602511581966875
25570,LOF,0.025630429228251293,0.1108017352882061,0.8635678354835427
25571,LOF,0.02522241082896791,0.11871588750932383,0.8560617016617083
25572,LOF,0.058984003139911374,0.13684387075521792,0.8041721261048705
25573,LOF,0.06343808815742827,0.09479468327431988,0.8417672285682518
25574,LOF,0.06420859699147013,0.2000706485003354,0.7357207545081944
25575,LOF,0.021351275986597036,0.1311682124043973,0.8474805116090056
25576,LOF,0.02905103150068368,0.1642641116630906,0.8066848568362257
25577,LOF,0.030549141168778302,0.1300861513588162,0.8393647074724055
25578,LOF,0.2926238389502101,0.09123885473901336,0.6161373063107766
25579,LOF,0.13924690375714352,0.09563696915508625,0.7651161270877702
25580,LOF,0.019023721285297453,0.08718567523949665,0.8937906034752059
25581,LOF,0.0587511709720992,0.0724126591596684,0.8688361698682324
25582,LOF,0.058955182008648334,0.070717429183562,0.8703273888077897
25583,LOF,0.020290016427773616,0.08805860518200094,0.8916513783902253
25584,Neutral,0.6865471494570654,0.10336198313493666,0.21009086740799776
25585,LOF,0.02746356241280922,0.1379449105113866,0.8345915270758042
25586,LOF,0.01789972166261714,0.07455733615887376,0.9075429421785092
25587,LOF,0.017303598682062916,0.07016779475041297,0.9125286065675242
25588,LOF,0.021016739020754613,0.08064436338024397,0.8983388975990014
25589,Neutral,0.5392322742400673,0.19383447184718947,0.2669332539127434
25590,LOF,0.04778941247511437,0.12785436048976737,0.8243562270351182
25591,LOF,0.10706214471495287,0.06230570332980854,0.8306321519552387
25592,LOF,0.055332108494677644,0.14972083841140638,0.794947053093916
25593,LOF,0.13674890767042105,0.25540627682939027,0.6078448155001887
25594,LOF,0.053738043887877764,0.11781676633452592,0.8284451897775963
25595,LOF,0.05057184138882717,0.08880930146753797,0.8606188571436348
25596,LOF,0.11388244772218874,0.048340561082993165,0.8377769911948181
25597,LOF,0.08813575334497553,0.05379774129881585,0.8580665053562087
25598,LOF,0.05488036648287097,0.08404960492711605,0.861070028590013
25599,GOF,0.02205013092654488,0.51234265291646,0.4656072161569952
25600,GOF,0.17591485508427646,0.4945296506875335,0.32955549422819
25601,LOF,0.04036409585415435,0.4047681379607833,0.5548677661850624
25602,LOF,0.02983658224770762,0.06441843413949914,0.9057449836127933
25603,LOF,0.02911124001869637,0.032366105388732594,0.938522654592571
25604,LOF,0.03375683898272128,0.07393672546546312,0.8923064355518155
25605,LOF,0.035567502960295067,0.18371730952376034,0.7807151875159446
25606,LOF,0.40973522218247616,0.10363800450262994,0.486626773314894
25607,LOF,0.023429902292395624,0.17978553132438502,0.7967845663832193
25608,LOF,0.03595923709043551,0.07718930625620457,0.88685145665336
25609,GOF,0.14868433081715243,0.5096815442171707,0.34163412496567686
25610,LOF,0.014932851261389976,0.03029574044272308,0.9547714082958869
25611,LOF,0.012610757709975958,0.035644577933885764,0.9517446643561384
25612,LOF,0.050816884132047435,0.051460883612237086,0.8977222322557156
25613,LOF,0.047306007356368314,0.05051717218412487,0.9021768204595069
25614,LOF,0.021009054474492726,0.02749659042630643,0.9514943550992009
25615,LOF,0.044560625013192384,0.0502710830592845,0.9051682919275232
25616,LOF,0.045337875958130464,0.031023753724070693,0.9236383703177988
25617,LOF,0.04013919939499987,0.04383986740724459,0.9160209331977557
25618,LOF,0.05337780720778335,0.04054698479884742,0.9060752079933692
25619,LOF,0.012790342358513349,0.03627535289356365,0.950934304747923
25620,LOF,0.05822601071799383,0.04883406577419388,0.8929399235078124
25621,LOF,0.05535126146104412,0.04436047775284944,0.9002882607861065
25622,LOF,0.06588603587060947,0.040262908629087074,0.8938510555003034
25623,LOF,0.0740346345219827,0.03291724537264969,0.8930481201053676
25624,LOF,0.018133453438721955,0.03681831560607874,0.9450482309551992
25625,LOF,0.06596255426150197,0.04595695117893684,0.8880804945595612
25626,LOF,0.047151212658368115,0.04944061150225187,0.90340817583938
25627,Neutral,0.8954293766228173,0.01884718961128086,0.08572343376590182
25628,LOF,0.12760118784752303,0.06345881440138589,0.8089399977510912
25629,LOF,0.06420877276032387,0.04737940403566521,0.8884118232040108
25630,LOF,0.2638724527865566,0.08005463803767697,0.6560729091757665
25631,Neutral,0.5490415384186151,0.06404281966384133,0.3869156419175436
25632,LOF,0.026871618088879615,0.0679416134467893,0.9051867684643311
25633,LOF,0.18265140224016316,0.03640841030795013,0.7809401874518866
25634,LOF,0.03262942550497805,0.07803723199345478,0.8893333425015671
25635,LOF,0.0350727591560839,0.043996339032313085,0.920930901811603
25636,LOF,0.03424285381078126,0.43453949607387593,0.5312176501153428
25637,LOF,0.06888192142434506,0.4561049142546043,0.4750131643210506
25638,LOF,0.03099690911170866,0.2961738757200239,0.6728292151682675
25639,LOF,0.03237226433279217,0.31397183902305054,0.6536558966441572
25640,Neutral,0.8169195104889722,0.1413173658151792,0.041763123695848635
25641,GOF,0.0633463436480102,0.48473123230617804,0.45192242404581173
25642,LOF,0.03986339228239913,0.15477934946109448,0.8053572582565063
25643,LOF,0.22222997462352656,0.1636169061487679,0.6141531192277054
25644,LOF,0.02546627792255806,0.41213991905207303,0.5623938030253689
25645,LOF,0.02654118704505783,0.3759847259410854,0.5974740870138567
25646,LOF,0.06745737005095931,0.29119314125497703,0.6413494886940637
25647,LOF,0.030238159804857865,0.22388030355155245,0.7458815366435897
25648,LOF,0.04043778158670418,0.22180868191811395,0.7377535364951818
25649,LOF,0.01873940522583014,0.21458912196191737,0.7666714728122526
25650,LOF,0.06178339105492291,0.36472099765515387,0.5734956112899232
25651,LOF,0.0194146180331783,0.240857054656991,0.7397283273098307
25652,LOF,0.04401967370020044,0.22799321284129823,0.7279871134585014
25653,LOF,0.09254361927337532,0.3531640065967669,0.5542923741298578
25654,LOF,0.03004332748925955,0.1893555454432234,0.7806011270675172
25655,LOF,0.254921970937571,0.3441571752291965,0.4009208538332325
25656,LOF,0.24400133092726567,0.0464981070087872,0.7095005620639472
25657,LOF,0.0623997766479738,0.05203941108368337,0.8855608122683428
25658,LOF,0.3491246733402372,0.05280266041436852,0.5980726662453942
25659,Neutral,0.5226166821199473,0.07893127661268146,0.3984520412673713
25660,LOF,0.021309459841971613,0.08442933420690238,0.8942612059511259
25661,LOF,0.09188771721513662,0.06184533821925737,0.8462669445656059
25662,LOF,0.031407274573805335,0.03416183414546147,0.9344308912807331
25663,LOF,0.04051952953741906,0.04658946930818314,0.9128910011543978
25664,LOF,0.1395297087526182,0.06669071560299095,0.793779575644391
25665,LOF,0.052755068244637826,0.03167120689141938,0.9155737248639428
25666,LOF,0.09087336679058614,0.07663244999631652,0.8324941832130974
25667,LOF,0.06454617268749963,0.03796108787379256,0.8974927394387078
25668,LOF,0.03451559301328851,0.04785225321741062,0.9176321537693009
25669,LOF,0.0298723386181651,0.049705844261427656,0.9204218171204073
25670,LOF,0.14414091472671078,0.06346677436263724,0.7923923109106519
25671,LOF,0.1013787312447641,0.034210761499240544,0.8644105072559953
25672,LOF,0.05010726575754536,0.04332380838608038,0.9065689258563743
25673,LOF,0.08026213313394302,0.05059158942742613,0.8691462774386308
25674,LOF,0.0684467131698752,0.060469365087108914,0.8710839217430159
25675,LOF,0.12428182983628118,0.05553553204848177,0.8201826381152371
25676,LOF,0.017221581491104535,0.05065272456452681,0.9321256939443686
25677,LOF,0.024378167144763447,0.06843151279507811,0.9071903200601585
25678,LOF,0.1923305676867699,0.0621172030648263,0.7455522292484038
25679,LOF,0.1299227130041326,0.08064900197440995,0.7894282850214575
25680,LOF,0.03241127185532246,0.10897241161789659,0.858616316526781
25681,LOF,0.0504974336441067,0.09916538741860226,0.8503371789372911
25682,LOF,0.12266191612341168,0.07544229249153182,0.8018957913850565
25683,LOF,0.11121708593756081,0.09453432363007722,0.794248590432362
25684,LOF,0.03913689010499947,0.07471626949239824,0.8861468404026023
25685,LOF,0.1268496154094232,0.0495019081974562,0.8236484763931206
25686,LOF,0.07637776523175925,0.08609890083485268,0.8375233339333881
25687,LOF,0.11594544777842199,0.09502318356575343,0.7890313686558246
25688,LOF,0.3235287070744659,0.03821487005596445,0.6382564228695696
25689,LOF,0.24659972190828078,0.03955959044255727,0.713840687649162
25690,LOF,0.35984487045724084,0.03387849707018048,0.6062766324725788
25691,Neutral,0.6869957704698398,0.024766268434175693,0.2882379610959845
25692,LOF,0.28830173224116823,0.013084079974290263,0.6986141877845415
25693,LOF,0.048443129973221775,0.44907597916448255,0.5024808908622956
25694,LOF,0.11756755860658503,0.016779518733098086,0.8656529226603169
25695,LOF,0.10854316841139694,0.01587982739696121,0.875577004191642
25696,LOF,0.1038983315993792,0.008963120940414201,0.8871385474602067
25697,LOF,0.1146996072069551,0.031244819349948556,0.8540555734430963
25698,LOF,0.3600008486790406,0.1937443176222858,0.44625483369867364
25699,LOF,0.4636851008994147,0.04112089126657969,0.49519400783400547
25700,LOF,0.06260155579176503,0.009203677884642075,0.9281947663235929
25701,LOF,0.13337070312576677,0.051515658211920896,0.8151136386623123
25702,GOF,0.17199527036780413,0.5829851226782632,0.24501960695393257
25703,LOF,0.016645655791888044,0.16150924927736668,0.8218450949307452
25704,LOF,0.048550960829174594,0.1180280493021052,0.8334209898687203
25705,LOF,0.06292116267934565,0.206219012915928,0.7308598244047264
25706,LOF,0.08691364382933302,0.45265983892732436,0.46042651724334244
25707,LOF,0.07521826456248915,0.34708038488975734,0.5777013505477535
25708,LOF,0.029175255448988337,0.3076276018312254,0.6631971427197862
25709,LOF,0.0635840926681282,0.040478921788298775,0.895936985543573
25710,LOF,0.011034284475683826,0.14713113682269474,0.8418345787016214
25711,LOF,0.017528163494263074,0.10259036789174865,0.8798814686139883
25712,LOF,0.01409507533108319,0.1959623885452243,0.7899425361236926
25713,LOF,0.018579181468208743,0.08670104192581514,0.8947197766059761
25714,LOF,0.07060360687516776,0.08025684861120883,0.8491395445136234
25715,LOF,0.01065412353765357,0.15048512593261704,0.8388607505297295
25716,LOF,0.013031065429955224,0.11906568699706442,0.8679032475729803
25717,LOF,0.013856865767541991,0.0823673662923095,0.9037757679401486
25718,LOF,0.012189951999512089,0.09695989791032607,0.8908501500901619
25719,LOF,0.01723390075186809,0.07986615127188611,0.9028999479762457
25720,LOF,0.022642783383407618,0.07284612826421336,0.904511088352379
25721,LOF,0.014516085042607776,0.11615576129886127,0.869328153658531
25722,LOF,0.013727159693528519,0.12469038260665471,0.8615824576998168
25723,LOF,0.022975087650443128,0.042178588094039446,0.9348463242555174
25724,LOF,0.023364117600678365,0.08703016365626183,0.8896057187430598
25725,LOF,0.011333897357939472,0.06805001640223482,0.9206160862398256
25726,LOF,0.015234217464605078,0.10196852243651568,0.8827972600988792
25727,LOF,0.012586505242523248,0.0773894228886898,0.910024071868787
25728,LOF,0.009592447486624845,0.11810703351801964,0.8723005189953554
25729,LOF,0.009985505391385678,0.1157775692771335,0.8742369253314808
25730,LOF,0.013528472029267097,0.08498709380560457,0.9014844341651285
25731,LOF,0.020659140611656003,0.12133727549824105,0.8580035838901029
25732,LOF,0.014229493757004004,0.07765651124669865,0.9081139949962973
25733,LOF,0.014317329829929015,0.07633519597374268,0.9093474741963283
25734,LOF,0.012602855089057344,0.12806281870444958,0.8593343262064931
25735,LOF,0.012693567743977322,0.08986828078988648,0.8974381514661361
25736,LOF,0.013862785489723703,0.10490735740019079,0.8812298571100856
25737,LOF,0.02060207605729815,0.08639522171275674,0.8930027022299452
25738,LOF,0.011656622378218805,0.10468699807545619,0.883656379546325
25739,LOF,0.01970980107264586,0.07521739640879371,0.9050728025185604
25740,LOF,0.024012255761729117,0.10414419468606806,0.8718435495522028
25741,LOF,0.014771352573040018,0.11228285825764615,0.8729457891693139
25742,LOF,0.11119304574509958,0.08438776738015229,0.8044191868747481
25743,LOF,0.030669354226280632,0.038323219140828105,0.9310074266328912
25744,Neutral,0.5998538525228012,0.19315180687541575,0.20699434060178298
25745,LOF,0.0846635893108406,0.0692537195403051,0.8460826911488541
25746,LOF,0.040743047581839144,0.08522708144483503,0.8740298709733259
25747,LOF,0.02262729278892855,0.043073716213362194,0.9342989909977092
25748,LOF,0.10077145251936442,0.0640912426420146,0.835137304838621
25749,LOF,0.025595433058121574,0.08154388395847936,0.892860682983399
25750,LOF,0.07847096486827423,0.0844879836749272,0.8370410514567985
25751,LOF,0.0895344906006655,0.0680579370745752,0.8424075723247593
25752,GOF,0.12000713271816961,0.6468368694859843,0.23315599779584614
25753,LOF,0.019163553602715516,0.26163659800179834,0.7191998483954861
25754,GOF,0.011124441127332848,0.7945517146775112,0.19432384419515597
25755,LOF,0.020947607658340684,0.3837911821546768,0.5952612101869825
25756,LOF,0.04198241404848919,0.36155792861616853,0.5964596573353423
25757,GOF,0.014331468292535182,0.8525031417636423,0.1331653899438225
25758,GOF,0.027813855549653366,0.8271497205274096,0.14503642392293697
25759,GOF,0.011085737754857054,0.5553520023887607,0.4335622598563823
25760,LOF,0.012793530654430167,0.23290616597913355,0.7543003033664363
25761,GOF,0.2860999457397458,0.63041316698089,0.08348688727936417
25762,LOF,0.03684076986717621,0.251592027753895,0.7115672023789288
25763,LOF,0.013860029666722107,0.18989112943693856,0.7962488408963393
25764,GOF,0.06989885505971222,0.6100214427905174,0.32007970214977033
25765,GOF,0.0368192343063715,0.7485855075832311,0.21459525811039734
25766,GOF,0.0672117591888394,0.7458305966556715,0.18695764415548904
25767,GOF,0.15894617800099048,0.5512064651985485,0.2898473568004609
25768,LOF,0.0904231097059832,0.0602202605057986,0.8493566297882181
25769,LOF,0.07167542118163431,0.05645459689192506,0.8718699819264405
25770,LOF,0.3065477237531287,0.08891382924827564,0.6045384469985957
25771,LOF,0.04148848409929908,0.047384388783077165,0.9111271271176238
25772,LOF,0.016480236779463725,0.029701584549535837,0.9538181786710005
25773,LOF,0.05092506484133693,0.08586807740110755,0.8632068577575556
25774,LOF,0.029742507336412035,0.07000838928558074,0.9002491033780073
25775,LOF,0.05104812321963992,0.04255534233326396,0.906396534447096
25776,LOF,0.06750166640213032,0.0205460346855149,0.9119522989123547
25777,LOF,0.3632563945980128,0.05279204035620554,0.5839515650457817
25778,LOF,0.06938089038637772,0.04017244953683363,0.8904466600767886
25779,GOF,0.38923325053942875,0.5684976303969219,0.04226911906364923
25780,GOF,0.2945670296471682,0.6338463128196673,0.0715866575331645
25781,GOF,0.1462617503974115,0.755102247090751,0.09863600251183745
25782,GOF,0.2086661910171002,0.7154633864551748,0.07587042252772502
25783,GOF,0.023341830027508684,0.625938551079559,0.35071961889293235
25784,Neutral,0.5216993142142796,0.44006840324564545,0.03823228254007491
25785,Neutral,0.4862345128759909,0.4790370048924836,0.03472848223152556
25786,GOF,0.03280265532592003,0.7436558730016077,0.2235414716724722
25787,Neutral,0.6643603983198353,0.31017792621111284,0.025461675469051776
25788,LOF,0.053025374645612425,0.09782314408873925,0.8491514812656482
25789,GOF,0.23005019480819447,0.6297947286238682,0.14015507656793727
25790,GOF,0.2537491092550661,0.6425360076797348,0.10371488306519898
25791,GOF,0.2049343226913722,0.6204887649283356,0.17457691238029213
25792,GOF,0.3952505078508593,0.4824207899843024,0.12232870216483843
25793,GOF,0.26922509746800943,0.5059016313566566,0.22487327117533407
25794,GOF,0.3274731930619735,0.4983170740445217,0.17420973289350478
25795,GOF,0.08936283031910777,0.6698294869695752,0.24080768271131703
25796,Neutral,0.567667586451104,0.35514913187887737,0.0771832816700185
25797,GOF,0.09107543155860645,0.5268806060905549,0.3820439623508387
25798,LOF,0.009356776010066743,0.47237415828394486,0.5182690657059884
25799,LOF,0.007267046026857066,0.3548351584572515,0.6378977955158915
25800,GOF,0.03495507228653795,0.5726388250734274,0.39240610264003467
25801,GOF,0.23862315436258866,0.6430205211617703,0.11835632447564082
25802,GOF,0.08105303784860063,0.6626951041135887,0.25625185803781075
25803,GOF,0.03713727495644606,0.5771532677772541,0.38570945726629985
25804,LOF,0.031193302081529685,0.4527590177988608,0.5160476801196096
25805,GOF,0.11217292719474625,0.5719569299291009,0.31587014287615284
25806,GOF,0.1056893382948421,0.5937532922301517,0.3005573694750061
25807,GOF,0.020559947332511812,0.6094583146020843,0.3699817380654038
25808,GOF,0.09827377142432045,0.6220258645141213,0.2797003640615582
25809,GOF,0.018433114616896944,0.5585696931573116,0.42299719222579146
25810,GOF,0.018330333352638176,0.6024296335775252,0.37924003306983656
25811,Neutral,0.48466137018646144,0.4389282265605268,0.07641040325301171
25812,GOF,0.03394082609611095,0.614135159042108,0.351924014861781
25813,Neutral,0.528176687849702,0.3771204276335487,0.09470288451674935
25814,GOF,0.13111161530464674,0.6275795302438489,0.24130885445150435
25815,GOF,0.20181170511476787,0.5982793859138528,0.19990890897137925
25816,GOF,0.021898956717899088,0.6910372275625386,0.28706381571956224
25817,GOF,0.23337135347678645,0.6467815845328855,0.11984706199032796
25818,GOF,0.056291710033524324,0.6352061699369304,0.30850212002954525
25819,GOF,0.37013789460936836,0.4859258125603646,0.14393629283026718
25820,GOF,0.19689442888831205,0.5936240696678984,0.20948150144378955
25821,GOF,0.06170195779156983,0.6607348459782986,0.2775631962301317
25822,GOF,0.22043536734824956,0.5589057803339277,0.2206588523178228
25823,GOF,0.033570143719130474,0.5150948244721958,0.4513350318086737
25824,GOF,0.08793919012134876,0.5951394650912548,0.31692134478739636
25825,GOF,0.03587013286107327,0.5909874700598946,0.37314239707903213
25826,GOF,0.015561207468475427,0.5491828156080825,0.43525597692344203
25827,GOF,0.026436735390585848,0.5733642259437934,0.4001990386656208
25828,GOF,0.014061757589759244,0.4947613900473024,0.4911768523629384
25829,GOF,0.005768088013739986,0.5546822345481772,0.4395496774380828
25830,LOF,0.03867165344695426,0.27887321419890465,0.682455132354141
25831,GOF,0.2510713286530705,0.637300225414652,0.11162844593227743
25832,GOF,0.04043261701543861,0.6951501656940277,0.26441721729053375
25833,GOF,0.136456557431241,0.7194562688421952,0.14408717372656388
25834,GOF,0.039799728225866624,0.7139601348957846,0.24624013687834884
25835,GOF,0.08709587961871866,0.7600975674784666,0.15280655290281486
25836,GOF,0.040645094677240194,0.6879424417522358,0.27141246357052395
25837,GOF,0.0318894454218745,0.5564426415769843,0.4116679130011412
25838,GOF,0.10374121430841596,0.7570259222449405,0.1392328634466435
25839,GOF,0.3247035132681088,0.5504287821043321,0.124867704627559
25840,GOF,0.25357317954448155,0.6058052276923752,0.14062159276314326
25841,GOF,0.2550939114205141,0.611656256855822,0.133249831723664
25842,GOF,0.19336233329710906,0.6991954338912091,0.10744223281168182
25843,GOF,0.24821625403984016,0.6734454305652691,0.07833831539489089
25844,GOF,0.07391564337552857,0.7059477570558326,0.22013659956863876
25845,LOF,0.017802825391174594,0.4699130914626353,0.5122840831461901
25846,GOF,0.13917881105695337,0.7040800259228093,0.1567411630202374
25847,GOF,0.11736166983629122,0.782844708424948,0.0997936217387607
25848,GOF,0.04100576760980717,0.6862233009459863,0.2727709314442065
25849,GOF,0.011827035106542884,0.5561027332097243,0.432070231683733
25850,GOF,0.024765942341179646,0.6339686769024551,0.34126538075636537
25851,GOF,0.020768310531658986,0.5075164529617799,0.47171523650656116
25852,GOF,0.17110455711228886,0.5207650419145106,0.3081304009732005
25853,GOF,0.3483828780825045,0.5787963293154057,0.07282079260208986
25854,GOF,0.02555811129869267,0.5890979699302856,0.38534391877102175
25855,GOF,0.036618626449254336,0.551757438299151,0.4116239352515947
25856,GOF,0.24492420384269356,0.5460226235670975,0.2090531725902089
25857,GOF,0.03818571245514361,0.48793019528455267,0.47388409226030376
25858,GOF,0.02134057505829042,0.5151628786358209,0.46349654630588877
25859,LOF,0.011078159443196471,0.48078676457081126,0.5081350759859924
25860,GOF,0.3864296452832011,0.5284551580569523,0.08511519665984658
25861,GOF,0.4474581720985731,0.4849531564631567,0.06758867143827017
25862,GOF,0.10327817116054532,0.7631251625461083,0.1335966662933465
25863,GOF,0.09737620023551226,0.7601755423956286,0.1424482573688591
25864,GOF,0.22256907075245444,0.7066270553990465,0.07080387384849915
25865,GOF,0.09890305071349649,0.7919615229140373,0.10913542637246633
25866,GOF,0.06465075775350232,0.7705913283081366,0.1647579139383612
25867,GOF,0.09371286317912389,0.8054257375484175,0.10086139927245855
25868,GOF,0.27599311499337914,0.6233835026909068,0.1006233823157141
25869,Neutral,0.7301990872485666,0.22534549819602984,0.044455414555403555
25870,GOF,0.2800443943244544,0.3813108802050068,0.33864472547053887
25871,GOF,0.2271270192321814,0.6262993649431361,0.1465736158246826
25872,GOF,0.08698473169453624,0.6381594529384285,0.2748558153670353
25873,GOF,0.138754363047445,0.6556112309396416,0.2056344060129135
25874,LOF,0.015733735801739143,0.1034536554458271,0.8808126087524336
25875,LOF,0.09184154514223175,0.03858653032455785,0.8695719245332104
25876,LOF,0.03656485549588213,0.025636299615138105,0.9377988448889797
25877,Neutral,0.5216175056765527,0.04635564232022542,0.4320268520032218
25878,LOF,0.22159763845371275,0.09650673356552733,0.68189562798076
25879,LOF,0.09069883213649647,0.08942748999948684,0.8198736778640167
25880,LOF,0.04298183110033639,0.0145131206853234,0.9425050482143402
25881,LOF,0.16441453536333125,0.11641489490314504,0.7191705697335237
25882,LOF,0.05813966858324511,0.01680340709103887,0.9250569243257161
25883,LOF,0.06500611410865954,0.019191449875202275,0.9158024360161381
25884,LOF,0.02920364607984799,0.03192804456549809,0.9388683093546538
25885,LOF,0.05727626645893007,0.012999119132392307,0.9297246144086777
25886,LOF,0.2729826235238872,0.03938267615109973,0.6876347003250131
25887,LOF,0.15131692272444464,0.06848545295957284,0.7801976243159825
25888,LOF,0.06562162992143128,0.06035935337057076,0.874019016707998
25889,LOF,0.03834441729851078,0.022057017251383253,0.9395985654501059
25890,LOF,0.05051778866485485,0.1515647173586365,0.7979174939765086
25891,LOF,0.03484557537274207,0.051098835106228556,0.9140555895210294
25892,LOF,0.09496140507053612,0.02266737518825356,0.8823712197412102
25893,LOF,0.24914866788802628,0.02032159605760438,0.7305297360543692
25894,LOF,0.18155886743052047,0.010910436341299463,0.8075306962281801
25895,LOF,0.20936697562520334,0.02118994380246951,0.7694430805723272
25896,LOF,0.052413253133912936,0.024865659387012046,0.9227210874790749
25897,LOF,0.27852293165956143,0.011677578104759426,0.7097994902356791
25898,Neutral,0.7065030732966082,0.010242636600736602,0.2832542901026552
25899,LOF,0.2448770196898526,0.023660245590545862,0.7314627347196015
25900,LOF,0.4789195364402306,0.01567554199804012,0.5054049215617293
25901,LOF,0.06181473555092306,0.01295113104546666,0.9252341334036103
25902,LOF,0.1857186304996024,0.014598085944996626,0.799683283555401
25903,Neutral,0.5921876259575857,0.028044574583199224,0.37976779945921496
25904,LOF,0.34164027030795163,0.05650312848417645,0.6018566012078719
25905,LOF,0.022412021451483737,0.3216254552688947,0.6559625232796215
25906,LOF,0.030304919665722983,0.07440022523387448,0.8952948551004025
25907,LOF,0.01337869668063821,0.32660279691059324,0.6600185064087686
25908,LOF,0.009373711063430245,0.2516113692756674,0.7390149196609023
25909,LOF,0.012153379208995363,0.1287295072392225,0.8591171135517822
25910,LOF,0.05037110036911532,0.13516868964618317,0.8144602099847014
25911,LOF,0.18452935509923502,0.020020869278640916,0.795449775622124
25912,LOF,0.056652229058707,0.03621269926334533,0.9071350716779477
25913,LOF,0.3371946442047992,0.017441079366716475,0.6453642764284844
25914,LOF,0.020061845066542894,0.06856574575998017,0.911372409173477
25915,Neutral,0.5666975522322133,0.1908437790393747,0.24245866872841196
25916,LOF,0.08626555886228282,0.236372024445411,0.6773624166923061
25917,LOF,0.0637286656146032,0.04893729592947416,0.8873340384559225
25918,LOF,0.020676012207575457,0.04246650147885769,0.9368574863135668
25919,LOF,0.01875860841715474,0.045454760430681314,0.9357866311521639
25920,GOF,0.11082653008632194,0.555238690581787,0.3339347793318911
25921,LOF,0.023923085640742046,0.027329409804504254,0.9487475045547538
25922,LOF,0.03424004885216521,0.020001413018289223,0.9457585381295456
25923,LOF,0.428138144199497,0.02508259005815035,0.5467792657423528
25924,LOF,0.03752483771912305,0.0356187995073157,0.9268563627735613
25925,LOF,0.06990024993033359,0.030016350304542763,0.9000833997651236
25926,LOF,0.050776742533593204,0.025213181241398187,0.9240100762250085
25927,LOF,0.05975671666610263,0.10021582137354805,0.8400274619603494
25928,LOF,0.01856136162222134,0.039244116634697804,0.9421945217430809
25929,Neutral,0.546274454562615,0.026741096178446288,0.4269844492589387
25930,LOF,0.06992583985200905,0.022755469041163018,0.907318691106828
25931,LOF,0.024762331716270417,0.0226288687463293,0.9526087995374003
25932,LOF,0.028968000211186205,0.019609416193891366,0.9514225835949225
25933,LOF,0.03907488271197876,0.013352711663262079,0.9475724056247591
25934,LOF,0.02579109185866629,0.015229571097672487,0.9589793370436612
25935,LOF,0.06033893516178403,0.03675721488093733,0.9029038499572786
25936,LOF,0.04786735150013462,0.016941619788459487,0.9351910287114059
25937,LOF,0.027221313909564632,0.026649043783371615,0.9461296423070639
25938,LOF,0.06036601688881472,0.039320780763484706,0.9003132023477006
25939,LOF,0.04186424254017807,0.013868164724155063,0.9442675927356668
25940,LOF,0.027446590409634583,0.39069714270656347,0.5818562668838019
25941,LOF,0.17210892868783742,0.1038390715752576,0.7240519997369049
25942,LOF,0.01353785040464986,0.034681057317650296,0.9517810922776999
25943,LOF,0.3027047403609083,0.05450343195138941,0.6427918276877024
25944,Neutral,0.49044742753232073,0.02229442371576139,0.4872581487519178
25945,LOF,0.07062600588463296,0.022518992998329154,0.906855001117038
25946,LOF,0.029259383565914406,0.11242584962964608,0.8583147668044395
25947,LOF,0.10912802339060809,0.215483020408977,0.675388956200415
25948,LOF,0.3610415391309879,0.007627350655669689,0.6313311102133423
25949,LOF,0.14236258673377086,0.03596075848841177,0.8216766547778174
25950,GOF,0.29272065893412913,0.3966847120360607,0.31059462902981005
25951,LOF,0.2239219650112846,0.2659840872935378,0.5100939476951777
25952,LOF,0.0412842290424777,0.45548367206718854,0.5032320988903337
25953,LOF,0.15520284023261968,0.10660917167175142,0.7381879880956289
25954,Neutral,0.45164279532021123,0.1922899934416331,0.3560672112381556
25955,LOF,0.061069233746737714,0.08903305698004377,0.8498977092732185
25956,LOF,0.18423408691559798,0.10976956335385393,0.705996349730548
25957,LOF,0.03855370509905939,0.028418499582042102,0.9330277953188986
25958,LOF,0.05943392520962343,0.02707134292366095,0.9134947318667157
25959,LOF,0.07126399208183255,0.3778799476496503,0.5508560602685171
25960,LOF,0.016180283481917846,0.05006868997633911,0.933751026541743
25961,LOF,0.0435413754551189,0.028447026587546928,0.9280115979573341
25962,LOF,0.05911549328613888,0.02434194098107547,0.9165425657327857
25963,LOF,0.05004406098292219,0.18846676474383184,0.761489174273246
25964,LOF,0.03372332584781186,0.15079369519158095,0.8154829789606072
25965,LOF,0.45340084496273475,0.06960291875271815,0.47699623628454707
25966,Neutral,0.5153430118492301,0.17904250915048747,0.3056144790002824
25967,LOF,0.01814215032542514,0.11572096914011375,0.8661368805344611
25968,LOF,0.026850543082791355,0.4373343228179127,0.5358151340992959
25969,LOF,0.02550925366219847,0.06322416475000953,0.911266581587792
25970,LOF,0.06223185776554024,0.0589492194501409,0.878818922784319
25971,LOF,0.05875209951314506,0.018458836222620678,0.9227890642642343
25972,LOF,0.06507463663139593,0.023439210393860037,0.911486152974744
25973,LOF,0.07126535463430979,0.010393423212569993,0.9183412221531201
25974,LOF,0.20288975043835683,0.018464936836790177,0.7786453127248529
25975,LOF,0.042144788622308985,0.029847667859938188,0.9280075435177528
25976,LOF,0.04036254767552321,0.018825384468875384,0.9408120678556013
25977,LOF,0.1551443921276782,0.08883325044416311,0.7560223574281587
25978,LOF,0.14428062681693243,0.06387723482021382,0.7918421383628538
25979,LOF,0.13371726515052798,0.06306601898989606,0.803216715859576
25980,LOF,0.22353056249050895,0.07887072220942247,0.6975987153000687
25981,LOF,0.25593712873562274,0.07688953194671669,0.6671733393176607
25982,LOF,0.4172837973569702,0.04663091570246318,0.5360852869405667
25983,LOF,0.388474922109978,0.052360652365843675,0.5591644255241782
25984,LOF,0.044308511684556566,0.04421410596906623,0.9114773823463772
25985,LOF,0.03824669414776702,0.261573565291528,0.7001797405607051
25986,LOF,0.0416118489620175,0.3046880453898578,0.6537001056481248
25987,LOF,0.07161988991444578,0.06617040592947097,0.8622097041560833
25988,LOF,0.15201124082729503,0.05813608627541138,0.7898526728972937
25989,LOF,0.031825802532993636,0.12841558191791108,0.8397586155490954
25990,LOF,0.04308872152777259,0.1551745704212254,0.8017367080510021
25991,LOF,0.11578740971924048,0.3194976725322735,0.564714917748486
25992,LOF,0.297987784736469,0.19162275937538265,0.5103894558881483
25993,LOF,0.023141466803095017,0.08340834484906784,0.8934501883478372
25994,LOF,0.017401510550783574,0.10639552263150615,0.8762029668177104
25995,LOF,0.02452101201329546,0.2310971155712761,0.7443818724154283
25996,GOF,0.2976796127279133,0.4612797025900192,0.24104068468206752
25997,LOF,0.07561981922528424,0.4184529035906088,0.5059272771841069
25998,Neutral,0.5104243880141253,0.02254752994526647,0.46702808204060814
25999,LOF,0.10513942475272058,0.09534149481677734,0.7995190804305021
26000,LOF,0.15085223327147795,0.043104099467168755,0.8060436672613533
26001,LOF,0.1943143793729827,0.051990573526225624,0.7536950471007916
26002,LOF,0.14949710969593302,0.04457857077821802,0.8059243195258489
26003,GOF,0.010671598460483432,0.5726572022776517,0.41667119926186497
26004,GOF,0.018853114760633387,0.6615070831979595,0.3196398020414072
26005,LOF,0.007109118497466569,0.437817946161102,0.5550729353414314
26006,Neutral,0.5104548216213232,0.2530217308358393,0.23652344754283752
26007,GOF,0.02094608313689841,0.5188475474158677,0.4602063694472339
26008,GOF,0.015540686806677214,0.5880581456897271,0.3964011675035956
26009,GOF,0.019211246169484334,0.664036578826892,0.3167521750036236
26010,GOF,0.023257395579298058,0.6537728850422573,0.32296971937844465
26011,LOF,0.006685218855204688,0.43580864507198863,0.5575061360728066
26012,GOF,0.012549749955845296,0.5397792169195912,0.4476710331245636
26013,GOF,0.01811441469206853,0.6037019215461479,0.37818366376178353
26014,LOF,0.04370352406080458,0.10775871863195977,0.8485377573072357
26015,LOF,0.16746512468675592,0.014937946616145045,0.8175969286970991
26016,LOF,0.2187072270548532,0.05528084285378235,0.7260119300913646
26017,LOF,0.234646752853237,0.0822433593442725,0.6831098878024905
26018,LOF,0.08982619491080163,0.033439978914779525,0.8767338261744189
26019,LOF,0.08511600766659666,0.027680120737869972,0.8872038715955335
26020,LOF,0.06958645434281768,0.1050167265801017,0.8253968190770807
26021,LOF,0.053504909392208685,0.10343276721514605,0.8430623233926452
26022,LOF,0.011528830045824058,0.0379505893500962,0.9505205806040797
26023,LOF,0.07479508963024742,0.021282848401506183,0.9039220619682464
26024,LOF,0.037460150007805094,0.10962846185411373,0.8529113881380811
26025,LOF,0.172178210880711,0.07865431885329406,0.749167470265995
26026,LOF,0.3548754661690217,0.028074865780152922,0.6170496680508254
26027,LOF,0.07020882130152137,0.016048490775567602,0.913742687922911
26028,LOF,0.16529523289353068,0.0629408410262022,0.7717639260802672
26029,LOF,0.07124495096327209,0.22705134699854723,0.7017037020381808
26030,LOF,0.022188972927530942,0.05911237069058741,0.9186986563818815
26031,LOF,0.025937614971141967,0.1668415417554553,0.8072208432734027
26032,LOF,0.06797701379446269,0.0960903649922179,0.8359326212133193
26033,LOF,0.08255328838693224,0.09567980180536123,0.8217669098077065
26034,LOF,0.04081530528934581,0.19180330704612333,0.7673813876645308
26035,LOF,0.02524562416991887,0.18283682866034912,0.7919175471697321
26036,LOF,0.03765436321765111,0.20312526549890877,0.7592203712834401
26037,LOF,0.020970435220369496,0.15354314910114367,0.8254864156784868
26038,LOF,0.06382530634017312,0.09798280464973737,0.8381918890100896
26039,LOF,0.04703715348720509,0.19033243908724112,0.7626304074255539
26040,LOF,0.19789995030732435,0.16558021906706516,0.6365198306256106
26041,LOF,0.021027235233919223,0.1406913470345075,0.8382814177315733
26042,LOF,0.019862542422080277,0.13414870186599154,0.8459887557119281
26043,LOF,0.06442181320587487,0.11449216627984563,0.8210860205142796
26044,LOF,0.019527014435500867,0.07499220955331018,0.9054807760111889
26045,LOF,0.06807642701865738,0.13087051679798364,0.801053056183359
26046,LOF,0.05956940040050053,0.09265515972246931,0.8477754398770302
26047,LOF,0.07926724906094178,0.09810212586829752,0.8226306250707607
26048,LOF,0.04574992712293391,0.04484863838681372,0.9094014344902525
26049,Neutral,0.9667346904665646,0.008194826479252975,0.025070483054182507
26050,Neutral,0.9529101097847502,0.01065926580285886,0.03643062441239096
26051,LOF,0.05146127284264746,0.2775837513440023,0.6709549758133502
26052,LOF,0.0641937433123999,0.33261157580874534,0.6031946808788547
26053,LOF,0.06529407476118926,0.12112929776795874,0.8135766274708521
26054,LOF,0.05442250664752806,0.017004464153974302,0.9285730291984975
26055,LOF,0.07288682530632244,0.013977640246264916,0.9131355344474126
26056,LOF,0.06543222573228763,0.01626703383228147,0.9183007404354309
26057,LOF,0.030006694467472457,0.011571397980720046,0.9584219075518075
26058,LOF,0.030959296513296018,0.009438645364178488,0.9596020581225256
26059,LOF,0.28611301160220715,0.020805480276868165,0.6930815081209246
26060,LOF,0.0385928969014765,0.17839261734548445,0.783014485753039
26061,LOF,0.018525290949908447,0.011233035730486953,0.9702416733196048
26062,LOF,0.010464067645659502,0.01674369183840572,0.9727922405159348
26063,LOF,0.02084204233759067,0.010768424289202766,0.9683895333732067
26064,LOF,0.022554640544129763,0.02016898317444237,0.9572763762814278
26065,LOF,0.025781807846656218,0.010774488041798709,0.9634437041115451
26066,LOF,0.020182336619938908,0.01092439509928483,0.9688932682807763
26067,LOF,0.026742788614159987,0.008469842888235294,0.9647873684976047
26068,LOF,0.0443993826731252,0.027296483257601572,0.9283041340692731
26069,LOF,0.2665337505035365,0.019191609613095243,0.7142746398833683
26070,LOF,0.3841374593313507,0.015032765284352767,0.6008297753842967
26071,LOF,0.021034578002530332,0.011859812190898721,0.967105609806571
26072,LOF,0.024336477652982306,0.015919900608354538,0.9597436217386631
26073,LOF,0.0205498644031041,0.009944925886046901,0.9695052097108491
26074,Neutral,0.8993026363927423,0.00563104464933759,0.09506631895792009
26075,LOF,0.04411661702736083,0.01473048442191799,0.9411528985507213
26076,LOF,0.04030438350943874,0.008772298362296522,0.9509233181282648
26077,LOF,0.009793870299268554,0.01430535928760097,0.9759007704131305
26078,LOF,0.013487815520147694,0.01150046425306349,0.9750117202267888
26079,LOF,0.06188855844910132,0.016724664210624327,0.9213867773402743
26080,LOF,0.06017543072847911,0.016752957606519105,0.9230716116650017
26081,LOF,0.035156127792892455,0.006058747792079744,0.9587851244150277
26082,LOF,0.013929673166984539,0.015684106085701182,0.9703862207473142
26083,LOF,0.1808662788159086,0.012609360593185778,0.8065243605909057
26084,LOF,0.04279530714983519,0.010561127871452396,0.9466435649787125
26085,LOF,0.0386050502936358,0.010135799033409684,0.9512591506729546
26086,LOF,0.01967551861014352,0.010412393144045224,0.9699120882458113
26087,LOF,0.022987641000848397,0.007687757455235231,0.9693246015439164
26088,LOF,0.01620438274258651,0.02348885843340152,0.9603067588240121
26089,LOF,0.044194732020762045,0.021861901735982653,0.9339433662432552
26090,LOF,0.04360175584979297,0.017670563122786954,0.93872768102742
26091,LOF,0.0331710236012302,0.005857304241361479,0.9609716721574084
26092,LOF,0.023903906313844283,0.0075742724244791575,0.9685218212616765
26093,LOF,0.03219796624900741,0.005526962459409777,0.9622750712915827
26094,LOF,0.03396951670175837,0.005831982514034708,0.9601985007842069
26095,LOF,0.04339185063431483,0.012499007926944467,0.9441091414387408
26096,LOF,0.018773933231208476,0.011222208169108384,0.9700038585996832
26097,LOF,0.011216966177898961,0.03195249806265122,0.9568305357594498
26098,LOF,0.07728945871455843,0.010541262682122556,0.912169278603319
26099,LOF,0.02129252786748159,0.011352305205205691,0.9673551669273128
26100,LOF,0.023812714593741964,0.01087467323953842,0.9653126121667196
26101,LOF,0.0476956604758626,0.014155055269347355,0.9381492842547899
26102,LOF,0.020207564994132326,0.01163913167765502,0.9681533033282127
26103,Neutral,0.8817393313414547,0.01691752900953028,0.10134313964901503
26104,LOF,0.08037711903913593,0.023481062387845458,0.8961418185730186
26105,LOF,0.2089480680169173,0.2644707327040802,0.5265811992790024
26106,LOF,0.19371816645147888,0.0996251078462312,0.70665672570229
26107,LOF,0.22687916325164328,0.07978169025329648,0.6933391464950602
26108,LOF,0.2826903955822606,0.09072448855151417,0.6265851158662252
26109,LOF,0.08996300517942198,0.051588965626289396,0.8584480291942885
26110,LOF,0.20899077894077886,0.007495800572141278,0.7835134204870798
26111,Neutral,0.494905173070787,0.023815227364485315,0.4812795995647276
26112,LOF,0.03349657647425251,0.008076263736527093,0.9584271597892204
26113,LOF,0.06788656532895762,0.018533070728414036,0.9135803639426283
26114,LOF,0.023766082165712507,0.03234678562933414,0.9438871322049533
26115,LOF,0.0900163152728396,0.061762374050763305,0.8482213106763972
26116,LOF,0.06265003828581758,0.06677168389599991,0.8705782778181825
26117,LOF,0.4288207139952455,0.04229939415804425,0.5288798918467102
26118,LOF,0.0329435961902625,0.02583253112214048,0.9412238726875971
26119,LOF,0.021794044762605463,0.034592053576735275,0.9436139016606594
26120,LOF,0.02607202161330226,0.022110277315983758,0.951817701070714
26121,LOF,0.044296291085681755,0.08731654237692665,0.8683871665373916
26122,LOF,0.04141020994435519,0.033930532403419845,0.9246592576522249
